county,administered_date,total_doses,cumulative_total_doses,pfizer_doses,cumulative_pfizer_doses,moderna_doses,cumulative_moderna_doses,jj_doses,cumulative_jj_doses,partially_vaccinated,total_partially_vaccinated,fully_vaccinated,cumulative_fully_vaccinated,at_least_one_dose,cumulative_at_least_one_dose,california_flag
All CA Counties,2020-12-15,1159,1159,1159,1159,0,0,0,0,1159,1159,0,0,1159,1159,
All CA Counties,2020-12-16,8485,9644,8485,9644,0,0,0,0,8485,9644,0,0,8485,9644,
All CA Counties,2020-12-17,26551,36195,26551,36195,0,0,0,0,26553,36197,0,0,26553,36197,
All CA Counties,2020-12-18,45239,81434,45179,81374,60,60,0,0,45239,81435,1,1,45239,81436,
All CA Counties,2020-12-19,25511,106945,25485,106859,26,86,0,0,25510,106944,1,2,25510,106946,
All CA Counties,2020-12-20,19128,126073,19096,125955,32,118,0,0,19126,126068,2,4,19126,126072,
All CA Counties,2020-12-21,49792,175865,49699,175654,93,211,0,0,49793,175859,3,7,49794,175866,
All CA Counties,2020-12-22,50200,226065,48057,223711,2143,2354,0,0,50192,226045,6,13,50192,226058,
All CA Counties,2020-12-23,50759,276824,41935,265646,8824,11178,0,0,50752,276794,6,19,50755,276813,
All CA Counties,2020-12-24,24119,300943,16358,282004,7761,18939,0,0,24114,300905,5,24,24116,300929,
All CA Counties,2020-12-25,2347,303290,2022,284026,325,19264,0,0,2347,303252,0,24,2347,303276,
All CA Counties,2020-12-26,14640,317930,9476,293502,5164,24428,0,0,14638,317888,2,26,14638,317914,
All CA Counties,2020-12-27,9473,327403,5612,299114,3861,28289,0,0,9470,327355,3,29,9470,327384,
All CA Counties,2020-12-28,46204,373607,29583,328697,16621,44910,0,0,46201,373553,3,32,46201,373585,
All CA Counties,2020-12-29,51408,425015,28630,357327,22778,67688,0,0,51401,424950,4,36,51401,424986,
All CA Counties,2020-12-30,63188,488203,35660,392987,27528,95216,0,0,63176,488120,9,45,63179,488165,
All CA Counties,2020-12-31,29604,517807,10950,403937,18654,113870,0,0,29582,517683,20,65,29583,517748,
All CA Counties,2021-01-01,4694,522501,2131,406068,2563,116433,0,0,4686,522362,7,72,4686,522434,
All CA Counties,2021-01-02,18546,541047,10262,416330,8284,124717,0,0,18541,540901,2,74,18541,540975,
All CA Counties,2021-01-03,6200,547247,3508,419838,2692,127409,0,0,6166,547054,13,87,6166,547141,
All CA Counties,2021-01-04,43674,590921,22029,441867,21645,149054,0,0,43594,590608,40,127,43594,590735,
All CA Counties,2021-01-05,56757,647678,29937,471804,26820,175874,0,0,51085,636182,5610,5737,51184,641919,
All CA Counties,2021-01-06,73667,721345,40651,512455,33016,208890,0,0,57929,678593,15558,21295,57969,699888,
All CA Counties,2021-01-07,92772,814117,52843,565298,39929,248819,0,0,61094,708244,31503,52798,61154,761042,
All CA Counties,2021-01-08,107492,921609,64697,629995,42795,291614,0,0,65413,731793,41936,94734,65485,826527,
All CA Counties,2021-01-09,44650,966259,25731,655726,18919,310533,0,0,27940,743079,16683,111417,27969,854496,
All CA Counties,2021-01-10,24470,990729,14963,670689,9507,320040,0,0,13158,744962,11294,122711,13177,867673,
All CA Counties,2021-01-11,105037,1095766,69909,740598,35128,355168,0,0,60928,762007,44061,166772,61106,928779,
All CA Counties,2021-01-12,114329,1210095,67806,808404,46523,401691,0,0,72780,793591,41442,208214,73026,1001805,
All CA Counties,2021-01-13,119916,1330011,62307,870711,57609,459300,0,0,85865,845585,33961,242175,85955,1087760,
All CA Counties,2021-01-14,124770,1454781,50059,920770,74711,534011,0,0,104958,931024,19706,261881,105145,1192905,
All CA Counties,2021-01-15,142578,1597359,52122,972892,90456,624467,0,0,127282,1043348,15196,277077,127520,1320425,
All CA Counties,2021-01-16,81012,1678371,27416,1000308,53596,678063,0,0,73370,1109161,7612,284689,73425,1393850,
All CA Counties,2021-01-17,48359,1726730,16907,1017215,31452,709515,0,0,44665,1150190,3681,288370,44710,1438560,
All CA Counties,2021-01-18,88441,1815171,46116,1063331,42325,751840,0,0,68999,1200002,19367,307737,69179,1507739,
All CA Counties,2021-01-19,142415,1957586,73442,1136773,68973,820813,0,0,111144,1280306,31171,338908,111475,1619214,
All CA Counties,2021-01-20,163750,2121336,84614,1221387,79136,899949,0,0,129435,1375950,34065,372973,129709,1748923,
All CA Counties,2021-01-21,176072,2297408,78812,1300199,97260,997209,0,0,156345,1513185,19493,392466,156728,1905651,
All CA Counties,2021-01-22,170858,2468266,69752,1369951,101106,1098315,0,0,156311,1655252,14404,406870,156471,2062122,
All CA Counties,2021-01-23,112037,2580303,49493,1419444,62544,1160859,0,0,99393,1742193,12576,419446,99517,2161639,
All CA Counties,2021-01-24,61225,2641528,29425,1448869,31800,1192659,0,0,56513,1794100,4673,424119,56580,2218219,
All CA Counties,2021-01-25,145833,2787361,65595,1514464,80238,1272897,0,0,110352,1869505,35332,459451,110737,2328956,
All CA Counties,2021-01-26,169713,2957074,83143,1597607,86570,1359467,0,0,131676,1963570,37884,497335,131949,2460905,
All CA Counties,2021-01-27,183408,3140482,87941,1685548,95467,1454934,0,0,143371,2067477,39687,537022,143594,2604499,
All CA Counties,2021-01-28,188888,3329370,86935,1772483,101953,1556887,0,0,154290,2187728,34278,571300,154529,2759028,
All CA Counties,2021-01-29,184687,3514057,88407,1860890,96280,1653167,0,0,149440,2302753,34599,605899,149624,2908652,
All CA Counties,2021-01-30,124600,3638657,55566,1916456,69034,1722201,0,0,108989,2396465,15429,621328,109141,3017793,
All CA Counties,2021-01-31,69190,3707847,38401,1954857,30789,1752990,0,0,64134,2455660,4997,626325,64192,3081985,
All CA Counties,2021-02-01,162619,3870466,75907,2030764,86712,1839702,0,0,121230,2535834,41187,667512,121361,3203346,
All CA Counties,2021-02-02,186440,4056906,78337,2109101,108103,1947805,0,0,141295,2632518,44837,712349,141521,3344867,
All CA Counties,2021-02-03,212467,4269373,96092,2205193,116375,2064180,0,0,157343,2735543,54573,766922,157598,3502465,
All CA Counties,2021-02-04,229521,4498894,100534,2305727,128987,2193167,0,0,168113,2843216,60806,827728,168479,3670944,
All CA Counties,2021-02-05,247499,4746393,106902,2412629,140597,2333764,0,0,167865,2932862,78770,906498,168416,3839360,
All CA Counties,2021-02-06,156041,4902434,75014,2487643,81027,2414791,0,0,121017,3019587,34789,941287,121514,3960874,
All CA Counties,2021-02-07,67037,4969471,43326,2530969,23711,2438502,0,0,50512,3054121,16429,957716,50963,4011837,
All CA Counties,2021-02-08,181690,5151161,89247,2620216,92443,2530945,0,0,119667,3113010,61533,1019249,120422,4132259,
All CA Counties,2021-02-09,212190,5363351,102057,2722273,110133,2641078,0,0,126828,3156448,84553,1103802,127991,4260250,
All CA Counties,2021-02-10,250315,5613666,120310,2842583,130005,2771083,0,0,137347,3183208,112074,1215876,138834,4399084,
All CA Counties,2021-02-11,267168,5880834,132044,2974627,135124,2906207,0,0,144409,3207916,121513,1337389,146221,4545305,
All CA Counties,2021-02-12,274614,6155448,120138,3094765,154476,3060683,0,0,147572,3231857,126025,1463414,149966,4695271,
All CA Counties,2021-02-13,168839,6324287,78134,3172899,90705,3151388,0,0,93049,3251494,75369,1538783,95006,4790277,
All CA Counties,2021-02-14,96111,6420398,47934,3220833,48177,3199565,0,0,51815,3260752,44103,1582886,53361,4843638,
All CA Counties,2021-02-15,143367,6563765,62826,3283659,80541,3280106,0,0,79085,3279114,63857,1646743,82219,4925857,
All CA Counties,2021-02-16,250835,6814600,118951,3402610,131884,3411990,0,0,133862,3299533,116539,1763282,136958,5062815,
All CA Counties,2021-02-17,261096,7075696,130054,3532664,131042,3543032,0,0,129561,3301407,130906,1894188,132780,5195595,
All CA Counties,2021-02-18,275392,7351088,143553,3676217,131839,3674871,0,0,132888,3296857,141681,2035869,137131,5332726,
All CA Counties,2021-02-19,256735,7607823,148772,3824989,107963,3782834,0,0,131927,3306701,124163,2160032,134007,5466733,
All CA Counties,2021-02-20,156580,7764403,99956,3924945,56624,3839458,0,0,85487,3323439,70737,2230769,87475,5554208,
All CA Counties,2021-02-21,86482,7850885,69859,3994804,16623,3856081,0,0,44420,3327652,41755,2272524,45968,5600176,
All CA Counties,2021-02-22,170426,8021311,114202,4109006,56224,3912305,0,0,84412,3328248,85537,2358061,86133,5686309,
All CA Counties,2021-02-23,232637,8253948,122981,4231987,109656,4021961,0,0,107710,3317836,124117,2482178,113705,5800014,
All CA Counties,2021-02-24,288668,8542616,145915,4377902,142753,4164714,0,0,136625,3310744,151272,2633450,144180,5944194,
All CA Counties,2021-02-25,324731,8867347,160231,4538133,164500,4329214,0,0,169864,3335099,154071,2787521,178426,6122620,
All CA Counties,2021-02-26,358495,9225842,167089,4705222,191406,4520620,0,0,199315,3383547,158156,2945677,206604,6329224,
All CA Counties,2021-02-27,254513,9480355,123743,4828965,130742,4651362,28,28,144617,3423408,109202,3054879,149063,6478287,
All CA Counties,2021-02-28,136650,9617005,81161,4910126,55476,4706838,13,41,79662,3449436,56496,3111375,82524,6560811,
All CA Counties,2021-03-01,245896,9862901,130808,5040934,114940,4821778,148,189,141469,3491548,103519,3214894,145631,6706442,
All CA Counties,2021-03-02,291345,10154246,147087,5188021,144226,4966004,32,221,175605,3558947,115128,3330022,182527,6888969,
All CA Counties,2021-03-03,336813,10491059,167825,5355846,168921,5134925,67,288,194659,3619636,141349,3471371,202038,7091007,
All CA Counties,2021-03-04,354847,10845906,179343,5535189,175404,5310329,100,388,208321,3689426,145664,3617035,215454,7306461,
All CA Counties,2021-03-05,342788,11188694,168084,5703273,173569,5483898,1135,1523,213039,3782009,128850,3745885,221433,7527894,
All CA Counties,2021-03-06,260547,11449241,133705,5836978,118972,5602870,7870,9393,161943,3858368,98128,3844013,174487,7702381,
All CA Counties,2021-03-07,129258,11578499,78806,5915784,46262,5649132,4190,13583,80461,3898109,48572,3892585,88313,7790694,
All CA Counties,2021-03-08,222360,11800859,108648,6024432,103202,5752334,10510,24093,145461,3982575,76435,3969020,160901,7951595,
All CA Counties,2021-03-09,294492,12095351,140587,6165019,137963,5890297,15942,40035,164721,4038030,129219,4098239,184674,8136269,
All CA Counties,2021-03-10,326034,12421385,162194,6327213,139242,6029539,24598,64633,176049,4093561,149218,4247457,204749,8341018,
All CA Counties,2021-03-11,380181,12801566,184018,6511231,162687,6192226,33476,98109,194469,4141008,184640,4432097,232087,8573105,
All CA Counties,2021-03-12,398567,13200133,178007,6689238,174142,6366368,46418,144527,194990,4183879,202602,4634699,245473,8818578,
All CA Counties,2021-03-13,286757,13486890,125470,6814708,130082,6496450,31205,175732,155139,4243289,131099,4765798,190509,9009087,
All CA Counties,2021-03-14,156777,13643667,83546,6898254,58107,6554557,15124,190856,78497,4261211,77930,4843728,95852,9104939,
All CA Counties,2021-03-15,292842,13936509,139993,7038247,132138,6686695,20711,211567,158490,4310321,133467,4977195,182577,9287516,
All CA Counties,2021-03-16,372756,14309265,175251,7213498,180043,6866738,17462,229029,215199,4389445,156704,5133899,235828,9523344,
All CA Counties,2021-03-17,387666,14696931,192276,7405774,176669,7043407,18721,247750,239676,4503293,147035,5280934,260883,9784227,
All CA Counties,2021-03-18,405271,15102202,207829,7613603,179048,7222455,18394,266144,239719,4599176,164328,5445262,260211,10044438,
All CA Counties,2021-03-19,414326,15516528,218211,7831814,174248,7396703,21867,288011,239824,4689487,173413,5618675,263724,10308162,
All CA Counties,2021-03-20,297389,15813917,156024,7987838,125395,7522098,15970,303981,187791,4785916,108821,5727496,205250,10513412,
All CA Counties,2021-03-21,145292,15959209,100333,8088171,37415,7559513,7544,311525,87231,4824449,57620,5785116,96153,10609565,
All CA Counties,2021-03-22,275752,16234961,160752,8248923,103755,7663268,11245,322770,178956,4921774,95914,5881030,193239,10802804,
All CA Counties,2021-03-23,360327,16595288,198881,8447804,150343,7813611,11103,333873,220598,5017350,138714,6019744,234290,11037094,
All CA Counties,2021-03-24,389810,16985098,223214,8671018,154036,7967647,12560,346433,225418,5094374,163022,6182766,240046,11277140,
All CA Counties,2021-03-25,420394,17405492,231795,8902813,173685,8141332,14914,361347,237405,5167281,181540,6364306,254447,11531587,
All CA Counties,2021-03-26,437298,17842790,233827,9136640,187254,8328586,16217,377564,235541,5221456,200400,6564706,254575,11786162,
All CA Counties,2021-03-27,314781,18157571,167102,9303742,135860,8464446,11819,389383,158431,5238513,155425,6720131,172482,11958644,
All CA Counties,2021-03-28,170282,18327853,109453,9413195,57224,8521670,3605,392988,88704,5252098,81077,6801208,94662,12053306,
All CA Counties,2021-03-29,312286,18640139,167790,9580985,135341,8657011,9155,402143,173167,5298674,138236,6939444,184812,12238118,
All CA Counties,2021-03-30,400656,19040795,202899,9783884,179417,8836428,18340,420483,224681,5368343,175088,7114532,244757,12482875,
All CA Counties,2021-03-31,428580,19469375,232757,10016641,173822,9010250,22001,442484,237739,5439410,189654,7304186,260721,12743596,
All CA Counties,2021-04-01,494894,19964269,253122,10269763,200860,9211110,40912,483396,271859,5531762,221432,7525618,313784,13057380,
All CA Counties,2021-04-02,476412,20440681,232122,10501885,200827,9411937,43463,526859,258141,5618002,216880,7742498,303120,13360500,
All CA Counties,2021-04-03,330907,20771588,168666,10670551,120628,9532565,41613,568472,164763,5659998,165414,7907912,207410,13567910,
All CA Counties,2021-04-04,132773,20904361,69280,10739831,44398,9576963,19095,587567,58108,5662990,74306,7982218,77298,13645208,
All CA Counties,2021-04-05,355175,21259536,183045,10922876,132108,9709071,40022,627589,174282,5699554,180099,8162317,216663,13861871,
All CA Counties,2021-04-06,459839,21719375,233107,11155983,160946,9870017,65786,693375,222497,5753318,236306,8398623,290070,14151941,
All CA Counties,2021-04-07,475348,22194723,246864,11402847,158207,10028224,70277,763652,230635,5811513,243627,8642250,301822,14453763,
All CA Counties,2021-04-08,502068,22696791,253303,11656150,163956,10192180,84809,848461,235791,5869247,264946,8907196,322680,14776443,
All CA Counties,2021-04-09,498034,23194825,248190,11904340,169432,10361612,80412,928873,228755,5913210,268083,9175279,312046,15088489,
All CA Counties,2021-04-10,370492,23565317,168838,12073178,127046,10488658,74608,1003481,155257,5931245,214400,9389679,232435,15320924,
All CA Counties,2021-04-11,188732,23754049,105782,12178960,48846,10537504,34104,1037585,77812,5935414,110527,9500206,114696,15435620,
All CA Counties,2021-04-12,342072,24096121,175797,12354757,127916,10665420,38359,1075944,157761,5951812,183227,9683433,199625,15635245,
All CA Counties,2021-04-13,435501,24531622,243835,12598592,190703,10856123,963,1076907,242961,6007348,191402,9874835,246938,15882183,
All CA Counties,2021-04-14,455737,24987359,255579,12854171,199864,11055987,294,1077201,237234,6032212,217182,10092017,242046,16124229,
All CA Counties,2021-04-15,496420,25483779,289223,13143394,206893,11262880,304,1077505,277378,6095334,217402,10309419,280524,16404753,
All CA Counties,2021-04-16,481110,25964889,270567,13413961,210229,11473109,314,1077819,256200,6130850,223436,10532855,258952,16663705,
All CA Counties,2021-04-17,346853,26311742,194027,13607988,152759,11625868,67,1077886,197326,6182867,148540,10681395,200557,16864262,
All CA Counties,2021-04-18,161756,26473498,104090,13712078,57648,11683516,18,1077904,82860,6190373,78413,10759808,85919,16950181,
All CA Counties,2021-04-19,323621,26797119,186087,13898165,137434,11820950,100,1078004,152926,6175618,169647,10929455,154892,17105073,
All CA Counties,2021-04-20,419532,27216651,226739,14124904,192712,12013662,81,1078085,208132,6176738,210177,11139632,211297,17316370,
All CA Counties,2021-04-21,440481,27657132,254705,14379609,185504,12199166,272,1078357,211622,6164929,227139,11366771,215330,17531700,
All CA Counties,2021-04-22,456399,28113531,262557,14642166,193760,12392926,82,1078439,203540,6120514,251281,11618052,206866,17738566,
All CA Counties,2021-04-23,448781,28562312,257870,14900036,190818,12583744,93,1078532,203491,6083737,243738,11861790,206961,17945527,
All CA Counties,2021-04-24,326489,28888801,205247,15105283,121058,12704802,184,1078716,165931,6093603,159528,12021318,169394,18114921,
All CA Counties,2021-04-25,150763,29039564,98786,15204069,51901,12756703,76,1078792,80510,6105922,69740,12091058,82059,18196980,
All CA Counties,2021-04-26,305513,29345077,177691,15381760,126266,12882969,1556,1080348,133501,6074574,170919,12261977,139571,18336551,
All CA Counties,2021-04-27,373551,29718628,207308,15589068,159596,13042565,6647,1086995,151055,6014203,221255,12483232,160884,18497435,
All CA Counties,2021-04-28,359617,30078245,207753,15796821,143920,13186485,7944,1094939,148498,5963131,209879,12693111,158807,18656242,
All CA Counties,2021-04-29,368991,30447236,214210,16011031,146832,13333317,7949,1102888,136171,5877629,231502,12924613,146000,18802242,
All CA Counties,2021-04-30,381651,30828887,220033,16231064,152651,13485968,8967,1111855,145758,5799883,234464,13159077,156718,18958960,
All CA Counties,2021-05-01,248913,31077800,158865,16389929,83918,13569886,6130,1117985,90356,5741001,157597,13316674,98715,19057675,
All CA Counties,2021-05-02,117115,31194915,81848,16471777,31378,13601264,3889,1121874,40956,5710496,75719,13392393,45214,19102889,
All CA Counties,2021-05-03,254374,31449289,156102,16627879,89481,13690745,8791,1130665,77678,5622099,175757,13568150,87360,19190249,
All CA Counties,2021-05-04,333870,31783159,205184,16833063,118860,13809605,9826,1140491,98835,5498060,233886,13802036,109847,19300096,
All CA Counties,2021-05-05,338437,32121596,212034,17045097,116311,13925916,10092,1150583,95800,5363716,241307,14043343,106963,19407059,
All CA Counties,2021-05-06,355385,32476981,233255,17278352,111574,14037490,10556,1161139,90422,5203980,263215,14306558,103479,19510538,
All CA Counties,2021-05-07,352695,32829676,221556,17499908,121237,14158727,9902,1171041,96082,5056074,255147,14561705,107241,19617779,
All CA Counties,2021-05-08,233412,33063088,148858,17648766,77585,14236312,6969,1178010,64386,4960892,168010,14729715,72828,19690607,
All CA Counties,2021-05-09,95414,33158502,72334,17721100,20106,14256418,2974,1180984,25125,4919495,69942,14799657,28545,19719152,
All CA Counties,2021-05-10,206382,33364884,118455,17839555,80043,14336461,7884,1188868,51123,4825428,154383,14954040,60316,19779468,
All CA Counties,2021-05-11,274334,33639218,156612,17996167,109059,14445520,8663,1197531,72552,4707672,200771,15154811,83015,19862483,
All CA Counties,2021-05-12,271735,33910953,158600,18154767,104011,14549531,9124,1206655,72989,4593309,197632,15352443,83269,19945752,
All CA Counties,2021-05-13,316970,34227923,204919,18359686,104633,14654164,7418,1214073,119460,4526538,196314,15548757,129543,20075295,
All CA Counties,2021-05-14,340562,34568485,218699,18578385,112942,14767106,8921,1222994,132943,4464184,206306,15755063,143952,20219247,
All CA Counties,2021-05-15,280213,34848698,195806,18774191,78395,14845501,6012,1229006,115515,4422940,163761,15918824,122517,20341764,
All CA Counties,2021-05-16,141329,34990027,108359,18882550,30018,14875519,2952,1231958,57710,4400880,83133,16001957,61073,20402837,
All CA Counties,2021-05-17,240209,35230236,158229,19040779,74563,14950082,7417,1239375,95212,4360311,144071,16146028,103502,20506339,
All CA Counties,2021-05-18,281645,35511881,171900,19212679,102341,15052423,7404,1246779,109924,4308472,170575,16316603,118736,20625075,
All CA Counties,2021-05-19,275268,35787149,172043,19384722,95659,15148082,7566,1254345,112655,4268295,161529,16478132,121352,20746427,
All CA Counties,2021-05-20,263553,36050702,157550,19542272,97861,15245943,8142,1262487,100316,4216241,162050,16640182,109996,20856423,
All CA Counties,2021-05-21,282250,36332952,173645,19715917,100650,15346593,7955,1270442,106329,4157154,174605,16814787,115518,20971941,
All CA Counties,2021-05-22,204357,36537309,135295,19851212,62838,15409431,6224,1276666,87144,4135264,116397,16931184,94507,21066448,
All CA Counties,2021-05-23,89673,36626982,62865,19914077,24111,15433542,2697,1279363,38628,4126360,50612,16981796,41708,21108156,
All CA Counties,2021-05-24,171139,36798121,100543,20014620,62273,15495815,8323,1287686,64866,4094963,105435,17087231,74038,21182194,
All CA Counties,2021-05-25,189538,36987659,111205,20125825,70291,15566106,8042,1295728,71675,4058997,116815,17204046,80849,21263043,
All CA Counties,2021-05-26,184422,37172081,106162,20231987,70403,15636509,7857,1303585,71552,4027370,111750,17315796,80123,21343166,
All CA Counties,2021-05-27,172152,37344233,98424,20330411,65232,15701741,8496,1312081,69153,4003951,102135,17417931,78716,21421882,
All CA Counties,2021-05-28,188570,37532803,108757,20439168,72696,15774437,7117,1319198,81206,3987029,106365,17524296,89443,21511325,
All CA Counties,2021-05-29,106821,37639624,65571,20504739,37423,15811860,3827,1323025,49817,3984721,56452,17580748,54144,21565469,
All CA Counties,2021-05-30,47029,37686653,31045,20535784,13527,15825387,2457,1325482,20579,3981772,26201,17606949,23252,21588721,
All CA Counties,2021-05-31,19786,37706439,11653,20547437,7159,15832546,974,1326456,6429,3976097,13192,17620141,7517,21596238,
All CA Counties,2021-06-01,168146,37874585,98104,20645541,62958,15895504,7084,1333540,59419,3935763,107723,17727864,67389,21663627,
All CA Counties,2021-06-02,142572,38017157,84326,20729867,51139,15946643,7107,1340647,53784,3909439,87873,17815737,61549,21725176,
All CA Counties,2021-06-03,170710,38187867,116771,20846638,46887,15993530,7052,1347699,51824,3851289,118027,17933764,59877,21785053,
All CA Counties,2021-06-04,199205,38387072,140322,20986960,52694,16046224,6189,1353888,59464,3780103,138674,18072438,67488,21852541,
All CA Counties,2021-06-05,157217,38544289,118678,21105638,32906,16079130,5633,1359521,43565,3717385,112862,18185300,50144,21902685,
All CA Counties,2021-06-06,63778,38608067,53740,21159378,7826,16086956,2212,1361733,16923,3690759,46560,18231860,19934,21922619,
All CA Counties,2021-06-07,136399,38744466,100173,21259551,30358,16117314,5868,1367601,40102,3641759,95681,18327541,46681,21969300,
All CA Counties,2021-06-08,158012,38902478,114728,21374279,36500,16153814,6784,1374385,46829,3586128,110272,18437813,54641,22023941,
All CA Counties,2021-06-09,152158,39054636,110717,21484996,34688,16188502,6753,1381138,42186,3526825,109148,18546961,49845,22073786,
All CA Counties,2021-06-10,146472,39201108,105509,21590505,33631,16222133,7332,1388470,42905,3475266,102839,18649800,51280,22125066,
All CA Counties,2021-06-11,158788,39359896,111545,21702050,40524,16262657,6719,1395189,49323,3423643,108568,18758368,56945,22182011,
All CA Counties,2021-06-12,114694,39474590,86928,21788978,24054,16286711,3712,1398901,32694,3379258,81451,18839819,37066,22219077,
All CA Counties,2021-06-13,44680,39519270,33305,21822283,9325,16296036,2050,1400951,11075,3359415,33359,18873178,13516,22232593,
All CA Counties,2021-06-14,115137,39634407,81862,21904145,26525,16322561,6750,1407701,37783,3327817,76741,18949919,45143,22277736,
All CA Counties,2021-06-15,131547,39765954,88836,21992981,33936,16356497,8775,1416476,43950,3294696,86739,19036658,53618,22331354,
All CA Counties,2021-06-16,120644,39886598,84957,22077938,27987,16384484,7700,1424176,41452,3266148,78443,19115101,49895,22381249,
All CA Counties,2021-06-17,113962,40000560,79051,22156989,27079,16411563,7832,1432008,40169,3241726,73053,19188154,48631,22429880,
All CA Counties,2021-06-18,128423,40128983,89021,22246010,31935,16443498,7467,1439475,45963,3214333,81576,19269730,54183,22484063,
All CA Counties,2021-06-19,76407,40205390,55537,22301547,16868,16460366,4002,1443477,28630,3200287,47183,19316913,33137,22517200,
All CA Counties,2021-06-20,30617,40236007,23059,22324606,6207,16466573,1351,1444828,11499,3194452,18901,19335814,13066,22530266,
All CA Counties,2021-06-21,71101,40307108,44590,22369196,20516,16487089,5995,1450823,36455,3203158,34261,19370075,42967,22573233,
All CA Counties,2021-06-22,100226,40407334,70038,22439234,24328,16511417,5860,1456683,39004,3188055,60625,19430700,45522,22618755,
All CA Counties,2021-06-23,93656,40500990,66185,22505419,21759,16533176,5712,1462395,38111,3177497,54975,19485675,44417,22663172,
All CA Counties,2021-06-24,90719,40591709,63429,22568848,21761,16554937,5529,1467924,36690,3166886,53393,19539068,42782,22705954,
All CA Counties,2021-06-25,104747,40696456,74271,22643119,25179,16580116,5297,1473221,42714,3154080,61406,19600474,48600,22754554,
All CA Counties,2021-06-26,67331,40763787,50838,22693957,13430,16593546,3063,1476284,27728,3146184,39239,19639713,31343,22785897,
All CA Counties,2021-06-27,31375,40795162,24128,22718085,5720,16599266,1527,1477811,13364,3143465,17836,19657549,15117,22801014,
All CA Counties,2021-06-28,71295,40866457,55299,22773384,11659,16610925,4337,1482148,31150,3139694,39698,19697247,35927,22836941,
All CA Counties,2021-06-29,82942,40949399,58942,22832326,19833,16630758,4167,1486315,34841,3131661,47598,19744845,39565,22876506,
All CA Counties,2021-06-30,77570,41026969,55859,22888185,17916,16648674,3795,1490110,34540,3128003,42534,19787379,38876,22915382,
All CA Counties,2021-07-01,71875,41098844,52073,22940258,16019,16664693,3783,1493893,31518,3123872,39936,19827315,35805,22951187,
All CA Counties,2021-07-02,57139,41155983,40985,22981243,13431,16678124,2723,1496616,24730,3119504,32045,19859360,27677,22978864,
All CA and Non-CA Counties,2020-12-15,1168,1168,1168,1168,0,0,0,0,1168,1168,0,0,1168,1168,
All CA and Non-CA Counties,2020-12-16,8760,9928,8760,9928,0,0,0,0,8760,9928,0,0,8760,9928,
All CA and Non-CA Counties,2020-12-17,28143,38071,28143,38071,0,0,0,0,28143,38071,0,0,28143,38071,
All CA and Non-CA Counties,2020-12-18,47771,85842,47704,85775,67,67,0,0,47770,85840,1,1,47770,85841,
All CA and Non-CA Counties,2020-12-19,26545,112387,26518,112293,27,94,0,0,26544,112383,1,2,26544,112385,
All CA and Non-CA Counties,2020-12-20,19805,132192,19770,132063,35,129,0,0,19803,132184,2,4,19803,132188,
All CA and Non-CA Counties,2020-12-21,51966,184158,51870,183933,96,225,0,0,51963,184145,3,7,51964,184152,
All CA and Non-CA Counties,2020-12-22,52259,236417,50041,233974,2218,2443,0,0,52251,236390,6,13,52251,236403,
All CA and Non-CA Counties,2020-12-23,52287,288704,43320,277294,8967,11410,0,0,52279,288665,7,20,52282,288685,
All CA and Non-CA Counties,2020-12-24,24919,313623,16968,294262,7951,19361,0,0,24914,313576,5,25,24916,313601,
All CA and Non-CA Counties,2020-12-25,2382,316005,2052,296314,330,19691,0,0,2382,315958,0,25,2382,315983,
All CA and Non-CA Counties,2020-12-26,14947,330952,9683,305997,5264,24955,0,0,14945,330901,2,27,14945,330928,
All CA and Non-CA Counties,2020-12-27,9662,340614,5684,311681,3978,28933,0,0,9659,340557,3,30,9659,340587,
All CA and Non-CA Counties,2020-12-28,47614,388228,30480,342161,17134,46067,0,0,47610,388164,3,33,47610,388197,
All CA and Non-CA Counties,2020-12-29,52952,441180,29652,371813,23300,69367,0,0,52946,441106,4,37,52946,441143,
All CA and Non-CA Counties,2020-12-30,65117,506297,36934,408747,28183,97550,0,0,65105,506205,9,46,65108,506251,
All CA and Non-CA Counties,2020-12-31,30704,537001,11545,420292,19159,116709,0,0,30680,536865,21,67,30681,536932,
All CA and Non-CA Counties,2021-01-01,4813,541814,2159,422451,2654,119363,0,0,4805,541663,7,74,4805,541737,
All CA and Non-CA Counties,2021-01-02,18791,560605,10396,432847,8395,127758,0,0,18785,560445,3,77,18785,560522,
All CA and Non-CA Counties,2021-01-03,6372,566977,3600,436447,2772,130530,0,0,6338,566770,13,90,6338,566860,
All CA and Non-CA Counties,2021-01-04,44821,611798,22540,458987,22281,152811,0,0,44735,611464,41,131,44735,611595,
All CA and Non-CA Counties,2021-01-05,58305,670103,30758,489745,27547,180358,0,0,52440,658203,5801,5932,52540,664135,
All CA and Non-CA Counties,2021-01-06,76336,746439,42231,531976,34105,214463,0,0,59867,701824,16286,22218,59907,724042,
All CA and Non-CA Counties,2021-01-07,96948,843387,55434,587410,41514,255977,0,0,63623,732362,33147,55365,63685,787727,
All CA and Non-CA Counties,2021-01-08,111968,955355,67602,655012,44366,300343,0,0,68027,756674,43790,99155,68102,855829,
All CA and Non-CA Counties,2021-01-09,45962,1001317,26270,681282,19692,320035,0,0,28924,768618,17011,116166,28955,884784,
All CA and Non-CA Counties,2021-01-10,24787,1026104,15151,696433,9636,329671,0,0,13354,770576,11415,127581,13373,898157,
All CA and Non-CA Counties,2021-01-11,108316,1134420,71922,768355,36394,366065,0,0,62881,788249,45386,172967,63059,961216,
All CA and Non-CA Counties,2021-01-12,118169,1252589,70105,838460,48064,414129,0,0,75081,820604,42976,215943,75331,1036547,
All CA and Non-CA Counties,2021-01-13,123557,1376146,64090,902550,59467,473596,0,0,88328,873887,35139,251082,88422,1124969,
All CA and Non-CA Counties,2021-01-14,128425,1504571,51324,953874,77101,550697,0,0,107967,961706,20338,271420,108157,1233126,
All CA and Non-CA Counties,2021-01-15,146761,1651332,53124,1006998,93637,644334,0,0,130988,1077271,15661,287081,131226,1364352,
All CA and Non-CA Counties,2021-01-16,83660,1734992,27813,1034811,55847,700181,0,0,75842,1145382,7786,294867,75897,1440249,
All CA and Non-CA Counties,2021-01-17,48869,1783861,17063,1051874,31806,731987,0,0,45126,1186823,3730,298597,45171,1485420,
All CA and Non-CA Counties,2021-01-18,89684,1873545,46941,1098815,42743,774730,0,0,69783,1236962,19825,318422,69964,1555384,
All CA and Non-CA Counties,2021-01-19,146525,2020070,74802,1173617,71723,846453,0,0,114350,1319573,32073,350495,114684,1670068,
All CA and Non-CA Counties,2021-01-20,168259,2188329,86120,1259737,82139,928592,0,0,132949,1417741,35056,385551,133224,1803292,
All CA and Non-CA Counties,2021-01-21,180352,2368681,80033,1339770,100319,1028911,0,0,160047,1558115,20056,405607,160430,1963722,
All CA and Non-CA Counties,2021-01-22,175512,2544193,70881,1410651,104631,1133542,0,0,160542,1704002,14817,420424,160704,2124426,
All CA and Non-CA Counties,2021-01-23,114336,2658529,49845,1460496,64491,1198033,0,0,101518,1792897,12747,433171,101642,2226068,
All CA and Non-CA Counties,2021-01-24,61828,2720357,29679,1490175,32149,1230182,0,0,57036,1845246,4754,437925,57103,2283171,
All CA and Non-CA Counties,2021-01-25,150415,2870772,67584,1557759,82831,1313013,0,0,114056,1923488,36201,474126,114443,2397614,
All CA and Non-CA Counties,2021-01-26,175871,3046643,86162,1643921,89709,1402722,0,0,136961,2021970,38759,512885,137241,2534855,
All CA and Non-CA Counties,2021-01-27,188578,3235221,90694,1734615,97884,1500606,0,0,147892,2129757,40330,553215,148117,2682972,
All CA and Non-CA Counties,2021-01-28,194302,3429523,89915,1824530,104387,1604993,0,0,159101,2254223,34874,588089,159340,2842312,
All CA and Non-CA Counties,2021-01-29,189736,3619259,91603,1916133,98133,1703126,0,0,153678,2372680,35407,623496,153864,2996176,
All CA and Non-CA Counties,2021-01-30,129049,3748308,57997,1974130,71052,1774178,0,0,113205,2470375,15663,639159,113358,3109534,
All CA and Non-CA Counties,2021-01-31,72481,3820789,41263,2015393,31218,1805396,0,0,67362,2532738,5059,644218,67422,3176956,
All CA and Non-CA Counties,2021-02-01,168289,3989078,78570,2093963,89719,1895115,0,0,126158,2617105,41922,686140,126289,3303245,
All CA and Non-CA Counties,2021-02-02,193401,4182479,80628,2174591,112773,2007888,0,0,147510,2719272,45569,731709,147736,3450981,
All CA and Non-CA Counties,2021-02-03,220021,4402500,98243,2272834,121778,2129666,0,0,163991,2828050,55469,787178,164247,3615228,
All CA and Non-CA Counties,2021-02-04,236510,4639010,102768,2375602,133742,2263408,0,0,174055,2940635,61837,849015,174422,3789650,
All CA and Non-CA Counties,2021-02-05,254355,4893365,109150,2484752,145205,2408613,0,0,173607,3034918,79875,928890,174158,3963808,
All CA and Non-CA Counties,2021-02-06,160499,5053864,77202,2561954,83297,2491910,0,0,124996,3125156,35258,964148,125496,4089304,
All CA and Non-CA Counties,2021-02-07,69270,5123134,45162,2607116,24108,2516018,0,0,52655,3161747,16517,980665,53108,4142412,
All CA and Non-CA Counties,2021-02-08,187047,5310181,92634,2699750,94413,2610431,0,0,123919,3223794,62627,1043292,124674,4267086,
All CA and Non-CA Counties,2021-02-09,216499,5526680,103992,2803742,112507,2722938,0,0,129799,3268892,85878,1129170,130976,4398062,
All CA and Non-CA Counties,2021-02-10,256024,5782704,122295,2926037,133729,2856667,0,0,140548,3296402,114566,1243736,142076,4540138,
All CA and Non-CA Counties,2021-02-11,272160,6054864,134410,3060447,137750,2994417,0,0,148001,3323336,122897,1366633,149831,4689969,
All CA and Non-CA Counties,2021-02-12,279976,6334840,122149,3182596,157827,3152244,0,0,151028,3348849,127913,1494546,153426,4843395,
All CA and Non-CA Counties,2021-02-13,171292,6506132,78879,3261475,92413,3244657,0,0,94911,3369773,75956,1570502,96880,4940275,
All CA and Non-CA Counties,2021-02-14,97485,6603617,48364,3309839,49121,3293778,0,0,52929,3379896,44354,1614856,54477,4994752,
All CA and Non-CA Counties,2021-02-15,146064,6749681,64483,3374322,81581,3375359,0,0,80383,3398179,65237,1680093,83520,5078272,
All CA and Non-CA Counties,2021-02-16,257441,7007122,121971,3496293,135470,3510829,0,0,136492,3417275,120497,1800590,139593,5217865,
All CA and Non-CA Counties,2021-02-17,267201,7274323,133167,3629460,134034,3644863,0,0,131425,3416790,135134,1935724,134649,5352514,
All CA and Non-CA Counties,2021-02-18,282176,7556499,147499,3776959,134677,3779540,0,0,135000,3409718,146316,2082040,139244,5491758,
All CA and Non-CA Counties,2021-02-19,262840,7819339,153050,3930009,109790,3889330,0,0,134453,3418524,127729,2209769,136535,5628293,
All CA and Non-CA Counties,2021-02-20,160117,7979456,102826,4032835,57291,3946621,0,0,86768,3434295,72986,2282755,88757,5717050,
All CA and Non-CA Counties,2021-02-21,89610,8069066,72753,4105588,16857,3963478,0,0,45343,3437240,43946,2326701,46891,5763941,
All CA and Non-CA Counties,2021-02-22,174175,8243241,116959,4222547,57216,4020694,0,0,86105,3437486,87585,2414286,87831,5851772,
All CA and Non-CA Counties,2021-02-23,239501,8482742,126684,4349231,112817,4133511,0,0,110175,3425265,128407,2542693,116186,5967958,
All CA and Non-CA Counties,2021-02-24,295456,8778198,149574,4498805,145882,4279393,0,0,139132,3416456,155501,2698194,146692,6114650,
All CA and Non-CA Counties,2021-02-25,331740,9109938,163799,4662604,167941,4447334,0,0,172966,3440047,157941,2856135,181532,6296182,
All CA and Non-CA Counties,2021-02-26,365418,9475356,170743,4833347,194675,4642009,0,0,202417,3487875,161879,3018014,209707,6505889,
All CA and Non-CA Counties,2021-02-27,260030,9735386,126531,4959878,133470,4775479,29,29,146510,3526036,112799,3130813,150960,6656849,
All CA and Non-CA Counties,2021-02-28,139114,9874500,82942,5042820,56158,4831637,14,43,80477,3551240,58138,3188951,83342,6740191,
All CA and Non-CA Counties,2021-03-01,250930,10125430,133998,5176818,116783,4948420,149,192,142862,3591125,107145,3296096,147030,6887221,
All CA and Non-CA Counties,2021-03-02,298114,10423544,149598,5326416,148484,5096904,32,224,177692,3655952,119789,3415885,184616,7071837,
All CA and Non-CA Counties,2021-03-03,344791,10768335,170973,5497389,173749,5270653,69,293,197371,3714118,146589,3562474,204755,7276592,
All CA and Non-CA Counties,2021-03-04,361749,11130084,182302,5679691,179340,5449993,107,400,210660,3781720,150200,3712674,217802,7494394,
All CA and Non-CA Counties,2021-03-05,348114,11478198,170774,5850465,176190,5626183,1150,1550,215802,3874540,131399,3844073,224219,7718613,
All CA and Non-CA Counties,2021-03-06,265178,11743376,135863,5986328,121289,5747472,8026,9576,164296,3951143,100402,3944475,177005,7895618,
All CA and Non-CA Counties,2021-03-07,130869,11874245,79839,6066167,46784,5794256,4246,13822,81436,3991286,49203,3993678,89346,7984964,
All CA and Non-CA Counties,2021-03-08,225533,12099778,110531,6176698,104240,5898496,10762,24584,147685,4077317,77354,4071032,163385,8148349,
All CA and Non-CA Counties,2021-03-09,299256,12399034,143041,6319739,139953,6038449,16262,40846,167517,4133931,131176,4202208,187790,8336139,
All CA and Non-CA Counties,2021-03-10,330533,12729567,164350,6484089,141067,6179516,25116,65962,178783,4190968,150969,4353177,208006,8544145,
All CA and Non-CA Counties,2021-03-11,386445,13116012,187220,6671309,165053,6344569,34172,100134,197775,4239476,187581,4540758,236089,8780234,
All CA and Non-CA Counties,2021-03-12,405145,13521157,181964,6853273,176029,6520598,47152,147286,198558,4283659,205590,4746348,249773,9030007,
All CA and Non-CA Counties,2021-03-13,290599,13811756,127673,6980946,131246,6651844,31680,178966,157740,4344915,132328,4878676,193584,9223591,
All CA and Non-CA Counties,2021-03-14,158596,13970352,84481,7065427,58648,6710492,15467,194433,79483,4363339,78756,4957432,97180,9320771,
All CA and Non-CA Counties,2021-03-15,296931,14267283,142134,7207561,133612,6844104,21185,215618,160662,4413191,135373,5092805,185225,9505996,
All CA and Non-CA Counties,2021-03-16,380374,14647657,179667,7387228,182850,7026954,17857,233475,219381,4493473,160117,5252922,240399,9746395,
All CA and Non-CA Counties,2021-03-17,396189,15043846,197789,7585017,179298,7206252,19102,252577,244778,4609400,150440,5403362,266367,10012762,
All CA and Non-CA Counties,2021-03-18,413650,15457496,213006,7798023,181702,7387954,18942,271519,244536,4707100,167875,5571237,265575,10278337,
All CA and Non-CA Counties,2021-03-19,421706,15879202,222595,8020618,176698,7564652,22413,293932,244217,4799381,176386,5747623,268667,10547004,
All CA and Non-CA Counties,2021-03-20,302183,16181385,159182,8179800,126940,7691592,16061,309993,191438,4898419,109951,5857574,208989,10755993,
All CA and Non-CA Counties,2021-03-21,147405,16328790,101780,8281580,37992,7729584,7633,317626,88911,4938292,58048,5915622,97921,10853914,
All CA and Non-CA Counties,2021-03-22,279071,16607861,162758,8444338,104979,7834563,11334,328960,181220,5036929,96954,6012576,195591,11049505,
All CA and Non-CA Counties,2021-03-23,366472,16974333,202011,8646349,153047,7987610,11414,340374,224728,5134963,140697,6153273,238731,11288236,
All CA and Non-CA Counties,2021-03-24,397184,17371517,226994,8873343,157181,8144791,13009,353383,230479,5215196,165321,6318594,245554,11533790,
All CA and Non-CA Counties,2021-03-25,428691,17800208,235645,9108988,177606,8322397,15440,368823,243411,5292367,183809,6502403,260980,11794770,
All CA and Non-CA Counties,2021-03-26,444026,18244234,237383,9346371,190242,8512639,16401,385224,239965,5348878,202670,6705073,259181,12053951,
All CA and Non-CA Counties,2021-03-27,320363,18564597,170228,9516599,138095,8650734,12040,397264,161927,5367574,157500,6862573,176196,12230147,
All CA and Non-CA Counties,2021-03-28,173382,18737979,111113,9627712,58503,8709237,3766,401030,90701,5382224,82170,6944743,96820,12326967,
All CA and Non-CA Counties,2021-03-29,317528,19055507,170118,9797830,137907,8847144,9503,410533,176163,5429911,140469,7085212,188156,12515123,
All CA and Non-CA Counties,2021-03-30,407595,19463102,206553,10004383,182133,9029277,18909,429442,228782,5501436,177909,7263121,249434,12764557,
All CA and Non-CA Counties,2021-03-31,434997,19898099,236589,10240972,175620,9204897,22788,452230,241153,5573704,192648,7455769,264916,13029473,
All CA and Non-CA Counties,2021-04-01,502534,20400633,257703,10498675,203257,9408154,41574,493804,276287,5667939,224628,7680397,318863,13348336,
All CA and Non-CA Counties,2021-04-02,484909,20885542,236641,10735316,203657,9611811,44611,538415,262529,5755612,220976,7901373,308649,13656985,
All CA and Non-CA Counties,2021-04-03,337227,21222769,172453,10907769,122002,9733813,42772,581187,168125,5799179,168363,8069736,211930,13868915,
All CA and Non-CA Counties,2021-04-04,134575,21357344,70166,10977935,45074,9778887,19335,600522,59091,5802574,75122,8144858,78517,13947432,
All CA and Non-CA Counties,2021-04-05,359378,21716722,185087,11163022,133596,9912483,40695,641217,176287,5839625,182285,8327143,219336,14166768,
All CA and Non-CA Counties,2021-04-06,467051,22183773,236980,11400002,162636,10075119,67435,708652,225384,5893616,240610,8567753,294601,14461369,
All CA and Non-CA Counties,2021-04-07,483664,22667437,251548,11651550,160131,10235250,71985,780637,233867,5951672,248696,8816449,306752,14768121,
All CA and Non-CA Counties,2021-04-08,510387,23177824,257680,11909230,165947,10401197,86760,867397,239112,6009679,269930,9086379,327937,15096058,
All CA and Non-CA Counties,2021-04-09,505660,23683484,252095,12161325,171181,10572378,82384,949781,231682,6053848,272763,9359142,316932,15412990,
All CA and Non-CA Counties,2021-04-10,376629,24060113,171844,12333169,128313,10700691,76472,1026253,156948,6070992,218832,9577974,235976,15648966,
All CA and Non-CA Counties,2021-04-11,191611,24251724,107355,12440524,49502,10750193,34754,1061007,78784,6074878,112428,9690402,116314,15765280,
All CA and Non-CA Counties,2021-04-12,346303,24598027,178165,12618689,129213,10879406,38925,1099932,159643,6091383,185568,9875970,202073,15967353,
All CA and Non-CA Counties,2021-04-13,441397,25039424,247602,12866291,192807,11072213,988,1100920,246004,6147143,194246,10070216,250006,16217359,
All CA and Non-CA Counties,2021-04-14,461258,25500682,259121,13125412,201839,11274052,298,1101218,240270,6172573,219656,10289872,245086,16462445,
All CA and Non-CA Counties,2021-04-15,502640,26003322,293142,13418554,209187,11483239,311,1101529,280717,6236214,220229,10510101,283870,16746315,
All CA and Non-CA Counties,2021-04-16,487092,26490414,273999,13692553,212772,11696011,321,1101850,259534,6272442,226068,10736169,262296,17008611,
All CA and Non-CA Counties,2021-04-17,352426,26842840,197538,13890091,154820,11850831,68,1101918,200545,6325339,150880,10887049,203777,17212388,
All CA and Non-CA Counties,2021-04-18,163974,27006814,105365,13995456,58590,11909421,19,1101937,83947,6332810,79538,10966587,87009,17299397,
All CA and Non-CA Counties,2021-04-19,327836,27334650,188119,14183575,139616,12049037,101,1102038,155088,6318182,171686,11138273,157058,17456455,
All CA and Non-CA Counties,2021-04-20,425076,27759726,229317,14412892,195677,12244714,82,1102120,210423,6318356,213414,11351687,213588,17670043,
All CA and Non-CA Counties,2021-04-21,447202,28206928,257635,14670527,189289,12434003,278,1102398,214098,6304805,231364,11583051,217813,17887856,
All CA and Non-CA Counties,2021-04-22,463395,28670323,266177,14936704,197134,12631137,84,1102482,206126,6258585,255675,11838726,209455,18097311,
All CA and Non-CA Counties,2021-04-23,454789,29125112,260961,15197665,193734,12824871,94,1102576,205987,6220816,247229,12085955,209460,18306771,
All CA and Non-CA Counties,2021-04-24,331199,29456311,208327,15405992,122683,12947554,189,1102765,167831,6229789,162329,12248284,171302,18478073,
All CA and Non-CA Counties,2021-04-25,153001,29609312,100043,15506035,52881,13000435,77,1102842,81686,6242231,70797,12319081,83239,18561312,
All CA and Non-CA Counties,2021-04-26,309746,29919058,179595,15685630,128567,13129002,1584,1104426,135425,6210539,173215,12492296,141523,18702835,
All CA and Non-CA Counties,2021-04-27,379348,30298406,209499,15895129,162830,13291832,7019,1111445,153084,6148823,225009,12717305,163293,18866128,
All CA and Non-CA Counties,2021-04-28,364610,30663016,209917,16105046,146350,13438182,8343,1119788,150475,6097121,212880,12930185,161178,19027306,
All CA and Non-CA Counties,2021-04-29,373978,31036994,216570,16321616,149026,13587208,8382,1128170,138071,6010887,234566,13164751,148332,19175638,
All CA and Non-CA Counties,2021-04-30,386649,31423643,222474,16544090,154778,13741986,9397,1137567,147664,5932403,237541,13402292,159057,19334695,
All CA and Non-CA Counties,2021-05-01,252146,31675789,160734,16704824,84852,13826838,6560,1144127,91682,5873385,159489,13561781,100471,19435166,
All CA and Non-CA Counties,2021-05-02,118979,31794768,82940,16787764,32026,13858864,4013,1148140,41784,5842802,76749,13638530,46166,19481332,
All CA and Non-CA Counties,2021-05-03,257318,32052086,157713,16945477,90526,13949390,9079,1157219,78812,5754024,177558,13816088,88780,19570112,
All CA and Non-CA Counties,2021-05-04,337898,32389984,207364,17152841,120266,14069656,10268,1167487,100182,5629100,236558,14052646,111634,19681746,
All CA and Non-CA Counties,2021-05-05,342969,32732953,214586,17367427,117919,14187575,10464,1177951,97438,5493884,244192,14296838,108976,19790722,
All CA and Non-CA Counties,2021-05-06,359955,33092908,236073,17603500,112981,14300556,10901,1188852,92027,5333139,266173,14563011,105428,19896150,
All CA and Non-CA Counties,2021-05-07,357409,33450317,224296,17827796,122822,14423378,10291,1199143,97711,5184183,258215,14821226,109259,20005409,
All CA and Non-CA Counties,2021-05-08,236703,33687020,151087,17978883,78396,14501774,7220,1206363,65477,5088154,170200,14991426,74171,20079580,
All CA and Non-CA Counties,2021-05-09,96824,33783844,73272,18052155,20452,14522226,3100,1209463,25706,5046638,70766,15062192,29250,20108830,
All CA and Non-CA Counties,2021-05-10,208981,33992825,119656,18171811,81109,14603335,8216,1217679,52036,4952141,156060,15218252,61563,20170393,
All CA and Non-CA Counties,2021-05-11,277443,34270268,158138,18329949,110335,14713670,8970,1226649,73727,4833941,202701,15420953,84501,20254894,
All CA and Non-CA Counties,2021-05-12,274990,34545258,160183,18490132,105356,14819026,9451,1236100,74247,4719171,199623,15620576,84853,20339747,
All CA and Non-CA Counties,2021-05-13,320212,34865470,206817,18696949,105764,14924790,7631,1243731,120873,4652203,198138,15818714,131170,20470917,
All CA and Non-CA Counties,2021-05-14,344161,35209631,220737,18917686,114263,15039053,9161,1252892,134542,4589699,208297,16027011,145793,20616710,
All CA and Non-CA Counties,2021-05-15,282890,35492521,197391,19115077,79345,15118398,6154,1259046,116671,4548241,165275,16192286,123817,20740527,
All CA and Non-CA Counties,2021-05-16,143014,35635535,109448,19224525,30544,15148942,3022,1262068,58485,4526120,84040,16276326,61919,20802446,
All CA and Non-CA Counties,2021-05-17,243292,35878827,159876,19384401,75761,15224703,7655,1269723,96527,4485340,145834,16422160,105054,20907500,
All CA and Non-CA Counties,2021-05-18,284928,36163755,173564,19557965,103639,15328342,7725,1277448,111384,4433477,172383,16594543,120520,21028020,
All CA and Non-CA Counties,2021-05-19,278641,36442396,173739,19731704,97067,15425409,7835,1285283,114109,4393113,163438,16757981,123074,21151094,
All CA and Non-CA Counties,2021-05-20,266724,36709120,159310,19891014,99022,15524431,8392,1293675,101733,4340987,163791,16921772,111665,21262759,
All CA and Non-CA Counties,2021-05-21,285463,36994583,175434,20066448,101821,15626252,8208,1301883,107686,4281667,176448,17098220,117128,21379887,
All CA and Non-CA Counties,2021-05-22,207162,37201745,137132,20203580,63602,15689854,6428,1308311,88641,4260182,117694,17215914,96209,21476096,
All CA and Non-CA Counties,2021-05-23,91236,37292981,63889,20267469,24572,15714426,2775,1311086,39419,4251378,51382,17267296,42578,21518674,
All CA and Non-CA Counties,2021-05-24,173571,37466552,101709,20369178,63192,15777618,8670,1319756,65935,4220045,106787,17374083,75454,21594128,
All CA and Non-CA Counties,2021-05-25,191925,37658477,112315,20481493,71227,15848845,8383,1328139,72681,4184051,118187,17492270,82193,21676321,
All CA and Non-CA Counties,2021-05-26,186813,37845290,107267,20588760,71333,15920178,8213,1336352,72535,4152367,113147,17605417,81463,21757784,
All CA and Non-CA Counties,2021-05-27,174340,38019630,99509,20688269,66044,15986222,8787,1345139,70129,4129007,103341,17708758,79981,21837765,
All CA and Non-CA Counties,2021-05-28,191020,38210650,109989,20798258,73557,16059779,7474,1352613,82308,4112204,107706,17816464,90903,21928668,
All CA and Non-CA Counties,2021-05-29,108511,38319161,66426,20864684,37903,16097682,4182,1356795,50534,4109999,57421,17873885,55216,21983884,
All CA and Non-CA Counties,2021-05-30,47952,38367113,31611,20896295,13759,16111441,2582,1359377,21034,4107166,26665,17900550,23832,22007716,
All CA and Non-CA Counties,2021-05-31,20213,38387326,11840,20908135,7359,16118800,1014,1360391,6612,4101481,13425,17913975,7740,22015456,
All CA and Non-CA Counties,2021-06-01,170303,38557629,99241,21007376,63670,16182470,7392,1367783,60428,4061322,108865,18022840,68706,22084162,
All CA and Non-CA Counties,2021-06-02,144597,38702226,85331,21092707,51810,16234280,7456,1375239,54701,4035166,88971,18111811,62815,22146977,
All CA and Non-CA Counties,2021-06-03,172870,38875096,117960,21210667,47545,16281825,7365,1382604,52790,3977107,119214,18231025,61155,22208132,
All CA and Non-CA Counties,2021-06-04,201748,39076844,141742,21352409,53500,16335325,6506,1389110,60550,3905872,140125,18371150,68890,22277022,
All CA and Non-CA Counties,2021-06-05,158959,39235803,119891,21472300,33270,16368595,5798,1394908,44345,3843144,113818,18484968,51090,22328112,
All CA and Non-CA Counties,2021-06-06,64734,39300537,54458,21526758,7980,16376575,2296,1397204,17371,3816544,47066,18532034,20466,22348578,
All CA and Non-CA Counties,2021-06-07,138337,39438874,101220,21627978,30917,16407492,6200,1403404,40903,3767540,96817,18628851,47813,22396391,
All CA and Non-CA Counties,2021-06-08,160089,39598963,115908,21743886,37049,16444541,7132,1410536,47618,3711762,111555,18740406,55777,22452168,
All CA and Non-CA Counties,2021-06-09,154144,39753107,111903,21855789,35202,16479743,7039,1417575,42989,3652373,110321,18850727,50932,22503100,
All CA and Non-CA Counties,2021-06-10,148431,39901538,106651,21962440,34139,16513882,7641,1425216,43740,3600839,103959,18954686,52425,22555525,
All CA and Non-CA Counties,2021-06-11,160960,40062498,112794,22075234,41117,16554999,7049,1432265,50243,3549223,109812,19064498,58196,22613721,
All CA and Non-CA Counties,2021-06-12,116338,40178836,88158,22163392,24340,16579339,3840,1436105,33349,3504639,82435,19146933,37851,22651572,
All CA and Non-CA Counties,2021-06-13,45632,40224468,33955,22197347,9526,16588865,2151,1438256,11490,3484779,33892,19180825,14032,22665604,
All CA and Non-CA Counties,2021-06-14,116906,40341374,82857,22280204,26999,16615864,7050,1445306,38526,3453202,77761,19258586,46184,22711788,
All CA and Non-CA Counties,2021-06-15,133283,40474657,89795,22369999,34437,16650301,9051,1454357,44721,3420170,87697,19346283,54665,22766453,
All CA and Non-CA Counties,2021-06-16,122325,40596982,85954,22455953,28448,16678749,7923,1462280,42258,3391785,79309,19425592,50924,22817377,
All CA and Non-CA Counties,2021-06-17,115829,40712811,80086,22536039,27555,16706304,8188,1470468,41019,3367556,74066,19499658,49837,22867214,
All CA and Non-CA Counties,2021-06-18,130394,40843205,90095,22626134,32373,16738677,7926,1478394,46796,3340323,82707,19582365,55474,22922688,
All CA and Non-CA Counties,2021-06-19,77469,40920674,56239,22682373,17128,16755805,4102,1482496,29179,3326416,47692,19630057,33785,22956473,
All CA and Non-CA Counties,2021-06-20,31393,40952067,23622,22705995,6373,16762178,1398,1483894,11960,3320777,19213,19649270,13574,22970047,
All CA and Non-CA Counties,2021-06-21,72387,41024454,45236,22751231,20842,16783020,6309,1490203,37151,3329909,34845,19684115,43977,23014024,
All CA and Non-CA Counties,2021-06-22,101879,41126333,71083,22822314,24681,16807701,6115,1496318,39891,3315187,61386,19745501,46664,23060688,
All CA and Non-CA Counties,2021-06-23,95343,41221676,67110,22889424,22198,16829899,6035,1502353,38910,3304868,55856,19801357,45537,23106225,
All CA and Non-CA Counties,2021-06-24,92279,41313955,64342,22953766,22129,16852028,5808,1508161,37511,3294619,54130,19855487,43881,23150106,
All CA and Non-CA Counties,2021-06-25,106538,41420493,75297,23029063,25584,16877612,5657,1513818,43583,3282123,62323,19917810,49827,23199933,
All CA and Non-CA Counties,2021-06-26,68488,41488981,51595,23080658,13651,16891263,3242,1517060,28331,3274458,39790,19957600,32125,23232058,
All CA and Non-CA Counties,2021-06-27,32149,41521130,24730,23105388,5831,16897094,1588,1518648,13823,3271945,18149,19975749,15636,23247694,
All CA and Non-CA Counties,2021-06-28,72700,41593830,56133,23161521,11930,16909024,4637,1523285,31878,3268527,40375,20016124,36957,23284651,
All CA and Non-CA Counties,2021-06-29,84370,41678200,59819,23221340,20156,16929180,4395,1527680,35607,3260832,48253,20064377,40558,23325209,
All CA and Non-CA Counties,2021-06-30,78959,41757159,56666,23278006,18280,16947460,4013,1531693,35278,3257482,43181,20107558,39831,23365040,
All CA and Non-CA Counties,2021-07-01,73213,41830372,52862,23330868,16338,16963798,4013,1535706,32262,3253741,40519,20148077,36778,23401818,
All CA and Non-CA Counties,2021-07-02,58124,41888496,41498,23372366,13708,16977506,2918,1538624,25202,3249533,32552,20180629,28344,23430162,
Outside California,2020-12-15,9,9,9,9,0,0,0,0,9,9,0,0,9,9,Not in California
Outside California,2020-12-16,275,284,275,284,0,0,0,0,275,284,0,0,275,284,Not in California
Outside California,2020-12-17,1590,1874,1590,1874,0,0,0,0,1590,1874,0,0,1590,1874,Not in California
Outside California,2020-12-18,2531,4405,2524,4398,7,7,0,0,2531,4405,0,0,2531,4405,Not in California
Outside California,2020-12-19,1034,5439,1033,5431,1,8,0,0,1034,5439,0,0,1034,5439,Not in California
Outside California,2020-12-20,677,6116,674,6105,3,11,0,0,677,6116,0,0,677,6116,Not in California
Outside California,2020-12-21,2170,8286,2167,8272,3,14,0,0,2170,8286,0,0,2170,8286,Not in California
Outside California,2020-12-22,2059,10345,1984,10256,75,89,0,0,2059,10345,0,0,2059,10345,Not in California
Outside California,2020-12-23,1528,11873,1385,11641,143,232,0,0,1527,11871,1,1,1527,11872,Not in California
Outside California,2020-12-24,800,12673,610,12251,190,422,0,0,800,12671,0,1,800,12672,Not in California
Outside California,2020-12-25,35,12708,30,12281,5,427,0,0,35,12706,0,1,35,12707,Not in California
Outside California,2020-12-26,307,13015,207,12488,100,527,0,0,307,13013,0,1,307,13014,Not in California
Outside California,2020-12-27,189,13204,72,12560,117,644,0,0,189,13202,0,1,189,13203,Not in California
Outside California,2020-12-28,1406,14610,893,13453,513,1157,0,0,1406,14608,0,1,1406,14609,Not in California
Outside California,2020-12-29,1538,16148,1017,14470,521,1678,0,0,1538,16146,0,1,1538,16147,Not in California
Outside California,2020-12-30,1875,18023,1220,15690,655,2333,0,0,1875,18021,0,1,1875,18022,Not in California
Outside California,2020-12-31,1099,19122,595,16285,504,2837,0,0,1098,19118,1,2,1098,19120,Not in California
Outside California,2021-01-01,119,19241,28,16313,91,2928,0,0,119,19237,0,2,119,19239,Not in California
Outside California,2021-01-02,244,19485,134,16447,110,3038,0,0,243,19479,1,3,243,19482,Not in California
Outside California,2021-01-03,172,19657,92,16539,80,3118,0,0,172,19651,0,3,172,19654,Not in California
Outside California,2021-01-04,1144,20801,508,17047,636,3754,0,0,1139,20789,1,4,1139,20793,Not in California
Outside California,2021-01-05,1548,22349,821,17868,727,4481,0,0,1355,21954,191,195,1356,22149,Not in California
Outside California,2021-01-06,2665,25014,1578,19446,1087,5568,0,0,1934,23160,728,923,1934,24083,Not in California
Outside California,2021-01-07,4107,29121,2523,21969,1584,7152,0,0,2461,23979,1644,2567,2463,26546,Not in California
Outside California,2021-01-08,4475,33596,2905,24874,1570,8722,0,0,2611,24739,1854,4421,2614,29160,Not in California
Outside California,2021-01-09,1310,34906,537,25411,773,9495,0,0,981,25394,328,4749,983,30143,Not in California
Outside California,2021-01-10,317,35223,188,25599,129,9624,0,0,196,25469,121,4870,196,30339,Not in California
Outside California,2021-01-11,3259,38482,1993,27592,1266,10890,0,0,1933,26077,1325,6195,1933,32272,Not in California
Outside California,2021-01-12,3829,42311,2289,29881,1540,12430,0,0,2292,26839,1533,7728,2295,34567,Not in California
Outside California,2021-01-13,3631,45942,1773,31654,1858,14288,0,0,2452,28117,1178,8906,2456,37023,Not in California
Outside California,2021-01-14,3652,49594,1262,32916,2390,16678,0,0,3006,30494,632,9538,3009,40032,Not in California
Outside California,2021-01-15,4176,53770,996,33912,3180,19858,0,0,3699,33728,465,10003,3699,43731,Not in California
Outside California,2021-01-16,2641,56411,390,34302,2251,22109,0,0,2465,36019,174,10177,2465,46196,Not in California
Outside California,2021-01-17,506,56917,152,34454,354,22463,0,0,457,36427,49,10226,457,46653,Not in California
Outside California,2021-01-18,1187,58104,769,35223,418,22881,0,0,730,36702,456,10682,731,47384,Not in California
Outside California,2021-01-19,4085,62189,1335,36558,2750,25631,0,0,3186,38992,899,11581,3189,50573,Not in California
Outside California,2021-01-20,4428,66617,1425,37983,3003,28634,0,0,3485,41540,938,12519,3486,54059,Not in California
Outside California,2021-01-21,4225,70842,1168,39151,3057,31691,0,0,3646,44624,562,13081,3646,57705,Not in California
Outside California,2021-01-22,4619,75461,1098,40249,3521,35212,0,0,4196,48409,413,13494,4198,61903,Not in California
Outside California,2021-01-23,2288,77749,345,40594,1943,37155,0,0,2114,50352,171,13665,2114,64017,Not in California
Outside California,2021-01-24,601,78350,252,40846,349,37504,0,0,520,50791,81,13746,520,64537,Not in California
Outside California,2021-01-25,4562,82912,1972,42818,2590,40094,0,0,3687,53614,866,14612,3689,68226,Not in California
Outside California,2021-01-26,6071,88983,2933,45751,3138,43232,0,0,5196,57943,874,15486,5203,73429,Not in California
Outside California,2021-01-27,5152,94135,2735,48486,2417,45649,0,0,4505,61809,641,16127,4507,77936,Not in California
Outside California,2021-01-28,5263,99398,2831,51317,2432,48081,0,0,4717,65990,536,16663,4717,82653,Not in California
Outside California,2021-01-29,4910,104308,3057,54374,1853,49934,0,0,4095,69280,807,17470,4097,86750,Not in California
Outside California,2021-01-30,4437,108745,2421,56795,2016,51950,0,0,4202,73251,232,17702,4203,90953,Not in California
Outside California,2021-01-31,3276,112021,2847,59642,429,52379,0,0,3212,76403,62,17764,3214,94167,Not in California
Outside California,2021-02-01,5634,117655,2629,62271,3005,55384,0,0,4909,80596,716,18480,4909,99076,Not in California
Outside California,2021-02-02,6897,124552,2228,64499,4669,60053,0,0,6159,86030,725,19205,6159,105235,Not in California
Outside California,2021-02-03,7513,132065,2111,66610,5402,65455,0,0,6619,91765,885,20090,6620,111855,Not in California
Outside California,2021-02-04,6931,138996,2181,68791,4750,70205,0,0,5891,96633,1024,21114,5892,117747,Not in California
Outside California,2021-02-05,6836,145832,2232,71023,4604,74809,0,0,5727,101260,1100,22214,5727,123474,Not in California
Outside California,2021-02-06,4443,150275,2173,73196,2270,77079,0,0,3969,104769,463,22677,3972,127446,Not in California
Outside California,2021-02-07,2224,152499,1827,75023,397,77476,0,0,2136,106821,86,22763,2138,129584,Not in California
Outside California,2021-02-08,5301,157800,3334,78357,1967,79443,0,0,4237,110005,1053,23816,4237,133821,Not in California
Outside California,2021-02-09,4290,162090,1916,80273,2374,81817,0,0,2967,111676,1310,25126,2981,136802,Not in California
Outside California,2021-02-10,5675,167765,1955,82228,3720,85537,0,0,3192,112442,2467,27593,3233,140035,Not in California
Outside California,2021-02-11,4904,172669,2279,84507,2625,88162,0,0,3548,114670,1338,28931,3566,143601,Not in California
Outside California,2021-02-12,5318,177987,1975,86482,3343,91505,0,0,3443,116260,1857,30788,3447,147048,Not in California
Outside California,2021-02-13,2441,180428,740,87222,1701,93206,0,0,1854,117543,583,31371,1866,148914,Not in California
Outside California,2021-02-14,1367,181795,428,87650,939,94145,0,0,1110,118406,249,31620,1112,150026,Not in California
Outside California,2021-02-15,2653,184448,1619,89269,1034,95179,0,0,1270,118313,1366,32986,1273,151299,Not in California
Outside California,2021-02-16,6493,190941,2917,92186,3576,98755,0,0,2598,117039,3877,36863,2603,153902,Not in California
Outside California,2021-02-17,6092,197033,3102,95288,2990,101745,0,0,1856,114680,4220,41083,1861,155763,Not in California
Outside California,2021-02-18,6681,203714,3848,99136,2833,104578,0,0,2095,112227,4549,45632,2096,157859,Not in California
Outside California,2021-02-19,5921,209635,4099,103235,1822,106400,0,0,2480,111280,3429,49061,2482,160341,Not in California
Outside California,2021-02-20,3529,213164,2864,106099,665,107065,0,0,1279,110317,2243,51304,1280,161621,Not in California
Outside California,2021-02-21,3112,216276,2878,108977,234,107299,0,0,922,109063,2176,53480,922,162543,Not in California
Outside California,2021-02-22,3738,220014,2746,111723,992,108291,0,0,1688,108714,2042,55522,1693,164236,Not in California
Outside California,2021-02-23,6802,226816,3652,115375,3150,111441,0,0,2450,106936,4244,59766,2466,166702,Not in California
Outside California,2021-02-24,6749,233565,3628,119003,3121,114562,0,0,2493,105230,4204,63970,2498,169200,Not in California
Outside California,2021-02-25,6942,240507,3514,122517,3428,117990,0,0,3078,104486,3826,67796,3082,172282,Not in California
Outside California,2021-02-26,6885,247392,3630,126147,3255,121245,0,0,3081,103860,3708,71504,3082,175364,Not in California
Outside California,2021-02-27,5494,252886,2771,128918,2722,123967,1,1,1882,102157,3589,75093,1886,177250,Not in California
Outside California,2021-02-28,2446,255332,1768,130686,677,124644,1,2,804,101327,1637,76730,807,178057,Not in California
Outside California,2021-03-01,4990,260322,3164,133850,1825,126469,1,3,1369,99095,3607,80337,1375,179432,Not in California
Outside California,2021-03-02,6748,267070,2501,136351,4247,130716,0,3,2075,96517,4655,84992,2077,181509,Not in California
Outside California,2021-03-03,7964,275034,3138,139489,4824,135540,2,5,2702,93987,5237,90229,2707,184216,Not in California
Outside California,2021-03-04,6855,281889,2915,142404,3933,139473,7,12,2322,91812,4506,94735,2331,186547,Not in California
Outside California,2021-03-05,5301,287190,2675,145079,2611,142084,15,27,2741,92033,2543,97278,2764,189311,Not in California
Outside California,2021-03-06,4611,291801,2146,147225,2311,144395,154,181,2337,92263,2270,99548,2500,191811,Not in California
Outside California,2021-03-07,1610,293411,1032,148257,522,144917,56,237,973,92663,631,100179,1031,192842,Not in California
Outside California,2021-03-08,3142,296553,1861,150118,1031,145948,250,487,2217,94244,894,101073,2475,195317,Not in California
Outside California,2021-03-09,4726,301279,2423,152541,1987,147935,316,803,2786,95418,1928,103001,3102,198419,Not in California
Outside California,2021-03-10,4485,305764,2146,154687,1824,149759,515,1318,2728,96924,1742,104743,3248,201667,Not in California
Outside California,2021-03-11,6234,311998,3189,157876,2363,152122,682,2000,3299,97986,2919,107662,3981,205648,Not in California
Outside California,2021-03-12,6516,318514,3910,161786,1877,153999,729,2729,3557,99331,2939,110601,4284,209932,Not in California
Outside California,2021-03-13,3827,322341,2199,163985,1157,155156,471,3200,2595,101177,1219,111820,3065,212997,Not in California
Outside California,2021-03-14,1805,324146,929,164914,535,155691,341,3541,981,101680,818,112638,1321,214318,Not in California
Outside California,2021-03-15,4055,328201,2127,167041,1456,157147,472,4013,2148,102408,1894,114532,2622,216940,Not in California
Outside California,2021-03-16,7569,335770,4394,171435,2784,159931,391,4404,4153,103553,3393,117925,4538,221478,Not in California
Outside California,2021-03-17,8484,344254,5497,176932,2607,162538,380,4784,5068,105601,3401,121326,5449,226927,Not in California
Outside California,2021-03-18,8346,352600,5157,182089,2641,165179,548,5332,4797,107410,3535,124861,5344,232271,Not in California
Outside California,2021-03-19,7351,359951,4365,186454,2440,167619,546,5878,4370,109365,2965,127826,4920,237191,Not in California
Outside California,2021-03-20,4766,364717,3143,189597,1532,169151,91,5969,3632,111970,1119,128945,3724,240915,Not in California
Outside California,2021-03-21,2097,366814,1437,191034,571,169722,89,6058,1668,113301,425,129370,1756,242671,Not in California
Outside California,2021-03-22,3284,370098,1987,193021,1209,170931,88,6146,2247,114607,1028,130398,2334,245005,Not in California
Outside California,2021-03-23,6120,376218,3120,196141,2694,173625,306,6452,4118,117059,1972,132370,4424,249429,Not in California
Outside California,2021-03-24,7353,383571,3772,199913,3132,176757,449,6901,5047,120261,2292,134662,5494,254923,Not in California
Outside California,2021-03-25,8259,391830,3825,203738,3908,180665,526,7427,5982,124514,2256,136918,6509,261432,Not in California
Outside California,2021-03-26,6692,398522,3536,207274,2977,183642,179,7606,4406,126842,2255,139173,4583,266015,Not in California
Outside California,2021-03-27,5550,404072,3111,210385,2221,185863,218,7824,3478,128477,2058,141231,3693,269708,Not in California
Outside California,2021-03-28,3082,407154,1651,212036,1270,187133,161,7985,1985,129535,1088,142319,2146,271854,Not in California
Outside California,2021-03-29,5202,412356,2309,214345,2545,189678,348,8333,2972,130634,2221,144540,3320,275174,Not in California
Outside California,2021-03-30,6898,419254,3628,217973,2701,192379,569,8902,4077,132481,2806,147346,4653,279827,Not in California
Outside California,2021-03-31,6380,425634,3810,221783,1784,194163,786,9688,3388,133667,2982,150328,4168,283995,Not in California
Outside California,2021-04-01,7615,433249,4566,226349,2390,196553,659,10347,4412,135539,3188,153516,5060,289055,Not in California
Outside California,2021-04-02,8455,441704,4499,230848,2817,199370,1139,11486,4372,136973,4070,157586,5504,294559,Not in California
Outside California,2021-04-03,6300,448004,3777,234625,1364,200734,1159,12645,3348,138540,2939,160525,4506,299065,Not in California
Outside California,2021-04-04,1787,449791,882,235507,665,201399,240,12885,974,138939,811,161336,1210,300275,Not in California
Outside California,2021-04-05,4169,453960,2022,237529,1475,202874,672,13557,1989,139426,2169,163505,2656,302931,Not in California
Outside California,2021-04-06,7189,461149,3858,241387,1683,204557,1648,15205,2875,139651,4293,167798,4518,307449,Not in California
Outside California,2021-04-07,8278,469427,4658,246045,1913,206470,1707,16912,3206,139497,5058,172856,4904,312353,Not in California
Outside California,2021-04-08,8283,477710,4354,250399,1984,208454,1945,18857,3305,139769,4963,177819,5235,317588,Not in California
Outside California,2021-04-09,7593,485303,3882,254281,1739,210193,1972,20829,2906,139965,4669,182488,4865,322453,Not in California
Outside California,2021-04-10,6126,491429,2997,257278,1266,211459,1863,22692,1686,139075,4425,186913,3535,325988,Not in California
Outside California,2021-04-11,2868,494297,1566,258844,652,212111,650,23342,967,138792,1896,188809,1613,327601,Not in California
Outside California,2021-04-12,4194,498491,2348,261192,1281,213392,565,23907,1865,138903,2319,191128,2430,330031,Not in California
Outside California,2021-04-13,5849,504340,3739,264931,2085,215477,25,23932,3026,139138,2816,193944,3051,333082,Not in California
Outside California,2021-04-14,5491,509831,3533,268464,1954,217431,4,23936,3030,139722,2450,196394,3034,336116,Not in California
Outside California,2021-04-15,6188,516019,3902,272366,2280,219711,6,23942,3328,140252,2805,199199,3335,339451,Not in California
Outside California,2021-04-16,5956,521975,3416,275782,2533,222244,7,23949,3324,140970,2616,201815,3334,342785,Not in California
Outside California,2021-04-17,5549,527524,3496,279278,2052,224296,1,23950,3211,141856,2325,204140,3211,345996,Not in California
Outside California,2021-04-18,2199,529723,1268,280546,930,225226,1,23951,1079,141825,1113,205253,1082,347078,Not in California
Outside California,2021-04-19,4180,533903,2010,282556,2169,227395,1,23952,2148,141958,2019,207272,2152,349230,Not in California
Outside California,2021-04-20,5518,539421,2562,285118,2955,230350,1,23953,2285,141026,3217,210489,2285,351515,Not in California
Outside California,2021-04-21,6681,546102,2910,288028,3765,234115,6,23959,2460,139293,4200,214689,2467,353982,Not in California
Outside California,2021-04-22,6972,553074,3604,291632,3366,237481,2,23961,2580,137499,4377,219066,2583,356565,Not in California
Outside California,2021-04-23,5977,559051,3075,294707,2901,240382,1,23962,2481,136506,3477,222543,2484,359049,Not in California
Outside California,2021-04-24,4679,563730,3057,297764,1617,241999,5,23967,1884,135611,2787,225330,1892,360941,Not in California
Outside California,2021-04-25,2218,565948,1248,299012,969,242968,1,23968,1169,135739,1045,226375,1173,362114,Not in California
Outside California,2021-04-26,4203,570151,1886,300898,2289,245257,28,23996,1912,135400,2279,228654,1940,364054,Not in California
Outside California,2021-04-27,5767,575918,2174,303072,3222,248479,371,24367,2019,134063,3735,232389,2398,366452,Not in California
Outside California,2021-04-28,4965,580883,2145,305217,2423,250902,397,24764,1969,133443,2981,235370,2361,368813,Not in California
Outside California,2021-04-29,4952,585835,2337,307554,2182,253084,433,25197,1884,132716,3043,238413,2316,371129,Not in California
Outside California,2021-04-30,4968,590803,2426,309980,2117,255201,425,25622,1890,131972,3062,241475,2318,373447,Not in California
Outside California,2021-05-01,3206,594009,1849,311829,927,256128,430,26052,1311,131832,1881,243356,1741,375188,Not in California
Outside California,2021-05-02,1850,595859,1086,312915,641,256769,123,26175,823,131756,1022,244378,946,376134,Not in California
Outside California,2021-05-03,2921,598780,1595,314510,1041,257810,285,26460,1128,131384,1784,246162,1412,377546,Not in California
Outside California,2021-05-04,4010,602790,2171,316681,1401,259211,438,26898,1341,130503,2658,248820,1777,379323,Not in California
Outside California,2021-05-05,4507,607297,2542,319223,1594,260805,371,27269,1627,129633,2871,251691,2001,381324,Not in California
Outside California,2021-05-06,4536,611833,2797,322020,1401,262206,338,27607,1594,128630,2934,254625,1931,383255,Not in California
Outside California,2021-05-07,4687,616520,2727,324747,1575,263781,385,27992,1619,127584,3050,257675,2004,385259,Not in California
Outside California,2021-05-08,3277,619797,2220,326967,808,264589,249,28241,1086,126738,2182,259857,1336,386595,Not in California
Outside California,2021-05-09,1393,621190,934,327901,337,264926,122,28363,573,126616,815,260672,693,387288,Not in California
Outside California,2021-05-10,2578,623768,1190,329091,1059,265985,329,28692,910,126196,1661,262333,1241,388529,Not in California
Outside California,2021-05-11,3092,626860,1517,330608,1272,267257,303,28995,1166,125747,1922,264255,1473,390002,Not in California
Outside California,2021-05-12,3241,630101,1574,332182,1341,268598,326,29321,1254,125344,1982,266237,1579,391581,Not in California
Outside California,2021-05-13,3224,633325,1886,334068,1130,269728,208,29529,1402,125139,1815,268052,1610,393191,Not in California
Outside California,2021-05-14,3576,636901,2020,336088,1317,271045,239,29768,1587,124987,1981,270033,1829,395020,Not in California
Outside California,2021-05-15,2655,639556,1565,337653,948,271993,142,29910,1142,124768,1505,271538,1286,396306,Not in California
Outside California,2021-05-16,1660,641216,1072,338725,519,272512,69,29979,761,124703,896,272434,831,397137,Not in California
Outside California,2021-05-17,3060,644276,1630,340355,1194,273706,236,30215,1306,124494,1750,274184,1541,398678,Not in California
Outside California,2021-05-18,3251,647527,1644,341999,1288,274994,319,30534,1441,124462,1795,275979,1763,400441,Not in California
Outside California,2021-05-19,3343,650870,1674,343673,1401,276395,268,30802,1444,124283,1890,277869,1711,402152,Not in California
Outside California,2021-05-20,3152,654022,1745,345418,1158,277553,249,31051,1407,124208,1733,279602,1658,403810,Not in California
Outside California,2021-05-21,3189,657211,1776,347194,1164,278717,249,31300,1347,123976,1828,281430,1596,405406,Not in California
Outside California,2021-05-22,2779,659990,1815,349009,761,279478,203,31503,1486,124381,1285,282715,1690,407096,Not in California
Outside California,2021-05-23,1553,661543,1017,350026,458,279936,78,31581,785,124479,766,283481,864,407960,Not in California
Outside California,2021-05-24,2422,663965,1160,351186,916,280852,346,31927,1064,124542,1347,284828,1410,409370,Not in California
Outside California,2021-05-25,2366,666331,1100,352286,931,281783,335,32262,999,124514,1359,286187,1331,410701,Not in California
Outside California,2021-05-26,2379,668710,1096,353382,928,282711,355,32617,980,124460,1390,287577,1336,412037,Not in California
Outside California,2021-05-27,2166,670876,1070,354452,807,283518,289,32906,970,124526,1191,288768,1257,413294,Not in California
Outside California,2021-05-28,2428,673304,1220,355672,856,284374,352,33258,1090,124638,1331,290099,1443,414737,Not in California
Outside California,2021-05-29,1659,674963,830,356502,474,284848,355,33613,692,124722,963,291062,1047,415784,Not in California
Outside California,2021-05-30,916,675879,562,357064,230,285078,124,33737,452,124838,460,291522,576,416360,Not in California
Outside California,2021-05-31,426,676305,186,357250,200,285278,40,33777,183,124829,232,291754,223,416583,Not in California
Outside California,2021-06-01,2128,678433,1120,358370,706,285984,302,34079,997,125002,1126,292880,1299,417882,Not in California
Outside California,2021-06-02,2018,680451,1001,359371,668,286652,349,34428,915,125173,1093,293973,1264,419146,Not in California
Outside California,2021-06-03,2143,682594,1173,360544,657,287309,313,34741,958,125265,1178,295151,1270,420416,Not in California
Outside California,2021-06-04,2515,685109,1402,361946,796,288105,317,35058,1070,125212,1439,296590,1386,421802,Not in California
Outside California,2021-06-05,1710,686819,1190,363136,356,288461,164,35222,762,125197,942,297532,927,422729,Not in California
Outside California,2021-06-06,924,687743,694,363830,149,288610,81,35303,434,125224,488,298020,515,423244,Not in California
Outside California,2021-06-07,1917,689660,1037,364867,551,289161,329,35632,792,125220,1124,299144,1120,424364,Not in California
Outside California,2021-06-08,2061,691721,1172,366039,544,289705,345,35977,784,125076,1272,300416,1128,425492,Not in California
Outside California,2021-06-09,1959,693680,1169,367208,505,290210,285,36262,789,124987,1161,301577,1072,426564,Not in California
Outside California,2021-06-10,1945,695625,1131,368339,505,290715,309,36571,829,125014,1112,302689,1139,427703,Not in California
Outside California,2021-06-11,2166,697791,1245,369584,592,291307,329,36900,917,125019,1242,303931,1247,428950,Not in California
Outside California,2021-06-12,1631,699422,1221,370805,282,291589,128,37028,647,124817,979,304910,777,429727,Not in California
Outside California,2021-06-13,942,700364,644,371449,197,291786,101,37129,412,124804,526,305436,513,430240,Not in California
Outside California,2021-06-14,1762,702126,989,372438,473,292259,300,37429,740,124826,1016,306452,1038,431278,Not in California
Outside California,2021-06-15,1714,703840,946,373384,492,292751,276,37705,763,124920,945,307397,1039,432317,Not in California
Outside California,2021-06-16,1675,705515,994,374378,458,293209,223,37928,801,125079,865,308262,1024,433341,Not in California
Outside California,2021-06-17,1850,707365,1024,375402,472,293681,354,38282,838,125262,1009,309271,1192,434533,Not in California
Outside California,2021-06-18,1956,709321,1063,376465,434,294115,459,38741,825,125421,1124,310395,1283,435816,Not in California
Outside California,2021-06-19,1049,710370,691,377156,259,294374,99,38840,547,125568,498,310893,645,436461,Not in California
Outside California,2021-06-20,768,711138,557,377713,165,294539,46,38886,458,125765,307,311200,504,436965,Not in California
Outside California,2021-06-21,1274,712412,638,378351,322,294861,314,39200,689,126189,579,311779,1003,437968,Not in California
Outside California,2021-06-22,1635,714047,1033,379384,347,295208,255,39455,873,126560,757,312536,1128,439096,Not in California
Outside California,2021-06-23,1678,715725,921,380305,435,295643,322,39777,793,126795,878,313414,1113,440209,Not in California
Outside California,2021-06-24,1549,717274,908,381213,363,296006,278,40055,815,127155,732,314146,1092,441301,Not in California
Outside California,2021-06-25,1778,719052,1014,382227,404,296410,360,40415,861,127461,913,315059,1219,442520,Not in California
Outside California,2021-06-26,1145,720197,745,382972,221,296631,179,40594,593,127684,549,315608,772,443292,Not in California
Outside California,2021-06-27,750,720947,583,383555,108,296739,59,40653,447,127888,301,315909,505,443797,Not in California
Outside California,2021-06-28,1389,722336,821,384376,268,297007,300,40953,717,128235,672,316581,1019,444816,Not in California
Outside California,2021-06-29,1420,723756,871,385247,321,297328,228,41181,759,128567,654,317235,986,445802,Not in California
Outside California,2021-06-30,1367,725123,786,386033,363,297691,218,41399,726,128873,637,317872,943,446745,Not in California
Outside California,2021-07-01,1317,726440,769,386802,318,298009,230,41629,729,129252,579,318451,958,447703,Not in California
Outside California,2021-07-02,979,727419,510,387312,274,298283,195,41824,468,129410,505,318956,663,448366,Not in California
Unknown,2020-12-17,2,2,2,2,0,0,0,0,0,0,0,0,0,0,Not in California
Unknown,2020-12-18,1,3,1,3,0,0,0,0,0,0,0,0,0,0,Not in California
Unknown,2020-12-21,4,7,4,7,0,0,0,0,0,0,0,0,0,0,Not in California
Unknown,2020-12-28,4,11,4,11,0,0,0,0,3,3,0,0,3,3,Not in California
Unknown,2020-12-29,6,17,5,16,1,1,0,0,7,10,0,0,7,10,Not in California
Unknown,2020-12-30,54,71,54,70,0,1,0,0,54,64,0,0,54,64,Not in California
Unknown,2020-12-31,1,72,0,70,1,2,0,0,0,64,0,0,0,64,Not in California
Unknown,2021-01-02,1,73,0,70,1,3,0,0,1,65,0,0,1,65,Not in California
Unknown,2021-01-04,3,76,3,73,0,3,0,0,2,67,0,0,2,67,Not in California
Unknown,2021-01-06,4,80,2,75,2,5,0,0,4,71,0,0,4,71,Not in California
Unknown,2021-01-07,69,149,68,143,1,6,0,0,68,139,0,0,68,139,Not in California
Unknown,2021-01-08,1,150,0,143,1,7,0,0,3,142,0,0,3,142,Not in California
Unknown,2021-01-09,2,152,2,145,0,7,0,0,3,145,0,0,3,145,Not in California
Unknown,2021-01-11,20,172,20,165,0,7,0,0,20,165,0,0,20,165,Not in California
Unknown,2021-01-12,11,183,10,175,1,8,0,0,9,174,1,1,10,175,Not in California
Unknown,2021-01-13,10,193,10,185,0,8,0,0,11,185,0,1,11,186,Not in California
Unknown,2021-01-14,3,196,3,188,0,8,0,0,3,188,0,1,3,189,Not in California
Unknown,2021-01-15,7,203,6,194,1,9,0,0,7,195,0,1,7,196,Not in California
Unknown,2021-01-16,7,210,7,201,0,9,0,0,7,202,0,1,7,203,Not in California
Unknown,2021-01-17,4,214,4,205,0,9,0,0,4,206,0,1,4,207,Not in California
Unknown,2021-01-18,56,270,56,261,0,9,0,0,54,258,2,3,54,261,Not in California
Unknown,2021-01-19,25,295,25,286,0,9,0,0,20,275,3,6,20,281,Not in California
Unknown,2021-01-20,81,376,81,367,0,9,0,0,29,251,53,59,29,310,Not in California
Unknown,2021-01-21,55,431,53,420,2,11,0,0,56,306,1,60,56,366,Not in California
Unknown,2021-01-22,35,466,31,451,4,15,0,0,35,341,0,60,35,401,Not in California
Unknown,2021-01-23,11,477,7,458,4,19,0,0,11,352,0,60,11,412,Not in California
Unknown,2021-01-24,2,479,2,460,0,19,0,0,3,355,0,60,3,415,Not in California
Unknown,2021-01-25,20,499,17,477,3,22,0,0,17,369,3,63,17,432,Not in California
Unknown,2021-01-26,87,586,86,563,1,23,0,0,89,457,1,64,89,521,Not in California
Unknown,2021-01-27,18,604,18,581,0,23,0,0,16,471,2,66,16,537,Not in California
Unknown,2021-01-28,151,755,149,730,2,25,0,0,94,505,60,126,94,631,Not in California
Unknown,2021-01-29,139,894,139,869,0,25,0,0,143,647,1,127,143,774,Not in California
Unknown,2021-01-30,12,906,10,879,2,27,0,0,14,659,2,129,14,788,Not in California
Unknown,2021-01-31,15,921,15,894,0,27,0,0,16,675,0,129,16,804,Not in California
Unknown,2021-02-01,36,957,34,928,2,29,0,0,19,675,19,148,19,823,Not in California
Unknown,2021-02-02,64,1021,63,991,1,30,0,0,56,724,7,155,56,879,Not in California
Unknown,2021-02-03,41,1062,40,1031,1,31,0,0,29,742,11,166,29,908,Not in California
Unknown,2021-02-04,58,1120,53,1084,5,36,0,0,51,786,7,173,51,959,Not in California
Unknown,2021-02-05,20,1140,16,1100,4,40,0,0,15,796,5,178,15,974,Not in California
Unknown,2021-02-06,15,1155,15,1115,0,40,0,0,10,800,6,184,10,984,Not in California
Unknown,2021-02-07,9,1164,9,1124,0,40,0,0,7,805,2,186,7,991,Not in California
Unknown,2021-02-08,56,1220,53,1177,3,43,0,0,15,779,41,227,15,1006,Not in California
Unknown,2021-02-09,19,1239,19,1196,0,43,0,0,4,768,15,242,4,1010,Not in California
Unknown,2021-02-10,34,1273,30,1226,4,47,0,0,9,752,25,267,9,1019,Not in California
Unknown,2021-02-11,88,1361,87,1313,1,48,0,0,44,750,46,313,44,1063,Not in California
Unknown,2021-02-12,44,1405,36,1349,8,56,0,0,13,732,31,344,13,1076,Not in California
Unknown,2021-02-13,12,1417,5,1354,7,63,0,0,8,736,4,348,8,1084,Not in California
Unknown,2021-02-14,7,1424,2,1356,5,68,0,0,4,738,2,350,4,1088,Not in California
Unknown,2021-02-15,44,1468,38,1394,6,74,0,0,28,752,14,364,28,1116,Not in California
Unknown,2021-02-16,113,1581,103,1497,10,84,0,0,32,703,81,445,32,1148,Not in California
Unknown,2021-02-17,13,1594,11,1508,2,86,0,0,8,703,8,453,8,1156,Not in California
Unknown,2021-02-18,103,1697,98,1606,5,91,0,0,17,634,86,539,17,1173,Not in California
Unknown,2021-02-19,184,1881,179,1785,5,96,0,0,46,543,137,676,46,1219,Not in California
Unknown,2021-02-20,8,1889,6,1791,2,98,0,0,2,539,6,682,2,1221,Not in California
Unknown,2021-02-21,16,1905,16,1807,0,98,0,0,1,525,15,697,1,1222,Not in California
Unknown,2021-02-22,11,1916,11,1818,0,98,0,0,5,524,6,703,5,1227,Not in California
Unknown,2021-02-23,62,1978,51,1869,11,109,0,0,15,493,46,749,15,1242,Not in California
Unknown,2021-02-24,39,2017,31,1900,8,117,0,0,14,482,25,774,14,1256,Not in California
Unknown,2021-02-25,67,2084,54,1954,13,130,0,0,24,462,44,818,24,1280,Not in California
Unknown,2021-02-26,38,2122,24,1978,14,144,0,0,21,468,15,833,21,1301,Not in California
Unknown,2021-02-27,23,2145,17,1995,6,150,0,0,11,471,8,841,11,1312,Not in California
Unknown,2021-02-28,18,2163,13,2008,5,155,0,0,11,477,5,846,11,1323,Not in California
Unknown,2021-03-01,44,2207,26,2034,18,173,0,0,24,482,19,865,24,1347,Not in California
Unknown,2021-03-02,21,2228,10,2044,11,184,0,0,12,488,6,871,12,1359,Not in California
Unknown,2021-03-03,14,2242,10,2054,4,188,0,0,10,495,3,874,10,1369,Not in California
Unknown,2021-03-04,47,2289,44,2098,3,191,0,0,17,482,30,904,17,1386,Not in California
Unknown,2021-03-05,25,2314,15,2113,10,201,0,0,22,498,6,910,22,1408,Not in California
Unknown,2021-03-06,20,2334,12,2125,6,207,2,2,16,512,4,914,18,1426,Not in California
Unknown,2021-03-07,1,2335,1,2126,0,207,0,2,2,514,0,914,2,1428,Not in California
Unknown,2021-03-08,31,2366,22,2148,7,214,2,4,7,498,25,939,9,1437,Not in California
Unknown,2021-03-09,38,2404,31,2179,3,217,4,8,10,483,29,968,14,1451,Not in California
Unknown,2021-03-10,14,2418,10,2189,1,218,3,11,6,483,9,977,9,1460,Not in California
Unknown,2021-03-11,30,2448,13,2202,3,221,14,25,7,482,22,999,21,1481,Not in California
Unknown,2021-03-12,62,2510,47,2249,10,231,5,30,11,449,49,1048,16,1497,Not in California
Unknown,2021-03-13,15,2525,4,2253,7,238,4,34,6,449,10,1058,10,1507,Not in California
Unknown,2021-03-14,14,2539,6,2259,6,244,2,36,5,448,8,1066,7,1514,Not in California
Unknown,2021-03-15,34,2573,14,2273,18,262,2,38,24,462,12,1078,26,1540,Not in California
Unknown,2021-03-16,49,2622,22,2295,23,285,4,42,29,475,20,1098,33,1573,Not in California
Unknown,2021-03-17,39,2661,16,2311,22,307,1,43,34,506,4,1102,35,1608,Not in California
Unknown,2021-03-18,33,2694,20,2331,13,320,0,43,20,514,12,1114,20,1628,Not in California
Unknown,2021-03-19,29,2723,19,2350,10,330,0,43,23,529,8,1122,23,1651,Not in California
Unknown,2021-03-20,28,2751,15,2365,13,343,0,43,15,533,11,1133,15,1666,Not in California
Unknown,2021-03-21,16,2767,10,2375,6,349,0,43,12,542,3,1136,12,1678,Not in California
Unknown,2021-03-22,35,2802,19,2394,15,364,1,44,17,548,12,1148,18,1696,Not in California
Unknown,2021-03-23,25,2827,10,2404,10,374,5,49,12,554,11,1159,17,1713,Not in California
Unknown,2021-03-24,21,2848,8,2412,13,387,0,49,14,561,7,1166,14,1727,Not in California
Unknown,2021-03-25,38,2886,25,2437,13,400,0,49,24,572,13,1179,24,1751,Not in California
Unknown,2021-03-26,36,2922,20,2457,11,411,5,54,18,580,15,1194,23,1774,Not in California
Unknown,2021-03-27,32,2954,15,2472,14,425,3,57,18,584,17,1211,21,1795,Not in California
Unknown,2021-03-28,18,2972,9,2481,9,434,0,57,12,591,5,1216,12,1807,Not in California
Unknown,2021-03-29,40,3012,19,2500,21,455,0,57,24,603,12,1228,24,1831,Not in California
Unknown,2021-03-30,41,3053,26,2526,15,470,0,57,24,612,15,1243,24,1855,Not in California
Unknown,2021-03-31,37,3090,22,2548,14,484,1,58,26,627,12,1255,27,1882,Not in California
Unknown,2021-04-01,25,3115,15,2563,7,491,3,61,16,638,8,1263,19,1901,Not in California
Unknown,2021-04-02,42,3157,20,2583,13,504,9,70,16,637,26,1289,25,1926,Not in California
Unknown,2021-04-03,20,3177,10,2593,10,514,0,70,14,641,10,1299,14,1940,Not in California
Unknown,2021-04-04,15,3192,4,2597,11,525,0,70,9,645,5,1304,9,1949,Not in California
Unknown,2021-04-05,34,3226,20,2617,13,538,1,71,16,645,17,1321,17,1966,Not in California
Unknown,2021-04-06,23,3249,15,2632,7,545,1,72,12,647,11,1332,13,1979,Not in California
Unknown,2021-04-07,38,3287,26,2658,11,556,1,73,26,662,11,1343,26,2005,Not in California
Unknown,2021-04-08,36,3323,23,2681,7,563,6,79,16,663,21,1364,22,2027,Not in California
Unknown,2021-04-09,33,3356,23,2704,10,573,0,79,21,673,11,1375,21,2048,Not in California
Unknown,2021-04-10,11,3367,9,2713,1,574,1,80,5,672,7,1382,6,2054,Not in California
Unknown,2021-04-11,11,3378,7,2720,4,578,0,80,5,672,5,1387,5,2059,Not in California
Unknown,2021-04-12,37,3415,20,2740,16,594,1,81,17,668,22,1409,18,2077,Not in California
Unknown,2021-04-13,47,3462,28,2768,19,613,0,81,17,657,28,1437,17,2094,Not in California
Unknown,2021-04-14,30,3492,9,2777,21,634,0,81,6,639,24,1461,6,2100,Not in California
Unknown,2021-04-15,32,3524,17,2794,14,648,1,82,11,628,22,1483,11,2111,Not in California
Unknown,2021-04-16,26,3550,16,2810,10,658,0,82,10,622,16,1499,10,2121,Not in California
Unknown,2021-04-17,24,3574,15,2825,9,667,0,82,8,616,15,1514,9,2130,Not in California
Unknown,2021-04-18,19,3593,7,2832,12,679,0,82,8,612,12,1526,8,2138,Not in California
Unknown,2021-04-19,35,3628,22,2854,13,692,0,82,14,606,20,1546,14,2152,Not in California
Unknown,2021-04-20,26,3654,16,2870,10,702,0,82,6,592,20,1566,6,2158,Not in California
Unknown,2021-04-21,40,3694,20,2890,20,722,0,82,16,583,25,1591,16,2174,Not in California
Unknown,2021-04-22,24,3718,16,2906,8,730,0,82,6,572,17,1608,6,2180,Not in California
Unknown,2021-04-23,31,3749,16,2922,15,745,0,82,15,573,14,1622,15,2195,Not in California
Unknown,2021-04-24,31,3780,23,2945,8,753,0,82,16,575,14,1636,16,2211,Not in California
Unknown,2021-04-25,20,3800,9,2954,11,764,0,82,7,570,12,1648,7,2218,Not in California
Unknown,2021-04-26,30,3830,18,2972,12,776,0,82,12,565,17,1665,12,2230,Not in California
Unknown,2021-04-27,30,3860,17,2989,12,788,1,83,10,557,19,1684,11,2241,Not in California
Unknown,2021-04-28,28,3888,19,3008,7,795,2,85,8,547,20,1704,10,2251,Not in California
Unknown,2021-04-29,35,3923,23,3031,12,807,0,85,16,542,21,1725,16,2267,Not in California
Unknown,2021-04-30,30,3953,15,3046,10,817,5,90,16,548,15,1740,21,2288,Not in California
Unknown,2021-05-01,27,3980,20,3066,7,824,0,90,15,552,11,1751,15,2303,Not in California
Unknown,2021-05-02,14,3994,6,3072,7,831,1,91,5,550,8,1759,6,2309,Not in California
Unknown,2021-05-03,23,4017,16,3088,4,835,3,94,6,541,17,1776,8,2317,Not in California
Unknown,2021-05-04,18,4035,9,3097,5,840,4,98,6,537,14,1790,10,2327,Not in California
Unknown,2021-05-05,25,4060,10,3107,14,854,1,99,11,535,14,1804,12,2339,Not in California
Unknown,2021-05-06,34,4094,21,3128,6,860,7,106,11,529,24,1828,18,2357,Not in California
Unknown,2021-05-07,27,4121,13,3141,10,870,4,110,10,525,18,1846,14,2371,Not in California
Unknown,2021-05-08,14,4135,9,3150,3,873,2,112,5,524,8,1854,7,2378,Not in California
Unknown,2021-05-09,17,4152,4,3154,9,882,4,116,8,527,9,1863,12,2390,Not in California
Unknown,2021-05-10,21,4173,11,3165,7,889,3,119,3,517,16,1879,6,2396,Not in California
Unknown,2021-05-11,17,4190,9,3174,4,893,4,123,9,522,8,1887,13,2409,Not in California
Unknown,2021-05-12,14,4204,9,3183,4,897,1,124,4,518,9,1896,5,2414,Not in California
Unknown,2021-05-13,18,4222,12,3195,1,898,5,129,11,526,9,1905,17,2431,Not in California
Unknown,2021-05-14,23,4245,18,3213,4,902,1,130,12,528,10,1915,12,2443,Not in California
Unknown,2021-05-15,22,4267,20,3233,2,904,0,130,14,533,9,1924,14,2457,Not in California
Unknown,2021-05-16,25,4292,17,3250,7,911,1,131,14,537,11,1935,15,2472,Not in California
Unknown,2021-05-17,23,4315,17,3267,4,915,2,133,9,535,13,1948,11,2483,Not in California
Unknown,2021-05-18,32,4347,20,3287,10,925,2,135,19,543,13,1961,21,2504,Not in California
Unknown,2021-05-19,30,4377,22,3309,7,932,1,136,10,535,19,1980,11,2515,Not in California
Unknown,2021-05-20,19,4396,15,3324,3,935,1,137,10,538,8,1988,11,2526,Not in California
Unknown,2021-05-21,24,4420,13,3337,7,942,4,141,10,537,15,2003,14,2540,Not in California
Unknown,2021-05-22,26,4446,22,3359,3,945,1,142,11,537,12,2015,12,2552,Not in California
Unknown,2021-05-23,10,4456,7,3366,3,948,0,142,6,539,4,2019,6,2558,Not in California
Unknown,2021-05-24,10,4466,6,3372,3,951,1,143,5,540,5,2024,6,2564,Not in California
Unknown,2021-05-25,21,4487,10,3382,5,956,6,149,7,540,13,2037,13,2577,Not in California
Unknown,2021-05-26,12,4499,9,3391,2,958,1,150,3,537,7,2044,4,2581,Not in California
Unknown,2021-05-27,22,4521,15,3406,5,963,2,152,6,530,15,2059,8,2589,Not in California
Unknown,2021-05-28,22,4543,12,3418,5,968,5,157,12,537,10,2069,17,2606,Not in California
Unknown,2021-05-29,31,4574,25,3443,6,974,0,157,25,556,6,2075,25,2631,Not in California
Unknown,2021-05-30,7,4581,4,3447,2,976,1,158,3,556,4,2079,4,2635,Not in California
Unknown,2021-05-31,1,4582,1,3448,0,976,0,158,0,555,1,2080,0,2635,Not in California
Unknown,2021-06-01,29,4611,17,3465,6,982,6,164,12,557,16,2096,18,2653,Not in California
Unknown,2021-06-02,7,4618,4,3469,3,985,0,164,2,554,5,2101,2,2655,Not in California
Unknown,2021-06-03,17,4635,16,3485,1,986,0,164,8,553,9,2110,8,2663,Not in California
Unknown,2021-06-04,28,4663,18,3503,10,996,0,164,16,557,12,2122,16,2679,Not in California
Unknown,2021-06-05,32,4695,23,3526,8,1004,1,165,18,562,14,2136,19,2698,Not in California
Unknown,2021-06-06,32,4727,24,3550,5,1009,3,168,14,561,18,2154,17,2715,Not in California
Unknown,2021-06-07,21,4748,10,3560,8,1017,3,171,9,561,12,2166,12,2727,Not in California
Unknown,2021-06-08,16,4764,8,3568,5,1022,3,174,5,558,11,2177,8,2735,Not in California
Unknown,2021-06-09,27,4791,17,3585,9,1031,1,175,14,561,12,2189,15,2750,Not in California
Unknown,2021-06-10,14,4805,11,3596,3,1034,0,175,6,559,8,2197,6,2756,Not in California
Unknown,2021-06-11,6,4811,4,3600,1,1035,1,176,3,561,2,2199,4,2760,Not in California
Unknown,2021-06-12,13,4824,9,3609,4,1039,0,176,8,564,5,2204,8,2768,Not in California
Unknown,2021-06-13,10,4834,6,3615,4,1043,0,176,3,560,7,2211,3,2771,Not in California
Unknown,2021-06-14,7,4841,6,3621,1,1044,0,176,3,559,4,2215,3,2774,Not in California
Unknown,2021-06-15,22,4863,13,3634,9,1053,0,176,8,554,13,2228,8,2782,Not in California
Unknown,2021-06-16,6,4869,3,3637,3,1056,0,176,5,558,1,2229,5,2787,Not in California
Unknown,2021-06-17,17,4886,11,3648,4,1060,2,178,12,568,4,2233,14,2801,Not in California
Unknown,2021-06-18,15,4901,11,3659,4,1064,0,178,8,569,7,2240,8,2809,Not in California
Unknown,2021-06-19,13,4914,11,3670,1,1065,1,179,2,561,11,2251,3,2812,Not in California
Unknown,2021-06-20,8,4922,6,3676,1,1066,1,180,3,560,5,2256,4,2816,Not in California
Unknown,2021-06-21,12,4934,8,3684,4,1070,0,180,7,562,5,2261,7,2823,Not in California
Unknown,2021-06-22,18,4952,12,3696,6,1076,0,180,14,572,4,2265,14,2837,Not in California
Unknown,2021-06-23,9,4961,4,3700,4,1080,1,181,6,576,3,2268,7,2844,Not in California
Unknown,2021-06-24,11,4972,5,3705,5,1085,1,182,6,578,5,2273,7,2851,Not in California
Unknown,2021-06-25,13,4985,12,3717,1,1086,0,182,8,582,4,2277,8,2859,Not in California
Unknown,2021-06-26,12,4997,12,3729,0,1086,0,182,10,590,2,2279,10,2869,Not in California
Unknown,2021-06-27,24,5021,19,3748,3,1089,2,184,12,592,12,2291,14,2883,Not in California
Unknown,2021-06-28,16,5037,13,3761,3,1092,0,184,11,598,5,2296,11,2894,Not in California
Unknown,2021-06-29,8,5045,6,3767,2,1094,0,184,7,604,1,2297,7,2901,Not in California
Unknown,2021-06-30,22,5067,21,3788,1,1095,0,184,12,606,10,2307,12,2913,Not in California
Unknown,2021-07-01,21,5088,20,3808,1,1096,0,184,15,617,4,2311,15,2928,Not in California
Unknown,2021-07-02,6,5094,3,3811,3,1099,0,184,4,619,2,2313,4,2932,Not in California
Alameda,2020-12-15,37,37,37,37,0,0,0,0,37,37,0,0,37,37,California
Alameda,2020-12-16,211,248,211,248,0,0,0,0,211,248,0,0,211,248,California
Alameda,2020-12-17,512,760,512,760,0,0,0,0,512,760,0,0,512,760,California
Alameda,2020-12-18,1917,2677,1916,2676,1,1,0,0,1917,2677,0,0,1917,2677,California
Alameda,2020-12-19,1432,4109,1432,4108,0,1,0,0,1432,4109,0,0,1432,4109,California
Alameda,2020-12-20,1180,5289,1179,5287,1,2,0,0,1179,5287,1,1,1179,5288,California
Alameda,2020-12-21,1851,7140,1849,7136,2,4,0,0,1850,7137,0,1,1850,7138,California
Alameda,2020-12-22,2101,9241,2047,9183,54,58,0,0,2100,9236,1,2,2100,9238,California
Alameda,2020-12-23,1935,11176,1680,10863,255,313,0,0,1935,11171,0,2,1935,11173,California
Alameda,2020-12-24,1219,12395,756,11619,463,776,0,0,1219,12390,0,2,1219,12392,California
Alameda,2020-12-25,163,12558,126,11745,37,813,0,0,163,12553,0,2,163,12555,California
Alameda,2020-12-26,861,13419,324,12069,537,1350,0,0,861,13414,0,2,861,13416,California
Alameda,2020-12-27,498,13917,257,12326,241,1591,0,0,498,13912,0,2,498,13914,California
Alameda,2020-12-28,1889,15806,966,13292,923,2514,0,0,1889,15801,0,2,1889,15803,California
Alameda,2020-12-29,2489,18295,1080,14372,1409,3923,0,0,2488,18289,0,2,2488,18291,California
Alameda,2020-12-30,3100,21395,1329,15701,1771,5694,0,0,3100,21389,0,2,3100,21391,California
Alameda,2020-12-31,1803,23198,448,16149,1355,7049,0,0,1800,23187,2,4,1800,23191,California
Alameda,2021-01-01,178,23376,76,16225,102,7151,0,0,176,23361,2,6,176,23367,California
Alameda,2021-01-02,732,24108,527,16752,205,7356,0,0,731,24092,0,6,731,24098,California
Alameda,2021-01-03,335,24443,217,16969,118,7474,0,0,332,24421,3,9,332,24430,California
Alameda,2021-01-04,1622,26065,914,17883,708,8182,0,0,1610,26020,11,20,1610,26040,California
Alameda,2021-01-05,2227,28292,1284,19167,943,9125,0,0,1973,27742,251,271,1973,28013,California
Alameda,2021-01-06,3286,31578,1816,20983,1470,10595,0,0,2407,29275,876,1147,2409,30422,California
Alameda,2021-01-07,3837,35415,2154,23137,1683,12278,0,0,2643,30738,1185,2332,2648,33070,California
Alameda,2021-01-08,4779,40194,2733,25870,2046,14324,0,0,3036,32041,1738,4070,3041,36111,California
Alameda,2021-01-09,2033,42227,1383,27253,650,14974,0,0,1169,32346,864,4934,1169,37280,California
Alameda,2021-01-10,1065,43292,840,28093,225,15199,0,0,428,32136,638,5572,428,37708,California
Alameda,2021-01-11,4681,47973,3542,31635,1139,16338,0,0,2866,33196,1813,7385,2873,40581,California
Alameda,2021-01-12,4868,52841,3284,34919,1584,17922,0,0,3462,35258,1403,8788,3465,44046,California
Alameda,2021-01-13,5082,57923,2704,37623,2378,20300,0,0,3877,37936,1201,9989,3879,47925,California
Alameda,2021-01-14,5686,63609,2815,40438,2871,23171,0,0,4784,41830,893,10882,4787,52712,California
Alameda,2021-01-15,5875,69484,2335,42773,3540,26711,0,0,5090,46146,778,11660,5094,57806,California
Alameda,2021-01-16,3007,72491,1402,44175,1605,28316,0,0,2735,48609,273,11933,2736,60542,California
Alameda,2021-01-17,1882,74373,1090,45265,792,29108,0,0,1675,50078,207,12140,1676,62218,California
Alameda,2021-01-18,3197,77570,2052,47317,1145,30253,0,0,2601,52090,591,12731,2603,64821,California
Alameda,2021-01-19,5556,83126,3334,50651,2222,32475,0,0,4355,55248,1199,13930,4357,69178,California
Alameda,2021-01-20,6936,90062,4244,54895,2692,35167,0,0,5630,59590,1292,15222,5634,74812,California
Alameda,2021-01-21,8180,98242,3768,58663,4412,39579,0,0,7322,66067,850,16072,7327,82139,California
Alameda,2021-01-22,6914,105156,2065,60728,4849,44428,0,0,5759,70681,1146,17218,5760,87899,California
Alameda,2021-01-23,3302,108458,953,61681,2349,46777,0,0,2743,72867,557,17775,2743,90642,California
Alameda,2021-01-24,2050,110508,656,62337,1394,48171,0,0,1775,74371,271,18046,1775,92417,California
Alameda,2021-01-25,5218,115726,1983,64320,3235,51406,0,0,3633,76429,1577,19623,3635,96052,California
Alameda,2021-01-26,7363,123089,2322,66642,5041,56447,0,0,5462,80000,1892,21515,5463,101515,California
Alameda,2021-01-27,6760,129849,2083,68725,4677,61124,0,0,4879,83009,1870,23385,4879,106394,California
Alameda,2021-01-28,7931,137780,2563,71288,5368,66492,0,0,5676,86448,2239,25624,5678,112072,California
Alameda,2021-01-29,8027,145807,3197,74485,4830,71322,0,0,6174,90783,1841,27465,6176,118248,California
Alameda,2021-01-30,3465,149272,1697,76182,1768,73090,0,0,2749,92822,710,28175,2749,120997,California
Alameda,2021-01-31,1935,151207,959,77141,976,74066,0,0,1694,94279,237,28412,1694,122691,California
Alameda,2021-02-01,6516,157723,3888,81029,2628,76694,0,0,4358,96490,2148,30560,4359,127050,California
Alameda,2021-02-02,7097,164820,3820,84849,3277,79971,0,0,4746,98896,2340,32900,4746,131796,California
Alameda,2021-02-03,7168,171988,3787,88636,3381,83352,0,0,4421,100582,2740,35640,4426,136222,California
Alameda,2021-02-04,9611,181599,4176,92812,5435,88787,0,0,6460,103910,3138,38778,6466,142688,California
Alameda,2021-02-05,10395,191994,5417,98229,4978,93765,0,0,6486,106501,3902,42680,6493,149181,California
Alameda,2021-02-06,7044,199038,4463,102692,2581,96346,0,0,5895,111253,1144,43824,5896,155077,California
Alameda,2021-02-07,3591,202629,2895,105587,696,97042,0,0,2644,112955,943,44767,2645,157722,California
Alameda,2021-02-08,8168,210797,5839,111426,2329,99371,0,0,5568,115936,2589,47356,5570,163292,California
Alameda,2021-02-09,9761,220558,5873,117299,3888,103259,0,0,6086,118370,3654,51010,6088,169380,California
Alameda,2021-02-10,11586,232144,6841,124140,4745,108004,0,0,6501,119812,5067,56077,6509,175889,California
Alameda,2021-02-11,14075,246219,8073,132213,6002,114006,0,0,8151,122059,5907,61984,8154,184043,California
Alameda,2021-02-12,12664,258883,5764,137977,6900,120906,0,0,7826,125076,4812,66796,7829,191872,California
Alameda,2021-02-13,7872,266755,4089,142066,3783,124689,0,0,5879,128972,1985,68781,5881,197753,California
Alameda,2021-02-14,4065,270820,2562,144628,1503,126192,0,0,2879,130673,1181,69962,2882,200635,California
Alameda,2021-02-15,5703,276523,3206,147834,2497,128689,0,0,3702,132379,1999,71961,3705,204340,California
Alameda,2021-02-16,12628,289151,7014,154848,5614,134303,0,0,9348,138469,3267,75228,9357,213697,California
Alameda,2021-02-17,14300,303451,8495,163343,5805,140108,0,0,10601,145393,3679,78907,10603,224300,California
Alameda,2021-02-18,16074,319525,10208,173551,5866,145974,0,0,11654,152645,4408,83315,11660,235960,California
Alameda,2021-02-19,18049,337574,11726,185277,6323,152297,0,0,11901,158427,6124,89439,11906,247866,California
Alameda,2021-02-20,12215,349789,9873,195150,2342,154639,0,0,9358,164940,2851,92290,9364,257230,California
Alameda,2021-02-21,7978,357767,6997,202147,981,155620,0,0,5361,167697,2605,94895,5362,262592,California
Alameda,2021-02-22,11387,369154,8408,210555,2979,158599,0,0,7152,170641,4217,99112,7161,269753,California
Alameda,2021-02-23,13461,382615,8179,218734,5282,163881,0,0,8357,173912,5093,104205,8364,278117,California
Alameda,2021-02-24,15243,397858,8571,227305,6672,170553,0,0,9849,178439,5327,109532,9854,287971,California
Alameda,2021-02-25,16162,414020,9374,236679,6788,177341,0,0,10178,182675,5949,115481,10185,298156,California
Alameda,2021-02-26,18771,432791,10954,247633,7817,185158,0,0,11899,187755,6825,122306,11905,310061,California
Alameda,2021-02-27,15251,448042,11251,258884,3998,189156,2,2,9421,191375,5806,128112,9426,319487,California
Alameda,2021-02-28,10166,458208,8477,267361,1688,190844,1,3,6582,194403,3557,131669,6585,326072,California
Alameda,2021-03-01,14184,472392,9808,277169,4365,195209,11,14,8666,197620,5467,137136,8684,334756,California
Alameda,2021-03-02,15121,487513,10871,288040,4248,199457,2,16,9882,202297,5215,142351,9892,344648,California
Alameda,2021-03-03,15943,503456,10451,298491,5489,204946,3,19,10897,208187,5015,147366,10905,355553,California
Alameda,2021-03-04,17583,521039,11281,309772,6300,211246,2,21,11066,212780,6475,153841,11068,366621,California
Alameda,2021-03-05,16412,537451,10738,320510,5664,216910,10,31,11059,218550,5306,159147,11076,377697,California
Alameda,2021-03-06,14691,552142,10321,330831,4104,221014,266,297,9695,223567,4945,164092,9962,387659,California
Alameda,2021-03-07,9833,561975,8534,339365,1212,222226,87,384,7024,227904,2776,166868,7113,394772,California
Alameda,2021-03-08,12061,574036,7513,346878,4167,226393,381,765,9018,234307,2992,169860,9395,404167,California
Alameda,2021-03-09,14821,588857,10381,357259,4008,230401,432,1197,8069,236092,6717,176577,8502,412669,California
Alameda,2021-03-10,17687,606544,12236,369495,4884,235285,567,1764,7949,234896,9706,186283,8510,421179,California
Alameda,2021-03-11,19957,626501,11689,381184,6550,241835,1718,3482,6780,230230,13144,199427,8478,429657,California
Alameda,2021-03-12,21554,648055,12598,393782,7248,249083,1708,5190,7437,225273,14084,213511,9127,438784,California
Alameda,2021-03-13,16254,664309,10411,404193,4833,253916,1010,6200,5160,220373,11058,224569,6158,444942,California
Alameda,2021-03-14,10953,675262,8058,412251,2103,256019,792,6992,3310,216845,7620,232189,4092,449034,California
Alameda,2021-03-15,14598,689860,9542,421793,4522,260541,534,7526,6186,215183,8378,240567,6716,455750,California
Alameda,2021-03-16,17412,707272,11282,433075,5583,266124,547,8073,7342,213060,10015,250582,7892,463642,California
Alameda,2021-03-17,17813,725085,10113,443188,6966,273090,734,8807,8226,212479,9538,260120,8957,472599,California
Alameda,2021-03-18,19503,744588,10673,453861,7929,281019,901,9708,8865,211639,10607,270727,9767,482366,California
Alameda,2021-03-19,19764,764352,10879,464740,7084,288103,1801,11509,7818,209351,11893,282620,9605,491971,California
Alameda,2021-03-20,15929,780281,10439,475179,4630,292733,860,12369,6386,207081,9507,292127,7237,499208,California
Alameda,2021-03-21,9348,789629,7353,482532,1439,294172,556,12925,3477,205253,5860,297987,4032,503240,California
Alameda,2021-03-22,15337,804966,10332,492864,3993,298165,1012,13937,6976,204904,8327,306314,7978,511218,California
Alameda,2021-03-23,19631,824597,11913,504777,6902,305067,816,14753,9978,206099,9601,315915,10796,522014,California
Alameda,2021-03-24,19535,844132,11817,516594,6690,311757,1028,15781,8492,204629,10978,326893,9508,531522,California
Alameda,2021-03-25,20819,864951,11593,528187,7815,319572,1411,17192,9553,204386,11193,338086,10950,542472,California
Alameda,2021-03-26,21209,886160,12800,540987,6838,326410,1571,18763,8595,201970,12563,350649,10147,552619,California
Alameda,2021-03-27,18507,904667,12621,553608,4929,331339,957,19720,7602,199663,10853,361502,8546,561165,California
Alameda,2021-03-28,10725,915392,8729,562337,1794,333133,202,19922,3488,196140,7217,368719,3694,564859,California
Alameda,2021-03-29,14935,930327,9524,571861,4411,337544,1000,20922,5986,194215,8908,377627,6983,571842,California
Alameda,2021-03-30,18882,949209,9936,581797,7217,344761,1729,22651,9484,196053,9362,386989,11200,583042,California
Alameda,2021-03-31,19687,968896,10393,592190,7177,351938,2117,24768,9222,196942,10433,397422,11322,594364,California
Alameda,2021-04-01,23615,992511,10150,602340,7752,359690,5713,30481,11228,201500,12329,409751,16887,611251,California
Alameda,2021-04-02,24408,1016919,10025,612365,8481,368171,5902,36383,11850,206684,12515,422266,17699,628950,California
Alameda,2021-04-03,20529,1037448,9929,622294,5723,373894,4877,41260,10368,211769,10135,432401,15220,644170,California
Alameda,2021-04-04,10019,1047467,4005,626299,2303,376197,3711,44971,3467,212401,6530,438931,7162,651332,California
Alameda,2021-04-05,18005,1065472,7603,633902,5589,381786,4813,49784,7357,213938,10619,449550,12156,663488,California
Alameda,2021-04-06,22458,1087930,10820,644722,5759,387545,5879,55663,10226,217813,12192,461742,16067,679555,California
Alameda,2021-04-07,22812,1110742,11724,656446,5588,393133,5500,61163,11532,223593,11231,472973,17011,696566,California
Alameda,2021-04-08,25816,1136558,11671,668117,6104,399237,8041,69204,11058,227982,14676,487649,19065,715631,California
Alameda,2021-04-09,23695,1160253,10831,678948,7594,406831,5270,74474,12190,233966,11466,499115,17450,733081,California
Alameda,2021-04-10,19486,1179739,7524,686472,5722,412553,6240,80714,8283,237288,11173,510288,14495,747576,California
Alameda,2021-04-11,11115,1190854,4873,691345,2278,414831,3964,84678,4513,239160,6583,516871,8455,756031,California
Alameda,2021-04-12,18314,1209168,11884,703229,4434,419265,1996,86674,10304,243485,7968,524839,12293,768324,California
Alameda,2021-04-13,23289,1232457,14757,717986,8471,427736,61,86735,17097,254516,6134,530973,17165,785489,California
Alameda,2021-04-14,23403,1255860,15345,733331,8056,435792,2,86737,15663,262490,7696,538669,15670,801159,California
Alameda,2021-04-15,24486,1280346,15619,748950,8862,444654,5,86742,16132,270348,8289,546958,16147,817306,California
Alameda,2021-04-16,24897,1305243,14655,763605,10236,454890,6,86748,15890,277319,8940,555898,15911,833217,California
Alameda,2021-04-17,21215,1326458,14662,778267,6551,461441,2,86750,14660,285483,6512,562410,14676,847893,California
Alameda,2021-04-18,10438,1336896,8060,786327,2378,463819,0,86750,7211,289511,3192,565602,7220,855113,California
Alameda,2021-04-19,15986,1352882,9939,796266,6046,469865,1,86751,9236,292049,6708,572310,9246,864359,California
Alameda,2021-04-20,19006,1371888,11765,808031,7239,477104,2,86753,10337,293793,8614,580924,10358,874717,California
Alameda,2021-04-21,20452,1392340,12292,820323,8148,485252,12,86765,11800,297039,8587,589511,11833,886550,California
Alameda,2021-04-22,22141,1414481,14391,834714,7745,492997,5,86770,11734,298460,10344,599855,11765,898315,California
Alameda,2021-04-23,22506,1436987,14701,849415,7801,500798,4,86774,12500,301058,9935,609790,12533,910848,California
Alameda,2021-04-24,19078,1456065,14469,863884,4601,505399,8,86782,10069,302191,8959,618749,10092,920940,California
Alameda,2021-04-25,9029,1465094,7024,870908,2004,507403,1,86783,5906,305015,3094,621843,5918,926858,California
Alameda,2021-04-26,14853,1479947,10307,881215,4520,511923,26,86809,9096,308431,5718,627561,9134,935992,California
Alameda,2021-04-27,16720,1496667,9957,891172,6395,518318,368,87177,7842,307842,8823,636384,8234,944226,California
Alameda,2021-04-28,17077,1513744,10890,902062,5718,524036,469,87646,6905,305098,10134,646518,7390,951616,California
Alameda,2021-04-29,17728,1531472,10745,912807,6651,530687,332,87978,6605,300999,11060,657578,6961,958577,California
Alameda,2021-04-30,20572,1552044,12946,925753,7280,537967,346,88324,8472,297855,12007,669585,8863,967440,California
Alameda,2021-05-01,14099,1566143,9432,935185,4456,542423,211,88535,5264,294567,8792,678377,5504,972944,California
Alameda,2021-05-02,7110,1573253,4964,940149,1975,544398,171,88706,2898,293447,4192,682569,3072,976016,California
Alameda,2021-05-03,14623,1587876,10995,951144,3307,547705,321,89027,2860,284958,11702,694271,3213,979229,California
Alameda,2021-05-04,18881,1606757,13648,964792,4871,552576,362,89389,3804,274157,15003,709274,4202,983431,California
Alameda,2021-05-05,18787,1625544,13730,978522,4548,557124,509,89898,3837,263636,14884,724158,4363,987794,California
Alameda,2021-05-06,19272,1644816,14667,993189,3910,561034,695,90593,3776,252707,15414,739572,4485,992279,California
Alameda,2021-05-07,19506,1664322,13175,1006364,5913,566947,418,91011,4475,242660,14957,754529,4910,997189,California
Alameda,2021-05-08,17091,1681413,11861,1018225,5017,571964,213,91224,3264,232367,13786,768315,3493,1000682,California
Alameda,2021-05-09,8581,1689994,7024,1025249,1414,573378,143,91367,1328,226612,7231,775546,1476,1002158,California
Alameda,2021-05-10,10422,1700416,7197,1032446,2899,576277,326,91693,2511,221584,7875,783421,2847,1005005,California
Alameda,2021-05-11,15722,1716138,8627,1041073,6780,583057,315,92008,2808,211882,12863,796284,3161,1008166,California
Alameda,2021-05-12,13527,1729665,9031,1050104,4052,587109,444,92452,2712,204308,10767,807051,3193,1011359,California
Alameda,2021-05-13,18072,1747737,13012,1063116,4517,591626,543,92995,5739,198349,12280,819331,6321,1017680,California
Alameda,2021-05-14,20838,1768575,14165,1077281,6207,597833,466,93461,7066,192207,13688,833019,7546,1025226,California
Alameda,2021-05-15,17339,1785914,12656,1089937,4450,602283,233,93694,5932,187021,11356,844375,6170,1031396,California
Alameda,2021-05-16,8899,1794813,7653,1097590,1140,603423,106,93800,3141,184549,5724,850099,3252,1034648,California
Alameda,2021-05-17,13563,1808376,10112,1107702,2919,606342,532,94332,4203,179979,9318,859417,4748,1039396,California
Alameda,2021-05-18,14281,1822657,10391,1118093,3465,609807,425,94757,4984,176140,9251,868668,5412,1044808,California
Alameda,2021-05-19,14531,1837188,9972,1128065,4221,614028,338,95095,5880,173762,8598,877266,6220,1051028,California
Alameda,2021-05-20,13435,1850623,8883,1136948,4016,618044,536,95631,5744,172407,7635,884901,6280,1057308,California
Alameda,2021-05-21,15301,1865924,10060,1147008,4970,623014,271,95902,5071,167595,10159,895060,5347,1062655,California
Alameda,2021-05-22,10348,1876272,7476,1154484,2704,625718,168,96070,4173,165798,6141,901201,4344,1066999,California
Alameda,2021-05-23,5131,1881403,3951,1158435,1091,626809,89,96159,1674,164126,3436,904637,1764,1068763,California
Alameda,2021-05-24,7276,1888679,4244,1162679,2772,629581,260,96419,2823,162802,4412,909049,3088,1071851,California
Alameda,2021-05-25,8035,1896714,5194,1167873,2579,632160,262,96681,3521,162102,4478,913527,3778,1075629,California
Alameda,2021-05-26,8296,1905010,5185,1173058,2809,634969,302,96983,3579,161287,4690,918217,3875,1079504,California
Alameda,2021-05-27,8163,1913173,4880,1177938,2882,637851,401,97384,3340,160243,4781,922998,3737,1083241,California
Alameda,2021-05-28,8632,1921805,5052,1182990,3352,641203,228,97612,3598,159065,5006,928004,3828,1087069,California
Alameda,2021-05-29,4962,1926767,3005,1185995,1770,642973,187,97799,2454,159221,2487,930491,2643,1089712,California
Alameda,2021-05-30,2466,1929233,1617,1187612,760,643733,89,97888,972,158798,1484,931975,1061,1090773,California
Alameda,2021-05-31,1161,1930394,859,1188471,247,643980,55,97943,347,158402,798,932773,402,1091175,California
Alameda,2021-06-01,7119,1937513,4984,1193455,1889,645869,246,98189,2951,157457,4140,936913,3195,1094370,California
Alameda,2021-06-02,5825,1943338,3622,1197077,1979,647848,224,98413,2180,156243,3610,940523,2396,1096766,California
Alameda,2021-06-03,8489,1951827,6414,1203491,1794,649642,281,98694,2768,153605,5682,946205,3044,1099810,California
Alameda,2021-06-04,10479,1962306,7724,1211215,2513,652155,242,98936,2831,149071,7608,953813,3074,1102884,California
Alameda,2021-06-05,8099,1970405,5889,1217104,2049,654204,161,99097,1788,144740,6277,960090,1946,1104830,California
Alameda,2021-06-06,3682,1974087,3324,1220428,277,654481,81,99178,859,142865,2815,962905,940,1105770,California
Alameda,2021-06-07,5870,1979957,4278,1224706,1415,655896,177,99355,1719,140634,4127,967032,1896,1107666,California
Alameda,2021-06-08,7275,1987232,5814,1230520,1218,657114,243,99598,2100,137827,5148,972180,2341,1110007,California
Alameda,2021-06-09,7297,1994529,5966,1236486,1135,658249,196,99794,1672,134091,5598,977778,1862,1111869,California
Alameda,2021-06-10,8010,2002539,6703,1243189,1001,659250,306,100100,2130,130669,5855,983633,2433,1114302,California
Alameda,2021-06-11,8059,2010598,6186,1249375,1650,660900,223,100323,2459,127783,5572,989205,2686,1116988,California
Alameda,2021-06-12,5505,2016103,4221,1253596,1096,661996,188,100511,1365,125224,4116,993321,1557,1118545,California
Alameda,2021-06-13,2311,2018414,1760,1255356,429,662425,122,100633,663,124371,1636,994957,783,1119328,California
Alameda,2021-06-14,4576,2022990,3439,1258795,926,663351,211,100844,1536,123099,3018,997975,1746,1121074,California
Alameda,2021-06-15,6012,2029002,4368,1263163,1362,664713,282,101126,1786,120979,4187,1002162,2067,1123141,California
Alameda,2021-06-16,5151,2034153,4113,1267276,834,665547,204,101330,1522,119091,3611,1005773,1723,1124864,California
Alameda,2021-06-17,5582,2039735,4517,1271793,834,666381,231,101561,1835,117445,3714,1009487,2068,1126932,California
Alameda,2021-06-18,5932,2045667,4477,1276270,1201,667582,254,101815,1978,115745,3929,1013416,2229,1129161,California
Alameda,2021-06-19,3461,2049128,2622,1278892,680,668262,159,101974,1059,114573,2389,1015805,1217,1130378,California
Alameda,2021-06-20,1399,2050527,1167,1280059,186,668448,46,102020,518,114260,875,1016680,562,1130940,California
Alameda,2021-06-21,2715,2053242,1847,1281906,707,669155,161,102181,1389,114500,1310,1017990,1550,1132490,California
Alameda,2021-06-22,4574,2057816,3543,1285449,838,669993,193,102374,1404,112942,3153,1021143,1595,1134085,California
Alameda,2021-06-23,3504,2061320,2694,1288143,623,670616,187,102561,1180,111996,2309,1023452,1363,1135448,California
Alameda,2021-06-24,4394,2065714,3509,1291652,650,671266,235,102796,1508,110873,2865,1026317,1742,1137190,California
Alameda,2021-06-25,4614,2070328,3464,1295116,948,672214,202,102998,1708,109894,2889,1029206,1910,1139100,California
Alameda,2021-06-26,3078,2073406,2263,1297379,650,672864,165,103163,1070,109140,1988,1031194,1234,1140334,California
Alameda,2021-06-27,1303,2074709,1070,1298449,186,673050,47,103210,512,108915,784,1031978,559,1140893,California
Alameda,2021-06-28,2906,2077615,2363,1300812,348,673398,195,103405,1136,108497,1748,1033726,1330,1142223,California
Alameda,2021-06-29,3683,2081298,2949,1303761,596,673994,138,103543,1285,107537,2382,1036108,1422,1143645,California
Alameda,2021-06-30,2849,2084147,2225,1305986,492,674486,132,103675,1064,106957,1774,1037882,1194,1144839,California
Alameda,2021-07-01,3445,2087592,2720,1308706,577,675063,148,103823,1235,106148,2189,1040071,1380,1146219,California
Alameda,2021-07-02,3244,2090836,2408,1311114,685,675748,151,103974,1121,105308,2106,1042177,1266,1147485,California
Alpine,2020-12-18,2,2,2,2,0,0,0,0,2,2,0,0,2,2,California
Alpine,2020-12-19,2,4,2,4,0,0,0,0,2,4,0,0,2,4,California
Alpine,2020-12-21,2,6,2,6,0,0,0,0,2,6,0,0,2,6,California
Alpine,2020-12-29,1,7,0,6,1,1,0,0,1,7,0,0,1,7,California
Alpine,2020-12-30,14,21,0,6,14,15,0,0,14,21,0,0,14,21,California
Alpine,2020-12-31,1,22,0,6,1,16,0,0,1,22,0,0,1,22,California
Alpine,2021-01-01,1,23,0,6,1,17,0,0,1,23,0,0,1,23,California
Alpine,2021-01-02,1,24,1,7,0,17,0,0,1,24,0,0,1,24,California
Alpine,2021-01-04,10,34,0,7,10,27,0,0,10,34,0,0,10,34,California
Alpine,2021-01-05,9,43,1,8,8,35,0,0,9,43,0,0,9,43,California
Alpine,2021-01-06,31,74,0,8,31,66,0,0,31,74,0,0,31,74,California
Alpine,2021-01-07,8,82,0,8,8,74,0,0,8,82,0,0,8,82,California
Alpine,2021-01-08,4,86,2,10,2,76,0,0,2,82,2,2,2,84,California
Alpine,2021-01-09,2,88,2,12,0,76,0,0,0,80,2,4,0,84,California
Alpine,2021-01-11,32,120,1,13,31,107,0,0,31,110,1,5,31,115,California
Alpine,2021-01-13,35,155,0,13,35,142,0,0,35,145,0,5,35,150,California
Alpine,2021-01-14,1,156,0,13,1,143,0,0,1,146,0,5,1,151,California
Alpine,2021-01-15,1,157,0,13,1,144,0,0,1,147,0,5,1,152,California
Alpine,2021-01-18,1,158,1,14,0,144,0,0,1,148,0,5,1,153,California
Alpine,2021-01-20,21,179,0,14,21,165,0,0,21,169,0,5,21,174,California
Alpine,2021-01-21,1,180,0,14,1,166,0,0,1,170,0,5,1,175,California
Alpine,2021-01-22,33,213,0,14,33,199,0,0,33,203,0,5,33,208,California
Alpine,2021-01-23,1,214,1,15,0,199,0,0,0,202,1,6,0,208,California
Alpine,2021-01-25,16,230,0,15,16,215,0,0,16,218,0,6,16,224,California
Alpine,2021-01-26,1,231,0,15,1,216,0,0,0,217,1,7,0,224,California
Alpine,2021-01-27,1,232,1,16,0,216,0,0,0,216,1,8,0,224,California
Alpine,2021-01-28,1,233,0,16,1,217,0,0,0,215,1,9,0,224,California
Alpine,2021-01-29,1,234,0,16,1,218,0,0,1,216,0,9,1,225,California
Alpine,2021-02-01,25,259,0,16,25,243,0,0,7,205,18,27,7,232,California
Alpine,2021-02-03,34,293,0,16,34,277,0,0,10,191,24,51,10,242,California
Alpine,2021-02-04,8,301,0,16,8,285,0,0,3,189,5,56,3,245,California
Alpine,2021-02-05,32,333,1,17,31,316,0,0,12,181,20,76,12,257,California
Alpine,2021-02-07,1,334,1,18,0,316,0,0,1,182,0,76,1,258,California
Alpine,2021-02-08,32,366,0,18,32,348,0,0,4,158,28,104,4,262,California
Alpine,2021-02-10,34,400,0,18,34,382,0,0,0,124,34,138,0,262,California
Alpine,2021-02-11,6,406,0,18,6,388,0,0,3,124,3,141,3,265,California
Alpine,2021-02-12,1,407,0,18,1,389,0,0,0,123,1,142,0,265,California
Alpine,2021-02-17,23,430,0,18,23,412,0,0,3,106,20,162,3,268,California
Alpine,2021-02-18,2,432,0,18,2,414,0,0,1,106,1,163,1,269,California
Alpine,2021-02-19,34,466,1,19,33,447,0,0,2,76,32,195,2,271,California
Alpine,2021-02-22,27,493,0,19,27,474,0,0,8,65,19,214,8,279,California
Alpine,2021-02-24,1,494,1,20,0,474,0,0,1,66,0,214,1,280,California
Alpine,2021-02-25,6,500,1,21,5,479,0,0,6,72,0,214,6,286,California
Alpine,2021-02-26,30,530,1,22,29,508,0,0,29,100,1,215,29,315,California
Alpine,2021-02-27,1,531,0,22,1,509,0,0,1,101,0,215,1,316,California
Alpine,2021-03-01,36,567,0,22,36,545,0,0,26,117,10,225,26,342,California
Alpine,2021-03-03,30,597,1,23,29,574,0,0,18,123,12,237,18,360,California
Alpine,2021-03-04,10,607,0,23,10,584,0,0,10,133,0,237,10,370,California
Alpine,2021-03-05,30,637,0,23,30,614,0,0,22,147,8,245,22,392,California
Alpine,2021-03-08,31,668,0,23,31,645,0,0,29,174,2,247,29,421,California
Alpine,2021-03-10,73,741,0,23,73,718,0,0,73,247,0,247,73,494,California
Alpine,2021-03-11,35,776,0,23,35,753,0,0,31,274,4,251,31,525,California
Alpine,2021-03-12,19,795,0,23,19,772,0,0,17,289,2,253,17,542,California
Alpine,2021-03-15,21,816,1,24,20,792,0,0,20,308,1,254,20,562,California
Alpine,2021-03-17,23,839,0,24,22,814,1,1,19,324,4,258,20,582,California
Alpine,2021-03-18,38,877,3,27,35,849,0,1,35,356,3,261,35,617,California
Alpine,2021-03-19,2,879,1,28,1,850,0,1,1,356,1,262,1,618,California
Alpine,2021-03-22,24,903,0,28,24,874,0,1,15,362,9,271,15,633,California
Alpine,2021-03-24,19,922,0,28,19,893,0,1,8,359,11,282,8,641,California
Alpine,2021-03-25,34,956,0,28,33,926,1,2,27,381,6,288,28,669,California
Alpine,2021-03-27,1,957,0,28,1,927,0,2,0,380,1,289,0,669,California
Alpine,2021-03-28,1,958,1,29,0,927,0,2,1,381,0,289,1,670,California
Alpine,2021-03-29,19,977,0,29,18,945,1,3,2,367,17,306,3,673,California
Alpine,2021-04-01,18,995,0,29,18,963,0,3,8,365,10,316,8,681,California
Alpine,2021-04-02,101,1096,1,30,100,1063,0,3,46,357,54,370,46,727,California
Alpine,2021-04-05,4,1100,1,31,3,1066,0,3,0,353,4,374,0,727,California
Alpine,2021-04-06,3,1103,2,33,1,1067,0,3,2,354,1,375,2,729,California
Alpine,2021-04-07,117,1220,0,33,116,1183,1,4,30,299,86,461,31,760,California
Alpine,2021-04-08,37,1257,0,33,35,1218,2,6,10,284,27,488,12,772,California
Alpine,2021-04-09,2,1259,0,33,2,1220,0,6,2,286,0,488,2,774,California
Alpine,2021-04-14,47,1306,0,33,47,1267,0,6,10,259,37,525,10,784,California
Alpine,2021-04-15,35,1341,0,33,35,1302,0,6,3,230,32,557,3,787,California
Alpine,2021-04-16,1,1342,0,33,1,1303,0,6,1,231,0,557,1,788,California
Alpine,2021-04-19,1,1343,0,33,1,1304,0,6,1,232,0,557,1,789,California
Alpine,2021-04-21,31,1374,0,33,31,1335,0,6,15,231,16,573,15,804,California
Alpine,2021-04-22,24,1398,0,33,24,1359,0,6,1,209,23,596,1,805,California
Alpine,2021-04-24,2,1400,2,35,0,1359,0,6,0,208,2,598,1,806,California
Alpine,2021-04-25,1,1401,1,36,0,1359,0,6,0,207,1,599,0,806,California
Alpine,2021-04-27,2,1403,1,37,1,1360,0,6,1,207,1,600,1,807,California
Alpine,2021-04-28,36,1439,0,37,36,1396,0,6,6,183,30,630,6,813,California
Alpine,2021-04-29,7,1446,1,38,6,1402,0,6,1,178,6,636,1,814,California
Alpine,2021-04-30,2,1448,1,39,0,1402,1,7,1,179,1,637,2,816,California
Alpine,2021-05-02,1,1449,0,39,0,1402,1,8,0,179,1,638,1,817,California
Alpine,2021-05-05,17,1466,0,39,17,1419,0,8,4,170,13,651,4,821,California
Alpine,2021-05-06,8,1474,0,39,8,1427,0,8,0,162,8,659,0,821,California
Alpine,2021-05-07,1,1475,0,39,1,1428,0,8,0,161,1,660,0,821,California
Alpine,2021-05-10,1,1476,0,39,1,1429,0,8,1,162,0,660,1,822,California
Alpine,2021-05-12,1,1477,0,39,0,1429,1,9,0,162,1,661,1,823,California
Alpine,2021-05-13,3,1480,0,39,3,1432,0,9,0,159,3,664,0,823,California
Alpine,2021-05-17,2,1482,0,39,2,1434,0,9,1,159,1,665,1,824,California
Alpine,2021-05-18,1,1483,0,39,1,1435,0,9,1,160,0,665,1,825,California
Alpine,2021-05-19,15,1498,0,39,15,1450,0,9,0,145,15,680,0,825,California
Alpine,2021-05-20,1,1499,1,40,0,1450,0,9,0,144,1,681,0,825,California
Alpine,2021-05-21,1,1500,1,41,0,1450,0,9,0,143,1,682,0,825,California
Alpine,2021-05-25,2,1502,0,41,2,1452,0,9,0,141,2,684,0,825,California
Alpine,2021-05-27,3,1505,2,43,1,1453,0,9,3,144,0,684,3,828,California
Alpine,2021-05-28,2,1507,1,44,1,1454,0,9,2,146,0,684,2,830,California
Alpine,2021-05-29,1,1508,0,44,1,1455,0,9,1,147,0,684,1,831,California
Alpine,2021-06-02,8,1516,0,44,8,1463,0,9,1,141,7,691,1,832,California
Alpine,2021-06-04,1,1517,0,44,1,1464,0,9,1,142,0,691,1,833,California
Alpine,2021-06-07,1,1518,0,44,1,1465,0,9,0,141,1,692,0,833,California
Alpine,2021-06-10,1,1519,1,45,0,1465,0,9,1,142,0,692,1,834,California
Alpine,2021-06-15,2,1521,1,46,1,1466,0,9,0,140,2,694,0,834,California
Alpine,2021-06-18,1,1522,1,47,0,1466,0,9,0,139,1,695,0,834,California
Alpine,2021-06-19,1,1523,1,48,0,1466,0,9,0,138,1,696,0,834,California
Alpine,2021-06-25,1,1524,0,48,1,1467,0,9,0,137,1,697,0,834,California
Alpine,2021-06-29,1,1525,0,48,1,1468,0,9,1,138,0,697,1,835,California
Alpine,2021-06-30,1,1526,0,48,1,1469,0,9,0,137,1,698,0,835,California
Alpine,2021-07-01,1,1527,1,49,0,1469,0,9,0,136,1,699,0,835,California
Amador,2020-12-16,2,2,2,2,0,0,0,0,2,2,0,0,2,2,California
Amador,2020-12-17,5,7,5,7,0,0,0,0,5,7,0,0,5,7,California
Amador,2020-12-18,45,52,45,52,0,0,0,0,45,52,0,0,45,52,California
Amador,2020-12-19,16,68,16,68,0,0,0,0,16,68,0,0,16,68,California
Amador,2020-12-20,4,72,4,72,0,0,0,0,4,72,0,0,4,72,California
Amador,2020-12-21,31,103,31,103,0,0,0,0,31,103,0,0,31,103,California
Amador,2020-12-22,35,138,34,137,1,1,0,0,35,138,0,0,35,138,California
Amador,2020-12-23,41,179,39,176,2,3,0,0,41,179,0,0,41,179,California
Amador,2020-12-24,5,184,3,179,2,5,0,0,5,184,0,0,5,184,California
Amador,2020-12-26,5,189,4,183,1,6,0,0,5,189,0,0,5,189,California
Amador,2020-12-27,1,190,0,183,1,7,0,0,1,190,0,0,1,190,California
Amador,2020-12-28,30,220,26,209,4,11,0,0,30,220,0,0,30,220,California
Amador,2020-12-29,25,245,18,227,7,18,0,0,25,245,0,0,25,245,California
Amador,2020-12-30,123,368,77,304,46,64,0,0,123,368,0,0,123,368,California
Amador,2020-12-31,195,563,170,474,25,89,0,0,195,563,0,0,195,563,California
Amador,2021-01-01,2,565,0,474,2,91,0,0,2,565,0,0,2,565,California
Amador,2021-01-02,57,622,57,531,0,91,0,0,57,622,0,0,57,622,California
Amador,2021-01-03,66,688,17,548,49,140,0,0,66,688,0,0,66,688,California
Amador,2021-01-04,125,813,2,550,123,263,0,0,125,813,0,0,125,813,California
Amador,2021-01-05,33,846,3,553,30,293,0,0,32,844,1,1,32,845,California
Amador,2021-01-06,40,886,11,564,29,322,0,0,36,876,4,5,36,881,California
Amador,2021-01-07,234,1120,72,636,162,484,0,0,222,1086,12,17,222,1103,California
Amador,2021-01-08,85,1205,70,706,15,499,0,0,42,1086,43,60,43,1146,California
Amador,2021-01-09,11,1216,11,717,0,499,0,0,2,1079,9,69,2,1148,California
Amador,2021-01-10,6,1222,4,721,2,501,0,0,2,1077,4,73,2,1150,California
Amador,2021-01-11,125,1347,44,765,81,582,0,0,88,1129,37,110,89,1239,California
Amador,2021-01-12,69,1416,53,818,16,598,0,0,41,1142,28,138,41,1280,California
Amador,2021-01-13,41,1457,24,842,17,615,0,0,29,1159,12,150,29,1309,California
Amador,2021-01-14,150,1607,22,864,128,743,0,0,140,1290,10,160,141,1450,California
Amador,2021-01-15,62,1669,26,890,36,779,0,0,53,1334,9,169,53,1503,California
Amador,2021-01-16,20,1689,13,903,7,786,0,0,14,1343,6,175,15,1518,California
Amador,2021-01-17,25,1714,5,908,20,806,0,0,25,1368,0,175,25,1543,California
Amador,2021-01-18,31,1745,27,935,4,810,0,0,10,1357,21,196,10,1553,California
Amador,2021-01-19,126,1871,101,1036,25,835,0,0,81,1393,45,241,81,1634,California
Amador,2021-01-20,182,2053,32,1068,150,985,0,0,168,1548,13,254,168,1802,California
Amador,2021-01-21,261,2314,230,1298,31,1016,0,0,149,1586,112,366,150,1952,California
Amador,2021-01-22,142,2456,74,1372,68,1084,0,0,135,1714,7,373,135,2087,California
Amador,2021-01-23,60,2516,33,1405,27,1111,0,0,57,1768,3,376,57,2144,California
Amador,2021-01-24,28,2544,12,1417,16,1127,0,0,24,1788,4,380,24,2168,California
Amador,2021-01-25,60,2604,29,1446,31,1158,0,0,42,1812,18,398,42,2210,California
Amador,2021-01-26,246,2850,17,1463,229,1387,0,0,236,2038,10,408,236,2446,California
Amador,2021-01-27,307,3157,35,1498,272,1659,0,0,259,2253,45,453,260,2706,California
Amador,2021-01-28,374,3531,99,1597,275,1934,0,0,290,2460,84,537,291,2997,California
Amador,2021-01-29,105,3636,33,1630,72,2006,0,0,90,2535,15,552,90,3087,California
Amador,2021-01-30,198,3834,37,1667,161,2167,0,0,193,2723,5,557,193,3280,California
Amador,2021-01-31,34,3868,29,1696,5,2172,0,0,33,2755,1,558,33,3313,California
Amador,2021-02-01,67,3935,23,1719,44,2216,0,0,39,2766,28,586,39,3352,California
Amador,2021-02-02,216,4151,66,1785,150,2366,0,0,129,2810,85,671,129,3481,California
Amador,2021-02-03,143,4294,40,1825,103,2469,0,0,91,2850,51,722,91,3572,California
Amador,2021-02-04,253,4547,76,1901,177,2646,0,0,166,2932,86,808,168,3740,California
Amador,2021-02-05,337,4884,63,1964,274,2920,0,0,319,3234,17,825,319,4059,California
Amador,2021-02-06,125,5009,81,2045,44,2964,0,0,120,3349,5,830,120,4179,California
Amador,2021-02-07,38,5047,34,2079,4,2968,0,0,34,3380,4,834,35,4214,California
Amador,2021-02-08,92,5139,63,2142,29,2997,0,0,73,3434,19,853,73,4287,California
Amador,2021-02-09,178,5317,82,2224,96,3093,0,0,111,3478,67,920,111,4398,California
Amador,2021-02-10,984,6301,81,2305,903,3996,0,0,949,4392,35,955,949,5347,California
Amador,2021-02-11,312,6613,120,2425,192,4188,0,0,200,4482,110,1065,200,5547,California
Amador,2021-02-12,336,6949,121,2546,215,4403,0,0,261,4668,75,1140,261,5808,California
Amador,2021-02-13,183,7132,84,2630,99,4502,0,0,156,4797,27,1167,156,5964,California
Amador,2021-02-14,122,7254,54,2684,68,4570,0,0,105,4885,17,1184,105,6069,California
Amador,2021-02-15,189,7443,62,2746,127,4697,0,0,172,5041,16,1200,172,6241,California
Amador,2021-02-16,466,7909,53,2799,413,5110,0,0,425,5426,41,1241,426,6667,California
Amador,2021-02-17,264,8173,84,2883,180,5290,0,0,166,5494,98,1339,166,6833,California
Amador,2021-02-18,400,8573,101,2984,299,5589,0,0,334,5762,66,1405,334,7167,California
Amador,2021-02-19,204,8777,78,3062,126,5715,0,0,116,5790,88,1493,116,7283,California
Amador,2021-02-20,103,8880,34,3096,69,5784,0,0,67,5821,36,1529,67,7350,California
Amador,2021-02-21,54,8934,36,3132,18,5802,0,0,19,5807,33,1562,19,7369,California
Amador,2021-02-22,66,9000,26,3158,40,5842,0,0,32,5806,33,1595,32,7401,California
Amador,2021-02-23,323,9323,55,3213,268,6110,0,0,139,5762,184,1779,140,7541,California
Amador,2021-02-24,401,9724,62,3275,339,6449,0,0,264,5893,133,1912,264,7805,California
Amador,2021-02-25,532,10256,123,3398,409,6858,0,0,280,5923,250,2162,280,8085,California
Amador,2021-02-26,644,10900,81,3479,563,7421,0,0,518,6316,125,2287,518,8603,California
Amador,2021-02-27,301,11201,95,3574,206,7627,0,0,99,6216,201,2488,101,8704,California
Amador,2021-02-28,127,11328,57,3631,70,7697,0,0,63,6217,64,2552,65,8769,California
Amador,2021-03-01,198,11526,69,3700,129,7826,0,0,126,6272,72,2624,127,8896,California
Amador,2021-03-02,385,11911,64,3764,321,8147,0,0,335,6558,50,2674,336,9232,California
Amador,2021-03-03,245,12156,80,3844,165,8312,0,0,168,6651,76,2750,169,9401,California
Amador,2021-03-04,501,12657,117,3961,384,8696,0,0,396,6943,104,2854,396,9797,California
Amador,2021-03-05,519,13176,76,4037,443,9139,0,0,295,7019,222,3076,298,10095,California
Amador,2021-03-06,103,13279,50,4087,52,9191,1,1,57,7031,46,3122,58,10153,California
Amador,2021-03-07,90,13369,44,4131,46,9237,0,1,22,6985,68,3190,22,10175,California
Amador,2021-03-08,155,13524,73,4204,81,9318,1,2,92,7015,63,3253,93,10268,California
Amador,2021-03-09,378,13902,53,4257,325,9643,0,2,293,7227,81,3334,293,10561,California
Amador,2021-03-10,521,14423,77,4334,442,10085,2,4,112,6934,409,3743,116,10677,California
Amador,2021-03-11,484,14907,125,4459,349,10434,10,14,303,7070,180,3923,316,10993,California
Amador,2021-03-12,587,15494,71,4530,510,10944,6,20,343,7182,243,4166,355,11348,California
Amador,2021-03-13,119,15613,18,4548,94,11038,7,27,76,7227,43,4209,88,11436,California
Amador,2021-03-14,100,15713,19,4567,78,11116,3,30,21,7172,79,4288,24,11460,California
Amador,2021-03-15,183,15896,27,4594,149,11265,7,37,55,7107,128,4416,63,11523,California
Amador,2021-03-16,451,16347,53,4647,389,11654,9,46,139,6946,310,4726,149,11672,California
Amador,2021-03-17,386,16733,45,4692,338,11992,3,49,262,7089,122,4848,265,11937,California
Amador,2021-03-18,516,17249,101,4793,411,12403,4,53,258,7099,256,5104,266,12203,California
Amador,2021-03-19,546,17795,58,4851,473,12876,15,68,386,7346,158,5262,405,12608,California
Amador,2021-03-20,113,17908,46,4897,66,12942,1,69,48,7333,64,5326,51,12659,California
Amador,2021-03-21,53,17961,37,4934,15,12957,1,70,28,7340,24,5350,31,12690,California
Amador,2021-03-22,115,18076,34,4968,53,13010,28,98,50,7353,65,5415,78,12768,California
Amador,2021-03-23,436,18512,47,5015,382,13392,7,105,275,7476,160,5575,283,13051,California
Amador,2021-03-24,342,18854,35,5050,55,13447,252,357,35,7457,306,5881,287,13338,California
Amador,2021-03-25,615,19469,87,5137,521,13968,7,364,398,7646,216,6097,405,13743,California
Amador,2021-03-26,752,20221,45,5182,701,14669,6,370,281,7468,468,6565,290,14033,California
Amador,2021-03-27,94,20315,15,5197,77,14746,2,372,31,7440,63,6628,35,14068,California
Amador,2021-03-28,72,20387,17,5214,53,14799,2,374,13,7398,58,6686,16,14084,California
Amador,2021-03-29,184,20571,28,5242,155,14954,1,375,78,7379,103,6789,84,14168,California
Amador,2021-03-30,539,21110,29,5271,509,15463,1,376,292,7426,246,7035,293,14461,California
Amador,2021-03-31,201,21311,58,5329,138,15601,5,381,44,7320,155,7190,49,14510,California
Amador,2021-04-01,625,21936,94,5423,531,16132,0,381,269,7238,353,7543,271,14781,California
Amador,2021-04-02,617,22553,39,5462,565,16697,13,394,384,7405,232,7775,399,15180,California
Amador,2021-04-03,86,22639,24,5486,42,16739,20,414,21,7384,65,7840,44,15224,California
Amador,2021-04-04,39,22678,3,5489,30,16769,6,420,15,7381,24,7864,21,15245,California
Amador,2021-04-05,146,22824,53,5542,76,16845,17,437,49,7353,96,7960,68,15313,California
Amador,2021-04-06,506,23330,39,5581,449,17294,18,455,225,7317,279,8239,243,15556,California
Amador,2021-04-07,99,23429,33,5614,47,17341,19,474,43,7326,53,8292,62,15618,California
Amador,2021-04-08,499,23928,84,5698,393,17734,22,496,221,7293,276,8568,243,15861,California
Amador,2021-04-09,488,24416,22,5720,446,18180,20,516,212,7247,275,8843,229,16090,California
Amador,2021-04-10,52,24468,14,5734,29,18209,9,525,23,7250,29,8872,32,16122,California
Amador,2021-04-11,51,24519,25,5759,22,18231,4,529,23,7250,27,8899,27,16149,California
Amador,2021-04-12,99,24618,26,5785,63,18294,10,539,43,7247,56,8955,53,16202,California
Amador,2021-04-13,347,24965,49,5834,298,18592,0,539,67,7038,277,9232,68,16270,California
Amador,2021-04-14,280,25245,26,5860,254,18846,0,539,56,6874,221,9453,57,16327,California
Amador,2021-04-15,342,25587,78,5938,264,19110,0,539,73,6689,258,9711,73,16400,California
Amador,2021-04-16,489,26076,29,5967,460,19570,0,539,381,6963,107,9818,381,16781,California
Amador,2021-04-17,66,26142,34,6001,32,19602,0,539,30,6957,36,9854,30,16811,California
Amador,2021-04-18,33,26175,11,6012,22,19624,0,539,12,6949,20,9874,12,16823,California
Amador,2021-04-19,69,26244,27,6039,42,19666,0,539,30,6943,38,9912,32,16855,California
Amador,2021-04-20,441,26685,59,6098,382,20048,0,539,110,6731,324,10236,112,16967,California
Amador,2021-04-21,89,26774,35,6133,53,20101,1,540,44,6733,43,10279,45,17012,California
Amador,2021-04-22,521,27295,80,6213,440,20541,1,541,100,6431,403,10682,101,17113,California
Amador,2021-04-23,368,27663,47,6260,321,20862,0,541,289,6648,74,10756,291,17404,California
Amador,2021-04-24,52,27715,25,6285,27,20889,0,541,31,6659,20,10776,31,17435,California
Amador,2021-04-25,45,27760,19,6304,26,20915,0,541,29,6672,16,10792,29,17464,California
Amador,2021-04-26,95,27855,27,6331,67,20982,1,542,44,6669,50,10842,47,17511,California
Amador,2021-04-27,502,28357,45,6376,456,21438,1,543,91,6355,407,11249,93,17604,California
Amador,2021-04-28,70,28427,30,6406,37,21475,3,546,41,6370,29,11278,44,17648,California
Amador,2021-04-29,228,28655,70,6476,49,21524,109,655,67,6384,161,11439,175,17823,California
Amador,2021-04-30,347,29002,28,6504,315,21839,4,659,89,6220,258,11697,94,17917,California
Amador,2021-05-01,47,29049,15,6519,27,21866,5,664,26,6232,19,11716,31,17948,California
Amador,2021-05-02,28,29077,14,6533,11,21877,3,667,11,6230,17,11733,15,17963,California
Amador,2021-05-03,69,29146,35,6568,24,21901,10,677,28,6227,41,11774,38,18001,California
Amador,2021-05-04,468,29614,29,6597,432,22333,7,684,68,5902,400,12174,75,18076,California
Amador,2021-05-05,207,29821,153,6750,46,22379,8,692,162,6029,42,12216,169,18245,California
Amador,2021-05-06,110,29931,56,6806,49,22428,5,697,63,6052,45,12261,68,18313,California
Amador,2021-05-07,129,30060,29,6835,93,22521,7,704,67,6064,62,12323,74,18387,California
Amador,2021-05-08,43,30103,8,6843,32,22553,3,707,21,6066,22,12345,24,18411,California
Amador,2021-05-09,17,30120,1,6844,10,22563,6,713,4,6063,13,12358,10,18421,California
Amador,2021-05-10,60,30180,14,6858,43,22606,3,716,24,6054,36,12394,27,18448,California
Amador,2021-05-11,103,30283,34,6892,43,22649,26,742,45,6067,58,12452,71,18519,California
Amador,2021-05-12,72,30355,25,6917,44,22693,3,745,35,6068,37,12489,38,18557,California
Amador,2021-05-13,79,30434,40,6957,33,22726,6,751,38,6072,40,12529,44,18601,California
Amador,2021-05-14,404,30838,38,6995,361,23087,5,756,92,5860,311,12840,99,18700,California
Amador,2021-05-15,51,30889,20,7015,21,23108,10,766,23,5866,28,12868,34,18734,California
Amador,2021-05-16,41,30930,15,7030,26,23134,0,766,17,5859,24,12892,17,18751,California
Amador,2021-05-17,75,31005,22,7052,51,23185,2,768,35,5858,39,12931,38,18789,California
Amador,2021-05-18,251,31256,171,7223,45,23230,35,803,166,5975,84,13015,201,18990,California
Amador,2021-05-19,76,31332,25,7248,47,23277,4,807,35,5976,40,13055,41,19031,California
Amador,2021-05-20,89,31421,47,7295,37,23314,5,812,30,5953,58,13113,35,19066,California
Amador,2021-05-21,275,31696,29,7324,244,23558,2,814,37,5754,238,13351,39,19105,California
Amador,2021-05-22,47,31743,16,7340,26,23584,5,819,13,5739,34,13385,19,19124,California
Amador,2021-05-23,29,31772,5,7345,21,23605,3,822,5,5723,24,13409,8,19132,California
Amador,2021-05-24,91,31863,32,7377,47,23652,12,834,42,5728,49,13458,54,19186,California
Amador,2021-05-25,141,32004,89,7466,27,23679,25,859,82,5778,57,13515,107,19293,California
Amador,2021-05-26,204,32208,160,7626,37,23716,7,866,39,5659,164,13679,45,19338,California
Amador,2021-05-27,82,32290,37,7663,36,23752,9,875,30,5646,52,13731,39,19377,California
Amador,2021-05-28,69,32359,26,7689,39,23791,4,879,29,5640,39,13770,33,19410,California
Amador,2021-05-29,26,32385,2,7691,21,23812,3,882,8,5633,18,13788,11,19421,California
Amador,2021-05-30,19,32404,5,7696,8,23820,6,888,5,5630,14,13802,11,19432,California
Amador,2021-05-31,10,32414,0,7696,9,23829,1,889,2,5625,8,13810,3,19435,California
Amador,2021-06-01,95,32509,66,7762,24,23853,5,894,43,5622,51,13861,48,19483,California
Amador,2021-06-02,46,32555,16,7778,22,23875,8,902,16,5617,30,13891,25,19508,California
Amador,2021-06-03,59,32614,26,7804,28,23903,5,907,19,5602,39,13930,24,19532,California
Amador,2021-06-04,101,32715,22,7826,58,23961,21,928,20,5562,81,14011,41,19573,California
Amador,2021-06-05,41,32756,16,7842,20,23981,5,933,4,5534,37,14048,9,19582,California
Amador,2021-06-06,19,32775,9,7851,9,23990,1,934,9,5534,10,14058,10,19592,California
Amador,2021-06-07,44,32819,18,7869,22,24012,4,938,17,5528,27,14085,21,19613,California
Amador,2021-06-08,174,32993,138,8007,25,24037,11,949,54,5475,119,14204,66,19679,California
Amador,2021-06-09,49,33042,20,8027,20,24057,9,958,13,5461,36,14240,22,19701,California
Amador,2021-06-10,55,33097,23,8050,20,24077,12,970,19,5456,36,14276,31,19732,California
Amador,2021-06-11,58,33155,17,8067,36,24113,5,975,12,5427,46,14322,17,19749,California
Amador,2021-06-12,23,33178,10,8077,11,24124,2,977,8,5423,14,14336,10,19759,California
Amador,2021-06-13,9,33187,2,8079,6,24130,1,978,2,5419,7,14343,3,19762,California
Amador,2021-06-14,47,33234,24,8103,21,24151,2,980,15,5404,32,14375,17,19779,California
Amador,2021-06-15,44,33278,13,8116,19,24170,12,992,18,5408,26,14401,30,19809,California
Amador,2021-06-16,73,33351,33,8149,31,24201,9,1001,34,5412,39,14440,43,19852,California
Amador,2021-06-17,47,33398,23,8172,20,24221,4,1005,27,5424,19,14459,31,19883,California
Amador,2021-06-18,157,33555,121,8293,29,24250,7,1012,63,5400,94,14553,70,19953,California
Amador,2021-06-19,30,33585,8,8301,14,24264,8,1020,11,5401,19,14572,20,19973,California
Amador,2021-06-20,8,33593,6,8307,1,24265,1,1021,3,5400,5,14577,4,19977,California
Amador,2021-06-21,46,33639,14,8321,23,24288,9,1030,15,5393,31,14608,24,20001,California
Amador,2021-06-22,48,33687,27,8348,19,24307,2,1032,28,5403,20,14628,30,20031,California
Amador,2021-06-23,39,33726,19,8367,12,24319,8,1040,20,5412,19,14647,28,20059,California
Amador,2021-06-24,43,33769,19,8386,18,24337,6,1046,21,5418,21,14668,27,20086,California
Amador,2021-06-25,50,33819,28,8414,11,24348,11,1057,27,5434,23,14691,39,20125,California
Amador,2021-06-26,11,33830,4,8418,5,24353,2,1059,7,5439,4,14695,9,20134,California
Amador,2021-06-27,22,33852,14,8432,4,24357,4,1063,11,5443,11,14706,15,20149,California
Amador,2021-06-28,46,33898,21,8453,14,24371,11,1074,21,5450,25,14731,32,20181,California
Amador,2021-06-29,45,33943,18,8471,18,24389,9,1083,21,5456,24,14755,30,20211,California
Amador,2021-06-30,45,33988,15,8486,14,24403,16,1099,20,5466,25,14780,35,20246,California
Amador,2021-07-01,28,34016,13,8499,12,24415,3,1102,14,5469,14,14794,17,20263,California
Amador,2021-07-02,15,34031,6,8505,9,24424,0,1102,14,5482,1,14795,14,20277,California
Butte,2020-12-16,3,3,3,3,0,0,0,0,3,3,0,0,3,3,California
Butte,2020-12-17,21,24,21,24,0,0,0,0,21,24,0,0,21,24,California
Butte,2020-12-18,52,76,52,76,0,0,0,0,52,76,0,0,52,76,California
Butte,2020-12-19,7,83,7,83,0,0,0,0,7,83,0,0,7,83,California
Butte,2020-12-20,10,93,10,93,0,0,0,0,10,93,0,0,10,93,California
Butte,2020-12-21,631,724,631,724,0,0,0,0,631,724,0,0,631,724,California
Butte,2020-12-22,619,1343,617,1341,2,2,0,0,619,1343,0,0,619,1343,California
Butte,2020-12-23,877,2220,861,2202,16,18,0,0,877,2220,0,0,877,2220,California
Butte,2020-12-24,159,2379,155,2357,4,22,0,0,159,2379,0,0,159,2379,California
Butte,2020-12-26,91,2470,89,2446,2,24,0,0,91,2470,0,0,91,2470,California
Butte,2020-12-27,35,2505,34,2480,1,25,0,0,35,2505,0,0,35,2505,California
Butte,2020-12-28,279,2784,273,2753,6,31,0,0,279,2784,0,0,279,2784,California
Butte,2020-12-29,205,2989,181,2934,24,55,0,0,205,2989,0,0,205,2989,California
Butte,2020-12-30,513,3502,291,3225,222,277,0,0,513,3502,0,0,513,3502,California
Butte,2020-12-31,213,3715,18,3243,195,472,0,0,213,3715,0,0,213,3715,California
Butte,2021-01-01,15,3730,6,3249,9,481,0,0,15,3730,0,0,15,3730,California
Butte,2021-01-02,40,3770,37,3286,3,484,0,0,40,3770,0,0,40,3770,California
Butte,2021-01-03,3,3773,0,3286,3,487,0,0,3,3773,0,0,3,3773,California
Butte,2021-01-04,208,3981,175,3461,33,520,0,0,208,3981,0,0,208,3981,California
Butte,2021-01-05,198,4179,152,3613,46,566,0,0,197,4177,1,1,197,4178,California
Butte,2021-01-06,625,4804,395,4008,230,796,0,0,620,4793,5,6,621,4799,California
Butte,2021-01-07,764,5568,370,4378,394,1190,0,0,744,5517,20,26,744,5543,California
Butte,2021-01-08,673,6241,531,4909,142,1332,0,0,625,6094,48,74,625,6168,California
Butte,2021-01-09,14,6255,8,4917,6,1338,0,0,8,6096,6,80,8,6176,California
Butte,2021-01-10,19,6274,5,4922,14,1352,0,0,14,6105,5,85,14,6190,California
Butte,2021-01-11,983,7257,947,5869,36,1388,0,0,356,5837,627,712,359,6549,California
Butte,2021-01-12,700,7957,655,6524,45,1433,0,0,276,5689,424,1136,276,6825,California
Butte,2021-01-13,1570,9527,1076,7600,494,1927,0,0,727,5576,842,1978,729,7554,California
Butte,2021-01-14,1637,11164,893,8493,744,2671,0,0,1440,6820,196,2174,1440,8994,California
Butte,2021-01-15,1064,12228,819,9312,245,2916,0,0,955,7665,110,2284,955,9949,California
Butte,2021-01-16,589,12817,301,9613,288,3204,0,0,544,8164,45,2329,544,10493,California
Butte,2021-01-17,240,13057,64,9677,176,3380,0,0,202,8328,38,2367,202,10695,California
Butte,2021-01-18,347,13404,305,9982,42,3422,0,0,279,8540,67,2434,279,10974,California
Butte,2021-01-19,495,13899,433,10415,62,3484,0,0,223,8491,272,2706,223,11197,California
Butte,2021-01-20,1396,15295,710,11125,686,4170,0,0,1093,9281,303,3009,1093,12290,California
Butte,2021-01-21,1495,16790,883,12008,612,4782,0,0,1387,10561,107,3116,1387,13677,California
Butte,2021-01-22,1144,17934,483,12491,661,5443,0,0,1090,11597,54,3170,1090,14767,California
Butte,2021-01-23,128,18062,85,12576,43,5486,0,0,103,11675,25,3195,103,14870,California
Butte,2021-01-24,8,18070,6,12582,2,5488,0,0,8,11683,0,3195,8,14878,California
Butte,2021-01-25,661,18731,338,12920,323,5811,0,0,498,12018,163,3358,498,15376,California
Butte,2021-01-26,1487,20218,379,13299,1108,6919,0,0,1349,13229,138,3496,1349,16725,California
Butte,2021-01-27,2110,22328,705,14004,1405,8324,0,0,1375,13870,734,4230,1375,18100,California
Butte,2021-01-28,2271,24599,262,14266,2009,10333,0,0,1958,15516,312,4542,1958,20058,California
Butte,2021-01-29,1694,26293,489,14755,1205,11538,0,0,1313,16450,379,4921,1313,21371,California
Butte,2021-01-30,32,26325,9,14764,23,11561,0,0,30,16478,2,4923,30,21401,California
Butte,2021-01-31,17,26342,15,14779,2,11563,0,0,16,16493,1,4924,16,21417,California
Butte,2021-02-01,1764,28106,406,15185,1358,12921,0,0,1369,17471,391,5315,1369,22786,California
Butte,2021-02-02,1949,30055,363,15548,1586,14507,0,0,1645,18811,305,5620,1645,24431,California
Butte,2021-02-03,2758,32813,781,16329,1977,16484,0,0,1858,19771,898,6518,1858,26289,California
Butte,2021-02-04,2976,35789,323,16652,2653,19137,0,0,2414,21626,559,7077,2414,28703,California
Butte,2021-02-05,1280,37069,670,17322,610,19747,0,0,554,21455,726,7803,555,29258,California
Butte,2021-02-06,150,37219,105,17427,45,19792,0,0,64,21433,86,7889,64,29322,California
Butte,2021-02-07,37,37256,33,17460,4,19796,0,0,14,21424,23,7912,14,29336,California
Butte,2021-02-08,700,37956,547,18007,153,19949,0,0,239,21203,460,8372,239,29575,California
Butte,2021-02-09,964,38920,459,18466,505,20454,0,0,734,21707,230,8602,734,30309,California
Butte,2021-02-10,1710,40630,1191,19657,519,20973,0,0,654,21307,1054,9656,654,30963,California
Butte,2021-02-11,2219,42849,1359,21016,860,21833,0,0,1004,21096,1216,10872,1005,31968,California
Butte,2021-02-12,1002,43851,435,21451,567,22400,0,0,323,20741,678,11550,323,32291,California
Butte,2021-02-13,252,44103,43,21494,209,22609,0,0,151,20791,101,11651,151,32442,California
Butte,2021-02-14,164,44267,10,21504,154,22763,0,0,158,20943,6,11657,158,32600,California
Butte,2021-02-15,263,44530,49,21553,214,22977,0,0,196,21072,67,11724,196,32796,California
Butte,2021-02-16,762,45292,438,21991,324,23301,0,0,303,20915,460,12184,303,33099,California
Butte,2021-02-17,1534,46826,853,22844,681,23982,0,0,851,21085,681,12865,851,33950,California
Butte,2021-02-18,1593,48419,783,23627,810,24792,0,0,773,21037,821,13686,773,34723,California
Butte,2021-02-19,1178,49597,395,24022,783,25575,0,0,403,20672,768,14454,403,35126,California
Butte,2021-02-20,491,50088,36,24058,455,26030,0,0,128,20438,362,14816,128,35254,California
Butte,2021-02-21,20,50108,17,24075,3,26033,0,0,14,20446,6,14822,14,35268,California
Butte,2021-02-22,1556,51664,311,24386,1245,27278,0,0,393,19680,1159,15981,393,35661,California
Butte,2021-02-23,1674,53338,304,24690,1370,28648,0,0,474,18961,1193,17174,474,36135,California
Butte,2021-02-24,2211,55549,631,25321,1580,30228,0,0,764,18286,1439,18613,764,36899,California
Butte,2021-02-25,2119,57668,613,25934,1506,31734,0,0,686,17549,1424,20037,687,37586,California
Butte,2021-02-26,924,58592,310,26244,614,32348,0,0,399,17427,521,20558,399,37985,California
Butte,2021-02-27,240,58832,50,26294,190,32538,0,0,188,17565,50,20608,188,38173,California
Butte,2021-02-28,144,58976,17,26311,127,32665,0,0,136,17693,8,20616,136,38309,California
Butte,2021-03-01,1641,60617,180,26491,1460,34125,1,1,337,16732,1299,21915,338,38647,California
Butte,2021-03-02,1774,62391,202,26693,1572,35697,0,1,312,15587,1457,23372,312,38959,California
Butte,2021-03-03,2807,65198,857,27550,1950,37647,0,1,491,13768,2310,25682,491,39450,California
Butte,2021-03-04,3167,68365,690,28240,2477,40124,0,1,623,11850,2541,28223,623,40073,California
Butte,2021-03-05,1362,69727,620,28860,741,40865,1,2,738,11969,620,28843,739,40812,California
Butte,2021-03-06,250,69977,27,28887,200,41065,23,25,187,12117,62,28905,210,41022,California
Butte,2021-03-07,57,70034,3,28890,37,41102,17,42,32,12141,25,28930,49,41071,California
Butte,2021-03-08,1276,71310,133,29023,1065,42167,78,120,1105,13156,168,29098,1183,42254,California
Butte,2021-03-09,1921,73231,284,29307,1535,43702,102,222,1412,14166,504,29602,1514,43768,California
Butte,2021-03-10,2334,75565,979,30286,1255,44957,100,322,1589,15116,739,30341,1689,45457,California
Butte,2021-03-11,2824,78389,1329,31615,1367,46324,128,450,1974,16380,839,31180,2103,47560,California
Butte,2021-03-12,1166,79555,334,31949,465,46789,367,817,352,16292,807,31987,719,48279,California
Butte,2021-03-13,274,79829,70,32019,143,46932,61,878,65,16208,209,32196,125,48404,California
Butte,2021-03-14,166,79995,17,32036,107,47039,42,920,22,16129,143,32339,64,48468,California
Butte,2021-03-15,1737,81732,356,32392,1087,48126,294,1214,1140,16975,588,32927,1434,49902,California
Butte,2021-03-16,1688,83420,431,32823,1179,49305,78,1292,1099,17567,584,33511,1176,51078,California
Butte,2021-03-17,1957,85377,1354,34177,522,49827,81,1373,1105,17908,844,34355,1185,52263,California
Butte,2021-03-18,1818,87195,1469,35646,221,50048,128,1501,1032,18287,780,35135,1159,53422,California
Butte,2021-03-19,698,87893,312,35958,302,50350,84,1585,342,18366,347,35482,426,53848,California
Butte,2021-03-20,209,88102,31,35989,161,50511,17,1602,97,18368,112,35594,114,53962,California
Butte,2021-03-21,73,88175,40,36029,4,50515,29,1631,24,18374,47,35641,53,54015,California
Butte,2021-03-22,1505,89680,371,36400,1039,51554,95,1726,1238,19440,266,35907,1332,55347,California
Butte,2021-03-23,1862,91542,524,36924,1224,52778,114,1840,1506,20708,352,36259,1620,56967,California
Butte,2021-03-24,2268,93810,1271,38195,871,53649,126,1966,1703,21976,560,36819,1828,58795,California
Butte,2021-03-25,1488,95298,1201,39396,195,53844,92,2058,1019,22623,464,37283,1111,59906,California
Butte,2021-03-26,1212,96510,441,39837,524,54368,247,2305,561,22787,644,37927,808,60714,California
Butte,2021-03-27,305,96815,87,39924,194,54562,24,2329,137,22781,165,38092,159,60873,California
Butte,2021-03-28,230,97045,45,39969,177,54739,8,2337,103,22767,124,38216,110,60983,California
Butte,2021-03-29,1764,98809,383,40352,1311,56050,70,2407,1341,23760,418,38634,1411,62394,California
Butte,2021-03-30,1039,99848,472,40824,476,56526,91,2498,487,23792,546,39180,578,62972,California
Butte,2021-03-31,1788,101636,1305,42129,416,56942,67,2565,1080,24240,699,39879,1147,64119,California
Butte,2021-04-01,3341,104977,2713,44842,499,57441,129,2694,2258,25552,1075,40954,2387,66506,California
Butte,2021-04-02,1010,105987,424,45266,465,57906,121,2815,570,25809,432,41386,689,67195,California
Butte,2021-04-03,347,106334,47,45313,225,58131,75,2890,164,25865,183,41569,239,67434,California
Butte,2021-04-04,190,106524,25,45338,141,58272,24,2914,110,25921,78,41647,134,67568,California
Butte,2021-04-05,1971,108495,419,45757,1381,59653,171,3085,594,25316,1368,43015,763,68331,California
Butte,2021-04-06,2215,110710,620,46377,1174,60827,421,3506,804,25137,1402,44417,1223,69554,California
Butte,2021-04-07,3046,113756,1325,47702,1326,62153,395,3901,717,23926,2323,46740,1112,70666,California
Butte,2021-04-08,2755,116511,1202,48904,1284,63437,269,4170,458,22359,2294,49034,727,71393,California
Butte,2021-04-09,1379,117890,354,49258,542,63979,483,4653,330,22122,1045,50079,808,72201,California
Butte,2021-04-10,228,118118,48,49306,79,64058,101,4754,101,22197,126,50205,201,72402,California
Butte,2021-04-11,107,118225,44,49350,53,64111,10,4764,83,22267,23,50228,93,72495,California
Butte,2021-04-12,1414,119639,315,49665,965,65076,134,4898,234,21455,1180,51408,368,72863,California
Butte,2021-04-13,1655,121294,574,50239,1075,66151,6,4904,345,20503,1303,52711,351,73214,California
Butte,2021-04-14,2855,124149,2361,52600,494,66645,0,4904,1326,20306,1524,54235,1327,74541,California
Butte,2021-04-15,649,124798,399,52999,250,66895,0,4904,485,20633,158,54393,485,75026,California
Butte,2021-04-16,816,125614,419,53418,397,67292,0,4904,482,20783,332,54725,482,75508,California
Butte,2021-04-17,345,125959,62,53480,283,67575,0,4904,242,20923,102,54827,242,75750,California
Butte,2021-04-18,57,126016,23,53503,34,67609,0,4904,44,20954,13,54840,44,75794,California
Butte,2021-04-19,1567,127583,385,53888,1182,68791,0,4904,419,20228,1145,55985,419,76213,California
Butte,2021-04-20,2031,129614,765,54653,1266,70057,0,4904,758,19721,1265,57250,758,76971,California
Butte,2021-04-21,2110,131724,1227,55880,883,70940,0,4904,487,18592,1616,58866,487,77458,California
Butte,2021-04-22,2270,133994,1984,57864,286,71226,0,4904,625,17577,1640,60506,625,78083,California
Butte,2021-04-23,971,134965,473,58337,498,71724,0,4904,491,17589,479,60985,491,78574,California
Butte,2021-04-24,348,135313,140,58477,208,71932,0,4904,189,17619,159,61144,189,78763,California
Butte,2021-04-25,174,135487,69,58546,105,72037,0,4904,65,17575,109,61253,65,78828,California
Butte,2021-04-26,1576,137063,470,59016,1101,73138,5,4909,409,16828,1161,62414,414,79242,California
Butte,2021-04-27,1036,138099,696,59712,313,73451,27,4936,588,17001,443,62857,616,79858,California
Butte,2021-04-28,1432,139531,977,60689,430,73881,25,4961,509,16617,918,63775,534,80392,California
Butte,2021-04-29,915,140446,570,61259,320,74201,25,4986,312,16357,597,64372,337,80729,California
Butte,2021-04-30,927,141373,419,61678,487,74688,21,5007,465,16388,454,64826,485,81214,California
Butte,2021-05-01,245,141618,64,61742,159,74847,22,5029,73,16311,169,64995,92,81306,California
Butte,2021-05-02,151,141769,63,61805,75,74922,13,5042,44,16260,107,65102,56,81362,California
Butte,2021-05-03,635,142404,257,62062,347,75269,31,5073,177,16020,448,65550,208,81570,California
Butte,2021-05-04,848,143252,343,62405,473,75742,32,5105,223,15655,619,66169,254,81824,California
Butte,2021-05-05,1374,144626,1121,63526,215,75957,38,5143,291,14907,1077,67246,329,82153,California
Butte,2021-05-06,965,145591,701,64227,225,76182,39,5182,366,14717,595,67841,405,82558,California
Butte,2021-05-07,581,146172,310,64537,235,76417,36,5218,296,14766,282,68123,331,82889,California
Butte,2021-05-08,187,146359,53,64590,123,76540,11,5229,91,14773,95,68218,102,82991,California
Butte,2021-05-09,103,146462,27,64617,73,76613,3,5232,54,14781,49,68267,57,83048,California
Butte,2021-05-10,535,146997,316,64933,174,76787,45,5277,214,14722,318,68585,259,83307,California
Butte,2021-05-11,915,147912,661,65594,194,76981,60,5337,296,14462,616,69201,356,83663,California
Butte,2021-05-12,784,148696,483,66077,253,77234,48,5385,334,14399,445,69646,382,84045,California
Butte,2021-05-13,948,149644,628,66705,255,77489,65,5450,349,14223,588,70234,412,84457,California
Butte,2021-05-14,869,150513,543,67248,293,77782,33,5483,380,14149,486,70720,412,84869,California
Butte,2021-05-15,509,151022,247,67495,228,78010,34,5517,239,14154,268,70988,273,85142,California
Butte,2021-05-16,168,151190,82,67577,68,78078,18,5535,98,14201,69,71057,116,85258,California
Butte,2021-05-17,771,151961,498,68075,224,78302,49,5584,332,14146,435,71492,380,85638,California
Butte,2021-05-18,1068,153029,735,68810,284,78586,49,5633,475,14083,587,72079,524,86162,California
Butte,2021-05-19,833,153862,541,69351,248,78834,44,5677,327,13953,500,72579,370,86532,California
Butte,2021-05-20,985,154847,660,70011,215,79049,110,5787,384,13848,598,73177,493,87025,California
Butte,2021-05-21,890,155737,543,70554,321,79370,26,5813,293,13573,593,73770,318,87343,California
Butte,2021-05-22,299,156036,139,70693,145,79515,15,5828,144,13579,152,73922,158,87501,California
Butte,2021-05-23,131,156167,82,70775,48,79563,1,5829,79,13607,52,73974,80,87581,California
Butte,2021-05-24,353,156520,165,70940,138,79701,50,5879,177,13659,174,74148,226,87807,California
Butte,2021-05-25,699,157219,448,71388,215,79916,36,5915,342,13687,350,74498,378,88185,California
Butte,2021-05-26,561,157780,180,71568,358,80274,23,5938,242,13640,311,74809,264,88449,California
Butte,2021-05-27,865,158645,623,72191,224,80498,18,5956,422,13643,438,75247,441,88890,California
Butte,2021-05-28,520,159165,141,72332,300,80798,79,6035,212,13629,305,75552,291,89181,California
Butte,2021-05-29,225,159390,116,72448,97,80895,12,6047,144,13704,81,75633,156,89337,California
Butte,2021-05-30,107,159497,56,72504,51,80946,0,6047,59,13715,48,75681,59,89396,California
Butte,2021-05-31,43,159540,23,72527,18,80964,2,6049,25,13724,18,75699,27,89423,California
Butte,2021-06-01,676,160216,427,72954,213,81177,36,6085,252,13592,420,76119,288,89711,California
Butte,2021-06-02,818,161034,565,73519,208,81385,45,6130,349,13521,464,76583,393,90104,California
Butte,2021-06-03,626,161660,422,73941,187,81572,17,6147,205,13325,418,77001,222,90326,California
Butte,2021-06-04,483,162143,276,74217,179,81751,28,6175,144,13164,333,77334,172,90498,California
Butte,2021-06-05,320,162463,208,74425,92,81843,20,6195,96,13057,223,77557,116,90614,California
Butte,2021-06-06,134,162597,99,74524,33,81876,2,6197,32,12990,101,77658,34,90648,California
Butte,2021-06-07,404,163001,258,74782,116,81992,30,6227,168,12953,235,77893,198,90846,California
Butte,2021-06-08,652,163653,470,75252,163,82155,19,6246,179,12690,462,78355,199,91045,California
Butte,2021-06-09,438,164091,300,75552,119,82274,19,6265,147,12572,284,78639,166,91211,California
Butte,2021-06-10,633,164724,451,76003,150,82424,32,6297,234,12439,397,79036,264,91475,California
Butte,2021-06-11,443,165167,264,76267,158,82582,21,6318,147,12313,294,79330,168,91643,California
Butte,2021-06-12,252,165419,154,76421,88,82670,10,6328,75,12222,176,79506,85,91728,California
Butte,2021-06-13,97,165516,64,76485,30,82700,3,6331,20,12168,77,79583,23,91751,California
Butte,2021-06-14,387,165903,232,76717,135,82835,20,6351,136,12075,250,79833,157,91908,California
Butte,2021-06-15,548,166451,385,77102,137,82972,26,6377,161,11881,381,80214,187,92095,California
Butte,2021-06-16,417,166868,256,77358,116,83088,45,6422,168,11847,246,80460,212,92307,California
Butte,2021-06-17,581,167449,433,77791,121,83209,27,6449,179,11652,401,80861,206,92513,California
Butte,2021-06-18,410,167859,205,77996,152,83361,53,6502,160,11614,248,81109,210,92723,California
Butte,2021-06-19,207,168066,153,78149,49,83410,5,6507,92,11596,115,81224,97,92820,California
Butte,2021-06-20,93,168159,68,78217,25,83435,0,6507,24,11551,69,81293,24,92844,California
Butte,2021-06-21,277,168436,164,78381,91,83526,22,6529,132,11562,143,81436,154,92998,California
Butte,2021-06-22,419,168855,274,78655,121,83647,24,6553,151,11473,264,81700,175,93173,California
Butte,2021-06-23,448,169303,331,78986,92,83739,25,6578,164,11378,283,81983,188,93361,California
Butte,2021-06-24,425,169728,284,79270,108,83847,33,6611,153,11292,271,82254,185,93546,California
Butte,2021-06-25,411,170139,201,79471,187,84034,23,6634,153,11211,257,82511,176,93722,California
Butte,2021-06-26,132,170271,96,79567,34,84068,2,6636,55,11191,77,82588,57,93779,California
Butte,2021-06-27,63,170334,38,79605,24,84092,1,6637,20,11169,43,82631,21,93800,California
Butte,2021-06-28,296,170630,223,79828,54,84146,19,6656,122,11137,173,82804,141,93941,California
Butte,2021-06-29,321,170951,216,80044,92,84238,13,6669,137,11105,181,82985,149,94090,California
Butte,2021-06-30,301,171252,208,80252,77,84315,16,6685,145,11111,155,83140,161,94251,California
Butte,2021-07-01,343,171595,225,80477,101,84416,17,6702,137,11060,205,83345,154,94405,California
Butte,2021-07-02,163,171758,97,80574,44,84460,22,6724,76,11073,85,83430,98,94503,California
Calaveras,2020-12-16,5,5,5,5,0,0,0,0,5,5,0,0,5,5,California
Calaveras,2020-12-17,3,8,3,8,0,0,0,0,3,8,0,0,3,8,California
Calaveras,2020-12-18,39,47,39,47,0,0,0,0,39,47,0,0,39,47,California
Calaveras,2020-12-19,3,50,3,50,0,0,0,0,3,50,0,0,3,50,California
Calaveras,2020-12-20,4,54,4,54,0,0,0,0,4,54,0,0,4,54,California
Calaveras,2020-12-21,54,108,47,101,7,7,0,0,54,108,0,0,54,108,California
Calaveras,2020-12-22,82,190,78,179,4,11,0,0,83,191,0,0,83,191,California
Calaveras,2020-12-23,76,266,74,253,2,13,0,0,76,267,0,0,76,267,California
Calaveras,2020-12-24,2,268,2,255,0,13,0,0,2,269,0,0,2,269,California
Calaveras,2020-12-26,3,271,3,258,0,13,0,0,3,272,0,0,3,272,California
Calaveras,2020-12-27,1,272,1,259,0,13,0,0,1,273,0,0,1,273,California
Calaveras,2020-12-28,22,294,18,277,4,17,0,0,21,293,1,1,21,294,California
Calaveras,2020-12-29,160,454,138,415,22,39,0,0,160,453,0,1,160,454,California
Calaveras,2020-12-30,94,548,82,497,12,51,0,0,94,547,0,1,94,548,California
Calaveras,2020-12-31,37,585,26,523,11,62,0,0,37,584,0,1,37,585,California
Calaveras,2021-01-02,11,596,11,534,0,62,0,0,11,595,0,1,11,596,California
Calaveras,2021-01-03,10,606,4,538,6,68,0,0,10,605,0,1,10,606,California
Calaveras,2021-01-04,33,639,5,543,28,96,0,0,33,638,0,1,33,639,California
Calaveras,2021-01-05,41,680,10,553,31,127,0,0,32,666,9,10,37,676,California
Calaveras,2021-01-06,107,787,30,583,77,204,0,0,97,753,10,20,97,773,California
Calaveras,2021-01-07,106,893,26,609,80,284,0,0,93,836,11,31,94,867,California
Calaveras,2021-01-08,69,962,39,648,30,314,0,0,45,859,24,55,47,914,California
Calaveras,2021-01-09,5,967,5,653,0,314,0,0,2,858,3,58,2,916,California
Calaveras,2021-01-10,2,969,0,653,2,316,0,0,2,860,0,58,2,918,California
Calaveras,2021-01-11,66,1035,60,713,6,322,0,0,27,851,38,96,29,947,California
Calaveras,2021-01-12,87,1122,54,767,33,355,0,0,52,869,35,131,53,1000,California
Calaveras,2021-01-13,110,1232,46,813,64,419,0,0,75,910,35,166,76,1076,California
Calaveras,2021-01-14,144,1376,45,858,99,518,0,0,110,988,33,199,111,1187,California
Calaveras,2021-01-15,92,1468,28,886,64,582,0,0,72,1040,20,219,72,1259,California
Calaveras,2021-01-16,13,1481,2,888,11,593,0,0,12,1051,1,220,12,1271,California
Calaveras,2021-01-17,10,1491,2,890,8,601,0,0,9,1059,1,221,9,1280,California
Calaveras,2021-01-18,138,1629,21,911,117,718,0,0,122,1169,16,237,126,1406,California
Calaveras,2021-01-19,208,1837,177,1088,31,749,0,0,70,1104,137,374,72,1478,California
Calaveras,2021-01-20,380,2217,82,1170,298,1047,0,0,286,1315,93,467,304,1782,California
Calaveras,2021-01-21,468,2685,42,1212,426,1473,0,0,426,1717,42,509,444,2226,California
Calaveras,2021-01-22,406,3091,25,1237,381,1854,0,0,388,2101,18,527,402,2628,California
Calaveras,2021-01-23,19,3110,8,1245,11,1865,0,0,18,2118,1,528,18,2646,California
Calaveras,2021-01-24,14,3124,8,1253,6,1871,0,0,12,2128,2,530,12,2658,California
Calaveras,2021-01-25,88,3212,7,1260,81,1952,0,0,83,2206,5,535,83,2741,California
Calaveras,2021-01-26,49,3261,16,1276,33,1985,0,0,40,2237,9,544,40,2781,California
Calaveras,2021-01-27,140,3401,47,1323,93,2078,0,0,111,2320,28,572,111,2892,California
Calaveras,2021-01-28,165,3566,25,1348,140,2218,0,0,137,2435,28,600,143,3035,California
Calaveras,2021-01-29,398,3964,14,1362,384,2602,0,0,363,2779,35,635,379,3414,California
Calaveras,2021-01-30,27,3991,10,1372,17,2619,0,0,25,2804,0,635,25,3439,California
Calaveras,2021-01-31,6,3997,4,1376,2,2621,0,0,5,2808,1,636,5,3444,California
Calaveras,2021-02-01,31,4028,12,1388,19,2640,0,0,22,2821,9,645,22,3466,California
Calaveras,2021-02-02,113,4141,24,1412,89,2729,0,0,74,2862,34,679,75,3541,California
Calaveras,2021-02-03,445,4586,45,1457,400,3129,0,0,360,3140,84,763,362,3903,California
Calaveras,2021-02-04,391,4977,26,1483,365,3494,0,0,305,3362,86,849,308,4211,California
Calaveras,2021-02-05,81,5058,22,1505,59,3553,0,0,42,3366,39,888,43,4254,California
Calaveras,2021-02-06,22,5080,12,1517,10,3563,0,0,22,3388,0,888,22,4276,California
Calaveras,2021-02-07,6,5086,1,1518,5,3568,0,0,2,3388,2,890,2,4278,California
Calaveras,2021-02-08,41,5127,19,1537,22,3590,0,0,33,3415,6,896,33,4311,California
Calaveras,2021-02-09,195,5322,78,1615,117,3707,0,0,132,3487,61,957,133,4444,California
Calaveras,2021-02-10,518,5840,33,1648,485,4192,0,0,443,3864,75,1032,452,4896,California
Calaveras,2021-02-11,601,6441,91,1739,510,4702,0,0,480,4239,118,1150,493,5389,California
Calaveras,2021-02-12,577,7018,326,2065,251,4953,0,0,491,4656,84,1234,501,5890,California
Calaveras,2021-02-13,203,7221,45,2110,158,5111,0,0,188,4829,15,1249,188,6078,California
Calaveras,2021-02-14,224,7445,71,2181,153,5264,0,0,208,5023,14,1263,208,6286,California
Calaveras,2021-02-15,387,7832,25,2206,362,5626,0,0,263,5167,119,1382,263,6549,California
Calaveras,2021-02-16,269,8101,146,2352,123,5749,0,0,231,5363,38,1420,234,6783,California
Calaveras,2021-02-17,514,8615,40,2392,474,6223,0,0,204,5280,292,1712,209,6992,California
Calaveras,2021-02-18,504,9119,96,2488,408,6631,0,0,97,4995,383,2095,98,7090,California
Calaveras,2021-02-19,443,9562,43,2531,400,7031,0,0,99,4766,328,2423,99,7189,California
Calaveras,2021-02-20,58,9620,15,2546,43,7074,0,0,48,4804,10,2433,48,7237,California
Calaveras,2021-02-21,27,9647,16,2562,11,7085,0,0,20,4818,6,2439,20,7257,California
Calaveras,2021-02-22,63,9710,38,2600,25,7110,0,0,33,4821,30,2469,33,7290,California
Calaveras,2021-02-23,136,9846,49,2649,87,7197,0,0,95,4876,41,2510,96,7386,California
Calaveras,2021-02-24,99,9945,49,2698,50,7247,0,0,67,4912,31,2541,67,7453,California
Calaveras,2021-02-25,557,10502,104,2802,453,7700,0,0,355,5082,193,2734,363,7816,California
Calaveras,2021-02-26,784,11286,45,2847,739,8439,0,0,376,5077,383,3117,378,8194,California
Calaveras,2021-02-27,204,11490,25,2872,179,8618,0,0,179,5231,25,3142,179,8373,California
Calaveras,2021-02-28,95,11585,15,2887,80,8698,0,0,90,5316,5,3147,90,8463,California
Calaveras,2021-03-01,252,11837,48,2935,204,8902,0,0,154,5378,93,3240,155,8618,California
Calaveras,2021-03-02,262,12099,105,3040,157,9059,0,0,209,5539,50,3290,211,8829,California
Calaveras,2021-03-03,571,12670,110,3150,461,9520,0,0,218,5411,347,3637,219,9048,California
Calaveras,2021-03-04,755,13425,71,3221,683,10203,1,1,352,5371,394,4031,354,9402,California
Calaveras,2021-03-05,457,13882,272,3493,181,10384,4,5,142,5215,302,4333,146,9548,California
Calaveras,2021-03-06,154,14036,43,3536,105,10489,6,11,113,5294,41,4374,120,9668,California
Calaveras,2021-03-07,76,14112,32,3568,37,10526,7,18,35,5295,41,4415,42,9710,California
Calaveras,2021-03-08,166,14278,31,3599,127,10653,8,26,128,5395,36,4451,136,9846,California
Calaveras,2021-03-09,376,14654,143,3742,227,10880,6,32,33,5097,337,4788,39,9885,California
Calaveras,2021-03-10,432,15086,35,3777,394,11274,3,35,58,4795,363,5151,61,9946,California
Calaveras,2021-03-11,881,15967,441,4218,427,11701,13,48,436,4816,430,5581,451,10397,California
Calaveras,2021-03-12,429,16396,224,4442,195,11896,10,58,325,5058,102,5683,344,10741,California
Calaveras,2021-03-13,192,16588,19,4461,165,12061,8,66,139,5158,51,5734,151,10892,California
Calaveras,2021-03-14,162,16750,11,4472,150,12211,1,67,18,5039,144,5878,25,10917,California
Calaveras,2021-03-15,334,17084,50,4522,258,12469,26,93,53,4842,280,6158,83,11000,California
Calaveras,2021-03-16,699,17783,562,5084,117,12586,20,113,553,5271,144,6302,573,11573,California
Calaveras,2021-03-17,289,18072,53,5137,222,12808,14,127,52,5108,230,6532,67,11640,California
Calaveras,2021-03-18,671,18743,575,5712,80,12888,16,143,548,5552,123,6655,567,12207,California
Calaveras,2021-03-19,236,18979,51,5763,110,12998,75,218,59,5511,173,6828,132,12339,California
Calaveras,2021-03-20,81,19060,22,5785,58,13056,1,219,23,5478,58,6886,25,12364,California
Calaveras,2021-03-21,47,19107,29,5814,7,13063,11,230,9,5462,37,6923,21,12385,California
Calaveras,2021-03-22,83,19190,39,5853,23,13086,21,251,26,5452,57,6980,47,12432,California
Calaveras,2021-03-23,299,19489,205,6058,84,13170,10,261,118,5410,169,7149,127,12559,California
Calaveras,2021-03-24,136,19625,52,6110,74,13244,10,271,44,5374,90,7239,54,12613,California
Calaveras,2021-03-25,754,20379,109,6219,641,13885,4,275,451,5537,292,7531,455,13068,California
Calaveras,2021-03-26,436,20815,29,6248,400,14285,7,282,90,5296,340,7871,99,13167,California
Calaveras,2021-03-27,211,21026,21,6269,186,14471,4,286,38,5170,170,8041,44,13211,California
Calaveras,2021-03-28,111,21137,12,6281,96,14567,3,289,8,5080,102,8143,12,13223,California
Calaveras,2021-03-29,185,21322,23,6304,159,14726,3,292,59,5020,123,8266,63,13286,California
Calaveras,2021-03-30,541,21863,26,6330,498,15224,17,309,362,5221,178,8444,379,13665,California
Calaveras,2021-03-31,327,22190,143,6473,174,15398,10,319,158,5223,167,8611,169,13834,California
Calaveras,2021-04-01,694,22884,449,6922,244,15642,1,320,184,4906,506,9117,189,14023,California
Calaveras,2021-04-02,399,23283,234,7156,157,15799,8,328,116,4757,275,9392,126,14149,California
Calaveras,2021-04-03,143,23426,35,7191,104,15903,4,332,40,4698,103,9495,44,14193,California
Calaveras,2021-04-04,82,23508,26,7217,56,15959,0,332,50,4716,32,9527,50,14243,California
Calaveras,2021-04-05,211,23719,81,7298,120,16079,10,342,99,4713,112,9639,109,14352,California
Calaveras,2021-04-06,661,24380,581,7879,66,16145,14,356,115,4300,542,10181,129,14481,California
Calaveras,2021-04-07,762,25142,664,8543,61,16206,37,393,621,4819,140,10321,659,15140,California
Calaveras,2021-04-08,950,26092,857,9400,70,16276,23,416,433,4763,513,10834,457,15597,California
Calaveras,2021-04-09,159,26251,61,9461,49,16325,49,465,56,4768,99,10933,104,15701,California
Calaveras,2021-04-10,194,26445,42,9503,133,16458,19,484,148,4891,45,10978,168,15869,California
Calaveras,2021-04-11,70,26515,45,9548,23,16481,2,486,49,4921,21,10999,51,15920,California
Calaveras,2021-04-12,106,26621,46,9594,41,16522,19,505,56,4947,50,11049,76,15996,California
Calaveras,2021-04-13,427,27048,372,9966,55,16577,0,505,366,5255,60,11109,368,16364,California
Calaveras,2021-04-14,185,27233,28,9994,157,16734,0,505,135,5342,49,11158,136,16500,California
Calaveras,2021-04-15,335,27568,284,10278,51,16785,0,505,244,5500,86,11244,244,16744,California
Calaveras,2021-04-16,109,27677,32,10310,77,16862,0,505,50,5498,52,11296,50,16794,California
Calaveras,2021-04-17,334,28011,128,10438,206,17068,0,505,291,5746,43,11339,291,17085,California
Calaveras,2021-04-18,18,28029,5,10443,13,17081,0,505,11,5750,7,11346,11,17096,California
Calaveras,2021-04-19,76,28105,27,10470,49,17130,0,505,44,5764,31,11377,45,17141,California
Calaveras,2021-04-20,270,28375,93,10563,177,17307,0,505,197,5894,67,11444,197,17338,California
Calaveras,2021-04-21,217,28592,146,10709,71,17378,0,505,83,5846,132,11576,84,17422,California
Calaveras,2021-04-22,546,29138,97,10806,449,17827,0,505,143,5592,399,11975,145,17567,California
Calaveras,2021-04-23,162,29300,81,10887,81,17908,0,505,64,5561,95,12070,64,17631,California
Calaveras,2021-04-24,172,29472,37,10924,135,18043,0,505,129,5649,42,12112,130,17761,California
Calaveras,2021-04-25,43,29515,28,10952,15,18058,0,505,22,5652,21,12133,24,17785,California
Calaveras,2021-04-26,119,29634,74,11026,45,18103,0,505,35,5605,83,12216,36,17821,California
Calaveras,2021-04-27,446,30080,74,11100,359,18462,13,518,58,5292,384,12600,71,17892,California
Calaveras,2021-04-28,650,30730,580,11680,39,18501,31,549,55,4793,592,13192,93,17985,California
Calaveras,2021-04-29,519,31249,443,12123,57,18558,19,568,72,4444,444,13636,95,18080,California
Calaveras,2021-04-30,156,31405,62,12185,89,18647,5,573,71,4442,84,13720,82,18162,California
Calaveras,2021-05-01,203,31608,112,12297,88,18735,3,576,134,4516,67,13787,141,18303,California
Calaveras,2021-05-02,53,31661,36,12333,16,18751,1,577,20,4507,31,13818,22,18325,California
Calaveras,2021-05-03,94,31755,69,12402,20,18771,5,582,30,4483,63,13881,39,18364,California
Calaveras,2021-05-04,420,32175,330,12732,53,18824,37,619,44,4190,375,14256,82,18446,California
Calaveras,2021-05-05,113,32288,58,12790,23,18847,32,651,50,4210,61,14317,81,18527,California
Calaveras,2021-05-06,255,32543,193,12983,38,18885,24,675,47,4076,206,14523,72,18599,California
Calaveras,2021-05-07,89,32632,25,13008,58,18943,6,681,58,4109,31,14554,64,18663,California
Calaveras,2021-05-08,291,32923,142,13150,146,19089,3,684,90,4005,197,14751,93,18756,California
Calaveras,2021-05-09,28,32951,12,13162,13,19102,3,687,13,4006,15,14766,16,18772,California
Calaveras,2021-05-10,64,33015,29,13191,34,19136,1,688,28,4002,34,14800,30,18802,California
Calaveras,2021-05-11,136,33151,91,13282,33,19169,12,700,95,4070,40,14840,108,18910,California
Calaveras,2021-05-12,171,33322,49,13331,122,19291,0,700,53,4006,117,14957,53,18963,California
Calaveras,2021-05-13,121,33443,66,13397,40,19331,15,715,65,4033,54,15011,81,19044,California
Calaveras,2021-05-14,148,33591,92,13489,53,19384,3,718,99,4087,48,15059,102,19146,California
Calaveras,2021-05-15,268,33859,96,13585,169,19553,3,721,106,4040,156,15215,109,19255,California
Calaveras,2021-05-16,30,33889,12,13597,18,19571,0,721,14,4039,16,15231,15,19270,California
Calaveras,2021-05-17,90,33979,42,13639,41,19612,7,728,47,4052,42,15273,55,19325,California
Calaveras,2021-05-18,228,34207,62,13701,144,19756,22,750,73,3993,154,15427,95,19420,California
Calaveras,2021-05-19,151,34358,63,13764,84,19840,4,754,72,3992,78,15505,77,19497,California
Calaveras,2021-05-20,203,34561,80,13844,97,19937,26,780,66,3949,134,15639,91,19588,California
Calaveras,2021-05-21,97,34658,55,13899,38,19975,4,784,58,3972,38,15677,61,19649,California
Calaveras,2021-05-22,301,34959,160,14059,141,20116,0,784,148,3968,152,15829,148,19797,California
Calaveras,2021-05-23,31,34990,16,14075,15,20131,0,784,13,3963,18,15847,13,19810,California
Calaveras,2021-05-24,76,35066,40,14115,20,20151,16,800,32,3968,44,15891,49,19859,California
Calaveras,2021-05-25,125,35191,48,14163,60,20211,17,817,56,3972,69,15960,73,19932,California
Calaveras,2021-05-26,121,35312,87,14250,30,20241,4,821,83,4021,37,15997,86,20018,California
Calaveras,2021-05-27,85,35397,44,14294,37,20278,4,825,29,4002,53,16050,34,20052,California
Calaveras,2021-05-28,85,35482,44,14338,37,20315,4,829,39,3999,46,16096,43,20095,California
Calaveras,2021-05-29,69,35551,23,14361,41,20356,5,834,33,4002,36,16132,39,20134,California
Calaveras,2021-05-30,36,35587,14,14375,17,20373,5,839,11,3993,25,16157,16,20150,California
Calaveras,2021-05-31,5,35592,0,14375,3,20376,2,841,0,3990,5,16162,2,20152,California
Calaveras,2021-06-01,145,35737,97,14472,42,20418,6,847,44,3939,101,16263,50,20202,California
Calaveras,2021-06-02,86,35823,55,14527,27,20445,4,851,37,3931,49,16312,41,20243,California
Calaveras,2021-06-03,93,35916,55,14582,31,20476,7,858,42,3933,49,16361,51,20294,California
Calaveras,2021-06-04,139,36055,93,14675,34,20510,12,870,36,3878,103,16464,48,20342,California
Calaveras,2021-06-05,85,36140,28,14703,55,20565,2,872,34,3864,50,16514,36,20378,California
Calaveras,2021-06-06,40,36180,28,14731,9,20574,3,875,21,3869,19,16533,24,20402,California
Calaveras,2021-06-07,62,36242,45,14776,9,20583,8,883,25,3866,36,16569,33,20435,California
Calaveras,2021-06-08,125,36367,79,14855,39,20622,7,890,57,3864,66,16635,64,20499,California
Calaveras,2021-06-09,95,36462,51,14906,38,20660,6,896,30,3837,65,16700,38,20537,California
Calaveras,2021-06-10,119,36581,58,14964,52,20712,9,905,41,3811,76,16776,50,20587,California
Calaveras,2021-06-11,104,36685,59,15023,40,20752,5,910,33,3778,71,16847,38,20625,California
Calaveras,2021-06-12,62,36747,36,15059,24,20776,2,912,19,3757,43,16890,22,20647,California
Calaveras,2021-06-13,31,36778,18,15077,9,20785,4,916,8,3746,23,16913,12,20659,California
Calaveras,2021-06-14,59,36837,39,15116,16,20801,4,920,22,3737,37,16950,28,20687,California
Calaveras,2021-06-15,90,36927,55,15171,26,20827,9,929,23,3703,67,17017,33,20720,California
Calaveras,2021-06-16,179,37106,138,15309,27,20854,14,943,39,3617,139,17156,53,20773,California
Calaveras,2021-06-17,60,37166,32,15341,23,20877,5,948,24,3613,33,17189,29,20802,California
Calaveras,2021-06-18,60,37226,41,15382,15,20892,4,952,25,3607,35,17224,29,20831,California
Calaveras,2021-06-19,66,37292,23,15405,26,20918,17,969,23,3604,43,17267,40,20871,California
Calaveras,2021-06-20,6,37298,2,15407,3,20921,1,970,2,3603,4,17271,3,20874,California
Calaveras,2021-06-21,39,37337,15,15422,18,20939,6,976,24,3619,15,17286,31,20905,California
Calaveras,2021-06-22,63,37400,32,15454,29,20968,2,978,28,3617,33,17319,31,20936,California
Calaveras,2021-06-23,59,37459,34,15488,18,20986,7,985,25,3615,34,17353,32,20968,California
Calaveras,2021-06-24,62,37521,30,15518,30,21016,2,987,30,3615,32,17385,32,21000,California
Calaveras,2021-06-25,51,37572,31,15549,12,21028,8,995,21,3614,30,17415,29,21029,California
Calaveras,2021-06-26,33,37605,16,15565,15,21043,2,997,20,3624,13,17428,23,21052,California
Calaveras,2021-06-27,18,37623,16,15581,1,21044,1,998,8,3623,10,17438,9,21061,California
Calaveras,2021-06-28,42,37665,24,15605,13,21057,5,1003,18,3623,24,17462,24,21085,California
Calaveras,2021-06-29,53,37718,41,15646,9,21066,3,1006,22,3617,31,17493,25,21110,California
Calaveras,2021-06-30,39,37757,22,15668,9,21075,8,1014,18,3622,21,17514,26,21136,California
Calaveras,2021-07-01,37,37794,21,15689,11,21086,5,1019,18,3627,18,17532,23,21159,California
Calaveras,2021-07-02,37,37831,28,15717,7,21093,2,1021,22,3636,15,17547,24,21183,California
Colusa,2020-12-18,1,1,1,1,0,0,0,0,1,1,0,0,1,1,California
Colusa,2020-12-21,2,3,2,3,0,0,0,0,2,3,0,0,2,3,California
Colusa,2020-12-22,10,13,10,13,0,0,0,0,10,13,0,0,10,13,California
Colusa,2020-12-23,10,23,10,23,0,0,0,0,10,23,0,0,10,23,California
Colusa,2020-12-24,2,25,1,24,1,1,0,0,2,25,0,0,2,25,California
Colusa,2020-12-27,1,26,1,25,0,1,0,0,1,26,0,0,1,26,California
Colusa,2020-12-28,7,33,3,28,4,5,0,0,7,33,0,0,7,33,California
Colusa,2020-12-29,10,43,8,36,2,7,0,0,10,43,0,0,10,43,California
Colusa,2020-12-30,51,94,14,50,37,44,0,0,51,94,0,0,51,94,California
Colusa,2020-12-31,18,112,1,51,17,61,0,0,18,112,0,0,18,112,California
Colusa,2021-01-04,3,115,0,51,3,64,0,0,3,115,0,0,3,115,California
Colusa,2021-01-05,68,183,1,52,67,131,0,0,68,183,0,0,68,183,California
Colusa,2021-01-06,15,198,9,61,6,137,0,0,15,198,0,0,15,198,California
Colusa,2021-01-07,40,238,5,66,35,172,0,0,39,236,1,1,39,237,California
Colusa,2021-01-08,9,247,7,73,2,174,0,0,8,243,1,2,8,245,California
Colusa,2021-01-09,2,249,1,74,1,175,0,0,2,245,0,2,2,247,California
Colusa,2021-01-10,1,250,0,74,1,176,0,0,1,246,0,2,1,248,California
Colusa,2021-01-11,12,262,6,80,6,182,0,0,7,248,5,7,7,255,California
Colusa,2021-01-12,11,273,9,89,2,184,0,0,6,249,5,12,6,261,California
Colusa,2021-01-13,21,294,13,102,8,192,0,0,13,254,8,20,13,274,California
Colusa,2021-01-14,36,330,29,131,7,199,0,0,34,286,2,22,34,308,California
Colusa,2021-01-15,42,372,5,136,37,236,0,0,40,324,2,24,40,348,California
Colusa,2021-01-16,12,384,1,137,11,247,0,0,11,334,1,25,11,359,California
Colusa,2021-01-17,3,387,2,139,1,248,0,0,2,335,1,26,2,361,California
Colusa,2021-01-18,4,391,0,139,4,252,0,0,4,339,0,26,4,365,California
Colusa,2021-01-19,9,400,8,147,1,253,0,0,5,340,4,30,5,370,California
Colusa,2021-01-20,115,515,101,248,14,267,0,0,101,427,14,44,101,471,California
Colusa,2021-01-21,59,574,44,292,15,282,0,0,58,484,1,45,58,529,California
Colusa,2021-01-22,40,614,17,309,23,305,0,0,35,514,5,50,35,564,California
Colusa,2021-01-23,35,649,6,315,29,334,0,0,35,549,0,50,35,599,California
Colusa,2021-01-25,7,656,0,315,7,341,0,0,7,556,0,50,7,606,California
Colusa,2021-01-26,8,664,5,320,3,344,0,0,5,558,3,53,5,611,California
Colusa,2021-01-27,110,774,31,351,79,423,0,0,108,664,2,55,108,719,California
Colusa,2021-01-28,83,857,48,399,35,458,0,0,74,729,9,64,74,793,California
Colusa,2021-01-29,42,899,7,406,35,493,0,0,41,769,1,65,41,834,California
Colusa,2021-01-30,27,926,4,410,23,516,0,0,27,796,0,65,27,861,California
Colusa,2021-01-31,7,933,7,417,0,516,0,0,7,803,0,65,7,868,California
Colusa,2021-02-01,27,960,10,427,17,533,0,0,22,820,5,70,22,890,California
Colusa,2021-02-02,42,1002,8,435,34,567,0,0,36,850,6,76,36,926,California
Colusa,2021-02-03,72,1074,10,445,62,629,0,0,60,898,12,88,60,986,California
Colusa,2021-02-04,143,1217,81,526,62,691,0,0,114,983,29,117,114,1100,California
Colusa,2021-02-05,32,1249,8,534,24,715,0,0,29,1009,3,120,29,1129,California
Colusa,2021-02-06,285,1534,9,543,276,991,0,0,274,1272,11,131,274,1403,California
Colusa,2021-02-07,2,1536,1,544,1,992,0,0,0,1270,2,133,0,1403,California
Colusa,2021-02-08,40,1576,5,549,35,1027,0,0,37,1304,3,136,37,1440,California
Colusa,2021-02-09,231,1807,14,563,217,1244,0,0,176,1425,55,191,176,1616,California
Colusa,2021-02-10,118,1925,42,605,76,1320,0,0,74,1455,44,235,74,1690,California
Colusa,2021-02-11,107,2032,44,649,63,1383,0,0,80,1508,27,262,80,1770,California
Colusa,2021-02-12,117,2149,9,658,108,1491,0,0,78,1546,40,302,78,1848,California
Colusa,2021-02-13,60,2209,8,666,52,1543,0,0,52,1590,8,310,52,1900,California
Colusa,2021-02-14,21,2230,8,674,13,1556,0,0,15,1599,6,316,15,1915,California
Colusa,2021-02-15,46,2276,10,684,36,1592,0,0,39,1631,7,323,39,1954,California
Colusa,2021-02-16,69,2345,4,688,65,1657,0,0,68,1698,1,324,68,2022,California
Colusa,2021-02-17,209,2554,143,831,66,1723,0,0,62,1613,147,471,62,2084,California
Colusa,2021-02-18,139,2693,39,870,100,1823,0,0,116,1706,23,494,116,2200,California
Colusa,2021-02-19,157,2850,19,889,138,1961,0,0,131,1811,26,520,131,2331,California
Colusa,2021-02-20,32,2882,6,895,26,1987,0,0,13,1805,19,539,13,2344,California
Colusa,2021-02-21,4,2886,2,897,2,1989,0,0,2,1805,2,541,2,2346,California
Colusa,2021-02-22,45,2931,27,924,18,2007,0,0,30,1820,15,556,30,2376,California
Colusa,2021-02-23,21,2952,6,930,15,2022,0,0,17,1833,4,560,17,2393,California
Colusa,2021-02-24,306,3258,54,984,252,2274,0,0,159,1845,147,707,159,2552,California
Colusa,2021-02-25,112,3370,64,1048,48,2322,0,0,76,1885,36,743,76,2628,California
Colusa,2021-02-26,99,3469,14,1062,85,2407,0,0,60,1906,39,782,60,2688,California
Colusa,2021-02-27,57,3526,4,1066,53,2460,0,0,42,1933,15,797,42,2730,California
Colusa,2021-02-28,27,3553,15,1081,12,2472,0,0,18,1942,9,806,18,2748,California
Colusa,2021-03-01,46,3599,15,1096,31,2503,0,0,29,1954,17,823,29,2777,California
Colusa,2021-03-02,50,3649,13,1109,37,2540,0,0,26,1956,24,847,26,2803,California
Colusa,2021-03-03,253,3902,46,1155,207,2747,0,0,193,2089,60,907,193,2996,California
Colusa,2021-03-04,147,4049,60,1215,87,2834,0,0,77,2096,70,977,77,3073,California
Colusa,2021-03-05,111,4160,25,1240,77,2911,9,9,54,2102,57,1034,63,3136,California
Colusa,2021-03-06,276,4436,9,1249,267,3178,0,9,39,1904,237,1271,39,3175,California
Colusa,2021-03-07,8,4444,5,1254,3,3181,0,9,6,1908,2,1273,6,3181,California
Colusa,2021-03-08,107,4551,22,1276,50,3231,35,44,48,1933,58,1331,83,3264,California
Colusa,2021-03-09,288,4839,74,1350,191,3422,23,67,94,1856,194,1525,117,3381,California
Colusa,2021-03-10,310,5149,38,1388,236,3658,36,103,211,2004,99,1624,247,3628,California
Colusa,2021-03-11,437,5586,63,1451,353,4011,21,124,340,2266,97,1721,359,3987,California
Colusa,2021-03-12,111,5697,18,1469,80,4091,13,137,20,2208,91,1812,33,4020,California
Colusa,2021-03-13,68,5765,16,1485,43,4134,9,146,21,2191,47,1859,30,4050,California
Colusa,2021-03-14,21,5786,0,1485,19,4153,2,148,5,2183,15,1874,7,4057,California
Colusa,2021-03-15,80,5866,27,1512,45,4198,8,156,23,2157,57,1931,31,4088,California
Colusa,2021-03-16,298,6164,16,1528,236,4434,46,202,189,2283,109,2040,235,4323,California
Colusa,2021-03-17,195,6359,49,1577,146,4580,0,202,106,2300,89,2129,106,4429,California
Colusa,2021-03-18,326,6685,39,1616,216,4796,71,273,194,2434,132,2261,266,4695,California
Colusa,2021-03-19,80,6765,20,1636,58,4854,2,275,53,2462,27,2288,55,4750,California
Colusa,2021-03-20,51,6816,8,1644,42,4896,1,276,37,2486,14,2302,38,4788,California
Colusa,2021-03-21,6,6822,4,1648,2,4898,0,276,1,2482,5,2307,1,4789,California
Colusa,2021-03-22,62,6884,10,1658,43,4941,9,285,40,2509,22,2329,49,4838,California
Colusa,2021-03-23,82,6966,16,1674,64,5005,2,287,56,2541,26,2355,58,4896,California
Colusa,2021-03-24,339,7305,57,1731,276,5281,6,293,65,2337,274,2629,70,4966,California
Colusa,2021-03-25,110,7415,61,1792,44,5325,5,298,52,2336,58,2687,57,5023,California
Colusa,2021-03-26,300,7715,47,1839,249,5574,4,302,247,2534,53,2740,251,5274,California
Colusa,2021-03-27,63,7778,5,1844,58,5632,0,302,24,2519,39,2779,24,5298,California
Colusa,2021-03-28,16,7794,7,1851,9,5641,0,302,7,2517,9,2788,7,5305,California
Colusa,2021-03-29,72,7866,20,1871,46,5687,6,308,31,2513,41,2829,37,5342,California
Colusa,2021-03-30,151,8017,82,1953,67,5754,2,310,72,2508,79,2908,74,5416,California
Colusa,2021-03-31,234,8251,41,1994,193,5947,0,310,66,2407,167,3075,66,5482,California
Colusa,2021-04-01,434,8685,72,2066,307,6254,55,365,308,2644,125,3200,362,5844,California
Colusa,2021-04-02,82,8767,14,2080,54,6308,14,379,38,2652,44,3244,52,5896,California
Colusa,2021-04-03,62,8829,10,2090,29,6337,23,402,14,2640,48,3292,36,5932,California
Colusa,2021-04-04,18,8847,0,2090,8,6345,10,412,3,2638,15,3307,13,5945,California
Colusa,2021-04-05,96,8943,26,2116,54,6399,16,428,34,2626,62,3369,50,5995,California
Colusa,2021-04-06,130,9073,35,2151,45,6444,50,478,35,2616,95,3464,85,6080,California
Colusa,2021-04-07,357,9430,42,2193,292,6736,23,501,125,2534,231,3695,149,6229,California
Colusa,2021-04-08,429,9859,34,2227,367,7103,28,529,117,2370,309,4004,145,6374,California
Colusa,2021-04-09,77,9936,21,2248,32,7135,24,553,28,2373,49,4053,52,6426,California
Colusa,2021-04-10,45,9981,10,2258,14,7149,21,574,8,2365,37,4090,29,6455,California
Colusa,2021-04-11,16,9997,3,2261,11,7160,2,576,8,2367,8,4098,10,6465,California
Colusa,2021-04-12,32,10029,3,2264,29,7189,0,576,15,2365,17,4115,15,6480,California
Colusa,2021-04-13,280,10309,23,2287,257,7446,0,576,95,2276,184,4299,95,6575,California
Colusa,2021-04-14,97,10406,20,2307,77,7523,0,576,35,2249,62,4361,35,6610,California
Colusa,2021-04-15,325,10731,48,2355,277,7800,0,576,131,2186,194,4555,131,6741,California
Colusa,2021-04-16,81,10812,11,2366,70,7870,0,576,35,2176,45,4600,35,6776,California
Colusa,2021-04-17,53,10865,7,2373,46,7916,0,576,30,2183,23,4623,30,6806,California
Colusa,2021-04-18,9,10874,2,2375,7,7923,0,576,7,2188,2,4625,7,6813,California
Colusa,2021-04-19,61,10935,21,2396,40,7963,0,576,17,2161,44,4669,17,6830,California
Colusa,2021-04-20,189,11124,38,2434,151,8114,0,576,134,2240,55,4724,134,6964,California
Colusa,2021-04-21,178,11302,68,2502,110,8224,0,576,110,2282,68,4792,110,7074,California
Colusa,2021-04-22,425,11727,27,2529,397,8621,1,577,221,2300,203,4995,221,7295,California
Colusa,2021-04-23,96,11823,21,2550,75,8696,0,577,37,2278,59,5054,37,7332,California
Colusa,2021-04-24,241,12064,19,2569,221,8917,1,578,210,2457,31,5085,210,7542,California
Colusa,2021-04-25,12,12076,6,2575,6,8923,0,578,8,2461,4,5089,8,7550,California
Colusa,2021-04-26,25,12101,5,2580,19,8942,1,579,6,2449,18,5107,6,7556,California
Colusa,2021-04-27,97,12198,25,2605,68,9010,4,583,44,2444,53,5160,48,7604,California
Colusa,2021-04-28,196,12394,33,2638,160,9170,3,586,144,2540,51,5211,147,7751,California
Colusa,2021-04-29,319,12713,29,2667,286,9456,4,590,48,2323,269,5480,52,7803,California
Colusa,2021-04-30,67,12780,20,2687,47,9503,0,590,43,2342,24,5504,43,7846,California
Colusa,2021-05-01,19,12799,8,2695,8,9511,3,593,9,2344,10,5514,12,7858,California
Colusa,2021-05-02,4,12803,1,2696,2,9513,1,594,2,2345,2,5516,3,7861,California
Colusa,2021-05-03,31,12834,7,2703,24,9537,0,594,15,2344,16,5532,15,7876,California
Colusa,2021-05-04,99,12933,55,2758,43,9580,1,595,69,2384,30,5562,70,7946,California
Colusa,2021-05-05,84,13017,21,2779,62,9642,1,596,35,2371,49,5611,36,7982,California
Colusa,2021-05-06,254,13271,16,2795,236,9878,2,598,111,2341,143,5754,113,8095,California
Colusa,2021-05-07,66,13337,4,2799,58,9936,4,602,30,2339,36,5790,34,8129,California
Colusa,2021-05-08,18,13355,6,2805,12,9948,0,602,9,2339,9,5799,9,8138,California
Colusa,2021-05-09,13,13368,5,2810,5,9953,3,605,6,2341,7,5806,9,8147,California
Colusa,2021-05-10,16,13384,6,2816,10,9963,0,605,7,2339,9,5815,7,8154,California
Colusa,2021-05-11,93,13477,34,2850,59,10022,0,605,48,2342,45,5860,48,8202,California
Colusa,2021-05-12,74,13551,32,2882,38,10060,4,609,20,2312,54,5914,24,8226,California
Colusa,2021-05-13,242,13793,24,2906,217,10277,1,610,78,2227,164,6078,79,8305,California
Colusa,2021-05-14,85,13878,18,2924,52,10329,15,625,32,2222,52,6130,47,8352,California
Colusa,2021-05-15,41,13919,10,2934,29,10358,2,627,21,2225,20,6150,23,8375,California
Colusa,2021-05-16,24,13943,8,2942,9,10367,7,634,11,2230,13,6163,18,8393,California
Colusa,2021-05-17,25,13968,5,2947,18,10385,2,636,13,2233,12,6175,15,8408,California
Colusa,2021-05-18,102,14070,27,2974,73,10458,2,638,46,2225,56,6231,48,8456,California
Colusa,2021-05-19,220,14290,44,3018,156,10614,20,658,66,2157,154,6385,86,8542,California
Colusa,2021-05-20,282,14572,34,3052,244,10858,4,662,68,2015,214,6599,72,8614,California
Colusa,2021-05-21,70,14642,24,3076,44,10902,2,664,34,2015,36,6635,36,8650,California
Colusa,2021-05-22,222,14864,24,3100,197,11099,1,665,34,1862,188,6823,35,8685,California
Colusa,2021-05-23,19,14883,8,3108,7,11106,4,669,5,1857,14,6837,9,8694,California
Colusa,2021-05-24,26,14909,3,3111,18,11124,5,674,15,1866,11,6848,20,8714,California
Colusa,2021-05-25,135,15044,75,3186,58,11182,2,676,52,1837,83,6931,54,8768,California
Colusa,2021-05-26,72,15116,25,3211,47,11229,0,676,32,1829,40,6971,32,8800,California
Colusa,2021-05-27,171,15287,17,3228,154,11383,0,676,54,1766,117,7088,54,8854,California
Colusa,2021-05-28,79,15366,25,3253,53,11436,1,677,40,1768,39,7127,41,8895,California
Colusa,2021-05-29,40,15406,18,3271,18,11454,4,681,29,1790,11,7138,33,8928,California
Colusa,2021-05-30,8,15414,1,3272,2,11456,5,686,1,1789,7,7145,6,8934,California
Colusa,2021-05-31,4,15418,0,3272,4,11460,0,686,1,1787,3,7148,1,8935,California
Colusa,2021-06-01,49,15467,15,3287,33,11493,1,687,25,1789,24,7172,26,8961,California
Colusa,2021-06-02,146,15613,20,3307,124,11617,2,689,51,1748,94,7266,53,9014,California
Colusa,2021-06-03,63,15676,20,3327,42,11659,1,690,26,1741,34,7300,27,9041,California
Colusa,2021-06-04,61,15737,19,3346,38,11697,4,694,22,1728,39,7339,26,9067,California
Colusa,2021-06-05,35,15772,16,3362,18,11715,1,695,17,1728,18,7357,18,9085,California
Colusa,2021-06-06,11,15783,6,3368,4,11719,1,696,6,1730,5,7362,7,9092,California
Colusa,2021-06-07,23,15806,6,3374,17,11736,0,696,10,1727,13,7375,10,9102,California
Colusa,2021-06-08,75,15881,21,3395,54,11790,0,696,29,1710,46,7421,29,9131,California
Colusa,2021-06-09,71,15952,41,3436,30,11820,0,696,30,1699,41,7462,30,9161,California
Colusa,2021-06-10,58,16010,23,3459,31,11851,4,700,14,1673,44,7506,18,9179,California
Colusa,2021-06-11,60,16070,33,3492,27,11878,0,700,29,1671,31,7537,29,9208,California
Colusa,2021-06-12,37,16107,23,3515,14,11892,0,700,9,1652,28,7565,9,9217,California
Colusa,2021-06-13,10,16117,3,3518,5,11897,2,702,2,1648,8,7573,4,9221,California
Colusa,2021-06-14,19,16136,9,3527,10,11907,0,702,7,1643,12,7585,7,9228,California
Colusa,2021-06-15,75,16211,36,3563,38,11945,1,703,19,1607,56,7641,20,9248,California
Colusa,2021-06-16,55,16266,15,3578,39,11984,1,704,15,1583,40,7681,16,9264,California
Colusa,2021-06-17,116,16382,10,3588,105,12089,1,705,17,1502,99,7780,18,9282,California
Colusa,2021-06-18,63,16445,32,3620,27,12116,4,709,25,1493,38,7818,29,9311,California
Colusa,2021-06-19,26,16471,21,3641,4,12120,1,710,6,1480,20,7838,7,9318,California
Colusa,2021-06-20,9,16480,6,3647,3,12123,0,710,7,1485,2,7840,7,9325,California
Colusa,2021-06-21,20,16500,3,3650,16,12139,1,711,8,1482,12,7852,9,9334,California
Colusa,2021-06-22,67,16567,28,3678,34,12173,5,716,29,1479,37,7889,34,9368,California
Colusa,2021-06-23,50,16617,27,3705,22,12195,1,717,21,1472,29,7918,22,9390,California
Colusa,2021-06-24,60,16677,27,3732,31,12226,2,719,22,1458,38,7956,24,9414,California
Colusa,2021-06-25,41,16718,16,3748,25,12251,0,719,25,1467,16,7972,25,9439,California
Colusa,2021-06-26,18,16736,13,3761,5,12256,0,719,5,1459,13,7985,5,9444,California
Colusa,2021-06-27,7,16743,4,3765,3,12259,0,719,5,1462,2,7987,5,9449,California
Colusa,2021-06-28,8,16751,1,3766,6,12265,1,720,5,1465,3,7990,6,9455,California
Colusa,2021-06-29,42,16793,18,3784,20,12285,4,724,18,1464,23,8013,22,9477,California
Colusa,2021-06-30,77,16870,38,3822,38,12323,1,725,28,1445,49,8062,30,9507,California
Colusa,2021-07-01,43,16913,23,3845,19,12342,1,726,17,1437,26,8088,18,9525,California
Colusa,2021-07-02,18,16931,8,3853,10,12352,0,726,6,1431,12,8100,6,9531,California
Contra Costa,2020-12-15,19,19,19,19,0,0,0,0,19,19,0,0,19,19,California
Contra Costa,2020-12-16,524,543,524,543,0,0,0,0,524,543,0,0,524,543,California
Contra Costa,2020-12-17,1049,1592,1049,1592,0,0,0,0,1049,1592,0,0,1049,1592,California
Contra Costa,2020-12-18,1763,3355,1761,3353,2,2,0,0,1763,3355,0,0,1763,3355,California
Contra Costa,2020-12-19,1117,4472,1116,4469,1,3,0,0,1117,4472,0,0,1117,4472,California
Contra Costa,2020-12-20,600,5072,599,5068,1,4,0,0,600,5072,0,0,600,5072,California
Contra Costa,2020-12-21,1671,6743,1668,6736,3,7,0,0,1671,6743,0,0,1671,6743,California
Contra Costa,2020-12-22,1678,8421,1571,8307,107,114,0,0,1678,8421,0,0,1678,8421,California
Contra Costa,2020-12-23,1632,10053,1380,9687,252,366,0,0,1632,10053,0,0,1632,10053,California
Contra Costa,2020-12-24,656,10709,335,10022,321,687,0,0,656,10709,0,0,656,10709,California
Contra Costa,2020-12-25,41,10750,19,10041,22,709,0,0,41,10750,0,0,41,10750,California
Contra Costa,2020-12-26,652,11402,134,10175,518,1227,0,0,652,11402,0,0,652,11402,California
Contra Costa,2020-12-27,243,11645,87,10262,156,1383,0,0,243,11645,0,0,243,11645,California
Contra Costa,2020-12-28,1851,13496,872,11134,979,2362,0,0,1851,13496,0,0,1851,13496,California
Contra Costa,2020-12-29,1851,15347,827,11961,1024,3386,0,0,1851,15347,0,0,1851,15347,California
Contra Costa,2020-12-30,2414,17761,1218,13179,1196,4582,0,0,2412,17758,2,2,2413,17760,California
Contra Costa,2020-12-31,928,18689,309,13488,619,5201,0,0,927,18685,0,2,927,18687,California
Contra Costa,2021-01-01,68,18757,24,13512,44,5245,0,0,68,18753,0,2,68,18755,California
Contra Costa,2021-01-02,347,19104,179,13691,168,5413,0,0,347,19100,0,2,347,19102,California
Contra Costa,2021-01-03,182,19286,123,13814,59,5472,0,0,181,19281,0,2,181,19283,California
Contra Costa,2021-01-04,1907,21193,1249,15063,658,6130,0,0,1887,21150,18,20,1887,21170,California
Contra Costa,2021-01-05,2113,23306,1264,16327,849,6979,0,0,1827,22693,285,305,1828,22998,California
Contra Costa,2021-01-06,3304,26610,2268,18595,1036,8015,0,0,2488,24374,810,1115,2491,25489,California
Contra Costa,2021-01-07,3123,29733,2086,20681,1037,9052,0,0,1800,24854,1320,2435,1800,27289,California
Contra Costa,2021-01-08,3420,33153,2412,23093,1008,10060,0,0,1766,24974,1649,4084,1769,29058,California
Contra Costa,2021-01-09,1597,34750,1142,24235,455,10515,0,0,736,24852,860,4944,738,29796,California
Contra Costa,2021-01-10,369,35119,294,24529,75,10590,0,0,153,24789,216,5160,153,29949,California
Contra Costa,2021-01-11,3859,38978,3162,27691,697,11287,0,0,2229,25391,1630,6790,2232,32181,California
Contra Costa,2021-01-12,3960,42938,2970,30661,990,12277,0,0,2605,26645,1354,8144,2608,34789,California
Contra Costa,2021-01-13,4806,47744,3000,33661,1806,14083,0,0,3831,29506,971,9115,3832,38621,California
Contra Costa,2021-01-14,4334,52078,1572,35233,2762,16845,0,0,3946,33064,388,9503,3946,42567,California
Contra Costa,2021-01-15,5369,57447,2475,37708,2894,19739,0,0,5039,37778,329,9832,5043,47610,California
Contra Costa,2021-01-16,1752,59199,565,38273,1187,20926,0,0,1675,39376,77,9909,1675,49285,California
Contra Costa,2021-01-17,1672,60871,985,39258,687,21613,0,0,1551,40809,121,10030,1554,50839,California
Contra Costa,2021-01-18,3237,64108,1283,40541,1954,23567,0,0,2603,42785,628,10658,2604,53443,California
Contra Costa,2021-01-19,7087,71195,3172,43713,3915,27482,0,0,6074,47856,1008,11666,6079,59522,California
Contra Costa,2021-01-20,6914,78109,4314,48027,2600,30082,0,0,5663,52277,1247,12913,5668,65190,California
Contra Costa,2021-01-21,7097,85206,3156,51183,3941,34023,0,0,6362,57918,729,13642,6370,71560,California
Contra Costa,2021-01-22,6467,91673,2762,53945,3705,37728,0,0,5596,62655,862,14504,5599,77159,California
Contra Costa,2021-01-23,2057,93730,358,54303,1699,39427,0,0,1790,64182,265,14769,1792,78951,California
Contra Costa,2021-01-24,1593,95323,219,54522,1374,40801,0,0,1445,65483,148,14917,1449,80400,California
Contra Costa,2021-01-25,6728,102051,3057,57579,3671,44472,0,0,5131,69026,1592,16509,5135,85535,California
Contra Costa,2021-01-26,8195,110246,4732,62311,3463,47935,0,0,6312,73469,1875,18384,6318,91853,California
Contra Costa,2021-01-27,8248,118494,5441,67752,2807,50742,0,0,6383,78003,1853,20237,6387,98240,California
Contra Costa,2021-01-28,7514,126008,4108,71860,3406,54148,0,0,5885,82269,1623,21860,5889,104129,California
Contra Costa,2021-01-29,7539,133547,3917,75777,3622,57770,0,0,6206,87150,1327,23187,6208,110337,California
Contra Costa,2021-01-30,2152,135699,650,76427,1502,59272,0,0,1747,88500,397,23584,1747,112084,California
Contra Costa,2021-01-31,664,136363,433,76860,231,59503,0,0,569,88977,92,23676,569,112653,California
Contra Costa,2021-02-01,5871,142234,4079,80939,1792,61295,0,0,3956,91030,1907,25583,3960,116613,California
Contra Costa,2021-02-02,7648,149882,5119,86058,2529,63824,0,0,5929,95243,1717,27300,5930,122543,California
Contra Costa,2021-02-03,8341,158223,5503,91561,2838,66662,0,0,5630,98174,2700,30000,5631,128174,California
Contra Costa,2021-02-04,7525,165748,3600,95161,3925,70587,0,0,5752,102159,1770,31770,5755,133929,California
Contra Costa,2021-02-05,8487,174235,4839,100000,3648,74235,0,0,5770,105219,2710,34480,5770,139699,California
Contra Costa,2021-02-06,3495,177730,2168,102168,1327,75562,0,0,2837,107400,657,35137,2838,142537,California
Contra Costa,2021-02-07,995,178725,722,102890,273,75835,0,0,606,107618,388,35525,606,143143,California
Contra Costa,2021-02-08,5910,184635,3515,106405,2395,78230,0,0,4403,110522,1500,37025,4404,147547,California
Contra Costa,2021-02-09,8718,193353,4812,111217,3906,82136,0,0,5787,113387,2923,39948,5788,153335,California
Contra Costa,2021-02-10,8720,202073,4684,115901,4036,86172,0,0,5343,115373,3361,43309,5347,158682,California
Contra Costa,2021-02-11,9410,211483,4254,120155,5156,91328,0,0,5181,116337,4222,47531,5186,163868,California
Contra Costa,2021-02-12,10201,221684,4676,124831,5525,96853,0,0,5491,117129,4702,52233,5494,169362,California
Contra Costa,2021-02-13,4945,226629,1391,126222,3554,100407,0,0,3436,119062,1505,53738,3438,172800,California
Contra Costa,2021-02-14,2114,228743,873,127095,1241,101648,0,0,1227,119405,884,54622,1227,174027,California
Contra Costa,2021-02-15,4520,233263,2498,129593,2022,103670,0,0,2345,119586,2165,56787,2346,176373,California
Contra Costa,2021-02-16,10498,243761,4962,134555,5536,109206,0,0,4672,118446,5816,62603,4676,181049,California
Contra Costa,2021-02-17,12399,256160,6218,140773,6181,115387,0,0,5668,117401,6714,69317,5669,186718,California
Contra Costa,2021-02-18,11609,267769,6016,146789,5593,120980,0,0,5366,116540,6229,75546,5368,192086,California
Contra Costa,2021-02-19,11627,279396,7244,154033,4383,125363,0,0,5244,115421,6365,81911,5246,197332,California
Contra Costa,2021-02-20,6619,286015,2994,157027,3625,128988,0,0,4657,118138,1944,83855,4661,201993,California
Contra Costa,2021-02-21,2360,288375,1768,158795,592,129580,0,0,1581,118941,778,84633,1581,203574,California
Contra Costa,2021-02-22,7951,296326,5388,164183,2563,132143,0,0,3646,118302,4288,88921,3649,207223,California
Contra Costa,2021-02-23,12430,308756,7653,171836,4777,136920,0,0,6259,118416,6153,95074,6267,213490,California
Contra Costa,2021-02-24,10876,319632,7979,179815,2897,139817,0,0,5275,118113,5578,100652,5275,218765,California
Contra Costa,2021-02-25,11949,331581,7581,187396,4368,144185,0,0,5549,117292,6377,107029,5556,224321,California
Contra Costa,2021-02-26,11167,342748,7046,194442,4121,148306,0,0,5525,117192,5627,112656,5527,229848,California
Contra Costa,2021-02-27,6923,349671,4459,198901,2464,150770,0,0,4343,118965,2572,115228,4345,234193,California
Contra Costa,2021-02-28,4349,354020,3606,202507,742,151512,1,1,3669,121959,677,115905,3671,237864,California
Contra Costa,2021-03-01,8728,362748,6598,209105,2123,153635,7,8,5374,124004,3339,119244,5384,243248,California
Contra Costa,2021-03-02,10751,373499,6881,215986,3869,157504,1,9,5769,124810,4965,124209,5771,249019,California
Contra Costa,2021-03-03,11444,384943,7206,223192,4237,161741,1,10,6464,126314,4962,129171,6466,255485,California
Contra Costa,2021-03-04,12011,396954,7186,230378,4823,166564,2,12,6255,126833,5738,134909,6257,261742,California
Contra Costa,2021-03-05,11519,408473,6925,237303,4587,171151,7,19,6618,128576,4883,139792,6626,268368,California
Contra Costa,2021-03-06,7523,415996,4218,241521,2994,174145,311,330,4924,131225,2584,142376,5233,273601,California
Contra Costa,2021-03-07,3864,419860,2467,243988,1333,175478,64,394,3173,133772,689,143065,3236,276837,California
Contra Costa,2021-03-08,8266,428126,3939,247927,4020,179498,307,701,5549,136926,2705,145770,5859,282696,California
Contra Costa,2021-03-09,11219,439345,5947,253874,4975,184473,297,998,5867,137754,5339,151109,6167,288863,California
Contra Costa,2021-03-10,12498,451843,6243,260117,4755,189228,1500,2498,5685,138127,6799,157908,7172,296035,California
Contra Costa,2021-03-11,12549,464392,6608,266725,5373,194601,568,3066,6399,138964,6124,164032,6961,302996,California
Contra Costa,2021-03-12,12701,477093,5233,271958,6898,201499,570,3636,6309,139469,6369,170401,6874,309870,California
Contra Costa,2021-03-13,7910,485003,3179,275137,4298,205797,433,4069,3112,138230,4777,175178,3538,313408,California
Contra Costa,2021-03-14,4448,489451,2632,277769,1329,207126,487,4556,1689,137655,2750,177928,2175,315583,California
Contra Costa,2021-03-15,9538,498989,5180,282949,3594,210720,764,5320,4678,138254,4839,182767,5438,321021,California
Contra Costa,2021-03-16,14438,513427,8607,291556,5421,216141,410,5730,7094,138437,7319,190086,7502,328523,California
Contra Costa,2021-03-17,15188,528615,10501,302057,4463,220604,224,5954,8478,140461,6683,196769,8707,337230,California
Contra Costa,2021-03-18,15537,544152,8678,310735,6378,226982,481,6435,8575,142591,6924,203693,9054,346284,California
Contra Costa,2021-03-19,15762,559914,9120,319855,5229,232211,1413,7848,8167,144596,7576,211269,9581,355865,California
Contra Costa,2021-03-20,10790,570704,6472,326327,4002,236213,316,8164,5105,144359,5658,216927,5421,361286,California
Contra Costa,2021-03-21,4599,575303,4024,330351,477,236690,98,8262,1791,143451,2796,219723,1888,363174,California
Contra Costa,2021-03-22,11726,587029,8839,339190,2628,239318,259,8521,6808,145615,4899,224622,7063,370237,California
Contra Costa,2021-03-23,15777,602806,10895,350085,4710,244028,172,8693,9046,148131,6702,231324,9218,379455,California
Contra Costa,2021-03-24,15127,617933,11795,361880,3118,247146,214,8907,9122,151500,5969,237293,9338,388793,California
Contra Costa,2021-03-25,15446,633379,12037,373917,3115,250261,294,9201,9428,155239,5979,243272,9718,398511,California
Contra Costa,2021-03-26,15144,648523,10862,384779,3879,254140,403,9604,8686,157898,6425,249697,9084,407595,California
Contra Costa,2021-03-27,10591,659114,6885,391664,3193,257333,513,10117,5618,159060,4960,254657,6122,413717,California
Contra Costa,2021-03-28,4258,663372,3037,394701,1167,258500,54,10171,1615,158099,2631,257288,1670,415387,California
Contra Costa,2021-03-29,10961,674333,8546,403247,2300,260800,115,10286,6946,161166,3997,261285,7064,422451,California
Contra Costa,2021-03-30,16868,691201,9232,412479,6279,267079,1357,11643,10389,166452,6454,267739,11740,434191,California
Contra Costa,2021-03-31,18109,709310,12666,425145,3998,271077,1445,13088,11372,172570,6687,274426,12805,446996,California
Contra Costa,2021-04-01,17638,726948,12305,437450,3941,275018,1392,14480,11419,179193,6178,280604,12801,459797,California
Contra Costa,2021-04-02,17549,744497,12909,450359,3607,278625,1033,15513,11619,185918,5919,286523,12644,472441,California
Contra Costa,2021-04-03,10896,755393,6505,456864,2840,281465,1551,17064,6213,189008,4668,291191,7758,480199,California
Contra Costa,2021-04-04,3366,758759,1332,458196,1431,282896,603,17667,853,187956,2505,293696,1453,481652,California
Contra Costa,2021-04-05,12144,770903,7912,466108,3246,286142,986,18653,6579,189972,5549,299245,7565,489217,California
Contra Costa,2021-04-06,17399,788302,12038,478146,3061,289203,2300,20953,9746,194378,7631,306876,12037,501254,California
Contra Costa,2021-04-07,18655,806957,12625,490771,3202,292405,2828,23781,10564,199734,8065,314941,13421,514675,California
Contra Costa,2021-04-08,18728,825685,12478,503249,3325,295730,2925,26706,10034,204015,8666,323607,12947,527622,California
Contra Costa,2021-04-09,18924,844609,12074,515323,4340,300070,2510,29216,10106,207835,8786,332393,12606,540228,California
Contra Costa,2021-04-10,10604,855213,3847,519170,2192,302262,4565,33781,3321,208440,7262,339655,7867,548095,California
Contra Costa,2021-04-11,3374,858587,2011,521181,697,302959,666,34447,1135,208007,2233,341888,1800,549895,California
Contra Costa,2021-04-12,12032,870619,7932,529113,3017,305976,1083,35530,5654,208389,6361,348249,6743,556638,California
Contra Costa,2021-04-13,17979,888598,11031,540144,6940,312916,8,35538,11987,214425,5964,354213,12000,568638,California
Contra Costa,2021-04-14,17794,906392,11181,551325,6612,319528,1,35539,9883,216425,7888,362101,9888,578526,California
Contra Costa,2021-04-15,17597,923989,10798,562123,6798,326326,1,35540,8152,215189,9413,371514,8177,586703,California
Contra Costa,2021-04-16,17018,941007,10596,572719,6421,332747,1,35541,7687,213582,9303,380817,7696,594399,California
Contra Costa,2021-04-17,11600,952607,6367,579086,5233,337980,0,35541,6261,214531,5319,386136,6268,600667,California
Contra Costa,2021-04-18,2928,955535,2288,581374,640,338620,0,35541,1853,215320,1064,387200,1853,602520,California
Contra Costa,2021-04-19,11524,967059,8602,589976,2922,341542,0,35541,3671,211171,7824,395024,3675,606195,California
Contra Costa,2021-04-20,17049,984108,11115,601091,5934,347476,0,35541,6457,207075,10558,405582,6462,612657,California
Contra Costa,2021-04-21,17859,1001967,14602,615693,3256,350732,1,35542,6428,202129,11383,416965,6437,619094,California
Contra Costa,2021-04-22,17377,1019344,14075,629768,3300,354032,2,35544,6148,197100,11188,428153,6159,625253,California
Contra Costa,2021-04-23,17208,1036552,13696,643464,3510,357542,2,35546,5568,191076,11603,439756,5579,630832,California
Contra Costa,2021-04-24,10969,1047521,8453,651917,2515,360057,1,35547,4206,188550,6736,446492,4210,635042,California
Contra Costa,2021-04-25,3292,1050813,2220,654137,1070,361127,2,35549,2079,189423,1212,447704,2085,637127,California
Contra Costa,2021-04-26,10131,1060944,8456,662593,1651,362778,24,35573,3066,185483,7043,454747,3103,640230,California
Contra Costa,2021-04-27,14760,1075704,10787,673380,3795,366573,178,35751,4038,179013,10696,465443,4226,644456,California
Contra Costa,2021-04-28,14344,1090048,11187,684567,2873,369446,284,36035,3859,172714,10448,475891,4149,648605,California
Contra Costa,2021-04-29,13562,1103610,10512,695079,2881,372327,169,36204,3278,165915,10252,486143,3453,652058,California
Contra Costa,2021-04-30,13851,1117461,10904,705983,2689,375016,258,36462,3208,158774,10613,496756,3472,655530,California
Contra Costa,2021-05-01,8050,1125511,5853,711836,1875,376891,322,36784,1920,154913,6103,502859,2242,657772,California
Contra Costa,2021-05-02,2340,1127851,1589,713425,670,377561,81,36865,985,154636,1343,504202,1066,658838,California
Contra Costa,2021-05-03,9138,1136989,8019,721444,944,378505,175,37040,1931,149557,7189,511391,2110,660948,California
Contra Costa,2021-05-04,14222,1151211,12282,733726,1610,380115,330,37370,2313,140322,11878,523269,2643,663591,California
Contra Costa,2021-05-05,12666,1163877,10928,744654,1535,381650,203,37573,2450,132791,10185,533454,2654,666245,California
Contra Costa,2021-05-06,10374,1174251,8621,753275,1416,383066,337,37910,1970,126728,8378,541832,2315,668560,California
Contra Costa,2021-05-07,9706,1183957,7804,761079,1678,384744,224,38134,2241,121759,7430,549262,2461,671021,California
Contra Costa,2021-05-08,5418,1189375,4101,765180,1149,385893,168,38302,1313,119155,4089,553351,1485,672506,California
Contra Costa,2021-05-09,2149,1191524,1819,766999,271,386164,59,38361,450,117975,1691,555042,511,673017,California
Contra Costa,2021-05-10,4978,1196502,3988,770987,770,386934,220,38581,1337,115911,3619,558661,1555,674572,California
Contra Costa,2021-05-11,8895,1205397,4690,775677,3967,390901,238,38819,1784,110849,7091,565752,2029,676601,California
Contra Costa,2021-05-12,9288,1214685,4792,780469,4230,395131,266,39085,1596,105053,7664,573416,1868,678469,California
Contra Costa,2021-05-13,11802,1226487,7884,788353,3731,398862,187,39272,4240,101949,7534,580950,4430,682899,California
Contra Costa,2021-05-14,12280,1238767,8212,796565,3783,402645,285,39557,5025,100030,7227,588177,5308,688207,California
Contra Costa,2021-05-15,10032,1248799,7282,803847,2632,405277,118,39675,4418,98970,5598,593775,4538,692745,California
Contra Costa,2021-05-16,2642,1251441,2326,806173,265,405542,51,39726,1224,98833,1411,595186,1274,694019,California
Contra Costa,2021-05-17,7133,1258574,5758,811931,1198,406740,177,39903,3559,99016,3554,598740,3737,697756,California
Contra Costa,2021-05-18,10249,1268823,7009,818940,3022,409762,218,40121,4442,97902,5777,604517,4663,702419,California
Contra Costa,2021-05-19,8494,1277317,6867,825807,1432,411194,195,40316,3833,97293,4641,609158,4032,706451,California
Contra Costa,2021-05-20,7202,1284519,5682,831489,1333,412527,187,40503,3325,96958,3847,613005,3512,709963,California
Contra Costa,2021-05-21,7088,1291607,5429,836918,1447,413974,212,40715,3207,96520,3854,616859,3416,713379,California
Contra Costa,2021-05-22,5142,1296749,4069,840987,894,414868,179,40894,2509,96598,2608,619467,2686,716065,California
Contra Costa,2021-05-23,1281,1298030,854,841841,370,415238,57,40951,606,96594,666,620133,662,716727,California
Contra Costa,2021-05-24,4750,1302780,3931,845772,642,415880,177,41128,2232,96503,2504,622637,2413,719140,California
Contra Costa,2021-05-25,6282,1309062,5108,850880,923,416803,251,41379,2636,95762,3627,626264,2886,722026,California
Contra Costa,2021-05-26,5636,1314698,3621,854501,1826,418629,189,41568,1938,94212,3676,629940,2126,724152,California
Contra Costa,2021-05-27,3815,1318513,2700,857201,938,419567,177,41745,1605,93797,2193,632133,1778,725930,California
Contra Costa,2021-05-28,5360,1323873,3749,860950,1440,421007,171,41916,2230,93090,3104,635237,2397,728327,California
Contra Costa,2021-05-29,3296,1327169,2147,863097,1032,422039,117,42033,1630,93182,1655,636892,1747,730074,California
Contra Costa,2021-05-30,932,1328101,588,863685,315,422354,29,42062,343,92967,587,637479,372,730446,California
Contra Costa,2021-05-31,387,1328488,267,863952,108,422462,12,42074,127,92848,257,637736,138,730584,California
Contra Costa,2021-06-01,4804,1333292,3573,867525,1085,423547,146,42220,1659,91526,3127,640863,1805,732389,California
Contra Costa,2021-06-02,3442,1336734,2439,869964,859,424406,144,42364,1407,91052,2024,642887,1550,733939,California
Contra Costa,2021-06-03,5436,1342170,4533,874497,788,425194,115,42479,1406,88550,4023,646910,1521,735460,California
Contra Costa,2021-06-04,6396,1348566,5361,879858,896,426090,139,42618,1584,85477,4793,651703,1720,737180,California
Contra Costa,2021-06-05,5214,1353780,4422,884280,680,426770,112,42730,1079,82543,4122,655825,1188,738368,California
Contra Costa,2021-06-06,1363,1355143,1190,885470,143,426913,30,42760,320,81855,1038,656863,350,738718,California
Contra Costa,2021-06-07,4942,1360085,4349,889819,493,427406,100,42860,1356,79736,3576,660439,1457,740175,California
Contra Costa,2021-06-08,6100,1366185,5263,895082,714,428120,123,42983,1416,76608,4667,665106,1539,741714,California
Contra Costa,2021-06-09,4871,1371056,4153,899235,571,428691,147,43130,1259,74422,3592,668698,1406,743120,California
Contra Costa,2021-06-10,4792,1375848,4029,903264,594,429285,169,43299,1229,72273,3547,672245,1398,744518,California
Contra Costa,2021-06-11,4853,1380701,3977,907241,677,429962,199,43498,1277,70187,3561,675806,1475,745993,California
Contra Costa,2021-06-12,3169,1383870,2688,909929,414,430376,67,43565,715,68524,2443,678249,780,746773,California
Contra Costa,2021-06-13,1150,1385020,859,910788,183,430559,108,43673,285,68059,858,679107,393,747166,California
Contra Costa,2021-06-14,3895,1388915,3291,914079,475,431034,129,43802,1118,66544,2759,681866,1244,748410,California
Contra Costa,2021-06-15,4177,1393092,3482,917561,535,431569,160,43962,1311,65158,2857,684723,1471,749881,California
Contra Costa,2021-06-16,3478,1396570,2832,920393,461,432030,185,44147,1208,64298,2251,686974,1391,751272,California
Contra Costa,2021-06-17,2770,1399340,2268,922661,377,432407,125,44272,1050,63759,1712,688686,1173,752445,California
Contra Costa,2021-06-18,3693,1403033,3038,925699,464,432871,191,44463,1327,62921,2354,691040,1516,753961,California
Contra Costa,2021-06-19,2037,1405070,1701,927400,232,433103,104,44567,576,62144,1458,692498,681,754642,California
Contra Costa,2021-06-20,790,1405860,663,928063,98,433201,29,44596,334,62054,452,692950,362,755004,California
Contra Costa,2021-06-21,1813,1407673,1383,929446,274,433475,156,44752,977,62357,828,693778,1131,756135,California
Contra Costa,2021-06-22,3042,1410715,2577,932023,324,433799,141,44893,1188,61844,1841,695619,1328,757463,California
Contra Costa,2021-06-23,2562,1413277,2130,934153,330,434129,102,44995,1029,61450,1525,697144,1131,758594,California
Contra Costa,2021-06-24,2351,1415628,1980,936133,242,434371,129,45124,944,61126,1395,698539,1071,759665,California
Contra Costa,2021-06-25,2770,1418398,2259,938392,356,434727,155,45279,1131,60780,1634,700173,1288,760953,California
Contra Costa,2021-06-26,1455,1419853,1209,939601,170,434897,76,45355,478,60359,975,701148,554,761507,California
Contra Costa,2021-06-27,691,1420544,603,940204,66,434963,22,45377,273,60238,416,701564,295,761802,California
Contra Costa,2021-06-28,2327,1422871,2023,942227,176,435139,128,45505,843,59738,1470,703034,970,762772,California
Contra Costa,2021-06-29,2515,1425386,2108,944335,291,435430,116,45621,970,59288,1533,704567,1083,763855,California
Contra Costa,2021-06-30,2168,1427554,1774,946109,293,435723,101,45722,881,58992,1276,705843,980,764835,California
Contra Costa,2021-07-01,2045,1429599,1726,947835,219,435942,100,45822,830,58721,1204,707047,933,765768,California
Contra Costa,2021-07-02,1714,1431313,1408,949243,242,436184,64,45886,667,58414,1038,708085,731,766499,California
Del Norte,2020-12-21,23,23,23,23,0,0,0,0,23,23,0,0,23,23,California
Del Norte,2020-12-22,46,69,46,69,0,0,0,0,46,69,0,0,46,69,California
Del Norte,2020-12-23,59,128,48,117,11,11,0,0,57,126,0,0,57,126,California
Del Norte,2020-12-28,34,162,34,151,0,11,0,0,34,160,0,0,34,160,California
Del Norte,2020-12-29,4,166,4,155,0,11,0,0,4,164,0,0,4,164,California
Del Norte,2020-12-30,67,233,55,210,12,23,0,0,68,232,0,0,68,232,California
Del Norte,2020-12-31,16,249,13,223,3,26,0,0,16,248,0,0,16,248,California
Del Norte,2021-01-04,103,352,50,273,53,79,0,0,103,351,0,0,103,351,California
Del Norte,2021-01-05,32,384,0,273,32,111,0,0,32,383,0,0,32,383,California
Del Norte,2021-01-06,77,461,18,291,59,170,0,0,77,460,0,0,77,460,California
Del Norte,2021-01-07,21,482,1,292,20,190,0,0,21,481,0,0,21,481,California
Del Norte,2021-01-08,77,559,7,299,70,260,0,0,77,558,0,0,77,558,California
Del Norte,2021-01-11,40,599,21,320,19,279,0,0,18,555,22,22,19,577,California
Del Norte,2021-01-12,52,651,33,353,19,298,0,0,31,565,21,43,31,608,California
Del Norte,2021-01-13,86,737,40,393,46,344,0,0,53,585,33,76,53,661,California
Del Norte,2021-01-14,54,791,14,407,40,384,0,0,48,627,6,82,48,709,California
Del Norte,2021-01-15,107,898,18,425,89,473,0,0,95,710,12,94,95,804,California
Del Norte,2021-01-17,1,899,1,426,0,473,0,0,1,711,0,94,1,805,California
Del Norte,2021-01-18,2,901,0,426,2,475,0,0,2,713,0,94,2,807,California
Del Norte,2021-01-19,118,1019,56,482,62,537,0,0,76,747,42,136,76,883,California
Del Norte,2021-01-20,161,1180,86,568,75,612,0,0,98,782,63,199,98,981,California
Del Norte,2021-01-21,43,1223,40,608,3,615,0,0,32,803,11,210,32,1013,California
Del Norte,2021-01-22,19,1242,17,625,2,617,0,0,12,808,7,217,12,1025,California
Del Norte,2021-01-23,1,1243,0,625,1,618,0,0,1,809,0,217,1,1026,California
Del Norte,2021-01-24,1,1244,0,625,1,619,0,0,1,810,0,217,1,1027,California
Del Norte,2021-01-25,101,1345,83,708,18,637,0,0,56,821,45,262,56,1083,California
Del Norte,2021-01-26,18,1363,11,719,7,644,0,0,7,817,11,273,7,1090,California
Del Norte,2021-01-27,64,1427,21,740,43,687,0,0,61,875,3,276,61,1151,California
Del Norte,2021-01-28,293,1720,20,760,273,960,0,0,288,1158,5,281,288,1439,California
Del Norte,2021-01-29,64,1784,23,783,41,1001,0,0,44,1182,20,301,44,1483,California
Del Norte,2021-01-30,8,1792,1,784,7,1008,0,0,8,1190,0,301,8,1491,California
Del Norte,2021-02-01,41,1833,1,785,40,1048,0,0,26,1201,15,316,26,1517,California
Del Norte,2021-02-02,142,1975,34,819,108,1156,0,0,72,1206,68,384,73,1590,California
Del Norte,2021-02-03,129,2104,42,861,87,1243,0,0,74,1225,55,439,74,1664,California
Del Norte,2021-02-04,70,2174,28,889,42,1285,0,0,41,1236,30,469,41,1705,California
Del Norte,2021-02-05,184,2358,22,911,162,1447,0,0,119,1291,64,533,119,1824,California
Del Norte,2021-02-06,311,2669,5,916,306,1753,0,0,311,1602,0,533,311,2135,California
Del Norte,2021-02-07,2,2671,1,917,1,1754,0,0,2,1604,0,533,2,2137,California
Del Norte,2021-02-08,35,2706,1,918,34,1788,0,0,31,1631,4,537,31,2168,California
Del Norte,2021-02-09,8,2714,5,923,3,1791,0,0,2,1627,6,543,2,2170,California
Del Norte,2021-02-10,143,2857,20,943,123,1914,0,0,85,1655,57,600,85,2255,California
Del Norte,2021-02-11,178,3035,59,1002,119,2033,0,0,64,1605,114,714,64,2319,California
Del Norte,2021-02-12,123,3158,14,1016,109,2142,0,0,69,1620,54,768,69,2388,California
Del Norte,2021-02-13,2,3160,1,1017,1,2143,0,0,2,1622,0,768,2,2390,California
Del Norte,2021-02-14,3,3163,1,1018,2,2145,0,0,2,1623,1,769,2,2392,California
Del Norte,2021-02-15,5,3168,0,1018,5,2150,0,0,3,1624,2,771,3,2395,California
Del Norte,2021-02-16,131,3299,1,1019,130,2280,0,0,13,1519,118,889,13,2408,California
Del Norte,2021-02-17,93,3392,20,1039,73,2353,0,0,25,1477,67,956,25,2433,California
Del Norte,2021-02-18,77,3469,24,1063,53,2406,0,0,51,1502,26,982,51,2484,California
Del Norte,2021-02-19,43,3512,17,1080,26,2432,0,0,33,1525,10,992,33,2517,California
Del Norte,2021-02-20,9,3521,6,1086,3,2435,0,0,6,1528,3,995,6,2523,California
Del Norte,2021-02-21,1,3522,0,1086,1,2436,0,0,0,1527,1,996,0,2523,California
Del Norte,2021-02-22,2,3524,0,1086,2,2438,0,0,2,1529,0,996,2,2525,California
Del Norte,2021-02-23,109,3633,90,1176,19,2457,0,0,32,1485,76,1072,32,2557,California
Del Norte,2021-02-24,156,3789,100,1276,56,2513,0,0,81,1491,75,1147,81,2638,California
Del Norte,2021-02-25,480,4269,131,1407,349,2862,0,0,214,1441,264,1411,214,2852,California
Del Norte,2021-02-26,213,4482,177,1584,36,2898,0,0,166,1560,47,1458,166,3018,California
Del Norte,2021-02-27,150,4632,144,1728,5,2903,1,1,141,1693,9,1467,142,3160,California
Del Norte,2021-02-28,4,4636,1,1729,3,2906,0,1,3,1695,1,1468,3,3163,California
Del Norte,2021-03-01,28,4664,2,1731,26,2932,0,1,4,1676,23,1491,4,3167,California
Del Norte,2021-03-02,222,4886,142,1873,80,3012,0,1,188,1830,34,1525,188,3355,California
Del Norte,2021-03-03,177,5063,107,1980,70,3082,0,1,135,1923,42,1567,135,3490,California
Del Norte,2021-03-04,120,5183,83,2063,37,3119,0,1,91,1986,28,1595,91,3581,California
Del Norte,2021-03-05,122,5305,11,2074,111,3230,0,1,74,2012,48,1643,74,3655,California
Del Norte,2021-03-06,465,5770,77,2151,339,3569,49,50,163,1880,302,1945,170,3825,California
Del Norte,2021-03-07,2,5772,1,2152,1,3570,0,50,1,1880,1,1946,1,3826,California
Del Norte,2021-03-08,29,5801,1,2153,26,3596,2,52,6,1866,22,1968,8,3834,California
Del Norte,2021-03-09,194,5995,113,2266,78,3674,3,55,183,2041,11,1979,186,4020,California
Del Norte,2021-03-10,236,6231,96,2362,111,3785,29,84,134,2102,102,2081,163,4183,California
Del Norte,2021-03-11,151,6382,55,2417,91,3876,5,89,103,2162,48,2129,108,4291,California
Del Norte,2021-03-12,178,6560,88,2505,90,3966,0,89,124,2233,53,2182,124,4415,California
Del Norte,2021-03-13,94,6654,93,2598,1,3967,0,89,91,2321,3,2185,91,4506,California
Del Norte,2021-03-14,1,6655,0,2598,1,3968,0,89,1,2321,1,2186,1,4507,California
Del Norte,2021-03-15,38,6693,0,2598,38,4006,0,89,34,2351,4,2190,34,4541,California
Del Norte,2021-03-16,282,6975,135,2733,147,4153,0,89,261,2591,21,2211,261,4802,California
Del Norte,2021-03-17,284,7259,95,2828,187,4340,2,91,170,2649,114,2325,172,4974,California
Del Norte,2021-03-18,284,7543,107,2935,175,4515,2,93,149,2666,134,2459,151,5125,California
Del Norte,2021-03-19,270,7813,160,3095,104,4619,6,99,92,2586,178,2637,98,5223,California
Del Norte,2021-03-20,157,7970,154,3249,3,4622,0,99,15,2459,142,2779,15,5238,California
Del Norte,2021-03-21,4,7974,2,3251,2,4624,0,99,2,2459,2,2781,2,5240,California
Del Norte,2021-03-22,43,8017,3,3254,39,4663,1,100,39,2496,3,2784,40,5280,California
Del Norte,2021-03-23,335,8352,164,3418,153,4816,18,118,164,2508,169,2953,181,5461,California
Del Norte,2021-03-24,397,8749,107,3525,250,5066,40,158,228,2607,169,3122,268,5729,California
Del Norte,2021-03-25,193,8942,88,3613,105,5171,0,158,85,2585,107,3229,85,5814,California
Del Norte,2021-03-26,234,9176,113,3726,121,5292,0,158,197,2745,37,3266,197,6011,California
Del Norte,2021-03-27,107,9283,86,3812,4,5296,17,175,17,2689,90,3356,34,6045,California
Del Norte,2021-03-28,4,9287,2,3814,2,5298,0,175,1,2687,3,3359,1,6046,California
Del Norte,2021-03-29,57,9344,6,3820,34,5332,17,192,32,2711,25,3384,49,6095,California
Del Norte,2021-03-30,338,9682,119,3939,208,5540,11,203,126,2636,212,3596,137,6232,California
Del Norte,2021-03-31,356,10038,101,4040,238,5778,17,220,199,2697,155,3751,216,6448,California
Del Norte,2021-04-01,164,10202,58,4098,72,5850,34,254,69,2706,94,3845,103,6551,California
Del Norte,2021-04-02,232,10434,78,4176,105,5955,49,303,49,2622,183,4028,99,6650,California
Del Norte,2021-04-03,108,10542,83,4259,2,5957,23,326,5,2548,102,4130,28,6678,California
Del Norte,2021-04-04,4,10546,0,4259,0,5957,4,330,0,2548,4,4134,4,6682,California
Del Norte,2021-04-05,47,10593,5,4264,38,5995,4,334,40,2585,7,4141,44,6726,California
Del Norte,2021-04-06,381,10974,120,4384,223,6218,38,372,146,2539,231,4372,185,6911,California
Del Norte,2021-04-07,438,11412,115,4499,261,6479,62,434,289,2742,149,4521,352,7263,California
Del Norte,2021-04-08,229,11641,54,4553,106,6585,69,503,105,2792,124,4645,174,7437,California
Del Norte,2021-04-09,207,11848,47,4600,83,6668,77,580,100,2861,106,4751,175,7612,California
Del Norte,2021-04-10,47,11895,26,4626,4,6672,17,597,27,2885,20,4771,44,7656,California
Del Norte,2021-04-11,12,11907,3,4629,2,6674,7,604,2,2884,10,4781,9,7665,California
Del Norte,2021-04-12,27,11934,1,4630,9,6683,17,621,1,2877,25,4806,18,7683,California
Del Norte,2021-04-13,299,12233,50,4680,249,6932,0,621,155,2888,144,4950,155,7838,California
Del Norte,2021-04-14,331,12564,23,4703,308,7240,0,621,139,2840,192,5142,144,7982,California
Del Norte,2021-04-15,164,12728,31,4734,133,7373,0,621,45,2767,119,5261,46,8028,California
Del Norte,2021-04-16,162,12890,40,4774,122,7495,0,621,60,2726,102,5363,61,8089,California
Del Norte,2021-04-17,108,12998,76,4850,32,7527,0,621,102,2822,6,5369,102,8191,California
Del Norte,2021-04-18,6,13004,5,4855,1,7528,0,621,5,2826,1,5370,5,8196,California
Del Norte,2021-04-19,51,13055,6,4861,45,7573,0,621,9,2793,42,5412,9,8205,California
Del Norte,2021-04-20,209,13264,40,4901,169,7742,0,621,74,2732,135,5547,74,8279,California
Del Norte,2021-04-21,292,13556,23,4924,269,8011,0,621,67,2577,225,5772,70,8349,California
Del Norte,2021-04-22,116,13672,16,4940,100,8111,0,621,63,2587,53,5825,63,8412,California
Del Norte,2021-04-23,155,13827,22,4962,133,8244,0,621,41,2514,114,5939,41,8453,California
Del Norte,2021-04-24,25,13852,14,4976,11,8255,0,621,20,2529,5,5944,20,8473,California
Del Norte,2021-04-25,2,13854,0,4976,2,8257,0,621,2,2531,0,5944,2,8475,California
Del Norte,2021-04-26,31,13885,0,4976,31,8288,0,621,9,2518,22,5966,9,8484,California
Del Norte,2021-04-27,181,14066,21,4997,155,8443,5,626,50,2443,131,6097,56,8540,California
Del Norte,2021-04-28,351,14417,100,5097,246,8689,5,631,63,2226,286,6383,69,8609,California
Del Norte,2021-04-29,93,14510,6,5103,83,8772,4,635,26,2189,67,6450,30,8639,California
Del Norte,2021-04-30,87,14597,7,5110,70,8842,10,645,47,2206,40,6490,57,8696,California
Del Norte,2021-05-01,7,14604,2,5112,5,8847,0,645,5,2209,2,6492,5,8701,California
Del Norte,2021-05-02,8,14612,0,5112,8,8855,0,645,8,2217,0,6492,8,8709,California
Del Norte,2021-05-03,40,14652,3,5115,34,8889,3,648,2,2185,37,6529,5,8714,California
Del Norte,2021-05-04,221,14873,36,5151,180,9069,5,653,46,2061,175,6704,51,8765,California
Del Norte,2021-05-05,234,15107,20,5171,206,9275,8,661,59,1954,174,6878,67,8832,California
Del Norte,2021-05-06,113,15220,26,5197,74,9349,13,674,26,1906,87,6965,39,8871,California
Del Norte,2021-05-07,151,15371,28,5225,119,9468,4,678,31,1821,120,7085,35,8906,California
Del Norte,2021-05-08,65,15436,55,5280,8,9476,2,680,7,1772,58,7143,9,8915,California
Del Norte,2021-05-09,11,15447,4,5284,4,9480,3,683,3,1770,8,7151,6,8921,California
Del Norte,2021-05-10,24,15471,3,5287,17,9497,4,687,14,1778,10,7161,18,8939,California
Del Norte,2021-05-11,177,15648,50,5337,125,9622,2,689,34,1671,143,7304,36,8975,California
Del Norte,2021-05-12,151,15799,23,5360,118,9740,10,699,27,1585,123,7427,37,9012,California
Del Norte,2021-05-13,68,15867,30,5390,37,9777,1,700,38,1594,30,7457,39,9051,California
Del Norte,2021-05-14,76,15943,26,5416,49,9826,1,701,41,1601,35,7492,42,9093,California
Del Norte,2021-05-15,96,16039,53,5469,37,9863,6,707,53,1617,43,7535,59,9152,California
Del Norte,2021-05-16,11,16050,0,5469,11,9874,0,707,11,1628,0,7535,11,9163,California
Del Norte,2021-05-17,26,16076,3,5472,20,9894,3,710,15,1635,11,7546,18,9181,California
Del Norte,2021-05-18,129,16205,69,5541,60,9954,0,710,81,1668,48,7594,81,9262,California
Del Norte,2021-05-19,97,16302,14,5555,66,10020,17,727,35,1657,62,7656,51,9313,California
Del Norte,2021-05-20,101,16403,33,5588,65,10085,3,730,41,1642,59,7715,44,9357,California
Del Norte,2021-05-21,81,16484,34,5622,44,10129,3,733,44,1652,37,7752,47,9404,California
Del Norte,2021-05-22,24,16508,8,5630,16,10145,0,733,11,1651,12,7764,11,9415,California
Del Norte,2021-05-23,14,16522,5,5635,9,10154,0,733,7,1651,7,7771,7,9422,California
Del Norte,2021-05-24,25,16547,9,5644,16,10170,0,733,16,1658,9,7780,16,9438,California
Del Norte,2021-05-25,47,16594,5,5649,36,10206,6,739,17,1654,27,7807,23,9461,California
Del Norte,2021-05-26,117,16711,36,5685,74,10280,7,746,54,1653,62,7869,61,9522,California
Del Norte,2021-05-27,72,16783,27,5712,41,10321,4,750,34,1653,38,7907,38,9560,California
Del Norte,2021-05-28,52,16835,7,5719,37,10358,8,758,8,1625,44,7951,16,9576,California
Del Norte,2021-05-29,8,16843,0,5719,4,10362,4,762,3,1627,5,7956,7,9583,California
Del Norte,2021-05-30,6,16849,0,5719,6,10368,0,762,1,1623,5,7961,1,9584,California
Del Norte,2021-05-31,4,16853,2,5721,2,10370,0,762,3,1625,1,7962,3,9587,California
Del Norte,2021-06-01,52,16905,6,5727,39,10409,7,769,11,1602,41,8003,18,9605,California
Del Norte,2021-06-02,83,16988,11,5738,67,10476,5,774,19,1562,64,8067,24,9629,California
Del Norte,2021-06-03,62,17050,36,5774,24,10500,2,776,27,1556,35,8102,29,9658,California
Del Norte,2021-06-04,69,17119,24,5798,40,10540,5,781,19,1530,50,8152,24,9682,California
Del Norte,2021-06-05,1,17120,0,5798,1,10541,0,781,0,1529,1,8153,0,9682,California
Del Norte,2021-06-06,10,17130,4,5802,4,10545,2,783,7,1535,3,8156,9,9691,California
Del Norte,2021-06-07,41,17171,9,5811,27,10572,5,788,15,1529,26,8182,20,9711,California
Del Norte,2021-06-08,112,17283,81,5892,26,10598,5,793,33,1488,79,8261,38,9749,California
Del Norte,2021-06-09,58,17341,11,5903,40,10638,7,800,16,1469,42,8303,23,9772,California
Del Norte,2021-06-10,57,17398,27,5930,23,10661,7,807,12,1444,44,8347,19,9791,California
Del Norte,2021-06-11,59,17457,23,5953,27,10688,9,816,13,1420,46,8393,22,9813,California
Del Norte,2021-06-12,17,17474,3,5956,11,10699,3,819,2,1410,15,8408,5,9818,California
Del Norte,2021-06-13,61,17535,43,5999,13,10712,5,824,13,1380,48,8456,18,9836,California
Del Norte,2021-06-14,37,17572,15,6014,18,10730,4,828,15,1378,21,8477,19,9855,California
Del Norte,2021-06-15,38,17610,9,6023,21,10751,8,836,5,1358,33,8510,13,9868,California
Del Norte,2021-06-16,99,17709,38,6061,50,10801,11,847,22,1314,77,8587,33,9901,California
Del Norte,2021-06-17,31,17740,13,6074,15,10816,3,850,7,1300,24,8611,10,9911,California
Del Norte,2021-06-18,48,17788,22,6096,21,10837,5,855,19,1295,29,8640,24,9935,California
Del Norte,2021-06-19,11,17799,0,6096,7,10844,4,859,3,1294,8,8648,7,9942,California
Del Norte,2021-06-20,13,17812,9,6105,4,10848,0,859,8,1297,5,8653,8,9950,California
Del Norte,2021-06-21,24,17836,9,6114,10,10858,5,864,10,1298,14,8667,15,9965,California
Del Norte,2021-06-22,39,17875,9,6123,19,10877,11,875,14,1298,25,8692,25,9990,California
Del Norte,2021-06-23,68,17943,32,6155,30,10907,6,881,31,1299,36,8728,37,10027,California
Del Norte,2021-06-24,48,17991,27,6182,13,10920,8,889,17,1293,31,8759,25,10052,California
Del Norte,2021-06-25,28,18019,14,6196,12,10932,2,891,13,1293,15,8774,15,10067,California
Del Norte,2021-06-26,5,18024,0,6196,5,10937,0,891,2,1292,3,8777,2,10069,California
Del Norte,2021-06-27,9,18033,4,6200,5,10942,0,891,6,1295,3,8780,6,10075,California
Del Norte,2021-06-28,13,18046,6,6206,5,10947,2,893,7,1298,6,8786,9,10084,California
Del Norte,2021-06-29,54,18100,40,6246,12,10959,2,895,19,1284,35,8821,21,10105,California
Del Norte,2021-06-30,35,18135,17,6263,13,10972,5,900,11,1276,24,8845,16,10121,California
Del Norte,2021-07-01,20,18155,7,6270,9,10981,4,904,6,1272,14,8859,10,10131,California
Del Norte,2021-07-02,14,18169,4,6274,9,10990,1,905,5,1269,9,8868,6,10137,California
El Dorado,2020-12-15,12,12,12,12,0,0,0,0,12,12,0,0,12,12,California
El Dorado,2020-12-16,40,52,40,52,0,0,0,0,40,52,0,0,40,52,California
El Dorado,2020-12-17,33,85,33,85,0,0,0,0,33,85,0,0,33,85,California
El Dorado,2020-12-18,263,348,263,348,0,0,0,0,263,348,0,0,263,348,California
El Dorado,2020-12-19,119,467,119,467,0,0,0,0,119,467,0,0,119,467,California
El Dorado,2020-12-20,87,554,87,554,0,0,0,0,87,554,0,0,87,554,California
El Dorado,2020-12-21,312,866,311,865,1,1,0,0,312,866,0,0,312,866,California
El Dorado,2020-12-22,241,1107,217,1082,24,25,0,0,241,1107,0,0,241,1107,California
El Dorado,2020-12-23,190,1297,141,1223,49,74,0,0,190,1297,0,0,190,1297,California
El Dorado,2020-12-24,87,1384,66,1289,21,95,0,0,87,1384,0,0,87,1384,California
El Dorado,2020-12-25,8,1392,8,1297,0,95,0,0,8,1392,0,0,8,1392,California
El Dorado,2020-12-26,45,1437,27,1324,18,113,0,0,45,1437,0,0,45,1437,California
El Dorado,2020-12-27,38,1475,34,1358,4,117,0,0,38,1475,0,0,38,1475,California
El Dorado,2020-12-28,217,1692,168,1526,49,166,0,0,217,1692,0,0,217,1692,California
El Dorado,2020-12-29,462,2154,145,1671,317,483,0,0,462,2154,0,0,462,2154,California
El Dorado,2020-12-30,510,2664,139,1810,371,854,0,0,510,2664,0,0,510,2664,California
El Dorado,2020-12-31,110,2774,69,1879,41,895,0,0,110,2774,0,0,110,2774,California
El Dorado,2021-01-01,7,2781,4,1883,3,898,0,0,7,2781,0,0,7,2781,California
El Dorado,2021-01-02,155,2936,142,2025,13,911,0,0,155,2936,0,0,155,2936,California
El Dorado,2021-01-03,96,3032,19,2044,77,988,0,0,96,3032,0,0,96,3032,California
El Dorado,2021-01-04,192,3224,61,2105,131,1119,0,0,192,3224,0,0,192,3224,California
El Dorado,2021-01-05,229,3453,73,2178,156,1275,0,0,211,3417,18,18,211,3435,California
El Dorado,2021-01-06,242,3695,168,2346,74,1349,0,0,176,3528,65,83,176,3611,California
El Dorado,2021-01-07,334,4029,137,2483,197,1546,0,0,257,3708,77,160,257,3868,California
El Dorado,2021-01-08,995,5024,514,2997,481,2027,0,0,768,4250,227,387,769,4637,California
El Dorado,2021-01-09,199,5223,161,3158,38,2065,0,0,127,4305,72,459,127,4764,California
El Dorado,2021-01-10,182,5405,133,3291,49,2114,0,0,109,4342,73,532,110,4874,California
El Dorado,2021-01-11,663,6068,294,3585,369,2483,0,0,463,4607,199,731,464,5338,California
El Dorado,2021-01-12,810,6878,427,4012,383,2866,0,0,558,4913,252,983,558,5896,California
El Dorado,2021-01-13,706,7584,301,4313,405,3271,0,0,541,5289,165,1148,541,6437,California
El Dorado,2021-01-14,806,8390,224,4537,582,3853,0,0,708,5900,97,1245,708,7145,California
El Dorado,2021-01-15,797,9187,189,4726,608,4461,0,0,723,6549,74,1319,723,7868,California
El Dorado,2021-01-16,218,9405,104,4830,114,4575,0,0,191,6713,27,1346,191,8059,California
El Dorado,2021-01-17,107,9512,50,4880,57,4632,0,0,89,6784,18,1364,89,8148,California
El Dorado,2021-01-18,427,9939,143,5023,284,4916,0,0,354,7065,73,1437,354,8502,California
El Dorado,2021-01-19,754,10693,452,5475,302,5218,0,0,603,7518,151,1588,604,9106,California
El Dorado,2021-01-20,1014,11707,692,6167,322,5540,0,0,899,8303,114,1702,899,10005,California
El Dorado,2021-01-21,1272,12979,683,6850,589,6129,0,0,1064,9200,167,1869,1064,11069,California
El Dorado,2021-01-22,1246,14225,843,7693,403,6532,0,0,1184,10323,61,1930,1184,12253,California
El Dorado,2021-01-23,884,15109,626,8319,258,6790,0,0,767,10973,117,2047,767,13020,California
El Dorado,2021-01-24,132,15241,80,8399,52,6842,0,0,112,11065,20,2067,112,13132,California
El Dorado,2021-01-25,699,15940,291,8690,408,7250,0,0,611,11588,88,2155,611,13743,California
El Dorado,2021-01-26,686,16626,371,9061,315,7565,0,0,580,12062,106,2261,580,14323,California
El Dorado,2021-01-27,1000,17626,396,9457,604,8169,0,0,661,12383,340,2601,661,14984,California
El Dorado,2021-01-28,1118,18744,455,9912,663,8832,0,0,755,12775,363,2964,755,15739,California
El Dorado,2021-01-29,1047,19791,557,10469,490,9322,0,0,754,13238,292,3256,755,16494,California
El Dorado,2021-01-30,841,20632,293,10762,548,9870,0,0,744,13886,96,3352,744,17238,California
El Dorado,2021-01-31,239,20871,215,10977,24,9894,0,0,184,14015,55,3407,184,17422,California
El Dorado,2021-02-01,805,21676,368,11345,437,10331,0,0,654,14518,151,3558,654,18076,California
El Dorado,2021-02-02,850,22526,369,11714,481,10812,0,0,686,15040,164,3722,686,18762,California
El Dorado,2021-02-03,908,23434,478,12192,430,11242,0,0,695,15522,213,3935,695,19457,California
El Dorado,2021-02-04,1255,24689,710,12902,545,11787,0,0,874,16017,379,4314,874,20331,California
El Dorado,2021-02-05,1506,26195,611,13513,895,12682,0,0,871,16290,598,4912,871,21202,California
El Dorado,2021-02-06,1088,27283,333,13846,755,13437,0,0,978,17159,110,5022,979,22181,California
El Dorado,2021-02-07,264,27547,181,14027,83,13520,0,0,198,17291,66,5088,198,22379,California
El Dorado,2021-02-08,888,28435,420,14447,468,13988,0,0,608,17621,278,5366,608,22987,California
El Dorado,2021-02-09,976,29411,548,14995,428,14416,0,0,543,17731,433,5799,543,23530,California
El Dorado,2021-02-10,1269,30680,743,15738,526,14942,0,0,669,17801,599,6398,669,24199,California
El Dorado,2021-02-11,2171,32851,898,16636,1273,16215,0,0,753,17140,1415,7813,754,24953,California
El Dorado,2021-02-12,1586,34437,833,17469,753,16968,0,0,675,16906,910,8723,676,25629,California
El Dorado,2021-02-13,1261,35698,676,18145,585,17553,0,0,660,16968,598,9321,660,26289,California
El Dorado,2021-02-14,494,36192,158,18303,336,17889,0,0,401,17276,93,9414,401,26690,California
El Dorado,2021-02-15,1180,37372,386,18689,794,18683,0,0,820,17740,360,9774,824,27514,California
El Dorado,2021-02-16,1212,38584,531,19220,681,19364,0,0,671,17872,540,10314,672,28186,California
El Dorado,2021-02-17,959,39543,425,19645,534,19898,0,0,464,17843,495,10809,466,28652,California
El Dorado,2021-02-18,2117,41660,1034,20679,1083,20981,0,0,1077,17882,1038,11847,1077,29729,California
El Dorado,2021-02-19,1240,42900,664,21343,576,21557,0,0,695,18034,543,12390,695,30424,California
El Dorado,2021-02-20,1097,43997,464,21807,633,22190,0,0,686,18316,405,12795,687,31111,California
El Dorado,2021-02-21,371,44368,238,22045,133,22323,0,0,181,18307,190,12985,181,31292,California
El Dorado,2021-02-22,918,45286,457,22502,461,22784,0,0,286,17964,629,13614,286,31578,California
El Dorado,2021-02-23,898,46184,510,23012,388,23172,0,0,364,17796,532,14146,364,31942,California
El Dorado,2021-02-24,1049,47233,452,23464,597,23769,0,0,439,17625,610,14756,439,32381,California
El Dorado,2021-02-25,1928,49161,1152,24616,776,24545,0,0,696,17101,1224,15980,700,33081,California
El Dorado,2021-02-26,2407,51568,1506,26122,901,25446,0,0,1613,17924,790,16770,1613,34694,California
El Dorado,2021-02-27,1743,53311,449,26571,1294,26740,0,0,1294,18772,446,17216,1294,35988,California
El Dorado,2021-02-28,966,54277,230,26801,736,27476,0,0,505,18818,460,17676,506,36494,California
El Dorado,2021-03-01,1167,55444,468,27269,697,28173,2,2,644,18942,522,18198,646,37140,California
El Dorado,2021-03-02,943,56387,273,27542,669,28842,1,3,495,18993,446,18644,497,37637,California
El Dorado,2021-03-03,1765,58152,471,28013,1294,30136,0,3,1205,19648,552,19196,1207,38844,California
El Dorado,2021-03-04,2534,60686,1555,29568,979,31115,0,3,1201,19521,1329,20525,1202,40046,California
El Dorado,2021-03-05,1592,62278,432,30000,1155,32270,5,8,1054,20048,532,21057,1059,41105,California
El Dorado,2021-03-06,747,63025,218,30218,494,32764,35,43,394,20126,351,21408,429,41534,California
El Dorado,2021-03-07,859,63884,198,30416,642,33406,19,62,244,19777,612,22020,263,41797,California
El Dorado,2021-03-08,1347,65231,379,30795,894,34300,74,136,863,20232,480,22500,935,42732,California
El Dorado,2021-03-09,1002,66233,231,31026,702,35002,69,205,597,20508,390,22890,666,43398,California
El Dorado,2021-03-10,980,67213,350,31376,574,35576,56,261,571,20731,403,23293,626,44024,California
El Dorado,2021-03-11,3050,70263,1850,33226,1013,36589,187,448,1291,20470,1736,25029,1475,45499,California
El Dorado,2021-03-12,1812,72075,628,33854,937,37526,247,695,752,20427,1042,26071,999,46498,California
El Dorado,2021-03-13,1141,73216,348,34202,509,38035,284,979,436,20442,702,26773,717,47215,California
El Dorado,2021-03-14,1024,74240,207,34409,706,38741,111,1090,279,20088,744,27517,390,47605,California
El Dorado,2021-03-15,1405,75645,304,34713,975,39716,126,1216,607,20028,794,28311,734,48339,California
El Dorado,2021-03-16,1236,76881,427,35140,665,40381,144,1360,564,20070,667,28978,709,49048,California
El Dorado,2021-03-17,1155,78036,363,35503,694,41075,98,1458,749,20510,405,29383,845,49893,California
El Dorado,2021-03-18,3011,81047,1784,37287,1182,42257,45,1503,1974,21502,1027,30410,2019,51912,California
El Dorado,2021-03-19,1128,82175,364,37651,612,42869,152,1655,628,21783,498,30908,779,52691,California
El Dorado,2021-03-20,1089,83264,273,37924,801,43670,15,1670,504,21729,573,31481,519,53210,California
El Dorado,2021-03-21,1095,84359,424,38348,666,44336,5,1675,909,22460,183,31664,914,54124,California
El Dorado,2021-03-22,1515,85874,494,38842,939,45275,82,1757,1186,23405,323,31987,1268,55392,California
El Dorado,2021-03-23,1160,87034,459,39301,606,45881,95,1852,735,23822,413,32400,830,56222,California
El Dorado,2021-03-24,1469,88503,633,39934,642,46523,194,2046,661,23897,780,33180,855,57077,California
El Dorado,2021-03-25,2526,91029,1691,41625,728,47251,107,2153,1371,24229,1147,34327,1479,58556,California
El Dorado,2021-03-26,1831,92860,698,42323,1021,48272,112,2265,929,24394,877,35204,1042,59598,California
El Dorado,2021-03-27,1506,94366,189,42512,1312,49584,5,2270,496,23891,1004,36208,501,60099,California
El Dorado,2021-03-28,694,95060,182,42694,500,50084,12,2282,170,23553,520,36728,182,60281,California
El Dorado,2021-03-29,1321,96381,434,43128,871,50955,16,2298,824,23899,494,37222,840,61121,California
El Dorado,2021-03-30,1368,97749,416,43544,859,51814,93,2391,682,23994,678,37900,773,61894,California
El Dorado,2021-03-31,1572,99321,589,44133,917,52731,66,2457,658,23804,911,38811,721,62615,California
El Dorado,2021-04-01,3248,102569,1775,45908,1390,54121,83,2540,1541,23726,1703,40514,1625,64240,California
El Dorado,2021-04-02,1901,104470,565,46473,1239,55360,97,2637,749,23426,1146,41660,846,65086,California
El Dorado,2021-04-03,752,105222,298,46771,333,55693,121,2758,228,23254,520,42180,348,65434,California
El Dorado,2021-04-04,274,105496,85,46856,141,55834,48,2806,98,23225,175,42355,146,65580,California
El Dorado,2021-04-05,1424,106920,424,47280,906,56740,94,2900,591,23084,825,43180,684,66264,California
El Dorado,2021-04-06,1415,108335,525,47805,670,57410,220,3120,441,22773,969,44149,658,66922,California
El Dorado,2021-04-07,1593,109928,559,48364,583,57993,451,3571,545,22721,1045,45194,993,67915,California
El Dorado,2021-04-08,2697,112625,1729,50093,731,58724,237,3808,1114,22496,1574,46768,1349,69264,California
El Dorado,2021-04-09,1448,114073,458,50551,768,59492,222,4030,569,22407,876,47644,787,70051,California
El Dorado,2021-04-10,1016,115089,229,50780,675,60167,112,4142,660,22826,352,47996,771,70822,California
El Dorado,2021-04-11,773,115862,454,51234,303,60470,16,4158,206,22482,566,48562,222,71044,California
El Dorado,2021-04-12,1287,117149,501,51735,638,61108,148,4306,560,22469,720,49282,707,71751,California
El Dorado,2021-04-13,1123,118272,611,52346,512,61620,0,4306,507,22364,612,49894,507,72258,California
El Dorado,2021-04-14,1103,119375,468,52814,634,62254,1,4307,378,22034,709,50603,379,72637,California
El Dorado,2021-04-15,2524,121899,1696,54510,828,63082,0,4307,961,21438,1558,52161,962,73599,California
El Dorado,2021-04-16,1473,123372,522,55032,951,64033,0,4307,608,21187,860,53021,609,74208,California
El Dorado,2021-04-17,1011,124383,203,55235,807,64840,1,4308,709,21597,299,53320,709,74917,California
El Dorado,2021-04-18,1209,125592,120,55355,1089,65929,0,4308,426,21242,781,54101,426,75343,California
El Dorado,2021-04-19,1739,127331,444,55799,1295,67224,0,4308,698,20905,1035,55136,698,76041,California
El Dorado,2021-04-20,1152,128483,399,56198,753,67977,0,4308,478,20715,669,55805,479,76520,California
El Dorado,2021-04-21,1238,129721,536,56734,698,68675,4,4312,635,20757,595,56400,637,77157,California
El Dorado,2021-04-22,2581,132302,1713,58447,868,69543,0,4312,1073,20327,1504,57904,1074,78231,California
El Dorado,2021-04-23,1435,133737,521,58968,914,70457,0,4312,726,20349,706,58610,728,78959,California
El Dorado,2021-04-24,1044,134781,521,59489,523,70980,0,4312,805,20917,237,58847,805,79764,California
El Dorado,2021-04-25,832,135613,450,59939,382,71362,0,4312,475,21035,357,59204,475,80239,California
El Dorado,2021-04-26,1206,136819,495,60434,694,72056,17,4329,566,20982,635,59839,582,80821,California
El Dorado,2021-04-27,1138,137957,432,60866,668,72724,38,4367,509,20907,622,60461,547,81368,California
El Dorado,2021-04-28,1086,139043,375,61241,671,73395,40,4407,441,20745,643,61104,481,81849,California
El Dorado,2021-04-29,2007,141050,1379,62620,596,73991,32,4439,599,19971,1405,62509,631,82480,California
El Dorado,2021-04-30,2154,143204,1366,63986,747,74738,41,4480,1378,20627,762,63271,1418,83898,California
El Dorado,2021-05-01,621,143825,285,64271,308,75046,28,4508,278,20597,336,63607,306,84204,California
El Dorado,2021-05-02,301,144126,214,64485,58,75104,29,4537,100,20527,198,63805,128,84332,California
El Dorado,2021-05-03,825,144951,403,64888,372,75476,50,4587,281,20319,540,64345,332,84664,California
El Dorado,2021-05-04,915,145866,462,65350,393,75869,60,4647,328,20124,583,64928,388,85052,California
El Dorado,2021-05-05,904,146770,451,65801,379,76248,74,4721,436,20168,466,65394,510,85562,California
El Dorado,2021-05-06,1140,147910,504,66305,588,76836,48,4769,486,20050,648,66042,530,86092,California
El Dorado,2021-05-07,994,148904,389,66694,546,77382,59,4828,403,19920,591,66633,461,86553,California
El Dorado,2021-05-08,676,149580,155,66849,484,77866,37,4865,208,19700,465,67098,245,86798,California
El Dorado,2021-05-09,232,149812,93,66942,112,77978,27,4892,102,19700,129,67227,129,86927,California
El Dorado,2021-05-10,829,150641,276,67218,495,78473,58,4950,241,19419,578,67805,297,87224,California
El Dorado,2021-05-11,697,151338,310,67528,325,78798,62,5012,283,19354,411,68216,346,87570,California
El Dorado,2021-05-12,655,151993,346,67874,268,79066,41,5053,251,19243,404,68620,293,87863,California
El Dorado,2021-05-13,1263,153256,797,68671,426,79492,40,5093,469,18963,788,69408,508,88371,California
El Dorado,2021-05-14,1411,154667,814,69485,513,80005,84,5177,667,18975,739,70147,751,89122,California
El Dorado,2021-05-15,908,155575,561,70046,291,80296,56,5233,322,18767,586,70733,378,89500,California
El Dorado,2021-05-16,873,156448,464,70510,383,80679,26,5259,235,18391,637,71370,261,89761,California
El Dorado,2021-05-17,1581,158029,669,71179,863,81542,49,5308,560,17982,1017,72387,608,90369,California
El Dorado,2021-05-18,1030,159059,517,71696,459,82001,54,5362,438,17883,591,72978,492,90861,California
El Dorado,2021-05-19,818,159877,333,72029,433,82434,52,5414,307,17737,504,73482,358,91219,California
El Dorado,2021-05-20,1184,161061,660,72689,449,82883,75,5489,443,17514,739,74221,516,91735,California
El Dorado,2021-05-21,2339,163400,1749,74438,548,83431,42,5531,812,16845,1523,75744,854,92589,California
El Dorado,2021-05-22,708,164108,207,74645,465,83896,36,5567,223,16620,484,76228,259,92848,California
El Dorado,2021-05-23,381,164489,134,74779,218,84114,29,5596,94,16458,285,76513,123,92971,California
El Dorado,2021-05-24,883,165372,456,75235,358,84472,69,5665,308,16262,571,77084,375,93346,California
El Dorado,2021-05-25,609,165981,255,75490,318,84790,36,5701,221,16133,385,77469,256,93602,California
El Dorado,2021-05-26,811,166792,400,75890,387,85177,24,5725,279,15906,530,77999,303,93905,California
El Dorado,2021-05-27,623,167415,245,76135,343,85520,35,5760,311,15940,311,78310,345,94250,California
El Dorado,2021-05-28,729,168144,256,76391,409,85929,64,5824,304,15886,422,78732,368,94618,California
El Dorado,2021-05-29,394,168538,114,76505,264,86193,16,5840,174,15856,220,78952,190,94808,California
El Dorado,2021-05-30,172,168710,100,76605,58,86251,14,5854,81,15861,90,79042,95,94903,California
El Dorado,2021-05-31,37,168747,12,76617,14,86265,11,5865,8,15851,29,79071,19,94922,California
El Dorado,2021-06-01,680,169427,293,76910,347,86612,40,5905,231,15676,446,79517,271,95193,California
El Dorado,2021-06-02,631,170058,301,77211,280,86892,50,5955,259,15615,370,79887,309,95502,California
El Dorado,2021-06-03,728,170786,339,77550,346,87238,43,5998,175,15280,553,80440,218,95720,California
El Dorado,2021-06-04,885,171671,527,78077,324,87562,34,6032,186,14803,697,81137,220,95940,California
El Dorado,2021-06-05,389,172060,225,78302,152,87714,12,6044,83,14593,305,81442,95,96035,California
El Dorado,2021-06-06,281,172341,196,78498,69,87783,16,6060,52,14432,228,81670,67,96102,California
El Dorado,2021-06-07,787,173128,489,78987,258,88041,40,6100,172,14037,607,82277,212,96314,California
El Dorado,2021-06-08,634,173762,385,79372,216,88257,33,6133,131,13700,500,82777,163,96477,California
El Dorado,2021-06-09,467,174229,279,79651,162,88419,26,6159,112,13483,355,83132,138,96615,California
El Dorado,2021-06-10,588,174817,366,80017,191,88610,31,6190,160,13248,426,83558,191,96806,California
El Dorado,2021-06-11,657,175474,394,80411,219,88829,44,6234,130,12896,526,84084,174,96980,California
El Dorado,2021-06-12,262,175736,154,80565,89,88918,19,6253,61,12776,200,84284,80,97060,California
El Dorado,2021-06-13,162,175898,89,80654,55,88973,18,6271,33,12699,128,84412,51,97111,California
El Dorado,2021-06-14,514,176412,361,81015,123,89096,30,6301,136,12487,378,84790,166,97277,California
El Dorado,2021-06-15,449,176861,239,81254,173,89269,37,6338,126,12330,320,85110,163,97440,California
El Dorado,2021-06-16,508,177369,359,81613,109,89378,40,6378,131,12125,376,85486,171,97611,California
El Dorado,2021-06-17,435,177804,266,81879,136,89514,33,6411,139,12003,295,85781,173,97784,California
El Dorado,2021-06-18,397,178201,253,82132,109,89623,35,6446,118,11878,278,86059,153,97937,California
El Dorado,2021-06-19,248,178449,154,82286,80,89703,14,6460,91,11827,156,86215,105,98042,California
El Dorado,2021-06-20,123,178572,89,82375,28,89731,6,6466,52,11814,71,86286,58,98100,California
El Dorado,2021-06-21,319,178891,164,82539,129,89860,26,6492,124,11771,193,86479,150,98250,California
El Dorado,2021-06-22,395,179286,259,82798,114,89974,22,6514,133,11665,261,86740,155,98405,California
El Dorado,2021-06-23,422,179708,290,83088,110,90084,22,6536,138,11543,282,87022,160,98565,California
El Dorado,2021-06-24,392,180100,241,83329,137,90221,14,6550,145,11455,247,87269,159,98724,California
El Dorado,2021-06-25,352,180452,214,83543,100,90321,38,6588,144,11434,203,87472,182,98906,California
El Dorado,2021-06-26,208,180660,122,83665,71,90392,15,6603,69,11381,138,87610,85,98991,California
El Dorado,2021-06-27,115,180775,80,83745,29,90421,6,6609,51,11374,64,87674,57,99048,California
El Dorado,2021-06-28,303,181078,214,83959,63,90484,26,6635,132,11362,170,87844,158,99206,California
El Dorado,2021-06-29,292,181370,168,84127,102,90586,22,6657,115,11324,175,88019,137,99343,California
El Dorado,2021-06-30,247,181617,175,84302,60,90646,12,6669,121,11332,125,88144,133,99476,California
El Dorado,2021-07-01,233,181850,136,84438,82,90728,15,6684,89,11291,144,88288,103,99579,California
El Dorado,2021-07-02,209,182059,133,84571,52,90780,24,6708,86,11279,122,88410,110,99689,California
Fresno,2020-12-15,2,2,2,2,0,0,0,0,2,2,0,0,2,2,California
Fresno,2020-12-16,124,126,124,126,0,0,0,0,124,126,0,0,124,126,California
Fresno,2020-12-17,123,249,123,249,0,0,0,0,123,249,0,0,123,249,California
Fresno,2020-12-18,350,599,350,599,0,0,0,0,350,599,0,0,350,599,California
Fresno,2020-12-19,161,760,161,760,0,0,0,0,161,760,0,0,161,760,California
Fresno,2020-12-20,256,1016,254,1014,2,2,0,0,256,1016,0,0,256,1016,California
Fresno,2020-12-21,929,1945,927,1941,2,4,0,0,958,1974,0,0,958,1974,California
Fresno,2020-12-22,907,2852,875,2816,32,36,0,0,911,2885,0,0,911,2885,California
Fresno,2020-12-23,1090,3942,1046,3862,44,80,0,0,1091,3976,0,0,1091,3976,California
Fresno,2020-12-24,590,4532,564,4426,26,106,0,0,590,4566,0,0,590,4566,California
Fresno,2020-12-25,3,4535,1,4427,2,108,0,0,3,4569,0,0,3,4569,California
Fresno,2020-12-26,723,5258,714,5141,9,117,0,0,723,5292,0,0,723,5292,California
Fresno,2020-12-27,306,5564,210,5351,96,213,0,0,306,5598,0,0,306,5598,California
Fresno,2020-12-28,1095,6659,801,6152,294,507,0,0,1096,6694,0,0,1096,6694,California
Fresno,2020-12-29,1765,8424,999,7151,766,1273,0,0,1763,8456,1,1,1763,8457,California
Fresno,2020-12-30,984,9408,443,7594,541,1814,0,0,984,9440,0,1,984,9441,California
Fresno,2020-12-31,928,10336,310,7904,618,2432,0,0,927,10367,0,1,927,10368,California
Fresno,2021-01-01,10,10346,3,7907,7,2439,0,0,10,10377,0,1,10,10378,California
Fresno,2021-01-02,1026,11372,712,8619,314,2753,0,0,1026,11403,0,1,1026,11404,California
Fresno,2021-01-03,155,11527,129,8748,26,2779,0,0,155,11558,0,1,155,11559,California
Fresno,2021-01-04,623,12150,376,9124,247,3026,0,0,623,12181,0,1,623,12182,California
Fresno,2021-01-05,786,12936,312,9436,474,3500,0,0,712,12819,74,75,712,12894,California
Fresno,2021-01-06,995,13931,351,9787,644,4144,0,0,821,13466,174,249,821,13715,California
Fresno,2021-01-07,1902,15833,918,10705,984,5128,0,0,1647,14861,255,504,1650,15365,California
Fresno,2021-01-08,1796,17629,615,11320,1181,6309,0,0,1430,15928,364,868,1431,16796,California
Fresno,2021-01-09,635,18264,390,11710,245,6554,0,0,357,16007,278,1146,357,17153,California
Fresno,2021-01-10,517,18781,487,12197,30,6584,0,0,204,15898,313,1459,204,17357,California
Fresno,2021-01-11,2228,21009,1810,14007,418,7002,0,0,1533,16740,695,2154,1537,18894,California
Fresno,2021-01-12,2541,23550,1831,15838,710,7712,0,0,1690,17579,853,3007,1692,20586,California
Fresno,2021-01-13,3571,27121,2438,18276,1133,8845,0,0,2716,19442,856,3863,2719,23305,California
Fresno,2021-01-14,4166,31287,2200,20476,1966,10811,0,0,3694,22665,471,4334,3694,26999,California
Fresno,2021-01-15,3680,34967,2542,23018,1138,11949,0,0,3320,25629,360,4694,3324,30323,California
Fresno,2021-01-16,3159,38126,2314,25332,845,12794,0,0,2689,27850,470,5164,2691,33014,California
Fresno,2021-01-17,979,39105,557,25889,422,13216,0,0,779,28429,200,5364,779,33793,California
Fresno,2021-01-18,3093,42198,2378,28267,715,13931,0,0,2436,30212,655,6019,2438,36231,California
Fresno,2021-01-19,4355,46553,2551,30818,1804,15735,0,0,3696,33253,659,6678,3700,39931,California
Fresno,2021-01-20,3056,49609,1227,32045,1829,17564,0,0,2741,35685,312,6990,2744,42675,California
Fresno,2021-01-21,4446,54055,2079,34124,2367,19931,0,0,4082,39432,341,7331,4088,46763,California
Fresno,2021-01-22,3335,57390,1356,35480,1979,21910,0,0,2947,42009,371,7702,2948,49711,California
Fresno,2021-01-23,3066,60456,1982,37462,1084,22994,0,0,2343,43635,722,8424,2348,52059,California
Fresno,2021-01-24,557,61013,376,37838,181,23175,0,0,350,43780,207,8631,352,52411,California
Fresno,2021-01-25,2446,63459,868,38706,1578,24753,0,0,1867,45071,579,9210,1870,54281,California
Fresno,2021-01-26,2099,65558,597,39303,1502,26255,0,0,1330,45635,767,9977,1331,55612,California
Fresno,2021-01-27,2425,67983,1251,40554,1174,27429,0,0,1744,46713,676,10653,1754,57366,California
Fresno,2021-01-28,4580,72563,3070,43624,1510,28939,0,0,3478,49096,1098,11751,3481,60847,California
Fresno,2021-01-29,1682,74245,950,44574,732,29671,0,0,1376,50172,301,12052,1377,62224,California
Fresno,2021-01-30,1451,75696,545,45119,906,30577,0,0,1034,50789,417,12469,1034,63258,California
Fresno,2021-01-31,226,75922,215,45334,11,30588,0,0,72,50707,154,12623,72,63330,California
Fresno,2021-02-01,3367,79289,1669,47003,1698,32286,0,0,1776,50903,1590,14213,1786,65116,California
Fresno,2021-02-02,2744,82033,561,47564,2183,34469,0,0,1581,51351,1148,15361,1596,66712,California
Fresno,2021-02-03,3584,85617,2116,49680,1468,35937,0,0,1547,50875,2024,17385,1548,68260,California
Fresno,2021-02-04,4225,89842,1911,51591,2314,38251,0,0,1933,50551,2262,19647,1938,70198,California
Fresno,2021-02-05,5373,95215,2742,54333,2631,40882,0,0,2312,49811,3056,22703,2316,72514,California
Fresno,2021-02-06,2944,98159,2049,56382,895,41777,0,0,973,48823,1962,24665,974,73488,California
Fresno,2021-02-07,470,98629,288,56670,182,41959,0,0,272,48898,197,24862,272,73760,California
Fresno,2021-02-08,4295,102924,2303,58973,1992,43951,0,0,1808,48241,2474,27336,1817,75577,California
Fresno,2021-02-09,5356,108280,2085,61058,3271,47222,0,0,3129,49229,2150,29486,3138,78715,California
Fresno,2021-02-10,3915,112195,1239,62297,2676,49898,0,0,1983,49346,1878,31364,1995,80710,California
Fresno,2021-02-11,6477,118672,2097,64394,4380,54278,0,0,3322,49537,3136,34500,3327,84037,California
Fresno,2021-02-12,5448,124120,1390,65784,4058,58336,0,0,2738,49592,2692,37192,2747,86784,California
Fresno,2021-02-13,3772,127892,1572,67356,2200,60536,0,0,2090,50016,1671,38863,2095,88879,California
Fresno,2021-02-14,1581,129473,289,67645,1292,61828,0,0,848,50134,732,39595,850,89729,California
Fresno,2021-02-15,2909,132382,272,67917,2637,64465,0,0,1801,50835,1104,40699,1805,91534,California
Fresno,2021-02-16,6752,139134,2420,70337,4332,68797,0,0,4257,52623,2475,43174,4263,95797,California
Fresno,2021-02-17,5382,144516,2484,72821,2898,71695,0,0,2991,53273,2345,45519,2995,98792,California
Fresno,2021-02-18,6939,151455,2930,75751,4009,75704,0,0,2594,51578,4300,49819,2605,101397,California
Fresno,2021-02-19,3973,155428,1130,76881,2843,78547,0,0,1841,51302,2120,51939,1844,103241,California
Fresno,2021-02-20,4629,160057,2532,79413,2097,80644,0,0,3109,52903,1514,53453,3115,106356,California
Fresno,2021-02-21,202,160259,182,79595,20,80664,0,0,133,52981,55,53508,133,106489,California
Fresno,2021-02-22,2330,162589,1043,80638,1287,81951,0,0,1270,53204,1049,54557,1272,107761,California
Fresno,2021-02-23,4726,167315,2279,82917,2447,84398,0,0,3837,56166,877,55434,3839,111600,California
Fresno,2021-02-24,4254,171569,1511,84428,2743,87141,0,0,3489,58904,753,56187,3491,115091,California
Fresno,2021-02-25,8738,180307,3761,88189,4977,92118,0,0,7235,64709,1439,57626,7244,122335,California
Fresno,2021-02-26,9069,189376,3717,91906,5352,97470,0,0,7737,71146,1306,58932,7743,130078,California
Fresno,2021-02-27,7300,196676,3165,95071,4134,101604,1,1,6582,77030,703,59635,6587,136665,California
Fresno,2021-02-28,1663,198339,540,95611,1123,102727,0,1,1569,78519,81,59716,1570,138235,California
Fresno,2021-03-01,5123,203462,1330,96941,3793,106520,0,1,3699,80815,1407,61123,3703,141938,California
Fresno,2021-03-02,9891,213353,3394,100335,6497,113017,0,1,8500,87974,1366,62489,8525,150463,California
Fresno,2021-03-03,7086,220439,1787,102122,5298,118315,1,2,6062,93140,1011,63500,6177,156640,California
Fresno,2021-03-04,10478,230917,4133,106255,6345,124660,0,2,8726,100152,1724,65224,8736,165376,California
Fresno,2021-03-05,9378,240295,3643,109898,5733,130393,2,4,8073,107129,1173,66397,8150,173526,California
Fresno,2021-03-06,7026,247321,3954,113852,2954,133347,118,122,6024,112282,994,67391,6147,179673,California
Fresno,2021-03-07,1496,248817,681,114533,778,134125,37,159,1265,113357,228,67619,1303,180976,California
Fresno,2021-03-08,5350,254167,2064,116597,3135,137260,151,310,4051,116285,1286,68905,4214,185190,California
Fresno,2021-03-09,8673,262840,3807,120404,4594,141854,272,582,4662,117264,3990,72895,4969,190159,California
Fresno,2021-03-10,6926,269766,2880,123284,3656,145510,390,972,5411,121567,1506,74401,5809,195968,California
Fresno,2021-03-11,11636,281402,4594,127878,6491,152001,551,1523,6325,123236,5284,79685,6953,202921,California
Fresno,2021-03-12,12091,293493,5151,133029,6513,158514,427,1950,9085,129903,2985,82670,9652,212573,California
Fresno,2021-03-13,8362,301855,4070,137099,3279,161793,1013,2963,4029,130711,4311,86981,5119,217692,California
Fresno,2021-03-14,1781,303636,484,137583,1008,162801,289,3252,672,130574,1098,88079,961,218653,California
Fresno,2021-03-15,7148,310784,3180,140763,3791,166592,177,3429,4933,133687,2200,90279,5313,223966,California
Fresno,2021-03-16,10245,321029,4548,145311,5303,171895,394,3823,5430,134827,4782,95061,5922,229888,California
Fresno,2021-03-17,8750,329779,4002,149313,4046,175941,702,4525,5914,139039,2812,97873,7024,236912,California
Fresno,2021-03-18,12560,342339,6799,156112,5084,181025,677,5202,7038,141778,5471,103344,8210,245122,California
Fresno,2021-03-19,11288,353627,5963,162075,4702,185727,623,5825,6924,145373,4331,107675,7926,253048,California
Fresno,2021-03-20,7646,361273,4617,166692,2704,188431,325,6150,3759,145921,3856,111531,4404,257452,California
Fresno,2021-03-21,1868,363141,1275,167967,213,188644,380,6530,1022,146487,838,112369,1404,258856,California
Fresno,2021-03-22,5715,368856,2934,170901,2183,190827,598,7128,3812,149254,1884,114253,4651,263507,California
Fresno,2021-03-23,10653,379509,5331,176232,4822,195649,500,7628,5103,149778,5526,119779,6050,269557,California
Fresno,2021-03-24,8903,388412,3855,180087,4214,199863,834,8462,4967,151734,3898,123677,5854,275411,California
Fresno,2021-03-25,12231,400643,5690,185777,5736,205599,805,9267,4750,149939,7431,131108,5636,281047,California
Fresno,2021-03-26,12265,412908,5471,191248,6147,211746,647,9914,4447,147300,7758,138866,5119,286166,California
Fresno,2021-03-27,10144,423052,4858,196106,4198,215944,1088,11002,2971,144231,7133,145999,4064,290230,California
Fresno,2021-03-28,3423,426475,1323,197429,1407,217351,693,11695,1117,144191,2298,148297,2258,292488,California
Fresno,2021-03-29,6004,432479,2016,199445,3449,220800,539,12234,2896,144561,3079,151376,3449,295937,California
Fresno,2021-03-30,11023,443502,4277,203722,5847,226647,899,13133,3826,142123,7164,158540,4726,300663,California
Fresno,2021-03-31,9740,453242,3397,207119,5342,231989,1001,14134,3664,140753,6028,164568,4658,305321,California
Fresno,2021-04-01,12252,465494,4225,211344,7154,239143,873,15007,4050,137536,8095,172663,4878,310199,California
Fresno,2021-04-02,12129,477623,4642,215986,6689,245832,798,15805,4275,134923,7690,180353,5077,315276,California
Fresno,2021-04-03,6423,484046,3529,219515,2630,248462,264,16069,2143,133105,4261,184614,2443,317719,California
Fresno,2021-04-04,1499,485545,538,220053,915,249377,46,16115,544,132750,945,185559,590,318309,California
Fresno,2021-04-05,8348,493893,4478,224531,3067,252444,803,16918,2440,130173,5890,191449,3313,321622,California
Fresno,2021-04-06,9657,503550,4047,228578,4417,256861,1193,18111,3553,128871,6064,197513,4762,326384,California
Fresno,2021-04-07,10649,514199,5515,234093,3917,260778,1217,19328,3541,126591,7063,204576,4783,331167,California
Fresno,2021-04-08,10993,525192,5184,239277,4644,265422,1165,20493,3454,123761,7487,212063,4657,335824,California
Fresno,2021-04-09,11735,536927,5464,244741,4866,270288,1405,21898,3683,120865,8003,220066,5107,340931,California
Fresno,2021-04-10,7937,544864,5175,249916,2234,272522,528,22426,3687,120847,4231,224297,4213,345144,California
Fresno,2021-04-11,1404,546268,939,250855,373,272895,92,22518,448,120437,951,225248,541,345685,California
Fresno,2021-04-12,7574,553842,4096,254951,2544,275439,934,23452,2414,118655,5128,230376,3346,349031,California
Fresno,2021-04-13,9046,562888,4321,259272,4654,280093,71,23523,3522,116857,5485,235861,3687,352718,California
Fresno,2021-04-14,9762,572650,5812,265084,3949,284042,1,23524,3789,114765,5929,241790,3837,356555,California
Fresno,2021-04-15,8530,581180,4246,269330,4281,288323,3,23527,3197,112666,5302,247092,3203,359758,California
Fresno,2021-04-16,9631,590811,4675,274005,4954,293277,2,23529,3913,110910,5676,252768,3920,363678,California
Fresno,2021-04-17,5671,596482,3791,277796,1880,295157,0,23529,2696,110656,2952,255720,2698,366376,California
Fresno,2021-04-18,1159,597641,683,278479,476,295633,0,23529,519,110540,635,256355,519,366895,California
Fresno,2021-04-19,5802,603443,3229,281708,2570,298203,3,23532,2264,109313,3497,259852,2270,369165,California
Fresno,2021-04-20,7227,610670,3693,285401,3526,301729,8,23540,2699,107520,4500,264352,2707,371872,California
Fresno,2021-04-21,7013,617683,4135,289536,2869,304598,9,23549,2887,106335,4084,268436,2899,374771,California
Fresno,2021-04-22,6572,624255,3349,292885,3222,307820,1,23550,2414,104657,4096,272532,2418,377189,California
Fresno,2021-04-23,7347,631602,4041,296926,3289,311109,17,23567,2803,103009,4456,276988,2808,379997,California
Fresno,2021-04-24,4173,635775,2490,299416,1683,312792,0,23567,1917,102683,2243,279231,1917,381914,California
Fresno,2021-04-25,1369,637144,552,299968,814,313606,3,23570,684,102691,679,279910,687,382601,California
Fresno,2021-04-26,4314,641458,2212,302180,2057,315663,45,23615,1822,102098,2460,282370,1867,384468,California
Fresno,2021-04-27,4933,646391,2530,304710,2277,317940,126,23741,1939,101191,2971,285341,2064,386532,California
Fresno,2021-04-28,4917,651308,2810,307520,1977,319917,130,23871,2064,100558,2828,288169,2195,388727,California
Fresno,2021-04-29,4910,656218,2761,310281,2009,321926,140,24011,1880,99577,2999,291168,2018,390745,California
Fresno,2021-04-30,5523,661741,3388,313669,2001,323927,134,24145,2217,98652,3275,294443,2350,393095,California
Fresno,2021-05-01,4202,665943,3469,317138,593,324520,140,24285,1234,97077,2947,297390,1372,394467,California
Fresno,2021-05-02,1251,667194,775,317913,425,324945,51,24336,615,97117,624,298014,664,395131,California
Fresno,2021-05-03,4054,671248,2703,320616,1158,326103,193,24529,1308,95895,2717,300731,1495,396626,California
Fresno,2021-05-04,4947,676195,2611,323227,2184,328287,152,24681,1573,94276,3346,304077,1727,398353,California
Fresno,2021-05-05,5367,681562,3408,326635,1731,330018,228,24909,1691,92541,3651,307728,1916,400269,California
Fresno,2021-05-06,4492,686054,2899,329534,1488,331506,105,25014,1560,91306,2900,310628,1665,401934,California
Fresno,2021-05-07,5090,691144,3359,332893,1564,333070,167,25181,1578,89559,3488,314116,1741,403675,California
Fresno,2021-05-08,4063,695207,2650,335543,1265,334335,148,25329,1253,88176,2785,316901,1402,405077,California
Fresno,2021-05-09,721,695928,393,335936,285,334620,43,25372,349,88202,366,317267,392,405469,California
Fresno,2021-05-10,2980,698908,1590,337526,1249,335869,141,25513,932,87238,2037,319304,1073,406542,California
Fresno,2021-05-11,3892,702800,2076,339602,1720,337589,96,25609,1257,85971,2620,321924,1353,407895,California
Fresno,2021-05-12,4151,706951,2712,342314,1275,338864,164,25773,1401,84813,2723,324647,1565,409460,California
Fresno,2021-05-13,4183,711134,2449,344763,1629,340493,105,25878,1858,84492,2285,326932,1964,411424,California
Fresno,2021-05-14,5112,716246,3079,347842,1849,342342,184,26062,2155,83908,2924,329856,2340,413764,California
Fresno,2021-05-15,3642,719888,2733,350575,778,343120,131,26193,1864,84135,1766,331622,1993,415757,California
Fresno,2021-05-16,1583,721471,1084,351659,465,343585,34,26227,919,84431,658,332280,954,416711,California
Fresno,2021-05-17,4183,725654,2829,354488,1191,344776,163,26390,2223,84884,1931,334211,2384,419095,California
Fresno,2021-05-18,4130,729784,2554,357042,1420,346196,156,26546,2081,85093,2025,336236,2234,421329,California
Fresno,2021-05-19,4358,734142,2768,359810,1413,347609,177,26723,2057,85049,2277,338513,2233,423562,California
Fresno,2021-05-20,4117,738259,2459,362269,1470,349079,188,26911,1873,84882,2226,340739,2059,425621,California
Fresno,2021-05-21,4613,742872,3021,365290,1497,350576,95,27006,2068,84529,2514,343253,2161,427782,California
Fresno,2021-05-22,3945,746817,2928,368218,844,351420,173,27179,2268,85309,1660,344913,2440,430222,California
Fresno,2021-05-23,960,747777,627,368845,303,351723,30,27209,473,85335,477,345390,503,430725,California
Fresno,2021-05-24,3307,751084,2101,370946,1091,352814,115,27324,1529,85226,1753,347143,1644,432369,California
Fresno,2021-05-25,3218,754302,1929,372875,1163,353977,126,27450,1348,84843,1856,348999,1473,433842,California
Fresno,2021-05-26,3254,757556,2147,375022,1000,354977,107,27557,1574,84864,1659,350658,1680,435522,California
Fresno,2021-05-27,3151,760707,1913,376935,1131,356108,107,27664,1314,84474,1812,352470,1422,436944,California
Fresno,2021-05-28,3445,764152,2216,379151,1134,357242,95,27759,1871,84890,1551,354021,1967,438911,California
Fresno,2021-05-29,2281,766433,1662,380813,549,357791,70,27829,1191,85072,1080,355101,1262,440173,California
Fresno,2021-05-30,893,767326,535,381348,322,358113,36,27865,413,85059,461,355562,448,440621,California
Fresno,2021-05-31,317,767643,158,381506,147,358260,12,27877,133,85023,179,355741,143,440764,California
Fresno,2021-06-01,3022,770665,1818,383324,1107,359367,97,27974,1142,84404,1857,357598,1238,442002,California
Fresno,2021-06-02,2672,773337,1721,385045,861,360228,90,28064,1063,83980,1579,359177,1155,443157,California
Fresno,2021-06-03,2965,776302,2034,387079,829,361057,102,28166,1108,83353,1835,361012,1208,444365,California
Fresno,2021-06-04,3242,779544,2350,389429,791,361848,101,28267,1068,82373,2150,363162,1170,445535,California
Fresno,2021-06-05,3125,782669,2311,391740,693,362541,121,28388,1224,81843,1873,365035,1343,446878,California
Fresno,2021-06-06,1178,783847,936,392676,204,362745,38,28426,346,81400,827,365862,384,447262,California
Fresno,2021-06-07,3094,786941,2428,395104,575,363320,91,28517,888,80195,2184,368046,979,448241,California
Fresno,2021-06-08,2765,789706,2037,397141,646,363966,82,28599,807,79137,1946,369992,888,449129,California
Fresno,2021-06-09,2944,792650,2198,399339,656,364622,90,28689,971,78243,1954,371946,1060,450189,California
Fresno,2021-06-10,2661,795311,1931,401270,660,365282,70,28759,919,77510,1721,373667,988,451177,California
Fresno,2021-06-11,3138,798449,2196,403466,832,366114,110,28869,1163,76845,1938,375605,1273,452450,California
Fresno,2021-06-12,2905,801354,2297,405763,443,366557,165,29034,778,75668,2115,377720,938,453388,California
Fresno,2021-06-13,715,802069,464,406227,234,366791,17,29051,196,75367,514,378234,213,453601,California
Fresno,2021-06-14,2506,804575,1824,408051,554,367345,128,29179,947,74902,1538,379772,1073,454674,California
Fresno,2021-06-15,2369,806944,1700,409751,593,367938,76,29255,931,74489,1419,381191,1006,455680,California
Fresno,2021-06-16,2633,809577,1889,411640,631,368569,113,29368,1037,74054,1583,382774,1148,456828,California
Fresno,2021-06-17,2260,811837,1579,413219,587,369156,94,29462,951,73802,1295,384069,1043,457871,California
Fresno,2021-06-18,3002,814839,2156,415375,729,369885,117,29579,1187,73310,1797,385866,1305,459176,California
Fresno,2021-06-19,1691,816530,1249,416624,365,370250,77,29656,582,72862,1105,386971,657,459833,California
Fresno,2021-06-20,499,817029,353,416977,135,370385,11,29667,192,72763,302,387273,203,460036,California
Fresno,2021-06-21,1624,818653,1083,418060,476,370861,65,29732,936,73090,674,387947,1001,461037,California
Fresno,2021-06-22,2170,820823,1500,419560,560,371421,110,29842,1004,73049,1152,389099,1111,462148,California
Fresno,2021-06-23,2056,822879,1472,421032,516,371937,68,29910,1010,73096,1029,390128,1076,463224,California
Fresno,2021-06-24,1997,824876,1411,422443,510,372447,76,29986,889,72969,1091,391219,964,464188,California
Fresno,2021-06-25,2058,826934,1440,423883,537,372984,81,30067,979,72967,1062,392281,1060,465248,California
Fresno,2021-06-26,1835,828769,1422,425305,313,373297,100,30167,716,72671,1112,393393,816,466064,California
Fresno,2021-06-27,914,829683,677,425982,138,373435,99,30266,466,72789,444,393837,562,466626,California
Fresno,2021-06-28,1606,831289,1223,427205,288,373723,95,30361,710,72706,885,394722,802,467428,California
Fresno,2021-06-29,1778,833067,1181,428386,520,374243,77,30438,799,72611,970,395692,875,468303,California
Fresno,2021-06-30,1706,834773,1159,429545,458,374701,89,30527,739,72489,951,396643,829,469132,California
Fresno,2021-07-01,1555,836328,1125,430670,361,375062,69,30596,681,72378,859,397502,748,469880,California
Fresno,2021-07-02,1200,837528,840,431510,299,375361,61,30657,547,72338,648,398150,608,470488,California
Glenn,2020-12-17,1,1,1,1,0,0,0,0,1,1,0,0,1,1,California
Glenn,2020-12-19,1,2,1,2,0,0,0,0,1,2,0,0,1,2,California
Glenn,2020-12-20,1,3,1,3,0,0,0,0,1,3,0,0,1,3,California
Glenn,2020-12-21,12,15,12,15,0,0,0,0,12,15,0,0,12,15,California
Glenn,2020-12-22,59,74,59,74,0,0,0,0,59,74,0,0,59,74,California
Glenn,2020-12-23,28,102,28,102,0,0,0,0,28,102,0,0,28,102,California
Glenn,2020-12-24,9,111,9,111,0,0,0,0,9,111,0,0,9,111,California
Glenn,2020-12-26,2,113,2,113,0,0,0,0,2,113,0,0,2,113,California
Glenn,2020-12-27,4,117,4,117,0,0,0,0,4,117,0,0,4,117,California
Glenn,2020-12-28,22,139,22,139,0,0,0,0,22,139,0,0,22,139,California
Glenn,2020-12-29,83,222,83,222,0,0,0,0,83,222,0,0,83,222,California
Glenn,2020-12-30,129,351,106,328,23,23,0,0,129,351,0,0,129,351,California
Glenn,2020-12-31,38,389,9,337,29,52,0,0,38,389,0,0,38,389,California
Glenn,2021-01-02,3,392,3,340,0,52,0,0,3,392,0,0,3,392,California
Glenn,2021-01-04,7,399,5,345,2,54,0,0,7,399,0,0,7,399,California
Glenn,2021-01-05,9,408,8,353,1,55,0,0,9,408,0,0,9,408,California
Glenn,2021-01-06,60,468,8,361,52,107,0,0,60,468,0,0,60,468,California
Glenn,2021-01-07,67,535,12,373,55,162,0,0,65,531,2,2,65,533,California
Glenn,2021-01-08,12,547,9,382,3,165,0,0,12,543,0,2,12,545,California
Glenn,2021-01-10,1,548,1,383,0,165,0,0,0,542,1,3,0,545,California
Glenn,2021-01-11,30,578,30,413,0,165,0,0,12,536,18,21,12,557,California
Glenn,2021-01-12,42,620,37,450,5,170,0,0,14,522,28,49,14,571,California
Glenn,2021-01-13,221,841,158,608,63,233,0,0,176,653,45,94,176,747,California
Glenn,2021-01-14,119,960,30,638,89,322,0,0,109,752,10,104,109,856,California
Glenn,2021-01-15,40,1000,33,671,7,329,0,0,35,782,5,109,35,891,California
Glenn,2021-01-16,33,1033,14,685,19,348,0,0,23,795,10,119,23,914,California
Glenn,2021-01-17,4,1037,2,687,2,350,0,0,2,795,2,121,2,916,California
Glenn,2021-01-18,18,1055,17,704,1,351,0,0,9,795,9,130,9,925,California
Glenn,2021-01-19,30,1085,20,724,10,361,0,0,13,791,17,147,13,938,California
Glenn,2021-01-20,164,1249,95,819,69,430,0,0,82,791,82,229,82,1020,California
Glenn,2021-01-21,124,1373,98,917,26,456,0,0,30,727,94,323,30,1050,California
Glenn,2021-01-22,340,1713,66,983,274,730,0,0,333,1053,7,330,333,1383,California
Glenn,2021-01-23,16,1729,9,992,7,737,0,0,13,1063,3,333,13,1396,California
Glenn,2021-01-24,2,1731,2,994,0,737,0,0,2,1065,0,333,2,1398,California
Glenn,2021-01-25,27,1758,9,1003,18,755,0,0,24,1086,3,336,24,1422,California
Glenn,2021-01-26,30,1788,14,1017,16,771,0,0,24,1104,6,342,24,1446,California
Glenn,2021-01-27,190,1978,13,1030,177,948,0,0,168,1250,22,364,168,1614,California
Glenn,2021-01-28,147,2125,8,1038,139,1087,0,0,117,1337,30,394,117,1731,California
Glenn,2021-01-29,297,2422,12,1050,285,1372,0,0,283,1606,14,408,283,2014,California
Glenn,2021-01-30,4,2426,0,1050,4,1376,0,0,4,1610,0,408,4,2018,California
Glenn,2021-01-31,1,2427,0,1050,1,1377,0,0,1,1611,0,408,1,2019,California
Glenn,2021-02-01,30,2457,11,1061,19,1396,0,0,18,1617,12,420,18,2037,California
Glenn,2021-02-02,32,2489,16,1077,16,1412,0,0,22,1629,10,430,22,2059,California
Glenn,2021-02-03,280,2769,126,1203,154,1566,0,0,134,1618,146,576,135,2194,California
Glenn,2021-02-04,83,2852,16,1219,67,1633,0,0,26,1587,57,633,26,2220,California
Glenn,2021-02-05,319,3171,24,1243,295,1928,0,0,299,1866,20,653,299,2519,California
Glenn,2021-02-06,14,3185,2,1245,12,1940,0,0,13,1878,1,654,13,2532,California
Glenn,2021-02-07,2,3187,2,1247,0,1940,0,0,2,1880,0,654,2,2534,California
Glenn,2021-02-08,21,3208,17,1264,4,1944,0,0,4,1867,17,671,4,2538,California
Glenn,2021-02-09,51,3259,20,1284,31,1975,0,0,38,1892,13,684,38,2576,California
Glenn,2021-02-10,143,3402,19,1303,124,2099,0,0,72,1893,71,755,72,2648,California
Glenn,2021-02-11,268,3670,167,1470,101,2200,0,0,184,1994,84,839,185,2833,California
Glenn,2021-02-12,419,4089,99,1569,320,2520,0,0,352,2279,67,906,352,3185,California
Glenn,2021-02-13,37,4126,9,1578,28,2548,0,0,17,2276,20,926,17,3202,California
Glenn,2021-02-14,1,4127,0,1578,1,2549,0,0,1,2277,0,926,1,3203,California
Glenn,2021-02-15,9,4136,0,1578,9,2558,0,0,8,2284,1,927,8,3211,California
Glenn,2021-02-16,44,4180,9,1587,35,2593,0,0,25,2290,19,946,25,3236,California
Glenn,2021-02-17,381,4561,14,1601,367,2960,0,0,303,2515,78,1024,303,3539,California
Glenn,2021-02-18,174,4735,139,1740,35,2995,0,0,149,2640,24,1048,149,3688,California
Glenn,2021-02-19,303,5038,17,1757,286,3281,0,0,29,2395,274,1322,29,3717,California
Glenn,2021-02-20,9,5047,0,1757,9,3290,0,0,1,2388,8,1330,1,3718,California
Glenn,2021-02-21,1,5048,1,1758,0,3290,0,0,1,2389,0,1330,1,3719,California
Glenn,2021-02-22,36,5084,17,1775,19,3309,0,0,18,2390,17,1347,18,3737,California
Glenn,2021-02-23,44,5128,12,1787,32,3341,0,0,31,2408,13,1360,31,3768,California
Glenn,2021-02-24,270,5398,48,1835,222,3563,0,0,61,2260,209,1569,61,3829,California
Glenn,2021-02-25,323,5721,208,2043,115,3678,0,0,205,2346,119,1688,205,4034,California
Glenn,2021-02-26,305,6026,24,2067,281,3959,0,0,20,2082,284,1972,20,4054,California
Glenn,2021-02-27,16,6042,6,2073,10,3969,0,0,6,2079,9,1981,6,4060,California
Glenn,2021-02-28,6,6048,3,2076,3,3972,0,0,3,2080,2,1983,3,4063,California
Glenn,2021-03-01,28,6076,6,2082,22,3994,0,0,13,2078,15,1998,13,4076,California
Glenn,2021-03-02,38,6114,7,2089,31,4025,0,0,19,2078,19,2017,19,4095,California
Glenn,2021-03-03,212,6326,38,2127,174,4199,0,0,119,2106,91,2108,119,4214,California
Glenn,2021-03-04,543,6869,198,2325,345,4544,0,0,361,2285,182,2290,361,4575,California
Glenn,2021-03-05,357,7226,49,2374,308,4852,0,0,35,1998,322,2612,35,4610,California
Glenn,2021-03-06,28,7254,4,2378,23,4875,1,1,11,1993,17,2629,12,4622,California
Glenn,2021-03-07,5,7259,0,2378,5,4880,0,1,3,1995,1,2630,3,4625,California
Glenn,2021-03-08,20,7279,2,2380,17,4897,1,2,18,2012,2,2632,19,4644,California
Glenn,2021-03-09,83,7362,12,2392,68,4965,3,5,53,2037,30,2662,55,4699,California
Glenn,2021-03-10,188,7550,80,2472,106,5071,2,7,104,2059,84,2746,106,4805,California
Glenn,2021-03-11,593,8143,179,2651,391,5462,23,30,420,2332,173,2919,446,5251,California
Glenn,2021-03-12,420,8563,14,2665,343,5805,63,93,41,2057,379,3298,104,5355,California
Glenn,2021-03-13,13,8576,1,2666,4,5809,8,101,1,2054,12,3310,9,5364,California
Glenn,2021-03-14,3,8579,1,2667,2,5811,0,101,1,2053,2,3312,1,5365,California
Glenn,2021-03-15,76,8655,15,2682,56,5867,5,106,59,2100,17,3329,64,5429,California
Glenn,2021-03-16,113,8768,34,2716,69,5936,10,116,69,2135,44,3373,79,5508,California
Glenn,2021-03-17,419,9187,99,2815,313,6249,7,123,114,1949,305,3678,119,5627,California
Glenn,2021-03-18,535,9722,230,3045,50,6299,255,378,75,1818,460,4138,329,5956,California
Glenn,2021-03-19,96,9818,16,3061,74,6373,6,384,75,1879,20,4158,81,6037,California
Glenn,2021-03-20,133,9951,2,3063,130,6503,1,385,130,2007,3,4161,131,6168,California
Glenn,2021-03-21,6,9957,5,3068,0,6503,1,386,3,2009,2,4163,4,6172,California
Glenn,2021-03-22,124,10081,55,3123,61,6564,8,394,104,2103,18,4181,112,6284,California
Glenn,2021-03-23,179,10260,67,3190,61,6625,51,445,104,2184,74,4255,155,6439,California
Glenn,2021-03-24,213,10473,103,3293,105,6730,5,450,125,2228,86,4341,130,6569,California
Glenn,2021-03-25,481,10954,240,3533,147,6877,94,544,347,2536,133,4474,441,7010,California
Glenn,2021-03-26,238,11192,37,3570,165,7042,36,580,187,2708,51,4525,223,7233,California
Glenn,2021-03-27,168,11360,22,3592,140,7182,6,586,154,2854,14,4539,160,7393,California
Glenn,2021-03-28,15,11375,10,3602,5,7187,0,586,10,2859,5,4544,10,7403,California
Glenn,2021-03-29,62,11437,20,3622,39,7226,3,589,47,2894,15,4559,50,7453,California
Glenn,2021-03-30,76,11513,43,3665,32,7258,1,590,43,2907,31,4590,44,7497,California
Glenn,2021-03-31,132,11645,35,3700,96,7354,1,591,43,2863,88,4678,44,7541,California
Glenn,2021-04-01,656,12301,189,3889,458,7812,9,600,230,2679,423,5101,239,7780,California
Glenn,2021-04-02,170,12471,26,3915,132,7944,12,612,133,2787,37,5138,145,7925,California
Glenn,2021-04-03,95,12566,4,3919,84,8028,7,619,84,2867,11,5149,91,8016,California
Glenn,2021-04-04,9,12575,3,3922,4,8032,2,621,5,2870,4,5153,7,8023,California
Glenn,2021-04-05,67,12642,26,3948,28,8060,13,634,30,2876,37,5190,43,8066,California
Glenn,2021-04-06,144,12786,52,4000,53,8113,39,673,37,2845,106,5296,75,8141,California
Glenn,2021-04-07,161,12947,47,4047,60,8173,54,727,75,2888,86,5382,129,8270,California
Glenn,2021-04-08,642,13589,188,4235,418,8591,36,763,138,2560,502,5884,174,8444,California
Glenn,2021-04-09,160,13749,57,4292,86,8677,17,780,102,2620,58,5942,118,8562,California
Glenn,2021-04-10,77,13826,1,4293,60,8737,16,796,58,2676,18,5960,74,8636,California
Glenn,2021-04-11,17,13843,8,4301,4,8741,5,801,7,2678,10,5970,12,8648,California
Glenn,2021-04-12,116,13959,26,4327,61,8802,29,830,21,2633,95,6065,50,8698,California
Glenn,2021-04-13,119,14078,64,4391,55,8857,0,830,30,2574,89,6154,30,8728,California
Glenn,2021-04-14,122,14200,46,4437,76,8933,0,830,67,2586,55,6209,67,8795,California
Glenn,2021-04-15,365,14565,276,4713,89,9022,0,830,111,2444,253,6462,111,8906,California
Glenn,2021-04-16,169,14734,42,4755,127,9149,0,830,79,2433,90,6552,79,8985,California
Glenn,2021-04-17,169,14903,17,4772,152,9301,0,830,30,2332,131,6683,30,9015,California
Glenn,2021-04-18,19,14922,6,4778,13,9314,0,830,15,2343,4,6687,15,9030,California
Glenn,2021-04-19,84,15006,17,4795,67,9381,0,830,23,2306,60,6747,23,9053,California
Glenn,2021-04-20,134,15140,90,4885,44,9425,0,830,55,2282,79,6826,55,9108,California
Glenn,2021-04-21,431,15571,328,5213,103,9528,0,830,291,2434,139,6965,291,9399,California
Glenn,2021-04-22,214,15785,54,5267,160,9688,0,830,38,2297,175,7140,38,9437,California
Glenn,2021-04-23,191,15976,36,5303,155,9843,0,830,49,2205,141,7281,49,9486,California
Glenn,2021-04-24,180,16156,32,5335,148,9991,0,830,30,2086,149,7430,30,9516,California
Glenn,2021-04-25,30,16186,18,5353,12,10003,0,830,22,2100,8,7438,22,9538,California
Glenn,2021-04-26,50,16236,14,5367,36,10039,0,830,19,2088,31,7469,19,9557,California
Glenn,2021-04-27,66,16302,50,5417,11,10050,5,835,34,2094,32,7501,38,9595,California
Glenn,2021-04-28,263,16565,184,5601,68,10118,11,846,132,2107,130,7631,143,9738,California
Glenn,2021-04-29,186,16751,27,5628,157,10275,2,848,40,2003,146,7777,42,9780,California
Glenn,2021-04-30,163,16914,42,5670,119,10394,2,850,40,1922,123,7900,42,9822,California
Glenn,2021-05-01,108,17022,13,5683,94,10488,1,851,26,1867,82,7982,27,9849,California
Glenn,2021-05-02,32,17054,14,5697,9,10497,9,860,15,1874,17,7999,24,9873,California
Glenn,2021-05-03,39,17093,24,5721,14,10511,1,861,14,1864,25,8024,15,9888,California
Glenn,2021-05-04,60,17153,36,5757,19,10530,5,866,28,1865,32,8056,33,9921,California
Glenn,2021-05-05,127,17280,39,5796,77,10607,11,877,52,1853,75,8131,63,9984,California
Glenn,2021-05-06,111,17391,41,5837,65,10672,5,882,40,1827,71,8202,45,10029,California
Glenn,2021-05-07,122,17513,36,5873,77,10749,9,891,30,1775,91,8293,39,10068,California
Glenn,2021-05-08,65,17578,12,5885,49,10798,4,895,21,1757,43,8336,25,10093,California
Glenn,2021-05-09,17,17595,11,5896,6,10804,0,895,11,1762,6,8342,11,10104,California
Glenn,2021-05-10,37,17632,15,5911,17,10821,5,900,13,1756,24,8366,18,10122,California
Glenn,2021-05-11,84,17716,59,5970,16,10837,9,909,17,1715,67,8433,26,10148,California
Glenn,2021-05-12,335,18051,252,6222,69,10906,14,923,50,1494,285,8718,64,10212,California
Glenn,2021-05-13,158,18209,59,6281,80,10986,19,942,64,1483,94,8812,83,10295,California
Glenn,2021-05-14,105,18314,24,6305,76,11062,5,947,34,1451,71,8883,39,10334,California
Glenn,2021-05-15,67,18381,40,6345,24,11086,3,950,32,1451,34,8917,34,10368,California
Glenn,2021-05-16,31,18412,18,6363,13,11099,0,950,9,1438,22,8939,9,10377,California
Glenn,2021-05-17,86,18498,61,6424,21,11120,4,954,60,1476,26,8965,64,10441,California
Glenn,2021-05-18,68,18566,50,6474,14,11134,4,958,22,1456,46,9011,26,10467,California
Glenn,2021-05-19,199,18765,118,6592,69,11203,12,970,73,1415,125,9136,84,10551,California
Glenn,2021-05-20,120,18885,79,6671,39,11242,2,972,80,1457,40,9176,82,10633,California
Glenn,2021-05-21,70,18955,26,6697,43,11285,1,973,28,1444,42,9218,29,10662,California
Glenn,2021-05-22,56,19011,24,6721,32,11317,0,973,29,1446,27,9245,29,10691,California
Glenn,2021-05-23,29,19040,16,6737,13,11330,0,973,12,1442,16,9261,12,10703,California
Glenn,2021-05-24,30,19070,11,6748,15,11345,4,977,11,1439,18,9279,15,10718,California
Glenn,2021-05-25,47,19117,35,6783,10,11355,2,979,23,1440,24,9303,25,10743,California
Glenn,2021-05-26,73,19190,14,6797,55,11410,4,983,25,1421,48,9351,29,10772,California
Glenn,2021-05-27,101,19291,62,6859,38,11448,1,984,47,1417,52,9403,48,10820,California
Glenn,2021-05-28,62,19353,18,6877,37,11485,7,991,32,1426,30,9433,39,10859,California
Glenn,2021-05-29,48,19401,11,6888,33,11518,4,995,21,1424,27,9460,25,10884,California
Glenn,2021-05-30,21,19422,13,6901,8,11526,0,995,8,1420,12,9472,8,10892,California
Glenn,2021-05-31,4,19426,0,6901,4,11530,0,995,0,1416,4,9476,0,10892,California
Glenn,2021-06-01,59,19485,34,6935,22,11552,3,998,24,1408,35,9511,27,10919,California
Glenn,2021-06-02,98,19583,49,6984,46,11598,3,1001,39,1391,59,9570,42,10961,California
Glenn,2021-06-03,75,19658,42,7026,26,11624,7,1008,18,1361,55,9625,25,10986,California
Glenn,2021-06-04,77,19735,37,7063,37,11661,3,1011,42,1371,35,9660,45,11031,California
Glenn,2021-06-05,55,19790,30,7093,22,11683,3,1014,17,1353,38,9698,20,11051,California
Glenn,2021-06-06,30,19820,27,7120,2,11685,1,1015,14,1353,15,9713,15,11066,California
Glenn,2021-06-07,68,19888,59,7179,7,11692,2,1017,13,1314,54,9767,15,11081,California
Glenn,2021-06-08,35,19923,19,7198,11,11703,5,1022,16,1316,19,9786,21,11102,California
Glenn,2021-06-09,64,19987,36,7234,21,11724,7,1029,31,1321,33,9819,38,11140,California
Glenn,2021-06-10,119,20106,88,7322,25,11749,6,1035,35,1278,84,9903,41,11181,California
Glenn,2021-06-11,88,20194,57,7379,28,11777,3,1038,25,1243,63,9966,28,11209,California
Glenn,2021-06-12,35,20229,19,7398,13,11790,3,1041,13,1237,22,9988,16,11225,California
Glenn,2021-06-13,11,20240,11,7409,0,11790,0,1041,5,1236,6,9994,5,11230,California
Glenn,2021-06-14,40,20280,27,7436,10,11800,3,1044,16,1232,23,10017,19,11249,California
Glenn,2021-06-15,49,20329,33,7469,15,11815,1,1045,23,1230,26,10043,24,11273,California
Glenn,2021-06-16,85,20414,50,7519,34,11849,1,1046,58,1264,25,10068,59,11332,California
Glenn,2021-06-17,61,20475,36,7555,21,11870,4,1050,7,1221,54,10122,11,11343,California
Glenn,2021-06-18,82,20557,44,7599,17,11887,21,1071,28,1216,54,10176,49,11392,California
Glenn,2021-06-19,42,20599,21,7620,21,11908,0,1071,24,1222,18,10194,24,11416,California
Glenn,2021-06-20,15,20614,11,7631,4,11912,0,1071,4,1215,11,10205,4,11420,California
Glenn,2021-06-21,26,20640,18,7649,6,11918,2,1073,19,1229,7,10212,21,11441,California
Glenn,2021-06-22,47,20687,32,7681,13,11931,2,1075,22,1229,24,10236,24,11465,California
Glenn,2021-06-23,54,20741,37,7718,14,11945,3,1078,28,1234,26,10262,31,11496,California
Glenn,2021-06-24,44,20785,27,7745,13,11958,4,1082,17,1228,27,10289,21,11517,California
Glenn,2021-06-25,68,20853,48,7793,19,11977,1,1083,32,1225,36,10325,33,11550,California
Glenn,2021-06-26,35,20888,20,7813,14,11991,1,1084,16,1223,19,10344,17,11567,California
Glenn,2021-06-27,17,20905,13,7826,4,11995,0,1084,4,1214,13,10357,4,11571,California
Glenn,2021-06-28,27,20932,23,7849,1,11996,3,1087,12,1213,15,10372,14,11585,California
Glenn,2021-06-29,33,20965,16,7865,12,12008,5,1092,11,1207,22,10394,16,11601,California
Glenn,2021-06-30,76,21041,51,7916,20,12028,5,1097,36,1208,40,10434,41,11642,California
Glenn,2021-07-01,56,21097,40,7956,13,12041,3,1100,16,1187,40,10474,19,11661,California
Glenn,2021-07-02,45,21142,26,7982,18,12059,1,1101,17,1178,27,10501,18,11679,California
Humboldt,2020-12-15,3,3,3,3,0,0,0,0,3,3,0,0,3,3,California
Humboldt,2020-12-16,16,19,16,19,0,0,0,0,16,19,0,0,16,19,California
Humboldt,2020-12-17,119,138,119,138,0,0,0,0,119,138,0,0,119,138,California
Humboldt,2020-12-18,177,315,177,315,0,0,0,0,177,315,0,0,177,315,California
Humboldt,2020-12-19,10,325,10,325,0,0,0,0,10,325,0,0,10,325,California
Humboldt,2020-12-20,27,352,27,352,0,0,0,0,27,352,0,0,27,352,California
Humboldt,2020-12-21,167,519,167,519,0,0,0,0,167,519,0,0,167,519,California
Humboldt,2020-12-22,337,856,337,856,0,0,0,0,337,856,0,0,337,856,California
Humboldt,2020-12-23,322,1178,264,1120,58,58,0,0,324,1180,0,0,324,1180,California
Humboldt,2020-12-24,25,1203,2,1122,23,81,0,0,25,1205,0,0,25,1205,California
Humboldt,2020-12-25,2,1205,2,1124,0,81,0,0,2,1207,0,0,2,1207,California
Humboldt,2020-12-26,6,1211,5,1129,1,82,0,0,6,1213,0,0,6,1213,California
Humboldt,2020-12-28,207,1418,149,1278,58,140,0,0,207,1420,0,0,207,1420,California
Humboldt,2020-12-29,186,1604,125,1403,61,201,0,0,187,1607,0,0,187,1607,California
Humboldt,2020-12-30,235,1839,129,1532,106,307,0,0,235,1842,0,0,235,1842,California
Humboldt,2020-12-31,246,2085,81,1613,165,472,0,0,246,2088,0,0,246,2088,California
Humboldt,2021-01-01,3,2088,2,1615,1,473,0,0,3,2091,0,0,3,2091,California
Humboldt,2021-01-02,40,2128,2,1617,38,511,0,0,40,2131,0,0,40,2131,California
Humboldt,2021-01-04,219,2347,142,1759,77,588,0,0,220,2351,0,0,220,2351,California
Humboldt,2021-01-05,133,2480,21,1780,112,700,0,0,133,2483,1,1,133,2484,California
Humboldt,2021-01-06,314,2794,214,1994,100,800,0,0,240,2661,62,63,240,2724,California
Humboldt,2021-01-07,438,3232,326,2320,112,912,0,0,320,2880,101,164,320,3044,California
Humboldt,2021-01-08,429,3661,289,2609,140,1052,0,0,287,3031,136,300,287,3331,California
Humboldt,2021-01-09,67,3728,43,2652,24,1076,0,0,65,3095,2,302,66,3397,California
Humboldt,2021-01-10,84,3812,84,2736,0,1076,0,0,4,3019,80,382,4,3401,California
Humboldt,2021-01-11,292,4104,281,3017,11,1087,0,0,70,2871,218,600,70,3471,California
Humboldt,2021-01-12,504,4608,339,3356,165,1252,0,0,286,2961,196,796,286,3757,California
Humboldt,2021-01-13,501,5109,281,3637,220,1472,0,0,322,3108,176,972,323,4080,California
Humboldt,2021-01-14,559,5668,175,3812,384,1856,0,0,503,3556,56,1028,504,4584,California
Humboldt,2021-01-15,373,6041,28,3840,345,2201,0,0,355,3893,18,1046,355,4939,California
Humboldt,2021-01-16,169,6210,6,3846,163,2364,0,0,168,4060,1,1047,168,5107,California
Humboldt,2021-01-17,7,6217,4,3850,3,2367,0,0,7,4067,0,1047,7,5114,California
Humboldt,2021-01-18,307,6524,272,4122,35,2402,0,0,149,4058,158,1205,149,5263,California
Humboldt,2021-01-19,660,7184,401,4523,259,2661,0,0,529,4462,125,1330,529,5792,California
Humboldt,2021-01-20,952,8136,423,4946,529,3190,0,0,786,5092,158,1488,788,6580,California
Humboldt,2021-01-21,971,9107,260,5206,711,3901,0,0,928,5977,43,1531,928,7508,California
Humboldt,2021-01-22,689,9796,381,5587,308,4209,0,0,679,6647,10,1541,680,8188,California
Humboldt,2021-01-23,928,10724,283,5870,645,4854,0,0,919,7558,9,1550,920,9108,California
Humboldt,2021-01-24,228,10952,1,5871,227,5081,0,0,227,7784,1,1551,227,9335,California
Humboldt,2021-01-25,352,11304,235,6106,117,5198,0,0,154,7740,198,1749,154,9489,California
Humboldt,2021-01-26,543,11847,149,6255,394,5592,0,0,479,8155,64,1813,479,9968,California
Humboldt,2021-01-27,1273,13120,585,6840,688,6280,0,0,1199,9289,67,1880,1201,11169,California
Humboldt,2021-01-28,1465,14585,637,7477,828,7108,0,0,1322,10473,140,2020,1324,12493,California
Humboldt,2021-01-29,1164,15749,547,8024,617,7725,0,0,695,10699,469,2489,695,13188,California
Humboldt,2021-01-30,1028,16777,470,8494,558,8283,0,0,983,11638,45,2534,984,14172,California
Humboldt,2021-01-31,317,17094,315,8809,2,8285,0,0,316,11953,1,2535,316,14488,California
Humboldt,2021-02-01,321,17415,177,8986,144,8429,0,0,185,12002,136,2671,185,14673,California
Humboldt,2021-02-02,454,17869,79,9065,375,8804,0,0,349,12251,102,2773,351,15024,California
Humboldt,2021-02-03,677,18546,266,9331,411,9215,0,0,521,12616,156,2929,521,15545,California
Humboldt,2021-02-04,652,19198,260,9591,392,9607,0,0,444,12855,205,3134,444,15989,California
Humboldt,2021-02-05,827,20025,108,9699,719,10326,0,0,625,13279,201,3335,625,16614,California
Humboldt,2021-02-06,1083,21108,469,10168,614,10940,0,0,1033,14264,49,3384,1034,17648,California
Humboldt,2021-02-07,379,21487,8,10176,371,11311,0,0,374,14635,4,3388,375,18023,California
Humboldt,2021-02-08,339,21826,147,10323,192,11503,0,0,180,14657,158,3546,180,18203,California
Humboldt,2021-02-09,504,22330,228,10551,276,11779,0,0,177,14507,327,3873,177,18380,California
Humboldt,2021-02-10,565,22895,370,10921,195,11974,0,0,206,14359,354,4227,206,18586,California
Humboldt,2021-02-11,1323,24218,398,11319,925,12899,0,0,491,14024,828,5055,493,19079,California
Humboldt,2021-02-12,1171,25389,748,12067,423,13322,0,0,712,14278,458,5513,712,19791,California
Humboldt,2021-02-13,1551,26940,601,12668,950,14272,0,0,924,14578,625,6138,925,20716,California
Humboldt,2021-02-14,114,27054,5,12673,109,14381,0,0,110,14685,3,6141,110,20826,California
Humboldt,2021-02-15,294,27348,81,12754,213,14594,0,0,193,14778,100,6241,193,21019,California
Humboldt,2021-02-16,555,27903,124,12878,431,15025,0,0,253,14732,301,6542,255,21274,California
Humboldt,2021-02-17,454,28357,282,13160,172,15197,0,0,133,14545,320,6862,133,21407,California
Humboldt,2021-02-18,1029,29386,605,13765,424,15621,0,0,276,14071,750,7612,276,21683,California
Humboldt,2021-02-19,489,29875,441,14206,48,15669,0,0,92,13770,393,8005,92,21775,California
Humboldt,2021-02-20,1752,31627,1033,15239,719,16388,0,0,483,12990,1266,9271,486,22261,California
Humboldt,2021-02-21,496,32123,488,15727,8,16396,0,0,187,12869,309,9580,188,22449,California
Humboldt,2021-02-22,140,32263,95,15822,45,16441,0,0,29,12789,109,9689,29,22478,California
Humboldt,2021-02-23,186,32449,72,15894,114,16555,0,0,46,12697,138,9827,46,22524,California
Humboldt,2021-02-24,1259,33708,758,16652,501,17056,0,0,599,12638,658,10485,599,23123,California
Humboldt,2021-02-25,841,34549,320,16972,521,17577,0,0,232,12264,606,11091,232,23355,California
Humboldt,2021-02-26,2150,36699,107,17079,2043,19620,0,0,438,10997,1706,12797,439,23794,California
Humboldt,2021-02-27,1761,38460,1133,18212,628,20248,0,0,899,11040,860,13657,903,24697,California
Humboldt,2021-02-28,126,38586,11,18223,115,20363,0,0,118,11151,7,13664,118,24815,California
Humboldt,2021-03-01,261,38847,46,18269,215,20578,0,0,186,11263,74,13738,186,25001,California
Humboldt,2021-03-02,305,39152,51,18320,254,20832,0,0,166,11290,139,13877,166,25167,California
Humboldt,2021-03-03,1677,40829,1108,19428,569,21401,0,0,1225,12071,445,14322,1226,26393,California
Humboldt,2021-03-04,926,41755,114,19542,812,22213,0,0,300,11747,626,14948,302,26695,California
Humboldt,2021-03-05,948,42703,190,19732,747,22960,11,11,389,11591,556,15504,400,27095,California
Humboldt,2021-03-06,1798,44501,936,20668,813,23773,49,60,796,11435,1001,16505,845,27940,California
Humboldt,2021-03-07,369,44870,296,20964,54,23827,19,79,158,11401,211,16716,177,28117,California
Humboldt,2021-03-08,275,45145,6,20970,191,24018,78,157,180,11565,94,16810,258,28375,California
Humboldt,2021-03-09,501,45646,206,21176,147,24165,148,305,245,11703,254,17064,392,28767,California
Humboldt,2021-03-10,695,46341,468,21644,72,24237,155,460,420,12002,274,17338,573,29340,California
Humboldt,2021-03-11,1489,47830,460,22104,929,25166,100,560,657,11931,827,18165,756,30096,California
Humboldt,2021-03-12,1754,49584,1086,23190,445,25611,223,783,1055,12521,691,18856,1281,31377,California
Humboldt,2021-03-13,1586,51170,1038,24228,497,26108,51,834,671,12333,909,19765,721,32098,California
Humboldt,2021-03-14,143,51313,19,24247,116,26224,8,842,29,12256,114,19879,37,32135,California
Humboldt,2021-03-15,280,51593,52,24299,206,26430,22,864,60,12118,220,20099,82,32217,California
Humboldt,2021-03-16,639,52232,201,24500,176,26606,262,1126,262,12264,376,20475,522,32739,California
Humboldt,2021-03-17,732,52964,395,24895,229,26835,108,1234,340,12321,391,20866,448,33187,California
Humboldt,2021-03-18,1741,54705,1167,26062,531,27366,43,1277,1028,12685,707,21573,1071,34258,California
Humboldt,2021-03-19,1076,55781,61,26123,700,28066,315,1592,441,12807,633,22206,755,35013,California
Humboldt,2021-03-20,1385,57166,759,26882,612,28678,14,1606,397,12233,986,23192,412,35425,California
Humboldt,2021-03-21,252,57418,34,26916,189,28867,29,1635,204,12417,48,23240,232,35657,California
Humboldt,2021-03-22,118,57536,14,26930,54,28921,50,1685,62,12475,54,23294,112,35769,California
Humboldt,2021-03-23,413,57949,41,26971,329,29250,43,1728,319,12744,93,23387,362,36131,California
Humboldt,2021-03-24,1413,59362,389,27360,977,30227,47,1775,1035,13455,370,23757,1081,37212,California
Humboldt,2021-03-25,1842,61204,1214,28574,564,30791,64,1839,944,13566,896,24653,1007,38219,California
Humboldt,2021-03-26,2043,63247,441,29015,1545,32336,57,1896,1595,14775,442,25095,1651,39870,California
Humboldt,2021-03-27,2096,65343,1497,30512,425,32761,174,2070,1118,15093,974,26069,1292,41162,California
Humboldt,2021-03-28,268,65611,82,30594,114,32875,72,2142,81,15061,186,26255,154,41316,California
Humboldt,2021-03-29,467,66078,124,30718,247,33122,96,2238,198,15086,268,26523,293,41609,California
Humboldt,2021-03-30,946,67024,303,31021,529,33651,114,2352,561,15380,380,26903,674,42283,California
Humboldt,2021-03-31,1870,68894,523,31544,1249,34900,98,2450,1412,16437,454,27357,1511,43794,California
Humboldt,2021-04-01,2122,71016,711,32255,1318,36218,93,2543,1482,17380,632,27989,1575,45369,California
Humboldt,2021-04-02,1728,72744,1113,33368,508,36726,107,2650,619,17003,1103,29092,726,46095,California
Humboldt,2021-04-03,1672,74416,1512,34880,145,36871,15,2665,674,16704,988,30080,689,46784,California
Humboldt,2021-04-04,485,74901,372,35252,104,36975,9,2674,404,17037,80,30160,413,47197,California
Humboldt,2021-04-05,781,75682,466,35718,267,37242,48,2722,445,17197,333,30493,493,47690,California
Humboldt,2021-04-06,848,76530,319,36037,394,37636,135,2857,589,17666,253,30746,722,48412,California
Humboldt,2021-04-07,1501,78031,1067,37104,292,37928,142,2999,994,18298,504,31250,1136,49548,California
Humboldt,2021-04-08,1760,79791,1096,38200,505,38433,159,3158,743,18185,1015,32265,902,50450,California
Humboldt,2021-04-09,1445,81236,441,38641,849,39282,155,3313,1154,19197,290,32555,1302,51752,California
Humboldt,2021-04-10,944,82180,139,38780,630,39912,175,3488,743,19914,199,32754,916,52668,California
Humboldt,2021-04-11,646,82826,138,38918,36,39948,472,3960,128,19994,518,33272,598,53266,California
Humboldt,2021-04-12,443,83269,230,39148,86,40034,127,4087,282,20243,160,33432,409,53675,California
Humboldt,2021-04-13,594,83863,324,39472,265,40299,5,4092,558,20771,34,33466,562,54237,California
Humboldt,2021-04-14,1450,85313,1047,40519,403,40702,0,4092,1332,21986,117,33583,1332,55569,California
Humboldt,2021-04-15,1834,87147,1203,41722,627,41329,4,4096,1260,22693,555,34138,1262,56831,California
Humboldt,2021-04-16,1139,88286,522,42244,617,41946,0,4096,554,22665,582,34720,554,57385,California
Humboldt,2021-04-17,1859,90145,1536,43780,323,42269,0,4096,1050,22912,803,35523,1050,58435,California
Humboldt,2021-04-18,670,90815,354,44134,315,42584,1,4097,85,22418,579,36102,85,58520,California
Humboldt,2021-04-19,208,91023,86,44220,122,42706,0,4097,92,22396,114,36216,92,58612,California
Humboldt,2021-04-20,511,91534,140,44360,371,43077,0,4097,255,22396,255,36471,255,58867,California
Humboldt,2021-04-21,1123,92657,391,44751,732,43809,0,4097,456,22195,658,37129,457,59324,California
Humboldt,2021-04-22,900,93557,538,45289,361,44170,1,4098,457,22212,440,37569,457,59781,California
Humboldt,2021-04-23,2195,95752,312,45601,1883,46053,0,4098,339,20699,1852,39421,339,60120,California
Humboldt,2021-04-24,1104,96856,886,46487,213,46266,5,4103,361,20325,740,40161,366,60486,California
Humboldt,2021-04-25,377,97233,241,46728,136,46402,0,4103,194,20338,181,40342,194,60680,California
Humboldt,2021-04-26,391,97624,272,47000,115,46517,4,4107,110,20171,279,40621,112,60792,California
Humboldt,2021-04-27,777,98401,278,47278,470,46987,29,4136,154,19733,621,41242,183,60975,California
Humboldt,2021-04-28,1603,100004,843,48121,715,47702,45,4181,418,19014,1182,42424,463,61438,California
Humboldt,2021-04-29,1789,101793,635,48756,1116,48818,38,4219,299,17866,1485,43909,337,61775,California
Humboldt,2021-04-30,1305,103098,437,49193,834,49652,34,4253,206,17012,1092,45001,238,62013,California
Humboldt,2021-05-01,485,103583,387,49580,75,49727,23,4276,300,17151,184,45185,323,62336,California
Humboldt,2021-05-02,233,103816,186,49766,38,49765,9,4285,117,17162,115,45300,126,62462,California
Humboldt,2021-05-03,618,104434,375,50141,219,49984,24,4309,102,16775,514,45814,127,62589,California
Humboldt,2021-05-04,869,105303,522,50663,302,50286,45,4354,261,16475,605,46419,305,62894,California
Humboldt,2021-05-05,1741,107044,1116,51779,567,50853,58,4412,185,15169,1547,47966,241,63135,California
Humboldt,2021-05-06,1694,108738,1075,52854,367,51220,252,4664,141,14012,1550,49516,393,63528,California
Humboldt,2021-05-07,1436,110174,316,53170,1060,52280,60,4724,238,13113,1195,50711,296,63824,California
Humboldt,2021-05-08,743,110917,147,53317,573,52853,23,4747,90,12575,651,51362,113,63937,California
Humboldt,2021-05-09,906,111823,854,54171,42,52895,10,4757,47,11773,859,52221,57,63994,California
Humboldt,2021-05-10,218,112041,37,54208,142,53037,39,4796,82,11758,136,52357,121,64115,California
Humboldt,2021-05-11,536,112577,184,54392,279,53316,73,4869,204,11704,331,52688,277,64392,California
Humboldt,2021-05-12,622,113199,143,54535,433,53749,46,4915,227,11582,394,53082,272,64664,California
Humboldt,2021-05-13,631,113830,302,54837,302,54051,27,4942,289,11558,340,53422,316,64980,California
Humboldt,2021-05-14,711,114541,142,54979,465,54516,104,5046,233,11419,475,53897,336,65316,California
Humboldt,2021-05-15,787,115328,643,55622,135,54651,9,5055,212,11066,574,54471,221,65537,California
Humboldt,2021-05-16,122,115450,54,55676,64,54715,4,5059,68,11084,54,54525,72,65609,California
Humboldt,2021-05-17,410,115860,215,55891,172,54887,23,5082,225,11148,183,54708,247,65856,California
Humboldt,2021-05-18,664,116524,326,56217,309,55196,29,5111,361,11234,303,55011,389,66245,California
Humboldt,2021-05-19,988,117512,548,56765,397,55593,43,5154,340,10971,644,55655,381,66626,California
Humboldt,2021-05-20,828,118340,607,57372,208,55801,13,5167,593,11346,232,55887,607,67233,California
Humboldt,2021-05-21,878,119218,291,57663,526,56327,61,5228,351,11231,527,56414,412,67645,California
Humboldt,2021-05-22,415,119633,321,57984,86,56413,8,5236,147,11120,266,56680,155,67800,California
Humboldt,2021-05-23,395,120028,325,58309,67,56480,3,5239,76,10880,319,56999,79,67879,California
Humboldt,2021-05-24,337,120365,174,58483,134,56614,29,5268,182,10937,154,57153,211,68090,California
Humboldt,2021-05-25,529,120894,337,58820,168,56782,24,5292,287,11009,239,57392,311,68401,California
Humboldt,2021-05-26,648,121542,310,59130,314,57096,24,5316,309,11004,338,57730,333,68734,California
Humboldt,2021-05-27,465,122007,247,59377,181,57277,37,5353,276,11128,189,57919,313,69047,California
Humboldt,2021-05-28,410,122417,192,59569,171,57448,47,5400,168,11104,239,58158,215,69262,California
Humboldt,2021-05-29,172,122589,103,59672,66,57514,3,5403,91,11117,81,58239,94,69356,California
Humboldt,2021-05-30,104,122693,45,59717,54,57568,5,5408,49,11117,54,58293,54,69410,California
Humboldt,2021-05-31,73,122766,27,59744,40,57608,6,5414,49,11148,23,58316,54,69464,California
Humboldt,2021-06-01,462,123228,266,60010,181,57789,15,5429,186,11073,276,58592,201,69665,California
Humboldt,2021-06-02,533,123761,249,60259,230,58019,54,5483,237,11072,290,58882,289,69954,California
Humboldt,2021-06-03,391,124152,226,60485,143,58162,22,5505,85,10901,278,59160,107,70061,California
Humboldt,2021-06-04,508,124660,317,60802,167,58329,24,5529,134,10728,330,59490,157,70218,California
Humboldt,2021-06-05,408,125068,313,61115,50,58379,45,5574,205,10830,148,59638,250,70468,California
Humboldt,2021-06-06,171,125239,119,61234,43,58422,9,5583,70,10813,96,59734,79,70547,California
Humboldt,2021-06-07,360,125599,217,61451,119,58541,24,5607,111,10700,248,59982,135,70682,California
Humboldt,2021-06-08,521,126120,302,61753,190,58731,29,5636,151,10511,368,60350,179,70861,California
Humboldt,2021-06-09,397,126517,204,61957,146,58877,47,5683,125,10413,270,60620,172,71033,California
Humboldt,2021-06-10,564,127081,446,62403,91,58968,27,5710,94,10066,466,61086,119,71152,California
Humboldt,2021-06-11,436,127517,244,62647,164,59132,28,5738,98,9855,337,61423,126,71278,California
Humboldt,2021-06-12,178,127695,131,62778,47,59179,0,5738,48,9774,129,61552,48,71326,California
Humboldt,2021-06-13,213,127908,145,62923,43,59222,25,5763,91,9769,120,61672,115,71441,California
Humboldt,2021-06-14,417,128325,253,63176,137,59359,27,5790,113,9606,303,61975,140,71581,California
Humboldt,2021-06-15,544,128869,369,63545,147,59506,28,5818,154,9403,384,62359,181,71762,California
Humboldt,2021-06-16,484,129353,323,63868,114,59620,47,5865,141,9257,334,62693,188,71950,California
Humboldt,2021-06-17,397,129750,260,64128,91,59711,46,5911,98,9102,299,62992,144,72094,California
Humboldt,2021-06-18,398,130148,229,64357,140,59851,29,5940,130,8998,262,63254,158,72252,California
Humboldt,2021-06-19,202,130350,136,64493,45,59896,21,5961,87,8991,114,63368,107,72359,California
Humboldt,2021-06-20,80,130430,36,64529,30,59926,14,5975,33,8993,45,63413,47,72406,California
Humboldt,2021-06-21,152,130582,71,64600,54,59980,27,6002,52,8972,100,63513,79,72485,California
Humboldt,2021-06-22,349,130931,220,64820,110,60090,19,6021,144,8931,204,63717,163,72648,California
Humboldt,2021-06-23,353,131284,248,65068,74,60164,31,6052,106,8826,240,63957,135,72783,California
Humboldt,2021-06-24,210,131494,106,65174,49,60213,55,6107,88,8849,118,64075,141,72924,California
Humboldt,2021-06-25,255,131749,144,65318,96,60309,15,6122,104,8820,148,64223,119,73043,California
Humboldt,2021-06-26,251,132000,190,65508,38,60347,23,6145,64,8720,187,64410,87,73130,California
Humboldt,2021-06-27,73,132073,50,65558,21,60368,2,6147,26,8701,47,64457,28,73158,California
Humboldt,2021-06-28,155,132228,100,65658,27,60395,28,6175,68,8710,87,64544,96,73254,California
Humboldt,2021-06-29,262,132490,156,65814,73,60468,33,6208,87,8656,173,64717,119,73373,California
Humboldt,2021-06-30,221,132711,146,65960,55,60523,20,6228,93,8643,126,64843,113,73486,California
Humboldt,2021-07-01,188,132899,112,66072,57,60580,19,6247,83,8641,103,64946,101,73587,California
Humboldt,2021-07-02,182,133081,79,66151,63,60643,40,6287,69,8638,112,65058,109,73696,California
Imperial,2020-12-16,1,1,1,1,0,0,0,0,1,1,0,0,1,1,California
Imperial,2020-12-17,4,5,4,5,0,0,0,0,4,5,0,0,4,5,California
Imperial,2020-12-18,13,18,13,18,0,0,0,0,13,18,0,0,13,18,California
Imperial,2020-12-20,3,21,3,21,0,0,0,0,3,21,0,0,3,21,California
Imperial,2020-12-21,184,205,184,205,0,0,0,0,184,205,0,0,184,205,California
Imperial,2020-12-22,240,445,238,443,2,2,0,0,240,445,0,0,240,445,California
Imperial,2020-12-23,211,656,210,653,1,3,0,0,211,656,0,0,211,656,California
Imperial,2020-12-24,7,663,7,660,0,3,0,0,7,663,0,0,7,663,California
Imperial,2020-12-26,3,666,1,661,2,5,0,0,3,666,0,0,3,666,California
Imperial,2020-12-27,62,728,0,661,62,67,0,0,62,728,0,0,62,728,California
Imperial,2020-12-28,216,944,115,776,101,168,0,0,216,944,0,0,216,944,California
Imperial,2020-12-29,190,1134,37,813,153,321,0,0,190,1134,0,0,190,1134,California
Imperial,2020-12-30,367,1501,51,864,316,637,0,0,367,1501,0,0,367,1501,California
Imperial,2020-12-31,199,1700,28,892,171,808,0,0,199,1700,0,0,199,1700,California
Imperial,2021-01-01,47,1747,5,897,42,850,0,0,47,1747,0,0,47,1747,California
Imperial,2021-01-02,5,1752,0,897,5,855,0,0,5,1752,0,0,5,1752,California
Imperial,2021-01-03,90,1842,0,897,90,945,0,0,90,1842,0,0,90,1842,California
Imperial,2021-01-04,87,1929,7,904,80,1025,0,0,87,1929,0,0,87,1929,California
Imperial,2021-01-05,174,2103,14,918,160,1185,0,0,174,2103,0,0,174,2103,California
Imperial,2021-01-06,192,2295,26,944,166,1351,0,0,191,2293,1,1,191,2294,California
Imperial,2021-01-07,330,2625,12,956,318,1669,0,0,325,2613,5,6,325,2619,California
Imperial,2021-01-08,195,2820,51,1007,144,1813,0,0,186,2790,9,15,186,2805,California
Imperial,2021-01-09,24,2844,21,1028,3,1816,0,0,24,2814,0,15,24,2829,California
Imperial,2021-01-10,4,2848,1,1029,3,1819,0,0,3,2816,1,16,3,2832,California
Imperial,2021-01-11,403,3251,243,1272,160,1979,0,0,176,2765,227,243,176,3008,California
Imperial,2021-01-12,576,3827,468,1740,108,2087,0,0,314,2818,261,504,314,3322,California
Imperial,2021-01-13,386,4213,135,1875,251,2338,0,0,284,3000,102,606,284,3606,California
Imperial,2021-01-14,307,4520,190,2065,117,2455,0,0,301,3296,5,611,301,3907,California
Imperial,2021-01-15,247,4767,182,2247,65,2520,0,0,239,3527,8,619,239,4146,California
Imperial,2021-01-16,94,4861,74,2321,20,2540,0,0,93,3619,1,620,93,4239,California
Imperial,2021-01-17,18,4879,5,2326,13,2553,0,0,17,3635,1,621,17,4256,California
Imperial,2021-01-18,1073,5952,401,2727,672,3225,0,0,975,4513,98,719,976,5232,California
Imperial,2021-01-19,173,6125,130,2857,43,3268,0,0,126,4592,47,766,126,5358,California
Imperial,2021-01-20,300,6425,198,3055,102,3370,0,0,261,4814,39,805,261,5619,California
Imperial,2021-01-21,436,6861,185,3240,251,3621,0,0,414,5206,22,827,414,6033,California
Imperial,2021-01-22,476,7337,188,3428,288,3909,0,0,467,5664,9,836,467,6500,California
Imperial,2021-01-23,1063,8400,291,3719,772,4681,0,0,1061,6723,2,838,1061,7561,California
Imperial,2021-01-24,24,8424,2,3721,22,4703,0,0,24,6747,0,838,24,7585,California
Imperial,2021-01-25,224,8648,10,3731,214,4917,0,0,41,6607,181,1019,41,7626,California
Imperial,2021-01-26,376,9024,181,3912,195,5112,0,0,232,6697,143,1162,233,7859,California
Imperial,2021-01-27,589,9613,163,4075,426,5538,0,0,255,6618,334,1496,255,8114,California
Imperial,2021-01-28,654,10267,165,4240,489,6027,0,0,544,7052,110,1606,544,8658,California
Imperial,2021-01-29,446,10713,298,4538,148,6175,0,0,396,7398,50,1656,396,9054,California
Imperial,2021-01-30,81,10794,39,4577,42,6217,0,0,64,7445,17,1673,64,9118,California
Imperial,2021-01-31,27,10821,4,4581,23,6240,0,0,26,7470,1,1674,26,9144,California
Imperial,2021-02-01,466,11287,68,4649,398,6638,0,0,253,7512,211,1885,253,9397,California
Imperial,2021-02-02,764,12051,83,4732,681,7319,0,0,580,7908,184,2069,580,9977,California
Imperial,2021-02-03,623,12674,180,4912,443,7762,0,0,360,8007,261,2330,360,10337,California
Imperial,2021-02-04,1936,14610,1378,6290,558,8320,0,0,1496,9064,439,2769,1496,11833,California
Imperial,2021-02-05,456,15066,255,6545,201,8521,0,0,219,9047,238,3007,221,12054,California
Imperial,2021-02-06,889,15955,849,7394,40,8561,0,0,853,9862,38,3045,853,12907,California
Imperial,2021-02-07,48,16003,16,7410,32,8593,0,0,44,9902,4,3049,44,12951,California
Imperial,2021-02-08,275,16278,45,7455,230,8823,0,0,206,10039,69,3118,206,13157,California
Imperial,2021-02-09,490,16768,153,7608,337,9160,0,0,322,10196,168,3286,325,13482,California
Imperial,2021-02-10,479,17247,59,7667,420,9580,0,0,111,9942,368,3654,114,13596,California
Imperial,2021-02-11,1083,18330,387,8054,696,10276,0,0,180,9227,898,4552,183,13779,California
Imperial,2021-02-12,2184,20514,1438,9492,746,11022,0,0,1828,10702,359,4911,1834,15613,California
Imperial,2021-02-13,110,20624,57,9549,53,11075,0,0,92,10775,21,4932,94,15707,California
Imperial,2021-02-14,50,20674,34,9583,16,11091,0,0,47,10819,3,4935,47,15754,California
Imperial,2021-02-15,145,20819,37,9620,108,11199,0,0,127,10931,18,4953,130,15884,California
Imperial,2021-02-16,521,21340,264,9884,257,11456,0,0,303,11020,218,5171,307,16191,California
Imperial,2021-02-17,460,21800,303,10187,157,11613,0,0,104,10773,356,5527,109,16300,California
Imperial,2021-02-18,681,22481,328,10515,353,11966,0,0,160,10423,520,6047,170,16470,California
Imperial,2021-02-19,792,23273,400,10915,392,12358,0,0,207,10048,584,6631,209,16679,California
Imperial,2021-02-20,1062,24335,208,11123,854,13212,0,0,337,9672,723,7354,347,17026,California
Imperial,2021-02-21,616,24951,582,11705,34,13246,0,0,608,10276,7,7361,611,17637,California
Imperial,2021-02-22,847,25798,599,12304,248,13494,0,0,781,10997,65,7426,786,18423,California
Imperial,2021-02-23,1138,26936,535,12839,603,14097,0,0,967,11807,170,7596,980,19403,California
Imperial,2021-02-24,796,27732,355,13194,441,14538,0,0,670,12367,124,7720,684,20087,California
Imperial,2021-02-25,955,28687,421,13615,534,15072,0,0,538,12511,417,8137,561,20648,California
Imperial,2021-02-26,2369,31056,1409,15024,960,16032,0,0,1856,13877,512,8649,1878,22526,California
Imperial,2021-02-27,1010,32066,923,15947,87,16119,0,0,251,13388,760,9409,271,22797,California
Imperial,2021-02-28,109,32175,90,16037,19,16138,0,0,88,13466,21,9430,99,22896,California
Imperial,2021-03-01,587,32762,358,16395,226,16364,3,3,500,13897,83,9513,514,23410,California
Imperial,2021-03-02,778,33540,300,16695,477,16841,1,4,438,14011,338,9851,452,23862,California
Imperial,2021-03-03,1001,34541,96,16791,905,17746,0,4,606,14254,391,10242,634,24496,California
Imperial,2021-03-04,839,35380,151,16942,687,18433,1,5,547,14561,290,10532,597,25093,California
Imperial,2021-03-05,3168,38548,2268,19210,900,19333,0,5,1784,14989,1388,11920,1816,26909,California
Imperial,2021-03-06,818,39366,330,19540,488,19821,0,5,722,15644,93,12013,748,27657,California
Imperial,2021-03-07,158,39524,103,19643,55,19876,0,5,105,15722,52,12065,130,27787,California
Imperial,2021-03-08,500,40024,387,20030,77,19953,36,41,407,16106,93,12158,477,28264,California
Imperial,2021-03-09,746,40770,353,20383,144,20097,249,290,447,16505,299,12457,698,28962,California
Imperial,2021-03-10,834,41604,365,20748,285,20382,184,474,368,16605,465,12922,565,29527,California
Imperial,2021-03-11,1944,43548,527,21275,1147,21529,270,744,1237,17433,703,13625,1531,31058,California
Imperial,2021-03-12,4971,48519,3491,24766,1215,22744,265,1009,3154,19062,1811,15436,3440,34498,California
Imperial,2021-03-13,1235,49754,117,24883,884,23628,234,1243,893,19875,339,15775,1152,35650,California
Imperial,2021-03-14,216,49970,60,24943,142,23770,14,1257,156,20002,59,15834,186,35836,California
Imperial,2021-03-15,781,50751,267,25210,219,23989,295,1552,417,20372,361,16195,731,36567,California
Imperial,2021-03-16,1261,52012,372,25582,379,24368,510,2062,606,20866,652,16847,1146,37713,California
Imperial,2021-03-17,1719,53731,741,26323,793,25161,185,2247,1056,21460,656,17503,1250,38963,California
Imperial,2021-03-18,1901,55632,1251,27574,565,25726,85,2332,1306,22266,590,18093,1396,40359,California
Imperial,2021-03-19,3881,59513,2824,30398,1033,26759,24,2356,1952,22323,1922,20015,1979,42338,California
Imperial,2021-03-20,1828,61341,583,30981,1227,27986,18,2374,1349,23225,471,20486,1373,43711,California
Imperial,2021-03-21,292,61633,104,31085,183,28169,5,2379,165,23276,127,20613,178,43889,California
Imperial,2021-03-22,1110,62743,400,31485,703,28872,7,2386,645,23476,463,21076,663,44552,California
Imperial,2021-03-23,1545,64288,556,32041,983,29855,6,2392,964,23874,577,21653,975,45527,California
Imperial,2021-03-24,2212,66500,637,32678,1149,31004,426,2818,1190,24475,1018,22671,1619,47146,California
Imperial,2021-03-25,3307,69807,798,33476,889,31893,1620,4438,1247,25280,2054,24725,2859,50005,California
Imperial,2021-03-26,3291,73098,1252,34728,1038,32931,1001,5439,945,24897,2334,27059,1951,51956,California
Imperial,2021-03-27,685,73783,327,35055,291,33222,67,5506,451,25187,230,27289,520,52476,California
Imperial,2021-03-28,247,74030,79,35134,161,33383,7,5513,182,25314,63,27352,190,52666,California
Imperial,2021-03-29,1599,75629,392,35526,407,33790,800,6313,330,25181,1264,28616,1131,53797,California
Imperial,2021-03-30,2207,77836,726,36252,598,34388,883,7196,689,25235,1515,30131,1569,55366,California
Imperial,2021-03-31,1635,79471,768,37020,812,35200,55,7251,1024,25706,608,30739,1079,56445,California
Imperial,2021-04-01,2193,81664,467,37487,1401,36601,325,7576,888,25622,1297,32036,1213,57658,California
Imperial,2021-04-02,2251,83915,515,38002,1601,38202,135,7711,1446,26406,797,32833,1581,59239,California
Imperial,2021-04-03,1566,85481,460,38462,1018,39220,88,7799,714,26361,849,33682,804,60043,California
Imperial,2021-04-04,111,85592,67,38529,27,39247,17,7816,33,26334,78,33760,51,60094,California
Imperial,2021-04-05,3498,89090,2349,40878,925,40172,224,8040,812,24701,2675,36435,1042,61136,California
Imperial,2021-04-06,1435,90525,572,41450,602,40774,261,8301,696,24927,734,37169,960,62096,California
Imperial,2021-04-07,2283,92808,613,42063,1235,42009,435,8736,1578,26227,708,37877,2008,64104,California
Imperial,2021-04-08,2318,95126,1121,43184,843,42852,354,9090,1082,26430,1231,39108,1434,65538,California
Imperial,2021-04-09,3568,98694,1712,44896,1061,43913,795,9885,1576,26814,1982,41090,2366,67904,California
Imperial,2021-04-10,1398,100092,226,45122,849,44762,323,10208,245,26230,1149,42239,565,68469,California
Imperial,2021-04-11,253,100345,62,45184,158,44920,33,10241,84,26180,169,42408,119,68588,California
Imperial,2021-04-12,1486,101831,808,45992,457,45377,221,10462,830,26584,648,43056,1052,69640,California
Imperial,2021-04-13,2961,104792,1919,47911,1040,46417,2,10464,2033,27699,923,43979,2038,71678,California
Imperial,2021-04-14,2078,106870,983,48894,1095,47512,0,10464,1396,28424,676,44655,1401,73079,California
Imperial,2021-04-15,2043,108913,958,49852,1085,48597,0,10464,1369,29130,669,45324,1375,74454,California
Imperial,2021-04-16,3558,112471,1823,51675,1735,50332,0,10464,2227,30044,1316,46640,2230,76684,California
Imperial,2021-04-17,1887,114358,957,52632,928,51260,2,10466,1458,31081,424,47064,1461,78145,California
Imperial,2021-04-18,274,114632,85,52717,189,51449,0,10466,92,30996,180,47244,95,78240,California
Imperial,2021-04-19,852,115484,270,52987,582,52031,0,10466,421,30994,428,47672,426,78666,California
Imperial,2021-04-20,1392,116876,554,53541,838,52869,0,10466,777,31161,613,48285,780,79446,California
Imperial,2021-04-21,1477,118353,380,53921,1096,53965,1,10467,844,31379,626,48911,844,80290,California
Imperial,2021-04-22,2508,120861,830,54751,1678,55643,0,10467,1746,32381,746,49657,1748,82038,California
Imperial,2021-04-23,2871,123732,551,55302,2320,57963,0,10467,1110,31766,1729,51386,1114,83152,California
Imperial,2021-04-24,592,124324,326,55628,266,58229,0,10467,234,31645,355,51741,234,83386,California
Imperial,2021-04-25,273,124597,103,55731,170,58399,0,10467,132,31638,139,51880,132,83518,California
Imperial,2021-04-26,1239,125836,483,56214,751,59150,5,10472,710,31831,522,52402,715,84233,California
Imperial,2021-04-27,1164,127000,371,56585,782,59932,11,10483,590,31865,568,52970,602,84835,California
Imperial,2021-04-28,1540,128540,651,57236,856,60788,33,10516,708,31781,825,53795,741,85576,California
Imperial,2021-04-29,1886,130426,866,58102,972,61760,48,10564,849,31655,1025,54820,899,86475,California
Imperial,2021-04-30,3330,133756,1689,59791,1603,63363,38,10602,1613,31601,1705,56525,1651,88126,California
Imperial,2021-05-01,370,134126,129,59920,238,63601,3,10605,195,31628,173,56698,200,88326,California
Imperial,2021-05-02,92,134218,29,59949,56,63657,7,10612,41,31626,51,56749,49,88375,California
Imperial,2021-05-03,1645,135863,546,60495,1050,64707,49,10661,368,30778,1264,58013,416,88791,California
Imperial,2021-05-04,1818,137681,969,61464,822,65529,27,10688,591,30177,1219,59232,618,89409,California
Imperial,2021-05-05,1555,139236,911,62375,624,66153,20,10708,475,29605,1068,60300,496,89905,California
Imperial,2021-05-06,1746,140982,1140,63515,564,66717,42,10750,564,29037,1176,61476,608,90513,California
Imperial,2021-05-07,2646,143628,1454,64969,1135,67852,57,10807,899,28269,1727,63203,959,91472,California
Imperial,2021-05-08,817,144445,649,65618,159,68011,9,10816,211,27890,599,63802,220,91692,California
Imperial,2021-05-09,102,144547,70,65688,31,68042,1,10817,29,27850,70,63872,30,91722,California
Imperial,2021-05-10,1182,145729,303,65991,755,68797,124,10941,361,27520,813,64685,483,92205,California
Imperial,2021-05-11,1523,147252,477,66468,1025,69822,21,10962,536,27103,979,65664,562,92767,California
Imperial,2021-05-12,903,148155,282,66750,581,70403,40,11002,342,26928,556,66220,381,93148,California
Imperial,2021-05-13,1911,150066,1258,68008,581,70984,72,11074,862,26822,1038,67258,932,94080,California
Imperial,2021-05-14,1824,151890,973,68981,789,71773,62,11136,1186,27444,626,67884,1248,95328,California
Imperial,2021-05-15,1282,153172,482,69463,778,72551,22,11158,485,27161,791,68675,508,95836,California
Imperial,2021-05-16,128,153300,87,69550,37,72588,4,11162,54,27146,73,68748,58,95894,California
Imperial,2021-05-17,1982,155282,725,70275,1206,73794,51,11213,692,26606,1283,70031,743,96637,California
Imperial,2021-05-18,1783,157065,895,71170,812,74606,76,11289,968,26844,807,70838,1045,97682,California
Imperial,2021-05-19,1366,158431,624,71794,673,75279,69,11358,636,26827,721,71559,704,98386,California
Imperial,2021-05-20,1809,160240,1040,72834,691,75970,78,11436,764,26638,1031,72590,842,99228,California
Imperial,2021-05-21,1985,162225,1242,74076,679,76649,64,11500,997,26724,975,73565,1061,100289,California
Imperial,2021-05-22,358,162583,194,74270,140,76789,24,11524,172,26740,180,73745,196,100485,California
Imperial,2021-05-23,95,162678,35,74305,51,76840,9,11533,33,26722,60,73805,42,100527,California
Imperial,2021-05-24,1284,163962,629,74934,595,77435,60,11593,529,26562,748,74553,588,101115,California
Imperial,2021-05-25,1559,165521,488,75422,1023,78458,48,11641,565,26193,983,75536,614,101729,California
Imperial,2021-05-26,1133,166654,580,76002,495,78953,58,11699,504,26130,624,76160,561,102290,California
Imperial,2021-05-27,1409,168063,754,76756,582,79535,73,11772,695,26189,709,76869,768,103058,California
Imperial,2021-05-28,1125,169188,613,77369,420,79955,92,11864,416,26002,696,77565,509,103567,California
Imperial,2021-05-29,348,169536,152,77521,155,80110,41,11905,161,26017,187,77752,202,103769,California
Imperial,2021-05-30,99,169635,30,77551,67,80177,2,11907,68,26056,31,77783,70,103839,California
Imperial,2021-05-31,80,169715,20,77571,53,80230,7,11914,36,26055,44,77827,43,103882,California
Imperial,2021-06-01,1316,171031,575,78146,622,80852,119,12033,499,25865,809,78636,619,104501,California
Imperial,2021-06-02,1199,172230,620,78766,457,81309,122,12155,599,25993,591,79227,719,105220,California
Imperial,2021-06-03,1364,173594,756,79522,470,81779,138,12293,632,26038,725,79952,770,105990,California
Imperial,2021-06-04,2494,176088,1733,81255,602,82381,159,12452,1033,25780,1449,81401,1191,107181,California
Imperial,2021-06-05,460,176548,258,81513,144,82525,58,12510,214,25811,241,81642,272,107453,California
Imperial,2021-06-06,81,176629,47,81560,22,82547,12,12522,45,25832,36,81678,57,107510,California
Imperial,2021-06-07,1008,177637,657,82217,285,82832,66,12588,479,25851,526,82204,545,108055,California
Imperial,2021-06-08,1452,179089,1044,83261,322,83154,86,12674,580,25648,867,83071,664,108719,California
Imperial,2021-06-09,1130,180219,782,84043,272,83426,76,12750,512,25624,611,83682,587,109306,California
Imperial,2021-06-10,1217,181436,789,84832,354,83780,74,12824,457,25399,755,84437,530,109836,California
Imperial,2021-06-11,1712,183148,1201,86033,443,84223,68,12892,737,25243,961,85398,805,110641,California
Imperial,2021-06-12,309,183457,141,86174,137,84360,31,12923,138,25243,169,85567,169,110810,California
Imperial,2021-06-13,85,183542,23,86197,60,84420,2,12925,54,25270,30,85597,57,110867,California
Imperial,2021-06-14,867,184409,611,86808,212,84632,44,12969,370,25191,493,86090,414,111281,California
Imperial,2021-06-15,1083,185492,750,87558,285,84917,48,13017,486,25137,589,86679,535,111816,California
Imperial,2021-06-16,1022,186514,651,88209,301,85218,70,13087,484,25158,534,87213,555,112371,California
Imperial,2021-06-17,1108,187622,781,88990,267,85485,60,13147,483,25079,620,87833,541,112912,California
Imperial,2021-06-18,1176,188798,821,89811,285,85770,70,13217,715,25414,449,88282,784,113696,California
Imperial,2021-06-19,345,189143,213,90024,117,85887,15,13232,172,25429,172,88454,187,113883,California
Imperial,2021-06-20,63,189206,30,90054,29,85916,4,13236,24,25418,39,88493,28,113911,California
Imperial,2021-06-21,679,189885,414,90468,227,86143,38,13274,417,25620,255,88748,457,114368,California
Imperial,2021-06-22,1164,191049,803,91271,311,86454,50,13324,629,25773,527,89275,680,115048,California
Imperial,2021-06-23,1138,192187,777,92048,300,86754,61,13385,617,25939,511,89786,677,115725,California
Imperial,2021-06-24,1047,193234,709,92757,290,87044,48,13433,537,26019,505,90291,585,116310,California
Imperial,2021-06-25,1416,194650,1045,93802,290,87334,81,13514,601,25898,802,91093,681,116991,California
Imperial,2021-06-26,249,194899,153,93955,87,87421,9,13523,82,25824,165,91258,91,117082,California
Imperial,2021-06-27,123,195022,60,94015,58,87479,5,13528,51,25807,72,91330,55,117137,California
Imperial,2021-06-28,642,195664,463,94478,157,87636,22,13550,335,25861,302,91632,356,117493,California
Imperial,2021-06-29,816,196480,599,95077,173,87809,44,13594,381,25856,431,92063,426,117919,California
Imperial,2021-06-30,842,197322,541,95618,278,88087,23,13617,345,25733,493,92556,370,118289,California
Imperial,2021-07-01,760,198082,539,96157,205,88292,16,13633,366,25728,387,92943,382,118671,California
Imperial,2021-07-02,597,198679,442,96599,143,88435,12,13645,256,25659,337,93280,268,118939,California
Inyo,2020-12-19,85,85,85,85,0,0,0,0,85,85,0,0,85,85,California
Inyo,2020-12-20,58,143,58,143,0,0,0,0,58,143,0,0,58,143,California
Inyo,2020-12-21,88,231,85,228,3,3,0,0,88,231,0,0,88,231,California
Inyo,2020-12-22,105,336,105,333,0,3,0,0,105,336,0,0,105,336,California
Inyo,2020-12-23,70,406,67,400,3,6,0,0,70,406,0,0,70,406,California
Inyo,2020-12-24,15,421,15,415,0,6,0,0,15,421,0,0,15,421,California
Inyo,2020-12-25,1,422,0,415,1,7,0,0,1,422,0,0,1,422,California
Inyo,2020-12-26,74,496,74,489,0,7,0,0,74,496,0,0,74,496,California
Inyo,2020-12-28,49,545,37,526,12,19,0,0,49,545,0,0,49,545,California
Inyo,2020-12-29,19,564,19,545,0,19,0,0,19,564,0,0,19,564,California
Inyo,2020-12-30,56,620,54,599,2,21,0,0,56,620,0,0,56,620,California
Inyo,2020-12-31,29,649,0,599,29,50,0,0,29,649,0,0,29,649,California
Inyo,2021-01-01,1,650,0,599,1,51,0,0,1,650,0,0,1,650,California
Inyo,2021-01-03,1,651,0,599,1,52,0,0,1,651,0,0,1,651,California
Inyo,2021-01-04,4,655,1,600,3,55,0,0,4,655,0,0,4,655,California
Inyo,2021-01-05,34,689,0,600,34,89,0,0,34,689,0,0,34,689,California
Inyo,2021-01-06,68,757,0,600,68,157,0,0,68,757,0,0,68,757,California
Inyo,2021-01-07,31,788,1,601,30,187,0,0,31,788,0,0,31,788,California
Inyo,2021-01-08,9,797,8,609,1,188,0,0,4,788,5,5,5,793,California
Inyo,2021-01-09,87,884,86,695,1,189,0,0,1,703,86,91,1,794,California
Inyo,2021-01-10,52,936,52,747,0,189,0,0,0,651,52,143,0,794,California
Inyo,2021-01-11,97,1033,82,829,15,204,0,0,16,586,81,224,16,810,California
Inyo,2021-01-12,138,1171,117,946,21,225,0,0,28,504,110,334,28,838,California
Inyo,2021-01-13,86,1257,68,1014,18,243,0,0,21,461,65,399,22,860,California
Inyo,2021-01-14,59,1316,13,1027,46,289,0,0,49,500,10,409,49,909,California
Inyo,2021-01-15,163,1479,28,1055,135,424,0,0,163,663,0,409,163,1072,California
Inyo,2021-01-16,74,1553,73,1128,1,425,0,0,1,591,73,482,1,1073,California
Inyo,2021-01-18,59,1612,37,1165,22,447,0,0,19,570,40,522,19,1092,California
Inyo,2021-01-19,116,1728,74,1239,42,489,0,0,99,652,17,539,99,1191,California
Inyo,2021-01-20,148,1876,71,1310,77,566,0,0,93,690,55,594,93,1284,California
Inyo,2021-01-21,120,1996,57,1367,63,629,0,0,119,808,1,595,119,1403,California
Inyo,2021-01-22,63,2059,0,1367,63,692,0,0,61,867,2,597,61,1464,California
Inyo,2021-01-23,54,2113,52,1419,2,694,0,0,53,920,0,597,53,1517,California
Inyo,2021-01-25,49,2162,6,1425,43,737,0,0,37,945,12,609,37,1554,California
Inyo,2021-01-26,136,2298,55,1480,81,818,0,0,130,1069,6,615,130,1684,California
Inyo,2021-01-27,24,2322,2,1482,22,840,0,0,23,1091,1,616,23,1707,California
Inyo,2021-01-28,92,2414,2,1484,90,930,0,0,63,1125,29,645,63,1770,California
Inyo,2021-01-29,25,2439,3,1487,22,952,0,0,23,1146,2,647,23,1793,California
Inyo,2021-01-30,11,2450,1,1488,10,962,0,0,11,1157,0,647,11,1804,California
Inyo,2021-01-31,32,2482,4,1492,28,990,0,0,4,1133,28,675,4,1808,California
Inyo,2021-02-01,11,2493,10,1502,1,991,0,0,1,1124,10,685,1,1809,California
Inyo,2021-02-02,130,2623,14,1516,116,1107,0,0,104,1202,26,711,104,1913,California
Inyo,2021-02-03,118,2741,0,1516,118,1225,0,0,74,1232,44,755,74,1987,California
Inyo,2021-02-04,152,2893,34,1550,118,1343,0,0,91,1263,61,816,92,2079,California
Inyo,2021-02-05,118,3011,62,1612,56,1399,0,0,116,1377,2,818,116,2195,California
Inyo,2021-02-06,5,3016,3,1615,2,1401,0,0,3,1379,1,819,3,2198,California
Inyo,2021-02-07,4,3020,2,1617,2,1403,0,0,4,1383,0,819,4,2202,California
Inyo,2021-02-08,117,3137,7,1624,110,1513,0,0,97,1460,20,839,97,2299,California
Inyo,2021-02-09,201,3338,52,1676,149,1662,0,0,128,1515,73,912,128,2427,California
Inyo,2021-02-10,140,3478,16,1692,124,1786,0,0,107,1589,33,945,107,2534,California
Inyo,2021-02-11,222,3700,57,1749,165,1951,0,0,126,1619,96,1041,126,2660,California
Inyo,2021-02-12,303,4003,52,1801,251,2202,0,0,168,1653,134,1175,168,2828,California
Inyo,2021-02-13,59,4062,54,1855,5,2207,0,0,7,1608,52,1227,7,2835,California
Inyo,2021-02-14,2,4064,0,1855,2,2209,0,0,2,1610,0,1227,2,2837,California
Inyo,2021-02-15,29,4093,9,1864,20,2229,0,0,5,1591,24,1251,5,2842,California
Inyo,2021-02-16,184,4277,54,1918,130,2359,0,0,92,1594,89,1340,92,2934,California
Inyo,2021-02-17,38,4315,4,1922,34,2393,0,0,8,1572,30,1370,8,2942,California
Inyo,2021-02-18,122,4437,6,1928,116,2509,0,0,79,1608,43,1413,79,3021,California
Inyo,2021-02-19,53,4490,4,1932,49,2558,0,0,10,1575,43,1456,10,3031,California
Inyo,2021-02-20,513,5003,507,2439,6,2564,0,0,509,2081,3,1459,509,3540,California
Inyo,2021-02-21,446,5449,446,2885,0,2564,0,0,445,2526,0,1459,445,3985,California
Inyo,2021-02-22,62,5511,19,2904,43,2607,0,0,27,2518,35,1494,27,4012,California
Inyo,2021-02-23,200,5711,19,2923,181,2788,0,0,94,2508,104,1598,94,4106,California
Inyo,2021-02-24,118,5829,0,2923,118,2906,0,0,57,2504,61,1659,57,4163,California
Inyo,2021-02-25,132,5961,5,2928,127,3033,0,0,62,2496,70,1729,62,4225,California
Inyo,2021-02-26,105,6066,61,2989,44,3077,0,0,20,2431,85,1814,20,4245,California
Inyo,2021-02-27,14,6080,3,2992,11,3088,0,0,2,2421,12,1826,2,4247,California
Inyo,2021-02-28,3,6083,1,2993,2,3090,0,0,2,2422,1,1827,2,4249,California
Inyo,2021-03-01,19,6102,2,2995,17,3107,0,0,17,2437,2,1829,17,4266,California
Inyo,2021-03-02,197,6299,1,2996,196,3303,0,0,112,2464,85,1914,112,4378,California
Inyo,2021-03-03,87,6386,4,3000,83,3386,0,0,42,2462,44,1958,42,4420,California
Inyo,2021-03-04,127,6513,3,3003,124,3510,0,0,45,2426,81,2039,45,4465,California
Inyo,2021-03-05,146,6659,57,3060,89,3599,0,0,42,2364,104,2143,42,4507,California
Inyo,2021-03-06,30,6689,1,3061,29,3628,0,0,29,2392,1,2144,29,4536,California
Inyo,2021-03-07,7,6696,4,3065,3,3631,0,0,5,2395,2,2146,5,4541,California
Inyo,2021-03-08,184,6880,5,3070,179,3810,0,0,91,2393,93,2239,91,4632,California
Inyo,2021-03-09,191,7071,3,3073,188,3998,0,0,74,2350,117,2356,74,4706,California
Inyo,2021-03-10,71,7142,8,3081,62,4060,1,1,30,2340,41,2397,31,4737,California
Inyo,2021-03-11,205,7347,1,3082,199,4259,5,6,74,2288,131,2528,79,4816,California
Inyo,2021-03-12,178,7525,5,3087,167,4426,6,12,77,2271,100,2628,83,4899,California
Inyo,2021-03-13,584,8109,549,3636,25,4451,10,22,70,1839,512,3140,80,4979,California
Inyo,2021-03-14,441,8550,440,4076,1,4452,0,22,2,1403,438,3578,2,4981,California
Inyo,2021-03-15,51,8601,15,4091,34,4486,2,24,30,1414,21,3599,32,5013,California
Inyo,2021-03-16,165,8766,4,4095,155,4641,6,30,63,1384,100,3699,70,5083,California
Inyo,2021-03-17,108,8874,3,4098,98,4739,7,37,92,1467,16,3715,99,5182,California
Inyo,2021-03-18,185,9059,16,4114,162,4901,7,44,104,1497,81,3796,111,5293,California
Inyo,2021-03-19,47,9106,5,4119,38,4939,4,48,36,1527,10,3806,40,5333,California
Inyo,2021-03-20,20,9126,1,4120,10,4949,9,57,1,1518,19,3825,10,5343,California
Inyo,2021-03-22,59,9185,3,4123,51,5000,5,62,39,1542,20,3845,44,5387,California
Inyo,2021-03-23,195,9380,4,4127,187,5187,4,66,105,1561,90,3935,109,5496,California
Inyo,2021-03-24,141,9521,3,4130,133,5320,5,71,86,1597,55,3990,91,5587,California
Inyo,2021-03-25,330,9851,110,4240,217,5537,3,74,264,1798,66,4056,267,5854,California
Inyo,2021-03-26,92,9943,3,4243,85,5622,4,78,71,1852,21,4077,75,5929,California
Inyo,2021-03-27,53,9996,45,4288,5,5627,3,81,47,1896,6,4083,50,5979,California
Inyo,2021-03-28,4,10000,1,4289,2,5629,1,82,1,1895,3,4086,2,5981,California
Inyo,2021-03-29,109,10109,2,4291,102,5731,5,87,82,1956,26,4112,87,6068,California
Inyo,2021-03-30,221,10330,2,4293,214,5945,5,92,109,1958,112,4224,114,6182,California
Inyo,2021-03-31,150,10480,4,4297,141,6086,5,97,107,2028,43,4267,113,6295,California
Inyo,2021-04-01,166,10646,3,4300,162,6248,1,98,117,2097,49,4316,118,6413,California
Inyo,2021-04-02,80,10726,1,4301,77,6325,2,100,49,2117,31,4347,51,6464,California
Inyo,2021-04-03,92,10818,46,4347,32,6357,14,114,4,2048,86,4433,17,6481,California
Inyo,2021-04-04,5,10823,4,4351,0,6357,1,115,1,2046,4,4437,2,6483,California
Inyo,2021-04-05,117,10940,1,4352,112,6469,4,119,29,1991,88,4525,33,6516,California
Inyo,2021-04-06,237,11177,5,4357,169,6638,63,182,105,2027,132,4657,168,6684,California
Inyo,2021-04-07,204,11381,1,4358,76,6714,127,309,47,2043,158,4815,174,6858,California
Inyo,2021-04-08,182,11563,15,4373,150,6864,17,326,82,2042,100,4915,99,6957,California
Inyo,2021-04-09,125,11688,7,4380,95,6959,23,349,37,2015,87,5002,60,7017,California
Inyo,2021-04-10,42,11730,1,4381,24,6983,17,366,3,1996,39,5041,20,7037,California
Inyo,2021-04-11,1,11731,0,4381,1,6984,0,366,1,1997,0,5041,1,7038,California
Inyo,2021-04-12,79,11810,0,4381,74,7058,5,371,41,2005,38,5079,46,7084,California
Inyo,2021-04-13,124,11934,5,4386,116,7174,3,374,64,2014,58,5137,67,7151,California
Inyo,2021-04-14,130,12064,2,4388,128,7302,0,374,45,1974,85,5222,45,7196,California
Inyo,2021-04-15,275,12339,117,4505,158,7460,0,374,79,1857,196,5418,79,7275,California
Inyo,2021-04-16,48,12387,6,4511,42,7502,0,374,19,1848,28,5446,19,7294,California
Inyo,2021-04-17,2,12389,1,4512,1,7503,0,374,1,1848,1,5447,1,7295,California
Inyo,2021-04-19,133,12522,44,4556,89,7592,0,374,46,1808,86,5533,46,7341,California
Inyo,2021-04-20,163,12685,2,4558,161,7753,0,374,79,1803,84,5617,79,7420,California
Inyo,2021-04-21,113,12798,5,4563,108,7861,0,374,32,1754,81,5698,32,7452,California
Inyo,2021-04-22,195,12993,1,4564,194,8055,0,374,51,1661,144,5842,51,7503,California
Inyo,2021-04-23,95,13088,4,4568,91,8146,0,374,22,1610,73,5915,22,7525,California
Inyo,2021-04-24,309,13397,308,4876,1,8147,0,374,305,1911,4,5919,305,7830,California
Inyo,2021-04-25,135,13532,134,5010,1,8148,0,374,135,2046,0,5919,135,7965,California
Inyo,2021-04-26,93,13625,2,5012,90,8238,1,375,11,1977,81,6000,12,7977,California
Inyo,2021-04-27,184,13809,7,5019,172,8410,5,380,48,1894,136,6136,53,8030,California
Inyo,2021-04-28,121,13930,2,5021,117,8527,2,382,20,1816,100,6236,22,8052,California
Inyo,2021-04-29,171,14101,55,5076,116,8643,0,382,77,1800,93,6329,77,8129,California
Inyo,2021-04-30,82,14183,5,5081,76,8719,1,383,23,1765,59,6388,24,8153,California
Inyo,2021-05-01,12,14195,3,5084,9,8728,0,383,10,1773,2,6390,10,8163,California
Inyo,2021-05-02,7,14202,3,5087,2,8730,2,385,4,1776,3,6393,6,8169,California
Inyo,2021-05-03,38,14240,1,5088,33,8763,4,389,5,1752,33,6426,9,8178,California
Inyo,2021-05-04,123,14363,2,5090,117,8880,4,393,19,1671,104,6530,23,8201,California
Inyo,2021-05-05,36,14399,0,5090,34,8914,2,395,11,1659,25,6555,13,8214,California
Inyo,2021-05-06,94,14493,4,5094,82,8996,8,403,13,1599,81,6636,21,8235,California
Inyo,2021-05-07,50,14543,5,5099,37,9033,8,411,24,1607,24,6660,32,8267,California
Inyo,2021-05-08,11,14554,2,5101,4,9037,5,416,4,1609,7,6667,9,8276,California
Inyo,2021-05-09,1,14555,0,5101,1,9038,0,416,0,1608,1,6668,0,8276,California
Inyo,2021-05-10,70,14625,1,5102,67,9105,2,418,32,1604,39,6707,35,8311,California
Inyo,2021-05-11,88,14713,1,5103,84,9189,3,421,20,1559,68,6775,23,8334,California
Inyo,2021-05-12,43,14756,2,5105,39,9228,2,423,11,1540,32,6807,13,8347,California
Inyo,2021-05-13,75,14831,1,5106,73,9301,1,424,12,1490,63,6870,13,8360,California
Inyo,2021-05-14,28,14859,5,5111,18,9319,5,429,14,1495,14,6884,19,8379,California
Inyo,2021-05-15,379,15238,367,5478,10,9329,2,431,85,1288,294,7178,87,8466,California
Inyo,2021-05-16,200,15438,200,5678,0,9329,0,431,73,1234,127,7305,73,8539,California
Inyo,2021-05-17,64,15502,3,5681,57,9386,4,435,18,1211,45,7350,22,8561,California
Inyo,2021-05-18,84,15586,2,5683,81,9467,1,436,17,1162,67,7417,18,8579,California
Inyo,2021-05-19,46,15632,2,5685,39,9506,5,441,13,1147,33,7450,18,8597,California
Inyo,2021-05-20,146,15778,83,5768,62,9568,1,442,37,1075,110,7560,38,8635,California
Inyo,2021-05-21,49,15827,18,5786,26,9594,5,447,19,1069,30,7590,24,8659,California
Inyo,2021-05-22,25,15852,15,5801,7,9601,3,450,18,1083,7,7597,21,8680,California
Inyo,2021-05-23,2,15854,1,5802,0,9601,1,451,0,1082,2,7599,1,8681,California
Inyo,2021-05-24,33,15887,6,5808,24,9625,3,454,13,1078,20,7619,16,8697,California
Inyo,2021-05-25,82,15969,39,5847,41,9666,2,456,47,1092,35,7654,49,8746,California
Inyo,2021-05-26,44,16013,16,5863,26,9692,2,458,21,1093,22,7676,23,8769,California
Inyo,2021-05-27,39,16052,10,5873,21,9713,8,466,12,1087,26,7702,20,8789,California
Inyo,2021-05-28,26,16078,6,5879,15,9728,5,471,8,1082,18,7720,13,8802,California
Inyo,2021-05-29,16,16094,5,5884,11,9739,0,471,7,1080,9,7729,7,8809,California
Inyo,2021-05-30,2,16096,0,5884,2,9741,0,471,0,1078,2,7731,0,8809,California
Inyo,2021-06-01,54,16150,16,5900,32,9773,6,477,23,1076,31,7762,29,8838,California
Inyo,2021-06-02,11,16161,9,5909,1,9774,1,478,9,1084,2,7764,10,8848,California
Inyo,2021-06-03,25,16186,0,5909,18,9792,7,485,1,1068,24,7788,8,8856,California
Inyo,2021-06-04,32,16218,6,5915,22,9814,4,489,12,1064,20,7808,16,8872,California
Inyo,2021-06-05,17,16235,8,5923,8,9822,1,490,4,1056,13,7821,5,8877,California
Inyo,2021-06-06,1,16236,1,5924,0,9822,0,490,1,1057,0,7821,1,8878,California
Inyo,2021-06-07,51,16287,15,5939,33,9855,3,493,5,1019,46,7867,8,8886,California
Inyo,2021-06-08,51,16338,23,5962,25,9880,3,496,24,1019,27,7894,27,8913,California
Inyo,2021-06-09,111,16449,95,6057,14,9894,2,498,14,938,97,7991,16,8929,California
Inyo,2021-06-10,53,16502,39,6096,9,9903,5,503,15,920,38,8029,20,8949,California
Inyo,2021-06-11,43,16545,23,6119,18,9921,2,505,17,913,26,8055,19,8968,California
Inyo,2021-06-12,15,16560,8,6127,6,9927,1,506,5,909,10,8065,6,8974,California
Inyo,2021-06-13,1,16561,0,6127,1,9928,0,506,0,908,1,8066,0,8974,California
Inyo,2021-06-14,58,16619,27,6154,28,9956,3,509,8,869,50,8116,11,8985,California
Inyo,2021-06-15,52,16671,39,6193,9,9965,4,513,9,839,43,8159,13,8998,California
Inyo,2021-06-16,32,16703,19,6212,13,9978,0,513,6,819,26,8185,6,9004,California
Inyo,2021-06-17,23,16726,13,6225,6,9984,4,517,5,811,17,8202,9,9013,California
Inyo,2021-06-18,14,16740,5,6230,6,9990,3,520,2,804,12,8214,5,9018,California
Inyo,2021-06-19,21,16761,7,6237,13,10003,1,521,7,799,13,8227,8,9026,California
Inyo,2021-06-21,29,16790,8,6245,18,10021,3,524,13,799,16,8243,16,9042,California
Inyo,2021-06-22,50,16840,41,6286,7,10028,2,526,24,799,26,8269,26,9068,California
Inyo,2021-06-23,14,16854,6,6292,7,10035,1,527,1,788,13,8282,2,9070,California
Inyo,2021-06-24,6,16860,2,6294,3,10038,1,528,3,789,3,8285,4,9074,California
Inyo,2021-06-25,26,16886,10,6304,13,10051,3,531,12,790,14,8299,15,9089,California
Inyo,2021-06-26,12,16898,6,6310,4,10055,2,533,4,788,8,8307,6,9095,California
Inyo,2021-06-28,13,16911,11,6321,2,10057,0,533,8,791,5,8312,8,9103,California
Inyo,2021-06-29,34,16945,29,6350,5,10062,0,533,14,785,20,8332,14,9117,California
Inyo,2021-06-30,21,16966,17,6367,4,10066,0,533,7,778,14,8346,7,9124,California
Inyo,2021-07-01,13,16979,9,6376,4,10070,0,533,8,781,5,8351,8,9132,California
Inyo,2021-07-02,21,17000,9,6385,12,10082,0,533,13,786,8,8359,13,9145,California
Kern,2020-12-15,1,1,1,1,0,0,0,0,1,1,0,0,1,1,California
Kern,2020-12-16,19,20,19,20,0,0,0,0,19,20,0,0,19,20,California
Kern,2020-12-17,164,184,164,184,0,0,0,0,164,184,0,0,164,184,California
Kern,2020-12-18,325,509,325,509,0,0,0,0,325,509,0,0,325,509,California
Kern,2020-12-19,99,608,99,608,0,0,0,0,100,609,0,0,100,609,California
Kern,2020-12-20,62,670,62,670,0,0,0,0,62,671,0,0,62,671,California
Kern,2020-12-21,673,1343,672,1342,1,1,0,0,673,1344,0,0,673,1344,California
Kern,2020-12-22,533,1876,530,1872,3,4,0,0,533,1877,0,0,533,1877,California
Kern,2020-12-23,558,2434,420,2292,138,142,0,0,558,2435,0,0,558,2435,California
Kern,2020-12-24,123,2557,44,2336,79,221,0,0,123,2558,0,0,123,2558,California
Kern,2020-12-25,1,2558,1,2337,0,221,0,0,1,2559,0,0,1,2559,California
Kern,2020-12-26,34,2592,2,2339,32,253,0,0,34,2593,0,0,34,2593,California
Kern,2020-12-27,35,2627,3,2342,32,285,0,0,35,2628,0,0,35,2628,California
Kern,2020-12-28,831,3458,666,3008,165,450,0,0,831,3459,0,0,831,3459,California
Kern,2020-12-29,744,4202,451,3459,293,743,0,0,743,4201,1,1,743,4202,California
Kern,2020-12-30,1207,5409,915,4374,292,1035,0,0,1207,5408,0,1,1207,5409,California
Kern,2020-12-31,276,5685,99,4473,177,1212,0,0,276,5684,0,1,276,5685,California
Kern,2021-01-01,19,5704,10,4483,9,1221,0,0,19,5703,0,1,19,5704,California
Kern,2021-01-02,79,5783,18,4501,61,1282,0,0,79,5782,0,1,79,5783,California
Kern,2021-01-03,23,5806,4,4505,19,1301,0,0,23,5805,0,1,23,5806,California
Kern,2021-01-04,553,6359,361,4866,192,1493,0,0,553,6358,0,1,553,6359,California
Kern,2021-01-05,1134,7493,740,5606,394,1887,0,0,1122,7468,12,13,1122,7481,California
Kern,2021-01-06,1165,8658,449,6055,716,2603,0,0,1135,8573,30,43,1135,8616,California
Kern,2021-01-07,1415,10073,491,6546,924,3527,0,0,1245,9649,169,212,1245,9861,California
Kern,2021-01-08,1630,11703,771,7317,859,4386,0,0,1329,10677,302,514,1330,11191,California
Kern,2021-01-09,229,11932,79,7396,150,4536,0,0,193,10834,36,550,193,11384,California
Kern,2021-01-10,195,12127,149,7545,46,4582,0,0,154,10947,41,591,154,11538,California
Kern,2021-01-11,1562,13689,988,8533,574,5156,0,0,1004,11393,558,1149,1004,12542,California
Kern,2021-01-12,1878,15567,818,9351,1060,6216,0,0,1361,12237,517,1666,1361,13903,California
Kern,2021-01-13,1863,17430,879,10230,984,7200,0,0,1439,13252,424,2090,1439,15342,California
Kern,2021-01-14,2204,19634,655,10885,1549,8749,0,0,2158,15364,46,2136,2158,17500,California
Kern,2021-01-15,2729,22363,863,11748,1866,10615,0,0,2633,17903,95,2231,2634,20134,California
Kern,2021-01-16,675,23038,214,11962,461,11076,0,0,640,18508,35,2266,640,20774,California
Kern,2021-01-17,74,23112,7,11969,67,11143,0,0,72,18578,2,2268,72,20846,California
Kern,2021-01-18,1646,24758,657,12626,989,12132,0,0,1480,19892,166,2434,1480,22326,California
Kern,2021-01-19,1869,26627,1034,13660,835,12967,0,0,1401,20826,468,2902,1402,23728,California
Kern,2021-01-20,2738,29365,1793,15453,945,13912,0,0,1955,22005,778,3680,1957,25685,California
Kern,2021-01-21,2140,31505,875,16328,1265,15177,0,0,1942,23750,197,3877,1942,27627,California
Kern,2021-01-22,2735,34240,1314,17642,1421,16598,0,0,2454,25924,280,4157,2454,30081,California
Kern,2021-01-23,1258,35498,544,18186,714,17312,0,0,1209,27084,49,4206,1209,31290,California
Kern,2021-01-24,155,35653,12,18198,143,17455,0,0,149,27227,6,4212,149,31439,California
Kern,2021-01-25,2383,38036,1083,19281,1300,18755,0,0,1896,28639,485,4697,1897,33336,California
Kern,2021-01-26,2791,40827,1131,20412,1660,20415,0,0,1930,29709,860,5557,1930,35266,California
Kern,2021-01-27,3560,44387,1894,22306,1666,22081,0,0,2860,31872,697,6254,2860,38126,California
Kern,2021-01-28,2896,47283,1360,23666,1536,23617,0,0,2463,33910,428,6682,2466,40592,California
Kern,2021-01-29,3801,51084,1803,25469,1998,25615,0,0,3250,36612,548,7230,3250,43842,California
Kern,2021-01-30,1335,52419,499,25968,836,26451,0,0,1283,37845,50,7280,1283,45125,California
Kern,2021-01-31,400,52819,273,26241,127,26578,0,0,265,37975,135,7415,265,45390,California
Kern,2021-02-01,2588,55407,977,27218,1611,28189,0,0,1874,39139,711,8126,1875,47265,California
Kern,2021-02-02,2765,58172,805,28023,1960,30149,0,0,2056,40487,709,8835,2057,49322,California
Kern,2021-02-03,3701,61873,1558,29581,2143,32292,0,0,2717,42227,977,9812,2717,52039,California
Kern,2021-02-04,3835,65708,1459,31040,2376,34668,0,0,2595,43592,1230,11042,2595,54634,California
Kern,2021-02-05,4878,70586,1994,33034,2884,37552,0,0,3105,44943,1754,12796,3105,57739,California
Kern,2021-02-06,1749,72335,769,33803,980,38532,0,0,1514,46227,230,13026,1514,59253,California
Kern,2021-02-07,284,72619,151,33954,133,38665,0,0,266,46477,16,13042,266,59519,California
Kern,2021-02-08,2572,75191,789,34743,1783,40448,0,0,1259,46442,1295,14337,1260,60779,California
Kern,2021-02-09,3046,78237,979,35722,2067,42515,0,0,1467,46341,1568,15905,1467,62246,California
Kern,2021-02-10,3836,82073,1675,37397,2161,44676,0,0,1873,46269,1946,17851,1874,64120,California
Kern,2021-02-11,4296,86369,1541,38938,2755,47431,0,0,2233,46455,2050,19901,2236,66356,California
Kern,2021-02-12,5013,91382,1910,40848,3103,50534,0,0,2489,46435,2509,22410,2489,68845,California
Kern,2021-02-13,2019,93401,736,41584,1283,51817,0,0,1164,46747,852,23262,1164,70009,California
Kern,2021-02-14,353,93754,12,41596,341,52158,0,0,271,46937,81,23343,271,70280,California
Kern,2021-02-15,2772,96526,908,42504,1864,54022,0,0,1225,46624,1538,24881,1225,71505,California
Kern,2021-02-16,2968,99494,722,43226,2246,56268,0,0,1662,46990,1297,26178,1663,73168,California
Kern,2021-02-17,4116,103610,2099,45325,2017,58285,0,0,1939,46759,2171,28349,1940,75108,California
Kern,2021-02-18,3800,107410,1507,46832,2293,60578,0,0,1628,46227,2160,30509,1628,76736,California
Kern,2021-02-19,4245,111655,1934,48766,2311,62889,0,0,1760,45509,2478,32987,1760,78496,California
Kern,2021-02-20,2635,114290,984,49750,1651,64540,0,0,1374,45626,1257,34244,1374,79870,California
Kern,2021-02-21,279,114569,170,49920,109,64649,0,0,92,45534,185,34429,93,79963,California
Kern,2021-02-22,2763,117332,1208,51128,1555,66204,0,0,1480,45742,1272,35701,1480,81443,California
Kern,2021-02-23,3640,120972,1158,52286,2482,68686,0,0,2016,46137,1622,37323,2017,83460,California
Kern,2021-02-24,5299,126271,2324,54610,2975,71661,0,0,3141,47127,2151,39474,3141,86601,California
Kern,2021-02-25,5413,131684,2465,57075,2948,74609,0,0,3204,48142,2189,41663,3204,89805,California
Kern,2021-02-26,6943,138627,3542,60617,3401,78010,0,0,4370,49947,2567,44230,4372,94177,California
Kern,2021-02-27,3970,142597,1983,62600,1987,79997,0,0,2621,51229,1339,45569,2621,96798,California
Kern,2021-02-28,919,143516,503,63103,415,80412,1,1,695,51704,221,45790,696,97494,California
Kern,2021-03-01,4022,147538,1826,64929,2192,82604,4,5,2702,53100,1310,47100,2706,100200,California
Kern,2021-03-02,4547,152085,1418,66347,3125,85729,4,9,2991,54547,1545,48645,2992,103192,California
Kern,2021-03-03,6014,158099,2848,69195,3164,88893,2,11,3891,56331,2108,50753,3892,107084,California
Kern,2021-03-04,5705,163804,2282,71477,3418,92311,5,16,3698,58042,1990,52743,3701,110785,California
Kern,2021-03-05,6737,170541,2886,74363,3832,96143,19,35,4212,59759,2514,55257,4231,115016,California
Kern,2021-03-06,4774,175315,1931,76294,2734,98877,109,144,3483,62067,1284,56541,3592,118608,California
Kern,2021-03-07,2063,177378,1593,77887,413,99290,57,201,1862,63787,199,56740,1919,120527,California
Kern,2021-03-08,2910,180288,925,78812,1762,101052,223,424,1525,64151,1382,58122,1746,122273,California
Kern,2021-03-09,3749,184037,815,79627,2544,103596,390,814,2338,65471,1403,59525,2723,124996,California
Kern,2021-03-10,6171,190208,2570,82197,2523,106119,1078,1892,3610,67612,2545,62070,4686,129682,California
Kern,2021-03-11,6342,196550,2443,84640,2870,108989,1029,2921,3772,69848,2560,64630,4796,134478,California
Kern,2021-03-12,7872,204422,3085,87725,3433,112422,1354,4275,4330,71990,3529,68159,5671,140149,California
Kern,2021-03-13,4684,209106,2534,90259,1812,114234,338,4613,3255,74155,1422,69581,3587,143736,California
Kern,2021-03-14,2314,211420,1534,91793,535,114769,245,4858,1788,75659,525,70106,2029,145765,California
Kern,2021-03-15,4288,215708,1112,92905,2461,117230,715,5573,2183,76458,2092,72198,2891,148656,California
Kern,2021-03-16,4447,220155,1020,93925,2890,120120,537,6110,2416,77386,2018,74216,2946,151602,California
Kern,2021-03-17,7480,227635,4090,98015,2836,122956,554,6664,4479,79429,2989,77205,5032,156634,California
Kern,2021-03-18,7327,234962,3719,101734,3018,125974,590,7254,4439,81589,2865,80070,5025,161659,California
Kern,2021-03-19,9148,244110,5014,106748,3365,129339,769,8023,4723,82670,4404,84474,5485,167144,California
Kern,2021-03-20,6274,250384,3836,110584,2253,131592,185,8208,3965,84526,2295,86769,4151,171295,California
Kern,2021-03-21,3091,253475,1962,112546,245,131837,884,9092,1884,86092,1200,87969,2766,174061,California
Kern,2021-03-22,3997,257472,1570,114116,2070,133907,357,9449,1927,86324,2052,90021,2284,176345,California
Kern,2021-03-23,4755,262227,1680,115796,2874,136781,201,9650,2470,86737,2255,92276,2668,179013,California
Kern,2021-03-24,7198,269425,3682,119478,3039,139820,477,10127,3647,87326,3532,95808,4121,183134,California
Kern,2021-03-25,6805,276230,3011,122489,3459,143279,335,10462,3222,87316,3564,99372,3554,186688,California
Kern,2021-03-26,9898,286128,4431,126920,4207,147486,1260,11722,4718,88134,5159,104531,5977,192665,California
Kern,2021-03-27,5720,291848,3998,130918,1593,149079,129,11851,3450,89444,2268,106799,3578,196243,California
Kern,2021-03-28,4692,296540,4200,135118,478,149557,14,11865,2957,90682,1733,108532,2971,199214,California
Kern,2021-03-29,4262,300802,1682,136800,2302,151859,278,12143,2611,91931,1637,110169,2886,202100,California
Kern,2021-03-30,5613,306415,1878,138678,3347,155206,388,12531,3042,92790,2567,112736,3426,205526,California
Kern,2021-03-31,8460,314875,4575,143253,3228,158434,657,13188,4319,93643,4122,116858,4975,210501,California
Kern,2021-04-01,7934,322809,3885,147138,3738,162172,311,13499,4235,94515,3669,120527,4541,215042,California
Kern,2021-04-02,8477,331286,4464,151602,3402,165574,611,14110,4227,95113,4230,124757,4828,219870,California
Kern,2021-04-03,6006,337292,3674,155276,2148,167722,184,14294,2658,94614,3338,128095,2839,222709,California
Kern,2021-04-04,1342,338634,874,156150,383,168105,85,14379,478,94314,861,128956,561,223270,California
Kern,2021-04-05,5378,344012,2221,158371,2382,170487,775,15154,2900,95494,2465,131421,3645,226915,California
Kern,2021-04-06,7144,351156,2481,160852,3282,173769,1381,16535,3567,96885,3552,134973,4943,231858,California
Kern,2021-04-07,9400,360556,5482,166334,2953,176722,965,17500,4573,97614,4807,139780,5536,237394,California
Kern,2021-04-08,8684,369240,4809,171143,2959,179681,916,18416,3732,97325,4924,144704,4635,242029,California
Kern,2021-04-09,10295,379535,5152,176295,4148,183829,995,19411,4363,96775,5903,150607,5353,247382,California
Kern,2021-04-10,6607,386142,3466,179761,1891,185720,1250,20661,2140,95704,4455,155062,3384,250766,California
Kern,2021-04-11,3934,390076,2921,182682,369,186089,644,21305,1275,94972,2644,157706,1912,252678,California
Kern,2021-04-12,4427,394503,996,183678,2456,188545,975,22280,1589,94720,2814,160520,2562,255240,California
Kern,2021-04-13,4322,398825,1427,185105,2869,191414,26,22306,2132,94703,2174,162694,2157,257397,California
Kern,2021-04-14,6119,404944,3012,188117,3085,194499,22,22328,3016,94656,3084,165778,3037,260434,California
Kern,2021-04-15,5321,410265,2497,190614,2821,197320,3,22331,2521,94397,2783,168561,2524,262958,California
Kern,2021-04-16,7328,417593,3477,194091,3850,201170,1,22332,2996,93094,4303,172864,3000,265958,California
Kern,2021-04-17,6017,423610,3948,198039,2069,203239,0,22332,2109,91316,3889,176753,2111,268069,California
Kern,2021-04-18,3902,427512,3656,201695,246,203485,0,22332,941,89305,2952,179705,941,269010,California
Kern,2021-04-19,3872,431384,1748,203443,2122,205607,2,22334,1443,88341,2407,182112,1443,270453,California
Kern,2021-04-20,4491,435875,1670,205113,2819,208426,2,22336,1723,87320,2745,184857,1724,272177,California
Kern,2021-04-21,6031,441906,3269,208382,2757,211183,5,22341,2211,85744,3790,188647,2214,274391,California
Kern,2021-04-22,4889,446795,2392,210774,2497,213680,0,22341,1743,84366,3122,191769,1744,276135,California
Kern,2021-04-23,6227,453022,3093,213867,3133,216813,1,22342,1950,82083,4236,196005,1953,278088,California
Kern,2021-04-24,4026,457048,2809,216676,1206,218019,11,22353,1448,80986,2557,198562,1460,279548,California
Kern,2021-04-25,1404,458452,1117,217793,287,218306,0,22353,827,81242,571,199133,827,280375,California
Kern,2021-04-26,3903,462355,1867,219660,1985,220291,51,22404,1082,79565,2812,201945,1135,281510,California
Kern,2021-04-27,4836,467191,2366,222026,2362,222653,108,22512,1493,77835,3328,205273,1598,283108,California
Kern,2021-04-28,6421,473612,3826,225852,2471,225124,124,22636,1871,75298,4529,209802,1992,285100,California
Kern,2021-04-29,5631,479243,3167,229019,2365,227489,99,22735,1692,73173,3917,213719,1792,286892,California
Kern,2021-04-30,5717,484960,3231,232250,2327,229816,159,22894,1683,70996,4018,217737,1841,288733,California
Kern,2021-05-01,2725,487685,1931,234181,735,230551,59,22953,1089,70519,1624,219361,1147,289880,California
Kern,2021-05-02,1896,489581,1607,235788,267,230818,22,22975,695,70042,1194,220555,717,290597,California
Kern,2021-05-03,2560,492141,1035,236823,1391,232209,134,23109,789,69210,1756,222311,924,291521,California
Kern,2021-05-04,3743,495884,1356,238179,2278,234487,109,23218,1317,68224,2410,224721,1424,292945,California
Kern,2021-05-05,4231,500115,2201,240380,1878,236365,152,23370,1405,66971,2808,227529,1555,294500,California
Kern,2021-05-06,3662,503777,1684,242064,1832,238197,146,23516,1149,65775,2487,230016,1291,295791,California
Kern,2021-05-07,4646,508423,2332,244396,2138,240335,176,23692,1308,63953,3305,233321,1483,297274,California
Kern,2021-05-08,2942,511365,1852,246248,974,241309,116,23808,914,62968,2013,235334,1028,298302,California
Kern,2021-05-09,1354,512719,1180,247428,145,241454,29,23837,442,62536,903,236237,471,298773,California
Kern,2021-05-10,2318,515037,913,248341,1302,242756,103,23940,685,61709,1613,237850,786,299559,California
Kern,2021-05-11,2738,517775,986,249327,1626,244382,126,24066,991,61092,1735,239585,1118,300677,California
Kern,2021-05-12,3667,521442,1478,250805,2038,246420,151,24217,1149,59888,2502,242087,1298,301975,California
Kern,2021-05-13,3544,524986,1867,252672,1523,247943,154,24371,1644,59796,1886,243973,1794,303769,California
Kern,2021-05-14,4339,529325,2577,255249,1539,249482,223,24594,1995,59689,2324,246297,2217,305986,California
Kern,2021-05-15,2946,532271,1921,257170,937,250419,88,24682,1566,59978,1364,247661,1653,307639,California
Kern,2021-05-16,1615,533886,1386,258556,189,250608,40,24722,936,60281,673,248334,976,308615,California
Kern,2021-05-17,2338,536224,1009,259565,1182,251790,147,24869,1179,60460,1146,249480,1325,309940,California
Kern,2021-05-18,3236,539460,1505,261070,1599,253389,132,25001,1629,60628,1590,251070,1758,311698,California
Kern,2021-05-19,3839,543299,2393,263463,1317,254706,129,25130,1784,60496,2042,253112,1910,313608,California
Kern,2021-05-20,3123,546422,1695,265158,1284,255990,144,25274,1402,60341,1699,254811,1544,315152,California
Kern,2021-05-21,3651,550073,2211,267369,1305,257295,135,25409,1815,60480,1811,256622,1950,317102,California
Kern,2021-05-22,2960,553033,2304,269673,607,257902,49,25458,1400,60378,1548,258170,1446,318548,California
Kern,2021-05-23,1299,554332,1103,270776,170,258072,26,25484,678,60468,613,258783,703,319251,California
Kern,2021-05-24,1905,556237,820,271596,970,259042,115,25599,897,60477,1002,259785,1011,320262,California
Kern,2021-05-25,2407,558644,1115,272711,1203,260245,89,25688,1111,60394,1282,261067,1199,321461,California
Kern,2021-05-26,2789,561433,1613,274324,1074,261319,102,25790,1193,60107,1580,262647,1293,322754,California
Kern,2021-05-27,2420,563853,1245,275569,1071,262390,104,25894,1267,60345,1131,263778,1369,324123,California
Kern,2021-05-28,2730,566583,1387,276956,1232,263622,111,26005,1262,60262,1454,265232,1371,325494,California
Kern,2021-05-29,1908,568491,1265,278221,594,264216,49,26054,931,60279,963,266195,980,326474,California
Kern,2021-05-30,863,569354,705,278926,139,264355,19,26073,433,60308,422,266617,451,326925,California
Kern,2021-05-31,147,569501,48,278974,88,264443,11,26084,56,60286,88,266705,66,326991,California
Kern,2021-06-01,2289,571790,950,279924,1268,265711,71,26155,967,60017,1306,268011,1037,328028,California
Kern,2021-06-02,2253,574043,1304,281228,843,266554,106,26261,944,59769,1298,269309,1050,329078,California
Kern,2021-06-03,2379,576422,1340,282568,883,267437,156,26417,861,59278,1507,270816,1016,330094,California
Kern,2021-06-04,2968,579390,1925,284493,931,268368,112,26529,867,58181,2075,272891,978,331072,California
Kern,2021-06-05,2530,581920,2044,286537,452,268820,34,26563,788,57271,1732,274623,822,331894,California
Kern,2021-06-06,1227,583147,1121,287658,83,268903,23,26586,403,56878,819,275442,426,332320,California
Kern,2021-06-07,1817,584964,1131,288789,589,269492,97,26683,682,56533,1122,276564,777,333097,California
Kern,2021-06-08,2128,587092,1239,290028,817,270309,72,26755,648,55791,1461,278025,719,333816,California
Kern,2021-06-09,2623,589715,1839,291867,695,271004,89,26844,820,54909,1790,279815,908,334724,California
Kern,2021-06-10,2239,591954,1385,293252,754,271758,100,26944,786,54352,1441,281256,884,335608,California
Kern,2021-06-11,2853,594807,1916,295168,845,272603,92,27036,1068,53740,1773,283029,1161,336769,California
Kern,2021-06-12,1791,596598,1330,296498,411,273014,50,27086,533,53070,1253,284282,583,337352,California
Kern,2021-06-13,930,597528,813,297311,110,273124,7,27093,272,52694,656,284938,280,337632,California
Kern,2021-06-14,1859,599387,1132,298443,630,273754,97,27190,641,52222,1208,286146,736,338368,California
Kern,2021-06-15,2120,601507,1185,299628,857,274611,78,27268,820,51828,1292,287438,898,339266,California
Kern,2021-06-16,2081,603588,1372,301000,632,275243,77,27345,823,51485,1242,288680,899,340165,California
Kern,2021-06-17,1890,605478,1184,302184,591,275834,115,27460,907,51534,974,289654,1023,341188,California
Kern,2021-06-18,2216,607694,1385,303569,711,276545,120,27580,943,51341,1255,290909,1062,342250,California
Kern,2021-06-19,1241,608935,890,304459,316,276861,35,27615,528,51201,702,291611,562,342812,California
Kern,2021-06-20,714,609649,592,305051,103,276964,19,27634,271,51048,443,292054,290,343102,California
Kern,2021-06-21,1241,610890,665,305716,498,277462,78,27712,670,51231,563,292617,746,343848,California
Kern,2021-06-22,1657,612547,882,306598,698,278160,77,27789,674,51010,972,293589,751,344599,California
Kern,2021-06-23,1727,614274,1104,307702,545,278705,78,27867,767,50912,941,294530,843,345442,California
Kern,2021-06-24,1593,615867,982,308684,522,279227,89,27956,679,50772,907,295437,767,346209,California
Kern,2021-06-25,1798,617665,1126,309810,582,279809,90,28046,853,50780,933,296370,941,347150,California
Kern,2021-06-26,1325,618990,989,310799,304,280113,32,28078,568,50627,752,297122,599,347749,California
Kern,2021-06-27,608,619598,513,311312,81,280194,14,28092,265,50567,339,297461,279,348028,California
Kern,2021-06-28,1139,620737,758,312070,293,280487,88,28180,501,50529,625,298086,587,348615,California
Kern,2021-06-29,1392,622129,710,312780,592,281079,90,28270,605,50447,775,298861,693,349308,California
Kern,2021-06-30,1574,623703,1061,313841,434,281513,79,28349,807,50571,763,299624,887,350195,California
Kern,2021-07-01,1318,625021,820,314661,435,281948,63,28412,593,50506,721,300345,656,350851,California
Kern,2021-07-02,1242,626263,867,315528,319,282267,56,28468,507,50342,724,301069,560,351411,California
Kings,2020-12-16,1,1,1,1,0,0,0,0,1,1,0,0,1,1,California
Kings,2020-12-17,8,9,8,9,0,0,0,0,8,9,0,0,8,9,California
Kings,2020-12-18,12,21,12,21,0,0,0,0,12,21,0,0,12,21,California
Kings,2020-12-19,12,33,12,33,0,0,0,0,12,33,0,0,12,33,California
Kings,2020-12-20,13,46,13,46,0,0,0,0,13,46,0,0,13,46,California
Kings,2020-12-21,156,202,156,202,0,0,0,0,268,314,0,0,268,314,California
Kings,2020-12-22,141,343,141,343,0,0,0,0,138,452,0,0,138,452,California
Kings,2020-12-23,137,480,123,466,14,14,0,0,138,590,0,0,138,590,California
Kings,2020-12-24,11,491,9,475,2,16,0,0,11,601,0,0,11,601,California
Kings,2020-12-26,7,498,4,479,3,19,0,0,7,608,0,0,7,608,California
Kings,2020-12-27,4,502,4,483,0,19,0,0,4,612,0,0,4,612,California
Kings,2020-12-28,131,633,103,586,28,47,0,0,132,744,0,0,132,744,California
Kings,2020-12-29,83,716,55,641,28,75,0,0,84,828,0,0,84,828,California
Kings,2020-12-30,150,866,109,750,41,116,0,0,150,978,0,0,150,978,California
Kings,2020-12-31,45,911,6,756,39,155,0,0,45,1023,0,0,45,1023,California
Kings,2021-01-01,1,912,0,756,1,156,0,0,1,1024,0,0,1,1024,California
Kings,2021-01-02,12,924,10,766,2,158,0,0,12,1036,0,0,12,1036,California
Kings,2021-01-03,1,925,1,767,0,158,0,0,1,1037,0,0,1,1037,California
Kings,2021-01-04,112,1037,41,808,71,229,0,0,112,1149,0,0,112,1149,California
Kings,2021-01-05,195,1232,39,847,156,385,0,0,195,1344,0,0,195,1344,California
Kings,2021-01-06,278,1510,179,1026,99,484,0,0,275,1616,3,3,275,1619,California
Kings,2021-01-07,182,1692,83,1109,99,583,0,0,174,1782,8,11,174,1793,California
Kings,2021-01-08,249,1941,54,1163,195,778,0,0,229,1991,20,31,229,2022,California
Kings,2021-01-09,63,2004,9,1172,54,832,0,0,55,2038,8,39,55,2077,California
Kings,2021-01-10,15,2019,3,1175,12,844,0,0,12,2047,3,42,12,2089,California
Kings,2021-01-11,517,2536,353,1528,164,1008,0,0,276,2083,241,283,277,2366,California
Kings,2021-01-12,349,2885,253,1781,96,1104,0,0,216,2169,130,413,216,2582,California
Kings,2021-01-13,422,3307,275,2056,147,1251,0,0,331,2409,91,504,331,2913,California
Kings,2021-01-14,210,3517,30,2086,180,1431,0,0,200,2589,21,525,201,3114,California
Kings,2021-01-15,418,3935,30,2116,388,1819,0,0,406,2983,12,537,406,3520,California
Kings,2021-01-16,28,3963,9,2125,19,1838,0,0,27,3009,1,538,27,3547,California
Kings,2021-01-17,12,3975,9,2134,3,1841,0,0,10,3017,2,540,10,3557,California
Kings,2021-01-18,173,4148,41,2175,132,1973,0,0,147,3138,26,566,147,3704,California
Kings,2021-01-19,381,4529,161,2336,220,2193,0,0,252,3261,129,695,252,3956,California
Kings,2021-01-20,254,4783,162,2498,92,2285,0,0,134,3280,115,810,134,4090,California
Kings,2021-01-21,213,4996,57,2555,156,2441,0,0,196,3457,19,829,196,4286,California
Kings,2021-01-22,105,5101,17,2572,88,2529,0,0,104,3556,5,834,104,4390,California
Kings,2021-01-23,26,5127,14,2586,12,2541,0,0,19,3568,7,841,19,4409,California
Kings,2021-01-24,4,5131,4,2590,0,2541,0,0,2,3568,2,843,2,4411,California
Kings,2021-01-25,156,5287,55,2645,101,2642,0,0,93,3598,63,906,93,4504,California
Kings,2021-01-26,172,5459,52,2697,120,2762,0,0,113,3652,59,965,113,4617,California
Kings,2021-01-27,356,5815,61,2758,295,3057,0,0,252,3801,103,1068,252,4869,California
Kings,2021-01-28,361,6176,74,2832,287,3344,0,0,276,3992,85,1153,276,5145,California
Kings,2021-01-29,113,6289,27,2859,86,3430,0,0,96,4071,17,1170,96,5241,California
Kings,2021-01-30,1567,7856,28,2887,1539,4969,0,0,1563,5632,4,1174,1565,6806,California
Kings,2021-01-31,1,7857,1,2888,0,4969,0,0,1,5633,0,1174,1,6807,California
Kings,2021-02-01,241,8098,87,2975,154,5123,0,0,92,5578,147,1321,92,6899,California
Kings,2021-02-02,342,8440,110,3085,232,5355,0,0,97,5431,244,1565,97,6996,California
Kings,2021-02-03,482,8922,274,3359,208,5563,0,0,241,5432,240,1805,241,7237,California
Kings,2021-02-04,466,9388,132,3491,334,5897,0,0,228,5423,237,2042,228,7465,California
Kings,2021-02-05,339,9727,58,3549,281,6178,0,0,179,5445,157,2199,179,7644,California
Kings,2021-02-06,61,9788,10,3559,51,6229,0,0,28,5440,33,2232,28,7672,California
Kings,2021-02-07,6,9794,4,3563,2,6231,0,0,3,5440,3,2235,3,7675,California
Kings,2021-02-08,175,9969,29,3592,146,6377,0,0,68,5401,107,2342,68,7743,California
Kings,2021-02-09,256,10225,59,3651,197,6574,0,0,112,5371,142,2484,112,7855,California
Kings,2021-02-10,381,10606,113,3764,268,6842,0,0,256,5502,125,2609,256,8111,California
Kings,2021-02-11,495,11101,67,3831,428,7270,0,0,361,5730,133,2742,361,8472,California
Kings,2021-02-12,709,11810,36,3867,673,7943,0,0,352,5726,356,3098,352,8824,California
Kings,2021-02-13,241,12051,6,3873,235,8178,0,0,215,5915,26,3124,215,9039,California
Kings,2021-02-14,103,12154,4,3877,99,8277,0,0,95,6002,8,3132,95,9134,California
Kings,2021-02-15,248,12402,5,3882,243,8520,0,0,138,6031,109,3241,138,9272,California
Kings,2021-02-16,632,13034,33,3915,599,9119,0,0,356,6113,275,3516,357,9629,California
Kings,2021-02-17,441,13475,24,3939,417,9536,0,0,302,6278,139,3655,304,9933,California
Kings,2021-02-18,344,13819,22,3961,322,9858,0,0,213,6361,130,3785,213,10146,California
Kings,2021-02-19,213,14032,24,3985,189,10047,0,0,129,6409,81,3866,129,10275,California
Kings,2021-02-20,173,14205,41,4026,132,10179,0,0,135,6506,38,3904,135,10410,California
Kings,2021-02-21,3,14208,2,4028,1,10180,0,0,3,6509,0,3904,3,10413,California
Kings,2021-02-22,127,14335,22,4050,105,10285,0,0,59,6501,67,3971,59,10472,California
Kings,2021-02-23,440,14775,71,4121,369,10654,0,0,320,6701,120,4091,320,10792,California
Kings,2021-02-24,749,15524,160,4281,589,11243,0,0,530,7012,219,4310,530,11322,California
Kings,2021-02-25,825,16349,132,4413,693,11936,0,0,598,7385,225,4535,598,11920,California
Kings,2021-02-26,862,17211,136,4549,726,12662,0,0,773,8070,88,4623,773,12693,California
Kings,2021-02-27,1518,18729,65,4614,1453,14115,0,0,582,7717,935,5558,582,13275,California
Kings,2021-02-28,1207,19936,598,5212,609,14724,0,0,675,7863,530,6088,676,13951,California
Kings,2021-03-01,295,20231,90,5302,205,14929,0,0,222,8012,73,6161,222,14173,California
Kings,2021-03-02,591,20822,258,5560,333,15262,0,0,517,8457,74,6235,519,14692,California
Kings,2021-03-03,759,21581,327,5887,432,15694,0,0,534,8769,223,6458,535,15227,California
Kings,2021-03-04,834,22415,356,6243,478,16172,0,0,705,9346,129,6587,706,15933,California
Kings,2021-03-05,1193,23608,369,6612,815,16987,9,9,1040,10245,153,6740,1052,16985,California
Kings,2021-03-06,518,24126,187,6799,318,17305,13,22,488,10716,30,6770,501,17486,California
Kings,2021-03-07,363,24489,223,7022,136,17441,4,26,355,11067,8,6778,359,17845,California
Kings,2021-03-08,383,24872,98,7120,232,17673,53,79,265,11267,118,6896,318,18163,California
Kings,2021-03-09,688,25560,389,7509,244,17917,55,134,579,11794,108,7004,635,18798,California
Kings,2021-03-10,787,26347,251,7760,430,18347,106,240,555,12224,230,7234,660,19458,California
Kings,2021-03-11,1202,27549,430,8190,656,19003,116,356,752,12645,448,7682,869,20327,California
Kings,2021-03-12,1525,29074,447,8637,984,19987,94,450,984,13188,537,8219,1080,21407,California
Kings,2021-03-13,681,29755,334,8971,305,20292,42,492,557,13665,124,8343,601,22008,California
Kings,2021-03-14,674,30429,101,9072,184,20476,389,881,200,13780,474,8817,589,22597,California
Kings,2021-03-15,713,31142,267,9339,327,20803,119,1000,470,14130,242,9059,592,23189,California
Kings,2021-03-16,1170,32312,478,9817,629,21432,63,1063,749,14522,420,9479,812,24001,California
Kings,2021-03-17,1110,33422,420,10237,628,22060,62,1125,779,15040,331,9810,849,24850,California
Kings,2021-03-18,1131,34553,475,10712,433,22493,223,1348,749,15634,380,10190,974,25824,California
Kings,2021-03-19,977,35530,468,11180,418,22911,91,1439,726,16216,250,10440,832,26656,California
Kings,2021-03-20,642,36172,256,11436,354,23265,32,1471,463,16543,176,10616,503,27159,California
Kings,2021-03-21,1423,37595,1091,12527,320,23585,12,1483,863,16858,560,11176,875,28034,California
Kings,2021-03-22,451,38046,200,12727,165,23750,86,1569,266,17030,184,11360,356,28390,California
Kings,2021-03-23,1047,39093,506,13233,477,24227,64,1633,548,17149,497,11857,616,29006,California
Kings,2021-03-24,1097,40190,486,13719,588,24815,23,1656,500,17079,595,12452,525,29531,California
Kings,2021-03-25,1053,41243,471,14190,555,25370,27,1683,444,16942,607,13059,470,30001,California
Kings,2021-03-26,1407,42650,380,14570,937,26307,90,1773,510,16649,892,13951,599,30600,California
Kings,2021-03-27,643,43293,259,14829,372,26679,12,1785,155,16330,486,14437,167,30767,California
Kings,2021-03-28,673,43966,602,15431,64,26743,7,1792,403,16483,270,14707,423,31190,California
Kings,2021-03-29,470,44436,212,15643,197,26940,61,1853,257,16589,211,14918,317,31507,California
Kings,2021-03-30,950,45386,533,16176,378,27318,39,1892,433,16544,516,15434,471,31978,California
Kings,2021-03-31,890,46276,467,16643,350,27668,73,1965,420,16575,462,15896,493,32471,California
Kings,2021-04-01,915,47191,490,17133,336,28004,89,2054,355,16466,553,16449,444,32915,California
Kings,2021-04-02,1118,48309,454,17587,538,28542,126,2180,394,16267,718,17167,519,33434,California
Kings,2021-04-03,496,48805,348,17935,139,28681,9,2189,171,16129,319,17486,181,33615,California
Kings,2021-04-04,157,48962,83,18018,68,28749,6,2195,42,16064,113,17599,48,33663,California
Kings,2021-04-05,1063,50025,328,18346,480,29229,255,2450,240,15736,822,18421,494,34157,California
Kings,2021-04-06,1258,51283,493,18839,452,29681,313,2763,285,15363,970,19391,597,34754,California
Kings,2021-04-07,1377,52660,655,19494,536,30217,186,2949,337,14849,1037,20428,523,35277,California
Kings,2021-04-08,1631,54291,638,20132,740,30957,253,3202,374,14226,1250,21678,627,35904,California
Kings,2021-04-09,1243,55534,593,20725,469,31426,181,3383,238,13639,1003,22681,416,36320,California
Kings,2021-04-10,595,56129,333,21058,160,31586,102,3485,175,13497,418,23099,276,36596,California
Kings,2021-04-11,355,56484,76,21134,272,31858,7,3492,196,13543,157,23256,203,36799,California
Kings,2021-04-12,710,57194,315,21449,192,32050,203,3695,194,13426,514,23770,397,37196,California
Kings,2021-04-13,919,58113,527,21976,392,32442,0,3695,295,13104,622,24392,300,37496,California
Kings,2021-04-14,1050,59163,579,22555,471,32913,0,3695,379,12813,671,25063,380,37876,California
Kings,2021-04-15,1063,60226,524,23079,538,33451,1,3696,453,12660,607,25670,454,38330,California
Kings,2021-04-16,797,61023,364,23443,433,33884,0,3696,262,12390,533,26203,263,38593,California
Kings,2021-04-17,459,61482,245,23688,214,34098,0,3696,187,12306,271,26474,187,38780,California
Kings,2021-04-18,571,62053,246,23934,325,34423,0,3696,45,11825,526,27000,45,38825,California
Kings,2021-04-19,629,62682,386,24320,243,34666,0,3696,296,11791,330,27330,296,39121,California
Kings,2021-04-20,756,63438,462,24782,294,34960,0,3696,243,11522,512,27842,243,39364,California
Kings,2021-04-21,696,64134,352,25134,344,35304,0,3696,244,11322,444,28286,244,39608,California
Kings,2021-04-22,573,64707,291,25425,282,35586,0,3696,209,11171,361,28647,210,39818,California
Kings,2021-04-23,677,65384,298,25723,379,35965,0,3696,330,11158,343,28990,330,40148,California
Kings,2021-04-24,247,65631,179,25902,67,36032,1,3697,119,11151,127,29117,120,40268,California
Kings,2021-04-25,204,65835,184,26086,20,36052,0,3697,166,11280,37,29154,166,40434,California
Kings,2021-04-26,325,66160,176,26262,146,36198,3,3700,201,11361,123,29277,204,40638,California
Kings,2021-04-27,433,66593,195,26457,219,36417,19,3719,184,11317,247,29524,203,40841,California
Kings,2021-04-28,523,67116,263,26720,240,36657,20,3739,270,11354,253,29777,290,41131,California
Kings,2021-04-29,302,67418,125,26845,165,36822,12,3751,141,11349,158,29935,153,41284,California
Kings,2021-04-30,376,67794,168,27013,191,37013,17,3768,155,11304,217,30152,172,41456,California
Kings,2021-05-01,227,68021,166,27179,51,37064,10,3778,72,11232,154,30306,82,41538,California
Kings,2021-05-02,170,68191,148,27327,22,37086,0,3778,128,11318,42,30348,128,41666,California
Kings,2021-05-03,474,68665,252,27579,209,37295,13,3791,121,11100,352,30700,134,41800,California
Kings,2021-05-04,528,69193,273,27852,235,37530,20,3811,161,10916,365,31065,181,41981,California
Kings,2021-05-05,566,69759,300,28152,246,37776,20,3831,143,10657,422,31487,163,42144,California
Kings,2021-05-06,571,70330,290,28442,258,38034,23,3854,132,10375,437,31924,155,42299,California
Kings,2021-05-07,368,70698,211,28653,143,38177,14,3868,149,10321,217,32141,163,42462,California
Kings,2021-05-08,244,70942,179,28832,53,38230,12,3880,85,10259,158,32299,96,42558,California
Kings,2021-05-09,191,71133,63,28895,128,38358,0,3880,40,10148,151,32450,40,42598,California
Kings,2021-05-10,347,71480,270,29165,67,38425,10,3890,114,10040,231,32681,123,42721,California
Kings,2021-05-11,387,71867,239,29404,119,38544,29,3919,116,9916,270,32951,146,42867,California
Kings,2021-05-12,401,72268,163,29567,224,38768,14,3933,164,9859,235,33186,178,43045,California
Kings,2021-05-13,410,72678,167,29734,235,39003,8,3941,168,9794,241,33427,176,43221,California
Kings,2021-05-14,463,73141,316,30050,116,39119,31,3972,239,9841,223,33650,270,43491,California
Kings,2021-05-15,356,73497,256,30306,82,39201,18,3990,198,9899,158,33808,216,43707,California
Kings,2021-05-16,247,73744,221,30527,25,39226,1,3991,75,9803,172,33980,76,43783,California
Kings,2021-05-17,409,74153,324,30851,68,39294,17,4008,211,9834,197,34177,228,44011,California
Kings,2021-05-18,398,74551,283,31134,102,39396,13,4021,227,9904,171,34348,241,44252,California
Kings,2021-05-19,574,75125,281,31415,271,39667,22,4043,227,9808,345,34693,249,44501,California
Kings,2021-05-20,451,75576,237,31652,187,39854,27,4070,260,9905,191,34884,288,44789,California
Kings,2021-05-21,518,76094,262,31914,245,40099,11,4081,263,9928,251,35135,274,45063,California
Kings,2021-05-22,306,76400,246,32160,48,40147,12,4093,217,10070,87,35222,229,45292,California
Kings,2021-05-23,234,76634,225,32385,9,40156,0,4093,106,10048,128,35350,106,45398,California
Kings,2021-05-24,262,76896,175,32560,72,40228,15,4108,125,10051,137,35487,140,45538,California
Kings,2021-05-25,405,77301,268,32828,104,40332,33,4141,236,10153,167,35654,269,45807,California
Kings,2021-05-26,304,77605,125,32953,162,40494,17,4158,121,10109,182,35836,138,45945,California
Kings,2021-05-27,325,77930,176,33129,131,40625,18,4176,177,10159,145,35981,195,46140,California
Kings,2021-05-28,288,78218,140,33269,130,40755,18,4194,132,10156,153,36134,150,46290,California
Kings,2021-05-29,174,78392,101,33370,62,40817,11,4205,87,10168,86,36220,98,46388,California
Kings,2021-05-30,133,78525,116,33486,15,40832,2,4207,72,10181,61,36281,74,46462,California
Kings,2021-05-31,41,78566,22,33508,16,40848,3,4210,15,10173,26,36307,18,46480,California
Kings,2021-06-01,317,78883,187,33695,114,40962,16,4226,119,10113,194,36501,134,46614,California
Kings,2021-06-02,276,79159,125,33820,144,41106,7,4233,85,10017,188,36689,92,46706,California
Kings,2021-06-03,226,79385,126,33946,89,41195,11,4244,70,9950,148,36837,81,46787,California
Kings,2021-06-04,427,79812,284,34230,129,41324,14,4258,153,9847,270,37107,167,46954,California
Kings,2021-06-05,258,80070,224,34454,27,41351,7,4265,62,9733,183,37290,69,47023,California
Kings,2021-06-06,162,80232,154,34608,3,41354,5,4270,81,9742,77,37367,86,47109,California
Kings,2021-06-07,293,80525,225,34833,54,41408,14,4284,95,9652,198,37565,108,47217,California
Kings,2021-06-08,312,80837,240,35073,52,41460,20,4304,78,9518,232,37797,98,47315,California
Kings,2021-06-09,397,81234,264,35337,124,41584,9,4313,116,9365,278,38075,125,47440,California
Kings,2021-06-10,341,81575,223,35560,105,41689,13,4326,82,9201,259,38334,95,47535,California
Kings,2021-06-11,373,81948,280,35840,90,41779,3,4329,143,9122,225,38559,146,47681,California
Kings,2021-06-12,268,82216,220,36060,44,41823,4,4333,69,9012,183,38742,73,47754,California
Kings,2021-06-13,127,82343,118,36178,8,41831,1,4334,34,8955,92,38834,35,47789,California
Kings,2021-06-14,240,82583,172,36350,46,41877,22,4356,97,8931,143,38977,119,47908,California
Kings,2021-06-15,255,82838,182,36532,62,41939,11,4367,88,8864,166,39143,99,48007,California
Kings,2021-06-16,254,83092,130,36662,116,42055,8,4375,90,8806,157,39300,99,48106,California
Kings,2021-06-17,207,83299,110,36772,87,42142,10,4385,80,8769,127,39427,90,48196,California
Kings,2021-06-18,252,83551,173,36945,70,42212,9,4394,118,8762,134,39561,127,48323,California
Kings,2021-06-19,101,83652,69,37014,27,42239,5,4399,40,8746,61,39622,45,48368,California
Kings,2021-06-20,84,83736,69,37083,9,42248,6,4405,28,8724,56,39678,34,48402,California
Kings,2021-06-21,181,83917,97,37180,53,42301,31,4436,97,8768,84,39762,128,48530,California
Kings,2021-06-22,199,84116,128,37308,63,42364,8,4444,82,8741,117,39879,90,48620,California
Kings,2021-06-23,197,84313,94,37402,88,42452,15,4459,86,8732,110,39989,101,48721,California
Kings,2021-06-24,145,84458,68,37470,72,42524,5,4464,56,8705,88,40077,61,48782,California
Kings,2021-06-25,306,84764,219,37689,78,42602,9,4473,150,8709,155,40232,159,48941,California
Kings,2021-06-26,124,84888,82,37771,38,42640,4,4477,53,8695,71,40303,57,48998,California
Kings,2021-06-27,118,85006,111,37882,6,42646,1,4478,38,8657,77,40380,39,49037,California
Kings,2021-06-28,192,85198,138,38020,37,42683,17,4495,82,8646,110,40490,99,49136,California
Kings,2021-06-29,179,85377,133,38153,36,42719,10,4505,86,8651,91,40581,96,49232,California
Kings,2021-06-30,189,85566,117,38270,64,42783,8,4513,87,8644,102,40683,95,49327,California
Kings,2021-07-01,132,85698,89,38359,36,42819,7,4520,63,8647,67,40750,70,49397,California
Kings,2021-07-02,105,85803,72,38431,27,42846,6,4526,54,8657,50,40800,60,49457,California
Lake,2020-12-17,4,4,4,4,0,0,0,0,4,4,0,0,4,4,California
Lake,2020-12-18,50,54,50,54,0,0,0,0,50,54,0,0,50,54,California
Lake,2020-12-19,3,57,3,57,0,0,0,0,3,57,0,0,3,57,California
Lake,2020-12-20,6,63,6,63,0,0,0,0,6,63,0,0,6,63,California
Lake,2020-12-21,87,150,87,150,0,0,0,0,87,150,0,0,87,150,California
Lake,2020-12-22,63,213,60,210,3,3,0,0,63,213,0,0,63,213,California
Lake,2020-12-23,124,337,115,325,9,12,0,0,124,337,0,0,124,337,California
Lake,2020-12-24,2,339,0,325,2,14,0,0,2,339,0,0,2,339,California
Lake,2020-12-26,2,341,2,327,0,14,0,0,2,341,0,0,2,341,California
Lake,2020-12-27,2,343,2,329,0,14,0,0,2,343,0,0,2,343,California
Lake,2020-12-28,52,395,43,372,9,23,0,0,52,395,0,0,52,395,California
Lake,2020-12-29,52,447,47,419,5,28,0,0,52,447,0,0,52,447,California
Lake,2020-12-30,130,577,122,541,8,36,0,0,130,577,0,0,130,577,California
Lake,2020-12-31,67,644,64,605,3,39,0,0,67,644,0,0,67,644,California
Lake,2021-01-01,4,648,1,606,3,42,0,0,4,648,0,0,4,648,California
Lake,2021-01-02,2,650,1,607,1,43,0,0,2,650,0,0,2,650,California
Lake,2021-01-04,88,738,21,628,67,110,0,0,88,738,0,0,88,738,California
Lake,2021-01-05,120,858,59,687,61,171,0,0,118,854,2,2,118,856,California
Lake,2021-01-06,103,961,64,751,39,210,0,0,101,953,2,4,101,957,California
Lake,2021-01-07,110,1071,86,837,24,234,0,0,101,1045,9,13,101,1058,California
Lake,2021-01-08,155,1226,126,963,29,263,0,0,104,1098,51,64,104,1162,California
Lake,2021-01-09,63,1289,61,1024,2,265,0,0,59,1153,4,68,59,1221,California
Lake,2021-01-10,3,1292,3,1027,0,265,0,0,0,1150,3,71,0,1221,California
Lake,2021-01-11,189,1481,150,1177,39,304,0,0,109,1179,80,151,109,1330,California
Lake,2021-01-12,81,1562,48,1225,33,337,0,0,58,1214,23,174,58,1388,California
Lake,2021-01-13,170,1732,115,1340,55,392,0,0,110,1264,60,234,110,1498,California
Lake,2021-01-14,151,1883,48,1388,103,495,0,0,129,1371,22,256,129,1627,California
Lake,2021-01-15,221,2104,95,1483,126,621,0,0,193,1536,28,284,193,1820,California
Lake,2021-01-16,136,2240,83,1566,53,674,0,0,134,1668,2,286,134,1954,California
Lake,2021-01-17,18,2258,6,1572,12,686,0,0,12,1674,6,292,12,1966,California
Lake,2021-01-18,246,2504,227,1799,19,705,0,0,125,1678,121,413,125,2091,California
Lake,2021-01-19,318,2822,121,1920,197,902,0,0,271,1903,47,460,272,2363,California
Lake,2021-01-20,426,3248,82,2002,344,1246,0,0,361,2200,64,524,361,2724,California
Lake,2021-01-21,441,3689,50,2052,391,1637,0,0,405,2569,36,560,405,3129,California
Lake,2021-01-22,322,4011,47,2099,275,1912,0,0,285,2817,37,597,285,3414,California
Lake,2021-01-23,127,4138,6,2105,121,2033,0,0,126,2942,1,598,126,3540,California
Lake,2021-01-24,5,4143,2,2107,3,2036,0,0,5,2947,0,598,5,3545,California
Lake,2021-01-25,259,4402,96,2203,163,2199,0,0,177,3042,82,680,177,3722,California
Lake,2021-01-26,432,4834,36,2239,396,2595,0,0,408,3426,24,704,408,4130,California
Lake,2021-01-27,362,5196,40,2279,322,2917,0,0,335,3735,27,731,336,4466,California
Lake,2021-01-28,499,5695,162,2441,337,3254,0,0,367,3972,130,861,367,4833,California
Lake,2021-01-29,653,6348,101,2542,552,3806,0,0,578,4475,75,936,578,5411,California
Lake,2021-01-30,557,6905,43,2585,514,4320,0,0,551,5020,6,942,551,5962,California
Lake,2021-01-31,15,6920,9,2594,6,4326,0,0,13,5031,2,944,13,5975,California
Lake,2021-02-01,181,7101,18,2612,163,4489,0,0,167,5184,14,958,167,6142,California
Lake,2021-02-02,565,7666,153,2765,412,4901,0,0,397,5413,168,1126,397,6539,California
Lake,2021-02-03,445,8111,33,2798,412,5313,0,0,341,5650,104,1230,341,6880,California
Lake,2021-02-04,121,8232,70,2868,51,5364,0,0,71,5671,50,1280,71,6951,California
Lake,2021-02-05,382,8614,73,2941,309,5673,0,0,287,5865,93,1373,287,7238,California
Lake,2021-02-06,276,8890,42,2983,234,5907,0,0,264,6117,12,1385,264,7502,California
Lake,2021-02-07,2,8892,1,2984,1,5908,0,0,2,6119,0,1385,2,7504,California
Lake,2021-02-08,277,9169,205,3189,72,5980,0,0,158,6158,119,1504,158,7662,California
Lake,2021-02-09,345,9514,25,3214,320,6300,0,0,300,6414,44,1548,300,7962,California
Lake,2021-02-10,356,9870,54,3268,302,6602,0,0,275,6608,81,1629,275,8237,California
Lake,2021-02-11,181,10051,18,3286,163,6765,0,0,60,6547,121,1750,60,8297,California
Lake,2021-02-12,377,10428,29,3315,348,7113,0,0,287,6745,89,1839,287,8584,California
Lake,2021-02-13,252,10680,8,3323,244,7357,0,0,239,6971,13,1852,239,8823,California
Lake,2021-02-14,22,10702,5,3328,17,7374,0,0,8,6965,14,1866,8,8831,California
Lake,2021-02-15,172,10874,13,3341,159,7533,0,0,8,6810,163,2029,8,8839,California
Lake,2021-02-16,429,11303,23,3364,406,7939,0,0,178,6737,251,2280,178,9017,California
Lake,2021-02-17,354,11657,56,3420,298,8237,0,0,73,6530,280,2560,73,9090,California
Lake,2021-02-18,466,12123,73,3493,393,8630,0,0,117,6299,348,2908,117,9207,California
Lake,2021-02-19,436,12559,29,3522,407,9037,0,0,94,6051,342,3250,94,9301,California
Lake,2021-02-20,297,12856,61,3583,236,9273,0,0,251,6257,45,3295,251,9552,California
Lake,2021-02-21,7,12863,7,3590,0,9273,0,0,0,6250,7,3302,0,9552,California
Lake,2021-02-22,140,13003,22,3612,118,9391,0,0,40,6190,100,3402,40,9592,California
Lake,2021-02-23,221,13224,15,3627,206,9597,0,0,28,6025,193,3595,28,9620,California
Lake,2021-02-24,1016,14240,429,4056,587,10184,0,0,469,5948,546,4141,469,10089,California
Lake,2021-02-25,760,15000,495,4551,265,10449,0,0,498,6187,259,4400,498,10587,California
Lake,2021-02-26,1018,16018,322,4873,696,11145,0,0,363,5899,651,5051,363,10950,California
Lake,2021-02-27,410,16428,97,4970,313,11458,0,0,327,6144,82,5133,327,11277,California
Lake,2021-02-28,21,16449,12,4982,9,11467,0,0,12,6147,9,5142,12,11289,California
Lake,2021-03-01,597,17046,55,5037,542,12009,0,0,444,6438,153,5295,444,11733,California
Lake,2021-03-02,747,17793,18,5055,729,12738,0,0,287,6267,458,5753,287,12020,California
Lake,2021-03-03,370,18163,196,5251,174,12912,0,0,147,6192,222,5975,147,12167,California
Lake,2021-03-04,578,18741,506,5757,72,12984,0,0,562,6738,16,5991,562,12729,California
Lake,2021-03-05,1046,19787,52,5809,994,13978,0,0,187,6070,855,6846,187,12916,California
Lake,2021-03-06,35,19822,9,5818,25,14003,1,1,22,6080,13,6859,23,12939,California
Lake,2021-03-07,8,19830,6,5824,2,14005,0,1,5,6082,3,6862,5,12944,California
Lake,2021-03-08,341,20171,266,6090,65,14070,10,11,299,6349,42,6904,309,13253,California
Lake,2021-03-09,932,21103,44,6134,871,14941,17,28,407,6250,524,7428,425,13678,California
Lake,2021-03-10,204,21307,60,6194,131,15072,13,41,134,6328,70,7498,148,13826,California
Lake,2021-03-11,587,21894,49,6243,64,15136,474,515,45,6305,542,8040,519,14345,California
Lake,2021-03-12,854,22748,203,6446,625,15761,26,541,361,6201,491,8531,387,14732,California
Lake,2021-03-13,283,23031,22,6468,25,15786,236,777,20,6194,262,8793,255,14987,California
Lake,2021-03-14,11,23042,2,6470,9,15795,0,777,7,6197,4,8797,7,14994,California
Lake,2021-03-15,640,23682,12,6482,610,16405,18,795,481,6538,158,8955,499,15493,California
Lake,2021-03-16,1116,24798,835,7317,264,16669,17,812,378,6198,734,9689,394,15887,California
Lake,2021-03-17,251,25049,123,7440,105,16774,23,835,91,6152,160,9849,114,16001,California
Lake,2021-03-18,750,25799,376,7816,337,17111,37,872,356,6153,391,10240,392,16393,California
Lake,2021-03-19,584,26383,317,8133,248,17359,19,891,476,6541,107,10347,495,16888,California
Lake,2021-03-20,249,26632,9,8142,237,17596,3,894,31,6359,216,10563,34,16922,California
Lake,2021-03-21,15,26647,10,8152,4,17600,1,895,10,6365,5,10568,11,16933,California
Lake,2021-03-22,337,26984,256,8408,67,17667,14,909,250,6542,87,10655,264,17197,California
Lake,2021-03-23,429,27413,21,8429,394,18061,14,923,363,6854,65,10720,377,17574,California
Lake,2021-03-24,423,27836,62,8491,353,18414,8,931,325,7091,97,10817,334,17908,California
Lake,2021-03-25,674,28510,482,8973,185,18599,7,938,174,6771,500,11317,180,18088,California
Lake,2021-03-26,68,28578,33,9006,34,18633,1,939,31,6767,36,11353,32,18120,California
Lake,2021-03-27,309,28887,7,9013,299,18932,3,942,17,6497,290,11643,20,18140,California
Lake,2021-03-28,17,28904,8,9021,9,18941,0,942,9,6498,8,11651,9,18149,California
Lake,2021-03-29,987,29891,286,9307,699,19640,2,944,202,5919,783,12434,204,18353,California
Lake,2021-03-30,465,30356,314,9621,148,19788,3,947,366,6190,98,12532,369,18722,California
Lake,2021-03-31,615,30971,60,9681,555,20343,0,947,432,6449,173,12705,432,19154,California
Lake,2021-04-01,449,31420,234,9915,203,20546,12,959,187,6390,258,12963,199,19353,California
Lake,2021-04-02,224,31644,41,9956,155,20701,28,987,97,6388,127,13090,125,19478,California
Lake,2021-04-03,33,31677,6,9962,24,20725,3,990,13,6384,20,13110,16,19494,California
Lake,2021-04-04,20,31697,11,9973,7,20732,2,992,15,6396,5,13115,17,19511,California
Lake,2021-04-05,643,32340,71,10044,552,21284,20,1012,402,6579,238,13353,421,19932,California
Lake,2021-04-06,479,32819,17,10061,436,21720,26,1038,307,6741,171,13524,333,20265,California
Lake,2021-04-07,526,33345,58,10119,416,22136,52,1090,356,6981,168,13692,408,20673,California
Lake,2021-04-08,606,33951,494,10613,46,22182,66,1156,105,6654,498,14190,171,20844,California
Lake,2021-04-09,282,34233,40,10653,173,22355,69,1225,48,6540,230,14420,116,20960,California
Lake,2021-04-10,257,34490,15,10668,16,22371,226,1451,11,6531,246,14666,237,21197,California
Lake,2021-04-11,21,34511,16,10684,3,22374,2,1453,7,6526,14,14680,9,21206,California
Lake,2021-04-12,1082,35593,233,10917,815,23189,34,1487,244,5966,838,15518,278,21484,California
Lake,2021-04-13,181,35774,110,11027,71,23260,0,1487,54,5893,127,15645,54,21538,California
Lake,2021-04-14,619,36393,38,11065,581,23841,0,1487,553,6380,66,15711,553,22091,California
Lake,2021-04-15,647,37040,193,11258,454,24295,0,1487,332,6397,315,16026,332,22423,California
Lake,2021-04-16,268,37308,31,11289,237,24532,0,1487,76,6282,191,16217,76,22499,California
Lake,2021-04-17,42,37350,12,11301,30,24562,0,1487,32,6304,10,16227,32,22531,California
Lake,2021-04-18,9,37359,6,11307,3,24565,0,1487,0,6295,9,16236,0,22531,California
Lake,2021-04-19,298,37657,39,11346,259,24824,0,1487,247,6491,51,16287,247,22778,California
Lake,2021-04-20,695,38352,281,11627,414,25238,0,1487,95,5988,599,16886,96,22874,California
Lake,2021-04-21,532,38884,62,11689,470,25708,0,1487,197,5850,335,17221,197,23071,California
Lake,2021-04-22,471,39355,50,11739,421,26129,0,1487,323,6026,147,17368,323,23394,California
Lake,2021-04-23,122,39477,64,11803,58,26187,0,1487,72,6050,48,17416,72,23466,California
Lake,2021-04-24,55,39532,9,11812,46,26233,0,1487,41,6077,14,17430,41,23507,California
Lake,2021-04-25,37,39569,20,11832,17,26250,0,1487,25,6090,12,17442,25,23532,California
Lake,2021-04-26,295,39864,82,11914,212,26462,1,1488,90,5976,205,17647,91,23623,California
Lake,2021-04-27,249,40113,24,11938,207,26669,18,1506,86,5917,163,17810,104,23727,California
Lake,2021-04-28,511,40624,51,11989,445,27114,15,1521,90,5602,419,18229,104,23831,California
Lake,2021-04-29,210,40834,82,12071,112,27226,16,1537,111,5629,99,18328,126,23957,California
Lake,2021-04-30,289,41123,45,12116,213,27439,31,1568,147,5666,141,18469,178,24135,California
Lake,2021-05-01,50,41173,27,12143,21,27460,2,1570,34,5687,15,18484,36,24171,California
Lake,2021-05-02,19,41192,10,12153,8,27468,1,1571,10,5689,9,18493,11,24182,California
Lake,2021-05-03,413,41605,30,12183,347,27815,36,1607,66,5445,346,18839,102,24284,California
Lake,2021-05-04,403,42008,217,12400,138,27953,48,1655,123,5337,279,19118,171,24455,California
Lake,2021-05-05,629,42637,44,12444,573,28526,12,1667,84,4890,542,19660,95,24550,California
Lake,2021-05-06,142,42779,19,12463,94,28620,29,1696,72,4920,70,19730,100,24650,California
Lake,2021-05-07,166,42945,29,12492,117,28737,20,1716,102,4980,62,19792,122,24772,California
Lake,2021-05-08,42,42987,8,12500,34,28771,0,1716,35,5008,7,19799,35,24807,California
Lake,2021-05-09,17,43004,2,12502,10,28781,5,1721,10,5016,7,19806,15,24822,California
Lake,2021-05-10,244,43248,10,12512,206,28987,28,1749,58,4917,185,19991,86,24908,California
Lake,2021-05-11,195,43443,25,12537,153,29140,17,1766,116,4972,79,20070,134,25042,California
Lake,2021-05-12,542,43985,33,12570,489,29629,20,1786,56,4561,486,20556,75,25117,California
Lake,2021-05-13,318,44303,69,12639,235,29864,14,1800,72,4403,244,20800,86,25203,California
Lake,2021-05-14,268,44571,83,12722,167,30031,18,1818,163,4480,103,20903,180,25383,California
Lake,2021-05-15,45,44616,19,12741,23,30054,3,1821,28,4494,17,20920,31,25414,California
Lake,2021-05-16,33,44649,19,12760,13,30067,1,1822,18,4498,15,20935,19,25433,California
Lake,2021-05-17,315,44964,44,12804,256,30323,15,1837,82,4365,230,21165,97,25530,California
Lake,2021-05-18,299,45263,65,12869,215,30538,19,1856,171,4428,127,21292,190,25720,California
Lake,2021-05-19,313,45576,57,12926,241,30779,15,1871,88,4307,224,21516,103,25823,California
Lake,2021-05-20,236,45812,60,12986,165,30944,11,1882,92,4266,144,21660,103,25926,California
Lake,2021-05-21,274,46086,51,13037,199,31143,24,1906,114,4246,158,21818,138,26064,California
Lake,2021-05-22,98,46184,54,13091,41,31184,3,1909,49,4249,49,21867,52,26116,California
Lake,2021-05-23,58,46242,28,13119,29,31213,1,1910,30,4252,28,21895,31,26147,California
Lake,2021-05-24,159,46401,36,13155,109,31322,14,1924,72,4251,87,21982,86,26233,California
Lake,2021-05-25,204,46605,57,13212,136,31458,11,1935,74,4207,129,22111,85,26318,California
Lake,2021-05-26,151,46756,44,13256,96,31554,11,1946,54,4177,95,22206,65,26383,California
Lake,2021-05-27,176,46932,48,13304,114,31668,14,1960,61,4138,114,22320,75,26458,California
Lake,2021-05-28,222,47154,21,13325,163,31831,38,1998,50,4056,169,22489,87,26545,California
Lake,2021-05-29,37,47191,10,13335,21,31852,6,2004,14,4053,23,22512,20,26565,California
Lake,2021-05-30,22,47213,6,13341,14,31866,2,2006,12,4057,10,22522,14,26579,California
Lake,2021-05-31,63,47276,21,13362,40,31906,2,2008,53,4102,10,22532,55,26634,California
Lake,2021-06-01,198,47474,39,13401,150,32056,9,2017,69,4052,128,22660,78,26712,California
Lake,2021-06-02,132,47606,46,13447,74,32130,12,2029,53,4038,79,22739,65,26777,California
Lake,2021-06-03,181,47787,53,13500,109,32239,19,2048,79,4034,102,22841,98,26875,California
Lake,2021-06-04,185,47972,54,13554,115,32354,16,2064,47,3961,136,22977,63,26938,California
Lake,2021-06-05,91,48063,56,13610,27,32381,8,2072,55,3988,36,23013,63,27001,California
Lake,2021-06-06,68,48131,38,13648,30,32411,0,2072,24,3968,44,23057,24,27025,California
Lake,2021-06-07,89,48220,29,13677,52,32463,8,2080,31,3950,57,23114,39,27064,California
Lake,2021-06-08,179,48399,68,13745,99,32562,12,2092,67,3917,112,23226,79,27143,California
Lake,2021-06-09,171,48570,42,13787,125,32687,4,2096,36,3824,133,23359,40,27183,California
Lake,2021-06-10,129,48699,64,13851,52,32739,13,2109,51,3810,78,23437,64,27247,California
Lake,2021-06-11,209,48908,67,13918,119,32858,23,2132,48,3722,159,23596,71,27318,California
Lake,2021-06-12,67,48975,39,13957,22,32880,6,2138,34,3729,33,23629,40,27358,California
Lake,2021-06-13,29,49004,16,13973,13,32893,0,2138,14,3728,15,23644,14,27372,California
Lake,2021-06-14,179,49183,87,14060,79,32972,13,2151,50,3663,128,23772,63,27435,California
Lake,2021-06-15,244,49427,64,14124,162,33134,18,2169,78,3593,166,23938,96,27531,California
Lake,2021-06-16,163,49590,57,14181,91,33225,15,2184,55,3556,107,24045,70,27601,California
Lake,2021-06-17,179,49769,86,14267,83,33308,10,2194,80,3548,98,24143,90,27691,California
Lake,2021-06-18,140,49909,38,14305,93,33401,9,2203,57,3531,83,24226,66,27757,California
Lake,2021-06-19,67,49976,25,14330,42,33443,0,2203,34,3532,33,24259,34,27791,California
Lake,2021-06-20,21,49997,7,14337,12,33455,2,2205,10,3533,11,24270,12,27803,California
Lake,2021-06-21,67,50064,17,14354,43,33498,7,2212,29,3531,38,24308,36,27839,California
Lake,2021-06-22,135,50199,51,14405,74,33572,10,2222,62,3531,72,24380,72,27911,California
Lake,2021-06-23,148,50347,68,14473,56,33628,24,2246,80,3567,68,24448,104,28015,California
Lake,2021-06-24,140,50487,93,14566,34,33662,13,2259,48,3538,90,24538,61,28076,California
Lake,2021-06-25,129,50616,57,14623,63,33725,9,2268,66,3551,62,24600,75,28151,California
Lake,2021-06-26,48,50664,37,14660,11,33736,0,2268,6,3515,42,24642,6,28157,California
Lake,2021-06-27,42,50706,30,14690,12,33748,0,2268,23,3519,19,24661,23,28180,California
Lake,2021-06-28,65,50771,22,14712,22,33770,21,2289,28,3532,36,24697,49,28229,California
Lake,2021-06-29,118,50889,47,14759,67,33837,4,2293,63,3544,55,24752,67,28296,California
Lake,2021-06-30,111,51000,61,14820,46,33883,4,2297,59,3555,52,24804,63,28359,California
Lake,2021-07-01,112,51112,53,14873,57,33940,2,2299,39,3526,70,24874,41,28400,California
Lake,2021-07-02,62,51174,4,14877,49,33989,9,2308,27,3528,34,24908,36,28436,California
Lassen,2020-12-16,8,8,8,8,0,0,0,0,8,8,0,0,8,8,California
Lassen,2020-12-17,6,14,6,14,0,0,0,0,6,14,0,0,6,14,California
Lassen,2020-12-18,1,15,1,15,0,0,0,0,1,15,0,0,1,15,California
Lassen,2020-12-19,5,20,5,20,0,0,0,0,5,20,0,0,5,20,California
Lassen,2020-12-20,2,22,2,22,0,0,0,0,2,22,0,0,2,22,California
Lassen,2020-12-21,11,33,11,33,0,0,0,0,11,33,0,0,11,33,California
Lassen,2020-12-22,23,56,23,56,0,0,0,0,23,56,0,0,23,56,California
Lassen,2020-12-23,6,62,6,62,0,0,0,0,6,62,0,0,6,62,California
Lassen,2020-12-24,10,72,10,72,0,0,0,0,10,72,0,0,10,72,California
Lassen,2020-12-28,3,75,2,74,1,1,0,0,3,75,0,0,3,75,California
Lassen,2020-12-29,35,110,35,109,0,1,0,0,35,110,0,0,35,110,California
Lassen,2020-12-30,36,146,35,144,1,2,0,0,36,146,0,0,36,146,California
Lassen,2020-12-31,49,195,42,186,7,9,0,0,49,195,0,0,49,195,California
Lassen,2021-01-02,1,196,0,186,1,10,0,0,1,196,0,0,1,196,California
Lassen,2021-01-04,15,211,2,188,13,23,0,0,15,211,0,0,15,211,California
Lassen,2021-01-05,193,404,52,240,141,164,0,0,193,404,0,0,193,404,California
Lassen,2021-01-06,97,501,45,285,52,216,0,0,89,486,8,8,90,494,California
Lassen,2021-01-07,43,544,7,292,36,252,0,0,37,517,6,14,37,531,California
Lassen,2021-01-08,50,594,2,294,48,300,0,0,50,567,0,14,50,581,California
Lassen,2021-01-09,12,606,6,300,6,306,0,0,12,579,0,14,12,593,California
Lassen,2021-01-11,27,633,5,305,22,328,0,0,27,606,0,14,27,620,California
Lassen,2021-01-12,49,682,29,334,20,348,0,0,30,617,19,33,30,650,California
Lassen,2021-01-13,160,842,18,352,142,490,0,0,146,749,14,47,146,796,California
Lassen,2021-01-14,161,1003,18,370,143,633,0,0,149,886,12,59,149,945,California
Lassen,2021-01-15,32,1035,6,376,26,659,0,0,32,918,0,59,32,977,California
Lassen,2021-01-16,34,1069,33,409,1,660,0,0,34,952,0,59,34,1011,California
Lassen,2021-01-17,1,1070,0,409,1,661,0,0,1,953,0,59,1,1012,California
Lassen,2021-01-18,5,1075,2,411,3,664,0,0,4,956,1,60,4,1016,California
Lassen,2021-01-19,186,1261,36,447,150,814,0,0,158,1086,28,88,158,1174,California
Lassen,2021-01-20,187,1448,100,547,87,901,0,0,104,1122,68,156,104,1278,California
Lassen,2021-01-21,145,1593,93,640,52,953,0,0,121,1225,18,174,121,1399,California
Lassen,2021-01-22,31,1624,18,658,13,966,0,0,21,1236,10,184,21,1420,California
Lassen,2021-01-23,2,1626,0,658,2,968,0,0,2,1238,0,184,2,1422,California
Lassen,2021-01-24,1,1627,0,658,1,969,0,0,1,1239,0,184,1,1423,California
Lassen,2021-01-25,12,1639,1,659,11,980,0,0,11,1249,1,185,11,1434,California
Lassen,2021-01-26,126,1765,12,671,114,1094,0,0,122,1367,4,189,122,1556,California
Lassen,2021-01-27,89,1854,37,708,52,1146,0,0,71,1420,18,207,71,1627,California
Lassen,2021-01-28,85,1939,15,723,70,1216,0,0,84,1503,1,208,84,1711,California
Lassen,2021-01-29,23,1962,7,730,16,1232,0,0,22,1524,1,209,22,1733,California
Lassen,2021-02-01,62,2024,5,735,57,1289,0,0,37,1536,25,234,37,1770,California
Lassen,2021-02-02,177,2201,12,747,165,1454,0,0,44,1447,133,367,44,1814,California
Lassen,2021-02-03,98,2299,21,768,77,1531,0,0,50,1449,48,415,50,1864,California
Lassen,2021-02-04,113,2412,16,784,97,1628,0,0,64,1464,49,464,64,1928,California
Lassen,2021-02-05,66,2478,12,796,54,1682,0,0,24,1446,42,506,24,1952,California
Lassen,2021-02-06,69,2547,34,830,35,1717,0,0,36,1450,32,538,36,1988,California
Lassen,2021-02-07,3,2550,3,833,0,1717,0,0,3,1453,0,538,3,1991,California
Lassen,2021-02-08,44,2594,4,837,40,1757,0,0,18,1445,26,564,18,2009,California
Lassen,2021-02-09,128,2722,7,844,121,1878,0,0,49,1415,79,643,49,2058,California
Lassen,2021-02-10,182,2904,21,865,161,2039,0,0,75,1383,107,750,75,2133,California
Lassen,2021-02-11,182,3086,17,882,165,2204,0,0,79,1360,102,852,79,2212,California
Lassen,2021-02-12,43,3129,11,893,32,2236,0,0,16,1349,27,879,16,2228,California
Lassen,2021-02-13,11,3140,3,896,8,2244,0,0,9,1356,2,881,9,2237,California
Lassen,2021-02-14,13,3153,0,896,13,2257,0,0,12,1367,1,882,12,2249,California
Lassen,2021-02-15,22,3175,3,899,19,2276,0,0,17,1380,4,886,17,2266,California
Lassen,2021-02-16,192,3367,4,903,188,2464,0,0,31,1252,159,1045,31,2297,California
Lassen,2021-02-17,182,3549,94,997,88,2552,0,0,10,1090,172,1217,10,2307,California
Lassen,2021-02-18,81,3630,22,1019,59,2611,0,0,21,1051,60,1277,21,2328,California
Lassen,2021-02-19,83,3713,62,1081,21,2632,0,0,19,1006,64,1341,19,2347,California
Lassen,2021-02-20,8,3721,0,1081,8,2640,0,0,6,1010,2,1343,6,2353,California
Lassen,2021-02-21,22,3743,2,1083,20,2660,0,0,18,1024,4,1347,18,2371,California
Lassen,2021-02-22,28,3771,13,1096,15,2675,0,0,9,1014,19,1366,9,2380,California
Lassen,2021-02-23,154,3925,10,1106,144,2819,0,0,43,946,111,1477,43,2423,California
Lassen,2021-02-24,166,4091,16,1122,150,2969,0,0,107,995,58,1535,107,2530,California
Lassen,2021-02-25,160,4251,23,1145,137,3106,0,0,99,1033,61,1596,99,2629,California
Lassen,2021-02-26,75,4326,17,1162,58,3164,0,0,37,1032,38,1634,37,2666,California
Lassen,2021-02-27,8,4334,7,1169,1,3165,0,0,3,1030,5,1639,3,2669,California
Lassen,2021-02-28,7,4341,2,1171,5,3170,0,0,3,1029,4,1643,3,2672,California
Lassen,2021-03-01,42,4383,4,1175,38,3208,0,0,8,1004,33,1676,8,2680,California
Lassen,2021-03-02,108,4491,8,1183,100,3308,0,0,81,1059,26,1702,81,2761,California
Lassen,2021-03-03,169,4660,11,1194,158,3466,0,0,113,1116,56,1758,113,2874,California
Lassen,2021-03-04,149,4809,17,1211,132,3598,0,0,97,1162,51,1809,97,2971,California
Lassen,2021-03-05,49,4858,7,1218,18,3616,24,24,11,1159,38,1847,35,3006,California
Lassen,2021-03-06,55,4913,4,1222,29,3645,22,46,5,1136,50,1897,27,3033,California
Lassen,2021-03-07,58,4971,3,1225,0,3645,55,101,3,1139,55,1952,58,3091,California
Lassen,2021-03-08,88,5059,2,1227,7,3652,79,180,3,1136,85,2037,82,3173,California
Lassen,2021-03-09,137,5196,11,1238,109,3761,17,197,89,1194,48,2085,106,3279,California
Lassen,2021-03-10,173,5369,10,1248,161,3922,2,199,79,1182,93,2178,81,3360,California
Lassen,2021-03-11,185,5554,16,1264,162,4084,7,206,113,1233,69,2247,120,3480,California
Lassen,2021-03-12,34,5588,17,1281,13,4097,4,210,12,1227,22,2269,16,3496,California
Lassen,2021-03-13,48,5636,0,1281,2,4099,46,256,1,1226,47,2316,46,3542,California
Lassen,2021-03-14,14,5650,2,1283,11,4110,1,257,2,1217,12,2328,3,3545,California
Lassen,2021-03-15,36,5686,5,1288,31,4141,0,257,16,1213,20,2348,16,3561,California
Lassen,2021-03-16,92,5778,2,1290,85,4226,5,262,73,1272,19,2367,78,3639,California
Lassen,2021-03-17,1083,6861,9,1299,1069,5295,5,267,1063,2320,20,2387,1068,4707,California
Lassen,2021-03-18,94,6955,9,1308,84,5379,1,268,81,2389,13,2400,82,4789,California
Lassen,2021-03-19,19,6974,11,1319,4,5383,4,272,7,2388,12,2412,11,4800,California
Lassen,2021-03-20,29,7003,3,1322,23,5406,3,275,22,2406,7,2419,25,4825,California
Lassen,2021-03-21,34,7037,1,1323,33,5439,0,275,14,2401,19,2438,14,4839,California
Lassen,2021-03-22,59,7096,1,1324,58,5497,0,275,56,2454,3,2441,56,4895,California
Lassen,2021-03-23,120,7216,11,1335,108,5605,1,276,67,2469,53,2494,68,4963,California
Lassen,2021-03-24,212,7428,13,1348,198,5803,1,277,105,2470,105,2599,106,5069,California
Lassen,2021-03-25,155,7583,23,1371,132,5935,0,277,72,2459,83,2682,72,5141,California
Lassen,2021-03-26,77,7660,13,1384,26,5961,38,315,19,2458,57,2739,56,5197,California
Lassen,2021-03-27,21,7681,4,1388,1,5962,16,331,3,2459,18,2757,19,5216,California
Lassen,2021-03-28,19,7700,4,1392,4,5966,11,342,2,2455,17,2774,13,5229,California
Lassen,2021-03-29,53,7753,0,1392,28,5994,25,367,20,2468,32,2806,45,5274,California
Lassen,2021-03-30,200,7953,10,1402,164,6158,26,393,52,2398,148,2954,78,5352,California
Lassen,2021-03-31,147,8100,12,1414,113,6271,22,415,62,2398,84,3038,84,5436,California
Lassen,2021-04-01,166,8266,15,1429,130,6401,21,436,47,2348,118,3156,68,5504,California
Lassen,2021-04-02,30,8296,4,1433,3,6404,23,459,2,2345,28,3184,25,5529,California
Lassen,2021-04-03,12,8308,0,1433,2,6406,10,469,0,2343,12,3196,10,5539,California
Lassen,2021-04-04,7,8315,2,1435,0,6406,5,474,1,2343,6,3202,6,5545,California
Lassen,2021-04-05,22,8337,4,1439,11,6417,7,481,11,2350,11,3213,18,5563,California
Lassen,2021-04-06,182,8519,8,1447,144,6561,30,511,52,2302,130,3343,82,5645,California
Lassen,2021-04-07,135,8654,6,1453,92,6653,37,548,32,2270,103,3446,71,5716,California
Lassen,2021-04-08,169,8823,9,1462,104,6757,56,604,32,2225,133,3579,88,5804,California
Lassen,2021-04-09,53,8876,6,1468,10,6767,37,641,8,2225,44,3623,44,5848,California
Lassen,2021-04-10,10,8886,0,1468,2,6769,8,649,0,2224,9,3632,8,5856,California
Lassen,2021-04-11,6,8892,2,1470,1,6770,3,652,3,2227,3,3635,6,5862,California
Lassen,2021-04-12,32,8924,4,1474,15,6785,13,665,4,2216,28,3663,17,5879,California
Lassen,2021-04-13,129,9053,6,1480,123,6908,0,665,40,2168,88,3751,40,5919,California
Lassen,2021-04-14,989,10042,16,1496,973,7881,0,665,51,1282,937,4688,51,5970,California
Lassen,2021-04-15,147,10189,14,1510,133,8014,0,665,19,1173,128,4816,19,5989,California
Lassen,2021-04-16,14,10203,5,1515,9,8023,0,665,6,1171,8,4824,6,5995,California
Lassen,2021-04-17,24,10227,3,1518,21,8044,0,665,4,1155,20,4844,4,5999,California
Lassen,2021-04-18,5,10232,2,1520,3,8047,0,665,2,1154,3,4847,2,6001,California
Lassen,2021-04-19,35,10267,0,1520,35,8082,0,665,18,1155,17,4864,18,6019,California
Lassen,2021-04-20,137,10404,7,1527,130,8212,0,665,51,1120,86,4950,51,6070,California
Lassen,2021-04-21,167,10571,10,1537,156,8368,1,666,34,1024,131,5081,35,6105,California
Lassen,2021-04-22,102,10673,16,1553,86,8454,0,666,32,986,70,5151,32,6137,California
Lassen,2021-04-23,27,10700,1,1554,26,8480,0,666,21,1001,6,5157,21,6158,California
Lassen,2021-04-24,9,10709,5,1559,4,8484,0,666,3,998,6,5163,3,6161,California
Lassen,2021-04-25,5,10714,0,1559,4,8488,1,667,3,1000,2,5165,4,6165,California
Lassen,2021-04-26,44,10758,2,1561,38,8526,4,671,9,979,34,5199,13,6178,California
Lassen,2021-04-27,119,10877,9,1570,107,8633,3,674,66,995,53,5252,69,6247,California
Lassen,2021-04-28,82,10959,7,1577,73,8706,2,676,29,973,53,5305,31,6278,California
Lassen,2021-04-29,69,11028,7,1584,59,8765,3,679,24,956,44,5349,27,6305,California
Lassen,2021-04-30,15,11043,8,1592,4,8769,3,682,6,956,9,5358,9,6314,California
Lassen,2021-05-01,5,11048,0,1592,4,8773,1,683,4,960,1,5359,5,6319,California
Lassen,2021-05-02,10,11058,6,1598,4,8777,0,683,6,962,4,5363,6,6325,California
Lassen,2021-05-03,17,11075,2,1600,9,8786,6,689,2,955,15,5378,8,6333,California
Lassen,2021-05-04,73,11148,5,1605,60,8846,8,697,21,932,52,5430,29,6362,California
Lassen,2021-05-05,83,11231,4,1609,67,8913,12,709,26,914,56,5486,38,6400,California
Lassen,2021-05-06,80,11311,21,1630,37,8950,22,731,21,898,59,5545,43,6443,California
Lassen,2021-05-07,49,11360,33,1663,11,8961,5,736,41,936,8,5553,46,6489,California
Lassen,2021-05-08,11,11371,0,1663,5,8966,6,742,4,939,7,5560,10,6499,California
Lassen,2021-05-09,3,11374,1,1664,0,8966,2,744,0,938,3,5563,2,6501,California
Lassen,2021-05-10,12,11386,1,1665,8,8974,3,747,6,941,6,5569,9,6510,California
Lassen,2021-05-11,74,11460,1,1666,62,9036,11,758,20,918,54,5623,31,6541,California
Lassen,2021-05-12,44,11504,4,1670,34,9070,6,764,14,908,30,5653,20,6561,California
Lassen,2021-05-13,36,11540,10,1680,21,9091,5,769,10,897,26,5679,15,6576,California
Lassen,2021-05-14,21,11561,3,1683,10,9101,8,777,10,904,11,5690,18,6594,California
Lassen,2021-05-15,16,11577,2,1685,4,9105,10,787,4,906,12,5702,14,6608,California
Lassen,2021-05-16,7,11584,2,1687,3,9108,2,789,2,906,4,5706,4,6612,California
Lassen,2021-05-17,36,11620,4,1691,20,9128,12,801,10,902,26,5732,22,6634,California
Lassen,2021-05-18,92,11712,11,1702,68,9196,13,814,28,879,64,5796,41,6675,California
Lassen,2021-05-19,59,11771,3,1705,45,9241,11,825,7,845,51,5847,17,6692,California
Lassen,2021-05-20,33,11804,8,1713,16,9257,9,834,11,843,22,5869,20,6712,California
Lassen,2021-05-21,67,11871,33,1746,20,9277,14,848,35,860,32,5901,49,6761,California
Lassen,2021-05-22,17,11888,2,1748,7,9284,8,856,7,865,10,5911,15,6776,California
Lassen,2021-05-23,6,11894,3,1751,1,9285,2,858,0,861,6,5917,2,6778,California
Lassen,2021-05-24,13,11907,1,1752,10,9295,2,860,5,861,7,5924,7,6785,California
Lassen,2021-05-25,99,12006,6,1758,84,9379,9,869,33,837,66,5990,42,6827,California
Lassen,2021-05-26,59,12065,1,1759,42,9421,16,885,11,816,48,6038,27,6854,California
Lassen,2021-05-27,43,12108,17,1776,20,9441,6,891,12,804,30,6068,18,6872,California
Lassen,2021-05-28,74,12182,48,1824,18,9459,8,899,30,798,44,6112,38,6910,California
Lassen,2021-05-29,15,12197,1,1825,12,9471,2,901,8,801,7,6119,10,6920,California
Lassen,2021-05-30,2,12199,0,1825,1,9472,1,902,1,802,1,6120,2,6922,California
Lassen,2021-05-31,7,12206,0,1825,6,9478,1,903,1,798,6,6126,2,6924,California
Lassen,2021-06-01,45,12251,2,1827,36,9514,7,910,15,790,30,6156,22,6946,California
Lassen,2021-06-02,57,12308,2,1829,41,9555,14,924,15,778,41,6197,29,6975,California
Lassen,2021-06-03,20,12328,2,1831,9,9564,9,933,6,779,14,6211,15,6990,California
Lassen,2021-06-04,37,12365,1,1832,24,9588,12,945,12,778,25,6236,24,7014,California
Lassen,2021-06-05,14,12379,3,1835,7,9595,4,949,4,776,10,6246,8,7022,California
Lassen,2021-06-06,5,12384,0,1835,2,9597,3,952,1,776,4,6250,4,7026,California
Lassen,2021-06-07,18,12402,0,1835,9,9606,9,961,3,773,15,6265,12,7038,California
Lassen,2021-06-08,40,12442,9,1844,27,9633,4,965,13,763,27,6292,17,7055,California
Lassen,2021-06-09,18,12460,1,1845,15,9648,2,967,7,762,10,6302,9,7064,California
Lassen,2021-06-10,20,12480,10,1855,7,9655,3,970,10,765,10,6312,13,7077,California
Lassen,2021-06-11,43,12523,29,1884,14,9669,0,970,11,745,32,6344,12,7089,California
Lassen,2021-06-12,5,12528,1,1885,4,9673,0,970,1,742,4,6348,1,7090,California
Lassen,2021-06-13,3,12531,2,1887,1,9674,0,970,1,741,2,6350,1,7091,California
Lassen,2021-06-14,9,12540,1,1888,6,9680,2,972,3,741,5,6355,5,7096,California
Lassen,2021-06-15,48,12588,5,1893,38,9718,5,977,15,728,33,6388,20,7116,California
Lassen,2021-06-16,12,12600,1,1894,6,9724,5,982,7,735,5,6393,12,7128,California
Lassen,2021-06-17,23,12623,11,1905,8,9732,4,986,10,736,13,6406,14,7142,California
Lassen,2021-06-18,45,12668,19,1924,18,9750,8,994,9,717,36,6442,17,7159,California
Lassen,2021-06-19,13,12681,1,1925,10,9760,2,996,5,716,8,6450,7,7166,California
Lassen,2021-06-20,6,12687,2,1927,3,9763,1,997,5,721,1,6451,6,7172,California
Lassen,2021-06-21,14,12701,0,1927,12,9775,2,999,4,717,10,6461,6,7178,California
Lassen,2021-06-22,36,12737,1,1928,34,9809,1,1000,19,720,17,6478,20,7198,California
Lassen,2021-06-23,17,12754,2,1930,12,9821,3,1003,5,716,12,6490,8,7206,California
Lassen,2021-06-24,26,12780,3,1933,16,9837,7,1010,14,725,12,6502,21,7227,California
Lassen,2021-06-25,21,12801,3,1936,18,9855,0,1010,12,728,9,6511,12,7239,California
Lassen,2021-06-26,6,12807,0,1936,6,9861,0,1010,1,724,5,6516,1,7240,California
Lassen,2021-06-27,1,12808,0,1936,0,9861,1,1011,0,724,1,6517,1,7241,California
Lassen,2021-06-28,13,12821,2,1938,9,9870,2,1013,9,731,4,6521,11,7252,California
Lassen,2021-06-29,30,12851,1,1939,28,9898,1,1014,8,718,22,6543,9,7261,California
Lassen,2021-06-30,28,12879,7,1946,16,9914,5,1019,13,721,15,6558,18,7279,California
Lassen,2021-07-01,26,12905,14,1960,11,9925,1,1020,16,728,10,6568,17,7296,California
Lassen,2021-07-02,12,12917,6,1966,5,9930,1,1021,6,731,4,6572,7,7303,California
Los Angeles,2020-12-15,399,399,399,399,0,0,0,0,399,399,0,0,399,399,California
Los Angeles,2020-12-16,3602,4001,3602,4001,0,0,0,0,3602,4001,0,0,3602,4001,California
Los Angeles,2020-12-17,10433,14434,10433,14434,0,0,0,0,10434,14435,0,0,10434,14435,California
Los Angeles,2020-12-18,14801,29235,14775,29209,26,26,0,0,14801,29236,0,0,14801,29236,California
Los Angeles,2020-12-19,7318,36553,7309,36518,9,35,0,0,7320,36556,0,0,7320,36556,California
Los Angeles,2020-12-20,4675,41228,4664,41182,11,46,0,0,4677,41233,0,0,4677,41233,California
Los Angeles,2020-12-21,13789,55017,13772,54954,17,63,0,0,13790,55022,1,1,13790,55023,California
Los Angeles,2020-12-22,11617,66634,11224,66178,393,456,0,0,11616,66636,2,3,11616,66639,California
Los Angeles,2020-12-23,12028,78662,10246,76424,1782,2238,0,0,12029,78665,0,3,12029,78668,California
Los Angeles,2020-12-24,7073,85735,4280,80704,2793,5031,0,0,7076,85741,0,3,7076,85744,California
Los Angeles,2020-12-25,528,86263,421,81125,107,5138,0,0,529,86270,0,3,529,86273,California
Los Angeles,2020-12-26,2553,88816,2198,83323,355,5493,0,0,2552,88820,2,5,2552,88825,California
Los Angeles,2020-12-27,1789,90605,1049,84372,740,6233,0,0,1789,90609,0,5,1789,90614,California
Los Angeles,2020-12-28,10409,101014,6445,90817,3964,10197,0,0,10406,101014,1,6,10406,101020,California
Los Angeles,2020-12-29,11704,112718,6138,96955,5566,15763,0,0,11704,112717,1,7,11704,112724,California
Los Angeles,2020-12-30,14981,127699,8141,105096,6840,22603,0,0,14980,127697,0,7,14980,127704,California
Los Angeles,2020-12-31,8023,135722,2783,107879,5240,27843,0,0,8017,135709,5,12,8017,135721,California
Los Angeles,2021-01-01,1098,136820,324,108203,774,28617,0,0,1096,136803,2,14,1096,136817,California
Los Angeles,2021-01-02,4511,141331,1687,109890,2824,31441,0,0,4510,141313,0,14,4510,141327,California
Los Angeles,2021-01-03,972,142303,231,110121,741,32182,0,0,970,142281,2,16,970,142297,California
Los Angeles,2021-01-04,12831,155134,4919,115040,7912,40094,0,0,12815,155094,2,18,12815,155112,California
Los Angeles,2021-01-05,16158,171292,7140,122180,9018,49112,0,0,14206,167387,1923,1941,14216,169328,California
Los Angeles,2021-01-06,22831,194123,12141,134321,10690,59802,0,0,17129,178892,5634,7575,17139,186467,California
Los Angeles,2021-01-07,29856,223979,16144,150465,13712,73514,0,0,18953,187005,10856,18431,18969,205436,California
Los Angeles,2021-01-08,33591,257570,18275,168740,15316,88830,0,0,21073,195600,12490,30921,21085,226521,California
Los Angeles,2021-01-09,12576,270146,7221,175961,5355,94185,0,0,7619,198273,4954,35875,7627,234148,California
Los Angeles,2021-01-10,4789,274935,3717,179678,1072,95257,0,0,2005,197495,2784,38659,2006,236154,California
Los Angeles,2021-01-11,26066,301001,16405,196083,9661,104918,0,0,15062,201578,10990,49649,15073,251227,California
Los Angeles,2021-01-12,29527,330528,16266,212349,13261,118179,0,0,19302,210684,10209,59858,19315,270542,California
Los Angeles,2021-01-13,29675,360203,15904,228253,13771,131950,0,0,20642,222317,9016,68874,20649,291191,California
Los Angeles,2021-01-14,29474,389677,12751,241004,16723,148673,0,0,23894,240663,5561,74435,23907,315098,California
Los Angeles,2021-01-15,34140,423817,12438,253442,21702,170375,0,0,30521,267603,3591,78026,30531,345629,California
Los Angeles,2021-01-16,17759,441576,5014,258456,12745,183120,0,0,15958,281776,1792,79818,15965,361594,California
Los Angeles,2021-01-17,5279,446855,2359,260815,2920,186040,0,0,5017,286534,261,80079,5019,366613,California
Los Angeles,2021-01-18,15776,462631,10160,270975,5616,191656,0,0,11024,292823,4739,84818,11028,377641,California
Los Angeles,2021-01-19,38858,501489,20678,291653,18180,209836,0,0,30983,315987,7834,92652,30998,408639,California
Los Angeles,2021-01-20,47246,548735,24752,316405,22494,232330,0,0,39572,347932,7640,100292,39585,448224,California
Los Angeles,2021-01-21,49381,598116,22690,339095,26691,259021,0,0,45015,388673,4292,104584,45033,493257,California
Los Angeles,2021-01-22,48601,646717,22490,361585,26111,285132,0,0,45072,430281,3480,108064,45088,538345,California
Los Angeles,2021-01-23,34311,681028,15813,377398,18498,303630,0,0,32198,460414,2079,110143,32212,570557,California
Los Angeles,2021-01-24,15764,696792,12191,389589,3573,307203,0,0,15202,475067,552,110695,15205,585762,California
Los Angeles,2021-01-25,39766,736558,16770,406359,22996,330199,0,0,31028,497414,8697,119392,31044,616806,California
Los Angeles,2021-01-26,49924,786482,24746,431105,25178,355377,0,0,41538,530629,8344,127736,41559,658365,California
Los Angeles,2021-01-27,51176,837658,25923,457028,25253,380630,0,0,41638,562903,9391,137127,41665,700030,California
Los Angeles,2021-01-28,49271,886929,23526,480554,25745,406375,0,0,40668,595115,8472,145599,40684,740714,California
Los Angeles,2021-01-29,50108,937037,25767,506321,24341,430716,0,0,39756,624902,9986,155585,39773,780487,California
Los Angeles,2021-01-30,30441,967478,15596,521917,14845,445561,0,0,26040,646632,4316,159901,26046,806533,California
Los Angeles,2021-01-31,12876,980354,10084,532001,2792,448353,0,0,11955,657686,905,160806,11959,818492,California
Los Angeles,2021-02-01,38862,1019216,16405,548406,22457,470810,0,0,28044,674974,10768,171574,28056,846548,California
Los Angeles,2021-02-02,45090,1064306,18073,566479,27017,497827,0,0,32561,695062,12479,184053,32567,879115,California
Los Angeles,2021-02-03,52732,1117038,19662,586141,33070,530897,0,0,37603,717803,14874,198927,37615,916730,California
Los Angeles,2021-02-04,57751,1174789,20861,607002,36890,567787,0,0,39429,739274,17973,216900,39444,956174,California
Los Angeles,2021-02-05,62057,1236846,21271,628273,40786,608573,0,0,39753,757197,21845,238745,39768,995942,California
Los Angeles,2021-02-06,35842,1272688,13471,641744,22371,630944,0,0,27238,775936,8522,247267,27261,1023203,California
Los Angeles,2021-02-07,11024,1283712,8520,650264,2504,633448,0,0,8588,782117,2415,249682,8596,1031799,California
Los Angeles,2021-02-08,47374,1331086,21851,672115,25523,658971,0,0,30909,796714,16318,266000,30915,1062714,California
Los Angeles,2021-02-09,56326,1387412,24780,696895,31546,690517,0,0,28514,797544,27696,293696,28526,1091240,California
Los Angeles,2021-02-10,67680,1455092,29595,726490,38085,728602,0,0,30590,791469,36683,330379,30608,1121848,California
Los Angeles,2021-02-11,58918,1514010,31422,757912,27496,756098,0,0,28221,789504,30196,360575,28231,1150079,California
Los Angeles,2021-02-12,60604,1574614,30144,788056,30460,786558,0,0,26353,782028,33852,394427,26376,1176455,California
Los Angeles,2021-02-13,34233,1608847,20001,808057,14232,800790,0,0,15532,779021,18594,413021,15587,1192042,California
Los Angeles,2021-02-14,22047,1630894,15056,823113,6991,807781,0,0,8833,774718,13145,426166,8842,1200884,California
Los Angeles,2021-02-15,33282,1664176,16149,839262,17133,824914,0,0,18197,777930,15002,441168,18214,1219098,California
Los Angeles,2021-02-16,64838,1729014,32958,872220,31880,856794,0,0,29952,773135,34764,475932,29969,1249067,California
Los Angeles,2021-02-17,65669,1794683,35042,907262,30627,887421,0,0,26611,760921,38840,514772,26626,1275693,California
Los Angeles,2021-02-18,69359,1864042,35265,942527,34094,921515,0,0,28796,749392,40346,555118,28817,1304510,California
Los Angeles,2021-02-19,59599,1923641,36729,979256,22870,944385,0,0,29028,748026,30414,585532,29048,1333558,California
Los Angeles,2021-02-20,33650,1957291,24506,1003762,9144,953529,0,0,16143,746766,17428,602960,16168,1349726,California
Los Angeles,2021-02-21,22728,1980019,20995,1024757,1733,955262,0,0,11393,746905,11260,614220,11399,1361125,California
Los Angeles,2021-02-22,36132,2016151,26364,1051121,9768,965030,0,0,18401,747718,17611,631831,18424,1379549,California
Los Angeles,2021-02-23,57070,2073221,24500,1075621,32570,997600,0,0,22134,735161,34720,666551,22163,1401712,California
Los Angeles,2021-02-24,66413,2139634,29573,1105194,36840,1034440,0,0,28524,726076,37646,704197,28561,1430273,California
Los Angeles,2021-02-25,74660,2214294,34151,1139345,40509,1074949,0,0,38437,728532,36017,740214,38473,1468746,California
Los Angeles,2021-02-26,84270,2298564,39006,1178351,45264,1120213,0,0,47245,739068,36757,776971,47293,1516039,California
Los Angeles,2021-02-27,60711,2359275,26760,1205111,33942,1154155,9,9,30966,740515,29565,806536,31012,1547051,California
Los Angeles,2021-02-28,27084,2386359,18663,1223774,8418,1162573,3,12,18978,751527,7986,814522,18998,1566049,California
Los Angeles,2021-03-01,57715,2444074,32724,1256498,24946,1187519,45,57,34607,763339,22875,837397,34687,1600736,California
Los Angeles,2021-03-02,78463,2522537,38060,1294558,40395,1227914,8,65,49463,784027,28819,866216,49507,1650243,California
Los Angeles,2021-03-03,86398,2608935,44306,1338864,42073,1269987,19,84,54711,807322,31471,897687,54766,1705009,California
Los Angeles,2021-03-04,92190,2701125,47213,1386077,44960,1314947,17,101,58289,831984,33683,931370,58345,1763354,California
Los Angeles,2021-03-05,90865,2791990,44827,1430904,46004,1360951,34,135,60699,862854,29933,961303,60803,1824157,California
Los Angeles,2021-03-06,67657,2859647,34511,1465415,31310,1392261,1836,1971,43571,884344,23926,985229,45416,1869573,California
Los Angeles,2021-03-07,27426,2887073,20880,1486295,5705,1397966,841,2812,21207,900215,6182,991411,22053,1891626,California
Los Angeles,2021-03-08,54637,2941710,29557,1515852,23110,1421076,1970,4782,41286,930256,13223,1004634,43264,1934890,California
Los Angeles,2021-03-09,82170,3023880,39174,1555026,39702,1460778,3294,8076,52244,956038,29754,1034388,55536,1990426,California
Los Angeles,2021-03-10,83700,3107580,41215,1596241,37586,1498364,4899,12975,52927,983256,30567,1064955,57785,2048211,California
Los Angeles,2021-03-11,93818,3201398,46130,1642371,40942,1539306,6746,19721,54903,1006163,38694,1103649,61601,2109812,California
Los Angeles,2021-03-12,99854,3301252,45264,1687635,40655,1579961,13935,33656,58226,1036859,41382,1145031,72078,2181890,California
Los Angeles,2021-03-13,76039,3377291,35908,1723543,28130,1608091,12001,45657,45273,1063427,30636,1175667,57204,2239094,California
Los Angeles,2021-03-14,39249,3416540,26374,1749917,10316,1618407,2559,48216,23927,1074658,15236,1190903,26467,2265561,California
Los Angeles,2021-03-15,75703,3492243,37200,1787117,33035,1651442,5468,53684,45647,1095909,29827,1220730,51078,2316639,California
Los Angeles,2021-03-16,100576,3592819,44259,1831376,50434,1701876,5883,59567,64903,1131207,35430,1256160,70728,2387367,California
Los Angeles,2021-03-17,98213,3691032,44928,1876304,44958,1746834,8327,67894,65770,1172926,32211,1288371,73930,2461297,California
Los Angeles,2021-03-18,103717,3794749,49809,1926113,48321,1795155,5587,73481,65547,1206197,37839,1326210,71110,2532407,California
Los Angeles,2021-03-19,110062,3904811,57601,1983714,47661,1842816,4800,78281,67722,1236625,42035,1368245,72463,2604870,California
Los Angeles,2021-03-20,77033,3981844,37932,2021646,34492,1877308,4609,82890,52284,1268958,24540,1392785,56873,2661743,California
Los Angeles,2021-03-21,34969,4016813,26036,2047682,8026,1885334,907,83797,22361,1279752,12472,1405257,23266,2685009,California
Los Angeles,2021-03-22,71470,4088283,42134,2089816,27160,1912494,2176,85973,50037,1310826,21134,1426391,52208,2737217,California
Los Angeles,2021-03-23,97170,4185453,52791,2142607,41130,1953624,3249,89222,58535,1334255,38341,1464732,61770,2798987,California
Los Angeles,2021-03-24,105588,4291041,56168,2198775,46247,1999871,3173,92395,60478,1353134,44753,1509485,63632,2862619,California
Los Angeles,2021-03-25,111490,4402531,59911,2258686,47671,2047542,3908,96303,62283,1370430,48871,1558356,66167,2928786,California
Los Angeles,2021-03-26,115874,4518405,63539,2322225,48089,2095631,4246,100549,63740,1386567,51812,1610168,67949,2996735,California
Los Angeles,2021-03-27,83824,4602229,44139,2366364,37544,2133175,2141,102690,42648,1390474,40881,1651049,44788,3041523,California
Los Angeles,2021-03-28,42325,4644554,28714,2395078,13025,2146200,586,103276,20075,1389027,22109,1673158,20662,3062185,California
Los Angeles,2021-03-29,83551,4728105,47076,2442154,34691,2180891,1784,105060,46160,1399823,37142,1710300,47938,3110123,California
Los Angeles,2021-03-30,109663,4837768,52509,2494663,51211,2232102,5943,111003,56971,1410278,52417,1762717,62872,3172995,California
Los Angeles,2021-03-31,123254,4961022,62359,2557022,52049,2284151,8846,119849,68379,1432912,54524,1817241,77158,3250153,California
Los Angeles,2021-04-01,134241,5095263,62997,2620019,55767,2339918,15477,135326,71612,1457662,62223,1879464,86973,3337126,California
Los Angeles,2021-04-02,133219,5228482,59647,2679666,57979,2397897,15593,150919,70468,1481290,62370,1941834,85998,3423124,California
Los Angeles,2021-04-03,98972,5327454,45365,2725031,39923,2437820,13684,164603,48705,1493531,50054,1991888,62295,3485419,California
Los Angeles,2021-04-04,39328,5366782,20609,2745640,12074,2449894,6645,171248,16381,1493668,22845,2014733,22982,3508401,California
Los Angeles,2021-04-05,94484,5461266,44785,2790425,39361,2489255,10338,181586,44457,1498587,49791,2064524,54710,3563111,California
Los Angeles,2021-04-06,121902,5583168,57534,2847959,43984,2533239,20384,201970,55752,1508707,65868,2130392,75988,3639099,California
Los Angeles,2021-04-07,121381,5704549,55296,2903255,44807,2578046,21278,223248,54556,1517856,66531,2196923,75680,3714779,California
Los Angeles,2021-04-08,133948,5838497,59031,2962286,50650,2628696,24267,247515,60090,1528526,73498,2270421,84168,3798947,California
Los Angeles,2021-04-09,132848,5971345,57690,3019976,51005,2679701,24153,271668,56694,1533379,75800,2346221,80653,3879600,California
Los Angeles,2021-04-10,102203,6073548,43200,3063176,34763,2714464,24240,295908,37412,1530350,64529,2410750,61500,3941100,California
Los Angeles,2021-04-11,41998,6115546,22704,3085880,9889,2724353,9405,305313,14456,1526696,27445,2438195,23791,3964891,California
Los Angeles,2021-04-12,79839,6195385,39012,3124892,34333,2758686,6494,311807,32595,1518713,47003,2485198,39020,4003911,California
Los Angeles,2021-04-13,118628,6314013,59830,3184722,58363,2817049,435,312242,62683,1526183,55657,2540855,63127,4067038,California
Los Angeles,2021-04-14,120443,6434456,60301,3245023,60007,2877056,135,312377,65201,1536593,54926,2595781,65336,4132374,California
Los Angeles,2021-04-15,131782,6566238,71285,3316308,60299,2937355,198,312575,75303,1555825,56140,2651921,75372,4207746,California
Los Angeles,2021-04-16,131979,6698217,69720,3386028,62113,2999468,146,312721,69446,1563201,62153,2714074,69529,4277275,California
Los Angeles,2021-04-17,99784,6798001,52239,3438267,47514,3046982,31,312752,56862,1577430,42659,2756733,56888,4334163,California
Los Angeles,2021-04-18,35808,6833809,24178,3462445,11629,3058611,1,312753,19582,1580892,16129,2772862,19591,4353754,California
Los Angeles,2021-04-19,77458,6911267,40614,3503059,36827,3095438,17,312770,34751,1573197,42475,2815337,34780,4388534,California
Los Angeles,2021-04-20,105942,7017209,52543,3555602,53369,3148807,30,312800,52375,1572334,53276,2868613,52413,4440947,California
Los Angeles,2021-04-21,114955,7132164,56362,3611964,58402,3207209,191,312991,51015,1560012,63535,2932148,51213,4492160,California
Los Angeles,2021-04-22,118845,7251009,61810,3673774,57002,3264211,33,313024,52386,1546360,66084,2998232,52432,4544592,California
Los Angeles,2021-04-23,118349,7369358,65069,3738843,53258,3317469,22,313046,56445,1541282,61554,3059786,56476,4601068,California
Los Angeles,2021-04-24,90473,7459831,57490,3796333,32941,3350410,42,313088,50476,1552074,39739,3099525,50531,4651599,California
Los Angeles,2021-04-25,38016,7497847,25183,3821516,12827,3363237,6,313094,20453,1555103,17430,3116955,20459,4672058,California
Los Angeles,2021-04-26,79135,7576982,41279,3862795,37345,3400582,511,313605,39020,1554766,39867,3156822,39530,4711588,California
Los Angeles,2021-04-27,95483,7672465,46002,3908797,47478,3448060,2003,315608,37033,1535651,58139,3214961,39024,4750612,California
Los Angeles,2021-04-28,87992,7760457,42684,3951481,43204,3491264,2104,317712,34829,1519792,52786,3267747,36927,4787539,California
Los Angeles,2021-04-29,94600,7855057,47347,3998828,45039,3536303,2214,319926,34274,1496378,59897,3327644,36483,4824022,California
Los Angeles,2021-04-30,102542,7957599,50835,4049663,49247,3585550,2460,322386,37730,1472224,64328,3391972,40174,4864196,California
Los Angeles,2021-05-01,75852,8033451,42416,4092079,31879,3617429,1557,323943,28578,1455431,46922,3438894,30129,4894325,California
Los Angeles,2021-05-02,28088,8061539,18041,4110120,9307,3626736,740,324683,10176,1448559,17786,3456680,10914,4905239,California
Los Angeles,2021-05-03,62595,8124134,30408,4140528,29951,3656687,2236,326919,22760,1433988,39549,3496229,24978,4930217,California
Los Angeles,2021-05-04,88655,8212789,49430,4189958,36928,3693615,2297,329216,27683,1403308,60645,3556874,29965,4960182,California
Los Angeles,2021-05-05,91606,8304395,53646,4243604,35558,3729173,2402,331618,25425,1365322,65802,3622676,27816,4987998,California
Los Angeles,2021-05-06,98640,8403035,59667,4303271,36454,3765627,2519,334137,23608,1316804,74629,3697305,26111,5014109,California
Los Angeles,2021-05-07,98472,8501507,58312,4361583,37779,3803406,2381,336518,27166,1275411,70918,3768223,29525,5043634,California
Los Angeles,2021-05-08,66959,8568466,43952,4405535,21230,3824636,1777,338295,18610,1247788,48001,3816224,20378,5064012,California
Los Angeles,2021-05-09,24481,8592947,18810,4424345,4931,3829567,740,339035,6165,1236475,18211,3834435,6898,5070910,California
Los Angeles,2021-05-10,50788,8643735,26938,4451283,21942,3851509,1908,340943,15556,1218953,34980,3869415,17458,5088368,California
Los Angeles,2021-05-11,71535,8715270,39023,4490306,30359,3881868,2153,343096,18757,1187346,52498,3921913,20891,5109259,California
Los Angeles,2021-05-12,72653,8787923,39810,4530116,30523,3912391,2320,345416,20448,1158207,51879,3973792,22740,5131999,California
Los Angeles,2021-05-13,78452,8866375,47304,4577420,29413,3941804,1735,347151,27983,1137852,50061,4023853,29706,5161705,California
Los Angeles,2021-05-14,89848,8956223,57213,4634633,30754,3972558,1881,349032,33930,1118105,55548,4079401,35801,5197506,California
Los Angeles,2021-05-15,76584,9032807,53603,4688236,21427,3993985,1554,350586,29804,1102978,46472,4125873,31345,5228851,California
Los Angeles,2021-05-16,31025,9063832,24594,4712830,5815,3999800,616,351202,12326,1097321,18594,4144467,12937,5241788,California
Los Angeles,2021-05-17,62071,9125903,40221,4753051,20070,4019870,1780,352982,24935,1087131,36882,4181349,26692,5268480,California
Los Angeles,2021-05-18,65337,9191240,38692,4791743,24809,4044679,1836,354818,25720,1075318,39336,4220685,27523,5296003,California
Los Angeles,2021-05-19,67614,9258854,40758,4832501,25010,4069689,1846,356664,28794,1067402,38539,4259224,30623,5326626,California
Los Angeles,2021-05-20,66642,9325496,37323,4869824,27238,4096927,2081,358745,25204,1053635,41042,4300266,27275,5353901,California
Los Angeles,2021-05-21,70142,9395638,42543,4912367,25522,4122449,2077,360822,27174,1040307,42568,4342834,29240,5383141,California
Los Angeles,2021-05-22,57458,9453096,37367,4949734,18437,4140886,1654,362476,23332,1031399,33883,4376717,24975,5408116,California
Los Angeles,2021-05-23,24320,9477416,16963,4966697,6513,4147399,844,363320,10754,1029561,13432,4390149,11594,5419710,California
Los Angeles,2021-05-24,49078,9526494,27133,4993830,20089,4167488,1856,365176,18587,1019740,30248,4420397,20427,5440137,California
Los Angeles,2021-05-25,49857,9576351,28848,5022678,19235,4186723,1774,366950,19174,1010260,30422,4450819,20942,5461079,California
Los Angeles,2021-05-26,47221,9623572,26692,5049370,18678,4205401,1851,368801,19727,1004648,27071,4477890,21459,5482538,California
Los Angeles,2021-05-27,45520,9669092,25455,5074825,18231,4223632,1834,370635,18803,998804,26464,4504354,20620,5503158,California
Los Angeles,2021-05-28,52393,9721485,29678,5104503,20819,4244451,1896,372531,23261,995139,28809,4533163,25144,5528302,California
Los Angeles,2021-05-29,30533,9752018,17651,5122154,11836,4256287,1046,373577,14180,994195,16158,4549321,15214,5543516,California
Los Angeles,2021-05-30,12499,9764517,8200,5130354,3565,4259852,734,374311,5791,994061,6653,4555974,6519,5550035,California
Los Angeles,2021-05-31,6054,9770571,3742,5134096,2006,4261858,306,374617,1729,991831,4262,4560236,2032,5552067,California
Los Angeles,2021-06-01,46308,9816879,25935,5160031,18800,4280658,1573,376190,17000,981417,28961,4589197,18547,5570614,California
Los Angeles,2021-06-02,38610,9855489,22321,5182352,14836,4295494,1453,377643,15108,974731,23220,4612417,16534,5587148,California
Los Angeles,2021-06-03,42854,9898343,28375,5210727,12915,4308409,1564,379207,14726,963164,27841,4640258,16274,5603422,California
Los Angeles,2021-06-04,52435,9950778,35425,5246152,15330,4323739,1680,380887,16578,945901,35497,4675755,18234,5621656,California
Los Angeles,2021-06-05,42559,9993337,30500,5276652,10676,4334415,1383,382270,12336,929570,30036,4705791,13705,5635361,California
Los Angeles,2021-06-06,14763,10008100,12184,5288836,1840,4336255,739,383009,3958,923526,10734,4716525,4690,5640051,California
Los Angeles,2021-06-07,36985,10045085,26400,5315236,9132,4345387,1453,384462,11766,911711,25016,4741541,13201,5653252,California
Los Angeles,2021-06-08,38406,10083491,26463,5341699,10353,4355740,1590,386052,12767,900720,25335,4766876,14344,5667596,California
Los Angeles,2021-06-09,39883,10123374,28176,5369875,10186,4365926,1521,387573,11738,886070,27881,4794757,13231,5680827,California
Los Angeles,2021-06-10,36647,10160021,25374,5395249,9666,4375592,1607,389180,11554,874355,24859,4819616,13144,5693971,California
Los Angeles,2021-06-11,41228,10201249,28236,5423485,11323,4386915,1669,390849,13487,862055,27440,4847056,15140,5709111,California
Los Angeles,2021-06-12,33413,10234662,24067,5447552,8128,4395043,1218,392067,10315,850646,22930,4869986,11521,5720632,California
Los Angeles,2021-06-13,11529,10246191,8257,5455809,2634,4397677,638,392705,2623,845058,8842,4878828,3254,5723886,California
Los Angeles,2021-06-14,32668,10278859,23487,5479296,7805,4405482,1376,394081,11430,836805,21039,4899867,12786,5736672,California
Los Angeles,2021-06-15,33902,10312761,22759,5502055,9441,4414923,1702,395783,11805,828549,21736,4921603,13480,5750152,California
Los Angeles,2021-06-16,32294,10345055,22314,5524369,8236,4423159,1744,397527,11333,820892,20727,4942330,13070,5763222,California
Los Angeles,2021-06-17,29665,10374720,19878,5544247,8055,4431214,1732,399259,10844,814894,18559,4960889,12561,5775783,California
Los Angeles,2021-06-18,35252,10409972,24251,5568498,9053,4440267,1948,401207,12471,806885,22408,4983297,14399,5790182,California
Los Angeles,2021-06-19,22278,10432250,15024,5583522,5886,4446153,1368,402575,8594,803376,13452,4996749,9943,5800125,California
Los Angeles,2021-06-20,8444,10440694,5945,5589467,2009,4448162,490,403065,3060,801613,5310,5002059,3547,5803672,California
Los Angeles,2021-06-21,19099,10459793,11739,5601206,5986,4454148,1374,404439,10252,804496,8729,5010788,11612,5815284,California
Los Angeles,2021-06-22,26194,10485987,17685,5618891,6998,4461146,1511,405950,10149,800285,15866,5026654,11655,5826939,California
Los Angeles,2021-06-23,24895,10510882,17131,5636022,6371,4467517,1393,407343,9999,796939,14721,5041375,11375,5838314,California
Los Angeles,2021-06-24,24701,10535583,17013,5653035,6087,4473604,1601,408944,9554,793118,14937,5056312,11116,5849430,California
Los Angeles,2021-06-25,29293,10564876,20435,5673470,7253,4480857,1605,410549,11999,789617,17085,5073397,13584,5863014,California
Los Angeles,2021-06-26,19931,10584807,14497,5687967,4418,4485275,1016,411565,8281,787358,11539,5084936,9280,5872294,California
Los Angeles,2021-06-27,8575,10593382,6238,5694205,1905,4487180,432,411997,3637,786546,4871,5089807,4059,5876353,California
Los Angeles,2021-06-28,19982,10613364,15413,5709618,3351,4490531,1218,413215,8749,785396,11108,5100915,9958,5886311,California
Los Angeles,2021-06-29,22326,10635690,15341,5724959,5923,4496454,1062,414277,9807,783891,12362,5113277,10857,5897168,California
Los Angeles,2021-06-30,21699,10657389,15350,5740309,5270,4501724,1079,415356,9707,782820,11842,5125119,10771,5907939,California
Los Angeles,2021-07-01,19498,10676887,13963,5754272,4552,4506276,983,416339,8793,781995,10588,5135707,9763,5917702,California
Los Angeles,2021-07-02,16663,10693550,11819,5766091,4198,4510474,646,416985,7337,780749,9216,5144923,7970,5925672,California
Madera,2020-12-16,22,22,22,22,0,0,0,0,22,22,0,0,22,22,California
Madera,2020-12-17,12,34,12,34,0,0,0,0,12,34,0,0,12,34,California
Madera,2020-12-18,61,95,61,95,0,0,0,0,61,95,0,0,61,95,California
Madera,2020-12-19,5,100,5,100,0,0,0,0,5,100,0,0,5,100,California
Madera,2020-12-20,14,114,14,114,0,0,0,0,14,114,0,0,14,114,California
Madera,2020-12-21,59,173,59,173,0,0,0,0,59,173,0,0,59,173,California
Madera,2020-12-22,97,270,95,268,2,2,0,0,97,270,0,0,97,270,California
Madera,2020-12-23,67,337,67,335,0,2,0,0,67,337,0,0,67,337,California
Madera,2020-12-24,45,382,40,375,5,7,0,0,45,382,0,0,45,382,California
Madera,2020-12-26,27,409,26,401,1,8,0,0,27,409,0,0,27,409,California
Madera,2020-12-27,30,439,12,413,18,26,0,0,30,439,0,0,30,439,California
Madera,2020-12-28,107,546,36,449,71,97,0,0,107,546,0,0,107,546,California
Madera,2020-12-29,176,722,37,486,139,236,0,0,176,722,0,0,176,722,California
Madera,2020-12-30,226,948,90,576,136,372,0,0,226,948,0,0,226,948,California
Madera,2020-12-31,203,1151,81,657,122,494,0,0,203,1151,0,0,203,1151,California
Madera,2021-01-01,2,1153,1,658,1,495,0,0,2,1153,0,0,2,1153,California
Madera,2021-01-02,89,1242,33,691,56,551,0,0,89,1242,0,0,89,1242,California
Madera,2021-01-03,4,1246,4,695,0,551,0,0,4,1246,0,0,4,1246,California
Madera,2021-01-04,130,1376,66,761,64,615,0,0,130,1376,0,0,130,1376,California
Madera,2021-01-05,280,1656,143,904,137,752,0,0,276,1648,4,4,276,1652,California
Madera,2021-01-06,184,1840,27,931,157,909,0,0,164,1792,20,24,164,1816,California
Madera,2021-01-07,400,2240,116,1047,284,1193,0,0,377,2147,23,47,378,2194,California
Madera,2021-01-08,420,2660,72,1119,348,1541,0,0,365,2459,54,101,366,2560,California
Madera,2021-01-09,38,2698,14,1133,24,1565,0,0,29,2479,9,110,29,2589,California
Madera,2021-01-10,17,2715,14,1147,3,1568,0,0,5,2472,12,122,5,2594,California
Madera,2021-01-11,238,2953,190,1337,48,1616,0,0,197,2628,41,163,197,2791,California
Madera,2021-01-12,388,3341,157,1494,231,1847,0,0,284,2808,104,267,284,3075,California
Madera,2021-01-13,182,3523,90,1584,92,1939,0,0,126,2879,56,323,127,3202,California
Madera,2021-01-14,556,4079,84,1668,472,2411,0,0,522,3367,34,357,522,3724,California
Madera,2021-01-15,599,4678,160,1828,439,2850,0,0,577,3922,22,379,577,4301,California
Madera,2021-01-16,383,5061,49,1877,334,3184,0,0,355,4249,28,407,355,4656,California
Madera,2021-01-17,334,5395,15,1892,319,3503,0,0,330,4575,4,411,330,4986,California
Madera,2021-01-18,77,5472,61,1953,16,3519,0,0,58,4615,18,429,58,5044,California
Madera,2021-01-19,566,6038,133,2086,433,3952,0,0,540,5130,26,455,541,5585,California
Madera,2021-01-20,341,6379,184,2270,157,4109,0,0,245,5280,95,550,245,5830,California
Madera,2021-01-21,291,6670,183,2453,108,4217,0,0,227,5445,62,612,227,6057,California
Madera,2021-01-22,262,6932,84,2537,178,4395,0,0,245,5673,17,629,245,6302,California
Madera,2021-01-23,101,7033,53,2590,48,4443,0,0,77,5726,24,653,77,6379,California
Madera,2021-01-24,101,7134,82,2672,19,4462,0,0,79,5783,22,675,79,6458,California
Madera,2021-01-25,269,7403,126,2798,143,4605,0,0,145,5804,124,799,145,6603,California
Madera,2021-01-26,493,7896,190,2988,303,4908,0,0,301,5915,191,990,302,6905,California
Madera,2021-01-27,749,8645,67,3055,682,5590,0,0,611,6390,138,1128,613,7518,California
Madera,2021-01-28,551,9196,112,3167,439,6029,0,0,445,6730,106,1234,446,7964,California
Madera,2021-01-29,471,9667,93,3260,378,6407,0,0,416,7091,55,1289,416,8380,California
Madera,2021-01-30,503,10170,16,3276,487,6894,0,0,449,7486,54,1343,449,8829,California
Madera,2021-01-31,8,10178,5,3281,3,6897,0,0,7,7492,1,1344,7,8836,California
Madera,2021-02-01,331,10509,146,3427,185,7082,0,0,207,7575,124,1468,207,9043,California
Madera,2021-02-02,252,10761,89,3516,163,7245,0,0,159,7643,92,1560,160,9203,California
Madera,2021-02-03,595,11356,458,3974,137,7382,0,0,477,8005,116,1676,478,9681,California
Madera,2021-02-04,398,11754,126,4100,272,7654,0,0,116,7841,281,1957,117,9798,California
Madera,2021-02-05,979,12733,299,4399,680,8334,0,0,371,7611,602,2559,372,10170,California
Madera,2021-02-06,365,13098,327,4726,38,8372,0,0,323,7893,41,2600,323,10493,California
Madera,2021-02-07,35,13133,7,4733,28,8400,0,0,30,7918,5,2605,30,10523,California
Madera,2021-02-08,384,13517,308,5041,76,8476,0,0,269,8073,114,2719,269,10792,California
Madera,2021-02-09,483,14000,118,5159,365,8841,0,0,198,7991,282,3001,200,10992,California
Madera,2021-02-10,434,14434,150,5309,284,9125,0,0,281,8121,151,3152,281,11273,California
Madera,2021-02-11,934,15368,305,5614,629,9754,0,0,400,7989,533,3685,401,11674,California
Madera,2021-02-12,850,16218,121,5735,729,10483,0,0,314,7776,530,4215,317,11991,California
Madera,2021-02-13,484,16702,45,5780,439,10922,0,0,136,7568,347,4562,139,12130,California
Madera,2021-02-14,400,17102,74,5854,326,11248,0,0,134,7437,266,4828,135,12265,California
Madera,2021-02-15,247,17349,100,5954,147,11395,0,0,175,7542,70,4898,175,12440,California
Madera,2021-02-16,778,18127,184,6138,594,11989,0,0,227,7221,549,5447,228,12668,California
Madera,2021-02-17,616,18743,278,6416,338,12327,0,0,343,7300,266,5713,345,13013,California
Madera,2021-02-18,1306,20049,543,6959,763,13090,0,0,1124,8244,181,5894,1125,14138,California
Madera,2021-02-19,869,20918,551,7510,318,13408,0,0,723,8823,145,6039,724,14862,California
Madera,2021-02-20,1078,21996,985,8495,93,13501,0,0,1003,9753,74,6113,1004,15866,California
Madera,2021-02-21,995,22991,853,9348,142,13643,0,0,987,10733,7,6120,987,16853,California
Madera,2021-02-22,958,23949,880,10228,78,13721,0,0,898,11572,59,6179,898,17751,California
Madera,2021-02-23,760,24709,472,10700,288,14009,0,0,532,11877,227,6406,532,18283,California
Madera,2021-02-24,923,25632,300,11000,623,14632,0,0,381,11717,541,6947,381,18664,California
Madera,2021-02-25,1035,26667,317,11317,718,15350,0,0,600,11884,433,7380,600,19264,California
Madera,2021-02-26,1096,27763,199,11516,897,16247,0,0,711,12212,383,7763,711,19975,California
Madera,2021-02-27,924,28687,293,11809,631,16878,0,0,494,12282,427,8190,497,20472,California
Madera,2021-02-28,193,28880,30,11839,163,17041,0,0,187,12463,6,8196,187,20659,California
Madera,2021-03-01,380,29260,120,11959,260,17301,0,0,195,12477,182,8378,196,20855,California
Madera,2021-03-02,744,30004,348,12307,396,17697,0,0,631,12999,111,8489,633,21488,California
Madera,2021-03-03,1360,31364,729,13036,631,18328,0,0,951,13571,406,8895,978,22466,California
Madera,2021-03-04,1204,32568,525,13561,679,19007,0,0,951,14272,254,9149,955,23421,California
Madera,2021-03-05,1364,33932,422,13983,929,19936,13,13,1081,15097,281,9430,1106,24527,California
Madera,2021-03-06,817,34749,636,14619,149,20085,32,45,498,15310,318,9748,531,25058,California
Madera,2021-03-07,156,34905,27,14646,107,20192,22,67,105,15386,51,9799,127,25185,California
Madera,2021-03-08,606,35511,338,14984,208,20400,60,127,312,15465,294,10093,373,25558,California
Madera,2021-03-09,599,36110,296,15280,269,20669,34,161,409,15728,188,10281,451,26009,California
Madera,2021-03-10,1193,37303,559,15839,554,21223,80,241,755,16131,433,10714,836,26845,California
Madera,2021-03-11,1684,38987,869,16708,487,21710,328,569,768,16327,912,11626,1108,27953,California
Madera,2021-03-12,1585,40572,822,17530,608,22318,155,724,801,16530,781,12407,984,28937,California
Madera,2021-03-13,1891,42463,1329,18859,363,22681,199,923,815,16493,1070,13477,1033,29970,California
Madera,2021-03-14,584,43047,449,19308,103,22784,32,955,285,16516,294,13771,317,30287,California
Madera,2021-03-15,746,43793,229,19537,471,23255,46,1001,512,16881,230,14001,595,30882,California
Madera,2021-03-16,934,44727,529,20066,358,23613,47,1048,741,17496,190,14191,805,31687,California
Madera,2021-03-17,1466,46193,981,21047,422,24035,63,1111,906,18008,551,14742,1063,32750,California
Madera,2021-03-18,1956,48149,689,21736,1203,25238,64,1175,970,18155,979,15721,1126,33876,California
Madera,2021-03-19,1586,49735,590,22326,913,26151,83,1258,1027,18789,555,16276,1189,35065,California
Madera,2021-03-20,1179,50914,773,23099,353,26504,53,1311,584,18899,592,16868,702,35767,California
Madera,2021-03-21,1100,52014,897,23996,157,26661,46,1357,365,18582,730,17598,413,36180,California
Madera,2021-03-22,1357,53371,853,24849,440,27101,64,1421,658,18656,695,18293,769,36949,California
Madera,2021-03-23,1431,54802,877,25726,463,27564,91,1512,674,18752,754,19047,850,37799,California
Madera,2021-03-24,949,55751,509,26235,409,27973,31,1543,615,19074,329,19376,651,38450,California
Madera,2021-03-25,1167,56918,527,26762,616,28589,24,1567,644,19242,513,19889,681,39131,California
Madera,2021-03-26,1521,58439,579,27341,809,29398,133,1700,712,19286,805,20694,849,39980,California
Madera,2021-03-27,928,59367,605,27946,298,29696,25,1725,412,19212,512,21206,438,40418,California
Madera,2021-03-28,437,59804,151,28097,226,29922,60,1785,202,19335,234,21440,357,40775,California
Madera,2021-03-29,684,60488,180,28277,475,30397,29,1814,490,19668,190,21630,523,41298,California
Madera,2021-03-30,1071,61559,606,28883,436,30833,29,1843,476,19583,591,22221,506,41804,California
Madera,2021-03-31,1401,62960,542,29425,721,31554,138,1981,424,19174,971,23192,562,42366,California
Madera,2021-04-01,1394,64354,628,30053,715,32269,51,2032,482,18804,901,24093,531,42897,California
Madera,2021-04-02,1607,65961,461,30514,1087,33356,59,2091,479,18226,1117,25210,539,43436,California
Madera,2021-04-03,962,66923,764,31278,178,33534,20,2111,392,18080,568,25778,422,43858,California
Madera,2021-04-04,187,67110,65,31343,120,33654,2,2113,86,18068,101,25879,89,43947,California
Madera,2021-04-05,737,67847,254,31597,424,34078,59,2172,338,18082,397,26276,411,44358,California
Madera,2021-04-06,1703,69550,886,32483,462,34540,355,2527,526,17788,1175,27451,881,45239,California
Madera,2021-04-07,1229,70779,384,32867,695,35235,150,2677,423,17564,802,28253,578,45817,California
Madera,2021-04-08,1729,72508,671,33538,798,36033,260,2937,556,17222,1164,29417,822,46639,California
Madera,2021-04-09,1656,74164,699,34237,808,36841,149,3086,949,17621,702,30119,1101,47740,California
Madera,2021-04-10,979,75143,686,34923,225,37066,68,3154,711,18132,269,30388,780,48520,California
Madera,2021-04-11,812,75955,657,35580,76,37142,79,3233,287,17975,521,30909,364,48884,California
Madera,2021-04-12,817,76772,295,35875,447,37589,75,3308,315,17865,501,31410,391,49275,California
Madera,2021-04-13,1251,78023,618,36493,591,38180,42,3350,728,18125,519,31929,779,50054,California
Madera,2021-04-14,1400,79423,867,37360,533,38713,0,3350,576,17885,822,32751,582,50636,California
Madera,2021-04-15,1170,80593,509,37869,660,39373,1,3351,422,17573,736,33487,424,51060,California
Madera,2021-04-16,1363,81956,548,38417,815,40188,0,3351,386,16999,963,34450,389,51449,California
Madera,2021-04-17,1294,83250,1091,39508,203,40391,0,3351,774,17256,517,34967,774,52223,California
Madera,2021-04-18,260,83510,220,39728,40,40431,0,3351,89,17179,166,35133,89,52312,California
Madera,2021-04-19,821,84331,245,39973,575,41006,1,3352,287,16938,528,35661,287,52599,California
Madera,2021-04-20,907,85238,456,40429,451,41457,0,3352,237,16511,666,36327,239,52838,California
Madera,2021-04-21,899,86137,487,40916,412,41869,0,3352,303,16221,595,36922,305,53143,California
Madera,2021-04-22,1102,87239,535,41451,567,42436,0,3352,379,15882,719,37641,380,53523,California
Madera,2021-04-23,971,88210,318,41769,653,43089,0,3352,340,15596,626,38267,340,53863,California
Madera,2021-04-24,708,88918,466,42235,242,43331,0,3352,247,15387,457,38724,248,54111,California
Madera,2021-04-25,266,89184,160,42395,103,43434,3,3355,119,15367,143,38867,123,54234,California
Madera,2021-04-26,564,89748,110,42505,448,43882,6,3361,133,15078,428,39295,139,54373,California
Madera,2021-04-27,629,90377,281,42786,323,44205,25,3386,316,15110,310,39605,342,54715,California
Madera,2021-04-28,510,90887,205,42991,286,44491,19,3405,247,15114,261,39866,265,54980,California
Madera,2021-04-29,554,91441,251,43242,276,44767,27,3432,259,15113,288,40154,287,55267,California
Madera,2021-04-30,944,92385,510,43752,418,45185,16,3448,274,14740,664,40818,291,55558,California
Madera,2021-05-01,968,93353,870,44622,85,45270,13,3461,389,14564,578,41396,402,55960,California
Madera,2021-05-02,400,93753,352,44974,43,45313,5,3466,145,14459,255,41651,150,56110,California
Madera,2021-05-03,499,94252,199,45173,260,45573,40,3506,101,14205,395,42046,141,56251,California
Madera,2021-05-04,911,95163,440,45613,427,46000,44,3550,216,13770,695,42741,260,56511,California
Madera,2021-05-05,1023,96186,490,46103,473,46473,60,3610,280,13369,741,43482,340,56851,California
Madera,2021-05-06,710,96896,260,46363,418,46891,32,3642,166,13028,539,44021,198,57049,California
Madera,2021-05-07,814,97710,284,46647,509,47400,21,3663,197,12634,611,44632,217,57266,California
Madera,2021-05-08,976,98686,762,47409,203,47603,11,3674,188,12046,787,45419,199,57465,California
Madera,2021-05-09,147,98833,21,47430,115,47718,11,3685,35,11982,110,45529,46,57511,California
Madera,2021-05-10,361,99194,75,47505,274,47992,12,3697,101,11836,259,45788,113,57624,California
Madera,2021-05-11,538,99732,186,47691,343,48335,9,3706,172,11653,364,46152,181,57805,California
Madera,2021-05-12,504,100236,228,47919,240,48575,36,3742,125,11437,377,46529,161,57966,California
Madera,2021-05-13,511,100747,311,48230,168,48743,32,3774,176,11313,332,46861,208,58174,California
Madera,2021-05-14,538,101285,271,48501,243,48986,24,3798,233,11268,302,47163,257,58431,California
Madera,2021-05-15,560,101845,476,48977,76,49062,8,3806,361,11441,196,47359,369,58800,California
Madera,2021-05-16,258,102103,190,49167,36,49098,32,3838,107,11429,151,47510,139,58939,California
Madera,2021-05-17,451,102554,189,49356,234,49332,28,3866,200,11409,248,47758,228,59167,California
Madera,2021-05-18,551,103105,368,49724,159,49491,24,3890,288,11463,258,48016,312,59479,California
Madera,2021-05-19,487,103592,224,49948,241,49732,22,3912,216,11432,269,48285,238,59717,California
Madera,2021-05-20,593,104185,271,50219,285,50017,37,3949,232,11347,354,48639,269,59986,California
Madera,2021-05-21,504,104689,194,50413,283,50300,27,3976,193,11261,306,48945,220,60206,California
Madera,2021-05-22,903,105592,817,51230,74,50374,12,3988,532,11434,371,49316,544,60750,California
Madera,2021-05-23,268,105860,241,51471,17,50391,10,3998,143,11463,124,49440,153,60903,California
Madera,2021-05-24,308,106168,140,51611,127,50518,41,4039,122,11441,185,49625,163,61066,California
Madera,2021-05-25,382,106550,169,51780,181,50699,32,4071,151,11395,229,49854,183,61249,California
Madera,2021-05-26,445,106995,259,52039,164,50863,22,4093,237,11448,206,50060,259,61508,California
Madera,2021-05-27,372,107367,134,52173,200,51063,38,4131,126,11370,242,50302,164,61672,California
Madera,2021-05-28,449,107816,173,52346,248,51311,28,4159,174,11299,273,50575,202,61874,California
Madera,2021-05-29,308,108124,217,52563,73,51384,18,4177,167,11343,141,50716,185,62059,California
Madera,2021-05-30,61,108185,27,52590,30,51414,4,4181,28,11343,32,50748,32,62091,California
Madera,2021-05-31,26,108211,9,52599,13,51427,4,4185,11,11343,15,50763,15,62106,California
Madera,2021-06-01,289,108500,144,52743,122,51549,23,4208,106,11291,181,50944,129,62235,California
Madera,2021-06-02,395,108895,125,52868,247,51796,23,4231,116,11152,278,51222,139,62374,California
Madera,2021-06-03,283,109178,151,53019,117,51913,15,4246,91,11066,192,51414,106,62480,California
Madera,2021-06-04,382,109560,245,53264,126,52039,11,4257,152,11000,229,51643,163,62643,California
Madera,2021-06-05,516,110076,390,53654,113,52152,13,4270,150,10804,359,52002,163,62806,California
Madera,2021-06-06,135,110211,115,53769,13,52165,7,4277,38,10752,97,52099,45,62851,California
Madera,2021-06-07,249,110460,154,53923,74,52239,21,4298,44,10613,204,52303,65,62916,California
Madera,2021-06-08,389,110849,274,54197,94,52333,21,4319,97,10439,292,52595,118,63034,California
Madera,2021-06-09,374,111223,239,54436,108,52441,27,4346,145,10383,228,52823,172,63206,California
Madera,2021-06-10,341,111564,197,54633,128,52569,16,4362,116,10292,223,53046,132,63338,California
Madera,2021-06-11,379,111943,220,54853,127,52696,32,4394,170,10284,208,53254,200,63538,California
Madera,2021-06-12,574,112517,504,55357,54,52750,16,4410,92,9910,482,53736,108,63646,California
Madera,2021-06-13,194,112711,160,55517,29,52779,5,4415,54,9830,139,53875,59,63705,California
Madera,2021-06-14,227,112938,162,55679,42,52821,23,4438,89,9807,135,54010,112,63817,California
Madera,2021-06-15,362,113300,251,55930,78,52899,33,4471,156,9791,205,54215,189,64006,California
Madera,2021-06-16,326,113626,250,56180,62,52961,14,4485,118,9719,204,54419,132,64138,California
Madera,2021-06-17,264,113890,131,56311,124,53085,9,4494,98,9661,165,54584,107,64245,California
Madera,2021-06-18,277,114167,176,56487,77,53162,24,4518,118,9644,158,54742,141,64386,California
Madera,2021-06-19,246,114413,199,56686,39,53201,8,4526,80,9566,166,54908,88,64474,California
Madera,2021-06-20,55,114468,45,56731,3,53204,7,4533,27,9572,28,54936,34,64508,California
Madera,2021-06-21,166,114634,81,56812,60,53264,25,4558,74,9580,91,55027,99,64607,California
Madera,2021-06-22,236,114870,160,56972,58,53322,18,4576,116,9596,118,55145,134,64741,California
Madera,2021-06-23,263,115133,188,57160,65,53387,10,4586,140,9623,123,55268,150,64891,California
Madera,2021-06-24,206,115339,100,57260,84,53471,22,4608,77,9594,128,55396,99,64990,California
Madera,2021-06-25,261,115600,169,57429,68,53539,24,4632,100,9560,158,55554,124,65114,California
Madera,2021-06-26,182,115782,136,57565,34,53573,12,4644,76,9542,106,55660,88,65202,California
Madera,2021-06-27,110,115892,85,57650,21,53594,4,4648,57,9550,53,55713,61,65263,California
Madera,2021-06-28,154,116046,94,57744,41,53635,19,4667,82,9580,71,55784,101,65364,California
Madera,2021-06-29,212,116258,153,57897,43,53678,16,4683,101,9588,109,55893,117,65481,California
Madera,2021-06-30,212,116470,142,58039,63,53741,7,4690,121,9626,90,55983,128,65609,California
Madera,2021-07-01,177,116647,113,58152,40,53781,24,4714,68,9610,108,56091,92,65701,California
Madera,2021-07-02,160,116807,114,58266,32,53813,14,4728,54,9572,106,56197,68,65769,California
Marin,2020-12-15,2,2,2,2,0,0,0,0,2,2,0,0,2,2,California
Marin,2020-12-16,108,110,108,110,0,0,0,0,108,110,0,0,108,110,California
Marin,2020-12-17,275,385,275,385,0,0,0,0,275,385,0,0,275,385,California
Marin,2020-12-18,389,774,389,774,0,0,0,0,389,774,0,0,389,774,California
Marin,2020-12-19,348,1122,347,1121,1,1,0,0,348,1122,0,0,348,1122,California
Marin,2020-12-20,166,1288,165,1286,1,2,0,0,166,1288,0,0,166,1288,California
Marin,2020-12-21,239,1527,236,1522,3,5,0,0,239,1527,0,0,239,1527,California
Marin,2020-12-22,521,2048,317,1839,204,209,0,0,521,2048,0,0,521,2048,California
Marin,2020-12-23,729,2777,315,2154,414,623,0,0,729,2777,0,0,729,2777,California
Marin,2020-12-24,358,3135,158,2312,200,823,0,0,358,3135,0,0,358,3135,California
Marin,2020-12-25,26,3161,0,2312,26,849,0,0,26,3161,0,0,26,3161,California
Marin,2020-12-26,144,3305,95,2407,49,898,0,0,144,3305,0,0,144,3305,California
Marin,2020-12-27,91,3396,54,2461,37,935,0,0,91,3396,0,0,91,3396,California
Marin,2020-12-28,407,3803,99,2560,308,1243,0,0,407,3803,0,0,407,3803,California
Marin,2020-12-29,399,4202,88,2648,311,1554,0,0,399,4202,0,0,399,4202,California
Marin,2020-12-30,630,4832,390,3038,240,1794,0,0,630,4832,0,0,630,4832,California
Marin,2020-12-31,201,5033,35,3073,166,1960,0,0,200,5031,1,1,200,5032,California
Marin,2021-01-01,32,5065,15,3088,17,1977,0,0,32,5063,0,1,32,5064,California
Marin,2021-01-02,115,5180,109,3197,6,1983,0,0,115,5178,0,1,115,5179,California
Marin,2021-01-03,49,5229,31,3228,18,2001,0,0,45,5223,0,1,45,5224,California
Marin,2021-01-04,299,5528,194,3422,105,2106,0,0,298,5520,1,2,298,5522,California
Marin,2021-01-05,371,5899,224,3646,147,2253,0,0,328,5805,43,45,328,5850,California
Marin,2021-01-06,818,6717,318,3964,500,2753,0,0,638,6263,180,225,638,6488,California
Marin,2021-01-07,888,7605,502,4466,386,3139,0,0,528,6432,360,585,529,7017,California
Marin,2021-01-08,974,8579,517,4983,457,3596,0,0,583,6625,390,975,583,7600,California
Marin,2021-01-09,618,9197,223,5206,395,3991,0,0,488,6983,130,1105,488,8088,California
Marin,2021-01-10,130,9327,101,5307,29,4020,0,0,57,6967,73,1178,57,8145,California
Marin,2021-01-11,471,9798,328,5635,143,4163,0,0,250,6998,221,1399,252,8397,California
Marin,2021-01-12,937,10735,545,6180,392,4555,0,0,567,7199,366,1765,567,8964,California
Marin,2021-01-13,1169,11904,494,6674,675,5230,0,0,936,7902,233,1998,936,9900,California
Marin,2021-01-14,1073,12977,320,6994,753,5983,0,0,922,8675,149,2147,922,10822,California
Marin,2021-01-15,1167,14144,356,7350,811,6794,0,0,1035,9581,131,2278,1037,11859,California
Marin,2021-01-16,1125,15269,916,8266,209,7003,0,0,1049,10554,76,2354,1049,12908,California
Marin,2021-01-17,1228,16497,1109,9375,119,7122,0,0,1199,11728,28,2382,1202,14110,California
Marin,2021-01-18,367,16864,161,9536,206,7328,0,0,317,11995,50,2432,317,14427,California
Marin,2021-01-19,1153,18017,910,10446,243,7571,0,0,982,12807,170,2602,982,15409,California
Marin,2021-01-20,1807,19824,1219,11665,588,8159,0,0,1070,13153,725,3327,1071,16480,California
Marin,2021-01-21,1699,21523,1068,12733,631,8790,0,0,1340,14139,356,3683,1342,17822,California
Marin,2021-01-22,1717,23240,1096,13829,621,9411,0,0,1543,15509,174,3857,1544,19366,California
Marin,2021-01-23,1858,25098,1351,15180,507,9918,0,0,1768,17188,89,3946,1768,21134,California
Marin,2021-01-24,618,25716,165,15345,453,10371,0,0,584,17738,34,3980,584,21718,California
Marin,2021-01-25,1133,26849,236,15581,897,11268,0,0,694,17994,439,4419,695,22413,California
Marin,2021-01-26,1520,28369,782,16363,738,12006,0,0,1138,18751,381,4800,1138,23551,California
Marin,2021-01-27,1731,30100,891,17254,840,12846,0,0,1358,19739,371,5171,1359,24910,California
Marin,2021-01-28,2090,32190,1076,18330,1014,13860,0,0,1824,21299,265,5436,1825,26735,California
Marin,2021-01-29,2217,34407,1441,19771,776,14636,0,0,2018,23132,186,5622,2019,28754,California
Marin,2021-01-30,1719,36126,906,20677,813,15449,0,0,1639,24691,80,5702,1639,30393,California
Marin,2021-01-31,459,36585,322,20999,137,15586,0,0,432,25096,27,5729,432,30825,California
Marin,2021-02-01,1100,37685,415,21414,685,16271,0,0,897,25792,202,5931,898,31723,California
Marin,2021-02-02,1428,39113,498,21912,930,17201,0,0,761,25897,656,6587,761,32484,California
Marin,2021-02-03,1786,40899,427,22339,1359,18560,0,0,1276,26664,509,7096,1276,33760,California
Marin,2021-02-04,1554,42453,503,22842,1051,19611,0,0,949,27012,601,7697,949,34709,California
Marin,2021-02-05,2178,44631,676,23518,1502,21113,0,0,1338,27514,836,8533,1338,36047,California
Marin,2021-02-06,1428,46059,849,24367,579,21692,0,0,601,27291,824,9357,601,36648,California
Marin,2021-02-07,1293,47352,1010,25377,283,21975,0,0,495,26989,797,10154,495,37143,California
Marin,2021-02-08,1535,48887,759,26136,776,22751,0,0,733,26923,799,10953,733,37876,California
Marin,2021-02-09,1789,50676,1128,27264,661,23412,0,0,844,26822,945,11898,844,38720,California
Marin,2021-02-10,2357,53033,1504,28768,853,24265,0,0,1224,26916,1131,13029,1225,39945,California
Marin,2021-02-11,2882,55915,1653,30421,1229,25494,0,0,1453,26949,1424,14453,1457,41402,California
Marin,2021-02-12,3093,59008,1552,31973,1541,27035,0,0,1571,27002,1519,15972,1572,42974,California
Marin,2021-02-13,2346,61354,1250,33223,1096,28131,0,0,1126,26910,1218,17190,1126,44100,California
Marin,2021-02-14,824,62178,309,33532,515,28646,0,0,729,27545,95,17285,730,44830,California
Marin,2021-02-15,1231,63409,359,33891,872,29518,0,0,845,28006,385,17670,846,45676,California
Marin,2021-02-16,2485,65894,1063,34954,1422,30940,0,0,1514,28550,970,18640,1514,47190,California
Marin,2021-02-17,2118,68012,948,35902,1170,32110,0,0,1100,28635,1016,19656,1101,48291,California
Marin,2021-02-18,2444,70456,1599,37501,845,32955,0,0,1067,28331,1371,21027,1067,49358,California
Marin,2021-02-19,2807,73263,2191,39692,616,33571,0,0,1247,28034,1545,22572,1248,50606,California
Marin,2021-02-20,2657,75920,2177,41869,480,34051,0,0,1254,27894,1396,23968,1256,51862,California
Marin,2021-02-21,1350,77270,1147,43016,203,34254,0,0,952,28453,393,24361,952,52814,California
Marin,2021-02-22,1904,79174,1460,44476,444,34698,0,0,1258,29069,642,25003,1258,54072,California
Marin,2021-02-23,2966,82140,1712,46188,1254,35952,0,0,1992,30104,958,25961,1993,56065,California
Marin,2021-02-24,3582,85722,1653,47841,1929,37881,0,0,2287,31108,1284,27245,2288,58353,California
Marin,2021-02-25,4130,89852,1944,49785,2186,40067,0,0,2904,32799,1215,28460,2906,61259,California
Marin,2021-02-26,3683,93535,2006,51791,1677,41744,0,0,2652,34433,1019,29479,2653,63912,California
Marin,2021-02-27,2744,96279,1616,53407,1128,42872,0,0,1897,35490,842,30321,1899,65811,California
Marin,2021-02-28,1649,97928,927,54334,722,43594,0,0,1297,36440,347,30668,1297,67108,California
Marin,2021-03-01,2699,100627,1675,56009,1023,44617,1,1,1821,37393,869,31537,1822,68930,California
Marin,2021-03-02,2528,103155,1689,57698,838,45455,1,2,1728,38327,796,32333,1730,70660,California
Marin,2021-03-03,4351,107506,2426,60124,1921,47376,4,6,2818,39621,1528,33861,2822,73482,California
Marin,2021-03-04,3409,110915,1674,61798,1734,49110,1,7,2365,40954,1037,34898,2370,75852,California
Marin,2021-03-05,3087,114002,1180,62978,1894,51004,13,20,1806,41497,1276,36174,1819,77671,California
Marin,2021-03-06,3239,117241,2321,65299,840,51844,78,98,2662,43665,571,36745,2739,80410,California
Marin,2021-03-07,1400,118641,1177,66476,199,52043,24,122,1001,44296,394,37139,1025,81435,California
Marin,2021-03-08,1904,120545,1391,67867,396,52439,117,239,1427,45367,473,37612,1544,82979,California
Marin,2021-03-09,2236,122781,1342,69209,784,53223,110,349,1550,46342,683,38295,1658,84637,California
Marin,2021-03-10,4474,127255,2510,71719,1670,54893,294,643,3220,48606,1248,39543,3512,88149,California
Marin,2021-03-11,4596,131851,1888,73607,2571,57464,137,780,3294,50744,1293,40836,3431,91580,California
Marin,2021-03-12,4005,135856,1550,75157,2101,59565,354,1134,1563,50232,2428,43264,1916,93496,California
Marin,2021-03-13,4114,139970,2866,78023,1174,60739,74,1208,2393,50977,1715,44979,2460,95956,California
Marin,2021-03-14,2283,142253,1105,79128,1060,61799,118,1326,700,50210,1581,46560,814,96770,California
Marin,2021-03-15,3264,145517,1785,80913,1432,63231,47,1373,1201,49412,2046,48606,1248,98018,California
Marin,2021-03-16,4301,149818,2318,83231,1620,64851,363,1736,1449,48374,2848,51454,1810,99828,California
Marin,2021-03-17,4225,154043,2289,85520,1883,66734,53,1789,2047,48309,2164,53618,2099,101927,California
Marin,2021-03-18,4507,158550,2281,87801,2151,68885,75,1864,2132,48158,2355,55973,2204,104131,California
Marin,2021-03-19,4495,163045,2311,90112,1964,70849,220,2084,2331,48552,2153,58126,2547,106678,California
Marin,2021-03-20,3599,166644,2001,92113,1486,72335,112,2196,1931,48938,1658,59784,2044,108722,California
Marin,2021-03-21,1555,168199,1154,93267,378,72713,23,2219,814,49037,738,60522,837,109559,California
Marin,2021-03-22,2511,170710,2167,95434,176,72889,168,2387,917,48534,1588,62110,1085,110644,California
Marin,2021-03-23,4319,175029,2267,97701,1923,74812,129,2516,1922,48196,2389,64499,2051,112695,California
Marin,2021-03-24,4478,179507,2910,100611,1454,76266,114,2630,1824,47491,2641,67140,1936,114631,California
Marin,2021-03-25,4667,184174,2843,103454,1752,78018,72,2702,2246,47402,2405,69545,2316,116947,California
Marin,2021-03-26,4320,188494,2355,105809,1751,79769,214,2916,2399,48109,1906,71451,2613,119560,California
Marin,2021-03-27,3710,192204,2663,108472,1028,80797,19,2935,1143,46714,2556,74007,1161,120721,California
Marin,2021-03-28,2392,194596,1723,110195,663,81460,6,2941,843,46021,1542,75549,849,121570,California
Marin,2021-03-29,2696,197292,2102,112297,569,82029,25,2966,1138,45628,1556,77105,1163,122733,California
Marin,2021-03-30,4669,201961,3652,115949,983,83012,34,3000,2953,46902,1713,78818,2987,125720,California
Marin,2021-03-31,5850,207811,4142,120091,1658,84670,50,3050,2552,46218,3286,82104,2602,128322,California
Marin,2021-04-01,4468,212279,2290,122381,1917,86587,261,3311,2116,46255,2339,84443,2376,130698,California
Marin,2021-04-02,3752,216031,1861,124242,1519,88106,372,3683,2012,46898,1732,86175,2375,133073,California
Marin,2021-04-03,3870,219901,2522,126764,968,89074,380,4063,1463,46346,2395,88570,1843,134916,California
Marin,2021-04-04,1650,221551,1241,128005,208,89282,201,4264,1201,47300,447,89017,1401,136317,California
Marin,2021-04-05,2223,223774,1542,129547,307,89589,374,4638,1275,48004,943,89960,1647,137964,California
Marin,2021-04-06,4002,227776,2125,131672,1321,90910,556,5194,2218,49000,1776,91736,2772,140736,California
Marin,2021-04-07,3997,231773,2016,133688,1334,92244,647,5841,1463,48583,2524,94260,2107,142843,California
Marin,2021-04-08,5070,236843,1978,135666,2480,94724,612,6453,2310,48748,2747,97007,2912,145755,California
Marin,2021-04-09,4008,240851,1567,137233,1709,96433,732,7185,1326,48125,2677,99684,2054,147809,California
Marin,2021-04-10,3228,244079,1487,138720,1306,97739,435,7620,1450,48241,1764,101448,1880,149689,California
Marin,2021-04-11,1068,245147,813,139533,93,97832,162,7782,478,48292,588,102036,639,150328,California
Marin,2021-04-12,1758,246905,1247,140780,349,98181,162,7944,919,48539,835,102871,1082,151410,California
Marin,2021-04-13,3804,250709,2335,143115,1462,99643,7,7951,1379,47513,2412,105283,1386,152796,California
Marin,2021-04-14,4274,254983,2559,145674,1712,101355,3,7954,1750,46765,2499,107782,1751,154547,California
Marin,2021-04-15,5646,260629,3984,149658,1662,103017,0,7954,3229,47594,2401,110183,3230,157777,California
Marin,2021-04-16,4305,264934,2259,151917,2043,105060,3,7957,2093,47495,2196,112379,2097,159874,California
Marin,2021-04-17,3580,268514,2177,154094,1403,106463,0,7957,1788,47499,1785,114164,1789,161663,California
Marin,2021-04-18,3242,271756,3141,157235,101,106564,0,7957,2556,49372,683,114847,2556,164219,California
Marin,2021-04-19,2067,273823,1888,159123,178,106742,1,7958,1155,49624,905,115752,1157,165376,California
Marin,2021-04-20,3802,277625,2641,161764,1161,107903,0,7958,1483,48799,2309,118061,1484,166860,California
Marin,2021-04-21,4153,281778,3062,164826,1088,108991,3,7961,1402,47470,2732,120793,1403,168263,California
Marin,2021-04-22,4297,286075,3276,168102,1021,110012,0,7961,1503,46195,2782,123575,1507,169770,California
Marin,2021-04-23,3294,289369,1859,169961,1435,111447,0,7961,1256,45426,2026,125601,1257,171027,California
Marin,2021-04-24,2525,291894,1685,171646,839,112286,1,7962,923,44761,1590,127191,925,171952,California
Marin,2021-04-25,1384,293278,1263,172909,121,112407,0,7962,303,43991,1073,128264,303,172255,California
Marin,2021-04-26,1669,294947,1432,174341,234,112641,3,7965,410,43149,1256,129520,414,172669,California
Marin,2021-04-27,3083,298030,2223,176564,809,113450,51,8016,1006,42134,2068,131588,1053,173722,California
Marin,2021-04-28,2353,300383,1625,178189,677,114127,51,8067,741,41317,1608,133196,791,174513,California
Marin,2021-04-29,2945,303328,2021,180210,861,114988,63,8130,821,40089,2113,135309,885,175398,California
Marin,2021-04-30,1990,305318,1291,181501,612,115600,87,8217,704,39603,1277,136586,791,176189,California
Marin,2021-05-01,1842,307160,1028,182529,791,116391,23,8240,544,38880,1289,137875,566,176755,California
Marin,2021-05-02,730,307890,590,183119,111,116502,29,8269,201,38586,523,138398,229,176984,California
Marin,2021-05-03,1223,309113,996,184115,171,116673,56,8325,264,37950,955,139353,319,177303,California
Marin,2021-05-04,2963,312076,1994,186109,877,117550,92,8417,480,36048,2474,141827,572,177875,California
Marin,2021-05-05,2794,314870,2032,188141,636,118186,126,8543,452,34290,2335,144162,577,178452,California
Marin,2021-05-06,3278,318148,2539,190680,650,118836,89,8632,427,31964,2839,147001,513,178965,California
Marin,2021-05-07,2057,320205,1551,192231,420,119256,86,8718,385,30767,1665,148666,468,179433,California
Marin,2021-05-08,2507,322712,1900,194131,485,119741,122,8840,349,29089,2150,150816,472,179905,California
Marin,2021-05-09,990,323702,899,195030,72,119813,19,8859,112,28346,875,151691,132,180037,California
Marin,2021-05-10,1419,325121,1158,196188,191,120004,70,8929,204,27409,1210,152901,273,180310,California
Marin,2021-05-11,2350,327471,1869,198057,424,120428,57,8986,307,25732,2040,154941,363,180673,California
Marin,2021-05-12,1861,329332,1464,199521,329,120757,68,9054,298,24539,1557,156498,364,181037,California
Marin,2021-05-13,2682,332014,2295,201816,333,121090,54,9108,1416,24750,1258,157756,1469,182506,California
Marin,2021-05-14,2207,334221,1451,203267,656,121746,100,9208,883,24415,1317,159073,982,183488,California
Marin,2021-05-15,2760,336981,2279,205546,401,122147,80,9288,1674,25084,1085,160158,1754,185242,California
Marin,2021-05-16,1725,338706,1664,207210,53,122200,8,9296,1397,26163,326,160484,1405,186647,California
Marin,2021-05-17,2146,340852,1994,209204,109,122309,43,9339,1705,27477,434,160918,1748,188395,California
Marin,2021-05-18,1536,342388,1189,210393,292,122601,55,9394,791,27583,738,161656,844,189239,California
Marin,2021-05-19,1571,343959,1241,211634,258,122859,72,9466,770,27628,795,162451,840,190079,California
Marin,2021-05-20,1835,345794,1496,213130,253,123112,86,9552,750,27388,1077,163528,837,190916,California
Marin,2021-05-21,1472,347266,845,213975,578,123690,49,9601,437,26846,1028,164556,486,191402,California
Marin,2021-05-22,1434,348700,1084,215059,292,123982,58,9659,962,27400,466,165022,1020,192422,California
Marin,2021-05-23,482,349182,428,215487,42,124024,12,9671,223,27379,257,165279,236,192658,California
Marin,2021-05-24,671,349853,497,215984,134,124158,40,9711,351,27452,317,165596,390,193048,California
Marin,2021-05-25,1006,350859,628,216612,332,124490,46,9757,317,27131,681,166277,360,193408,California
Marin,2021-05-26,728,351587,491,217103,187,124677,50,9807,261,26980,462,166739,311,193719,California
Marin,2021-05-27,1033,352620,663,217766,291,124968,79,9886,341,26711,689,167428,420,194139,California
Marin,2021-05-28,1109,353729,722,218488,307,125275,80,9966,327,26339,778,168206,406,194545,California
Marin,2021-05-29,376,354105,219,218707,147,125422,10,9976,207,26387,169,168375,217,194762,California
Marin,2021-05-30,97,354202,57,218764,35,125457,5,9981,55,26406,41,168416,60,194822,California
Marin,2021-05-31,28,354230,14,218778,13,125470,1,9982,14,26407,14,168430,15,194837,California
Marin,2021-06-01,755,354985,548,219326,162,125632,45,10027,318,26335,434,168864,362,195199,California
Marin,2021-06-02,627,355612,476,219802,99,125731,52,10079,216,26194,407,169271,266,195465,California
Marin,2021-06-03,1501,357113,1328,221130,114,125845,59,10138,230,25215,1268,170539,289,195754,California
Marin,2021-06-04,1034,358147,860,221990,140,125985,34,10172,185,24589,843,171382,217,195971,California
Marin,2021-06-05,1929,360076,1711,223701,170,126155,48,10220,318,23352,1603,172985,366,196337,California
Marin,2021-06-06,1410,361486,1361,225062,15,126170,34,10254,152,22281,1257,174242,186,196523,California
Marin,2021-06-07,1942,363428,1825,226887,67,126237,50,10304,240,20875,1696,175938,290,196813,California
Marin,2021-06-08,979,364407,869,227756,69,126306,41,10345,231,20406,741,176679,272,197085,California
Marin,2021-06-09,744,365151,668,228424,66,126372,10,10355,138,19949,605,177284,148,197233,California
Marin,2021-06-10,883,366034,772,229196,60,126432,51,10406,179,19479,700,177984,230,197463,California
Marin,2021-06-11,694,366728,578,229774,84,126516,32,10438,149,19115,545,178529,181,197644,California
Marin,2021-06-12,922,367650,791,230565,89,126605,42,10480,151,18540,768,179297,193,197837,California
Marin,2021-06-13,416,368066,385,230950,20,126625,11,10491,66,18271,346,179643,77,197914,California
Marin,2021-06-14,872,368938,744,231694,80,126705,48,10539,212,17873,656,180299,258,198172,California
Marin,2021-06-15,539,369477,429,232123,84,126789,26,10565,170,17701,368,180667,196,198368,California
Marin,2021-06-16,493,369970,402,232525,45,126834,46,10611,161,17582,325,180992,206,198574,California
Marin,2021-06-17,558,370528,479,233004,47,126881,32,10643,193,17443,363,181355,224,198798,California
Marin,2021-06-18,494,371022,379,233383,77,126958,38,10681,172,17337,315,181670,209,199007,California
Marin,2021-06-19,364,371386,293,233676,37,126995,34,10715,145,17296,218,181888,177,199184,California
Marin,2021-06-20,114,371500,89,233765,14,127009,11,10726,48,17289,66,181954,59,199243,California
Marin,2021-06-21,349,371849,248,234013,46,127055,55,10781,139,17274,209,182163,194,199437,California
Marin,2021-06-22,450,372299,350,234363,69,127124,31,10812,139,17136,308,182471,170,199607,California
Marin,2021-06-23,358,372657,295,234658,30,127154,33,10845,119,17049,238,182709,151,199758,California
Marin,2021-06-24,396,373053,304,234962,42,127196,50,10895,132,16969,260,182969,180,199938,California
Marin,2021-06-25,376,373429,274,235236,59,127255,43,10938,171,16980,203,183172,214,200152,California
Marin,2021-06-26,321,373750,270,235506,20,127275,31,10969,116,16922,205,183377,147,200299,California
Marin,2021-06-27,209,373959,161,235667,22,127297,26,10995,69,16878,138,183515,94,200393,California
Marin,2021-06-28,395,374354,336,236003,31,127328,28,11023,134,16781,259,183774,162,200555,California
Marin,2021-06-29,369,374723,302,236305,40,127368,27,11050,140,16722,226,184000,167,200722,California
Marin,2021-06-30,264,374987,228,236533,23,127391,13,11063,113,16699,149,184149,126,200848,California
Marin,2021-07-01,252,375239,196,236729,39,127430,17,11080,100,16664,151,184300,116,200964,California
Marin,2021-07-02,262,375501,220,236949,22,127452,20,11100,105,16633,156,184456,125,201089,California
Mariposa,2020-12-17,38,38,38,38,0,0,0,0,40,40,0,0,40,40,California
Mariposa,2020-12-18,55,93,55,93,0,0,0,0,56,96,0,0,56,96,California
Mariposa,2020-12-20,2,95,2,95,0,0,0,0,2,98,0,0,2,98,California
Mariposa,2020-12-21,49,144,49,144,0,0,0,0,53,151,0,0,53,151,California
Mariposa,2020-12-22,5,149,5,149,0,0,0,0,5,156,0,0,5,156,California
Mariposa,2020-12-23,16,165,16,165,0,0,0,0,16,172,0,0,16,172,California
Mariposa,2020-12-24,1,166,0,165,1,1,0,0,0,172,1,1,1,173,California
Mariposa,2020-12-26,1,167,1,166,0,1,0,0,1,173,0,1,1,174,California
Mariposa,2020-12-27,1,168,0,166,1,2,0,0,1,174,0,1,1,175,California
Mariposa,2020-12-28,6,174,3,169,3,5,0,0,6,180,0,1,6,181,California
Mariposa,2020-12-29,33,207,3,172,30,35,0,0,33,213,0,1,33,214,California
Mariposa,2020-12-30,26,233,4,176,22,57,0,0,26,239,0,1,26,240,California
Mariposa,2020-12-31,17,250,0,176,17,74,0,0,17,256,0,1,17,257,California
Mariposa,2021-01-02,1,251,1,177,0,74,0,0,1,257,0,1,1,258,California
Mariposa,2021-01-04,9,260,2,179,7,81,0,0,9,266,0,1,9,267,California
Mariposa,2021-01-05,24,284,14,193,10,91,0,0,14,270,10,11,14,281,California
Mariposa,2021-01-06,6,290,3,196,3,94,0,0,3,270,3,14,3,284,California
Mariposa,2021-01-07,50,340,45,241,5,99,0,0,5,230,45,59,5,289,California
Mariposa,2021-01-08,110,450,80,321,30,129,0,0,34,188,76,135,34,323,California
Mariposa,2021-01-09,1,451,0,321,1,130,0,0,1,189,0,135,1,324,California
Mariposa,2021-01-11,31,482,10,331,21,151,0,0,23,204,8,143,23,347,California
Mariposa,2021-01-12,19,501,4,335,15,166,0,0,15,215,4,147,15,362,California
Mariposa,2021-01-13,21,522,4,339,17,183,0,0,18,230,3,150,18,380,California
Mariposa,2021-01-14,74,596,7,346,67,250,0,0,68,292,6,156,68,448,California
Mariposa,2021-01-15,68,664,27,373,41,291,0,0,58,340,10,166,58,506,California
Mariposa,2021-01-16,14,678,2,375,12,303,0,0,13,352,1,167,13,519,California
Mariposa,2021-01-17,3,681,1,376,2,305,0,0,2,353,1,168,2,521,California
Mariposa,2021-01-18,4,685,3,379,1,306,0,0,2,353,2,170,2,523,California
Mariposa,2021-01-19,8,693,4,383,4,310,0,0,5,356,2,172,5,528,California
Mariposa,2021-01-20,24,717,1,384,23,333,0,0,23,378,1,173,23,551,California
Mariposa,2021-01-21,66,783,8,392,58,391,0,0,62,436,4,177,62,613,California
Mariposa,2021-01-22,56,839,3,395,53,444,0,0,56,492,0,177,56,669,California
Mariposa,2021-01-23,116,955,2,397,114,558,0,0,114,604,2,179,114,783,California
Mariposa,2021-01-24,2,957,2,399,0,558,0,0,2,606,0,179,2,785,California
Mariposa,2021-01-25,4,961,1,400,3,561,0,0,0,602,4,183,0,785,California
Mariposa,2021-01-26,37,998,3,403,34,595,0,0,4,577,33,216,8,793,California
Mariposa,2021-01-27,26,1024,2,405,24,619,0,0,13,578,12,228,13,806,California
Mariposa,2021-01-28,127,1151,3,408,124,743,0,0,114,680,12,240,114,920,California
Mariposa,2021-01-29,94,1245,23,431,71,814,0,0,93,772,1,241,93,1013,California
Mariposa,2021-01-30,9,1254,1,432,8,822,0,0,8,779,1,242,8,1021,California
Mariposa,2021-01-31,1,1255,0,432,1,823,0,0,1,780,0,242,1,1022,California
Mariposa,2021-02-01,93,1348,32,464,61,884,0,0,72,831,21,263,72,1094,California
Mariposa,2021-02-02,15,1363,3,467,12,896,0,0,9,834,6,269,9,1103,California
Mariposa,2021-02-03,20,1383,1,468,19,915,0,0,13,841,6,275,13,1116,California
Mariposa,2021-02-04,98,1481,8,476,90,1005,0,0,93,931,4,279,94,1210,California
Mariposa,2021-02-05,193,1674,5,481,188,1193,0,0,166,1070,27,306,166,1376,California
Mariposa,2021-02-06,11,1685,4,485,7,1200,0,0,10,1079,1,307,10,1386,California
Mariposa,2021-02-07,1,1686,0,485,1,1201,0,0,1,1080,0,307,1,1387,California
Mariposa,2021-02-08,42,1728,2,487,40,1241,0,0,23,1084,19,326,23,1410,California
Mariposa,2021-02-09,45,1773,25,512,20,1261,0,0,39,1117,6,332,39,1449,California
Mariposa,2021-02-10,28,1801,5,517,23,1284,0,0,17,1130,10,342,23,1472,California
Mariposa,2021-02-11,378,2179,6,523,372,1656,0,0,362,1479,16,358,365,1837,California
Mariposa,2021-02-12,188,2367,8,531,180,1836,0,0,144,1579,44,402,144,1981,California
Mariposa,2021-02-13,12,2379,3,534,9,1845,0,0,10,1587,2,404,10,1991,California
Mariposa,2021-02-14,8,2387,4,538,4,1849,0,0,5,1589,3,407,5,1996,California
Mariposa,2021-02-15,9,2396,3,541,6,1855,0,0,7,1594,2,409,7,2003,California
Mariposa,2021-02-16,60,2456,36,577,24,1879,0,0,36,1607,24,433,37,2040,California
Mariposa,2021-02-17,37,2493,9,586,28,1907,0,0,27,1626,9,442,28,2068,California
Mariposa,2021-02-18,57,2550,7,593,50,1957,0,0,20,1609,37,479,20,2088,California
Mariposa,2021-02-19,83,2633,4,597,79,2036,0,0,75,1676,8,487,75,2163,California
Mariposa,2021-02-20,256,2889,4,601,252,2288,0,0,224,1870,30,517,224,2387,California
Mariposa,2021-02-21,238,3127,4,605,234,2522,0,0,236,2105,1,518,236,2623,California
Mariposa,2021-02-22,24,3151,9,614,15,2537,0,0,21,2123,3,521,21,2644,California
Mariposa,2021-02-23,43,3194,37,651,6,2543,0,0,25,2130,18,539,25,2669,California
Mariposa,2021-02-24,21,3215,3,654,18,2561,0,0,8,2126,12,551,8,2677,California
Mariposa,2021-02-25,18,3233,9,663,9,2570,0,0,12,2132,6,557,12,2689,California
Mariposa,2021-02-26,421,3654,7,670,414,2984,0,0,354,2420,67,624,355,3044,California
Mariposa,2021-02-27,172,3826,7,677,165,3149,0,0,161,2570,11,635,161,3205,California
Mariposa,2021-02-28,2,3828,1,678,1,3150,0,0,0,2568,2,637,0,3205,California
Mariposa,2021-03-01,87,3915,26,704,61,3211,0,0,18,2518,68,705,18,3223,California
Mariposa,2021-03-02,21,3936,14,718,7,3218,0,0,11,2520,9,714,11,3234,California
Mariposa,2021-03-03,72,4008,6,724,66,3284,0,0,66,2581,6,720,67,3301,California
Mariposa,2021-03-04,42,4050,10,734,32,3316,0,0,20,2580,22,742,21,3322,California
Mariposa,2021-03-05,62,4112,10,744,52,3368,0,0,40,2605,22,764,47,3369,California
Mariposa,2021-03-06,17,4129,7,751,10,3378,0,0,7,2603,10,774,8,3377,California
Mariposa,2021-03-07,1,4130,1,752,0,3378,0,0,0,2602,1,775,0,3377,California
Mariposa,2021-03-08,39,4169,4,756,24,3402,11,11,9,2592,30,805,20,3397,California
Mariposa,2021-03-09,46,4215,18,774,18,3420,10,21,14,2584,32,837,24,3421,California
Mariposa,2021-03-10,34,4249,12,786,12,3432,10,31,10,2581,23,860,20,3441,California
Mariposa,2021-03-11,471,4720,6,792,445,3877,20,51,222,2578,248,1108,245,3686,California
Mariposa,2021-03-12,255,4975,8,800,219,4096,28,79,108,2566,147,1255,135,3821,California
Mariposa,2021-03-13,35,5010,6,806,14,4110,15,94,12,2569,23,1278,26,3847,California
Mariposa,2021-03-14,18,5028,2,808,5,4115,11,105,3,2569,14,1292,14,3861,California
Mariposa,2021-03-15,78,5106,8,816,31,4146,39,144,32,2593,46,1338,70,3931,California
Mariposa,2021-03-16,82,5188,34,850,14,4160,34,178,24,2593,58,1396,58,3989,California
Mariposa,2021-03-17,73,5261,11,861,54,4214,8,186,52,2633,21,1417,61,4050,California
Mariposa,2021-03-18,66,5327,16,877,41,4255,9,195,42,2660,24,1441,51,4101,California
Mariposa,2021-03-19,340,5667,11,888,324,4579,5,200,303,2931,37,1478,308,4409,California
Mariposa,2021-03-20,427,6094,7,895,418,4997,2,202,45,2598,382,1860,49,4458,California
Mariposa,2021-03-21,15,6109,9,904,5,5002,1,203,10,2605,4,1864,11,4469,California
Mariposa,2021-03-22,38,6147,8,912,22,5024,8,211,25,2627,13,1877,35,4504,California
Mariposa,2021-03-23,55,6202,35,947,10,5034,10,221,34,2650,21,1898,44,4548,California
Mariposa,2021-03-24,57,6259,6,953,49,5083,2,223,52,2699,5,1903,54,4602,California
Mariposa,2021-03-25,77,6336,16,969,53,5136,8,231,54,2740,21,1924,62,4664,California
Mariposa,2021-03-26,490,6826,10,979,479,5615,1,232,252,2755,238,2162,253,4917,California
Mariposa,2021-03-27,224,7050,9,988,215,5830,0,232,89,2711,135,2297,91,5008,California
Mariposa,2021-03-28,5,7055,0,988,2,5832,3,235,1,2711,4,2301,4,5012,California
Mariposa,2021-03-29,20,7075,6,994,14,5846,0,235,12,2715,8,2309,12,5024,California
Mariposa,2021-03-30,37,7112,13,1007,8,5854,16,251,14,2722,23,2332,30,5054,California
Mariposa,2021-03-31,89,7201,16,1023,66,5920,7,258,68,2776,21,2353,75,5129,California
Mariposa,2021-04-01,55,7256,11,1034,35,5955,9,267,35,2800,20,2373,44,5173,California
Mariposa,2021-04-02,350,7606,13,1047,334,6289,3,270,307,3068,42,2415,310,5483,California
Mariposa,2021-04-03,11,7617,8,1055,3,6292,0,270,6,3069,5,2420,6,5489,California
Mariposa,2021-04-04,2,7619,1,1056,0,6292,1,271,0,3068,2,2422,1,5490,California
Mariposa,2021-04-05,34,7653,23,1079,7,6299,4,275,17,3072,17,2439,21,5511,California
Mariposa,2021-04-06,43,7696,21,1100,6,6305,16,291,13,3072,29,2468,29,5540,California
Mariposa,2021-04-07,99,7795,7,1107,73,6378,19,310,28,3048,71,2539,47,5587,California
Mariposa,2021-04-08,280,8075,16,1123,245,6623,19,329,145,3080,133,2672,165,5752,California
Mariposa,2021-04-09,39,8114,9,1132,15,6638,15,344,11,3078,28,2700,26,5778,California
Mariposa,2021-04-10,202,8316,4,1136,188,6826,10,354,187,3261,13,2713,196,5974,California
Mariposa,2021-04-11,124,8440,4,1140,118,6944,2,356,57,3254,67,2780,60,6034,California
Mariposa,2021-04-12,43,8483,14,1154,27,6971,2,358,14,3241,29,2809,16,6050,California
Mariposa,2021-04-13,53,8536,46,1200,7,6978,0,358,34,3256,19,2828,34,6084,California
Mariposa,2021-04-14,113,8649,9,1209,104,7082,0,358,58,3260,54,2882,58,6142,California
Mariposa,2021-04-15,58,8707,16,1225,42,7124,0,358,41,3287,14,2896,41,6183,California
Mariposa,2021-04-16,381,9088,11,1236,370,7494,0,358,106,3118,275,3171,106,6289,California
Mariposa,2021-04-17,11,9099,7,1243,4,7498,0,358,8,3123,3,3174,8,6297,California
Mariposa,2021-04-18,7,9106,0,1243,7,7505,0,358,3,3122,4,3178,3,6300,California
Mariposa,2021-04-19,58,9164,26,1269,32,7537,0,358,30,3126,26,3204,30,6330,California
Mariposa,2021-04-20,62,9226,48,1317,14,7551,0,358,37,3140,23,3227,37,6367,California
Mariposa,2021-04-21,93,9319,15,1332,78,7629,0,358,43,3134,49,3276,43,6410,California
Mariposa,2021-04-22,51,9370,11,1343,40,7669,0,358,38,3160,12,3288,38,6448,California
Mariposa,2021-04-23,316,9686,71,1414,245,7914,0,358,145,3136,171,3459,147,6595,California
Mariposa,2021-04-24,106,9792,10,1424,96,8010,0,358,43,3117,62,3521,43,6638,California
Mariposa,2021-04-26,17,9809,12,1436,5,8015,0,358,6,3112,11,3532,6,6644,California
Mariposa,2021-04-27,34,9843,17,1453,15,8030,2,360,15,3113,16,3548,17,6661,California
Mariposa,2021-04-28,73,9916,13,1466,53,8083,7,367,27,3101,46,3594,34,6695,California
Mariposa,2021-04-29,83,9999,12,1478,70,8153,1,368,78,3175,5,3599,79,6774,California
Mariposa,2021-04-30,210,10209,5,1483,200,8353,5,373,62,3094,148,3747,67,6841,California
Mariposa,2021-05-01,3,10212,2,1485,1,8354,0,373,1,3093,2,3749,1,6842,California
Mariposa,2021-05-02,3,10215,2,1487,0,8354,1,374,0,3091,3,3752,1,6843,California
Mariposa,2021-05-03,16,10231,12,1499,3,8357,1,375,7,3090,9,3761,8,6851,California
Mariposa,2021-05-04,50,10281,31,1530,15,8372,4,379,37,3118,13,3774,41,6892,California
Mariposa,2021-05-05,57,10338,9,1539,46,8418,2,381,18,3099,39,3813,20,6912,California
Mariposa,2021-05-06,57,10395,36,1575,16,8434,5,386,40,3127,17,3830,45,6957,California
Mariposa,2021-05-07,28,10423,8,1583,17,8451,3,389,13,3128,15,3845,16,6973,California
Mariposa,2021-05-08,282,10705,7,1590,275,8726,0,389,33,2914,249,4094,35,7008,California
Mariposa,2021-05-09,2,10707,1,1591,1,8727,0,389,0,2912,2,4096,0,7008,California
Mariposa,2021-05-10,20,10727,9,1600,9,8736,2,391,5,2904,15,4111,7,7015,California
Mariposa,2021-05-11,28,10755,18,1618,10,8746,0,391,21,2919,6,4117,21,7036,California
Mariposa,2021-05-12,68,10823,4,1622,58,8804,6,397,6,2869,62,4179,12,7048,California
Mariposa,2021-05-13,48,10871,8,1630,38,8842,2,399,13,2849,35,4214,15,7063,California
Mariposa,2021-05-14,249,11120,121,1751,121,8963,7,406,117,2841,132,4346,124,7187,California
Mariposa,2021-05-15,19,11139,9,1760,8,8971,2,408,11,2847,6,4352,12,7199,California
Mariposa,2021-05-16,3,11142,1,1761,1,8972,1,409,1,2847,2,4354,2,7201,California
Mariposa,2021-05-17,18,11160,7,1768,7,8979,4,413,7,2846,11,4365,10,7211,California
Mariposa,2021-05-18,63,11223,43,1811,15,8994,5,418,46,2881,16,4381,51,7262,California
Mariposa,2021-05-19,71,11294,32,1843,38,9032,1,419,52,2916,18,4399,53,7315,California
Mariposa,2021-05-20,33,11327,18,1861,13,9045,2,421,12,2909,21,4420,14,7329,California
Mariposa,2021-05-21,94,11421,9,1870,83,9128,2,423,43,2905,49,4469,45,7374,California
Mariposa,2021-05-22,49,11470,7,1877,41,9169,1,424,18,2893,31,4500,19,7393,California
Mariposa,2021-05-23,4,11474,2,1879,1,9170,1,425,2,2894,2,4502,3,7396,California
Mariposa,2021-05-24,14,11488,8,1887,4,9174,2,427,8,2898,6,4508,10,7406,California
Mariposa,2021-05-25,26,11514,16,1903,10,9184,0,427,18,2908,8,4516,18,7424,California
Mariposa,2021-05-26,35,11549,4,1907,27,9211,4,431,28,2933,7,4523,32,7456,California
Mariposa,2021-05-27,120,11669,64,1971,55,9266,1,432,62,2938,58,4581,63,7519,California
Mariposa,2021-05-28,65,11734,5,1976,56,9322,4,436,23,2923,42,4623,27,7546,California
Mariposa,2021-05-29,8,11742,2,1978,5,9327,1,437,3,2924,3,4626,4,7550,California
Mariposa,2021-05-30,1,11743,0,1978,0,9327,1,438,0,2924,1,4627,1,7551,California
Mariposa,2021-05-31,2,11745,0,1978,1,9328,1,439,0,2923,2,4629,1,7552,California
Mariposa,2021-06-01,14,11759,3,1981,11,9339,0,439,5,2919,9,4638,5,7557,California
Mariposa,2021-06-02,26,11785,14,1995,7,9346,5,444,6,2911,19,4657,11,7568,California
Mariposa,2021-06-03,20,11805,10,2005,7,9353,3,447,7,2908,13,4670,10,7578,California
Mariposa,2021-06-04,89,11894,78,2083,9,9362,2,449,26,2874,61,4731,27,7605,California
Mariposa,2021-06-05,30,11924,4,2087,24,9386,2,451,7,2860,23,4754,9,7614,California
Mariposa,2021-06-06,4,11928,3,2090,0,9386,1,452,1,2859,3,4757,2,7616,California
Mariposa,2021-06-07,10,11938,5,2095,5,9391,0,452,4,2858,5,4762,4,7620,California
Mariposa,2021-06-08,45,11983,34,2129,9,9400,2,454,13,2841,32,4794,15,7635,California
Mariposa,2021-06-09,28,12011,21,2150,2,9402,5,459,6,2830,22,4816,11,7646,California
Mariposa,2021-06-10,16,12027,8,2158,5,9407,3,462,6,2830,10,4826,10,7656,California
Mariposa,2021-06-11,43,12070,12,2170,23,9430,8,470,9,2813,34,4860,17,7673,California
Mariposa,2021-06-12,17,12087,11,2181,5,9435,1,471,3,2802,14,4874,3,7676,California
Mariposa,2021-06-13,1,12088,0,2181,0,9435,1,472,0,2802,1,4875,1,7677,California
Mariposa,2021-06-14,13,12101,4,2185,8,9443,1,473,5,2800,8,4883,6,7683,California
Mariposa,2021-06-15,23,12124,11,2196,11,9454,1,474,6,2790,17,4900,7,7690,California
Mariposa,2021-06-16,28,12152,12,2208,15,9469,1,475,7,2777,21,4921,8,7698,California
Mariposa,2021-06-17,11,12163,6,2214,5,9474,0,475,4,2774,7,4928,4,7702,California
Mariposa,2021-06-18,68,12231,49,2263,16,9490,3,478,33,2775,34,4962,35,7737,California
Mariposa,2021-06-19,18,12249,5,2268,13,9503,0,478,6,2769,12,4974,6,7743,California
Mariposa,2021-06-21,11,12260,4,2272,7,9510,0,478,7,2773,3,4977,7,7750,California
Mariposa,2021-06-22,23,12283,9,2281,11,9521,3,481,13,2779,10,4987,16,7766,California
Mariposa,2021-06-23,8,12291,2,2283,3,9524,3,484,4,2782,4,4991,7,7773,California
Mariposa,2021-06-24,11,12302,4,2287,7,9531,0,484,5,2781,6,4997,5,7778,California
Mariposa,2021-06-25,50,12352,22,2309,27,9558,1,485,17,2767,32,5029,18,7796,California
Mariposa,2021-06-26,1,12353,1,2310,0,9558,0,485,0,2766,1,5030,0,7796,California
Mariposa,2021-06-27,1,12354,0,2310,0,9558,1,486,0,2766,1,5031,1,7797,California
Mariposa,2021-06-28,1,12355,1,2311,0,9558,0,486,1,2767,0,5031,1,7798,California
Mariposa,2021-06-29,4,12359,0,2311,3,9561,1,487,2,2768,2,5033,3,7801,California
Mariposa,2021-06-30,2,12361,0,2311,1,9562,1,488,0,2767,2,5035,1,7802,California
Mariposa,2021-07-01,21,12382,17,2328,2,9564,2,490,8,2764,13,5048,10,7812,California
Mariposa,2021-07-02,1,12383,1,2329,0,9564,0,490,1,2765,0,5048,1,7813,California
Mendocino,2020-12-17,70,70,70,70,0,0,0,0,70,70,0,0,70,70,California
Mendocino,2020-12-18,85,155,84,154,1,1,0,0,84,154,0,0,84,154,California
Mendocino,2020-12-19,4,159,4,158,0,1,0,0,4,158,0,0,4,158,California
Mendocino,2020-12-20,7,166,7,165,0,1,0,0,7,165,0,0,7,165,California
Mendocino,2020-12-21,238,404,238,403,0,1,0,0,77,242,0,0,77,242,California
Mendocino,2020-12-22,253,657,192,595,61,62,0,0,253,495,0,0,253,495,California
Mendocino,2020-12-23,272,929,48,643,224,286,0,0,271,766,0,0,271,766,California
Mendocino,2020-12-24,49,978,8,651,41,327,0,0,49,815,0,0,49,815,California
Mendocino,2020-12-25,1,979,0,651,1,328,0,0,1,816,0,0,1,816,California
Mendocino,2020-12-26,2,981,2,653,0,328,0,0,2,818,0,0,2,818,California
Mendocino,2020-12-27,1,982,0,653,1,329,0,0,1,819,0,0,1,819,California
Mendocino,2020-12-28,74,1056,9,662,65,394,0,0,74,893,0,0,74,893,California
Mendocino,2020-12-29,122,1178,61,723,61,455,0,0,122,1015,0,0,122,1015,California
Mendocino,2020-12-30,122,1300,69,792,53,508,0,0,122,1137,0,0,122,1137,California
Mendocino,2020-12-31,132,1432,97,889,35,543,0,0,132,1269,0,0,132,1269,California
Mendocino,2021-01-01,10,1442,7,896,3,546,0,0,10,1279,0,0,10,1279,California
Mendocino,2021-01-02,1,1443,1,897,0,546,0,0,1,1280,0,0,1,1280,California
Mendocino,2021-01-04,838,2281,18,915,820,1366,0,0,838,2118,0,0,838,2118,California
Mendocino,2021-01-05,71,2352,36,951,35,1401,0,0,58,2163,13,13,58,2176,California
Mendocino,2021-01-06,158,2510,136,1087,22,1423,0,0,148,2301,10,23,148,2324,California
Mendocino,2021-01-07,361,2871,239,1326,122,1545,0,0,298,2536,63,86,298,2622,California
Mendocino,2021-01-08,95,2966,82,1408,13,1558,0,0,41,2524,54,140,42,2664,California
Mendocino,2021-01-09,10,2976,6,1414,4,1562,0,0,8,2530,2,142,8,2672,California
Mendocino,2021-01-10,9,2985,8,1422,1,1563,0,0,2,2525,7,149,2,2674,California
Mendocino,2021-01-11,103,3088,93,1515,10,1573,0,0,45,2513,57,206,45,2719,California
Mendocino,2021-01-12,389,3477,379,1894,10,1583,0,0,272,2668,117,323,272,2991,California
Mendocino,2021-01-13,496,3973,149,2043,347,1930,0,0,451,3077,43,366,452,3443,California
Mendocino,2021-01-14,655,4628,20,2063,635,2565,0,0,646,3714,9,375,646,4089,California
Mendocino,2021-01-15,1879,6507,868,2931,1011,3576,0,0,1874,5584,5,380,1875,5964,California
Mendocino,2021-01-16,790,7297,48,2979,742,4318,0,0,788,6370,2,382,788,6752,California
Mendocino,2021-01-17,554,7851,1,2980,553,4871,0,0,553,6922,1,383,553,7305,California
Mendocino,2021-01-18,487,8338,462,3442,25,4896,0,0,475,7385,12,395,475,7780,California
Mendocino,2021-01-19,337,8675,151,3593,186,5082,0,0,159,7366,178,573,159,7939,California
Mendocino,2021-01-20,559,9234,410,4003,149,5231,0,0,452,7714,105,678,453,8392,California
Mendocino,2021-01-21,539,9773,226,4229,313,5544,0,0,352,7880,186,864,352,8744,California
Mendocino,2021-01-22,152,9925,61,4290,91,5635,0,0,112,7952,40,904,112,8856,California
Mendocino,2021-01-23,156,10081,85,4375,71,5706,0,0,150,8096,6,910,150,9006,California
Mendocino,2021-01-24,5,10086,3,4378,2,5708,0,0,5,8101,0,910,5,9011,California
Mendocino,2021-01-25,192,10278,18,4396,174,5882,0,0,122,8153,70,980,122,9133,California
Mendocino,2021-01-26,154,10432,54,4450,100,5982,0,0,95,8189,59,1039,95,9228,California
Mendocino,2021-01-27,445,10877,374,4824,71,6053,0,0,178,8107,260,1299,178,9406,California
Mendocino,2021-01-28,605,11482,542,5366,63,6116,0,0,509,8521,95,1394,509,9915,California
Mendocino,2021-01-29,392,11874,352,5718,40,6156,0,0,363,8856,29,1423,364,10279,California
Mendocino,2021-01-30,50,11924,31,5749,19,6175,0,0,43,8892,7,1430,43,10322,California
Mendocino,2021-01-31,275,12199,2,5751,273,6448,0,0,4,8625,271,1701,4,10326,California
Mendocino,2021-02-01,383,12582,54,5805,329,6777,0,0,60,8362,323,2024,60,10386,California
Mendocino,2021-02-02,747,13329,526,6331,221,6998,0,0,385,8385,362,2386,385,10771,California
Mendocino,2021-02-03,398,13727,209,6540,189,7187,0,0,226,8441,170,2556,226,10997,California
Mendocino,2021-02-04,630,14357,534,7074,96,7283,0,0,502,8815,128,2684,502,11499,California
Mendocino,2021-02-05,1307,15664,1217,8291,90,7373,0,0,588,8686,717,3401,588,12087,California
Mendocino,2021-02-06,558,16222,159,8450,399,7772,0,0,543,9214,15,3416,543,12630,California
Mendocino,2021-02-07,34,16256,30,8480,4,7776,0,0,34,9248,0,3416,34,12664,California
Mendocino,2021-02-08,753,17009,720,9200,33,7809,0,0,287,9069,466,3882,287,12951,California
Mendocino,2021-02-09,143,17152,60,9260,83,7892,0,0,89,9104,54,3936,89,13040,California
Mendocino,2021-02-10,1491,18643,925,10185,566,8458,0,0,743,9106,741,4677,743,13783,California
Mendocino,2021-02-11,1214,19857,209,10394,1005,9463,0,0,299,8490,915,5592,299,14082,California
Mendocino,2021-02-12,1459,21316,162,10556,1297,10760,0,0,658,8348,800,6392,658,14740,California
Mendocino,2021-02-13,507,21823,14,10570,493,11253,0,0,104,8055,402,6794,109,14849,California
Mendocino,2021-02-14,695,22518,4,10574,691,11944,0,0,135,7630,560,7354,135,14984,California
Mendocino,2021-02-15,334,22852,43,10617,291,12235,0,0,175,7647,158,7512,175,15159,California
Mendocino,2021-02-16,200,23052,51,10668,149,12384,0,0,128,7703,72,7584,128,15287,California
Mendocino,2021-02-17,1363,24415,1200,11868,163,12547,0,0,880,8102,481,8065,880,16167,California
Mendocino,2021-02-18,1822,26237,676,12544,1146,13693,0,0,1230,8742,590,8655,1230,17397,California
Mendocino,2021-02-19,760,26997,153,12697,607,14300,0,0,616,9216,144,8799,618,18015,California
Mendocino,2021-02-20,578,27575,550,13247,28,14328,0,0,546,9732,30,8829,546,18561,California
Mendocino,2021-02-21,327,27902,9,13256,318,14646,0,0,314,10034,12,8841,314,18875,California
Mendocino,2021-02-22,167,28069,31,13287,136,14782,0,0,71,10011,94,8935,71,18946,California
Mendocino,2021-02-23,869,28938,855,14142,14,14796,0,0,653,10450,214,9149,653,19599,California
Mendocino,2021-02-24,1857,30795,1774,15916,83,14879,0,0,1435,11470,417,9566,1437,21036,California
Mendocino,2021-02-25,1719,32514,544,16460,1175,16054,0,0,1289,12331,428,9994,1289,22325,California
Mendocino,2021-02-26,1416,33930,750,17210,666,16720,0,0,1048,13014,365,10359,1048,23373,California
Mendocino,2021-02-27,203,34133,153,17363,50,16770,0,0,78,12968,124,10483,78,23451,California
Mendocino,2021-02-28,37,34170,14,17377,23,16793,0,0,24,12979,13,10496,24,23475,California
Mendocino,2021-03-01,592,34762,547,17924,45,16838,0,0,550,13490,39,10535,550,24025,California
Mendocino,2021-03-02,75,34837,28,17952,47,16885,0,0,42,13500,32,10567,42,24067,California
Mendocino,2021-03-03,2036,36873,1334,19286,702,17587,0,0,1384,14234,650,11217,1384,25451,California
Mendocino,2021-03-04,1853,38726,152,19438,1701,19288,0,0,1632,15650,218,11435,1634,27085,California
Mendocino,2021-03-05,481,39207,417,19855,55,19343,9,9,374,15930,103,11538,383,27468,California
Mendocino,2021-03-06,250,39457,25,19880,198,19541,27,36,206,16120,43,11581,233,27701,California
Mendocino,2021-03-07,525,39982,27,19907,478,20019,20,56,137,15889,387,11968,156,27857,California
Mendocino,2021-03-08,123,40105,28,19935,58,20077,37,93,64,15933,57,12025,101,27958,California
Mendocino,2021-03-09,941,41046,598,20533,302,20379,41,134,832,16697,109,12134,873,28831,California
Mendocino,2021-03-10,1148,42194,984,21517,99,20478,65,199,266,16155,876,13010,334,29165,California
Mendocino,2021-03-11,849,43043,632,22149,162,20640,55,254,398,16160,448,13458,453,29618,California
Mendocino,2021-03-12,2068,45111,1057,23206,899,21539,112,366,1235,16680,827,14285,1347,30965,California
Mendocino,2021-03-13,705,45816,570,23776,77,21616,58,424,109,16255,592,14877,167,31132,California
Mendocino,2021-03-14,105,45921,3,23779,95,21711,7,431,12,16185,89,14966,19,31151,California
Mendocino,2021-03-15,602,46523,52,23831,491,22202,59,490,210,16064,389,15355,268,31419,California
Mendocino,2021-03-16,584,47107,389,24220,149,22351,46,536,116,15760,466,15821,162,31581,California
Mendocino,2021-03-17,1585,48692,1380,25600,57,22408,148,684,216,14769,1362,17183,371,31952,California
Mendocino,2021-03-18,1309,50001,248,25848,1024,23432,37,721,278,14061,1023,18206,315,32267,California
Mendocino,2021-03-19,1778,51779,855,26703,862,24294,61,782,325,13003,1446,19652,388,32655,California
Mendocino,2021-03-20,70,51849,10,26713,39,24333,21,803,12,12978,58,19710,33,32688,California
Mendocino,2021-03-21,8,51857,1,26714,2,24335,5,808,3,12981,5,19715,8,32696,California
Mendocino,2021-03-22,656,52513,611,27325,16,24351,29,837,146,12649,506,20221,174,32870,California
Mendocino,2021-03-23,165,52678,34,27359,101,24452,30,867,114,12742,51,20272,144,33014,California
Mendocino,2021-03-24,918,53596,843,28202,27,24479,48,915,111,12096,805,21077,159,33173,California
Mendocino,2021-03-25,2016,55612,54,28256,1942,26421,20,935,176,10456,1834,22911,194,33367,California
Mendocino,2021-03-26,548,56160,395,28651,127,26548,26,961,115,10164,432,23343,140,33507,California
Mendocino,2021-03-27,163,56323,33,28684,118,26666,12,973,83,10179,79,23422,94,33601,California
Mendocino,2021-03-28,28,56351,7,28691,17,26683,4,977,5,10166,22,23444,9,33610,California
Mendocino,2021-03-29,193,56544,99,28790,50,26733,44,1021,97,10211,96,23540,141,33751,California
Mendocino,2021-03-30,719,57263,634,29424,48,26781,37,1058,107,9746,609,24149,144,33895,California
Mendocino,2021-03-31,918,58181,280,29704,577,27358,61,1119,154,9200,761,24910,215,34110,California
Mendocino,2021-04-01,1754,59935,427,30131,1246,28604,81,1200,384,8305,1359,26269,464,34574,California
Mendocino,2021-04-02,1311,61246,1077,31208,161,28765,73,1273,159,7388,1149,27418,232,34806,California
Mendocino,2021-04-03,715,61961,14,31222,680,29445,21,1294,88,6875,622,28040,109,34915,California
Mendocino,2021-04-04,71,62032,35,31257,30,29475,6,1300,55,6920,16,28056,61,34976,California
Mendocino,2021-04-05,213,62245,141,31398,48,29523,24,1324,127,6982,86,28142,148,35124,California
Mendocino,2021-04-06,402,62647,125,31523,182,29705,95,1419,108,6892,294,28436,204,35328,California
Mendocino,2021-04-07,493,63140,181,31704,65,29770,247,1666,118,6883,372,28808,363,35691,California
Mendocino,2021-04-08,1499,64639,920,32624,464,30234,115,1781,1007,7519,485,29293,1121,36812,California
Mendocino,2021-04-09,760,65399,428,33052,171,30405,161,1942,397,7714,363,29656,558,37370,California
Mendocino,2021-04-10,406,65805,92,33144,268,30673,46,1988,99,7552,307,29963,145,37515,California
Mendocino,2021-04-11,121,65926,47,33191,19,30692,55,2043,59,7604,62,30025,114,37629,California
Mendocino,2021-04-12,624,66550,515,33706,48,30740,61,2104,409,7859,215,30240,470,38099,California
Mendocino,2021-04-13,291,66841,229,33935,62,30802,0,2104,223,8014,68,30308,223,38322,California
Mendocino,2021-04-14,525,67366,430,34365,95,30897,0,2104,422,8333,103,30411,422,38744,California
Mendocino,2021-04-15,662,68028,328,34693,334,31231,0,2104,387,8450,270,30681,387,39131,California
Mendocino,2021-04-16,128,68156,54,34747,73,31304,1,2105,79,8481,48,30729,79,39210,California
Mendocino,2021-04-17,195,68351,12,34759,183,31487,0,2105,68,8424,125,30854,68,39278,California
Mendocino,2021-04-18,16,68367,8,34767,8,31495,0,2105,8,8426,6,30860,8,39286,California
Mendocino,2021-04-19,542,68909,516,35283,25,31520,1,2106,429,8745,111,30971,430,39716,California
Mendocino,2021-04-20,431,69340,297,35580,134,31654,0,2106,269,8854,160,31131,269,39985,California
Mendocino,2021-04-21,199,69539,136,35716,62,31716,1,2107,118,8893,79,31210,118,40103,California
Mendocino,2021-04-22,488,70027,318,36034,169,31885,1,2108,313,9035,171,31381,313,40416,California
Mendocino,2021-04-23,861,70888,703,36737,158,32043,0,2108,699,9575,159,31540,699,41115,California
Mendocino,2021-04-24,110,70998,16,36753,94,32137,0,2108,102,9669,8,31548,102,41217,California
Mendocino,2021-04-25,58,71056,34,36787,20,32157,4,2112,18,9652,39,31587,22,41239,California
Mendocino,2021-04-26,310,71366,239,37026,66,32223,5,2117,202,9753,106,31693,207,41446,California
Mendocino,2021-04-27,208,71574,91,37117,90,32313,27,2144,95,9762,112,31805,121,41567,California
Mendocino,2021-04-28,223,71797,147,37264,57,32370,19,2163,126,9811,97,31902,146,41713,California
Mendocino,2021-04-29,1147,72944,842,38106,290,32660,15,2178,113,8910,1028,32930,127,41840,California
Mendocino,2021-04-30,608,73552,383,38489,215,32875,10,2188,229,8771,378,33308,239,42079,California
Mendocino,2021-05-01,480,74032,435,38924,37,32912,8,2196,374,9048,105,33413,382,42461,California
Mendocino,2021-05-02,56,74088,46,38970,7,32919,3,2199,8,9012,47,33460,11,42472,California
Mendocino,2021-05-03,147,74235,85,39055,41,32960,21,2220,43,8974,102,33562,64,42536,California
Mendocino,2021-05-04,379,74614,253,39308,94,33054,32,2252,142,8911,237,33799,174,42710,California
Mendocino,2021-05-05,878,75492,791,40099,72,33126,15,2267,223,8493,654,34453,236,42946,California
Mendocino,2021-05-06,634,76126,383,40482,229,33355,22,2289,156,8195,476,34929,178,43124,California
Mendocino,2021-05-07,189,76315,36,40518,128,33483,25,2314,121,8273,67,34996,145,43269,California
Mendocino,2021-05-08,126,76441,5,40523,120,33603,1,2315,110,8369,15,35011,111,43380,California
Mendocino,2021-05-09,22,76463,7,40530,14,33617,1,2316,5,8358,17,35028,6,43386,California
Mendocino,2021-05-10,244,76707,161,40691,78,33695,5,2321,151,8421,93,35121,156,43542,California
Mendocino,2021-05-11,279,76986,143,40834,118,33813,18,2339,130,8419,148,35269,146,43688,California
Mendocino,2021-05-12,143,77129,81,40915,54,33867,8,2347,44,8374,97,35366,52,43740,California
Mendocino,2021-05-13,1236,78365,1122,42037,97,33964,17,2364,322,7800,913,36279,339,44079,California
Mendocino,2021-05-14,721,79086,491,42528,167,34131,63,2427,247,7641,469,36748,310,44389,California
Mendocino,2021-05-15,85,79171,29,42557,52,34183,4,2431,40,7640,45,36793,44,44433,California
Mendocino,2021-05-16,117,79288,104,42661,11,34194,2,2433,99,7725,17,36810,102,44535,California
Mendocino,2021-05-17,177,79465,84,42745,77,34271,16,2449,101,7766,76,36886,117,44652,California
Mendocino,2021-05-18,245,79710,118,42863,99,34370,28,2477,108,7765,136,37022,135,44787,California
Mendocino,2021-05-19,329,80039,191,43054,117,34487,21,2498,243,7946,83,37105,264,45051,California
Mendocino,2021-05-20,297,80336,116,43170,139,34626,42,2540,105,7904,189,37294,147,45198,California
Mendocino,2021-05-21,654,80990,475,43645,164,34790,15,2555,507,8280,146,37440,522,45720,California
Mendocino,2021-05-22,785,81775,675,44320,102,34892,8,2563,240,7984,544,37984,248,45968,California
Mendocino,2021-05-23,29,81804,12,44332,10,34902,7,2570,15,7992,13,37997,21,45989,California
Mendocino,2021-05-24,129,81933,45,44377,63,34965,21,2591,61,8007,67,38064,82,46071,California
Mendocino,2021-05-25,296,82229,177,44554,89,35054,30,2621,135,8011,160,38224,164,46235,California
Mendocino,2021-05-26,324,82553,244,44798,68,35122,12,2633,131,7962,192,38416,143,46378,California
Mendocino,2021-05-27,246,82799,112,44910,112,35234,22,2655,102,7943,142,38558,123,46501,California
Mendocino,2021-05-28,237,83036,98,45008,126,35360,13,2668,152,8026,83,38641,166,46667,California
Mendocino,2021-05-29,48,83084,17,45025,26,35386,5,2673,24,8031,24,38665,29,46696,California
Mendocino,2021-05-30,15,83099,2,45027,12,35398,1,2674,10,8037,5,38670,11,46707,California
Mendocino,2021-05-31,6,83105,0,45027,5,35403,1,2675,2,8037,3,38673,3,46710,California
Mendocino,2021-06-01,313,83418,105,45132,199,35602,9,2684,83,7899,230,38903,92,46802,California
Mendocino,2021-06-02,155,83573,58,45190,89,35691,8,2692,54,7863,98,39001,62,46864,California
Mendocino,2021-06-03,559,84132,457,45647,93,35784,9,2701,124,7568,428,39429,133,46997,California
Mendocino,2021-06-04,318,84450,192,45839,103,35887,23,2724,86,7446,231,39660,109,47106,California
Mendocino,2021-06-05,227,84677,94,45933,115,36002,18,2742,74,7387,151,39811,92,47198,California
Mendocino,2021-06-06,63,84740,58,45991,2,36004,3,2745,2,7331,61,39872,5,47203,California
Mendocino,2021-06-07,148,84888,71,46062,65,36069,12,2757,59,7313,89,39961,71,47274,California
Mendocino,2021-06-08,244,85132,143,46205,87,36156,14,2771,110,7308,129,40090,124,47398,California
Mendocino,2021-06-09,312,85444,249,46454,53,36209,10,2781,108,7223,203,40293,118,47516,California
Mendocino,2021-06-10,130,85574,69,46523,45,36254,16,2797,57,7223,73,40366,73,47589,California
Mendocino,2021-06-11,748,86322,588,47111,132,36386,28,2825,122,6749,624,40990,150,47739,California
Mendocino,2021-06-12,78,86400,53,47164,19,36405,6,2831,28,6734,49,41039,34,47773,California
Mendocino,2021-06-13,29,86429,16,47180,11,36416,2,2833,15,6738,13,41052,17,47790,California
Mendocino,2021-06-14,131,86560,59,47239,53,36469,19,2852,49,6724,81,41133,67,47857,California
Mendocino,2021-06-15,259,86819,166,47405,74,36543,19,2871,83,6650,176,41309,102,47959,California
Mendocino,2021-06-16,270,87089,168,47573,80,36623,22,2893,66,6536,202,41511,88,48047,California
Mendocino,2021-06-17,170,87259,89,47662,64,36687,17,2910,55,6494,114,41625,72,48119,California
Mendocino,2021-06-18,281,87540,128,47790,123,36810,30,2940,80,6404,199,41824,109,48228,California
Mendocino,2021-06-19,76,87616,43,47833,26,36836,7,2947,17,6369,59,41883,24,48252,California
Mendocino,2021-06-20,12,87628,4,47837,4,36840,4,2951,7,6375,5,41888,11,48263,California
Mendocino,2021-06-21,100,87728,34,47871,55,36895,11,2962,43,6374,54,41942,53,48316,California
Mendocino,2021-06-22,133,87861,86,47957,34,36929,13,2975,56,6368,75,42017,69,48385,California
Mendocino,2021-06-23,227,88088,160,48117,37,36966,30,3005,101,6373,126,42143,131,48516,California
Mendocino,2021-06-24,194,88282,110,48227,70,37036,14,3019,73,6340,120,42263,87,48603,California
Mendocino,2021-06-25,184,88466,97,48324,74,37110,13,3032,71,6312,112,42375,84,48687,California
Mendocino,2021-06-26,73,88539,48,48372,21,37131,4,3036,21,6285,52,42427,25,48712,California
Mendocino,2021-06-27,23,88562,13,48385,9,37140,1,3037,13,6289,10,42437,14,48726,California
Mendocino,2021-06-28,63,88625,42,48427,11,37151,10,3047,20,6278,41,42478,30,48756,California
Mendocino,2021-06-29,139,88764,104,48531,34,37185,1,3048,38,6216,101,42579,39,48795,California
Mendocino,2021-06-30,181,88945,147,48678,27,37212,7,3055,57,6158,123,42702,65,48860,California
Mendocino,2021-07-01,101,89046,60,48738,35,37247,6,3061,62,6188,38,42740,68,48928,California
Mendocino,2021-07-02,77,89123,49,48787,25,37272,3,3064,38,6191,38,42778,41,48969,California
Merced,2020-12-16,3,3,3,3,0,0,0,0,3,3,0,0,3,3,California
Merced,2020-12-17,9,12,9,12,0,0,0,0,9,12,0,0,9,12,California
Merced,2020-12-18,147,159,147,159,0,0,0,0,147,159,0,0,147,159,California
Merced,2020-12-19,38,197,38,197,0,0,0,0,38,197,0,0,38,197,California
Merced,2020-12-20,18,215,18,215,0,0,0,0,18,215,0,0,18,215,California
Merced,2020-12-21,125,340,122,337,3,3,0,0,125,340,0,0,125,340,California
Merced,2020-12-22,153,493,153,490,0,3,0,0,153,493,0,0,153,493,California
Merced,2020-12-23,255,748,248,738,7,10,0,0,255,748,0,0,255,748,California
Merced,2020-12-24,72,820,72,810,0,10,0,0,72,820,0,0,72,820,California
Merced,2020-12-25,4,824,4,814,0,10,0,0,4,824,0,0,4,824,California
Merced,2020-12-26,6,830,3,817,3,13,0,0,6,830,0,0,6,830,California
Merced,2020-12-27,12,842,11,828,1,14,0,0,12,842,0,0,12,842,California
Merced,2020-12-28,122,964,97,925,25,39,0,0,122,964,0,0,122,964,California
Merced,2020-12-29,193,1157,123,1048,70,109,0,0,193,1157,0,0,193,1157,California
Merced,2020-12-30,218,1375,90,1138,128,237,0,0,218,1375,0,0,218,1375,California
Merced,2020-12-31,102,1477,33,1171,69,306,0,0,102,1477,0,0,102,1477,California
Merced,2021-01-01,6,1483,1,1172,5,311,0,0,6,1483,0,0,6,1483,California
Merced,2021-01-02,129,1612,118,1290,11,322,0,0,129,1612,0,0,129,1612,California
Merced,2021-01-03,9,1621,5,1295,4,326,0,0,9,1621,0,0,9,1621,California
Merced,2021-01-04,82,1703,42,1337,40,366,0,0,82,1703,0,0,82,1703,California
Merced,2021-01-05,330,2033,235,1572,95,461,0,0,324,2023,6,6,326,2029,California
Merced,2021-01-06,259,2292,106,1678,153,614,0,0,251,2268,8,14,253,2282,California
Merced,2021-01-07,188,2480,84,1762,104,718,0,0,175,2429,14,28,175,2457,California
Merced,2021-01-08,527,3007,394,2156,133,851,0,0,374,2651,152,180,374,2831,California
Merced,2021-01-09,22,3029,9,2165,13,864,0,0,17,2663,5,185,17,2848,California
Merced,2021-01-10,11,3040,7,2172,4,868,0,0,7,2666,4,189,7,2855,California
Merced,2021-01-11,230,3270,172,2344,58,926,0,0,101,2640,129,318,103,2958,California
Merced,2021-01-12,298,3568,173,2517,125,1051,0,0,248,2837,51,369,248,3206,California
Merced,2021-01-13,394,3962,178,2695,216,1267,0,0,239,2925,154,523,242,3448,California
Merced,2021-01-14,327,4289,204,2899,123,1390,0,0,160,2920,166,689,161,3609,California
Merced,2021-01-15,593,4882,133,3032,460,1850,0,0,554,3437,40,729,557,4166,California
Merced,2021-01-16,214,5096,130,3162,84,1934,0,0,197,3617,17,746,197,4363,California
Merced,2021-01-17,51,5147,12,3174,39,1973,0,0,49,3664,2,748,49,4412,California
Merced,2021-01-18,268,5415,129,3303,139,2112,0,0,244,3888,24,772,248,4660,California
Merced,2021-01-19,715,6130,589,3892,126,2238,0,0,542,4265,172,944,549,5209,California
Merced,2021-01-20,574,6704,468,4360,106,2344,0,0,517,4728,57,1001,520,5729,California
Merced,2021-01-21,1030,7734,654,5014,376,2720,0,0,927,5556,102,1103,930,6659,California
Merced,2021-01-22,1321,9055,697,5711,624,3344,0,0,1292,6832,28,1131,1304,7963,California
Merced,2021-01-23,333,9388,199,5910,134,3478,0,0,226,6951,107,1238,226,8189,California
Merced,2021-01-24,36,9424,15,5925,21,3499,0,0,28,6972,7,1245,28,8217,California
Merced,2021-01-25,744,10168,244,6169,500,3999,0,0,682,7594,61,1306,683,8900,California
Merced,2021-01-26,947,11115,488,6657,459,4458,0,0,690,8056,229,1535,691,9591,California
Merced,2021-01-27,1006,12121,590,7247,416,4874,0,0,833,8718,171,1706,833,10424,California
Merced,2021-01-28,1160,13281,596,7843,564,5438,0,0,1036,9633,123,1829,1038,11462,California
Merced,2021-01-29,874,14155,314,8157,560,5998,0,0,620,10014,242,2071,623,12085,California
Merced,2021-01-30,269,14424,28,8185,241,6239,0,0,252,10249,17,2088,252,12337,California
Merced,2021-01-31,48,14472,11,8196,37,6276,0,0,47,10295,1,2089,47,12384,California
Merced,2021-02-01,396,14868,51,8247,345,6621,0,0,343,10588,51,2140,344,12728,California
Merced,2021-02-02,315,15183,183,8430,132,6753,0,0,186,10649,126,2266,187,12915,California
Merced,2021-02-03,364,15547,80,8510,284,7037,0,0,182,10650,181,2447,182,13097,California
Merced,2021-02-04,389,15936,160,8670,229,7266,0,0,256,10775,132,2579,257,13354,California
Merced,2021-02-05,522,16458,179,8849,343,7609,0,0,281,10819,239,2818,283,13637,California
Merced,2021-02-06,395,16853,221,9070,174,7783,0,0,251,10930,141,2959,252,13889,California
Merced,2021-02-07,21,16874,13,9083,8,7791,0,0,14,10937,7,2966,14,13903,California
Merced,2021-02-08,290,17164,200,9283,90,7881,0,0,178,11006,110,3076,179,14082,California
Merced,2021-02-09,1230,18394,966,10249,264,8145,0,0,782,11349,440,3516,783,14865,California
Merced,2021-02-10,1906,20300,1445,11694,461,8606,0,0,1308,12069,588,4104,1308,16173,California
Merced,2021-02-11,2564,22864,2043,13737,521,9127,0,0,1843,13205,708,4812,1844,18017,California
Merced,2021-02-12,1745,24609,1028,14765,717,9844,0,0,765,13012,961,5773,768,18785,California
Merced,2021-02-13,370,24979,211,14976,159,10003,0,0,269,13187,96,5869,271,19056,California
Merced,2021-02-14,119,25098,27,15003,92,10095,0,0,97,13263,22,5891,98,19154,California
Merced,2021-02-15,279,25377,43,15046,236,10331,0,0,171,13334,101,5992,172,19326,California
Merced,2021-02-16,1238,26615,856,15902,382,10713,0,0,847,13814,371,6363,851,20177,California
Merced,2021-02-17,1913,28528,1666,17568,247,10960,0,0,1334,14597,559,6922,1342,21519,California
Merced,2021-02-18,1279,29807,873,18441,406,11366,0,0,451,14245,807,7729,455,21974,California
Merced,2021-02-19,1292,31099,440,18881,852,12218,0,0,554,14069,732,8461,556,22530,California
Merced,2021-02-20,291,31390,34,18915,257,12475,0,0,144,14068,145,8606,144,22674,California
Merced,2021-02-21,84,31474,68,18983,16,12491,0,0,31,14048,51,8657,31,22705,California
Merced,2021-02-22,850,32324,298,19281,552,13043,0,0,485,14172,363,9020,487,23192,California
Merced,2021-02-23,1117,33441,433,19714,684,13727,0,0,646,14356,465,9485,649,23841,California
Merced,2021-02-24,861,34302,310,20024,551,14278,0,0,456,14420,393,9878,457,24298,California
Merced,2021-02-25,1831,36133,912,20936,919,15197,0,0,1346,15288,481,10359,1349,25647,California
Merced,2021-02-26,2225,38358,1414,22350,811,16008,0,0,1760,16596,453,10812,1761,27408,California
Merced,2021-02-27,2633,40991,1196,23546,1437,17445,0,0,2341,18646,291,11103,2341,29749,California
Merced,2021-02-28,324,41315,76,23622,247,17692,1,1,257,18840,63,11166,257,30006,California
Merced,2021-03-01,1162,42477,287,23909,874,18566,1,2,788,19265,364,11530,789,30795,California
Merced,2021-03-02,1896,44373,1038,24947,857,19423,1,3,1486,20352,403,11933,1490,32285,California
Merced,2021-03-03,2474,46847,1970,26917,503,19926,1,4,1698,21297,755,12688,1700,33985,California
Merced,2021-03-04,3153,50000,2526,29443,625,20551,2,6,2162,22491,971,13659,2165,36150,California
Merced,2021-03-05,2359,52359,1472,30915,863,21414,24,30,1804,23779,541,14200,1829,37979,California
Merced,2021-03-06,1180,53539,670,31585,488,21902,22,52,912,24446,267,14467,934,38913,California
Merced,2021-03-07,232,53771,66,31651,141,22043,25,77,203,24645,29,14496,228,39141,California
Merced,2021-03-08,1559,55330,948,32599,546,22589,65,142,1324,25799,234,14730,1388,40529,California
Merced,2021-03-09,1891,57221,1146,33745,637,23226,108,250,1222,26469,660,15390,1330,41859,California
Merced,2021-03-10,2966,60187,1989,35734,777,24003,200,450,1637,26999,1311,16701,1841,43700,California
Merced,2021-03-11,2220,62407,836,36570,1180,25183,204,654,1233,27490,967,17668,1458,45158,California
Merced,2021-03-12,2549,64956,1113,37683,1161,26344,275,929,1657,28547,887,18555,1944,47102,California
Merced,2021-03-13,1032,65988,322,38005,468,26812,242,1171,712,29187,312,18867,952,48054,California
Merced,2021-03-14,268,66256,155,38160,83,26895,30,1201,151,29255,113,18980,181,48235,California
Merced,2021-03-15,1719,67975,670,38830,792,27687,257,1458,1184,30171,524,19504,1440,49675,California
Merced,2021-03-16,1665,69640,880,39710,558,28245,227,1685,1142,31030,511,20015,1370,51045,California
Merced,2021-03-17,2320,71960,1391,41101,748,28993,181,1866,1843,32590,465,20480,2025,53070,California
Merced,2021-03-18,2268,74228,1383,42484,735,29728,150,2016,1410,33323,840,21320,1573,54643,California
Merced,2021-03-19,2807,77035,1584,44068,1028,30756,195,2211,1402,33527,1392,22712,1596,56239,California
Merced,2021-03-20,2468,79503,1532,45600,540,31296,396,2607,967,33401,1493,24205,1367,57606,California
Merced,2021-03-21,569,80072,345,45945,211,31507,13,2620,448,33744,120,24325,463,58069,California
Merced,2021-03-22,1283,81355,642,46587,564,32071,77,2697,894,34337,380,24705,973,59042,California
Merced,2021-03-23,1977,83332,1233,47820,678,32749,66,2763,1372,35181,594,25299,1438,60480,California
Merced,2021-03-24,1726,85058,1169,48989,521,33270,36,2799,1003,35510,710,26009,1039,61519,California
Merced,2021-03-25,3628,88686,2559,51548,1046,34316,23,2822,2123,36177,1482,27491,2149,63668,California
Merced,2021-03-26,2209,90895,1347,52895,825,35141,37,2859,903,35840,1276,28767,939,64607,California
Merced,2021-03-27,3601,94496,1927,54822,1251,36392,423,3282,1570,35819,2015,30782,1994,66601,California
Merced,2021-03-28,525,95021,217,55039,301,36693,7,3289,213,35731,309,31091,221,66822,California
Merced,2021-03-29,1961,96982,891,55930,898,37591,172,3461,681,35319,1267,32358,855,67677,California
Merced,2021-03-30,2294,99276,922,56852,1313,38904,59,3520,1011,35114,1277,33635,1072,68749,California
Merced,2021-03-31,2392,101668,1486,58338,721,39625,185,3705,993,34918,1374,35009,1178,69927,California
Merced,2021-04-01,2603,104271,1062,59400,1183,40808,358,4063,1067,34821,1521,36530,1424,71351,California
Merced,2021-04-02,2482,106753,750,60150,1309,42117,423,4486,799,34395,1638,38168,1212,72563,California
Merced,2021-04-03,1098,107851,607,60757,472,42589,19,4505,668,34663,420,38588,688,73251,California
Merced,2021-04-04,374,108225,143,60900,227,42816,4,4509,141,34578,231,38819,146,73397,California
Merced,2021-04-05,1510,109735,830,61730,467,43283,213,4722,412,34115,1088,39907,625,74022,California
Merced,2021-04-06,2613,112348,1070,62800,713,43996,830,5552,892,34123,1713,41620,1721,75743,California
Merced,2021-04-07,1923,114271,1135,63935,680,44676,108,5660,594,33540,1288,42908,705,76448,California
Merced,2021-04-08,2508,116779,1354,65289,934,45610,220,5880,992,33282,1466,44374,1208,77656,California
Merced,2021-04-09,1713,118492,483,65772,652,46262,578,6458,559,33288,1132,45506,1138,78794,California
Merced,2021-04-10,987,119479,371,66143,428,46690,188,6646,178,32849,803,46309,364,79158,California
Merced,2021-04-11,488,119967,281,66424,72,46762,135,6781,147,32793,339,46648,283,79441,California
Merced,2021-04-12,1527,121494,999,67423,404,47166,124,6905,871,33173,616,47264,996,80437,California
Merced,2021-04-13,2063,123557,1475,68898,586,47752,2,6907,935,33086,1028,48292,941,81378,California
Merced,2021-04-14,2256,125813,1396,70294,860,48612,0,6907,1046,33059,1074,49366,1047,82425,California
Merced,2021-04-15,3056,128869,1993,72287,1063,49675,0,6907,941,32127,1877,51243,945,83370,California
Merced,2021-04-16,2418,131287,1175,73462,1243,50918,0,6907,962,31741,1348,52591,962,84332,California
Merced,2021-04-17,2156,133443,1482,74944,673,51591,1,6908,663,30923,1485,54076,667,84999,California
Merced,2021-04-18,523,133966,298,75242,225,51816,0,6908,199,30826,296,54372,199,85198,California
Merced,2021-04-19,1379,135345,763,76005,616,52432,0,6908,711,30970,567,54939,711,85909,California
Merced,2021-04-20,1559,136904,797,76802,762,53194,0,6908,813,31110,673,55612,813,86722,California
Merced,2021-04-21,1648,138552,1035,77837,613,53807,0,6908,803,31185,729,56341,804,87526,California
Merced,2021-04-22,1723,140275,794,78631,929,54736,0,6908,786,31128,844,57185,787,88313,California
Merced,2021-04-23,1715,141990,733,79364,982,55718,0,6908,925,31313,741,57926,926,89239,California
Merced,2021-04-24,886,142876,707,80071,179,55897,0,6908,556,31544,325,58251,556,89795,California
Merced,2021-04-25,334,143210,192,80263,142,56039,0,6908,193,31601,137,58388,194,89989,California
Merced,2021-04-26,1291,144501,561,80824,730,56769,0,6908,648,31645,606,58994,650,90639,California
Merced,2021-04-27,1842,146343,938,81762,892,57661,12,6920,744,31374,1027,60021,756,91395,California
Merced,2021-04-28,1445,147788,727,82489,710,58371,8,6928,821,31606,598,60619,830,92225,California
Merced,2021-04-29,1512,149300,684,83173,803,59174,25,6953,717,31566,784,61403,744,92969,California
Merced,2021-04-30,1519,150819,655,83828,820,59994,44,6997,785,31669,727,62130,830,93799,California
Merced,2021-05-01,567,151386,242,84070,321,60315,4,7001,266,31643,295,62425,269,94068,California
Merced,2021-05-02,304,151690,122,84192,167,60482,15,7016,126,31608,177,62602,142,94210,California
Merced,2021-05-03,876,152566,574,84766,228,60710,74,7090,315,31442,557,63159,391,94601,California
Merced,2021-05-04,1082,153648,592,85358,438,61148,52,7142,396,31211,679,63838,448,95049,California
Merced,2021-05-05,1473,155121,964,86322,433,61581,76,7218,646,31121,812,64650,722,95771,California
Merced,2021-05-06,953,156074,509,86831,394,61975,50,7268,317,30860,628,65278,367,96138,California
Merced,2021-05-07,1180,157254,520,87351,618,62593,42,7310,460,30651,714,65992,505,96643,California
Merced,2021-05-08,451,157705,252,87603,163,62756,36,7346,219,30675,231,66223,255,96898,California
Merced,2021-05-09,214,157919,106,87709,101,62857,7,7353,96,30661,117,66340,103,97001,California
Merced,2021-05-10,728,158647,384,88093,307,63164,37,7390,201,30376,524,66864,239,97240,California
Merced,2021-05-11,1204,159851,723,88816,421,63585,60,7450,476,30190,722,67586,536,97776,California
Merced,2021-05-12,1122,160973,644,89460,436,64021,42,7492,386,29886,733,68319,429,98205,California
Merced,2021-05-13,949,161922,539,89999,368,64389,42,7534,427,29838,517,68836,469,98674,California
Merced,2021-05-14,1080,163002,665,90664,375,64764,40,7574,569,29942,505,69341,609,99283,California
Merced,2021-05-15,767,163769,580,91244,168,64932,19,7593,452,30112,303,69644,473,99756,California
Merced,2021-05-16,370,164139,253,91497,108,65040,9,7602,215,30184,153,69797,225,99981,California
Merced,2021-05-17,1110,165249,723,92220,357,65397,30,7632,543,30198,560,70357,574,100555,California
Merced,2021-05-18,1290,166539,861,93081,398,65795,31,7663,712,30370,571,70928,743,101298,California
Merced,2021-05-19,1154,167693,762,93843,385,66180,7,7670,645,30521,505,71433,656,101954,California
Merced,2021-05-20,1067,168760,565,94408,446,66626,56,7726,403,30320,662,72095,461,102415,California
Merced,2021-05-21,1202,169962,695,95103,479,67105,28,7754,486,30131,704,72799,515,102930,California
Merced,2021-05-22,767,170729,550,95653,204,67309,13,7767,456,30294,309,73108,472,103402,California
Merced,2021-05-23,359,171088,259,95912,87,67396,13,7780,235,30419,123,73231,248,103650,California
Merced,2021-05-24,635,171723,273,96185,331,67727,31,7811,233,30289,395,73626,265,103915,California
Merced,2021-05-25,776,172499,436,96621,306,68033,34,7845,391,30333,380,74006,424,104339,California
Merced,2021-05-26,1006,173505,558,97179,415,68448,33,7878,400,30163,604,74610,434,104773,California
Merced,2021-05-27,931,174436,655,97834,240,68688,36,7914,558,30389,369,74979,595,105368,California
Merced,2021-05-28,776,175212,352,98186,378,69066,46,7960,333,30334,434,75413,379,105747,California
Merced,2021-05-29,393,175605,273,98459,112,69178,8,7968,160,30273,230,75643,169,105916,California
Merced,2021-05-30,215,175820,146,98605,58,69236,11,7979,130,30329,85,75728,141,106057,California
Merced,2021-05-31,111,175931,25,98630,80,69316,6,7985,31,30289,78,75806,38,106095,California
Merced,2021-06-01,866,176797,542,99172,290,69606,34,8019,316,30094,545,76351,350,106445,California
Merced,2021-06-02,756,177553,484,99656,246,69852,26,8045,341,30053,408,76759,367,106812,California
Merced,2021-06-03,764,178317,485,100141,245,70097,34,8079,301,29931,457,77216,335,107147,California
Merced,2021-06-04,836,179153,453,100594,361,70458,22,8101,306,29737,523,77739,329,107476,California
Merced,2021-06-05,511,179664,404,100998,95,70553,12,8113,190,29623,316,78055,202,107678,California
Merced,2021-06-06,228,179892,192,101190,30,70583,6,8119,80,29561,148,78203,86,107764,California
Merced,2021-06-07,665,180557,533,101723,119,70702,13,8132,195,29301,470,78673,210,107974,California
Merced,2021-06-08,865,181422,640,102363,201,70903,24,8156,272,29009,588,79261,296,108270,California
Merced,2021-06-09,884,182306,651,103014,218,71121,15,8171,264,28680,609,79870,280,108550,California
Merced,2021-06-10,649,182955,449,103463,180,71301,20,8191,264,28585,379,80249,284,108834,California
Merced,2021-06-11,577,183532,366,103829,196,71497,15,8206,240,28509,333,80582,257,109091,California
Merced,2021-06-12,591,184123,483,104312,85,71582,23,8229,176,28294,414,80996,199,109290,California
Merced,2021-06-13,256,184379,134,104446,117,71699,5,8234,63,28169,193,81189,68,109358,California
Merced,2021-06-14,554,184933,364,104810,156,71855,34,8268,254,28161,297,81486,289,109647,California
Merced,2021-06-15,789,185722,560,105370,202,72057,27,8295,269,27946,512,81998,297,109944,California
Merced,2021-06-16,721,186443,499,105869,200,72257,22,8317,327,27911,384,82382,349,110293,California
Merced,2021-06-17,738,187181,562,106431,145,72402,31,8348,237,27686,493,82875,268,110561,California
Merced,2021-06-18,778,187959,510,106941,237,72639,31,8379,390,27726,381,83256,421,110982,California
Merced,2021-06-19,366,188325,252,107193,87,72726,27,8406,197,27783,167,83423,224,111206,California
Merced,2021-06-20,238,188563,184,107377,46,72772,8,8414,140,27834,97,83520,148,111354,California
Merced,2021-06-21,322,188885,196,107573,114,72886,12,8426,200,27925,121,83641,212,111566,California
Merced,2021-06-22,515,189400,357,107930,139,73025,19,8445,254,27938,261,83902,274,111840,California
Merced,2021-06-23,580,189980,362,108292,207,73232,11,8456,288,27953,284,84186,299,112139,California
Merced,2021-06-24,543,190523,384,108676,127,73359,32,8488,250,27946,289,84475,282,112421,California
Merced,2021-06-25,488,191011,342,109018,122,73481,24,8512,254,27996,227,84702,277,112698,California
Merced,2021-06-26,186,191197,127,109145,53,73534,6,8518,91,28001,93,84795,98,112796,California
Merced,2021-06-27,196,191393,145,109290,39,73573,12,8530,120,28057,76,84871,132,112928,California
Merced,2021-06-28,337,191730,222,109512,98,73671,17,8547,176,28092,158,85029,193,113121,California
Merced,2021-06-29,332,192062,196,109708,114,73785,22,8569,156,28095,175,85204,178,113299,California
Merced,2021-06-30,385,192447,243,109951,120,73905,22,8591,218,28172,163,85367,240,113539,California
Merced,2021-07-01,316,192763,211,110162,95,74000,10,8601,187,28242,129,85496,199,113738,California
Merced,2021-07-02,289,193052,199,110361,81,74081,9,8610,154,28273,133,85629,164,113902,California
Modoc,2020-12-16,1,1,1,1,0,0,0,0,1,1,0,0,1,1,California
Modoc,2020-12-21,99,100,99,100,0,0,0,0,99,100,0,0,99,100,California
Modoc,2020-12-22,14,114,14,114,0,0,0,0,14,114,0,0,14,114,California
Modoc,2020-12-23,4,118,4,118,0,0,0,0,4,118,0,0,4,118,California
Modoc,2020-12-24,1,119,1,119,0,0,0,0,1,119,0,0,1,119,California
Modoc,2020-12-28,2,121,2,121,0,0,0,0,2,121,0,0,2,121,California
Modoc,2020-12-29,10,131,1,122,9,9,0,0,10,131,0,0,10,131,California
Modoc,2020-12-30,7,138,0,122,7,16,0,0,7,138,0,0,7,138,California
Modoc,2021-01-02,3,141,1,123,2,18,0,0,3,141,0,0,3,141,California
Modoc,2021-01-04,8,149,0,123,8,26,0,0,8,149,0,0,8,149,California
Modoc,2021-01-05,3,152,2,125,1,27,0,0,3,152,0,0,3,152,California
Modoc,2021-01-06,3,155,2,127,1,28,0,0,2,153,1,1,2,154,California
Modoc,2021-01-07,72,227,0,127,72,100,0,0,72,225,0,1,72,226,California
Modoc,2021-01-08,105,332,0,127,105,205,0,0,105,330,0,1,105,331,California
Modoc,2021-01-10,1,333,1,128,0,205,0,0,0,329,1,2,0,331,California
Modoc,2021-01-11,90,423,81,209,9,214,0,0,19,277,71,73,19,350,California
Modoc,2021-01-12,94,517,25,234,69,283,0,0,68,319,26,99,68,418,California
Modoc,2021-01-13,24,541,4,238,20,303,0,0,22,339,2,101,22,440,California
Modoc,2021-01-14,128,669,6,244,122,425,0,0,123,457,5,106,123,563,California
Modoc,2021-01-15,6,675,1,245,5,430,0,0,6,463,0,106,6,569,California
Modoc,2021-01-16,2,677,1,246,1,431,0,0,2,465,0,106,2,571,California
Modoc,2021-01-18,3,680,1,247,2,433,0,0,3,468,0,106,3,574,California
Modoc,2021-01-19,5,685,3,250,2,435,0,0,3,469,2,108,3,577,California
Modoc,2021-01-20,11,696,1,251,10,445,0,0,11,480,0,108,11,588,California
Modoc,2021-01-21,157,853,2,253,155,600,0,0,157,637,0,108,157,745,California
Modoc,2021-01-22,2,855,0,253,2,602,0,0,2,639,0,108,2,747,California
Modoc,2021-01-25,11,866,0,253,11,613,0,0,11,650,0,108,11,758,California
Modoc,2021-01-26,65,931,1,254,64,677,0,0,65,715,0,108,65,823,California
Modoc,2021-01-27,42,973,3,257,39,716,0,0,26,725,16,124,26,849,California
Modoc,2021-01-28,146,1119,2,259,144,860,0,0,145,869,1,125,145,994,California
Modoc,2021-01-29,3,1122,1,260,2,862,0,0,3,872,0,125,3,997,California
Modoc,2021-02-01,26,1148,13,273,13,875,0,0,12,870,14,139,12,1009,California
Modoc,2021-02-02,170,1318,2,275,168,1043,0,0,167,1034,3,142,167,1176,California
Modoc,2021-02-03,18,1336,13,288,5,1048,0,0,11,1038,7,149,11,1187,California
Modoc,2021-02-04,155,1491,4,292,151,1199,0,0,27,937,128,277,27,1214,California
Modoc,2021-02-05,2,1493,2,294,0,1199,0,0,1,937,1,278,1,1215,California
Modoc,2021-02-08,9,1502,2,296,7,1206,0,0,8,944,1,279,8,1223,California
Modoc,2021-02-09,197,1699,13,309,184,1390,0,0,65,877,132,411,65,1288,California
Modoc,2021-02-10,5,1704,2,311,3,1393,0,0,4,880,1,412,4,1292,California
Modoc,2021-02-11,202,1906,3,314,199,1592,0,0,85,848,117,529,85,1377,California
Modoc,2021-02-12,4,1910,0,314,4,1596,0,0,2,848,2,531,2,1379,California
Modoc,2021-02-13,2,1912,0,314,2,1598,0,0,1,848,1,532,1,1380,California
Modoc,2021-02-16,147,2059,6,320,141,1739,0,0,141,983,6,538,141,1521,California
Modoc,2021-02-17,25,2084,2,322,23,1762,0,0,12,982,13,551,12,1533,California
Modoc,2021-02-18,187,2271,2,324,185,1947,0,0,23,844,163,714,25,1558,California
Modoc,2021-02-19,3,2274,3,327,0,1947,0,0,2,845,1,715,2,1560,California
Modoc,2021-02-20,1,2275,1,328,0,1947,0,0,0,844,1,716,0,1560,California
Modoc,2021-02-22,19,2294,9,337,10,1957,0,0,3,831,16,732,3,1563,California
Modoc,2021-02-23,20,2314,2,339,18,1975,0,0,1,813,19,751,1,1564,California
Modoc,2021-02-24,91,2405,1,340,90,2065,0,0,31,784,60,811,31,1595,California
Modoc,2021-02-25,169,2574,0,340,169,2234,0,0,12,639,157,968,12,1607,California
Modoc,2021-02-26,3,2577,0,340,3,2237,0,0,1,638,2,970,1,1608,California
Modoc,2021-02-27,4,2581,4,344,0,2237,0,0,2,638,2,972,2,1610,California
Modoc,2021-03-01,6,2587,0,344,6,2243,0,0,1,635,4,976,1,1611,California
Modoc,2021-03-02,193,2780,12,356,181,2424,0,0,26,494,167,1143,26,1637,California
Modoc,2021-03-03,12,2792,6,362,6,2430,0,0,2,486,10,1153,2,1639,California
Modoc,2021-03-04,174,2966,2,364,172,2602,0,0,147,606,27,1180,147,1786,California
Modoc,2021-03-05,3,2969,3,367,0,2602,0,0,2,607,1,1181,2,1788,California
Modoc,2021-03-06,11,2980,0,367,1,2603,10,10,1,608,10,1191,11,1799,California
Modoc,2021-03-07,8,2988,2,369,0,2603,6,16,2,610,6,1197,8,1807,California
Modoc,2021-03-08,8,2996,1,370,3,2606,4,20,1,609,6,1203,5,1812,California
Modoc,2021-03-09,127,3123,10,380,108,2714,9,29,61,613,66,1269,70,1882,California
Modoc,2021-03-10,9,3132,3,383,2,2716,4,33,4,616,5,1274,8,1890,California
Modoc,2021-03-11,207,3339,0,383,99,2815,108,141,22,561,185,1459,130,2020,California
Modoc,2021-03-12,10,3349,1,384,4,2819,5,146,4,564,6,1465,9,2029,California
Modoc,2021-03-13,6,3355,0,384,3,2822,3,149,1,563,5,1470,4,2033,California
Modoc,2021-03-15,12,3367,1,385,10,2832,1,150,10,572,2,1472,11,2044,California
Modoc,2021-03-16,174,3541,2,387,168,3000,4,154,42,485,132,1604,45,2089,California
Modoc,2021-03-17,10,3551,1,388,4,3004,5,159,2,484,8,1612,7,2096,California
Modoc,2021-03-18,66,3617,2,390,57,3061,7,166,34,493,32,1644,41,2137,California
Modoc,2021-03-19,5,3622,0,390,0,3061,5,171,0,493,5,1649,5,2142,California
Modoc,2021-03-20,5,3627,2,392,0,3061,3,174,0,491,5,1654,3,2145,California
Modoc,2021-03-21,3,3630,1,393,0,3061,2,176,1,492,2,1656,3,2148,California
Modoc,2021-03-22,17,3647,1,394,11,3072,5,181,12,504,5,1661,17,2165,California
Modoc,2021-03-23,37,3684,7,401,27,3099,3,184,28,526,9,1670,31,2196,California
Modoc,2021-03-24,29,3713,1,402,18,3117,10,194,1,509,28,1698,11,2207,California
Modoc,2021-03-25,76,3789,1,403,73,3190,2,196,44,523,32,1730,46,2253,California
Modoc,2021-03-26,7,3796,2,405,2,3192,3,199,2,523,5,1735,5,2258,California
Modoc,2021-03-27,2,3798,0,405,1,3193,1,200,1,524,1,1736,2,2260,California
Modoc,2021-03-28,2,3800,1,406,0,3193,1,201,0,523,2,1738,1,2261,California
Modoc,2021-03-29,14,3814,1,407,5,3198,8,209,5,527,9,1747,13,2274,California
Modoc,2021-03-30,54,3868,9,416,38,3236,7,216,20,520,34,1781,27,2301,California
Modoc,2021-03-31,10,3878,3,419,3,3239,4,220,4,522,6,1787,8,2309,California
Modoc,2021-04-01,167,4045,2,421,160,3399,5,225,32,424,135,1922,37,2346,California
Modoc,2021-04-02,5,4050,0,421,2,3401,3,228,1,425,3,1925,4,2350,California
Modoc,2021-04-03,5,4055,2,423,0,3401,3,231,2,427,2,1927,4,2354,California
Modoc,2021-04-05,9,4064,0,423,9,3410,0,231,9,436,0,1927,9,2363,California
Modoc,2021-04-06,24,4088,5,428,9,3419,10,241,6,434,18,1945,16,2379,California
Modoc,2021-04-07,12,4100,1,429,4,3423,7,248,3,435,9,1954,10,2389,California
Modoc,2021-04-08,95,4195,1,430,92,3515,2,250,26,394,69,2023,28,2417,California
Modoc,2021-04-09,11,4206,2,432,6,3521,3,253,2,389,9,2032,4,2421,California
Modoc,2021-04-10,5,4211,0,432,1,3522,4,257,0,388,5,2037,4,2425,California
Modoc,2021-04-11,2,4213,2,434,0,3522,0,257,1,388,1,2038,1,2426,California
Modoc,2021-04-12,14,4227,0,434,10,3532,4,261,1,382,11,2049,5,2431,California
Modoc,2021-04-13,30,4257,29,463,1,3533,0,261,21,394,9,2058,21,2452,California
Modoc,2021-04-14,2,4259,2,465,0,3533,0,261,1,394,1,2059,1,2453,California
Modoc,2021-04-15,100,4359,0,465,100,3633,0,261,27,349,72,2131,27,2480,California
Modoc,2021-04-16,4,4363,4,469,0,3633,0,261,3,351,1,2132,3,2483,California
Modoc,2021-04-17,2,4365,2,471,0,3633,0,261,2,353,0,2132,2,2485,California
Modoc,2021-04-18,1,4366,0,471,1,3634,0,261,1,354,0,2132,1,2486,California
Modoc,2021-04-19,7,4373,0,471,7,3641,0,261,2,351,5,2137,2,2488,California
Modoc,2021-04-20,26,4399,2,473,24,3665,0,261,8,341,18,2155,8,2496,California
Modoc,2021-04-21,3,4402,3,476,0,3665,0,261,1,340,2,2157,1,2497,California
Modoc,2021-04-22,94,4496,1,477,93,3758,0,261,38,322,56,2213,38,2535,California
Modoc,2021-04-23,4,4500,0,477,4,3762,0,261,3,324,1,2214,3,2538,California
Modoc,2021-04-24,2,4502,0,477,1,3763,1,262,1,325,1,2215,2,2540,California
Modoc,2021-04-25,1,4503,1,478,0,3763,0,262,1,326,0,2215,1,2541,California
Modoc,2021-04-26,7,4510,0,478,7,3770,0,262,2,323,5,2220,2,2543,California
Modoc,2021-04-27,5,4515,4,482,0,3770,1,263,0,319,5,2225,1,2544,California
Modoc,2021-04-28,7,4522,1,483,5,3775,1,264,2,317,5,2230,3,2547,California
Modoc,2021-04-29,63,4585,2,485,61,3836,0,264,22,298,41,2271,22,2569,California
Modoc,2021-04-30,4,4589,3,488,1,3837,0,264,2,298,2,2273,2,2571,California
Modoc,2021-05-01,1,4590,1,489,0,3837,0,264,0,297,1,2274,0,2571,California
Modoc,2021-05-02,4,4594,3,492,1,3838,0,264,3,299,1,2275,3,2574,California
Modoc,2021-05-03,12,4606,0,492,11,3849,1,265,2,292,10,2285,3,2577,California
Modoc,2021-05-04,11,4617,3,495,6,3855,2,267,5,293,6,2291,7,2584,California
Modoc,2021-05-05,27,4644,24,519,2,3857,1,268,8,283,19,2310,9,2593,California
Modoc,2021-05-06,54,4698,3,522,49,3906,2,270,21,273,33,2343,23,2616,California
Modoc,2021-05-07,8,4706,3,525,3,3909,2,272,2,271,6,2349,4,2620,California
Modoc,2021-05-08,3,4709,2,527,0,3909,1,273,1,271,2,2351,2,2622,California
Modoc,2021-05-09,1,4710,1,528,0,3909,0,273,0,270,1,2352,0,2622,California
Modoc,2021-05-10,2,4712,0,528,1,3910,1,274,1,271,1,2353,2,2624,California
Modoc,2021-05-11,3,4715,2,530,0,3910,1,275,0,269,3,2356,1,2625,California
Modoc,2021-05-12,2,4717,0,530,0,3910,2,277,0,269,2,2358,2,2627,California
Modoc,2021-05-13,42,4759,0,530,38,3948,4,281,14,259,28,2386,18,2645,California
Modoc,2021-05-14,8,4767,3,533,0,3948,5,286,3,262,5,2391,8,2653,California
Modoc,2021-05-15,4,4771,3,536,1,3949,0,286,4,266,0,2391,4,2657,California
Modoc,2021-05-16,2,4773,1,537,1,3950,0,286,0,264,2,2393,0,2657,California
Modoc,2021-05-17,5,4778,3,540,2,3952,0,286,4,267,1,2394,4,2661,California
Modoc,2021-05-18,23,4801,12,552,9,3961,2,288,14,274,9,2403,16,2677,California
Modoc,2021-05-19,8,4809,1,553,3,3964,4,292,4,278,4,2407,8,2685,California
Modoc,2021-05-20,59,4868,3,556,47,4011,9,301,8,244,51,2458,17,2702,California
Modoc,2021-05-21,6,4874,4,560,1,4012,1,302,1,241,5,2463,2,2704,California
Modoc,2021-05-22,2,4876,2,562,0,4012,0,302,1,241,1,2464,1,2705,California
Modoc,2021-05-23,2,4878,2,564,0,4012,0,302,0,239,2,2466,0,2705,California
Modoc,2021-05-24,4,4882,1,565,1,4013,2,304,2,241,2,2468,4,2709,California
Modoc,2021-05-25,2,4884,1,566,1,4014,0,304,1,241,1,2469,1,2710,California
Modoc,2021-05-26,36,4920,33,599,3,4017,0,304,26,258,10,2479,27,2737,California
Modoc,2021-05-27,28,4948,1,600,22,4039,5,309,6,247,22,2501,11,2748,California
Modoc,2021-05-28,8,4956,1,601,4,4043,3,312,3,248,5,2506,6,2754,California
Modoc,2021-05-29,1,4957,1,602,0,4043,0,312,0,247,1,2507,0,2754,California
Modoc,2021-05-31,1,4958,0,602,0,4043,1,313,0,247,0,2507,0,2754,California
Modoc,2021-06-01,7,4965,0,602,6,4049,1,314,2,245,5,2512,3,2757,California
Modoc,2021-06-02,8,4973,0,602,6,4055,2,316,4,247,4,2516,6,2763,California
Modoc,2021-06-03,25,4998,1,603,22,4077,2,318,4,232,21,2537,6,2769,California
Modoc,2021-06-04,5,5003,3,606,1,4078,1,319,0,228,5,2542,1,2770,California
Modoc,2021-06-05,1,5004,0,606,1,4079,0,319,0,227,1,2543,0,2770,California
Modoc,2021-06-07,4,5008,4,610,0,4079,0,319,1,225,3,2546,1,2771,California
Modoc,2021-06-08,29,5037,10,620,18,4097,1,320,18,233,11,2557,19,2790,California
Modoc,2021-06-09,3,5040,2,622,1,4098,0,320,2,234,1,2558,2,2792,California
Modoc,2021-06-10,21,5061,1,623,19,4117,1,321,7,228,14,2572,8,2800,California
Modoc,2021-06-11,4,5065,2,625,1,4118,1,322,2,229,2,2574,3,2803,California
Modoc,2021-06-12,1,5066,1,626,0,4118,0,322,0,228,1,2575,0,2803,California
Modoc,2021-06-14,4,5070,0,626,2,4120,2,324,0,226,4,2579,2,2805,California
Modoc,2021-06-15,6,5076,0,626,4,4124,2,326,3,228,3,2582,5,2810,California
Modoc,2021-06-16,41,5117,25,651,11,4135,5,331,22,238,19,2601,29,2839,California
Modoc,2021-06-17,46,5163,20,671,25,4160,1,332,27,247,19,2620,28,2867,California
Modoc,2021-06-18,5,5168,0,671,3,4163,2,334,3,250,2,2622,5,2872,California
Modoc,2021-06-19,3,5171,0,671,1,4164,2,336,1,251,2,2624,3,2875,California
Modoc,2021-06-21,1,5172,0,671,1,4165,0,336,1,252,0,2624,1,2876,California
Modoc,2021-06-22,11,5183,4,675,7,4172,0,336,9,259,2,2626,9,2885,California
Modoc,2021-06-23,6,5189,0,675,3,4175,3,339,1,258,5,2631,4,2889,California
Modoc,2021-06-24,32,5221,14,689,14,4189,4,343,22,274,10,2641,26,2915,California
Modoc,2021-06-25,7,5228,0,689,5,4194,2,345,2,273,5,2646,4,2919,California
Modoc,2021-06-28,4,5232,1,690,3,4197,0,345,3,275,1,2647,3,2922,California
Modoc,2021-06-29,8,5240,1,691,6,4203,1,346,5,278,3,2650,6,2928,California
Modoc,2021-06-30,8,5248,1,692,7,4210,0,346,5,280,3,2653,5,2933,California
Modoc,2021-07-01,23,5271,11,703,1,4211,11,357,9,286,14,2667,20,2953,California
Modoc,2021-07-02,2,5273,2,705,0,4211,0,357,0,284,2,2669,0,2953,California
Mono,2020-12-18,1,1,1,1,0,0,0,0,1,1,0,0,1,1,California
Mono,2020-12-19,5,6,5,6,0,0,0,0,5,6,0,0,5,6,California
Mono,2020-12-20,7,13,7,13,0,0,0,0,7,13,0,0,7,13,California
Mono,2020-12-21,24,37,17,30,7,7,0,0,24,37,0,0,24,37,California
Mono,2020-12-22,67,104,65,95,2,9,0,0,67,104,0,0,67,104,California
Mono,2020-12-23,71,175,43,138,28,37,0,0,71,175,0,0,71,175,California
Mono,2020-12-24,3,178,1,139,2,39,0,0,3,178,0,0,3,178,California
Mono,2020-12-26,3,181,3,142,0,39,0,0,3,181,0,0,3,181,California
Mono,2020-12-27,1,182,0,142,1,40,0,0,1,182,0,0,1,182,California
Mono,2020-12-28,94,276,63,205,31,71,0,0,94,276,0,0,94,276,California
Mono,2020-12-29,29,305,29,234,0,71,0,0,29,305,0,0,29,305,California
Mono,2020-12-30,77,382,36,270,41,112,0,0,77,382,0,0,77,382,California
Mono,2020-12-31,4,386,1,271,3,115,0,0,4,386,0,0,4,386,California
Mono,2021-01-01,4,390,4,275,0,115,0,0,4,390,0,0,4,390,California
Mono,2021-01-02,2,392,2,277,0,115,0,0,2,392,0,0,2,392,California
Mono,2021-01-04,2,394,0,277,2,117,0,0,2,394,0,0,2,394,California
Mono,2021-01-05,45,439,2,279,43,160,0,0,44,437,1,1,44,438,California
Mono,2021-01-06,44,483,0,279,44,204,0,0,44,481,0,1,44,482,California
Mono,2021-01-07,55,538,3,282,52,256,0,0,53,533,2,3,54,536,California
Mono,2021-01-08,2,540,1,283,1,257,0,0,1,533,1,4,1,537,California
Mono,2021-01-09,4,544,4,287,0,257,0,0,0,529,4,8,0,537,California
Mono,2021-01-10,5,549,5,292,0,257,0,0,0,524,5,13,0,537,California
Mono,2021-01-11,8,557,5,297,3,260,0,0,4,524,4,17,4,541,California
Mono,2021-01-12,283,840,75,372,208,468,0,0,219,680,63,80,219,760,California
Mono,2021-01-13,234,1074,73,445,161,629,0,0,179,804,55,135,179,939,California
Mono,2021-01-14,74,1148,72,517,2,631,0,0,73,876,1,136,73,1012,California
Mono,2021-01-15,65,1213,3,520,62,693,0,0,65,941,0,136,65,1077,California
Mono,2021-01-16,4,1217,3,523,1,694,0,0,1,939,3,139,1,1078,California
Mono,2021-01-18,64,1281,55,578,9,703,0,0,2,879,62,201,2,1080,California
Mono,2021-01-19,210,1491,207,785,3,706,0,0,172,1014,38,239,173,1253,California
Mono,2021-01-20,236,1727,201,986,35,741,0,0,173,1124,63,302,173,1426,California
Mono,2021-01-21,4,1731,4,990,0,741,0,0,4,1128,0,302,4,1430,California
Mono,2021-01-22,4,1735,0,990,4,745,0,0,4,1132,0,302,4,1434,California
Mono,2021-01-23,590,2325,590,1580,0,745,0,0,589,1720,1,303,589,2023,California
Mono,2021-01-24,1,2326,0,1580,1,746,0,0,0,1719,1,304,0,2023,California
Mono,2021-01-25,200,2526,162,1742,38,784,0,0,161,1841,39,343,161,2184,California
Mono,2021-01-26,500,3026,498,2240,2,786,0,0,494,2329,6,349,494,2678,California
Mono,2021-01-27,4,3030,0,2240,4,790,0,0,4,2333,0,349,4,2682,California
Mono,2021-01-28,6,3036,2,2242,4,794,0,0,2,2331,4,353,2,2684,California
Mono,2021-01-30,197,3233,195,2437,2,796,0,0,196,2526,1,354,196,2880,California
Mono,2021-01-31,241,3474,136,2573,105,901,0,0,137,2559,104,458,137,3017,California
Mono,2021-02-01,27,3501,27,2600,0,901,0,0,0,2532,27,485,0,3017,California
Mono,2021-02-02,5,3506,0,2600,5,906,0,0,2,2531,3,488,2,3019,California
Mono,2021-02-03,4,3510,2,2602,2,908,0,0,2,2531,2,490,2,3021,California
Mono,2021-02-04,214,3724,159,2761,55,963,0,0,91,2501,121,611,91,3112,California
Mono,2021-02-05,611,4335,605,3366,6,969,0,0,608,3106,3,614,608,3720,California
Mono,2021-02-06,135,4470,134,3500,1,970,0,0,134,3239,1,615,134,3854,California
Mono,2021-02-07,2,4472,0,3500,2,972,0,0,2,3241,0,615,2,3856,California
Mono,2021-02-08,171,4643,171,3671,0,972,0,0,15,3101,155,770,15,3871,California
Mono,2021-02-09,231,4874,6,3677,225,1197,0,0,14,2898,217,987,14,3885,California
Mono,2021-02-10,542,5416,188,3865,354,1551,0,0,198,2753,344,1331,199,4084,California
Mono,2021-02-11,8,5424,5,3870,3,1554,0,0,3,2751,5,1336,3,4087,California
Mono,2021-02-12,89,5513,21,3891,68,1622,0,0,27,2716,62,1398,27,4114,California
Mono,2021-02-13,586,6099,584,4475,2,1624,0,0,26,2183,559,1957,26,4140,California
Mono,2021-02-15,167,6266,165,4640,2,1626,0,0,2,2022,163,2120,2,4142,California
Mono,2021-02-16,520,6786,516,5156,4,1630,0,0,45,1596,472,2592,46,4188,California
Mono,2021-02-17,6,6792,1,5157,5,1635,0,0,2,1594,4,2596,2,4190,California
Mono,2021-02-18,4,6796,2,5159,2,1637,0,0,3,1596,1,2597,3,4193,California
Mono,2021-02-19,56,6852,55,5214,1,1638,0,0,56,1652,0,2597,56,4249,California
Mono,2021-02-20,4,6856,4,5218,0,1638,0,0,4,1656,0,2597,4,4253,California
Mono,2021-02-21,6,6862,6,5224,0,1638,0,0,4,1658,2,2599,4,4257,California
Mono,2021-02-22,292,7154,291,5515,1,1639,0,0,26,1419,265,2864,26,4283,California
Mono,2021-02-23,147,7301,126,5641,21,1660,0,0,25,1322,122,2986,25,4308,California
Mono,2021-02-24,10,7311,2,5643,8,1668,0,0,3,1318,7,2993,3,4311,California
Mono,2021-02-25,5,7316,2,5645,3,1671,0,0,3,1320,1,2994,3,4314,California
Mono,2021-02-26,596,7912,594,6239,2,1673,0,0,21,767,574,3568,21,4335,California
Mono,2021-02-27,138,8050,134,6373,4,1677,0,0,4,639,132,3700,4,4339,California
Mono,2021-02-28,1,8051,0,6373,0,1677,1,1,0,639,1,3701,1,4340,California
Mono,2021-03-01,3,8054,2,6375,1,1678,0,1,2,641,0,3701,2,4342,California
Mono,2021-03-02,6,8060,4,6379,2,1680,0,1,4,643,2,3703,4,4346,California
Mono,2021-03-03,113,8173,3,6382,110,1790,0,1,109,749,3,3706,109,4455,California
Mono,2021-03-04,6,8179,2,6384,4,1794,0,1,3,749,3,3709,3,4458,California
Mono,2021-03-05,37,8216,28,6412,9,1803,0,1,13,738,24,3733,13,4471,California
Mono,2021-03-06,506,8722,18,6430,488,2291,0,1,497,1229,7,3740,498,4969,California
Mono,2021-03-07,1,8723,0,6430,1,2292,0,1,0,1228,1,3741,0,4969,California
Mono,2021-03-08,531,9254,11,6441,517,2809,3,4,521,1742,10,3751,524,5493,California
Mono,2021-03-09,6,9260,2,6443,3,2812,1,5,3,1744,2,3753,4,5497,California
Mono,2021-03-10,287,9547,91,6534,193,3005,3,8,8,1479,276,4029,11,5508,California
Mono,2021-03-11,10,9557,0,6534,1,3006,9,17,0,1478,10,4039,9,5517,California
Mono,2021-03-12,6,9563,1,6535,1,3007,4,21,0,1476,6,4045,4,5521,California
Mono,2021-03-13,822,10385,384,6919,438,3445,0,21,812,2278,10,4055,812,6333,California
Mono,2021-03-14,5,10390,5,6924,0,3445,0,21,1,2275,4,4059,1,6334,California
Mono,2021-03-15,31,10421,23,6947,3,3448,5,26,14,2278,16,4075,19,6353,California
Mono,2021-03-16,16,10437,6,6953,4,3452,6,32,8,2284,8,4083,14,6367,California
Mono,2021-03-17,33,10470,5,6958,20,3472,8,40,21,2301,12,4095,29,6396,California
Mono,2021-03-18,21,10491,2,6960,11,3483,8,48,8,2304,13,4108,16,6412,California
Mono,2021-03-19,21,10512,1,6961,17,3500,3,51,17,2321,3,4111,20,6432,California
Mono,2021-03-20,5,10517,3,6964,1,3501,1,52,4,2325,1,4112,5,6437,California
Mono,2021-03-21,1,10518,1,6965,0,3501,0,52,1,2326,0,4112,1,6438,California
Mono,2021-03-22,11,10529,0,6965,6,3507,5,57,5,2330,6,4118,10,6448,California
Mono,2021-03-23,43,10572,6,6971,32,3539,5,62,17,2326,26,4144,22,6470,California
Mono,2021-03-24,14,10586,1,6972,8,3547,5,67,5,2328,9,4153,11,6481,California
Mono,2021-03-25,19,10605,3,6975,12,3559,4,71,12,2337,7,4160,16,6497,California
Mono,2021-03-26,19,10624,3,6978,11,3570,5,76,10,2344,8,4168,15,6512,California
Mono,2021-03-27,353,10977,350,7328,3,3573,0,76,326,2643,27,4195,326,6838,California
Mono,2021-03-29,10,10987,3,7331,6,3579,1,77,8,2650,2,4197,9,6847,California
Mono,2021-03-30,12,10999,0,7331,8,3587,4,81,7,2656,5,4202,11,6858,California
Mono,2021-03-31,134,11133,7,7338,126,3713,1,82,23,2570,110,4312,24,6882,California
Mono,2021-04-01,9,11142,0,7338,8,3721,1,83,4,2570,5,4317,5,6887,California
Mono,2021-04-02,19,11161,2,7340,17,3738,0,83,8,2567,11,4328,8,6895,California
Mono,2021-04-03,862,12023,371,7711,491,4229,0,83,48,1804,811,5139,48,6943,California
Mono,2021-04-04,1,12024,1,7712,0,4229,0,83,0,1803,1,5140,0,6943,California
Mono,2021-04-05,529,12553,18,7730,510,4739,1,84,35,1346,493,5633,36,6979,California
Mono,2021-04-06,19,12572,1,7731,5,4744,13,97,1,1342,18,5651,14,6993,California
Mono,2021-04-07,23,12595,2,7733,2,4746,19,116,2,1342,21,5672,21,7014,California
Mono,2021-04-08,26,12621,4,7737,3,4749,19,135,6,1347,20,5692,25,7039,California
Mono,2021-04-09,39,12660,4,7741,6,4755,29,164,9,1355,30,5722,38,7077,California
Mono,2021-04-10,451,13111,2,7743,442,5197,7,171,30,971,421,6143,37,7114,California
Mono,2021-04-11,1,13112,1,7744,0,5197,0,171,0,970,1,6144,0,7114,California
Mono,2021-04-12,6,13118,0,7744,3,5200,3,174,3,973,3,6147,6,7120,California
Mono,2021-04-13,19,13137,2,7746,16,5216,1,175,13,981,6,6153,14,7134,California
Mono,2021-04-14,26,13163,2,7748,24,5240,0,175,8,971,18,6171,8,7142,California
Mono,2021-04-15,18,13181,4,7752,14,5254,0,175,10,973,8,6179,10,7152,California
Mono,2021-04-16,18,13199,1,7753,17,5271,0,175,7,969,11,6190,7,7159,California
Mono,2021-04-17,52,13251,2,7755,50,5321,0,175,45,1007,7,6197,45,7204,California
Mono,2021-04-18,1,13252,0,7755,1,5322,0,175,1,1008,0,6197,1,7205,California
Mono,2021-04-19,538,13790,329,8084,209,5531,0,175,202,877,333,6530,202,7407,California
Mono,2021-04-20,15,13805,2,8086,13,5544,0,175,10,882,5,6535,10,7417,California
Mono,2021-04-21,7,13812,0,8086,7,5551,0,175,2,879,5,6540,2,7419,California
Mono,2021-04-22,25,13837,11,8097,14,5565,0,175,11,876,14,6554,11,7430,California
Mono,2021-04-23,22,13859,2,8099,20,5585,0,175,12,878,10,6564,12,7442,California
Mono,2021-04-24,35,13894,21,8120,14,5599,0,175,20,883,15,6579,20,7462,California
Mono,2021-04-25,3,13897,2,8122,1,5600,0,175,3,886,0,6579,3,7465,California
Mono,2021-04-26,12,13909,2,8124,10,5610,0,175,3,880,9,6588,3,7468,California
Mono,2021-04-27,68,13977,42,8166,19,5629,7,182,52,923,16,6604,59,7527,California
Mono,2021-04-28,62,14039,40,8206,18,5647,4,186,48,963,12,6616,52,7579,California
Mono,2021-04-29,10,14049,3,8209,4,5651,3,189,3,962,7,6623,6,7585,California
Mono,2021-04-30,19,14068,3,8212,12,5663,4,193,8,963,11,6634,12,7597,California
Mono,2021-05-01,109,14177,5,8217,104,5767,0,193,96,1047,12,6646,96,7693,California
Mono,2021-05-02,1,14178,1,8218,0,5767,0,193,1,1048,0,6646,1,7694,California
Mono,2021-05-03,2,14180,1,8219,1,5768,0,193,1,1048,1,6647,1,7695,California
Mono,2021-05-04,19,14199,0,8219,13,5781,6,199,10,1055,9,6656,16,7711,California
Mono,2021-05-05,52,14251,8,8227,40,5821,4,203,45,1097,7,6663,49,7760,California
Mono,2021-05-06,16,14267,4,8231,11,5832,1,204,10,1102,6,6669,11,7771,California
Mono,2021-05-07,30,14297,22,8253,8,5840,0,204,25,1122,5,6674,25,7796,California
Mono,2021-05-08,53,14350,7,8260,46,5886,0,204,24,1117,29,6703,24,7820,California
Mono,2021-05-09,1,14351,1,8261,0,5886,0,204,0,1117,0,6703,0,7820,California
Mono,2021-05-10,18,14369,1,8262,13,5899,4,208,9,1121,9,6712,13,7833,California
Mono,2021-05-11,15,14384,2,8264,10,5909,3,211,5,1119,10,6722,8,7841,California
Mono,2021-05-12,12,14396,0,8264,11,5920,1,212,4,1116,8,6730,5,7846,California
Mono,2021-05-13,47,14443,31,8295,15,5935,1,213,38,1146,9,6739,39,7885,California
Mono,2021-05-14,11,14454,1,8296,9,5944,1,214,6,1148,5,6744,7,7892,California
Mono,2021-05-15,66,14520,24,8320,35,5979,7,221,19,1127,47,6791,26,7918,California
Mono,2021-05-16,6,14526,4,8324,1,5980,1,222,2,1126,4,6795,3,7921,California
Mono,2021-05-17,250,14776,34,8358,209,6189,7,229,54,993,195,6990,62,7983,California
Mono,2021-05-18,134,14910,110,8468,23,6212,1,230,87,1035,47,7037,89,8072,California
Mono,2021-05-19,119,15029,112,8580,2,6214,5,235,75,1071,44,7081,80,8152,California
Mono,2021-05-20,71,15100,56,8636,10,6224,5,240,54,1113,17,7098,59,8211,California
Mono,2021-05-21,23,15123,4,8640,16,6240,3,243,10,1113,13,7111,13,8224,California
Mono,2021-05-22,22,15145,12,8652,8,6248,2,245,16,1125,6,7117,18,8242,California
Mono,2021-05-23,2,15147,0,8652,2,6250,0,245,1,1125,1,7118,1,8243,California
Mono,2021-05-24,16,15163,2,8654,13,6263,1,246,9,1129,7,7125,11,8254,California
Mono,2021-05-25,15,15178,5,8659,10,6273,0,246,8,1130,7,7132,8,8262,California
Mono,2021-05-26,18,15196,2,8661,15,6288,1,247,7,1127,11,7143,8,8270,California
Mono,2021-05-27,8,15204,0,8661,8,6296,0,247,5,1130,2,7145,5,8275,California
Mono,2021-05-28,42,15246,28,8689,14,6310,0,247,11,1110,31,7176,11,8286,California
Mono,2021-05-29,129,15375,27,8716,99,6409,3,250,32,1048,97,7273,35,8321,California
Mono,2021-06-01,16,15391,7,8723,9,6418,0,250,9,1050,7,7280,9,8330,California
Mono,2021-06-02,47,15438,4,8727,43,6461,0,250,10,1023,37,7317,10,8340,California
Mono,2021-06-03,11,15449,1,8728,7,6468,3,253,1,1017,10,7327,4,8344,California
Mono,2021-06-04,12,15461,1,8729,10,6478,1,254,3,1012,9,7336,4,8348,California
Mono,2021-06-05,44,15505,23,8752,21,6499,0,254,5,978,39,7375,5,8353,California
Mono,2021-06-06,1,15506,0,8752,1,6500,0,254,0,977,1,7376,0,8353,California
Mono,2021-06-07,99,15605,87,8839,8,6508,4,258,12,906,87,7463,16,8369,California
Mono,2021-06-08,113,15718,103,8942,8,6516,2,260,12,819,101,7564,14,8383,California
Mono,2021-06-09,6,15724,1,8943,5,6521,0,260,1,815,5,7569,1,8384,California
Mono,2021-06-10,6,15730,0,8943,4,6525,2,262,2,815,4,7573,4,8388,California
Mono,2021-06-11,74,15804,62,9005,7,6532,5,267,6,758,68,7641,11,8399,California
Mono,2021-06-12,1,15805,1,9006,0,6532,0,267,0,757,1,7642,0,8399,California
Mono,2021-06-13,1,15806,0,9006,1,6533,0,267,1,758,0,7642,1,8400,California
Mono,2021-06-14,65,15871,30,9036,29,6562,6,273,20,739,45,7687,26,8426,California
Mono,2021-06-15,8,15879,5,9041,3,6565,0,273,4,739,4,7691,4,8430,California
Mono,2021-06-16,14,15893,5,9046,9,6574,0,273,6,737,8,7699,6,8436,California
Mono,2021-06-17,6,15899,1,9047,3,6577,2,275,2,737,4,7703,4,8440,California
Mono,2021-06-18,5,15904,3,9050,1,6578,1,276,1,736,3,7706,2,8442,California
Mono,2021-06-19,3,15907,3,9053,0,6578,0,276,3,739,0,7706,3,8445,California
Mono,2021-06-20,1,15908,0,9053,1,6579,0,276,0,738,1,7707,0,8445,California
Mono,2021-06-21,14,15922,2,9055,10,6589,2,278,3,733,10,7717,5,8450,California
Mono,2021-06-22,13,15935,2,9057,10,6599,1,279,4,730,8,7725,5,8455,California
Mono,2021-06-23,12,15947,0,9057,6,6605,6,285,2,729,10,7735,9,8464,California
Mono,2021-06-24,7,15954,0,9057,5,6610,2,287,2,728,5,7740,4,8468,California
Mono,2021-06-25,33,15987,22,9079,11,6621,0,287,7,709,26,7766,7,8475,California
Mono,2021-06-26,1,15988,1,9080,0,6621,0,287,0,708,1,7767,0,8475,California
Mono,2021-06-28,11,15999,7,9087,1,6622,3,290,2,704,9,7776,5,8480,California
Mono,2021-06-29,2,16001,2,9089,0,6622,0,290,2,706,0,7776,2,8482,California
Mono,2021-06-30,6,16007,1,9090,3,6625,2,292,3,708,3,7779,5,8487,California
Mono,2021-07-01,8,16015,1,9091,4,6629,3,295,2,707,6,7785,5,8492,California
Mono,2021-07-02,37,16052,34,9125,2,6631,1,296,13,697,24,7809,14,8506,California
Monterey,2020-12-16,6,6,6,6,0,0,0,0,6,6,0,0,6,6,California
Monterey,2020-12-17,87,93,87,93,0,0,0,0,87,93,0,0,87,93,California
Monterey,2020-12-18,488,581,488,581,0,0,0,0,488,581,0,0,488,581,California
Monterey,2020-12-19,582,1163,581,1162,1,1,0,0,581,1162,0,0,581,1162,California
Monterey,2020-12-20,421,1584,420,1582,1,2,0,0,421,1583,0,0,421,1583,California
Monterey,2020-12-21,724,2308,724,2306,0,2,0,0,724,2307,0,0,724,2307,California
Monterey,2020-12-22,536,2844,523,2829,13,15,0,0,536,2843,0,0,536,2843,California
Monterey,2020-12-23,442,3286,266,3095,176,191,0,0,442,3285,0,0,442,3285,California
Monterey,2020-12-24,84,3370,10,3105,74,265,0,0,84,3369,0,0,84,3369,California
Monterey,2020-12-25,6,3376,0,3105,6,271,0,0,6,3375,0,0,6,3375,California
Monterey,2020-12-26,92,3468,5,3110,87,358,0,0,92,3467,0,0,92,3467,California
Monterey,2020-12-27,6,3474,3,3113,3,361,0,0,6,3473,0,0,6,3473,California
Monterey,2020-12-28,477,3951,25,3138,452,813,0,0,477,3950,0,0,477,3950,California
Monterey,2020-12-29,901,4852,168,3306,733,1546,0,0,901,4851,0,0,901,4851,California
Monterey,2020-12-30,567,5419,98,3404,469,2015,0,0,567,5418,0,0,567,5418,California
Monterey,2020-12-31,33,5452,11,3415,22,2037,0,0,33,5451,0,0,33,5451,California
Monterey,2021-01-01,13,5465,3,3418,10,2047,0,0,13,5464,0,0,13,5464,California
Monterey,2021-01-02,137,5602,134,3552,3,2050,0,0,137,5601,0,0,137,5601,California
Monterey,2021-01-03,30,5632,29,3581,1,2051,0,0,30,5631,0,0,30,5631,California
Monterey,2021-01-04,412,6044,19,3600,393,2444,0,0,412,6043,0,0,412,6043,California
Monterey,2021-01-05,758,6802,330,3930,428,2872,0,0,744,6773,14,14,744,6787,California
Monterey,2021-01-06,662,7464,175,4105,487,3359,0,0,638,7387,24,38,638,7425,California
Monterey,2021-01-07,753,8217,577,4682,176,3535,0,0,425,7486,326,364,425,7850,California
Monterey,2021-01-08,1094,9311,739,5421,355,3890,0,0,395,7182,699,1063,395,8245,California
Monterey,2021-01-09,963,10274,933,6354,30,3920,0,0,311,6843,650,1713,311,8556,California
Monterey,2021-01-10,272,10546,270,6624,2,3922,0,0,8,6587,264,1977,8,8564,California
Monterey,2021-01-11,1068,11614,986,7610,82,4004,0,0,365,6249,703,2680,365,8929,California
Monterey,2021-01-12,474,12088,395,8005,79,4083,0,0,210,6195,264,2944,210,9139,California
Monterey,2021-01-13,1222,13310,595,8600,627,4710,0,0,1176,7325,46,2990,1176,10315,California
Monterey,2021-01-14,1200,14510,244,8844,956,5666,0,0,1180,8489,20,3010,1184,11499,California
Monterey,2021-01-15,1057,15567,46,8890,1011,6677,0,0,1045,9522,12,3022,1045,12544,California
Monterey,2021-01-16,365,15932,300,9190,65,6742,0,0,360,9877,5,3027,360,12904,California
Monterey,2021-01-17,313,16245,293,9483,20,6762,0,0,301,10166,12,3039,301,13205,California
Monterey,2021-01-18,399,16644,49,9532,350,7112,0,0,377,10521,22,3061,377,13582,California
Monterey,2021-01-19,584,17228,399,9931,185,7297,0,0,421,10781,161,3222,421,14003,California
Monterey,2021-01-20,543,17771,270,10201,273,7570,0,0,334,10906,209,3431,334,14337,California
Monterey,2021-01-21,871,18642,115,10316,756,8326,0,0,759,11557,112,3543,763,15100,California
Monterey,2021-01-22,1071,19713,200,10516,871,9197,0,0,1030,12546,41,3584,1030,16130,California
Monterey,2021-01-23,244,19957,175,10691,69,9266,0,0,120,12545,123,3707,122,16252,California
Monterey,2021-01-24,61,20018,38,10729,23,9289,0,0,27,12538,34,3741,27,16279,California
Monterey,2021-01-25,802,20820,176,10905,626,9915,0,0,176,12095,619,4360,176,16455,California
Monterey,2021-01-26,955,21775,234,11139,721,10636,0,0,253,11646,702,5062,253,16708,California
Monterey,2021-01-27,855,22630,299,11438,556,11192,0,0,373,11537,482,5544,373,17081,California
Monterey,2021-01-28,2031,24661,741,12179,1290,12482,0,0,1688,12884,343,5887,1690,18771,California
Monterey,2021-01-29,1283,25944,715,12894,568,13050,0,0,1165,13933,117,6004,1166,19937,California
Monterey,2021-01-30,465,26409,295,13189,170,13220,0,0,209,13886,256,6260,209,20146,California
Monterey,2021-01-31,496,26905,74,13263,422,13642,0,0,485,14361,11,6271,486,20632,California
Monterey,2021-02-01,1641,28546,1126,14389,515,14157,0,0,1073,14867,567,6838,1073,21705,California
Monterey,2021-02-02,2188,30734,477,14866,1711,15868,0,0,1575,15830,612,7450,1575,23280,California
Monterey,2021-02-03,2346,33080,1053,15919,1293,17161,0,0,1564,16616,778,8228,1564,24844,California
Monterey,2021-02-04,2818,35898,2102,18021,716,17877,0,0,2464,18731,349,8577,2464,27308,California
Monterey,2021-02-05,3675,39573,2828,20849,847,18724,0,0,3233,21527,437,9014,3233,30541,California
Monterey,2021-02-06,1101,40674,379,21228,722,19446,0,0,756,21941,342,9356,756,31297,California
Monterey,2021-02-07,317,40991,272,21500,45,19491,0,0,96,21816,221,9577,96,31393,California
Monterey,2021-02-08,520,41511,291,21791,229,19720,0,0,421,22138,99,9676,421,31814,California
Monterey,2021-02-09,880,42391,684,22475,196,19916,0,0,568,22396,312,9988,570,32384,California
Monterey,2021-02-10,2095,44486,1106,23581,989,20905,0,0,1236,22775,859,10847,1238,33622,California
Monterey,2021-02-11,2522,47008,977,24558,1545,22450,0,0,1537,23331,983,11830,1539,35161,California
Monterey,2021-02-12,2626,49634,447,25005,2179,24629,0,0,1524,23755,1101,12931,1525,36686,California
Monterey,2021-02-13,1079,50713,50,25055,1029,25658,0,0,989,24655,89,13020,989,37675,California
Monterey,2021-02-14,598,51311,74,25129,524,26182,0,0,525,25107,73,13093,525,38200,California
Monterey,2021-02-15,1387,52698,167,25296,1220,27402,0,0,979,25681,406,13499,980,39180,California
Monterey,2021-02-16,1098,53796,248,25544,850,28252,0,0,871,26325,227,13726,871,40051,California
Monterey,2021-02-17,1973,55769,1180,26724,793,29045,0,0,1657,27669,315,14041,1659,41710,California
Monterey,2021-02-18,2244,58013,1180,27904,1064,30109,0,0,911,27263,1319,15360,913,42623,California
Monterey,2021-02-19,2961,60974,1544,29448,1417,31526,0,0,1349,27004,1610,16970,1351,43974,California
Monterey,2021-02-20,1040,62014,627,30075,413,31939,0,0,977,27920,62,17032,978,44952,California
Monterey,2021-02-21,1330,63344,1299,31374,31,31970,0,0,1251,29097,75,17107,1252,46204,California
Monterey,2021-02-22,1061,64405,907,32281,154,32124,0,0,682,29403,376,17483,682,46886,California
Monterey,2021-02-23,1021,65426,650,32931,371,32495,0,0,329,29042,691,18174,330,47216,California
Monterey,2021-02-24,2548,67974,1321,34252,1227,33722,0,0,1917,30334,626,18800,1918,49134,California
Monterey,2021-02-25,4419,72393,2421,36673,1998,35720,0,0,1475,28875,2936,21736,1477,50611,California
Monterey,2021-02-26,5304,77697,3087,39760,2217,37937,0,0,2632,28839,2669,24405,2633,53244,California
Monterey,2021-02-27,1026,78723,187,39947,839,38776,0,0,816,29450,205,24610,816,54060,California
Monterey,2021-02-28,1536,80259,86,40033,1449,40225,1,1,1067,30055,463,25073,1068,55128,California
Monterey,2021-03-01,1295,81554,143,40176,1149,41374,3,4,752,30274,536,25609,755,55883,California
Monterey,2021-03-02,2816,84370,1733,41909,1083,42457,0,4,1954,31370,858,26467,1954,57837,California
Monterey,2021-03-03,3221,87591,1246,43155,1975,44432,0,4,1283,30720,1934,28401,1284,59121,California
Monterey,2021-03-04,4576,92167,1476,44631,3100,47532,0,4,2944,32040,1626,30027,2946,62067,California
Monterey,2021-03-05,3676,95843,1620,46251,1776,49308,280,284,3002,34649,673,30700,3282,65349,California
Monterey,2021-03-06,5065,100908,1069,47320,3692,53000,304,588,4159,38207,903,31603,4461,69810,California
Monterey,2021-03-07,522,101430,107,47427,169,53169,246,834,233,38395,288,31891,476,70286,California
Monterey,2021-03-08,1674,103104,329,47756,957,54126,388,1222,1128,39362,546,32437,1513,71799,California
Monterey,2021-03-09,1992,105096,699,48455,1018,55144,275,1497,1488,40619,503,32940,1760,73559,California
Monterey,2021-03-10,3189,108285,1034,49489,1668,56812,487,1984,1471,40863,1711,34651,1955,75514,California
Monterey,2021-03-11,4167,112452,1412,50901,2380,59192,375,2359,2392,41864,1766,36417,2767,78281,California
Monterey,2021-03-12,4427,116879,2047,52948,2245,61437,135,2494,2729,43032,1695,38112,2863,81144,California
Monterey,2021-03-13,5311,122190,962,53910,4002,65439,347,2841,3981,46032,1328,39440,4328,85472,California
Monterey,2021-03-14,2157,124347,1326,55236,806,66245,25,2866,514,44945,1626,41066,539,86011,California
Monterey,2021-03-15,3993,128340,1274,56510,2416,68661,303,3169,2252,45765,1736,42802,2556,88567,California
Monterey,2021-03-16,3548,131888,593,57103,2564,71225,391,3560,2118,46843,1427,44229,2505,91072,California
Monterey,2021-03-17,5825,137713,2367,59470,3200,74425,258,3818,4202,49694,1614,45843,4465,95537,California
Monterey,2021-03-18,4465,142178,2167,61637,2129,76554,169,3987,3103,51646,1357,47200,3309,98846,California
Monterey,2021-03-19,5511,147689,2578,64215,2787,79341,146,4133,4222,54729,1284,48484,4367,103213,California
Monterey,2021-03-20,3372,151061,425,64640,2254,81595,693,4826,2282,56618,1086,49570,2975,106188,California
Monterey,2021-03-21,641,151702,214,64854,418,82013,9,4835,569,57125,70,49640,577,106765,California
Monterey,2021-03-22,2504,154206,1444,66298,997,83010,63,4898,2284,59253,217,49857,2345,109110,California
Monterey,2021-03-23,4028,158234,2361,68659,1624,84634,43,4941,2548,60369,1475,51332,2591,111701,California
Monterey,2021-03-24,5130,163364,2124,70783,2687,87321,319,5260,3738,63037,1385,52717,4053,115754,California
Monterey,2021-03-25,5334,168698,1229,72012,3746,91067,359,5619,2691,63454,2634,55351,3051,118805,California
Monterey,2021-03-26,5459,174157,2613,74625,2760,93827,86,5705,2760,63614,2688,58039,2848,121653,California
Monterey,2021-03-27,4857,179014,1451,76076,3151,96978,255,5960,3129,65275,1725,59764,3386,125039,California
Monterey,2021-03-28,1127,180141,346,76422,772,97750,9,5969,632,65429,487,60251,641,125680,California
Monterey,2021-03-29,3232,183373,1418,77840,1800,99550,14,5983,2006,66236,1218,61469,2025,127705,California
Monterey,2021-03-30,4522,187895,2141,79981,2335,101885,46,6029,2776,67326,1735,63204,2825,130530,California
Monterey,2021-03-31,5313,193208,2299,82280,2216,104101,798,6827,3320,69447,1988,65192,4109,134639,California
Monterey,2021-04-01,6153,199361,2065,84345,3676,107777,412,7239,3115,69946,3022,68214,3521,138160,California
Monterey,2021-04-02,4707,204068,2188,86533,2455,110232,64,7303,3165,71637,1540,69754,3231,141391,California
Monterey,2021-04-03,5945,210013,1119,87652,3780,114012,1046,8349,1234,69207,4702,74456,2272,143663,California
Monterey,2021-04-04,769,210782,157,87809,597,114609,15,8364,497,69449,272,74728,514,144177,California
Monterey,2021-04-05,4041,214823,2497,90306,1308,115917,236,8600,1507,68661,2529,77257,1741,145918,California
Monterey,2021-04-06,3454,218277,1356,91662,1625,117542,473,9073,1188,68056,2262,79519,1657,147575,California
Monterey,2021-04-07,5652,223929,1392,93054,3741,121283,519,9592,2708,68345,2933,82452,3222,150797,California
Monterey,2021-04-08,6696,230625,3515,96569,2370,123653,811,10403,3305,69076,3386,85838,4117,154914,California
Monterey,2021-04-09,5773,236398,3437,100006,1695,125348,641,11044,2295,68533,3475,89313,2932,157846,California
Monterey,2021-04-10,10301,246699,4963,104969,3129,128477,2209,13253,5000,70447,5288,94601,7202,165048,California
Monterey,2021-04-11,5516,252215,4338,109307,571,129048,607,13860,4466,74470,1044,95645,5067,170115,California
Monterey,2021-04-12,4157,256372,1883,111190,1958,131006,316,14176,963,72693,3055,98700,1278,171393,California
Monterey,2021-04-13,3227,259599,742,111932,2479,133485,6,14182,1551,72594,1658,100358,1559,172952,California
Monterey,2021-04-14,6855,266454,3189,115121,3663,137148,3,14185,1865,69497,4966,105324,1869,174821,California
Monterey,2021-04-15,5922,272376,3911,119032,2011,139159,0,14185,3886,71379,2005,107329,3887,178708,California
Monterey,2021-04-16,4789,277165,2334,121366,2442,141601,13,14198,2141,70902,2632,109961,2155,180863,California
Monterey,2021-04-17,5860,283025,1400,122766,4460,146061,0,14198,3799,72657,2045,112006,3800,184663,California
Monterey,2021-04-18,885,283910,292,123058,593,146654,0,14198,258,72292,623,112629,258,184921,California
Monterey,2021-04-19,3622,287532,1159,124217,2463,149117,0,14198,1648,71980,1960,114589,1648,186569,California
Monterey,2021-04-20,3848,291380,1548,125765,2300,151417,0,14198,1528,71213,2296,116885,1529,188098,California
Monterey,2021-04-21,6194,297574,3375,129140,2819,154236,0,14198,2960,70981,3194,120079,2962,191060,California
Monterey,2021-04-22,4899,302473,1070,130210,3829,158065,0,14198,1999,70124,2856,122935,1999,193059,California
Monterey,2021-04-23,5753,308226,2714,132924,3038,161103,1,14199,2267,68932,3465,126400,2273,195332,California
Monterey,2021-04-24,4291,312517,582,133506,3709,164812,0,14199,1547,67752,2727,129127,1547,196879,California
Monterey,2021-04-25,1247,313764,608,134114,639,165451,0,14199,788,68091,449,129576,788,197667,California
Monterey,2021-04-26,3785,317549,2243,136357,1525,166976,17,14216,983,66315,2776,132352,1000,198667,California
Monterey,2021-04-27,2884,320433,945,137302,1799,168775,140,14356,1222,66018,1658,134010,1361,200028,California
Monterey,2021-04-28,3665,324098,1401,138703,2111,170886,153,14509,2254,67023,1396,135406,2401,202429,California
Monterey,2021-04-29,4552,328650,2438,141141,2038,172924,76,14585,1667,65896,2871,138277,1744,204173,California
Monterey,2021-04-30,3244,331894,1685,142826,1484,174408,75,14660,832,64398,2403,140680,905,205078,California
Monterey,2021-05-01,5644,337538,4238,147064,1366,175774,40,14700,686,60185,4937,145617,724,205802,California
Monterey,2021-05-02,4351,341889,3924,150988,400,176174,27,14727,302,56479,4035,149652,329,206131,California
Monterey,2021-05-03,2546,344435,1567,152555,865,177039,114,14841,583,55223,1953,151605,697,206828,California
Monterey,2021-05-04,1826,346261,627,153182,1109,178148,90,14931,660,54822,1152,152757,751,207579,California
Monterey,2021-05-05,3382,349643,1243,154425,2054,180202,85,15016,1073,53683,2298,155055,1159,208738,California
Monterey,2021-05-06,4219,353862,2781,157206,1221,181423,217,15233,1123,51941,3081,158136,1339,210077,California
Monterey,2021-05-07,1970,355832,954,158160,918,182341,98,15331,704,51485,1257,159393,801,210878,California
Monterey,2021-05-08,2717,358549,1483,159643,911,183252,323,15654,964,51030,1741,161134,1286,212164,California
Monterey,2021-05-09,392,358941,113,159756,252,183504,27,15681,127,50920,264,161398,154,212318,California
Monterey,2021-05-10,2827,361768,2081,161837,699,184203,47,15728,527,49208,2288,163686,576,212894,California
Monterey,2021-05-11,1864,363632,952,162789,834,185037,78,15806,759,48954,1092,164778,838,213732,California
Monterey,2021-05-12,3929,367561,2075,164864,1771,186808,83,15889,876,46875,3039,167817,960,214692,California
Monterey,2021-05-13,2683,370244,1604,166468,1025,187833,54,15943,1536,47327,1136,168953,1588,216280,California
Monterey,2021-05-14,1872,372116,582,167050,1190,189023,100,16043,738,47041,1124,170077,838,217118,California
Monterey,2021-05-15,3389,375505,827,167877,2296,191319,266,16309,954,45835,2422,172499,1216,218334,California
Monterey,2021-05-16,983,376488,631,168508,281,191600,71,16380,283,45494,694,173193,353,218687,California
Monterey,2021-05-17,2245,378733,1341,169849,827,192427,77,16457,1069,45477,1163,174356,1146,219833,California
Monterey,2021-05-18,1758,380491,692,170541,1022,193449,44,16501,813,45400,936,175292,859,220692,California
Monterey,2021-05-19,3633,384124,2356,172897,1187,194636,90,16591,1938,45741,1689,176981,2030,222722,California
Monterey,2021-05-20,2785,386909,983,173880,1693,196329,109,16700,936,44954,1835,178816,1048,223770,California
Monterey,2021-05-21,3281,390190,1324,175204,1864,198193,93,16793,1010,43799,2257,181073,1102,224872,California
Monterey,2021-05-22,2133,392323,734,175938,1119,199312,280,17073,808,43571,1314,182387,1086,225958,California
Monterey,2021-05-23,874,393197,517,176455,341,199653,16,17089,501,43721,367,182754,517,226475,California
Monterey,2021-05-24,1739,394936,562,177017,1115,200768,62,17151,578,43206,1156,183910,641,227116,California
Monterey,2021-05-25,1434,396370,548,177565,816,201584,70,17221,567,42991,852,184762,637,227753,California
Monterey,2021-05-26,2677,399047,1031,178596,1589,203173,57,17278,1014,42415,1647,186409,1071,228824,California
Monterey,2021-05-27,2493,401540,1366,179962,1070,204243,57,17335,895,41786,1582,187991,953,229777,California
Monterey,2021-05-28,1744,403284,581,180543,1103,205346,60,17395,753,41620,980,188971,814,230591,California
Monterey,2021-05-29,990,404274,636,181179,321,205667,33,17428,403,41476,581,189552,437,231028,California
Monterey,2021-05-30,380,404654,164,181343,202,205869,14,17442,142,41395,237,189789,156,231184,California
Monterey,2021-05-31,187,404841,34,181377,144,206013,9,17451,53,41324,133,189922,62,231246,California
Monterey,2021-06-01,1722,406563,924,182301,666,206679,132,17583,530,40809,1173,191095,658,231904,California
Monterey,2021-06-02,1690,408253,978,183279,663,207342,49,17632,701,40575,984,192079,750,232654,California
Monterey,2021-06-03,2224,410477,1418,184697,771,208113,35,17667,518,39431,1696,193775,552,233206,California
Monterey,2021-06-04,1334,411811,688,185385,612,208725,34,17701,531,39201,795,194570,565,233771,California
Monterey,2021-06-05,2179,413990,857,186242,702,209427,620,18321,476,38601,1688,196258,1088,234859,California
Monterey,2021-06-06,494,414484,406,186648,79,209506,9,18330,252,38620,241,196499,260,235119,California
Monterey,2021-06-07,943,415427,488,187136,408,209914,47,18377,363,38458,570,197069,408,235527,California
Monterey,2021-06-08,1181,416608,740,187876,417,210331,24,18401,418,38147,752,197821,441,235968,California
Monterey,2021-06-09,2918,419526,2190,190066,602,210933,126,18527,641,36641,2273,200094,767,236735,California
Monterey,2021-06-10,1530,421056,940,191006,529,211462,61,18588,544,36265,979,201073,603,237338,California
Monterey,2021-06-11,1405,422461,766,191772,563,212025,76,18664,511,35963,887,201960,585,237923,California
Monterey,2021-06-12,749,423210,511,192283,223,212248,15,18679,351,35933,396,202356,366,238289,California
Monterey,2021-06-13,597,423807,463,192746,121,212369,13,18692,118,35588,475,202831,130,238419,California
Monterey,2021-06-14,1404,425211,1009,193755,361,212730,34,18726,367,34959,1030,203861,401,238820,California
Monterey,2021-06-15,1171,426382,597,194352,451,213181,123,18849,410,34740,752,204613,533,239353,California
Monterey,2021-06-16,1592,427974,1112,195464,447,213628,33,18882,408,34005,1176,205789,441,239794,California
Monterey,2021-06-17,1185,429159,689,196153,342,213970,154,19036,430,33837,751,206540,583,240377,California
Monterey,2021-06-18,1211,430370,731,196884,451,214421,29,19065,539,33739,666,207206,568,240945,California
Monterey,2021-06-19,1307,431677,1010,197894,266,214687,31,19096,491,33453,808,208014,522,241467,California
Monterey,2021-06-20,236,431913,158,198052,70,214757,8,19104,81,33388,155,208169,90,241557,California
Monterey,2021-06-21,678,432591,371,198423,272,215029,35,19139,387,33523,286,208455,421,241978,California
Monterey,2021-06-22,1527,434118,984,199407,354,215383,189,19328,503,33199,1011,209466,687,242665,California
Monterey,2021-06-23,1080,435198,722,200129,324,215707,34,19362,439,33039,632,210098,472,243137,California
Monterey,2021-06-24,867,436065,519,200648,326,216033,22,19384,418,33034,445,210543,440,243577,California
Monterey,2021-06-25,997,437062,614,201262,367,216400,16,19400,471,32999,521,211064,486,244063,California
Monterey,2021-06-26,610,437672,444,201706,154,216554,12,19412,336,33074,271,211335,346,244409,California
Monterey,2021-06-27,352,438024,272,201978,66,216620,14,19426,99,32935,252,211587,113,244522,California
Monterey,2021-06-28,575,438599,373,202351,171,216791,31,19457,252,32900,318,211905,283,244805,California
Monterey,2021-06-29,857,439456,528,202879,245,217036,84,19541,339,32809,513,212418,422,245227,California
Monterey,2021-06-30,1010,440466,685,203564,305,217341,20,19561,407,32639,597,213015,427,245654,California
Monterey,2021-07-01,750,441216,512,204076,216,217557,22,19583,345,32604,401,213416,366,246020,California
Monterey,2021-07-02,653,441869,341,204417,283,217840,29,19612,341,32668,306,213722,370,246390,California
Napa,2020-12-16,12,12,12,12,0,0,0,0,12,12,0,0,12,12,California
Napa,2020-12-17,46,58,46,58,0,0,0,0,46,58,0,0,46,58,California
Napa,2020-12-18,106,164,106,164,0,0,0,0,106,164,0,0,106,164,California
Napa,2020-12-19,222,386,222,386,0,0,0,0,222,386,0,0,222,386,California
Napa,2020-12-20,190,576,190,576,0,0,0,0,190,576,0,0,190,576,California
Napa,2020-12-21,314,890,314,890,0,0,0,0,315,891,0,0,315,891,California
Napa,2020-12-22,338,1228,329,1219,9,9,0,0,338,1229,0,0,338,1229,California
Napa,2020-12-23,436,1664,324,1543,112,121,0,0,436,1665,0,0,436,1665,California
Napa,2020-12-24,139,1803,77,1620,62,183,0,0,139,1804,0,0,139,1804,California
Napa,2020-12-25,1,1804,1,1621,0,183,0,0,1,1805,0,0,1,1805,California
Napa,2020-12-26,40,1844,11,1632,29,212,0,0,40,1845,0,0,40,1845,California
Napa,2020-12-27,32,1876,16,1648,16,228,0,0,32,1877,0,0,32,1877,California
Napa,2020-12-28,252,2128,184,1832,68,296,0,0,279,2156,0,0,279,2156,California
Napa,2020-12-29,274,2402,215,2047,59,355,0,0,307,2463,0,0,307,2463,California
Napa,2020-12-30,634,3036,486,2533,148,503,0,0,642,3105,0,0,642,3105,California
Napa,2020-12-31,462,3498,373,2906,89,592,0,0,462,3567,0,0,462,3567,California
Napa,2021-01-01,1,3499,1,2907,0,592,0,0,1,3568,0,0,1,3568,California
Napa,2021-01-02,95,3594,90,2997,5,597,0,0,95,3663,0,0,95,3663,California
Napa,2021-01-03,14,3608,12,3009,2,599,0,0,9,3672,0,0,9,3672,California
Napa,2021-01-04,105,3713,62,3071,43,642,0,0,105,3777,0,0,105,3777,California
Napa,2021-01-05,163,3876,86,3157,77,719,0,0,146,3899,24,24,146,3923,California
Napa,2021-01-06,465,4341,117,3274,348,1067,0,0,399,4234,64,88,399,4322,California
Napa,2021-01-07,498,4839,236,3510,262,1329,0,0,394,4525,103,191,394,4716,California
Napa,2021-01-08,442,5281,228,3738,214,1543,0,0,258,4600,183,374,258,4974,California
Napa,2021-01-09,328,5609,303,4041,25,1568,0,0,190,4652,138,512,190,5164,California
Napa,2021-01-10,185,5794,102,4143,83,1651,0,0,108,4683,77,589,108,5272,California
Napa,2021-01-11,870,6664,420,4563,450,2101,0,0,500,4814,371,960,502,5774,California
Napa,2021-01-12,1329,7993,381,4944,948,3049,0,0,1005,5495,324,1284,1005,6779,California
Napa,2021-01-13,1319,9312,269,5213,1050,4099,0,0,1155,6488,163,1447,1156,7935,California
Napa,2021-01-14,1055,10367,169,5382,886,4985,0,0,938,7311,115,1562,938,8873,California
Napa,2021-01-15,1471,11838,385,5767,1086,6071,0,0,1324,8481,155,1717,1325,10198,California
Napa,2021-01-16,361,12199,132,5899,229,6300,0,0,343,8806,18,1735,343,10541,California
Napa,2021-01-17,344,12543,179,6078,165,6465,0,0,334,9130,10,1745,334,10875,California
Napa,2021-01-18,1092,13635,197,6275,895,7360,0,0,1001,10040,91,1836,1001,11876,California
Napa,2021-01-19,1006,14641,403,6678,603,7963,0,0,766,10567,239,2075,766,12642,California
Napa,2021-01-20,838,15479,189,6867,649,8612,0,0,650,11032,186,2261,651,13293,California
Napa,2021-01-21,1573,17052,610,7477,963,9575,0,0,1119,11699,453,2714,1120,14413,California
Napa,2021-01-22,1580,18632,436,7913,1144,10719,0,0,1235,12591,344,3058,1236,15649,California
Napa,2021-01-23,397,19029,317,8230,80,10799,0,0,337,12868,60,3118,337,15986,California
Napa,2021-01-24,267,19296,189,8419,78,10877,0,0,209,13019,58,3176,209,16195,California
Napa,2021-01-25,1524,20820,230,8649,1294,12171,0,0,1435,14365,89,3265,1435,17630,California
Napa,2021-01-26,880,21700,284,8933,596,12767,0,0,785,15056,95,3360,786,18416,California
Napa,2021-01-27,632,22332,222,9155,410,13177,0,0,469,15362,164,3524,470,18886,California
Napa,2021-01-28,390,22722,175,9330,215,13392,0,0,197,15368,191,3715,197,19083,California
Napa,2021-01-29,263,22985,66,9396,197,13589,0,0,166,15437,97,3812,166,19249,California
Napa,2021-01-30,821,23806,709,10105,112,13701,0,0,652,15920,169,3981,652,19901,California
Napa,2021-01-31,693,24499,661,10766,32,13733,0,0,669,16565,24,4005,669,20570,California
Napa,2021-02-01,323,24822,113,10879,210,13943,0,0,165,16572,158,4163,165,20735,California
Napa,2021-02-02,616,25438,283,11162,333,14276,0,0,304,16567,309,4472,304,21039,California
Napa,2021-02-03,753,26191,314,11476,439,14715,0,0,435,16685,317,4789,435,21474,California
Napa,2021-02-04,791,26982,373,11849,418,15133,0,0,443,16782,346,5135,443,21917,California
Napa,2021-02-05,714,27696,312,12161,402,15535,0,0,343,16754,371,5506,343,22260,California
Napa,2021-02-06,439,28135,146,12307,293,15828,0,0,333,16982,105,5611,333,22593,California
Napa,2021-02-07,180,28315,167,12474,13,15841,0,0,72,16946,108,5719,72,22665,California
Napa,2021-02-08,839,29154,193,12667,646,16487,0,0,278,16665,559,6278,278,22943,California
Napa,2021-02-09,1090,30244,450,13117,640,17127,0,0,445,16466,644,6922,445,23388,California
Napa,2021-02-10,1741,31985,196,13313,1545,18672,0,0,455,15639,1283,8205,456,23844,California
Napa,2021-02-11,1508,33493,198,13511,1310,19982,0,0,408,14960,1087,9292,408,24252,California
Napa,2021-02-12,2199,35692,867,14378,1332,21314,0,0,697,14160,1497,10789,697,24949,California
Napa,2021-02-13,514,36206,56,14434,458,21772,0,0,320,14286,194,10983,320,25269,California
Napa,2021-02-14,354,36560,88,14522,266,22038,0,0,191,14314,163,11146,191,25460,California
Napa,2021-02-15,886,37446,185,14707,701,22739,0,0,225,13880,659,11805,225,25685,California
Napa,2021-02-16,1298,38744,602,15309,696,23435,0,0,619,13823,676,12481,619,26304,California
Napa,2021-02-17,1066,39810,536,15845,530,23965,0,0,486,13732,578,13059,487,26791,California
Napa,2021-02-18,1945,41755,496,16341,1449,25414,0,0,675,13140,1267,14326,675,27466,California
Napa,2021-02-19,1517,43272,598,16939,919,26333,0,0,683,12991,832,15158,683,28149,California
Napa,2021-02-20,876,44148,638,17577,238,26571,0,0,284,12683,592,15750,284,28433,California
Napa,2021-02-21,894,45042,826,18403,68,26639,0,0,198,12185,696,16446,198,28631,California
Napa,2021-02-22,486,45528,203,18606,283,26922,0,0,149,11997,337,16783,149,28780,California
Napa,2021-02-23,1166,46694,318,18924,848,27770,0,0,330,11491,836,17619,330,29110,California
Napa,2021-02-24,1213,47907,681,19605,532,28302,0,0,616,11512,595,18214,616,29726,California
Napa,2021-02-25,2601,50508,1256,20861,1345,29647,0,0,1879,12671,720,18934,1879,31605,California
Napa,2021-02-26,1553,52061,552,21413,1001,30648,0,0,620,12360,931,19865,620,32225,California
Napa,2021-02-27,1189,53250,425,21838,764,31412,0,0,931,13035,256,20121,931,33156,California
Napa,2021-02-28,727,53977,607,22445,120,31532,0,0,610,13530,115,20236,610,33766,California
Napa,2021-03-01,1173,55150,881,23326,292,31824,0,0,895,14149,276,20512,895,34661,California
Napa,2021-03-02,1506,56656,1050,24376,456,32280,0,0,1160,14964,345,20857,1160,35821,California
Napa,2021-03-03,1572,58228,696,25072,876,33156,0,0,1381,16155,190,21047,1381,37202,California
Napa,2021-03-04,1723,59951,792,25864,931,34087,0,0,1479,17393,241,21288,1479,38681,California
Napa,2021-03-05,1912,61863,792,26656,1116,35203,4,4,1484,18456,425,21713,1488,40169,California
Napa,2021-03-06,657,62520,289,26945,337,35540,31,35,544,18920,111,21824,575,40744,California
Napa,2021-03-07,533,63053,322,27267,196,35736,15,50,382,19167,150,21974,397,41141,California
Napa,2021-03-08,716,63769,337,27604,326,36062,53,103,539,19584,174,22148,591,41732,California
Napa,2021-03-09,1692,65461,610,28214,1036,37098,46,149,1249,20440,439,22587,1295,43027,California
Napa,2021-03-10,1502,66963,927,29141,481,37579,94,243,800,20633,698,23285,891,43918,California
Napa,2021-03-11,1891,68854,1069,30210,690,38269,132,375,988,20848,902,24187,1117,45035,California
Napa,2021-03-12,1520,70374,925,31135,499,38768,96,471,813,21051,704,24891,907,45942,California
Napa,2021-03-13,1181,71555,310,31445,846,39614,25,496,835,21567,344,25235,860,46802,California
Napa,2021-03-14,622,72177,337,31782,134,39748,151,647,206,21508,415,25650,356,47158,California
Napa,2021-03-15,963,73140,414,32196,479,40227,70,717,483,21582,478,26128,552,47710,California
Napa,2021-03-16,1857,74997,394,32590,1336,41563,127,844,1381,22619,472,26600,1509,49219,California
Napa,2021-03-17,2532,77529,1862,34452,491,42054,179,1023,1586,23439,945,27545,1765,50984,California
Napa,2021-03-18,2151,79680,957,35409,1183,43237,11,1034,1285,23874,861,28406,1296,52280,California
Napa,2021-03-19,1460,81140,889,36298,544,43781,27,1061,694,23832,763,29169,721,53001,California
Napa,2021-03-20,1014,82154,531,36829,330,44111,153,1214,390,23752,623,29792,543,53544,California
Napa,2021-03-21,726,82880,701,37530,22,44133,3,1217,232,23495,492,30284,235,53779,California
Napa,2021-03-22,1302,84182,1122,38652,168,44301,12,1229,438,23086,859,31143,450,54229,California
Napa,2021-03-23,1898,86080,1201,39853,680,44981,17,1246,1008,23225,886,32029,1025,55254,California
Napa,2021-03-24,1712,87792,947,40800,756,45737,9,1255,816,23154,895,32924,824,56078,California
Napa,2021-03-25,1938,89730,1059,41859,825,46562,54,1309,774,22824,1158,34082,828,56906,California
Napa,2021-03-26,1313,91043,839,42698,468,47030,6,1315,588,22699,719,34801,594,57500,California
Napa,2021-03-27,954,91997,435,43133,492,47522,27,1342,296,22364,658,35459,323,57823,California
Napa,2021-03-28,492,92489,382,43515,103,47625,7,1349,180,22241,310,35769,187,58010,California
Napa,2021-03-29,1203,93692,877,44392,321,47946,5,1354,731,22507,470,36239,736,58746,California
Napa,2021-03-30,2801,96493,935,45327,1861,49807,5,1359,1980,23670,822,37061,1985,60731,California
Napa,2021-03-31,1976,98469,964,46291,943,50750,69,1428,800,23364,1173,38234,867,61598,California
Napa,2021-04-01,1760,100229,847,47138,795,51545,118,1546,479,22685,1274,39508,595,62193,California
Napa,2021-04-02,1871,102100,844,47982,885,52430,142,1688,473,21904,1395,40903,614,62807,California
Napa,2021-04-03,638,102738,372,48354,208,52638,58,1746,213,21750,424,41327,270,63077,California
Napa,2021-04-04,360,103098,146,48500,155,52793,59,1805,124,21698,235,41562,183,63260,California
Napa,2021-04-05,1277,104375,759,49259,299,53092,219,2024,572,21787,702,42264,791,64051,California
Napa,2021-04-06,2271,106646,567,49826,1443,54535,261,2285,528,20834,1740,44004,787,64838,California
Napa,2021-04-07,1753,108399,708,50534,823,55358,222,2507,530,20367,1217,45221,750,65588,California
Napa,2021-04-08,1873,110272,1073,51607,423,55781,377,2884,963,20802,904,46125,1339,66927,California
Napa,2021-04-09,1550,111822,927,52534,318,56099,305,3189,679,20916,869,46994,983,67910,California
Napa,2021-04-10,1052,112874,352,52886,597,56696,103,3292,245,20460,804,47798,348,68258,California
Napa,2021-04-11,386,113260,300,53186,63,56759,23,3315,157,20411,229,48027,180,68438,California
Napa,2021-04-12,796,114056,302,53488,369,57128,125,3440,292,20322,502,48529,413,68851,California
Napa,2021-04-13,2590,116646,868,54356,1722,58850,0,3440,941,19620,1643,50172,941,69792,California
Napa,2021-04-14,2159,118805,1019,55375,1140,59990,0,3440,1053,19575,1098,51270,1053,70845,California
Napa,2021-04-15,2094,120899,535,55910,1559,61549,0,3440,901,19291,1185,52455,901,71746,California
Napa,2021-04-16,3013,123912,1646,57556,1367,62916,0,3440,2280,20843,728,53183,2280,74026,California
Napa,2021-04-17,1168,125080,275,57831,893,63809,0,3440,862,21400,305,53488,862,74888,California
Napa,2021-04-18,286,125366,190,58021,96,63905,0,3440,124,21362,162,53650,124,75012,California
Napa,2021-04-19,631,125997,342,58363,289,64194,0,3440,276,21284,354,54004,276,75288,California
Napa,2021-04-20,3075,129072,2096,60459,979,65173,0,3440,2090,22392,983,54987,2091,77379,California
Napa,2021-04-21,2982,132054,2202,62661,780,65953,0,3440,1885,23187,1091,56078,1886,79265,California
Napa,2021-04-22,1834,133888,1298,63959,536,66489,0,3440,865,23087,965,57043,865,80130,California
Napa,2021-04-23,1653,135541,1270,65229,381,66870,2,3442,1164,23766,485,57528,1164,81294,California
Napa,2021-04-24,573,136114,322,65551,251,67121,0,3442,297,23790,273,57801,297,81591,California
Napa,2021-04-25,249,136363,190,65741,59,67180,0,3442,127,23796,121,57922,127,81718,California
Napa,2021-04-26,551,136914,282,66023,269,67449,0,3442,284,23818,262,58184,284,82002,California
Napa,2021-04-27,1789,138703,469,66492,1308,68757,12,3454,594,23233,1191,59375,606,82608,California
Napa,2021-04-28,1021,139724,472,66964,532,69289,17,3471,349,22929,670,60045,366,82974,California
Napa,2021-04-29,732,140456,364,67328,349,69638,19,3490,268,22758,457,60502,286,83260,California
Napa,2021-04-30,623,141079,312,67640,247,69885,64,3554,258,22716,363,60865,321,83581,California
Napa,2021-05-01,330,141409,271,67911,48,69933,11,3565,122,22641,208,61073,133,83714,California
Napa,2021-05-02,238,141647,194,68105,38,69971,6,3571,100,22610,137,61210,106,83820,California
Napa,2021-05-03,637,142284,497,68602,104,70075,36,3607,111,22236,522,61732,148,83968,California
Napa,2021-05-04,1140,143424,727,69329,301,70376,112,3719,305,21822,831,62563,417,84385,California
Napa,2021-05-05,1042,144466,705,70034,299,70675,38,3757,263,21347,776,63339,301,84686,California
Napa,2021-05-06,722,145188,320,70354,379,71054,23,3780,371,21400,342,63681,395,85081,California
Napa,2021-05-07,1597,146785,1366,71720,168,71222,63,3843,332,20553,1241,64922,394,85475,California
Napa,2021-05-08,258,147043,165,71885,82,71304,11,3854,87,20482,169,65091,98,85573,California
Napa,2021-05-09,120,147163,88,71973,32,71336,0,3854,59,20480,61,65152,59,85632,California
Napa,2021-05-10,430,147593,146,72119,265,71601,19,3873,111,20292,318,65470,130,85762,California
Napa,2021-05-11,2195,149788,1810,73929,360,71961,25,3898,386,18900,1803,67273,411,86173,California
Napa,2021-05-12,2218,152006,1388,75317,773,72734,57,3955,311,17366,1901,69174,367,86540,California
Napa,2021-05-13,1965,153971,1249,76566,676,73410,40,3995,864,17177,1094,70268,905,87445,California
Napa,2021-05-14,1967,155938,1188,77754,693,74103,86,4081,533,16370,1427,71695,620,88065,California
Napa,2021-05-15,1078,157016,366,78120,700,74803,12,4093,258,15825,816,72511,271,88336,California
Napa,2021-05-16,244,157260,164,78284,78,74881,2,4095,73,15729,171,72682,75,88411,California
Napa,2021-05-17,892,158152,347,78631,515,75396,30,4125,306,15542,524,73206,337,88748,California
Napa,2021-05-18,1083,159235,558,79189,468,75864,57,4182,516,15553,562,73768,573,89321,California
Napa,2021-05-19,976,160211,574,79763,372,76236,30,4212,507,15623,466,74234,536,89857,California
Napa,2021-05-20,660,160871,435,80198,194,76430,31,4243,380,15756,278,74512,411,90268,California
Napa,2021-05-21,528,161399,267,80465,229,76659,32,4275,219,15700,307,74819,251,90519,California
Napa,2021-05-22,463,161862,276,80741,178,76837,9,4284,192,15631,271,75090,202,90721,California
Napa,2021-05-23,401,162263,355,81096,35,76872,11,4295,296,15833,105,75195,307,91028,California
Napa,2021-05-24,385,162648,188,81284,177,77049,20,4315,154,15778,229,75424,174,91202,California
Napa,2021-05-25,429,163077,175,81459,183,77232,71,4386,144,15708,284,75708,214,91416,California
Napa,2021-05-26,560,163637,362,81821,174,77406,24,4410,320,15815,237,75945,344,91760,California
Napa,2021-05-27,398,164035,171,81992,199,77605,28,4438,151,15747,247,76192,179,91939,California
Napa,2021-05-28,406,164441,211,82203,171,77776,24,4462,169,15705,233,76425,191,92130,California
Napa,2021-05-29,128,164569,79,82282,45,77821,4,4466,74,15730,53,76478,78,92208,California
Napa,2021-05-30,97,164666,61,82343,31,77852,5,4471,28,15696,67,76545,33,92241,California
Napa,2021-05-31,51,164717,17,82360,28,77880,6,4477,9,15669,42,76587,15,92256,California
Napa,2021-06-01,605,165322,313,82673,268,78148,24,4501,261,15615,338,76925,284,92540,California
Napa,2021-06-02,412,165734,244,82917,146,78294,22,4523,190,15606,220,77145,211,92751,California
Napa,2021-06-03,754,166488,460,83377,269,78563,25,4548,128,15135,622,77767,151,92902,California
Napa,2021-06-04,784,167272,603,83980,144,78707,37,4585,145,14680,637,78404,182,93084,California
Napa,2021-06-05,312,167584,254,84234,47,78754,11,4596,73,14527,237,78641,84,93168,California
Napa,2021-06-06,145,167729,126,84360,18,78772,1,4597,44,14472,100,78741,45,93213,California
Napa,2021-06-07,396,168125,286,84646,82,78854,28,4625,93,14290,303,79044,121,93334,California
Napa,2021-06-08,623,168748,494,85140,112,78966,17,4642,275,14237,345,79389,292,93626,California
Napa,2021-06-09,556,169304,451,85591,90,79056,15,4657,97,13891,458,79847,112,93738,California
Napa,2021-06-10,511,169815,414,86005,64,79120,33,4690,107,13627,404,80251,140,93878,California
Napa,2021-06-11,411,170226,267,86272,119,79239,25,4715,116,13474,294,80545,141,94019,California
Napa,2021-06-12,205,170431,173,86445,27,79266,5,4720,41,13357,163,80708,46,94065,California
Napa,2021-06-13,290,170721,277,86722,8,79274,5,4725,29,13130,261,80969,34,94099,California
Napa,2021-06-14,484,171205,341,87063,117,79391,26,4751,92,12857,388,81357,115,94214,California
Napa,2021-06-15,377,171582,277,87340,87,79478,13,4764,185,12865,190,81547,198,94412,California
Napa,2021-06-16,261,171843,164,87504,81,79559,16,4780,84,12792,173,81720,100,94512,California
Napa,2021-06-17,391,172234,322,87826,61,79620,8,4788,71,12551,320,82040,79,94591,California
Napa,2021-06-18,267,172501,173,87999,83,79703,11,4799,90,12477,175,82215,101,94692,California
Napa,2021-06-19,110,172611,77,88076,23,79726,10,4809,47,12473,61,82276,57,94749,California
Napa,2021-06-20,54,172665,42,88118,9,79735,3,4812,19,12460,35,82311,22,94771,California
Napa,2021-06-21,158,172823,73,88191,65,79800,20,4832,75,12472,82,82393,94,94865,California
Napa,2021-06-22,375,173198,296,88487,64,79864,15,4847,109,12332,264,82657,124,94989,California
Napa,2021-06-23,340,173538,264,88751,54,79918,22,4869,109,12235,227,82884,130,95119,California
Napa,2021-06-24,167,173705,114,88865,48,79966,5,4874,71,12217,94,82978,76,95195,California
Napa,2021-06-25,244,173949,161,89026,70,80036,13,4887,119,12229,119,83097,131,95326,California
Napa,2021-06-26,92,174041,76,89102,11,80047,5,4892,45,12232,47,83144,50,95376,California
Napa,2021-06-27,70,174111,60,89162,10,80057,0,4892,33,12228,37,83181,33,95409,California
Napa,2021-06-28,189,174300,144,89306,34,80091,11,4903,82,12214,106,83287,92,95501,California
Napa,2021-06-29,405,174705,334,89640,55,80146,16,4919,113,12052,290,83577,128,95629,California
Napa,2021-06-30,178,174883,123,89763,46,80192,9,4928,79,12042,98,83675,88,95717,California
Napa,2021-07-01,141,175024,98,89861,35,80227,8,4936,59,12026,82,83757,66,95783,California
Napa,2021-07-02,131,175155,107,89968,20,80247,4,4940,53,12006,77,83834,57,95840,California
Nevada,2020-12-16,3,3,3,3,0,0,0,0,3,3,0,0,3,3,California
Nevada,2020-12-17,6,9,6,9,0,0,0,0,6,9,0,0,6,9,California
Nevada,2020-12-18,57,66,57,66,0,0,0,0,57,66,0,0,57,66,California
Nevada,2020-12-19,55,121,55,121,0,0,0,0,55,121,0,0,55,121,California
Nevada,2020-12-20,13,134,13,134,0,0,0,0,13,134,0,0,13,134,California
Nevada,2020-12-21,69,203,69,203,0,0,0,0,69,203,0,0,69,203,California
Nevada,2020-12-22,90,293,88,291,2,2,0,0,90,293,0,0,90,293,California
Nevada,2020-12-23,232,525,202,493,30,32,0,0,232,525,0,0,232,525,California
Nevada,2020-12-24,13,538,11,504,2,34,0,0,13,538,0,0,13,538,California
Nevada,2020-12-25,3,541,3,507,0,34,0,0,3,541,0,0,3,541,California
Nevada,2020-12-26,6,547,4,511,2,36,0,0,6,547,0,0,6,547,California
Nevada,2020-12-27,89,636,89,600,0,36,0,0,89,636,0,0,89,636,California
Nevada,2020-12-28,172,808,94,694,78,114,0,0,172,808,0,0,172,808,California
Nevada,2020-12-29,100,908,74,768,26,140,0,0,100,908,0,0,100,908,California
Nevada,2020-12-30,86,994,66,834,20,160,0,0,86,994,0,0,86,994,California
Nevada,2020-12-31,38,1032,8,842,30,190,0,0,38,1032,0,0,38,1032,California
Nevada,2021-01-01,3,1035,0,842,3,193,0,0,3,1035,0,0,3,1035,California
Nevada,2021-01-02,2,1037,1,843,1,194,0,0,2,1037,0,0,2,1037,California
Nevada,2021-01-03,130,1167,125,968,5,199,0,0,130,1167,0,0,130,1167,California
Nevada,2021-01-04,72,1239,47,1015,25,224,0,0,72,1239,0,0,72,1239,California
Nevada,2021-01-05,274,1513,133,1148,141,365,0,0,273,1511,1,1,273,1512,California
Nevada,2021-01-06,90,1603,42,1190,48,413,0,0,82,1585,8,9,82,1594,California
Nevada,2021-01-07,217,1820,43,1233,174,587,0,0,210,1790,6,15,211,1805,California
Nevada,2021-01-08,222,2042,129,1362,93,680,0,0,165,1899,57,72,166,1971,California
Nevada,2021-01-09,64,2106,57,1419,7,687,0,0,14,1863,50,122,14,1985,California
Nevada,2021-01-10,19,2125,10,1429,9,696,0,0,10,1864,9,131,10,1995,California
Nevada,2021-01-11,188,2313,131,1560,57,753,0,0,60,1796,128,259,60,2055,California
Nevada,2021-01-12,600,2913,453,2013,147,900,0,0,533,2262,67,326,533,2588,California
Nevada,2021-01-13,262,3175,148,2161,114,1014,0,0,128,2256,134,460,128,2716,California
Nevada,2021-01-14,239,3414,127,2288,112,1126,0,0,222,2462,16,476,222,2938,California
Nevada,2021-01-15,402,3816,174,2462,228,1354,0,0,301,2662,101,577,301,3239,California
Nevada,2021-01-16,299,4115,15,2477,284,1638,0,0,295,2953,4,581,295,3534,California
Nevada,2021-01-17,37,4152,33,2510,4,1642,0,0,35,2986,2,583,35,3569,California
Nevada,2021-01-18,151,4303,41,2551,110,1752,0,0,141,3117,10,593,141,3710,California
Nevada,2021-01-19,250,4553,90,2641,160,1912,0,0,228,3323,22,615,228,3938,California
Nevada,2021-01-20,276,4829,166,2807,110,2022,0,0,262,3571,14,629,262,4200,California
Nevada,2021-01-21,345,5174,207,3014,138,2160,0,0,332,3890,13,642,332,4532,California
Nevada,2021-01-22,379,5553,237,3251,142,2302,0,0,349,4209,30,672,349,4881,California
Nevada,2021-01-23,182,5735,107,3358,75,2377,0,0,182,4391,0,672,182,5063,California
Nevada,2021-01-24,110,5845,102,3460,8,2385,0,0,69,4419,41,713,69,5132,California
Nevada,2021-01-25,266,6111,135,3595,131,2516,0,0,204,4561,62,775,204,5336,California
Nevada,2021-01-26,408,6519,145,3740,263,2779,0,0,303,4759,105,880,303,5639,California
Nevada,2021-01-27,429,6948,254,3994,175,2954,0,0,404,5138,25,905,404,6043,California
Nevada,2021-01-28,480,7428,327,4321,153,3107,0,0,436,5531,43,948,436,6479,California
Nevada,2021-01-29,607,8035,392,4713,215,3322,0,0,579,6084,27,975,580,7059,California
Nevada,2021-01-30,296,8331,106,4819,190,3512,0,0,293,6374,3,978,293,7352,California
Nevada,2021-01-31,104,8435,87,4906,17,3529,0,0,100,6472,3,981,101,7453,California
Nevada,2021-02-01,294,8729,72,4978,222,3751,0,0,280,6738,14,995,280,7733,California
Nevada,2021-02-02,533,9262,188,5166,345,4096,0,0,333,6871,200,1195,333,8066,California
Nevada,2021-02-03,818,10080,575,5741,243,4339,0,0,763,7580,54,1249,763,8829,California
Nevada,2021-02-04,741,10821,393,6134,348,4687,0,0,489,7818,251,1500,489,9318,California
Nevada,2021-02-05,658,11479,370,6504,288,4975,0,0,467,8096,189,1689,467,9785,California
Nevada,2021-02-06,271,11750,83,6587,188,5163,0,0,242,8309,29,1718,242,10027,California
Nevada,2021-02-07,247,11997,193,6780,54,5217,0,0,192,8446,55,1773,192,10219,California
Nevada,2021-02-08,655,12652,406,7186,249,5466,0,0,551,8895,102,1875,551,10770,California
Nevada,2021-02-09,607,13259,340,7526,267,5733,0,0,464,9216,143,2018,464,11234,California
Nevada,2021-02-10,655,13914,327,7853,328,6061,0,0,422,9407,232,2250,423,11657,California
Nevada,2021-02-11,889,14803,514,8367,375,6436,0,0,554,9628,333,2583,554,12211,California
Nevada,2021-02-12,958,15761,446,8813,512,6948,0,0,630,9933,325,2908,630,12841,California
Nevada,2021-02-13,618,16379,240,9053,378,7326,0,0,392,10104,222,3130,393,13234,California
Nevada,2021-02-14,234,16613,120,9173,114,7440,0,0,205,10280,29,3159,205,13439,California
Nevada,2021-02-15,712,17325,438,9611,274,7714,0,0,538,10644,174,3333,538,13977,California
Nevada,2021-02-16,629,17954,202,9813,427,8141,0,0,458,10932,170,3503,458,14435,California
Nevada,2021-02-17,1202,19156,778,10591,424,8565,0,0,858,11446,344,3847,858,15293,California
Nevada,2021-02-18,1025,20181,558,11149,467,9032,0,0,603,11630,419,4266,603,15896,California
Nevada,2021-02-19,1132,21313,636,11785,496,9528,0,0,761,12023,369,4635,762,16658,California
Nevada,2021-02-20,308,21621,113,11898,195,9723,0,0,180,12076,127,4762,180,16838,California
Nevada,2021-02-21,105,21726,91,11989,14,9737,0,0,15,12004,87,4849,15,16853,California
Nevada,2021-02-22,517,22243,346,12335,171,9908,0,0,366,12220,150,4999,366,17219,California
Nevada,2021-02-23,510,22753,250,12585,260,10168,0,0,227,12168,280,5279,228,17447,California
Nevada,2021-02-24,522,23275,278,12863,244,10412,0,0,256,12162,266,5545,260,17707,California
Nevada,2021-02-25,874,24149,473,13336,401,10813,0,0,437,12164,435,5980,437,18144,California
Nevada,2021-02-26,1250,25399,889,14225,361,11174,0,0,418,11753,829,6809,418,18562,California
Nevada,2021-02-27,425,25824,112,14337,313,11487,0,0,195,11718,230,7039,195,18757,California
Nevada,2021-02-28,274,26098,160,14497,114,11601,0,0,127,11699,146,7185,127,18884,California
Nevada,2021-03-01,841,26939,438,14935,403,12004,0,0,369,11600,468,7653,369,19253,California
Nevada,2021-03-02,742,27681,292,15227,450,12454,0,0,511,11885,226,7879,511,19764,California
Nevada,2021-03-03,992,28673,509,15736,482,12936,1,1,519,11934,471,8350,520,20284,California
Nevada,2021-03-04,1112,29785,623,16359,489,13425,0,1,468,11762,640,8990,468,20752,California
Nevada,2021-03-05,1183,30968,480,16839,693,14118,10,11,707,12006,473,9463,717,21469,California
Nevada,2021-03-06,364,31332,121,16960,216,14334,27,38,149,11966,215,9678,175,21644,California
Nevada,2021-03-07,209,31541,108,17068,81,14415,20,58,69,11915,140,9818,89,21733,California
Nevada,2021-03-08,831,32372,562,17630,223,14638,46,104,374,11880,456,10274,421,22154,California
Nevada,2021-03-09,794,33166,404,18034,340,14978,50,154,467,12071,325,10599,516,22670,California
Nevada,2021-03-10,1010,34176,651,18685,303,15281,56,210,340,11803,663,11262,395,23065,California
Nevada,2021-03-11,1113,35289,729,19414,359,15640,25,235,550,11824,554,11816,575,23640,California
Nevada,2021-03-12,1536,36825,727,20141,779,16419,30,265,838,11996,694,12510,866,24506,California
Nevada,2021-03-13,943,37768,58,20199,880,17299,5,270,757,12574,184,12694,762,25268,California
Nevada,2021-03-14,160,37928,20,20219,135,17434,5,275,33,12485,127,12821,38,25306,California
Nevada,2021-03-15,857,38785,467,20686,378,17812,12,287,359,12362,494,13315,371,25677,California
Nevada,2021-03-16,1006,39791,470,21156,474,18286,62,349,640,12699,364,13679,701,26378,California
Nevada,2021-03-17,1026,40817,454,21610,562,18848,10,359,585,12857,438,14117,596,26974,California
Nevada,2021-03-18,982,41799,531,22141,428,19276,23,382,476,12855,500,14617,498,27472,California
Nevada,2021-03-19,940,42739,440,22581,463,19739,37,419,362,12681,573,15190,399,27871,California
Nevada,2021-03-20,837,43576,94,22675,316,20055,427,846,243,12759,588,15778,666,28537,California
Nevada,2021-03-21,61,43637,32,22707,28,20083,1,847,34,12768,26,15804,35,28572,California
Nevada,2021-03-22,803,44440,520,23227,278,20361,5,852,530,13033,270,16074,535,29107,California
Nevada,2021-03-23,863,45303,391,23618,444,20805,28,880,619,13439,241,16315,647,29754,California
Nevada,2021-03-24,1023,46326,544,24162,472,21277,7,887,639,13706,378,16693,645,30399,California
Nevada,2021-03-25,915,47241,465,24627,425,21702,25,912,492,13801,421,17114,516,30915,California
Nevada,2021-03-26,1175,48416,445,25072,691,22393,39,951,846,14359,326,17440,884,31799,California
Nevada,2021-03-27,592,49008,73,25145,503,22896,16,967,406,14596,185,17625,422,32221,California
Nevada,2021-03-28,177,49185,53,25198,111,23007,13,980,35,14507,137,17762,48,32269,California
Nevada,2021-03-29,824,50009,501,25699,301,23308,22,1002,372,14453,447,18209,393,32662,California
Nevada,2021-03-30,1059,51068,483,26182,542,23850,34,1036,487,14410,564,18773,521,33183,California
Nevada,2021-03-31,1182,52250,661,26843,504,24354,17,1053,670,14593,503,19276,686,33869,California
Nevada,2021-04-01,1248,53498,729,27572,466,24820,53,1106,553,14514,684,19960,605,34474,California
Nevada,2021-04-02,1304,54802,662,28234,606,25426,36,1142,772,14794,528,20488,808,35282,California
Nevada,2021-04-03,289,55091,86,28320,162,25588,41,1183,82,14711,206,20694,123,35405,California
Nevada,2021-04-04,129,55220,42,28362,80,25668,7,1190,77,14743,52,20746,84,35489,California
Nevada,2021-04-05,937,56157,615,28977,302,25970,20,1210,621,15072,311,21057,640,36129,California
Nevada,2021-04-06,1077,57234,666,29643,267,26237,144,1354,435,15015,635,21692,578,36707,California
Nevada,2021-04-07,1150,58384,822,30465,245,26482,83,1437,611,15176,532,22224,693,37400,California
Nevada,2021-04-08,1283,59667,891,31356,307,26789,85,1522,708,15398,570,22794,792,38192,California
Nevada,2021-04-09,1276,60943,850,32206,359,27148,67,1589,864,15918,410,23204,930,39122,California
Nevada,2021-04-10,899,61842,78,32284,745,27893,76,1665,125,15351,768,23972,201,39323,California
Nevada,2021-04-11,112,61954,34,32318,72,27965,6,1671,36,15317,76,24048,42,39365,California
Nevada,2021-04-12,747,62701,542,32860,188,28153,17,1688,316,15224,426,24474,333,39698,California
Nevada,2021-04-13,891,63592,354,33214,537,28690,0,1688,471,15279,416,24890,471,40169,California
Nevada,2021-04-14,1059,64651,569,33783,490,29180,0,1688,539,15306,512,25402,539,40708,California
Nevada,2021-04-15,1085,65736,711,34494,374,29554,0,1688,626,15485,447,25849,626,41334,California
Nevada,2021-04-16,912,66648,694,35188,218,29772,0,1688,518,15611,392,26241,518,41852,California
Nevada,2021-04-17,202,66850,54,35242,148,29920,0,1688,87,15585,113,26354,87,41939,California
Nevada,2021-04-18,203,67053,22,35264,181,30101,0,1688,103,15588,100,26454,103,42042,California
Nevada,2021-04-19,757,67810,484,35748,273,30374,0,1688,309,15460,437,26891,309,42351,California
Nevada,2021-04-20,832,68642,332,36080,500,30874,0,1688,313,15260,513,27404,313,42664,California
Nevada,2021-04-21,935,69577,520,36600,415,31289,0,1688,272,14880,652,28056,272,42936,California
Nevada,2021-04-22,1008,70585,632,37232,376,31665,0,1688,341,14566,656,28712,342,43278,California
Nevada,2021-04-23,1258,71843,552,37784,706,32371,0,1688,401,14122,845,29557,401,43679,California
Nevada,2021-04-24,520,72363,71,37855,449,32820,0,1688,168,13940,350,29907,168,43847,California
Nevada,2021-04-25,132,72495,60,37915,67,32887,5,1693,51,13915,80,29987,55,43902,California
Nevada,2021-04-26,745,73240,561,38476,176,33063,8,1701,218,13624,517,30504,226,44128,California
Nevada,2021-04-27,819,74059,380,38856,434,33497,5,1706,412,13642,399,30903,417,44545,California
Nevada,2021-04-28,994,75053,582,39438,407,33904,5,1711,387,13434,600,31503,392,44937,California
Nevada,2021-04-29,1020,76073,709,40147,307,34211,4,1715,280,12980,738,32241,284,45221,California
Nevada,2021-04-30,1248,77321,728,40875,512,34723,8,1723,213,12168,1033,33274,221,45442,California
Nevada,2021-05-01,144,77465,60,40935,80,34803,4,1727,63,12156,79,33353,67,45509,California
Nevada,2021-05-02,58,77523,32,40967,22,34825,4,1731,20,12142,38,33391,24,45533,California
Nevada,2021-05-03,610,78133,405,41372,186,35011,19,1750,178,11910,428,33819,196,45729,California
Nevada,2021-05-04,594,78727,173,41545,403,35414,18,1768,338,12014,252,34071,356,46085,California
Nevada,2021-05-05,737,79464,381,41926,342,35756,14,1782,323,11946,405,34476,337,46422,California
Nevada,2021-05-06,807,80271,565,42491,231,35987,11,1793,198,11556,599,35075,209,46631,California
Nevada,2021-05-07,891,81162,488,42979,368,36355,35,1828,184,11072,703,35778,219,46850,California
Nevada,2021-05-08,175,81337,19,42998,136,36491,20,1848,77,11073,96,35874,97,46947,California
Nevada,2021-05-09,44,81381,8,43006,34,36525,2,1850,21,11073,23,35897,23,46970,California
Nevada,2021-05-10,391,81772,248,43254,119,36644,24,1874,78,10863,312,36209,102,47072,California
Nevada,2021-05-11,516,82288,154,43408,349,36993,13,1887,128,10624,380,36589,141,47213,California
Nevada,2021-05-12,542,82830,237,43645,294,37287,11,1898,152,10406,381,36970,163,47376,California
Nevada,2021-05-13,839,83669,556,44201,273,37560,10,1908,433,10451,398,37368,443,47819,California
Nevada,2021-05-14,792,84461,583,44784,191,37751,18,1926,443,10567,345,37713,461,48280,California
Nevada,2021-05-15,186,84647,87,44871,91,37842,8,1934,87,10564,98,37811,95,48375,California
Nevada,2021-05-16,161,84808,54,44925,107,37949,0,1934,56,10515,105,37916,56,48431,California
Nevada,2021-05-17,499,85307,320,45245,149,38098,30,1964,215,10487,273,38189,245,48676,California
Nevada,2021-05-18,419,85726,256,45501,159,38257,4,1968,221,10517,196,38385,226,48902,California
Nevada,2021-05-19,492,86218,355,45856,132,38389,5,1973,257,10553,226,38611,262,49164,California
Nevada,2021-05-20,611,86829,352,46208,247,38636,12,1985,219,10397,387,38998,231,49395,California
Nevada,2021-05-21,511,87340,328,46536,173,38809,10,1995,219,10338,288,39286,229,49624,California
Nevada,2021-05-22,243,87583,34,46570,156,38965,53,2048,92,10332,151,39437,145,49769,California
Nevada,2021-05-23,52,87635,18,46588,34,38999,0,2048,17,10315,34,39471,17,49786,California
Nevada,2021-05-24,314,87949,219,46807,81,39080,14,2062,105,10228,206,39677,119,49905,California
Nevada,2021-05-25,343,88292,83,46890,248,39328,12,2074,81,10064,257,39934,93,49998,California
Nevada,2021-05-26,454,88746,196,47086,248,39576,10,2084,134,9895,313,40247,144,50142,California
Nevada,2021-05-27,426,89172,226,47312,179,39755,21,2105,179,9852,243,40490,200,50342,California
Nevada,2021-05-28,348,89520,214,47526,111,39866,23,2128,190,9911,155,40645,214,50556,California
Nevada,2021-05-29,66,89586,12,47538,54,39920,0,2128,41,9927,25,40670,41,50597,California
Nevada,2021-05-30,37,89623,19,47557,16,39936,2,2130,25,9942,12,40682,27,50624,California
Nevada,2021-05-31,6,89629,4,47561,0,39936,2,2132,2,9942,4,40686,4,50628,California
Nevada,2021-06-01,420,90049,127,47688,275,40211,18,2150,100,9749,311,40997,118,50746,California
Nevada,2021-06-02,403,90452,165,47853,231,40442,7,2157,101,9563,294,41291,108,50854,California
Nevada,2021-06-03,566,91018,405,48258,156,40598,5,2162,99,9205,462,41753,104,50958,California
Nevada,2021-06-04,547,91565,438,48696,105,40703,4,2166,106,8879,436,42189,110,51068,California
Nevada,2021-06-05,173,91738,70,48766,101,40804,2,2168,66,8841,106,42295,68,51136,California
Nevada,2021-06-06,53,91791,40,48806,13,40817,0,2168,12,8812,41,42336,12,51148,California
Nevada,2021-06-07,270,92061,196,49002,44,40861,30,2198,60,8697,205,42541,90,51238,California
Nevada,2021-06-08,293,92354,194,49196,85,40946,14,2212,67,8561,217,42758,81,51319,California
Nevada,2021-06-09,326,92680,218,49414,101,41047,7,2219,82,8411,239,42997,89,51408,California
Nevada,2021-06-10,275,92955,177,49591,89,41136,9,2228,74,8299,194,43191,82,51490,California
Nevada,2021-06-11,328,93283,233,49824,76,41212,19,2247,76,8144,249,43440,94,51584,California
Nevada,2021-06-12,91,93374,53,49877,33,41245,5,2252,26,8110,65,43505,31,51615,California
Nevada,2021-06-13,32,93406,17,49894,14,41259,1,2253,6,8091,26,43531,7,51622,California
Nevada,2021-06-14,191,93597,137,50031,43,41302,11,2264,49,8016,135,43666,60,51682,California
Nevada,2021-06-15,170,93767,97,50128,65,41367,8,2272,67,7991,100,43766,75,51757,California
Nevada,2021-06-16,236,94003,132,50260,95,41462,9,2281,69,7909,160,43926,78,51835,California
Nevada,2021-06-17,227,94230,133,50393,80,41542,14,2295,40,7777,186,44112,54,51889,California
Nevada,2021-06-18,219,94449,152,50545,50,41592,17,2312,68,7713,149,44261,85,51974,California
Nevada,2021-06-19,69,94518,33,50578,30,41622,6,2318,29,7708,40,44301,35,52009,California
Nevada,2021-06-20,27,94545,20,50598,7,41629,0,2318,8,7698,18,44319,8,52017,California
Nevada,2021-06-21,110,94655,49,50647,54,41683,7,2325,49,7699,55,44374,56,52073,California
Nevada,2021-06-22,167,94822,98,50745,58,41741,11,2336,68,7685,93,44467,79,52152,California
Nevada,2021-06-23,213,95035,139,50884,44,41785,30,2366,87,7680,121,44588,116,52268,California
Nevada,2021-06-24,178,95213,113,50997,47,41832,18,2384,60,7646,112,44700,78,52346,California
Nevada,2021-06-25,207,95420,138,51135,48,41880,21,2405,76,7612,131,44831,97,52443,California
Nevada,2021-06-26,83,95503,61,51196,20,41900,2,2407,31,7593,52,44883,33,52476,California
Nevada,2021-06-27,29,95532,13,51209,12,41912,4,2411,7,7582,22,44905,11,52487,California
Nevada,2021-06-28,169,95701,119,51328,28,41940,22,2433,67,7577,94,44999,89,52576,California
Nevada,2021-06-29,129,95830,74,51402,43,41983,12,2445,46,7560,75,45074,58,52634,California
Nevada,2021-06-30,164,95994,125,51527,33,42016,6,2451,53,7510,108,45182,58,52692,California
Nevada,2021-07-01,121,96115,83,51610,27,42043,11,2462,54,7510,65,45247,65,52757,California
Nevada,2021-07-02,102,96217,66,51676,28,42071,8,2470,51,7525,44,45291,59,52816,California
Orange,2020-12-15,17,17,17,17,0,0,0,0,17,17,0,0,17,17,California
Orange,2020-12-16,400,417,400,417,0,0,0,0,400,417,0,0,400,417,California
Orange,2020-12-17,3772,4189,3772,4189,0,0,0,0,3771,4188,0,0,3771,4188,California
Orange,2020-12-18,5124,9313,5116,9305,8,8,0,0,5122,9309,1,1,5122,9310,California
Orange,2020-12-19,2246,11559,2239,11544,7,15,0,0,2245,11554,0,1,2245,11555,California
Orange,2020-12-20,2005,13564,2002,13546,3,18,0,0,2005,13558,1,2,2005,13560,California
Orange,2020-12-21,4273,17837,4267,17813,6,24,0,0,4273,17831,0,2,4273,17833,California
Orange,2020-12-22,4003,21840,3967,21780,36,60,0,0,4003,21834,0,2,4003,21836,California
Orange,2020-12-23,3608,25448,3238,25018,370,430,0,0,3608,25441,1,3,3608,25444,California
Orange,2020-12-24,1390,26838,1089,26107,301,731,0,0,1390,26831,0,3,1390,26834,California
Orange,2020-12-25,21,26859,16,26123,5,736,0,0,21,26852,0,3,21,26855,California
Orange,2020-12-26,999,27858,423,26546,576,1312,0,0,999,27851,0,3,999,27854,California
Orange,2020-12-27,587,28445,275,26821,312,1624,0,0,587,28438,0,3,587,28441,California
Orange,2020-12-28,3632,32077,2633,29454,999,2623,0,0,3632,32070,0,3,3632,32073,California
Orange,2020-12-29,3539,35616,2516,31970,1023,3646,0,0,3538,35607,1,4,3538,35611,California
Orange,2020-12-30,5149,40765,3556,35526,1593,5239,0,0,5149,40756,0,4,5149,40760,California
Orange,2020-12-31,1534,42299,821,36347,713,5952,0,0,1531,42284,3,7,1531,42291,California
Orange,2021-01-01,719,43018,394,36741,325,6277,0,0,717,42999,2,9,717,43008,California
Orange,2021-01-02,1374,44392,845,37586,529,6806,0,0,1371,44368,2,11,1371,44379,California
Orange,2021-01-03,588,44980,322,37908,266,7072,0,0,588,44956,0,11,588,44967,California
Orange,2021-01-04,2784,47764,1573,39481,1211,8283,0,0,2785,47740,1,12,2785,47752,California
Orange,2021-01-05,3557,51321,2319,41800,1238,9521,0,0,3142,50473,412,424,3145,50897,California
Orange,2021-01-06,5050,56371,3479,45279,1571,11092,0,0,3671,52777,1367,1791,3671,54568,California
Orange,2021-01-07,9389,65760,5245,50524,4144,15236,0,0,5740,54888,3634,5425,5745,60313,California
Orange,2021-01-08,9582,75342,5386,55910,4196,19432,0,0,5721,56762,3850,9275,5724,66037,California
Orange,2021-01-09,5072,80414,1771,57681,3301,22733,0,0,3775,59240,1297,10572,3775,69812,California
Orange,2021-01-10,4275,84689,1057,58738,3218,25951,0,0,3386,61742,888,11460,3390,73202,California
Orange,2021-01-11,9539,94228,4946,63684,4593,30544,0,0,5893,63989,3650,15110,5897,79099,California
Orange,2021-01-12,9036,103264,4858,68542,4178,34722,0,0,5544,66047,3488,18598,5546,84645,California
Orange,2021-01-13,10374,113638,4953,73495,5421,40143,0,0,7148,69980,3222,21820,7155,91800,California
Orange,2021-01-14,10157,123795,3820,77315,6337,46480,0,0,8553,76937,1602,23422,8559,100359,California
Orange,2021-01-15,10338,134133,2677,79992,7661,54141,0,0,9448,85495,897,24319,9455,109814,California
Orange,2021-01-16,8871,143004,2120,82112,6751,60892,0,0,8467,93567,400,24719,8472,118286,California
Orange,2021-01-17,8284,151288,1516,83628,6768,67660,0,0,8128,101549,156,24875,8138,126424,California
Orange,2021-01-18,9816,161104,4446,88074,5370,73030,0,0,7550,106835,2267,27142,7553,133977,California
Orange,2021-01-19,7620,168724,5473,93547,2147,75177,0,0,4973,109165,2645,29787,4975,138952,California
Orange,2021-01-20,8692,177416,6106,99653,2586,77763,0,0,5611,111706,3079,32866,5620,144572,California
Orange,2021-01-21,11370,188786,5122,104775,6248,84011,0,0,10517,121383,851,33717,10528,155100,California
Orange,2021-01-22,13985,202771,5225,110000,8760,92771,0,0,13086,133586,891,34608,13094,168194,California
Orange,2021-01-23,13338,216109,6216,116216,7122,99893,0,0,12389,145043,944,35552,12401,180595,California
Orange,2021-01-24,9952,226061,4312,120528,5640,105533,0,0,9609,154318,338,35890,9613,190208,California
Orange,2021-01-25,10573,236634,5897,126425,4676,110209,0,0,7811,159381,2753,38643,7816,198024,California
Orange,2021-01-26,12004,248638,7720,134145,4284,114493,0,0,9806,166996,2194,40837,9809,207833,California
Orange,2021-01-27,13692,262330,8022,142167,5670,120163,0,0,10921,175163,2759,43596,10926,218759,California
Orange,2021-01-28,13316,275646,7269,149436,6047,126210,0,0,11370,184613,1929,45525,11379,230138,California
Orange,2021-01-29,13846,289492,8470,157906,5376,131586,0,0,10876,192548,2944,48469,10879,241017,California
Orange,2021-01-30,13258,302750,4538,162444,8720,140306,0,0,12453,204217,788,49257,12457,253474,California
Orange,2021-01-31,13875,316625,4920,167364,8955,149261,0,0,13403,217163,465,49722,13411,266885,California
Orange,2021-02-01,15076,331701,6529,173893,8547,157808,0,0,12532,227187,2516,52238,12540,279425,California
Orange,2021-02-02,15233,346934,8009,181902,7224,165032,0,0,12715,237429,2479,54717,12721,292146,California
Orange,2021-02-03,16812,363746,12462,194364,4350,169382,0,0,13805,248317,2923,57640,13811,305957,California
Orange,2021-02-04,20161,383907,13124,207488,7037,176419,0,0,15003,258210,5118,62758,15011,320968,California
Orange,2021-02-05,21045,404952,12079,219567,8966,185385,0,0,14620,266464,6377,69135,14631,335599,California
Orange,2021-02-06,16574,421526,10893,230460,5681,191066,0,0,11252,272632,5304,74439,11472,347071,California
Orange,2021-02-07,11613,433139,8124,238584,3489,194555,0,0,7610,276426,3985,78424,7779,354850,California
Orange,2021-02-08,15247,448386,8733,247317,6514,201069,0,0,9112,279439,6104,84528,9117,363967,California
Orange,2021-02-09,17941,466327,12151,259468,5790,206859,0,0,10746,283085,7114,91642,10760,374727,California
Orange,2021-02-10,21111,487438,11250,270718,9861,216720,0,0,12750,287595,8263,99905,12773,387500,California
Orange,2021-02-11,22439,509877,11624,282342,10815,227535,0,0,12266,289856,10029,109934,12290,399790,California
Orange,2021-02-12,25215,535092,12135,294477,13080,240615,0,0,14763,294260,10380,120314,14784,414574,California
Orange,2021-02-13,22220,557312,12038,306515,10182,250797,0,0,11181,295224,10874,131188,11838,426412,California
Orange,2021-02-14,16375,573687,6663,313178,9712,260509,0,0,9655,298200,6687,137875,9663,436075,California
Orange,2021-02-15,17507,591194,7527,320705,9980,270489,0,0,9017,298797,8442,146317,9039,445114,California
Orange,2021-02-16,20283,611477,9178,329883,11105,281594,0,0,10875,300360,9352,155669,10915,456029,California
Orange,2021-02-17,18300,629777,9592,339475,8708,290302,0,0,9317,300830,8917,164586,9387,465416,California
Orange,2021-02-18,15349,645126,10042,349517,5307,295609,0,0,6914,299402,8375,172961,6947,472363,California
Orange,2021-02-19,18645,663771,11130,360647,7515,303124,0,0,7034,294919,11543,184504,7060,479423,California
Orange,2021-02-20,7725,671496,5731,366378,1994,305118,0,0,3854,294966,3836,188340,3883,483306,California
Orange,2021-02-21,4812,676308,4084,370462,728,305846,0,0,990,292187,3777,192117,998,484304,California
Orange,2021-02-22,10225,686533,8327,378789,1898,307744,0,0,4076,290189,6102,198219,4104,488408,California
Orange,2021-02-23,14011,700544,7654,386443,6357,314101,0,0,3678,283666,10244,208463,3721,492129,California
Orange,2021-02-24,21703,722247,13103,399546,8600,322701,0,0,5507,273126,16117,224580,5577,497706,California
Orange,2021-02-25,23102,745349,12483,412029,10619,333320,0,0,8127,266412,14894,239474,8180,505886,California
Orange,2021-02-26,28290,773639,14319,426348,13971,347291,0,0,11432,261198,16715,256189,11501,517387,California
Orange,2021-02-27,25352,798991,10331,436679,15017,362308,4,4,7397,250836,17824,274013,7462,524849,California
Orange,2021-02-28,19287,818278,7489,444168,11798,374106,0,4,4900,241530,14249,288262,4943,529792,California
Orange,2021-03-01,18972,837250,8685,452853,10265,384371,22,26,7393,237531,11461,299723,7462,537254,California
Orange,2021-03-02,19696,856946,9517,462370,10175,394546,4,30,9600,237165,10032,309755,9666,546920,California
Orange,2021-03-03,21384,878330,10152,472522,11227,405773,5,35,11507,238955,9786,319541,11576,558496,California
Orange,2021-03-04,22932,901262,13166,485688,9752,415525,14,49,11833,239810,11051,330592,11906,570402,California
Orange,2021-03-05,21508,922770,11203,496891,10256,425781,49,98,13125,244749,8335,338927,13274,583676,California
Orange,2021-03-06,24465,947235,13434,510325,10153,435934,878,976,12903,247072,11507,350434,13830,597506,California
Orange,2021-03-07,15470,962705,8678,519003,6372,442306,420,1396,9012,250141,6414,356848,9483,606989,California
Orange,2021-03-08,17082,979787,7914,526917,7853,450159,1315,2711,10914,256326,6096,362944,12281,619270,California
Orange,2021-03-09,21385,1001172,9910,536827,9007,459166,2468,5179,12585,262646,8752,371696,15072,634342,California
Orange,2021-03-10,25039,1026211,12295,549122,9282,468448,3462,8641,12603,266367,12364,384060,16085,650427,California
Orange,2021-03-11,29371,1055582,15914,565036,9199,477647,4258,12899,13557,268486,15706,399766,17825,668252,California
Orange,2021-03-12,29632,1085214,14417,579453,11330,488977,3885,16784,14803,272483,14727,414493,18724,686976,California
Orange,2021-03-13,28001,1113215,10297,589750,13745,502722,3959,20743,14120,276750,13814,428307,18081,705057,California
Orange,2021-03-14,19004,1132219,8258,598008,8194,510916,2552,23295,11830,283996,7135,435442,14381,719438,California
Orange,2021-03-15,23322,1155541,10296,608304,12256,523172,770,24065,14437,290430,8782,444224,15216,734654,California
Orange,2021-03-16,26670,1182211,11306,619610,15090,538262,274,24339,17161,298471,9419,453643,17460,752114,California
Orange,2021-03-17,27581,1209792,13727,633337,13289,551551,565,24904,19578,310701,7914,461557,20144,772258,California
Orange,2021-03-18,28153,1237945,14211,647548,13637,565188,305,25209,21768,326482,6307,467864,22088,794346,California
Orange,2021-03-19,34091,1272036,18849,666397,14788,579976,454,25663,25265,343510,8704,476568,25732,820078,California
Orange,2021-03-20,26059,1298095,13759,680156,12093,592069,207,25870,22175,362094,3808,480376,22392,842470,California
Orange,2021-03-21,18768,1316863,10887,691043,7133,599202,748,26618,15828,375775,2898,483274,16579,859049,California
Orange,2021-03-22,22975,1339838,11940,702983,10711,609913,324,26942,19264,391772,3603,486877,19600,878649,California
Orange,2021-03-23,26331,1366169,13765,716748,11919,621832,647,27589,20808,407804,5430,492307,21462,900111,California
Orange,2021-03-24,29429,1395598,16487,733235,12012,633844,930,28519,22029,423479,7288,499595,22963,923074,California
Orange,2021-03-25,32693,1428291,17384,750619,14591,648435,718,29237,24288,440196,8293,507888,25010,948084,California
Orange,2021-03-26,35101,1463392,18239,768858,15995,664430,867,30104,24892,455885,10081,517969,25770,973854,California
Orange,2021-03-27,28647,1492039,13726,782584,14605,679035,316,30420,19815,467291,8728,526697,20134,993988,California
Orange,2021-03-28,24991,1517030,12998,795582,11925,690960,68,30488,18630,479726,6270,532967,18705,1012693,California
Orange,2021-03-29,26726,1543756,12260,807842,13897,704857,569,31057,17839,489368,8770,541737,18412,1031105,California
Orange,2021-03-30,31066,1574822,14065,821907,16363,721220,638,31695,20429,499897,10536,552273,21065,1052170,California
Orange,2021-03-31,37389,1612211,19610,841517,17052,738272,727,32422,23716,510805,13533,565806,24441,1076611,California
Orange,2021-04-01,40933,1653144,21490,863007,17489,755761,1954,34376,26260,524525,14479,580285,28199,1104810,California
Orange,2021-04-02,40443,1693587,20406,883413,18176,773937,1861,36237,22740,531556,17577,597862,24608,1129418,California
Orange,2021-04-03,30511,1724098,15795,899208,12937,786874,1779,38016,14366,531646,16049,613911,16139,1145557,California
Orange,2021-04-04,18523,1742621,10750,909958,6998,793872,775,38791,8163,530288,10292,624203,8934,1154491,California
Orange,2021-04-05,30278,1772899,14157,924115,12690,806562,3431,42222,13847,531232,16326,640529,17270,1171761,California
Orange,2021-04-06,33655,1806554,15756,939871,14441,821003,3458,45680,14426,529973,19118,659647,17859,1189620,California
Orange,2021-04-07,36455,1843009,20258,960129,11533,832536,4664,50344,16043,530330,20312,679959,20669,1210289,California
Orange,2021-04-08,39501,1882510,21839,981968,12099,844635,5563,55907,19099,534679,20272,700231,24621,1234910,California
Orange,2021-04-09,41374,1923884,24067,1006035,12009,856644,5298,61205,18074,534828,23186,723417,23335,1258245,California
Orange,2021-04-10,34862,1958746,18393,1024428,12162,868806,4307,65512,14370,533091,20391,743808,18654,1276899,California
Orange,2021-04-11,25865,1984611,14651,1039079,7922,876728,3292,68804,9905,530371,15897,759705,13177,1290076,California
Orange,2021-04-12,30857,2015468,15584,1054663,11622,888350,3651,72455,12127,527486,18645,778350,15760,1305836,California
Orange,2021-04-13,32893,2048361,18520,1073183,14303,902653,70,72525,15298,525352,17504,795854,15370,1321206,California
Orange,2021-04-14,35078,2083439,20580,1093763,14462,917115,36,72561,15246,520936,19710,815564,15294,1336500,California
Orange,2021-04-15,40929,2124368,24930,1118693,15983,933098,16,72577,19045,518242,21751,837315,19057,1355557,California
Orange,2021-04-16,42154,2166522,24791,1143484,17333,950431,30,72607,19055,514384,22954,860269,19096,1374653,California
Orange,2021-04-17,30696,2197218,17408,1160892,13281,963712,7,72614,13466,510785,17078,877347,13479,1388132,California
Orange,2021-04-18,22339,2219557,13615,1174507,8724,972436,0,72614,8900,506328,13363,890710,8906,1397038,California
Orange,2021-04-19,33114,2252671,18299,1192806,14811,987247,4,72618,15240,503814,17764,908474,15250,1412288,California
Orange,2021-04-20,36641,2289312,19376,1212182,17258,1004505,7,72625,18240,503768,18299,926773,18253,1430541,California
Orange,2021-04-21,42523,2331835,24925,1237107,17589,1022094,9,72634,20181,501808,22157,948930,20197,1450738,California
Orange,2021-04-22,40163,2371998,21507,1258614,18645,1040739,11,72645,16730,495277,23280,972210,16749,1467487,California
Orange,2021-04-23,41107,2413105,21601,1280215,19498,1060237,8,72653,18404,491125,22573,994783,18421,1485908,California
Orange,2021-04-24,32140,2445245,16837,1297052,15271,1075508,32,72685,13486,486091,18555,1013338,13521,1499429,California
Orange,2021-04-25,23025,2468270,13001,1310053,10009,1085517,15,72700,9834,482829,13118,1026456,9856,1509285,California
Orange,2021-04-26,29308,2497578,14545,1324598,14564,1100081,199,72899,12693,479234,16490,1042946,12895,1522180,California
Orange,2021-04-27,31589,2529167,14982,1339580,15974,1116055,633,73532,11972,472409,19437,1062383,12612,1534792,California
Orange,2021-04-28,31483,2560650,15990,1355570,14608,1130663,885,74417,12646,467242,18696,1081079,13529,1548321,California
Orange,2021-04-29,32530,2593180,17967,1373537,13592,1144255,971,75388,11588,458977,20816,1101895,12551,1560872,California
Orange,2021-04-30,30455,2623635,17554,1391091,11955,1156210,946,76334,13015,455609,17319,1119214,13951,1574823,California
Orange,2021-05-01,23074,2646709,15807,1406898,6276,1162486,991,77325,8799,451244,14145,1133359,9780,1584603,California
Orange,2021-05-02,15461,2662170,10301,1417199,4516,1167002,644,77969,5386,447267,10001,1143360,6024,1590627,California
Orange,2021-05-03,20729,2682899,12664,1429863,7301,1174303,764,78733,6514,440428,14115,1157475,7276,1597903,California
Orange,2021-05-04,24217,2707116,14006,1443869,9290,1183593,921,79654,8267,433772,15830,1173305,9174,1607077,California
Orange,2021-05-05,25459,2732575,14459,1458328,10103,1193696,897,80551,8190,425732,17127,1190432,9087,1616164,California
Orange,2021-05-06,26900,2759475,16413,1474741,9485,1203181,1002,81553,7400,414769,19358,1209790,8395,1624559,California
Orange,2021-05-07,29408,2788883,17810,1492551,10543,1213724,1055,82608,8181,402999,20999,1230789,9229,1633788,California
Orange,2021-05-08,19173,2808056,12821,1505372,5551,1219275,801,83409,5552,395853,13490,1244279,6344,1640132,California
Orange,2021-05-09,11139,2819195,8503,1513875,2261,1221536,375,83784,2802,390742,8288,1252567,3177,1643309,California
Orange,2021-05-10,19521,2838716,12029,1525904,6709,1228245,783,84567,4309,380722,15113,1267680,5093,1648402,California
Orange,2021-05-11,22743,2861459,12862,1538766,9143,1237388,738,85305,5392,369603,17242,1284922,6123,1654525,California
Orange,2021-05-12,24100,2885559,14993,1553759,8271,1245659,836,86141,6541,359558,17419,1302341,7374,1661899,California
Orange,2021-05-13,22141,2907700,13736,1567495,7796,1253455,609,86750,8159,354463,13865,1316206,8770,1670669,California
Orange,2021-05-14,26875,2934575,17784,1585279,8238,1261693,853,87603,10471,349499,16258,1332464,11294,1681963,California
Orange,2021-05-15,20483,2955058,14798,1600077,5134,1266827,551,88154,8311,346258,12096,1344560,8855,1690818,California
Orange,2021-05-16,15588,2970646,12857,1612934,2392,1269219,339,88493,6709,344492,8812,1353372,7046,1697864,California
Orange,2021-05-17,19588,2990234,12874,1625808,6013,1275232,701,89194,6916,339492,12603,1365975,7603,1705467,California
Orange,2021-05-18,20634,3010868,12032,1637840,7931,1283163,671,89865,8010,335639,12525,1378500,8672,1714139,California
Orange,2021-05-19,22568,3033436,12920,1650760,8974,1292137,674,90539,7710,329279,14735,1393235,8375,1722514,California
Orange,2021-05-20,22603,3056039,13267,1664027,8668,1300805,668,91207,7736,322929,14751,1407986,8401,1730915,California
Orange,2021-05-21,25824,3081863,14877,1678904,10222,1311027,725,91932,8285,314522,17412,1425398,9005,1739920,California
Orange,2021-05-22,18322,3100185,12204,1691108,5570,1316597,548,92480,6973,310791,11253,1436651,7522,1747442,California
Orange,2021-05-23,10062,3110247,6954,1698062,2834,1319431,274,92754,3535,308118,6481,1443132,3808,1751250,California
Orange,2021-05-24,15700,3125947,9340,1707402,5736,1325167,624,93378,5793,304718,9810,1452942,6410,1757660,California
Orange,2021-05-25,15660,3141607,9222,1716624,5914,1331081,524,93902,5572,300837,9972,1462914,6091,1763751,California
Orange,2021-05-26,15264,3156871,8566,1725190,6198,1337279,500,94402,5621,297398,9550,1472464,6111,1769862,California
Orange,2021-05-27,14418,3171289,8681,1733871,5193,1342472,544,94946,6293,296179,8048,1480512,6829,1776691,California
Orange,2021-05-28,16834,3188123,9925,1743796,6279,1348751,630,95576,7368,294797,9368,1489880,7986,1784677,California
Orange,2021-05-29,9012,3197135,5282,1749078,3371,1352122,359,95935,4073,294343,4881,1494761,4427,1789104,California
Orange,2021-05-30,6042,3203177,3923,1753001,1838,1353960,281,96216,2174,292963,3830,1498591,2450,1791554,California
Orange,2021-05-31,1700,3204877,1054,1754055,599,1354559,47,96263,521,292373,1157,1499748,567,1792121,California
Orange,2021-06-01,13417,3218294,7794,1761849,5132,1359691,491,96754,4988,289528,8316,1508064,5471,1797592,California
Orange,2021-06-02,13032,3231326,8075,1769924,4540,1364231,417,97171,4456,285970,8424,1516488,4866,1802458,California
Orange,2021-06-03,12913,3244239,8915,1778839,3544,1367775,454,97625,4401,282371,8449,1524937,4850,1807308,California
Orange,2021-06-04,17180,3261419,12184,1791023,4417,1372192,579,98204,5241,276336,11852,1536789,5817,1813125,California
Orange,2021-06-05,12943,3274362,9769,1800792,2792,1374984,382,98586,3818,271466,9066,1545855,4196,1817321,California
Orange,2021-06-06,5371,3279733,4565,1805357,604,1375588,202,98788,1812,269943,3537,1549392,2014,1819335,California
Orange,2021-06-07,10799,3290532,7636,1812993,2698,1378286,465,99253,3308,266293,7416,1556808,3766,1823101,California
Orange,2021-06-08,12206,3302738,8793,1821786,2904,1381190,509,99762,3772,262233,8342,1565150,4282,1827383,California
Orange,2021-06-09,11769,3314507,8147,1829933,3165,1384355,457,100219,3310,257622,8373,1573523,3762,1831145,California
Orange,2021-06-10,11612,3326119,8455,1838388,2692,1387047,465,100684,3396,253322,8156,1581679,3856,1835001,California
Orange,2021-06-11,13311,3339430,9371,1847759,3444,1390491,496,101180,4287,249166,8934,1590613,4778,1839779,California
Orange,2021-06-12,9812,3349242,7515,1855274,1980,1392471,317,101497,3006,245738,6751,1597364,3323,1843102,California
Orange,2021-06-13,4056,3353298,2957,1858231,935,1393406,164,101661,1010,243901,3012,1600376,1175,1844277,California
Orange,2021-06-14,9854,3363152,7190,1865421,2206,1395612,458,102119,3254,241064,6547,1606923,3710,1847987,California
Orange,2021-06-15,10200,3373352,7346,1872767,2422,1398034,432,102551,3561,238489,6564,1613487,3989,1851976,California
Orange,2021-06-16,9559,3382911,6870,1879637,2222,1400256,467,103018,3269,235987,6233,1619720,3731,1855707,California
Orange,2021-06-17,9381,3392292,7084,1886721,1930,1402186,367,103385,3334,233703,5984,1625704,3700,1859407,California
Orange,2021-06-18,11248,3403540,8207,1894928,2544,1404730,497,103882,3892,230813,7277,1632981,4387,1863794,California
Orange,2021-06-19,6328,3409868,4707,1899635,1377,1406107,244,104126,2618,230018,3660,1636641,2865,1866659,California
Orange,2021-06-20,3071,3412939,2382,1902017,595,1406702,94,104220,1033,229120,2025,1638666,1127,1867786,California
Orange,2021-06-21,6683,3419622,4588,1906605,1658,1408360,437,104657,3582,230070,3070,1641736,4020,1871806,California
Orange,2021-06-22,7728,3427350,5719,1912324,1656,1410016,353,105010,2943,228649,4718,1646454,3297,1875103,California
Orange,2021-06-23,7368,3434718,5550,1917874,1512,1411528,306,105316,2997,227626,4324,1650778,3301,1878404,California
Orange,2021-06-24,7215,3441933,5422,1923296,1425,1412953,368,105684,3082,226979,4096,1654874,3449,1881853,California
Orange,2021-06-25,8723,3450656,6397,1929693,1944,1414897,382,106066,3361,225403,5313,1660187,3737,1885590,California
Orange,2021-06-26,5885,3456541,4519,1934212,1139,1416036,227,106293,2478,224744,3364,1663551,2705,1888295,California
Orange,2021-06-27,3444,3459985,2793,1937005,539,1416575,112,106405,1487,224409,1935,1665486,1600,1889895,California
Orange,2021-06-28,6255,3466240,5070,1942075,845,1417420,340,106745,2781,224106,3423,1668909,3120,1893015,California
Orange,2021-06-29,6321,3472561,4669,1946744,1399,1418819,253,106998,2605,223296,3669,1672578,2859,1895874,California
Orange,2021-06-30,6125,3478686,4450,1951194,1415,1420234,260,107258,2724,222942,3337,1675915,2983,1898857,California
Orange,2021-07-01,5744,3484430,4404,1955598,1107,1421341,233,107491,2620,222722,3072,1678987,2852,1901709,California
Orange,2021-07-02,4967,3489397,3686,1959284,1047,1422388,234,107725,2150,222308,2795,1681782,2381,1904090,California
Placer,2020-12-15,30,30,30,30,0,0,0,0,30,30,0,0,30,30,California
Placer,2020-12-16,56,86,56,86,0,0,0,0,56,86,0,0,56,86,California
Placer,2020-12-17,148,234,148,234,0,0,0,0,148,234,0,0,148,234,California
Placer,2020-12-18,427,661,427,661,0,0,0,0,427,661,0,0,427,661,California
Placer,2020-12-19,253,914,253,914,0,0,0,0,253,914,0,0,253,914,California
Placer,2020-12-20,234,1148,234,1148,0,0,0,0,234,1148,0,0,234,1148,California
Placer,2020-12-21,501,1649,499,1647,2,2,0,0,501,1649,0,0,501,1649,California
Placer,2020-12-22,681,2330,674,2321,7,9,0,0,681,2330,0,0,681,2330,California
Placer,2020-12-23,760,3090,671,2992,89,98,0,0,760,3090,0,0,760,3090,California
Placer,2020-12-24,411,3501,357,3349,54,152,0,0,411,3501,0,0,411,3501,California
Placer,2020-12-26,161,3662,116,3465,45,197,0,0,161,3662,0,0,161,3662,California
Placer,2020-12-27,183,3845,161,3626,22,219,0,0,183,3845,0,0,183,3845,California
Placer,2020-12-28,672,4517,545,4171,127,346,0,0,672,4517,0,0,672,4517,California
Placer,2020-12-29,770,5287,517,4688,253,599,0,0,770,5287,0,0,770,5287,California
Placer,2020-12-30,736,6023,461,5149,275,874,0,0,734,6021,0,0,734,6021,California
Placer,2020-12-31,548,6571,360,5509,188,1062,0,0,548,6569,0,0,548,6569,California
Placer,2021-01-01,17,6588,12,5521,5,1067,0,0,17,6586,0,0,17,6586,California
Placer,2021-01-02,188,6776,156,5677,32,1099,0,0,188,6774,0,0,188,6774,California
Placer,2021-01-03,155,6931,80,5757,75,1174,0,0,155,6929,0,0,155,6929,California
Placer,2021-01-04,624,7555,181,5938,443,1617,0,0,624,7553,0,0,624,7553,California
Placer,2021-01-05,737,8292,160,6098,577,2194,0,0,648,8114,88,88,649,8202,California
Placer,2021-01-06,763,9055,246,6344,517,2711,0,0,612,8575,151,239,612,8814,California
Placer,2021-01-07,991,10046,369,6713,622,3333,0,0,764,9112,227,466,764,9578,California
Placer,2021-01-08,1191,11237,532,7245,659,3992,0,0,798,9520,390,856,798,10376,California
Placer,2021-01-09,456,11693,321,7566,135,4127,0,0,239,9543,216,1072,239,10615,California
Placer,2021-01-10,334,12027,187,7753,147,4274,0,0,166,9541,168,1240,166,10781,California
Placer,2021-01-11,1440,13467,816,8569,624,4898,0,0,844,9790,596,1836,845,11626,California
Placer,2021-01-12,1678,15145,894,9463,784,5682,0,0,1064,10241,613,2449,1064,12690,California
Placer,2021-01-13,1660,16805,839,10302,821,6503,0,0,1227,11040,431,2880,1230,13920,California
Placer,2021-01-14,1827,18632,680,10982,1147,7650,0,0,1452,12121,372,3252,1453,15373,California
Placer,2021-01-15,1956,20588,731,11713,1225,8875,0,0,1602,13371,353,3605,1603,16976,California
Placer,2021-01-16,1511,22099,717,12430,794,9669,0,0,1389,14639,122,3727,1390,18366,California
Placer,2021-01-17,575,22674,400,12830,175,9844,0,0,436,14937,138,3865,436,18802,California
Placer,2021-01-18,986,23660,544,13374,442,10286,0,0,751,15454,235,4100,752,19554,California
Placer,2021-01-19,2635,26295,1969,15343,666,10952,0,0,2180,17180,455,4555,2181,21735,California
Placer,2021-01-20,2347,28642,1769,17112,578,11530,0,0,2007,18848,340,4895,2008,23743,California
Placer,2021-01-21,2591,31233,1138,18250,1453,12983,0,0,2185,20630,404,5299,2186,25929,California
Placer,2021-01-22,2354,33587,633,18883,1721,14704,0,0,2175,22629,177,5476,2176,28105,California
Placer,2021-01-23,1206,34793,388,19271,818,15522,0,0,1046,23516,159,5635,1046,29151,California
Placer,2021-01-24,522,35315,274,19545,248,15770,0,0,440,23875,82,5717,441,29592,California
Placer,2021-01-25,1687,37002,808,20353,879,16649,0,0,1391,24971,296,6013,1392,30984,California
Placer,2021-01-26,1888,38890,1048,21401,840,17489,0,0,1616,26315,272,6285,1616,32600,California
Placer,2021-01-27,1865,40755,1171,22572,694,18183,0,0,1614,27681,249,6534,1615,34215,California
Placer,2021-01-28,1822,42577,1124,23696,698,18881,0,0,1571,29003,249,6783,1571,35786,California
Placer,2021-01-29,1936,44513,1182,24878,754,19635,0,0,1733,30535,202,6985,1734,37520,California
Placer,2021-01-30,1748,46261,972,25850,776,20411,0,0,1627,32042,120,7105,1627,39147,California
Placer,2021-01-31,787,47048,626,26476,161,20572,0,0,716,32687,71,7176,716,39863,California
Placer,2021-02-01,2092,49140,1102,27578,990,21562,0,0,1773,34142,318,7494,1773,41636,California
Placer,2021-02-02,2416,51556,1554,29132,862,22424,0,0,1908,35545,505,7999,1908,43544,California
Placer,2021-02-03,2933,54489,1884,31016,1049,23473,0,0,2299,37214,630,8629,2299,45843,California
Placer,2021-02-04,2784,57273,1193,32209,1591,25064,0,0,1943,38321,837,9466,1944,47787,California
Placer,2021-02-05,2813,60086,1281,33490,1532,26596,0,0,1433,38398,1356,10822,1433,49220,California
Placer,2021-02-06,1998,62084,1334,34824,664,27260,0,0,1444,39289,553,11375,1444,50664,California
Placer,2021-02-07,1228,63312,913,35737,315,27575,0,0,936,39934,291,11666,936,51600,California
Placer,2021-02-08,3300,66612,1756,37493,1544,29119,0,0,1955,40571,1319,12985,1956,53556,California
Placer,2021-02-09,3579,70191,2194,39687,1385,30504,0,0,1652,40300,1923,14908,1652,55208,California
Placer,2021-02-10,3789,73980,2217,41904,1572,32076,0,0,1717,39951,2068,16976,1719,56927,California
Placer,2021-02-11,3734,77714,1923,43827,1811,33887,0,0,1582,39398,2136,19112,1583,58510,California
Placer,2021-02-12,2890,80604,1347,45174,1543,35430,0,0,1679,39904,1174,20286,1680,60190,California
Placer,2021-02-13,2627,83231,1472,46646,1155,36585,0,0,1933,41143,694,20980,1933,62123,California
Placer,2021-02-14,1097,84328,687,47333,410,36995,0,0,741,41530,354,21334,741,62864,California
Placer,2021-02-15,2265,86593,1050,48383,1215,38210,0,0,1553,42372,712,22046,1554,64418,California
Placer,2021-02-16,3613,90206,1807,50190,1806,40016,0,0,1604,41977,2000,24046,1605,66023,California
Placer,2021-02-17,3576,93782,1987,52177,1589,41605,0,0,1521,41447,2051,26097,1521,67544,California
Placer,2021-02-18,3854,97636,2081,54258,1773,43378,0,0,1642,40889,2201,28298,1643,69187,California
Placer,2021-02-19,3661,101297,1967,56225,1694,45072,0,0,1363,39966,2288,30586,1365,70552,California
Placer,2021-02-20,2107,103404,1308,57533,799,45871,0,0,943,39757,1156,31742,947,71499,California
Placer,2021-02-21,1180,104584,774,58307,406,46277,0,0,427,39434,751,32493,428,71927,California
Placer,2021-02-22,2613,107197,1832,60139,781,47058,0,0,617,38059,1992,34485,617,72544,California
Placer,2021-02-23,2708,109905,1653,61792,1055,48113,0,0,916,37184,1791,36276,916,73460,California
Placer,2021-02-24,3389,113294,1214,63006,2175,50288,0,0,1838,37485,1539,37815,1840,75300,California
Placer,2021-02-25,3760,117054,1553,64559,2207,52495,0,0,2056,37849,1695,39510,2059,77359,California
Placer,2021-02-26,4278,121332,2458,67017,1820,54315,0,0,2466,38510,1806,41316,2467,79826,California
Placer,2021-02-27,2932,124264,1536,68553,1396,55711,0,0,1513,38611,1414,42730,1515,81341,California
Placer,2021-02-28,1620,125884,879,69432,740,56451,1,1,741,38480,873,43603,742,82083,California
Placer,2021-03-01,3216,129100,2139,71571,1077,57528,0,1,1637,38547,1570,45173,1637,83720,California
Placer,2021-03-02,2929,132029,1804,73375,1125,58653,0,1,1908,39447,1008,46181,1908,85628,California
Placer,2021-03-03,3403,135432,1483,74858,1919,60572,1,2,1862,39778,1533,47714,1864,87492,California
Placer,2021-03-04,3653,139085,1468,76326,2185,62757,0,2,1898,39934,1743,49457,1899,89391,California
Placer,2021-03-05,3022,142107,1038,77364,1963,64720,21,23,1817,40572,1200,50657,1838,91229,California
Placer,2021-03-06,2447,144554,1513,78877,839,65559,95,118,941,40110,1498,52155,1036,92265,California
Placer,2021-03-07,1351,145905,774,79651,538,66097,39,157,547,39896,800,52955,586,92851,California
Placer,2021-03-08,2942,148847,1849,81500,979,67076,114,271,1662,40396,1276,54231,1776,94627,California
Placer,2021-03-09,3212,152059,1709,83209,1412,68488,91,362,1842,40962,1367,55598,1933,96560,California
Placer,2021-03-10,3318,155377,1341,84550,1871,70359,106,468,1728,41211,1585,57183,1834,98394,California
Placer,2021-03-11,3685,159062,1682,86232,1877,72236,126,594,1755,41176,1918,59101,1883,100277,California
Placer,2021-03-12,3709,162771,1496,87728,1433,73669,780,1374,1250,40760,2447,61548,2031,102308,California
Placer,2021-03-13,2222,164993,753,88481,1345,75014,124,1498,1185,41035,1033,62581,1308,103616,California
Placer,2021-03-14,1709,166702,685,89166,875,75889,149,1647,894,41265,813,63394,1043,104659,California
Placer,2021-03-15,3232,169934,1552,90718,1550,77439,130,1777,1774,41716,1454,64848,1905,106564,California
Placer,2021-03-16,3641,173575,1964,92682,1542,78981,135,1912,2313,42847,1317,66165,2448,109012,California
Placer,2021-03-17,3475,177050,1752,94434,1619,80600,104,2016,2231,43943,1240,67405,2336,111348,California
Placer,2021-03-18,4127,181177,2341,96775,1747,82347,39,2055,2866,45595,1252,68657,2904,114252,California
Placer,2021-03-19,3477,184654,2082,98857,1126,83473,269,2324,2162,46719,1304,69961,2428,116680,California
Placer,2021-03-20,2203,186857,909,99766,1195,84668,99,2423,1346,47311,852,70813,1444,118124,California
Placer,2021-03-21,1317,188174,588,100354,719,85387,10,2433,795,47598,518,71331,805,118929,California
Placer,2021-03-22,3330,191504,2133,102487,1106,86493,91,2524,2157,48677,1169,72500,2248,121177,California
Placer,2021-03-23,3593,195097,2125,104612,1380,87873,88,2612,2563,50305,1024,73524,2652,123829,California
Placer,2021-03-24,3815,198912,2009,106621,1709,89582,97,2709,1914,50439,1878,75402,2012,125841,California
Placer,2021-03-25,3879,202791,1871,108492,1907,91489,101,2810,1709,50091,2157,77559,1809,127650,California
Placer,2021-03-26,3795,206586,1679,110171,1884,93373,232,3042,1517,49579,2261,79820,1749,129399,California
Placer,2021-03-27,1642,208228,482,110653,1140,94513,20,3062,640,49243,995,80815,659,130058,California
Placer,2021-03-28,1133,209361,530,111183,593,95106,10,3072,300,48737,816,81631,310,130368,California
Placer,2021-03-29,3582,212943,1998,113181,1548,96654,36,3108,1729,48663,1842,83473,1768,132136,California
Placer,2021-03-30,3986,216929,2095,115276,1847,98501,44,3152,2079,48891,1893,85366,2121,134257,California
Placer,2021-03-31,4128,221057,1839,117115,2214,100715,75,3227,1691,48226,2429,87795,1764,136021,California
Placer,2021-04-01,3009,224066,1447,118562,1514,102229,48,3275,1669,48612,1331,89126,1717,137738,California
Placer,2021-04-02,2855,226921,1456,120018,1332,103561,67,3342,1605,49038,1243,90369,1669,139407,California
Placer,2021-04-03,1866,228787,997,121015,740,104301,129,3471,895,49097,963,91332,1022,140429,California
Placer,2021-04-04,717,229504,368,121383,296,104597,53,3524,287,49012,425,91757,340,140769,California
Placer,2021-04-05,3024,232528,1913,123296,925,105522,186,3710,1754,49688,1264,93021,1940,142709,California
Placer,2021-04-06,4320,236848,2497,125793,1520,107042,303,4013,1534,48747,2777,95798,1836,144545,California
Placer,2021-04-07,4571,241419,2608,128401,1499,108541,464,4477,2084,48811,2480,98278,2544,147089,California
Placer,2021-04-08,4742,246161,2617,131018,1581,110122,544,5021,1588,47802,3141,101419,2132,149221,California
Placer,2021-04-09,4159,250320,2279,133297,1254,111376,626,5647,1248,46775,2902,104321,1875,151096,California
Placer,2021-04-10,2117,252437,886,134183,1047,112423,184,5831,922,46688,1192,105513,1105,152201,California
Placer,2021-04-11,1395,253832,536,134719,826,113249,33,5864,445,46220,945,106458,477,152678,California
Placer,2021-04-12,4142,257974,2664,137383,1089,114338,389,6253,2472,47420,1660,108118,2860,155538,California
Placer,2021-04-13,4374,262348,3008,140391,1365,115703,1,6254,2190,47435,2177,110295,2192,157730,California
Placer,2021-04-14,4179,266527,2595,142986,1583,117286,1,6255,1859,46985,2309,112604,1859,159589,California
Placer,2021-04-15,4529,271056,2521,145507,2007,119293,1,6256,2361,47189,2158,114762,2362,161951,California
Placer,2021-04-16,3716,274772,2201,147708,1515,120808,0,6256,1449,46378,2260,117022,1449,163400,California
Placer,2021-04-17,2646,277418,855,148563,1791,122599,0,6256,1730,47198,910,117932,1730,165130,California
Placer,2021-04-18,1273,278691,302,148865,971,123570,0,6256,441,46809,830,118762,441,165571,California
Placer,2021-04-19,2970,281661,1830,150695,1140,124710,0,6256,1169,46183,1796,120558,1170,166741,California
Placer,2021-04-20,3916,285577,2561,153256,1355,126065,0,6256,2452,47181,1454,122012,2452,169193,California
Placer,2021-04-21,3822,289399,2538,155794,1283,127348,1,6257,2486,48337,1331,123343,2487,171680,California
Placer,2021-04-22,3748,293147,2335,158129,1413,128761,0,6257,1794,48183,1948,125291,1794,173474,California
Placer,2021-04-23,3581,296728,2382,160511,1198,129959,1,6258,1403,47416,2171,127462,1404,174878,California
Placer,2021-04-24,2096,298824,1272,161783,823,130782,1,6259,1225,47780,861,128323,1225,176103,California
Placer,2021-04-25,932,299756,500,162283,432,131214,0,6259,554,47956,378,128701,554,176657,California
Placer,2021-04-26,2515,302271,1361,163644,1130,132344,24,6283,1212,47897,1294,129995,1235,177892,California
Placer,2021-04-27,2796,305067,1482,165126,1265,133609,49,6332,1586,48328,1206,131201,1637,179529,California
Placer,2021-04-28,3062,308129,1916,167042,1110,134719,36,6368,1613,48539,1439,132640,1650,181179,California
Placer,2021-04-29,3441,311570,2246,169288,1141,135860,54,6422,1452,48062,1983,134623,1506,182685,California
Placer,2021-04-30,3043,314613,1849,171137,1145,137005,49,6471,1223,47520,1814,136437,1272,183957,California
Placer,2021-05-01,1339,315952,935,172072,379,137384,25,6496,612,47436,720,137157,636,184593,California
Placer,2021-05-02,737,316689,573,172645,142,137526,22,6518,332,47387,403,137560,354,184947,California
Placer,2021-05-03,1621,318310,1001,173646,553,138079,67,6585,442,46720,1175,138735,508,185455,California
Placer,2021-05-04,2368,320678,1358,175004,844,138923,166,6751,878,46281,1483,140218,1044,186499,California
Placer,2021-05-05,3733,324411,2536,177540,1092,140015,105,6856,979,44622,2743,142961,1084,187583,California
Placer,2021-05-06,3115,327526,1911,179451,1128,141143,76,6932,819,43247,2270,145231,895,188478,California
Placer,2021-05-07,2837,330363,1913,181364,831,141974,93,7025,799,42113,2026,147257,892,189370,California
Placer,2021-05-08,1411,331774,737,182101,631,142605,43,7068,412,41568,998,148255,453,189823,California
Placer,2021-05-09,452,332226,221,182322,210,142815,21,7089,209,41555,243,148498,230,190053,California
Placer,2021-05-10,1928,334154,1032,183354,800,143615,96,7185,423,40574,1500,149998,519,190572,California
Placer,2021-05-11,3042,337196,2203,185557,721,144336,118,7303,656,38973,2375,152373,774,191346,California
Placer,2021-05-12,2887,340083,2002,187559,828,145164,57,7360,683,37519,2196,154569,742,192088,California
Placer,2021-05-13,2872,342955,1855,189414,969,146133,48,7408,1010,36716,1860,156429,1057,193145,California
Placer,2021-05-14,2848,345803,1872,191286,840,146973,136,7544,1372,36757,1461,157890,1502,194647,California
Placer,2021-05-15,2105,347908,1366,192652,715,147688,24,7568,934,36551,1164,159054,958,195605,California
Placer,2021-05-16,1193,349101,530,193182,644,148332,19,7587,342,36063,849,159903,361,195966,California
Placer,2021-05-17,2359,351460,1569,194751,714,149046,76,7663,1015,35814,1340,161243,1091,197057,California
Placer,2021-05-18,2511,353971,1683,196434,748,149794,80,7743,1127,35640,1380,162623,1206,198263,California
Placer,2021-05-19,2543,356514,1595,198029,902,150696,46,7789,874,34896,1664,164287,920,199183,California
Placer,2021-05-20,2544,359058,1651,199680,845,151541,48,7837,863,34136,1672,165959,912,200095,California
Placer,2021-05-21,2448,361506,1530,201210,773,152314,145,7982,1054,33947,1386,167345,1197,201292,California
Placer,2021-05-22,1611,363117,1059,202269,510,152824,42,8024,763,33909,843,168188,805,202097,California
Placer,2021-05-23,638,363755,358,202627,264,153088,16,8040,280,33848,358,168546,297,202394,California
Placer,2021-05-24,1513,365268,771,203398,605,153693,137,8177,447,33368,1064,169610,584,202978,California
Placer,2021-05-25,1797,367065,946,204344,751,154444,100,8277,641,32961,1148,170758,741,203719,California
Placer,2021-05-26,1586,368651,909,205253,638,155082,39,8316,613,32646,968,171726,653,204372,California
Placer,2021-05-27,1462,370113,721,205974,696,155778,45,8361,661,32559,793,172519,706,205078,California
Placer,2021-05-28,1705,371818,857,206831,751,156529,97,8458,725,32407,974,173493,822,205900,California
Placer,2021-05-29,750,372568,405,207236,314,156843,31,8489,378,32447,368,173861,408,206308,California
Placer,2021-05-30,342,372910,230,207466,98,156941,14,8503,210,32540,131,173992,224,206532,California
Placer,2021-05-31,147,373057,70,207536,60,157001,17,8520,30,32470,116,174108,46,206578,California
Placer,2021-06-01,1678,374735,883,208419,722,157723,73,8593,591,32051,1082,175190,663,207241,California
Placer,2021-06-02,1508,376243,761,209180,680,158403,67,8660,488,31587,1019,176209,555,207796,California
Placer,2021-06-03,1700,377943,1031,210211,610,159013,59,8719,429,30809,1265,177474,487,208283,California
Placer,2021-06-04,1861,379804,1318,211529,489,159502,54,8773,458,29925,1394,178868,510,208793,California
Placer,2021-06-05,1088,380892,770,212299,277,159779,41,8814,267,29416,817,179685,308,209101,California
Placer,2021-06-06,500,381392,361,212660,122,159901,17,8831,124,29182,375,180060,141,209242,California
Placer,2021-06-07,1049,382441,717,213377,260,160161,72,8903,224,28654,822,180882,294,209536,California
Placer,2021-06-08,1729,384170,1317,214694,363,160524,49,8952,433,27842,1293,182175,481,210017,California
Placer,2021-06-09,1169,385339,848,215542,269,160793,52,9004,256,27241,910,183085,309,210326,California
Placer,2021-06-10,1255,386594,866,216408,314,161107,75,9079,314,26690,938,184023,387,210713,California
Placer,2021-06-11,1488,388082,1073,217481,356,161463,59,9138,341,25947,1142,185165,399,211112,California
Placer,2021-06-12,1018,389100,755,218236,237,161700,26,9164,221,25399,795,185960,247,211359,California
Placer,2021-06-13,394,389494,303,218539,80,161780,11,9175,92,25201,301,186261,103,211462,California
Placer,2021-06-14,769,390263,524,219063,199,161979,46,9221,223,24926,542,186803,267,211729,California
Placer,2021-06-15,1290,391553,860,219923,367,162346,63,9284,423,24548,863,187666,485,212214,California
Placer,2021-06-16,1035,392588,749,220672,231,162577,55,9339,332,24232,702,188368,386,212600,California
Placer,2021-06-17,879,393467,607,221279,235,162812,37,9376,275,23944,600,188968,312,212912,California
Placer,2021-06-18,1153,394620,762,222041,302,163114,89,9465,377,23635,775,189743,466,213378,California
Placer,2021-06-19,608,395228,437,222478,138,163252,33,9498,237,23537,367,190110,269,213647,California
Placer,2021-06-20,282,395510,231,222709,43,163295,8,9506,106,23476,174,190284,113,213760,California
Placer,2021-06-21,492,396002,288,222997,166,163461,38,9544,234,23490,258,190542,272,214032,California
Placer,2021-06-22,880,396882,622,223619,204,163665,54,9598,263,23197,610,191152,317,214349,California
Placer,2021-06-23,842,397724,610,224229,185,163850,47,9645,386,23175,455,191607,433,214782,California
Placer,2021-06-24,820,398544,515,224744,258,164108,47,9692,312,23029,505,192112,359,215141,California
Placer,2021-06-25,936,399480,665,225409,218,164326,53,9745,386,22925,543,192655,439,215580,California
Placer,2021-06-26,540,400020,390,225799,120,164446,30,9775,238,22893,300,192955,268,215848,California
Placer,2021-06-27,249,400269,181,225980,57,164503,11,9786,117,22889,131,193086,127,215975,California
Placer,2021-06-28,489,400758,362,226342,83,164586,44,9830,209,22863,279,193365,253,216228,California
Placer,2021-06-29,828,401586,583,226925,199,164785,46,9876,321,22724,506,193871,367,216595,California
Placer,2021-06-30,597,402183,416,227341,140,164925,41,9917,258,22685,338,194209,299,216894,California
Placer,2021-07-01,534,402717,360,227701,135,165060,39,9956,216,22624,316,194525,255,217149,California
Placer,2021-07-02,485,403202,362,228063,102,165162,21,9977,211,22588,268,194793,232,217381,California
Plumas,2020-12-18,3,3,3,3,0,0,0,0,3,3,0,0,3,3,California
Plumas,2020-12-19,1,4,1,4,0,0,0,0,1,4,0,0,1,4,California
Plumas,2020-12-21,45,49,45,49,0,0,0,0,45,49,0,0,45,49,California
Plumas,2020-12-22,92,141,92,141,0,0,0,0,92,141,0,0,92,141,California
Plumas,2020-12-23,50,191,50,191,0,0,0,0,50,191,0,0,50,191,California
Plumas,2020-12-24,6,197,6,197,0,0,0,0,6,197,0,0,6,197,California
Plumas,2020-12-28,8,205,0,197,8,8,0,0,8,205,0,0,8,205,California
Plumas,2020-12-29,32,237,22,219,10,18,0,0,32,237,0,0,32,237,California
Plumas,2020-12-30,23,260,1,220,22,40,0,0,23,260,0,0,23,260,California
Plumas,2020-12-31,4,264,1,221,3,43,0,0,4,264,0,0,4,264,California
Plumas,2021-01-01,1,265,0,221,1,44,0,0,1,265,0,0,1,265,California
Plumas,2021-01-02,1,266,0,221,1,45,0,0,1,266,0,0,1,266,California
Plumas,2021-01-04,10,276,4,225,6,51,0,0,10,276,0,0,10,276,California
Plumas,2021-01-05,22,298,2,227,20,71,0,0,22,298,0,0,22,298,California
Plumas,2021-01-06,123,421,5,232,118,189,0,0,123,421,0,0,123,421,California
Plumas,2021-01-07,53,474,2,234,51,240,0,0,52,472,1,1,52,473,California
Plumas,2021-01-08,11,485,4,238,7,247,0,0,8,477,3,4,8,481,California
Plumas,2021-01-09,2,487,2,240,0,247,0,0,1,477,1,5,1,482,California
Plumas,2021-01-11,58,545,50,290,8,255,0,0,11,441,47,52,11,493,California
Plumas,2021-01-12,155,700,86,376,69,324,0,0,71,428,84,136,71,564,California
Plumas,2021-01-13,55,755,50,426,5,329,0,0,9,391,46,182,9,573,California
Plumas,2021-01-14,99,854,14,440,85,414,0,0,94,480,5,187,94,667,California
Plumas,2021-01-15,63,917,7,447,56,470,0,0,61,539,2,189,61,728,California
Plumas,2021-01-16,58,975,1,448,57,527,0,0,58,597,0,189,58,786,California
Plumas,2021-01-18,2,977,1,449,1,528,0,0,2,599,0,189,2,788,California
Plumas,2021-01-19,36,1013,5,454,31,559,0,0,32,627,4,193,32,820,California
Plumas,2021-01-20,122,1135,3,457,119,678,0,0,120,745,2,195,120,940,California
Plumas,2021-01-21,112,1247,2,459,110,788,0,0,112,857,0,195,112,1052,California
Plumas,2021-01-22,5,1252,1,460,4,792,0,0,5,862,0,195,5,1057,California
Plumas,2021-01-23,94,1346,2,462,92,884,0,0,94,956,0,195,94,1151,California
Plumas,2021-01-24,1,1347,1,463,0,884,0,0,1,957,0,195,1,1152,California
Plumas,2021-01-25,11,1358,8,471,3,887,0,0,8,962,3,198,8,1160,California
Plumas,2021-01-26,59,1417,2,473,57,944,0,0,51,1005,8,206,51,1211,California
Plumas,2021-01-27,26,1443,20,493,6,950,0,0,6,991,20,226,6,1217,California
Plumas,2021-01-28,24,1467,0,493,24,974,0,0,22,1011,2,228,22,1239,California
Plumas,2021-01-29,9,1476,3,496,6,980,0,0,8,1018,1,229,8,1247,California
Plumas,2021-01-30,11,1487,4,500,7,987,0,0,9,1025,2,231,9,1256,California
Plumas,2021-01-31,3,1490,3,503,0,987,0,0,3,1028,0,231,3,1259,California
Plumas,2021-02-01,22,1512,4,507,18,1005,0,0,14,1034,8,239,14,1273,California
Plumas,2021-02-02,24,1536,4,511,20,1025,0,0,4,1018,20,259,4,1277,California
Plumas,2021-02-03,129,1665,8,519,121,1146,0,0,14,918,114,373,14,1291,California
Plumas,2021-02-04,102,1767,8,527,94,1240,0,0,23,862,79,452,23,1314,California
Plumas,2021-02-05,25,1792,11,538,14,1254,0,0,10,857,15,467,10,1324,California
Plumas,2021-02-06,8,1800,1,539,7,1261,0,0,8,865,0,467,8,1332,California
Plumas,2021-02-08,14,1814,5,544,9,1270,0,0,2,855,12,479,2,1334,California
Plumas,2021-02-09,172,1986,2,546,170,1440,0,0,112,907,60,539,112,1446,California
Plumas,2021-02-10,88,2074,9,555,79,1519,0,0,80,980,8,547,81,1527,California
Plumas,2021-02-11,322,2396,6,561,316,1835,0,0,262,1182,60,607,262,1789,California
Plumas,2021-02-12,125,2521,4,565,121,1956,0,0,119,1295,6,613,119,1908,California
Plumas,2021-02-13,76,2597,6,571,70,2026,0,0,15,1249,61,674,15,1923,California
Plumas,2021-02-14,8,2605,5,576,3,2029,0,0,8,1257,0,674,8,1931,California
Plumas,2021-02-15,26,2631,5,581,21,2050,0,0,23,1277,3,677,23,1954,California
Plumas,2021-02-16,78,2709,4,585,74,2124,0,0,14,1227,64,741,14,1968,California
Plumas,2021-02-17,137,2846,5,590,132,2256,0,0,12,1114,125,866,12,1980,California
Plumas,2021-02-18,129,2975,6,596,123,2379,0,0,20,1026,109,975,21,2001,California
Plumas,2021-02-19,43,3018,6,602,37,2416,0,0,7,997,36,1011,7,2008,California
Plumas,2021-02-20,105,3123,7,609,98,2514,0,0,13,918,92,1103,13,2021,California
Plumas,2021-02-21,6,3129,5,614,1,2515,0,0,2,916,4,1107,2,2023,California
Plumas,2021-02-22,6,3135,3,617,3,2518,0,0,1,912,5,1112,1,2024,California
Plumas,2021-02-23,24,3159,5,622,19,2537,0,0,17,922,7,1119,17,2041,California
Plumas,2021-02-24,463,3622,8,630,455,2992,0,0,450,1359,13,1132,450,2491,California
Plumas,2021-02-25,234,3856,11,641,223,3215,0,0,170,1465,64,1196,170,2661,California
Plumas,2021-02-26,268,4124,9,650,259,3474,0,0,260,1718,8,1204,261,2922,California
Plumas,2021-02-27,42,4166,4,654,38,3512,0,0,35,1746,7,1211,35,2957,California
Plumas,2021-02-28,4,4170,0,654,4,3516,0,0,2,1746,2,1213,2,2959,California
Plumas,2021-03-01,22,4192,6,660,16,3532,0,0,12,1749,9,1222,12,2971,California
Plumas,2021-03-02,10,4202,0,660,10,3542,0,0,7,1754,2,1224,7,2978,California
Plumas,2021-03-03,156,4358,11,671,145,3687,0,0,139,1876,17,1241,139,3117,California
Plumas,2021-03-04,253,4611,9,680,244,3931,0,0,231,2085,22,1263,231,3348,California
Plumas,2021-03-05,399,5010,6,686,388,4319,5,5,387,2465,12,1275,392,3740,California
Plumas,2021-03-06,21,5031,2,688,11,4330,8,13,4,2460,17,1292,12,3752,California
Plumas,2021-03-07,13,5044,2,690,2,4332,9,22,3,2462,10,1302,12,3764,California
Plumas,2021-03-08,30,5074,3,693,3,4335,24,46,3,2463,27,1329,28,3792,California
Plumas,2021-03-09,133,5207,2,695,116,4451,15,61,18,2381,115,1444,33,3825,California
Plumas,2021-03-10,255,5462,3,698,238,4689,14,75,107,2355,147,1591,121,3946,California
Plumas,2021-03-11,177,5639,8,706,164,4853,5,80,142,2467,35,1626,147,4093,California
Plumas,2021-03-12,594,6233,4,710,303,5156,287,367,22,2204,572,2198,309,4402,California
Plumas,2021-03-13,28,6261,5,715,12,5168,11,378,7,2201,21,2219,18,4420,California
Plumas,2021-03-14,12,6273,3,718,4,5172,5,383,1,2197,10,2229,6,4426,California
Plumas,2021-03-15,32,6305,1,719,24,5196,7,390,6,2184,26,2255,13,4439,California
Plumas,2021-03-16,61,6366,3,722,57,5253,1,391,49,2223,11,2266,50,4489,California
Plumas,2021-03-17,76,6442,10,732,65,5318,1,392,59,2267,16,2282,60,4549,California
Plumas,2021-03-18,61,6503,7,739,38,5356,16,408,14,2250,47,2329,30,4579,California
Plumas,2021-03-19,165,6668,7,746,156,5512,2,410,155,2400,8,2337,158,4737,California
Plumas,2021-03-20,700,7368,4,750,695,6207,1,411,678,3059,20,2357,679,5416,California
Plumas,2021-03-21,2,7370,1,751,1,6208,0,411,1,3060,0,2357,1,5417,California
Plumas,2021-03-22,183,7553,2,753,181,6389,0,411,175,3228,7,2364,175,5592,California
Plumas,2021-03-23,28,7581,2,755,26,6415,0,411,14,3228,14,2378,14,5606,California
Plumas,2021-03-24,657,8238,6,761,650,7065,1,412,219,3012,437,2815,221,5827,California
Plumas,2021-03-25,309,8547,7,768,300,7365,2,414,165,3033,144,2959,165,5992,California
Plumas,2021-03-26,315,8862,9,777,306,7671,0,414,46,2811,268,3227,46,6038,California
Plumas,2021-03-27,14,8876,1,778,12,7683,1,415,3,2804,11,3238,4,6042,California
Plumas,2021-03-28,6,8882,3,781,2,7685,1,416,3,2805,3,3241,4,6046,California
Plumas,2021-03-29,12,8894,4,785,7,7692,1,417,4,2802,8,3249,5,6051,California
Plumas,2021-03-30,152,9046,3,788,148,7840,1,418,25,2701,127,3376,26,6077,California
Plumas,2021-03-31,297,9343,4,792,292,8132,1,419,272,2949,25,3401,273,6350,California
Plumas,2021-04-01,309,9652,12,804,296,8428,1,420,66,2775,240,3641,66,6416,California
Plumas,2021-04-02,377,10029,5,809,371,8799,1,421,31,2473,334,3975,32,6448,California
Plumas,2021-04-03,16,10045,3,812,5,8804,8,429,2,2469,14,3989,10,6458,California
Plumas,2021-04-04,3,10048,1,813,1,8805,1,430,0,2467,3,3992,1,6459,California
Plumas,2021-04-05,12,10060,4,817,7,8812,1,431,4,2465,7,3999,5,6464,California
Plumas,2021-04-06,121,10181,6,823,89,8901,26,457,14,2398,107,4106,40,6504,California
Plumas,2021-04-07,284,10465,8,831,99,9000,177,634,29,2349,255,4361,206,6710,California
Plumas,2021-04-08,150,10615,4,835,131,9131,15,649,35,2284,114,4475,49,6759,California
Plumas,2021-04-09,52,10667,10,845,24,9155,18,667,18,2285,34,4509,35,6794,California
Plumas,2021-04-10,25,10692,2,847,6,9161,17,684,5,2287,20,4529,22,6816,California
Plumas,2021-04-11,5,10697,3,850,1,9162,1,685,3,2290,1,4530,4,6820,California
Plumas,2021-04-12,13,10710,5,855,5,9167,3,688,7,2295,5,4535,10,6830,California
Plumas,2021-04-13,211,10921,5,860,206,9373,0,688,141,2366,70,4605,141,6971,California
Plumas,2021-04-14,111,11032,8,868,103,9476,0,688,56,2368,54,4659,56,7027,California
Plumas,2021-04-15,53,11085,2,870,51,9527,0,688,33,2382,19,4678,33,7060,California
Plumas,2021-04-16,142,11227,2,872,140,9667,0,688,2,2244,140,4818,2,7062,California
Plumas,2021-04-17,672,11899,2,874,670,10337,0,688,18,1611,651,5469,18,7080,California
Plumas,2021-04-18,4,11903,3,877,1,10338,0,688,1,1609,3,5472,1,7081,California
Plumas,2021-04-19,38,11941,3,880,35,10373,0,688,5,1581,33,5505,5,7086,California
Plumas,2021-04-20,43,11984,5,885,38,10411,0,688,27,1593,15,5520,27,7113,California
Plumas,2021-04-21,311,12295,5,890,305,10716,1,689,18,1318,293,5813,18,7131,California
Plumas,2021-04-22,276,12571,8,898,268,10984,0,689,126,1294,150,5963,126,7257,California
Plumas,2021-04-23,73,12644,6,904,67,11051,0,689,16,1253,57,6020,16,7273,California
Plumas,2021-04-24,171,12815,5,909,166,11217,0,689,144,1371,26,6046,144,7417,California
Plumas,2021-04-26,30,12845,4,913,26,11243,0,689,8,1358,21,6067,8,7425,California
Plumas,2021-04-27,93,12938,3,916,90,11333,0,689,56,1377,37,6104,56,7481,California
Plumas,2021-04-28,286,13224,4,920,282,11615,0,689,38,1169,246,6350,38,7519,California
Plumas,2021-04-29,172,13396,69,989,103,11718,0,689,118,1233,54,6404,118,7637,California
Plumas,2021-04-30,21,13417,10,999,11,11729,0,689,5,1222,16,6420,5,7642,California
Plumas,2021-05-01,7,13424,1,1000,5,11734,1,690,1,1220,4,6424,2,7644,California
Plumas,2021-05-02,3,13427,3,1003,0,11734,0,690,1,1219,2,6426,1,7645,California
Plumas,2021-05-03,20,13447,7,1010,7,11741,6,696,6,1219,12,6438,12,7657,California
Plumas,2021-05-04,33,13480,5,1015,22,11763,6,702,19,1231,13,6451,25,7682,California
Plumas,2021-05-05,49,13529,6,1021,42,11805,1,703,22,1227,27,6478,23,7705,California
Plumas,2021-05-06,61,13590,2,1023,54,11859,5,708,19,1209,42,6520,24,7729,California
Plumas,2021-05-07,22,13612,5,1028,16,11875,1,709,8,1204,14,6534,9,7738,California
Plumas,2021-05-08,6,13618,0,1028,4,11879,2,711,4,1208,2,6536,6,7744,California
Plumas,2021-05-10,51,13669,1,1029,27,11906,23,734,23,1226,28,6564,46,7790,California
Plumas,2021-05-11,163,13832,3,1032,141,12047,19,753,12,1106,151,6715,31,7821,California
Plumas,2021-05-12,99,13931,2,1034,89,12136,8,761,37,1090,61,6776,45,7866,California
Plumas,2021-05-13,36,13967,3,1037,31,12167,2,763,14,1084,22,6798,16,7882,California
Plumas,2021-05-14,20,13987,4,1041,11,12178,5,768,10,1089,10,6808,15,7897,California
Plumas,2021-05-15,10,13997,4,1045,4,12182,2,770,4,1089,6,6814,6,7903,California
Plumas,2021-05-16,2,13999,1,1046,1,12183,0,770,1,1089,1,6815,1,7904,California
Plumas,2021-05-17,13,14012,0,1046,4,12187,9,779,4,1093,9,6824,13,7917,California
Plumas,2021-05-18,44,14056,7,1053,36,12223,1,780,24,1098,20,6844,25,7942,California
Plumas,2021-05-19,47,14103,3,1056,30,12253,14,794,12,1090,35,6879,27,7969,California
Plumas,2021-05-20,191,14294,136,1192,44,12297,11,805,78,1068,111,6990,89,8058,California
Plumas,2021-05-21,29,14323,8,1200,14,12311,7,812,14,1074,15,7005,21,8079,California
Plumas,2021-05-22,137,14460,1,1201,136,12447,0,812,7,953,128,7133,7,8086,California
Plumas,2021-05-23,1,14461,1,1202,0,12447,0,812,0,952,1,7134,0,8086,California
Plumas,2021-05-24,51,14512,37,1239,13,12460,1,813,41,985,9,7143,42,8128,California
Plumas,2021-05-25,67,14579,3,1242,63,12523,1,814,15,949,52,7195,16,8144,California
Plumas,2021-05-26,41,14620,7,1249,27,12550,7,821,17,950,23,7218,24,8168,California
Plumas,2021-05-27,100,14720,25,1274,62,12612,13,834,41,946,58,7276,54,8222,California
Plumas,2021-05-28,42,14762,14,1288,26,12638,2,836,22,951,19,7295,24,8246,California
Plumas,2021-05-29,8,14770,0,1288,8,12646,0,836,6,956,2,7297,7,8253,California
Plumas,2021-05-30,1,14771,0,1288,1,12647,0,836,0,956,0,7297,0,8253,California
Plumas,2021-05-31,7,14778,0,1288,4,12651,3,839,0,954,5,7302,3,8256,California
Plumas,2021-06-01,32,14810,7,1295,20,12671,5,844,9,946,23,7325,15,8271,California
Plumas,2021-06-02,59,14869,6,1301,31,12702,22,866,10,929,49,7374,32,8303,California
Plumas,2021-06-03,66,14935,17,1318,39,12741,10,876,27,927,39,7413,37,8340,California
Plumas,2021-06-04,15,14950,3,1321,11,12752,1,877,8,931,5,7418,9,8349,California
Plumas,2021-06-05,7,14957,3,1324,4,12756,0,877,2,928,5,7423,2,8351,California
Plumas,2021-06-06,2,14959,1,1325,1,12757,0,877,0,926,2,7425,0,8351,California
Plumas,2021-06-07,37,14996,5,1330,25,12782,7,884,9,914,28,7453,16,8367,California
Plumas,2021-06-08,30,15026,9,1339,19,12801,2,886,8,902,22,7475,10,8377,California
Plumas,2021-06-09,42,15068,5,1344,34,12835,3,889,9,881,33,7508,12,8389,California
Plumas,2021-06-10,36,15104,15,1359,17,12852,4,893,12,874,23,7531,16,8405,California
Plumas,2021-06-11,25,15129,13,1372,9,12861,3,896,8,868,17,7548,11,8416,California
Plumas,2021-06-12,11,15140,3,1375,7,12868,1,897,6,870,5,7553,7,8423,California
Plumas,2021-06-13,3,15143,1,1376,2,12870,0,897,3,873,0,7553,3,8426,California
Plumas,2021-06-14,97,15240,88,1464,6,12876,3,900,13,805,84,7637,16,8442,California
Plumas,2021-06-15,29,15269,7,1471,20,12896,2,902,9,796,20,7657,11,8453,California
Plumas,2021-06-16,33,15302,11,1482,13,12909,9,911,9,790,24,7681,18,8471,California
Plumas,2021-06-17,49,15351,30,1512,15,12924,4,915,11,768,37,7718,15,8486,California
Plumas,2021-06-18,39,15390,17,1529,14,12938,8,923,13,762,26,7744,20,8506,California
Plumas,2021-06-19,9,15399,2,1531,7,12945,0,923,2,757,7,7751,2,8508,California
Plumas,2021-06-21,9,15408,4,1535,4,12949,1,924,5,759,4,7755,6,8514,California
Plumas,2021-06-22,29,15437,11,1546,16,12965,2,926,9,750,20,7775,11,8525,California
Plumas,2021-06-23,27,15464,15,1561,9,12974,3,929,15,756,12,7787,18,8543,California
Plumas,2021-06-24,30,15494,19,1580,8,12982,3,932,14,757,15,7802,16,8559,California
Plumas,2021-06-25,22,15516,9,1589,11,12993,2,934,8,755,12,7814,10,8569,California
Plumas,2021-06-26,13,15529,4,1593,8,13001,1,935,3,749,10,7824,4,8573,California
Plumas,2021-06-28,10,15539,4,1597,2,13003,4,939,2,747,8,7832,6,8579,California
Plumas,2021-06-29,24,15563,16,1613,7,13010,1,940,11,746,13,7845,12,8591,California
Plumas,2021-06-30,22,15585,9,1622,9,13019,4,944,8,744,14,7859,12,8603,California
Plumas,2021-07-01,41,15626,27,1649,10,13029,4,948,21,749,20,7879,25,8628,California
Plumas,2021-07-02,11,15637,8,1657,3,13032,0,948,4,746,7,7886,4,8632,California
Riverside,2020-12-15,7,7,7,7,0,0,0,0,7,7,0,0,7,7,California
Riverside,2020-12-16,96,103,96,103,0,0,0,0,96,103,0,0,96,103,California
Riverside,2020-12-17,836,939,836,939,0,0,0,0,836,939,0,0,836,939,California
Riverside,2020-12-18,1780,2719,1779,2718,1,1,0,0,1780,2719,0,0,1780,2719,California
Riverside,2020-12-19,1055,3774,1052,3770,3,4,0,0,1053,3771,1,1,1053,3772,California
Riverside,2020-12-20,1114,4888,1113,4883,1,5,0,0,1114,4885,0,1,1114,4886,California
Riverside,2020-12-21,2342,7230,2340,7223,2,7,0,0,2342,7227,0,1,2342,7228,California
Riverside,2020-12-22,2296,9526,2249,9472,47,54,0,0,2295,9522,0,1,2295,9523,California
Riverside,2020-12-23,2165,11691,1821,11293,344,398,0,0,2166,11688,0,1,2166,11689,California
Riverside,2020-12-24,859,12550,655,11948,204,602,0,0,859,12547,0,1,859,12548,California
Riverside,2020-12-25,41,12591,18,11966,23,625,0,0,40,12587,0,1,40,12588,California
Riverside,2020-12-26,490,13081,270,12236,220,845,0,0,490,13077,0,1,490,13078,California
Riverside,2020-12-27,398,13479,268,12504,130,975,0,0,397,13473,1,2,397,13475,California
Riverside,2020-12-28,1716,15195,1194,13698,522,1497,0,0,1716,15189,0,2,1716,15191,California
Riverside,2020-12-29,1810,17005,1026,14724,784,2281,0,0,1810,16999,0,2,1810,17001,California
Riverside,2020-12-30,2654,19659,1725,16449,929,3210,0,0,2652,19650,1,3,2652,19653,California
Riverside,2020-12-31,1082,20741,422,16871,660,3870,0,0,1083,20732,1,4,1083,20736,California
Riverside,2021-01-01,134,20875,58,16929,76,3946,0,0,134,20866,0,4,134,20870,California
Riverside,2021-01-02,896,21771,708,17637,188,4134,0,0,896,21762,0,4,896,21766,California
Riverside,2021-01-03,359,22130,305,17942,54,4188,0,0,358,22120,0,4,358,22124,California
Riverside,2021-01-04,1304,23434,810,18752,494,4682,0,0,1303,23423,0,4,1303,23427,California
Riverside,2021-01-05,2062,25496,1416,20168,646,5328,0,0,1938,25244,117,121,1938,25365,California
Riverside,2021-01-06,2598,28094,1160,21328,1438,6766,0,0,2255,27162,337,458,2255,27620,California
Riverside,2021-01-07,2886,30980,1886,23214,1000,7766,0,0,1771,27829,1107,1565,1774,29394,California
Riverside,2021-01-08,4123,35103,2979,26193,1144,8910,0,0,2262,28235,1856,3421,2262,31656,California
Riverside,2021-01-09,2138,37241,878,27071,1260,10170,0,0,1760,29619,376,3797,1760,33416,California
Riverside,2021-01-10,1697,38938,751,27822,946,11116,0,0,1081,30084,616,4413,1081,34497,California
Riverside,2021-01-11,4623,43561,3160,30982,1463,12579,0,0,2844,31151,1777,6190,2844,37341,California
Riverside,2021-01-12,3524,47085,2783,33765,741,13320,0,0,1807,31249,1712,7902,1810,39151,California
Riverside,2021-01-13,4590,51675,3001,36766,1589,14909,0,0,2945,32553,1641,9543,2945,42096,California
Riverside,2021-01-14,5801,57476,2056,38822,3745,18654,0,0,5170,37096,629,10172,5172,47268,California
Riverside,2021-01-15,6288,63764,2108,40930,4180,22834,0,0,5952,42715,334,10506,5953,53221,California
Riverside,2021-01-16,3720,67484,1034,41964,2686,25520,0,0,3458,45912,262,10768,3459,56680,California
Riverside,2021-01-17,3665,71149,605,42569,3060,28580,0,0,3456,49161,207,10975,3456,60136,California
Riverside,2021-01-18,3865,75014,2106,44675,1759,30339,0,0,2816,50930,1048,12023,2817,62953,California
Riverside,2021-01-19,7541,82555,2680,47355,4861,35200,0,0,6394,56183,1146,13169,6399,69352,California
Riverside,2021-01-20,8474,91029,3269,50624,5205,40405,0,0,6798,61324,1663,14832,6804,76156,California
Riverside,2021-01-21,8564,99593,3574,54198,4990,45395,0,0,7858,68476,707,15539,7859,84015,California
Riverside,2021-01-22,8972,108565,3056,57254,5916,51311,0,0,8493,76494,477,16016,8495,92510,California
Riverside,2021-01-23,6074,114639,2355,59609,3719,55030,0,0,5263,80948,810,16826,5264,97774,California
Riverside,2021-01-24,3116,117755,1437,61046,1679,56709,0,0,2891,83619,221,17047,2892,100666,California
Riverside,2021-01-25,8037,125792,4596,65642,3441,60150,0,0,6867,89321,1167,18214,6869,107535,California
Riverside,2021-01-26,9237,135029,5720,71362,3517,63667,0,0,7698,95484,1536,19750,7699,115234,California
Riverside,2021-01-27,11121,146150,6416,77778,4705,68372,0,0,9474,103320,1641,21391,9477,124711,California
Riverside,2021-01-28,11739,157889,6820,84598,4919,73291,0,0,10536,112665,1194,22585,10539,135250,California
Riverside,2021-01-29,12105,169994,7310,91908,4795,78086,0,0,10705,122000,1376,23961,10711,145961,California
Riverside,2021-01-30,9197,179191,4620,96528,4577,82663,0,0,8693,130194,500,24461,8694,154655,California
Riverside,2021-01-31,5190,184381,4223,100751,967,83630,0,0,5045,135101,143,24604,5050,159705,California
Riverside,2021-02-01,11498,195879,7164,107915,4334,87964,0,0,9473,142562,2016,26620,9477,169182,California
Riverside,2021-02-02,9691,205570,4876,112791,4815,92779,0,0,8176,149240,1504,28124,8182,177364,California
Riverside,2021-02-03,12436,218006,5200,117991,7236,100015,0,0,9974,156767,2452,30576,9979,187343,California
Riverside,2021-02-04,13779,231785,6067,124058,7712,107727,0,0,11611,166229,2157,32733,11619,198962,California
Riverside,2021-02-05,14680,246465,5554,129612,9126,116853,0,0,11429,174424,3242,35975,11437,210399,California
Riverside,2021-02-06,7350,253815,4272,133884,3078,119931,0,0,5683,178455,1656,37631,5687,216086,California
Riverside,2021-02-07,2222,256037,809,134693,1413,121344,0,0,1884,180010,336,37967,1891,217977,California
Riverside,2021-02-08,12614,268651,5591,140284,7023,128367,0,0,10221,187870,2375,40342,10235,228212,California
Riverside,2021-02-09,9827,278478,4565,144849,5262,133629,0,0,7789,193660,2020,42362,7810,236022,California
Riverside,2021-02-10,12278,290756,7022,151871,5256,138885,0,0,8964,199342,3301,45663,8983,245005,California
Riverside,2021-02-11,16896,307652,9104,160975,7792,146677,0,0,12211,206929,4661,50324,12248,257253,California
Riverside,2021-02-12,18064,325716,10926,171901,7138,153815,0,0,12951,214846,5062,55386,12979,270232,California
Riverside,2021-02-13,6441,332157,2173,174074,4268,158083,0,0,3113,214677,3313,58699,3144,273376,California
Riverside,2021-02-14,5041,337198,1186,175260,3855,161938,0,0,2261,214177,2774,61473,2274,275650,California
Riverside,2021-02-15,10025,347223,5124,180384,4901,166839,0,0,5529,215243,4480,65953,5546,281196,California
Riverside,2021-02-16,16391,363614,10241,190625,6150,172989,0,0,9411,217712,6968,72921,9437,290633,California
Riverside,2021-02-17,15377,378991,8425,199050,6952,179941,0,0,7625,217657,7735,80656,7680,298313,California
Riverside,2021-02-18,15794,394785,9066,208116,6728,186669,0,0,8103,218139,7664,88320,8146,306459,California
Riverside,2021-02-19,15682,410467,8415,216531,7267,193936,0,0,7382,217280,8269,96589,7410,313869,California
Riverside,2021-02-20,8578,419045,4636,221167,3942,197878,0,0,2258,213250,6298,102887,2268,316137,California
Riverside,2021-02-21,4578,423623,4038,225205,540,198418,0,0,1294,211296,3259,106146,1305,317442,California
Riverside,2021-02-22,12824,436447,8110,233315,4714,203132,0,0,5086,208677,7717,113863,5098,322540,California
Riverside,2021-02-23,11678,448125,7918,241233,3760,206892,0,0,5662,208389,5980,119843,5692,328232,California
Riverside,2021-02-24,15188,463313,8279,249512,6909,213801,0,0,6431,206167,8710,128553,6488,334720,California
Riverside,2021-02-25,17715,481028,7564,257076,10151,223952,0,0,8194,204940,9491,138044,8264,342984,California
Riverside,2021-02-26,18965,499993,6856,263932,12109,236061,0,0,9450,205010,9447,147491,9517,352501,California
Riverside,2021-02-27,12199,512192,5643,269575,6556,242617,0,0,5800,204502,6365,153856,5857,358358,California
Riverside,2021-02-28,5005,517197,3293,272868,1712,244329,0,0,2483,204508,2508,156364,2514,360872,California
Riverside,2021-03-01,14508,531705,6182,279050,8320,252649,6,6,8521,207149,5939,162303,8580,369452,California
Riverside,2021-03-02,15566,547271,7603,286653,7962,260611,1,7,9093,209850,6445,168748,9146,378598,California
Riverside,2021-03-03,17279,564550,8555,295208,8724,269335,0,7,7524,207835,9699,178447,7684,386282,California
Riverside,2021-03-04,19028,583578,7568,302776,11455,280790,5,12,9055,207169,9922,188369,9256,395538,California
Riverside,2021-03-05,19154,602732,7702,310478,11406,292196,46,58,9444,207321,9656,198025,9808,405346,California
Riverside,2021-03-06,9646,612378,5106,315584,4056,296252,484,542,4778,207780,4851,202876,5310,410656,California
Riverside,2021-03-07,4330,616708,2794,318378,1144,297396,392,934,2025,207937,2293,205169,2450,413106,California
Riverside,2021-03-08,12146,628854,4837,323215,6896,304292,413,1347,5413,207134,6709,211878,5906,419012,California
Riverside,2021-03-09,15029,643883,7019,330234,7501,311793,509,1856,5945,204682,9060,220938,6608,425620,California
Riverside,2021-03-10,16170,660053,8679,338913,6555,318348,936,2792,6264,202207,9859,230797,7384,433004,California
Riverside,2021-03-11,19596,679649,9594,348507,8128,326476,1874,4666,7647,200048,11906,242703,9747,442751,California
Riverside,2021-03-12,21359,701008,8001,356508,8599,335075,4759,9425,7052,197929,14260,256963,12141,454892,California
Riverside,2021-03-13,8623,709631,2581,359089,4807,339882,1235,10660,4390,199452,4206,261169,5729,460621,California
Riverside,2021-03-14,4838,714469,1663,360752,1800,341682,1375,12035,2112,200238,2709,263878,3495,464116,California
Riverside,2021-03-15,18806,733275,7922,368674,9211,350893,1673,13708,9154,201579,9604,273482,10945,475061,California
Riverside,2021-03-16,21133,754408,10281,378955,10034,360927,818,14526,11386,204194,9702,283184,12317,487378,California
Riverside,2021-03-17,21591,775999,11081,390036,9445,370372,1065,15591,12878,209540,8665,291849,14011,501389,California
Riverside,2021-03-18,23123,799122,11994,402030,9449,379821,1680,17271,12676,213523,10388,302237,14371,515760,California
Riverside,2021-03-19,24340,823462,12781,414811,10585,390406,974,18245,14139,218866,10139,312376,15482,531242,California
Riverside,2021-03-20,10938,834400,6955,421766,2773,393179,1210,19455,6980,223149,3920,316296,8203,539445,California
Riverside,2021-03-21,3938,838338,3039,424805,621,393800,278,19733,2610,224739,1304,317600,2894,542339,California
Riverside,2021-03-22,16799,855137,10017,434822,6228,400028,554,20287,10621,229800,6116,323716,11177,553516,California
Riverside,2021-03-23,18785,873922,10616,445438,7746,407774,423,20710,11946,235420,6776,330492,12396,565912,California
Riverside,2021-03-24,18897,892819,10526,455964,8249,416023,122,20832,12876,242480,5963,336455,13023,578935,California
Riverside,2021-03-25,21289,914108,11732,467696,9370,425393,187,21019,14174,249824,7034,343489,14378,593313,California
Riverside,2021-03-26,24302,938410,12003,479699,12124,437517,175,21194,15055,255935,9135,352624,15246,608559,California
Riverside,2021-03-27,9396,947806,4916,484615,3426,440943,1054,22248,4841,257311,4525,357149,5901,614460,California
Riverside,2021-03-28,4812,952618,3157,487772,1561,442504,94,22342,2858,258325,1942,359091,2956,617416,California
Riverside,2021-03-29,17757,970375,8476,496248,9154,451658,127,22469,10942,262650,6765,365856,11090,628506,California
Riverside,2021-03-30,18458,988833,9611,505859,8636,460294,211,22680,11737,267927,6676,372532,11953,640459,California
Riverside,2021-03-31,18261,1007094,8490,514349,9445,469739,326,23006,11395,272847,6813,379345,11733,652192,California
Riverside,2021-04-01,25731,1032825,12567,526916,12360,482099,804,23810,16513,281036,9132,388477,17321,669513,California
Riverside,2021-04-02,26278,1059103,14114,541030,11179,493278,985,24795,16412,288855,9800,398277,17619,687132,California
Riverside,2021-04-03,9462,1068565,5999,547029,2848,496126,615,25410,6083,292193,3359,401636,6697,693829,California
Riverside,2021-04-04,3443,1072008,2080,549109,1096,497222,267,25677,1719,292470,1711,403347,1988,695817,California
Riverside,2021-04-05,18632,1090640,9506,558615,7239,504461,1887,27564,9986,295750,8600,411947,11880,707697,California
Riverside,2021-04-06,23940,1114580,12438,571053,9329,513790,2173,29737,13344,300713,10543,422490,15506,723203,California
Riverside,2021-04-07,25072,1139652,13485,584538,9047,522837,2540,32277,13924,306081,11096,433586,16464,739667,California
Riverside,2021-04-08,27665,1167317,15256,599794,9364,532201,3045,35322,16833,315185,10760,444346,19864,759531,California
Riverside,2021-04-09,26543,1193860,15586,615380,8433,540634,2524,37846,16130,323513,10358,454704,18686,778217,California
Riverside,2021-04-10,12162,1206022,6811,622191,3926,544560,1425,39271,5322,323461,6794,461498,6742,784959,California
Riverside,2021-04-11,4700,1210722,2793,624984,1265,545825,642,39913,2201,323825,2484,463982,2848,787807,California
Riverside,2021-04-12,20304,1231026,9043,634027,8594,554419,2667,42580,10152,326540,10109,474091,12824,800631,California
Riverside,2021-04-13,20272,1251298,11343,645370,8901,563320,28,42608,11604,329555,8625,482716,11640,812271,California
Riverside,2021-04-14,22501,1273799,12409,657779,10077,573397,15,42623,11022,329206,11408,494124,11059,823330,California
Riverside,2021-04-15,22301,1296100,12621,670400,9672,583069,8,42631,11769,330535,10459,504583,11788,835118,California
Riverside,2021-04-16,25426,1321526,14684,685084,10736,593805,6,42637,11810,328811,13553,518136,11829,846947,California
Riverside,2021-04-17,10023,1331549,6611,691695,3412,597217,0,42637,5017,328859,4979,523115,5027,851974,California
Riverside,2021-04-18,4225,1335774,3144,694839,1074,598291,7,42644,1956,328581,2251,525366,1973,853947,California
Riverside,2021-04-19,19768,1355542,11744,706583,8021,606312,3,42647,7108,323098,12607,537973,7124,861071,California
Riverside,2021-04-20,19579,1375121,10550,717133,9020,615332,9,42656,7987,319561,11540,549513,8003,869074,California
Riverside,2021-04-21,20895,1396016,12351,729484,8534,623866,10,42666,8400,315568,12415,561928,8422,877496,California
Riverside,2021-04-22,23897,1419913,14115,743599,9778,633644,4,42670,8947,309652,14878,576806,8962,886458,California
Riverside,2021-04-23,23842,1443755,14167,757766,9661,643305,14,42684,9343,304596,14435,591241,9379,895837,California
Riverside,2021-04-24,10542,1454297,7328,765094,3205,646510,9,42693,4830,303767,5671,596912,4842,900679,California
Riverside,2021-04-25,4255,1458552,2826,767920,1422,647932,7,42700,2201,303941,2036,598948,2210,902889,California
Riverside,2021-04-26,17390,1475942,10940,778860,6391,654323,59,42759,5925,298523,11418,610366,6000,908889,California
Riverside,2021-04-27,18627,1494569,10703,789563,7717,662040,207,42966,6495,293150,12084,622450,6711,915600,California
Riverside,2021-04-28,16922,1511491,9232,798795,7425,669465,265,43231,5755,288077,11103,633553,6030,921630,California
Riverside,2021-04-29,19155,1530646,11821,810616,6982,676447,352,43583,5578,280500,13506,647059,5929,927559,California
Riverside,2021-04-30,20336,1550982,11859,822475,8089,684536,388,43971,6659,273928,13620,660679,7048,934607,California
Riverside,2021-05-01,6887,1557869,4941,827416,1761,686297,185,44156,2364,271983,4494,665173,2549,937156,California
Riverside,2021-05-02,3395,1561264,2219,829635,967,687264,209,44365,1091,271005,2285,667458,1307,938463,California
Riverside,2021-05-03,18078,1579342,11103,840738,6478,693742,497,44862,4183,261856,13827,681285,4678,943141,California
Riverside,2021-05-04,17772,1597114,11383,852121,5925,699667,464,45326,5006,254646,12692,693977,5482,948623,California
Riverside,2021-05-05,16357,1613471,9432,861553,6551,706218,374,45700,4726,248197,11570,705547,5121,953744,California
Riverside,2021-05-06,18354,1631825,10448,872001,7490,713708,416,46116,4705,239789,13568,719115,5160,958904,California
Riverside,2021-05-07,20782,1652607,11888,883889,8448,722156,446,46562,5532,230606,15164,734279,5981,964885,California
Riverside,2021-05-08,7105,1659712,4724,888613,2118,724274,263,46825,2655,229118,4414,738693,2926,967811,California
Riverside,2021-05-09,2497,1662209,1697,890310,647,724921,153,46978,927,228645,1561,740254,1088,968899,California
Riverside,2021-05-10,10149,1672358,5206,895516,4549,729470,394,47372,2865,224675,7234,747488,3264,972163,California
Riverside,2021-05-11,14352,1686710,8754,904270,5071,734541,527,47899,4014,218980,10252,757740,4557,976720,California
Riverside,2021-05-12,13064,1699774,6720,910990,6011,740552,333,48232,3936,214173,9076,766816,4269,980989,California
Riverside,2021-05-13,15253,1715027,9337,920327,5634,746186,282,48514,5409,210086,9791,776607,5704,986693,California
Riverside,2021-05-14,18248,1733275,11565,931892,5888,752074,795,49309,7107,206918,11068,787675,7900,994593,California
Riverside,2021-05-15,9897,1743172,7128,939020,2372,754446,397,49706,5095,207639,4771,792446,5492,1000085,California
Riverside,2021-05-16,3720,1746892,2760,941780,842,755288,118,49824,1868,207785,1838,794284,1984,1002069,California
Riverside,2021-05-17,11821,1758713,7608,949388,3858,759146,355,50179,5090,206536,6699,800983,5450,1007519,California
Riverside,2021-05-18,15256,1773969,9480,958868,5417,764563,359,50538,6159,204004,9050,810033,6518,1014037,California
Riverside,2021-05-19,12241,1786210,7739,966607,4257,768820,245,50783,5900,203864,6288,816321,6148,1020185,California
Riverside,2021-05-20,11952,1798162,7509,974116,4184,773004,259,51042,5317,202858,6586,822907,5580,1025765,California
Riverside,2021-05-21,14480,1812642,8925,983041,5231,778235,324,51366,6059,200891,8352,831259,6385,1032150,California
Riverside,2021-05-22,7229,1819871,4895,987936,2137,780372,197,51563,3867,201635,3322,834581,4066,1036216,California
Riverside,2021-05-23,2753,1822624,1841,989777,835,781207,77,51640,1292,201557,1446,836027,1368,1037584,California
Riverside,2021-05-24,8883,1831507,5810,995587,2759,783966,314,51954,3964,200950,4884,840911,4277,1041861,California
Riverside,2021-05-25,9733,1841240,5794,1001381,3666,787632,273,52227,3877,199287,5817,846728,4154,1046015,California
Riverside,2021-05-26,8926,1850166,5534,1006915,3060,790692,332,52559,3896,198541,4979,851707,4233,1050248,California
Riverside,2021-05-27,8567,1858733,5128,1012043,3202,793894,237,52796,3879,198025,4637,856344,4121,1054369,California
Riverside,2021-05-28,10778,1869511,6522,1018565,3941,797835,315,53111,4962,197556,5753,862097,5284,1059653,California
Riverside,2021-05-29,5049,1874560,3437,1022002,1486,799321,126,53237,2815,198289,2210,864307,2943,1062596,California
Riverside,2021-05-30,1972,1876532,1425,1023427,479,799800,68,53305,1019,198431,945,865252,1087,1063683,California
Riverside,2021-05-31,878,1877410,500,1023927,345,800145,33,53338,335,198261,538,865790,368,1064051,California
Riverside,2021-06-01,9176,1886586,5664,1029591,3275,803420,237,53575,3442,196258,5680,871470,3677,1067728,California
Riverside,2021-06-02,7137,1893723,4347,1033938,2511,805931,279,53854,2738,194921,4356,875826,3019,1070747,California
Riverside,2021-06-03,7963,1901686,5300,1039238,2392,808323,271,54125,2725,192718,5195,881021,2992,1073739,California
Riverside,2021-06-04,10727,1912413,7648,1046886,2820,811143,259,54384,3712,189728,6963,887984,3973,1077712,California
Riverside,2021-06-05,6961,1919374,5137,1052023,1278,812421,546,54930,2180,187700,4757,892741,2729,1080441,California
Riverside,2021-06-06,2215,1921589,1881,1053904,283,812704,51,54981,683,186910,1525,894266,735,1081176,California
Riverside,2021-06-07,6937,1928526,5261,1059165,1445,814149,231,55212,2267,184770,4639,898905,2499,1083675,California
Riverside,2021-06-08,9058,1937584,6562,1065727,2221,816370,275,55487,2956,181955,6048,904953,3233,1086908,California
Riverside,2021-06-09,7747,1945331,5638,1071365,1813,818183,296,55783,2359,179267,5341,910294,2653,1089561,California
Riverside,2021-06-10,7588,1952919,5348,1076713,2005,820188,235,56018,2358,176663,5201,915495,2597,1092158,California
Riverside,2021-06-11,8889,1961808,6026,1082739,2571,822759,292,56310,2999,174125,5829,921324,3291,1095449,California
Riverside,2021-06-12,5344,1967152,3949,1086688,1267,824026,128,56438,1657,172260,3656,924980,1791,1097240,California
Riverside,2021-06-13,1795,1968947,1334,1088022,417,824443,44,56482,494,171510,1288,926268,538,1097778,California
Riverside,2021-06-14,6366,1975313,4557,1092579,1502,825945,307,56789,2082,169647,4248,930516,2385,1100163,California
Riverside,2021-06-15,7077,1982390,4829,1097408,1937,827882,311,57100,2646,168226,4383,934899,2962,1103125,California
Riverside,2021-06-16,6838,1989228,4710,1102118,1815,829697,313,57413,2408,166559,4387,939286,2720,1105845,California
Riverside,2021-06-17,6401,1995629,4482,1106600,1677,831374,242,57655,2382,165203,3986,943272,2630,1108475,California
Riverside,2021-06-18,8205,2003834,5939,1112539,1989,833363,277,57932,3368,164063,4790,948062,3650,1112125,California
Riverside,2021-06-19,4277,2008111,3278,1115817,843,834206,156,58088,1785,163542,2465,950527,1944,1114069,California
Riverside,2021-06-20,1506,2009617,1144,1116961,325,834531,37,58125,578,163241,917,951444,616,1114685,California
Riverside,2021-06-21,4261,2013878,2827,1119788,1159,835690,275,58400,2204,163681,2039,953483,2479,1117164,California
Riverside,2021-06-22,6327,2020205,4475,1124263,1601,837291,251,58651,2713,163074,3575,957058,2968,1120132,California
Riverside,2021-06-23,5529,2025734,3932,1128195,1340,838631,257,58908,2559,162954,2936,959994,2816,1122948,California
Riverside,2021-06-24,5383,2031117,3694,1131889,1447,840078,242,59150,2347,162543,3001,962995,2590,1125538,California
Riverside,2021-06-25,6813,2037930,4921,1136810,1611,841689,281,59431,2959,161965,3822,966817,3244,1128782,California
Riverside,2021-06-26,3799,2041729,2930,1139740,749,842438,120,59551,1752,161813,2024,968841,1872,1130654,California
Riverside,2021-06-27,1496,2043225,1204,1140944,247,842685,45,59596,692,161757,793,969634,737,1131391,California
Riverside,2021-06-28,4241,2047466,3307,1144251,714,843399,220,59816,1979,161727,2233,971867,2203,1133594,California
Riverside,2021-06-29,5577,2053043,4145,1148396,1255,844654,177,59993,2537,161439,3004,974871,2716,1136310,California
Riverside,2021-06-30,4866,2057909,3598,1151994,1100,845754,168,60161,2372,161551,2426,977297,2538,1138848,California
Riverside,2021-07-01,4628,2062537,3232,1155226,1096,846850,300,60461,2169,161591,2434,979731,2474,1141322,California
Riverside,2021-07-02,3656,2066193,2626,1157852,877,847727,153,60614,1622,161353,2011,981742,1773,1143095,California
Sacramento,2020-12-15,315,315,315,315,0,0,0,0,315,315,0,0,315,315,California
Sacramento,2020-12-16,646,961,646,961,0,0,0,0,646,961,0,0,646,961,California
Sacramento,2020-12-17,705,1666,705,1666,0,0,0,0,705,1666,0,0,705,1666,California
Sacramento,2020-12-18,1118,2784,1118,2784,0,0,0,0,1118,2784,0,0,1118,2784,California
Sacramento,2020-12-19,613,3397,613,3397,0,0,0,0,613,3397,0,0,613,3397,California
Sacramento,2020-12-20,634,4031,634,4031,0,0,0,0,634,4031,0,0,634,4031,California
Sacramento,2020-12-21,1678,5709,1678,5709,0,0,0,0,1679,5710,0,0,1679,5710,California
Sacramento,2020-12-22,2106,7815,2070,7779,36,36,0,0,2106,7816,0,0,2106,7816,California
Sacramento,2020-12-23,2269,10084,2095,9874,174,210,0,0,2269,10085,0,0,2269,10085,California
Sacramento,2020-12-24,1041,11125,829,10703,212,422,0,0,1041,11126,0,0,1041,11126,California
Sacramento,2020-12-25,2,11127,1,10704,1,423,0,0,2,11128,0,0,2,11128,California
Sacramento,2020-12-26,508,11635,290,10994,218,641,0,0,508,11636,0,0,508,11636,California
Sacramento,2020-12-27,358,11993,252,11246,106,747,0,0,358,11994,0,0,358,11994,California
Sacramento,2020-12-28,1927,13920,1342,12588,585,1332,0,0,1926,13919,1,1,1926,13920,California
Sacramento,2020-12-29,1974,15894,1201,13789,773,2105,0,0,1974,15893,0,1,1974,15894,California
Sacramento,2020-12-30,2567,18461,1460,15249,1107,3212,0,0,2568,18461,0,1,2568,18462,California
Sacramento,2020-12-31,1231,19692,695,15944,536,3748,0,0,1232,19693,0,1,1232,19694,California
Sacramento,2021-01-01,82,19774,70,16014,12,3760,0,0,82,19775,0,1,82,19776,California
Sacramento,2021-01-02,572,20346,367,16381,205,3965,0,0,572,20347,0,1,572,20348,California
Sacramento,2021-01-03,412,20758,223,16604,189,4154,0,0,412,20759,0,1,412,20760,California
Sacramento,2021-01-04,1946,22704,835,17439,1111,5265,0,0,1944,22702,1,2,1944,22704,California
Sacramento,2021-01-05,2220,24924,994,18433,1226,6491,0,0,1856,24201,364,366,1863,24567,California
Sacramento,2021-01-06,2735,27659,1620,20053,1115,7606,0,0,1935,25339,797,1163,1935,26502,California
Sacramento,2021-01-07,2854,30513,1516,21569,1338,8944,0,0,1921,26331,929,2092,1921,28423,California
Sacramento,2021-01-08,3298,33811,2084,23653,1214,10158,0,0,2180,27398,1114,3206,2181,30604,California
Sacramento,2021-01-09,1297,35108,804,24457,493,10651,0,0,899,27901,396,3602,899,31503,California
Sacramento,2021-01-10,1251,36359,712,25169,539,11190,0,0,782,28216,468,4070,783,32286,California
Sacramento,2021-01-11,4373,40732,2970,28139,1403,12593,0,0,2425,28706,1947,6017,2437,34723,California
Sacramento,2021-01-12,4665,45397,3275,31414,1390,13983,0,0,2625,29298,2039,8056,2631,37354,California
Sacramento,2021-01-13,3859,49256,2232,33646,1627,15610,0,0,2434,30309,1424,9480,2435,39789,California
Sacramento,2021-01-14,4752,54008,2433,36079,2319,17929,0,0,3836,33230,915,10395,3836,43625,California
Sacramento,2021-01-15,4460,58468,2258,38337,2202,20131,0,0,3742,36255,718,11113,3743,47368,California
Sacramento,2021-01-16,2223,60691,1285,39622,938,21069,0,0,2002,38037,220,11333,2002,49370,California
Sacramento,2021-01-17,1685,62376,987,40609,698,21767,0,0,1499,39353,186,11519,1502,50872,California
Sacramento,2021-01-18,2819,65195,1723,42332,1096,22863,0,0,2230,40996,588,12107,2231,53103,California
Sacramento,2021-01-19,4988,70183,3027,45359,1961,24824,0,0,3747,43505,1240,13347,3749,56852,California
Sacramento,2021-01-20,4983,75166,3002,48361,1981,26805,0,0,3671,45869,1313,14660,3677,60529,California
Sacramento,2021-01-21,5241,80407,3013,51374,2228,29033,0,0,4270,49176,965,15625,4272,64801,California
Sacramento,2021-01-22,5030,85437,2686,54060,2344,31377,0,0,4728,53604,301,15926,4729,69530,California
Sacramento,2021-01-23,3870,89307,1561,55621,2309,33686,0,0,3407,56548,463,16389,3407,72937,California
Sacramento,2021-01-24,1639,90946,1023,56644,616,34302,0,0,1390,57690,249,16638,1391,74328,California
Sacramento,2021-01-25,4422,95368,2165,58809,2257,36559,0,0,2942,59154,1480,18118,2944,77272,California
Sacramento,2021-01-26,4777,100145,2175,60984,2602,39161,0,0,3560,61504,1212,19330,3562,80834,California
Sacramento,2021-01-27,5894,106039,3045,64029,2849,42010,0,0,4262,64142,1626,20956,4264,85098,California
Sacramento,2021-01-28,5485,111524,2738,66767,2747,44757,0,0,4377,67414,1106,22062,4378,89476,California
Sacramento,2021-01-29,5443,116967,2935,69702,2508,47265,0,0,4415,70809,1020,23082,4415,93891,California
Sacramento,2021-01-30,4885,121852,2199,71901,2686,49951,0,0,4452,74831,430,23512,4452,98343,California
Sacramento,2021-01-31,2417,124269,2115,74016,302,50253,0,0,2063,76544,352,23864,2065,100408,California
Sacramento,2021-02-01,5962,130231,3037,77053,2925,53178,0,0,4273,79137,1681,25545,4274,104682,California
Sacramento,2021-02-02,6960,137191,3715,80768,3245,56423,0,0,4854,81907,2086,27631,4856,109538,California
Sacramento,2021-02-03,7180,144371,3618,84386,3562,59985,0,0,5294,85329,1874,29505,5296,114834,California
Sacramento,2021-02-04,7804,152175,3689,88075,4115,64100,0,0,5539,88611,2257,31762,5539,120373,California
Sacramento,2021-02-05,7893,160068,4500,92575,3393,67493,0,0,4847,90440,3022,34784,4851,125224,California
Sacramento,2021-02-06,8853,168921,3503,96078,5350,72843,0,0,7493,96577,1358,36142,7495,132719,California
Sacramento,2021-02-07,4100,173021,2209,98287,1891,74734,0,0,2895,98274,1200,37342,2897,135616,California
Sacramento,2021-02-08,6264,179285,3251,101538,3013,77747,0,0,3913,99841,2346,39688,3913,139529,California
Sacramento,2021-02-09,6800,186085,3573,105111,3227,80974,0,0,3999,101054,2787,42475,4000,143529,California
Sacramento,2021-02-10,7768,193853,4253,109364,3515,84489,0,0,4537,102378,3215,45690,4539,148068,California
Sacramento,2021-02-11,9631,203484,5736,115100,3895,88384,0,0,5521,103806,4095,49785,5523,153591,California
Sacramento,2021-02-12,10748,214232,4176,119276,6572,94956,0,0,6437,106000,4246,54031,6440,160031,California
Sacramento,2021-02-13,8146,222378,3019,122295,5127,100083,0,0,6379,110619,1761,55792,6380,166411,California
Sacramento,2021-02-14,3257,225635,2007,124302,1250,101333,0,0,2121,111611,1134,56926,2126,168537,California
Sacramento,2021-02-15,6043,231678,2060,126362,3983,105316,0,0,4196,113973,1837,58763,4199,172736,California
Sacramento,2021-02-16,9314,240992,4237,130599,5077,110393,0,0,5354,115379,3953,62716,5359,178095,California
Sacramento,2021-02-17,8947,249939,5038,135637,3909,114302,0,0,5199,116846,3735,66451,5202,183297,California
Sacramento,2021-02-18,9664,259603,5787,141424,3877,118179,0,0,5760,118717,3893,70344,5764,189061,California
Sacramento,2021-02-19,10153,269756,6219,147643,3934,122113,0,0,5990,120565,4149,74493,5997,195058,California
Sacramento,2021-02-20,8212,277968,5846,153489,2366,124479,0,0,4796,121956,3408,77901,4799,199857,California
Sacramento,2021-02-21,4959,282927,2517,156006,2442,126921,0,0,2898,122800,2054,79955,2898,202755,California
Sacramento,2021-02-22,6506,289433,3958,159964,2548,129469,0,0,2820,121958,3666,83621,2824,205579,California
Sacramento,2021-02-23,7583,297016,4727,164691,2856,132325,0,0,3627,121652,3937,87558,3631,209210,California
Sacramento,2021-02-24,9947,306963,5465,170156,4482,136807,0,0,5402,122536,4525,92083,5409,214619,California
Sacramento,2021-02-25,11377,318340,6522,176678,4855,141662,0,0,6625,124426,4736,96819,6626,221245,California
Sacramento,2021-02-26,14500,332840,6822,183500,7678,149340,0,0,9926,129817,4541,101360,9932,231177,California
Sacramento,2021-02-27,11251,344091,6884,190384,4364,153704,3,3,8339,135276,2883,104243,8342,239519,California
Sacramento,2021-02-28,6673,350764,2353,192737,4320,158024,0,3,3127,134874,3532,107775,3130,242649,California
Sacramento,2021-03-01,8644,359408,3631,196368,5011,163035,2,5,4708,135674,3913,111688,4713,247362,California
Sacramento,2021-03-02,9383,368791,4073,200441,5309,168344,1,6,5747,137809,3616,115304,5751,253113,California
Sacramento,2021-03-03,11183,379974,5113,205554,6067,174411,3,9,6714,140080,4448,119752,6719,259832,California
Sacramento,2021-03-04,13701,393675,6332,211886,7365,181776,4,13,7595,141620,6066,125818,7606,267438,California
Sacramento,2021-03-05,10699,404374,4938,216824,5731,187507,30,43,7101,145180,3572,129390,7132,274570,California
Sacramento,2021-03-06,8173,412547,3132,219956,4919,192426,122,165,4152,145448,4005,133395,4273,278843,California
Sacramento,2021-03-07,8061,420608,2232,222188,5739,198165,90,255,3779,145041,4274,137669,3867,282710,California
Sacramento,2021-03-08,9212,429820,4337,226525,4650,202815,225,480,5989,148045,3208,140877,6212,288922,California
Sacramento,2021-03-09,9762,439582,4584,231109,4884,207699,294,774,5585,149766,4158,145035,5879,294801,California
Sacramento,2021-03-10,11877,451459,7532,238641,3987,211686,358,1132,6937,152166,4900,149935,7300,302101,California
Sacramento,2021-03-11,15229,466688,10114,248755,4284,215970,831,1963,8983,155773,6202,156137,9809,311910,California
Sacramento,2021-03-12,18098,484786,8352,257107,8877,224847,869,2832,8871,156346,9170,165307,9743,321653,California
Sacramento,2021-03-13,13665,498451,3591,260698,9643,234490,431,3263,8451,160021,5202,170509,8877,330530,California
Sacramento,2021-03-14,9488,507939,3480,264178,5372,239862,636,3899,4480,160155,4980,175489,5114,335644,California
Sacramento,2021-03-15,12305,520244,4887,269065,6753,246615,665,4564,7069,162686,5205,180694,7736,343380,California
Sacramento,2021-03-16,14167,534411,6309,275374,7202,253817,656,5220,8656,166517,5472,186166,9303,352683,California
Sacramento,2021-03-17,13881,548292,6669,282043,6577,260394,635,5855,8808,170915,5047,191213,9445,362128,California
Sacramento,2021-03-18,15838,564130,8338,290381,6894,267288,606,6461,10023,175762,5780,196993,10627,372755,California
Sacramento,2021-03-19,15729,579859,8027,298408,6309,273597,1393,7854,7930,177309,7767,204760,9314,382069,California
Sacramento,2021-03-20,13407,593266,7561,305969,5502,279099,344,8198,8502,181281,4874,209634,8846,390915,California
Sacramento,2021-03-21,5864,599130,2783,308752,3042,282141,39,8237,3365,182206,2483,212117,3408,394323,California
Sacramento,2021-03-22,9487,608617,4887,313639,3746,285887,854,9091,6264,186127,3194,215311,7115,401438,California
Sacramento,2021-03-23,11492,620109,6857,320496,3829,289716,806,9897,7358,190200,4089,219400,8162,409600,California
Sacramento,2021-03-24,11952,632061,7299,327795,4021,293737,632,10529,6745,192455,5123,224523,7378,416978,California
Sacramento,2021-03-25,14312,646373,8433,336228,5041,298778,838,11367,8526,196074,5738,230261,9357,426335,California
Sacramento,2021-03-26,18378,664751,8956,345184,8910,307688,512,11879,9175,196630,9132,239393,9688,436023,California
Sacramento,2021-03-27,10211,674962,3586,348770,6333,314021,292,12171,5577,197896,4598,243991,5864,441887,California
Sacramento,2021-03-28,6632,681594,3235,352005,3147,317168,250,12421,2664,196856,3957,247948,2917,444804,California
Sacramento,2021-03-29,11068,692662,5912,357917,4766,321934,390,12811,4955,196119,6082,254030,5345,450149,California
Sacramento,2021-03-30,11957,704619,6108,364025,5431,327365,418,13229,6039,196682,5891,259921,6454,456603,California
Sacramento,2021-03-31,13520,718139,7876,371901,5230,332595,414,13643,5588,194776,7902,267823,5996,462599,California
Sacramento,2021-04-01,17528,735667,10480,382381,6794,339389,254,13897,7353,192260,10127,277950,7611,470210,California
Sacramento,2021-04-02,17231,752898,9735,392116,6752,346141,744,14641,9042,193891,8154,286104,9785,479995,California
Sacramento,2021-04-03,10486,763384,6247,398363,3689,349830,550,15191,6424,196829,4031,290135,6969,486964,California
Sacramento,2021-04-04,3731,767115,1533,399896,1993,351823,205,15396,1452,196209,2273,292408,1653,488617,California
Sacramento,2021-04-05,12092,779207,7573,407469,3675,355498,844,16240,5385,195762,6669,299077,6222,494839,California
Sacramento,2021-04-06,15718,794925,8888,416357,5486,360984,1344,17584,6930,195276,8755,307832,8269,503108,California
Sacramento,2021-04-07,14941,809866,8053,424410,5271,366255,1617,19201,7170,196327,7723,315555,8774,511882,California
Sacramento,2021-04-08,15156,825022,6813,431223,5338,371593,3005,22206,6018,196224,9104,324659,9001,520883,California
Sacramento,2021-04-09,18395,843417,9394,440617,6771,378364,2230,24436,7475,195040,10877,335536,9693,530576,California
Sacramento,2021-04-10,13450,856867,3852,444469,8369,386733,1229,25665,5859,194541,7561,343097,7062,537638,California
Sacramento,2021-04-11,11185,868052,4372,448841,6586,393319,227,25892,3639,190887,7519,350616,3865,541503,California
Sacramento,2021-04-12,13041,881093,5075,453916,6072,399391,1894,27786,4934,189658,8039,358655,6810,548313,California
Sacramento,2021-04-13,16348,897441,9989,463905,6354,405745,5,27791,7582,188518,8731,367386,7591,555904,California
Sacramento,2021-04-14,15072,912513,8017,471922,7053,412798,2,27793,5938,185359,9101,376487,5942,561846,California
Sacramento,2021-04-15,16480,928993,8468,480390,8009,420807,3,27796,6674,182274,9764,386251,6679,568525,California
Sacramento,2021-04-16,17615,946608,9732,490122,7883,428690,0,27796,7973,180656,9593,395844,7975,576500,California
Sacramento,2021-04-17,15881,962489,6189,496311,9692,438382,0,27796,11602,188008,4255,400099,11607,588107,California
Sacramento,2021-04-18,9086,971575,3270,499581,5816,444198,0,27796,3885,186716,5179,405278,3887,591994,California
Sacramento,2021-04-19,10683,982258,5773,505354,4905,449103,5,27801,4724,185515,5932,411210,4731,596725,California
Sacramento,2021-04-20,11576,993834,7142,512496,4430,453533,4,27805,6086,186148,5462,416672,6095,602820,California
Sacramento,2021-04-21,12325,1006159,7381,519877,4942,458475,2,27807,6618,187093,5676,422348,6621,609441,California
Sacramento,2021-04-22,15252,1021411,10272,530149,4975,463450,5,27812,6995,185876,8219,430567,7002,616443,California
Sacramento,2021-04-23,16310,1037721,10355,540504,5955,469405,0,27812,7561,184731,8708,439275,7563,624006,California
Sacramento,2021-04-24,11618,1049339,7008,547512,4609,474014,1,27813,6201,185555,5379,444654,6203,630209,California
Sacramento,2021-04-25,8465,1057804,4478,551990,3987,478001,0,27813,4167,185440,4283,448937,4168,634377,California
Sacramento,2021-04-26,10840,1068644,6835,558825,3981,481982,24,27837,5156,184968,5652,454589,5180,639557,California
Sacramento,2021-04-27,12288,1080932,8089,566914,4044,486026,155,27992,6037,184946,6216,460805,6194,645751,California
Sacramento,2021-04-28,10794,1091726,6117,573031,4473,490499,204,28196,5964,186320,4798,465603,6172,651923,California
Sacramento,2021-04-29,11199,1102925,7599,580630,3295,493794,305,28501,6146,187761,5013,470616,6454,658377,California
Sacramento,2021-04-30,12753,1115678,8081,588711,4408,498202,264,28765,6029,187382,6673,477289,6294,664671,California
Sacramento,2021-05-01,7629,1123307,5484,594195,1969,500171,176,28941,2789,185543,4802,482091,2963,667634,California
Sacramento,2021-05-02,5013,1128320,4314,598509,548,500719,151,29092,2229,185167,2754,484845,2378,670012,California
Sacramento,2021-05-03,9147,1137467,7310,605819,1555,502274,282,29374,3975,184272,5148,489993,4253,674265,California
Sacramento,2021-05-04,9696,1147163,5956,611775,3429,505703,311,29685,3854,182641,5795,495788,4164,678429,California
Sacramento,2021-05-05,11374,1158537,6242,618017,4670,510373,462,30147,4648,181066,6677,502465,5102,683531,California
Sacramento,2021-05-06,11444,1169981,6398,624415,4737,515110,309,30456,4683,179627,6426,508891,4987,688518,California
Sacramento,2021-05-07,10797,1180778,6306,630721,4120,519230,371,30827,4542,178342,6199,515090,4914,693432,California
Sacramento,2021-05-08,8992,1189770,4002,634723,4759,523989,231,31058,2826,175270,6122,521212,3050,696482,California
Sacramento,2021-05-09,3287,1193057,1791,636514,1383,525372,113,31171,1203,174513,2073,523285,1316,697798,California
Sacramento,2021-05-10,8239,1201296,3872,640386,4096,529468,271,31442,1996,170572,6210,529495,2269,700067,California
Sacramento,2021-05-11,8648,1209944,5465,645851,2923,532391,260,31702,3014,168247,5599,535094,3274,703341,California
Sacramento,2021-05-12,8742,1218686,5287,651138,3198,535589,257,31959,2944,165685,5761,540855,3199,706540,California
Sacramento,2021-05-13,11962,1230648,7700,658838,3986,539575,276,32235,4536,163111,7385,548240,4811,711351,California
Sacramento,2021-05-14,12457,1243105,7099,665937,5069,544644,289,32524,5051,161103,7348,555588,5340,716691,California
Sacramento,2021-05-15,13240,1256345,8024,673961,5070,549714,146,32670,5870,159781,7334,562922,6012,722703,California
Sacramento,2021-05-16,8418,1264763,4224,678185,4081,553795,113,32783,2203,155909,6190,569112,2318,725021,California
Sacramento,2021-05-17,10481,1275244,6399,684584,3793,557588,289,33072,3923,153603,6521,575633,4215,729236,California
Sacramento,2021-05-18,9883,1285127,6208,690792,3464,561052,211,33283,3699,151376,6142,581775,3915,733151,California
Sacramento,2021-05-19,9809,1294936,6252,697044,3293,564345,264,33547,4418,150715,5349,587124,4688,737839,California
Sacramento,2021-05-20,10222,1305158,6743,703787,3218,567563,261,33808,3800,148407,6370,593494,4062,741901,California
Sacramento,2021-05-21,10739,1315897,6813,710600,3603,571166,323,34131,4450,146938,6248,599742,4779,746680,California
Sacramento,2021-05-22,7447,1323344,4602,715202,2671,573837,174,34305,3341,146380,4076,603818,3518,750198,California
Sacramento,2021-05-23,4576,1327920,3020,718222,1453,575290,103,34408,1968,145864,2588,606406,2072,752270,California
Sacramento,2021-05-24,7814,1335734,4719,722941,2765,578055,330,34738,2478,143380,5290,611696,2806,755076,California
Sacramento,2021-05-25,6713,1342447,3878,726819,2543,580598,292,35030,2375,141735,4311,616007,2666,757742,California
Sacramento,2021-05-26,8565,1351012,4728,731547,3502,584100,335,35365,2812,139175,5702,621709,3142,760884,California
Sacramento,2021-05-27,6693,1357705,3649,735196,2804,586904,240,35605,2946,138658,3703,625412,3186,764070,California
Sacramento,2021-05-28,8272,1365977,4581,739777,3317,590221,374,35979,3455,137712,4775,630187,3829,767899,California
Sacramento,2021-05-29,4435,1370412,2697,742474,1579,591800,159,36138,2232,137924,2178,632365,2390,770289,California
Sacramento,2021-05-30,1680,1372092,1063,743537,579,592379,38,36176,750,137790,923,633288,789,771078,California
Sacramento,2021-05-31,884,1372976,443,743980,428,592807,13,36189,313,137548,568,633856,326,771404,California
Sacramento,2021-06-01,6977,1379953,4181,748161,2590,595397,206,36395,2534,135885,4400,638256,2737,774141,California
Sacramento,2021-06-02,6100,1386053,3349,751510,2537,597934,214,36609,2262,134566,3793,642049,2474,776615,California
Sacramento,2021-06-03,7461,1393514,5072,756582,2205,600139,184,36793,2142,131611,5278,647327,2323,778938,California
Sacramento,2021-06-04,7077,1400591,4521,761103,2344,602483,212,37005,2208,129195,4836,652163,2420,781358,California
Sacramento,2021-06-05,6218,1406809,4559,765662,1518,604001,141,37146,1756,126658,4433,656596,1896,783254,California
Sacramento,2021-06-06,2412,1409221,1895,767557,458,604459,59,37205,783,125878,1623,658219,843,784097,California
Sacramento,2021-06-07,5576,1414797,3906,771463,1490,605949,180,37385,1553,123611,3997,662216,1730,785827,California
Sacramento,2021-06-08,5410,1420207,3685,775148,1545,607494,180,37565,1721,121855,3659,665875,1903,787730,California
Sacramento,2021-06-09,6173,1426380,4282,779430,1706,609200,185,37750,1628,119174,4493,670368,1812,789542,California
Sacramento,2021-06-10,5418,1431798,3466,782896,1741,610941,211,37961,1679,117375,3689,674057,1890,791432,California
Sacramento,2021-06-11,7557,1439355,5218,788114,2145,613086,194,38155,2055,114154,5468,679525,2247,793679,California
Sacramento,2021-06-12,4726,1444081,3062,791176,1546,614632,118,38273,1284,112134,3423,682948,1403,795082,California
Sacramento,2021-06-13,1932,1446013,1424,792600,464,615096,44,38317,396,111049,1523,684471,438,795520,California
Sacramento,2021-06-14,4310,1450323,2790,795390,1358,616454,162,38479,1341,109599,2951,687422,1501,797021,California
Sacramento,2021-06-15,4921,1455244,2960,798350,1736,618190,225,38704,1719,108357,3185,690607,1943,798964,California
Sacramento,2021-06-16,4478,1459722,3008,801358,1251,619441,219,38923,1554,107224,2898,693505,1765,800729,California
Sacramento,2021-06-17,4067,1463789,2644,804002,1257,620698,166,39089,1399,106149,2635,696140,1560,802289,California
Sacramento,2021-06-18,5126,1468915,3351,807353,1534,622232,241,39330,1739,104767,3361,699501,1979,804268,California
Sacramento,2021-06-19,3338,1472253,2265,809618,928,623160,145,39475,1191,103973,2129,701630,1335,805603,California
Sacramento,2021-06-20,1235,1473488,916,810534,291,623451,28,39503,565,103906,660,702290,593,806196,California
Sacramento,2021-06-21,2524,1476012,1337,811871,1026,624477,161,39664,1239,104033,1271,703561,1398,807594,California
Sacramento,2021-06-22,3913,1479925,2696,814567,1020,625497,197,39861,1540,103418,2347,705908,1732,809326,California
Sacramento,2021-06-23,4080,1484005,2813,817380,1058,626555,209,40070,1522,102608,2537,708445,1727,811053,California
Sacramento,2021-06-24,3469,1487474,2247,819627,1027,627582,195,40265,1383,102119,2066,710511,1577,812630,California
Sacramento,2021-06-25,4186,1491660,2832,822459,1141,628723,213,40478,1690,101542,2477,712988,1900,814530,California
Sacramento,2021-06-26,2845,1494505,2033,824492,689,629412,123,40601,1191,101220,1635,714623,1313,815843,California
Sacramento,2021-06-27,1236,1495741,909,825401,296,629708,31,40632,449,100917,783,715406,480,816323,California
Sacramento,2021-06-28,2624,1498365,1951,827352,532,630240,141,40773,1143,100737,1463,716869,1283,817606,California
Sacramento,2021-06-29,3282,1501647,2189,829541,954,631194,139,40912,1328,100282,1925,718794,1470,819076,California
Sacramento,2021-06-30,3264,1504911,2239,831780,895,632089,130,41042,1539,100247,1705,720499,1670,820746,California
Sacramento,2021-07-01,2821,1507732,1899,833679,764,632853,158,41200,1221,100042,1581,722080,1376,822122,California
Sacramento,2021-07-02,2521,1510253,1690,835369,706,633559,125,41325,1077,99815,1427,723507,1200,823322,California
San Benito,2020-12-16,29,29,29,29,0,0,0,0,29,29,0,0,29,29,California
San Benito,2020-12-17,48,77,48,77,0,0,0,0,48,77,0,0,48,77,California
San Benito,2020-12-18,72,149,72,149,0,0,0,0,72,149,0,0,72,149,California
San Benito,2020-12-19,48,197,48,197,0,0,0,0,48,197,0,0,48,197,California
San Benito,2020-12-20,24,221,24,221,0,0,0,0,24,221,0,0,24,221,California
San Benito,2020-12-21,77,298,77,298,0,0,0,0,77,298,0,0,77,298,California
San Benito,2020-12-22,101,399,101,399,0,0,0,0,101,399,0,0,101,399,California
San Benito,2020-12-23,86,485,74,473,12,12,0,0,86,485,0,0,86,485,California
San Benito,2020-12-24,13,498,5,478,8,20,0,0,13,498,0,0,13,498,California
San Benito,2020-12-25,3,501,3,481,0,20,0,0,3,501,0,0,3,501,California
San Benito,2020-12-26,13,514,4,485,9,29,0,0,13,514,0,0,13,514,California
San Benito,2020-12-27,8,522,7,492,1,30,0,0,8,522,0,0,8,522,California
San Benito,2020-12-28,66,588,36,528,30,60,0,0,66,588,0,0,66,588,California
San Benito,2020-12-29,49,637,21,549,28,88,0,0,49,637,0,0,49,637,California
San Benito,2020-12-30,59,696,37,586,22,110,0,0,59,696,0,0,59,696,California
San Benito,2020-12-31,19,715,2,588,17,127,0,0,19,715,0,0,19,715,California
San Benito,2021-01-02,24,739,23,611,1,128,0,0,24,739,0,0,24,739,California
San Benito,2021-01-03,4,743,2,613,2,130,0,0,3,742,0,0,3,742,California
San Benito,2021-01-04,61,804,23,636,38,168,0,0,61,803,0,0,61,803,California
San Benito,2021-01-05,117,921,37,673,80,248,0,0,114,914,3,3,114,917,California
San Benito,2021-01-06,102,1023,42,715,60,308,0,0,87,986,15,18,87,1004,California
San Benito,2021-01-07,106,1129,68,783,38,346,0,0,54,988,52,70,54,1058,California
San Benito,2021-01-08,181,1310,89,872,92,438,0,0,117,1041,64,134,117,1175,California
San Benito,2021-01-09,44,1354,31,903,13,451,0,0,30,1057,14,148,30,1205,California
San Benito,2021-01-10,17,1371,15,918,2,453,0,0,5,1050,12,160,5,1210,California
San Benito,2021-01-11,173,1544,108,1026,65,518,0,0,72,1021,101,261,72,1282,California
San Benito,2021-01-12,161,1705,57,1083,104,622,0,0,121,1102,40,301,121,1403,California
San Benito,2021-01-13,240,1945,68,1151,172,794,0,0,189,1240,51,352,189,1592,California
San Benito,2021-01-14,132,2077,24,1175,108,902,0,0,113,1334,19,371,113,1705,California
San Benito,2021-01-15,218,2295,21,1196,197,1099,0,0,204,1524,14,385,204,1909,California
San Benito,2021-01-16,25,2320,8,1204,17,1116,0,0,20,1539,5,390,20,1929,California
San Benito,2021-01-17,12,2332,5,1209,7,1123,0,0,9,1545,3,393,9,1938,California
San Benito,2021-01-18,37,2369,23,1232,14,1137,0,0,22,1552,15,408,22,1960,California
San Benito,2021-01-19,187,2556,81,1313,106,1243,0,0,149,1663,38,446,149,2109,California
San Benito,2021-01-20,338,2894,102,1415,236,1479,0,0,292,1910,45,491,292,2401,California
San Benito,2021-01-21,146,3040,33,1448,113,1592,0,0,120,2004,26,517,120,2521,California
San Benito,2021-01-22,237,3277,19,1467,218,1810,0,0,227,2221,10,527,227,2748,California
San Benito,2021-01-23,31,3308,17,1484,14,1824,0,0,13,2216,18,545,13,2761,California
San Benito,2021-01-24,28,3336,3,1487,25,1849,0,0,24,2236,4,549,24,2785,California
San Benito,2021-01-25,72,3408,24,1511,48,1897,0,0,24,2212,48,597,24,2809,California
San Benito,2021-01-26,138,3546,41,1552,97,1994,0,0,86,2246,52,649,86,2895,California
San Benito,2021-01-27,230,3776,69,1621,161,2155,0,0,191,2398,39,688,191,3086,California
San Benito,2021-01-28,151,3927,32,1653,119,2274,0,0,120,2488,30,718,120,3206,California
San Benito,2021-01-29,293,4220,33,1686,260,2534,0,0,268,2732,24,742,268,3474,California
San Benito,2021-01-30,52,4272,33,1719,19,2553,0,0,29,2738,23,765,29,3503,California
San Benito,2021-01-31,16,4288,5,1724,11,2564,0,0,11,2744,5,770,11,3514,California
San Benito,2021-02-01,137,4425,29,1753,108,2672,0,0,93,2793,44,814,93,3607,California
San Benito,2021-02-02,229,4654,49,1802,180,2852,0,0,139,2842,90,904,139,3746,California
San Benito,2021-02-03,340,4994,42,1844,298,3150,0,0,272,3046,68,972,272,4018,California
San Benito,2021-02-04,167,5161,24,1868,143,3293,0,0,121,3121,46,1018,121,4139,California
San Benito,2021-02-05,292,5453,40,1908,252,3545,0,0,229,3287,63,1081,229,4368,California
San Benito,2021-02-06,50,5503,9,1917,41,3586,0,0,33,3303,17,1098,33,4401,California
San Benito,2021-02-07,18,5521,9,1926,9,3595,0,0,16,3317,2,1100,16,4417,California
San Benito,2021-02-08,142,5663,18,1944,124,3719,0,0,96,3367,46,1146,96,4513,California
San Benito,2021-02-09,327,5990,64,2008,263,3982,0,0,195,3430,132,1278,195,4708,California
San Benito,2021-02-10,322,6312,89,2097,233,4215,0,0,105,3319,216,1494,105,4813,California
San Benito,2021-02-11,299,6611,33,2130,266,4481,0,0,201,3422,98,1592,201,5014,California
San Benito,2021-02-12,415,7026,32,2162,383,4864,0,0,208,3424,206,1798,208,5222,California
San Benito,2021-02-13,56,7082,7,2169,49,4913,0,0,44,3456,12,1810,44,5266,California
San Benito,2021-02-14,40,7122,5,2174,35,4948,0,0,30,3476,10,1820,30,5296,California
San Benito,2021-02-15,107,7229,9,2183,98,5046,0,0,96,3561,11,1831,96,5392,California
San Benito,2021-02-16,206,7435,11,2194,195,5241,0,0,101,3558,105,1936,102,5494,California
San Benito,2021-02-17,328,7763,29,2223,299,5540,0,0,278,3786,50,1986,278,5772,California
San Benito,2021-02-18,296,8059,38,2261,258,5798,0,0,73,3636,223,2209,73,5845,California
San Benito,2021-02-19,347,8406,47,2308,300,6098,0,0,181,3651,166,2375,181,6026,California
San Benito,2021-02-20,50,8456,28,2336,22,6120,0,0,38,3677,12,2387,38,6064,California
San Benito,2021-02-21,24,8480,9,2345,15,6135,0,0,15,3683,9,2396,15,6079,California
San Benito,2021-02-22,138,8618,37,2382,101,6236,0,0,101,3748,36,2432,101,6180,California
San Benito,2021-02-23,386,9004,97,2479,289,6525,0,0,268,3898,118,2550,268,6448,California
San Benito,2021-02-24,387,9391,69,2548,318,6843,0,0,245,4001,142,2692,245,6693,California
San Benito,2021-02-25,393,9784,64,2612,329,7172,0,0,272,4150,123,2815,272,6965,California
San Benito,2021-02-26,653,10437,76,2688,577,7749,0,0,403,4303,250,3065,403,7368,California
San Benito,2021-02-27,105,10542,41,2729,64,7813,0,0,86,4370,19,3084,86,7454,California
San Benito,2021-02-28,255,10797,31,2760,224,8037,0,0,243,4601,12,3096,243,7697,California
San Benito,2021-03-01,232,11029,61,2821,171,8208,0,0,161,4690,72,3168,161,7858,California
San Benito,2021-03-02,287,11316,95,2916,192,8400,0,0,215,4833,72,3240,215,8073,California
San Benito,2021-03-03,405,11721,65,2981,340,8740,0,0,227,4884,176,3416,227,8300,California
San Benito,2021-03-04,617,12338,126,3107,476,9216,15,15,429,5128,188,3604,432,8732,California
San Benito,2021-03-05,584,12922,307,3414,265,9481,12,27,375,5308,207,3811,387,9119,California
San Benito,2021-03-06,193,13115,69,3483,110,9591,14,41,140,5409,53,3864,154,9273,California
San Benito,2021-03-07,648,13763,603,4086,22,9613,23,64,615,6014,33,3897,638,9911,California
San Benito,2021-03-08,290,14053,66,4152,177,9790,47,111,167,6105,123,4020,214,10125,California
San Benito,2021-03-09,425,14478,83,4235,243,10033,99,210,138,6029,286,4306,210,10335,California
San Benito,2021-03-10,410,14888,121,4356,194,10227,95,305,239,6192,171,4477,334,10669,California
San Benito,2021-03-11,476,15364,124,4480,199,10426,153,458,212,6293,264,4741,365,11034,California
San Benito,2021-03-12,523,15887,124,4604,302,10728,97,555,233,6335,288,5029,330,11364,California
San Benito,2021-03-13,200,16087,99,4703,83,10811,18,573,126,6408,71,5100,144,11508,California
San Benito,2021-03-14,233,16320,40,4743,173,10984,20,593,180,6556,52,5152,200,11708,California
San Benito,2021-03-15,323,16643,98,4841,206,11190,19,612,190,6632,133,5285,209,11917,California
San Benito,2021-03-16,501,17144,218,5059,252,11442,31,643,353,6868,147,5432,383,12300,California
San Benito,2021-03-17,791,17935,479,5538,290,11732,22,665,561,7217,226,5658,575,12875,California
San Benito,2021-03-18,789,18724,528,6066,206,11938,55,720,573,7622,214,5872,619,13494,California
San Benito,2021-03-19,778,19502,403,6469,351,12289,24,744,573,8013,205,6077,596,14090,California
San Benito,2021-03-20,246,19748,149,6618,84,12373,13,757,186,8152,60,6137,199,14289,California
San Benito,2021-03-21,109,19857,57,6675,47,12420,5,762,81,8210,28,6165,86,14375,California
San Benito,2021-03-22,354,20211,173,6848,156,12576,25,787,222,8325,132,6297,247,14622,California
San Benito,2021-03-23,474,20685,197,7045,267,12843,10,797,204,8268,270,6567,213,14835,California
San Benito,2021-03-24,575,21260,304,7349,264,13107,7,804,349,8400,224,6791,356,15191,California
San Benito,2021-03-25,741,22001,441,7790,296,13403,4,808,439,8545,298,7089,443,15634,California
San Benito,2021-03-26,1020,23021,521,8311,494,13897,5,813,337,8205,682,7771,342,15976,California
San Benito,2021-03-27,338,23359,189,8500,117,14014,32,845,219,8338,118,7889,251,16227,California
San Benito,2021-03-28,735,24094,609,9109,121,14135,5,850,130,7868,605,8494,135,16362,California
San Benito,2021-03-29,344,24438,108,9217,216,14351,20,870,143,7830,200,8694,162,16524,California
San Benito,2021-03-30,580,25018,274,9491,213,14564,93,963,294,7931,286,8980,387,16911,California
San Benito,2021-03-31,595,25613,365,9856,206,14770,24,987,334,8030,259,9239,358,17269,California
San Benito,2021-04-01,955,26568,385,10241,531,15301,39,1026,565,8240,388,9627,598,17867,California
San Benito,2021-04-02,542,27110,262,10503,144,15445,136,1162,264,8363,277,9904,400,18267,California
San Benito,2021-04-03,254,27364,87,10590,103,15548,64,1226,75,8323,178,10082,138,18405,California
San Benito,2021-04-04,143,27507,108,10698,30,15578,5,1231,106,8397,37,10119,111,18516,California
San Benito,2021-04-05,354,27861,169,10867,141,15719,44,1275,143,8372,211,10330,186,18702,California
San Benito,2021-04-06,468,28329,164,11031,127,15846,177,1452,163,8406,305,10635,339,19041,California
San Benito,2021-04-07,944,29273,526,11557,227,16073,191,1643,264,8184,677,11312,455,19496,California
San Benito,2021-04-08,872,30145,437,11994,180,16253,255,1898,231,8030,640,11952,486,19982,California
San Benito,2021-04-09,854,30999,506,12500,256,16509,92,1990,298,7865,555,12507,390,20372,California
San Benito,2021-04-10,341,31340,206,12706,77,16586,58,2048,192,7966,149,12656,250,20622,California
San Benito,2021-04-11,480,31820,273,12979,172,16758,35,2083,270,8039,210,12866,283,20905,California
San Benito,2021-04-12,531,32351,286,13265,133,16891,112,2195,279,8175,251,13117,387,21292,California
San Benito,2021-04-13,760,33111,295,13560,442,17333,23,2218,527,8494,232,13349,551,21843,California
San Benito,2021-04-14,833,33944,655,14215,178,17511,0,2218,395,8457,432,13781,395,22238,California
San Benito,2021-04-15,946,34890,736,14951,209,17720,1,2219,475,8464,470,14251,477,22715,California
San Benito,2021-04-16,715,35605,373,15324,333,18053,9,2228,304,8370,408,14659,314,23029,California
San Benito,2021-04-17,323,35928,227,15551,96,18149,0,2228,130,8305,195,14854,130,23159,California
San Benito,2021-04-18,507,36435,426,15977,81,18230,0,2228,247,8294,260,15114,249,23408,California
San Benito,2021-04-19,745,37180,595,16572,150,18380,0,2228,420,8392,323,15437,421,23829,California
San Benito,2021-04-20,790,37970,419,16991,369,18749,2,2230,497,8602,288,15725,498,24327,California
San Benito,2021-04-21,973,38943,721,17712,252,19001,0,2230,525,8694,433,16158,525,24852,California
San Benito,2021-04-22,906,39849,698,18410,208,19209,0,2230,567,8930,331,16489,567,25419,California
San Benito,2021-04-23,644,40493,408,18818,235,19444,1,2231,342,9019,253,16742,342,25761,California
San Benito,2021-04-24,362,40855,202,19020,160,19604,0,2231,166,9029,156,16898,166,25927,California
San Benito,2021-04-25,205,41060,128,19148,77,19681,0,2231,95,9032,92,16990,95,26022,California
San Benito,2021-04-26,496,41556,393,19541,103,19784,0,2231,260,9117,175,17165,260,26282,California
San Benito,2021-04-27,560,42116,286,19827,267,20051,7,2238,408,9390,142,17307,415,26697,California
San Benito,2021-04-28,555,42671,393,20220,154,20205,8,2246,390,9627,160,17467,397,27094,California
San Benito,2021-04-29,635,43306,235,20455,390,20595,10,2256,255,9530,379,17846,282,27376,California
San Benito,2021-04-30,385,43691,216,20671,162,20757,7,2263,209,9572,174,18020,216,27592,California
San Benito,2021-05-01,195,43886,142,20813,44,20801,9,2272,65,9517,129,18149,74,27666,California
San Benito,2021-05-02,189,44075,160,20973,25,20826,4,2276,57,9446,132,18281,61,27727,California
San Benito,2021-05-03,359,44434,283,21256,66,20892,10,2286,86,9271,273,18554,98,27825,California
San Benito,2021-05-04,416,44850,257,21513,151,21043,8,2294,150,9164,264,18818,157,27982,California
San Benito,2021-05-05,612,45462,432,21945,164,21207,16,2310,217,9006,391,19209,233,28215,California
San Benito,2021-05-06,625,46087,497,22442,113,21320,15,2325,225,8850,396,19605,240,28455,California
San Benito,2021-05-07,455,46542,291,22733,154,21474,10,2335,174,8756,279,19884,185,28640,California
San Benito,2021-05-08,279,46821,228,22961,46,21520,5,2340,155,8792,124,20008,160,28800,California
San Benito,2021-05-09,108,46929,83,23044,22,21542,3,2343,48,8783,60,20068,51,28851,California
San Benito,2021-05-10,411,47340,322,23366,65,21607,24,2367,53,8503,358,20426,78,28929,California
San Benito,2021-05-11,837,48177,425,23791,396,22003,16,2383,191,8067,644,21070,208,29137,California
San Benito,2021-05-12,518,48695,413,24204,92,22095,13,2396,124,7812,393,21463,138,29275,California
San Benito,2021-05-13,738,49433,631,24835,90,22185,17,2413,212,7517,523,21986,228,29503,California
San Benito,2021-05-14,602,50035,445,25280,150,22335,7,2420,231,7386,369,22355,238,29741,California
San Benito,2021-05-15,228,50263,172,25452,50,22385,6,2426,127,7418,101,22456,133,29874,California
San Benito,2021-05-16,174,50437,146,25598,26,22411,2,2428,97,7440,77,22533,99,29973,California
San Benito,2021-05-17,388,50825,313,25911,66,22477,9,2437,177,7418,208,22741,186,30159,California
San Benito,2021-05-18,675,51500,355,26266,315,22792,5,2442,212,7173,463,23204,218,30377,California
San Benito,2021-05-19,572,52072,421,26687,143,22935,8,2450,231,7071,341,23545,239,30616,California
San Benito,2021-05-20,593,52665,470,27157,112,23047,11,2461,315,7120,277,23822,326,30942,California
San Benito,2021-05-21,466,53131,275,27432,175,23222,16,2477,213,7098,251,24073,229,31171,California
San Benito,2021-05-22,297,53428,225,27657,67,23289,5,2482,183,7175,112,24185,189,31360,California
San Benito,2021-05-23,100,53528,62,27719,34,23323,4,2486,37,7152,63,24248,40,31400,California
San Benito,2021-05-24,307,53835,258,27977,42,23365,7,2493,191,7234,116,24364,198,31598,California
San Benito,2021-05-25,527,54362,241,28218,279,23644,7,2500,170,7056,355,24719,177,31775,California
San Benito,2021-05-26,312,54674,196,28414,109,23753,7,2507,125,7001,186,24905,131,31906,California
San Benito,2021-05-27,408,55082,312,28726,73,23826,23,2530,151,6921,257,25162,177,32083,California
San Benito,2021-05-28,287,55369,177,28903,103,23929,7,2537,110,6862,176,25338,117,32200,California
San Benito,2021-05-29,146,55515,124,29027,20,23949,2,2539,61,6840,85,25423,63,32263,California
San Benito,2021-05-30,269,55784,253,29280,16,23965,0,2539,90,6752,178,25601,90,32353,California
San Benito,2021-05-31,100,55884,87,29367,11,23976,2,2541,43,6741,56,25657,45,32398,California
San Benito,2021-06-01,267,56151,121,29488,120,24096,26,2567,86,6672,180,25837,111,32509,California
San Benito,2021-06-02,322,56473,244,29732,76,24172,2,2569,110,6574,211,26048,113,32622,California
San Benito,2021-06-03,340,56813,289,30021,45,24217,6,2575,100,6442,238,26286,106,32728,California
San Benito,2021-06-04,271,57084,205,30226,66,24283,0,2575,85,6342,185,26471,85,32813,California
San Benito,2021-06-05,94,57178,76,30302,17,24300,1,2576,21,6292,72,26543,22,32835,California
San Benito,2021-06-06,59,57237,49,30351,7,24307,3,2579,13,6262,46,26589,16,32851,California
San Benito,2021-06-07,339,57576,299,30650,35,24342,5,2584,85,6100,252,26841,90,32941,California
San Benito,2021-06-08,309,57885,217,30867,77,24419,15,2599,94,5995,214,27055,109,33050,California
San Benito,2021-06-09,241,58126,189,31056,44,24463,8,2607,68,5898,173,27228,76,33126,California
San Benito,2021-06-10,360,58486,331,31387,22,24485,7,2614,73,5694,284,27512,80,33206,California
San Benito,2021-06-11,270,58756,229,31616,21,24506,20,2634,92,5629,177,27689,112,33318,California
San Benito,2021-06-12,161,58917,147,31763,10,24516,4,2638,50,5587,96,27785,54,33372,California
San Benito,2021-06-13,53,58970,41,31804,10,24526,2,2640,16,5575,30,27815,18,33390,California
San Benito,2021-06-14,180,59150,150,31954,25,24551,5,2645,61,5522,118,27933,65,33455,California
San Benito,2021-06-15,221,59371,128,32082,87,24638,6,2651,77,5464,142,28075,84,33539,California
San Benito,2021-06-16,214,59585,171,32253,29,24667,14,2665,73,5411,140,28215,87,33626,California
San Benito,2021-06-17,251,59836,207,32460,17,24684,27,2692,78,5344,173,28388,106,33732,California
San Benito,2021-06-18,159,59995,102,32562,50,24734,7,2699,64,5320,95,28483,71,33803,California
San Benito,2021-06-19,114,60109,108,32670,6,24740,0,2699,48,5302,66,28549,48,33851,California
San Benito,2021-06-20,38,60147,36,32706,2,24742,0,2699,18,5300,20,28569,18,33869,California
San Benito,2021-06-21,113,60260,83,32789,15,24757,15,2714,59,5320,53,28622,73,33942,California
San Benito,2021-06-22,207,60467,126,32915,60,24817,21,2735,75,5284,131,28753,95,34037,California
San Benito,2021-06-23,150,60617,113,33028,27,24844,10,2745,61,5266,89,28842,71,34108,California
San Benito,2021-06-24,190,60807,162,33190,15,24859,13,2758,81,5252,108,28950,94,34202,California
San Benito,2021-06-25,151,60958,120,33310,29,24888,2,2760,64,5232,87,29037,67,34269,California
San Benito,2021-06-26,76,61034,61,33371,14,24902,1,2761,33,5224,42,29079,34,34303,California
San Benito,2021-06-27,59,61093,52,33423,2,24904,5,2766,25,5220,34,29113,30,34333,California
San Benito,2021-06-28,123,61216,100,33523,19,24923,4,2770,51,5203,72,29185,55,34388,California
San Benito,2021-06-29,110,61326,55,33578,43,24966,12,2782,40,5185,70,29255,52,34440,California
San Benito,2021-06-30,135,61461,110,33688,18,24984,7,2789,51,5160,83,29338,58,34498,California
San Benito,2021-07-01,132,61593,103,33791,20,25004,9,2798,53,5142,78,29416,60,34558,California
San Benito,2021-07-02,97,61690,47,33838,38,25042,12,2810,38,5133,59,29475,50,34608,California
San Bernardino,2020-12-15,13,13,13,13,0,0,0,0,13,13,0,0,13,13,California
San Bernardino,2020-12-16,114,127,114,127,0,0,0,0,114,127,0,0,114,127,California
San Bernardino,2020-12-17,2375,2502,2375,2502,0,0,0,0,2375,2502,0,0,2375,2502,California
San Bernardino,2020-12-18,3175,5677,3172,5674,3,3,0,0,3176,5678,0,0,3176,5678,California
San Bernardino,2020-12-19,1076,6753,1075,6749,1,4,0,0,1077,6755,0,0,1077,6755,California
San Bernardino,2020-12-20,1184,7937,1180,7929,4,8,0,0,1184,7939,0,0,1184,7939,California
San Bernardino,2020-12-21,2465,10402,2458,10387,7,15,0,0,2465,10404,0,0,2465,10404,California
San Bernardino,2020-12-22,2280,12682,2151,12538,129,144,0,0,2281,12685,0,0,2281,12685,California
San Bernardino,2020-12-23,2679,15361,1472,14010,1207,1351,0,0,2677,15362,0,0,2677,15362,California
San Bernardino,2020-12-24,1162,16523,582,14592,580,1931,0,0,1163,16524,1,1,1163,16525,California
San Bernardino,2020-12-25,76,16599,15,14607,61,1992,0,0,76,16600,0,1,76,16601,California
San Bernardino,2020-12-26,466,17065,255,14862,211,2203,0,0,466,17066,0,1,466,17067,California
San Bernardino,2020-12-27,351,17416,164,15026,187,2390,0,0,350,17415,1,2,350,17417,California
San Bernardino,2020-12-28,1594,19010,701,15727,893,3283,0,0,1595,19010,0,2,1595,19012,California
San Bernardino,2020-12-29,2258,21268,1048,16775,1210,4493,0,0,2258,21268,0,2,2258,21270,California
San Bernardino,2020-12-30,2933,24201,1461,18236,1472,5965,0,0,2933,24201,0,2,2933,24203,California
San Bernardino,2020-12-31,1382,25583,441,18677,941,6906,0,0,1380,25581,0,2,1380,25583,California
San Bernardino,2021-01-01,289,25872,152,18829,137,7043,0,0,288,25869,0,2,288,25871,California
San Bernardino,2021-01-02,485,26357,345,19174,140,7183,0,0,485,26354,0,2,485,26356,California
San Bernardino,2021-01-03,142,26499,88,19262,54,7237,0,0,142,26496,0,2,142,26498,California
San Bernardino,2021-01-04,2150,28649,1294,20556,856,8093,0,0,2149,28645,0,2,2149,28647,California
San Bernardino,2021-01-05,2348,30997,1462,22018,886,8979,0,0,2235,30769,111,113,2235,30882,California
San Bernardino,2021-01-06,3469,34466,2363,24381,1106,10085,0,0,2968,33243,495,608,2969,33851,California
San Bernardino,2021-01-07,5455,39921,4520,28901,935,11020,0,0,2490,32787,2946,3554,2490,36341,California
San Bernardino,2021-01-08,5402,45323,4469,33370,933,11953,0,0,2302,31994,3096,6650,2303,38644,California
San Bernardino,2021-01-09,1411,46734,1105,34475,306,12259,0,0,909,32401,502,7152,909,39553,California
San Bernardino,2021-01-10,1031,47765,601,35076,430,12689,0,0,579,32528,452,7604,579,40132,California
San Bernardino,2021-01-11,4999,52764,4086,39162,913,13602,0,0,2779,33090,2217,9821,2779,42911,California
San Bernardino,2021-01-12,4255,57019,3231,42393,1024,14626,0,0,2527,33891,1726,11547,2527,45438,California
San Bernardino,2021-01-13,4615,61634,2838,45231,1777,16403,0,0,3384,36057,1219,12766,3385,48823,California
San Bernardino,2021-01-14,4886,66520,2812,48043,2074,18477,0,0,4297,39769,585,13351,4297,53120,California
San Bernardino,2021-01-15,6006,72526,2955,50998,3051,21528,0,0,5605,44986,391,13742,5608,58728,California
San Bernardino,2021-01-16,2276,74802,1292,52290,984,22512,0,0,2132,46974,144,13886,2132,60860,California
San Bernardino,2021-01-17,1191,75993,508,52798,683,23195,0,0,1108,48001,82,13968,1109,61969,California
San Bernardino,2021-01-18,4298,80291,2637,55435,1661,24856,0,0,3667,51039,631,14599,3669,65638,California
San Bernardino,2021-01-19,6367,86658,3446,58881,2921,27777,0,0,5268,55212,1097,15696,5270,70908,California
San Bernardino,2021-01-20,6918,93576,3786,62667,3132,30909,0,0,4948,58202,1960,17656,4950,75858,California
San Bernardino,2021-01-21,6042,99618,3090,65757,2952,33861,0,0,4909,61991,1123,18779,4912,80770,California
San Bernardino,2021-01-22,6614,106232,3052,68809,3562,37423,0,0,5884,67148,728,19507,5885,86655,California
San Bernardino,2021-01-23,3137,109369,1895,70704,1242,38665,0,0,2731,69474,405,19912,2731,89386,California
San Bernardino,2021-01-24,1211,110580,462,71166,749,39414,0,0,1107,70477,104,20016,1107,90493,California
San Bernardino,2021-01-25,6966,117546,3415,74581,3551,42965,0,0,5093,73704,1869,21885,5096,95589,California
San Bernardino,2021-01-26,7201,124747,3544,78125,3657,46622,0,0,5018,76542,2182,24067,5020,100609,California
San Bernardino,2021-01-27,8666,133413,4150,82275,4516,51138,0,0,5784,79454,2872,26939,5784,106393,California
San Bernardino,2021-01-28,8682,142095,4086,86361,4596,55734,0,0,6333,83447,2340,29279,6333,112726,California
San Bernardino,2021-01-29,8231,150326,3746,90107,4485,60219,0,0,6228,87689,1987,31266,6229,118955,California
San Bernardino,2021-01-30,3097,153423,1878,91985,1219,61438,0,0,2802,90198,294,31560,2803,121758,California
San Bernardino,2021-01-31,920,154343,474,92459,446,61884,0,0,861,91001,58,31618,861,122619,California
San Bernardino,2021-02-01,7631,161974,4255,96714,3376,65260,0,0,4943,93262,2683,34301,4944,127563,California
San Bernardino,2021-02-02,10564,172538,3681,100395,6883,72143,0,0,8452,99608,2108,36409,8454,136017,California
San Bernardino,2021-02-03,9103,181641,4165,104560,4938,77081,0,0,6568,103651,2526,38935,6569,142586,California
San Bernardino,2021-02-04,10615,192256,5220,109780,5395,82476,0,0,7480,108008,3124,42059,7481,150067,California
San Bernardino,2021-02-05,11145,203401,5972,115752,5173,87649,0,0,7549,111974,3584,45643,7550,157617,California
San Bernardino,2021-02-06,5292,208693,2221,117973,3071,90720,0,0,3647,114009,1615,47258,3650,161267,California
San Bernardino,2021-02-07,855,209548,495,118468,360,91080,0,0,476,114110,376,47634,477,161744,California
San Bernardino,2021-02-08,7334,216882,3902,122370,3432,94512,0,0,5643,118063,1690,49324,5643,167387,California
San Bernardino,2021-02-09,10178,227060,5632,128002,4546,99058,0,0,6845,121855,3057,52381,6849,174236,California
San Bernardino,2021-02-10,12217,239277,6490,134492,5727,104785,0,0,8050,125750,4156,56537,8051,182287,California
San Bernardino,2021-02-11,12549,251826,7182,141674,5367,110152,0,0,7967,129166,4555,61092,7971,190258,California
San Bernardino,2021-02-12,10606,262432,5946,147620,4660,114812,0,0,5778,130183,4764,65856,5781,196039,California
San Bernardino,2021-02-13,6125,268557,4076,151696,2049,116861,0,0,3837,131754,2271,68127,3842,199881,California
San Bernardino,2021-02-14,1577,270134,666,152362,911,117772,0,0,884,131953,686,68813,885,200766,California
San Bernardino,2021-02-15,5528,275662,3009,155371,2519,120291,0,0,3077,132592,2438,71251,3077,203843,California
San Bernardino,2021-02-16,12763,288425,7458,162829,5305,125596,0,0,8036,135918,4714,75965,8040,211883,California
San Bernardino,2021-02-17,11947,300372,6536,169365,5411,131007,0,0,7195,138388,4730,80695,7200,219083,California
San Bernardino,2021-02-18,12618,312990,7645,177010,4973,135980,0,0,7783,141355,4818,85513,7785,226868,California
San Bernardino,2021-02-19,11835,324825,6062,183072,5773,141753,0,0,6979,143503,4833,90346,6981,233849,California
San Bernardino,2021-02-20,4615,329440,3537,186609,1078,142831,0,0,2072,143045,2533,92879,2075,235924,California
San Bernardino,2021-02-21,1180,330620,706,187315,474,143305,0,0,412,142690,768,93647,413,236337,California
San Bernardino,2021-02-22,9015,339635,5562,192877,3453,146758,0,0,4138,141972,4857,98504,4139,240476,California
San Bernardino,2021-02-23,9716,349351,5896,198773,3820,150578,0,0,4898,142089,4787,103291,4904,245380,California
San Bernardino,2021-02-24,12742,362093,7326,206099,5416,155994,0,0,6222,141818,6499,109790,6228,251608,California
San Bernardino,2021-02-25,13233,375326,6312,212411,6921,162915,0,0,7662,143931,5553,115343,7666,259274,California
San Bernardino,2021-02-26,13746,389072,6396,218807,7350,170265,0,0,7654,145565,6028,121371,7662,266936,California
San Bernardino,2021-02-27,6705,395777,3751,222558,2953,173218,1,1,4820,148517,1873,123244,4825,271761,California
San Bernardino,2021-02-28,1788,397565,748,223306,1040,174258,0,1,1146,149033,632,123876,1148,272909,California
San Bernardino,2021-03-01,8532,406097,4392,227698,4135,178393,5,6,3881,148308,4622,128498,3897,276806,California
San Bernardino,2021-03-02,13951,420048,5516,233214,8435,186828,0,6,6547,147498,7367,135865,6557,283363,California
San Bernardino,2021-03-03,13173,433221,6699,239913,6470,193298,4,10,6206,146774,6943,142808,6219,289582,California
San Bernardino,2021-03-04,14027,447248,6890,246803,7136,200434,1,11,6075,144928,7930,150738,6084,295666,California
San Bernardino,2021-03-05,14543,461791,7526,254329,7015,207449,2,13,7065,144575,7441,158179,7088,302754,California
San Bernardino,2021-03-06,9761,471552,5478,259807,4057,211506,226,239,4555,144165,5187,163366,4777,307531,California
San Bernardino,2021-03-07,1692,473244,1023,260830,597,212103,72,311,1064,144678,626,163992,1139,308670,California
San Bernardino,2021-03-08,8158,481402,3608,264438,4379,216482,171,482,3612,143929,4537,168529,3788,312458,California
San Bernardino,2021-03-09,13153,494555,7525,271963,5377,221859,251,733,5273,141588,7867,176396,5526,317984,California
San Bernardino,2021-03-10,14252,508807,7868,279831,5829,227688,555,1288,6345,140612,7879,184275,6903,324887,California
San Bernardino,2021-03-11,15691,524498,7266,287097,6817,234505,1608,2896,7389,141326,8280,192555,8994,333881,California
San Bernardino,2021-03-12,15644,540142,6971,294068,6622,241127,2051,4947,7337,142487,8271,200826,9432,343313,California
San Bernardino,2021-03-13,8409,548551,4579,298647,3313,244440,517,5464,4962,144536,3432,204258,5481,348794,California
San Bernardino,2021-03-14,3311,551862,1682,300329,1046,245486,583,6047,1840,145491,1464,205722,2419,351213,California
San Bernardino,2021-03-15,11443,563305,5383,305712,4027,249513,2033,8080,5410,146912,6015,211737,7436,358649,California
San Bernardino,2021-03-16,16272,579577,8055,313767,7275,256788,942,9022,9853,151326,6388,218125,10802,369451,California
San Bernardino,2021-03-17,17510,597087,8705,322472,8055,264843,750,9772,10539,155666,6948,225073,11288,380739,California
San Bernardino,2021-03-18,16788,613875,8304,330776,8093,272936,391,10163,9896,159087,6862,231935,10283,391022,California
San Bernardino,2021-03-19,17117,630992,8497,339273,8022,280958,598,10761,9786,162219,7301,239236,10433,401455,California
San Bernardino,2021-03-20,9560,640552,5983,345256,2977,283935,600,11361,5671,164623,3861,243097,6265,407720,California
San Bernardino,2021-03-21,2849,643401,2303,347559,495,284430,51,11412,2279,166396,557,243654,2330,410050,California
San Bernardino,2021-03-22,9742,653143,4602,352161,4704,289134,436,11848,7045,171206,2671,246325,7481,417531,California
San Bernardino,2021-03-23,15658,668801,8888,361049,6149,295283,621,12469,9643,175477,5990,252315,10261,427792,California
San Bernardino,2021-03-24,15222,684023,7837,368886,7079,302362,306,12775,10023,180650,5157,257472,10330,438122,California
San Bernardino,2021-03-25,17131,701154,8390,377276,8435,310797,306,13081,10772,185419,6303,263775,11072,449194,California
San Bernardino,2021-03-26,18354,719508,8707,385983,8877,319674,770,13851,10946,189761,7376,271151,11718,460912,California
San Bernardino,2021-03-27,10887,730395,7024,393007,3108,322782,755,14606,6185,192022,4677,275828,6938,467850,California
San Bernardino,2021-03-28,3652,734047,2563,395570,974,323756,115,14721,2528,193551,1114,276942,2643,470493,California
San Bernardino,2021-03-29,12081,746128,6145,401715,5534,329290,402,15123,7965,197828,4089,281031,8366,478859,California
San Bernardino,2021-03-30,17037,763165,9511,411226,6807,336097,719,15842,10530,202599,6467,287498,11238,490097,California
San Bernardino,2021-03-31,16647,779812,9373,420599,6632,342729,642,16484,10877,208380,5735,293233,11516,501613,California
San Bernardino,2021-04-01,19885,799697,10491,431090,7964,350693,1430,17914,12732,215429,7104,300337,14153,515766,California
San Bernardino,2021-04-02,18940,818637,9545,440635,8100,358793,1295,19209,11415,220686,7493,307830,12750,528516,California
San Bernardino,2021-04-03,11190,829827,6995,447630,3047,361840,1148,20357,6083,222821,5086,312916,7221,535737,California
San Bernardino,2021-04-04,2514,832341,1516,449146,746,362586,252,20609,1260,223088,1244,314160,1511,537248,California
San Bernardino,2021-04-05,11870,844211,5312,454458,4778,367364,1780,22389,6037,225091,5807,319967,7810,545058,California
San Bernardino,2021-04-06,19880,864091,11180,465638,6572,373936,2128,24517,10485,228345,9347,329314,12601,557659,California
San Bernardino,2021-04-07,21216,885307,11393,477031,7319,381255,2504,27021,11526,232703,9655,338969,14013,571672,California
San Bernardino,2021-04-08,22107,907414,11336,488367,8132,389387,2639,29660,12100,237454,9976,348945,14727,586399,California
San Bernardino,2021-04-09,21995,929409,11180,499547,8182,397569,2633,32293,11920,241956,10034,358979,14536,600935,California
San Bernardino,2021-04-10,15740,945149,8145,507692,3871,401440,3724,36017,7811,245570,7905,366884,11519,612454,California
San Bernardino,2021-04-11,4455,949604,2594,510286,894,402334,967,36984,2045,246172,2403,369287,3005,615459,California
San Bernardino,2021-04-12,13535,963139,6249,516535,5614,407948,1672,38656,6409,247148,7100,376387,8076,623535,California
San Bernardino,2021-04-13,19489,982628,11107,527642,8363,416311,19,38675,11188,250088,8270,384657,11210,634745,California
San Bernardino,2021-04-14,19549,1002177,10445,538087,9101,425412,3,38678,11012,252610,8496,393153,11018,645763,California
San Bernardino,2021-04-15,20640,1022817,11535,549622,9099,434511,6,38684,10931,253882,9666,402819,10938,656701,California
San Bernardino,2021-04-16,18904,1041721,10706,560328,8197,442708,1,38685,9259,253545,9597,412416,9260,665961,California
San Bernardino,2021-04-17,12095,1053816,7976,568304,4119,446827,0,38685,6288,254073,5760,418176,6288,672249,California
San Bernardino,2021-04-18,3239,1057055,2307,570611,932,447759,0,38685,1385,253617,1841,420017,1385,673634,California
San Bernardino,2021-04-19,12737,1069792,6807,577418,5930,453689,0,38685,4933,250780,7775,427792,4938,678572,California
San Bernardino,2021-04-20,18295,1088087,10366,587784,7926,461615,3,38688,8275,249074,9986,437778,8280,686852,California
San Bernardino,2021-04-21,19109,1107196,11235,599019,7872,469487,2,38690,8329,246698,10710,448488,8334,695186,California
San Bernardino,2021-04-22,19674,1126870,11401,610420,8269,477756,4,38694,7964,243016,11653,460141,7971,703157,California
San Bernardino,2021-04-23,18952,1145822,10996,621416,7955,485711,1,38695,8177,240478,10718,470859,8180,711337,California
San Bernardino,2021-04-24,12868,1158690,9489,630905,3377,489088,2,38697,6913,241454,5939,476798,6915,718252,California
San Bernardino,2021-04-25,3424,1162114,2238,633143,1186,490274,0,38697,1677,241404,1730,478528,1680,719932,California
San Bernardino,2021-04-26,11366,1173480,6213,639356,5063,495337,90,38787,4831,239834,6492,485020,4922,724854,California
San Bernardino,2021-04-27,16753,1190233,10174,649530,6367,501704,212,38999,6878,237093,9831,494851,7090,731944,California
San Bernardino,2021-04-28,15111,1205344,9094,658624,5739,507443,278,39277,5469,233215,9616,504467,5738,737682,California
San Bernardino,2021-04-29,16619,1221963,9700,668324,6651,514094,268,39545,5574,228048,11006,515473,5839,743521,California
San Bernardino,2021-04-30,16880,1238843,10752,679076,5847,519941,281,39826,6273,224035,10565,526038,6552,750073,California
San Bernardino,2021-05-01,10793,1249636,8432,687508,2047,521988,314,40140,3738,221034,7048,533086,4047,754120,California
San Bernardino,2021-05-02,2953,1252589,2135,689643,687,522675,131,40271,1050,220323,1891,534977,1180,755300,California
San Bernardino,2021-05-03,10070,1262659,5792,695435,3874,526549,404,40675,2905,216480,7153,542130,3310,758610,California
San Bernardino,2021-05-04,16055,1278714,9851,705286,5747,532296,457,41132,4685,210293,11326,553456,5139,763749,California
San Bernardino,2021-05-05,15753,1294467,9210,714496,6130,538426,413,41545,4451,203899,11253,564709,4859,768608,California
San Bernardino,2021-05-06,16078,1310545,9266,723762,6397,544823,415,41960,4400,197080,11632,576341,4813,773421,California
San Bernardino,2021-05-07,15702,1326247,8876,732638,6448,551271,378,42338,4672,191155,10971,587312,5046,778467,California
San Bernardino,2021-05-08,9588,1335835,6433,739071,2888,554159,267,42605,3302,188473,6251,593563,3569,782036,California
San Bernardino,2021-05-09,2078,1337913,1376,740447,612,554771,90,42695,832,188156,1239,594802,922,782958,California
San Bernardino,2021-05-10,7688,1345601,3563,744010,3807,558578,318,43013,2367,185564,5274,600076,2682,785640,California
San Bernardino,2021-05-11,12602,1358203,7086,751096,5157,563735,359,43372,4040,181446,8517,608593,4399,790039,California
San Bernardino,2021-05-12,12840,1371043,7038,758134,5486,569221,316,43688,3654,176280,9135,617728,3969,794008,California
San Bernardino,2021-05-13,13514,1384557,8209,766343,4953,574174,352,44040,5295,173747,8173,625901,5640,799648,California
San Bernardino,2021-05-14,14007,1398564,9370,775713,4298,578472,339,44379,5820,171776,8130,634031,6159,805807,California
San Bernardino,2021-05-15,11438,1410002,8521,784234,2728,581200,189,44568,4656,169865,6750,640781,4839,810646,California
San Bernardino,2021-05-16,3118,1413120,2376,786610,680,581880,62,44630,1559,169946,1540,642321,1621,812267,California
San Bernardino,2021-05-17,10101,1423221,6817,793427,2991,584871,293,44923,4496,169165,5566,647887,4785,817052,California
San Bernardino,2021-05-18,13785,1437006,9160,802587,4377,589248,248,45171,6180,168013,7576,655463,6424,823476,California
San Bernardino,2021-05-19,11560,1448566,7238,809825,3942,593190,380,45551,5212,167291,6309,661772,5587,829063,California
San Bernardino,2021-05-20,11625,1460191,6960,816785,4348,597538,317,45868,5029,166083,6554,668326,5346,834409,California
San Bernardino,2021-05-21,12615,1472806,8351,825136,3882,601420,382,46250,5348,164596,7212,675538,5725,840134,California
San Bernardino,2021-05-22,8939,1481745,6701,831837,2030,603450,208,46458,4280,164469,4611,680149,4484,844618,California
San Bernardino,2021-05-23,2444,1484189,1556,833393,796,604246,92,46550,1137,164401,1296,681445,1228,845846,California
San Bernardino,2021-05-24,6969,1491158,4461,837854,2202,606448,306,46856,3086,163965,3827,685272,3391,849237,California
San Bernardino,2021-05-25,9334,1500492,5729,843583,3349,609797,256,47112,4103,163128,5193,690465,4356,853593,California
San Bernardino,2021-05-26,8251,1508743,5240,848823,2760,612557,251,47363,3745,162656,4462,694927,3990,857583,California
San Bernardino,2021-05-27,7671,1516414,4662,853485,2772,615329,237,47600,3453,162167,4179,699106,3690,861273,California
San Bernardino,2021-05-28,8817,1525231,5481,858966,3058,618387,278,47878,4373,162418,4398,703504,4649,865922,California
San Bernardino,2021-05-29,5063,1530294,3381,862347,1563,619950,119,47997,2564,162621,2479,705983,2682,868604,California
San Bernardino,2021-05-30,1753,1532047,1240,863587,433,620383,80,48077,852,162659,893,706876,931,869535,California
San Bernardino,2021-05-31,897,1532944,568,864155,312,620695,17,48094,319,162423,573,707449,337,869872,California
San Bernardino,2021-06-01,8654,1541598,5559,869714,2848,623543,247,48341,3365,160800,5232,712681,3609,873481,California
San Bernardino,2021-06-02,6844,1548442,4307,874021,2296,625839,241,48582,2878,159983,3932,716613,3115,876596,California
San Bernardino,2021-06-03,7978,1556420,5383,879404,2396,628235,199,48781,2702,157632,5252,721865,2901,879497,California
San Bernardino,2021-06-04,9152,1565572,6191,885595,2668,630903,293,49074,3140,155102,5962,727827,3432,882929,California
San Bernardino,2021-06-05,6561,1572133,5012,890607,1422,632325,127,49201,2249,153185,4289,732116,2372,885301,California
San Bernardino,2021-06-06,2036,1574169,1698,892305,274,632599,64,49265,672,152566,1355,733471,736,886037,California
San Bernardino,2021-06-07,6305,1580474,4906,897211,1185,633784,214,49479,1964,150426,4316,737787,2176,888213,California
San Bernardino,2021-06-08,8443,1588917,6128,903339,2090,635874,225,49704,2608,147487,5767,743554,2828,891041,California
San Bernardino,2021-06-09,7006,1595923,4987,908326,1827,637701,192,49896,2271,145269,4682,748236,2464,893505,California
San Bernardino,2021-06-10,7095,1603018,5010,913336,1881,639582,204,50100,2231,142886,4817,753053,2434,895939,California
San Bernardino,2021-06-11,8068,1611086,5634,918970,2202,641784,232,50332,2918,140931,5103,758156,3148,899087,California
San Bernardino,2021-06-12,5897,1616983,4644,923614,1131,642915,122,50454,1708,138598,4165,762321,1832,900919,California
San Bernardino,2021-06-13,1496,1618479,1062,924676,363,643278,71,50525,402,137980,1090,763411,472,901391,California
San Bernardino,2021-06-14,4927,1623406,3557,928233,1150,644428,220,50745,1804,136907,3095,766506,2022,903413,California
San Bernardino,2021-06-15,7176,1630582,5072,933305,1855,646283,249,50994,2561,135148,4564,771070,2805,906218,California
San Bernardino,2021-06-16,6360,1636942,4531,937836,1607,647890,222,51216,2332,133722,3981,775051,2555,908773,California
San Bernardino,2021-06-17,5654,1642596,3973,941809,1518,649408,163,51379,2205,132678,3411,778462,2367,911140,California
San Bernardino,2021-06-18,6869,1649465,4613,946422,2016,651424,240,51619,2573,131229,4259,782721,2810,913950,California
San Bernardino,2021-06-19,4062,1653527,3035,949457,895,652319,132,51751,1748,130816,2291,785012,1878,915828,California
San Bernardino,2021-06-20,1466,1654993,1127,950584,279,652598,60,51811,585,130587,874,785886,645,916473,California
San Bernardino,2021-06-21,3567,1658560,2307,952891,1035,653633,225,52036,1998,131255,1553,787439,2221,918694,California
San Bernardino,2021-06-22,5682,1664242,3869,956760,1597,655230,216,52252,2279,130378,3374,790813,2497,921191,California
San Bernardino,2021-06-23,5039,1669281,3572,960332,1270,656500,197,52449,2118,129797,2892,793705,2311,923502,California
San Bernardino,2021-06-24,4868,1674149,3380,963712,1278,657778,210,52659,2080,129324,2758,796463,2285,925787,California
San Bernardino,2021-06-25,5794,1679943,4108,967820,1481,659259,205,52864,2526,128810,3242,799705,2728,928515,California
San Bernardino,2021-06-26,3575,1683518,2726,970546,775,660034,74,52938,1666,128661,1888,801593,1739,930254,California
San Bernardino,2021-06-27,1445,1684963,1149,971695,244,660278,52,52990,677,128628,762,802355,729,930983,California
San Bernardino,2021-06-28,3466,1688429,2731,974426,586,660864,149,53139,1700,128724,1752,804107,1848,932831,California
San Bernardino,2021-06-29,5192,1693621,3760,978186,1251,662115,181,53320,2360,128449,2810,806917,2535,935366,California
San Bernardino,2021-06-30,4551,1698172,3221,981407,1165,663280,165,53485,2273,128629,2254,809171,2434,937800,California
San Bernardino,2021-07-01,4023,1702195,2918,984325,954,664234,151,53636,1997,128770,2007,811178,2148,939948,California
San Bernardino,2021-07-02,3523,1705718,2586,986911,828,665062,109,53745,1597,128580,1896,813074,1706,941654,California
San Diego,2020-12-15,120,120,120,120,0,0,0,0,120,120,0,0,120,120,California
San Diego,2020-12-16,1079,1199,1079,1199,0,0,0,0,1079,1199,0,0,1079,1199,California
San Diego,2020-12-17,2324,3523,2324,3523,0,0,0,0,2324,3523,0,0,2324,3523,California
San Diego,2020-12-18,3607,7130,3606,7129,1,1,0,0,3607,7130,0,0,3607,7130,California
San Diego,2020-12-19,2269,9399,2269,9398,0,1,0,0,2269,9399,0,0,2269,9399,California
San Diego,2020-12-20,1148,10547,1147,10545,1,2,0,0,1148,10547,0,0,1148,10547,California
San Diego,2020-12-21,3460,14007,3458,14003,2,4,0,0,3460,14007,0,0,3460,14007,California
San Diego,2020-12-22,4019,18026,3382,17385,637,641,0,0,4019,18026,0,0,4019,18026,California
San Diego,2020-12-23,3159,21185,1958,19343,1201,1842,0,0,3159,21185,0,0,3159,21185,California
San Diego,2020-12-24,2702,23887,2188,21531,514,2356,0,0,2702,23887,0,0,2702,23887,California
San Diego,2020-12-25,857,24744,856,22387,1,2357,0,0,857,24744,0,0,857,24744,California
San Diego,2020-12-26,3199,27943,2129,24516,1070,3427,0,0,3199,27943,0,0,3199,27943,California
San Diego,2020-12-27,2479,30422,1594,26110,885,4312,0,0,2478,30420,1,1,2478,30421,California
San Diego,2020-12-28,5832,36254,4156,30266,1676,5988,0,0,5832,36252,0,1,5832,36253,California
San Diego,2020-12-29,5499,41753,2944,33210,2555,8543,0,0,5499,41751,0,1,5499,41752,California
San Diego,2020-12-30,5849,47602,3047,36257,2802,11345,0,0,5849,47600,0,1,5849,47601,California
San Diego,2020-12-31,2971,50573,1031,37288,1940,13285,0,0,2971,50571,0,1,2971,50572,California
San Diego,2021-01-01,992,51565,442,37730,550,13835,0,0,992,51563,0,1,992,51564,California
San Diego,2021-01-02,3666,55231,1287,39017,2379,16214,0,0,3666,55229,0,1,3666,55230,California
San Diego,2021-01-03,833,56064,621,39638,212,16426,0,0,832,56061,0,1,832,56062,California
San Diego,2021-01-04,3646,59710,2020,41658,1626,18052,0,0,3640,59701,0,1,3640,59702,California
San Diego,2021-01-05,4296,64006,2144,43802,2152,20204,0,0,3712,62844,581,582,3724,63426,California
San Diego,2021-01-06,4838,68844,2252,46054,2586,22790,0,0,3639,65309,1178,1760,3643,67069,California
San Diego,2021-01-07,5549,74393,2931,48985,2618,25408,0,0,3435,66644,2109,3869,3444,70513,California
San Diego,2021-01-08,7801,82194,4895,53880,2906,28314,0,0,4067,67010,3718,7587,4084,74597,California
San Diego,2021-01-09,3417,85611,1907,55787,1510,29824,0,0,1893,67400,1514,9101,1904,76501,California
San Diego,2021-01-10,1847,87458,1277,57064,570,30394,0,0,758,67091,1077,10178,768,77269,California
San Diego,2021-01-11,10193,97651,5795,62859,4398,34792,0,0,6705,70333,3481,13659,6723,83992,California
San Diego,2021-01-12,11003,108654,5261,68120,5742,40534,0,0,7659,74767,3335,16994,7769,91761,California
San Diego,2021-01-13,11287,119941,4986,73106,6301,46835,0,0,8771,81060,2505,19499,8798,100559,California
San Diego,2021-01-14,11959,131900,4517,77623,7442,54277,0,0,9835,88812,2117,21616,9869,110428,California
San Diego,2021-01-15,14789,146689,5233,82856,9556,63833,0,0,12187,98474,2584,24200,12246,122674,California
San Diego,2021-01-16,10532,157221,3552,86408,6980,70813,0,0,9099,106176,1429,25629,9131,131805,California
San Diego,2021-01-17,8471,165692,2431,88839,6040,76853,0,0,7645,113014,826,26455,7664,139469,California
San Diego,2021-01-18,12662,178354,6220,95059,6442,83295,0,0,9853,120154,2778,29233,9918,149387,California
San Diego,2021-01-19,14409,192763,5625,100684,8784,92079,0,0,11315,128645,3085,32318,11576,160963,California
San Diego,2021-01-20,18070,210833,6331,107015,11739,103818,0,0,14771,140321,3279,35597,14955,175918,California
San Diego,2021-01-21,17033,227866,5746,112761,11287,115105,0,0,15665,154771,1359,36956,15809,191727,California
San Diego,2021-01-22,17209,245075,4585,117346,12624,127729,0,0,15208,168076,1988,38944,15293,207020,California
San Diego,2021-01-23,14060,259135,5196,122542,8864,136593,0,0,11798,177685,2251,41195,11860,218880,California
San Diego,2021-01-24,11572,270707,3249,125791,8323,144916,0,0,10609,187377,961,42156,10653,229533,California
San Diego,2021-01-25,11984,282691,5669,131460,6315,151231,0,0,9009,193577,2966,45122,9166,238699,California
San Diego,2021-01-26,14962,297653,7813,139273,7149,158380,0,0,11575,201958,3385,48507,11766,250465,California
San Diego,2021-01-27,20169,317822,7835,147108,12334,170714,0,0,17177,216300,2982,51489,17324,267789,California
San Diego,2021-01-28,20899,338721,7588,154696,13311,184025,0,0,18651,232802,2237,53726,18739,286528,California
San Diego,2021-01-29,19214,357935,6302,160998,12912,196937,0,0,16783,247215,2420,56146,16833,303361,California
San Diego,2021-01-30,15431,373366,3507,164505,11924,208861,0,0,12786,257473,2634,58780,12892,316253,California
San Diego,2021-01-31,14480,387846,5690,170195,8790,217651,0,0,14131,271293,345,59125,14165,330418,California
San Diego,2021-02-01,20442,408288,7452,177647,12990,230641,0,0,16951,284843,3478,62603,17028,347446,California
San Diego,2021-02-02,22494,430782,8286,185933,14208,244849,0,0,19261,301042,3225,65828,19424,366870,California
San Diego,2021-02-03,27159,457941,11642,197575,15517,260366,0,0,22931,319949,4207,70035,23114,389984,California
San Diego,2021-02-04,23808,481749,9803,207378,14005,274371,0,0,19259,334952,4534,74569,19537,409521,California
San Diego,2021-02-05,24237,505986,8596,215974,15641,290012,0,0,17824,346843,6388,80957,18279,427800,California
San Diego,2021-02-06,20394,526380,8447,224421,11947,301959,0,0,17183,361039,3208,84165,17404,445204,California
San Diego,2021-02-07,11897,538277,5307,229728,6590,308549,0,0,10053,369511,1833,85998,10305,455509,California
San Diego,2021-02-08,19788,558065,8416,238144,11372,319921,0,0,12425,375262,7349,93347,13100,468609,California
San Diego,2021-02-09,20149,578214,8240,246384,11909,331830,0,0,12969,382128,7159,100506,14025,482634,California
San Diego,2021-02-10,22608,600822,9265,255649,13343,345173,0,0,13634,388191,8923,109429,14986,497620,California
San Diego,2021-02-11,23463,624285,10080,265729,13383,358556,0,0,12551,391514,10888,120317,14211,511831,California
San Diego,2021-02-12,23270,647555,7281,273010,15989,374545,0,0,11545,393599,11707,132024,13792,525623,California
San Diego,2021-02-13,19740,667295,8960,281970,10780,385325,0,0,10739,396510,8994,141018,11905,537528,California
San Diego,2021-02-14,11019,678314,7326,289296,3693,389018,0,0,6130,399246,4885,145903,7621,545149,California
San Diego,2021-02-15,14971,693285,7563,296859,7408,396426,0,0,7583,402504,7365,153268,10623,555772,California
San Diego,2021-02-16,19003,712288,11093,307952,7910,404336,0,0,9040,404527,9950,163218,11973,567745,California
San Diego,2021-02-17,22963,735251,10733,318685,12230,416566,0,0,7841,400253,15107,178325,10833,578578,California
San Diego,2021-02-18,23284,758535,11913,330598,11371,427937,0,0,7638,396278,15635,193960,11660,590238,California
San Diego,2021-02-19,15669,774204,10900,341498,4769,432706,0,0,6373,395309,9274,203234,8305,598543,California
San Diego,2021-02-20,10073,784277,6307,347805,3766,436472,0,0,5622,398347,4449,207683,7487,606030,California
San Diego,2021-02-21,11439,795716,10033,357838,1406,437878,0,0,5027,398457,6406,214089,6516,612546,California
San Diego,2021-02-22,12328,808044,10526,368364,1802,439680,0,0,5579,398911,6743,220832,7197,619743,California
San Diego,2021-02-23,25210,833254,14099,382463,11111,450791,0,0,9219,397965,15981,236813,15035,634778,California
San Diego,2021-02-24,28530,861784,12649,395112,15881,466672,0,0,6627,390038,21882,258695,13955,648733,California
San Diego,2021-02-25,32511,894295,14418,409530,18093,484765,0,0,9791,385420,22698,281393,18080,666813,California
San Diego,2021-02-26,32688,926983,12137,421667,20551,505316,0,0,11666,383105,20989,302382,18674,685487,California
San Diego,2021-02-27,20731,947714,9370,431037,11361,516677,0,0,11097,388746,9628,312010,15269,700756,California
San Diego,2021-02-28,14919,962633,9753,440790,5166,521843,0,0,9252,395058,5665,317675,11977,712733,California
San Diego,2021-03-01,23953,986586,14131,454921,9821,531664,1,1,14510,404001,9363,327038,18306,731039,California
San Diego,2021-03-02,25807,1012393,13894,468815,11913,543577,0,1,12556,409926,13238,340276,19163,750202,California
San Diego,2021-03-03,33528,1045921,15784,484599,17741,561318,3,4,13830,410925,19672,359948,20671,770873,California
San Diego,2021-03-04,27849,1073770,13883,498482,13966,575284,0,4,12390,414520,15438,375386,19033,789906,California
San Diego,2021-03-05,28477,1102247,14667,513149,13730,589014,80,84,13297,419321,15152,390538,19953,809859,California
San Diego,2021-03-06,23037,1125284,9407,522556,12934,601948,696,780,10169,421923,12853,403391,15455,825314,California
San Diego,2021-03-07,17944,1143228,9138,531694,8238,610186,568,1348,6823,421774,11107,414498,10958,836272,California
San Diego,2021-03-08,22716,1165944,11048,542742,10762,620948,906,2254,11271,427288,11422,425920,16936,853208,California
San Diego,2021-03-09,25433,1191377,11708,554450,11972,632920,1753,4007,9957,427396,15459,441379,15567,868775,California
San Diego,2021-03-10,25086,1216463,10507,564957,12191,645111,2388,6395,9923,428541,15147,456526,16292,885067,California
San Diego,2021-03-11,28072,1244535,10791,575748,13761,658872,3520,9915,9773,427454,18274,474800,17187,902254,California
San Diego,2021-03-12,26896,1271431,9413,585161,14376,673248,3107,13022,9815,426923,17068,491868,16537,918791,California
San Diego,2021-03-13,25879,1297310,7195,592356,16925,690173,1759,14781,10008,426914,15866,507734,15857,934648,California
San Diego,2021-03-14,13686,1310996,5411,597767,7541,697714,734,15515,4765,425769,8912,516646,7767,942415,California
San Diego,2021-03-15,21766,1332762,10033,607800,10950,708664,783,16298,8962,425765,12786,529432,12782,955197,California
San Diego,2021-03-16,29549,1362311,15483,623283,13651,722315,415,16713,15609,430832,13916,543348,18983,974180,California
San Diego,2021-03-17,26393,1388704,12138,635421,13538,735853,717,17430,16957,441116,9419,552767,19703,993883,California
San Diego,2021-03-18,31123,1419827,17502,652923,12699,748552,922,18352,16943,446327,14145,566912,19356,1013239,California
San Diego,2021-03-19,30095,1449922,14265,667188,14777,763329,1053,19405,19282,457054,10792,577704,21519,1034758,California
San Diego,2021-03-20,27669,1477591,8414,675602,17481,780810,1774,21179,21326,474905,6330,584034,24181,1058939,California
San Diego,2021-03-21,16270,1493861,11864,687466,3711,784521,695,21874,7649,475955,8607,592641,9657,1068596,California
San Diego,2021-03-22,22395,1516256,13053,700519,9056,793577,286,22160,14268,485144,8114,600755,17303,1085899,California
San Diego,2021-03-23,25710,1541966,13482,714001,11942,805519,286,22446,17022,495801,8674,609429,19331,1105230,California
San Diego,2021-03-24,29284,1571250,19573,733574,9323,814842,388,22834,16984,502908,12287,621716,19394,1124624,California
San Diego,2021-03-25,30135,1601385,18141,751715,11312,826154,682,23516,17892,511357,12222,633938,20671,1145295,California
San Diego,2021-03-26,31831,1633216,17801,769516,13515,839669,515,24031,17376,517618,14430,648368,20691,1165986,California
San Diego,2021-03-27,25361,1658577,11045,780561,13936,853605,380,24411,15610,526121,9732,658100,18235,1184221,California
San Diego,2021-03-28,15248,1673825,9385,789946,5805,859410,58,24469,9302,531194,5939,664039,11012,1195233,California
San Diego,2021-03-29,26578,1700403,12841,802787,13106,872516,631,25100,16356,540405,10211,674250,19422,1214655,California
San Diego,2021-03-30,33059,1733462,17800,820587,14467,886983,792,25892,21886,553747,11158,685408,24500,1239155,California
San Diego,2021-03-31,30300,1763762,18703,839290,10889,897872,708,26600,20553,566385,9728,695136,22366,1261521,California
San Diego,2021-04-01,34125,1797887,19918,859208,12726,910598,1481,28081,23118,581315,10983,706119,25913,1287434,California
San Diego,2021-04-02,35602,1833489,20597,879805,12227,922825,2778,30859,23999,597938,11584,717703,28207,1315641,California
San Diego,2021-04-03,30729,1864218,14409,894214,11705,934530,4615,35474,19585,612205,11129,728832,25396,1341037,California
San Diego,2021-04-04,8990,1873208,5161,899375,2910,937440,919,36393,4777,613870,4207,733039,5872,1346909,California
San Diego,2021-04-05,29631,1902839,15336,914711,11597,949037,2698,39091,19223,627865,10391,743430,24386,1371295,California
San Diego,2021-04-06,38542,1941381,20288,934999,12352,961389,5902,44993,22162,641673,16360,759790,30168,1401463,California
San Diego,2021-04-07,35966,1977347,21863,956862,9553,970942,4550,49543,20237,651964,15704,775494,25995,1427458,California
San Diego,2021-04-08,34998,2012345,21257,978119,9610,980552,4131,53674,21137,665950,13840,789334,27826,1455284,California
San Diego,2021-04-09,38161,2050506,22755,1000874,10218,990770,5188,58862,20596,677520,17501,806835,29071,1484355,California
San Diego,2021-04-10,28970,2079476,11712,1012586,13260,1004030,3998,62860,14921,685411,14038,820873,21929,1506284,California
San Diego,2021-04-11,16138,2095614,9984,1022570,3859,1007889,2295,65155,7131,688834,9003,829876,12426,1518710,California
San Diego,2021-04-12,30630,2126244,12849,1035419,13504,1021393,4277,69432,17000,700153,13615,843491,24934,1543644,California
San Diego,2021-04-13,36905,2163149,17684,1053103,19186,1040579,35,69467,24470,715071,12413,855904,27331,1570975,California
San Diego,2021-04-14,32855,2196004,18828,1071931,14014,1054593,13,69480,17674,721924,15166,871070,22019,1592994,California
San Diego,2021-04-15,39274,2235278,20346,1092277,18919,1073512,9,69489,23753,733053,15496,886566,26625,1619619,California
San Diego,2021-04-16,33577,2268855,18459,1110736,15115,1088627,3,69492,19394,740701,14124,900690,21772,1641391,California
San Diego,2021-04-17,27865,2296720,13534,1124270,14331,1102958,0,69492,12288,740568,15481,916171,15348,1656739,California
San Diego,2021-04-18,14632,2311352,9088,1133358,5541,1108499,3,69495,6761,742446,7858,924029,9736,1666475,California
San Diego,2021-04-19,26564,2337916,13575,1146933,12987,1121486,2,69497,12445,742520,14099,938128,14173,1680648,California
San Diego,2021-04-20,39616,2377532,18396,1165329,21218,1142704,2,69499,20191,746265,19402,957530,23147,1703795,California
San Diego,2021-04-21,36400,2413932,22006,1187335,14394,1157098,0,69499,17522,748251,18837,976367,20823,1724618,California
San Diego,2021-04-22,44929,2458861,23304,1210639,21621,1178719,4,69503,22448,751305,22438,998805,25492,1750110,California
San Diego,2021-04-23,42716,2501577,26519,1237158,16195,1194914,2,69505,15978,743768,26701,1025506,19164,1769274,California
San Diego,2021-04-24,34911,2536488,18899,1256057,15997,1210911,15,69520,15566,743217,19305,1044811,18754,1788028,California
San Diego,2021-04-25,12634,2549122,7669,1263726,4964,1215875,1,69521,5857,743703,6765,1051576,7251,1795279,California
San Diego,2021-04-26,33493,2582615,16797,1280523,16557,1232432,139,69660,11773,738327,21697,1073273,16321,1811600,California
San Diego,2021-04-27,44807,2627422,24676,1305199,19578,1252010,553,70213,19753,736690,25010,1098283,23373,1834973,California
San Diego,2021-04-28,38473,2665895,22821,1328020,14976,1266986,676,70889,17424,736034,21006,1119289,20350,1855323,California
San Diego,2021-04-29,38323,2704218,24464,1352484,13202,1280188,657,71546,15576,731268,22711,1142000,17945,1873268,California
San Diego,2021-04-30,38263,2742481,23240,1375724,13942,1294130,1081,72627,15036,726049,23187,1165187,17968,1891236,California
San Diego,2021-05-01,24216,2766697,10675,1386399,12903,1307033,638,73265,9503,723644,14703,1179890,12298,1903534,California
San Diego,2021-05-02,10611,2777308,7433,1393832,2596,1309629,582,73847,3227,720406,7380,1187270,4142,1907676,California
San Diego,2021-05-03,25200,2802508,12391,1406223,11658,1321287,1151,74998,9253,715704,15924,1203194,11222,1918898,California
San Diego,2021-05-04,32042,2834550,17829,1424052,12935,1334222,1278,76276,11560,709185,20455,1223649,13936,1932834,California
San Diego,2021-05-05,27998,2862548,17240,1441292,9477,1343699,1281,77557,10590,704695,17385,1241034,12895,1945729,California
San Diego,2021-05-06,28533,2891081,18965,1460257,8657,1352356,911,78468,10766,701084,17737,1258771,14126,1959855,California
San Diego,2021-05-07,29726,2920807,19468,1479725,9218,1361574,1040,79508,11022,695692,18671,1277442,13279,1973134,California
San Diego,2021-05-08,23102,2943909,11104,1490829,11255,1372829,743,80251,7253,689303,15823,1293265,9434,1982568,California
San Diego,2021-05-09,7524,2951433,5666,1496495,1452,1374281,406,80657,2575,687762,4943,1298208,3402,1985970,California
San Diego,2021-05-10,21756,2973189,8656,1505151,12281,1386562,819,81476,5870,679875,15856,1314064,7969,1993939,California
San Diego,2021-05-11,28797,3001986,12229,1517380,15751,1402313,817,82293,10101,673847,18667,1332731,12639,2006578,California
San Diego,2021-05-12,23108,3025094,12642,1530022,9591,1411904,875,83168,8321,669416,14757,1347488,10326,2016904,California
San Diego,2021-05-13,31440,3056534,19074,1549096,11728,1423632,638,83806,13032,667329,18350,1365838,16263,2033167,California
San Diego,2021-05-14,30876,3087410,19815,1568911,10224,1433856,837,84643,13990,667403,16843,1382681,16917,2050084,California
San Diego,2021-05-15,26169,3113579,16473,1585384,8874,1442730,822,85465,10820,664721,15293,1397974,12611,2062695,California
San Diego,2021-05-16,13702,3127281,10228,1595612,2912,1445642,562,86027,6740,665467,6950,1404924,7696,2070391,California
San Diego,2021-05-17,21383,3148664,12968,1608580,7671,1453313,744,86771,8838,663416,12506,1417430,10455,2080846,California
San Diego,2021-05-18,34227,3182891,19399,1627979,13965,1467278,863,87634,13266,658056,20929,1438359,15569,2096415,California
San Diego,2021-05-19,28397,3211288,17816,1645795,9801,1477079,780,88414,11959,655524,16407,1454766,13875,2110290,California
San Diego,2021-05-20,34799,3246087,19248,1665043,14731,1491810,820,89234,11662,646452,23107,1477873,14035,2124325,California
San Diego,2021-05-21,27010,3273097,17162,1682205,8860,1500670,988,90222,10843,643393,16135,1494008,13076,2137401,California
San Diego,2021-05-22,21531,3294628,12416,1694621,7865,1508535,1250,91472,8990,642243,12518,1506526,11368,2148769,California
San Diego,2021-05-23,7350,3301978,5248,1699869,1794,1510329,308,91780,3480,642567,3847,1510373,4171,2152940,California
San Diego,2021-05-24,17863,3319841,9138,1709007,6814,1517143,1911,93691,6418,640329,11426,1521799,9188,2162128,California
San Diego,2021-05-25,24324,3344165,13098,1722105,9358,1526501,1868,95559,8459,635984,15836,1537635,11491,2173619,California
San Diego,2021-05-26,19131,3363296,10600,1732705,6520,1533021,2011,97570,6582,632927,12518,1550153,9461,2183080,California
San Diego,2021-05-27,20625,3383921,11953,1744658,6281,1539302,2391,99961,6933,629683,13672,1563825,10428,2193508,California
San Diego,2021-05-28,21259,3405180,13192,1757850,7358,1546660,709,100670,8363,627017,12878,1576703,10212,2203720,California
San Diego,2021-05-29,11990,3417170,7576,1765426,3923,1550583,491,101161,5156,626363,6821,1583524,6167,2209887,California
San Diego,2021-05-30,4672,3421842,3192,1768618,1102,1551685,378,101539,2002,626310,2664,1586188,2611,2212498,California
San Diego,2021-05-31,2585,3424427,1743,1770361,671,1552356,171,101710,848,625725,1730,1587918,1145,2213643,California
San Diego,2021-06-01,21266,3445693,11332,1781693,8305,1560661,1629,103339,5757,618568,15483,1603401,8326,2221969,California
San Diego,2021-06-02,17070,3462763,8814,1790507,6184,1566845,2072,105411,5473,615269,11571,1614972,8272,2230241,California
San Diego,2021-06-03,19203,3481966,12004,1802511,5398,1572243,1801,107212,5168,609268,14014,1628986,8013,2238254,California
San Diego,2021-06-04,19823,3501789,13846,1816357,5360,1577603,617,107829,5725,603442,14068,1643054,8242,2246496,California
San Diego,2021-06-05,15813,3517602,12034,1828391,2997,1580600,782,108611,4480,598371,11316,1654370,6245,2252741,California
San Diego,2021-06-06,5603,3523205,4529,1832920,763,1581363,311,108922,1592,597085,4000,1658370,2714,2255455,California
San Diego,2021-06-07,12792,3535997,8042,1840962,3401,1584764,1349,110271,3544,593495,9230,1667600,5640,2261095,California
San Diego,2021-06-08,20480,3556477,14474,1855436,4119,1588883,1887,112158,4999,585971,15467,1683067,7943,2269038,California
San Diego,2021-06-09,17030,3573507,11344,1866780,3736,1592619,1950,114108,4361,580586,12655,1695722,7270,2276308,California
San Diego,2021-06-10,17877,3591384,11867,1878647,3932,1596551,2078,116186,4370,574637,13481,1709203,7532,2283840,California
San Diego,2021-06-11,15805,3607189,10071,1888718,4383,1600934,1351,117537,4312,569770,11463,1720666,6596,2290436,California
San Diego,2021-06-12,11002,3618191,8435,1897153,2145,1603079,422,117959,3159,566170,7824,1728490,4224,2294660,California
San Diego,2021-06-13,4156,3622347,3108,1900261,843,1603922,205,118164,1009,564640,3141,1731631,1611,2296271,California
San Diego,2021-06-14,12622,3634969,7578,1907839,2853,1606775,2191,120355,3556,561993,9052,1740683,6405,2302676,California
San Diego,2021-06-15,17901,3652870,10259,1918098,4205,1610980,3437,123792,4706,557880,13185,1753868,9072,2311748,California
San Diego,2021-06-16,13950,3666820,8866,1926964,2770,1613750,2314,126106,4450,555949,9486,1763354,7555,2319303,California
San Diego,2021-06-17,14743,3681563,8480,1935444,3426,1617176,2837,128943,4168,553049,10563,1773917,7663,2326966,California
San Diego,2021-06-18,14149,3695712,8750,1944194,3571,1620747,1828,130771,4425,550390,9713,1783630,7054,2334020,California
San Diego,2021-06-19,7539,3703251,5567,1949761,1512,1622259,460,131231,2753,549370,4764,1788394,3744,2337764,California
San Diego,2021-06-20,3106,3706357,2258,1952019,649,1622908,199,131430,1149,548987,1952,1790346,1569,2339333,California
San Diego,2021-06-21,9125,3715482,5152,1957171,2429,1625337,1544,132974,3895,549747,5223,1795569,5983,2345316,California
San Diego,2021-06-22,11290,3726772,7563,1964734,2585,1627922,1142,134116,4445,549189,6838,1802407,6280,2351596,California
San Diego,2021-06-23,10826,3737598,7044,1971778,2336,1630258,1446,135562,4426,549324,6391,1808798,6526,2358122,California
San Diego,2021-06-24,10050,3747648,6538,1978316,2750,1633008,762,136324,4050,548774,5991,1814789,5441,2363563,California
San Diego,2021-06-25,10602,3758250,7387,1985703,2612,1635620,603,136927,4114,547647,6479,1821268,5352,2368915,California
San Diego,2021-06-26,6680,3764930,5238,1990941,1133,1636753,309,137236,2677,547220,3993,1825261,3566,2372481,California
San Diego,2021-06-27,3014,3767944,2307,1993248,500,1637253,207,137443,1332,547324,1679,1826940,1783,2374264,California
San Diego,2021-06-28,7204,3775148,5304,1998552,1385,1638638,515,137958,3393,547892,3806,1830746,4374,2378638,California
San Diego,2021-06-29,8752,3783900,6095,2004647,1985,1640623,672,138630,3637,547695,5101,1835847,4904,2383542,California
San Diego,2021-06-30,8163,3792063,6035,2010682,1616,1642239,512,139142,3555,547731,4596,1840443,4632,2388174,California
San Diego,2021-07-01,7230,3799293,4993,2015675,1841,1644080,396,139538,3147,547737,4072,1844515,4078,2392252,California
San Diego,2021-07-02,2832,3802125,2042,2017717,545,1644625,245,139783,1445,548298,1379,1845894,1940,2394192,California
San Francisco,2020-12-15,6,6,6,6,0,0,0,0,6,6,0,0,6,6,California
San Francisco,2020-12-16,233,239,233,239,0,0,0,0,233,239,0,0,233,239,California
San Francisco,2020-12-17,416,655,416,655,0,0,0,0,416,655,0,0,416,655,California
San Francisco,2020-12-18,908,1563,907,1562,1,1,0,0,908,1563,0,0,908,1563,California
San Francisco,2020-12-19,610,2173,610,2172,0,1,0,0,610,2173,0,0,610,2173,California
San Francisco,2020-12-20,480,2653,480,2652,0,1,0,0,480,2653,0,0,480,2653,California
San Francisco,2020-12-21,1164,3817,1164,3816,0,1,0,0,1164,3817,0,0,1164,3817,California
San Francisco,2020-12-22,1396,5213,1362,5178,34,35,0,0,1396,5213,0,0,1396,5213,California
San Francisco,2020-12-23,1355,6568,1056,6234,299,334,0,0,1355,6568,0,0,1355,6568,California
San Francisco,2020-12-24,844,7412,504,6738,340,674,0,0,844,7412,0,0,844,7412,California
San Francisco,2020-12-25,37,7449,31,6769,6,680,0,0,37,7449,0,0,37,7449,California
San Francisco,2020-12-26,250,7699,154,6923,96,776,0,0,250,7699,0,0,250,7699,California
San Francisco,2020-12-27,274,7973,60,6983,214,990,0,0,274,7973,0,0,274,7973,California
San Francisco,2020-12-28,1278,9251,692,7675,586,1576,0,0,1278,9251,0,0,1278,9251,California
San Francisco,2020-12-29,1263,10514,632,8307,631,2207,0,0,1263,10514,0,0,1263,10514,California
San Francisco,2020-12-30,1488,12002,782,9089,706,2913,0,0,1488,12002,0,0,1488,12002,California
San Francisco,2020-12-31,982,12984,415,9504,567,3480,0,0,981,12983,0,0,981,12983,California
San Francisco,2021-01-01,107,13091,79,9583,28,3508,0,0,107,13090,0,0,107,13090,California
San Francisco,2021-01-02,337,13428,301,9884,36,3544,0,0,337,13427,0,0,337,13427,California
San Francisco,2021-01-03,299,13727,105,9989,194,3738,0,0,298,13724,1,1,298,13725,California
San Francisco,2021-01-04,1846,15573,1358,11347,488,4226,0,0,1843,15564,3,4,1843,15568,California
San Francisco,2021-01-05,2239,17812,1422,12769,817,5043,0,0,2200,17727,39,43,2202,17770,California
San Francisco,2021-01-06,1877,19689,1163,13932,714,5757,0,0,1607,19067,268,311,1608,19378,California
San Francisco,2021-01-07,2077,21766,1212,15144,865,6622,0,0,1601,20195,473,784,1601,20979,California
San Francisco,2021-01-08,2336,24102,1645,16789,691,7313,0,0,1472,20808,859,1643,1472,22451,California
San Francisco,2021-01-09,1400,25502,902,17691,498,7811,0,0,889,21188,511,2154,891,23342,California
San Francisco,2021-01-10,920,26422,541,18232,379,8190,0,0,461,21191,458,2612,461,23803,California
San Francisco,2021-01-11,2512,28934,1869,20101,643,8833,0,0,1407,21493,1106,3718,1408,25211,California
San Francisco,2021-01-12,3097,32031,2062,22163,1035,9868,0,0,1902,22203,1194,4912,1904,27115,California
San Francisco,2021-01-13,2853,34884,1621,23784,1232,11100,0,0,2012,23374,841,5753,2012,29127,California
San Francisco,2021-01-14,2463,37347,1111,24895,1352,12452,0,0,1896,24703,567,6320,1896,31023,California
San Francisco,2021-01-15,2773,40120,1163,26058,1610,14062,0,0,2370,26674,401,6721,2372,33395,California
San Francisco,2021-01-16,2240,42360,937,26995,1303,15365,0,0,2071,28578,169,6890,2073,35468,California
San Francisco,2021-01-17,1942,44302,536,27531,1406,16771,0,0,1722,30081,219,7109,1722,37190,California
San Francisco,2021-01-18,1390,45692,603,28134,787,17558,0,0,1120,30933,269,7378,1121,38311,California
San Francisco,2021-01-19,2602,48294,1483,29617,1119,18677,0,0,1846,32023,756,8134,1846,40157,California
San Francisco,2021-01-20,2842,51136,1191,30808,1651,20328,0,0,2079,33343,760,8894,2080,42237,California
San Francisco,2021-01-21,3444,54580,1038,31846,2406,22734,0,0,2565,35030,878,9772,2565,44802,California
San Francisco,2021-01-22,3252,57832,678,32524,2574,25308,0,0,2803,37386,447,10219,2803,47605,California
San Francisco,2021-01-23,3117,60949,609,33133,2508,27816,0,0,2747,39765,369,10588,2748,50353,California
San Francisco,2021-01-24,2432,63381,363,33496,2069,29885,0,0,2198,41733,230,10818,2198,52551,California
San Francisco,2021-01-25,4645,68026,1836,35332,2809,32694,0,0,3054,43200,1588,12406,3055,55606,California
San Francisco,2021-01-26,4754,72780,2181,37513,2573,35267,0,0,3103,44657,1648,14054,3105,58711,California
San Francisco,2021-01-27,4382,77162,1980,39493,2402,37669,0,0,3072,46421,1308,15362,3072,61783,California
San Francisco,2021-01-28,3802,80964,1578,41071,2224,39893,0,0,2626,47879,1169,16531,2627,64410,California
San Francisco,2021-01-29,4840,85804,1763,42834,3077,42970,0,0,3510,50096,1293,17824,3510,67920,California
San Francisco,2021-01-30,3818,89622,1850,44684,1968,44938,0,0,3355,52993,462,18286,3359,71279,California
San Francisco,2021-01-31,2357,91979,819,45503,1538,46476,0,0,2206,55050,150,18436,2207,73486,California
San Francisco,2021-02-01,4005,95984,1712,47215,2293,48769,0,0,2924,56895,1080,19516,2925,76411,California
San Francisco,2021-02-02,4568,100552,1821,49036,2747,51516,0,0,2955,58243,1607,21123,2955,79366,California
San Francisco,2021-02-03,5124,105676,2408,51444,2716,54232,0,0,3797,60716,1325,22448,3798,83164,California
San Francisco,2021-02-04,5073,110749,2443,53887,2630,56862,0,0,3888,63422,1182,23630,3888,87052,California
San Francisco,2021-02-05,6023,116772,3247,57134,2776,59638,0,0,4665,66732,1356,24986,4666,91718,California
San Francisco,2021-02-06,5493,122265,3666,60800,1827,61465,0,0,4616,70505,846,25832,4619,96337,California
San Francisco,2021-02-07,4370,126635,3214,64014,1156,62621,0,0,3786,73715,580,26412,3790,100127,California
San Francisco,2021-02-08,6773,133408,4658,68672,2115,64736,0,0,5539,78039,1218,27630,5542,105669,California
San Francisco,2021-02-09,5976,139384,4019,72691,1957,66693,0,0,4415,80886,1570,29200,4417,110086,California
San Francisco,2021-02-10,6946,146330,4205,76896,2741,69434,0,0,5068,84085,1873,31073,5072,115158,California
San Francisco,2021-02-11,6769,153099,4014,80910,2755,72189,0,0,4897,87118,1867,32940,4900,120058,California
San Francisco,2021-02-12,5373,158472,2697,83607,2676,74865,0,0,3485,88714,1889,34829,3485,123543,California
San Francisco,2021-02-13,4424,162896,2593,86200,1831,76696,0,0,3068,90429,1356,36185,3071,126614,California
San Francisco,2021-02-14,3452,166348,2266,88466,1186,77882,0,0,2311,91602,1140,37325,2313,128927,California
San Francisco,2021-02-15,2803,169151,1517,89983,1286,79168,0,0,1680,92162,1120,38445,1680,130607,California
San Francisco,2021-02-16,5164,174315,2840,92823,2324,81492,0,0,3014,93040,2143,40588,3021,133628,California
San Francisco,2021-02-17,5392,179707,2648,95471,2744,84236,0,0,2966,93595,2414,43002,2969,136597,California
San Francisco,2021-02-18,5444,185151,2662,98133,2782,87018,0,0,2820,93800,2621,45623,2826,139423,California
San Francisco,2021-02-19,5730,190881,2694,100827,3036,90054,0,0,2974,94028,2747,48370,2975,142398,California
San Francisco,2021-02-20,4658,195539,2254,103081,2404,92458,0,0,1740,92861,2908,51278,1741,144139,California
San Francisco,2021-02-21,2979,198518,1570,104651,1409,93867,0,0,1321,92536,1647,52925,1322,145461,California
San Francisco,2021-02-22,5497,204015,3408,108059,2089,95956,0,0,2737,92527,2749,55674,2740,148201,California
San Francisco,2021-02-23,5869,209884,3338,111397,2531,98487,0,0,2992,92650,2869,58543,2992,151193,California
San Francisco,2021-02-24,9371,219255,5318,116715,4053,102540,0,0,4994,93283,4363,62906,4996,156189,California
San Francisco,2021-02-25,10189,229444,7106,123821,3083,105623,0,0,6531,96163,3653,66559,6533,162722,California
San Francisco,2021-02-26,12393,241837,8047,131868,4346,109969,0,0,7317,98407,5074,71633,7318,170040,California
San Francisco,2021-02-27,9429,251266,6070,137938,3358,113327,1,1,4698,98392,4715,76348,4700,174740,California
San Francisco,2021-02-28,7923,259189,5664,143602,2259,115586,0,1,3872,98221,4044,80392,3873,178613,California
San Francisco,2021-03-01,11421,270610,7706,151308,3710,119296,5,6,5571,97977,5822,86214,5578,184191,California
San Francisco,2021-03-02,10054,280664,6768,158076,3286,122582,0,6,5683,99301,4360,90574,5684,189875,California
San Francisco,2021-03-03,11429,292093,6679,164755,4749,127331,1,7,6282,100454,5133,95707,6286,196161,California
San Francisco,2021-03-04,8821,300914,5535,170290,3286,130617,0,7,4971,101588,3839,99546,4973,201134,California
San Francisco,2021-03-05,9263,310177,5666,175956,3593,134210,4,11,5801,103946,3448,102994,5806,206940,California
San Francisco,2021-03-06,7237,317414,4697,180653,2330,136540,210,221,4540,105982,2708,105702,4744,211684,California
San Francisco,2021-03-07,5419,322833,4227,184880,1132,137672,60,281,3120,106851,2310,108012,3179,214863,California
San Francisco,2021-03-08,7562,330395,5492,190372,1881,139553,189,470,5968,111382,1625,109637,6156,221019,California
San Francisco,2021-03-09,8358,338753,5535,195907,2445,141998,378,848,6094,115580,2269,111906,6467,227486,California
San Francisco,2021-03-10,11287,350040,6620,202527,4163,146161,504,1352,7043,118903,4221,116127,7544,235030,California
San Francisco,2021-03-11,10134,360174,6393,208920,2768,148929,973,2325,6637,123019,3477,119604,7593,242623,California
San Francisco,2021-03-12,10899,371073,6359,215279,3189,152118,1351,3676,6061,125607,4814,124418,7402,250025,California
San Francisco,2021-03-13,6776,377849,3950,219229,1744,153862,1082,4758,4208,128336,2558,126976,5287,255312,California
San Francisco,2021-03-14,7584,385433,4930,224159,2407,156269,247,5005,3959,128934,3606,130582,4204,259516,California
San Francisco,2021-03-15,12139,397572,9283,233442,1910,158179,946,5951,8354,134451,3768,134350,9285,268801,California
San Francisco,2021-03-16,12273,409845,8345,241787,3449,161628,479,6430,8761,140203,3489,137839,9241,278042,California
San Francisco,2021-03-17,13635,423480,8455,250242,4546,166174,634,7064,9708,146645,3895,141734,10337,288379,California
San Francisco,2021-03-18,10297,433777,7049,257291,2619,168793,629,7693,5856,148704,4416,146150,6475,294854,California
San Francisco,2021-03-19,12597,446374,9237,266528,2887,171680,473,8166,6578,149754,5992,152142,7042,301896,California
San Francisco,2021-03-20,8955,455329,6585,273113,1902,173582,468,8634,5200,151702,3722,155864,5670,307566,California
San Francisco,2021-03-21,6699,462028,6140,279253,420,174002,139,8773,3765,152686,2917,158781,3901,311467,California
San Francisco,2021-03-22,10007,472035,6972,286225,2194,176196,841,9614,5149,153833,4833,163614,5980,317447,California
San Francisco,2021-03-23,11402,483437,7591,293816,3158,179354,653,10267,6314,155736,5056,168670,6959,324406,California
San Francisco,2021-03-24,12422,495859,9517,303333,2367,181721,538,10805,6118,156124,6259,174929,6647,331053,California
San Francisco,2021-03-25,12008,507867,8765,312098,2676,184397,567,11372,5812,156377,6122,181051,6375,337428,California
San Francisco,2021-03-26,12060,519927,8355,320453,3471,187868,234,11606,5835,156251,6190,187241,6064,343492,California
San Francisco,2021-03-27,8900,528827,5914,326367,2634,190502,352,11958,3819,155362,5058,192299,4169,347661,California
San Francisco,2021-03-28,6673,535500,5326,331693,1305,191807,42,12000,2966,154686,3682,195981,3006,350667,California
San Francisco,2021-03-29,11660,547160,8020,339713,3454,195261,186,12186,4806,152855,6821,202802,4990,355657,California
San Francisco,2021-03-30,11694,558854,7319,347032,4084,199345,291,12477,5508,152493,6159,208961,5797,361454,California
San Francisco,2021-03-31,12328,571182,8196,355228,3833,203178,299,12776,4912,150316,7381,216342,5204,366658,California
San Francisco,2021-04-01,14030,585212,7436,362664,4885,208063,1709,14485,6038,150080,7949,224291,7713,374371,California
San Francisco,2021-04-02,14898,600110,6575,369239,6425,214488,1898,16383,6946,150975,7928,232219,8823,383194,California
San Francisco,2021-04-03,10617,610727,4929,374168,3860,218348,1828,18211,4809,151807,5789,238008,6621,389815,California
San Francisco,2021-04-04,9058,619785,4806,378974,2594,220942,1658,19869,3588,151588,5451,243459,5232,395047,California
San Francisco,2021-04-05,16140,635925,9854,388828,4392,225334,1894,21763,6301,149958,9808,253267,8178,403225,California
San Francisco,2021-04-06,16170,652095,9550,398378,4547,229881,2073,23836,6287,148446,9854,263121,8342,411567,California
San Francisco,2021-04-07,16903,668998,10061,408439,4600,234481,2242,26078,7007,147801,9870,272991,9225,420792,California
San Francisco,2021-04-08,14250,683248,6782,415221,3033,237514,4435,30513,4644,147270,9568,282559,9037,429829,California
San Francisco,2021-04-09,15892,699140,7686,422907,4842,242356,3364,33877,6630,148011,9227,291786,9968,439797,California
San Francisco,2021-04-10,13370,712510,5715,428622,5897,248253,1758,35635,7114,150635,6229,298015,8853,448650,California
San Francisco,2021-04-11,10079,722589,7550,436172,1351,249604,1178,36813,5204,152149,4859,302874,6373,455023,California
San Francisco,2021-04-12,10663,733252,6923,443095,2583,252187,1157,37970,4883,152424,5754,308628,6029,461052,California
San Francisco,2021-04-13,10870,744122,7369,450464,3489,255676,12,37982,5474,152547,5368,313996,5491,466543,California
San Francisco,2021-04-14,13400,757522,8070,458534,5329,261005,1,37983,6360,151912,6998,320994,6363,472906,California
San Francisco,2021-04-15,13881,771403,9612,468146,4268,265273,1,37984,8071,154214,5775,326769,8077,480983,California
San Francisco,2021-04-16,13052,784455,8767,476913,4241,269514,44,38028,7612,156465,5409,332178,7660,488643,California
San Francisco,2021-04-17,10256,794711,7384,484297,2871,272385,1,38029,7237,160706,3001,335179,7242,495885,California
San Francisco,2021-04-18,6958,801669,5386,489683,1570,273955,2,38031,4322,162416,2616,337795,4326,500211,California
San Francisco,2021-04-19,11125,812794,8310,497993,2810,276765,5,38036,7097,165520,4008,341803,7112,507323,California
San Francisco,2021-04-20,13111,825905,7907,505900,5202,281967,2,38038,8926,170295,4154,345957,8929,516252,California
San Francisco,2021-04-21,11943,837848,8751,514651,3187,285154,5,38043,7238,172868,4675,350632,7248,523500,California
San Francisco,2021-04-22,11117,848965,8283,522934,2833,287987,1,38044,6373,174540,4709,355341,6381,529881,California
San Francisco,2021-04-23,10933,859898,6410,529344,4523,292510,0,38044,6481,176610,4420,359761,6490,536371,California
San Francisco,2021-04-24,7971,867869,5476,534820,2495,295005,0,38044,4712,178094,3237,362998,4721,541092,California
San Francisco,2021-04-25,5047,872916,4338,539158,703,295708,6,38050,2947,178965,2087,365085,2958,544050,California
San Francisco,2021-04-26,8533,881449,6080,545238,2441,298149,12,38062,4249,178988,4254,369339,4277,548327,California
San Francisco,2021-04-27,8993,890442,6113,551351,2710,300859,170,38232,4491,179182,4476,373815,4670,552997,California
San Francisco,2021-04-28,9961,900403,6973,558324,2797,303656,191,38423,5225,179903,4702,378517,5423,558420,California
San Francisco,2021-04-29,9808,910211,5833,564157,3780,307436,195,38618,4821,179973,4959,383476,5029,563449,California
San Francisco,2021-04-30,11339,921550,5612,569769,5524,312960,203,38821,4227,177345,7064,390540,4436,567885,California
San Francisco,2021-05-01,6997,928547,3596,573365,3286,316246,115,38936,1700,173900,5261,395801,1816,569701,California
San Francisco,2021-05-02,5342,933889,3096,576461,2147,318393,99,39035,979,170629,4353,400154,1082,570783,California
San Francisco,2021-05-03,9708,943597,6614,583075,2929,321322,165,39200,2441,166006,7237,407391,2614,573397,California
San Francisco,2021-05-04,9849,953446,6438,589513,3160,324482,251,39451,2386,161218,7430,414821,2642,576039,California
San Francisco,2021-05-05,9270,962716,6576,596089,2381,326863,313,39764,2272,156858,6949,421770,2589,578628,California
San Francisco,2021-05-06,10976,973692,8789,604878,1714,328577,473,40237,1908,150207,9034,430804,2383,581011,California
San Francisco,2021-05-07,10322,984014,6669,611547,3380,331957,273,40510,1677,143537,8618,439422,1948,582959,California
San Francisco,2021-05-08,8909,992923,4057,615604,4722,336679,130,40640,1101,136995,7774,447196,1232,584191,California
San Francisco,2021-05-09,6744,999667,5855,621459,806,337485,83,40723,1086,132523,5635,452831,1163,585354,California
San Francisco,2021-05-10,7392,1007059,5324,626783,1813,339298,255,40978,1007,127431,6353,459184,1261,586615,California
San Francisco,2021-05-11,8161,1015220,6032,632815,1910,341208,219,41197,1497,122519,6627,465811,1715,588330,California
San Francisco,2021-05-12,8390,1023610,6154,638969,1779,342987,457,41654,1495,117606,6862,472673,1949,590279,California
San Francisco,2021-05-13,11395,1035005,8390,647359,2779,345766,226,41880,4182,114839,7183,479856,4416,594695,California
San Francisco,2021-05-14,9589,1044594,6827,654186,2591,348357,171,42051,2990,111444,6567,486423,3172,597867,California
San Francisco,2021-05-15,8133,1052727,6442,660628,1635,349992,56,42107,3204,109803,4913,491336,3272,601139,California
San Francisco,2021-05-16,5301,1058028,4459,665087,783,350775,59,42166,2024,108631,3256,494592,2084,603223,California
San Francisco,2021-05-17,7406,1065434,5520,670607,1721,352496,165,42331,2380,106175,5004,499596,2548,605771,California
San Francisco,2021-05-18,8766,1074200,5023,675630,3567,356063,176,42507,1830,101293,6888,506484,2006,607777,California
San Francisco,2021-05-19,7498,1081698,5548,681178,1715,357778,235,42742,2155,98366,5315,511799,2388,610165,California
San Francisco,2021-05-20,6142,1087840,4124,685302,1765,359543,253,42995,1492,95494,4612,516411,1740,611905,California
San Francisco,2021-05-21,7201,1095041,4079,689381,2936,362479,186,43181,1576,91673,5578,521989,1757,613662,California
San Francisco,2021-05-22,4814,1099855,3625,693006,1098,363577,91,43272,2186,91341,2608,524597,2276,615938,California
San Francisco,2021-05-23,1939,1101794,1483,694489,381,363958,75,43347,848,91183,1081,525678,923,616861,California
San Francisco,2021-05-24,4229,1106023,3003,697492,1063,365021,163,43510,1235,89615,2968,528646,1400,618261,California
San Francisco,2021-05-25,3703,1109726,2405,699897,1075,366096,223,43733,1030,88210,2653,531299,1248,619509,California
San Francisco,2021-05-26,3960,1113686,2555,702452,1259,367355,146,43879,1045,86512,2889,534188,1191,620700,California
San Francisco,2021-05-27,3721,1117407,2147,704599,1398,368753,176,44055,1164,85306,2545,536733,1339,622039,California
San Francisco,2021-05-28,3779,1121186,2154,706753,1463,370216,162,44217,1315,84347,2435,539168,1476,623515,California
San Francisco,2021-05-29,2032,1123218,1463,708216,467,370683,102,44319,788,84008,1223,540391,884,624399,California
San Francisco,2021-05-30,971,1124189,693,708909,241,370924,37,44356,396,83870,571,540962,433,624832,California
San Francisco,2021-05-31,259,1124448,211,709120,41,370965,7,44363,86,83792,171,541133,93,624925,California
San Francisco,2021-06-01,3585,1128033,2171,711291,1226,372191,188,44551,1062,82532,2507,543640,1247,626172,California
San Francisco,2021-06-02,2462,1130495,1781,713072,558,372749,123,44674,809,81821,1638,545278,927,627099,California
San Francisco,2021-06-03,3963,1134458,2720,715792,1040,373789,203,44877,911,79896,3034,548312,1109,628208,California
San Francisco,2021-06-04,5725,1140183,4853,720645,736,374525,136,45013,1240,76816,4451,552763,1371,629579,California
San Francisco,2021-06-05,3728,1143911,3151,723796,429,374954,148,45161,872,74988,2844,555607,1016,630595,California
San Francisco,2021-06-06,2336,1146247,2185,725981,113,375067,38,45199,385,73467,1944,557551,423,631018,California
San Francisco,2021-06-07,3652,1149899,3024,729005,493,375560,135,45334,870,71707,2763,560314,1003,632021,California
San Francisco,2021-06-08,2828,1152727,2223,731228,439,375999,166,45500,794,70644,2017,562331,954,632975,California
San Francisco,2021-06-09,2325,1155052,1862,733090,326,376325,137,45637,655,69780,1654,563985,790,633765,California
San Francisco,2021-06-10,2498,1157550,1910,735000,398,376723,190,45827,750,68984,1736,565721,940,634705,California
San Francisco,2021-06-11,3160,1160710,2495,737495,500,377223,165,45992,925,67862,2209,567930,1087,635792,California
San Francisco,2021-06-12,3037,1163747,2637,740132,274,377497,126,46118,719,66401,2304,570234,843,636635,California
San Francisco,2021-06-13,925,1164672,804,740936,74,377571,47,46165,224,65978,693,570927,270,636905,California
San Francisco,2021-06-14,2509,1167181,2027,742963,331,377902,151,46316,825,65279,1673,572600,974,637879,California
San Francisco,2021-06-15,1907,1169088,1473,744436,301,378203,133,46449,668,64851,1229,573829,801,638680,California
San Francisco,2021-06-16,1853,1170941,1399,745835,260,378463,194,46643,633,64469,1202,575031,820,639500,California
San Francisco,2021-06-17,1984,1172925,1528,747363,256,378719,200,46843,648,63991,1321,576352,843,640343,California
San Francisco,2021-06-18,2347,1175272,1734,749097,438,379157,175,47018,750,63329,1583,577935,921,641264,California
San Francisco,2021-06-19,1415,1176687,1182,750279,122,379279,111,47129,435,62906,966,578901,543,641807,California
San Francisco,2021-06-20,625,1177312,534,750813,56,379335,35,47164,254,62830,365,579266,289,642096,California
San Francisco,2021-06-21,1162,1178474,863,751676,188,379523,111,47275,603,62993,549,579815,712,642808,California
San Francisco,2021-06-22,1584,1180058,1243,752919,229,379752,112,47387,549,62628,1020,580835,655,643463,California
San Francisco,2021-06-23,1485,1181543,1172,754091,173,379925,140,47527,589,62466,884,581719,722,644185,California
San Francisco,2021-06-24,1539,1183082,1127,755218,243,380168,169,47696,511,62132,1009,582728,675,644860,California
San Francisco,2021-06-25,1820,1184902,1470,756688,248,380416,102,47798,653,61738,1147,583875,753,645613,California
San Francisco,2021-06-26,1396,1186298,1249,757937,66,380482,81,47879,498,61424,889,584764,575,646188,California
San Francisco,2021-06-27,553,1186851,491,758428,34,380516,28,47907,225,61354,322,585086,252,646440,California
San Francisco,2021-06-28,1484,1188335,1276,759704,115,380631,93,48000,528,61030,944,586030,620,647060,California
San Francisco,2021-06-29,1374,1189709,1054,760758,220,380851,100,48100,494,60749,869,586899,588,647648,California
San Francisco,2021-06-30,1284,1190993,1053,761811,163,381014,68,48168,499,60535,780,587679,566,648214,California
San Francisco,2021-07-01,1176,1192169,931,762742,168,381182,77,48245,475,60393,690,588369,548,648762,California
San Francisco,2021-07-02,1049,1193218,827,763569,160,381342,62,48307,373,60159,668,589037,434,649196,California
San Joaquin,2020-12-15,14,14,14,14,0,0,0,0,14,14,0,0,14,14,California
San Joaquin,2020-12-16,310,324,310,324,0,0,0,0,310,324,0,0,310,324,California
San Joaquin,2020-12-17,325,649,325,649,0,0,0,0,325,649,0,0,325,649,California
San Joaquin,2020-12-18,542,1191,538,1187,4,4,0,0,542,1191,0,0,542,1191,California
San Joaquin,2020-12-19,192,1383,192,1379,0,4,0,0,192,1383,0,0,192,1383,California
San Joaquin,2020-12-20,117,1500,115,1494,2,6,0,0,117,1500,0,0,117,1500,California
San Joaquin,2020-12-21,496,1996,495,1989,1,7,0,0,496,1996,0,0,496,1996,California
San Joaquin,2020-12-22,980,2976,859,2848,121,128,0,0,979,2975,0,0,979,2975,California
San Joaquin,2020-12-23,980,3956,923,3771,57,185,0,0,978,3953,2,2,980,3955,California
San Joaquin,2020-12-24,218,4174,189,3960,29,214,0,0,217,4170,1,3,218,4173,California
San Joaquin,2020-12-25,16,4190,16,3976,0,214,0,0,16,4186,0,3,16,4189,California
San Joaquin,2020-12-26,103,4293,31,4007,72,286,0,0,103,4289,0,3,103,4292,California
San Joaquin,2020-12-27,45,4338,31,4038,14,300,0,0,45,4334,0,3,45,4337,California
San Joaquin,2020-12-28,626,4964,423,4461,203,503,0,0,626,4960,0,3,626,4963,California
San Joaquin,2020-12-29,800,5764,670,5131,130,633,0,0,800,5760,0,3,800,5763,California
San Joaquin,2020-12-30,1015,6779,721,5852,294,927,0,0,1013,6773,2,5,1015,6778,California
San Joaquin,2020-12-31,456,7235,203,6055,253,1180,0,0,456,7229,1,6,457,7235,California
San Joaquin,2021-01-01,24,7259,13,6068,11,1191,0,0,24,7253,0,6,24,7259,California
San Joaquin,2021-01-02,267,7526,244,6312,23,1214,0,0,267,7520,0,6,267,7526,California
San Joaquin,2021-01-03,37,7563,20,6332,17,1231,0,0,36,7555,1,7,36,7562,California
San Joaquin,2021-01-04,480,8043,341,6673,139,1370,0,0,478,8032,1,8,478,8040,California
San Joaquin,2021-01-05,991,9034,656,7329,335,1705,0,0,814,8708,176,184,852,8892,California
San Joaquin,2021-01-06,1232,10266,718,8047,514,2219,0,0,924,9333,303,487,928,9820,California
San Joaquin,2021-01-07,1092,11358,693,8740,399,2618,0,0,789,9822,300,787,789,10609,California
San Joaquin,2021-01-08,1217,12575,831,9571,386,3004,0,0,716,10045,499,1286,722,11331,California
San Joaquin,2021-01-09,384,12959,302,9873,82,3086,0,0,250,10163,134,1420,252,11583,California
San Joaquin,2021-01-10,226,13185,117,9990,109,3195,0,0,173,10284,52,1472,173,11756,California
San Joaquin,2021-01-11,1538,14723,1328,11318,210,3405,0,0,870,10555,667,2139,938,12694,California
San Joaquin,2021-01-12,1529,16252,1108,12426,421,3826,0,0,739,10580,786,2925,811,13505,California
San Joaquin,2021-01-13,1544,17796,902,13328,642,4468,0,0,963,10971,577,3502,968,14473,California
San Joaquin,2021-01-14,1773,19569,976,14304,797,5265,0,0,1423,12084,329,3831,1442,15915,California
San Joaquin,2021-01-15,1562,21131,553,14857,1009,6274,0,0,1319,13200,228,4059,1344,17259,California
San Joaquin,2021-01-16,1136,22267,181,15038,955,7229,0,0,1104,14273,31,4090,1104,18363,California
San Joaquin,2021-01-17,1631,23898,138,15176,1493,8722,0,0,1587,15818,44,4134,1589,19952,California
San Joaquin,2021-01-18,747,24645,240,15416,507,9229,0,0,625,16325,118,4252,625,20577,California
San Joaquin,2021-01-19,1880,26525,897,16313,983,10212,0,0,1196,16850,679,4931,1204,21781,California
San Joaquin,2021-01-20,2108,28633,1292,17605,816,11028,0,0,1456,17668,645,5576,1463,23244,California
San Joaquin,2021-01-21,1992,30625,901,18506,1091,12119,0,0,1594,18880,391,5967,1603,24847,California
San Joaquin,2021-01-22,1971,32596,900,19406,1071,13190,0,0,1829,20574,137,6104,1831,26678,California
San Joaquin,2021-01-23,906,33502,393,19799,513,13703,0,0,617,20906,287,6391,619,27297,California
San Joaquin,2021-01-24,367,33869,137,19936,230,13933,0,0,344,21230,20,6411,344,27641,California
San Joaquin,2021-01-25,2015,35884,1149,21085,866,14799,0,0,1441,22103,571,6982,1444,29085,California
San Joaquin,2021-01-26,2167,38051,1113,22198,1054,15853,0,0,1545,23042,614,7596,1553,30638,California
San Joaquin,2021-01-27,1755,39806,769,22967,986,16839,0,0,1251,23800,499,8095,1257,31895,California
San Joaquin,2021-01-28,2087,41893,782,23749,1305,18144,0,0,1418,24563,664,8759,1427,33322,California
San Joaquin,2021-01-29,2198,44091,1054,24803,1144,19288,0,0,1843,26068,348,9107,1853,35175,California
San Joaquin,2021-01-30,2185,46276,355,25158,1830,21118,0,0,2002,27890,182,9289,2004,37179,California
San Joaquin,2021-01-31,1556,47832,176,25334,1380,22498,0,0,1486,29310,68,9357,1488,38667,California
San Joaquin,2021-02-01,2519,50351,1290,26624,1229,23727,0,0,1750,30293,769,10126,1752,40419,California
San Joaquin,2021-02-02,2655,53006,1180,27804,1475,25202,0,0,2041,31785,553,10679,2045,42464,California
San Joaquin,2021-02-03,3144,56150,1238,29042,1906,27108,0,0,2266,33190,870,11549,2275,44739,California
San Joaquin,2021-02-04,3607,59757,1833,30875,1774,28882,0,0,2706,35007,895,12444,2712,47451,California
San Joaquin,2021-02-05,3213,62970,1805,32680,1408,30290,0,0,2374,36572,823,13267,2388,49839,California
San Joaquin,2021-02-06,1076,64046,725,33405,351,30641,0,0,927,37354,146,13413,928,50767,California
San Joaquin,2021-02-07,623,64669,493,33898,130,30771,0,0,417,37571,201,13614,418,51185,California
San Joaquin,2021-02-08,1885,66554,1045,34943,840,31611,0,0,1526,38768,335,13949,1532,52717,California
San Joaquin,2021-02-09,2165,68719,1149,36092,1016,32627,0,0,1609,39896,484,14433,1612,54329,California
San Joaquin,2021-02-10,2633,71352,1263,37355,1370,33997,0,0,1399,40085,1211,15644,1400,55729,California
San Joaquin,2021-02-11,2959,74311,1475,38830,1484,35481,0,0,1719,40609,1204,16848,1728,57457,California
San Joaquin,2021-02-12,2867,77178,1137,39967,1730,37211,0,0,1626,41027,1212,18060,1630,59087,California
San Joaquin,2021-02-13,2143,79321,411,40378,1732,38943,0,0,866,40639,1260,19320,872,59959,California
San Joaquin,2021-02-14,1920,81241,265,40643,1655,40598,0,0,700,40153,1187,20507,701,60660,California
San Joaquin,2021-02-15,2011,83252,842,41485,1169,41767,0,0,1205,40588,774,21281,1209,61869,California
San Joaquin,2021-02-16,3219,86471,1405,42890,1814,43581,0,0,1774,40941,1431,22712,1784,63653,California
San Joaquin,2021-02-17,3328,89799,1284,44174,2044,45625,0,0,1901,41436,1411,24123,1906,65559,California
San Joaquin,2021-02-18,3394,93193,1405,45579,1989,47614,0,0,1930,41947,1425,25548,1936,67495,California
San Joaquin,2021-02-19,4314,97507,2443,48022,1871,49485,0,0,2402,42493,1856,27404,2402,69897,California
San Joaquin,2021-02-20,1610,99117,695,48717,915,50400,0,0,1077,43041,529,27933,1077,70974,California
San Joaquin,2021-02-21,702,99819,522,49239,180,50580,0,0,430,43205,268,28201,432,71406,California
San Joaquin,2021-02-22,3645,103464,2576,51815,1069,51649,0,0,2561,44717,1053,29254,2565,73971,California
San Joaquin,2021-02-23,4388,107852,2667,54482,1721,53370,0,0,2672,45716,1679,30933,2678,76649,California
San Joaquin,2021-02-24,5857,113709,3471,57953,2386,55756,0,0,4165,48223,1662,32595,4169,80818,California
San Joaquin,2021-02-25,6452,120161,3979,61932,2473,58229,0,0,4123,50071,2285,34880,4133,84951,California
San Joaquin,2021-02-26,5584,125745,2887,64819,2697,60926,0,0,3793,52117,1753,36633,3799,88750,California
San Joaquin,2021-02-27,5512,131257,1638,66457,3873,64799,1,1,2656,51993,2791,39424,2667,91417,California
San Joaquin,2021-02-28,3123,134380,1129,67586,1994,66793,0,1,2056,53016,1036,40460,2059,93476,California
San Joaquin,2021-03-01,4321,138701,1849,69435,2469,69262,3,4,2343,53416,1956,42416,2356,95832,California
San Joaquin,2021-03-02,4277,142978,1700,71135,2577,71839,0,4,2672,54559,1582,43998,2725,98557,California
San Joaquin,2021-03-03,5877,148855,3481,74616,2394,74233,2,6,4215,57144,1631,45629,4216,102773,California
San Joaquin,2021-03-04,5777,154632,2295,76911,3479,77712,3,9,3760,58909,1999,47628,3764,106537,California
San Joaquin,2021-03-05,4542,159174,1912,78823,2625,80337,5,14,3126,60647,1397,49025,3135,109672,California
San Joaquin,2021-03-06,3342,162516,2198,81021,1014,81351,130,144,2743,62931,592,49617,2876,112548,California
San Joaquin,2021-03-07,1232,163748,572,81593,611,81962,49,193,940,63631,274,49891,974,113522,California
San Joaquin,2021-03-08,3232,166980,1288,82881,1820,83782,124,317,2103,64746,1112,51003,2227,115749,California
San Joaquin,2021-03-09,4211,171191,1873,84754,2209,85991,129,446,2683,66056,1507,52510,2817,118566,California
San Joaquin,2021-03-10,4941,176132,2541,87295,2256,88247,144,590,3455,68186,1469,53979,3599,122165,California
San Joaquin,2021-03-11,5249,181381,2475,89770,2170,90417,604,1194,2956,69469,2278,56257,3561,125726,California
San Joaquin,2021-03-12,6622,188003,3239,93009,3044,93461,339,1533,4165,71552,2426,58683,4509,130235,California
San Joaquin,2021-03-13,3255,191258,1519,94528,1610,95071,126,1659,2326,73096,917,59600,2461,132696,California
San Joaquin,2021-03-14,2180,193438,678,95206,1196,96267,306,1965,1027,73287,1146,60746,1337,134033,California
San Joaquin,2021-03-15,6155,199593,3523,98729,2224,98491,408,2373,3185,73965,2930,63676,3608,137641,California
San Joaquin,2021-03-16,6954,206547,3942,102671,2756,101247,256,2629,4089,75479,2838,66514,4352,141993,California
San Joaquin,2021-03-17,7985,214532,4742,107413,3172,104419,71,2700,4391,76406,3540,70054,4467,146460,California
San Joaquin,2021-03-18,7756,222288,4550,111963,2698,107117,508,3208,3842,76900,3861,73915,4355,150815,California
San Joaquin,2021-03-19,8040,230328,4696,116659,2800,109917,544,3752,4864,79218,3148,77063,5466,156281,California
San Joaquin,2021-03-20,3716,234044,2151,118810,1322,111239,243,3995,1829,79444,1859,78922,2085,158366,California
San Joaquin,2021-03-21,2133,236177,1511,120321,415,111654,207,4202,1154,79916,959,79881,1431,159797,California
San Joaquin,2021-03-22,4124,240301,2098,122419,1610,113264,416,4618,2472,81178,1630,81511,2892,162689,California
San Joaquin,2021-03-23,5514,245815,2698,125117,2648,115912,168,4786,3808,83483,1678,83189,3983,166672,California
San Joaquin,2021-03-24,6978,252793,4295,129412,2594,118506,89,4875,3101,82851,3828,87017,3196,169868,California
San Joaquin,2021-03-25,5722,258515,3373,132785,2303,120809,46,4921,3417,84041,2276,89293,3466,173334,California
San Joaquin,2021-03-26,6326,264841,2611,135396,3561,124370,154,5075,3328,84575,2969,92262,3503,176837,California
San Joaquin,2021-03-27,4697,269538,2641,138037,1981,126351,75,5150,1809,83609,2859,95121,1893,178730,California
San Joaquin,2021-03-28,2757,272295,1833,139870,899,127250,25,5175,1269,83545,1467,96588,1403,180133,California
San Joaquin,2021-03-29,4162,276457,2204,142074,1935,129185,23,5198,2112,83665,2031,98619,2151,182284,California
San Joaquin,2021-03-30,6371,282828,3197,145271,3081,132266,93,5291,3529,84498,2807,101426,3640,185924,California
San Joaquin,2021-03-31,6802,289630,4206,149477,2535,134801,61,5352,3482,84776,3289,104715,3567,189491,California
San Joaquin,2021-04-01,6585,296215,3022,152499,3470,138271,93,5445,2948,84270,3605,108320,3099,192590,California
San Joaquin,2021-04-02,6482,302697,2903,155402,3080,141351,499,5944,2601,83551,3850,112170,3131,195721,California
San Joaquin,2021-04-03,4224,306921,2403,157805,1495,142846,326,6270,2019,83722,2185,114355,2356,198077,California
San Joaquin,2021-04-04,2296,309217,1374,159179,716,143562,206,6476,1547,84758,737,115092,1773,199850,California
San Joaquin,2021-04-05,4873,314090,2867,162046,1766,145328,240,6716,2714,85577,2142,117234,2961,202811,California
San Joaquin,2021-04-06,7208,321298,4575,166621,2353,147681,280,6996,3451,85599,3720,120954,3742,206553,California
San Joaquin,2021-04-07,8483,329781,4594,171215,2297,149978,1592,8588,3580,85902,4876,125830,5179,211732,California
San Joaquin,2021-04-08,8931,338712,4771,175986,1994,151972,2166,10754,3386,85938,5515,131345,5551,217283,California
San Joaquin,2021-04-09,9066,347778,4407,180393,3089,155061,1570,12324,3346,85174,5692,137037,4928,222211,California
San Joaquin,2021-04-10,5264,353042,1666,182059,1688,156749,1910,14234,1789,85410,3460,140497,3696,225907,California
San Joaquin,2021-04-11,4315,357357,1784,183843,1364,158113,1167,15401,1985,86240,2316,142813,3146,229053,California
San Joaquin,2021-04-12,6177,363534,2518,186361,2107,160220,1552,16953,2440,86527,3709,146522,3996,233049,California
San Joaquin,2021-04-13,7673,371207,4412,190773,3252,163472,9,16962,4681,88260,2963,149485,4696,237745,California
San Joaquin,2021-04-14,7740,378947,3922,194695,3816,167288,2,16964,4648,89856,3066,152551,4662,242407,California
San Joaquin,2021-04-15,8044,386991,4773,199468,3271,170559,0,16964,4438,90744,3559,156110,4447,246854,California
San Joaquin,2021-04-16,7922,394913,4296,203764,3623,174182,3,16967,4768,92408,3120,159230,4784,251638,California
San Joaquin,2021-04-17,5213,400126,2834,206598,2377,176559,2,16969,3692,94613,1508,160738,3713,255351,California
San Joaquin,2021-04-18,2602,402728,1498,208096,1104,177663,0,16969,1382,94798,1203,161941,1388,256739,California
San Joaquin,2021-04-19,5331,408059,2838,210934,2492,180155,1,16970,2774,95064,2520,164461,2786,259525,California
San Joaquin,2021-04-20,6499,414558,3486,214420,3012,183167,1,16971,3052,94715,3412,167873,3063,262588,California
San Joaquin,2021-04-21,6053,420611,3446,217866,2607,185774,0,16971,3082,94896,2909,170782,3090,265678,California
San Joaquin,2021-04-22,5569,426180,3315,221181,2252,188026,2,16973,3149,95679,2385,173167,3168,268846,California
San Joaquin,2021-04-23,6216,432396,3033,224214,3182,191208,1,16974,3894,97285,2296,175463,3902,272748,California
San Joaquin,2021-04-24,5286,437682,3641,227855,1643,192851,2,16976,3436,98911,1821,177284,3447,276195,California
San Joaquin,2021-04-25,3084,440766,2598,230453,486,193337,0,16976,2049,99958,1008,178292,2055,278250,California
San Joaquin,2021-04-26,4243,445009,2740,233193,1499,194836,4,16980,2184,100113,2039,180331,2194,280444,California
San Joaquin,2021-04-27,4834,449843,2770,235963,2002,196838,62,17042,2040,99459,2764,183095,2110,282554,California
San Joaquin,2021-04-28,5872,455715,3520,239483,2272,199110,80,17122,2854,99423,2980,186075,2944,285498,California
San Joaquin,2021-04-29,5190,460905,3053,242536,2080,201190,57,17179,2627,99586,2532,188607,2695,288193,California
San Joaquin,2021-04-30,5251,466156,2592,245128,2592,203782,67,17246,2691,99818,2536,191143,2768,290961,California
San Joaquin,2021-05-01,3383,469539,1933,247061,1392,205174,58,17304,2154,100824,1218,192361,2224,293185,California
San Joaquin,2021-05-02,2312,471851,1609,248670,646,205820,57,17361,1170,100914,1138,193499,1228,294413,California
San Joaquin,2021-05-03,3421,475272,2289,250959,1052,206872,80,17441,1413,100424,1991,195490,1501,295914,California
San Joaquin,2021-05-04,5092,480364,3431,254390,1504,208376,157,17598,1857,99238,3211,198701,2025,297939,California
San Joaquin,2021-05-05,5376,485740,3722,258112,1490,209866,164,17762,2394,98856,2947,201648,2565,300504,California
San Joaquin,2021-05-06,4914,490654,3317,261429,1466,211332,131,17893,2139,98379,2758,204406,2281,302785,California
San Joaquin,2021-05-07,5351,496005,3144,264573,2055,213387,152,18045,2040,97296,3285,207691,2202,304987,California
San Joaquin,2021-05-08,3407,499412,2235,266808,1071,214458,101,18146,1286,96587,2105,209796,1396,306383,California
San Joaquin,2021-05-09,1519,500931,868,267676,581,215039,70,18216,575,96297,941,210737,651,307034,California
San Joaquin,2021-05-10,2946,503877,1562,269238,1259,216298,125,18341,946,95390,1983,212720,1076,308110,California
San Joaquin,2021-05-11,4276,508153,2233,271471,1920,218218,123,18464,1297,93880,2961,215681,1451,309561,California
San Joaquin,2021-05-12,4524,512677,2155,273626,2243,220461,126,18590,1398,92311,3104,218785,1535,311096,California
San Joaquin,2021-05-13,4894,517571,2881,276507,1923,222384,90,18680,1876,91289,3002,221787,1980,313076,California
San Joaquin,2021-05-14,5924,523495,3568,280075,2248,224632,108,18788,2439,90387,3455,225242,2553,315629,California
San Joaquin,2021-05-15,5267,528762,3141,283216,2045,226677,81,18869,1654,88544,3582,228824,1739,317368,California
San Joaquin,2021-05-16,3626,532388,2853,286069,724,227401,49,18918,1473,87935,2139,230963,1530,318898,California
San Joaquin,2021-05-17,4180,536568,2506,288575,1577,228978,97,19015,1793,87466,2369,233332,1900,320798,California
San Joaquin,2021-05-18,4010,540578,2320,290895,1575,230553,115,19130,1862,87316,2130,235462,1980,322778,California
San Joaquin,2021-05-19,4794,545372,2795,293690,1864,232417,135,19265,2025,86748,2738,238200,2170,324948,California
San Joaquin,2021-05-20,4016,549388,2406,296096,1505,233922,105,19370,1733,86332,2257,240457,1841,326789,California
San Joaquin,2021-05-21,5099,554487,2998,299094,1979,235901,122,19492,2309,86015,2758,243215,2441,329230,California
San Joaquin,2021-05-22,4067,558554,2552,301646,1420,237321,95,19587,1814,85697,2238,245453,1920,331150,California
San Joaquin,2021-05-23,2542,561096,2087,303733,411,237732,44,19631,1469,86153,1061,246514,1517,332667,California
San Joaquin,2021-05-24,3105,564201,1823,305556,1189,238921,93,19724,1449,86060,1640,248154,1547,334214,California
San Joaquin,2021-05-25,3138,567339,1954,307510,1036,239957,148,19872,1448,85988,1669,249823,1597,335811,California
San Joaquin,2021-05-26,3934,571273,2424,309934,1435,241392,75,19947,1599,85347,2318,252141,1677,337488,California
San Joaquin,2021-05-27,3149,574422,1717,311651,1347,242739,85,20032,1281,84864,1851,253992,1368,338856,California
San Joaquin,2021-05-28,3141,577563,1679,313330,1370,244109,92,20124,1454,84757,1662,255654,1555,340411,California
San Joaquin,2021-05-29,2151,579714,1189,314519,926,245035,36,20160,917,84485,1229,256883,957,341368,California
San Joaquin,2021-05-30,977,580691,523,315042,428,245463,26,20186,399,84341,572,257455,428,341796,California
San Joaquin,2021-05-31,621,581312,260,315302,354,245817,7,20193,235,84202,381,257836,242,342038,California
San Joaquin,2021-06-01,2480,583792,1496,316798,887,246704,97,20290,1180,84195,1290,259126,1283,343321,California
San Joaquin,2021-06-02,2738,586530,1619,318417,1065,247769,54,20344,1135,83800,1587,260713,1192,344513,California
San Joaquin,2021-06-03,2858,589388,1765,320182,1035,248804,58,20402,1058,83138,1782,262495,1120,345633,California
San Joaquin,2021-06-04,3157,592545,1938,322120,1114,249918,105,20507,1062,82239,2067,264562,1168,346801,California
San Joaquin,2021-06-05,2519,595064,1917,324037,536,250454,66,20573,1149,82180,1278,265840,1219,348020,California
San Joaquin,2021-06-06,1099,596163,884,324921,178,250632,37,20610,427,81992,653,266493,465,348485,California
San Joaquin,2021-06-07,2835,598998,2103,327024,691,251323,41,20651,974,81163,1853,268346,1024,349509,California
San Joaquin,2021-06-08,2776,601774,2104,329128,627,251950,45,20696,871,80194,1888,270234,919,350428,California
San Joaquin,2021-06-09,2869,604643,2001,331129,824,252774,44,20740,979,79346,1872,272106,1024,351452,California
San Joaquin,2021-06-10,2675,607318,1945,333074,664,253438,66,20806,1002,78750,1668,273774,1072,352524,California
San Joaquin,2021-06-11,2970,610288,2055,335129,798,254236,117,20923,971,77849,1990,275764,1089,353613,California
San Joaquin,2021-06-12,1862,612150,1402,336531,429,254665,31,20954,630,77306,1225,276989,682,354295,California
San Joaquin,2021-06-13,1076,613226,826,337357,202,254867,48,21002,497,77278,575,277564,547,354842,California
San Joaquin,2021-06-14,2217,615443,1490,338847,655,255522,72,21074,929,77004,1277,278841,1003,355845,California
San Joaquin,2021-06-15,2245,617688,1498,340345,670,256192,77,21151,870,76592,1362,280203,950,356795,California
San Joaquin,2021-06-16,2724,620412,1957,342302,685,256877,82,21233,906,75777,1802,282005,987,357782,California
San Joaquin,2021-06-17,2621,623033,1864,344166,694,257571,63,21296,888,75008,1720,283725,951,358733,California
San Joaquin,2021-06-18,2767,625800,1815,345981,876,258447,76,21372,1147,74625,1607,285332,1224,359957,California
San Joaquin,2021-06-19,1396,627196,869,346850,267,258714,260,21632,500,74497,889,286221,761,360718,California
San Joaquin,2021-06-20,655,627851,517,347367,112,258826,26,21658,290,74453,359,286580,315,361033,California
San Joaquin,2021-06-21,1619,629470,955,348322,555,259381,109,21767,818,74586,794,287374,927,361960,California
San Joaquin,2021-06-22,1895,631365,1249,349571,575,259956,71,21838,813,74397,1071,288445,882,362842,California
San Joaquin,2021-06-23,1971,633336,1296,350867,598,260554,77,21915,770,74062,1182,289627,847,363689,California
San Joaquin,2021-06-24,1972,635308,1343,352210,535,261089,94,22009,872,73988,1039,290666,965,364654,California
San Joaquin,2021-06-25,1722,637030,1100,353310,544,261633,78,22087,763,73878,951,291617,841,365495,California
San Joaquin,2021-06-26,1072,638102,802,354112,219,261852,51,22138,517,73896,551,292168,569,366064,California
San Joaquin,2021-06-27,569,638671,430,354542,99,261951,40,22178,264,73899,301,292469,304,366368,California
San Joaquin,2021-06-28,1449,640120,1021,355563,359,262310,69,22247,661,73872,757,293226,730,367098,California
San Joaquin,2021-06-29,1434,641554,905,356468,459,262769,70,22317,645,73805,781,294007,714,367812,California
San Joaquin,2021-06-30,1493,643047,1019,357487,404,263173,70,22387,634,73659,853,294860,707,368519,California
San Joaquin,2021-07-01,1523,644570,1053,358540,382,263555,88,22475,663,73557,851,295711,749,369268,California
San Joaquin,2021-07-02,1014,645584,714,359254,270,263825,30,22505,484,73546,526,296237,515,369783,California
San Luis Obispo,2020-12-16,4,4,4,4,0,0,0,0,4,4,0,0,4,4,California
San Luis Obispo,2020-12-17,196,200,196,200,0,0,0,0,196,200,0,0,196,200,California
San Luis Obispo,2020-12-18,224,424,224,424,0,0,0,0,224,424,0,0,224,424,California
San Luis Obispo,2020-12-19,164,588,164,588,0,0,0,0,164,588,0,0,164,588,California
San Luis Obispo,2020-12-20,215,803,215,803,0,0,0,0,215,803,0,0,215,803,California
San Luis Obispo,2020-12-21,550,1353,549,1352,1,1,0,0,550,1353,0,0,550,1353,California
San Luis Obispo,2020-12-22,309,1662,305,1657,4,5,0,0,309,1662,0,0,309,1662,California
San Luis Obispo,2020-12-23,681,2343,367,2024,314,319,0,0,681,2343,0,0,681,2343,California
San Luis Obispo,2020-12-24,194,2537,19,2043,175,494,0,0,194,2537,0,0,194,2537,California
San Luis Obispo,2020-12-25,2,2539,1,2044,1,495,0,0,2,2539,0,0,2,2539,California
San Luis Obispo,2020-12-26,90,2629,13,2057,77,572,0,0,90,2629,0,0,90,2629,California
San Luis Obispo,2020-12-27,76,2705,0,2057,76,648,0,0,76,2705,0,0,76,2705,California
San Luis Obispo,2020-12-28,878,3583,429,2486,449,1097,0,0,878,3583,0,0,878,3583,California
San Luis Obispo,2020-12-29,904,4487,505,2991,399,1496,0,0,904,4487,0,0,904,4487,California
San Luis Obispo,2020-12-30,1172,5659,679,3670,493,1989,0,0,1172,5659,0,0,1172,5659,California
San Luis Obispo,2020-12-31,109,5768,4,3674,105,2094,0,0,109,5768,0,0,109,5768,California
San Luis Obispo,2021-01-01,18,5786,11,3685,7,2101,0,0,18,5786,0,0,18,5786,California
San Luis Obispo,2021-01-02,34,5820,8,3693,26,2127,0,0,34,5820,0,0,34,5820,California
San Luis Obispo,2021-01-03,17,5837,6,3699,11,2138,0,0,17,5837,0,0,17,5837,California
San Luis Obispo,2021-01-04,681,6518,525,4224,156,2294,0,0,681,6518,0,0,681,6518,California
San Luis Obispo,2021-01-05,975,7493,755,4979,220,2514,0,0,972,7487,3,3,972,7490,California
San Luis Obispo,2021-01-06,728,8221,481,5460,247,2761,0,0,720,8200,7,10,720,8210,California
San Luis Obispo,2021-01-07,1122,9343,946,6406,176,2937,0,0,679,8436,443,453,679,8889,California
San Luis Obispo,2021-01-08,885,10228,804,7210,81,3018,0,0,516,8584,368,821,516,9405,California
San Luis Obispo,2021-01-09,205,10433,195,7405,10,3028,0,0,28,8435,177,998,28,9433,California
San Luis Obispo,2021-01-10,12,10445,8,7413,4,3032,0,0,8,8439,4,1002,8,9441,California
San Luis Obispo,2021-01-11,562,11007,511,7924,51,3083,0,0,298,8474,263,1265,298,9739,California
San Luis Obispo,2021-01-12,600,11607,382,8306,218,3301,0,0,319,8512,281,1546,319,10058,California
San Luis Obispo,2021-01-13,888,12495,260,8566,628,3929,0,0,650,8926,236,1782,650,10708,California
San Luis Obispo,2021-01-14,727,13222,239,8805,488,4417,0,0,605,9418,113,1895,605,11313,California
San Luis Obispo,2021-01-15,734,13956,293,9098,441,4858,0,0,555,9799,174,2069,555,11868,California
San Luis Obispo,2021-01-16,102,14058,82,9180,20,4878,0,0,96,9889,6,2075,96,11964,California
San Luis Obispo,2021-01-17,63,14121,56,9236,7,4885,0,0,63,9952,0,2075,63,12027,California
San Luis Obispo,2021-01-18,1372,15493,391,9627,981,5866,0,0,1108,10796,264,2339,1108,13135,California
San Luis Obispo,2021-01-19,1585,17078,418,10045,1167,7033,0,0,1174,11560,411,2750,1175,14310,California
San Luis Obispo,2021-01-20,1894,18972,602,10647,1292,8325,0,0,1301,12271,591,3341,1302,15612,California
San Luis Obispo,2021-01-21,1579,20551,470,11117,1109,9434,0,0,1207,13111,368,3709,1208,16820,California
San Luis Obispo,2021-01-22,1523,22074,508,11625,1015,10449,0,0,1207,14004,314,4023,1207,18027,California
San Luis Obispo,2021-01-23,309,22383,290,11915,19,10468,0,0,293,14281,16,4039,293,18320,California
San Luis Obispo,2021-01-24,441,22824,233,12148,208,10676,0,0,435,14709,7,4046,435,18755,California
San Luis Obispo,2021-01-25,2074,24898,601,12749,1473,12149,0,0,1244,15123,830,4876,1244,19999,California
San Luis Obispo,2021-01-26,2004,26902,705,13454,1299,13448,0,0,1140,15399,864,5740,1140,21139,California
San Luis Obispo,2021-01-27,1608,28510,280,13734,1328,14776,0,0,1149,16089,459,6199,1149,22288,California
San Luis Obispo,2021-01-28,1495,30005,342,14076,1153,15929,0,0,1231,17058,262,6461,1231,23519,California
San Luis Obispo,2021-01-29,1748,31753,690,14766,1058,16987,0,0,1457,18224,291,6752,1457,24976,California
San Luis Obispo,2021-01-30,41,31794,19,14785,22,17009,0,0,29,18242,11,6763,29,25005,California
San Luis Obispo,2021-01-31,235,32029,19,14804,216,17225,0,0,233,18473,2,6765,233,25238,California
San Luis Obispo,2021-02-01,1711,33740,742,15546,969,18194,0,0,1405,19573,305,7070,1405,26643,California
San Luis Obispo,2021-02-02,1904,35644,679,16225,1225,19419,0,0,1526,20722,378,7448,1527,28170,California
San Luis Obispo,2021-02-03,1711,37355,728,16953,983,20402,0,0,1294,21599,417,7865,1294,29464,California
San Luis Obispo,2021-02-04,1664,39019,804,17757,860,21262,0,0,1097,22129,567,8432,1097,30561,California
San Luis Obispo,2021-02-05,1612,40631,718,18475,894,22156,0,0,1065,22647,548,8980,1066,31627,California
San Luis Obispo,2021-02-06,179,40810,108,18583,71,22227,0,0,98,22665,80,9060,98,31725,California
San Luis Obispo,2021-02-07,124,40934,79,18662,45,22272,0,0,72,22686,52,9112,73,31798,California
San Luis Obispo,2021-02-08,866,41800,473,19135,393,22665,0,0,501,22823,364,9476,501,32299,California
San Luis Obispo,2021-02-09,1127,42927,448,19583,679,23344,0,0,545,22799,576,10052,552,32851,California
San Luis Obispo,2021-02-10,1443,44370,493,20076,950,24294,0,0,528,22417,913,10965,531,33382,California
San Luis Obispo,2021-02-11,1336,45706,846,20922,490,24784,0,0,660,22403,674,11639,660,34042,California
San Luis Obispo,2021-02-12,781,46487,361,21283,420,25204,0,0,415,22452,366,12005,415,34457,California
San Luis Obispo,2021-02-13,395,46882,131,21414,264,25468,0,0,287,22632,107,12112,287,34744,California
San Luis Obispo,2021-02-14,323,47205,44,21458,279,25747,0,0,284,22878,39,12151,285,35029,California
San Luis Obispo,2021-02-15,730,47935,138,21596,592,26339,0,0,475,23099,254,12405,475,35504,California
San Luis Obispo,2021-02-16,2991,50926,1198,22794,1793,28132,0,0,1366,22840,1625,14030,1366,36870,California
San Luis Obispo,2021-02-17,2796,53722,1248,24042,1548,29680,0,0,1027,22107,1760,15790,1027,37897,California
San Luis Obispo,2021-02-18,2843,56565,1469,25511,1374,31054,0,0,1136,21546,1698,17488,1137,39034,California
San Luis Obispo,2021-02-19,1476,58041,1353,26864,123,31177,0,0,1142,22356,332,17820,1142,40176,California
San Luis Obispo,2021-02-20,261,58302,88,26952,173,31350,0,0,222,22539,39,17859,222,40398,California
San Luis Obispo,2021-02-21,57,58359,53,27005,4,31354,0,0,32,22546,25,17884,32,40430,California
San Luis Obispo,2021-02-22,2431,60790,1880,28885,551,31905,0,0,1471,23060,958,18842,1472,41902,California
San Luis Obispo,2021-02-23,1866,62656,1750,30635,116,32021,0,0,1366,23929,498,19340,1367,43269,California
San Luis Obispo,2021-02-24,2660,65316,1308,31943,1352,33373,0,0,836,22944,1821,21161,836,44105,California
San Luis Obispo,2021-02-25,2134,67450,1244,33187,890,34263,0,0,1208,23234,919,22080,1209,45314,California
San Luis Obispo,2021-02-26,2651,70101,1150,34337,1501,35764,0,0,1330,23253,1311,23391,1330,46644,California
San Luis Obispo,2021-02-27,585,70686,354,34691,231,35995,0,0,528,23725,56,23447,528,47172,California
San Luis Obispo,2021-02-28,594,71280,67,34758,527,36522,0,0,163,23459,429,23876,163,47335,California
San Luis Obispo,2021-03-01,3011,74291,1879,36637,1130,37652,2,2,2078,24607,933,24809,2081,49416,California
San Luis Obispo,2021-03-02,3064,77355,1921,38558,1143,38795,0,2,1903,25355,1156,25965,1904,51320,California
San Luis Obispo,2021-03-03,2351,79706,345,38903,2006,40801,0,2,856,24723,1489,27454,857,52177,California
San Luis Obispo,2021-03-04,2205,81911,1161,40064,1044,41845,0,2,1185,24893,1017,28471,1187,53364,California
San Luis Obispo,2021-03-05,2304,84215,1021,41085,1213,43058,70,72,1296,25265,994,29465,1366,54730,California
San Luis Obispo,2021-03-06,841,85056,312,41397,421,43479,108,180,618,25762,223,29688,720,55450,California
San Luis Obispo,2021-03-07,202,85258,34,41431,84,43563,84,264,77,25796,124,29812,158,55608,California
San Luis Obispo,2021-03-08,2738,87996,759,42190,1661,45224,318,582,1542,26464,1191,31003,1859,57467,California
San Luis Obispo,2021-03-09,2965,90961,975,43165,1742,46966,248,830,1534,26820,1427,32430,1783,59250,California
San Luis Obispo,2021-03-10,3202,94163,1241,44406,1679,48645,282,1112,1823,27548,1375,33805,2103,61353,California
San Luis Obispo,2021-03-11,3354,97517,1323,45729,1708,50353,323,1435,1811,28152,1531,35336,2135,63488,California
San Luis Obispo,2021-03-12,3220,100737,1240,46969,1642,51995,338,1773,1625,28528,1588,36924,1964,65452,California
San Luis Obispo,2021-03-13,912,101649,263,47232,539,52534,110,1883,542,28808,369,37293,649,66101,California
San Luis Obispo,2021-03-14,518,102167,56,47288,351,52885,111,1994,136,28675,380,37673,247,66348,California
San Luis Obispo,2021-03-15,3069,105236,1104,48392,1864,54749,101,2095,1530,28773,1536,39209,1634,67982,California
San Luis Obispo,2021-03-16,2858,108094,1510,49902,1238,55987,110,2205,1442,28914,1409,40618,1550,69532,California
San Luis Obispo,2021-03-17,3460,111554,1447,51349,1751,57738,262,2467,2007,29742,1440,42058,2268,71800,California
San Luis Obispo,2021-03-18,2834,114388,1450,52799,1170,58908,214,2681,1358,29843,1469,43527,1570,73370,California
San Luis Obispo,2021-03-19,2600,116988,1573,54372,705,59613,322,3003,964,29505,1626,45153,1288,74658,California
San Luis Obispo,2021-03-20,842,117830,502,54874,303,59916,37,3040,386,29473,455,45608,423,75081,California
San Luis Obispo,2021-03-21,190,118020,45,54919,141,60057,4,3044,160,29607,29,45637,163,75244,California
San Luis Obispo,2021-03-22,2763,120783,1176,56095,1539,61596,48,3092,1928,30752,831,46468,1976,77220,California
San Luis Obispo,2021-03-23,3353,124136,2231,58326,1093,62689,29,3121,2225,31883,1123,47591,2254,79474,California
San Luis Obispo,2021-03-24,3587,127723,2197,60523,1305,63994,85,3206,2674,33734,907,48498,2758,82232,California
San Luis Obispo,2021-03-25,3730,131453,2339,62862,1379,65373,12,3218,2673,35366,1052,49550,2684,84916,California
San Luis Obispo,2021-03-26,3336,134789,1816,64678,1048,66421,472,3690,1861,36230,1469,51019,2333,87249,California
San Luis Obispo,2021-03-27,1006,135795,508,65186,407,66828,91,3781,452,36221,552,51571,543,87792,California
San Luis Obispo,2021-03-28,621,136416,155,65341,410,67238,56,3837,417,36492,203,51774,474,88266,California
San Luis Obispo,2021-03-29,2635,139051,1323,66664,1179,68417,133,3970,1684,37375,935,52709,1818,90084,California
San Luis Obispo,2021-03-30,3540,142591,1943,68607,1456,69873,141,4111,2344,38670,1189,53898,2484,92568,California
San Luis Obispo,2021-03-31,3900,146491,2481,71088,1270,71143,149,4260,2507,39942,1382,55280,2654,95222,California
San Luis Obispo,2021-04-01,3916,150407,2485,73573,1313,72456,118,4378,2724,41607,1175,56455,2840,98062,California
San Luis Obispo,2021-04-02,1759,152166,691,74264,753,73209,315,4693,956,42076,800,57255,1269,99331,California
San Luis Obispo,2021-04-03,1113,153279,556,74820,430,73639,127,4820,494,42083,614,57869,621,99952,California
San Luis Obispo,2021-04-04,388,153667,134,74954,214,73853,40,4860,241,42217,147,58016,281,100233,California
San Luis Obispo,2021-04-05,3644,157311,1946,76900,1585,75438,113,4973,2040,42769,1600,59616,2152,102385,California
San Luis Obispo,2021-04-06,4175,161486,2209,79109,1642,77080,324,5297,1988,42902,2178,61794,2311,104696,California
San Luis Obispo,2021-04-07,4320,165806,2351,81460,1602,78682,367,5664,2475,43911,1829,63623,2838,107534,California
San Luis Obispo,2021-04-08,3999,169805,2193,83653,1398,80080,408,6072,2136,44601,1854,65477,2544,110078,California
San Luis Obispo,2021-04-09,3687,173492,1754,85407,1172,81252,761,6833,1506,44693,2169,67646,2261,112339,California
San Luis Obispo,2021-04-10,1701,175193,571,85978,460,81712,670,7503,501,44663,1197,68843,1167,113506,California
San Luis Obispo,2021-04-11,317,175510,64,86042,186,81898,67,7570,126,44667,189,69032,193,113699,California
San Luis Obispo,2021-04-12,3430,178940,1722,87764,1545,83443,163,7733,1418,44237,2010,71042,1580,115279,California
San Luis Obispo,2021-04-13,3760,182700,2172,89936,1587,85030,1,7734,2009,44500,1748,72790,2011,117290,California
San Luis Obispo,2021-04-14,3605,186305,2064,92000,1536,86566,5,7739,1758,44433,1829,74619,1762,119052,California
San Luis Obispo,2021-04-15,3793,190098,2470,94470,1322,87888,1,7740,2020,44704,1751,76370,2022,121074,California
San Luis Obispo,2021-04-16,3681,193779,2245,96715,1432,89320,4,7744,1770,44575,1901,78271,1772,122846,California
San Luis Obispo,2021-04-17,1096,194875,434,97149,660,89980,2,7746,712,44906,383,78654,714,123560,California
San Luis Obispo,2021-04-18,328,195203,104,97253,223,90203,1,7747,115,44812,209,78863,115,123675,California
San Luis Obispo,2021-04-19,3214,198417,1356,98609,1820,92023,38,7785,1102,43847,2106,80969,1141,124816,California
San Luis Obispo,2021-04-20,3658,202075,2031,100640,1627,93650,0,7785,1340,42880,2307,83276,1340,126156,California
San Luis Obispo,2021-04-21,4005,206080,1848,102488,2157,95807,0,7785,1605,42109,2379,85655,1608,127764,California
San Luis Obispo,2021-04-22,4637,210717,2081,104569,2556,98363,0,7785,1412,40318,3205,88860,1414,129178,California
San Luis Obispo,2021-04-23,1442,212159,837,105406,601,98964,4,7789,722,40329,716,89576,727,129905,California
San Luis Obispo,2021-04-24,1082,213241,439,105845,624,99588,19,7808,507,40273,582,90158,526,130431,California
San Luis Obispo,2021-04-25,518,213759,163,106008,355,99943,0,7808,114,39988,399,90557,114,130545,California
San Luis Obispo,2021-04-26,1085,214844,396,106404,671,100614,18,7826,399,39730,674,91231,416,130961,California
San Luis Obispo,2021-04-27,3928,218772,1994,108398,1855,102469,79,7905,1528,38944,2392,93623,1606,132567,California
San Luis Obispo,2021-04-28,3821,222593,2109,110507,1640,104109,72,7977,1338,37883,2471,96094,1410,133977,California
San Luis Obispo,2021-04-29,3733,226326,2128,112635,1538,105647,67,8044,1248,36731,2468,98562,1316,135293,California
San Luis Obispo,2021-04-30,3004,229330,1686,114321,1244,106891,74,8118,916,35654,2066,100628,989,136282,California
San Luis Obispo,2021-05-01,478,229808,164,114485,279,107170,35,8153,103,35420,371,100999,137,136419,California
San Luis Obispo,2021-05-02,172,229980,53,114538,99,107269,20,8173,43,35354,129,101128,63,136482,California
San Luis Obispo,2021-05-03,891,230871,286,114824,494,107763,111,8284,223,35020,666,101794,332,136814,California
San Luis Obispo,2021-05-04,2977,233848,1923,116747,983,108746,71,8355,874,33866,2096,103890,942,137756,California
San Luis Obispo,2021-05-05,2862,236710,1878,118625,917,109663,67,8422,675,32434,2174,106064,742,138498,California
San Luis Obispo,2021-05-06,2846,239556,1915,120540,867,110530,64,8486,722,31115,2105,108169,786,139284,California
San Luis Obispo,2021-05-07,2366,241922,1775,122315,523,111053,68,8554,597,30031,1750,109919,666,139950,California
San Luis Obispo,2021-05-08,606,242528,343,122658,239,111292,24,8578,204,29876,383,110302,228,140178,California
San Luis Obispo,2021-05-09,165,242693,42,122700,104,111396,19,8597,45,29821,119,110421,64,140242,California
San Luis Obispo,2021-05-10,733,243426,158,122858,523,111919,52,8649,157,29457,571,110992,207,140449,California
San Luis Obispo,2021-05-11,1218,244644,598,123456,545,112464,75,8724,382,29084,830,111822,457,140906,California
San Luis Obispo,2021-05-12,2511,247155,1612,125068,816,113280,83,8807,693,28059,1801,113623,776,141682,California
San Luis Obispo,2021-05-13,1185,248340,717,125785,406,113686,62,8869,488,27917,691,114314,549,142231,California
San Luis Obispo,2021-05-14,2270,250610,1649,127434,569,114255,52,8921,936,27588,1316,115630,987,143218,California
San Luis Obispo,2021-05-15,988,251598,455,127889,499,114754,34,8955,462,27562,523,116153,497,143715,California
San Luis Obispo,2021-05-16,310,251908,166,128055,138,114892,6,8961,176,27611,133,116286,182,143897,California
San Luis Obispo,2021-05-17,1689,253597,978,129033,651,115543,60,9021,669,27330,1011,117297,730,144627,California
San Luis Obispo,2021-05-18,1908,255505,1161,130194,714,116257,33,9054,723,26908,1179,118476,757,145384,California
San Luis Obispo,2021-05-19,1460,256965,624,130818,773,117030,63,9117,405,26327,1048,119524,467,145851,California
San Luis Obispo,2021-05-20,1148,258113,498,131316,613,117643,37,9154,338,25903,799,120323,375,146226,California
San Luis Obispo,2021-05-21,1110,259223,573,131889,492,118135,45,9199,510,25868,590,120913,555,146781,California
San Luis Obispo,2021-05-22,682,259905,325,132214,334,118469,23,9222,340,25896,335,121248,363,147144,California
San Luis Obispo,2021-05-23,147,260052,69,132283,72,118541,6,9228,52,25860,94,121342,58,147202,California
San Luis Obispo,2021-05-24,569,260621,262,132545,267,118808,40,9268,200,25734,366,121708,240,147442,California
San Luis Obispo,2021-05-25,881,261502,429,132974,424,119232,28,9296,345,25578,528,122236,372,147814,California
San Luis Obispo,2021-05-26,2145,263647,993,133967,1097,120329,55,9351,664,24822,1474,123710,718,148532,California
San Luis Obispo,2021-05-27,1882,265529,668,134635,1182,121511,32,9383,491,23959,1385,125095,522,149054,California
San Luis Obispo,2021-05-28,921,266450,468,135103,426,121937,27,9410,482,24031,437,125532,509,149563,California
San Luis Obispo,2021-05-29,378,266828,153,135256,214,122151,11,9421,208,24082,169,125701,220,149783,California
San Luis Obispo,2021-05-30,88,266916,35,135291,45,122196,8,9429,34,24070,53,125754,41,149824,California
San Luis Obispo,2021-05-31,41,266957,5,135296,23,122219,13,9442,16,24074,24,125778,28,149852,California
San Luis Obispo,2021-06-01,756,267713,325,135621,400,122619,31,9473,270,23893,482,126260,301,150153,California
San Luis Obispo,2021-06-02,640,268353,287,135908,311,122930,42,9515,184,23669,449,126709,225,150378,California
San Luis Obispo,2021-06-03,917,269270,454,136362,431,123361,32,9547,253,23292,662,127371,285,150663,California
San Luis Obispo,2021-06-04,2486,271756,1526,137888,918,124279,42,9589,706,22271,1767,129138,746,151409,California
San Luis Obispo,2021-06-05,660,272416,288,138176,352,124631,20,9609,317,22266,342,129480,337,151746,California
San Luis Obispo,2021-06-06,186,272602,132,138308,45,124676,9,9618,47,22183,139,129619,56,151802,California
San Luis Obispo,2021-06-07,547,273149,358,138666,148,124824,41,9659,154,21987,391,130010,195,151997,California
San Luis Obispo,2021-06-08,808,273957,524,139190,243,125067,41,9700,243,21710,561,130571,284,152281,California
San Luis Obispo,2021-06-09,639,274596,355,139545,253,125320,31,9731,187,21479,449,131020,218,152499,California
San Luis Obispo,2021-06-10,754,275350,363,139908,352,125672,39,9770,220,21206,532,131552,259,152758,California
San Luis Obispo,2021-06-11,937,276287,540,140448,361,126033,36,9806,339,20988,594,132146,376,153134,California
San Luis Obispo,2021-06-12,392,276679,268,140716,121,126154,3,9809,167,20934,224,132370,170,153304,California
San Luis Obispo,2021-06-13,161,276840,92,140808,66,126220,3,9812,43,20863,117,132487,46,153350,California
San Luis Obispo,2021-06-14,455,277295,298,141106,126,126346,31,9843,129,20698,323,132810,158,153508,California
San Luis Obispo,2021-06-15,640,277935,397,141503,205,126551,38,9881,237,20573,399,133209,274,153782,California
San Luis Obispo,2021-06-16,625,278560,365,141868,225,126776,35,9916,180,20349,438,133647,214,153996,California
San Luis Obispo,2021-06-17,597,279157,340,142208,231,127007,26,9942,196,20171,400,134047,222,154218,California
San Luis Obispo,2021-06-18,789,279946,506,142714,237,127244,46,9988,279,19991,506,134553,326,154544,California
San Luis Obispo,2021-06-19,266,280212,151,142865,101,127345,14,10002,100,19941,164,134717,114,154658,California
San Luis Obispo,2021-06-20,110,280322,73,142938,29,127374,8,10010,45,19930,64,134781,53,154711,California
San Luis Obispo,2021-06-21,351,280673,222,143160,103,127477,26,10036,154,19915,195,134976,180,154891,California
San Luis Obispo,2021-06-22,622,281295,363,143523,227,127704,32,10068,277,19881,343,135319,309,155200,California
San Luis Obispo,2021-06-23,495,281790,272,143795,203,127907,20,10088,238,19882,257,135576,258,155458,California
San Luis Obispo,2021-06-24,468,282258,262,144057,180,128087,26,10114,204,19852,260,135836,230,155688,California
San Luis Obispo,2021-06-25,527,282785,212,144269,293,128380,22,10136,210,19771,311,136147,230,155918,California
San Luis Obispo,2021-06-26,272,283057,147,144416,107,128487,18,10154,119,19754,153,136300,136,156054,California
San Luis Obispo,2021-06-27,146,283203,94,144510,47,128534,5,10159,76,19766,69,136369,81,156135,California
San Luis Obispo,2021-06-28,341,283544,245,144755,80,128614,16,10175,130,19703,208,136577,145,156280,California
San Luis Obispo,2021-06-29,483,284027,315,145070,152,128766,16,10191,204,19649,274,136851,220,156500,California
San Luis Obispo,2021-06-30,439,284466,243,145313,158,128924,38,10229,163,19575,274,137125,200,156700,California
San Luis Obispo,2021-07-01,460,284926,307,145620,138,129062,15,10244,208,19548,250,137375,223,156923,California
San Luis Obispo,2021-07-02,273,285199,132,145752,133,129195,8,10252,110,19506,160,137535,118,157041,California
San Mateo,2020-12-15,27,27,27,27,0,0,0,0,27,27,0,0,27,27,California
San Mateo,2020-12-16,113,140,113,140,0,0,0,0,113,140,0,0,113,140,California
San Mateo,2020-12-17,172,312,172,312,0,0,0,0,172,312,0,0,172,312,California
San Mateo,2020-12-18,776,1088,774,1086,2,2,0,0,776,1088,0,0,776,1088,California
San Mateo,2020-12-19,517,1605,517,1603,0,2,0,0,517,1605,0,0,517,1605,California
San Mateo,2020-12-20,504,2109,503,2106,1,3,0,0,504,2109,0,0,504,2109,California
San Mateo,2020-12-21,1145,3254,1144,3250,1,4,0,0,1145,3254,0,0,1145,3254,California
San Mateo,2020-12-22,1522,4776,1514,4764,8,12,0,0,1521,4774,1,1,1521,4775,California
San Mateo,2020-12-23,1568,6344,1378,6142,190,202,0,0,1568,6342,0,1,1568,6343,California
San Mateo,2020-12-24,870,7214,612,6754,258,460,0,0,870,7212,0,1,870,7213,California
San Mateo,2020-12-25,113,7327,109,6863,4,464,0,0,113,7325,0,1,113,7326,California
San Mateo,2020-12-26,559,7886,417,7280,142,606,0,0,559,7884,0,1,559,7885,California
San Mateo,2020-12-27,303,8189,172,7452,131,737,0,0,303,8187,0,1,303,8188,California
San Mateo,2020-12-28,1060,9249,710,8162,350,1087,0,0,1060,9247,0,1,1060,9248,California
San Mateo,2020-12-29,1138,10387,715,8877,423,1510,0,0,1138,10385,0,1,1138,10386,California
San Mateo,2020-12-30,1267,11654,764,9641,503,2013,0,0,1267,11652,0,1,1267,11653,California
San Mateo,2020-12-31,706,12360,228,9869,478,2491,0,0,705,12356,1,2,705,12358,California
San Mateo,2021-01-01,111,12471,75,9944,36,2527,0,0,111,12467,0,2,111,12469,California
San Mateo,2021-01-02,399,12870,273,10217,126,2653,0,0,399,12866,0,2,399,12868,California
San Mateo,2021-01-03,284,13154,209,10426,75,2728,0,0,281,13144,3,5,281,13149,California
San Mateo,2021-01-04,1053,14207,679,11105,374,3102,0,0,1053,14197,0,5,1053,14202,California
San Mateo,2021-01-05,1217,15424,715,11820,502,3604,0,0,1184,15349,33,38,1185,15387,California
San Mateo,2021-01-06,1458,16882,958,12778,500,4104,0,0,1263,16421,192,230,1264,16651,California
San Mateo,2021-01-07,1463,18345,816,13594,647,4751,0,0,1154,17273,302,532,1154,17805,California
San Mateo,2021-01-08,1852,20197,1199,14793,653,5404,0,0,1138,17704,707,1239,1138,18943,California
San Mateo,2021-01-09,1178,21375,780,15573,398,5802,0,0,716,17958,462,1701,716,19659,California
San Mateo,2021-01-10,711,22086,580,16153,131,5933,0,0,270,17787,441,2142,270,19929,California
San Mateo,2021-01-11,2620,24706,1512,17665,1108,7041,0,0,1541,18251,1079,3221,1543,21472,California
San Mateo,2021-01-12,3457,28163,1939,19604,1518,8559,0,0,2231,19269,1217,4438,2235,23707,California
San Mateo,2021-01-13,3416,31579,1671,21275,1745,10304,0,0,2366,20587,1050,5488,2368,26075,California
San Mateo,2021-01-14,3807,35386,1611,22886,2196,12500,0,0,3107,22999,700,6188,3112,29187,California
San Mateo,2021-01-15,4351,39737,1736,24622,2615,15115,0,0,3802,26256,547,6735,3804,32991,California
San Mateo,2021-01-16,3090,42827,770,25392,2320,17435,0,0,2759,28687,329,7064,2760,35751,California
San Mateo,2021-01-17,1314,44141,305,25697,1009,18444,0,0,1109,29591,205,7269,1109,36860,California
San Mateo,2021-01-18,1371,45512,544,26241,827,19271,0,0,989,30201,379,7648,989,37849,California
San Mateo,2021-01-19,2808,48320,1797,28038,1011,20282,0,0,2004,31404,801,8449,2004,39853,California
San Mateo,2021-01-20,2990,51310,1728,29766,1262,21544,0,0,2138,32694,849,9298,2139,41992,California
San Mateo,2021-01-21,2933,54243,1359,31125,1574,23118,0,0,2332,34431,598,9896,2335,44327,California
San Mateo,2021-01-22,2835,57078,1146,32271,1689,24807,0,0,2529,36659,302,10198,2530,46857,California
San Mateo,2021-01-23,2887,59965,1681,33952,1206,26013,0,0,2524,38821,363,10561,2525,49382,California
San Mateo,2021-01-24,1517,61482,374,34326,1143,27156,0,0,1206,39718,310,10871,1207,50589,California
San Mateo,2021-01-25,4425,65907,3146,37472,1279,28435,0,0,3518,42337,903,11774,3522,54111,California
San Mateo,2021-01-26,4359,70266,3012,40484,1347,29782,0,0,3423,44827,934,12708,3424,57535,California
San Mateo,2021-01-27,2830,73096,1475,41959,1355,31137,0,0,1820,45644,1004,13712,1821,59356,California
San Mateo,2021-01-28,2826,75922,1373,43332,1453,32590,0,0,1973,46780,837,14549,1973,61329,California
San Mateo,2021-01-29,3022,78944,1356,44688,1666,34256,0,0,2173,48108,847,15396,2175,63504,California
San Mateo,2021-01-30,3422,82366,1489,46177,1933,36189,0,0,2957,50603,463,15859,2958,66462,California
San Mateo,2021-01-31,1692,84058,897,47074,795,36984,0,0,1529,51971,161,16020,1529,67991,California
San Mateo,2021-02-01,2966,87024,1370,48444,1596,38580,0,0,2232,53474,730,16750,2233,70224,California
San Mateo,2021-02-02,3261,90285,1754,50198,1507,40087,0,0,2211,54638,1047,17797,2211,72435,California
San Mateo,2021-02-03,5031,95316,2073,52271,2958,43045,0,0,3883,57377,1145,18942,3884,76319,California
San Mateo,2021-02-04,6260,101576,2519,54790,3741,46786,0,0,4975,61078,1278,20220,4979,81298,California
San Mateo,2021-02-05,6846,108422,2560,57350,4286,51072,0,0,5004,64258,1824,22044,5004,86302,California
San Mateo,2021-02-06,3284,111706,1912,59262,1372,52444,0,0,2626,66233,653,22697,2628,88930,California
San Mateo,2021-02-07,1906,113612,1348,60610,558,53002,0,0,1712,67753,192,22889,1712,90642,California
San Mateo,2021-02-08,5309,118921,2267,62877,3042,56044,0,0,3129,68766,2116,25005,3129,93771,California
San Mateo,2021-02-09,6190,125111,3204,66081,2986,59030,0,0,3324,69233,2857,27862,3324,97095,California
San Mateo,2021-02-10,6544,131655,3287,69368,3257,62287,0,0,3276,69260,3249,31111,3276,100371,California
San Mateo,2021-02-11,7102,138757,3597,72965,3505,65792,0,0,3773,69714,3321,34432,3775,104146,California
San Mateo,2021-02-12,6690,145447,2997,75962,3693,69485,0,0,4727,72484,1959,36391,4729,108875,California
San Mateo,2021-02-13,6223,151670,4110,80072,2113,71598,0,0,2647,71561,3570,39961,2647,111522,California
San Mateo,2021-02-14,4746,156416,3114,83186,1632,73230,0,0,1986,70796,2752,42713,1987,113509,California
San Mateo,2021-02-15,3184,159600,1460,84646,1724,74954,0,0,1795,71210,1382,44095,1796,115305,California
San Mateo,2021-02-16,7201,166801,1906,86552,5295,80249,0,0,5304,74621,1895,45990,5306,120611,California
San Mateo,2021-02-17,7123,173924,1986,88538,5137,85386,0,0,5053,77611,2064,48054,5054,125665,California
San Mateo,2021-02-18,6827,180751,4722,93260,2105,87491,0,0,4541,79874,2281,50335,4544,130209,California
San Mateo,2021-02-19,7911,188662,5659,98919,2252,89743,0,0,5857,83686,2045,52380,5857,136066,California
San Mateo,2021-02-20,3827,192489,2472,101391,1355,91098,0,0,2351,84570,1468,53848,2352,138418,California
San Mateo,2021-02-21,2697,195186,1822,103213,875,91973,0,0,1600,85081,1090,54938,1601,140019,California
San Mateo,2021-02-22,4622,199808,3352,106565,1270,93243,0,0,2900,86268,1714,56652,2901,142920,California
San Mateo,2021-02-23,4480,204288,3197,109762,1283,94526,0,0,2597,86994,1871,58523,2597,145517,California
San Mateo,2021-02-24,7441,211729,3352,113114,4089,98615,0,0,4918,89400,2513,61036,4919,150436,California
San Mateo,2021-02-25,9324,221053,4155,117269,5169,103784,0,0,6142,92378,3165,64201,6143,156579,California
San Mateo,2021-02-26,10063,231116,3880,121149,6183,109967,0,0,6969,96271,3078,67279,6971,163550,California
San Mateo,2021-02-27,6910,238026,3566,124715,3343,113310,1,1,3760,96897,3141,70420,3767,167317,California
San Mateo,2021-02-28,4465,242491,2756,127471,1709,115019,0,1,2681,97805,1774,72194,2682,169999,California
San Mateo,2021-03-01,6044,248535,3806,131277,2234,117253,4,5,2985,97752,3044,75238,2991,172990,California
San Mateo,2021-03-02,6283,254818,4463,135740,1819,119072,1,6,3614,98707,2661,77899,3616,176606,California
San Mateo,2021-03-03,8557,263375,4040,139780,4515,123587,2,8,3708,97584,4833,82732,3710,180316,California
San Mateo,2021-03-04,8586,271961,4023,143803,4559,128146,4,12,3879,96785,4684,87416,3885,184201,California
San Mateo,2021-03-05,9402,281363,6261,150064,3137,131283,4,16,6583,100578,2797,90213,6590,190791,California
San Mateo,2021-03-06,8001,289364,5561,155625,2263,133546,177,193,5867,104499,2122,92335,6043,196834,California
San Mateo,2021-03-07,3632,292996,2456,158081,1105,134651,71,264,2144,105232,1484,93819,2217,199051,California
San Mateo,2021-03-08,4553,297549,2576,160657,1757,136408,220,484,3328,107560,1218,95037,3546,202597,California
San Mateo,2021-03-09,5358,302907,2870,163527,2212,138620,276,760,3730,109944,1616,96653,4000,206597,California
San Mateo,2021-03-10,7281,310188,2954,166481,4040,142660,287,1047,4845,112653,2420,99073,5129,211726,California
San Mateo,2021-03-11,9197,319385,5768,172249,3038,145698,391,1438,3669,111215,5494,104567,4056,215782,California
San Mateo,2021-03-12,10648,330033,6707,178956,3555,149253,386,1824,3581,108137,7043,111610,3965,219747,California
San Mateo,2021-03-13,8263,338296,3535,182491,3092,152345,1636,3460,3997,109502,4250,115860,5615,225362,California
San Mateo,2021-03-14,5029,343325,3395,185886,1525,153870,109,3569,2658,109905,2363,118223,2766,228128,California
San Mateo,2021-03-15,7246,350571,4680,190566,2388,156258,178,3747,3774,110394,3463,121686,3952,232080,California
San Mateo,2021-03-16,12021,362592,4431,194997,7465,163723,125,3872,4829,108179,7172,128858,4957,237037,California
San Mateo,2021-03-17,10985,373577,4482,199479,6357,170080,146,4018,4965,107301,5990,134848,5112,242149,California
San Mateo,2021-03-18,7415,380992,4161,203640,3065,173145,189,4207,4407,108895,3000,137848,4594,246743,California
San Mateo,2021-03-19,7597,388589,4903,208543,2020,175165,674,4881,3648,109279,3938,141786,4322,251065,California
San Mateo,2021-03-20,8429,397018,6559,215102,1533,176698,337,5218,5370,111945,3041,144827,5707,256772,California
San Mateo,2021-03-21,4289,401307,3250,218352,806,177504,233,5451,2295,112486,1983,146810,2524,259296,California
San Mateo,2021-03-22,5386,406693,3666,222018,1294,178798,426,5877,2827,113195,2543,149353,3252,262548,California
San Mateo,2021-03-23,9955,416648,4584,226602,5173,183971,198,6075,4486,112442,5437,154790,4684,267232,California
San Mateo,2021-03-24,9604,426252,5551,232153,3907,187878,146,6221,4093,111243,5435,160225,4236,271468,California
San Mateo,2021-03-25,10203,436455,5015,237168,4919,192797,269,6490,4458,110334,5638,165863,4729,276197,California
San Mateo,2021-03-26,11350,447805,7795,244963,3387,196184,168,6658,4335,107866,6971,172834,4503,280700,California
San Mateo,2021-03-27,10604,458409,8111,253074,2384,198568,109,6767,4673,106734,5912,178746,4780,285480,California
San Mateo,2021-03-28,4300,462709,2782,255856,1405,199973,113,6880,1993,106547,2297,181043,2110,287590,California
San Mateo,2021-03-29,6117,468826,3794,259650,2069,202042,254,7134,2743,106187,3355,184398,2995,290585,California
San Mateo,2021-03-30,7213,476039,4104,263754,2955,204997,154,7288,3882,106907,3316,187714,4036,294621,California
San Mateo,2021-03-31,7385,483424,4661,268415,2579,207576,145,7433,3881,107448,3485,191199,4026,298647,California
San Mateo,2021-04-01,10710,494134,5281,273696,4207,211783,1222,8655,5742,109487,4915,196114,6954,305601,California
San Mateo,2021-04-02,10974,505108,5246,278942,4127,215910,1601,10256,5776,111673,5174,201288,7360,312961,California
San Mateo,2021-04-03,10043,515151,5789,284731,2475,218385,1779,12035,5119,113650,4914,206202,6891,319852,California
San Mateo,2021-04-04,5474,520625,2636,287367,1579,219964,1259,13294,1713,112871,3746,209948,2967,322819,California
San Mateo,2021-04-05,9074,529699,4828,292195,2501,222465,1745,15039,3886,113324,5169,215117,5622,328441,California
San Mateo,2021-04-06,13288,542987,8299,300494,3131,225596,1858,16897,7573,117056,5699,220816,9431,337872,California
San Mateo,2021-04-07,11539,554526,5355,305849,4485,230081,1699,18596,4906,117036,6612,227428,6592,344464,California
San Mateo,2021-04-08,10271,564797,5114,310963,2536,232617,2621,21217,4544,118478,5706,233134,7148,351612,California
San Mateo,2021-04-09,11460,576257,5585,316548,3372,235989,2503,23720,5139,119793,6316,239450,7631,359243,California
San Mateo,2021-04-10,11329,587586,5755,322303,4125,240114,1449,25169,4691,119313,6606,246056,6126,365369,California
San Mateo,2021-04-11,6659,594245,3309,325612,879,240993,2471,27640,2325,119770,4327,250383,4784,370153,California
San Mateo,2021-04-12,7433,601678,4533,330145,1925,242918,975,28615,3584,120496,3827,254210,4553,374706,California
San Mateo,2021-04-13,8301,609979,5165,335310,3125,246043,11,28626,4382,120986,3905,258115,4395,379101,California
San Mateo,2021-04-14,8438,618417,5443,340753,2994,249037,1,28627,4307,121189,4113,262228,4316,383417,California
San Mateo,2021-04-15,11303,629720,7498,348251,3803,252840,2,28629,7360,124639,3914,266142,7364,390781,California
San Mateo,2021-04-16,10159,639879,6973,355224,3169,256009,17,28646,6413,127353,3722,269864,6436,397217,California
San Mateo,2021-04-17,9871,649750,6570,361794,3299,259308,2,28648,6238,129979,3621,273485,6247,403464,California
San Mateo,2021-04-18,5740,655490,2872,364666,2868,262176,0,28648,3854,131968,1871,275356,3860,407324,California
San Mateo,2021-04-19,8537,664027,5549,370215,2988,265164,0,28648,5539,134537,2982,278338,5551,412875,California
San Mateo,2021-04-20,10862,674889,6220,376435,4641,269805,1,28649,6947,137607,3890,282228,6960,419835,California
San Mateo,2021-04-21,9916,684805,6895,383330,3019,272824,2,28651,6139,140000,3754,285982,6147,425982,California
San Mateo,2021-04-22,10186,694991,6919,390249,3266,276090,1,28652,5689,141233,4462,290444,5695,431677,California
San Mateo,2021-04-23,10008,704999,6712,396961,3296,279386,0,28652,5613,142499,4365,294809,5631,437308,California
San Mateo,2021-04-24,11315,716314,8064,405025,3251,282637,0,28652,5824,142866,5467,300276,5834,443142,California
San Mateo,2021-04-25,5563,721877,3881,408906,1680,284317,2,28654,3951,145235,1596,301872,3965,447107,California
San Mateo,2021-04-26,6911,728788,5011,413917,1892,286209,8,28662,4001,146359,2896,304768,4020,451127,California
San Mateo,2021-04-27,11617,740405,8205,422122,3257,289466,155,28817,4757,144455,6826,311594,4922,456049,California
San Mateo,2021-04-28,8219,748624,4786,426908,3227,292693,206,29023,4381,145228,3821,315415,4594,460643,California
San Mateo,2021-04-29,8456,757080,4077,430985,4207,296900,172,29195,3835,144662,4590,320005,4024,464667,California
San Mateo,2021-04-30,8472,765552,5371,436356,2946,299846,155,29350,3630,143653,4813,324818,3804,468471,California
San Mateo,2021-05-01,6225,771777,4157,440513,1950,301796,118,29468,2690,142960,3514,328332,2821,471292,California
San Mateo,2021-05-02,3196,774973,1755,442268,1371,303167,70,29538,1155,142160,2030,330362,1230,472522,California
San Mateo,2021-05-03,6092,781065,4539,446807,1408,304575,145,29683,1848,139921,4233,334595,1994,474516,California
San Mateo,2021-05-04,7689,788754,5308,452115,2209,306784,172,29855,2548,137534,5126,339721,2739,477255,California
San Mateo,2021-05-05,7187,795941,4772,456887,2256,309040,159,30014,2452,135442,4706,344427,2614,479869,California
San Mateo,2021-05-06,8942,804883,7047,463934,1719,310759,176,30190,1798,130298,7123,351550,1979,481848,California
San Mateo,2021-05-07,8426,813309,6073,470007,2068,312827,285,30475,1871,125938,6529,358079,2169,484017,California
San Mateo,2021-05-08,7024,820333,4387,474394,2398,315225,239,30714,1927,123026,5082,363161,2170,486187,California
San Mateo,2021-05-09,3154,823487,2460,476854,620,315845,74,30788,944,121846,2199,365360,1019,487206,California
San Mateo,2021-05-10,4806,828293,3500,480354,1136,316981,170,30958,738,118706,4057,369417,917,488123,California
San Mateo,2021-05-11,7264,835557,5553,485907,1582,318563,129,31087,1718,115029,5526,374943,1849,489972,California
San Mateo,2021-05-12,7074,842631,5147,491054,1711,320274,216,31303,1427,111042,5633,380576,1646,491618,California
San Mateo,2021-05-13,9758,852389,7340,498394,2321,322595,97,31400,3412,108254,6311,386887,3523,495141,California
San Mateo,2021-05-14,8571,860960,6353,504747,2102,324697,116,31516,2580,104985,5971,392858,2702,497843,California
San Mateo,2021-05-15,10645,871605,8344,513091,2199,326896,102,31618,4712,103903,5917,398775,4835,502678,California
San Mateo,2021-05-16,7294,878899,5212,518303,2011,328907,71,31689,2280,101261,4994,403769,2352,505030,California
San Mateo,2021-05-17,7206,886105,5123,523426,1975,330882,108,31797,2128,98440,5061,408830,2240,507270,California
San Mateo,2021-05-18,8560,894665,5923,529349,2539,333421,98,31895,3061,96231,5374,414204,3165,510435,California
San Mateo,2021-05-19,7926,902591,5913,535262,1891,335312,122,32017,3553,95584,4325,418529,3678,514113,California
San Mateo,2021-05-20,5778,908369,3604,538866,2040,337352,134,32151,2177,94323,3575,422104,2314,516427,California
San Mateo,2021-05-21,7023,915392,4775,543641,2103,339455,145,32296,1866,91198,5136,427240,2011,518438,California
San Mateo,2021-05-22,6355,921747,4325,547966,1963,341418,67,32363,2631,90193,3705,430945,2700,521138,California
San Mateo,2021-05-23,3106,924853,1770,549736,1247,342665,89,32452,1189,89567,1904,432849,1278,522416,California
San Mateo,2021-05-24,3677,928530,2449,552185,1079,343744,149,32601,1225,88510,2429,435278,1372,523788,California
San Mateo,2021-05-25,4786,933316,3013,555198,1593,345337,180,32781,1573,87076,3190,438468,1756,525544,California
San Mateo,2021-05-26,5728,939044,3080,558278,2529,347866,119,32900,1783,85056,3922,442390,1902,527446,California
San Mateo,2021-05-27,3779,942823,2205,560483,1475,349341,99,32999,1196,83791,2556,444946,1291,528737,California
San Mateo,2021-05-28,3515,946338,2204,562687,1226,350567,85,33084,1303,83006,2172,447118,1387,530124,California
San Mateo,2021-05-29,3232,949570,2282,564969,899,351466,51,33135,1233,82319,1970,449088,1283,531407,California
San Mateo,2021-05-30,1643,951213,1112,566081,470,351936,61,33196,647,82041,986,450074,708,532115,California
San Mateo,2021-05-31,441,951654,276,566357,157,352093,8,33204,161,81933,277,450351,169,532284,California
San Mateo,2021-06-01,3343,954997,1976,568333,1272,353365,95,33299,958,80614,2371,452722,1052,533336,California
San Mateo,2021-06-02,2769,957766,1835,570168,856,354221,78,33377,1055,80046,1699,454421,1131,534467,California
San Mateo,2021-06-03,3814,961580,2993,573161,706,354927,115,33492,825,78007,2975,457396,936,535403,California
San Mateo,2021-06-04,4129,965709,3179,576340,856,355783,94,33586,1114,76208,2994,460390,1195,536598,California
San Mateo,2021-06-05,5151,970860,4500,580840,551,356334,100,33686,953,73094,4167,464557,1053,537651,California
San Mateo,2021-06-06,2520,973380,2077,582917,382,356716,61,33747,478,71609,2020,466577,535,538186,California
San Mateo,2021-06-07,3114,976494,2612,585529,419,357135,83,33830,696,69976,2410,468987,777,538963,California
San Mateo,2021-06-08,4087,980581,3453,588982,528,357663,106,33936,971,67973,3081,472068,1078,540041,California
San Mateo,2021-06-09,4139,984720,3564,592546,505,358168,70,34006,622,65158,3504,475572,689,540730,California
San Mateo,2021-06-10,2967,987687,2400,594946,452,358620,115,34121,750,63822,2201,477773,865,541595,California
San Mateo,2021-06-11,2857,990544,2296,597242,449,359069,112,34233,917,62922,1929,479702,1029,542624,California
San Mateo,2021-06-12,3147,993691,2806,600048,260,359329,81,34314,770,61410,2363,482065,851,543475,California
San Mateo,2021-06-13,1435,995126,1082,601130,290,359619,63,34377,350,60753,1070,483135,413,543888,California
San Mateo,2021-06-14,2432,997558,2102,603232,247,359866,83,34460,690,59817,1709,484844,773,544661,California
San Mateo,2021-06-15,2263,999821,1797,605029,345,360211,121,34581,681,59054,1564,486408,801,545462,California
San Mateo,2021-06-16,2441,1002262,2023,607052,261,360472,157,34738,701,58210,1697,488105,853,546315,California
San Mateo,2021-06-17,1947,1004209,1610,608662,249,360721,88,34826,689,57779,1208,489313,777,547092,California
San Mateo,2021-06-18,2121,1006330,1779,610441,264,360985,78,34904,617,56985,1485,490798,691,547783,California
San Mateo,2021-06-19,1785,1008115,1561,612002,163,361148,61,34965,588,56507,1125,491923,647,548430,California
San Mateo,2021-06-20,768,1008883,697,612699,60,361208,11,34976,286,56356,448,492371,297,548727,California
San Mateo,2021-06-21,1250,1010133,935,613634,240,361448,75,35051,607,56403,637,493008,684,549411,California
San Mateo,2021-06-22,1595,1011728,1291,614925,208,361656,96,35147,598,56116,980,493988,693,550104,California
San Mateo,2021-06-23,1851,1013579,1570,616495,178,361834,103,35250,622,55645,1196,495184,725,550829,California
San Mateo,2021-06-24,1462,1015041,1088,617583,273,362107,101,35351,536,55371,908,496092,634,551463,California
San Mateo,2021-06-25,1777,1016818,1479,619062,221,362328,77,35428,662,55006,1104,497196,739,552202,California
San Mateo,2021-06-26,1241,1018059,1046,620108,137,362465,58,35486,495,54828,730,497926,552,552754,California
San Mateo,2021-06-27,655,1018714,532,620640,77,362542,46,35532,290,54800,364,498290,336,553090,California
San Mateo,2021-06-28,1251,1019965,1070,621710,105,362647,76,35608,496,54629,742,499032,571,553661,California
San Mateo,2021-06-29,1426,1021391,1150,622860,195,362842,81,35689,489,54267,928,499960,566,554227,California
San Mateo,2021-06-30,1258,1022649,1031,623891,127,362969,100,35789,561,54242,685,500645,660,554887,California
San Mateo,2021-07-01,1177,1023826,1000,624891,118,363087,59,35848,474,54088,687,501332,533,555420,California
San Mateo,2021-07-02,1045,1024871,864,625755,111,363198,70,35918,370,53854,674,502006,440,555860,California
Santa Barbara,2020-12-15,2,2,2,2,0,0,0,0,2,2,0,0,2,2,California
Santa Barbara,2020-12-16,2,4,2,4,0,0,0,0,2,4,0,0,2,4,California
Santa Barbara,2020-12-17,56,60,56,60,0,0,0,0,56,60,0,0,56,60,California
Santa Barbara,2020-12-18,382,442,381,441,1,1,0,0,382,442,0,0,382,442,California
Santa Barbara,2020-12-19,325,767,325,766,0,1,0,0,325,767,0,0,325,767,California
Santa Barbara,2020-12-20,235,1002,235,1001,0,1,0,0,235,1002,0,0,235,1002,California
Santa Barbara,2020-12-21,657,1659,655,1656,2,3,0,0,657,1659,0,0,657,1659,California
Santa Barbara,2020-12-22,247,1906,245,1901,2,5,0,0,247,1906,0,0,247,1906,California
Santa Barbara,2020-12-23,325,2231,207,2108,118,123,0,0,325,2231,0,0,325,2231,California
Santa Barbara,2020-12-24,88,2319,40,2148,48,171,0,0,88,2319,0,0,88,2319,California
Santa Barbara,2020-12-26,326,2645,66,2214,260,431,0,0,326,2645,0,0,326,2645,California
Santa Barbara,2020-12-27,62,2707,1,2215,61,492,0,0,62,2707,0,0,62,2707,California
Santa Barbara,2020-12-28,357,3064,224,2439,133,625,0,0,357,3064,0,0,357,3064,California
Santa Barbara,2020-12-29,562,3626,359,2798,203,828,0,0,562,3626,0,0,562,3626,California
Santa Barbara,2020-12-30,579,4205,396,3194,183,1011,0,0,579,4205,0,0,579,4205,California
Santa Barbara,2020-12-31,242,4447,114,3308,128,1139,0,0,242,4447,0,0,242,4447,California
Santa Barbara,2021-01-01,117,4564,111,3419,6,1145,0,0,117,4564,0,0,117,4564,California
Santa Barbara,2021-01-02,598,5162,232,3651,366,1511,0,0,598,5162,0,0,598,5162,California
Santa Barbara,2021-01-03,23,5185,15,3666,8,1519,0,0,23,5185,0,0,23,5185,California
Santa Barbara,2021-01-04,305,5490,242,3908,63,1582,0,0,304,5489,0,0,304,5489,California
Santa Barbara,2021-01-05,755,6245,380,4288,375,1957,0,0,727,6188,28,28,727,6216,California
Santa Barbara,2021-01-06,658,6903,276,4564,382,2339,0,0,597,6725,60,88,597,6813,California
Santa Barbara,2021-01-07,1032,7935,709,5273,323,2662,0,0,528,6753,500,588,528,7341,California
Santa Barbara,2021-01-08,1208,9143,850,6123,358,3020,0,0,713,6971,495,1083,713,8054,California
Santa Barbara,2021-01-09,561,9704,292,6415,269,3289,0,0,316,7042,245,1328,316,8370,California
Santa Barbara,2021-01-10,64,9768,51,6466,13,3302,0,0,47,7072,17,1345,47,8417,California
Santa Barbara,2021-01-11,848,10616,678,7144,170,3472,0,0,619,7463,228,1573,619,9036,California
Santa Barbara,2021-01-12,1445,12061,648,7792,797,4269,0,0,1285,8588,160,1733,1285,10321,California
Santa Barbara,2021-01-13,1223,13284,270,8062,953,5222,0,0,1096,9557,127,1860,1096,11417,California
Santa Barbara,2021-01-14,1260,14544,140,8202,1120,6342,0,0,1204,10707,55,1915,1205,12622,California
Santa Barbara,2021-01-15,1806,16350,420,8622,1386,7728,0,0,1723,12349,81,1996,1723,14345,California
Santa Barbara,2021-01-16,1277,17627,203,8825,1074,8802,0,0,1237,13547,39,2035,1237,15582,California
Santa Barbara,2021-01-17,126,17753,23,8848,103,8905,0,0,123,13667,3,2038,123,15705,California
Santa Barbara,2021-01-18,1153,18906,419,9267,734,9639,0,0,968,14450,185,2223,968,16673,California
Santa Barbara,2021-01-19,1645,20551,570,9837,1075,10714,0,0,1365,15538,277,2500,1365,18038,California
Santa Barbara,2021-01-20,2223,22774,655,10492,1568,12282,0,0,1802,16920,420,2920,1802,19840,California
Santa Barbara,2021-01-21,3203,25977,1920,12412,1283,13565,0,0,3041,19801,162,3082,3043,22883,California
Santa Barbara,2021-01-22,2952,28929,1795,14207,1157,14722,0,0,2780,22413,169,3251,2781,25664,California
Santa Barbara,2021-01-23,1740,30669,1106,15313,634,15356,0,0,1224,23122,515,3766,1224,26888,California
Santa Barbara,2021-01-24,846,31515,749,16062,97,15453,0,0,835,23947,10,3776,835,27723,California
Santa Barbara,2021-01-25,1240,32755,493,16555,747,16200,0,0,1004,24715,236,4012,1004,28727,California
Santa Barbara,2021-01-26,2051,34806,465,17020,1586,17786,0,0,1668,26002,381,4393,1668,30395,California
Santa Barbara,2021-01-27,1168,35974,398,17418,770,18556,0,0,906,26649,261,4654,908,31303,California
Santa Barbara,2021-01-28,899,36873,296,17714,603,19159,0,0,683,27120,212,4866,683,31986,California
Santa Barbara,2021-01-29,1346,38219,526,18240,820,19979,0,0,982,27744,360,5226,984,32970,California
Santa Barbara,2021-01-30,1905,40124,1417,19657,488,20467,0,0,1487,28816,415,5641,1487,34457,California
Santa Barbara,2021-01-31,1455,41579,1213,20870,242,20709,0,0,1416,30193,39,5680,1416,35873,California
Santa Barbara,2021-02-01,947,42526,519,21389,428,21137,0,0,548,30342,399,6079,548,36421,California
Santa Barbara,2021-02-02,1812,44338,683,22072,1129,22266,0,0,1043,30618,767,6846,1043,37464,California
Santa Barbara,2021-02-03,1961,46299,1081,23153,880,23146,0,0,1511,31689,440,7286,1511,38975,California
Santa Barbara,2021-02-04,2805,49104,1876,25029,929,24075,0,0,2505,33900,294,7580,2505,41480,California
Santa Barbara,2021-02-05,2928,52032,2082,27111,846,24921,0,0,2282,35539,643,8223,2282,43762,California
Santa Barbara,2021-02-06,1207,53239,341,27452,866,25787,0,0,797,35926,410,8633,797,44559,California
Santa Barbara,2021-02-07,311,53550,268,27720,43,25830,0,0,272,36161,37,8670,272,44831,California
Santa Barbara,2021-02-08,957,54507,311,28031,646,26476,0,0,667,36538,290,8960,667,45498,California
Santa Barbara,2021-02-09,2452,56959,315,28346,2137,28613,0,0,1123,36343,1318,10278,1123,46621,California
Santa Barbara,2021-02-10,2778,59737,1502,29848,1276,29889,0,0,745,35069,2020,12298,746,47367,California
Santa Barbara,2021-02-11,4212,63949,2820,32668,1392,31281,0,0,632,32134,3567,15865,632,47999,California
Santa Barbara,2021-02-12,3321,67270,950,33618,2371,33652,0,0,773,30365,2542,18407,773,48772,California
Santa Barbara,2021-02-13,1245,68515,345,33963,900,34552,0,0,565,30252,678,19085,565,49337,California
Santa Barbara,2021-02-14,335,68850,37,34000,298,34850,0,0,288,30494,47,19132,289,49626,California
Santa Barbara,2021-02-15,983,69833,347,34347,636,35486,0,0,498,30511,482,19614,499,50125,California
Santa Barbara,2021-02-16,2133,71966,408,34755,1725,37211,0,0,725,29832,1404,21018,725,50850,California
Santa Barbara,2021-02-17,1453,73419,327,35082,1126,38337,0,0,522,29430,927,21945,525,51375,California
Santa Barbara,2021-02-18,3278,76697,2669,37751,609,38946,0,0,1526,29244,1713,23658,1527,52902,California
Santa Barbara,2021-02-19,3620,80317,2656,40407,964,39910,0,0,2341,30310,1276,24934,2342,55244,California
Santa Barbara,2021-02-20,2329,82646,1523,41930,806,40716,0,0,1755,31501,564,25498,1755,56999,California
Santa Barbara,2021-02-21,143,82789,114,42044,29,40745,0,0,63,31486,78,25576,63,57062,California
Santa Barbara,2021-02-22,974,83763,263,42307,711,41456,0,0,282,31079,689,26265,282,57344,California
Santa Barbara,2021-02-23,3272,87035,1110,43417,2162,43618,0,0,436,28683,2833,29098,437,57781,California
Santa Barbara,2021-02-24,3303,90338,1137,44554,2166,45784,0,0,745,26880,2548,31646,745,58526,California
Santa Barbara,2021-02-25,3475,93813,1926,46480,1549,47333,0,0,999,25415,2468,34114,1003,59529,California
Santa Barbara,2021-02-26,3683,97496,2182,48662,1501,48834,0,0,1983,25709,1690,35804,1984,61513,California
Santa Barbara,2021-02-27,1545,99041,568,49230,977,49811,0,0,862,25897,679,36483,867,62380,California
Santa Barbara,2021-02-28,1096,100137,223,49453,873,50684,0,0,897,26603,193,36676,899,63279,California
Santa Barbara,2021-03-01,1670,101807,488,49941,1180,51864,2,2,1108,27169,545,37221,1111,64390,California
Santa Barbara,2021-03-02,2671,104478,427,50368,2244,54108,0,2,2164,28841,494,37715,2166,66556,California
Santa Barbara,2021-03-03,4651,109129,2107,52475,2542,56650,2,4,4049,32306,591,38306,4056,70612,California
Santa Barbara,2021-03-04,3443,112572,2291,54766,1152,57802,0,4,2875,34624,559,38865,2877,73489,California
Santa Barbara,2021-03-05,3834,116406,2172,56938,1603,59405,59,63,3102,37060,726,39591,3162,76651,California
Santa Barbara,2021-03-06,2443,118849,735,57673,1491,60896,217,280,1678,38192,760,40351,1892,78543,California
Santa Barbara,2021-03-07,566,119415,122,57795,312,61208,132,412,383,38526,182,40533,516,79059,California
Santa Barbara,2021-03-08,1586,121001,382,58177,861,62069,343,755,800,38890,779,41312,1143,80202,California
Santa Barbara,2021-03-09,2799,123800,346,58523,1686,63755,767,1522,746,38349,2049,43361,1508,81710,California
Santa Barbara,2021-03-10,2775,126575,555,59078,1167,64922,1053,2575,1048,38724,1722,45083,2097,83807,California
Santa Barbara,2021-03-11,5595,132170,3038,62116,1441,66363,1116,3691,2283,38821,3295,48378,3392,87199,California
Santa Barbara,2021-03-12,3710,135880,2113,64229,1162,67525,435,4126,2180,39911,1522,49900,2612,89811,California
Santa Barbara,2021-03-13,3508,139388,1943,66172,1359,68884,206,4332,2698,42009,806,50706,2904,92715,California
Santa Barbara,2021-03-14,816,140204,397,66569,362,69246,57,4389,492,42236,323,51029,550,93265,California
Santa Barbara,2021-03-15,2123,142327,701,67270,1131,70377,291,4680,1273,42956,842,51871,1562,94827,California
Santa Barbara,2021-03-16,3737,146064,1185,68455,2209,72586,343,5023,2737,45042,995,52866,3081,97908,California
Santa Barbara,2021-03-17,3328,149392,980,69435,1943,74529,405,5428,2332,46781,993,53859,2732,100640,California
Santa Barbara,2021-03-18,5271,154663,2802,72237,2267,76796,202,5630,4043,49814,1212,55071,4245,104885,California
Santa Barbara,2021-03-19,4487,159150,2778,75015,1375,78171,334,5964,3070,51805,1412,56483,3403,108288,California
Santa Barbara,2021-03-20,2234,161384,842,75857,1369,79540,23,5987,1366,52332,864,57347,1391,109679,California
Santa Barbara,2021-03-21,1183,162567,386,76243,767,80307,30,6017,852,52888,327,57674,883,110562,California
Santa Barbara,2021-03-22,2789,165356,1921,78164,824,81131,44,6061,2221,54596,558,58232,2266,112828,California
Santa Barbara,2021-03-23,4470,169826,2254,80418,2115,83246,101,6162,3694,57623,766,58998,3793,116621,California
Santa Barbara,2021-03-24,5436,175262,3153,83571,1520,84766,763,6925,2968,58903,2445,61443,3725,120346,California
Santa Barbara,2021-03-25,5571,180833,3274,86845,2100,86866,197,7122,2781,59109,2772,64215,2978,123324,California
Santa Barbara,2021-03-26,5109,185942,3231,90076,1572,88438,306,7428,2230,58783,2862,67077,2536,125860,California
Santa Barbara,2021-03-27,2966,188908,1225,91301,1698,90136,43,7471,1623,59108,1339,68416,1664,127524,California
Santa Barbara,2021-03-28,2792,191700,1658,92959,1106,91242,28,7499,1902,60153,886,69302,1931,129455,California
Santa Barbara,2021-03-29,4046,195746,2085,95044,1889,93131,72,7571,3224,62631,818,70120,3296,132751,California
Santa Barbara,2021-03-30,6800,202546,3511,98555,3138,96269,151,7722,4529,65053,2255,72375,4677,137428,California
Santa Barbara,2021-03-31,8686,211232,5528,104083,3090,99359,68,7790,5028,66513,3636,76011,5096,142524,California
Santa Barbara,2021-04-01,7065,218297,5218,109301,1586,100945,261,8051,4175,68084,2865,78876,4436,146960,California
Santa Barbara,2021-04-02,6656,224953,4559,113860,1502,102447,595,8646,3422,68875,3225,82101,4016,150976,California
Santa Barbara,2021-04-03,3818,228771,2112,115972,1634,104081,72,8718,2519,70171,1292,83393,2588,153564,California
Santa Barbara,2021-04-04,904,229675,446,116418,417,104498,41,8759,500,70310,402,83795,541,154105,California
Santa Barbara,2021-04-05,3483,233158,2298,118716,926,105424,259,9018,2178,71451,1296,85091,2437,156542,California
Santa Barbara,2021-04-06,5505,238663,2838,121554,2115,107539,552,9570,3357,73229,2128,87219,3906,160448,California
Santa Barbara,2021-04-07,6028,244691,3291,124845,2195,109734,542,10112,4089,75929,1930,89149,4630,165078,California
Santa Barbara,2021-04-08,7430,252121,5047,129892,654,110388,1729,11841,3429,77089,3993,93142,5153,170231,California
Santa Barbara,2021-04-09,7342,259463,4886,134778,1094,111482,1362,13203,3306,77725,4025,97167,4661,174892,California
Santa Barbara,2021-04-10,6714,266177,4652,139430,1443,112925,619,13822,4564,80764,2141,99308,5180,180072,California
Santa Barbara,2021-04-11,2682,268859,1966,141396,413,113338,303,14125,1856,82097,820,100128,2153,182225,California
Santa Barbara,2021-04-12,4432,273291,2849,144245,1028,114366,555,14680,1917,82061,2507,102635,2471,184696,California
Santa Barbara,2021-04-13,6387,279678,4190,148435,2191,116557,6,14686,2661,81006,3721,106356,2666,187362,California
Santa Barbara,2021-04-14,6812,286490,4422,152857,2388,118945,2,14688,4244,82696,2557,108913,4247,191609,California
Santa Barbara,2021-04-15,7017,293507,4111,156968,2905,121850,1,14689,3776,83245,3229,112142,3778,195387,California
Santa Barbara,2021-04-16,6430,299937,3775,160743,2644,124494,11,14700,4424,85693,1986,114128,4434,199821,California
Santa Barbara,2021-04-17,5361,305298,3882,164625,1479,125973,0,14700,4098,88543,1248,115376,4098,203919,California
Santa Barbara,2021-04-18,2196,307494,1534,166159,662,126635,0,14700,381,87116,1809,117185,382,204301,California
Santa Barbara,2021-04-19,3278,310772,2260,168419,1012,127647,6,14706,1036,85925,2234,119419,1043,205344,California
Santa Barbara,2021-04-20,5976,316748,4001,172420,1974,129621,1,14707,1692,83349,4268,123687,1692,207036,California
Santa Barbara,2021-04-21,5568,322316,3682,176102,1886,131507,0,14707,1780,81361,3770,127457,1782,208818,California
Santa Barbara,2021-04-22,5148,327464,2601,178703,2546,134053,1,14708,1481,79197,3648,131105,1484,210302,California
Santa Barbara,2021-04-23,5627,333091,3897,182600,1730,135783,0,14708,1991,77567,3621,134726,1991,212293,California
Santa Barbara,2021-04-24,4425,337516,2872,185472,1548,137331,5,14713,1633,76433,2773,137499,1639,213932,California
Santa Barbara,2021-04-25,1844,339360,1184,186656,660,137991,0,14713,498,75595,1336,138835,498,214430,California
Santa Barbara,2021-04-26,3255,342615,1988,188644,1246,139237,21,14734,560,73489,2688,141523,582,215012,California
Santa Barbara,2021-04-27,3987,346602,2192,190836,1693,140930,102,14836,1176,71966,2801,144324,1278,216290,California
Santa Barbara,2021-04-28,4927,351529,2875,193711,1936,142866,116,14952,1399,69973,3512,147836,1519,217809,California
Santa Barbara,2021-04-29,5272,356801,3816,197527,1229,144095,227,15179,1435,67813,3820,151656,1660,219469,California
Santa Barbara,2021-04-30,4966,361767,3712,201239,1090,145185,164,15343,1410,65848,3538,155194,1573,221042,California
Santa Barbara,2021-05-01,5248,367015,4050,205289,1164,146349,34,15377,892,62436,4340,159534,928,221970,California
Santa Barbara,2021-05-02,1131,368146,668,205957,335,146684,128,15505,304,62042,826,160360,432,222402,California
Santa Barbara,2021-05-03,2203,370349,1476,207433,589,147273,138,15643,441,60863,1755,162115,576,222978,California
Santa Barbara,2021-05-04,3317,373666,1693,209126,1552,148825,72,15715,1149,59930,2153,164268,1220,224198,California
Santa Barbara,2021-05-05,5457,379123,3684,212810,1626,150451,147,15862,633,55902,4810,169078,782,224980,California
Santa Barbara,2021-05-06,5080,384203,3928,216738,1047,151498,105,15967,970,52884,4093,173171,1075,226055,California
Santa Barbara,2021-05-07,4663,388866,3643,220381,840,152338,180,16147,996,50406,3651,176822,1173,227228,California
Santa Barbara,2021-05-08,4303,393169,3190,223571,1015,153353,98,16245,907,48028,3384,180206,1006,228234,California
Santa Barbara,2021-05-09,702,393871,111,223682,551,153904,40,16285,463,48294,238,180444,504,228738,California
Santa Barbara,2021-05-10,1360,395231,657,224339,619,154523,84,16369,376,47772,981,181425,459,229197,California
Santa Barbara,2021-05-11,1934,397165,839,225178,799,155322,296,16665,443,47027,1481,182906,736,229933,California
Santa Barbara,2021-05-12,2084,399249,744,225922,1116,156438,224,16889,524,46228,1547,184453,748,230681,California
Santa Barbara,2021-05-13,3894,403143,2788,228710,908,157346,198,17087,1235,45014,2646,187099,1432,232113,California
Santa Barbara,2021-05-14,4151,407294,2525,231235,1532,158878,94,17181,1616,44203,2520,189619,1709,233822,California
Santa Barbara,2021-05-15,3524,410818,2563,233798,942,159820,19,17200,1844,44399,1668,191287,1864,235686,California
Santa Barbara,2021-05-16,1137,411955,521,234319,501,160321,115,17315,528,44439,603,191890,643,236329,California
Santa Barbara,2021-05-17,1641,413596,936,235255,642,160963,63,17378,862,44590,773,192663,924,237253,California
Santa Barbara,2021-05-18,1856,415452,1160,236415,601,161564,95,17473,974,44794,866,193529,1070,238323,California
Santa Barbara,2021-05-19,1769,417221,975,237390,754,162318,40,17513,808,44689,952,194481,847,239170,California
Santa Barbara,2021-05-20,1751,418972,952,238342,680,162998,119,17632,878,44826,861,195342,998,240168,California
Santa Barbara,2021-05-21,3460,422432,2340,240682,1066,164064,54,17686,1256,43948,2189,197531,1311,241479,California
Santa Barbara,2021-05-22,2467,424899,1705,242387,718,164782,44,17730,1397,44328,1062,198593,1442,242921,California
Santa Barbara,2021-05-23,764,425663,339,242726,395,165177,30,17760,413,44421,350,198943,443,243364,California
Santa Barbara,2021-05-24,1007,426670,588,243314,356,165533,63,17823,484,44450,518,199461,547,243911,California
Santa Barbara,2021-05-25,1405,428075,568,243882,768,166301,69,17892,462,44044,937,200398,531,244442,California
Santa Barbara,2021-05-26,3011,431086,1709,245591,1180,167481,122,18014,838,42845,2158,202556,959,245401,California
Santa Barbara,2021-05-27,1954,433040,1212,246803,600,168081,142,18156,826,42693,1121,203677,969,246370,California
Santa Barbara,2021-05-28,1505,434545,698,247501,655,168736,152,18308,614,42571,888,204565,766,247136,California
Santa Barbara,2021-05-29,903,435448,318,247819,548,169284,37,18345,363,42434,537,205102,400,247536,California
Santa Barbara,2021-05-30,509,435957,179,247998,231,169515,99,18444,184,42393,323,205425,282,247818,California
Santa Barbara,2021-05-31,95,436052,42,248040,43,169558,10,18454,22,42352,72,205497,31,247849,California
Santa Barbara,2021-06-01,1132,437184,592,248632,482,170040,58,18512,441,42166,685,206182,499,248348,California
Santa Barbara,2021-06-02,980,438164,585,249217,312,170352,83,18595,423,42118,553,206735,505,248853,California
Santa Barbara,2021-06-03,2057,440221,1546,250763,454,170806,57,18652,614,41351,1435,208170,668,249521,California
Santa Barbara,2021-06-04,1456,441677,670,251433,646,171452,140,18792,487,41014,960,209130,623,250144,California
Santa Barbara,2021-06-05,2923,444600,2211,253644,660,172112,52,18844,491,39135,2421,211551,542,250686,California
Santa Barbara,2021-06-06,913,445513,482,254126,412,172524,19,18863,228,38700,682,212233,247,250933,California
Santa Barbara,2021-06-07,1167,446680,832,254958,283,172807,52,18915,298,38184,866,213099,350,251283,California
Santa Barbara,2021-06-08,1111,447791,711,255669,368,173175,32,18947,291,37692,814,213913,322,251605,California
Santa Barbara,2021-06-09,1020,448811,695,256364,240,173415,85,19032,314,37388,703,214616,399,252004,California
Santa Barbara,2021-06-10,2387,451198,2073,258437,243,173658,71,19103,524,36123,1860,216476,595,252599,California
Santa Barbara,2021-06-11,1309,452507,606,259043,599,174257,104,19207,392,35708,911,217387,496,253095,California
Santa Barbara,2021-06-12,891,453398,600,259643,268,174525,23,19230,235,35317,648,218035,257,253352,California
Santa Barbara,2021-06-13,487,453885,299,259942,91,174616,97,19327,127,35183,358,218393,224,253576,California
Santa Barbara,2021-06-14,1255,455140,857,260799,322,174938,76,19403,335,34682,912,219305,411,253987,California
Santa Barbara,2021-06-15,1144,456284,755,261554,354,175292,35,19438,396,34372,741,220046,431,254418,California
Santa Barbara,2021-06-16,932,457216,646,262200,239,175531,47,19485,352,34195,574,220620,397,254815,California
Santa Barbara,2021-06-17,1874,459090,1544,263744,241,175772,89,19574,621,33655,1250,221870,710,255525,California
Santa Barbara,2021-06-18,1108,460198,714,264458,295,176067,99,19673,362,33374,742,222612,461,255986,California
Santa Barbara,2021-06-19,540,460738,363,264821,145,176212,32,19705,250,33369,287,222899,282,256268,California
Santa Barbara,2021-06-20,369,461107,211,265032,148,176360,10,19715,153,33316,215,223114,162,256430,California
Santa Barbara,2021-06-21,527,461634,264,265296,210,176570,53,19768,275,33397,247,223361,328,256758,California
Santa Barbara,2021-06-22,764,462398,495,265791,238,176808,31,19799,298,33263,462,223823,328,257086,California
Santa Barbara,2021-06-23,778,463176,563,266354,183,176991,32,19831,333,33187,440,224263,364,257450,California
Santa Barbara,2021-06-24,1355,464531,1147,267501,150,177141,58,19889,579,33053,769,225032,635,258085,California
Santa Barbara,2021-06-25,970,465501,616,268117,292,177433,62,19951,448,33044,518,225550,509,258594,California
Santa Barbara,2021-06-26,508,466009,355,268472,122,177555,31,19982,201,32969,307,225857,232,258826,California
Santa Barbara,2021-06-27,391,466400,256,268728,73,177628,62,20044,188,33020,199,226056,250,259076,California
Santa Barbara,2021-06-28,466,466866,305,269033,127,177755,34,20078,237,33062,229,226285,271,259347,California
Santa Barbara,2021-06-29,556,467422,377,269410,164,177919,15,20093,267,33060,283,226568,281,259628,California
Santa Barbara,2021-06-30,648,468070,460,269870,149,178068,39,20132,313,33086,326,226894,352,259980,California
Santa Barbara,2021-07-01,1062,469132,794,270664,119,178187,149,20281,413,33000,647,227541,561,260541,California
Santa Barbara,2021-07-02,588,469720,410,271074,127,178314,51,20332,292,33049,294,227835,343,260884,California
Santa Clara,2020-12-15,71,71,71,71,0,0,0,0,71,71,0,0,71,71,California
Santa Clara,2020-12-16,152,223,152,223,0,0,0,0,152,223,0,0,152,223,California
Santa Clara,2020-12-17,408,631,408,631,0,0,0,0,408,631,0,0,408,631,California
Santa Clara,2020-12-18,1756,2387,1756,2387,0,0,0,0,1756,2387,0,0,1756,2387,California
Santa Clara,2020-12-19,2077,4464,2077,4464,0,0,0,0,2076,4463,0,0,2076,4463,California
Santa Clara,2020-12-20,1905,6369,1904,6368,1,1,0,0,1902,6365,0,0,1902,6365,California
Santa Clara,2020-12-21,2675,9044,2675,9043,0,1,0,0,2672,9036,1,1,2672,9037,California
Santa Clara,2020-12-22,3129,12173,3122,12165,7,8,0,0,3124,12158,2,3,3124,12161,California
Santa Clara,2020-12-23,3277,15450,3087,15252,190,198,0,0,3274,15431,1,4,3274,15435,California
Santa Clara,2020-12-24,1890,17340,1699,16951,191,389,0,0,1883,17312,2,6,1883,17318,California
Santa Clara,2020-12-25,349,17689,348,17299,1,390,0,0,349,17661,0,6,349,17667,California
Santa Clara,2020-12-26,1276,18965,1041,18340,235,625,0,0,1275,18936,0,6,1275,18942,California
Santa Clara,2020-12-27,659,19624,516,18856,143,768,0,0,659,19595,0,6,659,19601,California
Santa Clara,2020-12-28,2352,21976,1741,20597,611,1379,0,0,2352,21947,0,6,2352,21953,California
Santa Clara,2020-12-29,2376,24352,1510,22107,866,2245,0,0,2374,24321,0,6,2374,24327,California
Santa Clara,2020-12-30,2995,27347,1896,24003,1099,3344,0,0,2992,27310,3,9,2992,27319,California
Santa Clara,2020-12-31,1238,28585,399,24402,839,4183,0,0,1237,28546,1,10,1237,28556,California
Santa Clara,2021-01-01,151,28736,15,24417,136,4319,0,0,150,28695,1,11,150,28706,California
Santa Clara,2021-01-02,1098,29834,820,25237,278,4597,0,0,1098,29793,0,11,1098,29804,California
Santa Clara,2021-01-03,589,30423,372,25609,217,4814,0,0,584,30374,3,14,584,30388,California
Santa Clara,2021-01-04,2486,32909,1681,27290,805,5619,0,0,2483,32857,0,14,2483,32871,California
Santa Clara,2021-01-05,3104,36013,2035,29325,1069,6688,0,0,2910,35580,193,207,2916,35787,California
Santa Clara,2021-01-06,3369,39382,1994,31319,1375,8063,0,0,2761,37740,603,810,2763,38550,California
Santa Clara,2021-01-07,4241,43623,2578,33897,1663,9726,0,0,3153,39823,1077,1887,3160,41710,California
Santa Clara,2021-01-08,5891,49514,3856,37753,2035,11761,0,0,3773,41487,2109,3996,3773,45483,California
Santa Clara,2021-01-09,3040,52554,1918,39671,1122,12883,0,0,1717,41887,1320,5316,1720,47203,California
Santa Clara,2021-01-10,1973,54527,1523,41194,450,13333,0,0,752,41420,1219,6535,752,47955,California
Santa Clara,2021-01-11,5999,60526,3793,44987,2206,15539,0,0,3403,42236,2593,9128,3409,51364,California
Santa Clara,2021-01-12,6910,67436,3507,48494,3403,18942,0,0,4571,44484,2324,11452,4572,55936,California
Santa Clara,2021-01-13,7477,74913,3143,51637,4334,23276,0,0,5220,47452,2253,13705,5221,61157,California
Santa Clara,2021-01-14,8317,83230,2871,54508,5446,28722,0,0,6514,52174,1794,15499,6516,67673,California
Santa Clara,2021-01-15,9566,92796,2771,57279,6795,35517,0,0,8159,58937,1401,16900,8164,75837,California
Santa Clara,2021-01-16,4360,97156,1258,58537,3102,38619,0,0,3499,61579,857,17757,3499,79336,California
Santa Clara,2021-01-17,3245,100401,619,59156,2626,41245,0,0,2734,63806,507,18264,2734,82070,California
Santa Clara,2021-01-18,5124,105525,1178,60334,3946,45191,0,0,4559,67801,565,18829,4560,86630,California
Santa Clara,2021-01-19,8524,114049,2707,63041,5817,51008,0,0,6821,72926,1699,20528,6824,93454,California
Santa Clara,2021-01-20,8454,122503,4454,67495,4000,55008,0,0,6884,78245,1565,22093,6884,100338,California
Santa Clara,2021-01-21,8921,131424,3951,71446,4970,59978,0,0,7634,84599,1282,23375,7636,107974,California
Santa Clara,2021-01-22,8743,140167,3311,74757,5432,65410,0,0,8161,92185,578,23953,8164,116138,California
Santa Clara,2021-01-23,3809,143976,1684,76441,2125,67535,0,0,2839,94055,970,24923,2840,118978,California
Santa Clara,2021-01-24,2852,146828,1431,77872,1421,68956,0,0,2356,95920,491,25414,2356,121334,California
Santa Clara,2021-01-25,8414,155242,3810,81682,4604,73560,0,0,6324,100164,2082,27496,6326,127660,California
Santa Clara,2021-01-26,8326,163568,3796,85478,4530,78090,0,0,6171,104194,2144,29640,6174,133834,California
Santa Clara,2021-01-27,8817,172385,3888,89366,4929,83019,0,0,6868,109135,1928,31568,6869,140703,California
Santa Clara,2021-01-28,9555,181940,3828,93194,5727,88746,0,0,7553,114712,1981,33549,7558,148261,California
Santa Clara,2021-01-29,9617,191557,3967,97161,5650,94396,0,0,7414,119937,2190,35739,7415,155676,California
Santa Clara,2021-01-30,4212,195769,2094,99255,2118,96514,0,0,2983,121701,1220,36959,2984,158660,California
Santa Clara,2021-01-31,2202,197971,1321,100576,881,97395,0,0,1593,122692,602,37561,1593,160253,California
Santa Clara,2021-02-01,7879,205850,3515,104091,4364,101759,0,0,6160,127148,1706,39267,6162,166415,California
Santa Clara,2021-02-02,8671,214521,2902,106993,5769,107528,0,0,6619,131728,2042,41309,6622,173037,California
Santa Clara,2021-02-03,9296,223817,3505,110498,5791,113319,0,0,6983,136410,2307,43616,6989,180026,California
Santa Clara,2021-02-04,11042,234859,4181,114679,6861,120180,0,0,8710,142804,2320,45936,8714,188740,California
Santa Clara,2021-02-05,12028,246887,4385,119064,7643,127823,0,0,8537,147869,3473,49409,8538,197278,California
Santa Clara,2021-02-06,5232,252119,2841,121905,2391,130214,0,0,4046,150736,1181,50590,4048,201326,California
Santa Clara,2021-02-07,3491,255610,2358,124263,1133,131347,0,0,3032,153313,456,51046,3033,204359,California
Santa Clara,2021-02-08,10076,265686,3531,127794,6545,137892,0,0,7333,157916,2731,53777,7334,211693,California
Santa Clara,2021-02-09,11232,276918,3839,131633,7393,145285,0,0,7702,162108,3514,57291,7706,219399,California
Santa Clara,2021-02-10,12796,289714,4967,136600,7829,153114,0,0,6636,162607,6141,63432,6640,226039,California
Santa Clara,2021-02-11,13654,303368,4788,141388,8866,161980,0,0,7659,164292,5976,69408,7661,233700,California
Santa Clara,2021-02-12,14709,318077,4542,145930,10167,172147,0,0,6991,163593,7692,77100,6993,240693,California
Santa Clara,2021-02-13,6176,324253,1501,147431,4675,176822,0,0,2247,161922,3920,81020,2249,242942,California
Santa Clara,2021-02-14,4655,328908,1164,148595,3491,180313,0,0,1479,160231,3172,84192,1481,244423,California
Santa Clara,2021-02-15,6333,335241,2826,151421,3507,183820,0,0,2733,159374,3591,87783,2734,247157,California
Santa Clara,2021-02-16,13918,349159,4034,155455,9884,193704,0,0,6980,159440,6915,94698,6981,254138,California
Santa Clara,2021-02-17,14166,363325,5563,161018,8603,202307,0,0,7053,159408,7091,101789,7059,261197,California
Santa Clara,2021-02-18,14362,377687,8470,169488,5892,208199,0,0,7312,159722,7002,108791,7316,268513,California
Santa Clara,2021-02-19,15040,392727,9660,179148,5380,213579,0,0,8735,162182,6282,115073,8742,277255,California
Santa Clara,2021-02-20,7071,399798,5296,184444,1775,215354,0,0,3797,162723,3257,118330,3798,281053,California
Santa Clara,2021-02-21,3442,403240,2564,187008,878,216232,0,0,1285,161872,2138,120468,1287,282340,California
Santa Clara,2021-02-22,10790,414030,6431,193439,4359,220591,0,0,5001,161115,5759,126227,5002,287342,California
Santa Clara,2021-02-23,12493,426523,8063,201502,4430,225021,0,0,7058,162767,5410,131637,7062,294404,California
Santa Clara,2021-02-24,14751,441274,9481,210983,5270,230291,0,0,9068,166175,5660,137297,9068,303472,California
Santa Clara,2021-02-25,15272,456546,9729,220712,5543,235834,0,0,8319,167579,6923,144220,8327,311799,California
Santa Clara,2021-02-26,15018,471564,8703,229415,6315,242149,0,0,8172,168945,6813,151033,8179,319978,California
Santa Clara,2021-02-27,8322,479886,5738,235153,2583,244732,1,1,4642,169926,3669,154702,4650,324628,California
Santa Clara,2021-02-28,5384,485270,3678,238831,1706,246438,0,1,2671,169902,2696,157398,2672,327300,California
Santa Clara,2021-03-01,14566,499836,8378,247209,6182,252620,6,7,9021,173407,5522,162920,9027,336327,California
Santa Clara,2021-03-02,16172,516008,9572,256781,6599,259219,1,8,10316,177896,5829,168749,10318,346645,California
Santa Clara,2021-03-03,18697,534705,9255,266036,9438,268657,4,12,11624,182496,7032,175781,11632,358277,California
Santa Clara,2021-03-04,16582,551287,9022,275058,7557,276214,3,15,9644,185299,6847,182628,9650,367927,California
Santa Clara,2021-03-05,16648,567935,9263,284321,7259,283473,126,141,9238,187285,7384,190012,9370,377297,California
Santa Clara,2021-03-06,9451,577386,6325,290646,2676,286149,450,591,7089,192474,2350,192362,7539,384836,California
Santa Clara,2021-03-07,6839,584225,4481,295127,2111,288260,247,838,5442,196775,1385,193747,5686,390522,California
Santa Clara,2021-03-08,12936,597161,6745,301872,5618,293878,573,1411,8297,201020,4622,198369,8867,399389,California
Santa Clara,2021-03-09,15328,612489,6536,308408,7463,301341,1329,2740,6909,200852,8396,206765,8228,407617,California
Santa Clara,2021-03-10,15290,627779,6711,315119,6463,307804,2116,4856,6317,200315,8939,215704,8402,416019,California
Santa Clara,2021-03-11,17149,644928,7795,322914,7850,315654,1504,6360,6074,196837,11037,226741,7559,423578,California
Santa Clara,2021-03-12,17763,662691,9134,332048,7060,322714,1569,7929,5944,192555,11769,238510,7487,431065,California
Santa Clara,2021-03-13,10875,673566,6302,338350,3070,325784,1503,9432,4838,192854,6011,244521,6310,437375,California
Santa Clara,2021-03-14,6549,680115,3407,341757,1837,327621,1305,10737,3171,193953,3359,247880,4458,441833,California
Santa Clara,2021-03-15,12855,692970,6569,348326,6008,333629,278,11015,5923,193251,6902,254782,6200,448033,California
Santa Clara,2021-03-16,18336,711306,10359,358685,7768,341397,209,11224,8763,192678,9542,264324,8969,457002,California
Santa Clara,2021-03-17,20120,731426,11438,370123,8513,349910,169,11393,10287,193353,9775,274099,10450,467452,California
Santa Clara,2021-03-18,19340,750766,9081,379204,9095,359005,1164,12557,9058,193340,10222,284321,10209,477661,California
Santa Clara,2021-03-19,19564,770330,10096,389300,8460,367465,1008,13565,9999,194840,9497,293818,10997,488658,California
Santa Clara,2021-03-20,11607,781937,6402,395702,4373,371838,832,14397,6749,197589,4827,298645,7576,496234,California
Santa Clara,2021-03-21,8371,790308,3847,399549,3129,374967,1395,15792,5350,201314,3004,301649,6729,502963,California
Santa Clara,2021-03-22,16561,806869,9235,408784,6972,381939,354,16146,9156,203446,7374,309023,9506,512469,California
Santa Clara,2021-03-23,19512,826381,12393,421177,6594,388533,525,16671,11222,206951,8237,317260,11742,524211,California
Santa Clara,2021-03-24,22823,849204,14646,435823,7759,396292,418,17089,14653,213896,8126,325386,15071,539282,California
Santa Clara,2021-03-25,23115,872319,13222,449045,8901,405193,992,18081,14844,221517,8198,333584,15819,555101,California
Santa Clara,2021-03-26,22133,894452,14066,463111,7675,412868,392,18473,13621,227051,8470,342054,14004,569105,California
Santa Clara,2021-03-27,15786,910238,10501,473612,4515,417383,770,19243,8476,229030,7262,349316,9241,578346,California
Santa Clara,2021-03-28,12094,922332,8390,482002,2987,420370,717,19960,6492,230656,5575,354891,7201,585547,California
Santa Clara,2021-03-29,20707,943039,12643,494645,7337,427707,727,20687,11211,233131,9451,364342,11926,597473,California
Santa Clara,2021-03-30,25792,968831,15285,509930,8555,436262,1952,22639,16220,241759,9527,373869,18155,615628,California
Santa Clara,2021-03-31,20641,989472,11942,521872,7562,443824,1137,23776,12568,247425,8023,381892,13689,629317,California
Santa Clara,2021-04-01,32055,1021527,19887,541759,9050,452874,3118,26894,20237,258999,11740,393632,23314,652631,California
Santa Clara,2021-04-02,25428,1046955,14398,556157,8801,461675,2229,29123,16592,269008,8788,402420,18797,671428,California
Santa Clara,2021-04-03,15396,1062351,9327,565484,3522,465197,2547,31670,8517,273193,6856,409276,11041,682469,California
Santa Clara,2021-04-04,7662,1070013,4051,569535,2435,467632,1176,32846,3976,274653,3674,412950,5134,687603,California
Santa Clara,2021-04-05,22013,1092026,14622,584157,4892,472524,2499,35345,14385,283922,7594,420544,16863,704466,California
Santa Clara,2021-04-06,29776,1121802,16371,600528,7904,480428,5501,40846,17838,295335,11882,432426,23295,727761,California
Santa Clara,2021-04-07,31065,1152867,16031,616559,8513,488941,6521,47367,18948,308706,12056,444482,25427,753188,California
Santa Clara,2021-04-08,30179,1183046,16464,633023,6063,495004,7652,55019,16426,319052,13673,458155,24019,777207,California
Santa Clara,2021-04-09,28280,1211326,13993,647016,6959,501963,7328,62347,14442,326985,13768,471923,21701,798908,California
Santa Clara,2021-04-10,21658,1232984,12478,659494,3810,505773,5370,67717,11550,333781,10067,481990,16863,815771,California
Santa Clara,2021-04-11,16107,1249091,9651,669145,2667,508440,3789,71506,8334,338135,7738,489728,12092,827863,California
Santa Clara,2021-04-12,27158,1276249,19077,688222,5593,514033,2488,73994,18465,350447,8627,498355,20939,848802,California
Santa Clara,2021-04-13,34684,1310933,27268,715490,7387,521420,29,74023,26710,369314,7895,506250,26762,875564,California
Santa Clara,2021-04-14,37220,1348153,28205,743695,9011,530431,4,74027,26383,384977,10763,517013,26426,901990,California
Santa Clara,2021-04-15,44697,1392850,34581,778276,10110,540541,6,74033,34353,409141,10221,527234,34385,936375,California
Santa Clara,2021-04-16,38908,1431758,26631,804907,12273,552814,4,74037,27819,425987,11004,538238,27850,964225,California
Santa Clara,2021-04-17,22364,1454122,15295,820202,7067,559881,2,74039,15352,434414,6947,545185,15374,979599,California
Santa Clara,2021-04-18,16960,1471082,11154,831356,5806,565687,0,74039,10605,438710,6322,551507,10618,990217,California
Santa Clara,2021-04-19,29339,1500421,21206,852562,8132,573819,1,74040,17568,444622,11692,563199,17604,1007821,California
Santa Clara,2021-04-20,38137,1538558,23496,876058,14639,588458,2,74042,23242,453133,14772,577971,23283,1031104,California
Santa Clara,2021-04-21,38198,1576756,22577,898635,15619,604077,2,74044,25013,465112,13077,591048,25056,1056160,California
Santa Clara,2021-04-22,37979,1614735,25474,924109,12504,616581,1,74045,17887,463094,19982,611030,17964,1074124,California
Santa Clara,2021-04-23,32787,1647522,20158,944267,12628,629209,1,74046,15340,461158,17337,628367,15401,1089525,California
Santa Clara,2021-04-24,21222,1668744,15503,959770,5718,634927,1,74047,12053,464150,9094,637461,12086,1101611,California
Santa Clara,2021-04-25,13612,1682356,9840,969610,3766,638693,6,74053,8684,467980,4884,642345,8714,1110325,California
Santa Clara,2021-04-26,25510,1707866,19699,989309,5751,644444,60,74113,10611,463876,14800,657145,10696,1121021,California
Santa Clara,2021-04-27,27997,1735863,19963,1009272,7647,652091,387,74500,12206,460826,15695,672840,12645,1133666,California
Santa Clara,2021-04-28,26587,1762450,19796,1029068,6352,658443,439,74939,11276,457389,15223,688063,11786,1145452,California
Santa Clara,2021-04-29,24518,1786968,17994,1047062,6125,664568,399,75338,9220,451877,15214,703277,9702,1155154,California
Santa Clara,2021-04-30,23698,1810666,16343,1063405,6985,671553,370,75708,10140,449017,13461,716738,10601,1165755,California
Santa Clara,2021-05-01,17527,1828193,14523,1077928,2739,674292,265,75973,5512,442878,11960,728698,5821,1171576,California
Santa Clara,2021-05-02,11307,1839500,9381,1087309,1692,675984,234,76207,3491,438853,7770,736468,3745,1175321,California
Santa Clara,2021-05-03,22892,1862392,19385,1106694,3075,679059,432,76639,5142,426802,17670,754138,5619,1180940,California
Santa Clara,2021-05-04,31173,1893565,24496,1131190,6133,685192,544,77183,5564,407462,25497,779635,6157,1187097,California
Santa Clara,2021-05-05,32795,1926360,25045,1156235,7206,692398,544,77727,5531,386401,27165,806800,6104,1193201,California
Santa Clara,2021-05-06,35962,1962322,30033,1186268,5456,697854,473,78200,4784,360640,31041,837841,5280,1198481,California
Santa Clara,2021-05-07,32916,1995238,26495,1212763,5931,703785,490,78690,4709,337818,28070,865911,5248,1203729,California
Santa Clara,2021-05-08,17219,2012457,14121,1226884,2673,706458,425,79115,3714,328559,13413,879324,4154,1207883,California
Santa Clara,2021-05-09,10579,2023036,9207,1236091,1186,707644,186,79301,2333,322883,8208,887532,2532,1210415,California
Santa Clara,2021-05-10,21152,2044188,16979,1253070,3770,711414,403,79704,2645,307530,18422,905954,3069,1213484,California
Santa Clara,2021-05-11,22889,2067077,17325,1270395,5119,716533,445,80149,4025,293235,18771,924725,4476,1217960,California
Santa Clara,2021-05-12,21566,2088643,15886,1286281,5156,721689,524,80673,4245,280789,17221,941946,4775,1222735,California
Santa Clara,2021-05-13,28357,2117000,22981,1309262,5074,726763,302,80975,11266,275364,17002,958948,11577,1234312,California
Santa Clara,2021-05-14,27960,2144960,19567,1328829,8003,734766,390,81365,9640,267186,18221,977169,10043,1244355,California
Santa Clara,2021-05-15,21010,2165970,16904,1345733,3825,738591,281,81646,8141,262835,12781,989950,8430,1252785,California
Santa Clara,2021-05-16,16420,2182390,13426,1359159,2818,741409,176,81822,5366,257410,10970,1000920,5545,1258330,California
Santa Clara,2021-05-17,20440,2202830,16086,1375245,3986,745395,368,82190,6866,251149,13497,1014417,7236,1265566,California
Santa Clara,2021-05-18,26188,2229018,16742,1391987,9031,754426,415,82605,7167,239850,18882,1033299,7583,1273149,California
Santa Clara,2021-05-19,24626,2253644,14415,1406402,9788,764214,423,83028,7304,230376,17208,1050507,7734,1280883,California
Santa Clara,2021-05-20,18536,2272180,12200,1418602,5885,770099,451,83479,6098,224574,12347,1062854,6545,1287428,California
Santa Clara,2021-05-21,22340,2294520,14850,1433452,6993,777092,497,83976,7383,217621,14847,1077701,7894,1295322,California
Santa Clara,2021-05-22,12992,2307512,9842,1443294,2795,779887,355,84331,5691,216437,7235,1084936,6051,1301373,California
Santa Clara,2021-05-23,8407,2315919,6255,1449549,1950,781837,202,84533,3378,215036,4983,1089919,3582,1304955,California
Santa Clara,2021-05-24,10912,2326831,7875,1457424,2588,784425,449,84982,3786,212207,7065,1096984,4236,1309191,California
Santa Clara,2021-05-25,11493,2338324,7957,1465381,3117,787542,419,85401,4401,210010,7015,1103999,4818,1314009,California
Santa Clara,2021-05-26,10433,2348757,6771,1472152,3325,790867,337,85738,3961,207936,6366,1110365,4292,1318301,California
Santa Clara,2021-05-27,9414,2358171,6009,1478161,2930,793797,475,86213,3512,206082,5834,1116199,3980,1322281,California
Santa Clara,2021-05-28,10904,2369075,7074,1485235,3401,797198,429,86642,4446,204568,6391,1122590,4877,1327158,California
Santa Clara,2021-05-29,6354,2375429,4333,1489568,1739,798937,282,86924,2707,203950,3604,1126194,2986,1330144,California
Santa Clara,2021-05-30,3860,2379289,2904,1492472,747,799684,209,87133,1828,203983,2003,1128197,2036,1332180,California
Santa Clara,2021-05-31,1097,2380386,629,1493101,359,800043,109,87242,439,203881,650,1128847,548,1332728,California
Santa Clara,2021-06-01,9082,2389468,6379,1499480,2319,802362,384,87626,3010,201279,5995,1134842,3393,1336121,California
Santa Clara,2021-06-02,7710,2397178,5540,1505020,1818,804180,352,87978,2907,199784,4745,1139587,3250,1339371,California
Santa Clara,2021-06-03,12243,2409421,10137,1515157,1739,805919,367,88345,2630,193231,9553,1149140,3000,1342371,California
Santa Clara,2021-06-04,13620,2423041,11405,1526562,1899,807818,316,88661,3283,186551,10272,1159412,3592,1345963,California
Santa Clara,2021-06-05,10506,2433547,9035,1535597,1211,809029,260,88921,2191,180738,8262,1167674,2449,1348412,California
Santa Clara,2021-06-06,6930,2440477,6179,1541776,597,809626,154,89075,1353,176721,5523,1173197,1506,1349918,California
Santa Clara,2021-06-07,9931,2450408,8372,1550148,1317,810943,242,89317,2295,171659,7597,1180794,2535,1352453,California
Santa Clara,2021-06-08,9173,2459581,7494,1557642,1409,812352,270,89587,2455,167721,6660,1187454,2722,1355175,California
Santa Clara,2021-06-09,9535,2469116,7955,1565597,1327,813679,253,89840,2258,163014,7213,1194667,2506,1357681,California
Santa Clara,2021-06-10,8330,2477446,6914,1572511,1086,814765,330,90170,2250,159564,6026,1200693,2576,1360257,California
Santa Clara,2021-06-11,10238,2487684,8693,1581204,1267,816032,278,90448,2520,154695,7667,1208360,2798,1363055,California
Santa Clara,2021-06-12,7181,2494865,5983,1587187,1033,817065,165,90613,1696,151117,5440,1213800,1862,1364917,California
Santa Clara,2021-06-13,3743,2498608,3024,1590211,606,817671,113,90726,870,149251,2849,1216649,983,1365900,California
Santa Clara,2021-06-14,5975,2504583,4830,1595041,912,818583,233,90959,1944,147431,3997,1220646,2177,1368077,California
Santa Clara,2021-06-15,7368,2511951,5967,1601008,1100,819683,301,91260,2078,144572,5240,1225886,2381,1370458,California
Santa Clara,2021-06-16,6369,2518320,5155,1606163,906,820589,308,91568,2092,142744,4229,1230115,2401,1372859,California
Santa Clara,2021-06-17,5366,2523686,4347,1610510,774,821363,245,91813,1835,141360,3460,1233575,2076,1374935,California
Santa Clara,2021-06-18,5446,2529132,4393,1614903,881,822244,172,91985,1790,139747,3574,1237149,1961,1376896,California
Santa Clara,2021-06-19,4528,2533660,3622,1618525,705,822949,201,92186,1285,138028,3205,1240354,1486,1378382,California
Santa Clara,2021-06-20,2144,2535804,1759,1620284,321,823270,64,92250,677,137320,1449,1241803,741,1379123,California
Santa Clara,2021-06-21,3699,2539503,2784,1623068,687,823957,228,92478,1805,137489,1861,1243664,2030,1381153,California
Santa Clara,2021-06-22,5091,2544594,4062,1627130,805,824762,224,92702,1710,136078,3343,1247007,1932,1383085,California
Santa Clara,2021-06-23,4476,2549070,3521,1630651,755,825517,200,92902,1607,135048,2835,1249842,1805,1384890,California
Santa Clara,2021-06-24,4366,2553436,3378,1634029,784,826301,204,93106,1611,134161,2702,1252544,1815,1386705,California
Santa Clara,2021-06-25,5522,2558958,4511,1638540,801,827102,210,93316,1894,132687,3574,1256118,2100,1388805,California
Santa Clara,2021-06-26,3684,2562642,2936,1641476,609,827711,139,93455,1334,131848,2310,1258428,1471,1390276,California
Santa Clara,2021-06-27,1985,2564627,1548,1643024,350,828061,87,93542,684,131331,1287,1259715,770,1391046,California
Santa Clara,2021-06-28,4056,2568683,3422,1646446,407,828468,227,93769,1556,130639,2472,1262187,1780,1392826,California
Santa Clara,2021-06-29,4132,2572815,3218,1649664,732,829200,182,93951,1589,129903,2507,1264694,1771,1394597,California
Santa Clara,2021-06-30,3698,2576513,2893,1652557,629,829829,176,94127,1420,129249,2253,1266947,1599,1396196,California
Santa Clara,2021-07-01,3478,2579991,2760,1655317,530,830359,188,94315,1328,128633,2131,1269078,1515,1397711,California
Santa Clara,2021-07-02,2941,2582932,2275,1657592,522,830881,144,94459,1097,128056,1820,1270898,1243,1398954,California
Santa Cruz,2020-12-15,2,2,2,2,0,0,0,0,2,2,0,0,2,2,California
Santa Cruz,2020-12-16,57,59,57,59,0,0,0,0,57,59,0,0,57,59,California
Santa Cruz,2020-12-17,389,448,389,448,0,0,0,0,389,448,0,0,389,448,California
Santa Cruz,2020-12-18,465,913,465,913,0,0,0,0,465,913,0,0,465,913,California
Santa Cruz,2020-12-19,183,1096,182,1095,1,1,0,0,183,1096,0,0,183,1096,California
Santa Cruz,2020-12-20,93,1189,93,1188,0,1,0,0,93,1189,0,0,93,1189,California
Santa Cruz,2020-12-21,437,1626,436,1624,1,2,0,0,437,1626,0,0,437,1626,California
Santa Cruz,2020-12-22,423,2049,422,2046,1,3,0,0,423,2049,0,0,423,2049,California
Santa Cruz,2020-12-23,369,2418,325,2371,44,47,0,0,369,2418,0,0,369,2418,California
Santa Cruz,2020-12-24,123,2541,47,2418,76,123,0,0,123,2541,0,0,123,2541,California
Santa Cruz,2020-12-25,9,2550,9,2427,0,123,0,0,9,2550,0,0,9,2550,California
Santa Cruz,2020-12-26,65,2615,46,2473,19,142,0,0,65,2615,0,0,65,2615,California
Santa Cruz,2020-12-27,32,2647,27,2500,5,147,0,0,32,2647,0,0,32,2647,California
Santa Cruz,2020-12-28,483,3130,108,2608,375,522,0,0,483,3130,0,0,483,3130,California
Santa Cruz,2020-12-29,795,3925,367,2975,428,950,0,0,795,3925,0,0,795,3925,California
Santa Cruz,2020-12-30,357,4282,165,3140,192,1142,0,0,357,4282,0,0,357,4282,California
Santa Cruz,2020-12-31,311,4593,11,3151,300,1442,0,0,311,4593,0,0,311,4593,California
Santa Cruz,2021-01-01,33,4626,1,3152,32,1474,0,0,33,4626,0,0,33,4626,California
Santa Cruz,2021-01-02,68,4694,55,3207,13,1487,0,0,68,4694,0,0,68,4694,California
Santa Cruz,2021-01-03,15,4709,7,3214,8,1495,0,0,15,4709,0,0,15,4709,California
Santa Cruz,2021-01-04,281,4990,123,3337,158,1653,0,0,279,4988,0,0,279,4988,California
Santa Cruz,2021-01-05,571,5561,434,3771,137,1790,0,0,269,4955,302,302,269,5257,California
Santa Cruz,2021-01-06,801,6362,669,4440,132,1922,0,0,463,5081,337,639,463,5720,California
Santa Cruz,2021-01-07,538,6900,211,4651,327,2249,0,0,384,5312,154,793,385,6105,California
Santa Cruz,2021-01-08,940,7840,566,5217,374,2623,0,0,491,5355,449,1242,492,6597,California
Santa Cruz,2021-01-09,469,8309,127,5344,342,2965,0,0,411,5708,58,1300,411,7008,California
Santa Cruz,2021-01-10,77,8386,68,5412,9,2974,0,0,20,5671,57,1357,20,7028,California
Santa Cruz,2021-01-11,729,9115,592,6004,137,3111,0,0,195,5333,534,1891,196,7224,California
Santa Cruz,2021-01-12,734,9849,530,6534,204,3315,0,0,491,5581,243,2134,491,7715,California
Santa Cruz,2021-01-13,532,10381,234,6768,298,3613,0,0,445,5942,84,2218,445,8160,California
Santa Cruz,2021-01-14,556,10937,103,6871,453,4066,0,0,490,6366,66,2284,490,8650,California
Santa Cruz,2021-01-15,1459,12396,77,6948,1382,5448,0,0,1395,7699,64,2348,1397,10047,California
Santa Cruz,2021-01-16,423,12819,53,7001,370,5818,0,0,404,8084,19,2367,404,10451,California
Santa Cruz,2021-01-17,299,13118,41,7042,258,6076,0,0,274,8333,25,2392,274,10725,California
Santa Cruz,2021-01-18,1013,14131,102,7144,911,6987,0,0,951,9222,62,2454,951,11676,California
Santa Cruz,2021-01-19,1627,15758,525,7669,1102,8089,0,0,1275,10148,350,2804,1276,12952,California
Santa Cruz,2021-01-20,1251,17009,182,7851,1069,9158,0,0,1049,10998,199,3003,1049,14001,California
Santa Cruz,2021-01-21,1753,18762,227,8078,1526,10684,0,0,1644,12535,109,3112,1646,15647,California
Santa Cruz,2021-01-22,1805,20567,525,8603,1280,11964,0,0,1702,14138,100,3212,1703,17350,California
Santa Cruz,2021-01-23,404,20971,150,8753,254,12218,0,0,344,14423,59,3271,344,17694,California
Santa Cruz,2021-01-24,111,21082,19,8772,92,12310,0,0,94,14500,17,3288,94,17788,California
Santa Cruz,2021-01-25,1062,22144,363,9135,699,13009,0,0,551,14540,511,3799,551,18339,California
Santa Cruz,2021-01-26,1698,23842,253,9388,1445,14454,0,0,1184,15210,514,4313,1184,19523,California
Santa Cruz,2021-01-27,1678,25520,456,9844,1222,15676,0,0,1288,16110,388,4701,1288,20811,California
Santa Cruz,2021-01-28,1768,27288,292,10136,1476,17152,0,0,1490,17323,278,4979,1491,22302,California
Santa Cruz,2021-01-29,1752,29040,492,10628,1260,18412,0,0,1618,18808,133,5112,1618,23920,California
Santa Cruz,2021-01-30,1075,30115,309,10937,766,19178,0,0,940,19613,135,5247,940,24860,California
Santa Cruz,2021-01-31,222,30337,110,11047,112,19290,0,0,208,19807,14,5261,208,25068,California
Santa Cruz,2021-02-01,1233,31570,756,11803,477,19767,0,0,825,20224,408,5669,825,25893,California
Santa Cruz,2021-02-02,1021,32591,130,11933,891,20658,0,0,865,20934,155,5824,865,26758,California
Santa Cruz,2021-02-03,2236,34827,956,12889,1280,21938,0,0,1919,22541,312,6136,1919,28677,California
Santa Cruz,2021-02-04,1854,36681,767,13656,1087,23025,0,0,1510,23709,342,6478,1510,30187,California
Santa Cruz,2021-02-05,3178,39859,789,14445,2389,25414,0,0,2858,26248,319,6797,2858,33045,California
Santa Cruz,2021-02-06,2582,42441,157,14602,2425,27839,0,0,2236,28138,346,7143,2236,35281,California
Santa Cruz,2021-02-07,917,43358,123,14725,794,28633,0,0,899,29019,18,7161,899,36180,California
Santa Cruz,2021-02-08,716,44074,200,14925,516,29149,0,0,517,29338,198,7359,517,36697,California
Santa Cruz,2021-02-09,2374,46448,1056,15981,1318,30467,0,0,2107,31178,267,7626,2107,38804,California
Santa Cruz,2021-02-10,2213,48661,576,16557,1637,32104,0,0,1510,31997,692,8318,1511,40315,California
Santa Cruz,2021-02-11,1866,50527,318,16875,1548,33652,0,0,1313,32759,551,8869,1313,41628,California
Santa Cruz,2021-02-12,3248,53775,425,17300,2823,36475,0,0,1829,33180,1410,10279,1831,43459,California
Santa Cruz,2021-02-13,1733,55508,125,17425,1608,38083,0,0,1319,34086,413,10692,1319,44778,California
Santa Cruz,2021-02-14,1408,56916,68,17493,1340,39423,0,0,1146,34970,262,10954,1146,45924,California
Santa Cruz,2021-02-15,1591,58507,283,17776,1308,40731,0,0,567,34514,1024,11978,568,46492,California
Santa Cruz,2021-02-16,1715,60222,216,17992,1499,42230,0,0,541,33903,1152,13130,541,47033,California
Santa Cruz,2021-02-17,2934,63156,981,18973,1953,44183,0,0,1221,33427,1700,14830,1224,48257,California
Santa Cruz,2021-02-18,2903,66059,640,19613,2263,46446,0,0,1232,32994,1665,16495,1232,49489,California
Santa Cruz,2021-02-19,3289,69348,1158,20771,2131,48577,0,0,2016,33740,1270,17765,2016,51505,California
Santa Cruz,2021-02-20,2444,71792,1533,22304,911,49488,0,0,1913,35122,531,18296,1913,53418,California
Santa Cruz,2021-02-21,870,72662,379,22683,491,49979,0,0,739,35732,129,18425,739,54157,California
Santa Cruz,2021-02-22,1305,73967,1011,23694,294,50273,0,0,548,35526,754,19179,548,54705,California
Santa Cruz,2021-02-23,2134,76101,960,24654,1174,51447,0,0,723,34840,1409,20588,723,55428,California
Santa Cruz,2021-02-24,3232,79333,1682,26336,1550,52997,0,0,1222,34057,2005,22593,1222,56650,California
Santa Cruz,2021-02-25,3274,82607,1445,27781,1829,54826,0,0,1805,34404,1460,24053,1807,58457,California
Santa Cruz,2021-02-26,2751,85358,768,28549,1983,56809,0,0,1568,34796,1178,25231,1570,60027,California
Santa Cruz,2021-02-27,2648,88006,932,29481,1715,58524,1,1,1845,35841,801,26032,1846,61873,California
Santa Cruz,2021-02-28,1312,89318,371,29852,941,59465,0,1,1087,36706,222,26254,1087,62960,California
Santa Cruz,2021-03-01,1910,91228,1255,31107,655,60120,0,1,723,36245,1184,27438,723,63683,California
Santa Cruz,2021-03-02,1556,92784,372,31479,1184,61304,0,1,874,36441,681,28119,877,64560,California
Santa Cruz,2021-03-03,2377,95161,646,32125,1731,63035,0,1,1304,36674,1071,29190,1304,65864,California
Santa Cruz,2021-03-04,3021,98182,1419,33544,1601,64636,1,2,2029,37725,980,30170,2031,67895,California
Santa Cruz,2021-03-05,2652,100834,502,34046,2132,66768,18,20,1160,37414,1489,31659,1178,69073,California
Santa Cruz,2021-03-06,3877,104711,1347,35393,2424,69192,106,126,2164,37971,1712,33371,2269,71342,California
Santa Cruz,2021-03-07,1351,106062,128,35521,1150,70342,73,199,560,37815,789,34160,633,71975,California
Santa Cruz,2021-03-08,1120,107182,225,35746,764,71106,131,330,672,38168,448,34608,801,72776,California
Santa Cruz,2021-03-09,1825,109007,273,36019,1400,72506,152,482,725,37949,1096,35704,877,73653,California
Santa Cruz,2021-03-10,3906,112913,2102,38121,1654,74160,150,632,2017,38230,1887,37591,2168,75821,California
Santa Cruz,2021-03-11,2842,115755,1231,39352,1436,75596,175,807,1561,38689,1280,38871,1739,77560,California
Santa Cruz,2021-03-12,2794,118549,890,40242,1608,77204,296,1103,928,38049,1862,40733,1222,78782,California
Santa Cruz,2021-03-13,2349,120898,1344,41586,963,78167,42,1145,1186,38117,1160,41893,1228,80010,California
Santa Cruz,2021-03-14,916,121814,221,41807,682,78849,13,1158,439,38093,475,42368,451,80461,California
Santa Cruz,2021-03-15,1367,123181,479,42286,851,79700,37,1195,582,37932,781,43149,620,81081,California
Santa Cruz,2021-03-16,2390,125571,1148,43434,1197,80897,45,1240,1381,38352,1004,44153,1424,82505,California
Santa Cruz,2021-03-17,4072,129643,2418,45852,1643,82540,11,1251,2693,39686,1372,45525,2706,85211,California
Santa Cruz,2021-03-18,3955,133598,2133,47985,1703,84243,119,1370,2134,40120,1818,47343,2252,87463,California
Santa Cruz,2021-03-19,3465,137063,1379,49364,1862,86105,224,1594,1824,40532,1636,48979,2048,89511,California
Santa Cruz,2021-03-20,2246,139309,1648,51012,531,86636,67,1661,1102,40558,1143,50122,1169,90680,California
Santa Cruz,2021-03-21,883,140192,477,51489,280,86916,126,1787,474,40753,406,50528,601,91281,California
Santa Cruz,2021-03-22,1445,141637,884,52373,538,87454,23,1810,1011,41358,430,50958,1035,92316,California
Santa Cruz,2021-03-23,2624,144261,1474,53847,1099,88553,51,1861,1750,42288,871,51829,1801,94117,California
Santa Cruz,2021-03-24,3146,147407,2131,55978,994,89547,21,1882,2088,43345,1051,52880,2108,96225,California
Santa Cruz,2021-03-25,2681,150088,1347,57325,1297,90844,37,1919,1356,43420,1317,54197,1392,97617,California
Santa Cruz,2021-03-26,3169,153257,1836,59161,1305,92149,28,1947,2153,44591,1009,55206,2180,99797,California
Santa Cruz,2021-03-27,3245,156502,2022,61183,1196,93345,27,1974,1512,44410,1722,56928,1541,101338,California
Santa Cruz,2021-03-28,937,157439,579,61762,344,93689,14,1988,493,44477,440,57368,507,101845,California
Santa Cruz,2021-03-29,2016,159455,891,62653,1058,94747,67,2055,1278,45088,734,58102,1345,103190,California
Santa Cruz,2021-03-30,2742,162197,826,63479,1752,96499,164,2219,1739,45991,999,59101,1902,105092,California
Santa Cruz,2021-03-31,4212,166409,2849,66328,1313,97812,50,2269,2215,46264,1992,61093,2265,107357,California
Santa Cruz,2021-04-01,4087,170496,2178,68506,1800,99612,109,2378,2071,46434,2009,63102,2179,109536,California
Santa Cruz,2021-04-02,3329,173825,1435,69941,1713,101325,181,2559,1900,47090,1425,64527,2081,111617,California
Santa Cruz,2021-04-03,2281,176106,1244,71185,901,102226,136,2695,891,46728,1388,65915,1026,112643,California
Santa Cruz,2021-04-04,944,177050,493,71678,395,102621,56,2751,551,46941,393,66308,606,113249,California
Santa Cruz,2021-04-05,2280,179330,797,72475,1316,103937,167,2918,1400,47630,879,67187,1568,114817,California
Santa Cruz,2021-04-06,3435,182765,1670,74145,1382,105319,383,3301,1976,48535,1448,68635,2353,117170,California
Santa Cruz,2021-04-07,4225,186990,1669,75814,2185,107504,371,3672,1819,48320,2403,71038,2188,119358,California
Santa Cruz,2021-04-08,4330,191320,2376,78190,1429,108933,525,4197,2548,49621,1770,72808,3071,122429,California
Santa Cruz,2021-04-09,3757,195077,1529,79719,1817,110750,411,4608,2111,50505,1639,74447,2523,124952,California
Santa Cruz,2021-04-10,2304,197381,1104,80823,938,111688,262,4870,1086,50637,1214,75661,1346,126298,California
Santa Cruz,2021-04-11,1016,198397,534,81357,387,112075,95,4965,494,50703,522,76183,588,126886,California
Santa Cruz,2021-04-12,2353,200750,843,82200,1084,113159,426,5391,1125,51040,1214,77397,1551,128437,California
Santa Cruz,2021-04-13,2974,203724,1479,83679,1493,114652,2,5393,1667,51411,1298,78695,1669,130106,California
Santa Cruz,2021-04-14,4774,208498,2301,85980,2473,117125,0,5393,2303,51256,2460,81155,2305,132411,California
Santa Cruz,2021-04-15,5131,213629,3252,89232,1879,119004,0,5393,3208,52558,1908,83063,3210,135621,California
Santa Cruz,2021-04-16,4621,218250,2561,91793,2058,121062,2,5395,2497,52944,2115,85178,2501,138122,California
Santa Cruz,2021-04-17,2288,220538,912,92705,1376,122438,0,5395,1503,53665,782,85960,1503,139625,California
Santa Cruz,2021-04-18,1116,221654,554,93259,561,122999,1,5396,607,53768,505,86465,608,140233,California
Santa Cruz,2021-04-19,2607,224261,1534,94793,1072,124071,1,5397,1616,54396,988,87453,1616,141849,California
Santa Cruz,2021-04-20,3290,227551,1760,96553,1530,125601,0,5397,1862,54842,1416,88869,1862,143711,California
Santa Cruz,2021-04-21,4434,231985,2982,99535,1452,127053,0,5397,2394,55216,2021,90890,2395,146106,California
Santa Cruz,2021-04-22,4404,236389,2986,102521,1418,128471,0,5397,2459,55741,1935,92825,2460,148566,California
Santa Cruz,2021-04-23,3239,239628,1761,104282,1477,129948,1,5398,1405,55323,1824,94649,1406,149972,California
Santa Cruz,2021-04-24,2263,241891,1089,105371,1171,131119,3,5401,693,54460,1559,96208,696,150668,California
Santa Cruz,2021-04-25,1094,242985,704,106075,377,131496,13,5414,452,54290,633,96841,463,151131,California
Santa Cruz,2021-04-26,2162,245147,1076,107151,1069,132565,17,5431,906,53970,1244,98085,924,152055,California
Santa Cruz,2021-04-27,3035,248182,1000,108151,1953,134518,82,5513,1519,54063,1508,99593,1601,153656,California
Santa Cruz,2021-04-28,3519,251701,1963,110114,1479,135997,77,5590,1847,54325,1659,101252,1921,155577,California
Santa Cruz,2021-04-29,3825,255526,2557,112671,1205,137202,63,5653,1345,53265,2470,103722,1410,156987,California
Santa Cruz,2021-04-30,2408,257934,1223,113894,1142,138344,43,5696,1013,52935,1387,105109,1057,158044,California
Santa Cruz,2021-05-01,1317,259251,1045,114939,239,138583,33,5729,602,52860,711,105820,636,158680,California
Santa Cruz,2021-05-02,655,259906,463,115402,166,138749,26,5755,214,52660,441,106261,241,158921,California
Santa Cruz,2021-05-03,1934,261840,1001,116403,866,139615,67,5822,655,52116,1268,107529,724,159645,California
Santa Cruz,2021-05-04,2738,264578,1599,118002,1068,140683,71,5893,878,51207,1856,109385,947,160592,California
Santa Cruz,2021-05-05,2829,267407,1426,119428,1322,142005,81,5974,746,49999,2040,111425,832,161424,California
Santa Cruz,2021-05-06,3914,271321,2503,121931,1190,143195,221,6195,879,48080,3016,114441,1097,162521,California
Santa Cruz,2021-05-07,2808,274129,1301,123232,1424,144619,83,6278,437,46237,2365,116806,522,163043,California
Santa Cruz,2021-05-08,1425,275554,745,123977,652,145271,28,6306,392,45626,1033,117839,422,163465,California
Santa Cruz,2021-05-09,533,276087,338,124315,172,145443,23,6329,158,45434,373,118212,181,163646,California
Santa Cruz,2021-05-10,2115,278202,1275,125590,774,146217,66,6395,410,44213,1697,119909,476,164122,California
Santa Cruz,2021-05-11,2428,280630,1378,126968,961,147178,89,6484,644,43166,1779,121688,732,164854,California
Santa Cruz,2021-05-12,3233,283863,1408,128376,1744,148922,81,6565,557,41139,2666,124354,639,165493,California
Santa Cruz,2021-05-13,3936,287799,2664,131040,1178,150100,94,6659,1394,40092,2537,126891,1490,166983,California
Santa Cruz,2021-05-14,2995,290794,1630,132670,1325,151425,40,6699,1132,39412,1855,128746,1175,168158,California
Santa Cruz,2021-05-15,2288,293082,1322,133992,954,152379,12,6711,1108,39355,1177,129923,1120,169278,California
Santa Cruz,2021-05-16,811,293893,433,134425,356,152735,22,6733,252,39073,557,130480,275,169553,California
Santa Cruz,2021-05-17,1553,295446,802,135227,680,153415,71,6804,528,38648,1024,131504,599,170152,California
Santa Cruz,2021-05-18,2336,297782,1433,136660,879,154294,24,6828,1107,38557,1222,132726,1131,171283,California
Santa Cruz,2021-05-19,3122,300904,1876,138536,1209,155503,37,6865,1305,38092,1807,134533,1342,172625,California
Santa Cruz,2021-05-20,3395,304299,2429,140965,818,156321,148,7013,1564,37978,1826,136359,1712,174337,California
Santa Cruz,2021-05-21,1780,306079,913,141878,778,157099,89,7102,604,37501,1170,137529,693,175030,California
Santa Cruz,2021-05-22,1726,307805,1332,143210,383,157482,11,7113,599,36989,1123,138652,611,175641,California
Santa Cruz,2021-05-23,479,308284,270,143480,190,157672,19,7132,149,36830,327,138979,168,175809,California
Santa Cruz,2021-05-24,1190,309474,687,144167,424,158096,79,7211,300,36327,882,139861,379,176188,California
Santa Cruz,2021-05-25,2284,311758,1303,145470,936,159032,45,7256,460,35154,1678,141539,505,176693,California
Santa Cruz,2021-05-26,1751,313509,819,146289,887,159919,45,7301,472,34406,1265,142804,517,177210,California
Santa Cruz,2021-05-27,1324,314833,717,147006,502,160421,105,7406,442,34078,875,143679,547,177757,California
Santa Cruz,2021-05-28,846,315679,373,147379,443,160864,30,7436,357,33986,480,144159,388,178145,California
Santa Cruz,2021-05-29,594,316273,337,147716,244,161108,13,7449,319,34045,273,144432,332,178477,California
Santa Cruz,2021-05-30,243,316516,120,147836,109,161217,14,7463,93,34004,147,144579,106,178583,California
Santa Cruz,2021-05-31,145,316661,63,147899,81,161298,1,7464,45,33951,99,144678,46,178629,California
Santa Cruz,2021-06-01,946,317607,578,148477,355,161653,13,7477,340,33699,604,145282,352,178981,California
Santa Cruz,2021-06-02,900,318507,525,149002,334,161987,41,7518,337,33519,558,145840,378,179359,California
Santa Cruz,2021-06-03,2280,320787,1536,150538,706,162693,38,7556,532,32351,1738,147578,570,179929,California
Santa Cruz,2021-06-04,1059,321846,726,151264,299,162992,34,7590,244,31822,808,148386,279,180208,California
Santa Cruz,2021-06-05,1032,322878,834,152098,193,163185,5,7595,190,31179,838,149224,195,180403,California
Santa Cruz,2021-06-06,408,323286,300,152398,91,163276,17,7612,110,31011,295,149519,127,180530,California
Santa Cruz,2021-06-07,851,324137,633,153031,188,163464,30,7642,233,30657,617,150136,263,180793,California
Santa Cruz,2021-06-08,1467,325604,1170,154201,271,163735,26,7668,308,29838,1154,151290,335,181128,California
Santa Cruz,2021-06-09,1435,327039,1130,155331,288,164023,17,7685,284,28996,1144,152434,302,181430,California
Santa Cruz,2021-06-10,1953,328992,1602,156933,284,164307,67,7752,345,27803,1602,154036,409,181839,California
Santa Cruz,2021-06-11,816,329808,505,157438,276,164583,35,7787,283,27592,527,154563,316,182155,California
Santa Cruz,2021-06-12,965,330773,847,158285,112,164695,6,7793,165,26966,797,155360,171,182326,California
Santa Cruz,2021-06-13,200,330973,132,158417,46,164741,22,7815,30,26848,170,155530,52,182378,California
Santa Cruz,2021-06-14,554,331527,355,158772,164,164905,35,7850,161,26653,390,155920,195,182573,California
Santa Cruz,2021-06-15,923,332450,677,159449,224,165129,22,7872,333,26422,587,156507,356,182929,California
Santa Cruz,2021-06-16,801,333251,594,160043,173,165302,34,7906,259,26176,538,157045,292,183221,California
Santa Cruz,2021-06-17,795,334046,617,160660,139,165441,39,7945,297,26016,495,157540,335,183556,California
Santa Cruz,2021-06-18,639,334685,390,161050,219,165660,30,7975,286,25983,349,157889,316,183872,California
Santa Cruz,2021-06-19,328,335013,259,161309,63,165723,6,7981,116,25896,209,158098,122,183994,California
Santa Cruz,2021-06-20,161,335174,114,161423,29,165752,18,7999,69,25891,92,158190,87,184081,California
Santa Cruz,2021-06-21,348,335522,246,161669,83,165835,19,8018,181,25926,165,158355,200,184281,California
Santa Cruz,2021-06-22,670,336192,471,162140,169,166004,30,8048,261,25810,408,158763,292,184573,California
Santa Cruz,2021-06-23,394,336586,280,162420,104,166108,10,8058,192,25814,196,158959,200,184773,California
Santa Cruz,2021-06-24,533,337119,379,162799,111,166219,43,8101,214,25753,317,159276,256,185029,California
Santa Cruz,2021-06-25,513,337632,331,163130,157,166376,25,8126,229,25727,280,159556,254,185283,California
Santa Cruz,2021-06-26,260,337892,162,163292,89,166465,9,8135,106,25690,152,159708,115,185398,California
Santa Cruz,2021-06-27,182,338074,133,163425,19,166484,30,8165,65,25668,117,159825,95,185493,California
Santa Cruz,2021-06-28,473,338547,384,163809,77,166561,12,8177,208,25624,264,160089,220,185713,California
Santa Cruz,2021-06-29,733,339280,571,164380,135,166696,27,8204,284,25488,446,160535,310,186023,California
Santa Cruz,2021-06-30,422,339702,289,164669,111,166807,22,8226,180,25450,240,160775,202,186225,California
Santa Cruz,2021-07-01,398,340100,287,164956,102,166909,9,8235,176,25416,219,160994,185,186410,California
Santa Cruz,2021-07-02,332,340432,248,165204,68,166977,16,8251,148,25402,178,161172,164,186574,California
Shasta,2020-12-16,131,131,131,131,0,0,0,0,131,131,0,0,131,131,California
Shasta,2020-12-17,422,553,422,553,0,0,0,0,422,553,0,0,422,553,California
Shasta,2020-12-18,166,719,166,719,0,0,0,0,166,719,0,0,166,719,California
Shasta,2020-12-19,1,720,1,720,0,0,0,0,1,720,0,0,1,720,California
Shasta,2020-12-21,79,799,79,799,0,0,0,0,79,799,0,0,79,799,California
Shasta,2020-12-22,201,1000,196,995,5,5,0,0,201,1000,0,0,201,1000,California
Shasta,2020-12-23,173,1173,169,1164,4,9,0,0,173,1173,0,0,173,1173,California
Shasta,2020-12-24,19,1192,19,1183,0,9,0,0,19,1192,0,0,19,1192,California
Shasta,2020-12-26,4,1196,1,1184,3,12,0,0,4,1196,0,0,4,1196,California
Shasta,2020-12-27,1,1197,0,1184,1,13,0,0,1,1197,0,0,1,1197,California
Shasta,2020-12-28,40,1237,31,1215,9,22,0,0,40,1237,0,0,40,1237,California
Shasta,2020-12-29,186,1423,185,1400,1,23,0,0,186,1423,0,0,186,1423,California
Shasta,2020-12-30,177,1600,167,1567,10,33,0,0,177,1600,0,0,177,1600,California
Shasta,2020-12-31,83,1683,2,1569,81,114,0,0,83,1683,0,0,83,1683,California
Shasta,2021-01-02,2,1685,0,1569,2,116,0,0,2,1685,0,0,2,1685,California
Shasta,2021-01-03,1,1686,1,1570,0,116,0,0,1,1686,0,0,1,1686,California
Shasta,2021-01-04,374,2060,308,1878,66,182,0,0,375,2061,0,0,375,2061,California
Shasta,2021-01-05,338,2398,315,2193,23,205,0,0,256,2235,82,82,256,2317,California
Shasta,2021-01-06,466,2864,395,2588,71,276,0,0,203,2176,262,344,203,2520,California
Shasta,2021-01-07,127,2991,37,2625,90,366,0,0,105,2259,22,366,105,2625,California
Shasta,2021-01-08,524,3515,447,3072,77,443,0,0,316,2367,208,574,316,2941,California
Shasta,2021-01-09,73,3588,64,3136,9,452,0,0,71,2436,2,576,71,3012,California
Shasta,2021-01-10,5,3593,0,3136,5,457,0,0,3,2439,2,578,5,3017,California
Shasta,2021-01-11,416,4009,194,3330,222,679,0,0,372,2767,44,622,372,3389,California
Shasta,2021-01-12,489,4498,332,3662,157,836,0,0,313,2905,176,798,314,3703,California
Shasta,2021-01-13,602,5100,269,3931,333,1169,0,0,431,3165,171,969,431,4134,California
Shasta,2021-01-14,504,5604,52,3983,452,1621,0,0,486,3633,18,987,486,4620,California
Shasta,2021-01-15,690,6294,136,4119,554,2175,0,0,688,4319,2,989,688,5308,California
Shasta,2021-01-16,896,7190,53,4172,843,3018,0,0,893,5209,3,992,893,6201,California
Shasta,2021-01-17,27,7217,6,4178,21,3039,0,0,23,5228,4,996,23,6224,California
Shasta,2021-01-18,599,7816,129,4307,470,3509,0,0,591,5811,8,1004,591,6815,California
Shasta,2021-01-19,1078,8894,414,4721,664,4173,0,0,929,6591,149,1153,929,7744,California
Shasta,2021-01-20,759,9653,491,5212,268,4441,0,0,574,6985,180,1333,574,8318,California
Shasta,2021-01-21,689,10342,335,5547,354,4795,0,0,667,7630,22,1355,667,8985,California
Shasta,2021-01-22,450,10792,177,5724,273,5068,0,0,444,8068,6,1361,444,9429,California
Shasta,2021-01-23,69,10861,5,5729,64,5132,0,0,67,8133,2,1363,67,9496,California
Shasta,2021-01-24,26,10887,3,5732,23,5155,0,0,25,8157,1,1364,25,9521,California
Shasta,2021-01-25,763,11650,503,6235,260,5415,0,0,472,8339,290,1654,472,9993,California
Shasta,2021-01-26,713,12363,334,6569,379,5794,0,0,478,8585,232,1886,478,10471,California
Shasta,2021-01-27,463,12826,181,6750,282,6076,0,0,413,8949,49,1935,413,10884,California
Shasta,2021-01-28,919,13745,581,7331,338,6414,0,0,697,9424,222,2157,697,11581,California
Shasta,2021-01-29,833,14578,330,7661,503,6917,0,0,643,9879,189,2346,644,12225,California
Shasta,2021-01-30,615,15193,14,7675,601,7518,0,0,605,10474,10,2356,605,12830,California
Shasta,2021-01-31,27,15220,4,7679,23,7541,0,0,25,10497,2,2358,25,12855,California
Shasta,2021-02-01,532,15752,149,7828,383,7924,0,0,385,10735,147,2505,385,13240,California
Shasta,2021-02-02,994,16746,502,8330,492,8416,0,0,901,11545,91,2596,901,14141,California
Shasta,2021-02-03,728,17474,213,8543,515,8931,0,0,492,11802,235,2831,492,14633,California
Shasta,2021-02-04,1107,18581,680,9223,427,9358,0,0,911,12520,193,3024,911,15544,California
Shasta,2021-02-05,1269,19850,168,9391,1101,10459,0,0,1058,13369,209,3233,1058,16602,California
Shasta,2021-02-06,1745,21595,40,9431,1705,12164,0,0,1721,15067,24,3257,1722,18324,California
Shasta,2021-02-07,25,21620,3,9434,22,12186,0,0,23,15088,2,3259,23,18347,California
Shasta,2021-02-08,601,22221,170,9604,431,12617,0,0,308,15104,292,3551,308,18655,California
Shasta,2021-02-09,1129,23350,658,10262,471,13088,0,0,707,15390,422,3973,708,19363,California
Shasta,2021-02-10,1128,24478,791,11053,337,13425,0,0,544,15351,583,4556,544,19907,California
Shasta,2021-02-11,894,25372,188,11241,706,14131,0,0,316,15094,573,5129,316,20223,California
Shasta,2021-02-12,1805,27177,1218,12459,587,14718,0,0,1245,15779,560,5689,1245,21468,California
Shasta,2021-02-13,1382,28559,374,12833,1008,15726,0,0,569,15537,812,6501,570,22038,California
Shasta,2021-02-14,150,28709,5,12838,145,15871,0,0,124,15635,26,6527,124,22162,California
Shasta,2021-02-15,381,29090,93,12931,288,16159,0,0,211,15676,170,6697,211,22373,California
Shasta,2021-02-16,1204,30294,523,13454,681,16840,0,0,426,15326,776,7473,426,22799,California
Shasta,2021-02-17,1038,31332,439,13893,599,17439,0,0,411,15110,627,8100,411,23210,California
Shasta,2021-02-18,961,32293,475,14368,486,17925,0,0,462,15074,499,8599,463,23673,California
Shasta,2021-02-19,1346,33639,953,15321,393,18318,0,0,873,15475,472,9071,873,24546,California
Shasta,2021-02-20,818,34457,100,15421,718,19036,0,0,319,15295,499,9570,319,24865,California
Shasta,2021-02-21,33,34490,3,15424,30,19066,0,0,12,15286,21,9591,12,24877,California
Shasta,2021-02-22,436,34926,80,15504,356,19422,0,0,182,15215,253,9844,182,25059,California
Shasta,2021-02-23,920,35846,473,15977,447,19869,0,0,329,14953,591,10435,329,25388,California
Shasta,2021-02-24,901,36747,515,16492,386,20255,0,0,280,14614,619,11054,280,25668,California
Shasta,2021-02-25,530,37277,174,16666,356,20611,0,0,145,14376,383,11437,145,25813,California
Shasta,2021-02-26,797,38074,98,16764,699,21310,0,0,336,14253,459,11896,336,26149,California
Shasta,2021-02-27,886,38960,77,16841,809,22119,0,0,240,13852,641,12537,240,26389,California
Shasta,2021-02-28,176,39136,4,16845,172,22291,0,0,127,13930,49,12586,127,26516,California
Shasta,2021-03-01,588,39724,61,16906,527,22818,0,0,297,13937,290,12876,297,26813,California
Shasta,2021-03-02,1036,40760,475,17381,561,23379,0,0,337,13577,697,13573,337,27150,California
Shasta,2021-03-03,683,41443,175,17556,508,23887,0,0,246,13387,436,14009,246,27396,California
Shasta,2021-03-04,3107,44550,2489,20045,618,24505,0,0,1787,13859,1315,15324,1787,29183,California
Shasta,2021-03-05,1939,46489,163,20208,1747,26252,29,29,801,13551,1138,16462,830,30013,California
Shasta,2021-03-06,2755,49244,385,20593,2323,28575,47,76,857,12559,1896,18358,904,30917,California
Shasta,2021-03-07,93,49337,4,20597,57,28632,32,108,40,12577,53,18411,71,30988,California
Shasta,2021-03-08,573,49910,50,20647,384,29016,139,247,158,12460,413,18824,296,31284,California
Shasta,2021-03-09,1256,51166,596,21243,482,29498,178,425,696,12775,558,19382,873,32157,California
Shasta,2021-03-10,804,51970,257,21500,345,29843,202,627,142,12456,661,20043,342,32499,California
Shasta,2021-03-11,1557,53527,472,21972,814,30657,271,898,940,13053,613,20656,1210,33709,California
Shasta,2021-03-12,1561,55088,849,22821,466,31123,246,1144,410,12558,1150,21806,655,34364,California
Shasta,2021-03-13,822,55910,425,23246,299,31422,98,1242,494,12822,326,22132,590,34954,California
Shasta,2021-03-14,1017,56927,8,23254,986,32408,23,1265,878,13586,139,22271,903,35857,California
Shasta,2021-03-15,496,57423,36,23290,361,32769,99,1364,209,13606,287,22558,307,36164,California
Shasta,2021-03-16,1145,58568,150,23440,927,33696,68,1432,858,14246,286,22844,926,37090,California
Shasta,2021-03-17,742,59310,192,23632,492,34188,58,1490,396,14363,337,23181,454,37544,California
Shasta,2021-03-18,1548,60858,589,24221,855,35043,104,1594,1116,15155,428,23609,1220,38764,California
Shasta,2021-03-19,648,61506,198,24419,394,35437,56,1650,411,15386,236,23845,467,39231,California
Shasta,2021-03-20,747,62253,488,24907,245,35682,14,1664,543,15739,204,24049,557,39788,California
Shasta,2021-03-21,313,62566,298,25205,4,35686,11,1675,285,16008,27,24076,296,40084,California
Shasta,2021-03-22,349,62915,39,25244,274,35960,36,1711,199,16095,148,24224,235,40319,California
Shasta,2021-03-23,1313,64228,652,25896,602,36562,59,1770,757,16361,550,24774,816,41135,California
Shasta,2021-03-24,610,64838,154,26050,418,36980,38,1808,367,16524,242,25016,405,41540,California
Shasta,2021-03-25,1135,65973,452,26502,662,37642,21,1829,821,17056,311,25327,843,42383,California
Shasta,2021-03-26,1838,67811,1403,27905,405,38047,30,1859,1475,18200,362,25689,1506,43889,California
Shasta,2021-03-27,1596,69407,406,28311,318,38365,872,2731,579,18631,1015,26704,1446,45335,California
Shasta,2021-03-28,408,69815,301,28612,97,38462,10,2741,302,18839,104,26808,312,45647,California
Shasta,2021-03-29,422,70237,40,28652,370,38832,12,2753,166,18762,255,27063,178,45825,California
Shasta,2021-03-30,1247,71484,770,29422,460,39292,17,2770,625,18785,619,27682,642,46467,California
Shasta,2021-03-31,620,72104,207,29629,407,39699,6,2776,383,18941,233,27915,389,46856,California
Shasta,2021-04-01,897,73001,247,29876,637,40336,13,2789,575,19209,320,28235,588,47444,California
Shasta,2021-04-02,757,73758,198,30074,504,40840,55,2844,411,19332,343,28578,466,47910,California
Shasta,2021-04-03,512,74270,360,30434,133,40973,19,2863,387,19613,125,28703,406,48316,California
Shasta,2021-04-04,292,74562,175,30609,96,41069,21,2884,218,19778,74,28777,239,48555,California
Shasta,2021-04-05,445,75007,70,30679,312,41381,63,2947,254,19904,191,28968,317,48872,California
Shasta,2021-04-06,1172,76179,487,31166,507,41888,178,3125,540,19994,627,29595,717,49589,California
Shasta,2021-04-07,663,76842,215,31381,283,42171,165,3290,259,20016,400,29995,422,50011,California
Shasta,2021-04-08,1152,77994,264,31645,731,42902,157,3447,221,19465,927,30922,376,50387,California
Shasta,2021-04-09,2601,80595,2078,33723,310,43212,213,3660,2017,21114,577,31499,2226,52613,California
Shasta,2021-04-10,885,81480,597,34320,157,43369,131,3791,245,20849,639,32138,374,52987,California
Shasta,2021-04-11,1252,82732,399,34719,833,44202,20,3811,144,19909,1104,33242,164,53151,California
Shasta,2021-04-12,343,83075,7,34726,272,44474,64,3875,98,19826,244,33486,161,53312,California
Shasta,2021-04-13,1279,84354,368,35094,909,45383,2,3877,340,19233,934,34420,341,53653,California
Shasta,2021-04-14,595,84949,143,35237,450,45833,2,3879,220,19081,374,34794,222,53875,California
Shasta,2021-04-15,1085,86034,259,35496,825,46658,1,3880,301,18604,778,35572,301,54176,California
Shasta,2021-04-16,2362,88396,1861,37357,501,47159,0,3880,951,18146,1409,36981,951,55127,California
Shasta,2021-04-17,648,89044,417,37774,231,47390,0,3880,193,17885,455,37436,194,55321,California
Shasta,2021-04-18,270,89314,244,38018,26,47416,0,3880,35,17687,233,37669,35,55356,California
Shasta,2021-04-19,387,89701,28,38046,359,47775,0,3880,168,17636,219,37888,168,55524,California
Shasta,2021-04-20,1031,90732,266,38312,765,48540,0,3880,385,17377,644,38532,385,55909,California
Shasta,2021-04-21,624,91356,228,38540,396,48936,0,3880,317,17387,307,38839,317,56226,California
Shasta,2021-04-22,970,92326,286,38826,684,49620,0,3880,300,17019,668,39507,300,56526,California
Shasta,2021-04-23,668,92994,262,39088,406,50026,0,3880,339,17030,328,39835,339,56865,California
Shasta,2021-04-24,601,93595,358,39446,242,50268,1,3881,109,16649,490,40325,109,56974,California
Shasta,2021-04-25,210,93805,180,39626,29,50297,1,3882,36,16512,174,40499,37,57011,California
Shasta,2021-04-26,505,94310,57,39683,443,50740,5,3887,356,16725,147,40646,360,57371,California
Shasta,2021-04-27,553,94863,183,39866,331,51071,39,3926,302,16817,247,40893,339,57710,California
Shasta,2021-04-28,584,95447,166,40032,385,51456,33,3959,250,16765,334,41227,282,57992,California
Shasta,2021-04-29,783,96230,121,40153,638,52094,24,3983,179,16365,603,41830,203,58195,California
Shasta,2021-04-30,2277,98507,1848,42001,397,52491,32,4015,272,14666,2003,43833,304,58499,California
Shasta,2021-05-01,232,98739,21,42022,135,52626,76,4091,103,14716,129,43962,179,58678,California
Shasta,2021-05-02,49,98788,17,42039,19,52645,13,4104,22,14724,27,43989,35,58713,California
Shasta,2021-05-03,357,99145,99,42138,232,52877,26,4130,113,14621,242,44231,139,58852,California
Shasta,2021-05-04,536,99681,201,42339,296,53173,39,4169,252,14631,281,44512,291,59143,California
Shasta,2021-05-05,451,100132,152,42491,281,53454,18,4187,207,14612,244,44756,225,59368,California
Shasta,2021-05-06,692,100824,263,42754,389,53843,40,4227,296,14559,387,45143,334,59702,California
Shasta,2021-05-07,1120,101944,742,43496,338,54181,40,4267,301,14082,818,45961,341,60043,California
Shasta,2021-05-08,176,102120,85,43581,80,54261,11,4278,104,14124,72,46033,114,60157,California
Shasta,2021-05-09,65,102185,15,43596,45,54306,5,4283,34,14132,31,46064,39,60196,California
Shasta,2021-05-10,258,102443,23,43619,186,54492,49,4332,112,14147,144,46208,159,60355,California
Shasta,2021-05-11,523,102966,160,43779,212,54704,151,4483,182,14140,340,46548,333,60688,California
Shasta,2021-05-12,398,103364,147,43926,227,54931,24,4507,133,14033,264,46812,157,60845,California
Shasta,2021-05-13,580,103944,241,44167,322,55253,17,4524,225,13922,353,47165,242,61087,California
Shasta,2021-05-14,644,104588,274,44441,344,55597,26,4550,294,13894,349,47514,321,61408,California
Shasta,2021-05-15,398,104986,130,44571,165,55762,103,4653,168,13935,229,47743,270,61678,California
Shasta,2021-05-16,222,105208,155,44726,57,55819,10,4663,163,14049,59,47802,173,61851,California
Shasta,2021-05-17,538,105746,246,44972,232,56051,60,4723,282,14136,255,48057,342,62193,California
Shasta,2021-05-18,619,106365,293,45265,301,56352,25,4748,325,14193,293,48350,350,62543,California
Shasta,2021-05-19,589,106954,278,45543,243,56595,68,4816,278,14232,307,48657,346,62889,California
Shasta,2021-05-20,570,107524,255,45798,296,56891,19,4835,264,14211,303,48960,282,63171,California
Shasta,2021-05-21,656,108180,301,46099,336,57227,19,4854,331,14239,322,49282,350,63521,California
Shasta,2021-05-22,235,108415,134,46233,93,57320,8,4862,143,14302,89,49371,152,63673,California
Shasta,2021-05-23,112,108527,47,46280,56,57376,9,4871,67,14333,45,49416,76,63749,California
Shasta,2021-05-24,547,109074,171,46451,344,57720,32,4903,191,14202,354,49770,223,63972,California
Shasta,2021-05-25,467,109541,200,46651,222,57942,45,4948,159,14101,304,50074,203,64175,California
Shasta,2021-05-26,371,109912,146,46797,200,58142,25,4973,147,14050,223,50297,172,64347,California
Shasta,2021-05-27,418,110330,152,46949,257,58399,9,4982,154,13952,261,50558,163,64510,California
Shasta,2021-05-28,441,110771,197,47146,215,58614,29,5011,204,13951,234,50792,233,64743,California
Shasta,2021-05-29,226,110997,65,47211,130,58744,31,5042,88,13930,138,50930,117,64860,California
Shasta,2021-05-30,84,111081,48,47259,34,58778,2,5044,53,13954,31,50961,55,64915,California
Shasta,2021-05-31,34,111115,8,47267,25,58803,1,5045,11,13944,22,50983,12,64927,California
Shasta,2021-06-01,525,111640,155,47422,225,59028,145,5190,134,13840,384,51367,280,65207,California
Shasta,2021-06-02,293,111933,119,47541,165,59193,9,5199,119,13796,172,51539,128,65335,California
Shasta,2021-06-03,371,112304,159,47700,203,59396,9,5208,119,13673,251,51790,128,65463,California
Shasta,2021-06-04,565,112869,281,47981,256,59652,28,5236,197,13531,367,52157,225,65688,California
Shasta,2021-06-05,260,113129,154,48135,89,59741,17,5253,78,13446,181,52338,96,65784,California
Shasta,2021-06-06,162,113291,128,48263,32,59773,2,5255,48,13382,114,52452,50,65834,California
Shasta,2021-06-07,405,113696,236,48499,152,59925,17,5272,109,13213,295,52747,126,65960,California
Shasta,2021-06-08,514,114210,308,48807,160,60085,46,5318,152,13051,359,53106,197,66157,California
Shasta,2021-06-09,483,114693,272,49079,123,60208,88,5406,112,12882,368,53474,199,66356,California
Shasta,2021-06-10,411,115104,246,49325,140,60348,25,5431,127,12756,278,53752,152,66508,California
Shasta,2021-06-11,465,115569,253,49578,175,60523,37,5468,127,12583,336,54088,163,66671,California
Shasta,2021-06-12,211,115780,138,49716,67,60590,6,5474,77,12533,133,54221,83,66754,California
Shasta,2021-06-13,89,115869,55,49771,32,60622,2,5476,25,12496,64,54285,27,66781,California
Shasta,2021-06-14,284,116153,155,49926,111,60733,18,5494,83,12397,200,54485,101,66882,California
Shasta,2021-06-15,462,116615,233,50159,113,60846,116,5610,160,12371,296,54781,270,67152,California
Shasta,2021-06-16,256,116871,149,50308,95,60941,12,5622,82,12295,170,54951,94,67246,California
Shasta,2021-06-17,283,117154,118,50426,129,61070,36,5658,99,12247,183,55134,135,67381,California
Shasta,2021-06-18,367,117521,224,50650,122,61192,21,5679,154,12210,212,55346,175,67556,California
Shasta,2021-06-19,115,117636,75,50725,38,61230,2,5681,52,12202,62,55408,54,67610,California
Shasta,2021-06-20,56,117692,35,50760,18,61248,3,5684,21,12191,35,55443,24,67634,California
Shasta,2021-06-21,202,117894,64,50824,109,61357,29,5713,81,12181,120,55563,110,67744,California
Shasta,2021-06-22,372,118266,142,50966,81,61438,149,5862,94,12144,270,55833,233,67977,California
Shasta,2021-06-23,221,118487,131,51097,73,61511,17,5879,93,12127,127,55960,110,68087,California
Shasta,2021-06-24,226,118713,137,51234,71,61582,18,5897,91,12103,133,56093,109,68196,California
Shasta,2021-06-25,298,119011,203,51437,82,61664,13,5910,123,12063,175,56268,135,68331,California
Shasta,2021-06-26,137,119148,80,51517,47,61711,10,5920,55,12047,81,56349,65,68396,California
Shasta,2021-06-27,68,119216,45,51562,19,61730,4,5924,24,12031,44,56393,28,68424,California
Shasta,2021-06-28,187,119403,121,51683,49,61779,17,5941,92,12045,95,56488,109,68533,California
Shasta,2021-06-29,265,119668,155,51838,82,61861,28,5969,99,12009,163,56651,127,68660,California
Shasta,2021-06-30,200,119868,113,51951,75,61936,12,5981,86,11994,113,56764,98,68758,California
Shasta,2021-07-01,211,120079,138,52089,62,61998,11,5992,84,11964,125,56889,95,68853,California
Shasta,2021-07-02,195,120274,143,52232,48,62046,4,5996,89,11952,105,56994,93,68946,California
Sierra,2020-12-18,1,1,1,1,0,0,0,0,1,1,0,0,1,1,California
Sierra,2020-12-21,2,3,2,3,0,0,0,0,2,3,0,0,2,3,California
Sierra,2020-12-22,12,15,12,15,0,0,0,0,12,15,0,0,12,15,California
Sierra,2020-12-23,4,19,4,19,0,0,0,0,4,19,0,0,4,19,California
Sierra,2020-12-28,1,20,0,19,1,1,0,0,1,20,0,0,1,20,California
Sierra,2020-12-29,50,70,7,26,43,44,0,0,50,70,0,0,50,70,California
Sierra,2020-12-30,2,72,0,26,2,46,0,0,2,72,0,0,2,72,California
Sierra,2020-12-31,13,85,0,26,13,59,0,0,13,85,0,0,13,85,California
Sierra,2021-01-01,1,86,1,27,0,59,0,0,1,86,0,0,1,86,California
Sierra,2021-01-05,63,149,2,29,61,120,0,0,63,149,0,0,63,149,California
Sierra,2021-01-06,1,150,1,30,0,120,0,0,1,150,0,0,1,150,California
Sierra,2021-01-07,21,171,1,31,20,140,0,0,20,169,1,1,20,170,California
Sierra,2021-01-08,1,172,1,32,0,140,0,0,1,170,0,1,1,171,California
Sierra,2021-01-11,3,175,3,35,0,140,0,0,0,167,3,4,0,171,California
Sierra,2021-01-12,39,214,12,47,27,167,0,0,27,182,12,16,27,198,California
Sierra,2021-01-13,4,218,3,50,1,168,0,0,1,180,3,19,1,199,California
Sierra,2021-01-14,35,253,2,52,33,201,0,0,35,215,0,19,35,234,California
Sierra,2021-01-15,3,256,1,53,2,203,0,0,3,218,0,19,3,237,California
Sierra,2021-01-18,3,259,0,53,3,206,0,0,3,221,0,19,3,240,California
Sierra,2021-01-19,31,290,0,53,31,237,0,0,31,252,0,19,31,271,California
Sierra,2021-01-20,1,291,1,54,0,237,0,0,1,253,0,19,1,272,California
Sierra,2021-01-21,52,343,0,54,52,289,0,0,52,305,0,19,52,324,California
Sierra,2021-01-22,2,345,0,54,2,291,0,0,2,307,0,19,2,326,California
Sierra,2021-01-23,2,347,0,54,2,293,0,0,2,309,0,19,2,328,California
Sierra,2021-01-25,1,348,1,55,0,293,0,0,1,310,0,19,1,329,California
Sierra,2021-01-26,63,411,1,56,62,355,0,0,24,295,39,58,24,353,California
Sierra,2021-01-27,4,415,4,60,0,355,0,0,0,291,4,62,0,353,California
Sierra,2021-01-28,53,468,0,60,53,408,0,0,43,324,10,72,43,396,California
Sierra,2021-01-29,2,470,0,60,2,410,0,0,2,326,0,72,2,398,California
Sierra,2021-01-30,3,473,3,63,0,410,0,0,2,327,1,73,2,400,California
Sierra,2021-02-01,1,474,0,63,1,411,0,0,0,326,1,74,0,400,California
Sierra,2021-02-02,57,531,1,64,56,467,0,0,18,305,39,113,18,418,California
Sierra,2021-02-03,6,537,5,69,1,468,0,0,5,309,1,114,5,423,California
Sierra,2021-02-04,102,639,5,74,97,565,0,0,53,313,49,163,53,476,California
Sierra,2021-02-05,6,645,4,78,2,567,0,0,5,317,1,164,5,481,California
Sierra,2021-02-09,51,696,0,78,51,618,0,0,48,362,3,167,48,529,California
Sierra,2021-02-10,5,701,2,80,3,621,0,0,4,365,1,168,4,533,California
Sierra,2021-02-11,195,896,1,81,194,815,0,0,134,438,61,229,134,667,California
Sierra,2021-02-12,20,916,0,81,20,835,0,0,20,458,0,229,20,687,California
Sierra,2021-02-13,1,917,1,82,0,835,0,0,1,459,0,229,1,688,California
Sierra,2021-02-15,4,921,3,85,1,836,0,0,0,455,4,233,0,688,California
Sierra,2021-02-16,43,964,1,86,42,878,0,0,10,432,33,266,10,698,California
Sierra,2021-02-17,4,968,0,86,4,882,0,0,1,430,3,269,1,699,California
Sierra,2021-02-18,139,1107,0,86,139,1021,0,0,90,471,49,318,90,789,California
Sierra,2021-02-19,2,1109,1,87,1,1022,0,0,1,471,1,319,1,790,California
Sierra,2021-02-20,2,1111,2,89,0,1022,0,0,0,469,2,321,0,790,California
Sierra,2021-02-22,1,1112,1,90,0,1022,0,0,1,470,0,321,1,791,California
Sierra,2021-02-23,4,1116,0,90,4,1026,0,0,4,474,0,321,4,795,California
Sierra,2021-02-24,3,1119,2,92,1,1027,0,0,3,477,0,321,3,798,California
Sierra,2021-02-25,124,1243,2,94,122,1149,0,0,58,470,65,386,58,856,California
Sierra,2021-02-26,11,1254,6,100,5,1154,0,0,4,467,7,393,4,860,California
Sierra,2021-02-27,2,1256,2,102,0,1154,0,0,0,465,2,395,0,860,California
Sierra,2021-03-01,2,1258,2,104,0,1154,0,0,0,463,2,397,0,860,California
Sierra,2021-03-02,56,1314,0,104,56,1210,0,0,38,483,18,415,38,898,California
Sierra,2021-03-03,2,1316,2,106,0,1210,0,0,1,483,1,416,1,899,California
Sierra,2021-03-04,108,1424,0,106,108,1318,0,0,60,495,48,464,60,959,California
Sierra,2021-03-05,13,1437,1,107,12,1330,0,0,11,504,2,466,11,970,California
Sierra,2021-03-07,1,1438,1,108,0,1330,0,0,0,503,1,467,0,970,California
Sierra,2021-03-08,2,1440,2,110,0,1330,0,0,2,505,0,467,2,972,California
Sierra,2021-03-09,56,1496,0,110,56,1386,0,0,12,473,44,511,12,984,California
Sierra,2021-03-10,6,1502,0,110,6,1392,0,0,4,475,2,513,4,988,California
Sierra,2021-03-11,173,1675,0,110,173,1565,0,0,41,384,132,645,41,1029,California
Sierra,2021-03-12,20,1695,1,111,19,1584,0,0,0,364,20,665,0,1029,California
Sierra,2021-03-13,27,1722,0,111,27,1611,0,0,27,391,0,665,27,1056,California
Sierra,2021-03-14,1,1723,0,111,0,1611,1,1,0,391,1,666,1,1057,California
Sierra,2021-03-15,2,1725,1,112,0,1611,1,2,0,390,2,668,1,1058,California
Sierra,2021-03-16,35,1760,0,112,34,1645,1,3,22,400,13,681,23,1081,California
Sierra,2021-03-17,3,1763,2,114,1,1646,0,3,0,397,3,684,0,1081,California
Sierra,2021-03-18,157,1920,0,114,157,1803,0,3,65,370,92,776,65,1146,California
Sierra,2021-03-19,4,1924,2,116,2,1805,0,3,1,368,3,779,1,1147,California
Sierra,2021-03-20,1,1925,0,116,1,1806,0,3,1,369,0,779,1,1148,California
Sierra,2021-03-23,22,1947,0,116,22,1828,0,3,13,373,9,788,13,1161,California
Sierra,2021-03-24,3,1950,1,117,2,1830,0,3,1,372,2,790,1,1162,California
Sierra,2021-03-25,98,2048,0,117,98,1928,0,3,49,372,49,839,49,1211,California
Sierra,2021-03-26,12,2060,1,118,11,1939,0,3,8,376,4,843,8,1219,California
Sierra,2021-03-27,1,2061,0,118,1,1940,0,3,0,375,1,844,0,1219,California
Sierra,2021-03-29,1,2062,1,119,0,1940,0,3,0,374,1,845,0,1219,California
Sierra,2021-03-30,54,2116,1,120,53,1993,0,3,22,364,32,877,22,1241,California
Sierra,2021-03-31,8,2124,0,120,8,2001,0,3,8,372,0,877,8,1249,California
Sierra,2021-04-01,63,2187,1,121,62,2063,0,3,5,321,56,933,5,1254,California
Sierra,2021-04-02,3,2190,2,123,1,2064,0,3,2,322,1,934,2,1256,California
Sierra,2021-04-04,1,2191,0,123,1,2065,0,3,0,322,0,934,0,1256,California
Sierra,2021-04-06,11,2202,0,123,11,2076,0,3,1,313,10,944,1,1257,California
Sierra,2021-04-07,14,2216,3,126,6,2082,5,8,3,311,10,954,8,1265,California
Sierra,2021-04-08,53,2269,2,128,51,2133,0,8,16,290,37,991,16,1281,California
Sierra,2021-04-09,2,2271,2,130,0,2133,0,8,1,290,1,992,1,1282,California
Sierra,2021-04-10,27,2298,0,130,27,2160,0,8,0,263,27,1019,0,1282,California
Sierra,2021-04-13,43,2341,0,130,43,2203,0,8,5,230,38,1057,5,1287,California
Sierra,2021-04-14,1,2342,0,130,1,2204,0,8,1,231,0,1057,1,1288,California
Sierra,2021-04-15,48,2390,1,131,47,2251,0,8,2,187,46,1103,2,1290,California
Sierra,2021-04-17,2,2392,1,132,1,2252,0,8,1,187,1,1104,1,1291,California
Sierra,2021-04-18,1,2393,0,132,1,2253,0,8,0,187,0,1104,0,1291,California
Sierra,2021-04-19,1,2394,1,133,0,2253,0,8,0,186,1,1105,0,1291,California
Sierra,2021-04-20,33,2427,0,133,33,2286,0,8,7,167,26,1131,7,1298,California
Sierra,2021-04-21,2,2429,1,134,1,2287,0,8,1,167,1,1132,1,1299,California
Sierra,2021-04-22,64,2493,1,135,63,2350,0,8,5,114,58,1190,5,1304,California
Sierra,2021-04-23,13,2506,0,135,13,2363,0,8,4,109,9,1199,4,1308,California
Sierra,2021-04-24,4,2510,0,135,4,2367,0,8,4,113,0,1199,4,1312,California
Sierra,2021-04-26,1,2511,0,135,1,2368,0,8,1,114,0,1199,1,1313,California
Sierra,2021-04-27,27,2538,0,135,27,2395,0,8,4,95,23,1222,4,1317,California
Sierra,2021-04-28,10,2548,2,137,8,2403,0,8,1,87,9,1231,1,1318,California
Sierra,2021-04-29,20,2568,2,139,18,2421,0,8,14,95,6,1237,14,1332,California
Sierra,2021-04-30,4,2572,2,141,2,2423,0,8,2,95,2,1239,2,1334,California
Sierra,2021-05-01,1,2573,0,141,1,2424,0,8,0,95,0,1239,0,1334,California
Sierra,2021-05-03,1,2574,1,142,0,2424,0,8,1,96,0,1239,1,1335,California
Sierra,2021-05-04,1,2575,0,142,1,2425,0,8,0,95,1,1240,0,1335,California
Sierra,2021-05-05,23,2598,1,143,22,2447,0,8,8,88,15,1255,8,1343,California
Sierra,2021-05-06,1,2599,1,144,0,2447,0,8,0,87,1,1256,0,1343,California
Sierra,2021-05-07,1,2600,1,145,0,2447,0,8,1,88,0,1256,1,1344,California
Sierra,2021-05-08,1,2601,0,145,0,2447,1,9,0,88,1,1257,1,1345,California
Sierra,2021-05-11,11,2612,0,145,4,2451,7,16,0,84,11,1268,7,1352,California
Sierra,2021-05-12,11,2623,1,146,10,2461,0,16,8,89,3,1271,8,1360,California
Sierra,2021-05-13,3,2626,2,148,1,2462,0,16,2,90,1,1272,2,1362,California
Sierra,2021-05-14,3,2629,1,149,2,2464,0,16,3,93,0,1272,3,1365,California
Sierra,2021-05-17,1,2630,1,150,0,2464,0,16,1,94,0,1272,1,1366,California
Sierra,2021-05-18,2,2632,0,150,1,2465,1,17,0,93,2,1274,1,1367,California
Sierra,2021-05-19,6,2638,2,152,4,2469,0,17,2,91,4,1278,2,1369,California
Sierra,2021-05-20,9,2647,8,160,0,2469,1,18,8,99,1,1279,9,1378,California
Sierra,2021-05-21,4,2651,2,162,2,2471,0,18,1,97,3,1282,1,1379,California
Sierra,2021-05-22,5,2656,0,162,5,2476,0,18,1,94,4,1286,1,1380,California
Sierra,2021-05-23,1,2657,0,162,1,2477,0,18,1,95,0,1286,1,1381,California
Sierra,2021-05-24,3,2660,1,163,2,2479,0,18,2,96,1,1287,2,1383,California
Sierra,2021-05-25,3,2663,0,163,3,2482,0,18,1,95,2,1289,1,1384,California
Sierra,2021-05-26,8,2671,0,163,8,2490,0,18,4,95,4,1293,4,1388,California
Sierra,2021-05-27,9,2680,1,164,7,2497,1,19,2,91,7,1300,3,1391,California
Sierra,2021-05-28,4,2684,2,166,2,2499,0,19,2,91,2,1302,2,1393,California
Sierra,2021-05-29,2,2686,0,166,2,2501,0,19,2,93,0,1302,2,1395,California
Sierra,2021-05-30,1,2687,1,167,0,2501,0,19,1,94,0,1302,1,1396,California
Sierra,2021-06-01,1,2688,0,167,1,2502,0,19,0,93,1,1303,0,1396,California
Sierra,2021-06-02,23,2711,0,167,21,2523,2,21,0,73,22,1325,2,1398,California
Sierra,2021-06-03,3,2714,2,169,1,2524,0,21,0,70,3,1328,0,1398,California
Sierra,2021-06-04,2,2716,2,171,0,2524,0,21,1,70,1,1329,1,1399,California
Sierra,2021-06-08,1,2717,1,172,0,2524,0,21,1,71,0,1329,1,1400,California
Sierra,2021-06-09,8,2725,1,173,5,2529,2,23,0,65,8,1337,2,1402,California
Sierra,2021-06-10,8,2733,8,181,0,2529,0,23,4,65,4,1341,4,1406,California
Sierra,2021-06-11,3,2736,1,182,2,2531,0,23,0,62,3,1344,0,1406,California
Sierra,2021-06-12,1,2737,1,183,0,2531,0,23,1,63,0,1344,1,1407,California
Sierra,2021-06-13,1,2738,1,184,0,2531,0,23,0,62,1,1345,0,1407,California
Sierra,2021-06-14,6,2744,4,188,1,2532,1,24,2,61,4,1349,3,1410,California
Sierra,2021-06-15,2,2746,1,189,1,2533,0,24,1,62,0,1349,1,1411,California
Sierra,2021-06-16,6,2752,1,190,5,2538,0,24,2,60,4,1353,2,1413,California
Sierra,2021-06-17,4,2756,2,192,1,2539,1,25,2,61,2,1355,3,1416,California
Sierra,2021-06-18,2,2758,1,193,0,2539,1,26,0,60,2,1357,1,1417,California
Sierra,2021-06-21,1,2759,0,193,1,2540,0,26,0,59,1,1358,0,1417,California
Sierra,2021-06-22,5,2764,3,196,2,2542,0,26,3,60,2,1360,3,1420,California
Sierra,2021-06-23,6,2770,0,196,6,2548,0,26,2,58,4,1364,2,1422,California
Sierra,2021-06-24,6,2776,0,196,2,2550,4,30,1,58,5,1369,5,1427,California
Sierra,2021-06-27,1,2777,1,197,0,2550,0,30,1,59,0,1369,1,1428,California
Sierra,2021-06-28,1,2778,0,197,0,2550,1,31,0,59,1,1370,1,1429,California
Sierra,2021-06-30,3,2781,2,199,0,2550,1,32,1,59,2,1372,2,1431,California
Sierra,2021-07-01,3,2784,1,200,2,2552,0,32,2,60,1,1373,2,1433,California
Sierra,2021-07-02,1,2785,1,201,0,2552,0,32,0,59,1,1374,0,1433,California
Siskiyou,2020-12-16,2,2,2,2,0,0,0,0,2,2,0,0,2,2,California
Siskiyou,2020-12-17,4,6,4,6,0,0,0,0,4,6,0,0,4,6,California
Siskiyou,2020-12-18,2,8,2,8,0,0,0,0,2,8,0,0,2,8,California
Siskiyou,2020-12-19,4,12,4,12,0,0,0,0,4,12,0,0,4,12,California
Siskiyou,2020-12-20,1,13,1,13,0,0,0,0,1,13,0,0,1,13,California
Siskiyou,2020-12-21,132,145,132,145,0,0,0,0,132,145,0,0,132,145,California
Siskiyou,2020-12-22,159,304,159,304,0,0,0,0,159,304,0,0,159,304,California
Siskiyou,2020-12-23,143,447,143,447,0,0,0,0,143,447,0,0,143,447,California
Siskiyou,2020-12-24,5,452,5,452,0,0,0,0,5,452,0,0,5,452,California
Siskiyou,2020-12-26,2,454,0,452,2,2,0,0,2,454,0,0,2,454,California
Siskiyou,2020-12-27,2,456,0,452,2,4,0,0,2,456,0,0,2,456,California
Siskiyou,2020-12-28,4,460,2,454,2,6,0,0,4,460,0,0,4,460,California
Siskiyou,2020-12-29,6,466,2,456,4,10,0,0,6,466,0,0,6,466,California
Siskiyou,2020-12-30,101,567,4,460,97,107,0,0,101,567,0,0,101,567,California
Siskiyou,2020-12-31,12,579,0,460,12,119,0,0,12,579,0,0,12,579,California
Siskiyou,2021-01-02,1,580,1,461,0,119,0,0,1,580,0,0,1,580,California
Siskiyou,2021-01-03,1,581,0,461,1,120,0,0,1,581,0,0,1,581,California
Siskiyou,2021-01-04,130,711,3,464,127,247,0,0,130,711,0,0,130,711,California
Siskiyou,2021-01-05,118,829,4,468,114,361,0,0,116,826,2,2,117,828,California
Siskiyou,2021-01-06,59,888,6,474,53,414,0,0,55,877,4,6,55,883,California
Siskiyou,2021-01-07,178,1066,4,478,174,588,0,0,177,1053,1,7,177,1060,California
Siskiyou,2021-01-08,41,1107,3,481,38,626,0,0,39,1090,2,9,39,1099,California
Siskiyou,2021-01-09,3,1110,3,484,0,626,0,0,1,1089,2,11,1,1100,California
Siskiyou,2021-01-11,296,1406,135,619,161,787,0,0,163,1119,133,144,163,1263,California
Siskiyou,2021-01-12,254,1660,205,824,49,836,0,0,91,1048,163,307,92,1355,California
Siskiyou,2021-01-13,160,1820,139,963,21,857,0,0,23,934,137,444,23,1378,California
Siskiyou,2021-01-14,36,1856,1,964,35,892,0,0,35,968,1,445,35,1413,California
Siskiyou,2021-01-15,55,1911,3,967,52,944,0,0,55,1023,0,445,55,1468,California
Siskiyou,2021-01-16,7,1918,2,969,5,949,0,0,7,1030,0,445,7,1475,California
Siskiyou,2021-01-17,1,1919,1,970,0,949,0,0,0,1029,1,446,0,1475,California
Siskiyou,2021-01-18,75,1994,3,973,72,1021,0,0,73,1100,2,448,73,1548,California
Siskiyou,2021-01-19,41,2035,1,974,40,1061,0,0,40,1139,1,449,40,1588,California
Siskiyou,2021-01-20,68,2103,35,1009,33,1094,0,0,64,1199,4,453,64,1652,California
Siskiyou,2021-01-21,69,2172,1,1010,68,1162,0,0,69,1268,0,453,69,1721,California
Siskiyou,2021-01-22,1345,3517,1177,2187,168,1330,0,0,1345,2613,0,453,1345,3066,California
Siskiyou,2021-01-23,6,3523,2,2189,4,1334,0,0,3,2613,3,456,3,3069,California
Siskiyou,2021-01-25,209,3732,9,2198,200,1534,0,0,205,2814,4,460,205,3274,California
Siskiyou,2021-01-26,158,3890,4,2202,154,1688,0,0,149,2954,9,469,149,3423,California
Siskiyou,2021-01-27,203,4093,3,2205,200,1888,0,0,138,3028,64,533,138,3561,California
Siskiyou,2021-01-28,260,4353,118,2323,142,2030,0,0,235,3244,19,552,235,3796,California
Siskiyou,2021-01-29,272,4625,3,2326,269,2299,0,0,253,3478,19,571,253,4049,California
Siskiyou,2021-01-30,6,4631,5,2331,1,2300,0,0,6,3484,0,571,6,4055,California
Siskiyou,2021-02-01,215,4846,3,2334,212,2512,0,0,114,3497,101,672,114,4169,California
Siskiyou,2021-02-02,319,5165,46,2380,273,2785,0,0,165,3508,154,826,165,4334,California
Siskiyou,2021-02-03,334,5499,1,2381,333,3118,0,0,265,3704,69,895,265,4599,California
Siskiyou,2021-02-04,368,5867,7,2388,361,3479,0,0,227,3790,141,1036,227,4826,California
Siskiyou,2021-02-05,547,6414,4,2392,543,4022,0,0,372,3987,175,1211,372,5198,California
Siskiyou,2021-02-06,15,6429,0,2392,15,4037,0,0,15,4002,0,1211,15,5213,California
Siskiyou,2021-02-07,2,6431,1,2393,1,4038,0,0,2,4004,0,1211,2,5215,California
Siskiyou,2021-02-08,242,6673,4,2397,238,4276,0,0,217,4196,25,1236,217,5432,California
Siskiyou,2021-02-09,249,6922,4,2401,245,4521,0,0,196,4339,53,1289,196,5628,California
Siskiyou,2021-02-10,389,7311,41,2442,348,4869,0,0,319,4589,69,1358,319,5947,California
Siskiyou,2021-02-11,215,7526,1,2443,214,5083,0,0,185,4744,30,1388,185,6132,California
Siskiyou,2021-02-12,1705,9231,1199,3642,506,5589,0,0,497,4033,1208,2596,497,6629,California
Siskiyou,2021-02-13,36,9267,2,3644,34,5623,0,0,31,4059,5,2601,31,6660,California
Siskiyou,2021-02-14,6,9273,2,3646,4,5627,0,0,6,4065,0,2601,6,6666,California
Siskiyou,2021-02-15,105,9378,8,3654,97,5724,0,0,103,4166,2,2603,103,6769,California
Siskiyou,2021-02-16,138,9516,2,3656,136,5860,0,0,101,4230,37,2640,101,6870,California
Siskiyou,2021-02-17,298,9814,16,3672,282,6142,0,0,261,4454,37,2677,261,7131,California
Siskiyou,2021-02-18,272,10086,88,3760,184,6326,0,0,129,4440,143,2820,129,7260,California
Siskiyou,2021-02-19,97,10183,34,3794,63,6389,0,0,36,4417,59,2879,36,7296,California
Siskiyou,2021-02-20,23,10206,5,3799,18,6407,0,0,16,4428,7,2886,18,7314,California
Siskiyou,2021-02-21,1,10207,1,3800,0,6407,0,0,1,4429,0,2886,1,7315,California
Siskiyou,2021-02-22,218,10425,2,3802,216,6623,0,0,78,4367,140,3026,78,7393,California
Siskiyou,2021-02-23,347,10772,15,3817,332,6955,0,0,194,4408,153,3179,194,7587,California
Siskiyou,2021-02-24,173,10945,5,3822,168,7123,0,0,50,4335,123,3302,50,7637,California
Siskiyou,2021-02-25,317,11262,26,3848,291,7414,0,0,160,4339,156,3458,160,7797,California
Siskiyou,2021-02-26,676,11938,11,3859,665,8079,0,0,371,4405,305,3763,371,8168,California
Siskiyou,2021-02-27,32,11970,5,3864,27,8106,0,0,28,4429,4,3767,28,8196,California
Siskiyou,2021-02-28,4,11974,4,3868,0,8106,0,0,3,4431,1,3768,3,8199,California
Siskiyou,2021-03-01,295,12269,6,3874,289,8395,0,0,51,4238,244,4012,51,8250,California
Siskiyou,2021-03-02,211,12480,1,3875,210,8605,0,0,70,4167,141,4153,70,8320,California
Siskiyou,2021-03-03,353,12833,12,3887,341,8946,0,0,155,4124,198,4351,155,8475,California
Siskiyou,2021-03-04,834,13667,624,4511,210,9156,0,0,648,4586,186,4537,648,9123,California
Siskiyou,2021-03-05,353,14020,6,4517,336,9492,11,11,105,4457,245,4782,116,9239,California
Siskiyou,2021-03-06,43,14063,3,4520,33,9525,7,18,28,4477,15,4797,35,9274,California
Siskiyou,2021-03-07,12,14075,4,4524,0,9525,8,26,2,4477,10,4807,10,9284,California
Siskiyou,2021-03-08,440,14515,28,4552,377,9902,35,61,68,4208,372,5179,103,9387,California
Siskiyou,2021-03-09,178,14693,2,4554,122,10024,54,115,44,4172,134,5313,98,9485,California
Siskiyou,2021-03-10,281,14974,7,4561,244,10268,30,145,26,3973,255,5568,56,9541,California
Siskiyou,2021-03-11,521,15495,205,4766,269,10537,47,192,282,4064,238,5806,329,9870,California
Siskiyou,2021-03-12,697,16192,141,4907,517,11054,39,231,184,3775,511,6317,222,10092,California
Siskiyou,2021-03-13,427,16619,379,5286,25,11079,23,254,379,4129,48,6365,402,10494,California
Siskiyou,2021-03-14,19,16638,0,5286,3,11082,16,270,1,4128,18,6383,17,10511,California
Siskiyou,2021-03-15,515,17153,258,5544,193,11275,64,334,339,4355,176,6559,403,10914,California
Siskiyou,2021-03-16,258,17411,34,5578,207,11482,17,351,140,4395,117,6676,157,11071,California
Siskiyou,2021-03-17,203,17614,9,5587,186,11668,8,359,35,4270,168,6844,43,11114,California
Siskiyou,2021-03-18,928,18542,790,6377,126,11794,12,371,807,4969,120,6964,819,11933,California
Siskiyou,2021-03-19,68,18610,10,6387,45,11839,13,384,19,4952,49,7013,32,11965,California
Siskiyou,2021-03-20,29,18639,7,6394,18,11857,4,388,6,4939,23,7036,10,11975,California
Siskiyou,2021-03-21,9,18648,3,6397,1,11858,5,393,3,4941,6,7042,8,11983,California
Siskiyou,2021-03-22,207,18855,21,6418,164,12022,22,415,143,5045,61,7103,165,12148,California
Siskiyou,2021-03-23,194,19049,19,6437,166,12188,9,424,141,5141,53,7156,149,12297,California
Siskiyou,2021-03-24,144,19193,48,6485,96,12284,0,424,115,5227,29,7185,115,12412,California
Siskiyou,2021-03-25,573,19766,320,6805,250,12534,3,427,399,5455,174,7359,402,12814,California
Siskiyou,2021-03-26,307,20073,35,6840,272,12806,0,427,103,5356,202,7561,103,12917,California
Siskiyou,2021-03-27,38,20111,5,6845,28,12834,5,432,10,5343,28,7589,15,12932,California
Siskiyou,2021-03-28,8,20119,7,6852,1,12835,0,432,5,5345,3,7592,5,12937,California
Siskiyou,2021-03-29,96,20215,10,6862,84,12919,2,434,46,5343,50,7642,48,12985,California
Siskiyou,2021-03-30,100,20315,6,6868,93,13012,1,435,40,5324,60,7702,41,13026,California
Siskiyou,2021-03-31,191,20506,21,6889,167,13179,3,438,48,5236,140,7842,52,13078,California
Siskiyou,2021-04-01,829,21335,670,7559,159,13338,0,438,214,4835,615,8457,214,13292,California
Siskiyou,2021-04-02,347,21682,197,7756,146,13484,4,442,66,4626,279,8736,70,13362,California
Siskiyou,2021-04-03,26,21708,5,7761,14,13498,7,449,5,4617,21,8757,12,13374,California
Siskiyou,2021-04-04,1,21709,0,7761,1,13499,0,449,1,4618,0,8757,1,13375,California
Siskiyou,2021-04-05,438,22147,331,8092,81,13580,26,475,26,4259,411,9168,52,13427,California
Siskiyou,2021-04-06,222,22369,37,8129,132,13712,53,528,129,4349,91,9259,181,13608,California
Siskiyou,2021-04-07,118,22487,11,8140,65,13777,42,570,66,4406,52,9311,109,13717,California
Siskiyou,2021-04-08,355,22842,187,8327,127,13904,41,611,65,4222,290,9601,106,13823,California
Siskiyou,2021-04-09,547,23389,377,8704,132,14036,38,649,85,3885,461,10062,124,13947,California
Siskiyou,2021-04-10,45,23434,5,8709,3,14039,37,686,6,3889,39,10101,43,13990,California
Siskiyou,2021-04-11,7,23441,4,8713,1,14040,2,688,2,3888,5,10106,4,13994,California
Siskiyou,2021-04-12,129,23570,24,8737,103,14143,2,690,31,3823,98,10204,33,14027,California
Siskiyou,2021-04-13,207,23777,37,8774,169,14312,1,691,81,3779,126,10330,82,14109,California
Siskiyou,2021-04-14,157,23934,64,8838,93,14405,0,691,85,3794,70,10400,85,14194,California
Siskiyou,2021-04-15,1117,25051,957,9795,160,14565,0,691,438,3554,679,11079,439,14633,California
Siskiyou,2021-04-16,314,25365,219,10014,95,14660,0,691,270,3782,42,11121,270,14903,California
Siskiyou,2021-04-17,11,25376,8,10022,3,14663,0,691,7,3785,4,11125,7,14910,California
Siskiyou,2021-04-18,5,25381,3,10025,2,14665,0,691,1,3782,4,11129,1,14911,California
Siskiyou,2021-04-19,129,25510,24,10049,105,14770,0,691,47,3747,82,11211,47,14958,California
Siskiyou,2021-04-20,236,25746,5,10054,231,15001,0,691,94,3700,141,11352,94,15052,California
Siskiyou,2021-04-21,96,25842,10,10064,86,15087,0,691,26,3656,70,11422,26,15078,California
Siskiyou,2021-04-22,414,26256,301,10365,113,15200,0,691,49,3340,365,11787,49,15127,California
Siskiyou,2021-04-23,182,26438,15,10380,167,15367,0,691,160,3479,21,11808,160,15287,California
Siskiyou,2021-04-24,28,26466,4,10384,24,15391,0,691,20,3491,8,11816,20,15307,California
Siskiyou,2021-04-25,2,26468,0,10384,2,15393,0,691,2,3493,0,11816,2,15309,California
Siskiyou,2021-04-26,101,26569,4,10388,92,15485,5,696,24,3445,77,11893,29,15338,California
Siskiyou,2021-04-27,114,26683,5,10393,107,15592,2,698,87,3509,25,11918,89,15427,California
Siskiyou,2021-04-28,111,26794,8,10401,95,15687,8,706,53,3512,58,11976,61,15488,California
Siskiyou,2021-04-29,150,26944,16,10417,133,15820,1,707,30,3423,120,12096,31,15519,California
Siskiyou,2021-04-30,102,27046,20,10437,81,15901,1,708,45,3414,54,12150,45,15564,California
Siskiyou,2021-05-01,11,27057,7,10444,1,15902,3,711,7,3420,4,12154,10,15574,California
Siskiyou,2021-05-02,10,27067,4,10448,6,15908,0,711,9,3428,1,12155,9,15583,California
Siskiyou,2021-05-03,109,27176,23,10471,84,15992,2,713,46,3413,63,12218,48,15631,California
Siskiyou,2021-05-04,123,27299,7,10478,114,16106,2,715,60,3413,62,12280,62,15693,California
Siskiyou,2021-05-05,115,27414,20,10498,86,16192,9,724,39,3386,75,12355,48,15741,California
Siskiyou,2021-05-06,367,27781,296,10794,65,16257,6,730,190,3405,177,12532,196,15937,California
Siskiyou,2021-05-07,308,28089,219,11013,84,16341,5,735,31,3165,276,12808,36,15973,California
Siskiyou,2021-05-08,25,28114,4,11017,20,16361,1,736,18,3177,7,12815,19,15992,California
Siskiyou,2021-05-09,1,28115,0,11017,1,16362,0,736,0,3176,1,12816,0,15992,California
Siskiyou,2021-05-10,98,28213,67,11084,30,16392,1,737,21,3121,77,12893,22,16014,California
Siskiyou,2021-05-11,87,28300,8,11092,74,16466,5,742,51,3141,36,12929,56,16070,California
Siskiyou,2021-05-12,56,28356,4,11096,48,16514,4,746,16,3121,40,12969,20,16090,California
Siskiyou,2021-05-13,84,28440,35,11131,40,16554,9,755,38,3122,46,13015,47,16137,California
Siskiyou,2021-05-14,176,28616,82,11213,93,16647,1,756,108,3164,67,13082,109,16246,California
Siskiyou,2021-05-15,43,28659,13,11226,28,16675,2,758,36,3196,6,13088,38,16284,California
Siskiyou,2021-05-16,6,28665,2,11228,4,16679,0,758,4,3198,2,13090,4,16288,California
Siskiyou,2021-05-17,65,28730,1,11229,41,16720,23,781,11,3178,54,13144,34,16322,California
Siskiyou,2021-05-18,221,28951,83,11312,134,16854,4,785,124,3210,96,13240,128,16450,California
Siskiyou,2021-05-19,157,29108,97,11409,59,16913,1,786,125,3304,32,13272,126,16576,California
Siskiyou,2021-05-20,532,29640,429,11838,101,17014,2,788,237,3249,294,13566,239,16815,California
Siskiyou,2021-05-21,198,29838,95,11933,103,17117,0,788,109,3270,88,13654,109,16924,California
Siskiyou,2021-05-22,42,29880,19,11952,23,17140,0,788,27,3282,15,13669,27,16951,California
Siskiyou,2021-05-23,4,29884,3,11955,1,17141,0,788,2,3282,2,13671,2,16953,California
Siskiyou,2021-05-24,18,29902,3,11958,15,17156,0,788,5,3275,12,13683,5,16958,California
Siskiyou,2021-05-25,157,30059,16,11974,121,17277,20,808,50,3240,105,13788,70,17028,California
Siskiyou,2021-05-26,76,30135,19,11993,57,17334,0,808,41,3246,35,13823,41,17069,California
Siskiyou,2021-05-27,133,30268,94,12087,37,17371,2,810,57,3229,76,13899,59,17128,California
Siskiyou,2021-05-28,153,30421,58,12145,94,17465,1,811,101,3280,51,13950,102,17230,California
Siskiyou,2021-05-29,16,30437,9,12154,4,17469,3,814,5,3277,11,13961,8,17238,California
Siskiyou,2021-05-31,2,30439,1,12155,0,17469,1,815,1,3278,1,13962,2,17240,California
Siskiyou,2021-06-01,86,30525,20,12175,66,17535,0,815,29,3251,56,14018,29,17269,California
Siskiyou,2021-06-02,121,30646,33,12208,88,17623,0,815,45,3220,76,14094,45,17314,California
Siskiyou,2021-06-03,156,30802,109,12317,42,17665,5,820,40,3149,116,14210,45,17359,California
Siskiyou,2021-06-04,100,30902,76,12393,24,17689,0,820,21,3091,79,14289,21,17380,California
Siskiyou,2021-06-05,37,30939,17,12410,19,17708,1,821,15,3085,22,14311,16,17396,California
Siskiyou,2021-06-06,3,30942,2,12412,0,17708,1,822,0,3083,3,14314,1,17397,California
Siskiyou,2021-06-07,38,30980,4,12416,30,17738,4,826,26,3101,12,14326,30,17427,California
Siskiyou,2021-06-08,209,31189,94,12510,112,17850,3,829,64,3028,140,14466,67,17494,California
Siskiyou,2021-06-09,113,31302,84,12594,28,17878,1,830,31,2978,82,14548,32,17526,California
Siskiyou,2021-06-10,177,31479,145,12739,31,17909,1,831,77,2956,100,14648,78,17604,California
Siskiyou,2021-06-11,112,31591,60,12799,45,17954,7,838,23,2918,68,14716,30,17634,California
Siskiyou,2021-06-12,29,31620,6,12805,23,17977,0,838,9,2907,20,14736,9,17643,California
Siskiyou,2021-06-13,24,31644,16,12821,8,17985,0,838,2,2887,22,14758,2,17645,California
Siskiyou,2021-06-14,24,31668,4,12825,16,18001,4,842,11,2888,13,14771,14,17659,California
Siskiyou,2021-06-15,89,31757,22,12847,54,18055,13,855,33,2878,56,14827,46,17705,California
Siskiyou,2021-06-16,102,31859,23,12870,77,18132,2,857,49,2876,53,14880,51,17756,California
Siskiyou,2021-06-17,186,32045,142,13012,32,18164,12,869,40,2783,145,15025,52,17808,California
Siskiyou,2021-06-18,97,32142,62,13074,27,18191,8,877,20,2734,77,15102,28,17836,California
Siskiyou,2021-06-19,26,32168,17,13091,9,18200,0,877,12,2732,14,15116,12,17848,California
Siskiyou,2021-06-20,2,32170,1,13092,0,18200,1,878,1,2733,1,15117,2,17850,California
Siskiyou,2021-06-21,38,32208,3,13095,33,18233,2,880,27,2751,11,15128,29,17879,California
Siskiyou,2021-06-22,65,32273,24,13119,37,18270,4,884,32,2754,33,15161,36,17915,California
Siskiyou,2021-06-23,52,32325,7,13126,41,18311,4,888,11,2729,40,15201,15,17930,California
Siskiyou,2021-06-24,92,32417,51,13177,32,18343,9,897,46,2738,46,15247,55,17985,California
Siskiyou,2021-06-25,96,32513,60,13237,36,18379,0,897,65,2772,31,15278,65,18050,California
Siskiyou,2021-06-26,8,32521,3,13240,5,18384,0,897,4,2772,4,15282,4,18054,California
Siskiyou,2021-06-28,10,32531,4,13244,6,18390,0,897,5,2772,5,15287,5,18059,California
Siskiyou,2021-06-29,77,32608,52,13296,23,18413,2,899,40,2777,37,15324,42,18101,California
Siskiyou,2021-06-30,53,32661,10,13306,40,18453,3,902,13,2753,40,15364,16,18117,California
Siskiyou,2021-07-01,31,32692,20,13326,7,18460,4,906,9,2744,22,15386,13,18130,California
Siskiyou,2021-07-02,45,32737,27,13353,18,18478,0,906,30,2759,15,15401,30,18160,California
Solano,2020-12-15,4,4,4,4,0,0,0,0,4,4,0,0,4,4,California
Solano,2020-12-16,70,74,70,74,0,0,0,0,70,74,0,0,70,74,California
Solano,2020-12-17,171,245,171,245,0,0,0,0,171,245,0,0,171,245,California
Solano,2020-12-18,479,724,478,723,1,1,0,0,479,724,0,0,479,724,California
Solano,2020-12-19,522,1246,522,1245,0,1,0,0,522,1246,0,0,522,1246,California
Solano,2020-12-20,356,1602,354,1599,2,3,0,0,356,1602,0,0,356,1602,California
Solano,2020-12-21,575,2177,573,2172,2,5,0,0,575,2177,0,0,575,2177,California
Solano,2020-12-22,664,2841,631,2803,33,38,0,0,664,2841,0,0,664,2841,California
Solano,2020-12-23,863,3704,771,3574,92,130,0,0,862,3702,1,1,862,3703,California
Solano,2020-12-24,425,4129,171,3745,254,384,0,0,425,4127,0,1,425,4128,California
Solano,2020-12-25,9,4138,1,3746,8,392,0,0,9,4136,0,1,9,4137,California
Solano,2020-12-26,175,4313,48,3794,127,519,0,0,175,4311,0,1,175,4312,California
Solano,2020-12-27,106,4419,29,3823,77,596,0,0,106,4417,0,1,106,4418,California
Solano,2020-12-28,878,5297,432,4255,446,1042,0,0,878,5295,0,1,878,5296,California
Solano,2020-12-29,913,6210,376,4631,537,1579,0,0,913,6208,0,1,913,6209,California
Solano,2020-12-30,1241,7451,602,5233,639,2218,0,0,1241,7449,0,1,1241,7450,California
Solano,2020-12-31,546,7997,141,5374,405,2623,0,0,546,7995,0,1,546,7996,California
Solano,2021-01-01,14,8011,13,5387,1,2624,0,0,14,8009,0,1,14,8010,California
Solano,2021-01-02,219,8230,171,5558,48,2672,0,0,219,8228,0,1,219,8229,California
Solano,2021-01-03,56,8286,40,5598,16,2688,0,0,50,8278,0,1,50,8279,California
Solano,2021-01-04,450,8736,242,5840,208,2896,0,0,441,8717,2,3,441,8720,California
Solano,2021-01-05,734,9470,382,6222,352,3248,0,0,573,9134,156,159,573,9293,California
Solano,2021-01-06,850,10320,439,6661,411,3659,0,0,577,9440,271,430,577,9870,California
Solano,2021-01-07,1070,11390,684,7345,386,4045,0,0,594,9561,474,904,595,10465,California
Solano,2021-01-08,1153,12543,785,8130,368,4413,0,0,550,9528,585,1489,552,11017,California
Solano,2021-01-09,886,13429,762,8892,124,4537,0,0,427,9499,456,1945,427,11444,California
Solano,2021-01-10,254,13683,193,9085,61,4598,0,0,152,9549,102,2047,152,11596,California
Solano,2021-01-11,1336,15019,1123,10208,213,4811,0,0,817,9847,519,2566,817,12413,California
Solano,2021-01-12,1584,16603,1181,11389,403,5214,0,0,1027,10319,556,3122,1028,13441,California
Solano,2021-01-13,1469,18072,1007,12396,462,5676,0,0,1210,11272,257,3379,1210,14651,California
Solano,2021-01-14,1919,19991,832,13228,1087,6763,0,0,1600,12556,316,3695,1600,16251,California
Solano,2021-01-15,1722,21713,1065,14293,657,7420,0,0,1422,13678,300,3995,1422,17673,California
Solano,2021-01-16,1296,23009,905,15198,391,7811,0,0,1122,14626,174,4169,1122,18795,California
Solano,2021-01-17,1053,24062,756,15954,297,8108,0,0,1032,15638,21,4190,1033,19828,California
Solano,2021-01-18,1428,25490,855,16809,573,8681,0,0,1307,16824,121,4311,1307,21135,California
Solano,2021-01-19,1667,27157,1347,18156,320,9001,0,0,1391,17940,275,4586,1391,22526,California
Solano,2021-01-20,2062,29219,1428,19584,634,9635,0,0,1574,19029,485,5071,1574,24100,California
Solano,2021-01-21,3220,32439,1033,20617,2187,11822,0,0,2862,21535,358,5429,2864,26964,California
Solano,2021-01-22,1789,34228,859,21476,930,12752,0,0,1590,22927,199,5628,1591,28555,California
Solano,2021-01-23,744,34972,245,21721,499,13251,0,0,532,23247,213,5841,533,29088,California
Solano,2021-01-24,408,35380,63,21784,345,13596,0,0,340,23519,68,5909,340,29428,California
Solano,2021-01-25,1678,37058,630,22414,1048,14644,0,0,1118,24079,559,6468,1119,30547,California
Solano,2021-01-26,1806,38864,748,23162,1058,15702,0,0,1159,24592,647,7115,1160,31707,California
Solano,2021-01-27,1809,40673,719,23881,1090,16792,0,0,1193,25173,612,7727,1193,32900,California
Solano,2021-01-28,1984,42657,714,24595,1270,18062,0,0,1384,25959,599,8326,1385,34285,California
Solano,2021-01-29,1722,44379,777,25372,945,19007,0,0,1355,26950,364,8690,1355,35640,California
Solano,2021-01-30,929,45308,432,25804,497,19504,0,0,604,27230,325,9015,605,36245,California
Solano,2021-01-31,269,45577,177,25981,92,19596,0,0,173,27308,95,9110,173,36418,California
Solano,2021-02-01,1559,47136,1033,27014,526,20122,0,0,773,27298,783,9893,773,37191,California
Solano,2021-02-02,3384,50520,1103,28117,2281,22403,0,0,2565,29049,814,10707,2565,39756,California
Solano,2021-02-03,2276,52796,1313,29430,963,23366,0,0,1169,29114,1104,11811,1169,40925,California
Solano,2021-02-04,1815,54611,905,30335,910,24276,0,0,1082,29468,728,12539,1082,42007,California
Solano,2021-02-05,3124,57735,1422,31757,1702,25978,0,0,2110,30571,1007,13546,2110,44117,California
Solano,2021-02-06,3082,60817,1172,32929,1910,27888,0,0,2263,32019,815,14361,2263,46380,California
Solano,2021-02-07,844,61661,778,33707,66,27954,0,0,235,31646,608,14969,235,46615,California
Solano,2021-02-08,1772,63433,1243,34950,529,28483,0,0,722,31320,1048,16017,722,47337,California
Solano,2021-02-09,1960,65393,1494,36444,466,28949,0,0,702,30765,1257,17274,702,48039,California
Solano,2021-02-10,2291,67684,1508,37952,783,29732,0,0,821,30117,1469,18743,821,48860,California
Solano,2021-02-11,2548,70232,1500,39452,1048,30780,0,0,1202,29984,1335,20078,1202,50062,California
Solano,2021-02-12,4278,74510,1636,41088,2642,33422,0,0,2915,31544,1355,21433,2915,52977,California
Solano,2021-02-13,2897,77407,247,41335,2650,36072,0,0,2479,33609,414,21847,2479,55456,California
Solano,2021-02-14,734,78141,204,41539,530,36602,0,0,407,33692,325,22172,408,55864,California
Solano,2021-02-15,1272,79413,267,41806,1005,37607,0,0,653,33726,619,22791,653,56517,California
Solano,2021-02-16,2582,81995,1388,43194,1194,38801,0,0,1679,34504,902,23693,1680,58197,California
Solano,2021-02-17,3278,85273,1450,44644,1828,40629,0,0,2221,35672,1054,24747,2222,60419,California
Solano,2021-02-18,2924,88197,851,45495,2073,42702,0,0,861,34477,2056,26803,861,61280,California
Solano,2021-02-19,2495,90692,1469,46964,1026,43728,0,0,1181,34353,1307,28110,1183,62463,California
Solano,2021-02-20,2773,93465,393,47357,2380,46108,0,0,2249,36078,524,28634,2249,64712,California
Solano,2021-02-21,2340,95805,2012,49369,328,46436,0,0,2010,37763,325,28959,2010,66722,California
Solano,2021-02-22,1837,97642,1076,50445,761,47197,0,0,952,37835,881,29840,953,67675,California
Solano,2021-02-23,2981,100623,1159,51604,1822,49019,0,0,2013,38883,965,30805,2013,69688,California
Solano,2021-02-24,2561,103184,1280,52884,1281,50300,0,0,1413,39153,1144,31949,1414,71102,California
Solano,2021-02-25,2654,105838,1573,54457,1081,51381,0,0,1462,39429,1186,33135,1462,72564,California
Solano,2021-02-26,3551,109389,2277,56734,1274,52655,0,0,2102,40087,1444,34579,2102,74666,California
Solano,2021-02-27,3993,113382,1539,58273,2453,55108,1,1,3228,42562,754,35333,3229,77895,California
Solano,2021-02-28,1949,115331,1574,59847,374,55482,1,2,1618,43853,328,35661,1619,79514,California
Solano,2021-03-01,2753,118084,1227,61074,1525,57007,1,3,2078,45264,668,36329,2079,81593,California
Solano,2021-03-02,2319,120403,1411,62485,908,57915,0,3,1292,45530,1026,37355,1292,82885,California
Solano,2021-03-03,2270,122673,1277,63762,993,58908,0,3,1406,46083,854,38209,1407,84292,California
Solano,2021-03-04,4435,127108,3439,67201,994,59902,2,5,3171,48005,1254,39463,3176,87468,California
Solano,2021-03-05,4973,132081,1682,68883,3286,63188,5,10,3975,50998,987,40450,3980,91448,California
Solano,2021-03-06,3871,135952,837,69720,2995,66183,39,49,2649,52475,1211,41661,2688,94136,California
Solano,2021-03-07,3579,139531,760,70480,2810,68993,9,58,1951,52821,1615,43276,1961,96097,California
Solano,2021-03-08,2202,141733,1352,71832,581,69574,269,327,1631,54156,563,43839,1898,97995,California
Solano,2021-03-09,3244,144977,1569,73401,1620,71194,55,382,2335,55635,907,44746,2386,100381,California
Solano,2021-03-10,2439,147416,1761,75162,592,71786,86,468,1282,55849,1152,45898,1366,101747,California
Solano,2021-03-11,6056,153472,1764,76926,4039,75825,253,721,4996,60044,1055,46953,5250,106997,California
Solano,2021-03-12,6054,159526,1575,78501,4300,80125,179,900,3169,60519,2872,49825,3347,110344,California
Solano,2021-03-13,4621,164147,805,79306,3731,83856,85,985,2238,60470,2375,52200,2326,112670,California
Solano,2021-03-14,4024,168171,3138,82444,430,84286,456,1441,1557,60018,2462,54662,2010,114680,California
Solano,2021-03-15,4036,172207,2457,84901,1252,85538,327,1768,2519,61357,1505,56167,2844,117524,California
Solano,2021-03-16,3110,175317,1323,86224,1549,87087,238,2006,1575,61640,1529,57696,1812,119336,California
Solano,2021-03-17,6522,181839,1683,87907,4744,91831,95,2101,4945,65107,1573,59269,5040,124376,California
Solano,2021-03-18,5228,187067,1860,89767,3330,95161,38,2139,3748,67422,1472,60741,3787,128163,California
Solano,2021-03-19,3595,190662,2655,92422,864,96025,76,2215,1633,67179,1953,62694,1710,129873,California
Solano,2021-03-20,5590,196252,1681,94103,3855,99880,54,2269,2623,66902,2954,65648,2677,132550,California
Solano,2021-03-21,1699,197951,1591,95694,83,99963,25,2294,376,65985,1316,66964,399,132949,California
Solano,2021-03-22,2708,200659,2055,97749,602,100565,51,2345,1567,66465,1135,68099,1615,134564,California
Solano,2021-03-23,3573,204232,1688,99437,1841,102406,44,2389,1396,65734,2170,70269,1439,136003,California
Solano,2021-03-24,2842,207074,1777,101214,1030,103436,35,2424,1362,65656,1473,71742,1395,137398,California
Solano,2021-03-25,4900,211974,4010,105224,855,104291,35,2459,2279,65355,2615,74357,2314,139712,California
Solano,2021-03-26,3251,215225,2112,107336,1101,105392,38,2497,1742,65636,1499,75856,1780,141492,California
Solano,2021-03-27,4232,219457,1162,108498,3029,108421,41,2538,1664,64778,2561,78417,1703,143195,California
Solano,2021-03-28,1424,220881,1112,109610,294,108715,18,2556,539,64454,881,79298,557,143752,California
Solano,2021-03-29,3538,224419,2046,111656,1476,110191,16,2572,1542,64031,1982,81280,1559,145311,California
Solano,2021-03-30,3053,227472,2022,113678,939,111130,92,2664,1905,64880,1147,82427,1996,147307,California
Solano,2021-03-31,3160,230632,2148,115826,851,111981,161,2825,1848,65578,1307,83734,2005,149312,California
Solano,2021-04-01,5580,236212,2114,117940,3312,115293,154,2979,3521,67207,2046,85780,3675,152987,California
Solano,2021-04-02,6636,242848,2238,120178,4229,119522,169,3148,2553,65862,4064,89844,2719,155706,California
Solano,2021-04-03,1530,244378,968,121146,409,119931,153,3301,568,65622,960,90804,720,156426,California
Solano,2021-04-04,786,245164,288,121434,194,120125,304,3605,242,65628,540,91344,546,156972,California
Solano,2021-04-05,3015,248179,2063,123497,744,120869,208,3813,1515,65851,1498,92842,1721,158693,California
Solano,2021-04-06,6072,254251,1640,125137,3942,124811,490,4303,1636,63548,4427,97269,2124,160817,California
Solano,2021-04-07,5991,260242,4642,129779,946,125757,403,4706,3400,64779,2571,99840,3802,164619,California
Solano,2021-04-08,6506,266748,1802,131581,3831,129588,873,5579,1802,62772,4673,104513,2666,167285,California
Solano,2021-04-09,6318,273066,1662,133243,3806,133394,850,6429,1522,60367,4770,109283,2365,169650,California
Solano,2021-04-10,1758,274824,966,134209,454,133848,338,6767,812,60571,944,110227,1148,170798,California
Solano,2021-04-11,1242,276066,773,134982,337,134185,132,6899,639,60742,600,110827,771,171569,California
Solano,2021-04-12,3293,279359,1702,136684,1230,135415,361,7260,1344,60501,1943,112770,1702,173271,California
Solano,2021-04-13,2573,281932,1115,137799,1457,136872,1,7261,1332,60597,1237,114007,1333,174604,California
Solano,2021-04-14,6545,288477,1965,139764,4580,141452,0,7261,1850,57762,4686,118693,1851,176455,California
Solano,2021-04-15,5744,294221,2171,141935,3572,145024,1,7262,1746,55525,3984,122677,1747,178202,California
Solano,2021-04-16,3712,297933,2600,144535,1110,146134,2,7264,2298,56419,1406,124083,2300,180502,California
Solano,2021-04-17,3294,301227,1074,145609,2220,148354,0,7264,1127,55393,2155,126238,1129,181631,California
Solano,2021-04-18,1056,302283,658,146267,398,148752,0,7264,549,55436,506,126744,549,182180,California
Solano,2021-04-19,2160,304443,1173,147440,987,149739,0,7264,1171,55627,982,127726,1173,183353,California
Solano,2021-04-20,3087,307530,1891,149331,1196,150935,0,7264,1709,55964,1372,129098,1709,185062,California
Solano,2021-04-21,3895,311425,2410,151741,1485,152420,0,7264,2041,56160,1845,130943,2041,187103,California
Solano,2021-04-22,3047,314472,1528,153269,1519,153939,0,7264,1803,56723,1240,132183,1803,188906,California
Solano,2021-04-23,4220,318692,2144,155413,2076,156015,0,7264,2538,57586,1677,133860,2540,191446,California
Solano,2021-04-24,3895,322587,2346,157759,1547,157562,2,7266,2584,58947,1225,135085,2586,194032,California
Solano,2021-04-25,1434,324021,1118,158877,316,157878,0,7266,1134,59788,293,135378,1134,195166,California
Solano,2021-04-26,2620,326641,1701,160578,915,158793,4,7270,1448,60082,1158,136536,1452,196618,California
Solano,2021-04-27,2605,329246,1309,161887,1266,160059,30,7300,1477,60473,1117,137653,1508,198126,California
Solano,2021-04-28,6082,335328,5025,166912,1011,161070,46,7346,3807,62066,2259,139912,3852,201978,California
Solano,2021-04-29,4575,339903,1475,168387,3065,164135,35,7381,2067,61670,2498,142410,2102,204080,California
Solano,2021-04-30,4170,344073,2228,170615,1801,165936,141,7522,1940,61536,2214,144624,2080,206160,California
Solano,2021-05-01,2187,346260,1683,172298,304,166240,200,7722,1297,62149,884,145508,1497,207657,California
Solano,2021-05-02,1200,347460,941,173239,234,166474,25,7747,661,62301,534,146042,686,208343,California
Solano,2021-05-03,1465,348925,1017,174256,361,166835,87,7834,602,62131,860,146902,690,209033,California
Solano,2021-05-04,1828,350753,1071,175327,691,167526,66,7900,823,62017,1003,147905,889,209922,California
Solano,2021-05-05,2285,353038,1442,176769,730,168256,113,8013,1101,62049,1180,149085,1212,211134,California
Solano,2021-05-06,1992,355030,1192,177961,591,168847,209,8222,724,61718,1256,150341,925,212059,California
Solano,2021-05-07,2837,357867,1978,179939,739,169586,120,8342,986,60979,1843,152184,1104,213163,California
Solano,2021-05-08,1484,359351,939,180878,429,170015,116,8458,571,60757,909,153093,687,213850,California
Solano,2021-05-09,452,359803,275,181153,166,170181,11,8469,175,60670,274,153367,187,214037,California
Solano,2021-05-10,1370,361173,647,181800,616,170797,107,8576,389,60189,976,154343,495,214532,California
Solano,2021-05-11,2340,363513,1212,183012,1039,171836,89,8665,680,59303,1655,155998,769,215301,California
Solano,2021-05-12,2194,365707,1267,184279,752,172588,175,8840,730,58757,1449,157447,903,216204,California
Solano,2021-05-13,3079,368786,2122,186401,745,173333,212,9052,1628,59150,1447,158894,1840,218044,California
Solano,2021-05-14,2501,371287,1706,188107,673,174006,122,9174,1061,58901,1432,160326,1183,219227,California
Solano,2021-05-15,3412,374699,2760,190867,566,174572,86,9260,1298,58182,2102,162428,1383,220610,California
Solano,2021-05-16,1542,376241,1144,192011,365,174937,33,9293,277,57230,1261,163689,309,220919,California
Solano,2021-05-17,2459,378700,1413,193424,959,175896,87,9380,865,56604,1574,165263,948,221867,California
Solano,2021-05-18,2947,381647,1640,195064,1218,177114,89,9469,1469,56697,1465,166728,1558,223425,California
Solano,2021-05-19,5698,387345,4139,199203,1427,178541,132,9601,2171,55483,3517,170245,2303,225728,California
Solano,2021-05-20,2621,389966,1581,200784,977,179518,63,9664,941,54818,1669,171914,1004,226732,California
Solano,2021-05-21,3563,393529,1874,202658,1620,181138,69,9733,1368,54069,2186,174100,1437,228169,California
Solano,2021-05-22,2742,396271,2113,204771,535,181673,94,9827,1158,53743,1577,175677,1251,229420,California
Solano,2021-05-23,1409,397680,1165,205936,219,181892,25,9852,753,53868,653,176330,778,230198,California
Solano,2021-05-24,1886,399566,1090,207026,723,182615,73,9925,636,53334,1242,177572,708,230906,California
Solano,2021-05-25,1625,401191,823,207849,744,183359,58,9983,583,52940,1034,178606,640,231546,California
Solano,2021-05-26,1895,403086,1087,208936,751,184110,57,10040,705,52518,1185,179791,763,232309,California
Solano,2021-05-27,2134,405220,945,209881,1114,185224,75,10115,879,52227,1244,181035,953,233262,California
Solano,2021-05-28,2018,407238,1023,210904,939,186163,56,10171,759,51792,1251,182286,816,234078,California
Solano,2021-05-29,654,407892,323,211227,300,186463,31,10202,301,51773,350,182636,331,234409,California
Solano,2021-05-30,324,408216,155,211382,144,186607,25,10227,115,51707,206,182842,140,234549,California
Solano,2021-05-31,129,408345,20,211402,100,186707,9,10236,25,51637,104,182946,34,234583,California
Solano,2021-06-01,1839,410184,1182,212584,579,187286,78,10314,727,51336,1107,184053,806,235389,California
Solano,2021-06-02,1827,412011,1289,213873,472,187758,66,10380,925,51429,895,184948,988,236377,California
Solano,2021-06-03,2191,414202,1732,215605,376,188134,83,10463,706,50740,1479,186427,790,237167,California
Solano,2021-06-04,1652,415854,1147,216752,439,188573,66,10529,500,50158,1148,187575,566,237733,California
Solano,2021-06-05,1418,417272,1024,217776,343,188916,51,10580,469,49735,943,188518,520,238253,California
Solano,2021-06-06,673,417945,554,218330,87,189003,32,10612,362,49819,310,188828,394,238647,California
Solano,2021-06-07,1240,419185,950,219280,228,189231,62,10674,409,49463,827,189655,471,239118,California
Solano,2021-06-08,1834,421019,1326,220606,474,189705,34,10708,486,48640,1343,190998,520,239638,California
Solano,2021-06-09,2108,423127,1795,222401,252,189957,61,10769,668,47934,1434,192432,728,240366,California
Solano,2021-06-10,1242,424369,845,223246,323,190280,74,10843,396,47566,837,193269,469,240835,California
Solano,2021-06-11,1599,425968,1270,224516,263,190543,66,10909,587,47211,1007,194276,652,241487,California
Solano,2021-06-12,1204,427172,925,225441,218,190761,61,10970,206,46487,991,195267,267,241754,California
Solano,2021-06-13,610,427782,521,225962,80,190841,9,10979,111,46109,498,195765,120,241874,California
Solano,2021-06-14,1310,429092,928,226890,349,191190,33,11012,276,45390,1026,196791,307,242181,California
Solano,2021-06-15,1469,430561,931,227821,487,191677,51,11063,606,45191,856,197647,657,242838,California
Solano,2021-06-16,1162,431723,769,228590,323,192000,70,11133,396,44895,761,198408,465,243303,California
Solano,2021-06-17,1222,432945,936,229526,217,192217,69,11202,436,44627,772,199180,504,243807,California
Solano,2021-06-18,1178,434123,875,230401,237,192454,66,11268,441,44402,732,199912,507,244314,California
Solano,2021-06-19,423,434546,295,230696,100,192554,28,11296,161,44334,257,200169,189,244503,California
Solano,2021-06-20,183,434729,140,230836,36,192590,7,11303,85,44328,98,200267,92,244595,California
Solano,2021-06-21,630,435359,405,231241,162,192752,63,11366,395,44552,234,200501,458,245053,California
Solano,2021-06-22,1155,436514,872,232113,238,192990,45,11411,421,44288,730,201231,466,245519,California
Solano,2021-06-23,1405,437919,1160,233273,174,193164,71,11482,481,43921,918,202149,551,246070,California
Solano,2021-06-24,904,438823,686,233959,152,193316,66,11548,385,43857,514,202663,450,246520,California
Solano,2021-06-25,1036,439859,723,234682,245,193561,68,11616,481,43868,537,203200,548,247068,California
Solano,2021-06-26,560,440419,430,235112,93,193654,37,11653,220,43786,338,203538,256,247324,California
Solano,2021-06-27,440,440859,383,235495,55,193709,2,11655,157,43663,282,203820,159,247483,California
Solano,2021-06-28,968,441827,802,236297,131,193840,35,11690,393,43521,570,204390,428,247911,California
Solano,2021-06-29,849,442676,649,236946,147,193987,53,11743,378,43484,467,204857,430,248341,California
Solano,2021-06-30,814,443490,600,237546,169,194156,45,11788,369,43452,445,205302,413,248754,California
Solano,2021-07-01,662,444152,489,238035,110,194266,63,11851,249,43353,411,205713,312,249066,California
Solano,2021-07-02,589,444741,451,238486,109,194375,29,11880,229,43255,356,206069,258,249324,California
Sonoma,2020-12-15,4,4,4,4,0,0,0,0,4,4,0,0,4,4,California
Sonoma,2020-12-16,27,31,27,31,0,0,0,0,27,31,0,0,27,31,California
Sonoma,2020-12-17,111,142,111,142,0,0,0,0,111,142,0,0,111,142,California
Sonoma,2020-12-18,437,579,437,579,0,0,0,0,437,579,0,0,437,579,California
Sonoma,2020-12-19,111,690,110,689,1,1,0,0,111,690,0,0,111,690,California
Sonoma,2020-12-20,177,867,177,866,0,1,0,0,177,867,0,0,177,867,California
Sonoma,2020-12-21,908,1775,906,1772,2,3,0,0,907,1774,0,0,907,1774,California
Sonoma,2020-12-22,1356,3131,1265,3037,91,94,0,0,1356,3130,0,0,1356,3130,California
Sonoma,2020-12-23,1605,4736,1229,4266,376,470,0,0,1606,4736,0,0,1606,4736,California
Sonoma,2020-12-24,310,5046,103,4369,207,677,0,0,310,5046,0,0,310,5046,California
Sonoma,2020-12-25,9,5055,2,4371,7,684,0,0,9,5055,0,0,9,5055,California
Sonoma,2020-12-26,268,5323,257,4628,11,695,0,0,268,5323,0,0,268,5323,California
Sonoma,2020-12-27,94,5417,80,4708,14,709,0,0,94,5417,0,0,94,5417,California
Sonoma,2020-12-28,980,6397,546,5254,434,1143,0,0,953,6370,0,0,953,6370,California
Sonoma,2020-12-29,1136,7533,779,6033,357,1500,0,0,1102,7472,0,0,1102,7472,California
Sonoma,2020-12-30,1098,8631,482,6515,616,2116,0,0,1090,8562,0,0,1090,8562,California
Sonoma,2020-12-31,518,9149,69,6584,449,2565,0,0,519,9081,0,0,519,9081,California
Sonoma,2021-01-01,228,9377,107,6691,121,2686,0,0,228,9309,0,0,228,9309,California
Sonoma,2021-01-02,135,9512,128,6819,7,2693,0,0,135,9444,0,0,135,9444,California
Sonoma,2021-01-03,26,9538,10,6829,16,2709,0,0,26,9470,0,0,26,9470,California
Sonoma,2021-01-04,346,9884,108,6937,238,2947,0,0,345,9815,0,0,345,9815,California
Sonoma,2021-01-05,433,10317,100,7037,333,3280,0,0,407,10206,16,16,407,10222,California
Sonoma,2021-01-06,952,11269,432,7469,520,3800,0,0,837,10934,109,125,837,11059,California
Sonoma,2021-01-07,1040,12309,539,8008,501,4301,0,0,865,11625,174,299,865,11924,California
Sonoma,2021-01-08,1811,14120,1245,9253,566,4867,0,0,1328,12472,481,780,1328,13252,California
Sonoma,2021-01-09,641,14761,401,9654,240,5107,0,0,593,13017,48,828,593,13845,California
Sonoma,2021-01-10,471,15232,460,10114,11,5118,0,0,277,13100,194,1022,277,14122,California
Sonoma,2021-01-11,1387,16619,1239,11353,148,5266,0,0,416,12550,966,1988,416,14538,California
Sonoma,2021-01-12,1553,18172,1296,12649,257,5523,0,0,401,11801,1150,3138,401,14939,California
Sonoma,2021-01-13,2049,20221,1368,14017,681,6204,0,0,1181,12118,865,4003,1182,16121,California
Sonoma,2021-01-14,1543,21764,809,14826,734,6938,0,0,1313,13201,230,4233,1313,17434,California
Sonoma,2021-01-15,1566,23330,635,15461,931,7869,0,0,1342,14331,214,4447,1344,18778,California
Sonoma,2021-01-16,1148,24478,612,16073,536,8405,0,0,900,14987,244,4691,900,19678,California
Sonoma,2021-01-17,680,25158,558,16631,122,8527,0,0,600,15507,80,4771,600,20278,California
Sonoma,2021-01-18,1108,26266,938,17569,170,8697,0,0,618,15636,490,5261,619,20897,California
Sonoma,2021-01-19,2100,28366,1002,18571,1098,9795,0,0,1388,16315,710,5971,1389,22286,California
Sonoma,2021-01-20,2190,30556,711,19282,1479,11274,0,0,1515,17166,665,6636,1516,23802,California
Sonoma,2021-01-21,2321,32877,675,19957,1646,12920,0,0,2093,19034,226,6862,2094,25896,California
Sonoma,2021-01-22,2775,35652,1055,21012,1720,14640,0,0,2623,21506,151,7013,2623,28519,California
Sonoma,2021-01-23,769,36421,591,21603,178,14818,0,0,660,22058,108,7121,660,29179,California
Sonoma,2021-01-24,852,37273,714,22317,138,14956,0,0,833,22872,19,7140,833,30012,California
Sonoma,2021-01-25,2197,39470,535,22852,1662,16618,0,0,1705,24085,492,7632,1705,31717,California
Sonoma,2021-01-26,2064,41534,307,23159,1757,18375,0,0,1596,25214,467,8099,1596,33313,California
Sonoma,2021-01-27,3749,45283,1279,24438,2470,20845,0,0,3163,27796,583,8682,3165,36478,California
Sonoma,2021-01-28,4123,49406,1831,26269,2292,23137,0,0,3435,30548,685,9367,3437,39915,California
Sonoma,2021-01-29,3022,52428,1421,27690,1601,24738,0,0,2170,31870,850,10217,2172,42087,California
Sonoma,2021-01-30,2593,55021,2397,30087,196,24934,0,0,2245,33770,346,10563,2246,44333,California
Sonoma,2021-01-31,794,55815,678,30765,116,25050,0,0,562,34101,231,10794,562,44895,California
Sonoma,2021-02-01,2501,58316,858,31623,1643,26693,0,0,2107,35818,390,11184,2107,47002,California
Sonoma,2021-02-02,3616,61932,1397,33020,2219,28912,0,0,3028,38261,585,11769,3028,50030,California
Sonoma,2021-02-03,4072,66004,1328,34348,2744,31656,0,0,3122,40437,946,12715,3122,53152,California
Sonoma,2021-02-04,4251,70255,1747,36095,2504,34160,0,0,3442,43074,806,13521,3443,56595,California
Sonoma,2021-02-05,4861,75116,1757,37852,3104,37264,0,0,3790,45799,1066,14587,3791,60386,California
Sonoma,2021-02-06,2664,77780,2296,40148,368,37632,0,0,2122,47381,540,15127,2122,62508,California
Sonoma,2021-02-07,1556,79336,1419,41567,137,37769,0,0,1293,48411,263,15390,1293,63801,California
Sonoma,2021-02-08,3288,82624,1041,42608,2247,40016,0,0,2685,50495,601,15991,2685,66486,California
Sonoma,2021-02-09,3600,86224,1716,44324,1884,41900,0,0,3113,53124,485,16476,3114,69600,California
Sonoma,2021-02-10,4595,90819,2507,46831,2088,43988,0,0,3566,55670,1021,17497,3567,73167,California
Sonoma,2021-02-11,5633,96452,3038,49869,2595,46583,0,0,4350,58741,1279,18776,4350,77517,California
Sonoma,2021-02-12,5969,102421,3287,53156,2682,49265,0,0,4508,61799,1454,20230,4512,82029,California
Sonoma,2021-02-13,2002,104423,1157,54313,845,50110,0,0,1196,62192,803,21033,1196,83225,California
Sonoma,2021-02-14,2336,106759,1833,56146,503,50613,0,0,1578,63016,754,21787,1578,84803,California
Sonoma,2021-02-15,2146,108905,791,56937,1355,51968,0,0,1600,64070,546,22333,1600,86403,California
Sonoma,2021-02-16,4998,113903,2138,59075,2860,54828,0,0,3715,66508,1279,23612,3717,90120,California
Sonoma,2021-02-17,5650,119553,2932,62007,2718,57546,0,0,3555,67985,2080,25692,3557,93677,California
Sonoma,2021-02-18,7021,126574,3171,65178,3850,61396,0,0,4018,69020,2984,28676,4019,97696,California
Sonoma,2021-02-19,5656,132230,1724,66902,3932,65328,0,0,3493,70362,2153,30829,3495,101191,California
Sonoma,2021-02-20,3157,135387,2857,69759,300,65628,0,0,1228,69669,1921,32750,1228,102419,California
Sonoma,2021-02-21,558,135945,442,70201,116,65744,0,0,148,69413,404,33154,148,102567,California
Sonoma,2021-02-22,3023,138968,1419,71620,1604,67348,0,0,1240,68884,1769,34923,1240,103807,California
Sonoma,2021-02-23,3484,142452,2136,73756,1348,68696,0,0,1636,68680,1840,36763,1636,105443,California
Sonoma,2021-02-24,5771,148223,2582,76338,3189,71885,0,0,2936,68793,2824,39587,2937,108380,California
Sonoma,2021-02-25,6017,154240,2353,78691,3664,75549,0,0,3217,69239,2771,42358,3217,111597,California
Sonoma,2021-02-26,6641,160881,2925,81616,3716,79265,0,0,4209,71026,2422,44780,4209,115806,California
Sonoma,2021-02-27,4233,165114,1964,83580,2269,81534,0,0,2834,72467,1393,46173,2834,118640,California
Sonoma,2021-02-28,2502,167616,1850,85430,651,82185,1,1,746,71470,1744,47917,747,119387,California
Sonoma,2021-03-01,4145,171761,1324,86754,2820,85005,1,2,2165,71676,1961,49878,2167,121554,California
Sonoma,2021-03-02,4440,176201,1531,88285,2907,87912,2,4,2551,72351,1878,51756,2553,124107,California
Sonoma,2021-03-03,5090,181291,2644,90929,2446,90358,0,4,2329,71935,2745,54501,2329,126436,California
Sonoma,2021-03-04,5982,187273,2688,93617,3294,93652,0,4,2580,71129,3386,57887,2580,129016,California
Sonoma,2021-03-05,6505,193778,2868,96485,3622,97274,15,19,2729,70118,3756,61643,2745,131761,California
Sonoma,2021-03-06,2807,196585,1227,97712,1442,98716,138,157,1926,71310,871,62514,2063,133824,California
Sonoma,2021-03-07,1736,198321,1400,99112,299,99015,37,194,395,70402,1339,63853,431,134255,California
Sonoma,2021-03-08,4085,202406,663,99775,3248,102263,174,368,2384,71271,1687,65540,2556,136811,California
Sonoma,2021-03-09,5623,208029,3100,102875,2255,104518,268,636,2692,71302,2916,68456,2947,139758,California
Sonoma,2021-03-10,6051,214080,3210,106085,2491,107009,350,986,2427,70472,3604,72060,2774,142532,California
Sonoma,2021-03-11,7567,221647,3029,109114,3716,110725,822,1808,2541,68826,5004,77064,3358,145890,California
Sonoma,2021-03-12,7439,229086,2269,111383,3805,114530,1365,3173,2059,66896,5348,82412,3418,149308,California
Sonoma,2021-03-13,3463,232549,1715,113098,1508,116038,240,3413,2014,67700,1445,83857,2249,151557,California
Sonoma,2021-03-14,1396,233945,388,113486,866,116904,142,3555,849,68147,544,84401,991,152548,California
Sonoma,2021-03-15,5260,239205,1520,115006,3354,120258,386,3941,2173,67638,3066,87467,2557,155105,California
Sonoma,2021-03-16,6326,245531,2270,117276,3828,124086,228,4169,2885,67319,3430,90897,3111,158216,California
Sonoma,2021-03-17,6805,252336,3549,120825,3077,127163,179,4348,3275,67259,3512,94409,3452,161668,California
Sonoma,2021-03-18,7160,259496,2952,123777,3592,130755,616,4964,3108,66941,4036,98445,3718,165386,California
Sonoma,2021-03-19,7525,267021,3260,127037,4036,134791,229,5193,3047,65775,4446,102891,3280,168666,California
Sonoma,2021-03-20,3736,270757,1766,128803,1144,135935,826,6019,2014,66897,1713,104604,2835,171501,California
Sonoma,2021-03-21,1401,272158,614,129417,752,136687,35,6054,1209,67955,186,104790,1244,172745,California
Sonoma,2021-03-22,4585,276743,3120,132537,1366,138053,99,6153,3335,70146,1243,106033,3434,176179,California
Sonoma,2021-03-23,5873,282616,3639,136176,2161,140214,73,6226,4417,73194,1443,107476,4491,180670,California
Sonoma,2021-03-24,6845,289461,4288,140464,2482,142696,75,6301,4157,74758,2665,110141,4229,184899,California
Sonoma,2021-03-25,7138,296599,4201,144665,2825,145521,112,6413,4279,76321,2830,112971,4393,189292,California
Sonoma,2021-03-26,7482,304081,3473,148138,3912,149433,97,6510,3807,76577,3647,116618,3903,193195,California
Sonoma,2021-03-27,3865,307946,1516,149654,1986,151419,363,6873,990,75067,2860,119478,1350,194545,California
Sonoma,2021-03-28,1515,309461,950,150604,537,151956,28,6901,796,75175,715,120193,823,195368,California
Sonoma,2021-03-29,2991,312452,1110,151714,1848,153804,33,6934,1546,75320,1434,121627,1579,196947,California
Sonoma,2021-03-30,5927,318379,3232,154946,2632,156436,63,6997,3100,75666,2817,124444,3163,200110,California
Sonoma,2021-03-31,5750,324129,3418,158364,2116,158552,216,7213,3337,76823,2395,126839,3552,203662,California
Sonoma,2021-04-01,6965,331094,4071,162435,2548,161100,346,7559,3774,77771,3161,130000,4109,207771,California
Sonoma,2021-04-02,5978,337072,3581,166016,2286,163386,111,7670,3577,79071,2387,132387,3687,211458,California
Sonoma,2021-04-03,3738,340810,1826,167842,1685,165071,227,7897,1675,78922,2046,134433,1897,213355,California
Sonoma,2021-04-04,1070,341880,695,168537,284,165355,91,7988,648,79244,417,134850,739,214094,California
Sonoma,2021-04-05,4454,346334,664,169201,3443,168798,347,8335,1673,78491,2773,137623,2020,216114,California
Sonoma,2021-04-06,6935,353269,3512,172713,3011,171809,412,8747,4028,80037,2891,140514,4437,220551,California
Sonoma,2021-04-07,6866,360135,3881,176594,2138,173947,847,9594,3343,80714,3505,144019,4182,224733,California
Sonoma,2021-04-08,7683,367818,4156,180750,2751,176698,776,10370,4203,82220,3467,147486,4973,229706,California
Sonoma,2021-04-09,6865,374683,3831,184581,2142,178840,892,11262,3522,83299,3328,150814,4407,234113,California
Sonoma,2021-04-10,3923,378606,1709,186290,1653,180493,561,11823,1153,82249,2757,153571,1707,235820,California
Sonoma,2021-04-11,1294,379900,613,186903,600,181093,81,11904,442,81922,850,154421,523,236343,California
Sonoma,2021-04-12,4974,384874,2069,188972,2418,183511,487,12391,1848,81142,3108,157529,2328,238671,California
Sonoma,2021-04-13,7946,392820,4678,193650,3264,186775,4,12395,3046,79306,4885,162414,3049,241720,California
Sonoma,2021-04-14,6703,399523,3787,197437,2895,189670,21,12416,2569,77775,4119,166533,2588,244308,California
Sonoma,2021-04-15,7534,407057,4281,201718,3252,192922,1,12417,3642,77543,3875,170408,3643,247951,California
Sonoma,2021-04-16,6937,413994,3465,205183,3470,196392,2,12419,3912,78444,3014,173422,3915,251866,California
Sonoma,2021-04-17,3545,417539,1834,207017,1711,198103,0,12419,1689,78297,1837,175259,1690,253556,California
Sonoma,2021-04-18,1410,418949,1009,208026,401,198504,0,12419,539,77967,869,176128,539,254095,California
Sonoma,2021-04-19,3443,422392,1893,209919,1549,200053,1,12420,1528,77588,1908,178036,1529,255624,California
Sonoma,2021-04-20,6406,428798,3533,213452,2873,202926,0,12420,2382,75962,4010,182046,2384,258008,California
Sonoma,2021-04-21,6852,435650,4357,217809,2493,205419,2,12422,3136,75407,3692,185738,3137,261145,California
Sonoma,2021-04-22,6475,442125,4523,222332,1951,207370,1,12423,2611,74174,3844,189582,2611,263756,California
Sonoma,2021-04-23,7569,449694,4669,227001,2893,210263,7,12430,3684,73996,3870,193452,3692,267448,California
Sonoma,2021-04-24,2787,452481,1515,228516,1258,211521,14,12444,1548,74325,1233,194685,1562,269010,California
Sonoma,2021-04-25,1085,453566,789,229305,296,211817,0,12444,431,74105,651,195336,431,269441,California
Sonoma,2021-04-26,3000,456566,1436,230741,1536,213353,28,12472,1624,74390,1367,196703,1652,271093,California
Sonoma,2021-04-27,5531,462097,3735,234476,1672,215025,124,12596,2238,73470,3281,199984,2361,273454,California
Sonoma,2021-04-28,4932,467029,3232,237708,1500,216525,200,12796,2017,72788,2894,202878,2212,275666,California
Sonoma,2021-04-29,5114,472143,3600,241308,1370,217895,144,12940,1912,71658,3186,206064,2056,277722,California
Sonoma,2021-04-30,5564,477707,3629,244937,1640,219535,295,13235,1825,70056,3721,209785,2119,279841,California
Sonoma,2021-05-01,2530,480237,1790,246727,632,220167,108,13343,1196,70032,1323,211108,1299,281140,California
Sonoma,2021-05-02,874,481111,651,247378,172,220339,51,13394,556,70322,318,211426,608,281748,California
Sonoma,2021-05-03,3266,484377,1685,249063,1428,221767,153,13547,1067,69355,2184,213610,1217,282965,California
Sonoma,2021-05-04,4624,489001,2415,251478,2027,223794,182,13729,1456,67842,3145,216755,1632,284597,California
Sonoma,2021-05-05,3720,492721,2190,253668,1336,225130,194,13923,1318,66967,2385,219140,1510,286107,California
Sonoma,2021-05-06,4599,497320,2423,256091,2049,227179,127,14050,1306,65166,3231,222371,1430,287537,California
Sonoma,2021-05-07,3644,500964,2329,258420,1192,228371,123,14173,1088,63835,2542,224913,1211,288748,California
Sonoma,2021-05-08,1936,502900,1295,259715,549,228920,92,14265,679,63363,1243,226156,771,289519,California
Sonoma,2021-05-09,500,503400,284,259999,175,229095,41,14306,157,63223,338,226494,198,289717,California
Sonoma,2021-05-10,2364,505764,1042,261041,1189,230284,133,14439,294,61595,2052,228546,424,290141,California
Sonoma,2021-05-11,3602,509366,1941,262982,1539,231823,122,14561,873,59880,2710,231256,995,291136,California
Sonoma,2021-05-12,4073,513439,2497,265479,1424,233247,152,14713,847,57664,3214,234470,998,292134,California
Sonoma,2021-05-13,4968,518407,2844,268323,1994,235241,130,14843,1653,56143,3302,237772,1781,293915,California
Sonoma,2021-05-14,5848,524255,3606,271929,2105,237346,137,14980,2209,54867,3623,241395,2347,296262,California
Sonoma,2021-05-15,2991,527246,2200,274129,728,238074,63,15043,1872,55692,1110,242505,1935,298197,California
Sonoma,2021-05-16,1352,528598,1133,275262,160,238234,59,15102,996,56396,351,242856,1055,299252,California
Sonoma,2021-05-17,2445,531043,1816,277078,534,238768,95,15197,888,55825,1552,244408,981,300233,California
Sonoma,2021-05-18,4338,535381,2864,279942,1365,240133,109,15306,1462,54538,2857,247265,1570,301803,California
Sonoma,2021-05-19,3879,539260,2420,282362,1344,241477,115,15421,1484,53758,2379,249644,1599,303402,California
Sonoma,2021-05-20,3432,542692,2246,284608,1092,242569,94,15515,1334,53095,2085,251729,1422,304824,California
Sonoma,2021-05-21,4255,546947,2389,286997,1737,244306,129,15644,1500,51978,2731,254460,1614,306438,California
Sonoma,2021-05-22,2349,549296,1291,288288,1018,245324,40,15684,665,51013,1670,256130,705,307143,California
Sonoma,2021-05-23,1502,550798,1222,289510,262,245586,18,15702,774,51082,723,256853,792,307935,California
Sonoma,2021-05-24,2019,552817,1258,290768,627,246213,134,15836,661,50548,1329,258182,795,308730,California
Sonoma,2021-05-25,2942,555759,1800,292568,1055,247268,87,15923,739,49183,2189,260371,824,309554,California
Sonoma,2021-05-26,2489,558248,1735,294303,643,247911,111,16034,1001,48819,1473,261844,1109,310663,California
Sonoma,2021-05-27,2073,560321,1136,295439,840,248751,97,16131,682,48214,1381,263225,776,311439,California
Sonoma,2021-05-28,2189,562510,1127,296566,969,249720,93,16224,621,47371,1557,264782,714,312153,California
Sonoma,2021-05-29,1352,563862,922,297488,362,250082,68,16292,638,47373,704,265486,706,312859,California
Sonoma,2021-05-30,347,564209,213,297701,123,250205,11,16303,138,47319,202,265688,148,313007,California
Sonoma,2021-05-31,70,564279,26,297727,43,250248,1,16304,17,47284,53,265741,18,313025,California
Sonoma,2021-06-01,1943,566222,1113,298840,754,251002,76,16380,695,46816,1235,266976,767,313792,California
Sonoma,2021-06-02,1590,567812,975,299815,499,251501,116,16496,660,46665,925,267901,774,314566,California
Sonoma,2021-06-03,2009,569821,1385,301200,545,252046,79,16575,437,45617,1563,269464,515,315081,California
Sonoma,2021-06-04,2709,572530,2205,303405,396,252442,108,16683,513,44050,2186,271650,619,315700,California
Sonoma,2021-06-05,1817,574347,1493,304898,293,252735,31,16714,272,42813,1540,273190,303,316003,California
Sonoma,2021-06-06,1013,575360,936,305834,68,252803,9,16723,141,42094,869,274059,150,316153,California
Sonoma,2021-06-07,1487,576847,1245,307079,187,252990,55,16778,332,41331,1147,275206,384,316537,California
Sonoma,2021-06-08,1900,578747,1526,308605,326,253316,48,16826,530,40549,1358,276564,576,317113,California
Sonoma,2021-06-09,1653,580400,1365,309970,226,253542,62,16888,390,39752,1249,277813,452,317565,California
Sonoma,2021-06-10,1834,582234,1506,311476,224,253766,104,16992,553,39139,1268,279081,655,318220,California
Sonoma,2021-06-11,2001,584235,1631,313107,278,254044,92,17084,547,38331,1447,280528,639,318859,California
Sonoma,2021-06-12,1127,585362,890,313997,191,254235,46,17130,347,37953,772,281300,394,319253,California
Sonoma,2021-06-13,555,585917,466,314463,70,254305,19,17149,104,37625,450,281750,122,319375,California
Sonoma,2021-06-14,951,586868,678,315141,214,254519,59,17208,341,37424,601,282351,400,319775,California
Sonoma,2021-06-15,1848,588716,1382,316523,358,254877,108,17316,603,36901,1233,283584,710,320485,California
Sonoma,2021-06-16,1576,590292,1214,317737,261,255138,101,17417,499,36429,1070,284654,598,321083,California
Sonoma,2021-06-17,1040,591332,788,318525,172,255310,80,17497,409,36291,626,285280,488,321571,California
Sonoma,2021-06-18,1077,592409,772,319297,203,255513,102,17599,451,36225,616,285896,550,322121,California
Sonoma,2021-06-19,835,593244,690,319987,106,255619,39,17638,274,35979,558,286454,312,322433,California
Sonoma,2021-06-20,241,593485,199,320186,36,255655,6,17644,82,35911,156,286610,88,322521,California
Sonoma,2021-06-21,539,594024,306,320492,156,255811,77,17721,255,35971,271,286881,331,322852,California
Sonoma,2021-06-22,1249,595273,987,321479,171,255982,91,17812,583,35981,661,287542,671,323523,California
Sonoma,2021-06-23,1220,596493,941,322420,195,256177,84,17896,476,35804,737,288279,560,324083,California
Sonoma,2021-06-24,950,597443,634,323054,216,256393,100,17996,418,35798,523,288802,517,324600,California
Sonoma,2021-06-25,1193,598636,915,323969,197,256590,81,18077,518,35741,654,289456,597,325197,California
Sonoma,2021-06-26,688,599324,492,324461,115,256705,81,18158,331,35797,355,289811,411,325608,California
Sonoma,2021-06-27,193,599517,158,324619,24,256729,11,18169,101,35818,91,289902,112,325720,California
Sonoma,2021-06-28,708,600225,569,325188,82,256811,57,18226,309,35785,398,290300,365,326085,California
Sonoma,2021-06-29,937,601162,726,325914,161,256972,50,18276,399,35699,535,290835,449,326534,California
Sonoma,2021-06-30,885,602047,686,326600,158,257130,41,18317,384,35628,495,291330,424,326958,California
Sonoma,2021-07-01,935,602982,738,327338,132,257262,65,18382,407,35574,524,291854,470,327428,California
Sonoma,2021-07-02,625,603607,472,327810,115,257377,38,18420,301,35593,320,292174,339,327767,California
Stanislaus,2020-12-15,5,5,5,5,0,0,0,0,5,5,0,0,5,5,California
Stanislaus,2020-12-16,39,44,39,44,0,0,0,0,39,44,0,0,39,44,California
Stanislaus,2020-12-17,74,118,74,118,0,0,0,0,74,118,0,0,74,118,California
Stanislaus,2020-12-18,342,460,336,454,6,6,0,0,342,460,0,0,342,460,California
Stanislaus,2020-12-19,133,593,133,587,0,6,0,0,133,593,0,0,133,593,California
Stanislaus,2020-12-20,87,680,87,674,0,6,0,0,87,680,0,0,87,680,California
Stanislaus,2020-12-21,998,1678,997,1671,1,7,0,0,997,1677,1,1,998,1678,California
Stanislaus,2020-12-22,796,2474,784,2455,12,19,0,0,796,2473,0,1,796,2474,California
Stanislaus,2020-12-23,450,2924,431,2886,19,38,0,0,449,2922,1,2,450,2924,California
Stanislaus,2020-12-24,98,3022,89,2975,9,47,0,0,98,3020,0,2,98,3022,California
Stanislaus,2020-12-26,53,3075,9,2984,44,91,0,0,53,3073,0,2,53,3075,California
Stanislaus,2020-12-27,11,3086,6,2990,5,96,0,0,11,3084,0,2,11,3086,California
Stanislaus,2020-12-28,490,3576,396,3386,94,190,0,0,490,3574,0,2,490,3576,California
Stanislaus,2020-12-29,500,4076,415,3801,85,275,0,0,500,4074,0,2,500,4076,California
Stanislaus,2020-12-30,538,4614,281,4082,257,532,0,0,537,4610,1,3,537,4613,California
Stanislaus,2020-12-31,283,4897,159,4241,124,656,0,0,283,4893,0,3,283,4896,California
Stanislaus,2021-01-01,18,4915,7,4248,11,667,0,0,18,4911,0,3,18,4914,California
Stanislaus,2021-01-02,34,4949,26,4274,8,675,0,0,34,4945,0,3,34,4948,California
Stanislaus,2021-01-03,90,5039,87,4361,3,678,0,0,90,5035,0,3,90,5038,California
Stanislaus,2021-01-04,233,5272,153,4514,80,758,0,0,233,5268,0,3,233,5271,California
Stanislaus,2021-01-05,854,6126,358,4872,496,1254,0,0,827,6078,26,29,836,6107,California
Stanislaus,2021-01-06,1013,7139,607,5479,406,1660,0,0,936,6946,74,103,942,7049,California
Stanislaus,2021-01-07,1085,8224,706,6185,379,2039,0,0,890,7650,190,293,894,7943,California
Stanislaus,2021-01-08,1300,9524,737,6922,563,2602,0,0,951,8262,346,639,958,8901,California
Stanislaus,2021-01-09,290,9814,144,7066,146,2748,0,0,201,8374,89,728,201,9102,California
Stanislaus,2021-01-10,49,9863,22,7088,27,2775,0,0,29,8383,20,748,29,9131,California
Stanislaus,2021-01-11,1511,11374,1226,8314,285,3060,0,0,574,8046,930,1678,593,9724,California
Stanislaus,2021-01-12,1486,12860,870,9184,616,3676,0,0,835,8252,647,2325,853,10577,California
Stanislaus,2021-01-13,1458,14318,692,9876,766,4442,0,0,1127,9065,330,2655,1143,11720,California
Stanislaus,2021-01-14,2271,16589,289,10165,1982,6424,0,0,2073,11034,195,2850,2164,13884,California
Stanislaus,2021-01-15,2860,19449,1174,11339,1686,8110,0,0,2686,13647,169,3019,2782,16666,California
Stanislaus,2021-01-16,473,19922,50,11389,423,8533,0,0,454,14085,18,3037,456,17122,California
Stanislaus,2021-01-17,244,20166,202,11591,42,8575,0,0,237,14316,6,3043,237,17359,California
Stanislaus,2021-01-18,2214,22380,1032,12623,1182,9757,0,0,1811,15814,398,3441,1896,19255,California
Stanislaus,2021-01-19,1271,23651,727,13350,544,10301,0,0,821,16190,446,3887,822,20077,California
Stanislaus,2021-01-20,1033,24684,493,13843,540,10841,0,0,738,16635,293,4180,738,20815,California
Stanislaus,2021-01-21,3735,28419,2998,16841,737,11578,0,0,3376,19787,355,4535,3507,24322,California
Stanislaus,2021-01-22,1117,29536,313,17154,804,12382,0,0,1071,20819,42,4577,1074,25396,California
Stanislaus,2021-01-23,379,29915,43,17197,336,12718,0,0,320,21082,58,4635,321,25717,California
Stanislaus,2021-01-24,315,30230,99,17296,216,12934,0,0,248,21266,67,4702,251,25968,California
Stanislaus,2021-01-25,3203,33433,233,17529,2970,15904,0,0,2847,23966,320,5022,3020,28988,California
Stanislaus,2021-01-26,1754,35187,751,18280,1003,16907,0,0,1304,24849,441,5463,1324,30312,California
Stanislaus,2021-01-27,1936,37123,1069,19349,867,17774,0,0,1216,25398,669,6132,1218,31530,California
Stanislaus,2021-01-28,2241,39364,1531,20880,710,18484,0,0,1733,26706,498,6630,1806,33336,California
Stanislaus,2021-01-29,2491,41855,1218,22098,1273,19757,0,0,1933,28194,504,7134,1992,35328,California
Stanislaus,2021-01-30,298,42153,132,22230,166,19923,0,0,230,28368,56,7190,230,35558,California
Stanislaus,2021-01-31,374,42527,319,22549,55,19978,0,0,357,28711,14,7204,357,35915,California
Stanislaus,2021-02-01,1345,43872,584,23133,761,20739,0,0,978,29337,353,7557,979,36894,California
Stanislaus,2021-02-02,1265,45137,349,23482,916,21655,0,0,822,29732,431,7988,826,37720,California
Stanislaus,2021-02-03,2685,47822,1239,24721,1446,23101,0,0,1978,31024,702,8690,1994,39714,California
Stanislaus,2021-02-04,2138,49960,719,25440,1419,24520,0,0,1612,32133,513,9203,1622,41336,California
Stanislaus,2021-02-05,2893,52853,1485,26925,1408,25928,0,0,1613,32554,1209,10412,1630,42966,California
Stanislaus,2021-02-06,892,53745,302,27227,590,26518,0,0,698,33063,191,10603,700,43666,California
Stanislaus,2021-02-07,234,53979,208,27435,26,26544,0,0,45,32924,185,10788,46,43712,California
Stanislaus,2021-02-08,2087,56066,1355,28790,732,27276,0,0,1130,33170,913,11701,1159,44871,California
Stanislaus,2021-02-09,1874,57940,793,29583,1081,28357,0,0,1066,33469,779,12480,1078,45949,California
Stanislaus,2021-02-10,1982,59922,548,30131,1434,29791,0,0,1045,33607,909,13389,1047,46996,California
Stanislaus,2021-02-11,5460,65382,3291,33422,2169,31960,0,0,1239,30900,3953,17342,1246,48242,California
Stanislaus,2021-02-12,3346,68728,928,34350,2418,34378,0,0,1471,30601,1783,19125,1484,49726,California
Stanislaus,2021-02-13,1386,70114,679,35029,707,35085,0,0,1009,31246,369,19494,1014,50740,California
Stanislaus,2021-02-14,426,70540,171,35200,255,35340,0,0,353,31529,70,19564,353,51093,California
Stanislaus,2021-02-15,1842,72382,237,35437,1605,36945,0,0,589,30991,1132,20696,594,51687,California
Stanislaus,2021-02-16,1380,73762,428,35865,952,37897,0,0,581,30789,785,21481,583,52270,California
Stanislaus,2021-02-17,2798,76560,1719,37584,1079,38976,0,0,1923,31864,866,22347,1941,54211,California
Stanislaus,2021-02-18,3416,79976,1931,39515,1485,40461,0,0,1777,32155,1538,23885,1829,56040,California
Stanislaus,2021-02-19,2830,82806,1113,40628,1717,42178,0,0,1535,32473,1240,25125,1558,57598,California
Stanislaus,2021-02-20,766,83572,387,41015,379,42557,0,0,471,32671,274,25399,472,58070,California
Stanislaus,2021-02-21,916,84488,699,41714,217,42774,0,0,535,32864,355,25754,548,58618,California
Stanislaus,2021-02-22,2391,86879,1716,43430,675,43449,0,0,1634,33763,736,26490,1635,60253,California
Stanislaus,2021-02-23,3766,90645,680,44110,3086,46535,0,0,1723,33643,1854,28344,1734,61987,California
Stanislaus,2021-02-24,4237,94882,2885,46995,1352,47887,0,0,3123,35683,1088,29432,3128,65115,California
Stanislaus,2021-02-25,3996,98878,2748,49743,1248,49135,0,0,3168,38049,806,30238,3172,68287,California
Stanislaus,2021-02-26,4256,103134,1227,50970,3029,52164,0,0,2840,39547,1354,31592,2852,71139,California
Stanislaus,2021-02-27,2106,105240,716,51686,1389,53553,1,1,1868,41210,207,31799,1870,73009,California
Stanislaus,2021-02-28,837,106077,269,51955,568,54121,0,1,779,41944,46,31845,780,73789,California
Stanislaus,2021-03-01,3141,109218,1668,53623,1468,55589,5,6,1662,42195,1427,33272,1678,75467,California
Stanislaus,2021-03-02,2427,111645,1450,55073,976,56565,1,7,1671,43131,738,34010,1674,77141,California
Stanislaus,2021-03-03,3760,115405,2268,57341,1488,58053,4,11,2927,45250,812,34822,2931,80072,California
Stanislaus,2021-03-04,5491,120896,3141,60482,2333,60386,17,28,4215,48243,1234,36056,4227,84299,California
Stanislaus,2021-03-05,4137,125033,1148,61630,2973,63359,16,44,3121,50396,983,37039,3136,87435,California
Stanislaus,2021-03-06,3610,128643,2247,63877,1270,64629,93,137,2748,52383,856,37895,2843,90278,California
Stanislaus,2021-03-07,859,129502,391,64268,431,65060,37,174,667,52901,186,38081,704,90982,California
Stanislaus,2021-03-08,2034,131536,887,65155,1058,66118,89,263,1348,53673,665,38746,1437,92419,California
Stanislaus,2021-03-09,2699,134235,1022,66177,1585,67703,92,355,1646,54376,1039,39785,1742,94161,California
Stanislaus,2021-03-10,5575,139810,2724,68901,2622,70325,229,584,3765,56597,1783,41568,4004,98165,California
Stanislaus,2021-03-11,6203,146013,3381,72282,2341,72666,481,1065,4148,59363,1867,43435,4633,102798,California
Stanislaus,2021-03-12,6329,152342,1380,73662,3019,75685,1930,2995,2942,60879,3351,46786,4867,107665,California
Stanislaus,2021-03-13,3749,156091,2342,76004,1336,77021,71,3066,2835,62885,906,47692,2912,110577,California
Stanislaus,2021-03-14,1002,157093,596,76600,351,77372,55,3121,495,62934,502,48194,551,111128,California
Stanislaus,2021-03-15,3825,160918,1994,78594,1469,78841,362,3483,1654,62884,2071,50265,2021,113149,California
Stanislaus,2021-03-16,5121,166039,2515,81109,2168,81009,438,3921,3676,65576,1419,51684,4111,117260,California
Stanislaus,2021-03-17,4951,170990,2945,84054,1827,82836,179,4100,2983,66813,1929,53613,3166,120426,California
Stanislaus,2021-03-18,5584,176574,3463,87517,2051,84887,70,4170,3052,67562,2376,55989,3125,123551,California
Stanislaus,2021-03-19,6045,182619,1588,89105,2931,87818,1526,5696,3200,69478,2803,58792,4719,128270,California
Stanislaus,2021-03-20,3880,186499,3042,92147,770,88588,68,5764,3384,72458,474,59266,3454,131724,California
Stanislaus,2021-03-21,1021,187520,911,93058,44,88632,66,5830,771,73052,243,59509,837,132561,California
Stanislaus,2021-03-22,3030,190550,1399,94457,904,89536,727,6557,1420,73624,1576,61085,2148,134709,California
Stanislaus,2021-03-23,4149,194699,2120,96577,1769,91305,260,6817,2980,75735,1148,62233,3259,137968,California
Stanislaus,2021-03-24,4727,199426,3294,99871,1354,92659,79,6896,2765,76673,1910,64143,2848,140816,California
Stanislaus,2021-03-25,4431,203857,3010,102881,1405,94064,16,6912,1962,76265,2388,66531,1980,142796,California
Stanislaus,2021-03-26,4950,208807,1421,104302,3455,97519,74,6986,2528,76495,2382,68913,2612,145408,California
Stanislaus,2021-03-27,4454,213261,2777,107079,1593,99112,84,7070,1405,74959,3030,71943,1494,146902,California
Stanislaus,2021-03-28,1122,214383,448,107527,566,99678,108,7178,323,74612,785,72728,438,147340,California
Stanislaus,2021-03-29,3189,217572,1851,109378,1298,100976,40,7218,2165,75810,1013,73741,2211,149551,California
Stanislaus,2021-03-30,3865,221437,2084,111462,1755,102731,26,7244,2391,76770,1463,75204,2423,151974,California
Stanislaus,2021-03-31,5635,227072,3884,115346,1621,104352,130,7374,2932,77157,2679,77883,3066,155040,California
Stanislaus,2021-04-01,5952,233024,3874,119220,1961,106313,117,7491,2751,76862,3171,81054,2876,157916,California
Stanislaus,2021-04-02,5209,238233,1238,120458,3802,110115,169,7660,2376,76682,2733,83787,2553,160469,California
Stanislaus,2021-04-03,4704,242937,3449,123907,1218,111333,37,7697,2255,76547,2436,86223,2301,162770,California
Stanislaus,2021-04-04,1328,244265,477,124384,821,112154,30,7727,649,76561,670,86893,684,163454,California
Stanislaus,2021-04-05,3779,248044,2568,126952,951,113105,260,7987,2450,77957,1318,88211,2714,166168,California
Stanislaus,2021-04-06,5964,254008,4243,131195,1436,114541,285,8272,3219,78736,2728,90939,3507,169675,California
Stanislaus,2021-04-07,6548,260556,3681,134876,2428,116969,439,8711,2904,78466,3621,94560,3351,173026,California
Stanislaus,2021-04-08,5893,266449,3429,138305,2017,118986,447,9158,2905,78865,2954,97514,3353,176379,California
Stanislaus,2021-04-09,5007,271456,2183,140488,2442,121428,382,9540,2286,78846,2690,100204,2671,179050,California
Stanislaus,2021-04-10,6517,277973,4001,144489,876,122304,1640,11180,1996,77982,4494,104698,3630,182680,California
Stanislaus,2021-04-11,1533,279506,858,145347,542,122846,133,11313,665,77916,865,105563,799,183479,California
Stanislaus,2021-04-12,3796,283302,2126,147473,1221,124067,449,11762,1955,78521,1809,107372,2414,185893,California
Stanislaus,2021-04-13,5417,288719,3509,150982,1894,125961,14,11776,2971,79103,2397,109769,2979,188872,California
Stanislaus,2021-04-14,4830,293549,3339,154321,1489,127450,2,11778,2349,79017,2441,112210,2355,191227,California
Stanislaus,2021-04-15,5583,299132,3390,157711,2190,129640,3,11781,3253,79998,2275,114485,3256,194483,California
Stanislaus,2021-04-16,4505,303637,1065,158776,3439,133079,1,11782,1868,79286,2583,117068,1871,196354,California
Stanislaus,2021-04-17,3175,306812,2136,160912,1039,134118,0,11782,1840,79807,1321,118389,1842,198196,California
Stanislaus,2021-04-18,616,307428,297,161209,317,134435,2,11784,433,80067,176,118565,436,198632,California
Stanislaus,2021-04-19,3643,311071,2465,163674,1176,135611,2,11786,1658,79792,1941,120506,1666,200298,California
Stanislaus,2021-04-20,4178,315249,2494,166168,1684,137295,0,11786,1773,79203,2364,122870,1775,202073,California
Stanislaus,2021-04-21,4060,319309,2684,168852,1375,138670,1,11787,1634,78471,2373,125243,1641,203714,California
Stanislaus,2021-04-22,4142,323451,2455,171307,1686,140356,1,11788,1638,77662,2453,127696,1644,205358,California
Stanislaus,2021-04-23,3840,327291,912,172219,2927,143283,1,11789,1566,77063,2172,129868,1573,206931,California
Stanislaus,2021-04-24,3892,331183,2966,175185,926,144209,0,11789,1856,76907,2017,131885,1861,208792,California
Stanislaus,2021-04-25,942,332125,483,175668,459,144668,0,11789,689,77354,246,132131,693,209485,California
Stanislaus,2021-04-26,3669,335794,2443,178111,1220,145888,6,11795,1152,76027,2490,134621,1163,210648,California
Stanislaus,2021-04-27,4306,340100,2888,180999,1370,147258,48,11843,1251,74309,3021,137642,1303,211951,California
Stanislaus,2021-04-28,4599,344699,3158,184157,1379,148637,62,11905,1950,73704,2625,140267,2020,213971,California
Stanislaus,2021-04-29,3981,348680,2442,186599,1491,150128,48,11953,1562,72929,2394,142661,1619,215590,California
Stanislaus,2021-04-30,4827,353507,2153,188752,2590,152718,84,12037,1901,72021,2901,145562,1993,217583,California
Stanislaus,2021-05-01,2735,356242,1936,190688,758,153476,41,12078,1027,71399,1698,147260,1076,218659,California
Stanislaus,2021-05-02,1089,357331,625,191313,425,153901,39,12117,523,71407,560,147820,568,219227,California
Stanislaus,2021-05-03,2575,359906,1998,193311,506,154407,71,12188,978,70879,1581,149401,1053,220280,California
Stanislaus,2021-05-04,3759,363665,2569,195880,1094,155501,96,12284,1174,69584,2571,151972,1276,221556,California
Stanislaus,2021-05-05,3443,367108,2264,198144,1103,156604,76,12360,1198,68637,2224,154196,1277,222833,California
Stanislaus,2021-05-06,3777,370885,2862,201006,791,157395,124,12484,1158,67331,2594,156790,1288,224121,California
Stanislaus,2021-05-07,2593,373478,1040,202046,1391,158786,162,12646,1106,67125,1476,158266,1270,225391,California
Stanislaus,2021-05-08,2019,375497,1405,203451,581,159367,33,12679,750,66664,1251,159517,790,226181,California
Stanislaus,2021-05-09,720,376217,345,203796,349,159716,26,12705,304,66581,414,159931,331,226512,California
Stanislaus,2021-05-10,1814,378031,1151,204947,564,160280,99,12804,490,65860,1312,161243,591,227103,California
Stanislaus,2021-05-11,2532,380563,1578,206525,794,161074,160,12964,752,65008,1769,163012,917,228020,California
Stanislaus,2021-05-12,2408,382971,1370,207895,929,162003,109,13073,934,64594,1459,164471,1045,229065,California
Stanislaus,2021-05-13,2183,385154,1289,209184,774,162777,120,13193,1037,64616,1137,165608,1159,230224,California
Stanislaus,2021-05-14,2787,387941,1259,210443,1390,164167,138,13331,1305,64600,1461,167069,1445,231669,California
Stanislaus,2021-05-15,2494,390435,1777,212220,667,164834,50,13381,1208,64591,1276,168345,1267,232936,California
Stanislaus,2021-05-16,1104,391539,746,212966,350,165184,8,13389,590,64682,511,168856,602,233538,California
Stanislaus,2021-05-17,2061,393600,1392,214358,587,165771,82,13471,996,64708,1059,169915,1085,234623,California
Stanislaus,2021-05-18,2325,395925,1608,215966,602,166373,115,13586,1205,64918,1109,171024,1319,235942,California
Stanislaus,2021-05-19,3131,399056,2152,218118,824,167197,155,13741,1378,64714,1741,172765,1537,237479,California
Stanislaus,2021-05-20,2242,401298,1217,219335,921,168118,104,13845,892,64376,1339,174104,1001,238480,California
Stanislaus,2021-05-21,2500,403798,1222,220557,1180,169298,98,13943,997,63988,1486,175590,1098,239578,California
Stanislaus,2021-05-22,2012,405810,1214,221771,728,170026,70,14013,874,63804,1129,176719,945,240523,California
Stanislaus,2021-05-23,1079,406889,707,222478,356,170382,16,14029,512,63770,562,177281,528,241051,California
Stanislaus,2021-05-24,1832,408721,1273,223751,480,170862,79,14108,727,63480,1102,178383,812,241863,California
Stanislaus,2021-05-25,1812,410533,1237,224988,475,171337,100,14208,860,63497,948,179331,965,242828,California
Stanislaus,2021-05-26,2034,412567,1267,226255,715,172052,52,14260,951,63425,1075,180406,1003,243831,California
Stanislaus,2021-05-27,1781,414348,979,227234,723,172775,79,14339,616,62965,1155,181561,695,244526,California
Stanislaus,2021-05-28,2188,416536,1033,228267,1068,173843,87,14426,944,62758,1238,182799,1031,245557,California
Stanislaus,2021-05-29,1317,417853,848,229115,428,174271,41,14467,589,62666,724,183523,632,246189,California
Stanislaus,2021-05-30,455,418308,273,229388,148,174419,34,14501,209,62667,242,183765,243,246432,California
Stanislaus,2021-05-31,259,418567,122,229510,130,174549,7,14508,97,62609,162,183927,104,246536,California
Stanislaus,2021-06-01,1688,420255,1053,230563,579,175128,56,14564,633,62253,1048,184975,692,247228,California
Stanislaus,2021-06-02,1812,422067,1151,231714,590,175718,71,14635,746,62020,1053,186028,820,248048,California
Stanislaus,2021-06-03,1396,423463,828,232542,520,176238,48,14683,514,61714,870,186898,564,248612,California
Stanislaus,2021-06-04,1916,425379,1150,233692,697,176935,69,14752,722,61323,1186,188084,795,249407,California
Stanislaus,2021-06-05,1572,426951,1221,234913,308,177243,43,14795,516,60832,1050,189134,559,249966,California
Stanislaus,2021-06-06,511,427462,419,235332,83,177326,9,14804,187,60706,323,189457,197,250163,California
Stanislaus,2021-06-07,1612,429074,1233,236565,334,177660,45,14849,605,60356,999,190456,649,250812,California
Stanislaus,2021-06-08,1915,430989,1441,238006,396,178056,78,14927,674,59877,1231,191687,752,251564,California
Stanislaus,2021-06-09,1861,432850,1315,239321,464,178520,82,15009,635,59373,1222,192909,718,252282,California
Stanislaus,2021-06-10,1481,434331,941,240262,476,178996,64,15073,606,59178,867,193776,672,252954,California
Stanislaus,2021-06-11,1500,435831,908,241170,542,179538,50,15123,553,58850,933,194709,605,253559,California
Stanislaus,2021-06-12,1030,436861,752,241922,253,179791,25,15148,380,58614,644,195353,408,253967,California
Stanislaus,2021-06-13,538,437399,397,242319,135,179926,6,15154,168,58423,367,195720,176,254143,California
Stanislaus,2021-06-14,1356,438755,965,243284,369,180295,22,15176,492,58082,856,196576,515,254658,California
Stanislaus,2021-06-15,1581,440336,1141,244425,396,180691,44,15220,531,57614,1045,197621,577,255235,California
Stanislaus,2021-06-16,1934,442270,1390,245815,480,181171,64,15284,774,57296,1156,198777,838,256073,California
Stanislaus,2021-06-17,1151,443421,731,246546,377,181548,43,15327,540,57277,606,199383,587,256660,California
Stanislaus,2021-06-18,1306,444727,796,247342,428,181976,82,15409,520,57100,781,200164,604,257264,California
Stanislaus,2021-06-19,856,445583,628,247970,184,182160,44,15453,372,57037,480,200644,417,257681,California
Stanislaus,2021-06-20,305,445888,213,248183,86,182246,6,15459,138,57015,166,200810,144,257825,California
Stanislaus,2021-06-21,966,446854,561,248744,278,182524,127,15586,500,57183,461,201271,629,258454,California
Stanislaus,2021-06-22,1211,448065,881,249625,261,182785,69,15655,495,57042,708,201979,567,259021,California
Stanislaus,2021-06-23,1230,449295,814,250439,354,183139,62,15717,522,56919,706,202685,583,259604,California
Stanislaus,2021-06-24,944,450239,631,251070,266,183405,47,15764,479,56985,463,203148,529,260133,California
Stanislaus,2021-06-25,1105,451344,715,251785,328,183733,62,15826,468,56881,632,203780,528,260661,California
Stanislaus,2021-06-26,606,451950,460,252245,122,183855,24,15850,279,56859,326,204106,304,260965,California
Stanislaus,2021-06-27,393,452343,298,252543,85,183940,10,15860,201,56879,191,204297,211,261176,California
Stanislaus,2021-06-28,949,453292,747,253290,161,184101,41,15901,417,56807,530,204827,458,261634,California
Stanislaus,2021-06-29,870,454162,682,253972,150,184251,38,15939,354,56688,511,205338,392,262026,California
Stanislaus,2021-06-30,931,455093,637,254609,263,184514,31,15970,427,56650,498,205836,460,262486,California
Stanislaus,2021-07-01,888,455981,554,255163,299,184813,35,16005,403,56612,476,206312,438,262924,California
Stanislaus,2021-07-02,578,456559,295,255458,256,185069,27,16032,282,56629,291,206603,308,263232,California
Sutter,2020-12-15,1,1,1,1,0,0,0,0,1,1,0,0,1,1,California
Sutter,2020-12-16,4,5,4,5,0,0,0,0,4,5,0,0,4,5,California
Sutter,2020-12-17,3,8,3,8,0,0,0,0,3,8,0,0,3,8,California
Sutter,2020-12-18,21,29,21,29,0,0,0,0,21,29,0,0,21,29,California
Sutter,2020-12-19,45,74,45,74,0,0,0,0,45,74,0,0,45,74,California
Sutter,2020-12-20,43,117,43,117,0,0,0,0,43,117,0,0,43,117,California
Sutter,2020-12-21,99,216,99,216,0,0,0,0,99,216,0,0,99,216,California
Sutter,2020-12-22,172,388,172,388,0,0,0,0,172,388,0,0,172,388,California
Sutter,2020-12-23,115,503,110,498,5,5,0,0,115,503,0,0,115,503,California
Sutter,2020-12-24,17,520,11,509,6,11,0,0,17,520,0,0,17,520,California
Sutter,2020-12-26,38,558,34,543,4,15,0,0,38,558,0,0,38,558,California
Sutter,2020-12-27,24,582,23,566,1,16,0,0,24,582,0,0,24,582,California
Sutter,2020-12-28,83,665,55,621,28,44,0,0,83,665,0,0,83,665,California
Sutter,2020-12-29,101,766,14,635,87,131,0,0,101,766,0,0,101,766,California
Sutter,2020-12-30,136,902,33,668,103,234,0,0,136,902,0,0,136,902,California
Sutter,2020-12-31,70,972,6,674,64,298,0,0,70,972,0,0,70,972,California
Sutter,2021-01-01,3,975,3,677,0,298,0,0,3,975,0,0,3,975,California
Sutter,2021-01-02,130,1105,128,805,2,300,0,0,130,1105,0,0,130,1105,California
Sutter,2021-01-03,1,1106,0,805,1,301,0,0,1,1106,0,0,1,1106,California
Sutter,2021-01-04,246,1352,137,942,109,410,0,0,246,1352,0,0,246,1352,California
Sutter,2021-01-05,99,1451,56,998,43,453,0,0,96,1445,3,3,96,1448,California
Sutter,2021-01-06,205,1656,50,1048,155,608,0,0,200,1640,5,8,200,1648,California
Sutter,2021-01-07,251,1907,153,1201,98,706,0,0,241,1872,9,17,241,1889,California
Sutter,2021-01-08,150,2057,40,1241,110,816,0,0,133,1988,17,34,133,2022,California
Sutter,2021-01-09,46,2103,43,1284,3,819,0,0,5,1952,41,75,5,2027,California
Sutter,2021-01-10,394,2497,37,1321,357,1176,0,0,356,2271,37,112,356,2383,California
Sutter,2021-01-11,132,2629,115,1436,17,1193,0,0,25,2189,107,219,25,2408,California
Sutter,2021-01-12,202,2831,165,1601,37,1230,0,0,58,2103,144,363,58,2466,California
Sutter,2021-01-13,163,2994,99,1700,64,1294,0,0,73,2087,89,452,73,2539,California
Sutter,2021-01-14,148,3142,52,1752,96,1390,0,0,128,2195,20,472,128,2667,California
Sutter,2021-01-15,436,3578,131,1883,305,1695,0,0,422,2603,14,486,422,3089,California
Sutter,2021-01-16,385,3963,41,1924,344,2039,0,0,354,2927,30,516,354,3443,California
Sutter,2021-01-17,26,3989,24,1948,2,2041,0,0,10,2921,16,532,10,3453,California
Sutter,2021-01-18,117,4106,62,2010,55,2096,0,0,69,2942,48,580,69,3522,California
Sutter,2021-01-19,108,4214,42,2052,66,2162,0,0,84,3002,24,604,84,3606,California
Sutter,2021-01-20,274,4488,209,2261,65,2227,0,0,252,3232,22,626,252,3858,California
Sutter,2021-01-21,524,5012,353,2614,171,2398,0,0,506,3720,18,644,506,4364,California
Sutter,2021-01-22,238,5250,51,2665,187,2585,0,0,229,3940,9,653,229,4593,California
Sutter,2021-01-23,397,5647,39,2704,358,2943,0,0,371,4285,26,679,371,4964,California
Sutter,2021-01-24,17,5664,15,2719,2,2945,0,0,15,4298,2,681,15,4979,California
Sutter,2021-01-25,305,5969,195,2914,110,3055,0,0,149,4293,155,836,150,5129,California
Sutter,2021-01-26,250,6219,109,3023,141,3196,0,0,144,4332,105,941,144,5273,California
Sutter,2021-01-27,389,6608,257,3280,132,3328,0,0,321,4585,68,1009,321,5594,California
Sutter,2021-01-28,583,7191,359,3639,224,3552,0,0,410,4824,171,1180,410,6004,California
Sutter,2021-01-29,364,7555,88,3727,276,3828,0,0,242,4944,122,1302,242,6246,California
Sutter,2021-01-30,775,8330,38,3765,737,4565,0,0,764,5697,11,1313,764,7010,California
Sutter,2021-01-31,28,8358,27,3792,1,4566,0,0,28,5725,0,1313,28,7038,California
Sutter,2021-02-01,171,8529,53,3845,118,4684,0,0,138,5831,32,1345,138,7176,California
Sutter,2021-02-02,247,8776,27,3872,220,4904,0,0,213,6010,34,1379,213,7389,California
Sutter,2021-02-03,447,9223,39,3911,408,5312,0,0,211,5986,235,1614,211,7600,California
Sutter,2021-02-04,669,9892,365,4276,304,5616,0,0,619,6556,49,1663,619,8219,California
Sutter,2021-02-05,289,10181,33,4309,256,5872,0,0,135,6537,154,1817,135,8354,California
Sutter,2021-02-06,732,10913,28,4337,704,6576,0,0,710,7225,22,1839,710,9064,California
Sutter,2021-02-07,24,10937,20,4357,4,6580,0,0,20,7241,4,1843,20,9084,California
Sutter,2021-02-08,136,11073,31,4388,105,6685,0,0,98,7301,38,1881,98,9182,California
Sutter,2021-02-09,249,11322,46,4434,203,6888,0,0,187,7426,62,1943,187,9369,California
Sutter,2021-02-10,823,12145,385,4819,438,7326,0,0,180,6964,642,2585,180,9549,California
Sutter,2021-02-11,609,12754,276,5095,333,7659,0,0,317,6989,292,2877,317,9866,California
Sutter,2021-02-12,637,13391,69,5164,568,8227,0,0,312,6977,324,3201,312,10178,California
Sutter,2021-02-13,905,14296,48,5212,857,9084,0,0,786,7644,119,3320,786,10964,California
Sutter,2021-02-14,90,14386,25,5237,65,9149,0,0,79,7712,11,3331,79,11043,California
Sutter,2021-02-15,202,14588,72,5309,130,9279,0,0,123,7756,79,3410,123,11166,California
Sutter,2021-02-16,290,14878,44,5353,246,9525,0,0,204,7876,84,3494,204,11370,California
Sutter,2021-02-17,837,15715,436,5789,401,9926,0,0,135,7310,701,4195,135,11505,California
Sutter,2021-02-18,719,16434,58,5847,661,10587,0,0,502,7597,215,4410,502,12007,California
Sutter,2021-02-19,670,17104,380,6227,290,10877,0,0,464,7858,203,4613,464,12471,California
Sutter,2021-02-20,626,17730,56,6283,570,11447,0,0,517,8267,108,4721,517,12988,California
Sutter,2021-02-21,28,17758,27,6310,1,11448,0,0,7,8253,21,4742,7,12995,California
Sutter,2021-02-22,216,17974,126,6436,90,11538,0,0,86,8209,130,4872,86,13081,California
Sutter,2021-02-23,236,18210,36,6472,200,11738,0,0,103,8181,131,5003,103,13184,California
Sutter,2021-02-24,997,19207,366,6838,631,12369,0,0,197,7579,799,5802,197,13381,California
Sutter,2021-02-25,786,19993,498,7336,288,12657,0,0,604,8005,178,5980,604,13985,California
Sutter,2021-02-26,380,20373,61,7397,319,12976,0,0,159,7945,219,6199,159,14144,California
Sutter,2021-02-27,867,21240,47,7444,820,13796,0,0,713,8502,156,6355,713,14857,California
Sutter,2021-02-28,89,21329,43,7487,46,13842,0,0,68,8550,20,6375,68,14925,California
Sutter,2021-03-01,250,21579,62,7549,188,14030,0,0,151,8602,99,6474,151,15076,California
Sutter,2021-03-02,340,21919,59,7608,281,14311,0,0,162,8589,175,6649,162,15238,California
Sutter,2021-03-03,1402,23321,531,8139,871,15182,0,0,660,8514,735,7384,660,15898,California
Sutter,2021-03-04,1256,24577,864,9003,392,15574,0,0,944,9151,307,7691,944,16842,California
Sutter,2021-03-05,340,24917,80,9083,259,15833,1,1,207,9226,133,7824,208,17050,California
Sutter,2021-03-06,1027,25944,46,9129,976,16809,5,6,857,9921,167,7991,862,17912,California
Sutter,2021-03-07,67,26011,23,9152,43,16852,1,7,45,9946,21,8012,46,17958,California
Sutter,2021-03-08,235,26246,81,9233,142,16994,12,19,164,10051,71,8083,176,18134,California
Sutter,2021-03-09,393,26639,138,9371,243,17237,12,31,187,10044,206,8289,199,18333,California
Sutter,2021-03-10,1575,28214,680,10051,834,18071,61,92,526,9591,1040,9329,587,18920,California
Sutter,2021-03-11,904,29118,439,10490,446,18517,19,111,654,10017,247,9576,673,19593,California
Sutter,2021-03-12,680,29798,111,10601,389,18906,180,291,203,9924,474,10050,381,19974,California
Sutter,2021-03-13,993,30791,751,11352,223,19129,19,310,781,10513,210,10260,799,20773,California
Sutter,2021-03-14,133,30924,22,11374,100,19229,11,321,46,10483,87,10347,57,20830,California
Sutter,2021-03-15,327,31251,67,11441,211,19440,49,370,155,10517,170,10517,204,21034,California
Sutter,2021-03-16,391,31642,86,11527,258,19698,47,417,212,10596,179,10696,258,21292,California
Sutter,2021-03-17,1499,33141,562,12089,915,20613,22,439,305,9741,1181,11877,326,21618,California
Sutter,2021-03-18,975,34116,182,12271,589,21202,204,643,567,10107,403,12280,769,22387,California
Sutter,2021-03-19,463,34579,166,12437,268,21470,29,672,281,10237,180,12460,310,22697,California
Sutter,2021-03-20,949,35528,118,12555,820,22290,11,683,858,11016,90,12550,869,23566,California
Sutter,2021-03-21,68,35596,47,12602,18,22308,3,686,33,11017,35,12585,36,23602,California
Sutter,2021-03-22,288,35884,120,12722,142,22450,26,712,209,11175,77,12662,235,23837,California
Sutter,2021-03-23,378,36262,114,12836,231,22681,33,745,251,11333,125,12787,283,24120,California
Sutter,2021-03-24,1687,37949,773,13609,845,23526,69,814,311,10353,1360,14147,380,24500,California
Sutter,2021-03-25,1040,38989,677,14286,320,23846,43,857,365,10090,671,14818,408,24908,California
Sutter,2021-03-26,498,39487,175,14461,306,24152,17,874,295,10204,198,15016,312,25220,California
Sutter,2021-03-27,927,40414,63,14524,862,25014,2,876,811,10906,111,15127,813,26033,California
Sutter,2021-03-28,125,40539,72,14596,53,25067,0,876,77,10937,46,15173,77,26110,California
Sutter,2021-03-29,427,40966,143,14739,228,25295,56,932,223,11014,202,15375,279,26389,California
Sutter,2021-03-30,480,41446,161,14900,309,25604,10,942,317,11178,163,15538,327,26716,California
Sutter,2021-03-31,1258,42704,177,15077,1065,26669,16,958,443,10835,801,16339,458,27174,California
Sutter,2021-04-01,1386,44090,741,15818,460,27129,185,1143,429,10502,946,17285,613,27787,California
Sutter,2021-04-02,514,44604,101,15919,295,27424,118,1261,201,10507,310,17595,315,28102,California
Sutter,2021-04-03,910,45514,77,15996,211,27635,622,1883,122,10467,783,18378,743,28845,California
Sutter,2021-04-04,118,45632,22,16018,90,27725,6,1889,54,10464,63,18441,60,28905,California
Sutter,2021-04-05,370,46002,144,16162,189,27914,37,1926,172,10478,195,18636,209,29114,California
Sutter,2021-04-06,511,46513,199,16361,256,28170,56,1982,270,10565,239,18875,326,29440,California
Sutter,2021-04-07,1481,47994,886,17247,520,28690,75,2057,603,10375,868,19743,678,30118,California
Sutter,2021-04-08,1062,49056,583,17830,364,29054,115,2172,573,10577,483,20226,685,30803,California
Sutter,2021-04-09,571,49627,250,18080,256,29310,65,2237,236,10548,330,20556,301,31104,California
Sutter,2021-04-10,829,50456,111,18191,88,29398,630,2867,110,10565,713,21269,730,31834,California
Sutter,2021-04-11,120,50576,33,18224,40,29438,47,2914,38,10567,82,21351,84,31918,California
Sutter,2021-04-12,344,50920,94,18318,196,29634,54,2968,135,10549,207,21558,189,32107,California
Sutter,2021-04-13,432,51352,126,18444,306,29940,0,2968,213,10545,217,21775,213,32320,California
Sutter,2021-04-14,1327,52679,162,18606,1164,31104,1,2969,224,9675,1095,22870,225,32545,California
Sutter,2021-04-15,542,53221,173,18779,369,31473,0,2969,219,9574,320,23190,219,32764,California
Sutter,2021-04-16,408,53629,129,18908,279,31752,0,2969,189,9546,217,23407,189,32953,California
Sutter,2021-04-17,579,54208,82,18990,497,32249,0,2969,507,9982,71,23478,507,33460,California
Sutter,2021-04-18,93,54301,34,19024,59,32308,0,2969,59,10009,32,23510,59,33519,California
Sutter,2021-04-19,294,54595,113,19137,181,32489,0,2969,123,9963,169,23679,123,33642,California
Sutter,2021-04-20,466,55061,182,19319,284,32773,0,2969,224,9948,239,23918,224,33866,California
Sutter,2021-04-21,1312,56373,503,19822,809,33582,0,2969,514,9678,784,24702,514,34380,California
Sutter,2021-04-22,528,56901,194,20016,334,33916,0,2969,259,9671,266,24968,259,34639,California
Sutter,2021-04-23,439,57340,154,20170,285,34201,0,2969,200,9636,235,25203,200,34839,California
Sutter,2021-04-24,326,57666,107,20277,218,34419,1,2970,184,9679,141,25344,184,35023,California
Sutter,2021-04-25,158,57824,75,20352,83,34502,0,2970,86,9695,70,25414,86,35109,California
Sutter,2021-04-26,320,58144,105,20457,213,34715,2,2972,135,9649,183,25597,137,35246,California
Sutter,2021-04-27,560,58704,286,20743,270,34985,4,2976,256,9610,299,25896,260,35506,California
Sutter,2021-04-28,861,59565,386,21129,467,35452,8,2984,284,9332,570,26466,292,35798,California
Sutter,2021-04-29,805,60370,166,21295,638,36090,1,2985,325,9184,474,26940,326,36124,California
Sutter,2021-04-30,395,60765,144,21439,238,36328,13,2998,173,9152,217,27157,185,36309,California
Sutter,2021-05-01,301,61066,109,21548,151,36479,41,3039,130,9155,168,27325,171,36480,California
Sutter,2021-05-02,80,61146,53,21601,25,36504,2,3041,45,9167,35,27360,47,36527,California
Sutter,2021-05-03,219,61365,111,21712,99,36603,9,3050,89,9135,130,27490,98,36625,California
Sutter,2021-05-04,557,61922,254,21966,239,36842,64,3114,228,9100,326,27816,291,36916,California
Sutter,2021-05-05,564,62486,174,22140,382,37224,8,3122,164,8878,394,28210,172,37088,California
Sutter,2021-05-06,437,62923,234,22374,182,37406,21,3143,197,8856,239,28449,217,37305,California
Sutter,2021-05-07,427,63350,160,22534,245,37651,22,3165,163,8782,259,28708,185,37490,California
Sutter,2021-05-08,240,63590,94,22628,140,37791,6,3171,115,8778,125,28833,121,37611,California
Sutter,2021-05-09,107,63697,79,22707,23,37814,5,3176,62,8800,45,28878,67,37678,California
Sutter,2021-05-10,193,63890,44,22751,130,37944,19,3195,50,8728,141,29019,69,37747,California
Sutter,2021-05-11,471,64361,237,22988,213,38157,21,3216,191,8663,275,29294,210,37957,California
Sutter,2021-05-12,464,64825,262,23250,191,38348,11,3227,156,8526,304,29598,167,38124,California
Sutter,2021-05-13,490,65315,262,23512,206,38554,22,3249,190,8439,299,29897,212,38336,California
Sutter,2021-05-14,442,65757,189,23701,237,38791,16,3265,204,8426,233,30130,220,38556,California
Sutter,2021-05-15,849,66606,316,24017,502,39293,31,3296,310,8230,537,30667,341,38897,California
Sutter,2021-05-16,172,66778,118,24135,46,39339,8,3304,93,8253,78,30745,101,38998,California
Sutter,2021-05-17,291,67069,116,24251,161,39500,14,3318,149,8276,140,30885,163,39161,California
Sutter,2021-05-18,553,67622,313,24564,236,39736,4,3322,299,8328,251,31136,303,39464,California
Sutter,2021-05-19,462,68084,264,24828,191,39927,7,3329,222,8320,237,31373,229,39693,California
Sutter,2021-05-20,458,68542,238,25066,208,40135,12,3341,214,8306,240,31613,226,39919,California
Sutter,2021-05-21,489,69031,222,25288,255,40390,12,3353,210,8252,275,31888,221,40140,California
Sutter,2021-05-22,370,69401,206,25494,161,40551,3,3356,184,8257,181,32069,186,40326,California
Sutter,2021-05-23,191,69592,95,25589,87,40638,9,3365,92,8265,93,32162,101,40427,California
Sutter,2021-05-24,240,69832,91,25680,126,40764,23,3388,96,8243,141,32303,119,40546,California
Sutter,2021-05-25,402,70234,197,25877,192,40956,13,3401,165,8190,230,32533,177,40723,California
Sutter,2021-05-26,323,70557,157,26034,157,41113,9,3410,112,8105,206,32739,121,40844,California
Sutter,2021-05-27,433,70990,116,26150,298,41411,19,3429,121,7937,308,33047,140,40984,California
Sutter,2021-05-28,339,71329,165,26315,157,41568,17,3446,169,7958,165,33212,186,41170,California
Sutter,2021-05-29,254,71583,120,26435,119,41687,15,3461,132,7987,118,33330,147,41317,California
Sutter,2021-05-30,84,71667,61,26496,20,41707,3,3464,39,7985,44,33374,42,41359,California
Sutter,2021-05-31,21,71688,3,26499,14,41721,4,3468,7,7982,14,33388,11,41370,California
Sutter,2021-06-01,310,71998,134,26633,168,41889,8,3476,115,7911,194,33582,123,41493,California
Sutter,2021-06-02,282,72280,120,26753,156,42045,6,3482,97,7835,179,33761,103,41596,California
Sutter,2021-06-03,343,72623,224,26977,109,42154,10,3492,116,7740,221,33982,126,41722,California
Sutter,2021-06-04,343,72966,198,27175,138,42292,7,3499,119,7647,219,34201,126,41848,California
Sutter,2021-06-05,439,73405,369,27544,66,42358,4,3503,153,7523,281,34482,157,42005,California
Sutter,2021-06-06,134,73539,115,27659,16,42374,3,3506,44,7482,88,34570,47,42052,California
Sutter,2021-06-07,163,73702,105,27764,49,42423,9,3515,56,7441,106,34676,65,42117,California
Sutter,2021-06-08,367,74069,206,27970,149,42572,12,3527,159,7404,208,34884,171,42288,California
Sutter,2021-06-09,368,74437,235,28205,128,42700,5,3532,129,7301,237,35121,134,42422,California
Sutter,2021-06-10,383,74820,276,28481,97,42797,10,3542,149,7230,230,35351,159,42581,California
Sutter,2021-06-11,337,75157,215,28696,116,42913,6,3548,114,7130,219,35570,119,42700,California
Sutter,2021-06-12,245,75402,172,28868,58,42971,15,3563,70,7040,175,35745,85,42785,California
Sutter,2021-06-13,83,75485,65,28933,17,42988,1,3564,22,7003,60,35805,23,42808,California
Sutter,2021-06-14,190,75675,111,29044,68,43056,11,3575,74,6974,114,35919,85,42893,California
Sutter,2021-06-15,285,75960,155,29199,117,43173,13,3588,103,6910,180,36099,116,43009,California
Sutter,2021-06-16,221,76181,142,29341,70,43243,9,3597,107,6912,114,36213,116,43125,California
Sutter,2021-06-17,283,76464,173,29514,104,43347,6,3603,123,6883,158,36371,129,43254,California
Sutter,2021-06-18,266,76730,171,29685,80,43427,15,3618,94,6823,169,36540,109,43363,California
Sutter,2021-06-19,208,76938,139,29824,65,43492,4,3622,59,6739,147,36687,63,43426,California
Sutter,2021-06-20,70,77008,49,29873,19,43511,2,3624,31,6733,39,36726,33,43459,California
Sutter,2021-06-21,113,77121,54,29927,47,43558,12,3636,51,6736,60,36786,63,43522,California
Sutter,2021-06-22,222,77343,128,30055,91,43649,3,3639,86,6691,134,36920,89,43611,California
Sutter,2021-06-23,185,77528,108,30163,69,43718,8,3647,77,6667,108,37028,84,43695,California
Sutter,2021-06-24,237,77765,161,30324,66,43784,10,3657,103,6646,134,37162,113,43808,California
Sutter,2021-06-25,225,77990,146,30470,73,43857,6,3663,89,6609,132,37294,95,43903,California
Sutter,2021-06-26,220,78210,178,30648,36,43893,6,3669,76,6550,142,37436,83,43986,California
Sutter,2021-06-27,78,78288,65,30713,12,43905,1,3670,29,6532,48,37484,30,44016,California
Sutter,2021-06-28,121,78409,75,30788,40,43945,6,3676,61,6540,59,37543,67,44083,California
Sutter,2021-06-29,235,78644,155,30943,70,44015,10,3686,84,6485,149,37692,94,44177,California
Sutter,2021-06-30,175,78819,112,31055,54,44069,9,3695,72,6466,100,37792,81,44258,California
Sutter,2021-07-01,206,79025,173,31228,26,44095,7,3702,75,6417,130,37922,81,44339,California
Sutter,2021-07-02,103,79128,55,31283,36,44131,12,3714,48,6426,51,37973,60,44399,California
Tehama,2020-12-15,1,1,1,1,0,0,0,0,1,1,0,0,1,1,California
Tehama,2020-12-16,2,3,2,3,0,0,0,0,2,3,0,0,2,3,California
Tehama,2020-12-17,12,15,12,15,0,0,0,0,12,15,0,0,12,15,California
Tehama,2020-12-18,2,17,2,17,0,0,0,0,3,18,0,0,3,18,California
Tehama,2020-12-21,33,50,33,50,0,0,0,0,33,51,0,0,33,51,California
Tehama,2020-12-22,70,120,64,114,6,6,0,0,70,121,0,0,70,121,California
Tehama,2020-12-23,48,168,40,154,8,14,0,0,48,169,0,0,48,169,California
Tehama,2020-12-24,5,173,3,157,2,16,0,0,5,174,0,0,5,174,California
Tehama,2020-12-26,3,176,2,159,1,17,0,0,3,177,0,0,3,177,California
Tehama,2020-12-27,2,178,2,161,0,17,0,0,2,179,0,0,2,179,California
Tehama,2020-12-28,56,234,43,204,13,30,0,0,56,235,0,0,56,235,California
Tehama,2020-12-29,31,265,31,235,0,30,0,0,31,266,0,0,31,266,California
Tehama,2020-12-30,55,320,39,274,16,46,0,0,54,320,0,0,54,320,California
Tehama,2020-12-31,14,334,4,278,10,56,0,0,14,334,0,0,14,334,California
Tehama,2021-01-01,3,337,0,278,3,59,0,0,3,337,0,0,3,337,California
Tehama,2021-01-04,32,369,9,287,23,82,0,0,32,369,0,0,32,369,California
Tehama,2021-01-05,70,439,43,330,27,109,0,0,67,433,3,3,67,436,California
Tehama,2021-01-06,72,511,21,351,51,160,0,0,63,488,8,11,63,499,California
Tehama,2021-01-07,57,568,7,358,50,210,0,0,56,543,1,12,56,555,California
Tehama,2021-01-08,34,602,25,383,9,219,0,0,29,567,5,17,29,584,California
Tehama,2021-01-09,7,609,5,388,2,221,0,0,5,570,2,19,5,589,California
Tehama,2021-01-10,1,610,0,388,1,222,0,0,1,571,0,19,1,590,California
Tehama,2021-01-11,49,659,47,435,2,224,0,0,15,552,34,53,15,605,California
Tehama,2021-01-12,132,791,112,547,20,244,0,0,86,592,46,99,86,691,California
Tehama,2021-01-13,73,864,55,602,18,262,0,0,27,573,46,145,27,718,California
Tehama,2021-01-14,223,1087,50,652,173,435,0,0,221,792,2,147,221,939,California
Tehama,2021-01-15,250,1337,75,727,175,610,0,0,246,1034,4,151,246,1185,California
Tehama,2021-01-16,264,1601,19,746,245,855,0,0,261,1292,3,154,261,1446,California
Tehama,2021-01-17,7,1608,3,749,4,859,0,0,4,1293,3,157,4,1450,California
Tehama,2021-01-18,12,1620,7,756,5,864,0,0,7,1295,5,162,7,1457,California
Tehama,2021-01-19,295,1915,68,824,227,1091,0,0,240,1480,55,217,240,1697,California
Tehama,2021-01-20,303,2218,87,911,216,1307,0,0,253,1684,49,266,253,1950,California
Tehama,2021-01-21,214,2432,11,922,203,1510,0,0,204,1878,10,276,204,2154,California
Tehama,2021-01-22,224,2656,21,943,203,1713,0,0,221,2096,3,279,221,2375,California
Tehama,2021-01-23,257,2913,7,950,250,1963,0,0,256,2351,1,280,256,2631,California
Tehama,2021-01-24,2,2915,1,951,1,1964,0,0,2,2353,0,280,2,2633,California
Tehama,2021-01-25,33,2948,15,966,18,1982,0,0,15,2350,18,298,15,2648,California
Tehama,2021-01-26,322,3270,42,1008,280,2262,0,0,285,2598,37,335,285,2933,California
Tehama,2021-01-27,300,3570,21,1029,279,2541,0,0,280,2858,20,355,280,3213,California
Tehama,2021-01-28,343,3913,31,1060,312,2853,0,0,328,3171,15,370,328,3541,California
Tehama,2021-01-29,324,4237,20,1080,304,3157,0,0,306,3459,18,388,306,3847,California
Tehama,2021-01-30,102,4339,2,1082,100,3257,0,0,101,3559,1,389,101,3948,California
Tehama,2021-01-31,1,4340,0,1082,1,3258,0,0,1,3560,0,389,1,3949,California
Tehama,2021-02-01,79,4419,23,1105,56,3314,0,0,36,3553,43,432,36,3985,California
Tehama,2021-02-02,361,4780,64,1169,297,3611,0,0,263,3718,98,530,263,4248,California
Tehama,2021-02-03,409,5189,12,1181,397,4008,0,0,363,4035,46,576,363,4611,California
Tehama,2021-02-04,505,5694,99,1280,406,4414,0,0,424,4379,81,657,425,5036,California
Tehama,2021-02-05,179,5873,73,1353,106,4520,0,0,117,4434,62,719,117,5153,California
Tehama,2021-02-06,29,5902,14,1367,15,4535,0,0,17,4439,12,731,17,5170,California
Tehama,2021-02-07,6,5908,5,1372,1,4536,0,0,2,4438,3,734,2,5172,California
Tehama,2021-02-08,35,5943,13,1385,22,4558,0,0,26,4455,9,743,26,5198,California
Tehama,2021-02-09,75,6018,35,1420,40,4598,0,0,40,4460,35,778,40,5238,California
Tehama,2021-02-10,232,6250,63,1483,169,4767,0,0,156,4540,76,854,156,5394,California
Tehama,2021-02-11,220,6470,15,1498,205,4972,0,0,82,4486,136,990,82,5476,California
Tehama,2021-02-12,364,6834,66,1564,298,5270,0,0,172,4466,192,1182,172,5648,California
Tehama,2021-02-13,385,7219,14,1578,371,5641,0,0,145,4371,240,1422,145,5793,California
Tehama,2021-02-14,38,7257,2,1580,36,5677,0,0,36,4405,2,1424,36,5829,California
Tehama,2021-02-15,53,7310,10,1590,43,5720,0,0,47,4446,6,1430,47,5876,California
Tehama,2021-02-16,248,7558,16,1606,232,5952,0,0,64,4326,184,1614,64,5940,California
Tehama,2021-02-17,284,7842,12,1618,272,6224,0,0,54,4150,230,1844,54,5994,California
Tehama,2021-02-18,371,8213,32,1650,339,6563,0,0,145,4069,226,2070,145,6139,California
Tehama,2021-02-19,215,8428,18,1668,197,6760,0,0,43,3940,172,2242,43,6182,California
Tehama,2021-02-20,271,8699,7,1675,264,7024,0,0,27,3723,244,2486,27,6209,California
Tehama,2021-02-21,2,8701,1,1676,1,7025,0,0,1,3723,1,2487,1,6210,California
Tehama,2021-02-22,41,8742,16,1692,25,7050,0,0,28,3738,13,2500,28,6238,California
Tehama,2021-02-23,72,8814,21,1713,51,7101,0,0,28,3722,44,2544,28,6266,California
Tehama,2021-02-24,304,9118,13,1726,291,7392,0,0,29,3476,275,2819,29,6295,California
Tehama,2021-02-25,381,9499,61,1787,320,7712,0,0,41,3177,340,3159,41,6336,California
Tehama,2021-02-26,462,9961,19,1806,443,8155,0,0,71,2857,391,3550,71,6407,California
Tehama,2021-02-27,296,10257,5,1811,291,8446,0,0,34,2629,262,3812,34,6441,California
Tehama,2021-02-28,23,10280,2,1813,21,8467,0,0,20,2646,3,3815,20,6461,California
Tehama,2021-03-01,67,10347,8,1821,59,8526,0,0,33,2645,34,3849,33,6494,California
Tehama,2021-03-02,157,10504,18,1839,139,8665,0,0,32,2552,125,3974,32,6526,California
Tehama,2021-03-03,166,10670,32,1871,134,8799,0,0,50,2486,116,4090,50,6576,California
Tehama,2021-03-04,664,11334,39,1910,625,9424,0,0,222,2271,437,4527,222,6798,California
Tehama,2021-03-05,406,11740,20,1930,386,9810,0,0,214,2294,191,4718,214,7012,California
Tehama,2021-03-06,305,12045,15,1945,290,10100,0,0,78,2147,226,4944,79,7091,California
Tehama,2021-03-07,6,12051,1,1946,5,10105,0,0,3,2148,2,4946,3,7094,California
Tehama,2021-03-08,57,12108,12,1958,30,10135,15,15,26,2159,30,4976,41,7135,California
Tehama,2021-03-09,367,12475,8,1966,340,10475,19,34,312,2435,55,5031,331,7466,California
Tehama,2021-03-10,356,12831,17,1983,318,10793,21,55,73,2247,282,5313,94,7560,California
Tehama,2021-03-11,496,13327,18,2001,429,11222,49,104,348,2496,148,5461,397,7957,California
Tehama,2021-03-12,307,13634,20,2021,222,11444,65,169,179,2613,127,5588,244,8201,California
Tehama,2021-03-13,49,13683,8,2029,34,11478,7,176,6,2583,43,5631,13,8214,California
Tehama,2021-03-14,53,13736,3,2032,40,11518,10,186,9,2558,44,5675,19,8233,California
Tehama,2021-03-15,154,13890,22,2054,112,11630,20,206,84,2592,70,5745,104,8337,California
Tehama,2021-03-16,419,14309,14,2068,367,11997,38,244,314,2840,104,5849,352,8689,California
Tehama,2021-03-17,434,14743,22,2090,380,12377,32,276,350,3140,82,5931,382,9071,California
Tehama,2021-03-18,486,15229,26,2116,436,12813,24,300,307,3294,177,6108,331,9402,California
Tehama,2021-03-19,318,15547,22,2138,283,13096,13,313,276,3541,42,6150,289,9691,California
Tehama,2021-03-20,41,15588,8,2146,31,13127,2,315,29,3560,12,6162,31,9722,California
Tehama,2021-03-21,12,15600,5,2151,7,13134,0,315,12,3572,0,6162,12,9734,California
Tehama,2021-03-22,92,15692,8,2159,67,13201,17,332,50,3597,42,6204,67,9801,California
Tehama,2021-03-23,88,15780,28,2187,54,13255,6,338,70,3655,18,6222,76,9877,California
Tehama,2021-03-24,85,15865,16,2203,67,13322,2,340,54,3680,31,6253,56,9933,California
Tehama,2021-03-25,539,16404,363,2566,163,13485,13,353,482,4119,56,6309,495,10428,California
Tehama,2021-03-26,514,16918,403,2969,99,13584,12,365,434,4488,77,6386,446,10874,California
Tehama,2021-03-27,452,17370,356,3325,71,13655,25,390,383,4828,68,6454,408,11282,California
Tehama,2021-03-28,31,17401,10,3335,21,13676,0,390,19,4835,12,6466,19,11301,California
Tehama,2021-03-29,127,17528,32,3367,94,13770,1,391,81,4870,46,6512,81,11382,California
Tehama,2021-03-30,374,17902,222,3589,150,13920,2,393,252,5002,122,6634,254,11636,California
Tehama,2021-03-31,401,18303,298,3887,100,14020,3,396,328,5260,72,6706,330,11966,California
Tehama,2021-04-01,528,18831,247,4134,275,14295,6,402,395,5529,132,6838,401,12367,California
Tehama,2021-04-02,458,19289,216,4350,237,14532,5,407,273,5621,185,7023,277,12644,California
Tehama,2021-04-03,62,19351,4,4354,53,14585,5,412,31,5626,31,7054,36,12680,California
Tehama,2021-04-04,35,19386,7,4361,27,14612,1,413,23,5638,12,7066,24,12704,California
Tehama,2021-04-05,118,19504,21,4382,69,14681,28,441,61,5670,57,7123,89,12793,California
Tehama,2021-04-06,492,19996,109,4491,332,15013,51,492,137,5503,355,7478,188,12981,California
Tehama,2021-04-07,417,20413,284,4775,90,15103,43,535,304,5737,112,7590,346,13327,California
Tehama,2021-04-08,608,21021,174,4949,394,15497,40,575,230,5630,377,7967,270,13597,California
Tehama,2021-04-09,431,21452,193,5142,204,15701,34,609,215,5664,215,8182,249,13846,California
Tehama,2021-04-10,79,21531,9,5151,38,15739,32,641,40,5697,39,8221,72,13918,California
Tehama,2021-04-11,33,21564,7,5158,15,15754,11,652,8,5691,25,8246,19,13937,California
Tehama,2021-04-12,112,21676,6,5164,87,15841,19,671,40,5678,72,8318,59,13996,California
Tehama,2021-04-13,390,22066,66,5230,324,16165,0,671,67,5422,323,8641,67,14063,California
Tehama,2021-04-14,408,22474,54,5284,354,16519,0,671,51,5118,355,8996,51,14114,California
Tehama,2021-04-15,518,22992,193,5477,325,16844,0,671,81,4763,436,9432,81,14195,California
Tehama,2021-04-16,598,23590,342,5819,256,17100,0,671,75,4315,523,9955,75,14270,California
Tehama,2021-04-17,349,23939,269,6088,80,17180,0,671,41,4050,307,10262,42,14312,California
Tehama,2021-04-18,17,23956,3,6091,14,17194,0,671,14,4061,3,10265,14,14326,California
Tehama,2021-04-19,97,24053,8,6099,89,17283,0,671,41,4046,56,10321,41,14367,California
Tehama,2021-04-20,528,24581,435,6534,93,17376,0,671,152,3827,373,10694,154,14521,California
Tehama,2021-04-21,512,25093,434,6968,78,17454,0,671,170,3657,340,11034,170,14691,California
Tehama,2021-04-22,526,25619,366,7334,160,17614,0,671,157,3448,366,11400,157,14848,California
Tehama,2021-04-23,454,26073,351,7685,103,17717,0,671,204,3404,249,11649,205,15053,California
Tehama,2021-04-24,104,26177,18,7703,86,17803,0,671,27,3354,77,11726,27,15080,California
Tehama,2021-04-25,29,26206,18,7721,11,17814,0,671,9,3344,19,11745,9,15089,California
Tehama,2021-04-26,87,26293,12,7733,75,17889,0,671,47,3351,40,11785,47,15136,California
Tehama,2021-04-27,257,26550,209,7942,47,17936,1,672,95,3285,162,11947,96,15232,California
Tehama,2021-04-28,405,26955,324,8266,64,18000,17,689,71,3039,334,12281,88,15320,California
Tehama,2021-04-29,359,27314,172,8438,181,18181,6,695,72,2831,286,12567,78,15398,California
Tehama,2021-04-30,327,27641,240,8678,81,18262,6,701,113,2736,214,12781,119,15517,California
Tehama,2021-05-01,74,27715,4,8682,67,18329,3,704,16,2697,58,12839,19,15536,California
Tehama,2021-05-02,44,27759,22,8704,10,18339,12,716,24,2713,20,12859,36,15572,California
Tehama,2021-05-03,119,27878,40,8744,71,18410,8,724,64,2730,55,12914,72,15644,California
Tehama,2021-05-04,164,28042,59,8803,98,18508,7,731,71,2715,93,13007,78,15722,California
Tehama,2021-05-05,95,28137,26,8829,59,18567,10,741,44,2718,51,13058,54,15776,California
Tehama,2021-05-06,169,28306,94,8923,60,18627,15,756,103,2770,66,13124,118,15894,California
Tehama,2021-05-07,178,28484,73,8996,94,18721,11,767,52,2709,124,13248,63,15957,California
Tehama,2021-05-08,50,28534,6,9002,43,18764,1,768,14,2688,36,13284,15,15972,California
Tehama,2021-05-09,17,28551,4,9006,13,18777,0,768,7,2685,10,13294,7,15979,California
Tehama,2021-05-10,80,28631,8,9014,66,18843,6,774,39,2689,40,13334,44,16023,California
Tehama,2021-05-11,176,28807,117,9131,49,18892,10,784,37,2597,139,13473,47,16070,California
Tehama,2021-05-12,213,29020,133,9264,69,18961,11,795,48,2491,165,13638,59,16129,California
Tehama,2021-05-13,249,29269,168,9432,73,19034,8,803,114,2479,134,13772,122,16251,California
Tehama,2021-05-14,248,29517,134,9566,93,19127,21,824,59,2371,188,13960,80,16331,California
Tehama,2021-05-15,225,29742,135,9701,54,19181,36,860,161,2505,63,14023,197,16528,California
Tehama,2021-05-16,27,29769,7,9708,17,19198,3,863,15,2511,12,14035,18,16546,California
Tehama,2021-05-17,113,29882,29,9737,69,19267,15,878,54,2522,58,14093,69,16615,California
Tehama,2021-05-18,153,30035,78,9815,60,19327,15,893,50,2486,101,14194,65,16680,California
Tehama,2021-05-19,127,30162,54,9869,63,19390,10,903,41,2451,86,14280,51,16731,California
Tehama,2021-05-20,335,30497,242,10111,70,19460,23,926,232,2604,102,14382,255,16986,California
Tehama,2021-05-21,222,30719,99,10210,110,19570,13,939,79,2555,141,14523,92,17078,California
Tehama,2021-05-22,66,30785,32,10242,30,19600,4,943,38,2569,28,14551,42,17120,California
Tehama,2021-05-23,50,30835,25,10267,14,19614,11,954,14,2558,36,14587,25,17145,California
Tehama,2021-05-24,99,30934,31,10298,60,19674,8,962,34,2535,65,14652,42,17187,California
Tehama,2021-05-25,77,31011,20,10318,49,19723,8,970,47,2560,29,14681,54,17241,California
Tehama,2021-05-26,80,31091,31,10349,46,19769,3,973,52,2588,27,14708,55,17296,California
Tehama,2021-05-27,156,31247,98,10447,54,19823,4,977,51,2540,103,14811,55,17351,California
Tehama,2021-05-28,136,31383,37,10484,92,19915,7,984,65,2542,70,14881,72,17423,California
Tehama,2021-05-29,53,31436,8,10492,40,19955,5,989,34,2562,19,14900,39,17462,California
Tehama,2021-05-30,15,31451,5,10497,9,19964,1,990,6,2560,9,14909,7,17469,California
Tehama,2021-05-31,18,31469,2,10499,15,19979,1,991,5,2553,13,14922,6,17475,California
Tehama,2021-06-01,100,31569,18,10517,64,20043,18,1009,32,2535,68,14990,50,17525,California
Tehama,2021-06-02,88,31657,30,10547,53,20096,5,1014,32,2516,56,15046,37,17562,California
Tehama,2021-06-03,136,31793,102,10649,23,20119,11,1025,29,2449,107,15153,40,17602,California
Tehama,2021-06-04,145,31938,38,10687,93,20212,14,1039,63,2443,81,15234,75,17677,California
Tehama,2021-06-05,158,32096,128,10815,22,20234,8,1047,31,2356,126,15360,39,17716,California
Tehama,2021-06-06,15,32111,7,10822,2,20236,6,1053,2,2351,12,15372,7,17723,California
Tehama,2021-06-07,69,32180,27,10849,40,20276,2,1055,19,2322,50,15422,21,17744,California
Tehama,2021-06-08,103,32283,34,10883,60,20336,9,1064,37,2303,65,15487,46,17790,California
Tehama,2021-06-09,87,32370,43,10926,42,20378,2,1066,43,2304,44,15531,45,17835,California
Tehama,2021-06-10,267,32637,216,11142,41,20419,10,1076,37,2122,229,15760,47,17882,California
Tehama,2021-06-11,148,32785,66,11208,73,20492,9,1085,55,2096,90,15850,64,17946,California
Tehama,2021-06-12,62,32847,39,11247,23,20515,0,1085,24,2082,38,15888,24,17970,California
Tehama,2021-06-13,22,32869,6,11253,10,20525,6,1091,5,2076,17,15905,11,17981,California
Tehama,2021-06-14,93,32962,16,11269,70,20595,7,1098,27,2044,66,15971,34,18015,California
Tehama,2021-06-15,97,33059,43,11312,39,20634,15,1113,37,2037,59,16030,52,18067,California
Tehama,2021-06-16,93,33152,62,11374,28,20662,3,1116,47,2041,46,16076,50,18117,California
Tehama,2021-06-17,152,33304,108,11482,29,20691,15,1131,87,2079,63,16139,101,18218,California
Tehama,2021-06-18,108,33412,42,11524,52,20743,14,1145,36,2057,72,16211,50,18268,California
Tehama,2021-06-19,40,33452,14,11538,21,20764,5,1150,17,2056,23,16234,22,18290,California
Tehama,2021-06-20,16,33468,5,11543,10,20774,1,1151,6,2053,10,16244,7,18297,California
Tehama,2021-06-21,64,33532,19,11562,37,20811,8,1159,23,2043,41,16285,31,18328,California
Tehama,2021-06-22,81,33613,25,11587,42,20853,14,1173,34,2045,46,16331,48,18376,California
Tehama,2021-06-23,95,33708,54,11641,37,20890,4,1177,46,2046,48,16379,49,18425,California
Tehama,2021-06-24,88,33796,42,11683,38,20928,8,1185,48,2062,40,16419,56,18481,California
Tehama,2021-06-25,136,33932,74,11757,55,20983,7,1192,59,2052,76,16495,66,18547,California
Tehama,2021-06-26,46,33978,23,11780,23,21006,0,1192,22,2050,24,16519,22,18569,California
Tehama,2021-06-27,8,33986,4,11784,3,21009,1,1193,5,2053,3,16522,6,18575,California
Tehama,2021-06-28,42,34028,16,11800,21,21030,5,1198,21,2058,21,16543,26,18601,California
Tehama,2021-06-29,64,34092,23,11823,37,21067,4,1202,33,2065,30,16573,37,18638,California
Tehama,2021-06-30,80,34172,59,11882,19,21086,2,1204,41,2069,39,16612,43,18681,California
Tehama,2021-07-01,51,34223,27,11909,21,21107,3,1207,30,2081,21,16633,33,18714,California
Tehama,2021-07-02,70,34293,36,11945,32,21139,2,1209,26,2065,44,16677,28,18742,California
Trinity,2020-12-17,4,4,4,4,0,0,0,0,4,4,0,0,4,4,California
Trinity,2020-12-18,2,6,2,6,0,0,0,0,2,6,0,0,2,6,California
Trinity,2020-12-21,38,44,38,44,0,0,0,0,38,44,0,0,38,44,California
Trinity,2020-12-22,4,48,4,48,0,0,0,0,4,48,0,0,4,48,California
Trinity,2020-12-23,6,54,5,53,1,1,0,0,6,54,0,0,6,54,California
Trinity,2020-12-28,31,85,31,84,0,1,0,0,31,85,0,0,31,85,California
Trinity,2020-12-29,8,93,7,91,1,2,0,0,8,93,0,0,8,93,California
Trinity,2020-12-30,10,103,8,99,2,4,0,0,10,103,0,0,10,103,California
Trinity,2020-12-31,2,105,1,100,1,5,0,0,2,105,0,0,2,105,California
Trinity,2021-01-04,27,132,0,100,27,32,0,0,26,131,0,0,26,131,California
Trinity,2021-01-05,3,135,1,101,2,34,0,0,3,134,0,0,3,134,California
Trinity,2021-01-06,24,159,4,105,20,54,0,0,20,150,4,4,20,154,California
Trinity,2021-01-08,49,208,2,107,47,101,0,0,48,196,2,6,48,202,California
Trinity,2021-01-11,41,249,38,145,3,104,0,0,4,163,37,43,4,206,California
Trinity,2021-01-12,9,258,6,151,3,107,0,0,4,162,5,48,4,210,California
Trinity,2021-01-13,7,265,4,155,3,110,0,0,4,163,3,51,4,214,California
Trinity,2021-01-14,4,269,1,156,3,113,0,0,4,167,0,51,4,218,California
Trinity,2021-01-15,4,273,0,156,4,117,0,0,4,171,0,51,4,222,California
Trinity,2021-01-16,4,277,0,156,4,121,0,0,4,175,0,51,4,226,California
Trinity,2021-01-18,31,308,31,187,0,121,0,0,0,144,31,82,0,226,California
Trinity,2021-01-19,35,343,14,201,21,142,0,0,21,151,14,96,21,247,California
Trinity,2021-01-20,20,363,3,204,17,159,0,0,17,165,3,99,17,264,California
Trinity,2021-01-21,17,380,7,211,10,169,0,0,17,182,0,99,17,281,California
Trinity,2021-01-22,5,385,1,212,4,173,0,0,5,187,0,99,5,286,California
Trinity,2021-01-23,7,392,3,215,4,177,0,0,7,194,0,99,7,293,California
Trinity,2021-01-25,14,406,1,216,13,190,0,0,13,206,1,100,13,306,California
Trinity,2021-01-26,10,416,1,217,9,199,0,0,9,214,1,101,9,315,California
Trinity,2021-01-27,12,428,0,217,12,211,0,0,12,226,0,101,12,327,California
Trinity,2021-01-28,12,440,2,219,10,221,0,0,9,232,3,104,9,336,California
Trinity,2021-01-29,2,442,0,219,2,223,0,0,1,232,1,105,1,337,California
Trinity,2021-01-30,12,454,11,230,1,224,0,0,12,244,0,105,12,349,California
Trinity,2021-02-01,2,456,1,231,1,225,0,0,1,244,1,106,1,350,California
Trinity,2021-02-02,15,471,3,234,12,237,0,0,14,257,1,107,14,364,California
Trinity,2021-02-03,7,478,1,235,6,243,0,0,4,258,3,110,4,368,California
Trinity,2021-02-04,42,520,32,267,10,253,0,0,35,286,7,117,35,403,California
Trinity,2021-02-05,354,874,0,267,354,607,0,0,323,578,31,148,323,726,California
Trinity,2021-02-06,210,1084,5,272,205,812,0,0,203,774,7,155,203,929,California
Trinity,2021-02-07,1,1085,0,272,1,813,0,0,1,775,0,155,1,930,California
Trinity,2021-02-08,27,1112,0,272,27,840,0,0,16,780,11,166,16,946,California
Trinity,2021-02-09,27,1139,2,274,25,865,0,0,11,775,16,182,11,957,California
Trinity,2021-02-10,122,1261,10,284,112,977,0,0,102,857,20,202,102,1059,California
Trinity,2021-02-11,338,1599,2,286,336,1313,0,0,331,1181,7,209,331,1390,California
Trinity,2021-02-12,18,1617,10,296,8,1321,0,0,14,1191,4,213,14,1404,California
Trinity,2021-02-13,13,1630,6,302,7,1328,0,0,6,1190,7,220,6,1410,California
Trinity,2021-02-14,2,1632,2,304,0,1328,0,0,2,1192,0,220,2,1412,California
Trinity,2021-02-15,47,1679,0,304,47,1375,0,0,47,1239,0,220,47,1459,California
Trinity,2021-02-16,5,1684,1,305,4,1379,0,0,3,1240,2,222,3,1462,California
Trinity,2021-02-17,94,1778,2,307,92,1471,0,0,84,1314,10,232,84,1546,California
Trinity,2021-02-18,4,1782,0,307,4,1475,0,0,1,1312,3,235,1,1547,California
Trinity,2021-02-19,307,2089,1,308,306,1781,0,0,294,1593,13,248,294,1841,California
Trinity,2021-02-20,141,2230,14,322,127,1908,0,0,113,1678,28,276,113,1954,California
Trinity,2021-02-21,1,2231,1,323,0,1908,0,0,1,1679,0,276,1,1955,California
Trinity,2021-02-22,8,2239,0,323,8,1916,0,0,5,1681,3,279,5,1960,California
Trinity,2021-02-23,10,2249,3,326,7,1923,0,0,5,1681,5,284,5,1965,California
Trinity,2021-02-24,30,2279,8,334,22,1945,0,0,7,1665,23,307,7,1972,California
Trinity,2021-02-25,36,2315,23,357,13,1958,0,0,5,1639,31,338,5,1977,California
Trinity,2021-02-26,12,2327,2,359,10,1968,0,0,6,1639,6,344,6,1983,California
Trinity,2021-02-27,12,2339,10,369,2,1970,0,0,6,1639,6,350,6,1989,California
Trinity,2021-03-01,10,2349,0,369,10,1980,0,0,5,1639,5,355,5,1994,California
Trinity,2021-03-02,9,2358,3,372,6,1986,0,0,2,1634,7,362,2,1996,California
Trinity,2021-03-03,4,2362,0,372,4,1990,0,0,3,1636,1,363,3,1999,California
Trinity,2021-03-04,24,2386,19,391,5,1995,0,0,10,1632,14,377,10,2009,California
Trinity,2021-03-05,391,2777,1,392,390,2385,0,0,120,1485,267,644,120,2129,California
Trinity,2021-03-06,202,2979,7,399,195,2580,0,0,26,1335,176,820,26,2155,California
Trinity,2021-03-07,4,2983,3,402,1,2581,0,0,3,1337,1,821,3,2158,California
Trinity,2021-03-08,5,2988,1,403,3,2584,1,1,2,1337,3,824,3,2161,California
Trinity,2021-03-09,94,3082,0,403,92,2676,2,3,88,1421,6,830,90,2251,California
Trinity,2021-03-10,126,3208,3,406,120,2796,3,6,38,1374,88,918,41,2292,California
Trinity,2021-03-11,16,3224,4,410,10,2806,2,8,5,1370,11,929,7,2299,California
Trinity,2021-03-12,397,3621,5,415,386,3192,6,14,96,1171,301,1230,102,2401,California
Trinity,2021-03-13,14,3635,8,423,4,3196,2,16,8,1175,6,1236,10,2411,California
Trinity,2021-03-14,4,3639,1,424,3,3199,0,16,3,1177,1,1237,3,2414,California
Trinity,2021-03-15,67,3706,0,424,66,3265,1,17,14,1139,53,1290,15,2429,California
Trinity,2021-03-16,116,3822,7,431,109,3374,0,17,103,1229,13,1303,103,2532,California
Trinity,2021-03-17,100,3922,3,434,97,3471,0,17,26,1181,74,1377,26,2558,California
Trinity,2021-03-18,11,3933,2,436,6,3477,3,20,5,1183,6,1383,8,2566,California
Trinity,2021-03-19,460,4393,4,440,346,3823,110,130,33,899,427,1810,143,2709,California
Trinity,2021-03-20,105,4498,7,447,98,3921,0,130,68,931,36,1846,68,2777,California
Trinity,2021-03-21,4,4502,0,447,3,3924,1,131,3,934,1,1847,4,2781,California
Trinity,2021-03-22,2,4504,0,447,2,3926,0,131,2,936,0,1847,2,2783,California
Trinity,2021-03-23,95,4599,2,449,93,4019,0,131,77,995,18,1865,77,2860,California
Trinity,2021-03-24,12,4611,1,450,11,4030,0,131,9,1001,3,1868,9,2869,California
Trinity,2021-03-25,111,4722,8,458,97,4127,6,137,85,1066,26,1894,91,2960,California
Trinity,2021-03-26,83,4805,8,466,75,4202,0,137,76,1135,7,1901,76,3036,California
Trinity,2021-03-27,20,4825,4,470,7,4209,9,146,9,1142,11,1912,18,3054,California
Trinity,2021-03-28,5,4830,3,473,2,4211,0,146,1,1139,4,1916,1,3055,California
Trinity,2021-03-29,6,4836,1,474,5,4216,0,146,2,1137,4,1920,2,3057,California
Trinity,2021-03-30,77,4913,5,479,72,4288,0,146,67,1194,10,1930,67,3124,California
Trinity,2021-03-31,56,4969,5,484,19,4307,32,178,21,1211,35,1965,52,3176,California
Trinity,2021-04-01,41,5010,11,495,19,4326,11,189,21,1223,20,1985,32,3208,California
Trinity,2021-04-02,251,5261,5,500,172,4498,74,263,79,1205,171,2156,153,3361,California
Trinity,2021-04-03,17,5278,12,512,5,4503,0,263,7,1202,10,2166,7,3368,California
Trinity,2021-04-04,10,5288,8,520,2,4505,0,263,8,1208,2,2168,8,3376,California
Trinity,2021-04-05,58,5346,6,526,51,4556,1,264,54,1259,4,2172,55,3431,California
Trinity,2021-04-06,118,5464,15,541,100,4656,3,267,29,1202,89,2261,32,3463,California
Trinity,2021-04-07,27,5491,12,553,10,4666,5,272,19,1218,8,2269,24,3487,California
Trinity,2021-04-08,89,5580,10,563,77,4743,2,274,52,1235,37,2306,54,3541,California
Trinity,2021-04-09,170,5750,20,583,146,4889,4,278,92,1253,78,2384,96,3637,California
Trinity,2021-04-10,11,5761,7,590,4,4893,0,278,10,1262,1,2385,10,3647,California
Trinity,2021-04-11,10,5771,5,595,3,4896,2,280,4,1262,6,2391,6,3653,California
Trinity,2021-04-12,77,5848,5,600,71,4967,1,281,64,1314,12,2403,64,3717,California
Trinity,2021-04-13,104,5952,5,605,99,5066,0,281,11,1232,93,2496,11,3728,California
Trinity,2021-04-14,10,5962,5,610,5,5071,0,281,6,1234,4,2500,6,3734,California
Trinity,2021-04-15,45,6007,10,620,35,5106,0,281,15,1220,29,2529,15,3749,California
Trinity,2021-04-16,153,6160,13,633,140,5246,0,281,80,1228,72,2601,80,3829,California
Trinity,2021-04-17,11,6171,5,638,6,5252,0,281,9,1235,2,2603,9,3838,California
Trinity,2021-04-18,3,6174,1,639,2,5254,0,281,0,1232,3,2606,0,3838,California
Trinity,2021-04-19,67,6241,2,641,65,5319,0,281,66,1297,1,2607,66,3904,California
Trinity,2021-04-20,94,6335,8,649,86,5405,0,281,21,1245,73,2680,21,3925,California
Trinity,2021-04-21,22,6357,9,658,13,5418,0,281,9,1241,13,2693,9,3934,California
Trinity,2021-04-22,92,6449,5,663,87,5505,0,281,14,1177,78,2771,14,3948,California
Trinity,2021-04-23,178,6627,6,669,172,5677,0,281,110,1219,68,2839,110,4058,California
Trinity,2021-04-24,23,6650,12,681,11,5688,0,281,6,1208,17,2856,6,4064,California
Trinity,2021-04-25,10,6660,9,690,1,5689,0,281,3,1205,6,2862,3,4067,California
Trinity,2021-04-26,48,6708,9,699,39,5728,0,281,40,1237,8,2870,40,4107,California
Trinity,2021-04-27,88,6796,11,710,77,5805,0,281,23,1195,65,2935,23,4130,California
Trinity,2021-04-28,32,6828,11,721,21,5826,0,281,12,1187,20,2955,12,4142,California
Trinity,2021-04-29,34,6862,13,734,21,5847,0,281,12,1177,22,2977,12,4154,California
Trinity,2021-04-30,27,6889,21,755,6,5853,0,281,8,1167,18,2995,8,4162,California
Trinity,2021-05-01,15,6904,8,763,2,5855,5,286,5,1167,10,3005,10,4172,California
Trinity,2021-05-02,8,6912,5,768,1,5856,2,288,2,1165,6,3011,4,4176,California
Trinity,2021-05-03,58,6970,13,781,44,5900,1,289,9,1127,48,3059,10,4186,California
Trinity,2021-05-04,24,6994,11,792,12,5912,1,290,8,1120,16,3075,9,4195,California
Trinity,2021-05-05,11,7005,7,799,4,5916,0,290,4,1117,7,3082,4,4199,California
Trinity,2021-05-06,73,7078,10,809,61,5977,2,292,16,1078,57,3139,18,4217,California
Trinity,2021-05-07,179,7257,12,821,133,6110,34,326,14,961,165,3304,48,4265,California
Trinity,2021-05-08,6,7263,2,823,4,6114,0,326,2,959,4,3308,2,4267,California
Trinity,2021-05-09,11,7274,8,831,3,6117,0,326,7,962,4,3312,7,4274,California
Trinity,2021-05-10,15,7289,5,836,9,6126,1,327,8,964,7,3319,9,4283,California
Trinity,2021-05-11,8,7297,4,840,4,6130,0,327,6,968,2,3321,6,4289,California
Trinity,2021-05-12,19,7316,16,856,2,6132,1,328,14,978,5,3326,15,4304,California
Trinity,2021-05-13,15,7331,10,866,4,6136,1,329,9,982,6,3332,10,4314,California
Trinity,2021-05-14,140,7471,19,885,93,6229,28,357,39,948,101,3433,67,4381,California
Trinity,2021-05-15,15,7486,10,895,4,6233,1,358,7,949,7,3440,8,4389,California
Trinity,2021-05-16,8,7494,6,901,2,6235,0,358,6,953,2,3442,6,4395,California
Trinity,2021-05-17,108,7602,20,921,86,6321,2,360,42,931,66,3508,44,4439,California
Trinity,2021-05-18,37,7639,7,928,29,6350,1,361,11,917,26,3534,12,4451,California
Trinity,2021-05-19,146,7785,17,945,100,6450,29,390,29,859,116,3650,58,4509,California
Trinity,2021-05-20,28,7813,21,966,4,6454,3,393,17,868,11,3661,20,4529,California
Trinity,2021-05-21,21,7834,12,978,9,6463,0,393,12,871,9,3670,12,4541,California
Trinity,2021-05-22,17,7851,14,992,3,6466,0,393,13,880,4,3674,13,4554,California
Trinity,2021-05-23,6,7857,4,996,2,6468,0,393,2,878,4,3678,2,4556,California
Trinity,2021-05-24,109,7966,12,1008,96,6564,1,394,8,787,100,3778,9,4565,California
Trinity,2021-05-25,39,8005,14,1022,25,6589,0,394,17,782,22,3800,17,4582,California
Trinity,2021-05-26,12,8017,6,1028,6,6595,0,394,4,778,8,3808,4,4586,California
Trinity,2021-05-27,31,8048,14,1042,12,6607,5,399,8,768,23,3831,13,4599,California
Trinity,2021-05-28,14,8062,10,1052,3,6610,1,400,7,769,7,3838,8,4607,California
Trinity,2021-05-29,10,8072,7,1059,2,6612,1,401,7,774,3,3841,8,4615,California
Trinity,2021-05-30,6,8078,5,1064,1,6613,0,401,0,768,6,3847,0,4615,California
Trinity,2021-05-31,4,8082,3,1067,1,6614,0,401,2,768,2,3849,2,4617,California
Trinity,2021-06-01,14,8096,7,1074,5,6619,2,403,3,763,10,3859,5,4622,California
Trinity,2021-06-02,24,8120,19,1093,3,6622,2,405,9,759,15,3874,11,4633,California
Trinity,2021-06-03,39,8159,13,1106,26,6648,0,405,13,746,26,3900,13,4646,California
Trinity,2021-06-04,45,8204,21,1127,16,6664,8,413,12,733,33,3933,20,4666,California
Trinity,2021-06-05,19,8223,18,1145,1,6665,0,413,13,740,6,3939,13,4679,California
Trinity,2021-06-06,9,8232,6,1151,2,6667,1,414,2,736,7,3946,3,4682,California
Trinity,2021-06-07,28,8260,19,1170,8,6675,1,415,12,733,16,3962,13,4695,California
Trinity,2021-06-08,15,8275,13,1183,1,6676,1,416,4,727,11,3973,5,4700,California
Trinity,2021-06-09,24,8299,14,1197,1,6677,9,425,5,722,19,3992,14,4714,California
Trinity,2021-06-10,20,8319,18,1215,2,6679,0,425,5,712,15,4007,5,4719,California
Trinity,2021-06-11,45,8364,10,1225,33,6712,2,427,14,697,31,4038,16,4735,California
Trinity,2021-06-12,9,8373,9,1234,0,6712,0,427,2,692,7,4045,2,4737,California
Trinity,2021-06-13,4,8377,4,1238,0,6712,0,427,1,690,3,4048,1,4738,California
Trinity,2021-06-14,43,8420,16,1254,27,6739,0,427,11,669,32,4080,11,4749,California
Trinity,2021-06-15,45,8465,21,1275,3,6742,21,448,9,662,36,4116,29,4778,California
Trinity,2021-06-16,10,8475,6,1281,4,6746,0,448,3,658,7,4123,3,4781,California
Trinity,2021-06-17,15,8490,12,1293,1,6747,2,450,6,658,8,4131,8,4789,California
Trinity,2021-06-18,18,8508,10,1303,6,6753,2,452,6,654,12,4143,8,4797,California
Trinity,2021-06-19,10,8518,10,1313,0,6753,0,452,2,648,8,4151,2,4799,California
Trinity,2021-06-20,3,8521,3,1316,0,6753,0,452,3,651,0,4151,3,4802,California
Trinity,2021-06-21,8,8529,6,1322,0,6753,2,454,5,655,3,4154,7,4809,California
Trinity,2021-06-22,32,8561,9,1331,13,6766,10,464,14,661,18,4172,24,4833,California
Trinity,2021-06-23,15,8576,8,1339,1,6767,6,470,2,656,13,4185,8,4841,California
Trinity,2021-06-24,24,8600,14,1353,4,6771,6,476,15,668,9,4194,21,4862,California
Trinity,2021-06-25,10,8610,10,1363,0,6771,0,476,6,670,4,4198,6,4868,California
Trinity,2021-06-26,18,8628,18,1381,0,6771,0,476,8,668,10,4208,8,4876,California
Trinity,2021-06-27,4,8632,4,1385,0,6771,0,476,0,664,4,4212,0,4876,California
Trinity,2021-06-28,11,8643,9,1394,1,6772,1,477,4,662,7,4219,5,4881,California
Trinity,2021-06-29,11,8654,5,1399,3,6775,3,480,5,664,6,4225,8,4889,California
Trinity,2021-06-30,14,8668,10,1409,1,6776,3,483,6,665,8,4233,9,4898,California
Trinity,2021-07-01,30,8698,11,1420,12,6788,7,490,10,662,20,4253,17,4915,California
Trinity,2021-07-02,24,8722,6,1426,6,6794,12,502,6,662,18,4271,18,4933,California
Tulare,2020-12-15,1,1,1,1,0,0,0,0,1,1,0,0,1,1,California
Tulare,2020-12-16,4,5,4,5,0,0,0,0,4,5,0,0,4,5,California
Tulare,2020-12-17,110,115,110,115,0,0,0,0,110,115,0,0,110,115,California
Tulare,2020-12-18,290,405,289,404,1,1,0,0,290,405,0,0,290,405,California
Tulare,2020-12-19,326,731,326,730,0,1,0,0,326,731,0,0,326,731,California
Tulare,2020-12-20,165,896,165,895,0,1,0,0,165,896,0,0,165,896,California
Tulare,2020-12-21,424,1320,424,1319,0,1,0,0,444,1340,0,0,444,1340,California
Tulare,2020-12-22,470,1790,468,1787,2,3,0,0,469,1809,0,0,469,1809,California
Tulare,2020-12-23,327,2117,318,2105,9,12,0,0,325,2134,0,0,325,2134,California
Tulare,2020-12-24,18,2135,16,2121,2,14,0,0,18,2152,0,0,18,2152,California
Tulare,2020-12-26,8,2143,7,2128,1,15,0,0,8,2160,0,0,8,2160,California
Tulare,2020-12-27,16,2159,12,2140,4,19,0,0,16,2176,0,0,16,2176,California
Tulare,2020-12-28,480,2639,467,2607,13,32,0,0,479,2655,0,0,479,2655,California
Tulare,2020-12-29,550,3189,480,3087,70,102,0,0,550,3205,0,0,550,3205,California
Tulare,2020-12-30,469,3658,425,3512,44,146,0,0,469,3674,0,0,469,3674,California
Tulare,2020-12-31,100,3758,22,3534,78,224,0,0,100,3774,0,0,100,3774,California
Tulare,2021-01-01,3,3761,1,3535,2,226,0,0,3,3777,0,0,3,3777,California
Tulare,2021-01-02,32,3793,19,3554,13,239,0,0,32,3809,0,0,32,3809,California
Tulare,2021-01-03,23,3816,9,3563,14,253,0,0,23,3832,0,0,23,3832,California
Tulare,2021-01-04,93,3909,16,3579,77,330,0,0,93,3925,0,0,93,3925,California
Tulare,2021-01-05,465,4374,279,3858,186,516,0,0,463,4386,2,2,463,4388,California
Tulare,2021-01-06,864,5238,634,4492,230,746,0,0,854,5230,10,12,854,5242,California
Tulare,2021-01-07,782,6020,585,5077,197,943,0,0,674,5796,108,120,674,5916,California
Tulare,2021-01-08,1279,7299,573,5650,706,1649,0,0,942,6402,336,456,942,6858,California
Tulare,2021-01-09,806,8105,204,5854,602,2251,0,0,618,6832,188,644,618,7476,California
Tulare,2021-01-10,51,8156,43,5897,8,2259,0,0,13,6807,38,682,13,7489,California
Tulare,2021-01-11,1275,9431,772,6669,503,2762,0,0,836,7204,439,1121,836,8325,California
Tulare,2021-01-12,1452,10883,505,7174,947,3709,0,0,1040,7835,411,1532,1042,9367,California
Tulare,2021-01-13,411,11294,179,7353,232,3941,0,0,336,8096,75,1607,336,9703,California
Tulare,2021-01-14,495,11789,145,7498,350,4291,0,0,469,8550,15,1622,469,10172,California
Tulare,2021-01-15,1651,13440,156,7654,1495,5786,0,0,1642,10183,9,1631,1642,11814,California
Tulare,2021-01-16,1930,15370,115,7769,1815,7601,0,0,1916,12085,14,1645,1916,13730,California
Tulare,2021-01-17,142,15512,122,7891,20,7621,0,0,132,12207,10,1655,132,13862,California
Tulare,2021-01-18,693,16205,657,8548,36,7657,0,0,295,12104,398,2053,295,14157,California
Tulare,2021-01-19,1020,17225,690,9238,330,7987,0,0,593,12270,427,2480,593,14750,California
Tulare,2021-01-20,2481,19706,667,9905,1814,9801,0,0,2044,13923,392,2872,2045,16795,California
Tulare,2021-01-21,1617,21323,227,10132,1390,11191,0,0,1589,15490,22,2894,1589,18384,California
Tulare,2021-01-22,1092,22415,213,10345,879,12070,0,0,1062,16523,29,2923,1062,19446,California
Tulare,2021-01-23,439,22854,156,10501,283,12353,0,0,418,16920,21,2944,418,19864,California
Tulare,2021-01-24,31,22885,28,10529,3,12356,0,0,29,16947,2,2946,29,19893,California
Tulare,2021-01-25,1353,24238,987,11516,366,12722,0,0,1300,18194,53,2999,1300,21193,California
Tulare,2021-01-26,1508,25746,1102,12618,406,13128,0,0,1168,19023,339,3338,1168,22361,California
Tulare,2021-01-27,1506,27252,1072,13690,434,13562,0,0,924,19366,581,3919,924,23285,California
Tulare,2021-01-28,1220,28472,779,14469,441,14003,0,0,819,19784,401,4320,819,24104,California
Tulare,2021-01-29,1130,29602,718,15187,412,14415,0,0,820,20294,310,4630,820,24924,California
Tulare,2021-01-30,1673,31275,1578,16765,95,14510,0,0,1648,21918,25,4655,1649,26573,California
Tulare,2021-01-31,66,31341,61,16826,5,14515,0,0,62,21976,4,4659,62,26635,California
Tulare,2021-02-01,1177,32518,904,17730,273,14788,0,0,815,22430,361,5020,815,27450,California
Tulare,2021-02-02,710,33228,355,18085,355,15143,0,0,455,22633,253,5273,456,27906,California
Tulare,2021-02-03,570,33798,237,18322,333,15476,0,0,330,22763,200,5473,330,28236,California
Tulare,2021-02-04,577,34375,176,18498,401,15877,0,0,283,22754,293,5766,284,28520,California
Tulare,2021-02-05,1245,35620,240,18738,1005,16882,0,0,407,22325,836,6602,407,28927,California
Tulare,2021-02-06,835,36455,156,18894,679,17561,0,0,207,21906,626,7228,207,29134,California
Tulare,2021-02-07,84,36539,71,18965,13,17574,0,0,23,21868,61,7289,23,29157,California
Tulare,2021-02-08,946,37485,329,19294,617,18191,0,0,239,21403,704,7993,239,29396,California
Tulare,2021-02-09,1416,38901,336,19630,1080,19271,0,0,341,20674,1070,9063,341,29737,California
Tulare,2021-02-10,2485,41386,1989,21619,496,19767,0,0,2073,22338,409,9472,2073,31810,California
Tulare,2021-02-11,1341,42727,377,21996,964,20731,0,0,878,22753,463,9935,878,32688,California
Tulare,2021-02-12,2793,45520,574,22570,2219,22950,0,0,1163,22294,1622,11557,1163,33851,California
Tulare,2021-02-13,2479,47999,158,22728,2321,25271,0,0,639,21097,1836,13393,639,34490,California
Tulare,2021-02-14,340,48339,39,22767,301,25572,0,0,303,21363,37,13430,303,34793,California
Tulare,2021-02-15,923,49262,295,23062,628,26200,0,0,662,21765,260,13690,662,35455,California
Tulare,2021-02-16,2853,52115,1596,24658,1257,27457,0,0,1084,21084,1766,15456,1085,36540,California
Tulare,2021-02-17,2707,54822,517,25175,2190,29647,0,0,451,19284,2251,17707,451,36991,California
Tulare,2021-02-18,2352,57174,453,25628,1899,31546,0,0,644,18228,1700,19407,644,37635,California
Tulare,2021-02-19,2352,59526,882,26510,1470,33016,0,0,971,17823,1376,20783,971,38606,California
Tulare,2021-02-20,3000,62526,1885,28395,1115,34131,0,0,1263,17357,1729,22512,1263,39869,California
Tulare,2021-02-21,102,62628,96,28491,6,34137,0,0,51,17360,48,22560,51,39920,California
Tulare,2021-02-22,1134,63762,714,29205,420,34557,0,0,215,16658,917,23477,215,40135,California
Tulare,2021-02-23,1991,65753,955,30160,1036,35593,0,0,1477,17624,511,23988,1477,41612,California
Tulare,2021-02-24,2499,68252,1555,31715,944,36537,0,0,2113,19353,385,24373,2114,43726,California
Tulare,2021-02-25,3545,71797,1999,33714,1546,38083,0,0,3123,22060,418,24791,3125,46851,California
Tulare,2021-02-26,3865,75662,1892,35606,1973,40056,0,0,3387,24971,476,25267,3387,50238,California
Tulare,2021-02-27,3007,78669,1497,37103,1510,41566,0,0,2872,27720,123,25390,2872,53110,California
Tulare,2021-02-28,1314,79983,1040,38143,274,41840,0,0,1292,28994,18,25408,1292,54402,California
Tulare,2021-03-01,1793,81776,809,38952,983,42823,1,1,1600,30405,190,25598,1601,56003,California
Tulare,2021-03-02,2817,84593,1271,40223,1546,44369,0,1,2637,32865,178,25776,2638,58641,California
Tulare,2021-03-03,4085,88678,2732,42955,1352,45721,1,2,2130,33048,1950,27726,2133,60774,California
Tulare,2021-03-04,2987,91665,1348,44303,1639,47360,0,2,2640,35350,338,28064,2640,63414,California
Tulare,2021-03-05,3505,95170,1759,46062,1731,49091,15,17,2985,37836,517,28581,3003,66417,California
Tulare,2021-03-06,3096,98266,1447,47509,1589,50680,60,77,2840,40481,253,28834,2898,69315,California
Tulare,2021-03-07,1140,99406,706,48215,413,51093,21,98,1099,41561,40,28874,1120,70435,California
Tulare,2021-03-08,1737,101143,1007,49222,561,51654,169,267,1404,42806,327,29201,1572,72007,California
Tulare,2021-03-09,3269,104412,2246,51468,875,52529,148,415,2854,45392,414,29615,3000,75007,California
Tulare,2021-03-10,2984,107396,1404,52872,1405,53934,175,590,2576,47745,397,30012,2750,77757,California
Tulare,2021-03-11,4246,111642,1999,54871,1943,55877,304,894,3294,50392,952,30964,3599,81356,California
Tulare,2021-03-12,4424,116066,2436,57307,1635,57512,353,1247,3129,52587,1285,32249,3480,84836,California
Tulare,2021-03-13,4157,120223,1946,59253,2106,59618,105,1352,3199,54941,950,33199,3304,88140,California
Tulare,2021-03-14,1862,122085,989,60242,653,60271,220,1572,1335,55967,526,33725,1552,89692,California
Tulare,2021-03-15,2755,124840,1632,61874,1008,61279,115,1687,1972,57279,778,34503,2090,91782,California
Tulare,2021-03-16,3439,128279,2119,63993,1243,62522,77,1764,1876,57676,1559,36062,1956,93738,California
Tulare,2021-03-17,4087,132366,2667,66660,1344,63866,76,1840,2328,58334,1753,37815,2411,96149,California
Tulare,2021-03-18,4677,137043,3414,70074,1191,65057,72,1912,2460,58665,2206,40021,2537,98686,California
Tulare,2021-03-19,5149,142192,3379,73453,1552,66609,218,2130,2731,59219,2397,42418,2951,101637,California
Tulare,2021-03-20,4492,146684,2799,76252,1322,67931,371,2501,2066,59243,2416,44834,2440,104077,California
Tulare,2021-03-21,2012,148696,1723,77975,263,68194,26,2527,1064,59388,944,45778,1089,105166,California
Tulare,2021-03-22,2583,151279,1795,79770,676,68870,112,2639,1697,60320,880,46658,1812,106978,California
Tulare,2021-03-23,3797,155076,2198,81968,1547,70417,52,2691,2082,60755,1705,48363,2140,109118,California
Tulare,2021-03-24,3205,158281,1988,83956,1176,71593,41,2732,1718,61038,1477,49840,1760,110878,California
Tulare,2021-03-25,3484,161765,1812,85768,1498,73091,174,2906,1671,61080,1805,51645,1847,112725,California
Tulare,2021-03-26,5264,167029,3136,88904,2016,75107,112,3018,2544,61034,2702,54347,2656,115381,California
Tulare,2021-03-27,3543,170572,1817,90721,1628,76735,98,3116,989,59574,2546,56893,1086,116467,California
Tulare,2021-03-28,1475,172047,1070,91791,374,77109,31,3147,672,59486,801,57694,713,117180,California
Tulare,2021-03-29,2888,174935,1673,93464,1108,78217,107,3254,1226,59164,1657,59351,1335,118515,California
Tulare,2021-03-30,4924,179859,2790,96254,1901,80118,233,3487,1499,57474,3414,62765,1724,120239,California
Tulare,2021-03-31,3973,183832,2343,98597,1516,81634,114,3601,1552,56729,2412,65177,1667,121906,California
Tulare,2021-04-01,4543,188375,2456,101053,2015,83649,72,3673,1560,55390,2972,68149,1633,123539,California
Tulare,2021-04-02,5372,193747,3062,104115,2184,85833,126,3799,1554,53270,3801,71950,1681,125220,California
Tulare,2021-04-03,3633,197380,2095,106210,1163,86996,375,4174,833,51714,2762,74712,1206,126426,California
Tulare,2021-04-04,1633,199013,1146,107356,480,87476,7,4181,356,50805,1272,75984,363,126789,California
Tulare,2021-04-05,3355,202368,2344,109700,744,88220,267,4448,851,49433,2491,78475,1119,127908,California
Tulare,2021-04-06,3440,205808,1472,111172,1471,89691,497,4945,891,48283,2540,81015,1390,129298,California
Tulare,2021-04-07,3938,209746,1840,113012,1656,91347,442,5387,1175,47138,2752,83767,1607,130905,California
Tulare,2021-04-08,4801,214547,2627,115639,1714,93061,460,5847,1537,45882,3250,87017,1994,132899,California
Tulare,2021-04-09,4847,219394,2996,118635,1415,94476,436,6283,1819,45118,3020,90037,2256,135155,California
Tulare,2021-04-10,3843,223237,2071,120706,1452,95928,320,6603,930,43460,2904,92941,1246,136401,California
Tulare,2021-04-11,1588,224825,1050,121756,464,96392,74,6677,490,42929,1095,94036,564,136965,California
Tulare,2021-04-12,3426,228251,2137,123893,693,97085,596,7273,1071,42252,2345,96381,1668,138633,California
Tulare,2021-04-13,2411,230662,1595,125488,807,97892,9,7282,900,41666,1497,97878,911,139544,California
Tulare,2021-04-14,2879,233541,1702,127190,1177,99069,0,7282,911,40614,1963,99841,911,140455,California
Tulare,2021-04-15,3319,236860,2165,129355,1154,100223,0,7282,1472,40252,1834,101675,1472,141927,California
Tulare,2021-04-16,3725,240585,2249,131604,1476,101699,0,7282,1492,39524,2220,103895,1492,143419,California
Tulare,2021-04-17,2253,242838,1326,132930,927,102626,0,7282,1194,39666,1053,104948,1195,144614,California
Tulare,2021-04-18,1575,244413,1237,134167,338,102964,0,7282,827,39746,747,105695,827,145441,California
Tulare,2021-04-19,2187,246600,1272,135439,914,103878,1,7283,897,39359,1285,106980,898,146339,California
Tulare,2021-04-20,2423,249023,1390,136829,1033,104911,0,7283,1006,38965,1400,108380,1006,147345,California
Tulare,2021-04-21,2324,251347,1441,138270,883,105794,0,7283,842,38367,1441,109821,843,148188,California
Tulare,2021-04-22,2173,253520,1235,139505,938,106732,0,7283,742,37697,1412,111233,742,148930,California
Tulare,2021-04-23,2642,256162,1630,141135,1011,107743,1,7284,1030,37129,1599,112832,1031,149961,California
Tulare,2021-04-24,1643,257805,1053,142188,588,108331,2,7286,852,37196,787,113619,854,150815,California
Tulare,2021-04-25,694,258499,522,142710,172,108503,0,7286,266,37035,427,114046,266,151081,California
Tulare,2021-04-26,1557,260056,947,143657,591,109094,19,7305,655,36812,895,114941,672,151753,California
Tulare,2021-04-27,1703,261759,708,144365,957,110051,38,7343,731,36613,967,115908,768,152521,California
Tulare,2021-04-28,1752,263511,1006,145371,704,110755,42,7385,698,36303,1049,116957,739,153260,California
Tulare,2021-04-29,2044,265555,1230,146601,776,111531,38,7423,796,35900,1235,118192,832,154092,California
Tulare,2021-04-30,2467,268022,1801,148402,616,112147,50,7473,911,35312,1548,119740,960,155052,California
Tulare,2021-05-01,1420,269442,1216,149618,192,112339,12,7485,732,35378,678,120418,744,155796,California
Tulare,2021-05-02,590,270032,501,150119,72,112411,17,7502,188,35184,398,120816,204,156000,California
Tulare,2021-05-03,1623,271655,1096,151215,402,112813,125,7627,349,34391,1267,122083,474,156474,California
Tulare,2021-05-04,1574,273229,845,152060,659,113472,70,7697,630,34154,934,123017,697,157171,California
Tulare,2021-05-05,1317,274546,656,152716,572,114044,89,7786,451,33839,855,123872,540,157711,California
Tulare,2021-05-06,1991,276537,1347,154063,595,114639,49,7835,603,33112,1379,125251,652,158363,California
Tulare,2021-05-07,1855,278392,1263,155326,524,115163,68,7903,524,32380,1323,126574,591,158954,California
Tulare,2021-05-08,1242,279634,816,156142,401,115564,25,7928,533,32237,701,127275,558,159512,California
Tulare,2021-05-09,595,280229,471,156613,103,115667,21,7949,115,31899,475,127750,137,159649,California
Tulare,2021-05-10,1024,281253,591,157204,367,116034,66,8015,307,31559,713,128463,373,160022,California
Tulare,2021-05-11,1320,282573,702,157906,539,116573,79,8094,548,31421,765,129228,627,160649,California
Tulare,2021-05-12,1604,284177,1040,158946,506,117079,58,8152,434,30757,1155,130383,491,161140,California
Tulare,2021-05-13,1585,285762,1019,159965,528,117607,38,8190,723,30660,857,131240,760,161900,California
Tulare,2021-05-14,1980,287742,1286,161251,632,118239,62,8252,898,30551,1069,132309,960,162860,California
Tulare,2021-05-15,1568,289310,884,162135,637,118876,47,8299,663,30358,897,133206,704,163564,California
Tulare,2021-05-16,699,290009,558,162693,129,119005,12,8311,325,30323,372,133578,337,163901,California
Tulare,2021-05-17,1568,291577,984,163677,510,119515,74,8385,745,30327,815,134393,819,164720,California
Tulare,2021-05-18,1587,293164,861,164538,673,120188,53,8438,786,30368,796,135189,837,165557,California
Tulare,2021-05-19,1483,294647,955,165493,494,120682,34,8472,759,30445,716,135905,793,166350,California
Tulare,2021-05-20,1592,296239,1075,166568,430,121112,87,8559,761,30466,827,136732,848,167198,California
Tulare,2021-05-21,1952,298191,1423,167991,487,121599,42,8601,1060,30684,884,137616,1102,168300,California
Tulare,2021-05-22,1614,299805,1148,169139,443,122042,23,8624,607,30316,999,138615,631,168931,California
Tulare,2021-05-23,412,300217,327,169466,75,122117,10,8634,208,30332,202,138817,218,169149,California
Tulare,2021-05-24,938,301155,579,170045,299,122416,60,8694,419,30294,517,139334,479,169628,California
Tulare,2021-05-25,1187,302342,703,170748,452,122868,32,8726,506,30157,675,140009,538,170166,California
Tulare,2021-05-26,885,303227,488,171236,355,123223,42,8768,395,30107,486,140495,436,170602,California
Tulare,2021-05-27,1276,304503,806,172042,439,123662,31,8799,586,30039,687,141182,619,171221,California
Tulare,2021-05-28,1189,305692,659,172701,481,124143,49,8848,624,30152,559,141741,672,171893,California
Tulare,2021-05-29,882,306574,653,173354,209,124352,20,8868,502,30296,378,142119,522,172415,California
Tulare,2021-05-30,285,306859,206,173560,71,124423,8,8876,163,30347,120,142239,171,172586,California
Tulare,2021-05-31,132,306991,52,173612,69,124492,11,8887,55,30337,76,142315,66,172652,California
Tulare,2021-06-01,1056,308047,627,174239,398,124890,31,8918,382,30083,666,142981,412,173064,California
Tulare,2021-06-02,795,308842,467,174706,295,125185,33,8951,354,30038,430,143411,385,173449,California
Tulare,2021-06-03,1139,309981,810,175516,272,125457,57,9008,390,29755,729,144140,446,173895,California
Tulare,2021-06-04,1168,311149,830,176346,306,125763,32,9040,359,29342,804,144944,391,174286,California
Tulare,2021-06-05,885,312034,698,177044,172,125935,15,9055,302,29078,581,145525,317,174603,California
Tulare,2021-06-06,420,312454,356,177400,46,125981,18,9073,138,28953,281,145806,156,174759,California
Tulare,2021-06-07,882,313336,694,178094,153,126134,35,9108,277,28662,602,146408,311,175070,California
Tulare,2021-06-08,1050,314386,777,178871,213,126347,60,9168,351,28379,694,147102,411,175481,California
Tulare,2021-06-09,1086,315472,757,179628,293,126640,36,9204,344,28021,736,147838,378,175859,California
Tulare,2021-06-10,1102,316574,886,180514,180,126820,36,9240,381,27718,719,148557,416,176275,California
Tulare,2021-06-11,1232,317806,883,181397,314,127134,35,9275,381,27293,841,149398,416,176691,California
Tulare,2021-06-12,958,318764,744,182141,203,127337,11,9286,335,27022,617,150015,346,177037,California
Tulare,2021-06-13,315,319079,226,182367,85,127422,4,9290,91,26894,223,150238,95,177132,California
Tulare,2021-06-14,770,319849,566,182933,179,127601,25,9315,296,26746,469,150707,321,177453,California
Tulare,2021-06-15,986,320835,668,183601,288,127889,30,9345,433,26663,546,151253,463,177916,California
Tulare,2021-06-16,860,321695,583,184184,226,128115,51,9396,377,26612,480,151733,429,178345,California
Tulare,2021-06-17,1025,322720,754,184938,241,128356,30,9426,410,26440,612,152345,440,178785,California
Tulare,2021-06-18,989,323709,696,185634,256,128612,37,9463,372,26233,615,152960,408,179193,California
Tulare,2021-06-19,852,324561,680,186314,159,128771,13,9476,391,26180,457,153417,404,179597,California
Tulare,2021-06-20,249,324810,186,186500,55,128826,8,9484,74,26089,174,153591,83,179680,California
Tulare,2021-06-21,522,325332,342,186842,149,128975,31,9515,304,26206,217,153808,334,180014,California
Tulare,2021-06-22,750,326082,514,187356,212,129187,24,9539,345,26176,399,154207,369,180383,California
Tulare,2021-06-23,736,326818,501,187857,209,129396,26,9565,401,26272,331,154538,427,180810,California
Tulare,2021-06-24,845,327663,638,188495,152,129548,55,9620,421,26327,421,154959,476,181286,California
Tulare,2021-06-25,847,328510,550,189045,277,129825,20,9640,441,26387,401,155360,461,181747,California
Tulare,2021-06-26,930,329440,733,189778,172,129997,25,9665,530,26545,397,155757,555,182302,California
Tulare,2021-06-27,246,329686,183,189961,56,130053,7,9672,115,26537,130,155887,122,182424,California
Tulare,2021-06-28,576,330262,434,190395,112,130165,30,9702,291,26575,282,156169,320,182744,California
Tulare,2021-06-29,713,330975,459,190854,211,130376,43,9745,334,26579,373,156542,377,183121,California
Tulare,2021-06-30,681,331656,465,191319,188,130564,28,9773,372,26671,306,156848,398,183519,California
Tulare,2021-07-01,798,332454,598,191917,171,130735,29,9802,382,26673,409,157257,411,183930,California
Tulare,2021-07-02,472,332926,338,192255,119,130854,15,9817,249,26718,220,157477,265,184195,California
Tuolumne,2020-12-16,47,47,47,47,0,0,0,0,47,47,0,0,47,47,California
Tuolumne,2020-12-17,18,65,18,65,0,0,0,0,18,65,0,0,18,65,California
Tuolumne,2020-12-18,101,166,100,165,1,1,0,0,101,166,0,0,101,166,California
Tuolumne,2020-12-19,5,171,5,170,0,1,0,0,5,171,0,0,5,171,California
Tuolumne,2020-12-20,2,173,2,172,0,1,0,0,2,173,0,0,2,173,California
Tuolumne,2020-12-21,115,288,101,273,14,15,0,0,115,288,0,0,115,288,California
Tuolumne,2020-12-22,172,460,172,445,0,15,0,0,172,460,0,0,172,460,California
Tuolumne,2020-12-23,185,645,183,628,2,17,0,0,185,645,0,0,185,645,California
Tuolumne,2020-12-25,1,646,1,629,0,17,0,0,1,646,0,0,1,646,California
Tuolumne,2020-12-26,2,648,2,631,0,17,0,0,2,648,0,0,2,648,California
Tuolumne,2020-12-28,75,723,73,704,2,19,0,0,75,723,0,0,75,723,California
Tuolumne,2020-12-29,102,825,38,742,64,83,0,0,102,825,0,0,102,825,California
Tuolumne,2020-12-30,77,902,22,764,55,138,0,0,77,902,0,0,77,902,California
Tuolumne,2020-12-31,27,929,20,784,7,145,0,0,27,929,0,0,27,929,California
Tuolumne,2021-01-01,6,935,5,789,1,146,0,0,6,935,0,0,6,935,California
Tuolumne,2021-01-02,120,1055,117,906,3,149,0,0,120,1055,0,0,120,1055,California
Tuolumne,2021-01-03,2,1057,2,908,0,149,0,0,2,1057,0,0,2,1057,California
Tuolumne,2021-01-04,69,1126,26,934,43,192,0,0,69,1126,0,0,69,1126,California
Tuolumne,2021-01-05,94,1220,28,962,66,258,0,0,91,1215,3,3,92,1218,California
Tuolumne,2021-01-06,132,1352,71,1033,61,319,0,0,68,1219,64,67,68,1286,California
Tuolumne,2021-01-07,120,1472,64,1097,56,375,0,0,64,1227,56,123,64,1350,California
Tuolumne,2021-01-08,106,1578,82,1179,24,399,0,0,27,1178,78,201,29,1379,California
Tuolumne,2021-01-09,2,1580,0,1179,2,401,0,0,2,1180,0,201,2,1381,California
Tuolumne,2021-01-10,3,1583,1,1180,2,403,0,0,3,1183,0,201,3,1384,California
Tuolumne,2021-01-11,117,1700,91,1271,26,429,0,0,35,1136,82,283,35,1419,California
Tuolumne,2021-01-12,102,1802,86,1357,16,445,0,0,18,1070,84,367,18,1437,California
Tuolumne,2021-01-13,231,2033,125,1482,106,551,0,0,182,1204,49,416,183,1620,California
Tuolumne,2021-01-14,148,2181,108,1590,40,591,0,0,43,1143,104,520,43,1663,California
Tuolumne,2021-01-15,474,2655,73,1663,401,992,0,0,411,1492,62,582,411,2074,California
Tuolumne,2021-01-16,7,2662,3,1666,4,996,0,0,6,1497,1,583,6,2080,California
Tuolumne,2021-01-17,8,2670,4,1670,4,1000,0,0,8,1505,0,583,8,2088,California
Tuolumne,2021-01-18,47,2717,38,1708,9,1009,0,0,10,1479,36,619,10,2098,California
Tuolumne,2021-01-19,479,3196,72,1780,407,1416,0,0,435,1870,44,663,435,2533,California
Tuolumne,2021-01-20,76,3272,58,1838,18,1434,0,0,24,1843,51,714,24,2557,California
Tuolumne,2021-01-21,58,3330,24,1862,34,1468,0,0,42,1869,16,730,42,2599,California
Tuolumne,2021-01-22,172,3502,17,1879,155,1623,0,0,164,2025,8,738,164,2763,California
Tuolumne,2021-01-23,653,4155,131,2010,522,2145,0,0,543,2474,110,848,559,3322,California
Tuolumne,2021-01-24,525,4680,2,2012,523,2668,0,0,521,2994,4,852,524,3846,California
Tuolumne,2021-01-25,51,4731,28,2040,23,2691,0,0,25,2994,26,878,26,3872,California
Tuolumne,2021-01-26,81,4812,68,2108,13,2704,0,0,40,2994,41,919,41,3913,California
Tuolumne,2021-01-27,61,4873,4,2112,57,2761,0,0,9,2952,51,970,9,3922,California
Tuolumne,2021-01-28,27,4900,6,2118,21,2782,0,0,18,2961,9,979,18,3940,California
Tuolumne,2021-01-29,74,4974,5,2123,69,2851,0,0,36,2959,38,1017,36,3976,California
Tuolumne,2021-01-30,723,5697,561,2684,162,3013,0,0,698,3651,25,1042,717,4693,California
Tuolumne,2021-01-31,9,5706,2,2686,7,3020,0,0,6,3654,3,1045,6,4699,California
Tuolumne,2021-02-01,27,5733,7,2693,20,3040,0,0,24,3675,3,1048,24,4723,California
Tuolumne,2021-02-02,656,6389,49,2742,607,3647,0,0,642,4307,11,1059,643,5366,California
Tuolumne,2021-02-03,247,6636,112,2854,135,3782,0,0,93,4246,154,1213,93,5459,California
Tuolumne,2021-02-04,126,6762,14,2868,112,3894,0,0,64,4248,62,1275,64,5523,California
Tuolumne,2021-02-05,104,6866,14,2882,90,3984,0,0,39,4223,64,1339,39,5562,California
Tuolumne,2021-02-06,872,7738,593,3475,279,4263,0,0,862,5081,10,1349,868,6430,California
Tuolumne,2021-02-07,8,7746,4,3479,4,4267,0,0,4,5081,4,1353,4,6434,California
Tuolumne,2021-02-08,95,7841,43,3522,52,4319,0,0,70,5126,25,1378,70,6504,California
Tuolumne,2021-02-09,864,8705,51,3573,813,5132,0,0,822,5906,42,1420,822,7326,California
Tuolumne,2021-02-10,96,8801,18,3591,78,5210,0,0,33,5878,61,1481,33,7359,California
Tuolumne,2021-02-11,148,8949,68,3659,80,5290,0,0,82,5894,66,1547,82,7441,California
Tuolumne,2021-02-12,652,9601,22,3681,630,5920,0,0,212,5667,439,1986,212,7653,California
Tuolumne,2021-02-13,159,9760,46,3727,113,6033,0,0,123,5755,35,2021,123,7776,California
Tuolumne,2021-02-14,152,9912,14,3741,138,6171,0,0,151,5905,1,2022,151,7927,California
Tuolumne,2021-02-15,189,10101,11,3752,178,6349,0,0,180,6076,9,2031,180,8107,California
Tuolumne,2021-02-16,533,10634,18,3770,515,6864,0,0,124,5797,405,2436,126,8233,California
Tuolumne,2021-02-17,112,10746,64,3834,48,6912,0,0,62,5810,49,2485,62,8295,California
Tuolumne,2021-02-18,689,11435,30,3864,659,7571,0,0,637,6396,52,2537,638,8933,California
Tuolumne,2021-02-19,147,11582,25,3889,122,7693,0,0,46,6341,101,2638,46,8979,California
Tuolumne,2021-02-20,914,12496,344,4233,570,8263,0,0,386,6221,510,3148,390,9369,California
Tuolumne,2021-02-21,991,13487,43,4276,948,9211,0,0,476,6192,511,3659,482,9851,California
Tuolumne,2021-02-22,82,13569,60,4336,22,9233,0,0,47,6206,33,3692,47,9898,California
Tuolumne,2021-02-23,49,13618,25,4361,24,9257,0,0,25,6208,23,3715,25,9923,California
Tuolumne,2021-02-24,104,13722,57,4418,47,9304,0,0,40,6186,63,3778,41,9964,California
Tuolumne,2021-02-25,1059,14781,36,4454,1023,10327,0,0,1024,7176,35,3813,1025,10989,California
Tuolumne,2021-02-26,154,14935,12,4466,142,10469,0,0,124,7271,30,3843,125,11114,California
Tuolumne,2021-02-27,963,15898,584,5050,379,10848,0,0,247,6827,696,4539,252,11366,California
Tuolumne,2021-02-28,56,15954,4,5054,52,10900,0,0,52,6876,3,4542,52,11418,California
Tuolumne,2021-03-01,121,16075,22,5076,98,10998,1,1,79,6916,41,4583,81,11499,California
Tuolumne,2021-03-02,715,16790,79,5155,636,11634,0,1,109,6420,605,5188,109,11608,California
Tuolumne,2021-03-03,97,16887,22,5177,75,11709,0,1,65,6454,31,5219,65,11673,California
Tuolumne,2021-03-04,1177,18064,77,5254,1100,12809,0,1,1108,7495,67,5286,1108,12781,California
Tuolumne,2021-03-05,93,18157,10,5264,83,12892,0,1,52,7508,40,5326,53,12834,California
Tuolumne,2021-03-06,1069,19226,610,5874,457,13349,2,3,201,6856,860,6186,208,13042,California
Tuolumne,2021-03-07,41,19267,12,5886,14,13363,15,18,18,6866,23,6209,33,13075,California
Tuolumne,2021-03-08,200,19467,91,5977,102,13465,7,25,142,6956,58,6267,148,13223,California
Tuolumne,2021-03-09,875,20342,19,5996,845,14310,11,36,66,6231,802,7069,77,13300,California
Tuolumne,2021-03-10,101,20443,19,6015,71,14381,11,47,54,6249,47,7116,65,13365,California
Tuolumne,2021-03-11,1308,21751,45,6060,1257,15638,6,53,1256,7460,52,7168,1263,14628,California
Tuolumne,2021-03-12,317,22068,44,6104,258,15896,15,68,191,7545,124,7292,209,14837,California
Tuolumne,2021-03-13,119,22187,12,6116,107,16003,0,68,83,7594,35,7327,84,14921,California
Tuolumne,2021-03-14,149,22336,10,6126,130,16133,9,77,6,7471,143,7470,20,14941,California
Tuolumne,2021-03-15,305,22641,83,6209,219,16352,3,80,104,7386,200,7670,115,15056,California
Tuolumne,2021-03-16,812,23453,41,6250,760,17112,11,91,673,7933,138,7808,685,15741,California
Tuolumne,2021-03-17,156,23609,33,6283,110,17222,13,104,79,7949,76,7884,92,15833,California
Tuolumne,2021-03-18,953,24562,27,6310,912,18134,14,118,316,7647,632,8516,330,16163,California
Tuolumne,2021-03-19,138,24700,19,6329,89,18223,30,148,75,7690,62,8578,105,16268,California
Tuolumne,2021-03-20,93,24793,8,6337,75,18298,10,158,38,7683,54,8632,47,16315,California
Tuolumne,2021-03-21,843,25636,395,6732,438,18736,10,168,38,6944,789,9421,50,16365,California
Tuolumne,2021-03-22,167,25803,75,6807,73,18809,19,187,97,6992,69,9490,117,16482,California
Tuolumne,2021-03-23,717,26520,641,7448,62,18871,14,201,678,7645,38,9528,691,17173,California
Tuolumne,2021-03-24,112,26632,22,7470,72,18943,18,219,78,7708,33,9561,96,17269,California
Tuolumne,2021-03-25,1303,27935,24,7494,1276,20219,3,222,325,7063,973,10534,328,17597,California
Tuolumne,2021-03-26,281,28216,19,7513,238,20457,24,246,119,7057,150,10684,144,17741,California
Tuolumne,2021-03-27,588,28804,55,7568,533,20990,0,246,318,7113,265,10949,321,18062,California
Tuolumne,2021-03-28,47,28851,6,7574,41,21031,0,246,8,7084,38,10987,9,18071,California
Tuolumne,2021-03-29,210,29061,87,7661,123,21154,0,246,111,7099,96,11083,111,18182,California
Tuolumne,2021-03-30,170,29231,13,7674,156,21310,1,247,124,7179,45,11128,125,18307,California
Tuolumne,2021-03-31,97,29328,14,7688,81,21391,2,249,40,7166,55,11183,42,18349,California
Tuolumne,2021-04-01,1254,30582,30,7718,1224,22615,0,249,229,6373,1022,12205,229,18578,California
Tuolumne,2021-04-02,171,30753,12,7730,133,22748,26,275,93,6417,75,12280,119,18697,California
Tuolumne,2021-04-03,437,31190,36,7766,399,23147,2,277,245,6474,189,12469,246,18943,California
Tuolumne,2021-04-04,34,31224,4,7770,30,23177,0,277,21,6484,11,12480,21,18964,California
Tuolumne,2021-04-05,131,31355,19,7789,105,23282,7,284,58,6476,73,12553,65,19029,California
Tuolumne,2021-04-06,655,32010,518,8307,110,23392,27,311,518,6886,136,12689,546,19575,California
Tuolumne,2021-04-07,130,32140,38,8345,75,23467,17,328,50,6873,80,12769,67,19642,California
Tuolumne,2021-04-08,1454,33594,36,8381,1403,24870,15,343,251,5941,1198,13967,266,19908,California
Tuolumne,2021-04-09,279,33873,44,8425,190,25060,45,388,133,5976,146,14113,181,20089,California
Tuolumne,2021-04-10,56,33929,2,8427,34,25094,20,408,23,5987,32,14145,43,20132,California
Tuolumne,2021-04-11,18,33947,3,8430,12,25106,3,411,12,5996,6,14151,15,20147,California
Tuolumne,2021-04-12,172,34119,66,8496,101,25207,5,416,89,6012,78,14229,94,20241,California
Tuolumne,2021-04-13,790,34909,35,8531,755,25962,0,416,171,5572,611,14840,171,20412,California
Tuolumne,2021-04-14,159,35068,32,8563,127,26089,0,416,79,5576,76,14916,80,20492,California
Tuolumne,2021-04-15,346,35414,22,8585,324,26413,0,416,61,5359,278,15194,61,20553,California
Tuolumne,2021-04-16,261,35675,56,8641,205,26618,0,416,143,5395,108,15302,144,20697,California
Tuolumne,2021-04-17,44,35719,6,8647,38,26656,0,416,28,5407,16,15318,28,20725,California
Tuolumne,2021-04-18,10,35729,3,8650,7,26663,0,416,5,5408,5,15323,6,20731,California
Tuolumne,2021-04-19,177,35906,79,8729,98,26761,0,416,97,5427,78,15401,97,20828,California
Tuolumne,2021-04-20,714,36620,618,9347,96,26857,0,416,75,4871,631,16032,75,20903,California
Tuolumne,2021-04-21,123,36743,28,9375,95,26952,0,416,65,4884,52,16084,65,20968,California
Tuolumne,2021-04-22,711,37454,46,9421,665,27617,0,416,429,5042,272,16356,430,21398,California
Tuolumne,2021-04-23,179,37633,31,9452,148,27765,0,416,82,5034,91,16447,83,21481,California
Tuolumne,2021-04-24,79,37712,18,9470,61,27826,0,416,50,5055,29,16476,50,21531,California
Tuolumne,2021-04-25,26,37738,10,9480,16,27842,0,416,23,5075,3,16479,23,21554,California
Tuolumne,2021-04-26,159,37897,56,9536,103,27945,0,416,74,5067,83,16562,75,21629,California
Tuolumne,2021-04-27,144,38041,23,9559,114,28059,7,423,65,5063,76,16638,72,21701,California
Tuolumne,2021-04-28,120,38161,24,9583,84,28143,12,435,63,5082,56,16694,75,21776,California
Tuolumne,2021-04-29,285,38446,21,9604,256,28399,8,443,57,4923,224,16918,65,21841,California
Tuolumne,2021-04-30,373,38819,26,9630,335,28734,12,455,73,4712,296,17214,85,21926,California
Tuolumne,2021-05-01,25,38844,7,9637,13,28747,5,460,16,4724,9,17223,21,21947,California
Tuolumne,2021-05-02,26,38870,3,9640,21,28768,2,462,19,4738,7,17230,21,21968,California
Tuolumne,2021-05-03,111,38981,15,9655,91,28859,5,467,37,4708,72,17302,42,22010,California
Tuolumne,2021-05-04,709,39690,601,10256,103,28962,5,472,214,4433,493,17795,218,22228,California
Tuolumne,2021-05-05,110,39800,26,10282,78,29040,6,478,58,4448,49,17844,64,22292,California
Tuolumne,2021-05-06,292,40092,15,10297,261,29301,16,494,43,4262,244,18088,58,22350,California
Tuolumne,2021-05-07,329,40421,25,10322,296,29597,8,502,63,4068,265,18353,71,22421,California
Tuolumne,2021-05-08,50,40471,6,10328,40,29637,4,506,32,4086,18,18371,36,22457,California
Tuolumne,2021-05-09,17,40488,2,10330,13,29650,2,508,3,4077,14,18385,5,22462,California
Tuolumne,2021-05-10,114,40602,45,10375,64,29714,5,513,32,4033,81,18466,37,22499,California
Tuolumne,2021-05-11,204,40806,61,10436,131,29845,12,525,55,3953,147,18613,67,22566,California
Tuolumne,2021-05-12,134,40940,23,10459,107,29952,4,529,51,3925,83,18696,55,22621,California
Tuolumne,2021-05-13,117,41057,19,10478,90,30042,8,537,73,3961,44,18740,80,22701,California
Tuolumne,2021-05-14,207,41264,76,10554,120,30162,11,548,107,3981,98,18838,118,22819,California
Tuolumne,2021-05-15,59,41323,16,10570,36,30198,7,555,20,3970,39,18877,28,22847,California
Tuolumne,2021-05-16,28,41351,8,10578,18,30216,2,557,13,3971,14,18891,15,22862,California
Tuolumne,2021-05-17,110,41461,30,10608,77,30293,3,560,47,3959,63,18954,51,22913,California
Tuolumne,2021-05-18,181,41642,57,10665,77,30370,47,607,60,3946,120,19074,107,23020,California
Tuolumne,2021-05-19,118,41760,20,10685,65,30435,33,640,46,3953,72,19146,79,23099,California
Tuolumne,2021-05-20,411,42171,21,10706,383,30818,7,647,52,3655,357,19503,59,23158,California
Tuolumne,2021-05-21,200,42371,94,10800,101,30919,5,652,119,3700,79,19582,124,23282,California
Tuolumne,2021-05-22,57,42428,18,10818,33,30952,6,658,24,3697,32,19614,29,23311,California
Tuolumne,2021-05-23,27,42455,7,10825,19,30971,1,659,10,3691,17,19631,11,23322,California
Tuolumne,2021-05-24,138,42593,43,10868,89,31060,6,665,53,3666,84,19715,59,23381,California
Tuolumne,2021-05-25,297,42890,222,11090,69,31129,6,671,111,3599,184,19899,117,23498,California
Tuolumne,2021-05-26,87,42977,23,11113,63,31192,1,672,37,3587,50,19949,38,23536,California
Tuolumne,2021-05-27,76,43053,15,11128,59,31251,2,674,31,3576,44,19993,33,23569,California
Tuolumne,2021-05-28,111,43164,51,11179,59,31310,1,675,64,3597,44,20037,65,23634,California
Tuolumne,2021-05-29,38,43202,7,11186,25,31335,6,681,17,3599,21,20058,23,23657,California
Tuolumne,2021-05-30,18,43220,1,11187,14,31349,3,684,4,3592,14,20072,7,23664,California
Tuolumne,2021-05-31,10,43230,2,11189,7,31356,1,685,2,3587,8,20080,3,23667,California
Tuolumne,2021-06-01,79,43309,22,11211,53,31409,4,689,25,3563,53,20133,29,23696,California
Tuolumne,2021-06-02,74,43383,8,11219,58,31467,8,697,23,3544,50,20183,31,23727,California
Tuolumne,2021-06-03,75,43458,25,11244,35,31502,15,712,23,3532,50,20233,38,23765,California
Tuolumne,2021-06-04,131,43589,62,11306,66,31568,3,715,38,3482,91,20324,41,23806,California
Tuolumne,2021-06-05,42,43631,11,11317,29,31597,2,717,16,3474,26,20350,18,23824,California
Tuolumne,2021-06-06,19,43650,5,11322,7,31604,7,724,4,3470,15,20365,11,23835,California
Tuolumne,2021-06-07,59,43709,14,11336,37,31641,8,732,26,3471,33,20398,34,23869,California
Tuolumne,2021-06-08,74,43783,22,11358,51,31692,1,733,27,3454,45,20443,28,23897,California
Tuolumne,2021-06-09,87,43870,45,11403,32,31724,10,743,40,3458,46,20489,50,23947,California
Tuolumne,2021-06-10,98,43968,15,11418,76,31800,7,750,27,3421,71,20560,34,23981,California
Tuolumne,2021-06-11,103,44071,48,11466,52,31852,3,753,25,3372,77,20637,28,24009,California
Tuolumne,2021-06-12,61,44132,20,11486,25,31877,16,769,18,3365,41,20678,34,24043,California
Tuolumne,2021-06-13,17,44149,2,11488,10,31887,5,774,3,3359,14,20692,8,24051,California
Tuolumne,2021-06-14,100,44249,33,11521,63,31950,4,778,52,3367,48,20740,56,24107,California
Tuolumne,2021-06-15,130,44379,82,11603,39,31989,9,787,21,3290,107,20847,30,24137,California
Tuolumne,2021-06-16,95,44474,46,11649,46,32035,3,790,54,3307,40,20887,57,24194,California
Tuolumne,2021-06-17,45,44519,10,11659,34,32069,1,791,17,3297,28,20915,18,24212,California
Tuolumne,2021-06-18,170,44689,95,11754,61,32130,14,805,60,3261,109,21024,73,24285,California
Tuolumne,2021-06-19,25,44714,9,11763,13,32143,3,808,10,3259,15,21039,13,24298,California
Tuolumne,2021-06-20,13,44727,2,11765,11,32154,0,808,10,3266,3,21042,10,24308,California
Tuolumne,2021-06-21,40,44767,4,11769,35,32189,1,809,20,3267,20,21062,21,24329,California
Tuolumne,2021-06-22,45,44812,11,11780,34,32223,0,809,22,3267,22,21084,22,24351,California
Tuolumne,2021-06-23,62,44874,5,11785,37,32260,20,829,26,3277,36,21120,46,24397,California
Tuolumne,2021-06-24,46,44920,14,11799,26,32286,6,835,17,3272,29,21149,24,24421,California
Tuolumne,2021-06-25,51,44971,28,11827,18,32304,5,840,27,3279,24,21173,31,24452,California
Tuolumne,2021-06-26,12,44983,5,11832,7,32311,0,840,7,3281,5,21178,7,24459,California
Tuolumne,2021-06-27,7,44990,2,11834,5,32316,0,840,7,3288,0,21178,7,24466,California
Tuolumne,2021-06-28,31,45021,11,11845,15,32331,5,845,21,3304,10,21188,26,24492,California
Tuolumne,2021-06-29,27,45048,10,11855,15,32346,2,847,15,3309,12,21200,17,24509,California
Tuolumne,2021-06-30,69,45117,32,11887,36,32382,1,848,18,3278,50,21250,19,24528,California
Tuolumne,2021-07-01,30,45147,9,11896,14,32396,7,855,18,3291,12,21262,25,24553,California
Tuolumne,2021-07-02,48,45195,21,11917,22,32418,5,860,34,3316,14,21276,39,24592,California
Ventura,2020-12-15,5,5,5,5,0,0,0,0,5,5,0,0,5,5,California
Ventura,2020-12-16,75,80,75,80,0,0,0,0,75,80,0,0,75,80,California
Ventura,2020-12-17,315,395,315,395,0,0,0,0,315,395,0,0,315,395,California
Ventura,2020-12-18,1599,1994,1599,1994,0,0,0,0,1599,1994,0,0,1599,1994,California
Ventura,2020-12-19,987,2981,986,2980,1,1,0,0,987,2981,0,0,987,2981,California
Ventura,2020-12-20,458,3439,458,3438,0,1,0,0,458,3439,0,0,458,3439,California
Ventura,2020-12-21,1516,4955,1516,4954,0,1,0,0,1516,4955,0,0,1516,4955,California
Ventura,2020-12-22,1159,6114,1153,6107,6,7,0,0,1159,6114,0,0,1159,6114,California
Ventura,2020-12-23,1088,7202,1038,7145,50,57,0,0,1088,7202,0,0,1088,7202,California
Ventura,2020-12-24,478,7680,378,7523,100,157,0,0,478,7680,0,0,478,7680,California
Ventura,2020-12-25,12,7692,7,7530,5,162,0,0,12,7692,0,0,12,7692,California
Ventura,2020-12-26,112,7804,91,7621,21,183,0,0,112,7804,0,0,112,7804,California
Ventura,2020-12-27,59,7863,27,7648,32,215,0,0,59,7863,0,0,59,7863,California
Ventura,2020-12-28,1093,8956,950,8598,143,358,0,0,1093,8956,0,0,1093,8956,California
Ventura,2020-12-29,1186,10142,776,9374,410,768,0,0,1185,10141,0,0,1185,10141,California
Ventura,2020-12-30,1998,12140,1531,10905,467,1235,0,0,1998,12139,0,0,1998,12139,California
Ventura,2020-12-31,486,12626,165,11070,321,1556,0,0,481,12615,5,5,481,12620,California
Ventura,2021-01-01,40,12666,18,11088,22,1578,0,0,40,12655,0,5,40,12660,California
Ventura,2021-01-02,176,12842,81,11169,95,1673,0,0,176,12831,0,5,176,12836,California
Ventura,2021-01-03,19,12861,8,11177,11,1684,0,0,19,12850,0,5,19,12855,California
Ventura,2021-01-04,1034,13895,493,11670,541,2225,0,0,1032,13882,0,5,1032,13887,California
Ventura,2021-01-05,1380,15275,783,12453,597,2822,0,0,1268,15041,109,114,1268,15155,California
Ventura,2021-01-06,2071,17346,1188,13641,883,3705,0,0,1570,16121,492,606,1572,16727,California
Ventura,2021-01-07,2084,19430,1333,14974,751,4456,0,0,1040,16123,1039,1645,1041,17768,California
Ventura,2021-01-08,2204,21634,1477,16451,727,5183,0,0,908,15739,1294,2939,910,18678,California
Ventura,2021-01-09,724,22358,503,16954,221,5404,0,0,318,15651,406,3345,318,18996,California
Ventura,2021-01-10,343,22701,326,17280,17,5421,0,0,129,15566,214,3559,129,19125,California
Ventura,2021-01-11,2461,25162,1493,18773,968,6389,0,0,1508,16125,953,4512,1512,20637,California
Ventura,2021-01-12,3053,28215,1616,20389,1437,7826,0,0,1934,16940,1119,5631,1934,22571,California
Ventura,2021-01-13,2948,31163,1435,21824,1513,9339,0,0,2038,18072,907,6538,2039,24610,California
Ventura,2021-01-14,2793,33956,1106,22930,1687,11026,0,0,2330,19941,462,7000,2331,26941,California
Ventura,2021-01-15,2901,36857,969,23899,1932,12958,0,0,2687,22415,214,7214,2688,29629,California
Ventura,2021-01-16,492,37349,188,24087,304,13262,0,0,412,22747,80,7294,412,30041,California
Ventura,2021-01-17,269,37618,140,24227,129,13391,0,0,262,23003,6,7300,262,30303,California
Ventura,2021-01-18,2221,39839,1667,25894,554,13945,0,0,1670,24124,550,7850,1671,31974,California
Ventura,2021-01-19,3063,42902,2132,28026,931,14876,0,0,2151,25366,912,8762,2154,34128,California
Ventura,2021-01-20,4182,47084,3215,31241,967,15843,0,0,3085,27359,1093,9855,3086,37214,California
Ventura,2021-01-21,3892,50976,2709,33950,1183,17026,0,0,3209,29895,675,10530,3211,40425,California
Ventura,2021-01-22,3645,54621,2510,36460,1135,18161,0,0,3477,33204,168,10698,3477,43902,California
Ventura,2021-01-23,1193,55814,652,37112,541,18702,0,0,1092,34198,100,10798,1094,44996,California
Ventura,2021-01-24,458,56272,136,37248,322,19024,0,0,445,34630,13,10811,445,45441,California
Ventura,2021-01-25,3178,59450,2039,39287,1139,20163,0,0,2617,36688,560,11371,2618,48059,California
Ventura,2021-01-26,3737,63187,2212,41499,1525,21688,0,0,2726,38408,1007,12378,2727,50786,California
Ventura,2021-01-27,3503,66690,1568,43067,1935,23623,0,0,2749,40409,750,13128,2751,53537,California
Ventura,2021-01-28,3903,70593,2005,45072,1898,25521,0,0,3277,43079,610,13738,3280,56817,California
Ventura,2021-01-29,4302,74895,2537,47609,1765,27286,0,0,3790,46371,498,14236,3790,60607,California
Ventura,2021-01-30,3045,77940,1955,49564,1090,28376,0,0,2871,49073,170,14406,2872,63479,California
Ventura,2021-01-31,835,78775,443,50007,392,28768,0,0,746,49731,88,14494,746,64225,California
Ventura,2021-02-01,3989,82764,2113,52120,1876,30644,0,0,3203,52158,778,15272,3205,67430,California
Ventura,2021-02-02,4446,87210,2381,54501,2065,32709,0,0,3413,54545,1029,16301,3416,70846,California
Ventura,2021-02-03,4489,91699,2097,56598,2392,35101,0,0,3458,56979,1026,17327,3460,74306,California
Ventura,2021-02-04,4832,96531,2311,58909,2521,37622,0,0,3546,59251,1278,18605,3550,77856,California
Ventura,2021-02-05,4922,101453,2390,61299,2532,40154,0,0,3374,61094,1534,20139,3377,81233,California
Ventura,2021-02-06,2862,104315,1522,62821,1340,41494,0,0,2456,63144,406,20545,2456,83689,California
Ventura,2021-02-07,747,105062,247,63068,500,41994,0,0,621,63640,126,20671,622,84311,California
Ventura,2021-02-08,3534,108596,1634,64702,1900,43894,0,0,2440,64995,1086,21757,2441,86752,California
Ventura,2021-02-09,4761,113357,1980,66682,2781,46675,0,0,2489,65219,2269,24026,2493,89245,California
Ventura,2021-02-10,4779,118136,2258,68940,2521,49196,0,0,2399,65253,2366,26392,2400,91645,California
Ventura,2021-02-11,4726,122862,1883,70823,2843,52039,0,0,2475,65488,2243,28635,2478,94123,California
Ventura,2021-02-12,6399,129261,2697,73520,3702,55741,0,0,3265,65626,3127,31762,3265,97388,California
Ventura,2021-02-13,3333,132594,1846,75366,1487,57228,0,0,1859,66017,1470,33232,1861,99249,California
Ventura,2021-02-14,1235,133829,126,75492,1109,58337,0,0,1015,66815,219,33451,1017,100266,California
Ventura,2021-02-15,4045,137874,1834,77326,2211,60548,0,0,2133,67041,1909,35360,2135,102401,California
Ventura,2021-02-16,5612,143486,2747,80073,2865,63413,0,0,3041,67522,2561,37921,3042,105443,California
Ventura,2021-02-17,5360,148846,1943,82016,3417,66830,0,0,3359,68890,1991,39912,3359,108802,California
Ventura,2021-02-18,5829,154675,1848,83864,3981,70811,0,0,3657,70391,2156,42068,3657,112459,California
Ventura,2021-02-19,6570,161245,3835,87699,2735,73546,0,0,3039,69912,3524,45592,3045,115504,California
Ventura,2021-02-20,5010,166255,3224,90923,1786,75332,0,0,2789,70501,2204,47796,2793,118297,California
Ventura,2021-02-21,1148,167403,842,91765,306,75638,0,0,475,70309,667,48463,475,118772,California
Ventura,2021-02-22,5681,173084,2529,94294,3152,78790,0,0,3625,71901,2035,50498,3627,122399,California
Ventura,2021-02-23,6171,179255,3063,97357,3108,81898,0,0,3531,72819,2617,53115,3535,125934,California
Ventura,2021-02-24,7197,186452,2646,100003,4551,86449,0,0,4322,74288,2855,55970,4324,130258,California
Ventura,2021-02-25,7630,194082,2581,102584,5049,91498,0,0,4587,75852,3028,58998,4592,134850,California
Ventura,2021-02-26,9482,203564,2784,105368,6698,98196,0,0,6173,78747,3282,62280,6177,141027,California
Ventura,2021-02-27,10623,214187,5298,110666,5325,103521,0,0,7968,84088,2637,64917,7978,149005,California
Ventura,2021-02-28,2583,216770,1649,112315,933,104454,1,1,2100,85714,475,65392,2101,151106,California
Ventura,2021-03-01,7183,223953,2862,115177,4318,108772,3,4,4767,88103,2394,67786,4783,155889,California
Ventura,2021-03-02,7746,231699,4049,119226,3695,112467,2,6,5424,91218,2310,70096,5425,161314,California
Ventura,2021-03-03,8717,240416,3933,123159,4781,117248,3,9,6134,94798,2561,72657,6141,167455,California
Ventura,2021-03-04,8325,248741,3889,127048,4436,121684,0,9,5609,97712,2700,75357,5614,173069,California
Ventura,2021-03-05,10110,258851,4819,131867,5279,126963,12,21,7187,102018,2906,78263,7212,180281,California
Ventura,2021-03-06,7805,266656,4406,136273,3245,130208,154,175,5815,106009,1982,80245,5973,186254,California
Ventura,2021-03-07,1671,268327,620,136893,950,131158,101,276,1251,106943,420,80665,1354,187608,California
Ventura,2021-03-08,6869,275196,3447,140340,3265,134423,157,433,4745,109736,2113,82778,4906,192514,California
Ventura,2021-03-09,6899,282095,3035,143375,3664,138087,200,633,3992,111043,2891,85669,4198,196712,California
Ventura,2021-03-10,7059,289154,3025,146400,3792,141879,242,875,4702,113645,2342,88011,4944,201656,California
Ventura,2021-03-11,6586,295740,2909,149309,3358,145237,319,1194,3583,114563,2983,90994,3901,205557,California
Ventura,2021-03-12,8762,304502,3061,152370,4856,150093,845,2039,4276,115215,4461,95455,5113,210670,California
Ventura,2021-03-13,7318,311820,2515,154885,3957,154050,846,2885,4341,117437,2963,98418,5185,215855,California
Ventura,2021-03-14,2146,313966,488,155373,1162,155212,496,3381,728,117246,1415,99833,1224,217079,California
Ventura,2021-03-15,7132,321098,2058,157431,3725,158937,1349,4730,3140,117769,3961,103794,4484,221563,California
Ventura,2021-03-16,8197,329295,2468,159899,4613,163550,1116,5846,4211,119124,3969,107763,5324,226887,California
Ventura,2021-03-17,7751,337046,2810,162709,4592,168142,349,6195,4706,121157,3023,110786,5056,231943,California
Ventura,2021-03-18,7612,344658,3310,166019,4149,172291,153,6348,5000,123712,2598,113384,5153,237096,California
Ventura,2021-03-19,8722,353380,3836,169855,4772,177063,114,6462,5289,125711,3402,116786,5401,242497,California
Ventura,2021-03-20,8939,362319,5956,175811,2960,180023,23,6485,4651,126125,4261,121047,4675,247172,California
Ventura,2021-03-21,2813,365132,1531,177342,910,180933,372,6857,1317,126328,1482,122529,1685,248857,California
Ventura,2021-03-22,7466,372598,3738,181080,3625,184558,103,6960,4910,128812,2531,125060,5015,253872,California
Ventura,2021-03-23,8297,380895,3955,185035,4269,188827,73,7033,4628,129883,3629,128689,4700,258572,California
Ventura,2021-03-24,8978,389873,3441,188476,5459,194286,78,7111,4443,129915,4493,133182,4525,263097,California
Ventura,2021-03-25,8879,398752,3934,192410,4841,199127,104,7215,4488,130138,4368,137550,4591,267688,California
Ventura,2021-03-26,9999,408751,3386,195796,5959,205086,654,7869,4019,128867,5941,143491,4670,272358,California
Ventura,2021-03-27,8803,417554,3952,199748,4808,209894,43,7912,2433,125015,6329,149820,2477,274835,California
Ventura,2021-03-28,2551,420105,1431,201179,1111,211005,9,7921,1377,125233,1168,150988,1386,276221,California
Ventura,2021-03-29,8664,428769,4328,205507,4290,215295,46,7967,4276,125200,4355,155343,4322,280543,California
Ventura,2021-03-30,9041,437810,4483,209990,4427,219722,131,8098,4395,125099,4627,159970,4526,285069,California
Ventura,2021-03-31,10871,448681,4881,214871,5361,225083,629,8727,4687,124261,6150,166120,5312,290381,California
Ventura,2021-04-01,10959,459640,5314,220185,4756,229839,889,9616,5534,125302,5376,171496,6417,296798,California
Ventura,2021-04-02,11880,471520,4672,224857,5863,235702,1345,10961,5697,126200,6145,177641,7043,303841,California
Ventura,2021-04-03,8165,479685,4044,228901,2942,238644,1179,12140,3445,126113,4702,182343,4615,308456,California
Ventura,2021-04-04,1723,481408,964,229865,624,239268,135,12275,1148,126828,568,182911,1283,309739,California
Ventura,2021-04-05,9481,490889,4884,234749,3476,242744,1121,13396,4837,128155,4628,187539,5955,315694,California
Ventura,2021-04-06,11028,501917,5581,240330,3946,246690,1501,14897,5663,129984,5335,192874,7164,322858,California
Ventura,2021-04-07,11528,513445,5422,245752,4591,251281,1515,16412,5265,130517,6241,199115,6774,329632,California
Ventura,2021-04-08,10510,523955,5307,251059,4219,255500,984,17396,5247,131499,5236,204351,6218,335850,California
Ventura,2021-04-09,11409,535364,4407,255466,5270,260770,1732,19128,4997,131835,6383,210734,6719,342569,California
Ventura,2021-04-10,9886,545250,4177,259643,3537,264307,2172,21300,3068,130272,6797,217531,5234,347803,California
Ventura,2021-04-11,2457,547707,862,260505,1017,265324,578,21878,688,129778,1758,219289,1264,349067,California
Ventura,2021-04-12,9125,556832,4542,265047,3748,269072,835,22713,3822,129147,5282,224571,4651,353718,California
Ventura,2021-04-13,8972,565804,4575,269622,4391,273463,6,22719,3791,127803,5141,229712,3797,357515,California
Ventura,2021-04-14,8909,574713,4150,273772,4744,278207,15,22734,3411,125780,5455,235167,3432,360947,California
Ventura,2021-04-15,9537,584250,4611,278383,4899,283106,27,22761,4104,124519,5393,240560,4132,365079,California
Ventura,2021-04-16,10364,594614,4579,282962,5783,288889,2,22763,4867,123924,5469,246029,4874,369953,California
Ventura,2021-04-17,9081,603695,5427,288389,3640,292529,14,22777,5284,125442,3780,249809,5298,375251,California
Ventura,2021-04-18,2243,605938,1104,289493,1139,293668,0,22777,969,125147,1265,251074,970,376221,California
Ventura,2021-04-19,8183,614121,4885,294378,3295,296963,3,22780,4699,126393,3457,254531,4703,380924,California
Ventura,2021-04-20,9594,623715,5105,299483,4484,301447,5,22785,4525,125884,5039,259570,4530,385454,California
Ventura,2021-04-21,9248,632963,4817,304300,4425,305872,6,22791,4427,125520,4796,264366,4432,389886,California
Ventura,2021-04-22,10212,643175,5590,309890,4621,310493,1,22792,4540,124415,5648,270014,4543,394429,California
Ventura,2021-04-23,11049,654224,5513,315403,5535,316028,1,22793,5493,124384,5526,275540,5495,399924,California
Ventura,2021-04-24,10585,664809,5917,321320,4668,320696,0,22793,6215,126251,4349,279889,6216,406140,California
Ventura,2021-04-25,2492,667301,1719,323039,773,321469,0,22793,1159,126081,1329,281218,1159,407299,California
Ventura,2021-04-26,8029,675330,4613,327652,3349,324818,67,22860,3338,124820,4661,285879,3400,410699,California
Ventura,2021-04-27,9220,684550,5149,332801,3843,328661,228,23088,3472,122793,5726,291605,3699,414398,California
Ventura,2021-04-28,8445,692995,4898,337699,3226,331887,321,23409,3313,121328,5100,296705,3635,418033,California
Ventura,2021-04-29,7966,700961,4298,341997,3404,335291,264,23673,2833,119320,5104,301809,3096,421129,California
Ventura,2021-04-30,9547,710508,5520,347517,3753,339044,274,23947,3936,117945,5575,307384,4200,425329,California
Ventura,2021-05-01,5155,715663,3644,351161,1404,340448,107,24054,2040,117003,3085,310469,2143,427472,California
Ventura,2021-05-02,2138,717801,1431,352592,616,341064,91,24145,1036,117035,1096,311565,1128,428600,California
Ventura,2021-05-03,6338,724139,3892,356484,2157,343221,289,24434,1982,114974,4332,315897,2271,430871,California
Ventura,2021-05-04,6459,730598,3381,359865,2780,346001,298,24732,2326,113481,4118,320015,2625,433496,California
Ventura,2021-05-05,5474,736072,3067,362932,2146,348147,261,24993,1955,112204,3487,323502,2210,435706,California
Ventura,2021-05-06,6245,742317,3221,366153,2755,350902,269,25262,1995,110240,4229,327731,2265,437971,California
Ventura,2021-05-07,6919,749236,3469,369622,3175,354077,275,25537,2356,108336,4534,332265,2630,440601,California
Ventura,2021-05-08,5419,754655,4216,373838,1045,355122,158,25695,1221,105531,4182,336447,1377,441978,California
Ventura,2021-05-09,1129,755784,822,374660,261,355383,46,25741,428,105311,693,337140,473,442451,California
Ventura,2021-05-10,6157,761941,4111,378771,1836,357219,210,25951,1385,102147,4758,341898,1594,444045,California
Ventura,2021-05-11,5357,767298,3305,382076,1828,359047,224,26175,1503,100031,3842,345740,1726,445771,California
Ventura,2021-05-12,5073,772371,2994,385070,1859,360906,220,26395,1535,98264,3522,349262,1755,447526,California
Ventura,2021-05-13,6372,778743,3861,388931,2304,363210,207,26602,2273,96666,4081,353343,2483,450009,California
Ventura,2021-05-14,7509,786252,4656,393587,2634,365844,219,26821,2832,95054,4658,358001,3046,453055,California
Ventura,2021-05-15,6755,793007,5391,398978,1276,367120,88,26909,2805,94024,3923,361924,2893,455948,California
Ventura,2021-05-16,2202,795209,1710,400688,440,367560,52,26961,1040,93959,1157,363081,1092,457040,California
Ventura,2021-05-17,5895,801104,3560,404248,2121,369681,214,27175,2404,93103,3473,366554,2617,459657,California
Ventura,2021-05-18,5421,806525,3168,407416,2073,371754,180,27355,2131,92142,3271,369825,2310,461967,California
Ventura,2021-05-19,5839,812364,3525,410941,2103,373857,211,27566,2357,91254,3452,373277,2564,464531,California
Ventura,2021-05-20,5494,817858,3050,413991,2286,376143,158,27724,2130,90205,3333,376610,2284,466815,California
Ventura,2021-05-21,7941,825799,4473,418464,3292,379435,176,27900,2560,87594,5348,381958,2737,469552,California
Ventura,2021-05-22,5649,831448,2888,421352,2686,382121,75,27975,1761,85552,3878,385836,1836,471388,California
Ventura,2021-05-23,1993,833441,1529,422881,392,382513,72,28047,743,85126,1241,387077,815,472203,California
Ventura,2021-05-24,4546,837987,2465,425346,1913,384426,168,28215,1450,83664,3077,390154,1615,473818,California
Ventura,2021-05-25,4296,842283,2230,427576,1914,386340,152,28367,1414,82366,2863,393017,1565,475383,California
Ventura,2021-05-26,4295,846578,2286,429862,1843,388183,166,28533,1653,81567,2619,395636,1820,477203,California
Ventura,2021-05-27,3874,850452,1911,431773,1835,390018,128,28661,1380,80593,2481,398117,1507,478710,California
Ventura,2021-05-28,4568,855020,2480,434253,1894,391912,194,28855,1976,80185,2572,400689,2164,480874,California
Ventura,2021-05-29,2154,857174,1349,435602,738,392650,67,28922,1042,80195,1099,401788,1109,481983,California
Ventura,2021-05-30,913,858087,585,436187,275,392925,53,28975,359,80056,551,402339,412,482395,California
Ventura,2021-05-31,257,858344,138,436325,110,393035,9,28984,61,79930,196,402535,70,482465,California
Ventura,2021-06-01,4016,862360,2285,438610,1565,394600,166,29150,1292,78689,2699,405234,1458,483923,California
Ventura,2021-06-02,2969,865329,1633,440243,1200,395800,136,29286,1007,77886,1946,407180,1143,485066,California
Ventura,2021-06-03,3246,868575,2008,442251,1083,396883,155,29441,884,76575,2349,409529,1038,486104,California
Ventura,2021-06-04,4593,873168,3023,445274,1409,398292,161,29602,1417,74990,3162,412691,1577,487681,California
Ventura,2021-06-05,3823,876991,3192,448466,567,398859,64,29666,1156,73557,2654,415345,1221,488902,California
Ventura,2021-06-06,1254,878245,1074,449540,135,398994,45,29711,284,72926,959,416304,328,489230,California
Ventura,2021-06-07,3169,881414,2359,451899,699,399693,111,29822,945,71773,2209,418513,1056,490286,California
Ventura,2021-06-08,3029,884443,1993,453892,901,400594,135,29957,885,70665,2128,420641,1020,491306,California
Ventura,2021-06-09,2944,887387,2048,455940,790,401384,106,30063,763,69366,2167,422808,868,492174,California
Ventura,2021-06-10,3034,890421,2123,458063,809,402193,102,30165,811,68067,2210,425018,911,493085,California
Ventura,2021-06-11,3476,893897,2393,460456,946,403139,137,30302,979,66694,2486,427504,1113,494198,California
Ventura,2021-06-12,2155,896052,1689,462145,420,403559,46,30348,515,65625,1630,429134,561,494759,California
Ventura,2021-06-13,1018,897070,780,462925,174,403733,64,30412,236,65146,781,429915,302,495061,California
Ventura,2021-06-14,2643,899713,1804,464729,708,404441,131,30543,814,64273,1817,431732,944,496005,California
Ventura,2021-06-15,2433,902146,1569,466298,753,405194,111,30654,849,63660,1571,433303,958,496963,California
Ventura,2021-06-16,2485,904631,1822,468120,558,405752,105,30759,829,62956,1637,434940,933,497896,California
Ventura,2021-06-17,2223,906854,1557,469677,566,406318,100,30859,818,62477,1397,436337,918,498814,California
Ventura,2021-06-18,2962,909816,2088,471765,749,407067,125,30984,977,61608,1970,438307,1101,499915,California
Ventura,2021-06-19,1375,911191,1064,472829,286,407353,25,31009,521,61311,843,439150,546,500461,California
Ventura,2021-06-20,692,911883,537,473366,114,407467,41,31050,260,61183,429,439579,301,500762,California
Ventura,2021-06-21,1683,913566,1076,474442,489,407956,118,31168,837,61301,836,440415,954,501716,California
Ventura,2021-06-22,1971,915537,1380,475822,492,408448,99,31267,737,60914,1222,441637,835,502551,California
Ventura,2021-06-23,1779,917316,1221,477043,452,408900,106,31373,738,60727,1030,442667,843,503394,California
Ventura,2021-06-24,1821,919137,1198,478241,504,409404,119,31492,723,60482,1087,443754,842,504236,California
Ventura,2021-06-25,2418,921555,1613,479854,630,410034,175,31667,879,60007,1529,445283,1054,505290,California
Ventura,2021-06-26,1552,923107,1264,481118,225,410259,63,31730,521,59567,1024,446307,584,505874,California
Ventura,2021-06-27,581,923688,452,481570,103,410362,26,31756,259,59533,319,446626,285,506159,California
Ventura,2021-06-28,1771,925459,1429,482999,245,410607,97,31853,722,59316,1036,447662,819,506978,California
Ventura,2021-06-29,1656,927115,1108,484107,457,411064,91,31944,683,59122,966,448628,772,507750,California
Ventura,2021-06-30,1562,928677,1107,485214,359,411423,96,32040,761,59182,794,449422,854,508604,California
Ventura,2021-07-01,1419,930096,1058,486272,292,411715,69,32109,617,59074,794,450216,686,509290,California
Ventura,2021-07-02,1452,931548,1037,487309,326,412041,89,32198,653,59022,794,451010,742,510032,California
Yolo,2020-12-15,39,39,39,39,0,0,0,0,39,39,0,0,39,39,California
Yolo,2020-12-16,78,117,78,117,0,0,0,0,78,117,0,0,78,117,California
Yolo,2020-12-17,105,222,105,222,0,0,0,0,105,222,0,0,105,222,California
Yolo,2020-12-18,230,452,230,452,0,0,0,0,230,452,0,0,230,452,California
Yolo,2020-12-19,87,539,87,539,0,0,0,0,87,539,0,0,87,539,California
Yolo,2020-12-20,102,641,102,641,0,0,0,0,102,641,0,0,102,641,California
Yolo,2020-12-21,254,895,254,895,0,0,0,0,254,895,0,0,254,895,California
Yolo,2020-12-22,385,1280,384,1279,1,1,0,0,385,1280,0,0,385,1280,California
Yolo,2020-12-23,438,1718,418,1697,20,21,0,0,438,1718,0,0,438,1718,California
Yolo,2020-12-24,153,1871,96,1793,57,78,0,0,153,1871,0,0,153,1871,California
Yolo,2020-12-25,1,1872,1,1794,0,78,0,0,1,1872,0,0,1,1872,California
Yolo,2020-12-26,75,1947,25,1819,50,128,0,0,75,1947,0,0,75,1947,California
Yolo,2020-12-27,46,1993,19,1838,27,155,0,0,46,1993,0,0,46,1993,California
Yolo,2020-12-28,404,2397,233,2071,171,326,0,0,404,2397,0,0,404,2397,California
Yolo,2020-12-29,491,2888,268,2339,223,549,0,0,491,2888,0,0,491,2888,California
Yolo,2020-12-30,626,3514,256,2595,370,919,0,0,626,3514,0,0,626,3514,California
Yolo,2020-12-31,183,3697,93,2688,90,1009,0,0,183,3697,0,0,183,3697,California
Yolo,2021-01-01,58,3755,56,2744,2,1011,0,0,58,3755,0,0,58,3755,California
Yolo,2021-01-02,71,3826,28,2772,43,1054,0,0,71,3826,0,0,71,3826,California
Yolo,2021-01-03,44,3870,19,2791,25,1079,0,0,44,3870,0,0,44,3870,California
Yolo,2021-01-04,192,4062,41,2832,151,1230,0,0,192,4062,0,0,192,4062,California
Yolo,2021-01-05,619,4681,238,3070,381,1611,0,0,555,4553,64,64,555,4617,California
Yolo,2021-01-06,484,5165,183,3253,301,1912,0,0,347,4763,137,201,347,4964,California
Yolo,2021-01-07,711,5876,233,3486,478,2390,0,0,519,5091,191,392,519,5483,California
Yolo,2021-01-08,631,6507,311,3797,320,2710,0,0,407,5275,223,615,407,5890,California
Yolo,2021-01-09,412,6919,73,3870,339,3049,0,0,366,5595,46,661,366,6256,California
Yolo,2021-01-10,394,7313,80,3950,314,3363,0,0,324,5849,70,731,324,6580,California
Yolo,2021-01-11,565,7878,329,4279,236,3599,0,0,290,5866,275,1006,292,6872,California
Yolo,2021-01-12,563,8441,443,4722,120,3719,0,0,194,5692,369,1375,195,7067,California
Yolo,2021-01-13,774,9215,313,5035,461,4180,0,0,521,5960,253,1628,521,7588,California
Yolo,2021-01-14,382,9597,184,5219,198,4378,0,0,279,6136,103,1731,279,7867,California
Yolo,2021-01-15,634,10231,323,5542,311,4689,0,0,552,6607,82,1813,553,8420,California
Yolo,2021-01-16,749,10980,96,5638,653,5342,0,0,718,7294,31,1844,718,9138,California
Yolo,2021-01-17,190,11170,121,5759,69,5411,0,0,183,7470,7,1851,183,9321,California
Yolo,2021-01-18,485,11655,305,6064,180,5591,0,0,334,7653,151,2002,334,9655,California
Yolo,2021-01-19,560,12215,372,6436,188,5779,0,0,383,7859,177,2179,383,10038,California
Yolo,2021-01-20,663,12878,385,6821,278,6057,0,0,472,8141,190,2369,472,10510,California
Yolo,2021-01-21,651,13529,385,7206,266,6323,0,0,462,8414,189,2558,462,10972,California
Yolo,2021-01-22,758,14287,254,7460,504,6827,0,0,640,8938,116,2674,640,11612,California
Yolo,2021-01-23,627,14914,126,7586,501,7328,0,0,577,9465,50,2724,577,12189,California
Yolo,2021-01-24,207,15121,123,7709,84,7412,0,0,166,9590,41,2765,166,12355,California
Yolo,2021-01-25,738,15859,160,7869,578,7990,0,0,516,9883,223,2988,516,12871,California
Yolo,2021-01-26,832,16691,330,8199,502,8492,0,0,435,9921,397,3385,435,13306,California
Yolo,2021-01-27,684,17375,230,8429,454,8946,0,0,401,10039,283,3668,401,13707,California
Yolo,2021-01-28,1056,18431,565,8994,491,9437,0,0,930,10844,125,3793,930,14637,California
Yolo,2021-01-29,966,19397,266,9260,700,10137,0,0,881,11641,84,3877,881,15518,California
Yolo,2021-01-30,1527,20924,922,10182,605,10742,0,0,1405,12930,116,3993,1405,16923,California
Yolo,2021-01-31,240,21164,202,10384,38,10780,0,0,211,13113,28,4021,211,17134,California
Yolo,2021-02-01,856,22020,365,10749,491,11271,0,0,620,13500,233,4254,620,17754,California
Yolo,2021-02-02,1350,23370,756,11505,594,11865,0,0,934,14019,416,4670,935,18689,California
Yolo,2021-02-03,1532,24902,401,11906,1131,12996,0,0,1191,14872,338,5008,1191,19880,California
Yolo,2021-02-04,1812,26714,284,12190,1528,14524,0,0,1256,15584,545,5553,1257,21137,California
Yolo,2021-02-05,1612,28326,916,13106,696,15220,0,0,1208,16390,403,5956,1209,22346,California
Yolo,2021-02-06,1925,30251,1254,14360,671,15891,0,0,1562,17590,363,6319,1563,23909,California
Yolo,2021-02-07,523,30774,252,14612,271,16162,0,0,172,17412,350,6669,172,24081,California
Yolo,2021-02-08,951,31725,334,14946,617,16779,0,0,605,17675,342,7011,605,24686,California
Yolo,2021-02-09,861,32586,386,15332,475,17254,0,0,574,17962,287,7298,574,25260,California
Yolo,2021-02-10,1478,34064,481,15813,997,18251,0,0,830,18146,648,7946,832,26092,California
Yolo,2021-02-11,1581,35645,809,16622,772,19023,0,0,1186,18937,395,8341,1186,27278,California
Yolo,2021-02-12,1946,37591,761,17383,1185,20208,0,0,1458,19912,484,8825,1459,28737,California
Yolo,2021-02-13,2072,39663,716,18099,1356,21564,0,0,1393,20626,679,9504,1393,30130,California
Yolo,2021-02-14,572,40235,156,18255,416,21980,0,0,447,20949,124,9628,447,30577,California
Yolo,2021-02-15,535,40770,193,18448,342,22322,0,0,265,20945,270,9898,266,30843,California
Yolo,2021-02-16,1151,41921,434,18882,717,23039,0,0,821,21437,330,10228,822,31665,California
Yolo,2021-02-17,1399,43320,706,19588,693,23732,0,0,995,22028,404,10632,995,32660,California
Yolo,2021-02-18,2509,45829,819,20407,1690,25422,0,0,1729,22979,779,11411,1730,34390,California
Yolo,2021-02-19,1762,47591,754,21161,1008,26430,0,0,1133,23485,627,12038,1133,35523,California
Yolo,2021-02-20,2575,50166,957,22118,1618,28048,0,0,1391,23699,1178,13216,1392,36915,California
Yolo,2021-02-21,326,50492,236,22354,90,28138,0,0,108,23590,217,13433,108,37023,California
Yolo,2021-02-22,1410,51902,614,22968,796,28934,0,0,708,23597,701,14134,708,37731,California
Yolo,2021-02-23,1174,53076,881,23849,293,29227,0,0,447,23319,725,14859,447,38178,California
Yolo,2021-02-24,2128,55204,602,24451,1526,30753,0,0,1396,23985,730,15589,1396,39574,California
Yolo,2021-02-25,1411,56615,502,24953,909,31662,0,0,924,24423,486,16075,924,40498,California
Yolo,2021-02-26,2662,59277,1043,25996,1619,33281,0,0,1336,24437,1322,17397,1336,41834,California
Yolo,2021-02-27,1705,60982,780,26776,925,34206,0,0,1249,25230,456,17853,1249,43083,California
Yolo,2021-02-28,1831,62813,1523,28299,308,34514,0,0,710,24822,1119,18972,711,43794,California
Yolo,2021-03-01,1157,63970,378,28677,779,35293,0,0,699,25065,456,19428,699,44493,California
Yolo,2021-03-02,1506,65476,705,29382,801,36094,0,0,958,25475,548,19976,958,45451,California
Yolo,2021-03-03,1895,67371,648,30030,1247,37341,0,0,856,25294,1037,21013,856,46307,California
Yolo,2021-03-04,3042,70413,1466,31496,1576,38917,0,0,1579,25413,1460,22473,1579,47886,California
Yolo,2021-03-05,2491,72904,1411,32907,1069,39986,11,11,1516,25966,974,23447,1527,49413,California
Yolo,2021-03-06,1493,74397,1138,34045,326,40312,29,40,851,26207,639,24086,880,50293,California
Yolo,2021-03-07,919,75316,679,34724,226,40538,14,54,780,26862,139,24225,794,51087,California
Yolo,2021-03-08,1342,76658,498,35222,801,41339,43,97,885,27335,456,24681,929,52016,California
Yolo,2021-03-09,1590,78248,691,35913,836,42175,63,160,967,27744,621,25302,1030,53046,California
Yolo,2021-03-10,2219,80467,1062,36975,865,43040,292,452,976,27767,1237,26539,1260,54306,California
Yolo,2021-03-11,2715,83182,1609,38584,1040,44080,66,518,1814,28748,900,27439,1881,56187,California
Yolo,2021-03-12,2931,86113,1360,39944,1490,45570,81,599,1378,28664,1544,28983,1460,57647,California
Yolo,2021-03-13,1962,88075,736,40680,1050,46620,176,775,1029,28938,930,29913,1204,58851,California
Yolo,2021-03-14,1067,89142,213,40893,703,47323,151,926,526,29069,540,30453,671,59522,California
Yolo,2021-03-15,1676,90818,769,41662,726,48049,181,1107,1056,29684,618,31071,1233,60755,California
Yolo,2021-03-16,2031,92849,730,42392,1229,49278,72,1179,1236,30197,795,31866,1308,62063,California
Yolo,2021-03-17,2531,95380,988,43380,1471,50749,72,1251,1733,31239,794,32660,1836,63899,California
Yolo,2021-03-18,3058,98438,1045,44425,1787,52536,226,1477,1266,30943,1788,34448,1492,65391,California
Yolo,2021-03-19,2110,100548,876,45301,1166,53702,68,1545,1094,31095,1010,35458,1162,66553,California
Yolo,2021-03-20,2787,103335,819,46120,1925,55627,43,1588,1095,30549,1686,37144,1140,67693,California
Yolo,2021-03-21,316,103651,215,46335,93,55720,8,1596,176,30594,139,37283,184,67877,California
Yolo,2021-03-22,1412,105063,496,46831,856,56576,60,1656,913,31070,496,37779,972,68849,California
Yolo,2021-03-23,1760,106823,946,47777,757,57333,57,1713,1083,31533,676,38455,1139,69988,California
Yolo,2021-03-24,2894,109717,1407,49184,1436,58769,51,1764,1398,31501,1482,39937,1450,71438,California
Yolo,2021-03-25,2547,112264,1407,50591,1111,59880,29,1793,1253,31500,1283,41220,1282,72720,California
Yolo,2021-03-26,2407,114671,1263,51854,1124,61004,20,1813,1022,31163,1378,42598,1041,73761,California
Yolo,2021-03-27,1667,116338,459,52313,1190,62194,18,1831,746,31007,920,43518,764,74525,California
Yolo,2021-03-28,1107,117445,863,53176,225,62419,19,1850,250,30422,853,44371,268,74793,California
Yolo,2021-03-29,2040,119485,825,54001,1185,63604,30,1880,971,30358,1065,45436,1001,75794,California
Yolo,2021-03-30,2294,121779,1086,55087,1187,64791,21,1901,1168,30427,1121,46557,1190,76984,California
Yolo,2021-03-31,2362,124141,1228,56315,1097,65888,37,1938,1180,30463,1181,47738,1217,78201,California
Yolo,2021-04-01,3865,128006,1865,58180,1519,67407,481,2419,1595,30271,2267,50005,2075,80276,California
Yolo,2021-04-02,3405,131411,1523,59703,1736,69143,146,2565,2065,31150,1332,51337,2211,82487,California
Yolo,2021-04-03,1828,133239,1103,60806,503,69646,222,2787,807,31160,1019,52356,1029,83516,California
Yolo,2021-04-04,395,133634,157,60963,177,69823,61,2848,147,31121,247,52603,208,83724,California
Yolo,2021-04-05,1927,135561,738,61701,1089,70912,100,2948,902,31104,1020,53623,1003,84727,California
Yolo,2021-04-06,2598,138159,1320,63021,1106,72018,172,3120,1137,30961,1451,55074,1308,86035,California
Yolo,2021-04-07,3001,141160,1520,64541,1125,73143,356,3476,1748,31821,1248,56322,2108,88143,California
Yolo,2021-04-08,2435,143595,1011,65552,948,74091,476,3952,854,31569,1578,57900,1326,89469,California
Yolo,2021-04-09,2606,146201,922,66474,1103,75194,581,4533,832,31203,1771,59671,1405,90874,California
Yolo,2021-04-10,1770,147971,831,67305,756,75950,183,4716,1025,31669,741,60412,1207,92081,California
Yolo,2021-04-11,895,148866,286,67591,565,76515,44,4760,362,31544,530,60942,405,92486,California
Yolo,2021-04-12,1782,150648,529,68120,1109,77624,144,4904,789,31489,989,61931,934,93420,California
Yolo,2021-04-13,1995,152643,918,69038,1077,78701,0,4904,921,31337,1073,63004,921,94341,California
Yolo,2021-04-14,2803,155446,772,69810,2031,80732,0,4904,1371,31284,1424,64428,1371,95712,California
Yolo,2021-04-15,3364,158810,1142,70952,2222,82954,0,4904,2287,32501,1070,65498,2287,97999,California
Yolo,2021-04-16,3099,161909,1998,72950,1101,84055,0,4904,1978,33366,1113,66611,1978,99977,California
Yolo,2021-04-17,1638,163547,479,73429,1159,85214,0,4904,850,33433,783,67394,850,100827,California
Yolo,2021-04-18,648,164195,319,73748,329,85543,0,4904,362,33513,282,67676,362,101189,California
Yolo,2021-04-19,1689,165884,727,74475,961,86504,1,4905,776,33382,908,68584,777,101966,California
Yolo,2021-04-20,2060,167944,1058,75533,1002,87506,0,4905,1091,33506,967,69551,1091,103057,California
Yolo,2021-04-21,2078,170022,1060,76593,1018,88524,0,4905,1120,33674,952,70503,1120,104177,California
Yolo,2021-04-22,1992,172014,914,77507,1078,89602,0,4905,983,33655,1003,71506,984,105161,California
Yolo,2021-04-23,2658,174672,1561,79068,1097,90699,0,4905,1168,33345,1478,72984,1168,106329,California
Yolo,2021-04-24,1178,175850,646,79714,529,91228,3,4908,467,33112,703,73687,470,106799,California
Yolo,2021-04-25,950,176800,406,80120,544,91772,0,4908,727,33617,222,73909,727,107526,California
Yolo,2021-04-26,1255,178055,499,80619,753,92525,3,4911,531,33431,721,74630,535,108061,California
Yolo,2021-04-27,1564,179619,738,81357,806,93331,20,4931,606,33101,957,75587,627,108688,California
Yolo,2021-04-28,2074,181693,1029,82386,1018,94349,27,4958,749,32556,1321,76908,776,109464,California
Yolo,2021-04-29,1795,183488,853,83239,859,95208,83,5041,709,32264,1082,77990,790,110254,California
Yolo,2021-04-30,2037,185525,1017,84256,961,96169,59,5100,971,32234,1059,79049,1029,111283,California
Yolo,2021-05-01,1289,186814,999,85255,270,96439,20,5120,377,31721,910,79959,397,111680,California
Yolo,2021-05-02,521,187335,427,85682,71,96510,23,5143,323,31869,198,80157,346,112026,California
Yolo,2021-05-03,1128,188463,406,86088,688,97198,34,5177,299,31375,826,80983,332,112358,California
Yolo,2021-05-04,1470,189933,684,86772,761,97959,25,5202,507,30949,958,81941,532,112890,California
Yolo,2021-05-05,1593,191526,455,87227,1072,99031,66,5268,459,30347,1127,83068,525,113415,California
Yolo,2021-05-06,1530,193056,715,87942,733,99764,82,5350,498,29913,1014,84082,580,113995,California
Yolo,2021-05-07,2330,195386,1405,89347,874,100638,51,5401,463,28566,1859,85941,512,114507,California
Yolo,2021-05-08,851,196237,373,89720,422,101060,56,5457,320,28413,527,86468,374,114881,California
Yolo,2021-05-09,403,196640,172,89892,217,101277,14,5471,91,28206,311,86779,104,114985,California
Yolo,2021-05-10,909,197549,358,90250,505,101782,46,5517,153,27650,754,87533,198,115183,California
Yolo,2021-05-11,1178,198727,697,90947,459,102241,22,5539,294,27088,878,88411,316,115499,California
Yolo,2021-05-12,1585,200312,715,91662,837,103078,33,5572,307,26158,1273,89684,343,115842,California
Yolo,2021-05-13,2185,202497,861,92523,1269,104347,55,5627,646,25324,1535,91219,701,116543,California
Yolo,2021-05-14,2041,204538,1520,94043,490,104837,31,5658,1152,25622,885,92104,1183,117726,California
Yolo,2021-05-15,1280,205818,733,94776,500,105337,47,5705,660,25710,619,92723,707,118433,California
Yolo,2021-05-16,1454,207272,1237,96013,210,105547,7,5712,1011,26289,439,93162,1018,119451,California
Yolo,2021-05-17,1136,208408,446,96459,672,106219,18,5730,349,25874,783,93945,368,119819,California
Yolo,2021-05-18,1696,210104,1108,97567,565,106784,23,5753,910,26027,780,94725,933,120752,California
Yolo,2021-05-19,1009,211113,586,98153,384,107168,39,5792,482,26023,525,95250,521,121273,California
Yolo,2021-05-20,1103,212216,699,98852,378,107546,26,5818,379,25710,718,95968,405,121678,California
Yolo,2021-05-21,1444,213660,931,99783,486,108032,27,5845,362,25022,1075,97043,387,122065,California
Yolo,2021-05-22,824,214484,541,100324,275,108307,8,5853,281,24776,536,97579,290,122355,California
Yolo,2021-05-23,618,215102,165,100489,437,108744,16,5869,108,24393,508,98087,125,122480,California
Yolo,2021-05-24,707,215809,349,100838,338,109082,20,5889,220,24150,484,98571,241,122721,California
Yolo,2021-05-25,883,216692,512,101350,348,109430,23,5912,342,23980,535,99106,365,123086,California
Yolo,2021-05-26,820,217512,270,101620,517,109947,33,5945,249,23695,567,99673,282,123368,California
Yolo,2021-05-27,761,218273,381,102001,329,110276,51,5996,303,23596,453,100126,354,123722,California
Yolo,2021-05-28,882,219155,402,102403,451,110727,29,6025,378,23503,499,100625,406,124128,California
Yolo,2021-05-29,601,219756,346,102749,219,110946,36,6061,274,23486,324,100949,307,124435,California
Yolo,2021-05-30,136,219892,71,102820,58,111004,7,6068,55,23469,79,101028,62,124497,California
Yolo,2021-05-31,68,219960,18,102838,48,111052,2,6070,16,23434,52,101080,17,124514,California
Yolo,2021-06-01,754,220714,326,103164,404,111456,24,6094,245,23200,503,101583,269,124783,California
Yolo,2021-06-02,757,221471,302,103466,434,111890,21,6115,232,22931,522,102105,253,125036,California
Yolo,2021-06-03,928,222399,592,104058,312,112202,24,6139,215,22461,709,102814,239,125275,California
Yolo,2021-06-04,1494,223893,1216,105274,256,112458,22,6161,380,21753,1109,103923,401,125676,California
Yolo,2021-06-05,720,224613,548,105822,155,112613,17,6178,149,21349,570,104493,166,125842,California
Yolo,2021-06-06,1107,225720,1043,106865,57,112670,7,6185,154,20558,952,105445,161,126003,California
Yolo,2021-06-07,516,226236,270,107135,226,112896,20,6205,148,20362,363,105808,167,126170,California
Yolo,2021-06-08,1043,227279,812,107947,213,113109,18,6223,200,19738,842,106650,218,126388,California
Yolo,2021-06-09,791,228070,490,108437,270,113379,31,6254,260,19502,526,107176,290,126678,California
Yolo,2021-06-10,568,228638,360,108797,175,113554,33,6287,166,19302,399,107575,199,126877,California
Yolo,2021-06-11,659,229297,451,109248,184,113738,24,6311,196,19061,461,108036,220,127097,California
Yolo,2021-06-12,481,229778,277,109525,179,113917,25,6336,145,18897,334,108370,170,127267,California
Yolo,2021-06-13,155,229933,116,109641,38,113955,1,6337,63,18871,91,108461,65,127332,California
Yolo,2021-06-14,411,230344,255,109896,123,114078,33,6370,129,18753,281,108742,163,127495,California
Yolo,2021-06-15,769,231113,397,110293,346,114424,26,6396,298,18609,468,109210,324,127819,California
Yolo,2021-06-16,474,231587,242,110535,190,114614,42,6438,168,18513,304,109514,208,128027,California
Yolo,2021-06-17,498,232085,317,110852,125,114739,56,6494,173,18419,323,109837,229,128256,California
Yolo,2021-06-18,553,232638,395,111247,136,114875,22,6516,211,18312,339,110176,232,128488,California
Yolo,2021-06-19,320,232958,207,111454,97,114972,16,6532,117,18243,202,110378,133,128621,California
Yolo,2021-06-20,114,233072,74,111528,36,115008,4,6536,62,18260,50,110428,67,128688,California
Yolo,2021-06-21,205,233277,88,111616,98,115106,19,6555,111,18297,93,110521,130,128818,California
Yolo,2021-06-22,519,233796,296,111912,205,115311,18,6573,241,18280,276,110797,259,129077,California
Yolo,2021-06-23,374,234170,213,112125,144,115455,17,6590,152,18230,219,111016,169,129246,California
Yolo,2021-06-24,395,234565,247,112372,106,115561,42,6632,173,18224,221,111237,215,129461,California
Yolo,2021-06-25,549,235114,385,112757,120,115681,44,6676,191,18104,355,111592,235,129696,California
Yolo,2021-06-26,270,235384,165,112922,82,115763,23,6699,110,18078,158,111750,132,129828,California
Yolo,2021-06-27,177,235561,140,113062,32,115795,5,6704,64,18033,113,111863,68,129896,California
Yolo,2021-06-28,254,235815,130,113192,52,115847,72,6776,108,18067,145,112008,179,130075,California
Yolo,2021-06-29,421,236236,265,113457,107,115954,49,6825,154,18006,264,112272,203,130278,California
Yolo,2021-06-30,364,236600,204,113661,134,116088,26,6851,135,17937,229,112501,160,130438,California
Yolo,2021-07-01,305,236905,171,113832,102,116190,32,6883,111,17888,191,112692,142,130580,California
Yolo,2021-07-02,256,237161,171,114003,74,116264,11,6894,102,17848,153,112845,113,130693,California
Yuba,2020-12-16,4,4,4,4,0,0,0,0,4,4,0,0,4,4,California
Yuba,2020-12-17,4,8,4,8,0,0,0,0,4,8,0,0,4,8,California
Yuba,2020-12-18,8,16,8,16,0,0,0,0,8,16,0,0,8,16,California
Yuba,2020-12-19,12,28,12,28,0,0,0,0,12,28,0,0,12,28,California
Yuba,2020-12-20,19,47,19,47,0,0,0,0,19,47,0,0,19,47,California
Yuba,2020-12-21,41,88,41,88,0,0,0,0,41,88,0,0,41,88,California
Yuba,2020-12-22,85,173,85,173,0,0,0,0,85,173,0,0,85,173,California
Yuba,2020-12-23,65,238,63,236,2,2,0,0,65,238,0,0,65,238,California
Yuba,2020-12-24,20,258,10,246,10,12,0,0,20,258,0,0,20,258,California
Yuba,2020-12-25,1,259,1,247,0,12,0,0,1,259,0,0,1,259,California
Yuba,2020-12-26,13,272,12,259,1,13,0,0,13,272,0,0,13,272,California
Yuba,2020-12-27,15,287,15,274,0,13,0,0,15,287,0,0,15,287,California
Yuba,2020-12-28,51,338,35,309,16,29,0,0,51,338,0,0,51,338,California
Yuba,2020-12-29,74,412,10,319,64,93,0,0,74,412,0,0,74,412,California
Yuba,2020-12-30,63,475,20,339,43,136,0,0,63,475,0,0,63,475,California
Yuba,2020-12-31,39,514,6,345,33,169,0,0,39,514,0,0,39,514,California
Yuba,2021-01-02,23,537,22,367,1,170,0,0,23,537,0,0,23,537,California
Yuba,2021-01-03,10,547,6,373,4,174,0,0,10,547,0,0,10,547,California
Yuba,2021-01-04,92,639,23,396,69,243,0,0,92,639,0,0,92,639,California
Yuba,2021-01-05,71,710,39,435,32,275,0,0,70,708,1,1,70,709,California
Yuba,2021-01-06,154,864,76,511,78,353,0,0,148,850,6,7,148,857,California
Yuba,2021-01-07,75,939,19,530,56,409,0,0,72,918,4,11,72,929,California
Yuba,2021-01-08,73,1012,23,553,50,459,0,0,66,977,7,18,66,995,California
Yuba,2021-01-09,19,1031,16,569,3,462,0,0,11,980,8,26,11,1006,California
Yuba,2021-01-10,117,1148,22,591,95,557,0,0,95,1053,22,48,95,1101,California
Yuba,2021-01-11,73,1221,50,641,23,580,0,0,33,1046,40,88,33,1134,California
Yuba,2021-01-12,109,1330,78,719,31,611,0,0,45,1027,64,152,45,1179,California
Yuba,2021-01-13,119,1449,72,791,47,658,0,0,54,1017,64,216,54,1233,California
Yuba,2021-01-14,114,1563,44,835,70,728,0,0,102,1107,12,228,102,1335,California
Yuba,2021-01-15,204,1767,85,920,119,847,0,0,194,1291,10,238,194,1529,California
Yuba,2021-01-16,188,1955,21,941,167,1014,0,0,176,1454,13,251,176,1705,California
Yuba,2021-01-17,13,1968,9,950,4,1018,0,0,7,1455,6,257,7,1712,California
Yuba,2021-01-18,61,2029,32,982,29,1047,0,0,36,1466,25,282,36,1748,California
Yuba,2021-01-19,80,2109,30,1012,50,1097,0,0,65,1516,15,297,65,1813,California
Yuba,2021-01-20,133,2242,86,1098,47,1144,0,0,110,1603,23,320,110,1923,California
Yuba,2021-01-21,221,2463,103,1201,118,1262,0,0,212,1806,9,329,212,2135,California
Yuba,2021-01-22,107,2570,7,1208,100,1362,0,0,98,1895,9,338,98,2233,California
Yuba,2021-01-23,198,2768,7,1215,191,1553,0,0,196,2089,2,340,196,2429,California
Yuba,2021-01-24,10,2778,7,1222,3,1556,0,0,8,2095,2,342,8,2437,California
Yuba,2021-01-25,86,2864,30,1252,56,1612,0,0,53,2116,32,374,53,2490,California
Yuba,2021-01-26,149,3013,41,1293,108,1720,0,0,90,2147,59,433,90,2580,California
Yuba,2021-01-27,185,3198,129,1422,56,1776,0,0,118,2198,67,500,118,2698,California
Yuba,2021-01-28,228,3426,90,1512,138,1914,0,0,177,2324,51,551,177,2875,California
Yuba,2021-01-29,150,3576,46,1558,104,2018,0,0,111,2396,39,590,111,2986,California
Yuba,2021-01-30,408,3984,23,1581,385,2403,0,0,397,2782,11,601,397,3383,California
Yuba,2021-01-31,18,4002,12,1593,6,2409,0,0,16,2796,2,603,16,3399,California
Yuba,2021-02-01,155,4157,75,1668,80,2489,0,0,131,2905,23,626,132,3531,California
Yuba,2021-02-02,128,4285,23,1691,105,2594,0,0,104,2985,24,650,104,3635,California
Yuba,2021-02-03,230,4515,30,1721,200,2794,0,0,116,2988,113,763,116,3751,California
Yuba,2021-02-04,298,4813,120,1841,178,2972,0,0,253,3196,45,808,253,4004,California
Yuba,2021-02-05,148,4961,32,1873,116,3088,0,0,71,3190,77,885,71,4075,California
Yuba,2021-02-06,451,5412,26,1899,425,3513,0,0,443,3625,8,893,443,4518,California
Yuba,2021-02-07,20,5432,13,1912,7,3520,0,0,16,3637,4,897,16,4534,California
Yuba,2021-02-08,98,5530,35,1947,63,3583,0,0,66,3671,32,929,66,4600,California
Yuba,2021-02-09,156,5686,56,2003,100,3683,0,0,85,3685,71,1000,85,4685,California
Yuba,2021-02-10,363,6049,177,2180,186,3869,0,0,122,3568,239,1239,122,4807,California
Yuba,2021-02-11,404,6453,67,2247,337,4206,0,0,301,3768,101,1340,301,5108,California
Yuba,2021-02-12,271,6724,28,2275,243,4449,0,0,153,3803,118,1458,153,5261,California
Yuba,2021-02-13,438,7162,36,2311,402,4851,0,0,387,4139,51,1509,387,5648,California
Yuba,2021-02-14,52,7214,10,2321,42,4893,0,0,47,4181,5,1514,47,5695,California
Yuba,2021-02-15,89,7303,36,2357,53,4946,0,0,69,4230,20,1534,69,5764,California
Yuba,2021-02-16,203,7506,55,2412,148,5094,0,0,144,4316,58,1592,144,5908,California
Yuba,2021-02-17,379,7885,158,2570,221,5315,0,0,101,4140,277,1869,101,6009,California
Yuba,2021-02-18,324,8209,48,2618,276,5591,0,0,197,4210,127,1996,197,6206,California
Yuba,2021-02-19,230,8439,82,2700,148,5739,0,0,143,4267,86,2082,143,6349,California
Yuba,2021-02-20,398,8837,31,2731,367,6106,0,0,340,4549,58,2140,340,6689,California
Yuba,2021-02-21,24,8861,14,2745,10,6116,0,0,14,4553,10,2150,14,6703,California
Yuba,2021-02-22,131,8992,82,2827,49,6165,0,0,38,4498,93,2243,38,6741,California
Yuba,2021-02-23,124,9116,28,2855,96,6261,0,0,53,4482,70,2313,54,6795,California
Yuba,2021-02-24,489,9605,141,2996,348,6609,0,0,110,4213,379,2692,110,6905,California
Yuba,2021-02-25,347,9952,142,3138,205,6814,0,0,217,4300,130,2822,217,7122,California
Yuba,2021-02-26,263,10215,69,3207,194,7008,0,0,147,4333,114,2936,147,7269,California
Yuba,2021-02-27,474,10689,47,3254,427,7435,0,0,386,4633,86,3022,386,7655,California
Yuba,2021-02-28,72,10761,23,3277,49,7484,0,0,48,4657,24,3046,48,7703,California
Yuba,2021-03-01,162,10923,43,3320,119,7603,0,0,81,4658,80,3126,81,7784,California
Yuba,2021-03-02,160,11083,36,3356,124,7727,0,0,80,4658,80,3206,80,7864,California
Yuba,2021-03-03,628,11711,159,3515,469,8196,0,0,200,4431,427,3633,200,8064,California
Yuba,2021-03-04,471,12182,274,3789,197,8393,0,0,327,4615,143,3776,327,8391,California
Yuba,2021-03-05,326,12508,61,3850,264,8657,1,1,258,4806,68,3844,259,8650,California
Yuba,2021-03-06,475,12983,35,3885,436,9093,4,5,368,5072,106,3950,372,9022,California
Yuba,2021-03-07,51,13034,28,3913,22,9115,1,6,36,5094,15,3965,37,9059,California
Yuba,2021-03-08,159,13193,48,3961,95,9210,16,22,99,5149,60,4025,115,9174,California
Yuba,2021-03-09,180,13373,48,4009,112,9322,20,42,85,5159,95,4120,105,9279,California
Yuba,2021-03-10,737,14110,234,4243,473,9795,30,72,233,4918,504,4624,263,9542,California
Yuba,2021-03-11,439,14549,198,4441,229,10024,12,84,296,5083,143,4767,308,9850,California
Yuba,2021-03-12,467,15016,87,4528,327,10351,53,137,155,4979,312,5079,208,10058,California
Yuba,2021-03-13,464,15480,338,4866,111,10462,15,152,364,5259,99,5178,379,10437,California
Yuba,2021-03-14,108,15588,21,4887,77,10539,10,162,46,5255,60,5238,56,10493,California
Yuba,2021-03-15,194,15782,50,4937,128,10667,16,178,99,5275,95,5333,115,10608,California
Yuba,2021-03-16,298,16080,74,5011,200,10867,24,202,185,5372,112,5445,209,10817,California
Yuba,2021-03-17,749,16829,164,5175,554,11421,31,233,196,5049,550,5995,227,11044,California
Yuba,2021-03-18,588,17417,162,5337,313,11734,113,346,354,5281,234,6229,466,11510,California
Yuba,2021-03-19,332,17749,119,5456,159,11893,54,400,184,5370,148,6377,237,11747,California
Yuba,2021-03-20,555,18304,81,5537,456,12349,18,418,475,5784,79,6456,493,12240,California
Yuba,2021-03-21,62,18366,36,5573,26,12375,0,418,42,5806,20,6476,42,12282,California
Yuba,2021-03-22,191,18557,70,5643,114,12489,7,425,149,5920,42,6518,156,12438,California
Yuba,2021-03-23,266,18823,79,5722,159,12648,28,453,176,6036,88,6606,204,12642,California
Yuba,2021-03-24,771,19594,254,5976,436,13084,81,534,186,5720,583,7189,267,12909,California
Yuba,2021-03-25,507,20101,270,6246,215,13299,22,556,254,5743,253,7442,276,13185,California
Yuba,2021-03-26,401,20502,144,6390,228,13527,29,585,226,5824,174,7616,255,13440,California
Yuba,2021-03-27,463,20965,28,6418,432,13959,3,588,408,6180,54,7670,410,13850,California
Yuba,2021-03-28,102,21067,42,6460,56,14015,4,592,34,6150,68,7738,38,13888,California
Yuba,2021-03-29,297,21364,87,6547,178,14193,32,624,179,6243,118,7856,211,14099,California
Yuba,2021-03-30,275,21639,70,6617,197,14390,8,632,189,6354,86,7942,197,14296,California
Yuba,2021-03-31,675,22314,114,6731,550,14940,11,643,244,6180,429,8371,255,14551,California
Yuba,2021-04-01,627,22941,291,7022,306,15246,30,673,291,6165,336,8707,321,14872,California
Yuba,2021-04-02,504,23445,96,7118,325,15571,83,756,187,6118,316,9023,269,15141,California
Yuba,2021-04-03,654,24099,55,7173,117,15688,482,1238,87,6121,566,9589,569,15710,California
Yuba,2021-04-04,59,24158,10,7183,42,15730,7,1245,32,6133,27,9616,39,15749,California
Yuba,2021-04-05,245,24403,79,7262,145,15875,21,1266,124,6158,119,9735,144,15893,California
Yuba,2021-04-06,358,24761,115,7377,182,16057,61,1327,173,6207,184,9919,233,16126,California
Yuba,2021-04-07,787,25548,408,7785,327,16384,52,1379,360,6194,424,10343,411,16537,California
Yuba,2021-04-08,754,26302,292,8077,197,16581,265,1644,281,6267,472,10815,545,17082,California
Yuba,2021-04-09,406,26708,172,8249,167,16748,67,1711,172,6273,233,11048,239,17321,California
Yuba,2021-04-10,604,27312,73,8322,82,16830,449,2160,72,6263,530,11578,520,17841,California
Yuba,2021-04-11,102,27414,24,8346,66,16896,12,2172,43,6260,58,11636,55,17896,California
Yuba,2021-04-12,212,27626,45,8391,137,17033,30,2202,79,6236,132,11768,108,18004,California
Yuba,2021-04-13,400,28026,104,8495,296,17329,0,2202,202,6241,197,11965,202,18206,California
Yuba,2021-04-14,718,28744,110,8605,608,17937,0,2202,130,5784,587,12552,130,18336,California
Yuba,2021-04-15,345,29089,135,8740,210,18147,0,2202,150,5739,195,12747,150,18486,California
Yuba,2021-04-16,342,29431,100,8840,242,18389,0,2202,181,5761,159,12906,181,18667,California
Yuba,2021-04-17,407,29838,60,8900,347,18736,0,2202,335,6025,71,12977,335,19002,California
Yuba,2021-04-18,65,29903,20,8920,45,18781,0,2202,33,6027,31,13008,33,19035,California
Yuba,2021-04-19,247,30150,102,9022,145,18926,0,2202,104,5988,143,13151,104,19139,California
Yuba,2021-04-20,341,30491,103,9125,238,19164,0,2202,187,6025,151,13302,188,19327,California
Yuba,2021-04-21,741,31232,322,9447,419,19583,0,2202,321,5926,420,13722,321,19648,California
Yuba,2021-04-22,377,31609,154,9601,223,19806,0,2202,209,5967,168,13890,209,19857,California
Yuba,2021-04-23,364,31973,127,9728,237,20043,0,2202,174,5953,188,14078,174,20031,California
Yuba,2021-04-24,217,32190,69,9797,148,20191,0,2202,123,5982,94,14172,123,20154,California
Yuba,2021-04-25,75,32265,30,9827,45,20236,0,2202,35,5977,40,14212,35,20189,California
Yuba,2021-04-26,249,32514,66,9893,179,20415,4,2206,114,5960,135,14347,118,20307,California
Yuba,2021-04-27,488,33002,172,10065,306,20721,10,2216,242,5968,244,14591,252,20559,California
Yuba,2021-04-28,450,33452,189,10254,256,20977,5,2221,155,5839,289,14880,160,20719,California
Yuba,2021-04-29,454,33906,89,10343,364,21341,1,2222,162,5711,291,15171,163,20882,California
Yuba,2021-04-30,346,34252,108,10451,208,21549,30,2252,151,5699,193,15364,181,21063,California
Yuba,2021-05-01,208,34460,92,10543,97,21646,19,2271,94,5699,113,15477,113,21176,California
Yuba,2021-05-02,70,34530,39,10582,27,21673,4,2275,38,5709,32,15509,42,21218,California
Yuba,2021-05-03,164,34694,65,10647,90,21763,9,2284,51,5658,111,15620,60,21278,California
Yuba,2021-05-04,340,35034,107,10754,212,21975,21,2305,150,5639,190,15810,171,21449,California
Yuba,2021-05-05,333,35367,96,10850,230,22205,7,2312,116,5545,217,16027,123,21572,California
Yuba,2021-05-06,303,35670,126,10976,139,22344,38,2350,102,5487,198,16225,140,21712,California
Yuba,2021-05-07,362,36032,100,11076,234,22578,28,2378,118,5389,243,16468,145,21857,California
Yuba,2021-05-08,130,36162,56,11132,71,22649,3,2381,55,5372,75,16543,58,21915,California
Yuba,2021-05-09,56,36218,25,11157,28,22677,3,2384,34,5387,22,16565,37,21952,California
Yuba,2021-05-10,174,36392,57,11214,99,22776,18,2402,54,5340,119,16684,72,22024,California
Yuba,2021-05-11,389,36781,178,11392,197,22973,14,2416,143,5252,244,16928,156,22180,California
Yuba,2021-05-12,278,37059,147,11539,123,23096,8,2424,105,5192,173,17101,113,22293,California
Yuba,2021-05-13,367,37426,198,11737,125,23221,44,2468,112,5096,252,17353,156,22449,California
Yuba,2021-05-14,368,37794,139,11876,209,23430,20,2488,154,5055,214,17567,173,22622,California
Yuba,2021-05-15,437,38231,113,11989,303,23733,21,2509,113,4866,322,17889,133,22755,California
Yuba,2021-05-16,151,38382,52,12041,90,23823,9,2518,95,4915,55,17944,104,22859,California
Yuba,2021-05-17,217,38599,90,12131,107,23930,20,2538,90,4900,125,18069,110,22969,California
Yuba,2021-05-18,394,38993,163,12294,222,24152,9,2547,165,4845,229,18298,174,23143,California
Yuba,2021-05-19,261,39254,145,12439,110,24262,6,2553,129,4848,132,18430,135,23278,California
Yuba,2021-05-20,433,39687,305,12744,116,24378,12,2565,259,4946,173,18603,271,23549,California
Yuba,2021-05-21,517,40204,272,13016,237,24615,8,2573,306,5051,209,18812,314,23863,California
Yuba,2021-05-22,229,40433,123,13139,97,24712,9,2582,95,5021,134,18946,104,23967,California
Yuba,2021-05-23,73,40506,41,13180,30,24742,2,2584,37,5025,35,18981,39,24006,California
Yuba,2021-05-24,165,40671,55,13235,93,24835,17,2601,49,4977,115,19096,67,24073,California
Yuba,2021-05-25,315,40986,109,13344,189,25024,17,2618,112,4904,201,19297,128,24201,California
Yuba,2021-05-26,232,41218,100,13444,116,25140,16,2634,85,4859,146,19443,101,24302,California
Yuba,2021-05-27,247,41465,76,13520,159,25299,12,2646,97,4821,147,19590,109,24411,California
Yuba,2021-05-28,246,41711,109,13629,130,25429,7,2653,116,4816,128,19718,123,24534,California
Yuba,2021-05-29,165,41876,68,13697,75,25504,22,2675,88,4850,76,19794,110,24644,California
Yuba,2021-05-30,52,41928,22,13719,25,25529,5,2680,21,4845,31,19825,26,24670,California
Yuba,2021-05-31,30,41958,3,13722,20,25549,7,2687,10,4842,20,19845,17,24687,California
Yuba,2021-06-01,247,42205,108,13830,132,25681,7,2694,84,4773,159,20004,90,24777,California
Yuba,2021-06-02,201,42406,82,13912,112,25793,7,2701,60,4701,140,20144,68,24845,California
Yuba,2021-06-03,179,42585,105,14017,68,25861,6,2707,64,4657,114,20258,70,24915,California
Yuba,2021-06-04,244,42829,121,14138,113,25974,10,2717,80,4583,164,20422,90,25005,California
Yuba,2021-06-05,200,43029,151,14289,43,26017,6,2723,90,4570,109,20531,96,25101,California
Yuba,2021-06-06,109,43138,93,14382,13,26030,3,2726,20,4505,88,20619,23,25124,California
Yuba,2021-06-07,117,43255,49,14431,52,26082,16,2742,38,4480,79,20698,54,25178,California
Yuba,2021-06-08,246,43501,115,14546,124,26206,7,2749,72,4387,172,20870,79,25257,California
Yuba,2021-06-09,171,43672,103,14649,62,26268,6,2755,72,4367,98,20968,78,25335,California
Yuba,2021-06-10,377,44049,302,14951,66,26334,9,2764,93,4187,282,21250,102,25437,California
Yuba,2021-06-11,329,44378,235,15186,82,26416,12,2776,65,4001,264,21514,78,25515,California
Yuba,2021-06-12,133,44511,90,15276,37,26453,6,2782,36,3946,97,21611,42,25557,California
Yuba,2021-06-13,47,44558,22,15298,22,26475,3,2785,13,3928,34,21645,16,25573,California
Yuba,2021-06-14,112,44670,53,15351,49,26524,10,2795,31,3889,80,21725,41,25614,California
Yuba,2021-06-15,241,44911,99,15450,134,26658,8,2803,90,3839,148,21873,98,25712,California
Yuba,2021-06-16,156,45067,94,15544,51,26709,11,2814,74,3845,79,21952,85,25797,California
Yuba,2021-06-17,195,45262,114,15658,69,26778,12,2826,83,3828,112,22064,95,25892,California
Yuba,2021-06-18,222,45484,110,15768,90,26868,22,2848,70,3770,150,22214,92,25984,California
Yuba,2021-06-19,139,45623,70,15838,62,26930,7,2855,36,3710,103,22317,43,26027,California
Yuba,2021-06-20,33,45656,19,15857,11,26941,3,2858,13,3706,20,22337,16,26043,California
Yuba,2021-06-21,86,45742,38,15895,39,26980,9,2867,41,3714,41,22378,49,26092,California
Yuba,2021-06-22,174,45916,73,15968,89,27069,12,2879,69,3691,103,22481,80,26172,California
Yuba,2021-06-23,127,46043,71,16039,43,27112,13,2892,52,3681,74,22555,64,26236,California
Yuba,2021-06-24,136,46179,82,16121,47,27159,7,2899,59,3670,77,22632,66,26302,California
Yuba,2021-06-25,170,46349,98,16219,63,27222,9,2908,82,3673,88,22720,91,26393,California
Yuba,2021-06-26,133,46482,106,16325,26,27248,1,2909,44,3630,88,22808,45,26438,California
Yuba,2021-06-27,66,46548,44,16369,20,27268,2,2911,36,3638,30,22838,38,26476,California
Yuba,2021-06-28,61,46609,33,16402,24,27292,4,2915,27,3635,34,22872,31,26507,California
Yuba,2021-06-29,162,46771,86,16488,67,27359,9,2924,61,3605,100,22972,70,26577,California
Yuba,2021-06-30,135,46906,77,16565,51,27410,7,2931,68,3613,67,23039,75,26652,California
Yuba,2021-07-01,116,47022,80,16645,30,27440,6,2937,42,3588,73,23112,48,26700,California
Yuba,2021-07-02,90,47112,26,16671,49,27489,15,2952,23,3559,67,23179,38,26738,California
