county,administered_date,total_doses,cumulative_total_doses,pfizer_doses,cumulative_pfizer_doses,moderna_doses,cumulative_moderna_doses,jj_doses,cumulative_jj_doses,partially_vaccinated,total_partially_vaccinated,fully_vaccinated,cumulative_fully_vaccinated,at_least_one_dose,cumulative_at_least_one_dose,california_flag
All CA Counties,2020-12-15,1138,1138,1138,1138,0,0,0,0,1138,1138,0,0,1138,1138,
All CA Counties,2020-12-16,8427,9565,8427,9565,0,0,0,0,8427,9565,0,0,8427,9565,
All CA Counties,2020-12-17,25872,35437,25872,35437,0,0,0,0,25874,35439,0,0,25874,35439,
All CA Counties,2020-12-18,43900,79337,43844,79281,56,56,0,0,43901,79340,0,0,43901,79340,
All CA Counties,2020-12-19,25317,104654,25293,104574,24,80,0,0,25316,104655,1,1,25316,104656,
All CA Counties,2020-12-20,18999,123653,18972,123546,27,107,0,0,18998,123652,1,2,18998,123654,
All CA Counties,2020-12-21,49651,173304,49565,173111,86,193,0,0,49653,173304,1,3,49653,173307,
All CA Counties,2020-12-22,50010,223314,47883,220994,2127,2320,0,0,50008,223311,1,4,50008,223315,
All CA Counties,2020-12-23,50632,273946,41860,262854,8772,11092,0,0,50628,273939,0,4,50628,273943,
All CA Counties,2020-12-24,24075,298021,16357,279211,7718,18810,0,0,24072,298010,1,5,24072,298015,
All CA Counties,2020-12-25,2343,300364,2021,281232,322,19132,0,0,2343,300353,0,5,2343,300358,
All CA Counties,2020-12-26,14709,315073,9463,290695,5246,24378,0,0,14707,315059,1,6,14707,315065,
All CA Counties,2020-12-27,9437,324510,5589,296284,3848,28226,0,0,9436,324494,1,7,9436,324501,
All CA Counties,2020-12-28,45870,370380,29429,325713,16441,44667,0,0,45868,370359,3,10,45868,370369,
All CA Counties,2020-12-29,50993,421373,28433,354146,22560,67227,0,0,50989,421345,3,13,50989,421358,
All CA Counties,2020-12-30,62870,484243,35520,389666,27350,94577,0,0,62862,484204,3,16,62862,484220,
All CA Counties,2020-12-31,29346,513589,10858,400524,18488,113065,0,0,29337,513535,6,22,29337,513557,
All CA Counties,2021-01-01,4145,517734,1844,402368,2301,115366,0,0,4141,517673,3,25,4141,517698,
All CA Counties,2021-01-02,18433,536167,10359,412727,8074,123440,0,0,18432,536105,0,25,18432,536130,
All CA Counties,2021-01-03,6165,542332,3653,416380,2512,125952,0,0,6136,542229,12,37,6136,542266,
All CA Counties,2021-01-04,43573,585905,22206,438586,21367,147319,0,0,43494,585681,42,79,43494,585760,
All CA Counties,2021-01-05,56477,642382,30089,468675,26388,173707,0,0,51020,631392,5401,5480,51112,636872,
All CA Counties,2021-01-06,73321,715703,40629,509304,32692,206399,0,0,57935,674152,15207,20687,57967,694839,
All CA Counties,2021-01-07,91985,807688,52436,561740,39549,245948,0,0,61303,704990,30514,51201,61352,756191,
All CA Counties,2021-01-08,106625,914313,64152,625892,42473,288421,0,0,65453,729467,41039,92240,65516,821707,
All CA Counties,2021-01-09,44296,958609,25550,651442,18746,307167,0,0,27783,740787,16489,108729,27809,849516,
All CA Counties,2021-01-10,24302,982911,15013,666455,9289,316456,0,0,13071,742661,11214,119943,13088,862604,
All CA Counties,2021-01-11,104365,1087276,69441,735896,34924,351380,0,0,60587,759680,43737,163680,60756,923360,
All CA Counties,2021-01-12,113366,1200642,67120,803016,46246,397626,0,0,72373,791370,40914,204594,72604,995964,
All CA Counties,2021-01-13,118984,1319626,61734,864750,57250,454876,0,0,85319,843187,33580,238174,85397,1081361,
All CA Counties,2021-01-14,123636,1443262,49581,914331,74055,528931,0,0,104074,927963,19458,257632,104234,1185595,
All CA Counties,2021-01-15,141667,1584929,51792,966123,89875,618806,0,0,126631,1039855,14943,272575,126835,1312430,
All CA Counties,2021-01-16,80341,1665270,27319,993442,53022,671828,0,0,72789,1105168,7526,280101,72839,1385269,
All CA Counties,2021-01-17,48093,1713363,16796,1010238,31297,703125,0,0,44458,1146045,3628,283729,44505,1429774,
All CA Counties,2021-01-18,88051,1801414,45949,1056187,42102,745227,0,0,68773,1195774,19203,302932,68932,1498706,
All CA Counties,2021-01-19,141705,1943119,73569,1129756,68136,813363,0,0,110596,1275674,31017,333949,110917,1609623,
All CA Counties,2021-01-20,159965,2103084,81825,1211581,78140,891503,0,0,126429,1369039,33320,367269,126685,1736308,
All CA Counties,2021-01-21,173049,2276133,76861,1288442,96188,987691,0,0,153984,1504513,18855,386124,154329,1890637,
All CA Counties,2021-01-22,169260,2445393,69162,1357604,100098,1087789,0,0,155002,1645532,14127,400251,155146,2045783,
All CA Counties,2021-01-23,111142,2556535,49426,1407030,61716,1149505,0,0,98658,1731877,12426,412677,98771,2144554,
All CA Counties,2021-01-24,60948,2617483,29476,1436506,31472,1180977,0,0,56309,1783635,4609,417286,56367,2200921,
All CA Counties,2021-01-25,144602,2762085,65346,1501852,79256,1260233,0,0,109556,1858622,34922,452208,109909,2310830,
All CA Counties,2021-01-26,168231,2930316,82720,1584572,85511,1345744,0,0,130859,1952494,37243,489451,131115,2441945,
All CA Counties,2021-01-27,179623,3109939,87685,1672257,91938,1437682,0,0,140507,2054405,38804,528255,140715,2582660,
All CA Counties,2021-01-28,187389,3297328,86523,1758780,100866,1538548,0,0,153359,2174225,33746,562001,153566,2736226,
All CA Counties,2021-01-29,183070,3480398,88211,1846991,94859,1633407,0,0,148537,2288964,33964,595965,148703,2884929,
All CA Counties,2021-01-30,123303,3603701,55632,1902623,67671,1701078,0,0,107939,2381842,15200,611165,108078,2993007,
All CA Counties,2021-01-31,68952,3672653,38635,1941258,30317,1731395,0,0,64194,2441381,4709,615874,64248,3057255,
All CA Counties,2021-02-01,161651,3834304,75958,2017216,85693,1817088,0,0,121013,2522037,40481,656355,121137,3178392,
All CA Counties,2021-02-02,184286,4018590,77684,2094900,106602,1923690,0,0,140042,2618330,43970,700325,140263,3318655,
All CA Counties,2021-02-03,210716,4229306,95506,2190406,115210,2038900,0,0,156442,2721236,53778,754103,156684,3475339,
All CA Counties,2021-02-04,227565,4456871,99719,2290125,127846,2166746,0,0,167093,2828746,59938,814041,167448,3642787,
All CA Counties,2021-02-05,245649,4702520,106290,2396415,139359,2306105,0,0,167012,2918401,77875,891916,167530,3810317,
All CA Counties,2021-02-06,154692,4857212,74814,2471229,79878,2385983,0,0,119977,3004316,34552,926468,120467,3930784,
All CA Counties,2021-02-07,66772,4923984,43177,2514406,23595,2409578,0,0,50366,3038803,16329,942797,50816,3981600,
All CA Counties,2021-02-08,180545,5104529,88812,2603218,91733,2501311,0,0,119213,3097843,60907,1003704,119947,4101547,
All CA Counties,2021-02-09,211173,5315702,102114,2705332,109059,2610370,0,0,126712,3141675,84015,1087719,127847,4229394,
All CA Counties,2021-02-10,248157,5563859,119576,2824908,128581,2738951,0,0,137859,3171515,109489,1197208,139329,4368723,
All CA Counties,2021-02-11,265037,5828896,131261,2956169,133776,2872727,0,0,144922,3199191,119026,1316234,146702,4515425,
All CA Counties,2021-02-12,271888,6100784,119231,3075400,152657,3025384,0,0,146816,3224133,124226,1440460,149168,4664593,
All CA Counties,2021-02-13,166649,6267433,77229,3152629,89420,3114804,0,0,92146,3244091,74137,1514597,94095,4758688,
All CA Counties,2021-02-14,95215,6362648,47364,3199993,47851,3162655,0,0,51570,3253718,43483,1558080,53110,4811798,
All CA Counties,2021-02-15,142250,6504898,62393,3262386,79857,3242512,0,0,78761,3272481,63119,1621199,81882,4893680,
All CA Counties,2021-02-16,248551,6753449,117928,3380314,130623,3373135,0,0,133118,3293625,115065,1736264,136209,5029889,
All CA Counties,2021-02-17,258604,7012053,128716,3509030,129888,3503023,0,0,128955,3296660,129119,1865383,132154,5162043,
All CA Counties,2021-02-18,272255,7284308,141991,3651021,130264,3633287,0,0,131753,3292807,139811,2005194,135958,5298001,
All CA Counties,2021-02-19,252164,7536472,146271,3797292,105893,3739180,0,0,130298,3303792,121382,2126576,132367,5430368,
All CA Counties,2021-02-20,152533,7689005,97795,3895087,54738,3793918,0,0,84029,3321538,68251,2194827,85997,5516365,
All CA Counties,2021-02-21,81945,7770950,67910,3962997,14035,3807953,0,0,41292,3323972,40420,2235247,42854,5559219,
All CA Counties,2021-02-22,163559,7934509,109753,4072750,53806,3861759,0,0,82035,3326520,81213,2316460,83761,5642980,
All CA Counties,2021-02-23,224999,8159508,119252,4192002,105747,3967506,0,0,105033,3318153,119380,2435840,111013,5753993,
All CA Counties,2021-02-24,282542,8442050,142854,4334856,139688,4107194,0,0,134776,3313306,147153,2582993,142306,5896299,
All CA Counties,2021-02-25,319430,8761480,157289,4492145,162141,4269335,0,0,167906,3338891,150849,2733842,176434,6072733,
All CA Counties,2021-02-26,352845,9114325,164257,4656402,188588,4457923,0,0,197964,3390126,153987,2887829,205222,6277955,
All CA Counties,2021-02-27,250524,9364849,121946,4778348,128558,4586481,20,20,142251,3429122,107677,2995506,146673,6424628,
All CA Counties,2021-02-28,130264,9495113,77897,4856245,52362,4638843,5,25,76123,3454363,53723,3049229,78964,6503592,
All CA Counties,2021-03-01,239272,9734385,127592,4983837,111592,4750435,88,113,138164,3496214,100388,3149617,142239,6645831,
All CA Counties,2021-03-02,288437,10022822,146040,5129877,142379,4892814,18,131,174411,3563983,113531,3263148,181300,6827131,
All CA Counties,2021-03-03,331300,10354122,164450,5294327,166798,5059612,52,183,190971,3622636,139659,3402807,198312,7025443,
All CA Counties,2021-03-04,350532,10704654,177536,5471863,172908,5232520,88,271,205903,3691745,143896,3546703,213005,7238448,
All CA Counties,2021-03-05,338717,11043371,166959,5638822,170637,5403157,1121,1392,211113,3784401,126808,3673511,219464,7457912,
All CA Counties,2021-03-06,258455,11301826,132915,5771737,117742,5520899,7798,9190,160649,3860137,97396,3770907,173132,7631044,
All CA Counties,2021-03-07,127411,11429237,78420,5850157,44910,5565809,4081,13271,79891,3900441,47334,3818241,87638,7718682,
All CA Counties,2021-03-08,218438,11647675,106200,5956357,101850,5667659,10388,23659,143131,3983984,74934,3893175,158477,7877159,
All CA Counties,2021-03-09,290966,11938641,139297,6095654,135819,5803478,15850,39509,163457,4040313,127034,4020209,183363,8060522,
All CA Counties,2021-03-10,321752,12260393,160812,6256466,136550,5940028,24390,63899,174542,4096828,146573,4166782,203088,8263610,
All CA Counties,2021-03-11,375779,12636172,181806,6438272,160691,6100719,33282,97181,193170,4145794,181700,4348482,230666,8494276,
All CA Counties,2021-03-12,394119,13030291,176327,6614599,171526,6272245,46266,143447,193825,4190505,199513,4547995,244224,8738500,
All CA Counties,2021-03-13,282101,13312392,124762,6739361,126245,6398490,31094,174541,152345,4248997,129312,4677307,187804,8926304,
All CA Counties,2021-03-14,154711,13467103,83219,6822580,56471,6454961,15021,189562,78826,4269503,75607,4752914,96113,9022417,
All CA Counties,2021-03-15,290064,13757167,138677,6961257,130853,6585814,20534,210096,158108,4320269,131251,4884165,182017,9204434,
All CA Counties,2021-03-16,369643,14126810,173733,7134990,178636,6764450,17274,227370,214624,4401063,154303,5038468,235097,9439531,
All CA Counties,2021-03-17,382831,14509641,189464,7324454,174843,6939293,18524,245894,237467,4514998,144565,5183033,258500,9698031,
All CA Counties,2021-03-18,400193,14909834,205077,7529531,177153,7116446,17963,263857,238597,4613094,160528,5343561,258624,9956655,
All CA Counties,2021-03-19,410157,15319991,215794,7745325,172816,7289262,21547,285404,239404,4706226,169795,5513356,262927,10219582,
All CA Counties,2021-03-20,293954,15613945,154403,7899728,123717,7412979,15834,301238,186362,4802921,106943,5620299,203638,10423220,
All CA Counties,2021-03-21,143530,15757475,99241,7998969,36779,7449758,7510,308748,90133,4848857,53055,5673354,98991,10522211,
All CA Counties,2021-03-22,272825,16030300,159004,8157973,102636,7552394,11185,319933,178841,4948648,93240,5766594,193031,10715242,
All CA Counties,2021-03-23,356809,16387109,196434,8354407,149327,7701721,11048,330981,219669,5045687,136251,5902845,233290,10948532,
All CA Counties,2021-03-24,386996,16774105,221818,8576225,152732,7854453,12446,343427,225979,5126398,159810,6062655,240521,11189053,
All CA Counties,2021-03-25,417133,17191238,230055,8806280,172285,8026738,14793,358220,237190,5201880,178662,6241317,254144,11443197,
All CA Counties,2021-03-26,434384,17625622,232635,9038915,185692,8212430,16057,374277,235242,5258072,197958,6439275,254150,11697347,
All CA Counties,2021-03-27,311618,17937240,166173,9205088,133675,8346105,11770,386047,158100,5277459,152721,6591996,172108,11869455,
All CA Counties,2021-03-28,168980,18106220,108801,9313889,56604,8402709,3575,389622,89613,5293633,78928,6670924,95102,11964557,
All CA Counties,2021-03-29,309707,18415927,167320,9481209,133354,8536063,9033,398655,173317,5342832,135653,6806577,184852,12149409,
All CA Counties,2021-03-30,397705,18813632,201779,9682988,177746,8713809,18180,416835,224035,5413921,172916,6979493,244005,12393414,
All CA Counties,2021-03-31,425591,19239223,231792,9914780,172145,8885954,21654,438489,238210,5488439,186402,7165895,260920,12654334,
All CA Counties,2021-04-01,490112,19729335,251668,10166448,198309,9084263,40135,478624,271119,5583128,217745,7383640,312434,12966768,
All CA Counties,2021-04-02,472468,20201803,230639,10397087,198808,9283071,43021,521645,257140,5670912,214136,7597776,301920,13268688,
All CA Counties,2021-04-03,328983,20530786,167587,10564674,120038,9403109,41358,563003,164209,5713457,164162,7761938,206707,13475395,
All CA Counties,2021-04-04,132320,20663106,69045,10633719,44264,9447373,19011,582014,58161,5716899,73875,7835813,77317,13552712,
All CA Counties,2021-04-05,352477,21015583,181855,10815574,131140,9578513,39482,621496,174098,5755271,177706,8013519,216078,13768790,
All CA Counties,2021-04-06,456035,21471618,231310,11046884,159418,9737931,65307,686803,221349,5810229,233790,8247309,288748,14057538,
All CA Counties,2021-04-07,470173,21941791,244376,11291260,156121,9894052,69676,756479,229484,5870905,239791,8487100,300467,14358005,
All CA Counties,2021-04-08,496451,22438242,250717,11541977,162016,10056068,83718,840197,233984,5929803,261387,8748487,320285,14678290,
All CA Counties,2021-04-09,491175,22929417,245185,11787162,166773,10222841,79217,919414,226543,5975369,263637,9012124,309203,14987493,
All CA Counties,2021-04-10,363651,23293068,166592,11953754,123540,10346381,73519,992933,152880,5994459,210070,9222194,229160,15216653,
All CA Counties,2021-04-11,186193,23479261,104462,12058216,47766,10394147,33965,1026898,76918,5999205,108944,9331138,113690,15330343,
All CA Counties,2021-04-12,337182,23816443,173191,12231407,126197,10520344,37794,1064692,156226,6016666,180057,9511195,197518,15527861,
All CA Counties,2021-04-13,429860,24246303,240590,12471997,188339,10708683,931,1065623,240181,6072022,188736,9699931,244092,15771953,
All CA Counties,2021-04-14,447913,24694216,251451,12723448,196183,10904866,279,1065902,234442,6098821,212373,9912304,239172,16011125,
All CA Counties,2021-04-15,488989,25183205,284967,13008415,203784,11108650,238,1066140,274329,6162858,213289,10125593,277326,16288451,
All CA Counties,2021-04-16,473613,25656818,266870,13275285,206436,11315086,307,1066447,252940,6198969,219518,10345111,255629,16544080,
All CA Counties,2021-04-17,339734,25996552,190451,13465736,149242,11464328,41,1066488,193336,6249837,145619,10490730,196487,16740567,
All CA Counties,2021-04-18,153830,26150382,97668,13563404,56146,11520474,16,1066504,79169,6257720,74281,10565011,82164,16822731,
All CA Counties,2021-04-19,316783,26467165,182877,13746281,133819,11654293,87,1066591,149973,6243675,165964,10730975,151919,16974650,
All CA Counties,2021-04-20,405911,26873076,216086,13962367,189761,11844054,64,1066655,202364,6246583,202560,10933535,205468,17180118,
All CA Counties,2021-04-21,418159,27291235,237338,14199705,180562,12024616,259,1066914,200791,6234672,216029,11149564,204118,17384236,
All CA Counties,2021-04-22,445056,27736291,253789,14453494,191194,12215810,73,1066987,198843,6191840,244899,11394463,202067,17586303,
All CA Counties,2021-04-23,436360,28172651,248779,14702273,187497,12403307,84,1067071,197565,6155251,237503,11631966,200914,17787217,
All CA Counties,2021-04-24,321998,28494649,203663,14905936,118174,12521481,161,1067232,163446,6164418,157645,11789611,166812,17954029,
All CA Counties,2021-04-25,149155,28643804,98423,15004359,50667,12572148,65,1067297,80314,6177791,68411,11858022,81784,18035813,
All CA Counties,2021-04-26,279145,28922949,163933,15168292,113760,12685908,1452,1068749,121108,6147535,157132,12015154,126876,18162689,
All CA Counties,2021-04-27,348126,29271075,194064,15362356,148655,12834563,5407,1074156,140417,6089697,206655,12221809,148817,18311506,
All CA Counties,2021-04-28,346423,29617498,198881,15561237,139727,12974290,7815,1081971,141032,6036427,204396,12426205,151126,18462632,
All CA Counties,2021-04-29,354736,29972234,204616,15765853,142299,13116589,7821,1089792,127900,5948212,225754,12651959,137539,18600171,
All CA Counties,2021-04-30,370445,30342679,212960,15978813,148704,13265293,8781,1098573,139942,5869521,229321,12881280,150630,18750801,
All CA Counties,2021-05-01,245282,30587961,156975,16135788,82291,13347584,6016,1104589,89186,5811553,155368,13036648,97400,18848201,
All CA Counties,2021-05-02,115336,30703297,80275,16216063,31242,13378826,3819,1108408,40823,5782422,74138,13110786,45007,18893208,
All CA Counties,2021-05-03,250471,30953768,154725,16370788,87100,13465926,8646,1117054,75851,5693918,173842,13284628,85338,18978546,
All CA Counties,2021-05-04,323998,31277766,197671,16568459,116647,13582573,9680,1126734,95650,5573061,227327,13511955,106470,19085016,
All CA Counties,2021-05-05,326997,31604763,203291,16771750,113768,13696341,9938,1136672,91837,5441790,234012,13745967,102741,19187757,
All CA Counties,2021-05-06,345974,31950737,226051,16997801,109518,13805859,10405,1147077,87990,5286229,256442,14002409,100881,19288638,
All CA Counties,2021-05-07,342238,32292975,214677,17212478,117812,13923671,9749,1156826,93022,5142284,247941,14250350,103996,19392634,
All CA Counties,2021-05-08,222531,32515506,141118,17353596,74748,13998419,6665,1163491,61128,5051073,160390,14410740,69179,19461813,
All CA Counties,2021-05-09,92950,32608456,69875,17423471,20104,14018523,2971,1166462,25445,5012858,67058,14477798,28843,19490656,
All CA Counties,2021-05-10,199825,32808281,113820,17537291,78294,14096817,7711,1174173,49609,4922080,149349,14627147,58571,19549227,
All CA Counties,2021-05-11,257840,33066121,144518,17681809,105249,14202066,8073,1182246,67837,4810503,189123,14816270,77546,19626773,
All CA Counties,2021-05-12,251220,33317341,144439,17826248,98473,14300539,8308,1190554,68670,4706904,181612,14997882,78013,19704786,
All CA Counties,2021-05-13,288477,33605818,185451,18011699,96019,14396558,7007,1197561,107540,4644118,179830,15177712,117044,19821830,
All CA Counties,2021-05-14,329689,33935507,211031,18222730,110015,14506573,8643,1206204,129800,4585865,198767,15376479,140514,19962344,
All CA Counties,2021-05-15,271717,34207224,190107,18412837,75782,14582355,5828,1212032,111819,4545362,159099,15535578,118596,20080940,
All CA Counties,2021-05-16,133148,34340372,101649,18514486,28603,14610958,2896,1214928,53538,4522988,79187,15614765,56813,20137753,
All CA Counties,2021-05-17,235311,34575683,155234,18669720,72840,14683798,7237,1222165,98416,4493442,136067,15750832,106521,20244274,
All CA Counties,2021-05-18,275666,34851349,168460,18838180,99934,14783732,7272,1229437,112977,4453472,161597,15912429,121627,20365901,
All CA Counties,2021-05-19,269563,35120912,168505,19006685,93765,14877497,7293,1236730,115581,4424428,152996,16065425,123952,20489853,
All CA Counties,2021-05-20,220531,35341443,132080,19138765,81331,14958828,7120,1243850,88071,4389319,131541,16196966,96432,20586285,
All CA Counties,2021-05-21,236575,35578018,146608,19285373,83006,15041834,6961,1250811,92193,4346044,143404,16340370,100129,20686414,
All CA Counties,2021-05-22,165136,35743154,111224,19396597,48521,15090355,5391,1256202,72944,4333610,91618,16431988,79184,20765598,
All CA Counties,2021-05-23,60403,35803557,45485,19442082,12828,15103183,2090,1258292,28003,4331759,32150,16464138,30299,20795897,
All CA Counties,2021-05-24,162141,35965698,94017,19536099,60093,15163276,8031,1266323,63407,4306005,97999,16562137,72245,20868142,
All CA Counties,2021-05-25,178360,36144058,105062,19641161,65773,15229049,7525,1273848,70217,4277569,107240,16669377,78804,20946946,
All CA Counties,2021-05-26,99704,36243762,56891,19698052,37460,15266509,5353,1279201,36055,4256282,63024,16732401,41737,20988683,
All CA and Non-CA Counties,2020-12-15,1145,1145,1145,1145,0,0,0,0,1145,1145,0,0,1145,1145,
All CA and Non-CA Counties,2020-12-16,8700,9845,8700,9845,0,0,0,0,8700,9845,0,0,8700,9845,
All CA and Non-CA Counties,2020-12-17,27472,37317,27472,37317,0,0,0,0,27472,37317,0,0,27472,37317,
All CA and Non-CA Counties,2020-12-18,46452,83769,46389,83706,63,63,0,0,46452,83769,0,0,46452,83769,
All CA and Non-CA Counties,2020-12-19,26354,110123,26329,110035,25,88,0,0,26353,110121,1,1,26353,110122,
All CA and Non-CA Counties,2020-12-20,19681,129804,19651,129686,30,118,0,0,19680,129800,1,2,19680,129802,
All CA and Non-CA Counties,2020-12-21,51839,181643,51750,181436,89,207,0,0,51837,181636,1,3,51837,181639,
All CA and Non-CA Counties,2020-12-22,52093,233736,49893,231329,2200,2407,0,0,52091,233726,1,4,52091,233730,
All CA and Non-CA Counties,2020-12-23,52163,285899,43251,274580,8912,11319,0,0,52158,285884,0,4,52158,285888,
All CA and Non-CA Counties,2020-12-24,24879,310778,16968,291548,7911,19230,0,0,24876,310759,1,5,24876,310764,
All CA and Non-CA Counties,2020-12-25,2376,313154,2050,293598,326,19556,0,0,2376,313135,0,5,2376,313140,
All CA and Non-CA Counties,2020-12-26,15016,328170,9666,303264,5350,24906,0,0,15014,328148,1,6,15014,328154,
All CA and Non-CA Counties,2020-12-27,9626,337796,5662,308926,3964,28870,0,0,9625,337772,1,7,9625,337779,
All CA and Non-CA Counties,2020-12-28,47285,385081,30325,339251,16960,45830,0,0,47282,385051,3,10,47282,385061,
All CA and Non-CA Counties,2020-12-29,52539,437620,29448,368699,23091,68921,0,0,52535,437583,3,13,52535,437596,
All CA and Non-CA Counties,2020-12-30,64840,502460,36803,405502,28037,96958,0,0,64832,502412,3,16,64832,502428,
All CA and Non-CA Counties,2020-12-31,30465,532925,11459,416961,19006,115964,0,0,30454,532859,7,23,30454,532882,
All CA and Non-CA Counties,2021-01-01,4257,537182,1869,418830,2388,118352,0,0,4253,537109,3,26,4253,537135,
All CA and Non-CA Counties,2021-01-02,18673,555855,10491,429321,8182,126534,0,0,18671,555779,1,27,18671,555806,
All CA and Non-CA Counties,2021-01-03,6335,562190,3744,433065,2591,129125,0,0,6306,562073,12,39,6306,562112,
All CA and Non-CA Counties,2021-01-04,44726,606916,22723,455788,22003,151128,0,0,44641,606671,43,82,44641,606753,
All CA and Non-CA Counties,2021-01-05,58021,664937,30905,486693,27116,178244,0,0,52373,653547,5590,5672,52466,659219,
All CA and Non-CA Counties,2021-01-06,76028,740965,42228,528921,33800,212044,0,0,59904,697542,15941,21613,59936,719155,
All CA and Non-CA Counties,2021-01-07,96192,837157,55037,583958,41155,253199,0,0,63856,729283,32166,53779,63907,783062,
All CA and Non-CA Counties,2021-01-08,111135,948292,67069,651027,44066,297265,0,0,68092,754540,42901,96680,68158,851220,
All CA and Non-CA Counties,2021-01-09,45617,993909,26084,677111,19533,316798,0,0,28777,766529,16816,113496,28805,880025,
All CA and Non-CA Counties,2021-01-10,24606,1018515,15195,692306,9411,326209,0,0,13254,768465,11335,124831,13271,893296,
All CA and Non-CA Counties,2021-01-11,107679,1126194,71464,763770,36215,362424,0,0,62575,786147,45062,169893,62744,956040,
All CA and Non-CA Counties,2021-01-12,117247,1243441,69445,833215,47802,410226,0,0,74714,818646,42449,212342,74948,1030988,
All CA and Non-CA Counties,2021-01-13,122665,1366106,63543,896758,59122,469348,0,0,87830,871806,34751,247093,87911,1118899,
All CA and Non-CA Counties,2021-01-14,127353,1493459,50860,947618,76493,545841,0,0,107150,959032,20086,267179,107312,1226211,
All CA and Non-CA Counties,2021-01-15,145907,1639366,52787,1000405,93120,638961,0,0,130404,1074243,15397,282576,130608,1356819,
All CA and Non-CA Counties,2021-01-16,83034,1722400,27709,1028114,55325,694286,0,0,75306,1141899,7700,290276,75356,1432175,
All CA and Non-CA Counties,2021-01-17,48596,1770996,16952,1045066,31644,725930,0,0,44911,1183179,3678,293954,44958,1477133,
All CA and Non-CA Counties,2021-01-18,89297,1860293,46767,1091833,42530,768460,0,0,69563,1233243,19658,313612,69722,1546855,
All CA and Non-CA Counties,2021-01-19,145757,2006050,74912,1166745,70845,839305,0,0,113757,1315417,31907,345519,114081,1660936,
All CA and Non-CA Counties,2021-01-20,164431,2170481,83309,1250054,81122,920427,0,0,129908,1411278,34304,379823,130165,1791101,
All CA and Non-CA Counties,2021-01-21,177219,2347700,78040,1328094,99179,1019606,0,0,157592,1549811,19404,399227,157937,1949038,
All CA and Non-CA Counties,2021-01-22,173918,2521618,70281,1398375,103637,1123243,0,0,159258,1694689,14525,413752,159403,2108441,
All CA and Non-CA Counties,2021-01-23,113399,2635017,49765,1448140,63634,1186877,0,0,100753,1782967,12588,426340,100866,2209307,
All CA and Non-CA Counties,2021-01-24,61558,2696575,29724,1477864,31834,1218711,0,0,56843,1835182,4686,431026,56901,2266208,
All CA and Non-CA Counties,2021-01-25,149104,2845679,67314,1545178,81790,1300501,0,0,113155,1912869,35822,466848,113509,2379717,
All CA and Non-CA Counties,2021-01-26,174250,3019929,85689,1630867,88561,1389062,0,0,136011,2011031,38112,504960,136274,2515991,
All CA and Non-CA Counties,2021-01-27,184456,3204385,90366,1721233,94090,1483152,0,0,144703,2116507,39436,544396,144912,2660903,
All CA and Non-CA Counties,2021-01-28,192793,3397178,89520,1810753,103273,1586425,0,0,158172,2240556,34330,578726,158379,2819282,
All CA and Non-CA Counties,2021-01-29,188124,3585302,91425,1902178,96699,1683124,0,0,152805,2358780,34749,613475,152973,2972255,
All CA and Non-CA Counties,2021-01-30,127794,3713096,58079,1960257,69715,1752839,0,0,112198,2455685,15433,628908,112338,3084593,
All CA and Non-CA Counties,2021-01-31,72022,3785118,41285,2001542,30737,1783576,0,0,67211,2518189,4762,633670,67266,3151859,
All CA and Non-CA Counties,2021-02-01,167169,3952287,78565,2080107,88604,1872180,0,0,125815,2602937,41191,674861,125939,3277798,
All CA and Non-CA Counties,2021-02-02,191094,4143381,79906,2160013,111188,1983368,0,0,146122,2704590,44690,719551,146343,3424141,
All CA and Non-CA Counties,2021-02-03,218060,4361441,97618,2257631,120442,2103810,0,0,162905,2813087,54651,774202,163148,3587289,
All CA and Non-CA Counties,2021-02-04,234419,4595860,101946,2359577,132473,2236283,0,0,172943,2925453,60933,835135,173299,3760588,
All CA and Non-CA Counties,2021-02-05,252472,4848332,108534,2468111,143938,2380221,0,0,172762,3019789,78944,914079,173280,3933868,
All CA and Non-CA Counties,2021-02-06,159141,5007473,76985,2545096,82156,2462377,0,0,123954,3109220,35016,949095,124447,4058315,
All CA and Non-CA Counties,2021-02-07,69014,5076487,45031,2590127,23983,2486360,0,0,52526,3145787,16411,965506,52978,4111293,
All CA and Non-CA Counties,2021-02-08,185942,5262429,92237,2682364,93705,2580065,0,0,123514,3208043,61992,1027498,124248,4235541,
All CA and Non-CA Counties,2021-02-09,215475,5477904,104054,2786418,111421,2691486,0,0,129698,3253570,85320,1112818,130847,4366388,
All CA and Non-CA Counties,2021-02-10,253797,5731701,121548,2907966,132249,2823735,0,0,141039,3284180,111941,1224759,142551,4508939,
All CA and Non-CA Counties,2021-02-11,269970,6001671,133613,3041579,136357,2960092,0,0,148510,3314126,120362,1345121,150308,4659247,
All CA and Non-CA Counties,2021-02-12,277157,6278828,121216,3162795,155941,3116033,0,0,150233,3340649,126066,1471187,152589,4811836,
All CA and Non-CA Counties,2021-02-13,169097,6447925,77957,3240752,91140,3207173,0,0,94038,3361956,74692,1545879,95999,4907835,
All CA and Non-CA Counties,2021-02-14,96565,6544490,47785,3288537,48780,3255953,0,0,52676,3372452,43722,1589601,54218,4962053,
All CA and Non-CA Counties,2021-02-15,144840,6689330,63959,3352496,80881,3336834,0,0,80023,3391168,64432,1654033,83148,5045201,
All CA and Non-CA Counties,2021-02-16,255078,6944408,120897,3473393,134181,3471015,0,0,135767,3411100,118932,1772965,138864,5184065,
All CA and Non-CA Counties,2021-02-17,264559,7208967,131702,3605095,132857,3603872,0,0,130824,3411930,133198,1906163,134028,5318093,
All CA and Non-CA Counties,2021-02-18,278756,7487723,145781,3750876,132975,3736847,0,0,133834,3405758,144212,2050375,138040,5456133,
All CA and Non-CA Counties,2021-02-19,258078,7745801,150414,3901290,107664,3844511,0,0,132779,3415800,124808,2175183,134850,5590983,
All CA and Non-CA Counties,2021-02-20,155875,7901676,100486,4001776,55389,3899900,0,0,85275,3432701,70343,2245526,87244,5678227,
All CA and Non-CA Counties,2021-02-21,84688,7986364,70436,4072212,14252,3914152,0,0,42145,3434106,42305,2287831,43710,5721937,
All CA and Non-CA Counties,2021-02-22,167040,8153404,112301,4184513,54739,3968891,0,0,83666,3436443,83060,2370891,85397,5807334,
All CA and Non-CA Counties,2021-02-23,231073,8384477,122673,4307186,108400,4077291,0,0,107414,3426786,123065,2493956,113408,5920742,
All CA and Non-CA Counties,2021-02-24,288985,8673462,146415,4453601,142570,4219861,0,0,137292,3420538,151075,2645031,144827,6065569,
All CA and Non-CA Counties,2021-02-25,326409,8999871,160848,4614449,165561,4385422,0,0,171079,3445525,154624,2799655,179611,6245180,
All CA and Non-CA Counties,2021-02-26,359705,9359576,167905,4782354,191800,4577222,0,0,201160,3496376,157568,2957223,208419,6453599,
All CA and Non-CA Counties,2021-02-27,256049,9615625,124734,4907088,131294,4708516,21,21,144152,3533665,111289,3068512,148578,6602177,
All CA and Non-CA Counties,2021-02-28,132720,9748345,79686,4986774,53028,4761544,6,27,76932,3558074,55366,3123878,79775,6681952,
All CA and Non-CA Counties,2021-03-01,244284,9992629,130779,5117553,113416,4874960,89,116,139537,3597674,104018,3227896,143618,6825570,
All CA and Non-CA Counties,2021-03-02,295186,10287815,148536,5266089,146632,5021592,18,134,176491,3662870,118186,3346082,183382,7008952,
All CA and Non-CA Counties,2021-03-03,339176,10626991,167523,5433612,171599,5193191,54,188,193617,3718958,144876,3490958,200964,7209916,
All CA and Non-CA Counties,2021-03-04,357375,10984366,180479,5614091,176804,5369995,92,280,208215,3785870,148411,3639369,215323,7425239,
All CA and Non-CA Counties,2021-03-05,344016,11328382,169648,5783739,173233,5543228,1135,1415,213855,3878741,129357,3768726,222228,7647467,
All CA and Non-CA Counties,2021-03-06,263085,11591467,135074,5918813,120056,5663284,7955,9370,163007,3954731,99665,3868391,175655,7823122,
All CA and Non-CA Counties,2021-03-07,129014,11720481,79449,5998262,45430,5708714,4135,13505,80866,3995438,47962,3916353,88669,7911791,
All CA and Non-CA Counties,2021-03-08,221577,11942058,108065,6106327,102878,5811592,10634,24139,145343,4080547,75833,3992186,160942,8072733,
All CA and Non-CA Counties,2021-03-09,295646,12237704,141688,6248015,137787,5949379,16171,40310,166204,4138014,128964,4121150,186431,8259164,
All CA and Non-CA Counties,2021-03-10,326167,12563871,162932,6410947,138331,6087710,24904,65214,177270,4196099,148252,4269402,206337,8465501,
All CA and Non-CA Counties,2021-03-11,381972,12945843,184966,6595913,163030,6250740,33976,99190,196506,4246245,184551,4453953,234697,8700198,
All CA and Non-CA Counties,2021-03-12,400655,13346498,180264,6776177,173396,6424136,46995,146185,197438,4292390,202426,4656379,248571,8948769,
All CA and Non-CA Counties,2021-03-13,285899,13632397,126954,6903131,127375,6551511,31570,177755,154942,4352773,130505,4786884,190888,9139657,
All CA and Non-CA Counties,2021-03-14,156540,13788937,84163,6987294,57016,6608527,15361,193116,79838,4373818,76423,4863307,97468,9237125,
All CA and Non-CA Counties,2021-03-15,294157,14083094,140811,7128105,132352,6740879,20994,214110,160308,4425359,133139,4996446,184680,9421805,
All CA and Non-CA Counties,2021-03-16,377191,14460285,178128,7306233,181406,6922285,17657,231767,218813,4507366,157659,5154105,239666,9661471,
All CA and Non-CA Counties,2021-03-17,391307,14851592,194935,7501168,177473,7099758,18899,250666,242576,4623424,147927,5302032,263985,9925456,
All CA and Non-CA Counties,2021-03-18,408518,15260110,210204,7711372,179812,7279570,18502,269168,243437,4723423,164004,5466036,264003,10189459,
All CA and Non-CA Counties,2021-03-19,417518,15677628,220153,7931525,175274,7454844,22091,291259,243831,4818601,172724,5638760,267902,10457361,
All CA and Non-CA Counties,2021-03-20,298760,15976388,157573,8089098,125266,7580110,15921,307180,190033,4917927,108070,5746830,207396,10664757,
All CA and Non-CA Counties,2021-03-21,145637,16122025,100689,8189787,37351,7617461,7597,314777,91821,4965222,53471,5800301,100766,10765523,
All CA and Non-CA Counties,2021-03-22,276101,16398126,160976,8350763,103851,7721312,11274,326051,181077,5066311,94267,5894568,195356,10960879,
All CA and Non-CA Counties,2021-03-23,362888,16761014,199531,8550294,152004,7873316,11353,337404,223801,5165855,138183,6032751,237727,11198606,
All CA and Non-CA Counties,2021-03-24,394332,17155346,225590,8775884,155851,8029167,12891,350295,231077,5249876,162041,6194792,246062,11444668,
All CA and Non-CA Counties,2021-03-25,425436,17580782,233930,9009814,176191,8205358,15315,365610,243242,5329697,180898,6375690,260719,11705387,
All CA and Non-CA Counties,2021-03-26,441081,18021863,236201,9246015,188645,8394003,16235,381845,239657,5388227,200212,6575902,258742,11964129,
All CA and Non-CA Counties,2021-03-27,317192,18339055,169325,9415340,135879,8529882,11988,393833,161600,5409261,154789,6730691,175823,12139952,
All CA and Non-CA Counties,2021-03-28,172071,18511126,110456,9525796,57882,8587764,3733,397566,91612,5426506,80014,6810705,97259,12237211,
All CA and Non-CA Counties,2021-03-29,314897,18826023,169662,9695458,135851,8723615,9384,406950,176269,5476777,137885,6948590,188156,12425367,
All CA and Non-CA Counties,2021-03-30,404599,19230622,205418,9900876,180436,8904051,18745,425695,228096,5549678,175737,7124327,248638,12674005,
All CA and Non-CA Counties,2021-03-31,431948,19662570,235622,10136498,173899,9077950,22427,448122,241590,5625374,189374,7313701,265070,12939075,
All CA and Non-CA Counties,2021-04-01,497610,20160180,256186,10392684,200645,9278595,40779,488901,275457,5721888,220897,7534598,317411,13256486,
All CA and Non-CA Counties,2021-04-02,480982,20641162,235179,10627863,201630,9480225,44173,533074,261552,5811140,218231,7752829,307483,13563969,
All CA and Non-CA Counties,2021-04-03,335154,20976316,171247,10799110,121384,9601609,42523,575597,167435,5855141,167098,7919927,211099,13775068,
All CA and Non-CA Counties,2021-04-04,134116,21110432,69925,10869035,44945,9646554,19246,594843,59141,5858982,74689,7994616,78530,13853598,
All CA and Non-CA Counties,2021-04-05,356600,21467032,183904,11052939,132555,9779109,40141,634984,176064,5897828,179857,8174473,218703,14072301,
All CA and Non-CA Counties,2021-04-06,463018,21930050,235079,11288018,161049,9940158,66890,701874,224175,5953049,237935,8412408,293156,14365457,
All CA and Non-CA Counties,2021-04-07,478350,22408400,249089,11537107,157901,10098059,71360,773234,232656,6013582,244788,8657196,305321,14670778,
All CA and Non-CA Counties,2021-04-08,504513,22912913,255009,11792116,163862,10261921,85642,858876,237099,6072580,266327,8923523,325325,14996103,
All CA and Non-CA Counties,2021-04-09,498612,23411525,249055,12041171,168423,10430344,81134,940010,229404,6118359,268204,9191727,313983,15310086,
All CA and Non-CA Counties,2021-04-10,369730,23781255,169669,12210840,124696,10555040,75365,1015375,154575,6136605,214448,9406175,232694,15542780,
All CA and Non-CA Counties,2021-04-11,189011,23970266,105995,12316835,48417,10603457,34599,1049974,77871,6141076,110806,9516981,115277,15658057,
All CA and Non-CA Counties,2021-04-12,341261,24311527,175477,12492312,127453,10730910,38331,1088305,158026,6158600,182330,9699311,199854,15857911,
All CA and Non-CA Counties,2021-04-13,435568,24747095,244273,12736585,190341,10921251,954,1089259,243112,6214139,191507,9890818,247046,16104957,
All CA and Non-CA Counties,2021-04-14,453132,25200227,254737,12991322,198112,11119363,283,1089542,237264,6241371,214766,10105584,241998,16346955,
All CA and Non-CA Counties,2021-04-15,495075,25695302,288792,13280114,206038,11325401,245,1089787,277575,6305875,216076,10321660,280580,16627535,
All CA and Non-CA Counties,2021-04-16,479423,26174725,270199,13550313,208910,11534311,314,1090101,256165,6342643,222094,10543754,258862,16886397,
All CA and Non-CA Counties,2021-04-17,345009,26519734,193620,13743933,151347,11685658,42,1090143,196320,6394214,147901,10691655,199472,17085869,
All CA and Non-CA Counties,2021-04-18,155910,26675644,98820,13842753,57073,11742731,17,1090160,80140,6401966,75385,10767040,83137,17169006,
All CA and Non-CA Counties,2021-04-19,320922,26996566,184893,14027646,135941,11878672,88,1090248,152106,6388063,167959,10934999,154056,17323062,
All CA and Non-CA Counties,2021-04-20,411278,27407844,218543,14246189,192671,12071343,64,1090312,204558,6389996,205729,11140728,207662,17530724,
All CA and Non-CA Counties,2021-04-21,424481,27832325,239997,14486186,184221,12255564,263,1090575,203032,6376259,220100,11360828,206363,17737087,
All CA and Non-CA Counties,2021-04-22,451768,28284093,257235,14743421,194457,12450021,76,1090651,201275,6331594,249168,11609996,204503,17941590,
All CA and Non-CA Counties,2021-04-23,442238,28726331,251733,14995154,190420,12640441,85,1090736,200003,6294021,240927,11850923,203354,18144944,
All CA and Non-CA Counties,2021-04-24,326424,29052755,206587,15201741,119672,12760113,165,1090901,165158,6302199,160353,12011276,168531,18313475,
All CA and Non-CA Counties,2021-04-25,151310,29204065,99691,15301432,51552,12811665,67,1090968,81421,6315638,69457,12080733,82896,18396371,
All CA and Non-CA Counties,2021-04-26,282799,29486864,165577,15467009,115747,12927412,1475,1092443,122753,6285047,159135,12239868,128544,18524915,
All CA and Non-CA Counties,2021-04-27,353451,29840315,195991,15663000,151761,13079173,5699,1098142,142370,6226091,210024,12449892,151068,18675983,
All CA and Non-CA Counties,2021-04-28,351316,30191631,200966,15863966,142141,13221314,8209,1106351,143002,6172271,207312,12657204,153492,18829475,
All CA and Non-CA Counties,2021-04-29,359683,30551314,206891,16070857,144539,13365853,8253,1114604,129840,6083441,228741,12885945,139911,18969386,
All CA and Non-CA Counties,2021-04-30,375477,30926791,215451,16286308,150816,13516669,9210,1123814,141926,6004126,232358,13118303,153043,19122429,
All CA and Non-CA Counties,2021-05-01,248571,31175362,158937,16445245,83189,13599858,6445,1130259,90564,5946061,157271,13275574,99206,19221635,
All CA and Non-CA Counties,2021-05-02,117224,31292586,81377,16526622,31904,13631762,3943,1134202,41693,5916908,75154,13350728,46001,19267636,
All CA and Non-CA Counties,2021-05-03,253515,31546101,156515,16683137,88072,13719834,8928,1143130,77134,5828210,175600,13526328,86902,19354538,
All CA and Non-CA Counties,2021-05-04,328266,31874367,200120,16883257,118019,13837853,10127,1153257,97312,5706856,229928,13756256,108574,19463112,
All CA and Non-CA Counties,2021-05-05,331611,32205978,206029,17089286,115275,13953128,10307,1163564,93720,5575118,236734,13992990,104996,19568108,
All CA and Non-CA Counties,2021-05-06,350491,32556469,228916,17318202,110835,14063963,10740,1174304,89742,5418885,259201,14252191,102968,19671076,
All CA and Non-CA Counties,2021-05-07,347137,32903606,217600,17535802,119408,14183371,10129,1184433,94987,5274364,250862,14503053,106341,19777417,
All CA and Non-CA Counties,2021-05-08,226112,33129718,143591,17679393,75609,14258980,6912,1191345,62658,5182944,162377,14665430,70957,19848374,
All CA and Non-CA Counties,2021-05-09,94331,33224049,70762,17750155,20469,14279449,3100,1194445,26042,5144690,67822,14733252,29568,19877942,
All CA and Non-CA Counties,2021-05-10,202506,33426555,115076,17865231,79393,14358842,8037,1202482,50683,5053725,150938,14884190,59973,19937915,
All CA and Non-CA Counties,2021-05-11,260735,33687290,145933,18011164,106446,14465288,8356,1210838,68999,4941864,190855,15075045,78994,20016909,
All CA and Non-CA Counties,2021-05-12,254098,33941388,145780,18156944,99713,14565001,8605,1219443,69800,4837948,183355,15258400,79439,20096348,
All CA and Non-CA Counties,2021-05-13,291244,34232632,187033,18343977,97004,14662005,7207,1226650,108799,4775120,181333,15439733,118505,20214853,
All CA and Non-CA Counties,2021-05-14,333217,34565849,213062,18557039,111277,14773282,8878,1235528,131448,4716877,200640,15640373,142397,20357250,
All CA and Non-CA Counties,2021-05-15,274367,34840216,191666,18748705,76729,14850011,5972,1241500,112996,4676230,160567,15800940,119920,20477170,
All CA and Non-CA Counties,2021-05-16,134792,34975008,102696,18851401,29131,14879142,2965,1244465,54325,4653859,80041,15880981,57670,20534840,
All CA and Non-CA Counties,2021-05-17,238371,35213379,156904,19008305,73993,14953135,7474,1251939,99852,4624367,137687,16018668,108195,20643035,
All CA and Non-CA Counties,2021-05-18,278926,35492305,170149,19178454,101187,15054322,7590,1259529,114555,4584625,163267,16181935,123525,20766560,
All CA and Non-CA Counties,2021-05-19,272916,35765221,170267,19348721,95087,15149409,7562,1267091,117142,4555626,154781,16336716,125782,20892342,
All CA and Non-CA Counties,2021-05-20,222841,35988062,133497,19482218,82031,15231440,7313,1274404,89273,4520814,132641,16469357,97829,20990171,
All CA and Non-CA Counties,2021-05-21,239311,36227373,148330,19630548,83795,15315235,7186,1281590,93546,4477744,144778,16614135,101708,21091879,
All CA and Non-CA Counties,2021-05-22,167557,36394930,112878,19743426,49105,15364340,5574,1287164,74476,4466143,92499,16706634,80898,21172777,
All CA and Non-CA Counties,2021-05-23,61557,36456487,46429,19789855,12977,15377317,2151,1289315,28676,4464549,32628,16739262,31034,21203811,
All CA and Non-CA Counties,2021-05-24,165057,36621544,95585,19885440,61078,15438395,8394,1297709,64974,4439383,99342,16838604,74176,21277987,
All CA and Non-CA Counties,2021-05-25,181493,36803037,106778,19992218,66849,15505244,7866,1305575,71746,4411224,108833,16947437,80674,21358661,
All CA and Non-CA Counties,2021-05-26,101175,36904212,57573,20049791,37978,15543222,5624,1311199,36495,4389619,64053,17011490,42448,21401109,
Outside California,2020-12-15,7,7,7,7,0,0,0,0,7,7,0,0,7,7,Not in California
Outside California,2020-12-16,273,280,273,280,0,0,0,0,273,280,0,0,273,280,Not in California
Outside California,2020-12-17,1598,1878,1598,1878,0,0,0,0,1598,1878,0,0,1598,1878,Not in California
Outside California,2020-12-18,2551,4429,2544,4422,7,7,0,0,2551,4429,0,0,2551,4429,Not in California
Outside California,2020-12-19,1037,5466,1036,5458,1,8,0,0,1037,5466,0,0,1037,5466,Not in California
Outside California,2020-12-20,682,6148,679,6137,3,11,0,0,682,6148,0,0,682,6148,Not in California
Outside California,2020-12-21,2184,8332,2181,8318,3,14,0,0,2184,8332,0,0,2184,8332,Not in California
Outside California,2020-12-22,2083,10415,2010,10328,73,87,0,0,2083,10415,0,0,2083,10415,Not in California
Outside California,2020-12-23,1531,11946,1391,11719,140,227,0,0,1530,11945,0,0,1530,11945,Not in California
Outside California,2020-12-24,804,12750,611,12330,193,420,0,0,804,12749,0,0,804,12749,Not in California
Outside California,2020-12-25,33,12783,29,12359,4,424,0,0,33,12782,0,0,33,12782,Not in California
Outside California,2020-12-26,307,13090,203,12562,104,528,0,0,307,13089,0,0,307,13089,Not in California
Outside California,2020-12-27,189,13279,73,12635,116,644,0,0,189,13278,0,0,189,13278,Not in California
Outside California,2020-12-28,1411,14690,892,13527,519,1163,0,0,1411,14689,0,0,1411,14689,Not in California
Outside California,2020-12-29,1543,16233,1012,14539,531,1694,0,0,1543,16232,0,0,1543,16232,Not in California
Outside California,2020-12-30,1916,18149,1229,15768,687,2381,0,0,1916,18148,0,0,1916,18148,Not in California
Outside California,2020-12-31,1118,19267,601,16369,517,2898,0,0,1117,19264,1,1,1117,19265,Not in California
Outside California,2021-01-01,112,19379,25,16394,87,2985,0,0,112,19376,0,1,112,19377,Not in California
Outside California,2021-01-02,239,19618,132,16526,107,3092,0,0,238,19613,1,2,238,19615,Not in California
Outside California,2021-01-03,170,19788,91,16617,79,3171,0,0,170,19783,0,2,170,19785,Not in California
Outside California,2021-01-04,1150,20938,514,17131,636,3807,0,0,1145,20927,1,3,1145,20930,Not in California
Outside California,2021-01-05,1544,22482,816,17947,728,4535,0,0,1353,22092,189,192,1354,22284,Not in California
Outside California,2021-01-06,2701,25183,1595,19542,1106,5641,0,0,1963,23321,734,926,1963,24247,Not in California
Outside California,2021-01-07,4137,29320,2531,22073,1606,7247,0,0,2483,24154,1652,2578,2485,26732,Not in California
Outside California,2021-01-08,4509,33829,2916,24989,1593,8840,0,0,2637,24932,1862,4440,2640,29372,Not in California
Outside California,2021-01-09,1319,35148,532,25521,787,9627,0,0,991,25598,327,4767,993,30365,Not in California
Outside California,2021-01-10,304,35452,182,25703,122,9749,0,0,183,25660,121,4888,183,30548,Not in California
Outside California,2021-01-11,3295,38747,2004,27707,1291,11040,0,0,1970,26305,1325,6213,1970,32518,Not in California
Outside California,2021-01-12,3871,42618,2316,30023,1555,12595,0,0,2333,27106,1534,7747,2335,34853,Not in California
Outside California,2021-01-13,3671,46289,1799,31822,1872,14467,0,0,2500,28438,1171,8918,2503,37356,Not in California
Outside California,2021-01-14,3714,50003,1276,33098,2438,16905,0,0,3073,30885,628,9546,3075,40431,Not in California
Outside California,2021-01-15,4235,54238,991,34089,3244,20149,0,0,3768,34199,454,10000,3768,44199,Not in California
Outside California,2021-01-16,2687,56925,384,34473,2303,22452,0,0,2511,36536,174,10174,2511,46710,Not in California
Outside California,2021-01-17,500,57425,153,34626,347,22799,0,0,450,36936,50,10224,450,47160,Not in California
Outside California,2021-01-18,1195,58620,767,35393,428,23227,0,0,741,37224,453,10677,741,47901,Not in California
Outside California,2021-01-19,4030,62650,1321,36714,2709,25936,0,0,3142,39481,888,11565,3145,51046,Not in California
Outside California,2021-01-20,4387,67037,1405,38119,2982,28918,0,0,3451,42001,932,12497,3452,54498,Not in California
Outside California,2021-01-21,4114,71151,1125,39244,2989,31907,0,0,3551,45004,548,13045,3551,58049,Not in California
Outside California,2021-01-22,4624,75775,1090,40334,3534,35441,0,0,4222,48829,398,13443,4223,62272,Not in California
Outside California,2021-01-23,2246,78021,334,40668,1912,37353,0,0,2084,50751,162,13605,2084,64356,Not in California
Outside California,2021-01-24,608,78629,246,40914,362,37715,0,0,531,51205,77,13682,531,64887,Not in California
Outside California,2021-01-25,4483,83112,1951,42865,2532,40247,0,0,3583,53892,897,14579,3584,68471,Not in California
Outside California,2021-01-26,5926,89038,2876,45741,3050,43297,0,0,5056,58086,869,15448,5063,73534,Not in California
Outside California,2021-01-27,4817,93855,2665,48406,2152,45449,0,0,4182,61638,631,16079,4183,77717,Not in California
Outside California,2021-01-28,5264,99119,2859,51265,2405,47854,0,0,4730,65844,524,16603,4730,82447,Not in California
Outside California,2021-01-29,4915,104034,3075,54340,1840,49694,0,0,4125,69187,784,17387,4127,86574,Not in California
Outside California,2021-01-30,4480,108514,2438,56778,2042,51736,0,0,4246,73203,231,17618,4247,90821,Not in California
Outside California,2021-01-31,3056,111570,2636,59414,420,52156,0,0,3002,76153,53,17671,3003,93824,Not in California
Outside California,2021-02-01,5481,117051,2571,61985,2910,55066,0,0,4781,80242,692,18363,4781,98605,Not in California
Outside California,2021-02-02,6744,123795,2159,64144,4585,59651,0,0,6023,85551,714,19077,6023,104628,Not in California
Outside California,2021-02-03,7308,131103,2078,66222,5230,64881,0,0,6438,91128,862,19939,6439,111067,Not in California
Outside California,2021-02-04,6798,137901,2176,68398,4622,69503,0,0,5799,95938,990,20929,5800,116867,Not in California
Outside California,2021-02-05,6805,144706,2230,70628,4575,74078,0,0,5736,100609,1065,21994,5736,122603,Not in California
Outside California,2021-02-06,4435,149141,2157,72785,2278,76356,0,0,3968,104122,458,22452,3971,126574,Not in California
Outside California,2021-02-07,2234,151375,1846,74631,388,76744,0,0,2154,106198,80,22532,2156,128730,Not in California
Outside California,2021-02-08,5346,156721,3377,78008,1969,78713,0,0,4287,109437,1048,23580,4287,133017,Not in California
Outside California,2021-02-09,4284,161005,1922,79930,2362,81075,0,0,2982,111142,1291,24871,2996,136013,Not in California
Outside California,2021-02-10,5606,166611,1942,81872,3664,84739,0,0,3171,111928,2427,27298,3213,139226,Not in California
Outside California,2021-02-11,4848,171459,2268,84140,2580,87319,0,0,3545,114198,1293,28591,3563,142789,Not in California
Outside California,2021-02-12,5233,176692,1956,86096,3277,90596,0,0,3408,115797,1813,30404,3412,146201,Not in California
Outside California,2021-02-13,2439,179131,726,86822,1713,92309,0,0,1884,117139,554,30958,1896,148097,Not in California
Outside California,2021-02-14,1343,180474,420,87242,923,93232,0,0,1101,118004,238,31196,1103,149200,Not in California
Outside California,2021-02-15,2549,183023,1531,88773,1018,94250,0,0,1235,117942,1301,32497,1239,150439,Not in California
Outside California,2021-02-16,6426,189449,2878,91651,3548,97798,0,0,2620,116773,3795,36292,2626,153065,Not in California
Outside California,2021-02-17,5945,195394,2978,94629,2967,100765,0,0,1865,114569,4074,40366,1870,154935,Not in California
Outside California,2021-02-18,6412,201806,3706,98335,2706,103471,0,0,2065,112306,4329,44695,2066,157001,Not in California
Outside California,2021-02-19,5730,207536,3964,102299,1766,105237,0,0,2428,111440,3296,47991,2430,159431,Not in California
Outside California,2021-02-20,3335,210871,2686,104985,649,105886,0,0,1244,110598,2087,50078,1245,160676,Not in California
Outside California,2021-02-21,2729,213600,2512,107497,217,106103,0,0,852,109581,1872,51950,855,161531,Not in California
Outside California,2021-02-22,3472,217072,2539,110036,933,107036,0,0,1625,109367,1844,53794,1630,163161,Not in California
Outside California,2021-02-23,6013,223085,3372,113408,2641,109677,0,0,2366,108107,3640,57434,2380,165541,Not in California
Outside California,2021-02-24,6410,229495,3535,116943,2875,112552,0,0,2502,106711,3903,61337,2507,168048,Not in California
Outside California,2021-02-25,6912,236407,3505,120448,3407,115959,0,0,3149,106132,3732,65069,3153,171201,Not in California
Outside California,2021-02-26,6821,243228,3623,124071,3198,119157,0,0,3174,105740,3567,68636,3175,174376,Not in California
Outside California,2021-02-27,5504,248732,2773,126844,2730,121887,1,1,1890,104030,3604,72240,1894,176270,Not in California
Outside California,2021-02-28,2439,251171,1776,128620,662,122549,1,2,799,103193,1638,73878,801,177071,Not in California
Outside California,2021-03-01,4967,256138,3160,131780,1806,124355,1,3,1349,100938,3610,77488,1355,178426,Not in California
Outside California,2021-03-02,6730,262868,2489,134269,4241,128596,0,3,2068,98358,4650,82138,2070,180496,Not in California
Outside California,2021-03-03,7865,270733,3067,137336,4796,133392,2,5,2639,95789,5214,87352,2645,183141,Not in California
Outside California,2021-03-04,6800,277533,2903,140239,3893,137285,4,9,2299,93609,4485,91837,2305,185446,Not in California
Outside California,2021-03-05,5276,282809,2676,142915,2586,139871,14,23,2720,93806,2545,94382,2742,188188,Not in California
Outside California,2021-03-06,4610,287419,2147,145062,2308,142179,155,178,2342,94046,2265,96647,2505,190693,Not in California
Outside California,2021-03-07,1601,289020,1028,146090,519,142698,54,232,972,94446,628,97275,1028,191721,Not in California
Outside California,2021-03-08,3108,292128,1843,147933,1021,143719,244,476,2204,96026,875,98150,2455,194176,Not in California
Outside California,2021-03-09,4645,296773,2363,150296,1965,145684,317,793,2738,97178,1903,100053,3055,197231,Not in California
Outside California,2021-03-10,4406,301179,2114,152410,1780,147464,512,1305,2723,98746,1674,101727,3242,200473,Not in California
Outside California,2021-03-11,6165,307344,3148,155558,2337,149801,680,1985,3329,99926,2830,104557,4010,204483,Not in California
Outside California,2021-03-12,6468,313812,3885,159443,1859,151660,724,2709,3602,101399,2858,107415,4331,208814,Not in California
Outside California,2021-03-13,3782,317594,2188,161631,1122,152782,472,3181,2590,103289,1183,108598,3073,211887,Not in California
Outside California,2021-03-14,1815,319409,938,162569,539,153321,338,3519,1007,103829,808,109406,1348,213235,Not in California
Outside California,2021-03-15,4062,323471,2123,164692,1481,154802,458,3977,2180,104595,1875,111281,2641,215876,Not in California
Outside California,2021-03-16,7501,330972,4375,169067,2747,157549,379,4356,4162,105797,3336,114617,4538,220414,Not in California
Outside California,2021-03-17,8438,339410,5457,174524,2607,160156,374,4730,5076,107890,3358,117975,5451,225865,Not in California
Outside California,2021-03-18,8295,347705,5110,179634,2646,162802,539,5269,4822,109786,3465,121440,5361,231226,Not in California
Outside California,2021-03-19,7332,355037,4341,183975,2447,165249,544,5813,4405,111817,2922,124362,4953,236179,Not in California
Outside California,2021-03-20,4779,359816,3155,187130,1537,166786,87,5900,3656,114444,1116,125478,3743,239922,Not in California
Outside California,2021-03-21,2089,361905,1436,188566,566,167352,87,5987,1674,115792,413,125891,1761,241683,Not in California
Outside California,2021-03-22,3240,365145,1953,190519,1199,168551,88,6075,2218,117083,1015,126906,2306,243989,Not in California
Outside California,2021-03-23,6056,371201,3088,193607,2668,171219,300,6375,4121,119583,1921,128827,4421,248410,Not in California
Outside California,2021-03-24,7313,378514,3763,197370,3105,174324,445,6820,5080,122880,2226,131053,5523,253933,Not in California
Outside California,2021-03-25,8266,386780,3851,201221,3893,178217,522,7342,6027,127203,2227,133280,6550,260483,Not in California
Outside California,2021-03-26,6661,393441,3546,204767,2942,181159,173,7515,4397,129533,2239,135519,4569,265052,Not in California
Outside California,2021-03-27,5542,398983,3137,207904,2190,183349,215,7730,3482,131176,2051,137570,3694,268746,Not in California
Outside California,2021-03-28,3075,402058,1646,209550,1271,184620,158,7888,1988,132240,1082,138652,2146,270892,Not in California
Outside California,2021-03-29,5152,407210,2324,211874,2478,187098,350,8238,2929,133300,2220,140872,3280,274172,Not in California
Outside California,2021-03-30,6853,414063,3614,215488,2674,189772,565,8803,4036,135102,2806,143678,4608,278780,Not in California
Outside California,2021-03-31,6323,420386,3809,219297,1741,191513,773,9576,3357,136268,2961,146639,4127,282907,Not in California
Outside California,2021-04-01,7479,427865,4503,223800,2332,193845,644,10220,4325,138085,3147,149786,4964,287871,Not in California
Outside California,2021-04-02,8473,436338,4523,228323,2807,196652,1143,11363,4394,139549,4072,153858,5536,293407,Not in California
Outside California,2021-04-03,6152,442490,3651,231974,1336,197988,1165,12528,3217,141006,2926,156784,4383,297790,Not in California
Outside California,2021-04-04,1779,444269,876,232850,668,198656,235,12763,970,141401,808,157592,1203,298993,Not in California
Outside California,2021-04-05,4092,448361,2032,234882,1402,200058,658,13421,1949,141870,2138,159730,2607,301600,Not in California
Outside California,2021-04-06,6962,455323,3756,238638,1624,201682,1582,15003,2813,142129,4135,163865,4394,305994,Not in California
Outside California,2021-04-07,8145,463468,4690,243328,1771,203453,1684,16687,3148,141970,4989,168854,4830,310824,Not in California
Outside California,2021-04-08,8032,471500,4272,247600,1840,205293,1920,18607,3100,142068,4923,173777,5021,315845,Not in California
Outside California,2021-04-09,7402,478902,3845,251445,1640,206933,1917,20524,2837,142268,4556,178333,4756,320601,Not in California
Outside California,2021-04-10,6070,484972,3069,254514,1155,208088,1846,22370,1691,141426,4372,182705,3530,324131,Not in California
Outside California,2021-04-11,2807,487779,1526,256040,647,208735,634,23004,948,141151,1857,184562,1582,325713,Not in California
Outside California,2021-04-12,4042,491821,2266,258306,1240,209975,536,23540,1784,141220,2250,186812,2319,328032,Not in California
Outside California,2021-04-13,5664,497485,3657,261963,1984,211959,23,23563,2914,141413,2744,189556,2937,330969,Not in California
Outside California,2021-04-14,5192,502677,3278,265241,1910,213869,4,23567,2816,141862,2371,191927,2820,333789,Not in California
Outside California,2021-04-15,6055,508732,3809,269050,2240,216109,6,23573,3238,142342,2765,194692,3245,337034,Not in California
Outside California,2021-04-16,5785,514517,3314,272364,2464,218573,7,23580,3216,143006,2560,197252,3224,340258,Not in California
Outside California,2021-04-17,5253,519770,3156,275520,2096,220669,1,23581,2978,143717,2267,199519,2978,343236,Not in California
Outside California,2021-04-18,2060,521830,1144,276664,915,221584,1,23582,962,143589,1092,200611,964,344200,Not in California
Outside California,2021-04-19,4104,525934,1995,278659,2108,223692,1,23583,2117,143733,1977,202588,2121,346321,Not in California
Outside California,2021-04-20,5342,531276,2443,281102,2899,226591,0,23583,2186,142770,3149,205737,2186,348507,Not in California
Outside California,2021-04-21,6287,537563,2644,283746,3639,230230,4,23587,2221,140948,4047,209784,2225,350732,Not in California
Outside California,2021-04-22,6689,544252,3432,287178,3254,233484,3,23590,2425,139125,4252,214036,2429,353161,Not in California
Outside California,2021-04-23,5845,550097,2938,290116,2906,236390,1,23591,2420,138137,3410,217446,2422,355583,Not in California
Outside California,2021-04-24,4401,554498,2911,293027,1486,237876,4,23595,1695,137140,2699,220145,1702,357285,Not in California
Outside California,2021-04-25,2131,556629,1258,294285,871,238747,2,23597,1092,137202,1035,221180,1097,358382,Not in California
Outside California,2021-04-26,3634,560263,1631,295916,1980,240727,23,23620,1637,136873,1989,223169,1660,360042,Not in California
Outside California,2021-04-27,5300,565563,1915,297831,3093,243820,292,23912,1941,135762,3350,226519,2239,362281,Not in California
Outside California,2021-04-28,4866,570429,2066,299897,2407,246227,393,24305,1958,135218,2897,229416,2353,364634,Not in California
Outside California,2021-04-29,4914,575343,2253,302150,2229,248456,432,24737,1927,134610,2967,232383,2359,366993,Not in California
Outside California,2021-04-30,5004,580347,2477,304627,2103,250559,424,25161,1970,133982,3022,235405,2394,369387,Not in California
Outside California,2021-05-01,3261,583608,1941,306568,891,251450,429,25590,1359,133877,1892,237297,1787,371174,Not in California
Outside California,2021-05-02,1874,585482,1095,307663,656,252106,123,25713,864,133856,1008,238305,987,372161,Not in California
Outside California,2021-05-03,3018,588500,1772,309435,967,253073,279,25992,1275,133671,1739,240044,1554,373715,Not in California
Outside California,2021-05-04,4247,592747,2438,311873,1366,254439,443,26435,1656,133180,2585,242629,2094,375809,Not in California
Outside California,2021-05-05,4584,597331,2727,314600,1489,255928,368,26803,1867,132710,2708,245337,2238,378047,Not in California
Outside California,2021-05-06,4496,601827,2853,317453,1311,257239,332,27135,1743,132038,2747,248084,2075,380122,Not in California
Outside California,2021-05-07,4873,606700,2909,320362,1586,258825,378,27513,1954,131464,2906,250990,2332,382454,Not in California
Outside California,2021-05-08,3565,610265,2463,322825,857,259682,245,27758,1523,131254,1979,252969,1769,384223,Not in California
Outside California,2021-05-09,1363,611628,882,323707,356,260038,125,27883,589,131213,754,253723,713,384936,Not in California
Outside California,2021-05-10,2663,614291,1245,324952,1093,261131,325,28208,1071,131036,1575,255298,1398,386334,Not in California
Outside California,2021-05-11,2880,617171,1406,326358,1195,262326,279,28487,1154,130747,1725,257023,1436,387770,Not in California
Outside California,2021-05-12,2864,620035,1332,327690,1236,263562,296,28783,1124,130431,1735,258758,1419,389189,Not in California
Outside California,2021-05-13,2752,622787,1572,329262,984,264546,196,28979,1250,130382,1496,260254,1447,390636,Not in California
Outside California,2021-05-14,3504,626291,2011,331273,1259,265805,234,29213,1634,130387,1864,262118,1869,392505,Not in California
Outside California,2021-05-15,2629,628920,1540,332813,945,266750,144,29357,1165,130240,1459,263577,1312,393817,Not in California
Outside California,2021-05-16,1617,630537,1029,333842,520,267270,68,29425,771,130237,843,264420,840,394657,Not in California
Outside California,2021-05-17,3036,633573,1652,335494,1149,268419,235,29660,1421,130283,1611,266031,1657,396314,Not in California
Outside California,2021-05-18,3221,636794,1661,337155,1244,269663,316,29976,1547,130486,1662,267693,1865,398179,Not in California
Outside California,2021-05-19,3316,640110,1734,338889,1314,270977,268,30244,1541,130526,1769,269462,1809,399988,Not in California
Outside California,2021-05-20,2126,642236,1242,340131,692,271669,192,30436,1027,130655,1092,270554,1221,401209,Not in California
Outside California,2021-05-21,2543,644779,1536,341667,783,272452,224,30660,1168,130682,1366,271920,1393,402602,Not in California
Outside California,2021-05-22,2216,646995,1457,343124,578,273030,181,30841,1342,131338,866,272786,1522,404124,Not in California
Outside California,2021-05-23,1033,648028,824,343948,149,273179,60,30901,554,131476,477,273263,615,404739,Not in California
Outside California,2021-05-24,2539,650567,1295,345243,892,274071,352,31253,1213,131721,1321,274584,1566,406305,Not in California
Outside California,2021-05-25,2709,653276,1411,346654,971,275042,327,31580,1141,131632,1557,276141,1468,407773,Not in California
Outside California,2021-05-26,1469,654745,680,347334,518,275560,271,31851,438,131312,1029,277170,709,408482,Not in California
Unknown,2020-12-17,2,2,2,2,0,0,0,0,0,0,0,0,0,0,Not in California
Unknown,2020-12-18,1,3,1,3,0,0,0,0,0,0,0,0,0,0,Not in California
Unknown,2020-12-21,4,7,4,7,0,0,0,0,0,0,0,0,0,0,Not in California
Unknown,2020-12-28,4,11,4,11,0,0,0,0,3,3,0,0,3,3,Not in California
Unknown,2020-12-29,3,14,3,14,0,0,0,0,3,6,0,0,3,6,Not in California
Unknown,2020-12-30,54,68,54,68,0,0,0,0,54,60,0,0,54,60,Not in California
Unknown,2020-12-31,1,69,0,68,1,1,0,0,0,60,0,0,0,60,Not in California
Unknown,2021-01-02,1,70,0,68,1,2,0,0,1,61,0,0,1,61,Not in California
Unknown,2021-01-04,3,73,3,71,0,2,0,0,2,63,0,0,2,63,Not in California
Unknown,2021-01-06,6,79,4,75,2,4,0,0,6,69,0,0,6,69,Not in California
Unknown,2021-01-07,70,149,70,145,0,4,0,0,70,139,0,0,70,139,Not in California
Unknown,2021-01-08,1,150,1,146,0,4,0,0,2,141,0,0,2,141,Not in California
Unknown,2021-01-09,2,152,2,148,0,4,0,0,3,144,0,0,3,144,Not in California
Unknown,2021-01-11,19,171,19,167,0,4,0,0,18,162,0,0,18,162,Not in California
Unknown,2021-01-12,10,181,9,176,1,5,0,0,8,170,1,1,9,171,Not in California
Unknown,2021-01-13,10,191,10,186,0,5,0,0,11,181,0,1,11,182,Not in California
Unknown,2021-01-14,3,194,3,189,0,5,0,0,3,184,0,1,3,185,Not in California
Unknown,2021-01-15,5,199,4,193,1,6,0,0,5,189,0,1,5,190,Not in California
Unknown,2021-01-16,6,205,6,199,0,6,0,0,6,195,0,1,6,196,Not in California
Unknown,2021-01-17,3,208,3,202,0,6,0,0,3,198,0,1,3,199,Not in California
Unknown,2021-01-18,51,259,51,253,0,6,0,0,49,245,2,3,49,248,Not in California
Unknown,2021-01-19,22,281,22,275,0,6,0,0,19,262,2,5,19,267,Not in California
Unknown,2021-01-20,79,360,79,354,0,6,0,0,28,238,52,57,28,295,Not in California
Unknown,2021-01-21,56,416,54,408,2,8,0,0,57,294,1,58,57,352,Not in California
Unknown,2021-01-22,34,450,29,437,5,13,0,0,34,328,0,58,34,386,Not in California
Unknown,2021-01-23,11,461,5,442,6,19,0,0,11,339,0,58,11,397,Not in California
Unknown,2021-01-24,2,463,2,444,0,19,0,0,3,342,0,58,3,400,Not in California
Unknown,2021-01-25,19,482,17,461,2,21,0,0,16,355,3,61,16,416,Not in California
Unknown,2021-01-26,93,575,93,554,0,21,0,0,96,451,0,61,96,512,Not in California
Unknown,2021-01-27,16,591,16,570,0,21,0,0,14,464,1,62,14,526,Not in California
Unknown,2021-01-28,140,731,138,708,2,23,0,0,83,487,60,122,83,609,Not in California
Unknown,2021-01-29,139,870,139,847,0,23,0,0,143,629,1,123,143,752,Not in California
Unknown,2021-01-30,11,881,9,856,2,25,0,0,13,640,2,125,13,765,Not in California
Unknown,2021-01-31,14,895,14,870,0,25,0,0,15,655,0,125,15,780,Not in California
Unknown,2021-02-01,37,932,36,906,1,26,0,0,21,658,18,143,21,801,Not in California
Unknown,2021-02-02,64,996,63,969,1,27,0,0,57,709,6,149,57,858,Not in California
Unknown,2021-02-03,36,1032,34,1003,2,29,0,0,25,723,11,160,25,883,Not in California
Unknown,2021-02-04,56,1088,51,1054,5,34,0,0,51,769,5,165,51,934,Not in California
Unknown,2021-02-05,18,1106,14,1068,4,38,0,0,14,779,4,169,14,948,Not in California
Unknown,2021-02-06,14,1120,14,1082,0,38,0,0,9,782,6,175,9,957,Not in California
Unknown,2021-02-07,8,1128,8,1090,0,38,0,0,6,786,2,177,6,963,Not in California
Unknown,2021-02-08,51,1179,48,1138,3,41,0,0,14,763,37,214,14,977,Not in California
Unknown,2021-02-09,18,1197,18,1156,0,41,0,0,4,753,14,228,4,981,Not in California
Unknown,2021-02-10,34,1231,30,1186,4,45,0,0,9,737,25,253,9,990,Not in California
Unknown,2021-02-11,85,1316,84,1270,1,46,0,0,43,737,43,296,43,1033,Not in California
Unknown,2021-02-12,36,1352,29,1299,7,53,0,0,9,719,27,323,9,1042,Not in California
Unknown,2021-02-13,9,1361,2,1301,7,60,0,0,8,726,1,324,8,1050,Not in California
Unknown,2021-02-14,7,1368,1,1302,6,66,0,0,5,730,1,325,5,1055,Not in California
Unknown,2021-02-15,41,1409,35,1337,6,72,0,0,27,745,12,337,27,1082,Not in California
Unknown,2021-02-16,101,1510,91,1428,10,82,0,0,29,702,72,409,29,1111,Not in California
Unknown,2021-02-17,10,1520,8,1436,2,84,0,0,4,701,5,414,4,1115,Not in California
Unknown,2021-02-18,89,1609,84,1520,5,89,0,0,16,645,72,486,16,1131,Not in California
Unknown,2021-02-19,184,1793,179,1699,5,94,0,0,53,568,130,616,53,1184,Not in California
Unknown,2021-02-20,7,1800,5,1704,2,96,0,0,2,565,5,621,2,1186,Not in California
Unknown,2021-02-21,14,1814,14,1718,0,96,0,0,1,553,13,634,1,1187,Not in California
Unknown,2021-02-22,9,1823,9,1727,0,96,0,0,6,556,3,637,6,1193,Not in California
Unknown,2021-02-23,61,1884,49,1776,12,108,0,0,15,526,45,682,15,1208,Not in California
Unknown,2021-02-24,33,1917,26,1802,7,115,0,0,14,521,19,701,14,1222,Not in California
Unknown,2021-02-25,67,1984,54,1856,13,128,0,0,24,502,43,744,24,1246,Not in California
Unknown,2021-02-26,39,2023,25,1881,14,142,0,0,22,510,14,758,22,1268,Not in California
Unknown,2021-02-27,21,2044,15,1896,6,148,0,0,11,513,8,766,11,1279,Not in California
Unknown,2021-02-28,17,2061,13,1909,4,152,0,0,10,518,5,771,10,1289,Not in California
Unknown,2021-03-01,45,2106,27,1936,18,170,0,0,24,522,20,791,24,1313,Not in California
Unknown,2021-03-02,19,2125,7,1943,12,182,0,0,12,529,5,796,12,1325,Not in California
Unknown,2021-03-03,11,2136,6,1949,5,187,0,0,7,533,3,799,7,1332,Not in California
Unknown,2021-03-04,43,2179,40,1989,3,190,0,0,13,516,30,829,13,1345,Not in California
Unknown,2021-03-05,23,2202,13,2002,10,200,0,0,22,534,4,833,22,1367,Not in California
Unknown,2021-03-06,20,2222,12,2014,6,206,2,2,16,548,4,837,18,1385,Not in California
Unknown,2021-03-07,2,2224,1,2015,1,207,0,2,3,551,0,837,3,1388,Not in California
Unknown,2021-03-08,31,2255,22,2037,7,214,2,4,8,537,24,861,10,1398,Not in California
Unknown,2021-03-09,35,2290,28,2065,3,217,4,8,9,523,27,888,13,1411,Not in California
Unknown,2021-03-10,9,2299,6,2071,1,218,2,10,5,525,5,893,7,1418,Not in California
Unknown,2021-03-11,28,2327,12,2083,2,220,14,24,7,525,21,914,21,1439,Not in California
Unknown,2021-03-12,68,2395,52,2135,11,231,5,29,11,486,55,969,16,1455,Not in California
Unknown,2021-03-13,16,2411,4,2139,8,239,4,33,7,487,10,979,11,1466,Not in California
Unknown,2021-03-14,14,2425,6,2145,6,245,2,35,5,486,8,987,7,1473,Not in California
Unknown,2021-03-15,31,2456,11,2156,18,263,2,37,20,495,13,1000,22,1495,Not in California
Unknown,2021-03-16,47,2503,20,2176,23,286,4,41,27,506,20,1020,31,1526,Not in California
Unknown,2021-03-17,38,2541,14,2190,23,309,1,42,33,536,4,1024,34,1560,Not in California
Unknown,2021-03-18,30,2571,17,2207,13,322,0,42,18,543,11,1035,18,1578,Not in California
Unknown,2021-03-19,29,2600,18,2225,11,333,0,42,22,558,7,1042,22,1600,Not in California
Unknown,2021-03-20,27,2627,15,2240,12,345,0,42,15,562,11,1053,15,1615,Not in California
Unknown,2021-03-21,18,2645,12,2252,6,351,0,42,14,573,3,1056,14,1629,Not in California
Unknown,2021-03-22,36,2681,19,2271,16,367,1,43,18,580,12,1068,19,1648,Not in California
Unknown,2021-03-23,23,2704,9,2280,9,376,5,48,11,585,11,1079,16,1664,Not in California
Unknown,2021-03-24,23,2727,9,2289,14,390,0,48,18,598,5,1084,18,1682,Not in California
Unknown,2021-03-25,37,2764,24,2313,13,403,0,48,25,614,9,1093,25,1707,Not in California
Unknown,2021-03-26,36,2800,20,2333,11,414,5,53,18,622,15,1108,23,1730,Not in California
Unknown,2021-03-27,32,2832,15,2348,14,428,3,56,18,626,17,1125,21,1751,Not in California
Unknown,2021-03-28,16,2848,9,2357,7,435,0,56,11,633,4,1129,11,1762,Not in California
Unknown,2021-03-29,38,2886,18,2375,19,454,1,57,23,645,12,1141,24,1786,Not in California
Unknown,2021-03-30,41,2927,25,2400,16,470,0,57,25,655,15,1156,25,1811,Not in California
Unknown,2021-03-31,34,2961,21,2421,13,483,0,57,23,667,11,1167,23,1834,Not in California
Unknown,2021-04-01,19,2980,15,2436,4,487,0,57,13,675,5,1172,13,1847,Not in California
Unknown,2021-04-02,41,3021,17,2453,15,502,9,66,18,679,23,1195,27,1874,Not in California
Unknown,2021-04-03,19,3040,9,2462,10,512,0,66,9,678,10,1205,9,1883,Not in California
Unknown,2021-04-04,17,3057,4,2466,13,525,0,66,10,682,6,1211,10,1893,Not in California
Unknown,2021-04-05,31,3088,17,2483,13,538,1,67,17,687,13,1224,18,1911,Not in California
Unknown,2021-04-06,21,3109,13,2496,7,545,1,68,13,691,10,1234,14,1925,Not in California
Unknown,2021-04-07,32,3141,23,2519,9,554,0,68,24,707,8,1242,24,1949,Not in California
Unknown,2021-04-08,30,3171,20,2539,6,560,4,72,15,709,17,1259,19,1968,Not in California
Unknown,2021-04-09,35,3206,25,2564,10,570,0,72,24,722,11,1270,24,1992,Not in California
Unknown,2021-04-10,9,3215,8,2572,1,571,0,72,4,720,6,1276,4,1996,Not in California
Unknown,2021-04-11,11,3226,7,2579,4,575,0,72,5,720,5,1281,5,2001,Not in California
Unknown,2021-04-12,37,3263,20,2599,16,591,1,73,16,714,23,1304,17,2018,Not in California
Unknown,2021-04-13,44,3307,26,2625,18,609,0,73,17,704,27,1331,17,2035,Not in California
Unknown,2021-04-14,27,3334,8,2633,19,628,0,73,6,688,22,1353,6,2041,Not in California
Unknown,2021-04-15,31,3365,16,2649,14,642,1,74,8,675,22,1375,9,2050,Not in California
Unknown,2021-04-16,25,3390,15,2664,10,652,0,74,9,668,16,1391,9,2059,Not in California
Unknown,2021-04-17,22,3412,13,2677,9,661,0,74,6,660,15,1406,7,2066,Not in California
Unknown,2021-04-18,20,3432,8,2685,12,673,0,74,9,657,12,1418,9,2075,Not in California
Unknown,2021-04-19,35,3467,21,2706,14,687,0,74,16,655,18,1436,16,2091,Not in California
Unknown,2021-04-20,25,3492,14,2720,11,698,0,74,8,643,20,1456,8,2099,Not in California
Unknown,2021-04-21,35,3527,15,2735,20,718,0,74,20,639,24,1480,20,2119,Not in California
Unknown,2021-04-22,23,3550,14,2749,9,727,0,74,7,629,17,1497,7,2126,Not in California
Unknown,2021-04-23,33,3583,16,2765,17,744,0,74,18,633,14,1511,18,2144,Not in California
Unknown,2021-04-24,25,3608,13,2778,12,756,0,74,17,641,9,1520,17,2161,Not in California
Unknown,2021-04-25,24,3632,10,2788,14,770,0,74,15,645,11,1531,15,2176,Not in California
Unknown,2021-04-26,20,3652,13,2801,7,777,0,74,8,639,14,1545,8,2184,Not in California
Unknown,2021-04-27,25,3677,12,2813,13,790,0,74,12,632,19,1564,12,2196,Not in California
Unknown,2021-04-28,27,3704,19,2832,7,797,1,75,12,626,19,1583,13,2209,Not in California
Unknown,2021-04-29,33,3737,22,2854,11,808,0,75,13,619,20,1603,13,2222,Not in California
Unknown,2021-04-30,28,3765,14,2868,9,817,5,80,14,623,15,1618,19,2241,Not in California
Unknown,2021-05-01,28,3793,21,2889,7,824,0,80,19,631,11,1629,19,2260,Not in California
Unknown,2021-05-02,14,3807,7,2896,6,830,1,81,6,630,8,1637,7,2267,Not in California
Unknown,2021-05-03,26,3833,18,2914,5,835,3,84,8,621,19,1656,10,2277,Not in California
Unknown,2021-05-04,21,3854,11,2925,6,841,4,88,6,615,16,1672,10,2287,Not in California
Unknown,2021-05-05,30,3884,11,2936,18,859,1,89,16,618,14,1686,17,2304,Not in California
Unknown,2021-05-06,21,3905,12,2948,6,865,3,92,9,618,12,1698,12,2316,Not in California
Unknown,2021-05-07,26,3931,14,2962,10,875,2,94,11,616,15,1713,13,2329,Not in California
Unknown,2021-05-08,16,3947,10,2972,4,879,2,96,7,617,8,1721,9,2338,Not in California
Unknown,2021-05-09,18,3965,5,2977,9,888,4,100,8,619,10,1731,12,2350,Not in California
Unknown,2021-05-10,18,3983,11,2988,6,894,1,101,3,609,14,1745,4,2354,Not in California
Unknown,2021-05-11,15,3998,9,2997,2,896,4,105,8,614,7,1752,12,2366,Not in California
Unknown,2021-05-12,14,4012,9,3006,4,900,1,106,6,613,8,1760,7,2373,Not in California
Unknown,2021-05-13,15,4027,10,3016,1,901,4,110,9,620,7,1767,14,2387,Not in California
Unknown,2021-05-14,24,4051,20,3036,3,904,1,111,14,625,9,1776,14,2401,Not in California
Unknown,2021-05-15,21,4072,19,3055,2,906,0,111,12,628,9,1785,12,2413,Not in California
Unknown,2021-05-16,27,4099,18,3073,8,914,1,112,16,634,11,1796,17,2430,Not in California
Unknown,2021-05-17,24,4123,18,3091,4,918,2,114,15,642,9,1805,17,2447,Not in California
Unknown,2021-05-18,39,4162,28,3119,9,927,2,116,31,667,8,1813,33,2480,Not in California
Unknown,2021-05-19,37,4199,28,3147,8,935,1,117,20,672,16,1829,21,2501,Not in California
Unknown,2021-05-20,184,4383,175,3322,8,943,1,118,175,840,8,1837,176,2677,Not in California
Unknown,2021-05-21,193,4576,186,3508,6,949,1,119,185,1018,8,1845,186,2863,Not in California
Unknown,2021-05-22,205,4781,197,3705,6,955,2,121,190,1195,15,1860,192,3055,Not in California
Unknown,2021-05-23,121,4902,120,3825,0,955,1,122,119,1314,1,1861,120,3175,Not in California
Unknown,2021-05-24,377,5279,273,4098,93,1048,11,133,354,1657,22,1883,365,3540,Not in California
Unknown,2021-05-25,424,5703,305,4403,105,1153,14,147,388,2023,36,1919,402,3942,Not in California
Unknown,2021-05-26,2,5705,2,4405,0,1153,0,147,2,2025,0,1919,2,3944,Not in California
Alameda,2020-12-15,37,37,37,37,0,0,0,0,37,37,0,0,37,37,California
Alameda,2020-12-16,208,245,208,245,0,0,0,0,208,245,0,0,208,245,California
Alameda,2020-12-17,397,642,397,642,0,0,0,0,397,642,0,0,397,642,California
Alameda,2020-12-18,1791,2433,1790,2432,1,1,0,0,1791,2433,0,0,1791,2433,California
Alameda,2020-12-19,1437,3870,1437,3869,0,1,0,0,1437,3870,0,0,1437,3870,California
Alameda,2020-12-20,1188,5058,1187,5056,1,2,0,0,1187,5056,1,1,1187,5057,California
Alameda,2020-12-21,1861,6919,1859,6915,2,4,0,0,1860,6916,0,1,1860,6917,California
Alameda,2020-12-22,2103,9022,2050,8965,53,57,0,0,2103,9019,0,1,2103,9020,California
Alameda,2020-12-23,1962,10984,1704,10669,258,315,0,0,1963,10982,0,1,1963,10983,California
Alameda,2020-12-24,1218,12202,761,11430,457,772,0,0,1218,12200,0,1,1218,12201,California
Alameda,2020-12-25,167,12369,130,11560,37,809,0,0,167,12367,0,1,167,12368,California
Alameda,2020-12-26,870,13239,327,11887,543,1352,0,0,870,13237,0,1,870,13238,California
Alameda,2020-12-27,502,13741,258,12145,244,1596,0,0,502,13739,0,1,502,13740,California
Alameda,2020-12-28,1883,15624,960,13105,923,2519,0,0,1883,15622,0,1,1883,15623,California
Alameda,2020-12-29,2477,18101,1071,14176,1406,3925,0,0,2476,18098,0,1,2476,18099,California
Alameda,2020-12-30,3085,21186,1316,15492,1769,5694,0,0,3085,21183,0,1,3085,21184,California
Alameda,2020-12-31,1794,22980,443,15935,1351,7045,0,0,1792,22974,1,2,1792,22976,California
Alameda,2021-01-01,172,23152,69,16004,103,7148,0,0,171,23144,1,3,171,23147,California
Alameda,2021-01-02,726,23878,526,16530,200,7348,0,0,725,23869,0,3,725,23872,California
Alameda,2021-01-03,341,24219,221,16751,120,7468,0,0,338,24204,3,6,338,24210,California
Alameda,2021-01-04,1645,25864,942,17693,703,8171,0,0,1633,25826,11,17,1633,25843,California
Alameda,2021-01-05,2217,28081,1276,18969,941,9112,0,0,1981,27574,233,250,1981,27824,California
Alameda,2021-01-06,3275,31356,1807,20776,1468,10580,0,0,2428,29160,844,1094,2430,30254,California
Alameda,2021-01-07,3811,35167,2149,22925,1662,12242,0,0,2681,30725,1121,2215,2686,32940,California
Alameda,2021-01-08,4765,39932,2729,25654,2036,14278,0,0,3110,32190,1650,3865,3115,36055,California
Alameda,2021-01-09,2032,41964,1383,27037,649,14927,0,0,1173,32504,859,4724,1173,37228,California
Alameda,2021-01-10,1068,43032,886,27923,182,15109,0,0,427,32289,642,5366,427,37655,California
Alameda,2021-01-11,4659,47691,3521,31444,1138,16247,0,0,2861,33360,1797,7163,2868,40523,California
Alameda,2021-01-12,4837,52528,3260,34704,1577,17824,0,0,3449,35425,1387,8550,3452,43975,California
Alameda,2021-01-13,5031,57559,2658,37362,2373,20197,0,0,3840,38080,1187,9737,3842,47817,California
Alameda,2021-01-14,5643,63202,2780,40142,2863,23060,0,0,4755,41959,879,10616,4758,52575,California
Alameda,2021-01-15,5831,69033,2311,42453,3520,26580,0,0,5065,46269,759,11375,5069,57644,California
Alameda,2021-01-16,3003,72036,1409,43862,1594,28174,0,0,2733,48733,270,11645,2734,60378,California
Alameda,2021-01-17,1870,73906,1085,44947,785,28959,0,0,1663,50191,206,11851,1664,62042,California
Alameda,2021-01-18,3197,77103,2055,47002,1142,30101,0,0,2603,52207,589,12440,2605,64647,California
Alameda,2021-01-19,5532,82635,3333,50335,2199,32300,0,0,4341,55361,1189,13629,4343,68990,California
Alameda,2021-01-20,6783,89418,4110,54445,2673,34973,0,0,5491,59577,1279,14908,5495,74485,California
Alameda,2021-01-21,7788,97206,3411,57856,4377,39350,0,0,6949,65698,833,15741,6954,81439,California
Alameda,2021-01-22,6848,104054,2043,59899,4805,44155,0,0,5709,70277,1132,16873,5711,87150,California
Alameda,2021-01-23,3285,107339,951,60850,2334,46489,0,0,2729,72450,556,17429,2729,89879,California
Alameda,2021-01-24,2049,109388,656,61506,1393,47882,0,0,1772,73949,273,17702,1772,91651,California
Alameda,2021-01-25,5202,114590,1974,63480,3228,51110,0,0,3618,75992,1576,19278,3619,95270,California
Alameda,2021-01-26,7251,121841,2298,65778,4953,56063,0,0,5383,79516,1860,21138,5384,100654,California
Alameda,2021-01-27,6642,128483,2062,67840,4580,60643,0,0,4799,82482,1833,22971,4799,105453,California
Alameda,2021-01-28,7893,136376,2553,70393,5340,65983,0,0,5652,85910,2225,25196,5653,111106,California
Alameda,2021-01-29,7939,144315,3192,73585,4747,70730,0,0,6118,90218,1811,27007,6119,117225,California
Alameda,2021-01-30,3430,147745,1683,75268,1747,72477,0,0,2719,92232,705,27712,2719,119944,California
Alameda,2021-01-31,1893,149638,957,76225,936,73413,0,0,1660,93662,230,27942,1660,121604,California
Alameda,2021-02-01,6498,156136,3896,80121,2602,76015,0,0,4349,95872,2140,30082,4350,125954,California
Alameda,2021-02-02,6958,163094,3751,83872,3207,79222,0,0,4656,98233,2295,32377,4656,130610,California
Alameda,2021-02-03,7096,170190,3736,87608,3360,82582,0,0,4398,99944,2692,35069,4403,135013,California
Alameda,2021-02-04,9520,179710,4143,91751,5377,87959,0,0,6409,103260,3098,38167,6414,141427,California
Alameda,2021-02-05,10329,190039,5391,97142,4938,92897,0,0,6457,105857,3866,42033,6463,147890,California
Alameda,2021-02-06,6980,197019,4427,101569,2553,95450,0,0,5853,110584,1126,43159,5853,153743,California
Alameda,2021-02-07,3592,200611,2901,104470,691,96141,0,0,2648,112292,941,44100,2649,156392,California
Alameda,2021-02-08,8082,208693,5780,110250,2302,98443,0,0,5527,115274,2547,46647,5529,161921,California
Alameda,2021-02-09,9718,218411,5857,116107,3861,102304,0,0,6055,117687,3644,50291,6057,167978,California
Alameda,2021-02-10,11463,229874,6781,122888,4682,106986,0,0,6559,119366,4888,55179,6567,174545,California
Alameda,2021-02-11,13936,243810,8004,130892,5932,112918,0,0,8372,122197,5545,60724,8376,182921,California
Alameda,2021-02-12,12549,256359,5715,136607,6834,119752,0,0,7764,125196,4768,65492,7767,190688,California
Alameda,2021-02-13,7795,264154,4052,140659,3743,123495,0,0,5832,129072,1958,67450,5834,196522,California
Alameda,2021-02-14,4040,268194,2539,143198,1501,124996,0,0,2873,130785,1163,68613,2876,199398,California
Alameda,2021-02-15,5680,273874,3190,146388,2490,127486,0,0,3697,132504,1981,70594,3700,203098,California
Alameda,2021-02-16,12530,286404,6954,153342,5576,133062,0,0,9316,138622,3204,73798,9322,212420,California
Alameda,2021-02-17,14176,300580,8424,161766,5752,138814,0,0,10542,145549,3617,77415,10544,222964,California
Alameda,2021-02-18,15908,316488,10099,171865,5809,144623,0,0,11552,152759,4348,81763,11558,234522,California
Alameda,2021-02-19,17680,334168,11473,183338,6207,150830,0,0,11711,158528,5947,87710,11716,246238,California
Alameda,2021-02-20,11891,346059,9634,192972,2257,153087,0,0,9162,164972,2724,90434,9168,255406,California
Alameda,2021-02-21,7692,353751,6761,199733,931,154018,0,0,5206,167703,2475,92909,5206,260612,California
Alameda,2021-02-22,10808,364559,8021,207754,2787,156805,0,0,6852,170621,3943,96852,6861,267473,California
Alameda,2021-02-23,12917,377476,7910,215664,5007,161812,0,0,8116,173953,4791,101643,8123,275596,California
Alameda,2021-02-24,14788,392264,8332,223996,6456,168268,0,0,9636,178505,5090,106733,9642,285238,California
Alameda,2021-02-25,15646,407910,9140,233136,6506,174774,0,0,9985,182872,5628,112361,9995,295233,California
Alameda,2021-02-26,18127,426037,10660,243796,7467,182241,0,0,11727,188246,6357,118718,11731,306964,California
Alameda,2021-02-27,14899,440936,11005,254801,3892,186133,2,2,9281,191939,5592,124310,9285,316249,California
Alameda,2021-02-28,9184,450120,7747,262548,1437,187570,0,2,6090,194961,3069,127379,6091,322340,California
Alameda,2021-03-01,13511,463631,9438,271986,4064,191634,9,11,8417,198347,5047,132426,8433,330773,California
Alameda,2021-03-02,15065,478696,10841,282827,4223,195857,1,12,9901,203112,5144,137570,9909,340682,California
Alameda,2021-03-03,15708,494404,10277,293104,5430,201287,1,13,10728,208893,4952,142522,10733,351415,California
Alameda,2021-03-04,17446,511850,11185,304289,6259,207546,2,15,10990,213462,6423,148945,10992,362407,California
Alameda,2021-03-05,16300,528150,10680,314969,5611,213157,9,24,11013,219250,5240,154185,11028,373435,California
Alameda,2021-03-06,14560,542710,10272,325241,4023,217180,265,289,9650,224303,4863,159048,9916,383351,California
Alameda,2021-03-07,9774,552484,8509,333750,1184,218364,81,370,6983,228607,2762,161810,7066,390417,California
Alameda,2021-03-08,11982,564466,7475,341225,4128,222492,379,749,8973,235002,2957,164767,9352,399769,California
Alameda,2021-03-09,14719,579185,10334,351559,3953,226445,432,1181,8049,236853,6634,171401,8485,408254,California
Alameda,2021-03-10,17553,596738,12191,363750,4802,231247,560,1741,7933,235749,9593,180994,8489,416743,California
Alameda,2021-03-11,19833,616571,11622,375372,6505,237752,1706,3447,6764,231175,13038,194032,8464,425207,California
Alameda,2021-03-12,21432,638003,12537,387909,7191,244943,1704,5151,7517,226497,13889,207921,9211,434418,California
Alameda,2021-03-13,16098,654101,10341,398250,4760,249703,997,6148,5150,221735,10912,218833,6150,440568,California
Alameda,2021-03-14,10919,665020,8031,406281,2096,251799,792,6940,3423,218463,7476,226309,4204,444772,California
Alameda,2021-03-15,14527,679547,9511,415792,4485,256284,531,7471,6325,217144,8172,234481,6853,451625,California
Alameda,2021-03-16,17309,696856,11240,427032,5529,261813,540,8011,7428,215284,9829,244310,7969,459594,California
Alameda,2021-03-17,17545,714401,9926,436958,6897,268710,722,8733,8115,214728,9390,253700,8834,468428,California
Alameda,2021-03-18,19255,733656,10494,447452,7863,276573,898,9631,8785,213977,10438,264138,9687,478115,California
Alameda,2021-03-19,19462,753118,10685,458137,6977,283550,1800,11431,7684,211724,11731,275869,9478,487593,California
Alameda,2021-03-20,15864,768982,10392,468529,4615,288165,857,12288,6444,209635,9386,285255,7297,494890,California
Alameda,2021-03-21,9263,778245,7285,475814,1422,289587,556,12844,3787,208512,5466,290721,4343,499233,California
Alameda,2021-03-22,15122,793367,10208,486022,3905,293492,1009,13853,7028,208477,8067,298788,8032,507265,California
Alameda,2021-03-23,19410,812777,11781,497803,6814,300306,815,14668,9875,209686,9487,308275,10696,517961,California
Alameda,2021-03-24,19326,832103,11726,509529,6580,306886,1020,15688,8447,208330,10815,319090,9459,527420,California
Alameda,2021-03-25,20630,852733,11485,521014,7738,314624,1407,17095,9502,208171,11058,330148,10899,538319,California
Alameda,2021-03-26,21060,873793,12717,533731,6772,321396,1571,18666,8550,205818,12464,342612,10111,548430,California
Alameda,2021-03-27,18437,892230,12573,546304,4902,326298,962,19628,7595,203562,10795,353407,8539,556969,California
Alameda,2021-03-28,10687,902917,8703,555007,1781,328079,203,19831,3531,200160,7143,360550,3741,560710,California
Alameda,2021-03-29,14789,917706,9489,564496,4304,332383,996,20827,5998,198397,8755,369305,6992,567702,California
Alameda,2021-03-30,18690,936396,9891,574387,7077,339460,1722,22549,9329,200111,9330,378635,11044,578746,California
Alameda,2021-03-31,19493,955889,10325,584712,7062,346522,2106,24655,9169,201078,10297,388932,11264,590010,California
Alameda,2021-04-01,23430,979319,10088,594800,7657,354179,5685,30340,11104,205571,12279,401211,16772,606782,California
Alameda,2021-04-02,24178,1003497,9982,604782,8332,362511,5864,36204,11697,210662,12442,413653,17533,624315,California
Alameda,2021-04-03,20412,1023909,9844,614626,5703,368214,4865,41069,10351,215831,10042,423695,15211,639526,California
Alameda,2021-04-04,9991,1033900,3991,618617,2287,370501,3713,44782,3465,216495,6509,430204,7173,646699,California
Alameda,2021-04-05,17873,1051773,7545,626162,5535,376036,4793,49575,7278,217993,10570,440774,12068,658767,California
Alameda,2021-04-06,22227,1074000,10711,636873,5668,381704,5848,55423,10075,221786,12115,452889,15908,674675,California
Alameda,2021-04-07,22603,1096603,11604,648477,5526,387230,5473,60896,11452,227598,11105,463994,16917,691592,California
Alameda,2021-04-08,25490,1122093,11529,660006,5989,393219,7972,68868,10890,231921,14527,478521,18850,710442,California
Alameda,2021-04-09,23377,1145470,10679,670685,7474,400693,5224,74092,12043,237888,11302,489823,17269,727711,California
Alameda,2021-04-10,19031,1164501,7435,678120,5599,406292,5997,80089,8147,241158,10860,500683,14130,741841,California
Alameda,2021-04-11,10992,1175493,4793,682913,2264,408556,3935,84024,4468,243041,6507,507190,8390,750231,California
Alameda,2021-04-12,18016,1193509,11721,694634,4309,412865,1986,86010,10120,247281,7861,515051,12101,762332,California
Alameda,2021-04-13,23026,1216535,14609,709243,8361,421226,56,86066,16934,258242,6039,521090,17000,779332,California
Alameda,2021-04-14,23117,1239652,15185,724428,7931,429157,1,86067,15604,266375,7479,528569,15612,794944,California
Alameda,2021-04-15,24112,1263764,15398,739826,8712,437869,2,86069,15994,274321,8058,536627,16004,810948,California
Alameda,2021-04-16,24426,1288190,14425,754251,9996,447865,5,86074,15738,281443,8632,545259,15754,826702,California
Alameda,2021-04-17,20907,1309097,14448,768699,6459,454324,0,86074,14437,289459,6435,551694,14451,841153,California
Alameda,2021-04-18,9982,1319079,7636,776335,2346,456670,0,86074,6905,293321,3048,554742,6910,848063,California
Alameda,2021-04-19,15672,1334751,9758,786093,5913,462583,1,86075,9086,295868,6549,561291,9096,857159,California
Alameda,2021-04-20,18192,1352943,11129,797222,7061,469644,2,86077,9979,297701,8168,569459,10001,867160,California
Alameda,2021-04-21,19168,1372111,11223,808445,7935,477579,10,86087,11184,300983,7930,577389,11212,878372,California
Alameda,2021-04-22,21471,1393582,13836,822281,7631,485210,4,86091,11433,302460,9984,587373,11461,889833,California
Alameda,2021-04-23,21876,1415458,14150,836431,7723,492933,3,86094,12244,305162,9571,596944,12273,902106,California
Alameda,2021-04-24,19028,1434486,14457,850888,4564,497497,7,86101,10068,306331,8916,605860,10085,912191,California
Alameda,2021-04-25,8945,1443431,6934,857822,2010,499507,1,86102,5834,309093,3083,608943,5845,918036,California
Alameda,2021-04-26,13824,1457255,9648,867470,4152,503659,24,86126,8599,312531,5193,614136,8631,926667,California
Alameda,2021-04-27,15804,1473059,9404,876874,6095,509754,305,86431,7458,312021,8297,622433,7787,934454,California
Alameda,2021-04-28,16005,1489064,10197,887071,5342,515096,466,86897,6265,309052,9711,632144,6742,941196,California
Alameda,2021-04-29,16774,1505838,10060,897131,6389,521485,325,87222,6007,304687,10717,642861,6352,947548,California
Alameda,2021-04-30,19491,1525329,12013,909144,7137,528622,341,87563,7895,301441,11521,654382,8275,955823,California
Alameda,2021-05-01,13985,1539314,9335,918479,4446,533068,204,87767,5222,298171,8725,663107,5455,961278,California
Alameda,2021-05-02,7038,1546352,4895,923374,1974,535042,169,87936,2874,297070,4149,667256,3048,964326,California
Alameda,2021-05-03,14416,1560768,10910,934284,3186,538228,320,88256,2821,288686,11553,678809,3169,967495,California
Alameda,2021-05-04,18258,1579026,13095,947379,4805,543033,358,88614,3647,278181,14541,693350,4036,971531,California
Alameda,2021-05-05,18313,1597339,13298,960677,4508,547541,507,89121,3747,267947,14503,707853,4269,975800,California
Alameda,2021-05-06,18606,1615945,14046,974723,3865,551406,695,89816,3605,257332,14928,722781,4313,980113,California
Alameda,2021-05-07,19093,1635038,12860,987583,5820,557226,413,90229,4354,247449,14671,737452,4788,984901,California
Alameda,2021-05-08,16459,1651497,11255,998838,4991,562217,213,90442,3097,237450,13324,750776,3325,988226,California
Alameda,2021-05-09,8512,1660009,6957,1005795,1412,563629,143,90585,1453,232011,7038,757814,1599,989825,California
Alameda,2021-05-10,10095,1670104,6891,1012686,2877,566506,327,90912,2483,227249,7580,765394,2818,992643,California
Alameda,2021-05-11,14982,1685086,8006,1020692,6677,573183,299,91211,2709,218058,12231,777625,3040,995683,California
Alameda,2021-05-12,12595,1697681,8263,1028955,3918,577101,414,91625,2620,211184,9934,787559,3060,998743,California
Alameda,2021-05-13,16730,1714411,11964,1040919,4247,581348,519,92144,5156,205356,11533,799092,5705,1004448,California
Alameda,2021-05-14,20438,1734849,13844,1054763,6144,587492,450,92594,7018,199494,13343,812435,7481,1011929,California
Alameda,2021-05-15,17039,1751888,12397,1067160,4415,591907,227,92821,5785,194299,11214,823649,6019,1017948,California
Alameda,2021-05-16,8370,1760258,7147,1074307,1131,593038,92,92913,2786,191629,5554,829203,2884,1020832,California
Alameda,2021-05-17,13319,1773577,9900,1084207,2890,595928,529,93442,4330,187547,8956,838159,4874,1025706,California
Alameda,2021-05-18,14078,1787655,10205,1094412,3449,599377,424,93866,5164,184263,8875,847034,5591,1031297,California
Alameda,2021-05-19,14312,1801967,9769,1104181,4211,603588,332,94198,6115,182564,8148,855182,6449,1037746,California
Alameda,2021-05-20,11482,1813449,7658,1111839,3393,606981,431,94629,5364,182283,6078,861260,5797,1043543,California
Alameda,2021-05-21,13483,1826932,8881,1120720,4374,611355,228,94857,4544,178172,8882,870142,4771,1048314,California
Alameda,2021-05-22,8910,1835842,6574,1127294,2192,613547,144,95001,3712,176856,5173,875315,3857,1052171,California
Alameda,2021-05-23,3759,1839601,3070,1130364,621,614168,68,95069,1171,175518,2578,877893,1240,1053411,California
Alameda,2021-05-24,6943,1846544,3960,1134324,2722,616890,261,95330,2791,174447,4124,882017,3053,1056464,California
Alameda,2021-05-25,7725,1854269,4956,1139280,2521,619411,248,95578,3480,173956,4218,886235,3727,1060191,California
Alameda,2021-05-26,4893,1859162,2815,1142095,1868,621279,210,95788,1966,173211,2918,889153,2173,1062364,California
Alpine,2020-12-18,2,2,2,2,0,0,0,0,2,2,0,0,2,2,California
Alpine,2020-12-19,2,4,2,4,0,0,0,0,2,4,0,0,2,4,California
Alpine,2020-12-21,2,6,2,6,0,0,0,0,2,6,0,0,2,6,California
Alpine,2020-12-30,14,20,0,6,14,14,0,0,14,20,0,0,14,20,California
Alpine,2020-12-31,1,21,0,6,1,15,0,0,1,21,0,0,1,21,California
Alpine,2021-01-01,1,22,0,6,1,16,0,0,1,22,0,0,1,22,California
Alpine,2021-01-02,1,23,1,7,0,16,0,0,1,23,0,0,1,23,California
Alpine,2021-01-04,10,33,0,7,10,26,0,0,10,33,0,0,10,33,California
Alpine,2021-01-05,9,42,1,8,8,34,0,0,9,42,0,0,9,42,California
Alpine,2021-01-06,31,73,0,8,31,65,0,0,31,73,0,0,31,73,California
Alpine,2021-01-07,8,81,0,8,8,73,0,0,8,81,0,0,8,81,California
Alpine,2021-01-08,4,85,2,10,2,75,0,0,2,81,2,2,2,83,California
Alpine,2021-01-09,2,87,2,12,0,75,0,0,0,79,2,4,0,83,California
Alpine,2021-01-11,32,119,1,13,31,106,0,0,31,109,1,5,31,114,California
Alpine,2021-01-13,35,154,0,13,35,141,0,0,35,144,0,5,35,149,California
Alpine,2021-01-14,1,155,0,13,1,142,0,0,1,145,0,5,1,150,California
Alpine,2021-01-15,1,156,0,13,1,143,0,0,1,146,0,5,1,151,California
Alpine,2021-01-20,21,177,0,13,21,164,0,0,21,167,0,5,21,172,California
Alpine,2021-01-21,1,178,0,13,1,165,0,0,1,168,0,5,1,173,California
Alpine,2021-01-22,33,211,0,13,33,198,0,0,33,201,0,5,33,206,California
Alpine,2021-01-23,1,212,1,14,0,198,0,0,0,200,1,6,0,206,California
Alpine,2021-01-25,16,228,0,14,16,214,0,0,16,216,0,6,16,222,California
Alpine,2021-01-27,1,229,1,15,0,214,0,0,0,215,1,7,0,222,California
Alpine,2021-01-28,1,230,0,15,1,215,0,0,0,214,1,8,0,222,California
Alpine,2021-01-29,1,231,0,15,1,216,0,0,1,215,0,8,1,223,California
Alpine,2021-02-01,25,256,0,15,25,241,0,0,7,204,18,26,7,230,California
Alpine,2021-02-03,34,290,0,15,34,275,0,0,10,190,24,50,10,240,California
Alpine,2021-02-04,8,298,0,15,8,283,0,0,3,188,5,55,3,243,California
Alpine,2021-02-05,31,329,0,15,31,314,0,0,12,181,19,74,12,255,California
Alpine,2021-02-08,32,361,0,15,32,346,0,0,4,157,28,102,4,259,California
Alpine,2021-02-10,34,395,0,15,34,380,0,0,0,123,34,136,0,259,California
Alpine,2021-02-11,6,401,0,15,6,386,0,0,3,123,3,139,3,262,California
Alpine,2021-02-12,1,402,0,15,1,387,0,0,0,122,1,140,0,262,California
Alpine,2021-02-17,23,425,0,15,23,410,0,0,3,105,20,160,3,265,California
Alpine,2021-02-18,2,427,0,15,2,412,0,0,1,105,1,161,1,266,California
Alpine,2021-02-19,34,461,1,16,33,445,0,0,2,75,32,193,2,268,California
Alpine,2021-02-22,27,488,0,16,27,472,0,0,8,64,19,212,8,276,California
Alpine,2021-02-24,1,489,1,17,0,472,0,0,1,65,0,212,1,277,California
Alpine,2021-02-25,6,495,1,18,5,477,0,0,6,71,0,212,6,283,California
Alpine,2021-02-26,30,525,1,19,29,506,0,0,29,99,1,213,29,312,California
Alpine,2021-02-27,1,526,0,19,1,507,0,0,1,100,0,213,1,313,California
Alpine,2021-03-01,36,562,0,19,36,543,0,0,26,116,10,223,26,339,California
Alpine,2021-03-03,29,591,0,19,29,572,0,0,18,123,11,234,18,357,California
Alpine,2021-03-04,11,602,1,20,10,582,0,0,11,134,0,234,11,368,California
Alpine,2021-03-05,30,632,0,20,30,612,0,0,22,148,8,242,22,390,California
Alpine,2021-03-08,31,663,0,20,31,643,0,0,29,175,2,244,29,419,California
Alpine,2021-03-10,73,736,0,20,73,716,0,0,73,248,0,244,73,492,California
Alpine,2021-03-11,35,771,0,20,35,751,0,0,31,275,4,248,31,523,California
Alpine,2021-03-12,19,790,0,20,19,770,0,0,17,290,2,250,17,540,California
Alpine,2021-03-15,21,811,1,21,20,790,0,0,20,309,1,251,20,560,California
Alpine,2021-03-17,23,834,0,21,22,812,1,1,19,325,4,255,20,580,California
Alpine,2021-03-18,38,872,3,24,35,847,0,1,35,357,3,258,35,615,California
Alpine,2021-03-19,2,874,1,25,1,848,0,1,1,357,1,259,1,616,California
Alpine,2021-03-22,24,898,0,25,24,872,0,1,15,363,9,268,15,631,California
Alpine,2021-03-24,19,917,0,25,19,891,0,1,8,360,11,279,8,639,California
Alpine,2021-03-25,35,952,1,26,33,924,1,2,28,382,7,286,29,668,California
Alpine,2021-03-27,1,953,0,26,1,925,0,2,0,381,1,287,0,668,California
Alpine,2021-03-28,1,954,1,27,0,925,0,2,1,382,0,287,1,669,California
Alpine,2021-03-29,19,973,0,27,18,943,1,3,2,368,17,304,3,672,California
Alpine,2021-04-01,18,991,0,27,18,961,0,3,8,366,10,314,8,680,California
Alpine,2021-04-02,101,1092,1,28,100,1061,0,3,46,358,54,368,46,726,California
Alpine,2021-04-05,4,1096,1,29,3,1064,0,3,0,354,4,372,0,726,California
Alpine,2021-04-06,3,1099,2,31,1,1065,0,3,2,355,1,373,2,728,California
Alpine,2021-04-07,117,1216,0,31,116,1181,1,4,30,300,86,459,31,759,California
Alpine,2021-04-08,36,1252,0,31,35,1216,1,5,10,285,26,485,11,770,California
Alpine,2021-04-09,2,1254,0,31,2,1218,0,5,2,287,0,485,2,772,California
Alpine,2021-04-14,47,1301,0,31,47,1265,0,5,10,260,37,522,10,782,California
Alpine,2021-04-15,35,1336,0,31,35,1300,0,5,3,231,32,554,3,785,California
Alpine,2021-04-16,1,1337,0,31,1,1301,0,5,1,232,0,554,1,786,California
Alpine,2021-04-19,1,1338,0,31,1,1302,0,5,1,233,0,554,1,787,California
Alpine,2021-04-21,31,1369,0,31,31,1333,0,5,15,232,16,570,15,802,California
Alpine,2021-04-22,24,1393,0,31,24,1357,0,5,1,210,23,593,1,803,California
Alpine,2021-04-24,2,1395,2,33,0,1357,0,5,0,209,2,595,1,804,California
Alpine,2021-04-25,1,1396,1,34,0,1357,0,5,0,208,1,596,0,804,California
Alpine,2021-04-27,2,1398,1,35,1,1358,0,5,1,208,1,597,1,805,California
Alpine,2021-04-28,36,1434,0,35,36,1394,0,5,6,184,30,627,6,811,California
Alpine,2021-04-29,7,1441,1,36,6,1400,0,5,1,179,6,633,1,812,California
Alpine,2021-04-30,2,1443,1,37,0,1400,1,6,1,180,1,634,2,814,California
Alpine,2021-05-02,1,1444,0,37,0,1400,1,7,0,180,1,635,1,815,California
Alpine,2021-05-05,17,1461,0,37,17,1417,0,7,4,171,13,648,4,819,California
Alpine,2021-05-06,8,1469,0,37,8,1425,0,7,0,163,8,656,0,819,California
Alpine,2021-05-07,1,1470,0,37,1,1426,0,7,0,162,1,657,0,819,California
Alpine,2021-05-10,1,1471,0,37,1,1427,0,7,1,163,0,657,1,820,California
Alpine,2021-05-12,1,1472,0,37,0,1427,1,8,0,163,1,658,1,821,California
Alpine,2021-05-13,3,1475,0,37,3,1430,0,8,0,160,3,661,0,821,California
Alpine,2021-05-17,2,1477,0,37,2,1432,0,8,1,160,1,662,1,822,California
Alpine,2021-05-18,1,1478,0,37,1,1433,0,8,1,161,0,662,1,823,California
Alpine,2021-05-19,15,1493,0,37,15,1448,0,8,0,146,15,677,0,823,California
Alpine,2021-05-20,1,1494,1,38,0,1448,0,8,0,145,1,678,0,823,California
Alpine,2021-05-21,1,1495,1,39,0,1448,0,8,0,144,1,679,0,823,California
Alpine,2021-05-25,2,1497,0,39,2,1450,0,8,0,142,2,681,0,823,California
Amador,2020-12-16,2,2,2,2,0,0,0,0,2,2,0,0,2,2,California
Amador,2020-12-17,5,7,5,7,0,0,0,0,5,7,0,0,5,7,California
Amador,2020-12-18,45,52,45,52,0,0,0,0,45,52,0,0,45,52,California
Amador,2020-12-19,17,69,17,69,0,0,0,0,17,69,0,0,17,69,California
Amador,2020-12-20,4,73,4,73,0,0,0,0,4,73,0,0,4,73,California
Amador,2020-12-21,31,104,31,104,0,0,0,0,31,104,0,0,31,104,California
Amador,2020-12-22,35,139,34,138,1,1,0,0,35,139,0,0,35,139,California
Amador,2020-12-23,39,178,38,176,1,2,0,0,39,178,0,0,39,178,California
Amador,2020-12-24,5,183,3,179,2,4,0,0,5,183,0,0,5,183,California
Amador,2020-12-26,5,188,4,183,1,5,0,0,5,188,0,0,5,188,California
Amador,2020-12-27,1,189,0,183,1,6,0,0,1,189,0,0,1,189,California
Amador,2020-12-28,31,220,27,210,4,10,0,0,31,220,0,0,31,220,California
Amador,2020-12-29,26,246,19,229,7,17,0,0,26,246,0,0,26,246,California
Amador,2020-12-30,124,370,78,307,46,63,0,0,124,370,0,0,124,370,California
Amador,2020-12-31,192,562,167,474,25,88,0,0,192,562,0,0,192,562,California
Amador,2021-01-01,2,564,0,474,2,90,0,0,2,564,0,0,2,564,California
Amador,2021-01-02,56,620,56,530,0,90,0,0,56,620,0,0,56,620,California
Amador,2021-01-03,65,685,17,547,48,138,0,0,65,685,0,0,65,685,California
Amador,2021-01-04,124,809,1,548,123,261,0,0,124,809,0,0,124,809,California
Amador,2021-01-05,33,842,3,551,30,291,0,0,31,839,2,2,32,841,California
Amador,2021-01-06,40,882,10,561,30,321,0,0,36,871,4,6,36,877,California
Amador,2021-01-07,230,1112,69,630,161,482,0,0,218,1077,12,18,218,1095,California
Amador,2021-01-08,85,1197,70,700,15,497,0,0,41,1075,44,62,42,1137,California
Amador,2021-01-09,11,1208,11,711,0,497,0,0,2,1068,9,71,2,1139,California
Amador,2021-01-10,6,1214,4,715,2,499,0,0,2,1066,4,75,2,1141,California
Amador,2021-01-11,125,1339,44,759,81,580,0,0,88,1118,37,112,89,1230,California
Amador,2021-01-12,64,1403,49,808,15,595,0,0,40,1134,24,136,40,1270,California
Amador,2021-01-13,40,1443,24,832,16,611,0,0,28,1150,12,148,28,1298,California
Amador,2021-01-14,149,1592,21,853,128,739,0,0,139,1280,10,158,140,1438,California
Amador,2021-01-15,60,1652,25,878,35,774,0,0,52,1324,8,166,52,1490,California
Amador,2021-01-16,18,1670,11,889,7,781,0,0,12,1331,6,172,13,1503,California
Amador,2021-01-17,25,1695,5,894,20,801,0,0,25,1356,0,172,25,1528,California
Amador,2021-01-18,31,1726,27,921,4,805,0,0,9,1343,22,194,9,1537,California
Amador,2021-01-19,125,1851,100,1021,25,830,0,0,81,1380,44,238,81,1618,California
Amador,2021-01-20,184,2035,34,1055,150,980,0,0,168,1533,15,253,168,1786,California
Amador,2021-01-21,259,2294,228,1283,31,1011,0,0,148,1571,111,364,149,1935,California
Amador,2021-01-22,136,2430,73,1356,63,1074,0,0,129,1693,7,371,129,2064,California
Amador,2021-01-23,52,2482,32,1388,20,1094,0,0,50,1741,2,373,50,2114,California
Amador,2021-01-24,29,2511,12,1400,17,1111,0,0,26,1764,3,376,26,2140,California
Amador,2021-01-25,59,2570,28,1428,31,1142,0,0,42,1789,17,393,42,2182,California
Amador,2021-01-26,245,2815,17,1445,228,1370,0,0,235,2014,10,403,235,2417,California
Amador,2021-01-27,303,3118,32,1477,271,1641,0,0,256,2226,45,448,257,2674,California
Amador,2021-01-28,369,3487,97,1574,272,1913,0,0,288,2434,81,529,289,2963,California
Amador,2021-01-29,98,3585,32,1606,66,1979,0,0,83,2502,15,544,83,3046,California
Amador,2021-01-30,169,3754,36,1642,133,2112,0,0,164,2661,5,549,164,3210,California
Amador,2021-01-31,32,3786,28,1670,4,2116,0,0,31,2691,1,550,31,3241,California
Amador,2021-02-01,63,3849,23,1693,40,2156,0,0,36,2700,27,577,36,3277,California
Amador,2021-02-02,213,4062,64,1757,149,2305,0,0,127,2744,83,660,127,3404,California
Amador,2021-02-03,142,4204,39,1796,103,2408,0,0,91,2785,50,710,91,3495,California
Amador,2021-02-04,251,4455,74,1870,177,2585,0,0,164,2864,87,797,166,3661,California
Amador,2021-02-05,332,4787,64,1934,268,2853,0,0,316,3164,16,813,316,3977,California
Amador,2021-02-06,99,4886,80,2014,19,2872,0,0,95,3255,4,817,95,4072,California
Amador,2021-02-07,39,4925,35,2049,4,2876,0,0,35,3287,4,821,36,4108,California
Amador,2021-02-08,90,5015,62,2111,28,2904,0,0,73,3343,17,838,73,4181,California
Amador,2021-02-09,175,5190,82,2193,93,2997,0,0,109,3386,66,904,109,4290,California
Amador,2021-02-10,980,6170,80,2273,900,3897,0,0,946,4298,34,938,946,5236,California
Amador,2021-02-11,309,6479,119,2392,190,4087,0,0,199,4389,108,1046,199,5435,California
Amador,2021-02-12,330,6809,121,2513,209,4296,0,0,257,4573,73,1119,257,5692,California
Amador,2021-02-13,167,6976,82,2595,85,4381,0,0,141,4688,26,1145,141,5833,California
Amador,2021-02-14,123,7099,54,2649,69,4450,0,0,106,4777,17,1162,106,5939,California
Amador,2021-02-15,188,7287,61,2710,127,4577,0,0,171,4932,16,1178,171,6110,California
Amador,2021-02-16,465,7752,53,2763,412,4989,0,0,426,5320,39,1217,427,6537,California
Amador,2021-02-17,263,8015,84,2847,179,5168,0,0,166,5389,97,1314,166,6703,California
Amador,2021-02-18,398,8413,99,2946,299,5467,0,0,333,5658,65,1379,334,7037,California
Amador,2021-02-19,195,8608,77,3023,118,5585,0,0,111,5685,84,1463,111,7148,California
Amador,2021-02-20,95,8703,33,3056,62,5647,0,0,67,5724,28,1491,67,7215,California
Amador,2021-02-21,45,8748,34,3090,11,5658,0,0,14,5707,31,1522,14,7229,California
Amador,2021-02-22,65,8813,25,3115,40,5698,0,0,32,5707,32,1554,32,7261,California
Amador,2021-02-23,320,9133,54,3169,266,5964,0,0,140,5668,180,1734,141,7402,California
Amador,2021-02-24,397,9530,58,3227,339,6303,0,0,264,5803,129,1863,264,7666,California
Amador,2021-02-25,524,10054,119,3346,405,6708,0,0,278,5836,245,2108,278,7944,California
Amador,2021-02-26,620,10674,76,3422,544,7252,0,0,505,6227,115,2223,506,8450,California
Amador,2021-02-27,291,10965,92,3514,199,7451,0,0,101,6141,189,2412,103,8553,California
Amador,2021-02-28,104,11069,53,3567,51,7502,0,0,58,6155,46,2458,60,8613,California
Amador,2021-03-01,188,11257,67,3634,121,7623,0,0,119,6206,69,2527,120,8733,California
Amador,2021-03-02,381,11638,63,3697,318,7941,0,0,332,6490,49,2576,333,9066,California
Amador,2021-03-03,243,11881,79,3776,164,8105,0,0,167,6583,75,2651,168,9234,California
Amador,2021-03-04,497,12378,116,3892,381,8486,0,0,394,6875,102,2753,394,9628,California
Amador,2021-03-05,513,12891,77,3969,436,8922,0,0,294,6953,218,2971,296,9924,California
Amador,2021-03-06,99,12990,46,4015,52,8974,1,1,54,6963,45,3016,55,9979,California
Amador,2021-03-07,65,13055,44,4059,21,8995,0,1,22,6942,43,3059,22,10001,California
Amador,2021-03-08,152,13207,71,4130,80,9075,1,2,91,6973,61,3120,92,10093,California
Amador,2021-03-09,373,13580,50,4180,323,9398,0,2,293,7189,77,3197,293,10386,California
Amador,2021-03-10,514,14094,77,4257,435,9833,2,4,111,6901,403,3600,115,10501,California
Amador,2021-03-11,474,14568,118,4375,345,10178,11,15,299,7040,174,3774,313,10814,California
Amador,2021-03-12,568,15136,66,4441,495,10673,7,22,337,7159,230,4004,349,11163,California
Amador,2021-03-13,114,15250,18,4459,89,10762,7,29,74,7204,40,4044,85,11248,California
Amador,2021-03-14,89,15339,19,4478,67,10829,3,32,21,7160,68,4112,24,11272,California
Amador,2021-03-15,180,15519,26,4504,147,10976,7,39,55,7098,125,4237,63,11335,California
Amador,2021-03-16,452,15971,54,4558,388,11364,10,49,138,6934,312,4549,148,11483,California
Amador,2021-03-17,195,16166,43,4601,149,11513,3,52,117,6977,78,4627,121,11604,California
Amador,2021-03-18,478,16644,101,4702,373,11886,4,56,252,7011,226,4853,260,11864,California
Amador,2021-03-19,541,17185,56,4758,468,12354,17,73,391,7274,148,5001,411,12275,California
Amador,2021-03-20,109,17294,45,4803,63,12417,1,74,45,7259,63,5064,48,12323,California
Amador,2021-03-21,48,17342,36,4839,11,12428,1,75,31,7277,16,5080,34,12357,California
Amador,2021-03-22,116,17458,34,4873,53,12481,29,104,52,7294,64,5144,81,12438,California
Amador,2021-03-23,434,17892,47,4920,380,12861,7,111,275,7419,158,5302,283,12721,California
Amador,2021-03-24,343,18235,36,4956,54,12915,253,364,35,7400,307,5609,288,13009,California
Amador,2021-03-25,607,18842,85,5041,516,13431,6,370,395,7590,211,5820,401,13410,California
Amador,2021-03-26,744,19586,44,5085,694,14125,6,376,280,7417,462,6282,289,13699,California
Amador,2021-03-27,90,19676,15,5100,73,14198,2,378,27,7385,63,6345,31,13730,California
Amador,2021-03-28,70,19746,16,5116,52,14250,2,380,12,7343,57,6402,15,13745,California
Amador,2021-03-29,181,19927,27,5143,153,14403,1,381,82,7334,97,6499,88,13833,California
Amador,2021-03-30,535,20462,28,5171,506,14909,1,382,294,7389,240,6739,295,14128,California
Amador,2021-03-31,199,20661,57,5228,137,15046,5,387,43,7282,155,6894,48,14176,California
Amador,2021-04-01,614,21275,87,5315,527,15573,0,387,263,7198,349,7243,265,14441,California
Amador,2021-04-02,607,21882,38,5353,557,16130,12,399,381,7368,225,7468,395,14836,California
Amador,2021-04-03,84,21966,21,5374,43,16173,20,419,21,7348,63,7531,43,14879,California
Amador,2021-04-04,38,22004,3,5377,29,16202,6,425,15,7346,23,7554,21,14900,California
Amador,2021-04-05,144,22148,52,5429,75,16277,17,442,49,7320,94,7648,68,14968,California
Amador,2021-04-06,502,22650,38,5467,446,16723,18,460,222,7282,278,7926,240,15208,California
Amador,2021-04-07,99,22749,34,5501,46,16769,19,479,43,7290,54,7980,62,15270,California
Amador,2021-04-08,496,23245,86,5587,389,17158,21,500,222,7260,273,8253,243,15513,California
Amador,2021-04-09,481,23726,20,5607,442,17600,19,519,211,7219,269,8522,228,15741,California
Amador,2021-04-10,50,23776,14,5621,27,17627,9,528,22,7222,28,8550,31,15772,California
Amador,2021-04-11,50,23826,25,5646,21,17648,4,532,23,7223,26,8576,27,15799,California
Amador,2021-04-12,98,23924,26,5672,62,17710,10,542,42,7219,56,8632,52,15851,California
Amador,2021-04-13,344,24268,50,5722,294,18004,0,542,68,7012,275,8907,68,15919,California
Amador,2021-04-14,280,24548,27,5749,253,18257,0,542,177,7087,102,9009,177,16096,California
Amador,2021-04-15,331,24879,74,5823,257,18514,0,542,72,6905,254,9263,72,16168,California
Amador,2021-04-16,482,25361,29,5852,453,18967,0,542,385,7194,96,9359,385,16553,California
Amador,2021-04-17,60,25421,34,5886,26,18993,0,542,26,7186,34,9393,26,16579,California
Amador,2021-04-18,26,25447,6,5892,20,19013,0,542,11,7183,14,9407,11,16590,California
Amador,2021-04-19,69,25516,27,5919,42,19055,0,542,30,7177,38,9445,32,16622,California
Amador,2021-04-20,436,25952,55,5974,381,19436,0,542,111,6972,318,9763,113,16735,California
Amador,2021-04-21,85,26037,33,6007,52,19488,0,542,43,6974,41,9804,43,16778,California
Amador,2021-04-22,497,26534,78,6085,418,19906,1,543,105,6695,385,10189,106,16884,California
Amador,2021-04-23,358,26892,46,6131,312,20218,0,543,286,6912,71,10260,288,17172,California
Amador,2021-04-24,48,26940,24,6155,24,20242,0,543,27,6919,20,10280,27,17199,California
Amador,2021-04-25,41,26981,19,6174,22,20264,0,543,29,6936,12,10292,29,17228,California
Amador,2021-04-26,86,27067,26,6200,59,20323,1,544,40,6932,45,10337,41,17269,California
Amador,2021-04-27,489,27556,38,6238,451,20774,0,544,87,6620,400,10737,88,17357,California
Amador,2021-04-28,67,27623,29,6267,34,20808,4,548,39,6635,28,10765,43,17400,California
Amador,2021-04-29,222,27845,69,6336,44,20852,109,657,64,6649,158,10923,172,17572,California
Amador,2021-04-30,338,28183,26,6362,308,21160,4,661,95,6505,243,11166,99,17671,California
Amador,2021-05-01,42,28225,16,6378,22,21182,4,665,22,6513,18,11184,26,17697,California
Amador,2021-05-02,26,28251,14,6392,9,21191,3,668,9,6509,17,11201,13,17710,California
Amador,2021-05-03,67,28318,33,6425,24,21215,10,678,27,6506,40,11241,37,17747,California
Amador,2021-05-04,465,28783,26,6451,432,21647,7,685,68,6184,397,11638,75,17822,California
Amador,2021-05-05,201,28984,153,6604,39,21686,9,694,162,6316,39,11677,171,17993,California
Amador,2021-05-06,108,29092,54,6658,49,21735,5,699,63,6341,43,11720,68,18061,California
Amador,2021-05-07,126,29218,29,6687,90,21825,7,706,66,6354,60,11780,73,18134,California
Amador,2021-05-08,41,29259,8,6695,30,21855,3,709,20,6356,21,11801,23,18157,California
Amador,2021-05-09,15,29274,0,6695,9,21864,6,715,4,6355,11,11812,10,18167,California
Amador,2021-05-10,62,29336,15,6710,44,21908,3,718,26,6348,36,11848,29,18196,California
Amador,2021-05-11,102,29438,34,6744,42,21950,26,744,45,6362,57,11905,71,18267,California
Amador,2021-05-12,63,29501,21,6765,41,21991,1,745,29,6358,34,11939,30,18297,California
Amador,2021-05-13,73,29574,39,6804,28,22019,6,751,36,6365,35,11974,42,18339,California
Amador,2021-05-14,394,29968,34,6838,356,22375,4,755,86,6147,308,12282,90,18429,California
Amador,2021-05-15,51,30019,20,6858,20,22395,11,766,23,6154,28,12310,35,18464,California
Amador,2021-05-16,38,30057,15,6873,23,22418,0,766,17,6150,21,12331,17,18481,California
Amador,2021-05-17,75,30132,22,6895,51,22469,2,768,36,6150,38,12369,38,18519,California
Amador,2021-05-18,247,30379,169,7064,43,22512,35,803,163,6265,83,12452,198,18717,California
Amador,2021-05-19,73,30452,22,7086,47,22559,4,807,33,6265,39,12491,39,18756,California
Amador,2021-05-20,79,30531,45,7131,31,22590,3,810,31,6252,47,12538,34,18790,California
Amador,2021-05-21,229,30760,28,7159,199,22789,2,812,37,6099,192,12730,39,18829,California
Amador,2021-05-22,39,30799,14,7173,20,22809,5,817,14,6093,25,12755,19,18848,California
Amador,2021-05-23,21,30820,5,7178,15,22824,1,818,6,6085,15,12770,7,18855,California
Amador,2021-05-24,84,30904,28,7206,44,22868,12,830,38,6090,45,12815,50,18905,California
Amador,2021-05-25,116,31020,80,7286,17,22885,19,849,73,6140,42,12857,92,18997,California
Amador,2021-05-26,19,31039,10,7296,7,22892,2,851,11,6145,7,12864,12,19009,California
Butte,2020-12-16,3,3,3,3,0,0,0,0,3,3,0,0,3,3,California
Butte,2020-12-17,21,24,21,24,0,0,0,0,21,24,0,0,21,24,California
Butte,2020-12-18,50,74,50,74,0,0,0,0,50,74,0,0,50,74,California
Butte,2020-12-19,7,81,7,81,0,0,0,0,7,81,0,0,7,81,California
Butte,2020-12-20,10,91,10,91,0,0,0,0,10,91,0,0,10,91,California
Butte,2020-12-21,634,725,634,725,0,0,0,0,634,725,0,0,634,725,California
Butte,2020-12-22,619,1344,617,1342,2,2,0,0,619,1344,0,0,619,1344,California
Butte,2020-12-23,878,2222,862,2204,16,18,0,0,878,2222,0,0,878,2222,California
Butte,2020-12-24,159,2381,155,2359,4,22,0,0,159,2381,0,0,159,2381,California
Butte,2020-12-26,93,2474,91,2450,2,24,0,0,93,2474,0,0,93,2474,California
Butte,2020-12-27,35,2509,34,2484,1,25,0,0,35,2509,0,0,35,2509,California
Butte,2020-12-28,279,2788,273,2757,6,31,0,0,279,2788,0,0,279,2788,California
Butte,2020-12-29,202,2990,178,2935,24,55,0,0,202,2990,0,0,202,2990,California
Butte,2020-12-30,514,3504,291,3226,223,278,0,0,514,3504,0,0,514,3504,California
Butte,2020-12-31,211,3715,18,3244,193,471,0,0,211,3715,0,0,211,3715,California
Butte,2021-01-01,8,3723,1,3245,7,478,0,0,8,3723,0,0,8,3723,California
Butte,2021-01-02,41,3764,38,3283,3,481,0,0,41,3764,0,0,41,3764,California
Butte,2021-01-03,3,3767,0,3283,3,484,0,0,3,3767,0,0,3,3767,California
Butte,2021-01-04,208,3975,175,3458,33,517,0,0,208,3975,0,0,208,3975,California
Butte,2021-01-05,197,4172,152,3610,45,562,0,0,196,4170,1,1,196,4171,California
Butte,2021-01-06,624,4796,397,4007,227,789,0,0,619,4785,5,6,620,4791,California
Butte,2021-01-07,761,5557,369,4376,392,1181,0,0,741,5506,20,26,741,5532,California
Butte,2021-01-08,669,6226,530,4906,139,1320,0,0,623,6083,46,72,623,6155,California
Butte,2021-01-09,12,6238,7,4913,5,1325,0,0,7,6085,5,77,7,6162,California
Butte,2021-01-10,19,6257,5,4918,14,1339,0,0,14,6094,5,82,14,6176,California
Butte,2021-01-11,985,7242,949,5867,36,1375,0,0,357,5826,628,710,360,6536,California
Butte,2021-01-12,698,7940,653,6520,45,1420,0,0,274,5676,424,1134,274,6810,California
Butte,2021-01-13,1569,9509,1075,7595,494,1914,0,0,731,5571,838,1972,733,7543,California
Butte,2021-01-14,1633,11142,892,8487,741,2655,0,0,1437,6813,195,2167,1437,8980,California
Butte,2021-01-15,1054,12196,813,9300,241,2896,0,0,945,7648,110,2277,945,9925,California
Butte,2021-01-16,586,12782,300,9600,286,3182,0,0,541,8144,45,2322,541,10466,California
Butte,2021-01-17,238,13020,64,9664,174,3356,0,0,201,8308,37,2359,201,10667,California
Butte,2021-01-18,344,13364,302,9966,42,3398,0,0,276,8517,67,2426,276,10943,California
Butte,2021-01-19,495,13859,432,10398,63,3461,0,0,223,8468,272,2698,223,11166,California
Butte,2021-01-20,1368,15227,688,11086,680,4141,0,0,1065,9230,303,3001,1065,12231,California
Butte,2021-01-21,1475,16702,867,11953,608,4749,0,0,1367,10490,107,3108,1367,13598,California
Butte,2021-01-22,1137,17839,478,12431,659,5408,0,0,1084,11521,53,3161,1084,14682,California
Butte,2021-01-23,127,17966,85,12516,42,5450,0,0,101,11596,26,3187,101,14783,California
Butte,2021-01-24,9,17975,7,12523,2,5452,0,0,9,11605,0,3187,9,14792,California
Butte,2021-01-25,655,18630,335,12858,320,5772,0,0,492,11934,163,3350,492,15284,California
Butte,2021-01-26,1469,20099,377,13235,1092,6864,0,0,1332,13129,137,3487,1332,16616,California
Butte,2021-01-27,2097,22196,705,13940,1392,8256,0,0,1366,13765,730,4217,1366,17982,California
Butte,2021-01-28,2263,24459,262,14202,2001,10257,0,0,1951,15405,311,4528,1951,19933,California
Butte,2021-01-29,1685,26144,486,14688,1199,11456,0,0,1308,16337,376,4904,1308,21241,California
Butte,2021-01-30,31,26175,8,14696,23,11479,0,0,29,16364,2,4906,29,21270,California
Butte,2021-01-31,16,26191,14,14710,2,11481,0,0,15,16378,1,4907,15,21285,California
Butte,2021-02-01,1749,27940,406,15116,1343,12824,0,0,1361,17353,386,5293,1361,22646,California
Butte,2021-02-02,1931,29871,363,15479,1568,14392,0,0,1628,18677,304,5597,1628,24274,California
Butte,2021-02-03,2741,32612,777,16256,1964,16356,0,0,1849,19636,890,6487,1849,26123,California
Butte,2021-02-04,2958,35570,324,16580,2634,18990,0,0,2402,21484,554,7041,2402,28525,California
Butte,2021-02-05,1272,36842,667,17247,605,19595,0,0,552,21317,720,7761,553,29078,California
Butte,2021-02-06,145,36987,104,17351,41,19636,0,0,63,21298,82,7843,63,29141,California
Butte,2021-02-07,37,37024,33,17384,4,19640,0,0,13,21287,24,7867,13,29154,California
Butte,2021-02-08,698,37722,548,17932,150,19790,0,0,242,21073,456,8323,242,29396,California
Butte,2021-02-09,953,38675,459,18391,494,20284,0,0,723,21566,230,8553,723,30119,California
Butte,2021-02-10,1706,40381,1190,19581,516,20800,0,0,675,21212,1029,9582,675,30794,California
Butte,2021-02-11,2202,42583,1347,20928,855,21655,0,0,1005,21020,1197,10779,1005,31799,California
Butte,2021-02-12,1003,43586,436,21364,567,22222,0,0,330,20678,672,11451,330,32129,California
Butte,2021-02-13,251,43837,43,21407,208,22430,0,0,150,20727,101,11552,150,32279,California
Butte,2021-02-14,160,43997,9,21416,151,22581,0,0,156,20879,4,11556,156,32435,California
Butte,2021-02-15,263,44260,47,21463,216,22797,0,0,198,21012,65,11621,198,32633,California
Butte,2021-02-16,732,44992,432,21895,300,23097,0,0,276,20831,457,12078,276,32909,California
Butte,2021-02-17,1516,46508,849,22744,667,23764,0,0,842,21001,672,12750,842,33751,California
Butte,2021-02-18,1557,48065,763,23507,794,24558,0,0,747,20938,810,13560,747,34498,California
Butte,2021-02-19,1169,49234,389,23896,780,25338,0,0,402,20580,760,14320,402,34900,California
Butte,2021-02-20,478,49712,32,23928,446,25784,0,0,125,20353,352,14672,125,35025,California
Butte,2021-02-21,18,49730,16,23944,2,25786,0,0,13,20361,5,14677,13,35038,California
Butte,2021-02-22,1501,51231,297,24241,1204,26990,0,0,378,19619,1120,15797,378,35416,California
Butte,2021-02-23,1634,52865,296,24537,1338,28328,0,0,462,18914,1167,16964,462,35878,California
Butte,2021-02-24,2138,55003,598,25135,1540,29868,0,0,726,18236,1404,18368,726,36604,California
Butte,2021-02-25,2076,57079,577,25712,1499,31367,0,0,656,17478,1415,19783,657,37261,California
Butte,2021-02-26,920,57999,311,26023,609,31976,0,0,396,17353,521,20304,396,37657,California
Butte,2021-02-27,236,58235,49,26072,187,32163,0,0,185,17489,49,20353,185,37842,California
Butte,2021-02-28,139,58374,16,26088,123,32286,0,0,131,17612,8,20361,131,37973,California
Butte,2021-03-01,1629,60003,177,26265,1451,33737,1,1,329,16645,1297,21658,330,38303,California
Butte,2021-03-02,1748,61751,198,26463,1550,35287,0,1,312,15525,1432,23090,312,38615,California
Butte,2021-03-03,2788,64539,851,27314,1937,37224,0,1,482,13704,2304,25394,483,39098,California
Butte,2021-03-04,3152,67691,683,27997,2469,39693,0,1,628,11809,2523,27917,628,39726,California
Butte,2021-03-05,1353,69044,616,28613,736,40429,1,2,737,11935,612,28529,738,40464,California
Butte,2021-03-06,247,69291,27,28640,197,40626,23,25,186,12084,60,28589,209,40673,California
Butte,2021-03-07,54,69345,3,28643,34,40660,17,42,29,12105,25,28614,46,40719,California
Butte,2021-03-08,1267,70612,129,28772,1060,41720,78,120,1101,13121,163,28777,1179,41898,California
Butte,2021-03-09,1902,72514,284,29056,1515,43235,103,223,1412,14149,487,29264,1515,43413,California
Butte,2021-03-10,2318,74832,966,30022,1251,44486,101,324,1577,15090,736,30000,1677,45090,California
Butte,2021-03-11,2811,77643,1319,31341,1366,45852,126,450,1981,16378,819,30819,2107,47197,California
Butte,2021-03-12,1147,78790,330,31671,468,46320,349,799,356,16299,785,31604,706,47903,California
Butte,2021-03-13,255,79045,69,31740,137,46457,49,848,62,16217,193,31797,111,48014,California
Butte,2021-03-14,162,79207,16,31756,104,46561,42,890,20,16138,141,31938,62,48076,California
Butte,2021-03-15,1742,80949,359,32115,1089,47650,294,1184,1147,16991,588,32526,1441,49517,California
Butte,2021-03-16,1653,82602,416,32531,1159,48809,78,1262,1113,17644,537,33063,1190,50707,California
Butte,2021-03-17,1956,84558,1358,33889,517,49326,81,1343,1137,18050,811,33874,1217,51924,California
Butte,2021-03-18,1809,86367,1466,35355,214,49540,129,1472,1065,18505,738,34612,1193,53117,California
Butte,2021-03-19,702,87069,314,35669,304,49844,84,1556,348,18593,344,34956,432,53549,California
Butte,2021-03-20,207,87276,32,35701,159,50003,16,1572,95,18592,112,35068,111,53660,California
Butte,2021-03-21,58,87334,27,35728,2,50005,29,1601,15,18593,43,35111,44,53704,California
Butte,2021-03-22,1484,88818,352,36080,1038,51043,94,1695,1220,19645,262,35373,1314,55018,California
Butte,2021-03-23,1826,90644,493,36573,1219,52262,114,1809,1476,20888,347,35720,1590,56608,California
Butte,2021-03-24,2266,92910,1269,37842,871,53133,126,1935,1717,22185,545,36265,1842,58450,California
Butte,2021-03-25,1485,94395,1201,39043,192,53325,92,2027,1018,22832,463,36728,1110,59560,California
Butte,2021-03-26,1208,95603,441,39484,521,53846,246,2273,560,22998,640,37368,806,60366,California
Butte,2021-03-27,302,95905,85,39569,193,54039,24,2297,136,22993,163,37531,158,60524,California
Butte,2021-03-28,226,96131,44,39613,174,54213,8,2305,102,22981,121,37652,109,60633,California
Butte,2021-03-29,1759,97890,381,39994,1308,55521,70,2375,1342,23981,412,38064,1412,62045,California
Butte,2021-03-30,1040,98930,471,40465,479,56000,90,2465,493,24023,541,38605,583,62628,California
Butte,2021-03-31,1779,100709,1304,41769,408,56408,67,2532,1088,24493,685,39290,1155,63783,California
Butte,2021-04-01,3329,104038,2706,44475,496,56904,127,2659,2259,25816,1064,40354,2387,66170,California
Butte,2021-04-02,1003,105041,419,44894,464,57368,120,2779,566,26071,429,40783,684,66854,California
Butte,2021-04-03,347,105388,46,44940,226,57594,75,2854,164,26127,183,40966,239,67093,California
Butte,2021-04-04,188,105576,24,44964,141,57735,23,2877,110,26184,76,41042,133,67226,California
Butte,2021-04-05,1965,107541,420,45384,1373,59108,172,3049,593,25591,1363,42405,770,67996,California
Butte,2021-04-06,2200,109741,616,46000,1161,60269,423,3472,798,25414,1396,43801,1219,69215,California
Butte,2021-04-07,3031,112772,1313,47313,1325,61594,393,3865,706,24202,2319,46120,1107,70322,California
Butte,2021-04-08,2729,115501,1190,48503,1273,62867,266,4131,443,22630,2283,48403,711,71033,California
Butte,2021-04-09,1370,116871,352,48855,538,63405,480,4611,328,22395,1038,49441,803,71836,California
Butte,2021-04-10,223,117094,48,48903,77,63482,98,4709,100,22469,123,49564,197,72033,California
Butte,2021-04-11,106,117200,44,48947,52,63534,10,4719,82,22538,23,49587,92,72125,California
Butte,2021-04-12,1407,118607,314,49261,960,64494,133,4852,233,21730,1174,50761,366,72491,California
Butte,2021-04-13,1642,120249,572,49833,1064,65558,6,4858,336,20773,1299,52060,342,72833,California
Butte,2021-04-14,2821,123070,2335,52168,486,66044,0,4858,1305,20569,1510,53570,1306,74139,California
Butte,2021-04-15,642,123712,397,52565,245,66289,0,4858,485,20900,154,53724,485,74624,California
Butte,2021-04-16,810,124522,414,52979,396,66685,0,4858,475,21042,333,54057,475,75099,California
Butte,2021-04-17,342,124864,61,53040,281,66966,0,4858,238,21178,102,54159,238,75337,California
Butte,2021-04-18,42,124906,11,53051,31,66997,0,4858,38,21212,4,54163,38,75375,California
Butte,2021-04-19,1561,126467,381,53432,1180,68177,0,4858,428,20510,1130,55293,428,75803,California
Butte,2021-04-20,1969,128436,717,54149,1252,69429,0,4858,751,20050,1211,56504,751,76554,California
Butte,2021-04-21,2049,130485,1165,55314,884,70313,0,4858,465,18937,1578,58082,465,77019,California
Butte,2021-04-22,2219,132704,1941,57255,278,70591,0,4858,610,17941,1606,59688,610,77629,California
Butte,2021-04-23,942,133646,445,57700,497,71088,0,4858,489,17977,453,60141,489,78118,California
Butte,2021-04-24,345,133991,138,57838,207,71295,0,4858,190,18012,155,60296,190,78308,California
Butte,2021-04-25,172,134163,67,57905,105,71400,0,4858,63,17966,109,60405,63,78371,California
Butte,2021-04-26,1487,135650,428,58333,1054,72454,5,4863,383,17253,1101,61506,388,78759,California
Butte,2021-04-27,935,136585,639,58972,269,72723,27,4890,563,17476,367,61873,590,79349,California
Butte,2021-04-28,1392,137977,936,59908,431,73154,25,4915,503,17116,888,62761,528,79877,California
Butte,2021-04-29,882,138859,542,60450,315,73469,25,4940,296,16856,581,63342,321,80198,California
Butte,2021-04-30,893,139752,387,60837,485,73954,21,4961,450,16889,437,63779,470,80668,California
Butte,2021-05-01,239,139991,64,60901,156,74110,19,4980,69,16808,169,63948,88,80756,California
Butte,2021-05-02,147,140138,61,60962,73,74183,13,4993,42,16758,105,64053,55,80811,California
Butte,2021-05-03,606,140744,250,61212,325,74508,31,5024,155,16504,440,64493,186,80997,California
Butte,2021-05-04,816,141560,315,61527,469,74977,32,5056,211,16147,599,65092,242,81239,California
Butte,2021-05-05,1338,142898,1090,62617,212,75189,36,5092,276,15402,1057,66149,312,81551,California
Butte,2021-05-06,926,143824,670,63287,219,75408,37,5129,360,15236,563,66712,397,81948,California
Butte,2021-05-07,563,144387,291,63578,235,75643,37,5166,288,15289,272,66984,325,82273,California
Butte,2021-05-08,170,144557,36,63614,125,75768,9,5175,90,15309,79,67063,99,82372,California
Butte,2021-05-09,94,144651,20,63634,71,75839,3,5178,50,15318,44,67107,53,82425,California
Butte,2021-05-10,520,145171,307,63941,170,76009,43,5221,214,15272,303,67410,257,82682,California
Butte,2021-05-11,862,146033,641,64582,164,76173,57,5278,275,15020,584,67994,332,83014,California
Butte,2021-05-12,731,146764,472,65054,213,76386,46,5324,327,14993,400,68394,373,83387,California
Butte,2021-05-13,847,147611,569,65623,219,76605,59,5383,295,14804,541,68935,352,83739,California
Butte,2021-05-14,834,148445,522,66145,282,76887,30,5413,361,14725,469,69404,390,84129,California
Butte,2021-05-15,476,148921,221,66366,223,77110,32,5445,220,14722,255,69659,252,84381,California
Butte,2021-05-16,169,149090,83,66449,68,77178,18,5463,98,14768,70,69729,116,84497,California
Butte,2021-05-17,758,149848,486,66935,225,77403,47,5510,338,14735,417,70146,384,84881,California
Butte,2021-05-18,1058,150906,726,67661,284,77687,48,5558,480,14691,572,70718,528,85409,California
Butte,2021-05-19,833,151739,543,68204,246,77933,44,5602,335,14575,494,71212,378,85787,California
Butte,2021-05-20,836,152575,574,68778,160,78093,102,5704,333,14509,501,71713,435,86222,California
Butte,2021-05-21,773,153348,489,69267,258,78351,26,5730,260,14285,509,72222,285,86507,California
Butte,2021-05-22,217,153565,104,69371,108,78459,5,5735,107,14290,107,72329,112,86619,California
Butte,2021-05-23,75,153640,46,69417,26,78485,3,5738,43,14304,32,72361,46,86665,California
Butte,2021-05-24,321,153961,138,69555,140,78625,43,5781,167,14361,153,72514,210,86875,California
Butte,2021-05-25,665,154626,423,69978,209,78834,33,5814,330,14395,328,72842,362,87237,California
Butte,2021-05-26,268,154894,42,70020,215,79049,11,5825,115,14375,146,72988,126,87363,California
Calaveras,2020-12-16,5,5,5,5,0,0,0,0,5,5,0,0,5,5,California
Calaveras,2020-12-17,3,8,3,8,0,0,0,0,3,8,0,0,3,8,California
Calaveras,2020-12-18,38,46,38,46,0,0,0,0,38,46,0,0,38,46,California
Calaveras,2020-12-19,3,49,3,49,0,0,0,0,3,49,0,0,3,49,California
Calaveras,2020-12-20,4,53,4,53,0,0,0,0,4,53,0,0,4,53,California
Calaveras,2020-12-21,55,108,48,101,7,7,0,0,55,108,0,0,55,108,California
Calaveras,2020-12-22,82,190,78,179,4,11,0,0,83,191,0,0,83,191,California
Calaveras,2020-12-23,76,266,74,253,2,13,0,0,76,267,0,0,76,267,California
Calaveras,2020-12-24,2,268,2,255,0,13,0,0,2,269,0,0,2,269,California
Calaveras,2020-12-26,3,271,3,258,0,13,0,0,3,272,0,0,3,272,California
Calaveras,2020-12-28,21,292,17,275,4,17,0,0,20,291,1,1,20,292,California
Calaveras,2020-12-29,158,450,138,413,20,37,0,0,158,449,0,1,158,450,California
Calaveras,2020-12-30,94,544,82,495,12,49,0,0,94,543,0,1,94,544,California
Calaveras,2020-12-31,37,581,26,521,11,60,0,0,37,580,0,1,37,581,California
Calaveras,2021-01-02,11,592,11,532,0,60,0,0,11,591,0,1,11,592,California
Calaveras,2021-01-03,10,602,4,536,6,66,0,0,10,601,0,1,10,602,California
Calaveras,2021-01-04,33,635,5,541,28,94,0,0,33,634,0,1,33,635,California
Calaveras,2021-01-05,40,675,9,550,31,125,0,0,31,661,9,10,36,671,California
Calaveras,2021-01-06,107,782,30,580,77,202,0,0,97,748,10,20,97,768,California
Calaveras,2021-01-07,105,887,26,606,79,281,0,0,92,830,11,31,93,861,California
Calaveras,2021-01-08,68,955,38,644,30,311,0,0,45,853,23,54,46,907,California
Calaveras,2021-01-09,5,960,5,649,0,311,0,0,2,852,3,57,2,909,California
Calaveras,2021-01-10,2,962,0,649,2,313,0,0,2,854,0,57,2,911,California
Calaveras,2021-01-11,65,1027,59,708,6,319,0,0,27,846,37,94,29,940,California
Calaveras,2021-01-12,86,1113,53,761,33,352,0,0,52,865,34,128,53,993,California
Calaveras,2021-01-13,111,1224,45,806,66,418,0,0,77,909,34,162,78,1071,California
Calaveras,2021-01-14,140,1364,43,849,97,515,0,0,107,985,32,194,108,1179,California
Calaveras,2021-01-15,92,1456,28,877,64,579,0,0,72,1037,20,214,72,1251,California
Calaveras,2021-01-16,13,1469,2,879,11,590,0,0,12,1048,1,215,12,1263,California
Calaveras,2021-01-17,9,1478,1,880,8,598,0,0,9,1057,0,215,9,1272,California
Calaveras,2021-01-18,133,1611,20,900,113,711,0,0,119,1165,14,229,122,1394,California
Calaveras,2021-01-19,205,1816,175,1075,30,741,0,0,68,1098,136,365,69,1463,California
Calaveras,2021-01-20,378,2194,82,1157,296,1037,0,0,291,1314,86,451,302,1765,California
Calaveras,2021-01-21,464,2658,41,1198,423,1460,0,0,429,1720,35,486,441,2206,California
Calaveras,2021-01-22,401,3059,23,1221,378,1838,0,0,391,2108,10,496,398,2604,California
Calaveras,2021-01-23,20,3079,8,1229,12,1850,0,0,19,2126,1,497,19,2623,California
Calaveras,2021-01-24,14,3093,8,1237,6,1856,0,0,12,2136,2,499,12,2635,California
Calaveras,2021-01-25,86,3179,8,1245,78,1934,0,0,81,2212,5,504,81,2716,California
Calaveras,2021-01-26,47,3226,15,1260,32,1966,0,0,39,2243,8,512,39,2755,California
Calaveras,2021-01-27,135,3361,43,1303,92,2058,0,0,107,2323,27,539,107,2862,California
Calaveras,2021-01-28,165,3526,25,1328,140,2198,0,0,140,2442,25,564,144,3006,California
Calaveras,2021-01-29,390,3916,12,1340,378,2576,0,0,361,2787,29,593,374,3380,California
Calaveras,2021-01-30,27,3943,10,1350,17,2593,0,0,25,2812,0,593,25,3405,California
Calaveras,2021-01-31,6,3949,4,1354,2,2595,0,0,5,2816,1,594,5,3410,California
Calaveras,2021-02-01,25,3974,11,1365,14,2609,0,0,17,2825,8,602,17,3427,California
Calaveras,2021-02-02,109,4083,22,1387,87,2696,0,0,71,2864,33,635,72,3499,California
Calaveras,2021-02-03,434,4517,44,1431,390,3086,0,0,349,3131,84,719,351,3850,California
Calaveras,2021-02-04,381,4898,25,1456,356,3442,0,0,296,3345,85,804,299,4149,California
Calaveras,2021-02-05,79,4977,22,1478,57,3499,0,0,41,3349,38,842,42,4191,California
Calaveras,2021-02-06,21,4998,12,1490,9,3508,0,0,21,3370,0,842,21,4212,California
Calaveras,2021-02-07,4,5002,1,1491,3,3511,0,0,2,3370,2,844,2,4214,California
Calaveras,2021-02-08,39,5041,18,1509,21,3532,0,0,31,3395,6,850,31,4245,California
Calaveras,2021-02-09,193,5234,77,1586,116,3648,0,0,131,3467,60,910,132,4377,California
Calaveras,2021-02-10,515,5749,31,1617,484,4132,0,0,443,3843,72,982,448,4825,California
Calaveras,2021-02-11,583,6332,81,1698,502,4634,0,0,472,4211,108,1090,476,5301,California
Calaveras,2021-02-12,570,6902,325,2023,245,4879,0,0,493,4632,75,1165,496,5797,California
Calaveras,2021-02-13,201,7103,45,2068,156,5035,0,0,186,4803,15,1180,186,5983,California
Calaveras,2021-02-14,221,7324,71,2139,150,5185,0,0,206,4995,14,1194,206,6189,California
Calaveras,2021-02-15,382,7706,23,2162,359,5544,0,0,262,5140,117,1311,262,6451,California
Calaveras,2021-02-16,268,7974,144,2306,124,5668,0,0,230,5334,38,1349,232,6683,California
Calaveras,2021-02-17,512,8486,38,2344,474,6142,0,0,209,5253,293,1642,212,6895,California
Calaveras,2021-02-18,499,8985,91,2435,408,6550,0,0,96,4965,385,2027,97,6992,California
Calaveras,2021-02-19,440,9425,43,2478,397,6947,0,0,98,4730,333,2360,98,7090,California
Calaveras,2021-02-20,59,9484,15,2493,44,6991,0,0,48,4767,11,2371,48,7138,California
Calaveras,2021-02-21,24,9508,14,2507,10,7001,0,0,18,4780,5,2376,18,7156,California
Calaveras,2021-02-22,62,9570,38,2545,24,7025,0,0,33,4784,29,2405,33,7189,California
Calaveras,2021-02-23,127,9697,42,2587,85,7110,0,0,91,4840,36,2441,92,7281,California
Calaveras,2021-02-24,97,9794,48,2635,49,7159,0,0,67,4878,29,2470,67,7348,California
Calaveras,2021-02-25,550,10344,99,2734,451,7610,0,0,355,5047,190,2660,359,7707,California
Calaveras,2021-02-26,720,11064,48,2782,672,8282,0,0,371,5091,329,2989,373,8080,California
Calaveras,2021-02-27,204,11268,22,2804,182,8464,0,0,180,5247,24,3013,180,8260,California
Calaveras,2021-02-28,97,11365,15,2819,82,8546,0,0,91,5333,5,3018,91,8351,California
Calaveras,2021-03-01,229,11594,41,2860,188,8734,0,0,146,5400,80,3098,147,8498,California
Calaveras,2021-03-02,250,11844,97,2957,153,8887,0,0,204,5562,43,3141,205,8703,California
Calaveras,2021-03-03,514,12358,104,3061,410,9297,0,0,212,5478,296,3437,212,8915,California
Calaveras,2021-03-04,744,13102,68,3129,675,9972,1,1,354,5452,381,3818,355,9270,California
Calaveras,2021-03-05,455,13557,272,3401,179,10151,4,5,140,5286,310,4128,144,9414,California
Calaveras,2021-03-06,154,13711,42,3443,106,10257,6,11,114,5366,40,4168,120,9534,California
Calaveras,2021-03-07,75,13786,32,3475,36,10293,7,18,34,5366,41,4209,41,9575,California
Calaveras,2021-03-08,162,13948,27,3502,127,10420,8,26,128,5469,33,4242,136,9711,California
Calaveras,2021-03-09,360,14308,136,3638,218,10638,6,32,32,5184,323,4565,38,9749,California
Calaveras,2021-03-10,420,14728,31,3669,386,11024,3,35,58,4889,356,4921,61,9810,California
Calaveras,2021-03-11,851,15579,423,4092,415,11439,13,48,433,4924,413,5334,448,10258,California
Calaveras,2021-03-12,402,15981,213,4305,179,11618,10,58,326,5191,75,5409,342,10600,California
Calaveras,2021-03-13,177,16158,16,4321,153,11771,8,66,140,5306,36,5445,151,10751,California
Calaveras,2021-03-14,156,16314,11,4332,144,11915,1,67,18,5194,138,5583,26,10777,California
Calaveras,2021-03-15,330,16644,48,4380,256,12171,26,93,52,4999,277,5860,82,10859,California
Calaveras,2021-03-16,689,17333,553,4933,116,12287,20,113,546,5424,141,6001,566,11425,California
Calaveras,2021-03-17,281,17614,53,4986,214,12501,14,127,50,5262,227,6228,65,11490,California
Calaveras,2021-03-18,666,18280,570,5556,80,12581,16,143,549,5712,117,6345,567,12057,California
Calaveras,2021-03-19,232,18512,51,5607,107,12688,74,217,58,5672,170,6515,130,12187,California
Calaveras,2021-03-20,81,18593,22,5629,58,12746,1,218,23,5639,58,6573,25,12212,California
Calaveras,2021-03-21,47,18640,30,5659,6,12752,11,229,12,5627,35,6608,23,12235,California
Calaveras,2021-03-22,79,18719,35,5694,23,12775,21,250,25,5619,54,6662,46,12281,California
Calaveras,2021-03-23,295,19014,204,5898,81,12856,10,260,117,5578,168,6830,127,12408,California
Calaveras,2021-03-24,134,19148,51,5949,73,12929,10,270,43,5542,89,6919,53,12461,California
Calaveras,2021-03-25,743,19891,103,6052,636,13565,4,274,446,5702,290,7209,450,12911,California
Calaveras,2021-03-26,427,20318,28,6080,393,13958,6,280,88,5462,336,7545,96,13007,California
Calaveras,2021-03-27,212,20530,19,6099,189,14147,4,284,37,5333,172,7717,43,13050,California
Calaveras,2021-03-28,111,20641,12,6111,97,14244,2,286,8,5242,102,7819,11,13061,California
Calaveras,2021-03-29,178,20819,23,6134,152,14396,3,289,58,5186,118,7937,62,13123,California
Calaveras,2021-03-30,532,21351,24,6158,491,14887,17,306,356,5384,175,8112,373,13496,California
Calaveras,2021-03-31,321,21672,139,6297,172,15059,10,316,155,5384,166,8278,166,13662,California
Calaveras,2021-04-01,685,22357,443,6740,241,15300,1,317,186,5076,498,8776,190,13852,California
Calaveras,2021-04-02,393,22750,231,6971,154,15454,8,325,117,4929,273,9049,126,13978,California
Calaveras,2021-04-03,144,22894,34,7005,106,15560,4,329,40,4869,104,9153,44,14022,California
Calaveras,2021-04-04,78,22972,25,7030,53,15613,0,329,49,4889,29,9182,49,14071,California
Calaveras,2021-04-05,211,23183,81,7111,121,15734,9,338,100,4888,111,9293,110,14181,California
Calaveras,2021-04-06,650,23833,573,7684,64,15798,13,351,111,4477,535,9828,124,14305,California
Calaveras,2021-04-07,754,24587,658,8342,60,15858,36,387,617,4994,137,9965,654,14959,California
Calaveras,2021-04-08,947,25534,856,9198,70,15928,21,408,437,4946,507,10472,459,15418,California
Calaveras,2021-04-09,154,25688,58,9256,48,15976,48,456,57,4956,96,10568,106,15524,California
Calaveras,2021-04-10,190,25878,42,9298,130,16106,18,474,148,5082,41,10609,167,15691,California
Calaveras,2021-04-11,69,25947,44,9342,23,16129,2,476,48,5111,21,10630,50,15741,California
Calaveras,2021-04-12,104,26051,47,9389,38,16167,19,495,55,5137,49,10679,75,15816,California
Calaveras,2021-04-13,422,26473,367,9756,55,16222,0,495,363,5444,58,10737,365,16181,California
Calaveras,2021-04-14,181,26654,28,9784,153,16375,0,495,135,5534,46,10783,136,16317,California
Calaveras,2021-04-15,336,26990,287,10071,49,16424,0,495,253,5707,80,10863,253,16570,California
Calaveras,2021-04-16,99,27089,25,10096,74,16498,0,495,47,5706,48,10911,47,16617,California
Calaveras,2021-04-17,332,27421,127,10223,205,16703,0,495,289,5952,43,10954,289,16906,California
Calaveras,2021-04-18,17,27438,5,10228,12,16715,0,495,10,5955,7,10961,10,16916,California
Calaveras,2021-04-19,71,27509,27,10255,44,16759,0,495,44,5974,26,10987,45,16961,California
Calaveras,2021-04-20,263,27772,93,10348,170,16929,0,495,196,6105,65,11052,196,17157,California
Calaveras,2021-04-21,217,27989,146,10494,71,17000,0,495,86,6063,129,11181,87,17244,California
Calaveras,2021-04-22,542,28531,96,10590,446,17446,0,495,141,5807,399,11580,143,17387,California
Calaveras,2021-04-23,158,28689,80,10670,78,17524,0,495,65,5781,91,11671,65,17452,California
Calaveras,2021-04-24,173,28862,37,10707,136,17660,0,495,130,5870,42,11713,131,17583,California
Calaveras,2021-04-25,43,28905,28,10735,15,17675,0,495,22,5873,21,11734,24,17607,California
Calaveras,2021-04-26,96,29001,59,10794,37,17712,0,495,28,5834,68,11802,29,17636,California
Calaveras,2021-04-27,425,29426,59,10853,352,18064,14,509,58,5541,365,12167,72,17708,California
Calaveras,2021-04-28,642,30068,574,11427,37,18101,31,540,52,5041,590,12757,90,17798,California
Calaveras,2021-04-29,511,30579,441,11868,51,18152,19,559,72,4699,438,13195,96,17894,California
Calaveras,2021-04-30,147,30726,59,11927,83,18235,5,564,66,4695,81,13276,77,17971,California
Calaveras,2021-05-01,198,30924,110,12037,86,18321,2,566,131,4766,66,13342,137,18108,California
Calaveras,2021-05-02,52,30976,35,12072,16,18337,1,567,20,4757,31,13373,22,18130,California
Calaveras,2021-05-03,93,31069,69,12141,19,18356,5,572,29,4731,64,13437,38,18168,California
Calaveras,2021-05-04,413,31482,328,12469,48,18404,37,609,42,4441,370,13807,80,18248,California
Calaveras,2021-05-05,110,31592,56,12525,22,18426,32,641,48,4459,61,13868,79,18327,California
Calaveras,2021-05-06,253,31845,194,12719,36,18462,23,664,47,4325,205,14073,71,18398,California
Calaveras,2021-05-07,84,31929,24,12743,54,18516,6,670,54,4355,30,14103,60,18458,California
Calaveras,2021-05-08,289,32218,140,12883,147,18663,2,672,92,4254,195,14298,94,18552,California
Calaveras,2021-05-09,28,32246,12,12895,13,18676,3,675,12,4253,16,14314,15,18567,California
Calaveras,2021-05-10,53,32299,24,12919,28,18704,1,676,23,4250,28,14342,25,18592,California
Calaveras,2021-05-11,129,32428,86,13005,31,18735,12,688,90,4315,38,14380,103,18695,California
Calaveras,2021-05-12,157,32585,37,13042,120,18855,0,688,44,4247,112,14492,44,18739,California
Calaveras,2021-05-13,113,32698,60,13102,38,18893,15,703,59,4268,53,14545,74,18813,California
Calaveras,2021-05-14,150,32848,93,13195,54,18947,3,706,101,4324,48,14593,104,18917,California
Calaveras,2021-05-15,265,33113,93,13288,169,19116,3,709,105,4278,154,14747,108,19025,California
Calaveras,2021-05-16,28,33141,11,13299,17,19133,0,709,13,4277,15,14762,14,19039,California
Calaveras,2021-05-17,87,33228,40,13339,40,19173,7,716,47,4293,39,14801,55,19094,California
Calaveras,2021-05-18,224,33452,60,13399,142,19315,22,738,72,4236,151,14952,94,19188,California
Calaveras,2021-05-19,147,33599,58,13457,83,19398,6,744,70,4237,76,15028,77,19265,California
Calaveras,2021-05-20,180,33779,71,13528,87,19485,22,766,60,4201,117,15145,81,19346,California
Calaveras,2021-05-21,47,33826,24,13552,20,19505,3,769,26,4210,20,15165,29,19375,California
Calaveras,2021-05-22,261,34087,135,13687,126,19631,0,769,122,4195,137,15302,122,19497,California
Calaveras,2021-05-23,10,34097,7,13694,3,19634,0,769,2,4189,8,15310,2,19499,California
Calaveras,2021-05-24,67,34164,32,13726,20,19654,15,784,28,4194,39,15349,44,19543,California
Calaveras,2021-05-25,73,34237,32,13758,27,19681,14,798,32,4199,41,15390,46,19589,California
Calaveras,2021-05-26,7,34244,6,13764,0,19681,1,799,2,4197,5,15395,3,19592,California
Colusa,2020-12-18,1,1,1,1,0,0,0,0,1,1,0,0,1,1,California
Colusa,2020-12-21,2,3,2,3,0,0,0,0,2,3,0,0,2,3,California
Colusa,2020-12-22,10,13,10,13,0,0,0,0,10,13,0,0,10,13,California
Colusa,2020-12-23,10,23,10,23,0,0,0,0,10,23,0,0,10,23,California
Colusa,2020-12-24,2,25,1,24,1,1,0,0,2,25,0,0,2,25,California
Colusa,2020-12-27,1,26,1,25,0,1,0,0,1,26,0,0,1,26,California
Colusa,2020-12-28,7,33,3,28,4,5,0,0,7,33,0,0,7,33,California
Colusa,2020-12-29,11,44,8,36,3,8,0,0,11,44,0,0,11,44,California
Colusa,2020-12-30,50,94,13,49,37,45,0,0,50,94,0,0,50,94,California
Colusa,2020-12-31,18,112,1,50,17,62,0,0,18,112,0,0,18,112,California
Colusa,2021-01-04,4,116,0,50,4,66,0,0,4,116,0,0,4,116,California
Colusa,2021-01-05,67,183,1,51,66,132,0,0,67,183,0,0,67,183,California
Colusa,2021-01-06,15,198,9,60,6,138,0,0,15,198,0,0,15,198,California
Colusa,2021-01-07,38,236,4,64,34,172,0,0,37,234,1,1,37,235,California
Colusa,2021-01-08,9,245,7,71,2,174,0,0,8,241,1,2,8,243,California
Colusa,2021-01-09,2,247,1,72,1,175,0,0,2,243,0,2,2,245,California
Colusa,2021-01-10,1,248,0,72,1,176,0,0,1,244,0,2,1,246,California
Colusa,2021-01-11,12,260,6,78,6,182,0,0,7,246,5,7,7,253,California
Colusa,2021-01-12,11,271,9,87,2,184,0,0,6,247,5,12,6,259,California
Colusa,2021-01-13,21,292,13,100,8,192,0,0,13,252,8,20,13,272,California
Colusa,2021-01-14,35,327,28,128,7,199,0,0,33,283,2,22,33,305,California
Colusa,2021-01-15,42,369,5,133,37,236,0,0,40,321,2,24,40,345,California
Colusa,2021-01-16,12,381,1,134,11,247,0,0,11,331,1,25,11,356,California
Colusa,2021-01-17,3,384,2,136,1,248,0,0,2,332,1,26,2,358,California
Colusa,2021-01-18,4,388,0,136,4,252,0,0,4,336,0,26,4,362,California
Colusa,2021-01-19,9,397,8,144,1,253,0,0,5,337,4,30,5,367,California
Colusa,2021-01-20,115,512,101,245,14,267,0,0,102,426,13,43,102,469,California
Colusa,2021-01-21,56,568,41,286,15,282,0,0,55,480,1,44,55,524,California
Colusa,2021-01-22,40,608,17,303,23,305,0,0,35,510,5,49,35,559,California
Colusa,2021-01-23,35,643,6,309,29,334,0,0,35,545,0,49,35,594,California
Colusa,2021-01-25,7,650,0,309,7,341,0,0,7,552,0,49,7,601,California
Colusa,2021-01-26,8,658,5,314,3,344,0,0,5,554,3,52,5,606,California
Colusa,2021-01-27,109,767,31,345,78,422,0,0,107,659,2,54,107,713,California
Colusa,2021-01-28,79,846,46,391,33,455,0,0,72,724,7,61,72,785,California
Colusa,2021-01-29,41,887,7,398,34,489,0,0,40,763,1,62,40,825,California
Colusa,2021-01-30,27,914,4,402,23,512,0,0,27,790,0,62,27,852,California
Colusa,2021-01-31,7,921,7,409,0,512,0,0,7,797,0,62,7,859,California
Colusa,2021-02-01,27,948,10,419,17,529,0,0,22,814,5,67,22,881,California
Colusa,2021-02-02,43,991,9,428,34,563,0,0,37,845,6,73,37,918,California
Colusa,2021-02-03,69,1060,10,438,59,622,0,0,59,894,10,83,59,977,California
Colusa,2021-02-04,143,1203,81,519,62,684,0,0,115,981,28,111,115,1092,California
Colusa,2021-02-05,32,1235,8,527,24,708,0,0,29,1007,3,114,29,1121,California
Colusa,2021-02-06,285,1520,9,536,276,984,0,0,274,1270,11,125,274,1395,California
Colusa,2021-02-07,2,1522,1,537,1,985,0,0,0,1268,2,127,0,1395,California
Colusa,2021-02-08,40,1562,5,542,35,1020,0,0,37,1302,3,130,37,1432,California
Colusa,2021-02-09,231,1793,14,556,217,1237,0,0,176,1423,55,185,176,1608,California
Colusa,2021-02-10,116,1909,41,597,75,1312,0,0,73,1453,43,228,73,1681,California
Colusa,2021-02-11,98,2007,36,633,62,1374,0,0,73,1501,25,253,73,1754,California
Colusa,2021-02-12,118,2125,9,642,109,1483,0,0,79,1540,40,293,79,1833,California
Colusa,2021-02-13,60,2185,8,650,52,1535,0,0,52,1584,8,301,52,1885,California
Colusa,2021-02-14,21,2206,8,658,13,1548,0,0,15,1593,6,307,15,1900,California
Colusa,2021-02-15,46,2252,10,668,36,1584,0,0,39,1625,7,314,39,1939,California
Colusa,2021-02-16,67,2319,4,672,63,1647,0,0,66,1690,1,315,66,2005,California
Colusa,2021-02-17,206,2525,143,815,63,1710,0,0,60,1604,146,461,60,2065,California
Colusa,2021-02-18,135,2660,35,850,100,1810,0,0,112,1693,23,484,112,2177,California
Colusa,2021-02-19,155,2815,19,869,136,1946,0,0,129,1796,26,510,129,2306,California
Colusa,2021-02-20,28,2843,6,875,22,1968,0,0,12,1792,16,526,12,2318,California
Colusa,2021-02-21,1,2844,1,876,0,1968,0,0,0,1791,1,527,0,2318,California
Colusa,2021-02-22,43,2887,26,902,17,1985,0,0,29,1806,14,541,29,2347,California
Colusa,2021-02-23,23,2910,7,909,16,2001,0,0,18,1819,5,546,18,2365,California
Colusa,2021-02-24,302,3212,54,963,248,2249,0,0,160,1837,142,688,160,2525,California
Colusa,2021-02-25,102,3314,55,1018,47,2296,0,0,66,1867,36,724,66,2591,California
Colusa,2021-02-26,99,3413,14,1032,85,2381,0,0,60,1888,39,763,60,2651,California
Colusa,2021-02-27,55,3468,4,1036,51,2432,0,0,40,1913,15,778,40,2691,California
Colusa,2021-02-28,26,3494,14,1050,12,2444,0,0,17,1921,9,787,17,2708,California
Colusa,2021-03-01,46,3540,15,1065,31,2475,0,0,29,1933,17,804,29,2737,California
Colusa,2021-03-02,49,3589,13,1078,36,2511,0,0,26,1936,23,827,26,2763,California
Colusa,2021-03-03,242,3831,43,1121,199,2710,0,0,185,2064,57,884,185,2948,California
Colusa,2021-03-04,138,3969,58,1179,80,2790,0,0,79,2084,59,943,79,3027,California
Colusa,2021-03-05,98,4067,25,1204,64,2854,9,9,53,2101,45,988,62,3089,California
Colusa,2021-03-06,274,4341,9,1213,265,3119,0,9,37,1901,237,1225,37,3126,California
Colusa,2021-03-07,8,4349,5,1218,3,3122,0,9,6,1905,2,1227,6,3132,California
Colusa,2021-03-08,89,4438,21,1239,33,3155,35,44,45,1941,44,1271,80,3212,California
Colusa,2021-03-09,277,4715,75,1314,179,3334,23,67,86,1859,191,1462,109,3321,California
Colusa,2021-03-10,289,5004,37,1351,216,3550,36,103,203,2012,86,1548,239,3560,California
Colusa,2021-03-11,420,5424,60,1411,339,3889,21,124,339,2289,81,1629,358,3918,California
Colusa,2021-03-12,109,5533,18,1429,78,3967,13,137,19,2231,90,1719,32,3950,California
Colusa,2021-03-13,61,5594,16,1445,36,4003,9,146,18,2215,43,1762,27,3977,California
Colusa,2021-03-14,20,5614,0,1445,18,4021,2,148,6,2210,13,1775,8,3985,California
Colusa,2021-03-15,71,5685,27,1472,36,4057,8,156,15,2177,56,1831,23,4008,California
Colusa,2021-03-16,297,5982,16,1488,235,4292,46,202,189,2304,108,1939,235,4243,California
Colusa,2021-03-17,194,6176,49,1537,145,4437,0,202,108,2326,86,2025,108,4351,California
Colusa,2021-03-18,324,6500,37,1574,216,4653,71,273,201,2475,123,2148,272,4623,California
Colusa,2021-03-19,78,6578,20,1594,56,4709,2,275,53,2505,25,2173,55,4678,California
Colusa,2021-03-20,49,6627,7,1601,41,4750,1,276,36,2529,13,2186,37,4715,California
Colusa,2021-03-21,6,6633,4,1605,2,4752,0,276,4,2531,2,2188,4,4719,California
Colusa,2021-03-22,62,6695,10,1615,43,4795,9,285,40,2558,22,2210,49,4768,California
Colusa,2021-03-23,82,6777,16,1631,64,4859,2,287,55,2588,27,2237,57,4825,California
Colusa,2021-03-24,340,7117,57,1688,277,5136,6,293,68,2389,272,2509,73,4898,California
Colusa,2021-03-25,108,7225,59,1747,44,5180,5,298,52,2390,56,2565,57,4955,California
Colusa,2021-03-26,300,7525,47,1794,249,5429,4,302,247,2588,53,2618,251,5206,California
Colusa,2021-03-27,63,7588,5,1799,58,5487,0,302,25,2575,38,2656,25,5231,California
Colusa,2021-03-28,16,7604,7,1806,9,5496,0,302,8,2575,8,2664,8,5239,California
Colusa,2021-03-29,72,7676,20,1826,46,5542,6,308,32,2573,40,2704,38,5277,California
Colusa,2021-03-30,152,7828,83,1909,67,5609,2,310,72,2568,80,2784,75,5352,California
Colusa,2021-03-31,234,8062,42,1951,192,5801,0,310,74,2483,159,2943,74,5426,California
Colusa,2021-04-01,429,8491,71,2022,304,6105,54,364,307,2722,121,3064,360,5786,California
Colusa,2021-04-02,82,8573,13,2035,55,6160,14,378,38,2730,44,3108,52,5838,California
Colusa,2021-04-03,61,8634,10,2045,28,6188,23,401,14,2719,47,3155,36,5874,California
Colusa,2021-04-04,18,8652,0,2045,8,6196,10,411,3,2717,15,3170,13,5887,California
Colusa,2021-04-05,96,8748,26,2071,55,6251,15,426,39,2714,57,3227,54,5941,California
Colusa,2021-04-06,129,8877,34,2105,45,6296,50,476,43,2721,86,3313,93,6034,California
Colusa,2021-04-07,356,9233,39,2144,294,6590,23,499,130,2649,226,3539,154,6188,California
Colusa,2021-04-08,429,9662,34,2178,368,6958,27,526,122,2495,304,3843,150,6338,California
Colusa,2021-04-09,76,9738,21,2199,32,6990,23,549,28,2498,48,3891,51,6389,California
Colusa,2021-04-10,44,9782,9,2208,15,7005,20,569,12,2498,32,3923,32,6421,California
Colusa,2021-04-11,16,9798,3,2211,11,7016,2,571,8,2500,8,3931,10,6431,California
Colusa,2021-04-12,31,9829,3,2214,28,7044,0,571,24,2517,7,3938,24,6455,California
Colusa,2021-04-13,279,10108,22,2236,257,7301,0,571,94,2427,184,4122,94,6549,California
Colusa,2021-04-14,95,10203,19,2255,76,7377,0,571,35,2401,61,4183,35,6584,California
Colusa,2021-04-15,324,10527,46,2301,278,7655,0,571,132,2341,192,4375,132,6716,California
Colusa,2021-04-16,79,10606,11,2312,68,7723,0,571,35,2333,43,4418,35,6751,California
Colusa,2021-04-17,51,10657,7,2319,44,7767,0,571,29,2340,22,4440,29,6780,California
Colusa,2021-04-18,9,10666,2,2321,7,7774,0,571,7,2345,2,4442,7,6787,California
Colusa,2021-04-19,61,10727,22,2343,39,7813,0,571,17,2318,44,4486,17,6804,California
Colusa,2021-04-20,176,10903,32,2375,144,7957,0,571,129,2398,49,4535,129,6933,California
Colusa,2021-04-21,170,11073,59,2434,111,8068,0,571,110,2448,60,4595,110,7043,California
Colusa,2021-04-22,420,11493,27,2461,392,8460,1,572,216,2461,203,4798,216,7259,California
Colusa,2021-04-23,91,11584,17,2478,74,8534,0,572,35,2440,56,4854,35,7294,California
Colusa,2021-04-24,237,11821,19,2497,217,8751,1,573,205,2613,32,4886,205,7499,California
Colusa,2021-04-25,12,11833,6,2503,6,8757,0,573,8,2617,4,4890,8,7507,California
Colusa,2021-04-26,23,11856,5,2508,17,8774,1,574,6,2607,16,4906,6,7513,California
Colusa,2021-04-27,94,11950,23,2531,67,8841,4,578,43,2603,51,4957,47,7560,California
Colusa,2021-04-28,187,12137,26,2557,158,8999,3,581,138,2696,48,5005,141,7701,California
Colusa,2021-04-29,317,12454,27,2584,286,9285,4,585,48,2481,267,5272,52,7753,California
Colusa,2021-04-30,65,12519,18,2602,47,9332,0,585,41,2498,24,5296,41,7794,California
Colusa,2021-05-01,19,12538,8,2610,8,9340,3,588,9,2500,10,5306,12,7806,California
Colusa,2021-05-02,3,12541,0,2610,2,9342,1,589,2,2502,1,5307,3,7809,California
Colusa,2021-05-03,21,12562,7,2617,14,9356,0,589,6,2493,15,5322,6,7815,California
Colusa,2021-05-04,86,12648,51,2668,34,9390,1,590,64,2536,22,5344,65,7880,California
Colusa,2021-05-05,68,12716,16,2684,51,9441,1,591,33,2535,35,5379,34,7914,California
Colusa,2021-05-06,253,12969,16,2700,235,9676,2,593,110,2504,143,5522,112,8026,California
Colusa,2021-05-07,66,13035,5,2705,57,9733,4,597,30,2502,36,5558,34,8060,California
Colusa,2021-05-08,18,13053,5,2710,13,9746,0,597,9,2502,9,5567,9,8069,California
Colusa,2021-05-09,13,13066,5,2715,5,9751,3,600,6,2504,7,5574,9,8078,California
Colusa,2021-05-10,16,13082,7,2722,9,9760,0,600,6,2500,10,5584,6,8084,California
Colusa,2021-05-11,93,13175,34,2756,59,9819,0,600,50,2507,43,5627,50,8134,California
Colusa,2021-05-12,73,13248,32,2788,37,9856,4,604,21,2480,52,5679,25,8159,California
Colusa,2021-05-13,241,13489,22,2810,218,10074,1,605,76,2392,165,5844,77,8236,California
Colusa,2021-05-14,85,13574,18,2828,52,10126,15,620,33,2389,51,5895,48,8284,California
Colusa,2021-05-15,38,13612,9,2837,27,10153,2,622,20,2393,18,5913,22,8306,California
Colusa,2021-05-16,23,13635,6,2843,10,10163,7,629,11,2399,12,5925,18,8324,California
Colusa,2021-05-17,24,13659,4,2847,18,10181,2,631,12,2401,12,5937,14,8338,California
Colusa,2021-05-18,99,13758,24,2871,73,10254,2,633,43,2390,56,5993,45,8383,California
Colusa,2021-05-19,217,13975,44,2915,153,10407,20,653,68,2329,149,6142,88,8471,California
Colusa,2021-05-20,270,14245,25,2940,241,10648,4,657,66,2196,204,6346,71,8542,California
Colusa,2021-05-21,62,14307,21,2961,39,10687,2,659,31,2198,31,6377,33,8575,California
Colusa,2021-05-22,209,14516,19,2980,190,10877,0,659,27,2043,182,6559,27,8602,California
Colusa,2021-05-23,18,14534,8,2988,6,10883,4,663,6,2041,12,6571,10,8612,California
Colusa,2021-05-24,28,14562,4,2992,19,10902,5,668,17,2052,11,6582,22,8634,California
Colusa,2021-05-25,118,14680,60,3052,55,10957,3,671,43,2023,75,6657,46,8680,California
Colusa,2021-05-26,28,14708,5,3057,23,10980,0,671,13,2021,15,6672,13,8693,California
Contra Costa,2020-12-15,18,18,18,18,0,0,0,0,18,18,0,0,18,18,California
Contra Costa,2020-12-16,521,539,521,539,0,0,0,0,521,539,0,0,521,539,California
Contra Costa,2020-12-17,912,1451,912,1451,0,0,0,0,912,1451,0,0,912,1451,California
Contra Costa,2020-12-18,1597,3048,1596,3047,1,1,0,0,1597,3048,0,0,1597,3048,California
Contra Costa,2020-12-19,1105,4153,1104,4151,1,2,0,0,1105,4153,0,0,1105,4153,California
Contra Costa,2020-12-20,583,4736,582,4733,1,3,0,0,583,4736,0,0,583,4736,California
Contra Costa,2020-12-21,1659,6395,1657,6390,2,5,0,0,1659,6395,0,0,1659,6395,California
Contra Costa,2020-12-22,1675,8070,1569,7959,106,111,0,0,1675,8070,0,0,1675,8070,California
Contra Costa,2020-12-23,1616,9686,1368,9327,248,359,0,0,1616,9686,0,0,1616,9686,California
Contra Costa,2020-12-24,659,10345,337,9664,322,681,0,0,659,10345,0,0,659,10345,California
Contra Costa,2020-12-25,39,10384,17,9681,22,703,0,0,39,10384,0,0,39,10384,California
Contra Costa,2020-12-26,646,11030,133,9814,513,1216,0,0,646,11030,0,0,646,11030,California
Contra Costa,2020-12-27,240,11270,86,9900,154,1370,0,0,240,11270,0,0,240,11270,California
Contra Costa,2020-12-28,1842,13112,867,10767,975,2345,0,0,1842,13112,0,0,1842,13112,California
Contra Costa,2020-12-29,1832,14944,822,11589,1010,3355,0,0,1832,14944,0,0,1832,14944,California
Contra Costa,2020-12-30,2394,17338,1213,12802,1181,4536,0,0,2393,17337,0,0,2393,17337,California
Contra Costa,2020-12-31,917,18255,307,13109,610,5146,0,0,916,18253,0,0,916,18253,California
Contra Costa,2021-01-01,61,18316,23,13132,38,5184,0,0,61,18314,0,0,61,18314,California
Contra Costa,2021-01-02,339,18655,174,13306,165,5349,0,0,339,18653,0,0,339,18653,California
Contra Costa,2021-01-03,178,18833,120,13426,58,5407,0,0,177,18830,0,0,177,18830,California
Contra Costa,2021-01-04,1908,20741,1251,14677,657,6064,0,0,1888,20700,18,18,1888,20718,California
Contra Costa,2021-01-05,2106,22847,1258,15935,848,6912,0,0,1847,22290,258,276,1848,22566,California
Contra Costa,2021-01-06,3290,26137,2254,18189,1036,7948,0,0,2527,24063,757,1033,2530,25096,California
Contra Costa,2021-01-07,3102,29239,2062,20251,1040,8988,0,0,1887,24738,1212,2245,1887,26983,California
Contra Costa,2021-01-08,3393,32632,2394,22645,999,9987,0,0,1828,25009,1560,3805,1831,28814,California
Contra Costa,2021-01-09,1587,34219,1136,23781,451,10438,0,0,747,24919,839,4644,749,29563,California
Contra Costa,2021-01-10,362,34581,291,24072,71,10509,0,0,155,24867,207,4851,155,29718,California
Contra Costa,2021-01-11,3837,38418,3146,27218,691,11200,0,0,2231,25495,1606,6457,2234,31952,California
Contra Costa,2021-01-12,3921,42339,2943,30161,978,12178,0,0,2592,26762,1329,7786,2596,34548,California
Contra Costa,2021-01-13,4735,47074,2942,33103,1793,13971,0,0,3784,29600,947,8733,3785,38333,California
Contra Costa,2021-01-14,4327,51401,1565,34668,2762,16733,0,0,3944,33161,383,9116,3944,42277,California
Contra Costa,2021-01-15,5348,56749,2463,37131,2885,19618,0,0,5022,37862,325,9441,5026,47303,California
Contra Costa,2021-01-16,1725,58474,556,37687,1169,20787,0,0,1650,39437,75,9516,1650,48953,California
Contra Costa,2021-01-17,1639,60113,975,38662,664,21451,0,0,1517,40835,122,9638,1520,50473,California
Contra Costa,2021-01-18,3214,63327,1266,39928,1948,23399,0,0,2589,42806,619,10257,2590,53063,California
Contra Costa,2021-01-19,7062,70389,3156,43084,3906,27305,0,0,6057,47866,1002,11259,6062,59125,California
Contra Costa,2021-01-20,6688,77077,4123,47207,2565,29870,0,0,5454,52095,1230,12489,5459,64584,California
Contra Costa,2021-01-21,6978,84055,3106,50313,3872,33742,0,0,6250,57631,722,13211,6258,70842,California
Contra Costa,2021-01-22,6395,90450,2719,53032,3676,37418,0,0,5534,62316,852,14063,5537,76379,California
Contra Costa,2021-01-23,2038,92488,360,53392,1678,39096,0,0,1778,63838,258,14321,1780,78159,California
Contra Costa,2021-01-24,1591,94079,218,53610,1373,40469,0,0,1444,65139,147,14468,1448,79607,California
Contra Costa,2021-01-25,6691,100770,3043,56653,3648,44117,0,0,5121,68695,1568,16036,5124,84731,California
Contra Costa,2021-01-26,8103,108873,4687,61340,3416,47533,0,0,6253,73111,1842,17878,6258,90989,California
Contra Costa,2021-01-27,8168,117041,5409,66749,2759,50292,0,0,6329,77616,1828,19706,6333,97322,California
Contra Costa,2021-01-28,7469,124510,4091,70840,3378,53670,0,0,5857,81871,1606,21312,5861,103183,California
Contra Costa,2021-01-29,7449,131959,3892,74732,3557,57227,0,0,6137,86702,1308,22620,6139,109322,California
Contra Costa,2021-01-30,2143,134102,659,75391,1484,58711,0,0,1738,88042,398,23018,1738,111060,California
Contra Costa,2021-01-31,648,134750,428,75819,220,58931,0,0,556,88509,89,23107,556,111616,California
Contra Costa,2021-02-01,5873,140623,4099,79918,1774,60705,0,0,3967,90581,1898,25005,3970,115586,California
Contra Costa,2021-02-02,7575,148198,5080,84998,2495,63200,0,0,5878,94764,1696,26701,5879,121465,California
Contra Costa,2021-02-03,8291,156489,5479,90477,2812,66012,0,0,5629,97741,2653,29354,5630,127095,California
Contra Costa,2021-02-04,7514,164003,3586,94063,3928,69940,0,0,5747,101726,1765,31119,5750,132845,California
Contra Costa,2021-02-05,8440,172443,4816,98879,3624,73564,0,0,5747,104787,2686,33805,5747,138592,California
Contra Costa,2021-02-06,3487,175930,2163,101042,1324,74888,0,0,2833,106968,653,34458,2834,141426,California
Contra Costa,2021-02-07,984,176914,713,101755,271,75159,0,0,605,107195,378,34836,605,142031,California
Contra Costa,2021-02-08,5860,182774,3470,105225,2390,77549,0,0,4373,110088,1481,36317,4374,146405,California
Contra Costa,2021-02-09,8687,191461,4795,110020,3892,81441,0,0,5794,112996,2887,39204,5795,152200,California
Contra Costa,2021-02-10,8651,200112,4658,114678,3993,85434,0,0,5364,115093,3271,42475,5368,157568,California
Contra Costa,2021-02-11,9339,209451,4218,118896,5121,90555,0,0,5271,116307,4062,46537,5276,162844,California
Contra Costa,2021-02-12,10097,219548,4628,123524,5469,96024,0,0,5463,117146,4627,51164,5466,168310,California
Contra Costa,2021-02-13,4891,224439,1369,124893,3522,99546,0,0,3405,119069,1483,52647,3406,171716,California
Contra Costa,2021-02-14,2098,226537,867,125760,1231,100777,0,0,1232,119437,864,53511,1232,172948,California
Contra Costa,2021-02-15,4470,231007,2476,128236,1994,102771,0,0,2342,119658,2122,55633,2343,175291,California
Contra Costa,2021-02-16,10429,241436,4915,133151,5514,108285,0,0,4648,118537,5773,61406,4652,179943,California
Contra Costa,2021-02-17,12308,253744,6153,139304,6155,114440,0,0,5648,117541,6645,68051,5649,185592,California
Contra Costa,2021-02-18,11492,265236,5979,145283,5513,119953,0,0,5336,116734,6145,74196,5338,190930,California
Contra Costa,2021-02-19,11422,276658,7116,152399,4306,124259,0,0,5185,115697,6223,80419,5186,196116,California
Contra Costa,2021-02-20,6471,283129,2915,155314,3556,127815,0,0,4580,118404,1875,82294,4582,200698,California
Contra Costa,2021-02-21,2277,285406,1723,157037,554,128369,0,0,1547,119222,729,83023,1547,202245,California
Contra Costa,2021-02-22,7597,293003,5147,162184,2450,130819,0,0,3504,118649,4079,87102,3506,205751,California
Contra Costa,2021-02-23,12104,305107,7438,169622,4666,135485,0,0,6105,118774,5985,93087,6110,211861,California
Contra Costa,2021-02-24,10596,315703,7776,177398,2820,138305,0,0,5122,118441,5457,98544,5124,216985,California
Contra Costa,2021-02-25,11530,327233,7256,184654,4274,142579,0,0,5238,117412,6271,104815,5242,222227,California
Contra Costa,2021-02-26,10773,338006,6800,191454,3973,146552,0,0,5341,117337,5417,110232,5342,227569,California
Contra Costa,2021-02-27,6796,344802,4371,195825,2425,148977,0,0,4260,119071,2528,112760,4262,231831,California
Contra Costa,2021-02-28,3813,348615,3136,198961,677,149654,0,0,3213,121688,597,113357,3214,235045,California
Contra Costa,2021-03-01,8243,356858,6209,205170,2029,151683,5,5,5081,123630,3146,116503,5088,240133,California
Contra Costa,2021-03-02,10654,367512,6816,211986,3837,155520,1,6,5711,124416,4927,121430,5713,245846,California
Contra Costa,2021-03-03,11318,378830,7111,219097,4206,159726,1,7,6380,125876,4923,126353,6383,252229,California
Contra Costa,2021-03-04,11978,390808,7164,226261,4813,164539,1,8,6225,126369,5733,132086,6226,258455,California
Contra Costa,2021-03-05,11496,402304,6910,233171,4579,169118,7,15,6607,128111,4872,136958,6614,265069,California
Contra Costa,2021-03-06,7504,409808,4206,237377,2988,172106,310,325,4911,130750,2580,139538,5219,270288,California
Contra Costa,2021-03-07,3830,413638,2459,239836,1310,173416,61,386,3151,133285,677,140215,3212,273500,California
Contra Costa,2021-03-08,8240,421878,3926,243762,4010,177426,304,690,5534,136432,2695,142910,5842,279342,California
Contra Costa,2021-03-09,11172,433050,5930,249692,4946,182372,296,986,5853,137274,5309,148219,6151,285493,California
Contra Costa,2021-03-10,12438,445488,6216,255908,4720,187092,1502,2488,5675,137689,6751,154970,7166,292659,California
Contra Costa,2021-03-11,12516,458004,6588,262496,5362,192454,566,3054,6385,138532,6108,161078,6951,299610,California
Contra Costa,2021-03-12,12656,470660,5225,267721,6868,199322,563,3617,6319,139090,6322,167400,6880,306490,California
Contra Costa,2021-03-13,7862,478522,3157,270878,4278,203600,427,4044,3114,137899,4729,172129,3538,310028,California
Contra Costa,2021-03-14,4451,482973,2638,273516,1325,204925,488,4532,1719,137381,2724,174853,2206,312234,California
Contra Costa,2021-03-15,9477,492450,5147,278663,3573,208498,757,5289,4759,138195,4701,179554,5515,317749,California
Contra Costa,2021-03-16,14347,506797,8550,287213,5397,213895,400,5689,7151,138572,7173,186727,7550,325299,California
Contra Costa,2021-03-17,15083,521880,10417,297630,4451,218346,215,5904,8549,140831,6511,193238,8770,334069,California
Contra Costa,2021-03-18,15473,537353,8631,306261,6358,224704,484,6388,8808,143488,6633,199871,9290,343359,California
Contra Costa,2021-03-19,15692,553045,9074,315335,5216,229920,1402,7790,8324,145869,7350,207221,9731,353090,California
Contra Costa,2021-03-20,10744,563789,6452,321787,3981,233901,311,8101,5153,145762,5572,212793,5465,358555,California
Contra Costa,2021-03-21,4562,568351,3988,325775,476,234377,98,8199,2098,145503,2454,215247,2195,360750,California
Contra Costa,2021-03-22,11649,580000,8799,334574,2595,236972,255,8454,7018,148160,4615,219862,7272,368022,California
Contra Costa,2021-03-23,15702,595702,10835,345409,4695,241667,172,8626,9121,150902,6552,226414,9294,377316,California
Contra Costa,2021-03-24,15082,610784,11770,357179,3098,244765,214,8840,9138,154346,5912,232326,9356,386672,California
Contra Costa,2021-03-25,15384,626168,12004,369183,3093,247858,287,9127,9423,158130,5924,238250,9708,396380,California
Contra Costa,2021-03-26,15115,641283,10862,380045,3851,251709,402,9529,8690,160819,6398,244648,9087,405467,California
Contra Costa,2021-03-27,10572,651855,6879,386924,3180,254889,513,10042,5623,162009,4939,249587,6129,411596,California
Contra Costa,2021-03-28,4235,656090,3027,389951,1155,256044,53,10095,1616,161071,2607,252194,1669,413265,California
Contra Costa,2021-03-29,10932,667022,8537,398488,2279,258323,116,10211,6956,164188,3957,256151,7074,420339,California
Contra Costa,2021-03-30,16822,683844,9206,407694,6262,264585,1354,11565,10378,169491,6425,262576,11728,432067,California
Contra Costa,2021-03-31,18061,701905,12653,420347,3965,268550,1443,13008,11384,175679,6635,269211,12823,444890,California
Contra Costa,2021-04-01,17615,719520,12317,432664,3909,272459,1389,14397,11439,182356,6149,275360,12826,457716,California
Contra Costa,2021-04-02,17519,737039,12914,445578,3577,276036,1028,15425,11610,189098,5897,281257,12639,470355,California
Contra Costa,2021-04-03,10880,747919,6500,452078,2827,278863,1553,16978,6219,192222,4647,285904,7771,478126,California
Contra Costa,2021-04-04,3347,751266,1327,453405,1424,280287,596,17574,847,191172,2493,288397,1443,479569,California
Contra Costa,2021-04-05,12130,763396,7917,461322,3235,283522,978,18552,6599,193234,5517,293914,7579,487148,California
Contra Costa,2021-04-06,17326,780722,12003,473325,3032,286554,2291,20843,9723,197664,7582,301496,12012,499160,California
Contra Costa,2021-04-07,18602,799324,12598,485923,3185,289739,2819,23662,10565,203068,8017,309513,13421,512581,California
Contra Costa,2021-04-08,18712,818036,12477,498400,3316,293055,2919,26581,10048,207392,8637,318150,12961,525542,California
Contra Costa,2021-04-09,18840,836876,12030,510430,4316,297371,2494,29075,10092,211255,8722,326872,12585,538127,California
Contra Costa,2021-04-10,10533,847409,3806,514236,2163,299534,4564,33639,3275,211840,7241,334113,7826,545953,California
Contra Costa,2021-04-11,3330,850739,1988,516224,686,300220,656,34295,1116,211403,2208,336321,1771,547724,California
Contra Costa,2021-04-12,11892,862631,7854,524078,2974,303194,1064,35359,5578,211751,6299,342620,6647,554371,California
Contra Costa,2021-04-13,17786,880417,10913,534991,6866,310060,7,35366,11854,217708,5909,348529,11866,566237,California
Contra Costa,2021-04-14,17578,897995,11038,546029,6539,316599,1,35367,9714,219586,7840,356369,9718,575955,California
Contra Costa,2021-04-15,17503,915498,10743,556772,6759,323358,1,35368,8096,218324,9378,365747,8116,584071,California
Contra Costa,2021-04-16,16869,932367,10530,567302,6337,329695,2,35370,7569,216626,9276,375023,7578,591649,California
Contra Costa,2021-04-17,11440,943807,6289,573591,5151,334846,0,35370,6130,217468,5295,380318,6137,597786,California
Contra Costa,2021-04-18,2748,946555,2119,575710,629,335475,0,35370,1780,218289,959,381277,1780,599566,California
Contra Costa,2021-04-19,11380,957935,8508,584218,2872,338347,0,35370,3573,214083,7781,389058,3575,603141,California
Contra Costa,2021-04-20,16657,974592,10824,595042,5833,344180,0,35370,6239,209939,10387,399445,6243,609384,California
Contra Costa,2021-04-21,17328,991920,14137,609179,3191,347371,0,35370,6155,204965,11137,410582,6163,615547,California
Contra Costa,2021-04-22,17149,1009069,13880,623059,3267,350638,2,35372,6051,199959,11068,421650,6062,621609,California
Contra Costa,2021-04-23,16990,1026059,13498,636557,3492,354130,0,35372,5478,193966,11479,433129,5486,627095,California
Contra Costa,2021-04-24,10926,1036985,8424,644981,2501,356631,1,35373,4176,191417,6729,439858,4180,631275,California
Contra Costa,2021-04-25,3248,1040233,2190,647171,1056,357687,2,35375,2056,192286,1192,441050,2061,633336,California
Contra Costa,2021-04-26,9792,1050025,8201,655372,1567,359254,24,35399,2863,188274,6911,447961,2899,636235,California
Contra Costa,2021-04-27,14469,1064494,10597,665969,3715,362969,157,35556,3881,181755,10567,458528,4048,640283,California
Contra Costa,2021-04-28,13844,1078338,10763,676732,2794,365763,287,35843,3456,175150,10354,468882,3749,644032,California
Contra Costa,2021-04-29,13025,1091363,10078,686810,2777,368540,170,36013,2835,167996,10165,479047,3011,647043,California
Contra Costa,2021-04-30,13685,1105048,10787,697597,2641,371181,257,36270,3096,160792,10561,489608,3357,650400,California
Contra Costa,2021-05-01,8024,1113072,5853,703450,1847,373028,324,36594,1915,156941,6090,495698,2239,652639,California
Contra Costa,2021-05-02,2333,1115405,1585,705035,668,373696,80,36674,992,156684,1329,497027,1072,653711,California
Contra Costa,2021-05-03,9112,1124517,8016,713051,921,374617,175,36849,1925,151616,7172,504199,2104,655815,California
Contra Costa,2021-05-04,14071,1138588,12141,725192,1602,376219,328,37177,2289,142475,11758,515957,2617,658432,California
Contra Costa,2021-05-05,12504,1151092,10782,735974,1522,377741,200,37377,2399,134997,10079,526036,2601,661033,California
Contra Costa,2021-05-06,10278,1161370,8533,744507,1415,379156,330,37707,1942,128966,8311,534347,2280,663313,California
Contra Costa,2021-05-07,9612,1170982,7727,752234,1661,380817,224,37931,2214,124036,7365,541712,2435,665748,California
Contra Costa,2021-05-08,5282,1176264,3976,756210,1138,381955,168,38099,1245,121433,4020,545732,1417,667165,California
Contra Costa,2021-05-09,2102,1178366,1772,757982,270,382225,60,38159,454,120306,1644,547376,517,667682,California
Contra Costa,2021-05-10,4927,1183293,3947,761929,762,382987,218,38377,1344,118306,3561,550937,1561,669243,California
Contra Costa,2021-05-11,8692,1191985,4520,766449,3943,386930,229,38606,1706,113281,6966,557903,1941,671184,California
Contra Costa,2021-05-12,8996,1200981,4568,771017,4182,391112,246,38852,1550,107660,7422,565325,1801,672985,California
Contra Costa,2021-05-13,11304,1212285,7467,778484,3654,394766,183,39035,3937,104438,7342,572667,4120,677105,California
Contra Costa,2021-05-14,12104,1224389,8053,786537,3772,398538,279,39314,5007,102654,7070,579737,5286,682391,California
Contra Costa,2021-05-15,9943,1234332,7213,793750,2611,401149,119,39433,4387,101620,5542,585279,4508,686899,California
Contra Costa,2021-05-16,2425,1236757,2116,795866,264,401413,45,39478,1086,101418,1333,586612,1131,688030,California
Contra Costa,2021-05-17,6999,1243756,5647,801513,1182,402595,170,39648,3593,101796,3386,589998,3764,691794,California
Contra Costa,2021-05-18,10182,1253938,6958,808471,3008,405603,216,39864,4485,100830,5670,595668,4704,696498,California
Contra Costa,2021-05-19,8421,1262359,6814,815285,1416,407019,191,40055,4077,100779,4325,599993,4274,700772,California
Contra Costa,2021-05-20,6542,1268901,5182,820467,1183,408202,177,40232,3260,100952,3263,603256,3436,704208,California
Contra Costa,2021-05-21,6396,1275297,4882,825349,1323,409525,191,40423,2907,100588,3463,606719,3099,707307,California
Contra Costa,2021-05-22,4489,1279786,3543,828892,790,410315,156,40579,2132,100537,2342,609061,2291,709598,California
Contra Costa,2021-05-23,917,1280703,607,829499,264,410579,46,40625,429,100528,485,609546,476,710074,California
Contra Costa,2021-05-24,4584,1285287,3785,833284,621,411200,178,40803,2158,100451,2416,611962,2339,712413,California
Contra Costa,2021-05-25,6129,1291416,5019,838303,875,412075,235,41038,2617,99805,3497,615459,2851,715264,California
Contra Costa,2021-05-26,4273,1295689,2733,841036,1395,413470,145,41183,1345,98382,2914,618373,1491,716755,California
Del Norte,2020-12-21,23,23,23,23,0,0,0,0,23,23,0,0,23,23,California
Del Norte,2020-12-22,45,68,45,68,0,0,0,0,45,68,0,0,45,68,California
Del Norte,2020-12-23,58,126,48,116,10,10,0,0,56,124,0,0,56,124,California
Del Norte,2020-12-28,34,160,34,150,0,10,0,0,34,158,0,0,34,158,California
Del Norte,2020-12-29,4,164,4,154,0,10,0,0,4,162,0,0,4,162,California
Del Norte,2020-12-30,67,231,55,209,12,22,0,0,68,230,0,0,68,230,California
Del Norte,2020-12-31,16,247,13,222,3,25,0,0,16,246,0,0,16,246,California
Del Norte,2021-01-04,102,349,49,271,53,78,0,0,102,348,0,0,102,348,California
Del Norte,2021-01-05,33,382,0,271,33,111,0,0,32,380,1,1,33,381,California
Del Norte,2021-01-06,77,459,18,289,59,170,0,0,77,457,0,1,77,458,California
Del Norte,2021-01-07,21,480,1,290,20,190,0,0,21,478,0,1,21,479,California
Del Norte,2021-01-08,77,557,7,297,70,260,0,0,77,555,0,1,77,556,California
Del Norte,2021-01-11,40,597,21,318,19,279,0,0,18,552,22,23,19,575,California
Del Norte,2021-01-12,50,647,31,349,19,298,0,0,30,562,20,43,30,605,California
Del Norte,2021-01-13,86,733,40,389,46,344,0,0,53,582,33,76,53,658,California
Del Norte,2021-01-14,52,785,14,403,38,382,0,0,46,622,6,82,46,704,California
Del Norte,2021-01-15,107,892,18,421,89,471,0,0,95,705,12,94,95,799,California
Del Norte,2021-01-17,1,893,1,422,0,471,0,0,1,706,0,94,1,800,California
Del Norte,2021-01-18,2,895,0,422,2,473,0,0,2,708,0,94,2,802,California
Del Norte,2021-01-19,119,1014,56,478,63,536,0,0,77,743,42,136,77,879,California
Del Norte,2021-01-20,159,1173,84,562,75,611,0,0,96,777,62,198,96,975,California
Del Norte,2021-01-21,43,1216,40,602,3,614,0,0,32,798,11,209,32,1007,California
Del Norte,2021-01-22,20,1236,17,619,3,617,0,0,13,804,7,216,13,1020,California
Del Norte,2021-01-23,1,1237,0,619,1,618,0,0,1,805,0,216,1,1021,California
Del Norte,2021-01-24,1,1238,0,619,1,619,0,0,1,806,0,216,1,1022,California
Del Norte,2021-01-25,100,1338,82,701,18,637,0,0,56,818,44,260,56,1078,California
Del Norte,2021-01-26,18,1356,11,712,7,644,0,0,7,814,11,271,7,1085,California
Del Norte,2021-01-27,64,1420,21,733,43,687,0,0,61,872,3,274,61,1146,California
Del Norte,2021-01-28,292,1712,20,753,272,959,0,0,287,1154,5,279,287,1433,California
Del Norte,2021-01-29,61,1773,21,774,40,999,0,0,43,1179,18,297,43,1476,California
Del Norte,2021-01-30,8,1781,1,775,7,1006,0,0,8,1187,0,297,8,1484,California
Del Norte,2021-02-01,41,1822,1,776,40,1046,0,0,26,1198,15,312,26,1510,California
Del Norte,2021-02-02,141,1963,34,810,107,1153,0,0,73,1204,67,379,73,1583,California
Del Norte,2021-02-03,126,2089,40,850,86,1239,0,0,71,1220,55,434,71,1654,California
Del Norte,2021-02-04,71,2160,29,879,42,1281,0,0,42,1233,29,463,42,1696,California
Del Norte,2021-02-05,184,2344,22,901,162,1443,0,0,119,1288,64,527,119,1815,California
Del Norte,2021-02-06,310,2654,4,905,306,1749,0,0,310,1598,0,527,310,2125,California
Del Norte,2021-02-07,1,2655,0,905,1,1750,0,0,1,1599,0,527,1,2126,California
Del Norte,2021-02-08,36,2691,1,906,35,1785,0,0,32,1627,4,531,32,2158,California
Del Norte,2021-02-09,8,2699,5,911,3,1788,0,0,2,1623,6,537,2,2160,California
Del Norte,2021-02-10,142,2841,20,931,122,1910,0,0,85,1652,56,593,85,2245,California
Del Norte,2021-02-11,177,3018,59,990,118,2028,0,0,64,1603,113,706,64,2309,California
Del Norte,2021-02-12,121,3139,14,1004,107,2135,0,0,67,1616,54,760,67,2376,California
Del Norte,2021-02-13,2,3141,1,1005,1,2136,0,0,2,1618,0,760,2,2378,California
Del Norte,2021-02-14,3,3144,1,1006,2,2138,0,0,2,1619,1,761,2,2380,California
Del Norte,2021-02-15,4,3148,0,1006,4,2142,0,0,2,1619,2,763,2,2382,California
Del Norte,2021-02-16,132,3280,1,1007,131,2273,0,0,13,1513,119,882,13,2395,California
Del Norte,2021-02-17,92,3372,20,1027,72,2345,0,0,25,1471,67,949,25,2420,California
Del Norte,2021-02-18,77,3449,24,1051,53,2398,0,0,51,1496,26,975,51,2471,California
Del Norte,2021-02-19,43,3492,17,1068,26,2424,0,0,33,1519,10,985,33,2504,California
Del Norte,2021-02-20,8,3500,5,1073,3,2427,0,0,6,1523,2,987,6,2510,California
Del Norte,2021-02-22,2,3502,0,1073,2,2429,0,0,2,1525,0,987,2,2512,California
Del Norte,2021-02-23,107,3609,89,1162,18,2447,0,0,31,1481,76,1063,32,2544,California
Del Norte,2021-02-24,152,3761,98,1260,54,2501,0,0,79,1487,73,1136,79,2623,California
Del Norte,2021-02-25,477,4238,131,1391,346,2847,0,0,213,1438,262,1398,213,2836,California
Del Norte,2021-02-26,213,4451,176,1567,37,2884,0,0,167,1559,46,1444,167,3003,California
Del Norte,2021-02-27,149,4600,143,1710,5,2889,1,1,141,1693,8,1452,142,3145,California
Del Norte,2021-02-28,3,4603,0,1710,3,2892,0,1,3,1696,0,1452,3,3148,California
Del Norte,2021-03-01,29,4632,2,1712,27,2919,0,1,4,1676,24,1476,4,3152,California
Del Norte,2021-03-02,222,4854,142,1854,80,2999,0,1,188,1830,34,1510,188,3340,California
Del Norte,2021-03-03,167,5021,99,1953,68,3067,0,1,126,1915,41,1551,126,3466,California
Del Norte,2021-03-04,120,5141,83,2036,37,3104,0,1,91,1978,28,1579,91,3557,California
Del Norte,2021-03-05,121,5262,11,2047,110,3214,0,1,73,2003,48,1627,73,3630,California
Del Norte,2021-03-06,464,5726,77,2124,338,3552,49,50,163,1872,301,1928,170,3800,California
Del Norte,2021-03-07,2,5728,1,2125,1,3553,0,50,1,1872,1,1929,1,3801,California
Del Norte,2021-03-08,28,5756,1,2126,25,3578,2,52,5,1856,23,1952,7,3808,California
Del Norte,2021-03-09,194,5950,113,2239,78,3656,3,55,183,2031,11,1963,186,3994,California
Del Norte,2021-03-10,233,6183,96,2335,109,3765,28,83,134,2094,99,2062,162,4156,California
Del Norte,2021-03-11,151,6334,55,2390,91,3856,5,88,103,2154,48,2110,108,4264,California
Del Norte,2021-03-12,178,6512,89,2479,89,3945,0,88,125,2226,53,2163,125,4389,California
Del Norte,2021-03-13,94,6606,93,2572,1,3946,0,88,91,2314,3,2166,91,4480,California
Del Norte,2021-03-14,1,6607,0,2572,1,3947,0,88,1,2314,1,2167,1,4481,California
Del Norte,2021-03-15,39,6646,0,2572,38,3985,1,89,34,2344,5,2172,35,4516,California
Del Norte,2021-03-16,281,6927,135,2707,146,4131,0,89,260,2583,21,2193,260,4776,California
Del Norte,2021-03-17,282,7209,95,2802,185,4316,2,91,168,2639,114,2307,170,4946,California
Del Norte,2021-03-18,285,7494,107,2909,175,4491,3,94,149,2656,135,2442,152,5098,California
Del Norte,2021-03-19,267,7761,159,3068,102,4593,6,100,91,2577,176,2618,97,5195,California
Del Norte,2021-03-20,157,7918,154,3222,3,4596,0,100,15,2450,142,2760,15,5210,California
Del Norte,2021-03-21,4,7922,2,3224,2,4598,0,100,2,2450,2,2762,2,5212,California
Del Norte,2021-03-22,43,7965,3,3227,39,4637,1,101,39,2487,3,2765,40,5252,California
Del Norte,2021-03-23,335,8300,164,3391,153,4790,18,119,164,2499,169,2934,181,5433,California
Del Norte,2021-03-24,396,8696,107,3498,249,5039,40,159,235,2613,161,3095,275,5708,California
Del Norte,2021-03-25,192,8888,88,3586,104,5143,0,159,84,2590,107,3202,84,5792,California
Del Norte,2021-03-26,234,9122,113,3699,121,5264,0,159,197,2750,37,3239,197,5989,California
Del Norte,2021-03-27,107,9229,86,3785,4,5268,17,176,17,2694,90,3329,34,6023,California
Del Norte,2021-03-28,4,9233,2,3787,2,5270,0,176,1,2692,3,3332,1,6024,California
Del Norte,2021-03-29,57,9290,6,3793,34,5304,17,193,32,2716,25,3357,49,6073,California
Del Norte,2021-03-30,340,9630,119,3912,210,5514,11,204,128,2643,212,3569,139,6212,California
Del Norte,2021-03-31,353,9983,100,4012,236,5750,17,221,198,2705,153,3722,215,6427,California
Del Norte,2021-04-01,164,10147,58,4070,72,5822,34,255,69,2714,94,3816,103,6530,California
Del Norte,2021-04-02,232,10379,79,4149,104,5926,49,304,49,2630,183,3999,99,6629,California
Del Norte,2021-04-03,108,10487,83,4232,2,5928,23,327,5,2556,102,4101,28,6657,California
Del Norte,2021-04-04,4,10491,0,4232,0,5928,4,331,0,2556,4,4105,4,6661,California
Del Norte,2021-04-05,47,10538,5,4237,38,5966,4,335,40,2593,7,4112,44,6705,California
Del Norte,2021-04-06,379,10917,120,4357,222,6188,37,372,146,2548,229,4341,184,6889,California
Del Norte,2021-04-07,436,11353,115,4472,260,6448,61,433,290,2753,146,4487,351,7240,California
Del Norte,2021-04-08,227,11580,54,4526,105,6553,68,501,105,2804,122,4609,173,7413,California
Del Norte,2021-04-09,206,11786,46,4572,83,6636,77,578,99,2872,106,4715,174,7587,California
Del Norte,2021-04-10,47,11833,26,4598,4,6640,17,595,27,2896,20,4735,44,7631,California
Del Norte,2021-04-11,12,11845,3,4601,2,6642,7,602,2,2895,10,4745,9,7640,California
Del Norte,2021-04-12,27,11872,1,4602,9,6651,17,619,1,2888,25,4770,18,7658,California
Del Norte,2021-04-13,298,12170,50,4652,248,6899,0,619,155,2900,143,4913,155,7813,California
Del Norte,2021-04-14,327,12497,23,4675,304,7203,0,619,138,2854,189,5102,143,7956,California
Del Norte,2021-04-15,164,12661,31,4706,133,7336,0,619,45,2781,119,5221,46,8002,California
Del Norte,2021-04-16,161,12822,40,4746,121,7457,0,619,59,2739,102,5323,60,8062,California
Del Norte,2021-04-17,103,12925,71,4817,32,7489,0,619,98,2832,5,5328,98,8160,California
Del Norte,2021-04-18,5,12930,4,4821,1,7490,0,619,4,2835,1,5329,4,8164,California
Del Norte,2021-04-19,50,12980,6,4827,44,7534,0,619,8,2801,42,5371,8,8172,California
Del Norte,2021-04-20,208,13188,40,4867,168,7702,0,619,73,2739,135,5506,73,8245,California
Del Norte,2021-04-21,288,13476,23,4890,265,7967,0,619,63,2581,224,5730,66,8311,California
Del Norte,2021-04-22,114,13590,15,4905,99,8066,0,619,62,2591,52,5782,62,8373,California
Del Norte,2021-04-23,153,13743,22,4927,131,8197,0,619,40,2518,113,5895,40,8413,California
Del Norte,2021-04-24,25,13768,14,4941,11,8208,0,619,20,2533,5,5900,20,8433,California
Del Norte,2021-04-25,2,13770,0,4941,2,8210,0,619,2,2535,0,5900,2,8435,California
Del Norte,2021-04-26,31,13801,0,4941,31,8241,0,619,9,2522,22,5922,9,8444,California
Del Norte,2021-04-27,181,13982,19,4960,157,8398,5,624,49,2444,132,6054,54,8498,California
Del Norte,2021-04-28,351,14333,100,5060,246,8644,5,629,63,2226,287,6341,69,8567,California
Del Norte,2021-04-29,93,14426,6,5066,83,8727,4,633,26,2189,67,6408,30,8597,California
Del Norte,2021-04-30,83,14509,6,5072,67,8794,10,643,44,2204,39,6447,54,8651,California
Del Norte,2021-05-01,8,14517,3,5075,5,8799,0,643,6,2208,2,6449,6,8657,California
Del Norte,2021-05-02,8,14525,0,5075,8,8807,0,643,8,2216,0,6449,8,8665,California
Del Norte,2021-05-03,40,14565,3,5078,34,8841,3,646,2,2184,37,6486,5,8670,California
Del Norte,2021-05-04,221,14786,36,5114,180,9021,5,651,47,2062,174,6660,52,8722,California
Del Norte,2021-05-05,231,15017,19,5133,204,9225,8,659,56,1951,175,6835,64,8786,California
Del Norte,2021-05-06,111,15128,24,5157,74,9299,13,672,26,1905,85,6920,39,8825,California
Del Norte,2021-05-07,152,15280,29,5186,119,9418,4,676,32,1821,120,7040,36,8861,California
Del Norte,2021-05-08,64,15344,55,5241,7,9425,2,678,7,1773,57,7097,9,8870,California
Del Norte,2021-05-09,9,15353,3,5244,3,9428,3,681,2,1771,7,7104,5,8875,California
Del Norte,2021-05-10,25,15378,3,5247,18,9446,4,685,15,1780,10,7114,19,8894,California
Del Norte,2021-05-11,170,15548,49,5296,119,9565,2,687,33,1678,137,7251,35,8929,California
Del Norte,2021-05-12,148,15696,23,5319,115,9680,10,697,27,1595,120,7371,37,8966,California
Del Norte,2021-05-13,60,15756,29,5348,30,9710,1,698,32,1600,28,7399,33,8999,California
Del Norte,2021-05-14,77,15833,27,5375,49,9759,1,699,42,1608,35,7434,43,9042,California
Del Norte,2021-05-15,81,15914,53,5428,28,9787,0,699,53,1633,28,7462,53,9095,California
Del Norte,2021-05-16,11,15925,0,5428,11,9798,0,699,11,1644,0,7462,11,9106,California
Del Norte,2021-05-17,27,15952,3,5431,20,9818,4,703,15,1651,12,7474,19,9125,California
Del Norte,2021-05-18,126,16078,68,5499,57,9875,1,704,80,1686,46,7520,81,9206,California
Del Norte,2021-05-19,96,16174,14,5513,66,9941,16,720,38,1682,58,7578,54,9260,California
Del Norte,2021-05-20,98,16272,31,5544,64,10005,3,723,39,1666,58,7636,42,9302,California
Del Norte,2021-05-21,78,16350,32,5576,42,10047,4,727,41,1674,37,7673,45,9347,California
Del Norte,2021-05-22,21,16371,7,5583,14,10061,0,727,8,1669,13,7686,8,9355,California
Del Norte,2021-05-23,11,16382,4,5587,7,10068,0,727,4,1666,7,7693,4,9359,California
Del Norte,2021-05-24,29,16411,11,5598,17,10085,1,728,18,1675,10,7703,19,9378,California
Del Norte,2021-05-25,45,16456,7,5605,30,10115,8,736,14,1668,29,7732,22,9400,California
Del Norte,2021-05-26,89,16545,25,5630,62,10177,2,738,40,1662,48,7780,42,9442,California
El Dorado,2020-12-15,12,12,12,12,0,0,0,0,12,12,0,0,12,12,California
El Dorado,2020-12-16,40,52,40,52,0,0,0,0,40,52,0,0,40,52,California
El Dorado,2020-12-17,31,83,31,83,0,0,0,0,31,83,0,0,31,83,California
El Dorado,2020-12-18,238,321,238,321,0,0,0,0,238,321,0,0,238,321,California
El Dorado,2020-12-19,116,437,116,437,0,0,0,0,116,437,0,0,116,437,California
El Dorado,2020-12-20,85,522,85,522,0,0,0,0,85,522,0,0,85,522,California
El Dorado,2020-12-21,309,831,308,830,1,1,0,0,309,831,0,0,309,831,California
El Dorado,2020-12-22,238,1069,214,1044,24,25,0,0,238,1069,0,0,238,1069,California
El Dorado,2020-12-23,190,1259,141,1185,49,74,0,0,190,1259,0,0,190,1259,California
El Dorado,2020-12-24,88,1347,67,1252,21,95,0,0,88,1347,0,0,88,1347,California
El Dorado,2020-12-25,8,1355,8,1260,0,95,0,0,8,1355,0,0,8,1355,California
El Dorado,2020-12-26,45,1400,27,1287,18,113,0,0,45,1400,0,0,45,1400,California
El Dorado,2020-12-27,37,1437,33,1320,4,117,0,0,37,1437,0,0,37,1437,California
El Dorado,2020-12-28,213,1650,166,1486,47,164,0,0,213,1650,0,0,213,1650,California
El Dorado,2020-12-29,460,2110,143,1629,317,481,0,0,460,2110,0,0,460,2110,California
El Dorado,2020-12-30,505,2615,136,1765,369,850,0,0,505,2615,0,0,505,2615,California
El Dorado,2020-12-31,110,2725,70,1835,40,890,0,0,110,2725,0,0,110,2725,California
El Dorado,2021-01-01,7,2732,4,1839,3,893,0,0,7,2732,0,0,7,2732,California
El Dorado,2021-01-02,153,2885,141,1980,12,905,0,0,153,2885,0,0,153,2885,California
El Dorado,2021-01-03,92,2977,17,1997,75,980,0,0,92,2977,0,0,92,2977,California
El Dorado,2021-01-04,190,3167,62,2059,128,1108,0,0,190,3167,0,0,190,3167,California
El Dorado,2021-01-05,228,3395,72,2131,156,1264,0,0,212,3363,16,16,212,3379,California
El Dorado,2021-01-06,239,3634,167,2298,72,1336,0,0,175,3474,64,80,175,3554,California
El Dorado,2021-01-07,332,3966,137,2435,195,1531,0,0,261,3664,71,151,261,3815,California
El Dorado,2021-01-08,977,4943,503,2938,474,2005,0,0,772,4232,205,356,773,4588,California
El Dorado,2021-01-09,193,5136,156,3094,37,2042,0,0,125,4289,68,424,125,4713,California
El Dorado,2021-01-10,179,5315,128,3222,51,2093,0,0,109,4329,70,494,110,4823,California
El Dorado,2021-01-11,659,5974,293,3515,366,2459,0,0,459,4590,199,693,460,5283,California
El Dorado,2021-01-12,806,6780,423,3938,383,2842,0,0,557,4898,249,942,557,5840,California
El Dorado,2021-01-13,702,7482,298,4236,404,3246,0,0,541,5278,161,1103,541,6381,California
El Dorado,2021-01-14,792,8274,220,4456,572,3818,0,0,697,5880,95,1198,697,7078,California
El Dorado,2021-01-15,790,9064,184,4640,606,4424,0,0,718,6526,72,1270,718,7796,California
El Dorado,2021-01-16,173,9237,103,4743,70,4494,0,0,146,6645,27,1297,146,7942,California
El Dorado,2021-01-17,99,9336,46,4789,53,4547,0,0,82,6710,17,1314,82,8024,California
El Dorado,2021-01-18,423,9759,140,4929,283,4830,0,0,354,6995,69,1383,354,8378,California
El Dorado,2021-01-19,754,10513,453,5382,301,5131,0,0,604,7450,150,1533,605,8983,California
El Dorado,2021-01-20,1014,11527,689,6071,325,5456,0,0,901,8239,112,1645,901,9884,California
El Dorado,2021-01-21,1265,12792,678,6749,587,6043,0,0,1057,9129,167,1812,1057,10941,California
El Dorado,2021-01-22,1228,14020,833,7582,395,6438,0,0,1174,10250,53,1865,1174,12115,California
El Dorado,2021-01-23,737,14757,615,8197,122,6560,0,0,626,10765,111,1976,626,12741,California
El Dorado,2021-01-24,126,14883,76,8273,50,6610,0,0,107,10853,19,1995,107,12848,California
El Dorado,2021-01-25,700,15583,293,8566,407,7017,0,0,613,11379,87,2082,613,13461,California
El Dorado,2021-01-26,676,16259,365,8931,311,7328,0,0,573,11849,103,2185,573,14034,California
El Dorado,2021-01-27,991,17250,389,9320,602,7930,0,0,653,12163,339,2524,653,14687,California
El Dorado,2021-01-28,1106,18356,452,9772,654,8584,0,0,745,12547,361,2885,745,15432,California
El Dorado,2021-01-29,1044,19400,556,10328,488,9072,0,0,752,13009,291,3176,753,16185,California
El Dorado,2021-01-30,542,19942,290,10618,252,9324,0,0,445,13358,96,3272,445,16630,California
El Dorado,2021-01-31,235,20177,214,10832,21,9345,0,0,183,13490,51,3323,183,16813,California
El Dorado,2021-02-01,798,20975,368,11200,430,9775,0,0,653,13998,145,3468,653,17466,California
El Dorado,2021-02-02,839,21814,367,11567,472,10247,0,0,676,14511,163,3631,676,18142,California
El Dorado,2021-02-03,902,22716,476,12043,426,10673,0,0,690,14989,212,3843,690,18832,California
El Dorado,2021-02-04,1244,23960,701,12744,543,11216,0,0,872,15489,372,4215,872,19704,California
El Dorado,2021-02-05,1485,25445,599,13343,886,12102,0,0,862,15765,586,4801,862,20566,California
El Dorado,2021-02-06,637,26082,331,13674,306,12408,0,0,531,16191,106,4907,532,21098,California
El Dorado,2021-02-07,259,26341,177,13851,82,12490,0,0,195,16322,64,4971,195,21293,California
El Dorado,2021-02-08,883,27224,418,14269,465,12955,0,0,609,16657,274,5245,609,21902,California
El Dorado,2021-02-09,970,28194,546,14815,424,13379,0,0,539,16765,431,5676,539,22441,California
El Dorado,2021-02-10,1257,29451,735,15550,522,13901,0,0,664,16837,592,6268,664,23105,California
El Dorado,2021-02-11,2151,31602,889,16439,1262,15163,0,0,757,16204,1391,7659,758,23863,California
El Dorado,2021-02-12,1574,33176,824,17263,750,15913,0,0,674,15980,899,8558,675,24538,California
El Dorado,2021-02-13,979,34155,667,17930,312,16225,0,0,435,15874,541,9099,435,24973,California
El Dorado,2021-02-14,486,34641,155,18085,331,16556,0,0,399,16186,87,9186,399,25372,California
El Dorado,2021-02-15,1180,35821,382,18467,798,17354,0,0,817,16644,363,9549,821,26193,California
El Dorado,2021-02-16,1206,37027,532,18999,674,18028,0,0,671,16782,534,10083,672,26865,California
El Dorado,2021-02-17,952,37979,419,19418,533,18561,0,0,459,16750,493,10576,461,27326,California
El Dorado,2021-02-18,2094,40073,1020,20438,1074,19635,0,0,1059,16775,1034,11610,1059,28385,California
El Dorado,2021-02-19,1210,41283,643,21081,567,20202,0,0,676,16918,533,12143,676,29061,California
El Dorado,2021-02-20,924,42207,440,21521,484,20686,0,0,671,17341,248,12391,671,29732,California
El Dorado,2021-02-21,284,42491,227,21748,57,20743,0,0,100,17257,184,12575,100,29832,California
El Dorado,2021-02-22,874,43365,439,22187,435,21178,0,0,272,16928,601,13176,272,30104,California
El Dorado,2021-02-23,846,44211,473,22660,373,21551,0,0,338,16759,507,13683,338,30442,California
El Dorado,2021-02-24,1027,45238,438,23098,589,22140,0,0,425,16583,602,14285,426,30868,California
El Dorado,2021-02-25,1891,47129,1140,24238,751,22891,0,0,674,16049,1210,15495,676,31544,California
El Dorado,2021-02-26,2356,49485,1481,25719,875,23766,0,0,1585,16866,768,16263,1585,33129,California
El Dorado,2021-02-27,1663,51148,440,26159,1223,24989,0,0,1222,17650,438,16701,1222,34351,California
El Dorado,2021-02-28,592,51740,206,26365,386,25375,0,0,435,17929,157,16858,436,34787,California
El Dorado,2021-03-01,1133,52873,448,26813,684,26059,1,1,624,18046,508,17366,625,35412,California
El Dorado,2021-03-02,924,53797,269,27082,655,26714,0,1,484,18092,438,17804,484,35896,California
El Dorado,2021-03-03,1691,55488,465,27547,1226,27940,0,1,1154,18719,530,18334,1157,37053,California
El Dorado,2021-03-04,2514,58002,1549,29096,965,28905,0,1,1195,18598,1316,19650,1195,38248,California
El Dorado,2021-03-05,1580,59582,426,29522,1149,30054,5,6,1044,19117,530,20180,1049,39297,California
El Dorado,2021-03-06,741,60323,213,29735,493,30547,35,41,393,19198,347,20527,428,39725,California
El Dorado,2021-03-07,406,60729,197,29932,191,30738,18,59,242,19296,162,20689,260,39985,California
El Dorado,2021-03-08,1329,62058,365,30297,892,31630,72,131,860,19761,466,21155,931,40916,California
El Dorado,2021-03-09,989,63047,231,30528,691,32321,67,198,587,20028,387,21542,654,41570,California
El Dorado,2021-03-10,951,63998,345,30873,550,32871,56,254,548,20235,396,21938,603,42173,California
El Dorado,2021-03-11,3019,67017,1833,32706,1004,33875,182,436,1285,19988,1713,23651,1466,43639,California
El Dorado,2021-03-12,1785,68802,620,33326,918,34793,247,683,744,19957,1023,24674,992,44631,California
El Dorado,2021-03-13,1066,69868,344,33670,440,35233,282,965,375,19924,688,25362,655,45286,California
El Dorado,2021-03-14,794,70662,208,33878,474,35707,112,1077,279,19800,515,25877,391,45677,California
El Dorado,2021-03-15,1401,72063,304,34182,971,36678,126,1203,612,19754,785,26662,739,46416,California
El Dorado,2021-03-16,1220,73283,412,34594,663,37341,145,1348,571,19827,643,27305,716,47132,California
El Dorado,2021-03-17,1109,74392,349,34943,665,38006,95,1443,723,20260,385,27690,818,47950,California
El Dorado,2021-03-18,2996,77388,1772,36715,1179,39185,45,1488,1975,21267,1013,28703,2020,49970,California
El Dorado,2021-03-19,1119,78507,365,37080,607,39792,147,1635,641,21577,478,29181,788,50758,California
El Dorado,2021-03-20,948,79455,269,37349,662,40454,17,1652,369,21395,568,29749,386,51144,California
El Dorado,2021-03-21,1025,80480,418,37767,602,41056,5,1657,934,22245,89,29838,939,52083,California
El Dorado,2021-03-22,1506,81986,489,38256,935,41991,82,1739,1196,23218,305,30143,1278,53361,California
El Dorado,2021-03-23,1149,83135,452,38708,602,42593,95,1834,733,23641,405,30548,828,54189,California
El Dorado,2021-03-24,1459,84594,624,39332,639,43232,196,2030,665,23736,766,31314,861,55050,California
El Dorado,2021-03-25,2510,87104,1685,41017,722,43954,103,2133,1380,24096,1124,32438,1484,56534,California
El Dorado,2021-03-26,1820,88924,698,41715,1012,44966,110,2243,945,24299,853,33291,1056,57590,California
El Dorado,2021-03-27,1320,90244,188,41903,1128,46094,4,2247,334,23657,980,34271,338,57928,California
El Dorado,2021-03-28,635,90879,182,42085,443,46537,10,2257,203,23442,428,34699,213,58141,California
El Dorado,2021-03-29,1320,92199,433,42518,871,47408,16,2273,830,23801,487,35186,846,58987,California
El Dorado,2021-03-30,1364,93563,413,42931,858,48266,93,2366,684,23904,672,35858,775,59762,California
El Dorado,2021-03-31,1561,95124,582,43513,916,49182,63,2429,700,23807,859,36717,762,60524,California
El Dorado,2021-04-01,3238,98362,1769,45282,1386,50568,83,2512,1542,23739,1694,38411,1626,62150,California
El Dorado,2021-04-02,1888,100250,563,45845,1230,51798,95,2607,751,23455,1131,39542,847,62997,California
El Dorado,2021-04-03,752,101002,295,46140,335,52133,122,2729,231,23290,518,40060,353,63350,California
El Dorado,2021-04-04,272,101274,85,46225,140,52273,47,2776,98,23262,173,40233,145,63495,California
El Dorado,2021-04-05,1425,102699,425,46650,906,53179,94,2870,593,23121,827,41060,686,64181,California
El Dorado,2021-04-06,1415,104114,524,47174,670,53849,221,3091,454,22836,958,42018,673,64854,California
El Dorado,2021-04-07,1583,105697,556,47730,577,54426,450,3541,556,22815,1024,43042,1003,65857,California
El Dorado,2021-04-08,2675,108372,1724,49454,716,55142,235,3776,1113,22616,1553,44595,1354,67211,California
El Dorado,2021-04-09,1433,109805,452,49906,760,55902,221,3997,573,22552,857,45452,793,68004,California
El Dorado,2021-04-10,819,110624,224,50130,485,56387,110,4107,471,22788,345,45797,581,68585,California
El Dorado,2021-04-11,703,111327,454,50584,233,56620,16,4123,208,22518,494,46291,224,68809,California
El Dorado,2021-04-12,1277,112604,498,51082,630,57250,149,4272,559,22514,711,47002,707,69516,California
El Dorado,2021-04-13,1118,113722,609,51691,509,57759,0,4272,507,22414,607,47609,507,70023,California
El Dorado,2021-04-14,1085,114807,459,52150,625,58384,1,4273,386,22115,686,48295,387,70410,California
El Dorado,2021-04-15,2489,117296,1671,53821,818,59202,0,4273,954,21538,1532,49827,955,71365,California
El Dorado,2021-04-16,1467,118763,521,54342,946,60148,0,4273,603,21282,860,50687,604,71969,California
El Dorado,2021-04-17,791,119554,202,54544,589,60737,0,4273,491,21476,297,50984,491,72460,California
El Dorado,2021-04-18,991,120545,89,54633,902,61639,0,4273,395,21276,595,51579,395,72855,California
El Dorado,2021-04-19,1715,122260,438,55071,1277,62916,0,4273,690,20947,1019,52598,690,73545,California
El Dorado,2021-04-20,1110,123370,360,55431,750,63666,0,4273,461,20764,644,53242,461,74006,California
El Dorado,2021-04-21,1159,124529,466,55897,689,64355,4,4277,591,20796,560,53802,592,74598,California
El Dorado,2021-04-22,2549,127078,1679,57576,870,65225,0,4277,1067,20384,1479,55281,1067,75665,California
El Dorado,2021-04-23,1398,128476,491,58067,907,66132,0,4277,708,20406,687,55968,709,76374,California
El Dorado,2021-04-24,969,129445,516,58583,453,66585,0,4277,734,20907,233,56201,734,77108,California
El Dorado,2021-04-25,653,130098,449,59032,204,66789,0,4277,466,21186,187,56388,466,77574,California
El Dorado,2021-04-26,1140,131238,450,59482,673,67462,17,4294,538,21140,600,56988,554,78128,California
El Dorado,2021-04-27,1050,132288,374,59856,648,68110,28,4322,471,21066,573,57561,499,78627,California
El Dorado,2021-04-28,1031,133319,346,60202,645,68755,40,4362,402,20880,628,58189,442,79069,California
El Dorado,2021-04-29,1929,135248,1303,61505,594,69349,32,4394,538,20061,1389,59578,570,79639,California
El Dorado,2021-04-30,2119,137367,1330,62835,748,70097,41,4435,1360,20714,747,60325,1400,81039,California
El Dorado,2021-05-01,615,137982,282,63117,306,70403,27,4462,277,20687,331,60656,304,81343,California
El Dorado,2021-05-02,298,138280,212,63329,57,70460,29,4491,101,20622,194,60850,129,81472,California
El Dorado,2021-05-03,820,139100,402,63731,368,70828,50,4541,275,20405,543,61393,326,81798,California
El Dorado,2021-05-04,875,139975,431,64162,386,71214,58,4599,308,20208,563,61956,366,82164,California
El Dorado,2021-05-05,872,140847,430,64592,369,71583,73,4672,414,20239,456,62412,487,82651,California
El Dorado,2021-05-06,1112,141959,481,65073,584,72167,47,4719,474,20122,634,63046,517,83168,California
El Dorado,2021-05-07,977,142936,372,65445,547,72714,58,4777,399,20000,578,63624,456,83624,California
El Dorado,2021-05-08,484,143420,149,65594,298,73012,37,4814,186,19927,296,63920,223,83847,California
El Dorado,2021-05-09,218,143638,79,65673,112,73124,27,4841,100,19937,117,64037,127,83974,California
El Dorado,2021-05-10,829,144467,274,65947,496,73620,59,4900,241,19657,578,64615,298,84272,California
El Dorado,2021-05-11,660,145127,286,66233,320,73940,54,4954,290,19635,367,64982,345,84617,California
El Dorado,2021-05-12,585,145712,307,66540,243,74183,35,4989,235,19556,350,65332,271,84888,California
El Dorado,2021-05-13,1140,146852,732,67272,373,74556,35,5024,396,19247,739,66071,430,85318,California
El Dorado,2021-05-14,1398,148250,804,68076,510,75066,84,5108,679,19296,714,66785,763,86081,California
El Dorado,2021-05-15,895,149145,553,68629,286,75352,56,5164,312,19081,583,67368,368,86449,California
El Dorado,2021-05-16,654,149799,456,69085,172,75524,26,5190,228,18909,426,67794,254,86703,California
El Dorado,2021-05-17,1550,151349,662,69747,840,76364,48,5238,566,18542,980,68774,613,87316,California
El Dorado,2021-05-18,1010,152359,506,70253,450,76814,54,5292,444,18475,565,69339,498,87814,California
El Dorado,2021-05-19,810,153169,328,70581,430,77244,52,5344,315,18352,489,69828,366,88180,California
El Dorado,2021-05-20,1036,154205,600,71181,390,77634,46,5390,448,18261,585,70413,494,88674,California
El Dorado,2021-05-21,2164,156369,1659,72840,480,78114,25,5415,740,17607,1419,71832,765,89439,California
El Dorado,2021-05-22,564,156933,155,72995,393,78507,16,5431,190,17440,373,72205,206,89645,California
El Dorado,2021-05-23,188,157121,86,73081,83,78590,19,5450,61,17394,126,72331,80,89725,California
El Dorado,2021-05-24,809,157930,425,73506,317,78907,67,5517,283,17219,522,72853,347,90072,California
El Dorado,2021-05-25,572,158502,234,73740,306,79213,32,5549,218,17116,353,73206,250,90322,California
El Dorado,2021-05-26,285,158787,144,73884,136,79349,5,5554,124,17085,160,73366,129,90451,California
Fresno,2020-12-15,2,2,2,2,0,0,0,0,2,2,0,0,2,2,California
Fresno,2020-12-16,125,127,125,127,0,0,0,0,125,127,0,0,125,127,California
Fresno,2020-12-17,121,248,121,248,0,0,0,0,121,248,0,0,121,248,California
Fresno,2020-12-18,346,594,346,594,0,0,0,0,346,594,0,0,346,594,California
Fresno,2020-12-19,159,753,159,753,0,0,0,0,159,753,0,0,159,753,California
Fresno,2020-12-20,258,1011,256,1009,2,2,0,0,258,1011,0,0,258,1011,California
Fresno,2020-12-21,927,1938,925,1934,2,4,0,0,958,1969,0,0,958,1969,California
Fresno,2020-12-22,905,2843,875,2809,30,34,0,0,909,2878,0,0,909,2878,California
Fresno,2020-12-23,1091,3934,1049,3858,42,76,0,0,1092,3970,0,0,1092,3970,California
Fresno,2020-12-24,588,4522,563,4421,25,101,0,0,588,4558,0,0,588,4558,California
Fresno,2020-12-25,2,4524,1,4422,1,102,0,0,2,4560,0,0,2,4560,California
Fresno,2020-12-26,724,5248,715,5137,9,111,0,0,724,5284,0,0,724,5284,California
Fresno,2020-12-27,307,5555,208,5345,99,210,0,0,307,5591,0,0,307,5591,California
Fresno,2020-12-28,1090,6645,800,6145,290,500,0,0,1091,6682,0,0,1091,6682,California
Fresno,2020-12-29,1736,8381,991,7136,745,1245,0,0,1734,8415,1,1,1734,8416,California
Fresno,2020-12-30,955,9336,444,7580,511,1756,0,0,955,9370,0,1,955,9371,California
Fresno,2020-12-31,901,10237,309,7889,592,2348,0,0,900,10270,0,1,900,10271,California
Fresno,2021-01-01,9,10246,3,7892,6,2354,0,0,9,10279,0,1,9,10280,California
Fresno,2021-01-02,1029,11275,715,8607,314,2668,0,0,1029,11308,0,1,1029,11309,California
Fresno,2021-01-03,153,11428,128,8735,25,2693,0,0,153,11461,0,1,153,11462,California
Fresno,2021-01-04,620,12048,376,9111,244,2937,0,0,620,12081,0,1,620,12082,California
Fresno,2021-01-05,781,12829,313,9424,468,3405,0,0,707,12714,74,75,707,12789,California
Fresno,2021-01-06,986,13815,348,9772,638,4043,0,0,810,13348,176,251,810,13599,California
Fresno,2021-01-07,1894,15709,917,10689,977,5020,0,0,1641,14739,253,504,1644,15243,California
Fresno,2021-01-08,1788,17497,613,11302,1175,6195,0,0,1424,15801,362,866,1424,16667,California
Fresno,2021-01-09,634,18131,388,11690,246,6441,0,0,359,15885,275,1141,359,17026,California
Fresno,2021-01-10,518,18649,488,12178,30,6471,0,0,204,15775,314,1455,204,17230,California
Fresno,2021-01-11,2218,20867,1810,13988,408,6879,0,0,1525,16610,693,2148,1528,18758,California
Fresno,2021-01-12,2528,23395,1829,15817,699,7578,0,0,1678,17438,852,3000,1680,20438,California
Fresno,2021-01-13,3554,26949,2434,18251,1120,8698,0,0,2705,19297,849,3849,2708,23146,California
Fresno,2021-01-14,4137,31086,2183,20434,1954,10652,0,0,3666,22493,470,4319,3666,26812,California
Fresno,2021-01-15,3660,34746,2530,22964,1130,11782,0,0,3302,25441,358,4677,3306,30118,California
Fresno,2021-01-16,3152,37898,2309,25273,843,12625,0,0,2687,27665,464,5141,2688,32806,California
Fresno,2021-01-17,976,38874,555,25828,421,13046,0,0,778,28245,198,5339,778,33584,California
Fresno,2021-01-18,3077,41951,2369,28197,708,13754,0,0,2421,30014,654,5993,2423,36007,California
Fresno,2021-01-19,4406,46357,2620,30817,1786,15540,0,0,3692,32996,714,6707,3696,39703,California
Fresno,2021-01-20,3020,49377,1208,32025,1812,17352,0,0,2707,35395,311,7018,2710,42413,California
Fresno,2021-01-21,4395,53772,2033,34058,2362,19714,0,0,4034,39097,338,7356,4040,46453,California
Fresno,2021-01-22,3313,57085,1349,35407,1964,21678,0,0,2922,41646,374,7730,2923,49376,California
Fresno,2021-01-23,3049,60134,1974,37381,1075,22753,0,0,2326,43255,722,8452,2331,51707,California
Fresno,2021-01-24,559,60693,377,37758,182,22935,0,0,353,43404,206,8658,355,52062,California
Fresno,2021-01-25,2423,63116,865,38623,1558,24493,0,0,1871,44726,552,9210,1874,53936,California
Fresno,2021-01-26,2065,65181,586,39209,1479,25972,0,0,1319,45302,744,9954,1320,55256,California
Fresno,2021-01-27,2318,67499,1157,40366,1161,27133,0,0,1754,46496,563,10517,1757,57013,California
Fresno,2021-01-28,4507,72006,3048,43414,1459,28592,0,0,3468,48931,1036,11553,3471,60484,California
Fresno,2021-01-29,1709,73715,983,44397,726,29318,0,0,1410,50047,295,11848,1411,61895,California
Fresno,2021-01-30,1452,75167,550,44947,902,30220,0,0,1035,50665,417,12265,1035,62930,California
Fresno,2021-01-31,228,75395,219,45166,9,30229,0,0,74,50585,154,12419,74,63004,California
Fresno,2021-02-01,3346,78741,1672,46838,1674,31903,0,0,1787,50823,1558,13977,1796,64800,California
Fresno,2021-02-02,2723,81464,552,47390,2171,34074,0,0,1581,51292,1127,15104,1596,66396,California
Fresno,2021-02-03,3555,85019,2101,49491,1454,35528,0,0,1547,50840,2000,17104,1548,67944,California
Fresno,2021-02-04,4198,89217,1897,51388,2301,37829,0,0,1931,50539,2237,19341,1936,69880,California
Fresno,2021-02-05,5343,94560,2729,54117,2614,40443,0,0,2309,49823,3029,22370,2313,72193,California
Fresno,2021-02-06,2938,97498,2048,56165,890,41333,0,0,974,48838,1960,24330,975,73168,California
Fresno,2021-02-07,466,97964,284,56449,182,41515,0,0,272,48917,193,24523,272,73440,California
Fresno,2021-02-08,4277,102241,2291,58740,1986,43501,0,0,1815,48291,2450,26973,1824,75264,California
Fresno,2021-02-09,5340,107581,2089,60829,3251,46752,0,0,3124,49282,2142,29115,3133,78397,California
Fresno,2021-02-10,3890,111471,1232,62061,2658,49410,0,0,1994,49445,1844,30959,2007,80404,California
Fresno,2021-02-11,6459,117930,2095,64156,4364,53774,0,0,3361,49731,3080,34039,3366,83770,California
Fresno,2021-02-12,5398,123328,1383,65539,4015,57789,0,0,2739,49838,2640,36679,2747,86517,California
Fresno,2021-02-13,3754,127082,1560,67099,2194,59983,0,0,2085,50271,1658,38337,2091,88608,California
Fresno,2021-02-14,1563,128645,283,67382,1280,61263,0,0,838,50386,725,39062,840,89448,California
Fresno,2021-02-15,2895,131540,267,67649,2628,63891,0,0,1791,51081,1100,40162,1795,91243,California
Fresno,2021-02-16,6698,138238,2404,70053,4294,68185,0,0,4246,52898,2435,42597,4252,95495,California
Fresno,2021-02-17,5340,143578,2452,72505,2888,71073,0,0,2991,53589,2304,44901,2995,98490,California
Fresno,2021-02-18,6855,150433,2892,75397,3963,75036,0,0,2583,51955,4228,49129,2594,101084,California
Fresno,2021-02-19,3841,154274,1100,76497,2741,77777,0,0,1825,51778,2005,51134,1828,102912,California
Fresno,2021-02-20,4537,158811,2491,78988,2046,79823,0,0,3054,53361,1477,52611,3060,105972,California
Fresno,2021-02-21,191,159002,172,79160,19,79842,0,0,127,53438,50,52661,127,106099,California
Fresno,2021-02-22,2252,161254,1004,80164,1248,81090,0,0,1237,53672,1005,53666,1239,107338,California
Fresno,2021-02-23,4691,165945,2265,82429,2426,83516,0,0,3814,56623,865,54531,3816,111154,California
Fresno,2021-02-24,4212,170157,1503,83932,2709,86225,0,0,3457,59338,743,55274,3458,114612,California
Fresno,2021-02-25,8709,178866,3734,87666,4975,91200,0,0,7219,65139,1426,56700,7227,121839,California
Fresno,2021-02-26,9019,187885,3702,91368,5317,96517,0,0,7703,71556,1292,57992,7709,129548,California
Fresno,2021-02-27,7289,195174,3158,94526,4130,100647,1,1,6577,77440,696,58688,6580,136128,California
Fresno,2021-02-28,1653,196827,534,95060,1119,101766,0,1,1564,78928,77,58765,1565,137693,California
Fresno,2021-03-01,5078,201905,1310,96370,3768,105534,0,1,3676,81219,1389,60154,3680,141373,California
Fresno,2021-03-02,9857,211762,3384,99754,6473,112007,0,1,8474,88357,1359,61513,8497,149870,California
Fresno,2021-03-03,6942,218704,1700,101454,5241,117248,1,2,5929,93401,1000,62513,6044,155914,California
Fresno,2021-03-04,10450,229154,4119,105573,6331,123579,0,2,8712,100411,1710,64223,8720,164634,California
Fresno,2021-03-05,9089,238243,3633,109206,5454,129033,2,4,8000,107532,956,65179,8077,172711,California
Fresno,2021-03-06,6897,245140,3837,113043,2942,131975,118,122,5906,112576,984,66163,6028,178739,California
Fresno,2021-03-07,1489,246629,681,113724,772,132747,36,158,1259,113645,227,66390,1296,180035,California
Fresno,2021-03-08,5275,251904,2026,115750,3098,135845,151,309,3987,116517,1277,67667,4149,184184,California
Fresno,2021-03-09,8602,260506,3792,119542,4539,140384,271,580,4650,117543,3931,71598,4957,189141,California
Fresno,2021-03-10,6767,267273,2861,122403,3514,143898,392,972,5351,121888,1407,73005,5752,194893,California
Fresno,2021-03-11,11526,278799,4583,126986,6377,150275,566,1538,6257,123544,5243,78248,6899,201792,California
Fresno,2021-03-12,12027,290826,5135,132121,6439,156714,453,1991,9015,130162,2992,81240,9610,211402,California
Fresno,2021-03-13,8358,299184,4057,136178,3268,159982,1033,3024,4040,131012,4297,85537,5147,216549,California
Fresno,2021-03-14,1769,300953,477,136655,1003,160985,289,3313,670,130883,1087,86624,958,217507,California
Fresno,2021-03-15,7133,308086,3180,139835,3781,164766,172,3485,4947,134017,2171,88795,5305,222812,California
Fresno,2021-03-16,10211,318297,4530,144365,5285,170051,396,3881,5422,135173,4757,93552,5913,228725,California
Fresno,2021-03-17,8666,326963,3929,148294,4046,174097,691,4572,5875,139350,2769,96321,6946,235671,California
Fresno,2021-03-18,12452,339415,6727,155021,5091,179188,634,5206,7064,142134,5339,101660,8123,243794,California
Fresno,2021-03-19,11195,350610,5882,160903,4699,183887,614,5820,6952,145781,4214,105874,7861,251655,California
Fresno,2021-03-20,7608,358218,4605,165508,2691,186578,312,6132,3805,146401,3773,109647,4393,256048,California
Fresno,2021-03-21,1777,359995,1204,166712,204,186782,369,6501,959,146916,814,110461,1329,257377,California
Fresno,2021-03-22,5669,365664,2895,169607,2179,188961,595,7096,3842,149742,1811,112272,4637,262014,California
Fresno,2021-03-23,10564,376228,5249,174856,4818,193779,497,7593,5069,150263,5474,117746,5995,268009,California
Fresno,2021-03-24,8871,385099,3836,178692,4203,197982,832,8425,4980,152275,3853,121599,5865,273874,California
Fresno,2021-03-25,12206,397305,5682,184374,5735,203717,789,9214,4764,150516,7395,128994,5636,279510,California
Fresno,2021-03-26,12243,409548,5456,189830,6141,209858,646,9860,4480,147953,7710,136704,5147,284657,California
Fresno,2021-03-27,9579,419127,4299,194129,4191,214049,1089,10949,2939,145382,6603,143307,4032,288689,California
Fresno,2021-03-28,3403,422530,1316,195445,1399,215448,688,11637,1280,145511,2115,145422,2244,290933,California
Fresno,2021-03-29,5999,428529,2008,197453,3440,218888,551,12188,2898,145897,3074,148496,3460,294393,California
Fresno,2021-03-30,10895,439424,4266,201719,5731,224619,898,13086,3846,143619,7022,155518,4744,299137,California
Fresno,2021-03-31,9651,449075,3385,205104,5278,229897,988,14074,3733,142459,5879,161397,4719,303856,California
Fresno,2021-04-01,11915,460990,4200,209304,6850,236747,865,14939,3991,139457,7821,169218,4819,308675,California
Fresno,2021-04-02,11739,472729,4564,213868,6390,243137,785,15724,4184,137046,7397,176615,4986,313661,California
Fresno,2021-04-03,6415,479144,3536,217404,2622,245759,257,15981,2163,135268,4235,180850,2457,316118,California
Fresno,2021-04-04,1489,480633,535,217939,909,246668,45,16026,546,134924,935,181785,591,316709,California
Fresno,2021-04-05,8336,488969,4471,222410,3064,249732,801,16827,2448,132376,5871,187656,3323,320032,California
Fresno,2021-04-06,9594,498563,4018,226428,4392,254124,1184,18011,3541,131110,6014,193670,4748,324780,California
Fresno,2021-04-07,10376,508939,5327,231755,3843,257967,1206,19217,3526,129074,6807,200477,4771,329551,California
Fresno,2021-04-08,10838,519777,5116,236871,4571,262538,1151,20368,3411,126307,7380,207857,4613,334164,California
Fresno,2021-04-09,11164,530941,5321,242192,4457,266995,1386,21754,3595,123798,7524,215381,5015,339179,California
Fresno,2021-04-10,7873,538814,5151,247343,2200,269195,522,22276,3664,123785,4198,219579,4185,343364,California
Fresno,2021-04-11,1387,540201,926,248269,372,269567,89,22365,446,123385,936,220515,536,343900,California
Fresno,2021-04-12,7162,547363,3766,252035,2475,272042,921,23286,2315,121797,4823,225338,3235,347135,California
Fresno,2021-04-13,8911,556274,4242,256277,4599,276641,70,23356,3462,120005,5415,230753,3623,350758,California
Fresno,2021-04-14,9447,565721,5735,262012,3711,280352,1,23357,3718,118082,5688,236441,3765,354523,California
Fresno,2021-04-15,8387,574108,4181,266193,4203,284555,3,23360,3155,116039,5204,241645,3161,357684,California
Fresno,2021-04-16,9374,583482,4629,270822,4743,289298,2,23362,3869,114447,5468,247113,3876,361560,California
Fresno,2021-04-17,5563,589045,3719,274541,1844,291142,0,23362,2644,114194,2899,250012,2646,364206,California
Fresno,2021-04-18,1028,590073,560,275101,468,291610,0,23362,472,114115,551,250563,472,364678,California
Fresno,2021-04-19,5530,595603,3017,278118,2510,294120,3,23365,2255,113137,3238,253801,2260,366938,California
Fresno,2021-04-20,6950,602553,3436,281554,3506,297626,8,23373,2621,111460,4307,258108,2630,369568,California
Fresno,2021-04-21,6383,608936,3528,285082,2847,300473,8,23381,2665,110452,3685,261793,2677,372245,California
Fresno,2021-04-22,6344,615280,3147,288229,3196,303669,1,23382,2306,108779,3983,265776,2310,374555,California
Fresno,2021-04-23,7050,622330,3776,292005,3256,306925,18,23400,2705,107187,4303,270079,2711,377266,California
Fresno,2021-04-24,4157,626487,2479,294484,1678,308603,0,23400,1912,106867,2232,272311,1912,379178,California
Fresno,2021-04-25,1371,627858,556,295040,813,309416,2,23402,688,106878,678,272989,689,379867,California
Fresno,2021-04-26,3931,631789,1973,297013,1914,311330,44,23446,1670,106360,2231,275220,1713,381580,California
Fresno,2021-04-27,4528,636317,2293,299306,2124,313454,111,23557,1791,105544,2718,277938,1902,383482,California
Fresno,2021-04-28,4709,641026,2623,301929,1959,315413,127,23684,1939,104862,2749,280687,2067,385549,California
Fresno,2021-04-29,4724,645750,2642,304571,1949,317362,133,23817,1763,103828,2930,283617,1896,387445,California
Fresno,2021-04-30,5382,651132,3282,307853,1965,319327,135,23952,2132,102876,3218,286835,2266,389711,California
Fresno,2021-05-01,4185,655317,3468,311321,580,319907,137,24089,1224,101292,2944,289779,1360,391071,California
Fresno,2021-05-02,1234,656551,770,312091,413,320320,51,24140,601,101322,621,290400,651,391722,California
Fresno,2021-05-03,3999,660550,2694,314785,1119,321439,186,24326,1290,100111,2683,293083,1472,393194,California
Fresno,2021-05-04,4822,665372,2499,317284,2171,323610,152,24478,1551,98570,3246,296329,1705,394899,California
Fresno,2021-05-05,4811,670183,2883,320167,1702,325312,226,24704,1455,96916,3332,299661,1678,396577,California
Fresno,2021-05-06,4066,674249,2484,322651,1477,326789,105,24809,1351,95684,2688,302349,1456,398033,California
Fresno,2021-05-07,4972,679221,3260,325911,1548,328337,164,24973,1529,93953,3422,305771,1691,399724,California
Fresno,2021-05-08,3864,683085,2466,328377,1253,329590,145,25118,1153,92560,2692,308463,1299,401023,California
Fresno,2021-05-09,680,683765,350,328727,287,329877,43,25161,338,92604,336,308799,380,401403,California
Fresno,2021-05-10,2946,686711,1578,330305,1227,331104,141,25302,920,91646,2019,310818,1061,402464,California
Fresno,2021-05-11,3608,690319,1842,332147,1676,332780,90,25392,1155,90450,2442,313260,1246,403710,California
Fresno,2021-05-12,3717,694036,2353,334500,1217,333997,147,25539,1343,89590,2351,315611,1491,405201,California
Fresno,2021-05-13,3603,697639,1951,336451,1545,335542,107,25646,1591,89313,1975,317586,1698,406899,California
Fresno,2021-05-14,5017,702656,3030,339481,1809,337351,178,25824,2142,88789,2844,320430,2320,409219,California
Fresno,2021-05-15,3569,706225,2668,342149,772,338123,129,25953,1816,88989,1744,322174,1944,411163,California
Fresno,2021-05-16,1429,707654,937,343086,458,338581,34,25987,797,89193,627,322801,831,411994,California
Fresno,2021-05-17,4061,711715,2721,345807,1178,339759,162,26149,2248,89817,1786,324587,2410,414404,California
Fresno,2021-05-18,4012,715727,2457,348264,1415,341174,140,26289,2113,90191,1877,326464,2251,416655,California
Fresno,2021-05-19,4137,719864,2606,350870,1400,342574,131,26420,2060,90326,2055,328519,2190,418845,California
Fresno,2021-05-20,3436,723300,1999,352869,1281,343855,156,26576,1597,90258,1820,330339,1752,420597,California
Fresno,2021-05-21,3725,727025,2385,355254,1247,345102,93,26669,1646,89940,2056,332395,1738,422335,California
Fresno,2021-05-22,3214,730239,2416,357670,637,345739,161,26830,1883,90665,1318,333713,2043,424378,California
Fresno,2021-05-23,528,730767,345,358015,153,345892,30,26860,293,90759,227,333940,321,424699,California
Fresno,2021-05-24,3135,733902,1974,359989,1044,346936,117,26977,1466,90698,1644,335584,1583,426282,California
Fresno,2021-05-25,2990,736892,1751,361740,1122,348058,117,27094,1348,90534,1630,337214,1466,427748,California
Fresno,2021-05-26,1749,738641,1153,362893,519,348577,77,27171,883,90633,858,338072,957,428705,California
Glenn,2020-12-17,1,1,1,1,0,0,0,0,1,1,0,0,1,1,California
Glenn,2020-12-19,1,2,1,2,0,0,0,0,1,2,0,0,1,2,California
Glenn,2020-12-20,1,3,1,3,0,0,0,0,1,3,0,0,1,3,California
Glenn,2020-12-21,11,14,11,14,0,0,0,0,11,14,0,0,11,14,California
Glenn,2020-12-22,59,73,59,73,0,0,0,0,59,73,0,0,59,73,California
Glenn,2020-12-23,28,101,28,101,0,0,0,0,28,101,0,0,28,101,California
Glenn,2020-12-24,9,110,9,110,0,0,0,0,9,110,0,0,9,110,California
Glenn,2020-12-26,2,112,2,112,0,0,0,0,2,112,0,0,2,112,California
Glenn,2020-12-27,4,116,4,116,0,0,0,0,4,116,0,0,4,116,California
Glenn,2020-12-28,21,137,21,137,0,0,0,0,21,137,0,0,21,137,California
Glenn,2020-12-29,82,219,82,219,0,0,0,0,82,219,0,0,82,219,California
Glenn,2020-12-30,129,348,106,325,23,23,0,0,129,348,0,0,129,348,California
Glenn,2020-12-31,38,386,9,334,29,52,0,0,38,386,0,0,38,386,California
Glenn,2021-01-02,2,388,2,336,0,52,0,0,2,388,0,0,2,388,California
Glenn,2021-01-04,7,395,5,341,2,54,0,0,7,395,0,0,7,395,California
Glenn,2021-01-05,9,404,8,349,1,55,0,0,9,404,0,0,9,404,California
Glenn,2021-01-06,60,464,8,357,52,107,0,0,60,464,0,0,60,464,California
Glenn,2021-01-07,67,531,12,369,55,162,0,0,65,527,2,2,65,529,California
Glenn,2021-01-08,12,543,9,378,3,165,0,0,12,539,0,2,12,541,California
Glenn,2021-01-10,1,544,1,379,0,165,0,0,0,538,1,3,0,541,California
Glenn,2021-01-11,30,574,30,409,0,165,0,0,12,532,18,21,12,553,California
Glenn,2021-01-12,42,616,37,446,5,170,0,0,14,518,28,49,14,567,California
Glenn,2021-01-13,221,837,156,602,65,235,0,0,177,651,44,93,177,744,California
Glenn,2021-01-14,117,954,28,630,89,324,0,0,107,748,10,103,107,851,California
Glenn,2021-01-15,42,996,35,665,7,331,0,0,37,780,5,108,37,888,California
Glenn,2021-01-16,33,1029,14,679,19,350,0,0,23,793,10,118,23,911,California
Glenn,2021-01-17,4,1033,2,681,2,352,0,0,2,793,2,120,2,913,California
Glenn,2021-01-18,17,1050,16,697,1,353,0,0,9,794,8,128,9,922,California
Glenn,2021-01-19,30,1080,20,717,10,363,0,0,13,790,17,145,13,935,California
Glenn,2021-01-20,163,1243,94,811,69,432,0,0,82,791,81,226,82,1017,California
Glenn,2021-01-21,124,1367,98,909,26,458,0,0,30,727,94,320,30,1047,California
Glenn,2021-01-22,338,1705,64,973,274,732,0,0,331,1051,7,327,331,1378,California
Glenn,2021-01-23,14,1719,7,980,7,739,0,0,12,1061,2,329,12,1390,California
Glenn,2021-01-24,2,1721,2,982,0,739,0,0,2,1063,0,329,2,1392,California
Glenn,2021-01-25,27,1748,9,991,18,757,0,0,24,1084,3,332,24,1416,California
Glenn,2021-01-26,29,1777,13,1004,16,773,0,0,23,1101,6,338,23,1439,California
Glenn,2021-01-27,188,1965,13,1017,175,948,0,0,166,1245,22,360,166,1605,California
Glenn,2021-01-28,146,2111,8,1025,138,1086,0,0,116,1331,30,390,116,1721,California
Glenn,2021-01-29,296,2407,12,1037,284,1370,0,0,282,1599,14,404,282,2003,California
Glenn,2021-01-30,4,2411,0,1037,4,1374,0,0,4,1603,0,404,4,2007,California
Glenn,2021-01-31,1,2412,0,1037,1,1375,0,0,1,1604,0,404,1,2008,California
Glenn,2021-02-01,28,2440,10,1047,18,1393,0,0,16,1608,12,416,16,2024,California
Glenn,2021-02-02,28,2468,13,1060,15,1408,0,0,19,1618,9,425,19,2043,California
Glenn,2021-02-03,274,2742,125,1185,149,1557,0,0,129,1603,145,570,130,2173,California
Glenn,2021-02-04,82,2824,16,1201,66,1623,0,0,27,1575,55,625,27,2200,California
Glenn,2021-02-05,320,3144,25,1226,295,1918,0,0,299,1853,21,646,299,2499,California
Glenn,2021-02-06,14,3158,2,1228,12,1930,0,0,13,1865,1,647,13,2512,California
Glenn,2021-02-07,2,3160,2,1230,0,1930,0,0,2,1867,0,647,2,2514,California
Glenn,2021-02-08,21,3181,17,1247,4,1934,0,0,4,1854,17,664,4,2518,California
Glenn,2021-02-09,49,3230,20,1267,29,1963,0,0,36,1877,13,677,36,2554,California
Glenn,2021-02-10,138,3368,19,1286,119,2082,0,0,65,1869,73,750,65,2619,California
Glenn,2021-02-11,233,3601,133,1419,100,2182,0,0,151,1937,83,833,151,2770,California
Glenn,2021-02-12,420,4021,99,1518,321,2503,0,0,355,2227,65,898,355,3125,California
Glenn,2021-02-13,34,4055,7,1525,27,2530,0,0,16,2225,18,916,16,3141,California
Glenn,2021-02-14,1,4056,0,1525,1,2531,0,0,1,2226,0,916,1,3142,California
Glenn,2021-02-15,8,4064,0,1525,8,2539,0,0,8,2234,0,916,8,3150,California
Glenn,2021-02-16,39,4103,9,1534,30,2569,0,0,21,2237,18,934,21,3171,California
Glenn,2021-02-17,380,4483,14,1548,366,2935,0,0,302,2461,78,1012,302,3473,California
Glenn,2021-02-18,134,4617,99,1647,35,2970,0,0,110,2547,24,1036,110,3583,California
Glenn,2021-02-19,303,4920,17,1664,286,3256,0,0,29,2302,274,1310,29,3612,California
Glenn,2021-02-20,8,4928,0,1664,8,3264,0,0,0,2294,8,1318,0,3612,California
Glenn,2021-02-21,1,4929,1,1665,0,3264,0,0,1,2295,0,1318,1,3613,California
Glenn,2021-02-22,33,4962,14,1679,19,3283,0,0,17,2296,16,1334,17,3630,California
Glenn,2021-02-23,40,5002,10,1689,30,3313,0,0,28,2312,12,1346,28,3658,California
Glenn,2021-02-24,243,5245,37,1726,206,3519,0,0,47,2163,196,1542,47,3705,California
Glenn,2021-02-25,234,5479,120,1846,114,3633,0,0,118,2165,116,1658,118,3823,California
Glenn,2021-02-26,304,5783,24,1870,280,3913,0,0,20,1902,283,1941,20,3843,California
Glenn,2021-02-27,15,5798,5,1875,10,3923,0,0,5,1898,9,1950,5,3848,California
Glenn,2021-02-28,6,5804,3,1878,3,3926,0,0,3,1899,2,1952,3,3851,California
Glenn,2021-03-01,28,5832,6,1884,22,3948,0,0,12,1895,16,1968,12,3863,California
Glenn,2021-03-02,35,5867,7,1891,28,3976,0,0,17,1894,18,1986,17,3880,California
Glenn,2021-03-03,192,6059,37,1928,155,4131,0,0,101,1906,89,2075,101,3981,California
Glenn,2021-03-04,521,6580,175,2103,346,4477,0,0,375,2135,146,2221,375,4356,California
Glenn,2021-03-05,357,6937,49,2152,308,4785,0,0,35,1848,322,2543,35,4391,California
Glenn,2021-03-06,26,6963,3,2155,22,4807,1,1,9,1841,17,2560,10,4401,California
Glenn,2021-03-07,5,6968,0,2155,5,4812,0,1,3,1843,1,2561,3,4404,California
Glenn,2021-03-08,20,6988,2,2157,17,4829,1,2,18,1860,2,2563,19,4423,California
Glenn,2021-03-09,82,7070,11,2168,68,4897,3,5,54,1888,28,2591,56,4479,California
Glenn,2021-03-10,172,7242,69,2237,101,4998,2,7,95,1908,77,2668,97,4576,California
Glenn,2021-03-11,583,7825,169,2406,391,5389,23,30,454,2256,129,2797,477,5053,California
Glenn,2021-03-12,418,8243,14,2420,342,5731,62,92,41,1982,377,3174,103,5156,California
Glenn,2021-03-13,12,8255,1,2421,3,5734,8,100,1,1980,11,3185,9,5165,California
Glenn,2021-03-14,3,8258,1,2422,2,5736,0,100,1,1979,2,3187,1,5166,California
Glenn,2021-03-15,76,8334,15,2437,56,5792,5,105,61,2030,15,3202,66,5232,California
Glenn,2021-03-16,110,8444,34,2471,65,5857,11,116,69,2069,41,3243,80,5312,California
Glenn,2021-03-17,417,8861,97,2568,313,6170,7,123,116,1889,301,3544,121,5433,California
Glenn,2021-03-18,521,9382,215,2783,50,6220,256,379,145,1913,376,3920,400,5833,California
Glenn,2021-03-19,96,9478,16,2799,74,6294,6,385,75,1974,20,3940,81,5914,California
Glenn,2021-03-20,132,9610,2,2801,129,6423,1,386,130,2103,2,3942,131,6045,California
Glenn,2021-03-21,6,9616,5,2806,0,6423,1,387,3,2105,2,3944,4,6049,California
Glenn,2021-03-22,123,9739,54,2860,61,6484,8,395,103,2198,18,3962,111,6160,California
Glenn,2021-03-23,176,9915,66,2926,59,6543,51,446,103,2280,72,4034,154,6314,California
Glenn,2021-03-24,208,10123,100,3026,103,6646,5,451,136,2350,71,4105,141,6455,California
Glenn,2021-03-25,470,10593,229,3255,147,6793,94,545,342,2659,127,4232,436,6891,California
Glenn,2021-03-26,237,10830,37,3292,164,6957,36,581,186,2830,51,4283,222,7113,California
Glenn,2021-03-27,166,10996,22,3314,138,7095,6,587,155,2980,11,4294,161,7274,California
Glenn,2021-03-28,15,11011,10,3324,5,7100,0,587,10,2985,5,4299,10,7284,California
Glenn,2021-03-29,61,11072,20,3344,38,7138,3,590,47,3021,14,4313,50,7334,California
Glenn,2021-03-30,75,11147,43,3387,31,7169,1,591,43,3035,30,4343,44,7378,California
Glenn,2021-03-31,125,11272,35,3422,89,7258,1,592,54,3020,70,4413,55,7433,California
Glenn,2021-04-01,656,11928,189,3611,458,7716,9,601,244,2863,410,4823,253,7686,California
Glenn,2021-04-02,169,12097,26,3637,131,7847,12,613,133,2972,36,4859,145,7831,California
Glenn,2021-04-03,95,12192,4,3641,84,7931,7,620,84,3052,11,4870,91,7922,California
Glenn,2021-04-04,9,12201,3,3644,4,7935,2,622,5,3055,4,4874,7,7929,California
Glenn,2021-04-05,65,12266,25,3669,27,7962,13,635,28,3059,37,4911,41,7970,California
Glenn,2021-04-06,144,12410,52,3721,53,8015,39,674,37,3028,106,5017,75,8045,California
Glenn,2021-04-07,159,12569,46,3767,59,8074,54,728,73,3069,86,5103,127,8172,California
Glenn,2021-04-08,641,13210,189,3956,418,8492,34,762,139,2742,500,5603,173,8345,California
Glenn,2021-04-09,158,13368,57,4013,85,8577,16,778,101,2803,57,5660,118,8463,California
Glenn,2021-04-10,74,13442,1,4014,61,8638,12,790,59,2860,14,5674,71,8534,California
Glenn,2021-04-11,17,13459,8,4022,4,8642,5,795,7,2862,10,5684,12,8546,California
Glenn,2021-04-12,114,13573,25,4047,60,8702,29,824,19,2815,95,5779,48,8594,California
Glenn,2021-04-13,118,13691,63,4110,55,8757,0,824,29,2756,88,5867,29,8623,California
Glenn,2021-04-14,123,13814,47,4157,76,8833,0,824,68,2769,55,5922,68,8691,California
Glenn,2021-04-15,362,14176,275,4432,87,8920,0,824,124,2655,238,6160,124,8815,California
Glenn,2021-04-16,166,14342,42,4474,124,9044,0,824,77,2643,89,6249,77,8892,California
Glenn,2021-04-17,165,14507,18,4492,147,9191,0,824,26,2537,132,6381,26,8918,California
Glenn,2021-04-18,16,14523,3,4495,13,9204,0,824,13,2547,3,6384,13,8931,California
Glenn,2021-04-19,83,14606,17,4512,66,9270,0,824,22,2509,60,6444,22,8953,California
Glenn,2021-04-20,126,14732,82,4594,44,9314,0,824,53,2489,73,6517,53,9006,California
Glenn,2021-04-21,411,15143,308,4902,103,9417,0,824,279,2636,132,6649,279,9285,California
Glenn,2021-04-22,208,15351,48,4950,160,9577,0,824,33,2495,174,6823,33,9318,California
Glenn,2021-04-23,178,15529,24,4974,154,9731,0,824,41,2400,136,6959,41,9359,California
Glenn,2021-04-24,179,15708,32,5006,147,9878,0,824,30,2281,149,7108,30,9389,California
Glenn,2021-04-25,30,15738,18,5024,12,9890,0,824,22,2295,8,7116,22,9411,California
Glenn,2021-04-26,46,15784,11,5035,35,9925,0,824,18,2285,28,7144,18,9429,California
Glenn,2021-04-27,59,15843,46,5081,8,9933,5,829,30,2290,29,7173,34,9463,California
Glenn,2021-04-28,260,16103,182,5263,67,10000,11,840,127,2299,129,7302,138,9601,California
Glenn,2021-04-29,181,16284,22,5285,157,10157,2,842,35,2190,146,7448,37,9638,California
Glenn,2021-04-30,156,16440,35,5320,119,10276,2,844,38,2112,118,7566,40,9678,California
Glenn,2021-05-01,108,16548,13,5333,94,10370,1,845,26,2057,82,7648,27,9705,California
Glenn,2021-05-02,30,16578,12,5345,9,10379,9,854,15,2066,15,7663,24,9729,California
Glenn,2021-05-03,36,16614,23,5368,12,10391,1,855,14,2059,22,7685,15,9744,California
Glenn,2021-05-04,57,16671,33,5401,19,10410,5,860,28,2063,29,7714,33,9777,California
Glenn,2021-05-05,122,16793,35,5436,77,10487,10,870,51,2053,71,7785,61,9838,California
Glenn,2021-05-06,106,16899,41,5477,60,10547,5,875,40,2032,66,7851,45,9883,California
Glenn,2021-05-07,120,17019,33,5510,78,10625,9,884,31,1984,88,7939,40,9923,California
Glenn,2021-05-08,66,17085,12,5522,50,10675,4,888,21,1965,44,7983,25,9948,California
Glenn,2021-05-09,17,17102,11,5533,6,10681,0,888,13,1974,4,7987,13,9961,California
Glenn,2021-05-10,36,17138,15,5548,16,10697,5,893,15,1973,21,8008,20,9981,California
Glenn,2021-05-11,76,17214,53,5601,14,10711,9,902,16,1938,60,8068,25,10006,California
Glenn,2021-05-12,327,17541,246,5847,67,10778,14,916,46,1717,281,8349,60,10066,California
Glenn,2021-05-13,151,17692,56,5903,77,10855,18,934,65,1714,86,8435,83,10149,California
Glenn,2021-05-14,106,17798,25,5928,76,10931,5,939,42,1697,64,8499,47,10196,California
Glenn,2021-05-15,68,17866,40,5968,25,10956,3,942,35,1702,32,8531,37,10233,California
Glenn,2021-05-16,30,17896,18,5986,12,10968,0,942,9,1690,21,8552,9,10242,California
Glenn,2021-05-17,78,17974,53,6039,21,10989,4,946,53,1722,25,8577,57,10299,California
Glenn,2021-05-18,65,18039,47,6086,13,11002,5,951,21,1704,44,8621,26,10325,California
Glenn,2021-05-19,193,18232,112,6198,69,11071,12,963,71,1665,121,8742,82,10407,California
Glenn,2021-05-20,110,18342,69,6267,39,11110,2,965,79,1715,31,8773,81,10488,California
Glenn,2021-05-21,66,18408,23,6290,43,11153,0,965,29,1707,37,8810,29,10517,California
Glenn,2021-05-22,48,18456,17,6307,31,11184,0,965,23,1705,25,8835,23,10540,California
Glenn,2021-05-23,25,18481,14,6321,11,11195,0,965,11,1703,13,8848,11,10551,California
Glenn,2021-05-24,33,18514,12,6333,17,11212,4,969,13,1701,19,8867,17,10568,California
Glenn,2021-05-25,48,18562,37,6370,9,11221,2,971,25,1705,23,8890,27,10595,California
Glenn,2021-05-26,58,18620,1,6371,55,11276,2,973,17,1683,41,8931,19,10614,California
Humboldt,2020-12-15,2,2,2,2,0,0,0,0,2,2,0,0,2,2,California
Humboldt,2020-12-16,16,18,16,18,0,0,0,0,16,18,0,0,16,18,California
Humboldt,2020-12-17,117,135,117,135,0,0,0,0,117,135,0,0,117,135,California
Humboldt,2020-12-18,177,312,177,312,0,0,0,0,177,312,0,0,177,312,California
Humboldt,2020-12-19,10,322,10,322,0,0,0,0,10,322,0,0,10,322,California
Humboldt,2020-12-20,28,350,28,350,0,0,0,0,28,350,0,0,28,350,California
Humboldt,2020-12-21,166,516,166,516,0,0,0,0,166,516,0,0,166,516,California
Humboldt,2020-12-22,297,813,297,813,0,0,0,0,297,813,0,0,297,813,California
Humboldt,2020-12-23,311,1124,263,1076,48,48,0,0,313,1126,0,0,313,1126,California
Humboldt,2020-12-24,25,1149,2,1078,23,71,0,0,25,1151,0,0,25,1151,California
Humboldt,2020-12-25,2,1151,2,1080,0,71,0,0,2,1153,0,0,2,1153,California
Humboldt,2020-12-26,6,1157,5,1085,1,72,0,0,6,1159,0,0,6,1159,California
Humboldt,2020-12-28,159,1316,147,1232,12,84,0,0,159,1318,0,0,159,1318,California
Humboldt,2020-12-29,171,1487,123,1355,48,132,0,0,171,1489,0,0,171,1489,California
Humboldt,2020-12-30,226,1713,124,1479,102,234,0,0,226,1715,0,0,226,1715,California
Humboldt,2020-12-31,241,1954,79,1558,162,396,0,0,241,1956,0,0,241,1956,California
Humboldt,2021-01-01,2,1956,1,1559,1,397,0,0,2,1958,0,0,2,1958,California
Humboldt,2021-01-02,38,1994,1,1560,37,434,0,0,38,1996,0,0,38,1996,California
Humboldt,2021-01-04,218,2212,142,1702,76,510,0,0,220,2216,0,0,220,2216,California
Humboldt,2021-01-05,130,2342,18,1720,112,622,0,0,129,2344,1,1,129,2345,California
Humboldt,2021-01-06,304,2646,205,1925,99,721,0,0,231,2514,61,62,231,2576,California
Humboldt,2021-01-07,423,3069,311,2236,112,833,0,0,309,2724,99,161,309,2885,California
Humboldt,2021-01-08,420,3489,281,2517,139,972,0,0,284,2877,131,292,284,3169,California
Humboldt,2021-01-09,69,3558,45,2562,24,996,0,0,66,2941,3,295,67,3236,California
Humboldt,2021-01-10,84,3642,84,2646,0,996,0,0,4,2865,80,375,4,3240,California
Humboldt,2021-01-11,289,3931,278,2924,11,1007,0,0,72,2724,213,588,72,3312,California
Humboldt,2021-01-12,483,4414,320,3244,163,1170,0,0,299,2861,162,750,299,3611,California
Humboldt,2021-01-13,492,4906,277,3521,215,1385,0,0,315,3003,174,924,316,3927,California
Humboldt,2021-01-14,523,5429,165,3686,358,1743,0,0,467,3415,56,980,468,4395,California
Humboldt,2021-01-15,375,5804,39,3725,336,2079,0,0,358,3756,17,997,358,4753,California
Humboldt,2021-01-16,170,5974,6,3731,164,2243,0,0,169,3924,1,998,169,4922,California
Humboldt,2021-01-17,6,5980,4,3735,2,2245,0,0,6,3930,0,998,6,4928,California
Humboldt,2021-01-18,295,6275,260,3995,35,2280,0,0,145,3925,150,1148,145,5073,California
Humboldt,2021-01-19,634,6909,390,4385,244,2524,0,0,507,4311,121,1269,507,5580,California
Humboldt,2021-01-20,899,7808,387,4772,512,3036,0,0,750,4922,141,1410,752,6332,California
Humboldt,2021-01-21,959,8767,261,5033,698,3734,0,0,917,5797,42,1452,917,7249,California
Humboldt,2021-01-22,676,9443,376,5409,300,4034,0,0,667,6456,9,1461,668,7917,California
Humboldt,2021-01-23,827,10270,273,5682,554,4588,0,0,818,7266,9,1470,819,8736,California
Humboldt,2021-01-24,229,10499,1,5683,228,4816,0,0,228,7493,1,1471,228,8964,California
Humboldt,2021-01-25,305,10804,233,5916,72,4888,0,0,149,7486,156,1627,149,9113,California
Humboldt,2021-01-26,526,11330,142,6058,384,5272,0,0,475,7910,51,1678,475,9588,California
Humboldt,2021-01-27,1260,12590,587,6645,673,5945,0,0,1193,9045,60,1738,1195,10783,California
Humboldt,2021-01-28,1457,14047,634,7279,823,6768,0,0,1320,10233,134,1872,1322,12105,California
Humboldt,2021-01-29,1147,15194,547,7826,600,7368,0,0,704,10495,443,2315,705,12810,California
Humboldt,2021-01-30,974,16168,456,8282,518,7886,0,0,961,11444,13,2328,962,13772,California
Humboldt,2021-01-31,315,16483,313,8595,2,7888,0,0,314,11757,1,2329,314,14086,California
Humboldt,2021-02-01,334,16817,192,8787,142,8030,0,0,187,11798,146,2475,187,14273,California
Humboldt,2021-02-02,445,17262,74,8861,371,8401,0,0,340,12038,102,2577,342,14615,California
Humboldt,2021-02-03,663,17925,258,9119,405,8806,0,0,511,12397,152,2729,511,15126,California
Humboldt,2021-02-04,638,18563,262,9381,376,9182,0,0,440,12642,195,2924,440,15566,California
Humboldt,2021-02-05,812,19375,94,9475,718,9900,0,0,625,13080,187,3111,625,16191,California
Humboldt,2021-02-06,1058,20433,447,9922,611,10511,0,0,1015,14054,42,3153,1016,17207,California
Humboldt,2021-02-07,378,20811,9,9931,369,10880,0,0,373,14424,4,3157,374,17581,California
Humboldt,2021-02-08,325,21136,142,10073,183,11063,0,0,184,14468,140,3297,184,17765,California
Humboldt,2021-02-09,494,21630,220,10293,274,11337,0,0,179,14332,315,3612,179,17944,California
Humboldt,2021-02-10,563,22193,370,10663,193,11530,0,0,233,14240,325,3937,233,18177,California
Humboldt,2021-02-11,1300,23493,396,11059,904,12434,0,0,502,13948,795,4732,503,18680,California
Humboldt,2021-02-12,1147,24640,737,11796,410,12844,0,0,707,14215,440,5172,707,19387,California
Humboldt,2021-02-13,1506,26146,557,12353,949,13793,0,0,915,14541,589,5761,915,20302,California
Humboldt,2021-02-14,112,26258,5,12358,107,13900,0,0,109,14648,2,5763,109,20411,California
Humboldt,2021-02-15,293,26551,78,12436,215,14115,0,0,196,14748,96,5859,196,20607,California
Humboldt,2021-02-16,535,27086,119,12555,416,14531,0,0,254,14722,281,6140,255,20862,California
Humboldt,2021-02-17,450,27536,278,12833,172,14703,0,0,134,14541,315,6455,134,20996,California
Humboldt,2021-02-18,971,28507,596,13429,375,15078,0,0,230,14032,739,7194,230,21226,California
Humboldt,2021-02-19,476,28983,434,13863,42,15120,0,0,89,13737,384,7578,89,21315,California
Humboldt,2021-02-20,1611,30594,987,14850,624,15744,0,0,474,13080,1134,8712,477,21792,California
Humboldt,2021-02-21,479,31073,471,15321,8,15752,0,0,182,12966,297,9009,183,21975,California
Humboldt,2021-02-22,129,31202,92,15413,37,15789,0,0,29,12897,98,9107,29,22004,California
Humboldt,2021-02-23,176,31378,71,15484,105,15894,0,0,41,12805,133,9240,41,22045,California
Humboldt,2021-02-24,1166,32544,706,16190,460,16354,0,0,587,12814,578,9818,587,22632,California
Humboldt,2021-02-25,834,33378,318,16508,516,16870,0,0,230,12442,602,10420,230,22862,California
Humboldt,2021-02-26,2147,35525,106,16614,2041,18911,0,0,449,11200,1692,12112,450,23312,California
Humboldt,2021-02-27,1695,37220,1077,17691,618,19529,0,0,869,11249,824,12936,873,24185,California
Humboldt,2021-02-28,122,37342,10,17701,112,19641,0,0,116,11359,6,12942,116,24301,California
Humboldt,2021-03-01,259,37601,47,17748,212,19853,0,0,184,11468,75,13017,184,24485,California
Humboldt,2021-03-02,292,37893,50,17798,242,20095,0,0,161,11498,131,13148,161,24646,California
Humboldt,2021-03-03,1660,39553,1100,18898,560,20655,0,0,1220,12285,434,13582,1221,25867,California
Humboldt,2021-03-04,903,40456,112,19010,791,21446,0,0,283,11950,620,14202,285,26152,California
Humboldt,2021-03-05,949,41405,188,19198,750,22196,11,11,392,11800,553,14755,403,26555,California
Humboldt,2021-03-06,1700,43105,842,20040,809,23005,49,60,715,11580,984,15739,764,27319,California
Humboldt,2021-03-07,365,43470,296,20336,51,23056,18,78,157,11547,208,15947,175,27494,California
Humboldt,2021-03-08,277,43747,7,20343,192,23248,78,156,183,11714,94,16041,261,27755,California
Humboldt,2021-03-09,492,44239,211,20554,133,23381,148,304,240,11851,250,16291,387,28142,California
Humboldt,2021-03-10,690,44929,466,21020,70,23451,154,458,421,12156,268,16559,573,28715,California
Humboldt,2021-03-11,1465,46394,461,21481,904,24355,100,558,643,12081,817,17376,742,29457,California
Humboldt,2021-03-12,1748,48142,1084,22565,442,24797,222,780,1055,12677,685,18061,1281,30738,California
Humboldt,2021-03-13,1571,49713,1023,23588,496,25293,52,832,676,12516,889,18950,728,31466,California
Humboldt,2021-03-14,143,49856,19,23607,115,25408,9,841,29,12440,114,19064,38,31504,California
Humboldt,2021-03-15,277,50133,51,23658,205,25613,21,862,59,12302,218,19282,80,31584,California
Humboldt,2021-03-16,638,50771,201,23859,176,25789,261,1123,262,12448,375,19657,521,32105,California
Humboldt,2021-03-17,732,51503,396,24255,228,26017,108,1231,340,12505,391,20048,448,32553,California
Humboldt,2021-03-18,1735,53238,1165,25420,527,26544,43,1274,1039,12896,691,20739,1082,33635,California
Humboldt,2021-03-19,1075,54313,60,25480,701,27245,314,1588,440,13017,632,21371,753,34388,California
Humboldt,2021-03-20,1378,55691,753,26233,612,27857,13,1601,426,12507,950,22321,440,34828,California
Humboldt,2021-03-21,249,55940,32,26265,188,28045,29,1630,204,12694,45,22366,232,35060,California
Humboldt,2021-03-22,119,56059,16,26281,53,28098,50,1680,62,12751,55,22421,112,35172,California
Humboldt,2021-03-23,412,56471,42,26323,327,28425,43,1723,319,13022,91,22512,362,35534,California
Humboldt,2021-03-24,1415,57886,389,26712,978,29403,48,1771,1038,13738,369,22881,1085,36619,California
Humboldt,2021-03-25,1835,59721,1210,27922,563,29966,62,1833,946,13859,887,23768,1008,37627,California
Humboldt,2021-03-26,2041,61762,437,28359,1547,31513,57,1890,1594,15068,441,24209,1650,39277,California
Humboldt,2021-03-27,2020,63782,1444,29803,405,31918,171,2061,1146,15515,870,25079,1317,40594,California
Humboldt,2021-03-28,266,64048,81,29884,114,32032,71,2132,85,15491,181,25260,157,40751,California
Humboldt,2021-03-29,470,64518,127,30011,248,32280,95,2227,201,15518,268,25528,295,41046,California
Humboldt,2021-03-30,942,65460,304,30315,524,32804,114,2341,562,15818,375,25903,675,41721,California
Humboldt,2021-03-31,1865,67325,521,30836,1248,34052,96,2437,1412,16878,450,26353,1510,43231,California
Humboldt,2021-04-01,2110,69435,705,31541,1311,35363,94,2531,1479,17828,624,26977,1574,44805,California
Humboldt,2021-04-02,1725,71160,1110,32651,510,35873,105,2636,622,17457,1098,28075,727,45532,California
Humboldt,2021-04-03,1667,72827,1507,34158,145,36018,15,2651,672,17159,985,29060,687,46219,California
Humboldt,2021-04-04,483,73310,371,34529,103,36121,9,2660,405,17496,78,29138,415,46634,California
Humboldt,2021-04-05,775,74085,461,34990,266,36387,48,2708,441,17653,332,29470,489,47123,California
Humboldt,2021-04-06,841,74926,317,35307,390,36777,134,2842,587,18125,248,29718,720,47843,California
Humboldt,2021-04-07,1492,76418,1061,36368,291,37068,140,2982,988,18751,502,30220,1128,48971,California
Humboldt,2021-04-08,1740,78158,1089,37457,493,37561,158,3140,739,18650,999,31219,898,49869,California
Humboldt,2021-04-09,1437,79595,435,37892,847,38408,155,3295,1150,19660,287,31506,1297,51166,California
Humboldt,2021-04-10,934,80529,137,38029,621,39029,176,3471,733,20368,199,31705,907,52073,California
Humboldt,2021-04-11,639,81168,137,38166,35,39064,467,3938,127,20449,512,32217,593,52666,California
Humboldt,2021-04-12,432,81600,224,38390,83,39147,125,4063,274,20690,158,32375,399,53065,California
Humboldt,2021-04-13,584,82184,321,38711,260,39407,3,4066,550,21211,31,32406,552,53617,California
Humboldt,2021-04-14,1427,83611,1031,39742,396,39803,0,4066,1314,22414,111,32517,1314,54931,California
Humboldt,2021-04-15,1816,85427,1196,40938,616,40419,4,4070,1248,23114,550,33067,1250,56181,California
Humboldt,2021-04-16,1124,86551,520,41458,604,41023,0,4070,538,23070,582,33649,538,56719,California
Humboldt,2021-04-17,1602,88153,1279,42737,323,41346,0,4070,1010,23494,586,34235,1010,57729,California
Humboldt,2021-04-18,657,88810,344,43081,312,41658,1,4071,94,23031,557,34792,94,57823,California
Humboldt,2021-04-19,198,89008,84,43165,114,41772,0,4071,83,23001,113,34905,83,57906,California
Humboldt,2021-04-20,477,89485,129,43294,348,42120,0,4071,231,22987,245,35150,231,58137,California
Humboldt,2021-04-21,1090,90575,380,43674,710,42830,0,4071,429,22766,651,35801,430,58567,California
Humboldt,2021-04-22,876,91451,523,44197,351,43181,2,4073,442,22776,432,36233,442,59009,California
Humboldt,2021-04-23,2157,93608,304,44501,1853,45034,0,4073,312,21247,1841,38074,312,59321,California
Humboldt,2021-04-24,1084,94692,880,45381,199,45233,5,4078,362,20894,720,38794,367,59688,California
Humboldt,2021-04-25,374,95066,239,45620,135,45368,0,4078,190,20903,181,38975,190,59878,California
Humboldt,2021-04-26,307,95373,213,45833,90,45458,4,4082,87,20774,218,39193,89,59967,California
Humboldt,2021-04-27,704,96077,226,46059,460,45918,18,4100,144,20378,558,39751,162,60129,California
Humboldt,2021-04-28,1540,97617,796,46855,699,46617,45,4145,399,19683,1139,40890,444,60573,California
Humboldt,2021-04-29,1722,99339,578,47433,1106,47723,38,4183,278,18559,1440,42330,316,60889,California
Humboldt,2021-04-30,1249,100588,393,47826,822,48545,34,4217,196,17740,1047,43377,228,61117,California
Humboldt,2021-05-01,460,101048,379,48205,59,48604,22,4239,283,17869,176,43553,305,61422,California
Humboldt,2021-05-02,227,101275,182,48387,36,48640,9,4248,113,17879,113,43666,123,61545,California
Humboldt,2021-05-03,609,101884,376,48763,209,48849,24,4272,97,17491,510,44176,122,61667,California
Humboldt,2021-05-04,820,102704,482,49245,292,49141,46,4318,248,17215,569,44745,293,61960,California
Humboldt,2021-05-05,1684,104388,1074,50319,553,49694,57,4375,179,15951,1498,46243,234,62194,California
Humboldt,2021-05-06,1689,106077,1073,51392,364,50058,252,4627,138,14794,1548,47791,391,62585,California
Humboldt,2021-05-07,1421,107498,304,51696,1058,51116,59,4686,236,13904,1183,48974,293,62878,California
Humboldt,2021-05-08,740,108238,146,51842,571,51687,23,4709,91,13371,647,49621,114,62992,California
Humboldt,2021-05-09,907,109145,855,52697,42,51729,10,4719,48,12570,859,50480,58,63050,California
Humboldt,2021-05-10,213,109358,36,52733,140,51869,37,4756,81,12556,132,50612,118,63168,California
Humboldt,2021-05-11,489,109847,147,52880,271,52140,71,4827,184,12506,305,50917,255,63423,California
Humboldt,2021-05-12,576,110423,121,53001,413,52553,42,4869,203,12379,372,51289,245,63668,California
Humboldt,2021-05-13,499,110922,239,53240,235,52788,25,4894,209,12325,288,51577,234,63902,California
Humboldt,2021-05-14,688,111610,134,53374,451,53239,103,4997,227,12196,458,52035,329,64231,California
Humboldt,2021-05-15,780,112390,641,54015,131,53370,8,5005,209,11843,570,52605,217,64448,California
Humboldt,2021-05-16,128,112518,57,54072,67,53437,4,5009,73,11865,55,52660,77,64525,California
Humboldt,2021-05-17,395,112913,213,54285,160,53597,22,5031,220,11933,173,52833,241,64766,California
Humboldt,2021-05-18,659,113572,327,54612,303,53900,29,5060,367,12038,291,53124,396,65162,California
Humboldt,2021-05-19,949,114521,528,55140,378,54278,43,5103,336,11806,609,53733,377,65539,California
Humboldt,2021-05-20,683,115204,511,55651,159,54437,13,5116,512,12163,168,53901,525,66064,California
Humboldt,2021-05-21,759,115963,218,55869,482,54919,59,5175,295,12053,464,54365,354,66418,California
Humboldt,2021-05-22,342,116305,264,56133,70,54989,8,5183,96,11912,245,54610,104,66522,California
Humboldt,2021-05-23,343,116648,297,56430,43,55032,3,5186,57,11686,286,54896,60,66582,California
Humboldt,2021-05-24,309,116957,167,56597,113,55145,29,5215,181,11770,126,55022,210,66792,California
Humboldt,2021-05-25,512,117469,354,56951,144,55289,14,5229,303,11881,206,55228,317,67109,California
Humboldt,2021-05-26,309,117778,96,57047,193,55482,20,5249,74,11740,235,55463,94,67203,California
Imperial,2020-12-16,1,1,1,1,0,0,0,0,1,1,0,0,1,1,California
Imperial,2020-12-17,5,6,5,6,0,0,0,0,5,6,0,0,5,6,California
Imperial,2020-12-18,12,18,12,18,0,0,0,0,12,18,0,0,12,18,California
Imperial,2020-12-20,2,20,2,20,0,0,0,0,2,20,0,0,2,20,California
Imperial,2020-12-21,186,206,186,206,0,0,0,0,186,206,0,0,186,206,California
Imperial,2020-12-22,241,447,239,445,2,2,0,0,241,447,0,0,241,447,California
Imperial,2020-12-23,211,658,210,655,1,3,0,0,210,657,0,0,210,657,California
Imperial,2020-12-24,5,663,5,660,0,3,0,0,5,662,0,0,5,662,California
Imperial,2020-12-26,1,664,0,660,1,4,0,0,1,663,0,0,1,663,California
Imperial,2020-12-27,62,726,0,660,62,66,0,0,62,725,0,0,62,725,California
Imperial,2020-12-28,214,940,114,774,100,166,0,0,214,939,0,0,214,939,California
Imperial,2020-12-29,189,1129,36,810,153,319,0,0,189,1128,0,0,189,1128,California
Imperial,2020-12-30,366,1495,50,860,316,635,0,0,366,1494,0,0,366,1494,California
Imperial,2020-12-31,197,1692,26,886,171,806,0,0,197,1691,0,0,197,1691,California
Imperial,2021-01-01,47,1739,5,891,42,848,0,0,47,1738,0,0,47,1738,California
Imperial,2021-01-02,4,1743,0,891,4,852,0,0,4,1742,0,0,4,1742,California
Imperial,2021-01-03,90,1833,0,891,90,942,0,0,90,1832,0,0,90,1832,California
Imperial,2021-01-04,85,1918,5,896,80,1022,0,0,85,1917,0,0,85,1917,California
Imperial,2021-01-05,174,2092,14,910,160,1182,0,0,174,2091,0,0,174,2091,California
Imperial,2021-01-06,190,2282,25,935,165,1347,0,0,189,2279,1,1,189,2280,California
Imperial,2021-01-07,323,2605,11,946,312,1659,0,0,319,2594,4,5,319,2599,California
Imperial,2021-01-08,192,2797,52,998,140,1799,0,0,182,2766,10,15,182,2781,California
Imperial,2021-01-09,24,2821,21,1019,3,1802,0,0,24,2790,0,15,24,2805,California
Imperial,2021-01-10,1,2822,0,1019,1,1803,0,0,1,2791,0,15,1,2806,California
Imperial,2021-01-11,403,3225,244,1263,159,1962,0,0,175,2738,228,243,175,2981,California
Imperial,2021-01-12,404,3629,302,1565,102,2064,0,0,142,2619,261,504,142,3123,California
Imperial,2021-01-13,379,4008,133,1698,246,2310,0,0,280,2800,99,603,280,3403,California
Imperial,2021-01-14,261,4269,151,1849,110,2420,0,0,255,3050,5,608,255,3658,California
Imperial,2021-01-15,241,4510,182,2031,59,2479,0,0,234,3277,7,615,234,3892,California
Imperial,2021-01-16,78,4588,74,2105,4,2483,0,0,77,3353,1,616,77,3969,California
Imperial,2021-01-17,10,4598,2,2107,8,2491,0,0,10,3363,0,616,10,3979,California
Imperial,2021-01-18,1058,5656,399,2506,659,3150,0,0,960,4226,98,714,961,4940,California
Imperial,2021-01-19,165,5821,129,2635,36,3186,0,0,118,4297,47,761,118,5058,California
Imperial,2021-01-20,293,6114,196,2831,97,3283,0,0,255,4514,38,799,255,5313,California
Imperial,2021-01-21,416,6530,183,3014,233,3516,0,0,396,4890,20,819,396,5709,California
Imperial,2021-01-22,457,6987,189,3203,268,3784,0,0,448,5329,9,828,448,6157,California
Imperial,2021-01-23,1040,8027,290,3493,750,4534,0,0,1039,6367,1,829,1039,7196,California
Imperial,2021-01-24,11,8038,4,3497,7,4541,0,0,11,6378,0,829,11,7207,California
Imperial,2021-01-25,214,8252,5,3502,209,4750,0,0,34,6234,178,1007,34,7241,California
Imperial,2021-01-26,364,8616,185,3687,179,4929,0,0,221,6312,143,1150,221,7462,California
Imperial,2021-01-27,570,9186,162,3849,408,5337,0,0,237,6216,333,1483,237,7699,California
Imperial,2021-01-28,635,9821,160,4009,475,5812,0,0,527,6635,108,1591,527,8226,California
Imperial,2021-01-29,425,10246,296,4305,129,5941,0,0,375,6960,50,1641,375,8601,California
Imperial,2021-01-30,56,10302,31,4336,25,5966,0,0,39,6982,17,1658,39,8640,California
Imperial,2021-01-31,17,10319,7,4343,10,5976,0,0,16,6997,1,1659,16,8656,California
Imperial,2021-02-01,422,10741,55,4398,367,6343,0,0,211,6999,209,1868,211,8867,California
Imperial,2021-02-02,684,11425,56,4454,628,6971,0,0,503,7321,181,2049,503,9370,California
Imperial,2021-02-03,459,11884,51,4505,408,7379,0,0,263,7389,195,2244,263,9633,California
Imperial,2021-02-04,1722,13606,1200,5705,522,7901,0,0,1407,8483,313,2557,1407,11040,California
Imperial,2021-02-05,391,13997,243,5948,148,8049,0,0,157,8405,235,2792,157,11197,California
Imperial,2021-02-06,862,14859,837,6785,25,8074,0,0,826,9194,37,2829,826,12023,California
Imperial,2021-02-07,21,14880,9,6794,12,8086,0,0,20,9213,1,2830,20,12043,California
Imperial,2021-02-08,249,15129,42,6836,207,8293,0,0,181,9326,68,2898,181,12224,California
Imperial,2021-02-09,464,15593,147,6983,317,8610,0,0,306,9474,158,3056,306,12530,California
Imperial,2021-02-10,459,16052,56,7039,403,9013,0,0,96,9208,363,3419,97,12627,California
Imperial,2021-02-11,1024,17076,367,7406,657,9670,0,0,146,8481,873,4292,146,12773,California
Imperial,2021-02-12,2131,19207,1410,8816,721,10391,0,0,1781,9910,353,4645,1782,14555,California
Imperial,2021-02-13,47,19254,18,8834,29,10420,0,0,42,9945,8,4653,43,14598,California
Imperial,2021-02-14,24,19278,12,8846,12,10432,0,0,21,9963,3,4656,21,14619,California
Imperial,2021-02-15,95,19373,11,8857,84,10516,0,0,84,10036,11,4667,84,14703,California
Imperial,2021-02-16,514,19887,267,9124,247,10763,0,0,293,10108,221,4888,293,14996,California
Imperial,2021-02-17,439,20326,285,9409,154,10917,0,0,83,9835,356,5244,83,15079,California
Imperial,2021-02-18,646,20972,308,9717,338,11255,0,0,140,9470,505,5749,140,15219,California
Imperial,2021-02-19,770,21742,383,10100,387,11642,0,0,195,9091,574,6323,195,15414,California
Imperial,2021-02-20,1041,22783,191,10291,850,12492,0,0,327,8708,712,7035,329,15743,California
Imperial,2021-02-21,591,23374,557,10848,34,12526,0,0,580,9278,10,7045,580,16323,California
Imperial,2021-02-22,806,24180,567,11415,239,12765,0,0,757,9986,49,7094,757,17080,California
Imperial,2021-02-23,963,25143,395,11810,568,13333,0,0,908,10840,55,7149,909,17989,California
Imperial,2021-02-24,718,25861,302,12112,416,13749,0,0,621,11365,96,7245,621,18610,California
Imperial,2021-02-25,857,26718,341,12453,516,14265,0,0,487,11488,369,7614,492,19102,California
Imperial,2021-02-26,2277,28995,1351,13804,926,15191,0,0,1800,12813,476,8090,1801,20903,California
Imperial,2021-02-27,867,29862,812,14616,55,15246,0,0,131,12207,738,8828,132,21035,California
Imperial,2021-02-28,32,29894,20,14636,12,15258,0,0,22,12219,10,8838,22,21057,California
Imperial,2021-03-01,502,30396,297,14933,203,15461,2,2,434,12591,65,8903,437,21494,California
Imperial,2021-03-02,678,31074,246,15179,432,15893,0,2,387,12691,289,9192,389,21883,California
Imperial,2021-03-03,927,32001,49,15228,877,16770,1,3,558,12895,366,9558,570,22453,California
Imperial,2021-03-04,756,32757,85,15313,670,17440,1,4,493,13157,261,9819,523,22976,California
Imperial,2021-03-05,2951,35708,2201,17514,750,18190,0,4,1611,13427,1343,11162,1613,24589,California
Imperial,2021-03-06,704,36412,238,17752,466,18656,0,4,659,14048,42,11204,663,25252,California
Imperial,2021-03-07,85,36497,41,17793,44,18700,0,4,60,14085,24,11228,61,25313,California
Imperial,2021-03-08,415,36912,331,18124,49,18749,35,39,362,14430,52,11280,397,25710,California
Imperial,2021-03-09,682,37594,311,18435,124,18873,247,286,398,14790,284,11564,644,26354,California
Imperial,2021-03-10,685,38279,313,18748,267,19140,105,391,322,14855,362,11926,427,26781,California
Imperial,2021-03-11,1794,40073,479,19227,1123,20263,192,583,1192,15651,599,12525,1395,28176,California
Imperial,2021-03-12,4699,44772,3441,22668,1071,21334,187,770,3006,17156,1688,14213,3193,31369,California
Imperial,2021-03-13,1157,45929,94,22762,838,22172,225,995,861,17954,293,14506,1091,32460,California
Imperial,2021-03-14,176,46105,36,22798,126,22298,14,1009,140,18073,36,14542,155,32615,California
Imperial,2021-03-15,687,46792,227,23025,201,22499,259,1268,390,18427,295,14837,649,33264,California
Imperial,2021-03-16,1102,47894,275,23300,360,22859,467,1735,551,18895,549,15386,1017,34281,California
Imperial,2021-03-17,1600,49494,692,23992,771,23630,137,1872,1014,19469,578,15964,1152,35433,California
Imperial,2021-03-18,1805,51299,1193,25185,552,24182,60,1932,1271,20271,531,16495,1333,36766,California
Imperial,2021-03-19,3743,55042,2745,27930,994,25176,4,1936,1887,20315,1848,18343,1892,38658,California
Imperial,2021-03-20,1762,56804,553,28483,1204,26380,5,1941,1314,21198,442,18785,1325,39983,California
Imperial,2021-03-21,217,57021,35,28518,178,26558,4,1945,159,21307,58,18843,167,40150,California
Imperial,2021-03-22,1047,58068,339,28857,701,27259,7,1952,622,21514,424,19267,631,40781,California
Imperial,2021-03-23,1422,59490,436,29293,979,28238,7,1959,921,21946,498,19765,930,41711,California
Imperial,2021-03-24,2128,61618,565,29858,1138,29376,425,2384,1152,22549,973,20738,1576,43287,California
Imperial,2021-03-25,3196,64814,690,30548,887,30263,1619,4003,1196,23360,1994,22732,2805,46092,California
Imperial,2021-03-26,3175,67989,1173,31721,1024,31287,978,4981,905,22983,2259,24991,1882,47974,California
Imperial,2021-03-27,613,68602,284,32005,277,31564,52,5033,445,23315,165,25156,497,48471,California
Imperial,2021-03-28,210,68812,51,32056,157,31721,2,5035,172,23452,37,25193,174,48645,California
Imperial,2021-03-29,1456,70268,348,32404,393,32114,715,5750,320,23352,1134,26327,1034,49679,California
Imperial,2021-03-30,2085,72353,686,33090,593,32707,806,6556,684,23442,1401,27728,1491,51170,California
Imperial,2021-03-31,1542,73895,728,33818,808,33515,6,6562,1022,23952,517,28245,1027,52197,California
Imperial,2021-04-01,1954,75849,421,34239,1291,34806,242,6804,868,23980,1081,29326,1109,53306,California
Imperial,2021-04-02,1930,77779,475,34714,1381,36187,74,6878,1318,24763,607,29933,1390,54696,California
Imperial,2021-04-03,1519,79298,430,35144,1010,37197,79,6957,702,24730,814,30747,781,55477,California
Imperial,2021-04-04,85,79383,40,35184,28,37225,17,6974,23,24708,62,30809,40,55517,California
Imperial,2021-04-05,3399,82782,2319,37503,915,38140,165,7139,805,23094,2584,33393,970,56487,California
Imperial,2021-04-06,1308,84090,527,38030,592,38732,189,7328,682,23344,622,34015,872,57359,California
Imperial,2021-04-07,2158,86248,555,38585,1226,39958,377,7705,1558,24674,605,34620,1935,59294,California
Imperial,2021-04-08,2200,88448,1076,39661,827,40785,297,8002,1068,24912,1129,35749,1367,60661,California
Imperial,2021-04-09,3196,91644,1652,41313,927,41712,617,8619,1500,25342,1690,37439,2120,62781,California
Imperial,2021-04-10,1278,92922,184,41497,822,42534,272,8891,215,24765,1061,38500,484,63265,California
Imperial,2021-04-11,219,93141,30,41527,157,42691,32,8923,75,24728,144,38644,107,63372,California
Imperial,2021-04-12,1435,94576,767,42294,447,43138,221,9144,814,25146,617,39261,1035,64407,California
Imperial,2021-04-13,2903,97479,1891,44185,1010,44148,2,9146,2026,26299,873,40134,2026,66433,California
Imperial,2021-04-14,2023,99502,944,45129,1079,45227,0,9146,1391,27065,626,40760,1392,67825,California
Imperial,2021-04-15,1977,101479,908,46037,1069,46296,0,9146,1354,27802,619,41379,1356,69181,California
Imperial,2021-04-16,3442,104921,1795,47832,1647,47943,0,9146,2151,28676,1278,42657,2152,71333,California
Imperial,2021-04-17,1816,106737,933,48765,881,48824,2,9148,1417,29702,394,43051,1420,72753,California
Imperial,2021-04-18,253,106990,71,48836,182,49006,0,9148,88,29627,163,43214,88,72841,California
Imperial,2021-04-19,837,107827,267,49103,570,49576,0,9148,467,29731,367,43581,471,73312,California
Imperial,2021-04-20,1320,109147,527,49630,793,50369,0,9148,738,29891,579,44160,739,74051,California
Imperial,2021-04-21,1371,110518,338,49968,1033,51402,0,9148,796,30117,570,44730,796,74847,California
Imperial,2021-04-22,2211,112729,806,50774,1405,52807,0,9148,1508,30934,693,45423,1510,76357,California
Imperial,2021-04-23,2800,115529,533,51307,2267,55074,0,9148,1083,30333,1688,47111,1087,77444,California
Imperial,2021-04-24,549,116078,326,51633,223,55297,0,9148,199,30185,347,47458,199,77643,California
Imperial,2021-04-25,264,116342,97,51730,167,55464,0,9148,134,30191,128,47586,134,77777,California
Imperial,2021-04-26,1157,117499,459,52189,695,56159,3,9151,684,30410,468,48054,687,78464,California
Imperial,2021-04-27,1045,118544,342,52531,693,56852,10,9161,529,30437,511,48565,538,79002,California
Imperial,2021-04-28,1485,120029,644,53175,812,57664,29,9190,673,30331,808,49373,702,79704,California
Imperial,2021-04-29,1799,121828,857,54032,896,58560,46,9236,811,30210,979,50352,858,80562,California
Imperial,2021-04-30,3213,125041,1671,55703,1509,60069,33,9269,1567,30177,1634,51986,1601,82163,California
Imperial,2021-05-01,316,125357,124,55827,189,60258,3,9272,160,30185,156,52142,164,82327,California
Imperial,2021-05-02,83,125440,25,55852,56,60314,2,9274,51,30207,32,52174,54,82381,California
Imperial,2021-05-03,1619,127059,542,56394,1030,61344,47,9321,371,29388,1238,53412,419,82800,California
Imperial,2021-05-04,1737,128796,954,57348,756,62100,27,9348,533,28752,1196,54608,560,83360,California
Imperial,2021-05-05,1502,130298,891,58239,590,62690,21,9369,439,28162,1051,55659,461,83821,California
Imperial,2021-05-06,1669,131967,1107,59346,527,63217,35,9404,535,27604,1128,56787,570,84391,California
Imperial,2021-05-07,2338,134305,1313,60659,980,64197,45,9449,804,26937,1519,58306,852,85243,California
Imperial,2021-05-08,553,134858,414,61073,131,64328,8,9457,160,26720,385,58691,168,85411,California
Imperial,2021-05-09,94,134952,63,61136,30,64358,1,9458,28,26686,63,58754,29,85440,California
Imperial,2021-05-10,1041,135993,265,61401,653,65011,123,9581,298,26370,736,59490,420,85860,California
Imperial,2021-05-11,1383,137376,455,61856,909,65920,19,9600,470,25959,904,60394,493,86353,California
Imperial,2021-05-12,803,138179,264,62120,501,66421,38,9638,277,25754,520,60914,315,86668,California
Imperial,2021-05-13,1398,139577,929,63049,398,66819,71,9709,622,25680,767,61681,693,87361,California
Imperial,2021-05-14,1629,141206,925,63974,652,67471,52,9761,1101,26314,519,62200,1153,88514,California
Imperial,2021-05-15,1166,142372,460,64434,686,68157,20,9781,453,26081,707,62907,474,88988,California
Imperial,2021-05-16,118,142490,80,64514,36,68193,2,9783,47,26060,70,62977,49,89037,California
Imperial,2021-05-17,1817,144307,657,65171,1121,69314,39,9822,640,25568,1172,64149,680,89717,California
Imperial,2021-05-18,1509,145816,785,65956,653,69967,71,9893,849,25834,654,64803,920,90637,California
Imperial,2021-05-19,1252,147068,592,66548,593,70560,67,9960,594,25842,653,65456,661,91298,California
Imperial,2021-05-20,1334,148402,887,67435,382,70942,65,10025,633,25850,691,66147,699,91997,California
Imperial,2021-05-21,1670,150072,1057,68492,554,71496,59,10084,855,25955,809,66956,914,92911,California
Imperial,2021-05-22,236,150308,155,68647,64,71560,17,10101,122,25983,111,67067,139,93050,California
Imperial,2021-05-23,66,150374,19,68666,39,71599,8,10109,22,25972,41,67108,30,93080,California
Imperial,2021-05-24,1177,151551,578,69244,546,72145,53,10162,474,25803,696,67804,527,93607,California
Imperial,2021-05-25,1032,152583,371,69615,632,72777,29,10191,393,25592,633,68437,422,94029,California
Imperial,2021-05-26,757,153340,400,70015,327,73104,30,10221,292,25452,462,68899,322,94351,California
Inyo,2020-12-19,85,85,85,85,0,0,0,0,85,85,0,0,85,85,California
Inyo,2020-12-20,58,143,58,143,0,0,0,0,58,143,0,0,58,143,California
Inyo,2020-12-21,88,231,85,228,3,3,0,0,88,231,0,0,88,231,California
Inyo,2020-12-22,105,336,105,333,0,3,0,0,105,336,0,0,105,336,California
Inyo,2020-12-23,70,406,67,400,3,6,0,0,70,406,0,0,70,406,California
Inyo,2020-12-24,16,422,16,416,0,6,0,0,16,422,0,0,16,422,California
Inyo,2020-12-25,1,423,0,416,1,7,0,0,1,423,0,0,1,423,California
Inyo,2020-12-26,74,497,74,490,0,7,0,0,74,497,0,0,74,497,California
Inyo,2020-12-28,48,545,36,526,12,19,0,0,48,545,0,0,48,545,California
Inyo,2020-12-29,19,564,19,545,0,19,0,0,19,564,0,0,19,564,California
Inyo,2020-12-30,56,620,54,599,2,21,0,0,56,620,0,0,56,620,California
Inyo,2020-12-31,29,649,0,599,29,50,0,0,29,649,0,0,29,649,California
Inyo,2021-01-01,1,650,0,599,1,51,0,0,1,650,0,0,1,650,California
Inyo,2021-01-03,1,651,0,599,1,52,0,0,1,651,0,0,1,651,California
Inyo,2021-01-04,2,653,1,600,1,53,0,0,2,653,0,0,2,653,California
Inyo,2021-01-05,34,687,0,600,34,87,0,0,34,687,0,0,34,687,California
Inyo,2021-01-06,68,755,0,600,68,155,0,0,68,755,0,0,68,755,California
Inyo,2021-01-07,31,786,1,601,30,185,0,0,31,786,0,0,31,786,California
Inyo,2021-01-08,9,795,8,609,1,186,0,0,4,786,5,5,5,791,California
Inyo,2021-01-09,87,882,86,695,1,187,0,0,1,701,86,91,1,792,California
Inyo,2021-01-10,52,934,52,747,0,187,0,0,0,649,52,143,0,792,California
Inyo,2021-01-11,97,1031,82,829,15,202,0,0,16,584,81,224,16,808,California
Inyo,2021-01-12,139,1170,118,947,21,223,0,0,28,501,111,335,28,836,California
Inyo,2021-01-13,86,1256,68,1015,18,241,0,0,21,458,65,400,22,858,California
Inyo,2021-01-14,59,1315,13,1028,46,287,0,0,49,497,10,410,49,907,California
Inyo,2021-01-15,163,1478,28,1056,135,422,0,0,163,660,0,410,163,1070,California
Inyo,2021-01-16,74,1552,73,1129,1,423,0,0,1,588,73,483,1,1071,California
Inyo,2021-01-18,58,1610,36,1165,22,445,0,0,19,568,39,522,19,1090,California
Inyo,2021-01-19,114,1724,72,1237,42,487,0,0,97,648,17,539,97,1187,California
Inyo,2021-01-20,147,1871,71,1308,76,563,0,0,93,687,54,593,93,1280,California
Inyo,2021-01-21,120,1991,57,1365,63,626,0,0,119,805,1,594,119,1399,California
Inyo,2021-01-22,62,2053,0,1365,62,688,0,0,61,865,1,595,61,1460,California
Inyo,2021-01-23,52,2105,52,1417,0,688,0,0,52,917,0,595,52,1512,California
Inyo,2021-01-25,49,2154,6,1423,43,731,0,0,37,942,12,607,37,1549,California
Inyo,2021-01-26,135,2289,54,1477,81,812,0,0,129,1065,6,613,129,1678,California
Inyo,2021-01-27,24,2313,2,1479,22,834,0,0,23,1087,1,614,23,1701,California
Inyo,2021-01-28,92,2405,2,1481,90,924,0,0,63,1121,29,643,63,1764,California
Inyo,2021-01-29,25,2430,3,1484,22,946,0,0,23,1142,2,645,23,1787,California
Inyo,2021-01-30,11,2441,1,1485,10,956,0,0,11,1153,0,645,11,1798,California
Inyo,2021-01-31,32,2473,4,1489,28,984,0,0,4,1129,28,673,4,1802,California
Inyo,2021-02-01,10,2483,9,1498,1,985,0,0,0,1119,10,683,0,1802,California
Inyo,2021-02-02,130,2613,14,1512,116,1101,0,0,104,1197,26,709,104,1906,California
Inyo,2021-02-03,116,2729,0,1512,116,1217,0,0,74,1229,42,751,74,1980,California
Inyo,2021-02-04,151,2880,33,1545,118,1335,0,0,92,1262,59,810,92,2072,California
Inyo,2021-02-05,117,2997,61,1606,56,1391,0,0,115,1375,2,812,115,2187,California
Inyo,2021-02-06,4,3001,2,1608,2,1393,0,0,3,1377,1,813,3,2190,California
Inyo,2021-02-07,4,3005,2,1610,2,1395,0,0,4,1381,0,813,4,2194,California
Inyo,2021-02-08,117,3122,7,1617,110,1505,0,0,97,1458,20,833,97,2291,California
Inyo,2021-02-09,196,3318,52,1669,144,1649,0,0,125,1512,71,904,125,2416,California
Inyo,2021-02-10,141,3459,17,1686,124,1773,0,0,107,1585,34,938,107,2523,California
Inyo,2021-02-11,220,3679,56,1742,164,1937,0,0,126,1617,94,1032,126,2649,California
Inyo,2021-02-12,299,3978,51,1793,248,2185,0,0,167,1652,132,1164,167,2816,California
Inyo,2021-02-13,60,4038,55,1848,5,2190,0,0,8,1608,52,1216,8,2824,California
Inyo,2021-02-14,1,4039,0,1848,1,2191,0,0,1,1609,0,1216,1,2825,California
Inyo,2021-02-15,29,4068,9,1857,20,2211,0,0,5,1590,24,1240,5,2830,California
Inyo,2021-02-16,179,4247,50,1907,129,2340,0,0,92,1596,86,1326,92,2922,California
Inyo,2021-02-17,38,4285,4,1911,34,2374,0,0,8,1574,30,1356,8,2930,California
Inyo,2021-02-18,122,4407,6,1917,116,2490,0,0,79,1610,43,1399,79,3009,California
Inyo,2021-02-19,52,4459,4,1921,48,2538,0,0,9,1576,43,1442,9,3018,California
Inyo,2021-02-20,507,4966,503,2424,4,2542,0,0,505,2079,2,1444,505,3523,California
Inyo,2021-02-21,441,5407,441,2865,0,2542,0,0,441,2520,0,1444,441,3964,California
Inyo,2021-02-22,61,5468,19,2884,42,2584,0,0,27,2513,34,1478,27,3991,California
Inyo,2021-02-23,199,5667,20,2904,179,2763,0,0,95,2505,103,1581,95,4086,California
Inyo,2021-02-24,118,5785,0,2904,118,2881,0,0,57,2501,61,1642,57,4143,California
Inyo,2021-02-25,132,5917,5,2909,127,3008,0,0,62,2493,70,1712,62,4205,California
Inyo,2021-02-26,103,6020,60,2969,43,3051,0,0,19,2428,84,1796,19,4224,California
Inyo,2021-02-27,14,6034,3,2972,11,3062,0,0,2,2418,12,1808,2,4226,California
Inyo,2021-02-28,3,6037,1,2973,2,3064,0,0,2,2419,1,1809,2,4228,California
Inyo,2021-03-01,19,6056,2,2975,17,3081,0,0,17,2434,2,1811,17,4245,California
Inyo,2021-03-02,196,6252,1,2976,195,3276,0,0,111,2460,85,1896,111,4356,California
Inyo,2021-03-03,84,6336,3,2979,81,3357,0,0,41,2458,43,1939,41,4397,California
Inyo,2021-03-04,128,6464,4,2983,124,3481,0,0,46,2422,82,2021,46,4443,California
Inyo,2021-03-05,141,6605,56,3039,85,3566,0,0,38,2357,103,2124,38,4481,California
Inyo,2021-03-06,30,6635,1,3040,29,3595,0,0,29,2385,1,2125,29,4510,California
Inyo,2021-03-07,7,6642,4,3044,3,3598,0,0,5,2388,2,2127,5,4515,California
Inyo,2021-03-08,182,6824,5,3049,177,3775,0,0,91,2388,91,2218,91,4606,California
Inyo,2021-03-09,190,7014,3,3052,187,3962,0,0,74,2346,116,2334,74,4680,California
Inyo,2021-03-10,70,7084,8,3060,61,4023,1,1,30,2337,40,2374,31,4711,California
Inyo,2021-03-11,204,7288,1,3061,198,4221,5,6,74,2286,130,2504,79,4790,California
Inyo,2021-03-12,175,7463,4,3065,166,4387,5,11,77,2270,98,2602,82,4872,California
Inyo,2021-03-13,584,8047,549,3614,25,4412,10,21,72,1841,511,3113,82,4954,California
Inyo,2021-03-14,439,8486,438,4052,1,4413,0,21,5,1412,434,3547,5,4959,California
Inyo,2021-03-15,51,8537,15,4067,34,4447,2,23,30,1423,21,3568,32,4991,California
Inyo,2021-03-16,164,8701,4,4071,154,4601,6,29,64,1394,99,3667,70,5061,California
Inyo,2021-03-17,108,8809,3,4074,98,4699,7,36,92,1477,16,3683,99,5160,California
Inyo,2021-03-18,185,8994,16,4090,162,4861,7,43,104,1507,81,3764,111,5271,California
Inyo,2021-03-19,46,9040,4,4094,38,4899,4,47,36,1537,10,3774,40,5311,California
Inyo,2021-03-20,20,9060,1,4095,10,4909,9,56,1,1528,19,3793,10,5321,California
Inyo,2021-03-22,58,9118,2,4097,51,4960,5,61,38,1551,20,3813,43,5364,California
Inyo,2021-03-23,195,9313,4,4101,187,5147,4,65,105,1570,90,3903,109,5473,California
Inyo,2021-03-24,140,9453,3,4104,133,5280,4,69,86,1606,54,3957,90,5563,California
Inyo,2021-03-25,331,9784,110,4214,218,5498,3,72,265,1808,66,4023,268,5831,California
Inyo,2021-03-26,91,9875,3,4217,84,5582,4,76,71,1863,20,4043,75,5906,California
Inyo,2021-03-27,53,9928,45,4262,5,5587,3,79,47,1907,6,4049,50,5956,California
Inyo,2021-03-28,4,9932,1,4263,2,5589,1,80,1,1906,3,4052,2,5958,California
Inyo,2021-03-29,109,10041,2,4265,102,5691,5,85,82,1967,26,4078,87,6045,California
Inyo,2021-03-30,220,10261,2,4267,213,5904,5,90,108,1968,112,4190,113,6158,California
Inyo,2021-03-31,149,10410,4,4271,140,6044,5,95,108,2040,41,4231,113,6271,California
Inyo,2021-04-01,166,10576,4,4275,161,6205,1,96,117,2109,49,4280,118,6389,California
Inyo,2021-04-02,80,10656,1,4276,77,6282,2,98,51,2133,29,4309,53,6442,California
Inyo,2021-04-03,93,10749,47,4323,32,6314,14,112,5,2065,86,4395,18,6460,California
Inyo,2021-04-04,5,10754,4,4327,0,6314,1,113,1,2063,4,4399,2,6462,California
Inyo,2021-04-05,117,10871,1,4328,112,6426,4,117,29,2008,88,4487,33,6495,California
Inyo,2021-04-06,235,11106,5,4333,167,6593,63,180,103,2042,132,4619,166,6661,California
Inyo,2021-04-07,203,11309,2,4335,74,6667,127,307,47,2059,157,4776,174,6835,California
Inyo,2021-04-08,180,11489,15,4350,148,6815,17,324,80,2056,100,4876,97,6932,California
Inyo,2021-04-09,125,11614,7,4357,95,6910,23,347,38,2031,86,4962,61,6993,California
Inyo,2021-04-10,42,11656,1,4358,24,6934,17,364,3,2012,39,5001,20,7013,California
Inyo,2021-04-11,1,11657,0,4358,1,6935,0,364,1,2013,0,5001,1,7014,California
Inyo,2021-04-12,79,11736,0,4358,74,7009,5,369,41,2021,38,5039,46,7060,California
Inyo,2021-04-13,120,11856,4,4362,113,7122,3,372,61,2027,58,5097,64,7124,California
Inyo,2021-04-14,127,11983,2,4364,125,7247,0,372,42,1984,85,5182,42,7166,California
Inyo,2021-04-15,275,12258,117,4481,158,7405,0,372,79,1867,196,5378,79,7245,California
Inyo,2021-04-16,47,12305,5,4486,42,7447,0,372,19,1858,28,5406,19,7264,California
Inyo,2021-04-17,2,12307,1,4487,1,7448,0,372,1,1858,1,5407,1,7265,California
Inyo,2021-04-19,128,12435,43,4530,85,7533,0,372,43,1816,85,5492,43,7308,California
Inyo,2021-04-20,163,12598,2,4532,161,7694,0,372,79,1811,84,5576,79,7387,California
Inyo,2021-04-21,113,12711,4,4536,109,7803,0,372,32,1762,81,5657,32,7419,California
Inyo,2021-04-22,196,12907,1,4537,195,7998,0,372,51,1668,145,5802,51,7470,California
Inyo,2021-04-23,95,13002,4,4541,91,8089,0,372,22,1617,73,5875,22,7492,California
Inyo,2021-04-24,309,13311,308,4849,1,8090,0,372,304,1916,5,5880,304,7796,California
Inyo,2021-04-25,135,13446,134,4983,1,8091,0,372,135,2051,0,5880,135,7931,California
Inyo,2021-04-26,91,13537,0,4983,90,8181,1,373,10,1981,81,5961,11,7942,California
Inyo,2021-04-27,181,13718,6,4989,170,8351,5,378,44,1894,136,6097,49,7991,California
Inyo,2021-04-28,121,13839,2,4991,117,8468,2,380,20,1815,101,6198,22,8013,California
Inyo,2021-04-29,172,14011,56,5047,116,8584,0,380,77,1798,94,6292,77,8090,California
Inyo,2021-04-30,85,14096,5,5052,79,8663,1,381,24,1762,61,6353,25,8115,California
Inyo,2021-05-01,11,14107,3,5055,8,8671,0,381,9,1769,2,6355,9,8124,California
Inyo,2021-05-02,7,14114,3,5058,2,8673,2,383,4,1772,3,6358,6,8130,California
Inyo,2021-05-03,38,14152,1,5059,33,8706,4,387,5,1748,33,6391,9,8139,California
Inyo,2021-05-04,123,14275,2,5061,117,8823,4,391,22,1673,101,6492,26,8165,California
Inyo,2021-05-05,35,14310,0,5061,33,8856,2,393,11,1662,24,6516,13,8178,California
Inyo,2021-05-06,93,14403,5,5066,80,8936,8,401,13,1603,80,6596,21,8199,California
Inyo,2021-05-07,48,14451,4,5070,36,8972,8,409,24,1612,23,6619,32,8231,California
Inyo,2021-05-08,11,14462,2,5072,4,8976,5,414,4,1614,7,6626,9,8240,California
Inyo,2021-05-09,1,14463,0,5072,1,8977,0,414,0,1613,1,6627,0,8240,California
Inyo,2021-05-10,69,14532,1,5073,66,9043,2,416,30,1607,39,6666,33,8273,California
Inyo,2021-05-11,86,14618,1,5074,82,9125,3,419,20,1564,66,6732,23,8296,California
Inyo,2021-05-12,43,14661,1,5075,40,9165,2,421,11,1545,32,6764,13,8309,California
Inyo,2021-05-13,74,14735,1,5076,72,9237,1,422,11,1494,63,6827,12,8321,California
Inyo,2021-05-14,26,14761,3,5079,18,9255,5,427,12,1497,14,6841,17,8338,California
Inyo,2021-05-15,380,15141,367,5446,11,9266,2,429,87,1293,293,7134,89,8427,California
Inyo,2021-05-16,198,15339,198,5644,0,9266,0,429,71,1237,127,7261,71,8498,California
Inyo,2021-05-17,62,15401,2,5646,56,9322,4,433,19,1217,43,7304,23,8521,California
Inyo,2021-05-18,82,15483,2,5648,79,9401,1,434,17,1170,65,7369,18,8539,California
Inyo,2021-05-19,48,15531,2,5650,41,9442,5,439,14,1155,34,7403,19,8558,California
Inyo,2021-05-20,144,15675,81,5731,62,9504,1,440,34,1080,110,7513,35,8593,California
Inyo,2021-05-21,46,15721,17,5748,24,9528,5,445,17,1073,29,7542,22,8615,California
Inyo,2021-05-22,24,15745,14,5762,7,9535,3,448,17,1086,7,7549,20,8635,California
Inyo,2021-05-23,4,15749,3,5765,0,9535,1,449,2,1087,2,7551,3,8638,California
Inyo,2021-05-24,33,15782,5,5770,25,9560,3,452,13,1083,20,7571,16,8654,California
Inyo,2021-05-25,83,15865,40,5810,42,9602,1,453,49,1099,34,7605,50,8704,California
Inyo,2021-05-26,12,15877,1,5811,9,9611,2,455,4,1097,8,7613,6,8710,California
Kern,2020-12-15,1,1,1,1,0,0,0,0,1,1,0,0,1,1,California
Kern,2020-12-16,18,19,18,19,0,0,0,0,18,19,0,0,18,19,California
Kern,2020-12-17,164,183,164,183,0,0,0,0,164,183,0,0,164,183,California
Kern,2020-12-18,322,505,322,505,0,0,0,0,322,505,0,0,322,505,California
Kern,2020-12-19,98,603,98,603,0,0,0,0,99,604,0,0,99,604,California
Kern,2020-12-20,61,664,61,664,0,0,0,0,61,665,0,0,61,665,California
Kern,2020-12-21,671,1335,670,1334,1,1,0,0,671,1336,0,0,671,1336,California
Kern,2020-12-22,530,1865,527,1861,3,4,0,0,530,1866,0,0,530,1866,California
Kern,2020-12-23,558,2423,420,2281,138,142,0,0,558,2424,0,0,558,2424,California
Kern,2020-12-24,123,2546,44,2325,79,221,0,0,123,2547,0,0,123,2547,California
Kern,2020-12-25,1,2547,1,2326,0,221,0,0,1,2548,0,0,1,2548,California
Kern,2020-12-26,33,2580,1,2327,32,253,0,0,33,2581,0,0,33,2581,California
Kern,2020-12-27,35,2615,3,2330,32,285,0,0,35,2616,0,0,35,2616,California
Kern,2020-12-28,828,3443,664,2994,164,449,0,0,828,3444,0,0,828,3444,California
Kern,2020-12-29,745,4188,452,3446,293,742,0,0,744,4187,1,1,744,4188,California
Kern,2020-12-30,1204,5392,911,4357,293,1035,0,0,1204,5391,0,1,1204,5392,California
Kern,2020-12-31,277,5669,99,4456,178,1213,0,0,277,5668,0,1,277,5669,California
Kern,2021-01-01,14,5683,7,4463,7,1220,0,0,14,5682,0,1,14,5683,California
Kern,2021-01-02,79,5762,18,4481,61,1281,0,0,79,5761,0,1,79,5762,California
Kern,2021-01-03,23,5785,4,4485,19,1300,0,0,23,5784,0,1,23,5785,California
Kern,2021-01-04,556,6341,361,4846,195,1495,0,0,556,6340,0,1,556,6341,California
Kern,2021-01-05,1133,7474,738,5584,395,1890,0,0,1121,7449,12,13,1121,7462,California
Kern,2021-01-06,1162,8636,451,6035,711,2601,0,0,1132,8551,30,43,1132,8594,California
Kern,2021-01-07,1401,10037,489,6524,912,3513,0,0,1232,9615,168,211,1232,9826,California
Kern,2021-01-08,1627,11664,768,7292,859,4372,0,0,1329,10646,299,510,1330,11156,California
Kern,2021-01-09,227,11891,77,7369,150,4522,0,0,193,10805,34,544,193,11349,California
Kern,2021-01-10,194,12085,148,7517,46,4568,0,0,153,10917,41,585,153,11502,California
Kern,2021-01-11,1557,13642,985,8502,572,5140,0,0,1001,11362,556,1141,1001,12503,California
Kern,2021-01-12,1869,15511,811,9313,1058,6198,0,0,1358,12209,511,1652,1358,13861,California
Kern,2021-01-13,1851,17362,869,10182,982,7180,0,0,1431,13220,420,2072,1431,15292,California
Kern,2021-01-14,2187,19549,646,10828,1541,8721,0,0,2142,15316,46,2118,2142,17434,California
Kern,2021-01-15,2707,22256,857,11685,1850,10571,0,0,2610,17832,95,2213,2611,20045,California
Kern,2021-01-16,670,22926,211,11896,459,11030,0,0,635,18432,35,2248,635,20680,California
Kern,2021-01-17,73,22999,7,11903,66,11096,0,0,71,18501,2,2250,71,20751,California
Kern,2021-01-18,1647,24646,660,12563,987,12083,0,0,1480,19814,167,2417,1480,22231,California
Kern,2021-01-19,1855,26501,1034,13597,821,12904,0,0,1388,20736,467,2884,1389,23620,California
Kern,2021-01-20,2613,29114,1678,15275,935,13839,0,0,1910,21950,698,3582,1912,25532,California
Kern,2021-01-21,2115,31229,869,16144,1246,15085,0,0,1919,23674,195,3777,1919,27451,California
Kern,2021-01-22,2716,33945,1299,17443,1417,16502,0,0,2438,25835,277,4054,2438,29889,California
Kern,2021-01-23,1251,35196,542,17985,709,17211,0,0,1205,26994,46,4100,1205,31094,California
Kern,2021-01-24,154,35350,12,17997,142,17353,0,0,148,27136,6,4106,148,31242,California
Kern,2021-01-25,2386,37736,1086,19083,1300,18653,0,0,1901,28554,484,4590,1902,33144,California
Kern,2021-01-26,2769,40505,1127,20210,1642,20295,0,0,1912,29610,856,5446,1912,35056,California
Kern,2021-01-27,3562,44067,1905,22115,1657,21952,0,0,2861,31773,698,6144,2861,37917,California
Kern,2021-01-28,2871,46938,1358,23473,1513,23465,0,0,2442,33794,424,6568,2445,40362,California
Kern,2021-01-29,3783,50721,1801,25274,1982,25447,0,0,3237,36488,543,7111,3237,43599,California
Kern,2021-01-30,1329,52050,498,25772,831,26278,0,0,1280,37721,47,7158,1280,44879,California
Kern,2021-01-31,405,52455,277,26049,128,26406,0,0,270,37856,135,7293,270,45149,California
Kern,2021-02-01,2598,55053,991,27040,1607,28013,0,0,1885,39032,710,8003,1886,47035,California
Kern,2021-02-02,2752,57805,799,27839,1953,29966,0,0,2049,40379,703,8706,2050,49085,California
Kern,2021-02-03,3665,61470,1552,29391,2113,32079,0,0,2696,42113,962,9668,2696,51781,California
Kern,2021-02-04,3801,65271,1452,30843,2349,34428,0,0,2586,43494,1205,10873,2586,54367,California
Kern,2021-02-05,4854,70125,1989,32832,2865,37293,0,0,3094,44847,1741,12614,3094,57461,California
Kern,2021-02-06,1738,71863,768,33600,970,38263,0,0,1512,46136,223,12837,1512,58973,California
Kern,2021-02-07,283,72146,150,33750,133,38396,0,0,267,46389,14,12851,267,59240,California
Kern,2021-02-08,2570,74716,790,34540,1780,40176,0,0,1258,46354,1294,14145,1259,60499,California
Kern,2021-02-09,3038,77754,986,35526,2052,42228,0,0,1466,46257,1563,15708,1466,61965,California
Kern,2021-02-10,3793,81547,1661,37187,2132,44360,0,0,1875,46231,1902,17610,1876,63841,California
Kern,2021-02-11,4267,85814,1536,38723,2731,47091,0,0,2223,46424,2031,19641,2224,66065,California
Kern,2021-02-12,4956,90770,1893,40616,3063,50154,0,0,2477,46436,2465,22106,2477,68542,California
Kern,2021-02-13,2009,92779,728,41344,1281,51435,0,0,1164,46757,843,22949,1164,69706,California
Kern,2021-02-14,351,93130,12,41356,339,51774,0,0,269,46945,81,23030,269,69975,California
Kern,2021-02-15,2744,95874,896,42252,1848,53622,0,0,1211,46632,1524,24554,1211,71186,California
Kern,2021-02-16,2938,98812,712,42964,2226,55848,0,0,1649,47002,1280,25834,1650,72836,California
Kern,2021-02-17,4069,102881,2078,45042,1991,57839,0,0,1927,46794,2136,27970,1928,74764,California
Kern,2021-02-18,3764,106645,1487,46529,2277,60116,0,0,1627,46294,2127,30097,1627,76391,California
Kern,2021-02-19,4199,110844,1915,48444,2284,62400,0,0,1740,45582,2452,32549,1740,78131,California
Kern,2021-02-20,2581,113425,967,49411,1614,64014,0,0,1351,45706,1227,33776,1351,79482,California
Kern,2021-02-21,259,113684,153,49564,106,64120,0,0,90,45629,167,33943,90,79572,California
Kern,2021-02-22,2668,116352,1152,50716,1516,65636,0,0,1429,45825,1234,35177,1430,81002,California
Kern,2021-02-23,3556,119908,1128,51844,2428,68064,0,0,1981,46234,1573,36750,1982,82984,California
Kern,2021-02-24,5196,125104,2289,54133,2907,70971,0,0,3102,47246,2090,38840,3102,86086,California
Kern,2021-02-25,5372,130476,2456,56589,2916,73887,0,0,3190,48273,2163,41003,3190,89276,California
Kern,2021-02-26,6903,137379,3530,60119,3373,77260,0,0,4356,50090,2540,43543,4357,93633,California
Kern,2021-02-27,3956,141335,1986,62105,1970,79230,0,0,2616,51374,1332,44875,2616,96249,California
Kern,2021-02-28,916,142251,503,62608,412,79642,1,1,696,51853,218,45093,697,96946,California
Kern,2021-03-01,4001,146252,1818,64426,2180,81822,3,4,2685,53234,1307,46400,2688,99634,California
Kern,2021-03-02,4464,150716,1413,65839,3050,84872,1,5,2943,54667,1510,47910,2943,102577,California
Kern,2021-03-03,5927,156643,2811,68650,3116,87988,0,5,3832,56419,2081,49991,3833,106410,California
Kern,2021-03-04,5596,162239,2196,70846,3397,91385,3,8,3600,58039,1982,51973,3602,110012,California
Kern,2021-03-05,6665,168904,2859,73705,3787,95172,19,27,4230,59862,2426,54399,4249,114261,California
Kern,2021-03-06,4729,173633,1926,75631,2703,97875,100,127,3461,62161,1261,55660,3560,117821,California
Kern,2021-03-07,2055,175688,1591,77222,413,98288,51,178,1861,63880,193,55853,1912,119733,California
Kern,2021-03-08,2885,178573,922,78144,1750,100038,213,391,1522,64253,1360,57213,1733,121466,California
Kern,2021-03-09,3714,182287,806,78950,2525,102563,383,774,2314,65555,1392,58605,2694,124160,California
Kern,2021-03-10,6133,188420,2564,81514,2498,105061,1071,1845,3595,67696,2523,61128,4664,128824,California
Kern,2021-03-11,6337,194757,2444,83958,2867,107928,1026,2871,3777,69947,2549,63677,4800,133624,California
Kern,2021-03-12,7825,202582,3068,87026,3405,111333,1352,4223,4313,72103,3499,67176,5655,139279,California
Kern,2021-03-13,4660,207242,2526,89552,1799,113132,335,4558,3240,74260,1414,68590,3571,142850,California
Kern,2021-03-14,2297,209539,1522,91074,534,113666,241,4799,1776,75753,521,69111,2014,144864,California
Kern,2021-03-15,4265,213804,1100,92174,2452,116118,713,5512,2197,76600,2056,71167,2903,147767,California
Kern,2021-03-16,4342,218146,1013,93187,2798,118916,531,6043,2334,77464,1998,73165,2862,150629,California
Kern,2021-03-17,7475,225621,4046,97233,2879,121795,550,6593,4514,79577,2950,76115,5063,155692,California
Kern,2021-03-18,7274,232895,3680,100913,3009,124804,585,7178,4402,81707,2853,78968,4983,160675,California
Kern,2021-03-19,8979,241874,4981,105894,3343,128147,655,7833,4712,82816,4252,83220,5361,166036,California
Kern,2021-03-20,6176,248050,3821,109715,2181,130328,174,8007,3912,84649,2254,85474,4087,170123,California
Kern,2021-03-21,3045,251095,1929,111644,236,130564,880,8887,1846,86181,1193,86667,2725,172848,California
Kern,2021-03-22,3990,255085,1566,113210,2067,132631,357,9244,1939,86441,2036,88703,2296,175144,California
Kern,2021-03-23,4735,259820,1676,114886,2860,135491,199,9443,2487,86906,2219,90922,2684,177828,California
Kern,2021-03-24,7181,267001,3674,118560,3030,138521,477,9920,3657,87533,3506,94428,4133,181961,California
Kern,2021-03-25,6757,273758,2996,121556,3430,141951,331,10251,3279,87679,3461,97889,3607,185568,California
Kern,2021-03-26,9872,283630,4416,125972,4200,146151,1256,11507,4742,88563,5112,103001,5996,191564,California
Kern,2021-03-27,5699,289329,3996,129968,1575,147726,128,11635,3445,89883,2252,105253,3572,195136,California
Kern,2021-03-28,4682,294011,4191,134159,477,148203,14,11649,2954,91124,1727,106980,2968,198104,California
Kern,2021-03-29,4252,298263,1680,135839,2294,150497,278,11927,2610,92380,1629,108609,2885,200989,California
Kern,2021-03-30,5600,303863,1872,137711,3343,153840,385,12312,3082,93332,2514,111123,3466,204455,California
Kern,2021-03-31,8405,312268,4544,142255,3212,157052,649,12961,4348,94287,4041,115164,4996,209451,California
Kern,2021-04-01,7882,320150,3874,146129,3710,160762,298,13259,4223,95166,3638,118802,4517,213968,California
Kern,2021-04-02,8434,328584,4453,150582,3374,164136,607,13866,4214,95776,4205,123007,4815,218783,California
Kern,2021-04-03,5986,334570,3671,154253,2132,166268,183,14049,2662,95302,3316,126323,2842,221625,California
Kern,2021-04-04,1338,335908,875,155128,379,166647,84,14133,476,95003,859,127182,560,222185,California
Kern,2021-04-05,5358,341266,2212,157340,2377,169024,769,14902,2897,96199,2449,129631,3645,225830,California
Kern,2021-04-06,7101,348367,2470,159810,3261,172285,1370,16272,3566,97623,3511,133142,4935,230765,California
Kern,2021-04-07,9357,357724,5456,165266,2939,175224,962,17234,4566,98386,4772,137914,5535,236300,California
Kern,2021-04-08,8613,366337,4767,170033,2941,178165,905,18139,3696,98087,4895,142809,4596,240896,California
Kern,2021-04-09,10171,376508,5108,175141,4078,182243,985,19124,4316,97559,5830,148639,5302,246198,California
Kern,2021-04-10,6532,383040,3426,178567,1867,184110,1239,20363,2120,96510,4402,153041,3353,249551,California
Kern,2021-04-11,3831,386871,2892,181459,356,184466,583,20946,1249,95768,2570,155611,1828,251379,California
Kern,2021-04-12,4380,391251,984,182443,2425,186891,971,21917,1568,95511,2795,158406,2538,253917,California
Kern,2021-04-13,4279,395530,1409,183852,2845,189736,25,21942,2111,95491,2157,160563,2137,256054,California
Kern,2021-04-14,6038,401568,2962,186814,3054,192790,22,21964,2986,95461,3037,163600,3007,259061,California
Kern,2021-04-15,5267,406835,2468,189282,2797,195587,2,21966,2502,95217,2748,166348,2504,261565,California
Kern,2021-04-16,7242,414077,3435,192717,3806,199393,1,21967,2953,93907,4265,170613,2955,264520,California
Kern,2021-04-17,5888,419965,3854,196571,2034,201427,0,21967,2091,92217,3782,174395,2092,266612,California
Kern,2021-04-18,3738,423703,3501,200072,237,201664,0,21967,905,90297,2825,177220,905,267517,California
Kern,2021-04-19,3815,427518,1725,201797,2088,203752,2,21969,1411,89324,2384,179604,1411,268928,California
Kern,2021-04-20,4332,431850,1557,203354,2774,206526,1,21970,1629,88266,2689,182293,1631,270559,California
Kern,2021-04-21,5856,437706,3125,206479,2726,209252,5,21975,2130,86694,3705,185998,2133,272692,California
Kern,2021-04-22,4779,442485,2308,208787,2471,211723,0,21975,1688,85313,3070,189068,1689,274381,California
Kern,2021-04-23,6050,448535,2935,211722,3114,214837,1,21976,1889,83078,4125,193193,1890,276271,California
Kern,2021-04-24,3976,452511,2771,214493,1194,216031,11,21987,1422,81974,2536,195729,1432,277703,California
Kern,2021-04-25,1339,453850,1061,215554,278,216309,0,21987,764,82169,569,196298,764,278467,California
Kern,2021-04-26,3787,457637,1820,217374,1915,218224,52,22039,1035,80516,2742,199040,1089,279556,California
Kern,2021-04-27,4637,462274,2275,219649,2261,220485,101,22140,1406,78801,3219,202259,1504,281060,California
Kern,2021-04-28,6247,468521,3676,223325,2448,222933,123,22263,1774,76237,4458,206717,1894,282954,California
Kern,2021-04-29,5512,474033,3063,226388,2349,225282,100,22363,1621,74088,3871,210588,1722,284676,California
Kern,2021-04-30,5597,479630,3130,229518,2307,227589,160,22523,1620,71903,3964,214552,1779,286455,California
Kern,2021-05-01,2580,482210,1804,231322,717,228306,59,22582,955,71301,1615,216167,1013,287468,California
Kern,2021-05-02,1885,484095,1601,232923,263,228569,21,22603,692,70826,1188,217355,713,288181,California
Kern,2021-05-03,2485,486580,987,233910,1366,229935,132,22735,760,70008,1711,219066,893,289074,California
Kern,2021-05-04,3610,490190,1284,235194,2217,232152,109,22844,1257,69034,2338,221404,1364,290438,California
Kern,2021-05-05,4136,494326,2131,237325,1855,234007,150,22994,1368,67796,2755,224159,1517,291955,California
Kern,2021-05-06,3522,497848,1565,238890,1814,235821,143,23137,1077,66587,2426,226585,1217,293172,California
Kern,2021-05-07,4555,502403,2284,241174,2096,237917,175,23312,1272,64775,3257,229842,1445,294617,California
Kern,2021-05-08,2878,505281,1822,242996,942,238859,114,23426,899,63821,1966,231808,1012,295629,California
Kern,2021-05-09,1297,506578,1122,244118,145,239004,30,23456,448,63457,842,232650,478,296107,California
Kern,2021-05-10,2207,508785,844,244962,1264,240268,99,23555,641,62646,1549,234199,738,296845,California
Kern,2021-05-11,2600,511385,909,245871,1568,241836,123,23678,942,62064,1648,235847,1066,297911,California
Kern,2021-05-12,3506,514891,1394,247265,1963,243799,149,23827,1108,60935,2386,238233,1257,299168,California
Kern,2021-05-13,3334,518225,1733,248998,1459,245258,142,23969,1551,60853,1771,240004,1689,300857,California
Kern,2021-05-14,4256,522481,2524,251522,1515,246773,217,24186,1968,60767,2270,242274,2184,303041,California
Kern,2021-05-15,2905,525386,1898,253420,920,247693,87,24273,1545,61052,1347,243621,1632,304673,California
Kern,2021-05-16,1540,526926,1319,254739,183,247876,38,24311,885,61325,650,244271,923,305596,California
Kern,2021-05-17,2294,529220,988,255727,1162,249038,144,24455,1180,61546,1102,245373,1323,306919,California
Kern,2021-05-18,3120,532340,1418,257145,1574,250612,128,24583,1602,61772,1503,246876,1729,308648,California
Kern,2021-05-19,3779,536119,2364,259509,1294,251906,121,24704,1828,61781,1939,248815,1948,310596,California
Kern,2021-05-20,2908,539027,1579,261088,1200,253106,129,24833,1332,61685,1555,250370,1459,312055,California
Kern,2021-05-21,3355,542382,2064,263152,1174,254280,117,24950,1698,61869,1631,252001,1815,313870,California
Kern,2021-05-22,2576,544958,2010,265162,529,254809,37,24987,1217,61772,1350,253351,1253,315123,California
Kern,2021-05-23,1150,546108,1002,266164,131,254940,17,25004,609,61862,535,253886,625,315748,California
Kern,2021-05-24,1788,547896,757,266921,916,255856,115,25119,858,61910,922,254808,970,316718,California
Kern,2021-05-25,2293,550189,1062,267983,1153,257009,78,25197,1099,61904,1183,255991,1177,317895,California
Kern,2021-05-26,1793,551982,1112,269095,617,257626,64,25261,700,61581,1086,257077,763,318658,California
Kings,2020-12-16,1,1,1,1,0,0,0,0,1,1,0,0,1,1,California
Kings,2020-12-17,8,9,8,9,0,0,0,0,8,9,0,0,8,9,California
Kings,2020-12-18,12,21,12,21,0,0,0,0,12,21,0,0,12,21,California
Kings,2020-12-19,11,32,11,32,0,0,0,0,11,32,0,0,11,32,California
Kings,2020-12-20,13,45,13,45,0,0,0,0,13,45,0,0,13,45,California
Kings,2020-12-21,156,201,156,201,0,0,0,0,269,314,0,0,269,314,California
Kings,2020-12-22,143,344,143,344,0,0,0,0,140,454,0,0,140,454,California
Kings,2020-12-23,136,480,123,467,13,13,0,0,137,591,0,0,137,591,California
Kings,2020-12-24,11,491,9,476,2,15,0,0,11,602,0,0,11,602,California
Kings,2020-12-26,7,498,4,480,3,18,0,0,7,609,0,0,7,609,California
Kings,2020-12-27,4,502,4,484,0,18,0,0,4,613,0,0,4,613,California
Kings,2020-12-28,131,633,103,587,28,46,0,0,132,745,0,0,132,745,California
Kings,2020-12-29,77,710,50,637,27,73,0,0,78,823,0,0,78,823,California
Kings,2020-12-30,149,859,109,746,40,113,0,0,149,972,0,0,149,972,California
Kings,2020-12-31,45,904,6,752,39,152,0,0,45,1017,0,0,45,1017,California
Kings,2021-01-01,1,905,0,752,1,153,0,0,1,1018,0,0,1,1018,California
Kings,2021-01-02,10,915,9,761,1,154,0,0,10,1028,0,0,10,1028,California
Kings,2021-01-04,111,1026,41,802,70,224,0,0,111,1139,0,0,111,1139,California
Kings,2021-01-05,195,1221,39,841,156,380,0,0,195,1334,0,0,195,1334,California
Kings,2021-01-06,277,1498,178,1019,99,479,0,0,274,1605,3,3,274,1608,California
Kings,2021-01-07,181,1679,82,1101,99,578,0,0,173,1770,8,11,173,1781,California
Kings,2021-01-08,248,1927,54,1155,194,772,0,0,229,1980,19,30,229,2010,California
Kings,2021-01-09,63,1990,9,1164,54,826,0,0,55,2027,8,38,55,2065,California
Kings,2021-01-10,15,2005,3,1167,12,838,0,0,12,2036,3,41,12,2077,California
Kings,2021-01-11,518,2523,354,1521,164,1002,0,0,276,2071,242,283,277,2354,California
Kings,2021-01-12,349,2872,252,1773,97,1099,0,0,215,2155,131,414,215,2569,California
Kings,2021-01-13,422,3294,275,2048,147,1246,0,0,330,2393,92,506,330,2899,California
Kings,2021-01-14,208,3502,30,2078,178,1424,0,0,198,2571,21,527,199,3098,California
Kings,2021-01-15,418,3920,30,2108,388,1812,0,0,406,2965,12,539,406,3504,California
Kings,2021-01-16,28,3948,9,2117,19,1831,0,0,27,2991,1,540,27,3531,California
Kings,2021-01-17,9,3957,6,2123,3,1834,0,0,7,2996,2,542,7,3538,California
Kings,2021-01-18,172,4129,40,2163,132,1966,0,0,146,3116,26,568,146,3684,California
Kings,2021-01-19,379,4508,160,2323,219,2185,0,0,251,3239,128,696,251,3935,California
Kings,2021-01-20,237,4745,146,2469,91,2276,0,0,127,3261,105,801,127,4062,California
Kings,2021-01-21,212,4957,57,2526,155,2431,0,0,197,3441,17,818,197,4259,California
Kings,2021-01-22,102,5059,16,2542,86,2517,0,0,102,3538,5,823,102,4361,California
Kings,2021-01-23,26,5085,14,2556,12,2529,0,0,20,3552,6,829,20,4381,California
Kings,2021-01-24,4,5089,4,2560,0,2529,0,0,2,3552,2,831,2,4383,California
Kings,2021-01-25,126,5215,27,2587,99,2628,0,0,91,3608,35,866,91,4474,California
Kings,2021-01-26,153,5368,34,2621,119,2747,0,0,114,3683,39,905,114,4588,California
Kings,2021-01-27,322,5690,34,2655,288,3035,0,0,248,3858,73,978,248,4836,California
Kings,2021-01-28,328,6018,46,2701,282,3317,0,0,272,4074,56,1034,272,5108,California
Kings,2021-01-29,86,6104,26,2727,60,3377,0,0,69,4126,17,1051,69,5177,California
Kings,2021-01-30,1557,7661,31,2758,1526,4903,0,0,1554,5679,3,1054,1556,6733,California
Kings,2021-02-01,199,7860,64,2822,135,5038,0,0,72,5626,125,1179,72,6805,California
Kings,2021-02-02,232,8092,14,2836,218,5256,0,0,82,5559,149,1328,82,6887,California
Kings,2021-02-03,357,8449,191,3027,166,5422,0,0,201,5605,155,1483,201,7088,California
Kings,2021-02-04,398,8847,99,3126,299,5721,0,0,200,5608,197,1680,200,7288,California
Kings,2021-02-05,260,9107,15,3141,245,5966,0,0,101,5552,157,1837,101,7389,California
Kings,2021-02-06,61,9168,10,3151,51,6017,0,0,28,5547,33,1870,28,7417,California
Kings,2021-02-07,5,9173,3,3154,2,6019,0,0,3,5548,2,1872,3,7420,California
Kings,2021-02-08,173,9346,29,3183,144,6163,0,0,68,5511,105,1977,68,7488,California
Kings,2021-02-09,254,9600,57,3240,197,6360,0,0,110,5479,142,2119,110,7598,California
Kings,2021-02-10,286,9886,113,3353,173,6533,0,0,169,5531,117,2236,169,7767,California
Kings,2021-02-11,432,10318,65,3418,367,6900,0,0,316,5732,115,2351,316,8083,California
Kings,2021-02-12,622,10940,36,3454,586,7486,0,0,346,5803,275,2626,346,8429,California
Kings,2021-02-13,104,11044,6,3460,98,7584,0,0,78,5855,26,2652,78,8507,California
Kings,2021-02-14,102,11146,4,3464,98,7682,0,0,94,5941,8,2660,94,8601,California
Kings,2021-02-15,246,11392,5,3469,241,7923,0,0,137,5970,108,2768,137,8738,California
Kings,2021-02-16,487,11879,33,3502,454,8377,0,0,251,5986,235,3003,251,8989,California
Kings,2021-02-17,380,12259,23,3525,357,8734,0,0,243,6093,137,3140,244,9233,California
Kings,2021-02-18,155,12414,23,3548,132,8866,0,0,98,6134,57,3197,98,9331,California
Kings,2021-02-19,159,12573,24,3572,135,9001,0,0,103,6184,53,3250,103,9434,California
Kings,2021-02-20,171,12744,40,3612,131,9132,0,0,134,6281,37,3287,134,9568,California
Kings,2021-02-21,3,12747,2,3614,1,9133,0,0,3,6284,0,3287,3,9571,California
Kings,2021-02-22,110,12857,19,3633,91,9224,0,0,51,6276,59,3346,51,9622,California
Kings,2021-02-23,297,13154,70,3703,227,9451,0,0,180,6339,117,3463,180,9802,California
Kings,2021-02-24,597,13751,154,3857,443,9894,0,0,385,6512,212,3675,385,10187,California
Kings,2021-02-25,685,14436,131,3988,554,10448,0,0,466,6761,217,3892,466,10653,California
Kings,2021-02-26,667,15103,137,4125,530,10978,0,0,605,7304,62,3954,605,11258,California
Kings,2021-02-27,1516,16619,65,4190,1451,12429,0,0,580,6949,935,4889,580,11838,California
Kings,2021-02-28,1171,17790,597,4787,574,13003,0,0,674,7129,494,5383,674,12512,California
Kings,2021-03-01,262,18052,79,4866,183,13186,0,0,215,7297,47,5430,215,12727,California
Kings,2021-03-02,508,18560,242,5108,266,13452,0,0,458,7706,50,5480,459,13186,California
Kings,2021-03-03,640,19200,314,5422,326,13778,0,0,449,7966,189,5669,449,13635,California
Kings,2021-03-04,732,19932,352,5774,380,14158,0,0,632,8499,100,5769,633,14268,California
Kings,2021-03-05,1083,21015,368,6142,706,14864,9,9,964,9354,119,5888,974,15242,California
Kings,2021-03-06,514,21529,187,6329,314,15178,13,22,484,9821,30,5918,497,15739,California
Kings,2021-03-07,366,21895,224,6553,138,15316,4,26,358,10175,8,5926,362,16101,California
Kings,2021-03-08,374,22269,96,6649,225,15541,53,79,263,10379,111,6037,315,16416,California
Kings,2021-03-09,551,22820,252,6901,244,15785,55,134,443,10771,107,6144,499,16915,California
Kings,2021-03-10,573,23393,128,7029,354,16139,91,225,388,11065,184,6328,478,17393,California
Kings,2021-03-11,1033,24426,307,7336,616,16755,110,335,627,11398,404,6732,737,18130,California
Kings,2021-03-12,1379,25805,445,7781,840,17595,94,429,976,12070,401,7133,1073,19203,California
Kings,2021-03-13,681,26486,333,8114,304,17899,44,473,556,12546,125,7258,601,19804,California
Kings,2021-03-14,671,27157,101,8215,184,18083,386,859,200,12661,471,7729,586,20390,California
Kings,2021-03-15,703,27860,266,8481,322,18405,115,974,466,13008,236,7965,583,20973,California
Kings,2021-03-16,1057,28917,445,8926,550,18955,62,1036,719,13451,338,8303,781,21754,California
Kings,2021-03-17,1097,30014,417,9343,619,19574,61,1097,779,13979,319,8622,847,22601,California
Kings,2021-03-18,1123,31137,474,9817,426,20000,223,1320,773,14629,349,8971,999,23600,California
Kings,2021-03-19,964,32101,469,10286,410,20410,85,1405,738,15240,225,9196,836,24436,California
Kings,2021-03-20,640,32741,255,10541,354,20764,31,1436,465,15570,173,9369,503,24939,California
Kings,2021-03-21,1417,34158,1087,11628,319,21083,11,1447,863,15890,554,9923,874,25813,California
Kings,2021-03-22,447,34605,199,11827,164,21247,84,1531,273,16077,174,10097,361,26174,California
Kings,2021-03-23,916,35521,508,12335,345,21592,63,1594,556,16341,358,10455,622,26796,California
Kings,2021-03-24,957,36478,487,12822,447,22039,23,1617,506,16422,450,10905,531,27327,California
Kings,2021-03-25,917,37395,465,13287,426,22465,26,1643,446,16425,469,11374,472,27799,California
Kings,2021-03-26,1294,38689,379,13666,830,23295,85,1728,515,16250,774,12148,599,28398,California
Kings,2021-03-27,641,39330,258,13924,371,23666,12,1740,158,15939,481,12629,170,28568,California
Kings,2021-03-28,617,39947,546,14470,64,23730,7,1747,387,16111,230,12859,402,28970,California
Kings,2021-03-29,467,40414,210,14680,196,23926,61,1808,259,16224,206,13065,319,29289,California
Kings,2021-03-30,858,41272,473,15153,347,24273,38,1846,425,16255,432,13497,463,29752,California
Kings,2021-03-31,766,42038,378,15531,315,24588,73,1919,422,16414,336,13833,495,30247,California
Kings,2021-04-01,773,42811,388,15919,295,24883,90,2009,350,16437,417,14250,440,30687,California
Kings,2021-04-02,1008,43819,448,16367,436,25319,124,2133,391,16340,612,14862,515,31202,California
Kings,2021-04-03,489,44308,345,16712,135,25454,9,2142,166,16199,317,15179,176,31378,California
Kings,2021-04-04,156,44464,82,16794,68,25522,6,2148,42,16134,113,15292,48,31426,California
Kings,2021-04-05,1052,45516,325,17119,475,25997,252,2400,234,15802,817,16109,485,31911,California
Kings,2021-04-06,1202,46718,450,17569,440,26437,312,2712,281,15477,918,17027,593,32504,California
Kings,2021-04-07,1355,48073,646,18215,524,26961,185,2897,358,15031,994,18021,548,33052,California
Kings,2021-04-08,1602,49675,630,18845,721,27682,251,3148,359,14410,1236,19257,615,33667,California
Kings,2021-04-09,1151,50826,543,19388,430,28112,178,3326,232,13900,917,20174,407,34074,California
Kings,2021-04-10,589,51415,328,19716,159,28271,102,3428,167,13750,420,20594,270,34344,California
Kings,2021-04-11,351,51766,74,19790,271,28542,6,3434,195,13796,155,20749,201,34545,California
Kings,2021-04-12,698,52464,311,20101,187,28729,200,3634,193,13685,504,21253,393,34938,California
Kings,2021-04-13,903,53367,515,20616,388,29117,0,3634,287,13362,615,21868,292,35230,California
Kings,2021-04-14,1039,54406,575,21191,464,29581,0,3634,376,13076,663,22531,377,35607,California
Kings,2021-04-15,1048,55454,520,21711,527,30108,1,3635,450,12930,597,23128,451,36058,California
Kings,2021-04-16,769,56223,360,22071,409,30517,0,3635,257,12676,511,23639,257,36315,California
Kings,2021-04-17,458,56681,244,22315,214,30731,0,3635,186,12591,271,23910,186,36501,California
Kings,2021-04-18,562,57243,239,22554,323,31054,0,3635,43,12115,519,24429,43,36544,California
Kings,2021-04-19,531,57774,294,22848,237,31291,0,3635,285,12156,244,24673,285,36829,California
Kings,2021-04-20,738,58512,447,23295,291,31582,0,3635,236,11891,501,25174,236,37065,California
Kings,2021-04-21,642,59154,308,23603,334,31916,0,3635,222,11700,413,25587,222,37287,California
Kings,2021-04-22,553,59707,276,23879,277,32193,0,3635,202,11555,348,25935,203,37490,California
Kings,2021-04-23,663,60370,289,24168,374,32567,0,3635,327,11548,334,26269,327,37817,California
Kings,2021-04-24,246,60616,178,24346,67,32634,1,3636,118,11540,127,26396,119,37936,California
Kings,2021-04-25,200,60816,181,24527,19,32653,0,3636,164,11668,36,26432,164,38100,California
Kings,2021-04-26,300,61116,158,24685,139,32792,3,3639,189,11750,110,26542,192,38292,California
Kings,2021-04-27,407,61523,178,24863,210,33002,19,3658,169,11701,237,26779,188,38480,California
Kings,2021-04-28,510,62033,253,25116,237,33239,20,3678,263,11737,247,27026,283,38763,California
Kings,2021-04-29,287,62320,112,25228,164,33403,11,3689,135,11733,150,27176,146,38909,California
Kings,2021-04-30,366,62686,164,25392,185,33588,17,3706,153,11694,209,27385,170,39079,California
Kings,2021-05-01,230,62916,167,25559,53,33641,10,3716,74,11624,154,27539,84,39163,California
Kings,2021-05-02,168,63084,146,25705,22,33663,0,3716,126,11708,42,27581,126,39289,California
Kings,2021-05-03,473,63557,256,25961,204,33867,13,3729,123,11495,349,27930,136,39425,California
Kings,2021-05-04,519,64076,260,26221,239,34106,20,3749,161,11318,358,28288,181,39606,California
Kings,2021-05-05,551,64627,286,26507,245,34351,20,3769,137,11061,414,28702,157,39763,California
Kings,2021-05-06,541,65168,270,26777,248,34599,23,3792,122,10789,417,29119,145,39908,California
Kings,2021-05-07,365,65533,209,26986,142,34741,14,3806,147,10734,216,29335,161,40069,California
Kings,2021-05-08,229,65762,166,27152,52,34793,11,3817,74,10664,155,29490,85,40154,California
Kings,2021-05-09,192,65954,64,27216,128,34921,0,3817,40,10552,152,29642,40,40194,California
Kings,2021-05-10,339,66293,263,27479,66,34987,10,3827,115,10453,223,29865,124,40318,California
Kings,2021-05-11,373,66666,230,27709,115,35102,28,3855,117,10343,256,30121,146,40464,California
Kings,2021-05-12,372,67038,140,27849,219,35321,13,3868,160,10306,210,30331,173,40637,California
Kings,2021-05-13,385,67423,135,27984,232,35553,18,3886,149,10237,236,30567,167,40804,California
Kings,2021-05-14,463,67886,316,28300,116,35669,31,3917,241,10288,221,30788,272,41076,California
Kings,2021-05-15,348,68234,249,28549,82,35751,17,3934,194,10345,154,30942,211,41287,California
Kings,2021-05-16,250,68484,222,28771,27,35778,1,3935,79,10254,171,31113,80,41367,California
Kings,2021-05-17,405,68889,323,29094,65,35843,17,3952,218,10304,185,31298,235,41602,California
Kings,2021-05-18,389,69278,273,29367,103,35946,13,3965,225,10379,164,31462,239,41841,California
Kings,2021-05-19,574,69852,282,29649,270,36216,22,3987,231,10291,341,31803,253,42094,California
Kings,2021-05-20,398,70250,193,29842,178,36394,27,4014,241,10403,157,31960,269,42363,California
Kings,2021-05-21,448,70698,218,30060,220,36614,10,4024,225,10419,219,32179,235,42598,California
Kings,2021-05-22,253,70951,204,30264,38,36652,11,4035,192,10562,60,32239,203,42801,California
Kings,2021-05-23,200,71151,198,30462,2,36654,0,4035,97,10556,103,32342,97,42898,California
Kings,2021-05-24,248,71399,163,30625,71,36725,14,4049,122,10566,126,32468,136,43034,California
Kings,2021-05-25,381,71780,259,30884,101,36826,21,4070,235,10677,145,32613,256,43290,California
Kings,2021-05-26,161,71941,28,30912,120,36946,13,4083,57,10643,104,32717,70,43360,California
Lake,2020-12-17,4,4,4,4,0,0,0,0,4,4,0,0,4,4,California
Lake,2020-12-18,51,55,51,55,0,0,0,0,51,55,0,0,51,55,California
Lake,2020-12-19,3,58,3,58,0,0,0,0,3,58,0,0,3,58,California
Lake,2020-12-20,6,64,6,64,0,0,0,0,6,64,0,0,6,64,California
Lake,2020-12-21,86,150,86,150,0,0,0,0,86,150,0,0,86,150,California
Lake,2020-12-22,63,213,60,210,3,3,0,0,63,213,0,0,63,213,California
Lake,2020-12-23,123,336,114,324,9,12,0,0,123,336,0,0,123,336,California
Lake,2020-12-24,2,338,0,324,2,14,0,0,2,338,0,0,2,338,California
Lake,2020-12-26,2,340,2,326,0,14,0,0,2,340,0,0,2,340,California
Lake,2020-12-27,2,342,2,328,0,14,0,0,2,342,0,0,2,342,California
Lake,2020-12-28,52,394,43,371,9,23,0,0,52,394,0,0,52,394,California
Lake,2020-12-29,50,444,45,416,5,28,0,0,50,444,0,0,50,444,California
Lake,2020-12-30,126,570,119,535,7,35,0,0,126,570,0,0,126,570,California
Lake,2020-12-31,67,637,64,599,3,38,0,0,67,637,0,0,67,637,California
Lake,2021-01-01,1,638,0,599,1,39,0,0,1,638,0,0,1,638,California
Lake,2021-01-02,2,640,1,600,1,40,0,0,2,640,0,0,2,640,California
Lake,2021-01-04,88,728,21,621,67,107,0,0,88,728,0,0,88,728,California
Lake,2021-01-05,120,848,59,680,61,168,0,0,118,844,2,2,118,846,California
Lake,2021-01-06,105,953,65,745,40,208,0,0,103,945,2,4,103,949,California
Lake,2021-01-07,108,1061,85,830,23,231,0,0,99,1035,9,13,99,1048,California
Lake,2021-01-08,152,1213,124,954,28,259,0,0,100,1083,52,65,100,1148,California
Lake,2021-01-09,63,1276,61,1015,2,261,0,0,59,1138,4,69,59,1207,California
Lake,2021-01-10,3,1279,3,1018,0,261,0,0,0,1135,3,72,0,1207,California
Lake,2021-01-11,192,1471,151,1169,41,302,0,0,112,1167,80,152,112,1319,California
Lake,2021-01-12,81,1552,48,1217,33,335,0,0,57,1200,24,176,57,1376,California
Lake,2021-01-13,165,1717,112,1329,53,388,0,0,108,1251,57,233,108,1484,California
Lake,2021-01-14,147,1864,46,1375,101,489,0,0,125,1354,22,255,125,1609,California
Lake,2021-01-15,218,2082,92,1467,126,615,0,0,191,1518,27,282,191,1800,California
Lake,2021-01-16,134,2216,81,1548,53,668,0,0,132,1648,2,284,132,1932,California
Lake,2021-01-17,18,2234,6,1554,12,680,0,0,12,1654,6,290,12,1944,California
Lake,2021-01-18,246,2480,227,1781,19,699,0,0,125,1658,121,411,125,2069,California
Lake,2021-01-19,312,2792,118,1899,194,893,0,0,267,1881,45,456,268,2337,California
Lake,2021-01-20,422,3214,80,1979,342,1235,0,0,358,2176,63,519,358,2695,California
Lake,2021-01-21,434,3648,49,2028,385,1620,0,0,399,2540,35,554,399,3094,California
Lake,2021-01-22,318,3966,46,2074,272,1892,0,0,282,2786,36,590,282,3376,California
Lake,2021-01-23,122,4088,5,2079,117,2009,0,0,121,2906,1,591,121,3497,California
Lake,2021-01-24,5,4093,2,2081,3,2012,0,0,5,2911,0,591,5,3502,California
Lake,2021-01-25,258,4351,95,2176,163,2175,0,0,177,3007,81,672,177,3679,California
Lake,2021-01-26,430,4781,36,2212,394,2569,0,0,407,3391,23,695,407,4086,California
Lake,2021-01-27,359,5140,41,2253,318,2887,0,0,331,3695,28,723,332,4418,California
Lake,2021-01-28,498,5638,161,2414,337,3224,0,0,368,3933,130,853,368,4786,California
Lake,2021-01-29,639,6277,86,2500,553,3777,0,0,579,4452,60,913,579,5365,California
Lake,2021-01-30,553,6830,44,2544,509,4286,0,0,547,4993,6,919,547,5912,California
Lake,2021-01-31,14,6844,8,2552,6,4292,0,0,12,5003,2,921,12,5924,California
Lake,2021-02-01,180,7024,18,2570,162,4454,0,0,166,5155,14,935,166,6090,California
Lake,2021-02-02,564,7588,152,2722,412,4866,0,0,398,5387,166,1101,398,6488,California
Lake,2021-02-03,445,8033,33,2755,412,5278,0,0,340,5622,105,1206,340,6828,California
Lake,2021-02-04,119,8152,68,2823,51,5329,0,0,72,5647,47,1253,72,6900,California
Lake,2021-02-05,379,8531,70,2893,309,5638,0,0,288,5846,89,1342,288,7188,California
Lake,2021-02-06,275,8806,40,2933,235,5873,0,0,264,6099,11,1353,264,7452,California
Lake,2021-02-07,2,8808,1,2934,1,5874,0,0,2,6101,0,1353,2,7454,California
Lake,2021-02-08,279,9087,207,3141,72,5946,0,0,159,6140,120,1473,159,7613,California
Lake,2021-02-09,345,9432,24,3165,321,6267,0,0,301,6398,43,1516,301,7914,California
Lake,2021-02-10,352,9784,54,3219,298,6565,0,0,274,6594,78,1594,274,8188,California
Lake,2021-02-11,175,9959,18,3237,157,6722,0,0,57,6533,118,1712,57,8245,California
Lake,2021-02-12,374,10333,29,3266,345,7067,0,0,286,6732,87,1799,286,8531,California
Lake,2021-02-13,247,10580,7,3273,240,7307,0,0,236,6957,11,1810,236,8767,California
Lake,2021-02-14,20,10600,5,3278,15,7322,0,0,6,6949,14,1824,6,8773,California
Lake,2021-02-15,171,10771,13,3291,158,7480,0,0,8,6795,162,1986,8,8781,California
Lake,2021-02-16,424,11195,23,3314,401,7881,0,0,176,6723,248,2234,176,8957,California
Lake,2021-02-17,351,11546,54,3368,297,8178,0,0,70,6513,280,2514,70,9027,California
Lake,2021-02-18,459,12005,70,3438,389,8567,0,0,115,6284,344,2858,115,9142,California
Lake,2021-02-19,420,12425,27,3465,393,8960,0,0,94,6052,326,3184,94,9236,California
Lake,2021-02-20,295,12720,61,3526,234,9194,0,0,252,6262,42,3226,252,9488,California
Lake,2021-02-21,6,12726,6,3532,0,9194,0,0,0,6256,6,3232,0,9488,California
Lake,2021-02-22,141,12867,24,3556,117,9311,0,0,43,6201,98,3330,43,9531,California
Lake,2021-02-23,214,13081,14,3570,200,9511,0,0,28,6043,186,3516,28,9559,California
Lake,2021-02-24,957,14038,378,3948,579,10090,0,0,417,5921,539,4055,417,9976,California
Lake,2021-02-25,731,14769,466,4414,265,10355,0,0,471,6135,257,4312,471,10447,California
Lake,2021-02-26,995,15764,304,4718,691,11046,0,0,350,5843,642,4954,350,10797,California
Lake,2021-02-27,410,16174,98,4816,312,11358,0,0,328,6089,82,5036,328,11125,California
Lake,2021-02-28,17,16191,11,4827,6,11364,0,0,10,6092,7,5043,10,11135,California
Lake,2021-03-01,596,16787,53,4880,543,11907,0,0,443,6382,153,5196,443,11578,California
Lake,2021-03-02,744,17531,17,4897,727,12634,0,0,289,6216,455,5651,289,11867,California
Lake,2021-03-03,369,17900,196,5093,173,12807,0,0,146,6139,223,5874,146,12013,California
Lake,2021-03-04,579,18479,507,5600,72,12879,0,0,562,6684,17,5891,562,12575,California
Lake,2021-03-05,1048,19527,52,5652,996,13875,0,0,186,6012,858,6749,186,12761,California
Lake,2021-03-06,34,19561,9,5661,24,13899,1,1,21,6021,13,6762,22,12783,California
Lake,2021-03-07,7,19568,5,5666,2,13901,0,1,4,6022,3,6765,4,12787,California
Lake,2021-03-08,339,19907,267,5933,63,13964,9,10,299,6290,40,6805,308,13095,California
Lake,2021-03-09,930,20837,42,5975,871,14835,17,27,406,6190,523,7328,423,13518,California
Lake,2021-03-10,204,21041,60,6035,131,14966,13,40,135,6270,69,7397,149,13667,California
Lake,2021-03-11,585,21626,48,6083,62,15028,475,515,48,6256,537,7934,523,14190,California
Lake,2021-03-12,851,22477,203,6286,623,15651,25,540,362,6155,488,8422,387,14577,California
Lake,2021-03-13,278,22755,22,6308,20,15671,236,776,16,6145,261,8683,251,14828,California
Lake,2021-03-14,11,22766,2,6310,9,15680,0,776,7,6148,4,8687,7,14835,California
Lake,2021-03-15,642,23408,14,6324,611,16291,17,793,482,6487,160,8847,499,15334,California
Lake,2021-03-16,1113,24521,834,7158,262,16553,17,810,444,6282,665,9512,460,15794,California
Lake,2021-03-17,248,24769,121,7279,105,16658,22,832,92,6240,156,9668,114,15908,California
Lake,2021-03-18,748,25517,373,7652,338,16996,37,869,372,6273,375,10043,408,16316,California
Lake,2021-03-19,582,26099,315,7967,247,17243,20,889,475,6662,106,10149,495,16811,California
Lake,2021-03-20,249,26348,8,7975,238,17481,3,892,30,6478,217,10366,33,16844,California
Lake,2021-03-21,16,26364,11,7986,4,17485,1,893,11,6485,5,10371,12,16856,California
Lake,2021-03-22,337,26701,256,8242,67,17552,14,907,251,6664,86,10457,265,17121,California
Lake,2021-03-23,429,27130,21,8263,395,17947,13,920,364,6977,64,10521,377,17498,California
Lake,2021-03-24,423,27553,62,8325,353,18300,8,928,326,7216,96,10617,335,17833,California
Lake,2021-03-25,676,28229,485,8810,185,18485,6,934,178,6901,498,11115,183,18016,California
Lake,2021-03-26,68,28297,33,8843,34,18519,1,935,32,6898,36,11151,33,18049,California
Lake,2021-03-27,309,28606,7,8850,299,18818,3,938,17,6628,290,11441,20,18069,California
Lake,2021-03-28,17,28623,8,8858,9,18827,0,938,11,6633,6,11447,11,18080,California
Lake,2021-03-29,989,29612,286,9144,701,19528,2,940,205,6058,782,12229,207,18287,California
Lake,2021-03-30,464,30076,315,9459,147,19675,2,942,366,6329,97,12326,368,18655,California
Lake,2021-03-31,616,30692,60,9519,556,20231,0,942,434,6590,173,12499,434,19089,California
Lake,2021-04-01,447,31139,234,9753,201,20432,12,954,186,6531,257,12756,198,19287,California
Lake,2021-04-02,222,31361,41,9794,153,20585,28,982,97,6531,125,12881,125,19412,California
Lake,2021-04-03,32,31393,6,9800,23,20608,3,985,13,6528,19,12900,16,19428,California
Lake,2021-04-04,20,31413,11,9811,7,20615,2,987,15,6540,5,12905,17,19445,California
Lake,2021-04-05,640,32053,70,9881,551,21166,19,1006,401,6723,236,13141,419,19864,California
Lake,2021-04-06,477,32530,17,9898,434,21600,26,1032,304,6881,172,13313,330,20194,California
Lake,2021-04-07,521,33051,56,9954,414,22014,51,1083,352,7118,167,13480,404,20598,California
Lake,2021-04-08,600,33651,490,10444,45,22059,65,1148,101,6791,496,13976,169,20767,California
Lake,2021-04-09,281,33932,39,10483,173,22232,69,1217,48,6677,230,14206,116,20883,California
Lake,2021-04-10,253,34185,14,10497,14,22246,225,1442,10,6669,243,14449,235,21118,California
Lake,2021-04-11,22,34207,17,10514,3,22249,2,1444,7,6663,15,14464,9,21127,California
Lake,2021-04-12,1068,35275,232,10746,803,23052,33,1477,237,6103,830,15294,270,21397,California
Lake,2021-04-13,180,35455,109,10855,71,23123,0,1477,54,6031,126,15420,54,21451,California
Lake,2021-04-14,614,36069,38,10893,576,23699,0,1477,549,6516,64,15484,549,22000,California
Lake,2021-04-15,640,36709,192,11085,448,24147,0,1477,331,6538,309,15793,331,22331,California
Lake,2021-04-16,265,36974,30,11115,234,24381,1,1478,74,6423,190,15983,75,22406,California
Lake,2021-04-17,43,37017,12,11127,31,24412,0,1478,33,6446,10,15993,33,22439,California
Lake,2021-04-18,8,37025,5,11132,3,24415,0,1478,0,6438,8,16001,0,22439,California
Lake,2021-04-19,297,37322,38,11170,259,24674,0,1478,246,6633,51,16052,246,22685,California
Lake,2021-04-20,691,38013,277,11447,414,25088,0,1478,91,6126,599,16651,92,22777,California
Lake,2021-04-21,533,38546,64,11511,469,25557,0,1478,199,5991,334,16985,199,22976,California
Lake,2021-04-22,466,39012,50,11561,416,25973,0,1478,318,6162,147,17132,318,23294,California
Lake,2021-04-23,115,39127,60,11621,55,26028,0,1478,69,6185,46,17178,69,23363,California
Lake,2021-04-24,53,39180,9,11630,44,26072,0,1478,39,6210,14,17192,39,23402,California
Lake,2021-04-25,36,39216,19,11649,17,26089,0,1478,24,6222,12,17204,24,23426,California
Lake,2021-04-26,289,39505,80,11729,208,26297,1,1479,85,6104,204,17408,86,23512,California
Lake,2021-04-27,244,39749,22,11751,204,26501,18,1497,81,6040,163,17571,99,23611,California
Lake,2021-04-28,508,40257,48,11799,445,26946,15,1512,89,5726,417,17988,103,23714,California
Lake,2021-04-29,212,40469,83,11882,113,27059,16,1528,113,5756,99,18087,129,23843,California
Lake,2021-04-30,289,40758,46,11928,212,27271,31,1559,149,5796,140,18227,180,24023,California
Lake,2021-05-01,47,40805,26,11954,19,27290,2,1561,32,5815,15,18242,34,24057,California
Lake,2021-05-02,18,40823,9,11963,8,27298,1,1562,9,5816,9,18251,10,24067,California
Lake,2021-05-03,411,41234,27,11990,349,27647,35,1597,64,5569,346,18597,99,24166,California
Lake,2021-05-04,404,41638,216,12206,140,27787,48,1645,124,5462,279,18876,172,24338,California
Lake,2021-05-05,630,42268,45,12251,573,28360,12,1657,87,5020,540,19416,98,24436,California
Lake,2021-05-06,142,42410,19,12270,94,28454,29,1686,73,5052,69,19485,101,24537,California
Lake,2021-05-07,164,42574,28,12298,116,28570,20,1706,102,5114,60,19545,122,24659,California
Lake,2021-05-08,43,42617,8,12306,35,28605,0,1706,36,5143,7,19552,36,24695,California
Lake,2021-05-09,17,42634,2,12308,10,28615,5,1711,10,5151,7,19559,15,24710,California
Lake,2021-05-10,244,42878,12,12320,205,28820,27,1738,59,5053,184,19743,86,24796,California
Lake,2021-05-11,193,43071,27,12347,151,28971,15,1753,117,5110,76,19819,133,24929,California
Lake,2021-05-12,540,43611,31,12378,489,29460,20,1773,54,4697,486,20305,73,25002,California
Lake,2021-05-13,301,43912,58,12436,230,29690,13,1786,65,4541,234,20539,78,25080,California
Lake,2021-05-14,264,44176,81,12517,164,29854,19,1805,161,4619,101,20640,179,25259,California
Lake,2021-05-15,45,44221,18,12535,24,29878,3,1808,27,4631,18,20658,30,25289,California
Lake,2021-05-16,31,44252,17,12552,13,29891,1,1809,16,4633,15,20673,17,25306,California
Lake,2021-05-17,315,44567,44,12596,256,30147,15,1824,84,4504,228,20901,99,25405,California
Lake,2021-05-18,303,44870,67,12663,217,30364,19,1843,175,4571,127,21028,194,25599,California
Lake,2021-05-19,302,45172,57,12720,230,30594,15,1858,78,4441,223,21251,93,25692,California
Lake,2021-05-20,225,45397,59,12779,155,30749,11,1869,89,4405,136,21387,100,25792,California
Lake,2021-05-21,251,45648,53,12832,175,30924,23,1892,98,4375,151,21538,121,25913,California
Lake,2021-05-22,87,45735,51,12883,34,30958,2,1894,45,4380,42,21580,47,25960,California
Lake,2021-05-23,51,45786,27,12910,23,30981,1,1895,27,4384,24,21604,28,25988,California
Lake,2021-05-24,151,45937,36,12946,102,31083,13,1908,69,4384,82,21686,82,26070,California
Lake,2021-05-25,192,46129,51,12997,127,31210,14,1922,68,4343,123,21809,82,26152,California
Lake,2021-05-26,99,46228,25,13022,65,31275,9,1931,29,4313,68,21877,38,26190,California
Lassen,2020-12-16,8,8,8,8,0,0,0,0,8,8,0,0,8,8,California
Lassen,2020-12-17,6,14,6,14,0,0,0,0,6,14,0,0,6,14,California
Lassen,2020-12-18,1,15,1,15,0,0,0,0,1,15,0,0,1,15,California
Lassen,2020-12-19,5,20,5,20,0,0,0,0,5,20,0,0,5,20,California
Lassen,2020-12-20,2,22,2,22,0,0,0,0,2,22,0,0,2,22,California
Lassen,2020-12-21,11,33,11,33,0,0,0,0,11,33,0,0,11,33,California
Lassen,2020-12-22,22,55,22,55,0,0,0,0,22,55,0,0,22,55,California
Lassen,2020-12-23,6,61,6,61,0,0,0,0,6,61,0,0,6,61,California
Lassen,2020-12-24,11,72,11,72,0,0,0,0,11,72,0,0,11,72,California
Lassen,2020-12-28,3,75,2,74,1,1,0,0,3,75,0,0,3,75,California
Lassen,2020-12-29,35,110,35,109,0,1,0,0,35,110,0,0,35,110,California
Lassen,2020-12-30,36,146,35,144,1,2,0,0,36,146,0,0,36,146,California
Lassen,2020-12-31,49,195,42,186,7,9,0,0,49,195,0,0,49,195,California
Lassen,2021-01-02,1,196,0,186,1,10,0,0,1,196,0,0,1,196,California
Lassen,2021-01-04,15,211,2,188,13,23,0,0,15,211,0,0,15,211,California
Lassen,2021-01-05,193,404,52,240,141,164,0,0,193,404,0,0,193,404,California
Lassen,2021-01-06,95,499,44,284,51,215,0,0,87,484,8,8,88,492,California
Lassen,2021-01-07,43,542,7,291,36,251,0,0,37,515,6,14,37,529,California
Lassen,2021-01-08,50,592,2,293,48,299,0,0,50,565,0,14,50,579,California
Lassen,2021-01-09,12,604,6,299,6,305,0,0,12,577,0,14,12,591,California
Lassen,2021-01-11,27,631,5,304,22,327,0,0,27,604,0,14,27,618,California
Lassen,2021-01-12,48,679,28,332,20,347,0,0,30,616,18,32,30,648,California
Lassen,2021-01-13,162,841,19,351,143,490,0,0,147,748,15,47,147,795,California
Lassen,2021-01-14,162,1003,18,369,144,634,0,0,150,886,12,59,150,945,California
Lassen,2021-01-15,32,1035,6,375,26,660,0,0,32,918,0,59,32,977,California
Lassen,2021-01-16,34,1069,33,408,1,661,0,0,34,952,0,59,34,1011,California
Lassen,2021-01-17,1,1070,0,408,1,662,0,0,1,953,0,59,1,1012,California
Lassen,2021-01-18,5,1075,2,410,3,665,0,0,4,956,1,60,4,1016,California
Lassen,2021-01-19,186,1261,36,446,150,815,0,0,158,1086,28,88,158,1174,California
Lassen,2021-01-20,188,1449,100,546,88,903,0,0,105,1123,68,156,105,1279,California
Lassen,2021-01-21,145,1594,93,639,52,955,0,0,121,1226,18,174,121,1400,California
Lassen,2021-01-22,31,1625,18,657,13,968,0,0,21,1237,10,184,21,1421,California
Lassen,2021-01-23,2,1627,0,657,2,970,0,0,2,1239,0,184,2,1423,California
Lassen,2021-01-24,1,1628,0,657,1,971,0,0,1,1240,0,184,1,1424,California
Lassen,2021-01-25,12,1640,1,658,11,982,0,0,11,1250,1,185,11,1435,California
Lassen,2021-01-26,126,1766,12,670,114,1096,0,0,122,1368,4,189,122,1557,California
Lassen,2021-01-27,87,1853,35,705,52,1148,0,0,69,1419,18,207,69,1626,California
Lassen,2021-01-28,85,1938,15,720,70,1218,0,0,84,1502,1,208,84,1710,California
Lassen,2021-01-29,23,1961,7,727,16,1234,0,0,22,1523,1,209,22,1732,California
Lassen,2021-02-01,61,2022,4,731,57,1291,0,0,36,1534,25,234,36,1768,California
Lassen,2021-02-02,177,2199,12,743,165,1456,0,0,44,1445,133,367,44,1812,California
Lassen,2021-02-03,96,2295,21,764,75,1531,0,0,50,1449,46,413,50,1862,California
Lassen,2021-02-04,112,2407,15,779,97,1628,0,0,63,1463,49,462,63,1925,California
Lassen,2021-02-05,66,2473,12,791,54,1682,0,0,24,1445,42,504,24,1949,California
Lassen,2021-02-06,69,2542,34,825,35,1717,0,0,36,1449,32,536,36,1985,California
Lassen,2021-02-07,1,2543,1,826,0,1717,0,0,1,1450,0,536,1,1986,California
Lassen,2021-02-08,44,2587,4,830,40,1757,0,0,18,1442,26,562,18,2004,California
Lassen,2021-02-09,128,2715,7,837,121,1878,0,0,49,1412,79,641,49,2053,California
Lassen,2021-02-10,182,2897,21,858,161,2039,0,0,74,1378,108,749,74,2127,California
Lassen,2021-02-11,183,3080,16,874,167,2206,0,0,80,1356,102,851,80,2207,California
Lassen,2021-02-12,42,3122,11,885,31,2237,0,0,15,1344,27,878,15,2222,California
Lassen,2021-02-13,11,3133,3,888,8,2245,0,0,9,1351,2,880,9,2231,California
Lassen,2021-02-14,13,3146,0,888,13,2258,0,0,12,1362,1,881,12,2243,California
Lassen,2021-02-15,22,3168,3,891,19,2277,0,0,17,1375,4,885,17,2260,California
Lassen,2021-02-16,192,3360,4,895,188,2465,0,0,30,1245,160,1045,30,2290,California
Lassen,2021-02-17,183,3543,94,989,89,2554,0,0,10,1082,173,1218,10,2300,California
Lassen,2021-02-18,79,3622,22,1011,57,2611,0,0,19,1041,60,1278,19,2319,California
Lassen,2021-02-19,80,3702,60,1071,20,2631,0,0,17,995,63,1341,17,2336,California
Lassen,2021-02-20,8,3710,0,1071,8,2639,0,0,6,999,2,1343,6,2342,California
Lassen,2021-02-21,22,3732,2,1073,20,2659,0,0,18,1013,4,1347,18,2360,California
Lassen,2021-02-22,24,3756,10,1083,14,2673,0,0,6,1001,18,1365,6,2366,California
Lassen,2021-02-23,155,3911,11,1094,144,2817,0,0,43,932,112,1477,43,2409,California
Lassen,2021-02-24,164,4075,16,1110,148,2965,0,0,106,981,57,1534,106,2515,California
Lassen,2021-02-25,158,4233,21,1131,137,3102,0,0,99,1021,59,1593,99,2614,California
Lassen,2021-02-26,73,4306,16,1147,57,3159,0,0,36,1020,37,1630,36,2650,California
Lassen,2021-02-27,8,4314,7,1154,1,3160,0,0,3,1018,5,1635,3,2653,California
Lassen,2021-02-28,5,4319,0,1154,5,3165,0,0,3,1019,2,1637,3,2656,California
Lassen,2021-03-01,42,4361,4,1158,38,3203,0,0,8,994,33,1670,8,2664,California
Lassen,2021-03-02,106,4467,7,1165,99,3302,0,0,80,1049,25,1695,80,2744,California
Lassen,2021-03-03,167,4634,12,1177,155,3457,0,0,110,1102,57,1752,110,2854,California
Lassen,2021-03-04,149,4783,17,1194,132,3589,0,0,98,1150,50,1802,98,2952,California
Lassen,2021-03-05,49,4832,7,1201,18,3607,24,24,11,1147,38,1840,35,2987,California
Lassen,2021-03-06,55,4887,4,1205,29,3636,22,46,5,1124,50,1890,27,3014,California
Lassen,2021-03-07,57,4944,2,1207,0,3636,55,101,2,1126,55,1945,57,3071,California
Lassen,2021-03-08,89,5033,2,1209,7,3643,80,181,3,1123,86,2031,83,3154,California
Lassen,2021-03-09,137,5170,11,1220,109,3752,17,198,89,1181,48,2079,106,3260,California
Lassen,2021-03-10,173,5343,10,1230,161,3913,2,200,79,1169,93,2172,81,3341,California
Lassen,2021-03-11,183,5526,15,1245,161,4074,7,207,111,1218,69,2241,118,3459,California
Lassen,2021-03-12,34,5560,17,1262,13,4087,4,211,12,1212,22,2263,16,3475,California
Lassen,2021-03-13,48,5608,0,1262,2,4089,46,257,1,1211,47,2310,46,3521,California
Lassen,2021-03-14,14,5622,2,1264,11,4100,1,258,2,1202,12,2322,3,3524,California
Lassen,2021-03-15,34,5656,3,1267,31,4131,0,258,16,1200,18,2340,16,3540,California
Lassen,2021-03-16,93,5749,2,1269,85,4216,6,264,74,1261,19,2359,80,3620,California
Lassen,2021-03-17,1083,6832,9,1278,1069,5285,5,269,1064,2311,19,2378,1069,4689,California
Lassen,2021-03-18,93,6925,9,1287,83,5368,1,270,80,2379,13,2391,81,4770,California
Lassen,2021-03-19,17,6942,11,1298,2,5370,4,274,7,2380,10,2401,11,4781,California
Lassen,2021-03-20,28,6970,3,1301,22,5392,3,277,21,2397,7,2408,24,4805,California
Lassen,2021-03-21,34,7004,0,1301,34,5426,0,277,14,2392,19,2427,14,4819,California
Lassen,2021-03-22,58,7062,1,1302,57,5483,0,277,55,2444,3,2430,55,4874,California
Lassen,2021-03-23,120,7182,11,1313,108,5591,1,278,67,2459,53,2483,68,4942,California
Lassen,2021-03-24,213,7395,13,1326,199,5790,1,279,107,2463,104,2587,108,5050,California
Lassen,2021-03-25,152,7547,21,1347,131,5921,0,279,69,2449,83,2670,69,5119,California
Lassen,2021-03-26,78,7625,13,1360,26,5947,39,318,19,2448,58,2728,57,5176,California
Lassen,2021-03-27,19,7644,3,1363,1,5948,15,333,2,2448,17,2745,17,5193,California
Lassen,2021-03-28,18,7662,3,1366,5,5953,10,343,3,2446,15,2760,13,5206,California
Lassen,2021-03-29,52,7714,0,1366,27,5980,25,368,20,2460,31,2791,45,5251,California
Lassen,2021-03-30,197,7911,10,1376,161,6141,26,394,52,2393,145,2936,78,5329,California
Lassen,2021-03-31,146,8057,12,1388,112,6253,22,416,62,2393,84,3020,84,5413,California
Lassen,2021-04-01,165,8222,15,1403,131,6384,19,435,48,2344,116,3136,67,5480,California
Lassen,2021-04-02,30,8252,4,1407,3,6387,23,458,2,2341,28,3164,25,5505,California
Lassen,2021-04-03,12,8264,0,1407,2,6389,10,468,0,2339,12,3176,10,5515,California
Lassen,2021-04-04,7,8271,2,1409,0,6389,5,473,1,2339,6,3182,6,5521,California
Lassen,2021-04-05,22,8293,4,1413,11,6400,7,480,11,2346,11,3193,18,5539,California
Lassen,2021-04-06,183,8476,9,1422,144,6544,30,510,52,2297,131,3324,82,5621,California
Lassen,2021-04-07,134,8610,6,1428,91,6635,37,547,32,2266,102,3426,71,5692,California
Lassen,2021-04-08,166,8776,8,1436,102,6737,56,603,31,2222,131,3557,87,5779,California
Lassen,2021-04-09,51,8827,6,1442,10,6747,35,638,8,2222,42,3599,42,5821,California
Lassen,2021-04-10,9,8836,0,1442,2,6749,7,645,0,2221,8,3607,7,5828,California
Lassen,2021-04-11,5,8841,2,1444,0,6749,3,648,2,2223,3,3610,5,5833,California
Lassen,2021-04-12,31,8872,3,1447,15,6764,13,661,3,2211,28,3638,16,5849,California
Lassen,2021-04-13,129,9001,6,1453,123,6887,0,661,40,2163,88,3726,40,5889,California
Lassen,2021-04-14,987,9988,16,1469,971,7858,0,661,50,1277,936,4662,50,5939,California
Lassen,2021-04-15,147,10135,14,1483,133,7991,0,661,19,1168,128,4790,19,5958,California
Lassen,2021-04-16,12,10147,4,1487,8,7999,0,661,5,1166,7,4797,5,5963,California
Lassen,2021-04-17,22,10169,2,1489,20,8019,0,661,4,1152,18,4815,4,5967,California
Lassen,2021-04-18,5,10174,2,1491,3,8022,0,661,2,1151,3,4818,2,5969,California
Lassen,2021-04-19,32,10206,0,1491,32,8054,0,661,16,1151,16,4834,16,5985,California
Lassen,2021-04-20,138,10344,7,1498,131,8185,0,661,52,1117,86,4920,52,6037,California
Lassen,2021-04-21,164,10508,10,1508,154,8339,0,661,32,1019,130,5050,32,6069,California
Lassen,2021-04-22,103,10611,17,1525,86,8425,0,661,33,982,70,5120,33,6102,California
Lassen,2021-04-23,26,10637,1,1526,25,8450,0,661,20,996,6,5126,20,6122,California
Lassen,2021-04-24,9,10646,5,1531,4,8454,0,661,3,993,6,5132,3,6125,California
Lassen,2021-04-25,5,10651,0,1531,4,8458,1,662,3,995,2,5134,4,6129,California
Lassen,2021-04-26,40,10691,0,1531,36,8494,4,666,7,973,33,5167,11,6140,California
Lassen,2021-04-27,122,10813,9,1540,110,8604,3,669,69,992,53,5220,72,6212,California
Lassen,2021-04-28,84,10897,8,1548,74,8678,2,671,31,972,53,5273,33,6245,California
Lassen,2021-04-29,65,10962,6,1554,56,8734,3,674,22,955,42,5315,25,6270,California
Lassen,2021-04-30,13,10975,8,1562,2,8736,3,677,4,953,9,5324,7,6277,California
Lassen,2021-05-01,4,10979,0,1562,3,8739,1,678,3,956,1,5325,4,6281,California
Lassen,2021-05-02,11,10990,7,1569,4,8743,0,678,7,959,4,5329,7,6288,California
Lassen,2021-05-03,18,11008,1,1570,10,8753,7,685,3,954,15,5344,10,6298,California
Lassen,2021-05-04,71,11079,4,1574,59,8812,8,693,20,931,51,5395,28,6326,California
Lassen,2021-05-05,81,11160,4,1578,67,8879,10,703,26,913,54,5449,36,6362,California
Lassen,2021-05-06,83,11243,21,1599,40,8919,22,725,24,900,59,5508,46,6408,California
Lassen,2021-05-07,47,11290,32,1631,10,8929,5,730,39,936,8,5516,44,6452,California
Lassen,2021-05-08,11,11301,0,1631,5,8934,6,736,4,939,7,5523,10,6462,California
Lassen,2021-05-09,3,11304,1,1632,0,8934,2,738,0,938,3,5526,2,6464,California
Lassen,2021-05-10,13,11317,1,1633,9,8943,3,741,7,942,6,5532,10,6474,California
Lassen,2021-05-11,70,11387,1,1634,60,9003,9,750,19,919,51,5583,28,6502,California
Lassen,2021-05-12,41,11428,4,1638,32,9035,5,755,12,907,29,5612,17,6519,California
Lassen,2021-05-13,37,11465,11,1649,21,9056,5,760,12,899,25,5637,17,6536,California
Lassen,2021-05-14,23,11488,5,1654,10,9066,8,768,12,908,11,5648,20,6556,California
Lassen,2021-05-15,16,11504,2,1656,4,9070,10,778,4,910,12,5660,14,6570,California
Lassen,2021-05-16,7,11511,2,1658,3,9073,2,780,2,910,4,5664,4,6574,California
Lassen,2021-05-17,35,11546,3,1661,20,9093,12,792,11,909,24,5688,23,6597,California
Lassen,2021-05-18,95,11641,12,1673,70,9163,13,805,31,889,64,5752,44,6641,California
Lassen,2021-05-19,64,11705,6,1679,47,9210,11,816,11,858,52,5804,21,6662,California
Lassen,2021-05-20,30,11735,5,1684,16,9226,9,825,9,855,21,5825,18,6680,California
Lassen,2021-05-21,65,11800,31,1715,21,9247,13,838,35,873,30,5855,48,6728,California
Lassen,2021-05-22,16,11816,1,1716,7,9254,8,846,6,877,10,5865,14,6742,California
Lassen,2021-05-23,7,11823,4,1720,2,9256,1,847,1,873,6,5871,2,6744,California
Lassen,2021-05-24,13,11836,1,1721,9,9265,3,850,6,876,6,5877,9,6753,California
Lassen,2021-05-25,97,11933,5,1726,85,9350,7,857,32,850,65,5942,39,6792,California
Lassen,2021-05-26,45,11978,1,1727,35,9385,9,866,5,824,40,5982,14,6806,California
Los Angeles,2020-12-15,395,395,395,395,0,0,0,0,395,395,0,0,395,395,California
Los Angeles,2020-12-16,3584,3979,3584,3979,0,0,0,0,3584,3979,0,0,3584,3979,California
Los Angeles,2020-12-17,10289,14268,10289,14268,0,0,0,0,10290,14269,0,0,10290,14269,California
Los Angeles,2020-12-18,14554,28822,14531,28799,23,23,0,0,14554,28823,0,0,14554,28823,California
Los Angeles,2020-12-19,7233,36055,7225,36024,8,31,0,0,7234,36057,0,0,7234,36057,California
Los Angeles,2020-12-20,4603,40658,4595,40619,8,39,0,0,4605,40662,0,0,4605,40662,California
Los Angeles,2020-12-21,13728,54386,13711,54330,17,56,0,0,13728,54389,1,1,13728,54390,California
Los Angeles,2020-12-22,11549,65935,11159,65489,390,446,0,0,11550,65938,1,2,11550,65940,California
Los Angeles,2020-12-23,11966,77901,10197,75686,1769,2215,0,0,11966,77904,0,2,11966,77906,California
Los Angeles,2020-12-24,7039,84940,4266,79952,2773,4988,0,0,7041,84945,0,2,7041,84947,California
Los Angeles,2020-12-25,528,85468,422,80374,106,5094,0,0,528,85473,0,2,528,85475,California
Los Angeles,2020-12-26,2542,88010,2190,82564,352,5446,0,0,2541,88013,1,3,2541,88016,California
Los Angeles,2020-12-27,1772,89782,1035,83599,737,6183,0,0,1772,89785,0,3,1772,89788,California
Los Angeles,2020-12-28,10331,100113,6404,90003,3927,10110,0,0,10328,100112,1,4,10328,100116,California
Los Angeles,2020-12-29,11613,111726,6086,96089,5527,15637,0,0,11614,111726,0,4,11614,111730,California
Los Angeles,2020-12-30,14884,126610,8096,104185,6788,22425,0,0,14883,126609,0,4,14883,126613,California
Los Angeles,2020-12-31,7956,134566,2763,106948,5193,27618,0,0,7953,134560,2,6,7953,134566,California
Los Angeles,2021-01-01,1024,135590,283,107231,741,28359,0,0,1024,135584,0,6,1024,135590,California
Los Angeles,2021-01-02,4481,140071,1825,109056,2656,31015,0,0,4481,140065,0,6,4481,140071,California
Los Angeles,2021-01-03,957,141028,377,109433,580,31595,0,0,956,141020,1,7,956,141027,California
Los Angeles,2021-01-04,12732,153760,5013,114446,7719,39314,0,0,12717,153734,3,10,12717,153744,California
Los Angeles,2021-01-05,16080,169840,7405,121851,8675,47989,0,0,14169,166023,1884,1894,14173,167917,California
Los Angeles,2021-01-06,22714,192554,12239,134090,10475,58464,0,0,17084,177555,5561,7455,17093,185010,California
Los Angeles,2021-01-07,29414,221968,15946,150036,13468,71932,0,0,18862,185928,10504,17959,18877,203887,California
Los Angeles,2021-01-08,33182,255150,18017,168053,15165,87097,0,0,20915,194612,12241,30200,20925,224812,California
Los Angeles,2021-01-09,12391,267541,7156,175209,5235,92332,0,0,7510,197251,4878,35078,7517,232329,California
Los Angeles,2021-01-10,4694,272235,3730,178939,964,93296,0,0,1960,196478,2734,37812,1961,234290,California
Los Angeles,2021-01-11,25843,298078,16275,195214,9568,102864,0,0,14890,200436,10942,48754,14900,249190,California
Los Angeles,2021-01-12,29371,327449,16227,211441,13144,116008,0,0,19225,209545,10128,58882,19237,268427,California
Los Angeles,2021-01-13,29306,356755,15674,227115,13632,129640,0,0,20348,220958,8940,67822,20353,288780,California
Los Angeles,2021-01-14,29259,386014,12719,239834,16540,146180,0,0,23733,239196,5507,73329,23745,312525,California
Los Angeles,2021-01-15,33838,419852,12395,252229,21443,167623,0,0,30256,265904,3556,76885,30264,342789,California
Los Angeles,2021-01-16,17574,437426,4962,257191,12612,180235,0,0,15793,279929,1773,78658,15798,358587,California
Los Angeles,2021-01-17,5203,442629,2315,259506,2888,183123,0,0,4955,284639,247,78905,4957,363544,California
Los Angeles,2021-01-18,15643,458272,10101,269607,5542,188665,0,0,10916,290842,4715,83620,10918,374462,California
Los Angeles,2021-01-19,38535,496807,20620,290227,17915,206580,0,0,30722,313804,7772,91392,30734,405196,California
Los Angeles,2021-01-20,46173,542980,24167,314394,22006,228586,0,0,38685,345041,7458,98850,38695,443891,California
Los Angeles,2021-01-21,48707,591687,22452,336846,26255,254841,0,0,44423,385260,4219,103069,44438,488329,California
Los Angeles,2021-01-22,48078,639765,22349,359195,25729,280570,0,0,44639,426517,3394,106463,44651,532980,California
Los Angeles,2021-01-23,34017,673782,15725,374920,18292,298862,0,0,31957,456460,2027,108490,31970,564950,California
Los Angeles,2021-01-24,15740,689522,12214,387134,3526,302388,0,0,15190,471111,542,109032,15193,580143,California
Los Angeles,2021-01-25,38996,728518,16619,403753,22377,324765,0,0,30367,492895,8599,117631,30383,610526,California
Los Angeles,2021-01-26,49437,777955,24562,428315,24875,349640,0,0,41213,525937,8190,125821,41232,651758,California
Los Angeles,2021-01-27,48718,826673,25893,454208,22825,372465,0,0,39407,556194,9172,134993,39429,691187,California
Los Angeles,2021-01-28,48754,875427,23371,477579,25383,397848,0,0,40303,588183,8329,143322,40318,731505,California
Los Angeles,2021-01-29,49424,924851,25590,503169,23834,421682,0,0,39330,617788,9741,153063,39346,770851,California
Los Angeles,2021-01-30,30194,955045,15578,518747,14616,436298,0,0,25902,639481,4214,157277,25907,796758,California
Los Angeles,2021-01-31,12979,968024,10330,529077,2649,438947,0,0,12161,650842,804,158081,12165,808923,California
Los Angeles,2021-02-01,38595,1006619,16537,545614,22058,461005,0,0,28044,668381,10515,168596,28054,836977,California
Los Angeles,2021-02-02,44464,1051083,17917,563531,26547,487552,0,0,32278,688521,12145,180741,32285,869262,California
Los Angeles,2021-02-03,52182,1103265,19565,583096,32617,520169,0,0,37291,711173,14645,195386,37297,906559,California
Los Angeles,2021-02-04,57189,1160454,20666,603762,36523,556692,0,0,39125,732557,17755,213141,39139,945698,California
Los Angeles,2021-02-05,61377,1221831,21132,624894,40245,596937,0,0,39396,750402,21560,234701,39405,985103,California
Los Angeles,2021-02-06,35632,1257463,13392,638286,22240,619177,0,0,27168,769205,8387,243088,27190,1012293,California
Los Angeles,2021-02-07,10894,1268357,8462,646748,2432,621609,0,0,8498,775329,2381,245469,8505,1020798,California
Los Angeles,2021-02-08,46983,1315340,21726,668474,25257,646866,0,0,30751,789984,16098,261567,30753,1051551,California
Los Angeles,2021-02-09,55999,1371339,24754,693228,31245,678111,0,0,28547,791167,27371,288938,28554,1080105,California
Los Angeles,2021-02-10,66933,1438272,29382,722610,37551,715662,0,0,30747,786119,35805,324743,30757,1110862,California
Los Angeles,2021-02-11,58391,1496663,31219,753829,27172,742834,0,0,28242,784663,29702,354445,28246,1139108,California
Los Angeles,2021-02-12,59673,1556336,29885,783714,29788,772622,0,0,26024,777401,33302,387747,26040,1165148,California
Los Angeles,2021-02-13,33942,1590278,19754,803468,14188,786810,0,0,15536,774655,18320,406067,15574,1180722,California
Los Angeles,2021-02-14,21810,1612088,14890,818358,6920,793730,0,0,8763,770437,12984,419051,8766,1189488,California
Los Angeles,2021-02-15,32876,1644964,15967,834325,16909,810639,0,0,18061,773755,14749,433800,18067,1207555,California
Los Angeles,2021-02-16,64333,1709297,32673,866998,31660,842299,0,0,29987,769504,34251,468051,30000,1237555,California
Los Angeles,2021-02-17,64950,1774247,34597,901595,30353,872652,0,0,26608,757966,38152,506203,26614,1264169,California
Los Angeles,2021-02-18,68645,1842892,34855,936450,33790,906442,0,0,28727,746972,39732,545935,28738,1292907,California
Los Angeles,2021-02-19,58392,1901284,36066,972516,22326,928768,0,0,28638,745975,29651,575586,28654,1321561,California
Los Angeles,2021-02-20,32934,1934218,23972,996488,8962,937730,0,0,15875,744846,17012,592598,15883,1337444,California
Los Angeles,2021-02-21,22207,1956425,20541,1017029,1666,939396,0,0,11088,744889,11063,603661,11106,1348550,California
Los Angeles,2021-02-22,34604,1991029,25209,1042238,9395,948791,0,0,17892,746169,16633,620294,17913,1366463,California
Los Angeles,2021-02-23,54905,2045934,23708,1065946,31197,979988,0,0,21702,734803,33080,653374,21714,1388177,California
Los Angeles,2021-02-24,65044,2110978,28955,1094901,36089,1016077,0,0,28589,727132,36279,689653,28608,1416785,California
Los Angeles,2021-02-25,74175,2185153,33958,1128859,40217,1056294,0,0,39023,731181,34987,724640,39036,1455821,California
Los Angeles,2021-02-26,83737,2268890,38763,1167622,44974,1101268,0,0,48131,743968,35375,760015,48162,1503983,California
Los Angeles,2021-02-27,60267,2329157,26508,1194130,33755,1135023,4,4,31022,745928,29089,789104,31049,1535032,California
Los Angeles,2021-02-28,26880,2356037,18548,1212678,8329,1143352,3,7,18880,756922,7895,796999,18889,1553921,California
Los Angeles,2021-03-01,56870,2412907,32313,1244991,24531,1167883,26,33,34190,768647,22507,819506,34232,1588153,California
Los Angeles,2021-03-02,77564,2490471,37711,1282702,39850,1207733,3,36,48979,789185,28456,847962,48994,1637147,California
Los Angeles,2021-03-03,84537,2575008,43103,1325805,41421,1249154,13,49,53454,811761,30917,878879,53493,1690640,California
Los Angeles,2021-03-04,90628,2665636,46540,1372345,44077,1293231,11,60,57205,835751,33245,912124,57235,1747875,California
Los Angeles,2021-03-05,89935,2755571,44403,1416748,45502,1338733,30,90,60288,866649,29457,941581,60355,1808230,California
Los Angeles,2021-03-06,67275,2822846,34293,1451041,31163,1369896,1819,1909,43381,888104,23750,965331,45205,1853435,California
Los Angeles,2021-03-07,27196,2850042,20760,1471801,5622,1375518,814,2723,21053,903851,6114,971445,21861,1875296,California
Los Angeles,2021-03-08,52743,2902785,27904,1499705,22890,1398408,1949,4672,39878,932909,12765,984210,41823,1917119,California
Los Angeles,2021-03-09,81386,2984171,38673,1538378,39436,1437844,3277,7949,51858,958655,29379,1013589,55125,1972244,California
Los Angeles,2021-03-10,83029,3067200,40876,1579254,37273,1475117,4880,12829,52566,985766,30296,1043885,57407,2029651,California
Los Angeles,2021-03-11,92760,3159960,45285,1624539,40787,1515904,6688,19517,54335,1008502,38242,1082127,60978,2090629,California
Los Angeles,2021-03-12,98899,3258859,44539,1669078,40447,1556351,13913,33430,57662,1039036,41039,1123166,71573,2162202,California
Los Angeles,2021-03-13,75552,3334411,35771,1704849,27810,1584161,11971,45401,45102,1065773,30341,1153507,57078,2219280,California
Los Angeles,2021-03-14,39065,3373476,26287,1731136,10240,1594401,2538,47939,23992,1077279,15007,1168514,26513,2245793,California
Los Angeles,2021-03-15,74896,3448372,36502,1767638,32943,1627344,5451,53390,45382,1098747,29339,1197853,50807,2296600,California
Los Angeles,2021-03-16,99852,3548224,43661,1811299,50312,1677656,5879,59269,64686,1134295,34977,1232830,70525,2367125,California
Los Angeles,2021-03-17,97121,3645345,44007,1855306,44804,1722460,8310,67579,64987,1175525,31933,1264763,73163,2440288,California
Los Angeles,2021-03-18,101835,3747180,48702,1904008,47809,1770269,5324,72903,64641,1208564,36912,1301675,69951,2510239,California
Los Angeles,2021-03-19,109130,3856310,56918,1960926,47443,1817712,4769,77672,67300,1239019,41562,1343237,72017,2582256,California
Los Angeles,2021-03-20,76299,3932609,37685,1998611,34028,1851740,4586,82258,51787,1271044,24330,1367567,56355,2638611,California
Los Angeles,2021-03-21,34604,3967213,25742,2024353,7961,1859701,901,83159,22212,1281881,12274,1379841,23111,2661722,California
Los Angeles,2021-03-22,70762,4037975,41551,2065904,27060,1886761,2151,85310,49681,1312885,20825,1400666,51829,2713551,California
Los Angeles,2021-03-23,96324,4134299,52091,2117995,41006,1927767,3227,88537,58358,1336752,37707,1438373,61574,2775125,California
Los Angeles,2021-03-24,104831,4239130,55723,2173718,45961,1973728,3147,91684,60793,1356957,43723,1482096,63928,2839053,California
Los Angeles,2021-03-25,110510,4349640,59287,2233005,47336,2021064,3887,95571,62144,1374900,48071,1530167,66014,2905067,California
Los Angeles,2021-03-26,115166,4464806,63282,2296287,47708,2068772,4176,99747,63556,1391279,51329,1581496,67708,2972775,California
Los Angeles,2021-03-27,83487,4548293,44270,2340557,37086,2105858,2131,101878,42680,1395544,40549,1622045,44814,3017589,California
Los Angeles,2021-03-28,42149,4590442,28586,2369143,12978,2118836,585,102463,20045,1394198,21976,1644021,20630,3038219,California
Los Angeles,2021-03-29,82919,4673361,47107,2416250,34041,2152877,1771,104234,46073,1405404,36645,1680666,47851,3086070,California
Los Angeles,2021-03-30,108845,4782206,52000,2468250,50915,2203792,5930,110164,56907,1416510,51705,1732371,62811,3148881,California
Los Angeles,2021-03-31,122490,4904696,62010,2530260,51650,2255442,8830,118994,68532,1440178,53659,1786030,77327,3226208,California
Los Angeles,2021-04-01,133087,5037783,62471,2592731,55258,2310700,15358,134352,71826,1466354,60946,1846976,87122,3313330,California
Los Angeles,2021-04-02,131965,5169748,58761,2651492,57725,2368425,15479,149831,70249,1490712,61385,1908361,85743,3399073,California
Los Angeles,2021-04-03,98451,5268199,45083,2696575,39767,2408192,13601,163432,48435,1502855,49833,1958194,61976,3461049,California
Los Angeles,2021-04-04,39169,5307368,20502,2717077,12037,2420229,6630,170062,16361,1503078,22733,1980927,22956,3484005,California
Los Angeles,2021-04-05,93699,5401067,44365,2761442,39138,2459367,10196,180258,44466,1508670,49029,2029956,54621,3538626,California
Los Angeles,2021-04-06,120879,5521946,56925,2818367,43671,2503038,20283,200541,55380,1519011,65253,2095209,75594,3614220,California
Los Angeles,2021-04-07,119852,5641798,54542,2872909,44218,2547256,21092,221633,54206,1528875,65396,2160605,75260,3689480,California
Los Angeles,2021-04-08,132359,5774157,58355,2931264,50017,2597273,23987,245620,59776,1540273,72303,2232908,83701,3773181,California
Los Angeles,2021-04-09,130871,5905028,56726,2987990,50318,2647591,23827,269447,55981,1545445,74603,2307511,79775,3852956,California
Los Angeles,2021-04-10,100889,6005917,42810,3030800,34155,2681746,23924,293371,36922,1542475,63738,2371249,60768,3913724,California
Los Angeles,2021-04-11,41635,6047552,22502,3053302,9609,2691355,9524,302895,14096,1538583,27458,2398707,23566,3937290,California
Los Angeles,2021-04-12,78560,6126112,38433,3091735,33854,2725209,6273,309168,32113,1530667,46247,2444954,38331,3975621,California
Los Angeles,2021-04-13,116952,6243064,58897,3150632,57631,2782840,424,309592,61596,1537567,55127,2500081,62027,4037648,California
Los Angeles,2021-04-14,118547,6361611,59429,3210061,58987,2841827,131,309723,64278,1547961,54009,2554090,64403,4102051,California
Los Angeles,2021-04-15,129690,6491301,70181,3280242,59337,2901164,172,309895,74248,1567069,55177,2609267,74285,4176336,California
Los Angeles,2021-04-16,129945,6621246,68734,3348976,61069,2962233,142,310037,68384,1574241,61284,2670551,68456,4244792,California
Los Angeles,2021-04-17,98013,6719259,51281,3400257,46707,3008940,25,310062,55871,1588202,41934,2712485,55895,4300687,California
Los Angeles,2021-04-18,33841,6753100,22446,3422703,11394,3020334,1,310063,18447,1591336,15320,2727805,18454,4319141,California
Los Angeles,2021-04-19,74818,6827918,39594,3462297,35212,3055546,12,310075,33223,1583161,41419,2769224,33244,4352385,California
Los Angeles,2021-04-20,102799,6930717,50184,3512481,52593,3108139,22,310097,51053,1582727,51511,2820735,51077,4403462,California
Los Angeles,2021-04-21,109239,7039956,52567,3565048,56484,3164623,188,310285,48149,1570288,60776,2881511,48337,4451799,California
Los Angeles,2021-04-22,116120,7156076,59668,3624716,56420,3221043,32,310317,51189,1556882,64632,2946143,51226,4503025,California
Los Angeles,2021-04-23,114032,7270108,62533,3687249,51480,3272523,19,310336,54064,1551291,59673,3005816,54082,4557107,California
Los Angeles,2021-04-24,88149,7358257,56823,3744072,31300,3303823,26,310362,49077,1561551,38850,3044666,49110,4606217,California
Los Angeles,2021-04-25,37811,7396068,25137,3769209,12669,3316492,5,310367,20426,1564699,17283,3061949,20431,4626648,California
Los Angeles,2021-04-26,69304,7465372,37154,3806363,31701,3348193,449,310816,34089,1564216,35014,3096963,34531,4661179,California
Los Angeles,2021-04-27,86318,7551690,41799,3848162,42830,3391023,1689,312505,32921,1545679,53135,3150098,34598,4695777,California
Los Angeles,2021-04-28,84604,7636294,40887,3889049,41687,3432710,2030,314535,32996,1529379,51314,3201412,35014,4730791,California
Los Angeles,2021-04-29,91060,7727354,45426,3934475,43505,3476215,2129,316664,32287,1505384,58407,3259819,34412,4765203,California
Los Angeles,2021-04-30,98817,7826171,49133,3983608,47290,3523505,2394,319058,35625,1480587,62800,3322619,38003,4803206,California
Los Angeles,2021-05-01,74811,7900982,42124,4025732,31191,3554696,1496,320554,28159,1463861,46375,3368994,29649,4832855,California
Los Angeles,2021-05-02,27890,7928872,17893,4043625,9264,3563960,733,321287,10096,1457004,17683,3386677,10826,4843681,California
Los Angeles,2021-05-03,60362,7989234,29675,4073300,28533,3592493,2154,323441,21257,1441532,38870,3425547,23398,4867079,California
Los Angeles,2021-05-04,85110,8074344,46944,4120244,35951,3628444,2215,325656,25986,1410898,58818,3484365,28184,4895263,California
Los Angeles,2021-05-05,88015,8162359,51371,4171615,34314,3662758,2330,327986,23955,1373424,63747,3548112,26273,4921536,California
Los Angeles,2021-05-06,95710,8258069,57745,4229360,35479,3698237,2486,330472,22704,1325963,72636,3620748,25175,4946711,California
Los Angeles,2021-05-07,94995,8353064,56629,4285989,36041,3734278,2325,332797,25769,1285136,68902,3689650,28075,4974786,California
Los Angeles,2021-05-08,63314,8416378,41742,4327731,19962,3754240,1610,334407,17098,1258091,45745,3735395,18700,4993486,California
Los Angeles,2021-05-09,23702,8440080,17917,4345648,5054,3759294,731,335138,6063,1247451,17429,3752824,6789,5000275,California
Los Angeles,2021-05-10,48237,8488317,25345,4370993,21054,3780348,1838,336976,14441,1230226,33497,3786321,16272,5016547,California
Los Angeles,2021-05-11,66668,8554985,35763,4406756,28907,3809255,1998,338974,16986,1199748,49441,3835762,18963,5035510,California
Los Angeles,2021-05-12,66807,8621792,36034,4442790,28658,3837913,2115,341089,18758,1172834,47773,3883535,20859,5056369,California
Los Angeles,2021-05-13,69337,8691129,41974,4484764,25740,3863653,1623,342712,24308,1154151,44602,3928137,25919,5082288,California
Los Angeles,2021-05-14,86563,8777692,55147,4539911,29623,3893276,1793,344505,32670,1135021,53587,3981724,34457,5116745,California
Los Angeles,2021-05-15,73488,8851180,52001,4591912,20018,3913294,1469,345974,28523,1120290,44711,4026435,29980,5146725,California
Los Angeles,2021-05-16,30327,8881507,23992,4615904,5733,3919027,602,346576,12124,1114897,18115,4044550,12722,5159447,California
Los Angeles,2021-05-17,60729,8942236,39727,4655631,19282,3938309,1720,348296,26106,1108303,34407,4078957,27813,5187260,California
Los Angeles,2021-05-18,63469,9005705,38127,4693758,23575,3961884,1767,350063,26861,1100561,36338,4115295,28596,5215856,California
Los Angeles,2021-05-19,66467,9072172,40279,4734037,24386,3986270,1802,351865,29252,1094635,36962,4152257,31036,5246892,California
Los Angeles,2021-05-20,52420,9124592,29591,4763628,21040,4007310,1789,353654,20524,1085338,31607,4183864,22310,5269202,California
Los Angeles,2021-05-21,54851,9179443,34136,4797764,18945,4026255,1770,355424,22763,1078048,31820,4215684,24530,5293732,California
Los Angeles,2021-05-22,43968,9223411,29392,4827156,13124,4039379,1452,356876,18978,1073645,24825,4240509,20422,5314154,California
Los Angeles,2021-05-23,14322,9237733,11267,4838423,2411,4041790,644,357520,7379,1074782,6883,4247392,8020,5322174,California
Los Angeles,2021-05-24,46823,9284556,25668,4864091,19375,4061165,1780,359300,18602,1067130,28018,4275410,20366,5342540,California
Los Angeles,2021-05-25,47367,9331923,27702,4891793,17960,4079125,1705,361005,19328,1060333,27811,4303221,21014,5363554,California
Los Angeles,2021-05-26,24330,9356253,14112,4905905,9030,4088155,1188,362193,10062,1057512,13959,4317180,11138,5374692,California
Madera,2020-12-16,21,21,21,21,0,0,0,0,21,21,0,0,21,21,California
Madera,2020-12-17,13,34,13,34,0,0,0,0,13,34,0,0,13,34,California
Madera,2020-12-18,60,94,60,94,0,0,0,0,60,94,0,0,60,94,California
Madera,2020-12-19,5,99,5,99,0,0,0,0,5,99,0,0,5,99,California
Madera,2020-12-20,14,113,14,113,0,0,0,0,14,113,0,0,14,113,California
Madera,2020-12-21,59,172,59,172,0,0,0,0,59,172,0,0,59,172,California
Madera,2020-12-22,97,269,95,267,2,2,0,0,97,269,0,0,97,269,California
Madera,2020-12-23,68,337,68,335,0,2,0,0,68,337,0,0,68,337,California
Madera,2020-12-24,45,382,40,375,5,7,0,0,45,382,0,0,45,382,California
Madera,2020-12-26,28,410,26,401,2,9,0,0,28,410,0,0,28,410,California
Madera,2020-12-27,29,439,12,413,17,26,0,0,29,439,0,0,29,439,California
Madera,2020-12-28,106,545,36,449,70,96,0,0,106,545,0,0,106,545,California
Madera,2020-12-29,172,717,37,486,135,231,0,0,172,717,0,0,172,717,California
Madera,2020-12-30,220,937,87,573,133,364,0,0,220,937,0,0,220,937,California
Madera,2020-12-31,201,1138,80,653,121,485,0,0,201,1138,0,0,201,1138,California
Madera,2021-01-01,1,1139,1,654,0,485,0,0,1,1139,0,0,1,1139,California
Madera,2021-01-02,89,1228,33,687,56,541,0,0,89,1228,0,0,89,1228,California
Madera,2021-01-03,5,1233,5,692,0,541,0,0,5,1233,0,0,5,1233,California
Madera,2021-01-04,129,1362,65,757,64,605,0,0,129,1362,0,0,129,1362,California
Madera,2021-01-05,279,1641,143,900,136,741,0,0,275,1633,4,4,275,1637,California
Madera,2021-01-06,183,1824,26,926,157,898,0,0,164,1778,19,23,164,1801,California
Madera,2021-01-07,399,2223,116,1042,283,1181,0,0,377,2133,22,45,377,2178,California
Madera,2021-01-08,418,2641,72,1114,346,1527,0,0,363,2443,54,99,364,2542,California
Madera,2021-01-09,36,2677,14,1128,22,1549,0,0,27,2461,9,108,27,2569,California
Madera,2021-01-10,17,2694,14,1142,3,1552,0,0,5,2454,12,120,5,2574,California
Madera,2021-01-11,238,2932,190,1332,48,1600,0,0,197,2610,41,161,197,2771,California
Madera,2021-01-12,392,3324,159,1491,233,1833,0,0,287,2792,105,266,287,3058,California
Madera,2021-01-13,184,3508,91,1582,93,1926,0,0,128,2865,56,322,129,3187,California
Madera,2021-01-14,553,4061,81,1663,472,2398,0,0,519,3350,34,356,519,3706,California
Madera,2021-01-15,599,4660,160,1823,439,2837,0,0,578,3907,21,377,578,4284,California
Madera,2021-01-16,382,5042,48,1871,334,3171,0,0,354,4233,28,405,354,4638,California
Madera,2021-01-17,335,5377,15,1886,320,3491,0,0,331,4560,4,409,331,4969,California
Madera,2021-01-18,77,5454,60,1946,17,3508,0,0,58,4600,18,427,58,5027,California
Madera,2021-01-19,572,6026,136,2082,436,3944,0,0,544,5117,28,455,545,5572,California
Madera,2021-01-20,235,6261,80,2162,155,4099,0,0,207,5297,27,482,207,5779,California
Madera,2021-01-21,239,6500,131,2293,108,4207,0,0,206,5472,31,513,206,5985,California
Madera,2021-01-22,257,6757,83,2376,174,4381,0,0,242,5699,15,528,242,6227,California
Madera,2021-01-23,100,6857,52,2428,48,4429,0,0,76,5751,24,552,76,6303,California
Madera,2021-01-24,100,6957,82,2510,18,4447,0,0,78,5807,22,574,78,6381,California
Madera,2021-01-25,264,7221,126,2636,138,4585,0,0,145,5833,119,693,145,6526,California
Madera,2021-01-26,486,7707,189,2825,297,4882,0,0,295,5939,190,883,296,6822,California
Madera,2021-01-27,738,8445,63,2888,675,5557,0,0,601,6405,137,1020,603,7425,California
Madera,2021-01-28,544,8989,108,2996,436,5993,0,0,441,6743,103,1123,441,7866,California
Madera,2021-01-29,466,9455,94,3090,372,6365,0,0,411,7099,55,1178,411,8277,California
Madera,2021-01-30,505,9960,16,3106,489,6854,0,0,451,7496,54,1232,451,8728,California
Madera,2021-01-31,9,9969,6,3112,3,6857,0,0,8,7503,1,1233,8,8736,California
Madera,2021-02-01,332,10301,148,3260,184,7041,0,0,206,7583,126,1359,206,8942,California
Madera,2021-02-02,252,10553,88,3348,164,7205,0,0,161,7655,90,1449,162,9104,California
Madera,2021-02-03,595,11148,461,3809,134,7339,0,0,475,8013,118,1567,476,9580,California
Madera,2021-02-04,392,11540,124,3933,268,7607,0,0,114,7851,277,1844,115,9695,California
Madera,2021-02-05,975,12515,297,4230,678,8285,0,0,369,7620,601,2445,370,10065,California
Madera,2021-02-06,360,12875,326,4556,34,8319,0,0,320,7901,39,2484,320,10385,California
Madera,2021-02-07,34,12909,6,4562,28,8347,0,0,29,7925,5,2489,29,10414,California
Madera,2021-02-08,383,13292,307,4869,76,8423,0,0,269,8081,113,2602,269,10683,California
Madera,2021-02-09,479,13771,118,4987,361,8784,0,0,197,8000,279,2881,198,10881,California
Madera,2021-02-10,431,14202,149,5136,282,9066,0,0,325,8219,106,2987,325,11206,California
Madera,2021-02-11,939,15141,308,5444,631,9697,0,0,408,8098,530,3517,409,11615,California
Madera,2021-02-12,842,15983,120,5564,722,10419,0,0,311,7887,525,4042,314,11929,California
Madera,2021-02-13,484,16467,43,5607,441,10860,0,0,138,7683,345,4387,141,12070,California
Madera,2021-02-14,399,16866,75,5682,324,11184,0,0,135,7555,264,4651,136,12206,California
Madera,2021-02-15,246,17112,100,5782,146,11330,0,0,175,7660,70,4721,175,12381,California
Madera,2021-02-16,774,17886,183,5965,591,11921,0,0,228,7345,544,5265,229,12610,California
Madera,2021-02-17,610,18496,274,6239,336,12257,0,0,340,7422,265,5530,342,12952,California
Madera,2021-02-18,1300,19796,540,6779,760,13017,0,0,1121,8365,179,5709,1122,14074,California
Madera,2021-02-19,858,20654,543,7322,315,13332,0,0,716,8940,142,5851,717,14791,California
Madera,2021-02-20,1070,21724,979,8301,91,13423,0,0,998,9868,71,5922,999,15790,California
Madera,2021-02-21,962,22686,819,9120,143,13566,0,0,957,10820,5,5927,957,16747,California
Madera,2021-02-22,912,23598,834,9954,78,13644,0,0,856,11620,56,5983,856,17603,California
Madera,2021-02-23,774,24372,501,10455,273,13917,0,0,546,11941,225,6208,546,18149,California
Madera,2021-02-24,909,25281,299,10754,610,14527,0,0,379,11791,529,6737,379,18528,California
Madera,2021-02-25,1032,26313,317,11071,715,15242,0,0,599,11959,431,7168,599,19127,California
Madera,2021-02-26,1087,27400,197,11268,890,16132,0,0,710,12294,375,7543,710,19837,California
Madera,2021-02-27,893,28293,261,11529,632,16764,0,0,469,12345,421,7964,472,20309,California
Madera,2021-02-28,188,28481,28,11557,160,16924,0,0,183,12523,5,7969,183,20492,California
Madera,2021-03-01,378,28859,119,11676,259,17183,0,0,196,12539,180,8149,196,20688,California
Madera,2021-03-02,744,29603,351,12027,393,17576,0,0,631,13059,112,8261,632,21320,California
Madera,2021-03-03,1347,30950,720,12747,627,18203,0,0,943,13627,401,8662,969,22289,California
Madera,2021-03-04,1205,32155,527,13274,678,18881,0,0,954,14332,252,8914,957,23246,California
Madera,2021-03-05,1352,33507,421,13695,918,19799,13,13,1079,15164,271,9185,1103,24349,California
Madera,2021-03-06,813,34320,632,14327,149,19948,32,45,495,15375,317,9502,528,24877,California
Madera,2021-03-07,154,34474,28,14355,104,20052,22,67,104,15451,50,9552,126,25003,California
Madera,2021-03-08,600,35074,335,14690,206,20258,59,126,306,15524,294,9846,367,25370,California
Madera,2021-03-09,594,35668,296,14986,264,20522,34,160,407,15788,185,10031,449,25819,California
Madera,2021-03-10,1184,36852,560,15546,546,21068,78,238,755,16197,425,10456,834,26653,California
Madera,2021-03-11,1683,38535,865,16411,486,21554,332,570,767,16394,914,11370,1111,27764,California
Madera,2021-03-12,1567,40102,810,17221,602,22156,155,725,792,16593,773,12143,972,28736,California
Madera,2021-03-13,1875,41977,1329,18550,348,22504,198,923,808,16552,1063,13206,1022,29758,California
Madera,2021-03-14,584,42561,449,18999,103,22607,32,955,294,16592,287,13493,327,30085,California
Madera,2021-03-15,738,43299,222,19221,469,23076,47,1002,513,16955,222,13715,585,30670,California
Madera,2021-03-16,929,44228,524,19745,358,23434,47,1049,740,17573,186,13901,804,31474,California
Madera,2021-03-17,1463,45691,979,20724,421,23855,63,1112,909,18089,546,14447,1062,32536,California
Madera,2021-03-18,1945,47636,683,21407,1202,25057,60,1172,973,18239,967,15414,1117,33653,California
Madera,2021-03-19,1583,49219,589,21996,910,25967,84,1256,1041,18891,539,15953,1191,34844,California
Madera,2021-03-20,1181,50400,775,22771,355,26322,51,1307,619,19048,561,16514,718,35562,California
Madera,2021-03-21,1100,51500,898,23669,156,26478,46,1353,382,18762,715,17229,429,35991,California
Madera,2021-03-22,1361,52861,852,24521,441,26919,68,1421,686,18886,672,17901,796,36787,California
Madera,2021-03-23,1418,54279,861,25382,467,27386,90,1511,676,18994,740,18641,848,37635,California
Madera,2021-03-24,947,55226,508,25890,408,27794,31,1542,618,19321,326,18967,653,38288,California
Madera,2021-03-25,1167,56393,528,26418,615,28409,24,1566,645,19491,512,19479,682,38970,California
Madera,2021-03-26,1518,57911,578,26996,808,29217,132,1698,710,19532,804,20283,845,39815,California
Madera,2021-03-27,919,58830,599,27595,296,29513,24,1722,416,19474,499,20782,441,40256,California
Madera,2021-03-28,435,59265,152,27747,222,29735,61,1783,242,19638,192,20974,356,40612,California
Madera,2021-03-29,685,59950,179,27926,477,30212,29,1812,491,19972,190,21164,524,41136,California
Madera,2021-03-30,1072,61022,605,28531,435,30647,32,1844,480,19897,589,21753,514,41650,California
Madera,2021-03-31,1394,62416,544,29075,716,31363,134,1978,428,19501,960,22713,564,42214,California
Madera,2021-04-01,1344,63760,620,29695,673,32036,51,2029,472,19157,865,23578,521,42735,California
Madera,2021-04-02,1599,65359,459,30154,1082,33118,58,2087,475,18579,1113,24691,535,43270,California
Madera,2021-04-03,958,66317,761,30915,177,33295,20,2107,395,18442,561,25252,424,43694,California
Madera,2021-04-04,187,66504,65,30980,120,33415,2,2109,88,18433,99,25351,90,43784,California
Madera,2021-04-05,737,67241,255,31235,424,33839,58,2167,343,18455,393,25744,415,44199,California
Madera,2021-04-06,1703,68944,889,32124,464,34303,350,2517,532,18168,1170,26914,883,45082,California
Madera,2021-04-07,1208,70152,376,32500,683,34986,149,2666,418,17956,787,27701,575,45657,California
Madera,2021-04-08,1702,71854,658,33158,787,35773,257,2923,544,17612,1152,28853,808,46465,California
Madera,2021-04-09,1622,73476,684,33842,790,36563,148,3071,937,18021,680,29533,1089,47554,California
Madera,2021-04-10,957,74433,679,34521,210,36773,68,3139,705,18542,253,29786,774,48328,California
Madera,2021-04-11,800,75233,648,35169,74,36847,78,3217,282,18385,515,30301,358,48686,California
Madera,2021-04-12,781,76014,268,35437,436,37283,77,3294,302,18286,479,30780,380,49066,California
Madera,2021-04-13,1234,77248,607,36044,586,37869,41,3335,717,18539,515,31295,768,49834,California
Madera,2021-04-14,1380,78628,854,36898,526,38395,0,3335,568,18301,812,32107,574,50408,California
Madera,2021-04-15,1153,79781,499,37397,653,39048,1,3336,419,18000,722,32829,421,50829,California
Madera,2021-04-16,1307,81088,535,37932,772,39820,0,3336,365,17435,931,33760,366,51195,California
Madera,2021-04-17,1268,82356,1070,39002,198,40018,0,3336,757,17681,511,34271,757,51952,California
Madera,2021-04-18,245,82601,207,39209,38,40056,0,3336,88,17614,155,34426,88,52040,California
Madera,2021-04-19,804,83405,236,39445,567,40623,1,3337,277,17370,521,34947,277,52317,California
Madera,2021-04-20,871,84276,427,39872,444,41067,0,3337,215,16934,653,35600,217,52534,California
Madera,2021-04-21,857,85133,452,40324,405,41472,0,3337,289,16657,568,36168,291,52825,California
Madera,2021-04-22,1059,86192,510,40834,549,42021,0,3337,372,16347,683,36851,373,53198,California
Madera,2021-04-23,960,87152,306,41140,654,42675,0,3337,334,16060,621,37472,334,53532,California
Madera,2021-04-24,705,87857,463,41603,242,42917,0,3337,246,15852,455,37927,247,53779,California
Madera,2021-04-25,265,88122,161,41764,101,43018,3,3340,118,15831,143,38070,122,53901,California
Madera,2021-04-26,518,88640,97,41861,415,43433,6,3346,111,15544,404,38474,117,54018,California
Madera,2021-04-27,565,89205,265,42126,279,43712,21,3367,298,15598,266,38740,320,54338,California
Madera,2021-04-28,490,89695,196,42322,275,43987,19,3386,241,15610,247,38987,259,54597,California
Madera,2021-04-29,537,90232,240,42562,270,44257,27,3413,250,15607,280,39267,277,54874,California
Madera,2021-04-30,919,91151,501,43063,402,44659,16,3429,254,15218,659,39926,270,55144,California
Madera,2021-05-01,959,92110,865,43928,81,44740,13,3442,384,15042,573,40499,397,55541,California
Madera,2021-05-02,400,92510,351,44279,45,44785,4,3446,148,14942,252,40751,152,55693,California
Madera,2021-05-03,503,93013,201,44480,262,45047,40,3486,101,14684,399,41150,141,55834,California
Madera,2021-05-04,882,93895,433,44913,409,45456,40,3526,211,14264,671,41821,251,56085,California
Madera,2021-05-05,994,94889,473,45386,462,45918,59,3585,273,13877,719,42540,332,56417,California
Madera,2021-05-06,696,95585,248,45634,417,46335,31,3616,154,13525,537,43077,185,56602,California
Madera,2021-05-07,806,96391,279,45913,506,46841,21,3637,194,13132,607,43684,214,56816,California
Madera,2021-05-08,968,97359,756,46669,202,47043,10,3647,186,12547,781,44465,196,57012,California
Madera,2021-05-09,145,97504,19,46688,115,47158,11,3658,34,12482,110,44575,45,57057,California
Madera,2021-05-10,343,97847,73,46761,258,47416,12,3670,99,12350,243,44818,111,57168,California
Madera,2021-05-11,525,98372,174,46935,343,47759,8,3678,172,12179,351,45169,180,57348,California
Madera,2021-05-12,491,98863,222,47157,233,47992,36,3714,119,11964,370,45539,155,57503,California
Madera,2021-05-13,477,99340,287,47444,158,48150,32,3746,155,11831,320,45859,187,57690,California
Madera,2021-05-14,523,99863,261,47705,239,48389,23,3769,230,11794,290,46149,253,57943,California
Madera,2021-05-15,560,100423,475,48180,77,48466,8,3777,363,11970,195,46344,371,58314,California
Madera,2021-05-16,255,100678,186,48366,37,48503,32,3809,103,11953,152,46496,135,58449,California
Madera,2021-05-17,451,101129,186,48552,236,48739,29,3838,206,11947,242,46738,236,58685,California
Madera,2021-05-18,542,101671,363,48915,158,48897,21,3859,286,12002,252,46990,307,58992,California
Madera,2021-05-19,482,102153,223,49138,237,49134,22,3881,215,11973,266,47256,237,59229,California
Madera,2021-05-20,539,102692,240,49378,261,49395,38,3919,203,11884,330,47586,241,59470,California
Madera,2021-05-21,447,103139,166,49544,256,49651,25,3944,162,11791,280,47866,187,59657,California
Madera,2021-05-22,852,103991,777,50321,61,49712,14,3958,499,11952,352,48218,513,60170,California
Madera,2021-05-23,240,104231,227,50548,4,49716,9,3967,128,11978,111,48329,137,60307,California
Madera,2021-05-24,291,104522,140,50688,112,49828,39,4006,125,11976,166,48495,164,60471,California
Madera,2021-05-25,357,104879,160,50848,171,49999,26,4032,147,11942,207,48702,173,60644,California
Madera,2021-05-26,295,105174,185,51033,89,50088,21,4053,156,11981,138,48840,177,60821,California
Marin,2020-12-15,2,2,2,2,0,0,0,0,2,2,0,0,2,2,California
Marin,2020-12-16,109,111,109,111,0,0,0,0,109,111,0,0,109,111,California
Marin,2020-12-17,262,373,262,373,0,0,0,0,262,373,0,0,262,373,California
Marin,2020-12-18,376,749,376,749,0,0,0,0,376,749,0,0,376,749,California
Marin,2020-12-19,348,1097,347,1096,1,1,0,0,348,1097,0,0,348,1097,California
Marin,2020-12-20,166,1263,165,1261,1,2,0,0,166,1263,0,0,166,1263,California
Marin,2020-12-21,238,1501,235,1496,3,5,0,0,238,1501,0,0,238,1501,California
Marin,2020-12-22,523,2024,319,1815,204,209,0,0,523,2024,0,0,523,2024,California
Marin,2020-12-23,735,2759,321,2136,414,623,0,0,735,2759,0,0,735,2759,California
Marin,2020-12-24,357,3116,159,2295,198,821,0,0,357,3116,0,0,357,3116,California
Marin,2020-12-25,27,3143,0,2295,27,848,0,0,27,3143,0,0,27,3143,California
Marin,2020-12-26,144,3287,94,2389,50,898,0,0,144,3287,0,0,144,3287,California
Marin,2020-12-27,92,3379,55,2444,37,935,0,0,92,3379,0,0,92,3379,California
Marin,2020-12-28,408,3787,99,2543,309,1244,0,0,408,3787,0,0,408,3787,California
Marin,2020-12-29,403,4190,88,2631,315,1559,0,0,403,4190,0,0,403,4190,California
Marin,2020-12-30,626,4816,389,3020,237,1796,0,0,626,4816,0,0,626,4816,California
Marin,2020-12-31,198,5014,34,3054,164,1960,0,0,198,5014,0,0,198,5014,California
Marin,2021-01-01,19,5033,9,3063,10,1970,0,0,19,5033,0,0,19,5033,California
Marin,2021-01-02,113,5146,107,3170,6,1976,0,0,113,5146,0,0,113,5146,California
Marin,2021-01-03,49,5195,31,3201,18,1994,0,0,46,5192,0,0,46,5192,California
Marin,2021-01-04,295,5490,192,3393,103,2097,0,0,294,5485,1,1,294,5486,California
Marin,2021-01-05,369,5859,222,3615,147,2244,0,0,326,5768,43,44,326,5812,California
Marin,2021-01-06,818,6677,318,3933,500,2744,0,0,638,6226,180,224,638,6450,California
Marin,2021-01-07,886,7563,500,4433,386,3130,0,0,542,6424,344,568,542,6992,California
Marin,2021-01-08,971,8534,516,4949,455,3585,0,0,593,6640,377,945,593,7585,California
Marin,2021-01-09,620,9154,223,5172,397,3982,0,0,488,6996,132,1077,488,8073,California
Marin,2021-01-10,128,9282,99,5271,29,4011,0,0,55,6978,73,1150,55,8128,California
Marin,2021-01-11,469,9751,327,5598,142,4153,0,0,248,7007,221,1371,250,8378,California
Marin,2021-01-12,938,10689,543,6141,395,4548,0,0,570,7212,365,1736,570,8948,California
Marin,2021-01-13,1177,11866,497,6638,680,5228,0,0,939,7913,238,1974,939,9887,California
Marin,2021-01-14,1070,12936,318,6956,752,5980,0,0,920,8685,148,2122,920,10807,California
Marin,2021-01-15,1156,14092,353,7309,803,6783,0,0,1026,9583,129,2251,1027,11834,California
Marin,2021-01-16,1123,15215,914,8223,209,6992,0,0,1049,10558,74,2325,1049,12883,California
Marin,2021-01-17,1231,16446,1113,9336,118,7110,0,0,1202,11735,28,2353,1205,14088,California
Marin,2021-01-18,360,16806,158,9494,202,7312,0,0,309,11993,51,2404,309,14397,California
Marin,2021-01-19,1156,17962,913,10407,243,7555,0,0,983,12804,172,2576,983,15380,California
Marin,2021-01-20,1794,19756,1210,11617,584,8139,0,0,1064,13149,719,3295,1064,16444,California
Marin,2021-01-21,1683,21439,1061,12678,622,8761,0,0,1329,14129,351,3646,1331,17775,California
Marin,2021-01-22,1703,23142,1091,13769,612,9373,0,0,1531,15489,172,3818,1532,19307,California
Marin,2021-01-23,1847,24989,1344,15113,503,9876,0,0,1758,17159,88,3906,1758,21065,California
Marin,2021-01-24,614,25603,165,15278,449,10325,0,0,582,17709,32,3938,582,21647,California
Marin,2021-01-25,1133,26736,231,15509,902,11227,0,0,695,17967,438,4376,696,22343,California
Marin,2021-01-26,1508,28244,784,16293,724,11951,0,0,1133,18726,374,4750,1133,23476,California
Marin,2021-01-27,1714,29958,887,17180,827,12778,0,0,1354,19723,358,5108,1355,24831,California
Marin,2021-01-28,2083,32041,1070,18250,1013,13791,0,0,1819,21280,263,5371,1820,26651,California
Marin,2021-01-29,2192,34233,1444,19694,748,14539,0,0,1988,23077,192,5563,1989,28640,California
Marin,2021-01-30,1721,35954,906,20600,815,15354,0,0,1642,24641,79,5642,1643,30283,California
Marin,2021-01-31,458,36412,321,20921,137,15491,0,0,432,25047,26,5668,432,30715,California
Marin,2021-02-01,1092,37504,418,21339,674,16165,0,0,894,25745,197,5865,895,31610,California
Marin,2021-02-02,1378,38882,487,21826,891,17056,0,0,724,25826,643,6508,724,32334,California
Marin,2021-02-03,1774,40656,421,22247,1353,18409,0,0,1272,26597,501,7009,1272,33606,California
Marin,2021-02-04,1524,42180,498,22745,1026,19435,0,0,922,26920,599,7608,922,34528,California
Marin,2021-02-05,2172,44352,679,23424,1493,20928,0,0,1336,27424,832,8440,1336,35864,California
Marin,2021-02-06,1429,45781,851,24275,578,21506,0,0,607,27210,821,9261,607,36471,California
Marin,2021-02-07,1291,47072,1009,25284,282,21788,0,0,489,26898,801,10062,489,36960,California
Marin,2021-02-08,1521,48593,751,26035,770,22558,0,0,723,26825,796,10858,723,37683,California
Marin,2021-02-09,1778,50371,1121,27156,657,23215,0,0,832,26711,946,11804,832,38515,California
Marin,2021-02-10,2337,52708,1489,28645,848,24063,0,0,1214,26805,1121,12925,1215,39730,California
Marin,2021-02-11,2865,55573,1639,30284,1226,25289,0,0,1447,26842,1413,14338,1450,41180,California
Marin,2021-02-12,3064,58637,1540,31824,1524,26813,0,0,1559,26900,1502,15840,1560,42740,California
Marin,2021-02-13,2342,60979,1244,33068,1098,27911,0,0,1132,26824,1208,17048,1132,43872,California
Marin,2021-02-14,814,61793,302,33370,512,28423,0,0,721,27453,93,17141,722,44594,California
Marin,2021-02-15,1214,63007,355,33725,859,29282,0,0,834,27909,379,17520,835,45429,California
Marin,2021-02-16,2469,65476,1058,34783,1411,30693,0,0,1506,28453,962,18482,1506,46935,California
Marin,2021-02-17,2108,67584,947,35730,1161,31854,0,0,1090,28528,1016,19498,1091,48026,California
Marin,2021-02-18,2418,70002,1584,37314,834,32688,0,0,1058,28228,1358,20856,1058,49084,California
Marin,2021-02-19,2763,72765,2157,39471,606,33294,0,0,1221,27921,1529,22385,1222,50306,California
Marin,2021-02-20,2565,75330,2111,41582,454,33748,0,0,1216,27797,1341,23726,1217,51523,California
Marin,2021-02-21,1309,76639,1115,42697,194,33942,0,0,930,28352,375,24101,930,52453,California
Marin,2021-02-22,1834,78473,1412,44109,422,34364,0,0,1220,28961,612,24713,1221,53674,California
Marin,2021-02-23,2860,81333,1639,45748,1221,35585,0,0,1926,29965,923,25636,1927,55601,California
Marin,2021-02-24,3514,84847,1615,47363,1899,37484,0,0,2253,30965,1254,26890,2254,57855,California
Marin,2021-02-25,3940,88787,1814,49177,2126,39610,0,0,2779,32591,1154,28044,2780,60635,California
Marin,2021-02-26,3495,92282,1892,51069,1603,41213,0,0,2538,34185,945,28989,2539,63174,California
Marin,2021-02-27,2627,94909,1510,52579,1117,42330,0,0,1788,35139,836,29825,1790,64964,California
Marin,2021-02-28,1377,96286,916,53495,461,42791,0,0,1042,35849,332,30157,1042,66006,California
Marin,2021-03-01,2508,98794,1557,55052,950,43741,1,1,1685,36719,816,30973,1686,67692,California
Marin,2021-03-02,2524,101318,1682,56734,841,44582,1,2,1753,37706,767,31740,1754,69446,California
Marin,2021-03-03,4337,105655,2411,59145,1922,46504,4,6,2808,38995,1523,33263,2812,72258,California
Marin,2021-03-04,3388,109043,1665,60810,1722,48226,1,7,2369,40356,1012,34275,2373,74631,California
Marin,2021-03-05,3075,112118,1176,61986,1887,50113,12,19,1803,40904,1267,35542,1815,76446,California
Marin,2021-03-06,3243,115361,2327,64313,838,50951,78,97,2667,43077,571,36113,2744,79190,California
Marin,2021-03-07,1389,116750,1169,65482,196,51147,24,121,998,43713,386,36499,1022,80212,California
Marin,2021-03-08,1896,118646,1391,66873,388,51535,117,238,1426,44789,467,36966,1543,81755,California
Marin,2021-03-09,2225,120871,1343,68216,774,52309,108,346,1549,45771,674,37640,1656,83411,California
Marin,2021-03-10,4448,125319,2504,70720,1661,53970,283,629,3212,48037,1231,38871,3497,86908,California
Marin,2021-03-11,4570,129889,1880,72600,2554,56524,136,765,3274,50158,1289,40160,3410,90318,California
Marin,2021-03-12,3985,133874,1546,74146,2083,58607,356,1121,1573,49686,2401,42561,1929,92247,California
Marin,2021-03-13,4099,137973,2857,77003,1170,59777,72,1193,2421,50499,1676,44237,2489,94736,California
Marin,2021-03-14,2282,140255,1104,78107,1061,60838,117,1310,710,49755,1570,45807,826,95562,California
Marin,2021-03-15,3244,143499,1777,79884,1418,62256,49,1359,1229,49028,2004,47811,1277,96839,California
Marin,2021-03-16,4308,147807,2321,82205,1623,63879,364,1723,1502,48089,2803,50614,1864,98703,California
Marin,2021-03-17,4193,152000,2278,84483,1868,65747,47,1770,2060,48074,2121,52735,2106,100809,California
Marin,2021-03-18,4496,156496,2270,86753,2151,67898,75,1845,2251,48168,2229,54964,2323,103132,California
Marin,2021-03-19,4480,160976,2297,89050,1964,69862,219,2064,2433,48780,2037,57001,2649,105781,California
Marin,2021-03-20,3593,164569,1994,91044,1485,71347,114,2178,2032,49375,1552,58553,2147,107928,California
Marin,2021-03-21,1546,166115,1141,92185,381,71728,24,2202,805,49465,739,59292,829,108757,California
Marin,2021-03-22,2484,168599,2146,94331,171,71899,167,2369,996,49144,1484,60776,1163,109920,California
Marin,2021-03-23,4249,172848,2204,96535,1915,73814,130,2499,1875,48781,2368,63144,2005,111925,California
Marin,2021-03-24,4447,177295,2906,99441,1436,75250,105,2604,1817,48084,2617,65761,1920,113845,California
Marin,2021-03-25,4649,181944,2842,102283,1739,76989,68,2672,2258,48031,2377,68138,2324,116169,California
Marin,2021-03-26,4307,186251,2344,104627,1749,78738,214,2886,2412,48778,1879,70017,2626,118795,California
Marin,2021-03-27,3720,189971,2673,107300,1028,79766,19,2905,1141,47368,2569,72586,1159,119954,California
Marin,2021-03-28,2386,192357,1726,109026,654,80420,6,2911,1088,47171,1291,73877,1094,121048,California
Marin,2021-03-29,2695,195052,2099,111125,571,80991,25,2936,1165,46835,1527,75404,1191,122239,California
Marin,2021-03-30,4672,199724,3656,114781,982,81973,34,2970,2955,48110,1714,77118,2989,125228,California
Marin,2021-03-31,5830,205554,4132,118913,1649,83622,49,3019,2550,47440,3269,80387,2599,127827,California
Marin,2021-04-01,4445,209999,2283,121196,1906,85528,256,3275,2114,47490,2319,82706,2369,130196,California
Marin,2021-04-02,3739,213738,1859,123055,1509,87037,371,3646,2001,48124,1730,84436,2364,132560,California
Marin,2021-04-03,3899,217637,2550,125605,971,88008,378,4024,1487,47592,2399,86835,1867,134427,California
Marin,2021-04-04,1651,219288,1241,126846,207,88215,203,4227,1202,48550,447,87282,1405,135832,California
Marin,2021-04-05,2208,221496,1528,128374,304,88519,376,4603,1262,49246,940,88222,1636,137468,California
Marin,2021-04-06,3964,225460,2118,130492,1295,89814,551,5154,2200,50238,1759,89981,2751,140219,California
Marin,2021-04-07,3961,229421,2002,132494,1318,91132,641,5795,1454,49842,2499,92480,2103,142322,California
Marin,2021-04-08,5022,234443,1962,134456,2453,93585,607,6402,2294,50022,2719,95199,2899,145221,California
Marin,2021-04-09,3981,238424,1549,136005,1701,95286,731,7133,1310,49398,2666,97865,2042,147263,California
Marin,2021-04-10,3197,241621,1464,137469,1300,96586,433,7566,1434,49513,1748,99613,1863,149126,California
Marin,2021-04-11,1057,242678,803,138272,92,96678,162,7728,470,49559,585,100198,631,149757,California
Marin,2021-04-12,1735,244413,1235,139507,340,97018,160,7888,915,49819,816,101014,1076,150833,California
Marin,2021-04-13,3713,248126,2274,141781,1432,98450,7,7895,1348,48819,2355,103369,1355,152188,California
Marin,2021-04-14,4155,252281,2478,144259,1674,100124,3,7898,1706,48087,2439,105808,1707,153895,California
Marin,2021-04-15,5568,257849,3945,148204,1623,101747,0,7898,3191,48914,2365,108173,3192,157087,California
Marin,2021-04-16,4250,262099,2236,150440,2011,103758,3,7901,2067,48816,2169,110342,2071,159158,California
Marin,2021-04-17,3528,265627,2154,152594,1374,105132,0,7901,1760,48813,1763,112105,1760,160918,California
Marin,2021-04-18,3170,268797,3068,155662,102,105234,0,7901,2535,50716,632,112737,2535,163453,California
Marin,2021-04-19,2043,270840,1871,157533,172,105406,0,7901,1160,51000,878,113615,1162,164615,California
Marin,2021-04-20,3689,274529,2549,160082,1140,106546,0,7901,1467,50252,2216,115831,1468,166083,California
Marin,2021-04-21,4006,278535,2943,163025,1060,107606,3,7904,1355,48972,2636,118467,1356,167439,California
Marin,2021-04-22,4215,282750,3214,166239,1001,108607,0,7904,1484,47735,2724,121191,1487,168926,California
Marin,2021-04-23,3223,285973,1818,168057,1405,110012,0,7904,1226,46972,1990,123181,1227,170153,California
Marin,2021-04-24,2518,288491,1683,169740,834,110846,1,7905,918,46297,1594,124775,919,171072,California
Marin,2021-04-25,1383,289874,1265,171005,118,110964,0,7905,306,45533,1070,125845,306,171378,California
Marin,2021-04-26,1549,291423,1352,172357,194,111158,3,7908,353,44697,1193,127038,357,171735,California
Marin,2021-04-27,2979,294402,2177,174534,764,111922,38,7946,969,43699,2001,129039,1003,172738,California
Marin,2021-04-28,2300,296702,1586,176120,664,112586,50,7996,722,42895,1574,130613,770,173508,California
Marin,2021-04-29,2877,299579,1972,178092,843,113429,62,8058,787,41663,2081,132694,849,174357,California
Marin,2021-04-30,1954,301533,1277,179369,589,114018,88,8146,700,41204,1247,133941,788,175145,California
Marin,2021-05-01,1820,303353,1011,180380,786,114804,23,8169,531,40476,1281,135222,553,175698,California
Marin,2021-05-02,723,304076,586,180966,108,114912,29,8198,200,40185,519,135741,228,175926,California
Marin,2021-05-03,1211,305287,988,181954,167,115079,56,8254,261,39553,948,136689,316,176242,California
Marin,2021-05-04,2918,308205,1963,183917,865,115944,90,8344,470,37672,2441,139130,560,176802,California
Marin,2021-05-05,2718,310923,1995,185912,601,116545,122,8466,442,35966,2270,141400,564,177366,California
Marin,2021-05-06,3258,314181,2531,188443,638,117183,89,8555,425,33653,2825,144225,512,177878,California
Marin,2021-05-07,2030,316211,1543,189986,401,117584,86,8641,379,32472,1644,145869,463,178341,California
Marin,2021-05-08,2466,318677,1860,191846,484,118068,122,8763,338,30812,2120,147989,460,178801,California
Marin,2021-05-09,984,319661,899,192745,65,118133,20,8783,118,30089,862,148851,139,178940,California
Marin,2021-05-10,1405,321066,1150,193895,185,118318,70,8853,200,29157,1201,150052,269,179209,California
Marin,2021-05-11,2284,323350,1833,195728,398,118716,53,8906,295,27517,1987,152039,347,179556,California
Marin,2021-05-12,1392,324742,1029,196757,296,119012,67,8973,274,26743,1114,153153,340,179896,California
Marin,2021-05-13,2500,327242,2165,198922,280,119292,55,9028,1345,26994,1148,154301,1399,181295,California
Marin,2021-05-14,2201,329443,1452,200374,649,119941,100,9128,883,26665,1312,155613,983,182278,California
Marin,2021-05-15,2712,332155,2246,202620,386,120327,80,9208,1641,27316,1070,156683,1721,183999,California
Marin,2021-05-16,1643,333798,1588,204208,50,120377,5,9213,1327,28334,313,156996,1331,185330,California
Marin,2021-05-17,2129,335927,1981,206189,105,120482,43,9256,1717,29689,405,157401,1760,187090,California
Marin,2021-05-18,1519,337446,1184,207373,280,120762,55,9311,801,29832,712,158113,855,187945,California
Marin,2021-05-19,1536,338982,1239,208612,228,120990,69,9380,782,29934,748,158861,850,188795,California
Marin,2021-05-20,1704,340686,1412,210024,211,121201,81,9461,712,29742,985,159846,793,189588,California
Marin,2021-05-21,1334,342020,761,210785,526,121727,47,9508,376,29213,952,160798,423,190011,California
Marin,2021-05-22,1332,343352,1010,211795,266,121993,56,9564,917,29774,412,161210,973,190984,California
Marin,2021-05-23,420,343772,381,212176,29,122022,10,9574,196,29759,221,161431,206,191190,California
Marin,2021-05-24,649,344421,497,212673,109,122131,43,9617,360,29876,285,161716,402,191592,California
Marin,2021-05-25,991,345412,620,213293,324,122455,47,9664,314,29566,668,162384,358,191950,California
Marin,2021-05-26,488,345900,364,213657,96,122551,28,9692,159,29427,326,162710,187,192137,California
Mariposa,2020-12-17,37,37,37,37,0,0,0,0,39,39,0,0,39,39,California
Mariposa,2020-12-18,55,92,55,92,0,0,0,0,56,95,0,0,56,95,California
Mariposa,2020-12-20,2,94,2,94,0,0,0,0,2,97,0,0,2,97,California
Mariposa,2020-12-21,49,143,49,143,0,0,0,0,53,150,0,0,53,150,California
Mariposa,2020-12-22,5,148,5,148,0,0,0,0,5,155,0,0,5,155,California
Mariposa,2020-12-23,16,164,16,164,0,0,0,0,16,171,0,0,16,171,California
Mariposa,2020-12-24,1,165,0,164,1,1,0,0,0,171,0,0,0,171,California
Mariposa,2020-12-26,1,166,1,165,0,1,0,0,1,172,0,0,1,172,California
Mariposa,2020-12-27,1,167,0,165,1,2,0,0,1,173,0,0,1,173,California
Mariposa,2020-12-28,6,173,3,168,3,5,0,0,6,179,0,0,6,179,California
Mariposa,2020-12-29,33,206,3,171,30,35,0,0,33,212,0,0,33,212,California
Mariposa,2020-12-30,25,231,4,175,21,56,0,0,25,237,0,0,25,237,California
Mariposa,2020-12-31,16,247,0,175,16,72,0,0,16,253,0,0,16,253,California
Mariposa,2021-01-02,1,248,1,176,0,72,0,0,1,254,0,0,1,254,California
Mariposa,2021-01-04,8,256,1,177,7,79,0,0,8,262,0,0,8,262,California
Mariposa,2021-01-05,24,280,14,191,10,89,0,0,14,266,10,10,14,276,California
Mariposa,2021-01-06,6,286,3,194,3,92,0,0,3,266,3,13,3,279,California
Mariposa,2021-01-07,51,337,46,240,5,97,0,0,5,225,46,59,5,284,California
Mariposa,2021-01-08,108,445,79,319,29,126,0,0,33,183,75,134,33,317,California
Mariposa,2021-01-09,1,446,0,319,1,127,0,0,1,184,0,134,1,318,California
Mariposa,2021-01-11,31,477,10,329,21,148,0,0,23,199,8,142,23,341,California
Mariposa,2021-01-12,19,496,4,333,15,163,0,0,15,210,4,146,15,356,California
Mariposa,2021-01-13,21,517,4,337,17,180,0,0,18,225,3,149,18,374,California
Mariposa,2021-01-14,73,590,7,344,66,246,0,0,67,286,6,155,67,441,California
Mariposa,2021-01-15,68,658,27,371,41,287,0,0,58,334,10,165,58,499,California
Mariposa,2021-01-16,14,672,2,373,12,299,0,0,13,346,1,166,13,512,California
Mariposa,2021-01-17,2,674,0,373,2,301,0,0,2,348,0,166,2,514,California
Mariposa,2021-01-18,3,677,3,376,0,301,0,0,1,347,2,168,1,515,California
Mariposa,2021-01-19,8,685,4,380,4,305,0,0,5,350,2,170,5,520,California
Mariposa,2021-01-20,23,708,1,381,22,327,0,0,22,371,1,171,22,542,California
Mariposa,2021-01-21,65,773,7,388,58,385,0,0,61,428,4,175,61,603,California
Mariposa,2021-01-22,56,829,2,390,54,439,0,0,56,484,0,175,56,659,California
Mariposa,2021-01-23,116,945,2,392,114,553,0,0,115,598,1,176,115,774,California
Mariposa,2021-01-24,2,947,2,394,0,553,0,0,2,600,0,176,2,776,California
Mariposa,2021-01-25,4,951,1,395,3,556,0,0,0,596,4,180,0,776,California
Mariposa,2021-01-26,36,987,4,399,32,588,0,0,4,572,32,212,8,784,California
Mariposa,2021-01-27,23,1010,1,400,22,610,0,0,13,575,10,222,13,797,California
Mariposa,2021-01-28,126,1136,3,403,123,733,0,0,113,676,12,234,113,910,California
Mariposa,2021-01-29,84,1220,22,425,62,795,0,0,83,758,1,235,83,993,California
Mariposa,2021-01-30,9,1229,1,426,8,803,0,0,8,765,1,236,8,1001,California
Mariposa,2021-01-31,1,1230,0,426,1,804,0,0,1,766,0,236,1,1002,California
Mariposa,2021-02-01,87,1317,30,456,57,861,0,0,66,811,21,257,66,1068,California
Mariposa,2021-02-02,15,1332,3,459,12,873,0,0,9,814,6,263,9,1077,California
Mariposa,2021-02-03,20,1352,1,460,19,892,0,0,14,822,6,269,14,1091,California
Mariposa,2021-02-04,99,1451,8,468,91,983,0,0,94,913,4,273,95,1186,California
Mariposa,2021-02-05,191,1642,5,473,186,1169,0,0,165,1052,26,299,165,1351,California
Mariposa,2021-02-06,11,1653,4,477,7,1176,0,0,10,1061,1,300,10,1361,California
Mariposa,2021-02-07,1,1654,0,477,1,1177,0,0,1,1062,0,300,1,1362,California
Mariposa,2021-02-08,40,1694,2,479,38,1215,0,0,21,1064,19,319,21,1383,California
Mariposa,2021-02-09,42,1736,24,503,18,1233,0,0,36,1094,6,325,36,1419,California
Mariposa,2021-02-10,28,1764,5,508,23,1256,0,0,17,1107,10,335,23,1442,California
Mariposa,2021-02-11,374,2138,5,513,369,1625,0,0,360,1456,14,349,363,1805,California
Mariposa,2021-02-12,185,2323,8,521,177,1802,0,0,141,1553,44,393,141,1946,California
Mariposa,2021-02-13,11,2334,3,524,8,1810,0,0,9,1560,2,395,9,1955,California
Mariposa,2021-02-14,8,2342,4,528,4,1814,0,0,5,1562,3,398,5,1960,California
Mariposa,2021-02-15,9,2351,3,531,6,1820,0,0,7,1567,2,400,7,1967,California
Mariposa,2021-02-16,57,2408,34,565,23,1843,0,0,34,1578,23,423,34,2001,California
Mariposa,2021-02-17,37,2445,9,574,28,1871,0,0,27,1597,9,432,28,2029,California
Mariposa,2021-02-18,57,2502,7,581,50,1921,0,0,20,1580,37,469,20,2049,California
Mariposa,2021-02-19,82,2584,3,584,79,2000,0,0,76,1650,6,475,76,2125,California
Mariposa,2021-02-20,253,2837,4,588,249,2249,0,0,223,1844,29,504,223,2348,California
Mariposa,2021-02-21,236,3073,3,591,233,2482,0,0,235,2078,1,505,235,2583,California
Mariposa,2021-02-22,23,3096,7,598,16,2498,0,0,21,2097,2,507,21,2604,California
Mariposa,2021-02-23,43,3139,37,635,6,2504,0,0,26,2106,17,524,26,2630,California
Mariposa,2021-02-24,20,3159,3,638,17,2521,0,0,8,2103,11,535,8,2638,California
Mariposa,2021-02-25,17,3176,8,646,9,2530,0,0,11,2108,6,541,11,2649,California
Mariposa,2021-02-26,424,3600,7,653,417,2947,0,0,363,2411,61,602,364,3013,California
Mariposa,2021-02-27,169,3769,5,658,164,3111,0,0,158,2558,11,613,158,3171,California
Mariposa,2021-02-28,2,3771,1,659,1,3112,0,0,0,2556,2,615,0,3171,California
Mariposa,2021-03-01,81,3852,26,685,55,3167,0,0,16,2508,64,679,16,3187,California
Mariposa,2021-03-02,20,3872,13,698,7,3174,0,0,11,2511,8,687,11,3198,California
Mariposa,2021-03-03,71,3943,5,703,66,3240,0,0,65,2571,6,693,66,3264,California
Mariposa,2021-03-04,39,3982,9,712,30,3270,0,0,20,2573,19,712,21,3285,California
Mariposa,2021-03-05,57,4039,9,721,48,3318,0,0,40,2601,17,729,45,3330,California
Mariposa,2021-03-06,15,4054,6,727,9,3327,0,0,7,2600,8,737,7,3337,California
Mariposa,2021-03-07,1,4055,1,728,0,3327,0,0,0,2599,1,738,0,3337,California
Mariposa,2021-03-08,38,4093,4,732,23,3350,11,11,9,2590,29,767,20,3357,California
Mariposa,2021-03-09,45,4138,18,750,17,3367,10,21,14,2583,31,798,24,3381,California
Mariposa,2021-03-10,31,4169,9,759,12,3379,10,31,10,2582,21,819,20,3401,California
Mariposa,2021-03-11,467,4636,6,765,442,3821,19,50,226,2590,240,1059,248,3649,California
Mariposa,2021-03-12,255,4891,8,773,220,4041,27,77,115,2591,140,1199,141,3790,California
Mariposa,2021-03-13,32,4923,6,779,11,4052,15,92,11,2595,21,1220,25,3815,California
Mariposa,2021-03-14,17,4940,2,781,4,4056,11,103,3,2595,14,1234,14,3829,California
Mariposa,2021-03-15,76,5016,7,788,31,4087,38,141,31,2619,45,1279,69,3898,California
Mariposa,2021-03-16,82,5098,33,821,14,4101,35,176,23,2618,59,1338,58,3956,California
Mariposa,2021-03-17,71,5169,10,831,53,4154,8,184,51,2658,19,1357,59,4015,California
Mariposa,2021-03-18,65,5234,14,845,41,4195,10,194,40,2683,25,1382,50,4065,California
Mariposa,2021-03-19,338,5572,11,856,322,4517,5,199,303,2956,35,1417,308,4373,California
Mariposa,2021-03-20,426,5998,5,861,419,4936,2,201,46,2625,380,1797,49,4422,California
Mariposa,2021-03-21,15,6013,9,870,5,4941,1,202,10,2632,4,1801,11,4433,California
Mariposa,2021-03-22,38,6051,7,877,23,4964,8,210,26,2655,12,1813,35,4468,California
Mariposa,2021-03-23,53,6104,33,910,10,4974,10,220,32,2676,21,1834,42,4510,California
Mariposa,2021-03-24,55,6159,5,915,48,5022,2,222,50,2723,5,1839,52,4562,California
Mariposa,2021-03-25,76,6235,15,930,53,5075,8,230,54,2765,20,1859,62,4624,California
Mariposa,2021-03-26,488,6723,9,939,478,5553,1,231,252,2782,236,2095,253,4877,California
Mariposa,2021-03-27,224,6947,8,947,216,5769,0,231,90,2740,134,2229,92,4969,California
Mariposa,2021-03-28,5,6952,0,947,2,5771,3,234,1,2740,4,2233,4,4973,California
Mariposa,2021-03-29,19,6971,6,953,13,5784,0,234,12,2745,7,2240,12,4985,California
Mariposa,2021-03-30,36,7007,13,966,7,5791,16,250,13,2751,23,2263,29,5014,California
Mariposa,2021-03-31,88,7095,15,981,66,5857,7,257,68,2806,20,2283,75,5089,California
Mariposa,2021-04-01,54,7149,10,991,36,5893,8,265,34,2828,20,2303,42,5131,California
Mariposa,2021-04-02,347,7496,11,1002,334,6227,2,267,305,3094,41,2344,307,5438,California
Mariposa,2021-04-03,10,7506,7,1009,3,6230,0,267,5,3094,5,2349,5,5443,California
Mariposa,2021-04-04,2,7508,1,1010,0,6230,1,268,0,3093,2,2351,1,5444,California
Mariposa,2021-04-05,33,7541,22,1032,7,6237,4,272,16,3096,17,2368,20,5464,California
Mariposa,2021-04-06,43,7584,20,1052,7,6244,16,288,13,3096,29,2397,29,5493,California
Mariposa,2021-04-07,98,7682,6,1058,73,6317,19,307,28,3073,70,2467,47,5540,California
Mariposa,2021-04-08,278,7960,13,1071,246,6563,19,326,142,3101,134,2601,162,5702,California
Mariposa,2021-04-09,38,7998,9,1080,14,6577,15,341,11,3100,27,2628,26,5728,California
Mariposa,2021-04-10,201,8199,3,1083,188,6765,10,351,186,3282,13,2641,195,5923,California
Mariposa,2021-04-11,124,8323,4,1087,118,6883,2,353,57,3275,67,2708,60,5983,California
Mariposa,2021-04-12,42,8365,13,1100,27,6910,2,355,13,3261,29,2737,15,5998,California
Mariposa,2021-04-13,52,8417,45,1145,7,6917,0,355,34,3277,18,2755,34,6032,California
Mariposa,2021-04-14,111,8528,7,1152,104,7021,0,355,57,3281,53,2808,57,6089,California
Mariposa,2021-04-15,57,8585,15,1167,42,7063,0,355,43,3313,11,2819,43,6132,California
Mariposa,2021-04-16,382,8967,11,1178,371,7434,0,355,106,3143,276,3095,106,6238,California
Mariposa,2021-04-17,10,8977,6,1184,4,7438,0,355,7,3147,3,3098,7,6245,California
Mariposa,2021-04-18,7,8984,0,1184,7,7445,0,355,3,3146,4,3102,3,6248,California
Mariposa,2021-04-19,57,9041,25,1209,32,7477,0,355,29,3149,26,3128,29,6277,California
Mariposa,2021-04-20,62,9103,49,1258,13,7490,0,355,39,3167,21,3149,39,6316,California
Mariposa,2021-04-21,90,9193,13,1271,77,7567,0,355,42,3162,47,3196,42,6358,California
Mariposa,2021-04-22,47,9240,8,1279,39,7606,0,355,37,3190,9,3205,37,6395,California
Mariposa,2021-04-23,314,9554,69,1348,245,7851,0,355,143,3164,171,3376,145,6540,California
Mariposa,2021-04-24,105,9659,10,1358,95,7946,0,355,42,3144,62,3438,42,6582,California
Mariposa,2021-04-26,14,9673,10,1368,4,7950,0,355,4,3138,10,3448,4,6586,California
Mariposa,2021-04-27,31,9704,16,1384,14,7964,1,356,15,3141,13,3461,16,6602,California
Mariposa,2021-04-28,74,9778,13,1397,54,8018,7,363,29,3132,45,3506,36,6638,California
Mariposa,2021-04-29,84,9862,12,1409,71,8089,1,364,79,3207,5,3511,80,6718,California
Mariposa,2021-04-30,209,10071,5,1414,199,8288,5,369,63,3129,146,3657,68,6786,California
Mariposa,2021-05-01,2,10073,2,1416,0,8288,0,369,0,3127,2,3659,0,6786,California
Mariposa,2021-05-02,3,10076,2,1418,0,8288,1,370,0,3125,3,3662,1,6787,California
Mariposa,2021-05-03,16,10092,12,1430,3,8291,1,371,7,3125,8,3670,8,6795,California
Mariposa,2021-05-04,50,10142,31,1461,15,8306,4,375,36,3151,14,3684,40,6835,California
Mariposa,2021-05-05,56,10198,8,1469,46,8352,2,377,17,3131,39,3723,19,6854,California
Mariposa,2021-05-06,54,10252,35,1504,14,8366,5,382,38,3158,16,3739,43,6897,California
Mariposa,2021-05-07,27,10279,7,1511,17,8383,3,385,13,3160,14,3753,16,6913,California
Mariposa,2021-05-08,281,10560,4,1515,277,8660,0,385,34,2949,247,4000,36,6949,California
Mariposa,2021-05-09,2,10562,1,1516,1,8661,0,385,0,2947,2,4002,0,6949,California
Mariposa,2021-05-10,19,10581,8,1524,9,8670,2,387,4,2938,15,4017,6,6955,California
Mariposa,2021-05-11,28,10609,19,1543,9,8679,0,387,20,2951,7,4024,20,6975,California
Mariposa,2021-05-12,65,10674,4,1547,58,8737,3,390,6,2901,59,4083,9,6984,California
Mariposa,2021-05-13,48,10722,8,1555,38,8775,2,392,14,2883,34,4117,16,7000,California
Mariposa,2021-05-14,250,10972,122,1677,121,8896,7,399,118,2876,132,4249,125,7125,California
Mariposa,2021-05-15,17,10989,8,1685,8,8904,1,400,10,2880,7,4256,11,7136,California
Mariposa,2021-05-16,3,10992,1,1686,1,8905,1,401,1,2880,2,4258,2,7138,California
Mariposa,2021-05-17,15,11007,6,1692,6,8911,3,404,7,2882,8,4266,10,7148,California
Mariposa,2021-05-18,61,11068,41,1733,15,8926,5,409,44,2915,16,4282,49,7197,California
Mariposa,2021-05-19,68,11136,32,1765,35,8961,1,410,50,2949,17,4299,51,7248,California
Mariposa,2021-05-20,34,11170,19,1784,13,8974,2,412,13,2943,21,4320,15,7263,California
Mariposa,2021-05-21,92,11262,8,1792,82,9056,2,414,42,2938,49,4369,44,7307,California
Mariposa,2021-05-22,47,11309,6,1798,40,9096,1,415,17,2926,30,4399,18,7325,California
Mariposa,2021-05-23,3,11312,2,1800,0,9096,1,416,2,2928,1,4400,3,7328,California
Mariposa,2021-05-24,12,11324,7,1807,3,9099,2,418,8,2934,4,4404,10,7338,California
Mariposa,2021-05-25,6,11330,5,1812,1,9100,0,418,5,2938,1,4405,5,7343,California
Mariposa,2021-05-26,1,11331,0,1812,1,9101,0,418,1,2939,0,4405,1,7344,California
Mendocino,2020-12-17,70,70,70,70,0,0,0,0,70,70,0,0,70,70,California
Mendocino,2020-12-18,85,155,84,154,1,1,0,0,84,154,0,0,84,154,California
Mendocino,2020-12-19,4,159,4,158,0,1,0,0,4,158,0,0,4,158,California
Mendocino,2020-12-20,7,166,7,165,0,1,0,0,7,165,0,0,7,165,California
Mendocino,2020-12-21,241,407,241,406,0,1,0,0,77,242,0,0,77,242,California
Mendocino,2020-12-22,252,659,191,597,61,62,0,0,252,494,0,0,252,494,California
Mendocino,2020-12-23,270,929,47,644,223,285,0,0,269,763,0,0,269,763,California
Mendocino,2020-12-24,49,978,8,652,41,326,0,0,49,812,0,0,49,812,California
Mendocino,2020-12-25,1,979,0,652,1,327,0,0,1,813,0,0,1,813,California
Mendocino,2020-12-26,2,981,2,654,0,327,0,0,2,815,0,0,2,815,California
Mendocino,2020-12-27,1,982,0,654,1,328,0,0,1,816,0,0,1,816,California
Mendocino,2020-12-28,74,1056,9,663,65,393,0,0,74,890,0,0,74,890,California
Mendocino,2020-12-29,122,1178,61,724,61,454,0,0,122,1012,0,0,122,1012,California
Mendocino,2020-12-30,121,1299,67,791,54,508,0,0,121,1133,0,0,121,1133,California
Mendocino,2020-12-31,132,1431,97,888,35,543,0,0,132,1265,0,0,132,1265,California
Mendocino,2021-01-01,8,1439,6,894,2,545,0,0,8,1273,0,0,8,1273,California
Mendocino,2021-01-04,838,2277,18,912,820,1365,0,0,838,2111,0,0,838,2111,California
Mendocino,2021-01-05,74,2351,36,948,38,1403,0,0,61,2159,13,13,61,2172,California
Mendocino,2021-01-06,155,2506,133,1081,22,1425,0,0,145,2294,10,23,145,2317,California
Mendocino,2021-01-07,361,2867,238,1319,123,1548,0,0,298,2529,63,86,298,2615,California
Mendocino,2021-01-08,95,2962,82,1401,13,1561,0,0,41,2517,54,140,42,2657,California
Mendocino,2021-01-09,10,2972,6,1407,4,1565,0,0,8,2523,2,142,8,2665,California
Mendocino,2021-01-10,9,2981,8,1415,1,1566,0,0,2,2518,7,149,2,2667,California
Mendocino,2021-01-11,101,3082,92,1507,9,1575,0,0,43,2504,57,206,43,2710,California
Mendocino,2021-01-12,387,3469,377,1884,10,1585,0,0,270,2657,117,323,270,2980,California
Mendocino,2021-01-13,491,3960,145,2029,346,1931,0,0,449,3067,40,363,450,3430,California
Mendocino,2021-01-14,652,4612,20,2049,632,2563,0,0,643,3701,9,372,643,4073,California
Mendocino,2021-01-15,1872,6484,861,2910,1011,3574,0,0,1867,5564,5,377,1868,5941,California
Mendocino,2021-01-16,792,7276,50,2960,742,4316,0,0,790,6352,2,379,790,6731,California
Mendocino,2021-01-17,554,7830,1,2961,553,4869,0,0,553,6904,1,380,553,7284,California
Mendocino,2021-01-18,487,8317,462,3423,25,4894,0,0,476,7369,11,391,476,7760,California
Mendocino,2021-01-19,334,8651,148,3571,186,5080,0,0,158,7351,176,567,158,7918,California
Mendocino,2021-01-20,555,9206,407,3978,148,5228,0,0,449,7697,104,671,450,8368,California
Mendocino,2021-01-21,538,9744,225,4203,313,5541,0,0,352,7864,185,856,352,8720,California
Mendocino,2021-01-22,149,9893,58,4261,91,5632,0,0,110,7935,39,895,110,8830,California
Mendocino,2021-01-23,156,10049,84,4345,72,5704,0,0,150,8079,6,901,150,8980,California
Mendocino,2021-01-24,5,10054,3,4348,2,5706,0,0,5,8084,0,901,5,8985,California
Mendocino,2021-01-25,192,10246,18,4366,174,5880,0,0,122,8136,70,971,122,9107,California
Mendocino,2021-01-26,153,10399,53,4419,100,5980,0,0,94,8171,59,1030,94,9201,California
Mendocino,2021-01-27,441,10840,371,4790,70,6050,0,0,176,8089,258,1288,176,9377,California
Mendocino,2021-01-28,593,11433,529,5319,64,6114,0,0,498,8493,94,1382,498,9875,California
Mendocino,2021-01-29,394,11827,352,5671,42,6156,0,0,365,8830,29,1411,366,10241,California
Mendocino,2021-01-30,50,11877,31,5702,19,6175,0,0,43,8866,7,1418,43,10284,California
Mendocino,2021-01-31,274,12151,2,5704,272,6447,0,0,4,8600,270,1688,4,10288,California
Mendocino,2021-02-01,381,12532,52,5756,329,6776,0,0,59,8337,322,2010,59,10347,California
Mendocino,2021-02-02,737,13269,516,6272,221,6997,0,0,377,8354,360,2370,377,10724,California
Mendocino,2021-02-03,392,13661,207,6479,185,7182,0,0,222,8408,168,2538,222,10946,California
Mendocino,2021-02-04,625,14286,530,7009,95,7277,0,0,500,8783,125,2663,500,11446,California
Mendocino,2021-02-05,1304,15590,1214,8223,90,7367,0,0,584,8649,718,3381,584,12030,California
Mendocino,2021-02-06,558,16148,157,8380,401,7768,0,0,543,9177,15,3396,543,12573,California
Mendocino,2021-02-07,32,16180,28,8408,4,7772,0,0,32,9209,0,3396,32,12605,California
Mendocino,2021-02-08,747,16927,716,9124,31,7803,0,0,284,9030,463,3859,284,12889,California
Mendocino,2021-02-09,141,17068,58,9182,83,7886,0,0,89,9067,52,3911,89,12978,California
Mendocino,2021-02-10,1490,18558,924,10106,566,8452,0,0,743,9070,740,4651,743,13721,California
Mendocino,2021-02-11,1210,19768,208,10314,1002,9454,0,0,299,8458,911,5562,299,14020,California
Mendocino,2021-02-12,1455,21223,163,10477,1292,10746,0,0,656,8316,798,6360,656,14676,California
Mendocino,2021-02-13,502,21725,15,10492,487,11233,0,0,106,8032,395,6755,111,14787,California
Mendocino,2021-02-14,695,22420,3,10495,692,11925,0,0,135,7607,560,7315,135,14922,California
Mendocino,2021-02-15,330,22750,42,10537,288,12213,0,0,175,7627,155,7470,175,15097,California
Mendocino,2021-02-16,201,22951,51,10588,150,12363,0,0,130,7686,71,7541,130,15227,California
Mendocino,2021-02-17,1354,24305,1191,11779,163,12526,0,0,877,8088,475,8016,877,16104,California
Mendocino,2021-02-18,1791,26096,646,12425,1145,13671,0,0,1224,8746,566,8582,1224,17328,California
Mendocino,2021-02-19,756,26852,148,12573,608,14279,0,0,616,9222,140,8722,616,17944,California
Mendocino,2021-02-20,575,27427,549,13122,26,14305,0,0,544,9737,29,8751,544,18488,California
Mendocino,2021-02-21,326,27753,6,13128,320,14625,0,0,314,10040,11,8762,314,18802,California
Mendocino,2021-02-22,161,27914,29,13157,132,14757,0,0,69,10019,90,8852,69,18871,California
Mendocino,2021-02-23,857,28771,843,14000,14,14771,0,0,645,10454,210,9062,645,19516,California
Mendocino,2021-02-24,1848,30619,1766,15766,82,14853,0,0,1436,11485,407,9469,1438,20954,California
Mendocino,2021-02-25,1709,32328,533,16299,1176,16029,0,0,1287,12351,421,9890,1287,22241,California
Mendocino,2021-02-26,1416,33744,748,17047,668,16697,0,0,1050,13038,363,10253,1050,23291,California
Mendocino,2021-02-27,200,33944,151,17198,49,16746,0,0,77,12993,122,10375,77,23368,California
Mendocino,2021-02-28,36,33980,14,17212,22,16768,0,0,24,13005,12,10387,24,23392,California
Mendocino,2021-03-01,589,34569,547,17759,42,16810,0,0,549,13517,37,10424,549,23941,California
Mendocino,2021-03-02,75,34644,27,17786,48,16858,0,0,41,13525,33,10457,41,23982,California
Mendocino,2021-03-03,2034,36678,1333,19119,701,17559,0,0,1384,14261,648,11105,1384,25366,California
Mendocino,2021-03-04,1849,38527,148,19267,1701,19260,0,0,1631,15678,215,11320,1632,26998,California
Mendocino,2021-03-05,475,39002,416,19683,50,19310,9,9,372,15960,99,11419,381,27379,California
Mendocino,2021-03-06,246,39248,23,19706,198,19508,25,34,203,16146,42,11461,228,27607,California
Mendocino,2021-03-07,506,39754,8,19714,478,19986,20,54,118,15896,387,11848,137,27744,California
Mendocino,2021-03-08,123,39877,28,19742,57,20043,38,92,63,15939,58,11906,101,27845,California
Mendocino,2021-03-09,941,40818,601,20343,299,20342,41,133,834,16707,107,12013,875,28720,California
Mendocino,2021-03-10,1147,41965,984,21327,98,20440,65,198,272,16176,871,12884,340,29060,California
Mendocino,2021-03-11,841,42806,626,21953,161,20601,54,252,399,16190,439,13323,453,29513,California
Mendocino,2021-03-12,2063,44869,1051,23004,899,21500,113,365,1232,16711,824,14147,1345,30858,California
Mendocino,2021-03-13,702,45571,570,23574,74,21574,58,423,106,16284,592,14739,165,31023,California
Mendocino,2021-03-14,106,45677,4,23578,95,21669,7,430,12,16213,90,14829,19,31042,California
Mendocino,2021-03-15,599,46276,50,23628,491,22160,58,488,210,16092,388,15217,267,31309,California
Mendocino,2021-03-16,583,46859,386,24014,151,22311,46,534,121,15799,460,15677,167,31476,California
Mendocino,2021-03-17,1583,48442,1379,25393,55,22366,149,683,218,14811,1361,17038,373,31849,California
Mendocino,2021-03-18,1313,49755,248,25641,1027,23393,38,721,284,14111,1021,18059,321,32170,California
Mendocino,2021-03-19,1781,51536,855,26496,865,24258,61,782,333,13063,1444,19503,396,32566,California
Mendocino,2021-03-20,69,51605,10,26506,38,24296,21,803,12,13039,57,19560,33,32599,California
Mendocino,2021-03-21,8,51613,1,26507,2,24298,5,808,3,13042,5,19565,8,32607,California
Mendocino,2021-03-22,657,52270,613,27120,15,24313,29,837,146,12709,507,20072,174,32781,California
Mendocino,2021-03-23,165,52435,33,27153,102,24415,30,867,114,12802,51,20123,144,32925,California
Mendocino,2021-03-24,915,53350,841,27994,27,24442,47,914,112,12160,801,20924,159,33084,California
Mendocino,2021-03-25,2018,55368,52,28046,1946,26388,20,934,176,10518,1836,22760,194,33278,California
Mendocino,2021-03-26,546,55914,395,28441,126,26514,25,959,114,10225,432,23192,139,33417,California
Mendocino,2021-03-27,142,56056,13,28454,117,26631,12,971,80,10255,61,23253,91,33508,California
Mendocino,2021-03-28,25,56081,5,28459,16,26647,4,975,3,10241,21,23274,7,33515,California
Mendocino,2021-03-29,189,56270,100,28559,45,26692,44,1019,95,10286,94,23368,139,33654,California
Mendocino,2021-03-30,719,56989,634,29193,48,26740,37,1056,106,9818,611,23979,143,33797,California
Mendocino,2021-03-31,915,57904,280,29473,574,27314,61,1117,153,9272,760,24739,214,34011,California
Mendocino,2021-04-01,1736,59640,414,29887,1241,28555,81,1198,376,8378,1352,26091,458,34469,California
Mendocino,2021-04-02,1303,60943,1072,30959,158,28713,73,1271,158,7467,1142,27233,231,34700,California
Mendocino,2021-04-03,708,61651,10,30969,677,29390,21,1292,85,6955,619,27852,107,34807,California
Mendocino,2021-04-04,70,61721,34,31003,30,29420,6,1298,54,6999,16,27868,60,34867,California
Mendocino,2021-04-05,211,61932,141,31144,46,29466,24,1322,125,7059,86,27954,146,35013,California
Mendocino,2021-04-06,397,62329,123,31267,179,29645,95,1417,106,6969,291,28245,201,35214,California
Mendocino,2021-04-07,486,62815,176,31443,65,29710,245,1662,114,6958,369,28614,358,35572,California
Mendocino,2021-04-08,1496,64311,917,32360,464,30174,115,1777,1004,7592,486,29100,1120,36692,California
Mendocino,2021-04-09,758,65069,426,32786,171,30345,161,1938,396,7788,361,29461,557,37249,California
Mendocino,2021-04-10,405,65474,91,32877,268,30613,46,1984,99,7627,306,29767,145,37394,California
Mendocino,2021-04-11,122,65596,47,32924,19,30632,56,2040,59,7679,63,29830,115,37509,California
Mendocino,2021-04-12,621,66217,513,33437,48,30680,60,2100,407,7932,214,30044,467,37976,California
Mendocino,2021-04-13,290,66507,227,33664,63,30743,0,2100,222,8086,68,30112,222,38198,California
Mendocino,2021-04-14,520,67027,428,34092,92,30835,0,2100,417,8400,103,30215,417,38615,California
Mendocino,2021-04-15,657,67684,327,34419,330,31165,0,2100,387,8521,266,30481,387,39002,California
Mendocino,2021-04-16,125,67809,52,34471,72,31237,1,2101,77,8551,47,30528,77,39079,California
Mendocino,2021-04-17,196,68005,12,34483,184,31421,0,2101,67,8491,127,30655,67,39146,California
Mendocino,2021-04-18,13,68018,6,34489,7,31428,0,2101,8,8495,4,30659,8,39154,California
Mendocino,2021-04-19,539,68557,515,35004,23,31451,1,2102,427,8812,111,30770,428,39582,California
Mendocino,2021-04-20,419,68976,292,35296,127,31578,0,2102,262,8918,156,30926,262,39844,California
Mendocino,2021-04-21,192,69168,133,35429,58,31636,1,2103,113,8954,77,31003,113,39957,California
Mendocino,2021-04-22,487,69655,312,35741,174,31810,1,2104,317,9103,168,31171,317,40274,California
Mendocino,2021-04-23,846,70501,704,36445,142,31952,0,2104,688,9636,155,31326,688,40962,California
Mendocino,2021-04-24,109,70610,15,36460,94,32046,0,2104,102,9731,7,31333,102,41064,California
Mendocino,2021-04-25,56,70666,32,36492,20,32066,4,2108,18,9715,38,31371,22,41086,California
Mendocino,2021-04-26,303,70969,237,36729,61,32127,5,2113,196,9810,106,31477,201,41287,California
Mendocino,2021-04-27,201,71170,89,36818,85,32212,27,2140,92,9820,108,31585,118,41405,California
Mendocino,2021-04-28,220,71390,148,36966,53,32265,19,2159,125,9870,95,31680,145,41550,California
Mendocino,2021-04-29,1141,72531,844,37810,282,32547,15,2174,105,8957,1033,32713,120,41670,California
Mendocino,2021-04-30,607,73138,385,38195,212,32759,10,2184,228,8817,378,33091,238,41908,California
Mendocino,2021-05-01,472,73610,434,38629,32,32791,6,2190,367,9086,104,33195,373,42281,California
Mendocino,2021-05-02,55,73665,46,38675,6,32797,3,2193,8,9051,46,33241,11,42292,California
Mendocino,2021-05-03,147,73812,86,38761,39,32836,22,2215,43,9014,102,33343,65,42357,California
Mendocino,2021-05-04,378,74190,253,39014,92,32928,33,2248,140,8949,238,33581,173,42530,California
Mendocino,2021-05-05,871,75061,787,39801,69,32997,15,2263,219,8532,651,34232,234,42764,California
Mendocino,2021-05-06,627,75688,380,40181,225,33222,22,2285,151,8231,474,34706,173,42937,California
Mendocino,2021-05-07,179,75867,35,40216,120,33342,24,2309,115,8307,63,34769,139,43076,California
Mendocino,2021-05-08,125,75992,4,40220,120,33462,1,2310,109,8402,15,34784,110,43186,California
Mendocino,2021-05-09,20,76012,5,40225,14,33476,1,2311,3,8389,17,34801,4,43190,California
Mendocino,2021-05-10,244,76256,161,40386,78,33554,5,2316,150,8450,94,34895,155,43345,California
Mendocino,2021-05-11,275,76531,143,40529,115,33669,17,2333,127,8445,148,35043,143,43488,California
Mendocino,2021-05-12,129,76660,79,40608,42,33711,8,2341,37,8400,90,35133,45,43533,California
Mendocino,2021-05-13,1206,77866,1106,41714,84,33795,16,2357,307,7824,899,36032,323,43856,California
Mendocino,2021-05-14,705,78571,485,42199,157,33952,63,2420,237,7662,463,36495,301,44157,California
Mendocino,2021-05-15,85,78656,29,42228,52,34004,4,2424,40,7661,45,36540,44,44201,California
Mendocino,2021-05-16,114,78770,101,42329,11,34015,2,2426,98,7745,16,36556,100,44301,California
Mendocino,2021-05-17,172,78942,83,42412,73,34088,16,2442,97,7783,75,36631,113,44414,California
Mendocino,2021-05-18,243,79185,117,42529,98,34186,28,2470,109,7786,133,36764,136,44550,California
Mendocino,2021-05-19,322,79507,189,42718,112,34298,21,2491,239,7965,81,36845,260,44810,California
Mendocino,2021-05-20,278,79785,105,42823,131,34429,42,2533,98,7928,177,37022,140,44950,California
Mendocino,2021-05-21,591,80376,449,43272,132,34561,10,2543,475,8298,115,37137,485,45435,California
Mendocino,2021-05-22,590,80966,519,43791,65,34626,6,2549,193,8101,396,37533,199,45634,California
Mendocino,2021-05-23,18,80984,11,43802,1,34627,6,2555,10,8110,7,37540,16,45650,California
Mendocino,2021-05-24,114,81098,42,43844,56,34683,16,2571,54,8121,59,37599,70,45720,California
Mendocino,2021-05-25,274,81372,166,44010,88,34771,20,2591,127,8121,147,37746,147,45867,California
Mendocino,2021-05-26,230,81602,212,44222,14,34785,4,2595,93,8082,136,37882,97,45964,California
Merced,2020-12-16,3,3,3,3,0,0,0,0,3,3,0,0,3,3,California
Merced,2020-12-17,5,8,5,8,0,0,0,0,5,8,0,0,5,8,California
Merced,2020-12-18,143,151,143,151,0,0,0,0,143,151,0,0,143,151,California
Merced,2020-12-19,39,190,39,190,0,0,0,0,39,190,0,0,39,190,California
Merced,2020-12-20,18,208,18,208,0,0,0,0,18,208,0,0,18,208,California
Merced,2020-12-21,125,333,122,330,3,3,0,0,125,333,0,0,125,333,California
Merced,2020-12-22,152,485,152,482,0,3,0,0,152,485,0,0,152,485,California
Merced,2020-12-23,248,733,242,724,6,9,0,0,248,733,0,0,248,733,California
Merced,2020-12-24,72,805,72,796,0,9,0,0,72,805,0,0,72,805,California
Merced,2020-12-25,4,809,4,800,0,9,0,0,4,809,0,0,4,809,California
Merced,2020-12-26,6,815,3,803,3,12,0,0,6,815,0,0,6,815,California
Merced,2020-12-27,12,827,11,814,1,13,0,0,12,827,0,0,12,827,California
Merced,2020-12-28,123,950,98,912,25,38,0,0,123,950,0,0,123,950,California
Merced,2020-12-29,179,1129,123,1035,56,94,0,0,179,1129,0,0,179,1129,California
Merced,2020-12-30,215,1344,89,1124,126,220,0,0,215,1344,0,0,215,1344,California
Merced,2020-12-31,103,1447,34,1158,69,289,0,0,103,1447,0,0,103,1447,California
Merced,2021-01-01,5,1452,1,1159,4,293,0,0,5,1452,0,0,5,1452,California
Merced,2021-01-02,129,1581,118,1277,11,304,0,0,129,1581,0,0,129,1581,California
Merced,2021-01-03,9,1590,5,1282,4,308,0,0,9,1590,0,0,9,1590,California
Merced,2021-01-04,80,1670,42,1324,38,346,0,0,80,1670,0,0,80,1670,California
Merced,2021-01-05,320,1990,232,1556,88,434,0,0,314,1980,6,6,316,1986,California
Merced,2021-01-06,255,2245,105,1661,150,584,0,0,249,2223,6,12,249,2235,California
Merced,2021-01-07,186,2431,82,1743,104,688,0,0,176,2388,11,23,176,2411,California
Merced,2021-01-08,526,2957,392,2135,134,822,0,0,375,2613,150,173,375,2786,California
Merced,2021-01-09,23,2980,10,2145,13,835,0,0,17,2624,6,179,17,2803,California
Merced,2021-01-10,11,2991,7,2152,4,839,0,0,7,2627,4,183,7,2810,California
Merced,2021-01-11,227,3218,168,2320,59,898,0,0,102,2606,125,308,104,2914,California
Merced,2021-01-12,294,3512,171,2491,123,1021,0,0,244,2799,51,359,244,3158,California
Merced,2021-01-13,374,3886,174,2665,200,1221,0,0,223,2874,151,510,226,3384,California
Merced,2021-01-14,323,4209,200,2865,123,1344,0,0,158,2869,164,674,159,3543,California
Merced,2021-01-15,587,4796,131,2996,456,1800,0,0,548,3380,40,714,551,4094,California
Merced,2021-01-16,213,5009,130,3126,83,1883,0,0,196,3559,17,731,196,4290,California
Merced,2021-01-17,50,5059,12,3138,38,1921,0,0,49,3607,1,732,49,4339,California
Merced,2021-01-18,261,5320,126,3264,135,2056,0,0,239,3827,22,754,242,4581,California
Merced,2021-01-19,711,6031,587,3851,124,2180,0,0,540,4200,171,925,544,5125,California
Merced,2021-01-20,572,6603,467,4318,105,2285,0,0,515,4661,57,982,518,5643,California
Merced,2021-01-21,1010,7613,649,4967,361,2646,0,0,910,5474,100,1082,913,6556,California
Merced,2021-01-22,1313,8926,693,5660,620,3266,0,0,1285,6744,27,1109,1297,7853,California
Merced,2021-01-23,324,9250,197,5857,127,3393,0,0,217,6854,107,1216,217,8070,California
Merced,2021-01-24,37,9287,15,5872,22,3415,0,0,28,6874,8,1224,28,8098,California
Merced,2021-01-25,729,10016,241,6113,488,3903,0,0,670,7487,58,1282,671,8769,California
Merced,2021-01-26,917,10933,487,6600,430,4333,0,0,675,7948,215,1497,676,9445,California
Merced,2021-01-27,981,11914,584,7184,397,4730,0,0,813,8595,166,1663,813,10258,California
Merced,2021-01-28,1140,13054,594,7778,546,5276,0,0,1016,9489,123,1786,1017,11275,California
Merced,2021-01-29,851,13905,324,8102,527,5803,0,0,599,9851,240,2026,602,11877,California
Merced,2021-01-30,261,14166,28,8130,233,6036,0,0,244,10078,17,2043,244,12121,California
Merced,2021-01-31,47,14213,11,8141,36,6072,0,0,46,10123,1,2044,46,12167,California
Merced,2021-02-01,376,14589,53,8194,323,6395,0,0,326,10401,49,2093,327,12494,California
Merced,2021-02-02,297,14886,181,8375,116,6511,0,0,176,10460,118,2211,177,12671,California
Merced,2021-02-03,348,15234,72,8447,276,6787,0,0,168,10448,180,2391,168,12839,California
Merced,2021-02-04,371,15605,145,8592,226,7013,0,0,240,10559,130,2521,241,13080,California
Merced,2021-02-05,511,16116,171,8763,340,7353,0,0,270,10591,240,2761,272,13352,California
Merced,2021-02-06,388,16504,218,8981,170,7523,0,0,245,10696,141,2902,246,13598,California
Merced,2021-02-07,21,16525,13,8994,8,7531,0,0,14,10703,7,2909,14,13612,California
Merced,2021-02-08,281,16806,198,9192,83,7614,0,0,171,10766,109,3018,172,13784,California
Merced,2021-02-09,1215,18021,955,10147,260,7874,0,0,772,11104,435,3453,773,14557,California
Merced,2021-02-10,1855,19876,1433,11580,422,8296,0,0,1274,11807,571,4024,1274,15831,California
Merced,2021-02-11,2503,22379,2007,13587,496,8792,0,0,1813,12940,680,4704,1813,17644,California
Merced,2021-02-12,1717,24096,1015,14602,702,9494,0,0,745,12732,955,5659,747,18391,California
Merced,2021-02-13,361,24457,206,14808,155,9649,0,0,262,12901,95,5754,264,18655,California
Merced,2021-02-14,117,24574,26,14834,91,9740,0,0,95,12975,22,5776,96,18751,California
Merced,2021-02-15,273,24847,41,14875,232,9972,0,0,168,13045,99,5875,169,18920,California
Merced,2021-02-16,1216,26063,844,15719,372,10344,0,0,835,13521,363,6238,839,19759,California
Merced,2021-02-17,1880,27943,1635,17354,245,10589,0,0,1310,14284,556,6794,1319,21078,California
Merced,2021-02-18,1213,29156,823,18177,390,10979,0,0,404,13903,788,7582,407,21485,California
Merced,2021-02-19,1265,30421,414,18591,851,11830,0,0,538,13722,721,8303,540,22025,California
Merced,2021-02-20,277,30698,31,18622,246,12076,0,0,139,13725,136,8439,139,22164,California
Merced,2021-02-21,77,30775,62,18684,15,12091,0,0,31,13711,45,8484,31,22195,California
Merced,2021-02-22,832,31607,294,18978,538,12629,0,0,482,13845,348,8832,482,22677,California
Merced,2021-02-23,1085,32692,423,19401,662,13291,0,0,640,14047,439,9271,641,23318,California
Merced,2021-02-24,818,33510,302,19703,516,13807,0,0,446,14131,363,9634,447,23765,California
Merced,2021-02-25,1764,35274,871,20574,893,14700,0,0,1312,14996,449,10083,1314,25079,California
Merced,2021-02-26,2152,37426,1378,21952,774,15474,0,0,1741,16332,406,10489,1742,26821,California
Merced,2021-02-27,2532,39958,1106,23058,1426,16900,0,0,2247,18296,283,10772,2247,29068,California
Merced,2021-02-28,308,40266,73,23131,235,17135,0,0,253,18498,51,10823,253,29321,California
Merced,2021-03-01,1120,41386,280,23411,839,17974,1,1,778,18944,333,11156,779,30100,California
Merced,2021-03-02,1752,43138,909,24320,842,18816,1,2,1362,19926,381,11537,1363,31463,California
Merced,2021-03-03,2223,45361,1729,26049,493,19309,1,3,1464,20652,740,12277,1466,32929,California
Merced,2021-03-04,2894,48255,2275,28324,617,19926,2,5,1922,21623,954,13231,1925,34854,California
Merced,2021-03-05,2064,50319,1193,29517,847,20773,24,29,1525,22648,525,13756,1550,36404,California
Merced,2021-03-06,1166,51485,662,30179,482,21255,22,51,910,23325,255,14011,932,37336,California
Merced,2021-03-07,230,51715,66,30245,139,21394,25,76,201,23522,29,14040,226,37562,California
Merced,2021-03-08,1407,53122,808,31053,534,21928,65,141,1192,24563,215,14255,1256,38818,California
Merced,2021-03-09,1698,54820,1002,32055,589,22517,107,248,1099,25177,593,14848,1207,40025,California
Merced,2021-03-10,2697,57517,1868,33923,629,23146,200,448,1621,25941,1061,15909,1825,41850,California
Merced,2021-03-11,1943,59460,693,34616,1046,24192,204,652,1224,26687,704,16613,1450,43300,California
Merced,2021-03-12,2212,61672,903,35519,1041,25233,268,920,1497,27754,710,17323,1777,45077,California
Merced,2021-03-13,726,62398,310,35829,174,25407,242,1162,419,28117,299,17622,662,45739,California
Merced,2021-03-14,249,62647,136,35965,83,25490,30,1192,149,28198,99,17721,180,45919,California
Merced,2021-03-15,1515,64162,494,36459,766,26256,255,1447,998,28940,510,18231,1252,47171,California
Merced,2021-03-16,1464,65626,713,37172,525,26781,226,1673,975,29662,478,18709,1200,48371,California
Merced,2021-03-17,1967,67593,1062,38234,726,27507,179,1852,1513,30911,445,19154,1694,50065,California
Merced,2021-03-18,2049,69642,1180,39414,722,28229,147,1999,1394,31823,642,19796,1554,51619,California
Merced,2021-03-19,2666,72308,1454,40868,1019,29248,193,2192,1386,32134,1269,21065,1580,53199,California
Merced,2021-03-20,2423,74731,1494,42362,534,29782,395,2587,958,32030,1461,22526,1357,54556,California
Merced,2021-03-21,557,75288,343,42705,201,29983,13,2600,437,32362,120,22646,452,55008,California
Merced,2021-03-22,1263,76551,630,43335,557,30540,76,2676,886,32956,370,23016,964,55972,California
Merced,2021-03-23,1832,78383,1105,44440,663,31203,64,2740,1350,33894,477,23493,1415,57387,California
Merced,2021-03-24,1464,79847,925,45365,504,31707,35,2775,987,34444,472,23965,1022,58409,California
Merced,2021-03-25,3317,83164,2278,47643,1016,32723,23,2798,2079,35322,1227,25192,2105,60514,California
Merced,2021-03-26,1933,85097,1086,48729,812,33535,35,2833,888,35209,1035,26227,922,61436,California
Merced,2021-03-27,3557,88654,1905,50634,1236,34771,416,3249,1551,35184,1993,28220,1968,63404,California
Merced,2021-03-28,520,89174,215,50849,297,35068,8,3257,215,35104,303,28523,223,63627,California
Merced,2021-03-29,1826,91000,777,51626,882,35950,167,3424,668,34793,1150,29673,839,64466,California
Merced,2021-03-30,2147,93147,801,52427,1287,37237,59,3483,991,34693,1152,30825,1052,65518,California
Merced,2021-03-31,2135,95282,1404,53831,693,37930,38,3521,952,34516,1168,31993,991,66509,California
Merced,2021-04-01,2200,97482,1025,54856,1049,38979,126,3647,1001,34452,1193,33186,1129,67638,California
Merced,2021-04-02,2337,99819,638,55494,1294,40273,405,4052,784,34106,1536,34722,1190,68828,California
Merced,2021-04-03,910,100729,430,55924,465,40738,15,4067,500,34217,406,35128,517,69345,California
Merced,2021-04-04,370,101099,143,56067,223,40961,4,4071,141,34136,228,35356,147,69492,California
Merced,2021-04-05,1270,102369,605,56672,453,41414,212,4283,418,33920,845,36201,629,70121,California
Merced,2021-04-06,2422,104791,897,57569,697,42111,828,5111,890,34109,1528,37729,1717,71838,California
Merced,2021-04-07,1653,106444,888,58457,658,42769,107,5218,586,33752,1052,38781,695,72533,California
Merced,2021-04-08,2298,108742,1171,59628,912,43681,215,5433,814,33326,1453,40234,1027,73560,California
Merced,2021-04-09,1692,110434,472,60100,644,44325,576,6009,564,33357,1112,41346,1143,74703,California
Merced,2021-04-10,698,111132,364,60464,146,44471,188,6197,176,33203,516,41862,362,75065,California
Merced,2021-04-11,488,111620,281,60745,72,44543,135,6332,147,33147,339,42201,283,75348,California
Merced,2021-04-12,1448,113068,943,61688,383,44926,122,6454,829,33515,583,42784,951,76299,California
Merced,2021-04-13,2031,115099,1453,63141,575,45501,3,6457,935,33452,1005,43789,942,77241,California
Merced,2021-04-14,2044,117143,1211,64352,833,46334,0,6457,901,33344,1011,44800,903,78144,California
Merced,2021-04-15,3020,120163,1979,66331,1041,47375,0,6457,957,32471,1835,46635,962,79106,California
Merced,2021-04-16,2363,122526,1148,67479,1215,48590,0,6457,968,32141,1298,47933,968,80074,California
Merced,2021-04-17,1848,124374,1193,68672,654,49244,1,6458,539,31380,1301,49234,540,80614,California
Merced,2021-04-18,468,124842,246,68918,222,49466,0,6458,191,31321,250,49484,191,80805,California
Merced,2021-04-19,1331,126173,746,69664,585,50051,0,6458,707,31499,529,50013,707,81512,California
Merced,2021-04-20,1468,127641,737,70401,731,50782,0,6458,800,31701,598,50611,800,82312,California
Merced,2021-04-21,1470,129111,883,71284,587,51369,0,6458,752,31846,607,51218,752,83064,California
Merced,2021-04-22,1610,130721,741,72025,869,52238,0,6458,779,31876,750,51968,780,83844,California
Merced,2021-04-23,1632,132353,670,72695,962,53200,0,6458,887,32065,699,52667,888,84732,California
Merced,2021-04-24,572,132925,403,73098,169,53369,0,6458,391,32280,177,52844,392,85124,California
Merced,2021-04-25,327,133252,187,73285,140,53509,0,6458,193,32341,132,52976,193,85317,California
Merced,2021-04-26,1184,134436,516,73801,668,54177,0,6458,618,32428,533,53509,620,85937,California
Merced,2021-04-27,1736,136172,876,74677,850,55027,10,6468,696,32161,974,54483,707,86644,California
Merced,2021-04-28,1367,137539,678,75355,680,55707,9,6477,782,32390,563,55046,792,87436,California
Merced,2021-04-29,1391,138930,586,75941,780,56487,25,6502,644,32324,737,55783,671,88107,California
Merced,2021-04-30,1447,140377,608,76549,795,57282,44,6546,746,32418,697,56480,791,88898,California
Merced,2021-05-01,557,140934,241,76790,311,57593,5,6551,258,32385,295,56775,262,89160,California
Merced,2021-05-02,293,141227,118,76908,160,57753,15,6566,129,32367,163,56938,145,89305,California
Merced,2021-05-03,839,142066,545,77453,223,57976,71,6637,298,32199,538,57476,370,89675,California
Merced,2021-05-04,1013,143079,541,77994,421,58397,51,6688,372,31985,637,58113,423,90098,California
Merced,2021-05-05,1199,144278,715,78709,408,58805,76,6764,530,31932,659,58772,606,90704,California
Merced,2021-05-06,903,145181,470,79179,384,59189,49,6813,303,31690,594,59366,352,91056,California
Merced,2021-05-07,904,146085,285,79464,578,59767,41,6854,385,31603,515,59881,428,91484,California
Merced,2021-05-08,396,146481,201,79665,159,59926,36,6890,180,31604,215,60096,216,91700,California
Merced,2021-05-09,213,146694,107,79772,99,60025,7,6897,102,31603,110,60206,109,91809,California
Merced,2021-05-10,688,147382,351,80123,301,60326,36,6933,188,31328,499,60705,224,92033,California
Merced,2021-05-11,1095,148477,648,80771,400,60726,47,6980,421,31127,669,61374,468,92501,California
Merced,2021-05-12,865,149342,524,81295,302,61028,39,7019,256,30816,606,61980,295,92796,California
Merced,2021-05-13,743,150085,395,81690,306,61334,42,7061,282,30682,459,62439,325,93121,California
Merced,2021-05-14,936,151021,615,82305,281,61615,40,7101,503,30799,426,62865,543,93664,California
Merced,2021-05-15,746,151767,564,82869,163,61778,19,7120,441,30962,298,63163,461,94125,California
Merced,2021-05-16,345,152112,230,83099,107,61885,8,7128,201,31031,141,63304,210,94335,California
Merced,2021-05-17,1045,153157,665,83764,351,62236,29,7157,504,31028,537,63841,534,94869,California
Merced,2021-05-18,1265,154422,847,84611,387,62623,31,7188,720,31242,537,64378,751,95620,California
Merced,2021-05-19,1045,155467,731,85342,307,62930,7,7195,580,31372,461,64839,591,96211,California
Merced,2021-05-20,843,156310,459,85801,329,63259,55,7250,315,31216,526,65365,370,96581,California
Merced,2021-05-21,972,157282,551,86352,395,63654,26,7276,362,31003,601,65966,388,96969,California
Merced,2021-05-22,527,157809,408,86760,107,63761,12,7288,329,31148,196,66162,341,97310,California
Merced,2021-05-23,244,158053,174,86934,59,63820,11,7299,171,31257,73,66235,182,97492,California
Merced,2021-05-24,459,158512,224,87158,204,64024,31,7330,199,31229,258,66493,230,97722,California
Merced,2021-05-25,415,158927,235,87393,153,64177,27,7357,228,31304,185,66678,260,97982,California
Merced,2021-05-26,36,158963,20,87413,11,64188,5,7362,11,31295,25,66703,16,97998,California
Modoc,2020-12-16,1,1,1,1,0,0,0,0,1,1,0,0,1,1,California
Modoc,2020-12-21,99,100,99,100,0,0,0,0,99,100,0,0,99,100,California
Modoc,2020-12-22,14,114,14,114,0,0,0,0,14,114,0,0,14,114,California
Modoc,2020-12-23,4,118,4,118,0,0,0,0,4,118,0,0,4,118,California
Modoc,2020-12-24,1,119,1,119,0,0,0,0,1,119,0,0,1,119,California
Modoc,2020-12-28,2,121,2,121,0,0,0,0,2,121,0,0,2,121,California
Modoc,2020-12-29,10,131,1,122,9,9,0,0,10,131,0,0,10,131,California
Modoc,2020-12-30,7,138,0,122,7,16,0,0,7,138,0,0,7,138,California
Modoc,2021-01-02,3,141,1,123,2,18,0,0,3,141,0,0,3,141,California
Modoc,2021-01-04,8,149,0,123,8,26,0,0,8,149,0,0,8,149,California
Modoc,2021-01-05,3,152,2,125,1,27,0,0,3,152,0,0,3,152,California
Modoc,2021-01-06,3,155,2,127,1,28,0,0,2,153,1,1,2,154,California
Modoc,2021-01-07,72,227,0,127,72,100,0,0,72,225,0,1,72,226,California
Modoc,2021-01-08,105,332,0,127,105,205,0,0,105,330,0,1,105,331,California
Modoc,2021-01-10,1,333,1,128,0,205,0,0,0,329,1,2,0,331,California
Modoc,2021-01-11,90,423,81,209,9,214,0,0,19,277,71,73,19,350,California
Modoc,2021-01-12,94,517,25,234,69,283,0,0,68,319,26,99,68,418,California
Modoc,2021-01-13,24,541,4,238,20,303,0,0,22,339,2,101,22,440,California
Modoc,2021-01-14,129,670,6,244,123,426,0,0,124,458,5,106,124,564,California
Modoc,2021-01-15,6,676,1,245,5,431,0,0,6,464,0,106,6,570,California
Modoc,2021-01-16,1,677,1,246,0,431,0,0,1,465,0,106,1,571,California
Modoc,2021-01-18,1,678,1,247,0,431,0,0,1,466,0,106,1,572,California
Modoc,2021-01-19,5,683,3,250,2,433,0,0,3,467,2,108,3,575,California
Modoc,2021-01-20,11,694,1,251,10,443,0,0,11,478,0,108,11,586,California
Modoc,2021-01-21,157,851,2,253,155,598,0,0,157,635,0,108,157,743,California
Modoc,2021-01-22,2,853,0,253,2,600,0,0,2,637,0,108,2,745,California
Modoc,2021-01-25,11,864,0,253,11,611,0,0,11,648,0,108,11,756,California
Modoc,2021-01-26,65,929,1,254,64,675,0,0,65,713,0,108,65,821,California
Modoc,2021-01-27,41,970,2,256,39,714,0,0,25,722,16,124,25,846,California
Modoc,2021-01-28,146,1116,2,258,144,858,0,0,145,866,1,125,145,991,California
Modoc,2021-01-29,3,1119,1,259,2,860,0,0,3,869,0,125,3,994,California
Modoc,2021-02-01,26,1145,13,272,13,873,0,0,12,867,14,139,12,1006,California
Modoc,2021-02-02,170,1315,2,274,168,1041,0,0,167,1031,3,142,167,1173,California
Modoc,2021-02-03,18,1333,13,287,5,1046,0,0,11,1035,7,149,11,1184,California
Modoc,2021-02-04,154,1487,3,290,151,1197,0,0,26,933,128,277,26,1210,California
Modoc,2021-02-05,3,1490,2,292,1,1198,0,0,2,934,1,278,2,1212,California
Modoc,2021-02-08,9,1499,2,294,7,1205,0,0,8,941,1,279,8,1220,California
Modoc,2021-02-09,197,1696,13,307,184,1389,0,0,65,874,132,411,65,1285,California
Modoc,2021-02-10,5,1701,2,309,3,1392,0,0,4,877,1,412,4,1289,California
Modoc,2021-02-11,201,1902,3,312,198,1590,0,0,83,842,118,530,83,1372,California
Modoc,2021-02-12,4,1906,0,312,4,1594,0,0,2,842,2,532,2,1374,California
Modoc,2021-02-13,1,1907,0,312,1,1595,0,0,1,843,0,532,1,1375,California
Modoc,2021-02-16,147,2054,6,318,141,1736,0,0,143,982,4,536,143,1518,California
Modoc,2021-02-17,24,2078,1,319,23,1759,0,0,12,982,12,548,12,1530,California
Modoc,2021-02-18,188,2266,2,321,186,1945,0,0,25,846,162,710,26,1556,California
Modoc,2021-02-19,4,2270,4,325,0,1945,0,0,3,848,1,711,3,1559,California
Modoc,2021-02-20,1,2271,1,326,0,1945,0,0,0,847,1,712,0,1559,California
Modoc,2021-02-22,17,2288,9,335,8,1953,0,0,3,836,14,726,3,1562,California
Modoc,2021-02-23,20,2308,2,337,18,1971,0,0,1,818,19,745,1,1563,California
Modoc,2021-02-24,91,2399,1,338,90,2061,0,0,31,789,60,805,31,1594,California
Modoc,2021-02-25,170,2569,1,339,169,2230,0,0,13,645,157,962,13,1607,California
Modoc,2021-02-26,3,2572,0,339,3,2233,0,0,1,644,2,964,1,1608,California
Modoc,2021-02-27,3,2575,3,342,0,2233,0,0,2,645,1,965,2,1610,California
Modoc,2021-03-01,5,2580,0,342,5,2238,0,0,0,641,4,969,0,1610,California
Modoc,2021-03-02,193,2773,12,354,181,2419,0,0,26,500,167,1136,26,1636,California
Modoc,2021-03-03,12,2785,6,360,6,2425,0,0,2,492,10,1146,2,1638,California
Modoc,2021-03-04,174,2959,2,362,172,2597,0,0,147,612,27,1173,147,1785,California
Modoc,2021-03-05,4,2963,3,365,1,2598,0,0,2,612,2,1175,2,1787,California
Modoc,2021-03-06,11,2974,0,365,1,2599,10,10,1,613,10,1185,11,1798,California
Modoc,2021-03-07,8,2982,2,367,0,2599,6,16,2,615,6,1191,8,1806,California
Modoc,2021-03-08,8,2990,1,368,3,2602,4,20,1,614,6,1197,5,1811,California
Modoc,2021-03-09,126,3116,10,378,108,2710,8,28,61,618,65,1262,69,1880,California
Modoc,2021-03-10,9,3125,3,381,2,2712,4,32,4,621,5,1267,8,1888,California
Modoc,2021-03-11,207,3332,0,381,99,2811,108,140,22,566,185,1452,130,2018,California
Modoc,2021-03-12,11,3343,2,383,4,2815,5,145,4,568,7,1459,9,2027,California
Modoc,2021-03-13,4,3347,0,383,1,2816,3,148,1,569,3,1462,4,2031,California
Modoc,2021-03-15,12,3359,1,384,10,2826,1,149,10,578,2,1464,11,2042,California
Modoc,2021-03-16,173,3532,1,385,168,2994,4,153,42,492,131,1595,45,2087,California
Modoc,2021-03-17,10,3542,1,386,4,2998,5,158,2,491,8,1603,7,2094,California
Modoc,2021-03-18,68,3610,2,388,59,3057,7,165,36,502,32,1635,43,2137,California
Modoc,2021-03-19,5,3615,0,388,0,3057,5,170,0,502,5,1640,5,2142,California
Modoc,2021-03-20,5,3620,2,390,0,3057,3,173,0,500,5,1645,3,2145,California
Modoc,2021-03-21,4,3624,1,391,1,3058,2,175,2,502,2,1647,4,2149,California
Modoc,2021-03-22,17,3641,1,392,11,3069,5,180,12,514,5,1652,17,2166,California
Modoc,2021-03-23,37,3678,7,399,27,3096,3,183,28,536,9,1661,31,2197,California
Modoc,2021-03-24,29,3707,1,400,18,3114,10,193,1,519,28,1689,11,2208,California
Modoc,2021-03-25,77,3784,1,401,74,3188,2,195,45,534,32,1721,47,2255,California
Modoc,2021-03-26,7,3791,2,403,2,3190,3,198,2,534,5,1726,5,2260,California
Modoc,2021-03-27,2,3793,0,403,1,3191,1,199,1,535,1,1727,2,2262,California
Modoc,2021-03-28,2,3795,1,404,0,3191,1,200,0,534,2,1729,1,2263,California
Modoc,2021-03-29,14,3809,1,405,5,3196,8,208,5,538,9,1738,13,2276,California
Modoc,2021-03-30,55,3864,10,415,38,3234,7,215,21,532,34,1772,28,2304,California
Modoc,2021-03-31,9,3873,3,418,2,3236,4,219,3,533,6,1778,7,2311,California
Modoc,2021-04-01,167,4040,2,420,160,3396,5,224,32,435,135,1913,37,2348,California
Modoc,2021-04-02,5,4045,0,420,2,3398,3,227,1,436,3,1916,4,2352,California
Modoc,2021-04-03,5,4050,2,422,0,3398,3,230,2,438,2,1918,4,2356,California
Modoc,2021-04-05,9,4059,0,422,9,3407,0,230,9,447,0,1918,9,2365,California
Modoc,2021-04-06,24,4083,5,427,9,3416,10,240,6,445,18,1936,16,2381,California
Modoc,2021-04-07,12,4095,1,428,4,3420,7,247,3,446,9,1945,10,2391,California
Modoc,2021-04-08,96,4191,1,429,92,3512,3,250,26,405,70,2015,29,2420,California
Modoc,2021-04-09,11,4202,2,431,6,3518,3,253,2,400,9,2024,4,2424,California
Modoc,2021-04-10,5,4207,0,431,1,3519,4,257,0,399,5,2029,4,2428,California
Modoc,2021-04-11,2,4209,2,433,0,3519,0,257,1,399,1,2030,1,2429,California
Modoc,2021-04-12,14,4223,0,433,10,3529,4,261,1,393,11,2041,5,2434,California
Modoc,2021-04-13,30,4253,29,462,1,3530,0,261,21,405,9,2050,21,2455,California
Modoc,2021-04-14,2,4255,2,464,0,3530,0,261,1,405,1,2051,1,2456,California
Modoc,2021-04-15,100,4355,0,464,100,3630,0,261,27,359,73,2124,27,2483,California
Modoc,2021-04-16,4,4359,4,468,0,3630,0,261,3,361,1,2125,3,2486,California
Modoc,2021-04-17,2,4361,2,470,0,3630,0,261,2,363,0,2125,2,2488,California
Modoc,2021-04-18,1,4362,0,470,1,3631,0,261,1,364,0,2125,1,2489,California
Modoc,2021-04-19,6,4368,0,470,6,3637,0,261,1,360,5,2130,1,2490,California
Modoc,2021-04-20,26,4394,2,472,24,3661,0,261,8,350,18,2148,8,2498,California
Modoc,2021-04-21,4,4398,4,476,0,3661,0,261,1,348,3,2151,1,2499,California
Modoc,2021-04-22,97,4495,3,479,94,3755,0,261,40,331,57,2208,40,2539,California
Modoc,2021-04-23,4,4499,0,479,4,3759,0,261,3,333,1,2209,3,2542,California
Modoc,2021-04-24,3,4502,1,480,1,3760,1,262,2,335,1,2210,3,2545,California
Modoc,2021-04-25,1,4503,1,481,0,3760,0,262,1,336,0,2210,1,2546,California
Modoc,2021-04-26,8,4511,1,482,7,3767,0,262,3,334,5,2215,3,2549,California
Modoc,2021-04-27,6,4517,4,486,1,3768,1,263,1,331,5,2220,2,2551,California
Modoc,2021-04-28,5,4522,1,487,3,3771,1,264,1,329,4,2224,2,2553,California
Modoc,2021-04-29,66,4588,2,489,64,3835,0,264,24,311,42,2266,24,2577,California
Modoc,2021-04-30,5,4593,4,493,1,3836,0,264,3,312,2,2268,3,2580,California
Modoc,2021-05-01,1,4594,1,494,0,3836,0,264,0,311,1,2269,0,2580,California
Modoc,2021-05-02,4,4598,3,497,1,3837,0,264,3,313,1,2270,3,2583,California
Modoc,2021-05-03,10,4608,0,497,9,3846,1,265,0,304,10,2280,1,2584,California
Modoc,2021-05-04,11,4619,3,500,6,3852,2,267,5,305,6,2286,7,2591,California
Modoc,2021-05-05,27,4646,24,524,2,3854,1,268,8,295,19,2305,9,2600,California
Modoc,2021-05-06,54,4700,3,527,49,3903,2,270,21,285,33,2338,23,2623,California
Modoc,2021-05-07,8,4708,3,530,3,3906,2,272,2,283,6,2344,4,2627,California
Modoc,2021-05-08,3,4711,2,532,0,3906,1,273,1,283,2,2346,2,2629,California
Modoc,2021-05-09,2,4713,2,534,0,3906,0,273,1,283,1,2347,1,2630,California
Modoc,2021-05-10,2,4715,0,534,1,3907,1,274,1,284,1,2348,2,2632,California
Modoc,2021-05-11,3,4718,2,536,0,3907,1,275,0,282,3,2351,1,2633,California
Modoc,2021-05-12,2,4720,0,536,0,3907,2,277,0,282,2,2353,2,2635,California
Modoc,2021-05-13,43,4763,1,537,38,3945,4,281,14,271,29,2382,18,2653,California
Modoc,2021-05-14,10,4773,4,541,1,3946,5,286,4,274,6,2388,9,2662,California
Modoc,2021-05-15,4,4777,3,544,1,3947,0,286,4,278,0,2388,4,2666,California
Modoc,2021-05-16,3,4780,2,546,1,3948,0,286,0,275,3,2391,0,2666,California
Modoc,2021-05-17,5,4785,3,549,2,3950,0,286,4,278,1,2392,4,2670,California
Modoc,2021-05-18,22,4807,11,560,9,3959,2,288,13,284,9,2401,15,2685,California
Modoc,2021-05-19,9,4816,2,562,3,3962,4,292,5,289,4,2405,9,2694,California
Modoc,2021-05-20,58,4874,2,564,47,4009,9,301,7,254,51,2456,16,2710,California
Modoc,2021-05-21,8,4882,6,570,1,4010,1,302,1,249,7,2463,2,2712,California
Modoc,2021-05-22,1,4883,1,571,0,4010,0,302,0,248,1,2464,0,2712,California
Modoc,2021-05-23,2,4885,2,573,0,4010,0,302,0,246,2,2466,0,2712,California
Modoc,2021-05-24,3,4888,1,574,0,4010,2,304,1,247,2,2468,3,2715,California
Modoc,2021-05-25,3,4891,1,575,2,4012,0,304,1,246,2,2470,1,2716,California
Modoc,2021-05-26,32,4923,29,604,3,4015,0,304,22,259,10,2480,23,2739,California
Mono,2020-12-18,1,1,1,1,0,0,0,0,1,1,0,0,1,1,California
Mono,2020-12-19,5,6,5,6,0,0,0,0,5,6,0,0,5,6,California
Mono,2020-12-20,7,13,7,13,0,0,0,0,7,13,0,0,7,13,California
Mono,2020-12-21,24,37,17,30,7,7,0,0,24,37,0,0,24,37,California
Mono,2020-12-22,66,103,65,95,1,8,0,0,66,103,0,0,66,103,California
Mono,2020-12-23,70,173,42,137,28,36,0,0,70,173,0,0,70,173,California
Mono,2020-12-24,3,176,1,138,2,38,0,0,3,176,0,0,3,176,California
Mono,2020-12-26,3,179,3,141,0,38,0,0,3,179,0,0,3,179,California
Mono,2020-12-28,94,273,63,204,31,69,0,0,94,273,0,0,94,273,California
Mono,2020-12-29,29,302,29,233,0,69,0,0,29,302,0,0,29,302,California
Mono,2020-12-30,77,379,36,269,41,110,0,0,77,379,0,0,77,379,California
Mono,2020-12-31,4,383,1,270,3,113,0,0,4,383,0,0,4,383,California
Mono,2021-01-01,4,387,4,274,0,113,0,0,4,387,0,0,4,387,California
Mono,2021-01-02,2,389,2,276,0,113,0,0,2,389,0,0,2,389,California
Mono,2021-01-04,2,391,0,276,2,115,0,0,2,391,0,0,2,391,California
Mono,2021-01-05,45,436,2,278,43,158,0,0,44,434,1,1,44,435,California
Mono,2021-01-06,44,480,0,278,44,202,0,0,44,478,0,1,44,479,California
Mono,2021-01-07,55,535,3,281,52,254,0,0,54,531,1,2,54,533,California
Mono,2021-01-08,2,537,1,282,1,255,0,0,1,531,1,3,1,534,California
Mono,2021-01-09,4,541,4,286,0,255,0,0,0,527,4,7,0,534,California
Mono,2021-01-10,5,546,5,291,0,255,0,0,0,522,5,12,0,534,California
Mono,2021-01-11,8,554,5,296,3,258,0,0,4,522,4,16,4,538,California
Mono,2021-01-12,283,837,75,371,208,466,0,0,219,678,63,79,219,757,California
Mono,2021-01-13,233,1070,73,444,160,626,0,0,178,801,55,134,178,935,California
Mono,2021-01-14,73,1143,71,515,2,628,0,0,73,874,0,134,73,1008,California
Mono,2021-01-15,62,1205,2,517,60,688,0,0,62,936,0,134,62,1070,California
Mono,2021-01-16,4,1209,3,520,1,689,0,0,1,934,3,137,1,1071,California
Mono,2021-01-18,64,1273,55,575,9,698,0,0,2,874,62,199,2,1073,California
Mono,2021-01-19,210,1483,208,783,2,700,0,0,172,1009,38,237,173,1246,California
Mono,2021-01-20,230,1713,198,981,32,732,0,0,169,1117,61,298,169,1415,California
Mono,2021-01-21,3,1716,3,984,0,732,0,0,3,1120,0,298,3,1418,California
Mono,2021-01-22,4,1720,0,984,4,736,0,0,4,1124,0,298,4,1422,California
Mono,2021-01-23,594,2314,594,1578,0,736,0,0,593,1716,1,299,593,2015,California
Mono,2021-01-25,201,2515,163,1741,38,774,0,0,162,1839,39,338,162,2177,California
Mono,2021-01-26,505,3020,503,2244,2,776,0,0,499,2332,6,344,499,2676,California
Mono,2021-01-27,5,3025,1,2245,4,780,0,0,5,2337,0,344,5,2681,California
Mono,2021-01-28,6,3031,2,2247,4,784,0,0,2,2335,4,348,2,2683,California
Mono,2021-01-30,200,3231,198,2445,2,786,0,0,199,2533,1,349,199,2882,California
Mono,2021-01-31,242,3473,137,2582,105,891,0,0,138,2567,104,453,138,3020,California
Mono,2021-02-01,27,3500,27,2609,0,891,0,0,0,2540,27,480,0,3020,California
Mono,2021-02-02,5,3505,0,2609,5,896,0,0,2,2539,3,483,2,3022,California
Mono,2021-02-03,4,3509,2,2611,2,898,0,0,2,2539,2,485,2,3024,California
Mono,2021-02-04,211,3720,158,2769,53,951,0,0,90,2508,121,606,90,3114,California
Mono,2021-02-05,617,4337,611,3380,6,957,0,0,614,3119,3,609,614,3728,California
Mono,2021-02-06,138,4475,137,3517,1,958,0,0,137,3255,1,610,137,3865,California
Mono,2021-02-07,2,4477,0,3517,2,960,0,0,2,3257,0,610,2,3867,California
Mono,2021-02-08,172,4649,172,3689,0,960,0,0,15,3116,156,766,15,3882,California
Mono,2021-02-09,226,4875,6,3695,220,1180,0,0,13,2916,213,979,13,3895,California
Mono,2021-02-10,536,5411,186,3881,350,1530,0,0,193,2767,343,1322,194,4089,California
Mono,2021-02-11,7,5418,4,3885,3,1533,0,0,2,2764,5,1327,2,4091,California
Mono,2021-02-12,84,5502,20,3905,64,1597,0,0,26,2732,58,1385,26,4117,California
Mono,2021-02-13,585,6087,585,4490,0,1597,0,0,25,2198,559,1944,25,4142,California
Mono,2021-02-15,165,6252,163,4653,2,1599,0,0,3,2041,160,2104,3,4145,California
Mono,2021-02-16,517,6769,514,5167,3,1602,0,0,45,1617,469,2573,45,4190,California
Mono,2021-02-17,7,6776,2,5169,5,1607,0,0,2,1614,5,2578,2,4192,California
Mono,2021-02-18,3,6779,2,5171,1,1608,0,0,2,1615,1,2579,2,4194,California
Mono,2021-02-19,54,6833,53,5224,1,1609,0,0,54,1669,0,2579,54,4248,California
Mono,2021-02-20,4,6837,4,5228,0,1609,0,0,4,1673,0,2579,4,4252,California
Mono,2021-02-21,6,6843,6,5234,0,1609,0,0,4,1675,2,2581,4,4256,California
Mono,2021-02-22,283,7126,282,5516,1,1610,0,0,24,1441,258,2839,24,4280,California
Mono,2021-02-23,137,7263,117,5633,20,1630,0,0,22,1348,115,2954,22,4302,California
Mono,2021-02-24,10,7273,3,5636,7,1637,0,0,4,1346,6,2960,4,4306,California
Mono,2021-02-25,5,7278,2,5638,3,1640,0,0,3,1348,1,2961,3,4309,California
Mono,2021-02-26,598,7876,596,6234,2,1642,0,0,21,793,576,3537,21,4330,California
Mono,2021-02-27,140,8016,136,6370,4,1646,0,0,4,663,134,3671,4,4334,California
Mono,2021-03-01,2,8018,2,6372,0,1646,0,0,1,664,0,3671,1,4335,California
Mono,2021-03-02,6,8024,4,6376,2,1648,0,0,4,666,2,3673,4,4339,California
Mono,2021-03-03,112,8136,2,6378,110,1758,0,0,109,773,2,3675,109,4448,California
Mono,2021-03-04,5,8141,1,6379,4,1762,0,0,3,774,2,3677,3,4451,California
Mono,2021-03-05,37,8178,27,6406,10,1772,0,0,14,765,23,3700,14,4465,California
Mono,2021-03-06,507,8685,17,6423,490,2262,0,0,499,1259,6,3706,500,4965,California
Mono,2021-03-07,1,8686,0,6423,1,2263,0,0,0,1258,1,3707,0,4965,California
Mono,2021-03-08,536,9222,11,6434,522,2785,3,3,527,1779,9,3716,530,5495,California
Mono,2021-03-09,6,9228,2,6436,3,2788,1,4,3,1781,2,3718,4,5499,California
Mono,2021-03-10,286,9514,90,6526,193,2981,3,7,9,1519,274,3992,12,5511,California
Mono,2021-03-11,10,9524,0,6526,1,2982,9,16,0,1518,10,4002,9,5520,California
Mono,2021-03-12,7,9531,1,6527,1,2983,5,21,0,1516,7,4009,5,5525,California
Mono,2021-03-13,823,10354,386,6913,437,3420,0,21,815,2323,8,4017,815,6340,California
Mono,2021-03-14,4,10358,4,6917,0,3420,0,21,0,2319,4,4021,0,6340,California
Mono,2021-03-15,31,10389,23,6940,3,3423,5,26,14,2322,16,4037,19,6359,California
Mono,2021-03-16,16,10405,6,6946,4,3427,6,32,8,2328,8,4045,14,6373,California
Mono,2021-03-17,33,10438,5,6951,20,3447,8,40,21,2345,12,4057,29,6402,California
Mono,2021-03-18,21,10459,2,6953,11,3458,8,48,9,2350,12,4069,17,6419,California
Mono,2021-03-19,21,10480,1,6954,17,3475,3,51,17,2367,3,4072,20,6439,California
Mono,2021-03-20,5,10485,3,6957,1,3476,1,52,4,2371,1,4073,5,6444,California
Mono,2021-03-21,1,10486,1,6958,0,3476,0,52,1,2372,0,4073,1,6445,California
Mono,2021-03-22,11,10497,0,6958,6,3482,5,57,5,2376,6,4079,10,6455,California
Mono,2021-03-23,43,10540,6,6964,32,3514,5,62,17,2372,26,4105,22,6477,California
Mono,2021-03-24,13,10553,1,6965,7,3521,5,67,5,2374,8,4113,10,6487,California
Mono,2021-03-25,19,10572,3,6968,12,3533,4,71,12,2383,7,4120,16,6503,California
Mono,2021-03-26,19,10591,3,6971,11,3544,5,76,10,2390,8,4128,15,6518,California
Mono,2021-03-27,356,10947,353,7324,3,3547,0,76,329,2692,27,4155,329,6847,California
Mono,2021-03-29,10,10957,3,7327,6,3553,1,77,8,2699,2,4157,9,6856,California
Mono,2021-03-30,12,10969,0,7327,8,3561,4,81,7,2705,5,4162,11,6867,California
Mono,2021-03-31,132,11101,7,7334,124,3685,1,82,22,2619,109,4271,23,6890,California
Mono,2021-04-01,8,11109,0,7334,7,3692,1,83,3,2618,5,4276,4,6894,California
Mono,2021-04-02,18,11127,2,7336,16,3708,0,83,7,2614,11,4287,7,6901,California
Mono,2021-04-03,867,11994,372,7708,495,4203,0,83,50,1849,815,5102,50,6951,California
Mono,2021-04-05,533,12527,18,7726,514,4717,1,84,34,1388,498,5600,37,6988,California
Mono,2021-04-06,19,12546,1,7727,5,4722,13,97,1,1384,18,5618,14,7002,California
Mono,2021-04-07,26,12572,3,7730,3,4725,20,117,4,1386,22,5640,24,7026,California
Mono,2021-04-08,22,12594,3,7733,2,4727,17,134,4,1389,18,5658,21,7047,California
Mono,2021-04-09,37,12631,4,7737,4,4731,29,163,7,1395,30,5688,36,7083,California
Mono,2021-04-10,446,13077,2,7739,437,5168,7,170,28,1012,418,6106,35,7118,California
Mono,2021-04-11,1,13078,1,7740,0,5168,0,170,0,1011,1,6107,0,7118,California
Mono,2021-04-12,6,13084,0,7740,3,5171,3,173,3,1014,3,6110,6,7124,California
Mono,2021-04-13,20,13104,2,7742,17,5188,1,174,14,1023,6,6116,15,7139,California
Mono,2021-04-14,25,13129,1,7743,24,5212,0,174,7,1012,18,6134,7,7146,California
Mono,2021-04-15,18,13147,3,7746,15,5227,0,174,9,1012,9,6143,9,7155,California
Mono,2021-04-16,17,13164,1,7747,16,5243,0,174,6,1007,11,6154,6,7161,California
Mono,2021-04-17,51,13215,2,7749,49,5292,0,174,44,1044,7,6161,44,7205,California
Mono,2021-04-18,1,13216,0,7749,1,5293,0,174,1,1045,0,6161,1,7206,California
Mono,2021-04-19,526,13742,319,8068,207,5500,0,174,201,923,323,6484,201,7407,California
Mono,2021-04-20,16,13758,2,8070,14,5514,0,174,11,929,5,6489,11,7418,California
Mono,2021-04-21,8,13766,1,8071,7,5521,0,174,3,927,5,6494,3,7421,California
Mono,2021-04-22,25,13791,11,8082,14,5535,0,174,11,924,14,6508,11,7432,California
Mono,2021-04-23,22,13813,2,8084,20,5555,0,174,12,926,10,6518,12,7444,California
Mono,2021-04-24,35,13848,22,8106,13,5568,0,174,20,931,15,6533,20,7464,California
Mono,2021-04-25,3,13851,2,8108,1,5569,0,174,3,934,0,6533,3,7467,California
Mono,2021-04-26,10,13861,1,8109,9,5578,0,174,2,928,8,6541,2,7469,California
Mono,2021-04-27,66,13927,40,8149,19,5597,7,181,50,969,16,6557,57,7526,California
Mono,2021-04-28,63,13990,41,8190,18,5615,4,185,48,1008,13,6570,52,7578,California
Mono,2021-04-29,8,13998,1,8191,4,5619,3,188,2,1007,6,6576,5,7583,California
Mono,2021-04-30,16,14014,3,8194,10,5629,3,191,8,1010,8,6584,11,7594,California
Mono,2021-05-01,110,14124,4,8198,106,5735,0,191,98,1096,12,6596,98,7692,California
Mono,2021-05-03,1,14125,0,8198,1,5736,0,191,0,1095,1,6597,0,7692,California
Mono,2021-05-04,19,14144,0,8198,13,5749,6,197,10,1102,9,6606,16,7708,California
Mono,2021-05-05,54,14198,8,8206,42,5791,4,201,46,1144,8,6614,50,7758,California
Mono,2021-05-06,13,14211,3,8209,9,5800,1,202,9,1150,4,6618,10,7768,California
Mono,2021-05-07,29,14240,22,8231,7,5807,0,202,25,1171,4,6622,25,7793,California
Mono,2021-05-08,50,14290,5,8236,45,5852,0,202,22,1165,28,6650,22,7815,California
Mono,2021-05-10,17,14307,1,8237,12,5864,4,206,9,1170,8,6658,13,7828,California
Mono,2021-05-11,16,14323,2,8239,11,5875,3,209,5,1167,11,6669,8,7836,California
Mono,2021-05-12,12,14335,0,8239,11,5886,1,210,4,1164,8,6677,5,7841,California
Mono,2021-05-13,45,14380,32,8271,13,5899,0,210,36,1191,9,6686,36,7877,California
Mono,2021-05-14,9,14389,1,8272,7,5906,1,211,4,1191,5,6691,5,7882,California
Mono,2021-05-15,66,14455,25,8297,34,5940,7,218,18,1168,48,6739,25,7907,California
Mono,2021-05-16,6,14461,5,8302,1,5941,0,218,3,1168,3,6742,3,7910,California
Mono,2021-05-17,246,14707,33,8335,206,6147,7,225,54,1039,191,6933,62,7972,California
Mono,2021-05-18,133,14840,109,8444,23,6170,1,226,87,1081,46,6979,88,8060,California
Mono,2021-05-19,118,14958,112,8556,1,6171,5,231,75,1118,43,7022,80,8140,California
Mono,2021-05-20,70,15028,54,8610,10,6181,6,237,53,1160,17,7039,59,8199,California
Mono,2021-05-21,26,15054,5,8615,19,6200,2,239,12,1160,14,7053,14,8213,California
Mono,2021-05-22,19,15073,10,8625,7,6207,2,241,13,1169,6,7059,15,8228,California
Mono,2021-05-23,4,15077,1,8626,3,6210,0,241,3,1171,1,7060,3,8231,California
Mono,2021-05-24,10,15087,1,8627,9,6219,0,241,7,1175,3,7063,7,8238,California
Mono,2021-05-25,15,15102,6,8633,9,6228,0,241,8,1176,7,7070,8,8246,California
Mono,2021-05-26,6,15108,3,8636,2,6230,1,242,2,1175,4,7074,3,8249,California
Monterey,2020-12-16,5,5,5,5,0,0,0,0,5,5,0,0,5,5,California
Monterey,2020-12-17,89,94,89,94,0,0,0,0,89,94,0,0,89,94,California
Monterey,2020-12-18,486,580,486,580,0,0,0,0,486,580,0,0,486,580,California
Monterey,2020-12-19,582,1162,581,1161,1,1,0,0,582,1162,0,0,582,1162,California
Monterey,2020-12-20,422,1584,422,1583,0,1,0,0,422,1584,0,0,422,1584,California
Monterey,2020-12-21,723,2307,723,2306,0,1,0,0,723,2307,0,0,723,2307,California
Monterey,2020-12-22,538,2845,525,2831,13,14,0,0,538,2845,0,0,538,2845,California
Monterey,2020-12-23,441,3286,266,3097,175,189,0,0,441,3286,0,0,441,3286,California
Monterey,2020-12-24,84,3370,10,3107,74,263,0,0,84,3370,0,0,84,3370,California
Monterey,2020-12-25,6,3376,0,3107,6,269,0,0,6,3376,0,0,6,3376,California
Monterey,2020-12-26,92,3468,5,3112,87,356,0,0,92,3468,0,0,92,3468,California
Monterey,2020-12-27,7,3475,4,3116,3,359,0,0,7,3475,0,0,7,3475,California
Monterey,2020-12-28,479,3954,25,3141,454,813,0,0,479,3954,0,0,479,3954,California
Monterey,2020-12-29,902,4856,168,3309,734,1547,0,0,902,4856,0,0,902,4856,California
Monterey,2020-12-30,568,5424,97,3406,471,2018,0,0,568,5424,0,0,568,5424,California
Monterey,2020-12-31,33,5457,11,3417,22,2040,0,0,33,5457,0,0,33,5457,California
Monterey,2021-01-01,13,5470,3,3420,10,2050,0,0,13,5470,0,0,13,5470,California
Monterey,2021-01-02,137,5607,134,3554,3,2053,0,0,137,5607,0,0,137,5607,California
Monterey,2021-01-03,30,5637,29,3583,1,2054,0,0,30,5637,0,0,30,5637,California
Monterey,2021-01-04,411,6048,18,3601,393,2447,0,0,411,6048,0,0,411,6048,California
Monterey,2021-01-05,753,6801,327,3928,426,2873,0,0,739,6773,14,14,739,6787,California
Monterey,2021-01-06,660,7461,175,4103,485,3358,0,0,637,7387,23,37,637,7424,California
Monterey,2021-01-07,750,8211,574,4677,176,3534,0,0,424,7487,324,361,424,7848,California
Monterey,2021-01-08,1094,9305,737,5414,357,3891,0,0,399,7191,695,1056,399,8247,California
Monterey,2021-01-09,967,10272,935,6349,32,3923,0,0,314,6853,652,1708,314,8561,California
Monterey,2021-01-10,274,10546,271,6620,3,3926,0,0,9,6597,265,1973,9,8570,California
Monterey,2021-01-11,1069,11615,986,7606,83,4009,0,0,366,6260,703,2676,366,8936,California
Monterey,2021-01-12,474,12089,395,8001,79,4088,0,0,211,6208,263,2939,211,9147,California
Monterey,2021-01-13,1218,13307,593,8594,625,4713,0,0,1172,7334,46,2985,1172,10319,California
Monterey,2021-01-14,1129,14436,169,8763,960,5673,0,0,1110,8429,19,3004,1114,11433,California
Monterey,2021-01-15,1049,15485,45,8808,1004,6677,0,0,1036,9452,13,3017,1036,12469,California
Monterey,2021-01-16,366,15851,301,9109,65,6742,0,0,361,9808,5,3022,361,12830,California
Monterey,2021-01-17,314,16165,293,9402,21,6763,0,0,301,10096,13,3035,301,13131,California
Monterey,2021-01-18,403,16568,46,9448,357,7120,0,0,381,10455,22,3057,381,13512,California
Monterey,2021-01-19,578,17146,395,9843,183,7303,0,0,419,10717,157,3214,419,13931,California
Monterey,2021-01-20,539,17685,268,10111,271,7574,0,0,333,10844,206,3420,333,14264,California
Monterey,2021-01-21,851,18536,93,10204,758,8332,0,0,741,11479,110,3530,745,15009,California
Monterey,2021-01-22,1057,19593,195,10399,862,9194,0,0,1018,12458,39,3569,1018,16027,California
Monterey,2021-01-23,243,19836,175,10574,68,9262,0,0,119,12456,123,3692,121,16148,California
Monterey,2021-01-24,57,19893,38,10612,19,9281,0,0,23,12445,34,3726,23,16171,California
Monterey,2021-01-25,803,20696,175,10787,628,9909,0,0,176,12001,620,4346,176,16347,California
Monterey,2021-01-26,946,21642,225,11012,721,10630,0,0,249,11553,697,5043,249,16596,California
Monterey,2021-01-27,871,22513,315,11327,556,11186,0,0,390,11462,481,5524,390,16986,California
Monterey,2021-01-28,2031,24544,739,12066,1292,12478,0,0,1690,12813,341,5865,1692,18678,California
Monterey,2021-01-29,1277,25821,709,12775,568,13046,0,0,1159,13856,117,5982,1160,19838,California
Monterey,2021-01-30,466,26287,295,13070,171,13217,0,0,210,13810,256,6238,210,20048,California
Monterey,2021-01-31,496,26783,72,13142,424,13641,0,0,485,14285,11,6249,486,20534,California
Monterey,2021-02-01,1659,28442,1148,14290,511,14152,0,0,1091,14809,567,6816,1091,21625,California
Monterey,2021-02-02,2174,30616,462,14752,1712,15864,0,0,1566,15768,607,7423,1566,23191,California
Monterey,2021-02-03,2343,32959,1052,15804,1291,17155,0,0,1565,16559,774,8197,1565,24756,California
Monterey,2021-02-04,2793,35752,2088,17892,705,17860,0,0,2483,18734,308,8505,2483,27239,California
Monterey,2021-02-05,3674,39426,2832,20724,842,18702,0,0,3233,21531,436,8941,3233,30472,California
Monterey,2021-02-06,1109,40535,380,21104,729,19431,0,0,762,21948,345,9286,762,31234,California
Monterey,2021-02-07,317,40852,268,21372,49,19480,0,0,99,21829,218,9504,99,31333,California
Monterey,2021-02-08,521,41373,291,21663,230,19710,0,0,430,22168,91,9595,430,31763,California
Monterey,2021-02-09,882,42255,684,22347,198,19908,0,0,570,22428,312,9907,572,32335,California
Monterey,2021-02-10,2093,44348,1110,23457,983,20891,0,0,1247,22830,846,10753,1248,33583,California
Monterey,2021-02-11,2513,46861,975,24432,1538,22429,0,0,1550,23421,961,11714,1552,35135,California
Monterey,2021-02-12,2604,49465,432,24864,2172,24601,0,0,1530,23879,1073,12787,1531,36666,California
Monterey,2021-02-13,1079,50544,49,24913,1030,25631,0,0,988,24777,90,12877,988,37654,California
Monterey,2021-02-14,600,51144,73,24986,527,26158,0,0,527,25231,73,12950,527,38181,California
Monterey,2021-02-15,1375,52519,161,25147,1214,27372,0,0,984,25827,389,13339,985,39166,California
Monterey,2021-02-16,1097,53616,244,25391,853,28225,0,0,873,26476,224,13563,873,40039,California
Monterey,2021-02-17,1954,55570,1167,26558,787,29012,0,0,1649,27823,304,13867,1651,41690,California
Monterey,2021-02-18,2238,57808,1179,27737,1059,30071,0,0,913,27427,1311,15178,915,42605,California
Monterey,2021-02-19,2952,60760,1539,29276,1413,31484,0,0,1353,27183,1598,16776,1354,43959,California
Monterey,2021-02-20,1023,61783,617,29893,406,31890,0,0,964,28089,58,16834,964,44923,California
Monterey,2021-02-21,1254,63037,1225,31118,29,31919,0,0,1183,29203,69,16903,1183,46106,California
Monterey,2021-02-22,1003,64040,854,31972,149,32068,0,0,652,29506,349,17252,652,46758,California
Monterey,2021-02-23,971,65011,624,32596,347,32415,0,0,305,29147,665,17917,306,47064,California
Monterey,2021-02-24,2482,67493,1326,33922,1156,33571,0,0,1857,30385,620,18537,1858,48922,California
Monterey,2021-02-25,4433,71926,2429,36351,2004,35575,0,0,1486,28932,2940,21477,1487,50409,California
Monterey,2021-02-26,5304,77230,3088,39439,2216,37791,0,0,2636,28904,2665,24142,2637,53046,California
Monterey,2021-02-27,1030,78260,186,39625,844,38635,0,0,813,29505,212,24354,813,53859,California
Monterey,2021-02-28,1539,79799,82,39707,1457,40092,0,0,1076,30123,458,24812,1076,54935,California
Monterey,2021-03-01,1290,81089,146,39853,1141,41233,3,3,748,30338,537,25349,752,55687,California
Monterey,2021-03-02,2806,83895,1733,41586,1073,42306,0,3,1938,31412,864,26213,1938,57625,California
Monterey,2021-03-03,3222,87117,1245,42831,1977,44283,0,3,1277,30747,1943,28156,1278,58903,California
Monterey,2021-03-04,4584,91701,1474,44305,3110,47393,0,3,2959,32085,1621,29777,2959,61862,California
Monterey,2021-03-05,3677,95378,1626,45931,1774,49167,277,280,3007,34700,669,30446,3284,65146,California
Monterey,2021-03-06,5087,100465,1081,47012,3700,52867,306,586,4172,38264,912,31358,4476,69622,California
Monterey,2021-03-07,524,100989,107,47119,170,53037,247,833,234,38453,290,31648,479,70101,California
Monterey,2021-03-08,1669,102658,327,47446,953,53990,389,1222,1120,39411,549,32197,1507,71608,California
Monterey,2021-03-09,1994,104652,696,48142,1023,55013,275,1497,1492,40675,501,32698,1765,73373,California
Monterey,2021-03-10,3193,107845,1037,49179,1666,56679,490,1987,1466,40908,1723,34421,1956,75329,California
Monterey,2021-03-11,4171,112016,1415,50594,2381,59060,375,2362,2401,41921,1763,36184,2776,78105,California
Monterey,2021-03-12,4403,116419,2053,52647,2210,61270,140,2502,2703,43067,1697,37881,2843,80948,California
Monterey,2021-03-13,5295,121714,970,53617,3978,65248,347,2849,3974,46068,1320,39201,4321,85269,California
Monterey,2021-03-14,2162,123876,1336,54953,801,66049,25,2874,579,45099,1573,40774,604,85873,California
Monterey,2021-03-15,3972,127848,1274,56227,2408,68457,290,3164,2278,45976,1690,42464,2567,88440,California
Monterey,2021-03-16,3534,131382,579,56806,2578,71035,377,3541,2113,47041,1420,43884,2485,90925,California
Monterey,2021-03-17,5835,137217,2363,59169,3215,74250,257,3798,4223,49920,1606,45490,4485,95410,California
Monterey,2021-03-18,4472,141689,2170,61339,2133,76383,169,3967,3108,51876,1358,46848,3314,98724,California
Monterey,2021-03-19,5487,147176,2564,63903,2776,79159,147,4114,4198,54938,1284,48132,4346,103070,California
Monterey,2021-03-20,3367,150543,420,64323,2252,81411,695,4809,2281,56832,1082,49214,2976,106046,California
Monterey,2021-03-21,634,151177,206,64529,419,81830,9,4818,561,57330,71,49285,569,106615,California
Monterey,2021-03-22,2498,153675,1443,65972,993,82823,62,4880,2285,59466,209,49494,2345,108960,California
Monterey,2021-03-23,4028,157703,2362,68334,1623,84446,43,4923,2562,60609,1461,50955,2604,111564,California
Monterey,2021-03-24,5126,162829,2126,70460,2686,87132,314,5237,3759,63316,1363,52318,4070,115634,California
Monterey,2021-03-25,5324,168153,1226,71686,3739,90871,359,5596,2683,63726,2633,54951,3043,118677,California
Monterey,2021-03-26,5455,173608,2620,74306,2757,93628,78,5674,2790,63942,2654,57605,2870,121547,California
Monterey,2021-03-27,4862,178470,1458,75764,3148,96776,256,5930,3124,65587,1735,59340,3380,124927,California
Monterey,2021-03-28,1120,179590,346,76110,765,97541,9,5939,626,65733,489,59829,635,125562,California
Monterey,2021-03-29,3229,182819,1414,77524,1801,99342,14,5953,2007,66544,1214,61043,2025,127587,California
Monterey,2021-03-30,4529,187348,2135,79659,2346,101688,48,6001,2789,67655,1730,62773,2841,130428,California
Monterey,2021-03-31,5447,192795,2426,82085,2222,103910,799,6800,3459,69920,1985,64758,4250,134678,California
Monterey,2021-04-01,6148,198943,2065,84150,3670,107580,413,7213,3111,70417,3022,67780,3519,138197,California
Monterey,2021-04-02,4800,203743,2272,86422,2463,110043,65,7278,3246,72181,1551,69331,3315,141512,California
Monterey,2021-04-03,5948,209691,1120,87542,3786,113829,1042,8320,1238,69755,4698,74029,2272,143784,California
Monterey,2021-04-04,774,210465,162,87704,597,114426,15,8335,498,69994,276,74305,515,144299,California
Monterey,2021-04-05,4015,214480,2478,90182,1306,115732,231,8566,1493,69202,2516,76821,1724,146023,California
Monterey,2021-04-06,3427,217907,1341,91523,1612,117344,474,9040,1164,68577,2261,79082,1636,147659,California
Monterey,2021-04-07,5691,223598,1383,92906,3793,121137,515,9555,2758,68931,2922,82004,3276,150935,California
Monterey,2021-04-08,6656,230254,3504,96410,2347,123484,805,10360,3280,69666,3370,85374,4105,155040,California
Monterey,2021-04-09,5728,235982,3440,99850,1650,125134,638,10998,2318,69256,3407,88781,2997,158037,California
Monterey,2021-04-10,10152,246134,4926,104776,3070,128204,2156,13154,4949,71168,5192,93973,7104,165141,California
Monterey,2021-04-11,5420,251554,4250,109026,567,128771,603,13757,4374,75100,1040,95013,4972,170113,California
Monterey,2021-04-12,4103,255657,1849,110875,1935,130706,319,14076,927,73308,3038,98051,1246,171359,California
Monterey,2021-04-13,3185,258842,730,111605,2450,133156,5,14081,1518,73185,1648,99699,1525,172884,California
Monterey,2021-04-14,6735,265577,3139,114744,3593,136749,3,14084,1835,70141,4882,104581,1838,174722,California
Monterey,2021-04-15,5892,271469,3904,118648,1988,138737,0,14084,3868,72016,1994,106575,3869,178591,California
Monterey,2021-04-16,4843,276312,2442,121090,2387,141124,14,14098,2250,71700,2581,109156,2265,180856,California
Monterey,2021-04-17,5619,281931,1358,122448,4261,145385,0,14098,3723,73541,1882,111038,3723,184579,California
Monterey,2021-04-18,843,282774,256,122704,587,145972,0,14098,237,73176,602,111640,237,184816,California
Monterey,2021-04-19,3734,286508,1290,123994,2444,148416,0,14098,1772,72994,1954,113594,1772,186588,California
Monterey,2021-04-20,3852,290360,1583,125577,2269,150685,0,14098,1590,72346,2239,115833,1591,188179,California
Monterey,2021-04-21,5931,296291,3178,128755,2753,153438,0,14098,2860,72172,3036,118869,2862,191041,California
Monterey,2021-04-22,4832,301123,1029,129784,3803,157241,0,14098,1988,71356,2804,121673,1988,193029,California
Monterey,2021-04-23,5771,306894,2634,132418,3136,160377,1,14099,2237,70084,3514,125187,2242,195271,California
Monterey,2021-04-24,4176,311070,587,133005,3589,163966,0,14099,1540,69005,2619,127806,1540,196811,California
Monterey,2021-04-25,1243,312313,610,133615,633,164599,0,14099,793,69358,440,128246,793,197604,California
Monterey,2021-04-26,3501,315814,2178,135793,1306,165905,17,14116,881,67661,2595,130841,898,198502,California
Monterey,2021-04-27,2627,318441,898,136691,1611,167516,118,14234,1147,67449,1476,132317,1264,199766,California
Monterey,2021-04-28,3611,322052,1373,138064,2085,169601,153,14387,2231,68460,1367,133684,2378,202144,California
Monterey,2021-04-29,4516,326568,2423,140487,2017,171618,76,14463,1653,67338,2852,136536,1730,203874,California
Monterey,2021-04-30,3184,329752,1657,142144,1452,173070,75,14538,786,65808,2389,138925,859,204733,California
Monterey,2021-05-01,5615,335367,4239,146383,1336,174406,40,14578,681,61610,4917,143842,719,205452,California
Monterey,2021-05-02,4362,339729,3935,150318,400,174806,27,14605,325,57938,4024,147866,352,205804,California
Monterey,2021-05-03,2550,342279,1567,151885,867,175673,116,14721,599,56712,1941,149807,715,206519,California
Monterey,2021-05-04,1789,344068,600,152485,1099,176772,90,14811,646,56319,1130,150937,737,207256,California
Monterey,2021-05-05,3316,347384,1196,153681,2035,178807,85,14896,1044,55188,2261,153198,1130,208386,California
Monterey,2021-05-06,4176,351560,2749,156430,1210,180017,217,15113,1126,53497,3034,156232,1343,209729,California
Monterey,2021-05-07,1990,353550,973,157403,918,180935,99,15212,703,53019,1279,157511,801,210530,California
Monterey,2021-05-08,2578,356128,1367,158770,887,181822,324,15536,912,52596,1655,159166,1232,211762,California
Monterey,2021-05-09,398,356526,116,158886,256,182078,26,15562,145,52515,252,159418,171,211933,California
Monterey,2021-05-10,2596,359122,1859,160745,690,182768,47,15609,330,50637,2256,161674,378,212311,California
Monterey,2021-05-11,1768,360890,906,161651,798,183566,64,15673,731,50411,1022,162696,796,213107,California
Monterey,2021-05-12,3677,364567,1965,163616,1639,185205,73,15746,787,48392,2880,165576,861,213968,California
Monterey,2021-05-13,2295,366862,1313,164929,926,186131,56,15802,1263,48687,1022,166598,1317,215285,California
Monterey,2021-05-14,1752,368614,500,165429,1176,187307,76,15878,695,48408,1049,167647,770,216055,California
Monterey,2021-05-15,3007,371621,527,165956,2245,189552,235,16113,647,46941,2348,169995,881,216936,California
Monterey,2021-05-16,878,372499,530,166486,281,189833,67,16180,223,46581,649,170644,289,217225,California
Monterey,2021-05-17,2190,374689,1287,167773,828,190661,75,16255,1036,46552,1141,171785,1112,218337,California
Monterey,2021-05-18,1730,376419,665,168438,1022,191683,43,16298,797,46469,925,172710,842,219179,California
Monterey,2021-05-19,3581,380000,2345,170783,1149,192832,87,16385,1938,46859,1636,174346,2026,221205,California
Monterey,2021-05-20,2307,382307,808,171591,1393,194225,106,16491,737,46149,1555,175901,845,222050,California
Monterey,2021-05-21,2810,385117,1211,172802,1510,195735,89,16580,865,45165,1938,177839,954,223004,California
Monterey,2021-05-22,1696,386813,607,173409,811,196546,278,16858,637,45022,1056,178895,913,223917,California
Monterey,2021-05-23,547,387360,407,173816,125,196671,15,16873,387,45269,155,179050,402,224319,California
Monterey,2021-05-24,1652,389012,495,174311,1093,197764,64,16937,590,44867,1056,180106,654,224973,California
Monterey,2021-05-25,1308,390320,498,174809,744,198508,66,17003,554,44748,739,180845,620,225593,California
Monterey,2021-05-26,1455,391775,750,175559,666,199174,39,17042,627,44588,825,181670,665,226258,California
Napa,2020-12-16,12,12,12,12,0,0,0,0,12,12,0,0,12,12,California
Napa,2020-12-17,44,56,44,56,0,0,0,0,44,56,0,0,44,56,California
Napa,2020-12-18,102,158,102,158,0,0,0,0,102,158,0,0,102,158,California
Napa,2020-12-19,221,379,221,379,0,0,0,0,221,379,0,0,221,379,California
Napa,2020-12-20,190,569,190,569,0,0,0,0,190,569,0,0,190,569,California
Napa,2020-12-21,314,883,314,883,0,0,0,0,315,884,0,0,315,884,California
Napa,2020-12-22,341,1224,332,1215,9,9,0,0,341,1225,0,0,341,1225,California
Napa,2020-12-23,431,1655,321,1536,110,119,0,0,431,1656,0,0,431,1656,California
Napa,2020-12-24,139,1794,78,1614,61,180,0,0,139,1795,0,0,139,1795,California
Napa,2020-12-25,1,1795,1,1615,0,180,0,0,1,1796,0,0,1,1796,California
Napa,2020-12-26,39,1834,11,1626,28,208,0,0,39,1835,0,0,39,1835,California
Napa,2020-12-27,32,1866,16,1642,16,224,0,0,32,1867,0,0,32,1867,California
Napa,2020-12-28,252,2118,186,1828,66,290,0,0,281,2148,0,0,281,2148,California
Napa,2020-12-29,271,2389,214,2042,57,347,0,0,304,2452,0,0,304,2452,California
Napa,2020-12-30,631,3020,486,2528,145,492,0,0,639,3091,0,0,639,3091,California
Napa,2020-12-31,460,3480,371,2899,89,581,0,0,460,3551,0,0,460,3551,California
Napa,2021-01-01,1,3481,1,2900,0,581,0,0,1,3552,0,0,1,3552,California
Napa,2021-01-02,98,3579,93,2993,5,586,0,0,98,3650,0,0,98,3650,California
Napa,2021-01-03,13,3592,11,3004,2,588,0,0,9,3659,0,0,9,3659,California
Napa,2021-01-04,106,3698,63,3067,43,631,0,0,106,3765,0,0,106,3765,California
Napa,2021-01-05,162,3860,85,3152,77,708,0,0,145,3886,24,24,145,3910,California
Napa,2021-01-06,459,4319,113,3265,346,1054,0,0,396,4221,61,85,396,4306,California
Napa,2021-01-07,499,4818,235,3500,264,1318,0,0,398,4519,100,185,398,4704,California
Napa,2021-01-08,445,5263,230,3730,215,1533,0,0,261,4597,183,368,261,4965,California
Napa,2021-01-09,327,5590,302,4032,25,1558,0,0,190,4650,137,505,190,5155,California
Napa,2021-01-10,185,5775,102,4134,83,1641,0,0,108,4681,77,582,108,5263,California
Napa,2021-01-11,881,6656,427,4561,454,2095,0,0,507,4815,375,957,509,5772,California
Napa,2021-01-12,1318,7974,373,4934,945,3040,0,0,1000,5497,318,1275,1000,6772,California
Napa,2021-01-13,1313,9287,265,5199,1048,4088,0,0,1150,6486,162,1437,1151,7923,California
Napa,2021-01-14,1051,10338,171,5370,880,4968,0,0,933,7303,116,1553,933,8856,California
Napa,2021-01-15,1457,11795,384,5754,1073,6041,0,0,1308,8455,157,1710,1309,10165,California
Napa,2021-01-16,357,12152,133,5887,224,6265,0,0,340,8778,17,1727,340,10505,California
Napa,2021-01-17,338,12490,173,6060,165,6430,0,0,328,9096,10,1737,328,10833,California
Napa,2021-01-18,1079,13569,197,6257,882,7312,0,0,988,9993,91,1828,988,11821,California
Napa,2021-01-19,1009,14578,405,6662,604,7916,0,0,766,10517,242,2070,766,12587,California
Napa,2021-01-20,827,15405,187,6849,640,8556,0,0,643,10978,182,2252,643,13230,California
Napa,2021-01-21,1336,16741,374,7223,962,9518,0,0,1081,11806,254,2506,1082,14312,California
Napa,2021-01-22,1544,18285,414,7637,1130,10648,0,0,1217,12698,326,2832,1218,15530,California
Napa,2021-01-23,398,18683,318,7955,80,10728,0,0,336,12972,62,2894,336,15866,California
Napa,2021-01-24,264,18947,187,8142,77,10805,0,0,207,13122,57,2951,207,16073,California
Napa,2021-01-25,1521,20468,229,8371,1292,12097,0,0,1431,14463,90,3041,1431,17504,California
Napa,2021-01-26,877,21345,285,8656,592,12689,0,0,785,15157,92,3133,786,18290,California
Napa,2021-01-27,628,21973,220,8876,408,13097,0,0,471,15471,158,3291,472,18762,California
Napa,2021-01-28,387,22360,175,9051,212,13309,0,0,196,15478,189,3480,196,18958,California
Napa,2021-01-29,255,22615,63,9114,192,13501,0,0,160,15543,95,3575,160,19118,California
Napa,2021-01-30,807,23422,697,9811,110,13611,0,0,640,16016,167,3742,640,19758,California
Napa,2021-01-31,652,24074,621,10432,31,13642,0,0,629,16622,23,3765,629,20387,California
Napa,2021-02-01,320,24394,112,10544,208,13850,0,0,164,16630,156,3921,164,20551,California
Napa,2021-02-02,606,25000,279,10823,327,14177,0,0,297,16621,306,4227,297,20848,California
Napa,2021-02-03,744,25744,308,11131,436,14613,0,0,429,16736,314,4541,429,21277,California
Napa,2021-02-04,787,26531,370,11501,417,15030,0,0,438,16827,347,4888,438,21715,California
Napa,2021-02-05,709,27240,308,11809,401,15431,0,0,342,16802,367,5255,342,22057,California
Napa,2021-02-06,434,27674,146,11955,288,15719,0,0,328,17024,106,5361,328,22385,California
Napa,2021-02-07,173,27847,160,12115,13,15732,0,0,71,16993,102,5463,71,22456,California
Napa,2021-02-08,835,28682,191,12306,644,16376,0,0,274,16709,558,6021,274,22730,California
Napa,2021-02-09,1083,29765,448,12754,635,17011,0,0,440,16507,642,6663,440,23170,California
Napa,2021-02-10,1725,31490,193,12947,1532,18543,0,0,452,15690,1270,7933,453,23623,California
Napa,2021-02-11,1492,32982,192,13139,1300,19843,0,0,404,15019,1075,9008,404,24027,California
Napa,2021-02-12,2170,35152,844,13983,1326,21169,0,0,729,14311,1437,10445,729,24756,California
Napa,2021-02-13,503,35655,53,14036,450,21619,0,0,317,14442,186,10631,317,25073,California
Napa,2021-02-14,354,36009,86,14122,268,21887,0,0,192,14472,162,10793,192,25265,California
Napa,2021-02-15,876,36885,182,14304,694,22581,0,0,223,14044,651,11444,223,25488,California
Napa,2021-02-16,1287,38172,596,14900,691,23272,0,0,613,13985,672,12116,613,26101,California
Napa,2021-02-17,1048,39220,531,15431,517,23789,0,0,477,13894,569,12685,478,26579,California
Napa,2021-02-18,1902,41122,485,15916,1417,25206,0,0,660,13315,1239,13924,660,27239,California
Napa,2021-02-19,1479,42601,585,16501,894,26100,0,0,675,13187,803,14727,675,27914,California
Napa,2021-02-20,822,43423,597,17098,225,26325,0,0,275,12915,547,15274,275,28189,California
Napa,2021-02-21,816,44239,752,17850,64,26389,0,0,212,12523,604,15878,212,28401,California
Napa,2021-02-22,447,44686,190,18040,257,26646,0,0,141,12358,306,16184,141,28542,California
Napa,2021-02-23,1130,45816,306,18346,824,27470,0,0,315,11858,815,16999,315,28857,California
Napa,2021-02-24,1165,46981,644,18990,521,27991,0,0,577,11849,586,17585,577,29434,California
Napa,2021-02-25,2560,49541,1224,20214,1336,29327,0,0,1848,12986,711,18296,1848,31282,California
Napa,2021-02-26,1507,51048,527,20741,980,30307,0,0,596,12673,909,19205,596,31878,California
Napa,2021-02-27,1117,52165,386,21127,731,31038,0,0,865,13288,250,19455,865,32743,California
Napa,2021-02-28,563,52728,461,21588,102,31140,0,0,463,13653,98,19553,463,33206,California
Napa,2021-03-01,1106,53834,817,22405,289,31429,0,0,832,14213,272,19825,832,34038,California
Napa,2021-03-02,1507,55341,1048,23453,459,31888,0,0,1166,15039,340,20165,1166,35204,California
Napa,2021-03-03,1564,56905,694,24147,870,32758,0,0,1376,16228,187,20352,1376,36580,California
Napa,2021-03-04,1713,58618,787,24934,926,33684,0,0,1474,17466,236,20588,1474,38054,California
Napa,2021-03-05,1899,60517,790,25724,1105,34789,4,4,1481,18535,416,21004,1485,39539,California
Napa,2021-03-06,653,61170,286,26010,336,35125,31,35,541,18997,110,21114,572,40111,California
Napa,2021-03-07,519,61689,316,26326,188,35313,15,50,375,19243,144,21258,390,40501,California
Napa,2021-03-08,713,62402,335,26661,325,35638,53,103,536,19657,175,21433,589,41090,California
Napa,2021-03-09,1683,64085,603,27264,1034,36672,46,149,1249,20521,431,21864,1295,42385,California
Napa,2021-03-10,1496,65581,921,28185,481,37153,94,243,795,20711,697,22561,887,43272,California
Napa,2021-03-11,1878,67459,1060,29245,688,37841,130,373,987,20936,891,23452,1116,44388,California
Napa,2021-03-12,1515,68974,917,30162,502,38343,96,469,809,21135,704,24156,903,45291,California
Napa,2021-03-13,1171,70145,305,30467,841,39184,25,494,830,21651,339,24495,855,46146,California
Napa,2021-03-14,619,70764,336,30803,135,39319,148,642,218,21616,400,24895,365,46511,California
Napa,2021-03-15,954,71718,411,31214,473,39792,70,712,480,21694,472,25367,550,47061,California
Napa,2021-03-16,1846,73564,392,31606,1327,41119,127,839,1378,22735,465,25832,1506,48567,California
Napa,2021-03-17,2510,76074,1851,33457,480,41599,179,1018,1598,23601,911,26743,1777,50344,California
Napa,2021-03-18,2130,78204,939,34396,1181,42780,10,1028,1301,24086,826,27569,1311,51655,California
Napa,2021-03-19,1450,79654,878,35274,544,43324,28,1056,709,24085,738,28307,737,52392,California
Napa,2021-03-20,1010,80664,530,35804,327,43651,153,1209,427,24083,582,28889,580,52972,California
Napa,2021-03-21,704,81368,681,36485,20,43671,3,1212,348,24079,355,29244,351,53323,California
Napa,2021-03-22,1298,82666,1122,37607,165,43836,11,1223,495,23787,798,30042,506,53829,California
Napa,2021-03-23,1873,84539,1180,38787,676,44512,17,1240,1003,23941,866,30908,1020,54849,California
Napa,2021-03-24,1708,86247,945,39732,755,45267,8,1248,818,23878,889,31797,826,55675,California
Napa,2021-03-25,1925,88172,1053,40785,818,46085,54,1302,768,23549,1151,32948,822,56497,California
Napa,2021-03-26,1306,89478,838,41623,462,46547,6,1308,591,23436,710,33658,597,57094,California
Napa,2021-03-27,941,90419,433,42056,481,47028,27,1335,313,23148,628,34286,340,57434,California
Napa,2021-03-28,489,90908,378,42434,104,47132,7,1342,181,23030,306,34592,188,57622,California
Napa,2021-03-29,1200,92108,874,43308,321,47453,5,1347,729,23294,470,35062,734,58356,California
Napa,2021-03-30,2635,94743,933,44241,1698,49151,4,1351,1819,24302,816,35878,1824,60180,California
Napa,2021-03-31,1974,96717,963,45204,942,50093,69,1420,805,24008,1166,37044,872,61052,California
Napa,2021-04-01,1751,98468,843,46047,790,50883,118,1538,481,23344,1264,38308,600,61652,California
Napa,2021-04-02,1865,100333,836,46883,887,51770,142,1680,477,22580,1385,39693,621,62273,California
Napa,2021-04-03,634,100967,369,47252,206,51976,59,1739,214,22432,420,40113,272,62545,California
Napa,2021-04-04,358,101325,144,47396,156,52132,58,1797,124,22381,233,40346,182,62727,California
Napa,2021-04-05,1274,102599,758,48154,297,52429,219,2016,575,22477,698,41044,794,63521,California
Napa,2021-04-06,2243,104842,559,48713,1428,53857,256,2272,516,21527,1724,42768,774,64295,California
Napa,2021-04-07,1729,106571,703,49416,805,54662,221,2493,520,21064,1204,43972,741,65036,California
Napa,2021-04-08,1858,108429,1066,50482,420,55082,372,2865,961,21506,893,44865,1335,66371,California
Napa,2021-04-09,1539,109968,924,51406,313,55395,302,3167,676,21625,861,45726,980,67351,California
Napa,2021-04-10,1037,111005,346,51752,591,55986,100,3267,242,21177,794,46520,346,67697,California
Napa,2021-04-11,384,111389,298,52050,63,56049,23,3290,156,21128,228,46748,179,67876,California
Napa,2021-04-12,788,112177,304,52354,360,56409,124,3414,290,21042,497,47245,411,68287,California
Napa,2021-04-13,2537,114714,845,53199,1692,58101,0,3414,928,20366,1604,48849,928,69215,California
Napa,2021-04-14,2083,116797,982,54181,1101,59202,0,3414,1013,20317,1062,49911,1013,70228,California
Napa,2021-04-15,2057,118854,528,54709,1529,60731,0,3414,876,20018,1175,51086,876,71104,California
Napa,2021-04-16,2902,121756,1576,56285,1326,62057,0,3414,2188,21494,712,51798,2188,73292,California
Napa,2021-04-17,1131,122887,267,56552,864,62921,0,3414,832,22028,298,52096,832,74124,California
Napa,2021-04-18,265,123152,172,56724,93,63014,0,3414,119,22001,146,52242,119,74243,California
Napa,2021-04-19,609,123761,338,57062,271,63285,0,3414,265,21923,343,52585,265,74508,California
Napa,2021-04-20,3034,126795,2061,59123,973,64258,0,3414,2082,23055,951,53536,2083,76591,California
Napa,2021-04-21,2917,129712,2156,61279,761,65019,0,3414,1852,23849,1059,54595,1853,78444,California
Napa,2021-04-22,1637,131349,1129,62408,508,65527,0,3414,838,23893,794,55389,838,79282,California
Napa,2021-04-23,1623,132972,1246,63654,375,65902,2,3416,1147,24568,472,55861,1147,80429,California
Napa,2021-04-24,559,133531,317,63971,242,66144,0,3416,285,24582,271,56132,285,80714,California
Napa,2021-04-25,250,133781,192,64163,58,66202,0,3416,130,24593,119,56251,130,80844,California
Napa,2021-04-26,507,134288,263,64426,244,66446,0,3416,263,24616,240,56491,263,81107,California
Napa,2021-04-27,1677,135965,436,64862,1230,67676,11,3427,649,24251,1025,57516,660,81767,California
Napa,2021-04-28,977,136942,433,65295,527,68203,17,3444,322,23936,654,58170,339,82106,California
Napa,2021-04-29,648,137590,326,65621,303,68506,19,3463,200,23712,442,58612,218,82324,California
Napa,2021-04-30,603,138193,303,65924,236,68742,64,3527,249,23671,353,58965,312,82636,California
Napa,2021-05-01,323,138516,266,66190,46,68788,11,3538,119,23597,204,59169,130,82766,California
Napa,2021-05-02,237,138753,193,66383,38,68826,6,3544,99,23565,137,59306,105,82871,California
Napa,2021-05-03,624,139377,499,66882,90,68916,35,3579,103,23188,516,59822,139,83010,California
Napa,2021-05-04,1125,140502,717,67599,298,69214,110,3689,294,22765,827,60649,404,83414,California
Napa,2021-05-05,1017,141519,686,68285,295,69509,36,3725,256,22299,758,61407,292,83706,California
Napa,2021-05-06,716,142235,318,68603,375,69884,23,3748,372,22359,335,61742,395,84101,California
Napa,2021-05-07,562,142797,360,68963,158,70042,44,3792,174,22192,384,62126,217,84318,California
Napa,2021-05-08,254,143051,163,69126,80,70122,11,3803,89,22128,164,62290,100,84418,California
Napa,2021-05-09,108,143159,77,69203,31,70153,0,3803,50,22120,58,62348,50,84468,California
Napa,2021-05-10,418,143577,141,69344,258,70411,19,3822,108,21938,309,62657,127,84595,California
Napa,2021-05-11,2153,145730,1772,71116,355,70766,26,3848,367,20551,1780,64437,393,84988,California
Napa,2021-05-12,2154,147884,1346,72462,754,71520,54,3902,296,19048,1853,66290,350,85338,California
Napa,2021-05-13,1820,149704,1129,73591,653,72173,38,3940,764,18801,1049,67339,802,86140,California
Napa,2021-05-14,1906,151610,1138,74729,681,72854,87,4027,519,18027,1381,68720,607,86747,California
Napa,2021-05-15,1053,152663,347,75076,695,73549,11,4038,261,17512,788,69508,273,87020,California
Napa,2021-05-16,239,152902,159,75235,78,73627,2,4040,67,17409,172,69680,69,87089,California
Napa,2021-05-17,877,153779,346,75581,501,74128,30,4070,311,17241,509,70189,341,87430,California
Napa,2021-05-18,1035,154814,541,76122,436,74564,58,4128,498,17265,532,70721,556,87986,California
Napa,2021-05-19,922,155736,541,76663,351,74915,30,4158,520,17414,400,71121,549,88535,California
Napa,2021-05-20,573,156309,379,77042,168,75083,26,4184,374,17615,199,71320,400,88935,California
Napa,2021-05-21,425,156734,208,77250,186,75269,31,4215,186,17593,239,71559,217,89152,California
Napa,2021-05-22,392,157126,215,77465,170,75439,7,4222,158,17524,234,71793,165,89317,California
Napa,2021-05-23,350,157476,320,77785,20,75459,10,4232,272,17729,77,71870,282,89599,California
Napa,2021-05-24,363,157839,174,77959,169,75628,20,4252,148,17685,213,72083,169,89768,California
Napa,2021-05-25,390,158229,161,78120,167,75795,62,4314,133,17624,256,72339,195,89963,California
Napa,2021-05-26,350,158579,216,78336,120,75915,14,4328,219,17728,129,72468,233,90196,California
Nevada,2020-12-16,3,3,3,3,0,0,0,0,3,3,0,0,3,3,California
Nevada,2020-12-17,6,9,6,9,0,0,0,0,6,9,0,0,6,9,California
Nevada,2020-12-18,52,61,52,61,0,0,0,0,52,61,0,0,52,61,California
Nevada,2020-12-19,55,116,55,116,0,0,0,0,55,116,0,0,55,116,California
Nevada,2020-12-20,12,128,12,128,0,0,0,0,12,128,0,0,12,128,California
Nevada,2020-12-21,69,197,69,197,0,0,0,0,69,197,0,0,69,197,California
Nevada,2020-12-22,91,288,89,286,2,2,0,0,91,288,0,0,91,288,California
Nevada,2020-12-23,234,522,203,489,31,33,0,0,234,522,0,0,234,522,California
Nevada,2020-12-24,13,535,11,500,2,35,0,0,13,535,0,0,13,535,California
Nevada,2020-12-25,3,538,3,503,0,35,0,0,3,538,0,0,3,538,California
Nevada,2020-12-26,6,544,4,507,2,37,0,0,6,544,0,0,6,544,California
Nevada,2020-12-27,88,632,88,595,0,37,0,0,88,632,0,0,88,632,California
Nevada,2020-12-28,169,801,92,687,77,114,0,0,169,801,0,0,169,801,California
Nevada,2020-12-29,99,900,73,760,26,140,0,0,99,900,0,0,99,900,California
Nevada,2020-12-30,86,986,66,826,20,160,0,0,86,986,0,0,86,986,California
Nevada,2020-12-31,39,1025,9,835,30,190,0,0,39,1025,0,0,39,1025,California
Nevada,2021-01-01,2,1027,0,835,2,192,0,0,2,1027,0,0,2,1027,California
Nevada,2021-01-02,1,1028,1,836,0,192,0,0,1,1028,0,0,1,1028,California
Nevada,2021-01-03,129,1157,126,962,3,195,0,0,129,1157,0,0,129,1157,California
Nevada,2021-01-04,71,1228,47,1009,24,219,0,0,71,1228,0,0,71,1228,California
Nevada,2021-01-05,273,1501,132,1141,141,360,0,0,272,1499,1,1,272,1500,California
Nevada,2021-01-06,91,1592,43,1184,48,408,0,0,83,1574,8,9,83,1583,California
Nevada,2021-01-07,215,1807,43,1227,172,580,0,0,208,1777,6,15,209,1792,California
Nevada,2021-01-08,223,2030,129,1356,94,674,0,0,170,1895,53,68,171,1963,California
Nevada,2021-01-09,63,2093,56,1412,7,681,0,0,15,1862,48,116,15,1978,California
Nevada,2021-01-10,18,2111,9,1421,9,690,0,0,10,1864,8,124,10,1988,California
Nevada,2021-01-11,185,2296,131,1552,54,744,0,0,57,1793,128,252,57,2045,California
Nevada,2021-01-12,595,2891,449,2001,146,890,0,0,529,2256,66,318,529,2574,California
Nevada,2021-01-13,258,3149,145,2146,113,1003,0,0,125,2248,133,451,125,2699,California
Nevada,2021-01-14,237,3386,127,2273,110,1113,0,0,219,2450,17,468,219,2918,California
Nevada,2021-01-15,396,3782,170,2443,226,1339,0,0,298,2650,98,566,298,3216,California
Nevada,2021-01-16,297,4079,15,2458,282,1621,0,0,293,2939,4,570,293,3509,California
Nevada,2021-01-17,36,4115,32,2490,4,1625,0,0,34,2971,2,572,34,3543,California
Nevada,2021-01-18,155,4270,45,2535,110,1735,0,0,143,3102,12,584,143,3686,California
Nevada,2021-01-19,243,4513,85,2620,158,1893,0,0,223,3305,20,604,223,3909,California
Nevada,2021-01-20,269,4782,164,2784,105,1998,0,0,256,3548,13,617,256,4165,California
Nevada,2021-01-21,339,5121,207,2991,132,2130,0,0,326,3861,13,630,326,4491,California
Nevada,2021-01-22,368,5489,231,3222,137,2267,0,0,338,4169,30,660,338,4829,California
Nevada,2021-01-23,178,5667,105,3327,73,2340,0,0,178,4347,0,660,178,5007,California
Nevada,2021-01-24,105,5772,98,3425,7,2347,0,0,66,4374,39,699,66,5073,California
Nevada,2021-01-25,265,6037,136,3561,129,2476,0,0,204,4517,61,760,204,5277,California
Nevada,2021-01-26,402,6439,141,3702,261,2737,0,0,298,4711,104,864,298,5575,California
Nevada,2021-01-27,420,6859,248,3950,172,2909,0,0,396,5083,24,888,396,5971,California
Nevada,2021-01-28,470,7329,319,4269,151,3060,0,0,426,5466,43,931,426,6397,California
Nevada,2021-01-29,605,7934,394,4663,211,3271,0,0,578,6019,26,957,579,6976,California
Nevada,2021-01-30,232,8166,105,4768,127,3398,0,0,229,6245,3,960,229,7205,California
Nevada,2021-01-31,104,8270,87,4855,17,3415,0,0,102,6347,1,961,103,7308,California
Nevada,2021-02-01,291,8561,71,4926,220,3635,0,0,277,6610,14,975,277,7585,California
Nevada,2021-02-02,520,9081,182,5108,338,3973,0,0,321,6732,199,1174,321,7906,California
Nevada,2021-02-03,814,9895,573,5681,241,4214,0,0,760,7439,53,1227,760,8666,California
Nevada,2021-02-04,737,10632,388,6069,349,4563,0,0,487,7677,249,1476,487,9153,California
Nevada,2021-02-05,649,11281,369,6438,280,4843,0,0,459,7948,188,1664,459,9612,California
Nevada,2021-02-06,269,11550,82,6520,187,5030,0,0,242,8163,27,1691,242,9854,California
Nevada,2021-02-07,247,11797,194,6714,53,5083,0,0,193,8302,54,1745,193,10047,California
Nevada,2021-02-08,653,12450,407,7121,246,5329,0,0,552,8753,101,1846,552,10599,California
Nevada,2021-02-09,603,13053,337,7458,266,5595,0,0,464,9078,139,1985,464,11063,California
Nevada,2021-02-10,650,13703,325,7783,325,5920,0,0,419,9267,231,2216,420,11483,California
Nevada,2021-02-11,873,14576,505,8288,368,6288,0,0,544,9483,328,2544,544,12027,California
Nevada,2021-02-12,942,15518,438,8726,504,6792,0,0,621,9786,318,2862,621,12648,California
Nevada,2021-02-13,601,16119,236,8962,365,7157,0,0,387,9965,209,3071,388,13036,California
Nevada,2021-02-14,231,16350,120,9082,111,7268,0,0,203,10140,28,3099,203,13239,California
Nevada,2021-02-15,713,17063,438,9520,275,7543,0,0,539,10505,174,3273,539,13778,California
Nevada,2021-02-16,622,17685,199,9719,423,7966,0,0,455,10794,166,3439,455,14233,California
Nevada,2021-02-17,1184,18869,763,10482,421,8387,0,0,856,11322,328,3767,856,15089,California
Nevada,2021-02-18,1014,19883,551,11033,463,8850,0,0,604,11518,408,4175,604,15693,California
Nevada,2021-02-19,1013,20896,631,11664,382,9232,0,0,650,11807,362,4537,651,16344,California
Nevada,2021-02-20,298,21194,107,11771,191,9423,0,0,173,11856,124,4661,173,16517,California
Nevada,2021-02-21,95,21289,89,11860,6,9429,0,0,8,11778,86,4747,8,16525,California
Nevada,2021-02-22,497,21786,331,12191,166,9595,0,0,350,11982,146,4893,350,16875,California
Nevada,2021-02-23,484,22270,235,12426,249,9844,0,0,220,11941,261,5154,220,17095,California
Nevada,2021-02-24,478,22748,242,12668,236,10080,0,0,254,11973,224,5378,256,17351,California
Nevada,2021-02-25,860,23608,467,13135,393,10473,0,0,432,11979,426,5804,432,17783,California
Nevada,2021-02-26,1240,24848,883,14018,357,10830,0,0,411,11564,826,6630,411,18194,California
Nevada,2021-02-27,356,25204,111,14129,245,11075,0,0,187,11582,169,6799,187,18381,California
Nevada,2021-02-28,273,25477,159,14288,114,11189,0,0,125,11560,147,6946,125,18506,California
Nevada,2021-03-01,831,26308,435,14723,396,11585,0,0,362,11455,467,7413,362,18868,California
Nevada,2021-03-02,743,27051,293,15016,450,12035,0,0,510,11737,228,7641,510,19378,California
Nevada,2021-03-03,979,28030,502,15518,476,12511,1,1,508,11776,470,8111,509,19887,California
Nevada,2021-03-04,1107,29137,617,16135,490,13001,0,1,466,11605,637,8748,466,20353,California
Nevada,2021-03-05,836,29973,474,16609,352,13353,10,11,374,11529,460,9208,384,20737,California
Nevada,2021-03-06,360,30333,121,16730,212,13565,27,38,143,11482,217,9425,170,20907,California
Nevada,2021-03-07,212,30545,110,16840,83,13648,19,57,70,11429,142,9567,89,20996,California
Nevada,2021-03-08,826,31371,556,17396,224,13872,46,103,376,11403,449,10016,423,21419,California
Nevada,2021-03-09,790,32161,404,17800,337,14209,49,152,464,11591,324,10340,512,21931,California
Nevada,2021-03-10,1002,33163,646,18446,300,14509,56,208,340,11329,657,10997,395,22326,California
Nevada,2021-03-11,1106,34269,727,19173,354,14863,25,233,550,11356,548,11545,575,22901,California
Nevada,2021-03-12,1202,35471,729,19902,443,15306,30,263,509,11204,690,12235,538,23439,California
Nevada,2021-03-13,280,35751,56,19958,219,15525,5,268,106,11142,172,12407,110,23549,California
Nevada,2021-03-14,155,35906,21,19979,128,15653,6,274,32,11057,123,12530,38,23587,California
Nevada,2021-03-15,851,36757,459,20438,380,16033,12,286,360,10941,488,13018,372,23959,California
Nevada,2021-03-16,999,37756,469,20907,468,16501,62,348,640,11285,357,13375,701,24660,California
Nevada,2021-03-17,1021,38777,453,21360,558,17059,10,358,583,11443,435,13810,593,25253,California
Nevada,2021-03-18,983,39760,533,21893,427,17486,23,381,479,11445,500,14310,502,25755,California
Nevada,2021-03-19,759,40519,441,22334,281,17767,37,418,355,11437,400,14710,392,26147,California
Nevada,2021-03-20,822,41341,92,22426,302,18069,428,846,229,11503,587,15297,653,26800,California
Nevada,2021-03-21,58,41399,32,22458,25,18094,1,847,40,11527,17,15314,41,26841,California
Nevada,2021-03-22,800,42199,518,22976,277,18371,5,852,534,11802,264,15578,539,27380,California
Nevada,2021-03-23,858,43057,390,23366,442,18813,26,878,616,12205,239,15817,642,28022,California
Nevada,2021-03-24,1023,44080,543,23909,473,19286,7,885,641,12476,376,16193,647,28669,California
Nevada,2021-03-25,907,44987,458,24367,424,19710,25,910,496,12586,410,16603,520,29189,California
Nevada,2021-03-26,1142,46129,437,24804,666,20376,39,949,818,13121,321,16924,856,30045,California
Nevada,2021-03-27,567,46696,70,24874,481,20857,16,965,385,13340,182,17106,401,30446,California
Nevada,2021-03-28,176,46872,50,24924,113,20970,13,978,38,13256,135,17241,51,30497,California
Nevada,2021-03-29,821,47693,502,25426,297,21267,22,1000,376,13211,442,17683,397,30894,California
Nevada,2021-03-30,1055,48748,482,25908,539,21806,34,1034,486,13170,561,18244,520,31414,California
Nevada,2021-03-31,1181,49929,661,26569,503,22309,17,1051,678,13370,494,18738,694,32108,California
Nevada,2021-04-01,1239,51168,722,27291,464,22773,53,1104,546,13285,684,19422,599,32707,California
Nevada,2021-04-02,1289,52457,661,27952,592,23365,36,1140,761,13559,524,19946,798,33505,California
Nevada,2021-04-03,292,52749,92,28044,161,23526,39,1179,85,13477,206,20152,124,33629,California
Nevada,2021-04-04,129,52878,43,28087,79,23605,7,1186,78,13511,51,20203,85,33714,California
Nevada,2021-04-05,934,53812,615,28702,299,23904,20,1206,621,13843,309,20512,641,34355,California
Nevada,2021-04-06,1076,54888,667,29369,266,24170,143,1349,435,13789,634,21146,580,34935,California
Nevada,2021-04-07,1147,56035,819,30188,245,24415,83,1432,611,13953,529,21675,693,35628,California
Nevada,2021-04-08,1279,57314,891,31079,305,24720,83,1515,704,14168,572,22247,787,36415,California
Nevada,2021-04-09,1244,58558,847,31926,328,25048,69,1584,842,14679,400,22647,911,37326,California
Nevada,2021-04-10,265,58823,77,32003,112,25160,76,1660,108,14707,156,22803,184,37510,California
Nevada,2021-04-11,100,58923,32,32035,64,25224,4,1664,39,14689,61,22864,43,37553,California
Nevada,2021-04-12,745,59668,539,32574,190,25414,16,1680,315,14594,426,23290,331,37884,California
Nevada,2021-04-13,881,60549,350,32924,531,25945,0,1680,466,14647,413,23703,466,38350,California
Nevada,2021-04-14,1048,61597,568,33492,480,26425,0,1680,531,14669,509,24212,531,38881,California
Nevada,2021-04-15,1069,62666,702,34194,367,26792,0,1680,615,14842,442,24654,615,39496,California
Nevada,2021-04-16,891,63557,691,34885,200,26992,0,1680,515,14982,375,25029,515,40011,California
Nevada,2021-04-17,193,63750,49,34934,144,27136,0,1680,84,14958,108,25137,84,40095,California
Nevada,2021-04-18,185,63935,20,34954,165,27301,0,1680,102,14977,83,25220,102,40197,California
Nevada,2021-04-19,749,64684,480,35434,269,27570,0,1680,304,14844,437,25657,304,40501,California
Nevada,2021-04-20,798,65482,310,35744,488,28058,0,1680,301,14654,491,26148,301,40802,California
Nevada,2021-04-21,907,66389,495,36239,412,28470,0,1680,273,14302,625,26773,273,41075,California
Nevada,2021-04-22,996,67385,621,36860,375,28845,0,1680,342,14001,643,27416,342,41417,California
Nevada,2021-04-23,1220,68605,540,37400,680,29525,0,1680,396,13584,813,28229,396,41813,California
Nevada,2021-04-24,521,69126,72,37472,449,29974,0,1680,168,13401,351,28580,168,41981,California
Nevada,2021-04-25,116,69242,60,37532,51,30025,5,1685,52,13394,63,28643,56,42037,California
Nevada,2021-04-26,712,69954,533,38065,171,30196,8,1693,204,13108,498,29141,212,42249,California
Nevada,2021-04-27,773,70727,348,38413,420,30616,5,1698,398,13145,366,29507,403,42652,California
Nevada,2021-04-28,985,71712,579,38992,401,31017,5,1703,383,12936,597,30104,388,43040,California
Nevada,2021-04-29,1010,72722,707,39699,299,31316,4,1707,274,12481,733,30837,278,43318,California
Nevada,2021-04-30,1223,73945,724,40423,490,31806,9,1716,201,11671,1020,31857,210,43528,California
Nevada,2021-05-01,143,74088,65,40488,74,31880,4,1720,63,11660,78,31935,67,43595,California
Nevada,2021-05-02,54,74142,30,40518,20,31900,4,1724,19,11648,35,31970,23,43618,California
Nevada,2021-05-03,606,74748,404,40922,183,32083,19,1743,177,11418,425,32395,195,43813,California
Nevada,2021-05-04,584,75332,169,41091,397,32480,18,1761,331,11518,249,32644,349,44162,California
Nevada,2021-05-05,731,76063,380,41471,337,32817,14,1775,318,11446,404,33048,332,44494,California
Nevada,2021-05-06,799,76862,560,42031,228,33045,11,1786,196,11059,594,33642,207,44701,California
Nevada,2021-05-07,880,77742,488,42519,357,33402,35,1821,193,10603,684,34326,228,44929,California
Nevada,2021-05-08,172,77914,20,42539,132,33534,20,1841,81,10614,90,34416,101,45030,California
Nevada,2021-05-09,41,77955,7,42546,32,33566,2,1843,18,10611,23,34439,20,45050,California
Nevada,2021-05-10,389,78344,247,42793,118,33684,24,1867,75,10397,313,34752,99,45149,California
Nevada,2021-05-11,510,78854,150,42943,347,34031,13,1880,127,10162,375,35127,140,45289,California
Nevada,2021-05-12,531,79385,228,43171,292,34323,11,1891,149,9948,374,35501,160,45449,California
Nevada,2021-05-13,799,80184,534,43705,257,34580,8,1899,411,9988,379,35880,419,45868,California
Nevada,2021-05-14,767,80951,579,44284,171,34751,17,1916,428,10097,336,36216,445,46313,California
Nevada,2021-05-15,181,81132,82,44366,91,34842,8,1924,83,10091,97,36313,91,46404,California
Nevada,2021-05-16,155,81287,51,44417,104,34946,0,1924,53,10042,102,36415,53,46457,California
Nevada,2021-05-17,492,81779,313,44730,149,35095,30,1954,216,10023,265,36680,246,46703,California
Nevada,2021-05-18,410,82189,253,44983,153,35248,4,1958,219,10056,190,36870,223,46926,California
Nevada,2021-05-19,489,82678,356,45339,129,35377,4,1962,255,10090,225,37095,259,47185,California
Nevada,2021-05-20,560,83238,319,45658,230,35607,11,1973,198,9942,357,37452,209,47394,California
Nevada,2021-05-21,445,83683,283,45941,154,35761,8,1981,196,9901,245,37697,204,47598,California
Nevada,2021-05-22,200,83883,16,45957,95,35856,89,2070,27,9844,173,37870,116,47714,California
Nevada,2021-05-23,25,83908,5,45962,20,35876,0,2070,7,9833,18,37888,7,47721,California
Nevada,2021-05-24,303,84211,213,46175,77,35953,13,2083,103,9752,197,38085,116,47837,California
Nevada,2021-05-25,327,84538,79,46254,237,36190,11,2094,79,9599,243,38328,90,47927,California
Nevada,2021-05-26,354,84892,159,46413,189,36379,6,2100,81,9419,267,38595,87,48014,California
Orange,2020-12-15,16,16,16,16,0,0,0,0,16,16,0,0,16,16,California
Orange,2020-12-16,392,408,392,408,0,0,0,0,392,408,0,0,392,408,California
Orange,2020-12-17,3739,4147,3739,4147,0,0,0,0,3738,4146,0,0,3738,4146,California
Orange,2020-12-18,5067,9214,5059,9206,8,8,0,0,5066,9212,0,0,5066,9212,California
Orange,2020-12-19,2233,11447,2226,11432,7,15,0,0,2232,11444,0,0,2232,11444,California
Orange,2020-12-20,1989,13436,1986,13418,3,18,0,0,1990,13434,0,0,1990,13434,California
Orange,2020-12-21,4260,17696,4254,17672,6,24,0,0,4260,17694,0,0,4260,17694,California
Orange,2020-12-22,3992,21688,3957,21629,35,59,0,0,3992,21686,0,0,3992,21686,California
Orange,2020-12-23,3591,25279,3225,24854,366,425,0,0,3593,25279,0,0,3593,25279,California
Orange,2020-12-24,1381,26660,1078,25932,303,728,0,0,1381,26660,0,0,1381,26660,California
Orange,2020-12-25,17,26677,12,25944,5,733,0,0,17,26677,0,0,17,26677,California
Orange,2020-12-26,1081,27758,424,26368,657,1390,0,0,1081,27758,0,0,1081,27758,California
Orange,2020-12-27,582,28340,276,26644,306,1696,0,0,582,28340,0,0,582,28340,California
Orange,2020-12-28,3616,31956,2638,29282,978,2674,0,0,3616,31956,0,0,3616,31956,California
Orange,2020-12-29,3502,35458,2489,31771,1013,3687,0,0,3501,35456,1,1,3501,35457,California
Orange,2020-12-30,5122,40580,3546,35317,1576,5263,0,0,5122,40578,0,1,5122,40579,California
Orange,2020-12-31,1500,42080,802,36119,698,5961,0,0,1499,42076,1,2,1499,42078,California
Orange,2021-01-01,590,42670,320,36439,270,6231,0,0,589,42664,1,3,589,42667,California
Orange,2021-01-02,1355,44025,850,37289,505,6736,0,0,1355,44019,0,3,1355,44022,California
Orange,2021-01-03,584,44609,325,37614,259,6995,0,0,584,44603,0,3,584,44606,California
Orange,2021-01-04,2755,47364,1573,39187,1182,8177,0,0,2756,47358,1,4,2756,47362,California
Orange,2021-01-05,3538,50902,2318,41505,1220,9397,0,0,3130,50087,404,408,3133,50495,California
Orange,2021-01-06,5007,55909,3476,44981,1531,10928,0,0,3640,52372,1355,1763,3640,54135,California
Orange,2021-01-07,9293,65202,5186,50167,4107,15035,0,0,5711,54518,3569,5332,5715,59850,California
Orange,2021-01-08,9440,74642,5286,55453,4154,19189,0,0,5666,56423,3764,9096,5669,65519,California
Orange,2021-01-09,5019,79661,1755,57208,3264,22453,0,0,3735,58874,1284,10380,3735,69254,California
Orange,2021-01-10,4247,83908,1048,58256,3199,25652,0,0,3366,61364,880,11260,3370,72624,California
Orange,2021-01-11,9454,93362,4910,63166,4544,30196,0,0,5828,63564,3629,14889,5829,78453,California
Orange,2021-01-12,8932,102294,4834,68000,4098,34294,0,0,5461,65557,3469,18358,5462,83915,California
Orange,2021-01-13,10274,112568,4932,72932,5342,39636,0,0,7065,69424,3205,21563,7072,90987,California
Orange,2021-01-14,9985,122553,3784,76716,6201,45837,0,0,8395,76237,1588,23151,8401,99388,California
Orange,2021-01-15,10196,132749,2633,79349,7563,53400,0,0,9315,84669,889,24040,9321,108709,California
Orange,2021-01-16,8714,141463,2093,81442,6621,60021,0,0,8317,92595,396,24436,8322,117031,California
Orange,2021-01-17,8165,149628,1485,82927,6680,66701,0,0,8017,100474,148,24584,8027,125058,California
Orange,2021-01-18,9708,159336,4410,87337,5298,71999,0,0,7444,105656,2265,26849,7447,132505,California
Orange,2021-01-19,7535,166871,5452,92789,2083,74082,0,0,4904,107930,2631,29480,4905,137410,California
Orange,2021-01-20,8377,175248,5904,98693,2473,76555,0,0,5325,110210,3052,32532,5332,142742,California
Orange,2021-01-21,11020,186268,4907,103600,6113,82668,0,0,10199,119600,820,33352,10210,152952,California
Orange,2021-01-22,13691,199959,5158,108758,8533,91201,0,0,12832,131588,852,34204,12840,165792,California
Orange,2021-01-23,13156,213115,6192,114950,6964,98165,0,0,12226,142894,928,35132,12234,178026,California
Orange,2021-01-24,9822,222937,4294,119244,5528,103693,0,0,9490,152059,329,35461,9494,187520,California
Orange,2021-01-25,10464,233401,5870,125114,4594,108287,0,0,7728,157062,2730,38191,7733,195253,California
Orange,2021-01-26,11906,245307,7718,132832,4188,112475,0,0,9734,164631,2168,40359,9737,204990,California
Orange,2021-01-27,13448,258755,8015,140847,5433,117908,0,0,10737,172673,2700,43059,10742,215732,California
Orange,2021-01-28,13059,271814,7223,148070,5836,123744,0,0,11175,181987,1869,44928,11183,226915,California
Orange,2021-01-29,13653,285467,8467,156537,5186,128930,0,0,10753,189859,2884,47812,10756,237671,California
Orange,2021-01-30,12976,298443,4478,161015,8498,137428,0,0,12199,201299,762,48574,12202,249873,California
Orange,2021-01-31,13707,312150,4928,165943,8779,146207,0,0,13263,214131,438,49012,13270,263143,California
Orange,2021-02-01,14816,326966,6507,172450,8309,154516,0,0,12346,224035,2448,51460,12352,275495,California
Orange,2021-02-02,15032,341998,7961,180411,7071,161587,0,0,12558,234154,2443,53903,12562,288057,California
Orange,2021-02-03,16588,358586,12402,192813,4186,165773,0,0,13630,244909,2880,56783,13635,301692,California
Orange,2021-02-04,19947,378533,13052,205865,6895,172668,0,0,14836,254672,5081,61864,14844,316536,California
Orange,2021-02-05,20757,399290,11997,217862,8760,181428,0,0,14443,262848,6272,68136,14448,330984,California
Orange,2021-02-06,16378,415668,10825,228687,5553,186981,0,0,11106,268915,5257,73393,11324,342308,California
Orange,2021-02-07,11532,427200,8102,236789,3430,190411,0,0,7551,272670,3965,77358,7720,350028,California
Orange,2021-02-08,15021,442221,8642,245431,6379,196790,0,0,8989,275654,6006,83364,8990,359018,California
Orange,2021-02-09,17743,459964,12085,257516,5658,202448,0,0,10708,279405,6962,90326,10713,369731,California
Orange,2021-02-10,20910,480874,11164,268680,9746,212194,0,0,12695,283987,8122,98448,12704,382435,California
Orange,2021-02-11,22154,503028,11525,280205,10629,222823,0,0,12403,286788,9620,108068,12421,394856,California
Orange,2021-02-12,24875,527903,11984,292189,12891,235714,0,0,14641,291264,10171,118239,14647,409503,California
Orange,2021-02-13,22012,549915,11901,304090,10111,245825,0,0,11160,292367,10699,128938,11802,421305,California
Orange,2021-02-14,16171,566086,6536,310626,9635,255460,0,0,9539,295302,6605,135543,9540,430845,California
Orange,2021-02-15,17269,583355,7400,318026,9869,265329,0,0,8898,295881,8328,143871,8907,439752,California
Orange,2021-02-16,19982,603337,9005,327031,10977,276306,0,0,10755,297484,9177,153048,10780,450532,California
Orange,2021-02-17,17953,621290,9365,336396,8588,284894,0,0,9217,298047,8685,161733,9248,459780,California
Orange,2021-02-18,15066,636356,9891,346287,5175,290069,0,0,6811,296666,8202,169935,6821,466601,California
Orange,2021-02-19,18206,654562,10881,357168,7325,297394,0,0,6934,292393,11219,181154,6946,473547,California
Orange,2021-02-20,7535,662097,5623,362791,1912,299306,0,0,3784,292461,3727,184881,3795,477342,California
Orange,2021-02-21,4586,666683,3895,366686,691,299997,0,0,935,289788,3612,188493,939,478281,California
Orange,2021-02-22,9704,676387,7912,374598,1792,301789,0,0,3913,287960,5760,194253,3932,482213,California
Orange,2021-02-23,13353,689740,7318,381916,6035,307824,0,0,3516,281717,9772,204025,3529,485742,California
Orange,2021-02-24,21180,710920,12838,394754,8342,316166,0,0,5402,271426,15711,219736,5420,491162,California
Orange,2021-02-25,22718,733638,12317,407071,10401,326567,0,0,8004,264807,14639,234375,8020,499182,California
Orange,2021-02-26,27847,761485,14092,421163,13755,340322,0,0,11260,259637,16455,250830,11285,510467,California
Orange,2021-02-27,25116,786601,10200,431363,14913,355235,3,3,7329,249304,17680,268510,7347,517814,California
Orange,2021-02-28,19124,805725,7423,438786,11701,366936,0,3,4826,239972,14175,282685,4843,522657,California
Orange,2021-03-01,18587,824312,8498,447284,10080,377016,9,12,7209,235916,11287,293972,7231,529888,California
Orange,2021-03-02,19301,843613,9310,456594,9988,387004,3,15,9450,235600,9797,303769,9481,539369,California
Orange,2021-03-03,20665,864278,9756,466350,10905,397909,4,19,11100,237244,9482,313251,11126,550495,California
Orange,2021-03-04,22464,886742,12950,479300,9500,407409,14,33,11626,238111,10799,324050,11666,562161,California
Orange,2021-03-05,21102,907844,11015,490315,10039,417448,48,81,12958,243081,8097,332147,13067,575228,California
Orange,2021-03-06,24149,931993,13299,503614,9984,427432,866,947,12764,245393,11341,343488,13653,588881,California
Orange,2021-03-07,15067,947060,8488,512102,6175,433607,404,1351,8796,248383,6230,349718,9220,598101,California
Orange,2021-03-08,16444,963504,7597,519699,7580,441187,1267,2618,10618,254518,5775,355493,11910,610011,California
Orange,2021-03-09,20912,984416,9687,529386,8781,449968,2444,5062,12375,260839,8494,363987,14815,624826,California
Orange,2021-03-10,24763,1009179,12153,541539,9160,459128,3450,8512,12514,264610,12187,376174,15958,640784,California
Orange,2021-03-11,29054,1038233,15731,557270,9104,468232,4219,12731,13466,266800,15492,391666,17682,658466,California
Orange,2021-03-12,29446,1067679,14355,571625,11226,479458,3865,16596,14819,270982,14544,406210,18726,677192,California
Orange,2021-03-13,27852,1095531,10257,581882,13658,493116,3937,20533,14107,275353,13682,419892,18053,695245,California
Orange,2021-03-14,18897,1114428,8224,590106,8139,501255,2534,23067,11806,282620,7059,426951,14326,709571,California
Orange,2021-03-15,23076,1137504,10172,600278,12141,513396,763,23830,14386,289156,8606,435557,15142,724713,California
Orange,2021-03-16,26436,1163940,11178,611456,15027,528423,231,24061,17158,297352,9199,444756,17395,742108,California
Orange,2021-03-17,27389,1191329,13592,625048,13203,541626,594,24655,19472,309573,7843,452599,20064,762172,California
Orange,2021-03-18,27827,1219156,13997,639045,13549,555175,281,24936,21638,325374,6121,458720,21922,784094,California
Orange,2021-03-19,33647,1252803,18494,657539,14706,569881,447,25383,24967,342232,8567,467287,25425,809519,California
Orange,2021-03-20,25823,1278626,13598,671137,12018,581899,207,25590,22017,360720,3742,471029,22230,831749,California
Orange,2021-03-21,18521,1297147,10700,681837,7088,588987,733,26323,15731,374423,2761,473790,16464,848213,California
Orange,2021-03-22,22773,1319920,11786,693623,10665,599652,322,26645,19196,390464,3487,477277,19528,867741,California
Orange,2021-03-23,26062,1345982,13547,707170,11873,611525,642,27287,20691,406513,5289,482566,21338,889079,California
Orange,2021-03-24,29156,1375138,16272,723442,11962,623487,922,28209,21991,422357,7072,489638,22916,911995,California
Orange,2021-03-25,32486,1407624,17275,740717,14501,637988,710,28919,24284,439244,8107,497745,24994,936989,California
Orange,2021-03-26,34935,1442559,18133,758850,15938,653926,864,29783,24883,455055,9941,507686,25752,962741,California
Orange,2021-03-27,28537,1471096,13675,772525,14547,668473,315,30098,19811,466553,8630,516316,20128,982869,California
Orange,2021-03-28,24801,1495897,12878,785403,11855,680328,68,30166,18554,479009,6169,522485,18625,1001494,California
Orange,2021-03-29,26555,1522452,12158,797561,13830,694158,567,30733,17825,488766,8639,531124,18396,1019890,California
Orange,2021-03-30,30912,1553364,13969,811530,16306,710464,637,31370,20462,499500,10365,541489,21099,1040989,California
Orange,2021-03-31,37204,1590568,19533,831063,16959,727423,712,32082,23858,510844,13237,554726,24581,1065570,California
Orange,2021-04-01,40481,1631049,21261,852324,17345,744768,1875,33957,26184,524733,14158,568884,28047,1093617,California
Orange,2021-04-02,40192,1671241,20290,872614,18083,762851,1819,35776,22726,531940,17360,586244,24567,1118184,California
Orange,2021-04-03,30222,1701463,15734,888348,12737,775588,1751,37527,14283,532105,15863,602107,16028,1134212,California
Orange,2021-04-04,18475,1719938,10734,899082,6975,782563,766,38293,8214,530878,10204,612311,8977,1143189,California
Orange,2021-04-05,30051,1749989,14032,913114,12613,795176,3406,41699,13940,532187,16030,628341,17339,1160528,California
Orange,2021-04-06,33431,1783420,15644,928758,14351,809527,3436,45135,14430,531164,18909,647250,17886,1178414,California
Orange,2021-04-07,36075,1819495,20122,948880,11366,820893,4587,49722,15857,531454,20135,667385,20425,1198839,California
Orange,2021-04-08,38974,1858469,21549,970429,11969,832862,5456,55178,18903,535874,19965,687350,24385,1223224,California
Orange,2021-04-09,40789,1899258,23760,994189,11866,844728,5163,60341,18045,536488,22653,710003,23267,1246491,California
Orange,2021-04-10,34228,1933486,18114,1012303,11909,856637,4205,64546,14200,534929,19941,729944,18382,1264873,California
Orange,2021-04-11,25464,1958950,14390,1026693,7814,864451,3260,67806,9776,532311,15638,745582,13020,1277893,California
Orange,2021-04-12,30387,1989337,15375,1042068,11466,875917,3546,71352,11954,529409,18374,763956,15472,1293365,California
Orange,2021-04-13,32301,2021638,18176,1060244,14058,889975,67,71419,15042,527326,17189,781145,15106,1308471,California
Orange,2021-04-14,34422,2056060,20158,1080402,14231,904206,33,71452,15105,523240,19227,800372,15141,1323612,California
Orange,2021-04-15,40177,2096237,24482,1104884,15681,919887,14,71466,18704,520589,21366,821738,18715,1342327,California
Orange,2021-04-16,41264,2137501,24250,1129134,16985,936872,29,71495,18625,516715,22534,844272,18660,1360987,California
Orange,2021-04-17,30397,2167898,17266,1146400,13128,950000,3,71498,13370,513181,16912,861184,13378,1374365,California
Orange,2021-04-18,21427,2189325,12962,1159362,8465,958465,0,71498,8475,508759,12900,874084,8478,1382843,California
Orange,2021-04-19,32464,2221789,17930,1177292,14532,972997,2,71500,14914,506223,17457,891541,14921,1397764,California
Orange,2021-04-20,35187,2256976,18273,1195565,16910,989907,4,71504,17592,506303,17516,909057,17596,1415360,California
Orange,2021-04-21,40637,2297613,23409,1218974,17219,1007126,9,71513,19249,504279,21283,930340,19259,1434619,California
Orange,2021-04-22,39247,2336860,20736,1239710,18502,1025628,9,71522,16326,497821,22795,953135,16337,1450956,California
Orange,2021-04-23,40140,2377000,20756,1260466,19378,1045006,6,71528,17910,493617,22123,975258,17919,1468875,California
Orange,2021-04-24,31889,2408889,16686,1277152,15168,1060174,35,71563,13382,488611,18426,993684,13420,1482295,California
Orange,2021-04-25,22980,2431869,12986,1290138,9981,1070155,13,71576,9871,485451,13049,1006733,9889,1492184,California
Orange,2021-04-26,26099,2457968,12749,1302887,13157,1083312,193,71769,11503,482643,14503,1021236,11695,1503879,California
Orange,2021-04-27,28626,2486594,13367,1316254,14757,1098069,502,72271,11004,476681,17470,1038706,11508,1515387,California
Orange,2021-04-28,30797,2517391,15415,1331669,14507,1112576,875,73146,12348,471557,18344,1057050,13220,1528607,California
Orange,2021-04-29,31444,2548835,17182,1348851,13303,1125879,959,74105,11244,463644,20109,1077159,12196,1540803,California
Orange,2021-04-30,29667,2578502,16967,1365818,11763,1137642,937,75042,12625,460253,16948,1094107,13557,1554360,California
Orange,2021-05-01,21852,2600354,14715,1380533,6151,1143793,986,76028,8681,456814,13096,1107203,9657,1564017,California
Orange,2021-05-02,15390,2615744,10234,1390767,4513,1148306,643,76671,5373,452875,9951,1117154,6012,1570029,California
Orange,2021-05-03,20542,2636286,12533,1403300,7251,1155557,758,77429,6460,446079,14012,1131166,7216,1577245,California
Orange,2021-05-04,23598,2659884,13455,1416755,9234,1164791,909,78338,8170,439816,15329,1146495,9066,1586311,California
Orange,2021-05-05,24720,2684604,13799,1430554,10027,1174818,894,79232,8086,432286,16510,1163005,8980,1595291,California
Orange,2021-05-06,26378,2710982,15958,1446512,9420,1184238,1000,80232,7282,421593,18968,1181973,8275,1603566,California
Orange,2021-05-07,28110,2739092,16676,1463188,10385,1194623,1049,81281,7969,410666,19942,1201915,9015,1612581,California
Orange,2021-05-08,18360,2757452,12122,1475310,5465,1200088,773,82054,5394,403934,12894,1214809,6162,1618743,California
Orange,2021-05-09,10960,2768412,8328,1483638,2257,1202345,375,82429,2886,399172,8023,1222832,3261,1622004,California
Orange,2021-05-10,18980,2787392,11553,1495191,6652,1208997,775,83204,4263,389582,14628,1237460,5038,1627042,California
Orange,2021-05-11,21228,2808620,11713,1506904,8848,1217845,667,83871,5036,379186,16095,1253555,5699,1632741,California
Orange,2021-05-12,22545,2831165,13874,1520778,7919,1225764,752,84623,6295,370099,16133,1269688,7046,1639787,California
Orange,2021-05-13,19869,2851034,12114,1532892,7223,1232987,532,85155,7209,365276,12566,1282254,7743,1647530,California
Orange,2021-05-14,25337,2876371,16450,1549342,8084,1241071,803,85958,10253,361338,14987,1297241,11049,1658579,California
Orange,2021-05-15,19797,2896168,14330,1563672,4921,1245992,546,86504,8026,358197,11711,1308952,8570,1667149,California
Orange,2021-05-16,15089,2911257,12402,1576074,2345,1248337,342,86846,6502,356503,8539,1317491,6845,1673994,California
Orange,2021-05-17,19234,2930491,12606,1588680,5935,1254272,693,87539,7277,352563,11901,1329392,7961,1681955,California
Orange,2021-05-18,20342,2950833,11891,1600571,7797,1262069,654,88193,8439,349826,11821,1341213,9084,1691039,California
Orange,2021-05-19,22300,2973133,12716,1613287,8920,1270989,664,88857,8024,344341,14165,1355378,8680,1699719,California
Orange,2021-05-20,17992,2991125,10288,1623575,7135,1278124,569,89426,6090,339181,11819,1367197,6659,1706378,California
Orange,2021-05-21,20689,3011814,11491,1635066,8601,1286725,597,90023,6594,332366,14009,1381206,7194,1713572,California
Orange,2021-05-22,14241,3026055,9646,1644712,4127,1290852,468,90491,5532,329719,8642,1389848,5995,1719567,California
Orange,2021-05-23,6700,3032755,4768,1649480,1723,1292575,209,90700,2251,327759,4419,1394267,2459,1722026,California
Orange,2021-05-24,15001,3047756,8820,1658300,5581,1298156,600,91300,5692,324819,9230,1403497,6290,1728316,California
Orange,2021-05-25,14641,3062397,8508,1666808,5658,1303814,475,91775,5445,321627,9105,1412602,5913,1734229,California
Orange,2021-05-26,7517,3069914,3544,1670352,3701,1307515,272,92047,2123,318668,5351,1417953,2392,1736621,California
Placer,2020-12-15,29,29,29,29,0,0,0,0,29,29,0,0,29,29,California
Placer,2020-12-16,56,85,56,85,0,0,0,0,56,85,0,0,56,85,California
Placer,2020-12-17,140,225,140,225,0,0,0,0,140,225,0,0,140,225,California
Placer,2020-12-18,332,557,332,557,0,0,0,0,332,557,0,0,332,557,California
Placer,2020-12-19,252,809,252,809,0,0,0,0,252,809,0,0,252,809,California
Placer,2020-12-20,233,1042,233,1042,0,0,0,0,233,1042,0,0,233,1042,California
Placer,2020-12-21,495,1537,493,1535,2,2,0,0,495,1537,0,0,495,1537,California
Placer,2020-12-22,676,2213,669,2204,7,9,0,0,676,2213,0,0,676,2213,California
Placer,2020-12-23,753,2966,665,2869,88,97,0,0,753,2966,0,0,753,2966,California
Placer,2020-12-24,398,3364,347,3216,51,148,0,0,398,3364,0,0,398,3364,California
Placer,2020-12-26,156,3520,112,3328,44,192,0,0,156,3520,0,0,156,3520,California
Placer,2020-12-27,187,3707,164,3492,23,215,0,0,187,3707,0,0,187,3707,California
Placer,2020-12-28,670,4377,543,4035,127,342,0,0,670,4377,0,0,670,4377,California
Placer,2020-12-29,763,5140,514,4549,249,591,0,0,763,5140,0,0,763,5140,California
Placer,2020-12-30,729,5869,456,5005,273,864,0,0,727,5867,0,0,727,5867,California
Placer,2020-12-31,530,6399,344,5349,186,1050,0,0,530,6397,0,0,530,6397,California
Placer,2021-01-01,15,6414,11,5360,4,1054,0,0,15,6412,0,0,15,6412,California
Placer,2021-01-02,185,6599,153,5513,32,1086,0,0,185,6597,0,0,185,6597,California
Placer,2021-01-03,153,6752,78,5591,75,1161,0,0,153,6750,0,0,153,6750,California
Placer,2021-01-04,620,7372,181,5772,439,1600,0,0,620,7370,0,0,620,7370,California
Placer,2021-01-05,725,8097,159,5931,566,2166,0,0,642,7931,82,82,643,8013,California
Placer,2021-01-06,761,8858,247,6178,514,2680,0,0,617,8404,144,226,617,8630,California
Placer,2021-01-07,986,9844,368,6546,618,3298,0,0,781,8980,205,431,781,9411,California
Placer,2021-01-08,1181,11025,528,7074,653,3951,0,0,852,9506,326,757,852,10263,California
Placer,2021-01-09,450,11475,321,7395,129,4080,0,0,234,9525,215,972,234,10497,California
Placer,2021-01-10,329,11804,186,7581,143,4223,0,0,164,9524,165,1137,164,10661,California
Placer,2021-01-11,1428,13232,808,8389,620,4843,0,0,838,9773,590,1727,839,11500,California
Placer,2021-01-12,1654,14886,878,9267,776,5619,0,0,1053,10225,601,2328,1053,12553,California
Placer,2021-01-13,1636,16522,822,10089,814,6433,0,0,1211,11016,423,2751,1214,13767,California
Placer,2021-01-14,1790,18312,658,10747,1132,7565,0,0,1432,12094,355,3106,1433,15200,California
Placer,2021-01-15,1933,20245,717,11464,1216,8781,0,0,1582,13327,350,3456,1583,16783,California
Placer,2021-01-16,1467,21712,716,12180,751,9532,0,0,1346,14553,121,3577,1347,18130,California
Placer,2021-01-17,562,22274,395,12575,167,9699,0,0,429,14849,133,3710,429,18559,California
Placer,2021-01-18,992,23266,554,13129,438,10137,0,0,751,15360,241,3951,752,19311,California
Placer,2021-01-19,2626,25892,1962,15091,664,10801,0,0,2172,17078,454,4405,2172,21483,California
Placer,2021-01-20,2279,28171,1707,16798,572,11373,0,0,1948,18696,331,4736,1949,23432,California
Placer,2021-01-21,2561,30732,1120,17918,1441,12814,0,0,2169,20475,391,5127,2170,25602,California
Placer,2021-01-22,2352,33084,645,18563,1707,14521,0,0,2178,22482,172,5299,2179,27781,California
Placer,2021-01-23,1189,34273,380,18943,809,15330,0,0,1034,23361,155,5454,1034,28815,California
Placer,2021-01-24,503,34776,259,19202,244,15574,0,0,431,23721,72,5526,432,29247,California
Placer,2021-01-25,1680,36456,809,20011,871,16445,0,0,1387,24816,293,5819,1388,30635,California
Placer,2021-01-26,1860,38316,1035,21046,825,17270,0,0,1595,26146,265,6084,1595,32230,California
Placer,2021-01-27,1843,40159,1157,22203,686,17956,0,0,1599,27504,242,6326,1600,33830,California
Placer,2021-01-28,1808,41967,1119,23322,689,18645,0,0,1559,28816,247,6573,1559,35389,California
Placer,2021-01-29,1898,43865,1172,24494,726,19371,0,0,1706,30333,191,6764,1708,37097,California
Placer,2021-01-30,1727,45592,972,25466,755,20126,0,0,1606,31819,120,6884,1606,38703,California
Placer,2021-01-31,783,46375,626,26092,157,20283,0,0,715,32467,68,6952,716,39419,California
Placer,2021-02-01,2074,48449,1094,27186,980,21263,0,0,1760,33913,314,7266,1760,41179,California
Placer,2021-02-02,2386,50835,1546,28732,840,22103,0,0,1893,35316,490,7756,1893,43072,California
Placer,2021-02-03,2922,53757,1881,30613,1041,23144,0,0,2296,36990,622,8378,2296,45368,California
Placer,2021-02-04,2761,56518,1191,31804,1570,24714,0,0,1936,38106,821,9199,1937,47305,California
Placer,2021-02-05,2734,59252,1215,33019,1519,26233,0,0,1403,38183,1326,10525,1403,48708,California
Placer,2021-02-06,1962,61214,1321,34340,641,26874,0,0,1415,39051,547,11072,1415,50123,California
Placer,2021-02-07,1222,62436,911,35251,311,27185,0,0,938,39706,283,11355,938,51061,California
Placer,2021-02-08,3299,65735,1765,37016,1534,28719,0,0,1942,40299,1350,12705,1943,53004,California
Placer,2021-02-09,3552,69287,2179,39195,1373,30092,0,0,1646,40041,1904,14609,1646,54650,California
Placer,2021-02-10,3766,73053,2205,41400,1561,31653,0,0,1758,39796,2005,16614,1760,56410,California
Placer,2021-02-11,3703,76756,1912,43312,1791,33444,0,0,1575,39257,2115,18729,1576,57986,California
Placer,2021-02-12,2856,79612,1330,44642,1526,34970,0,0,1666,39771,1153,19882,1667,59653,California
Placer,2021-02-13,2531,82143,1474,46116,1057,36027,0,0,1890,41020,641,20523,1890,61543,California
Placer,2021-02-14,1086,83229,678,46794,408,36435,0,0,738,41412,346,20869,738,62281,California
Placer,2021-02-15,2254,85483,1049,47843,1205,37640,0,0,1537,42233,717,21586,1538,63819,California
Placer,2021-02-16,3583,89066,1786,49629,1797,39437,0,0,1592,41844,1982,23568,1593,65412,California
Placer,2021-02-17,3547,92613,1968,51597,1579,41016,0,0,1513,41327,2030,25598,1513,66925,California
Placer,2021-02-18,3800,96413,2051,53648,1749,42765,0,0,1616,40769,2175,27773,1617,68542,California
Placer,2021-02-19,3600,100013,1920,55568,1680,44445,0,0,1338,39851,2257,30030,1339,69881,California
Placer,2021-02-20,2010,102023,1263,56831,747,45192,0,0,917,39684,1087,31117,920,70801,California
Placer,2021-02-21,975,102998,729,57560,246,45438,0,0,279,39271,693,31810,280,71081,California
Placer,2021-02-22,2527,105525,1776,59336,751,46189,0,0,604,37953,1922,33732,604,71685,California
Placer,2021-02-23,2567,108092,1591,60927,976,47165,0,0,885,37157,1681,35413,885,72570,California
Placer,2021-02-24,3299,111391,1182,62109,2117,49282,0,0,1797,37464,1492,36905,1799,74369,California
Placer,2021-02-25,3641,115032,1525,63634,2116,51398,0,0,1970,37773,1663,38568,1972,76341,California
Placer,2021-02-26,4100,119132,2373,66007,1727,53125,0,0,2352,38381,1744,40312,2352,78693,California
Placer,2021-02-27,2821,121953,1495,67502,1326,54451,0,0,1447,38463,1368,41680,1450,80143,California
Placer,2021-02-28,1405,123358,799,68301,606,55057,0,0,588,38239,812,42492,588,80731,California
Placer,2021-03-01,3006,126364,1993,70294,1013,56070,0,0,1560,38358,1441,43933,1560,82291,California
Placer,2021-03-02,2888,129252,1780,72074,1108,57178,0,0,1890,39255,993,44926,1890,84181,California
Placer,2021-03-03,3331,132583,1428,73502,1903,59081,0,0,1817,39565,1508,46434,1818,85999,California
Placer,2021-03-04,3633,136216,1459,74961,2174,61255,0,0,1896,39737,1725,48159,1897,87896,California
Placer,2021-03-05,3016,139232,1039,76000,1956,63211,21,21,1813,40371,1200,49359,1834,89730,California
Placer,2021-03-06,2436,141668,1506,77506,834,64045,96,117,939,39918,1488,50847,1035,90765,California
Placer,2021-03-07,1306,142974,759,78265,509,64554,38,155,537,39727,766,51613,575,91340,California
Placer,2021-03-08,2914,145888,1832,80097,969,65523,113,268,1651,40230,1261,52874,1764,93104,California
Placer,2021-03-09,3191,149079,1696,81793,1403,66926,92,360,1825,40784,1363,54237,1917,95021,California
Placer,2021-03-10,3301,152380,1335,83128,1859,68785,107,467,1717,41029,1579,55816,1824,96845,California
Placer,2021-03-11,3645,156025,1652,84780,1867,70652,126,593,1748,41019,1887,57703,1877,98722,California
Placer,2021-03-12,3688,159713,1492,86272,1414,72066,782,1375,1259,40639,2423,60126,2043,100765,California
Placer,2021-03-13,2116,161829,744,87016,1253,73319,119,1494,1117,40881,996,61122,1238,102003,California
Placer,2021-03-14,1643,163472,674,87690,820,74139,149,1643,894,41175,749,61871,1043,103046,California
Placer,2021-03-15,3186,166658,1536,89226,1518,75657,132,1775,1765,41654,1419,63290,1898,104944,California
Placer,2021-03-16,3570,170228,1917,91143,1520,77177,133,1908,2285,42799,1274,64564,2419,107363,California
Placer,2021-03-17,3439,173667,1738,92881,1602,78779,99,2007,2217,43898,1219,65783,2318,109681,California
Placer,2021-03-18,4100,177767,2328,95209,1733,80512,39,2046,2866,45575,1227,67010,2904,112585,California
Placer,2021-03-19,3448,181215,2074,97283,1110,81622,264,2310,2200,46798,1240,68250,2463,115048,California
Placer,2021-03-20,2145,183360,899,98182,1149,82771,97,2407,1305,47364,835,69085,1401,116449,California
Placer,2021-03-21,1257,184617,577,98759,671,83442,9,2416,948,48015,306,69391,957,117406,California
Placer,2021-03-22,3274,187891,2107,100866,1077,84519,90,2506,2188,49211,1082,70473,2278,119684,California
Placer,2021-03-23,3534,191425,2103,102969,1340,85859,91,2597,2521,50816,1008,71481,2613,122297,California
Placer,2021-03-24,3794,195219,2002,104971,1695,87554,97,2694,1950,51042,1822,73303,2048,124345,California
Placer,2021-03-25,3856,199075,1865,106836,1893,89447,98,2792,1789,50872,2056,75359,1886,126231,California
Placer,2021-03-26,3778,202853,1672,108508,1875,91322,231,3023,1589,50518,2174,77533,1820,128051,California
Placer,2021-03-27,1593,204446,471,108979,1103,92425,19,3042,648,50247,938,78471,667,128718,California
Placer,2021-03-28,1110,205556,530,109509,570,92995,10,3052,364,49880,741,79212,374,129092,California
Placer,2021-03-29,3572,209128,1996,111505,1542,94537,34,3086,1731,49815,1832,81044,1767,130859,California
Placer,2021-03-30,3975,213103,2096,113601,1836,96373,43,3129,2082,50060,1879,82923,2124,132983,California
Placer,2021-03-31,4098,217201,1831,115432,2192,98565,75,3204,1693,49429,2398,85321,1767,134750,California
Placer,2021-04-01,2983,220184,1436,116868,1500,100065,47,3251,1665,49825,1316,86637,1712,136462,California
Placer,2021-04-02,2852,223036,1460,118328,1328,101393,64,3315,1598,50239,1247,87884,1661,138123,California
Placer,2021-04-03,1853,224889,986,119314,739,102132,128,3443,891,50303,955,88839,1019,139142,California
Placer,2021-04-04,712,225601,362,119676,297,102429,53,3496,286,50220,422,89261,339,139481,California
Placer,2021-04-05,3012,228613,1904,121580,924,103353,184,3680,1754,50907,1252,90513,1939,141420,California
Placer,2021-04-06,4292,232905,2478,124058,1513,104866,301,3981,1531,49984,2755,93268,1832,143252,California
Placer,2021-04-07,4536,237441,2585,126643,1490,106356,461,4442,2075,50065,2455,95723,2536,145788,California
Placer,2021-04-08,4710,242151,2601,129244,1563,107919,546,4988,1584,49084,3114,98837,2133,147921,California
Placer,2021-04-09,4125,246276,2271,131515,1234,109153,620,5608,1234,48060,2883,101720,1859,149780,California
Placer,2021-04-10,2025,248301,878,132393,963,110116,184,5792,865,47951,1157,102877,1048,150828,California
Placer,2021-04-11,1355,249656,532,132925,790,110906,33,5825,455,47542,896,103773,487,151315,California
Placer,2021-04-12,4096,253752,2644,135569,1072,111978,380,6205,2459,48752,1628,105401,2838,154153,California
Placer,2021-04-13,4343,258095,2993,138562,1349,113327,1,6206,2188,48790,2151,107552,2189,156342,California
Placer,2021-04-14,4133,262228,2569,141131,1563,114890,1,6207,1849,48364,2275,109827,1849,158191,California
Placer,2021-04-15,4492,266720,2507,143638,1984,116874,1,6208,2346,48575,2136,111963,2347,160538,California
Placer,2021-04-16,3681,270401,2190,145828,1491,118365,0,6208,1436,47772,2239,114202,1436,161974,California
Placer,2021-04-17,2425,272826,842,146670,1583,119948,0,6208,1517,48386,903,115105,1517,163491,California
Placer,2021-04-18,1183,274009,255,146925,928,120876,0,6208,409,48023,772,115877,409,163900,California
Placer,2021-04-19,2941,276950,1810,148735,1131,122007,0,6208,1171,47428,1767,117644,1172,165072,California
Placer,2021-04-20,3796,280746,2463,151198,1333,123340,0,6208,2421,48482,1367,119011,2421,167493,California
Placer,2021-04-21,3662,284408,2400,153598,1261,124601,1,6209,2387,49598,1272,120283,2388,169881,California
Placer,2021-04-22,3659,288067,2262,155860,1397,125998,0,6209,1743,49429,1912,122195,1743,171624,California
Placer,2021-04-23,3511,291578,2329,158189,1181,127179,1,6210,1374,48674,2130,124325,1375,172999,California
Placer,2021-04-24,2086,293664,1266,159455,819,127998,1,6211,1223,49042,855,125180,1223,174222,California
Placer,2021-04-25,909,294573,501,159956,408,128406,0,6211,561,49255,348,125528,561,174783,California
Placer,2021-04-26,2354,296927,1248,161204,1083,129489,23,6234,1155,49243,1189,126717,1177,175960,California
Placer,2021-04-27,2644,299571,1376,162580,1233,130722,35,6269,1526,49692,1113,127830,1562,177522,California
Placer,2021-04-28,2917,302488,1810,164390,1070,131792,37,6306,1522,49865,1386,129216,1559,179081,California
Placer,2021-04-29,3260,305748,2070,166460,1137,132929,53,6359,1310,49284,1944,131160,1363,180444,California
Placer,2021-04-30,2986,308734,1804,168264,1133,134062,49,6408,1190,48733,1790,132950,1239,181683,California
Placer,2021-05-01,1334,310068,936,169200,374,134436,24,6432,611,48650,717,133667,634,182317,California
Placer,2021-05-02,714,310782,552,169752,141,134577,21,6453,331,48621,381,134048,352,182669,California
Placer,2021-05-03,1608,312390,992,170744,550,135127,66,6519,437,47956,1167,135215,502,183171,California
Placer,2021-05-04,2296,314686,1295,172039,834,135961,167,6686,862,47556,1429,136644,1029,184200,California
Placer,2021-05-05,3668,318354,2474,174513,1088,137049,106,6792,969,45938,2693,139337,1075,185275,California
Placer,2021-05-06,3092,321446,1893,176406,1123,138172,76,6868,812,44572,2254,141591,888,186163,California
Placer,2021-05-07,2804,324250,1886,178292,826,138998,92,6960,787,43444,2007,143598,879,187042,California
Placer,2021-05-08,1330,325580,706,178998,582,139580,42,7002,391,42938,937,144535,431,187473,California
Placer,2021-05-09,439,326019,202,179200,216,139796,21,7023,217,42953,222,144757,237,187710,California
Placer,2021-05-10,1929,327948,1030,180230,802,140598,97,7120,433,41991,1492,146249,530,188240,California
Placer,2021-05-11,2812,330760,2033,182263,675,141273,104,7224,582,40457,2220,148469,686,188926,California
Placer,2021-05-12,2764,333524,1925,184188,791,142064,48,7272,657,39062,2101,150570,706,189632,California
Placer,2021-05-13,2688,336212,1748,185936,893,142957,47,7319,954,38331,1732,152302,1001,190633,California
Placer,2021-05-14,2737,338949,1806,187742,801,143758,130,7449,1333,38399,1392,153694,1460,192093,California
Placer,2021-05-15,2050,340999,1347,189089,680,144438,23,7472,907,38192,1137,154831,930,193023,California
Placer,2021-05-16,1002,342001,520,189609,464,144902,18,7490,338,37886,662,155493,356,193379,California
Placer,2021-05-17,2323,344324,1552,191161,706,145608,65,7555,1032,37698,1286,156779,1098,194477,California
Placer,2021-05-18,2482,346806,1661,192822,741,146349,80,7635,1127,37554,1350,158129,1206,195683,California
Placer,2021-05-19,2503,349309,1584,194406,874,147223,45,7680,929,36959,1569,159698,974,196657,California
Placer,2021-05-20,2245,351554,1481,195887,732,147955,32,7712,853,36456,1386,161084,883,197540,California
Placer,2021-05-21,2158,353712,1364,197251,656,148611,138,7850,950,36342,1200,162284,1086,198626,California
Placer,2021-05-22,1370,355082,956,198207,377,148988,37,7887,687,36387,679,162963,724,199350,California
Placer,2021-05-23,362,355444,218,198425,130,149118,14,7901,204,36449,156,163119,218,199568,California
Placer,2021-05-24,1435,356879,717,199142,610,149728,108,8009,448,36023,982,164101,556,200124,California
Placer,2021-05-25,1654,358533,858,200000,703,150431,93,8102,573,35612,1077,165178,666,200790,California
Placer,2021-05-26,822,359355,494,200494,312,150743,16,8118,299,35406,521,165699,315,201105,California
Plumas,2020-12-18,4,4,4,4,0,0,0,0,4,4,0,0,4,4,California
Plumas,2020-12-19,1,5,1,5,0,0,0,0,1,5,0,0,1,5,California
Plumas,2020-12-21,45,50,45,50,0,0,0,0,45,50,0,0,45,50,California
Plumas,2020-12-22,93,143,93,143,0,0,0,0,93,143,0,0,93,143,California
Plumas,2020-12-23,50,193,50,193,0,0,0,0,50,193,0,0,50,193,California
Plumas,2020-12-24,6,199,6,199,0,0,0,0,6,199,0,0,6,199,California
Plumas,2020-12-28,8,207,0,199,8,8,0,0,8,207,0,0,8,207,California
Plumas,2020-12-29,32,239,22,221,10,18,0,0,32,239,0,0,32,239,California
Plumas,2020-12-30,23,262,1,222,22,40,0,0,23,262,0,0,23,262,California
Plumas,2020-12-31,4,266,1,223,3,43,0,0,4,266,0,0,4,266,California
Plumas,2021-01-04,10,276,4,227,6,49,0,0,10,276,0,0,10,276,California
Plumas,2021-01-05,22,298,2,229,20,69,0,0,22,298,0,0,22,298,California
Plumas,2021-01-06,123,421,5,234,118,187,0,0,123,421,0,0,123,421,California
Plumas,2021-01-07,53,474,2,236,51,238,0,0,52,472,1,1,52,473,California
Plumas,2021-01-08,12,486,5,241,7,245,0,0,8,476,4,5,8,481,California
Plumas,2021-01-09,2,488,2,243,0,245,0,0,1,476,1,6,1,482,California
Plumas,2021-01-11,58,546,50,293,8,253,0,0,11,440,47,53,11,493,California
Plumas,2021-01-12,156,702,87,380,69,322,0,0,71,426,85,138,71,564,California
Plumas,2021-01-13,56,758,50,430,6,328,0,0,10,390,46,184,10,574,California
Plumas,2021-01-14,98,856,14,444,84,412,0,0,93,478,5,189,93,667,California
Plumas,2021-01-15,63,919,7,451,56,468,0,0,61,537,2,191,61,728,California
Plumas,2021-01-16,58,977,1,452,57,525,0,0,58,595,0,191,58,786,California
Plumas,2021-01-18,2,979,1,453,1,526,0,0,2,597,0,191,2,788,California
Plumas,2021-01-19,36,1015,5,458,31,557,0,0,32,625,4,195,32,820,California
Plumas,2021-01-20,121,1136,3,461,118,675,0,0,119,742,2,197,119,939,California
Plumas,2021-01-21,112,1248,2,463,110,785,0,0,112,854,0,197,112,1051,California
Plumas,2021-01-22,5,1253,1,464,4,789,0,0,5,859,0,197,5,1056,California
Plumas,2021-01-23,93,1346,2,466,91,880,0,0,93,952,0,197,93,1149,California
Plumas,2021-01-24,1,1347,1,467,0,880,0,0,1,953,0,197,1,1150,California
Plumas,2021-01-25,10,1357,7,474,3,883,0,0,7,957,3,200,7,1157,California
Plumas,2021-01-26,60,1417,2,476,58,941,0,0,52,1001,8,208,52,1209,California
Plumas,2021-01-27,25,1442,20,496,5,946,0,0,5,986,20,228,5,1214,California
Plumas,2021-01-28,23,1465,0,496,23,969,0,0,21,1005,2,230,21,1235,California
Plumas,2021-01-29,8,1473,2,498,6,975,0,0,7,1011,1,231,7,1242,California
Plumas,2021-01-30,8,1481,4,502,4,979,0,0,7,1017,1,232,7,1249,California
Plumas,2021-01-31,3,1484,3,505,0,979,0,0,3,1020,0,232,3,1252,California
Plumas,2021-02-01,16,1500,2,507,14,993,0,0,8,1020,8,240,8,1260,California
Plumas,2021-02-02,21,1521,2,509,19,1012,0,0,2,1003,19,259,2,1262,California
Plumas,2021-02-03,128,1649,8,517,120,1132,0,0,13,902,114,373,13,1275,California
Plumas,2021-02-04,102,1751,8,525,94,1226,0,0,23,846,79,452,23,1298,California
Plumas,2021-02-05,24,1775,11,536,13,1239,0,0,9,840,15,467,9,1307,California
Plumas,2021-02-06,7,1782,0,536,7,1246,0,0,7,847,0,467,7,1314,California
Plumas,2021-02-08,15,1797,6,542,9,1255,0,0,3,838,12,479,3,1317,California
Plumas,2021-02-09,172,1969,2,544,170,1425,0,0,112,890,60,539,112,1429,California
Plumas,2021-02-10,91,2060,9,553,82,1507,0,0,82,964,9,548,83,1512,California
Plumas,2021-02-11,323,2383,7,560,316,1823,0,0,263,1167,60,608,263,1775,California
Plumas,2021-02-12,124,2507,4,564,120,1943,0,0,118,1279,6,614,118,1893,California
Plumas,2021-02-13,75,2582,5,569,70,2013,0,0,15,1234,60,674,15,1908,California
Plumas,2021-02-14,8,2590,5,574,3,2016,0,0,8,1242,0,674,8,1916,California
Plumas,2021-02-15,26,2616,5,579,21,2037,0,0,23,1262,3,677,23,1939,California
Plumas,2021-02-16,77,2693,4,583,73,2110,0,0,14,1213,63,740,14,1953,California
Plumas,2021-02-17,136,2829,5,588,131,2241,0,0,12,1101,124,864,12,1965,California
Plumas,2021-02-18,129,2958,6,594,123,2364,0,0,20,1013,109,973,21,1986,California
Plumas,2021-02-19,42,3000,5,599,37,2401,0,0,7,985,35,1008,7,1993,California
Plumas,2021-02-20,105,3105,7,606,98,2499,0,0,13,906,92,1100,13,2006,California
Plumas,2021-02-21,6,3111,5,611,1,2500,0,0,2,904,4,1104,2,2008,California
Plumas,2021-02-22,3,3114,1,612,2,2502,0,0,0,901,3,1107,0,2008,California
Plumas,2021-02-23,25,3139,5,617,20,2522,0,0,17,910,8,1115,17,2025,California
Plumas,2021-02-24,458,3597,7,624,451,2973,0,0,445,1342,13,1128,445,2470,California
Plumas,2021-02-25,230,3827,10,634,220,3193,0,0,169,1450,61,1189,169,2639,California
Plumas,2021-02-26,267,4094,8,642,259,3452,0,0,259,1702,8,1197,260,2899,California
Plumas,2021-02-27,40,4134,4,646,36,3488,0,0,33,1728,7,1204,33,2932,California
Plumas,2021-02-28,1,4135,0,646,1,3489,0,0,1,1729,0,1204,1,2933,California
Plumas,2021-03-01,14,4149,3,649,11,3500,0,0,8,1732,5,1209,8,2941,California
Plumas,2021-03-02,10,4159,1,650,9,3509,0,0,7,1736,3,1212,7,2948,California
Plumas,2021-03-03,152,4311,8,658,144,3653,0,0,137,1858,15,1227,137,3085,California
Plumas,2021-03-04,252,4563,9,667,243,3896,0,0,230,2066,22,1249,230,3315,California
Plumas,2021-03-05,400,4963,7,674,388,4284,5,5,389,2449,11,1260,394,3709,California
Plumas,2021-03-06,19,4982,2,676,9,4293,8,13,3,2444,16,1276,11,3720,California
Plumas,2021-03-07,14,4996,3,679,2,4295,9,22,4,2447,10,1286,13,3733,California
Plumas,2021-03-08,29,5025,3,682,2,4297,24,46,3,2448,26,1312,27,3760,California
Plumas,2021-03-09,133,5158,2,684,116,4413,15,61,18,2366,115,1427,33,3793,California
Plumas,2021-03-10,255,5413,3,687,239,4652,13,74,107,2339,147,1574,120,3913,California
Plumas,2021-03-11,179,5592,8,695,166,4818,5,79,144,2453,35,1609,149,4062,California
Plumas,2021-03-12,594,6186,4,699,303,5121,287,366,23,2192,571,2180,310,4372,California
Plumas,2021-03-13,25,6211,4,703,10,5131,11,377,4,2186,21,2201,15,4387,California
Plumas,2021-03-14,12,6223,3,706,4,5135,5,382,1,2182,10,2211,6,4393,California
Plumas,2021-03-15,30,6253,0,706,23,5158,7,389,5,2169,25,2236,12,4405,California
Plumas,2021-03-16,60,6313,3,709,56,5214,1,390,49,2208,11,2247,50,4455,California
Plumas,2021-03-17,73,6386,9,718,63,5277,1,391,58,2253,14,2261,59,4514,California
Plumas,2021-03-18,61,6447,6,724,39,5316,16,407,12,2232,49,2310,28,4542,California
Plumas,2021-03-19,164,6611,6,730,156,5472,2,409,155,2383,7,2317,158,4700,California
Plumas,2021-03-20,695,7306,4,734,690,6162,1,410,674,3039,19,2336,675,5375,California
Plumas,2021-03-21,2,7308,1,735,1,6163,0,410,1,3040,0,2336,1,5376,California
Plumas,2021-03-22,182,7490,2,737,180,6343,0,410,175,3208,7,2343,175,5551,California
Plumas,2021-03-23,27,7517,2,739,25,6368,0,410,13,3207,14,2357,13,5564,California
Plumas,2021-03-24,655,8172,6,745,648,7016,1,411,224,3002,430,2787,225,5789,California
Plumas,2021-03-25,302,8474,7,752,293,7309,2,413,158,3016,144,2931,158,5947,California
Plumas,2021-03-26,315,8789,9,761,306,7615,0,413,46,2794,268,3199,46,5993,California
Plumas,2021-03-27,13,8802,1,762,11,7626,1,414,3,2788,10,3209,4,5997,California
Plumas,2021-03-28,6,8808,4,766,1,7627,1,415,3,2789,3,3212,4,6001,California
Plumas,2021-03-29,12,8820,4,770,7,7634,1,416,4,2786,8,3220,5,6006,California
Plumas,2021-03-30,154,8974,3,773,150,7784,1,417,24,2681,130,3350,25,6031,California
Plumas,2021-03-31,289,9263,3,776,285,8069,1,418,268,2929,21,3371,269,6300,California
Plumas,2021-04-01,298,9561,10,786,287,8356,1,419,60,2753,236,3607,60,6360,California
Plumas,2021-04-02,375,9936,4,790,370,8726,1,420,29,2448,335,3942,30,6390,California
Plumas,2021-04-03,16,9952,3,793,5,8731,8,428,4,2448,12,3954,12,6402,California
Plumas,2021-04-04,3,9955,1,794,1,8732,1,429,0,2446,3,3957,1,6403,California
Plumas,2021-04-05,11,9966,4,798,6,8738,1,430,4,2444,7,3964,5,6408,California
Plumas,2021-04-06,121,10087,6,804,89,8827,26,456,14,2377,107,4071,40,6448,California
Plumas,2021-04-07,282,10369,7,811,99,8926,176,632,28,2327,254,4325,204,6652,California
Plumas,2021-04-08,150,10519,3,814,132,9058,15,647,34,2260,115,4440,48,6700,California
Plumas,2021-04-09,51,10570,10,824,25,9083,16,663,19,2262,32,4472,34,6734,California
Plumas,2021-04-10,23,10593,2,826,5,9088,16,679,5,2265,18,4490,21,6755,California
Plumas,2021-04-11,3,10596,2,828,0,9088,1,680,2,2267,1,4491,3,6758,California
Plumas,2021-04-12,11,10607,5,833,3,9091,3,683,7,2273,4,4495,10,6768,California
Plumas,2021-04-13,207,10814,5,838,202,9293,0,683,139,2344,68,4563,139,6907,California
Plumas,2021-04-14,109,10923,8,846,101,9394,0,683,55,2345,54,4617,55,6962,California
Plumas,2021-04-15,50,10973,2,848,48,9442,0,683,32,2359,18,4635,32,6994,California
Plumas,2021-04-16,142,11115,2,850,140,9582,0,683,2,2221,140,4775,2,6996,California
Plumas,2021-04-17,668,11783,2,852,666,10248,0,683,20,1595,646,5421,20,7016,California
Plumas,2021-04-18,4,11787,3,855,1,10249,0,683,1,1593,3,5424,1,7017,California
Plumas,2021-04-19,38,11825,3,858,35,10284,0,683,5,1565,33,5457,5,7022,California
Plumas,2021-04-20,42,11867,5,863,37,10321,0,683,26,1576,15,5472,26,7048,California
Plumas,2021-04-21,310,12177,5,868,304,10625,1,684,17,1300,293,5765,17,7065,California
Plumas,2021-04-22,273,12450,7,875,266,10891,0,684,131,1289,142,5907,131,7196,California
Plumas,2021-04-23,72,12522,5,880,67,10958,0,684,16,1249,56,5963,16,7212,California
Plumas,2021-04-24,172,12694,5,885,167,11125,0,684,146,1370,25,5988,146,7358,California
Plumas,2021-04-26,29,12723,4,889,25,11150,0,684,8,1358,20,6008,8,7366,California
Plumas,2021-04-27,87,12810,3,892,84,11234,0,684,51,1373,36,6044,51,7417,California
Plumas,2021-04-28,283,13093,4,896,279,11513,0,684,37,1165,245,6289,37,7454,California
Plumas,2021-04-29,172,13265,69,965,103,11616,0,684,119,1231,53,6342,119,7573,California
Plumas,2021-04-30,23,13288,11,976,12,11628,0,684,7,1222,16,6358,7,7580,California
Plumas,2021-05-01,2,13290,1,977,0,11628,1,685,0,1221,2,6360,1,7581,California
Plumas,2021-05-02,2,13292,2,979,0,11628,0,685,1,1221,1,6361,1,7582,California
Plumas,2021-05-03,17,13309,7,986,4,11632,6,691,6,1222,11,6372,12,7594,California
Plumas,2021-05-04,28,13337,3,989,19,11651,6,697,16,1232,12,6384,22,7616,California
Plumas,2021-05-05,49,13386,6,995,42,11693,1,698,22,1228,27,6411,23,7639,California
Plumas,2021-05-06,56,13442,2,997,49,11742,5,703,15,1207,41,6452,20,7659,California
Plumas,2021-05-07,22,13464,5,1002,16,11758,1,704,8,1202,14,6466,9,7668,California
Plumas,2021-05-08,6,13470,0,1002,4,11762,2,706,4,1206,2,6468,6,7674,California
Plumas,2021-05-10,50,13520,1,1003,26,11788,23,729,22,1223,28,6496,45,7719,California
Plumas,2021-05-11,163,13683,3,1006,141,11929,19,748,14,1107,149,6645,33,7752,California
Plumas,2021-05-12,98,13781,2,1008,89,12018,7,755,37,1091,60,6705,44,7796,California
Plumas,2021-05-13,35,13816,4,1012,29,12047,2,757,13,1084,22,6727,15,7811,California
Plumas,2021-05-14,19,13835,3,1015,11,12058,5,762,9,1088,10,6737,14,7825,California
Plumas,2021-05-15,10,13845,4,1019,4,12062,2,764,4,1088,6,6743,6,7831,California
Plumas,2021-05-16,2,13847,1,1020,1,12063,0,764,1,1088,1,6744,1,7832,California
Plumas,2021-05-17,13,13860,0,1020,4,12067,9,773,4,1092,9,6753,13,7845,California
Plumas,2021-05-18,42,13902,7,1027,34,12101,1,774,22,1095,20,6773,23,7868,California
Plumas,2021-05-19,45,13947,3,1030,28,12129,14,788,11,1087,34,6807,26,7894,California
Plumas,2021-05-20,186,14133,133,1163,42,12171,11,799,77,1066,109,6916,88,7982,California
Plumas,2021-05-21,28,14161,8,1171,15,12186,5,804,15,1073,13,6929,20,8002,California
Plumas,2021-05-22,136,14297,1,1172,135,12321,0,804,5,948,130,7059,5,8007,California
Plumas,2021-05-23,2,14299,2,1174,0,12321,0,804,1,948,1,7060,1,8008,California
Plumas,2021-05-24,52,14351,39,1213,12,12333,1,805,42,981,10,7070,43,8051,California
Plumas,2021-05-25,63,14414,4,1217,58,12391,1,806,16,951,47,7117,17,8068,California
Plumas,2021-05-26,22,14436,2,1219,17,12408,3,809,11,954,11,7128,14,8082,California
Riverside,2020-12-15,5,5,5,5,0,0,0,0,5,5,0,0,5,5,California
Riverside,2020-12-16,69,74,69,74,0,0,0,0,69,74,0,0,69,74,California
Riverside,2020-12-17,810,884,810,884,0,0,0,0,810,884,0,0,810,884,California
Riverside,2020-12-18,1729,2613,1728,2612,1,1,0,0,1729,2613,0,0,1729,2613,California
Riverside,2020-12-19,1027,3640,1024,3636,3,4,0,0,1025,3637,1,1,1025,3638,California
Riverside,2020-12-20,1084,4724,1083,4719,1,5,0,0,1084,4721,0,1,1084,4722,California
Riverside,2020-12-21,2278,7002,2276,6995,2,7,0,0,2278,6999,0,1,2278,7000,California
Riverside,2020-12-22,2260,9262,2221,9216,39,46,0,0,2259,9258,0,1,2259,9259,California
Riverside,2020-12-23,2150,11412,1808,11024,342,388,0,0,2151,11409,0,1,2151,11410,California
Riverside,2020-12-24,828,12240,626,11650,202,590,0,0,828,12237,0,1,828,12238,California
Riverside,2020-12-25,28,12268,5,11655,23,613,0,0,28,12265,0,1,28,12266,California
Riverside,2020-12-26,404,12672,257,11912,147,760,0,0,404,12669,0,1,404,12670,California
Riverside,2020-12-27,367,13039,245,12157,122,882,0,0,367,13036,0,1,367,13037,California
Riverside,2020-12-28,1635,14674,1130,13287,505,1387,0,0,1636,14672,0,1,1636,14673,California
Riverside,2020-12-29,1734,16408,968,14255,766,2153,0,0,1734,16406,0,1,1734,16407,California
Riverside,2020-12-30,2574,18982,1679,15934,895,3048,0,0,2573,18979,0,1,2573,18980,California
Riverside,2020-12-31,1022,20004,395,16329,627,3675,0,0,1024,20003,0,1,1024,20004,California
Riverside,2021-01-01,118,20122,46,16375,72,3747,0,0,118,20121,0,1,118,20122,California
Riverside,2021-01-02,833,20955,693,17068,140,3887,0,0,833,20954,0,1,833,20955,California
Riverside,2021-01-03,343,21298,299,17367,44,3931,0,0,342,21296,0,1,342,21297,California
Riverside,2021-01-04,1264,22562,794,18161,470,4401,0,0,1264,22560,0,1,1264,22561,California
Riverside,2021-01-05,1988,24550,1367,19528,621,5022,0,0,1892,24362,90,91,1892,24453,California
Riverside,2021-01-06,2502,27052,1120,20648,1382,6404,0,0,2192,26248,306,397,2192,26645,California
Riverside,2021-01-07,2779,29831,1825,22473,954,7358,0,0,1714,26904,1060,1457,1716,28361,California
Riverside,2021-01-08,4056,33887,2931,25404,1125,8483,0,0,2243,27338,1809,3266,2243,30604,California
Riverside,2021-01-09,2076,35963,845,26249,1231,9714,0,0,1727,28717,348,3614,1727,32331,California
Riverside,2021-01-10,1669,37632,740,26989,929,10643,0,0,1065,29178,604,4218,1065,33396,California
Riverside,2021-01-11,4522,42154,3097,30086,1425,12068,0,0,2786,30231,1734,5952,2787,36183,California
Riverside,2021-01-12,3420,45574,2740,32826,680,12748,0,0,1726,30268,1689,7641,1726,37909,California
Riverside,2021-01-13,4458,50032,2937,35763,1521,14269,0,0,2847,31507,1608,9249,2847,40756,California
Riverside,2021-01-14,5517,55549,1913,37676,3604,17873,0,0,4927,35845,589,9838,4927,45683,California
Riverside,2021-01-15,6094,61643,2023,39699,4071,21944,0,0,5805,41362,288,10126,5805,51488,California
Riverside,2021-01-16,3612,65255,1016,40715,2596,24540,0,0,3366,44483,246,10372,3367,54855,California
Riverside,2021-01-17,3597,68852,585,41300,3012,27552,0,0,3400,47688,195,10567,3400,58255,California
Riverside,2021-01-18,3749,72601,2040,43340,1709,29261,0,0,2741,49421,1008,11575,2741,60996,California
Riverside,2021-01-19,7416,80017,2647,45987,4769,34030,0,0,6296,54598,1120,12695,6297,67293,California
Riverside,2021-01-20,8216,88233,3131,49118,5085,39115,0,0,6557,59512,1647,14342,6561,73854,California
Riverside,2021-01-21,8352,96585,3508,52626,4844,43959,0,0,7700,66560,653,14995,7701,81555,California
Riverside,2021-01-22,8716,105301,2966,55592,5750,49709,0,0,8286,74419,428,15423,8287,89842,California
Riverside,2021-01-23,5893,111194,2360,57952,3533,53242,0,0,5173,78873,720,16143,5174,95016,California
Riverside,2021-01-24,3037,114231,1433,59385,1604,54846,0,0,2822,81483,213,16356,2823,97839,California
Riverside,2021-01-25,7877,122108,4530,63915,3347,58193,0,0,6757,87122,1119,17475,6758,104597,California
Riverside,2021-01-26,9125,131233,5717,69632,3408,61601,0,0,7615,93231,1507,18982,7616,112213,California
Riverside,2021-01-27,10916,142149,6394,76026,4522,66123,0,0,9304,100930,1608,20590,9307,121520,California
Riverside,2021-01-28,11503,153652,6788,82814,4715,70838,0,0,10339,110114,1156,21746,10340,131860,California
Riverside,2021-01-29,11940,165592,7283,90097,4657,75495,0,0,10566,119336,1348,23094,10570,142430,California
Riverside,2021-01-30,9061,174653,4611,94708,4450,79945,0,0,8597,127473,461,23555,8598,151028,California
Riverside,2021-01-31,5165,179818,4252,98960,913,80858,0,0,5035,132383,129,23684,5039,156067,California
Riverside,2021-02-01,10963,190781,6781,105741,4182,85040,0,0,9114,139658,1842,25526,9117,165184,California
Riverside,2021-02-02,9478,200259,4815,110556,4663,89703,0,0,8010,146211,1460,26986,8013,173197,California
Riverside,2021-02-03,12178,212437,5142,115698,7036,96739,0,0,9811,153665,2357,29343,9811,183008,California
Riverside,2021-02-04,13509,225946,5999,121697,7510,104249,0,0,11434,163036,2066,31409,11437,194445,California
Riverside,2021-02-05,14351,240297,5407,127104,8944,113193,0,0,11286,171268,3058,34467,11290,205735,California
Riverside,2021-02-06,7236,247533,4263,131367,2973,116166,0,0,5597,175236,1632,36099,5600,211335,California
Riverside,2021-02-07,2167,249700,798,132165,1369,117535,0,0,1848,176768,317,36416,1849,213184,California
Riverside,2021-02-08,12478,262178,5554,137719,6924,124459,0,0,10171,184651,2292,38708,10175,223359,California
Riverside,2021-02-09,9648,271826,4522,142241,5126,129585,0,0,7700,190417,1939,40647,7705,231064,California
Riverside,2021-02-10,12069,283895,6968,149209,5101,134686,0,0,8898,196163,3160,43807,8906,239970,California
Riverside,2021-02-11,16604,300499,9052,158261,7552,142238,0,0,12088,203772,4494,48301,12103,252073,California
Riverside,2021-02-12,17683,318182,10804,169065,6879,149117,0,0,12798,211741,4841,53142,12810,264883,California
Riverside,2021-02-13,6325,324507,2127,171192,4198,153315,0,0,3104,211661,3205,56347,3125,268008,California
Riverside,2021-02-14,4923,329430,1116,172308,3807,157122,0,0,2179,211100,2740,59087,2179,270187,California
Riverside,2021-02-15,9828,339258,5006,177314,4822,161944,0,0,5404,212096,4415,63502,5411,275598,California
Riverside,2021-02-16,16116,355374,10109,187423,6007,167951,0,0,9249,214494,6859,70361,9257,284855,California
Riverside,2021-02-17,15034,370408,8212,195635,6822,174773,0,0,7449,214381,7572,77933,7459,292314,California
Riverside,2021-02-18,15547,385955,8986,204621,6561,181334,0,0,8022,214914,7503,85436,8036,300350,California
Riverside,2021-02-19,15295,401250,8222,212843,7073,188407,0,0,7222,214090,8054,93490,7230,307580,California
Riverside,2021-02-20,8311,409561,4496,217339,3815,192222,0,0,2166,210131,6128,99618,2169,309749,California
Riverside,2021-02-21,4397,413958,3876,221215,521,192743,0,0,1232,208214,3150,102768,1233,310982,California
Riverside,2021-02-22,12375,426333,7771,228986,4604,197347,0,0,5114,206089,7245,110013,5120,316102,California
Riverside,2021-02-23,11122,437455,7577,236563,3545,200892,0,0,5402,205803,5692,115705,5406,321508,California
Riverside,2021-02-24,14812,452267,8102,244665,6710,207602,0,0,6299,203644,8475,124180,6316,327824,California
Riverside,2021-02-25,17363,469630,7405,252070,9958,217560,0,0,8072,202473,9268,133448,8097,335921,California
Riverside,2021-02-26,18640,488270,6733,258803,11907,229467,0,0,9309,202543,9273,142721,9343,345264,California
Riverside,2021-02-27,12082,500352,5609,264412,6473,235940,0,0,5764,202049,6285,149006,5791,351055,California
Riverside,2021-02-28,4885,505237,3221,267633,1664,237604,0,0,2409,202002,2463,151469,2416,353471,California
Riverside,2021-03-01,14359,519596,6108,273741,8249,245853,2,2,8459,204628,5863,157332,8489,361960,California
Riverside,2021-03-02,15372,534968,7511,281252,7860,253713,1,3,9021,207348,6329,163661,9049,371009,California
Riverside,2021-03-03,16922,551890,8385,289637,8537,262250,0,3,7317,205239,9555,173216,7446,378455,California
Riverside,2021-03-04,18760,570650,7467,297104,11288,273538,5,8,8915,204509,9800,183016,9070,387525,California
Riverside,2021-03-05,18924,589574,7614,304718,11266,284804,44,52,9396,204750,9477,192493,9718,397243,California
Riverside,2021-03-06,9528,599102,5073,309791,3974,288778,481,533,4749,205244,4765,197258,5259,402502,California
Riverside,2021-03-07,4252,603354,2751,312542,1112,289890,389,922,2002,205399,2240,199498,2395,404897,California
Riverside,2021-03-08,11965,615319,4760,317302,6794,296684,411,1333,5335,204582,6610,206108,5793,410690,California
Riverside,2021-03-09,14814,630133,6908,324210,7406,304090,500,1833,5912,202248,8881,214989,6547,417237,California
Riverside,2021-03-10,15918,646051,8522,332732,6469,310559,927,2760,6216,199884,9659,224648,7295,424532,California
Riverside,2021-03-11,19262,665313,9465,342197,7948,318507,1849,4609,7606,197928,11620,236268,9664,434196,California
Riverside,2021-03-12,21210,686523,7951,350148,8519,327026,4740,9349,7130,196090,14042,250310,12204,446400,California
Riverside,2021-03-13,8488,695011,2542,352690,4719,331745,1227,10576,4363,197660,4103,254413,5673,452073,California
Riverside,2021-03-14,4710,699721,1617,354307,1756,333501,1337,11913,2084,198464,2615,257028,3419,455492,California
Riverside,2021-03-15,18702,718423,7866,362173,9166,342667,1670,13583,9212,199999,9447,266475,10982,466474,California
Riverside,2021-03-16,20909,739332,10148,372321,9946,352613,815,14398,11390,202817,9480,275955,12298,478772,California
Riverside,2021-03-17,21340,760672,10959,383280,9322,361935,1059,15457,12823,208278,8480,284435,13941,492713,California
Riverside,2021-03-18,22632,783304,11788,395068,9178,371113,1666,17123,12566,212500,10018,294453,14240,506953,California
Riverside,2021-03-19,24151,807455,12682,407750,10497,381610,972,18095,14104,217954,9990,304443,15444,522397,California
Riverside,2021-03-20,10695,818150,6907,414657,2608,384218,1180,19275,6882,222233,3782,308225,8061,530458,California
Riverside,2021-03-21,3743,821893,2919,417576,558,384776,266,19541,2554,223881,1173,309398,2821,533279,California
Riverside,2021-03-22,16656,838549,9936,427512,6167,390943,553,20094,10599,229028,6003,315401,11150,544429,California
Riverside,2021-03-23,18582,857131,10526,438038,7635,398578,421,20515,11949,234839,6573,321974,12384,556813,California
Riverside,2021-03-24,18768,875899,10470,448508,8178,406756,120,20635,12883,242013,5835,327809,13009,569822,California
Riverside,2021-03-25,21174,897073,11676,460184,9317,416073,181,20816,14195,249486,6909,334718,14382,584204,California
Riverside,2021-03-26,24177,921250,11946,472130,12056,428129,175,20991,15036,255662,9037,343755,15213,599417,California
Riverside,2021-03-27,9335,930585,4905,477035,3377,431506,1053,22044,4820,257044,4492,348247,5874,605291,California
Riverside,2021-03-28,4774,935359,3139,480174,1543,433049,92,22136,2844,258065,1917,350164,2938,608229,California
Riverside,2021-03-29,17684,953043,8455,488629,9108,442157,121,22257,10948,262450,6695,356859,11080,619309,California
Riverside,2021-03-30,18374,971417,9569,498198,8598,450755,207,22464,11721,267767,6613,363472,11930,631239,California
Riverside,2021-03-31,18130,989547,8434,506632,9391,460146,305,22769,11448,272893,6637,370109,11763,643002,California
Riverside,2021-04-01,25573,1015120,12501,519133,12295,472441,777,23546,16514,281188,8996,379105,17291,660293,California
Riverside,2021-04-02,26149,1041269,14078,533211,11122,483563,949,24495,16379,289034,9713,388818,17559,677852,California
Riverside,2021-04-03,9374,1050643,5965,539176,2821,486384,588,25083,6043,292350,3313,392131,6629,684481,California
Riverside,2021-04-04,3398,1054041,2069,541245,1085,487469,244,25327,1721,292649,1667,393798,1966,686447,California
Riverside,2021-04-05,18470,1072511,9460,550705,7150,494619,1860,27187,9942,295964,8488,402286,11803,698250,California
Riverside,2021-04-06,23779,1096290,12363,563068,9285,503904,2131,29318,13260,300883,10468,412754,15387,713637,California
Riverside,2021-04-07,24728,1121018,13296,576364,8922,512826,2510,31828,13708,306134,10976,423730,16227,729864,California
Riverside,2021-04-08,27129,1148147,14907,591271,9261,522087,2961,34789,16523,315072,10545,434275,19483,749347,California
Riverside,2021-04-09,26126,1174273,15358,606629,8329,530416,2439,37228,15929,323319,10153,444428,18400,767747,California
Riverside,2021-04-10,11965,1186238,6717,613346,3856,534272,1392,38620,5223,323228,6699,451127,6608,774355,California
Riverside,2021-04-11,4605,1190843,2734,616080,1249,535521,622,39242,2166,323586,2428,453555,2786,777141,California
Riverside,2021-04-12,20063,1210906,8911,624991,8514,544035,2638,41880,10048,326292,9977,463532,12683,789824,California
Riverside,2021-04-13,19896,1230802,11127,636118,8743,552778,26,41906,11353,329169,8504,472036,11381,801205,California
Riverside,2021-04-14,22030,1252832,12102,648220,9914,562692,14,41920,10761,328746,11202,483238,10779,811984,California
Riverside,2021-04-15,21677,1274509,12176,660396,9493,572185,8,41928,11321,329787,10289,493527,11330,823314,California
Riverside,2021-04-16,24917,1299426,14423,674819,10488,582673,6,41934,11534,328002,13332,506859,11547,834861,California
Riverside,2021-04-17,9860,1309286,6497,681316,3363,586036,0,41934,4957,328077,4889,511748,4964,839825,California
Riverside,2021-04-18,3854,1313140,2807,684123,1040,587076,7,41941,1813,327872,2028,513776,1823,841648,California
Riverside,2021-04-19,19471,1332611,11588,695711,7880,594956,3,41944,6958,322366,12472,526248,6966,848614,California
Riverside,2021-04-20,18873,1351484,9949,705660,8914,603870,10,41954,7727,318999,11106,537354,7739,856353,California
Riverside,2021-04-21,19505,1370989,11082,716742,8414,612284,9,41963,7664,314902,11777,549131,7680,864033,California
Riverside,2021-04-22,23254,1394243,13561,730303,9690,621974,3,41966,8655,309033,14531,563662,8662,872695,California
Riverside,2021-04-23,23332,1417575,13727,744030,9591,631565,14,41980,9148,304078,14125,577787,9170,881865,California
Riverside,2021-04-24,10478,1428053,7310,751340,3166,634731,2,41982,4828,303293,5615,583402,4830,886695,California
Riverside,2021-04-25,4208,1432261,2817,754157,1390,636121,1,41983,2182,303468,2009,585411,2184,888879,California
Riverside,2021-04-26,16485,1448746,10355,764512,6085,642206,45,42028,5522,298114,10925,596336,5571,894450,California
Riverside,2021-04-27,17684,1466430,10144,774656,7379,649585,161,42189,6106,292845,11536,607872,6267,900717,California
Riverside,2021-04-28,16421,1482851,8854,783510,7310,656895,257,42446,5535,287806,10831,618703,5792,906509,California
Riverside,2021-04-29,18681,1501532,11425,794935,6908,663803,348,42794,5374,280280,13246,631949,5720,912229,California
Riverside,2021-04-30,19676,1521208,11336,806271,7962,671765,378,43172,6290,273614,13336,645285,6670,918899,California
Riverside,2021-05-01,6760,1527968,4873,811144,1719,673484,168,43340,2326,271695,4411,649696,2492,921391,California
Riverside,2021-05-02,3346,1531314,2179,813323,959,674443,208,43548,1069,270718,2260,651956,1283,922674,California
Riverside,2021-05-03,17979,1549293,11041,824364,6452,680895,486,44034,4153,261587,13768,665724,4637,927311,California
Riverside,2021-05-04,17249,1566542,10956,835320,5878,686773,415,44449,4879,254571,12309,678033,5293,932604,California
Riverside,2021-05-05,15747,1582289,8917,844237,6477,693250,353,44802,4544,248323,11145,689178,4897,937501,California
Riverside,2021-05-06,17766,1600055,9950,854187,7407,700657,409,45211,4520,240076,13177,702355,4930,942431,California
Riverside,2021-05-07,20291,1620346,11587,865774,8274,708931,430,45641,5352,230992,14863,717218,5779,948210,California
Riverside,2021-05-08,6810,1627156,4529,870303,2053,710984,228,45869,2554,229546,4227,721445,2781,950991,California
Riverside,2021-05-09,2308,1629464,1509,871812,644,711628,155,46024,853,229110,1444,722889,1008,951999,California
Riverside,2021-05-10,10014,1639478,5133,876945,4510,716138,371,46395,2855,225227,7109,729998,3226,955225,California
Riverside,2021-05-11,13527,1653005,8123,885068,4912,721050,492,46887,3689,219649,9760,739758,4182,959407,California
Riverside,2021-05-12,11908,1664913,5809,890877,5823,726873,276,47163,3603,215271,8255,748013,3877,963284,California
Riverside,2021-05-13,13680,1678593,8123,899000,5293,732166,264,47427,4834,211577,8796,756809,5102,968386,California
Riverside,2021-05-14,17678,1696271,11171,910171,5719,737885,788,48215,6912,208576,10700,767509,7699,976085,California
Riverside,2021-05-15,9667,1705938,6923,917094,2350,740235,394,48609,4933,209201,4702,772211,5327,981412,California
Riverside,2021-05-16,3444,1709382,2496,919590,838,741073,110,48719,1688,209254,1743,773954,1796,983208,California
Riverside,2021-05-17,11703,1721085,7555,927145,3810,744883,338,49057,5267,208461,6403,780357,5610,988818,California
Riverside,2021-05-18,15009,1736094,9299,936444,5370,750253,340,49397,6261,206359,8702,789059,6600,995418,California
Riverside,2021-05-19,12080,1748174,7645,944089,4219,754472,216,49613,5979,206501,6054,795113,6196,1001614,California
Riverside,2021-05-20,10130,1758304,6191,950280,3684,758156,255,49868,4447,205564,5642,800755,4705,1006319,California
Riverside,2021-05-21,12318,1770622,7483,957763,4535,762691,300,50168,5194,203981,7078,807833,5495,1011814,California
Riverside,2021-05-22,5480,1776102,3784,961547,1521,764212,175,50343,3060,204827,2391,810224,3237,1015051,California
Riverside,2021-05-23,1472,1777574,1030,962577,370,764582,72,50415,813,205062,650,810874,885,1015936,California
Riverside,2021-05-24,8033,1785607,5077,967654,2652,767234,304,50719,3447,204255,4557,815431,3750,1019686,California
Riverside,2021-05-25,9229,1794836,5548,973202,3445,770679,236,50955,3746,202792,5445,820876,3982,1023668,California
Riverside,2021-05-26,4428,1799264,2577,975779,1620,772299,231,51186,1711,202057,2681,823557,1946,1025614,California
Sacramento,2020-12-15,315,315,315,315,0,0,0,0,315,315,0,0,315,315,California
Sacramento,2020-12-16,646,961,646,961,0,0,0,0,646,961,0,0,646,961,California
Sacramento,2020-12-17,649,1610,649,1610,0,0,0,0,649,1610,0,0,649,1610,California
Sacramento,2020-12-18,970,2580,970,2580,0,0,0,0,970,2580,0,0,970,2580,California
Sacramento,2020-12-19,610,3190,610,3190,0,0,0,0,610,3190,0,0,610,3190,California
Sacramento,2020-12-20,634,3824,634,3824,0,0,0,0,634,3824,0,0,634,3824,California
Sacramento,2020-12-21,1677,5501,1677,5501,0,0,0,0,1678,5502,0,0,1678,5502,California
Sacramento,2020-12-22,2104,7605,2071,7572,33,33,0,0,2104,7606,0,0,2104,7606,California
Sacramento,2020-12-23,2263,9868,2092,9664,171,204,0,0,2263,9869,0,0,2263,9869,California
Sacramento,2020-12-24,1046,10914,834,10498,212,416,0,0,1046,10915,0,0,1046,10915,California
Sacramento,2020-12-25,1,10915,0,10498,1,417,0,0,1,10916,0,0,1,10916,California
Sacramento,2020-12-26,510,11425,291,10789,219,636,0,0,510,11426,0,0,510,11426,California
Sacramento,2020-12-27,355,11780,249,11038,106,742,0,0,355,11781,0,0,355,11781,California
Sacramento,2020-12-28,1908,13688,1328,12366,580,1322,0,0,1907,13687,1,1,1907,13688,California
Sacramento,2020-12-29,1959,15647,1193,13559,766,2088,0,0,1959,15646,0,1,1959,15647,California
Sacramento,2020-12-30,2563,18210,1456,15015,1107,3195,0,0,2564,18210,0,1,2564,18211,California
Sacramento,2020-12-31,1233,19443,696,15711,537,3732,0,0,1234,19444,0,1,1234,19445,California
Sacramento,2021-01-01,81,19524,70,15781,11,3743,0,0,81,19525,0,1,81,19526,California
Sacramento,2021-01-02,568,20092,366,16147,202,3945,0,0,568,20093,0,1,568,20094,California
Sacramento,2021-01-03,412,20504,223,16370,189,4134,0,0,412,20505,0,1,412,20506,California
Sacramento,2021-01-04,1960,22464,847,17217,1113,5247,0,0,1958,22462,1,2,1958,22464,California
Sacramento,2021-01-05,2215,24679,989,18206,1226,6473,0,0,1861,23976,354,356,1868,24332,California
Sacramento,2021-01-06,2727,27406,1617,19823,1110,7583,0,0,1952,25156,772,1128,1952,26284,California
Sacramento,2021-01-07,2839,30245,1508,21331,1331,8914,0,0,1976,26272,860,1988,1976,28260,California
Sacramento,2021-01-08,3303,33548,2095,23426,1208,10122,0,0,2268,27510,1031,3019,2269,30529,California
Sacramento,2021-01-09,1291,34839,796,24222,495,10617,0,0,903,28027,386,3405,903,31432,California
Sacramento,2021-01-10,1247,36086,711,24933,536,11153,0,0,776,28334,470,3875,777,32209,California
Sacramento,2021-01-11,4350,40436,2960,27893,1390,12543,0,0,2410,28817,1939,5814,2422,34631,California
Sacramento,2021-01-12,4583,45019,3199,31092,1384,13927,0,0,2610,29459,1972,7786,2614,37245,California
Sacramento,2021-01-13,3833,48852,2212,33304,1621,15548,0,0,2417,30462,1415,9201,2418,39663,California
Sacramento,2021-01-14,4626,53478,2337,35641,2289,17837,0,0,3705,33250,917,10118,3705,43368,California
Sacramento,2021-01-15,4450,57928,2263,37904,2187,20024,0,0,3729,36259,721,10839,3730,47098,California
Sacramento,2021-01-16,2080,60008,1276,39180,804,20828,0,0,1862,37903,218,11057,1862,48960,California
Sacramento,2021-01-17,1671,61679,977,40157,694,21522,0,0,1492,39219,179,11236,1495,50455,California
Sacramento,2021-01-18,2818,64497,1722,41879,1096,22618,0,0,2243,40889,574,11810,2244,52699,California
Sacramento,2021-01-19,4972,69469,3024,44903,1948,24566,0,0,3738,43395,1234,13044,3740,56439,California
Sacramento,2021-01-20,4812,74281,2849,47752,1963,26529,0,0,3590,45767,1224,14268,3596,60035,California
Sacramento,2021-01-21,5207,79488,3003,50755,2204,28733,0,0,4238,49044,963,15231,4240,64275,California
Sacramento,2021-01-22,5006,84494,2673,53428,2333,31066,0,0,4703,53446,302,15533,4704,68979,California
Sacramento,2021-01-23,3742,88236,1563,54991,2179,33245,0,0,3282,56268,460,15993,3282,72261,California
Sacramento,2021-01-24,1613,89849,1004,55995,609,33854,0,0,1372,57400,241,16234,1373,73634,California
Sacramento,2021-01-25,4421,94270,2167,58162,2254,36108,0,0,2949,58879,1472,17706,2951,76585,California
Sacramento,2021-01-26,4732,99002,2144,60306,2588,38696,0,0,3531,61213,1199,18905,3533,80118,California
Sacramento,2021-01-27,5811,104813,3046,63352,2765,41461,0,0,4200,63807,1608,20513,4202,84320,California
Sacramento,2021-01-28,5385,110198,2729,66081,2656,44117,0,0,4283,66990,1101,21614,4284,88604,California
Sacramento,2021-01-29,5402,115600,2939,69020,2463,46580,0,0,4378,70353,1015,22629,4378,92982,California
Sacramento,2021-01-30,4506,120106,2198,71218,2308,48888,0,0,4077,74003,427,23056,4077,97059,California
Sacramento,2021-01-31,2318,122424,2024,73242,294,49182,0,0,2043,75775,273,23329,2045,99104,California
Sacramento,2021-02-01,5941,128365,3036,76278,2905,52087,0,0,4257,78352,1680,25009,4257,103361,California
Sacramento,2021-02-02,6928,135293,3759,80037,3169,55256,0,0,4798,81040,2112,27121,4800,108161,California
Sacramento,2021-02-03,7148,142441,3603,83640,3545,58801,0,0,5284,84471,1855,28976,5286,113447,California
Sacramento,2021-02-04,7754,150195,3667,87307,4087,62888,0,0,5510,87746,2235,31211,5510,118957,California
Sacramento,2021-02-05,7855,158050,4485,91792,3370,66258,0,0,4918,89753,2914,34125,4921,123878,California
Sacramento,2021-02-06,8482,166532,3487,95279,4995,71253,0,0,7126,95526,1354,35479,7127,131005,California
Sacramento,2021-02-07,4069,170601,2182,97461,1887,73140,0,0,2863,97190,1201,36680,2865,133870,California
Sacramento,2021-02-08,6233,176834,3241,100702,2992,76132,0,0,3897,98755,2332,39012,3897,137767,California
Sacramento,2021-02-09,6773,183607,3556,104258,3217,79349,0,0,3994,99980,2770,41782,3995,141762,California
Sacramento,2021-02-10,7699,191306,4209,108467,3490,82839,0,0,4541,101379,3144,44926,4543,146305,California
Sacramento,2021-02-11,9597,200903,5726,114193,3871,86710,0,0,5507,102813,4075,49001,5509,151814,California
Sacramento,2021-02-12,10682,211585,4143,118336,6539,93249,0,0,6408,105011,4213,53214,6411,158225,California
Sacramento,2021-02-13,7671,219256,2980,121316,4691,97940,0,0,6087,109518,1581,54795,6088,164313,California
Sacramento,2021-02-14,3175,222431,1954,123270,1221,99161,0,0,2087,110523,1086,55881,2091,166404,California
Sacramento,2021-02-15,5993,228424,2046,125316,3947,103108,0,0,4164,112867,1823,57704,4167,170571,California
Sacramento,2021-02-16,9237,237661,4206,129522,5031,108139,0,0,5320,114281,3910,61614,5324,175895,California
Sacramento,2021-02-17,8843,246504,4989,134511,3854,111993,0,0,5145,115741,3687,65301,5147,181042,California
Sacramento,2021-02-18,9559,256063,5720,140231,3839,115832,0,0,5705,117603,3846,69147,5708,186750,California
Sacramento,2021-02-19,10011,266074,6140,146371,3871,119703,0,0,5915,119439,4085,73232,5921,192671,California
Sacramento,2021-02-20,7757,273831,5730,152101,2027,121730,0,0,4696,121082,3055,76287,4698,197369,California
Sacramento,2021-02-21,2976,276807,2364,154465,612,122342,0,0,1042,120196,1928,78215,1042,198411,California
Sacramento,2021-02-22,6198,283005,3754,158219,2444,124786,0,0,2689,119391,3498,81713,2693,201104,California
Sacramento,2021-02-23,7156,290161,4447,162666,2709,127495,0,0,3471,119197,3669,85382,3475,204579,California
Sacramento,2021-02-24,9674,299835,5307,167973,4367,131862,0,0,5265,120073,4393,89775,5269,209848,California
Sacramento,2021-02-25,10934,310769,6237,174210,4697,136559,0,0,6411,121975,4509,94284,6411,216259,California
Sacramento,2021-02-26,13932,324701,6480,180690,7452,144011,0,0,9591,127258,4311,98595,9594,225853,California
Sacramento,2021-02-27,10839,335540,6739,187429,4097,148108,3,3,7967,132379,2849,101444,7970,233823,California
Sacramento,2021-02-28,5643,341183,2245,189674,3398,151506,0,3,2601,131953,3028,104472,2602,236425,California
Sacramento,2021-03-01,8072,349255,3488,193162,4583,156089,1,4,4363,132631,3688,108160,4366,240791,California
Sacramento,2021-03-02,9294,358549,4047,197209,5246,161335,1,5,5719,134796,3558,111718,5723,246514,California
Sacramento,2021-03-03,10966,369515,5019,202228,5944,167279,3,8,6546,136948,4399,116117,6551,253065,California
Sacramento,2021-03-04,13444,382959,6190,208418,7250,174529,4,12,7474,138494,5938,122055,7484,260549,California
Sacramento,2021-03-05,10611,393570,4902,213320,5679,180208,30,42,7054,142042,3536,125591,7084,267633,California
Sacramento,2021-03-06,8116,401686,3116,216436,4878,185086,122,164,4116,142294,3985,129576,4237,271870,California
Sacramento,2021-03-07,7606,409292,2211,218647,5308,190394,87,251,3745,142268,3856,133432,3830,275700,California
Sacramento,2021-03-08,9123,418415,4260,222907,4638,195032,225,476,5978,145336,3133,136565,6201,281901,California
Sacramento,2021-03-09,9600,428015,4563,227470,4746,199778,291,767,5525,147095,4058,140623,5817,287718,California
Sacramento,2021-03-10,11758,439773,7500,234970,3902,203680,356,1123,6872,149472,4852,145475,7229,294947,California
Sacramento,2021-03-11,15042,454815,9979,244949,4246,207926,817,1940,8939,153164,6063,151538,9755,304702,California
Sacramento,2021-03-12,18015,472830,8318,253267,8836,216762,861,2801,8848,153767,9117,160655,9720,314422,California
Sacramento,2021-03-13,12971,485801,3572,256839,8973,225735,426,3227,7870,156971,5090,165745,8294,322716,California
Sacramento,2021-03-14,8385,494186,3467,260306,4287,230022,631,3858,4468,158176,3893,169638,5098,327814,California
Sacramento,2021-03-15,12201,506387,4832,265138,6707,236729,662,4520,7095,160849,5085,174723,7758,335572,California
Sacramento,2021-03-16,13995,520382,6211,271349,7136,243865,648,5168,8643,164815,5319,180042,9285,344857,California
Sacramento,2021-03-17,13690,534072,6583,277932,6472,250337,635,5803,8830,169449,4835,184877,9469,354326,California
Sacramento,2021-03-18,15684,549756,8231,286163,6865,257202,588,6391,10118,174620,5535,190412,10706,365032,California
Sacramento,2021-03-19,15605,565361,7970,294133,6261,263463,1374,7765,8133,176679,7445,197857,9504,374536,California
Sacramento,2021-03-20,12917,578278,7543,301676,5034,268497,340,8105,8169,180471,4719,202576,8511,383047,California
Sacramento,2021-03-21,5597,583875,2753,304429,2805,271302,39,8144,4942,184811,643,203219,4983,388030,California
Sacramento,2021-03-22,9393,593268,4814,309243,3725,275027,854,8998,6296,188891,3070,206289,7150,395180,California
Sacramento,2021-03-23,11346,604614,6758,316001,3780,278807,808,9806,7315,193022,3990,210279,8121,403301,California
Sacramento,2021-03-24,11877,616491,7275,323276,3970,282777,632,10438,6759,195377,5037,215316,7392,410693,California
Sacramento,2021-03-25,14161,630652,8361,331637,4974,287751,826,11264,8578,199239,5538,220854,9400,420093,California
Sacramento,2021-03-26,18266,648918,8944,340581,8834,296585,488,11752,9234,200000,8963,229817,9724,429817,California
Sacramento,2021-03-27,9703,658621,3575,344156,5837,302422,291,12043,5219,201054,4452,234269,5506,435323,California
Sacramento,2021-03-28,6532,665153,3219,347375,3065,305487,248,12291,3122,201027,3400,237669,3373,438696,California
Sacramento,2021-03-29,11013,676166,5898,353273,4743,310230,372,12663,5208,200833,5777,243446,5583,444279,California
Sacramento,2021-03-30,11847,688013,6084,359357,5372,315602,391,13054,6029,201457,5796,249242,6420,450699,California
Sacramento,2021-03-31,13449,701462,7861,367218,5193,320795,395,13449,5687,199798,7734,256976,6075,456774,California
Sacramento,2021-04-01,17386,718848,10453,377671,6710,327505,223,13672,7343,197365,10005,266981,7572,464346,California
Sacramento,2021-04-02,17094,735942,9680,387351,6679,334184,735,14407,8999,199039,8065,275046,9739,474085,California
Sacramento,2021-04-03,10426,746368,6214,393565,3660,337844,552,14959,6413,202017,3985,279031,6963,481048,California
Sacramento,2021-04-04,3706,750074,1528,395093,1987,339831,191,15150,1458,201421,2243,281274,1647,482695,California
Sacramento,2021-04-05,12053,762127,7564,402657,3657,343488,832,15982,5397,201024,6621,287895,6224,488919,California
Sacramento,2021-04-06,15600,777727,8860,411517,5409,348897,1331,17313,6906,200599,8661,296556,8236,497155,California
Sacramento,2021-04-07,14795,792522,8009,419526,5203,354100,1583,18896,7164,201759,7596,304152,8756,505911,California
Sacramento,2021-04-08,14981,807503,6726,426252,5295,359395,2960,21856,5958,201690,8990,313142,8921,514832,California
Sacramento,2021-04-09,18165,825668,9292,435544,6683,366078,2190,24046,7362,200480,10766,323908,9556,524388,California
Sacramento,2021-04-10,12702,838370,3829,439373,7659,373737,1214,25260,5216,199431,7460,331368,6411,530799,California
Sacramento,2021-04-11,10728,849098,4325,443698,6179,379916,224,25484,3797,196545,6906,338274,4020,534819,California
Sacramento,2021-04-12,12898,861996,5015,448713,6021,385937,1862,27346,4929,195411,7910,346184,6776,541595,California
Sacramento,2021-04-13,16228,878224,9932,458645,6292,392229,4,27350,7553,194324,8648,354832,7561,549156,California
Sacramento,2021-04-14,14900,893124,7943,466588,6955,399184,2,27352,5897,191251,8975,363807,5902,555058,California
Sacramento,2021-04-15,16307,909431,8391,474979,7914,407098,2,27354,6612,188210,9657,373464,6616,561674,California
Sacramento,2021-04-16,17368,926799,9602,484581,7766,414864,0,27354,7867,186614,9465,382929,7869,569543,California
Sacramento,2021-04-17,15256,942055,6138,490719,9118,423982,0,27354,11042,193467,4194,387123,11047,580590,California
Sacramento,2021-04-18,8435,950490,3069,493788,5366,429348,0,27354,3736,192522,4682,391805,3737,584327,California
Sacramento,2021-04-19,10572,961062,5711,499499,4856,434204,5,27359,4692,191361,5860,397665,4699,589026,California
Sacramento,2021-04-20,11110,972172,6750,506249,4357,438561,3,27362,5912,192102,5178,402843,5919,594945,California
Sacramento,2021-04-21,11472,983644,6628,512877,4842,443403,2,27364,6215,193085,5235,408078,6218,601163,California
Sacramento,2021-04-22,14804,998448,9894,522771,4906,448309,4,27368,6815,191948,7958,416036,6821,607984,California
Sacramento,2021-04-23,15810,1014258,9992,532763,5818,454127,0,27368,7329,190832,8446,424482,7330,615314,California
Sacramento,2021-04-24,11316,1025574,7003,539766,4312,458439,1,27369,5933,191421,5346,429828,5935,621249,California
Sacramento,2021-04-25,7985,1033559,4483,544249,3502,461941,0,27369,4162,191773,3811,433639,4163,625412,California
Sacramento,2021-04-26,10228,1043787,6429,550678,3774,465715,25,27394,4696,190988,5506,439145,4721,630133,California
Sacramento,2021-04-27,11636,1055423,7639,558317,3876,469591,121,27515,5639,190780,5969,445114,5761,635894,California
Sacramento,2021-04-28,10013,1065436,5712,564029,4099,473690,202,27717,5363,191729,4622,449736,5571,641465,California
Sacramento,2021-04-29,10186,1075622,6812,570841,3070,476760,304,28021,5357,192595,4795,454531,5661,647126,California
Sacramento,2021-04-30,12422,1088044,7801,578642,4359,481119,262,28283,5866,192211,6513,461044,6129,653255,California
Sacramento,2021-05-01,7562,1095606,5467,584109,1921,483040,174,28457,2751,190358,4777,465821,2924,656179,California
Sacramento,2021-05-02,3826,1099432,3172,587281,546,483586,108,28565,2166,190989,1641,467462,2272,658451,California
Sacramento,2021-05-03,9092,1108524,7273,594554,1538,485124,281,28846,3943,190083,5125,472587,4219,662670,California
Sacramento,2021-05-04,9361,1117885,5690,600244,3360,488484,311,29157,3784,188642,5535,478122,4094,666764,California
Sacramento,2021-05-05,10957,1128842,5914,606158,4592,493076,451,29608,4421,187013,6496,484618,4867,671631,California
Sacramento,2021-05-06,11162,1140004,6190,612348,4670,497746,302,29910,4624,185711,6226,490844,4924,676555,California
Sacramento,2021-05-07,10595,1150599,6160,618508,4060,501806,375,30285,4469,184479,6077,496921,4845,681400,California
Sacramento,2021-05-08,8160,1158759,3816,622324,4115,505921,229,30514,2704,181986,5421,502342,2928,684328,California
Sacramento,2021-05-09,3165,1161924,1653,623977,1399,507320,113,30627,1188,181324,1963,504305,1301,685629,California
Sacramento,2021-05-10,8063,1169987,3729,627706,4067,511387,267,30894,1981,177521,6052,510357,2249,687878,California
Sacramento,2021-05-11,8058,1178045,5028,632734,2787,514174,243,31137,2779,175292,5249,515606,3020,690898,California
Sacramento,2021-05-12,8027,1186072,4765,637499,3024,517198,238,31375,2736,173005,5260,520866,2973,693871,California
Sacramento,2021-05-13,10875,1196947,6927,644426,3691,520889,257,31632,4091,170609,6750,527616,4354,698225,California
Sacramento,2021-05-14,12136,1209083,6860,651286,4988,525877,288,31920,5011,168836,7071,534687,5298,703523,California
Sacramento,2021-05-15,13051,1222134,7889,659175,5019,530896,143,32063,5796,167553,7219,541906,5936,709459,California
Sacramento,2021-05-16,7779,1229913,4062,663237,3604,534500,113,32176,2091,164094,5664,547570,2205,711664,California
Sacramento,2021-05-17,10364,1240277,6310,669547,3774,538274,280,32456,4105,162255,6229,553799,4390,716054,California
Sacramento,2021-05-18,9681,1249958,6083,675630,3389,541663,209,32665,3838,160502,5804,559603,4051,720105,California
Sacramento,2021-05-19,9747,1259705,6248,681878,3236,544899,263,32928,4621,160306,5084,564687,4888,724993,California
Sacramento,2021-05-20,8850,1268555,6035,687913,2609,547508,206,33134,3962,159632,4842,569529,4168,729161,California
Sacramento,2021-05-21,9269,1277824,6065,693978,2943,550451,261,33395,4215,159095,5023,574552,4486,733647,California
Sacramento,2021-05-22,6230,1284054,3980,697958,2119,552570,131,33526,3148,159309,3064,577616,3278,736925,California
Sacramento,2021-05-23,3311,1287365,2459,700417,780,553350,72,33598,1734,159554,1561,579177,1806,738731,California
Sacramento,2021-05-24,7539,1294904,4524,704941,2711,556061,304,33902,2464,157292,5028,584205,2766,741497,California
Sacramento,2021-05-25,6524,1301428,3805,708746,2434,558495,285,34187,2403,155883,4096,588301,2687,744184,California
Sacramento,2021-05-26,5022,1306450,2687,711433,2129,560624,206,34393,1856,154797,3145,591446,2059,746243,California
San Benito,2020-12-16,30,30,30,30,0,0,0,0,30,30,0,0,30,30,California
San Benito,2020-12-17,38,68,38,68,0,0,0,0,38,68,0,0,38,68,California
San Benito,2020-12-18,71,139,71,139,0,0,0,0,71,139,0,0,71,139,California
San Benito,2020-12-19,47,186,47,186,0,0,0,0,47,186,0,0,47,186,California
San Benito,2020-12-20,23,209,23,209,0,0,0,0,23,209,0,0,23,209,California
San Benito,2020-12-21,74,283,74,283,0,0,0,0,74,283,0,0,74,283,California
San Benito,2020-12-22,99,382,99,382,0,0,0,0,99,382,0,0,99,382,California
San Benito,2020-12-23,85,467,73,455,12,12,0,0,85,467,0,0,85,467,California
San Benito,2020-12-24,13,480,5,460,8,20,0,0,13,480,0,0,13,480,California
San Benito,2020-12-25,4,484,4,464,0,20,0,0,4,484,0,0,4,484,California
San Benito,2020-12-26,13,497,4,468,9,29,0,0,13,497,0,0,13,497,California
San Benito,2020-12-27,8,505,7,475,1,30,0,0,8,505,0,0,8,505,California
San Benito,2020-12-28,64,569,36,511,28,58,0,0,64,569,0,0,64,569,California
San Benito,2020-12-29,50,619,21,532,29,87,0,0,50,619,0,0,50,619,California
San Benito,2020-12-30,59,678,37,569,22,109,0,0,59,678,0,0,59,678,California
San Benito,2020-12-31,19,697,2,571,17,126,0,0,19,697,0,0,19,697,California
San Benito,2021-01-02,25,722,24,595,1,127,0,0,25,722,0,0,25,722,California
San Benito,2021-01-03,3,725,1,596,2,129,0,0,3,725,0,0,3,725,California
San Benito,2021-01-04,62,787,23,619,39,168,0,0,62,787,0,0,62,787,California
San Benito,2021-01-05,119,906,37,656,82,250,0,0,116,900,3,3,116,903,California
San Benito,2021-01-06,100,1006,43,699,57,307,0,0,85,970,15,18,85,988,California
San Benito,2021-01-07,97,1103,60,759,37,344,0,0,52,977,45,63,52,1040,California
San Benito,2021-01-08,147,1250,78,837,69,413,0,0,92,1014,55,118,92,1132,California
San Benito,2021-01-09,43,1293,30,867,13,426,0,0,30,1031,13,131,30,1162,California
San Benito,2021-01-10,16,1309,14,881,2,428,0,0,5,1025,11,142,5,1167,California
San Benito,2021-01-11,102,1411,61,942,41,469,0,0,47,1017,55,197,47,1214,California
San Benito,2021-01-12,158,1569,55,997,103,572,0,0,120,1099,38,235,120,1334,California
San Benito,2021-01-13,191,1760,35,1032,156,728,0,0,164,1236,27,262,164,1498,California
San Benito,2021-01-14,116,1876,23,1055,93,821,0,0,98,1316,18,280,98,1596,California
San Benito,2021-01-15,216,2092,21,1076,195,1016,0,0,202,1504,14,294,202,1798,California
San Benito,2021-01-16,27,2119,9,1085,18,1034,0,0,21,1519,6,300,21,1819,California
San Benito,2021-01-17,11,2130,5,1090,6,1040,0,0,8,1524,3,303,8,1827,California
San Benito,2021-01-18,36,2166,23,1113,13,1053,0,0,21,1530,15,318,21,1848,California
San Benito,2021-01-19,152,2318,65,1178,87,1140,0,0,125,1628,27,345,125,1973,California
San Benito,2021-01-20,275,2593,94,1272,181,1321,0,0,229,1812,45,390,229,2202,California
San Benito,2021-01-21,125,2718,32,1304,93,1414,0,0,100,1887,25,415,100,2302,California
San Benito,2021-01-22,233,2951,19,1323,214,1628,0,0,223,2100,10,425,223,2525,California
San Benito,2021-01-23,31,2982,17,1340,14,1642,0,0,13,2095,18,443,13,2538,California
San Benito,2021-01-24,11,2993,3,1343,8,1650,0,0,7,2098,4,447,7,2545,California
San Benito,2021-01-25,66,3059,25,1368,41,1691,0,0,20,2072,46,493,20,2565,California
San Benito,2021-01-26,138,3197,41,1409,97,1788,0,0,85,2104,53,546,85,2650,California
San Benito,2021-01-27,229,3426,69,1478,160,1948,0,0,189,2253,40,586,189,2839,California
San Benito,2021-01-28,155,3581,32,1510,123,2071,0,0,123,2345,31,617,123,2962,California
San Benito,2021-01-29,289,3870,31,1541,258,2329,0,0,266,2589,22,639,266,3228,California
San Benito,2021-01-30,50,3920,32,1573,18,2347,0,0,27,2593,23,662,27,3255,California
San Benito,2021-01-31,16,3936,5,1578,11,2358,0,0,11,2599,5,667,11,3266,California
San Benito,2021-02-01,133,4069,28,1606,105,2463,0,0,89,2644,44,711,89,3355,California
San Benito,2021-02-02,227,4296,49,1655,178,2641,0,0,137,2691,90,801,137,3492,California
San Benito,2021-02-03,340,4636,42,1697,298,2939,0,0,274,2899,66,867,274,3766,California
San Benito,2021-02-04,164,4800,24,1721,140,3079,0,0,120,2975,44,911,120,3886,California
San Benito,2021-02-05,292,5092,40,1761,252,3331,0,0,229,3141,63,974,229,4115,California
San Benito,2021-02-06,48,5140,8,1769,40,3371,0,0,31,3155,17,991,31,4146,California
San Benito,2021-02-07,16,5156,8,1777,8,3379,0,0,15,3169,1,992,15,4161,California
San Benito,2021-02-08,139,5295,16,1793,123,3502,0,0,93,3216,46,1038,93,4254,California
San Benito,2021-02-09,326,5621,63,1856,263,3765,0,0,194,3278,132,1170,194,4448,California
San Benito,2021-02-10,322,5943,89,1945,233,3998,0,0,113,3183,208,1378,113,4561,California
San Benito,2021-02-11,299,6242,33,1978,266,4264,0,0,201,3286,98,1476,201,4762,California
San Benito,2021-02-12,414,6656,31,2009,383,4647,0,0,208,3289,205,1681,208,4970,California
San Benito,2021-02-13,56,6712,7,2016,49,4696,0,0,43,3319,13,1694,43,5013,California
San Benito,2021-02-14,41,6753,5,2021,36,4732,0,0,31,3340,10,1704,31,5044,California
San Benito,2021-02-15,106,6859,10,2031,96,4828,0,0,95,3424,11,1715,95,5139,California
San Benito,2021-02-16,207,7066,11,2042,196,5024,0,0,102,3421,105,1820,102,5241,California
San Benito,2021-02-17,328,7394,29,2071,299,5323,0,0,279,3651,49,1869,279,5520,California
San Benito,2021-02-18,293,7687,37,2108,256,5579,0,0,71,3500,222,2091,71,5591,California
San Benito,2021-02-19,346,8033,47,2155,299,5878,0,0,180,3514,166,2257,180,5771,California
San Benito,2021-02-20,45,8078,26,2181,19,5897,0,0,36,3541,9,2266,36,5807,California
San Benito,2021-02-21,24,8102,8,2189,16,5913,0,0,14,3545,10,2276,14,5821,California
San Benito,2021-02-22,135,8237,36,2225,99,6012,0,0,101,3613,33,2309,101,5922,California
San Benito,2021-02-23,379,8616,94,2319,285,6297,0,0,263,3760,116,2425,263,6185,California
San Benito,2021-02-24,378,8994,65,2384,313,6610,0,0,239,3860,139,2564,239,6424,California
San Benito,2021-02-25,394,9388,64,2448,330,6940,0,0,273,4010,123,2687,273,6697,California
San Benito,2021-02-26,645,10033,72,2520,573,7513,0,0,398,4161,247,2934,398,7095,California
San Benito,2021-02-27,100,10133,39,2559,61,7574,0,0,86,4233,14,2948,86,7181,California
San Benito,2021-02-28,247,10380,23,2582,224,7798,0,0,238,4462,9,2957,238,7419,California
San Benito,2021-03-01,226,10606,58,2640,168,7966,0,0,156,4547,71,3028,156,7575,California
San Benito,2021-03-02,279,10885,93,2733,186,8152,0,0,209,4686,70,3098,209,7784,California
San Benito,2021-03-03,402,11287,59,2792,343,8495,0,0,224,4734,176,3274,224,8008,California
San Benito,2021-03-04,616,11903,127,2919,474,8969,15,15,431,4984,185,3459,435,8443,California
San Benito,2021-03-05,585,12488,306,3225,267,9236,12,27,375,5162,209,3668,387,8830,California
San Benito,2021-03-06,194,12682,70,3295,110,9346,14,41,142,5266,52,3720,156,8986,California
San Benito,2021-03-07,649,13331,605,3900,22,9368,22,63,617,5873,32,3752,639,9625,California
San Benito,2021-03-08,289,13620,67,3967,176,9544,46,109,167,5964,122,3874,213,9838,California
San Benito,2021-03-09,425,14045,84,4051,242,9786,99,208,138,5888,286,4160,210,10048,California
San Benito,2021-03-10,404,14449,113,4164,194,9980,97,305,231,6043,173,4333,328,10376,California
San Benito,2021-03-11,472,14921,120,4284,198,10178,154,459,208,6141,264,4597,362,10738,California
San Benito,2021-03-12,515,15436,119,4403,302,10480,94,553,230,6183,283,4880,325,11063,California
San Benito,2021-03-13,203,15639,102,4505,83,10563,18,571,129,6259,71,4951,147,11210,California
San Benito,2021-03-14,232,15871,40,4545,172,10735,20,591,179,6406,52,5003,199,11409,California
San Benito,2021-03-15,324,16195,100,4645,205,10940,19,610,190,6481,134,5137,209,11618,California
San Benito,2021-03-16,500,16695,220,4865,249,11189,31,641,351,6713,149,5286,381,11999,California
San Benito,2021-03-17,791,17486,477,5342,292,11481,22,663,561,7062,226,5512,575,12574,California
San Benito,2021-03-18,789,18275,527,5869,207,11688,55,718,573,7467,214,5726,619,13193,California
San Benito,2021-03-19,781,19056,404,6273,354,12042,23,741,580,7869,201,5927,603,13796,California
San Benito,2021-03-20,246,19302,152,6425,82,12124,12,753,187,8009,59,5986,199,13995,California
San Benito,2021-03-21,109,19411,56,6481,48,12172,5,758,82,8069,27,6013,87,14082,California
San Benito,2021-03-22,351,19762,171,6652,155,12327,25,783,224,8191,127,6140,249,14331,California
San Benito,2021-03-23,480,20242,202,6854,268,12595,10,793,218,8156,262,6402,227,14558,California
San Benito,2021-03-24,575,20817,305,7159,263,12858,7,800,361,8311,213,6615,368,14926,California
San Benito,2021-03-25,743,21560,441,7600,298,13156,4,804,441,8458,298,6913,445,15371,California
San Benito,2021-03-26,1020,22580,518,8118,498,13654,4,808,340,8123,679,7592,344,15715,California
San Benito,2021-03-27,335,22915,186,8304,116,13770,33,841,215,8252,119,7711,248,15963,California
San Benito,2021-03-28,732,23647,608,8912,119,13889,5,846,128,7781,604,8315,133,16096,California
San Benito,2021-03-29,344,23991,109,9021,215,14104,20,866,148,7752,196,8511,167,16263,California
San Benito,2021-03-30,577,24568,273,9294,210,14314,94,960,292,7853,285,8796,386,16649,California
San Benito,2021-03-31,596,25164,366,9660,206,14520,24,984,342,7968,251,9047,366,17015,California
San Benito,2021-04-01,945,26109,382,10042,525,15045,38,1022,566,8188,378,9425,598,17613,California
San Benito,2021-04-02,542,26651,263,10305,144,15189,135,1157,267,8316,275,9700,403,18016,California
San Benito,2021-04-03,255,26906,88,10393,104,15293,63,1220,75,8274,180,9880,138,18154,California
San Benito,2021-04-04,143,27049,108,10501,30,15323,5,1225,106,8348,37,9917,111,18265,California
San Benito,2021-04-05,352,27401,170,10671,140,15463,42,1267,143,8323,209,10126,184,18449,California
San Benito,2021-04-06,469,27870,164,10835,126,15589,179,1446,159,8351,310,10436,338,18787,California
San Benito,2021-04-07,946,28816,530,11365,227,15816,189,1635,269,8137,675,11111,461,19248,California
San Benito,2021-04-08,861,29677,431,11796,178,15994,252,1887,226,7981,634,11745,478,19726,California
San Benito,2021-04-09,839,30516,497,12293,252,16246,90,1977,290,7813,549,12294,381,20107,California
San Benito,2021-04-10,332,30848,199,12492,75,16321,58,2035,184,7907,148,12442,242,20349,California
San Benito,2021-04-11,470,31318,269,12761,167,16488,34,2069,262,7976,208,12650,277,20626,California
San Benito,2021-04-12,530,31848,285,13046,133,16621,112,2181,278,8111,251,12901,386,21012,California
San Benito,2021-04-13,754,32602,292,13338,439,17060,23,2204,522,8426,231,13132,546,21558,California
San Benito,2021-04-14,832,33434,654,13992,178,17238,0,2204,395,8389,432,13564,395,21953,California
San Benito,2021-04-15,941,34375,733,14725,207,17445,1,2205,469,8388,471,14035,470,22423,California
San Benito,2021-04-16,704,35079,368,15093,327,17772,9,2214,296,8289,405,14440,306,22729,California
San Benito,2021-04-17,319,35398,226,15319,93,17865,0,2214,130,8228,191,14631,130,22859,California
San Benito,2021-04-18,490,35888,409,15728,81,17946,0,2214,236,8212,254,14885,238,23097,California
San Benito,2021-04-19,736,36624,590,16318,146,18092,0,2214,416,8310,319,15204,417,23514,California
San Benito,2021-04-20,768,37392,398,16716,368,18460,2,2216,486,8520,277,15481,487,24001,California
San Benito,2021-04-21,953,38345,702,17418,251,18711,0,2216,513,8607,426,15907,513,24514,California
San Benito,2021-04-22,896,39241,691,18109,205,18916,0,2216,565,8849,323,16230,565,25079,California
San Benito,2021-04-23,635,39876,397,18506,237,19153,1,2217,342,8947,244,16474,342,25421,California
San Benito,2021-04-24,359,40235,203,18709,156,19309,0,2217,168,8963,152,16626,168,25589,California
San Benito,2021-04-25,205,40440,127,18836,78,19387,0,2217,95,8966,92,16718,95,25684,California
San Benito,2021-04-26,479,40919,383,19219,96,19483,0,2217,253,9053,166,16884,253,25937,California
San Benito,2021-04-27,538,41457,277,19496,254,19737,7,2224,402,9337,125,17009,409,26346,California
San Benito,2021-04-28,541,41998,384,19880,148,19885,9,2233,379,9567,157,17166,387,26733,California
San Benito,2021-04-29,628,42626,231,20111,387,20272,10,2243,249,9465,378,17544,276,27009,California
San Benito,2021-04-30,376,43002,208,20319,161,20433,7,2250,202,9502,172,17716,209,27218,California
San Benito,2021-05-01,195,43197,143,20462,44,20477,8,2258,65,9447,128,17844,73,27291,California
San Benito,2021-05-02,189,43386,161,20623,24,20501,4,2262,58,9378,131,17975,62,27353,California
San Benito,2021-05-03,354,43740,280,20903,65,20566,9,2271,84,9203,270,18245,95,27448,California
San Benito,2021-05-04,403,44143,243,21146,152,20718,8,2279,148,9105,253,18498,155,27603,California
San Benito,2021-05-05,600,44743,422,21568,162,20880,16,2295,209,8941,389,18887,225,27828,California
San Benito,2021-05-06,611,45354,484,22052,112,20992,15,2310,221,8790,387,19274,236,28064,California
San Benito,2021-05-07,446,45800,283,22335,153,21145,10,2320,171,8701,273,19547,184,28248,California
San Benito,2021-05-08,276,46076,225,22560,46,21191,5,2325,158,8746,118,19665,163,28411,California
San Benito,2021-05-09,101,46177,76,22636,22,21213,3,2328,48,8745,52,19717,51,28462,California
San Benito,2021-05-10,410,46587,323,22959,63,21276,24,2352,51,8462,359,20076,76,28538,California
San Benito,2021-05-11,806,47393,401,23360,392,21668,13,2365,177,8026,627,20703,191,28729,California
San Benito,2021-05-12,482,47875,386,23746,84,21752,12,2377,111,7781,369,21072,124,28853,California
San Benito,2021-05-13,660,48535,564,24310,86,21838,10,2387,166,7465,491,21563,175,29028,California
San Benito,2021-05-14,594,49129,438,24748,149,21987,7,2394,230,7339,363,21926,237,29265,California
San Benito,2021-05-15,228,49357,171,24919,50,22037,7,2401,126,7370,102,22028,133,29398,California
San Benito,2021-05-16,160,49517,132,25051,26,22063,2,2403,91,7394,69,22097,93,29491,California
San Benito,2021-05-17,377,49894,307,25358,61,22124,9,2412,175,7377,201,22298,184,29675,California
San Benito,2021-05-18,663,50557,345,25703,313,22437,5,2417,206,7132,457,22755,212,29887,California
San Benito,2021-05-19,563,51120,414,26117,141,22578,8,2425,234,7046,328,23083,242,30129,California
San Benito,2021-05-20,562,51682,453,26570,98,22676,11,2436,309,7114,252,23335,320,30449,California
San Benito,2021-05-21,432,52114,257,26827,161,22837,14,2450,201,7100,230,23565,216,30665,California
San Benito,2021-05-22,239,52353,212,27039,24,22861,3,2453,175,7215,63,23628,178,30843,California
San Benito,2021-05-23,68,52421,46,27085,17,22878,5,2458,24,7199,44,23672,28,30871,California
San Benito,2021-05-24,279,52700,236,27321,39,22917,4,2462,172,7268,107,23779,176,31047,California
San Benito,2021-05-25,507,53207,221,27542,279,23196,7,2469,159,7088,346,24125,166,31213,California
San Benito,2021-05-26,161,53368,86,27628,69,23265,6,2475,69,7070,92,24217,74,31287,California
San Bernardino,2020-12-15,13,13,13,13,0,0,0,0,13,13,0,0,13,13,California
San Bernardino,2020-12-16,113,126,113,126,0,0,0,0,113,126,0,0,113,126,California
San Bernardino,2020-12-17,2369,2495,2369,2495,0,0,0,0,2369,2495,0,0,2369,2495,California
San Bernardino,2020-12-18,3150,5645,3147,5642,3,3,0,0,3151,5646,0,0,3151,5646,California
San Bernardino,2020-12-19,1070,6715,1069,6711,1,4,0,0,1071,6717,0,0,1071,6717,California
San Bernardino,2020-12-20,1178,7893,1175,7886,3,7,0,0,1178,7895,0,0,1178,7895,California
San Bernardino,2020-12-21,2457,10350,2452,10338,5,12,0,0,2457,10352,0,0,2457,10352,California
San Bernardino,2020-12-22,2278,12628,2149,12487,129,141,0,0,2279,12631,0,0,2279,12631,California
San Bernardino,2020-12-23,2669,15297,1464,13951,1205,1346,0,0,2667,15298,0,0,2667,15298,California
San Bernardino,2020-12-24,1163,16460,583,14534,580,1926,0,0,1165,16463,0,0,1165,16463,California
San Bernardino,2020-12-25,75,16535,14,14548,61,1987,0,0,75,16538,0,0,75,16538,California
San Bernardino,2020-12-26,462,16997,254,14802,208,2195,0,0,462,17000,0,0,462,17000,California
San Bernardino,2020-12-27,348,17345,162,14964,186,2381,0,0,348,17348,0,0,348,17348,California
San Bernardino,2020-12-28,1571,18916,712,15676,859,3240,0,0,1572,18920,0,0,1572,18920,California
San Bernardino,2020-12-29,2213,21129,1042,16718,1171,4411,0,0,2213,21133,0,0,2213,21133,California
San Bernardino,2020-12-30,2894,24023,1458,18176,1436,5847,0,0,2895,24028,0,0,2895,24028,California
San Bernardino,2020-12-31,1359,25382,439,18615,920,6767,0,0,1357,25385,0,0,1357,25385,California
San Bernardino,2021-01-01,284,25666,151,18766,133,6900,0,0,283,25668,0,0,283,25668,California
San Bernardino,2021-01-02,476,26142,339,19105,137,7037,0,0,476,26144,0,0,476,26144,California
San Bernardino,2021-01-03,136,26278,88,19193,48,7085,0,0,136,26280,0,0,136,26280,California
San Bernardino,2021-01-04,2124,28402,1287,20480,837,7922,0,0,2123,28403,0,0,2123,28403,California
San Bernardino,2021-01-05,2334,30736,1463,21943,871,8793,0,0,2224,30518,109,109,2224,30627,California
San Bernardino,2021-01-06,3437,34173,2350,24293,1087,9880,0,0,2939,32966,492,601,2940,33567,California
San Bernardino,2021-01-07,5418,39591,4506,28799,912,10792,0,0,2468,32503,2931,3532,2468,36035,California
San Bernardino,2021-01-08,5368,44959,4448,33247,920,11712,0,0,2288,31716,3076,6608,2289,38324,California
San Bernardino,2021-01-09,1403,46362,1100,34347,303,12015,0,0,905,32123,498,7106,905,39229,California
San Bernardino,2021-01-10,1026,47388,610,34957,416,12431,0,0,577,32251,449,7555,577,39806,California
San Bernardino,2021-01-11,4985,52373,4077,39034,908,13339,0,0,2768,32806,2213,9768,2768,42574,California
San Bernardino,2021-01-12,4227,56600,3211,42245,1016,14355,0,0,2512,33604,1714,11482,2512,45086,California
San Bernardino,2021-01-13,4571,61171,2849,45094,1722,16077,0,0,3349,35744,1210,12692,3350,48436,California
San Bernardino,2021-01-14,4817,65988,2840,47934,1977,18054,0,0,4236,39403,577,13269,4236,52672,California
San Bernardino,2021-01-15,5967,71955,2954,50888,3013,21067,0,0,5569,44587,388,13657,5572,58244,California
San Bernardino,2021-01-16,2255,74210,1287,52175,968,22035,0,0,2113,46558,142,13799,2113,60357,California
San Bernardino,2021-01-17,1184,75394,508,52683,676,22711,0,0,1101,47579,82,13881,1103,61460,California
San Bernardino,2021-01-18,4267,79661,2636,55319,1631,24342,0,0,3643,50602,623,14504,3646,65106,California
San Bernardino,2021-01-19,6316,85977,3706,59025,2610,26952,0,0,5230,54750,1084,15588,5232,70338,California
San Bernardino,2021-01-20,6841,92818,3765,62790,3076,30028,0,0,4893,57705,1940,17528,4895,75233,California
San Bernardino,2021-01-21,5989,98807,3079,65869,2910,32938,0,0,4870,61468,1110,18638,4873,80106,California
San Bernardino,2021-01-22,6528,105335,3052,68921,3476,36414,0,0,5803,66549,723,19361,5804,85910,California
San Bernardino,2021-01-23,3118,108453,1895,70816,1223,37637,0,0,2728,68888,389,19750,2728,88638,California
San Bernardino,2021-01-24,1195,109648,461,71277,734,38371,0,0,1094,69881,101,19851,1094,89732,California
San Bernardino,2021-01-25,6888,116536,3407,74684,3481,41852,0,0,5050,73099,1835,21686,5053,94785,California
San Bernardino,2021-01-26,7074,123610,3533,78217,3541,45393,0,0,4976,75979,2097,23783,4977,99762,California
San Bernardino,2021-01-27,8498,132108,4143,82360,4355,49748,0,0,5701,78891,2789,26572,5701,105463,California
San Bernardino,2021-01-28,8594,140702,4078,86438,4516,54264,0,0,6272,82846,2317,28889,6272,111735,California
San Bernardino,2021-01-29,8196,148898,3771,90209,4425,58689,0,0,6222,87109,1960,30849,6223,117958,California
San Bernardino,2021-01-30,3094,151992,1900,92109,1194,59883,0,0,2805,89626,288,31137,2805,120763,California
San Bernardino,2021-01-31,924,152916,493,92602,431,60314,0,0,870,90443,53,31190,870,121633,California
San Bernardino,2021-02-01,7576,160492,4251,96853,3325,63639,0,0,4945,92761,2628,33818,4946,126579,California
San Bernardino,2021-02-02,10447,170939,3656,100509,6791,70430,0,0,8388,99095,2055,35873,8389,134968,California
San Bernardino,2021-02-03,9006,179945,4148,104657,4858,75288,0,0,6505,103108,2493,38366,6506,141474,California
San Bernardino,2021-02-04,10523,190468,5186,109843,5337,80625,0,0,7422,107440,3090,41456,7422,148896,California
San Bernardino,2021-02-05,11009,201477,5908,115751,5101,85726,0,0,7488,111419,3510,44966,7489,156385,California
San Bernardino,2021-02-06,5265,206742,2213,117964,3052,88778,0,0,3635,113451,1606,46572,3638,160023,California
San Bernardino,2021-02-07,843,207585,489,118453,354,89132,0,0,468,113548,372,46944,469,160492,California
San Bernardino,2021-02-08,7280,214865,3880,122333,3400,92532,0,0,5612,117494,1666,48610,5612,166104,California
San Bernardino,2021-02-09,10140,225005,5905,128238,4235,96767,0,0,6842,121043,3296,51906,6845,172949,California
San Bernardino,2021-02-10,12082,237087,6452,134690,5630,102397,0,0,7964,124901,4107,56013,7965,180914,California
San Bernardino,2021-02-11,12444,249531,7138,141828,5306,107703,0,0,7933,128349,4488,60501,7936,188850,California
San Bernardino,2021-02-12,10425,259956,5945,147773,4480,112183,0,0,5687,129315,4721,65222,5687,194537,California
San Bernardino,2021-02-13,6049,266005,4021,151794,2028,114211,0,0,3809,130905,2224,67446,3814,198351,California
San Bernardino,2021-02-14,1552,267557,649,152443,903,115114,0,0,873,131106,672,68118,873,199224,California
San Bernardino,2021-02-15,5477,273034,2995,155438,2482,117596,0,0,3061,131765,2402,70520,3061,202285,California
San Bernardino,2021-02-16,12623,285657,7381,162819,5242,122838,0,0,7972,135099,4639,75159,7973,210258,California
San Bernardino,2021-02-17,11810,297467,6461,169280,5349,128187,0,0,7146,137600,4647,79806,7148,217406,California
San Bernardino,2021-02-18,12487,309954,7583,176863,4904,133091,0,0,7702,140532,4771,84577,7703,225109,California
San Bernardino,2021-02-19,11531,321485,5933,182796,5598,138689,0,0,6815,142651,4696,89273,6815,231924,California
San Bernardino,2021-02-20,4522,326007,3470,186266,1052,139741,0,0,2041,142216,2478,91751,2043,233967,California
San Bernardino,2021-02-21,1131,327138,673,186939,458,140199,0,0,392,141871,739,92490,394,234361,California
San Bernardino,2021-02-22,8673,335811,5341,192280,3332,143531,0,0,4042,141295,4620,97110,4044,238405,California
San Bernardino,2021-02-23,9130,344941,5448,197728,3682,147213,0,0,4598,141386,4507,101617,4598,243003,California
San Bernardino,2021-02-24,12448,357389,7175,204903,5273,152486,0,0,6156,141271,6272,107889,6157,249160,California
San Bernardino,2021-02-25,13066,370455,6280,211183,6786,159272,0,0,7614,143453,5435,113324,7617,256777,California
San Bernardino,2021-02-26,13616,384071,6380,217563,7236,166508,0,0,7585,145071,5969,119293,7587,264364,California
San Bernardino,2021-02-27,6666,390737,3725,221288,2940,169448,1,1,4813,148041,1844,121137,4814,269178,California
San Bernardino,2021-02-28,1765,392502,732,222020,1033,170481,0,1,1138,148557,622,121759,1138,270316,California
San Bernardino,2021-03-01,8440,400942,4359,226379,4078,174559,3,4,3840,147830,4578,126337,3851,274167,California
San Bernardino,2021-03-02,13856,414798,5538,231917,8318,182877,0,4,6547,147101,7279,133616,6550,280717,California
San Bernardino,2021-03-03,12879,427677,6525,238442,6351,189228,3,7,6016,146285,6842,140458,6026,286743,California
San Bernardino,2021-03-04,13759,441436,6911,245353,6848,196076,0,7,5977,144505,7761,148219,5981,292724,California
San Bernardino,2021-03-05,14411,455847,7540,252893,6870,202946,1,8,7038,144221,7341,155560,7057,299781,California
San Bernardino,2021-03-06,9717,465564,5455,258348,4047,206993,215,223,4546,143826,5154,160714,4759,304540,California
San Bernardino,2021-03-07,1650,467214,1002,259350,591,207584,57,280,1047,144329,601,161315,1104,305644,California
San Bernardino,2021-03-08,8075,475289,3573,262923,4343,211927,159,439,3593,143610,4474,165789,3755,309399,California
San Bernardino,2021-03-09,13076,488365,7486,270409,5346,217273,244,683,5274,141341,7788,173577,5519,314918,California
San Bernardino,2021-03-10,14209,502574,7848,278257,5805,223078,556,1239,6359,140435,7824,181401,6918,321836,California
San Bernardino,2021-03-11,15619,518193,7239,285496,6793,229871,1587,2826,7396,141211,8202,189603,8978,330814,California
San Bernardino,2021-03-12,15499,533692,6879,292375,6572,236443,2048,4874,7348,142535,8121,197724,9445,340259,California
San Bernardino,2021-03-13,8382,542074,4581,296956,3289,239732,512,5386,4976,144634,3395,201119,5494,345753,California
San Bernardino,2021-03-14,3280,545354,1660,298616,1042,240774,578,5964,1832,145597,1441,202560,2404,348157,California
San Bernardino,2021-03-15,11380,556734,5370,303986,3976,244750,2034,7998,5573,147403,5793,208353,7599,355756,California
San Bernardino,2021-03-16,16200,572934,8032,312018,7223,251973,945,8943,9914,151998,6260,214613,10855,366611,California
San Bernardino,2021-03-17,17371,590305,8645,320663,7977,259950,749,9692,10541,156478,6811,221424,11291,377902,California
San Bernardino,2021-03-18,16625,606930,8230,328893,8008,267958,387,10079,9849,159962,6750,228174,10234,388136,California
San Bernardino,2021-03-19,16973,623903,8425,337318,7959,275917,589,10668,9753,163161,7195,235369,10394,398530,California
San Bernardino,2021-03-20,9443,633346,5961,343279,2893,278810,589,11257,5589,165506,3829,239198,6174,404704,California
San Bernardino,2021-03-21,2794,636140,2274,345553,470,279280,50,11307,2250,167275,531,239729,2300,407004,California
San Bernardino,2021-03-22,9623,645763,4526,350079,4659,283939,438,11745,6970,172051,2632,242361,7408,414412,California
San Bernardino,2021-03-23,15500,661263,8799,358878,6082,290021,619,12364,9597,176384,5882,248243,10215,424627,California
San Bernardino,2021-03-24,15166,676429,7838,366716,7023,297044,305,12669,10075,181709,5056,253299,10381,435008,California
San Bernardino,2021-03-25,17038,693467,8365,375081,8373,305417,300,12969,10799,186615,6189,259488,11095,446103,California
San Bernardino,2021-03-26,18206,711673,8683,383764,8753,314170,770,13739,10896,191001,7280,266768,11666,457769,California
San Bernardino,2021-03-27,10852,722525,7015,390779,3086,317256,751,14490,6193,193305,4639,271407,6943,464712,California
San Bernardino,2021-03-28,3620,726145,2550,393329,957,318213,113,14603,2510,194826,1101,272508,2622,467334,California
San Bernardino,2021-03-29,11777,737922,6121,399450,5257,323470,399,15002,7962,199390,3797,276305,8361,475695,California
San Bernardino,2021-03-30,16995,754917,9486,408936,6792,330262,717,15719,10538,204216,6420,282725,11246,486941,California
San Bernardino,2021-03-31,16595,771512,9330,418266,6627,336889,638,16357,10920,210129,5646,288371,11559,498500,California
San Bernardino,2021-04-01,19781,791293,10454,428720,7915,344804,1412,17769,12735,217264,7004,295375,14139,512639,California
San Bernardino,2021-04-02,18912,810205,9537,438257,8081,352885,1294,19063,11430,222577,7453,302828,12766,525405,California
San Bernardino,2021-04-03,11162,821367,6984,445241,3040,355925,1138,20201,6066,224699,5078,307906,7200,532605,California
San Bernardino,2021-04-04,2497,823864,1504,446745,744,356669,249,20450,1259,224975,1232,309138,1508,534113,California
San Bernardino,2021-04-05,11782,835646,5292,452037,4755,361424,1735,22185,6011,226966,5751,314889,7742,541855,California
San Bernardino,2021-04-06,19731,855377,11103,463140,6514,367938,2114,24299,10435,230262,9252,324141,12548,554403,California
San Bernardino,2021-04-07,20944,876321,11207,474347,7261,375199,2476,26775,11430,234684,9484,333625,13906,568309,California
San Bernardino,2021-04-08,21846,898167,11177,485524,8070,383269,2599,29374,12021,239536,9800,343425,14652,582961,California
San Bernardino,2021-04-09,21703,919870,11048,496572,8098,391367,2557,31931,11806,244052,9863,353288,14379,597340,California
San Bernardino,2021-04-10,15619,935489,8085,504657,3822,395189,3712,35643,7733,247625,7865,361153,11438,608778,California
San Bernardino,2021-04-11,4407,939896,2568,507225,885,396074,954,36597,2024,248222,2377,363530,2974,611752,California
San Bernardino,2021-04-12,13358,953254,6180,513405,5534,401608,1644,38241,6317,249158,7020,370550,7956,619708,California
San Bernardino,2021-04-13,19227,972481,10947,524352,8261,409869,19,38260,10999,251975,8202,378752,11019,630727,California
San Bernardino,2021-04-14,19198,991679,10262,534614,8933,418802,3,38263,10839,254492,8327,387079,10844,641571,California
San Bernardino,2021-04-15,20255,1011934,11317,545931,8932,427734,6,38269,10741,255762,9477,396556,10747,652318,California
San Bernardino,2021-04-16,18572,1030506,10538,556469,8033,435767,1,38270,9123,255480,9405,405961,9123,661441,California
San Bernardino,2021-04-17,11919,1042425,7845,564314,4074,439841,0,38270,6228,256050,5658,411619,6228,667669,California
San Bernardino,2021-04-18,2885,1045310,1980,566294,905,440746,0,38270,1265,255707,1608,413227,1265,668934,California
San Bernardino,2021-04-19,12531,1057841,6681,572975,5850,446596,0,38270,4861,252924,7648,420875,4865,673799,California
San Bernardino,2021-04-20,17603,1075444,9813,582788,7787,454383,3,38273,8039,251429,9538,430413,8043,681842,California
San Bernardino,2021-04-21,18051,1093495,10312,593100,7736,462119,3,38276,7908,249256,10084,440497,7911,689753,California
San Bernardino,2021-04-22,19141,1112636,10932,604032,8205,470324,4,38280,7793,245758,11295,451792,7797,697550,California
San Bernardino,2021-04-23,18427,1131063,10540,614572,7886,478210,1,38281,8028,243435,10354,462146,8031,705581,California
San Bernardino,2021-04-24,12810,1143873,9463,624035,3345,481555,2,38283,6888,244418,5907,468053,6890,712471,California
San Bernardino,2021-04-25,3393,1147266,2222,626257,1171,482726,0,38283,1676,244392,1703,469756,1677,714148,California
San Bernardino,2021-04-26,10480,1157746,5615,631872,4776,487502,89,38372,4433,242901,6012,475768,4521,718669,California
San Bernardino,2021-04-27,15868,1173614,9581,641453,6118,493620,169,38541,6473,240189,9353,485121,6641,725310,California
San Bernardino,2021-04-28,14651,1188265,8696,650149,5685,499305,270,38811,5253,236332,9371,494492,5514,730824,California
San Bernardino,2021-04-29,16100,1204365,9283,659432,6548,505853,269,39080,5337,231201,10734,505226,5603,736427,California
San Bernardino,2021-04-30,16465,1220830,10381,669813,5805,511658,279,39359,6029,227107,10399,515625,6305,742732,California
San Bernardino,2021-05-01,10707,1231537,8402,678215,1996,513654,309,39668,3683,224075,7021,522646,3989,746721,California
San Bernardino,2021-05-02,2924,1234461,2114,680329,678,514332,132,39800,1041,223372,1875,524521,1172,747893,California
San Bernardino,2021-05-03,10024,1244485,5765,686094,3855,518187,404,40204,2897,219559,7113,531634,3300,751193,California
San Bernardino,2021-05-04,15649,1260134,9514,695608,5682,523869,453,40657,4539,213479,11069,542703,4989,756182,California
San Bernardino,2021-05-05,15313,1275447,8802,704410,6098,529967,413,41070,4326,207272,10942,553645,4735,760917,California
San Bernardino,2021-05-06,15731,1291178,8961,713371,6358,536325,412,41482,4269,200533,11419,565064,4680,765597,California
San Bernardino,2021-05-07,15417,1306595,8665,722036,6378,542703,374,41856,4607,194760,10750,575814,4977,770574,California
San Bernardino,2021-05-08,9180,1315775,6108,728144,2828,545531,244,42100,3130,192118,6015,581829,3373,773947,California
San Bernardino,2021-05-09,1808,1317583,1111,729255,607,546138,90,42190,727,191864,1071,582900,817,774764,California
San Bernardino,2021-05-10,7408,1324991,3413,732668,3681,549819,314,42504,2270,189354,5091,587991,2581,777345,California
San Bernardino,2021-05-11,11868,1336859,6542,739210,5004,554823,322,42826,3720,185286,8111,596102,4043,781388,California
San Bernardino,2021-05-12,11988,1348847,6390,745600,5310,560133,288,43114,3423,180473,8520,604622,3707,785095,California
San Bernardino,2021-05-13,12447,1361294,7389,752989,4718,564851,340,43454,4768,177940,7636,612258,5103,790198,California
San Bernardino,2021-05-14,13571,1374865,9024,762013,4214,569065,333,43787,5650,176058,7864,620122,5982,796180,California
San Bernardino,2021-05-15,11217,1386082,8319,770332,2711,571776,187,43974,4501,174057,6684,626806,4683,800863,California
San Bernardino,2021-05-16,2764,1388846,2038,772370,665,572441,61,44035,1310,173990,1437,628243,1370,802233,California
San Bernardino,2021-05-17,9848,1398694,6713,779083,2869,575310,266,44301,4593,173628,5218,633461,4856,807089,California
San Bernardino,2021-05-18,13275,1411969,8765,787848,4256,579566,254,44555,6183,173004,7057,640518,6433,813522,California
San Bernardino,2021-05-19,11402,1423371,7176,795024,3864,583430,362,44917,5322,172644,6041,646559,5681,819203,California
San Bernardino,2021-05-20,9883,1433254,5845,800869,3748,587178,290,45207,4456,171994,5393,651952,4743,823946,California
San Bernardino,2021-05-21,10695,1443949,7117,807986,3233,590411,345,45552,4668,171022,5984,657936,5012,828958,California
San Bernardino,2021-05-22,7175,1451124,5499,813485,1484,591895,192,45744,3567,171205,3574,661510,3757,832715,California
San Bernardino,2021-05-23,1279,1452403,824,814309,383,592278,72,45816,649,171302,624,662134,721,833436,California
San Bernardino,2021-05-24,6536,1458939,4110,818419,2139,594417,287,46103,2954,171002,3540,665674,3240,836676,California
San Bernardino,2021-05-25,9030,1467969,5562,823981,3213,597630,255,46358,4066,170386,4937,670611,4321,840997,California
San Bernardino,2021-05-26,4518,1472487,3083,827064,1239,598869,196,46554,1915,169908,2583,673194,2105,843102,California
San Diego,2020-12-15,119,119,119,119,0,0,0,0,119,119,0,0,119,119,California
San Diego,2020-12-16,1103,1222,1103,1222,0,0,0,0,1103,1222,0,0,1103,1222,California
San Diego,2020-12-17,2350,3572,2350,3572,0,0,0,0,2350,3572,0,0,2350,3572,California
San Diego,2020-12-18,3670,7242,3669,7241,1,1,0,0,3670,7242,0,0,3670,7242,California
San Diego,2020-12-19,2313,9555,2313,9554,0,1,0,0,2313,9555,0,0,2313,9555,California
San Diego,2020-12-20,1184,10739,1183,10737,1,2,0,0,1184,10739,0,0,1184,10739,California
San Diego,2020-12-21,3522,14261,3521,14258,1,3,0,0,3522,14261,0,0,3522,14261,California
San Diego,2020-12-22,4059,18320,3416,17674,643,646,0,0,4059,18320,0,0,4059,18320,California
San Diego,2020-12-23,3182,21502,1978,19652,1204,1850,0,0,3182,21502,0,0,3182,21502,California
San Diego,2020-12-24,2736,24238,2219,21871,517,2367,0,0,2736,24238,0,0,2736,24238,California
San Diego,2020-12-25,876,25114,875,22746,1,2368,0,0,876,25114,0,0,876,25114,California
San Diego,2020-12-26,3294,28408,2143,24889,1151,3519,0,0,3294,28408,0,0,3294,28408,California
San Diego,2020-12-27,2510,30918,1619,26508,891,4410,0,0,2509,30916,1,1,2509,30917,California
San Diego,2020-12-28,5913,36831,4226,30734,1687,6097,0,0,5913,36829,0,1,5913,36830,California
San Diego,2020-12-29,5572,42403,2999,33733,2573,8670,0,0,5572,42401,0,1,5572,42402,California
San Diego,2020-12-30,5944,48347,3099,36832,2845,11515,0,0,5944,48345,0,1,5944,48346,California
San Diego,2020-12-31,3040,51387,1055,37887,1985,13500,0,0,3040,51385,0,1,3040,51386,California
San Diego,2021-01-01,1006,52393,452,38339,554,14054,0,0,1006,52391,0,1,1006,52392,California
San Diego,2021-01-02,3745,56138,1303,39642,2442,16496,0,0,3745,56136,0,1,3745,56137,California
San Diego,2021-01-03,859,56997,633,40275,226,16722,0,0,858,56994,0,1,858,56995,California
San Diego,2021-01-04,3702,60699,2049,42324,1653,18375,0,0,3695,60689,0,1,3695,60690,California
San Diego,2021-01-05,4376,65075,2185,44509,2191,20566,0,0,3759,63847,613,614,3771,64461,California
San Diego,2021-01-06,4947,70022,2290,46799,2657,23223,0,0,3713,66353,1211,1825,3717,68178,California
San Diego,2021-01-07,5665,75687,2983,49782,2682,25905,0,0,3506,67713,2152,3977,3512,71690,California
San Diego,2021-01-08,7868,83555,4941,54723,2927,28832,0,0,4082,68043,3769,7746,4099,75789,California
San Diego,2021-01-09,3500,87055,1940,56663,1560,30392,0,0,1950,68466,1538,9284,1961,77750,California
San Diego,2021-01-10,1881,88936,1293,57956,588,30980,0,0,778,68162,1091,10375,787,78537,California
San Diego,2021-01-11,10333,99269,5860,63816,4473,35453,0,0,6803,71460,3523,13898,6821,85358,California
San Diego,2021-01-12,11201,110470,5313,69129,5888,41341,0,0,7824,76030,3368,17266,7938,93296,California
San Diego,2021-01-13,11509,121979,5053,74182,6456,47797,0,0,8965,82487,2532,19798,8989,102285,California
San Diego,2021-01-14,12365,134344,4746,78928,7619,55416,0,0,10196,90558,2161,21959,10232,112517,California
San Diego,2021-01-15,15133,149477,5355,84283,9778,65194,0,0,12487,100472,2627,24586,12541,125058,California
San Diego,2021-01-16,10771,160248,3593,87876,7178,72372,0,0,9325,108387,1441,26027,9356,134414,California
San Diego,2021-01-17,8682,168930,2497,90373,6185,78557,0,0,7841,115407,841,26868,7861,142275,California
San Diego,2021-01-18,12879,181809,6317,96690,6562,85119,0,0,10029,122678,2818,29686,10089,152364,California
San Diego,2021-01-19,14597,196406,5669,102359,8928,94047,0,0,11487,131332,3099,32785,11753,164117,California
San Diego,2021-01-20,18329,214735,6388,108747,11941,105988,0,0,15007,143222,3301,36086,15191,179308,California
San Diego,2021-01-21,17301,232036,5785,114532,11516,117504,0,0,15912,157897,1380,37466,16055,195363,California
San Diego,2021-01-22,17584,249620,4662,119194,12922,130426,0,0,15551,171510,2019,39485,15632,210995,California
San Diego,2021-01-23,14491,264111,5280,124474,9211,139637,0,0,12133,181356,2347,41832,12193,223188,California
San Diego,2021-01-24,11906,276017,3345,127819,8561,148198,0,0,10933,191356,971,42803,10971,234159,California
San Diego,2021-01-25,12273,288290,5802,133621,6471,154669,0,0,9253,197751,3013,45816,9408,243567,California
San Diego,2021-01-26,15157,303447,7858,141479,7299,161968,0,0,11770,206323,3385,49201,11957,255524,California
San Diego,2021-01-27,20579,324026,7939,149418,12640,174608,0,0,17560,221017,3010,52211,17704,273228,California
San Diego,2021-01-28,21308,345334,7650,157068,13658,188266,0,0,19035,237874,2263,54474,19120,292348,California
San Diego,2021-01-29,19727,365061,6479,163547,13248,201514,0,0,17284,252774,2433,56907,17333,309681,California
San Diego,2021-01-30,15906,380967,3668,167215,12238,213752,0,0,13223,263422,2673,59580,13321,323002,California
San Diego,2021-01-31,14812,395779,5764,172979,9048,222800,0,0,14450,277546,358,59938,14482,337484,California
San Diego,2021-02-01,21036,416815,7735,180714,13301,236101,0,0,17484,291570,3538,63476,17562,355046,California
San Diego,2021-02-02,22898,439713,8375,189089,14523,250624,0,0,19629,308108,3260,66736,19798,374844,California
San Diego,2021-02-03,27669,467382,11770,200859,15899,266523,0,0,23356,327360,4294,71030,23546,398390,California
San Diego,2021-02-04,24253,491635,9896,210755,14357,280880,0,0,19623,342653,4613,75643,19906,418296,California
San Diego,2021-02-05,24934,516569,8891,219646,16043,296923,0,0,18248,354689,6662,82305,18698,436994,California
San Diego,2021-02-06,20782,537351,8555,228201,12227,309150,0,0,17531,369195,3248,85553,17754,454748,California
San Diego,2021-02-07,12137,549488,5377,233578,6760,315910,0,0,10253,377834,1873,87426,10512,465260,California
San Diego,2021-02-08,20123,569611,8532,242110,11591,327501,0,0,12679,383764,7433,94859,13363,478623,California
San Diego,2021-02-09,20493,590104,8327,250437,12166,339667,0,0,13196,390754,7276,102135,14266,492889,California
San Diego,2021-02-10,22974,613078,9338,259775,13636,353303,0,0,13848,396911,9069,111204,15226,508115,California
San Diego,2021-02-11,23846,636924,10186,269961,13660,366963,0,0,12769,400318,11050,122254,14457,522572,California
San Diego,2021-02-12,23840,660764,7447,277408,16393,383356,0,0,11886,402535,11937,134191,14154,536726,California
San Diego,2021-02-13,20032,680796,9025,286433,11007,394363,0,0,10901,405515,9125,143316,12105,548831,California
San Diego,2021-02-14,11187,691983,7433,293866,3754,398117,0,0,6320,408487,4863,148179,7835,556666,California
San Diego,2021-02-15,15272,707255,7761,301627,7511,405628,0,0,7829,411963,7421,155600,10897,567563,California
San Diego,2021-02-16,19293,726548,11267,312894,8026,413654,0,0,9221,414110,10060,165660,12207,579770,California
San Diego,2021-02-17,23413,749961,10999,323893,12414,426068,0,0,8121,410044,15277,180937,11211,590981,California
San Diego,2021-02-18,23575,773536,12010,335903,11565,437633,0,0,7778,406120,15786,196723,11862,602843,California
San Diego,2021-02-19,15904,789440,10909,346812,4995,442628,0,0,6635,405479,9251,205974,8610,611453,California
San Diego,2021-02-20,10265,799705,6367,353179,3898,446526,0,0,5807,408739,4456,210430,7716,619169,California
San Diego,2021-02-21,11569,811274,10155,363334,1414,447940,0,0,5185,409059,6378,216808,6698,625867,California
San Diego,2021-02-22,12452,823726,10592,373926,1860,449800,0,0,5758,409770,6690,223498,7401,633268,California
San Diego,2021-02-23,25870,849596,14494,388420,11376,461176,0,0,9626,409062,16236,239734,15528,648796,California
San Diego,2021-02-24,28960,878556,12766,401186,16194,477370,0,0,6857,401276,22083,261817,14297,663093,California
San Diego,2021-02-25,33210,911766,14732,415918,18478,495848,0,0,10132,396756,23058,284875,18538,681631,California
San Diego,2021-02-26,33478,945244,12403,428321,21075,516923,0,0,12113,394644,21335,306210,19223,700854,California
San Diego,2021-02-27,21248,966492,9688,438009,11560,528483,0,0,11442,400560,9801,316011,15717,716571,California
San Diego,2021-02-28,15286,981778,9989,447998,5297,533780,0,0,9523,407114,5762,321773,12316,728887,California
San Diego,2021-03-01,24258,1006036,14318,462316,9938,543718,2,2,14729,416261,9451,331224,18598,747485,California
San Diego,2021-03-02,26183,1032219,14095,476411,12088,555806,0,2,12765,422316,13408,344632,19463,766948,California
San Diego,2021-03-03,34026,1066245,15950,492361,18072,573878,4,6,14073,423378,19932,364564,20994,787942,California
San Diego,2021-03-04,28320,1094565,14111,506472,14209,588087,0,6,12620,427080,15678,380242,19380,807322,California
San Diego,2021-03-05,29016,1123581,14918,521390,14016,602103,82,88,13531,431941,15460,395702,20321,827643,California
San Diego,2021-03-06,23436,1147017,9597,530987,13138,615241,701,789,10353,434602,13069,408771,15730,843373,California
San Diego,2021-03-07,18247,1165264,9338,540325,8338,623579,571,1360,6931,434461,11307,420078,11166,854539,California
San Diego,2021-03-08,23107,1188371,11227,551552,10973,634552,907,2267,11448,440060,11639,431717,17238,871777,California
San Diego,2021-03-09,25915,1214286,11997,563549,12159,646711,1759,4026,10143,440133,15757,447474,15830,887607,California
San Diego,2021-03-10,25566,1239852,10816,574365,12353,659064,2397,6423,10137,441322,15413,462887,16602,904209,California
San Diego,2021-03-11,28663,1268515,11024,585389,14041,673105,3598,10021,9990,440216,18650,481537,17544,921753,California
San Diego,2021-03-12,27068,1295583,9461,594850,14467,687572,3140,13161,9936,439713,17119,498656,16616,938369,California
San Diego,2021-03-13,26234,1321817,7308,602158,17137,704709,1789,14950,10137,439724,16093,514749,16104,954473,California
San Diego,2021-03-14,13881,1335698,5500,607658,7643,712352,738,15688,4820,438556,9052,523801,7884,962357,California
San Diego,2021-03-15,22035,1357733,10176,617834,11079,723431,780,16468,9022,438460,13000,536801,12904,975261,California
San Diego,2021-03-16,30010,1387743,15795,633629,13803,737234,412,16880,15738,443415,14249,551050,19204,994465,California
San Diego,2021-03-17,26352,1414095,12241,645870,13391,750625,720,17600,16796,453442,9539,560589,19566,1014031,California
San Diego,2021-03-18,31535,1445630,17816,663686,12803,763428,916,18516,17039,458460,14463,575052,19481,1033512,California
San Diego,2021-03-19,30335,1475965,14406,678092,14905,778333,1024,19540,19400,469167,10912,585964,21619,1055131,California
San Diego,2021-03-20,27887,1503852,8457,686549,17636,795969,1794,21334,21427,487047,6448,592412,24328,1079459,California
San Diego,2021-03-21,16583,1520435,12106,698655,3760,799729,717,22051,7716,487944,8853,601265,9750,1089209,California
San Diego,2021-03-22,22545,1542980,13151,711806,9118,808847,276,22327,14330,497106,8202,609467,17364,1106573,California
San Diego,2021-03-23,26007,1568987,13644,725450,12084,820931,279,22606,17136,507691,8856,618323,19441,1126014,California
San Diego,2021-03-24,29587,1598574,19783,745233,9422,830353,382,22988,17102,514754,12475,630798,19538,1145552,California
San Diego,2021-03-25,30383,1628957,18312,763545,11387,841740,684,23672,17990,523170,12375,643173,20791,1166343,California
San Diego,2021-03-26,32156,1661113,17944,781489,13639,855379,573,24245,17505,529445,14626,657799,20901,1187244,California
San Diego,2021-03-27,25511,1686624,11047,792536,14071,869450,393,24638,15691,537970,9802,667601,18327,1205571,California
San Diego,2021-03-28,15081,1701705,9237,801773,5787,875237,57,24695,9265,542950,5810,673411,10790,1216361,California
San Diego,2021-03-29,26732,1728437,12921,814694,13178,888415,633,25328,16447,552190,10275,683686,19515,1235876,California
San Diego,2021-03-30,33243,1761680,17902,832596,14552,902967,789,26117,22019,565600,11212,694898,24622,1260498,California
San Diego,2021-03-31,30479,1792159,18799,851395,10973,913940,707,26824,20638,578213,9824,704722,22437,1282935,California
San Diego,2021-04-01,34355,1826514,20061,871456,12794,926734,1500,28324,23245,593183,11087,715809,26057,1308992,California
San Diego,2021-04-02,35799,1862313,20674,892130,12326,939060,2799,31123,24119,609859,11661,727470,28337,1337329,California
San Diego,2021-04-03,30853,1893166,14458,906588,11794,950854,4601,35724,19721,624250,11119,738589,25510,1362839,California
San Diego,2021-04-04,9058,1902224,5204,911792,2926,953780,928,36652,4821,625941,4232,742821,5923,1368762,California
San Diego,2021-04-05,29760,1931984,15405,927197,11704,965484,2651,39303,19381,640095,10362,753183,24516,1393278,California
San Diego,2021-04-06,38759,1970743,20397,947594,12448,977932,5914,45217,22333,654036,16410,769593,30351,1423629,California
San Diego,2021-04-07,35837,2006580,21981,969575,9287,987219,4569,49786,20320,664620,15493,785086,26077,1449706,California
San Diego,2021-04-08,35245,2041825,21371,990946,9711,996930,4163,53949,21314,678737,13913,798999,28030,1477736,California
San Diego,2021-04-09,38319,2080144,22828,1013774,10288,1007218,5203,59152,20804,690567,17449,816448,29279,1507015,California
San Diego,2021-04-10,29181,2109325,11785,1025559,13395,1020613,4001,63153,15100,698612,14071,830519,22116,1529131,California
San Diego,2021-04-11,16260,2125585,10079,1035638,3868,1024481,2313,65466,7270,702180,8986,839505,12554,1541685,California
San Diego,2021-04-12,30852,2156437,12863,1048501,13658,1038139,4331,69797,17187,713688,13650,853155,25158,1566843,California
San Diego,2021-04-13,37212,2193649,17790,1066291,19386,1057525,36,69833,24783,728912,12408,865563,27632,1594475,California
San Diego,2021-04-14,33085,2226734,18929,1085220,14143,1071668,13,69846,17911,736003,15160,880723,22251,1616726,California
San Diego,2021-04-15,39535,2266269,20376,1105596,19155,1090823,4,69850,24108,747524,15408,896131,26929,1643655,California
San Diego,2021-04-16,33839,2300108,18590,1124186,15246,1106069,3,69853,19640,755388,14139,910270,22003,1665658,California
San Diego,2021-04-17,27887,2327995,13540,1137726,14347,1120416,0,69853,12382,755380,15411,925681,15403,1681061,California
San Diego,2021-04-18,14500,2342495,8915,1146641,5582,1125998,3,69856,6784,757395,7703,933384,9718,1690779,California
San Diego,2021-04-19,26597,2369092,13570,1160211,13026,1139024,1,69857,12523,757606,14056,947440,14267,1705046,California
San Diego,2021-04-20,39050,2408142,17778,1177989,21272,1160296,0,69857,19971,761455,19059,966499,22908,1727954,California
San Diego,2021-04-21,35039,2443181,20932,1198921,14107,1174403,0,69857,16990,763403,18015,984514,19963,1747917,California
San Diego,2021-04-22,44667,2487848,22946,1221867,21717,1196120,4,69861,22438,766652,22186,1006700,25435,1773352,California
San Diego,2021-04-23,42242,2530090,26021,1247888,16219,1212339,2,69863,15789,759143,26425,1033125,18916,1792268,California
San Diego,2021-04-24,34970,2565060,18867,1266755,16088,1228427,15,69878,15663,758674,19274,1052399,18805,1811073,California
San Diego,2021-04-25,12639,2577699,7706,1274461,4933,1233360,0,69878,5930,759243,6700,1059099,7269,1818342,California
San Diego,2021-04-26,31056,2608755,15527,1289988,15398,1248758,131,70009,10639,753860,20405,1079504,15022,1833364,California
San Diego,2021-04-27,42535,2651290,23521,1313509,18594,1267352,420,70429,18767,752232,23736,1103240,22108,1855472,California
San Diego,2021-04-28,38340,2689630,22631,1336140,15035,1282387,674,71103,17392,751591,20915,1124155,20274,1875746,California
San Diego,2021-04-29,38078,2727708,24273,1360413,13151,1295538,654,71757,15410,746707,22633,1146788,17749,1893495,California
San Diego,2021-04-30,38112,2765820,23145,1383558,13951,1309489,1016,72773,14959,741360,23116,1169904,17769,1911264,California
San Diego,2021-05-01,24341,2790161,10735,1394293,12961,1322450,645,73418,9581,738955,14751,1184655,12346,1923610,California
San Diego,2021-05-02,10731,2800892,7541,1401834,2603,1325053,587,74005,3298,735734,7428,1192083,4207,1927817,California
San Diego,2021-05-03,25345,2826237,12488,1414322,11699,1336752,1158,75163,9373,731100,15948,1208031,11314,1939131,California
San Diego,2021-05-04,31905,2858142,17602,1431924,12975,1349727,1328,76491,11562,724763,20313,1228344,13976,1953107,California
San Diego,2021-05-05,27719,2885861,17041,1448965,9389,1359116,1289,77780,10613,720520,17085,1245429,12842,1965949,California
San Diego,2021-05-06,28348,2914209,18840,1467805,8594,1367710,914,78694,10839,717253,17479,1262908,14212,1980161,California
San Diego,2021-05-07,29554,2943763,19542,1487347,8962,1376672,1050,79744,11051,712071,18465,1281373,13283,1993444,California
San Diego,2021-05-08,22631,2966394,10741,1498088,11177,1387849,713,80457,7310,706150,15298,1296671,9377,2002821,California
San Diego,2021-05-09,7494,2973888,5678,1503766,1407,1389256,409,80866,2614,704713,4873,1301544,3436,2006257,California
San Diego,2021-05-10,21676,2995564,8459,1512225,12403,1401659,814,81680,5979,697072,15665,1317209,8024,2014281,California
San Diego,2021-05-11,27624,3023188,11222,1523447,15625,1417284,777,82457,9601,691033,17996,1335205,11957,2026238,California
San Diego,2021-05-12,21934,3045122,11677,1535124,9469,1426753,788,83245,8021,686952,13888,1349093,9807,2036045,California
San Diego,2021-05-13,29642,3074764,17693,1552817,11339,1438092,610,83855,12312,685047,17277,1366370,15372,2051417,California
San Diego,2021-05-14,30733,3105497,19694,1572511,10192,1448284,847,84702,14029,685301,16668,1383038,16922,2068339,California
San Diego,2021-05-15,26158,3131655,16498,1589009,8838,1457122,822,85524,10939,682804,15167,1398205,12670,2081009,California
San Diego,2021-05-16,12984,3144639,9710,1598719,2698,1459820,576,86100,6495,683760,6478,1404683,7434,2088443,California
San Diego,2021-05-17,21443,3166082,13033,1611752,7659,1467479,751,86851,9447,682842,11960,1416643,11042,2099485,California
San Diego,2021-05-18,34239,3200321,19395,1631147,13968,1481447,876,87727,13927,678785,20277,1436920,16220,2115705,California
San Diego,2021-05-19,28463,3228784,17931,1649078,9725,1491172,807,88534,12329,676894,16105,1453025,14214,2129919,California
San Diego,2021-05-20,30504,3259288,16318,1665396,13422,1504594,764,89298,10276,668986,20196,1473221,12288,2142207,California
San Diego,2021-05-21,22669,3281957,14309,1679705,7448,1512042,912,90210,9315,666854,13325,1486546,11193,2153400,California
San Diego,2021-05-22,17319,3299276,9586,1689291,6665,1518707,1068,91278,7386,666244,9916,1496462,9306,2162706,California
San Diego,2021-05-23,4667,3303943,3535,1692826,862,1519569,270,91548,2509,667076,2153,1498615,2985,2165691,California
San Diego,2021-05-24,17471,3321414,8851,1701677,6734,1526303,1886,93434,6449,665226,11006,1509621,9156,2174847,California
San Diego,2021-05-25,23726,3345140,12903,1714580,9008,1535311,1815,95249,8559,661563,15135,1524756,11472,2186319,California
San Diego,2021-05-26,9660,3354800,5002,1719582,2923,1538234,1735,96984,2749,659609,6901,1531657,4947,2191266,California
San Francisco,2020-12-15,7,7,7,7,0,0,0,0,7,7,0,0,7,7,California
San Francisco,2020-12-16,230,237,230,237,0,0,0,0,230,237,0,0,230,237,California
San Francisco,2020-12-17,394,631,394,631,0,0,0,0,394,631,0,0,394,631,California
San Francisco,2020-12-18,879,1510,878,1509,1,1,0,0,879,1510,0,0,879,1510,California
San Francisco,2020-12-19,603,2113,603,2112,0,1,0,0,603,2113,0,0,603,2113,California
San Francisco,2020-12-20,483,2596,483,2595,0,1,0,0,483,2596,0,0,483,2596,California
San Francisco,2020-12-21,1162,3758,1162,3757,0,1,0,0,1162,3758,0,0,1162,3758,California
San Francisco,2020-12-22,1404,5162,1370,5127,34,35,0,0,1404,5162,0,0,1404,5162,California
San Francisco,2020-12-23,1351,6513,1056,6183,295,330,0,0,1351,6513,0,0,1351,6513,California
San Francisco,2020-12-24,842,7355,504,6687,338,668,0,0,842,7355,0,0,842,7355,California
San Francisco,2020-12-25,34,7389,29,6716,5,673,0,0,34,7389,0,0,34,7389,California
San Francisco,2020-12-26,247,7636,152,6868,95,768,0,0,247,7636,0,0,247,7636,California
San Francisco,2020-12-27,274,7910,60,6928,214,982,0,0,274,7910,0,0,274,7910,California
San Francisco,2020-12-28,1273,9183,689,7617,584,1566,0,0,1273,9183,0,0,1273,9183,California
San Francisco,2020-12-29,1253,10436,628,8245,625,2191,0,0,1253,10436,0,0,1253,10436,California
San Francisco,2020-12-30,1489,11925,780,9025,709,2900,0,0,1489,11925,0,0,1489,11925,California
San Francisco,2020-12-31,964,12889,410,9435,554,3454,0,0,963,12888,0,0,963,12888,California
San Francisco,2021-01-01,92,12981,72,9507,20,3474,0,0,92,12980,0,0,92,12980,California
San Francisco,2021-01-02,336,13317,303,9810,33,3507,0,0,336,13316,0,0,336,13316,California
San Francisco,2021-01-03,298,13615,105,9915,193,3700,0,0,297,13612,1,1,297,13613,California
San Francisco,2021-01-04,1839,15454,1355,11270,484,4184,0,0,1836,15445,3,4,1836,15449,California
San Francisco,2021-01-05,2235,17689,1420,12690,815,4999,0,0,2200,17612,35,39,2202,17651,California
San Francisco,2021-01-06,1872,19561,1160,13850,712,5711,0,0,1608,18959,262,301,1609,19260,California
San Francisco,2021-01-07,2067,21628,1207,15057,860,6571,0,0,1607,20109,457,758,1607,20867,California
San Francisco,2021-01-08,2333,23961,1637,16694,696,7267,0,0,1494,20769,834,1592,1494,22361,California
San Francisco,2021-01-09,1389,25350,894,17588,495,7762,0,0,884,21150,505,2097,886,23247,California
San Francisco,2021-01-10,919,26269,541,18129,378,8140,0,0,460,21152,458,2555,460,23707,California
San Francisco,2021-01-11,2504,28773,1869,19998,635,8775,0,0,1403,21453,1102,3657,1403,25110,California
San Francisco,2021-01-12,3093,31866,2071,22069,1022,9797,0,0,1898,22158,1195,4852,1900,27010,California
San Francisco,2021-01-13,2832,34698,1617,23686,1215,11012,0,0,1999,23324,833,5685,1999,29009,California
San Francisco,2021-01-14,2445,37143,1103,24789,1342,12354,0,0,1884,24647,561,6246,1884,30893,California
San Francisco,2021-01-15,2748,39891,1148,25937,1600,13954,0,0,2357,26617,389,6635,2359,33252,California
San Francisco,2021-01-16,2258,42149,965,26902,1293,15247,0,0,2091,28542,167,6802,2092,35344,California
San Francisco,2021-01-17,1925,44074,532,27434,1393,16640,0,0,1709,30035,216,7018,1709,37053,California
San Francisco,2021-01-18,1380,45454,595,28029,785,17425,0,0,1114,30885,265,7283,1115,38168,California
San Francisco,2021-01-19,2581,48035,1476,29505,1105,18530,0,0,1830,31964,751,8034,1830,39998,California
San Francisco,2021-01-20,2760,50795,1129,30634,1631,20161,0,0,2007,33222,750,8784,2008,42006,California
San Francisco,2021-01-21,3322,54117,946,31580,2376,22537,0,0,2486,34874,834,9618,2486,44492,California
San Francisco,2021-01-22,3190,57307,644,32224,2546,25083,0,0,2748,37182,440,10058,2748,47240,California
San Francisco,2021-01-23,3093,60400,611,32835,2482,27565,0,0,2725,39541,367,10425,2726,49966,California
San Francisco,2021-01-24,2430,62830,364,33199,2066,29631,0,0,2199,41512,228,10653,2199,52165,California
San Francisco,2021-01-25,4636,67466,1833,35032,2803,32434,0,0,3048,42975,1586,12239,3049,55214,California
San Francisco,2021-01-26,4708,72174,2172,37204,2536,34970,0,0,3079,44430,1626,13865,3081,58295,California
San Francisco,2021-01-27,4359,76533,2001,39205,2358,37328,0,0,3073,46219,1284,15149,3073,61368,California
San Francisco,2021-01-28,3759,80292,1554,40759,2205,39533,0,0,2598,47661,1156,16305,2598,63966,California
San Francisco,2021-01-29,4722,85014,1681,42440,3041,42574,0,0,3449,49844,1266,17571,3449,67415,California
San Francisco,2021-01-30,3783,88797,1845,44285,1938,44512,0,0,3329,52724,453,18024,3333,70748,California
San Francisco,2021-01-31,2352,91149,825,45110,1527,46039,0,0,2201,54776,150,18174,2202,72950,California
San Francisco,2021-02-01,3972,95121,1697,46807,2275,48314,0,0,2901,56607,1071,19245,2902,75852,California
San Francisco,2021-02-02,4487,99608,1795,48602,2692,51006,0,0,2893,57912,1588,20833,2893,78745,California
San Francisco,2021-02-03,5070,104678,2377,50979,2693,53699,0,0,3755,60355,1313,22146,3756,82501,California
San Francisco,2021-02-04,5024,109702,2427,53406,2597,56296,0,0,3862,63057,1160,23306,3862,86363,California
San Francisco,2021-02-05,5959,115661,3214,56620,2745,59041,0,0,4616,66333,1341,24647,4617,90980,California
San Francisco,2021-02-06,5491,121152,3670,60290,1821,60862,0,0,4591,70028,898,25545,4593,95573,California
San Francisco,2021-02-07,4342,125494,3193,63483,1149,62011,0,0,3766,73224,573,26118,3769,99342,California
San Francisco,2021-02-08,6735,132229,4641,68124,2094,64105,0,0,5513,77533,1206,27324,5515,104857,California
San Francisco,2021-02-09,5939,138168,3995,72119,1944,66049,0,0,4387,80360,1561,28885,4388,109245,California
San Francisco,2021-02-10,6885,145053,4190,76309,2695,68744,0,0,5078,83639,1802,30687,5081,114326,California
San Francisco,2021-02-11,6722,151775,3987,80296,2735,71479,0,0,4900,86723,1817,32504,4901,119227,California
San Francisco,2021-02-12,5330,157105,2674,82970,2656,74135,0,0,3495,88381,1837,34341,3495,122722,California
San Francisco,2021-02-13,4382,161487,2563,85533,1819,75954,0,0,3048,90097,1334,35675,3050,125772,California
San Francisco,2021-02-14,3428,164915,2249,87782,1179,77133,0,0,2299,91270,1128,36803,2301,128073,California
San Francisco,2021-02-15,2775,167690,1507,89289,1268,78401,0,0,1681,91859,1092,37895,1681,129754,California
San Francisco,2021-02-16,5065,172755,2791,92080,2274,80675,0,0,2973,92753,2085,39980,2979,132733,California
San Francisco,2021-02-17,5342,178097,2615,94695,2727,83402,0,0,2957,93336,2375,42355,2958,135691,California
San Francisco,2021-02-18,5368,183465,2626,97321,2742,86144,0,0,2786,93544,2581,44936,2789,138480,California
San Francisco,2021-02-19,5643,189108,2648,99969,2995,89139,0,0,2930,93769,2707,47643,2932,141412,California
San Francisco,2021-02-20,4527,193635,2180,102149,2347,91486,0,0,1699,92650,2819,50462,1700,143112,California
San Francisco,2021-02-21,2888,196523,1517,103666,1371,92857,0,0,1280,92331,1600,52062,1281,144393,California
San Francisco,2021-02-22,5121,201644,3190,106856,1931,94788,0,0,2578,92376,2535,54597,2580,146973,California
San Francisco,2021-02-23,5536,207180,3157,110013,2379,97167,0,0,2837,92520,2693,57290,2837,149810,California
San Francisco,2021-02-24,9031,216211,5120,115133,3911,101078,0,0,4829,93158,4192,61482,4830,154640,California
San Francisco,2021-02-25,9796,226007,6882,122015,2914,103992,0,0,6333,96033,3460,64942,6335,160975,California
San Francisco,2021-02-26,11979,237986,7779,129794,4200,108192,0,0,7097,98249,4882,69824,7098,168073,California
San Francisco,2021-02-27,9251,247237,5999,135793,3251,111443,1,1,4645,98303,4593,74417,4647,172720,California
San Francisco,2021-02-28,7765,255002,5581,141374,2184,113627,0,1,3860,98260,3904,78321,3861,176581,California
San Francisco,2021-03-01,11020,266022,7489,148863,3527,117154,4,5,5323,97917,5672,83993,5329,181910,California
San Francisco,2021-03-02,9964,275986,6727,155590,3237,120391,0,5,5648,99259,4307,88300,5649,187559,California
San Francisco,2021-03-03,11262,287248,6549,162139,4712,125103,1,6,6144,100302,5105,93405,6148,193707,California
San Francisco,2021-03-04,8745,295993,5506,167645,3239,128342,0,6,4928,101421,3809,97214,4928,198635,California
San Francisco,2021-03-05,9213,305206,5654,173299,3555,131897,4,10,5773,103771,3428,100642,5778,204413,California
San Francisco,2021-03-06,7117,312323,4658,177957,2250,134147,209,219,4441,105728,2690,103332,4647,209060,California
San Francisco,2021-03-07,5390,317713,4217,182174,1115,135262,58,277,3105,106593,2298,105630,3163,212223,California
San Francisco,2021-03-08,7469,325182,5473,187647,1810,137072,186,463,5895,111068,1606,107236,6081,218304,California
San Francisco,2021-03-09,8326,333508,5535,193182,2416,139488,375,838,6098,115302,2234,109470,6468,224772,California
San Francisco,2021-03-10,11133,344641,6601,199783,4032,143520,500,1338,7038,118769,4073,113543,7540,232312,California
San Francisco,2021-03-11,10086,354727,6387,206170,2734,146254,965,2303,6625,122909,3443,116986,7583,239895,California
San Francisco,2021-03-12,10868,365595,6355,212525,3171,149425,1342,3645,6053,125507,4793,121779,7391,247286,California
San Francisco,2021-03-13,6704,372299,3941,216466,1702,151127,1061,4706,4170,128213,2525,124304,5231,252517,California
San Francisco,2021-03-14,7578,379877,4929,221395,2405,153532,244,4950,3985,128862,3578,127882,4227,256744,California
San Francisco,2021-03-15,12090,391967,9250,230645,1895,155427,945,5895,8385,134490,3692,131574,9320,266064,California
San Francisco,2021-03-16,12223,404190,8336,238981,3427,158854,460,6355,8839,140426,3362,134936,9298,275362,California
San Francisco,2021-03-17,13350,417540,8286,247267,4503,163357,561,6916,9621,146904,3700,138636,10178,285540,California
San Francisco,2021-03-18,10087,427627,6863,254130,2601,165958,623,7539,5750,148959,4313,142949,6368,291908,California
San Francisco,2021-03-19,12408,440035,9074,263204,2866,168824,468,8007,6576,150194,5804,148753,7039,298947,California
San Francisco,2021-03-20,8889,448924,6545,269749,1880,170704,464,8471,5174,152150,3684,152437,5640,304587,California
San Francisco,2021-03-21,6614,455538,6057,275806,420,171124,137,8608,3735,153160,2861,155298,3871,308458,California
San Francisco,2021-03-22,9855,465393,6935,282741,2074,173198,846,9454,5114,154397,4716,160014,5953,314411,California
San Francisco,2021-03-23,11273,476666,7478,290219,3145,176343,650,10104,6314,156428,4929,164943,6960,321371,California
San Francisco,2021-03-24,12392,489058,9496,299715,2360,178703,536,10640,6282,157172,6068,171011,6812,328183,California
San Francisco,2021-03-25,11924,500982,8742,308457,2619,181322,563,11203,5891,157658,5964,176975,6450,334633,California
San Francisco,2021-03-26,12020,513002,8340,316797,3446,184768,234,11437,5897,157697,6090,183065,6129,340762,California
San Francisco,2021-03-27,8782,521784,5892,322689,2541,187309,349,11786,3760,156804,5001,188066,4108,344870,California
San Francisco,2021-03-28,6686,528470,5342,328031,1302,188611,42,11828,3003,156188,3658,191724,3042,347912,California
San Francisco,2021-03-29,11509,539979,7995,336026,3327,191938,187,12015,4858,154608,6623,198347,5043,352955,California
San Francisco,2021-03-30,11662,551641,7323,343349,4047,195985,292,12307,5521,154305,6116,204463,5813,358768,California
San Francisco,2021-03-31,12280,563921,8181,351530,3799,199784,300,12607,4958,152269,7288,211751,5252,364020,California
San Francisco,2021-04-01,13985,577906,7432,358962,4851,204635,1702,14309,6030,152068,7918,219669,7717,371737,California
San Francisco,2021-04-02,14858,592764,6560,365522,6412,211047,1886,16195,6953,153019,7883,227552,8834,380571,California
San Francisco,2021-04-03,10563,603327,4888,370410,3851,214898,1824,18019,4835,153961,5712,233264,6654,387225,California
San Francisco,2021-04-04,9044,612371,4791,375201,2595,217493,1658,19677,3570,153726,5460,238724,5225,392450,California
San Francisco,2021-04-05,16018,628389,9811,385012,4325,221818,1882,21559,6304,152220,9685,248409,8179,400629,California
San Francisco,2021-04-06,16037,644426,9504,394516,4466,226284,2067,23626,6214,150699,9797,258206,8276,408905,California
San Francisco,2021-04-07,16841,661267,10020,404536,4589,230873,2232,25858,6988,150079,9830,268036,9210,418115,California
San Francisco,2021-04-08,14168,675435,6739,411275,3018,233891,4411,30269,4613,149558,9523,277559,9002,427117,California
San Francisco,2021-04-09,15754,691189,7616,418891,4794,238685,3344,33613,6538,150240,9184,286743,9866,436983,California
San Francisco,2021-04-10,13263,704452,5683,424574,5844,244529,1736,35349,7066,152863,6171,292914,8794,445777,California
San Francisco,2021-04-11,9980,714432,7474,432048,1332,245861,1174,36523,5143,154351,4824,297738,6312,452089,California
San Francisco,2021-04-12,10591,725023,6877,438925,2565,248426,1149,37672,4843,154612,5726,303464,5987,458076,California
San Francisco,2021-04-13,10742,735765,7286,446211,3443,251869,13,37685,5394,154697,5326,308790,5411,463487,California
San Francisco,2021-04-14,13268,749033,7989,454200,5278,257147,1,37686,6379,154224,6853,315643,6380,469867,California
San Francisco,2021-04-15,13709,762742,9507,463707,4201,261348,1,37687,8052,156654,5626,321269,8056,477923,California
San Francisco,2021-04-16,12911,775653,8689,472396,4178,265526,44,37731,7621,159063,5260,326529,7669,485592,California
San Francisco,2021-04-17,10055,785708,7299,479695,2755,268281,1,37732,7088,163206,2950,329479,7093,492685,California
San Francisco,2021-04-18,6605,792313,5044,484739,1559,269840,2,37734,4086,164794,2502,331981,4090,496775,California
San Francisco,2021-04-19,10863,803176,8165,492904,2694,272534,4,37738,6987,167936,3859,335840,7001,503776,California
San Francisco,2021-04-20,12327,815503,7209,500113,5116,277650,2,37740,8502,172642,3799,339639,8505,512281,California
San Francisco,2021-04-21,10553,826056,7539,507652,3009,280659,5,37745,6430,174985,4096,343735,6439,518720,California
San Francisco,2021-04-22,10432,836488,7719,515371,2712,283371,1,37746,6020,176624,4388,348123,6027,524747,California
San Francisco,2021-04-23,10324,846812,5921,521292,4403,287774,0,37746,6133,178602,4162,352285,6140,530887,California
San Francisco,2021-04-24,7943,854755,5466,526758,2477,290251,0,37746,4704,180096,3218,355503,4712,535599,California
San Francisco,2021-04-25,5026,859781,4326,531084,694,290945,6,37752,2937,180968,2074,357577,2946,538545,California
San Francisco,2021-04-26,7936,867717,5619,536703,2305,293250,12,37764,3912,180905,3999,361576,3936,542481,California
San Francisco,2021-04-27,8440,876157,5699,542402,2613,295863,128,37892,4200,181027,4216,365792,4338,546819,California
San Francisco,2021-04-28,9244,885401,6518,548920,2535,298398,191,38083,4752,181514,4460,370252,4947,551766,California
San Francisco,2021-04-29,9102,894503,5384,554304,3525,301923,193,38276,4369,181380,4708,374960,4574,556340,California
San Francisco,2021-04-30,10865,905368,5182,559486,5483,307406,200,38476,3976,178710,6851,381811,4181,560521,California
San Francisco,2021-05-01,6929,912297,3582,563068,3233,310639,114,38590,1703,175328,5201,387012,1819,562340,California
San Francisco,2021-05-02,5317,917614,3086,566154,2133,312772,98,38688,973,172065,4337,391349,1074,563414,California
San Francisco,2021-05-03,9659,927273,6579,572733,2919,315691,161,38849,2461,167526,7168,398517,2629,566043,California
San Francisco,2021-05-04,9339,936612,5978,578711,3112,318803,249,39098,2289,163049,7020,405537,2543,568586,California
San Francisco,2021-05-05,8757,945369,6118,584829,2330,321133,309,39407,2147,158942,6567,412104,2460,571046,California
San Francisco,2021-05-06,10711,956080,8564,593393,1677,322810,470,39877,1856,152449,8822,420926,2329,573375,California
San Francisco,2021-05-07,10081,966161,6450,599843,3362,326172,269,40146,1633,145929,8422,429348,1902,575277,California
San Francisco,2021-05-08,8352,974513,3542,603385,4680,330852,130,40276,982,139703,7339,436687,1113,576390,California
San Francisco,2021-05-09,6686,981199,5827,609212,777,331629,82,40358,1219,135555,5443,442130,1295,577685,California
San Francisco,2021-05-10,6968,988167,4929,614141,1789,333418,250,40608,1043,130949,5898,448028,1292,578977,California
San Francisco,2021-05-11,7130,995297,5106,619247,1821,335239,203,40811,1375,126806,5722,453750,1579,580556,California
San Francisco,2021-05-12,7416,1002713,5328,624575,1654,336893,434,41245,1503,122852,5883,459633,1929,582485,California
San Francisco,2021-05-13,10358,1013071,7542,632117,2603,339496,213,41458,3830,120400,6501,466134,4049,586534,California
San Francisco,2021-05-14,9260,1022331,6563,638680,2527,342023,170,41628,2994,117337,6237,472371,3174,589708,California
San Francisco,2021-05-15,7777,1030108,6243,644923,1477,343500,57,41685,2999,115644,4761,477132,3068,592776,California
San Francisco,2021-05-16,4950,1035058,4170,649093,722,344222,58,41743,1837,114446,3093,480225,1895,594671,California
San Francisco,2021-05-17,7227,1042285,5383,654476,1678,345900,166,41909,2551,112509,4657,484882,2720,597391,California
San Francisco,2021-05-18,8633,1050918,4961,659437,3498,349398,174,42083,2030,108154,6560,491442,2205,599596,California
San Francisco,2021-05-19,7435,1058353,5524,664961,1680,351078,231,42314,2473,105922,4935,496377,2703,602299,California
San Francisco,2021-05-20,5325,1063678,3620,668581,1510,352588,195,42509,1544,103909,3749,500126,1736,604035,California
San Francisco,2021-05-21,6631,1070309,3753,672334,2729,355317,149,42658,1737,100939,4853,504979,1883,605918,California
San Francisco,2021-05-22,4337,1074646,3369,675703,921,356238,47,42705,2103,100873,2217,507196,2151,608069,California
San Francisco,2021-05-23,1536,1076182,1249,676952,255,356493,32,42737,784,100949,742,507938,818,608887,California
San Francisco,2021-05-24,4065,1080247,2870,679822,1028,357521,167,42904,1263,99601,2778,510716,1430,610317,California
San Francisco,2021-05-25,3710,1083957,2396,682218,1084,358605,230,43134,1147,98429,2544,513260,1372,611689,California
San Francisco,2021-05-26,2856,1086813,1830,684048,914,359519,112,43246,748,97200,2089,515349,860,612549,California
San Joaquin,2020-12-15,12,12,12,12,0,0,0,0,12,12,0,0,12,12,California
San Joaquin,2020-12-16,307,319,307,319,0,0,0,0,307,319,0,0,307,319,California
San Joaquin,2020-12-17,311,630,311,630,0,0,0,0,311,630,0,0,311,630,California
San Joaquin,2020-12-18,523,1153,519,1149,4,4,0,0,523,1153,0,0,523,1153,California
San Joaquin,2020-12-19,188,1341,188,1337,0,4,0,0,188,1341,0,0,188,1341,California
San Joaquin,2020-12-20,113,1454,112,1449,1,5,0,0,113,1454,0,0,113,1454,California
San Joaquin,2020-12-21,492,1946,492,1941,0,5,0,0,492,1946,0,0,492,1946,California
San Joaquin,2020-12-22,969,2915,849,2790,120,125,0,0,968,2914,0,0,968,2914,California
San Joaquin,2020-12-23,982,3897,923,3713,59,184,0,0,980,3894,0,0,980,3894,California
San Joaquin,2020-12-24,215,4112,187,3900,28,212,0,0,214,4108,0,0,214,4108,California
San Joaquin,2020-12-25,14,4126,14,3914,0,212,0,0,14,4122,0,0,14,4122,California
San Joaquin,2020-12-26,102,4228,30,3944,72,284,0,0,102,4224,0,0,102,4224,California
San Joaquin,2020-12-27,42,4270,29,3973,13,297,0,0,42,4266,0,0,42,4266,California
San Joaquin,2020-12-28,622,4892,420,4393,202,499,0,0,622,4888,0,0,622,4888,California
San Joaquin,2020-12-29,792,5684,665,5058,127,626,0,0,792,5680,0,0,792,5680,California
San Joaquin,2020-12-30,1009,6693,717,5775,292,918,0,0,1007,6687,0,0,1007,6687,California
San Joaquin,2020-12-31,452,7145,202,5977,250,1168,0,0,452,7139,0,0,452,7139,California
San Joaquin,2021-01-01,23,7168,13,5990,10,1178,0,0,23,7162,0,0,23,7162,California
San Joaquin,2021-01-02,265,7433,243,6233,22,1200,0,0,265,7427,0,0,265,7427,California
San Joaquin,2021-01-03,38,7471,20,6253,18,1218,0,0,37,7463,1,1,37,7464,California
San Joaquin,2021-01-04,476,7947,337,6590,139,1357,0,0,474,7936,1,2,474,7938,California
San Joaquin,2021-01-05,979,8926,646,7236,333,1690,0,0,809,8612,170,172,846,8784,California
San Joaquin,2021-01-06,1220,10146,707,7943,513,2203,0,0,917,9234,298,470,920,9704,California
San Joaquin,2021-01-07,1079,11225,682,8625,397,2600,0,0,790,9739,286,756,791,10495,California
San Joaquin,2021-01-08,1198,12423,820,9445,378,2978,0,0,713,9972,484,1240,717,11212,California
San Joaquin,2021-01-09,377,12800,300,9745,77,3055,0,0,248,10091,129,1369,248,11460,California
San Joaquin,2021-01-10,224,13024,118,9863,106,3161,0,0,171,10210,52,1421,171,11631,California
San Joaquin,2021-01-11,1529,14553,1322,11185,207,3368,0,0,863,10475,665,2086,930,12561,California
San Joaquin,2021-01-12,1463,16016,1053,12238,410,3778,0,0,694,10474,765,2851,764,13325,California
San Joaquin,2021-01-13,1530,17546,896,13134,634,4412,0,0,957,10865,571,3422,962,14287,California
San Joaquin,2021-01-14,1746,19292,969,14103,777,5189,0,0,1406,11968,319,3741,1422,15709,California
San Joaquin,2021-01-15,1526,20818,540,14643,986,6175,0,0,1302,13077,209,3950,1318,17027,California
San Joaquin,2021-01-16,1128,21946,179,14822,949,7124,0,0,1099,14148,28,3978,1099,18126,California
San Joaquin,2021-01-17,1618,23564,135,14957,1483,8607,0,0,1577,15686,41,4019,1579,19705,California
San Joaquin,2021-01-18,738,24302,237,15194,501,9108,0,0,618,16188,116,4135,618,20323,California
San Joaquin,2021-01-19,1871,26173,898,16092,973,10081,0,0,1189,16707,677,4812,1196,21519,California
San Joaquin,2021-01-20,2086,28259,1284,17376,802,10883,0,0,1440,17512,641,5453,1446,22965,California
San Joaquin,2021-01-21,1971,30230,894,18270,1077,11960,0,0,1575,18706,389,5842,1583,24548,California
San Joaquin,2021-01-22,1953,32183,896,19166,1057,13017,0,0,1811,20382,137,5979,1813,26361,California
San Joaquin,2021-01-23,899,33082,398,19564,501,13518,0,0,615,20716,283,6262,617,26978,California
San Joaquin,2021-01-24,351,33433,135,19699,216,13734,0,0,328,21024,20,6282,328,27306,California
San Joaquin,2021-01-25,1996,35429,1142,20841,854,14588,0,0,1431,21896,562,6844,1434,28740,California
San Joaquin,2021-01-26,2148,37577,1115,21956,1033,15621,0,0,1538,22834,605,7449,1543,30283,California
San Joaquin,2021-01-27,1729,39306,768,22724,961,16582,0,0,1233,23582,492,7941,1240,31523,California
San Joaquin,2021-01-28,2036,41342,767,23491,1269,17851,0,0,1384,24324,648,8589,1390,32913,California
San Joaquin,2021-01-29,2151,43493,1047,24538,1104,18955,0,0,1804,25795,341,8930,1812,34725,California
San Joaquin,2021-01-30,2168,45661,351,24889,1817,20772,0,0,1991,27613,175,9105,1993,36718,California
San Joaquin,2021-01-31,1559,47220,181,25070,1378,22150,0,0,1495,29046,63,9168,1496,38214,California
San Joaquin,2021-02-01,2522,49742,1338,26408,1184,23334,0,0,1766,30059,756,9924,1769,39983,California
San Joaquin,2021-02-02,2577,52319,1155,27563,1422,24756,0,0,1967,31479,551,10475,1971,41954,California
San Joaquin,2021-02-03,3075,55394,1214,28777,1861,26617,0,0,2210,32837,858,11333,2216,44170,California
San Joaquin,2021-02-04,3534,58928,1811,30588,1723,28340,0,0,2643,34600,886,12219,2649,46819,California
San Joaquin,2021-02-05,3162,62090,1801,32389,1361,29701,0,0,2341,36138,814,13033,2352,49171,California
San Joaquin,2021-02-06,1086,63176,748,33137,338,30039,0,0,943,36941,141,13174,944,50115,California
San Joaquin,2021-02-07,617,63793,488,33625,129,30168,0,0,413,37156,199,13373,414,50529,California
San Joaquin,2021-02-08,1784,65577,1034,34659,750,30918,0,0,1444,38289,317,13690,1450,51979,California
San Joaquin,2021-02-09,2116,67693,1152,35811,964,31882,0,0,1580,39405,466,14156,1582,53561,California
San Joaquin,2021-02-10,2557,70250,1246,37057,1311,33193,0,0,1339,39548,1196,15352,1339,54900,California
San Joaquin,2021-02-11,2909,73159,1482,38539,1427,34620,0,0,1697,40070,1180,16532,1702,56602,California
San Joaquin,2021-02-12,2815,75974,1127,39666,1688,36308,0,0,1593,40467,1201,17733,1598,58200,California
San Joaquin,2021-02-13,2116,78090,396,40062,1720,38028,0,0,854,40079,1248,18981,860,59060,California
San Joaquin,2021-02-14,1902,79992,260,40322,1642,39670,0,0,690,39586,1184,20165,691,59751,California
San Joaquin,2021-02-15,1985,81977,835,41157,1150,40820,0,0,1193,40022,762,20927,1198,60949,California
San Joaquin,2021-02-16,3155,85132,1372,42529,1783,42603,0,0,1744,40381,1396,22323,1755,62704,California
San Joaquin,2021-02-17,3274,88406,1265,43794,2009,44612,0,0,1865,40854,1396,23719,1869,64573,California
San Joaquin,2021-02-18,3332,91738,1370,45164,1962,46574,0,0,1898,41356,1401,25120,1903,66476,California
San Joaquin,2021-02-19,4260,95998,2407,47571,1853,48427,0,0,2384,41919,1821,26941,2384,68860,California
San Joaquin,2021-02-20,1549,97547,657,48228,892,49319,0,0,1055,42481,493,27434,1055,69915,California
San Joaquin,2021-02-21,662,98209,503,48731,159,49478,0,0,414,42653,245,27679,417,70332,California
San Joaquin,2021-02-22,3535,101744,2494,51225,1041,50519,0,0,2528,44207,978,28657,2532,72864,California
San Joaquin,2021-02-23,4299,106043,2615,53840,1684,52203,0,0,2646,45234,1623,30280,2650,75514,California
San Joaquin,2021-02-24,5735,111778,3409,57249,2326,54529,0,0,4122,47772,1587,31867,4125,79639,California
San Joaquin,2021-02-25,6324,118102,3909,61158,2415,56944,0,0,4078,49648,2212,34079,4088,83727,California
San Joaquin,2021-02-26,5461,123563,2843,64001,2618,59562,0,0,3758,51741,1671,35750,3764,87491,California
San Joaquin,2021-02-27,5452,129015,1617,65618,3835,63397,0,0,2625,51603,2775,38525,2637,90128,California
San Joaquin,2021-02-28,3082,132097,1106,66724,1976,65373,0,0,2035,52617,1023,39548,2037,92165,California
San Joaquin,2021-03-01,4101,136198,1802,68526,2297,67670,2,2,2326,53193,1759,41307,2335,94500,California
San Joaquin,2021-03-02,4200,140398,1678,70204,2522,70192,0,2,2640,54349,1539,42846,2695,97195,California
San Joaquin,2021-03-03,5772,146170,3428,73632,2342,72534,2,4,4164,56930,1584,44430,4165,101360,California
San Joaquin,2021-03-04,5707,151877,2266,75898,3438,75972,3,7,3731,58704,1961,46391,3735,105095,California
San Joaquin,2021-03-05,4433,156310,1880,77778,2548,78520,5,12,3053,60402,1364,47755,3062,108157,California
San Joaquin,2021-03-06,3294,159604,2170,79948,994,79514,130,142,2711,62667,579,48334,2844,111001,California
San Joaquin,2021-03-07,1216,160820,563,80511,606,80120,47,189,933,63367,265,48599,965,111966,California
San Joaquin,2021-03-08,3145,163965,1261,81772,1759,81879,125,314,2131,64620,1002,49601,2255,114221,California
San Joaquin,2021-03-09,4018,167983,1821,83593,2069,83948,128,442,2667,66083,1336,50937,2799,117020,California
San Joaquin,2021-03-10,4638,172621,2465,86058,2034,85982,139,581,3413,68425,1211,52148,3553,120573,California
San Joaquin,2021-03-11,4934,177555,2343,88401,1991,87973,600,1181,2933,69971,1991,54139,3537,124110,California
San Joaquin,2021-03-12,6275,183830,3133,91534,2807,90780,335,1516,4155,72374,2094,56233,4497,128607,California
San Joaquin,2021-03-13,3066,186896,1454,92988,1486,92266,126,1642,2288,74026,770,57003,2422,131029,California
San Joaquin,2021-03-14,2157,189053,669,93657,1185,93451,303,1945,1027,74237,1124,58127,1335,132364,California
San Joaquin,2021-03-15,6067,195120,3493,97150,2170,95621,404,2349,3174,74966,2862,60989,3591,135955,California
San Joaquin,2021-03-16,6843,201963,3895,101045,2691,98312,257,2606,4032,76471,2791,63780,4296,140251,California
San Joaquin,2021-03-17,7793,209756,4670,105715,3053,101365,70,2676,4334,77462,3422,67202,4413,144664,California
San Joaquin,2021-03-18,7632,217388,4487,110202,2639,104004,506,3182,3774,77933,3816,71018,4287,148951,California
San Joaquin,2021-03-19,7924,225312,4644,114846,2738,106742,542,3724,4801,80223,3100,74118,5390,154341,California
San Joaquin,2021-03-20,3677,228989,2125,116971,1308,108050,244,3968,1826,80469,1836,75954,2082,156423,California
San Joaquin,2021-03-21,2106,231095,1494,118465,405,108455,207,4175,1183,80990,913,76867,1434,157857,California
San Joaquin,2021-03-22,3962,235057,2029,120494,1517,109972,416,4591,2341,82145,1607,78474,2762,160619,California
San Joaquin,2021-03-23,5376,240433,2640,123134,2569,112541,167,4758,3709,84379,1649,80123,3883,164502,California
San Joaquin,2021-03-24,6828,247261,4237,127371,2504,115045,87,4845,3019,83716,3777,83900,3114,167616,California
San Joaquin,2021-03-25,5548,252809,3293,130664,2213,117258,42,4887,3290,84819,2236,86136,3339,170955,California
San Joaquin,2021-03-26,6161,258970,2555,133219,3456,120714,150,5037,3241,85334,2895,89031,3410,174365,California
San Joaquin,2021-03-27,4659,263629,2621,135840,1966,122680,72,5109,1810,84399,2826,91857,1891,176256,California
San Joaquin,2021-03-28,2720,266349,1805,137645,890,123570,25,5134,1292,84386,1409,93266,1396,177652,California
San Joaquin,2021-03-29,4035,270384,2177,139822,1835,125405,23,5157,2017,84439,2002,95268,2055,179707,California
San Joaquin,2021-03-30,6210,276594,3158,142980,2960,128365,92,5249,3424,85216,2760,98028,3537,183244,California
San Joaquin,2021-03-31,6582,283176,4147,147127,2374,130739,61,5310,3336,85407,3229,101257,3420,186664,California
San Joaquin,2021-04-01,6402,289578,2971,150098,3344,134083,87,5397,2827,84825,3552,104809,2970,189634,California
San Joaquin,2021-04-02,6327,295905,2878,152976,2958,137041,491,5888,2530,84106,3772,108581,3053,192687,California
San Joaquin,2021-04-03,4133,300038,2329,155305,1479,138520,325,6213,1993,84310,2123,110704,2327,195014,California
San Joaquin,2021-04-04,2278,302316,1363,156668,713,139233,202,6415,1545,85349,724,111428,1763,196777,California
San Joaquin,2021-04-05,4703,307019,2823,159491,1698,140931,182,6597,2633,86113,2061,113489,2825,199602,California
San Joaquin,2021-04-06,7030,314049,4519,164010,2247,143178,264,6861,3329,86046,3675,117164,3608,203210,California
San Joaquin,2021-04-07,8319,322368,4522,168532,2212,145390,1585,8446,3494,86331,4810,121974,5095,208305,California
San Joaquin,2021-04-08,8653,331021,4697,173229,1934,147324,2022,10468,3307,86340,5320,127294,5329,213634,California
San Joaquin,2021-04-09,8849,339870,4267,177496,3026,150350,1556,12024,3208,85506,5618,132912,4784,218418,California
San Joaquin,2021-04-10,5209,345079,1625,179121,1677,152027,1907,13931,1759,85728,3440,136352,3662,222080,California
San Joaquin,2021-04-11,4073,349152,1547,180668,1360,153387,1166,15097,1767,86360,2296,138648,2928,225008,California
San Joaquin,2021-04-12,5964,355116,2376,183044,2052,155439,1536,16633,2329,86614,3616,142264,3870,228878,California
San Joaquin,2021-04-13,7454,362570,4295,187339,3152,158591,7,16640,4569,88334,2864,145128,4584,233462,California
San Joaquin,2021-04-14,7443,370013,3718,191057,3725,162316,0,16640,4457,89832,2968,148096,4466,237928,California
San Joaquin,2021-04-15,7790,377803,4592,195649,3198,165514,0,16640,4352,90786,3404,151500,4358,242286,California
San Joaquin,2021-04-16,7625,385428,4071,199720,3551,169065,3,16643,4573,92347,3025,154525,4586,246872,California
San Joaquin,2021-04-17,5144,390572,2781,202501,2361,171426,2,16645,3652,94535,1482,156007,3670,250542,California
San Joaquin,2021-04-18,2461,393033,1363,203864,1098,172524,0,16645,1307,94711,1139,157146,1315,251857,California
San Joaquin,2021-04-19,5149,398182,2792,206656,2357,174881,0,16645,2758,95113,2366,159512,2768,254625,California
San Joaquin,2021-04-20,6218,404400,3273,209929,2945,177826,0,16645,2949,94830,3242,162754,2959,257584,California
San Joaquin,2021-04-21,5640,410040,3125,213054,2515,180341,0,16645,2919,95081,2675,165429,2926,260510,California
San Joaquin,2021-04-22,5282,415322,3125,216179,2156,182497,1,16646,3060,95963,2195,167624,3077,263587,California
San Joaquin,2021-04-23,5897,421219,2833,219012,3063,185560,1,16647,3749,97588,2130,169754,3755,267342,California
San Joaquin,2021-04-24,5230,426449,3605,222617,1624,187184,1,16648,3412,99212,1795,171549,3419,270761,California
San Joaquin,2021-04-25,3040,429489,2560,225177,480,187664,0,16648,2010,100219,1010,172559,2017,272778,California
San Joaquin,2021-04-26,3910,433399,2590,227767,1318,188982,2,16650,2054,100435,1844,174403,2060,274838,California
San Joaquin,2021-04-27,4494,437893,2602,230369,1843,190825,49,16699,1894,99806,2579,176982,1950,276788,California
San Joaquin,2021-04-28,5515,443408,3321,233690,2119,192944,75,16774,2719,99844,2764,179746,2802,279590,California
San Joaquin,2021-04-29,4816,448224,2815,236505,1945,194889,56,16830,2437,99983,2360,182106,2499,282089,California
San Joaquin,2021-04-30,4901,453125,2400,238905,2434,197323,67,16897,2521,100217,2362,184468,2596,284685,California
San Joaquin,2021-05-01,3303,456428,1900,240805,1344,198667,59,16956,2096,101184,1201,185669,2168,286853,California
San Joaquin,2021-05-02,2283,458711,1588,242393,639,199306,56,17012,1164,101292,1114,186783,1222,288075,California
San Joaquin,2021-05-03,3280,461991,2213,244606,992,200298,75,17087,1368,100842,1900,188683,1450,289525,California
San Joaquin,2021-05-04,4826,466817,3286,247892,1386,201684,154,17241,1777,99754,3029,191712,1941,291466,California
San Joaquin,2021-05-05,4564,471381,3014,250906,1388,203072,162,17403,1804,98989,2738,194450,1973,293439,California
San Joaquin,2021-05-06,4614,475995,3081,253987,1405,204477,128,17531,2035,98600,2562,197012,2173,295612,California
San Joaquin,2021-05-07,5053,481048,2922,256909,1979,206456,152,17683,1871,97472,3160,200172,2032,297644,California
San Joaquin,2021-05-08,3257,484305,2095,259004,1061,207517,101,17784,1204,96747,2038,202210,1313,298957,California
San Joaquin,2021-05-09,1472,485777,835,259839,567,208084,70,17854,592,96537,877,203087,667,299624,California
San Joaquin,2021-05-10,2776,488553,1463,261302,1190,209274,123,17977,912,95728,1850,204937,1041,300665,California
San Joaquin,2021-05-11,4061,492614,2153,263455,1794,211068,114,18091,1300,94422,2747,207684,1441,302106,California
San Joaquin,2021-05-12,3962,496576,1840,265295,2009,213077,113,18204,1234,93068,2714,210398,1360,303466,California
San Joaquin,2021-05-13,4208,500784,2400,267695,1723,214800,85,18289,1572,92114,2623,213021,1669,305135,California
San Joaquin,2021-05-14,5568,506352,3311,271006,2149,216949,108,18397,2299,91284,3245,216266,2415,307550,California
San Joaquin,2021-05-15,5093,511445,3048,274054,1967,218916,78,18475,1610,89521,3454,219720,1691,309241,California
San Joaquin,2021-05-16,3533,514978,2761,276815,723,219639,49,18524,1429,88916,2091,221811,1486,310727,California
San Joaquin,2021-05-17,3843,518821,2237,279052,1509,221148,97,18621,1775,88746,2053,223864,1883,312610,California
San Joaquin,2021-05-18,3864,522685,2232,281284,1519,222667,113,18734,1854,88721,1993,225857,1968,314578,California
San Joaquin,2021-05-19,4587,527272,2657,283941,1799,224466,131,18865,2043,88389,2515,228372,2183,316761,California
San Joaquin,2021-05-20,3440,530712,2155,286096,1202,225668,83,18948,1592,88233,1831,230203,1675,318436,California
San Joaquin,2021-05-21,3971,534683,2303,288399,1564,227232,104,19052,1800,88000,2146,232349,1913,320349,California
San Joaquin,2021-05-22,3301,537984,2065,290464,1159,228391,77,19129,1567,87929,1723,234072,1652,322001,California
San Joaquin,2021-05-23,2006,539990,1728,292192,247,228638,31,19160,1274,88509,726,234798,1306,323307,California
San Joaquin,2021-05-24,2632,542622,1525,293717,1022,229660,85,19245,1300,88585,1316,236114,1392,324699,California
San Joaquin,2021-05-25,1869,544491,1208,294925,584,230244,77,19322,847,88500,1010,237124,925,325624,California
San Joaquin,2021-05-26,175,544666,90,295015,70,230314,15,19337,77,88496,98,237222,94,325718,California
San Luis Obispo,2020-12-16,4,4,4,4,0,0,0,0,4,4,0,0,4,4,California
San Luis Obispo,2020-12-17,196,200,196,200,0,0,0,0,196,200,0,0,196,200,California
San Luis Obispo,2020-12-18,224,424,224,424,0,0,0,0,224,424,0,0,224,424,California
San Luis Obispo,2020-12-19,162,586,162,586,0,0,0,0,162,586,0,0,162,586,California
San Luis Obispo,2020-12-20,215,801,215,801,0,0,0,0,215,801,0,0,215,801,California
San Luis Obispo,2020-12-21,550,1351,549,1350,1,1,0,0,550,1351,0,0,550,1351,California
San Luis Obispo,2020-12-22,311,1662,307,1657,4,5,0,0,311,1662,0,0,311,1662,California
San Luis Obispo,2020-12-23,680,2342,366,2023,314,319,0,0,680,2342,0,0,680,2342,California
San Luis Obispo,2020-12-24,195,2537,19,2042,176,495,0,0,195,2537,0,0,195,2537,California
San Luis Obispo,2020-12-25,2,2539,1,2043,1,496,0,0,2,2539,0,0,2,2539,California
San Luis Obispo,2020-12-26,90,2629,12,2055,78,574,0,0,90,2629,0,0,90,2629,California
San Luis Obispo,2020-12-27,76,2705,0,2055,76,650,0,0,76,2705,0,0,76,2705,California
San Luis Obispo,2020-12-28,879,3584,429,2484,450,1100,0,0,879,3584,0,0,879,3584,California
San Luis Obispo,2020-12-29,903,4487,504,2988,399,1499,0,0,903,4487,0,0,903,4487,California
San Luis Obispo,2020-12-30,1170,5657,679,3667,491,1990,0,0,1170,5657,0,0,1170,5657,California
San Luis Obispo,2020-12-31,107,5764,4,3671,103,2093,0,0,107,5764,0,0,107,5764,California
San Luis Obispo,2021-01-01,13,5777,8,3679,5,2098,0,0,13,5777,0,0,13,5777,California
San Luis Obispo,2021-01-02,34,5811,8,3687,26,2124,0,0,34,5811,0,0,34,5811,California
San Luis Obispo,2021-01-03,16,5827,6,3693,10,2134,0,0,16,5827,0,0,16,5827,California
San Luis Obispo,2021-01-04,681,6508,525,4218,156,2290,0,0,681,6508,0,0,681,6508,California
San Luis Obispo,2021-01-05,972,7480,754,4972,218,2508,0,0,970,7476,2,2,970,7478,California
San Luis Obispo,2021-01-06,727,8207,480,5452,247,2755,0,0,719,8188,7,9,719,8197,California
San Luis Obispo,2021-01-07,1127,9334,949,6401,178,2933,0,0,684,8429,443,452,684,8881,California
San Luis Obispo,2021-01-08,882,10216,804,7205,78,3011,0,0,513,8574,368,820,513,9394,California
San Luis Obispo,2021-01-09,205,10421,195,7400,10,3021,0,0,28,8425,177,997,28,9422,California
San Luis Obispo,2021-01-10,12,10433,8,7408,4,3025,0,0,8,8429,4,1001,8,9430,California
San Luis Obispo,2021-01-11,559,10992,508,7916,51,3076,0,0,298,8467,260,1261,298,9728,California
San Luis Obispo,2021-01-12,598,11590,381,8297,217,3293,0,0,318,8505,280,1541,318,10046,California
San Luis Obispo,2021-01-13,884,12474,256,8553,628,3921,0,0,648,8919,234,1775,648,10694,California
San Luis Obispo,2021-01-14,728,13202,242,8795,486,4407,0,0,602,9408,113,1888,602,11296,California
San Luis Obispo,2021-01-15,727,13929,286,9081,441,4848,0,0,554,9794,168,2056,554,11850,California
San Luis Obispo,2021-01-16,100,14029,81,9162,19,4867,0,0,95,9884,5,2061,95,11945,California
San Luis Obispo,2021-01-17,64,14093,58,9220,6,4873,0,0,64,9948,0,2061,64,12009,California
San Luis Obispo,2021-01-18,1371,15464,388,9608,983,5856,0,0,1108,10793,263,2324,1108,13117,California
San Luis Obispo,2021-01-19,1583,17047,417,10025,1166,7022,0,0,1175,11560,408,2732,1175,14292,California
San Luis Obispo,2021-01-20,1887,18934,598,10623,1289,8311,0,0,1297,12270,588,3320,1298,15590,California
San Luis Obispo,2021-01-21,1572,20506,467,11090,1105,9416,0,0,1200,13103,368,3688,1201,16791,California
San Luis Obispo,2021-01-22,1519,22025,505,11595,1014,10430,0,0,1204,13994,313,4001,1204,17995,California
San Luis Obispo,2021-01-23,311,22336,293,11888,18,10448,0,0,295,14273,16,4017,295,18290,California
San Luis Obispo,2021-01-24,244,22580,236,12124,8,10456,0,0,238,14505,6,4023,238,18528,California
San Luis Obispo,2021-01-25,2075,24655,600,12724,1475,11931,0,0,1246,14922,829,4852,1246,19774,California
San Luis Obispo,2021-01-26,2000,26655,699,13423,1301,13232,0,0,1139,15200,861,5713,1139,20913,California
San Luis Obispo,2021-01-27,1609,28264,283,13706,1326,14558,0,0,1151,15893,458,6171,1151,22064,California
San Luis Obispo,2021-01-28,1496,29760,344,14050,1152,15710,0,0,1234,16867,260,6431,1234,23298,California
San Luis Obispo,2021-01-29,1737,31497,681,14731,1056,16766,0,0,1452,18034,285,6716,1452,24750,California
San Luis Obispo,2021-01-30,38,31535,19,14750,19,16785,0,0,26,18049,11,6727,26,24776,California
San Luis Obispo,2021-01-31,27,31562,19,14769,8,16793,0,0,25,18072,2,6729,25,24801,California
San Luis Obispo,2021-02-01,1707,33269,739,15508,968,17761,0,0,1404,19174,302,7031,1404,26205,California
San Luis Obispo,2021-02-02,1897,35166,679,16187,1218,18979,0,0,1522,20321,375,7406,1522,27727,California
San Luis Obispo,2021-02-03,1708,36874,729,16916,979,19958,0,0,1294,21201,414,7820,1294,29021,California
San Luis Obispo,2021-02-04,1659,38533,802,17718,857,20815,0,0,1093,21728,566,8386,1093,30114,California
San Luis Obispo,2021-02-05,1604,40137,715,18433,889,21704,0,0,1060,22244,545,8931,1061,31175,California
San Luis Obispo,2021-02-06,175,40312,108,18541,67,21771,0,0,95,22259,80,9011,95,31270,California
San Luis Obispo,2021-02-07,125,40437,80,18621,45,21816,0,0,72,22279,53,9064,73,31343,California
San Luis Obispo,2021-02-08,857,41294,469,19090,388,22204,0,0,499,22421,357,9421,499,31842,California
San Luis Obispo,2021-02-09,1123,42417,448,19538,675,22879,0,0,542,22395,575,9996,549,32391,California
San Luis Obispo,2021-02-10,1438,43855,489,20027,949,23828,0,0,530,22021,907,10903,533,32924,California
San Luis Obispo,2021-02-11,1330,45185,843,20870,487,24315,0,0,656,22005,672,11575,656,33580,California
San Luis Obispo,2021-02-12,786,45971,362,21232,424,24739,0,0,421,22061,365,11940,421,34001,California
San Luis Obispo,2021-02-13,394,46365,127,21359,267,25006,0,0,286,22240,107,12047,286,34287,California
San Luis Obispo,2021-02-14,318,46683,41,21400,277,25283,0,0,282,22487,36,12083,283,34570,California
San Luis Obispo,2021-02-15,727,47410,137,21537,590,25873,0,0,473,22707,253,12336,473,35043,California
San Luis Obispo,2021-02-16,2965,50375,1198,22735,1767,27640,0,0,1359,22460,1606,13942,1359,36402,California
San Luis Obispo,2021-02-17,2779,53154,1238,23973,1541,29181,0,0,1029,21748,1741,15683,1029,37431,California
San Luis Obispo,2021-02-18,2827,55981,1460,25433,1367,30548,0,0,1134,21198,1685,17368,1135,38566,California
San Luis Obispo,2021-02-19,1459,57440,1338,26771,121,30669,0,0,1135,22010,323,17691,1135,39701,California
San Luis Obispo,2021-02-20,254,57694,81,26852,173,30842,0,0,216,22188,38,17729,216,39917,California
San Luis Obispo,2021-02-21,57,57751,53,26905,4,30846,0,0,32,22195,25,17754,32,39949,California
San Luis Obispo,2021-02-22,2412,60163,1865,28770,547,31393,0,0,1466,22716,946,18700,1467,41416,California
San Luis Obispo,2021-02-23,1861,62024,1746,30516,115,31508,0,0,1367,23591,493,19193,1368,42784,California
San Luis Obispo,2021-02-24,2645,64669,1301,31817,1344,32852,0,0,835,22619,1807,21000,835,43619,California
San Luis Obispo,2021-02-25,2132,66801,1243,33060,889,33741,0,0,1206,22906,920,21920,1207,44826,California
San Luis Obispo,2021-02-26,2649,69450,1150,34210,1499,35240,0,0,1326,22918,1314,23234,1326,46152,California
San Luis Obispo,2021-02-27,575,70025,349,34559,226,35466,0,0,525,23393,50,23284,525,46677,California
San Luis Obispo,2021-02-28,196,70221,69,34628,127,35593,0,0,161,23520,34,23318,161,46838,California
San Luis Obispo,2021-03-01,2975,73196,1850,36478,1123,36716,2,2,2047,24641,929,24247,2050,48888,California
San Luis Obispo,2021-03-02,3026,76222,1909,38387,1117,37833,0,2,1874,25369,1147,25394,1875,50763,California
San Luis Obispo,2021-03-03,2341,78563,338,38725,2003,39836,0,2,848,24731,1487,26881,849,51612,California
San Luis Obispo,2021-03-04,2196,80759,1160,39885,1036,40872,0,2,1181,24901,1013,27894,1183,52795,California
San Luis Obispo,2021-03-05,2300,83059,1021,40906,1209,42081,70,72,1296,25277,990,28884,1366,54161,California
San Luis Obispo,2021-03-06,837,83896,310,41216,420,42501,107,179,617,25775,220,29104,718,54879,California
San Luis Obispo,2021-03-07,201,84097,33,41249,84,42585,84,263,73,25805,127,29231,157,55036,California
San Luis Obispo,2021-03-08,2737,86834,760,42009,1661,44246,316,579,1542,26472,1191,30422,1858,56894,California
San Luis Obispo,2021-03-09,2949,89783,968,42977,1733,45979,248,827,1525,26825,1420,31842,1773,58667,California
San Luis Obispo,2021-03-10,3195,92978,1241,44218,1672,47651,282,1109,1814,27544,1377,33219,2096,60763,California
San Luis Obispo,2021-03-11,3295,96273,1271,45489,1701,49352,323,1432,1804,28189,1481,34700,2126,62889,California
San Luis Obispo,2021-03-12,3250,99523,1282,46771,1630,50982,338,1770,1616,28520,1626,36326,1957,64846,California
San Luis Obispo,2021-03-13,797,100320,262,47033,426,51408,109,1879,431,28697,365,36691,542,65388,California
San Luis Obispo,2021-03-14,514,100834,53,47086,350,51758,111,1990,134,28563,379,37070,245,65633,California
San Luis Obispo,2021-03-15,3058,103892,1098,48184,1862,53620,98,2088,1529,28666,1525,38595,1628,67261,California
San Luis Obispo,2021-03-16,2848,106740,1510,49694,1228,54848,110,2198,1434,28801,1408,40003,1543,68804,California
San Luis Obispo,2021-03-17,3427,110167,1449,51143,1717,56565,261,2459,1980,29605,1436,41439,2240,71044,California
San Luis Obispo,2021-03-18,2810,112977,1447,52590,1149,57714,214,2673,1337,29687,1468,42907,1550,72594,California
San Luis Obispo,2021-03-19,2589,115566,1567,54157,701,58415,321,2994,957,29343,1624,44531,1280,73874,California
San Luis Obispo,2021-03-20,839,116405,501,54658,301,58716,37,3031,385,29312,453,44984,422,74296,California
San Luis Obispo,2021-03-21,187,116592,45,54703,139,58855,3,3034,157,29443,29,45013,160,74456,California
San Luis Obispo,2021-03-22,2691,119283,1171,55874,1472,60327,48,3082,1871,30546,816,45829,1919,76375,California
San Luis Obispo,2021-03-23,3377,122660,2211,58085,1135,61462,31,3113,2266,31737,1106,46935,2297,78672,California
San Luis Obispo,2021-03-24,3522,126182,2143,60228,1294,62756,85,3198,2623,33550,894,47829,2707,81379,California
San Luis Obispo,2021-03-25,3682,129864,2299,62527,1371,64127,12,3210,2636,35155,1042,48871,2647,84026,California
San Luis Obispo,2021-03-26,3202,133066,1772,64299,997,65124,433,3643,1796,35986,1401,50272,2232,86258,California
San Luis Obispo,2021-03-27,993,134059,507,64806,394,65518,92,3735,452,35991,539,50811,544,86802,California
San Luis Obispo,2021-03-28,446,134505,153,64959,237,65755,56,3791,245,36092,200,51011,301,87103,California
San Luis Obispo,2021-03-29,2587,137092,1286,66245,1168,66923,133,3924,1648,36948,925,51936,1781,88884,California
San Luis Obispo,2021-03-30,3504,140596,1913,68158,1448,68371,143,4067,2330,38251,1168,53104,2471,91355,California
San Luis Obispo,2021-03-31,3877,144473,2467,70625,1264,69635,146,4213,2501,39531,1366,54470,2646,94001,California
San Luis Obispo,2021-04-01,3849,148322,2429,73054,1301,70936,119,4332,2693,41201,1143,55613,2813,96814,California
San Luis Obispo,2021-04-02,1750,150072,689,73743,748,71684,313,4645,950,41664,798,56411,1261,98075,California
San Luis Obispo,2021-04-03,1109,151181,557,74300,425,72109,127,4772,492,41670,613,57024,619,98694,California
San Luis Obispo,2021-04-04,383,151564,131,74431,212,72321,40,4812,236,41799,147,57171,276,98970,California
San Luis Obispo,2021-04-05,3617,155181,1949,76380,1557,73878,111,4923,2025,42349,1589,58760,2139,101109,California
San Luis Obispo,2021-04-06,4050,159231,2154,78534,1573,75451,323,5246,1937,42516,2104,60864,2271,103380,California
San Luis Obispo,2021-04-07,4297,163528,2342,80876,1590,77041,365,5611,2452,43506,1830,62694,2820,106200,California
San Luis Obispo,2021-04-08,4031,167559,2193,83069,1435,78476,403,6014,2148,44183,1876,64570,2553,108753,California
San Luis Obispo,2021-04-09,3661,171220,1743,84812,1162,79638,756,6770,1504,44291,2147,66717,2255,111008,California
San Luis Obispo,2021-04-10,1577,172797,558,85370,355,79993,664,7434,488,44352,1089,67806,1150,112158,California
San Luis Obispo,2021-04-11,312,173109,63,85433,186,80179,63,7497,125,44355,185,67991,188,112346,California
San Luis Obispo,2021-04-12,3374,176483,1696,87129,1515,81694,163,7660,1410,43963,1964,69955,1572,113918,California
San Luis Obispo,2021-04-13,3642,180125,2099,89228,1542,83236,1,7661,1966,44257,1674,71629,1968,115886,California
San Luis Obispo,2021-04-14,2867,182992,1695,90923,1169,84405,3,7664,1669,44740,1186,72815,1669,117555,California
San Luis Obispo,2021-04-15,3697,186689,2407,93330,1289,85694,1,7665,1978,45019,1701,74516,1980,119535,California
San Luis Obispo,2021-04-16,3629,190318,2211,95541,1414,87108,4,7669,1791,44978,1834,76350,1793,121328,California
San Luis Obispo,2021-04-17,1090,191408,431,95972,657,87765,2,7671,708,45307,381,76731,710,122038,California
San Luis Obispo,2021-04-18,321,191729,99,96071,221,87986,1,7672,111,45211,207,76938,111,122149,California
San Luis Obispo,2021-04-19,3154,194883,1306,97377,1810,89796,38,7710,1131,44363,2019,78957,1171,123320,California
San Luis Obispo,2021-04-20,3571,198454,1977,99354,1594,91390,0,7710,1353,43511,2206,81163,1354,124674,California
San Luis Obispo,2021-04-21,3911,202365,1801,101155,2110,93500,0,7710,1593,42805,2299,83462,1593,126267,California
San Luis Obispo,2021-04-22,4576,206941,2054,103209,2522,96022,0,7710,1436,41120,3123,86585,1438,127705,California
San Luis Obispo,2021-04-23,1459,208400,842,104051,613,96635,4,7714,699,41074,756,87341,710,128415,California
San Luis Obispo,2021-04-24,1078,209478,439,104490,620,97255,19,7733,500,41012,581,87922,519,128934,California
San Luis Obispo,2021-04-25,346,209824,161,104651,185,97440,0,7733,113,40893,232,88154,113,129047,California
San Luis Obispo,2021-04-26,963,210787,336,104987,610,98050,17,7750,356,40670,595,88749,372,129419,California
San Luis Obispo,2021-04-27,3699,214486,1916,106903,1714,99764,69,7819,1430,39906,2262,91011,1498,130917,California
San Luis Obispo,2021-04-28,3729,218215,2089,108992,1568,101332,72,7891,1282,38826,2434,93445,1354,132271,California
San Luis Obispo,2021-04-29,3660,221875,2112,111104,1479,102811,69,7960,1214,37678,2432,95877,1284,133555,California
San Luis Obispo,2021-04-30,2971,224846,1667,112771,1231,104042,73,8033,929,36651,2027,97904,1000,134555,California
San Luis Obispo,2021-05-01,471,225317,160,112931,275,104317,36,8069,100,36419,367,98271,135,134690,California
San Luis Obispo,2021-05-02,170,225487,52,112983,98,104415,20,8089,42,36353,128,98399,62,134752,California
San Luis Obispo,2021-05-03,887,226374,290,113273,494,104909,103,8192,225,36018,661,99060,326,135078,California
San Luis Obispo,2021-05-04,2923,229297,1897,115170,963,105872,63,8255,865,34893,2051,101111,926,136004,California
San Luis Obispo,2021-05-05,2803,232100,1850,117020,887,106759,66,8321,691,33550,2101,103212,758,136762,California
San Luis Obispo,2021-05-06,2787,234887,1886,118906,849,107608,52,8373,730,32290,2042,105254,782,137544,California
San Luis Obispo,2021-05-07,2310,237197,1753,120659,496,108104,61,8434,608,31278,1682,106936,670,138214,California
San Luis Obispo,2021-05-08,566,237763,333,120992,209,108313,24,8458,191,31136,357,107293,215,138429,California
San Luis Obispo,2021-05-09,164,237927,41,121033,104,108417,19,8477,46,31084,117,107410,65,138494,California
San Luis Obispo,2021-05-10,720,238647,151,121184,521,108938,48,8525,154,30724,561,107971,201,138695,California
San Luis Obispo,2021-05-11,1165,239812,596,121780,499,109437,70,8595,359,30351,802,108773,429,139124,California
San Luis Obispo,2021-05-12,2364,242176,1576,123356,706,110143,82,8677,675,29434,1674,110447,757,139881,California
San Luis Obispo,2021-05-13,1038,243214,650,124006,329,110472,59,8736,445,29348,589,111036,503,140384,California
San Luis Obispo,2021-05-14,2190,245404,1618,125624,531,111003,41,8777,921,29058,1252,112288,962,141346,California
San Luis Obispo,2021-05-15,990,246394,459,126083,497,111500,34,8811,471,29047,517,112805,506,141852,California
San Luis Obispo,2021-05-16,305,246699,163,126246,136,111636,6,8817,172,29093,132,112937,178,142030,California
San Luis Obispo,2021-05-17,1657,248356,963,127209,642,112278,52,8869,668,28834,980,113917,721,142751,California
San Luis Obispo,2021-05-18,1888,250244,1150,128359,706,112984,32,8901,730,28444,1153,115070,763,143514,California
San Luis Obispo,2021-05-19,1444,251688,623,128982,759,113743,62,8963,418,27902,1021,116091,479,143993,California
San Luis Obispo,2021-05-20,969,252657,442,129424,496,114239,31,8994,272,27518,687,116778,303,144296,California
San Luis Obispo,2021-05-21,852,253509,487,129911,331,114570,34,9028,403,27515,440,117218,437,144733,California
San Luis Obispo,2021-05-22,530,254039,281,130192,224,114794,25,9053,283,27582,240,117458,307,145040,California
San Luis Obispo,2021-05-23,73,254112,42,130234,27,114821,4,9057,33,27579,40,117498,37,145077,California
San Luis Obispo,2021-05-24,562,254674,261,130495,266,115087,35,9092,220,27494,340,117838,255,145332,California
San Luis Obispo,2021-05-25,842,255516,422,130917,398,115485,22,9114,352,27384,484,118322,374,145706,California
San Luis Obispo,2021-05-26,1332,256848,559,131476,760,116245,13,9127,330,26727,1000,119322,343,146049,California
San Mateo,2020-12-15,26,26,26,26,0,0,0,0,26,26,0,0,26,26,California
San Mateo,2020-12-16,110,136,110,136,0,0,0,0,110,136,0,0,110,136,California
San Mateo,2020-12-17,164,300,164,300,0,0,0,0,164,300,0,0,164,300,California
San Mateo,2020-12-18,741,1041,739,1039,2,2,0,0,741,1041,0,0,741,1041,California
San Mateo,2020-12-19,514,1555,514,1553,0,2,0,0,514,1555,0,0,514,1555,California
San Mateo,2020-12-20,510,2065,509,2062,1,3,0,0,510,2065,0,0,510,2065,California
San Mateo,2020-12-21,1158,3223,1158,3220,0,3,0,0,1158,3223,0,0,1158,3223,California
San Mateo,2020-12-22,1530,4753,1522,4742,8,11,0,0,1530,4753,0,0,1530,4753,California
San Mateo,2020-12-23,1584,6337,1394,6136,190,201,0,0,1584,6337,0,0,1584,6337,California
San Mateo,2020-12-24,871,7208,614,6750,257,458,0,0,871,7208,0,0,871,7208,California
San Mateo,2020-12-25,116,7324,112,6862,4,462,0,0,116,7324,0,0,116,7324,California
San Mateo,2020-12-26,562,7886,419,7281,143,605,0,0,562,7886,0,0,562,7886,California
San Mateo,2020-12-27,305,8191,175,7456,130,735,0,0,305,8191,0,0,305,8191,California
San Mateo,2020-12-28,1057,9248,711,8167,346,1081,0,0,1057,9248,0,0,1057,9248,California
San Mateo,2020-12-29,1130,10378,705,8872,425,1506,0,0,1130,10378,0,0,1130,10378,California
San Mateo,2020-12-30,1264,11642,759,9631,505,2011,0,0,1264,11642,0,0,1264,11642,California
San Mateo,2020-12-31,718,12360,231,9862,487,2498,0,0,717,12358,1,1,717,12359,California
San Mateo,2021-01-01,84,12444,56,9918,28,2526,0,0,84,12442,0,1,84,12443,California
San Mateo,2021-01-02,398,12842,268,10186,130,2656,0,0,398,12840,0,1,398,12841,California
San Mateo,2021-01-03,284,13126,209,10395,75,2731,0,0,281,13118,3,4,281,13122,California
San Mateo,2021-01-04,1051,14177,678,11073,373,3104,0,0,1051,14169,0,4,1051,14173,California
San Mateo,2021-01-05,1206,15383,710,11783,496,3600,0,0,1177,15318,29,33,1178,15351,California
San Mateo,2021-01-06,1453,16836,954,12737,499,4099,0,0,1269,16407,181,214,1270,16621,California
San Mateo,2021-01-07,1457,18293,810,13547,647,4746,0,0,1168,17294,282,496,1169,17790,California
San Mateo,2021-01-08,1845,20138,1194,14741,651,5397,0,0,1148,17753,690,1186,1149,18939,California
San Mateo,2021-01-09,1178,21316,776,15517,402,5799,0,0,720,18015,458,1644,720,19659,California
San Mateo,2021-01-10,706,22022,580,16097,126,5925,0,0,266,17841,440,2084,266,19925,California
San Mateo,2021-01-11,2599,24621,1491,17588,1108,7033,0,0,1527,18297,1073,3157,1529,21454,California
San Mateo,2021-01-12,3404,28025,1896,19484,1508,8541,0,0,2215,19329,1187,4344,2219,23673,California
San Mateo,2021-01-13,3390,31415,1656,21140,1734,10275,0,0,2356,20653,1034,5378,2358,26031,California
San Mateo,2021-01-14,3782,35197,1587,22727,2195,12470,0,0,3095,23066,687,6065,3100,29131,California
San Mateo,2021-01-15,4326,39523,1708,24435,2618,15088,0,0,3795,26334,529,6594,3797,32928,California
San Mateo,2021-01-16,3073,42596,764,25199,2309,17397,0,0,2751,28764,322,6916,2752,35680,California
San Mateo,2021-01-17,1315,43911,308,25507,1007,18404,0,0,1107,29663,208,7124,1107,36787,California
San Mateo,2021-01-18,1372,45283,538,26045,834,19238,0,0,994,30282,375,7499,994,37781,California
San Mateo,2021-01-19,2803,48086,1798,27843,1005,20243,0,0,2006,31494,794,8293,2006,39787,California
San Mateo,2021-01-20,2804,50890,1547,29390,1257,21500,0,0,1960,32614,841,9134,1961,41748,California
San Mateo,2021-01-21,2859,53749,1302,30692,1557,23057,0,0,2266,34292,591,9725,2269,44017,California
San Mateo,2021-01-22,2802,56551,1138,31830,1664,24721,0,0,2502,36497,298,10023,2503,46520,California
San Mateo,2021-01-23,2881,59432,1689,33519,1192,25913,0,0,2518,38653,363,10386,2519,49039,California
San Mateo,2021-01-24,1519,60951,375,33894,1144,27057,0,0,1208,39552,310,10696,1209,50248,California
San Mateo,2021-01-25,4434,65385,3155,37049,1279,28336,0,0,3533,42190,899,11595,3537,53785,California
San Mateo,2021-01-26,4296,69681,2982,40031,1314,29650,0,0,3378,44652,917,12512,3379,57164,California
San Mateo,2021-01-27,2784,72465,1466,41497,1318,30968,0,0,1792,45459,986,13498,1793,58957,California
San Mateo,2021-01-28,2800,75265,1355,42852,1445,32413,0,0,1947,46568,838,14336,1947,60904,California
San Mateo,2021-01-29,2988,78253,1346,44198,1642,34055,0,0,2150,47885,836,15172,2153,63057,California
San Mateo,2021-01-30,3410,81663,1482,45680,1928,35983,0,0,2951,50379,458,15630,2952,66009,California
San Mateo,2021-01-31,1679,83342,896,46576,783,36766,0,0,1517,51735,161,15791,1517,67526,California
San Mateo,2021-02-01,2938,86280,1354,47930,1584,38350,0,0,2221,53244,713,16504,2222,69748,California
San Mateo,2021-02-02,3172,89452,1731,49661,1441,39791,0,0,2158,54391,1011,17515,2158,71906,California
San Mateo,2021-02-03,4995,94447,2059,51720,2936,42727,0,0,3850,57100,1142,18657,3851,75757,California
San Mateo,2021-02-04,6197,100644,2494,54214,3703,46430,0,0,4920,60752,1272,19929,4924,80681,California
San Mateo,2021-02-05,6800,107444,2554,56768,4246,50676,0,0,4973,63915,1810,21739,4973,85654,California
San Mateo,2021-02-06,3279,110723,1914,58682,1365,52041,0,0,2624,65887,654,22393,2626,88280,California
San Mateo,2021-02-07,1905,112628,1352,60034,553,52594,0,0,1713,67408,192,22585,1713,89993,California
San Mateo,2021-02-08,5287,117915,2255,62289,3032,55626,0,0,3111,68408,2111,24696,3111,93104,California
San Mateo,2021-02-09,6188,124103,3226,65515,2962,58588,0,0,3340,68906,2842,27538,3340,96444,California
San Mateo,2021-02-10,6512,130615,3279,68794,3233,61821,0,0,3424,69253,3077,30615,3424,99868,California
San Mateo,2021-02-11,7048,137663,3574,72368,3474,65295,0,0,3789,69795,3250,33865,3792,103660,California
San Mateo,2021-02-12,6629,144292,2958,75326,3671,68966,0,0,4700,72570,1927,35792,4702,108362,California
San Mateo,2021-02-13,6118,150410,4019,79345,2099,71065,0,0,2640,71737,3473,39265,2640,111002,California
San Mateo,2021-02-14,4642,155052,3024,82369,1618,72683,0,0,1985,71073,2650,41915,1986,112988,California
San Mateo,2021-02-15,3166,158218,1456,83825,1710,74393,0,0,1790,71494,1370,43285,1791,114779,California
San Mateo,2021-02-16,7150,165368,1882,85707,5268,79661,0,0,5277,74902,1871,45156,5279,120058,California
San Mateo,2021-02-17,7079,172447,1951,87658,5128,84789,0,0,5062,77953,2013,47169,5064,125122,California
San Mateo,2021-02-18,6662,179109,4598,92256,2064,86853,0,0,4436,80170,2222,49391,4439,129561,California
San Mateo,2021-02-19,7779,186888,5585,97841,2194,89047,0,0,5778,83954,1994,51385,5778,135339,California
San Mateo,2021-02-20,3736,190624,2422,100263,1314,90361,0,0,2306,84837,1423,52808,2306,137645,California
San Mateo,2021-02-21,2610,193234,1770,102033,840,91201,0,0,1563,85360,1040,53848,1563,139208,California
San Mateo,2021-02-22,4430,197664,3213,105246,1217,92418,0,0,2799,86535,1625,55473,2800,142008,California
San Mateo,2021-02-23,4348,202012,3106,108352,1242,93660,0,0,2539,87273,1801,57274,2539,144547,California
San Mateo,2021-02-24,7310,209322,3286,111638,4024,97684,0,0,4881,89733,2422,59696,4882,149429,California
San Mateo,2021-02-25,9113,218435,4029,115667,5084,102768,0,0,6034,92706,3062,62758,6035,155464,California
San Mateo,2021-02-26,9775,228210,3723,119390,6052,108820,0,0,6849,96647,2912,65670,6853,162317,California
San Mateo,2021-02-27,6791,235001,3498,122888,3292,112112,1,1,3683,97234,3102,68772,3689,166006,California
San Mateo,2021-02-28,4134,239135,2519,125407,1615,113727,0,1,2556,98219,1572,70344,2557,168563,California
San Mateo,2021-03-01,5744,244879,3621,129028,2121,115848,2,3,2864,98218,2867,73211,2866,171429,California
San Mateo,2021-03-02,6265,251144,4455,133483,1809,117657,1,4,3635,99233,2622,75833,3637,175066,California
San Mateo,2021-03-03,8459,259603,3986,137469,4471,122128,2,6,3656,98100,4791,80624,3658,178724,California
San Mateo,2021-03-04,8498,268101,3999,141468,4496,126624,3,9,3843,97313,4635,85259,3848,182572,California
San Mateo,2021-03-05,9353,277454,6240,147708,3109,129733,4,13,6575,101137,2758,88017,6582,189154,California
San Mateo,2021-03-06,7963,285417,5551,153259,2237,131970,175,188,5845,105047,2109,90126,6019,195173,California
San Mateo,2021-03-07,3603,289020,2447,155706,1088,133058,68,256,2132,105780,1467,91593,2200,197373,California
San Mateo,2021-03-08,4543,293563,2578,158284,1748,134806,217,473,3318,108095,1218,92811,3533,200906,California
San Mateo,2021-03-09,5330,298893,2868,161152,2185,136991,277,750,3741,110530,1579,94390,4014,204920,California
San Mateo,2021-03-10,7195,306088,2911,164063,3999,140990,285,1035,4810,113252,2372,96762,5094,210014,California
San Mateo,2021-03-11,9145,315233,5754,169817,2998,143988,393,1428,3728,111986,5386,102148,4120,214134,California
San Mateo,2021-03-12,10596,325829,6683,176500,3527,147515,386,1814,3582,108960,6996,109144,3970,218104,California
San Mateo,2021-03-13,8211,334040,3507,180007,3073,150588,1631,3445,3977,110338,4222,113366,5600,223704,California
San Mateo,2021-03-14,5002,339042,3374,183381,1521,152109,107,3552,2667,110783,2328,115694,2773,226477,California
San Mateo,2021-03-15,7214,346256,4664,188045,2374,154483,176,3728,3803,111358,3405,119099,3980,230457,California
San Mateo,2021-03-16,11953,358209,4402,192447,7429,161912,122,3850,4830,109207,7106,126205,4955,235412,California
San Mateo,2021-03-17,10867,369076,4430,196877,6310,168222,127,3977,4907,108312,5933,132138,5038,240450,California
San Mateo,2021-03-18,7306,376382,4107,200984,3016,171238,183,4160,4337,109868,2963,135101,4519,244969,California
San Mateo,2021-03-19,7475,383857,4840,205824,1968,173206,667,4827,3652,110374,3813,138914,4319,249288,California
San Mateo,2021-03-20,8419,392276,6532,212356,1546,174752,341,5168,5430,113168,2976,141890,5770,255058,California
San Mateo,2021-03-21,4249,396525,3218,215574,797,175549,234,5402,2379,113919,1859,143749,2610,257668,California
San Mateo,2021-03-22,5284,401809,3603,219177,1264,176813,417,5819,2837,114740,2434,146183,3255,260923,California
San Mateo,2021-03-23,9839,411648,4503,223680,5140,181953,196,6015,4421,113968,5388,151571,4616,265539,California
San Mateo,2021-03-24,9523,421171,5516,229196,3864,185817,143,6158,4096,112849,5356,156927,4237,269776,California
San Mateo,2021-03-25,10134,431305,4974,234170,4880,190697,280,6438,4453,112007,5578,162505,4736,274512,California
San Mateo,2021-03-26,11284,442589,7777,241947,3341,194038,166,6604,4354,109644,6891,169396,4528,279040,California
San Mateo,2021-03-27,10577,453166,8101,250048,2370,196408,106,6710,4672,108533,5886,175282,4775,283815,California
San Mateo,2021-03-28,4305,457471,2793,252841,1400,197808,112,6822,2016,108383,2279,177561,2129,285944,California
San Mateo,2021-03-29,6068,463539,3787,256628,2029,199837,252,7074,2761,108109,3288,180849,3014,288958,California
San Mateo,2021-03-30,7161,470700,4092,260720,2916,202753,153,7227,3844,108806,3301,184150,3998,292956,California
San Mateo,2021-03-31,7307,478007,4626,265346,2539,205292,142,7369,3859,109378,3430,187580,4002,296958,California
San Mateo,2021-04-01,10610,488617,5242,270588,4159,209451,1209,8578,5693,111405,4871,192451,6898,303856,California
San Mateo,2021-04-02,10889,499506,5220,275808,4055,213506,1614,10192,5707,113565,5162,197613,7322,311178,California
San Mateo,2021-04-03,10001,509507,5750,281558,2472,215978,1779,11971,5116,115583,4877,202490,6895,318073,California
San Mateo,2021-04-04,5452,514959,2626,284184,1572,217550,1254,13225,1707,114813,3730,206220,2960,321033,California
San Mateo,2021-04-05,8991,523950,4798,288982,2457,220007,1736,14961,3839,115248,5136,211356,5571,326604,California
San Mateo,2021-04-06,13216,537166,8249,297231,3109,223116,1858,16819,7516,118940,5687,217043,9379,335983,California
San Mateo,2021-04-07,11425,548591,5277,302508,4457,227573,1691,18510,4848,118920,6556,223599,6536,342519,California
San Mateo,2021-04-08,10165,558756,5062,307570,2504,230077,2599,21109,4510,120381,5638,229237,7099,349618,California
San Mateo,2021-04-09,11296,570052,5496,313066,3324,233401,2476,23585,5059,121682,6235,235472,7536,357154,California
San Mateo,2021-04-10,11219,581271,5694,318760,4087,237488,1438,25023,4634,121193,6559,242031,6070,363224,California
San Mateo,2021-04-11,6622,587893,3290,322050,873,238361,2459,27482,2300,121633,4314,246345,4754,367978,California
San Mateo,2021-04-12,7311,595204,4467,326517,1883,240244,961,28443,3528,122360,3762,250107,4489,372467,California
San Mateo,2021-04-13,8158,603362,5088,331605,3061,243305,9,28452,4315,122851,3835,253942,4326,376793,California
San Mateo,2021-04-14,8310,611672,5369,336974,2940,246245,1,28453,4253,123072,4040,257982,4261,381054,California
San Mateo,2021-04-15,11100,622772,7378,344352,3720,249965,2,28455,7259,126518,3816,261798,7262,388316,California
San Mateo,2021-04-16,9975,632747,6870,351222,3089,253054,16,28471,6322,129226,3635,265433,6343,394659,California
San Mateo,2021-04-17,9760,642507,6476,357698,3282,256336,2,28473,6162,131807,3588,269021,6169,400828,California
San Mateo,2021-04-18,5429,647936,2593,360291,2836,259172,0,28473,3659,133712,1760,270781,3665,404493,California
San Mateo,2021-04-19,8382,656318,5451,365742,2931,262103,0,28473,5449,136249,2921,273702,5458,409951,California
San Mateo,2021-04-20,10309,666627,5741,371483,4567,266670,1,28474,6635,139242,3653,277355,6646,416597,California
San Mateo,2021-04-21,9008,675635,6083,377566,2925,269595,0,28474,5564,141383,3429,280784,5570,422167,California
San Mateo,2021-04-22,9591,685226,6409,383975,3181,272776,1,28475,5324,142476,4236,285020,5329,427496,California
San Mateo,2021-04-23,9452,694678,6210,390185,3242,276018,0,28475,5299,143662,4128,289148,5314,432810,California
San Mateo,2021-04-24,11265,705943,8033,398218,3232,279250,0,28475,5809,144043,5436,294584,5817,438627,California
San Mateo,2021-04-25,5531,711474,3864,402082,1665,280915,2,28477,3930,146396,1588,296172,3941,442568,California
San Mateo,2021-04-26,6324,717798,4622,406704,1694,282609,8,28485,3645,147393,2667,298839,3664,446232,California
San Mateo,2021-04-27,11003,728801,7826,414530,3071,285680,106,28591,4436,145403,6537,305376,4547,450779,California
San Mateo,2021-04-28,7676,736477,4432,418962,3040,288720,204,28795,4018,145979,3650,309026,4226,455005,California
San Mateo,2021-04-29,7927,744404,3716,422678,4037,292757,174,28969,3509,145283,4391,313417,3695,458700,California
San Mateo,2021-04-30,8077,752481,5067,427745,2856,295613,154,29123,3412,144220,4643,318060,3580,462280,California
San Mateo,2021-05-01,6151,758632,4124,431869,1909,297522,118,29241,2661,143535,3475,321535,2790,465070,California
San Mateo,2021-05-02,3177,761809,1741,433610,1365,298887,71,29312,1147,142735,2022,323557,1222,466292,California
San Mateo,2021-05-03,5983,767792,4464,438074,1375,300262,144,29456,1846,140596,4129,327686,1990,468282,California
San Mateo,2021-05-04,7232,775024,4897,442971,2164,302426,171,29627,2464,138485,4758,332444,2647,470929,California
San Mateo,2021-05-05,6800,781824,4427,447398,2212,304638,161,29788,2377,136630,4395,336839,2540,473469,California
San Mateo,2021-05-06,8520,790344,6645,454043,1700,306338,175,29963,1736,131780,6765,343604,1915,475384,California
San Mateo,2021-05-07,8186,798530,5853,459896,2048,308386,285,30248,1832,127580,6328,349932,2128,477512,California
San Mateo,2021-05-08,6645,805175,4023,463919,2383,310769,239,30487,1832,124855,4801,354733,2076,479588,California
San Mateo,2021-05-09,3115,808290,2429,466348,612,311381,74,30561,1058,123937,2050,356783,1132,480720,California
San Mateo,2021-05-10,4614,812904,3316,469664,1128,312509,170,30731,767,121044,3838,360621,945,481665,California
San Mateo,2021-05-11,6488,819392,4858,474522,1517,314026,113,30844,1661,118007,4812,365433,1775,483440,California
San Mateo,2021-05-12,6399,825791,4612,479134,1597,315623,190,31034,1533,114876,4857,370290,1726,485166,California
San Mateo,2021-05-13,8924,834715,6680,485814,2158,317781,86,31120,3283,112644,5610,375900,3378,488544,California
San Mateo,2021-05-14,8330,843045,6145,491959,2074,319855,111,31231,2700,109845,5617,381517,2818,491362,California
San Mateo,2021-05-15,10361,853406,8070,500029,2190,322045,101,31332,4525,108671,5822,387339,4648,496010,California
San Mateo,2021-05-16,7095,860501,5036,505065,1990,324035,69,31401,2138,105940,4939,392278,2208,498218,California
San Mateo,2021-05-17,7035,867536,4976,510041,1950,325985,109,31510,2209,103449,4812,397090,2321,500539,California
San Mateo,2021-05-18,8437,875973,5810,515851,2529,328514,98,31608,3165,101569,5147,402237,3267,503806,California
San Mateo,2021-05-19,7574,883547,5588,521439,1865,330379,121,31729,3444,101053,4082,406319,3566,507372,California
San Mateo,2021-05-20,4760,888307,3059,524498,1610,331989,91,31820,2029,100460,2712,409031,2119,509491,California
San Mateo,2021-05-21,6097,894404,4324,528822,1675,333664,98,31918,1765,98005,4316,413347,1861,511352,California
San Mateo,2021-05-22,5366,899770,3752,532574,1576,335240,38,31956,2185,97063,3166,416513,2224,513576,California
San Mateo,2021-05-23,2399,902169,1406,533980,937,336177,56,32012,969,96664,1424,417937,1025,514601,California
San Mateo,2021-05-24,3259,905428,2091,536071,1026,337203,142,32154,1053,95671,2186,420123,1193,515794,California
San Mateo,2021-05-25,4535,909963,2855,538926,1525,338728,155,32309,1612,94538,2902,423025,1769,517563,California
San Mateo,2021-05-26,3830,913793,1954,540880,1834,340562,42,32351,1037,92834,2783,425808,1079,518642,California
Santa Barbara,2020-12-15,2,2,2,2,0,0,0,0,2,2,0,0,2,2,California
Santa Barbara,2020-12-16,2,4,2,4,0,0,0,0,2,4,0,0,2,4,California
Santa Barbara,2020-12-17,56,60,56,60,0,0,0,0,56,60,0,0,56,60,California
Santa Barbara,2020-12-18,379,439,378,438,1,1,0,0,379,439,0,0,379,439,California
Santa Barbara,2020-12-19,325,764,325,763,0,1,0,0,325,764,0,0,325,764,California
Santa Barbara,2020-12-20,235,999,235,998,0,1,0,0,235,999,0,0,235,999,California
Santa Barbara,2020-12-21,653,1652,651,1649,2,3,0,0,653,1652,0,0,653,1652,California
Santa Barbara,2020-12-22,245,1897,243,1892,2,5,0,0,245,1897,0,0,245,1897,California
Santa Barbara,2020-12-23,322,2219,204,2096,118,123,0,0,322,2219,0,0,322,2219,California
Santa Barbara,2020-12-24,88,2307,40,2136,48,171,0,0,88,2307,0,0,88,2307,California
Santa Barbara,2020-12-26,326,2633,66,2202,260,431,0,0,326,2633,0,0,326,2633,California
Santa Barbara,2020-12-27,62,2695,1,2203,61,492,0,0,62,2695,0,0,62,2695,California
Santa Barbara,2020-12-28,356,3051,223,2426,133,625,0,0,356,3051,0,0,356,3051,California
Santa Barbara,2020-12-29,553,3604,358,2784,195,820,0,0,553,3604,0,0,553,3604,California
Santa Barbara,2020-12-30,578,4182,395,3179,183,1003,0,0,578,4182,0,0,578,4182,California
Santa Barbara,2020-12-31,240,4422,114,3293,126,1129,0,0,240,4422,0,0,240,4422,California
Santa Barbara,2021-01-01,115,4537,110,3403,5,1134,0,0,115,4537,0,0,115,4537,California
Santa Barbara,2021-01-02,588,5125,223,3626,365,1499,0,0,588,5125,0,0,588,5125,California
Santa Barbara,2021-01-03,23,5148,15,3641,8,1507,0,0,23,5148,0,0,23,5148,California
Santa Barbara,2021-01-04,305,5453,242,3883,63,1570,0,0,304,5452,0,0,304,5452,California
Santa Barbara,2021-01-05,751,6204,378,4261,373,1943,0,0,724,6149,27,27,724,6176,California
Santa Barbara,2021-01-06,656,6860,276,4537,380,2323,0,0,595,6684,60,87,595,6771,California
Santa Barbara,2021-01-07,1033,7893,710,5247,323,2646,0,0,528,6711,501,588,528,7299,California
Santa Barbara,2021-01-08,1205,9098,845,6092,360,3006,0,0,711,6928,494,1082,711,8010,California
Santa Barbara,2021-01-09,566,9664,293,6385,273,3279,0,0,320,7002,246,1328,320,8330,California
Santa Barbara,2021-01-10,62,9726,50,6435,12,3291,0,0,46,7032,16,1344,46,8376,California
Santa Barbara,2021-01-11,839,10565,670,7105,169,3460,0,0,615,7424,223,1567,615,8991,California
Santa Barbara,2021-01-12,1434,11999,640,7745,794,4254,0,0,1278,8546,156,1723,1278,10269,California
Santa Barbara,2021-01-13,1220,13219,271,8016,949,5203,0,0,1093,9512,127,1850,1093,11362,California
Santa Barbara,2021-01-14,1253,14472,135,8151,1118,6321,0,0,1198,10657,54,1904,1199,12561,California
Santa Barbara,2021-01-15,1800,16272,419,8570,1381,7702,0,0,1719,12296,80,1984,1719,14280,California
Santa Barbara,2021-01-16,1270,17542,200,8770,1070,8772,0,0,1231,13489,38,2022,1231,15511,California
Santa Barbara,2021-01-17,123,17665,20,8790,103,8875,0,0,120,13606,3,2025,120,15631,California
Santa Barbara,2021-01-18,1152,18817,418,9208,734,9609,0,0,967,14388,185,2210,967,16598,California
Santa Barbara,2021-01-19,1639,20456,570,9778,1069,10678,0,0,1361,15472,277,2487,1361,17959,California
Santa Barbara,2021-01-20,2096,22552,545,10323,1551,12229,0,0,1741,16859,354,2841,1741,19700,California
Santa Barbara,2021-01-21,3182,25734,1910,12233,1272,13501,0,0,3023,19724,159,3000,3024,22724,California
Santa Barbara,2021-01-22,2926,28660,1772,14005,1154,14655,0,0,2762,22326,161,3161,2763,25487,California
Santa Barbara,2021-01-23,1734,30394,1106,15111,628,15283,0,0,1225,23043,508,3669,1225,26712,California
Santa Barbara,2021-01-24,843,31237,751,15862,92,15375,0,0,834,23868,9,3678,834,27546,California
Santa Barbara,2021-01-25,1242,32479,498,16360,744,16119,0,0,1005,24636,237,3915,1005,28551,California
Santa Barbara,2021-01-26,2045,34524,463,16823,1582,17701,0,0,1661,25915,382,4297,1661,30212,California
Santa Barbara,2021-01-27,1163,35687,400,17223,763,18464,0,0,901,26557,261,4558,903,31115,California
Santa Barbara,2021-01-28,892,36579,295,17518,597,19061,0,0,678,27024,211,4769,678,31793,California
Santa Barbara,2021-01-29,1333,37912,536,18054,797,19858,0,0,979,27654,351,5120,981,32774,California
Santa Barbara,2021-01-30,1892,39804,1420,19474,472,20330,0,0,1487,28739,402,5522,1487,34261,California
Santa Barbara,2021-01-31,1453,41257,1215,20689,238,20568,0,0,1414,30114,39,5561,1414,35675,California
Santa Barbara,2021-02-01,953,42210,529,21218,424,20992,0,0,556,30273,397,5958,556,36231,California
Santa Barbara,2021-02-02,1808,44018,679,21897,1129,22121,0,0,1044,30556,761,6719,1044,37275,California
Santa Barbara,2021-02-03,1940,45958,1077,22974,863,22984,0,0,1500,31626,430,7149,1500,38775,California
Santa Barbara,2021-02-04,2779,48737,1865,24839,914,23898,0,0,2482,33817,291,7440,2482,41257,California
Santa Barbara,2021-02-05,2900,51637,2057,26896,843,24741,0,0,2259,35437,639,8079,2259,43516,California
Santa Barbara,2021-02-06,1204,52841,339,27235,865,25606,0,0,794,35821,410,8489,794,44310,California
Santa Barbara,2021-02-07,301,53142,263,27498,38,25644,0,0,266,36053,34,8523,266,44576,California
Santa Barbara,2021-02-08,955,54097,311,27809,644,26288,0,0,665,36428,290,8813,665,45241,California
Santa Barbara,2021-02-09,2438,56535,313,28122,2125,28413,0,0,1119,36237,1310,10123,1119,46360,California
Santa Barbara,2021-02-10,2763,59298,1496,29618,1267,29680,0,0,780,35041,1976,12099,780,47140,California
Santa Barbara,2021-02-11,4187,63485,2808,32426,1379,31059,0,0,623,32110,3554,15653,623,47763,California
Santa Barbara,2021-02-12,3308,66793,948,33374,2360,33419,0,0,774,30356,2528,18181,774,48537,California
Santa Barbara,2021-02-13,1234,68027,341,33715,893,34312,0,0,561,30246,671,18852,561,49098,California
Santa Barbara,2021-02-14,332,68359,35,33750,297,34609,0,0,287,30488,45,18897,287,49385,California
Santa Barbara,2021-02-15,967,69326,337,34087,630,35239,0,0,494,30512,470,19367,494,49879,California
Santa Barbara,2021-02-16,2108,71434,395,34482,1713,36952,0,0,719,29846,1385,20752,719,50598,California
Santa Barbara,2021-02-17,1436,72870,321,34803,1115,38067,0,0,523,29460,909,21661,523,51121,California
Santa Barbara,2021-02-18,3256,76126,2648,37451,608,38675,0,0,1519,29278,1701,23362,1519,52640,California
Santa Barbara,2021-02-19,3596,79722,2641,40092,955,39630,0,0,2329,30343,1264,24626,2329,54969,California
Santa Barbara,2021-02-20,2225,81947,1439,41531,786,40416,0,0,1669,31466,546,25172,1669,56638,California
Santa Barbara,2021-02-21,135,82082,106,41637,29,40445,0,0,60,31453,73,25245,60,56698,California
Santa Barbara,2021-02-22,940,83022,248,41885,692,41137,0,0,271,31059,666,25911,272,56970,California
Santa Barbara,2021-02-23,3189,86211,1046,42931,2143,43280,0,0,422,28718,2763,28674,422,57392,California
Santa Barbara,2021-02-24,3206,89417,1092,44023,2114,45394,0,0,722,26966,2474,31148,722,58114,California
Santa Barbara,2021-02-25,3455,92872,1921,45944,1534,46928,0,0,990,25500,2457,33605,991,59105,California
Santa Barbara,2021-02-26,3667,96539,2177,48121,1490,48418,0,0,1980,25801,1679,35284,1980,61085,California
Santa Barbara,2021-02-27,1527,98066,562,48683,965,49383,0,0,847,25974,676,35960,849,61934,California
Santa Barbara,2021-02-28,1084,99150,220,48903,864,50247,0,0,892,26680,187,36147,893,62827,California
Santa Barbara,2021-03-01,1644,100794,470,49373,1173,51420,1,1,1088,27230,540,36687,1090,63917,California
Santa Barbara,2021-03-02,2648,103442,423,49796,2225,53645,0,1,2147,28890,488,37175,2148,66065,California
Santa Barbara,2021-03-03,4630,108072,2101,51897,2527,56172,2,3,4034,32345,585,37760,4040,70105,California
Santa Barbara,2021-03-04,3421,111493,2283,54180,1138,57310,0,3,2865,34662,548,38308,2865,72970,California
Santa Barbara,2021-03-05,3818,115311,2164,56344,1595,58905,59,62,3094,37096,719,39027,3153,76123,California
Santa Barbara,2021-03-06,2431,117742,726,57070,1486,60391,219,281,1670,38226,757,39784,1887,78010,California
Santa Barbara,2021-03-07,564,118306,123,57193,310,60701,131,412,384,38563,179,39963,516,78526,California
Santa Barbara,2021-03-08,1579,119885,381,57574,856,61557,342,754,797,38926,776,40739,1139,79665,California
Santa Barbara,2021-03-09,2796,122681,344,57918,1678,63235,774,1528,738,38379,2055,42794,1508,81173,California
Santa Barbara,2021-03-10,2762,125443,553,58471,1162,64397,1047,2575,1041,38749,1716,44510,2086,83259,California
Santa Barbara,2021-03-11,5580,131023,3028,61499,1437,65834,1115,3690,2282,38855,3284,47794,3390,86649,California
Santa Barbara,2021-03-12,3677,134700,2097,63596,1150,66984,430,4120,2180,39973,1489,49283,2607,89256,California
Santa Barbara,2021-03-13,3489,138189,1934,65530,1347,68331,208,4328,2695,42086,792,50075,2905,92161,California
Santa Barbara,2021-03-14,793,138982,378,65908,358,68689,57,4385,471,42293,321,50396,528,92689,California
Santa Barbara,2021-03-15,2113,141095,697,66605,1125,69814,291,4676,1268,43012,838,51234,1557,94246,California
Santa Barbara,2021-03-16,3724,144819,1173,67778,2209,72023,342,5018,2735,45104,985,52219,3077,97323,California
Santa Barbara,2021-03-17,3307,148126,970,68748,1932,73955,405,5423,2316,46832,989,53208,2717,100040,California
Santa Barbara,2021-03-18,5230,153356,2800,71548,2228,76183,202,5625,4005,49830,1209,54417,4207,104247,California
Santa Barbara,2021-03-19,4447,157803,2769,74317,1345,77528,333,5958,3057,51833,1386,55803,3389,107636,California
Santa Barbara,2021-03-20,2179,159982,836,75153,1329,78857,14,5972,1334,52338,842,56645,1347,108983,California
Santa Barbara,2021-03-21,1165,161147,383,75536,752,79609,30,6002,838,52881,325,56970,868,109851,California
Santa Barbara,2021-03-22,2779,163926,1912,77448,823,80432,44,6046,2223,54600,548,57518,2267,112118,California
Santa Barbara,2021-03-23,4480,168406,2252,79700,2127,82559,101,6147,3707,57643,764,58282,3807,115925,California
Santa Barbara,2021-03-24,5419,173825,3157,82857,1513,84072,749,6896,2972,58937,2423,60705,3717,119642,California
Santa Barbara,2021-03-25,5561,179386,3275,86132,2097,86169,189,7085,2786,59153,2759,63464,2975,122617,California
Santa Barbara,2021-03-26,5092,184478,3227,89359,1567,87736,298,7383,2245,58865,2831,66295,2543,125160,California
Santa Barbara,2021-03-27,2953,187431,1225,90584,1685,89421,43,7426,1621,59199,1328,67623,1662,126822,California
Santa Barbara,2021-03-28,2779,190210,1657,92241,1094,90515,28,7454,1893,60240,881,68504,1922,128744,California
Santa Barbara,2021-03-29,4044,194254,2087,94328,1886,92401,71,7525,3228,62727,812,69316,3299,132043,California
Santa Barbara,2021-03-30,6801,201055,3513,97841,3137,95538,151,7676,4541,65171,2245,71561,4689,136732,California
Santa Barbara,2021-03-31,8674,209729,5523,103364,3084,98622,67,7743,5055,66695,3598,75159,5122,141854,California
Santa Barbara,2021-04-01,7038,216767,5207,108571,1570,100192,261,8004,4174,68282,2846,78005,4433,146287,California
Santa Barbara,2021-04-02,6646,223413,4560,113131,1491,101683,595,8599,3421,69083,3217,81222,4018,150305,California
Santa Barbara,2021-04-03,3810,227223,2114,115245,1628,103311,68,8667,2517,70378,1289,82511,2584,152889,California
Santa Barbara,2021-04-04,900,228123,444,115689,416,103727,40,8707,501,70522,397,82908,541,153430,California
Santa Barbara,2021-04-05,3464,231587,2290,117979,916,104643,258,8965,2168,71659,1289,84197,2426,155856,California
Santa Barbara,2021-04-06,5480,237067,2831,120810,2113,106756,536,9501,3356,73443,2108,86305,3892,159748,California
Santa Barbara,2021-04-07,5988,243055,3282,124092,2165,108921,541,10042,4071,76158,1907,88212,4622,164370,California
Santa Barbara,2021-04-08,7390,250445,5021,129113,643,109564,1726,11768,3402,77299,3985,92197,5126,169496,California
Santa Barbara,2021-04-09,7271,257716,4832,133945,1091,110655,1348,13116,3266,77917,3996,96193,4614,174110,California
Santa Barbara,2021-04-10,6647,264363,4597,138542,1433,112088,617,13733,4513,80921,2127,98320,5131,179241,California
Santa Barbara,2021-04-11,2639,267002,1931,140473,409,112497,299,14032,1819,82220,814,99134,2113,181354,California
Santa Barbara,2021-04-12,4425,271427,2847,143320,1024,113521,554,14586,1923,82200,2495,101629,2475,183829,California
Santa Barbara,2021-04-13,6307,277734,4149,147469,2152,115673,6,14592,2624,81150,3679,105308,2629,186458,California
Santa Barbara,2021-04-14,6722,284456,4395,151864,2325,117998,2,14594,4200,82841,2511,107819,4202,190660,California
Santa Barbara,2021-04-15,6938,291394,4077,155941,2860,120858,1,14595,3751,83417,3177,110996,3753,194413,California
Santa Barbara,2021-04-16,6371,297765,3742,159683,2618,123476,11,14606,4380,85831,1976,112972,4390,198803,California
Santa Barbara,2021-04-17,5301,303066,3855,163538,1446,124922,0,14606,4084,88710,1205,114177,4084,202887,California
Santa Barbara,2021-04-18,2130,305196,1477,165015,653,125575,0,14606,373,87331,1753,115930,374,203261,California
Santa Barbara,2021-04-19,3235,308431,2225,167240,1004,126579,6,14612,1031,86170,2199,118129,1038,204299,California
Santa Barbara,2021-04-20,5863,314294,3946,171186,1916,128495,1,14613,1650,83620,4201,122330,1651,205950,California
Santa Barbara,2021-04-21,5466,319760,3628,174814,1838,130333,0,14613,1731,81628,3723,126053,1731,207681,California
Santa Barbara,2021-04-22,5090,324850,2559,177373,2530,132863,1,14614,1453,79463,3621,129674,1456,209137,California
Santa Barbara,2021-04-23,5571,330421,3873,181246,1698,134561,0,14614,1955,77815,3603,133277,1955,211092,California
Santa Barbara,2021-04-24,4422,334843,2877,184123,1540,136101,5,14619,1639,76691,2768,136045,1644,212736,California
Santa Barbara,2021-04-25,1831,336674,1184,185307,647,136748,0,14619,499,75866,1324,137369,499,213235,California
Santa Barbara,2021-04-26,2931,339605,1805,187112,1105,137853,21,14640,463,73888,2462,139831,484,213719,California
Santa Barbara,2021-04-27,3678,343283,2027,189139,1564,139417,87,14727,1104,72514,2564,142395,1190,214909,California
Santa Barbara,2021-04-28,4902,348185,2861,192000,1924,141341,117,14844,1402,70549,3487,145882,1522,216431,California
Santa Barbara,2021-04-29,5245,353430,3797,195797,1221,142562,227,15071,1446,68437,3783,149665,1671,218102,California
Santa Barbara,2021-04-30,4944,358374,3695,199492,1085,143647,164,15235,1423,66516,3507,153172,1586,219688,California
Santa Barbara,2021-05-01,5233,363607,4055,203547,1145,144792,33,15268,900,63126,4325,157497,935,220623,California
Santa Barbara,2021-05-02,1130,364737,665,204212,337,145129,128,15396,308,62740,822,158319,436,221059,California
Santa Barbara,2021-05-03,2206,366943,1481,205693,586,145715,139,15535,444,61565,1756,160075,581,221640,California
Santa Barbara,2021-05-04,3278,370221,1661,207354,1546,147261,71,15606,1139,60648,2126,162201,1209,222849,California
Santa Barbara,2021-05-05,5418,375639,3669,211023,1603,148864,146,15752,628,56645,4778,166979,775,223624,California
Santa Barbara,2021-05-06,5042,380681,3905,214928,1033,149897,104,15856,961,53645,4065,171044,1065,224689,California
Santa Barbara,2021-05-07,4659,385340,3650,218578,831,150728,178,16034,1001,51174,3648,174692,1177,225866,California
Santa Barbara,2021-05-08,4210,389550,3151,221729,961,151689,98,16132,871,48817,3326,178018,969,226835,California
Santa Barbara,2021-05-09,700,390250,109,221838,551,152240,40,16172,467,49093,232,178250,508,227343,California
Santa Barbara,2021-05-10,1320,391570,621,222459,615,152855,84,16256,366,48590,952,179202,449,227792,California
Santa Barbara,2021-05-11,1828,393398,769,223228,768,153623,291,16547,412,47882,1409,180611,701,228493,California
Santa Barbara,2021-05-12,1545,394943,686,223914,657,154280,202,16749,442,47431,1095,181706,644,229137,California
Santa Barbara,2021-05-13,3566,398509,2710,226624,663,154943,193,16942,1174,46416,2381,184087,1366,230503,California
Santa Barbara,2021-05-14,4145,402654,2531,229155,1520,156463,94,17036,1637,45649,2496,186583,1729,232232,California
Santa Barbara,2021-05-15,3505,406159,2568,231723,918,157381,19,17055,1841,45857,1653,188236,1861,234093,California
Santa Barbara,2021-05-16,1063,407222,465,232188,483,157864,115,17170,468,45849,591,188827,583,234676,California
Santa Barbara,2021-05-17,1631,408853,933,233121,636,158500,62,17232,910,46107,714,189541,972,235648,California
Santa Barbara,2021-05-18,1837,410690,1157,234278,586,159086,94,17326,1014,46409,807,190348,1109,236757,California
Santa Barbara,2021-05-19,1755,412445,972,235250,742,159828,41,17367,819,46340,928,191276,859,237616,California
Santa Barbara,2021-05-20,1257,413702,643,235893,497,160325,117,17484,665,46540,581,191857,781,238397,California
Santa Barbara,2021-05-21,2962,416664,1995,237888,914,161239,53,17537,1093,45832,1855,193712,1147,239544,California
Santa Barbara,2021-05-22,2158,418822,1527,239415,586,161825,45,17582,1286,46296,868,194580,1332,240876,California
Santa Barbara,2021-05-23,563,419385,214,239629,322,162147,27,17609,324,46408,239,194819,351,241227,California
Santa Barbara,2021-05-24,1007,420392,593,240222,356,162503,58,17667,515,46496,486,195305,574,241801,California
Santa Barbara,2021-05-25,1386,421778,568,240790,749,163252,69,17736,467,46115,914,196219,533,242334,California
Santa Barbara,2021-05-26,2362,424140,1349,242139,940,164192,73,17809,564,44963,1789,198008,637,242971,California
Santa Clara,2020-12-15,65,65,65,65,0,0,0,0,65,65,0,0,65,65,California
Santa Clara,2020-12-16,141,206,141,206,0,0,0,0,141,206,0,0,141,206,California
Santa Clara,2020-12-17,399,605,399,605,0,0,0,0,399,605,0,0,399,605,California
Santa Clara,2020-12-18,1680,2285,1680,2285,0,0,0,0,1680,2285,0,0,1680,2285,California
Santa Clara,2020-12-19,2080,4365,2080,4365,0,0,0,0,2079,4364,0,0,2079,4364,California
Santa Clara,2020-12-20,1898,6263,1897,6262,1,1,0,0,1895,6259,0,0,1895,6259,California
Santa Clara,2020-12-21,2679,8942,2679,8941,0,1,0,0,2678,8937,0,0,2678,8937,California
Santa Clara,2020-12-22,3140,12082,3133,12074,7,8,0,0,3137,12074,0,0,3137,12074,California
Santa Clara,2020-12-23,3295,15377,3106,15180,189,197,0,0,3294,15368,0,0,3294,15368,California
Santa Clara,2020-12-24,1902,17279,1715,16895,187,384,0,0,1897,17264,1,1,1897,17265,California
Santa Clara,2020-12-25,344,17623,343,17238,1,385,0,0,344,17608,0,1,344,17609,California
Santa Clara,2020-12-26,1268,18891,1035,18273,233,618,0,0,1267,18875,0,1,1267,18876,California
Santa Clara,2020-12-27,650,19541,508,18781,142,760,0,0,650,19525,0,1,650,19526,California
Santa Clara,2020-12-28,2336,21877,1729,20510,607,1367,0,0,2336,21861,0,1,2336,21862,California
Santa Clara,2020-12-29,2351,24228,1491,22001,860,2227,0,0,2350,24211,0,1,2350,24212,California
Santa Clara,2020-12-30,2984,27212,1889,23890,1095,3322,0,0,2982,27191,2,3,2982,27194,California
Santa Clara,2020-12-31,1216,28428,392,24282,824,4146,0,0,1215,28405,1,4,1215,28409,California
Santa Clara,2021-01-01,145,28573,12,24294,133,4279,0,0,144,28548,1,5,144,28553,California
Santa Clara,2021-01-02,1085,29658,815,25109,270,4549,0,0,1085,29633,0,5,1085,29638,California
Santa Clara,2021-01-03,584,30242,367,25476,217,4766,0,0,579,30209,3,8,579,30217,California
Santa Clara,2021-01-04,2471,32713,1670,27146,801,5567,0,0,2468,32677,0,8,2468,32685,California
Santa Clara,2021-01-05,3068,35781,2010,29156,1058,6625,0,0,2881,35378,186,194,2887,35572,California
Santa Clara,2021-01-06,3334,39115,1967,31123,1367,7992,0,0,2758,37566,572,766,2760,38332,California
Santa Clara,2021-01-07,4221,43336,2562,33685,1659,9651,0,0,3149,39659,1062,1828,3155,41487,California
Santa Clara,2021-01-08,5851,49187,3822,37507,2029,11680,0,0,3792,41396,2055,3883,3792,45279,California
Santa Clara,2021-01-09,2978,52165,1868,39375,1110,12790,0,0,1689,41799,1289,5172,1692,46971,California
Santa Clara,2021-01-10,1958,54123,1514,40889,444,13234,0,0,748,41338,1209,6381,748,47719,California
Santa Clara,2021-01-11,5956,60079,3752,44641,2204,15438,0,0,3383,42154,2572,8953,3388,51107,California
Santa Clara,2021-01-12,6810,66889,3409,48050,3401,18839,0,0,4565,44476,2244,11197,4566,55673,California
Santa Clara,2021-01-13,7376,74265,3053,51103,4323,23162,0,0,5205,47513,2169,13366,5206,60879,California
Santa Clara,2021-01-14,8233,82498,2799,53902,5434,28596,0,0,6492,52271,1736,15102,6494,67373,California
Santa Clara,2021-01-15,9457,91955,2681,56583,6776,35372,0,0,8136,59095,1317,16419,8141,75514,California
Santa Clara,2021-01-16,4295,96250,1230,57813,3065,38437,0,0,3460,61724,831,17250,3460,78974,California
Santa Clara,2021-01-17,3213,99463,603,58416,2610,41047,0,0,2716,63943,497,17747,2716,81690,California
Santa Clara,2021-01-18,5096,104559,1157,59573,3939,44986,0,0,4541,67930,555,18302,4542,86232,California
Santa Clara,2021-01-19,8504,113063,2688,62261,5816,50802,0,0,6817,73066,1684,19986,6820,93052,California
Santa Clara,2021-01-20,8084,121147,4110,66371,3974,54776,0,0,6538,78063,1541,21527,6538,99590,California
Santa Clara,2021-01-21,8698,129845,3775,70146,4923,59699,0,0,7495,84359,1201,22728,7497,107087,California
Santa Clara,2021-01-22,8637,138482,3251,73397,5386,65085,0,0,8069,91864,567,23295,8072,115159,California
Santa Clara,2021-01-23,3781,142263,1686,75083,2095,67180,0,0,2822,93728,959,24254,2823,117982,California
Santa Clara,2021-01-24,2829,145092,1423,76506,1406,68586,0,0,2344,95590,482,24736,2344,120326,California
Santa Clara,2021-01-25,8398,153490,3799,80305,4599,73185,0,0,6325,99852,2065,26801,6327,126653,California
Santa Clara,2021-01-26,8252,161742,3778,84083,4474,77659,0,0,6135,103882,2107,28908,6137,132790,California
Santa Clara,2021-01-27,8719,170461,3831,87914,4888,82547,0,0,6799,108780,1902,30810,6800,139590,California
Santa Clara,2021-01-28,9495,179956,3816,91730,5679,88226,0,0,7534,114378,1940,32750,7538,147128,California
Santa Clara,2021-01-29,9520,189476,3949,95679,5571,93797,0,0,7346,119560,2165,34915,7347,154475,California
Santa Clara,2021-01-30,4155,193631,2071,97750,2084,95881,0,0,2948,121309,1200,36115,2949,157424,California
Santa Clara,2021-01-31,2174,195805,1304,99054,870,96751,0,0,1580,122299,590,36705,1580,159004,California
Santa Clara,2021-02-01,7856,203661,3512,102566,4344,101095,0,0,6149,126751,1699,38404,6151,165155,California
Santa Clara,2021-02-02,8546,212207,2878,105444,5668,106763,0,0,6549,131312,1991,40395,6552,171707,California
Santa Clara,2021-02-03,9209,221416,3490,108934,5719,112482,0,0,6923,135962,2279,42674,6929,178636,California
Santa Clara,2021-02-04,10948,232364,4142,113076,6806,119288,0,0,8659,142345,2279,44953,8662,187298,California
Santa Clara,2021-02-05,11941,244305,4352,117428,7589,126877,0,0,8483,147385,3444,48397,8484,195782,California
Santa Clara,2021-02-06,5206,249511,2826,120254,2380,129257,0,0,4037,150259,1165,49562,4039,199821,California
Santa Clara,2021-02-07,3479,252990,2347,122601,1132,130389,0,0,3025,152832,453,50015,3026,202847,California
Santa Clara,2021-02-08,10018,263008,3482,126083,6536,136925,0,0,7306,157440,2699,52714,7307,210154,California
Santa Clara,2021-02-09,11166,274174,3819,129902,7347,144272,0,0,7669,161627,3486,56200,7673,217827,California
Santa Clara,2021-02-10,12644,286818,4911,134813,7733,152005,0,0,6835,162665,5799,61999,6837,224664,California
Santa Clara,2021-02-11,13545,300363,4732,139545,8813,160818,0,0,7694,164524,5836,67835,7695,232359,California
Santa Clara,2021-02-12,14565,314928,4501,144046,10064,170882,0,0,6993,163967,7552,75387,6995,239354,California
Santa Clara,2021-02-13,6079,321007,1459,145505,4620,175502,0,0,2222,162341,3850,79237,2224,241578,California
Santa Clara,2021-02-14,4607,325614,1140,146645,3467,178969,0,0,1467,160672,3138,82375,1469,243047,California
Santa Clara,2021-02-15,6255,331869,2788,149433,3467,182436,0,0,2700,159824,3548,85923,2700,245747,California
Santa Clara,2021-02-16,13792,345661,4011,153444,9781,192217,0,0,6938,159925,6837,92760,6938,252685,California
Santa Clara,2021-02-17,14090,359751,5506,158950,8584,200801,0,0,7054,159966,7018,99778,7059,259744,California
Santa Clara,2021-02-18,14227,373978,8386,167336,5841,206642,0,0,7240,160262,6947,106725,7243,266987,California
Santa Clara,2021-02-19,14834,388812,9526,176862,5308,211950,0,0,8632,162712,6187,112912,8637,275624,California
Santa Clara,2021-02-20,6826,395638,5107,181969,1719,213669,0,0,3677,163250,3139,116051,3677,279301,California
Santa Clara,2021-02-21,3303,398941,2477,184446,826,214495,0,0,1215,162387,2080,118131,1217,280518,California
Santa Clara,2021-02-22,10177,409118,6094,190540,4083,218578,0,0,4727,161675,5440,123571,4728,285246,California
Santa Clara,2021-02-23,11921,421039,7738,198278,4183,222761,0,0,6768,163307,5140,128711,6772,292018,California
Santa Clara,2021-02-24,14170,435209,9126,207404,5044,227805,0,0,8767,166687,5387,134098,8767,300785,California
Santa Clara,2021-02-25,14643,449852,9269,216673,5374,233179,0,0,7900,167869,6722,140820,7904,308689,California
Santa Clara,2021-02-26,14591,464443,8452,225125,6139,239318,0,0,8019,169341,6550,147370,8022,316711,California
Santa Clara,2021-02-27,8058,472501,5520,230645,2537,241855,1,1,4477,170255,3571,150941,4485,321196,California
Santa Clara,2021-02-28,4734,477235,3080,233725,1654,243509,0,1,2210,169950,2515,153456,2210,323406,California
Santa Clara,2021-03-01,14104,491339,8006,241731,6095,249604,3,4,8736,173341,5348,158804,8739,332145,California
Santa Clara,2021-03-02,16043,507382,9527,251258,6515,256119,1,5,10260,177846,5757,164561,10262,342407,California
Santa Clara,2021-03-03,18463,525845,9071,260329,9390,265509,2,7,11466,182360,6959,171520,11473,353880,California
Santa Clara,2021-03-04,16474,542319,8971,269300,7500,273009,3,10,9584,185139,6810,178330,9589,363469,California
Santa Clara,2021-03-05,16589,558908,9225,278525,7239,280248,125,135,9207,187116,7360,185690,9337,372806,California
Santa Clara,2021-03-06,9421,568329,6311,284836,2673,282921,437,572,7085,192314,2323,188013,7521,380327,California
Santa Clara,2021-03-07,6799,575128,4471,289307,2096,285017,232,804,5422,196597,1369,189382,5652,385979,California
Santa Clara,2021-03-08,12895,588023,6732,296039,5600,290617,563,1367,8283,200849,4594,193976,8846,394825,California
Santa Clara,2021-03-09,15222,603245,6512,302551,7376,297993,1334,2701,6853,200681,8350,202326,8182,403007,California
Santa Clara,2021-03-10,15102,618347,6578,309129,6415,304408,2109,4810,6197,200086,8878,211204,8283,411290,California
Santa Clara,2021-03-11,17053,635400,7758,316887,7786,312194,1509,6319,6044,196644,10981,222185,7539,418829,California
Santa Clara,2021-03-12,17687,653087,9099,325986,7014,319208,1574,7893,5975,192503,11673,233858,7532,426361,California
Santa Clara,2021-03-13,10744,663831,6226,332212,3023,322231,1495,9388,4819,192893,5902,239760,6292,432653,California
Santa Clara,2021-03-14,6509,670340,3370,335582,1833,324064,1306,10694,3174,194044,3318,243078,4469,437122,California
Santa Clara,2021-03-15,12776,683116,6532,342114,5974,330038,270,10964,5992,193545,6761,249839,6262,443384,California
Santa Clara,2021-03-16,18191,701307,10295,352409,7687,337725,209,11173,8815,193219,9347,259186,9021,452405,California
Santa Clara,2021-03-17,19898,721205,11274,363683,8455,346180,169,11342,10281,194098,9566,268752,10445,462850,California
Santa Clara,2021-03-18,19068,740273,8932,372615,8972,355152,1164,12506,9089,194419,9924,278676,10245,473095,California
Santa Clara,2021-03-19,19272,759545,9926,382541,8343,363495,1003,13509,10003,196205,9210,287886,10996,484091,California
Santa Clara,2021-03-20,11508,771053,6344,388885,4337,367832,827,14336,6766,199082,4713,292599,7590,491681,California
Santa Clara,2021-03-21,8304,779357,3770,392655,3135,370967,1399,15735,5569,203315,2723,295322,6956,498637,California
Santa Clara,2021-03-22,16312,795669,9110,401765,6853,377820,349,16084,9301,205981,6983,302305,9649,508286,California
Santa Clara,2021-03-23,19227,814896,12230,413995,6478,384298,519,16603,11171,209662,8009,310314,11690,519976,California
Santa Clara,2021-03-24,22592,837488,14559,428554,7620,391918,413,17016,14658,216843,7891,318205,15072,535048,California
Santa Clara,2021-03-25,22915,860403,13142,441696,8793,400711,980,17996,14775,224506,8078,326283,15741,550789,California
Santa Clara,2021-03-26,21923,882326,13969,455665,7568,408279,386,18382,13512,230023,8374,334657,13891,564680,California
Santa Clara,2021-03-27,15693,898019,10449,466114,4476,412755,768,19150,8418,231974,7233,341890,9184,573864,California
Santa Clara,2021-03-28,12050,910069,8352,474466,2985,415740,713,19863,6469,233596,5556,347446,7178,581042,California
Santa Clara,2021-03-29,20578,930647,12622,487088,7229,422969,727,20590,11159,236096,9378,356824,11878,592920,California
Santa Clara,2021-03-30,25617,956264,15250,502338,8425,431394,1942,22532,16147,244745,9434,366258,18083,611003,California
Santa Clara,2021-03-31,20484,976748,11900,514238,7454,438848,1130,23662,12610,250640,7834,374092,13729,624732,California
Santa Clara,2021-04-01,31797,1008545,19844,534082,8901,447749,3052,26714,20117,262171,11614,385706,23145,647877,California
Santa Clara,2021-04-02,25165,1033710,14328,548410,8672,456421,2165,28879,16439,272078,8686,394392,18593,666470,California
Santa Clara,2021-04-03,15277,1048987,9260,557670,3504,459925,2513,31392,8497,276315,6760,401152,10997,677467,California
Santa Clara,2021-04-04,7640,1056627,4038,561708,2435,462360,1167,32559,3975,277798,3653,404805,5136,682603,California
Santa Clara,2021-04-05,21867,1078494,14569,576277,4826,467186,2472,35031,14282,286983,7559,412364,16744,699347,California
Santa Clara,2021-04-06,29431,1107925,16232,592509,7773,474959,5426,40457,17663,298329,11724,424088,23070,722417,California
Santa Clara,2021-04-07,30848,1138773,15929,608438,8433,483392,6486,46943,18836,311675,11960,436048,25306,747723,California
Santa Clara,2021-04-08,29871,1168644,16327,624765,5973,489365,7571,54514,16290,321991,13512,449560,23828,771551,California
Santa Clara,2021-04-09,27939,1196583,13838,638603,6872,496237,7229,61743,14288,329882,13596,463156,21487,793038,California
Santa Clara,2021-04-10,21316,1217899,12326,650929,3747,499984,5243,66986,11402,336597,9883,473039,16598,809636,California
Santa Clara,2021-04-11,15952,1233851,9567,660496,2642,502626,3743,70729,8276,340950,7646,480685,11999,821635,California
Santa Clara,2021-04-12,26787,1260638,18852,679348,5512,508138,2423,73152,18267,353157,8469,489154,20676,842311,California
Santa Clara,2021-04-13,34238,1294876,26950,706298,7259,515397,29,73181,26419,371881,7744,496898,26468,868779,California
Santa Clara,2021-04-14,36743,1331619,27853,734151,8886,524283,4,73185,26135,387500,10546,507444,26165,894944,California
Santa Clara,2021-04-15,43999,1375618,34133,768284,9864,534147,2,73187,33931,411491,9964,517408,33955,928899,California
Santa Clara,2021-04-16,38325,1413943,26267,794551,12056,546203,2,73189,27509,428271,10755,528163,27535,956434,California
Santa Clara,2021-04-17,21941,1435884,15006,809557,6933,553136,2,73191,15059,436510,6837,535000,15076,971510,California
Santa Clara,2021-04-18,16385,1452269,10660,820217,5725,558861,0,73191,10247,440656,6112,541112,10258,981768,California
Santa Clara,2021-04-19,28805,1481074,20858,841075,7946,566807,1,73192,17247,446444,11489,552601,17277,999045,California
Santa Clara,2021-04-20,36886,1517960,22449,863524,14436,581243,1,73193,22536,454766,14245,566846,22567,1021612,California
Santa Clara,2021-04-21,36781,1554741,21341,884865,15438,596681,2,73195,24359,466824,12334,579180,24392,1046004,California
Santa Clara,2021-04-22,37206,1591947,24817,909682,12388,609069,1,73196,17609,464997,19502,598682,17675,1063679,California
Santa Clara,2021-04-23,31987,1623934,19455,929137,12532,621601,0,73196,15059,463275,16832,615514,15110,1078789,California
Santa Clara,2021-04-24,21089,1645023,15442,944579,5646,627247,1,73197,11978,466240,9041,624555,12006,1090795,California
Santa Clara,2021-04-25,13579,1658602,9817,954396,3755,631002,7,73204,8672,470075,4866,629421,8701,1099496,California
Santa Clara,2021-04-26,24238,1682840,18951,973347,5229,636231,58,73262,10118,466247,14028,643449,10200,1109696,California
Santa Clara,2021-04-27,26667,1709507,19257,992604,7121,643352,289,73551,11704,463404,14873,658322,12030,1121726,California
Santa Clara,2021-04-28,25290,1734797,18653,1011257,6200,649552,437,73988,10408,459506,14800,673122,10902,1132628,California
Santa Clara,2021-04-29,23153,1757950,16821,1028078,5935,655487,397,74385,8347,453575,14738,687860,8807,1141435,California
Santa Clara,2021-04-30,22930,1780880,15712,1043790,6855,662342,363,74748,9745,450658,13097,700957,10180,1151615,California
Santa Clara,2021-05-01,17434,1798314,14500,1058290,2674,665016,260,75008,5491,444555,11895,712852,5792,1157407,California
Santa Clara,2021-05-02,11280,1809594,9359,1067649,1691,666707,230,75238,3496,440560,7743,720595,3748,1161155,California
Santa Clara,2021-05-03,22794,1832388,19371,1087020,2991,669698,432,75670,5145,428591,17580,738175,5611,1166766,California
Santa Clara,2021-05-04,30532,1862920,23906,1110926,6086,675784,540,76210,5488,409711,24948,763123,6068,1172834,California
Santa Clara,2021-05-05,32164,1895084,24452,1135378,7170,682954,542,76752,5437,389083,26630,789753,6002,1178836,California
Santa Clara,2021-05-06,35357,1930441,29471,1164849,5411,688365,475,77227,4675,363699,30553,820306,5169,1184005,California
Santa Clara,2021-05-07,32489,1962930,26141,1190990,5858,694223,490,77717,4636,341142,27723,848029,5166,1189171,California
Santa Clara,2021-05-08,16441,1979371,13373,1204363,2645,696868,423,78140,3477,332179,12879,860908,3916,1193087,California
Santa Clara,2021-05-09,10313,1989684,8946,1213309,1180,698048,187,78327,2447,326995,7831,868739,2647,1195734,California
Santa Clara,2021-05-10,20751,2010435,16631,1229940,3720,701768,400,78727,2733,312210,17938,886677,3153,1198887,California
Santa Clara,2021-05-11,21628,2032063,16266,1246206,4946,706714,416,79143,3896,298886,17643,904320,4319,1203206,California
Santa Clara,2021-05-12,20145,2052208,14775,1260981,4907,711621,463,79606,4170,287638,15895,920215,4647,1207853,California
Santa Clara,2021-05-13,26886,2079094,21892,1282873,4703,716324,291,79897,10687,282502,16120,936335,10984,1218837,California
Santa Clara,2021-05-14,26991,2106085,18703,1301576,7906,724230,382,80279,9136,274265,17764,954099,9527,1228364,California
Santa Clara,2021-05-15,19964,2126049,15898,1317474,3787,728017,279,80558,7626,269914,12263,966362,7912,1236276,California
Santa Clara,2021-05-16,14552,2140601,11554,1329028,2821,730838,177,80735,4207,264033,10267,976629,4386,1240662,California
Santa Clara,2021-05-17,19810,2160411,15524,1344552,3923,734761,363,81098,6776,258215,12961,989590,7143,1247805,California
Santa Clara,2021-05-18,25298,2185709,15958,1360510,8922,743683,418,81516,7114,247696,18048,1007638,7529,1255334,California
Santa Clara,2021-05-19,23856,2209565,13814,1374324,9675,753358,367,81883,7818,239954,15934,1023572,8192,1263526,California
Santa Clara,2021-05-20,16549,2226114,11058,1385382,5107,758465,384,82267,5912,235681,10566,1034138,6293,1269819,California
Santa Clara,2021-05-21,20354,2246468,13687,1399069,6232,764697,435,82702,6917,229685,13359,1047497,7363,1277182,California
Santa Clara,2021-05-22,11248,2257716,8752,1407821,2208,766905,288,82990,4782,228346,6412,1053909,5073,1282255,California
Santa Clara,2021-05-23,6664,2264380,5149,1412970,1367,768272,148,83138,2422,226710,4210,1058119,2574,1284829,California
Santa Clara,2021-05-24,10062,2274442,7077,1420047,2539,770811,446,83584,3617,224387,6385,1064504,4062,1288891,California
Santa Clara,2021-05-25,10530,2284972,7161,1427208,2957,773768,412,83996,4224,222777,6248,1070752,4638,1293529,California
Santa Clara,2021-05-26,6610,2291582,4652,1431860,1748,775516,210,84206,2570,221547,4006,1074758,2776,1296305,California
Santa Cruz,2020-12-15,2,2,2,2,0,0,0,0,2,2,0,0,2,2,California
Santa Cruz,2020-12-16,58,60,58,60,0,0,0,0,58,60,0,0,58,60,California
Santa Cruz,2020-12-17,391,451,391,451,0,0,0,0,391,451,0,0,391,451,California
Santa Cruz,2020-12-18,462,913,462,913,0,0,0,0,462,913,0,0,462,913,California
Santa Cruz,2020-12-19,179,1092,178,1091,1,1,0,0,179,1092,0,0,179,1092,California
Santa Cruz,2020-12-20,95,1187,95,1186,0,1,0,0,95,1187,0,0,95,1187,California
Santa Cruz,2020-12-21,437,1624,437,1623,0,1,0,0,437,1624,0,0,437,1624,California
Santa Cruz,2020-12-22,416,2040,415,2038,1,2,0,0,416,2040,0,0,416,2040,California
Santa Cruz,2020-12-23,369,2409,326,2364,43,45,0,0,369,2409,0,0,369,2409,California
Santa Cruz,2020-12-24,126,2535,50,2414,76,121,0,0,126,2535,0,0,126,2535,California
Santa Cruz,2020-12-25,11,2546,11,2425,0,121,0,0,11,2546,0,0,11,2546,California
Santa Cruz,2020-12-26,66,2612,47,2472,19,140,0,0,66,2612,0,0,66,2612,California
Santa Cruz,2020-12-27,32,2644,27,2499,5,145,0,0,32,2644,0,0,32,2644,California
Santa Cruz,2020-12-28,487,3131,108,2607,379,524,0,0,487,3131,0,0,487,3131,California
Santa Cruz,2020-12-29,790,3921,366,2973,424,948,0,0,790,3921,0,0,790,3921,California
Santa Cruz,2020-12-30,354,4275,163,3136,191,1139,0,0,354,4275,0,0,354,4275,California
Santa Cruz,2020-12-31,312,4587,11,3147,301,1440,0,0,312,4587,0,0,312,4587,California
Santa Cruz,2021-01-01,33,4620,1,3148,32,1472,0,0,33,4620,0,0,33,4620,California
Santa Cruz,2021-01-02,68,4688,54,3202,14,1486,0,0,68,4688,0,0,68,4688,California
Santa Cruz,2021-01-03,15,4703,7,3209,8,1494,0,0,15,4703,0,0,15,4703,California
Santa Cruz,2021-01-04,281,4984,124,3333,157,1651,0,0,279,4982,0,0,279,4982,California
Santa Cruz,2021-01-05,565,5549,429,3762,136,1787,0,0,263,4943,302,302,263,5245,California
Santa Cruz,2021-01-06,799,6348,667,4429,132,1919,0,0,460,5065,338,640,460,5705,California
Santa Cruz,2021-01-07,538,6886,214,4643,324,2243,0,0,382,5292,156,796,383,6088,California
Santa Cruz,2021-01-08,930,7816,559,5202,371,2614,0,0,484,5331,446,1242,485,6573,California
Santa Cruz,2021-01-09,462,8278,123,5325,339,2953,0,0,408,5685,54,1296,408,6981,California
Santa Cruz,2021-01-10,78,8356,70,5395,8,2961,0,0,20,5647,58,1354,20,7001,California
Santa Cruz,2021-01-11,716,9072,585,5980,131,3092,0,0,186,5304,530,1884,187,7188,California
Santa Cruz,2021-01-12,718,9790,518,6498,200,3292,0,0,479,5544,239,2123,479,7667,California
Santa Cruz,2021-01-13,520,10310,227,6725,293,3585,0,0,438,5903,79,2202,438,8105,California
Santa Cruz,2021-01-14,549,10859,103,6828,446,4031,0,0,483,6320,66,2268,483,8588,California
Santa Cruz,2021-01-15,1452,12311,75,6903,1377,5408,0,0,1388,7646,64,2332,1390,9978,California
Santa Cruz,2021-01-16,424,12735,52,6955,372,5780,0,0,405,8032,19,2351,405,10383,California
Santa Cruz,2021-01-17,296,13031,41,6996,255,6035,0,0,271,8278,25,2376,271,10654,California
Santa Cruz,2021-01-18,1004,14035,104,7100,900,6935,0,0,943,9160,61,2437,943,11597,California
Santa Cruz,2021-01-19,1610,15645,520,7620,1090,8025,0,0,1261,10075,347,2784,1262,12859,California
Santa Cruz,2021-01-20,1234,16879,181,7801,1053,9078,0,0,1037,10918,194,2978,1037,13896,California
Santa Cruz,2021-01-21,1691,18570,198,7999,1493,10571,0,0,1582,12393,109,3087,1584,15480,California
Santa Cruz,2021-01-22,1782,20352,525,8524,1257,11828,0,0,1680,13975,99,3186,1681,17161,California
Santa Cruz,2021-01-23,396,20748,144,8668,252,12080,0,0,338,14256,57,3243,338,17499,California
Santa Cruz,2021-01-24,115,20863,19,8687,96,12176,0,0,97,14335,18,3261,97,17596,California
Santa Cruz,2021-01-25,1058,21921,359,9046,699,12875,0,0,552,14381,506,3767,552,18148,California
Santa Cruz,2021-01-26,1688,23609,247,9293,1441,14316,0,0,1180,15053,508,4275,1180,19328,California
Santa Cruz,2021-01-27,1643,25252,445,9738,1198,15514,0,0,1260,15932,381,4656,1260,20588,California
Santa Cruz,2021-01-28,1739,26991,289,10027,1450,16964,0,0,1462,17118,277,4933,1463,22051,California
Santa Cruz,2021-01-29,1725,28716,487,10514,1238,18202,0,0,1596,18586,128,5061,1596,23647,California
Santa Cruz,2021-01-30,1054,29770,310,10824,744,18946,0,0,920,19372,134,5195,920,24567,California
Santa Cruz,2021-01-31,221,29991,113,10937,108,19054,0,0,207,19565,14,5209,207,24774,California
Santa Cruz,2021-02-01,1219,31210,748,11685,471,19525,0,0,824,19994,395,5604,824,25598,California
Santa Cruz,2021-02-02,992,32202,125,11810,867,20392,0,0,840,20683,151,5755,840,26438,California
Santa Cruz,2021-02-03,2215,34417,956,12766,1259,21651,0,0,1903,22277,309,6064,1903,28341,California
Santa Cruz,2021-02-04,1840,36257,767,13533,1073,22724,0,0,1502,23442,337,6401,1502,29843,California
Santa Cruz,2021-02-05,3140,39397,778,14311,2362,25086,0,0,2822,25947,317,6718,2822,32665,California
Santa Cruz,2021-02-06,2567,41964,160,14471,2407,27493,0,0,2223,27826,344,7062,2223,34888,California
Santa Cruz,2021-02-07,904,42868,122,14593,782,28275,0,0,887,28696,17,7079,887,35775,California
Santa Cruz,2021-02-08,702,43570,201,14794,501,28776,0,0,507,29009,194,7273,507,36282,California
Santa Cruz,2021-02-09,2357,45927,1050,15844,1307,30083,0,0,2091,30834,266,7539,2091,38373,California
Santa Cruz,2021-02-10,2180,48107,575,16419,1605,31688,0,0,1481,31627,689,8228,1482,39855,California
Santa Cruz,2021-02-11,1825,49932,309,16728,1516,33204,0,0,1312,32428,511,8739,1312,41167,California
Santa Cruz,2021-02-12,3199,53131,415,17143,2784,35988,0,0,1795,32830,1395,10134,1797,42964,California
Santa Cruz,2021-02-13,1699,54830,123,17266,1576,37564,0,0,1287,33705,412,10546,1287,44251,California
Santa Cruz,2021-02-14,1400,56230,71,17337,1329,38893,0,0,1136,34577,264,10810,1136,45387,California
Santa Cruz,2021-02-15,1568,57798,280,17617,1288,40181,0,0,562,34134,1006,11816,563,45950,California
Santa Cruz,2021-02-16,1680,59478,204,17821,1476,41657,0,0,525,33526,1133,12949,525,46475,California
Santa Cruz,2021-02-17,2901,62379,970,18791,1931,43588,0,0,1206,33053,1682,14631,1209,47684,California
Santa Cruz,2021-02-18,2861,65240,631,19422,2230,45818,0,0,1231,32658,1626,16257,1231,48915,California
Santa Cruz,2021-02-19,3239,68479,1133,20555,2106,47924,0,0,1995,33412,1241,17498,1995,50910,California
Santa Cruz,2021-02-20,2373,70852,1490,22045,883,48807,0,0,1878,34795,495,17993,1878,52788,California
Santa Cruz,2021-02-21,836,71688,369,22414,467,49274,0,0,707,35376,127,18120,708,53496,California
Santa Cruz,2021-02-22,1243,72931,955,23369,288,49562,0,0,528,35191,713,18833,528,54024,California
Santa Cruz,2021-02-23,2093,75024,933,24302,1160,50722,0,0,706,34511,1386,20219,706,54730,California
Santa Cruz,2021-02-24,3168,78192,1655,25957,1513,52235,0,0,1202,33752,1961,22180,1202,55932,California
Santa Cruz,2021-02-25,3208,81400,1416,27373,1792,54027,0,0,1766,34085,1434,23614,1767,57699,California
Santa Cruz,2021-02-26,2707,84107,759,28132,1948,55975,0,0,1541,34466,1162,24776,1543,59242,California
Santa Cruz,2021-02-27,2620,86727,930,29062,1690,57665,0,0,1825,35498,793,25569,1825,61067,California
Santa Cruz,2021-02-28,1286,88013,358,29420,928,58593,0,0,1075,36365,208,25777,1075,62142,California
Santa Cruz,2021-03-01,1819,89832,1248,30668,571,59164,0,0,686,35920,1131,26908,686,62828,California
Santa Cruz,2021-03-02,1536,91368,364,31032,1172,60336,0,0,873,36135,661,27569,876,63704,California
Santa Cruz,2021-03-03,2348,93716,633,31665,1715,62051,0,0,1287,36364,1058,28627,1287,64991,California
Santa Cruz,2021-03-04,2994,96710,1409,33074,1584,63635,1,1,2024,37431,959,29586,2026,67017,California
Santa Cruz,2021-03-05,2611,99321,489,33563,2104,65739,18,19,1138,37117,1470,31056,1156,68173,California
Santa Cruz,2021-03-06,3837,103158,1335,34898,2400,68139,102,121,2140,37661,1697,32753,2241,70414,California
Santa Cruz,2021-03-07,1341,104499,128,35026,1142,69281,71,192,556,37504,784,33537,627,71041,California
Santa Cruz,2021-03-08,1087,105586,222,35248,736,70017,129,321,656,37858,431,33968,785,71826,California
Santa Cruz,2021-03-09,1777,107363,262,35510,1367,71384,148,469,708,37648,1066,35034,856,72682,California
Santa Cruz,2021-03-10,3847,111210,2086,37596,1615,72999,146,615,2001,37953,1844,36878,2149,74831,California
Santa Cruz,2021-03-11,2787,113997,1213,38809,1402,74401,172,787,1539,38419,1247,38125,1713,76544,California
Santa Cruz,2021-03-12,2742,116739,882,39691,1568,75969,292,1079,912,37796,1826,39951,1203,77747,California
Santa Cruz,2021-03-13,2303,119042,1325,41016,936,76905,42,1121,1176,37892,1124,41075,1220,78967,California
Santa Cruz,2021-03-14,897,119939,212,41228,671,77576,14,1135,428,37866,467,41542,441,79408,California
Santa Cruz,2021-03-15,1332,121271,474,41702,823,78399,35,1170,573,37719,756,42298,609,80017,California
Santa Cruz,2021-03-16,2307,123578,1090,42792,1177,79576,40,1210,1337,38129,966,43264,1376,81393,California
Santa Cruz,2021-03-17,3942,127520,2322,45114,1610,81186,10,1220,2599,39403,1338,44602,2612,84005,California
Santa Cruz,2021-03-18,3848,131368,2072,47186,1658,82844,118,1338,2059,39794,1786,46388,2177,86182,California
Santa Cruz,2021-03-19,3371,134739,1318,48504,1829,84673,224,1562,1758,40167,1608,47996,1981,88163,California
Santa Cruz,2021-03-20,2161,136900,1613,50117,512,85185,36,1598,1086,40216,1073,49069,1122,89285,California
Santa Cruz,2021-03-21,819,137719,439,50556,258,85443,122,1720,437,40396,380,49449,560,89845,California
Santa Cruz,2021-03-22,1364,139083,845,51401,497,85940,22,1742,941,40940,420,49869,964,90809,California
Santa Cruz,2021-03-23,2549,141632,1432,52833,1067,87007,50,1792,1685,41814,861,50730,1735,92544,California
Santa Cruz,2021-03-24,3099,144731,2111,54944,967,87974,21,1813,2066,42873,1027,51757,2086,94630,California
Santa Cruz,2021-03-25,2637,147368,1323,56267,1277,89251,37,1850,1346,42972,1284,53041,1383,96013,California
Santa Cruz,2021-03-26,3120,150488,1812,58079,1281,90532,27,1877,2146,44177,967,54008,2172,98185,California
Santa Cruz,2021-03-27,3208,153696,2002,60081,1181,91713,25,1902,1508,44021,1690,55698,1534,99719,California
Santa Cruz,2021-03-28,935,154631,577,60658,344,92057,14,1916,493,44090,438,56136,507,100226,California
Santa Cruz,2021-03-29,1985,156616,877,61535,1040,93097,68,1984,1286,44748,696,56832,1354,101580,California
Santa Cruz,2021-03-30,2692,159308,812,62347,1723,94820,157,2141,1712,45640,977,57809,1869,103449,California
Santa Cruz,2021-03-31,4174,163482,2833,65180,1293,96113,48,2189,2199,45917,1970,59779,2247,105696,California
Santa Cruz,2021-04-01,4049,167531,2166,67346,1775,97888,108,2297,2051,46085,1991,61770,2159,107855,California
Santa Cruz,2021-04-02,3284,170815,1422,68768,1684,99572,178,2475,1883,46748,1398,63168,2061,109916,California
Santa Cruz,2021-04-03,2249,173064,1226,69994,889,100461,134,2609,887,46408,1360,64528,1020,110936,California
Santa Cruz,2021-04-04,937,174001,489,70483,392,100853,56,2665,552,46631,385,64913,608,111544,California
Santa Cruz,2021-04-05,2268,176269,788,71271,1312,102165,168,2833,1404,47341,863,65776,1573,113117,California
Santa Cruz,2021-04-06,3396,179665,1650,72921,1366,103531,380,3213,1967,48265,1418,67194,2342,115459,California
Santa Cruz,2021-04-07,4170,183835,1634,74555,2175,105706,361,3574,1810,48086,2357,69551,2178,117637,California
Santa Cruz,2021-04-08,4272,188107,2346,76901,1411,107117,515,4089,2525,49388,1738,71289,3040,120677,California
Santa Cruz,2021-04-09,3688,191795,1506,78407,1784,108901,398,4487,2083,50271,1599,72888,2482,123159,California
Santa Cruz,2021-04-10,2246,194041,1080,79487,917,109818,249,4736,1052,50382,1190,74078,1301,124460,California
Santa Cruz,2021-04-11,990,195031,515,80002,383,110201,92,4828,476,50436,514,74592,568,125028,California
Santa Cruz,2021-04-12,2291,197322,821,80823,1046,111247,424,5252,1098,50778,1179,75771,1521,126549,California
Santa Cruz,2021-04-13,2883,200205,1446,82269,1435,112682,2,5254,1623,51149,1254,77025,1625,128174,California
Santa Cruz,2021-04-14,4602,204807,2242,84511,2360,115042,0,5254,2245,51046,2350,79375,2247,130421,California
Santa Cruz,2021-04-15,5003,209810,3192,87703,1811,116853,0,5254,3159,52372,1833,81208,3159,133580,California
Santa Cruz,2021-04-16,4484,214294,2484,90187,1998,118851,2,5256,2437,52773,2039,83247,2440,136020,California
Santa Cruz,2021-04-17,2247,216541,889,91076,1358,120209,0,5256,1495,53518,750,83997,1495,137515,California
Santa Cruz,2021-04-18,1057,217598,510,91586,546,120755,1,5257,586,53636,469,84466,587,138102,California
Santa Cruz,2021-04-19,2535,220133,1516,93102,1018,121773,1,5258,1608,54320,924,85390,1608,139710,California
Santa Cruz,2021-04-20,3132,223265,1668,94770,1464,123237,0,5258,1793,54784,1330,86720,1794,141504,California
Santa Cruz,2021-04-21,4257,227522,2848,97618,1409,124646,0,5258,2310,55165,1929,88649,2310,143814,California
Santa Cruz,2021-04-22,4308,231830,2905,100523,1403,126049,0,5258,2420,55706,1879,90528,2420,146234,California
Santa Cruz,2021-04-23,3197,235027,1734,102257,1462,127511,1,5259,1390,55298,1798,92326,1390,147624,California
Santa Cruz,2021-04-24,2242,237269,1086,103343,1153,128664,3,5262,702,54474,1529,93855,705,148329,California
Santa Cruz,2021-04-25,1090,238359,696,104039,382,129046,12,5274,450,54303,632,94487,461,148790,California
Santa Cruz,2021-04-26,1895,240254,931,104970,950,129996,14,5288,751,53935,1134,95621,766,149556,California
Santa Cruz,2021-04-27,2807,243061,881,105851,1859,131855,67,5355,1402,54005,1399,97020,1469,151025,California
Santa Cruz,2021-04-28,3411,246472,1888,107739,1446,133301,77,5432,1791,54261,1609,98629,1865,152890,California
Santa Cruz,2021-04-29,3707,250179,2459,110198,1185,134486,63,5495,1280,53189,2416,101045,1344,154234,California
Santa Cruz,2021-04-30,2382,252561,1209,111407,1129,135615,44,5539,1019,52897,1355,102400,1063,155297,California
Santa Cruz,2021-05-01,1285,253846,1019,112426,233,135848,33,5572,598,52843,685,103085,631,155928,California
Santa Cruz,2021-05-02,640,254486,455,112881,160,136008,25,5597,213,52655,427,103512,239,156167,California
Santa Cruz,2021-05-03,1925,256411,993,113874,865,136873,67,5664,660,52129,1254,104766,728,156895,California
Santa Cruz,2021-05-04,2685,259096,1562,115436,1053,137926,70,5734,868,51252,1813,106579,936,157831,California
Santa Cruz,2021-05-05,2741,261837,1366,116802,1313,139239,62,5796,719,50056,1981,108560,785,158616,California
Santa Cruz,2021-05-06,3835,265672,2443,119245,1174,140413,218,6014,853,48160,2964,111524,1068,159684,California
Santa Cruz,2021-05-07,2746,268418,1243,120488,1421,141834,82,6096,432,46366,2309,113833,515,160199,California
Santa Cruz,2021-05-08,1365,269783,687,121175,650,142484,28,6124,385,45801,980,114813,415,160614,California
Santa Cruz,2021-05-09,509,270292,327,121502,159,142643,23,6147,152,45622,354,115167,175,160789,California
Santa Cruz,2021-05-10,2029,272321,1220,122722,744,143387,65,6212,412,44491,1608,116775,477,161266,California
Santa Cruz,2021-05-11,2299,274620,1303,124025,917,144304,79,6291,643,43561,1651,118426,721,161987,California
Santa Cruz,2021-05-12,3005,277625,1283,125308,1648,145952,74,6365,520,41679,2477,120903,595,162582,California
Santa Cruz,2021-05-13,3645,281270,2493,127801,1065,147017,87,6452,1301,40728,2340,123243,1389,163971,California
Santa Cruz,2021-05-14,2768,284038,1533,129334,1195,148212,40,6492,1075,40161,1685,124928,1118,165089,California
Santa Cruz,2021-05-15,2295,286333,1330,130664,953,149165,12,6504,1119,40119,1173,126101,1131,166220,California
Santa Cruz,2021-05-16,723,287056,374,131038,328,149493,21,6525,206,39831,516,126617,228,166448,California
Santa Cruz,2021-05-17,1521,288577,801,131839,649,150142,71,6596,591,39564,929,127546,662,167110,California
Santa Cruz,2021-05-18,2293,290870,1422,133261,848,150990,23,6619,1166,39634,1119,128665,1189,168299,California
Santa Cruz,2021-05-19,2880,293750,1673,134934,1177,152167,30,6649,1153,39098,1719,130384,1183,169482,California
Santa Cruz,2021-05-20,2608,296358,1887,136821,581,152748,140,6789,1156,38955,1445,131829,1302,170784,California
Santa Cruz,2021-05-21,1372,297730,730,137551,553,153301,89,6878,524,38725,844,132673,614,171398,California
Santa Cruz,2021-05-22,1408,299138,1194,138745,206,153507,8,6886,534,38396,871,133544,542,171940,California
Santa Cruz,2021-05-23,183,299321,139,138884,29,153536,15,6901,64,38359,116,133660,79,172019,California
Santa Cruz,2021-05-24,1156,300477,662,139546,417,153953,77,6978,348,37985,797,134457,423,172442,California
Santa Cruz,2021-05-25,2187,302664,1233,140779,916,154869,38,7016,488,36962,1548,136005,525,172967,California
Santa Cruz,2021-05-26,1104,303768,544,141323,539,155408,21,7037,296,36483,797,136802,318,173285,California
Shasta,2020-12-16,131,131,131,131,0,0,0,0,131,131,0,0,131,131,California
Shasta,2020-12-17,420,551,420,551,0,0,0,0,420,551,0,0,420,551,California
Shasta,2020-12-18,166,717,166,717,0,0,0,0,166,717,0,0,166,717,California
Shasta,2020-12-19,1,718,1,718,0,0,0,0,1,718,0,0,1,718,California
Shasta,2020-12-21,79,797,79,797,0,0,0,0,79,797,0,0,79,797,California
Shasta,2020-12-22,192,989,187,984,5,5,0,0,192,989,0,0,192,989,California
Shasta,2020-12-23,174,1163,170,1154,4,9,0,0,174,1163,0,0,174,1163,California
Shasta,2020-12-24,18,1181,18,1172,0,9,0,0,18,1181,0,0,18,1181,California
Shasta,2020-12-26,4,1185,1,1173,3,12,0,0,4,1185,0,0,4,1185,California
Shasta,2020-12-27,1,1186,0,1173,1,13,0,0,1,1186,0,0,1,1186,California
Shasta,2020-12-28,40,1226,31,1204,9,22,0,0,40,1226,0,0,40,1226,California
Shasta,2020-12-29,186,1412,185,1389,1,23,0,0,186,1412,0,0,186,1412,California
Shasta,2020-12-30,178,1590,168,1557,10,33,0,0,178,1590,0,0,178,1590,California
Shasta,2020-12-31,83,1673,2,1559,81,114,0,0,83,1673,0,0,83,1673,California
Shasta,2021-01-02,2,1675,0,1559,2,116,0,0,2,1675,0,0,2,1675,California
Shasta,2021-01-03,1,1676,1,1560,0,116,0,0,1,1676,0,0,1,1676,California
Shasta,2021-01-04,372,2048,306,1866,66,182,0,0,373,2049,0,0,373,2049,California
Shasta,2021-01-05,335,2383,314,2180,21,203,0,0,253,2220,82,82,253,2302,California
Shasta,2021-01-06,466,2849,395,2575,71,274,0,0,203,2161,262,344,203,2505,California
Shasta,2021-01-07,125,2974,36,2611,89,363,0,0,104,2244,21,365,104,2609,California
Shasta,2021-01-08,525,3499,448,3059,77,440,0,0,317,2353,208,573,317,2926,California
Shasta,2021-01-09,73,3572,64,3123,9,449,0,0,71,2422,2,575,71,2997,California
Shasta,2021-01-10,5,3577,0,3123,5,454,0,0,4,2426,1,576,5,3002,California
Shasta,2021-01-11,405,3982,184,3307,221,675,0,0,370,2761,35,611,370,3372,California
Shasta,2021-01-12,487,4469,330,3637,157,832,0,0,312,2898,175,786,312,3684,California
Shasta,2021-01-13,599,5068,267,3904,332,1164,0,0,430,3159,169,955,430,4114,California
Shasta,2021-01-14,501,5569,52,3956,449,1613,0,0,483,3624,18,973,483,4597,California
Shasta,2021-01-15,686,6255,134,4090,552,2165,0,0,684,4306,2,975,684,5281,California
Shasta,2021-01-16,897,7152,54,4144,843,3008,0,0,894,5197,3,978,894,6175,California
Shasta,2021-01-17,27,7179,6,4150,21,3029,0,0,23,5216,4,982,23,6198,California
Shasta,2021-01-18,598,7777,128,4278,470,3499,0,0,590,5798,8,990,590,6788,California
Shasta,2021-01-19,1058,8835,398,4676,660,4159,0,0,910,6560,148,1138,910,7698,California
Shasta,2021-01-20,681,9516,413,5089,268,4427,0,0,494,6872,182,1320,494,8192,California
Shasta,2021-01-21,633,10149,280,5369,353,4780,0,0,610,7459,23,1343,610,8802,California
Shasta,2021-01-22,447,10596,173,5542,274,5054,0,0,441,7894,6,1349,441,9243,California
Shasta,2021-01-23,68,10664,5,5547,63,5117,0,0,67,7960,1,1350,67,9310,California
Shasta,2021-01-24,25,10689,2,5549,23,5140,0,0,24,7983,1,1351,24,9334,California
Shasta,2021-01-25,750,11439,491,6040,259,5399,0,0,464,8162,285,1636,464,9798,California
Shasta,2021-01-26,709,12148,333,6373,376,5775,0,0,475,8405,232,1868,475,10273,California
Shasta,2021-01-27,459,12607,179,6552,280,6055,0,0,410,8766,49,1917,410,10683,California
Shasta,2021-01-28,887,13494,576,7128,311,6366,0,0,665,9209,222,2139,665,11348,California
Shasta,2021-01-29,833,14327,332,7460,501,6867,0,0,643,9663,190,2329,644,11992,California
Shasta,2021-01-30,616,14943,15,7475,601,7468,0,0,606,10259,10,2339,606,12598,California
Shasta,2021-01-31,27,14970,3,7478,24,7492,0,0,26,10284,1,2340,26,12624,California
Shasta,2021-02-01,530,15500,148,7626,382,7874,0,0,386,10526,144,2484,386,13010,California
Shasta,2021-02-02,988,16488,500,8126,488,8362,0,0,896,11332,90,2574,896,13906,California
Shasta,2021-02-03,723,17211,211,8337,512,8874,0,0,488,11585,235,2809,488,14394,California
Shasta,2021-02-04,1098,18309,675,9012,423,9297,0,0,905,12298,192,3001,905,15299,California
Shasta,2021-02-05,1253,19562,165,9177,1088,10385,0,0,1046,13138,206,3207,1046,16345,California
Shasta,2021-02-06,1745,21307,41,9218,1704,12089,0,0,1722,14837,23,3230,1722,18067,California
Shasta,2021-02-07,25,21332,3,9221,22,12111,0,0,23,14858,2,3232,23,18090,California
Shasta,2021-02-08,596,21928,168,9389,428,12539,0,0,306,14874,290,3522,306,18396,California
Shasta,2021-02-09,1124,23052,654,10043,470,13009,0,0,731,15213,393,3915,732,19128,California
Shasta,2021-02-10,1124,24176,788,10831,336,13345,0,0,599,15287,526,4441,600,19728,California
Shasta,2021-02-11,891,25067,186,11017,705,14050,0,0,369,15139,517,4958,369,20097,California
Shasta,2021-02-12,1778,26845,1199,12216,579,14629,0,0,1227,15815,551,5509,1227,21324,California
Shasta,2021-02-13,1381,28226,368,12584,1013,15642,0,0,570,15574,812,6321,571,21895,California
Shasta,2021-02-14,150,28376,4,12588,146,15788,0,0,126,15676,24,6345,126,22021,California
Shasta,2021-02-15,377,28753,89,12677,288,16076,0,0,208,15715,169,6514,208,22229,California
Shasta,2021-02-16,1196,29949,521,13198,675,16751,0,0,422,15364,773,7287,422,22651,California
Shasta,2021-02-17,1034,30983,438,13636,596,17347,0,0,414,15158,620,7907,414,23065,California
Shasta,2021-02-18,949,31932,468,14104,481,17828,0,0,459,15128,490,8397,460,23525,California
Shasta,2021-02-19,1338,33270,946,15050,392,18220,0,0,871,15532,467,8864,871,24396,California
Shasta,2021-02-20,803,34073,90,15140,713,18933,0,0,304,15337,499,9363,304,24700,California
Shasta,2021-02-21,32,34105,3,15143,29,18962,0,0,10,15325,22,9385,10,24710,California
Shasta,2021-02-22,430,34535,77,15220,353,19315,0,0,178,15252,251,9636,178,24888,California
Shasta,2021-02-23,910,35445,469,15689,441,19756,0,0,327,14996,583,10219,327,25215,California
Shasta,2021-02-24,891,36336,509,16198,382,20138,0,0,274,14654,616,10835,274,25489,California
Shasta,2021-02-25,519,36855,163,16361,356,20494,0,0,162,14460,356,11191,162,25651,California
Shasta,2021-02-26,791,37646,94,16455,697,21191,0,0,332,14334,458,11649,332,25983,California
Shasta,2021-02-27,827,38473,27,16482,800,21991,0,0,188,13885,637,12286,188,26171,California
Shasta,2021-02-28,176,38649,4,16486,172,22163,0,0,126,13961,50,12336,126,26297,California
Shasta,2021-03-01,583,39232,58,16544,525,22688,0,0,295,13969,287,12623,295,26592,California
Shasta,2021-03-02,1029,40261,474,17018,555,23243,0,0,338,13618,689,13312,338,26930,California
Shasta,2021-03-03,673,40934,171,17189,502,23745,0,0,244,13433,429,13741,244,27174,California
Shasta,2021-03-04,3034,43968,2419,19608,615,24360,0,0,1749,13899,1284,15025,1750,28924,California
Shasta,2021-03-05,1558,45526,161,19769,1368,25728,29,29,790,13949,769,15794,819,29743,California
Shasta,2021-03-06,2743,48269,385,20154,2311,28039,47,76,856,12967,1885,17679,903,30646,California
Shasta,2021-03-07,92,48361,4,20158,56,28095,32,108,38,12983,54,17733,70,30716,California
Shasta,2021-03-08,570,48931,46,20204,385,28480,139,247,157,12868,411,18144,296,31012,California
Shasta,2021-03-09,1254,50185,595,20799,481,28961,178,425,699,13189,555,18699,876,31888,California
Shasta,2021-03-10,799,50984,257,21056,340,29301,202,627,136,12863,662,19361,336,32224,California
Shasta,2021-03-11,1558,52542,471,21527,815,30116,272,899,940,13460,615,19976,1212,33436,California
Shasta,2021-03-12,1560,54102,848,22375,463,30579,249,1148,412,12972,1147,21123,659,34095,California
Shasta,2021-03-13,758,54860,425,22800,232,30811,101,1249,474,13262,283,21406,573,34668,California
Shasta,2021-03-14,1018,55878,8,22808,988,31799,22,1271,879,14025,139,21545,902,35570,California
Shasta,2021-03-15,496,56374,35,22843,361,32160,100,1371,210,14048,286,21831,309,35879,California
Shasta,2021-03-16,1135,57509,149,22992,919,33079,67,1438,851,14682,284,22115,918,36797,California
Shasta,2021-03-17,733,58242,191,23183,484,33563,58,1496,394,14801,333,22448,452,37249,California
Shasta,2021-03-18,1544,59786,586,23769,854,34417,104,1600,1117,15599,423,22871,1221,38470,California
Shasta,2021-03-19,648,60434,196,23965,396,34813,56,1656,414,15836,233,23104,470,38940,California
Shasta,2021-03-20,747,61181,489,24454,244,35057,14,1670,599,16301,148,23252,613,39553,California
Shasta,2021-03-21,313,61494,298,24752,4,35061,11,1681,286,16572,26,23278,297,39850,California
Shasta,2021-03-22,347,61841,37,24789,274,35335,36,1717,199,16660,147,23425,235,40085,California
Shasta,2021-03-23,1312,63153,653,25442,599,35934,60,1777,757,16927,550,23975,817,40902,California
Shasta,2021-03-24,610,63763,156,25598,416,36350,38,1815,366,17088,243,24218,404,41306,California
Shasta,2021-03-25,1134,64897,449,26047,664,37014,21,1836,820,17619,311,24529,842,42148,California
Shasta,2021-03-26,1836,66733,1404,27451,402,37416,30,1866,1477,18768,359,24888,1508,43656,California
Shasta,2021-03-27,1594,68327,405,27856,317,37733,872,2738,575,19195,1017,25905,1444,45100,California
Shasta,2021-03-28,405,68732,299,28155,96,37829,10,2748,300,19402,103,26008,310,45410,California
Shasta,2021-03-29,420,69152,40,28195,368,38197,12,2760,166,19327,253,26261,178,45588,California
Shasta,2021-03-30,1247,70399,766,28961,464,38661,17,2777,625,19350,619,26880,642,46230,California
Shasta,2021-03-31,620,71019,206,29167,408,39069,6,2783,384,19509,231,27111,390,46620,California
Shasta,2021-04-01,897,71916,248,29415,637,39706,12,2795,576,19778,319,27430,588,47208,California
Shasta,2021-04-02,755,72671,200,29615,501,40207,54,2849,415,19909,338,27768,469,47677,California
Shasta,2021-04-03,514,73185,362,29977,133,40340,19,2868,389,20192,125,27893,408,48085,California
Shasta,2021-04-04,293,73478,176,30153,96,40436,21,2889,218,20356,75,27968,239,48324,California
Shasta,2021-04-05,444,73922,68,30221,312,40748,64,2953,253,20482,191,28159,317,48641,California
Shasta,2021-04-06,1164,75086,487,30708,503,41251,174,3127,539,20575,620,28779,713,49354,California
Shasta,2021-04-07,656,75742,213,30921,280,41531,163,3290,258,20602,394,29173,421,49775,California
Shasta,2021-04-08,1150,76892,262,31183,732,42263,156,3446,222,20054,926,30099,378,50153,California
Shasta,2021-04-09,2587,79479,2070,33253,307,42570,210,3656,2007,21696,573,30672,2215,52368,California
Shasta,2021-04-10,880,80359,593,33846,158,42728,129,3785,267,21478,613,31285,395,52763,California
Shasta,2021-04-11,1251,81610,397,34243,834,43562,20,3805,144,20539,1103,32388,164,52927,California
Shasta,2021-04-12,338,81948,7,34250,269,43831,62,3867,97,20457,240,32628,158,53085,California
Shasta,2021-04-13,1268,83216,366,34616,900,44731,2,3869,338,19870,926,33554,339,53424,California
Shasta,2021-04-14,592,83808,143,34759,447,45178,2,3871,221,19723,370,33924,223,53647,California
Shasta,2021-04-15,1072,84880,258,35017,814,45992,0,3871,300,19254,769,34693,300,53947,California
Shasta,2021-04-16,2340,87220,1845,36862,495,46487,0,3871,935,18786,1403,36096,935,54882,California
Shasta,2021-04-17,642,87862,411,37273,231,46718,0,3871,189,18523,453,36549,190,55072,California
Shasta,2021-04-18,265,88127,240,37513,25,46743,0,3871,32,18324,231,36780,32,55104,California
Shasta,2021-04-19,381,88508,27,37540,354,47097,0,3871,162,18267,219,36999,162,55266,California
Shasta,2021-04-20,1011,89519,256,37796,755,47852,0,3871,377,18011,633,37632,377,55643,California
Shasta,2021-04-21,605,90124,220,38016,385,48237,0,3871,304,18014,301,37933,304,55947,California
Shasta,2021-04-22,965,91089,283,38299,682,48919,0,3871,300,17651,663,38596,300,56247,California
Shasta,2021-04-23,659,91748,264,38563,395,49314,0,3871,328,17649,330,38926,328,56575,California
Shasta,2021-04-24,600,92348,357,38920,242,49556,1,3872,108,17267,490,39416,108,56683,California
Shasta,2021-04-25,211,92559,182,39102,28,49584,1,3873,37,17131,174,39590,38,56721,California
Shasta,2021-04-26,485,93044,52,39154,428,50012,5,3878,337,17326,146,39736,341,57062,California
Shasta,2021-04-27,536,93580,178,39332,322,50334,36,3914,296,17419,237,39973,330,57392,California
Shasta,2021-04-28,578,94158,158,39490,387,50721,33,3947,253,17379,325,40298,285,57677,California
Shasta,2021-04-29,783,94941,120,39610,640,51361,23,3970,182,16984,600,40898,205,57882,California
Shasta,2021-04-30,2268,97209,1842,41452,395,51756,31,4001,270,15288,1997,42895,301,58183,California
Shasta,2021-05-01,224,97433,20,41472,128,51884,76,4077,96,15332,128,43023,172,58355,California
Shasta,2021-05-02,46,97479,16,41488,17,51901,13,4090,19,15337,27,43050,32,58387,California
Shasta,2021-05-03,351,97830,94,41582,231,52132,26,4116,112,15237,238,43288,138,58525,California
Shasta,2021-05-04,528,98358,193,41775,296,52428,39,4155,254,15259,271,43559,293,58818,California
Shasta,2021-05-05,432,98790,140,41915,275,52703,17,4172,200,15244,232,43791,217,59035,California
Shasta,2021-05-06,694,99484,264,42179,390,53093,40,4212,296,15191,389,44180,336,59371,California
Shasta,2021-05-07,1116,100600,735,42914,342,53435,39,4251,304,14723,811,44991,343,59714,California
Shasta,2021-05-08,167,100767,83,42997,74,53509,10,4261,98,14762,68,45059,107,59821,California
Shasta,2021-05-09,66,100833,15,43012,46,53555,5,4266,35,14771,31,45090,40,59861,California
Shasta,2021-05-10,260,101093,21,43033,189,53744,50,4316,113,14787,144,45234,160,60021,California
Shasta,2021-05-11,507,101600,160,43193,198,53942,149,4465,174,14778,332,45566,323,60344,California
Shasta,2021-05-12,366,101966,142,43335,202,54144,22,4487,119,14673,246,45812,141,60485,California
Shasta,2021-05-13,534,102500,224,43559,294,54438,16,4503,197,14551,335,46147,213,60698,California
Shasta,2021-05-14,604,103104,260,43819,318,54756,26,4529,273,14521,330,46477,300,60998,California
Shasta,2021-05-15,394,103498,125,43944,164,54920,105,4634,163,14558,230,46707,267,61265,California
Shasta,2021-05-16,223,103721,155,44099,58,54978,10,4644,164,14673,59,46766,174,61439,California
Shasta,2021-05-17,539,104260,243,44342,236,55214,60,4704,286,14767,252,47018,346,61785,California
Shasta,2021-05-18,609,104869,293,44635,292,55506,24,4728,326,14834,283,47301,350,62135,California
Shasta,2021-05-19,578,105447,280,44915,230,55736,68,4796,285,14897,290,47591,353,62488,California
Shasta,2021-05-20,510,105957,233,45148,260,55996,17,4813,242,14891,265,47856,259,62747,California
Shasta,2021-05-21,532,106489,257,45405,257,56253,18,4831,272,14923,258,48114,290,63037,California
Shasta,2021-05-22,190,106679,112,45517,71,56324,7,4838,121,14984,67,48181,128,63165,California
Shasta,2021-05-23,94,106773,43,45560,40,56364,11,4849,59,15019,35,48216,70,63235,California
Shasta,2021-05-24,519,107292,158,45718,331,56695,30,4879,185,14901,333,48549,215,63450,California
Shasta,2021-05-25,421,107713,170,45888,208,56903,43,4922,155,14835,263,48812,197,63647,California
Shasta,2021-05-26,151,107864,71,45959,69,56972,11,4933,58,14811,93,48905,69,63716,California
Sierra,2020-12-18,1,1,1,1,0,0,0,0,1,1,0,0,1,1,California
Sierra,2020-12-21,2,3,2,3,0,0,0,0,2,3,0,0,2,3,California
Sierra,2020-12-22,12,15,12,15,0,0,0,0,12,15,0,0,12,15,California
Sierra,2020-12-23,4,19,4,19,0,0,0,0,4,19,0,0,4,19,California
Sierra,2020-12-28,1,20,0,19,1,1,0,0,1,20,0,0,1,20,California
Sierra,2020-12-29,49,69,7,26,42,43,0,0,49,69,0,0,49,69,California
Sierra,2020-12-30,2,71,0,26,2,45,0,0,2,71,0,0,2,71,California
Sierra,2020-12-31,13,84,0,26,13,58,0,0,13,84,0,0,13,84,California
Sierra,2021-01-01,1,85,1,27,0,58,0,0,1,85,0,0,1,85,California
Sierra,2021-01-05,64,149,2,29,62,120,0,0,64,149,0,0,64,149,California
Sierra,2021-01-06,1,150,1,30,0,120,0,0,1,150,0,0,1,150,California
Sierra,2021-01-07,21,171,1,31,20,140,0,0,20,169,1,1,20,170,California
Sierra,2021-01-08,1,172,1,32,0,140,0,0,1,170,0,1,1,171,California
Sierra,2021-01-11,3,175,3,35,0,140,0,0,0,167,3,4,0,171,California
Sierra,2021-01-12,39,214,12,47,27,167,0,0,27,182,12,16,27,198,California
Sierra,2021-01-13,3,217,3,50,0,167,0,0,0,179,3,19,0,198,California
Sierra,2021-01-14,35,252,2,52,33,200,0,0,35,214,0,19,35,233,California
Sierra,2021-01-15,3,255,1,53,2,202,0,0,3,217,0,19,3,236,California
Sierra,2021-01-18,2,257,0,53,2,204,0,0,2,219,0,19,2,238,California
Sierra,2021-01-19,32,289,0,53,32,236,0,0,32,251,0,19,32,270,California
Sierra,2021-01-20,1,290,1,54,0,236,0,0,1,252,0,19,1,271,California
Sierra,2021-01-21,52,342,0,54,52,288,0,0,52,304,0,19,52,323,California
Sierra,2021-01-22,2,344,0,54,2,290,0,0,2,306,0,19,2,325,California
Sierra,2021-01-23,2,346,0,54,2,292,0,0,2,308,0,19,2,327,California
Sierra,2021-01-26,62,408,0,54,62,354,0,0,24,294,38,57,24,351,California
Sierra,2021-01-27,4,412,4,58,0,354,0,0,0,290,4,61,0,351,California
Sierra,2021-01-28,53,465,0,58,53,407,0,0,43,323,10,71,43,394,California
Sierra,2021-01-29,2,467,0,58,2,409,0,0,2,325,0,71,2,396,California
Sierra,2021-01-30,3,470,3,61,0,409,0,0,2,326,1,72,2,398,California
Sierra,2021-02-01,1,471,0,61,1,410,0,0,0,325,1,73,0,398,California
Sierra,2021-02-02,58,529,1,62,57,467,0,0,19,305,39,112,19,417,California
Sierra,2021-02-03,6,535,5,67,1,468,0,0,5,309,1,113,5,422,California
Sierra,2021-02-04,102,637,5,72,97,565,0,0,53,313,49,162,53,475,California
Sierra,2021-02-05,6,643,4,76,2,567,0,0,5,317,1,163,5,480,California
Sierra,2021-02-09,51,694,0,76,51,618,0,0,48,362,3,166,48,528,California
Sierra,2021-02-10,4,698,2,78,2,620,0,0,4,366,0,166,4,532,California
Sierra,2021-02-11,195,893,1,79,194,814,0,0,134,439,61,227,134,666,California
Sierra,2021-02-12,20,913,0,79,20,834,0,0,20,459,0,227,20,686,California
Sierra,2021-02-13,1,914,1,80,0,834,0,0,1,460,0,227,1,687,California
Sierra,2021-02-15,2,916,2,82,0,834,0,0,0,458,2,229,0,687,California
Sierra,2021-02-16,43,959,0,82,43,877,0,0,10,435,33,262,10,697,California
Sierra,2021-02-17,4,963,0,82,4,881,0,0,1,433,3,265,1,698,California
Sierra,2021-02-18,140,1103,0,82,140,1021,0,0,91,475,49,314,91,789,California
Sierra,2021-02-19,2,1105,1,83,1,1022,0,0,1,475,1,315,1,790,California
Sierra,2021-02-20,2,1107,2,85,0,1022,0,0,0,473,2,317,0,790,California
Sierra,2021-02-22,1,1108,1,86,0,1022,0,0,1,474,0,317,1,791,California
Sierra,2021-02-23,4,1112,0,86,4,1026,0,0,4,478,0,317,4,795,California
Sierra,2021-02-24,3,1115,2,88,1,1027,0,0,3,481,0,317,3,798,California
Sierra,2021-02-25,126,1241,2,90,124,1151,0,0,59,474,66,383,59,857,California
Sierra,2021-02-26,11,1252,6,96,5,1156,0,0,4,471,7,390,4,861,California
Sierra,2021-02-27,2,1254,2,98,0,1156,0,0,0,469,2,392,0,861,California
Sierra,2021-03-01,2,1256,2,100,0,1156,0,0,0,467,2,394,0,861,California
Sierra,2021-03-02,56,1312,0,100,56,1212,0,0,38,487,18,412,38,899,California
Sierra,2021-03-03,2,1314,2,102,0,1212,0,0,1,487,1,413,1,900,California
Sierra,2021-03-04,108,1422,0,102,108,1320,0,0,60,499,48,461,60,960,California
Sierra,2021-03-05,13,1435,1,103,12,1332,0,0,11,508,2,463,11,971,California
Sierra,2021-03-07,1,1436,1,104,0,1332,0,0,0,507,1,464,0,971,California
Sierra,2021-03-08,2,1438,2,106,0,1332,0,0,2,509,0,464,2,973,California
Sierra,2021-03-09,56,1494,0,106,56,1388,0,0,12,477,44,508,12,985,California
Sierra,2021-03-10,6,1500,0,106,6,1394,0,0,4,479,2,510,4,989,California
Sierra,2021-03-11,176,1676,0,106,176,1570,0,0,44,391,132,642,44,1033,California
Sierra,2021-03-12,20,1696,1,107,19,1589,0,0,0,371,20,662,0,1033,California
Sierra,2021-03-13,28,1724,0,107,28,1617,0,0,28,399,0,662,28,1061,California
Sierra,2021-03-14,1,1725,0,107,0,1617,1,1,0,399,1,663,1,1062,California
Sierra,2021-03-15,1,1726,1,108,0,1617,0,1,0,398,1,664,0,1062,California
Sierra,2021-03-16,35,1761,0,108,34,1651,1,2,22,408,13,677,23,1085,California
Sierra,2021-03-17,3,1764,2,110,1,1652,0,2,0,405,3,680,0,1085,California
Sierra,2021-03-18,158,1922,0,110,158,1810,0,2,65,377,93,773,65,1150,California
Sierra,2021-03-19,4,1926,2,112,2,1812,0,2,1,375,3,776,1,1151,California
Sierra,2021-03-20,1,1927,0,112,1,1813,0,2,1,376,0,776,1,1152,California
Sierra,2021-03-23,22,1949,0,112,22,1835,0,2,13,380,9,785,13,1165,California
Sierra,2021-03-24,3,1952,1,113,2,1837,0,2,1,379,2,787,1,1166,California
Sierra,2021-03-25,99,2051,1,114,98,1935,0,2,50,380,49,836,50,1216,California
Sierra,2021-03-26,12,2063,1,115,11,1946,0,2,8,384,4,840,8,1224,California
Sierra,2021-03-27,1,2064,0,115,1,1947,0,2,0,383,1,841,0,1224,California
Sierra,2021-03-29,1,2065,1,116,0,1947,0,2,0,382,1,842,0,1224,California
Sierra,2021-03-30,55,2120,1,117,54,2001,0,2,22,371,33,875,22,1246,California
Sierra,2021-03-31,8,2128,0,117,8,2009,0,2,8,379,0,875,8,1254,California
Sierra,2021-04-01,63,2191,1,118,62,2071,0,2,5,328,56,931,5,1259,California
Sierra,2021-04-02,3,2194,2,120,1,2072,0,2,2,329,1,932,2,1261,California
Sierra,2021-04-04,1,2195,0,120,1,2073,0,2,0,329,0,932,0,1261,California
Sierra,2021-04-06,11,2206,0,120,11,2084,0,2,1,320,10,942,1,1262,California
Sierra,2021-04-07,14,2220,3,123,6,2090,5,7,3,318,10,952,8,1270,California
Sierra,2021-04-08,54,2274,2,125,52,2142,0,7,16,296,38,990,16,1286,California
Sierra,2021-04-09,2,2276,2,127,0,2142,0,7,1,296,1,991,1,1287,California
Sierra,2021-04-10,27,2303,0,127,27,2169,0,7,0,269,27,1018,0,1287,California
Sierra,2021-04-12,1,2304,0,127,0,2169,1,8,0,269,1,1019,1,1288,California
Sierra,2021-04-13,45,2349,0,127,45,2214,0,8,5,234,40,1059,5,1293,California
Sierra,2021-04-14,1,2350,0,127,1,2215,0,8,1,235,0,1059,1,1294,California
Sierra,2021-04-15,49,2399,1,128,48,2263,0,8,2,190,47,1106,2,1296,California
Sierra,2021-04-17,2,2401,1,129,1,2264,0,8,1,190,1,1107,1,1297,California
Sierra,2021-04-18,1,2402,0,129,1,2265,0,8,0,190,0,1107,0,1297,California
Sierra,2021-04-19,1,2403,1,130,0,2265,0,8,0,189,1,1108,0,1297,California
Sierra,2021-04-20,34,2437,1,131,33,2298,0,8,7,169,27,1135,7,1304,California
Sierra,2021-04-21,2,2439,1,132,1,2299,0,8,1,169,1,1136,1,1305,California
Sierra,2021-04-22,64,2503,1,133,63,2362,0,8,5,116,58,1194,5,1310,California
Sierra,2021-04-23,11,2514,0,133,11,2373,0,8,3,111,8,1202,3,1313,California
Sierra,2021-04-24,4,2518,0,133,4,2377,0,8,4,115,0,1202,4,1317,California
Sierra,2021-04-27,28,2546,1,134,27,2404,0,8,5,97,23,1225,5,1322,California
Sierra,2021-04-28,10,2556,2,136,8,2412,0,8,1,89,9,1234,1,1323,California
Sierra,2021-04-29,20,2576,2,138,18,2430,0,8,14,97,6,1240,14,1337,California
Sierra,2021-04-30,4,2580,2,140,2,2432,0,8,2,97,2,1242,2,1339,California
Sierra,2021-05-03,1,2581,1,141,0,2432,0,8,1,98,0,1242,1,1340,California
Sierra,2021-05-04,1,2582,0,141,1,2433,0,8,0,97,1,1243,0,1340,California
Sierra,2021-05-05,22,2604,0,141,22,2455,0,8,7,89,15,1258,7,1347,California
Sierra,2021-05-06,1,2605,1,142,0,2455,0,8,0,88,1,1259,0,1347,California
Sierra,2021-05-07,1,2606,1,143,0,2455,0,8,1,89,0,1259,1,1348,California
Sierra,2021-05-08,1,2607,0,143,0,2455,1,9,0,89,1,1260,1,1349,California
Sierra,2021-05-11,11,2618,0,143,4,2459,7,16,0,85,11,1271,7,1356,California
Sierra,2021-05-12,10,2628,1,144,9,2468,0,16,7,89,3,1274,7,1363,California
Sierra,2021-05-13,3,2631,2,146,1,2469,0,16,2,90,1,1275,2,1365,California
Sierra,2021-05-14,3,2634,1,147,2,2471,0,16,3,93,0,1275,3,1368,California
Sierra,2021-05-17,1,2635,1,148,0,2471,0,16,1,94,0,1275,1,1369,California
Sierra,2021-05-18,3,2638,1,149,1,2472,1,17,0,92,3,1278,1,1370,California
Sierra,2021-05-19,6,2644,3,152,3,2475,0,17,2,90,4,1282,2,1372,California
Sierra,2021-05-20,9,2653,8,160,0,2475,1,18,8,98,1,1283,9,1381,California
Sierra,2021-05-21,4,2657,2,162,2,2477,0,18,1,96,3,1286,1,1382,California
Sierra,2021-05-22,4,2661,0,162,4,2481,0,18,0,92,4,1290,0,1382,California
Sierra,2021-05-23,1,2662,0,162,1,2482,0,18,1,93,0,1290,1,1383,California
Sierra,2021-05-24,2,2664,1,163,1,2483,0,18,1,93,1,1291,1,1384,California
Sierra,2021-05-25,1,2665,0,163,1,2484,0,18,0,92,1,1292,0,1384,California
Sierra,2021-05-26,8,2673,0,163,8,2492,0,18,4,92,4,1296,4,1388,California
Siskiyou,2020-12-16,2,2,2,2,0,0,0,0,2,2,0,0,2,2,California
Siskiyou,2020-12-17,4,6,4,6,0,0,0,0,4,6,0,0,4,6,California
Siskiyou,2020-12-18,2,8,2,8,0,0,0,0,2,8,0,0,2,8,California
Siskiyou,2020-12-19,4,12,4,12,0,0,0,0,4,12,0,0,4,12,California
Siskiyou,2020-12-20,1,13,1,13,0,0,0,0,1,13,0,0,1,13,California
Siskiyou,2020-12-21,132,145,132,145,0,0,0,0,132,145,0,0,132,145,California
Siskiyou,2020-12-22,158,303,158,303,0,0,0,0,158,303,0,0,158,303,California
Siskiyou,2020-12-23,142,445,142,445,0,0,0,0,142,445,0,0,142,445,California
Siskiyou,2020-12-24,5,450,5,450,0,0,0,0,5,450,0,0,5,450,California
Siskiyou,2020-12-26,2,452,0,450,2,2,0,0,2,452,0,0,2,452,California
Siskiyou,2020-12-27,2,454,0,450,2,4,0,0,2,454,0,0,2,454,California
Siskiyou,2020-12-28,3,457,1,451,2,6,0,0,3,457,0,0,3,457,California
Siskiyou,2020-12-29,6,463,2,453,4,10,0,0,6,463,0,0,6,463,California
Siskiyou,2020-12-30,98,561,3,456,95,105,0,0,98,561,0,0,98,561,California
Siskiyou,2020-12-31,12,573,0,456,12,117,0,0,12,573,0,0,12,573,California
Siskiyou,2021-01-02,1,574,1,457,0,117,0,0,1,574,0,0,1,574,California
Siskiyou,2021-01-03,1,575,0,457,1,118,0,0,1,575,0,0,1,575,California
Siskiyou,2021-01-04,130,705,3,460,127,245,0,0,130,705,0,0,130,705,California
Siskiyou,2021-01-05,116,821,4,464,112,357,0,0,115,819,1,1,115,820,California
Siskiyou,2021-01-06,59,880,6,470,53,410,0,0,55,870,4,5,55,875,California
Siskiyou,2021-01-07,175,1055,4,474,171,581,0,0,174,1043,1,6,174,1049,California
Siskiyou,2021-01-08,41,1096,3,477,38,619,0,0,39,1080,2,8,39,1088,California
Siskiyou,2021-01-09,2,1098,2,479,0,619,0,0,0,1078,2,10,0,1088,California
Siskiyou,2021-01-11,226,1324,65,544,161,780,0,0,163,1178,63,73,163,1251,California
Siskiyou,2021-01-12,322,1646,274,818,48,828,0,0,89,1035,233,306,90,1341,California
Siskiyou,2021-01-13,157,1803,137,955,20,848,0,0,23,924,134,440,23,1364,California
Siskiyou,2021-01-14,25,1828,1,956,24,872,0,0,24,947,1,441,24,1388,California
Siskiyou,2021-01-15,35,1863,3,959,32,904,0,0,35,982,0,441,35,1423,California
Siskiyou,2021-01-16,7,1870,2,961,5,909,0,0,7,989,0,441,7,1430,California
Siskiyou,2021-01-17,1,1871,1,962,0,909,0,0,0,988,1,442,0,1430,California
Siskiyou,2021-01-18,77,1948,4,966,73,982,0,0,75,1061,2,444,75,1505,California
Siskiyou,2021-01-19,21,1969,1,967,20,1002,0,0,20,1080,1,445,20,1525,California
Siskiyou,2021-01-20,47,2016,35,1002,12,1014,0,0,43,1119,4,449,43,1568,California
Siskiyou,2021-01-21,42,2058,1,1003,41,1055,0,0,42,1161,0,449,42,1610,California
Siskiyou,2021-01-22,1327,3385,1175,2178,152,1207,0,0,1327,2488,0,449,1327,2937,California
Siskiyou,2021-01-23,5,3390,1,2179,4,1211,0,0,2,2487,3,452,2,2939,California
Siskiyou,2021-01-25,182,3572,8,2187,174,1385,0,0,178,2661,4,456,178,3117,California
Siskiyou,2021-01-26,148,3720,3,2190,145,1530,0,0,140,2793,8,464,140,3257,California
Siskiyou,2021-01-27,181,3901,1,2191,180,1710,0,0,126,2864,55,519,126,3383,California
Siskiyou,2021-01-28,231,4132,117,2308,114,1824,0,0,225,3083,6,525,225,3608,California
Siskiyou,2021-01-29,249,4381,3,2311,246,2070,0,0,247,3328,2,527,247,3855,California
Siskiyou,2021-01-30,4,4385,3,2314,1,2071,0,0,4,3332,0,527,4,3859,California
Siskiyou,2021-02-01,195,4580,3,2317,192,2263,0,0,105,3347,90,617,105,3964,California
Siskiyou,2021-02-02,289,4869,45,2362,244,2507,0,0,147,3352,142,759,147,4111,California
Siskiyou,2021-02-03,314,5183,1,2363,313,2820,0,0,264,3566,50,809,264,4375,California
Siskiyou,2021-02-04,322,5505,7,2370,315,3135,0,0,200,3644,122,931,200,4575,California
Siskiyou,2021-02-05,511,6016,4,2374,507,3642,0,0,349,3831,162,1093,349,4924,California
Siskiyou,2021-02-06,15,6031,0,2374,15,3657,0,0,15,3846,0,1093,15,4939,California
Siskiyou,2021-02-07,4,6035,3,2377,1,3658,0,0,4,3850,0,1093,4,4943,California
Siskiyou,2021-02-08,221,6256,5,2382,216,3874,0,0,216,4061,5,1098,216,5159,California
Siskiyou,2021-02-09,197,6453,4,2386,193,4067,0,0,164,4192,33,1131,164,5323,California
Siskiyou,2021-02-10,370,6823,40,2426,330,4397,0,0,317,4457,52,1183,317,5640,California
Siskiyou,2021-02-11,189,7012,1,2427,188,4585,0,0,174,4616,15,1198,174,5814,California
Siskiyou,2021-02-12,1690,8702,1198,3625,492,5077,0,0,501,3928,1189,2387,501,6315,California
Siskiyou,2021-02-13,36,8738,2,3627,34,5111,0,0,32,3956,4,2391,32,6347,California
Siskiyou,2021-02-14,5,8743,1,3628,4,5115,0,0,5,3961,0,2391,5,6352,California
Siskiyou,2021-02-15,108,8851,10,3638,98,5213,0,0,106,4065,2,2393,106,6458,California
Siskiyou,2021-02-16,114,8965,2,3640,112,5325,0,0,99,4149,15,2408,99,6557,California
Siskiyou,2021-02-17,184,9149,15,3655,169,5494,0,0,170,4305,14,2422,170,6727,California
Siskiyou,2021-02-18,221,9370,88,3743,133,5627,0,0,98,4280,123,2545,98,6825,California
Siskiyou,2021-02-19,71,9441,34,3777,37,5664,0,0,34,4277,37,2582,34,6859,California
Siskiyou,2021-02-20,21,9462,3,3780,18,5682,0,0,16,4288,5,2587,16,6875,California
Siskiyou,2021-02-21,1,9463,1,3781,0,5682,0,0,1,4289,0,2587,1,6876,California
Siskiyou,2021-02-22,125,9588,2,3783,123,5805,0,0,19,4202,106,2693,19,6895,California
Siskiyou,2021-02-23,197,9785,15,3798,182,5987,0,0,53,4111,144,2837,53,6948,California
Siskiyou,2021-02-24,149,9934,5,3803,144,6131,0,0,37,4036,112,2949,37,6985,California
Siskiyou,2021-02-25,301,10235,24,3827,277,6408,0,0,155,4045,146,3095,155,7140,California
Siskiyou,2021-02-26,671,10906,11,3838,660,7068,0,0,369,4112,302,3397,369,7509,California
Siskiyou,2021-02-27,33,10939,5,3843,28,7096,0,0,28,4135,5,3402,28,7537,California
Siskiyou,2021-02-28,6,10945,5,3848,1,7097,0,0,4,4137,2,3404,4,7541,California
Siskiyou,2021-03-01,280,11225,6,3854,274,7371,0,0,50,3957,230,3634,50,7591,California
Siskiyou,2021-03-02,190,11415,1,3855,189,7560,0,0,70,3907,120,3754,70,7661,California
Siskiyou,2021-03-03,348,11763,10,3865,338,7898,0,0,155,3869,193,3947,155,7816,California
Siskiyou,2021-03-04,793,12556,620,4485,173,8071,0,0,635,4346,158,4105,635,8451,California
Siskiyou,2021-03-05,326,12882,6,4491,309,8380,11,11,105,4244,218,4323,116,8567,California
Siskiyou,2021-03-06,43,12925,3,4494,33,8413,7,18,28,4264,15,4338,35,8602,California
Siskiyou,2021-03-07,12,12937,4,4498,0,8413,8,26,3,4266,9,4347,11,8613,California
Siskiyou,2021-03-08,360,13297,30,4528,295,8708,35,61,59,4059,301,4648,94,8707,California
Siskiyou,2021-03-09,164,13461,2,4530,108,8816,54,115,57,4063,107,4755,111,8818,California
Siskiyou,2021-03-10,222,13683,7,4537,185,9001,30,145,30,3931,192,4947,60,8878,California
Siskiyou,2021-03-11,476,14159,206,4743,223,9224,47,192,276,4055,199,5146,323,9201,California
Siskiyou,2021-03-12,650,14809,141,4884,470,9694,39,231,184,3816,464,5610,225,9426,California
Siskiyou,2021-03-13,427,15236,380,5264,24,9718,23,254,381,4174,46,5656,404,9830,California
Siskiyou,2021-03-14,20,15256,1,5265,3,9721,16,270,2,4174,18,5674,18,9848,California
Siskiyou,2021-03-15,457,15713,258,5523,177,9898,22,292,322,4383,135,5809,344,10192,California
Siskiyou,2021-03-16,257,15970,34,5557,206,10104,17,309,140,4424,116,5925,157,10349,California
Siskiyou,2021-03-17,201,16171,9,5566,184,10288,8,317,34,4299,167,6092,42,10391,California
Siskiyou,2021-03-18,929,17100,791,6357,126,10414,12,329,813,5008,116,6208,825,11216,California
Siskiyou,2021-03-19,68,17168,10,6367,45,10459,13,342,20,4993,48,6256,33,11249,California
Siskiyou,2021-03-20,30,17198,7,6374,18,10477,5,347,6,4980,24,6280,11,11260,California
Siskiyou,2021-03-21,10,17208,4,6378,1,10478,5,352,4,4983,6,6286,9,11269,California
Siskiyou,2021-03-22,208,17416,21,6399,165,10643,22,374,145,5090,60,6346,167,11436,California
Siskiyou,2021-03-23,196,17612,19,6418,167,10810,10,384,141,5186,55,6401,151,11587,California
Siskiyou,2021-03-24,141,17753,47,6465,94,10904,0,384,115,5275,26,6427,115,11702,California
Siskiyou,2021-03-25,571,18324,319,6784,249,11153,3,387,400,5507,171,6598,403,12105,California
Siskiyou,2021-03-26,305,18629,35,6819,270,11423,0,387,104,5412,199,6797,104,12209,California
Siskiyou,2021-03-27,37,18666,4,6823,28,11451,5,392,9,5398,28,6825,14,12223,California
Siskiyou,2021-03-28,9,18675,8,6831,1,11452,0,392,5,5399,4,6829,5,12228,California
Siskiyou,2021-03-29,96,18771,10,6841,84,11536,2,394,46,5397,50,6879,48,12276,California
Siskiyou,2021-03-30,102,18873,7,6848,94,11630,1,395,41,5378,61,6940,42,12318,California
Siskiyou,2021-03-31,190,19063,20,6868,167,11797,3,398,48,5289,141,7081,52,12370,California
Siskiyou,2021-04-01,831,19894,673,7541,158,11955,0,398,214,4886,617,7698,214,12584,California
Siskiyou,2021-04-02,347,20241,197,7738,146,12101,4,402,66,4677,279,7977,70,12654,California
Siskiyou,2021-04-03,26,20267,5,7743,14,12115,7,409,5,4668,21,7998,12,12666,California
Siskiyou,2021-04-04,2,20269,1,7744,1,12116,0,409,1,4668,1,7999,1,12667,California
Siskiyou,2021-04-05,438,20707,332,8076,80,12196,26,435,27,4311,410,8409,53,12720,California
Siskiyou,2021-04-06,219,20926,36,8112,130,12326,53,488,125,4395,93,8502,177,12897,California
Siskiyou,2021-04-07,116,21042,11,8123,63,12389,42,530,66,4453,50,8552,108,13005,California
Siskiyou,2021-04-08,354,21396,186,8309,127,12516,41,571,64,4268,290,8842,105,13110,California
Siskiyou,2021-04-09,547,21943,379,8688,131,12647,37,608,84,3928,462,9304,122,13232,California
Siskiyou,2021-04-10,45,21988,6,8694,2,12649,37,645,6,3932,39,9343,43,13275,California
Siskiyou,2021-04-11,8,21996,5,8699,1,12650,2,647,2,3930,6,9349,4,13279,California
Siskiyou,2021-04-12,129,22125,25,8724,103,12753,1,648,49,3900,80,9429,50,13329,California
Siskiyou,2021-04-13,207,22332,37,8761,169,12922,1,649,81,3856,126,9555,82,13411,California
Siskiyou,2021-04-14,156,22488,65,8826,91,13013,0,649,85,3872,69,9624,85,13496,California
Siskiyou,2021-04-15,1118,23606,959,9785,159,13172,0,649,438,3630,680,10304,438,13934,California
Siskiyou,2021-04-16,301,23907,207,9992,94,13266,0,649,270,3870,30,10334,270,14204,California
Siskiyou,2021-04-17,11,23918,8,10000,3,13269,0,649,7,3873,4,10338,7,14211,California
Siskiyou,2021-04-18,6,23924,3,10003,3,13272,0,649,2,3871,4,10342,2,14213,California
Siskiyou,2021-04-19,128,24052,25,10028,103,13375,0,649,45,3833,83,10425,45,14258,California
Siskiyou,2021-04-20,237,24289,5,10033,232,13607,0,649,94,3784,143,10568,94,14352,California
Siskiyou,2021-04-21,94,24383,10,10043,84,13691,0,649,25,3740,69,10637,25,14377,California
Siskiyou,2021-04-22,416,24799,302,10345,114,13805,0,649,51,3426,365,11002,51,14428,California
Siskiyou,2021-04-23,181,24980,15,10360,166,13971,0,649,159,3564,21,11023,159,14587,California
Siskiyou,2021-04-24,27,25007,4,10364,23,13994,0,649,19,3575,8,11031,19,14606,California
Siskiyou,2021-04-25,2,25009,0,10364,2,13996,0,649,2,3577,0,11031,2,14608,California
Siskiyou,2021-04-26,100,25109,6,10370,89,14085,5,654,25,3532,75,11106,30,14638,California
Siskiyou,2021-04-27,102,25211,4,10374,96,14181,2,656,83,3600,17,11123,85,14723,California
Siskiyou,2021-04-28,110,25321,8,10382,94,14275,8,664,52,3602,58,11181,60,14783,California
Siskiyou,2021-04-29,105,25426,14,10396,91,14366,0,664,25,3547,80,11261,25,14808,California
Siskiyou,2021-04-30,101,25527,20,10416,80,14446,1,665,44,3537,54,11315,44,14852,California
Siskiyou,2021-05-01,11,25538,7,10423,1,14447,3,668,7,3543,4,11319,10,14862,California
Siskiyou,2021-05-02,11,25549,5,10428,6,14453,0,668,9,3550,2,11321,9,14871,California
Siskiyou,2021-05-03,110,25659,23,10451,85,14538,2,670,47,3536,63,11384,49,14920,California
Siskiyou,2021-05-04,123,25782,6,10457,115,14653,2,672,62,3540,60,11444,64,14984,California
Siskiyou,2021-05-05,117,25899,21,10478,87,14740,9,681,39,3511,77,11521,48,15032,California
Siskiyou,2021-05-06,367,26266,296,10774,65,14805,6,687,190,3530,177,11698,196,15228,California
Siskiyou,2021-05-07,309,26575,219,10993,85,14890,5,692,33,3293,275,11973,38,15266,California
Siskiyou,2021-05-08,24,26599,4,10997,19,14909,1,693,18,3306,6,11979,19,15285,California
Siskiyou,2021-05-09,1,26600,0,10997,1,14910,0,693,0,3305,1,11980,0,15285,California
Siskiyou,2021-05-10,98,26698,67,11064,30,14940,1,694,20,3248,78,12058,21,15306,California
Siskiyou,2021-05-11,82,26780,4,11068,73,15013,5,699,47,3265,35,12093,52,15358,California
Siskiyou,2021-05-12,52,26832,3,11071,45,15058,4,703,15,3247,37,12130,19,15377,California
Siskiyou,2021-05-13,76,26908,31,11102,36,15094,9,712,33,3246,43,12173,42,15419,California
Siskiyou,2021-05-14,170,27078,82,11184,87,15181,1,713,103,3284,66,12239,104,15523,California
Siskiyou,2021-05-15,45,27123,14,11198,29,15210,2,715,38,3318,6,12245,40,15563,California
Siskiyou,2021-05-16,6,27129,2,11200,4,15214,0,715,4,3320,2,12247,4,15567,California
Siskiyou,2021-05-17,66,27195,2,11202,41,15255,23,738,12,3301,54,12301,35,15602,California
Siskiyou,2021-05-18,220,27415,82,11284,134,15389,4,742,123,3332,96,12397,127,15729,California
Siskiyou,2021-05-19,156,27571,96,11380,59,15448,1,743,124,3425,32,12429,125,15854,California
Siskiyou,2021-05-20,496,28067,425,11805,69,15517,2,745,228,3387,268,12697,230,16084,California
Siskiyou,2021-05-21,170,28237,86,11891,83,15600,1,746,97,3413,72,12769,98,16182,California
Siskiyou,2021-05-22,40,28277,19,11910,21,15621,0,746,24,3421,16,12785,24,16206,California
Siskiyou,2021-05-23,3,28280,3,11913,0,15621,0,746,1,3420,2,12787,1,16207,California
Siskiyou,2021-05-24,22,28302,5,11918,17,15638,0,746,10,3419,11,12798,10,16217,California
Siskiyou,2021-05-25,137,28439,13,11931,111,15749,13,759,40,3376,96,12894,53,16270,California
Siskiyou,2021-05-26,21,28460,3,11934,18,15767,0,759,10,3375,11,12905,10,16280,California
Solano,2020-12-15,4,4,4,4,0,0,0,0,4,4,0,0,4,4,California
Solano,2020-12-16,71,75,71,75,0,0,0,0,71,75,0,0,71,75,California
Solano,2020-12-17,154,229,154,229,0,0,0,0,154,229,0,0,154,229,California
Solano,2020-12-18,446,675,445,674,1,1,0,0,446,675,0,0,446,675,California
Solano,2020-12-19,521,1196,521,1195,0,1,0,0,521,1196,0,0,521,1196,California
Solano,2020-12-20,356,1552,354,1549,2,3,0,0,356,1552,0,0,356,1552,California
Solano,2020-12-21,572,2124,570,2119,2,5,0,0,572,2124,0,0,572,2124,California
Solano,2020-12-22,662,2786,629,2748,33,38,0,0,662,2786,0,0,662,2786,California
Solano,2020-12-23,868,3654,777,3525,91,129,0,0,867,3653,0,0,867,3653,California
Solano,2020-12-24,423,4077,171,3696,252,381,0,0,423,4076,0,0,423,4076,California
Solano,2020-12-25,10,4087,2,3698,8,389,0,0,10,4086,0,0,10,4086,California
Solano,2020-12-26,173,4260,47,3745,126,515,0,0,173,4259,0,0,173,4259,California
Solano,2020-12-27,105,4365,29,3774,76,591,0,0,105,4364,0,0,105,4364,California
Solano,2020-12-28,866,5231,422,4196,444,1035,0,0,866,5230,0,0,866,5230,California
Solano,2020-12-29,902,6133,375,4571,527,1562,0,0,902,6132,0,0,902,6132,California
Solano,2020-12-30,1235,7368,599,5170,636,2198,0,0,1235,7367,0,0,1235,7367,California
Solano,2020-12-31,538,7906,137,5307,401,2599,0,0,538,7905,0,0,538,7905,California
Solano,2021-01-01,14,7920,13,5320,1,2600,0,0,14,7919,0,0,14,7919,California
Solano,2021-01-02,213,8133,165,5485,48,2648,0,0,213,8132,0,0,213,8132,California
Solano,2021-01-03,57,8190,40,5525,17,2665,0,0,52,8184,0,0,52,8184,California
Solano,2021-01-04,452,8642,246,5771,206,2871,0,0,442,8623,3,3,442,8626,California
Solano,2021-01-05,729,9371,376,6147,353,3224,0,0,575,9049,149,152,575,9201,California
Solano,2021-01-06,846,10217,439,6586,407,3631,0,0,581,9367,263,415,581,9782,California
Solano,2021-01-07,1068,11285,685,7271,383,4014,0,0,609,9520,457,872,610,10392,California
Solano,2021-01-08,1143,12428,778,8049,365,4379,0,0,553,9503,572,1444,555,10947,California
Solano,2021-01-09,887,13315,764,8813,123,4502,0,0,429,9477,455,1899,429,11376,California
Solano,2021-01-10,254,13569,194,9007,60,4562,0,0,152,9527,102,2001,152,11528,California
Solano,2021-01-11,1334,14903,1120,10127,214,4776,0,0,817,9827,517,2518,817,12345,California
Solano,2021-01-12,1571,16474,1173,11300,398,5174,0,0,1020,10298,550,3068,1021,13366,California
Solano,2021-01-13,1463,17937,1006,12306,457,5631,0,0,1204,11245,257,3325,1204,14570,California
Solano,2021-01-14,1892,19829,814,13120,1078,6709,0,0,1577,12507,315,3640,1577,16147,California
Solano,2021-01-15,1698,21527,1059,14179,639,7348,0,0,1401,13611,297,3937,1401,17548,California
Solano,2021-01-16,1292,22819,904,15083,388,7736,0,0,1117,14553,175,4112,1117,18665,California
Solano,2021-01-17,1042,23861,758,15841,284,8020,0,0,1022,15556,20,4132,1023,19688,California
Solano,2021-01-18,1409,25270,853,16694,556,8576,0,0,1292,16732,117,4249,1293,20981,California
Solano,2021-01-19,1652,26922,1338,18032,314,8890,0,0,1381,17843,270,4519,1381,22362,California
Solano,2021-01-20,2033,28955,1421,19453,612,9502,0,0,1546,18905,484,5003,1546,23908,California
Solano,2021-01-21,3186,32141,1015,20468,2171,11673,0,0,2834,21388,352,5355,2835,26743,California
Solano,2021-01-22,1772,33913,845,21313,927,12600,0,0,1579,22774,193,5548,1579,28322,California
Solano,2021-01-23,736,34649,242,21555,494,13094,0,0,531,23100,206,5754,532,28854,California
Solano,2021-01-24,403,35052,61,21616,342,13436,0,0,336,23369,67,5821,336,29190,California
Solano,2021-01-25,1670,36722,631,22247,1039,14475,0,0,1114,23929,555,6376,1115,30305,California
Solano,2021-01-26,1781,38503,740,22987,1041,15516,0,0,1147,24444,633,7009,1148,31453,California
Solano,2021-01-27,1784,40287,717,23704,1067,16583,0,0,1182,25028,598,7607,1182,32635,California
Solano,2021-01-28,1962,42249,708,24412,1254,17837,0,0,1370,25808,591,8198,1371,34006,California
Solano,2021-01-29,1702,43951,784,25196,918,18755,0,0,1342,26792,358,8556,1342,35348,California
Solano,2021-01-30,952,44903,457,25653,495,19250,0,0,608,27057,344,8900,609,35957,California
Solano,2021-01-31,245,45148,153,25806,92,19342,0,0,174,27160,71,8971,174,36131,California
Solano,2021-02-01,1558,46706,1036,26842,522,19864,0,0,777,27159,778,9749,777,36908,California
Solano,2021-02-02,3342,50048,1094,27936,2248,22112,0,0,2533,28887,805,10554,2533,39441,California
Solano,2021-02-03,2266,52314,1308,29244,958,23070,0,0,1166,28956,1097,11651,1166,40607,California
Solano,2021-02-04,1796,54110,900,30144,896,23966,0,0,1072,29309,719,12370,1072,41679,California
Solano,2021-02-05,3097,57207,1417,31561,1680,25646,0,0,2093,30406,996,13366,2093,43772,California
Solano,2021-02-06,3058,60265,1169,32730,1889,27535,0,0,2241,31834,813,14179,2241,46013,California
Solano,2021-02-07,847,61112,783,33513,64,27599,0,0,236,31460,610,14789,236,46249,California
Solano,2021-02-08,1756,62868,1235,34748,521,28120,0,0,714,31134,1040,15829,714,46963,California
Solano,2021-02-09,1950,64818,1484,36232,466,28586,0,0,698,30581,1251,17080,698,47661,California
Solano,2021-02-10,2266,67084,1496,37728,770,29356,0,0,825,29965,1441,18521,825,48486,California
Solano,2021-02-11,2513,69597,1491,39219,1022,30378,0,0,1198,29858,1305,19826,1198,49684,California
Solano,2021-02-12,4227,73824,1630,40849,2597,32975,0,0,2877,31392,1343,21169,2877,52561,California
Solano,2021-02-13,2868,76692,249,41098,2619,35594,0,0,2453,33433,412,21581,2453,55014,California
Solano,2021-02-14,726,77418,204,41302,522,36116,0,0,416,33542,308,21889,417,55431,California
Solano,2021-02-15,1328,78746,324,41626,1004,37120,0,0,694,33603,633,22522,694,56125,California
Solano,2021-02-16,2561,81307,1387,43013,1174,38294,0,0,1664,34372,896,23418,1665,57790,California
Solano,2021-02-17,3214,84521,1455,44468,1759,40053,0,0,2171,35504,1040,24458,2172,59962,California
Solano,2021-02-18,2876,87397,842,45310,2034,42087,0,0,863,34361,2007,26465,864,60826,California
Solano,2021-02-19,2400,89797,1446,46756,954,43041,0,0,1170,34308,1225,27690,1172,61998,California
Solano,2021-02-20,2574,92371,382,47138,2192,45233,0,0,2105,35943,470,28160,2105,64103,California
Solano,2021-02-21,2191,94562,1878,49016,313,45546,0,0,1881,37518,306,28466,1881,65984,California
Solano,2021-02-22,1735,96297,1053,50069,682,46228,0,0,914,37615,819,29285,916,66900,California
Solano,2021-02-23,2861,99158,1088,51157,1773,48001,0,0,1955,38667,903,30188,1955,68855,California
Solano,2021-02-24,2485,101643,1244,52401,1241,49242,0,0,1390,38964,1093,31281,1390,70245,California
Solano,2021-02-25,2410,104053,1449,53850,961,50203,0,0,1319,39197,1086,32367,1319,71564,California
Solano,2021-02-26,3187,107240,2031,55881,1156,51359,0,0,1868,39751,1314,33681,1868,73432,California
Solano,2021-02-27,3661,110901,1381,57262,2279,53638,1,1,2961,42021,692,34373,2962,76394,California
Solano,2021-02-28,1369,112270,1038,58300,331,53969,0,1,1087,42830,279,34652,1088,77482,California
Solano,2021-03-01,2454,114724,1057,59357,1396,55365,1,2,1853,44088,596,35248,1854,79336,California
Solano,2021-03-02,2237,116961,1401,60758,836,56201,0,2,1293,44438,943,36191,1293,80629,California
Solano,2021-03-03,2238,119199,1260,62018,978,57179,0,2,1389,44987,841,37032,1390,82019,California
Solano,2021-03-04,4380,123579,3430,65448,948,58127,2,4,3157,46936,1213,38245,3162,85181,California
Solano,2021-03-05,4923,128502,1683,67131,3235,61362,5,9,3952,49932,961,39206,3957,89138,California
Solano,2021-03-06,3842,132344,833,67964,2970,64332,39,48,2643,51426,1188,40394,2682,91820,California
Solano,2021-03-07,3573,135917,760,68724,2803,67135,10,58,1968,51812,1593,41987,1979,93799,California
Solano,2021-03-08,2134,138051,1337,70061,527,67662,270,328,1612,53175,517,42504,1880,95679,California
Solano,2021-03-09,3219,141270,1569,71630,1596,69258,54,382,2320,54648,898,43402,2371,98050,California
Solano,2021-03-10,2425,143695,1764,73394,576,69834,85,467,1271,54854,1150,44552,1356,99406,California
Solano,2021-03-11,6019,149714,1755,75149,4010,73844,254,721,4967,59028,1048,45600,5222,104628,California
Solano,2021-03-12,6015,155729,1567,76716,4270,78114,178,899,3181,59558,2830,48430,3360,107988,California
Solano,2021-03-13,4573,160302,802,77518,3687,81801,84,983,2230,59540,2336,50766,2318,110306,California
Solano,2021-03-14,3999,164301,3121,80639,423,82224,455,1438,1641,59280,2353,53119,2093,112399,California
Solano,2021-03-15,4015,168316,2452,83091,1243,83467,320,1758,2515,60622,1492,54611,2834,115233,California
Solano,2021-03-16,3090,171406,1323,84414,1531,84998,236,1994,1575,60922,1511,56122,1811,117044,California
Solano,2021-03-17,6418,177824,1672,86086,4655,89653,91,2085,4935,64468,1480,57602,5026,122070,California
Solano,2021-03-18,5198,183022,1846,87932,3315,92968,37,2122,3824,66964,1366,58968,3862,125932,California
Solano,2021-03-19,3561,186583,2633,90565,854,93822,74,2196,1812,67110,1741,60709,1887,127819,California
Solano,2021-03-20,5552,192135,1672,92237,3826,97648,54,2250,2844,67309,2699,63408,2898,130717,California
Solano,2021-03-21,1681,193816,1575,93812,81,97729,25,2275,858,67370,820,64228,881,131598,California
Solano,2021-03-22,2670,196486,2038,95850,582,98311,50,2325,1665,68082,999,65227,1711,133309,California
Solano,2021-03-23,3519,200005,1667,97517,1809,100120,43,2368,1409,67427,2106,67333,1451,134760,California
Solano,2021-03-24,2829,202834,1773,99290,1021,101141,35,2403,1371,67380,1452,68785,1405,136165,California
Solano,2021-03-25,4870,207704,3991,103281,844,101985,35,2438,2279,67107,2587,71372,2314,138479,California
Solano,2021-03-26,3227,210931,2097,105378,1093,103078,37,2475,1741,67408,1477,72849,1778,140257,California
Solano,2021-03-27,4199,215130,1156,106534,3006,106084,37,2512,1794,66840,2399,75248,1831,142088,California
Solano,2021-03-28,1419,216549,1111,107645,290,106374,18,2530,551,66545,864,76112,569,142657,California
Solano,2021-03-29,3508,220057,2044,109689,1447,107821,17,2547,1582,66235,1913,78025,1603,144260,California
Solano,2021-03-30,3014,223071,2014,111703,909,108730,91,2638,1871,67055,1142,79167,1962,146222,California
Solano,2021-03-31,3141,226212,2138,113841,843,109573,160,2798,1841,67756,1297,80464,1998,148220,California
Solano,2021-04-01,5551,231763,2112,115953,3288,112861,151,2949,3511,69391,2027,82491,3662,151882,California
Solano,2021-04-02,6597,238360,2227,118180,4203,117064,167,3116,2555,68090,4027,86518,2726,154608,California
Solano,2021-04-03,1532,239892,966,119146,411,117475,155,3271,572,67859,958,87476,727,155335,California
Solano,2021-04-04,781,240673,288,119434,191,117666,302,3573,241,67866,536,88012,543,155878,California
Solano,2021-04-05,2988,243661,2041,121475,740,118406,207,3780,1515,68116,1471,89483,1721,157599,California
Solano,2021-04-06,6033,249694,1636,123111,3907,122313,490,4270,1646,65888,4380,93863,2152,159751,California
Solano,2021-04-07,5914,255608,4576,127687,941,123254,397,4667,3361,67117,2534,96397,3763,163514,California
Solano,2021-04-08,6442,262050,1788,129475,3791,127045,863,5530,1810,65190,4604,101001,2677,166191,California
Solano,2021-04-09,6264,268314,1658,131133,3761,130806,845,6375,1515,62822,4725,105726,2357,168548,California
Solano,2021-04-10,1729,270043,955,132088,449,131255,325,6700,797,63012,931,106657,1121,169669,California
Solano,2021-04-11,1231,271274,765,132853,337,131592,129,6829,638,63189,590,107247,767,170436,California
Solano,2021-04-12,3248,274522,1670,134523,1219,132811,359,7188,1339,62980,1904,109151,1695,172131,California
Solano,2021-04-13,2530,277052,1092,135615,1437,134248,1,7189,1318,63091,1208,110359,1319,173450,California
Solano,2021-04-14,6450,283502,1946,137561,4504,138752,0,7189,1825,60300,4617,114976,1826,175276,California
Solano,2021-04-15,5667,289169,2138,139699,3529,142281,0,7189,1718,58083,3935,118911,1718,176994,California
Solano,2021-04-16,3671,292840,2577,142276,1092,143373,2,7191,2279,58978,1386,120297,2281,179275,California
Solano,2021-04-17,3250,296090,1059,143335,2191,145564,0,7191,1117,57971,2125,122422,1118,180393,California
Solano,2021-04-18,1004,297094,610,143945,394,145958,0,7191,529,58026,474,122896,529,180922,California
Solano,2021-04-19,2107,299201,1158,145103,949,146907,0,7191,1173,58272,929,123825,1175,182097,California
Solano,2021-04-20,3022,302223,1844,146947,1178,148085,0,7191,1683,58620,1335,125160,1683,183780,California
Solano,2021-04-21,3563,305786,2333,149280,1230,149315,0,7191,1788,58638,1770,126930,1788,185568,California
Solano,2021-04-22,2933,308719,1482,150762,1451,150766,0,7191,1780,59267,1151,128081,1780,187348,California
Solano,2021-04-23,4150,312869,2086,152848,2064,152830,0,7191,2497,60118,1647,129728,2498,189846,California
Solano,2021-04-24,3822,316691,2291,155139,1529,154359,2,7193,2529,61442,1207,130935,2531,192377,California
Solano,2021-04-25,1427,318118,1113,156252,314,154673,0,7193,1128,62278,292,131227,1128,193505,California
Solano,2021-04-26,2469,320587,1598,157850,867,155540,4,7197,1323,62471,1134,132361,1327,194832,California
Solano,2021-04-27,2500,323087,1246,159096,1230,156770,24,7221,1432,62867,1061,133422,1457,196289,California
Solano,2021-04-28,5418,328505,4436,163532,936,157706,46,7267,3338,64180,2071,135493,3384,199673,California
Solano,2021-04-29,4157,332662,1265,164797,2860,160566,32,7299,1692,63447,2457,137950,1724,201397,California
Solano,2021-04-30,4030,336692,2189,166986,1709,162275,132,7431,1869,63302,2146,140096,2001,203398,California
Solano,2021-05-01,2174,338866,1676,168662,298,162573,200,7631,1295,63923,874,140970,1495,204893,California
Solano,2021-05-02,1196,340062,936,169598,236,162809,24,7655,668,64092,523,141493,692,205585,California
Solano,2021-05-03,1450,341512,1008,170606,355,163164,87,7742,592,63915,857,142350,680,206265,California
Solano,2021-05-04,1792,343304,1046,171652,681,163845,65,7807,805,63800,985,143335,870,207135,California
Solano,2021-05-05,2247,345551,1408,173060,728,164573,111,7918,1081,63828,1162,144497,1190,208325,California
Solano,2021-05-06,1946,347497,1183,174243,590,165163,173,8091,722,63507,1216,145713,895,209220,California
Solano,2021-05-07,2743,350240,1892,176135,736,165899,115,8206,958,62799,1779,147492,1071,210291,California
Solano,2021-05-08,1367,351607,827,176962,425,166324,115,8321,475,62500,889,148381,590,210881,California
Solano,2021-05-09,417,352024,241,177203,165,166489,11,8332,155,62408,259,148640,167,211048,California
Solano,2021-05-10,1316,353340,604,177807,609,167098,103,8435,382,61963,931,149571,486,211534,California
Solano,2021-05-11,2224,355564,1116,178923,1024,168122,84,8519,614,61056,1605,151176,698,212232,California
Solano,2021-05-12,2046,357610,1151,180074,725,168847,170,8689,679,60546,1357,152533,847,213079,California
Solano,2021-05-13,2853,360463,1955,182029,690,169537,208,8897,1500,60904,1350,153883,1708,214787,California
Solano,2021-05-14,2400,362863,1617,183646,668,170205,115,9012,1004,60636,1387,155270,1119,215906,California
Solano,2021-05-15,2860,365723,2230,185876,569,170774,61,9073,1176,60200,1673,156943,1237,217143,California
Solano,2021-05-16,1486,367209,1090,186966,363,171137,33,9106,241,59231,1242,158185,273,217416,California
Solano,2021-05-17,2453,369662,1405,188371,963,172100,85,9191,935,58749,1498,159683,1016,218432,California
Solano,2021-05-18,2795,372457,1510,189881,1199,173299,86,9277,1387,58825,1396,161079,1472,219904,California
Solano,2021-05-19,4888,377345,3362,193243,1420,174719,106,9383,2278,58610,2600,163679,2385,222289,California
Solano,2021-05-20,2223,379568,1332,194575,841,175560,50,9433,963,58369,1254,164933,1013,223302,California
Solano,2021-05-21,3128,382696,1583,196158,1485,177045,60,9493,1246,57804,1871,166804,1306,224608,California
Solano,2021-05-22,2130,384826,1647,197805,425,177470,58,9551,907,57553,1216,168020,965,225573,California
Solano,2021-05-23,1197,386023,1037,198842,150,177620,10,9561,663,57694,532,168552,673,226246,California
Solano,2021-05-24,1819,387842,1029,199871,720,178340,70,9631,632,57213,1182,169734,701,226947,California
Solano,2021-05-25,1596,389438,807,200678,733,179073,56,9687,583,56847,1005,170739,639,227586,California
Solano,2021-05-26,1310,390748,751,201429,526,179599,33,9720,503,56579,804,171543,536,228122,California
Sonoma,2020-12-15,4,4,4,4,0,0,0,0,4,4,0,0,4,4,California
Sonoma,2020-12-16,27,31,27,31,0,0,0,0,27,31,0,0,27,31,California
Sonoma,2020-12-17,105,136,105,136,0,0,0,0,105,136,0,0,105,136,California
Sonoma,2020-12-18,423,559,423,559,0,0,0,0,423,559,0,0,423,559,California
Sonoma,2020-12-19,112,671,111,670,1,1,0,0,112,671,0,0,112,671,California
Sonoma,2020-12-20,175,846,175,845,0,1,0,0,175,846,0,0,175,846,California
Sonoma,2020-12-21,910,1756,908,1753,2,3,0,0,909,1755,0,0,909,1755,California
Sonoma,2020-12-22,1354,3110,1263,3016,91,94,0,0,1354,3109,0,0,1354,3109,California
Sonoma,2020-12-23,1608,4718,1233,4249,375,469,0,0,1609,4718,0,0,1609,4718,California
Sonoma,2020-12-24,305,5023,101,4350,204,673,0,0,305,5023,0,0,305,5023,California
Sonoma,2020-12-25,8,5031,2,4352,6,679,0,0,8,5031,0,0,8,5031,California
Sonoma,2020-12-26,268,5299,257,4609,11,690,0,0,268,5299,0,0,268,5299,California
Sonoma,2020-12-27,94,5393,80,4689,14,704,0,0,94,5393,0,0,94,5393,California
Sonoma,2020-12-28,985,6378,552,5241,433,1137,0,0,956,6349,0,0,956,6349,California
Sonoma,2020-12-29,1129,7507,777,6018,352,1489,0,0,1096,7445,0,0,1096,7445,California
Sonoma,2020-12-30,1094,8601,479,6497,615,2104,0,0,1086,8531,0,0,1086,8531,California
Sonoma,2020-12-31,517,9118,71,6568,446,2550,0,0,518,9049,0,0,518,9049,California
Sonoma,2021-01-01,15,9133,8,6576,7,2557,0,0,15,9064,0,0,15,9064,California
Sonoma,2021-01-02,132,9265,125,6701,7,2564,0,0,132,9196,0,0,132,9196,California
Sonoma,2021-01-03,24,9289,10,6711,14,2578,0,0,24,9220,0,0,24,9220,California
Sonoma,2021-01-04,343,9632,106,6817,237,2815,0,0,342,9562,0,0,342,9562,California
Sonoma,2021-01-05,435,10067,102,6919,333,3148,0,0,411,9958,15,15,411,9973,California
Sonoma,2021-01-06,952,11019,435,7354,517,3665,0,0,840,10692,106,121,840,10813,California
Sonoma,2021-01-07,1031,12050,536,7890,495,4160,0,0,860,11382,170,291,860,11673,California
Sonoma,2021-01-08,1793,13843,1234,9124,559,4719,0,0,1320,12231,471,762,1320,12993,California
Sonoma,2021-01-09,640,14483,404,9528,236,4955,0,0,591,12773,49,811,591,13584,California
Sonoma,2021-01-10,472,14955,461,9989,11,4966,0,0,277,12855,195,1006,277,13861,California
Sonoma,2021-01-11,1385,16340,1238,11227,147,5113,0,0,414,12303,966,1972,414,14275,California
Sonoma,2021-01-12,1545,17885,1292,12519,253,5366,0,0,395,11550,1148,3120,395,14670,California
Sonoma,2021-01-13,2048,19933,1368,13887,680,6046,0,0,1181,11868,864,3984,1182,15852,California
Sonoma,2021-01-14,1540,21473,808,14695,732,6778,0,0,1310,12948,230,4214,1310,17162,California
Sonoma,2021-01-15,1560,23033,628,15323,932,7710,0,0,1339,14076,212,4426,1340,18502,California
Sonoma,2021-01-16,1146,24179,618,15941,528,8238,0,0,898,14730,244,4670,898,19400,California
Sonoma,2021-01-17,669,24848,548,16489,121,8359,0,0,589,15239,80,4750,589,19989,California
Sonoma,2021-01-18,1112,25960,936,17425,176,8535,0,0,622,15372,490,5240,623,20612,California
Sonoma,2021-01-19,2100,28060,1005,18430,1095,9630,0,0,1388,16051,710,5950,1389,22001,California
Sonoma,2021-01-20,2087,30147,628,19058,1459,11089,0,0,1423,16821,654,6604,1424,23425,California
Sonoma,2021-01-21,2269,32416,647,19705,1622,12711,0,0,2048,18651,219,6823,2049,25474,California
Sonoma,2021-01-22,2742,35158,1044,20749,1698,14409,0,0,2593,21096,148,6971,2593,28067,California
Sonoma,2021-01-23,765,35923,593,21342,172,14581,0,0,658,21648,106,7077,658,28725,California
Sonoma,2021-01-24,847,36770,716,22058,131,14712,0,0,831,22463,16,7093,831,29556,California
Sonoma,2021-01-25,2174,38944,519,22577,1655,16367,0,0,1688,23665,486,7579,1688,31244,California
Sonoma,2021-01-26,2016,40960,302,22879,1714,18081,0,0,1561,24772,454,8033,1561,32805,California
Sonoma,2021-01-27,3707,44667,1279,24158,2428,20509,0,0,3133,27336,572,8605,3136,35941,California
Sonoma,2021-01-28,4122,48789,1850,26008,2272,22781,0,0,3448,30114,671,9276,3449,39390,California
Sonoma,2021-01-29,2970,51759,1411,27419,1559,24340,0,0,2133,31413,835,10111,2134,41524,California
Sonoma,2021-01-30,2591,54350,2402,29821,189,24529,0,0,2248,33319,343,10454,2249,43773,California
Sonoma,2021-01-31,809,55159,697,30518,112,24641,0,0,580,33671,228,10682,580,44353,California
Sonoma,2021-02-01,2473,57632,850,31368,1623,26264,0,0,2096,35393,374,11056,2096,46449,California
Sonoma,2021-02-02,3526,61158,1372,32740,2154,28418,0,0,2958,37786,565,11621,2958,49407,California
Sonoma,2021-02-03,4046,65204,1325,34065,2721,31139,0,0,3114,39972,928,12549,3114,52521,California
Sonoma,2021-02-04,4216,69420,1728,35793,2488,33627,0,0,3426,42611,788,13337,3427,55948,California
Sonoma,2021-02-05,4822,74242,1741,37534,3081,36708,0,0,3800,45394,1018,14355,3801,59749,California
Sonoma,2021-02-06,2639,76881,2278,39812,361,37069,0,0,2108,46972,530,14885,2108,61857,California
Sonoma,2021-02-07,1539,78420,1403,41215,136,37205,0,0,1287,48007,252,15137,1287,63144,California
Sonoma,2021-02-08,3266,81686,1038,42253,2228,39433,0,0,2680,50102,585,15722,2680,65824,California
Sonoma,2021-02-09,3576,85262,1704,43957,1872,41305,0,0,3097,52723,477,16199,3098,68922,California
Sonoma,2021-02-10,4550,89812,2484,46441,2066,43371,0,0,3544,55267,1001,17200,3545,72467,California
Sonoma,2021-02-11,5591,95403,3026,49467,2565,45936,0,0,4402,58482,1187,18387,4402,76869,California
Sonoma,2021-02-12,5906,101309,3246,52713,2660,48596,0,0,4479,61541,1423,19810,4482,81351,California
Sonoma,2021-02-13,1989,103298,1151,53864,838,49434,0,0,1204,61963,782,20592,1204,82555,California
Sonoma,2021-02-14,2312,105610,1819,55683,493,49927,0,0,1568,62788,743,21335,1568,84123,California
Sonoma,2021-02-15,2146,107756,791,56474,1355,51282,0,0,1607,63856,539,21874,1607,85730,California
Sonoma,2021-02-16,4904,112660,2054,58528,2850,54132,0,0,3643,66243,1257,23131,3644,89374,California
Sonoma,2021-02-17,5608,118268,2904,61432,2704,56836,0,0,3578,67802,2021,25152,3580,92954,California
Sonoma,2021-02-18,6938,125206,3138,64570,3800,60636,0,0,4001,68878,2927,28079,4003,96957,California
Sonoma,2021-02-19,5518,130724,1664,66234,3854,64490,0,0,3419,70204,2094,30173,3420,100377,California
Sonoma,2021-02-20,3107,133831,2830,69064,277,64767,0,0,1206,69514,1896,32069,1206,101583,California
Sonoma,2021-02-21,533,134364,428,69492,105,64872,0,0,141,69266,389,32458,141,101724,California
Sonoma,2021-02-22,2875,137239,1355,70847,1520,66392,0,0,1194,68785,1676,34134,1195,102919,California
Sonoma,2021-02-23,3378,140617,2082,72929,1296,67688,0,0,1627,68665,1747,35881,1627,104546,California
Sonoma,2021-02-24,5649,146266,2550,75479,3099,70787,0,0,2921,68864,2723,38604,2922,107468,California
Sonoma,2021-02-25,5805,152071,2240,77719,3565,74352,0,0,3114,69310,2668,41272,3114,110582,California
Sonoma,2021-02-26,6270,158341,2763,80482,3507,77859,0,0,3975,70996,2289,43561,3975,114557,California
Sonoma,2021-02-27,4060,162401,1922,82404,2138,79997,0,0,2710,72358,1348,44909,2710,117267,California
Sonoma,2021-02-28,2324,164725,1838,84242,486,80483,0,0,610,71268,1700,46609,610,117877,California
Sonoma,2021-03-01,3760,168485,1147,85389,2612,83095,1,1,1893,71306,1857,48466,1895,119772,California
Sonoma,2021-03-02,4384,172869,1510,86899,2874,85969,0,1,2561,72051,1816,50282,2561,122333,California
Sonoma,2021-03-03,5060,177929,2639,89538,2421,88390,0,1,2332,71662,2721,53003,2332,124665,California
Sonoma,2021-03-04,5948,183877,2682,92220,3266,91656,0,1,2586,70900,3348,56351,2586,127251,California
Sonoma,2021-03-05,6490,190367,2862,95082,3613,95269,15,16,2747,69934,3729,60080,2763,130014,California
Sonoma,2021-03-06,2790,193157,1219,96301,1436,96705,135,151,1919,71123,864,60944,2053,132067,California
Sonoma,2021-03-07,1711,194868,1399,97700,277,96982,35,186,381,70211,1328,62272,416,132483,California
Sonoma,2021-03-08,4064,198932,662,98362,3227,100209,175,361,2391,71113,1662,63934,2564,135047,California
Sonoma,2021-03-09,5576,204508,3085,101447,2248,102457,243,604,2750,71287,2819,66753,2993,138040,California
Sonoma,2021-03-10,5999,210507,3206,104653,2465,104922,328,932,2428,70485,3557,70310,2755,140795,California
Sonoma,2021-03-11,7544,218051,3011,107664,3713,108635,820,1752,2572,68916,4962,75272,3393,144188,California
Sonoma,2021-03-12,7404,225455,2269,109933,3772,112407,1363,3115,2108,67106,5277,80549,3467,147655,California
Sonoma,2021-03-13,3407,228862,1690,111623,1481,113888,236,3351,1999,67933,1407,81956,2234,149889,California
Sonoma,2021-03-14,1384,230246,385,112008,858,114746,141,3492,847,68386,534,82490,987,150876,California
Sonoma,2021-03-15,5246,235492,1515,113523,3345,118091,386,3878,2197,67929,3038,85528,2581,153457,California
Sonoma,2021-03-16,6288,241780,2248,115771,3809,121900,231,4109,2904,67685,3377,88905,3133,156590,California
Sonoma,2021-03-17,6758,248538,3531,119302,3047,124947,180,4289,3282,67682,3464,92369,3461,160051,California
Sonoma,2021-03-18,7133,255671,2940,122242,3578,128525,615,4904,3181,67534,3941,96310,3793,163844,California
Sonoma,2021-03-19,7503,263174,3251,125493,4021,132546,231,5135,3201,66688,4283,100593,3437,167281,California
Sonoma,2021-03-20,3713,266887,1753,127246,1130,133676,830,5965,2035,67878,1670,102263,2860,170141,California
Sonoma,2021-03-21,1384,268271,603,127849,748,134424,33,5998,1212,68955,168,102431,1245,171386,California
Sonoma,2021-03-22,4547,272818,3108,130957,1336,135760,103,6101,3433,71383,1108,103539,3536,174922,California
Sonoma,2021-03-23,5836,278654,3633,134590,2128,137888,75,6176,4411,74454,1415,104954,4486,179408,California
Sonoma,2021-03-24,6797,285451,4276,138866,2454,140342,67,6243,4163,76068,2615,107569,4229,183637,California
Sonoma,2021-03-25,7113,292564,4199,143065,2804,143146,110,6353,4329,77748,2760,110329,4440,188077,California
Sonoma,2021-03-26,7447,300011,3462,146527,3891,147037,94,6447,3918,78250,3510,113839,4012,192089,California
Sonoma,2021-03-27,3862,303873,1509,148036,1991,149028,362,6809,1122,77003,2731,116570,1484,193573,California
Sonoma,2021-03-28,1511,305384,950,148986,534,149562,27,6836,944,77410,564,117134,971,194544,California
Sonoma,2021-03-29,2958,308342,1104,150090,1821,151383,33,6869,1666,77822,1287,118421,1699,196243,California
Sonoma,2021-03-30,5829,314171,3213,153303,2554,153937,62,6931,3037,78137,2785,121206,3100,199343,California
Sonoma,2021-03-31,5614,319785,3406,156709,1994,155931,214,7145,3241,79234,2360,123566,3457,202800,California
Sonoma,2021-04-01,6772,326557,4036,160745,2396,158327,340,7485,3625,80067,3123,126689,3956,206756,California
Sonoma,2021-04-02,5954,332511,3570,164315,2275,160602,109,7594,3573,81376,2373,129062,3682,210438,California
Sonoma,2021-04-03,3655,336166,1827,166142,1603,162205,225,7819,1611,81178,2032,131094,1834,212272,California
Sonoma,2021-04-04,1063,337229,692,166834,280,162485,91,7910,658,81526,401,131495,749,213021,California
Sonoma,2021-04-05,4404,341633,623,167457,3438,165923,343,8253,1657,80785,2740,134235,1999,215020,California
Sonoma,2021-04-06,6888,348521,3489,170946,2993,168916,406,8659,4001,82318,2873,137108,4406,219426,California
Sonoma,2021-04-07,6820,355341,3849,174795,2131,171047,840,9499,3321,82991,3490,140598,4163,223589,California
Sonoma,2021-04-08,7564,362905,4122,178917,2671,173718,771,10270,4140,84485,3415,144013,4909,228498,California
Sonoma,2021-04-09,6800,369705,3783,182700,2134,175852,883,11153,3499,85575,3288,147301,4378,232876,California
Sonoma,2021-04-10,3872,373577,1684,184384,1633,177485,555,11708,1126,84514,2737,150038,1676,234552,California
Sonoma,2021-04-11,1282,374859,605,184989,595,178080,82,11790,437,84189,844,150882,519,235071,California
Sonoma,2021-04-12,4930,379789,2050,187039,2398,180478,482,12272,1839,83423,3080,153962,2314,237385,California
Sonoma,2021-04-13,7806,387595,4622,191661,3182,183660,2,12274,2964,81558,4831,158793,2966,240351,California
Sonoma,2021-04-14,6547,394142,3728,195389,2799,186459,20,12294,2527,80097,4007,162800,2546,242897,California
Sonoma,2021-04-15,7221,401363,4095,199484,3126,189585,0,12294,3563,80015,3646,166446,3564,246461,California
Sonoma,2021-04-16,6784,408147,3409,202893,3373,192958,2,12296,3840,80920,2937,169383,3842,250303,California
Sonoma,2021-04-17,3188,411335,1551,204444,1637,194595,0,12296,1542,80829,1634,171017,1543,251846,California
Sonoma,2021-04-18,1290,412625,893,205337,397,194992,0,12296,453,80446,836,171853,453,252299,California
Sonoma,2021-04-19,3308,415933,1872,207209,1435,196427,1,12297,1448,80039,1856,173709,1449,253748,California
Sonoma,2021-04-20,6258,422191,3459,210668,2799,199226,0,12297,2345,78483,3902,177611,2346,256094,California
Sonoma,2021-04-21,6513,428704,4211,214879,2300,201526,2,12299,2952,77893,3543,181154,2953,259047,California
Sonoma,2021-04-22,6214,434918,4465,219344,1749,203275,0,12299,2506,76706,3693,184847,2506,261553,California
Sonoma,2021-04-23,7418,442336,4622,223966,2790,206065,6,12305,3626,76560,3779,188626,3633,265186,California
Sonoma,2021-04-24,2775,445111,1511,225477,1250,207315,14,12319,1546,76896,1224,189850,1560,266746,California
Sonoma,2021-04-25,1086,446197,788,226265,298,207613,0,12319,435,76683,648,190498,435,267181,California
Sonoma,2021-04-26,2777,448974,1293,227558,1456,209069,28,12347,1517,76975,1253,191751,1545,268726,California
Sonoma,2021-04-27,5318,454292,3634,231192,1585,210654,99,12446,2168,76104,3137,194888,2266,270992,California
Sonoma,2021-04-28,4865,459157,3199,234391,1471,212125,195,12641,2095,75635,2754,197642,2285,273277,California
Sonoma,2021-04-29,4817,463974,3433,237824,1239,213364,145,12786,1762,74496,3046,200688,1907,275184,California
Sonoma,2021-04-30,5437,469411,3621,241445,1523,214887,293,13079,1815,72994,3609,204297,2107,277291,California
Sonoma,2021-05-01,2478,471889,1779,243224,593,215480,106,13185,1235,73097,1235,205532,1338,278629,California
Sonoma,2021-05-02,864,472753,644,243868,169,215649,51,13236,553,73391,311,205843,605,279234,California
Sonoma,2021-05-03,3179,475932,1680,245548,1354,217003,145,13381,1054,72472,2116,207959,1197,280431,California
Sonoma,2021-05-04,4578,480510,2407,247955,1994,218997,177,13558,1474,71035,3084,211043,1647,282078,California
Sonoma,2021-05-05,3664,484174,2182,250137,1289,220286,193,13751,1308,70188,2346,213389,1499,283577,California
Sonoma,2021-05-06,4502,488676,2405,252542,1970,222256,127,13878,1348,68520,3141,216530,1473,285050,California
Sonoma,2021-05-07,3587,492263,2311,254853,1154,223410,122,14000,1083,67230,2495,219025,1205,286255,California
Sonoma,2021-05-08,1847,494110,1256,256109,499,223909,92,14092,755,66989,1088,220113,847,287102,California
Sonoma,2021-05-09,510,494620,294,256403,175,224084,41,14133,182,66887,325,220438,223,287325,California
Sonoma,2021-05-10,2296,496916,1034,257437,1129,225213,133,14266,281,65297,2001,222439,411,287736,California
Sonoma,2021-05-11,3500,500416,1894,259331,1491,226704,115,14381,953,63830,2535,224974,1068,288804,California
Sonoma,2021-05-12,3915,504331,2445,261776,1332,228036,138,14519,852,61767,3053,228027,990,289794,California
Sonoma,2021-05-13,4718,509049,2713,264489,1891,229927,114,14633,1565,60302,3142,231169,1677,291471,California
Sonoma,2021-05-14,5799,514848,3601,268090,2061,231988,137,14770,2221,59097,3564,234733,2359,293830,California
Sonoma,2021-05-15,2915,517763,2143,270233,710,232698,62,14832,1836,59923,1071,235804,1897,295727,California
Sonoma,2021-05-16,972,518735,768,271001,157,232855,47,14879,651,60303,318,236122,698,296425,California
Sonoma,2021-05-17,2441,521176,1818,272819,529,233384,94,14973,961,59882,1475,237597,1054,297479,California
Sonoma,2021-05-18,4305,525481,2846,275665,1352,234736,107,15080,1515,58731,2772,240369,1621,299100,California
Sonoma,2021-05-19,3703,529184,2388,278053,1202,235938,113,15193,1559,58271,2132,242501,1672,300772,California
Sonoma,2021-05-20,3024,532208,2068,280121,864,236802,92,15285,1363,58069,1652,244153,1450,302222,California
Sonoma,2021-05-21,3744,535952,2122,282243,1496,238298,126,15411,1328,57113,2397,246550,1441,303663,California
Sonoma,2021-05-22,2022,537974,1083,283326,900,239198,39,15450,555,56252,1455,248005,594,304257,California
Sonoma,2021-05-23,1108,539082,961,284287,134,239332,13,15463,575,56313,527,248532,588,304845,California
Sonoma,2021-05-24,1897,540979,1200,285487,571,239903,126,15589,635,55842,1231,249763,760,305605,California
Sonoma,2021-05-25,2868,543847,1776,287263,1011,240914,81,15670,762,54590,2093,251856,841,306446,California
Sonoma,2021-05-26,1724,545571,1283,288546,365,241279,76,15746,639,54224,1077,252933,711,307157,California
Stanislaus,2020-12-15,3,3,3,3,0,0,0,0,3,3,0,0,3,3,California
Stanislaus,2020-12-16,37,40,37,40,0,0,0,0,37,40,0,0,37,40,California
Stanislaus,2020-12-17,75,115,75,115,0,0,0,0,75,115,0,0,75,115,California
Stanislaus,2020-12-18,338,453,332,447,6,6,0,0,338,453,0,0,338,453,California
Stanislaus,2020-12-19,134,587,134,581,0,6,0,0,134,587,0,0,134,587,California
Stanislaus,2020-12-20,86,673,86,667,0,6,0,0,86,673,0,0,86,673,California
Stanislaus,2020-12-21,999,1672,998,1665,1,7,0,0,998,1671,0,0,998,1671,California
Stanislaus,2020-12-22,795,2467,783,2448,12,19,0,0,795,2466,0,0,795,2466,California
Stanislaus,2020-12-23,449,2916,431,2879,18,37,0,0,448,2914,0,0,448,2914,California
Stanislaus,2020-12-24,97,3013,88,2967,9,46,0,0,97,3011,0,0,97,3011,California
Stanislaus,2020-12-26,52,3065,9,2976,43,89,0,0,52,3063,0,0,52,3063,California
Stanislaus,2020-12-27,11,3076,6,2982,5,94,0,0,11,3074,0,0,11,3074,California
Stanislaus,2020-12-28,488,3564,395,3377,93,187,0,0,488,3562,0,0,488,3562,California
Stanislaus,2020-12-29,494,4058,415,3792,79,266,0,0,494,4056,0,0,494,4056,California
Stanislaus,2020-12-30,535,4593,280,4072,255,521,0,0,534,4589,1,1,534,4590,California
Stanislaus,2020-12-31,275,4868,156,4228,119,640,0,0,275,4864,0,1,275,4865,California
Stanislaus,2021-01-01,12,4880,4,4232,8,648,0,0,12,4876,0,1,12,4877,California
Stanislaus,2021-01-02,33,4913,26,4258,7,655,0,0,33,4909,0,1,33,4910,California
Stanislaus,2021-01-03,90,5003,87,4345,3,658,0,0,90,4999,0,1,90,5000,California
Stanislaus,2021-01-04,232,5235,152,4497,80,738,0,0,232,5231,0,1,232,5232,California
Stanislaus,2021-01-05,834,6069,343,4840,491,1229,0,0,809,6024,24,25,817,6049,California
Stanislaus,2021-01-06,1004,7073,600,5440,404,1633,0,0,931,6887,70,95,933,6982,California
Stanislaus,2021-01-07,1079,8152,703,6143,376,2009,0,0,888,7592,185,280,890,7872,California
Stanislaus,2021-01-08,1276,9428,720,6863,556,2565,0,0,934,8192,339,619,939,8811,California
Stanislaus,2021-01-09,288,9716,142,7005,146,2711,0,0,198,8300,90,709,198,9009,California
Stanislaus,2021-01-10,48,9764,22,7027,26,2737,0,0,29,8310,19,728,29,9038,California
Stanislaus,2021-01-11,1498,11262,1218,8245,280,3017,0,0,570,7975,923,1651,588,9626,California
Stanislaus,2021-01-12,1470,12732,864,9109,606,3623,0,0,831,8180,635,2286,840,10466,California
Stanislaus,2021-01-13,1444,14176,687,9796,757,4380,0,0,1122,8989,322,2608,1131,11597,California
Stanislaus,2021-01-14,2236,16412,283,10079,1953,6333,0,0,2066,10956,167,2775,2134,13731,California
Stanislaus,2021-01-15,2826,19238,1159,11238,1667,8000,0,0,2672,13559,150,2925,2753,16484,California
Stanislaus,2021-01-16,473,19711,50,11288,423,8423,0,0,456,14001,16,2941,458,16942,California
Stanislaus,2021-01-17,244,19955,202,11490,42,8465,0,0,237,14232,6,2947,237,17179,California
Stanislaus,2021-01-18,2186,22141,1022,12512,1164,9629,0,0,1798,15719,383,3330,1870,19049,California
Stanislaus,2021-01-19,1253,23394,724,13236,529,10158,0,0,806,16083,443,3773,807,19856,California
Stanislaus,2021-01-20,1012,24406,490,13726,522,10680,0,0,717,16506,294,4067,717,20573,California
Stanislaus,2021-01-21,3689,28095,2975,16701,714,11394,0,0,3364,19655,321,4388,3470,24043,California
Stanislaus,2021-01-22,1093,29188,307,17008,786,12180,0,0,1049,20667,40,4428,1052,25095,California
Stanislaus,2021-01-23,358,29546,44,17052,314,12494,0,0,300,20911,57,4485,301,25396,California
Stanislaus,2021-01-24,302,29848,100,17152,202,12696,0,0,236,21083,66,4551,238,25634,California
Stanislaus,2021-01-25,3154,33002,227,17379,2927,15623,0,0,2829,23770,289,4840,2976,28610,California
Stanislaus,2021-01-26,1724,34726,744,18123,980,16603,0,0,1299,24667,418,5258,1315,29925,California
Stanislaus,2021-01-27,1891,36617,1052,19175,839,17442,0,0,1186,25194,660,5918,1187,31112,California
Stanislaus,2021-01-28,2209,38826,1511,20686,698,18140,0,0,1719,26492,482,6400,1780,32892,California
Stanislaus,2021-01-29,2441,41267,1194,21880,1247,19387,0,0,1909,27963,487,6887,1958,34850,California
Stanislaus,2021-01-30,293,41560,132,22012,161,19548,0,0,229,28139,53,6940,229,35079,California
Stanislaus,2021-01-31,369,41929,315,22327,54,19602,0,0,354,28481,12,6952,354,35433,California
Stanislaus,2021-02-01,1297,43226,586,22913,711,20313,0,0,942,29079,344,7296,942,36375,California
Stanislaus,2021-02-02,1210,44436,348,23261,862,21175,0,0,776,29434,423,7719,778,37153,California
Stanislaus,2021-02-03,2609,47045,1227,24488,1382,22557,0,0,1915,30673,688,8407,1927,39080,California
Stanislaus,2021-02-04,2088,49133,709,25197,1379,23936,0,0,1580,31764,494,8901,1585,40665,California
Stanislaus,2021-02-05,2850,51983,1470,26667,1380,25316,0,0,1591,32169,1199,10100,1604,42269,California
Stanislaus,2021-02-06,886,52869,300,26967,586,25902,0,0,694,32675,190,10290,696,42965,California
Stanislaus,2021-02-07,233,53102,208,27175,25,25927,0,0,43,32532,187,10477,44,43009,California
Stanislaus,2021-02-08,2034,55136,1334,28509,700,26627,0,0,1102,32760,893,11370,1121,44130,California
Stanislaus,2021-02-09,1841,56977,784,29293,1057,27684,0,0,1045,33038,775,12145,1053,45183,California
Stanislaus,2021-02-10,1933,58910,533,29826,1400,29084,0,0,1011,33150,901,13046,1013,46196,California
Stanislaus,2021-02-11,5389,64299,3271,33097,2118,31202,0,0,1229,30428,3957,17003,1235,47431,California
Stanislaus,2021-02-12,3300,67599,915,34012,2385,33587,0,0,1452,30118,1768,18771,1458,48889,California
Stanislaus,2021-02-13,1352,68951,652,34664,700,34287,0,0,981,30737,366,19137,985,49874,California
Stanislaus,2021-02-14,421,69372,167,34831,254,34541,0,0,353,31024,66,19203,353,50227,California
Stanislaus,2021-02-15,1815,71187,229,35060,1586,36127,0,0,582,30490,1120,20323,586,50813,California
Stanislaus,2021-02-16,1360,72547,421,35481,939,37066,0,0,579,30300,771,21094,581,51394,California
Stanislaus,2021-02-17,2753,75300,1686,37167,1067,38133,0,0,1922,31406,826,21920,1932,53326,California
Stanislaus,2021-02-18,3359,78659,1900,39067,1459,39592,0,0,1780,31724,1493,23413,1811,55137,California
Stanislaus,2021-02-19,2761,81420,1066,40133,1695,41287,0,0,1515,32060,1203,24616,1539,56676,California
Stanislaus,2021-02-20,749,82169,381,40514,368,41655,0,0,474,32279,257,24873,476,57152,California
Stanislaus,2021-02-21,906,83075,691,41205,215,41870,0,0,545,32498,337,25210,556,57708,California
Stanislaus,2021-02-22,2343,85418,1693,42898,650,42520,0,0,1627,33430,697,25907,1629,59337,California
Stanislaus,2021-02-23,3692,89110,677,43575,3015,45535,0,0,1716,33337,1821,27728,1728,61065,California
Stanislaus,2021-02-24,4172,93282,2847,46422,1325,46860,0,0,3115,35416,1039,28767,3118,64183,California
Stanislaus,2021-02-25,3883,97165,2646,49068,1237,48097,0,0,3079,37713,785,29552,3082,67265,California
Stanislaus,2021-02-26,4189,101354,1217,50285,2972,51069,0,0,2829,39246,1306,30858,2839,70104,California
Stanislaus,2021-02-27,2089,103443,708,50993,1380,52449,1,1,1856,40899,205,31063,1858,71962,California
Stanislaus,2021-02-28,818,104261,262,51255,556,53005,0,1,769,41630,39,31102,770,72732,California
Stanislaus,2021-03-01,2772,107033,1629,52884,1141,54146,2,3,1630,42166,1106,32208,1642,74374,California
Stanislaus,2021-03-02,2392,109425,1423,54307,968,55114,1,4,1658,43104,723,32931,1661,76035,California
Stanislaus,2021-03-03,3711,113136,2227,56534,1480,56594,4,8,2905,45223,789,33720,2908,78943,California
Stanislaus,2021-03-04,5441,118577,3105,59639,2320,58914,16,24,4192,48208,1219,34939,4204,83147,California
Stanislaus,2021-03-05,4024,122601,1116,60755,2892,61806,16,40,3053,50332,945,35884,3069,86216,California
Stanislaus,2021-03-06,3575,126176,2227,62982,1255,63061,93,133,2723,52302,848,36732,2818,89034,California
Stanislaus,2021-03-07,850,127026,389,63371,425,63486,36,169,661,52816,183,36915,697,89731,California
Stanislaus,2021-03-08,1992,129018,862,64233,1041,64527,89,258,1332,53595,641,37556,1420,91151,California
Stanislaus,2021-03-09,2179,131197,902,65135,1185,65712,92,350,1636,54796,531,38087,1732,92883,California
Stanislaus,2021-03-10,5064,136261,2499,67634,2343,68055,222,572,3743,57470,1304,39391,3978,96861,California
Stanislaus,2021-03-11,5715,141976,3140,70774,2099,70154,476,1048,4123,60650,1425,40816,4605,101466,California
Stanislaus,2021-03-12,5767,147743,1230,72004,2615,72769,1922,2970,2912,62650,2830,43646,4830,106296,California
Stanislaus,2021-03-13,3381,151124,2182,74186,1131,73900,68,3038,2689,64729,683,44329,2762,109058,California
Stanislaus,2021-03-14,996,152120,595,74781,350,74250,51,3089,490,64770,503,44832,544,109602,California
Stanislaus,2021-03-15,3692,155812,1975,76756,1356,75606,361,3450,1606,64752,1991,46823,1973,111575,California
Stanislaus,2021-03-16,4921,160733,2451,79207,2058,77664,412,3862,3544,67349,1358,48181,3955,115530,California
Stanislaus,2021-03-17,4720,165453,2856,82063,1686,79350,178,4040,2885,68610,1808,49989,3069,118599,California
Stanislaus,2021-03-18,5420,170873,3420,85483,1934,81284,66,4106,2975,69363,2292,52281,3045,121644,California
Stanislaus,2021-03-19,5917,176790,1532,87015,2861,84145,1524,5630,3096,71198,2782,55063,4617,126261,California
Stanislaus,2021-03-20,3841,180631,3006,90021,767,84912,68,5698,3365,74163,469,55532,3434,129695,California
Stanislaus,2021-03-21,1001,181632,901,90922,35,84947,65,5763,760,74749,239,55771,825,130520,California
Stanislaus,2021-03-22,2814,184446,1323,92245,766,85713,725,6488,1240,75166,1550,57321,1967,132487,California
Stanislaus,2021-03-23,3945,188391,2018,94263,1667,87380,260,6748,2810,77137,1118,58439,3089,135576,California
Stanislaus,2021-03-24,4550,192941,3220,97483,1262,88642,68,6816,2647,77999,1856,60295,2718,138294,California
Stanislaus,2021-03-25,4241,197182,2912,100395,1312,89954,17,6833,1814,77482,2349,62644,1832,140126,California
Stanislaus,2021-03-26,4715,201897,1333,101728,3307,93261,75,6908,2369,77625,2314,64958,2457,142583,California
Stanislaus,2021-03-27,4389,206286,2721,104449,1586,94847,82,6990,1386,76114,2987,67945,1476,144059,California
Stanislaus,2021-03-28,1105,207391,442,104891,557,95404,106,7096,322,75777,771,68716,434,144493,California
Stanislaus,2021-03-29,2980,210371,1829,106720,1112,96516,39,7135,1985,76822,985,69701,2030,146523,California
Stanislaus,2021-03-30,3669,214040,2056,108776,1586,98102,27,7162,2229,77652,1432,71133,2262,148785,California
Stanislaus,2021-03-31,5408,219448,3835,112611,1455,99557,118,7280,2767,77919,2622,73755,2889,151674,California
Stanislaus,2021-04-01,5736,225184,3834,116445,1811,101368,91,7371,2627,77557,3091,76846,2729,154403,California
Stanislaus,2021-04-02,4999,230183,1211,117656,3634,105002,154,7525,2247,77303,2666,79512,2412,156815,California
Stanislaus,2021-04-03,4545,234728,3302,120958,1206,106208,37,7562,2242,77300,2294,81806,2291,159106,California
Stanislaus,2021-04-04,1319,236047,471,121429,818,107026,30,7592,651,77323,662,82468,685,159791,California
Stanislaus,2021-04-05,3636,239683,2531,123960,856,107882,249,7841,2355,78660,1271,83739,2608,162399,California
Stanislaus,2021-04-06,5741,245424,4162,128122,1304,109186,275,8116,3072,79357,2656,86395,3353,165752,California
Stanislaus,2021-04-07,6346,251770,3599,131721,2326,111512,421,8537,2828,79110,3502,89897,3255,169007,California
Stanislaus,2021-04-08,5675,257445,3321,135042,1923,113435,431,8968,2769,79430,2884,92781,3204,172211,California
Stanislaus,2021-04-09,4817,262262,2105,137147,2341,115776,371,9339,2185,79389,2609,95390,2568,174779,California
Stanislaus,2021-04-10,6482,268744,3984,141131,859,116635,1639,10978,1999,78561,4459,99849,3631,178410,California
Stanislaus,2021-04-11,1522,270266,850,141981,539,117174,133,11111,667,78509,853,100702,801,179211,California
Stanislaus,2021-04-12,3593,273859,2045,144026,1102,118276,446,11557,1870,79128,1705,102407,2324,181535,California
Stanislaus,2021-04-13,5193,279052,3417,147443,1763,120039,13,11570,2922,79823,2233,104640,2928,184463,California
Stanislaus,2021-04-14,4648,283700,3252,150695,1395,121434,1,11571,2258,79728,2358,106998,2263,186726,California
Stanislaus,2021-04-15,5384,289084,3312,154007,2070,123504,2,11573,3239,80862,2108,109106,3242,189968,California
Stanislaus,2021-04-16,4304,293388,994,155001,3309,126813,1,11574,1828,80259,2434,111540,1831,191799,California
Stanislaus,2021-04-17,3155,296543,2120,157121,1035,127848,0,11574,1842,80801,1303,112843,1845,193644,California
Stanislaus,2021-04-18,533,297076,220,157341,313,128161,0,11574,408,81093,118,112961,410,194054,California
Stanislaus,2021-04-19,3452,300528,2447,159788,1004,129165,1,11575,1637,80954,1784,114745,1645,195699,California
Stanislaus,2021-04-20,3978,304506,2417,162205,1561,130726,0,11575,1744,80496,2204,116949,1746,197445,California
Stanislaus,2021-04-21,3824,308330,2557,164762,1266,131992,1,11576,1605,79926,2182,119131,1612,199057,California
Stanislaus,2021-04-22,3943,312273,2401,167163,1542,133534,0,11576,1570,79172,2329,121460,1575,200632,California
Stanislaus,2021-04-23,3588,315861,843,168006,2744,136278,1,11577,1475,78633,2022,123482,1483,202115,California
Stanislaus,2021-04-24,3783,319644,2928,170934,855,137133,0,11577,1789,78450,1977,125459,1794,203909,California
Stanislaus,2021-04-25,934,320578,478,171412,456,137589,0,11577,685,78895,244,125703,689,204598,California
Stanislaus,2021-04-26,3249,323827,2286,173698,957,138546,6,11583,966,77606,2265,127968,976,205574,California
Stanislaus,2021-04-27,3947,327774,2752,176450,1153,139699,42,11625,1119,75962,2806,130774,1162,206736,California
Stanislaus,2021-04-28,4229,332003,3007,179457,1160,140859,62,11687,1816,75453,2395,133169,1886,208622,California
Stanislaus,2021-04-29,3599,335602,2248,181705,1303,142162,48,11735,1418,74763,2165,135334,1475,210097,California
Stanislaus,2021-04-30,4490,340092,2046,183751,2360,144522,84,11819,1775,73926,2704,138038,1867,211964,California
Stanislaus,2021-05-01,2702,342794,1922,185673,740,145262,40,11859,1011,73303,1682,139720,1059,213023,California
Stanislaus,2021-05-02,1076,343870,616,186289,424,145686,36,11895,522,73319,548,140268,564,213587,California
Stanislaus,2021-05-03,2407,346277,1922,188211,415,146101,70,11965,907,72813,1486,141754,980,214567,California
Stanislaus,2021-05-04,3459,349736,2465,190676,906,147007,88,12053,1064,71587,2384,144138,1158,215725,California
Stanislaus,2021-05-05,3164,352900,2121,192797,969,147976,74,12127,1073,70667,2071,146209,1151,216876,California
Stanislaus,2021-05-06,3091,355991,2297,195094,688,148664,106,12233,1013,69733,2060,148269,1126,218002,California
Stanislaus,2021-05-07,2284,358275,886,195980,1255,149919,143,12376,939,69479,1338,149607,1084,219086,California
Stanislaus,2021-05-08,1959,360234,1340,197320,586,150505,33,12409,712,68998,1233,150840,752,219838,California
Stanislaus,2021-05-09,704,360938,336,197656,342,150847,26,12435,305,68931,398,151238,331,220169,California
Stanislaus,2021-05-10,1656,362594,1134,198790,444,151291,78,12513,447,68259,1198,152436,526,220695,California
Stanislaus,2021-05-11,2330,364924,1471,200261,704,151995,155,12668,657,67412,1663,154099,816,221511,California
Stanislaus,2021-05-12,2129,367053,1214,201475,815,152810,100,12768,819,67035,1298,155397,921,222432,California
Stanislaus,2021-05-13,1848,368901,1023,202498,710,153520,115,12883,841,66990,1002,156399,957,223389,California
Stanislaus,2021-05-14,2578,371479,1143,203641,1302,154822,133,13016,1184,66929,1379,157778,1318,224707,California
Stanislaus,2021-05-15,2470,373949,1770,205411,650,155472,50,13066,1202,66930,1259,159037,1260,225967,California
Stanislaus,2021-05-16,1015,374964,663,206074,344,155816,8,13074,553,67039,456,159493,565,226532,California
Stanislaus,2021-05-17,1923,376887,1290,207364,552,156368,81,13155,974,67154,943,160436,1058,227590,California
Stanislaus,2021-05-18,2194,379081,1500,208864,581,156949,113,13268,1181,67445,1003,161439,1294,228884,California
Stanislaus,2021-05-19,3002,382083,2064,210928,797,157746,141,13409,1350,67298,1643,163082,1496,230380,California
Stanislaus,2021-05-20,1828,383911,961,211889,768,158514,99,13508,759,67097,1063,164145,862,231242,California
Stanislaus,2021-05-21,2011,385922,961,212850,964,159478,86,13594,837,66857,1164,165309,924,232166,California
Stanislaus,2021-05-22,1658,387580,999,213849,592,160070,67,13661,737,66744,916,166225,803,232969,California
Stanislaus,2021-05-23,858,388438,556,214405,290,160360,12,13673,401,66703,454,166679,413,233382,California
Stanislaus,2021-05-24,1547,389985,1060,215465,411,160771,76,13749,599,66441,945,167624,683,234065,California
Stanislaus,2021-05-25,1189,391174,840,216305,265,161036,84,13833,554,66445,634,168258,638,234703,California
Stanislaus,2021-05-26,37,391211,19,216324,14,161050,4,13837,10,66432,26,168284,13,234716,California
Sutter,2020-12-15,1,1,1,1,0,0,0,0,1,1,0,0,1,1,California
Sutter,2020-12-16,4,5,4,5,0,0,0,0,4,5,0,0,4,5,California
Sutter,2020-12-17,2,7,2,7,0,0,0,0,2,7,0,0,2,7,California
Sutter,2020-12-18,20,27,20,27,0,0,0,0,20,27,0,0,20,27,California
Sutter,2020-12-19,44,71,44,71,0,0,0,0,44,71,0,0,44,71,California
Sutter,2020-12-20,42,113,42,113,0,0,0,0,42,113,0,0,42,113,California
Sutter,2020-12-21,100,213,100,213,0,0,0,0,100,213,0,0,100,213,California
Sutter,2020-12-22,172,385,172,385,0,0,0,0,172,385,0,0,172,385,California
Sutter,2020-12-23,116,501,111,496,5,5,0,0,116,501,0,0,116,501,California
Sutter,2020-12-24,17,518,11,507,6,11,0,0,17,518,0,0,17,518,California
Sutter,2020-12-26,38,556,34,541,4,15,0,0,38,556,0,0,38,556,California
Sutter,2020-12-27,24,580,23,564,1,16,0,0,24,580,0,0,24,580,California
Sutter,2020-12-28,83,663,55,619,28,44,0,0,83,663,0,0,83,663,California
Sutter,2020-12-29,101,764,14,633,87,131,0,0,101,764,0,0,101,764,California
Sutter,2020-12-30,137,901,34,667,103,234,0,0,137,901,0,0,137,901,California
Sutter,2020-12-31,70,971,6,673,64,298,0,0,70,971,0,0,70,971,California
Sutter,2021-01-01,3,974,3,676,0,298,0,0,3,974,0,0,3,974,California
Sutter,2021-01-02,131,1105,129,805,2,300,0,0,131,1105,0,0,131,1105,California
Sutter,2021-01-03,1,1106,0,805,1,301,0,0,1,1106,0,0,1,1106,California
Sutter,2021-01-04,247,1353,139,944,108,409,0,0,247,1353,0,0,247,1353,California
Sutter,2021-01-05,101,1454,57,1001,44,453,0,0,99,1450,2,2,99,1452,California
Sutter,2021-01-06,204,1658,50,1051,154,607,0,0,199,1644,5,7,199,1651,California
Sutter,2021-01-07,251,1909,151,1202,100,707,0,0,242,1878,8,15,242,1893,California
Sutter,2021-01-08,149,2058,40,1242,109,816,0,0,132,1993,17,32,132,2025,California
Sutter,2021-01-09,46,2104,43,1285,3,819,0,0,5,1957,41,73,5,2030,California
Sutter,2021-01-10,397,2501,37,1322,360,1179,0,0,359,2279,37,110,359,2389,California
Sutter,2021-01-11,132,2633,114,1436,18,1197,0,0,26,2199,106,216,26,2415,California
Sutter,2021-01-12,201,2834,164,1600,37,1234,0,0,58,2114,143,359,58,2473,California
Sutter,2021-01-13,162,2996,99,1699,63,1297,0,0,72,2097,89,448,72,2545,California
Sutter,2021-01-14,147,3143,51,1750,96,1393,0,0,128,2206,19,467,128,2673,California
Sutter,2021-01-15,438,3581,133,1883,305,1698,0,0,423,2614,15,482,423,3096,California
Sutter,2021-01-16,384,3965,41,1924,343,2041,0,0,353,2937,30,512,353,3449,California
Sutter,2021-01-17,26,3991,24,1948,2,2043,0,0,10,2931,16,528,10,3459,California
Sutter,2021-01-18,118,4109,63,2011,55,2098,0,0,70,2953,48,576,70,3529,California
Sutter,2021-01-19,103,4212,42,2053,61,2159,0,0,79,3008,24,600,79,3608,California
Sutter,2021-01-20,270,4482,206,2259,64,2223,0,0,250,3238,20,620,250,3858,California
Sutter,2021-01-21,486,4968,317,2576,169,2392,0,0,467,3686,19,639,467,4325,California
Sutter,2021-01-22,239,5207,52,2628,187,2579,0,0,230,3907,9,648,230,4555,California
Sutter,2021-01-23,396,5603,39,2667,357,2936,0,0,370,4251,26,674,370,4925,California
Sutter,2021-01-24,17,5620,14,2681,3,2939,0,0,15,4264,2,676,15,4940,California
Sutter,2021-01-25,306,5926,196,2877,110,3049,0,0,151,4261,154,830,151,5091,California
Sutter,2021-01-26,248,6174,108,2985,140,3189,0,0,144,4302,103,933,144,5235,California
Sutter,2021-01-27,386,6560,255,3240,131,3320,0,0,320,4556,66,999,320,5555,California
Sutter,2021-01-28,584,7144,361,3601,223,3543,0,0,409,4791,174,1173,409,5964,California
Sutter,2021-01-29,360,7504,86,3687,274,3817,0,0,240,4911,120,1293,240,6204,California
Sutter,2021-01-30,775,8279,38,3725,737,4554,0,0,764,5664,11,1304,764,6968,California
Sutter,2021-01-31,28,8307,27,3752,1,4555,0,0,28,5692,0,1304,28,6996,California
Sutter,2021-02-01,166,8473,50,3802,116,4671,0,0,135,5796,31,1335,135,7131,California
Sutter,2021-02-02,243,8716,26,3828,217,4888,0,0,211,5975,32,1367,211,7342,California
Sutter,2021-02-03,444,9160,39,3867,405,5293,0,0,210,5951,234,1601,210,7552,California
Sutter,2021-02-04,669,9829,365,4232,304,5597,0,0,619,6520,50,1651,619,8171,California
Sutter,2021-02-05,287,10116,32,4264,255,5852,0,0,136,6505,151,1802,136,8307,California
Sutter,2021-02-06,736,10852,29,4293,707,6559,0,0,714,7197,22,1824,714,9021,California
Sutter,2021-02-07,23,10875,20,4313,3,6562,0,0,19,7212,4,1828,19,9040,California
Sutter,2021-02-08,134,11009,29,4342,105,6667,0,0,98,7274,36,1864,98,9138,California
Sutter,2021-02-09,246,11255,45,4387,201,6868,0,0,184,7396,62,1926,184,9322,California
Sutter,2021-02-10,819,12074,380,4767,439,7307,0,0,177,6932,641,2567,177,9499,California
Sutter,2021-02-11,603,12677,275,5042,328,7635,0,0,345,7019,258,2825,345,9844,California
Sutter,2021-02-12,633,13310,67,5109,566,8201,0,0,310,7007,322,3147,310,10154,California
Sutter,2021-02-13,897,14207,48,5157,849,9050,0,0,781,7672,116,3263,781,10935,California
Sutter,2021-02-14,90,14297,25,5182,65,9115,0,0,79,7740,11,3274,79,11014,California
Sutter,2021-02-15,197,14494,72,5254,125,9240,0,0,118,7779,79,3353,118,11132,California
Sutter,2021-02-16,288,14782,45,5299,243,9483,0,0,204,7900,83,3436,204,11336,California
Sutter,2021-02-17,823,15605,428,5727,395,9878,0,0,129,7335,694,4130,129,11465,California
Sutter,2021-02-18,701,16306,55,5782,646,10524,0,0,489,7613,211,4341,489,11954,California
Sutter,2021-02-19,662,16968,377,6159,285,10809,0,0,460,7873,200,4541,460,12414,California
Sutter,2021-02-20,620,17588,55,6214,565,11374,0,0,517,8288,102,4643,517,12931,California
Sutter,2021-02-21,30,17618,27,6241,3,11377,0,0,7,8272,23,4666,7,12938,California
Sutter,2021-02-22,207,17825,122,6363,85,11462,0,0,87,8239,120,4786,87,13025,California
Sutter,2021-02-23,223,18048,33,6396,190,11652,0,0,97,8210,126,4912,97,13122,California
Sutter,2021-02-24,964,19012,349,6745,615,12267,0,0,194,7635,769,5681,194,13316,California
Sutter,2021-02-25,785,19797,498,7243,287,12554,0,0,604,8061,178,5859,604,13920,California
Sutter,2021-02-26,371,20168,60,7303,311,12865,0,0,153,7998,216,6075,153,14073,California
Sutter,2021-02-27,865,21033,45,7348,820,13685,0,0,710,8551,157,6232,710,14783,California
Sutter,2021-02-28,84,21117,38,7386,46,13731,0,0,64,8596,19,6251,64,14847,California
Sutter,2021-03-01,247,21364,61,7447,186,13917,0,0,150,8649,97,6348,150,14997,California
Sutter,2021-03-02,334,21698,57,7504,277,14194,0,0,160,8636,173,6521,160,15157,California
Sutter,2021-03-03,1385,23083,514,8018,871,15065,0,0,646,8549,733,7254,646,15803,California
Sutter,2021-03-04,1256,24339,867,8885,389,15454,0,0,948,9193,304,7558,948,16751,California
Sutter,2021-03-05,338,24677,79,8964,258,15712,1,1,206,9268,132,7690,207,16958,California
Sutter,2021-03-06,1022,25699,46,9010,971,16683,5,6,860,9971,162,7852,865,17823,California
Sutter,2021-03-07,64,25763,23,9033,40,16723,1,7,44,9996,20,7872,45,17868,California
Sutter,2021-03-08,226,25989,79,9112,135,16858,12,19,157,10096,69,7941,169,18037,California
Sutter,2021-03-09,386,26375,138,9250,235,17093,13,32,184,10091,202,8143,197,18234,California
Sutter,2021-03-10,1569,27944,681,9931,827,17920,61,93,525,9636,1041,9184,586,18820,California
Sutter,2021-03-11,894,28838,441,10372,434,18354,19,112,648,10060,243,9427,667,19487,California
Sutter,2021-03-12,673,29511,110,10482,381,18735,182,294,199,9968,471,9898,379,19866,California
Sutter,2021-03-13,985,30496,749,11231,218,18953,18,312,781,10564,202,10100,798,20664,California
Sutter,2021-03-14,130,30626,22,11253,97,19050,11,323,44,10533,86,10186,55,20719,California
Sutter,2021-03-15,320,30946,66,11319,205,19255,49,372,153,10570,165,10351,202,20921,California
Sutter,2021-03-16,392,31338,86,11405,259,19514,47,419,213,10650,179,10530,259,21180,California
Sutter,2021-03-17,1497,32835,563,11968,914,20428,20,439,313,9807,1175,11705,332,21512,California
Sutter,2021-03-18,973,33808,182,12150,589,21017,202,641,571,10179,400,12105,772,22284,California
Sutter,2021-03-19,463,34271,165,12315,269,21286,29,670,284,10315,177,12282,313,22597,California
Sutter,2021-03-20,949,35220,116,12431,822,22108,11,681,860,11097,89,12371,871,23468,California
Sutter,2021-03-21,67,35287,47,12478,17,22125,3,684,37,11107,30,12401,40,23508,California
Sutter,2021-03-22,288,35575,120,12598,142,22267,26,710,213,11272,74,12475,239,23747,California
Sutter,2021-03-23,376,35951,115,12713,229,22496,32,742,255,11437,121,12596,286,24033,California
Sutter,2021-03-24,1685,37636,772,13485,843,23339,70,812,314,10464,1357,13953,384,24417,California
Sutter,2021-03-25,1042,38678,680,14165,319,23658,43,855,370,10208,669,14622,413,24830,California
Sutter,2021-03-26,488,39166,174,14339,297,23955,17,872,295,10330,190,14812,312,25142,California
Sutter,2021-03-27,927,40093,63,14402,862,24817,2,874,820,11048,104,14916,822,25964,California
Sutter,2021-03-28,125,40218,71,14473,54,24871,0,874,77,11079,46,14962,77,26041,California
Sutter,2021-03-29,428,40646,145,14618,228,25099,55,929,226,11160,200,15162,281,26322,California
Sutter,2021-03-30,479,41125,160,14778,309,25408,10,939,317,11325,162,15324,327,26649,California
Sutter,2021-03-31,1249,42374,177,14955,1056,26464,16,955,447,10996,791,16115,462,27111,California
Sutter,2021-04-01,1378,43752,733,15688,458,26922,187,1142,424,10659,947,17062,610,27721,California
Sutter,2021-04-02,511,44263,99,15787,294,27216,118,1260,201,10666,308,17370,315,28036,California
Sutter,2021-04-03,910,45173,77,15864,210,27426,623,1883,121,10623,787,18157,744,28780,California
Sutter,2021-04-04,118,45291,22,15886,90,27516,6,1889,55,10621,63,18220,61,28841,California
Sutter,2021-04-05,369,45660,146,16032,187,27703,36,1925,178,10647,188,18408,214,29055,California
Sutter,2021-04-06,510,46170,198,16230,256,27959,56,1981,273,10741,236,18644,330,29385,California
Sutter,2021-04-07,1478,47648,878,17108,525,28484,75,2056,612,10572,859,19503,690,30075,California
Sutter,2021-04-08,1049,48697,582,17690,355,28839,112,2168,576,10792,469,19972,689,30764,California
Sutter,2021-04-09,564,49261,249,17939,251,29090,64,2232,236,10768,326,20298,302,31066,California
Sutter,2021-04-10,823,50084,107,18046,88,29178,628,2860,107,10782,713,21011,727,31793,California
Sutter,2021-04-11,112,50196,28,18074,40,29218,44,2904,33,10779,79,21090,76,31869,California
Sutter,2021-04-12,336,50532,91,18165,191,29409,54,2958,134,10765,202,21292,188,32057,California
Sutter,2021-04-13,429,50961,127,18292,302,29711,0,2958,211,10760,216,21508,211,32268,California
Sutter,2021-04-14,1291,52252,160,18452,1130,30841,1,2959,213,9902,1072,22580,214,32482,California
Sutter,2021-04-15,535,52787,174,18626,361,31202,0,2959,213,9795,320,22900,213,32695,California
Sutter,2021-04-16,394,53181,125,18751,269,31471,0,2959,181,9764,212,23112,181,32876,California
Sutter,2021-04-17,578,53759,84,18835,494,31965,0,2959,507,10201,70,23182,507,33383,California
Sutter,2021-04-18,70,53829,11,18846,59,32024,0,2959,43,10218,26,23208,43,33426,California
Sutter,2021-04-19,289,54118,111,18957,178,32202,0,2959,119,10169,168,23376,119,33545,California
Sutter,2021-04-20,413,54531,134,19091,279,32481,0,2959,200,10157,212,23588,200,33745,California
Sutter,2021-04-21,1232,55763,420,19511,812,33293,0,2959,476,9886,747,24335,476,34221,California
Sutter,2021-04-22,483,56246,165,19676,318,33611,0,2959,250,9905,231,24566,250,34471,California
Sutter,2021-04-23,399,56645,115,19791,284,33895,0,2959,187,9881,211,24777,187,34658,California
Sutter,2021-04-24,325,56970,105,19896,219,34114,1,2960,185,9927,139,24916,185,34843,California
Sutter,2021-04-25,157,57127,75,19971,82,34196,0,2960,86,9944,69,24985,86,34929,California
Sutter,2021-04-26,287,57414,87,20058,198,34394,2,2962,121,9903,164,25149,123,35052,California
Sutter,2021-04-27,527,57941,266,20324,257,34651,4,2966,243,9869,281,25430,247,35299,California
Sutter,2021-04-28,817,58758,341,20665,468,35119,8,2974,259,9583,553,25983,267,35566,California
Sutter,2021-04-29,773,59531,135,20800,637,35756,1,2975,309,9432,461,26444,310,35876,California
Sutter,2021-04-30,357,59888,109,20909,235,35991,13,2988,146,9382,208,26652,158,36034,California
Sutter,2021-05-01,295,60183,106,21015,148,36139,41,3029,125,9381,167,26819,166,36200,California
Sutter,2021-05-02,80,60263,52,21067,26,36165,2,3031,46,9395,34,26853,48,36248,California
Sutter,2021-05-03,169,60432,107,21174,53,36218,9,3040,69,9373,100,26953,78,36326,California
Sutter,2021-05-04,518,60950,236,21410,218,36436,64,3104,218,9357,297,27250,281,36607,California
Sutter,2021-05-05,534,61484,141,21551,385,36821,8,3112,158,9154,369,27619,166,36773,California
Sutter,2021-05-06,426,61910,231,21782,175,36996,20,3132,192,9132,234,27853,212,36985,California
Sutter,2021-05-07,407,62317,146,21928,239,37235,22,3154,153,9055,252,28105,175,37160,California
Sutter,2021-05-08,196,62513,49,21977,141,37376,6,3160,106,9077,90,28195,112,37272,California
Sutter,2021-05-09,81,62594,52,22029,24,37400,5,3165,56,9113,25,28220,61,37333,California
Sutter,2021-05-10,188,62782,42,22071,129,37529,17,3182,47,9038,139,28359,64,37397,California
Sutter,2021-05-11,433,63215,212,22283,203,37732,18,3200,180,8985,250,28609,197,37594,California
Sutter,2021-05-12,397,63612,211,22494,177,37909,9,3209,134,8869,259,28868,143,37737,California
Sutter,2021-05-13,442,64054,228,22722,192,38101,22,3231,170,8792,269,29137,192,37929,California
Sutter,2021-05-14,435,64489,184,22906,235,38336,16,3247,214,8806,216,29353,230,38159,California
Sutter,2021-05-15,838,65327,308,23214,499,38835,31,3278,305,8610,532,29885,336,38495,California
Sutter,2021-05-16,137,65464,82,23296,47,38882,8,3286,75,8632,61,29946,83,38578,California
Sutter,2021-05-17,289,65753,114,23410,161,39043,14,3300,154,8666,134,30080,168,38746,California
Sutter,2021-05-18,537,66290,311,23721,222,39265,4,3304,294,8724,240,30320,298,39044,California
Sutter,2021-05-19,463,66753,265,23986,191,39456,7,3311,246,8763,214,30534,253,39297,California
Sutter,2021-05-20,401,67154,216,24202,173,39629,12,3323,201,8778,198,30732,213,39510,California
Sutter,2021-05-21,450,67604,210,24412,228,39857,12,3335,219,8779,229,30961,230,39740,California
Sutter,2021-05-22,308,67912,175,24587,130,39987,3,3338,151,8778,154,31115,153,39893,California
Sutter,2021-05-23,154,68066,73,24660,74,40061,7,3345,77,8791,71,31186,84,39977,California
Sutter,2021-05-24,233,68299,89,24749,123,40184,21,3366,103,8789,126,31312,124,40101,California
Sutter,2021-05-25,399,68698,193,24942,192,40376,14,3380,169,8747,225,31537,183,40284,California
Sutter,2021-05-26,199,68897,82,25024,109,40485,8,3388,64,8687,132,31669,72,40356,California
Tehama,2020-12-15,1,1,1,1,0,0,0,0,1,1,0,0,1,1,California
Tehama,2020-12-16,2,3,2,3,0,0,0,0,2,3,0,0,2,3,California
Tehama,2020-12-17,12,15,12,15,0,0,0,0,12,15,0,0,12,15,California
Tehama,2020-12-18,2,17,2,17,0,0,0,0,3,18,0,0,3,18,California
Tehama,2020-12-21,33,50,33,50,0,0,0,0,33,51,0,0,33,51,California
Tehama,2020-12-22,68,118,62,112,6,6,0,0,68,119,0,0,68,119,California
Tehama,2020-12-23,49,167,41,153,8,14,0,0,49,168,0,0,49,168,California
Tehama,2020-12-24,5,172,3,156,2,16,0,0,5,173,0,0,5,173,California
Tehama,2020-12-26,3,175,2,158,1,17,0,0,3,176,0,0,3,176,California
Tehama,2020-12-27,2,177,2,160,0,17,0,0,2,178,0,0,2,178,California
Tehama,2020-12-28,56,233,43,203,13,30,0,0,56,234,0,0,56,234,California
Tehama,2020-12-29,31,264,31,234,0,30,0,0,31,265,0,0,31,265,California
Tehama,2020-12-30,54,318,38,272,16,46,0,0,53,318,0,0,53,318,California
Tehama,2020-12-31,14,332,4,276,10,56,0,0,14,332,0,0,14,332,California
Tehama,2021-01-01,2,334,0,276,2,58,0,0,2,334,0,0,2,334,California
Tehama,2021-01-04,32,366,9,285,23,81,0,0,32,366,0,0,32,366,California
Tehama,2021-01-05,70,436,43,328,27,108,0,0,67,430,3,3,67,433,California
Tehama,2021-01-06,71,507,21,349,50,158,0,0,62,484,8,11,62,495,California
Tehama,2021-01-07,57,564,7,356,50,208,0,0,56,539,1,12,56,551,California
Tehama,2021-01-08,33,597,24,380,9,217,0,0,28,562,5,17,28,579,California
Tehama,2021-01-09,7,604,5,385,2,219,0,0,5,565,2,19,5,584,California
Tehama,2021-01-10,1,605,0,385,1,220,0,0,1,566,0,19,1,585,California
Tehama,2021-01-11,48,653,46,431,2,222,0,0,15,548,33,52,15,600,California
Tehama,2021-01-12,131,784,111,542,20,242,0,0,86,589,45,97,86,686,California
Tehama,2021-01-13,73,857,55,597,18,260,0,0,27,570,46,143,27,713,California
Tehama,2021-01-14,224,1081,50,647,174,434,0,0,222,790,2,145,222,935,California
Tehama,2021-01-15,249,1330,74,721,175,609,0,0,245,1031,4,149,245,1180,California
Tehama,2021-01-16,263,1593,19,740,244,853,0,0,260,1288,3,152,260,1440,California
Tehama,2021-01-17,6,1599,2,742,4,857,0,0,4,1290,2,154,4,1444,California
Tehama,2021-01-18,10,1609,6,748,4,861,0,0,5,1290,5,159,5,1449,California
Tehama,2021-01-19,291,1900,65,813,226,1087,0,0,236,1471,55,214,236,1685,California
Tehama,2021-01-20,301,2201,87,900,214,1301,0,0,251,1673,49,263,251,1936,California
Tehama,2021-01-21,215,2416,11,911,204,1505,0,0,205,1868,10,273,205,2141,California
Tehama,2021-01-22,223,2639,21,932,202,1707,0,0,220,2085,3,276,220,2361,California
Tehama,2021-01-23,258,2897,7,939,251,1958,0,0,257,2341,1,277,257,2618,California
Tehama,2021-01-24,1,2898,1,940,0,1958,0,0,1,2342,0,277,1,2619,California
Tehama,2021-01-25,32,2930,14,954,18,1976,0,0,14,2338,18,295,14,2633,California
Tehama,2021-01-26,324,3254,42,996,282,2258,0,0,287,2588,37,332,287,2920,California
Tehama,2021-01-27,299,3553,21,1017,278,2536,0,0,279,2847,20,352,279,3199,California
Tehama,2021-01-28,339,3892,29,1046,310,2846,0,0,324,3156,15,367,324,3523,California
Tehama,2021-01-29,321,4213,19,1065,302,3148,0,0,304,3443,17,384,304,3827,California
Tehama,2021-01-30,103,4316,2,1067,101,3249,0,0,102,3544,1,385,102,3929,California
Tehama,2021-01-31,1,4317,0,1067,1,3250,0,0,1,3545,0,385,1,3930,California
Tehama,2021-02-01,78,4395,22,1089,56,3306,0,0,36,3539,42,427,36,3966,California
Tehama,2021-02-02,350,4745,63,1152,287,3593,0,0,253,3695,97,524,253,4219,California
Tehama,2021-02-03,389,5134,12,1164,377,3970,0,0,345,3996,44,568,345,4564,California
Tehama,2021-02-04,484,5618,99,1263,385,4355,0,0,403,4319,81,649,404,4968,California
Tehama,2021-02-05,177,5795,73,1336,104,4459,0,0,115,4372,62,711,115,5083,California
Tehama,2021-02-06,28,5823,13,1349,15,4474,0,0,16,4376,12,723,16,5099,California
Tehama,2021-02-07,5,5828,4,1353,1,4475,0,0,2,4375,3,726,2,5101,California
Tehama,2021-02-08,36,5864,14,1367,22,4497,0,0,27,4393,9,735,27,5128,California
Tehama,2021-02-09,78,5942,34,1401,44,4541,0,0,44,4403,34,769,44,5172,California
Tehama,2021-02-10,233,6175,62,1463,171,4712,0,0,157,4484,76,845,157,5329,California
Tehama,2021-02-11,221,6396,16,1479,205,4917,0,0,82,4429,137,982,82,5411,California
Tehama,2021-02-12,367,6763,66,1545,301,5218,0,0,175,4412,192,1174,175,5586,California
Tehama,2021-02-13,385,7148,13,1558,372,5590,0,0,147,4321,238,1412,147,5733,California
Tehama,2021-02-14,34,7182,1,1559,33,5623,0,0,32,4351,2,1414,32,5765,California
Tehama,2021-02-15,53,7235,10,1569,43,5666,0,0,47,4392,6,1420,47,5812,California
Tehama,2021-02-16,242,7477,16,1585,226,5892,0,0,60,4270,182,1602,60,5872,California
Tehama,2021-02-17,280,7757,12,1597,268,6160,0,0,54,4098,226,1828,54,5926,California
Tehama,2021-02-18,370,8127,32,1629,338,6498,0,0,145,4018,225,2053,145,6071,California
Tehama,2021-02-19,214,8341,18,1647,196,6694,0,0,43,3890,171,2224,43,6114,California
Tehama,2021-02-20,271,8612,6,1653,265,6959,0,0,26,3671,245,2469,26,6140,California
Tehama,2021-02-21,1,8613,1,1654,0,6959,0,0,1,3672,0,2469,1,6141,California
Tehama,2021-02-22,39,8652,15,1669,24,6983,0,0,26,3685,13,2482,26,6167,California
Tehama,2021-02-23,46,8698,19,1688,27,7010,0,0,26,3691,20,2502,26,6193,California
Tehama,2021-02-24,300,8998,13,1701,287,7297,0,0,27,3445,273,2775,27,6220,California
Tehama,2021-02-25,375,9373,60,1761,315,7612,0,0,39,3148,336,3111,39,6259,California
Tehama,2021-02-26,455,9828,19,1780,436,8048,0,0,70,2833,385,3496,70,6329,California
Tehama,2021-02-27,295,10123,5,1785,290,8338,0,0,34,2606,261,3757,34,6363,California
Tehama,2021-02-28,23,10146,2,1787,21,8359,0,0,20,2623,3,3760,20,6383,California
Tehama,2021-03-01,67,10213,8,1795,59,8418,0,0,33,2622,34,3794,33,6416,California
Tehama,2021-03-02,138,10351,18,1813,120,8538,0,0,30,2544,108,3902,30,6446,California
Tehama,2021-03-03,151,10502,33,1846,118,8656,0,0,48,2489,103,4005,48,6494,California
Tehama,2021-03-04,631,11133,36,1882,595,9251,0,0,221,2307,403,4408,221,6715,California
Tehama,2021-03-05,401,11534,19,1901,382,9633,0,0,216,2339,184,4592,216,6931,California
Tehama,2021-03-06,296,11830,14,1915,282,9915,0,0,80,2205,215,4807,81,7012,California
Tehama,2021-03-07,5,11835,1,1916,4,9919,0,0,3,2207,1,4808,3,7015,California
Tehama,2021-03-08,58,11893,12,1928,31,9950,15,15,27,2219,30,4838,42,7057,California
Tehama,2021-03-09,367,12260,9,1937,339,10289,19,34,311,2493,56,4894,330,7387,California
Tehama,2021-03-10,354,12614,14,1951,319,10608,21,55,71,2303,282,5176,92,7479,California
Tehama,2021-03-11,488,13102,17,1968,425,11033,46,101,345,2551,143,5319,391,7870,California
Tehama,2021-03-12,306,13408,19,1987,222,11255,65,166,181,2672,125,5444,246,8116,California
Tehama,2021-03-13,45,13453,8,1995,31,11286,6,172,6,2645,39,5483,12,8128,California
Tehama,2021-03-14,51,13504,3,1998,37,11323,11,183,9,2623,42,5525,20,8148,California
Tehama,2021-03-15,154,13658,21,2019,113,11436,20,203,84,2657,70,5595,104,8252,California
Tehama,2021-03-16,418,14076,14,2033,366,11802,38,241,315,2908,102,5697,353,8605,California
Tehama,2021-03-17,423,14499,22,2055,369,12171,32,273,340,3199,81,5778,372,8977,California
Tehama,2021-03-18,496,14995,26,2081,446,12617,24,297,317,3363,177,5955,341,9318,California
Tehama,2021-03-19,321,15316,23,2104,285,12902,13,310,278,3611,43,5998,291,9609,California
Tehama,2021-03-20,42,15358,9,2113,31,12933,2,312,30,3631,12,6010,32,9641,California
Tehama,2021-03-21,12,15370,5,2118,7,12940,0,312,12,3643,0,6010,12,9653,California
Tehama,2021-03-22,91,15461,7,2125,67,13007,17,329,50,3669,41,6051,67,9720,California
Tehama,2021-03-23,88,15549,27,2152,54,13061,7,336,69,3726,19,6070,76,9796,California
Tehama,2021-03-24,86,15635,16,2168,68,13129,2,338,55,3752,31,6101,57,9853,California
Tehama,2021-03-25,521,16156,355,2523,153,13282,13,351,471,4187,49,6150,484,10337,California
Tehama,2021-03-26,515,16671,403,2926,100,13382,12,363,439,4563,75,6225,451,10788,California
Tehama,2021-03-27,457,17128,361,3287,71,13453,25,388,389,4910,67,6292,414,11202,California
Tehama,2021-03-28,34,17162,13,3300,21,13474,0,388,22,4920,12,6304,22,11224,California
Tehama,2021-03-29,124,17286,31,3331,92,13566,1,389,78,4952,46,6350,78,11302,California
Tehama,2021-03-30,372,17658,222,3553,148,13714,2,391,254,5090,118,6468,256,11558,California
Tehama,2021-03-31,398,18056,296,3849,99,13813,3,394,326,5347,71,6539,328,11886,California
Tehama,2021-04-01,526,18582,246,4095,274,14087,6,400,392,5612,133,6672,398,12284,California
Tehama,2021-04-02,457,19039,215,4310,236,14323,6,406,272,5704,185,6857,277,12561,California
Tehama,2021-04-03,60,19099,3,4313,52,14375,5,411,30,5709,30,6887,35,12596,California
Tehama,2021-04-04,34,19133,6,4319,27,14402,1,412,22,5720,12,6899,23,12619,California
Tehama,2021-04-05,116,19249,21,4340,69,14471,26,438,61,5752,55,6954,87,12706,California
Tehama,2021-04-06,495,19744,110,4450,333,14804,52,490,141,5591,354,7308,193,12899,California
Tehama,2021-04-07,418,20162,282,4732,92,14896,44,534,303,5823,114,7422,346,13245,California
Tehama,2021-04-08,604,20766,175,4907,390,15286,39,573,230,5719,373,7795,269,13514,California
Tehama,2021-04-09,432,21198,193,5100,206,15492,33,606,215,5751,216,8011,248,13762,California
Tehama,2021-04-10,72,21270,9,5109,37,15529,26,632,39,5783,33,8044,65,13827,California
Tehama,2021-04-11,33,21303,7,5116,15,15544,11,643,8,5777,25,8069,19,13846,California
Tehama,2021-04-12,112,21415,6,5122,87,15631,19,662,40,5764,72,8141,59,13905,California
Tehama,2021-04-13,388,21803,64,5186,324,15955,0,662,67,5510,321,8462,67,13972,California
Tehama,2021-04-14,407,22210,52,5238,355,16310,0,662,48,5201,357,8819,48,14020,California
Tehama,2021-04-15,513,22723,193,5431,320,16630,0,662,80,4848,433,9252,80,14100,California
Tehama,2021-04-16,598,23321,343,5774,255,16885,0,662,75,4400,523,9775,75,14175,California
Tehama,2021-04-17,348,23669,268,6042,80,16965,0,662,41,4136,306,10081,42,14217,California
Tehama,2021-04-18,17,23686,3,6045,14,16979,0,662,13,4145,4,10085,13,14230,California
Tehama,2021-04-19,93,23779,7,6052,86,17065,0,662,39,4130,54,10139,39,14269,California
Tehama,2021-04-20,514,24293,423,6475,91,17156,0,662,150,3920,362,10501,152,14421,California
Tehama,2021-04-21,518,24811,445,6920,73,17229,0,662,167,3738,349,10850,167,14588,California
Tehama,2021-04-22,515,25326,364,7284,151,17380,0,662,148,3522,364,11214,148,14736,California
Tehama,2021-04-23,445,25771,346,7630,99,17479,0,662,197,3473,247,11461,198,14934,California
Tehama,2021-04-24,103,25874,17,7647,86,17565,0,662,27,3424,76,11537,27,14961,California
Tehama,2021-04-25,28,25902,17,7664,11,17576,0,662,10,3416,18,11555,10,14971,California
Tehama,2021-04-26,73,25975,9,7673,64,17640,0,662,41,3425,32,11587,41,15012,California
Tehama,2021-04-27,251,26226,206,7879,45,17685,0,662,93,3359,159,11746,93,15105,California
Tehama,2021-04-28,395,26621,318,8197,60,17745,17,679,65,3111,330,12076,82,15187,California
Tehama,2021-04-29,352,26973,171,8368,175,17920,6,685,68,2902,283,12359,74,15261,California
Tehama,2021-04-30,325,27298,241,8609,78,17998,6,691,112,2807,213,12572,118,15379,California
Tehama,2021-05-01,72,27370,4,8613,65,18063,3,694,14,2766,58,12630,17,15396,California
Tehama,2021-05-02,47,27417,24,8637,11,18074,12,706,27,2785,20,12650,39,15435,California
Tehama,2021-05-03,117,27534,41,8678,68,18142,8,714,62,2800,55,12705,70,15505,California
Tehama,2021-05-04,158,27692,56,8734,95,18237,7,721,67,2783,91,12796,74,15579,California
Tehama,2021-05-05,86,27778,21,8755,55,18292,10,731,38,2783,48,12844,48,15627,California
Tehama,2021-05-06,162,27940,90,8845,57,18349,15,746,98,2832,64,12908,113,15740,California
Tehama,2021-05-07,171,28111,71,8916,89,18438,11,757,47,2768,122,13030,58,15798,California
Tehama,2021-05-08,49,28160,6,8922,42,18480,1,758,13,2746,36,13066,14,15812,California
Tehama,2021-05-09,15,28175,3,8925,12,18492,0,758,6,2743,9,13075,6,15818,California
Tehama,2021-05-10,77,28252,7,8932,64,18556,6,764,36,2745,40,13115,42,15860,California
Tehama,2021-05-11,163,28415,115,9047,37,18593,11,775,29,2651,134,13249,40,15900,California
Tehama,2021-05-12,203,28618,134,9181,59,18652,10,785,42,2543,160,13409,52,15952,California
Tehama,2021-05-13,234,28852,162,9343,64,18716,8,793,105,2528,128,13537,113,16065,California
Tehama,2021-05-14,242,29094,130,9473,91,18807,21,814,57,2422,184,13721,78,16143,California
Tehama,2021-05-15,224,29318,133,9606,56,18863,35,849,161,2556,62,13783,196,16339,California
Tehama,2021-05-16,26,29344,6,9612,17,18880,3,852,14,2561,12,13795,17,16356,California
Tehama,2021-05-17,111,29455,29,9641,67,18947,15,867,53,2573,56,13851,68,16424,California
Tehama,2021-05-18,148,29603,76,9717,57,19004,15,882,45,2532,101,13952,60,16484,California
Tehama,2021-05-19,123,29726,52,9769,61,19065,10,892,42,2503,81,14033,52,16536,California
Tehama,2021-05-20,299,30025,217,9986,59,19124,23,915,209,2645,90,14123,232,16768,California
Tehama,2021-05-21,195,30220,94,10080,91,19215,10,925,69,2600,124,14247,79,16847,California
Tehama,2021-05-22,57,30277,31,10111,22,19237,4,929,35,2617,22,14269,39,16886,California
Tehama,2021-05-23,40,30317,23,10134,8,19245,9,938,12,2610,28,14297,21,16907,California
Tehama,2021-05-24,96,30413,30,10164,59,19304,7,945,35,2591,61,14358,42,16949,California
Tehama,2021-05-25,63,30476,15,10179,42,19346,6,951,37,2608,26,14384,43,16992,California
Tehama,2021-05-26,34,30510,12,10191,21,19367,1,952,23,2621,11,14395,24,17016,California
Trinity,2020-12-17,4,4,4,4,0,0,0,0,4,4,0,0,4,4,California
Trinity,2020-12-18,2,6,2,6,0,0,0,0,2,6,0,0,2,6,California
Trinity,2020-12-21,39,45,39,45,0,0,0,0,39,45,0,0,39,45,California
Trinity,2020-12-22,5,50,5,50,0,0,0,0,5,50,0,0,5,50,California
Trinity,2020-12-23,5,55,5,55,0,0,0,0,5,55,0,0,5,55,California
Trinity,2020-12-28,31,86,31,86,0,0,0,0,31,86,0,0,31,86,California
Trinity,2020-12-29,8,94,7,93,1,1,0,0,8,94,0,0,8,94,California
Trinity,2020-12-30,10,104,8,101,2,3,0,0,10,104,0,0,10,104,California
Trinity,2020-12-31,2,106,1,102,1,4,0,0,2,106,0,0,2,106,California
Trinity,2021-01-04,28,134,0,102,28,32,0,0,26,132,0,0,26,132,California
Trinity,2021-01-05,3,137,1,103,2,34,0,0,3,135,0,0,3,135,California
Trinity,2021-01-06,24,161,4,107,20,54,0,0,20,151,4,4,20,155,California
Trinity,2021-01-08,49,210,2,109,47,101,0,0,48,197,2,6,48,203,California
Trinity,2021-01-11,42,252,39,148,3,104,0,0,4,163,38,44,4,207,California
Trinity,2021-01-12,8,260,6,154,2,106,0,0,3,161,5,49,3,210,California
Trinity,2021-01-13,7,267,4,158,3,109,0,0,4,162,3,52,4,214,California
Trinity,2021-01-14,4,271,1,159,3,112,0,0,4,166,0,52,4,218,California
Trinity,2021-01-15,4,275,0,159,4,116,0,0,4,170,0,52,4,222,California
Trinity,2021-01-16,4,279,0,159,4,120,0,0,4,174,0,52,4,226,California
Trinity,2021-01-18,31,310,31,190,0,120,0,0,0,143,31,83,0,226,California
Trinity,2021-01-19,34,344,14,204,20,140,0,0,20,149,14,97,20,246,California
Trinity,2021-01-20,19,363,3,207,16,156,0,0,17,164,2,99,17,263,California
Trinity,2021-01-21,17,380,7,214,10,166,0,0,17,181,0,99,17,280,California
Trinity,2021-01-22,5,385,1,215,4,170,0,0,5,186,0,99,5,285,California
Trinity,2021-01-23,7,392,3,218,4,174,0,0,7,193,0,99,7,292,California
Trinity,2021-01-25,14,406,1,219,13,187,0,0,13,205,1,100,13,305,California
Trinity,2021-01-26,10,416,1,220,9,196,0,0,9,213,1,101,9,314,California
Trinity,2021-01-27,12,428,0,220,12,208,0,0,12,225,0,101,12,326,California
Trinity,2021-01-28,13,441,3,223,10,218,0,0,10,232,3,104,10,336,California
Trinity,2021-01-29,2,443,0,223,2,220,0,0,1,232,1,105,1,337,California
Trinity,2021-01-30,12,455,11,234,1,221,0,0,12,244,0,105,12,349,California
Trinity,2021-02-01,2,457,1,235,1,222,0,0,1,244,1,106,1,350,California
Trinity,2021-02-02,15,472,3,238,12,234,0,0,14,257,1,107,14,364,California
Trinity,2021-02-03,6,478,1,239,5,239,0,0,3,257,3,110,3,367,California
Trinity,2021-02-04,42,520,32,271,10,249,0,0,35,285,7,117,35,402,California
Trinity,2021-02-05,350,870,0,271,350,599,0,0,320,575,30,147,320,722,California
Trinity,2021-02-06,210,1080,5,276,205,804,0,0,203,771,7,154,203,925,California
Trinity,2021-02-07,1,1081,0,276,1,805,0,0,1,772,0,154,1,926,California
Trinity,2021-02-08,25,1106,0,276,25,830,0,0,15,777,10,164,15,941,California
Trinity,2021-02-09,27,1133,2,278,25,855,0,0,11,772,16,180,11,952,California
Trinity,2021-02-10,122,1255,10,288,112,967,0,0,102,854,20,200,102,1054,California
Trinity,2021-02-11,338,1593,2,290,336,1303,0,0,331,1178,7,207,331,1385,California
Trinity,2021-02-12,18,1611,10,300,8,1311,0,0,14,1188,4,211,14,1399,California
Trinity,2021-02-13,12,1623,5,305,7,1318,0,0,5,1186,7,218,5,1404,California
Trinity,2021-02-14,2,1625,2,307,0,1318,0,0,2,1188,0,218,2,1406,California
Trinity,2021-02-15,47,1672,0,307,47,1365,0,0,47,1235,0,218,47,1453,California
Trinity,2021-02-16,4,1676,1,308,3,1368,0,0,2,1235,2,220,2,1455,California
Trinity,2021-02-17,94,1770,2,310,92,1460,0,0,84,1309,10,230,84,1539,California
Trinity,2021-02-18,4,1774,0,310,4,1464,0,0,1,1307,3,233,1,1540,California
Trinity,2021-02-19,305,2079,2,312,303,1767,0,0,291,1584,14,247,291,1831,California
Trinity,2021-02-20,141,2220,14,326,127,1894,0,0,113,1669,28,275,113,1944,California
Trinity,2021-02-21,1,2221,1,327,0,1894,0,0,1,1670,0,275,1,1945,California
Trinity,2021-02-22,8,2229,0,327,8,1902,0,0,5,1672,3,278,5,1950,California
Trinity,2021-02-23,11,2240,4,331,7,1909,0,0,6,1673,5,283,6,1956,California
Trinity,2021-02-24,30,2270,8,339,22,1931,0,0,7,1657,23,306,7,1963,California
Trinity,2021-02-25,36,2306,23,362,13,1944,0,0,5,1631,31,337,5,1968,California
Trinity,2021-02-26,11,2317,1,363,10,1954,0,0,5,1630,6,343,5,1973,California
Trinity,2021-02-27,9,2326,7,370,2,1956,0,0,4,1629,5,348,4,1977,California
Trinity,2021-03-01,9,2335,0,370,9,1965,0,0,5,1630,4,352,5,1982,California
Trinity,2021-03-02,9,2344,3,373,6,1971,0,0,2,1625,7,359,2,1984,California
Trinity,2021-03-03,5,2349,0,373,5,1976,0,0,4,1628,1,360,4,1988,California
Trinity,2021-03-04,24,2373,19,392,5,1981,0,0,10,1624,14,374,10,1998,California
Trinity,2021-03-05,388,2761,1,393,387,2368,0,0,121,1482,263,637,121,2119,California
Trinity,2021-03-06,202,2963,7,400,195,2563,0,0,27,1334,175,812,27,2146,California
Trinity,2021-03-07,4,2967,3,403,1,2564,0,0,3,1336,1,813,3,2149,California
Trinity,2021-03-08,3,2970,0,403,2,2566,1,1,1,1336,2,815,2,2151,California
Trinity,2021-03-09,94,3064,0,403,92,2658,2,3,89,1422,5,820,91,2242,California
Trinity,2021-03-10,126,3190,3,406,120,2778,3,6,38,1375,88,908,41,2283,California
Trinity,2021-03-11,16,3206,4,410,10,2788,2,8,5,1371,11,919,7,2290,California
Trinity,2021-03-12,397,3603,5,415,386,3174,6,14,96,1172,301,1220,102,2392,California
Trinity,2021-03-13,13,3616,8,423,3,3177,2,16,8,1177,5,1225,10,2402,California
Trinity,2021-03-14,3,3619,1,424,2,3179,0,16,2,1178,1,1226,2,2404,California
Trinity,2021-03-15,67,3686,0,424,66,3245,1,17,14,1140,53,1279,15,2419,California
Trinity,2021-03-16,115,3801,7,431,108,3353,0,17,102,1229,13,1292,102,2521,California
Trinity,2021-03-17,100,3901,3,434,97,3450,0,17,26,1181,74,1366,26,2547,California
Trinity,2021-03-18,10,3911,2,436,5,3455,3,20,5,1184,5,1371,8,2555,California
Trinity,2021-03-19,459,4370,4,440,345,3800,110,130,36,907,423,1794,146,2701,California
Trinity,2021-03-20,105,4475,7,447,98,3898,0,130,70,943,34,1828,70,2771,California
Trinity,2021-03-21,4,4479,0,447,3,3901,1,131,3,946,1,1829,4,2775,California
Trinity,2021-03-22,2,4481,0,447,2,3903,0,131,2,948,0,1829,2,2777,California
Trinity,2021-03-23,96,4577,2,449,94,3997,0,131,78,1008,18,1847,78,2855,California
Trinity,2021-03-24,12,4589,1,450,11,4008,0,131,9,1014,3,1850,9,2864,California
Trinity,2021-03-25,110,4699,8,458,96,4104,6,137,84,1078,26,1876,90,2954,California
Trinity,2021-03-26,85,4784,8,466,77,4181,0,137,78,1149,7,1883,78,3032,California
Trinity,2021-03-27,20,4804,4,470,7,4188,9,146,9,1156,11,1894,18,3050,California
Trinity,2021-03-28,5,4809,3,473,2,4190,0,146,1,1153,4,1898,1,3051,California
Trinity,2021-03-29,6,4815,0,473,5,4195,1,147,2,1152,4,1902,3,3054,California
Trinity,2021-03-30,77,4892,5,478,72,4267,0,147,67,1209,10,1912,67,3121,California
Trinity,2021-03-31,56,4948,5,483,19,4286,32,179,21,1226,35,1947,52,3173,California
Trinity,2021-04-01,41,4989,11,494,19,4305,11,190,21,1238,20,1967,32,3205,California
Trinity,2021-04-02,247,5236,5,499,168,4473,74,264,75,1216,171,2138,149,3354,California
Trinity,2021-04-03,17,5253,12,511,5,4478,0,264,7,1213,10,2148,7,3361,California
Trinity,2021-04-04,10,5263,8,519,2,4480,0,264,8,1219,2,2150,8,3369,California
Trinity,2021-04-05,59,5322,6,525,52,4532,1,265,55,1271,4,2154,56,3425,California
Trinity,2021-04-06,117,5439,15,540,99,4631,3,268,28,1214,89,2243,32,3457,California
Trinity,2021-04-07,24,5463,12,552,7,4638,5,273,16,1227,8,2251,21,3478,California
Trinity,2021-04-08,89,5552,10,562,77,4715,2,275,52,1244,37,2288,54,3532,California
Trinity,2021-04-09,168,5720,20,582,144,4859,4,279,90,1260,78,2366,94,3626,California
Trinity,2021-04-10,11,5731,7,589,4,4863,0,279,10,1269,1,2367,10,3636,California
Trinity,2021-04-11,9,5740,5,594,2,4865,2,281,4,1270,5,2372,6,3642,California
Trinity,2021-04-12,77,5817,5,599,71,4936,1,282,64,1322,12,2384,64,3706,California
Trinity,2021-04-13,97,5914,5,604,92,5028,0,282,9,1243,88,2472,9,3715,California
Trinity,2021-04-14,10,5924,5,609,5,5033,0,282,6,1245,4,2476,6,3721,California
Trinity,2021-04-15,43,5967,10,619,33,5066,0,282,14,1230,29,2505,14,3735,California
Trinity,2021-04-16,146,6113,13,632,133,5199,0,282,73,1231,72,2577,73,3808,California
Trinity,2021-04-17,11,6124,5,637,6,5205,0,282,9,1238,2,2579,9,3817,California
Trinity,2021-04-18,3,6127,1,638,2,5207,0,282,0,1235,3,2582,0,3817,California
Trinity,2021-04-19,69,6196,2,640,67,5274,0,282,68,1302,1,2583,68,3885,California
Trinity,2021-04-20,92,6288,8,648,84,5358,0,282,20,1250,72,2655,20,3905,California
Trinity,2021-04-21,22,6310,9,657,13,5371,0,282,9,1246,13,2668,9,3914,California
Trinity,2021-04-22,91,6401,5,662,86,5457,0,282,14,1183,77,2745,14,3928,California
Trinity,2021-04-23,182,6583,6,668,176,5633,0,282,113,1227,69,2814,113,4041,California
Trinity,2021-04-24,23,6606,13,681,10,5643,0,282,6,1216,17,2831,6,4047,California
Trinity,2021-04-25,10,6616,9,690,1,5644,0,282,3,1213,6,2837,3,4050,California
Trinity,2021-04-26,45,6661,6,696,39,5683,0,282,40,1248,5,2842,40,4090,California
Trinity,2021-04-27,85,6746,7,703,78,5761,0,282,22,1207,63,2905,22,4112,California
Trinity,2021-04-28,33,6779,11,714,22,5783,0,282,12,1198,21,2926,12,4124,California
Trinity,2021-04-29,34,6813,13,727,21,5804,0,282,12,1188,22,2948,12,4136,California
Trinity,2021-04-30,27,6840,21,748,6,5810,0,282,8,1178,18,2966,8,4144,California
Trinity,2021-05-01,14,6854,8,756,1,5811,5,287,4,1177,10,2976,9,4153,California
Trinity,2021-05-02,8,6862,5,761,1,5812,2,289,2,1175,6,2982,4,4157,California
Trinity,2021-05-03,58,6920,13,774,44,5856,1,290,9,1137,48,3030,10,4167,California
Trinity,2021-05-04,23,6943,11,785,11,5867,1,291,8,1131,15,3045,9,4176,California
Trinity,2021-05-05,10,6953,6,791,4,5871,0,291,3,1127,7,3052,3,4179,California
Trinity,2021-05-06,72,7025,10,801,60,5931,2,293,15,1087,57,3109,17,4196,California
Trinity,2021-05-07,175,7200,12,813,129,6060,34,327,14,974,161,3270,48,4244,California
Trinity,2021-05-08,6,7206,2,815,4,6064,0,327,2,972,4,3274,2,4246,California
Trinity,2021-05-09,11,7217,8,823,3,6067,0,327,7,975,4,3278,7,4253,California
Trinity,2021-05-10,15,7232,5,828,9,6076,1,328,8,977,7,3285,9,4262,California
Trinity,2021-05-11,7,7239,3,831,4,6080,0,328,5,980,2,3287,5,4267,California
Trinity,2021-05-12,17,7256,14,845,2,6082,1,329,13,990,4,3291,14,4281,California
Trinity,2021-05-13,10,7266,7,852,2,6084,1,330,7,995,3,3294,8,4289,California
Trinity,2021-05-14,129,7395,19,871,82,6166,28,358,37,968,92,3386,65,4354,California
Trinity,2021-05-15,13,7408,9,880,3,6169,1,359,7,970,6,3392,8,4362,California
Trinity,2021-05-16,7,7415,6,886,1,6170,0,359,5,973,2,3394,5,4367,California
Trinity,2021-05-17,108,7523,20,906,86,6256,2,361,42,951,66,3460,44,4411,California
Trinity,2021-05-18,37,7560,7,913,29,6285,1,362,11,937,26,3486,12,4423,California
Trinity,2021-05-19,143,7703,16,929,98,6383,29,391,28,880,114,3600,57,4480,California
Trinity,2021-05-20,12,7715,6,935,3,6386,3,394,6,883,6,3606,9,4489,California
Trinity,2021-05-21,6,7721,1,936,5,6391,0,394,3,883,3,3609,3,4492,California
Trinity,2021-05-22,2,7723,1,937,1,6392,0,394,1,883,1,3610,1,4493,California
Trinity,2021-05-23,5,7728,4,941,1,6393,0,394,3,884,2,3612,3,4496,California
Trinity,2021-05-24,110,7838,12,953,97,6490,1,395,9,794,100,3712,10,4506,California
Trinity,2021-05-25,41,7879,12,965,29,6519,0,395,17,787,24,3736,17,4523,California
Trinity,2021-05-26,5,7884,0,965,5,6524,0,395,0,782,5,3741,0,4523,California
Tulare,2020-12-15,1,1,1,1,0,0,0,0,1,1,0,0,1,1,California
Tulare,2020-12-16,4,5,4,5,0,0,0,0,4,5,0,0,4,5,California
Tulare,2020-12-17,109,114,109,114,0,0,0,0,109,114,0,0,109,114,California
Tulare,2020-12-18,290,404,289,403,1,1,0,0,290,404,0,0,290,404,California
Tulare,2020-12-19,327,731,327,730,0,1,0,0,327,731,0,0,327,731,California
Tulare,2020-12-20,167,898,166,896,1,2,0,0,167,898,0,0,167,898,California
Tulare,2020-12-21,422,1320,422,1318,0,2,0,0,442,1340,0,0,442,1340,California
Tulare,2020-12-22,469,1789,467,1785,2,4,0,0,468,1808,0,0,468,1808,California
Tulare,2020-12-23,327,2116,319,2104,8,12,0,0,325,2133,0,0,325,2133,California
Tulare,2020-12-24,18,2134,16,2120,2,14,0,0,18,2151,0,0,18,2151,California
Tulare,2020-12-26,9,2143,8,2128,1,15,0,0,9,2160,0,0,9,2160,California
Tulare,2020-12-27,17,2160,12,2140,5,20,0,0,17,2177,0,0,17,2177,California
Tulare,2020-12-28,478,2638,466,2606,12,32,0,0,477,2654,0,0,477,2654,California
Tulare,2020-12-29,548,3186,478,3084,70,102,0,0,548,3202,0,0,548,3202,California
Tulare,2020-12-30,465,3651,425,3509,40,142,0,0,465,3667,0,0,465,3667,California
Tulare,2020-12-31,95,3746,22,3531,73,215,0,0,95,3762,0,0,95,3762,California
Tulare,2021-01-01,2,3748,1,3532,1,216,0,0,2,3764,0,0,2,3764,California
Tulare,2021-01-02,30,3778,17,3549,13,229,0,0,30,3794,0,0,30,3794,California
Tulare,2021-01-03,23,3801,9,3558,14,243,0,0,23,3817,0,0,23,3817,California
Tulare,2021-01-04,91,3892,15,3573,76,319,0,0,91,3908,0,0,91,3908,California
Tulare,2021-01-05,463,4355,278,3851,185,504,0,0,461,4367,2,2,461,4369,California
Tulare,2021-01-06,864,5219,634,4485,230,734,0,0,854,5211,10,12,854,5223,California
Tulare,2021-01-07,783,6002,584,5069,199,933,0,0,676,5780,107,119,676,5899,California
Tulare,2021-01-08,1277,7279,574,5643,703,1636,0,0,939,6382,337,456,939,6838,California
Tulare,2021-01-09,798,8077,203,5846,595,2231,0,0,611,6806,187,643,611,7449,California
Tulare,2021-01-10,50,8127,44,5890,6,2237,0,0,11,6778,39,682,11,7460,California
Tulare,2021-01-11,1272,9399,769,6659,503,2740,0,0,836,7178,436,1118,836,8296,California
Tulare,2021-01-12,1415,10814,501,7160,914,3654,0,0,1006,7777,408,1526,1007,9303,California
Tulare,2021-01-13,428,11242,199,7359,229,3883,0,0,353,8055,75,1601,353,9656,California
Tulare,2021-01-14,491,11733,141,7500,350,4233,0,0,465,8505,15,1616,465,10121,California
Tulare,2021-01-15,1624,13357,154,7654,1470,5703,0,0,1615,10111,9,1625,1615,11736,California
Tulare,2021-01-16,1899,15256,112,7766,1787,7490,0,0,1885,11982,14,1639,1885,13621,California
Tulare,2021-01-17,142,15398,122,7888,20,7510,0,0,132,12104,10,1649,132,13753,California
Tulare,2021-01-18,694,16092,661,8549,33,7543,0,0,297,12004,397,2046,297,14050,California
Tulare,2021-01-19,1011,17103,688,9237,323,7866,0,0,584,12161,427,2473,584,14634,California
Tulare,2021-01-20,2425,19528,612,9849,1813,9679,0,0,2013,13788,386,2859,2013,16647,California
Tulare,2021-01-21,1550,21078,182,10031,1368,11047,0,0,1524,15291,21,2880,1524,18171,California
Tulare,2021-01-22,1058,22136,189,10220,869,11916,0,0,1033,16300,24,2904,1033,19204,California
Tulare,2021-01-23,437,22573,155,10375,282,12198,0,0,417,16697,20,2924,417,19621,California
Tulare,2021-01-24,30,22603,27,10402,3,12201,0,0,28,16723,2,2926,28,19649,California
Tulare,2021-01-25,1342,23945,981,11383,361,12562,0,0,1299,17979,43,2969,1299,20948,California
Tulare,2021-01-26,1503,25448,1097,12480,406,12968,0,0,1170,18817,332,3301,1170,22118,California
Tulare,2021-01-27,1500,26948,1070,13550,430,13398,0,0,921,19160,578,3879,921,23039,California
Tulare,2021-01-28,1215,28163,777,14327,438,13836,0,0,817,19579,398,4277,817,23856,California
Tulare,2021-01-29,1129,29292,719,15046,410,14246,0,0,820,20090,309,4586,820,24676,California
Tulare,2021-01-30,1675,30967,1581,16627,94,14340,0,0,1651,21718,24,4610,1652,26328,California
Tulare,2021-01-31,67,31034,62,16689,5,14345,0,0,64,21779,3,4613,64,26392,California
Tulare,2021-02-01,1185,32219,915,17604,270,14615,0,0,829,22253,355,4968,829,27221,California
Tulare,2021-02-02,696,32915,347,17951,349,14964,0,0,455,22470,239,5207,456,27677,California
Tulare,2021-02-03,568,33483,241,18192,327,15291,0,0,327,22576,221,5428,327,28004,California
Tulare,2021-02-04,556,34039,169,18361,387,15678,0,0,267,22556,288,5716,268,28272,California
Tulare,2021-02-05,1238,35277,238,18599,1000,16678,0,0,407,22134,829,6545,407,28679,California
Tulare,2021-02-06,832,36109,156,18755,676,17354,0,0,211,21726,619,7164,211,28890,California
Tulare,2021-02-07,83,36192,71,18826,12,17366,0,0,23,21689,60,7224,23,28913,California
Tulare,2021-02-08,941,37133,325,19151,616,17982,0,0,240,21230,699,7923,240,29153,California
Tulare,2021-02-09,1415,38548,335,19486,1080,19062,0,0,369,20558,1041,8964,369,29522,California
Tulare,2021-02-10,2472,41020,1986,21472,486,19548,0,0,2071,22229,400,9364,2071,31593,California
Tulare,2021-02-11,1326,42346,377,21849,949,20497,0,0,907,22717,419,9783,907,32500,California
Tulare,2021-02-12,2784,45130,575,22424,2209,22706,0,0,1209,22358,1568,11351,1209,33709,California
Tulare,2021-02-13,2479,47609,157,22581,2322,25028,0,0,664,21211,1811,13162,664,34373,California
Tulare,2021-02-14,337,47946,40,22621,297,25325,0,0,300,21474,37,13199,300,34673,California
Tulare,2021-02-15,920,48866,294,22915,626,25951,0,0,663,21881,256,13455,663,35336,California
Tulare,2021-02-16,2832,51698,1593,24508,1239,27190,0,0,1079,21208,1752,15207,1079,36415,California
Tulare,2021-02-17,2698,54396,511,25019,2187,29377,0,0,461,19438,2231,17438,461,36876,California
Tulare,2021-02-18,2311,56707,456,25475,1855,31232,0,0,629,18393,1674,19112,629,37505,California
Tulare,2021-02-19,2311,59018,871,26346,1440,32672,0,0,953,17989,1357,20469,953,38458,California
Tulare,2021-02-20,2979,61997,1881,28227,1098,33770,0,0,1257,17529,1717,22186,1257,39715,California
Tulare,2021-02-21,94,62091,90,28317,4,33774,0,0,48,17532,45,22231,48,39763,California
Tulare,2021-02-22,1105,63196,699,29016,406,34180,0,0,210,16848,894,23125,210,39973,California
Tulare,2021-02-23,1959,65155,949,29965,1010,35190,0,0,1466,17822,492,23617,1466,41439,California
Tulare,2021-02-24,2485,67640,1549,31514,936,36126,0,0,2108,19555,376,23993,2109,43548,California
Tulare,2021-02-25,3510,71150,1979,33493,1531,37657,0,0,3094,22237,412,24405,3094,46642,California
Tulare,2021-02-26,3854,75004,1887,35380,1967,39624,0,0,3387,25160,465,24870,3388,50030,California
Tulare,2021-02-27,2998,78002,1490,36870,1508,41132,0,0,2865,27904,121,24991,2865,52895,California
Tulare,2021-02-28,1308,79310,1036,37906,272,41404,0,0,1288,29175,17,25008,1288,54183,California
Tulare,2021-03-01,1775,81085,798,38704,977,42381,0,0,1584,30570,189,25197,1584,55767,California
Tulare,2021-03-02,2771,83856,1268,39972,1503,43884,0,0,2596,32994,173,25370,2597,58364,California
Tulare,2021-03-03,3955,87811,2619,42591,1336,45220,0,0,2006,33056,1946,27316,2008,60372,California
Tulare,2021-03-04,2948,90759,1332,43923,1616,46836,0,0,2621,35354,323,27639,2621,62993,California
Tulare,2021-03-05,3434,94193,1760,45683,1659,48495,15,15,2922,37784,509,28148,2939,65932,California
Tulare,2021-03-06,3085,97278,1440,47123,1586,50081,59,74,2837,40433,245,28393,2894,68826,California
Tulare,2021-03-07,1137,98415,703,47826,413,50494,21,95,1096,41510,40,28433,1117,69943,California
Tulare,2021-03-08,1718,100133,1007,48833,542,51036,169,264,1390,42745,323,28756,1558,71501,California
Tulare,2021-03-09,3257,103390,2246,51079,864,51900,147,411,2849,45333,407,29163,2995,74496,California
Tulare,2021-03-10,2872,106262,1398,52477,1299,53199,175,586,2473,47589,390,29553,2646,77142,California
Tulare,2021-03-11,4169,110431,1979,54456,1889,55088,301,887,3231,50183,938,30491,3532,80674,California
Tulare,2021-03-12,4404,114835,2432,56888,1623,56711,349,1236,3130,52399,1266,31757,3482,84156,California
Tulare,2021-03-13,4137,118972,1942,58830,2090,58801,105,1341,3191,54758,940,32697,3299,87455,California
Tulare,2021-03-14,1859,120831,985,59815,655,59456,219,1560,1334,55784,524,33221,1550,89005,California
Tulare,2021-03-15,2747,123578,1628,61443,1004,60460,115,1675,1973,57101,772,33993,2089,91094,California
Tulare,2021-03-16,3436,127014,2124,63567,1234,61694,78,1753,1879,57508,1553,35546,1960,93054,California
Tulare,2021-03-17,4048,131062,2636,66203,1335,63029,77,1830,2304,58159,1737,37283,2388,95442,California
Tulare,2021-03-18,4633,135695,3380,69583,1181,64210,72,1902,2458,58523,2168,39451,2532,97974,California
Tulare,2021-03-19,5097,140792,3352,72935,1550,65760,195,2097,2730,59102,2348,41799,2927,100901,California
Tulare,2021-03-20,4479,145271,2786,75721,1321,67081,372,2469,2060,59126,2411,44210,2435,103336,California
Tulare,2021-03-21,1996,147267,1706,77427,264,67345,26,2495,1055,59269,937,45147,1080,104416,California
Tulare,2021-03-22,2564,149831,1775,79202,677,68022,112,2607,1693,60211,865,46012,1807,106223,California
Tulare,2021-03-23,3756,153587,2157,81359,1547,69569,52,2659,2062,60647,1684,47696,2120,108343,California
Tulare,2021-03-24,3204,156791,1989,83348,1173,70742,42,2701,1811,61115,1385,49081,1853,110196,California
Tulare,2021-03-25,3481,160272,1814,85162,1495,72237,172,2873,1692,61199,1782,50863,1866,112062,California
Tulare,2021-03-26,5254,165526,3136,88298,2009,74246,109,2982,2545,61163,2691,53554,2655,114717,California
Tulare,2021-03-27,3537,169063,1814,90112,1625,75871,98,3080,990,59711,2539,56093,1087,115804,California
Tulare,2021-03-28,1464,170527,1059,91171,374,76245,31,3111,676,59638,786,56879,713,116517,California
Tulare,2021-03-29,2894,173421,1675,92846,1107,77352,112,3223,1228,59319,1661,58540,1342,117859,California
Tulare,2021-03-30,4831,178252,2785,95631,1816,79168,230,3453,1531,57784,3291,61831,1756,119615,California
Tulare,2021-03-31,3952,182204,2339,97970,1500,80668,113,3566,1578,57113,2366,64197,1695,121310,California
Tulare,2021-04-01,4519,186723,2451,100421,2000,82668,68,3634,1558,55789,2951,67148,1627,122937,California
Tulare,2021-04-02,5333,192056,3054,103475,2161,84829,118,3752,1576,53746,3741,70889,1698,124635,California
Tulare,2021-04-03,3624,195680,2096,105571,1157,85986,371,4123,835,52200,2751,73640,1205,125840,California
Tulare,2021-04-04,1633,197313,1146,106717,480,86466,7,4130,359,51296,1270,74910,366,126206,California
Tulare,2021-04-05,3356,200669,2348,109065,740,87206,268,4398,861,49949,2483,77393,1136,127342,California
Tulare,2021-04-06,3428,204097,1469,110534,1465,88671,494,4892,921,48869,2500,79893,1420,128762,California
Tulare,2021-04-07,3877,207974,1831,112365,1614,90285,432,5324,1252,47939,2616,82509,1686,130448,California
Tulare,2021-04-08,4723,212697,2595,114960,1669,91954,459,5783,1508,46701,3203,85712,1965,132413,California
Tulare,2021-04-09,4799,217496,2961,117921,1406,93360,432,6215,1815,45982,2976,88688,2257,134670,California
Tulare,2021-04-10,3823,221319,2058,119979,1448,94808,317,6532,938,44360,2877,91565,1255,135925,California
Tulare,2021-04-11,1573,222892,1036,121015,466,95274,71,6603,482,43825,1088,92653,553,136478,California
Tulare,2021-04-12,3361,226253,2105,123120,663,95937,593,7196,1050,43166,2303,94956,1644,138122,California
Tulare,2021-04-13,2413,228666,1586,124706,817,96754,10,7206,901,42578,1501,96457,913,139035,California
Tulare,2021-04-14,2847,231513,1681,126387,1166,97920,0,7206,908,41550,1936,98393,908,139943,California
Tulare,2021-04-15,3272,234785,2133,128520,1139,99059,0,7206,1468,41225,1793,100186,1468,141411,California
Tulare,2021-04-16,3652,238437,2216,130736,1436,100495,0,7206,1478,40539,2164,102350,1478,142889,California
Tulare,2021-04-17,2211,240648,1298,132034,913,101408,0,7206,1175,40684,1031,103381,1176,144065,California
Tulare,2021-04-18,1521,242169,1190,133224,331,101739,0,7206,814,40792,706,104087,814,144879,California
Tulare,2021-04-19,2120,244289,1220,134444,898,102637,2,7208,896,40470,1220,105307,898,145777,California
Tulare,2021-04-20,2341,246630,1313,135757,1028,103665,0,7208,994,40132,1332,106639,994,146771,California
Tulare,2021-04-21,2205,248835,1325,137082,880,104545,0,7208,807,39581,1359,107998,808,147579,California
Tulare,2021-04-22,2108,250943,1171,138253,937,105482,0,7208,727,38947,1361,109359,727,148306,California
Tulare,2021-04-23,2577,253520,1581,139834,995,106477,1,7209,1018,38417,1548,110907,1018,149324,California
Tulare,2021-04-24,1636,255156,1051,140885,583,107060,2,7211,848,38484,783,111690,850,150174,California
Tulare,2021-04-25,693,255849,520,141405,173,107233,0,7211,264,38319,429,112119,264,150438,California
Tulare,2021-04-26,1463,257312,874,142279,570,107803,19,7230,610,38101,845,112964,627,151065,California
Tulare,2021-04-27,1593,258905,633,142912,924,108727,36,7266,671,37889,918,113882,706,151771,California
Tulare,2021-04-28,1702,260607,971,143883,690,109417,41,7307,668,37569,1029,114911,709,152480,California
Tulare,2021-04-29,1989,262596,1193,145076,759,110176,37,7344,768,37161,1211,116122,803,153283,California
Tulare,2021-04-30,2429,265025,1769,146845,610,110786,50,7394,893,36574,1529,117651,942,154225,California
Tulare,2021-05-01,1409,266434,1210,148055,187,110973,12,7406,720,36626,680,118331,732,154957,California
Tulare,2021-05-02,584,267018,496,148551,72,111045,16,7422,188,36437,393,118724,204,155161,California
Tulare,2021-05-03,1618,268636,1093,149644,400,111445,125,7547,348,35647,1263,119987,473,155634,California
Tulare,2021-05-04,1548,270184,825,150469,654,112099,69,7616,624,35421,917,120904,691,156325,California
Tulare,2021-05-05,1267,271451,611,151080,568,112667,88,7704,436,35125,820,121724,524,156849,California
Tulare,2021-05-06,1950,273401,1325,152405,576,113243,49,7753,589,34409,1354,123078,638,157487,California
Tulare,2021-05-07,1841,275242,1250,153655,523,113766,68,7821,526,33694,1308,124386,593,158080,California
Tulare,2021-05-08,1233,276475,803,154458,405,114171,25,7846,526,33545,700,125086,551,158631,California
Tulare,2021-05-09,590,277065,468,154926,101,114272,21,7867,117,33215,469,125555,139,158770,California
Tulare,2021-05-10,1015,278080,587,155513,363,114635,65,7932,308,32883,705,126260,373,159143,California
Tulare,2021-05-11,1210,279290,614,156127,520,115155,76,8008,502,32759,702,126962,578,159721,California
Tulare,2021-05-12,1501,280791,967,157094,482,115637,52,8060,397,32117,1090,128052,448,160169,California
Tulare,2021-05-13,1447,282238,902,157996,507,116144,38,8098,646,32004,797,128849,684,160853,California
Tulare,2021-05-14,1927,284165,1240,159236,625,116769,62,8160,859,31868,1057,129906,921,161774,California
Tulare,2021-05-15,1559,285724,875,160111,638,117407,46,8206,660,31681,892,130798,705,162479,California
Tulare,2021-05-16,693,286417,552,160663,129,117536,12,8218,323,31647,369,131167,335,162814,California
Tulare,2021-05-17,1533,287950,952,161615,508,118044,73,8291,741,31676,785,131952,814,163628,California
Tulare,2021-05-18,1577,289527,851,162466,673,118717,53,8344,805,31765,767,132719,856,164484,California
Tulare,2021-05-19,1465,290992,942,163408,489,119206,34,8378,767,31873,693,133412,801,165285,California
Tulare,2021-05-20,1345,292337,918,164326,343,119549,84,8462,656,31926,687,134099,740,166025,California
Tulare,2021-05-21,1622,293959,1232,165558,349,119898,41,8503,919,32191,695,134794,960,166985,California
Tulare,2021-05-22,1399,295358,1018,166576,356,120254,25,8528,531,31885,863,135657,557,167542,California
Tulare,2021-05-23,293,295651,248,166824,36,120290,9,8537,146,31894,146,135803,155,167697,California
Tulare,2021-05-24,912,296563,551,167375,301,120591,60,8597,422,31891,485,136288,482,168179,California
Tulare,2021-05-25,1133,297696,648,168023,449,121040,36,8633,509,31818,618,136906,545,168724,California
Tulare,2021-05-26,390,298086,205,168228,156,121196,29,8662,185,31829,202,137108,213,168937,California
Tuolumne,2020-12-16,47,47,47,47,0,0,0,0,47,47,0,0,47,47,California
Tuolumne,2020-12-17,17,64,17,64,0,0,0,0,17,64,0,0,17,64,California
Tuolumne,2020-12-18,101,165,100,164,1,1,0,0,101,165,0,0,101,165,California
Tuolumne,2020-12-19,5,170,5,169,0,1,0,0,5,170,0,0,5,170,California
Tuolumne,2020-12-20,2,172,2,171,0,1,0,0,2,172,0,0,2,172,California
Tuolumne,2020-12-21,115,287,101,272,14,15,0,0,115,287,0,0,115,287,California
Tuolumne,2020-12-22,172,459,172,444,0,15,0,0,172,459,0,0,172,459,California
Tuolumne,2020-12-23,185,644,183,627,2,17,0,0,185,644,0,0,185,644,California
Tuolumne,2020-12-26,2,646,2,629,0,17,0,0,2,646,0,0,2,646,California
Tuolumne,2020-12-28,77,723,75,704,2,19,0,0,77,723,0,0,77,723,California
Tuolumne,2020-12-29,102,825,39,743,63,82,0,0,102,825,0,0,102,825,California
Tuolumne,2020-12-30,78,903,22,765,56,138,0,0,78,903,0,0,78,903,California
Tuolumne,2020-12-31,27,930,20,785,7,145,0,0,27,930,0,0,27,930,California
Tuolumne,2021-01-01,6,936,5,790,1,146,0,0,6,936,0,0,6,936,California
Tuolumne,2021-01-02,118,1054,115,905,3,149,0,0,118,1054,0,0,118,1054,California
Tuolumne,2021-01-03,2,1056,2,907,0,149,0,0,2,1056,0,0,2,1056,California
Tuolumne,2021-01-04,69,1125,26,933,43,192,0,0,69,1125,0,0,69,1125,California
Tuolumne,2021-01-05,93,1218,27,960,66,258,0,0,90,1213,3,3,91,1216,California
Tuolumne,2021-01-06,132,1350,72,1032,60,318,0,0,68,1217,64,67,68,1284,California
Tuolumne,2021-01-07,119,1469,63,1095,56,374,0,0,64,1226,55,122,64,1348,California
Tuolumne,2021-01-08,105,1574,81,1176,24,398,0,0,27,1177,77,199,28,1376,California
Tuolumne,2021-01-09,2,1576,0,1176,2,400,0,0,2,1179,0,199,2,1378,California
Tuolumne,2021-01-10,3,1579,1,1177,2,402,0,0,3,1182,0,199,3,1381,California
Tuolumne,2021-01-11,116,1695,90,1267,26,428,0,0,34,1134,82,281,34,1415,California
Tuolumne,2021-01-12,102,1797,86,1353,16,444,0,0,18,1068,84,365,18,1433,California
Tuolumne,2021-01-13,231,2028,125,1478,106,550,0,0,182,1202,49,414,183,1616,California
Tuolumne,2021-01-14,148,2176,108,1586,40,590,0,0,43,1141,104,518,43,1659,California
Tuolumne,2021-01-15,474,2650,72,1658,402,992,0,0,412,1493,61,579,413,2072,California
Tuolumne,2021-01-16,7,2657,3,1661,4,996,0,0,6,1498,1,580,6,2078,California
Tuolumne,2021-01-17,7,2664,4,1665,3,999,0,0,7,1505,0,580,7,2085,California
Tuolumne,2021-01-18,46,2710,38,1703,8,1007,0,0,9,1478,36,616,9,2094,California
Tuolumne,2021-01-19,477,3187,73,1776,404,1411,0,0,431,1863,46,662,431,2525,California
Tuolumne,2021-01-20,76,3263,58,1834,18,1429,0,0,24,1836,51,713,24,2549,California
Tuolumne,2021-01-21,56,3319,23,1857,33,1462,0,0,40,1860,16,729,40,2589,California
Tuolumne,2021-01-22,169,3488,16,1873,153,1615,0,0,162,2015,7,736,162,2751,California
Tuolumne,2021-01-23,653,4141,134,2007,519,2134,0,0,548,2470,105,841,560,3311,California
Tuolumne,2021-01-24,522,4663,1,2008,521,2655,0,0,520,2989,2,843,521,3832,California
Tuolumne,2021-01-25,50,4713,28,2036,22,2677,0,0,24,2988,26,869,25,3857,California
Tuolumne,2021-01-26,80,4793,68,2104,12,2689,0,0,40,2989,40,909,41,3898,California
Tuolumne,2021-01-27,61,4854,4,2108,57,2746,0,0,8,2945,52,961,8,3906,California
Tuolumne,2021-01-28,27,4881,7,2115,20,2766,0,0,18,2954,9,970,18,3924,California
Tuolumne,2021-01-29,74,4955,6,2121,68,2834,0,0,35,2950,39,1009,35,3959,California
Tuolumne,2021-01-30,711,5666,553,2674,158,2992,0,0,689,3633,22,1031,705,4664,California
Tuolumne,2021-01-31,8,5674,2,2676,6,2998,0,0,5,3635,3,1034,5,4669,California
Tuolumne,2021-02-01,25,5699,6,2682,19,3017,0,0,22,3654,3,1037,22,4691,California
Tuolumne,2021-02-02,647,6346,40,2722,607,3624,0,0,635,4279,10,1047,635,5326,California
Tuolumne,2021-02-03,240,6586,111,2833,129,3753,0,0,88,4215,152,1199,88,5414,California
Tuolumne,2021-02-04,123,6709,13,2846,110,3863,0,0,60,4212,63,1262,60,5474,California
Tuolumne,2021-02-05,99,6808,13,2859,86,3949,0,0,35,4184,63,1325,35,5509,California
Tuolumne,2021-02-06,856,7664,582,3441,274,4223,0,0,848,5029,8,1333,853,6362,California
Tuolumne,2021-02-07,8,7672,4,3445,4,4227,0,0,4,5029,4,1337,4,6366,California
Tuolumne,2021-02-08,91,7763,40,3485,51,4278,0,0,67,5072,24,1361,67,6433,California
Tuolumne,2021-02-09,863,8626,53,3538,810,5088,0,0,822,5853,41,1402,822,7255,California
Tuolumne,2021-02-10,92,8718,17,3555,75,5163,0,0,31,5824,60,1462,31,7286,California
Tuolumne,2021-02-11,143,8861,67,3622,76,5239,0,0,77,5835,66,1528,77,7363,California
Tuolumne,2021-02-12,646,9507,19,3641,627,5866,0,0,205,5600,440,1968,205,7568,California
Tuolumne,2021-02-13,150,9657,42,3683,108,5974,0,0,119,5689,30,1998,119,7687,California
Tuolumne,2021-02-14,150,9807,13,3696,137,6111,0,0,149,5837,1,1999,149,7836,California
Tuolumne,2021-02-15,186,9993,10,3706,176,6287,0,0,177,6005,9,2008,177,8013,California
Tuolumne,2021-02-16,530,10523,18,3724,512,6799,0,0,122,5725,404,2412,124,8137,California
Tuolumne,2021-02-17,111,10634,63,3787,48,6847,0,0,61,5737,49,2461,61,8198,California
Tuolumne,2021-02-18,680,11314,25,3812,655,7502,0,0,629,6316,51,2512,630,8828,California
Tuolumne,2021-02-19,143,11457,23,3835,120,7622,0,0,43,6259,100,2612,43,8871,California
Tuolumne,2021-02-20,904,12361,341,4176,563,8185,0,0,384,6138,506,3118,385,9256,California
Tuolumne,2021-02-21,975,13336,38,4214,937,9122,0,0,470,6106,504,3622,472,9728,California
Tuolumne,2021-02-22,81,13417,58,4272,23,9145,0,0,47,6120,33,3655,47,9775,California
Tuolumne,2021-02-23,48,13465,24,4296,24,9169,0,0,26,6125,21,3676,26,9801,California
Tuolumne,2021-02-24,103,13568,58,4354,45,9214,0,0,42,6107,60,3736,42,9843,California
Tuolumne,2021-02-25,1050,14618,34,4388,1016,10230,0,0,1019,7095,31,3767,1019,10862,California
Tuolumne,2021-02-26,147,14765,10,4398,137,10367,0,0,121,7191,26,3793,122,10984,California
Tuolumne,2021-02-27,954,15719,579,4977,375,10742,0,0,249,6755,688,4481,252,11236,California
Tuolumne,2021-02-28,56,15775,4,4981,52,10794,0,0,52,6804,3,4484,52,11288,California
Tuolumne,2021-03-01,112,15887,21,5002,91,10885,0,0,77,6848,34,4518,78,11366,California
Tuolumne,2021-03-02,705,16592,73,5075,632,11517,0,0,106,6355,599,5117,106,11472,California
Tuolumne,2021-03-03,90,16682,22,5097,68,11585,0,0,65,6395,25,5142,65,11537,California
Tuolumne,2021-03-04,1168,17850,74,5171,1094,12679,0,0,1105,7437,63,5205,1105,12642,California
Tuolumne,2021-03-05,86,17936,10,5181,76,12755,0,0,49,7451,36,5241,50,12692,California
Tuolumne,2021-03-06,1056,18992,605,5786,449,13204,2,2,204,6811,847,6088,207,12899,California
Tuolumne,2021-03-07,42,19034,13,5799,14,13218,15,17,19,6822,23,6111,34,12933,California
Tuolumne,2021-03-08,196,19230,90,5889,99,13317,7,24,139,6911,57,6168,146,13079,California
Tuolumne,2021-03-09,857,20087,16,5905,830,14147,11,35,68,6207,784,6952,80,13159,California
Tuolumne,2021-03-10,78,20165,12,5917,55,14202,11,46,53,6246,25,6977,64,13223,California
Tuolumne,2021-03-11,1281,21446,36,5953,1240,15442,5,51,1255,7482,26,7003,1262,14485,California
Tuolumne,2021-03-12,299,21745,36,5989,248,15690,15,66,190,7582,108,7111,208,14693,California
Tuolumne,2021-03-13,114,21859,13,6002,101,15791,0,66,85,7640,28,7139,86,14779,California
Tuolumne,2021-03-14,143,22002,8,6010,126,15917,9,75,6,7522,137,7276,19,14798,California
Tuolumne,2021-03-15,297,22299,80,6090,214,16131,3,78,102,7439,194,7470,111,14909,California
Tuolumne,2021-03-16,803,23102,40,6130,752,16883,11,89,666,7980,136,7606,677,15586,California
Tuolumne,2021-03-17,152,23254,30,6160,109,16992,13,102,79,8000,72,7678,92,15678,California
Tuolumne,2021-03-18,948,24202,27,6187,908,17900,13,115,318,7704,627,8305,331,16009,California
Tuolumne,2021-03-19,134,24336,17,6204,87,17987,30,145,74,7749,59,8364,104,16113,California
Tuolumne,2021-03-20,89,24425,7,6211,72,18059,10,155,37,7744,51,8415,46,16159,California
Tuolumne,2021-03-21,833,25258,389,6600,434,18493,10,165,41,7011,785,9200,52,16211,California
Tuolumne,2021-03-22,164,25422,73,6673,72,18565,19,184,97,7061,66,9266,116,16327,California
Tuolumne,2021-03-23,707,26129,637,7310,56,18621,14,198,670,7707,37,9303,683,17010,California
Tuolumne,2021-03-24,111,26240,20,7330,73,18694,18,216,77,7769,33,9336,95,17105,California
Tuolumne,2021-03-25,1298,27538,23,7353,1272,19966,3,219,326,7128,970,10306,329,17434,California
Tuolumne,2021-03-26,275,27813,16,7369,236,20202,23,242,117,7121,148,10454,141,17575,California
Tuolumne,2021-03-27,580,28393,53,7422,527,20729,0,242,318,7180,260,10714,319,17894,California
Tuolumne,2021-03-28,48,28441,7,7429,41,20770,0,242,8,7150,39,10753,9,17903,California
Tuolumne,2021-03-29,206,28647,83,7512,123,20893,0,242,109,7165,94,10847,109,18012,California
Tuolumne,2021-03-30,162,28809,11,7523,150,21043,1,243,120,7245,41,10888,121,18133,California
Tuolumne,2021-03-31,95,28904,14,7537,79,21122,2,245,38,7230,55,10943,40,18173,California
Tuolumne,2021-04-01,1249,30153,30,7567,1219,22341,0,245,228,6440,1018,11961,228,18401,California
Tuolumne,2021-04-02,165,30318,11,7578,128,22469,26,271,91,6485,72,12033,117,18518,California
Tuolumne,2021-04-03,426,30744,35,7613,390,22859,1,272,239,6540,187,12220,242,18760,California
Tuolumne,2021-04-04,33,30777,3,7616,30,22889,0,272,21,6550,11,12231,21,18781,California
Tuolumne,2021-04-05,131,30908,19,7635,105,22994,7,279,59,6544,72,12303,66,18847,California
Tuolumne,2021-04-06,648,31556,517,8152,104,23098,27,306,513,6951,135,12438,542,19389,California
Tuolumne,2021-04-07,128,31684,37,8189,75,23173,16,322,50,6939,78,12516,66,19455,California
Tuolumne,2021-04-08,1444,33128,32,8221,1398,24571,14,336,246,6005,1194,13710,260,19715,California
Tuolumne,2021-04-09,274,33402,41,8262,189,24760,44,380,131,6041,143,13853,179,19894,California
Tuolumne,2021-04-10,56,33458,2,8264,34,24794,20,400,23,6052,32,13885,43,19937,California
Tuolumne,2021-04-11,18,33476,3,8267,12,24806,3,403,12,6061,6,13891,15,19952,California
Tuolumne,2021-04-12,164,33640,66,8333,93,24899,5,408,90,6088,68,13959,95,20047,California
Tuolumne,2021-04-13,784,34424,35,8368,749,25648,0,408,169,5650,607,14566,169,20216,California
Tuolumne,2021-04-14,154,34578,27,8395,127,25775,0,408,78,5656,73,14639,79,20295,California
Tuolumne,2021-04-15,341,34919,20,8415,321,26096,0,408,59,5439,276,14915,59,20354,California
Tuolumne,2021-04-16,251,35170,50,8465,201,26297,0,408,141,5478,103,15018,142,20496,California
Tuolumne,2021-04-17,43,35213,6,8471,37,26334,0,408,27,5489,16,15034,27,20523,California
Tuolumne,2021-04-18,8,35221,3,8474,5,26339,0,408,4,5489,4,15038,4,20527,California
Tuolumne,2021-04-19,170,35391,79,8553,91,26430,0,408,92,5505,76,15114,92,20619,California
Tuolumne,2021-04-20,712,36103,616,9169,96,26526,0,408,76,4952,629,15743,76,20695,California
Tuolumne,2021-04-21,119,36222,26,9195,93,26619,0,408,63,4964,51,15794,63,20758,California
Tuolumne,2021-04-22,709,36931,46,9241,663,27282,0,408,430,5124,270,16064,430,21188,California
Tuolumne,2021-04-23,177,37108,31,9272,146,27428,0,408,86,5121,89,16153,86,21274,California
Tuolumne,2021-04-24,80,37188,18,9290,62,27490,0,408,52,5145,28,16181,52,21326,California
Tuolumne,2021-04-25,27,37215,10,9300,17,27507,0,408,24,5166,3,16184,24,21350,California
Tuolumne,2021-04-26,155,37370,56,9356,99,27606,0,408,72,5157,82,16266,73,21423,California
Tuolumne,2021-04-27,136,37506,23,9379,106,27712,7,415,63,5156,71,16337,70,21493,California
Tuolumne,2021-04-28,117,37623,26,9405,80,27792,11,426,65,5181,51,16388,76,21569,California
Tuolumne,2021-04-29,277,37900,16,9421,253,28045,8,434,53,5020,222,16610,61,21630,California
Tuolumne,2021-04-30,352,38252,21,9442,319,28364,12,446,67,4817,282,16892,79,21709,California
Tuolumne,2021-05-01,25,38277,7,9449,13,28377,5,451,16,4829,9,16901,21,21730,California
Tuolumne,2021-05-02,26,38303,3,9452,21,28398,2,453,19,4843,7,16908,21,21751,California
Tuolumne,2021-05-03,100,38403,14,9466,81,28479,5,458,29,4807,70,16978,34,21785,California
Tuolumne,2021-05-04,694,39097,602,10068,87,28566,5,463,207,4532,486,17464,211,21996,California
Tuolumne,2021-05-05,107,39204,25,10093,76,28642,6,469,55,4544,50,17514,62,22058,California
Tuolumne,2021-05-06,285,39489,13,10106,258,28900,14,483,40,4357,240,17754,53,22111,California
Tuolumne,2021-05-07,323,39812,25,10131,290,29190,8,491,65,4173,257,18011,73,22184,California
Tuolumne,2021-05-08,47,39859,7,10138,36,29226,4,495,29,4188,18,18029,33,22217,California
Tuolumne,2021-05-09,15,39874,2,10140,11,29237,2,497,2,4179,13,18042,4,22221,California
Tuolumne,2021-05-10,111,39985,44,10184,62,29299,5,502,31,4136,79,18121,36,22257,California
Tuolumne,2021-05-11,196,40181,62,10246,122,29421,12,514,55,4063,140,18261,67,22324,California
Tuolumne,2021-05-12,128,40309,20,10266,105,29526,3,517,50,4038,78,18339,53,22377,California
Tuolumne,2021-05-13,109,40418,18,10284,83,29609,8,525,68,4074,41,18380,77,22454,California
Tuolumne,2021-05-14,206,40624,75,10359,119,29728,12,537,106,4094,98,18478,118,22572,California
Tuolumne,2021-05-15,56,40680,14,10373,35,29763,7,544,19,4084,37,18515,27,22599,California
Tuolumne,2021-05-16,26,40706,8,10381,16,29779,2,546,12,4084,14,18529,14,22613,California
Tuolumne,2021-05-17,109,40815,29,10410,77,29856,3,549,46,4071,63,18592,50,22663,California
Tuolumne,2021-05-18,176,40991,55,10465,74,29930,47,596,58,4058,118,18710,105,22768,California
Tuolumne,2021-05-19,117,41108,22,10487,65,29995,30,626,47,4066,69,18779,77,22845,California
Tuolumne,2021-05-20,393,41501,20,10507,368,30363,5,631,52,3783,340,19119,57,22902,California
Tuolumne,2021-05-21,189,41690,88,10595,97,30460,4,635,114,3827,74,19193,118,23020,California
Tuolumne,2021-05-22,52,41742,15,10610,32,30492,5,640,21,3822,30,19223,25,23045,California
Tuolumne,2021-05-23,14,41756,3,10613,11,30503,0,640,5,3818,9,19232,5,23050,California
Tuolumne,2021-05-24,122,41878,40,10653,76,30579,6,646,51,3805,70,19302,57,23107,California
Tuolumne,2021-05-25,237,42115,205,10858,31,30610,1,647,90,3749,147,19449,91,23198,California
Tuolumne,2021-05-26,11,42126,1,10859,9,30619,1,648,4,3747,7,19456,5,23203,California
Ventura,2020-12-15,5,5,5,5,0,0,0,0,5,5,0,0,5,5,California
Ventura,2020-12-16,73,78,73,78,0,0,0,0,73,78,0,0,73,78,California
Ventura,2020-12-17,249,327,249,327,0,0,0,0,249,327,0,0,249,327,California
Ventura,2020-12-18,1414,1741,1414,1741,0,0,0,0,1414,1741,0,0,1414,1741,California
Ventura,2020-12-19,914,2655,914,2655,0,0,0,0,914,2655,0,0,914,2655,California
Ventura,2020-12-20,432,3087,432,3087,0,0,0,0,432,3087,0,0,432,3087,California
Ventura,2020-12-21,1468,4555,1468,4555,0,0,0,0,1468,4555,0,0,1468,4555,California
Ventura,2020-12-22,1108,5663,1103,5658,5,5,0,0,1108,5663,0,0,1108,5663,California
Ventura,2020-12-23,1036,6699,987,6645,49,54,0,0,1036,6699,0,0,1036,6699,California
Ventura,2020-12-24,478,7177,380,7025,98,152,0,0,478,7177,0,0,478,7177,California
Ventura,2020-12-25,12,7189,7,7032,5,157,0,0,12,7189,0,0,12,7189,California
Ventura,2020-12-26,113,7302,92,7124,21,178,0,0,113,7302,0,0,113,7302,California
Ventura,2020-12-27,58,7360,27,7151,31,209,0,0,58,7360,0,0,58,7360,California
Ventura,2020-12-28,1068,8428,927,8078,141,350,0,0,1068,8428,0,0,1068,8428,California
Ventura,2020-12-29,1169,9597,762,8840,407,757,0,0,1169,9597,0,0,1169,9597,California
Ventura,2020-12-30,1987,11584,1522,10362,465,1222,0,0,1987,11584,0,0,1987,11584,California
Ventura,2020-12-31,479,12063,160,10522,319,1541,0,0,479,12063,0,0,479,12063,California
Ventura,2021-01-01,30,12093,10,10532,20,1561,0,0,30,12093,0,0,30,12093,California
Ventura,2021-01-02,174,12267,83,10615,91,1652,0,0,174,12267,0,0,174,12267,California
Ventura,2021-01-03,16,12283,8,10623,8,1660,0,0,16,12283,0,0,16,12283,California
Ventura,2021-01-04,1085,13368,552,11175,533,2193,0,0,1084,13367,0,0,1084,13367,California
Ventura,2021-01-05,1375,14743,786,11961,589,2782,0,0,1332,14656,43,43,1332,14699,California
Ventura,2021-01-06,2063,16806,1181,13142,882,3664,0,0,1630,15864,424,467,1632,16331,California
Ventura,2021-01-07,2072,18878,1327,14469,745,4409,0,0,1181,16157,888,1355,1181,17512,California
Ventura,2021-01-08,2195,21073,1472,15941,723,5132,0,0,903,15771,1290,2645,904,18416,California
Ventura,2021-01-09,721,21794,500,16441,221,5353,0,0,318,15686,403,3048,318,18734,California
Ventura,2021-01-10,341,22135,330,16771,11,5364,0,0,127,15599,214,3262,127,18861,California
Ventura,2021-01-11,2449,24584,1490,18261,959,6323,0,0,1496,16145,953,4215,1499,20360,California
Ventura,2021-01-12,3049,27633,1613,19874,1436,7759,0,0,2024,17144,1025,5240,2024,22384,California
Ventura,2021-01-13,2936,30569,1431,21305,1505,9264,0,0,2052,18316,881,6121,2053,24437,California
Ventura,2021-01-14,2734,33303,1059,22364,1675,10939,0,0,2287,20158,446,6567,2288,26725,California
Ventura,2021-01-15,2883,36186,964,23328,1919,12858,0,0,2673,22622,210,6777,2674,29399,California
Ventura,2021-01-16,485,36671,187,23515,298,13156,0,0,405,22947,80,6857,405,29804,California
Ventura,2021-01-17,259,36930,137,23652,122,13278,0,0,253,23194,6,6863,253,30057,California
Ventura,2021-01-18,2207,39137,1658,25310,549,13827,0,0,1662,24313,544,7407,1663,31720,California
Ventura,2021-01-19,3050,42187,2125,27435,925,14752,0,0,2153,25572,897,8304,2156,33876,California
Ventura,2021-01-20,4099,46286,3148,30583,951,15703,0,0,3048,27573,1048,9352,3049,36925,California
Ventura,2021-01-21,3850,50136,2677,33260,1173,16876,0,0,3176,30080,671,10023,3178,40103,California
Ventura,2021-01-22,3622,53758,2498,35758,1124,18000,0,0,3460,33378,162,10185,3460,43563,California
Ventura,2021-01-23,1182,54940,647,36405,535,18535,0,0,1082,34363,99,10284,1084,44647,California
Ventura,2021-01-24,456,55396,137,36542,319,18854,0,0,443,34793,13,10297,443,45090,California
Ventura,2021-01-25,3158,58554,2032,38574,1126,19980,0,0,2601,36839,556,10853,2602,47692,California
Ventura,2021-01-26,3721,62275,2213,40787,1508,21488,0,0,2719,38558,1001,11854,2720,50412,California
Ventura,2021-01-27,3463,65738,1560,42347,1903,23391,0,0,2719,40538,740,12594,2720,53132,California
Ventura,2021-01-28,3881,69619,1999,44346,1882,25273,0,0,3265,43203,601,13195,3266,56398,California
Ventura,2021-01-29,4267,73886,2523,46869,1744,27017,0,0,3766,46480,489,13684,3766,60164,California
Ventura,2021-01-30,3041,76927,1966,48835,1075,28092,0,0,2868,49180,169,13853,2869,63033,California
Ventura,2021-01-31,836,77763,447,49282,389,28481,0,0,750,49845,85,13938,750,63783,California
Ventura,2021-02-01,3954,81717,2116,51398,1838,30319,0,0,3178,52254,771,14709,3180,66963,California
Ventura,2021-02-02,4405,86122,2373,53771,2032,32351,0,0,3383,54621,1018,15727,3385,70348,California
Ventura,2021-02-03,4458,90580,2090,55861,2368,34719,0,0,3443,57055,1010,16737,3444,73792,California
Ventura,2021-02-04,4791,95371,2299,58160,2492,37211,0,0,3524,59323,1259,17996,3527,77319,California
Ventura,2021-02-05,4845,100216,2323,60483,2522,39733,0,0,3352,61197,1480,19476,3354,80673,California
Ventura,2021-02-06,2836,103052,1514,61997,1322,41055,0,0,2434,63230,401,19877,2434,83107,California
Ventura,2021-02-07,713,103765,241,62238,472,41527,0,0,588,63694,125,20002,589,83696,California
Ventura,2021-02-08,3511,107276,1632,63870,1879,43406,0,0,2436,65060,1070,21072,2436,86132,California
Ventura,2021-02-09,4729,112005,1975,65845,2754,46160,0,0,2468,65272,2259,23331,2471,88603,California
Ventura,2021-02-10,4713,116718,2233,68078,2480,48640,0,0,2387,65344,2316,25647,2388,90991,California
Ventura,2021-02-11,4672,121390,1866,69944,2806,51446,0,0,2450,65582,2215,27862,2453,93444,California
Ventura,2021-02-12,6313,127703,2665,72609,3648,55094,0,0,3225,65724,3083,30945,3225,96669,California
Ventura,2021-02-13,3305,131008,1829,74438,1476,56570,0,0,1848,66121,1453,32398,1850,98519,California
Ventura,2021-02-14,1226,132234,123,74561,1103,57673,0,0,1009,66914,217,32615,1010,99529,California
Ventura,2021-02-15,3990,136224,1801,76362,2189,59862,0,0,2119,67165,1868,34483,2119,101648,California
Ventura,2021-02-16,5558,141782,2710,79072,2848,62710,0,0,3016,67649,2532,37015,3016,104664,California
Ventura,2021-02-17,5237,147019,1923,80995,3314,66024,0,0,3266,68953,1962,38977,3266,107930,California
Ventura,2021-02-18,5784,152803,1834,82829,3950,69974,0,0,3637,70454,2136,41113,3637,111567,California
Ventura,2021-02-19,6455,159258,3771,86600,2684,72658,0,0,3012,70032,3436,44549,3014,114581,California
Ventura,2021-02-20,4941,164199,3172,89772,1769,74427,0,0,2773,70647,2162,46711,2777,117358,California
Ventura,2021-02-21,1103,165302,812,90584,291,74718,0,0,451,70453,647,47358,453,117811,California
Ventura,2021-02-22,5377,170679,2412,92996,2965,77683,0,0,3461,72008,1907,49265,3462,121273,California
Ventura,2021-02-23,5939,176618,2975,95971,2964,80647,0,0,3415,72918,2507,51772,3417,124690,California
Ventura,2021-02-24,7014,183632,2617,98588,4397,85044,0,0,4256,74434,2742,54514,4258,128948,California
Ventura,2021-02-25,7501,191133,2575,101163,4926,89970,0,0,4572,76091,2917,57431,4574,133522,California
Ventura,2021-02-26,9359,200492,2775,103938,6584,96554,0,0,6167,79095,3166,60597,6170,139692,California
Ventura,2021-02-27,10012,210504,5285,109223,4727,101281,0,0,7388,83886,2607,63204,7398,147090,California
Ventura,2021-02-28,2571,213075,1637,110860,933,102214,1,1,2096,85514,468,63672,2096,149186,California
Ventura,2021-03-01,6973,220048,2833,113693,4139,106353,1,2,4642,87853,2317,65989,4656,153842,California
Ventura,2021-03-02,7587,227635,4036,117729,3549,109902,2,4,5352,90981,2224,68213,5352,159194,California
Ventura,2021-03-03,8542,236177,3920,121649,4620,114522,2,6,6089,94638,2438,70651,6095,165289,California
Ventura,2021-03-04,8125,244302,3878,125527,4247,118769,0,6,5486,97503,2624,73275,5489,170778,California
Ventura,2021-03-05,9987,254289,4811,130338,5166,123935,10,16,7092,101733,2880,76155,7110,177888,California
Ventura,2021-03-06,7240,261529,4402,134740,2685,126620,153,169,5323,105301,1910,78065,5478,183366,California
Ventura,2021-03-07,1661,263190,614,135354,947,127567,100,269,1246,106232,415,78480,1346,184712,California
Ventura,2021-03-08,6763,269953,3436,138790,3173,130740,154,423,4653,108939,2103,80583,4810,189522,California
Ventura,2021-03-09,6765,276718,3026,141816,3539,134279,200,623,3884,110160,2867,83450,4088,193610,California
Ventura,2021-03-10,6866,283584,3017,144833,3610,137889,239,862,4540,112626,2313,85763,4779,198389,California
Ventura,2021-03-11,6383,289967,2893,147726,3176,141065,314,1176,3425,113419,2944,88707,3737,202126,California
Ventura,2021-03-12,8556,298523,3051,150777,4660,145725,845,2021,4132,113988,4408,93115,4977,207103,California
Ventura,2021-03-13,6706,305229,2510,153287,3352,149077,844,2865,3771,115677,2926,96041,4615,211718,California
Ventura,2021-03-14,2143,307372,486,153773,1160,150237,497,3362,723,115480,1419,97460,1222,212940,California
Ventura,2021-03-15,6931,314303,2050,155823,3534,153771,1347,4709,2985,115887,3922,101382,4329,217269,California
Ventura,2021-03-16,7955,322258,2465,158288,4376,158147,1114,5823,4014,117085,3928,105310,5126,222395,California
Ventura,2021-03-17,7601,329859,2777,161065,4476,162623,348,6171,4589,119034,2989,108299,4938,227333,California
Ventura,2021-03-18,7264,337123,3279,164344,3833,166456,152,6323,4741,121416,2509,110808,4891,232224,California
Ventura,2021-03-19,8479,345602,3803,168147,4563,171019,113,6436,5088,123247,3369,114177,5200,237424,California
Ventura,2021-03-20,8205,353807,5250,173397,2933,173952,22,6458,3943,122973,4240,118417,3966,241390,California
Ventura,2021-03-21,2799,356606,1523,174920,904,174856,372,6830,1323,123202,1463,119880,1692,243082,California
Ventura,2021-03-22,7371,363977,3704,178624,3564,178420,103,6933,4857,125667,2497,122377,4962,248044,California
Ventura,2021-03-23,8212,372189,3885,182509,4255,182675,72,7005,4596,126745,3589,125966,4667,252711,California
Ventura,2021-03-24,8909,381098,3421,185930,5411,188086,77,7082,4448,126839,4432,130398,4526,257237,California
Ventura,2021-03-25,8830,389928,3926,189856,4802,192888,102,7184,4466,127061,4346,134744,4568,261805,California
Ventura,2021-03-26,9880,399808,3373,193229,5853,198741,654,7838,3935,125735,5914,140658,4588,266393,California
Ventura,2021-03-27,8179,407987,3938,197167,4201,202942,40,7878,2426,122476,5731,146389,2472,268865,California
Ventura,2021-03-28,2545,410532,1427,198594,1109,204051,9,7887,1375,122702,1164,147553,1390,270255,California
Ventura,2021-03-29,8502,419034,4297,202891,4161,208212,44,7931,4237,122747,4237,151790,4282,274537,California
Ventura,2021-03-30,9003,428037,4472,207363,4401,212613,130,8061,4402,122691,4587,156377,4531,279068,California
Ventura,2021-03-31,10756,438793,4869,212232,5259,217872,628,8689,4649,121881,6085,162462,5275,284343,California
Ventura,2021-04-01,10789,449582,5280,217512,4627,222499,882,9571,5462,122924,5296,167758,6339,290682,California
Ventura,2021-04-02,11764,461346,4659,222171,5765,228264,1340,10911,5612,123762,6120,173878,6958,297640,California
Ventura,2021-04-03,8131,469477,4026,226197,2930,231194,1175,12086,3425,123660,4695,178573,4593,302233,California
Ventura,2021-04-04,1717,471194,960,227157,622,231816,135,12221,1148,124381,562,179135,1283,303516,California
Ventura,2021-04-05,9373,480567,4903,232060,3357,235173,1113,13334,4762,125657,4599,183734,5875,309391,California
Ventura,2021-04-06,10916,491483,5587,237647,3837,239010,1492,14826,5596,127461,5293,189027,7097,316488,California
Ventura,2021-04-07,11388,502871,5453,243100,4430,243440,1505,16331,5191,127995,6180,195207,6714,323202,California
Ventura,2021-04-08,10308,513179,5330,248430,4028,247468,950,17281,5132,128937,5158,200365,6100,329302,California
Ventura,2021-04-09,11182,524361,4367,252797,5097,252565,1718,18999,4857,129244,6302,206667,6609,335911,California
Ventura,2021-04-10,9167,533528,3516,256313,3490,256055,2161,21160,3006,128275,6144,212811,5175,341086,California
Ventura,2021-04-11,2419,535947,860,257173,990,257045,569,21729,680,127790,1732,214543,1247,342333,California
Ventura,2021-04-12,8892,544839,4471,261644,3605,260650,816,22545,3720,127164,5154,219697,4528,346861,California
Ventura,2021-04-13,8775,553614,4439,266083,4330,264980,6,22551,3737,125902,5005,224702,3743,350604,California
Ventura,2021-04-14,8681,562295,4074,270157,4592,269572,15,22566,3322,123918,5324,230026,3340,353944,California
Ventura,2021-04-15,9316,571611,4538,274695,4771,274343,7,22573,4064,122763,5227,235253,4072,358016,California
Ventura,2021-04-16,10125,581736,4492,279187,5632,279975,1,22574,4784,122227,5325,240578,4789,362805,California
Ventura,2021-04-17,8575,590311,5322,284509,3252,283227,1,22575,4987,123639,3576,244154,4988,367793,California
Ventura,2021-04-18,2136,592447,1014,285523,1122,284349,0,22575,909,123325,1223,245377,909,368702,California
Ventura,2021-04-19,8035,600482,4847,290370,3187,287536,1,22576,4605,124519,3413,248790,4607,373309,California
Ventura,2021-04-20,9271,609753,4917,295287,4350,291886,4,22580,4335,123941,4918,253708,4340,377649,California
Ventura,2021-04-21,8861,618614,4539,299826,4317,296203,5,22585,4188,123476,4659,258367,4194,381843,California
Ventura,2021-04-22,10042,628656,5491,305317,4551,300754,0,22585,4443,122337,5583,263950,4444,386287,California
Ventura,2021-04-23,10810,639466,5399,310716,5410,306164,1,22586,5379,122310,5407,269357,5380,391667,California
Ventura,2021-04-24,10322,649788,5893,316609,4429,310593,0,22586,6044,124089,4266,273623,6045,397712,California
Ventura,2021-04-25,2471,652259,1700,318309,771,311364,0,22586,1145,123912,1322,274945,1145,398857,California
Ventura,2021-04-26,7199,659458,4126,322435,3007,314371,66,22652,2988,122774,4187,279132,3049,401906,California
Ventura,2021-04-27,8381,667839,4639,327074,3572,317943,170,22822,3166,120907,5201,284333,3334,405240,California
Ventura,2021-04-28,8256,676095,4821,331895,3119,321062,316,23138,3233,119453,5003,289336,3549,408789,California
Ventura,2021-04-29,7763,683858,4217,336112,3282,324344,264,23402,2753,117483,4985,294321,3015,411804,California
Ventura,2021-04-30,9330,693188,5446,341558,3610,327954,274,23676,3854,116161,5442,299763,4120,415924,California
Ventura,2021-05-01,4945,698133,3628,345186,1215,329169,102,23778,1865,115071,3057,302820,1967,417891,California
Ventura,2021-05-02,2129,700262,1426,346612,614,329783,89,23867,1038,115111,1088,303908,1128,419019,California
Ventura,2021-05-03,6222,706484,3911,350523,2033,331816,278,24145,1958,113101,4244,308152,2234,421253,California
Ventura,2021-05-04,6270,712754,3318,353841,2653,334469,299,24444,2270,111683,3986,312138,2568,423821,California
Ventura,2021-05-05,5255,718009,3010,356851,1985,336454,260,24704,1896,110497,3335,315473,2149,425970,California
Ventura,2021-05-06,6113,724122,3211,360062,2632,339086,270,24974,1972,108617,4123,319596,2243,428213,California
Ventura,2021-05-07,6748,730870,3418,363480,3057,342143,273,25247,2319,106808,4401,323997,2592,430805,California
Ventura,2021-05-08,5298,736168,4116,367596,1029,343172,153,25400,1212,104100,4073,328070,1365,432170,California
Ventura,2021-05-09,1047,737215,733,368329,268,343440,46,25446,399,103904,640,328710,444,432614,California
Ventura,2021-05-10,6019,743234,4073,372402,1742,345182,204,25650,1364,100826,4645,333355,1567,434181,California
Ventura,2021-05-11,5109,748343,3205,375607,1697,346879,207,25857,1479,98891,3620,336975,1685,435866,California
Ventura,2021-05-12,4724,753067,2713,378320,1811,348690,200,26057,1455,97294,3252,340227,1655,437521,California
Ventura,2021-05-13,5662,758729,3349,381669,2111,350801,202,26259,1909,95665,3740,343967,2111,439632,California
Ventura,2021-05-14,7175,765904,4441,386110,2536,353337,198,26457,2715,94135,4440,348407,2910,442542,California
Ventura,2021-05-15,6518,772422,5367,391477,1066,354403,85,26542,2774,93268,3727,352134,2860,445402,California
Ventura,2021-05-16,2155,774577,1666,393143,437,354840,52,26594,1025,93220,1125,353259,1077,446479,California
Ventura,2021-05-17,5768,780345,3559,396702,2002,356842,207,26801,2539,92754,3211,356470,2745,449224,California
Ventura,2021-05-18,5324,785669,3168,399870,1976,358818,180,26981,2284,92196,3020,359490,2462,451686,California
Ventura,2021-05-19,5756,791425,3519,403389,2030,360848,207,27188,2414,91496,3318,362808,2618,454304,California
Ventura,2021-05-20,4299,795724,2282,405671,1863,362711,154,27342,1766,90907,2508,365316,1919,456223,California
Ventura,2021-05-21,6689,802413,3640,409311,2875,365586,174,27516,2165,88749,4496,369812,2338,458561,California
Ventura,2021-05-22,4737,807150,2296,411607,2367,367953,74,27590,1537,87166,3194,373006,1611,460172,California
Ventura,2021-05-23,1257,808407,1054,412661,134,368087,69,27659,489,86958,766,373772,558,460730,California
Ventura,2021-05-24,4488,812895,2452,415113,1880,369967,156,27815,1567,85773,2908,376680,1723,462453,California
Ventura,2021-05-25,4176,817071,2181,417294,1848,371815,147,27962,1465,84691,2692,379372,1610,464063,California
Ventura,2021-05-26,2278,819349,1153,418447,1021,372836,104,28066,858,84241,1413,380785,963,465026,California
Yolo,2020-12-15,39,39,39,39,0,0,0,0,39,39,0,0,39,39,California
Yolo,2020-12-16,78,117,78,117,0,0,0,0,78,117,0,0,78,117,California
Yolo,2020-12-17,101,218,101,218,0,0,0,0,101,218,0,0,101,218,California
Yolo,2020-12-18,209,427,209,427,0,0,0,0,209,427,0,0,209,427,California
Yolo,2020-12-19,88,515,88,515,0,0,0,0,88,515,0,0,88,515,California
Yolo,2020-12-20,100,615,100,615,0,0,0,0,100,615,0,0,100,615,California
Yolo,2020-12-21,254,869,254,869,0,0,0,0,254,869,0,0,254,869,California
Yolo,2020-12-22,381,1250,380,1249,1,1,0,0,381,1250,0,0,381,1250,California
Yolo,2020-12-23,433,1683,413,1662,20,21,0,0,433,1683,0,0,433,1683,California
Yolo,2020-12-24,153,1836,96,1758,57,78,0,0,153,1836,0,0,153,1836,California
Yolo,2020-12-25,1,1837,1,1759,0,78,0,0,1,1837,0,0,1,1837,California
Yolo,2020-12-26,75,1912,25,1784,50,128,0,0,75,1912,0,0,75,1912,California
Yolo,2020-12-27,46,1958,19,1803,27,155,0,0,46,1958,0,0,46,1958,California
Yolo,2020-12-28,348,2306,180,1983,168,323,0,0,348,2306,0,0,348,2306,California
Yolo,2020-12-29,489,2795,267,2250,222,545,0,0,489,2795,0,0,489,2795,California
Yolo,2020-12-30,623,3418,255,2505,368,913,0,0,623,3418,0,0,623,3418,California
Yolo,2020-12-31,185,3603,95,2600,90,1003,0,0,185,3603,0,0,185,3603,California
Yolo,2021-01-01,58,3661,56,2656,2,1005,0,0,58,3661,0,0,58,3661,California
Yolo,2021-01-02,69,3730,26,2682,43,1048,0,0,69,3730,0,0,69,3730,California
Yolo,2021-01-03,44,3774,19,2701,25,1073,0,0,44,3774,0,0,44,3774,California
Yolo,2021-01-04,194,3968,43,2744,151,1224,0,0,194,3968,0,0,194,3968,California
Yolo,2021-01-05,615,4583,238,2982,377,1601,0,0,554,4461,61,61,554,4522,California
Yolo,2021-01-06,483,5066,183,3165,300,1901,0,0,352,4682,131,192,352,4874,California
Yolo,2021-01-07,710,5776,233,3398,477,2378,0,0,521,5015,188,380,521,5395,California
Yolo,2021-01-08,633,6409,312,3710,321,2699,0,0,417,5217,215,595,417,5812,California
Yolo,2021-01-09,409,6818,69,3779,340,3039,0,0,363,5534,46,641,363,6175,California
Yolo,2021-01-10,393,7211,80,3859,313,3352,0,0,323,5787,70,711,323,6498,California
Yolo,2021-01-11,562,7773,324,4183,238,3590,0,0,293,5813,269,980,295,6793,California
Yolo,2021-01-12,486,8259,367,4550,119,3709,0,0,178,5684,308,1288,179,6972,California
Yolo,2021-01-13,772,9031,312,4862,460,4169,0,0,522,5956,250,1538,522,7494,California
Yolo,2021-01-14,377,9408,183,5045,194,4363,0,0,273,6125,104,1642,273,7767,California
Yolo,2021-01-15,624,10032,319,5364,305,4668,0,0,545,6592,79,1721,546,8313,California
Yolo,2021-01-16,741,10773,95,5459,646,5314,0,0,710,7271,31,1752,710,9023,California
Yolo,2021-01-17,187,10960,119,5578,68,5382,0,0,180,7444,7,1759,180,9203,California
Yolo,2021-01-18,481,11441,304,5882,177,5559,0,0,378,7719,103,1862,378,9581,California
Yolo,2021-01-19,558,11999,373,6255,185,5744,0,0,385,7931,173,2035,385,9966,California
Yolo,2021-01-20,660,12659,380,6635,280,6024,0,0,474,8220,185,2220,474,10440,California
Yolo,2021-01-21,652,13311,385,7020,267,6291,0,0,464,8496,188,2408,464,10904,California
Yolo,2021-01-22,751,14062,252,7272,499,6790,0,0,633,9013,116,2524,633,11537,California
Yolo,2021-01-23,615,14677,122,7394,493,7283,0,0,567,9532,48,2572,567,12104,California
Yolo,2021-01-24,208,14885,124,7518,84,7367,0,0,167,9658,41,2613,167,12271,California
Yolo,2021-01-25,731,15616,156,7674,575,7942,0,0,513,9953,218,2831,513,12784,California
Yolo,2021-01-26,822,16438,328,8002,494,8436,0,0,427,9985,395,3226,427,13211,California
Yolo,2021-01-27,557,16995,223,8225,334,8770,0,0,381,10190,176,3402,381,13592,California
Yolo,2021-01-28,1051,18046,567,8792,484,9254,0,0,926,10992,124,3526,926,14518,California
Yolo,2021-01-29,891,18937,266,9058,625,9879,0,0,806,11714,84,3610,806,15324,California
Yolo,2021-01-30,1531,20468,928,9986,603,10482,0,0,1410,13009,115,3725,1410,16734,California
Yolo,2021-01-31,240,20708,202,10188,38,10520,0,0,213,13196,26,3751,213,16947,California
Yolo,2021-02-01,847,21555,361,10549,486,11006,0,0,614,13580,230,3981,614,17561,California
Yolo,2021-02-02,1336,22891,751,11300,585,11591,0,0,929,14103,407,4388,930,18491,California
Yolo,2021-02-03,1531,24422,400,11700,1131,12722,0,0,1190,14955,338,4726,1190,19681,California
Yolo,2021-02-04,1795,26217,283,11983,1512,14234,0,0,1244,15660,540,5266,1245,20926,California
Yolo,2021-02-05,1597,27814,906,12889,691,14925,0,0,1197,16459,399,5665,1198,22124,California
Yolo,2021-02-06,1923,29737,1253,14142,670,15595,0,0,1562,17661,361,6026,1563,23687,California
Yolo,2021-02-07,520,30257,250,14392,270,15865,0,0,171,17484,348,6374,171,23858,California
Yolo,2021-02-08,952,31209,334,14726,618,16483,0,0,605,17745,344,6718,605,24463,California
Yolo,2021-02-09,860,32069,387,15113,473,16956,0,0,577,18039,283,7001,577,25040,California
Yolo,2021-02-10,1461,33530,476,15589,985,17941,0,0,821,18222,640,7641,823,25863,California
Yolo,2021-02-11,1572,35102,804,16393,768,18709,0,0,1186,19022,386,8027,1186,27049,California
Yolo,2021-02-12,1919,37021,756,17149,1163,19872,0,0,1445,19997,470,8497,1445,28494,California
Yolo,2021-02-13,2056,39077,712,17861,1344,21216,0,0,1390,20721,666,9163,1390,29884,California
Yolo,2021-02-14,569,39646,154,18015,415,21631,0,0,445,21043,123,9286,445,30329,California
Yolo,2021-02-15,533,40179,190,18205,343,21974,0,0,267,21045,266,9552,268,30597,California
Yolo,2021-02-16,1132,41311,427,18632,705,22679,0,0,811,21536,321,9873,812,31409,California
Yolo,2021-02-17,1392,42703,700,19332,692,23371,0,0,997,22138,395,10268,997,32406,California
Yolo,2021-02-18,2500,45203,816,20148,1684,25055,0,0,1723,23086,776,11044,1724,34130,California
Yolo,2021-02-19,1748,46951,750,20898,998,26053,0,0,1127,23594,619,11663,1127,35257,California
Yolo,2021-02-20,2455,49406,957,21855,1498,27551,0,0,1372,23889,1078,12741,1373,36630,California
Yolo,2021-02-21,284,49690,227,22082,57,27608,0,0,75,23756,208,12949,75,36705,California
Yolo,2021-02-22,1364,51054,600,22682,764,28372,0,0,694,23781,669,13618,694,37399,California
Yolo,2021-02-23,1132,52186,849,23531,283,28655,0,0,437,23525,693,14311,437,37836,California
Yolo,2021-02-24,2093,54279,592,24123,1501,30156,0,0,1384,24202,707,15018,1384,39220,California
Yolo,2021-02-25,1381,55660,486,24609,895,31051,0,0,915,24652,465,15483,915,40135,California
Yolo,2021-02-26,2609,58269,1016,25625,1593,32644,0,0,1386,24818,1220,16703,1386,41521,California
Yolo,2021-02-27,1663,59932,769,26394,894,33538,0,0,1213,25581,450,17153,1213,42734,California
Yolo,2021-02-28,1776,61708,1498,27892,278,33816,0,0,675,25157,1099,18252,675,43409,California
Yolo,2021-03-01,1102,62810,366,28258,736,34552,0,0,672,25401,428,18680,672,44081,California
Yolo,2021-03-02,1473,64283,693,28951,780,35332,0,0,943,25814,530,19210,943,45024,California
Yolo,2021-03-03,1853,66136,637,29588,1216,36548,0,0,830,25623,1021,20231,830,45854,California
Yolo,2021-03-04,2927,69063,1467,31055,1460,38008,0,0,1565,25829,1359,21590,1565,47419,California
Yolo,2021-03-05,2362,71425,1409,32464,942,38950,11,11,1475,26429,886,22476,1486,48905,California
Yolo,2021-03-06,1482,72907,1133,33597,320,39270,29,40,842,26662,638,23114,871,49776,California
Yolo,2021-03-07,914,73821,678,34275,222,39492,14,54,779,27320,135,23249,793,50569,California
Yolo,2021-03-08,1097,74918,490,34765,564,40056,43,97,768,27804,328,23577,812,51381,California
Yolo,2021-03-09,1276,76194,689,35454,525,40581,62,159,781,28154,493,24070,843,52224,California
Yolo,2021-03-10,1810,78004,1058,36512,462,41043,290,449,752,28135,1054,25124,1035,53259,California
Yolo,2021-03-11,2351,80355,1603,38115,680,41723,68,517,1605,29064,745,25869,1674,54933,California
Yolo,2021-03-12,2906,83261,1354,39469,1472,43195,80,597,1371,28987,1527,27396,1450,56383,California
Yolo,2021-03-13,1848,85109,735,40204,936,44131,177,774,1003,29325,842,28238,1180,57563,California
Yolo,2021-03-14,1008,86117,213,40417,645,44776,150,924,527,29517,480,28718,672,58235,California
Yolo,2021-03-15,1323,87440,773,41190,373,45149,177,1101,707,29785,614,29332,882,59117,California
Yolo,2021-03-16,1869,89309,717,41907,1080,46229,72,1173,1104,30196,765,30097,1176,60293,California
Yolo,2021-03-17,2507,91816,977,42884,1458,47687,72,1245,1720,31236,784,30881,1824,62117,California
Yolo,2021-03-18,3032,94848,1032,43916,1775,49462,225,1470,1259,30951,1769,32650,1484,63601,California
Yolo,2021-03-19,2094,96942,871,44787,1155,50617,68,1538,1098,31127,990,33640,1166,64767,California
Yolo,2021-03-20,2772,99714,819,45606,1912,52529,41,1579,1108,30620,1658,35298,1151,65918,California
Yolo,2021-03-21,314,100028,214,45820,92,52621,8,1587,228,30771,85,35383,236,66154,California
Yolo,2021-03-22,1402,101430,489,46309,855,53476,58,1645,922,31273,477,35860,979,67133,California
Yolo,2021-03-23,1739,103169,938,47247,745,54221,56,1701,1071,31732,667,36527,1126,68259,California
Yolo,2021-03-24,2876,106045,1408,48655,1419,55640,49,1750,1407,31732,1457,37984,1457,69716,California
Yolo,2021-03-25,2552,108597,1417,50072,1106,56746,29,1779,1255,31730,1286,39270,1284,71000,California
Yolo,2021-03-26,2401,110998,1258,51330,1124,57870,19,1798,1025,31404,1369,40639,1043,72043,California
Yolo,2021-03-27,1653,112651,455,51785,1181,59051,17,1815,759,31287,893,41532,776,72819,California
Yolo,2021-03-28,1109,113760,866,52651,225,59276,18,1833,270,30740,835,42367,288,73107,California
Yolo,2021-03-29,2024,115784,822,53473,1172,60448,30,1863,979,30708,1041,43408,1009,74116,California
Yolo,2021-03-30,2279,118063,1081,54554,1176,61624,22,1885,1168,30794,1106,44514,1192,75308,California
Yolo,2021-03-31,2353,120416,1223,55777,1094,62718,36,1921,1193,30864,1159,45673,1229,76537,California
Yolo,2021-04-01,3837,124253,1852,57629,1511,64229,474,2395,1612,30728,2222,47895,2086,78623,California
Yolo,2021-04-02,3399,127652,1518,59147,1735,65964,146,2541,2107,31697,1286,49181,2255,80878,California
Yolo,2021-04-03,1809,129461,1091,60238,499,66463,219,2760,806,31720,1002,50183,1025,81903,California
Yolo,2021-04-04,393,129854,156,60394,175,66638,62,2822,147,31683,246,50429,209,82112,California
Yolo,2021-04-05,1917,131771,735,61129,1082,67720,100,2922,1018,31908,894,51323,1119,83231,California
Yolo,2021-04-06,2574,134345,1306,62435,1097,68817,171,3093,1301,32117,1264,52587,1473,84704,California
Yolo,2021-04-07,2992,137337,1521,63956,1118,69935,353,3446,1933,33355,1053,53640,2291,86995,California
Yolo,2021-04-08,2415,139752,1002,64958,940,70875,473,3919,1020,33452,1392,55032,1489,88484,California
Yolo,2021-04-09,2571,142323,913,65871,1082,71957,576,4495,843,33141,1725,56757,1414,89898,California
Yolo,2021-04-10,1744,144067,820,66691,744,72701,180,4675,1030,33640,710,57467,1209,91107,California
Yolo,2021-04-11,888,144955,281,66972,563,73264,44,4719,364,33526,521,57988,407,91514,California
Yolo,2021-04-12,1759,146714,518,67490,1097,74361,144,4863,1086,34088,669,58657,1231,92745,California
Yolo,2021-04-13,1971,148685,912,68402,1059,75420,0,4863,1039,34196,931,59588,1039,93784,California
Yolo,2021-04-14,2764,151449,760,69162,2004,77424,0,4863,1367,34170,1393,60981,1367,95151,California
Yolo,2021-04-15,3316,154765,1136,70298,2180,79604,0,4863,2275,35410,1035,62016,2275,97426,California
Yolo,2021-04-16,3041,157806,1958,72256,1083,80687,0,4863,1937,36249,1098,63114,1937,99363,California
Yolo,2021-04-17,1605,159411,471,72727,1134,81821,0,4863,832,36311,770,63884,832,100195,California
Yolo,2021-04-18,631,160042,306,73033,325,82146,0,4863,351,36386,276,64160,351,100546,California
Yolo,2021-04-19,1663,161705,716,73749,946,83092,1,4864,762,36253,896,65056,763,101309,California
Yolo,2021-04-20,1997,163702,1013,74762,984,84076,0,4864,1071,36400,924,65980,1071,102380,California
Yolo,2021-04-21,1977,165679,984,75746,993,85069,0,4864,1075,36578,897,66877,1075,103455,California
Yolo,2021-04-22,1949,167628,885,76631,1064,86133,0,4864,971,36577,973,67850,972,104427,California
Yolo,2021-04-23,2617,170245,1526,78157,1091,87224,0,4864,1163,36297,1443,69293,1163,105590,California
Yolo,2021-04-24,1167,171412,641,78798,524,87748,2,4866,462,36064,697,69990,464,106054,California
Yolo,2021-04-25,949,172361,406,79204,543,88291,0,4866,728,36572,220,70210,728,106782,California
Yolo,2021-04-26,1176,173537,450,79654,723,89014,3,4869,484,36370,690,70900,488,107270,California
Yolo,2021-04-27,1489,175026,698,80352,782,89796,9,4878,574,36040,915,71815,585,107855,California
Yolo,2021-04-28,2019,177045,1002,81354,990,90786,27,4905,711,35473,1305,73120,738,108593,California
Yolo,2021-04-29,1710,178755,792,82146,836,91622,82,4987,651,35148,1058,74178,733,109326,California
Yolo,2021-04-30,2011,180766,993,83139,960,92582,58,5045,959,35120,1045,75223,1017,110343,California
Yolo,2021-05-01,1284,182050,998,84137,266,92848,20,5065,381,34619,902,76125,401,110744,California
Yolo,2021-05-02,496,182546,403,84540,70,92918,23,5088,322,34790,174,76299,345,111089,California
Yolo,2021-05-03,1122,183668,408,84948,680,93598,34,5122,303,34309,817,77116,336,111425,California
Yolo,2021-05-04,1437,185105,656,85604,757,94355,24,5146,486,33872,947,78063,510,111935,California
Yolo,2021-05-05,1552,186657,421,86025,1065,95420,66,5212,437,33267,1108,79171,503,112438,California
Yolo,2021-05-06,1508,188165,704,86729,724,96144,80,5292,498,32848,997,80168,578,113016,California
Yolo,2021-05-07,2298,190463,1373,88102,874,97018,51,5343,458,31524,1832,82000,508,113524,California
Yolo,2021-05-08,835,191298,358,88460,420,97438,57,5400,311,31370,521,82521,367,113891,California
Yolo,2021-05-09,393,191691,163,88623,217,97655,13,5413,90,31171,302,82823,103,113994,California
Yolo,2021-05-10,900,192591,355,88978,500,98155,45,5458,153,30623,745,83568,197,114191,California
Yolo,2021-05-11,1123,193714,651,89629,451,98606,21,5479,274,30072,846,84414,295,114486,California
Yolo,2021-05-12,1503,195217,665,90294,809,99415,29,5508,279,29162,1221,85635,311,114797,California
Yolo,2021-05-13,2071,197288,783,91077,1236,100651,52,5560,589,28325,1478,87113,641,115438,California
Yolo,2021-05-14,2025,199313,1506,92583,488,101139,31,5591,1151,28636,871,87984,1182,116620,California
Yolo,2021-05-15,1245,200558,704,93287,494,101633,47,5638,639,28716,606,88590,686,117306,California
Yolo,2021-05-16,1403,201961,1194,94481,203,101836,6,5644,984,29291,415,89005,990,118296,California
Yolo,2021-05-17,1073,203034,392,94873,662,102498,19,5663,330,28902,738,89743,349,118645,California
Yolo,2021-05-18,1679,204713,1101,95974,557,103055,21,5684,937,29123,737,90480,958,119603,California
Yolo,2021-05-19,1003,205716,590,96564,378,103433,35,5719,499,29155,502,90982,534,120137,California
Yolo,2021-05-20,858,206574,544,97108,292,103725,22,5741,363,29050,490,91472,385,120522,California
Yolo,2021-05-21,1245,207819,838,97946,389,104114,18,5759,310,28448,929,92401,327,120849,California
Yolo,2021-05-22,672,208491,469,98415,195,104309,8,5767,260,28307,409,92810,268,121117,California
Yolo,2021-05-23,509,209000,107,98522,387,104696,15,5782,91,27996,416,93226,105,121222,California
Yolo,2021-05-24,704,209704,352,98874,334,105030,18,5800,227,27766,475,93701,245,121467,California
Yolo,2021-05-25,833,210537,471,99345,341,105371,21,5821,335,27629,493,94194,356,121823,California
Yolo,2021-05-26,556,211093,155,99500,380,105751,21,5842,175,27448,377,94571,196,122019,California
Yuba,2020-12-16,4,4,4,4,0,0,0,0,4,4,0,0,4,4,California
Yuba,2020-12-17,4,8,4,8,0,0,0,0,4,8,0,0,4,8,California
Yuba,2020-12-18,8,16,8,16,0,0,0,0,8,16,0,0,8,16,California
Yuba,2020-12-19,12,28,12,28,0,0,0,0,12,28,0,0,12,28,California
Yuba,2020-12-20,20,48,20,48,0,0,0,0,20,48,0,0,20,48,California
Yuba,2020-12-21,40,88,40,88,0,0,0,0,40,88,0,0,40,88,California
Yuba,2020-12-22,86,174,86,174,0,0,0,0,86,174,0,0,86,174,California
Yuba,2020-12-23,64,238,62,236,2,2,0,0,64,238,0,0,64,238,California
Yuba,2020-12-24,20,258,10,246,10,12,0,0,20,258,0,0,20,258,California
Yuba,2020-12-26,15,273,13,259,2,14,0,0,15,273,0,0,15,273,California
Yuba,2020-12-27,15,288,15,274,0,14,0,0,15,288,0,0,15,288,California
Yuba,2020-12-28,51,339,35,309,16,30,0,0,51,339,0,0,51,339,California
Yuba,2020-12-29,75,414,10,319,65,95,0,0,75,414,0,0,75,414,California
Yuba,2020-12-30,64,478,20,339,44,139,0,0,64,478,0,0,64,478,California
Yuba,2020-12-31,38,516,7,346,31,170,0,0,38,516,0,0,38,516,California
Yuba,2021-01-02,23,539,22,368,1,171,0,0,23,539,0,0,23,539,California
Yuba,2021-01-03,10,549,6,374,4,175,0,0,10,549,0,0,10,549,California
Yuba,2021-01-04,91,640,22,396,69,244,0,0,91,640,0,0,91,640,California
Yuba,2021-01-05,70,710,38,434,32,276,0,0,69,708,1,1,69,709,California
Yuba,2021-01-06,154,864,76,510,78,354,0,0,148,850,6,7,148,857,California
Yuba,2021-01-07,75,939,19,529,56,410,0,0,72,918,4,11,72,929,California
Yuba,2021-01-08,72,1011,24,553,48,458,0,0,65,976,7,18,65,994,California
Yuba,2021-01-09,19,1030,16,569,3,461,0,0,11,979,8,26,11,1005,California
Yuba,2021-01-10,117,1147,22,591,95,556,0,0,95,1052,22,48,95,1100,California
Yuba,2021-01-11,72,1219,50,641,22,578,0,0,32,1044,40,88,32,1132,California
Yuba,2021-01-12,108,1327,78,719,30,608,0,0,43,1022,65,153,43,1175,California
Yuba,2021-01-13,120,1447,72,791,48,656,0,0,55,1013,64,217,55,1230,California
Yuba,2021-01-14,110,1557,43,834,67,723,0,0,98,1099,12,229,98,1328,California
Yuba,2021-01-15,204,1761,87,921,117,840,0,0,193,1281,11,240,193,1521,California
Yuba,2021-01-16,185,1946,21,942,164,1004,0,0,173,1441,13,253,173,1694,California
Yuba,2021-01-17,13,1959,9,951,4,1008,0,0,7,1442,6,259,7,1701,California
Yuba,2021-01-18,60,2019,32,983,28,1036,0,0,35,1452,25,284,35,1736,California
Yuba,2021-01-19,81,2100,30,1013,51,1087,0,0,66,1503,15,299,66,1802,California
Yuba,2021-01-20,133,2233,87,1100,46,1133,0,0,110,1590,23,322,110,1912,California
Yuba,2021-01-21,213,2446,97,1197,116,1249,0,0,205,1787,8,330,205,2117,California
Yuba,2021-01-22,104,2550,6,1203,98,1347,0,0,95,1873,9,339,95,2212,California
Yuba,2021-01-23,200,2750,7,1210,193,1540,0,0,197,2067,3,342,197,2409,California
Yuba,2021-01-24,10,2760,7,1217,3,1543,0,0,8,2073,2,344,8,2417,California
Yuba,2021-01-25,86,2846,30,1247,56,1599,0,0,53,2094,32,376,53,2470,California
Yuba,2021-01-26,148,2994,39,1286,109,1708,0,0,90,2126,58,434,90,2560,California
Yuba,2021-01-27,184,3178,129,1415,55,1763,0,0,115,2172,69,503,115,2675,California
Yuba,2021-01-28,227,3405,89,1504,138,1901,0,0,175,2295,52,555,175,2850,California
Yuba,2021-01-29,148,3553,45,1549,103,2004,0,0,111,2369,37,592,111,2961,California
Yuba,2021-01-30,410,3963,23,1572,387,2391,0,0,399,2757,11,603,399,3360,California
Yuba,2021-01-31,18,3981,12,1584,6,2397,0,0,16,2771,2,605,16,3376,California
Yuba,2021-02-01,155,4136,75,1659,80,2477,0,0,131,2880,23,628,132,3508,California
Yuba,2021-02-02,123,4259,23,1682,100,2577,0,0,101,2959,22,650,101,3609,California
Yuba,2021-02-03,226,4485,29,1711,197,2774,0,0,114,2962,111,761,114,3723,California
Yuba,2021-02-04,296,4781,121,1832,175,2949,0,0,253,3172,43,804,253,3976,California
Yuba,2021-02-05,147,4928,32,1864,115,3064,0,0,71,3167,76,880,71,4047,California
Yuba,2021-02-06,449,5377,26,1890,423,3487,0,0,441,3600,8,888,441,4488,California
Yuba,2021-02-07,20,5397,13,1903,7,3494,0,0,16,3612,4,892,16,4504,California
Yuba,2021-02-08,96,5493,35,1938,61,3555,0,0,66,3648,30,922,66,4570,California
Yuba,2021-02-09,154,5647,56,1994,98,3653,0,0,84,3662,70,992,84,4654,California
Yuba,2021-02-10,355,6002,172,2166,183,3836,0,0,116,3540,238,1230,116,4770,California
Yuba,2021-02-11,396,6398,64,2230,332,4168,0,0,298,3742,96,1326,298,5068,California
Yuba,2021-02-12,264,6662,26,2256,238,4406,0,0,150,3778,114,1440,150,5218,California
Yuba,2021-02-13,436,7098,36,2292,400,4806,0,0,387,4116,49,1489,387,5605,California
Yuba,2021-02-14,54,7152,11,2303,43,4849,0,0,49,4160,5,1494,49,5654,California
Yuba,2021-02-15,87,7239,36,2339,51,4900,0,0,68,4209,19,1513,68,5722,California
Yuba,2021-02-16,199,7438,53,2392,146,5046,0,0,140,4291,58,1571,140,5862,California
Yuba,2021-02-17,373,7811,156,2548,217,5263,0,0,99,4117,273,1844,99,5961,California
Yuba,2021-02-18,317,8128,47,2595,270,5533,0,0,193,4186,124,1968,193,6154,California
Yuba,2021-02-19,225,8353,82,2677,143,5676,0,0,142,4245,83,2051,142,6296,California
Yuba,2021-02-20,391,8744,31,2708,360,6036,0,0,337,4528,54,2105,337,6633,California
Yuba,2021-02-21,17,8761,14,2722,3,6039,0,0,7,4525,10,2115,7,6640,California
Yuba,2021-02-22,128,8889,79,2801,49,6088,0,0,38,4474,89,2204,38,6678,California
Yuba,2021-02-23,115,9004,25,2826,90,6178,0,0,48,4456,66,2270,48,6726,California
Yuba,2021-02-24,482,9486,136,2962,346,6524,0,0,107,4188,375,2645,107,6833,California
Yuba,2021-02-25,342,9828,137,3099,205,6729,0,0,212,4270,130,2775,212,7045,California
Yuba,2021-02-26,257,10085,67,3166,190,6919,0,0,144,4303,111,2886,144,7189,California
Yuba,2021-02-27,472,10557,47,3213,425,7344,0,0,383,4599,87,2973,383,7572,California
Yuba,2021-02-28,67,10624,22,3235,45,7389,0,0,45,4622,22,2995,45,7617,California
Yuba,2021-03-01,156,10780,40,3275,116,7505,0,0,80,4627,75,3070,80,7697,California
Yuba,2021-03-02,160,10940,36,3311,124,7629,0,0,80,4627,80,3150,80,7777,California
Yuba,2021-03-03,623,11563,159,3470,464,8093,0,0,200,4405,422,3572,200,7977,California
Yuba,2021-03-04,466,12029,270,3740,196,8289,0,0,325,4590,140,3712,325,8302,California
Yuba,2021-03-05,316,12345,59,3799,256,8545,1,1,249,4773,67,3779,250,8552,California
Yuba,2021-03-06,476,12821,35,3834,437,8982,4,5,370,5041,106,3885,374,8926,California
Yuba,2021-03-07,50,12871,28,3862,21,9003,1,6,34,5060,16,3901,35,8961,California
Yuba,2021-03-08,159,13030,48,3910,95,9098,16,22,100,5117,59,3960,116,9077,California
Yuba,2021-03-09,178,13208,47,3957,111,9209,20,42,84,5127,94,4054,104,9181,California
Yuba,2021-03-10,738,13946,235,4192,473,9682,30,72,233,4886,504,4558,263,9444,California
Yuba,2021-03-11,437,14383,196,4388,229,9911,12,84,294,5049,143,4701,306,9750,California
Yuba,2021-03-12,461,14844,86,4474,321,10232,54,138,150,4942,311,5012,204,9954,California
Yuba,2021-03-13,459,15303,340,4814,104,10336,15,153,360,5219,98,5110,375,10329,California
Yuba,2021-03-14,108,15411,21,4835,77,10413,10,163,46,5215,60,5170,56,10385,California
Yuba,2021-03-15,190,15601,49,4884,124,10537,17,180,96,5234,94,5264,113,10498,California
Yuba,2021-03-16,296,15897,71,4955,200,10737,25,205,182,5328,113,5377,207,10705,California
Yuba,2021-03-17,740,16637,162,5117,549,11286,29,234,193,5005,545,5922,222,10927,California
Yuba,2021-03-18,584,17221,159,5276,312,11598,113,347,356,5245,228,6150,468,11395,California
Yuba,2021-03-19,327,17548,120,5396,158,11756,49,396,188,5344,138,6288,237,11632,California
Yuba,2021-03-20,554,18102,81,5477,455,12211,18,414,474,5757,79,6367,492,12124,California
Yuba,2021-03-21,61,18163,36,5513,25,12236,0,414,49,5794,12,6379,49,12173,California
Yuba,2021-03-22,191,18354,70,5583,114,12350,7,421,149,5908,42,6421,156,12329,California
Yuba,2021-03-23,264,18618,79,5662,158,12508,27,448,176,6025,86,6507,203,12532,California
Yuba,2021-03-24,771,19389,255,5917,435,12943,81,529,189,5714,580,7087,269,12801,California
Yuba,2021-03-25,504,19893,269,6186,213,13156,22,551,250,5732,254,7341,272,13073,California
Yuba,2021-03-26,395,20288,143,6329,225,13381,27,578,227,5819,167,7508,254,13327,California
Yuba,2021-03-27,459,20747,28,6357,428,13809,3,581,404,6171,54,7562,406,13733,California
Yuba,2021-03-28,100,20847,41,6398,55,13864,4,585,37,6149,63,7625,41,13774,California
Yuba,2021-03-29,296,21143,87,6485,177,14041,32,617,180,6245,116,7741,212,13986,California
Yuba,2021-03-30,274,21417,68,6553,198,14239,8,625,189,6357,85,7826,197,14183,California
Yuba,2021-03-31,672,22089,116,6669,544,14783,12,637,241,6181,430,8256,254,14437,California
Yuba,2021-04-01,622,22711,288,6957,305,15088,29,666,288,6164,334,8590,317,14754,California
Yuba,2021-04-02,496,23207,95,7052,318,15406,83,749,187,6125,308,8898,269,15023,California
Yuba,2021-04-03,653,23860,54,7106,117,15523,482,1231,86,6127,566,9464,568,15591,California
Yuba,2021-04-04,59,23919,11,7117,42,15565,6,1237,34,6142,25,9489,40,15631,California
Yuba,2021-04-05,245,24164,78,7195,146,15711,21,1258,123,6166,120,9609,144,15775,California
Yuba,2021-04-06,356,24520,113,7308,182,15893,61,1319,172,6215,183,9792,232,16007,California
Yuba,2021-04-07,772,25292,397,7705,322,16215,53,1372,349,6196,420,10212,401,16408,California
Yuba,2021-04-08,747,26039,289,7994,194,16409,264,1636,278,6270,468,10680,542,16950,California
Yuba,2021-04-09,399,26438,173,8167,160,16569,66,1702,165,6268,233,10913,231,17181,California
Yuba,2021-04-10,595,27033,71,8238,75,16644,449,2151,70,6263,523,11436,518,17699,California
Yuba,2021-04-11,104,27137,26,8264,66,16710,12,2163,44,6260,59,11495,56,17755,California
Yuba,2021-04-12,210,27347,45,8309,136,16846,29,2192,80,6240,129,11624,109,17864,California
Yuba,2021-04-13,395,27742,102,8411,293,17139,0,2192,201,6248,193,11817,201,18065,California
Yuba,2021-04-14,695,28437,109,8520,586,17725,0,2192,121,5796,573,12390,121,18186,California
Yuba,2021-04-15,336,28773,129,8649,207,17932,0,2192,145,5750,191,12581,145,18331,California
Yuba,2021-04-16,335,29108,99,8748,236,18168,0,2192,179,5774,155,12736,179,18510,California
Yuba,2021-04-17,402,29510,59,8807,343,18511,0,2192,330,6033,71,12807,330,18840,California
Yuba,2021-04-18,53,29563,10,8817,43,18554,0,2192,24,6028,29,12836,24,18864,California
Yuba,2021-04-19,247,29810,103,8920,144,18698,0,2192,105,5991,142,12978,105,18969,California
Yuba,2021-04-20,316,30126,78,8998,238,18936,0,2192,179,6035,136,13114,180,19149,California
Yuba,2021-04-21,700,30826,281,9279,419,19355,0,2192,297,5929,403,13517,297,19446,California
Yuba,2021-04-22,352,31178,137,9416,215,19570,0,2192,196,5969,156,13673,196,19642,California
Yuba,2021-04-23,343,31521,113,9529,230,19800,0,2192,164,5955,178,13851,164,19806,California
Yuba,2021-04-24,215,31736,68,9597,147,19947,0,2192,122,5984,93,13944,122,19928,California
Yuba,2021-04-25,72,31808,29,9626,43,19990,0,2192,35,5982,37,13981,35,19963,California
Yuba,2021-04-26,223,32031,53,9679,166,20156,4,2196,101,5965,122,14103,105,20068,California
Yuba,2021-04-27,472,32503,162,9841,300,20456,10,2206,234,5973,236,14339,244,20312,California
Yuba,2021-04-28,429,32932,175,10016,249,20705,5,2211,144,5843,279,14618,149,20461,California
Yuba,2021-04-29,426,33358,63,10079,362,21067,1,2212,144,5707,281,14899,145,20606,California
Yuba,2021-04-30,330,33688,94,10173,206,21273,30,2242,141,5691,187,15086,171,20777,California
Yuba,2021-05-01,206,33894,91,10264,96,21369,19,2261,93,5691,112,15198,112,20889,California
Yuba,2021-05-02,64,33958,34,10298,26,21395,4,2265,37,5705,27,15225,41,20930,California
Yuba,2021-05-03,140,34098,66,10364,65,21460,9,2274,45,5665,94,15319,54,20984,California
Yuba,2021-05-04,318,34416,94,10458,203,21663,21,2295,140,5648,178,15497,161,21145,California
Yuba,2021-05-05,316,34732,77,10535,232,21895,7,2302,113,5565,203,15700,120,21265,California
Yuba,2021-05-06,275,35007,103,10638,134,22029,38,2340,90,5511,182,15882,128,21393,California
Yuba,2021-05-07,358,35365,94,10732,236,22265,28,2368,122,5424,236,16118,149,21542,California
Yuba,2021-05-08,104,35469,32,10764,69,22334,3,2371,46,5415,58,16176,49,21591,California
Yuba,2021-05-09,52,35521,23,10787,26,22360,3,2374,37,5440,15,16191,40,21631,California
Yuba,2021-05-10,172,35693,56,10843,98,22458,18,2392,54,5395,117,16308,72,21703,California
Yuba,2021-05-11,367,36060,162,11005,191,22649,14,2406,135,5313,230,16538,148,21851,California
Yuba,2021-05-12,248,36308,123,11128,118,22767,7,2413,96,5264,152,16690,103,21954,California
Yuba,2021-05-13,343,36651,186,11314,114,22881,43,2456,108,5182,233,16923,151,22105,California
Yuba,2021-05-14,365,37016,140,11454,205,23086,20,2476,160,5156,205,17128,179,22284,California
Yuba,2021-05-15,433,37449,109,11563,303,23389,21,2497,110,4965,321,17449,130,22414,California
Yuba,2021-05-16,137,37586,44,11607,84,23473,9,2506,85,5008,51,17500,94,22508,California
Yuba,2021-05-17,214,37800,89,11696,105,23578,20,2526,93,5002,119,17619,113,22621,California
Yuba,2021-05-18,391,38191,161,11857,221,23799,9,2535,168,4956,223,17842,177,22798,California
Yuba,2021-05-19,265,38456,148,12005,111,23910,6,2541,138,4973,127,17969,144,22942,California
Yuba,2021-05-20,396,38852,284,12289,101,24011,11,2552,254,5097,141,18110,265,23207,California
Yuba,2021-05-21,474,39326,254,12543,214,24225,6,2558,298,5227,174,18284,304,23511,California
Yuba,2021-05-22,197,39523,111,12654,77,24302,9,2567,83,5205,114,18398,92,23603,California
Yuba,2021-05-23,37,39560,25,12679,12,24314,0,2567,29,5226,8,18406,29,23632,California
Yuba,2021-05-24,150,39710,47,12726,90,24404,13,2580,48,5186,101,18507,61,23693,California
Yuba,2021-05-25,307,40017,105,12831,188,24592,14,2594,114,5122,192,18699,128,23821,California
Yuba,2021-05-26,139,40156,56,12887,77,24669,6,2600,57,5104,81,18780,63,23884,California
