county,administered_date,total_doses,cumulative_total_doses,pfizer_doses,cumulative_pfizer_doses,moderna_doses,cumulative_moderna_doses,jj_doses,cumulative_jj_doses,partially_vaccinated,total_partially_vaccinated,fully_vaccinated,cumulative_fully_vaccinated,at_least_one_dose,cumulative_at_least_one_dose,california_flag
All CA Counties,2020-12-15,1161,1161,1161,1161,0,0,0,0,1161,1161,0,0,1161,1161,
All CA Counties,2020-12-16,8491,9652,8491,9652,0,0,0,0,8491,9652,0,0,8491,9652,
All CA Counties,2020-12-17,26555,36207,26555,36207,0,0,0,0,26557,36209,0,0,26557,36209,
All CA Counties,2020-12-18,45252,81459,45192,81399,60,60,0,0,45252,81460,1,1,45252,81461,
All CA Counties,2020-12-19,25512,106971,25486,106885,26,86,0,0,25511,106970,1,2,25511,106972,
All CA Counties,2020-12-20,19132,126103,19100,125985,32,118,0,0,19130,126098,2,4,19130,126102,
All CA Counties,2020-12-21,49799,175902,49706,175691,93,211,0,0,49800,175896,3,7,49801,175903,
All CA Counties,2020-12-22,50202,226104,48057,223748,2145,2356,0,0,50194,226084,6,13,50194,226097,
All CA Counties,2020-12-23,50761,276865,41937,265685,8824,11180,0,0,50754,276835,6,19,50757,276854,
All CA Counties,2020-12-24,24120,300985,16359,282044,7761,18941,0,0,24115,300947,5,24,24117,300971,
All CA Counties,2020-12-25,2349,303334,2024,284068,325,19266,0,0,2349,303296,0,24,2349,303320,
All CA Counties,2020-12-26,14641,317975,9476,293544,5165,24431,0,0,14639,317933,2,26,14639,317959,
All CA Counties,2020-12-27,9473,327448,5612,299156,3861,28292,0,0,9470,327400,3,29,9470,327429,
All CA Counties,2020-12-28,46225,373673,29601,328757,16624,44916,0,0,46222,373619,3,32,46222,373651,
All CA Counties,2020-12-29,51398,425071,28620,357377,22778,67694,0,0,51391,425006,4,36,51391,425042,
All CA Counties,2020-12-30,63197,488268,35665,393042,27532,95226,0,0,63185,488185,9,45,63188,488230,
All CA Counties,2020-12-31,29638,517906,10949,403991,18689,113915,0,0,29616,517782,20,65,29617,517847,
All CA Counties,2021-01-01,4717,522623,2142,406133,2575,116490,0,0,4709,522484,7,72,4709,522556,
All CA Counties,2021-01-02,18553,541176,10263,416396,8290,124780,0,0,18548,541030,2,74,18548,541104,
All CA Counties,2021-01-03,6205,547381,3511,419907,2694,127474,0,0,6170,547187,13,87,6170,547274,
All CA Counties,2021-01-04,43682,591063,22034,441941,21648,149122,0,0,43602,590749,40,127,43602,590876,
All CA Counties,2021-01-05,56768,647831,29944,471885,26824,175946,0,0,51095,636332,5611,5738,51194,642070,
All CA Counties,2021-01-06,73692,721523,40661,512546,33031,208977,0,0,57945,678752,15566,21304,57986,700056,
All CA Counties,2021-01-07,92792,814315,52847,565393,39945,248922,0,0,61111,708416,31507,52811,61171,761227,
All CA Counties,2021-01-08,107518,921833,64711,630104,42807,291729,0,0,65425,731964,41950,94761,65498,826725,
All CA Counties,2021-01-09,44657,966490,25735,655839,18922,310651,0,0,27945,743253,16685,111446,27974,854699,
All CA Counties,2021-01-10,24478,990968,14965,670804,9513,320164,0,0,13164,745140,11296,122742,13183,867882,
All CA Counties,2021-01-11,105059,1096027,69917,740721,35142,355306,0,0,60943,762192,44069,166811,61121,929003,
All CA Counties,2021-01-12,114358,1210385,67813,808534,46545,401851,0,0,72807,793801,41444,208255,73053,1002056,
All CA Counties,2021-01-13,119933,1330318,62313,870847,57620,459471,0,0,85878,845804,33965,242220,85968,1088024,
All CA Counties,2021-01-14,124792,1455110,50059,920906,74733,534204,0,0,104981,931268,19705,261925,105169,1193193,
All CA Counties,2021-01-15,142649,1597759,52130,973036,90519,624723,0,0,127346,1043649,15203,277128,127584,1320777,
All CA Counties,2021-01-16,81101,1678860,27417,1000453,53684,678407,0,0,73457,1109547,7614,284742,73512,1394289,
All CA Counties,2021-01-17,48359,1727219,16908,1017361,31451,709858,0,0,44663,1150572,3683,288425,44708,1438997,
All CA Counties,2021-01-18,88444,1815663,46114,1063475,42330,752188,0,0,68998,1200380,19370,307795,69178,1508175,
All CA Counties,2021-01-19,142449,1958112,73456,1136931,68993,821181,0,0,111177,1280716,31172,338967,111508,1619683,
All CA Counties,2021-01-20,163780,2121892,84625,1221556,79155,900336,0,0,129461,1376381,34070,373037,129735,1749418,
All CA Counties,2021-01-21,176116,2298008,78823,1300379,97293,997629,0,0,156381,1513647,19501,392538,156767,1906185,
All CA Counties,2021-01-22,170909,2468917,69761,1370140,101148,1098777,0,0,156354,1655750,14412,406950,156515,2062700,
All CA Counties,2021-01-23,112053,2580970,49502,1419642,62551,1161328,0,0,99407,1742702,12579,419529,99531,2162231,
All CA Counties,2021-01-24,61230,2642200,29426,1449068,31804,1193132,0,0,56517,1794612,4674,424203,56584,2218815,
All CA Counties,2021-01-25,145857,2788057,65601,1514669,80256,1273388,0,0,110361,1870014,35346,459549,110748,2329563,
All CA Counties,2021-01-26,169767,2957824,83159,1597828,86608,1359996,0,0,131712,1964099,37900,497449,131985,2461548,
All CA Counties,2021-01-27,183410,3141234,87939,1685767,95471,1455467,0,0,143358,2067976,39704,537153,143581,2605129,
All CA Counties,2021-01-28,188922,3330156,86945,1772712,101977,1557444,0,0,154307,2188228,34295,571448,154547,2759676,
All CA Counties,2021-01-29,184728,3514884,88413,1861125,96315,1653759,0,0,149460,2303250,34623,606071,149645,2909321,
All CA Counties,2021-01-30,124597,3639481,55553,1916678,69044,1722803,0,0,108981,2396947,15435,621506,109132,3018453,
All CA Counties,2021-01-31,69182,3708663,38396,1955074,30786,1753589,0,0,64126,2456136,4995,626501,64184,3082637,
All CA Counties,2021-02-01,162543,3871206,75816,2030890,86727,1840316,0,0,121143,2536216,41195,667696,121275,3203912,
All CA Counties,2021-02-02,186521,4057727,78336,2109226,108185,1948501,0,0,141336,2632912,44866,712562,141562,3345474,
All CA Counties,2021-02-03,212388,4270115,95954,2205180,116434,2064935,0,0,157212,2735756,54623,767185,157467,3502941,
All CA Counties,2021-02-04,229580,4499695,100496,2305676,129084,2194019,0,0,168124,2843394,60853,828038,168491,3671432,
All CA Counties,2021-02-05,247675,4747370,106890,2412566,140785,2334804,0,0,167943,2933022,78866,906904,168494,3839926,
All CA Counties,2021-02-06,156130,4903500,75045,2487611,81085,2415889,0,0,121079,3019786,34814,941718,121578,3961504,
All CA Counties,2021-02-07,67091,4970591,43364,2530975,23727,2439616,0,0,50546,3054337,16446,958164,50997,4012501,
All CA Counties,2021-02-08,181809,5152400,89297,2620272,92512,2532128,0,0,119733,3113243,61583,1019747,120489,4132990,
All CA Counties,2021-02-09,212280,5364680,102098,2722370,110182,2642310,0,0,126850,3156637,84620,1104367,128014,4261004,
All CA Counties,2021-02-10,250393,5615073,120337,2842707,130056,2772366,0,0,137352,3183319,112156,1216523,138838,4399842,
All CA Counties,2021-02-11,267264,5882337,132061,2974768,135203,2907569,0,0,144442,3208004,121572,1338095,146257,4546099,
All CA Counties,2021-02-12,274903,6157240,120153,3094921,154750,3062319,0,0,147788,3232092,126095,1464190,150183,4696282,
All CA Counties,2021-02-13,168897,6326137,78163,3173084,90734,3153053,0,0,93067,3251707,75409,1539599,95024,4791306,
All CA Counties,2021-02-14,96158,6422295,47951,3221035,48207,3201260,0,0,51830,3260948,44135,1583734,53376,4844682,
All CA Counties,2021-02-15,143428,6565723,62849,3283884,80579,3281839,0,0,79106,3279301,63888,1647622,82241,4926923,
All CA Counties,2021-02-16,250858,6816581,118965,3402849,131893,3413732,0,0,133848,3299672,116573,1764195,136944,5063867,
All CA Counties,2021-02-17,261153,7077734,130077,3532926,131076,3544808,0,0,129569,3301513,130947,1895142,132788,5196655,
All CA Counties,2021-02-18,275530,7353264,143613,3676539,131917,3676725,0,0,132935,3296927,141764,2036906,137178,5333833,
All CA Counties,2021-02-19,256871,7610135,148831,3825370,108040,3784765,0,0,131970,3306732,124247,2161153,134052,5467885,
All CA Counties,2021-02-20,156663,7766798,100016,3925386,56647,3841412,0,0,85532,3323475,70776,2231929,87519,5555404,
All CA Counties,2021-02-21,86648,7853446,70001,3995387,16647,3858059,0,0,44461,3327608,41877,2273806,46010,5601414,
All CA Counties,2021-02-22,171019,8024465,114612,4109999,56407,3914466,0,0,84608,3328012,85925,2359731,86329,5687743,
All CA Counties,2021-02-23,233558,8258023,123384,4233383,110174,4024640,0,0,108002,3317281,124726,2484457,113995,5801738,
All CA Counties,2021-02-24,290504,8548527,147085,4380468,143419,4168059,0,0,137290,3309715,152412,2636869,144846,5946584,
All CA Counties,2021-02-25,326296,8874823,161086,4541554,165210,4333269,0,0,170613,3334029,154857,2791726,179171,6125755,
All CA Counties,2021-02-26,359527,9234350,167638,4709192,191889,4525158,0,0,199906,3382658,158566,2950292,207195,6332950,
All CA Counties,2021-02-27,255026,9489376,123929,4833121,131069,4656227,28,28,144822,3422454,109472,3059764,149268,6482218,
All CA Counties,2021-02-28,136651,9626027,81164,4914285,55474,4711701,13,41,79660,3448483,56492,3116256,82521,6564739,
All CA Counties,2021-03-01,246003,9872030,130842,5045127,115010,4826711,151,192,141530,3490624,103556,3219812,145697,6710436,
All CA Counties,2021-03-02,291430,10163460,147118,5192245,144278,4970989,34,226,175625,3557988,115183,3334995,182547,6892983,
All CA Counties,2021-03-03,336886,10500346,167845,5360090,168973,5139962,68,294,194682,3618655,141394,3476389,202061,7095044,
All CA Counties,2021-03-04,354926,10855272,179373,5539463,175453,5315415,100,394,208315,3688366,145734,3622123,215445,7310489,
All CA Counties,2021-03-05,342872,11198144,168115,5707578,173621,5489036,1136,1530,213068,3780932,128897,3751020,221463,7531952,
All CA Counties,2021-03-06,260585,11458729,133726,5841304,118987,5608023,7872,9402,161952,3857279,98148,3849168,174495,7706447,
All CA Counties,2021-03-07,129280,11588009,78816,5920120,46272,5654295,4192,13594,80464,3897009,48587,3897755,88317,7794764,
All CA Counties,2021-03-08,222391,11810400,108652,6028772,103227,5757522,10512,24106,145456,3981449,76468,3974223,160908,7955672,
All CA Counties,2021-03-09,294570,12104970,140607,6169379,138019,5895541,15944,40050,164741,4036869,129266,4103489,184686,8140358,
All CA Counties,2021-03-10,326116,12431086,162227,6331606,139289,6034830,24600,64650,176070,4092362,149261,4252750,204754,8345112,
All CA Counties,2021-03-11,380351,12811437,184095,6515701,162758,6197588,33498,98148,194489,4139705,184780,4437530,232123,8577235,
All CA Counties,2021-03-12,398593,13210030,178012,6693713,174160,6371748,46421,144569,194985,4182519,202630,4640160,245444,8822679,
All CA Counties,2021-03-13,286789,13496819,125496,6819209,130083,6501831,31210,175779,155129,4241870,131135,4771295,190486,9013165,
All CA Counties,2021-03-14,156789,13653608,83554,6902763,58109,6559940,15126,190905,78481,4259753,77951,4849246,95834,9108999,
All CA Counties,2021-03-15,292874,13946482,140016,7042779,132148,6692088,20710,211615,158418,4308694,133566,4982812,182507,9291506,
All CA Counties,2021-03-16,372796,14319278,175267,7218046,180065,6872153,17464,229079,215109,4387610,156819,5139631,235735,9527241,
All CA Counties,2021-03-17,387715,14706993,192292,7410338,176696,7048849,18727,247806,239408,4500886,147337,5286968,260613,9787854,
All CA Counties,2021-03-18,405303,15112296,207834,7618172,179075,7227924,18394,266200,239373,4596062,164690,5451658,259866,10047720,
All CA Counties,2021-03-19,414357,15526653,218220,7836392,174266,7402190,21871,288071,239491,4685699,173749,5625407,263386,10311106,
All CA Counties,2021-03-20,297435,15824088,156061,7992453,125403,7527593,15971,304042,187723,4781964,108911,5734318,205176,10516282,
All CA Counties,2021-03-21,145309,15969397,100340,8092793,37424,7565017,7545,311587,87222,4820467,57641,5791959,96144,10612426,
All CA Counties,2021-03-22,275794,16245191,160774,8253567,103774,7668791,11246,322833,178894,4917636,96006,5887965,193175,10805601,
All CA Counties,2021-03-23,360365,16605556,198908,8452475,150352,7819143,11105,333938,220501,5012982,138846,6026811,234192,11039793,
All CA Counties,2021-03-24,389859,16995415,223231,8675706,154062,7973205,12566,346504,225268,5089676,163201,6190012,239895,11279688,
All CA Counties,2021-03-25,420462,17415877,231833,8907539,173710,8146915,14919,361423,237230,5162188,181764,6371776,254276,11533964,
All CA Counties,2021-03-26,437364,17853241,233848,9141387,187297,8334212,16219,377642,235314,5215874,200661,6572437,254347,11788311,
All CA Counties,2021-03-27,314940,18168181,167119,9308506,136002,8470214,11819,389461,158458,5232844,155539,6727976,172509,11960820,
All CA Counties,2021-03-28,170295,18338476,109462,9417968,57227,8527441,3606,393067,88701,5246417,81087,6809063,94660,12055480,
All CA Counties,2021-03-29,312319,18650795,167806,9585774,135357,8662798,9156,402223,173151,5292938,138275,6947338,184796,12240276,
All CA Counties,2021-03-30,400734,19051529,202951,9788725,179444,8842242,18339,420562,224713,5362593,175126,7122464,244781,12485057,
All CA Counties,2021-03-31,428624,19480153,232774,10021499,173850,9016092,22000,442562,237733,5433603,189694,7312158,260704,12745761,
All CA Counties,2021-04-01,494973,19975126,253165,10274664,200893,9216985,40915,483477,271867,5525890,221482,7533640,313769,13059530,
All CA Counties,2021-04-02,476482,20451608,232146,10506810,200863,9417848,43473,526950,258168,5612111,216916,7750556,303137,13362667,
All CA Counties,2021-04-03,330932,20782540,168676,10675486,120639,9538487,41617,568567,164782,5654105,165410,7915966,207404,13570071,
All CA Counties,2021-04-04,132788,20915328,69294,10744780,44399,9582886,19095,587662,58126,5657107,74300,7990266,77302,13647373,
All CA Counties,2021-04-05,355212,21270540,183059,10927839,132122,9715008,40031,627693,174295,5693657,180115,8170381,216665,13864038,
All CA Counties,2021-04-06,459913,21730453,233145,11160984,160977,9875985,65791,693484,222521,5747399,236343,8406724,290085,14154123,
All CA Counties,2021-04-07,475405,22205858,246888,11407872,158230,10034215,70287,763771,230647,5805563,243662,8650386,301826,14455949,
All CA Counties,2021-04-08,502105,22707963,253316,11661188,163974,10198189,84815,848586,235782,5863246,264978,8915364,322661,14778610,
All CA Counties,2021-04-09,498094,23206057,248212,11909400,169461,10367650,80421,929007,228786,5907208,268104,9183468,312066,15090676,
All CA Counties,2021-04-10,370536,23576593,168850,12078250,127069,10494719,74617,1003624,155291,5925267,214401,9397869,232460,15323136,
All CA Counties,2021-04-11,188746,23765339,105787,12184037,48852,10543571,34107,1037731,77818,5929435,110530,9508399,114698,15437834,
All CA Counties,2021-04-12,342106,24107445,175807,12359844,127935,10671506,38364,1076095,157770,5945827,183242,9691641,199634,15637468,
All CA Counties,2021-04-13,435540,24542985,243861,12603705,190716,10862222,963,1077058,242959,6001333,191431,9883072,246937,15884405,
All CA Counties,2021-04-14,455781,24998766,255607,12859312,199880,11062102,294,1077352,237250,6026194,217204,10100276,242065,16126470,
All CA Counties,2021-04-15,496489,25495255,289279,13148591,206905,11269007,305,1077657,277388,6089273,217455,10317731,280534,16407004,
All CA Counties,2021-04-16,481210,25976465,270626,13419217,210270,11479277,314,1077971,256232,6124772,223487,10541218,258986,16665990,
All CA Counties,2021-04-17,346887,26323352,194046,13613263,152774,11632051,67,1078038,197335,6176780,148559,10689777,200567,16866557,
All CA Counties,2021-04-18,161773,26485125,104103,13717366,57652,11689703,18,1078056,82864,6184284,78420,10768197,85924,16952481,
All CA Counties,2021-04-19,323676,26808801,186114,13903480,137461,11827164,101,1078157,152960,6169550,169661,10937858,154927,17107408,
All CA Counties,2021-04-20,419634,27228435,226795,14130275,192758,12019922,81,1078238,208129,6170571,210274,11148132,211295,17318703,
All CA Counties,2021-04-21,440635,27669070,254784,14385059,185579,12205501,272,1078510,211680,6158736,227225,11375357,215390,17534093,
All CA Counties,2021-04-22,456499,28125569,262594,14647653,193821,12399322,84,1078594,203557,6114262,251357,11626714,206883,17740976,
All CA Counties,2021-04-23,448814,28574383,257893,14905546,190827,12590149,94,1078688,203490,6077459,243763,11870477,206960,17947936,
All CA Counties,2021-04-24,326531,28900914,205263,15110809,121084,12711233,184,1078872,165841,6087115,159651,12030128,169307,18117243,
All CA Counties,2021-04-25,150779,29051693,98792,15209601,51911,12763144,76,1078948,80513,6099427,69750,12099878,82062,18199305,
All CA Counties,2021-04-26,305693,29357386,177867,15387468,126270,12889414,1556,1080504,133557,6068017,171037,12270915,139627,18338932,
All CA Counties,2021-04-27,373587,29730973,207332,15594800,159608,13049022,6647,1087151,151051,6007612,221287,12492202,160882,18499814,
All CA Counties,2021-04-28,359652,30090625,207771,15802571,143934,13192956,7947,1095098,148503,5956525,209902,12702104,158815,18658629,
All CA Counties,2021-04-29,369021,30459646,214222,16016793,146848,13339804,7951,1103049,136168,5871002,231522,12933626,145999,18804628,
All CA Counties,2021-04-30,381795,30841441,220142,16236935,152684,13492488,8969,1112018,145854,5793314,234504,13168130,156816,18961444,
All CA Counties,2021-05-01,248948,31090389,158878,16395813,83938,13576426,6132,1118150,90366,5734426,157613,13325743,98725,19060169,
All CA Counties,2021-05-02,117122,31207511,81853,16477666,31380,13607806,3889,1122039,40958,5703921,75721,13401464,45216,19105385,
All CA Counties,2021-05-03,254406,31461917,156119,16633785,89496,13697302,8791,1130830,77689,5615519,175771,13577235,87369,19192754,
All CA Counties,2021-05-04,333897,31795814,205195,16838980,118875,13816177,9827,1140657,98827,5491448,233911,13811146,109840,19302594,
All CA Counties,2021-05-05,338473,32134287,212052,17051032,116327,13932504,10094,1150751,95803,5357083,241331,14052477,106966,19409560,
All CA Counties,2021-05-06,355412,32489699,233274,17284306,111584,14044088,10554,1161305,90406,5197301,263245,14315722,103463,19513023,
All CA Counties,2021-05-07,352812,32842511,221652,17505958,121259,14165347,9901,1171206,96085,5049294,255252,14570974,107245,19620268,
All CA Counties,2021-05-08,233456,33075967,148873,17654831,77614,14242961,6969,1178175,64385,4954074,168044,14739018,72824,19693092,
All CA Counties,2021-05-09,95440,33171407,72340,17727171,20118,14263079,2982,1181157,25126,4912661,69968,14808986,28555,19721647,
All CA Counties,2021-05-10,206785,33378192,118474,17845645,80426,14343505,7885,1189042,51183,4818314,154723,14963709,60376,19782023,
All CA Counties,2021-05-11,274354,33652546,156622,18002267,109065,14452570,8667,1197709,72547,4700540,200789,15164498,83015,19865038,
All CA Counties,2021-05-12,272185,33924731,158624,18160891,104436,14557006,9125,1206834,73041,4585841,198023,15362521,83324,19948362,
All CA Counties,2021-05-13,317589,34242320,204935,18365826,105234,14662240,7420,1214254,119502,4518542,196886,15559407,129587,20077949,
All CA Counties,2021-05-14,341132,34583452,218722,18584548,113488,14775728,8922,1223176,132997,4455737,206809,15766216,144004,20221953,
All CA Counties,2021-05-15,280243,34863695,195816,18780364,78415,14854143,6012,1229188,115521,4414479,163781,15929997,122523,20344476,
All CA Counties,2021-05-16,141358,35005053,108366,18888730,30040,14884183,2952,1232140,57715,4392406,83153,16013150,61080,20405556,
All CA Counties,2021-05-17,240260,35245313,158243,19046973,74599,14958782,7418,1239558,95178,4351719,144152,16157302,103465,20509021,
All CA Counties,2021-05-18,281843,35527156,171924,19218897,102514,15061296,7405,1246963,109942,4299725,170748,16328050,118754,20627775,
All CA Counties,2021-05-19,275810,35802966,172107,19391004,96136,15157432,7567,1254530,112774,4259254,161944,16489994,121473,20749248,
All CA Counties,2021-05-20,263749,36066715,157569,19548573,98037,15255469,8143,1262673,100337,4207052,162217,16652211,110015,20859263,
All CA Counties,2021-05-21,282330,36349045,173669,19722242,100703,15356172,7958,1270631,106320,4147876,174693,16826904,115517,20974780,
All CA Counties,2021-05-22,204431,36553476,135338,19857580,62867,15419039,6226,1276857,87194,4126020,116417,16943321,94561,21069341,
All CA Counties,2021-05-23,89710,36643186,62897,19920477,24116,15443155,2697,1279554,38662,4117148,50615,16993936,41743,21111084,
All CA Counties,2021-05-24,171185,36814371,100557,20021034,62304,15505459,8324,1287878,64892,4085763,105451,17099387,74066,21185150,
All CA Counties,2021-05-25,189572,37003943,111224,20132258,70305,15575764,8043,1295921,71686,4049787,116837,17216224,80861,21266011,
All CA Counties,2021-05-26,184463,37188406,106176,20238434,70428,15646192,7859,1303780,71572,4018161,111771,17327995,80145,21346156,
All CA Counties,2021-05-27,172182,37360588,98434,20336868,65252,15711444,8496,1312276,69162,3994734,102152,17430147,78725,21424881,
All CA Counties,2021-05-28,188627,37549215,108793,20445661,72717,15784161,7117,1319393,81228,3977809,106389,17536536,89464,21514345,
All CA Counties,2021-05-29,106876,37656091,65588,20511249,37460,15821621,3828,1323221,49858,3975534,56463,17592999,54188,21568533,
All CA Counties,2021-05-30,47039,37703130,31053,20542302,13528,15835149,2458,1325679,20584,3972586,26205,17619204,23257,21591790,
All CA Counties,2021-05-31,19794,37722924,11661,20553963,7159,15842308,974,1326653,6433,3966913,13194,17632398,7521,21599311,
All CA Counties,2021-06-01,168182,37891106,98120,20652083,62976,15905284,7086,1333739,59430,3926574,107741,17740139,67402,21666713,
All CA Counties,2021-06-02,142596,38033702,84337,20736420,51150,15956434,7109,1340848,53796,3900258,87881,17828020,61565,21728278,
All CA Counties,2021-06-03,170746,38204448,116784,20853204,46908,16003342,7054,1347902,51829,3842086,118054,17946074,59882,21788160,
All CA Counties,2021-06-04,199258,38403706,140348,20993552,52716,16056058,6194,1354096,59480,3770897,138698,18084772,67509,21855669,
All CA Counties,2021-06-05,157261,38560967,118713,21112265,32915,16088973,5633,1359729,43589,3708183,112885,18197657,50171,21905840,
All CA Counties,2021-06-06,63889,38624856,53835,21166100,7841,16096814,2213,1361942,16989,3681591,46603,18244260,20011,21925851,
All CA Counties,2021-06-07,136449,38761305,100197,21266297,30382,16127196,5870,1367812,40096,3632536,95734,18339994,46679,21972530,
All CA Counties,2021-06-08,158044,38919349,114741,21381038,36516,16163712,6787,1374599,46828,3576878,110301,18450295,54643,22027173,
All CA Counties,2021-06-09,152236,39071585,110779,21491817,34702,16198414,6755,1381354,42184,3517500,109224,18559519,49846,22077019,
All CA Counties,2021-06-10,146515,39218100,105521,21597338,33659,16232073,7335,1388689,42883,3465867,102898,18662417,51265,22128284,
All CA Counties,2021-06-11,158854,39376954,111595,21708933,40537,16272610,6722,1395411,49329,3414200,108620,18771037,56953,22185237,
All CA Counties,2021-06-12,114742,39491696,86967,21795900,24062,16296672,3713,1399124,32714,3369815,81474,18852511,37089,22222326,
All CA Counties,2021-06-13,44706,39536402,33331,21829231,9325,16305997,2050,1401174,11081,3349965,33378,18885889,13528,22235854,
All CA Counties,2021-06-14,115221,39651623,81925,21911156,26544,16332541,6752,1407926,37833,3318387,76774,18962663,45196,22281050,
All CA Counties,2021-06-15,131621,39783244,88883,22000039,33961,16366502,8777,1416703,43926,3285150,86835,19049498,53598,22334648,
All CA Counties,2021-06-16,120779,39904023,85088,22085127,27991,16394493,7700,1424403,41443,3256453,78586,19128084,49889,22384537,
All CA Counties,2021-06-17,114038,40018061,79106,22164233,27096,16421589,7836,1432239,40203,3232030,73092,19201176,48669,22433206,
All CA Counties,2021-06-18,128489,40146550,89062,22253295,31956,16453545,7471,1439710,45965,3204588,81635,19282811,54193,22487399,
All CA Counties,2021-06-19,76415,40222965,55537,22308832,16873,16470418,4005,1443715,28614,3190510,47205,19330016,33127,22520526,
All CA Counties,2021-06-20,30629,40253594,23069,22331901,6208,16476626,1352,1445067,11507,3184679,18907,19348923,13076,22533602,
All CA Counties,2021-06-21,71159,40324753,44620,22376521,20536,16497162,6003,1451070,36447,3193322,34326,19383249,42969,22576571,
All CA Counties,2021-06-22,100285,40425038,70053,22446574,24365,16521527,5867,1456937,39011,3178191,60672,19443921,45541,22622112,
All CA Counties,2021-06-23,93797,40518835,66263,22512837,21814,16543341,5720,1462657,38181,3167640,55045,19498966,44494,22666606,
All CA Counties,2021-06-24,90818,40609653,63462,22576299,21821,16565162,5535,1468192,36732,3157025,53445,19552411,42830,22709436,
All CA Counties,2021-06-25,104930,40714583,74319,22650618,25310,16590472,5301,1473493,42742,3144105,61554,19613965,48634,22758070,
All CA Counties,2021-06-26,67412,40781995,50851,22701469,13465,16603937,3096,1476589,27746,3136200,39301,19653266,31396,22789466,
All CA Counties,2021-06-27,31384,40813379,24127,22725596,5721,16609658,1536,1478125,13355,3133464,17853,19671119,15117,22804583,
All CA Counties,2021-06-28,71452,40884831,55355,22780951,11718,16621376,4379,1482504,31198,3129697,39804,19710923,36037,22840620,
All CA Counties,2021-06-29,83223,40968054,59071,22840022,19957,16641333,4195,1486699,34972,3121678,47742,19758665,39723,22880343,
All CA Counties,2021-06-30,78291,41046345,56257,22896279,18205,16659538,3829,1490528,34943,3118159,42838,19801503,39319,22919662,
All CA Counties,2021-07-01,73191,41119536,52902,22949181,16435,16675973,3854,1494382,32109,3113990,40644,19842147,36475,22956137,
All CA Counties,2021-07-02,83103,41202639,59547,23008728,19746,16695719,3810,1498192,36664,3109046,45910,19888057,40966,22997103,
All CA Counties,2021-07-03,45831,41248470,33497,23042225,10672,16706391,1662,1499854,20742,3107007,24752,19912809,22713,23019816,
All CA Counties,2021-07-04,3361,41251831,1943,23044168,1144,16707535,274,1500128,1479,3106960,1857,19914666,1810,23021626,
All CA Counties,2021-07-05,40235,41292066,29896,23074064,8786,16716321,1553,1501681,18663,3106132,21327,19935993,20499,23042125,
All CA Counties,2021-07-06,58668,41350734,43599,23117663,12053,16728374,3016,1504697,21169,3093608,37117,19973110,24593,23066718,
All CA and Non-CA Counties,2020-12-15,1170,1170,1170,1170,0,0,0,0,1170,1170,0,0,1170,1170,
All CA and Non-CA Counties,2020-12-16,8765,9935,8765,9935,0,0,0,0,8765,9935,0,0,8765,9935,
All CA and Non-CA Counties,2020-12-17,28146,38081,28146,38081,0,0,0,0,28146,38081,0,0,28146,38081,
All CA and Non-CA Counties,2020-12-18,47778,85859,47711,85792,67,67,0,0,47777,85857,1,1,47777,85858,
All CA and Non-CA Counties,2020-12-19,26547,112406,26520,112312,27,94,0,0,26546,112402,1,2,26546,112404,
All CA and Non-CA Counties,2020-12-20,19808,132214,19773,132085,35,129,0,0,19806,132206,2,4,19806,132210,
All CA and Non-CA Counties,2020-12-21,51973,184187,51877,183962,96,225,0,0,51970,184174,3,7,51971,184181,
All CA and Non-CA Counties,2020-12-22,52258,236445,50039,234001,2219,2444,0,0,52250,236418,6,13,52250,236431,
All CA and Non-CA Counties,2020-12-23,52287,288732,43320,277321,8967,11411,0,0,52279,288693,7,20,52282,288713,
All CA and Non-CA Counties,2020-12-24,24920,313652,16969,294290,7951,19362,0,0,24915,313605,5,25,24917,313630,
All CA and Non-CA Counties,2020-12-25,2384,316036,2054,296344,330,19692,0,0,2384,315989,0,25,2384,316014,
All CA and Non-CA Counties,2020-12-26,14947,330983,9683,306027,5264,24956,0,0,14945,330932,2,27,14945,330959,
All CA and Non-CA Counties,2020-12-27,9662,340645,5684,311711,3978,28934,0,0,9659,340588,3,30,9659,340618,
All CA and Non-CA Counties,2020-12-28,47633,388278,30498,342209,17135,46069,0,0,47629,388214,3,33,47629,388247,
All CA and Non-CA Counties,2020-12-29,52941,441219,29641,371850,23300,69369,0,0,52935,441145,4,37,52935,441182,
All CA and Non-CA Counties,2020-12-30,65125,506344,36938,408788,28187,97556,0,0,65113,506252,9,46,65116,506298,
All CA and Non-CA Counties,2020-12-31,30738,537082,11545,420333,19193,116749,0,0,30714,536946,21,67,30715,537013,
All CA and Non-CA Counties,2021-01-01,4836,541918,2170,422503,2666,119415,0,0,4828,541767,7,74,4828,541841,
All CA and Non-CA Counties,2021-01-02,18798,560716,10397,432900,8401,127816,0,0,18792,560556,3,77,18792,560633,
All CA and Non-CA Counties,2021-01-03,6377,567093,3603,436503,2774,130590,0,0,6342,566885,13,90,6342,566975,
All CA and Non-CA Counties,2021-01-04,44831,611924,22547,459050,22284,152874,0,0,44745,611589,41,131,44745,611720,
All CA and Non-CA Counties,2021-01-05,58317,670241,30767,489817,27550,180424,0,0,52451,658338,5802,5933,52551,664271,
All CA and Non-CA Counties,2021-01-06,76359,746600,42240,532057,34119,214543,0,0,59883,701970,16292,22225,59924,724195,
All CA and Non-CA Counties,2021-01-07,96965,843565,55436,587493,41529,256072,0,0,63638,732520,33150,55375,63700,787895,
All CA and Non-CA Counties,2021-01-08,111993,955558,67613,655106,44380,300452,0,0,68041,756836,43801,99176,68117,856012,
All CA and Non-CA Counties,2021-01-09,45967,1001525,26274,681380,19693,320145,0,0,28927,768781,17013,116189,28958,884970,
All CA and Non-CA Counties,2021-01-10,24793,1026318,15152,696532,9641,329786,0,0,13358,770741,11417,127606,13377,898347,
All CA and Non-CA Counties,2021-01-11,108328,1134646,71928,768460,36400,366186,0,0,62888,788415,45392,172998,63066,961413,
All CA and Non-CA Counties,2021-01-12,118191,1252837,70112,838572,48079,414265,0,0,75102,820790,42977,215975,75352,1036765,
All CA and Non-CA Counties,2021-01-13,123569,1376406,64095,902667,59474,473739,0,0,88338,874081,35141,251116,88432,1125197,
All CA and Non-CA Counties,2021-01-14,128437,1504843,51324,953991,77113,550852,0,0,107980,961915,20337,271453,108171,1233368,
All CA and Non-CA Counties,2021-01-15,146815,1651658,53132,1007123,93683,644535,0,0,131035,1077520,15668,287121,131273,1364641,
All CA and Non-CA Counties,2021-01-16,83731,1735389,27813,1034936,55918,700453,0,0,75912,1145700,7787,294908,75967,1440608,
All CA and Non-CA Counties,2021-01-17,48869,1784258,17064,1052000,31805,732258,0,0,45124,1187137,3732,298640,45169,1485777,
All CA and Non-CA Counties,2021-01-18,89687,1873945,46938,1098938,42749,775007,0,0,69783,1237274,19827,318467,69964,1555741,
All CA and Non-CA Counties,2021-01-19,146560,2020505,74817,1173755,71743,846750,0,0,114383,1319916,32075,350542,114717,1670458,
All CA and Non-CA Counties,2021-01-20,168287,2188792,86131,1259886,82156,928906,0,0,132974,1418105,35060,385602,133249,1803707,
All CA and Non-CA Counties,2021-01-21,180392,2369184,80045,1339931,100347,1029253,0,0,160081,1558509,20063,405665,160467,1964174,
All CA and Non-CA Counties,2021-01-22,175541,2544725,70891,1410822,104650,1133903,0,0,160563,1704410,14825,420490,160726,2124900,
All CA and Non-CA Counties,2021-01-23,114346,2659071,49855,1460677,64491,1198394,0,0,101527,1793312,12749,433239,101651,2226551,
All CA and Non-CA Counties,2021-01-24,61834,2720905,29681,1490358,32153,1230547,0,0,57042,1845667,4754,437993,57109,2283660,
All CA and Non-CA Counties,2021-01-25,150438,2871343,67590,1557948,82848,1313395,0,0,114065,1923907,36214,474207,114454,2398114,
All CA and Non-CA Counties,2021-01-26,175918,3047261,86177,1644125,89741,1403136,0,0,136992,2022406,38773,512980,137272,2535386,
All CA and Non-CA Counties,2021-01-27,188581,3235842,90693,1734818,97888,1501024,0,0,147879,2130162,40348,553328,148104,2683490,
All CA and Non-CA Counties,2021-01-28,194327,3430169,89923,1824741,104404,1605428,0,0,159108,2254618,34892,588220,159348,2842838,
All CA and Non-CA Counties,2021-01-29,189774,3619943,91608,1916349,98166,1703594,0,0,153694,2373067,35432,623652,153881,2996719,
All CA and Non-CA Counties,2021-01-30,129045,3748988,57983,1974332,71062,1774656,0,0,113196,2470746,15669,639321,113348,3110067,
All CA and Non-CA Counties,2021-01-31,72471,3821459,41256,2015588,31215,1805871,0,0,67351,2533099,5058,644379,67411,3177478,
All CA and Non-CA Counties,2021-02-01,168214,3989673,78481,2094069,89733,1895604,0,0,126071,2617371,41931,686310,126203,3303681,
All CA and Non-CA Counties,2021-02-02,193493,4183166,80636,2174705,112857,2008461,0,0,147559,2719555,45601,731911,147785,3451466,
All CA and Non-CA Counties,2021-02-03,219960,4403126,98125,2272830,121835,2130296,0,0,163877,2828168,55520,787431,164133,3615599,
All CA and Non-CA Counties,2021-02-04,236567,4639693,102728,2375558,133839,2264135,0,0,174063,2940713,61886,849317,174431,3790030,
All CA and Non-CA Counties,2021-02-05,254637,4894330,109240,2484798,145397,2409532,0,0,173785,3035073,79976,929293,174336,3964366,
All CA and Non-CA Counties,2021-02-06,160594,5054924,77236,2562034,83358,2492890,0,0,125063,3125355,35283,964576,125565,4089931,
All CA and Non-CA Counties,2021-02-07,69329,5124253,45207,2607241,24122,2517012,0,0,52695,3161970,16533,981109,53148,4143079,
All CA and Non-CA Counties,2021-02-08,187171,5311424,92686,2699927,94485,2611497,0,0,123988,3224035,62679,1043788,124744,4267823,
All CA and Non-CA Counties,2021-02-09,216588,5528012,104036,2803963,112552,2724049,0,0,129822,3269093,85942,1129730,131000,4398823,
All CA and Non-CA Counties,2021-02-10,256076,5784088,122322,2926285,133754,2857803,0,0,140551,3296546,114625,1244355,142078,4540901,
All CA and Non-CA Counties,2021-02-11,272259,6056347,134433,3060718,137826,2995629,0,0,148040,3323466,122953,1367308,149873,4690774,
All CA and Non-CA Counties,2021-02-12,280279,6336626,122164,3182882,158115,3153744,0,0,151259,3349142,127982,1495290,153658,4844432,
All CA and Non-CA Counties,2021-02-13,171355,6507981,78911,3261793,92444,3246188,0,0,94933,3370047,75997,1571287,96902,4941334,
All CA and Non-CA Counties,2021-02-14,97534,6605515,48382,3310175,49152,3295340,0,0,52945,3380153,44387,1615674,54493,4995827,
All CA and Non-CA Counties,2021-02-15,146127,6751642,64506,3374681,81621,3376961,0,0,80405,3398427,65269,1680943,83543,5079370,
All CA and Non-CA Counties,2021-02-16,257450,7009092,121984,3496665,135466,3512427,0,0,136468,3417469,120527,1801470,139569,5218939,
All CA and Non-CA Counties,2021-02-17,267256,7276348,133190,3629855,134066,3646493,0,0,131432,3416951,135174,1936644,134656,5353595,
All CA and Non-CA Counties,2021-02-18,282305,7558653,147557,3777412,134748,3781241,0,0,135046,3409849,146392,2083036,139290,5492885,
All CA and Non-CA Counties,2021-02-19,262975,7821628,153108,3930520,109867,3891108,0,0,134497,3418619,127811,2210847,136581,5629466,
All CA and Non-CA Counties,2021-02-20,160202,7981830,102886,4033406,57316,3948424,0,0,86814,3434395,73026,2283873,88802,5718268,
All CA and Non-CA Counties,2021-02-21,89777,8071607,72895,4106301,16882,3965306,0,0,45386,3437264,44066,2327939,46935,5765203,
All CA and Non-CA Counties,2021-02-22,174785,8246392,117379,4223680,57406,4022712,0,0,86306,3437311,87985,2415924,88032,5853235,
All CA and Non-CA Counties,2021-02-23,240491,8486883,127110,4350790,113381,4136093,0,0,110480,3424730,129070,2544994,116489,5969724,
All CA and Non-CA Counties,2021-02-24,297456,8784339,150842,4501632,146614,4282707,0,0,139811,3415312,156790,2701784,147372,6117096,
All CA and Non-CA Counties,2021-02-25,333398,9117737,164712,4666344,168686,4451393,0,0,173747,3438833,158788,2860572,182309,6299405,
All CA and Non-CA Counties,2021-02-26,366638,9484375,171445,4837789,195193,4646586,0,0,203026,3486690,162459,3023031,210316,6509721,
All CA and Non-CA Counties,2021-02-27,260585,9744960,126715,4964504,133841,4780427,29,29,146711,3524736,113115,3136146,151161,6660882,
All CA and Non-CA Counties,2021-02-28,139115,9884075,82944,5047448,56157,4836584,14,43,80474,3549939,58135,3194281,83338,6744220,
All CA and Non-CA Counties,2021-03-01,251036,10135111,134031,5181479,116853,4953437,152,195,142923,3589854,107181,3301462,147096,6891316,
All CA and Non-CA Counties,2021-03-02,298200,10433311,149631,5331110,148535,5101972,34,229,177714,3654649,119843,3421305,184638,7075954,
All CA and Non-CA Counties,2021-03-03,344862,10778173,170991,5502101,173801,5275773,70,299,197393,3712793,146633,3567938,204777,7280731,
All CA and Non-CA Counties,2021-03-04,361830,11140003,182334,5684435,179389,5455162,107,406,210655,3780318,150269,3718207,217794,7498525,
All CA and Non-CA Counties,2021-03-05,348197,11488200,170804,5855239,176242,5631404,1151,1557,215830,3873120,131446,3849653,224248,7722773,
All CA and Non-CA Counties,2021-03-06,265213,11753413,135884,5991123,121302,5752706,8027,9584,164303,3949709,100421,3950074,177010,7899783,
All CA and Non-CA Counties,2021-03-07,130888,11884301,79847,6070970,46793,5799499,4248,13832,81437,3989840,49217,3999291,89348,7989131,
All CA and Non-CA Counties,2021-03-08,225568,12109869,110538,6181508,104266,5903765,10764,24596,147683,4075847,77388,4076679,163395,8152526,
All CA and Non-CA Counties,2021-03-09,299337,12409206,143063,6324571,140011,6043776,16263,40859,167540,4132428,131223,4207902,187804,8340330,
All CA and Non-CA Counties,2021-03-10,330619,12739825,164383,6488954,141115,6184891,25121,65980,178807,4189430,151013,4358915,208015,8548345,
All CA and Non-CA Counties,2021-03-11,386625,13126450,187302,6676256,165130,6350021,34193,100173,197805,4237843,187721,4546636,236134,8784479,
All CA and Non-CA Counties,2021-03-12,405178,13531628,181974,6858230,176048,6526069,47156,147329,198551,4281961,205624,4752260,249742,9034221,
All CA and Non-CA Counties,2021-03-13,290628,13822256,127697,6985927,131248,6657317,31683,179012,157727,4343154,132364,4884624,193557,9227778,
All CA and Non-CA Counties,2021-03-14,158605,13980861,84488,7070415,58650,6715967,15467,194479,79466,4361538,78775,4963399,97159,9324937,
All CA and Non-CA Counties,2021-03-15,296965,14277826,142158,7212573,133623,6849590,21184,215663,160592,4411223,135472,5098871,185157,9510094,
All CA and Non-CA Counties,2021-03-16,380415,14658241,179686,7392259,182871,7032461,17858,233521,219291,4491294,160233,5259104,240304,9750398,
All CA and Non-CA Counties,2021-03-17,396235,15054476,197802,7590061,179326,7211787,19107,252628,244495,4606621,150754,5409858,266081,10016479,
All CA and Non-CA Counties,2021-03-18,413682,15468158,213013,7803074,181728,7393515,18941,271569,244179,4703591,168248,5578106,265218,10281697,
All CA and Non-CA Counties,2021-03-19,421740,15889898,222605,8025679,176717,7570232,22418,293987,243882,4795192,176727,5754833,268328,10550025,
All CA and Non-CA Counties,2021-03-20,302235,16192133,159225,8184904,126947,7697179,16063,310050,191370,4894061,110047,5864880,208916,10758941,
All CA and Non-CA Counties,2021-03-21,147425,16339558,101790,8286694,38001,7735180,7634,317684,88906,4933909,58068,5922948,97916,10856857,
All CA and Non-CA Counties,2021-03-22,279118,16618676,162783,8449477,105000,7840180,11335,329019,181161,5032391,97048,6019996,195530,11052387,
All CA and Non-CA Counties,2021-03-23,366514,16985190,202042,8651519,153056,7993236,11416,340435,224630,5130190,140833,6160829,238632,11291019,
All CA and Non-CA Counties,2021-03-24,397238,17382428,227011,8878530,157212,8150448,13015,353450,230333,5210097,165501,6326330,245408,11536427,
All CA and Non-CA Counties,2021-03-25,428766,17811194,235689,9114219,177632,8328080,15445,368895,243239,5286872,184037,6510367,260812,11797239,
All CA and Non-CA Counties,2021-03-26,444097,18255291,237404,9351623,190289,8518369,16404,385299,239743,5342900,202931,6713298,258959,12056198,
All CA and Non-CA Counties,2021-03-27,320524,18575815,170245,9521868,138239,8656608,12040,397339,161957,5361513,157613,6870911,176226,12232424,
All CA and Non-CA Counties,2021-03-28,173395,18749210,111121,9632989,58507,8715115,3767,401106,90699,5376153,82179,6953090,96819,12329243,
All CA and Non-CA Counties,2021-03-29,317562,19066772,170136,9803125,137922,8853037,9504,410610,176149,5423788,140507,7093597,188142,12517385,
All CA and Non-CA Counties,2021-03-30,407686,19474458,206618,10009743,182159,9035196,18909,429519,228821,5495301,177953,7271550,249466,12766851,
All CA and Non-CA Counties,2021-03-31,435044,19909502,236609,10246352,175647,9210843,22788,452307,241148,5567513,192689,7464239,264901,13031752,
All CA and Non-CA Counties,2021-04-01,502625,20412127,257752,10504104,203295,9414138,41578,493885,276302,5661686,224682,7688921,318855,13350607,
All CA and Non-CA Counties,2021-04-02,484989,20897116,236673,10740777,203694,9617832,44622,538507,262564,5749348,221014,7909935,308676,13659283,
All CA and Non-CA Counties,2021-04-03,337256,21234372,172466,10913243,122014,9739846,42776,581283,168148,5792917,168359,8078294,211928,13871211,
All CA and Non-CA Counties,2021-04-04,134588,21368960,70178,10983421,45075,9784921,19335,600618,59109,5796324,75114,8153408,78521,13949732,
All CA and Non-CA Counties,2021-04-05,359420,21728380,185104,11168525,133612,9918533,40704,641322,176304,5833365,182302,8335710,219343,14169075,
All CA and Non-CA Counties,2021-04-06,467143,22195523,237032,11405557,162669,10081202,67442,708764,225421,5887343,240652,8576362,294630,14463705,
All CA and Non-CA Counties,2021-04-07,483732,22679255,251579,11657136,160158,10241360,71995,780759,233890,5945378,248732,8825094,306767,14770472,
All CA and Non-CA Counties,2021-04-08,510435,23189690,257699,11914835,165968,10407328,86768,867527,239106,6003331,269970,9095064,327923,15098395,
All CA and Non-CA Counties,2021-04-09,505727,23695417,252122,12166957,171213,10578541,82392,949919,231717,6047499,272787,9367851,316955,15415350,
All CA and Non-CA Counties,2021-04-10,376676,24072093,171863,12338820,128332,10706873,76481,1026400,156987,6064673,218831,9586682,236005,15651355,
All CA and Non-CA Counties,2021-04-11,191629,24263722,107365,12446185,49507,10756380,34757,1061157,78791,6068556,112434,9699116,116317,15767672,
All CA and Non-CA Counties,2021-04-12,346347,24610069,178183,12624368,129231,10885611,38933,1100090,159655,6085054,185590,9884706,202088,15969760,
All CA and Non-CA Counties,2021-04-13,441449,25051518,247638,12872006,192823,11078434,988,1101078,246013,6140792,194277,10078983,250015,16219775,
All CA and Non-CA Counties,2021-04-14,461312,25512830,259155,13131161,201859,11280293,298,1101376,240293,6166223,219681,10298664,245112,16464887,
All CA and Non-CA Counties,2021-04-15,502721,26015551,293206,13424367,209203,11489496,312,1101688,280733,6229821,220288,10518952,283886,16748773,
All CA and Non-CA Counties,2021-04-16,487202,26502753,274065,13698432,212816,11702312,321,1102009,259570,6266031,226124,10745076,262334,17011107,
All CA and Non-CA Counties,2021-04-17,352469,26855222,197564,13895996,154837,11857149,68,1102077,200564,6318930,150898,10895974,203797,17214904,
All CA and Non-CA Counties,2021-04-18,163991,27019213,105379,14001375,58593,11915742,19,1102096,83952,6326401,79544,10975518,87015,17301919,
All CA and Non-CA Counties,2021-04-19,327897,27347110,188152,14189527,139643,12055385,102,1102198,155127,6311798,171701,11147219,157098,17459017,
All CA and Non-CA Counties,2021-04-20,425193,27772303,229386,14418913,195725,12251110,82,1102280,210429,6311876,213517,11360736,213595,17672612,
All CA and Non-CA Counties,2021-04-21,447370,28219673,257724,14676637,189368,12440478,278,1102558,214165,6298303,231455,11592191,217882,17890494,
All CA and Non-CA Counties,2021-04-22,463506,28683179,266223,14942860,197197,12637675,86,1102644,206150,6252027,255755,11847946,209479,18099973,
All CA and Non-CA Counties,2021-04-23,454841,29138020,260998,15203858,193748,12831423,95,1102739,205995,6214232,247263,12095209,209468,18309441,
All CA and Non-CA Counties,2021-04-24,331248,29469268,208347,15412205,122712,12954135,189,1102928,167742,6222990,162458,12257667,171216,18480657,
All CA and Non-CA Counties,2021-04-25,153017,29622285,100050,15512255,52890,13007025,77,1103005,81689,6235425,70807,12328474,83242,18563899,
All CA and Non-CA Counties,2021-04-26,309933,29932218,179776,15692031,128573,13135598,1584,1104589,135484,6203670,173337,12501811,141582,18705481,
All CA and Non-CA Counties,2021-04-27,379394,30311612,209533,15901564,162842,13298440,7019,1111608,153082,6141914,225049,12726860,163293,18868774,
All CA and Non-CA Counties,2021-04-28,364650,30676262,209940,16111504,146365,13444805,8345,1119953,150484,6090199,212904,12939764,161189,19029963,
All CA and Non-CA Counties,2021-04-29,374014,31050276,216590,16328094,149040,13593845,8384,1128337,138069,6003940,234591,13174355,148332,19178295,
All CA and Non-CA Counties,2021-04-30,386798,31437074,222587,16550681,154813,13748658,9398,1137735,147759,5925507,237586,13411941,159153,19337448,
All CA and Non-CA Counties,2021-05-01,252189,31689263,160756,16711437,84871,13833529,6562,1144297,91695,5866481,159510,13571451,100484,19437932,
All CA and Non-CA Counties,2021-05-02,118994,31808257,82952,16794389,32029,13865558,4013,1148310,41790,5835898,76755,13648206,46172,19484104,
All CA and Non-CA Counties,2021-05-03,257357,32065614,157735,16952124,90542,13956100,9080,1157390,78819,5747101,177583,13825789,88786,19572890,
All CA and Non-CA Counties,2021-05-04,337933,32403547,207383,17159507,120281,14076381,10269,1167659,100176,5622141,236589,14062378,111629,19684519,
All CA and Non-CA Counties,2021-05-05,343016,32746563,214612,17374119,117938,14194319,10466,1178125,97446,5486903,244222,14306600,108984,19793503,
All CA and Non-CA Counties,2021-05-06,359988,33106551,236095,17610214,112994,14307313,10899,1189024,92013,5326110,266207,14572807,105414,19898917,
All CA and Non-CA Counties,2021-05-07,357531,33464082,224394,17834608,122847,14430160,10290,1199314,97715,5177050,258324,14831131,109264,20008181,
All CA and Non-CA Counties,2021-05-08,236754,33700836,151110,17985718,78424,14508584,7220,1206534,65476,5080976,170241,15001372,74167,20082348,
All CA and Non-CA Counties,2021-05-09,96851,33797687,73279,18058997,20463,14529047,3109,1209643,25707,5039444,70793,15072165,29261,20111609,
All CA and Non-CA Counties,2021-05-10,209388,34007075,119682,18178679,81489,14610536,8217,1217860,52096,4944663,156404,15228569,61623,20173232,
All CA and Non-CA Counties,2021-05-11,277471,34284546,158154,18336833,110342,14720878,8975,1226835,73723,4826440,202726,15431295,84503,20257735,
All CA and Non-CA Counties,2021-05-12,275460,34560006,160220,18497053,105788,14826666,9452,1236287,74301,4711318,200032,15631327,84910,20342645,
All CA and Non-CA Counties,2021-05-13,320838,34880844,206840,18703893,106365,14933031,7633,1243920,120916,4643817,198716,15830043,131215,20473860,
All CA and Non-CA Counties,2021-05-14,344742,35225586,220770,18924663,114810,15047841,9162,1253082,134599,4580857,208808,16038851,145848,20619708,
All CA and Non-CA Counties,2021-05-15,282930,35508516,197407,19122070,79368,15127209,6155,1259237,116682,4539386,165300,16204151,123829,20743537,
All CA and Non-CA Counties,2021-05-16,143043,35651559,109455,19231525,30566,15157775,3022,1262259,58488,4517248,84062,16288213,61924,20805461,
All CA and Non-CA Counties,2021-05-17,243346,35894905,159893,19391418,75797,15233572,7656,1269915,96492,4476345,145919,16434132,105016,20910477,
All CA and Non-CA Counties,2021-05-18,285137,36180042,173596,19565014,103816,15337388,7725,1277640,111410,4424331,172559,16606691,120545,21031022,
All CA and Non-CA Counties,2021-05-19,279193,36459235,173809,19738823,97547,15434935,7837,1285477,114232,4383672,163859,16770550,123200,21154222,
All CA and Non-CA Counties,2021-05-20,266921,36726156,159330,19898153,99198,15534133,8393,1293870,101753,4331395,163960,16934510,111683,21265905,
All CA and Non-CA Counties,2021-05-21,285544,37011700,175459,20073612,101875,15636008,8210,1302080,107679,4271988,176535,17111045,117128,21383033,
All CA and Non-CA Counties,2021-05-22,207240,37218940,137178,20210790,63631,15699639,6431,1308511,88690,4250532,117719,17228764,96263,21479296,
All CA and Non-CA Counties,2021-05-23,91279,37310219,63928,20274718,24576,15724215,2775,1311286,39458,4241764,51386,17280150,42618,21521914,
All CA and Non-CA Counties,2021-05-24,173617,37483836,101722,20376440,63224,15787439,8671,1319957,65960,4210441,106804,17386954,75481,21597395,
All CA and Non-CA Counties,2021-05-25,191962,37675798,112337,20488777,71241,15858680,8384,1328341,72693,4174436,118211,17505165,82206,21679601,
All CA and Non-CA Counties,2021-05-26,186863,37862661,107286,20596063,71362,15930042,8215,1336556,72561,4142756,113171,17618336,81491,21761092,
All CA and Non-CA Counties,2021-05-27,174370,38037031,99520,20695583,66063,15996105,8787,1345343,70136,4119384,103360,17721696,79988,21841080,
All CA and Non-CA Counties,2021-05-28,191083,38228114,110029,20805612,73579,16069684,7475,1352818,82332,4102577,107734,17829430,90927,21932007,
All CA and Non-CA Counties,2021-05-29,108567,38336681,66443,20872055,37941,16107625,4183,1357001,50576,4100406,57432,17886862,55261,21987268,
All CA and Non-CA Counties,2021-05-30,47962,38384643,31619,20903674,13760,16121385,2583,1359584,21039,4097574,26669,17913531,23837,22011105,
All CA and Non-CA Counties,2021-05-31,20222,38404865,11849,20915523,7359,16128744,1014,1360598,6617,4091892,13427,17926958,7745,22018850,
All CA and Non-CA Counties,2021-06-01,170339,38575204,99257,21014780,63688,16192432,7394,1367992,60438,4051727,108883,18035841,68718,22087568,
All CA and Non-CA Counties,2021-06-02,144621,38719825,85344,21100124,51820,16244252,7457,1375449,54714,4025580,88978,18124819,62831,22150399,
All CA and Non-CA Counties,2021-06-03,172919,38892744,117979,21218103,47572,16291824,7368,1382817,52805,3967508,119243,18244062,61171,22211570,
All CA and Non-CA Counties,2021-06-04,201800,39094544,141769,21359872,53520,16345344,6511,1389328,60562,3896262,140152,18384214,68906,22280476,
All CA and Non-CA Counties,2021-06-05,159002,39253546,119925,21479797,33279,16378623,5798,1395126,44365,3833532,113843,18498057,51113,22331589,
All CA and Non-CA Counties,2021-06-06,64843,39318389,54551,21534348,7994,16386617,2298,1397424,17436,3806967,47108,18545165,20543,22352132,
All CA and Non-CA Counties,2021-06-07,138383,39456772,101241,21635589,30940,16417557,6202,1403626,40892,3757902,96871,18642036,47806,22399938,
All CA and Non-CA Counties,2021-06-08,160126,39616898,115928,21751517,37063,16454620,7135,1410761,47620,3702098,111586,18753622,55782,22455720,
All CA and Non-CA Counties,2021-06-09,154228,39771126,111970,21863487,35217,16489837,7041,1417802,42991,3642636,110399,18864021,50937,22506657,
All CA and Non-CA Counties,2021-06-10,148476,39919602,106666,21970153,34166,16524003,7644,1425446,43720,3591030,104018,18968039,52412,22559069,
All CA and Non-CA Counties,2021-06-11,161028,40080630,112845,22082998,41130,16565133,7053,1432499,50247,3539363,109870,19077909,58203,22617272,
All CA and Non-CA Counties,2021-06-12,116367,40196997,88177,22171175,24348,16589481,3842,1436341,33350,3494758,82460,19160369,37855,22655127,
All CA and Non-CA Counties,2021-06-13,45649,40242646,33972,22205147,9526,16599007,2151,1438492,11486,3474880,33912,19194281,14034,22669161,
All CA and Non-CA Counties,2021-06-14,116985,40359631,82912,22288059,27020,16626027,7053,1445545,38568,3443313,77797,19272078,46230,22715391,
All CA and Non-CA Counties,2021-06-15,133360,40492991,89844,22377903,34462,16660489,9054,1454599,44696,3410161,87797,19359875,54645,22770036,
All CA and Non-CA Counties,2021-06-16,122466,40615457,86088,22463991,28453,16688942,7925,1462524,42249,3381623,79458,19439333,50920,22820956,
All CA and Non-CA Counties,2021-06-17,115908,40731365,80142,22544133,27572,16716514,8194,1470718,41051,3357389,74109,19513442,49875,22870831,
All CA and Non-CA Counties,2021-06-18,130466,40861831,90142,22634275,32394,16748908,7930,1478648,46800,3330105,82770,19596212,55486,22926317,
All CA and Non-CA Counties,2021-06-19,77476,40939307,56238,22690513,17133,16766041,4105,1482753,29161,3316163,47715,19643927,33773,22960090,
All CA and Non-CA Counties,2021-06-20,31420,40970727,23646,22714159,6375,16772416,1399,1484152,11980,3310537,19222,19663149,13596,22973686,
All CA and Non-CA Counties,2021-06-21,72447,41043174,45269,22759428,20861,16793277,6317,1490469,37141,3319600,34914,19698063,43977,23017663,
All CA and Non-CA Counties,2021-06-22,101941,41145115,71099,22830527,24720,16817997,6122,1496591,39898,3304847,61436,19759499,46683,23064346,
All CA and Non-CA Counties,2021-06-23,95487,41240602,67190,22897717,22254,16840251,6043,1502634,38982,3294536,55927,19815426,45616,23109962,
All CA and Non-CA Counties,2021-06-24,92381,41332983,64376,22962093,22190,16862441,5815,1508449,37553,3284281,54185,19869611,43930,23153892,
All CA and Non-CA Counties,2021-06-25,106726,41439709,75348,23037441,25715,16888156,5663,1514112,43614,3271674,62472,19932083,49865,23203757,
All CA and Non-CA Counties,2021-06-26,68577,41508286,51613,23089054,13688,16901844,3276,1517388,28352,3264000,39856,19971939,32182,23235939,
All CA and Non-CA Counties,2021-06-27,32160,41540446,24732,23113786,5832,16907676,1596,1518984,13815,3261470,18166,19990105,15636,23251575,
All CA and Non-CA Counties,2021-06-28,72861,41613307,56191,23169977,11990,16919666,4680,1523664,31927,3258055,40484,20030589,37069,23288644,
All CA and Non-CA Counties,2021-06-29,84655,41697962,59952,23229929,20280,16939946,4423,1528087,35740,3250374,48399,20078988,40718,23329362,
All CA and Non-CA Counties,2021-06-30,79695,41777657,57074,23287003,18573,16958519,4048,1532135,35692,3247172,43488,20122476,40286,23369648,
All CA and Non-CA Counties,2021-07-01,74563,41852220,53712,23340715,16767,16975286,4084,1536219,32873,3243400,41240,20163716,37468,23407116,
All CA and Non-CA Counties,2021-07-02,84467,41936687,60333,23401048,20090,16995376,4044,1540263,37365,3238735,46564,20210280,41899,23449015,
All CA and Non-CA Counties,2021-07-03,46652,41983339,34088,23435136,10822,17006198,1742,1542005,21266,3237006,25046,20235326,23317,23472332,
All CA and Non-CA Counties,2021-07-04,3468,41986807,2009,23437145,1169,17007367,290,1542295,1544,3236999,1898,20237224,1891,23474223,
All CA and Non-CA Counties,2021-07-05,41241,42028048,30532,23467677,9092,17016459,1617,1543912,19266,3236440,21725,20258949,21166,23495389,
All CA and Non-CA Counties,2021-07-06,59729,42087777,44145,23511822,12316,17028775,3268,1547180,21641,3224054,37704,20296653,25318,23520707,
Outside California,2020-12-15,9,9,9,9,0,0,0,0,9,9,0,0,9,9,Not in California
Outside California,2020-12-16,274,283,274,283,0,0,0,0,274,283,0,0,274,283,Not in California
Outside California,2020-12-17,1589,1872,1589,1872,0,0,0,0,1589,1872,0,0,1589,1872,Not in California
Outside California,2020-12-18,2525,4397,2518,4390,7,7,0,0,2525,4397,0,0,2525,4397,Not in California
Outside California,2020-12-19,1035,5432,1034,5424,1,8,0,0,1035,5432,0,0,1035,5432,Not in California
Outside California,2020-12-20,676,6108,673,6097,3,11,0,0,676,6108,0,0,676,6108,Not in California
Outside California,2020-12-21,2170,8278,2167,8264,3,14,0,0,2170,8278,0,0,2170,8278,Not in California
Outside California,2020-12-22,2056,10334,1982,10246,74,88,0,0,2056,10334,0,0,2056,10334,Not in California
Outside California,2020-12-23,1526,11860,1383,11629,143,231,0,0,1525,11858,1,1,1525,11859,Not in California
Outside California,2020-12-24,800,12660,610,12239,190,421,0,0,800,12658,0,1,800,12659,Not in California
Outside California,2020-12-25,35,12695,30,12269,5,426,0,0,35,12693,0,1,35,12694,Not in California
Outside California,2020-12-26,306,13001,207,12476,99,525,0,0,306,12999,0,1,306,13000,Not in California
Outside California,2020-12-27,189,13190,72,12548,117,642,0,0,189,13188,0,1,189,13189,Not in California
Outside California,2020-12-28,1404,14594,893,13441,511,1153,0,0,1404,14592,0,1,1404,14593,Not in California
Outside California,2020-12-29,1537,16131,1016,14457,521,1674,0,0,1537,16129,0,1,1537,16130,Not in California
Outside California,2020-12-30,1874,18005,1219,15676,655,2329,0,0,1874,18003,0,1,1874,18004,Not in California
Outside California,2020-12-31,1099,19104,596,16272,503,2832,0,0,1098,19100,1,2,1098,19102,Not in California
Outside California,2021-01-01,119,19223,28,16300,91,2923,0,0,119,19219,0,2,119,19221,Not in California
Outside California,2021-01-02,244,19467,134,16434,110,3033,0,0,243,19461,1,3,243,19464,Not in California
Outside California,2021-01-03,172,19639,92,16526,80,3113,0,0,172,19633,0,3,172,19636,Not in California
Outside California,2021-01-04,1146,20785,510,17036,636,3749,0,0,1141,20773,1,4,1141,20777,Not in California
Outside California,2021-01-05,1549,22334,823,17859,726,4475,0,0,1356,21939,191,195,1357,22134,Not in California
Outside California,2021-01-06,2663,24997,1577,19436,1086,5561,0,0,1934,23147,726,921,1934,24068,Not in California
Outside California,2021-01-07,4104,29101,2521,21957,1583,7144,0,0,2459,23965,1643,2564,2461,26529,Not in California
Outside California,2021-01-08,4474,33575,2902,24859,1572,8716,0,0,2613,24730,1851,4415,2616,29145,Not in California
Outside California,2021-01-09,1308,34883,537,25396,771,9487,0,0,979,25383,328,4743,981,30126,Not in California
Outside California,2021-01-10,315,35198,187,25583,128,9615,0,0,194,25456,121,4864,194,30320,Not in California
Outside California,2021-01-11,3249,38447,1991,27574,1258,10873,0,0,1925,26058,1323,6187,1925,32245,Not in California
Outside California,2021-01-12,3822,42269,2289,29863,1533,12406,0,0,2286,26815,1532,7719,2289,34534,Not in California
Outside California,2021-01-13,3626,45895,1772,31635,1854,14260,0,0,2449,28092,1176,8895,2453,36987,Not in California
Outside California,2021-01-14,3642,49537,1262,32897,2380,16640,0,0,2996,30459,632,9527,2999,39986,Not in California
Outside California,2021-01-15,4159,53696,996,33893,3163,19803,0,0,3682,33676,465,9992,3682,43668,Not in California
Outside California,2021-01-16,2623,56319,389,34282,2234,22037,0,0,2448,35951,173,10165,2448,46116,Not in California
Outside California,2021-01-17,506,56825,152,34434,354,22391,0,0,457,36359,49,10214,457,46573,Not in California
Outside California,2021-01-18,1187,58012,768,35202,419,22810,0,0,731,36636,455,10669,732,47305,Not in California
Outside California,2021-01-19,4086,62098,1336,36538,2750,25560,0,0,3186,38925,900,11569,3189,50494,Not in California
Outside California,2021-01-20,4426,66524,1425,37963,3001,28561,0,0,3484,41473,937,12506,3485,53979,Not in California
Outside California,2021-01-21,4221,70745,1169,39132,3052,31613,0,0,3644,44556,561,13067,3644,57623,Not in California
Outside California,2021-01-22,4597,75342,1099,40231,3498,35111,0,0,4174,48319,413,13480,4176,61799,Not in California
Outside California,2021-01-23,2282,77624,346,40577,1936,37047,0,0,2109,50258,170,13650,2109,63908,Not in California
Outside California,2021-01-24,602,78226,253,40830,349,37396,0,0,522,50700,80,13730,522,64430,Not in California
Outside California,2021-01-25,4561,82787,1972,42802,2589,39985,0,0,3687,53524,865,14595,3689,68119,Not in California
Outside California,2021-01-26,6064,88851,2932,45734,3132,43117,0,0,5191,57850,872,15467,5198,73317,Not in California
Outside California,2021-01-27,5153,94004,2736,48470,2417,45534,0,0,4505,61715,642,16109,4507,77824,Not in California
Outside California,2021-01-28,5254,99258,2829,51299,2425,47959,0,0,4707,65885,537,16646,4707,82531,Not in California
Outside California,2021-01-29,4907,104165,3056,54355,1851,49810,0,0,4091,69170,808,17454,4093,86624,Not in California
Outside California,2021-01-30,4436,108601,2420,56775,2016,51826,0,0,4201,73140,232,17686,4202,90826,Not in California
Outside California,2021-01-31,3273,111874,2844,59619,429,52255,0,0,3208,76287,63,17749,3210,94036,Not in California
Outside California,2021-02-01,5637,117511,2633,62252,3004,55259,0,0,4911,80481,717,18466,4911,98947,Not in California
Outside California,2021-02-02,6906,124417,2235,64487,4671,59930,0,0,6165,85918,728,19194,6165,105112,Not in California
Outside California,2021-02-03,7531,131948,2131,66618,5400,65330,0,0,6636,91669,886,20080,6637,111749,Not in California
Outside California,2021-02-04,6929,138877,2179,68797,4750,70080,0,0,5888,96532,1026,21106,5889,117638,Not in California
Outside California,2021-02-05,6942,145819,2334,71131,4608,74688,0,0,5827,101254,1105,22211,5827,123465,Not in California
Outside California,2021-02-06,4448,150267,2175,73306,2273,76961,0,0,3974,104768,463,22674,3977,127442,Not in California
Outside California,2021-02-07,2229,152496,1834,75140,395,77356,0,0,2142,106827,85,22759,2144,129586,Not in California
Outside California,2021-02-08,5306,157802,3336,78476,1970,79326,0,0,4240,110012,1055,23814,4240,133826,Not in California
Outside California,2021-02-09,4289,162091,1919,80395,2370,81696,0,0,2968,111687,1307,25121,2982,136808,Not in California
Outside California,2021-02-10,5649,167740,1955,82350,3694,85390,0,0,3189,112473,2444,27565,3230,140038,Not in California
Outside California,2021-02-11,4907,172647,2285,84635,2622,88012,0,0,3554,114710,1335,28900,3572,143610,Not in California
Outside California,2021-02-12,5332,177979,1975,86610,3357,91369,0,0,3458,116316,1856,30756,3462,147072,Not in California
Outside California,2021-02-13,2446,180425,743,87353,1703,93072,0,0,1858,117602,584,31340,1870,148942,Not in California
Outside California,2021-02-14,1369,181794,429,87782,940,94012,0,0,1111,118465,250,31590,1113,150055,Not in California
Outside California,2021-02-15,2655,184449,1619,89401,1036,95048,0,0,1271,118372,1367,32957,1274,151329,Not in California
Outside California,2021-02-16,6479,190928,2916,92317,3563,98611,0,0,2588,117092,3873,36830,2593,153922,Not in California
Outside California,2021-02-17,6090,197018,3102,95419,2988,101599,0,0,1855,114733,4219,41049,1860,155782,Not in California
Outside California,2021-02-18,6672,203690,3846,99265,2826,104425,0,0,2094,112286,4542,45591,2095,157877,Not in California
Outside California,2021-02-19,5921,209611,4099,103364,1822,106247,0,0,2481,111342,3427,49018,2483,160360,Not in California
Outside California,2021-02-20,3531,213142,2864,106228,667,106914,0,0,1280,110379,2244,51262,1281,161641,Not in California
Outside California,2021-02-21,3112,216254,2877,109105,235,107149,0,0,924,109130,2173,53435,924,162565,Not in California
Outside California,2021-02-22,3753,220007,2754,111859,999,108148,0,0,1693,108776,2052,55487,1698,164263,Not in California
Outside California,2021-02-23,6870,226877,3674,115533,3196,111344,0,0,2463,106958,4297,59784,2479,166742,Not in California
Outside California,2021-02-24,6912,233789,3725,119258,3187,114531,0,0,2507,105117,4353,64137,2512,169254,Not in California
Outside California,2021-02-25,7034,240823,3572,122830,3462,117993,0,0,3109,104343,3887,68024,3113,172367,Not in California
Outside California,2021-02-26,7073,247896,3783,126613,3290,121283,0,0,3099,103565,3878,71902,3100,175467,Not in California
Outside California,2021-02-27,5536,253432,2769,129382,2766,124049,1,1,1878,101812,3635,75537,1882,177349,Not in California
Outside California,2021-02-28,2446,255878,1767,131149,678,124727,1,2,803,100980,1638,77175,806,178155,Not in California
Outside California,2021-03-01,4989,260867,3163,134312,1825,126552,1,3,1369,98749,3606,80781,1375,179530,Not in California
Outside California,2021-03-02,6749,267616,2503,136815,4246,130798,0,3,2077,96174,4654,85435,2079,181609,Not in California
Outside California,2021-03-03,7961,275577,3135,139950,4824,135622,2,5,2701,93645,5235,90670,2706,184315,Not in California
Outside California,2021-03-04,6857,282434,2917,142867,3933,139555,7,12,2323,91472,4505,95175,2332,186647,Not in California
Outside California,2021-03-05,5300,287734,2674,145541,2611,142166,15,27,2740,91692,2543,97718,2763,189410,Not in California
Outside California,2021-03-06,4608,292342,2146,147687,2309,144475,153,180,2335,91920,2269,99987,2497,191907,Not in California
Outside California,2021-03-07,1607,293949,1030,148717,521,144996,56,236,971,92319,630,100617,1029,192936,Not in California
Outside California,2021-03-08,3146,297095,1864,150581,1032,146028,250,486,2220,93902,895,101512,2478,195414,Not in California
Outside California,2021-03-09,4729,301824,2425,153006,1989,148017,315,801,2789,95078,1928,103440,3104,198518,Not in California
Outside California,2021-03-10,4489,306313,2146,155152,1825,149842,518,1319,2731,96587,1743,105183,3252,201770,Not in California
Outside California,2021-03-11,6244,312557,3194,158346,2369,152211,681,2000,3309,97658,2919,108102,3990,205760,Not in California
Outside California,2021-03-12,6523,319080,3915,162261,1878,154089,730,2730,3555,98995,2945,111047,4282,210042,Not in California
Outside California,2021-03-13,3824,322904,2197,164458,1158,155247,469,3199,2592,100837,1219,112266,3061,213103,Not in California
Outside California,2021-03-14,1802,324706,928,165386,535,155782,339,3538,980,101339,816,113082,1318,214421,Not in California
Outside California,2021-03-15,4057,328763,2128,167514,1457,157239,472,4010,2150,102069,1894,114976,2624,217045,Not in California
Outside California,2021-03-16,7570,336333,4397,171911,2783,160022,390,4400,4153,103211,3394,118370,4536,221581,Not in California
Outside California,2021-03-17,8481,344814,5494,177405,2608,162630,379,4779,5053,105231,3413,121783,5433,227014,Not in California
Outside California,2021-03-18,8346,353160,5159,182564,2640,165270,547,5326,4786,107017,3546,125329,5332,232346,Not in California
Outside California,2021-03-19,7354,360514,4366,186930,2441,167711,547,5873,4368,108966,2970,128299,4919,237265,Not in California
Outside California,2021-03-20,4772,365286,3149,190079,1531,169242,92,5965,3632,111566,1125,129424,3725,240990,Not in California
Outside California,2021-03-21,2100,367386,1440,191519,571,169813,89,6054,1672,112902,424,129848,1760,242750,Not in California
Outside California,2021-03-22,3289,370675,1990,193509,1211,171024,88,6142,2250,114209,1030,130878,2337,245087,Not in California
Outside California,2021-03-23,6124,376799,3124,196633,2694,173718,306,6448,4117,116656,1976,132854,4423,249510,Not in California
Outside California,2021-03-24,7358,384157,3772,200405,3137,176855,449,6897,5051,119862,2293,135147,5499,255009,Not in California
Outside California,2021-03-25,8266,392423,3831,204236,3909,180764,526,7423,5985,124114,2260,137407,6512,261521,Not in California
Outside California,2021-03-26,6697,399120,3536,207772,2981,183745,180,7603,4411,126448,2255,139662,4589,266110,Not in California
Outside California,2021-03-27,5552,404672,3111,210883,2223,185968,218,7821,3481,128087,2057,141719,3696,269806,Not in California
Outside California,2021-03-28,3082,407754,1650,212533,1271,187239,161,7982,1986,129147,1087,142806,2147,271953,Not in California
Outside California,2021-03-29,5204,412958,2311,214844,2545,189784,348,8330,2975,130250,2220,145026,3323,275276,Not in California
Outside California,2021-03-30,6911,419869,3641,218485,2700,192484,570,8900,4084,132099,2812,147838,4661,279937,Not in California
Outside California,2021-03-31,6383,426252,3813,222298,1783,194267,787,9687,3389,133286,2983,150821,4170,284107,Not in California
Outside California,2021-04-01,7627,433879,4572,226870,2395,196662,660,10347,4419,135161,3192,154013,5067,289174,Not in California
Outside California,2021-04-02,8465,442344,4507,231377,2818,199480,1140,11487,4380,136603,4072,158085,5514,294688,Not in California
Outside California,2021-04-03,6303,448647,3780,235157,1364,200844,1159,12646,3351,138173,2939,161024,4509,299197,Not in California
Outside California,2021-04-04,1785,450432,880,236037,665,201509,240,12886,974,138574,809,161833,1210,300407,Not in California
Outside California,2021-04-05,4174,454606,2025,238062,1477,202986,672,13558,1993,139065,2170,164003,2661,303068,Not in California
Outside California,2021-04-06,7207,461813,3872,241934,1685,204671,1650,15208,2888,139299,4298,168301,4532,307600,Not in California
Outside California,2021-04-07,8289,470102,4665,246599,1917,206588,1707,16915,3217,139155,5059,173360,4915,312515,Not in California
Outside California,2021-04-08,8294,478396,4360,250959,1987,208575,1947,18862,3308,139424,4971,178331,5240,317755,Not in California
Outside California,2021-04-09,7600,485996,3887,254846,1742,210317,1971,20833,2910,139620,4672,183003,4868,322623,Not in California
Outside California,2021-04-10,6129,492125,3004,257850,1262,211579,1863,22696,1691,138736,4423,187426,3539,326162,Not in California
Outside California,2021-04-11,2872,494997,1571,259421,651,212230,650,23346,968,138451,1899,189325,1614,327776,Not in California
Outside California,2021-04-12,4204,499201,2356,261777,1280,213510,568,23914,1868,138561,2326,191651,2436,330212,Not in California
Outside California,2021-04-13,5861,505062,3749,265526,2087,215597,25,23939,3036,138803,2818,194469,3060,333272,Not in California
Outside California,2021-04-14,5501,510563,3539,269065,1958,217555,4,23943,3037,139391,2453,196922,3041,336313,Not in California
Outside California,2021-04-15,6200,516763,3910,272975,2284,219839,6,23949,3334,139921,2811,199733,3341,339654,Not in California
Outside California,2021-04-16,5966,522729,3423,276398,2536,222375,7,23956,3328,140638,2621,202354,3338,342992,Not in California
Outside California,2021-04-17,5558,528287,3503,279901,2054,224429,1,23957,3221,141535,2324,204678,3221,346213,Not in California
Outside California,2021-04-18,2199,530486,1269,281170,929,225358,1,23958,1080,141506,1112,205790,1083,347296,Not in California
Outside California,2021-04-19,4186,534672,2016,283186,2169,227527,1,23959,2153,141643,2020,207810,2157,349453,Not in California
Outside California,2021-04-20,5533,540205,2575,285761,2957,230484,1,23960,2294,140714,3223,211033,2294,351747,Not in California
Outside California,2021-04-21,6695,546900,2920,288681,3769,234253,6,23966,2469,138985,4205,215238,2476,354223,Not in California
Outside California,2021-04-22,6983,553883,3613,292294,3368,237621,2,23968,2587,137194,4381,219619,2590,356813,Not in California
Outside California,2021-04-23,5996,559879,3089,295383,2906,240527,1,23969,2490,136201,3486,223105,2493,359306,Not in California
Outside California,2021-04-24,4686,564565,3061,298444,1620,242147,5,23974,1885,135301,2793,225898,1893,361199,Not in California
Outside California,2021-04-25,2218,566783,1249,299693,968,243115,1,23975,1169,135429,1045,226943,1173,362372,Not in California
Outside California,2021-04-26,4210,570993,1891,301584,2291,245406,28,24003,1915,135089,2283,229226,1943,364315,Not in California
Outside California,2021-04-27,5778,576771,2184,303768,3223,248629,371,24374,2021,133745,3744,232970,2400,366715,Not in California
Outside California,2021-04-28,4970,581741,2150,305918,2424,251053,396,24770,1973,133127,2982,235952,2364,369079,Not in California
Outside California,2021-04-29,4958,586699,2345,308263,2180,253233,433,25203,1885,132396,3048,239000,2317,371396,Not in California
Outside California,2021-04-30,4973,591672,2430,310693,2119,255352,424,25627,1889,131645,3067,242067,2316,373712,Not in California
Outside California,2021-05-01,3214,594886,1858,312551,926,256278,430,26057,1314,131503,1886,243953,1744,375456,Not in California
Outside California,2021-05-02,1858,596744,1093,313644,642,256920,123,26180,827,131427,1026,244979,950,376406,Not in California
Outside California,2021-05-03,2927,599671,1600,315244,1041,257961,286,26466,1124,131042,1794,246773,1409,377815,Not in California
Outside California,2021-05-04,4018,603689,2179,317423,1401,259362,438,26904,1343,130157,2664,249437,1779,379594,Not in California
Outside California,2021-05-05,4518,608207,2550,319973,1597,260959,371,27275,1632,129286,2877,252314,2006,381600,Not in California
Outside California,2021-05-06,4542,612749,2800,322773,1404,262363,338,27613,1596,128281,2938,255252,1933,383533,Not in California
Outside California,2021-05-07,4692,617441,2729,325502,1578,263941,385,27998,1620,127232,3054,258306,2005,385538,Not in California
Outside California,2021-05-08,3284,620725,2228,327730,807,264748,249,28247,1086,126379,2189,260495,1336,386874,Not in California
Outside California,2021-05-09,1394,622119,935,328665,336,265084,123,28370,573,126257,816,261311,694,387568,Not in California
Outside California,2021-05-10,2582,624701,1197,329862,1056,266140,329,28699,910,125833,1665,262976,1241,388809,Not in California
Outside California,2021-05-11,3099,627800,1523,331385,1272,267412,304,29003,1167,125380,1928,264904,1475,390284,Not in California
Outside California,2021-05-12,3261,631061,1587,332972,1348,268760,326,29329,1256,124961,2000,266904,1581,391865,Not in California
Outside California,2021-05-13,3231,634292,1893,334865,1130,269890,208,29537,1403,124751,1821,268725,1611,393476,Not in California
Outside California,2021-05-14,3587,637879,2030,336895,1318,271208,239,29776,1590,124594,1989,270714,1832,395308,Not in California
Outside California,2021-05-15,2665,640544,1571,338466,951,272159,143,29919,1147,124376,1510,272224,1292,396600,Not in California
Outside California,2021-05-16,1660,642204,1072,339538,519,272678,69,29988,759,124307,898,273122,829,397429,Not in California
Outside California,2021-05-17,3063,645267,1633,341171,1194,273872,236,30224,1305,124093,1754,274876,1540,398969,Not in California
Outside California,2021-05-18,3262,648529,1652,342823,1292,275164,318,30542,1449,124065,1798,276674,1770,400739,Not in California
Outside California,2021-05-19,3353,651882,1680,344503,1404,276568,269,30811,1448,123885,1896,278570,1716,402455,Not in California
Outside California,2021-05-20,3153,655035,1746,346249,1158,277726,249,31060,1406,123807,1735,280305,1657,404112,Not in California
Outside California,2021-05-21,3190,658225,1777,348026,1165,278891,248,31308,1349,123577,1827,282132,1597,405709,Not in California
Outside California,2021-05-22,2783,661008,1818,349844,761,279652,204,31512,1485,123977,1290,283422,1690,407399,Not in California
Outside California,2021-05-23,1559,662567,1024,350868,457,280109,78,31590,790,124079,767,284189,869,408268,Not in California
Outside California,2021-05-24,2422,664989,1159,352027,917,281026,346,31936,1063,124140,1348,285537,1409,409677,Not in California
Outside California,2021-05-25,2369,667358,1103,353130,931,281957,335,32271,1000,124111,1361,286898,1332,411009,Not in California
Outside California,2021-05-26,2388,669746,1101,354231,932,282889,355,32626,986,124060,1393,288291,1342,412351,Not in California
Outside California,2021-05-27,2166,671912,1071,355302,806,283695,289,32915,968,124122,1193,289484,1255,413606,Not in California
Outside California,2021-05-28,2434,674346,1224,356526,857,284552,353,33268,1092,124233,1335,290819,1446,415052,Not in California
Outside California,2021-05-29,1661,676007,830,357356,476,285028,355,33623,694,124319,963,291782,1049,416101,Not in California
Outside California,2021-05-30,916,676923,562,357918,230,285258,124,33747,452,124435,460,292242,576,416677,Not in California
Outside California,2021-05-31,427,677350,187,358105,200,285458,40,33787,184,124427,232,292474,224,416901,Not in California
Outside California,2021-06-01,2127,679477,1120,359225,705,286163,302,34089,996,124599,1126,293600,1298,418199,Not in California
Outside California,2021-06-02,2018,681495,1003,360228,667,286830,348,34437,916,124771,1092,294692,1264,419463,Not in California
Outside California,2021-06-03,2156,683651,1179,361407,663,287493,314,34751,968,124872,1180,295872,1281,420744,Not in California
Outside California,2021-06-04,2515,686166,1404,362811,794,288287,317,35068,1067,124812,1442,297314,1382,422126,Not in California
Outside California,2021-06-05,1708,687874,1188,363999,356,288643,164,35232,757,124790,944,298258,922,423048,Not in California
Outside California,2021-06-06,922,688796,692,364691,148,288791,82,35314,433,124818,487,298745,515,423563,Not in California
Outside California,2021-06-07,1913,690709,1034,365725,550,289341,329,35643,787,124808,1125,299870,1115,424678,Not in California
Outside California,2021-06-08,2066,692775,1179,366904,542,289883,345,35988,787,124665,1274,301144,1131,425809,Not in California
Outside California,2021-06-09,1964,694739,1173,368077,506,290389,285,36273,792,124577,1163,302307,1075,426884,Not in California
Outside California,2021-06-10,1947,696686,1134,369211,504,290893,309,36582,831,124606,1112,303419,1141,428025,Not in California
Outside California,2021-06-11,2168,698854,1246,370457,592,291485,330,36912,913,124602,1248,304667,1244,429269,Not in California
Outside California,2021-06-12,1612,700466,1201,371658,282,291767,129,37041,627,124378,981,305648,757,430026,Not in California
Outside California,2021-06-13,933,701399,635,372293,197,291964,101,37142,402,124354,527,306175,503,430529,Not in California
Outside California,2021-06-14,1757,703156,981,373274,475,292439,301,37443,732,124366,1019,307194,1031,431560,Not in California
Outside California,2021-06-15,1717,704873,948,374222,492,292931,277,37720,762,124456,949,308143,1039,432599,Not in California
Outside California,2021-06-16,1681,706554,997,375219,459,293390,225,37945,801,124611,871,309014,1026,433625,Not in California
Outside California,2021-06-17,1854,708408,1026,376245,472,293862,356,38301,837,124791,1013,310027,1193,434818,Not in California
Outside California,2021-06-18,1962,710370,1069,377314,434,294296,459,38760,827,124948,1128,311155,1285,436103,Not in California
Outside California,2021-06-19,1048,711418,690,378004,259,294555,99,38859,545,125092,499,311654,643,436746,Not in California
Outside California,2021-06-20,783,712201,571,378575,166,294721,46,38905,470,125298,310,311964,516,437262,Not in California
Outside California,2021-06-21,1275,713476,640,379215,321,295042,314,39219,686,125715,583,312547,1000,438262,Not in California
Outside California,2021-06-22,1638,715114,1034,380249,349,295391,255,39474,873,126083,760,313307,1128,439390,Not in California
Outside California,2021-06-23,1681,716795,923,381172,436,295827,322,39796,795,126319,879,314186,1115,440505,Not in California
Outside California,2021-06-24,1552,718347,909,382081,364,296191,279,40075,815,126677,735,314921,1093,441598,Not in California
Outside California,2021-06-25,1783,720130,1017,383098,404,296595,362,40437,864,126986,914,315835,1223,442821,Not in California
Outside California,2021-06-26,1152,721282,749,383847,223,296818,180,40617,596,127210,552,316387,776,443597,Not in California
Outside California,2021-06-27,752,722034,586,384433,108,296926,58,40675,448,127414,301,316688,505,444102,Not in California
Outside California,2021-06-28,1393,723427,823,385256,269,297195,301,40976,718,127760,675,317363,1021,445123,Not in California
Outside California,2021-06-29,1424,724851,875,386131,321,297516,228,41204,761,128092,656,318019,988,446111,Not in California
Outside California,2021-06-30,1382,726233,796,386927,367,297883,219,41423,737,128407,640,318659,955,447066,Not in California
Outside California,2021-07-01,1351,727584,790,387717,331,298214,230,41653,749,128793,592,319251,978,448044,Not in California
Outside California,2021-07-02,1356,728940,781,388498,341,298555,234,41887,696,129070,651,319902,928,448972,Not in California
Outside California,2021-07-03,813,729753,583,389081,150,298705,80,41967,520,129380,290,320192,600,449572,Not in California
Outside California,2021-07-04,105,729858,64,389145,25,298730,16,41983,65,129422,39,320231,81,449653,Not in California
Outside California,2021-07-05,982,730840,617,389762,302,299032,63,42046,586,129680,391,320622,649,450302,Not in California
Outside California,2021-07-06,1053,731893,541,390303,260,299292,252,42298,469,129820,582,321204,722,451024,Not in California
Unknown,2020-12-17,2,2,2,2,0,0,0,0,0,0,0,0,0,0,Not in California
Unknown,2020-12-18,1,3,1,3,0,0,0,0,0,0,0,0,0,0,Not in California
Unknown,2020-12-21,4,7,4,7,0,0,0,0,0,0,0,0,0,0,Not in California
Unknown,2020-12-28,4,11,4,11,0,0,0,0,3,3,0,0,3,3,Not in California
Unknown,2020-12-29,6,17,5,16,1,1,0,0,7,10,0,0,7,10,Not in California
Unknown,2020-12-30,54,71,54,70,0,1,0,0,54,64,0,0,54,64,Not in California
Unknown,2020-12-31,1,72,0,70,1,2,0,0,0,64,0,0,0,64,Not in California
Unknown,2021-01-02,1,73,0,70,1,3,0,0,1,65,0,0,1,65,Not in California
Unknown,2021-01-04,3,76,3,73,0,3,0,0,2,67,0,0,2,67,Not in California
Unknown,2021-01-06,4,80,2,75,2,5,0,0,4,71,0,0,4,71,Not in California
Unknown,2021-01-07,69,149,68,143,1,6,0,0,68,139,0,0,68,139,Not in California
Unknown,2021-01-08,1,150,0,143,1,7,0,0,3,142,0,0,3,142,Not in California
Unknown,2021-01-09,2,152,2,145,0,7,0,0,3,145,0,0,3,145,Not in California
Unknown,2021-01-11,20,172,20,165,0,7,0,0,20,165,0,0,20,165,Not in California
Unknown,2021-01-12,11,183,10,175,1,8,0,0,9,174,1,1,10,175,Not in California
Unknown,2021-01-13,10,193,10,185,0,8,0,0,11,185,0,1,11,186,Not in California
Unknown,2021-01-14,3,196,3,188,0,8,0,0,3,188,0,1,3,189,Not in California
Unknown,2021-01-15,7,203,6,194,1,9,0,0,7,195,0,1,7,196,Not in California
Unknown,2021-01-16,7,210,7,201,0,9,0,0,7,202,0,1,7,203,Not in California
Unknown,2021-01-17,4,214,4,205,0,9,0,0,4,206,0,1,4,207,Not in California
Unknown,2021-01-18,56,270,56,261,0,9,0,0,54,258,2,3,54,261,Not in California
Unknown,2021-01-19,25,295,25,286,0,9,0,0,20,275,3,6,20,281,Not in California
Unknown,2021-01-20,81,376,81,367,0,9,0,0,29,251,53,59,29,310,Not in California
Unknown,2021-01-21,55,431,53,420,2,11,0,0,56,306,1,60,56,366,Not in California
Unknown,2021-01-22,35,466,31,451,4,15,0,0,35,341,0,60,35,401,Not in California
Unknown,2021-01-23,11,477,7,458,4,19,0,0,11,352,0,60,11,412,Not in California
Unknown,2021-01-24,2,479,2,460,0,19,0,0,3,355,0,60,3,415,Not in California
Unknown,2021-01-25,20,499,17,477,3,22,0,0,17,369,3,63,17,432,Not in California
Unknown,2021-01-26,87,586,86,563,1,23,0,0,89,457,1,64,89,521,Not in California
Unknown,2021-01-27,18,604,18,581,0,23,0,0,16,471,2,66,16,537,Not in California
Unknown,2021-01-28,151,755,149,730,2,25,0,0,94,505,60,126,94,631,Not in California
Unknown,2021-01-29,139,894,139,869,0,25,0,0,143,647,1,127,143,774,Not in California
Unknown,2021-01-30,12,906,10,879,2,27,0,0,14,659,2,129,14,788,Not in California
Unknown,2021-01-31,16,922,16,895,0,27,0,0,17,676,0,129,17,805,Not in California
Unknown,2021-02-01,34,956,32,927,2,29,0,0,17,674,19,148,17,822,Not in California
Unknown,2021-02-02,66,1022,65,992,1,30,0,0,58,725,7,155,58,880,Not in California
Unknown,2021-02-03,41,1063,40,1032,1,31,0,0,29,743,11,166,29,909,Not in California
Unknown,2021-02-04,58,1121,53,1085,5,36,0,0,51,787,7,173,51,960,Not in California
Unknown,2021-02-05,20,1141,16,1101,4,40,0,0,15,797,5,178,15,975,Not in California
Unknown,2021-02-06,16,1157,16,1117,0,40,0,0,10,801,6,184,10,985,Not in California
Unknown,2021-02-07,9,1166,9,1126,0,40,0,0,7,806,2,186,7,992,Not in California
Unknown,2021-02-08,56,1222,53,1179,3,43,0,0,15,780,41,227,15,1007,Not in California
Unknown,2021-02-09,19,1241,19,1198,0,43,0,0,4,769,15,242,4,1011,Not in California
Unknown,2021-02-10,34,1275,30,1228,4,47,0,0,10,754,25,267,10,1021,Not in California
Unknown,2021-02-11,88,1363,87,1315,1,48,0,0,44,752,46,313,44,1065,Not in California
Unknown,2021-02-12,44,1407,36,1351,8,56,0,0,13,734,31,344,13,1078,Not in California
Unknown,2021-02-13,12,1419,5,1356,7,63,0,0,8,738,4,348,8,1086,Not in California
Unknown,2021-02-14,7,1426,2,1358,5,68,0,0,4,740,2,350,4,1090,Not in California
Unknown,2021-02-15,44,1470,38,1396,6,74,0,0,28,754,14,364,28,1118,Not in California
Unknown,2021-02-16,113,1583,103,1499,10,84,0,0,32,705,81,445,32,1150,Not in California
Unknown,2021-02-17,13,1596,11,1510,2,86,0,0,8,705,8,453,8,1158,Not in California
Unknown,2021-02-18,103,1699,98,1608,5,91,0,0,17,636,86,539,17,1175,Not in California
Unknown,2021-02-19,183,1882,178,1786,5,96,0,0,46,545,137,676,46,1221,Not in California
Unknown,2021-02-20,8,1890,6,1792,2,98,0,0,2,541,6,682,2,1223,Not in California
Unknown,2021-02-21,17,1907,17,1809,0,98,0,0,1,526,16,698,1,1224,Not in California
Unknown,2021-02-22,13,1920,13,1822,0,98,0,0,5,523,8,706,5,1229,Not in California
Unknown,2021-02-23,63,1983,52,1874,11,109,0,0,15,491,47,753,15,1244,Not in California
Unknown,2021-02-24,40,2023,32,1906,8,117,0,0,14,480,25,778,14,1258,Not in California
Unknown,2021-02-25,68,2091,54,1960,14,131,0,0,25,461,44,822,25,1283,Not in California
Unknown,2021-02-26,38,2129,24,1984,14,145,0,0,21,467,15,837,21,1304,Not in California
Unknown,2021-02-27,23,2152,17,2001,6,151,0,0,11,470,8,845,11,1315,Not in California
Unknown,2021-02-28,18,2170,13,2014,5,156,0,0,11,476,5,850,11,1326,Not in California
Unknown,2021-03-01,44,2214,26,2040,18,174,0,0,24,481,19,869,24,1350,Not in California
Unknown,2021-03-02,21,2235,10,2050,11,185,0,0,12,487,6,875,12,1362,Not in California
Unknown,2021-03-03,15,2250,11,2061,4,189,0,0,10,493,4,879,10,1372,Not in California
Unknown,2021-03-04,47,2297,44,2105,3,192,0,0,17,480,30,909,17,1389,Not in California
Unknown,2021-03-05,25,2322,15,2120,10,202,0,0,22,496,6,915,22,1411,Not in California
Unknown,2021-03-06,20,2342,12,2132,6,208,2,2,16,510,4,919,18,1429,Not in California
Unknown,2021-03-07,1,2343,1,2133,0,208,0,2,2,512,0,919,2,1431,Not in California
Unknown,2021-03-08,31,2374,22,2155,7,215,2,4,7,496,25,944,9,1440,Not in California
Unknown,2021-03-09,38,2412,31,2186,3,218,4,8,10,481,29,973,14,1454,Not in California
Unknown,2021-03-10,14,2426,10,2196,1,219,3,11,6,481,9,982,9,1463,Not in California
Unknown,2021-03-11,30,2456,13,2209,3,222,14,25,7,480,22,1004,21,1484,Not in California
Unknown,2021-03-12,62,2518,47,2256,10,232,5,30,11,447,49,1053,16,1500,Not in California
Unknown,2021-03-13,15,2533,4,2260,7,239,4,34,6,447,10,1063,10,1510,Not in California
Unknown,2021-03-14,14,2547,6,2266,6,245,2,36,5,446,8,1071,7,1517,Not in California
Unknown,2021-03-15,34,2581,14,2280,18,263,2,38,24,460,12,1083,26,1543,Not in California
Unknown,2021-03-16,49,2630,22,2302,23,286,4,42,29,473,20,1103,33,1576,Not in California
Unknown,2021-03-17,39,2669,16,2318,22,308,1,43,34,504,4,1107,35,1611,Not in California
Unknown,2021-03-18,33,2702,20,2338,13,321,0,43,20,512,12,1119,20,1631,Not in California
Unknown,2021-03-19,29,2731,19,2357,10,331,0,43,23,527,8,1127,23,1654,Not in California
Unknown,2021-03-20,28,2759,15,2372,13,344,0,43,15,531,11,1138,15,1669,Not in California
Unknown,2021-03-21,16,2775,10,2382,6,350,0,43,12,540,3,1141,12,1681,Not in California
Unknown,2021-03-22,35,2810,19,2401,15,365,1,44,17,546,12,1153,18,1699,Not in California
Unknown,2021-03-23,25,2835,10,2411,10,375,5,49,12,552,11,1164,17,1716,Not in California
Unknown,2021-03-24,21,2856,8,2419,13,388,0,49,14,559,7,1171,14,1730,Not in California
Unknown,2021-03-25,38,2894,25,2444,13,401,0,49,24,570,13,1184,24,1754,Not in California
Unknown,2021-03-26,36,2930,20,2464,11,412,5,54,18,578,15,1199,23,1777,Not in California
Unknown,2021-03-27,32,2962,15,2479,14,426,3,57,18,582,17,1216,21,1798,Not in California
Unknown,2021-03-28,18,2980,9,2488,9,435,0,57,12,589,5,1221,12,1810,Not in California
Unknown,2021-03-29,39,3019,19,2507,20,455,0,57,23,600,12,1233,23,1833,Not in California
Unknown,2021-03-30,41,3060,26,2533,15,470,0,57,24,609,15,1248,24,1857,Not in California
Unknown,2021-03-31,37,3097,22,2555,14,484,1,58,26,624,12,1260,27,1884,Not in California
Unknown,2021-04-01,25,3122,15,2570,7,491,3,61,16,635,8,1268,19,1903,Not in California
Unknown,2021-04-02,42,3164,20,2590,13,504,9,70,16,634,26,1294,25,1928,Not in California
Unknown,2021-04-03,21,3185,10,2600,11,515,0,70,15,639,10,1304,15,1943,Not in California
Unknown,2021-04-04,15,3200,4,2604,11,526,0,70,9,643,5,1309,9,1952,Not in California
Unknown,2021-04-05,34,3234,20,2624,13,539,1,71,16,643,17,1326,17,1969,Not in California
Unknown,2021-04-06,23,3257,15,2639,7,546,1,72,12,645,11,1337,13,1982,Not in California
Unknown,2021-04-07,38,3295,26,2665,11,557,1,73,26,660,11,1348,26,2008,Not in California
Unknown,2021-04-08,36,3331,23,2688,7,564,6,79,16,661,21,1369,22,2030,Not in California
Unknown,2021-04-09,33,3364,23,2711,10,574,0,79,21,671,11,1380,21,2051,Not in California
Unknown,2021-04-10,11,3375,9,2720,1,575,1,80,5,670,7,1387,6,2057,Not in California
Unknown,2021-04-11,11,3386,7,2727,4,579,0,80,5,670,5,1392,5,2062,Not in California
Unknown,2021-04-12,37,3423,20,2747,16,595,1,81,17,666,22,1414,18,2080,Not in California
Unknown,2021-04-13,48,3471,28,2775,20,615,0,81,18,656,28,1442,18,2098,Not in California
Unknown,2021-04-14,30,3501,9,2784,21,636,0,81,6,638,24,1466,6,2104,Not in California
Unknown,2021-04-15,32,3533,17,2801,14,650,1,82,11,627,22,1488,11,2115,Not in California
Unknown,2021-04-16,26,3559,16,2817,10,660,0,82,10,621,16,1504,10,2125,Not in California
Unknown,2021-04-17,24,3583,15,2832,9,669,0,82,8,615,15,1519,9,2134,Not in California
Unknown,2021-04-18,19,3602,7,2839,12,681,0,82,8,611,12,1531,8,2142,Not in California
Unknown,2021-04-19,35,3637,22,2861,13,694,0,82,14,605,20,1551,14,2156,Not in California
Unknown,2021-04-20,26,3663,16,2877,10,704,0,82,6,591,20,1571,6,2162,Not in California
Unknown,2021-04-21,40,3703,20,2897,20,724,0,82,16,582,25,1596,16,2178,Not in California
Unknown,2021-04-22,24,3727,16,2913,8,732,0,82,6,571,17,1613,6,2184,Not in California
Unknown,2021-04-23,31,3758,16,2929,15,747,0,82,15,572,14,1627,15,2199,Not in California
Unknown,2021-04-24,31,3789,23,2952,8,755,0,82,16,574,14,1641,16,2215,Not in California
Unknown,2021-04-25,20,3809,9,2961,11,766,0,82,7,569,12,1653,7,2222,Not in California
Unknown,2021-04-26,30,3839,18,2979,12,778,0,82,12,564,17,1670,12,2234,Not in California
Unknown,2021-04-27,29,3868,17,2996,11,789,1,83,10,557,18,1688,11,2245,Not in California
Unknown,2021-04-28,28,3896,19,3015,7,796,2,85,8,547,20,1708,10,2255,Not in California
Unknown,2021-04-29,35,3931,23,3038,12,808,0,85,16,542,21,1729,16,2271,Not in California
Unknown,2021-04-30,30,3961,15,3053,10,818,5,90,16,548,15,1744,21,2292,Not in California
Unknown,2021-05-01,27,3988,20,3073,7,825,0,90,15,552,11,1755,15,2307,Not in California
Unknown,2021-05-02,14,4002,6,3079,7,832,1,91,5,550,8,1763,6,2313,Not in California
Unknown,2021-05-03,24,4026,16,3095,5,837,3,94,6,540,18,1781,8,2321,Not in California
Unknown,2021-05-04,18,4044,9,3104,5,842,4,98,6,536,14,1795,10,2331,Not in California
Unknown,2021-05-05,25,4069,10,3114,14,856,1,99,11,534,14,1809,12,2343,Not in California
Unknown,2021-05-06,34,4103,21,3135,6,862,7,106,11,528,24,1833,18,2361,Not in California
Unknown,2021-05-07,27,4130,13,3148,10,872,4,110,10,524,18,1851,14,2375,Not in California
Unknown,2021-05-08,14,4144,9,3157,3,875,2,112,5,523,8,1859,7,2382,Not in California
Unknown,2021-05-09,17,4161,4,3161,9,884,4,116,8,526,9,1868,12,2394,Not in California
Unknown,2021-05-10,21,4182,11,3172,7,891,3,119,3,516,16,1884,6,2400,Not in California
Unknown,2021-05-11,18,4200,9,3181,5,896,4,123,9,520,9,1893,13,2413,Not in California
Unknown,2021-05-12,14,4214,9,3190,4,900,1,124,4,516,9,1902,5,2418,Not in California
Unknown,2021-05-13,18,4232,12,3202,1,901,5,129,11,524,9,1911,17,2435,Not in California
Unknown,2021-05-14,23,4255,18,3220,4,905,1,130,12,526,10,1921,12,2447,Not in California
Unknown,2021-05-15,22,4277,20,3240,2,907,0,130,14,531,9,1930,14,2461,Not in California
Unknown,2021-05-16,25,4302,17,3257,7,914,1,131,14,535,11,1941,15,2476,Not in California
Unknown,2021-05-17,23,4325,17,3274,4,918,2,133,9,533,13,1954,11,2487,Not in California
Unknown,2021-05-18,32,4357,20,3294,10,928,2,135,19,541,13,1967,21,2508,Not in California
Unknown,2021-05-19,30,4387,22,3316,7,935,1,136,10,533,19,1986,11,2519,Not in California
Unknown,2021-05-20,19,4406,15,3331,3,938,1,137,10,536,8,1994,11,2530,Not in California
Unknown,2021-05-21,24,4430,13,3344,7,945,4,141,10,535,15,2009,14,2544,Not in California
Unknown,2021-05-22,26,4456,22,3366,3,948,1,142,11,535,12,2021,12,2556,Not in California
Unknown,2021-05-23,10,4466,7,3373,3,951,0,142,6,537,4,2025,6,2562,Not in California
Unknown,2021-05-24,10,4476,6,3379,3,954,1,143,5,538,5,2030,6,2568,Not in California
Unknown,2021-05-25,21,4497,10,3389,5,959,6,149,7,538,13,2043,13,2581,Not in California
Unknown,2021-05-26,12,4509,9,3398,2,961,1,150,3,535,7,2050,4,2585,Not in California
Unknown,2021-05-27,22,4531,15,3413,5,966,2,152,6,528,15,2065,8,2593,Not in California
Unknown,2021-05-28,22,4553,12,3425,5,971,5,157,12,535,10,2075,17,2610,Not in California
Unknown,2021-05-29,30,4583,25,3450,5,976,0,157,24,553,6,2081,24,2634,Not in California
Unknown,2021-05-30,7,4590,4,3454,2,978,1,158,3,553,4,2085,4,2638,Not in California
Unknown,2021-05-31,1,4591,1,3455,0,978,0,158,0,552,1,2086,0,2638,Not in California
Unknown,2021-06-01,30,4621,17,3472,7,985,6,164,12,554,16,2102,18,2656,Not in California
Unknown,2021-06-02,7,4628,4,3476,3,988,0,164,2,551,5,2107,2,2658,Not in California
Unknown,2021-06-03,17,4645,16,3492,1,989,0,164,8,550,9,2116,8,2666,Not in California
Unknown,2021-06-04,27,4672,17,3509,10,999,0,164,15,553,12,2128,15,2681,Not in California
Unknown,2021-06-05,33,4705,24,3533,8,1007,1,165,19,559,14,2142,20,2701,Not in California
Unknown,2021-06-06,32,4737,24,3557,5,1012,3,168,14,558,18,2160,17,2718,Not in California
Unknown,2021-06-07,21,4758,10,3567,8,1020,3,171,9,558,12,2172,12,2730,Not in California
Unknown,2021-06-08,16,4774,8,3575,5,1025,3,174,5,555,11,2183,8,2738,Not in California
Unknown,2021-06-09,28,4802,18,3593,9,1034,1,175,15,559,12,2195,16,2754,Not in California
Unknown,2021-06-10,14,4816,11,3604,3,1037,0,175,6,557,8,2203,6,2760,Not in California
Unknown,2021-06-11,6,4822,4,3608,1,1038,1,176,5,561,2,2205,6,2766,Not in California
Unknown,2021-06-12,13,4835,9,3617,4,1042,0,176,9,565,5,2210,9,2775,Not in California
Unknown,2021-06-13,10,4845,6,3623,4,1046,0,176,3,561,7,2217,3,2778,Not in California
Unknown,2021-06-14,7,4852,6,3629,1,1047,0,176,3,560,4,2221,3,2781,Not in California
Unknown,2021-06-15,22,4874,13,3642,9,1056,0,176,8,555,13,2234,8,2789,Not in California
Unknown,2021-06-16,6,4880,3,3645,3,1059,0,176,5,559,1,2235,5,2794,Not in California
Unknown,2021-06-17,16,4896,10,3655,4,1063,2,178,11,568,4,2239,13,2807,Not in California
Unknown,2021-06-18,15,4911,11,3666,4,1067,0,178,8,569,7,2246,8,2815,Not in California
Unknown,2021-06-19,13,4924,11,3677,1,1068,1,179,2,561,11,2257,3,2818,Not in California
Unknown,2021-06-20,8,4932,6,3683,1,1069,1,180,3,560,5,2262,4,2822,Not in California
Unknown,2021-06-21,13,4945,9,3692,4,1073,0,180,8,563,5,2267,8,2830,Not in California
Unknown,2021-06-22,18,4963,12,3704,6,1079,0,180,14,573,4,2271,14,2844,Not in California
Unknown,2021-06-23,9,4972,4,3708,4,1083,1,181,6,577,3,2274,7,2851,Not in California
Unknown,2021-06-24,11,4983,5,3713,5,1088,1,182,6,579,5,2279,7,2858,Not in California
Unknown,2021-06-25,13,4996,12,3725,1,1089,0,182,8,583,4,2283,8,2866,Not in California
Unknown,2021-06-26,13,5009,13,3738,0,1089,0,182,10,590,3,2286,10,2876,Not in California
Unknown,2021-06-27,24,5033,19,3757,3,1092,2,184,12,592,12,2298,14,2890,Not in California
Unknown,2021-06-28,16,5049,13,3770,3,1095,0,184,11,598,5,2303,11,2901,Not in California
Unknown,2021-06-29,8,5057,6,3776,2,1097,0,184,7,604,1,2304,7,2908,Not in California
Unknown,2021-06-30,22,5079,21,3797,1,1098,0,184,12,606,10,2314,12,2920,Not in California
Unknown,2021-07-01,21,5100,20,3817,1,1099,0,184,15,617,4,2318,15,2935,Not in California
Unknown,2021-07-02,8,5108,5,3822,3,1102,0,184,5,619,3,2321,5,2940,Not in California
Unknown,2021-07-03,8,5116,8,3830,0,1102,0,184,4,619,4,2325,4,2944,Not in California
Unknown,2021-07-04,2,5118,2,3832,0,1102,0,184,0,617,2,2327,0,2944,Not in California
Unknown,2021-07-05,24,5142,19,3851,4,1106,1,185,17,628,7,2334,18,2962,Not in California
Unknown,2021-07-06,8,5150,5,3856,3,1109,0,185,3,626,5,2339,3,2965,Not in California
Alameda,2020-12-15,37,37,37,37,0,0,0,0,37,37,0,0,37,37,California
Alameda,2020-12-16,211,248,211,248,0,0,0,0,211,248,0,0,211,248,California
Alameda,2020-12-17,512,760,512,760,0,0,0,0,512,760,0,0,512,760,California
Alameda,2020-12-18,1917,2677,1916,2676,1,1,0,0,1917,2677,0,0,1917,2677,California
Alameda,2020-12-19,1431,4108,1431,4107,0,1,0,0,1431,4108,0,0,1431,4108,California
Alameda,2020-12-20,1181,5289,1180,5287,1,2,0,0,1180,5287,1,1,1180,5288,California
Alameda,2020-12-21,1851,7140,1849,7136,2,4,0,0,1850,7137,0,1,1850,7138,California
Alameda,2020-12-22,2102,9242,2048,9184,54,58,0,0,2101,9237,1,2,2101,9239,California
Alameda,2020-12-23,1935,11177,1680,10864,255,313,0,0,1935,11172,0,2,1935,11174,California
Alameda,2020-12-24,1218,12395,755,11619,463,776,0,0,1218,12390,0,2,1218,12392,California
Alameda,2020-12-25,163,12558,126,11745,37,813,0,0,163,12553,0,2,163,12555,California
Alameda,2020-12-26,861,13419,324,12069,537,1350,0,0,861,13414,0,2,861,13416,California
Alameda,2020-12-27,498,13917,257,12326,241,1591,0,0,498,13912,0,2,498,13914,California
Alameda,2020-12-28,1889,15806,966,13292,923,2514,0,0,1889,15801,0,2,1889,15803,California
Alameda,2020-12-29,2488,18294,1080,14372,1408,3922,0,0,2487,18288,0,2,2487,18290,California
Alameda,2020-12-30,3100,21394,1329,15701,1771,5693,0,0,3100,21388,0,2,3100,21390,California
Alameda,2020-12-31,1803,23197,448,16149,1355,7048,0,0,1800,23186,2,4,1800,23190,California
Alameda,2021-01-01,178,23375,76,16225,102,7150,0,0,176,23360,2,6,176,23366,California
Alameda,2021-01-02,732,24107,527,16752,205,7355,0,0,731,24091,0,6,731,24097,California
Alameda,2021-01-03,335,24442,217,16969,118,7473,0,0,332,24420,3,9,332,24429,California
Alameda,2021-01-04,1623,26065,915,17884,708,8181,0,0,1611,26020,11,20,1611,26040,California
Alameda,2021-01-05,2227,28292,1284,19168,943,9124,0,0,1973,27742,251,271,1973,28013,California
Alameda,2021-01-06,3287,31579,1816,20984,1471,10595,0,0,2408,29276,876,1147,2410,30423,California
Alameda,2021-01-07,3836,35415,2154,23138,1682,12277,0,0,2643,30740,1184,2331,2648,33071,California
Alameda,2021-01-08,4782,40197,2735,25873,2047,14324,0,0,3039,32046,1738,4069,3044,36115,California
Alameda,2021-01-09,2036,42233,1385,27258,651,14975,0,0,1171,32352,865,4934,1171,37286,California
Alameda,2021-01-10,1067,43300,841,28099,226,15201,0,0,429,32142,639,5573,429,37715,California
Alameda,2021-01-11,4683,47983,3542,31641,1141,16342,0,0,2868,33204,1813,7386,2875,40590,California
Alameda,2021-01-12,4869,52852,3284,34925,1585,17927,0,0,3463,35267,1403,8789,3466,44056,California
Alameda,2021-01-13,5081,57933,2703,37628,2378,20305,0,0,3876,37944,1201,9990,3878,47934,California
Alameda,2021-01-14,5687,63620,2814,40442,2873,23178,0,0,4786,41841,892,10882,4789,52723,California
Alameda,2021-01-15,5877,69497,2337,42779,3540,26718,0,0,5091,46157,779,11661,5095,57818,California
Alameda,2021-01-16,3008,72505,1402,44181,1606,28324,0,0,2736,48621,273,11934,2737,60555,California
Alameda,2021-01-17,1882,74387,1090,45271,792,29116,0,0,1674,50088,208,12142,1675,62230,California
Alameda,2021-01-18,3197,77584,2052,47323,1145,30261,0,0,2601,52100,591,12733,2603,64833,California
Alameda,2021-01-19,5557,83141,3335,50658,2222,32483,0,0,4356,55259,1199,13932,4358,69191,California
Alameda,2021-01-20,6937,90078,4242,54900,2695,35178,0,0,5632,59604,1291,15223,5636,74827,California
Alameda,2021-01-21,8184,98262,3769,58669,4415,39593,0,0,7326,66085,850,16073,7331,82158,California
Alameda,2021-01-22,6915,105177,2066,60735,4849,44442,0,0,5760,70700,1146,17219,5761,87919,California
Alameda,2021-01-23,3302,108479,953,61688,2349,46791,0,0,2743,72886,557,17776,2743,90662,California
Alameda,2021-01-24,2049,110528,656,62344,1393,48184,0,0,1774,74389,271,18047,1774,92436,California
Alameda,2021-01-25,5218,115746,1984,64328,3234,51418,0,0,3632,76445,1578,19625,3634,96070,California
Alameda,2021-01-26,7362,123108,2323,66651,5039,56457,0,0,5461,80015,1892,21517,5462,101532,California
Alameda,2021-01-27,6760,129868,2083,68734,4677,61134,0,0,4879,83023,1871,23388,4879,106411,California
Alameda,2021-01-28,7933,137801,2564,71298,5369,66503,0,0,5678,86464,2239,25627,5680,112091,California
Alameda,2021-01-29,8026,145827,3197,74495,4829,71332,0,0,6172,90796,1842,27469,6174,118265,California
Alameda,2021-01-30,3465,149292,1697,76192,1768,73100,0,0,2748,92833,711,28180,2748,121013,California
Alameda,2021-01-31,1935,151227,959,77151,976,74076,0,0,1694,94290,237,28417,1694,122707,California
Alameda,2021-02-01,6516,157743,3887,81038,2629,76705,0,0,4358,96501,2148,30565,4359,127066,California
Alameda,2021-02-02,7094,164837,3818,84856,3276,79981,0,0,4742,98902,2341,32906,4742,131808,California
Alameda,2021-02-03,7163,172000,3780,88636,3383,83364,0,0,4413,100577,2743,35649,4418,136226,California
Alameda,2021-02-04,9613,181613,4174,92810,5439,88803,0,0,6459,103902,3140,38789,6465,142691,California
Alameda,2021-02-05,10411,192024,5425,98235,4986,93789,0,0,6498,106502,3905,42694,6505,149196,California
Alameda,2021-02-06,7049,199073,4466,102701,2583,96372,0,0,5898,111254,1147,43841,5899,155095,California
Alameda,2021-02-07,3592,202665,2895,105596,697,97069,0,0,2644,112955,944,44785,2645,157740,California
Alameda,2021-02-08,8173,210838,5840,111436,2333,99402,0,0,5571,115937,2591,47376,5573,163313,California
Alameda,2021-02-09,9765,220603,5876,117312,3889,103291,0,0,6089,118373,3655,51031,6091,169404,California
Alameda,2021-02-10,11589,232192,6841,124153,4748,108039,0,0,6502,119814,5069,56100,6510,175914,California
Alameda,2021-02-11,14074,246266,8073,132226,6001,114040,0,0,8150,122060,5907,62007,8153,184067,California
Alameda,2021-02-12,12662,258928,5764,137990,6898,120938,0,0,7823,125073,4813,66820,7826,191893,California
Alameda,2021-02-13,7872,266800,4087,142077,3785,124723,0,0,5878,128967,1986,68806,5880,197773,California
Alameda,2021-02-14,4065,270865,2562,144639,1503,126226,0,0,2879,130668,1181,69987,2882,200655,California
Alameda,2021-02-15,5705,276570,3207,147846,2498,128724,0,0,3702,132372,2001,71988,3705,204360,California
Alameda,2021-02-16,12631,289201,7017,154863,5614,134338,0,0,9350,138463,3268,75256,9359,213719,California
Alameda,2021-02-17,14300,303501,8494,163357,5806,140144,0,0,10598,145381,3682,78938,10600,224319,California
Alameda,2021-02-18,16077,319578,10208,173565,5869,146013,0,0,11654,152630,4411,83349,11660,235979,California
Alameda,2021-02-19,18051,337629,11727,185292,6324,152337,0,0,11898,158404,6129,89478,11903,247882,California
Alameda,2021-02-20,12215,349844,9873,195165,2342,154679,0,0,9359,164919,2850,92328,9365,257247,California
Alameda,2021-02-21,7979,357823,6997,202162,982,155661,0,0,5360,167673,2607,94935,5361,262608,California
Alameda,2021-02-22,11400,369223,8418,210580,2982,158643,0,0,7155,170610,4227,99162,7164,269772,California
Alameda,2021-02-23,13515,382738,8191,218771,5324,163967,0,0,8373,173860,5130,104292,8380,278152,California
Alameda,2021-02-24,15322,398060,8626,227397,6696,170663,0,0,9897,178406,5356,109648,9902,288054,California
Alameda,2021-02-25,16294,414354,9452,236849,6842,177505,0,0,10261,182678,5996,115644,10268,298322,California
Alameda,2021-02-26,18838,433192,11008,247857,7830,185335,0,0,11951,187798,6837,122481,11957,310279,California
Alameda,2021-02-27,15301,448493,11300,259157,3999,189334,2,2,9435,191403,5835,128316,9440,319719,California
Alameda,2021-02-28,10165,458658,8476,267633,1688,191022,1,3,6581,194430,3557,131873,6584,326303,California
Alameda,2021-03-01,14190,472848,9810,277443,4368,195390,12,15,8670,197650,5469,137342,8689,334992,California
Alameda,2021-03-02,15125,487973,10875,288318,4248,199638,2,17,9883,202326,5217,142559,9893,344885,California
Alameda,2021-03-03,15947,503920,10456,298774,5488,205126,3,20,10898,208214,5018,147577,10906,355791,California
Alameda,2021-03-04,17579,521499,11277,310051,6300,211426,2,22,11062,212806,6472,154049,11064,366855,California
Alameda,2021-03-05,16419,537918,10743,320794,5666,217092,10,32,11063,218577,5309,159358,11080,377935,California
Alameda,2021-03-06,14691,552609,10319,331113,4106,221198,266,298,9696,223596,4944,164302,9963,387898,California
Alameda,2021-03-07,9831,562440,8532,339645,1212,222410,87,385,7023,227933,2775,167077,7112,395010,California
Alameda,2021-03-08,12064,574504,7514,347159,4168,226578,382,767,9019,234337,2993,170070,9397,404407,California
Alameda,2021-03-09,14828,589332,10382,357541,4014,230592,432,1199,8071,236119,6721,176791,8503,412910,California
Alameda,2021-03-10,17688,607020,12237,369778,4884,235476,567,1766,7951,234925,9704,186495,8510,421420,California
Alameda,2021-03-11,19957,626977,11688,381466,6550,242026,1719,3485,6781,230259,13143,199638,8477,429897,California
Alameda,2021-03-12,21557,648534,12600,394066,7250,249276,1707,5192,7441,225307,14082,213720,9130,439027,California
Alameda,2021-03-13,16255,664789,10411,404477,4834,254110,1010,6202,5161,220407,11058,224778,6158,445185,California
Alameda,2021-03-14,10955,675744,8059,412536,2104,256214,792,6994,3315,216885,7617,232395,4095,449280,California
Alameda,2021-03-15,14599,690343,9541,422077,4524,260738,534,7528,6186,215222,8378,240773,6715,455995,California
Alameda,2021-03-16,17413,707756,11283,433360,5583,266321,547,8075,7340,213094,10017,250790,7889,463884,California
Alameda,2021-03-17,17822,725578,10116,443476,6970,273291,736,8811,8198,212448,9575,260365,8929,472813,California
Alameda,2021-03-18,19504,745082,10674,454150,7928,281219,902,9713,8821,211524,10647,271012,9723,482536,California
Alameda,2021-03-19,19768,764850,10879,465029,7089,288308,1800,11513,7796,209188,11917,282929,9581,492117,California
Alameda,2021-03-20,15935,780785,10441,475470,4633,292941,861,12374,6386,206914,9511,292440,7237,499354,California
Alameda,2021-03-21,9349,790134,7353,482823,1440,294381,556,12930,3476,205084,5861,298301,4031,503385,California
Alameda,2021-03-22,15339,805473,10334,493157,3993,298374,1012,13942,6974,204730,8330,306631,7976,511361,California
Alameda,2021-03-23,19632,825105,11913,505070,6904,305278,815,14757,9970,205907,9610,316241,10787,522148,California
Alameda,2021-03-24,19540,844645,11819,516889,6692,311970,1029,15786,8491,204432,10982,327223,9507,531655,California
Alameda,2021-03-25,20815,865460,11593,528482,7811,319781,1411,17197,9525,204138,11216,338439,10922,542577,California
Alameda,2021-03-26,21212,886672,12801,541283,6840,326621,1571,18768,8591,201713,12568,351007,10143,552720,California
Alameda,2021-03-27,18508,905180,12622,553905,4929,331550,957,19725,7588,199384,10861,361868,8532,561252,California
Alameda,2021-03-28,10725,915905,8729,562634,1794,333344,202,19927,3489,195863,7216,369084,3695,564947,California
Alameda,2021-03-29,14937,930842,9525,572159,4412,337756,1000,20927,5985,193935,8910,377994,6982,571929,California
Alameda,2021-03-30,18880,949722,9935,582094,7216,344972,1729,22656,9480,195767,9364,387358,11196,583125,California
Alameda,2021-03-31,19689,969411,10395,592489,7177,352149,2117,24773,9224,196657,10433,397791,11323,594448,California
Alameda,2021-04-01,23624,993035,10156,602645,7755,359904,5713,30486,11240,201224,12325,410116,16892,611340,California
Alameda,2021-04-02,24414,1017449,10030,612675,8482,368386,5902,36388,11861,206417,12511,422627,17704,629044,California
Alameda,2021-04-03,20529,1037978,9929,622604,5726,374112,4874,41262,10377,211509,10125,432752,15217,644261,California
Alameda,2021-04-04,10022,1048000,4008,626612,2303,376415,3711,44973,3477,212151,6523,439275,7165,651426,California
Alameda,2021-04-05,18006,1066006,7603,634215,5589,382004,4814,49787,7361,213693,10616,449891,12158,663584,California
Alameda,2021-04-06,22463,1088469,10824,645039,5761,387765,5878,55665,10233,217572,12189,462080,16068,679652,California
Alameda,2021-04-07,22808,1111277,11722,656761,5586,393351,5500,61165,11529,223347,11230,473310,17005,696657,California
Alameda,2021-04-08,25820,1137097,11675,668436,6104,399455,8041,69206,11062,227740,14675,487985,19068,715725,California
Alameda,2021-04-09,23699,1160796,10834,679270,7594,407049,5271,74477,12197,233729,11462,499447,17451,733176,California
Alameda,2021-04-10,19487,1180283,7524,686794,5723,412772,6240,80717,8284,237051,11173,510620,14495,747671,California
Alameda,2021-04-11,11115,1191398,4873,691667,2279,415051,3963,84680,4515,238924,6581,517201,8454,756125,California
Alameda,2021-04-12,18314,1209712,11883,703550,4435,419486,1996,86676,10302,243246,7969,525170,12291,768416,California
Alameda,2021-04-13,23292,1233004,14759,718309,8472,427958,61,86737,17099,254278,6135,531305,17167,785583,California
Alameda,2021-04-14,23406,1256410,15348,733657,8056,436014,2,86739,15666,262255,7696,539001,15673,801256,California
Alameda,2021-04-15,24494,1280904,15625,749282,8864,444878,5,86744,16136,270114,8291,547292,16150,817406,California
Alameda,2021-04-16,24906,1305810,14662,763944,10238,455116,6,86750,15892,277081,8946,556238,15913,833319,California
Alameda,2021-04-17,21219,1327029,14661,778605,6556,461672,2,86752,14662,285245,6514,562752,14678,847997,California
Alameda,2021-04-18,10438,1337467,8060,786665,2378,464050,0,86752,7210,289271,3193,565945,7219,855216,California
Alameda,2021-04-19,15988,1353455,9939,796604,6048,470098,1,86753,9238,291811,6708,572653,9248,864464,California
Alameda,2021-04-20,19011,1372466,11764,808368,7245,477343,2,86755,10336,293550,8618,581271,10357,874821,California
Alameda,2021-04-21,20457,1392923,12292,820660,8153,485496,12,86767,11799,296791,8591,589862,11832,886653,California
Alameda,2021-04-22,22141,1415064,14392,835052,7744,493240,5,86772,11734,298212,10344,600206,11765,898418,California
Alameda,2021-04-23,22508,1437572,14703,849755,7801,501041,4,86776,12501,300810,9936,610142,12534,910952,California
Alameda,2021-04-24,19081,1456653,14472,864227,4601,505642,8,86784,10068,301940,8962,619104,10092,921044,California
Alameda,2021-04-25,9030,1465683,7025,871252,2004,507646,1,86785,5906,304763,3095,622199,5918,926962,California
Alameda,2021-04-26,14874,1480557,10328,881580,4520,512166,26,86811,9104,308174,5731,627930,9142,936104,California
Alameda,2021-04-27,16720,1497277,9958,891538,6394,518560,368,87179,7838,307578,8826,636756,8230,944334,California
Alameda,2021-04-28,17076,1514353,10889,902427,5718,524278,469,87648,6905,304835,10133,646889,7390,951724,California
Alameda,2021-04-29,17734,1532087,10748,913175,6654,530932,332,87980,6605,300733,11063,657952,6961,958685,California
Alameda,2021-04-30,20578,1552665,12948,926123,7284,538216,346,88326,8473,297584,12013,669965,8864,967549,California
Alameda,2021-05-01,14103,1566768,9433,935556,4459,542675,211,88537,5265,294294,8795,678760,5505,973054,California
Alameda,2021-05-02,7110,1573878,4964,940520,1975,544650,171,88708,2899,293176,4191,682951,3073,976127,California
Alameda,2021-05-03,14627,1588505,10998,951518,3308,547958,321,89029,2862,284688,11703,694654,3215,979342,California
Alameda,2021-05-04,18883,1607388,13649,965167,4871,552829,363,89392,3803,273886,15004,709658,4202,983544,California
Alameda,2021-05-05,18785,1626173,13730,978897,4546,557375,509,89901,3835,263364,14884,724542,4362,987906,California
Alameda,2021-05-06,19274,1645447,14669,993566,3910,561285,695,90596,3777,252435,15415,739957,4486,992392,California
Alameda,2021-05-07,19506,1664953,13176,1006742,5912,567197,418,91014,4470,242379,14961,754918,4905,997297,California
Alameda,2021-05-08,17092,1682045,11860,1018602,5019,572216,213,91227,3265,232087,13786,768704,3494,1000791,California
Alameda,2021-05-09,8581,1690626,7024,1025626,1414,573630,143,91370,1328,226332,7231,775935,1476,1002267,California
Alameda,2021-05-10,10425,1701051,7198,1032824,2900,576530,327,91697,2510,221300,7879,783814,2847,1005114,California
Alameda,2021-05-11,15722,1716773,8625,1041449,6781,583311,316,92013,2807,211598,12863,796677,3161,1008275,California
Alameda,2021-05-12,13529,1730302,9030,1050479,4055,587366,444,92457,2712,204022,10769,807446,3193,1011468,California
Alameda,2021-05-13,18077,1748379,13015,1063494,4519,591885,543,93000,5739,198059,12285,819731,6322,1017790,California
Alameda,2021-05-14,20841,1769220,14165,1077659,6210,598095,466,93466,7065,191912,13692,833423,7545,1025335,California
Alameda,2021-05-15,17343,1786563,12657,1090316,4453,602548,233,93699,5932,186723,11360,844783,6171,1031506,California
Alameda,2021-05-16,8899,1795462,7653,1097969,1140,603688,106,93805,3142,184253,5723,850506,3253,1034759,California
Alameda,2021-05-17,13564,1809026,10113,1108082,2919,606607,532,94337,4197,179670,9325,859831,4742,1039501,California
Alameda,2021-05-18,14282,1823308,10389,1118471,3468,610075,425,94762,4983,175828,9252,869083,5410,1044911,California
Alameda,2021-05-19,14536,1837844,9974,1128445,4224,614299,338,95100,5881,173447,8602,877685,6221,1051132,California
Alameda,2021-05-20,13438,1851282,8884,1137329,4018,618317,536,95636,5745,172092,7636,885321,6281,1057413,California
Alameda,2021-05-21,15300,1866582,10060,1147389,4969,623286,271,95907,5068,167275,10161,895482,5344,1062757,California
Alameda,2021-05-22,10365,1876947,7483,1154872,2714,626000,168,96075,4191,165497,6140,901622,4362,1067119,California
Alameda,2021-05-23,5139,1882086,3960,1158832,1090,627090,89,96164,1681,163831,3437,905059,1771,1068890,California
Alameda,2021-05-24,7277,1889363,4246,1163078,2771,629861,260,96424,2823,162506,4413,909472,3088,1071978,California
Alameda,2021-05-25,8034,1897397,5195,1168273,2577,632438,262,96686,3520,161805,4478,913950,3777,1075755,California
Alameda,2021-05-26,8296,1905693,5185,1173458,2809,635247,302,96988,3579,160990,4690,918640,3875,1079630,California
Alameda,2021-05-27,8163,1913856,4880,1178338,2882,638129,401,97389,3340,159946,4781,923421,3737,1083367,California
Alameda,2021-05-28,8632,1922488,5052,1183390,3352,641481,228,97617,3598,158769,5005,928426,3828,1087195,California
Alameda,2021-05-29,4962,1927450,3005,1186395,1770,643251,187,97804,2454,158925,2487,930913,2643,1089838,California
Alameda,2021-05-30,2467,1929917,1618,1188013,760,644011,89,97893,973,158503,1484,932397,1062,1090900,California
Alameda,2021-05-31,1161,1931078,859,1188872,247,644258,55,97948,347,158107,798,933195,402,1091302,California
Alameda,2021-06-01,7121,1938199,4985,1193857,1890,646148,246,98194,2954,157166,4139,937334,3198,1094500,California
Alameda,2021-06-02,5825,1944024,3622,1197479,1979,648127,224,98418,2180,155952,3610,940944,2396,1096896,California
Alameda,2021-06-03,8488,1952512,6414,1203893,1793,649920,281,98699,2767,153313,5682,946626,3043,1099939,California
Alameda,2021-06-04,10476,1962988,7722,1211615,2512,652432,242,98941,2829,148778,7607,954233,3072,1103011,California
Alameda,2021-06-05,8104,1971092,5894,1217509,2049,654481,161,99102,1790,144447,6279,960512,1948,1104959,California
Alameda,2021-06-06,3685,1974777,3326,1220835,278,654759,81,99183,861,142573,2816,963328,942,1105901,California
Alameda,2021-06-07,5867,1980644,4277,1225112,1413,656172,177,99360,1717,140341,4126,967454,1894,1107795,California
Alameda,2021-06-08,7273,1987917,5814,1230926,1216,657388,243,99603,2098,137532,5148,972602,2339,1110134,California
Alameda,2021-06-09,7296,1995213,5965,1236891,1135,658523,196,99799,1671,133795,5598,978200,1861,1111995,California
Alameda,2021-06-10,8013,2003226,6705,1243596,1002,659525,306,100105,2132,130374,5856,984056,2435,1114430,California
Alameda,2021-06-11,8067,2011293,6183,1249779,1660,661185,224,100329,2462,127488,5576,989632,2690,1117120,California
Alameda,2021-06-12,5507,2016800,4223,1254002,1096,662281,188,100517,1366,124929,4117,993749,1558,1118678,California
Alameda,2021-06-13,2314,2019114,1764,1255766,428,662709,122,100639,665,124076,1638,995387,785,1119463,California
Alameda,2021-06-14,4583,2023697,3445,1259211,927,663636,211,100850,1543,122811,3018,998405,1753,1121216,California
Alameda,2021-06-15,6014,2029711,4370,1263581,1362,664998,282,101132,1788,120693,4187,1002592,2069,1123285,California
Alameda,2021-06-16,5153,2034864,4115,1267696,834,665832,204,101336,1524,118807,3611,1006203,1725,1125010,California
Alameda,2021-06-17,5582,2040446,4517,1272213,834,666666,231,101567,1836,117163,3713,1009916,2069,1127079,California
Alameda,2021-06-18,5930,2046376,4476,1276689,1201,667867,253,101820,1977,115462,3928,1013844,2227,1129306,California
Alameda,2021-06-19,3461,2049837,2622,1279311,680,668547,159,101979,1056,114284,2392,1016236,1214,1130520,California
Alameda,2021-06-20,1397,2051234,1165,1280476,186,668733,46,102025,518,113973,873,1017109,562,1131082,California
Alameda,2021-06-21,2714,2053948,1846,1282322,707,669440,161,102186,1388,114212,1310,1018419,1549,1132631,California
Alameda,2021-06-22,4576,2058524,3545,1285867,837,670277,194,102380,1405,112655,3154,1021573,1597,1134228,California
Alameda,2021-06-23,3503,2062027,2694,1288561,623,670900,186,102566,1180,111709,2308,1023881,1362,1135590,California
Alameda,2021-06-24,4396,2066423,3510,1292071,650,671550,236,102802,1509,110587,2865,1026746,1743,1137333,California
Alameda,2021-06-25,4613,2071036,3463,1295534,948,672498,202,103004,1708,109609,2888,1029634,1910,1139243,California
Alameda,2021-06-26,3076,2074112,2261,1297795,650,673148,165,103169,1068,108853,1988,1031622,1232,1140475,California
Alameda,2021-06-27,1302,2075414,1069,1298864,186,673334,47,103216,512,108629,783,1032405,559,1141034,California
Alameda,2021-06-28,2910,2078324,2364,1301228,350,673684,196,103412,1138,108212,1750,1034155,1333,1142367,California
Alameda,2021-06-29,3685,2082009,2949,1304177,598,674282,138,103550,1287,107254,2382,1036537,1424,1143791,California
Alameda,2021-06-30,2857,2084866,2229,1306406,495,674777,133,103683,1066,106671,1780,1038317,1197,1144988,California
Alameda,2021-07-01,3456,2088322,2724,1309130,583,675360,149,103832,1240,105863,2194,1040511,1386,1146374,California
Alameda,2021-07-02,3971,2092293,2987,1312117,816,676176,168,104000,1445,104970,2499,1043010,1606,1147980,California
Alameda,2021-07-03,2044,2094337,1492,1313609,463,676639,89,104089,801,104629,1230,1044240,889,1148869,California
Alameda,2021-07-04,95,2094432,60,1313669,30,676669,5,104094,41,104622,53,1044293,46,1148915,California
Alameda,2021-07-05,1595,2096027,1333,1315002,204,676873,58,104152,711,104513,876,1045169,767,1149682,California
Alameda,2021-07-06,2900,2098927,2315,1317317,490,677363,95,104247,914,103552,1970,1047139,1009,1150691,California
Alpine,2020-12-18,2,2,2,2,0,0,0,0,2,2,0,0,2,2,California
Alpine,2020-12-19,2,4,2,4,0,0,0,0,2,4,0,0,2,4,California
Alpine,2020-12-21,2,6,2,6,0,0,0,0,2,6,0,0,2,6,California
Alpine,2020-12-29,1,7,0,6,1,1,0,0,1,7,0,0,1,7,California
Alpine,2020-12-30,14,21,0,6,14,15,0,0,14,21,0,0,14,21,California
Alpine,2020-12-31,1,22,0,6,1,16,0,0,1,22,0,0,1,22,California
Alpine,2021-01-01,1,23,0,6,1,17,0,0,1,23,0,0,1,23,California
Alpine,2021-01-02,1,24,1,7,0,17,0,0,1,24,0,0,1,24,California
Alpine,2021-01-04,10,34,0,7,10,27,0,0,10,34,0,0,10,34,California
Alpine,2021-01-05,9,43,1,8,8,35,0,0,9,43,0,0,9,43,California
Alpine,2021-01-06,31,74,0,8,31,66,0,0,31,74,0,0,31,74,California
Alpine,2021-01-07,8,82,0,8,8,74,0,0,8,82,0,0,8,82,California
Alpine,2021-01-08,4,86,2,10,2,76,0,0,2,82,2,2,2,84,California
Alpine,2021-01-09,2,88,2,12,0,76,0,0,0,80,2,4,0,84,California
Alpine,2021-01-11,32,120,1,13,31,107,0,0,31,110,1,5,31,115,California
Alpine,2021-01-13,35,155,0,13,35,142,0,0,35,145,0,5,35,150,California
Alpine,2021-01-14,1,156,0,13,1,143,0,0,1,146,0,5,1,151,California
Alpine,2021-01-15,1,157,0,13,1,144,0,0,1,147,0,5,1,152,California
Alpine,2021-01-18,1,158,1,14,0,144,0,0,1,148,0,5,1,153,California
Alpine,2021-01-20,21,179,0,14,21,165,0,0,21,169,0,5,21,174,California
Alpine,2021-01-21,1,180,0,14,1,166,0,0,1,170,0,5,1,175,California
Alpine,2021-01-22,33,213,0,14,33,199,0,0,33,203,0,5,33,208,California
Alpine,2021-01-23,1,214,1,15,0,199,0,0,0,202,1,6,0,208,California
Alpine,2021-01-25,16,230,0,15,16,215,0,0,16,218,0,6,16,224,California
Alpine,2021-01-26,1,231,0,15,1,216,0,0,0,217,1,7,0,224,California
Alpine,2021-01-27,1,232,1,16,0,216,0,0,0,216,1,8,0,224,California
Alpine,2021-01-28,1,233,0,16,1,217,0,0,0,215,1,9,0,224,California
Alpine,2021-01-29,1,234,0,16,1,218,0,0,1,216,0,9,1,225,California
Alpine,2021-02-01,25,259,0,16,25,243,0,0,7,205,18,27,7,232,California
Alpine,2021-02-03,34,293,0,16,34,277,0,0,10,191,24,51,10,242,California
Alpine,2021-02-04,8,301,0,16,8,285,0,0,3,189,5,56,3,245,California
Alpine,2021-02-05,32,333,1,17,31,316,0,0,12,181,20,76,12,257,California
Alpine,2021-02-07,1,334,1,18,0,316,0,0,1,182,0,76,1,258,California
Alpine,2021-02-08,32,366,0,18,32,348,0,0,4,158,28,104,4,262,California
Alpine,2021-02-10,34,400,0,18,34,382,0,0,0,124,34,138,0,262,California
Alpine,2021-02-11,6,406,0,18,6,388,0,0,3,124,3,141,3,265,California
Alpine,2021-02-12,1,407,0,18,1,389,0,0,0,123,1,142,0,265,California
Alpine,2021-02-17,23,430,0,18,23,412,0,0,3,106,20,162,3,268,California
Alpine,2021-02-18,2,432,0,18,2,414,0,0,1,106,1,163,1,269,California
Alpine,2021-02-19,34,466,1,19,33,447,0,0,2,76,32,195,2,271,California
Alpine,2021-02-22,27,493,0,19,27,474,0,0,8,65,19,214,8,279,California
Alpine,2021-02-24,1,494,1,20,0,474,0,0,1,66,0,214,1,280,California
Alpine,2021-02-25,6,500,1,21,5,479,0,0,6,72,0,214,6,286,California
Alpine,2021-02-26,30,530,1,22,29,508,0,0,29,100,1,215,29,315,California
Alpine,2021-02-27,1,531,0,22,1,509,0,0,1,101,0,215,1,316,California
Alpine,2021-03-01,36,567,0,22,36,545,0,0,26,117,10,225,26,342,California
Alpine,2021-03-03,30,597,1,23,29,574,0,0,18,123,12,237,18,360,California
Alpine,2021-03-04,10,607,0,23,10,584,0,0,10,133,0,237,10,370,California
Alpine,2021-03-05,30,637,0,23,30,614,0,0,22,147,8,245,22,392,California
Alpine,2021-03-08,31,668,0,23,31,645,0,0,29,174,2,247,29,421,California
Alpine,2021-03-10,73,741,0,23,73,718,0,0,73,247,0,247,73,494,California
Alpine,2021-03-11,35,776,0,23,35,753,0,0,31,274,4,251,31,525,California
Alpine,2021-03-12,19,795,0,23,19,772,0,0,17,289,2,253,17,542,California
Alpine,2021-03-15,21,816,1,24,20,792,0,0,20,308,1,254,20,562,California
Alpine,2021-03-17,23,839,0,24,22,814,1,1,19,324,4,258,20,582,California
Alpine,2021-03-18,38,877,3,27,35,849,0,1,35,356,3,261,35,617,California
Alpine,2021-03-19,2,879,1,28,1,850,0,1,1,356,1,262,1,618,California
Alpine,2021-03-22,24,903,0,28,24,874,0,1,15,362,9,271,15,633,California
Alpine,2021-03-24,19,922,0,28,19,893,0,1,8,359,11,282,8,641,California
Alpine,2021-03-25,34,956,0,28,33,926,1,2,27,381,6,288,28,669,California
Alpine,2021-03-27,1,957,0,28,1,927,0,2,0,380,1,289,0,669,California
Alpine,2021-03-28,1,958,1,29,0,927,0,2,1,381,0,289,1,670,California
Alpine,2021-03-29,19,977,0,29,18,945,1,3,2,367,17,306,3,673,California
Alpine,2021-04-01,18,995,0,29,18,963,0,3,8,365,10,316,8,681,California
Alpine,2021-04-02,101,1096,1,30,100,1063,0,3,46,357,54,370,46,727,California
Alpine,2021-04-05,4,1100,1,31,3,1066,0,3,0,353,4,374,0,727,California
Alpine,2021-04-06,3,1103,2,33,1,1067,0,3,2,354,1,375,2,729,California
Alpine,2021-04-07,117,1220,0,33,116,1183,1,4,30,299,86,461,31,760,California
Alpine,2021-04-08,37,1257,0,33,35,1218,2,6,10,284,27,488,12,772,California
Alpine,2021-04-09,2,1259,0,33,2,1220,0,6,2,286,0,488,2,774,California
Alpine,2021-04-14,47,1306,0,33,47,1267,0,6,10,259,37,525,10,784,California
Alpine,2021-04-15,35,1341,0,33,35,1302,0,6,3,230,32,557,3,787,California
Alpine,2021-04-16,1,1342,0,33,1,1303,0,6,1,231,0,557,1,788,California
Alpine,2021-04-19,1,1343,0,33,1,1304,0,6,1,232,0,557,1,789,California
Alpine,2021-04-21,31,1374,0,33,31,1335,0,6,15,231,16,573,15,804,California
Alpine,2021-04-22,24,1398,0,33,24,1359,0,6,1,209,23,596,1,805,California
Alpine,2021-04-24,2,1400,2,35,0,1359,0,6,0,208,2,598,1,806,California
Alpine,2021-04-25,1,1401,1,36,0,1359,0,6,0,207,1,599,0,806,California
Alpine,2021-04-27,2,1403,1,37,1,1360,0,6,1,207,1,600,1,807,California
Alpine,2021-04-28,36,1439,0,37,36,1396,0,6,6,183,30,630,6,813,California
Alpine,2021-04-29,7,1446,1,38,6,1402,0,6,1,178,6,636,1,814,California
Alpine,2021-04-30,2,1448,1,39,0,1402,1,7,1,179,1,637,2,816,California
Alpine,2021-05-02,1,1449,0,39,0,1402,1,8,0,179,1,638,1,817,California
Alpine,2021-05-05,17,1466,0,39,17,1419,0,8,4,170,13,651,4,821,California
Alpine,2021-05-06,8,1474,0,39,8,1427,0,8,0,162,8,659,0,821,California
Alpine,2021-05-07,1,1475,0,39,1,1428,0,8,0,161,1,660,0,821,California
Alpine,2021-05-10,1,1476,0,39,1,1429,0,8,1,162,0,660,1,822,California
Alpine,2021-05-12,1,1477,0,39,0,1429,1,9,0,162,1,661,1,823,California
Alpine,2021-05-13,3,1480,0,39,3,1432,0,9,0,159,3,664,0,823,California
Alpine,2021-05-17,2,1482,0,39,2,1434,0,9,1,159,1,665,1,824,California
Alpine,2021-05-18,1,1483,0,39,1,1435,0,9,1,160,0,665,1,825,California
Alpine,2021-05-19,15,1498,0,39,15,1450,0,9,0,145,15,680,0,825,California
Alpine,2021-05-20,1,1499,1,40,0,1450,0,9,0,144,1,681,0,825,California
Alpine,2021-05-21,1,1500,1,41,0,1450,0,9,0,143,1,682,0,825,California
Alpine,2021-05-25,2,1502,0,41,2,1452,0,9,0,141,2,684,0,825,California
Alpine,2021-05-27,3,1505,2,43,1,1453,0,9,3,144,0,684,3,828,California
Alpine,2021-05-28,2,1507,1,44,1,1454,0,9,2,146,0,684,2,830,California
Alpine,2021-05-29,1,1508,0,44,1,1455,0,9,1,147,0,684,1,831,California
Alpine,2021-06-02,8,1516,0,44,8,1463,0,9,1,141,7,691,1,832,California
Alpine,2021-06-04,1,1517,0,44,1,1464,0,9,1,142,0,691,1,833,California
Alpine,2021-06-07,1,1518,0,44,1,1465,0,9,0,141,1,692,0,833,California
Alpine,2021-06-10,1,1519,1,45,0,1465,0,9,1,142,0,692,1,834,California
Alpine,2021-06-15,2,1521,1,46,1,1466,0,9,0,140,2,694,0,834,California
Alpine,2021-06-18,1,1522,1,47,0,1466,0,9,0,139,1,695,0,834,California
Alpine,2021-06-19,1,1523,1,48,0,1466,0,9,0,138,1,696,0,834,California
Alpine,2021-06-25,1,1524,0,48,1,1467,0,9,0,137,1,697,0,834,California
Alpine,2021-06-29,1,1525,0,48,1,1468,0,9,1,138,0,697,1,835,California
Alpine,2021-06-30,1,1526,0,48,1,1469,0,9,0,137,1,698,0,835,California
Alpine,2021-07-01,1,1527,1,49,0,1469,0,9,0,136,1,699,0,835,California
Alpine,2021-07-06,1,1528,0,49,1,1470,0,9,1,137,0,699,1,836,California
Amador,2020-12-16,2,2,2,2,0,0,0,0,2,2,0,0,2,2,California
Amador,2020-12-17,5,7,5,7,0,0,0,0,5,7,0,0,5,7,California
Amador,2020-12-18,45,52,45,52,0,0,0,0,45,52,0,0,45,52,California
Amador,2020-12-19,16,68,16,68,0,0,0,0,16,68,0,0,16,68,California
Amador,2020-12-20,4,72,4,72,0,0,0,0,4,72,0,0,4,72,California
Amador,2020-12-21,31,103,31,103,0,0,0,0,31,103,0,0,31,103,California
Amador,2020-12-22,35,138,34,137,1,1,0,0,35,138,0,0,35,138,California
Amador,2020-12-23,41,179,39,176,2,3,0,0,41,179,0,0,41,179,California
Amador,2020-12-24,5,184,3,179,2,5,0,0,5,184,0,0,5,184,California
Amador,2020-12-26,5,189,4,183,1,6,0,0,5,189,0,0,5,189,California
Amador,2020-12-27,1,190,0,183,1,7,0,0,1,190,0,0,1,190,California
Amador,2020-12-28,30,220,26,209,4,11,0,0,30,220,0,0,30,220,California
Amador,2020-12-29,25,245,18,227,7,18,0,0,25,245,0,0,25,245,California
Amador,2020-12-30,123,368,77,304,46,64,0,0,123,368,0,0,123,368,California
Amador,2020-12-31,195,563,170,474,25,89,0,0,195,563,0,0,195,563,California
Amador,2021-01-01,2,565,0,474,2,91,0,0,2,565,0,0,2,565,California
Amador,2021-01-02,58,623,58,532,0,91,0,0,58,623,0,0,58,623,California
Amador,2021-01-03,66,689,17,549,49,140,0,0,66,689,0,0,66,689,California
Amador,2021-01-04,125,814,2,551,123,263,0,0,125,814,0,0,125,814,California
Amador,2021-01-05,33,847,3,554,30,293,0,0,32,845,1,1,32,846,California
Amador,2021-01-06,40,887,11,565,29,322,0,0,36,877,4,5,36,882,California
Amador,2021-01-07,234,1121,72,637,162,484,0,0,222,1087,12,17,222,1104,California
Amador,2021-01-08,85,1206,70,707,15,499,0,0,42,1087,43,60,43,1147,California
Amador,2021-01-09,11,1217,11,718,0,499,0,0,2,1080,9,69,2,1149,California
Amador,2021-01-10,6,1223,4,722,2,501,0,0,2,1078,4,73,2,1151,California
Amador,2021-01-11,126,1349,44,766,82,583,0,0,89,1131,37,110,90,1241,California
Amador,2021-01-12,69,1418,53,819,16,599,0,0,41,1144,28,138,41,1282,California
Amador,2021-01-13,41,1459,24,843,17,616,0,0,29,1161,12,150,29,1311,California
Amador,2021-01-14,150,1609,22,865,128,744,0,0,140,1292,10,160,141,1452,California
Amador,2021-01-15,62,1671,26,891,36,780,0,0,53,1336,9,169,53,1505,California
Amador,2021-01-16,20,1691,13,904,7,787,0,0,14,1345,6,175,15,1520,California
Amador,2021-01-17,25,1716,5,909,20,807,0,0,25,1370,0,175,25,1545,California
Amador,2021-01-18,31,1747,27,936,4,811,0,0,10,1359,21,196,10,1555,California
Amador,2021-01-19,127,1874,101,1037,26,837,0,0,82,1396,45,241,82,1637,California
Amador,2021-01-20,183,2057,32,1069,151,988,0,0,169,1552,13,254,169,1806,California
Amador,2021-01-21,262,2319,230,1299,32,1020,0,0,150,1591,112,366,151,1957,California
Amador,2021-01-22,142,2461,74,1373,68,1088,0,0,135,1719,7,373,135,2092,California
Amador,2021-01-23,60,2521,33,1406,27,1115,0,0,57,1773,3,376,57,2149,California
Amador,2021-01-24,28,2549,12,1418,16,1131,0,0,24,1793,4,380,24,2173,California
Amador,2021-01-25,60,2609,29,1447,31,1162,0,0,42,1817,18,398,42,2215,California
Amador,2021-01-26,246,2855,17,1464,229,1391,0,0,236,2043,10,408,236,2451,California
Amador,2021-01-27,307,3162,35,1499,272,1663,0,0,259,2258,45,453,260,2711,California
Amador,2021-01-28,374,3536,99,1598,275,1938,0,0,290,2465,84,537,291,3002,California
Amador,2021-01-29,106,3642,33,1631,73,2011,0,0,91,2541,15,552,91,3093,California
Amador,2021-01-30,198,3840,37,1668,161,2172,0,0,193,2729,5,557,193,3286,California
Amador,2021-01-31,34,3874,29,1697,5,2177,0,0,33,2761,1,558,33,3319,California
Amador,2021-02-01,67,3941,23,1720,44,2221,0,0,39,2772,28,586,39,3358,California
Amador,2021-02-02,216,4157,66,1786,150,2371,0,0,129,2816,85,671,129,3487,California
Amador,2021-02-03,143,4300,40,1826,103,2474,0,0,91,2856,51,722,91,3578,California
Amador,2021-02-04,253,4553,76,1902,177,2651,0,0,166,2938,86,808,168,3746,California
Amador,2021-02-05,337,4890,63,1965,274,2925,0,0,319,3240,17,825,319,4065,California
Amador,2021-02-06,125,5015,81,2046,44,2969,0,0,120,3355,5,830,120,4185,California
Amador,2021-02-07,38,5053,34,2080,4,2973,0,0,34,3386,4,834,35,4220,California
Amador,2021-02-08,92,5145,63,2143,29,3002,0,0,73,3440,19,853,73,4293,California
Amador,2021-02-09,178,5323,82,2225,96,3098,0,0,110,3482,68,921,110,4403,California
Amador,2021-02-10,984,6307,81,2306,903,4001,0,0,949,4396,35,956,949,5352,California
Amador,2021-02-11,312,6619,120,2426,192,4193,0,0,200,4486,110,1066,200,5552,California
Amador,2021-02-12,336,6955,121,2547,215,4408,0,0,261,4672,75,1141,261,5813,California
Amador,2021-02-13,183,7138,84,2631,99,4507,0,0,156,4801,27,1168,156,5969,California
Amador,2021-02-14,122,7260,54,2685,68,4575,0,0,105,4889,17,1185,105,6074,California
Amador,2021-02-15,189,7449,62,2747,127,4702,0,0,172,5045,16,1201,172,6246,California
Amador,2021-02-16,466,7915,53,2800,413,5115,0,0,425,5430,41,1242,426,6672,California
Amador,2021-02-17,266,8181,84,2884,182,5297,0,0,166,5496,100,1342,166,6838,California
Amador,2021-02-18,401,8582,101,2985,300,5597,0,0,334,5763,67,1409,334,7172,California
Amador,2021-02-19,204,8786,78,3063,126,5723,0,0,116,5791,88,1497,116,7288,California
Amador,2021-02-20,103,8889,34,3097,69,5792,0,0,67,5822,36,1533,67,7355,California
Amador,2021-02-21,55,8944,37,3134,18,5810,0,0,19,5807,34,1567,19,7374,California
Amador,2021-02-22,66,9010,26,3160,40,5850,0,0,32,5806,33,1600,32,7406,California
Amador,2021-02-23,323,9333,55,3215,268,6118,0,0,139,5762,184,1784,140,7546,California
Amador,2021-02-24,402,9735,63,3278,339,6457,0,0,264,5892,134,1918,264,7810,California
Amador,2021-02-25,532,10267,123,3401,409,6866,0,0,280,5922,250,2168,280,8090,California
Amador,2021-02-26,645,10912,81,3482,564,7430,0,0,519,6316,125,2293,519,8609,California
Amador,2021-02-27,301,11213,95,3577,206,7636,0,0,99,6216,201,2494,101,8710,California
Amador,2021-02-28,127,11340,57,3634,70,7706,0,0,63,6217,64,2558,65,8775,California
Amador,2021-03-01,199,11539,69,3703,130,7836,0,0,126,6271,73,2631,127,8902,California
Amador,2021-03-02,385,11924,64,3767,321,8157,0,0,335,6557,50,2681,336,9238,California
Amador,2021-03-03,245,12169,80,3847,165,8322,0,0,168,6650,76,2757,169,9407,California
Amador,2021-03-04,501,12670,117,3964,384,8706,0,0,396,6942,104,2861,396,9803,California
Amador,2021-03-05,519,13189,76,4040,443,9149,0,0,295,7018,222,3083,298,10101,California
Amador,2021-03-06,103,13292,50,4090,52,9201,1,1,57,7030,46,3129,58,10159,California
Amador,2021-03-07,90,13382,44,4134,46,9247,0,1,22,6984,68,3197,22,10181,California
Amador,2021-03-08,155,13537,73,4207,81,9328,1,2,92,7014,63,3260,93,10274,California
Amador,2021-03-09,378,13915,53,4260,325,9653,0,2,293,7226,81,3341,293,10567,California
Amador,2021-03-10,521,14436,77,4337,442,10095,2,4,112,6933,409,3750,116,10683,California
Amador,2021-03-11,485,14921,125,4462,350,10445,10,14,304,7070,180,3930,317,11000,California
Amador,2021-03-12,587,15508,71,4533,510,10955,6,20,343,7182,243,4173,355,11355,California
Amador,2021-03-13,119,15627,18,4551,94,11049,7,27,76,7227,43,4216,88,11443,California
Amador,2021-03-14,100,15727,19,4570,78,11127,3,30,21,7172,79,4295,24,11467,California
Amador,2021-03-15,183,15910,27,4597,149,11276,7,37,55,7107,128,4423,63,11530,California
Amador,2021-03-16,451,16361,53,4650,389,11665,9,46,139,6946,310,4733,149,11679,California
Amador,2021-03-17,386,16747,45,4695,338,12003,3,49,262,7089,122,4855,265,11944,California
Amador,2021-03-18,516,17263,101,4796,411,12414,4,53,258,7099,256,5111,266,12210,California
Amador,2021-03-19,546,17809,58,4854,473,12887,15,68,386,7346,158,5269,405,12615,California
Amador,2021-03-20,113,17922,46,4900,66,12953,1,69,48,7333,64,5333,51,12666,California
Amador,2021-03-21,52,17974,36,4936,15,12968,1,70,27,7339,24,5357,30,12696,California
Amador,2021-03-22,115,18089,34,4970,53,13021,28,98,50,7352,65,5422,78,12774,California
Amador,2021-03-23,436,18525,47,5017,382,13403,7,105,275,7475,160,5582,283,13057,California
Amador,2021-03-24,342,18867,35,5052,55,13458,252,357,35,7456,306,5888,287,13344,California
Amador,2021-03-25,615,19482,87,5139,521,13979,7,364,398,7645,216,6104,405,13749,California
Amador,2021-03-26,752,20234,45,5184,701,14680,6,370,280,7465,469,6573,289,14038,California
Amador,2021-03-27,94,20328,15,5199,77,14757,2,372,31,7437,63,6636,35,14073,California
Amador,2021-03-28,72,20400,17,5216,53,14810,2,374,13,7395,58,6694,16,14089,California
Amador,2021-03-29,185,20585,29,5245,155,14965,1,375,79,7377,103,6797,85,14174,California
Amador,2021-03-30,539,21124,29,5274,509,15474,1,376,292,7424,246,7043,293,14467,California
Amador,2021-03-31,201,21325,58,5332,138,15612,5,381,44,7318,155,7198,49,14516,California
Amador,2021-04-01,625,21950,94,5426,531,16143,0,381,269,7236,353,7551,271,14787,California
Amador,2021-04-02,617,22567,39,5465,565,16708,13,394,384,7403,232,7783,399,15186,California
Amador,2021-04-03,86,22653,24,5489,42,16750,20,414,21,7382,65,7848,44,15230,California
Amador,2021-04-04,39,22692,3,5492,30,16780,6,420,15,7379,24,7872,21,15251,California
Amador,2021-04-05,146,22838,53,5545,76,16856,17,437,49,7351,96,7968,68,15319,California
Amador,2021-04-06,506,23344,39,5584,449,17305,18,455,225,7315,279,8247,243,15562,California
Amador,2021-04-07,99,23443,33,5617,47,17352,19,474,43,7324,53,8300,62,15624,California
Amador,2021-04-08,500,23943,84,5701,394,17746,22,496,221,7290,277,8577,243,15867,California
Amador,2021-04-09,488,24431,22,5723,446,18192,20,516,212,7244,275,8852,229,16096,California
Amador,2021-04-10,52,24483,14,5737,29,18221,9,525,23,7247,29,8881,32,16128,California
Amador,2021-04-11,51,24534,25,5762,22,18243,4,529,23,7247,27,8908,27,16155,California
Amador,2021-04-12,99,24633,26,5788,63,18306,10,539,43,7244,56,8964,53,16208,California
Amador,2021-04-13,347,24980,49,5837,298,18604,0,539,67,7035,277,9241,68,16276,California
Amador,2021-04-14,280,25260,26,5863,254,18858,0,539,56,6871,221,9462,57,16333,California
Amador,2021-04-15,342,25602,78,5941,264,19122,0,539,73,6686,258,9720,73,16406,California
Amador,2021-04-16,489,26091,29,5970,460,19582,0,539,381,6960,107,9827,381,16787,California
Amador,2021-04-17,66,26157,34,6004,32,19614,0,539,30,6954,36,9863,30,16817,California
Amador,2021-04-18,33,26190,11,6015,22,19636,0,539,12,6946,20,9883,12,16829,California
Amador,2021-04-19,70,26260,28,6043,42,19678,0,539,30,6939,39,9922,32,16861,California
Amador,2021-04-20,441,26701,59,6102,382,20060,0,539,110,6727,324,10246,112,16973,California
Amador,2021-04-21,89,26790,35,6137,53,20113,1,540,44,6729,43,10289,45,17018,California
Amador,2021-04-22,521,27311,80,6217,440,20553,1,541,100,6427,403,10692,101,17119,California
Amador,2021-04-23,368,27679,47,6264,321,20874,0,541,289,6644,74,10766,291,17410,California
Amador,2021-04-24,52,27731,25,6289,27,20901,0,541,31,6655,20,10786,31,17441,California
Amador,2021-04-25,45,27776,19,6308,26,20927,0,541,29,6668,16,10802,29,17470,California
Amador,2021-04-26,95,27871,27,6335,67,20994,1,542,44,6665,50,10852,47,17517,California
Amador,2021-04-27,502,28373,45,6380,456,21450,1,543,91,6351,407,11259,93,17610,California
Amador,2021-04-28,70,28443,30,6410,37,21487,3,546,41,6366,29,11288,44,17654,California
Amador,2021-04-29,228,28671,70,6480,49,21536,109,655,67,6380,161,11449,175,17829,California
Amador,2021-04-30,347,29018,28,6508,315,21851,4,659,89,6216,258,11707,94,17923,California
Amador,2021-05-01,47,29065,15,6523,27,21878,5,664,26,6228,19,11726,31,17954,California
Amador,2021-05-02,28,29093,14,6537,11,21889,3,667,11,6226,17,11743,15,17969,California
Amador,2021-05-03,69,29162,35,6572,24,21913,10,677,28,6223,41,11784,38,18007,California
Amador,2021-05-04,468,29630,29,6601,432,22345,7,684,68,5898,400,12184,75,18082,California
Amador,2021-05-05,207,29837,153,6754,46,22391,8,692,162,6025,42,12226,169,18251,California
Amador,2021-05-06,110,29947,56,6810,49,22440,5,697,63,6048,45,12271,68,18319,California
Amador,2021-05-07,129,30076,29,6839,93,22533,7,704,67,6060,62,12333,74,18393,California
Amador,2021-05-08,43,30119,8,6847,32,22565,3,707,21,6062,22,12355,24,18417,California
Amador,2021-05-09,17,30136,1,6848,10,22575,6,713,4,6059,13,12368,10,18427,California
Amador,2021-05-10,60,30196,14,6862,43,22618,3,716,24,6050,36,12404,27,18454,California
Amador,2021-05-11,103,30299,34,6896,43,22661,26,742,45,6063,58,12462,71,18525,California
Amador,2021-05-12,72,30371,25,6921,44,22705,3,745,35,6064,37,12499,38,18563,California
Amador,2021-05-13,80,30451,40,6961,34,22739,6,751,38,6067,41,12540,44,18607,California
Amador,2021-05-14,404,30855,38,6999,361,23100,5,756,92,5855,311,12851,99,18706,California
Amador,2021-05-15,51,30906,20,7019,21,23121,10,766,23,5861,28,12879,34,18740,California
Amador,2021-05-16,41,30947,15,7034,26,23147,0,766,17,5854,24,12903,17,18757,California
Amador,2021-05-17,75,31022,22,7056,51,23198,2,768,35,5853,39,12942,38,18795,California
Amador,2021-05-18,251,31273,171,7227,45,23243,35,803,166,5970,84,13026,201,18996,California
Amador,2021-05-19,76,31349,25,7252,47,23290,4,807,35,5971,40,13066,41,19037,California
Amador,2021-05-20,89,31438,47,7299,37,23327,5,812,30,5948,58,13124,35,19072,California
Amador,2021-05-21,275,31713,29,7328,244,23571,2,814,37,5749,238,13362,39,19111,California
Amador,2021-05-22,47,31760,16,7344,26,23597,5,819,13,5734,34,13396,19,19130,California
Amador,2021-05-23,29,31789,5,7349,21,23618,3,822,5,5718,24,13420,8,19138,California
Amador,2021-05-24,91,31880,32,7381,47,23665,12,834,42,5723,49,13469,54,19192,California
Amador,2021-05-25,141,32021,89,7470,27,23692,25,859,82,5773,57,13526,107,19299,California
Amador,2021-05-26,204,32225,160,7630,37,23729,7,866,39,5654,164,13690,45,19344,California
Amador,2021-05-27,82,32307,37,7667,36,23765,9,875,30,5641,52,13742,39,19383,California
Amador,2021-05-28,69,32376,26,7693,39,23804,4,879,29,5635,39,13781,33,19416,California
Amador,2021-05-29,26,32402,2,7695,21,23825,3,882,8,5628,18,13799,11,19427,California
Amador,2021-05-30,19,32421,5,7700,8,23833,6,888,5,5625,14,13813,11,19438,California
Amador,2021-05-31,10,32431,0,7700,9,23842,1,889,2,5620,8,13821,3,19441,California
Amador,2021-06-01,95,32526,66,7766,24,23866,5,894,43,5617,51,13872,48,19489,California
Amador,2021-06-02,46,32572,16,7782,22,23888,8,902,16,5612,30,13902,25,19514,California
Amador,2021-06-03,59,32631,26,7808,28,23916,5,907,19,5597,39,13941,24,19538,California
Amador,2021-06-04,101,32732,22,7830,58,23974,21,928,20,5557,81,14022,41,19579,California
Amador,2021-06-05,41,32773,16,7846,20,23994,5,933,4,5529,37,14059,9,19588,California
Amador,2021-06-06,19,32792,9,7855,9,24003,1,934,9,5529,10,14069,10,19598,California
Amador,2021-06-07,44,32836,18,7873,22,24025,4,938,17,5523,27,14096,21,19619,California
Amador,2021-06-08,174,33010,138,8011,25,24050,11,949,54,5470,119,14215,66,19685,California
Amador,2021-06-09,49,33059,20,8031,20,24070,9,958,13,5456,36,14251,22,19707,California
Amador,2021-06-10,55,33114,23,8054,20,24090,12,970,19,5451,36,14287,31,19738,California
Amador,2021-06-11,58,33172,17,8071,36,24126,5,975,12,5422,46,14333,17,19755,California
Amador,2021-06-12,24,33196,11,8082,11,24137,2,977,9,5419,14,14347,11,19766,California
Amador,2021-06-13,9,33205,2,8084,6,24143,1,978,2,5415,7,14354,3,19769,California
Amador,2021-06-14,47,33252,24,8108,21,24164,2,980,15,5400,32,14386,17,19786,California
Amador,2021-06-15,43,33295,13,8121,18,24182,12,992,18,5405,25,14411,30,19816,California
Amador,2021-06-16,73,33368,33,8154,31,24213,9,1001,34,5409,39,14450,43,19859,California
Amador,2021-06-17,47,33415,23,8177,20,24233,4,1005,27,5421,19,14469,31,19890,California
Amador,2021-06-18,157,33572,121,8298,29,24262,7,1012,63,5397,94,14563,70,19960,California
Amador,2021-06-19,30,33602,8,8306,14,24276,8,1020,11,5398,19,14582,20,19980,California
Amador,2021-06-20,8,33610,6,8312,1,24277,1,1021,3,5397,5,14587,4,19984,California
Amador,2021-06-21,46,33656,14,8326,23,24300,9,1030,15,5390,31,14618,24,20008,California
Amador,2021-06-22,48,33704,27,8353,19,24319,2,1032,28,5400,20,14638,30,20038,California
Amador,2021-06-23,39,33743,19,8372,12,24331,8,1040,20,5409,19,14657,28,20066,California
Amador,2021-06-24,43,33786,19,8391,18,24349,6,1046,21,5415,21,14678,27,20093,California
Amador,2021-06-25,50,33836,28,8419,11,24360,11,1057,27,5431,23,14701,39,20132,California
Amador,2021-06-26,11,33847,4,8423,5,24365,2,1059,7,5436,4,14705,9,20141,California
Amador,2021-06-27,22,33869,14,8437,4,24369,4,1063,11,5440,11,14716,15,20156,California
Amador,2021-06-28,46,33915,21,8458,14,24383,11,1074,21,5447,25,14741,32,20188,California
Amador,2021-06-29,45,33960,18,8476,18,24401,9,1083,21,5453,24,14765,30,20218,California
Amador,2021-06-30,45,34005,15,8491,14,24415,16,1099,20,5463,25,14790,35,20253,California
Amador,2021-07-01,29,34034,13,8504,13,24428,3,1102,14,5465,15,14805,17,20270,California
Amador,2021-07-02,30,34064,12,8516,9,24437,9,1111,16,5476,14,14819,25,20295,California
Amador,2021-07-03,17,34081,2,8518,11,24448,4,1115,10,5483,7,14826,14,20309,California
Amador,2021-07-04,5,34086,0,8518,5,24453,0,1115,5,5488,0,14826,5,20314,California
Amador,2021-07-05,28,34114,5,8523,19,24472,4,1119,15,5494,13,14839,19,20333,California
Amador,2021-07-06,18,34132,8,8531,9,24481,1,1120,8,5493,10,14849,9,20342,California
Butte,2020-12-16,3,3,3,3,0,0,0,0,3,3,0,0,3,3,California
Butte,2020-12-17,21,24,21,24,0,0,0,0,21,24,0,0,21,24,California
Butte,2020-12-18,52,76,52,76,0,0,0,0,52,76,0,0,52,76,California
Butte,2020-12-19,7,83,7,83,0,0,0,0,7,83,0,0,7,83,California
Butte,2020-12-20,10,93,10,93,0,0,0,0,10,93,0,0,10,93,California
Butte,2020-12-21,631,724,631,724,0,0,0,0,631,724,0,0,631,724,California
Butte,2020-12-22,619,1343,617,1341,2,2,0,0,619,1343,0,0,619,1343,California
Butte,2020-12-23,877,2220,861,2202,16,18,0,0,877,2220,0,0,877,2220,California
Butte,2020-12-24,159,2379,155,2357,4,22,0,0,159,2379,0,0,159,2379,California
Butte,2020-12-26,91,2470,89,2446,2,24,0,0,91,2470,0,0,91,2470,California
Butte,2020-12-27,35,2505,34,2480,1,25,0,0,35,2505,0,0,35,2505,California
Butte,2020-12-28,279,2784,273,2753,6,31,0,0,279,2784,0,0,279,2784,California
Butte,2020-12-29,205,2989,181,2934,24,55,0,0,205,2989,0,0,205,2989,California
Butte,2020-12-30,513,3502,291,3225,222,277,0,0,513,3502,0,0,513,3502,California
Butte,2020-12-31,213,3715,18,3243,195,472,0,0,213,3715,0,0,213,3715,California
Butte,2021-01-01,15,3730,6,3249,9,481,0,0,15,3730,0,0,15,3730,California
Butte,2021-01-02,40,3770,37,3286,3,484,0,0,40,3770,0,0,40,3770,California
Butte,2021-01-03,3,3773,0,3286,3,487,0,0,3,3773,0,0,3,3773,California
Butte,2021-01-04,208,3981,175,3461,33,520,0,0,208,3981,0,0,208,3981,California
Butte,2021-01-05,198,4179,152,3613,46,566,0,0,197,4177,1,1,197,4178,California
Butte,2021-01-06,625,4804,395,4008,230,796,0,0,620,4793,5,6,621,4799,California
Butte,2021-01-07,764,5568,370,4378,394,1190,0,0,744,5517,20,26,744,5543,California
Butte,2021-01-08,673,6241,531,4909,142,1332,0,0,625,6094,48,74,625,6168,California
Butte,2021-01-09,14,6255,8,4917,6,1338,0,0,8,6096,6,80,8,6176,California
Butte,2021-01-10,19,6274,5,4922,14,1352,0,0,14,6105,5,85,14,6190,California
Butte,2021-01-11,983,7257,947,5869,36,1388,0,0,356,5837,627,712,359,6549,California
Butte,2021-01-12,700,7957,655,6524,45,1433,0,0,276,5689,424,1136,276,6825,California
Butte,2021-01-13,1569,9526,1076,7600,493,1926,0,0,726,5575,842,1978,728,7553,California
Butte,2021-01-14,1638,11164,894,8494,744,2670,0,0,1441,6820,196,2174,1441,8994,California
Butte,2021-01-15,1064,12228,819,9313,245,2915,0,0,955,7665,110,2284,955,9949,California
Butte,2021-01-16,589,12817,301,9614,288,3203,0,0,544,8164,45,2329,544,10493,California
Butte,2021-01-17,240,13057,64,9678,176,3379,0,0,202,8328,38,2367,202,10695,California
Butte,2021-01-18,347,13404,305,9983,42,3421,0,0,279,8540,67,2434,279,10974,California
Butte,2021-01-19,496,13900,434,10417,62,3483,0,0,224,8492,272,2706,224,11198,California
Butte,2021-01-20,1396,15296,710,11127,686,4169,0,0,1093,9282,303,3009,1093,12291,California
Butte,2021-01-21,1496,16792,883,12010,613,4782,0,0,1388,10563,107,3116,1388,13679,California
Butte,2021-01-22,1143,17935,482,12492,661,5443,0,0,1089,11598,54,3170,1089,14768,California
Butte,2021-01-23,128,18063,85,12577,43,5486,0,0,103,11676,25,3195,103,14871,California
Butte,2021-01-24,8,18071,6,12583,2,5488,0,0,8,11684,0,3195,8,14879,California
Butte,2021-01-25,660,18731,338,12921,322,5810,0,0,497,12018,163,3358,497,15376,California
Butte,2021-01-26,1488,20219,379,13300,1109,6919,0,0,1350,13230,138,3496,1350,16726,California
Butte,2021-01-27,2110,22329,705,14005,1405,8324,0,0,1375,13871,734,4230,1375,18101,California
Butte,2021-01-28,2271,24600,262,14267,2009,10333,0,0,1958,15517,312,4542,1958,20059,California
Butte,2021-01-29,1694,26294,489,14756,1205,11538,0,0,1313,16451,379,4921,1313,21372,California
Butte,2021-01-30,32,26326,9,14765,23,11561,0,0,30,16479,2,4923,30,21402,California
Butte,2021-01-31,17,26343,15,14780,2,11563,0,0,16,16494,1,4924,16,21418,California
Butte,2021-02-01,1763,28106,405,15185,1358,12921,0,0,1368,17471,391,5315,1368,22786,California
Butte,2021-02-02,1950,30056,363,15548,1587,14508,0,0,1646,18812,305,5620,1646,24432,California
Butte,2021-02-03,2758,32814,781,16329,1977,16485,0,0,1858,19772,898,6518,1858,26290,California
Butte,2021-02-04,2976,35790,324,16653,2652,19137,0,0,2414,21627,559,7077,2414,28704,California
Butte,2021-02-05,1283,37073,673,17326,610,19747,0,0,554,21453,729,7806,555,29259,California
Butte,2021-02-06,150,37223,105,17431,45,19792,0,0,64,21431,86,7892,64,29323,California
Butte,2021-02-07,37,37260,33,17464,4,19796,0,0,14,21422,23,7915,14,29337,California
Butte,2021-02-08,700,37960,547,18011,153,19949,0,0,239,21201,460,8375,239,29576,California
Butte,2021-02-09,972,38932,461,18472,511,20460,0,0,740,21709,232,8607,740,30316,California
Butte,2021-02-10,1710,40642,1192,19664,518,20978,0,0,655,21311,1053,9660,655,30971,California
Butte,2021-02-11,2219,42861,1359,21023,860,21838,0,0,1004,21100,1216,10876,1005,31976,California
Butte,2021-02-12,1001,43862,434,21457,567,22405,0,0,323,20746,677,11553,323,32299,California
Butte,2021-02-13,254,44116,43,21500,211,22616,0,0,153,20798,101,11654,153,32452,California
Butte,2021-02-14,164,44280,10,21510,154,22770,0,0,158,20950,6,11660,158,32610,California
Butte,2021-02-15,262,44542,49,21559,213,22983,0,0,195,21078,67,11727,195,32805,California
Butte,2021-02-16,763,45305,438,21997,325,23308,0,0,303,20921,460,12187,303,33108,California
Butte,2021-02-17,1535,46840,853,22850,682,23990,0,0,852,21092,681,12868,852,33960,California
Butte,2021-02-18,1595,48435,785,23635,810,24800,0,0,775,21046,821,13689,775,34735,California
Butte,2021-02-19,1178,49613,395,24030,783,25583,0,0,403,20681,768,14457,403,35138,California
Butte,2021-02-20,491,50104,36,24066,455,26038,0,0,128,20447,362,14819,128,35266,California
Butte,2021-02-21,20,50124,17,24083,3,26041,0,0,14,20455,6,14825,14,35280,California
Butte,2021-02-22,1562,51686,316,24399,1246,27287,0,0,396,19689,1162,15987,396,35676,California
Butte,2021-02-23,1680,53366,306,24705,1374,28661,0,0,474,18964,1199,17186,474,36150,California
Butte,2021-02-24,2215,55581,632,25337,1583,30244,0,0,767,18291,1440,18626,767,36917,California
Butte,2021-02-25,2162,57743,637,25974,1525,31769,0,0,709,17557,1444,20070,710,37627,California
Butte,2021-02-26,935,58678,310,26284,625,32394,0,0,401,17428,530,20600,401,38028,California
Butte,2021-02-27,241,58919,50,26334,191,32585,0,0,189,17567,50,20650,189,38217,California
Butte,2021-02-28,144,59063,17,26351,127,32712,0,0,136,17695,8,20658,136,38353,California
Butte,2021-03-01,1641,60704,180,26531,1460,34172,1,1,337,16734,1299,21957,338,38691,California
Butte,2021-03-02,1775,62479,202,26733,1573,35745,0,1,313,15590,1457,23414,313,39004,California
Butte,2021-03-03,2808,65287,857,27590,1951,37696,0,1,492,13772,2310,25724,492,39496,California
Butte,2021-03-04,3167,68454,691,28281,2476,40172,0,1,623,11854,2541,28265,623,40119,California
Butte,2021-03-05,1364,69818,621,28902,742,40914,1,2,740,11975,620,28885,741,40860,California
Butte,2021-03-06,250,70068,27,28929,200,41114,23,25,187,12123,62,28947,210,41070,California
Butte,2021-03-07,57,70125,3,28932,37,41151,17,42,32,12147,25,28972,49,41119,California
Butte,2021-03-08,1277,71402,133,29065,1066,42217,78,120,1106,13163,168,29140,1184,42303,California
Butte,2021-03-09,1929,73331,284,29349,1543,43760,102,222,1413,14167,511,29651,1515,43818,California
Butte,2021-03-10,2334,75665,979,30328,1255,45015,100,322,1589,15117,739,30390,1689,45507,California
Butte,2021-03-11,2824,78489,1329,31657,1367,46382,128,450,1972,16377,841,31231,2101,47608,California
Butte,2021-03-12,1166,79655,334,31991,465,46847,367,817,352,16289,807,32038,719,48327,California
Butte,2021-03-13,275,79930,70,32061,144,46991,61,878,65,16204,210,32248,125,48452,California
Butte,2021-03-14,166,80096,17,32078,107,47098,42,920,22,16125,143,32391,64,48516,California
Butte,2021-03-15,1736,81832,356,32434,1086,48184,294,1214,1139,16970,588,32979,1433,49949,California
Butte,2021-03-16,1687,83519,430,32864,1179,49363,78,1292,1095,17555,587,33566,1172,51121,California
Butte,2021-03-17,1957,85476,1354,34218,522,49885,81,1373,1104,17894,845,34411,1184,52305,California
Butte,2021-03-18,1819,87295,1470,35688,221,50106,128,1501,1014,18236,799,35210,1141,53446,California
Butte,2021-03-19,697,87992,312,36000,301,50407,84,1585,341,18314,347,35557,425,53871,California
Butte,2021-03-20,209,88201,31,36031,161,50568,17,1602,97,18316,112,35669,114,53985,California
Butte,2021-03-21,73,88274,40,36071,4,50572,29,1631,24,18322,47,35716,53,54038,California
Butte,2021-03-22,1506,89780,372,36443,1039,51611,95,1726,1238,19387,267,35983,1332,55370,California
Butte,2021-03-23,1862,91642,524,36967,1224,52835,114,1840,1506,20655,352,36335,1620,56990,California
Butte,2021-03-24,2268,93910,1271,38238,871,53706,126,1966,1702,21921,561,36896,1827,58817,California
Butte,2021-03-25,1488,95398,1201,39439,195,53901,92,2058,1019,22568,464,37360,1111,59928,California
Butte,2021-03-26,1212,96610,441,39880,524,54425,247,2305,559,22728,646,38006,806,60734,California
Butte,2021-03-27,306,96916,87,39967,195,54620,24,2329,137,22721,166,38172,159,60893,California
Butte,2021-03-28,230,97146,45,40012,177,54797,8,2337,103,22707,124,38296,110,61003,California
Butte,2021-03-29,1765,98911,383,40395,1312,56109,70,2407,1342,23701,418,38714,1412,62415,California
Butte,2021-03-30,1047,99958,479,40874,477,56586,91,2498,494,23739,547,39261,585,63000,California
Butte,2021-03-31,1788,101746,1304,42178,417,57003,67,2565,1079,24185,700,39961,1146,64146,California
Butte,2021-04-01,3341,105087,2713,44891,499,57502,129,2694,2257,25495,1076,41037,2386,66532,California
Butte,2021-04-02,1011,106098,424,45315,466,57968,121,2815,570,25751,433,41470,689,67221,California
Butte,2021-04-03,347,106445,47,45362,225,58193,75,2890,164,25807,183,41653,239,67460,California
Butte,2021-04-04,190,106635,25,45387,141,58334,24,2914,110,25863,78,41731,134,67594,California
Butte,2021-04-05,1971,108606,419,45806,1381,59715,171,3085,594,25258,1368,43099,763,68357,California
Butte,2021-04-06,2215,110821,620,46426,1174,60889,421,3506,804,25079,1402,44501,1223,69580,California
Butte,2021-04-07,3046,113867,1325,47751,1326,62215,395,3901,718,23869,2322,46823,1112,70692,California
Butte,2021-04-08,2757,116624,1203,48954,1285,63500,269,4170,459,22303,2294,49117,728,71420,California
Butte,2021-04-09,1380,118004,354,49308,543,64043,483,4653,330,22065,1046,50163,808,72228,California
Butte,2021-04-10,228,118232,48,49356,79,64122,101,4754,101,22140,126,50289,201,72429,California
Butte,2021-04-11,107,118339,44,49400,53,64175,10,4764,83,22210,23,50312,93,72522,California
Butte,2021-04-12,1415,119754,316,49716,965,65140,134,4898,235,21399,1180,51492,369,72891,California
Butte,2021-04-13,1656,121410,574,50290,1076,66216,6,4904,345,20448,1302,52794,351,73242,California
Butte,2021-04-14,2856,124266,2362,52652,494,66710,0,4904,1326,20250,1525,54319,1327,74569,California
Butte,2021-04-15,649,124915,399,53051,250,66960,0,4904,485,20577,158,54477,485,75054,California
Butte,2021-04-16,815,125730,419,53470,396,67356,0,4904,482,20728,331,54808,482,75536,California
Butte,2021-04-17,345,126075,62,53532,283,67639,0,4904,242,20868,102,54910,242,75778,California
Butte,2021-04-18,57,126132,23,53555,34,67673,0,4904,44,20899,13,54923,44,75822,California
Butte,2021-04-19,1568,127700,385,53940,1183,68856,0,4904,420,20174,1145,56068,420,76242,California
Butte,2021-04-20,2038,129738,772,54712,1266,70122,0,4904,758,19660,1272,57340,758,77000,California
Butte,2021-04-21,2109,131847,1226,55938,883,71005,0,4904,487,18533,1614,58954,487,77487,California
Butte,2021-04-22,2270,134117,1984,57922,286,71291,0,4904,625,17518,1640,60594,625,78112,California
Butte,2021-04-23,970,135087,472,58394,498,71789,0,4904,490,17529,479,61073,490,78602,California
Butte,2021-04-24,348,135435,140,58534,208,71997,0,4904,189,17559,159,61232,189,78791,California
Butte,2021-04-25,174,135609,69,58603,105,72102,0,4904,65,17515,109,61341,65,78856,California
Butte,2021-04-26,1577,137186,470,59073,1102,73204,5,4909,409,16767,1162,62503,414,79270,California
Butte,2021-04-27,1035,138221,696,59769,312,73516,27,4936,587,16939,443,62946,615,79885,California
Butte,2021-04-28,1432,139653,977,60746,430,73946,25,4961,509,16555,918,63864,534,80419,California
Butte,2021-04-29,915,140568,570,61316,320,74266,25,4986,312,16295,597,64461,337,80756,California
Butte,2021-04-30,927,141495,419,61735,487,74753,21,5007,465,16326,454,64915,485,81241,California
Butte,2021-05-01,245,141740,64,61799,159,74912,22,5029,73,16249,169,65084,92,81333,California
Butte,2021-05-02,151,141891,63,61862,75,74987,13,5042,44,16198,107,65191,56,81389,California
Butte,2021-05-03,635,142526,257,62119,347,75334,31,5073,177,15958,448,65639,208,81597,California
Butte,2021-05-04,850,143376,343,62462,475,75809,32,5105,223,15592,620,66259,254,81851,California
Butte,2021-05-05,1375,144751,1121,63583,216,76025,38,5143,292,14845,1077,67336,330,82181,California
Butte,2021-05-06,966,145717,701,64284,226,76251,39,5182,366,14654,596,67932,405,82586,California
Butte,2021-05-07,581,146298,310,64594,235,76486,36,5218,296,14703,282,68214,331,82917,California
Butte,2021-05-08,187,146485,53,64647,123,76609,11,5229,91,14710,95,68309,102,83019,California
Butte,2021-05-09,103,146588,27,64674,73,76682,3,5232,54,14718,49,68358,57,83076,California
Butte,2021-05-10,535,147123,316,64990,174,76856,45,5277,214,14659,318,68676,259,83335,California
Butte,2021-05-11,916,148039,662,65652,194,77050,60,5337,296,14398,617,69293,356,83691,California
Butte,2021-05-12,784,148823,483,66135,253,77303,48,5385,334,14335,445,69738,382,84073,California
Butte,2021-05-13,948,149771,628,66763,255,77558,65,5450,349,14159,588,70326,412,84485,California
Butte,2021-05-14,870,150641,543,67306,294,77852,33,5483,380,14084,487,70813,412,84897,California
Butte,2021-05-15,509,151150,247,67553,228,78080,34,5517,239,14089,268,71081,273,85170,California
Butte,2021-05-16,169,151319,82,67635,69,78149,18,5535,98,14135,70,71151,116,85286,California
Butte,2021-05-17,770,152089,498,68133,223,78372,49,5584,331,14079,435,71586,379,85665,California
Butte,2021-05-18,1068,153157,735,68868,284,78656,49,5633,475,14016,587,72173,524,86189,California
Butte,2021-05-19,833,153990,540,69408,249,78905,44,5677,328,13888,499,72672,371,86560,California
Butte,2021-05-20,985,154975,660,70068,215,79120,110,5787,384,13783,598,73270,493,87053,California
Butte,2021-05-21,890,155865,543,70611,321,79441,26,5813,293,13508,593,73863,318,87371,California
Butte,2021-05-22,299,156164,139,70750,145,79586,15,5828,144,13514,152,74015,158,87529,California
Butte,2021-05-23,131,156295,82,70832,48,79634,1,5829,79,13542,52,74067,80,87609,California
Butte,2021-05-24,353,156648,165,70997,138,79772,50,5879,177,13594,174,74241,226,87835,California
Butte,2021-05-25,698,157346,448,71445,214,79986,36,5915,342,13623,349,74590,378,88213,California
Butte,2021-05-26,561,157907,180,71625,358,80344,23,5938,242,13576,311,74901,264,88477,California
Butte,2021-05-27,865,158772,623,72248,224,80568,18,5956,422,13579,438,75339,441,88918,California
Butte,2021-05-28,520,159292,141,72389,300,80868,79,6035,212,13565,305,75644,291,89209,California
Butte,2021-05-29,225,159517,116,72505,97,80965,12,6047,144,13640,81,75725,156,89365,California
Butte,2021-05-30,105,159622,56,72561,49,81014,0,6047,57,13649,48,75773,57,89422,California
Butte,2021-05-31,43,159665,23,72584,18,81032,2,6049,25,13658,18,75791,27,89449,California
Butte,2021-06-01,677,160342,428,73012,213,81245,36,6085,253,13527,420,76211,289,89738,California
Butte,2021-06-02,818,161160,565,73577,208,81453,45,6130,349,13456,464,76675,393,90131,California
Butte,2021-06-03,626,161786,422,73999,187,81640,17,6147,205,13260,418,77093,222,90353,California
Butte,2021-06-04,484,162270,276,74275,180,81820,28,6175,144,13099,333,77426,172,90525,California
Butte,2021-06-05,321,162591,208,74483,93,81913,20,6195,96,12992,223,77649,116,90641,California
Butte,2021-06-06,135,162726,99,74582,34,81947,2,6197,32,12924,102,77751,34,90675,California
Butte,2021-06-07,405,163131,258,74840,116,82063,31,6228,168,12886,236,77987,198,90873,California
Butte,2021-06-08,651,163782,469,75309,163,82226,19,6247,178,12622,462,78449,198,91071,California
Butte,2021-06-09,438,164220,300,75609,119,82345,19,6266,147,12504,284,78733,166,91237,California
Butte,2021-06-10,633,164853,451,76060,150,82495,32,6298,234,12371,397,79130,264,91501,California
Butte,2021-06-11,443,165296,264,76324,158,82653,21,6319,147,12245,294,79424,168,91669,California
Butte,2021-06-12,252,165548,154,76478,88,82741,10,6329,75,12154,176,79600,85,91754,California
Butte,2021-06-13,97,165645,64,76542,30,82771,3,6332,20,12100,77,79677,23,91777,California
Butte,2021-06-14,388,166033,233,76775,135,82906,20,6352,137,12008,250,79927,158,91935,California
Butte,2021-06-15,549,166582,386,77161,137,83043,26,6378,162,11815,381,80308,188,92123,California
Butte,2021-06-16,417,166999,256,77417,116,83159,45,6423,168,11781,246,80554,212,92335,California
Butte,2021-06-17,581,167580,433,77850,121,83280,27,6450,179,11586,401,80955,206,92541,California
Butte,2021-06-18,410,167990,205,78055,152,83432,53,6503,160,11548,248,81203,210,92751,California
Butte,2021-06-19,207,168197,153,78208,49,83481,5,6508,92,11530,115,81318,97,92848,California
Butte,2021-06-20,93,168290,68,78276,25,83506,0,6508,24,11485,69,81387,24,92872,California
Butte,2021-06-21,278,168568,164,78440,92,83598,22,6530,132,11495,144,81531,154,93026,California
Butte,2021-06-22,419,168987,274,78714,121,83719,24,6554,151,11406,264,81795,175,93201,California
Butte,2021-06-23,448,169435,331,79045,92,83811,25,6579,164,11311,283,82078,188,93389,California
Butte,2021-06-24,425,169860,284,79329,108,83919,33,6612,153,11225,271,82349,185,93574,California
Butte,2021-06-25,411,170271,201,79530,187,84106,23,6635,153,11144,257,82606,176,93750,California
Butte,2021-06-26,132,170403,96,79626,34,84140,2,6637,55,11124,77,82683,57,93807,California
Butte,2021-06-27,63,170466,38,79664,24,84164,1,6638,20,11102,43,82726,21,93828,California
Butte,2021-06-28,296,170762,223,79887,54,84218,19,6657,122,11070,173,82899,141,93969,California
Butte,2021-06-29,321,171083,216,80103,92,84310,13,6670,138,11040,180,83079,150,94119,California
Butte,2021-06-30,302,171385,208,80311,78,84388,16,6686,146,11047,155,83234,162,94281,California
Butte,2021-07-01,352,171737,226,80537,106,84494,20,6706,141,10998,210,83444,161,94442,California
Butte,2021-07-02,296,172033,202,80739,68,84562,26,6732,136,11003,157,83601,162,94604,California
Butte,2021-07-03,120,172153,81,80820,37,84599,2,6734,50,10986,69,83670,52,94656,California
Butte,2021-07-04,3,172156,2,80822,1,84600,0,6734,0,10984,2,83672,0,94656,California
Butte,2021-07-05,140,172296,90,80912,40,84640,10,6744,58,10973,79,83751,68,94724,California
Butte,2021-07-06,194,172490,138,81050,43,84683,13,6757,63,10918,131,83882,76,94800,California
Calaveras,2020-12-16,5,5,5,5,0,0,0,0,5,5,0,0,5,5,California
Calaveras,2020-12-17,3,8,3,8,0,0,0,0,3,8,0,0,3,8,California
Calaveras,2020-12-18,39,47,39,47,0,0,0,0,39,47,0,0,39,47,California
Calaveras,2020-12-19,3,50,3,50,0,0,0,0,3,50,0,0,3,50,California
Calaveras,2020-12-20,4,54,4,54,0,0,0,0,4,54,0,0,4,54,California
Calaveras,2020-12-21,54,108,47,101,7,7,0,0,54,108,0,0,54,108,California
Calaveras,2020-12-22,82,190,78,179,4,11,0,0,83,191,0,0,83,191,California
Calaveras,2020-12-23,76,266,74,253,2,13,0,0,76,267,0,0,76,267,California
Calaveras,2020-12-24,2,268,2,255,0,13,0,0,2,269,0,0,2,269,California
Calaveras,2020-12-26,3,271,3,258,0,13,0,0,3,272,0,0,3,272,California
Calaveras,2020-12-27,1,272,1,259,0,13,0,0,1,273,0,0,1,273,California
Calaveras,2020-12-28,22,294,18,277,4,17,0,0,21,293,1,1,21,294,California
Calaveras,2020-12-29,160,454,138,415,22,39,0,0,160,453,0,1,160,454,California
Calaveras,2020-12-30,94,548,82,497,12,51,0,0,94,547,0,1,94,548,California
Calaveras,2020-12-31,37,585,26,523,11,62,0,0,37,584,0,1,37,585,California
Calaveras,2021-01-02,11,596,11,534,0,62,0,0,11,595,0,1,11,596,California
Calaveras,2021-01-03,10,606,4,538,6,68,0,0,10,605,0,1,10,606,California
Calaveras,2021-01-04,33,639,5,543,28,96,0,0,33,638,0,1,33,639,California
Calaveras,2021-01-05,41,680,10,553,31,127,0,0,32,666,9,10,37,676,California
Calaveras,2021-01-06,107,787,30,583,77,204,0,0,97,753,10,20,97,773,California
Calaveras,2021-01-07,106,893,26,609,80,284,0,0,93,836,11,31,94,867,California
Calaveras,2021-01-08,69,962,39,648,30,314,0,0,45,859,24,55,47,914,California
Calaveras,2021-01-09,5,967,5,653,0,314,0,0,2,858,3,58,2,916,California
Calaveras,2021-01-10,2,969,0,653,2,316,0,0,2,860,0,58,2,918,California
Calaveras,2021-01-11,66,1035,60,713,6,322,0,0,27,851,38,96,29,947,California
Calaveras,2021-01-12,87,1122,54,767,33,355,0,0,52,869,35,131,53,1000,California
Calaveras,2021-01-13,110,1232,46,813,64,419,0,0,75,910,35,166,76,1076,California
Calaveras,2021-01-14,144,1376,45,858,99,518,0,0,110,988,33,199,111,1187,California
Calaveras,2021-01-15,92,1468,28,886,64,582,0,0,72,1040,20,219,72,1259,California
Calaveras,2021-01-16,13,1481,2,888,11,593,0,0,12,1051,1,220,12,1271,California
Calaveras,2021-01-17,10,1491,2,890,8,601,0,0,9,1059,1,221,9,1280,California
Calaveras,2021-01-18,138,1629,21,911,117,718,0,0,122,1169,16,237,126,1406,California
Calaveras,2021-01-19,208,1837,177,1088,31,749,0,0,70,1104,137,374,72,1478,California
Calaveras,2021-01-20,380,2217,82,1170,298,1047,0,0,286,1315,93,467,304,1782,California
Calaveras,2021-01-21,468,2685,42,1212,426,1473,0,0,426,1717,42,509,444,2226,California
Calaveras,2021-01-22,406,3091,25,1237,381,1854,0,0,388,2101,18,527,402,2628,California
Calaveras,2021-01-23,20,3111,9,1246,11,1865,0,0,19,2119,1,528,19,2647,California
Calaveras,2021-01-24,14,3125,8,1254,6,1871,0,0,12,2129,2,530,12,2659,California
Calaveras,2021-01-25,89,3214,7,1261,82,1953,0,0,84,2208,5,535,84,2743,California
Calaveras,2021-01-26,49,3263,16,1277,33,1986,0,0,40,2239,9,544,40,2783,California
Calaveras,2021-01-27,140,3403,47,1324,93,2079,0,0,111,2322,28,572,111,2894,California
Calaveras,2021-01-28,165,3568,25,1349,140,2219,0,0,136,2436,29,601,143,3037,California
Calaveras,2021-01-29,399,3967,14,1363,385,2604,0,0,364,2781,35,636,380,3417,California
Calaveras,2021-01-30,27,3994,10,1373,17,2621,0,0,25,2806,0,636,25,3442,California
Calaveras,2021-01-31,6,4000,4,1377,2,2623,0,0,5,2810,1,637,5,3447,California
Calaveras,2021-02-01,31,4031,12,1389,19,2642,0,0,22,2823,9,646,22,3469,California
Calaveras,2021-02-02,113,4144,24,1413,89,2731,0,0,74,2864,34,680,75,3544,California
Calaveras,2021-02-03,445,4589,45,1458,400,3131,0,0,360,3142,84,764,362,3906,California
Calaveras,2021-02-04,391,4980,26,1484,365,3496,0,0,305,3364,86,850,308,4214,California
Calaveras,2021-02-05,81,5061,22,1506,59,3555,0,0,42,3368,39,889,43,4257,California
Calaveras,2021-02-06,22,5083,12,1518,10,3565,0,0,22,3390,0,889,22,4279,California
Calaveras,2021-02-07,6,5089,1,1519,5,3570,0,0,2,3390,2,891,2,4281,California
Calaveras,2021-02-08,41,5130,19,1538,22,3592,0,0,33,3417,6,897,33,4314,California
Calaveras,2021-02-09,196,5326,78,1616,118,3710,0,0,133,3490,61,958,134,4448,California
Calaveras,2021-02-10,519,5845,33,1649,486,4196,0,0,444,3868,75,1033,453,4901,California
Calaveras,2021-02-11,602,6447,91,1740,511,4707,0,0,481,4244,118,1151,494,5395,California
Calaveras,2021-02-12,577,7024,326,2066,251,4958,0,0,491,4661,84,1235,501,5896,California
Calaveras,2021-02-13,204,7228,46,2112,158,5116,0,0,188,4833,16,1251,188,6084,California
Calaveras,2021-02-14,224,7452,71,2183,153,5269,0,0,208,5027,14,1265,208,6292,California
Calaveras,2021-02-15,387,7839,25,2208,362,5631,0,0,263,5171,119,1384,263,6555,California
Calaveras,2021-02-16,269,8108,146,2354,123,5754,0,0,231,5367,38,1422,234,6789,California
Calaveras,2021-02-17,514,8622,40,2394,474,6228,0,0,204,5284,292,1714,209,6998,California
Calaveras,2021-02-18,504,9126,96,2490,408,6636,0,0,97,4999,383,2097,98,7096,California
Calaveras,2021-02-19,443,9569,43,2533,400,7036,0,0,99,4770,328,2425,99,7195,California
Calaveras,2021-02-20,58,9627,15,2548,43,7079,0,0,48,4808,10,2435,48,7243,California
Calaveras,2021-02-21,27,9654,16,2564,11,7090,0,0,20,4822,6,2441,20,7263,California
Calaveras,2021-02-22,63,9717,38,2602,25,7115,0,0,33,4825,30,2471,33,7296,California
Calaveras,2021-02-23,136,9853,49,2651,87,7202,0,0,95,4880,41,2512,96,7392,California
Calaveras,2021-02-24,100,9953,49,2700,51,7253,0,0,67,4915,32,2544,67,7459,California
Calaveras,2021-02-25,557,10510,104,2804,453,7706,0,0,355,5086,192,2736,363,7822,California
Calaveras,2021-02-26,786,11296,46,2850,740,8446,0,0,377,5081,384,3120,379,8201,California
Calaveras,2021-02-27,204,11500,25,2875,179,8625,0,0,179,5235,25,3145,179,8380,California
Calaveras,2021-02-28,95,11595,15,2890,80,8705,0,0,90,5320,5,3150,90,8470,California
Calaveras,2021-03-01,253,11848,48,2938,205,8910,0,0,155,5383,93,3243,156,8626,California
Calaveras,2021-03-02,262,12110,105,3043,157,9067,0,0,208,5542,51,3294,210,8836,California
Calaveras,2021-03-03,571,12681,110,3153,461,9528,0,0,218,5414,347,3641,219,9055,California
Calaveras,2021-03-04,755,13436,71,3224,683,10211,1,1,352,5374,394,4035,354,9409,California
Calaveras,2021-03-05,459,13895,272,3496,183,10394,4,5,142,5217,303,4338,146,9555,California
Calaveras,2021-03-06,154,14049,43,3539,105,10499,6,11,113,5296,41,4379,120,9675,California
Calaveras,2021-03-07,76,14125,32,3571,37,10536,7,18,35,5297,41,4420,42,9717,California
Calaveras,2021-03-08,166,14291,31,3602,127,10663,8,26,128,5397,36,4456,136,9853,California
Calaveras,2021-03-09,377,14668,143,3745,228,10891,6,32,34,5100,337,4793,40,9893,California
Calaveras,2021-03-10,432,15100,35,3780,394,11285,3,35,58,4798,363,5156,61,9954,California
Calaveras,2021-03-11,882,15982,441,4221,428,11713,13,48,436,4818,431,5587,451,10405,California
Calaveras,2021-03-12,429,16411,224,4445,195,11908,10,58,325,5060,102,5689,344,10749,California
Calaveras,2021-03-13,192,16603,19,4464,165,12073,8,66,139,5160,51,5740,151,10900,California
Calaveras,2021-03-14,162,16765,11,4475,150,12223,1,67,18,5041,144,5884,25,10925,California
Calaveras,2021-03-15,334,17099,50,4525,258,12481,26,93,53,4844,280,6164,83,11008,California
Calaveras,2021-03-16,699,17798,562,5087,117,12598,20,113,553,5273,144,6308,573,11581,California
Calaveras,2021-03-17,289,18087,53,5140,222,12820,14,127,52,5110,230,6538,67,11648,California
Calaveras,2021-03-18,671,18758,575,5715,80,12900,16,143,548,5554,123,6661,567,12215,California
Calaveras,2021-03-19,237,18995,52,5767,110,13010,75,218,59,5512,174,6835,132,12347,California
Calaveras,2021-03-20,81,19076,22,5789,58,13068,1,219,23,5479,58,6893,25,12372,California
Calaveras,2021-03-21,47,19123,29,5818,7,13075,11,230,9,5463,37,6930,21,12393,California
Calaveras,2021-03-22,83,19206,39,5857,23,13098,21,251,26,5453,57,6987,47,12440,California
Calaveras,2021-03-23,299,19505,205,6062,84,13182,10,261,118,5411,169,7156,127,12567,California
Calaveras,2021-03-24,136,19641,52,6114,74,13256,10,271,44,5375,90,7246,54,12621,California
Calaveras,2021-03-25,755,20396,109,6223,642,13898,4,275,452,5539,292,7538,456,13077,California
Calaveras,2021-03-26,438,20834,30,6253,401,14299,7,282,91,5299,340,7878,100,13177,California
Calaveras,2021-03-27,211,21045,21,6274,186,14485,4,286,38,5173,170,8048,44,13221,California
Calaveras,2021-03-28,111,21156,12,6286,96,14581,3,289,8,5083,102,8150,12,13233,California
Calaveras,2021-03-29,185,21341,23,6309,159,14740,3,292,59,5024,122,8272,63,13296,California
Calaveras,2021-03-30,541,21882,26,6335,498,15238,17,309,361,5223,179,8451,378,13674,California
Calaveras,2021-03-31,327,22209,143,6478,174,15412,10,319,158,5225,167,8618,169,13843,California
Calaveras,2021-04-01,694,22903,449,6927,244,15656,1,320,184,4908,506,9124,189,14032,California
Calaveras,2021-04-02,399,23302,234,7161,157,15813,8,328,116,4759,275,9399,126,14158,California
Calaveras,2021-04-03,143,23445,35,7196,104,15917,4,332,40,4700,103,9502,44,14202,California
Calaveras,2021-04-04,82,23527,26,7222,56,15973,0,332,50,4718,32,9534,50,14252,California
Calaveras,2021-04-05,211,23738,81,7303,120,16093,10,342,99,4715,112,9646,109,14361,California
Calaveras,2021-04-06,662,24400,581,7884,67,16160,14,356,115,4301,543,10189,129,14490,California
Calaveras,2021-04-07,762,25162,664,8548,61,16221,37,393,621,4820,140,10329,659,15149,California
Calaveras,2021-04-08,950,26112,857,9405,70,16291,23,416,433,4764,513,10842,457,15606,California
Calaveras,2021-04-09,159,26271,61,9466,49,16340,49,465,56,4769,99,10941,104,15710,California
Calaveras,2021-04-10,194,26465,42,9508,133,16473,19,484,148,4892,45,10986,168,15878,California
Calaveras,2021-04-11,70,26535,45,9553,23,16496,2,486,49,4922,21,11007,51,15929,California
Calaveras,2021-04-12,106,26641,46,9599,41,16537,19,505,56,4948,50,11057,76,16005,California
Calaveras,2021-04-13,427,27068,372,9971,55,16592,0,505,366,5256,60,11117,368,16373,California
Calaveras,2021-04-14,185,27253,28,9999,157,16749,0,505,135,5343,49,11166,136,16509,California
Calaveras,2021-04-15,335,27588,284,10283,51,16800,0,505,244,5501,86,11252,244,16753,California
Calaveras,2021-04-16,109,27697,32,10315,77,16877,0,505,50,5499,52,11304,50,16803,California
Calaveras,2021-04-17,334,28031,128,10443,206,17083,0,505,291,5747,43,11347,291,17094,California
Calaveras,2021-04-18,18,28049,5,10448,13,17096,0,505,11,5751,7,11354,11,17105,California
Calaveras,2021-04-19,76,28125,27,10475,49,17145,0,505,44,5765,31,11385,45,17150,California
Calaveras,2021-04-20,270,28395,93,10568,177,17322,0,505,197,5895,67,11452,197,17347,California
Calaveras,2021-04-21,217,28612,146,10714,71,17393,0,505,83,5847,132,11584,84,17431,California
Calaveras,2021-04-22,546,29158,97,10811,449,17842,0,505,143,5593,399,11983,145,17576,California
Calaveras,2021-04-23,162,29320,81,10892,81,17923,0,505,64,5562,95,12078,64,17640,California
Calaveras,2021-04-24,172,29492,37,10929,135,18058,0,505,129,5650,42,12120,130,17770,California
Calaveras,2021-04-25,43,29535,28,10957,15,18073,0,505,22,5653,21,12141,24,17794,California
Calaveras,2021-04-26,119,29654,74,11031,45,18118,0,505,35,5606,83,12224,36,17830,California
Calaveras,2021-04-27,446,30100,74,11105,359,18477,13,518,58,5294,383,12607,71,17901,California
Calaveras,2021-04-28,650,30750,580,11685,39,18516,31,549,55,4795,592,13199,93,17994,California
Calaveras,2021-04-29,519,31269,443,12128,57,18573,19,568,72,4446,444,13643,95,18089,California
Calaveras,2021-04-30,156,31425,62,12190,89,18662,5,573,71,4444,84,13727,82,18171,California
Calaveras,2021-05-01,203,31628,112,12302,88,18750,3,576,134,4518,67,13794,141,18312,California
Calaveras,2021-05-02,53,31681,36,12338,16,18766,1,577,20,4509,31,13825,22,18334,California
Calaveras,2021-05-03,94,31775,69,12407,20,18786,5,582,30,4485,63,13888,39,18373,California
Calaveras,2021-05-04,420,32195,330,12737,53,18839,37,619,44,4192,375,14263,82,18455,California
Calaveras,2021-05-05,113,32308,58,12795,23,18862,32,651,50,4212,61,14324,81,18536,California
Calaveras,2021-05-06,255,32563,193,12988,38,18900,24,675,47,4078,206,14530,72,18608,California
Calaveras,2021-05-07,89,32652,25,13013,58,18958,6,681,58,4111,31,14561,64,18672,California
Calaveras,2021-05-08,291,32943,142,13155,146,19104,3,684,90,4007,197,14758,93,18765,California
Calaveras,2021-05-09,28,32971,12,13167,13,19117,3,687,13,4008,15,14773,16,18781,California
Calaveras,2021-05-10,64,33035,29,13196,34,19151,1,688,28,4004,34,14807,30,18811,California
Calaveras,2021-05-11,136,33171,91,13287,33,19184,12,700,95,4072,40,14847,108,18919,California
Calaveras,2021-05-12,171,33342,49,13336,122,19306,0,700,53,4008,117,14964,53,18972,California
Calaveras,2021-05-13,121,33463,66,13402,40,19346,15,715,65,4035,54,15018,81,19053,California
Calaveras,2021-05-14,148,33611,92,13494,53,19399,3,718,99,4089,48,15066,102,19155,California
Calaveras,2021-05-15,268,33879,96,13590,169,19568,3,721,106,4042,156,15222,109,19264,California
Calaveras,2021-05-16,30,33909,12,13602,18,19586,0,721,14,4041,16,15238,15,19279,California
Calaveras,2021-05-17,90,33999,42,13644,41,19627,7,728,47,4054,42,15280,55,19334,California
Calaveras,2021-05-18,228,34227,62,13706,144,19771,22,750,73,3995,154,15434,95,19429,California
Calaveras,2021-05-19,151,34378,63,13769,84,19855,4,754,72,3994,78,15512,77,19506,California
Calaveras,2021-05-20,203,34581,80,13849,97,19952,26,780,66,3951,134,15646,91,19597,California
Calaveras,2021-05-21,97,34678,55,13904,38,19990,4,784,58,3974,38,15684,61,19658,California
Calaveras,2021-05-22,301,34979,160,14064,141,20131,0,784,148,3970,152,15836,148,19806,California
Calaveras,2021-05-23,31,35010,16,14080,15,20146,0,784,13,3965,18,15854,13,19819,California
Calaveras,2021-05-24,76,35086,40,14120,20,20166,16,800,32,3970,44,15898,49,19868,California
Calaveras,2021-05-25,125,35211,48,14168,60,20226,17,817,56,3974,69,15967,73,19941,California
Calaveras,2021-05-26,121,35332,87,14255,30,20256,4,821,83,4023,37,16004,86,20027,California
Calaveras,2021-05-27,86,35418,44,14299,38,20294,4,825,30,4005,53,16057,35,20062,California
Calaveras,2021-05-28,85,35503,44,14343,37,20331,4,829,39,4002,46,16103,43,20105,California
Calaveras,2021-05-29,69,35572,23,14366,41,20372,5,834,33,4005,36,16139,39,20144,California
Calaveras,2021-05-30,36,35608,14,14380,17,20389,5,839,11,3996,25,16164,16,20160,California
Calaveras,2021-05-31,5,35613,0,14380,3,20392,2,841,0,3993,5,16169,2,20162,California
Calaveras,2021-06-01,145,35758,97,14477,42,20434,6,847,44,3942,101,16270,50,20212,California
Calaveras,2021-06-02,86,35844,55,14532,27,20461,4,851,37,3934,49,16319,41,20253,California
Calaveras,2021-06-03,93,35937,55,14587,31,20492,7,858,42,3936,49,16368,51,20304,California
Calaveras,2021-06-04,139,36076,93,14680,34,20526,12,870,36,3881,103,16471,48,20352,California
Calaveras,2021-06-05,85,36161,28,14708,55,20581,2,872,34,3867,50,16521,36,20388,California
Calaveras,2021-06-06,40,36201,28,14736,9,20590,3,875,21,3872,19,16540,24,20412,California
Calaveras,2021-06-07,62,36263,45,14781,9,20599,8,883,25,3869,36,16576,33,20445,California
Calaveras,2021-06-08,125,36388,79,14860,39,20638,7,890,57,3867,66,16642,64,20509,California
Calaveras,2021-06-09,95,36483,51,14911,38,20676,6,896,30,3840,65,16707,38,20547,California
Calaveras,2021-06-10,119,36602,58,14969,52,20728,9,905,41,3814,76,16783,50,20597,California
Calaveras,2021-06-11,104,36706,59,15028,40,20768,5,910,33,3781,71,16854,38,20635,California
Calaveras,2021-06-12,63,36769,37,15065,24,20792,2,912,20,3761,43,16897,23,20658,California
Calaveras,2021-06-13,31,36800,18,15083,9,20801,4,916,8,3750,23,16920,12,20670,California
Calaveras,2021-06-14,59,36859,39,15122,16,20817,4,920,22,3741,37,16957,28,20698,California
Calaveras,2021-06-15,90,36949,55,15177,26,20843,9,929,23,3707,67,17024,33,20731,California
Calaveras,2021-06-16,179,37128,138,15315,27,20870,14,943,39,3621,139,17163,53,20784,California
Calaveras,2021-06-17,60,37188,32,15347,23,20893,5,948,24,3617,33,17196,29,20813,California
Calaveras,2021-06-18,60,37248,41,15388,15,20908,4,952,25,3611,35,17231,29,20842,California
Calaveras,2021-06-19,66,37314,23,15411,26,20934,17,969,23,3608,43,17274,40,20882,California
Calaveras,2021-06-20,6,37320,2,15413,3,20937,1,970,2,3607,4,17278,3,20885,California
Calaveras,2021-06-21,39,37359,15,15428,18,20955,6,976,24,3623,15,17293,31,20916,California
Calaveras,2021-06-22,63,37422,32,15460,29,20984,2,978,28,3621,33,17326,31,20947,California
Calaveras,2021-06-23,59,37481,34,15494,18,21002,7,985,25,3619,34,17360,32,20979,California
Calaveras,2021-06-24,62,37543,30,15524,30,21032,2,987,30,3619,32,17392,32,21011,California
Calaveras,2021-06-25,51,37594,31,15555,12,21044,8,995,21,3618,30,17422,29,21040,California
Calaveras,2021-06-26,33,37627,16,15571,15,21059,2,997,20,3628,13,17435,23,21063,California
Calaveras,2021-06-27,18,37645,16,15587,1,21060,1,998,8,3627,10,17445,9,21072,California
Calaveras,2021-06-28,42,37687,24,15611,13,21073,5,1003,18,3627,24,17469,24,21096,California
Calaveras,2021-06-29,53,37740,41,15652,9,21082,3,1006,22,3621,31,17500,25,21121,California
Calaveras,2021-06-30,39,37779,22,15674,9,21091,8,1014,18,3626,21,17521,26,21147,California
Calaveras,2021-07-01,37,37816,21,15695,11,21102,5,1019,17,3629,19,17540,22,21169,California
Calaveras,2021-07-02,39,37855,29,15724,8,21110,2,1021,23,3638,16,17556,25,21194,California
Calaveras,2021-07-03,21,37876,15,15739,5,21115,1,1022,11,3640,10,17566,12,21206,California
Calaveras,2021-07-04,3,37879,1,15740,2,21117,0,1022,3,3643,0,17566,3,21209,California
Calaveras,2021-07-05,25,37904,15,15755,7,21124,3,1025,5,3632,20,17586,9,21218,California
Calaveras,2021-07-06,43,37947,21,15776,22,21146,0,1025,27,3643,16,17602,27,21245,California
Colusa,2020-12-18,1,1,1,1,0,0,0,0,1,1,0,0,1,1,California
Colusa,2020-12-21,2,3,2,3,0,0,0,0,2,3,0,0,2,3,California
Colusa,2020-12-22,10,13,10,13,0,0,0,0,10,13,0,0,10,13,California
Colusa,2020-12-23,10,23,10,23,0,0,0,0,10,23,0,0,10,23,California
Colusa,2020-12-24,2,25,1,24,1,1,0,0,2,25,0,0,2,25,California
Colusa,2020-12-27,1,26,1,25,0,1,0,0,1,26,0,0,1,26,California
Colusa,2020-12-28,7,33,3,28,4,5,0,0,7,33,0,0,7,33,California
Colusa,2020-12-29,10,43,8,36,2,7,0,0,10,43,0,0,10,43,California
Colusa,2020-12-30,51,94,14,50,37,44,0,0,51,94,0,0,51,94,California
Colusa,2020-12-31,18,112,1,51,17,61,0,0,18,112,0,0,18,112,California
Colusa,2021-01-04,3,115,0,51,3,64,0,0,3,115,0,0,3,115,California
Colusa,2021-01-05,68,183,1,52,67,131,0,0,68,183,0,0,68,183,California
Colusa,2021-01-06,15,198,9,61,6,137,0,0,15,198,0,0,15,198,California
Colusa,2021-01-07,40,238,5,66,35,172,0,0,39,236,1,1,39,237,California
Colusa,2021-01-08,9,247,7,73,2,174,0,0,8,243,1,2,8,245,California
Colusa,2021-01-09,2,249,1,74,1,175,0,0,2,245,0,2,2,247,California
Colusa,2021-01-10,1,250,0,74,1,176,0,0,1,246,0,2,1,248,California
Colusa,2021-01-11,12,262,6,80,6,182,0,0,7,248,5,7,7,255,California
Colusa,2021-01-12,11,273,9,89,2,184,0,0,6,249,5,12,6,261,California
Colusa,2021-01-13,21,294,13,102,8,192,0,0,13,254,8,20,13,274,California
Colusa,2021-01-14,36,330,29,131,7,199,0,0,34,286,2,22,34,308,California
Colusa,2021-01-15,42,372,5,136,37,236,0,0,40,324,2,24,40,348,California
Colusa,2021-01-16,12,384,1,137,11,247,0,0,11,334,1,25,11,359,California
Colusa,2021-01-17,3,387,2,139,1,248,0,0,2,335,1,26,2,361,California
Colusa,2021-01-18,4,391,0,139,4,252,0,0,4,339,0,26,4,365,California
Colusa,2021-01-19,9,400,8,147,1,253,0,0,5,340,4,30,5,370,California
Colusa,2021-01-20,115,515,101,248,14,267,0,0,101,427,14,44,101,471,California
Colusa,2021-01-21,59,574,44,292,15,282,0,0,58,484,1,45,58,529,California
Colusa,2021-01-22,40,614,17,309,23,305,0,0,35,514,5,50,35,564,California
Colusa,2021-01-23,35,649,6,315,29,334,0,0,35,549,0,50,35,599,California
Colusa,2021-01-25,7,656,0,315,7,341,0,0,7,556,0,50,7,606,California
Colusa,2021-01-26,8,664,5,320,3,344,0,0,5,558,3,53,5,611,California
Colusa,2021-01-27,110,774,31,351,79,423,0,0,108,664,2,55,108,719,California
Colusa,2021-01-28,84,858,48,399,36,459,0,0,75,730,9,64,75,794,California
Colusa,2021-01-29,42,900,7,406,35,494,0,0,41,770,1,65,41,835,California
Colusa,2021-01-30,27,927,4,410,23,517,0,0,27,797,0,65,27,862,California
Colusa,2021-01-31,7,934,7,417,0,517,0,0,7,804,0,65,7,869,California
Colusa,2021-02-01,27,961,10,427,17,534,0,0,22,821,5,70,22,891,California
Colusa,2021-02-02,42,1003,8,435,34,568,0,0,36,851,6,76,36,927,California
Colusa,2021-02-03,74,1077,10,445,64,632,0,0,62,901,12,88,62,989,California
Colusa,2021-02-04,143,1220,81,526,62,694,0,0,114,986,29,117,114,1103,California
Colusa,2021-02-05,33,1253,9,535,24,718,0,0,30,1013,3,120,30,1133,California
Colusa,2021-02-06,285,1538,9,544,276,994,0,0,274,1276,11,131,274,1407,California
Colusa,2021-02-07,2,1540,1,545,1,995,0,0,0,1274,2,133,0,1407,California
Colusa,2021-02-08,40,1580,5,550,35,1030,0,0,37,1308,3,136,37,1444,California
Colusa,2021-02-09,231,1811,14,564,217,1247,0,0,176,1429,55,191,176,1620,California
Colusa,2021-02-10,118,1929,42,606,76,1323,0,0,74,1459,44,235,74,1694,California
Colusa,2021-02-11,107,2036,44,650,63,1386,0,0,80,1512,27,262,80,1774,California
Colusa,2021-02-12,117,2153,9,659,108,1494,0,0,78,1550,40,302,78,1852,California
Colusa,2021-02-13,60,2213,8,667,52,1546,0,0,52,1594,8,310,52,1904,California
Colusa,2021-02-14,21,2234,8,675,13,1559,0,0,15,1603,6,316,15,1919,California
Colusa,2021-02-15,46,2280,10,685,36,1595,0,0,39,1635,7,323,39,1958,California
Colusa,2021-02-16,69,2349,4,689,65,1660,0,0,68,1702,1,324,68,2026,California
Colusa,2021-02-17,209,2558,143,832,66,1726,0,0,62,1617,147,471,62,2088,California
Colusa,2021-02-18,139,2697,39,871,100,1826,0,0,116,1710,23,494,116,2204,California
Colusa,2021-02-19,157,2854,19,890,138,1964,0,0,131,1815,26,520,131,2335,California
Colusa,2021-02-20,32,2886,6,896,26,1990,0,0,13,1809,19,539,13,2348,California
Colusa,2021-02-21,4,2890,2,898,2,1992,0,0,2,1809,2,541,2,2350,California
Colusa,2021-02-22,45,2935,27,925,18,2010,0,0,30,1824,15,556,30,2380,California
Colusa,2021-02-23,21,2956,6,931,15,2025,0,0,17,1837,4,560,17,2397,California
Colusa,2021-02-24,307,3263,55,986,252,2277,0,0,159,1848,148,708,159,2556,California
Colusa,2021-02-25,113,3376,64,1050,49,2326,0,0,76,1887,37,745,76,2632,California
Colusa,2021-02-26,100,3476,15,1065,85,2411,0,0,60,1907,40,785,60,2692,California
Colusa,2021-02-27,57,3533,4,1069,53,2464,0,0,42,1934,15,800,42,2734,California
Colusa,2021-02-28,27,3560,15,1084,12,2476,0,0,18,1943,9,809,18,2752,California
Colusa,2021-03-01,46,3606,15,1099,31,2507,0,0,29,1955,17,826,29,2781,California
Colusa,2021-03-02,50,3656,13,1112,37,2544,0,0,26,1957,24,850,26,2807,California
Colusa,2021-03-03,253,3909,46,1158,207,2751,0,0,193,2090,60,910,193,3000,California
Colusa,2021-03-04,147,4056,60,1218,87,2838,0,0,77,2097,70,980,77,3077,California
Colusa,2021-03-05,111,4167,25,1243,77,2915,9,9,54,2103,57,1037,63,3140,California
Colusa,2021-03-06,276,4443,9,1252,267,3182,0,9,39,1905,237,1274,39,3179,California
Colusa,2021-03-07,8,4451,5,1257,3,3185,0,9,6,1909,2,1276,6,3185,California
Colusa,2021-03-08,107,4558,22,1279,50,3235,35,44,48,1934,58,1334,83,3268,California
Colusa,2021-03-09,288,4846,74,1353,191,3426,23,67,94,1857,194,1528,117,3385,California
Colusa,2021-03-10,310,5156,38,1391,236,3662,36,103,211,2005,99,1627,247,3632,California
Colusa,2021-03-11,437,5593,63,1454,353,4015,21,124,340,2267,97,1724,359,3991,California
Colusa,2021-03-12,111,5704,18,1472,80,4095,13,137,20,2209,91,1815,33,4024,California
Colusa,2021-03-13,68,5772,16,1488,43,4138,9,146,21,2192,47,1862,30,4054,California
Colusa,2021-03-14,21,5793,0,1488,19,4157,2,148,5,2184,15,1877,7,4061,California
Colusa,2021-03-15,80,5873,27,1515,45,4202,8,156,23,2158,57,1934,31,4092,California
Colusa,2021-03-16,298,6171,16,1531,236,4438,46,202,189,2284,109,2043,235,4327,California
Colusa,2021-03-17,195,6366,49,1580,146,4584,0,202,106,2301,89,2132,106,4433,California
Colusa,2021-03-18,326,6692,39,1619,216,4800,71,273,194,2435,132,2264,266,4699,California
Colusa,2021-03-19,79,6771,20,1639,57,4857,2,275,52,2462,27,2291,54,4753,California
Colusa,2021-03-20,51,6822,8,1647,42,4899,1,276,37,2486,14,2305,38,4791,California
Colusa,2021-03-21,6,6828,4,1651,2,4901,0,276,1,2482,5,2310,1,4792,California
Colusa,2021-03-22,62,6890,10,1661,43,4944,9,285,40,2509,22,2332,49,4841,California
Colusa,2021-03-23,82,6972,16,1677,64,5008,2,287,56,2541,26,2358,58,4899,California
Colusa,2021-03-24,339,7311,57,1734,276,5284,6,293,65,2337,274,2632,70,4969,California
Colusa,2021-03-25,111,7422,62,1796,44,5328,5,298,53,2337,58,2690,58,5027,California
Colusa,2021-03-26,300,7722,47,1843,249,5577,4,302,247,2535,53,2743,251,5278,California
Colusa,2021-03-27,63,7785,5,1848,58,5635,0,302,24,2520,39,2782,24,5302,California
Colusa,2021-03-28,16,7801,7,1855,9,5644,0,302,7,2518,9,2791,7,5309,California
Colusa,2021-03-29,72,7873,20,1875,46,5690,6,308,31,2514,41,2832,37,5346,California
Colusa,2021-03-30,151,8024,82,1957,67,5757,2,310,72,2509,79,2911,74,5420,California
Colusa,2021-03-31,234,8258,41,1998,193,5950,0,310,66,2408,167,3078,66,5486,California
Colusa,2021-04-01,434,8692,72,2070,307,6257,55,365,308,2645,125,3203,362,5848,California
Colusa,2021-04-02,82,8774,14,2084,54,6311,14,379,38,2653,44,3247,52,5900,California
Colusa,2021-04-03,62,8836,10,2094,29,6340,23,402,14,2641,48,3295,36,5936,California
Colusa,2021-04-04,18,8854,0,2094,8,6348,10,412,3,2639,15,3310,13,5949,California
Colusa,2021-04-05,96,8950,26,2120,54,6402,16,428,34,2627,62,3372,50,5999,California
Colusa,2021-04-06,130,9080,35,2155,45,6447,50,478,35,2617,95,3467,85,6084,California
Colusa,2021-04-07,357,9437,42,2197,292,6739,23,501,125,2535,231,3698,149,6233,California
Colusa,2021-04-08,429,9866,34,2231,367,7106,28,529,117,2371,309,4007,145,6378,California
Colusa,2021-04-09,77,9943,21,2252,32,7138,24,553,28,2374,49,4056,52,6430,California
Colusa,2021-04-10,45,9988,10,2262,14,7152,21,574,8,2366,37,4093,29,6459,California
Colusa,2021-04-11,16,10004,3,2265,11,7163,2,576,8,2368,8,4101,10,6469,California
Colusa,2021-04-12,32,10036,3,2268,29,7192,0,576,15,2366,17,4118,15,6484,California
Colusa,2021-04-13,280,10316,23,2291,257,7449,0,576,95,2277,184,4302,95,6579,California
Colusa,2021-04-14,97,10413,20,2311,77,7526,0,576,35,2250,62,4364,35,6614,California
Colusa,2021-04-15,325,10738,48,2359,277,7803,0,576,130,2185,195,4559,130,6744,California
Colusa,2021-04-16,80,10818,11,2370,69,7872,0,576,35,2176,44,4603,35,6779,California
Colusa,2021-04-17,53,10871,7,2377,46,7918,0,576,30,2183,23,4626,30,6809,California
Colusa,2021-04-18,9,10880,2,2379,7,7925,0,576,7,2188,2,4628,7,6816,California
Colusa,2021-04-19,61,10941,21,2400,40,7965,0,576,17,2161,44,4672,17,6833,California
Colusa,2021-04-20,189,11130,38,2438,151,8116,0,576,134,2240,55,4727,134,6967,California
Colusa,2021-04-21,178,11308,68,2506,110,8226,0,576,110,2282,68,4795,110,7077,California
Colusa,2021-04-22,425,11733,27,2533,397,8623,1,577,221,2300,203,4998,221,7298,California
Colusa,2021-04-23,96,11829,21,2554,75,8698,0,577,37,2278,59,5057,37,7335,California
Colusa,2021-04-24,241,12070,19,2573,221,8919,1,578,210,2457,31,5088,210,7545,California
Colusa,2021-04-25,12,12082,6,2579,6,8925,0,578,8,2461,4,5092,8,7553,California
Colusa,2021-04-26,25,12107,5,2584,19,8944,1,579,6,2449,18,5110,6,7559,California
Colusa,2021-04-27,97,12204,25,2609,68,9012,4,583,44,2444,53,5163,48,7607,California
Colusa,2021-04-28,196,12400,33,2642,160,9172,3,586,144,2540,51,5214,147,7754,California
Colusa,2021-04-29,319,12719,29,2671,286,9458,4,590,48,2323,269,5483,52,7806,California
Colusa,2021-04-30,70,12789,23,2694,47,9505,0,590,46,2345,24,5507,46,7852,California
Colusa,2021-05-01,19,12808,8,2702,8,9513,3,593,9,2347,10,5517,12,7864,California
Colusa,2021-05-02,5,12813,1,2703,3,9516,1,594,2,2347,3,5520,3,7867,California
Colusa,2021-05-03,31,12844,7,2710,24,9540,0,594,15,2346,16,5536,15,7882,California
Colusa,2021-05-04,99,12943,55,2765,43,9583,1,595,69,2386,30,5566,70,7952,California
Colusa,2021-05-05,84,13027,21,2786,62,9645,1,596,35,2373,49,5615,36,7988,California
Colusa,2021-05-06,254,13281,16,2802,236,9881,2,598,111,2343,143,5758,113,8101,California
Colusa,2021-05-07,66,13347,4,2806,58,9939,4,602,30,2341,36,5794,34,8135,California
Colusa,2021-05-08,18,13365,6,2812,12,9951,0,602,9,2341,9,5803,9,8144,California
Colusa,2021-05-09,13,13378,5,2817,5,9956,3,605,6,2343,7,5810,9,8153,California
Colusa,2021-05-10,26,13404,6,2823,20,9976,0,605,9,2335,17,5827,9,8162,California
Colusa,2021-05-11,93,13497,34,2857,59,10035,0,605,48,2338,45,5872,48,8210,California
Colusa,2021-05-12,78,13575,32,2889,42,10077,4,609,21,2306,57,5929,25,8235,California
Colusa,2021-05-13,249,13824,24,2913,224,10301,1,610,80,2218,169,6098,81,8316,California
Colusa,2021-05-14,95,13919,18,2931,62,10363,15,625,33,2205,61,6159,48,8364,California
Colusa,2021-05-15,41,13960,10,2941,29,10392,2,627,21,2208,20,6179,23,8387,California
Colusa,2021-05-16,24,13984,8,2949,9,10401,7,634,11,2213,13,6192,18,8405,California
Colusa,2021-05-17,25,14009,5,2954,18,10419,2,636,13,2216,12,6204,15,8420,California
Colusa,2021-05-18,104,14113,27,2981,75,10494,2,638,46,2206,58,6262,48,8468,California
Colusa,2021-05-19,224,14337,44,3025,160,10654,20,658,66,2134,158,6420,86,8554,California
Colusa,2021-05-20,284,14621,34,3059,246,10900,4,662,68,1990,216,6636,72,8626,California
Colusa,2021-05-21,70,14691,24,3083,44,10944,2,664,34,1990,36,6672,36,8662,California
Colusa,2021-05-22,222,14913,24,3107,197,11141,1,665,34,1837,188,6860,35,8697,California
Colusa,2021-05-23,19,14932,8,3115,7,11148,4,669,5,1832,14,6874,9,8706,California
Colusa,2021-05-24,26,14958,3,3118,18,11166,5,674,15,1841,11,6885,20,8726,California
Colusa,2021-05-25,135,15093,75,3193,58,11224,2,676,52,1812,83,6968,54,8780,California
Colusa,2021-05-26,72,15165,25,3218,47,11271,0,676,32,1804,40,7008,32,8812,California
Colusa,2021-05-27,171,15336,17,3235,154,11425,0,676,54,1741,117,7125,54,8866,California
Colusa,2021-05-28,79,15415,25,3260,53,11478,1,677,40,1743,39,7164,41,8907,California
Colusa,2021-05-29,40,15455,18,3278,18,11496,4,681,29,1765,11,7175,33,8940,California
Colusa,2021-05-30,8,15463,1,3279,2,11498,5,686,1,1764,7,7182,6,8946,California
Colusa,2021-05-31,4,15467,0,3279,4,11502,0,686,1,1762,3,7185,1,8947,California
Colusa,2021-06-01,49,15516,15,3294,33,11535,1,687,25,1764,24,7209,26,8973,California
Colusa,2021-06-02,146,15662,20,3314,124,11659,2,689,51,1723,94,7303,53,9026,California
Colusa,2021-06-03,63,15725,20,3334,42,11701,1,690,26,1716,34,7337,27,9053,California
Colusa,2021-06-04,61,15786,19,3353,38,11739,4,694,22,1703,39,7376,26,9079,California
Colusa,2021-06-05,35,15821,16,3369,18,11757,1,695,17,1703,18,7394,18,9097,California
Colusa,2021-06-06,11,15832,6,3375,4,11761,1,696,6,1705,5,7399,7,9104,California
Colusa,2021-06-07,24,15856,6,3381,18,11779,0,696,10,1701,14,7413,10,9114,California
Colusa,2021-06-08,75,15931,21,3402,54,11833,0,696,29,1684,46,7459,29,9143,California
Colusa,2021-06-09,71,16002,41,3443,30,11863,0,696,28,1669,43,7502,28,9171,California
Colusa,2021-06-10,58,16060,23,3466,31,11894,4,700,14,1643,44,7546,18,9189,California
Colusa,2021-06-11,57,16117,30,3496,27,11921,0,700,26,1638,31,7577,26,9215,California
Colusa,2021-06-12,37,16154,23,3519,14,11935,0,700,9,1619,28,7605,9,9224,California
Colusa,2021-06-13,10,16164,3,3522,5,11940,2,702,2,1615,8,7613,4,9228,California
Colusa,2021-06-14,19,16183,9,3531,10,11950,0,702,7,1610,12,7625,7,9235,California
Colusa,2021-06-15,75,16258,36,3567,38,11988,1,703,19,1574,56,7681,20,9255,California
Colusa,2021-06-16,55,16313,15,3582,39,12027,1,704,15,1550,40,7721,16,9271,California
Colusa,2021-06-17,116,16429,10,3592,105,12132,1,705,17,1469,99,7820,18,9289,California
Colusa,2021-06-18,63,16492,32,3624,27,12159,4,709,25,1460,38,7858,29,9318,California
Colusa,2021-06-19,26,16518,21,3645,4,12163,1,710,6,1447,20,7878,7,9325,California
Colusa,2021-06-20,9,16527,6,3651,3,12166,0,710,7,1452,2,7880,7,9332,California
Colusa,2021-06-21,20,16547,3,3654,16,12182,1,711,8,1449,12,7892,9,9341,California
Colusa,2021-06-22,67,16614,28,3682,34,12216,5,716,29,1446,37,7929,34,9375,California
Colusa,2021-06-23,50,16664,27,3709,22,12238,1,717,21,1439,29,7958,22,9397,California
Colusa,2021-06-24,60,16724,27,3736,31,12269,2,719,22,1425,38,7996,24,9421,California
Colusa,2021-06-25,41,16765,16,3752,25,12294,0,719,25,1434,16,8012,25,9446,California
Colusa,2021-06-26,18,16783,13,3765,5,12299,0,719,5,1426,13,8025,5,9451,California
Colusa,2021-06-27,7,16790,4,3769,3,12302,0,719,5,1429,2,8027,5,9456,California
Colusa,2021-06-28,8,16798,1,3770,6,12308,1,720,5,1432,3,8030,6,9462,California
Colusa,2021-06-29,42,16840,18,3788,20,12328,4,724,18,1431,23,8053,22,9484,California
Colusa,2021-06-30,77,16917,38,3826,38,12366,1,725,28,1412,49,8102,30,9514,California
Colusa,2021-07-01,43,16960,23,3849,19,12385,1,726,17,1404,26,8128,18,9532,California
Colusa,2021-07-02,48,17008,27,3876,21,12406,0,726,25,1406,23,8151,25,9557,California
Colusa,2021-07-03,21,17029,8,3884,13,12419,0,726,11,1407,10,8161,11,9568,California
Colusa,2021-07-04,3,17032,2,3886,1,12420,0,726,1,1406,2,8163,1,9569,California
Colusa,2021-07-05,10,17042,6,3892,4,12424,0,726,4,1404,6,8169,4,9573,California
Colusa,2021-07-06,26,17068,6,3898,19,12443,1,727,10,1400,15,8184,11,9584,California
Contra Costa,2020-12-15,19,19,19,19,0,0,0,0,19,19,0,0,19,19,California
Contra Costa,2020-12-16,524,543,524,543,0,0,0,0,524,543,0,0,524,543,California
Contra Costa,2020-12-17,1049,1592,1049,1592,0,0,0,0,1049,1592,0,0,1049,1592,California
Contra Costa,2020-12-18,1764,3356,1762,3354,2,2,0,0,1764,3356,0,0,1764,3356,California
Contra Costa,2020-12-19,1117,4473,1116,4470,1,3,0,0,1117,4473,0,0,1117,4473,California
Contra Costa,2020-12-20,601,5074,600,5070,1,4,0,0,601,5074,0,0,601,5074,California
Contra Costa,2020-12-21,1671,6745,1668,6738,3,7,0,0,1671,6745,0,0,1671,6745,California
Contra Costa,2020-12-22,1678,8423,1571,8309,107,114,0,0,1678,8423,0,0,1678,8423,California
Contra Costa,2020-12-23,1632,10055,1380,9689,252,366,0,0,1632,10055,0,0,1632,10055,California
Contra Costa,2020-12-24,656,10711,335,10024,321,687,0,0,656,10711,0,0,656,10711,California
Contra Costa,2020-12-25,41,10752,19,10043,22,709,0,0,41,10752,0,0,41,10752,California
Contra Costa,2020-12-26,653,11405,134,10177,519,1228,0,0,653,11405,0,0,653,11405,California
Contra Costa,2020-12-27,243,11648,87,10264,156,1384,0,0,243,11648,0,0,243,11648,California
Contra Costa,2020-12-28,1850,13498,870,11134,980,2364,0,0,1850,13498,0,0,1850,13498,California
Contra Costa,2020-12-29,1851,15349,827,11961,1024,3388,0,0,1851,15349,0,0,1851,15349,California
Contra Costa,2020-12-30,2416,17765,1220,13181,1196,4584,0,0,2414,17762,2,2,2415,17764,California
Contra Costa,2020-12-31,928,18693,309,13490,619,5203,0,0,927,18689,0,2,927,18691,California
Contra Costa,2021-01-01,68,18761,24,13514,44,5247,0,0,68,18757,0,2,68,18759,California
Contra Costa,2021-01-02,347,19108,179,13693,168,5415,0,0,347,19104,0,2,347,19106,California
Contra Costa,2021-01-03,182,19290,123,13816,59,5474,0,0,181,19285,0,2,181,19287,California
Contra Costa,2021-01-04,1907,21197,1249,15065,658,6132,0,0,1887,21154,18,20,1887,21174,California
Contra Costa,2021-01-05,2114,23311,1265,16330,849,6981,0,0,1828,22698,285,305,1829,23003,California
Contra Costa,2021-01-06,3304,26615,2268,18598,1036,8017,0,0,2488,24379,810,1115,2491,25494,California
Contra Costa,2021-01-07,3123,29738,2086,20684,1037,9054,0,0,1800,24859,1320,2435,1800,27294,California
Contra Costa,2021-01-08,3421,33159,2413,23097,1008,10062,0,0,1766,24978,1650,4085,1769,29063,California
Contra Costa,2021-01-09,1597,34756,1142,24239,455,10517,0,0,736,24856,860,4945,738,29801,California
Contra Costa,2021-01-10,371,35127,295,24534,76,10593,0,0,153,24791,218,5163,153,29954,California
Contra Costa,2021-01-11,3859,38986,3161,27695,698,11291,0,0,2230,25395,1629,6792,2233,32187,California
Contra Costa,2021-01-12,3959,42945,2969,30664,990,12281,0,0,2604,26648,1354,8146,2607,34794,California
Contra Costa,2021-01-13,4806,47751,3000,33664,1806,14087,0,0,3831,29509,971,9117,3832,38626,California
Contra Costa,2021-01-14,4334,52085,1572,35236,2762,16849,0,0,3946,33067,388,9505,3946,42572,California
Contra Costa,2021-01-15,5370,57455,2474,37710,2896,19745,0,0,5040,37782,329,9834,5044,47616,California
Contra Costa,2021-01-16,1752,59207,565,38275,1187,20932,0,0,1675,39380,77,9911,1675,49291,California
Contra Costa,2021-01-17,1671,60878,984,39259,687,21619,0,0,1550,40812,121,10032,1553,50844,California
Contra Costa,2021-01-18,3237,64115,1283,40542,1954,23573,0,0,2602,42787,628,10660,2603,53447,California
Contra Costa,2021-01-19,7086,71201,3171,43713,3915,27488,0,0,6075,47861,1006,11666,6080,59527,California
Contra Costa,2021-01-20,6914,78115,4315,48028,2599,30087,0,0,5663,52282,1247,12913,5668,65195,California
Contra Costa,2021-01-21,7100,85215,3158,51186,3942,34029,0,0,6364,57924,730,13643,6372,71567,California
Contra Costa,2021-01-22,6467,91682,2763,53949,3704,37733,0,0,5596,62661,862,14505,5599,77166,California
Contra Costa,2021-01-23,2058,93740,358,54307,1700,39433,0,0,1790,64187,266,14771,1792,78958,California
Contra Costa,2021-01-24,1593,95333,219,54526,1374,40807,0,0,1445,65488,148,14919,1449,80407,California
Contra Costa,2021-01-25,6730,102063,3058,57584,3672,44479,0,0,5133,69033,1592,16511,5137,85544,California
Contra Costa,2021-01-26,8194,110257,4730,62314,3464,47943,0,0,6311,73475,1875,18386,6317,91861,California
Contra Costa,2021-01-27,8248,118505,5441,67755,2807,50750,0,0,6382,78007,1854,20240,6386,98247,California
Contra Costa,2021-01-28,7513,126018,4108,71863,3405,54155,0,0,5884,82272,1623,21863,5888,104135,California
Contra Costa,2021-01-29,7539,133557,3917,75780,3622,57777,0,0,6206,87153,1327,23190,6208,110343,California
Contra Costa,2021-01-30,2151,135708,649,76429,1502,59279,0,0,1746,88502,397,23587,1746,112089,California
Contra Costa,2021-01-31,664,136372,433,76862,231,59510,0,0,569,88979,92,23679,569,112658,California
Contra Costa,2021-02-01,5870,142242,4078,80940,1792,61302,0,0,3955,91031,1907,25586,3959,116617,California
Contra Costa,2021-02-02,7647,149889,5120,86060,2527,63829,0,0,5928,95243,1717,27303,5929,122546,California
Contra Costa,2021-02-03,8336,158225,5498,91558,2838,66667,0,0,5625,98169,2700,30003,5626,128172,California
Contra Costa,2021-02-04,7523,165748,3597,95155,3926,70593,0,0,5748,102149,1772,31775,5752,133924,California
Contra Costa,2021-02-05,8494,174242,4841,99996,3653,74246,0,0,5775,105213,2711,34486,5775,139699,California
Contra Costa,2021-02-06,3495,177737,2168,102164,1327,75573,0,0,2837,107394,657,35143,2838,142537,California
Contra Costa,2021-02-07,997,178734,723,102887,274,75847,0,0,606,107610,390,35533,606,143143,California
Contra Costa,2021-02-08,5912,184646,3515,106402,2397,78244,0,0,4404,110514,1501,37034,4405,147548,California
Contra Costa,2021-02-09,8719,193365,4813,111215,3906,82150,0,0,5787,113379,2923,39957,5788,153336,California
Contra Costa,2021-02-10,8719,202084,4684,115899,4035,86185,0,0,5343,115366,3360,43317,5347,158683,California
Contra Costa,2021-02-11,9410,211494,4254,120153,5156,91341,0,0,5181,116330,4222,47539,5186,163869,California
Contra Costa,2021-02-12,10203,221697,4677,124830,5526,96867,0,0,5491,117120,4704,52243,5494,169363,California
Contra Costa,2021-02-13,4944,226641,1391,126221,3553,100420,0,0,3435,119052,1505,53748,3437,172800,California
Contra Costa,2021-02-14,2114,228755,872,127093,1242,101662,0,0,1226,119393,885,54633,1226,174026,California
Contra Costa,2021-02-15,4519,233274,2498,129591,2021,103683,0,0,2345,119575,2164,56797,2346,176372,California
Contra Costa,2021-02-16,10499,243773,4962,134553,5537,109220,0,0,4672,118434,5817,62614,4676,181048,California
Contra Costa,2021-02-17,12397,256170,6217,140770,6180,115400,0,0,5666,117387,6714,69328,5667,186715,California
Contra Costa,2021-02-18,11609,267779,6016,146786,5593,120993,0,0,5366,116526,6229,75557,5368,192083,California
Contra Costa,2021-02-19,11628,279407,7245,154031,4383,125376,0,0,5246,115410,6364,81921,5248,197331,California
Contra Costa,2021-02-20,6618,286025,2993,157024,3625,129001,0,0,4657,118128,1943,83864,4661,201992,California
Contra Costa,2021-02-21,2363,288388,1770,158794,593,129594,0,0,1581,118928,781,84645,1581,203573,California
Contra Costa,2021-02-22,7972,296360,5398,164192,2574,132168,0,0,3653,118282,4302,88947,3656,207229,California
Contra Costa,2021-02-23,12501,308861,7699,171891,4802,136970,0,0,6282,118371,6201,95148,6290,213519,California
Contra Costa,2021-02-24,10933,319794,8025,179916,2908,139878,0,0,5306,118073,5604,100752,5306,218825,California
Contra Costa,2021-02-25,11990,331784,7600,187516,4390,144268,0,0,5563,117240,6403,107155,5570,224395,California
Contra Costa,2021-02-26,11191,342975,7069,194585,4122,148390,0,0,5547,117160,5629,112784,5549,229944,California
Contra Costa,2021-02-27,6928,349903,4464,199049,2464,150854,0,0,4345,118933,2574,115358,4347,234291,California
Contra Costa,2021-02-28,4352,354255,3608,202657,743,151597,1,1,3670,121927,678,116036,3672,237963,California
Contra Costa,2021-03-01,8727,362982,6599,209256,2121,153718,7,8,5374,123973,3338,119374,5384,243347,California
Contra Costa,2021-03-02,10753,373735,6883,216139,3869,157587,1,9,5771,124781,4965,124339,5773,249120,California
Contra Costa,2021-03-03,11448,385183,7207,223346,4240,161827,1,10,6466,126285,4964,129303,6468,255588,California
Contra Costa,2021-03-04,12012,397195,7187,230533,4823,166650,2,12,6256,126805,5738,135041,6258,261846,California
Contra Costa,2021-03-05,11519,408714,6925,237458,4587,171237,7,19,6618,128548,4883,139924,6626,268472,California
Contra Costa,2021-03-06,7523,416237,4218,241676,2994,174231,311,330,4926,131200,2582,142506,5234,273706,California
Contra Costa,2021-03-07,3864,420101,2467,244143,1333,175564,64,394,3173,133747,689,143195,3236,276942,California
Contra Costa,2021-03-08,8266,428367,3939,248082,4020,179584,307,701,5549,136901,2705,145900,5859,282801,California
Contra Costa,2021-03-09,11218,439585,5946,254028,4975,184559,297,998,5865,137727,5339,151239,6165,288966,California
Contra Costa,2021-03-10,12498,452083,6244,260272,4755,189314,1499,2497,5686,138101,6798,158037,7172,296138,California
Contra Costa,2021-03-11,12551,464634,6607,266879,5375,194689,569,3066,6400,138939,6125,164162,6963,303101,California
Contra Costa,2021-03-12,12703,477337,5235,272114,6898,201587,570,3636,6311,139444,6369,170531,6874,309975,California
Contra Costa,2021-03-13,7910,485247,3179,275293,4297,205884,434,4070,3113,138207,4776,175307,3539,313514,California
Contra Costa,2021-03-14,4449,489696,2633,277926,1329,207213,487,4557,1690,137633,2750,178057,2176,315690,California
Contra Costa,2021-03-15,9539,499235,5181,283107,3594,210807,764,5321,4676,138227,4842,182899,5436,321126,California
Contra Costa,2021-03-16,14440,513675,8609,291716,5421,216228,410,5731,7086,138392,7329,190228,7494,328620,California
Contra Costa,2021-03-17,15190,528865,10503,302219,4463,220691,224,5955,8457,140372,6706,196934,8686,337306,California
Contra Costa,2021-03-18,15537,544402,8679,310898,6377,227068,481,6436,8571,142494,6928,203862,9050,346356,California
Contra Costa,2021-03-19,15763,560165,9120,320018,5229,232297,1414,7850,8152,144469,7592,211454,9567,355923,California
Contra Costa,2021-03-20,10789,570954,6473,326491,4000,236297,316,8166,5104,144231,5658,217112,5420,361343,California
Contra Costa,2021-03-21,4600,575554,4025,330516,477,236774,98,8264,1791,143322,2797,219909,1888,363231,California
Contra Costa,2021-03-22,11728,587282,8840,339356,2629,239403,259,8523,6808,145484,4901,224810,7063,370294,California
Contra Costa,2021-03-23,15778,603060,10896,350252,4710,244113,172,8695,9044,147995,6705,231515,9216,379510,California
Contra Costa,2021-03-24,15127,618187,11794,362046,3119,247232,214,8909,9118,151356,5973,237488,9334,388844,California
Contra Costa,2021-03-25,15445,633632,12035,374081,3116,250348,294,9203,9424,155088,5982,243470,9714,398558,California
Contra Costa,2021-03-26,15146,648778,10864,384945,3879,254227,403,9606,8688,157748,6425,249895,9085,407643,California
Contra Costa,2021-03-27,10591,659369,6884,391829,3194,257421,513,10119,5617,158908,4961,254856,6121,413764,California
Contra Costa,2021-03-28,4257,663626,3037,394866,1166,258587,54,10173,1614,157946,2631,257487,1669,415433,California
Contra Costa,2021-03-29,10963,674589,8548,403414,2300,260887,115,10288,6948,161015,3997,261484,7066,422499,California
Contra Costa,2021-03-30,16868,691457,9233,412647,6278,267165,1357,11645,10392,166304,6451,267935,11740,434239,California
Contra Costa,2021-03-31,18113,709570,12669,425316,3999,271164,1445,13090,11374,172422,6688,274623,12806,447045,California
Contra Costa,2021-04-01,17636,727206,12303,437619,3940,275104,1393,14483,11417,179042,6178,280801,12798,459843,California
Contra Costa,2021-04-02,17548,744754,12909,450528,3606,278710,1033,15516,11618,185766,5919,286720,12643,472486,California
Contra Costa,2021-04-03,10896,755650,6505,457033,2840,281550,1551,17067,6212,188854,4669,291389,7757,480243,California
Contra Costa,2021-04-04,3366,759016,1333,458366,1430,282980,603,17670,852,187800,2506,293895,1452,481695,California
Contra Costa,2021-04-05,12143,771159,7911,466277,3246,286226,986,18656,6578,189815,5549,299444,7564,489259,California
Contra Costa,2021-04-06,17397,788556,12037,478314,3060,289286,2300,20956,9746,194223,7629,307073,12037,501296,California
Contra Costa,2021-04-07,18656,807212,12627,490941,3203,292489,2826,23782,10564,199576,8066,315139,13419,514715,California
Contra Costa,2021-04-08,18730,825942,12479,503420,3326,295815,2925,26707,10035,203856,8667,323806,12947,527662,California
Contra Costa,2021-04-09,18924,844866,12074,515494,4340,300155,2510,29217,10106,207676,8786,332592,12606,540268,California
Contra Costa,2021-04-10,10605,855471,3847,519341,2192,302347,4566,33783,3323,208283,7261,339853,7868,548136,California
Contra Costa,2021-04-11,3374,858845,2011,521352,697,303044,666,34449,1135,207850,2233,342086,1800,549936,California
Contra Costa,2021-04-12,12034,870879,7933,529285,3017,306061,1084,35533,5656,208234,6361,348447,6745,556681,California
Contra Costa,2021-04-13,17974,888853,11029,540314,6937,312998,8,35541,11982,214265,5964,354411,11995,568676,California
Contra Costa,2021-04-14,17794,906647,11181,551495,6612,319610,1,35542,9883,216265,7888,362299,9888,578564,California
Contra Costa,2021-04-15,17599,924246,10800,562295,6798,326408,1,35543,8155,215033,9412,371711,8180,586744,California
Contra Costa,2021-04-16,17017,941263,10594,572889,6422,332830,1,35544,7687,213427,9302,381013,7696,594440,California
Contra Costa,2021-04-17,11598,952861,6367,579256,5231,338061,0,35544,6261,214378,5317,386330,6268,600708,California
Contra Costa,2021-04-18,2928,955789,2288,581544,640,338701,0,35544,1853,215167,1064,387394,1853,602561,California
Contra Costa,2021-04-19,11526,967315,8602,590146,2924,341625,0,35544,3673,211020,7824,395218,3677,606238,California
Contra Costa,2021-04-20,17049,984364,11116,601262,5933,347558,0,35544,6455,206920,10560,405778,6460,612698,California
Contra Costa,2021-04-21,17861,1002225,14603,615865,3257,350815,1,35545,6429,201974,11384,417162,6438,619136,California
Contra Costa,2021-04-22,17379,1019604,14076,629941,3301,354116,2,35547,6147,196941,11191,428353,6158,625294,California
Contra Costa,2021-04-23,17212,1036816,13700,643641,3510,357626,2,35549,5568,190914,11606,439959,5579,630873,California
Contra Costa,2021-04-24,10971,1047787,8453,652094,2517,360143,1,35550,4209,188392,6735,446694,4213,635086,California
Contra Costa,2021-04-25,3290,1051077,2219,654313,1069,361212,2,35552,2078,189265,1211,447905,2084,637170,California
Contra Costa,2021-04-26,10133,1061210,8458,662771,1651,362863,24,35576,3067,185325,7044,454949,3104,640274,California
Contra Costa,2021-04-27,14759,1075969,10787,673558,3794,366657,178,35754,4039,178859,10693,465642,4227,644501,California
Contra Costa,2021-04-28,14346,1090315,11188,684746,2873,369530,285,36039,3858,172558,10451,476093,4150,648651,California
Contra Costa,2021-04-29,13561,1103876,10511,695257,2881,372411,169,36208,3278,165760,10251,486344,3453,652104,California
Contra Costa,2021-04-30,13849,1117725,10903,706160,2688,375099,258,36466,3207,158619,10612,496956,3471,655575,California
Contra Costa,2021-05-01,8050,1125775,5852,712012,1876,376975,322,36788,1919,154756,6104,503060,2241,657816,California
Contra Costa,2021-05-02,2340,1128115,1589,713601,670,377645,81,36869,986,154481,1342,504402,1067,658883,California
Contra Costa,2021-05-03,9139,1137254,8020,721621,944,378589,175,37044,1931,149401,7190,511592,2110,660993,California
Contra Costa,2021-05-04,14223,1151477,12283,733904,1610,380199,330,37374,2314,140167,11878,523470,2644,663637,California
Contra Costa,2021-05-05,12667,1164144,10929,744833,1535,381734,203,37577,2449,132633,10187,533657,2653,666290,California
Contra Costa,2021-05-06,10376,1174520,8623,753456,1416,383150,337,37914,1970,126569,8380,542037,2316,668606,California
Contra Costa,2021-05-07,9706,1184226,7804,761260,1678,384828,224,38138,2241,121600,7430,549467,2461,671067,California
Contra Costa,2021-05-08,5419,1189645,4103,765363,1148,385976,168,38306,1314,118997,4089,553556,1486,672553,California
Contra Costa,2021-05-09,2148,1191793,1819,767182,270,386246,59,38365,448,117814,1692,555248,509,673062,California
Contra Costa,2021-05-10,4979,1196772,3988,771170,771,387017,220,38585,1337,115749,3620,558868,1555,674617,California
Contra Costa,2021-05-11,8895,1205667,4691,775861,3966,390983,238,38823,1786,110691,7089,565957,2031,676648,California
Contra Costa,2021-05-12,9289,1214956,4792,780653,4231,395214,266,39089,1596,104894,7665,573622,1868,678516,California
Contra Costa,2021-05-13,11803,1226759,7884,788537,3732,398946,187,39276,4239,101787,7536,581158,4429,682945,California
Contra Costa,2021-05-14,12284,1239043,8212,796749,3787,402733,285,39561,5025,99864,7231,588389,5308,688253,California
Contra Costa,2021-05-15,10031,1249074,7280,804029,2633,405366,118,39679,4417,98803,5598,593987,4537,692790,California
Contra Costa,2021-05-16,2642,1251716,2326,806355,265,405631,51,39730,1224,98666,1411,595398,1274,694064,California
Contra Costa,2021-05-17,7133,1258849,5758,812113,1198,406829,177,39907,3558,98847,3555,598953,3736,697800,California
Contra Costa,2021-05-18,10248,1269097,7009,819122,3021,409850,218,40125,4441,97732,5777,604730,4662,702462,California
Contra Costa,2021-05-19,8497,1277594,6867,825989,1435,411285,195,40320,3835,97124,4642,609372,4034,706496,California
Contra Costa,2021-05-20,7202,1284796,5683,831672,1332,412617,187,40507,3326,96791,3846,613218,3513,710009,California
Contra Costa,2021-05-21,7089,1291885,5429,837101,1448,414065,212,40719,3207,96352,3855,617073,3416,713425,California
Contra Costa,2021-05-22,5145,1297030,4069,841170,898,414963,178,40897,2513,96434,2607,619680,2689,716114,California
Contra Costa,2021-05-23,1281,1298311,853,842023,371,415334,57,40954,606,96430,666,620346,662,716776,California
Contra Costa,2021-05-24,4751,1303062,3932,845955,642,415976,177,41131,2232,96338,2505,622851,2413,719189,California
Contra Costa,2021-05-25,6284,1309346,5110,851065,923,416899,251,41382,2636,95595,3629,626480,2886,722075,California
Contra Costa,2021-05-26,5636,1314982,3621,854686,1826,418725,189,41571,1939,94047,3675,630155,2127,724202,California
Contra Costa,2021-05-27,3814,1318796,2699,857385,938,419663,177,41748,1604,93631,2193,632348,1777,725979,California
Contra Costa,2021-05-28,5360,1324156,3749,861134,1440,421103,171,41919,2231,92926,3103,635451,2398,728377,California
Contra Costa,2021-05-29,3295,1327451,2146,863280,1032,422135,117,42036,1629,93017,1655,637106,1746,730123,California
Contra Costa,2021-05-30,934,1328385,589,863869,316,422451,29,42065,344,92802,588,637694,373,730496,California
Contra Costa,2021-05-31,387,1328772,267,864136,108,422559,12,42077,127,92683,257,637951,138,730634,California
Contra Costa,2021-06-01,4805,1333577,3574,867710,1085,423644,146,42223,1659,91360,3128,641079,1805,732439,California
Contra Costa,2021-06-02,3442,1337019,2439,870149,859,424503,144,42367,1407,90886,2024,643103,1550,733989,California
Contra Costa,2021-06-03,5436,1342455,4532,874681,789,425292,115,42482,1406,88384,4023,647126,1521,735510,California
Contra Costa,2021-06-04,6396,1348851,5360,880041,897,426189,139,42621,1584,85311,4793,651919,1720,737230,California
Contra Costa,2021-06-05,5214,1354065,4424,884465,678,426867,112,42733,1080,82379,4121,656040,1189,738419,California
Contra Costa,2021-06-06,1364,1355429,1191,885656,143,427010,30,42763,320,81690,1039,657079,350,738769,California
Contra Costa,2021-06-07,4943,1360372,4350,890006,493,427503,100,42863,1356,79570,3577,660656,1457,740226,California
Contra Costa,2021-06-08,6101,1366473,5263,895269,715,428218,123,42986,1418,76445,4666,665322,1541,741767,California
Contra Costa,2021-06-09,4872,1371345,4154,899423,570,428788,148,43134,1260,74260,3592,668914,1407,743174,California
Contra Costa,2021-06-10,4796,1376141,4033,903456,594,429382,169,43303,1232,72113,3548,672462,1401,744575,California
Contra Costa,2021-06-11,4852,1380993,3976,907432,677,430059,199,43502,1276,70026,3561,676023,1474,746049,California
Contra Costa,2021-06-12,3179,1384172,2697,910129,415,430474,67,43569,724,68371,2444,678467,789,746838,California
Contra Costa,2021-06-13,1151,1385323,860,910989,183,430657,108,43677,286,67907,858,679325,394,747232,California
Contra Costa,2021-06-14,3901,1389224,3297,914286,475,431132,129,43806,1123,66396,2760,682085,1249,748481,California
Contra Costa,2021-06-15,4183,1393407,3487,917773,536,431668,160,43966,1316,65014,2858,684943,1476,749957,California
Contra Costa,2021-06-16,3479,1396886,2833,920606,461,432129,185,44151,1207,64151,2253,687196,1390,751347,California
Contra Costa,2021-06-17,2770,1399656,2268,922874,377,432506,125,44276,1050,63612,1712,688908,1173,752520,California
Contra Costa,2021-06-18,3693,1403349,3039,925913,463,432969,191,44467,1327,62774,2354,691262,1516,754036,California
Contra Costa,2021-06-19,2037,1405386,1701,927614,232,433201,104,44571,575,61995,1459,692721,680,754716,California
Contra Costa,2021-06-20,791,1406177,664,928278,98,433299,29,44600,334,61904,453,693174,362,755078,California
Contra Costa,2021-06-21,1815,1407992,1381,929659,277,433576,157,44757,977,62206,830,694004,1132,756210,California
Contra Costa,2021-06-22,3042,1411034,2576,932235,325,433901,141,44898,1187,61691,1842,695846,1327,757537,California
Contra Costa,2021-06-23,2561,1413595,2129,934364,330,434231,102,45000,1028,61296,1525,697371,1130,758667,California
Contra Costa,2021-06-24,2351,1415946,1979,936343,243,434474,129,45129,943,60970,1396,698767,1070,759737,California
Contra Costa,2021-06-25,2771,1418717,2260,938603,356,434830,155,45284,1131,60623,1635,700402,1288,761025,California
Contra Costa,2021-06-26,1477,1420194,1210,939813,170,435000,97,45381,479,60203,996,701398,576,761601,California
Contra Costa,2021-06-27,691,1420885,603,940416,66,435066,22,45403,273,60082,416,701814,295,761896,California
Contra Costa,2021-06-28,2346,1423231,2024,942440,176,435242,146,45549,844,59583,1488,703302,989,762885,California
Contra Costa,2021-06-29,2535,1425766,2110,944550,294,435536,131,45680,973,59134,1550,704852,1101,763986,California
Contra Costa,2021-06-30,2181,1427947,1785,946335,295,435831,101,45781,885,58834,1284,706136,984,764970,California
Contra Costa,2021-07-01,2077,1430024,1746,948081,224,436055,107,45888,841,58560,1225,707361,951,765921,California
Contra Costa,2021-07-02,2174,1432198,1773,949854,302,436357,99,45987,899,58294,1263,708624,997,766918,California
Contra Costa,2021-07-03,1057,1433255,865,950719,133,436490,59,46046,427,58155,624,709248,485,767403,California
Contra Costa,2021-07-04,50,1433305,17,950736,18,436508,15,46061,18,58156,32,709280,33,767436,California
Contra Costa,2021-07-05,807,1434112,665,951401,102,436610,40,46101,383,58158,421,709701,423,767859,California
Contra Costa,2021-07-06,2132,1436244,1822,953223,203,436813,107,46208,651,57447,1469,711170,758,768617,California
Del Norte,2020-12-21,23,23,23,23,0,0,0,0,23,23,0,0,23,23,California
Del Norte,2020-12-22,46,69,46,69,0,0,0,0,46,69,0,0,46,69,California
Del Norte,2020-12-23,59,128,48,117,11,11,0,0,57,126,0,0,57,126,California
Del Norte,2020-12-28,34,162,34,151,0,11,0,0,34,160,0,0,34,160,California
Del Norte,2020-12-29,4,166,4,155,0,11,0,0,4,164,0,0,4,164,California
Del Norte,2020-12-30,67,233,55,210,12,23,0,0,68,232,0,0,68,232,California
Del Norte,2020-12-31,16,249,13,223,3,26,0,0,16,248,0,0,16,248,California
Del Norte,2021-01-04,103,352,50,273,53,79,0,0,103,351,0,0,103,351,California
Del Norte,2021-01-05,32,384,0,273,32,111,0,0,32,383,0,0,32,383,California
Del Norte,2021-01-06,77,461,18,291,59,170,0,0,77,460,0,0,77,460,California
Del Norte,2021-01-07,21,482,1,292,20,190,0,0,21,481,0,0,21,481,California
Del Norte,2021-01-08,77,559,7,299,70,260,0,0,77,558,0,0,77,558,California
Del Norte,2021-01-11,40,599,21,320,19,279,0,0,18,555,22,22,19,577,California
Del Norte,2021-01-12,52,651,33,353,19,298,0,0,31,565,21,43,31,608,California
Del Norte,2021-01-13,86,737,40,393,46,344,0,0,53,585,33,76,53,661,California
Del Norte,2021-01-14,54,791,14,407,40,384,0,0,48,627,6,82,48,709,California
Del Norte,2021-01-15,107,898,18,425,89,473,0,0,95,710,12,94,95,804,California
Del Norte,2021-01-17,1,899,1,426,0,473,0,0,1,711,0,94,1,805,California
Del Norte,2021-01-18,2,901,0,426,2,475,0,0,2,713,0,94,2,807,California
Del Norte,2021-01-19,118,1019,56,482,62,537,0,0,76,747,42,136,76,883,California
Del Norte,2021-01-20,161,1180,86,568,75,612,0,0,98,782,63,199,98,981,California
Del Norte,2021-01-21,43,1223,40,608,3,615,0,0,32,803,11,210,32,1013,California
Del Norte,2021-01-22,19,1242,17,625,2,617,0,0,12,808,7,217,12,1025,California
Del Norte,2021-01-23,1,1243,0,625,1,618,0,0,1,809,0,217,1,1026,California
Del Norte,2021-01-24,1,1244,0,625,1,619,0,0,1,810,0,217,1,1027,California
Del Norte,2021-01-25,101,1345,83,708,18,637,0,0,56,821,45,262,56,1083,California
Del Norte,2021-01-26,18,1363,11,719,7,644,0,0,7,817,11,273,7,1090,California
Del Norte,2021-01-27,64,1427,21,740,43,687,0,0,61,875,3,276,61,1151,California
Del Norte,2021-01-28,293,1720,20,760,273,960,0,0,288,1158,5,281,288,1439,California
Del Norte,2021-01-29,64,1784,23,783,41,1001,0,0,44,1182,20,301,44,1483,California
Del Norte,2021-01-30,8,1792,1,784,7,1008,0,0,8,1190,0,301,8,1491,California
Del Norte,2021-02-01,41,1833,1,785,40,1048,0,0,26,1201,15,316,26,1517,California
Del Norte,2021-02-02,142,1975,34,819,108,1156,0,0,72,1206,68,384,73,1590,California
Del Norte,2021-02-03,129,2104,42,861,87,1243,0,0,74,1225,55,439,74,1664,California
Del Norte,2021-02-04,70,2174,28,889,42,1285,0,0,41,1236,30,469,41,1705,California
Del Norte,2021-02-05,184,2358,22,911,162,1447,0,0,119,1291,64,533,119,1824,California
Del Norte,2021-02-06,311,2669,5,916,306,1753,0,0,311,1602,0,533,311,2135,California
Del Norte,2021-02-07,2,2671,1,917,1,1754,0,0,2,1604,0,533,2,2137,California
Del Norte,2021-02-08,35,2706,1,918,34,1788,0,0,31,1631,4,537,31,2168,California
Del Norte,2021-02-09,8,2714,5,923,3,1791,0,0,2,1627,6,543,2,2170,California
Del Norte,2021-02-10,143,2857,20,943,123,1914,0,0,85,1655,57,600,85,2255,California
Del Norte,2021-02-11,178,3035,59,1002,119,2033,0,0,64,1605,114,714,64,2319,California
Del Norte,2021-02-12,123,3158,14,1016,109,2142,0,0,69,1620,54,768,69,2388,California
Del Norte,2021-02-13,2,3160,1,1017,1,2143,0,0,2,1622,0,768,2,2390,California
Del Norte,2021-02-14,3,3163,1,1018,2,2145,0,0,2,1623,1,769,2,2392,California
Del Norte,2021-02-15,5,3168,0,1018,5,2150,0,0,3,1624,2,771,3,2395,California
Del Norte,2021-02-16,131,3299,1,1019,130,2280,0,0,13,1519,118,889,13,2408,California
Del Norte,2021-02-17,93,3392,20,1039,73,2353,0,0,25,1477,67,956,25,2433,California
Del Norte,2021-02-18,77,3469,24,1063,53,2406,0,0,51,1502,26,982,51,2484,California
Del Norte,2021-02-19,43,3512,17,1080,26,2432,0,0,33,1525,10,992,33,2517,California
Del Norte,2021-02-20,9,3521,6,1086,3,2435,0,0,6,1528,3,995,6,2523,California
Del Norte,2021-02-21,1,3522,0,1086,1,2436,0,0,0,1527,1,996,0,2523,California
Del Norte,2021-02-22,2,3524,0,1086,2,2438,0,0,2,1529,0,996,2,2525,California
Del Norte,2021-02-23,109,3633,90,1176,19,2457,0,0,32,1485,76,1072,32,2557,California
Del Norte,2021-02-24,156,3789,100,1276,56,2513,0,0,81,1491,75,1147,81,2638,California
Del Norte,2021-02-25,480,4269,131,1407,349,2862,0,0,214,1441,264,1411,214,2852,California
Del Norte,2021-02-26,213,4482,177,1584,36,2898,0,0,166,1560,47,1458,166,3018,California
Del Norte,2021-02-27,150,4632,144,1728,5,2903,1,1,141,1693,9,1467,142,3160,California
Del Norte,2021-02-28,4,4636,1,1729,3,2906,0,1,3,1695,1,1468,3,3163,California
Del Norte,2021-03-01,28,4664,2,1731,26,2932,0,1,4,1676,23,1491,4,3167,California
Del Norte,2021-03-02,222,4886,142,1873,80,3012,0,1,188,1830,34,1525,188,3355,California
Del Norte,2021-03-03,177,5063,107,1980,70,3082,0,1,135,1923,42,1567,135,3490,California
Del Norte,2021-03-04,120,5183,83,2063,37,3119,0,1,91,1986,28,1595,91,3581,California
Del Norte,2021-03-05,123,5306,11,2074,112,3231,0,1,74,2011,49,1644,74,3655,California
Del Norte,2021-03-06,465,5771,77,2151,339,3570,49,50,163,1879,302,1946,170,3825,California
Del Norte,2021-03-07,2,5773,1,2152,1,3571,0,50,1,1879,1,1947,1,3826,California
Del Norte,2021-03-08,29,5802,1,2153,26,3597,2,52,6,1865,22,1969,8,3834,California
Del Norte,2021-03-09,194,5996,113,2266,78,3675,3,55,183,2040,11,1980,186,4020,California
Del Norte,2021-03-10,236,6232,96,2362,111,3786,29,84,134,2101,102,2082,163,4183,California
Del Norte,2021-03-11,151,6383,55,2417,91,3877,5,89,103,2161,48,2130,108,4291,California
Del Norte,2021-03-12,178,6561,88,2505,90,3967,0,89,124,2232,53,2183,124,4415,California
Del Norte,2021-03-13,94,6655,93,2598,1,3968,0,89,91,2320,3,2186,91,4506,California
Del Norte,2021-03-14,1,6656,0,2598,1,3969,0,89,1,2320,1,2187,1,4507,California
Del Norte,2021-03-15,38,6694,0,2598,38,4007,0,89,34,2350,4,2191,34,4541,California
Del Norte,2021-03-16,282,6976,135,2733,147,4154,0,89,261,2590,21,2212,261,4802,California
Del Norte,2021-03-17,284,7260,95,2828,187,4341,2,91,170,2648,114,2326,172,4974,California
Del Norte,2021-03-18,284,7544,107,2935,175,4516,2,93,149,2665,134,2460,151,5125,California
Del Norte,2021-03-19,270,7814,160,3095,104,4620,6,99,92,2585,178,2638,98,5223,California
Del Norte,2021-03-20,157,7971,154,3249,3,4623,0,99,15,2458,142,2780,15,5238,California
Del Norte,2021-03-21,4,7975,2,3251,2,4625,0,99,2,2458,2,2782,2,5240,California
Del Norte,2021-03-22,43,8018,3,3254,39,4664,1,100,39,2495,3,2785,40,5280,California
Del Norte,2021-03-23,335,8353,164,3418,153,4817,18,118,164,2507,169,2954,181,5461,California
Del Norte,2021-03-24,397,8750,107,3525,250,5067,40,158,228,2606,169,3123,268,5729,California
Del Norte,2021-03-25,193,8943,88,3613,105,5172,0,158,85,2584,107,3230,85,5814,California
Del Norte,2021-03-26,234,9177,113,3726,121,5293,0,158,197,2744,37,3267,197,6011,California
Del Norte,2021-03-27,107,9284,86,3812,4,5297,17,175,17,2688,90,3357,34,6045,California
Del Norte,2021-03-28,4,9288,2,3814,2,5299,0,175,1,2686,3,3360,1,6046,California
Del Norte,2021-03-29,57,9345,6,3820,34,5333,17,192,32,2710,25,3385,49,6095,California
Del Norte,2021-03-30,338,9683,119,3939,208,5541,11,203,126,2635,212,3597,137,6232,California
Del Norte,2021-03-31,356,10039,101,4040,238,5779,17,220,199,2696,155,3752,216,6448,California
Del Norte,2021-04-01,164,10203,58,4098,72,5851,34,254,69,2705,94,3846,103,6551,California
Del Norte,2021-04-02,232,10435,78,4176,105,5956,49,303,49,2621,183,4029,99,6650,California
Del Norte,2021-04-03,108,10543,83,4259,2,5958,23,326,5,2547,102,4131,28,6678,California
Del Norte,2021-04-04,4,10547,0,4259,0,5958,4,330,0,2547,4,4135,4,6682,California
Del Norte,2021-04-05,47,10594,5,4264,38,5996,4,334,40,2584,7,4142,44,6726,California
Del Norte,2021-04-06,381,10975,120,4384,223,6219,38,372,146,2538,231,4373,185,6911,California
Del Norte,2021-04-07,438,11413,115,4499,261,6480,62,434,289,2741,149,4522,352,7263,California
Del Norte,2021-04-08,229,11642,54,4553,106,6586,69,503,105,2791,124,4646,174,7437,California
Del Norte,2021-04-09,207,11849,47,4600,83,6669,77,580,100,2860,106,4752,175,7612,California
Del Norte,2021-04-10,47,11896,26,4626,4,6673,17,597,27,2884,20,4772,44,7656,California
Del Norte,2021-04-11,12,11908,3,4629,2,6675,7,604,2,2883,10,4782,9,7665,California
Del Norte,2021-04-12,27,11935,1,4630,9,6684,17,621,1,2876,25,4807,18,7683,California
Del Norte,2021-04-13,299,12234,50,4680,249,6933,0,621,155,2887,144,4951,155,7838,California
Del Norte,2021-04-14,331,12565,23,4703,308,7241,0,621,139,2839,192,5143,144,7982,California
Del Norte,2021-04-15,164,12729,31,4734,133,7374,0,621,45,2766,119,5262,46,8028,California
Del Norte,2021-04-16,163,12892,40,4774,123,7497,0,621,60,2725,102,5364,61,8089,California
Del Norte,2021-04-17,108,13000,76,4850,32,7529,0,621,102,2821,6,5370,102,8191,California
Del Norte,2021-04-18,6,13006,5,4855,1,7530,0,621,5,2825,1,5371,5,8196,California
Del Norte,2021-04-19,51,13057,6,4861,45,7575,0,621,9,2792,42,5413,9,8205,California
Del Norte,2021-04-20,209,13266,40,4901,169,7744,0,621,74,2731,135,5548,74,8279,California
Del Norte,2021-04-21,292,13558,23,4924,269,8013,0,621,67,2576,225,5773,70,8349,California
Del Norte,2021-04-22,116,13674,16,4940,100,8113,0,621,63,2586,53,5826,63,8412,California
Del Norte,2021-04-23,155,13829,22,4962,133,8246,0,621,41,2513,114,5940,41,8453,California
Del Norte,2021-04-24,25,13854,14,4976,11,8257,0,621,20,2528,5,5945,20,8473,California
Del Norte,2021-04-25,2,13856,0,4976,2,8259,0,621,2,2530,0,5945,2,8475,California
Del Norte,2021-04-26,31,13887,0,4976,31,8290,0,621,9,2517,22,5967,9,8484,California
Del Norte,2021-04-27,181,14068,21,4997,155,8445,5,626,50,2442,131,6098,56,8540,California
Del Norte,2021-04-28,351,14419,100,5097,246,8691,5,631,63,2225,286,6384,69,8609,California
Del Norte,2021-04-29,93,14512,6,5103,83,8774,4,635,26,2188,67,6451,30,8639,California
Del Norte,2021-04-30,87,14599,7,5110,70,8844,10,645,47,2205,40,6491,57,8696,California
Del Norte,2021-05-01,7,14606,2,5112,5,8849,0,645,5,2208,2,6493,5,8701,California
Del Norte,2021-05-02,8,14614,0,5112,8,8857,0,645,8,2216,0,6493,8,8709,California
Del Norte,2021-05-03,40,14654,3,5115,34,8891,3,648,2,2184,37,6530,5,8714,California
Del Norte,2021-05-04,221,14875,36,5151,180,9071,5,653,46,2060,175,6705,51,8765,California
Del Norte,2021-05-05,234,15109,20,5171,206,9277,8,661,59,1953,174,6879,67,8832,California
Del Norte,2021-05-06,113,15222,26,5197,74,9351,13,674,26,1905,87,6966,39,8871,California
Del Norte,2021-05-07,151,15373,28,5225,119,9470,4,678,31,1820,120,7086,35,8906,California
Del Norte,2021-05-08,64,15437,54,5279,8,9478,2,680,6,1770,58,7144,8,8914,California
Del Norte,2021-05-09,11,15448,4,5283,4,9482,3,683,3,1768,8,7152,6,8920,California
Del Norte,2021-05-10,24,15472,3,5286,17,9499,4,687,14,1776,10,7162,18,8938,California
Del Norte,2021-05-11,177,15649,50,5336,125,9624,2,689,34,1669,143,7305,36,8974,California
Del Norte,2021-05-12,151,15800,23,5359,118,9742,10,699,27,1583,123,7428,37,9011,California
Del Norte,2021-05-13,68,15868,30,5389,37,9779,1,700,38,1592,30,7458,39,9050,California
Del Norte,2021-05-14,76,15944,26,5415,49,9828,1,701,41,1599,35,7493,42,9092,California
Del Norte,2021-05-15,96,16040,53,5468,37,9865,6,707,53,1615,43,7536,59,9151,California
Del Norte,2021-05-16,11,16051,0,5468,11,9876,0,707,11,1626,0,7536,11,9162,California
Del Norte,2021-05-17,26,16077,3,5471,20,9896,3,710,15,1633,11,7547,18,9180,California
Del Norte,2021-05-18,129,16206,69,5540,60,9956,0,710,81,1666,48,7595,81,9261,California
Del Norte,2021-05-19,97,16303,14,5554,66,10022,17,727,35,1655,62,7657,51,9312,California
Del Norte,2021-05-20,101,16404,33,5587,65,10087,3,730,41,1640,59,7716,44,9356,California
Del Norte,2021-05-21,81,16485,34,5621,44,10131,3,733,44,1650,37,7753,47,9403,California
Del Norte,2021-05-22,24,16509,8,5629,16,10147,0,733,11,1649,12,7765,11,9414,California
Del Norte,2021-05-23,14,16523,5,5634,9,10156,0,733,7,1649,7,7772,7,9421,California
Del Norte,2021-05-24,25,16548,9,5643,16,10172,0,733,16,1656,9,7781,16,9437,California
Del Norte,2021-05-25,47,16595,5,5648,36,10208,6,739,17,1652,27,7808,23,9460,California
Del Norte,2021-05-26,117,16712,36,5684,74,10282,7,746,54,1651,62,7870,61,9521,California
Del Norte,2021-05-27,72,16784,27,5711,41,10323,4,750,34,1651,38,7908,38,9559,California
Del Norte,2021-05-28,52,16836,7,5718,37,10360,8,758,8,1623,44,7952,16,9575,California
Del Norte,2021-05-29,8,16844,0,5718,4,10364,4,762,3,1625,5,7957,7,9582,California
Del Norte,2021-05-30,6,16850,0,5718,6,10370,0,762,1,1621,5,7962,1,9583,California
Del Norte,2021-05-31,4,16854,2,5720,2,10372,0,762,3,1623,1,7963,3,9586,California
Del Norte,2021-06-01,52,16906,6,5726,39,10411,7,769,11,1600,41,8004,18,9604,California
Del Norte,2021-06-02,83,16989,11,5737,67,10478,5,774,19,1560,64,8068,24,9628,California
Del Norte,2021-06-03,62,17051,36,5773,24,10502,2,776,27,1554,35,8103,29,9657,California
Del Norte,2021-06-04,69,17120,24,5797,40,10542,5,781,19,1528,50,8153,24,9681,California
Del Norte,2021-06-05,1,17121,0,5797,1,10543,0,781,0,1527,1,8154,0,9681,California
Del Norte,2021-06-06,10,17131,4,5801,4,10547,2,783,7,1533,3,8157,9,9690,California
Del Norte,2021-06-07,41,17172,9,5810,27,10574,5,788,15,1527,26,8183,20,9710,California
Del Norte,2021-06-08,112,17284,81,5891,26,10600,5,793,33,1486,79,8262,38,9748,California
Del Norte,2021-06-09,58,17342,11,5902,40,10640,7,800,16,1467,42,8304,23,9771,California
Del Norte,2021-06-10,57,17399,27,5929,23,10663,7,807,12,1442,44,8348,19,9790,California
Del Norte,2021-06-11,59,17458,23,5952,27,10690,9,816,13,1418,46,8394,22,9812,California
Del Norte,2021-06-12,17,17475,3,5955,11,10701,3,819,2,1408,15,8409,5,9817,California
Del Norte,2021-06-13,61,17536,43,5998,13,10714,5,824,13,1378,48,8457,18,9835,California
Del Norte,2021-06-14,37,17573,15,6013,18,10732,4,828,15,1376,21,8478,19,9854,California
Del Norte,2021-06-15,38,17611,9,6022,21,10753,8,836,5,1356,33,8511,13,9867,California
Del Norte,2021-06-16,99,17710,38,6060,50,10803,11,847,22,1312,77,8588,33,9900,California
Del Norte,2021-06-17,31,17741,13,6073,15,10818,3,850,7,1298,24,8612,10,9910,California
Del Norte,2021-06-18,48,17789,22,6095,21,10839,5,855,19,1293,29,8641,24,9934,California
Del Norte,2021-06-19,11,17800,0,6095,7,10846,4,859,3,1292,8,8649,7,9941,California
Del Norte,2021-06-20,13,17813,9,6104,4,10850,0,859,8,1295,5,8654,8,9949,California
Del Norte,2021-06-21,23,17836,8,6112,10,10860,5,864,9,1295,14,8668,14,9963,California
Del Norte,2021-06-22,39,17875,9,6121,19,10879,11,875,14,1295,25,8693,25,9988,California
Del Norte,2021-06-23,68,17943,32,6153,30,10909,6,881,31,1296,36,8729,37,10025,California
Del Norte,2021-06-24,48,17991,27,6180,13,10922,8,889,17,1290,31,8760,25,10050,California
Del Norte,2021-06-25,28,18019,14,6194,12,10934,2,891,13,1290,15,8775,15,10065,California
Del Norte,2021-06-26,5,18024,0,6194,5,10939,0,891,2,1289,3,8778,2,10067,California
Del Norte,2021-06-27,9,18033,4,6198,5,10944,0,891,6,1292,3,8781,6,10073,California
Del Norte,2021-06-28,13,18046,6,6204,5,10949,2,893,7,1295,6,8787,9,10082,California
Del Norte,2021-06-29,55,18101,40,6244,12,10961,3,896,19,1281,36,8823,22,10104,California
Del Norte,2021-06-30,35,18136,17,6261,13,10974,5,901,11,1273,24,8847,16,10120,California
Del Norte,2021-07-01,22,18158,9,6270,9,10983,4,905,7,1269,15,8862,11,10131,California
Del Norte,2021-07-02,18,18176,7,6277,10,10993,1,906,6,1264,12,8874,7,10138,California
Del Norte,2021-07-03,3,18179,2,6279,1,10994,0,906,2,1265,1,8875,2,10140,California
Del Norte,2021-07-04,6,18185,5,6284,1,10995,0,906,2,1263,4,8879,2,10142,California
Del Norte,2021-07-05,10,18195,6,6290,4,10999,0,906,2,1257,8,8887,2,10144,California
Del Norte,2021-07-06,24,18219,10,6300,13,11012,1,907,13,1261,10,8897,14,10158,California
El Dorado,2020-12-15,12,12,12,12,0,0,0,0,12,12,0,0,12,12,California
El Dorado,2020-12-16,40,52,40,52,0,0,0,0,40,52,0,0,40,52,California
El Dorado,2020-12-17,33,85,33,85,0,0,0,0,33,85,0,0,33,85,California
El Dorado,2020-12-18,263,348,263,348,0,0,0,0,263,348,0,0,263,348,California
El Dorado,2020-12-19,119,467,119,467,0,0,0,0,119,467,0,0,119,467,California
El Dorado,2020-12-20,87,554,87,554,0,0,0,0,87,554,0,0,87,554,California
El Dorado,2020-12-21,312,866,311,865,1,1,0,0,312,866,0,0,312,866,California
El Dorado,2020-12-22,242,1108,218,1083,24,25,0,0,242,1108,0,0,242,1108,California
El Dorado,2020-12-23,190,1298,141,1224,49,74,0,0,190,1298,0,0,190,1298,California
El Dorado,2020-12-24,87,1385,66,1290,21,95,0,0,87,1385,0,0,87,1385,California
El Dorado,2020-12-25,8,1393,8,1298,0,95,0,0,8,1393,0,0,8,1393,California
El Dorado,2020-12-26,45,1438,27,1325,18,113,0,0,45,1438,0,0,45,1438,California
El Dorado,2020-12-27,38,1476,34,1359,4,117,0,0,38,1476,0,0,38,1476,California
El Dorado,2020-12-28,217,1693,168,1527,49,166,0,0,217,1693,0,0,217,1693,California
El Dorado,2020-12-29,462,2155,145,1672,317,483,0,0,462,2155,0,0,462,2155,California
El Dorado,2020-12-30,510,2665,139,1811,371,854,0,0,510,2665,0,0,510,2665,California
El Dorado,2020-12-31,110,2775,69,1880,41,895,0,0,110,2775,0,0,110,2775,California
El Dorado,2021-01-01,7,2782,4,1884,3,898,0,0,7,2782,0,0,7,2782,California
El Dorado,2021-01-02,155,2937,142,2026,13,911,0,0,155,2937,0,0,155,2937,California
El Dorado,2021-01-03,96,3033,19,2045,77,988,0,0,96,3033,0,0,96,3033,California
El Dorado,2021-01-04,192,3225,61,2106,131,1119,0,0,192,3225,0,0,192,3225,California
El Dorado,2021-01-05,229,3454,73,2179,156,1275,0,0,211,3418,18,18,211,3436,California
El Dorado,2021-01-06,242,3696,168,2347,74,1349,0,0,176,3529,65,83,176,3612,California
El Dorado,2021-01-07,334,4030,137,2484,197,1546,0,0,257,3709,77,160,257,3869,California
El Dorado,2021-01-08,995,5025,514,2998,481,2027,0,0,768,4251,227,387,769,4638,California
El Dorado,2021-01-09,200,5225,161,3159,39,2066,0,0,128,4307,72,459,128,4766,California
El Dorado,2021-01-10,182,5407,133,3292,49,2115,0,0,109,4344,73,532,110,4876,California
El Dorado,2021-01-11,663,6070,294,3586,369,2484,0,0,463,4609,199,731,464,5340,California
El Dorado,2021-01-12,811,6881,428,4014,383,2867,0,0,558,4914,253,984,558,5898,California
El Dorado,2021-01-13,706,7587,301,4315,405,3272,0,0,541,5290,165,1149,541,6439,California
El Dorado,2021-01-14,806,8393,224,4539,582,3854,0,0,708,5901,97,1246,708,7147,California
El Dorado,2021-01-15,797,9190,189,4728,608,4462,0,0,723,6550,74,1320,723,7870,California
El Dorado,2021-01-16,218,9408,104,4832,114,4576,0,0,191,6714,27,1347,191,8061,California
El Dorado,2021-01-17,107,9515,50,4882,57,4633,0,0,89,6785,18,1365,89,8150,California
El Dorado,2021-01-18,428,9943,143,5025,285,4918,0,0,355,7067,73,1438,355,8505,California
El Dorado,2021-01-19,754,10697,452,5477,302,5220,0,0,603,7520,151,1589,604,9109,California
El Dorado,2021-01-20,1013,11710,691,6168,322,5542,0,0,898,8304,114,1703,898,10007,California
El Dorado,2021-01-21,1272,12982,683,6851,589,6131,0,0,1064,9201,167,1870,1064,11071,California
El Dorado,2021-01-22,1246,14228,843,7694,403,6534,0,0,1184,10324,61,1931,1184,12255,California
El Dorado,2021-01-23,884,15112,626,8320,258,6792,0,0,767,10974,117,2048,767,13022,California
El Dorado,2021-01-24,132,15244,80,8400,52,6844,0,0,112,11066,20,2068,112,13134,California
El Dorado,2021-01-25,700,15944,291,8691,409,7253,0,0,612,11590,88,2156,612,13746,California
El Dorado,2021-01-26,686,16630,371,9062,315,7568,0,0,580,12064,106,2262,580,14326,California
El Dorado,2021-01-27,1000,17630,396,9458,604,8172,0,0,661,12385,340,2602,661,14987,California
El Dorado,2021-01-28,1118,18748,455,9913,663,8835,0,0,755,12777,363,2965,755,15742,California
El Dorado,2021-01-29,1048,19796,557,10470,491,9326,0,0,755,13241,292,3257,756,16498,California
El Dorado,2021-01-30,841,20637,293,10763,548,9874,0,0,744,13889,96,3353,744,17242,California
El Dorado,2021-01-31,239,20876,215,10978,24,9898,0,0,184,14018,55,3408,184,17426,California
El Dorado,2021-02-01,806,21682,368,11346,438,10336,0,0,655,14522,151,3559,655,18081,California
El Dorado,2021-02-02,851,22533,370,11716,481,10817,0,0,687,15045,164,3723,687,18768,California
El Dorado,2021-02-03,909,23442,479,12195,430,11247,0,0,696,15528,213,3936,696,19464,California
El Dorado,2021-02-04,1255,24697,710,12905,545,11792,0,0,874,16023,379,4315,874,20338,California
El Dorado,2021-02-05,1508,26205,613,13518,895,12687,0,0,873,16298,598,4913,873,21211,California
El Dorado,2021-02-06,1089,27294,333,13851,756,13443,0,0,979,17168,110,5023,980,22191,California
El Dorado,2021-02-07,263,27557,180,14031,83,13526,0,0,197,17299,66,5089,197,22388,California
El Dorado,2021-02-08,888,28445,420,14451,468,13994,0,0,608,17629,278,5367,608,22996,California
El Dorado,2021-02-09,977,29422,549,15000,428,14422,0,0,543,17738,434,5801,543,23539,California
El Dorado,2021-02-10,1271,30693,743,15743,528,14950,0,0,671,17810,599,6400,671,24210,California
El Dorado,2021-02-11,2171,32864,897,16640,1274,16224,0,0,753,17149,1415,7815,754,24964,California
El Dorado,2021-02-12,1586,34450,833,17473,753,16977,0,0,675,16915,910,8725,676,25640,California
El Dorado,2021-02-13,1261,35711,676,18149,585,17562,0,0,660,16977,598,9323,660,26300,California
El Dorado,2021-02-14,494,36205,158,18307,336,17898,0,0,401,17285,93,9416,401,26701,California
El Dorado,2021-02-15,1179,37384,385,18692,794,18692,0,0,819,17748,360,9776,823,27524,California
El Dorado,2021-02-16,1212,38596,531,19223,681,19373,0,0,671,17880,540,10316,672,28196,California
El Dorado,2021-02-17,960,39556,425,19648,535,19908,0,0,464,17850,496,10812,466,28662,California
El Dorado,2021-02-18,2117,41673,1034,20682,1083,20991,0,0,1077,17889,1038,11850,1077,29739,California
El Dorado,2021-02-19,1241,42914,665,21347,576,21567,0,0,696,18042,543,12393,696,30435,California
El Dorado,2021-02-20,1097,44011,464,21811,633,22200,0,0,686,18324,405,12798,687,31122,California
El Dorado,2021-02-21,371,44382,238,22049,133,22333,0,0,181,18315,190,12988,181,31303,California
El Dorado,2021-02-22,920,45302,457,22506,463,22796,0,0,287,17972,630,13618,287,31590,California
El Dorado,2021-02-23,901,46203,511,23017,390,23186,0,0,366,17805,533,14151,366,31956,California
El Dorado,2021-02-24,1055,47258,456,23473,599,23785,0,0,439,17628,616,14767,439,32395,California
El Dorado,2021-02-25,1930,49188,1152,24625,778,24563,0,0,696,17103,1225,15992,700,33095,California
El Dorado,2021-02-26,2412,51600,1509,26134,903,25466,0,0,1615,17925,793,16785,1615,34710,California
El Dorado,2021-02-27,1741,53341,448,26582,1293,26759,0,0,1292,18771,446,17231,1292,36002,California
El Dorado,2021-02-28,965,54306,229,26811,736,27495,0,0,505,18818,459,17690,506,36508,California
El Dorado,2021-03-01,1169,55475,468,27279,699,28194,2,2,645,18942,523,18213,647,37155,California
El Dorado,2021-03-02,943,56418,273,27552,669,28863,1,3,495,18993,446,18659,497,37652,California
El Dorado,2021-03-03,1766,58184,471,28023,1295,30158,0,3,1206,19649,552,19211,1208,38860,California
El Dorado,2021-03-04,2534,60718,1555,29578,979,31137,0,3,1199,19519,1330,20541,1200,40060,California
El Dorado,2021-03-05,1593,62311,432,30010,1156,32293,5,8,1055,20047,532,21073,1060,41120,California
El Dorado,2021-03-06,747,63058,218,30228,494,32787,35,43,394,20125,351,21424,429,41549,California
El Dorado,2021-03-07,859,63917,198,30426,642,33429,19,62,244,19776,612,22036,263,41812,California
El Dorado,2021-03-08,1346,65263,378,30804,894,34323,74,136,863,20232,479,22515,935,42747,California
El Dorado,2021-03-09,1002,66265,231,31035,702,35025,69,205,597,20508,390,22905,666,43413,California
El Dorado,2021-03-10,980,67245,350,31385,574,35599,56,261,571,20731,403,23308,626,44039,California
El Dorado,2021-03-11,3051,70296,1851,33236,1013,36612,187,448,1291,20469,1737,25045,1475,45514,California
El Dorado,2021-03-12,1811,72107,628,33864,936,37548,247,695,750,20423,1043,26088,997,46511,California
El Dorado,2021-03-13,1140,73247,348,34212,508,38056,284,979,436,20438,702,26790,717,47228,California
El Dorado,2021-03-14,1024,74271,207,34419,706,38762,111,1090,279,20084,744,27534,390,47618,California
El Dorado,2021-03-15,1405,75676,304,34723,975,39737,126,1216,607,20024,794,28328,734,48352,California
El Dorado,2021-03-16,1236,76912,427,35150,665,40402,144,1360,565,20067,666,28994,709,49061,California
El Dorado,2021-03-17,1155,78067,363,35513,694,41096,98,1458,749,20507,405,29399,845,49906,California
El Dorado,2021-03-18,3012,81079,1784,37297,1183,42279,45,1503,1973,21496,1029,30428,2018,51924,California
El Dorado,2021-03-19,1128,82207,364,37661,612,42891,152,1655,627,21776,498,30926,778,52702,California
El Dorado,2021-03-20,1089,83296,273,37934,801,43692,15,1670,504,21722,573,31499,519,53221,California
El Dorado,2021-03-21,1095,84391,424,38358,666,44358,5,1675,907,22449,185,31684,912,54133,California
El Dorado,2021-03-22,1516,85907,495,38853,939,45297,82,1757,1187,23395,323,32007,1269,55402,California
El Dorado,2021-03-23,1159,87066,458,39311,606,45903,95,1852,734,23811,413,32420,829,56231,California
El Dorado,2021-03-24,1468,88534,633,39944,641,46544,194,2046,659,23883,781,33201,853,57084,California
El Dorado,2021-03-25,2524,91058,1690,41634,727,47271,107,2153,1368,24211,1148,34349,1476,58560,California
El Dorado,2021-03-26,1831,92889,698,42332,1021,48292,112,2265,928,24374,878,35227,1041,59601,California
El Dorado,2021-03-27,1505,94394,189,42521,1311,49603,5,2270,496,23872,1003,36230,501,60102,California
El Dorado,2021-03-28,694,95088,182,42703,500,50103,12,2282,170,23534,520,36750,182,60284,California
El Dorado,2021-03-29,1322,96410,434,43137,872,50975,16,2298,824,23880,494,37244,840,61124,California
El Dorado,2021-03-30,1368,97778,416,43553,859,51834,93,2391,682,23975,678,37922,773,61897,California
El Dorado,2021-03-31,1572,99350,589,44142,917,52751,66,2457,658,23785,911,38833,721,62618,California
El Dorado,2021-04-01,3248,102598,1774,45916,1391,54142,83,2540,1541,23707,1703,40536,1625,64243,California
El Dorado,2021-04-02,1902,104500,565,46481,1240,55382,97,2637,749,23406,1147,41683,846,65089,California
El Dorado,2021-04-03,752,105252,298,46779,333,55715,121,2758,228,23234,520,42203,348,65437,California
El Dorado,2021-04-04,274,105526,85,46864,141,55856,48,2806,98,23205,175,42378,146,65583,California
El Dorado,2021-04-05,1424,106950,424,47288,906,56762,94,2900,591,23064,825,43203,684,66267,California
El Dorado,2021-04-06,1417,108367,527,47815,670,57432,220,3120,443,22755,969,44172,660,66927,California
El Dorado,2021-04-07,1593,109960,559,48374,583,58015,451,3571,545,22703,1045,45217,993,67920,California
El Dorado,2021-04-08,2697,112657,1729,50103,731,58746,237,3808,1114,22478,1574,46791,1349,69269,California
El Dorado,2021-04-09,1448,114105,457,50560,769,59515,222,4030,570,22391,875,47666,788,70057,California
El Dorado,2021-04-10,1016,115121,229,50789,675,60190,112,4142,660,22810,352,48018,771,70828,California
El Dorado,2021-04-11,773,115894,454,51243,303,60493,16,4158,206,22466,566,48584,222,71050,California
El Dorado,2021-04-12,1288,117182,502,51745,638,61131,148,4306,560,22452,721,49305,707,71757,California
El Dorado,2021-04-13,1121,118303,609,52354,512,61643,0,4306,507,22349,610,49915,507,72264,California
El Dorado,2021-04-14,1103,119406,468,52822,634,62277,1,4307,378,22019,709,50624,379,72643,California
El Dorado,2021-04-15,2523,121929,1696,54518,827,63104,0,4307,959,21420,1559,52183,960,73603,California
El Dorado,2021-04-16,1473,123402,522,55040,951,64055,0,4307,608,21171,858,53041,609,74212,California
El Dorado,2021-04-17,1011,124413,203,55243,807,64862,1,4308,709,21581,299,53340,709,74921,California
El Dorado,2021-04-18,1209,125622,120,55363,1089,65951,0,4308,426,21227,780,54120,426,75347,California
El Dorado,2021-04-19,1739,127361,444,55807,1295,67246,0,4308,698,20890,1035,55155,698,76045,California
El Dorado,2021-04-20,1152,128513,399,56206,753,67999,0,4308,478,20700,669,55824,479,76524,California
El Dorado,2021-04-21,1241,129754,536,56742,701,68700,4,4312,638,20745,595,56419,640,77164,California
El Dorado,2021-04-22,2580,132334,1713,58455,867,69567,0,4312,1073,20316,1503,57922,1074,78238,California
El Dorado,2021-04-23,1435,133769,521,58976,914,70481,0,4312,726,20338,706,58628,728,78966,California
El Dorado,2021-04-24,1044,134813,521,59497,523,71004,0,4312,805,20906,237,58865,805,79771,California
El Dorado,2021-04-25,832,135645,450,59947,382,71386,0,4312,475,21024,357,59222,475,80246,California
El Dorado,2021-04-26,1205,136850,495,60442,693,72079,17,4329,566,20972,634,59856,582,80828,California
El Dorado,2021-04-27,1140,137990,434,60876,668,72747,38,4367,510,20897,623,60479,548,81376,California
El Dorado,2021-04-28,1086,139076,375,61251,671,73418,40,4407,441,20735,643,61122,481,81857,California
El Dorado,2021-04-29,2007,141083,1379,62630,596,74014,32,4439,598,19959,1406,62528,630,82487,California
El Dorado,2021-04-30,2154,143237,1366,63996,747,74761,41,4480,1378,20615,762,63290,1418,83905,California
El Dorado,2021-05-01,621,143858,285,64281,308,75069,28,4508,278,20585,336,63626,306,84211,California
El Dorado,2021-05-02,301,144159,214,64495,58,75127,29,4537,100,20515,198,63824,128,84339,California
El Dorado,2021-05-03,825,144984,403,64898,372,75499,50,4587,281,20307,540,64364,332,84671,California
El Dorado,2021-05-04,916,145900,462,65360,394,75893,60,4647,328,20111,584,64948,388,85059,California
El Dorado,2021-05-05,904,146804,451,65811,379,76272,74,4721,436,20155,466,65414,510,85569,California
El Dorado,2021-05-06,1140,147944,504,66315,588,76860,48,4769,486,20037,648,66062,530,86099,California
El Dorado,2021-05-07,994,148938,389,66704,546,77406,59,4828,403,19907,591,66653,461,86560,California
El Dorado,2021-05-08,675,149613,155,66859,483,77889,37,4865,207,19686,465,67118,244,86804,California
El Dorado,2021-05-09,232,149845,93,66952,112,78001,27,4892,102,19686,129,67247,129,86933,California
El Dorado,2021-05-10,829,150674,276,67228,495,78496,58,4950,241,19405,578,67825,297,87230,California
El Dorado,2021-05-11,697,151371,310,67538,325,78821,62,5012,283,19340,411,68236,346,87576,California
El Dorado,2021-05-12,656,152027,346,67884,269,79090,41,5053,251,19228,405,68641,293,87869,California
El Dorado,2021-05-13,1263,153290,797,68681,426,79516,40,5093,469,18948,788,69429,508,88377,California
El Dorado,2021-05-14,1412,154702,814,69495,514,80030,84,5177,668,18961,739,70168,752,89129,California
El Dorado,2021-05-15,908,155610,561,70056,291,80321,56,5233,322,18753,586,70754,378,89507,California
El Dorado,2021-05-16,873,156483,464,70520,383,80704,26,5259,235,18377,637,71391,261,89768,California
El Dorado,2021-05-17,1581,158064,669,71189,863,81567,49,5308,560,17968,1017,72408,608,90376,California
El Dorado,2021-05-18,1032,159096,518,71707,460,82027,54,5362,438,17867,593,73001,492,90868,California
El Dorado,2021-05-19,822,159918,334,72041,436,82463,52,5414,308,17719,507,73508,359,91227,California
El Dorado,2021-05-20,1184,161102,660,72701,449,82912,75,5489,443,17496,739,74247,516,91743,California
El Dorado,2021-05-21,2341,163443,1751,74452,548,83460,42,5531,814,16829,1523,75770,856,92599,California
El Dorado,2021-05-22,708,164151,207,74659,465,83925,36,5567,223,16604,484,76254,259,92858,California
El Dorado,2021-05-23,381,164532,134,74793,218,84143,29,5596,94,16442,285,76539,123,92981,California
El Dorado,2021-05-24,883,165415,456,75249,358,84501,69,5665,308,16246,571,77110,375,93356,California
El Dorado,2021-05-25,609,166024,255,75504,318,84819,36,5701,221,16117,385,77495,256,93612,California
El Dorado,2021-05-26,811,166835,400,75904,387,85206,24,5725,279,15890,530,78025,303,93915,California
El Dorado,2021-05-27,623,167458,245,76149,343,85549,35,5760,311,15924,311,78336,345,94260,California
El Dorado,2021-05-28,730,168188,257,76406,409,85958,64,5824,305,15871,422,78758,369,94629,California
El Dorado,2021-05-29,394,168582,114,76520,264,86222,16,5840,174,15841,220,78978,190,94819,California
El Dorado,2021-05-30,172,168754,100,76620,58,86280,14,5854,81,15846,90,79068,95,94914,California
El Dorado,2021-05-31,37,168791,12,76632,14,86294,11,5865,8,15836,29,79097,19,94933,California
El Dorado,2021-06-01,680,169471,293,76925,347,86641,40,5905,231,15661,446,79543,271,95204,California
El Dorado,2021-06-02,630,170101,301,77226,279,86920,50,5955,258,15599,370,79913,308,95512,California
El Dorado,2021-06-03,729,170830,339,77565,347,87267,43,5998,176,15265,553,80466,219,95731,California
El Dorado,2021-06-04,885,171715,527,78092,324,87591,34,6032,186,14788,697,81163,220,95951,California
El Dorado,2021-06-05,389,172104,225,78317,152,87743,12,6044,83,14578,305,81468,95,96046,California
El Dorado,2021-06-06,281,172385,196,78513,69,87812,16,6060,52,14417,228,81696,67,96113,California
El Dorado,2021-06-07,786,173171,489,79002,257,88069,40,6100,171,14021,607,82303,211,96324,California
El Dorado,2021-06-08,634,173805,385,79387,216,88285,33,6133,131,13684,500,82803,163,96487,California
El Dorado,2021-06-09,467,174272,279,79666,162,88447,26,6159,112,13467,355,83158,138,96625,California
El Dorado,2021-06-10,587,174859,365,80031,191,88638,31,6190,159,13231,426,83584,190,96815,California
El Dorado,2021-06-11,658,175517,395,80426,219,88857,44,6234,130,12878,527,84111,174,96989,California
El Dorado,2021-06-12,262,175779,154,80580,89,88946,19,6253,60,12756,201,84312,79,97068,California
El Dorado,2021-06-13,162,175941,89,80669,55,89001,18,6271,33,12679,128,84440,51,97119,California
El Dorado,2021-06-14,514,176455,361,81030,123,89124,30,6301,136,12467,378,84818,166,97285,California
El Dorado,2021-06-15,450,176905,240,81270,173,89297,37,6338,127,12311,320,85138,164,97449,California
El Dorado,2021-06-16,507,177412,358,81628,109,89406,40,6378,130,12105,376,85514,170,97619,California
El Dorado,2021-06-17,435,177847,266,81894,136,89542,33,6411,139,11983,295,85809,173,97792,California
El Dorado,2021-06-18,397,178244,253,82147,109,89651,35,6446,118,11858,278,86087,153,97945,California
El Dorado,2021-06-19,248,178492,154,82301,80,89731,14,6460,91,11807,156,86243,105,98050,California
El Dorado,2021-06-20,123,178615,89,82390,28,89759,6,6466,52,11794,71,86314,58,98108,California
El Dorado,2021-06-21,319,178934,164,82554,129,89888,26,6492,124,11751,193,86507,150,98258,California
El Dorado,2021-06-22,395,179329,259,82813,114,90002,22,6514,133,11645,261,86768,155,98413,California
El Dorado,2021-06-23,422,179751,290,83103,110,90112,22,6536,138,11523,282,87050,160,98573,California
El Dorado,2021-06-24,392,180143,242,83345,136,90248,14,6550,145,11435,247,87297,159,98732,California
El Dorado,2021-06-25,351,180494,214,83559,99,90347,38,6588,143,11413,203,87500,181,98913,California
El Dorado,2021-06-26,208,180702,122,83681,71,90418,15,6603,69,11360,138,87638,85,98998,California
El Dorado,2021-06-27,115,180817,80,83761,29,90447,6,6609,51,11353,64,87702,57,99055,California
El Dorado,2021-06-28,303,181120,214,83975,63,90510,26,6635,132,11341,170,87872,158,99213,California
El Dorado,2021-06-29,292,181412,168,84143,102,90612,22,6657,115,11303,175,88047,137,99350,California
El Dorado,2021-06-30,246,181658,175,84318,59,90671,12,6669,121,11312,124,88171,133,99483,California
El Dorado,2021-07-01,234,181892,136,84454,83,90754,15,6684,89,11270,145,88316,103,99586,California
El Dorado,2021-07-02,256,182148,162,84616,70,90824,24,6708,110,11259,145,88461,134,99720,California
El Dorado,2021-07-03,97,182245,74,84690,18,90842,5,6713,46,11259,51,88512,51,99771,California
El Dorado,2021-07-04,4,182249,0,84690,1,90843,3,6716,0,11258,4,88516,3,99774,California
El Dorado,2021-07-05,149,182398,93,84783,49,90892,7,6723,78,11271,71,88587,84,99858,California
El Dorado,2021-07-06,194,182592,109,84892,55,90947,30,6753,61,11229,133,88720,91,99949,California
Fresno,2020-12-15,2,2,2,2,0,0,0,0,2,2,0,0,2,2,California
Fresno,2020-12-16,124,126,124,126,0,0,0,0,124,126,0,0,124,126,California
Fresno,2020-12-17,123,249,123,249,0,0,0,0,123,249,0,0,123,249,California
Fresno,2020-12-18,350,599,350,599,0,0,0,0,350,599,0,0,350,599,California
Fresno,2020-12-19,161,760,161,760,0,0,0,0,161,760,0,0,161,760,California
Fresno,2020-12-20,256,1016,254,1014,2,2,0,0,256,1016,0,0,256,1016,California
Fresno,2020-12-21,929,1945,927,1941,2,4,0,0,958,1974,0,0,958,1974,California
Fresno,2020-12-22,907,2852,875,2816,32,36,0,0,911,2885,0,0,911,2885,California
Fresno,2020-12-23,1091,3943,1047,3863,44,80,0,0,1092,3977,0,0,1092,3977,California
Fresno,2020-12-24,590,4533,564,4427,26,106,0,0,590,4567,0,0,590,4567,California
Fresno,2020-12-25,3,4536,1,4428,2,108,0,0,3,4570,0,0,3,4570,California
Fresno,2020-12-26,723,5259,714,5142,9,117,0,0,723,5293,0,0,723,5293,California
Fresno,2020-12-27,306,5565,210,5352,96,213,0,0,306,5599,0,0,306,5599,California
Fresno,2020-12-28,1096,6661,802,6154,294,507,0,0,1097,6696,0,0,1097,6696,California
Fresno,2020-12-29,1766,8427,999,7153,767,1274,0,0,1764,8459,1,1,1764,8460,California
Fresno,2020-12-30,984,9411,443,7596,541,1815,0,0,984,9443,0,1,984,9444,California
Fresno,2020-12-31,927,10338,309,7905,618,2433,0,0,927,10370,0,1,927,10371,California
Fresno,2021-01-01,10,10348,3,7908,7,2440,0,0,10,10380,0,1,10,10381,California
Fresno,2021-01-02,1026,11374,712,8620,314,2754,0,0,1026,11406,0,1,1026,11407,California
Fresno,2021-01-03,155,11529,129,8749,26,2780,0,0,155,11561,0,1,155,11562,California
Fresno,2021-01-04,623,12152,376,9125,247,3027,0,0,623,12184,0,1,623,12185,California
Fresno,2021-01-05,786,12938,312,9437,474,3501,0,0,712,12822,74,75,712,12897,California
Fresno,2021-01-06,995,13933,351,9788,644,4145,0,0,821,13469,174,249,821,13718,California
Fresno,2021-01-07,1904,15837,918,10706,986,5131,0,0,1649,14866,255,504,1652,15370,California
Fresno,2021-01-08,1796,17633,615,11321,1181,6312,0,0,1430,15933,364,868,1431,16801,California
Fresno,2021-01-09,635,18268,390,11711,245,6557,0,0,357,16012,278,1146,357,17158,California
Fresno,2021-01-10,517,18785,487,12198,30,6587,0,0,204,15903,313,1459,204,17362,California
Fresno,2021-01-11,2228,21013,1810,14008,418,7005,0,0,1533,16745,695,2154,1537,18899,California
Fresno,2021-01-12,2540,23553,1830,15838,710,7715,0,0,1689,17583,853,3007,1691,20590,California
Fresno,2021-01-13,3572,27125,2438,18276,1134,8849,0,0,2716,19445,857,3864,2719,23309,California
Fresno,2021-01-14,4165,31290,2199,20475,1966,10815,0,0,3693,22667,471,4335,3693,27002,California
Fresno,2021-01-15,3682,34972,2542,23017,1140,11955,0,0,3322,25633,360,4695,3326,30328,California
Fresno,2021-01-16,3159,38131,2314,25331,845,12800,0,0,2689,27854,470,5165,2691,33019,California
Fresno,2021-01-17,979,39110,557,25888,422,13222,0,0,779,28433,200,5365,779,33798,California
Fresno,2021-01-18,3094,42204,2378,28266,716,13938,0,0,2437,30217,655,6020,2439,36237,California
Fresno,2021-01-19,4357,46561,2552,30818,1805,15743,0,0,3697,33258,660,6680,3701,39938,California
Fresno,2021-01-20,3056,49617,1227,32045,1829,17572,0,0,2741,35690,312,6992,2744,42682,California
Fresno,2021-01-21,4448,54065,2080,34125,2368,19940,0,0,4083,39437,342,7334,4089,46771,California
Fresno,2021-01-22,3338,57403,1356,35481,1982,21922,0,0,2950,42017,371,7705,2951,49722,California
Fresno,2021-01-23,3067,60470,1983,37464,1084,23006,0,0,2344,43644,722,8427,2349,52071,California
Fresno,2021-01-24,557,61027,376,37840,181,23187,0,0,350,43789,207,8634,352,52423,California
Fresno,2021-01-25,2447,63474,868,38708,1579,24766,0,0,1868,45081,579,9213,1871,54294,California
Fresno,2021-01-26,2099,65573,597,39305,1502,26268,0,0,1330,45645,767,9980,1331,55625,California
Fresno,2021-01-27,2425,67998,1251,40556,1174,27442,0,0,1744,46723,676,10656,1754,57379,California
Fresno,2021-01-28,4580,72578,3069,43625,1511,28953,0,0,3478,49106,1098,11754,3481,60860,California
Fresno,2021-01-29,1681,74259,950,44575,731,29684,0,0,1375,50181,301,12055,1376,62236,California
Fresno,2021-01-30,1451,75710,545,45120,906,30590,0,0,1034,50798,417,12472,1034,63270,California
Fresno,2021-01-31,227,75937,216,45336,11,30601,0,0,73,50717,154,12626,73,63343,California
Fresno,2021-02-01,3369,79306,1669,47005,1700,32301,0,0,1777,50914,1590,14216,1787,65130,California
Fresno,2021-02-02,2743,82049,559,47564,2184,34485,0,0,1579,51359,1149,15365,1594,66724,California
Fresno,2021-02-03,3582,85631,2114,49678,1468,35953,0,0,1545,50880,2025,17390,1546,68270,California
Fresno,2021-02-04,4226,89857,1911,51589,2315,38268,0,0,1932,50553,2264,19654,1937,70207,California
Fresno,2021-02-05,5378,95235,2747,54336,2631,40899,0,0,2316,49816,3057,22711,2320,72527,California
Fresno,2021-02-06,2946,98181,2051,56387,895,41794,0,0,973,48826,1964,24675,974,73501,California
Fresno,2021-02-07,470,98651,288,56675,182,41976,0,0,272,48901,197,24872,272,73773,California
Fresno,2021-02-08,4297,102948,2303,58978,1994,43970,0,0,1810,48246,2474,27346,1819,75592,California
Fresno,2021-02-09,5356,108304,2085,61063,3271,47241,0,0,3129,49234,2150,29496,3138,78730,California
Fresno,2021-02-10,3916,112220,1239,62302,2677,49918,0,0,1982,49348,1880,31376,1994,80724,California
Fresno,2021-02-11,6478,118698,2097,64399,4381,54299,0,0,3321,49536,3138,34514,3326,84050,California
Fresno,2021-02-12,5448,124146,1390,65789,4058,58357,0,0,2738,49591,2692,37206,2747,86797,California
Fresno,2021-02-13,3774,127920,1573,67362,2201,60558,0,0,2091,50015,1672,38878,2096,88893,California
Fresno,2021-02-14,1582,129502,289,67651,1293,61851,0,0,849,50134,732,39610,851,89744,California
Fresno,2021-02-15,2910,132412,272,67923,2638,64489,0,0,1801,50834,1105,40715,1805,91549,California
Fresno,2021-02-16,6757,139169,2420,70343,4337,68826,0,0,4258,52619,2479,43194,4264,95813,California
Fresno,2021-02-17,5381,144550,2484,72827,2897,71723,0,0,2989,53266,2346,45540,2993,98806,California
Fresno,2021-02-18,6942,151492,2930,75757,4012,75735,0,0,2595,51570,4302,49842,2606,101412,California
Fresno,2021-02-19,3976,155468,1131,76888,2845,78580,0,0,1842,51293,2122,51964,1845,103257,California
Fresno,2021-02-20,4641,160109,2541,79429,2100,80680,0,0,3121,52906,1514,53478,3127,106384,California
Fresno,2021-02-21,206,160315,186,79615,20,80700,0,0,134,52982,58,53536,134,106518,California
Fresno,2021-02-22,2336,162651,1047,80662,1289,81989,0,0,1272,53204,1053,54589,1275,107793,California
Fresno,2021-02-23,4739,167390,2287,82949,2452,84441,0,0,3843,56166,883,55472,3845,111638,California
Fresno,2021-02-24,4275,171665,1519,84468,2756,87197,0,0,3501,58907,762,56234,3503,115141,California
Fresno,2021-02-25,8759,180424,3767,88235,4992,92189,0,0,7251,64723,1444,57678,7260,122401,California
Fresno,2021-02-26,9104,189528,3719,91954,5385,97574,0,0,7769,71189,1309,58987,7775,130176,California
Fresno,2021-02-27,7338,196866,3163,95117,4174,101748,1,1,6620,77111,703,59690,6625,136801,California
Fresno,2021-02-28,1663,198529,540,95657,1123,102871,0,1,1569,78600,81,59771,1570,138371,California
Fresno,2021-03-01,5126,203655,1332,96989,3794,106665,0,1,3701,80897,1408,61179,3705,142076,California
Fresno,2021-03-02,9892,213547,3395,100384,6497,113162,0,1,8500,88055,1367,62546,8525,150601,California
Fresno,2021-03-03,7087,220634,1787,102171,5299,118461,1,2,6063,93222,1011,63557,6178,156779,California
Fresno,2021-03-04,10480,231114,4133,106304,6347,124808,0,2,8728,100236,1724,65281,8738,165517,California
Fresno,2021-03-05,9382,240496,3644,109948,5736,130544,2,4,8076,107215,1174,66455,8153,173670,California
Fresno,2021-03-06,7027,247523,3953,113901,2956,133500,118,122,6025,112369,994,67449,6148,179818,California
Fresno,2021-03-07,1496,249019,681,114582,778,134278,37,159,1265,113444,228,67677,1303,181121,California
Fresno,2021-03-08,5351,254370,2064,116646,3136,137414,151,310,4052,116373,1286,68963,4215,185336,California
Fresno,2021-03-09,8675,263045,3807,120453,4596,142010,272,582,4663,117353,3991,72954,4971,190307,California
Fresno,2021-03-10,6927,269972,2880,123333,3657,145667,390,972,5411,121655,1507,74461,5809,196116,California
Fresno,2021-03-11,11634,281606,4593,127926,6490,152157,551,1523,6324,123324,5283,79744,6952,203068,California
Fresno,2021-03-12,12093,293699,5151,133077,6515,158672,427,1950,9085,129989,2987,82731,9652,212720,California
Fresno,2021-03-13,8364,302063,4071,137148,3280,161952,1013,2963,4024,130785,4318,87049,5114,217834,California
Fresno,2021-03-14,1783,303846,485,137633,1009,162961,289,3252,671,130644,1101,88150,960,218794,California
Fresno,2021-03-15,7148,310994,3180,140813,3791,166752,177,3429,4932,133755,2201,90351,5312,224106,California
Fresno,2021-03-16,10245,321239,4548,145361,5303,172055,394,3823,5427,134889,4785,95136,5919,230025,California
Fresno,2021-03-17,8750,329989,4003,149364,4045,176100,702,4525,5913,139099,2813,97949,7023,237048,California
Fresno,2021-03-18,12559,342548,6798,156162,5084,181184,677,5202,7033,141829,5475,103424,8205,245253,California
Fresno,2021-03-19,11288,353836,5962,162124,4703,185887,623,5825,6924,145424,4330,107754,7925,253178,California
Fresno,2021-03-20,7642,361478,4614,166738,2704,188591,324,6149,3755,145967,3856,111610,4399,257577,California
Fresno,2021-03-21,1868,363346,1275,168013,213,188804,380,6529,1022,146533,838,112448,1404,258981,California
Fresno,2021-03-22,5717,369063,2934,170947,2185,190989,598,7127,3810,149294,1888,114336,4649,263630,California
Fresno,2021-03-23,10651,379714,5332,176279,4819,195808,500,7627,5097,149809,5529,119865,6044,269674,California
Fresno,2021-03-24,8900,388614,3855,180134,4211,200019,834,8461,4960,151754,3902,123767,5847,275521,California
Fresno,2021-03-25,12232,400846,5691,185825,5736,205755,805,9266,4742,149942,7440,131207,5628,281149,California
Fresno,2021-03-26,12265,413111,5472,191297,6146,211901,647,9913,4419,147246,7787,138994,5091,286240,California
Fresno,2021-03-27,10142,423253,4857,196154,4198,216099,1087,11000,2935,144106,7167,146161,4027,290267,California
Fresno,2021-03-28,3423,426676,1323,197477,1407,217506,693,11693,1117,144066,2298,148459,2258,292525,California
Fresno,2021-03-29,6005,432681,2016,199493,3449,220955,540,12233,2896,144436,3080,151539,3450,295975,California
Fresno,2021-03-30,11023,443704,4277,203770,5847,226802,899,13132,3825,141996,7165,158704,4725,300700,California
Fresno,2021-03-31,9739,453443,3397,207167,5343,232145,999,14131,3662,140621,6029,164733,4654,305354,California
Fresno,2021-04-01,12254,465697,4224,211391,7157,239302,873,15004,4044,137390,8103,172836,4872,310226,California
Fresno,2021-04-02,12132,477829,4642,216033,6691,245993,799,15803,4277,134779,7691,180527,5080,315306,California
Fresno,2021-04-03,6423,484252,3529,219562,2630,248623,264,16067,2142,132959,4262,184789,2442,317748,California
Fresno,2021-04-04,1499,485751,538,220100,915,249538,46,16113,544,132604,945,185734,590,318338,California
Fresno,2021-04-05,8349,494100,4479,224579,3067,252605,803,16916,2437,130020,5894,191628,3310,321648,California
Fresno,2021-04-06,9658,503758,4047,228626,4418,257023,1193,18109,3553,128717,6065,197693,4762,326410,California
Fresno,2021-04-07,10652,514410,5516,234142,3919,260942,1217,19326,3541,126435,7065,204758,4783,331193,California
Fresno,2021-04-08,10993,525403,5183,239325,4645,265587,1165,20491,3454,123605,7487,212245,4657,335850,California
Fresno,2021-04-09,11736,537139,5465,244790,4867,270454,1404,21895,3683,120707,8004,220249,5106,340956,California
Fresno,2021-04-10,7936,545075,5174,249964,2234,272688,528,22423,3684,120684,4233,224482,4210,345166,California
Fresno,2021-04-11,1404,546479,939,250903,373,273061,92,22515,448,120274,951,225433,541,345707,California
Fresno,2021-04-12,7576,554055,4098,255001,2544,275605,934,23449,2416,118494,5128,230561,3348,349055,California
Fresno,2021-04-13,9046,563101,4321,259322,4654,280259,71,23520,3522,116696,5485,236046,3687,352742,California
Fresno,2021-04-14,9765,572866,5812,265134,3952,284211,1,23521,3792,114607,5929,241975,3840,356582,California
Fresno,2021-04-15,8532,581398,4247,269381,4282,288493,3,23524,3199,112510,5302,247277,3205,359787,California
Fresno,2021-04-16,9634,591032,4675,274056,4957,293450,2,23526,3914,110753,5678,252955,3921,363708,California
Fresno,2021-04-17,5673,596705,3791,277847,1882,295332,0,23526,2698,110501,2952,255907,2700,366408,California
Fresno,2021-04-18,1159,597864,683,278530,476,295808,0,23526,519,110385,635,256542,519,366927,California
Fresno,2021-04-19,5802,603666,3228,281758,2571,298379,3,23529,2262,109154,3499,260041,2268,369195,California
Fresno,2021-04-20,7226,610892,3693,285451,3525,301904,8,23537,2699,107362,4499,264540,2707,371902,California
Fresno,2021-04-21,7050,617942,4172,289623,2869,304773,9,23546,2892,106150,4116,268656,2904,374806,California
Fresno,2021-04-22,6572,624514,3349,292972,3222,307995,1,23547,2414,104472,4096,272752,2418,377224,California
Fresno,2021-04-23,7346,631860,4040,297012,3289,311284,17,23564,2803,102825,4455,277207,2808,380032,California
Fresno,2021-04-24,4173,636033,2489,299501,1684,312968,0,23564,1916,102497,2244,279451,1916,381948,California
Fresno,2021-04-25,1370,637403,553,300054,814,313782,3,23567,685,102506,679,280130,688,382636,California
Fresno,2021-04-26,4322,641725,2220,302274,2057,315839,45,23612,1824,101909,2466,282596,1869,384505,California
Fresno,2021-04-27,4934,646659,2531,304805,2277,318116,126,23738,1939,101001,2972,285568,2064,386569,California
Fresno,2021-04-28,4917,651576,2810,307615,1977,320093,130,23868,2064,100368,2828,288396,2195,388764,California
Fresno,2021-04-29,4910,656486,2761,310376,2009,322102,140,24008,1880,99387,2999,291395,2018,390782,California
Fresno,2021-04-30,5525,662011,3389,313765,2002,324104,134,24142,2218,98462,3276,294671,2351,393133,California
Fresno,2021-05-01,4204,666215,3468,317233,596,324700,140,24282,1237,96891,2946,297617,1375,394508,California
Fresno,2021-05-02,1252,667467,776,318009,425,325125,51,24333,617,96934,623,298240,666,395174,California
Fresno,2021-05-03,4055,671522,2704,320713,1158,326283,193,24526,1307,95709,2719,300959,1494,396668,California
Fresno,2021-05-04,4946,676468,2610,323323,2184,328467,152,24678,1573,94091,3345,304304,1727,398395,California
Fresno,2021-05-05,5367,681835,3408,326731,1731,330198,228,24906,1691,92356,3651,307955,1916,400311,California
Fresno,2021-05-06,4492,686327,2899,329630,1489,331687,104,25010,1560,91120,2900,310855,1664,401975,California
Fresno,2021-05-07,5090,691417,3359,332989,1564,333251,167,25177,1578,89373,3488,314343,1741,403716,California
Fresno,2021-05-08,4065,695482,2650,335639,1267,334518,148,25325,1254,87990,2786,317129,1403,405119,California
Fresno,2021-05-09,721,696203,393,336032,285,334803,43,25368,349,88016,366,317495,392,405511,California
Fresno,2021-05-10,2983,699186,1590,337622,1252,336055,141,25509,932,87049,2040,319535,1073,406584,California
Fresno,2021-05-11,3895,703081,2076,339698,1723,337778,96,25605,1256,85777,2624,322159,1352,407936,California
Fresno,2021-05-12,4155,707236,2712,342410,1279,339057,164,25769,1401,84615,2727,324886,1565,409501,California
Fresno,2021-05-13,4183,711419,2449,344859,1629,340686,105,25874,1858,84294,2285,327171,1964,411465,California
Fresno,2021-05-14,5113,716532,3078,347937,1851,342537,184,26058,2155,83709,2925,330096,2340,413805,California
Fresno,2021-05-15,3640,720172,2732,350669,777,343314,131,26189,1864,83938,1764,331860,1993,415798,California
Fresno,2021-05-16,1583,721755,1084,351753,465,343779,34,26223,919,84234,658,332518,954,416752,California
Fresno,2021-05-17,4184,725939,2829,354582,1192,344971,163,26386,2222,84684,1933,334451,2383,419135,California
Fresno,2021-05-18,4130,730069,2553,357135,1421,346392,156,26542,2080,84891,2026,336477,2233,421368,California
Fresno,2021-05-19,4358,734427,2768,359903,1413,347805,177,26719,2057,84847,2277,338754,2233,423601,California
Fresno,2021-05-20,4119,738546,2459,362362,1470,349275,190,26909,1873,84680,2228,340982,2061,425662,California
Fresno,2021-05-21,4615,743161,3023,365385,1497,350772,95,27004,2069,84327,2515,343497,2162,427824,California
Fresno,2021-05-22,3945,747106,2928,368313,844,351616,173,27177,2268,85107,1660,345157,2440,430264,California
Fresno,2021-05-23,962,748068,629,368942,303,351919,30,27207,474,85133,478,345635,504,430768,California
Fresno,2021-05-24,3309,751377,2102,371044,1092,353011,115,27322,1531,85025,1754,347389,1646,432414,California
Fresno,2021-05-25,3219,754596,1930,372974,1163,354174,126,27448,1349,84643,1856,349245,1474,433888,California
Fresno,2021-05-26,3252,757848,2146,375120,999,355173,107,27555,1572,84662,1659,350904,1678,435566,California
Fresno,2021-05-27,3152,761000,1914,377034,1131,356304,107,27662,1315,84273,1812,352716,1423,436989,California
Fresno,2021-05-28,3445,764445,2216,379250,1134,357438,95,27757,1871,84689,1551,354267,1967,438956,California
Fresno,2021-05-29,2280,766725,1662,380912,548,357986,70,27827,1189,84868,1081,355348,1260,440216,California
Fresno,2021-05-30,894,767619,536,381448,322,358308,36,27863,414,84855,462,355810,449,440665,California
Fresno,2021-05-31,318,767937,158,381606,148,358456,12,27875,133,84818,180,355990,143,440808,California
Fresno,2021-06-01,3022,770959,1818,383424,1107,359563,97,27972,1141,84197,1858,357848,1237,442045,California
Fresno,2021-06-02,2671,773630,1722,385146,859,360422,90,28062,1061,83771,1579,359427,1153,443198,California
Fresno,2021-06-03,2969,776599,2034,387180,833,361255,102,28164,1111,83146,1836,361263,1211,444409,California
Fresno,2021-06-04,3242,779841,2350,389530,791,362046,101,28265,1068,82166,2150,363413,1170,445579,California
Fresno,2021-06-05,3126,782967,2312,391842,693,362739,121,28386,1225,81637,1873,365286,1344,446923,California
Fresno,2021-06-06,1182,784149,938,392780,206,362945,38,28424,348,81195,828,366114,386,447309,California
Fresno,2021-06-07,3096,787245,2428,395208,577,363522,91,28515,890,79992,2184,368298,981,448290,California
Fresno,2021-06-08,2767,790012,2038,397246,647,364169,82,28597,809,78936,1946,370244,890,449180,California
Fresno,2021-06-09,2944,792956,2197,399443,656,364825,91,28688,970,78041,1955,372199,1060,450240,California
Fresno,2021-06-10,2658,795614,1929,401372,659,365484,70,28758,917,77307,1720,373919,986,451226,California
Fresno,2021-06-11,3164,798778,2222,403594,832,366316,110,28868,1166,76624,1959,375878,1276,452502,California
Fresno,2021-06-12,2905,801683,2297,405891,443,366759,165,29033,776,75445,2115,377993,936,453438,California
Fresno,2021-06-13,714,802397,463,406354,234,366993,17,29050,195,75143,514,378507,212,453650,California
Fresno,2021-06-14,2508,804905,1826,408180,554,367547,128,29178,949,74680,1538,380045,1075,454725,California
Fresno,2021-06-15,2374,807279,1706,409886,593,368140,75,29253,936,74271,1419,381464,1010,455735,California
Fresno,2021-06-16,2634,809913,1890,411776,631,368771,113,29366,1038,73837,1583,383047,1149,456884,California
Fresno,2021-06-17,2260,812173,1579,413355,587,369358,94,29460,951,73585,1295,384342,1043,457927,California
Fresno,2021-06-18,3002,815175,2156,415511,729,370087,117,29577,1186,73091,1798,386140,1304,459231,California
Fresno,2021-06-19,1691,816866,1249,416760,365,370452,77,29654,582,72643,1105,387245,657,459888,California
Fresno,2021-06-20,499,817365,353,417113,135,370587,11,29665,192,72544,302,387547,203,460091,California
Fresno,2021-06-21,1622,818987,1083,418196,474,371061,65,29730,934,72869,674,388221,999,461090,California
Fresno,2021-06-22,2167,821154,1498,419694,559,371620,110,29840,1003,72829,1150,389371,1110,462200,California
Fresno,2021-06-23,2056,823210,1472,421166,516,372136,68,29908,1010,72876,1029,390400,1076,463276,California
Fresno,2021-06-24,2000,825210,1412,422578,512,372648,76,29984,889,72746,1094,391494,964,464240,California
Fresno,2021-06-25,2060,827270,1440,424018,539,373187,81,30065,979,72743,1063,392557,1060,465300,California
Fresno,2021-06-26,1835,829105,1422,425440,313,373500,100,30165,716,72447,1112,393669,816,466116,California
Fresno,2021-06-27,914,830019,677,426117,138,373638,99,30264,466,72565,444,394113,562,466678,California
Fresno,2021-06-28,1606,831625,1222,427339,289,373927,95,30359,710,72482,885,394998,802,467480,California
Fresno,2021-06-29,1780,833405,1180,428519,522,374449,78,30437,799,72386,972,395970,876,468356,California
Fresno,2021-06-30,1711,835116,1160,429679,461,374910,90,30527,742,72266,953,396923,833,469189,California
Fresno,2021-07-01,1578,836694,1141,430820,367,375277,70,30597,695,72160,869,397792,763,469952,California
Fresno,2021-07-02,1698,838392,1207,432027,423,375700,68,30665,807,72152,882,398674,874,470826,California
Fresno,2021-07-03,1024,839416,752,432779,244,375944,28,30693,493,72152,521,399195,521,471347,California
Fresno,2021-07-04,82,839498,26,432805,50,375994,6,30699,32,72140,50,399245,38,471385,California
Fresno,2021-07-05,986,840484,712,433517,242,376236,32,30731,442,72073,540,399785,473,471858,California
Fresno,2021-07-06,1385,841869,1028,434545,288,376524,69,30800,560,71893,808,400593,628,472486,California
Glenn,2020-12-17,1,1,1,1,0,0,0,0,1,1,0,0,1,1,California
Glenn,2020-12-19,1,2,1,2,0,0,0,0,1,2,0,0,1,2,California
Glenn,2020-12-20,1,3,1,3,0,0,0,0,1,3,0,0,1,3,California
Glenn,2020-12-21,12,15,12,15,0,0,0,0,12,15,0,0,12,15,California
Glenn,2020-12-22,59,74,59,74,0,0,0,0,59,74,0,0,59,74,California
Glenn,2020-12-23,28,102,28,102,0,0,0,0,28,102,0,0,28,102,California
Glenn,2020-12-24,9,111,9,111,0,0,0,0,9,111,0,0,9,111,California
Glenn,2020-12-26,2,113,2,113,0,0,0,0,2,113,0,0,2,113,California
Glenn,2020-12-27,4,117,4,117,0,0,0,0,4,117,0,0,4,117,California
Glenn,2020-12-28,22,139,22,139,0,0,0,0,22,139,0,0,22,139,California
Glenn,2020-12-29,83,222,83,222,0,0,0,0,83,222,0,0,83,222,California
Glenn,2020-12-30,129,351,106,328,23,23,0,0,129,351,0,0,129,351,California
Glenn,2020-12-31,38,389,9,337,29,52,0,0,38,389,0,0,38,389,California
Glenn,2021-01-02,3,392,3,340,0,52,0,0,3,392,0,0,3,392,California
Glenn,2021-01-04,7,399,5,345,2,54,0,0,7,399,0,0,7,399,California
Glenn,2021-01-05,9,408,8,353,1,55,0,0,9,408,0,0,9,408,California
Glenn,2021-01-06,60,468,8,361,52,107,0,0,60,468,0,0,60,468,California
Glenn,2021-01-07,67,535,12,373,55,162,0,0,65,531,2,2,65,533,California
Glenn,2021-01-08,12,547,9,382,3,165,0,0,12,543,0,2,12,545,California
Glenn,2021-01-10,1,548,1,383,0,165,0,0,0,542,1,3,0,545,California
Glenn,2021-01-11,31,579,30,413,1,166,0,0,13,537,18,21,13,558,California
Glenn,2021-01-12,42,621,37,450,5,171,0,0,14,523,28,49,14,572,California
Glenn,2021-01-13,221,842,158,608,63,234,0,0,176,654,45,94,176,748,California
Glenn,2021-01-14,119,961,30,638,89,323,0,0,109,753,10,104,109,857,California
Glenn,2021-01-15,40,1001,33,671,7,330,0,0,35,783,5,109,35,892,California
Glenn,2021-01-16,33,1034,14,685,19,349,0,0,23,796,10,119,23,915,California
Glenn,2021-01-17,4,1038,2,687,2,351,0,0,2,796,2,121,2,917,California
Glenn,2021-01-18,18,1056,17,704,1,352,0,0,9,796,9,130,9,926,California
Glenn,2021-01-19,30,1086,20,724,10,362,0,0,13,792,17,147,13,939,California
Glenn,2021-01-20,164,1250,95,819,69,431,0,0,82,792,82,229,82,1021,California
Glenn,2021-01-21,124,1374,98,917,26,457,0,0,30,728,94,323,30,1051,California
Glenn,2021-01-22,340,1714,66,983,274,731,0,0,333,1054,7,330,333,1384,California
Glenn,2021-01-23,16,1730,9,992,7,738,0,0,13,1064,3,333,13,1397,California
Glenn,2021-01-24,2,1732,2,994,0,738,0,0,2,1066,0,333,2,1399,California
Glenn,2021-01-25,27,1759,9,1003,18,756,0,0,24,1087,3,336,24,1423,California
Glenn,2021-01-26,31,1790,14,1017,17,773,0,0,25,1106,6,342,25,1448,California
Glenn,2021-01-27,190,1980,13,1030,177,950,0,0,168,1252,22,364,168,1616,California
Glenn,2021-01-28,147,2127,8,1038,139,1089,0,0,117,1339,30,394,117,1733,California
Glenn,2021-01-29,297,2424,12,1050,285,1374,0,0,283,1608,14,408,283,2016,California
Glenn,2021-01-30,4,2428,0,1050,4,1378,0,0,4,1612,0,408,4,2020,California
Glenn,2021-01-31,1,2429,0,1050,1,1379,0,0,1,1613,0,408,1,2021,California
Glenn,2021-02-01,30,2459,11,1061,19,1398,0,0,18,1619,12,420,18,2039,California
Glenn,2021-02-02,32,2491,16,1077,16,1414,0,0,22,1631,10,430,22,2061,California
Glenn,2021-02-03,280,2771,126,1203,154,1568,0,0,134,1620,146,576,135,2196,California
Glenn,2021-02-04,83,2854,16,1219,67,1635,0,0,26,1589,57,633,26,2222,California
Glenn,2021-02-05,319,3173,24,1243,295,1930,0,0,299,1868,20,653,299,2521,California
Glenn,2021-02-06,14,3187,2,1245,12,1942,0,0,13,1880,1,654,13,2534,California
Glenn,2021-02-07,2,3189,2,1247,0,1942,0,0,2,1882,0,654,2,2536,California
Glenn,2021-02-08,21,3210,17,1264,4,1946,0,0,4,1869,17,671,4,2540,California
Glenn,2021-02-09,51,3261,20,1284,31,1977,0,0,38,1894,13,684,38,2578,California
Glenn,2021-02-10,143,3404,19,1303,124,2101,0,0,72,1895,71,755,72,2650,California
Glenn,2021-02-11,268,3672,167,1470,101,2202,0,0,184,1996,84,839,185,2835,California
Glenn,2021-02-12,419,4091,99,1569,320,2522,0,0,352,2281,67,906,352,3187,California
Glenn,2021-02-13,37,4128,9,1578,28,2550,0,0,17,2278,20,926,17,3204,California
Glenn,2021-02-14,1,4129,0,1578,1,2551,0,0,1,2279,0,926,1,3205,California
Glenn,2021-02-15,10,4139,1,1579,9,2560,0,0,8,2285,2,928,8,3213,California
Glenn,2021-02-16,44,4183,9,1588,35,2595,0,0,25,2291,19,947,25,3238,California
Glenn,2021-02-17,381,4564,14,1602,367,2962,0,0,303,2516,78,1025,303,3541,California
Glenn,2021-02-18,183,4747,148,1750,35,2997,0,0,158,2650,24,1049,158,3699,California
Glenn,2021-02-19,303,5050,17,1767,286,3283,0,0,29,2405,274,1323,29,3728,California
Glenn,2021-02-20,9,5059,0,1767,9,3292,0,0,1,2398,8,1331,1,3729,California
Glenn,2021-02-21,1,5060,1,1768,0,3292,0,0,1,2399,0,1331,1,3730,California
Glenn,2021-02-22,36,5096,17,1785,19,3311,0,0,18,2400,17,1348,18,3748,California
Glenn,2021-02-23,45,5141,12,1797,33,3344,0,0,31,2417,14,1362,31,3779,California
Glenn,2021-02-24,270,5411,48,1845,222,3566,0,0,61,2269,209,1571,61,3840,California
Glenn,2021-02-25,326,5737,210,2055,116,3682,0,0,206,2354,121,1692,206,4046,California
Glenn,2021-02-26,306,6043,25,2080,281,3963,0,0,21,2091,284,1976,21,4067,California
Glenn,2021-02-27,16,6059,6,2086,10,3973,0,0,6,2088,9,1985,6,4073,California
Glenn,2021-02-28,6,6065,3,2089,3,3976,0,0,3,2089,2,1987,3,4076,California
Glenn,2021-03-01,28,6093,6,2095,22,3998,0,0,13,2087,15,2002,13,4089,California
Glenn,2021-03-02,38,6131,7,2102,31,4029,0,0,19,2087,19,2021,19,4108,California
Glenn,2021-03-03,212,6343,38,2140,174,4203,0,0,119,2115,91,2112,119,4227,California
Glenn,2021-03-04,543,6886,198,2338,345,4548,0,0,361,2294,182,2294,361,4588,California
Glenn,2021-03-05,357,7243,49,2387,308,4856,0,0,35,2007,322,2616,35,4623,California
Glenn,2021-03-06,28,7271,4,2391,23,4879,1,1,11,2002,17,2633,12,4635,California
Glenn,2021-03-07,5,7276,0,2391,5,4884,0,1,3,2004,1,2634,3,4638,California
Glenn,2021-03-08,21,7297,3,2394,17,4901,1,2,19,2022,2,2636,20,4658,California
Glenn,2021-03-09,83,7380,12,2406,68,4969,3,5,53,2047,30,2666,55,4713,California
Glenn,2021-03-10,188,7568,80,2486,106,5075,2,7,104,2069,84,2750,106,4819,California
Glenn,2021-03-11,594,8162,180,2666,391,5466,23,30,412,2325,182,2932,438,5257,California
Glenn,2021-03-12,420,8582,14,2680,343,5809,63,93,41,2050,379,3311,104,5361,California
Glenn,2021-03-13,13,8595,1,2681,4,5813,8,101,1,2047,12,3323,9,5370,California
Glenn,2021-03-14,3,8598,1,2682,2,5815,0,101,1,2046,2,3325,1,5371,California
Glenn,2021-03-15,76,8674,15,2697,56,5871,5,106,59,2093,17,3342,64,5435,California
Glenn,2021-03-16,113,8787,34,2731,69,5940,10,116,69,2128,44,3386,79,5514,California
Glenn,2021-03-17,419,9206,99,2830,313,6253,7,123,114,1942,305,3691,119,5633,California
Glenn,2021-03-18,535,9741,230,3060,50,6303,255,378,74,1809,461,4152,328,5961,California
Glenn,2021-03-19,96,9837,16,3076,74,6377,6,384,75,1870,20,4172,81,6042,California
Glenn,2021-03-20,133,9970,2,3078,130,6507,1,385,130,1998,3,4175,131,6173,California
Glenn,2021-03-21,6,9976,5,3083,0,6507,1,386,3,2000,2,4177,4,6177,California
Glenn,2021-03-22,124,10100,55,3138,61,6568,8,394,103,2092,19,4196,111,6288,California
Glenn,2021-03-23,179,10279,67,3205,61,6629,51,445,104,2173,74,4270,155,6443,California
Glenn,2021-03-24,213,10492,103,3308,105,6734,5,450,125,2217,86,4356,130,6573,California
Glenn,2021-03-25,486,10978,245,3553,147,6881,94,544,352,2531,132,4488,446,7019,California
Glenn,2021-03-26,239,11217,37,3590,166,7047,36,580,188,2704,51,4539,224,7243,California
Glenn,2021-03-27,168,11385,22,3612,140,7187,6,586,154,2850,14,4553,160,7403,California
Glenn,2021-03-28,15,11400,10,3622,5,7192,0,586,10,2855,5,4558,10,7413,California
Glenn,2021-03-29,62,11462,20,3642,39,7231,3,589,46,2888,16,4574,49,7462,California
Glenn,2021-03-30,76,11538,43,3685,32,7263,1,590,43,2901,31,4605,44,7506,California
Glenn,2021-03-31,132,11670,35,3720,96,7359,1,591,43,2857,88,4693,44,7550,California
Glenn,2021-04-01,656,12326,189,3909,458,7817,9,600,230,2673,423,5116,239,7789,California
Glenn,2021-04-02,170,12496,26,3935,132,7949,12,612,133,2781,37,5153,145,7934,California
Glenn,2021-04-03,95,12591,4,3939,84,8033,7,619,84,2861,11,5164,91,8025,California
Glenn,2021-04-04,9,12600,3,3942,4,8037,2,621,5,2864,4,5168,7,8032,California
Glenn,2021-04-05,67,12667,26,3968,28,8065,13,634,30,2870,37,5205,43,8075,California
Glenn,2021-04-06,144,12811,52,4020,53,8118,39,673,37,2839,106,5311,75,8150,California
Glenn,2021-04-07,161,12972,47,4067,60,8178,54,727,75,2882,86,5397,129,8279,California
Glenn,2021-04-08,642,13614,188,4255,418,8596,36,763,138,2554,502,5899,174,8453,California
Glenn,2021-04-09,160,13774,57,4312,86,8682,17,780,102,2614,58,5957,118,8571,California
Glenn,2021-04-10,77,13851,1,4313,60,8742,16,796,58,2670,18,5975,74,8645,California
Glenn,2021-04-11,17,13868,8,4321,4,8746,5,801,7,2672,10,5985,12,8657,California
Glenn,2021-04-12,116,13984,26,4347,61,8807,29,830,21,2627,95,6080,50,8707,California
Glenn,2021-04-13,119,14103,64,4411,55,8862,0,830,30,2568,89,6169,30,8737,California
Glenn,2021-04-14,122,14225,46,4457,76,8938,0,830,67,2580,55,6224,67,8804,California
Glenn,2021-04-15,365,14590,276,4733,89,9027,0,830,106,2428,258,6482,106,8910,California
Glenn,2021-04-16,169,14759,42,4775,127,9154,0,830,79,2417,90,6572,79,8989,California
Glenn,2021-04-17,169,14928,17,4792,152,9306,0,830,30,2316,131,6703,30,9019,California
Glenn,2021-04-18,19,14947,6,4798,13,9319,0,830,15,2327,4,6707,15,9034,California
Glenn,2021-04-19,84,15031,17,4815,67,9386,0,830,23,2290,60,6767,23,9057,California
Glenn,2021-04-20,134,15165,90,4905,44,9430,0,830,55,2266,79,6846,55,9112,California
Glenn,2021-04-21,431,15596,328,5233,103,9533,0,830,291,2418,139,6985,291,9403,California
Glenn,2021-04-22,214,15810,54,5287,160,9693,0,830,38,2281,175,7160,38,9441,California
Glenn,2021-04-23,192,16002,36,5323,156,9849,0,830,49,2188,142,7302,49,9490,California
Glenn,2021-04-24,180,16182,32,5355,148,9997,0,830,30,2069,149,7451,30,9520,California
Glenn,2021-04-25,30,16212,18,5373,12,10009,0,830,22,2083,8,7459,22,9542,California
Glenn,2021-04-26,50,16262,14,5387,36,10045,0,830,19,2071,31,7490,19,9561,California
Glenn,2021-04-27,66,16328,50,5437,11,10056,5,835,34,2077,32,7522,38,9599,California
Glenn,2021-04-28,263,16591,184,5621,68,10124,11,846,132,2090,130,7652,143,9742,California
Glenn,2021-04-29,186,16777,27,5648,157,10281,2,848,40,1986,146,7798,42,9784,California
Glenn,2021-04-30,163,16940,42,5690,119,10400,2,850,40,1905,123,7921,42,9826,California
Glenn,2021-05-01,108,17048,13,5703,94,10494,1,851,26,1850,82,8003,27,9853,California
Glenn,2021-05-02,32,17080,14,5717,9,10503,9,860,15,1857,17,8020,24,9877,California
Glenn,2021-05-03,39,17119,24,5741,14,10517,1,861,14,1847,25,8045,15,9892,California
Glenn,2021-05-04,60,17179,36,5777,19,10536,5,866,28,1848,32,8077,33,9925,California
Glenn,2021-05-05,127,17306,39,5816,77,10613,11,877,52,1836,75,8152,63,9988,California
Glenn,2021-05-06,111,17417,41,5857,65,10678,5,882,40,1810,71,8223,45,10033,California
Glenn,2021-05-07,122,17539,36,5893,77,10755,9,891,30,1758,91,8314,39,10072,California
Glenn,2021-05-08,65,17604,12,5905,49,10804,4,895,21,1740,43,8357,25,10097,California
Glenn,2021-05-09,17,17621,11,5916,6,10810,0,895,11,1745,6,8363,11,10108,California
Glenn,2021-05-10,37,17658,15,5931,17,10827,5,900,13,1739,24,8387,18,10126,California
Glenn,2021-05-11,85,17743,60,5991,16,10843,9,909,17,1697,68,8455,26,10152,California
Glenn,2021-05-12,336,18079,253,6244,69,10912,14,923,50,1475,286,8741,64,10216,California
Glenn,2021-05-13,158,18237,59,6303,80,10992,19,942,64,1464,94,8835,83,10299,California
Glenn,2021-05-14,106,18343,24,6327,77,11069,5,947,34,1431,72,8907,39,10338,California
Glenn,2021-05-15,67,18410,40,6367,24,11093,3,950,32,1431,34,8941,34,10372,California
Glenn,2021-05-16,31,18441,18,6385,13,11106,0,950,9,1418,22,8963,9,10381,California
Glenn,2021-05-17,86,18527,61,6446,21,11127,4,954,60,1456,26,8989,64,10445,California
Glenn,2021-05-18,68,18595,50,6496,14,11141,4,958,22,1436,46,9035,26,10471,California
Glenn,2021-05-19,200,18795,118,6614,70,11211,12,970,74,1396,125,9160,85,10556,California
Glenn,2021-05-20,120,18915,79,6693,39,11250,2,972,80,1438,40,9200,82,10638,California
Glenn,2021-05-21,70,18985,26,6719,43,11293,1,973,28,1425,42,9242,29,10667,California
Glenn,2021-05-22,56,19041,24,6743,32,11325,0,973,29,1427,27,9269,29,10696,California
Glenn,2021-05-23,29,19070,16,6759,13,11338,0,973,12,1423,16,9285,12,10708,California
Glenn,2021-05-24,30,19100,11,6770,15,11353,4,977,11,1420,18,9303,15,10723,California
Glenn,2021-05-25,47,19147,35,6805,10,11363,2,979,23,1421,24,9327,25,10748,California
Glenn,2021-05-26,73,19220,14,6819,55,11418,4,983,25,1402,48,9375,29,10777,California
Glenn,2021-05-27,101,19321,62,6881,38,11456,1,984,47,1398,52,9427,48,10825,California
Glenn,2021-05-28,62,19383,18,6899,37,11493,7,991,32,1407,30,9457,39,10864,California
Glenn,2021-05-29,48,19431,11,6910,33,11526,4,995,21,1405,27,9484,25,10889,California
Glenn,2021-05-30,21,19452,13,6923,8,11534,0,995,8,1401,12,9496,8,10897,California
Glenn,2021-05-31,4,19456,0,6923,4,11538,0,995,0,1397,4,9500,0,10897,California
Glenn,2021-06-01,59,19515,34,6957,22,11560,3,998,24,1389,35,9535,27,10924,California
Glenn,2021-06-02,98,19613,49,7006,46,11606,3,1001,39,1372,59,9594,42,10966,California
Glenn,2021-06-03,75,19688,42,7048,26,11632,7,1008,18,1342,55,9649,25,10991,California
Glenn,2021-06-04,77,19765,37,7085,37,11669,3,1011,42,1352,35,9684,45,11036,California
Glenn,2021-06-05,55,19820,30,7115,22,11691,3,1014,17,1334,38,9722,20,11056,California
Glenn,2021-06-06,31,19851,27,7142,3,11694,1,1015,15,1335,15,9737,16,11072,California
Glenn,2021-06-07,68,19919,59,7201,7,11701,2,1017,13,1296,54,9791,15,11087,California
Glenn,2021-06-08,35,19954,19,7220,11,11712,5,1022,16,1298,19,9810,21,11108,California
Glenn,2021-06-09,64,20018,36,7256,21,11733,7,1029,31,1303,33,9843,38,11146,California
Glenn,2021-06-10,119,20137,88,7344,25,11758,6,1035,35,1260,84,9927,41,11187,California
Glenn,2021-06-11,88,20225,57,7401,28,11786,3,1038,25,1225,63,9990,28,11215,California
Glenn,2021-06-12,35,20260,19,7420,13,11799,3,1041,13,1219,22,10012,16,11231,California
Glenn,2021-06-13,11,20271,11,7431,0,11799,0,1041,5,1218,6,10018,5,11236,California
Glenn,2021-06-14,40,20311,27,7458,10,11809,3,1044,16,1214,23,10041,19,11255,California
Glenn,2021-06-15,49,20360,33,7491,15,11824,1,1045,22,1210,27,10068,23,11278,California
Glenn,2021-06-16,85,20445,50,7541,34,11858,1,1046,58,1244,25,10093,59,11337,California
Glenn,2021-06-17,61,20506,36,7577,21,11879,4,1050,7,1201,54,10147,11,11348,California
Glenn,2021-06-18,82,20588,44,7621,17,11896,21,1071,28,1196,54,10201,49,11397,California
Glenn,2021-06-19,42,20630,21,7642,21,11917,0,1071,24,1202,18,10219,24,11421,California
Glenn,2021-06-20,15,20645,11,7653,4,11921,0,1071,4,1195,11,10230,4,11425,California
Glenn,2021-06-21,26,20671,18,7671,6,11927,2,1073,19,1209,7,10237,21,11446,California
Glenn,2021-06-22,47,20718,32,7703,13,11940,2,1075,22,1209,24,10261,24,11470,California
Glenn,2021-06-23,54,20772,37,7740,14,11954,3,1078,28,1214,26,10287,31,11501,California
Glenn,2021-06-24,44,20816,27,7767,13,11967,4,1082,17,1208,27,10314,21,11522,California
Glenn,2021-06-25,67,20883,47,7814,19,11986,1,1083,31,1204,36,10350,32,11554,California
Glenn,2021-06-26,35,20918,20,7834,14,12000,1,1084,16,1202,19,10369,17,11571,California
Glenn,2021-06-27,17,20935,13,7847,4,12004,0,1084,4,1193,13,10382,4,11575,California
Glenn,2021-06-28,27,20962,23,7870,1,12005,3,1087,12,1192,15,10397,14,11589,California
Glenn,2021-06-29,33,20995,16,7886,12,12017,5,1092,11,1186,22,10419,16,11605,California
Glenn,2021-06-30,76,21071,51,7937,20,12037,5,1097,36,1187,40,10459,41,11646,California
Glenn,2021-07-01,56,21127,40,7977,13,12050,3,1100,16,1166,40,10499,19,11665,California
Glenn,2021-07-02,60,21187,35,8012,20,12070,5,1105,22,1156,37,10536,27,11692,California
Glenn,2021-07-03,36,21223,28,8040,7,12077,1,1106,24,1169,12,10548,25,11717,California
Glenn,2021-07-04,3,21226,2,8042,0,12077,1,1107,0,1167,3,10551,1,11718,California
Glenn,2021-07-05,20,21246,17,8059,1,12078,2,1109,6,1161,14,10565,8,11726,California
Glenn,2021-07-06,27,21273,25,8084,2,12080,0,1109,16,1166,11,10576,16,11742,California
Humboldt,2020-12-15,3,3,3,3,0,0,0,0,3,3,0,0,3,3,California
Humboldt,2020-12-16,16,19,16,19,0,0,0,0,16,19,0,0,16,19,California
Humboldt,2020-12-17,119,138,119,138,0,0,0,0,119,138,0,0,119,138,California
Humboldt,2020-12-18,177,315,177,315,0,0,0,0,177,315,0,0,177,315,California
Humboldt,2020-12-19,10,325,10,325,0,0,0,0,10,325,0,0,10,325,California
Humboldt,2020-12-20,27,352,27,352,0,0,0,0,27,352,0,0,27,352,California
Humboldt,2020-12-21,167,519,167,519,0,0,0,0,167,519,0,0,167,519,California
Humboldt,2020-12-22,337,856,337,856,0,0,0,0,337,856,0,0,337,856,California
Humboldt,2020-12-23,322,1178,264,1120,58,58,0,0,324,1180,0,0,324,1180,California
Humboldt,2020-12-24,25,1203,2,1122,23,81,0,0,25,1205,0,0,25,1205,California
Humboldt,2020-12-25,2,1205,2,1124,0,81,0,0,2,1207,0,0,2,1207,California
Humboldt,2020-12-26,6,1211,5,1129,1,82,0,0,6,1213,0,0,6,1213,California
Humboldt,2020-12-28,208,1419,150,1279,58,140,0,0,208,1421,0,0,208,1421,California
Humboldt,2020-12-29,186,1605,125,1404,61,201,0,0,187,1608,0,0,187,1608,California
Humboldt,2020-12-30,235,1840,129,1533,106,307,0,0,235,1843,0,0,235,1843,California
Humboldt,2020-12-31,246,2086,81,1614,165,472,0,0,246,2089,0,0,246,2089,California
Humboldt,2021-01-01,3,2089,2,1616,1,473,0,0,3,2092,0,0,3,2092,California
Humboldt,2021-01-02,40,2129,2,1618,38,511,0,0,40,2132,0,0,40,2132,California
Humboldt,2021-01-04,219,2348,142,1760,77,588,0,0,220,2352,0,0,220,2352,California
Humboldt,2021-01-05,132,2480,21,1781,111,699,0,0,132,2483,1,1,132,2484,California
Humboldt,2021-01-06,314,2794,214,1995,100,799,0,0,240,2661,62,63,240,2724,California
Humboldt,2021-01-07,438,3232,326,2321,112,911,0,0,321,2881,101,164,321,3045,California
Humboldt,2021-01-08,429,3661,289,2610,140,1051,0,0,287,3032,136,300,287,3332,California
Humboldt,2021-01-09,67,3728,43,2653,24,1075,0,0,65,3096,2,302,66,3398,California
Humboldt,2021-01-10,84,3812,84,2737,0,1075,0,0,4,3020,80,382,4,3402,California
Humboldt,2021-01-11,292,4104,281,3018,11,1086,0,0,70,2872,218,600,70,3472,California
Humboldt,2021-01-12,503,4607,339,3357,164,1250,0,0,285,2961,196,796,285,3757,California
Humboldt,2021-01-13,502,5109,281,3638,221,1471,0,0,323,3109,176,972,324,4081,California
Humboldt,2021-01-14,559,5668,175,3813,384,1855,0,0,503,3557,56,1028,504,4585,California
Humboldt,2021-01-15,373,6041,28,3841,345,2200,0,0,355,3894,18,1046,355,4940,California
Humboldt,2021-01-16,169,6210,6,3847,163,2363,0,0,168,4061,1,1047,168,5108,California
Humboldt,2021-01-17,7,6217,4,3851,3,2366,0,0,7,4068,0,1047,7,5115,California
Humboldt,2021-01-18,307,6524,272,4123,35,2401,0,0,149,4059,158,1205,149,5264,California
Humboldt,2021-01-19,661,7185,402,4525,259,2660,0,0,529,4462,126,1331,529,5793,California
Humboldt,2021-01-20,952,8137,423,4948,529,3189,0,0,786,5092,158,1489,788,6581,California
Humboldt,2021-01-21,971,9108,260,5208,711,3900,0,0,928,5977,43,1532,928,7509,California
Humboldt,2021-01-22,689,9797,381,5589,308,4208,0,0,679,6647,10,1542,680,8189,California
Humboldt,2021-01-23,929,10726,283,5872,646,4854,0,0,920,7559,9,1551,921,9110,California
Humboldt,2021-01-24,228,10954,1,5873,227,5081,0,0,227,7785,1,1552,227,9337,California
Humboldt,2021-01-25,352,11306,235,6108,117,5198,0,0,154,7741,198,1750,154,9491,California
Humboldt,2021-01-26,543,11849,149,6257,394,5592,0,0,479,8156,64,1814,479,9970,California
Humboldt,2021-01-27,1273,13122,585,6842,688,6280,0,0,1199,9290,67,1881,1201,11171,California
Humboldt,2021-01-28,1465,14587,637,7479,828,7108,0,0,1322,10474,140,2021,1324,12495,California
Humboldt,2021-01-29,1164,15751,547,8026,617,7725,0,0,695,10700,469,2490,695,13190,California
Humboldt,2021-01-30,1029,16780,470,8496,559,8284,0,0,984,11640,45,2535,985,14175,California
Humboldt,2021-01-31,319,17099,317,8813,2,8286,0,0,318,11957,1,2536,318,14493,California
Humboldt,2021-02-01,319,17418,175,8988,144,8430,0,0,183,12004,136,2672,183,14676,California
Humboldt,2021-02-02,454,17872,79,9067,375,8805,0,0,349,12253,102,2774,351,15027,California
Humboldt,2021-02-03,675,18547,265,9332,410,9215,0,0,519,12616,156,2930,519,15546,California
Humboldt,2021-02-04,652,19199,260,9592,392,9607,0,0,444,12855,205,3135,444,15990,California
Humboldt,2021-02-05,830,20029,108,9700,722,10329,0,0,626,13278,203,3338,626,16616,California
Humboldt,2021-02-06,1083,21112,469,10169,614,10943,0,0,1033,14263,49,3387,1034,17650,California
Humboldt,2021-02-07,379,21491,8,10177,371,11314,0,0,374,14634,4,3391,375,18025,California
Humboldt,2021-02-08,339,21830,147,10324,192,11506,0,0,180,14656,158,3549,180,18205,California
Humboldt,2021-02-09,504,22334,229,10553,275,11781,0,0,177,14506,327,3876,177,18382,California
Humboldt,2021-02-10,565,22899,370,10923,195,11976,0,0,206,14358,354,4230,206,18588,California
Humboldt,2021-02-11,1324,24223,398,11321,926,12902,0,0,491,14022,829,5059,493,19081,California
Humboldt,2021-02-12,1172,25395,748,12069,424,13326,0,0,713,14277,458,5517,713,19794,California
Humboldt,2021-02-13,1550,26945,601,12670,949,14275,0,0,923,14576,625,6142,924,20718,California
Humboldt,2021-02-14,114,27059,5,12675,109,14384,0,0,110,14683,3,6145,110,20828,California
Humboldt,2021-02-15,294,27353,81,12756,213,14597,0,0,193,14776,100,6245,193,21021,California
Humboldt,2021-02-16,555,27908,124,12880,431,15028,0,0,253,14730,301,6546,255,21276,California
Humboldt,2021-02-17,454,28362,282,13162,172,15200,0,0,133,14543,320,6866,133,21409,California
Humboldt,2021-02-18,1029,29391,605,13767,424,15624,0,0,276,14069,750,7616,276,21685,California
Humboldt,2021-02-19,489,29880,441,14208,48,15672,0,0,92,13768,393,8009,92,21777,California
Humboldt,2021-02-20,1752,31632,1033,15241,719,16391,0,0,483,12988,1266,9275,486,22263,California
Humboldt,2021-02-21,496,32128,488,15729,8,16399,0,0,185,12863,311,9586,186,22449,California
Humboldt,2021-02-22,142,32270,96,15825,46,16445,0,0,29,12781,111,9697,29,22478,California
Humboldt,2021-02-23,186,32456,72,15897,114,16559,0,0,46,12689,138,9835,46,22524,California
Humboldt,2021-02-24,1267,33723,764,16661,503,17062,0,0,602,12628,663,10498,602,23126,California
Humboldt,2021-02-25,855,34578,321,16982,534,17596,0,0,234,12244,618,11116,234,23360,California
Humboldt,2021-02-26,2150,36728,107,17089,2043,19639,0,0,438,10977,1706,12822,439,23799,California
Humboldt,2021-02-27,1769,38497,1141,18230,628,20267,0,0,905,11024,862,13684,909,24708,California
Humboldt,2021-02-28,126,38623,11,18241,115,20382,0,0,118,11135,7,13691,118,24826,California
Humboldt,2021-03-01,261,38884,46,18287,215,20597,0,0,186,11247,74,13765,186,25012,California
Humboldt,2021-03-02,305,39189,51,18338,254,20851,0,0,166,11274,139,13904,166,25178,California
Humboldt,2021-03-03,1678,40867,1109,19447,569,21420,0,0,1226,12056,445,14349,1227,26405,California
Humboldt,2021-03-04,926,41793,114,19561,812,22232,0,0,300,11732,626,14975,302,26707,California
Humboldt,2021-03-05,948,42741,190,19751,747,22979,11,11,389,11576,556,15531,400,27107,California
Humboldt,2021-03-06,1810,44551,948,20699,813,23792,49,60,797,11410,1012,16543,846,27953,California
Humboldt,2021-03-07,369,44920,296,20995,54,23846,19,79,158,11376,211,16754,177,28130,California
Humboldt,2021-03-08,275,45195,6,21001,191,24037,78,157,180,11540,94,16848,258,28388,California
Humboldt,2021-03-09,501,45696,206,21207,147,24184,148,305,245,11678,254,17102,392,28780,California
Humboldt,2021-03-10,700,46396,473,21680,72,24256,155,460,426,11984,273,17375,579,29359,California
Humboldt,2021-03-11,1488,47884,459,22139,929,25185,100,560,656,11912,827,18202,755,30114,California
Humboldt,2021-03-12,1754,49638,1086,23225,445,25630,223,783,1055,12502,691,18893,1281,31395,California
Humboldt,2021-03-13,1599,51237,1052,24277,496,26126,51,834,682,12323,911,19804,732,32127,California
Humboldt,2021-03-14,143,51380,19,24296,116,26242,8,842,29,12246,114,19918,37,32164,California
Humboldt,2021-03-15,280,51660,52,24348,206,26448,22,864,61,12108,219,20137,81,32245,California
Humboldt,2021-03-16,639,52299,201,24549,176,26624,262,1126,262,12254,376,20513,522,32767,California
Humboldt,2021-03-17,732,53031,395,24944,229,26853,108,1234,340,12311,391,20904,448,33215,California
Humboldt,2021-03-18,1741,54772,1167,26111,531,27384,43,1277,1025,12669,710,21614,1068,34283,California
Humboldt,2021-03-19,1076,55848,61,26172,700,28084,315,1592,441,12791,633,22247,755,35038,California
Humboldt,2021-03-20,1412,57260,784,26956,614,28698,14,1606,394,12184,1016,23263,409,35447,California
Humboldt,2021-03-21,252,57512,34,26990,189,28887,29,1635,204,12368,48,23311,232,35679,California
Humboldt,2021-03-22,118,57630,14,27004,54,28941,50,1685,62,12426,54,23365,112,35791,California
Humboldt,2021-03-23,413,58043,41,27045,329,29270,43,1728,319,12695,93,23458,362,36153,California
Humboldt,2021-03-24,1414,59457,390,27435,977,30247,47,1775,1035,13405,371,23829,1081,37234,California
Humboldt,2021-03-25,1842,61299,1214,28649,564,30811,64,1839,943,13514,897,24726,1006,38240,California
Humboldt,2021-03-26,2043,63342,441,29090,1545,32356,57,1896,1595,14723,442,25168,1651,39891,California
Humboldt,2021-03-27,2098,65440,1499,30589,425,32781,174,2070,1119,15041,975,26143,1293,41184,California
Humboldt,2021-03-28,268,65708,82,30671,114,32895,72,2142,81,15009,186,26329,154,41338,California
Humboldt,2021-03-29,467,66175,124,30795,247,33142,96,2238,198,15034,268,26597,293,41631,California
Humboldt,2021-03-30,946,67121,303,31098,529,33671,114,2352,561,15328,380,26977,674,42305,California
Humboldt,2021-03-31,1870,68991,523,31621,1249,34920,98,2450,1412,16385,454,27431,1511,43816,California
Humboldt,2021-04-01,2121,71112,710,32331,1318,36238,93,2543,1482,17329,631,28062,1575,45391,California
Humboldt,2021-04-02,1728,72840,1113,33444,508,36746,107,2650,619,16952,1103,29165,726,46117,California
Humboldt,2021-04-03,1672,74512,1512,34956,145,36891,15,2665,665,16635,997,30162,680,46797,California
Humboldt,2021-04-04,484,74996,372,35328,103,36994,9,2674,402,16965,81,30243,411,47208,California
Humboldt,2021-04-05,780,75776,465,35793,267,37261,48,2722,444,17124,333,30576,492,47700,California
Humboldt,2021-04-06,848,76624,319,36112,394,37655,135,2857,589,17593,253,30829,722,48422,California
Humboldt,2021-04-07,1501,78125,1067,37179,292,37947,142,2999,994,18225,504,31333,1136,49558,California
Humboldt,2021-04-08,1761,79886,1096,38275,506,38453,159,3158,744,18113,1015,32348,903,50461,California
Humboldt,2021-04-09,1446,81332,441,38716,850,39303,155,3313,1155,19126,290,32638,1303,51764,California
Humboldt,2021-04-10,944,82276,139,38855,630,39933,175,3488,743,19843,199,32837,916,52680,California
Humboldt,2021-04-11,646,82922,138,38993,36,39969,472,3960,128,19923,518,33355,598,53278,California
Humboldt,2021-04-12,443,83365,230,39223,86,40055,127,4087,282,20172,160,33515,409,53687,California
Humboldt,2021-04-13,593,83958,324,39547,264,40319,5,4092,557,20699,34,33549,561,54248,California
Humboldt,2021-04-14,1451,85409,1048,40595,403,40722,0,4092,1333,21915,117,33666,1333,55581,California
Humboldt,2021-04-15,1834,87243,1203,41798,627,41349,4,4096,1260,22622,555,34221,1262,56843,California
Humboldt,2021-04-16,1139,88382,522,42320,617,41966,0,4096,554,22594,582,34803,554,57397,California
Humboldt,2021-04-17,1858,90240,1535,43855,323,42289,0,4096,1048,22838,804,35607,1048,58445,California
Humboldt,2021-04-18,670,90910,354,44209,315,42604,1,4097,85,22344,579,36186,85,58530,California
Humboldt,2021-04-19,208,91118,86,44295,122,42726,0,4097,92,22322,114,36300,92,58622,California
Humboldt,2021-04-20,511,91629,140,44435,371,43097,0,4097,255,22322,255,36555,255,58877,California
Humboldt,2021-04-21,1124,92753,391,44826,733,43830,0,4097,457,22122,658,37213,458,59335,California
Humboldt,2021-04-22,900,93653,538,45364,361,44191,1,4098,457,22139,440,37653,457,59792,California
Humboldt,2021-04-23,2195,95848,312,45676,1883,46074,0,4098,338,20624,1853,39506,338,60130,California
Humboldt,2021-04-24,1105,96953,886,46562,214,46288,5,4103,361,20249,741,40247,366,60496,California
Humboldt,2021-04-25,376,97329,240,46802,136,46424,0,4103,193,20261,181,40428,193,60689,California
Humboldt,2021-04-26,390,97719,271,47073,115,46539,4,4107,110,20095,278,40706,112,60801,California
Humboldt,2021-04-27,777,98496,278,47351,470,47009,29,4136,154,19657,621,41327,183,60984,California
Humboldt,2021-04-28,1604,100100,844,48195,715,47724,45,4181,419,18939,1182,42509,464,61448,California
Humboldt,2021-04-29,1789,101889,635,48830,1116,48840,38,4219,299,17791,1485,43994,337,61785,California
Humboldt,2021-04-30,1306,103195,437,49267,834,49674,35,4254,206,16937,1093,45087,239,62024,California
Humboldt,2021-05-01,485,103680,387,49654,75,49749,23,4277,300,17076,184,45271,323,62347,California
Humboldt,2021-05-02,232,103912,186,49840,37,49786,9,4286,117,17088,114,45385,126,62473,California
Humboldt,2021-05-03,618,104530,375,50215,219,50005,24,4310,102,16701,514,45899,127,62600,California
Humboldt,2021-05-04,869,105399,522,50737,302,50307,45,4355,261,16401,605,46504,305,62905,California
Humboldt,2021-05-05,1742,107141,1117,51854,567,50874,58,4413,185,15094,1548,48052,241,63146,California
Humboldt,2021-05-06,1694,108835,1075,52929,367,51241,252,4665,141,13937,1550,49602,393,63539,California
Humboldt,2021-05-07,1437,110272,316,53245,1061,52302,60,4725,238,13037,1196,50798,296,63835,California
Humboldt,2021-05-08,743,111015,147,53392,573,52875,23,4748,90,12499,651,51449,113,63948,California
Humboldt,2021-05-09,906,111921,854,54246,42,52917,10,4758,47,11697,859,52308,57,64005,California
Humboldt,2021-05-10,218,112139,37,54283,142,53059,39,4797,82,11682,136,52444,121,64126,California
Humboldt,2021-05-11,535,112674,184,54467,278,53337,73,4870,204,11629,330,52774,277,64403,California
Humboldt,2021-05-12,622,113296,143,54610,433,53770,46,4916,227,11507,394,53168,272,64675,California
Humboldt,2021-05-13,631,113927,302,54912,302,54072,27,4943,288,11481,341,53509,315,64990,California
Humboldt,2021-05-14,711,114638,142,55054,465,54537,104,5047,233,11342,475,53984,336,65326,California
Humboldt,2021-05-15,787,115425,643,55697,135,54672,9,5056,212,10989,574,54558,221,65547,California
Humboldt,2021-05-16,122,115547,54,55751,64,54736,4,5060,68,11007,54,54612,72,65619,California
Humboldt,2021-05-17,411,115958,216,55967,172,54908,23,5083,225,11070,184,54796,247,65866,California
Humboldt,2021-05-18,664,116622,326,56293,309,55217,29,5112,361,11156,303,55099,389,66255,California
Humboldt,2021-05-19,987,117609,548,56841,396,55613,43,5155,339,10892,644,55743,380,66635,California
Humboldt,2021-05-20,828,118437,607,57448,208,55821,13,5168,593,11267,232,55975,607,67242,California
Humboldt,2021-05-21,878,119315,291,57739,526,56347,61,5229,351,11152,527,56502,412,67654,California
Humboldt,2021-05-22,415,119730,321,58060,86,56433,8,5237,147,11041,266,56768,155,67809,California
Humboldt,2021-05-23,395,120125,325,58385,67,56500,3,5240,76,10801,319,57087,79,67888,California
Humboldt,2021-05-24,337,120462,174,58559,134,56634,29,5269,182,10858,154,57241,211,68099,California
Humboldt,2021-05-25,530,120992,338,58897,168,56802,24,5293,288,10931,239,57480,312,68411,California
Humboldt,2021-05-26,648,121640,310,59207,314,57116,24,5317,308,10924,339,57819,332,68743,California
Humboldt,2021-05-27,465,122105,247,59454,181,57297,37,5354,276,11048,189,58008,313,69056,California
Humboldt,2021-05-28,410,122515,192,59646,171,57468,47,5401,168,11024,239,58247,215,69271,California
Humboldt,2021-05-29,172,122687,103,59749,66,57534,3,5404,91,11037,81,58328,94,69365,California
Humboldt,2021-05-30,106,122793,45,59794,56,57590,5,5409,51,11039,54,58382,56,69421,California
Humboldt,2021-05-31,72,122865,27,59821,39,57629,6,5415,48,11069,23,58405,53,69474,California
Humboldt,2021-06-01,462,123327,266,60087,181,57810,15,5430,186,10994,276,58681,201,69675,California
Humboldt,2021-06-02,533,123860,249,60336,230,58040,54,5484,237,10993,290,58971,289,69964,California
Humboldt,2021-06-03,391,124251,226,60562,143,58183,22,5506,85,10822,278,59249,107,70071,California
Humboldt,2021-06-04,510,124761,318,60880,168,58351,24,5530,136,10651,330,59579,159,70230,California
Humboldt,2021-06-05,407,125168,312,61192,50,58401,45,5575,204,10752,148,59727,249,70479,California
Humboldt,2021-06-06,171,125339,119,61311,43,58444,9,5584,70,10735,96,59823,79,70558,California
Humboldt,2021-06-07,360,125699,217,61528,119,58563,24,5608,111,10622,248,60071,135,70693,California
Humboldt,2021-06-08,520,126219,302,61830,189,58752,29,5637,150,10432,368,60439,178,70871,California
Humboldt,2021-06-09,397,126616,204,62034,146,58898,47,5684,125,10334,270,60709,172,71043,California
Humboldt,2021-06-10,565,127181,447,62481,91,58989,27,5711,95,9988,466,61175,120,71163,California
Humboldt,2021-06-11,436,127617,244,62725,164,59153,28,5739,98,9777,337,61512,126,71289,California
Humboldt,2021-06-12,178,127795,131,62856,47,59200,0,5739,48,9696,129,61641,48,71337,California
Humboldt,2021-06-13,215,128010,147,63003,43,59243,25,5764,93,9693,120,61761,117,71454,California
Humboldt,2021-06-14,418,128428,253,63256,138,59381,27,5791,114,9531,303,62064,141,71595,California
Humboldt,2021-06-15,546,128974,371,63627,147,59528,28,5819,155,9328,385,62449,182,71777,California
Humboldt,2021-06-16,486,129460,325,63952,114,59642,47,5866,142,9182,335,62784,189,71966,California
Humboldt,2021-06-17,397,129857,260,64212,91,59733,46,5912,98,9027,299,63083,144,72110,California
Humboldt,2021-06-18,399,130256,230,64442,140,59873,29,5941,131,8924,262,63345,159,72269,California
Humboldt,2021-06-19,202,130458,136,64578,45,59918,21,5962,87,8917,114,63459,107,72376,California
Humboldt,2021-06-20,80,130538,36,64614,30,59948,14,5976,33,8919,45,63504,47,72423,California
Humboldt,2021-06-21,152,130690,71,64685,54,60002,27,6003,52,8898,100,63604,79,72502,California
Humboldt,2021-06-22,349,131039,220,64905,110,60112,19,6022,144,8857,204,63808,163,72665,California
Humboldt,2021-06-23,353,131392,248,65153,74,60186,31,6053,106,8752,240,64048,135,72800,California
Humboldt,2021-06-24,210,131602,106,65259,49,60235,55,6108,88,8775,118,64166,141,72941,California
Humboldt,2021-06-25,255,131857,144,65403,96,60331,15,6123,104,8746,148,64314,119,73060,California
Humboldt,2021-06-26,251,132108,190,65593,38,60369,23,6146,64,8646,187,64501,87,73147,California
Humboldt,2021-06-27,73,132181,50,65643,21,60390,2,6148,26,8627,47,64548,28,73175,California
Humboldt,2021-06-28,156,132337,100,65743,28,60418,28,6176,69,8637,87,64635,97,73272,California
Humboldt,2021-06-29,262,132599,156,65899,73,60491,33,6209,87,8583,173,64808,119,73391,California
Humboldt,2021-06-30,223,132822,146,66045,57,60548,20,6229,93,8568,128,64936,113,73504,California
Humboldt,2021-07-01,189,133011,112,66157,59,60607,18,6247,83,8564,104,65040,100,73604,California
Humboldt,2021-07-02,264,133275,140,66297,84,60691,40,6287,106,8554,156,65196,146,73750,California
Humboldt,2021-07-03,91,133366,62,66359,19,60710,10,6297,40,8554,50,65246,50,73800,California
Humboldt,2021-07-04,9,133375,4,66363,5,60715,0,6297,5,8555,4,65250,5,73805,California
Humboldt,2021-07-05,144,133519,98,66461,34,60749,12,6309,63,8550,80,65330,75,73880,California
Humboldt,2021-07-06,177,133696,114,66575,49,60798,14,6323,41,8469,135,65465,54,73934,California
Imperial,2020-12-16,1,1,1,1,0,0,0,0,1,1,0,0,1,1,California
Imperial,2020-12-17,4,5,4,5,0,0,0,0,4,5,0,0,4,5,California
Imperial,2020-12-18,13,18,13,18,0,0,0,0,13,18,0,0,13,18,California
Imperial,2020-12-20,3,21,3,21,0,0,0,0,3,21,0,0,3,21,California
Imperial,2020-12-21,184,205,184,205,0,0,0,0,184,205,0,0,184,205,California
Imperial,2020-12-22,240,445,238,443,2,2,0,0,240,445,0,0,240,445,California
Imperial,2020-12-23,211,656,210,653,1,3,0,0,211,656,0,0,211,656,California
Imperial,2020-12-24,7,663,7,660,0,3,0,0,7,663,0,0,7,663,California
Imperial,2020-12-26,3,666,1,661,2,5,0,0,3,666,0,0,3,666,California
Imperial,2020-12-27,62,728,0,661,62,67,0,0,62,728,0,0,62,728,California
Imperial,2020-12-28,216,944,115,776,101,168,0,0,216,944,0,0,216,944,California
Imperial,2020-12-29,190,1134,37,813,153,321,0,0,190,1134,0,0,190,1134,California
Imperial,2020-12-30,367,1501,51,864,316,637,0,0,367,1501,0,0,367,1501,California
Imperial,2020-12-31,199,1700,28,892,171,808,0,0,199,1700,0,0,199,1700,California
Imperial,2021-01-01,47,1747,5,897,42,850,0,0,47,1747,0,0,47,1747,California
Imperial,2021-01-02,5,1752,0,897,5,855,0,0,5,1752,0,0,5,1752,California
Imperial,2021-01-03,90,1842,0,897,90,945,0,0,90,1842,0,0,90,1842,California
Imperial,2021-01-04,87,1929,7,904,80,1025,0,0,87,1929,0,0,87,1929,California
Imperial,2021-01-05,174,2103,14,918,160,1185,0,0,174,2103,0,0,174,2103,California
Imperial,2021-01-06,192,2295,26,944,166,1351,0,0,191,2293,1,1,191,2294,California
Imperial,2021-01-07,330,2625,12,956,318,1669,0,0,325,2613,5,6,325,2619,California
Imperial,2021-01-08,195,2820,51,1007,144,1813,0,0,186,2790,9,15,186,2805,California
Imperial,2021-01-09,24,2844,21,1028,3,1816,0,0,24,2814,0,15,24,2829,California
Imperial,2021-01-10,4,2848,1,1029,3,1819,0,0,3,2816,1,16,3,2832,California
Imperial,2021-01-11,403,3251,243,1272,160,1979,0,0,176,2765,227,243,176,3008,California
Imperial,2021-01-12,576,3827,468,1740,108,2087,0,0,314,2818,261,504,314,3322,California
Imperial,2021-01-13,386,4213,135,1875,251,2338,0,0,284,3000,102,606,284,3606,California
Imperial,2021-01-14,307,4520,190,2065,117,2455,0,0,301,3296,5,611,301,3907,California
Imperial,2021-01-15,247,4767,182,2247,65,2520,0,0,239,3527,8,619,239,4146,California
Imperial,2021-01-16,94,4861,74,2321,20,2540,0,0,93,3619,1,620,93,4239,California
Imperial,2021-01-17,18,4879,5,2326,13,2553,0,0,17,3635,1,621,17,4256,California
Imperial,2021-01-18,1073,5952,401,2727,672,3225,0,0,975,4513,98,719,976,5232,California
Imperial,2021-01-19,173,6125,130,2857,43,3268,0,0,126,4592,47,766,126,5358,California
Imperial,2021-01-20,301,6426,199,3056,102,3370,0,0,262,4815,39,805,262,5620,California
Imperial,2021-01-21,436,6862,185,3241,251,3621,0,0,414,5207,22,827,414,6034,California
Imperial,2021-01-22,476,7338,188,3429,288,3909,0,0,467,5665,9,836,467,6501,California
Imperial,2021-01-23,1063,8401,291,3720,772,4681,0,0,1061,6724,2,838,1061,7562,California
Imperial,2021-01-24,24,8425,2,3722,22,4703,0,0,24,6748,0,838,24,7586,California
Imperial,2021-01-25,224,8649,10,3732,214,4917,0,0,41,6608,181,1019,41,7627,California
Imperial,2021-01-26,376,9025,181,3913,195,5112,0,0,232,6698,143,1162,233,7860,California
Imperial,2021-01-27,588,9613,163,4076,425,5537,0,0,254,6618,334,1496,254,8114,California
Imperial,2021-01-28,654,10267,165,4241,489,6026,0,0,544,7052,110,1606,544,8658,California
Imperial,2021-01-29,446,10713,298,4539,148,6174,0,0,396,7398,50,1656,396,9054,California
Imperial,2021-01-30,81,10794,39,4578,42,6216,0,0,64,7445,17,1673,64,9118,California
Imperial,2021-01-31,27,10821,4,4582,23,6239,0,0,26,7470,1,1674,26,9144,California
Imperial,2021-02-01,466,11287,68,4650,398,6637,0,0,253,7512,211,1885,253,9397,California
Imperial,2021-02-02,764,12051,83,4733,681,7318,0,0,580,7908,184,2069,580,9977,California
Imperial,2021-02-03,624,12675,181,4914,443,7761,0,0,361,8008,261,2330,361,10338,California
Imperial,2021-02-04,1937,14612,1379,6293,558,8319,0,0,1497,9066,439,2769,1497,11835,California
Imperial,2021-02-05,456,15068,255,6548,201,8520,0,0,219,9049,238,3007,221,12056,California
Imperial,2021-02-06,889,15957,849,7397,40,8560,0,0,853,9864,38,3045,853,12909,California
Imperial,2021-02-07,48,16005,16,7413,32,8592,0,0,44,9904,4,3049,44,12953,California
Imperial,2021-02-08,275,16280,45,7458,230,8822,0,0,206,10041,69,3118,206,13159,California
Imperial,2021-02-09,491,16771,154,7612,337,9159,0,0,323,10199,168,3286,326,13485,California
Imperial,2021-02-10,480,17251,60,7672,420,9579,0,0,111,9944,369,3655,114,13599,California
Imperial,2021-02-11,1083,18334,387,8059,696,10275,0,0,180,9229,898,4553,183,13782,California
Imperial,2021-02-12,2183,20517,1439,9498,744,11019,0,0,1827,10703,359,4912,1833,15615,California
Imperial,2021-02-13,110,20627,57,9555,53,11072,0,0,92,10776,21,4933,94,15709,California
Imperial,2021-02-14,50,20677,34,9589,16,11088,0,0,47,10820,3,4936,47,15756,California
Imperial,2021-02-15,145,20822,37,9626,108,11196,0,0,127,10932,18,4954,130,15886,California
Imperial,2021-02-16,522,21344,264,9890,258,11454,0,0,304,11022,218,5172,308,16194,California
Imperial,2021-02-17,460,21804,303,10193,157,11611,0,0,104,10775,356,5528,109,16303,California
Imperial,2021-02-18,681,22485,328,10521,353,11964,0,0,160,10425,520,6048,170,16473,California
Imperial,2021-02-19,792,23277,400,10921,392,12356,0,0,207,10050,584,6632,209,16682,California
Imperial,2021-02-20,1062,24339,208,11129,854,13210,0,0,337,9674,723,7355,347,17029,California
Imperial,2021-02-21,617,24956,583,11712,34,13244,0,0,609,10279,7,7362,612,17641,California
Imperial,2021-02-22,852,25808,603,12315,249,13493,0,0,786,11005,65,7427,791,18432,California
Imperial,2021-02-23,1143,26951,536,12851,607,14100,0,0,970,11816,172,7599,983,19415,California
Imperial,2021-02-24,836,27787,396,13247,440,14540,0,0,710,12416,124,7723,724,20139,California
Imperial,2021-02-25,956,28743,421,13668,535,15075,0,0,539,12561,417,8140,562,20701,California
Imperial,2021-02-26,2369,31112,1409,15077,960,16035,0,0,1856,13927,512,8652,1878,22579,California
Imperial,2021-02-27,1011,32123,924,16001,87,16122,0,0,252,13439,760,9412,272,22851,California
Imperial,2021-02-28,109,32232,90,16091,19,16141,0,0,88,13517,21,9433,99,22950,California
Imperial,2021-03-01,587,32819,358,16449,226,16367,3,3,500,13948,83,9516,514,23464,California
Imperial,2021-03-02,779,33598,301,16750,477,16844,1,4,438,14061,339,9855,452,23916,California
Imperial,2021-03-03,1001,34599,96,16846,905,17749,0,4,606,14304,391,10246,634,24550,California
Imperial,2021-03-04,839,35438,151,16997,687,18436,1,5,547,14611,290,10536,597,25147,California
Imperial,2021-03-05,3167,38605,2268,19265,899,19335,0,5,1782,15036,1389,11925,1814,26961,California
Imperial,2021-03-06,818,39423,330,19595,488,19823,0,5,722,15691,93,12018,748,27709,California
Imperial,2021-03-07,158,39581,103,19698,55,19878,0,5,105,15769,52,12070,130,27839,California
Imperial,2021-03-08,500,40081,387,20085,77,19955,36,41,407,16153,93,12163,477,28316,California
Imperial,2021-03-09,746,40827,353,20438,144,20099,249,290,447,16552,299,12462,698,29014,California
Imperial,2021-03-10,835,41662,366,20804,285,20384,184,474,369,16653,465,12927,566,29580,California
Imperial,2021-03-11,1944,43606,527,21331,1147,21531,270,744,1237,17481,703,13630,1531,31111,California
Imperial,2021-03-12,4970,48576,3490,24821,1215,22746,265,1009,3152,19107,1812,15442,3438,34549,California
Imperial,2021-03-13,1235,49811,117,24938,884,23630,234,1243,893,19920,339,15781,1152,35701,California
Imperial,2021-03-14,216,50027,60,24998,142,23772,14,1257,156,20047,59,15840,186,35887,California
Imperial,2021-03-15,781,50808,267,25265,219,23991,295,1552,417,20417,361,16201,731,36618,California
Imperial,2021-03-16,1262,52070,372,25637,380,24371,510,2062,605,20908,654,16855,1145,37763,California
Imperial,2021-03-17,1719,53789,741,26378,793,25164,185,2247,1053,21496,659,17514,1247,39010,California
Imperial,2021-03-18,1901,55690,1251,27629,565,25729,85,2332,1306,22302,590,18104,1396,40406,California
Imperial,2021-03-19,3884,59574,2824,30453,1036,26765,24,2356,1945,22342,1932,20036,1972,42378,California
Imperial,2021-03-20,1829,61403,584,31037,1227,27992,18,2374,1349,23243,472,20508,1373,43751,California
Imperial,2021-03-21,292,61695,104,31141,183,28175,5,2379,165,23294,127,20635,178,43929,California
Imperial,2021-03-22,1110,62805,400,31541,703,28878,7,2386,642,23488,466,21101,660,44589,California
Imperial,2021-03-23,1544,64349,556,32097,982,29860,6,2392,962,23883,578,21679,973,45562,California
Imperial,2021-03-24,2212,66561,637,32734,1149,31009,426,2818,1190,24485,1017,22696,1619,47181,California
Imperial,2021-03-25,3307,69868,798,33532,889,31898,1620,4438,1247,25290,2054,24750,2859,50040,California
Imperial,2021-03-26,3291,73159,1252,34784,1038,32936,1001,5439,945,24907,2334,27084,1951,51991,California
Imperial,2021-03-27,685,73844,327,35111,291,33227,67,5506,451,25197,230,27314,520,52511,California
Imperial,2021-03-28,247,74091,79,35190,161,33388,7,5513,182,25324,63,27377,190,52701,California
Imperial,2021-03-29,1599,75690,392,35582,407,33795,800,6313,330,25191,1264,28641,1131,53832,California
Imperial,2021-03-30,2207,77897,726,36308,598,34393,883,7196,689,25245,1515,30156,1569,55401,California
Imperial,2021-03-31,1635,79532,768,37076,812,35205,55,7251,1022,25711,610,30766,1076,56477,California
Imperial,2021-04-01,2192,81724,467,37543,1400,36605,325,7576,887,25627,1296,32062,1212,57689,California
Imperial,2021-04-02,2251,83975,515,38058,1601,38206,135,7711,1446,26411,797,32859,1581,59270,California
Imperial,2021-04-03,1566,85541,460,38518,1018,39224,88,7799,714,26366,849,33708,804,60074,California
Imperial,2021-04-04,111,85652,67,38585,27,39251,17,7816,33,26339,78,33786,51,60125,California
Imperial,2021-04-05,3497,89149,2348,40933,925,40176,224,8040,812,24707,2674,36460,1042,61167,California
Imperial,2021-04-06,1435,90584,572,41505,602,40778,261,8301,696,24933,734,37194,960,62127,California
Imperial,2021-04-07,2283,92867,613,42118,1235,42013,435,8736,1578,26233,708,37902,2008,64135,California
Imperial,2021-04-08,2318,95185,1121,43239,843,42856,354,9090,1082,26436,1231,39133,1434,65569,California
Imperial,2021-04-09,3568,98753,1712,44951,1061,43917,795,9885,1576,26820,1982,41115,2366,67935,California
Imperial,2021-04-10,1399,100152,227,45178,849,44766,323,10208,245,26235,1150,42265,565,68500,California
Imperial,2021-04-11,253,100405,62,45240,158,44924,33,10241,84,26185,169,42434,119,68619,California
Imperial,2021-04-12,1486,101891,808,46048,457,45381,221,10462,830,26589,648,43082,1052,69671,California
Imperial,2021-04-13,2961,104852,1919,47967,1040,46421,2,10464,2033,27704,923,44005,2038,71709,California
Imperial,2021-04-14,2078,106930,983,48950,1095,47516,0,10464,1396,28429,676,44681,1401,73110,California
Imperial,2021-04-15,2043,108973,958,49908,1085,48601,0,10464,1369,29135,669,45350,1375,74485,California
Imperial,2021-04-16,3561,112534,1823,51731,1738,50339,0,10464,2227,30046,1319,46669,2230,76715,California
Imperial,2021-04-17,1887,114421,957,52688,928,51267,2,10466,1458,31083,424,47093,1461,78176,California
Imperial,2021-04-18,274,114695,85,52773,189,51456,0,10466,92,30998,180,47273,95,78271,California
Imperial,2021-04-19,852,115547,270,53043,582,52038,0,10466,421,30996,428,47701,426,78697,California
Imperial,2021-04-20,1392,116939,554,53597,838,52876,0,10466,777,31163,613,48314,780,79477,California
Imperial,2021-04-21,1477,118416,380,53977,1096,53972,1,10467,844,31381,626,48940,844,80321,California
Imperial,2021-04-22,2509,120925,831,54808,1678,55650,0,10467,1747,32384,746,49686,1749,82070,California
Imperial,2021-04-23,2871,123796,551,55359,2320,57970,0,10467,1110,31769,1729,51415,1114,83184,California
Imperial,2021-04-24,592,124388,326,55685,266,58236,0,10467,234,31648,355,51770,234,83418,California
Imperial,2021-04-25,274,124662,104,55789,170,58406,0,10467,132,31641,139,51909,132,83550,California
Imperial,2021-04-26,1239,125901,483,56272,751,59157,5,10472,710,31834,522,52431,715,84265,California
Imperial,2021-04-27,1164,127065,371,56643,782,59939,11,10483,590,31868,568,52999,602,84867,California
Imperial,2021-04-28,1540,128605,651,57294,856,60795,33,10516,708,31784,825,53824,741,85608,California
Imperial,2021-04-29,1886,130491,866,58160,972,61767,48,10564,849,31658,1025,54849,899,86507,California
Imperial,2021-04-30,3330,133821,1689,59849,1603,63370,38,10602,1613,31604,1705,56554,1651,88158,California
Imperial,2021-05-01,370,134191,129,59978,238,63608,3,10605,195,31631,173,56727,200,88358,California
Imperial,2021-05-02,92,134283,29,60007,56,63664,7,10612,41,31629,51,56778,49,88407,California
Imperial,2021-05-03,1645,135928,546,60553,1050,64714,49,10661,368,30781,1264,58042,416,88823,California
Imperial,2021-05-04,1818,137746,969,61522,822,65536,27,10688,591,30180,1219,59261,618,89441,California
Imperial,2021-05-05,1555,139301,911,62433,624,66160,20,10708,475,29608,1068,60329,496,89937,California
Imperial,2021-05-06,1746,141047,1140,63573,564,66724,42,10750,564,29040,1176,61505,608,90545,California
Imperial,2021-05-07,2646,143693,1454,65027,1135,67859,57,10807,899,28272,1727,63232,959,91504,California
Imperial,2021-05-08,817,144510,649,65676,159,68018,9,10816,211,27893,599,63831,220,91724,California
Imperial,2021-05-09,102,144612,70,65746,31,68049,1,10817,29,27853,70,63901,30,91754,California
Imperial,2021-05-10,1182,145794,303,66049,755,68804,124,10941,361,27523,813,64714,483,92237,California
Imperial,2021-05-11,1522,147316,476,66525,1025,69829,21,10962,535,27105,979,65693,561,92798,California
Imperial,2021-05-12,903,148219,282,66807,581,70410,40,11002,342,26930,556,66249,381,93179,California
Imperial,2021-05-13,1912,150131,1259,68066,581,70991,72,11074,862,26823,1039,67288,932,94111,California
Imperial,2021-05-14,1824,151955,973,69039,789,71780,62,11136,1186,27445,626,67914,1248,95359,California
Imperial,2021-05-15,1282,153237,482,69521,778,72558,22,11158,485,27162,791,68705,508,95867,California
Imperial,2021-05-16,128,153365,87,69608,37,72595,4,11162,54,27147,73,68778,58,95925,California
Imperial,2021-05-17,1982,155347,725,70333,1206,73801,51,11213,692,26607,1283,70061,743,96668,California
Imperial,2021-05-18,1783,157130,895,71228,812,74613,76,11289,968,26845,807,70868,1045,97713,California
Imperial,2021-05-19,1365,158495,623,71851,673,75286,69,11358,635,26827,721,71589,703,98416,California
Imperial,2021-05-20,1809,160304,1040,72891,692,75978,77,11435,764,26637,1031,72620,841,99257,California
Imperial,2021-05-21,1986,162290,1243,74134,679,76657,64,11499,998,26724,975,73595,1062,100319,California
Imperial,2021-05-22,358,162648,194,74328,140,76797,24,11523,172,26740,180,73775,196,100515,California
Imperial,2021-05-23,95,162743,35,74363,51,76848,9,11532,33,26722,60,73835,42,100557,California
Imperial,2021-05-24,1284,164027,629,74992,595,77443,60,11592,529,26562,748,74583,588,101145,California
Imperial,2021-05-25,1558,165585,488,75480,1022,78465,48,11640,564,26192,983,75566,613,101758,California
Imperial,2021-05-26,1133,166718,580,76060,495,78960,58,11698,504,26129,624,76190,561,102319,California
Imperial,2021-05-27,1409,168127,754,76814,582,79542,73,11771,695,26188,709,76899,768,103087,California
Imperial,2021-05-28,1126,169253,613,77427,421,79963,92,11863,417,26002,696,77595,510,103597,California
Imperial,2021-05-29,348,169601,152,77579,155,80118,41,11904,161,26017,187,77782,202,103799,California
Imperial,2021-05-30,99,169700,30,77609,67,80185,2,11906,68,26056,31,77813,70,103869,California
Imperial,2021-05-31,80,169780,20,77629,53,80238,7,11913,36,26055,44,77857,43,103912,California
Imperial,2021-06-01,1316,171096,575,78204,622,80860,119,12032,499,25865,809,78666,619,104531,California
Imperial,2021-06-02,1202,172298,623,78827,457,81317,122,12154,601,25994,592,79258,721,105252,California
Imperial,2021-06-03,1370,173668,761,79588,471,81788,138,12292,637,26043,726,79984,775,106027,California
Imperial,2021-06-04,2499,176167,1734,81322,606,82394,159,12451,1033,25783,1451,81435,1191,107218,California
Imperial,2021-06-05,460,176627,258,81580,144,82538,58,12509,214,25814,241,81676,272,107490,California
Imperial,2021-06-06,81,176708,47,81627,22,82560,12,12521,45,25835,36,81712,57,107547,California
Imperial,2021-06-07,1013,177721,663,82290,284,82844,66,12587,483,25857,527,82239,549,108096,California
Imperial,2021-06-08,1457,179178,1049,83339,322,83166,86,12673,581,25651,871,83110,665,108761,California
Imperial,2021-06-09,1132,180310,784,84123,272,83438,76,12749,512,25625,613,83723,587,109348,California
Imperial,2021-06-10,1221,181531,793,84916,354,83792,74,12823,459,25400,757,84480,532,109880,California
Imperial,2021-06-11,1712,183243,1201,86117,443,84235,68,12891,736,25242,962,85442,804,110684,California
Imperial,2021-06-12,309,183552,141,86258,137,84372,31,12922,138,25242,169,85611,169,110853,California
Imperial,2021-06-13,85,183637,23,86281,60,84432,2,12924,54,25269,30,85641,57,110910,California
Imperial,2021-06-14,868,184505,612,86893,212,84644,44,12968,371,25191,493,86134,415,111325,California
Imperial,2021-06-15,1085,185590,752,87645,285,84929,48,13016,488,25139,589,86723,537,111862,California
Imperial,2021-06-16,1021,186611,650,88295,301,85230,70,13086,483,25159,534,87257,554,112416,California
Imperial,2021-06-17,1107,187718,780,89075,267,85497,60,13146,482,25079,620,87877,540,112956,California
Imperial,2021-06-18,1176,188894,821,89896,285,85782,70,13216,715,25414,449,88326,784,113740,California
Imperial,2021-06-19,345,189239,213,90109,117,85899,15,13231,172,25429,172,88498,187,113927,California
Imperial,2021-06-20,63,189302,30,90139,29,85928,4,13235,24,25418,39,88537,28,113955,California
Imperial,2021-06-21,677,189979,412,90551,227,86155,38,13273,415,25618,255,88792,455,114410,California
Imperial,2021-06-22,1164,191143,803,91354,311,86466,50,13323,629,25771,527,89319,680,115090,California
Imperial,2021-06-23,1138,192281,777,92131,300,86766,61,13384,617,25937,511,89830,677,115767,California
Imperial,2021-06-24,1048,193329,710,92841,290,87056,48,13432,535,26012,508,90338,583,116350,California
Imperial,2021-06-25,1415,194744,1044,93885,290,87346,81,13513,600,25890,802,91140,680,117030,California
Imperial,2021-06-26,249,194993,153,94038,87,87433,9,13522,82,25816,165,91305,91,117121,California
Imperial,2021-06-27,123,195116,60,94098,58,87491,5,13527,51,25799,72,91377,55,117176,California
Imperial,2021-06-28,642,195758,463,94561,157,87648,22,13549,335,25853,302,91679,356,117532,California
Imperial,2021-06-29,820,196578,603,95164,173,87821,44,13593,382,25846,434,92113,427,117959,California
Imperial,2021-06-30,853,197431,549,95713,281,88102,23,13616,354,25731,494,92607,379,118338,California
Imperial,2021-07-01,779,198210,556,96269,207,88309,16,13632,374,25723,398,93005,390,118728,California
Imperial,2021-07-02,869,199079,593,96862,254,88563,22,13654,374,25629,490,93495,396,119124,California
Imperial,2021-07-03,212,199291,97,96959,110,88673,5,13659,88,25601,120,93615,92,119216,California
Imperial,2021-07-04,42,199333,14,96973,25,88698,3,13662,19,25600,23,93638,22,119238,California
Imperial,2021-07-05,195,199528,86,97059,103,88801,6,13668,76,25563,118,93756,81,119319,California
Imperial,2021-07-06,650,200178,472,97531,165,88966,13,13681,238,25407,407,94163,251,119570,California
Inyo,2020-12-19,85,85,85,85,0,0,0,0,85,85,0,0,85,85,California
Inyo,2020-12-20,58,143,58,143,0,0,0,0,58,143,0,0,58,143,California
Inyo,2020-12-21,88,231,85,228,3,3,0,0,88,231,0,0,88,231,California
Inyo,2020-12-22,105,336,105,333,0,3,0,0,105,336,0,0,105,336,California
Inyo,2020-12-23,70,406,67,400,3,6,0,0,70,406,0,0,70,406,California
Inyo,2020-12-24,15,421,15,415,0,6,0,0,15,421,0,0,15,421,California
Inyo,2020-12-25,1,422,0,415,1,7,0,0,1,422,0,0,1,422,California
Inyo,2020-12-26,74,496,74,489,0,7,0,0,74,496,0,0,74,496,California
Inyo,2020-12-28,48,544,36,525,12,19,0,0,48,544,0,0,48,544,California
Inyo,2020-12-29,19,563,19,544,0,19,0,0,19,563,0,0,19,563,California
Inyo,2020-12-30,56,619,54,598,2,21,0,0,56,619,0,0,56,619,California
Inyo,2020-12-31,29,648,0,598,29,50,0,0,29,648,0,0,29,648,California
Inyo,2021-01-01,1,649,0,598,1,51,0,0,1,649,0,0,1,649,California
Inyo,2021-01-03,1,650,0,598,1,52,0,0,1,650,0,0,1,650,California
Inyo,2021-01-04,4,654,1,599,3,55,0,0,4,654,0,0,4,654,California
Inyo,2021-01-05,34,688,0,599,34,89,0,0,34,688,0,0,34,688,California
Inyo,2021-01-06,68,756,0,599,68,157,0,0,68,756,0,0,68,756,California
Inyo,2021-01-07,31,787,1,600,30,187,0,0,31,787,0,0,31,787,California
Inyo,2021-01-08,9,796,8,608,1,188,0,0,4,787,5,5,5,792,California
Inyo,2021-01-09,87,883,86,694,1,189,0,0,1,702,86,91,1,793,California
Inyo,2021-01-10,52,935,52,746,0,189,0,0,0,650,52,143,0,793,California
Inyo,2021-01-11,97,1032,82,828,15,204,0,0,16,585,81,224,16,809,California
Inyo,2021-01-12,138,1170,117,945,21,225,0,0,28,503,110,334,28,837,California
Inyo,2021-01-13,86,1256,68,1013,18,243,0,0,21,460,65,399,22,859,California
Inyo,2021-01-14,59,1315,13,1026,46,289,0,0,49,499,10,409,49,908,California
Inyo,2021-01-15,163,1478,28,1054,135,424,0,0,163,662,0,409,163,1071,California
Inyo,2021-01-16,74,1552,73,1127,1,425,0,0,1,590,73,482,1,1072,California
Inyo,2021-01-18,58,1610,36,1163,22,447,0,0,19,570,39,521,19,1091,California
Inyo,2021-01-19,116,1726,74,1237,42,489,0,0,99,652,17,538,99,1190,California
Inyo,2021-01-20,148,1874,71,1308,77,566,0,0,93,690,55,593,93,1283,California
Inyo,2021-01-21,120,1994,57,1365,63,629,0,0,119,808,1,594,119,1402,California
Inyo,2021-01-22,63,2057,0,1365,63,692,0,0,61,867,2,596,61,1463,California
Inyo,2021-01-23,54,2111,52,1417,2,694,0,0,53,920,0,596,53,1516,California
Inyo,2021-01-25,49,2160,6,1423,43,737,0,0,37,945,12,608,37,1553,California
Inyo,2021-01-26,136,2296,55,1478,81,818,0,0,130,1069,6,614,130,1683,California
Inyo,2021-01-27,24,2320,2,1480,22,840,0,0,23,1091,1,615,23,1706,California
Inyo,2021-01-28,92,2412,2,1482,90,930,0,0,63,1125,29,644,63,1769,California
Inyo,2021-01-29,25,2437,3,1485,22,952,0,0,23,1146,2,646,23,1792,California
Inyo,2021-01-30,11,2448,1,1486,10,962,0,0,11,1157,0,646,11,1803,California
Inyo,2021-01-31,32,2480,4,1490,28,990,0,0,4,1133,28,674,4,1807,California
Inyo,2021-02-01,11,2491,10,1500,1,991,0,0,1,1124,10,684,1,1808,California
Inyo,2021-02-02,130,2621,14,1514,116,1107,0,0,104,1202,26,710,104,1912,California
Inyo,2021-02-03,118,2739,0,1514,118,1225,0,0,74,1232,44,754,74,1986,California
Inyo,2021-02-04,152,2891,34,1548,118,1343,0,0,91,1263,61,815,92,2078,California
Inyo,2021-02-05,118,3009,62,1610,56,1399,0,0,116,1377,2,817,116,2194,California
Inyo,2021-02-06,5,3014,3,1613,2,1401,0,0,3,1379,1,818,3,2197,California
Inyo,2021-02-07,4,3018,2,1615,2,1403,0,0,4,1383,0,818,4,2201,California
Inyo,2021-02-08,117,3135,7,1622,110,1513,0,0,97,1460,20,838,97,2298,California
Inyo,2021-02-09,201,3336,52,1674,149,1662,0,0,128,1515,73,911,128,2426,California
Inyo,2021-02-10,140,3476,16,1690,124,1786,0,0,107,1589,33,944,107,2533,California
Inyo,2021-02-11,222,3698,57,1747,165,1951,0,0,126,1619,96,1040,126,2659,California
Inyo,2021-02-12,303,4001,52,1799,251,2202,0,0,168,1653,134,1174,168,2827,California
Inyo,2021-02-13,59,4060,54,1853,5,2207,0,0,7,1608,52,1226,7,2834,California
Inyo,2021-02-14,2,4062,0,1853,2,2209,0,0,2,1610,0,1226,2,2836,California
Inyo,2021-02-15,29,4091,9,1862,20,2229,0,0,5,1591,24,1250,5,2841,California
Inyo,2021-02-16,184,4275,54,1916,130,2359,0,0,92,1594,89,1339,92,2933,California
Inyo,2021-02-17,38,4313,4,1920,34,2393,0,0,8,1572,30,1369,8,2941,California
Inyo,2021-02-18,122,4435,6,1926,116,2509,0,0,79,1608,43,1412,79,3020,California
Inyo,2021-02-19,53,4488,4,1930,49,2558,0,0,10,1575,43,1455,10,3030,California
Inyo,2021-02-20,513,5001,507,2437,6,2564,0,0,509,2081,3,1458,509,3539,California
Inyo,2021-02-21,446,5447,446,2883,0,2564,0,0,445,2526,0,1458,445,3984,California
Inyo,2021-02-22,62,5509,19,2902,43,2607,0,0,27,2518,35,1493,27,4011,California
Inyo,2021-02-23,203,5712,19,2921,184,2791,0,0,94,2505,107,1600,94,4105,California
Inyo,2021-02-24,119,5831,0,2921,119,2910,0,0,57,2500,62,1662,57,4162,California
Inyo,2021-02-25,132,5963,5,2926,127,3037,0,0,62,2492,70,1732,62,4224,California
Inyo,2021-02-26,105,6068,61,2987,44,3081,0,0,20,2427,85,1817,20,4244,California
Inyo,2021-02-27,14,6082,3,2990,11,3092,0,0,2,2417,12,1829,2,4246,California
Inyo,2021-02-28,3,6085,1,2991,2,3094,0,0,2,2418,1,1830,2,4248,California
Inyo,2021-03-01,19,6104,2,2993,17,3111,0,0,17,2433,2,1832,17,4265,California
Inyo,2021-03-02,197,6301,1,2994,196,3307,0,0,112,2460,85,1917,112,4377,California
Inyo,2021-03-03,87,6388,4,2998,83,3390,0,0,42,2458,44,1961,42,4419,California
Inyo,2021-03-04,127,6515,3,3001,124,3514,0,0,45,2422,81,2042,45,4464,California
Inyo,2021-03-05,146,6661,57,3058,89,3603,0,0,42,2360,104,2146,42,4506,California
Inyo,2021-03-06,30,6691,1,3059,29,3632,0,0,29,2388,1,2147,29,4535,California
Inyo,2021-03-07,7,6698,4,3063,3,3635,0,0,5,2391,2,2149,5,4540,California
Inyo,2021-03-08,184,6882,5,3068,179,3814,0,0,91,2389,93,2242,91,4631,California
Inyo,2021-03-09,191,7073,3,3071,188,4002,0,0,74,2346,117,2359,74,4705,California
Inyo,2021-03-10,71,7144,8,3079,62,4064,1,1,30,2336,41,2400,31,4736,California
Inyo,2021-03-11,205,7349,1,3080,199,4263,5,6,74,2284,131,2531,79,4815,California
Inyo,2021-03-12,178,7527,5,3085,167,4430,6,12,77,2267,100,2631,83,4898,California
Inyo,2021-03-13,584,8111,549,3634,25,4455,10,22,70,1835,512,3143,80,4978,California
Inyo,2021-03-14,441,8552,440,4074,1,4456,0,22,2,1399,438,3581,2,4980,California
Inyo,2021-03-15,51,8603,15,4089,34,4490,2,24,30,1410,21,3602,32,5012,California
Inyo,2021-03-16,165,8768,4,4093,155,4645,6,30,63,1380,100,3702,70,5082,California
Inyo,2021-03-17,108,8876,3,4096,98,4743,7,37,92,1463,16,3718,99,5181,California
Inyo,2021-03-18,185,9061,16,4112,162,4905,7,44,104,1493,81,3799,111,5292,California
Inyo,2021-03-19,47,9108,5,4117,38,4943,4,48,36,1523,10,3809,40,5332,California
Inyo,2021-03-20,20,9128,1,4118,10,4953,9,57,1,1514,19,3828,10,5342,California
Inyo,2021-03-22,59,9187,3,4121,51,5004,5,62,39,1538,20,3848,44,5386,California
Inyo,2021-03-23,195,9382,4,4125,187,5191,4,66,105,1557,90,3938,109,5495,California
Inyo,2021-03-24,141,9523,3,4128,133,5324,5,71,86,1593,55,3993,91,5586,California
Inyo,2021-03-25,330,9853,110,4238,217,5541,3,74,264,1794,66,4059,267,5853,California
Inyo,2021-03-26,92,9945,3,4241,85,5626,4,78,71,1848,21,4080,75,5928,California
Inyo,2021-03-27,53,9998,45,4286,5,5631,3,81,47,1892,6,4086,50,5978,California
Inyo,2021-03-28,4,10002,1,4287,2,5633,1,82,1,1891,3,4089,2,5980,California
Inyo,2021-03-29,109,10111,2,4289,102,5735,5,87,82,1952,26,4115,87,6067,California
Inyo,2021-03-30,221,10332,2,4291,214,5949,5,92,109,1954,112,4227,114,6181,California
Inyo,2021-03-31,150,10482,4,4295,141,6090,5,97,107,2024,43,4270,113,6294,California
Inyo,2021-04-01,166,10648,3,4298,162,6252,1,98,117,2093,49,4319,118,6412,California
Inyo,2021-04-02,80,10728,1,4299,77,6329,2,100,49,2113,31,4350,51,6463,California
Inyo,2021-04-03,92,10820,46,4345,32,6361,14,114,4,2044,86,4436,17,6480,California
Inyo,2021-04-04,5,10825,4,4349,0,6361,1,115,1,2042,4,4440,2,6482,California
Inyo,2021-04-05,117,10942,1,4350,112,6473,4,119,29,1987,88,4528,33,6515,California
Inyo,2021-04-06,237,11179,5,4355,169,6642,63,182,105,2023,132,4660,168,6683,California
Inyo,2021-04-07,204,11383,1,4356,76,6718,127,309,47,2039,158,4818,174,6857,California
Inyo,2021-04-08,182,11565,15,4371,150,6868,17,326,82,2038,100,4918,99,6956,California
Inyo,2021-04-09,125,11690,7,4378,95,6963,23,349,37,2011,87,5005,60,7016,California
Inyo,2021-04-10,42,11732,1,4379,24,6987,17,366,3,1992,39,5044,20,7036,California
Inyo,2021-04-11,1,11733,0,4379,1,6988,0,366,1,1993,0,5044,1,7037,California
Inyo,2021-04-12,79,11812,0,4379,74,7062,5,371,41,2001,38,5082,46,7083,California
Inyo,2021-04-13,124,11936,5,4384,116,7178,3,374,64,2010,58,5140,67,7150,California
Inyo,2021-04-14,130,12066,2,4386,128,7306,0,374,45,1970,85,5225,45,7195,California
Inyo,2021-04-15,275,12341,117,4503,158,7464,0,374,79,1853,196,5421,79,7274,California
Inyo,2021-04-16,48,12389,6,4509,42,7506,0,374,19,1844,28,5449,19,7293,California
Inyo,2021-04-17,2,12391,1,4510,1,7507,0,374,1,1844,1,5450,1,7294,California
Inyo,2021-04-19,133,12524,44,4554,89,7596,0,374,46,1804,86,5536,46,7340,California
Inyo,2021-04-20,163,12687,2,4556,161,7757,0,374,79,1799,84,5620,79,7419,California
Inyo,2021-04-21,113,12800,5,4561,108,7865,0,374,32,1750,81,5701,32,7451,California
Inyo,2021-04-22,195,12995,1,4562,194,8059,0,374,51,1657,144,5845,51,7502,California
Inyo,2021-04-23,95,13090,4,4566,91,8150,0,374,22,1606,73,5918,22,7524,California
Inyo,2021-04-24,309,13399,308,4874,1,8151,0,374,305,1907,4,5922,305,7829,California
Inyo,2021-04-25,135,13534,134,5008,1,8152,0,374,135,2042,0,5922,135,7964,California
Inyo,2021-04-26,93,13627,2,5010,90,8242,1,375,11,1973,81,6003,12,7976,California
Inyo,2021-04-27,184,13811,7,5017,172,8414,5,380,48,1890,136,6139,53,8029,California
Inyo,2021-04-28,121,13932,2,5019,117,8531,2,382,20,1812,100,6239,22,8051,California
Inyo,2021-04-29,171,14103,55,5074,116,8647,0,382,77,1796,93,6332,77,8128,California
Inyo,2021-04-30,82,14185,5,5079,76,8723,1,383,23,1761,59,6391,24,8152,California
Inyo,2021-05-01,12,14197,3,5082,9,8732,0,383,10,1769,2,6393,10,8162,California
Inyo,2021-05-02,7,14204,3,5085,2,8734,2,385,4,1772,3,6396,6,8168,California
Inyo,2021-05-03,38,14242,1,5086,33,8767,4,389,5,1748,33,6429,9,8177,California
Inyo,2021-05-04,123,14365,2,5088,117,8884,4,393,19,1667,104,6533,23,8200,California
Inyo,2021-05-05,37,14402,0,5088,35,8919,2,395,11,1654,26,6559,13,8213,California
Inyo,2021-05-06,94,14496,4,5092,82,9001,8,403,13,1594,81,6640,21,8234,California
Inyo,2021-05-07,50,14546,5,5097,37,9038,8,411,24,1602,24,6664,32,8266,California
Inyo,2021-05-08,11,14557,2,5099,4,9042,5,416,4,1604,7,6671,9,8275,California
Inyo,2021-05-09,1,14558,0,5099,1,9043,0,416,0,1603,1,6672,0,8275,California
Inyo,2021-05-10,70,14628,1,5100,67,9110,2,418,32,1599,39,6711,35,8310,California
Inyo,2021-05-11,88,14716,1,5101,84,9194,3,421,20,1554,68,6779,23,8333,California
Inyo,2021-05-12,43,14759,2,5103,39,9233,2,423,11,1535,32,6811,13,8346,California
Inyo,2021-05-13,75,14834,1,5104,73,9306,1,424,12,1485,63,6874,13,8359,California
Inyo,2021-05-14,28,14862,5,5109,18,9324,5,429,14,1490,14,6888,19,8378,California
Inyo,2021-05-15,379,15241,367,5476,10,9334,2,431,85,1283,294,7182,87,8465,California
Inyo,2021-05-16,200,15441,200,5676,0,9334,0,431,73,1229,127,7309,73,8538,California
Inyo,2021-05-17,64,15505,3,5679,57,9391,4,435,18,1206,45,7354,22,8560,California
Inyo,2021-05-18,84,15589,2,5681,81,9472,1,436,17,1157,67,7421,18,8578,California
Inyo,2021-05-19,46,15635,2,5683,39,9511,5,441,13,1142,33,7454,18,8596,California
Inyo,2021-05-20,146,15781,83,5766,62,9573,1,442,37,1070,110,7564,38,8634,California
Inyo,2021-05-21,49,15830,18,5784,26,9599,5,447,19,1064,30,7594,24,8658,California
Inyo,2021-05-22,25,15855,15,5799,7,9606,3,450,18,1078,7,7601,21,8679,California
Inyo,2021-05-23,2,15857,1,5800,0,9606,1,451,0,1077,2,7603,1,8680,California
Inyo,2021-05-24,33,15890,6,5806,24,9630,3,454,13,1073,20,7623,16,8696,California
Inyo,2021-05-25,82,15972,39,5845,41,9671,2,456,47,1087,35,7658,49,8745,California
Inyo,2021-05-26,44,16016,16,5861,26,9697,2,458,21,1088,22,7680,23,8768,California
Inyo,2021-05-27,39,16055,10,5871,21,9718,8,466,12,1082,26,7706,20,8788,California
Inyo,2021-05-28,26,16081,6,5877,15,9733,5,471,8,1077,18,7724,13,8801,California
Inyo,2021-05-29,16,16097,5,5882,11,9744,0,471,7,1075,9,7733,7,8808,California
Inyo,2021-05-30,2,16099,0,5882,2,9746,0,471,0,1073,2,7735,0,8808,California
Inyo,2021-06-01,54,16153,16,5898,32,9778,6,477,23,1071,31,7766,29,8837,California
Inyo,2021-06-02,11,16164,9,5907,1,9779,1,478,9,1079,2,7768,10,8847,California
Inyo,2021-06-03,25,16189,0,5907,18,9797,7,485,1,1063,24,7792,8,8855,California
Inyo,2021-06-04,32,16221,6,5913,22,9819,4,489,12,1059,20,7812,16,8871,California
Inyo,2021-06-05,17,16238,8,5921,8,9827,1,490,4,1051,13,7825,5,8876,California
Inyo,2021-06-07,51,16289,15,5936,33,9860,3,493,5,1013,46,7871,8,8884,California
Inyo,2021-06-08,51,16340,23,5959,25,9885,3,496,24,1013,27,7898,27,8911,California
Inyo,2021-06-09,111,16451,95,6054,14,9899,2,498,14,932,97,7995,16,8927,California
Inyo,2021-06-10,53,16504,39,6093,9,9908,5,503,15,914,38,8033,20,8947,California
Inyo,2021-06-11,43,16547,23,6116,18,9926,2,505,17,907,26,8059,19,8966,California
Inyo,2021-06-12,15,16562,8,6124,6,9932,1,506,5,903,10,8069,6,8972,California
Inyo,2021-06-13,1,16563,0,6124,1,9933,0,506,0,902,1,8070,0,8972,California
Inyo,2021-06-14,58,16621,27,6151,28,9961,3,509,8,863,50,8120,11,8983,California
Inyo,2021-06-15,52,16673,39,6190,9,9970,4,513,9,833,43,8163,13,8996,California
Inyo,2021-06-16,32,16705,19,6209,13,9983,0,513,6,813,26,8189,6,9002,California
Inyo,2021-06-17,23,16728,13,6222,6,9989,4,517,5,805,17,8206,9,9011,California
Inyo,2021-06-18,14,16742,5,6227,6,9995,3,520,2,798,12,8218,5,9016,California
Inyo,2021-06-19,21,16763,7,6234,13,10008,1,521,7,793,13,8231,8,9024,California
Inyo,2021-06-21,29,16792,8,6242,18,10026,3,524,13,793,16,8247,16,9040,California
Inyo,2021-06-22,50,16842,41,6283,7,10033,2,526,24,793,26,8273,26,9066,California
Inyo,2021-06-23,14,16856,6,6289,7,10040,1,527,1,782,13,8286,2,9068,California
Inyo,2021-06-24,6,16862,2,6291,3,10043,1,528,3,783,3,8289,4,9072,California
Inyo,2021-06-25,26,16888,10,6301,13,10056,3,531,12,784,14,8303,15,9087,California
Inyo,2021-06-26,12,16900,6,6307,4,10060,2,533,4,782,8,8311,6,9093,California
Inyo,2021-06-28,13,16913,11,6318,2,10062,0,533,8,785,5,8316,8,9101,California
Inyo,2021-06-29,34,16947,29,6347,5,10067,0,533,14,779,20,8336,14,9115,California
Inyo,2021-06-30,21,16968,17,6364,4,10071,0,533,7,772,14,8350,7,9122,California
Inyo,2021-07-01,13,16981,9,6373,4,10075,0,533,8,775,5,8355,8,9130,California
Inyo,2021-07-02,21,17002,9,6382,12,10087,0,533,13,780,8,8363,13,9143,California
Inyo,2021-07-03,5,17007,5,6387,0,10087,0,533,4,783,1,8364,4,9147,California
Inyo,2021-07-05,4,17011,2,6389,2,10089,0,533,0,779,4,8368,0,9147,California
Inyo,2021-07-06,22,17033,14,6403,8,10097,0,533,14,785,8,8376,14,9161,California
Kern,2020-12-15,1,1,1,1,0,0,0,0,1,1,0,0,1,1,California
Kern,2020-12-16,19,20,19,20,0,0,0,0,19,20,0,0,19,20,California
Kern,2020-12-17,164,184,164,184,0,0,0,0,164,184,0,0,164,184,California
Kern,2020-12-18,326,510,326,510,0,0,0,0,326,510,0,0,326,510,California
Kern,2020-12-19,99,609,99,609,0,0,0,0,100,610,0,0,100,610,California
Kern,2020-12-20,62,671,62,671,0,0,0,0,62,672,0,0,62,672,California
Kern,2020-12-21,673,1344,672,1343,1,1,0,0,673,1345,0,0,673,1345,California
Kern,2020-12-22,533,1877,530,1873,3,4,0,0,533,1878,0,0,533,1878,California
Kern,2020-12-23,558,2435,420,2293,138,142,0,0,558,2436,0,0,558,2436,California
Kern,2020-12-24,123,2558,44,2337,79,221,0,0,123,2559,0,0,123,2559,California
Kern,2020-12-25,1,2559,1,2338,0,221,0,0,1,2560,0,0,1,2560,California
Kern,2020-12-26,35,2594,2,2340,33,254,0,0,35,2595,0,0,35,2595,California
Kern,2020-12-27,35,2629,3,2343,32,286,0,0,35,2630,0,0,35,2630,California
Kern,2020-12-28,831,3460,666,3009,165,451,0,0,831,3461,0,0,831,3461,California
Kern,2020-12-29,744,4204,451,3460,293,744,0,0,743,4203,1,1,743,4204,California
Kern,2020-12-30,1207,5411,915,4375,292,1036,0,0,1207,5410,0,1,1207,5411,California
Kern,2020-12-31,276,5687,99,4474,177,1213,0,0,276,5686,0,1,276,5687,California
Kern,2021-01-01,19,5706,10,4484,9,1222,0,0,19,5705,0,1,19,5706,California
Kern,2021-01-02,79,5785,18,4502,61,1283,0,0,79,5784,0,1,79,5785,California
Kern,2021-01-03,23,5808,4,4506,19,1302,0,0,23,5807,0,1,23,5808,California
Kern,2021-01-04,553,6361,361,4867,192,1494,0,0,553,6360,0,1,553,6361,California
Kern,2021-01-05,1134,7495,740,5607,394,1888,0,0,1122,7470,12,13,1122,7483,California
Kern,2021-01-06,1166,8661,449,6056,717,2605,0,0,1136,8576,30,43,1136,8619,California
Kern,2021-01-07,1415,10076,491,6547,924,3529,0,0,1245,9652,169,212,1245,9864,California
Kern,2021-01-08,1632,11708,773,7320,859,4388,0,0,1330,10680,303,515,1331,11195,California
Kern,2021-01-09,229,11937,79,7399,150,4538,0,0,193,10837,36,551,193,11388,California
Kern,2021-01-10,195,12132,149,7548,46,4584,0,0,154,10950,41,592,154,11542,California
Kern,2021-01-11,1562,13694,988,8536,574,5158,0,0,1004,11396,558,1150,1004,12546,California
Kern,2021-01-12,1878,15572,818,9354,1060,6218,0,0,1361,12240,517,1667,1361,13907,California
Kern,2021-01-13,1863,17435,879,10233,984,7202,0,0,1439,13255,424,2091,1439,15346,California
Kern,2021-01-14,2204,19639,655,10888,1549,8751,0,0,2158,15367,46,2137,2158,17504,California
Kern,2021-01-15,2729,22368,863,11751,1866,10617,0,0,2633,17906,95,2232,2634,20138,California
Kern,2021-01-16,675,23043,214,11965,461,11078,0,0,640,18511,35,2267,640,20778,California
Kern,2021-01-17,75,23118,7,11972,68,11146,0,0,73,18582,2,2269,73,20851,California
Kern,2021-01-18,1645,24763,657,12629,988,12134,0,0,1479,19895,166,2435,1479,22330,California
Kern,2021-01-19,1869,26632,1034,13663,835,12969,0,0,1401,20829,468,2903,1402,23732,California
Kern,2021-01-20,2738,29370,1793,15456,945,13914,0,0,1955,22008,778,3681,1957,25689,California
Kern,2021-01-21,2140,31510,875,16331,1265,15179,0,0,1942,23753,197,3878,1942,27631,California
Kern,2021-01-22,2734,34244,1314,17645,1420,16599,0,0,2453,25926,280,4158,2453,30084,California
Kern,2021-01-23,1260,35504,544,18189,716,17315,0,0,1210,27086,50,4208,1210,31294,California
Kern,2021-01-24,155,35659,12,18201,143,17458,0,0,149,27229,6,4214,149,31443,California
Kern,2021-01-25,2383,38042,1083,19284,1300,18758,0,0,1896,28641,485,4699,1897,33340,California
Kern,2021-01-26,2790,40832,1131,20415,1659,20417,0,0,1929,29710,860,5559,1929,35269,California
Kern,2021-01-27,3560,44392,1894,22309,1666,22083,0,0,2860,31873,697,6256,2860,38129,California
Kern,2021-01-28,2898,47290,1361,23670,1537,23620,0,0,2464,33911,429,6685,2467,40596,California
Kern,2021-01-29,3800,51090,1803,25473,1997,25617,0,0,3249,36612,548,7233,3249,43845,California
Kern,2021-01-30,1335,52425,499,25972,836,26453,0,0,1283,37845,50,7283,1283,45128,California
Kern,2021-01-31,400,52825,273,26245,127,26580,0,0,265,37975,135,7418,265,45393,California
Kern,2021-02-01,2582,55407,971,27216,1611,28191,0,0,1867,39132,712,8130,1869,47262,California
Kern,2021-02-02,2767,58174,806,28022,1961,30152,0,0,2058,40482,709,8839,2059,49321,California
Kern,2021-02-03,3701,61875,1557,29579,2144,32296,0,0,2715,42218,979,9818,2715,52036,California
Kern,2021-02-04,3834,65709,1458,31037,2376,34672,0,0,2594,43582,1230,11048,2594,54630,California
Kern,2021-02-05,4881,70590,1992,33029,2889,37561,0,0,3108,44936,1754,12802,3108,57738,California
Kern,2021-02-06,1749,72339,769,33798,980,38541,0,0,1514,46220,230,13032,1514,59252,California
Kern,2021-02-07,284,72623,151,33949,133,38674,0,0,266,46470,16,13048,266,59518,California
Kern,2021-02-08,2572,75195,789,34738,1783,40457,0,0,1259,46435,1295,14343,1260,60778,California
Kern,2021-02-09,3048,78243,980,35718,2068,42525,0,0,1468,46334,1569,15912,1468,62246,California
Kern,2021-02-10,3836,82079,1675,37393,2161,44686,0,0,1873,46262,1946,17858,1874,64120,California
Kern,2021-02-11,4296,86375,1541,38934,2755,47441,0,0,2233,46448,2050,19908,2236,66356,California
Kern,2021-02-12,5013,91388,1911,40845,3102,50543,0,0,2489,46428,2509,22417,2489,68845,California
Kern,2021-02-13,2019,93407,736,41581,1283,51826,0,0,1163,46738,853,23270,1163,70008,California
Kern,2021-02-14,353,93760,12,41593,341,52167,0,0,271,46928,81,23351,271,70279,California
Kern,2021-02-15,2771,96531,908,42501,1863,54030,0,0,1225,46616,1537,24888,1225,71504,California
Kern,2021-02-16,2968,99499,722,43223,2246,56276,0,0,1662,46982,1297,26185,1663,73167,California
Kern,2021-02-17,4116,103615,2099,45322,2017,58293,0,0,1939,46751,2171,28356,1940,75107,California
Kern,2021-02-18,3803,107418,1507,46829,2296,60589,0,0,1631,46222,2160,30516,1631,76738,California
Kern,2021-02-19,4248,111666,1935,48764,2313,62902,0,0,1762,45505,2479,32995,1762,78500,California
Kern,2021-02-20,2636,114302,984,49748,1652,64554,0,0,1374,45621,1258,34253,1374,79874,California
Kern,2021-02-21,279,114581,170,49918,109,64663,0,0,92,45529,185,34438,93,79967,California
Kern,2021-02-22,2779,117360,1222,51140,1557,66220,0,0,1488,45737,1280,35718,1488,81455,California
Kern,2021-02-23,3663,121023,1175,52315,2488,68708,0,0,2022,46121,1639,37357,2023,83478,California
Kern,2021-02-24,5321,126344,2346,54661,2975,71683,0,0,3155,47118,2158,39515,3155,86633,California
Kern,2021-02-25,5432,131776,2481,57142,2951,74634,0,0,3219,48146,2191,41706,3219,89852,California
Kern,2021-02-26,6964,138740,3551,60693,3413,78047,0,0,4391,49972,2567,44273,4393,94245,California
Kern,2021-02-27,3973,142713,1983,62676,1990,80037,0,0,2623,51255,1340,45613,2623,96868,California
Kern,2021-02-28,919,143632,503,63179,415,80452,1,1,695,51730,221,45834,696,97564,California
Kern,2021-03-01,4022,147654,1826,65005,2192,82644,4,5,2702,53127,1309,47143,2706,100270,California
Kern,2021-03-02,4547,152201,1419,66424,3124,85768,4,9,2991,54575,1544,48687,2992,103262,California
Kern,2021-03-03,6017,158218,2849,69273,3166,88934,2,11,3893,56360,2109,50796,3894,107156,California
Kern,2021-03-04,5705,163923,2282,71555,3418,92352,5,16,3698,58071,1990,52786,3701,110857,California
Kern,2021-03-05,6739,170662,2887,74442,3833,96185,19,35,4211,59784,2517,55303,4230,115087,California
Kern,2021-03-06,4769,175431,1928,76370,2732,98917,109,144,3478,62087,1284,56587,3587,118674,California
Kern,2021-03-07,2062,177493,1592,77962,413,99330,57,201,1861,63806,199,56786,1918,120592,California
Kern,2021-03-08,2911,180404,925,78887,1763,101093,223,424,1526,64171,1382,58168,1747,122339,California
Kern,2021-03-09,3748,184152,814,79701,2544,103637,390,814,2337,65490,1403,59571,2722,125061,California
Kern,2021-03-10,6170,190322,2570,82271,2522,106159,1078,1892,3609,67630,2545,62116,4685,129746,California
Kern,2021-03-11,6341,196663,2443,84714,2869,109028,1029,2921,3772,69867,2559,64675,4796,134542,California
Kern,2021-03-12,7874,204537,3085,87799,3435,112463,1354,4275,4332,72011,3529,68204,5673,140215,California
Kern,2021-03-13,4684,209221,2534,90333,1812,114275,338,4613,3255,74176,1422,69626,3587,143802,California
Kern,2021-03-14,2314,211535,1534,91867,535,114810,245,4858,1788,75680,525,70151,2029,145831,California
Kern,2021-03-15,4287,215822,1112,92979,2460,117270,715,5573,2178,76470,2096,72247,2886,148717,California
Kern,2021-03-16,4446,220268,1019,93998,2890,120160,537,6110,2413,77393,2020,74267,2943,151660,California
Kern,2021-03-17,7483,227751,4092,98090,2837,122997,554,6664,4471,79417,3000,77267,5024,156684,California
Kern,2021-03-18,7327,235078,3718,101808,3019,126016,590,7254,4430,81559,2874,80141,5016,161700,California
Kern,2021-03-19,9149,244227,5015,106823,3365,129381,769,8023,4713,82619,4415,84556,5475,167175,California
Kern,2021-03-20,6274,250501,3836,110659,2253,131634,185,8208,3964,84473,2296,86852,4150,171325,California
Kern,2021-03-21,3092,253593,1961,112620,245,131879,886,9094,1882,86036,1203,88055,2766,174091,California
Kern,2021-03-22,3997,257590,1570,114190,2070,133949,357,9451,1925,86264,2054,90109,2282,176373,California
Kern,2021-03-23,4755,262345,1681,115871,2874,136823,200,9651,2468,86672,2257,92366,2665,179038,California
Kern,2021-03-24,7198,269543,3683,119554,3038,139861,477,10128,3644,87255,3535,95901,4118,183156,California
Kern,2021-03-25,6804,276347,3011,122565,3458,143319,335,10463,3220,87242,3565,99466,3552,186708,California
Kern,2021-03-26,9900,286247,4431,126996,4209,147528,1260,11723,4710,88042,5169,104635,5969,192677,California
Kern,2021-03-27,5716,291963,3995,130991,1593,149121,128,11851,3448,89351,2266,106901,3575,196252,California
Kern,2021-03-28,4691,296654,4199,135190,478,149599,14,11865,2957,90590,1732,108633,2971,199223,California
Kern,2021-03-29,4262,300916,1682,136872,2302,151901,278,12143,2611,91839,1637,110270,2886,202109,California
Kern,2021-03-30,5612,306528,1877,138749,3347,155248,388,12531,3042,92699,2566,112836,3426,205535,California
Kern,2021-03-31,8461,314989,4575,143324,3229,158477,657,13188,4319,93551,4123,116959,4975,210510,California
Kern,2021-04-01,7934,322923,3885,147209,3738,162215,311,13499,4233,94419,3671,120630,4539,215049,California
Kern,2021-04-02,8477,331400,4464,151673,3402,165617,611,14110,4226,95015,4231,124861,4827,219876,California
Kern,2021-04-03,6005,337405,3674,155347,2148,167765,183,14293,2659,94518,3336,128197,2839,222715,California
Kern,2021-04-04,1342,338747,874,156221,383,168148,85,14378,478,94218,861,129058,561,223276,California
Kern,2021-04-05,5379,344126,2221,158442,2383,170531,775,15153,2901,95398,2465,131523,3645,226921,California
Kern,2021-04-06,7145,351271,2481,160923,3283,173814,1381,16534,3568,96790,3552,135075,4944,231865,California
Kern,2021-04-07,9402,360673,5484,166407,2954,176768,964,17498,4574,97518,4808,139883,5536,237401,California
Kern,2021-04-08,8684,369357,4809,171216,2959,179727,916,18414,3732,97229,4924,144807,4635,242036,California
Kern,2021-04-09,10296,379653,5152,176368,4149,183876,995,19409,4364,96679,5903,150710,5353,247389,California
Kern,2021-04-10,6607,386260,3467,179835,1890,185766,1250,20659,2141,95610,4454,155164,3385,250774,California
Kern,2021-04-11,3934,390194,2920,182755,370,186136,644,21303,1276,94880,2643,157807,1913,252687,California
Kern,2021-04-12,4427,394621,996,183751,2456,188592,975,22278,1588,94626,2815,160622,2561,255248,California
Kern,2021-04-13,4325,398946,1428,185179,2871,191463,26,22304,2135,94612,2174,162796,2160,257408,California
Kern,2021-04-14,6119,405065,3012,188191,3085,194548,22,22326,3016,94565,3084,165880,3037,260445,California
Kern,2021-04-15,5321,410386,2496,190687,2822,197370,3,22329,2521,94306,2783,168663,2524,262969,California
Kern,2021-04-16,7328,417714,3477,194164,3850,201220,1,22330,2996,93003,4303,172966,3000,265969,California
Kern,2021-04-17,6017,423731,3948,198112,2069,203289,0,22330,2109,91225,3889,176855,2111,268080,California
Kern,2021-04-18,3902,427633,3656,201768,246,203535,0,22330,941,89214,2952,179807,941,269021,California
Kern,2021-04-19,3874,431507,1749,203517,2123,205658,2,22332,1444,88250,2408,182215,1444,270465,California
Kern,2021-04-20,4491,435998,1670,205187,2819,208477,2,22334,1723,87229,2745,184960,1724,272189,California
Kern,2021-04-21,6032,442030,3269,208456,2758,211235,5,22339,2212,85654,3790,188750,2215,274404,California
Kern,2021-04-22,4888,446918,2392,210848,2496,213731,0,22339,1743,84277,3121,191871,1744,276148,California
Kern,2021-04-23,6228,453146,3093,213941,3134,216865,1,22340,1950,81993,4237,196108,1953,278101,California
Kern,2021-04-24,4024,457170,2808,216749,1205,218070,11,22351,1447,80896,2556,198664,1459,279560,California
Kern,2021-04-25,1404,458574,1117,217866,287,218357,0,22351,827,81152,571,199235,827,280387,California
Kern,2021-04-26,3905,462479,1869,219735,1985,220342,51,22402,1081,79471,2815,202050,1134,281521,California
Kern,2021-04-27,4836,467315,2366,222101,2362,222704,108,22510,1493,77741,3328,205378,1598,283119,California
Kern,2021-04-28,6423,473738,3826,225927,2473,225177,124,22634,1871,75203,4530,209908,1992,285111,California
Kern,2021-04-29,5633,479371,3169,229096,2365,227542,99,22733,1694,73080,3917,213825,1794,286905,California
Kern,2021-04-30,5716,485087,3231,232327,2326,229868,159,22892,1683,70904,4017,217842,1841,288746,California
Kern,2021-05-01,2726,487813,1932,234259,735,230603,59,22951,1088,70425,1625,219467,1146,289892,California
Kern,2021-05-02,1896,489709,1607,235866,267,230870,22,22973,695,69948,1194,220661,717,290609,California
Kern,2021-05-03,2563,492272,1035,236901,1394,232264,134,23107,790,69116,1757,222418,925,291534,California
Kern,2021-05-04,3744,496016,1356,238257,2279,234543,109,23216,1317,68129,2411,224829,1424,292958,California
Kern,2021-05-05,4232,500248,2201,240458,1879,236422,152,23368,1405,66875,2809,227638,1555,294513,California
Kern,2021-05-06,3663,503911,1685,242143,1832,238254,146,23514,1150,65680,2487,230125,1292,295805,California
Kern,2021-05-07,4646,508557,2332,244475,2138,240392,176,23690,1308,63858,3305,233430,1483,297288,California
Kern,2021-05-08,2941,511498,1852,246327,973,241365,116,23806,914,62874,2012,235442,1028,298316,California
Kern,2021-05-09,1354,512852,1180,247507,145,241510,29,23835,442,62442,903,236345,471,298787,California
Kern,2021-05-10,2319,515171,914,248421,1302,242812,103,23938,685,61614,1614,237959,786,299573,California
Kern,2021-05-11,2739,517910,986,249407,1627,244439,126,24064,991,60996,1736,239695,1118,300691,California
Kern,2021-05-12,3668,521578,1479,250886,2038,246477,151,24215,1150,59793,2502,242197,1299,301990,California
Kern,2021-05-13,3547,525125,1867,252753,1526,248003,154,24369,1646,59702,1887,244084,1796,303786,California
Kern,2021-05-14,4341,529466,2578,255331,1540,249543,223,24592,1995,59593,2326,246410,2217,306003,California
Kern,2021-05-15,2945,532411,1920,257251,937,250480,88,24680,1566,59883,1363,247773,1653,307656,California
Kern,2021-05-16,1615,534026,1386,258637,189,250669,40,24720,936,60186,673,248446,976,308632,California
Kern,2021-05-17,2339,536365,1009,259646,1183,251852,147,24867,1179,60364,1147,249593,1325,309957,California
Kern,2021-05-18,3236,539601,1505,261151,1599,253451,132,24999,1629,60532,1590,251183,1758,311715,California
Kern,2021-05-19,3842,543443,2393,263544,1320,254771,129,25128,1784,60397,2045,253228,1910,313625,California
Kern,2021-05-20,3125,546568,1697,265241,1284,256055,144,25272,1402,60240,1701,254929,1544,315169,California
Kern,2021-05-21,3651,550219,2210,267451,1306,257361,135,25407,1815,60379,1811,256740,1950,317119,California
Kern,2021-05-22,2961,553180,2304,269755,608,257969,49,25456,1400,60276,1549,258289,1446,318565,California
Kern,2021-05-23,1299,554479,1103,270858,170,258139,26,25482,678,60366,613,258902,703,319268,California
Kern,2021-05-24,1905,556384,820,271678,970,259109,115,25597,896,60374,1002,259904,1010,320278,California
Kern,2021-05-25,2407,558791,1115,272793,1203,260312,89,25686,1111,60291,1282,261186,1199,321477,California
Kern,2021-05-26,2790,561581,1613,274406,1075,261387,102,25788,1194,60005,1580,262766,1294,322771,California
Kern,2021-05-27,2421,564002,1246,275652,1071,262458,104,25892,1267,60242,1132,263898,1369,324140,California
Kern,2021-05-28,2729,566731,1386,277038,1232,263690,111,26003,1261,60158,1454,265352,1370,325510,California
Kern,2021-05-29,1908,568639,1265,278303,594,264284,49,26052,931,60175,963,266315,980,326490,California
Kern,2021-05-30,865,569504,707,279010,139,264423,19,26071,435,60206,422,266737,453,326943,California
Kern,2021-05-31,148,569652,49,279059,88,264511,11,26082,56,60183,89,266826,66,327009,California
Kern,2021-06-01,2290,571942,952,280011,1267,265778,71,26153,967,59914,1306,268132,1037,328046,California
Kern,2021-06-02,2253,574195,1304,281315,843,266621,106,26259,944,59667,1297,269429,1050,329096,California
Kern,2021-06-03,2379,576574,1340,282655,883,267504,156,26415,861,59176,1507,270936,1016,330112,California
Kern,2021-06-04,2968,579542,1925,284580,931,268435,112,26527,867,58079,2075,273011,978,331090,California
Kern,2021-06-05,2531,582073,2045,286625,452,268887,34,26561,789,57170,1732,274743,823,331913,California
Kern,2021-06-06,1232,583305,1126,287751,83,268970,23,26584,408,56782,819,275562,431,332344,California
Kern,2021-06-07,1818,585123,1131,288882,590,269560,97,26681,683,56438,1122,276684,778,333122,California
Kern,2021-06-08,2129,587252,1240,290122,817,270377,72,26753,649,55697,1461,278145,720,333842,California
Kern,2021-06-09,2625,589877,1841,291963,695,271072,89,26842,822,54817,1790,279935,910,334752,California
Kern,2021-06-10,2239,592116,1384,293347,754,271826,101,26943,785,54259,1442,281377,884,335636,California
Kern,2021-06-11,2853,594969,1915,295262,846,272672,92,27035,1069,53649,1772,283149,1162,336798,California
Kern,2021-06-12,1789,596758,1329,296591,410,273082,50,27085,531,52977,1253,284402,581,337379,California
Kern,2021-06-13,931,597689,814,297405,110,273192,7,27092,273,52602,656,285058,281,337660,California
Kern,2021-06-14,1857,599546,1130,298535,630,273822,97,27189,639,52128,1208,286266,734,338394,California
Kern,2021-06-15,2120,601666,1185,299720,857,274679,78,27267,820,51734,1292,287558,898,339292,California
Kern,2021-06-16,2081,603747,1372,301092,632,275311,77,27344,823,51391,1242,288800,899,340191,California
Kern,2021-06-17,1891,605638,1185,302277,591,275902,115,27459,907,51440,974,289774,1023,341214,California
Kern,2021-06-18,2225,607863,1394,303671,711,276613,120,27579,952,51256,1255,291029,1071,342285,California
Kern,2021-06-19,1241,609104,890,304561,316,276929,35,27614,528,51116,702,291731,562,342847,California
Kern,2021-06-20,732,609836,609,305170,103,277032,20,27634,285,50974,447,292178,305,343152,California
Kern,2021-06-21,1241,611077,665,305835,498,277530,78,27712,670,51157,563,292741,746,343898,California
Kern,2021-06-22,1657,612734,882,306717,698,278228,77,27789,674,50936,972,293713,751,344649,California
Kern,2021-06-23,1728,614462,1105,307822,545,278773,78,27867,768,50839,941,294654,844,345493,California
Kern,2021-06-24,1593,616055,982,308804,522,279295,89,27956,679,50699,907,295561,767,346260,California
Kern,2021-06-25,1799,617854,1128,309932,581,279876,90,28046,852,50704,935,296496,940,347200,California
Kern,2021-06-26,1325,619179,989,310921,304,280180,32,28078,568,50551,752,297248,599,347799,California
Kern,2021-06-27,608,619787,513,311434,81,280261,14,28092,265,50491,339,297587,279,348078,California
Kern,2021-06-28,1151,620938,764,312198,299,280560,88,28180,506,50451,632,298219,592,348670,California
Kern,2021-06-29,1396,622334,713,312911,593,281153,90,28270,607,50369,777,298996,695,349365,California
Kern,2021-06-30,1582,623916,1064,313975,439,281592,79,28349,812,50495,766,299762,892,350257,California
Kern,2021-07-01,1376,625292,875,314850,438,282030,63,28412,632,50450,740,300502,695,350952,California
Kern,2021-07-02,1740,627032,1164,316014,504,282534,72,28484,796,50387,928,301430,865,351817,California
Kern,2021-07-03,989,628021,693,316707,257,282791,39,28523,485,50412,499,301929,524,352341,California
Kern,2021-07-04,132,628153,98,316805,34,282825,0,28523,63,50407,68,301997,63,352404,California
Kern,2021-07-05,652,628805,398,317203,229,283054,25,28548,294,50372,354,302351,319,352723,California
Kern,2021-07-06,945,629750,559,317762,337,283391,49,28597,382,50245,558,302909,431,353154,California
Kings,2020-12-16,1,1,1,1,0,0,0,0,1,1,0,0,1,1,California
Kings,2020-12-17,8,9,8,9,0,0,0,0,8,9,0,0,8,9,California
Kings,2020-12-18,12,21,12,21,0,0,0,0,12,21,0,0,12,21,California
Kings,2020-12-19,12,33,12,33,0,0,0,0,12,33,0,0,12,33,California
Kings,2020-12-20,13,46,13,46,0,0,0,0,13,46,0,0,13,46,California
Kings,2020-12-21,156,202,156,202,0,0,0,0,268,314,0,0,268,314,California
Kings,2020-12-22,141,343,141,343,0,0,0,0,138,452,0,0,138,452,California
Kings,2020-12-23,137,480,123,466,14,14,0,0,138,590,0,0,138,590,California
Kings,2020-12-24,11,491,9,475,2,16,0,0,11,601,0,0,11,601,California
Kings,2020-12-26,7,498,4,479,3,19,0,0,7,608,0,0,7,608,California
Kings,2020-12-27,4,502,4,483,0,19,0,0,4,612,0,0,4,612,California
Kings,2020-12-28,131,633,103,586,28,47,0,0,132,744,0,0,132,744,California
Kings,2020-12-29,83,716,55,641,28,75,0,0,84,828,0,0,84,828,California
Kings,2020-12-30,150,866,109,750,41,116,0,0,150,978,0,0,150,978,California
Kings,2020-12-31,45,911,6,756,39,155,0,0,45,1023,0,0,45,1023,California
Kings,2021-01-01,1,912,0,756,1,156,0,0,1,1024,0,0,1,1024,California
Kings,2021-01-02,12,924,10,766,2,158,0,0,12,1036,0,0,12,1036,California
Kings,2021-01-03,1,925,1,767,0,158,0,0,1,1037,0,0,1,1037,California
Kings,2021-01-04,112,1037,41,808,71,229,0,0,112,1149,0,0,112,1149,California
Kings,2021-01-05,195,1232,39,847,156,385,0,0,195,1344,0,0,195,1344,California
Kings,2021-01-06,278,1510,179,1026,99,484,0,0,275,1616,3,3,275,1619,California
Kings,2021-01-07,182,1692,83,1109,99,583,0,0,174,1782,8,11,174,1793,California
Kings,2021-01-08,249,1941,54,1163,195,778,0,0,229,1991,20,31,229,2022,California
Kings,2021-01-09,63,2004,9,1172,54,832,0,0,55,2038,8,39,55,2077,California
Kings,2021-01-10,15,2019,3,1175,12,844,0,0,12,2047,3,42,12,2089,California
Kings,2021-01-11,517,2536,353,1528,164,1008,0,0,276,2083,241,283,277,2366,California
Kings,2021-01-12,349,2885,253,1781,96,1104,0,0,216,2169,130,413,216,2582,California
Kings,2021-01-13,422,3307,275,2056,147,1251,0,0,331,2409,91,504,331,2913,California
Kings,2021-01-14,210,3517,30,2086,180,1431,0,0,200,2589,21,525,201,3114,California
Kings,2021-01-15,418,3935,30,2116,388,1819,0,0,406,2983,12,537,406,3520,California
Kings,2021-01-16,28,3963,9,2125,19,1838,0,0,27,3009,1,538,27,3547,California
Kings,2021-01-17,12,3975,9,2134,3,1841,0,0,10,3017,2,540,10,3557,California
Kings,2021-01-18,173,4148,41,2175,132,1973,0,0,147,3138,26,566,147,3704,California
Kings,2021-01-19,381,4529,161,2336,220,2193,0,0,252,3261,129,695,252,3956,California
Kings,2021-01-20,254,4783,162,2498,92,2285,0,0,134,3280,115,810,134,4090,California
Kings,2021-01-21,211,4994,57,2555,154,2439,0,0,194,3455,19,829,194,4284,California
Kings,2021-01-22,106,5100,17,2572,89,2528,0,0,105,3555,5,834,105,4389,California
Kings,2021-01-23,26,5126,14,2586,12,2540,0,0,19,3567,7,841,19,4408,California
Kings,2021-01-24,4,5130,4,2590,0,2540,0,0,2,3567,2,843,2,4410,California
Kings,2021-01-25,156,5286,55,2645,101,2641,0,0,93,3597,63,906,93,4503,California
Kings,2021-01-26,172,5458,52,2697,120,2761,0,0,113,3651,59,965,113,4616,California
Kings,2021-01-27,356,5814,61,2758,295,3056,0,0,252,3800,103,1068,252,4868,California
Kings,2021-01-28,361,6175,74,2832,287,3343,0,0,276,3991,85,1153,276,5144,California
Kings,2021-01-29,113,6288,27,2859,86,3429,0,0,96,4070,17,1170,96,5240,California
Kings,2021-01-30,1568,7856,28,2887,1540,4969,0,0,1564,5632,4,1174,1566,6806,California
Kings,2021-01-31,1,7857,1,2888,0,4969,0,0,1,5633,0,1174,1,6807,California
Kings,2021-02-01,241,8098,87,2975,154,5123,0,0,92,5578,147,1321,92,6899,California
Kings,2021-02-02,342,8440,110,3085,232,5355,0,0,97,5431,244,1565,97,6996,California
Kings,2021-02-03,483,8923,275,3360,208,5563,0,0,240,5429,242,1807,240,7236,California
Kings,2021-02-04,466,9389,132,3492,334,5897,0,0,228,5420,237,2044,228,7464,California
Kings,2021-02-05,338,9727,57,3549,281,6178,0,0,178,5441,157,2201,178,7642,California
Kings,2021-02-06,61,9788,10,3559,51,6229,0,0,28,5436,33,2234,28,7670,California
Kings,2021-02-07,6,9794,4,3563,2,6231,0,0,3,5436,3,2237,3,7673,California
Kings,2021-02-08,175,9969,29,3592,146,6377,0,0,68,5397,107,2344,68,7741,California
Kings,2021-02-09,256,10225,59,3651,197,6574,0,0,112,5367,142,2486,112,7853,California
Kings,2021-02-10,381,10606,113,3764,268,6842,0,0,256,5498,125,2611,256,8109,California
Kings,2021-02-11,517,11123,67,3831,450,7292,0,0,364,5710,152,2763,364,8473,California
Kings,2021-02-12,709,11832,36,3867,673,7965,0,0,352,5706,356,3119,352,8825,California
Kings,2021-02-13,241,12073,6,3873,235,8200,0,0,215,5895,26,3145,215,9040,California
Kings,2021-02-14,103,12176,4,3877,99,8299,0,0,95,5982,8,3153,95,9135,California
Kings,2021-02-15,248,12424,5,3882,243,8542,0,0,138,6011,109,3262,138,9273,California
Kings,2021-02-16,632,13056,33,3915,599,9141,0,0,356,6093,275,3537,357,9630,California
Kings,2021-02-17,441,13497,24,3939,417,9558,0,0,302,6258,139,3676,304,9934,California
Kings,2021-02-18,356,13853,22,3961,334,9892,0,0,214,6331,141,3817,214,10148,California
Kings,2021-02-19,222,14075,24,3985,198,10090,0,0,130,6372,89,3906,130,10278,California
Kings,2021-02-20,173,14248,41,4026,132,10222,0,0,135,6469,38,3944,135,10413,California
Kings,2021-02-21,3,14251,2,4028,1,10223,0,0,3,6472,0,3944,3,10416,California
Kings,2021-02-22,128,14379,22,4050,106,10329,0,0,59,6463,68,4012,59,10475,California
Kings,2021-02-23,439,14818,70,4120,369,10698,0,0,319,6662,120,4132,319,10794,California
Kings,2021-02-24,756,15574,163,4283,593,11291,0,0,532,6970,224,4356,532,11326,California
Kings,2021-02-25,827,16401,132,4415,695,11986,0,0,600,7345,225,4581,600,11926,California
Kings,2021-02-26,945,17346,136,4551,809,12795,0,0,855,8111,89,4670,855,12781,California
Kings,2021-02-27,1524,18870,65,4616,1459,14254,0,0,588,7764,935,5605,588,13369,California
Kings,2021-02-28,1207,20077,598,5214,609,14863,0,0,675,7910,530,6135,676,14045,California
Kings,2021-03-01,295,20372,90,5304,205,15068,0,0,222,8059,73,6208,222,14267,California
Kings,2021-03-02,590,20962,257,5561,333,15401,0,0,517,8505,73,6281,519,14786,California
Kings,2021-03-03,761,21723,327,5888,433,15834,1,1,536,8819,223,6504,537,15323,California
Kings,2021-03-04,836,22559,356,6244,480,16314,0,1,707,9398,129,6633,708,16031,California
Kings,2021-03-05,1196,23755,369,6613,818,17132,9,10,1043,10300,153,6786,1055,17086,California
Kings,2021-03-06,518,24273,187,6800,318,17450,13,23,488,10771,30,6816,501,17587,California
Kings,2021-03-07,363,24636,223,7023,136,17586,4,27,355,11122,8,6824,359,17946,California
Kings,2021-03-08,383,25019,98,7121,232,17818,53,80,265,11322,118,6942,318,18264,California
Kings,2021-03-09,691,25710,392,7513,244,18062,55,135,582,11852,108,7050,638,18902,California
Kings,2021-03-10,798,26508,256,7769,436,18498,106,241,560,12281,236,7286,665,19567,California
Kings,2021-03-11,1211,27719,436,8205,659,19157,116,357,758,12705,451,7737,875,20442,California
Kings,2021-03-12,1526,29245,448,8653,984,20141,94,451,985,13249,537,8274,1081,21523,California
Kings,2021-03-13,681,29926,334,8987,305,20446,42,493,557,13726,124,8398,601,22124,California
Kings,2021-03-14,674,30600,101,9088,184,20630,389,882,200,13841,474,8872,589,22713,California
Kings,2021-03-15,713,31313,267,9355,327,20957,119,1001,470,14191,242,9114,592,23305,California
Kings,2021-03-16,1170,32483,478,9833,629,21586,63,1064,750,14585,419,9533,813,24118,California
Kings,2021-03-17,1110,33593,420,10253,628,22214,62,1126,779,15103,331,9864,849,24967,California
Kings,2021-03-18,1131,34724,475,10728,433,22647,223,1349,749,15697,380,10244,974,25941,California
Kings,2021-03-19,978,35702,468,11196,419,23066,91,1440,726,16278,251,10495,832,26773,California
Kings,2021-03-20,642,36344,256,11452,354,23420,32,1472,463,16605,176,10671,503,27276,California
Kings,2021-03-21,1423,37767,1091,12543,320,23740,12,1484,863,16920,560,11231,875,28151,California
Kings,2021-03-22,451,38218,200,12743,165,23905,86,1570,266,17092,184,11415,356,28507,California
Kings,2021-03-23,1047,39265,506,13249,477,24382,64,1634,548,17211,497,11912,616,29123,California
Kings,2021-03-24,1096,40361,486,13735,587,24969,23,1657,499,17140,595,12507,524,29647,California
Kings,2021-03-25,1053,41414,471,14206,555,25524,27,1684,443,17001,608,13115,469,30116,California
Kings,2021-03-26,1413,42827,380,14586,943,26467,90,1774,438,16559,970,14085,528,30644,California
Kings,2021-03-27,643,43470,259,14845,372,26839,12,1786,153,16236,488,14573,165,30809,California
Kings,2021-03-28,672,44142,601,15446,64,26903,7,1793,403,16390,269,14842,423,31232,California
Kings,2021-03-29,470,44612,212,15658,197,27100,61,1854,257,16496,211,15053,317,31549,California
Kings,2021-03-30,958,45570,540,16198,379,27479,39,1893,434,16445,523,15576,472,32021,California
Kings,2021-03-31,903,46473,478,16676,351,27830,74,1967,421,16465,474,16050,494,32515,California
Kings,2021-04-01,923,47396,495,17171,339,28169,89,2056,354,16346,562,16612,443,32958,California
Kings,2021-04-02,1125,48521,455,17626,544,28713,126,2182,395,16142,724,17336,520,33478,California
Kings,2021-04-03,496,49017,348,17974,139,28852,9,2191,171,16004,319,17655,181,33659,California
Kings,2021-04-04,157,49174,83,18057,68,28920,6,2197,42,15939,113,17768,48,33707,California
Kings,2021-04-05,1063,50237,328,18385,480,29400,255,2452,240,15611,822,18590,494,34201,California
Kings,2021-04-06,1269,51506,502,18887,454,29854,313,2765,286,15229,980,19570,598,34799,California
Kings,2021-04-07,1379,52885,656,19543,537,30391,186,2951,337,14713,1039,20609,523,35322,California
Kings,2021-04-08,1633,54518,639,20182,741,31132,253,3204,374,14089,1251,21860,627,35949,California
Kings,2021-04-09,1244,55762,593,20775,470,31602,181,3385,238,13501,1004,22864,416,36365,California
Kings,2021-04-10,595,56357,333,21108,160,31762,102,3487,175,13359,418,23282,276,36641,California
Kings,2021-04-11,355,56712,76,21184,272,32034,7,3494,196,13405,157,23439,203,36844,California
Kings,2021-04-12,710,57422,315,21499,192,32226,203,3697,194,13288,514,23953,397,37241,California
Kings,2021-04-13,919,58341,527,22026,392,32618,0,3697,295,12966,622,24575,300,37541,California
Kings,2021-04-14,1050,59391,579,22605,471,33089,0,3697,379,12675,671,25246,380,37921,California
Kings,2021-04-15,1064,60455,524,23129,539,33628,1,3698,453,12521,608,25854,454,38375,California
Kings,2021-04-16,797,61252,364,23493,433,34061,0,3698,262,12251,533,26387,263,38638,California
Kings,2021-04-17,458,61710,245,23738,213,34274,0,3698,186,12166,271,26658,186,38824,California
Kings,2021-04-18,570,62280,246,23984,324,34598,0,3698,45,11686,525,27183,45,38869,California
Kings,2021-04-19,629,62909,386,24370,243,34841,0,3698,296,11652,330,27513,296,39165,California
Kings,2021-04-20,756,63665,462,24832,294,35135,0,3698,243,11383,512,28025,243,39408,California
Kings,2021-04-21,696,64361,352,25184,344,35479,0,3698,243,11181,445,28470,243,39651,California
Kings,2021-04-22,573,64934,291,25475,282,35761,0,3698,209,11030,361,28831,210,39861,California
Kings,2021-04-23,677,65611,298,25773,379,36140,0,3698,330,11017,343,29174,330,40191,California
Kings,2021-04-24,247,65858,179,25952,67,36207,1,3699,119,11010,127,29301,120,40311,California
Kings,2021-04-25,204,66062,184,26136,20,36227,0,3699,166,11139,37,29338,166,40477,California
Kings,2021-04-26,326,66388,177,26313,146,36373,3,3702,201,11219,124,29462,204,40681,California
Kings,2021-04-27,434,66822,196,26509,219,36592,19,3721,185,11176,247,29709,204,40885,California
Kings,2021-04-28,523,67345,263,26772,240,36832,20,3741,270,11213,253,29962,290,41175,California
Kings,2021-04-29,302,67647,125,26897,165,36997,12,3753,141,11208,158,30120,153,41328,California
Kings,2021-04-30,376,68023,168,27065,191,37188,17,3770,155,11163,217,30337,172,41500,California
Kings,2021-05-01,227,68250,166,27231,51,37239,10,3780,72,11091,154,30491,82,41582,California
Kings,2021-05-02,170,68420,148,27379,22,37261,0,3780,128,11177,42,30533,128,41710,California
Kings,2021-05-03,475,68895,252,27631,210,37471,13,3793,122,10960,352,30885,135,41845,California
Kings,2021-05-04,528,69423,273,27904,235,37706,20,3813,161,10776,365,31250,181,42026,California
Kings,2021-05-05,566,69989,300,28204,246,37952,20,3833,143,10517,422,31672,163,42189,California
Kings,2021-05-06,571,70560,290,28494,258,38210,23,3856,132,10235,437,32109,155,42344,California
Kings,2021-05-07,368,70928,211,28705,143,38353,14,3870,149,10181,217,32326,163,42507,California
Kings,2021-05-08,244,71172,179,28884,53,38406,12,3882,85,10119,158,32484,96,42603,California
Kings,2021-05-09,191,71363,63,28947,128,38534,0,3882,40,10008,151,32635,40,42643,California
Kings,2021-05-10,347,71710,270,29217,67,38601,10,3892,114,9900,231,32866,123,42766,California
Kings,2021-05-11,387,72097,239,29456,119,38720,29,3921,116,9776,270,33136,146,42912,California
Kings,2021-05-12,401,72498,163,29619,224,38944,14,3935,164,9719,235,33371,178,43090,California
Kings,2021-05-13,410,72908,167,29786,235,39179,8,3943,168,9654,241,33612,176,43266,California
Kings,2021-05-14,463,73371,316,30102,116,39295,31,3974,239,9701,223,33835,270,43536,California
Kings,2021-05-15,356,73727,256,30358,82,39377,18,3992,198,9759,158,33993,216,43752,California
Kings,2021-05-16,247,73974,221,30579,25,39402,1,3993,75,9663,172,34165,76,43828,California
Kings,2021-05-17,408,74382,324,30903,67,39469,17,4010,211,9695,196,34361,228,44056,California
Kings,2021-05-18,399,74781,284,31187,102,39571,13,4023,227,9764,172,34533,241,44297,California
Kings,2021-05-19,574,75355,281,31468,271,39842,22,4045,227,9668,345,34878,249,44546,California
Kings,2021-05-20,451,75806,237,31705,187,40029,27,4072,260,9765,191,35069,288,44834,California
Kings,2021-05-21,518,76324,262,31967,245,40274,11,4083,263,9788,251,35320,274,45108,California
Kings,2021-05-22,306,76630,246,32213,48,40322,12,4095,217,9930,87,35407,229,45337,California
Kings,2021-05-23,234,76864,225,32438,9,40331,0,4095,106,9908,128,35535,106,45443,California
Kings,2021-05-24,262,77126,175,32613,72,40403,15,4110,125,9911,137,35672,140,45583,California
Kings,2021-05-25,404,77530,267,32880,104,40507,33,4143,235,10012,167,35839,268,45851,California
Kings,2021-05-26,304,77834,125,33005,162,40669,17,4160,121,9968,182,36021,138,45989,California
Kings,2021-05-27,325,78159,176,33181,131,40800,18,4178,177,10018,145,36166,195,46184,California
Kings,2021-05-28,288,78447,140,33321,130,40930,18,4196,131,10014,153,36319,149,46333,California
Kings,2021-05-29,174,78621,101,33422,62,40992,11,4207,87,10026,86,36405,98,46431,California
Kings,2021-05-30,133,78754,116,33538,15,41007,2,4209,72,10039,61,36466,74,46505,California
Kings,2021-05-31,41,78795,22,33560,16,41023,3,4212,15,10031,26,36492,18,46523,California
Kings,2021-06-01,317,79112,187,33747,114,41137,16,4228,119,9971,194,36686,134,46657,California
Kings,2021-06-02,276,79388,125,33872,144,41281,7,4235,85,9875,188,36874,92,46749,California
Kings,2021-06-03,225,79613,126,33998,88,41369,11,4246,69,9807,148,37022,80,46829,California
Kings,2021-06-04,427,80040,284,34282,129,41498,14,4260,153,9704,270,37292,167,46996,California
Kings,2021-06-05,258,80298,224,34506,27,41525,7,4267,62,9590,183,37475,69,47065,California
Kings,2021-06-06,162,80460,154,34660,3,41528,5,4272,81,9599,77,37552,86,47151,California
Kings,2021-06-07,293,80753,225,34885,54,41582,14,4286,95,9509,198,37750,108,47259,California
Kings,2021-06-08,312,81065,240,35125,52,41634,20,4306,78,9375,232,37982,98,47357,California
Kings,2021-06-09,397,81462,264,35389,124,41758,9,4315,116,9222,278,38260,125,47482,California
Kings,2021-06-10,341,81803,223,35612,105,41863,13,4328,82,9058,259,38519,95,47577,California
Kings,2021-06-11,374,82177,281,35893,90,41953,3,4331,144,8980,225,38744,147,47724,California
Kings,2021-06-12,268,82445,220,36113,44,41997,4,4335,69,8870,183,38927,73,47797,California
Kings,2021-06-13,127,82572,118,36231,8,42005,1,4336,34,8813,92,39019,35,47832,California
Kings,2021-06-14,240,82812,172,36403,46,42051,22,4358,97,8789,143,39162,119,47951,California
Kings,2021-06-15,254,83066,181,36584,62,42113,11,4369,88,8723,165,39327,99,48050,California
Kings,2021-06-16,254,83320,130,36714,116,42229,8,4377,90,8665,157,39484,99,48149,California
Kings,2021-06-17,207,83527,110,36824,87,42316,10,4387,80,8628,127,39611,90,48239,California
Kings,2021-06-18,252,83779,173,36997,70,42386,9,4396,118,8621,134,39745,127,48366,California
Kings,2021-06-19,101,83880,69,37066,27,42413,5,4401,40,8605,61,39806,45,48411,California
Kings,2021-06-20,84,83964,69,37135,9,42422,6,4407,28,8583,56,39862,34,48445,California
Kings,2021-06-21,181,84145,97,37232,53,42475,31,4438,97,8627,84,39946,128,48573,California
Kings,2021-06-22,199,84344,128,37360,63,42538,8,4446,82,8600,117,40063,90,48663,California
Kings,2021-06-23,197,84541,94,37454,88,42626,15,4461,86,8591,110,40173,101,48764,California
Kings,2021-06-24,145,84686,68,37522,72,42698,5,4466,56,8564,88,40261,61,48825,California
Kings,2021-06-25,311,84997,219,37741,83,42781,9,4475,153,8569,157,40418,162,48987,California
Kings,2021-06-26,124,85121,82,37823,38,42819,4,4479,53,8555,71,40489,57,49044,California
Kings,2021-06-27,118,85239,111,37934,6,42825,1,4480,38,8517,77,40566,39,49083,California
Kings,2021-06-28,192,85431,138,38072,37,42862,17,4497,82,8506,110,40676,99,49182,California
Kings,2021-06-29,179,85610,133,38205,36,42898,10,4507,86,8511,91,40767,96,49278,California
Kings,2021-06-30,190,85800,117,38322,65,42963,8,4515,87,8503,103,40870,95,49373,California
Kings,2021-07-01,132,85932,89,38411,36,42999,7,4522,63,8506,67,40937,70,49443,California
Kings,2021-07-02,184,86116,119,38530,56,43055,9,4531,90,8512,93,41030,99,49542,California
Kings,2021-07-03,104,86220,84,38614,19,43074,1,4532,53,8515,51,41081,54,49596,California
Kings,2021-07-04,4,86224,0,38614,4,43078,0,4532,3,8517,1,41082,3,49599,California
Kings,2021-07-05,94,86318,56,38670,26,43104,12,4544,47,8529,47,41129,59,49658,California
Kings,2021-07-06,150,86468,121,38791,21,43125,8,4552,59,8505,91,41220,67,49725,California
Lake,2020-12-17,4,4,4,4,0,0,0,0,4,4,0,0,4,4,California
Lake,2020-12-18,50,54,50,54,0,0,0,0,50,54,0,0,50,54,California
Lake,2020-12-19,3,57,3,57,0,0,0,0,3,57,0,0,3,57,California
Lake,2020-12-20,6,63,6,63,0,0,0,0,6,63,0,0,6,63,California
Lake,2020-12-21,87,150,87,150,0,0,0,0,87,150,0,0,87,150,California
Lake,2020-12-22,63,213,60,210,3,3,0,0,63,213,0,0,63,213,California
Lake,2020-12-23,124,337,115,325,9,12,0,0,124,337,0,0,124,337,California
Lake,2020-12-24,2,339,0,325,2,14,0,0,2,339,0,0,2,339,California
Lake,2020-12-26,2,341,2,327,0,14,0,0,2,341,0,0,2,341,California
Lake,2020-12-27,2,343,2,329,0,14,0,0,2,343,0,0,2,343,California
Lake,2020-12-28,52,395,43,372,9,23,0,0,52,395,0,0,52,395,California
Lake,2020-12-29,52,447,47,419,5,28,0,0,52,447,0,0,52,447,California
Lake,2020-12-30,131,578,122,541,9,37,0,0,131,578,0,0,131,578,California
Lake,2020-12-31,67,645,64,605,3,40,0,0,67,645,0,0,67,645,California
Lake,2021-01-01,4,649,1,606,3,43,0,0,4,649,0,0,4,649,California
Lake,2021-01-02,2,651,1,607,1,44,0,0,2,651,0,0,2,651,California
Lake,2021-01-04,88,739,21,628,67,111,0,0,88,739,0,0,88,739,California
Lake,2021-01-05,120,859,59,687,61,172,0,0,118,855,2,2,118,857,California
Lake,2021-01-06,103,962,64,751,39,211,0,0,101,954,2,4,101,958,California
Lake,2021-01-07,110,1072,86,837,24,235,0,0,101,1046,9,13,101,1059,California
Lake,2021-01-08,155,1227,126,963,29,264,0,0,104,1099,51,64,104,1163,California
Lake,2021-01-09,63,1290,61,1024,2,266,0,0,59,1154,4,68,59,1222,California
Lake,2021-01-10,3,1293,3,1027,0,266,0,0,0,1151,3,71,0,1222,California
Lake,2021-01-11,189,1482,150,1177,39,305,0,0,109,1180,80,151,109,1331,California
Lake,2021-01-12,81,1563,48,1225,33,338,0,0,58,1215,23,174,58,1389,California
Lake,2021-01-13,170,1733,115,1340,55,393,0,0,110,1265,60,234,110,1499,California
Lake,2021-01-14,151,1884,48,1388,103,496,0,0,129,1372,22,256,129,1628,California
Lake,2021-01-15,221,2105,95,1483,126,622,0,0,193,1537,28,284,193,1821,California
Lake,2021-01-16,136,2241,83,1566,53,675,0,0,134,1669,2,286,134,1955,California
Lake,2021-01-17,18,2259,6,1572,12,687,0,0,12,1675,6,292,12,1967,California
Lake,2021-01-18,246,2505,227,1799,19,706,0,0,125,1679,121,413,125,2092,California
Lake,2021-01-19,318,2823,121,1920,197,903,0,0,271,1904,47,460,272,2364,California
Lake,2021-01-20,427,3250,82,2002,345,1248,0,0,362,2202,64,524,362,2726,California
Lake,2021-01-21,441,3691,50,2052,391,1639,0,0,405,2571,36,560,405,3131,California
Lake,2021-01-22,322,4013,47,2099,275,1914,0,0,285,2819,37,597,285,3416,California
Lake,2021-01-23,127,4140,6,2105,121,2035,0,0,126,2944,1,598,126,3542,California
Lake,2021-01-24,5,4145,2,2107,3,2038,0,0,5,2949,0,598,5,3547,California
Lake,2021-01-25,259,4404,96,2203,163,2201,0,0,177,3044,82,680,177,3724,California
Lake,2021-01-26,432,4836,36,2239,396,2597,0,0,408,3428,24,704,408,4132,California
Lake,2021-01-27,363,5199,40,2279,323,2920,0,0,335,3736,28,732,336,4468,California
Lake,2021-01-28,499,5698,162,2441,337,3257,0,0,367,3973,130,862,367,4835,California
Lake,2021-01-29,653,6351,101,2542,552,3809,0,0,578,4476,75,937,578,5413,California
Lake,2021-01-30,557,6908,43,2585,514,4323,0,0,551,5021,6,943,551,5964,California
Lake,2021-01-31,15,6923,9,2594,6,4329,0,0,13,5032,2,945,13,5977,California
Lake,2021-02-01,181,7104,18,2612,163,4492,0,0,167,5185,14,959,167,6144,California
Lake,2021-02-02,565,7669,153,2765,412,4904,0,0,397,5414,168,1127,397,6541,California
Lake,2021-02-03,445,8114,33,2798,412,5316,0,0,341,5651,104,1231,341,6882,California
Lake,2021-02-04,121,8235,70,2868,51,5367,0,0,71,5672,50,1281,71,6953,California
Lake,2021-02-05,381,8616,72,2940,309,5676,0,0,286,5865,93,1374,286,7239,California
Lake,2021-02-06,276,8892,42,2982,234,5910,0,0,264,6117,12,1386,264,7503,California
Lake,2021-02-07,2,8894,1,2983,1,5911,0,0,2,6119,0,1386,2,7505,California
Lake,2021-02-08,278,9172,206,3189,72,5983,0,0,158,6157,120,1506,158,7663,California
Lake,2021-02-09,345,9517,25,3214,320,6303,0,0,300,6413,44,1550,300,7963,California
Lake,2021-02-10,356,9873,54,3268,302,6605,0,0,275,6607,81,1631,275,8238,California
Lake,2021-02-11,181,10054,18,3286,163,6768,0,0,60,6546,121,1752,60,8298,California
Lake,2021-02-12,377,10431,29,3315,348,7116,0,0,287,6744,89,1841,287,8585,California
Lake,2021-02-13,252,10683,8,3323,244,7360,0,0,239,6970,13,1854,239,8824,California
Lake,2021-02-14,22,10705,5,3328,17,7377,0,0,8,6964,14,1868,8,8832,California
Lake,2021-02-15,172,10877,13,3341,159,7536,0,0,8,6809,163,2031,8,8840,California
Lake,2021-02-16,429,11306,23,3364,406,7942,0,0,178,6736,251,2282,178,9018,California
Lake,2021-02-17,354,11660,56,3420,298,8240,0,0,73,6529,280,2562,73,9091,California
Lake,2021-02-18,466,12126,73,3493,393,8633,0,0,117,6298,348,2910,117,9208,California
Lake,2021-02-19,438,12564,29,3522,409,9042,0,0,95,6050,343,3253,95,9303,California
Lake,2021-02-20,298,12862,62,3584,236,9278,0,0,252,6257,45,3298,252,9555,California
Lake,2021-02-21,7,12869,7,3591,0,9278,0,0,0,6250,7,3305,0,9555,California
Lake,2021-02-22,140,13009,22,3613,118,9396,0,0,40,6190,100,3405,40,9595,California
Lake,2021-02-23,223,13232,15,3628,208,9604,0,0,29,6025,194,3599,29,9624,California
Lake,2021-02-24,1018,14250,430,4058,588,10192,0,0,469,5946,548,4147,469,10093,California
Lake,2021-02-25,762,15012,495,4553,267,10459,0,0,498,6183,261,4408,498,10591,California
Lake,2021-02-26,1019,16031,322,4875,697,11156,0,0,363,5894,652,5060,363,10954,California
Lake,2021-02-27,409,16440,97,4972,312,11468,0,0,326,6138,82,5142,326,11280,California
Lake,2021-02-28,21,16461,12,4984,9,11477,0,0,12,6141,9,5151,12,11292,California
Lake,2021-03-01,598,17059,55,5039,543,12020,0,0,445,6433,153,5304,445,11737,California
Lake,2021-03-02,747,17806,18,5057,729,12749,0,0,287,6262,458,5762,287,12024,California
Lake,2021-03-03,370,18176,196,5253,174,12923,0,0,147,6187,222,5984,147,12171,California
Lake,2021-03-04,578,18754,506,5759,72,12995,0,0,562,6733,16,6000,562,12733,California
Lake,2021-03-05,1046,19800,52,5811,994,13989,0,0,187,6065,855,6855,187,12920,California
Lake,2021-03-06,35,19835,9,5820,25,14014,1,1,22,6075,13,6868,23,12943,California
Lake,2021-03-07,8,19843,6,5826,2,14016,0,1,5,6077,3,6871,5,12948,California
Lake,2021-03-08,341,20184,266,6092,65,14081,10,11,299,6344,42,6913,309,13257,California
Lake,2021-03-09,932,21116,44,6136,871,14952,17,28,407,6245,524,7437,425,13682,California
Lake,2021-03-10,204,21320,60,6196,131,15083,13,41,134,6323,70,7507,148,13830,California
Lake,2021-03-11,587,21907,49,6245,64,15147,474,515,46,6301,541,8048,519,14349,California
Lake,2021-03-12,854,22761,203,6448,625,15772,26,541,361,6197,491,8539,387,14736,California
Lake,2021-03-13,283,23044,22,6470,25,15797,236,777,19,6188,263,8802,254,14990,California
Lake,2021-03-14,11,23055,2,6472,9,15806,0,777,7,6191,4,8806,7,14997,California
Lake,2021-03-15,640,23695,12,6484,610,16416,18,795,481,6532,158,8964,499,15496,California
Lake,2021-03-16,1116,24811,835,7319,264,16680,17,812,378,6192,734,9698,394,15890,California
Lake,2021-03-17,251,25062,123,7442,105,16785,23,835,91,6146,160,9858,114,16004,California
Lake,2021-03-18,750,25812,376,7818,337,17122,37,872,356,6147,391,10249,392,16396,California
Lake,2021-03-19,584,26396,317,8135,248,17370,19,891,476,6535,107,10356,495,16891,California
Lake,2021-03-20,248,26644,9,8144,236,17606,3,894,31,6353,216,10572,34,16925,California
Lake,2021-03-21,15,26659,10,8154,4,17610,1,895,10,6359,5,10577,11,16936,California
Lake,2021-03-22,337,26996,256,8410,67,17677,14,909,250,6536,87,10664,264,17200,California
Lake,2021-03-23,429,27425,21,8431,394,18071,14,923,363,6848,65,10729,377,17577,California
Lake,2021-03-24,423,27848,62,8493,353,18424,8,931,325,7085,97,10826,334,17911,California
Lake,2021-03-25,674,28522,482,8975,185,18609,7,938,174,6765,500,11326,180,18091,California
Lake,2021-03-26,69,28591,34,9009,34,18643,1,939,32,6762,36,11362,33,18124,California
Lake,2021-03-27,309,28900,7,9016,299,18942,3,942,17,6492,290,11652,20,18144,California
Lake,2021-03-28,17,28917,8,9024,9,18951,0,942,9,6493,8,11660,9,18153,California
Lake,2021-03-29,990,29907,285,9309,703,19654,2,944,200,5907,788,12448,202,18355,California
Lake,2021-03-30,464,30371,313,9622,148,19802,3,947,365,6177,98,12546,368,18723,California
Lake,2021-03-31,615,30986,60,9682,555,20357,0,947,432,6436,173,12719,432,19155,California
Lake,2021-04-01,449,31435,234,9916,203,20560,12,959,187,6377,258,12977,199,19354,California
Lake,2021-04-02,224,31659,41,9957,155,20715,28,987,97,6375,127,13104,125,19479,California
Lake,2021-04-03,33,31692,6,9963,24,20739,3,990,13,6371,20,13124,16,19495,California
Lake,2021-04-04,20,31712,11,9974,7,20746,2,992,15,6383,5,13129,17,19512,California
Lake,2021-04-05,643,32355,71,10045,552,21298,20,1012,402,6566,238,13367,421,19933,California
Lake,2021-04-06,479,32834,17,10062,436,21734,26,1038,307,6728,171,13538,333,20266,California
Lake,2021-04-07,526,33360,58,10120,416,22150,52,1090,356,6968,168,13706,408,20674,California
Lake,2021-04-08,607,33967,495,10615,46,22196,66,1156,106,6642,498,14204,172,20846,California
Lake,2021-04-09,282,34249,40,10655,173,22369,69,1225,48,6528,230,14434,116,20962,California
Lake,2021-04-10,257,34506,15,10670,16,22385,226,1451,11,6519,246,14680,237,21199,California
Lake,2021-04-11,21,34527,16,10686,3,22388,2,1453,7,6514,14,14694,9,21208,California
Lake,2021-04-12,1082,35609,233,10919,815,23203,34,1487,244,5954,838,15532,278,21486,California
Lake,2021-04-13,181,35790,110,11029,71,23274,0,1487,54,5881,127,15659,54,21540,California
Lake,2021-04-14,619,36409,38,11067,581,23855,0,1487,553,6368,66,15725,553,22093,California
Lake,2021-04-15,647,37056,193,11260,454,24309,0,1487,332,6385,315,16040,332,22425,California
Lake,2021-04-16,269,37325,32,11292,237,24546,0,1487,76,6269,192,16232,76,22501,California
Lake,2021-04-17,42,37367,12,11304,30,24576,0,1487,32,6291,10,16242,32,22533,California
Lake,2021-04-18,9,37376,6,11310,3,24579,0,1487,0,6282,9,16251,0,22533,California
Lake,2021-04-19,297,37673,38,11348,259,24838,0,1487,247,6479,50,16301,247,22780,California
Lake,2021-04-20,694,38367,280,11628,414,25252,0,1487,95,5977,598,16899,96,22876,California
Lake,2021-04-21,532,38899,62,11690,470,25722,0,1487,197,5839,335,17234,197,23073,California
Lake,2021-04-22,471,39370,50,11740,421,26143,0,1487,323,6015,147,17381,323,23396,California
Lake,2021-04-23,122,39492,64,11804,58,26201,0,1487,72,6039,48,17429,72,23468,California
Lake,2021-04-24,55,39547,9,11813,46,26247,0,1487,41,6066,14,17443,41,23509,California
Lake,2021-04-25,37,39584,20,11833,17,26264,0,1487,25,6079,12,17455,25,23534,California
Lake,2021-04-26,295,39879,82,11915,212,26476,1,1488,90,5965,205,17660,91,23625,California
Lake,2021-04-27,249,40128,24,11939,207,26683,18,1506,86,5906,163,17823,104,23729,California
Lake,2021-04-28,511,40639,51,11990,445,27128,15,1521,90,5591,419,18242,104,23833,California
Lake,2021-04-29,211,40850,83,12073,112,27240,16,1537,111,5617,100,18342,126,23959,California
Lake,2021-04-30,289,41139,45,12118,213,27453,31,1568,147,5654,141,18483,178,24137,California
Lake,2021-05-01,50,41189,27,12145,21,27474,2,1570,34,5675,15,18498,36,24173,California
Lake,2021-05-02,19,41208,10,12155,8,27482,1,1571,10,5677,9,18507,11,24184,California
Lake,2021-05-03,413,41621,30,12185,347,27829,36,1607,66,5433,346,18853,102,24286,California
Lake,2021-05-04,403,42024,217,12402,138,27967,48,1655,123,5325,279,19132,171,24457,California
Lake,2021-05-05,629,42653,44,12446,573,28540,12,1667,84,4878,542,19674,95,24552,California
Lake,2021-05-06,142,42795,19,12465,94,28634,29,1696,72,4908,70,19744,100,24652,California
Lake,2021-05-07,166,42961,29,12494,117,28751,20,1716,102,4968,62,19806,122,24774,California
Lake,2021-05-08,42,43003,8,12502,34,28785,0,1716,35,4996,7,19813,35,24809,California
Lake,2021-05-09,17,43020,2,12504,10,28795,5,1721,10,5004,7,19820,15,24824,California
Lake,2021-05-10,244,43264,10,12514,206,29001,28,1749,58,4905,185,20005,86,24910,California
Lake,2021-05-11,195,43459,25,12539,153,29154,17,1766,116,4960,79,20084,134,25044,California
Lake,2021-05-12,541,44000,31,12570,490,29644,20,1786,54,4546,487,20571,73,25117,California
Lake,2021-05-13,318,44318,69,12639,235,29879,14,1800,72,4388,244,20815,86,25203,California
Lake,2021-05-14,268,44586,83,12722,167,30046,18,1818,163,4465,103,20918,180,25383,California
Lake,2021-05-15,45,44631,19,12741,23,30069,3,1821,28,4479,17,20935,31,25414,California
Lake,2021-05-16,33,44664,19,12760,13,30082,1,1822,18,4483,15,20950,19,25433,California
Lake,2021-05-17,315,44979,44,12804,256,30338,15,1837,82,4350,230,21180,97,25530,California
Lake,2021-05-18,299,45278,65,12869,215,30553,19,1856,171,4413,127,21307,190,25720,California
Lake,2021-05-19,313,45591,57,12926,241,30794,15,1871,88,4292,224,21531,103,25823,California
Lake,2021-05-20,241,45832,60,12986,170,30964,11,1882,94,4250,147,21678,105,25928,California
Lake,2021-05-21,274,46106,51,13037,199,31163,24,1906,114,4230,158,21836,138,26066,California
Lake,2021-05-22,98,46204,54,13091,41,31204,3,1909,49,4233,49,21885,52,26118,California
Lake,2021-05-23,58,46262,28,13119,29,31233,1,1910,30,4236,28,21913,31,26149,California
Lake,2021-05-24,159,46421,36,13155,109,31342,14,1924,72,4235,87,22000,86,26235,California
Lake,2021-05-25,204,46625,57,13212,136,31478,11,1935,74,4191,129,22129,85,26320,California
Lake,2021-05-26,152,46777,45,13257,96,31574,11,1946,55,4162,95,22224,66,26386,California
Lake,2021-05-27,176,46953,48,13305,114,31688,14,1960,61,4123,114,22338,75,26461,California
Lake,2021-05-28,221,47174,21,13326,163,31851,37,1997,50,4041,168,22506,86,26547,California
Lake,2021-05-29,37,47211,10,13336,21,31872,6,2003,14,4038,23,22529,20,26567,California
Lake,2021-05-30,22,47233,6,13342,14,31886,2,2005,12,4042,10,22539,14,26581,California
Lake,2021-05-31,63,47296,21,13363,40,31926,2,2007,53,4087,10,22549,55,26636,California
Lake,2021-06-01,198,47494,39,13402,150,32076,9,2016,69,4037,128,22677,78,26714,California
Lake,2021-06-02,132,47626,46,13448,74,32150,12,2028,53,4023,79,22756,65,26779,California
Lake,2021-06-03,181,47807,53,13501,109,32259,19,2047,79,4019,102,22858,98,26877,California
Lake,2021-06-04,185,47992,54,13555,115,32374,16,2063,47,3946,136,22994,63,26940,California
Lake,2021-06-05,91,48083,56,13611,27,32401,8,2071,55,3973,36,23030,63,27003,California
Lake,2021-06-06,68,48151,38,13649,30,32431,0,2071,24,3953,44,23074,24,27027,California
Lake,2021-06-07,91,48242,29,13678,54,32485,8,2079,33,3937,57,23131,41,27068,California
Lake,2021-06-08,179,48421,68,13746,99,32584,12,2091,67,3904,112,23243,79,27147,California
Lake,2021-06-09,171,48592,42,13788,125,32709,4,2095,36,3811,133,23376,40,27187,California
Lake,2021-06-10,129,48721,64,13852,52,32761,13,2108,51,3797,78,23454,64,27251,California
Lake,2021-06-11,209,48930,67,13919,119,32880,23,2131,48,3709,159,23613,71,27322,California
Lake,2021-06-12,67,48997,39,13958,22,32902,6,2137,34,3716,33,23646,40,27362,California
Lake,2021-06-13,29,49026,16,13974,13,32915,0,2137,14,3715,15,23661,14,27376,California
Lake,2021-06-14,179,49205,87,14061,79,32994,13,2150,50,3650,128,23789,63,27439,California
Lake,2021-06-15,244,49449,64,14125,162,33156,18,2168,78,3580,166,23955,96,27535,California
Lake,2021-06-16,163,49612,57,14182,91,33247,15,2183,55,3543,107,24062,70,27605,California
Lake,2021-06-17,179,49791,86,14268,83,33330,10,2193,78,3531,100,24162,88,27693,California
Lake,2021-06-18,141,49932,38,14306,93,33423,10,2203,57,3514,84,24246,67,27760,California
Lake,2021-06-19,67,49999,25,14331,42,33465,0,2203,34,3515,33,24279,34,27794,California
Lake,2021-06-20,21,50020,7,14338,12,33477,2,2205,10,3516,11,24290,12,27806,California
Lake,2021-06-21,67,50087,17,14355,43,33520,7,2212,29,3514,38,24328,36,27842,California
Lake,2021-06-22,135,50222,51,14406,74,33594,10,2222,62,3514,72,24400,72,27914,California
Lake,2021-06-23,148,50370,68,14474,56,33650,24,2246,80,3550,68,24468,104,28018,California
Lake,2021-06-24,140,50510,93,14567,34,33684,13,2259,48,3521,90,24558,61,28079,California
Lake,2021-06-25,129,50639,57,14624,63,33747,9,2268,66,3534,62,24620,75,28154,California
Lake,2021-06-26,48,50687,37,14661,11,33758,0,2268,6,3498,42,24662,6,28160,California
Lake,2021-06-27,42,50729,30,14691,12,33770,0,2268,23,3502,19,24681,23,28183,California
Lake,2021-06-28,65,50794,22,14713,22,33792,21,2289,28,3515,36,24717,49,28232,California
Lake,2021-06-29,118,50912,47,14760,67,33859,4,2293,63,3527,55,24772,67,28299,California
Lake,2021-06-30,112,51024,61,14821,47,33906,4,2297,59,3537,53,24825,63,28362,California
Lake,2021-07-01,114,51138,54,14875,57,33963,3,2300,39,3508,71,24896,42,28404,California
Lake,2021-07-02,104,51242,35,14910,59,34022,10,2310,50,3515,52,24948,59,28463,California
Lake,2021-07-03,75,51317,44,14954,31,34053,0,2310,35,3512,38,24986,35,28498,California
Lake,2021-07-04,14,51331,5,14959,9,34062,0,2310,9,3516,5,24991,9,28507,California
Lake,2021-07-05,47,51378,18,14977,29,34091,0,2310,32,3533,15,25006,32,28539,California
Lake,2021-07-06,126,51504,41,15018,80,34171,5,2315,47,3507,78,25084,52,28591,California
Lassen,2020-12-16,8,8,8,8,0,0,0,0,8,8,0,0,8,8,California
Lassen,2020-12-17,6,14,6,14,0,0,0,0,6,14,0,0,6,14,California
Lassen,2020-12-18,1,15,1,15,0,0,0,0,1,15,0,0,1,15,California
Lassen,2020-12-19,5,20,5,20,0,0,0,0,5,20,0,0,5,20,California
Lassen,2020-12-20,2,22,2,22,0,0,0,0,2,22,0,0,2,22,California
Lassen,2020-12-21,11,33,11,33,0,0,0,0,11,33,0,0,11,33,California
Lassen,2020-12-22,23,56,23,56,0,0,0,0,23,56,0,0,23,56,California
Lassen,2020-12-23,6,62,6,62,0,0,0,0,6,62,0,0,6,62,California
Lassen,2020-12-24,10,72,10,72,0,0,0,0,10,72,0,0,10,72,California
Lassen,2020-12-28,3,75,2,74,1,1,0,0,3,75,0,0,3,75,California
Lassen,2020-12-29,35,110,35,109,0,1,0,0,35,110,0,0,35,110,California
Lassen,2020-12-30,36,146,35,144,1,2,0,0,36,146,0,0,36,146,California
Lassen,2020-12-31,49,195,42,186,7,9,0,0,49,195,0,0,49,195,California
Lassen,2021-01-02,1,196,0,186,1,10,0,0,1,196,0,0,1,196,California
Lassen,2021-01-04,15,211,2,188,13,23,0,0,15,211,0,0,15,211,California
Lassen,2021-01-05,193,404,52,240,141,164,0,0,193,404,0,0,193,404,California
Lassen,2021-01-06,97,501,45,285,52,216,0,0,89,486,8,8,90,494,California
Lassen,2021-01-07,43,544,7,292,36,252,0,0,37,517,6,14,37,531,California
Lassen,2021-01-08,50,594,2,294,48,300,0,0,50,567,0,14,50,581,California
Lassen,2021-01-09,12,606,6,300,6,306,0,0,12,579,0,14,12,593,California
Lassen,2021-01-11,27,633,5,305,22,328,0,0,27,606,0,14,27,620,California
Lassen,2021-01-12,49,682,29,334,20,348,0,0,30,617,19,33,30,650,California
Lassen,2021-01-13,160,842,18,352,142,490,0,0,146,749,14,47,146,796,California
Lassen,2021-01-14,161,1003,18,370,143,633,0,0,149,886,12,59,149,945,California
Lassen,2021-01-15,32,1035,6,376,26,659,0,0,32,918,0,59,32,977,California
Lassen,2021-01-16,34,1069,33,409,1,660,0,0,34,952,0,59,34,1011,California
Lassen,2021-01-17,1,1070,0,409,1,661,0,0,1,953,0,59,1,1012,California
Lassen,2021-01-18,5,1075,2,411,3,664,0,0,4,956,1,60,4,1016,California
Lassen,2021-01-19,186,1261,36,447,150,814,0,0,158,1086,28,88,158,1174,California
Lassen,2021-01-20,187,1448,100,547,87,901,0,0,104,1122,68,156,104,1278,California
Lassen,2021-01-21,145,1593,93,640,52,953,0,0,121,1225,18,174,121,1399,California
Lassen,2021-01-22,31,1624,18,658,13,966,0,0,21,1236,10,184,21,1420,California
Lassen,2021-01-23,2,1626,0,658,2,968,0,0,2,1238,0,184,2,1422,California
Lassen,2021-01-24,1,1627,0,658,1,969,0,0,1,1239,0,184,1,1423,California
Lassen,2021-01-25,12,1639,1,659,11,980,0,0,11,1249,1,185,11,1434,California
Lassen,2021-01-26,126,1765,12,671,114,1094,0,0,122,1367,4,189,122,1556,California
Lassen,2021-01-27,89,1854,37,708,52,1146,0,0,71,1420,18,207,71,1627,California
Lassen,2021-01-28,85,1939,15,723,70,1216,0,0,84,1503,1,208,84,1711,California
Lassen,2021-01-29,23,1962,7,730,16,1232,0,0,22,1524,1,209,22,1733,California
Lassen,2021-02-01,62,2024,5,735,57,1289,0,0,37,1536,25,234,37,1770,California
Lassen,2021-02-02,177,2201,12,747,165,1454,0,0,44,1447,133,367,44,1814,California
Lassen,2021-02-03,98,2299,21,768,77,1531,0,0,50,1449,48,415,50,1864,California
Lassen,2021-02-04,113,2412,16,784,97,1628,0,0,64,1464,49,464,64,1928,California
Lassen,2021-02-05,66,2478,12,796,54,1682,0,0,24,1446,42,506,24,1952,California
Lassen,2021-02-06,69,2547,34,830,35,1717,0,0,36,1450,32,538,36,1988,California
Lassen,2021-02-07,3,2550,3,833,0,1717,0,0,3,1453,0,538,3,1991,California
Lassen,2021-02-08,44,2594,4,837,40,1757,0,0,18,1445,26,564,18,2009,California
Lassen,2021-02-09,128,2722,7,844,121,1878,0,0,49,1415,79,643,49,2058,California
Lassen,2021-02-10,182,2904,21,865,161,2039,0,0,75,1383,107,750,75,2133,California
Lassen,2021-02-11,182,3086,17,882,165,2204,0,0,79,1360,102,852,79,2212,California
Lassen,2021-02-12,43,3129,11,893,32,2236,0,0,16,1349,27,879,16,2228,California
Lassen,2021-02-13,11,3140,3,896,8,2244,0,0,9,1356,2,881,9,2237,California
Lassen,2021-02-14,13,3153,0,896,13,2257,0,0,12,1367,1,882,12,2249,California
Lassen,2021-02-15,22,3175,3,899,19,2276,0,0,17,1380,4,886,17,2266,California
Lassen,2021-02-16,192,3367,4,903,188,2464,0,0,31,1252,159,1045,31,2297,California
Lassen,2021-02-17,182,3549,94,997,88,2552,0,0,10,1090,172,1217,10,2307,California
Lassen,2021-02-18,81,3630,22,1019,59,2611,0,0,21,1051,60,1277,21,2328,California
Lassen,2021-02-19,83,3713,62,1081,21,2632,0,0,19,1006,64,1341,19,2347,California
Lassen,2021-02-20,8,3721,0,1081,8,2640,0,0,6,1010,2,1343,6,2353,California
Lassen,2021-02-21,22,3743,2,1083,20,2660,0,0,18,1024,4,1347,18,2371,California
Lassen,2021-02-22,28,3771,13,1096,15,2675,0,0,9,1014,19,1366,9,2380,California
Lassen,2021-02-23,154,3925,10,1106,144,2819,0,0,43,946,111,1477,43,2423,California
Lassen,2021-02-24,166,4091,16,1122,150,2969,0,0,107,995,58,1535,107,2530,California
Lassen,2021-02-25,160,4251,23,1145,137,3106,0,0,99,1033,61,1596,99,2629,California
Lassen,2021-02-26,75,4326,17,1162,58,3164,0,0,37,1032,38,1634,37,2666,California
Lassen,2021-02-27,8,4334,7,1169,1,3165,0,0,3,1030,5,1639,3,2669,California
Lassen,2021-02-28,7,4341,2,1171,5,3170,0,0,3,1029,4,1643,3,2672,California
Lassen,2021-03-01,43,4384,4,1175,39,3209,0,0,9,1005,33,1676,9,2681,California
Lassen,2021-03-02,108,4492,8,1183,100,3309,0,0,81,1060,26,1702,81,2762,California
Lassen,2021-03-03,169,4661,11,1194,158,3467,0,0,113,1117,56,1758,113,2875,California
Lassen,2021-03-04,149,4810,17,1211,132,3599,0,0,97,1163,51,1809,97,2972,California
Lassen,2021-03-05,49,4859,7,1218,18,3617,24,24,11,1160,38,1847,35,3007,California
Lassen,2021-03-06,55,4914,4,1222,29,3646,22,46,5,1137,50,1897,27,3034,California
Lassen,2021-03-07,58,4972,3,1225,0,3646,55,101,3,1140,55,1952,58,3092,California
Lassen,2021-03-08,88,5060,2,1227,7,3653,79,180,3,1137,85,2037,82,3174,California
Lassen,2021-03-09,137,5197,11,1238,109,3762,17,197,89,1195,48,2085,106,3280,California
Lassen,2021-03-10,173,5370,10,1248,161,3923,2,199,79,1183,93,2178,81,3361,California
Lassen,2021-03-11,184,5554,16,1264,161,4084,7,206,112,1233,69,2247,119,3480,California
Lassen,2021-03-12,34,5588,17,1281,13,4097,4,210,12,1227,22,2269,16,3496,California
Lassen,2021-03-13,48,5636,0,1281,2,4099,46,256,1,1226,47,2316,46,3542,California
Lassen,2021-03-14,14,5650,2,1283,11,4110,1,257,2,1217,12,2328,3,3545,California
Lassen,2021-03-15,36,5686,5,1288,31,4141,0,257,16,1213,20,2348,16,3561,California
Lassen,2021-03-16,92,5778,2,1290,85,4226,5,262,73,1272,19,2367,78,3639,California
Lassen,2021-03-17,1081,6859,9,1299,1067,5293,5,267,1060,2316,21,2388,1065,4704,California
Lassen,2021-03-18,94,6953,9,1308,84,5377,1,268,81,2385,13,2401,82,4786,California
Lassen,2021-03-19,19,6972,11,1319,4,5381,4,272,7,2384,12,2413,11,4797,California
Lassen,2021-03-20,29,7001,3,1322,23,5404,3,275,22,2402,7,2420,25,4822,California
Lassen,2021-03-21,34,7035,1,1323,33,5437,0,275,14,2397,19,2439,14,4836,California
Lassen,2021-03-22,59,7094,1,1324,58,5495,0,275,56,2450,3,2442,56,4892,California
Lassen,2021-03-23,120,7214,11,1335,108,5603,1,276,67,2465,53,2495,68,4960,California
Lassen,2021-03-24,212,7426,13,1348,198,5801,1,277,105,2466,105,2600,106,5066,California
Lassen,2021-03-25,155,7581,23,1371,132,5933,0,277,72,2455,83,2683,72,5138,California
Lassen,2021-03-26,77,7658,13,1384,26,5959,38,315,19,2454,57,2740,56,5194,California
Lassen,2021-03-27,21,7679,4,1388,1,5960,16,331,3,2455,18,2758,19,5213,California
Lassen,2021-03-28,19,7698,4,1392,4,5964,11,342,2,2451,17,2775,13,5226,California
Lassen,2021-03-29,53,7751,0,1392,28,5992,25,367,20,2464,32,2807,45,5271,California
Lassen,2021-03-30,200,7951,10,1402,164,6156,26,393,52,2394,148,2955,78,5349,California
Lassen,2021-03-31,147,8098,12,1414,113,6269,22,415,62,2394,84,3039,84,5433,California
Lassen,2021-04-01,166,8264,15,1429,130,6399,21,436,47,2344,118,3157,68,5501,California
Lassen,2021-04-02,30,8294,4,1433,3,6402,23,459,2,2341,28,3185,25,5526,California
Lassen,2021-04-03,12,8306,0,1433,2,6404,10,469,0,2339,12,3197,10,5536,California
Lassen,2021-04-04,7,8313,2,1435,0,6404,5,474,1,2339,6,3203,6,5542,California
Lassen,2021-04-05,22,8335,4,1439,11,6415,7,481,11,2346,11,3214,18,5560,California
Lassen,2021-04-06,182,8517,8,1447,144,6559,30,511,52,2298,130,3344,82,5642,California
Lassen,2021-04-07,135,8652,6,1453,92,6651,37,548,32,2266,103,3447,71,5713,California
Lassen,2021-04-08,168,8820,9,1462,103,6754,56,604,32,2222,132,3579,88,5801,California
Lassen,2021-04-09,53,8873,6,1468,10,6764,37,641,8,2222,44,3623,44,5845,California
Lassen,2021-04-10,10,8883,0,1468,2,6766,8,649,0,2221,9,3632,8,5853,California
Lassen,2021-04-11,6,8889,2,1470,1,6767,3,652,3,2224,3,3635,6,5859,California
Lassen,2021-04-12,32,8921,4,1474,15,6782,13,665,4,2213,28,3663,17,5876,California
Lassen,2021-04-13,129,9050,6,1480,123,6905,0,665,40,2165,88,3751,40,5916,California
Lassen,2021-04-14,987,10037,16,1496,971,7876,0,665,51,1282,934,4685,51,5967,California
Lassen,2021-04-15,147,10184,14,1510,133,8009,0,665,19,1173,128,4813,19,5986,California
Lassen,2021-04-16,14,10198,5,1515,9,8018,0,665,6,1171,8,4821,6,5992,California
Lassen,2021-04-17,24,10222,3,1518,21,8039,0,665,4,1155,20,4841,4,5996,California
Lassen,2021-04-18,5,10227,2,1520,3,8042,0,665,2,1154,3,4844,2,5998,California
Lassen,2021-04-19,35,10262,0,1520,35,8077,0,665,18,1155,17,4861,18,6016,California
Lassen,2021-04-20,137,10399,7,1527,130,8207,0,665,51,1120,86,4947,51,6067,California
Lassen,2021-04-21,167,10566,10,1537,156,8363,1,666,34,1024,131,5078,35,6102,California
Lassen,2021-04-22,102,10668,16,1553,86,8449,0,666,32,986,70,5148,32,6134,California
Lassen,2021-04-23,27,10695,1,1554,26,8475,0,666,21,1001,6,5154,21,6155,California
Lassen,2021-04-24,9,10704,5,1559,4,8479,0,666,3,998,6,5160,3,6158,California
Lassen,2021-04-25,5,10709,0,1559,4,8483,1,667,3,1000,2,5162,4,6162,California
Lassen,2021-04-26,44,10753,2,1561,38,8521,4,671,9,979,34,5196,13,6175,California
Lassen,2021-04-27,119,10872,9,1570,107,8628,3,674,66,995,53,5249,69,6244,California
Lassen,2021-04-28,82,10954,7,1577,73,8701,2,676,29,973,53,5302,31,6275,California
Lassen,2021-04-29,69,11023,7,1584,59,8760,3,679,24,956,44,5346,27,6302,California
Lassen,2021-04-30,15,11038,8,1592,4,8764,3,682,6,956,9,5355,9,6311,California
Lassen,2021-05-01,5,11043,0,1592,4,8768,1,683,4,960,1,5356,5,6316,California
Lassen,2021-05-02,10,11053,6,1598,4,8772,0,683,6,962,4,5360,6,6322,California
Lassen,2021-05-03,17,11070,2,1600,9,8781,6,689,2,955,15,5375,8,6330,California
Lassen,2021-05-04,73,11143,5,1605,60,8841,8,697,21,932,52,5427,29,6359,California
Lassen,2021-05-05,83,11226,4,1609,67,8908,12,709,26,914,56,5483,38,6397,California
Lassen,2021-05-06,80,11306,21,1630,37,8945,22,731,21,898,59,5542,43,6440,California
Lassen,2021-05-07,49,11355,33,1663,11,8956,5,736,41,936,8,5550,46,6486,California
Lassen,2021-05-08,11,11366,0,1663,5,8961,6,742,4,939,7,5557,10,6496,California
Lassen,2021-05-09,3,11369,1,1664,0,8961,2,744,0,938,3,5560,2,6498,California
Lassen,2021-05-10,12,11381,1,1665,8,8969,3,747,6,941,6,5566,9,6507,California
Lassen,2021-05-11,74,11455,1,1666,62,9031,11,758,20,918,54,5620,31,6538,California
Lassen,2021-05-12,44,11499,4,1670,34,9065,6,764,14,908,30,5650,20,6558,California
Lassen,2021-05-13,36,11535,10,1680,21,9086,5,769,10,897,26,5676,15,6573,California
Lassen,2021-05-14,21,11556,3,1683,10,9096,8,777,10,904,11,5687,18,6591,California
Lassen,2021-05-15,16,11572,2,1685,4,9100,10,787,4,906,12,5699,14,6605,California
Lassen,2021-05-16,7,11579,2,1687,3,9103,2,789,2,906,4,5703,4,6609,California
Lassen,2021-05-17,36,11615,4,1691,20,9123,12,801,10,902,26,5729,22,6631,California
Lassen,2021-05-18,92,11707,11,1702,68,9191,13,814,28,879,64,5793,41,6672,California
Lassen,2021-05-19,59,11766,3,1705,45,9236,11,825,7,845,51,5844,17,6689,California
Lassen,2021-05-20,33,11799,8,1713,16,9252,9,834,11,843,22,5866,20,6709,California
Lassen,2021-05-21,67,11866,33,1746,20,9272,14,848,35,860,32,5898,49,6758,California
Lassen,2021-05-22,17,11883,2,1748,7,9279,8,856,7,865,10,5908,15,6773,California
Lassen,2021-05-23,6,11889,3,1751,1,9280,2,858,0,861,6,5914,2,6775,California
Lassen,2021-05-24,13,11902,1,1752,10,9290,2,860,5,861,7,5921,7,6782,California
Lassen,2021-05-25,99,12001,6,1758,84,9374,9,869,33,837,66,5987,42,6824,California
Lassen,2021-05-26,59,12060,1,1759,42,9416,16,885,11,816,48,6035,27,6851,California
Lassen,2021-05-27,43,12103,17,1776,20,9436,6,891,12,804,30,6065,18,6869,California
Lassen,2021-05-28,74,12177,48,1824,18,9454,8,899,30,798,44,6109,38,6907,California
Lassen,2021-05-29,15,12192,1,1825,12,9466,2,901,8,801,7,6116,10,6917,California
Lassen,2021-05-30,2,12194,0,1825,1,9467,1,902,1,802,1,6117,2,6919,California
Lassen,2021-05-31,7,12201,0,1825,6,9473,1,903,1,798,6,6123,2,6921,California
Lassen,2021-06-01,45,12246,2,1827,36,9509,7,910,15,790,30,6153,22,6943,California
Lassen,2021-06-02,57,12303,2,1829,41,9550,14,924,15,778,41,6194,29,6972,California
Lassen,2021-06-03,20,12323,2,1831,9,9559,9,933,6,779,14,6208,15,6987,California
Lassen,2021-06-04,37,12360,1,1832,24,9583,12,945,12,778,25,6233,24,7011,California
Lassen,2021-06-05,14,12374,3,1835,7,9590,4,949,4,776,10,6243,8,7019,California
Lassen,2021-06-06,5,12379,0,1835,2,9592,3,952,1,776,4,6247,4,7023,California
Lassen,2021-06-07,18,12397,0,1835,9,9601,9,961,3,773,15,6262,12,7035,California
Lassen,2021-06-08,42,12439,9,1844,29,9630,4,965,15,765,27,6289,19,7054,California
Lassen,2021-06-09,18,12457,1,1845,15,9645,2,967,7,764,10,6299,9,7063,California
Lassen,2021-06-10,20,12477,10,1855,7,9652,3,970,10,767,10,6309,13,7076,California
Lassen,2021-06-11,43,12520,29,1884,14,9666,0,970,11,747,32,6341,12,7088,California
Lassen,2021-06-12,5,12525,1,1885,4,9670,0,970,1,744,4,6345,1,7089,California
Lassen,2021-06-13,3,12528,2,1887,1,9671,0,970,1,743,2,6347,1,7090,California
Lassen,2021-06-14,9,12537,1,1888,6,9677,2,972,3,743,5,6352,5,7095,California
Lassen,2021-06-15,48,12585,5,1893,38,9715,5,977,15,730,33,6385,20,7115,California
Lassen,2021-06-16,12,12597,1,1894,6,9721,5,982,7,737,5,6390,12,7127,California
Lassen,2021-06-17,23,12620,11,1905,8,9729,4,986,10,738,13,6403,14,7141,California
Lassen,2021-06-18,45,12665,19,1924,18,9747,8,994,9,719,36,6439,17,7158,California
Lassen,2021-06-19,13,12678,1,1925,10,9757,2,996,5,718,8,6447,7,7165,California
Lassen,2021-06-20,6,12684,2,1927,3,9760,1,997,5,723,1,6448,6,7171,California
Lassen,2021-06-21,14,12698,0,1927,12,9772,2,999,4,719,10,6458,6,7177,California
Lassen,2021-06-22,36,12734,1,1928,34,9806,1,1000,19,722,17,6475,20,7197,California
Lassen,2021-06-23,17,12751,2,1930,12,9818,3,1003,5,718,12,6487,8,7205,California
Lassen,2021-06-24,26,12777,3,1933,16,9834,7,1010,14,727,12,6499,21,7226,California
Lassen,2021-06-25,21,12798,3,1936,18,9852,0,1010,12,730,9,6508,12,7238,California
Lassen,2021-06-26,6,12804,0,1936,6,9858,0,1010,1,726,5,6513,1,7239,California
Lassen,2021-06-27,1,12805,0,1936,0,9858,1,1011,0,726,1,6514,1,7240,California
Lassen,2021-06-28,13,12818,2,1938,9,9867,2,1013,9,733,4,6518,11,7251,California
Lassen,2021-06-29,30,12848,1,1939,28,9895,1,1014,8,720,22,6540,9,7260,California
Lassen,2021-06-30,28,12876,7,1946,16,9911,5,1019,13,723,15,6555,18,7278,California
Lassen,2021-07-01,26,12902,14,1960,11,9922,1,1020,16,730,10,6565,17,7295,California
Lassen,2021-07-02,28,12930,6,1966,18,9940,4,1024,11,730,15,6580,15,7310,California
Lassen,2021-07-03,5,12935,0,1966,5,9945,0,1024,3,731,2,6582,3,7313,California
Lassen,2021-07-04,1,12936,0,1966,1,9946,0,1024,1,732,0,6582,1,7314,California
Lassen,2021-07-05,9,12945,0,1966,6,9952,3,1027,2,730,7,6589,5,7319,California
Lassen,2021-07-06,18,12963,0,1966,18,9970,0,1027,6,726,10,6599,6,7325,California
Los Angeles,2020-12-15,399,399,399,399,0,0,0,0,399,399,0,0,399,399,California
Los Angeles,2020-12-16,3606,4005,3606,4005,0,0,0,0,3606,4005,0,0,3606,4005,California
Los Angeles,2020-12-17,10433,14438,10433,14438,0,0,0,0,10434,14439,0,0,10434,14439,California
Los Angeles,2020-12-18,14806,29244,14780,29218,26,26,0,0,14806,29245,0,0,14806,29245,California
Los Angeles,2020-12-19,7319,36563,7310,36528,9,35,0,0,7321,36566,0,0,7321,36566,California
Los Angeles,2020-12-20,4676,41239,4665,41193,11,46,0,0,4678,41244,0,0,4678,41244,California
Los Angeles,2020-12-21,13791,55030,13774,54967,17,63,0,0,13793,55036,1,1,13793,55037,California
Los Angeles,2020-12-22,11618,66648,11225,66192,393,456,0,0,11617,66651,2,3,11617,66654,California
Los Angeles,2020-12-23,12029,78677,10247,76439,1782,2238,0,0,12030,78681,0,3,12030,78684,California
Los Angeles,2020-12-24,7071,85748,4279,80718,2792,5030,0,0,7074,85755,0,3,7074,85758,California
Los Angeles,2020-12-25,530,86278,423,81141,107,5137,0,0,531,86286,0,3,531,86289,California
Los Angeles,2020-12-26,2553,88831,2198,83339,355,5492,0,0,2552,88836,2,5,2552,88841,California
Los Angeles,2020-12-27,1789,90620,1049,84388,740,6232,0,0,1789,90625,0,5,1789,90630,California
Los Angeles,2020-12-28,10413,101033,6448,90836,3965,10197,0,0,10410,101034,1,6,10410,101040,California
Los Angeles,2020-12-29,11701,112734,6135,96971,5566,15763,0,0,11701,112734,1,7,11701,112741,California
Los Angeles,2020-12-30,14983,127717,8140,105111,6843,22606,0,0,14982,127716,0,7,14982,127723,California
Los Angeles,2020-12-31,8059,135776,2783,107894,5276,27882,0,0,8053,135764,5,12,8053,135776,California
Los Angeles,2021-01-01,1098,136874,323,108217,775,28657,0,0,1096,136858,2,14,1096,136872,California
Los Angeles,2021-01-02,4514,141388,1687,109904,2827,31484,0,0,4513,141371,0,14,4513,141385,California
Los Angeles,2021-01-03,974,142362,232,110136,742,32226,0,0,972,142341,2,16,972,142357,California
Los Angeles,2021-01-04,12835,155197,4921,115057,7914,40140,0,0,12819,155158,2,18,12819,155176,California
Los Angeles,2021-01-05,16160,171357,7141,122198,9019,49159,0,0,14209,167455,1922,1940,14219,169395,California
Los Angeles,2021-01-06,22848,194205,12145,134343,10703,59862,0,0,17142,178969,5638,7578,17152,186547,California
Los Angeles,2021-01-07,29866,224071,16145,150488,13721,73583,0,0,18962,187090,10857,18435,18978,205525,California
Los Angeles,2021-01-08,33603,257674,18277,168765,15326,88909,0,0,21081,195689,12494,30929,21093,226618,California
Los Angeles,2021-01-09,12583,270257,7225,175990,5358,94267,0,0,7624,198365,4956,35885,7632,234250,California
Los Angeles,2021-01-10,4790,275047,3718,179708,1072,95339,0,0,2006,197588,2784,38669,2007,236257,California
Los Angeles,2021-01-11,26068,301115,16406,196114,9662,105001,0,0,15062,201668,10993,49662,15073,251330,California
Los Angeles,2021-01-12,29535,330650,16266,212380,13269,118270,0,0,19311,210783,10209,59871,19324,270654,California
Los Angeles,2021-01-13,29680,360330,15908,228288,13772,132042,0,0,20646,222419,9017,68888,20653,291307,California
Los Angeles,2021-01-14,29486,389816,12752,241040,16734,148776,0,0,23906,240777,5561,74449,23919,315226,California
Los Angeles,2021-01-15,34194,424010,12440,253480,21754,170530,0,0,30575,267770,3592,78041,30585,345811,California
Los Angeles,2021-01-16,17851,441861,5016,258496,12835,183365,0,0,16049,282033,1793,79834,16056,361867,California
Los Angeles,2021-01-17,5281,447142,2359,260855,2922,186287,0,0,5018,286791,262,80096,5020,366887,California
Los Angeles,2021-01-18,15777,462919,10160,271015,5617,191904,0,0,11023,293077,4741,84837,11027,377914,California
Los Angeles,2021-01-19,38869,501788,20690,291705,18179,210083,0,0,30995,316254,7833,92670,31010,408924,California
Los Angeles,2021-01-20,47251,549039,24760,316465,22491,232574,0,0,39579,348208,7638,100308,39592,448516,California
Los Angeles,2021-01-21,49388,598427,22694,339159,26694,259268,0,0,45021,388954,4293,104601,45039,493555,California
Los Angeles,2021-01-22,48630,647057,22496,361655,26134,285402,0,0,45098,430585,3483,108084,45114,538669,California
Los Angeles,2021-01-23,34325,681382,15823,377478,18502,303904,0,0,32212,460732,2079,110163,32226,570895,California
Los Angeles,2021-01-24,15769,697151,12194,389672,3575,307479,0,0,15206,475388,553,110716,15209,586104,California
Los Angeles,2021-01-25,39768,736919,16772,406444,22996,330475,0,0,31025,497728,8701,119417,31041,617145,California
Los Angeles,2021-01-26,49923,786842,24749,431193,25174,355649,0,0,41534,530936,8347,127764,41555,658700,California
Los Angeles,2021-01-27,51186,838028,25920,457113,25266,380915,0,0,41635,563195,9403,137167,41662,700362,California
Los Angeles,2021-01-28,49275,887303,23529,480642,25746,406661,0,0,40659,595386,8484,145651,40675,741037,California
Los Angeles,2021-01-29,50117,937420,25775,506417,24342,431003,0,0,39749,625150,10002,155653,39766,780803,California
Los Angeles,2021-01-30,30450,967870,15595,522012,14855,445858,0,0,26047,646884,4319,159972,26053,806856,California
Los Angeles,2021-01-31,12876,980746,10083,532095,2793,448651,0,0,11954,657936,906,160878,11958,818814,California
Los Angeles,2021-02-01,38850,1019596,16378,548473,22472,471123,0,0,28025,675198,10775,171653,28037,846851,California
Los Angeles,2021-02-02,45101,1064697,18073,566546,27028,498151,0,0,32562,695278,12488,184141,32568,879419,California
Los Angeles,2021-02-03,52712,1117409,19619,586165,33093,531244,0,0,37561,717955,14896,199037,37573,916992,California
Los Angeles,2021-02-04,57778,1175187,20847,607012,36931,568175,0,0,39435,739412,17993,217030,39450,956442,California
Los Angeles,2021-02-05,62062,1237249,21202,628214,40860,609035,0,0,39720,757265,21882,238912,39735,996177,California
Los Angeles,2021-02-06,35868,1273117,13477,641691,22391,631426,0,0,27254,776011,8531,247443,27277,1023454,California
Los Angeles,2021-02-07,11025,1284142,8521,650212,2504,633930,0,0,8590,782194,2415,249858,8598,1032052,California
Los Angeles,2021-02-08,47377,1331519,21852,672064,25525,659455,0,0,30906,796783,16323,266181,30912,1062964,California
Los Angeles,2021-02-09,56348,1387867,24785,696849,31563,691018,0,0,28511,797585,27721,293902,28523,1091487,California
Los Angeles,2021-02-10,67666,1455533,29600,726449,38066,729084,0,0,30511,791357,36757,330659,30529,1122016,California
Los Angeles,2021-02-11,58915,1514448,31424,757873,27491,756575,0,0,28213,789378,30202,360861,28223,1150239,California
Los Angeles,2021-02-12,60819,1575267,30146,788019,30673,787248,0,0,26523,782029,33895,394756,26546,1176785,California
Los Angeles,2021-02-13,34238,1609505,20006,808025,14232,801480,0,0,15528,779009,18604,413360,15584,1192369,California
Los Angeles,2021-02-14,22052,1631557,15059,823084,6993,808473,0,0,8830,774694,13154,426514,8839,1201208,California
Los Angeles,2021-02-15,33300,1664857,16152,839236,17148,825621,0,0,18211,777917,15005,441519,18228,1219436,California
Los Angeles,2021-02-16,64831,1729688,32964,872200,31867,857488,0,0,29927,773079,34782,476301,29944,1249380,California
Los Angeles,2021-02-17,65659,1795347,35043,907243,30616,888104,0,0,26600,760854,38840,515141,26615,1275995,California
Los Angeles,2021-02-18,69368,1864715,35269,942512,34099,922203,0,0,28787,749299,40363,555504,28808,1304803,California
Los Angeles,2021-02-19,59652,1924367,36753,979265,22899,945102,0,0,29042,747908,30453,585957,29062,1333865,California
Los Angeles,2021-02-20,33681,1958048,24530,1003795,9151,954253,0,0,16157,746645,17445,603402,16182,1350047,California
Los Angeles,2021-02-21,22797,1980845,21052,1024847,1745,955998,0,0,11418,746765,11304,614706,11424,1361471,California
Los Angeles,2021-02-22,36361,2017206,26514,1051361,9847,965845,0,0,18490,747530,17748,632454,18513,1379984,California
Los Angeles,2021-02-23,57441,2074647,24598,1075959,32843,998688,0,0,22242,734821,34980,667434,22271,1402255,California
Los Angeles,2021-02-24,66965,2141612,29954,1105913,37011,1035699,0,0,28680,725504,38034,705468,28717,1430972,California
Los Angeles,2021-02-25,75081,2216693,34417,1140330,40664,1076363,0,0,38639,727944,36234,741702,38674,1469646,California
Los Angeles,2021-02-26,84556,2301249,39166,1179496,45390,1121753,0,0,47398,738503,36887,778589,47446,1517092,California
Los Angeles,2021-02-27,60899,2362148,26762,1206258,34128,1155881,9,9,30983,739804,29728,808317,31029,1548121,California
Los Angeles,2021-02-28,27084,2389232,18666,1224924,8415,1164296,3,12,18981,750822,7983,816300,19001,1567122,California
Los Angeles,2021-03-01,57734,2446966,32736,1257660,24953,1189249,45,57,34619,762642,22879,839179,34699,1601821,California
Los Angeles,2021-03-02,78480,2525446,38066,1295726,40405,1229654,9,66,49470,783329,28827,868006,49514,1651335,California
Los Angeles,2021-03-03,86415,2611861,44311,1340037,42085,1271739,19,85,54716,806620,31480,899486,54771,1706106,California
Los Angeles,2021-03-04,92209,2704070,47223,1387260,44969,1316708,17,102,58287,831260,33702,933188,58342,1764448,California
Los Angeles,2021-03-05,90887,2794957,44837,1432097,46016,1362724,34,136,60708,862128,29944,963132,60812,1825260,California
Los Angeles,2021-03-06,67681,2862638,34522,1466619,31320,1394044,1839,1975,43586,883627,23933,987065,45432,1870692,California
Los Angeles,2021-03-07,27436,2890074,20887,1487506,5707,1399751,842,2817,21216,899505,6182,993247,22060,1892752,California
Los Angeles,2021-03-08,54638,2944712,29553,1517059,23116,1422867,1969,4786,41284,929542,13225,1006472,43262,1936014,California
Los Angeles,2021-03-09,82192,3026904,39188,1556247,39708,1462575,3296,8082,52260,955334,29759,1036231,55551,1991565,California
Los Angeles,2021-03-10,83715,3110619,41224,1597471,37592,1500167,4899,12981,52934,982551,30571,1066802,57788,2049353,California
Los Angeles,2021-03-11,93840,3204459,46137,1643608,40952,1541119,6751,19732,54908,1005450,38709,1105511,61608,2110961,California
Los Angeles,2021-03-12,99858,3304317,45264,1688872,40658,1581777,13936,33668,58239,1036155,41374,1146885,72079,2183040,California
Los Angeles,2021-03-13,76043,3380360,35910,1724782,28130,1609907,12003,45671,45270,1062707,30642,1177527,57194,2240234,California
Los Angeles,2021-03-14,39251,3419611,26376,1751158,10316,1620223,2559,48230,23921,1073924,15242,1192769,26459,2266693,California
Los Angeles,2021-03-15,75716,3495327,37215,1788373,33033,1653256,5468,53698,45608,1095083,29877,1222646,51036,2317729,California
Los Angeles,2021-03-16,100591,3595918,44266,1832639,50440,1703696,5885,59583,64879,1130321,35464,1258110,70702,2388431,California
Los Angeles,2021-03-17,98237,3694155,44942,1877581,44966,1748662,8329,67912,65707,1171889,32296,1290406,73864,2462295,California
Los Angeles,2021-03-18,103723,3797878,49808,1927389,48327,1796989,5588,73500,65428,1204920,37960,1328366,70991,2533286,California
Los Angeles,2021-03-19,110074,3907952,57610,1984999,47662,1844651,4802,78302,67611,1235116,42154,1370520,72350,2605636,California
Los Angeles,2021-03-20,77039,3984991,37934,2022933,34495,1879146,4610,82912,52285,1267445,24543,1395063,56872,2662508,California
Los Angeles,2021-03-21,34971,4019962,26039,2048972,8026,1887172,906,83818,22357,1278228,12478,1407541,23261,2685769,California
Los Angeles,2021-03-22,71478,4091440,42141,2091113,27160,1914332,2177,85995,50007,1309238,21169,1428710,52179,2737948,California
Los Angeles,2021-03-23,97178,4188618,52799,2143912,41128,1955460,3251,89246,58490,1332569,38395,1467105,61726,2799674,California
Los Angeles,2021-03-24,105595,4294213,56173,2200085,46247,2001707,3175,92421,60453,1351396,44782,1511887,63609,2863283,California
Los Angeles,2021-03-25,111522,4405735,59934,2260019,47677,2049384,3911,96332,62269,1368638,48914,1560801,66156,2929439,California
Los Angeles,2021-03-26,115887,4521622,63544,2323563,48095,2097479,4248,100580,63723,1384737,51834,1612635,67933,2997372,California
Los Angeles,2021-03-27,83974,4605596,44148,2367711,37683,2135162,2143,102723,42765,1388733,40911,1653546,44907,3042279,California
Los Angeles,2021-03-28,42337,4647933,28722,2396433,13029,2148191,586,103309,20078,1387281,22117,1675663,20665,3062944,California
Los Angeles,2021-03-29,83562,4731495,47083,2443516,34695,2182886,1784,105093,46158,1398062,37154,1712817,47935,3110879,California
Los Angeles,2021-03-30,109681,4841176,52522,2496038,51215,2234101,5944,111037,56982,1408519,52422,1765239,62879,3173758,California
Los Angeles,2021-03-31,123258,4964434,62362,2558400,52051,2286152,8845,119882,68375,1431138,54532,1819771,77151,3250909,California
Los Angeles,2021-04-01,134263,5098697,63015,2621415,55770,2341922,15478,135360,71624,1455889,62229,1882000,86980,3337889,California
Los Angeles,2021-04-02,133235,5231932,59656,2681071,57985,2399907,15594,150954,70477,1479520,62373,1944373,86004,3423893,California
Los Angeles,2021-04-03,98991,5330923,45368,2726439,39934,2439841,13689,164643,48711,1491754,50066,1994439,62300,3486193,California
Los Angeles,2021-04-04,39332,5370255,20613,2747052,12074,2451915,6645,171288,16385,1491893,22845,2017284,22984,3509177,California
Los Angeles,2021-04-05,94499,5464754,44789,2791841,39369,2491284,10341,181629,44457,1496800,49803,2067087,54710,3563887,California
Los Angeles,2021-04-06,121919,5586673,57545,2849386,43988,2535272,20386,202015,55754,1506911,65881,2132968,75992,3639879,California
Los Angeles,2021-04-07,121400,5708073,55306,2904692,44809,2580081,21285,223300,54561,1516054,66545,2199513,75688,3715567,California
Los Angeles,2021-04-08,133970,5842043,59039,2963731,50657,2630738,24274,247574,60098,1526725,73508,2273021,84179,3799746,California
Los Angeles,2021-04-09,132870,5974913,57697,3021428,51013,2681751,24160,271734,56699,1531575,75814,2348835,80664,3880410,California
Los Angeles,2021-04-10,102212,6077125,43198,3064626,34772,2716523,24242,295976,37417,1528548,64532,2413367,61505,3941915,California
Los Angeles,2021-04-11,42002,6119127,22705,3087331,9892,2726415,9405,305381,14457,1524893,27446,2440813,23791,3965706,California
Los Angeles,2021-04-12,79848,6198975,39012,3126343,34343,2760758,6493,311874,32605,1516918,47002,2487815,39027,4004733,California
Los Angeles,2021-04-13,118639,6317614,59838,3186181,58367,2819125,434,312308,62689,1524390,55660,2543475,63132,4067865,California
Los Angeles,2021-04-14,120453,6438067,60308,3246489,60011,2879136,134,312442,65200,1534791,54936,2598411,65337,4133202,California
Los Angeles,2021-04-15,131805,6569872,71306,3317795,60300,2939436,199,312641,75292,1553979,56174,2654585,75362,4208564,California
Los Angeles,2021-04-16,132007,6701879,69729,3387524,62132,3001568,146,312787,69459,1561357,62164,2716749,69542,4278106,California
Los Angeles,2021-04-17,99791,6801670,52241,3439765,47519,3049087,31,312818,56859,1575574,42668,2759417,56885,4334991,California
Los Angeles,2021-04-18,35817,6837487,24184,3463949,11632,3060719,1,312819,19587,1579037,16133,2775550,19596,4354587,California
Los Angeles,2021-04-19,77470,6914957,40621,3504570,36831,3097550,18,312837,34757,1571346,42478,2818028,34787,4389374,California
Los Angeles,2021-04-20,105950,7020907,52553,3557123,53367,3150917,30,312867,52369,1570467,53286,2871314,52407,4441781,California
Los Angeles,2021-04-21,114962,7135869,56367,3613490,58404,3209321,191,313058,51023,1558155,63533,2934847,51221,4493002,California
Los Angeles,2021-04-22,118873,7254742,61819,3675309,57020,3266341,34,313092,52397,1544501,66098,3000945,52444,4545446,California
Los Angeles,2021-04-23,118358,7373100,65078,3740387,53257,3319598,23,313115,56448,1539423,61558,3062503,56480,4601926,California
Los Angeles,2021-04-24,90487,7463587,57499,3797886,32946,3352544,42,313157,50375,1550001,39852,3102355,50430,4652356,California
Los Angeles,2021-04-25,38018,7501605,25184,3823070,12828,3365372,6,313163,20455,1553032,17430,3119785,20461,4672817,California
Los Angeles,2021-04-26,79182,7580787,41324,3864394,37347,3402719,511,313674,39037,1552684,39895,3159680,39547,4712364,California
Los Angeles,2021-04-27,95486,7676273,46006,3910400,47477,3450196,2003,315677,37026,1533553,58148,3217828,39017,4751381,California
Los Angeles,2021-04-28,88004,7764277,42692,3953092,43206,3493402,2106,317783,34833,1517694,52792,3270620,36933,4788314,California
Los Angeles,2021-04-29,94612,7858889,47355,4000447,45043,3538445,2214,319997,34275,1494273,59905,3330525,36484,4824798,California
Los Angeles,2021-04-30,102564,7961453,50847,4051294,49257,3587702,2460,322457,37736,1470113,64339,3394864,40179,4864977,California
Los Angeles,2021-05-01,75867,8037320,42421,4093715,31886,3619588,1560,324017,28583,1453320,46928,3441792,30135,4895112,California
Los Angeles,2021-05-02,28089,8065409,18041,4111756,9308,3628896,740,324757,10176,1446448,17786,3459578,10914,4906026,California
Los Angeles,2021-05-03,62601,8128010,30413,4142169,29952,3658848,2236,326993,22763,1431880,39548,3499126,24980,4931006,California
Los Angeles,2021-05-04,88668,8216678,49441,4191610,36930,3695778,2297,329290,27685,1401192,60654,3559780,29966,4960972,California
Los Angeles,2021-05-05,91612,8308290,53651,4245261,35559,3731337,2402,331692,25427,1363204,65806,3625586,27818,4988790,California
Los Angeles,2021-05-06,98659,8406949,59680,4304941,36460,3767797,2519,334211,23610,1314675,74642,3700228,26113,5014903,California
Los Angeles,2021-05-07,98483,8505432,58320,4363261,37782,3805579,2381,336592,27168,1273276,70926,3771154,29527,5044430,California
Los Angeles,2021-05-08,66969,8572401,43958,4407219,21234,3826813,1777,338369,18610,1245646,48008,3819162,20378,5064808,California
Los Angeles,2021-05-09,24487,8596888,18814,4426033,4931,3831744,742,339111,6165,1234329,18217,3837379,6900,5071708,California
Los Angeles,2021-05-10,50793,8647681,26940,4452973,21946,3853690,1907,341018,15558,1216805,34983,3872362,17459,5089167,California
Los Angeles,2021-05-11,71541,8719222,39028,4492001,30359,3884049,2154,343172,18758,1185195,52503,3924865,20893,5110060,California
Los Angeles,2021-05-12,72702,8791924,39815,4531816,30567,3914616,2320,345492,20466,1156044,51909,3976774,22758,5132818,California
Los Angeles,2021-05-13,78461,8870385,47312,4579128,29413,3944029,1736,347228,27985,1135687,50066,4026840,29709,5162527,California
Los Angeles,2021-05-14,89861,8960246,57222,4636350,30758,3974787,1881,349109,33928,1115926,55559,4082399,35798,5198325,California
Los Angeles,2021-05-15,76599,9036845,53606,4689956,21440,3996227,1553,350662,29809,1100795,46481,4128880,31350,5229675,California
Los Angeles,2021-05-16,31026,9067871,24593,4714549,5817,4002044,616,351278,12326,1095137,18595,4147475,12937,5242612,California
Los Angeles,2021-05-17,62109,9129980,40229,4754778,20099,4022143,1781,353059,24935,1084910,36918,4184393,26691,5269303,California
Los Angeles,2021-05-18,65342,9195322,38696,4793474,24809,4046952,1837,354896,25723,1073099,39338,4223731,27527,5296830,California
Los Angeles,2021-05-19,67625,9262947,40760,4834234,25018,4071970,1847,356743,28797,1065180,38547,4262278,30628,5327458,California
Los Angeles,2021-05-20,66645,9329592,37324,4871558,27239,4099209,2082,358825,25200,1051402,41047,4303325,27269,5354727,California
Los Angeles,2021-05-21,70161,9399753,42555,4914113,25528,4124737,2078,360903,27183,1038076,42576,4345901,29250,5383977,California
Los Angeles,2021-05-22,57475,9457228,37377,4951490,18444,4143181,1654,362557,23344,1029176,33887,4379788,24987,5408964,California
Los Angeles,2021-05-23,24321,9481549,16963,4968453,6514,4149695,844,363401,10755,1027339,13432,4393220,11595,5420559,California
Los Angeles,2021-05-24,49086,9530635,27138,4995591,20091,4169786,1857,365258,18585,1017509,30256,4423476,20426,5440985,California
Los Angeles,2021-05-25,49870,9580505,28850,5024441,19246,4189032,1774,367032,19179,1008027,30429,4453905,20947,5461932,California
Los Angeles,2021-05-26,47257,9627762,26703,5051144,18701,4207733,1853,368885,19753,1002432,27081,4480986,21486,5483418,California
Los Angeles,2021-05-27,45538,9673300,25458,5076602,18247,4225980,1833,370718,18809,996583,26474,4507460,20625,5504043,California
Los Angeles,2021-05-28,52416,9725716,29694,5106296,20827,4246807,1895,372613,23271,992915,28821,4536281,25153,5529196,California
Los Angeles,2021-05-29,30565,9756281,17655,5123951,11864,4258671,1046,373659,14209,991996,16162,4552443,15243,5544439,California
Los Angeles,2021-05-30,12499,9768780,8201,5132152,3564,4262235,734,374393,5790,991859,6655,4559098,6518,5550957,California
Los Angeles,2021-05-31,6055,9774835,3743,5135895,2006,4264241,306,374699,1730,989631,4261,4563359,2033,5552990,California
Los Angeles,2021-06-01,46323,9821158,25937,5161832,18813,4283054,1573,376272,17003,979210,28971,4592330,18550,5571540,California
Los Angeles,2021-06-02,38605,9859763,22314,5184146,14837,4297891,1454,377726,15101,972517,23221,4615551,16528,5588068,California
Los Angeles,2021-06-03,42867,9902630,28374,5212520,12929,4310820,1564,379290,14722,960930,27856,4643407,16269,5604337,California
Los Angeles,2021-06-04,52450,9955080,35428,5247948,15335,4326155,1687,380977,16584,943671,35505,4678912,18246,5622583,California
Los Angeles,2021-06-05,42574,9997654,30507,5278455,10684,4336839,1383,382360,12347,927346,30041,4708953,13716,5636299,California
Los Angeles,2021-06-06,14797,10012451,12217,5290672,1841,4338680,739,383099,3984,921320,10742,4719695,4716,5641015,California
Los Angeles,2021-06-07,36989,10049440,26401,5317073,9135,4347815,1453,384552,11770,909509,25015,4744710,13204,5654219,California
Los Angeles,2021-06-08,38422,10087862,26468,5343541,10362,4358177,1592,386144,12776,898521,25342,4770052,14354,5668573,California
Los Angeles,2021-06-09,39907,10127769,28194,5371735,10193,4368370,1520,387664,11757,883887,27883,4797935,13249,5681822,California
Los Angeles,2021-06-10,36662,10164431,25380,5397115,9675,4378045,1607,389271,11561,872174,24864,4822799,13151,5694973,California
Los Angeles,2021-06-11,41245,10205676,28251,5425366,11324,4389369,1670,390941,13488,859865,27451,4850250,15142,5710115,California
Los Angeles,2021-06-12,33435,10239111,24088,5449454,8129,4397498,1218,392159,10336,848475,22930,4873180,11540,5721655,California
Los Angeles,2021-06-13,11534,10250645,8262,5457716,2634,4400132,638,392797,2627,842890,8843,4882023,3258,5724913,California
Los Angeles,2021-06-14,32713,10283358,23520,5481236,7817,4407949,1376,394173,11457,834648,21055,4903078,12813,5737726,California
Los Angeles,2021-06-15,33939,10317297,22775,5504011,9458,4417407,1706,395879,11827,826405,21749,4924827,13506,5751232,California
Los Angeles,2021-06-16,32328,10349625,22347,5526358,8237,4425644,1744,397623,11358,818764,20736,4945563,13095,5764327,California
Los Angeles,2021-06-17,29710,10379335,19912,5546270,8062,4433706,1736,399359,10873,812783,18575,4964138,12594,5776921,California
Los Angeles,2021-06-18,35291,10414626,24279,5570549,9063,4442769,1949,401308,12472,804741,22443,4986581,14401,5791322,California
Los Angeles,2021-06-19,22285,10436911,15031,5585580,5886,4448655,1368,402676,8597,801232,13455,5000036,9946,5801268,California
Los Angeles,2021-06-20,8447,10445358,5946,5591526,2011,4450666,490,403166,3062,799470,5312,5005348,3550,5804818,California
Los Angeles,2021-06-21,19126,10464484,11758,5603284,5993,4456659,1375,404541,10268,802359,8740,5014088,11629,5816447,California
Los Angeles,2021-06-22,26209,10490693,17694,5620978,7002,4463661,1513,406054,10155,798147,15875,5029963,11663,5828110,California
Los Angeles,2021-06-23,24916,10515609,17144,5638122,6377,4470038,1395,407449,10009,794801,14733,5044696,11387,5839497,California
Los Angeles,2021-06-24,24721,10540330,17026,5655148,6094,4476132,1601,409050,9562,790979,14946,5059642,11124,5850621,California
Los Angeles,2021-06-25,29306,10569636,20439,5675587,7259,4483391,1608,410658,11998,787466,17099,5076741,13586,5864207,California
Los Angeles,2021-06-26,19935,10589571,14500,5690087,4419,4487810,1016,411674,8281,785204,11542,5088283,9280,5873487,California
Los Angeles,2021-06-27,8575,10598146,6238,5696325,1905,4489715,432,412106,3636,784390,4872,5093155,4058,5877545,California
Los Angeles,2021-06-28,19992,10618138,15416,5711741,3351,4493066,1225,413331,8748,783235,11119,5104274,9964,5887509,California
Los Angeles,2021-06-29,22373,10640511,15365,5727106,5945,4499011,1063,414394,9838,781746,12377,5116651,10888,5898397,California
Los Angeles,2021-06-30,21952,10662463,15479,5742585,5389,4504400,1084,415478,9919,780853,11880,5128531,10987,5909384,California
Los Angeles,2021-07-01,19854,10682317,14154,5756739,4706,4509106,994,416472,8980,780056,10758,5139289,9961,5919345,California
Los Angeles,2021-07-02,23303,10705620,16508,5773247,5697,4514803,1098,417570,10515,779018,12633,5151922,11595,5930940,California
Los Angeles,2021-07-03,13465,10719085,9531,5782778,3455,4518258,479,418049,6151,778435,7207,5159129,6624,5937564,California
Los Angeles,2021-07-04,752,10719837,387,5783165,316,4518574,49,418098,350,778441,392,5159521,398,5937962,California
Los Angeles,2021-07-05,10984,10730821,8028,5791193,2689,4521263,267,418365,5125,778052,5783,5165304,5394,5943356,California
Los Angeles,2021-07-06,17844,10748665,13006,5804199,3843,4525106,995,419360,6324,773958,11406,5176710,7312,5950668,California
Madera,2020-12-16,22,22,22,22,0,0,0,0,22,22,0,0,22,22,California
Madera,2020-12-17,12,34,12,34,0,0,0,0,12,34,0,0,12,34,California
Madera,2020-12-18,61,95,61,95,0,0,0,0,61,95,0,0,61,95,California
Madera,2020-12-19,5,100,5,100,0,0,0,0,5,100,0,0,5,100,California
Madera,2020-12-20,14,114,14,114,0,0,0,0,14,114,0,0,14,114,California
Madera,2020-12-21,59,173,59,173,0,0,0,0,59,173,0,0,59,173,California
Madera,2020-12-22,97,270,95,268,2,2,0,0,97,270,0,0,97,270,California
Madera,2020-12-23,67,337,67,335,0,2,0,0,67,337,0,0,67,337,California
Madera,2020-12-24,45,382,40,375,5,7,0,0,45,382,0,0,45,382,California
Madera,2020-12-26,27,409,26,401,1,8,0,0,27,409,0,0,27,409,California
Madera,2020-12-27,30,439,12,413,18,26,0,0,30,439,0,0,30,439,California
Madera,2020-12-28,107,546,36,449,71,97,0,0,107,546,0,0,107,546,California
Madera,2020-12-29,176,722,37,486,139,236,0,0,176,722,0,0,176,722,California
Madera,2020-12-30,226,948,90,576,136,372,0,0,226,948,0,0,226,948,California
Madera,2020-12-31,203,1151,81,657,122,494,0,0,203,1151,0,0,203,1151,California
Madera,2021-01-01,2,1153,1,658,1,495,0,0,2,1153,0,0,2,1153,California
Madera,2021-01-02,89,1242,33,691,56,551,0,0,89,1242,0,0,89,1242,California
Madera,2021-01-03,4,1246,4,695,0,551,0,0,4,1246,0,0,4,1246,California
Madera,2021-01-04,130,1376,66,761,64,615,0,0,130,1376,0,0,130,1376,California
Madera,2021-01-05,280,1656,143,904,137,752,0,0,276,1648,4,4,276,1652,California
Madera,2021-01-06,184,1840,27,931,157,909,0,0,164,1792,20,24,164,1816,California
Madera,2021-01-07,400,2240,116,1047,284,1193,0,0,377,2147,23,47,378,2194,California
Madera,2021-01-08,420,2660,72,1119,348,1541,0,0,365,2459,54,101,366,2560,California
Madera,2021-01-09,38,2698,14,1133,24,1565,0,0,29,2479,9,110,29,2589,California
Madera,2021-01-10,17,2715,14,1147,3,1568,0,0,5,2472,12,122,5,2594,California
Madera,2021-01-11,238,2953,190,1337,48,1616,0,0,197,2628,41,163,197,2791,California
Madera,2021-01-12,388,3341,157,1494,231,1847,0,0,284,2808,104,267,284,3075,California
Madera,2021-01-13,184,3525,91,1585,93,1940,0,0,128,2881,56,323,129,3204,California
Madera,2021-01-14,556,4081,84,1669,472,2412,0,0,522,3369,34,357,522,3726,California
Madera,2021-01-15,599,4680,160,1829,439,2851,0,0,577,3924,22,379,577,4303,California
Madera,2021-01-16,383,5063,49,1878,334,3185,0,0,355,4251,28,407,355,4658,California
Madera,2021-01-17,334,5397,15,1893,319,3504,0,0,330,4577,4,411,330,4988,California
Madera,2021-01-18,77,5474,61,1954,16,3520,0,0,58,4617,18,429,58,5046,California
Madera,2021-01-19,566,6040,133,2087,433,3953,0,0,540,5132,26,455,541,5587,California
Madera,2021-01-20,341,6381,184,2271,157,4110,0,0,245,5282,95,550,245,5832,California
Madera,2021-01-21,291,6672,183,2454,108,4218,0,0,227,5447,62,612,227,6059,California
Madera,2021-01-22,262,6934,84,2538,178,4396,0,0,245,5675,17,629,245,6304,California
Madera,2021-01-23,101,7035,53,2591,48,4444,0,0,77,5728,24,653,77,6381,California
Madera,2021-01-24,101,7136,82,2673,19,4463,0,0,79,5785,22,675,79,6460,California
Madera,2021-01-25,269,7405,126,2799,143,4606,0,0,145,5806,124,799,145,6605,California
Madera,2021-01-26,493,7898,190,2989,303,4909,0,0,301,5917,191,990,302,6907,California
Madera,2021-01-27,749,8647,67,3056,682,5591,0,0,611,6392,138,1128,613,7520,California
Madera,2021-01-28,550,9197,111,3167,439,6030,0,0,444,6731,106,1234,445,7965,California
Madera,2021-01-29,471,9668,93,3260,378,6408,0,0,416,7092,55,1289,416,8381,California
Madera,2021-01-30,503,10171,16,3276,487,6895,0,0,449,7487,54,1343,449,8830,California
Madera,2021-01-31,8,10179,5,3281,3,6898,0,0,7,7493,1,1344,7,8837,California
Madera,2021-02-01,331,10510,146,3427,185,7083,0,0,207,7576,124,1468,207,9044,California
Madera,2021-02-02,252,10762,89,3516,163,7246,0,0,159,7644,92,1560,160,9204,California
Madera,2021-02-03,596,11358,459,3975,137,7383,0,0,477,8005,117,1677,478,9682,California
Madera,2021-02-04,398,11756,126,4101,272,7655,0,0,116,7841,281,1958,117,9799,California
Madera,2021-02-05,980,12736,299,4400,681,8336,0,0,371,7610,603,2561,372,10171,California
Madera,2021-02-06,365,13101,327,4727,38,8374,0,0,323,7892,41,2602,323,10494,California
Madera,2021-02-07,35,13136,7,4734,28,8402,0,0,30,7917,5,2607,30,10524,California
Madera,2021-02-08,385,13521,308,5042,77,8479,0,0,269,8071,115,2722,269,10793,California
Madera,2021-02-09,483,14004,118,5160,365,8844,0,0,198,7989,282,3004,200,10993,California
Madera,2021-02-10,434,14438,150,5310,284,9128,0,0,281,8119,151,3155,281,11274,California
Madera,2021-02-11,934,15372,305,5615,629,9757,0,0,400,7987,533,3688,401,11675,California
Madera,2021-02-12,850,16222,121,5736,729,10486,0,0,314,7774,530,4218,317,11992,California
Madera,2021-02-13,484,16706,45,5781,439,10925,0,0,136,7566,347,4565,139,12131,California
Madera,2021-02-14,400,17106,74,5855,326,11251,0,0,134,7435,266,4831,135,12266,California
Madera,2021-02-15,247,17353,100,5955,147,11398,0,0,175,7540,70,4901,175,12441,California
Madera,2021-02-16,778,18131,184,6139,594,11992,0,0,227,7219,549,5450,228,12669,California
Madera,2021-02-17,616,18747,278,6417,338,12330,0,0,343,7298,266,5716,345,13014,California
Madera,2021-02-18,1306,20053,543,6960,763,13093,0,0,1124,8242,181,5897,1125,14139,California
Madera,2021-02-19,869,20922,551,7511,318,13411,0,0,723,8821,145,6042,724,14863,California
Madera,2021-02-20,1078,22000,985,8496,93,13504,0,0,1003,9751,74,6116,1004,15867,California
Madera,2021-02-21,998,22998,856,9352,142,13646,0,0,990,10734,7,6123,990,16857,California
Madera,2021-02-22,961,23959,883,10235,78,13724,0,0,901,11576,59,6182,901,17758,California
Madera,2021-02-23,766,24725,477,10712,289,14013,0,0,538,11887,227,6409,538,18296,California
Madera,2021-02-24,927,25652,300,11012,627,14640,0,0,381,11723,545,6954,381,18677,California
Madera,2021-02-25,1045,26697,317,11329,728,15368,0,0,601,11882,442,7396,601,19278,California
Madera,2021-02-26,1096,27793,199,11528,897,16265,0,0,711,12210,383,7779,711,19989,California
Madera,2021-02-27,925,28718,293,11821,632,16897,0,0,495,12281,427,8206,498,20487,California
Madera,2021-02-28,192,28910,29,11850,163,17060,0,0,186,12461,6,8212,186,20673,California
Madera,2021-03-01,380,29290,120,11970,260,17320,0,0,195,12475,182,8394,196,20869,California
Madera,2021-03-02,744,30034,348,12318,396,17716,0,0,631,12997,111,8505,633,21502,California
Madera,2021-03-03,1360,31394,729,13047,631,18347,0,0,951,13569,406,8911,978,22480,California
Madera,2021-03-04,1204,32598,525,13572,679,19026,0,0,951,14270,254,9165,955,23435,California
Madera,2021-03-05,1364,33962,422,13994,929,19955,13,13,1081,15095,281,9446,1106,24541,California
Madera,2021-03-06,817,34779,636,14630,149,20104,32,45,498,15308,318,9764,531,25072,California
Madera,2021-03-07,156,34935,27,14657,107,20211,22,67,105,15384,51,9815,127,25199,California
Madera,2021-03-08,607,35542,338,14995,209,20420,60,127,313,15464,294,10109,374,25573,California
Madera,2021-03-09,599,36141,296,15291,269,20689,34,161,409,15727,188,10297,451,26024,California
Madera,2021-03-10,1193,37334,559,15850,554,21243,80,241,755,16130,433,10730,836,26860,California
Madera,2021-03-11,1684,39018,869,16719,487,21730,328,569,768,16326,912,11642,1108,27968,California
Madera,2021-03-12,1585,40603,822,17541,608,22338,155,724,801,16529,781,12423,984,28952,California
Madera,2021-03-13,1891,42494,1329,18870,363,22701,199,923,815,16492,1070,13493,1033,29985,California
Madera,2021-03-14,584,43078,449,19319,103,22804,32,955,285,16515,294,13787,317,30302,California
Madera,2021-03-15,746,43824,229,19548,471,23275,46,1001,512,16880,230,14017,595,30897,California
Madera,2021-03-16,934,44758,529,20077,358,23633,47,1048,741,17495,190,14207,805,31702,California
Madera,2021-03-17,1465,46223,980,21057,422,24055,63,1111,906,18008,550,14757,1063,32765,California
Madera,2021-03-18,1957,48180,689,21746,1204,25259,64,1175,970,18154,980,15737,1126,33891,California
Madera,2021-03-19,1586,49766,590,22336,913,26172,83,1258,1027,18788,555,16292,1189,35080,California
Madera,2021-03-20,1179,50945,773,23109,353,26525,53,1311,583,18896,593,16885,701,35781,California
Madera,2021-03-21,1099,52044,896,24005,157,26682,46,1357,363,18576,731,17616,411,36192,California
Madera,2021-03-22,1357,53401,853,24858,440,27122,64,1421,655,18644,698,18314,766,36958,California
Madera,2021-03-23,1432,54833,877,25735,464,27586,91,1512,672,18735,757,19071,848,37806,California
Madera,2021-03-24,949,55782,509,26244,409,27995,31,1543,614,19055,330,19401,650,38456,California
Madera,2021-03-25,1167,56949,527,26771,616,28611,24,1567,643,19221,514,19915,680,39136,California
Madera,2021-03-26,1521,58470,579,27350,809,29420,133,1700,712,19265,805,20720,849,39985,California
Madera,2021-03-27,929,59399,605,27955,299,29719,25,1725,412,19190,513,21233,438,40423,California
Madera,2021-03-28,437,59836,151,28106,226,29945,60,1785,202,19313,234,21467,357,40780,California
Madera,2021-03-29,684,60520,180,28286,475,30420,29,1814,490,19646,190,21657,523,41303,California
Madera,2021-03-30,1071,61591,606,28892,436,30856,29,1843,475,19559,592,22249,505,41808,California
Madera,2021-03-31,1401,62992,542,29434,721,31577,138,1981,424,19150,971,23220,562,42370,California
Madera,2021-04-01,1394,64386,628,30062,715,32292,51,2032,481,18778,902,24122,530,42900,California
Madera,2021-04-02,1607,65993,461,30523,1087,33379,59,2091,479,18200,1117,25239,539,43439,California
Madera,2021-04-03,962,66955,764,31287,178,33557,20,2111,392,18054,568,25807,422,43861,California
Madera,2021-04-04,187,67142,65,31352,120,33677,2,2113,86,18042,101,25908,89,43950,California
Madera,2021-04-05,737,67879,254,31606,424,34101,59,2172,338,18056,397,26305,411,44361,California
Madera,2021-04-06,1703,69582,886,32492,462,34563,355,2527,526,17762,1175,27480,881,45242,California
Madera,2021-04-07,1229,70811,384,32876,695,35258,150,2677,423,17538,802,28282,578,45820,California
Madera,2021-04-08,1729,72540,671,33547,798,36056,260,2937,556,17196,1164,29446,822,46642,California
Madera,2021-04-09,1656,74196,699,34246,808,36864,149,3086,949,17595,702,30148,1101,47743,California
Madera,2021-04-10,979,75175,686,34932,225,37089,68,3154,711,18106,269,30417,780,48523,California
Madera,2021-04-11,811,75986,656,35588,76,37165,79,3233,287,17949,521,30938,364,48887,California
Madera,2021-04-12,817,76803,295,35883,447,37612,75,3308,315,17839,501,31439,391,49278,California
Madera,2021-04-13,1251,78054,618,36501,591,38203,42,3350,728,18099,519,31958,779,50057,California
Madera,2021-04-14,1400,79454,867,37368,533,38736,0,3350,576,17859,822,32780,582,50639,California
Madera,2021-04-15,1171,80625,509,37877,661,39397,1,3351,423,17548,736,33516,425,51064,California
Madera,2021-04-16,1365,81990,549,38426,816,40213,0,3351,387,16974,964,34480,390,51454,California
Madera,2021-04-17,1294,83284,1091,39517,203,40416,0,3351,774,17231,517,34997,774,52228,California
Madera,2021-04-18,260,83544,220,39737,40,40456,0,3351,89,17154,166,35163,89,52317,California
Madera,2021-04-19,821,84365,245,39982,575,41031,1,3352,287,16913,528,35691,287,52604,California
Madera,2021-04-20,906,85271,455,40437,451,41482,0,3352,236,16485,666,36357,238,52842,California
Madera,2021-04-21,903,86174,491,40928,412,41894,0,3352,303,16191,599,36956,305,53147,California
Madera,2021-04-22,1102,87276,535,41463,567,42461,0,3352,379,15852,719,37675,380,53527,California
Madera,2021-04-23,971,88247,318,41781,653,43114,0,3352,340,15566,626,38301,340,53867,California
Madera,2021-04-24,709,88956,466,42247,243,43357,0,3352,247,15356,458,38759,248,54115,California
Madera,2021-04-25,266,89222,160,42407,103,43460,3,3355,119,15336,143,38902,123,54238,California
Madera,2021-04-26,564,89786,110,42517,448,43908,6,3361,133,15047,428,39330,139,54377,California
Madera,2021-04-27,629,90415,281,42798,323,44231,25,3386,316,15079,310,39640,342,54719,California
Madera,2021-04-28,510,90925,205,43003,286,44517,19,3405,247,15083,261,39901,265,54984,California
Madera,2021-04-29,554,91479,251,43254,276,44793,27,3432,259,15082,288,40189,287,55271,California
Madera,2021-04-30,944,92423,510,43764,418,45211,16,3448,274,14709,664,40853,291,55562,California
Madera,2021-05-01,968,93391,870,44634,85,45296,13,3461,389,14533,578,41431,402,55964,California
Madera,2021-05-02,400,93791,352,44986,43,45339,5,3466,145,14428,255,41686,150,56114,California
Madera,2021-05-03,499,94290,199,45185,260,45599,40,3506,101,14174,395,42081,141,56255,California
Madera,2021-05-04,911,95201,440,45625,427,46026,44,3550,216,13739,695,42776,260,56515,California
Madera,2021-05-05,1022,96223,490,46115,472,46498,60,3610,279,13337,741,43517,339,56854,California
Madera,2021-05-06,710,96933,260,46375,418,46916,32,3642,166,12996,539,44056,198,57052,California
Madera,2021-05-07,814,97747,284,46659,509,47425,21,3663,197,12602,611,44667,217,57269,California
Madera,2021-05-08,976,98723,762,47421,203,47628,11,3674,188,12014,787,45454,199,57468,California
Madera,2021-05-09,147,98870,21,47442,115,47743,11,3685,35,11950,110,45564,46,57514,California
Madera,2021-05-10,361,99231,75,47517,274,48017,12,3697,101,11804,259,45823,113,57627,California
Madera,2021-05-11,538,99769,186,47703,343,48360,9,3706,172,11621,364,46187,181,57808,California
Madera,2021-05-12,504,100273,228,47931,240,48600,36,3742,125,11405,377,46564,161,57969,California
Madera,2021-05-13,511,100784,311,48242,168,48768,32,3774,176,11281,332,46896,208,58177,California
Madera,2021-05-14,538,101322,271,48513,243,49011,24,3798,233,11236,302,47198,257,58434,California
Madera,2021-05-15,562,101884,476,48989,78,49089,8,3806,361,11408,197,47395,369,58803,California
Madera,2021-05-16,258,102142,190,49179,36,49125,32,3838,107,11396,151,47546,139,58942,California
Madera,2021-05-17,451,102593,189,49368,234,49359,28,3866,200,11376,248,47794,228,59170,California
Madera,2021-05-18,552,103145,368,49736,160,49519,24,3890,288,11430,258,48052,312,59482,California
Madera,2021-05-19,487,103632,224,49960,241,49760,22,3912,216,11399,269,48321,238,59720,California
Madera,2021-05-20,594,104226,271,50231,286,50046,37,3949,232,11313,355,48676,269,59989,California
Madera,2021-05-21,505,104731,194,50425,284,50330,27,3976,193,11226,307,48983,220,60209,California
Madera,2021-05-22,903,105634,817,51242,74,50404,12,3988,532,11399,371,49354,544,60753,California
Madera,2021-05-23,268,105902,241,51483,17,50421,10,3998,143,11428,124,49478,153,60906,California
Madera,2021-05-24,308,106210,140,51623,127,50548,41,4039,122,11406,185,49663,163,61069,California
Madera,2021-05-25,382,106592,169,51792,181,50729,32,4071,151,11360,229,49892,183,61252,California
Madera,2021-05-26,445,107037,259,52051,164,50893,22,4093,237,11413,206,50098,259,61511,California
Madera,2021-05-27,372,107409,134,52185,200,51093,38,4131,126,11335,242,50340,164,61675,California
Madera,2021-05-28,449,107858,173,52358,248,51341,28,4159,174,11264,273,50613,202,61877,California
Madera,2021-05-29,308,108166,217,52575,73,51414,18,4177,167,11308,141,50754,185,62062,California
Madera,2021-05-30,61,108227,27,52602,30,51444,4,4181,28,11308,32,50786,32,62094,California
Madera,2021-05-31,26,108253,9,52611,13,51457,4,4185,11,11308,15,50801,15,62109,California
Madera,2021-06-01,288,108541,143,52754,122,51579,23,4208,105,11255,181,50982,128,62237,California
Madera,2021-06-02,394,108935,125,52879,246,51825,23,4231,116,11117,277,51259,139,62376,California
Madera,2021-06-03,282,109217,150,53029,117,51942,15,4246,90,11030,192,51451,105,62481,California
Madera,2021-06-04,382,109599,245,53274,126,52068,11,4257,152,10964,229,51680,163,62644,California
Madera,2021-06-05,516,110115,390,53664,113,52181,13,4270,150,10768,359,52039,163,62807,California
Madera,2021-06-06,135,110250,115,53779,13,52194,7,4277,38,10716,97,52136,45,62852,California
Madera,2021-06-07,249,110499,154,53933,74,52268,21,4298,44,10577,204,52340,65,62917,California
Madera,2021-06-08,389,110888,274,54207,94,52362,21,4319,97,10403,292,52632,118,63035,California
Madera,2021-06-09,374,111262,239,54446,108,52470,27,4346,145,10347,228,52860,172,63207,California
Madera,2021-06-10,343,111605,199,54645,128,52598,16,4362,118,10258,223,53083,134,63341,California
Madera,2021-06-11,379,111984,220,54865,127,52725,32,4394,170,10250,208,53291,200,63541,California
Madera,2021-06-12,574,112558,504,55369,54,52779,16,4410,92,9876,482,53773,108,63649,California
Madera,2021-06-13,194,112752,160,55529,29,52808,5,4415,54,9796,139,53912,59,63708,California
Madera,2021-06-14,227,112979,162,55691,42,52850,23,4438,89,9773,135,54047,112,63820,California
Madera,2021-06-15,362,113341,249,55940,80,52930,33,4471,154,9755,205,54252,187,64007,California
Madera,2021-06-16,326,113667,250,56190,62,52992,14,4485,118,9683,204,54456,132,64139,California
Madera,2021-06-17,264,113931,131,56321,124,53116,9,4494,98,9625,165,54621,107,64246,California
Madera,2021-06-18,277,114208,176,56497,77,53193,24,4518,118,9608,158,54779,141,64387,California
Madera,2021-06-19,246,114454,199,56696,39,53232,8,4526,80,9530,166,54945,88,64475,California
Madera,2021-06-20,55,114509,45,56741,3,53235,7,4533,27,9536,28,54973,34,64509,California
Madera,2021-06-21,166,114675,81,56822,60,53295,25,4558,74,9544,91,55064,99,64608,California
Madera,2021-06-22,235,114910,159,56981,58,53353,18,4576,116,9561,117,55181,134,64742,California
Madera,2021-06-23,263,115173,188,57169,65,53418,10,4586,140,9588,123,55304,150,64892,California
Madera,2021-06-24,206,115379,100,57269,84,53502,22,4608,77,9559,128,55432,99,64991,California
Madera,2021-06-25,261,115640,169,57438,68,53570,24,4632,100,9525,158,55590,124,65115,California
Madera,2021-06-26,182,115822,136,57574,34,53604,12,4644,76,9507,106,55696,88,65203,California
Madera,2021-06-27,110,115932,85,57659,21,53625,4,4648,57,9515,53,55749,61,65264,California
Madera,2021-06-28,155,116087,95,57754,41,53666,19,4667,82,9544,72,55821,101,65365,California
Madera,2021-06-29,213,116300,153,57907,43,53709,17,4684,101,9552,110,55931,118,65483,California
Madera,2021-06-30,214,116514,143,58050,64,53773,7,4691,121,9588,92,56023,128,65611,California
Madera,2021-07-01,183,116697,116,58166,43,53816,24,4715,72,9574,110,56133,96,65707,California
Madera,2021-07-02,226,116923,170,58336,42,53858,14,4729,96,9554,130,56263,110,65817,California
Madera,2021-07-03,166,117089,116,58452,41,53899,9,4738,78,9556,85,56348,87,65904,California
Madera,2021-07-04,11,117100,0,58452,7,53906,4,4742,6,9561,5,56353,10,65914,California
Madera,2021-07-05,111,117211,95,58547,9,53915,7,4749,51,9560,59,56412,58,65972,California
Madera,2021-07-06,216,117427,177,58724,26,53941,13,4762,97,9551,119,56531,110,66082,California
Marin,2020-12-15,2,2,2,2,0,0,0,0,2,2,0,0,2,2,California
Marin,2020-12-16,108,110,108,110,0,0,0,0,108,110,0,0,108,110,California
Marin,2020-12-17,275,385,275,385,0,0,0,0,275,385,0,0,275,385,California
Marin,2020-12-18,390,775,390,775,0,0,0,0,390,775,0,0,390,775,California
Marin,2020-12-19,348,1123,347,1122,1,1,0,0,348,1123,0,0,348,1123,California
Marin,2020-12-20,166,1289,165,1287,1,2,0,0,166,1289,0,0,166,1289,California
Marin,2020-12-21,239,1528,236,1523,3,5,0,0,239,1528,0,0,239,1528,California
Marin,2020-12-22,522,2050,317,1840,205,210,0,0,522,2050,0,0,522,2050,California
Marin,2020-12-23,729,2779,315,2155,414,624,0,0,729,2779,0,0,729,2779,California
Marin,2020-12-24,359,3138,158,2313,201,825,0,0,359,3138,0,0,359,3138,California
Marin,2020-12-25,26,3164,0,2313,26,851,0,0,26,3164,0,0,26,3164,California
Marin,2020-12-26,144,3308,95,2408,49,900,0,0,144,3308,0,0,144,3308,California
Marin,2020-12-27,91,3399,54,2462,37,937,0,0,91,3399,0,0,91,3399,California
Marin,2020-12-28,407,3806,99,2561,308,1245,0,0,407,3806,0,0,407,3806,California
Marin,2020-12-29,399,4205,88,2649,311,1556,0,0,399,4205,0,0,399,4205,California
Marin,2020-12-30,630,4835,390,3039,240,1796,0,0,630,4835,0,0,630,4835,California
Marin,2020-12-31,201,5036,35,3074,166,1962,0,0,200,5034,1,1,200,5035,California
Marin,2021-01-01,32,5068,15,3089,17,1979,0,0,32,5066,0,1,32,5067,California
Marin,2021-01-02,114,5182,109,3198,5,1984,0,0,114,5180,0,1,114,5181,California
Marin,2021-01-03,49,5231,31,3229,18,2002,0,0,45,5225,0,1,45,5226,California
Marin,2021-01-04,299,5530,194,3423,105,2107,0,0,298,5522,1,2,298,5524,California
Marin,2021-01-05,373,5903,225,3648,148,2255,0,0,330,5809,43,45,330,5854,California
Marin,2021-01-06,818,6721,318,3966,500,2755,0,0,638,6267,180,225,638,6492,California
Marin,2021-01-07,888,7609,502,4468,386,3141,0,0,528,6436,360,585,529,7021,California
Marin,2021-01-08,975,8584,518,4986,457,3598,0,0,583,6628,391,976,583,7604,California
Marin,2021-01-09,617,9201,222,5208,395,3993,0,0,487,6985,130,1106,487,8091,California
Marin,2021-01-10,130,9331,101,5309,29,4022,0,0,57,6969,73,1179,57,8148,California
Marin,2021-01-11,471,9802,328,5637,143,4165,0,0,250,7000,221,1400,252,8400,California
Marin,2021-01-12,937,10739,545,6182,392,4557,0,0,567,7201,366,1766,567,8967,California
Marin,2021-01-13,1169,11908,494,6676,675,5232,0,0,936,7904,233,1999,936,9903,California
Marin,2021-01-14,1073,12981,320,6996,753,5985,0,0,922,8677,149,2148,922,10825,California
Marin,2021-01-15,1165,14146,355,7351,810,6795,0,0,1033,9581,131,2279,1035,11860,California
Marin,2021-01-16,1124,15270,916,8267,208,7003,0,0,1048,10553,76,2355,1048,12908,California
Marin,2021-01-17,1228,16498,1109,9376,119,7122,0,0,1199,11727,28,2383,1202,14110,California
Marin,2021-01-18,367,16865,161,9537,206,7328,0,0,317,11994,50,2433,317,14427,California
Marin,2021-01-19,1153,18018,910,10447,243,7571,0,0,982,12806,170,2603,982,15409,California
Marin,2021-01-20,1808,19826,1219,11666,589,8160,0,0,1070,13151,726,3329,1071,16480,California
Marin,2021-01-21,1701,21527,1069,12735,632,8792,0,0,1341,14137,357,3686,1343,17823,California
Marin,2021-01-22,1719,23246,1097,13832,622,9414,0,0,1545,15509,174,3860,1546,19369,California
Marin,2021-01-23,1858,25104,1351,15183,507,9921,0,0,1767,17186,90,3950,1767,21136,California
Marin,2021-01-24,620,25724,166,15349,454,10375,0,0,586,17738,34,3984,586,21722,California
Marin,2021-01-25,1132,26856,236,15585,896,11271,0,0,693,17993,439,4423,694,22416,California
Marin,2021-01-26,1520,28376,782,16367,738,12009,0,0,1138,18750,381,4804,1138,23554,California
Marin,2021-01-27,1730,30106,891,17258,839,12848,0,0,1357,19737,371,5175,1358,24912,California
Marin,2021-01-28,2090,32196,1076,18334,1014,13862,0,0,1824,21297,265,5440,1825,26737,California
Marin,2021-01-29,2217,34413,1441,19775,776,14638,0,0,2018,23130,186,5626,2019,28756,California
Marin,2021-01-30,1718,36131,906,20681,812,15450,0,0,1639,24690,79,5705,1639,30395,California
Marin,2021-01-31,459,36590,321,21002,138,15588,0,0,432,25095,27,5732,432,30827,California
Marin,2021-02-01,1096,37686,412,21414,684,16272,0,0,894,25789,201,5933,895,31722,California
Marin,2021-02-02,1431,39117,498,21912,933,17205,0,0,762,25893,658,6591,762,32484,California
Marin,2021-02-03,1788,40905,427,22339,1361,18566,0,0,1278,26662,509,7100,1278,33762,California
Marin,2021-02-04,1566,42471,502,22841,1064,19630,0,0,961,27022,601,7701,961,34723,California
Marin,2021-02-05,2177,44648,674,23515,1503,21133,0,0,1338,27525,835,8536,1338,36061,California
Marin,2021-02-06,1430,46078,850,24365,580,21713,0,0,603,27304,824,9360,603,36664,California
Marin,2021-02-07,1298,47376,1015,25380,283,21996,0,0,497,27001,800,10160,497,37161,California
Marin,2021-02-08,1537,48913,760,26140,777,22773,0,0,733,26933,801,10961,733,37894,California
Marin,2021-02-09,1789,50702,1128,27268,661,23434,0,0,844,26832,945,11906,844,38738,California
Marin,2021-02-10,2357,53059,1504,28772,853,24287,0,0,1224,26926,1131,13037,1225,39963,California
Marin,2021-02-11,2884,55943,1654,30426,1230,25517,0,0,1453,26957,1426,14463,1457,41420,California
Marin,2021-02-12,3094,59037,1552,31978,1542,27059,0,0,1571,27009,1520,15983,1572,42992,California
Marin,2021-02-13,2345,61382,1249,33227,1096,28155,0,0,1126,26918,1217,17200,1126,44118,California
Marin,2021-02-14,824,62206,309,33536,515,28670,0,0,729,27553,95,17295,730,44848,California
Marin,2021-02-15,1232,63438,360,33896,872,29542,0,0,845,28013,386,17681,846,45694,California
Marin,2021-02-16,2484,65922,1063,34959,1421,30963,0,0,1514,28558,969,18650,1514,47208,California
Marin,2021-02-17,2118,68040,948,35907,1170,32133,0,0,1100,28643,1016,19666,1101,48309,California
Marin,2021-02-18,2444,70484,1599,37506,845,32978,0,0,1067,28339,1371,21037,1067,49376,California
Marin,2021-02-19,2807,73291,2191,39697,616,33594,0,0,1246,28041,1545,22582,1247,50623,California
Marin,2021-02-20,2658,75949,2178,41875,480,34074,0,0,1255,27902,1396,23978,1257,51880,California
Marin,2021-02-21,1352,77301,1148,43023,204,34278,0,0,952,28459,395,24373,952,52832,California
Marin,2021-02-22,1905,79206,1461,44484,444,34722,0,0,1258,29074,643,25016,1258,54090,California
Marin,2021-02-23,2971,82177,1713,46197,1258,35980,0,0,1995,30110,960,25976,1996,56086,California
Marin,2021-02-24,3613,85790,1665,47862,1948,37928,0,0,2311,31131,1291,27267,2312,58398,California
Marin,2021-02-25,4146,89936,1958,49820,2188,40116,0,0,2919,32837,1215,28482,2921,61319,California
Marin,2021-02-26,3682,93618,2005,51825,1677,41793,0,0,2652,34472,1018,29500,2653,63972,California
Marin,2021-02-27,2751,96369,1623,53448,1128,42921,0,0,1903,35535,842,30342,1905,65877,California
Marin,2021-02-28,1649,98018,928,54376,721,43642,0,0,1297,36485,347,30689,1297,67174,California
Marin,2021-03-01,2703,100721,1677,56053,1025,44667,1,1,1823,37438,871,31560,1824,68998,California
Marin,2021-03-02,2531,103252,1690,57743,840,45507,1,2,1731,38375,796,32356,1733,70731,California
Marin,2021-03-03,4350,107602,2426,60169,1920,47427,4,6,2817,39668,1528,33884,2821,73552,California
Marin,2021-03-04,3408,111010,1673,61842,1734,49161,1,7,2351,40974,1050,34934,2356,75908,California
Marin,2021-03-05,3087,114097,1180,63022,1894,51055,13,20,1806,41517,1276,36210,1819,77727,California
Marin,2021-03-06,3240,117337,2322,65344,840,51895,78,98,2662,43684,572,36782,2739,80466,California
Marin,2021-03-07,1399,118736,1176,66520,199,52094,24,122,1000,44314,394,37176,1024,81490,California
Marin,2021-03-08,1905,120641,1390,67910,397,52491,118,240,1428,45386,473,37649,1545,83035,California
Marin,2021-03-09,2236,122877,1342,69252,784,53275,110,350,1550,46361,683,38332,1658,84693,California
Marin,2021-03-10,4474,127351,2510,71762,1670,54945,294,644,3221,48626,1247,39579,3512,88205,California
Marin,2021-03-11,4596,131947,1888,73650,2571,57516,137,781,3294,50764,1293,40872,3431,91636,California
Marin,2021-03-12,4005,135952,1549,75199,2102,59618,354,1135,1564,50253,2427,43299,1916,93552,California
Marin,2021-03-13,4116,140068,2867,78066,1175,60793,74,1209,2394,50999,1715,45014,2461,96013,California
Marin,2021-03-14,2283,142351,1105,79171,1060,61853,118,1327,700,50232,1581,46595,814,96827,California
Marin,2021-03-15,3264,145615,1785,80956,1432,63285,47,1374,1201,49434,2046,48641,1248,98075,California
Marin,2021-03-16,4299,149914,2316,83272,1620,64905,363,1737,1447,48394,2848,51489,1808,99883,California
Marin,2021-03-17,4229,154143,2290,85562,1885,66790,54,1791,2041,48314,2174,53663,2094,101977,California
Marin,2021-03-18,4507,158650,2281,87843,2151,68941,75,1866,2120,48139,2367,56030,2192,104169,California
Marin,2021-03-19,4495,163145,2310,90153,1965,70906,220,2086,2328,48527,2156,58186,2544,106713,California
Marin,2021-03-20,3599,166744,2001,92154,1486,72392,112,2198,1924,48901,1663,59849,2037,108750,California
Marin,2021-03-21,1555,168299,1154,93308,378,72770,23,2221,815,49001,737,60586,837,109587,California
Marin,2021-03-22,2513,170812,2169,95477,176,72946,168,2389,918,48498,1588,62174,1085,110672,California
Marin,2021-03-23,4317,175129,2265,97742,1923,74869,129,2518,1915,48148,2394,64568,2044,112716,California
Marin,2021-03-24,4478,179607,2910,100652,1454,76323,114,2632,1814,47424,2650,67218,1926,114642,California
Marin,2021-03-25,4665,184272,2842,103494,1751,78074,72,2704,2243,47331,2406,69624,2313,116955,California
Marin,2021-03-26,4319,188591,2354,105848,1751,79825,214,2918,2398,48037,1906,71530,2612,119567,California
Marin,2021-03-27,3710,192301,2663,108511,1028,80853,19,2937,1141,46638,2558,74088,1159,120726,California
Marin,2021-03-28,2391,194692,1722,110233,663,81516,6,2943,843,45946,1541,75629,849,121575,California
Marin,2021-03-29,2697,197389,2102,112335,570,82086,25,2968,1138,45553,1556,77185,1163,122738,California
Marin,2021-03-30,4670,202059,3651,115986,985,83071,34,3002,2953,46826,1714,78899,2987,125725,California
Marin,2021-03-31,5849,207908,4141,120127,1658,84729,50,3052,2552,46143,3285,82184,2602,128327,California
Marin,2021-04-01,4469,212377,2290,122417,1918,86647,261,3313,2119,46183,2336,84520,2376,130703,California
Marin,2021-04-02,3753,216130,1861,124278,1519,88166,373,3686,2012,46825,1733,86253,2375,133078,California
Marin,2021-04-03,3872,220002,2523,126801,968,89134,381,4067,1464,46273,2396,88649,1844,134922,California
Marin,2021-04-04,1650,221652,1241,128042,208,89342,201,4268,1201,47227,447,89096,1401,136323,California
Marin,2021-04-05,2224,223876,1542,129584,307,89649,375,4643,1276,47933,943,90039,1649,137972,California
Marin,2021-04-06,4001,227877,2122,131706,1321,90970,558,5201,2217,48929,1775,91814,2771,140743,California
Marin,2021-04-07,3996,231873,2015,133721,1334,92304,647,5848,1462,48511,2524,94338,2106,142849,California
Marin,2021-04-08,5069,236942,1978,135699,2479,94783,612,6460,2309,48675,2747,97085,2911,145760,California
Marin,2021-04-09,4008,240950,1567,137266,1709,96492,732,7192,1326,48052,2677,99762,2054,147814,California
Marin,2021-04-10,3228,244178,1487,138753,1306,97798,435,7627,1450,48168,1764,101526,1880,149694,California
Marin,2021-04-11,1069,245247,813,139566,93,97891,163,7790,478,48219,589,102115,640,150334,California
Marin,2021-04-12,1758,247005,1247,140813,349,98240,162,7952,919,48466,835,102950,1082,151416,California
Marin,2021-04-13,3804,250809,2335,143148,1462,99702,7,7959,1379,47440,2412,105362,1386,152802,California
Marin,2021-04-14,4275,255084,2560,145708,1712,101414,3,7962,1751,46693,2499,107861,1752,154554,California
Marin,2021-04-15,5650,260734,3988,149696,1662,103076,0,7962,3232,47524,2402,110263,3233,157787,California
Marin,2021-04-16,4308,265042,2261,151957,2044,105120,3,7965,2096,47428,2196,112459,2100,159887,California
Marin,2021-04-17,3591,268633,2181,154138,1410,106530,0,7965,1795,47436,1789,114248,1797,161684,California
Marin,2021-04-18,3242,271875,3141,157279,101,106631,0,7965,2556,49309,683,114931,2556,164240,California
Marin,2021-04-19,2068,273943,1889,159168,178,106809,1,7966,1155,49561,905,115836,1157,165397,California
Marin,2021-04-20,3802,277745,2641,161809,1161,107970,0,7966,1484,48738,2308,118144,1485,166882,California
Marin,2021-04-21,4154,281899,3063,164872,1088,109058,3,7969,1403,47410,2732,120876,1404,168286,California
Marin,2021-04-22,4297,286196,3276,168148,1021,110079,0,7969,1503,46135,2782,123658,1507,169793,California
Marin,2021-04-23,3294,289490,1859,170007,1435,111514,0,7969,1256,45366,2026,125684,1257,171050,California
Marin,2021-04-24,2525,292015,1685,171692,839,112353,1,7970,923,44701,1590,127274,925,171975,California
Marin,2021-04-25,1384,293399,1263,172955,121,112474,0,7970,303,43931,1073,128347,303,172278,California
Marin,2021-04-26,1669,295068,1432,174387,234,112708,3,7973,410,43089,1256,129603,414,172692,California
Marin,2021-04-27,3083,298151,2222,176609,810,113518,51,8024,1006,42074,2068,131671,1053,173745,California
Marin,2021-04-28,2352,300503,1624,178233,677,114195,51,8075,741,41258,1607,133278,791,174536,California
Marin,2021-04-29,2944,303447,2020,180253,861,115056,63,8138,821,40031,2112,135390,885,175421,California
Marin,2021-04-30,1990,305437,1291,181544,612,115668,87,8225,704,39545,1277,136667,791,176212,California
Marin,2021-05-01,1842,307279,1028,182572,791,116459,23,8248,544,38822,1289,137956,566,176778,California
Marin,2021-05-02,730,308009,590,183162,111,116570,29,8277,201,38528,523,138479,229,177007,California
Marin,2021-05-03,1223,309232,996,184158,171,116741,56,8333,264,37892,955,139434,319,177326,California
Marin,2021-05-04,2963,312195,1994,186152,877,117618,92,8425,478,35986,2476,141910,570,177896,California
Marin,2021-05-05,2795,314990,2033,188185,636,118254,126,8551,452,34227,2336,144246,577,178473,California
Marin,2021-05-06,3278,318268,2539,190724,650,118904,89,8640,427,31901,2839,147085,513,178986,California
Marin,2021-05-07,2056,320324,1550,192274,420,119324,86,8726,385,30704,1665,148750,468,179454,California
Marin,2021-05-08,2507,322831,1900,194174,485,119809,122,8848,349,29026,2149,150899,471,179925,California
Marin,2021-05-09,990,323821,899,195073,72,119881,19,8867,112,28283,875,151774,132,180057,California
Marin,2021-05-10,1420,325241,1158,196231,192,120073,70,8937,204,27345,1211,152985,273,180330,California
Marin,2021-05-11,2351,327592,1870,198101,424,120497,57,8994,307,25667,2041,155026,363,180693,California
Marin,2021-05-12,1863,329455,1465,199566,330,120827,68,9062,298,24472,1559,156585,364,181057,California
Marin,2021-05-13,2684,332139,2295,201861,334,121161,55,9117,1416,24682,1260,157845,1470,182527,California
Marin,2021-05-14,2208,334347,1451,203312,657,121818,100,9217,883,24346,1318,159163,982,183509,California
Marin,2021-05-15,2759,337106,2279,205591,400,122218,80,9297,1672,25012,1086,160249,1752,185261,California
Marin,2021-05-16,1725,338831,1664,207255,53,122271,8,9305,1397,26091,326,160575,1405,186666,California
Marin,2021-05-17,2145,340976,1993,209248,109,122380,43,9348,1704,27404,434,161009,1747,188413,California
Marin,2021-05-18,1535,342511,1189,210437,291,122671,55,9403,790,27509,738,161747,843,189256,California
Marin,2021-05-19,1571,344082,1241,211678,258,122929,72,9475,770,27554,795,162542,840,190096,California
Marin,2021-05-20,1835,345917,1496,213174,253,123182,86,9561,750,27314,1077,163619,837,190933,California
Marin,2021-05-21,1472,347389,845,214019,578,123760,49,9610,437,26772,1028,164647,486,191419,California
Marin,2021-05-22,1434,348823,1084,215103,292,124052,58,9668,962,27326,466,165113,1020,192439,California
Marin,2021-05-23,482,349305,428,215531,42,124094,12,9680,223,27305,257,165370,236,192675,California
Marin,2021-05-24,671,349976,497,216028,134,124228,40,9720,351,27378,317,165687,390,193065,California
Marin,2021-05-25,1006,350982,628,216656,332,124560,46,9766,317,27057,681,166368,360,193425,California
Marin,2021-05-26,728,351710,491,217147,187,124747,50,9816,261,26906,462,166830,311,193736,California
Marin,2021-05-27,1033,352743,663,217810,291,125038,79,9895,341,26637,689,167519,420,194156,California
Marin,2021-05-28,1110,353853,723,218533,307,125345,80,9975,328,26266,778,168297,407,194563,California
Marin,2021-05-29,376,354229,219,218752,147,125492,10,9985,207,26314,169,168466,217,194780,California
Marin,2021-05-30,97,354326,57,218809,35,125527,5,9990,55,26333,41,168507,60,194840,California
Marin,2021-05-31,28,354354,14,218823,13,125540,1,9991,14,26334,14,168521,15,194855,California
Marin,2021-06-01,756,355110,549,219372,162,125702,45,10036,318,26262,434,168955,362,195217,California
Marin,2021-06-02,628,355738,476,219848,100,125802,52,10088,217,26122,407,169362,267,195484,California
Marin,2021-06-03,1502,357240,1329,221177,114,125916,59,10147,231,25144,1268,170630,290,195774,California
Marin,2021-06-04,1036,358276,862,222039,140,126056,34,10181,186,24518,844,171474,218,195992,California
Marin,2021-06-05,1929,360205,1711,223750,170,126226,48,10229,318,23281,1603,173077,366,196358,California
Marin,2021-06-06,1411,361616,1363,225113,14,126240,34,10263,154,22213,1256,174333,188,196546,California
Marin,2021-06-07,1943,363559,1826,226939,67,126307,50,10313,241,20808,1696,176029,291,196837,California
Marin,2021-06-08,980,364539,870,227809,69,126376,41,10354,231,20338,742,176771,272,197109,California
Marin,2021-06-09,744,365283,668,228477,66,126442,10,10364,138,19881,605,177376,148,197257,California
Marin,2021-06-10,881,366164,770,229247,60,126502,51,10415,177,19409,700,178076,228,197485,California
Marin,2021-06-11,695,366859,579,229826,84,126586,32,10447,150,19046,545,178621,182,197667,California
Marin,2021-06-12,923,367782,793,230619,88,126674,42,10489,153,18474,767,179388,195,197862,California
Marin,2021-06-13,416,368198,385,231004,20,126694,11,10500,66,18205,346,179734,77,197939,California
Marin,2021-06-14,871,369069,743,231747,80,126774,48,10548,211,17806,656,180390,257,198196,California
Marin,2021-06-15,539,369608,429,232176,84,126858,26,10574,170,17634,368,180758,196,198392,California
Marin,2021-06-16,493,370101,402,232578,45,126903,46,10620,161,17515,325,181083,206,198598,California
Marin,2021-06-17,558,370659,479,233057,47,126950,32,10652,193,17376,363,181446,224,198822,California
Marin,2021-06-18,495,371154,380,233437,77,127027,38,10690,172,17269,316,181762,209,199031,California
Marin,2021-06-19,364,371518,292,233729,37,127064,35,10725,144,17227,219,181981,177,199208,California
Marin,2021-06-20,114,371632,89,233818,14,127078,11,10736,48,17220,66,182047,59,199267,California
Marin,2021-06-21,350,371982,248,234066,46,127124,56,10792,139,17205,210,182257,195,199462,California
Marin,2021-06-22,451,372433,351,234417,69,127193,31,10823,139,17067,308,182565,170,199632,California
Marin,2021-06-23,358,372791,295,234712,30,127223,33,10856,119,16980,238,182803,151,199783,California
Marin,2021-06-24,396,373187,304,235016,42,127265,50,10906,132,16900,260,183063,180,199963,California
Marin,2021-06-25,376,373563,274,235290,59,127324,43,10949,171,16911,203,183266,214,200177,California
Marin,2021-06-26,321,373884,270,235560,20,127344,31,10980,116,16853,205,183471,147,200324,California
Marin,2021-06-27,209,374093,161,235721,22,127366,26,11006,68,16807,139,183610,93,200417,California
Marin,2021-06-28,394,374487,335,236056,31,127397,28,11034,134,16711,258,183868,162,200579,California
Marin,2021-06-29,412,374899,335,236391,50,127447,27,11061,146,16621,263,184131,173,200752,California
Marin,2021-06-30,265,375164,229,236620,23,127470,13,11074,113,16597,150,184281,126,200878,California
Marin,2021-07-01,257,375421,198,236818,43,127513,16,11090,102,16561,154,184435,118,200996,California
Marin,2021-07-02,365,375786,291,237109,40,127553,34,11124,146,16523,217,184652,179,201175,California
Marin,2021-07-03,274,376060,222,237331,21,127574,31,11155,115,16511,158,184810,146,201321,California
Marin,2021-07-05,115,376175,88,237419,11,127585,16,11171,40,16492,74,184884,55,201376,California
Marin,2021-07-06,270,376445,225,237644,19,127604,26,11197,84,16419,182,185066,109,201485,California
Mariposa,2020-12-17,38,38,38,38,0,0,0,0,40,40,0,0,40,40,California
Mariposa,2020-12-18,55,93,55,93,0,0,0,0,56,96,0,0,56,96,California
Mariposa,2020-12-20,2,95,2,95,0,0,0,0,2,98,0,0,2,98,California
Mariposa,2020-12-21,49,144,49,144,0,0,0,0,53,151,0,0,53,151,California
Mariposa,2020-12-22,5,149,5,149,0,0,0,0,5,156,0,0,5,156,California
Mariposa,2020-12-23,16,165,16,165,0,0,0,0,16,172,0,0,16,172,California
Mariposa,2020-12-24,1,166,0,165,1,1,0,0,0,172,1,1,1,173,California
Mariposa,2020-12-26,1,167,1,166,0,1,0,0,1,173,0,1,1,174,California
Mariposa,2020-12-27,1,168,0,166,1,2,0,0,1,174,0,1,1,175,California
Mariposa,2020-12-28,6,174,3,169,3,5,0,0,6,180,0,1,6,181,California
Mariposa,2020-12-29,33,207,3,172,30,35,0,0,33,213,0,1,33,214,California
Mariposa,2020-12-30,26,233,4,176,22,57,0,0,26,239,0,1,26,240,California
Mariposa,2020-12-31,17,250,0,176,17,74,0,0,17,256,0,1,17,257,California
Mariposa,2021-01-02,1,251,1,177,0,74,0,0,1,257,0,1,1,258,California
Mariposa,2021-01-04,9,260,2,179,7,81,0,0,9,266,0,1,9,267,California
Mariposa,2021-01-05,24,284,14,193,10,91,0,0,14,270,10,11,14,281,California
Mariposa,2021-01-06,6,290,3,196,3,94,0,0,3,270,3,14,3,284,California
Mariposa,2021-01-07,50,340,45,241,5,99,0,0,5,230,45,59,5,289,California
Mariposa,2021-01-08,110,450,80,321,30,129,0,0,34,188,76,135,34,323,California
Mariposa,2021-01-09,1,451,0,321,1,130,0,0,1,189,0,135,1,324,California
Mariposa,2021-01-11,31,482,10,331,21,151,0,0,23,204,8,143,23,347,California
Mariposa,2021-01-12,19,501,4,335,15,166,0,0,15,215,4,147,15,362,California
Mariposa,2021-01-13,21,522,4,339,17,183,0,0,18,230,3,150,18,380,California
Mariposa,2021-01-14,74,596,7,346,67,250,0,0,68,292,6,156,68,448,California
Mariposa,2021-01-15,68,664,27,373,41,291,0,0,58,340,10,166,58,506,California
Mariposa,2021-01-16,14,678,2,375,12,303,0,0,13,352,1,167,13,519,California
Mariposa,2021-01-17,3,681,1,376,2,305,0,0,2,353,1,168,2,521,California
Mariposa,2021-01-18,4,685,3,379,1,306,0,0,2,353,2,170,2,523,California
Mariposa,2021-01-19,8,693,4,383,4,310,0,0,5,356,2,172,5,528,California
Mariposa,2021-01-20,24,717,1,384,23,333,0,0,23,378,1,173,23,551,California
Mariposa,2021-01-21,66,783,8,392,58,391,0,0,62,436,4,177,62,613,California
Mariposa,2021-01-22,56,839,3,395,53,444,0,0,56,492,0,177,56,669,California
Mariposa,2021-01-23,116,955,2,397,114,558,0,0,114,604,2,179,114,783,California
Mariposa,2021-01-24,2,957,2,399,0,558,0,0,2,606,0,179,2,785,California
Mariposa,2021-01-25,4,961,1,400,3,561,0,0,0,602,4,183,0,785,California
Mariposa,2021-01-26,37,998,3,403,34,595,0,0,4,577,33,216,8,793,California
Mariposa,2021-01-27,26,1024,2,405,24,619,0,0,13,578,12,228,13,806,California
Mariposa,2021-01-28,127,1151,3,408,124,743,0,0,114,680,12,240,114,920,California
Mariposa,2021-01-29,94,1245,23,431,71,814,0,0,93,772,1,241,93,1013,California
Mariposa,2021-01-30,9,1254,1,432,8,822,0,0,8,779,1,242,8,1021,California
Mariposa,2021-01-31,1,1255,0,432,1,823,0,0,1,780,0,242,1,1022,California
Mariposa,2021-02-01,93,1348,32,464,61,884,0,0,72,831,21,263,72,1094,California
Mariposa,2021-02-02,15,1363,3,467,12,896,0,0,9,834,6,269,9,1103,California
Mariposa,2021-02-03,20,1383,1,468,19,915,0,0,13,841,6,275,13,1116,California
Mariposa,2021-02-04,98,1481,8,476,90,1005,0,0,93,931,4,279,94,1210,California
Mariposa,2021-02-05,193,1674,5,481,188,1193,0,0,166,1070,27,306,166,1376,California
Mariposa,2021-02-06,11,1685,4,485,7,1200,0,0,10,1079,1,307,10,1386,California
Mariposa,2021-02-07,1,1686,0,485,1,1201,0,0,1,1080,0,307,1,1387,California
Mariposa,2021-02-08,42,1728,2,487,40,1241,0,0,23,1084,19,326,23,1410,California
Mariposa,2021-02-09,45,1773,25,512,20,1261,0,0,39,1117,6,332,39,1449,California
Mariposa,2021-02-10,28,1801,5,517,23,1284,0,0,17,1130,10,342,23,1472,California
Mariposa,2021-02-11,378,2179,6,523,372,1656,0,0,362,1479,16,358,365,1837,California
Mariposa,2021-02-12,188,2367,8,531,180,1836,0,0,144,1579,44,402,144,1981,California
Mariposa,2021-02-13,12,2379,3,534,9,1845,0,0,10,1587,2,404,10,1991,California
Mariposa,2021-02-14,8,2387,4,538,4,1849,0,0,5,1589,3,407,5,1996,California
Mariposa,2021-02-15,9,2396,3,541,6,1855,0,0,7,1594,2,409,7,2003,California
Mariposa,2021-02-16,60,2456,36,577,24,1879,0,0,36,1607,24,433,37,2040,California
Mariposa,2021-02-17,37,2493,9,586,28,1907,0,0,27,1626,9,442,28,2068,California
Mariposa,2021-02-18,57,2550,7,593,50,1957,0,0,20,1609,37,479,20,2088,California
Mariposa,2021-02-19,83,2633,4,597,79,2036,0,0,74,1675,9,488,75,2163,California
Mariposa,2021-02-20,256,2889,4,601,252,2288,0,0,224,1869,30,518,224,2387,California
Mariposa,2021-02-21,238,3127,4,605,234,2522,0,0,236,2104,1,519,236,2623,California
Mariposa,2021-02-22,24,3151,9,614,15,2537,0,0,21,2122,3,522,21,2644,California
Mariposa,2021-02-23,43,3194,37,651,6,2543,0,0,25,2129,18,540,25,2669,California
Mariposa,2021-02-24,21,3215,3,654,18,2561,0,0,8,2125,12,552,8,2677,California
Mariposa,2021-02-25,18,3233,9,663,9,2570,0,0,12,2131,6,558,12,2689,California
Mariposa,2021-02-26,421,3654,7,670,414,2984,0,0,354,2419,67,625,355,3044,California
Mariposa,2021-02-27,172,3826,7,677,165,3149,0,0,161,2569,11,636,161,3205,California
Mariposa,2021-02-28,2,3828,1,678,1,3150,0,0,0,2567,2,638,0,3205,California
Mariposa,2021-03-01,87,3915,26,704,61,3211,0,0,18,2517,68,706,18,3223,California
Mariposa,2021-03-02,21,3936,14,718,7,3218,0,0,11,2519,9,715,11,3234,California
Mariposa,2021-03-03,72,4008,6,724,66,3284,0,0,66,2580,6,721,67,3301,California
Mariposa,2021-03-04,42,4050,10,734,32,3316,0,0,20,2579,22,743,21,3322,California
Mariposa,2021-03-05,63,4113,10,744,53,3369,0,0,40,2603,23,766,47,3369,California
Mariposa,2021-03-06,17,4130,7,751,10,3379,0,0,7,2601,10,776,8,3377,California
Mariposa,2021-03-07,1,4131,1,752,0,3379,0,0,0,2600,1,777,0,3377,California
Mariposa,2021-03-08,39,4170,4,756,24,3403,11,11,9,2590,30,807,20,3397,California
Mariposa,2021-03-09,46,4216,18,774,18,3421,10,21,14,2582,32,839,24,3421,California
Mariposa,2021-03-10,34,4250,12,786,12,3433,10,31,10,2579,23,862,20,3441,California
Mariposa,2021-03-11,471,4721,6,792,445,3878,20,51,222,2576,248,1110,245,3686,California
Mariposa,2021-03-12,255,4976,8,800,219,4097,28,79,108,2564,147,1257,135,3821,California
Mariposa,2021-03-13,35,5011,6,806,14,4111,15,94,12,2567,23,1280,26,3847,California
Mariposa,2021-03-14,18,5029,2,808,5,4116,11,105,3,2567,14,1294,14,3861,California
Mariposa,2021-03-15,78,5107,8,816,31,4147,39,144,32,2591,46,1340,70,3931,California
Mariposa,2021-03-16,82,5189,34,850,14,4161,34,178,24,2591,58,1398,58,3989,California
Mariposa,2021-03-17,73,5262,11,861,54,4215,8,186,52,2631,21,1419,61,4050,California
Mariposa,2021-03-18,66,5328,16,877,41,4256,9,195,42,2658,24,1443,51,4101,California
Mariposa,2021-03-19,340,5668,11,888,324,4580,5,200,303,2929,37,1480,308,4409,California
Mariposa,2021-03-20,427,6095,7,895,418,4998,2,202,45,2596,382,1862,49,4458,California
Mariposa,2021-03-21,15,6110,9,904,5,5003,1,203,10,2603,4,1866,11,4469,California
Mariposa,2021-03-22,38,6148,8,912,22,5025,8,211,25,2625,13,1879,35,4504,California
Mariposa,2021-03-23,55,6203,35,947,10,5035,10,221,34,2648,21,1900,44,4548,California
Mariposa,2021-03-24,57,6260,6,953,49,5084,2,223,52,2697,5,1905,54,4602,California
Mariposa,2021-03-25,77,6337,16,969,53,5137,8,231,54,2738,21,1926,62,4664,California
Mariposa,2021-03-26,490,6827,10,979,479,5616,1,232,252,2753,238,2164,253,4917,California
Mariposa,2021-03-27,223,7050,8,987,215,5831,0,232,88,2708,135,2299,90,5007,California
Mariposa,2021-03-28,5,7055,0,987,2,5833,3,235,1,2708,4,2303,4,5011,California
Mariposa,2021-03-29,20,7075,6,993,14,5847,0,235,12,2712,8,2311,12,5023,California
Mariposa,2021-03-30,37,7112,13,1006,8,5855,16,251,14,2719,23,2334,30,5053,California
Mariposa,2021-03-31,89,7201,16,1022,66,5921,7,258,68,2773,21,2355,75,5128,California
Mariposa,2021-04-01,55,7256,11,1033,35,5956,9,267,35,2797,20,2375,44,5172,California
Mariposa,2021-04-02,350,7606,13,1046,334,6290,3,270,307,3065,42,2417,310,5482,California
Mariposa,2021-04-03,11,7617,8,1054,3,6293,0,270,6,3066,5,2422,6,5488,California
Mariposa,2021-04-04,2,7619,1,1055,0,6293,1,271,0,3065,2,2424,1,5489,California
Mariposa,2021-04-05,34,7653,23,1078,7,6300,4,275,17,3069,17,2441,21,5510,California
Mariposa,2021-04-06,43,7696,21,1099,6,6306,16,291,13,3069,29,2470,29,5539,California
Mariposa,2021-04-07,99,7795,7,1106,73,6379,19,310,28,3045,71,2541,47,5586,California
Mariposa,2021-04-08,280,8075,16,1122,245,6624,19,329,145,3077,133,2674,165,5751,California
Mariposa,2021-04-09,39,8114,9,1131,15,6639,15,344,11,3075,28,2702,26,5777,California
Mariposa,2021-04-10,202,8316,4,1135,188,6827,10,354,187,3258,13,2715,196,5973,California
Mariposa,2021-04-11,124,8440,4,1139,118,6945,2,356,57,3251,67,2782,60,6033,California
Mariposa,2021-04-12,43,8483,14,1153,27,6972,2,358,14,3238,29,2811,16,6049,California
Mariposa,2021-04-13,53,8536,46,1199,7,6979,0,358,34,3253,19,2830,34,6083,California
Mariposa,2021-04-14,113,8649,9,1208,104,7083,0,358,58,3257,54,2884,58,6141,California
Mariposa,2021-04-15,58,8707,16,1224,42,7125,0,358,41,3284,14,2898,41,6182,California
Mariposa,2021-04-16,381,9088,11,1235,370,7495,0,358,106,3115,275,3173,106,6288,California
Mariposa,2021-04-17,10,9098,6,1241,4,7499,0,358,8,3121,2,3175,8,6296,California
Mariposa,2021-04-18,7,9105,0,1241,7,7506,0,358,3,3120,4,3179,3,6299,California
Mariposa,2021-04-19,58,9163,26,1267,32,7538,0,358,30,3124,26,3205,30,6329,California
Mariposa,2021-04-20,62,9225,48,1315,14,7552,0,358,37,3138,23,3228,37,6366,California
Mariposa,2021-04-21,93,9318,15,1330,78,7630,0,358,43,3132,49,3277,43,6409,California
Mariposa,2021-04-22,51,9369,11,1341,40,7670,0,358,38,3158,12,3289,38,6447,California
Mariposa,2021-04-23,316,9685,71,1412,245,7915,0,358,145,3134,171,3460,147,6594,California
Mariposa,2021-04-24,106,9791,10,1422,96,8011,0,358,43,3115,62,3522,43,6637,California
Mariposa,2021-04-26,17,9808,12,1434,5,8016,0,358,6,3110,11,3533,6,6643,California
Mariposa,2021-04-27,34,9842,17,1451,15,8031,2,360,15,3111,16,3549,17,6660,California
Mariposa,2021-04-28,73,9915,13,1464,53,8084,7,367,27,3099,46,3595,34,6694,California
Mariposa,2021-04-29,83,9998,12,1476,70,8154,1,368,78,3173,5,3600,79,6773,California
Mariposa,2021-04-30,210,10208,5,1481,200,8354,5,373,62,3092,148,3748,67,6840,California
Mariposa,2021-05-01,3,10211,2,1483,1,8355,0,373,1,3091,2,3750,1,6841,California
Mariposa,2021-05-02,3,10214,2,1485,0,8355,1,374,0,3089,3,3753,1,6842,California
Mariposa,2021-05-03,16,10230,12,1497,3,8358,1,375,7,3088,9,3762,8,6850,California
Mariposa,2021-05-04,50,10280,31,1528,15,8373,4,379,37,3116,13,3775,41,6891,California
Mariposa,2021-05-05,57,10337,9,1537,46,8419,2,381,18,3097,39,3814,20,6911,California
Mariposa,2021-05-06,57,10394,36,1573,16,8435,5,386,40,3125,17,3831,45,6956,California
Mariposa,2021-05-07,28,10422,8,1581,17,8452,3,389,13,3126,15,3846,16,6972,California
Mariposa,2021-05-08,282,10704,7,1588,275,8727,0,389,33,2912,249,4095,35,7007,California
Mariposa,2021-05-09,2,10706,1,1589,1,8728,0,389,0,2910,2,4097,0,7007,California
Mariposa,2021-05-10,20,10726,9,1598,9,8737,2,391,5,2902,15,4112,7,7014,California
Mariposa,2021-05-11,28,10754,18,1616,10,8747,0,391,21,2917,6,4118,21,7035,California
Mariposa,2021-05-12,68,10822,4,1620,58,8805,6,397,6,2867,62,4180,12,7047,California
Mariposa,2021-05-13,48,10870,8,1628,38,8843,2,399,13,2847,35,4215,15,7062,California
Mariposa,2021-05-14,249,11119,121,1749,121,8964,7,406,117,2839,132,4347,124,7186,California
Mariposa,2021-05-15,19,11138,9,1758,8,8972,2,408,11,2845,6,4353,12,7198,California
Mariposa,2021-05-16,3,11141,1,1759,1,8973,1,409,1,2845,2,4355,2,7200,California
Mariposa,2021-05-17,18,11159,7,1766,7,8980,4,413,7,2844,11,4366,10,7210,California
Mariposa,2021-05-18,63,11222,43,1809,15,8995,5,418,46,2879,16,4382,51,7261,California
Mariposa,2021-05-19,71,11293,32,1841,38,9033,1,419,52,2914,18,4400,53,7314,California
Mariposa,2021-05-20,33,11326,18,1859,13,9046,2,421,12,2907,21,4421,14,7328,California
Mariposa,2021-05-21,94,11420,9,1868,83,9129,2,423,43,2903,49,4470,45,7373,California
Mariposa,2021-05-22,49,11469,7,1875,41,9170,1,424,18,2891,31,4501,19,7392,California
Mariposa,2021-05-23,4,11473,2,1877,1,9171,1,425,2,2892,2,4503,3,7395,California
Mariposa,2021-05-24,14,11487,8,1885,4,9175,2,427,8,2896,6,4509,10,7405,California
Mariposa,2021-05-25,26,11513,16,1901,10,9185,0,427,18,2906,8,4517,18,7423,California
Mariposa,2021-05-26,35,11548,4,1905,27,9212,4,431,28,2931,7,4524,32,7455,California
Mariposa,2021-05-27,120,11668,64,1969,55,9267,1,432,62,2936,58,4582,63,7518,California
Mariposa,2021-05-28,65,11733,5,1974,56,9323,4,436,23,2921,42,4624,27,7545,California
Mariposa,2021-05-29,8,11741,2,1976,5,9328,1,437,3,2922,3,4627,4,7549,California
Mariposa,2021-05-30,1,11742,0,1976,0,9328,1,438,0,2922,1,4628,1,7550,California
Mariposa,2021-05-31,2,11744,0,1976,1,9329,1,439,0,2921,2,4630,1,7551,California
Mariposa,2021-06-01,14,11758,3,1979,11,9340,0,439,5,2917,9,4639,5,7556,California
Mariposa,2021-06-02,26,11784,14,1993,7,9347,5,444,6,2909,19,4658,11,7567,California
Mariposa,2021-06-03,20,11804,10,2003,7,9354,3,447,7,2906,13,4671,10,7577,California
Mariposa,2021-06-04,89,11893,78,2081,9,9363,2,449,26,2872,61,4732,27,7604,California
Mariposa,2021-06-05,30,11923,4,2085,24,9387,2,451,7,2858,23,4755,9,7613,California
Mariposa,2021-06-06,4,11927,3,2088,0,9387,1,452,1,2857,3,4758,2,7615,California
Mariposa,2021-06-07,9,11936,4,2092,5,9392,0,452,3,2855,5,4763,3,7618,California
Mariposa,2021-06-08,45,11981,34,2126,9,9401,2,454,13,2838,32,4795,15,7633,California
Mariposa,2021-06-09,28,12009,21,2147,2,9403,5,459,6,2827,22,4817,11,7644,California
Mariposa,2021-06-10,16,12025,8,2155,5,9408,3,462,6,2827,10,4827,10,7654,California
Mariposa,2021-06-11,43,12068,12,2167,23,9431,8,470,9,2810,34,4861,17,7671,California
Mariposa,2021-06-12,17,12085,11,2178,5,9436,1,471,3,2799,14,4875,3,7674,California
Mariposa,2021-06-13,1,12086,0,2178,0,9436,1,472,0,2799,1,4876,1,7675,California
Mariposa,2021-06-14,13,12099,4,2182,8,9444,1,473,5,2797,8,4884,6,7681,California
Mariposa,2021-06-15,24,12123,12,2194,11,9455,1,474,7,2788,17,4901,8,7689,California
Mariposa,2021-06-16,28,12151,12,2206,15,9470,1,475,7,2775,21,4922,8,7697,California
Mariposa,2021-06-17,11,12162,6,2212,5,9475,0,475,4,2772,7,4929,4,7701,California
Mariposa,2021-06-18,68,12230,49,2261,16,9491,3,478,33,2773,34,4963,35,7736,California
Mariposa,2021-06-19,18,12248,5,2266,13,9504,0,478,6,2767,12,4975,6,7742,California
Mariposa,2021-06-21,11,12259,4,2270,7,9511,0,478,7,2771,3,4978,7,7749,California
Mariposa,2021-06-22,23,12282,9,2279,11,9522,3,481,13,2777,10,4988,16,7765,California
Mariposa,2021-06-23,8,12290,2,2281,3,9525,3,484,4,2780,4,4992,7,7772,California
Mariposa,2021-06-24,11,12301,4,2285,7,9532,0,484,5,2779,6,4998,5,7777,California
Mariposa,2021-06-25,50,12351,22,2307,27,9559,1,485,17,2765,32,5030,18,7795,California
Mariposa,2021-06-26,1,12352,1,2308,0,9559,0,485,0,2764,1,5031,0,7795,California
Mariposa,2021-06-27,1,12353,0,2308,0,9559,1,486,0,2764,1,5032,1,7796,California
Mariposa,2021-06-28,1,12354,1,2309,0,9559,0,486,1,2765,0,5032,1,7797,California
Mariposa,2021-06-29,4,12358,0,2309,3,9562,1,487,2,2766,2,5034,3,7800,California
Mariposa,2021-06-30,2,12360,0,2309,1,9563,1,488,0,2765,2,5036,1,7801,California
Mariposa,2021-07-01,21,12381,17,2326,2,9565,2,490,8,2762,13,5049,10,7811,California
Mariposa,2021-07-02,1,12382,1,2327,0,9565,0,490,1,2763,0,5049,1,7812,California
Mariposa,2021-07-05,3,12385,1,2328,1,9566,1,491,1,2763,2,5051,2,7814,California
Mariposa,2021-07-06,7,12392,2,2330,0,9566,5,496,1,2763,6,5057,6,7820,California
Mendocino,2020-12-17,70,70,70,70,0,0,0,0,70,70,0,0,70,70,California
Mendocino,2020-12-18,85,155,84,154,1,1,0,0,84,154,0,0,84,154,California
Mendocino,2020-12-19,4,159,4,158,0,1,0,0,4,158,0,0,4,158,California
Mendocino,2020-12-20,7,166,7,165,0,1,0,0,7,165,0,0,7,165,California
Mendocino,2020-12-21,238,404,238,403,0,1,0,0,77,242,0,0,77,242,California
Mendocino,2020-12-22,253,657,192,595,61,62,0,0,253,495,0,0,253,495,California
Mendocino,2020-12-23,272,929,48,643,224,286,0,0,271,766,0,0,271,766,California
Mendocino,2020-12-24,49,978,8,651,41,327,0,0,49,815,0,0,49,815,California
Mendocino,2020-12-25,1,979,0,651,1,328,0,0,1,816,0,0,1,816,California
Mendocino,2020-12-26,2,981,2,653,0,328,0,0,2,818,0,0,2,818,California
Mendocino,2020-12-27,1,982,0,653,1,329,0,0,1,819,0,0,1,819,California
Mendocino,2020-12-28,74,1056,9,662,65,394,0,0,74,893,0,0,74,893,California
Mendocino,2020-12-29,122,1178,61,723,61,455,0,0,122,1015,0,0,122,1015,California
Mendocino,2020-12-30,122,1300,69,792,53,508,0,0,122,1137,0,0,122,1137,California
Mendocino,2020-12-31,132,1432,97,889,35,543,0,0,132,1269,0,0,132,1269,California
Mendocino,2021-01-01,10,1442,7,896,3,546,0,0,10,1279,0,0,10,1279,California
Mendocino,2021-01-02,1,1443,1,897,0,546,0,0,1,1280,0,0,1,1280,California
Mendocino,2021-01-04,838,2281,18,915,820,1366,0,0,838,2118,0,0,838,2118,California
Mendocino,2021-01-05,71,2352,36,951,35,1401,0,0,58,2163,13,13,58,2176,California
Mendocino,2021-01-06,158,2510,136,1087,22,1423,0,0,148,2301,10,23,148,2324,California
Mendocino,2021-01-07,361,2871,239,1326,122,1545,0,0,298,2536,63,86,298,2622,California
Mendocino,2021-01-08,95,2966,82,1408,13,1558,0,0,41,2524,54,140,42,2664,California
Mendocino,2021-01-09,10,2976,6,1414,4,1562,0,0,8,2530,2,142,8,2672,California
Mendocino,2021-01-10,9,2985,8,1422,1,1563,0,0,2,2525,7,149,2,2674,California
Mendocino,2021-01-11,103,3088,93,1515,10,1573,0,0,45,2513,57,206,45,2719,California
Mendocino,2021-01-12,389,3477,379,1894,10,1583,0,0,272,2668,117,323,272,2991,California
Mendocino,2021-01-13,496,3973,149,2043,347,1930,0,0,451,3077,43,366,452,3443,California
Mendocino,2021-01-14,656,4629,21,2064,635,2565,0,0,647,3715,9,375,647,4090,California
Mendocino,2021-01-15,1879,6508,868,2932,1011,3576,0,0,1874,5585,5,380,1875,5965,California
Mendocino,2021-01-16,790,7298,48,2980,742,4318,0,0,788,6371,2,382,788,6753,California
Mendocino,2021-01-17,554,7852,1,2981,553,4871,0,0,553,6923,1,383,553,7306,California
Mendocino,2021-01-18,487,8339,462,3443,25,4896,0,0,475,7386,12,395,475,7781,California
Mendocino,2021-01-19,337,8676,151,3594,186,5082,0,0,159,7367,178,573,159,7940,California
Mendocino,2021-01-20,559,9235,410,4004,149,5231,0,0,452,7715,105,678,453,8393,California
Mendocino,2021-01-21,539,9774,226,4230,313,5544,0,0,352,7881,186,864,352,8745,California
Mendocino,2021-01-22,152,9926,61,4291,91,5635,0,0,112,7953,40,904,112,8857,California
Mendocino,2021-01-23,155,10081,84,4375,71,5706,0,0,149,8096,6,910,149,9006,California
Mendocino,2021-01-24,5,10086,3,4378,2,5708,0,0,5,8101,0,910,5,9011,California
Mendocino,2021-01-25,192,10278,18,4396,174,5882,0,0,122,8153,70,980,122,9133,California
Mendocino,2021-01-26,154,10432,54,4450,100,5982,0,0,95,8189,59,1039,95,9228,California
Mendocino,2021-01-27,445,10877,374,4824,71,6053,0,0,178,8107,260,1299,178,9406,California
Mendocino,2021-01-28,604,11481,541,5365,63,6116,0,0,508,8520,95,1394,508,9914,California
Mendocino,2021-01-29,392,11873,352,5717,40,6156,0,0,363,8855,29,1423,364,10278,California
Mendocino,2021-01-30,50,11923,31,5748,19,6175,0,0,43,8891,7,1430,43,10321,California
Mendocino,2021-01-31,275,12198,2,5750,273,6448,0,0,4,8624,271,1701,4,10325,California
Mendocino,2021-02-01,383,12581,54,5804,329,6777,0,0,60,8361,323,2024,60,10385,California
Mendocino,2021-02-02,747,13328,526,6330,221,6998,0,0,385,8384,362,2386,385,10770,California
Mendocino,2021-02-03,398,13726,209,6539,189,7187,0,0,226,8440,170,2556,226,10996,California
Mendocino,2021-02-04,630,14356,534,7073,96,7283,0,0,502,8814,128,2684,502,11498,California
Mendocino,2021-02-05,1307,15663,1217,8290,90,7373,0,0,588,8685,717,3401,588,12086,California
Mendocino,2021-02-06,558,16221,159,8449,399,7772,0,0,543,9213,15,3416,543,12629,California
Mendocino,2021-02-07,34,16255,30,8479,4,7776,0,0,34,9247,0,3416,34,12663,California
Mendocino,2021-02-08,753,17008,720,9199,33,7809,0,0,287,9068,466,3882,287,12950,California
Mendocino,2021-02-09,143,17151,60,9259,83,7892,0,0,89,9103,54,3936,89,13039,California
Mendocino,2021-02-10,1491,18642,925,10184,566,8458,0,0,743,9105,741,4677,743,13782,California
Mendocino,2021-02-11,1214,19856,209,10393,1005,9463,0,0,299,8489,915,5592,299,14081,California
Mendocino,2021-02-12,1459,21315,162,10555,1297,10760,0,0,658,8347,800,6392,658,14739,California
Mendocino,2021-02-13,507,21822,14,10569,493,11253,0,0,104,8054,402,6794,109,14848,California
Mendocino,2021-02-14,695,22517,4,10573,691,11944,0,0,135,7629,560,7354,135,14983,California
Mendocino,2021-02-15,334,22851,43,10616,291,12235,0,0,175,7646,158,7512,175,15158,California
Mendocino,2021-02-16,200,23051,51,10667,149,12384,0,0,128,7702,72,7584,128,15286,California
Mendocino,2021-02-17,1376,24427,1213,11880,163,12547,0,0,886,8100,488,8072,886,16172,California
Mendocino,2021-02-18,1830,26257,685,12565,1145,13692,0,0,1234,8740,594,8666,1234,17406,California
Mendocino,2021-02-19,763,27020,153,12718,610,14302,0,0,619,9217,144,8810,621,18027,California
Mendocino,2021-02-20,578,27598,550,13268,28,14330,0,0,546,9733,30,8840,546,18573,California
Mendocino,2021-02-21,327,27925,9,13277,318,14648,0,0,314,10035,12,8852,314,18887,California
Mendocino,2021-02-22,167,28092,31,13308,136,14784,0,0,71,10012,94,8946,71,18958,California
Mendocino,2021-02-23,869,28961,855,14163,14,14798,0,0,653,10451,214,9160,653,19611,California
Mendocino,2021-02-24,1863,30824,1780,15943,83,14881,0,0,1439,11474,418,9578,1441,21052,California
Mendocino,2021-02-25,1720,32544,544,16487,1176,16057,0,0,1290,12336,428,10006,1290,22342,California
Mendocino,2021-02-26,1426,33970,759,17246,667,16724,0,0,1050,13013,373,10379,1050,23392,California
Mendocino,2021-02-27,203,34173,153,17399,50,16774,0,0,78,12967,124,10503,78,23470,California
Mendocino,2021-02-28,37,34210,14,17413,23,16797,0,0,24,12978,13,10516,24,23494,California
Mendocino,2021-03-01,592,34802,547,17960,45,16842,0,0,550,13489,39,10555,550,24044,California
Mendocino,2021-03-02,75,34877,28,17988,47,16889,0,0,42,13499,32,10587,42,24086,California
Mendocino,2021-03-03,2036,36913,1334,19322,702,17591,0,0,1384,14233,650,11237,1384,25470,California
Mendocino,2021-03-04,1853,38766,152,19474,1701,19292,0,0,1632,15649,218,11455,1634,27104,California
Mendocino,2021-03-05,481,39247,417,19891,55,19347,9,9,374,15929,103,11558,383,27487,California
Mendocino,2021-03-06,250,39497,25,19916,198,19545,27,36,206,16119,43,11601,233,27720,California
Mendocino,2021-03-07,525,40022,27,19943,478,20023,20,56,137,15888,387,11988,156,27876,California
Mendocino,2021-03-08,123,40145,28,19971,58,20081,37,93,64,15932,57,12045,101,27977,California
Mendocino,2021-03-09,941,41086,598,20569,302,20383,41,134,832,16696,109,12154,873,28850,California
Mendocino,2021-03-10,1148,42234,984,21553,99,20482,65,199,266,16154,876,13030,334,29184,California
Mendocino,2021-03-11,849,43083,632,22185,162,20644,55,254,394,16151,452,13482,449,29633,California
Mendocino,2021-03-12,2069,45152,1058,23243,899,21543,112,366,1236,16672,827,14309,1348,30981,California
Mendocino,2021-03-13,705,45857,570,23813,77,21620,58,424,109,16247,592,14901,167,31148,California
Mendocino,2021-03-14,105,45962,3,23816,95,21715,7,431,12,16177,89,14990,19,31167,California
Mendocino,2021-03-15,602,46564,52,23868,491,22206,59,490,210,16056,389,15379,268,31435,California
Mendocino,2021-03-16,584,47148,389,24257,149,22355,46,536,116,15752,466,15845,162,31597,California
Mendocino,2021-03-17,1585,48733,1380,25637,57,22412,148,684,212,14754,1365,17210,367,31964,California
Mendocino,2021-03-18,1308,50041,248,25885,1023,23435,37,721,278,14047,1022,18232,315,32279,California
Mendocino,2021-03-19,1778,51819,855,26740,862,24297,61,782,322,12983,1449,19681,385,32664,California
Mendocino,2021-03-20,70,51889,10,26750,39,24336,21,803,12,12958,58,19739,33,32697,California
Mendocino,2021-03-21,8,51897,1,26751,2,24338,5,808,3,12961,5,19744,8,32705,California
Mendocino,2021-03-22,656,52553,611,27362,16,24354,29,837,146,12629,506,20250,174,32879,California
Mendocino,2021-03-23,165,52718,34,27396,101,24455,30,867,114,12722,51,20301,144,33023,California
Mendocino,2021-03-24,918,53636,843,28239,27,24482,48,915,111,12076,805,21106,159,33182,California
Mendocino,2021-03-25,2016,55652,54,28293,1942,26424,20,935,175,10434,1835,22941,193,33375,California
Mendocino,2021-03-26,548,56200,395,28688,127,26551,26,961,115,10142,432,23373,140,33515,California
Mendocino,2021-03-27,163,56363,33,28721,118,26669,12,973,83,10157,79,23452,94,33609,California
Mendocino,2021-03-28,28,56391,7,28728,17,26686,4,977,5,10144,22,23474,9,33618,California
Mendocino,2021-03-29,193,56584,99,28827,50,26736,44,1021,97,10189,96,23570,141,33759,California
Mendocino,2021-03-30,719,57303,634,29461,48,26784,37,1058,107,9724,609,24179,144,33903,California
Mendocino,2021-03-31,918,58221,280,29741,577,27361,61,1119,154,9178,761,24940,215,34118,California
Mendocino,2021-04-01,1754,59975,427,30168,1246,28607,81,1200,384,8283,1359,26299,464,34582,California
Mendocino,2021-04-02,1311,61286,1077,31245,161,28768,73,1273,158,7364,1150,27449,231,34813,California
Mendocino,2021-04-03,715,62001,14,31259,680,29448,21,1294,88,6851,622,28071,109,34922,California
Mendocino,2021-04-04,71,62072,35,31294,30,29478,6,1300,55,6896,16,28087,61,34983,California
Mendocino,2021-04-05,213,62285,141,31435,48,29526,24,1324,127,6958,86,28173,148,35131,California
Mendocino,2021-04-06,402,62687,125,31560,182,29708,95,1419,108,6868,294,28467,204,35335,California
Mendocino,2021-04-07,493,63180,181,31741,65,29773,247,1666,118,6859,372,28839,363,35698,California
Mendocino,2021-04-08,1498,64678,919,32660,464,30237,115,1781,1006,7494,485,29324,1120,36818,California
Mendocino,2021-04-09,761,65439,429,33089,171,30408,161,1942,398,7690,363,29687,559,37377,California
Mendocino,2021-04-10,406,65845,92,33181,268,30676,46,1988,99,7528,307,29994,145,37522,California
Mendocino,2021-04-11,121,65966,47,33228,19,30695,55,2043,59,7580,62,30056,114,37636,California
Mendocino,2021-04-12,624,66590,515,33743,48,30743,61,2104,409,7835,215,30271,470,38106,California
Mendocino,2021-04-13,291,66881,229,33972,62,30805,0,2104,223,7990,68,30339,223,38329,California
Mendocino,2021-04-14,525,67406,430,34402,95,30900,0,2104,421,8307,104,30443,421,38750,California
Mendocino,2021-04-15,662,68068,328,34730,334,31234,0,2104,387,8424,270,30713,387,39137,California
Mendocino,2021-04-16,128,68196,54,34784,73,31307,1,2105,79,8455,48,30761,79,39216,California
Mendocino,2021-04-17,195,68391,12,34796,183,31490,0,2105,68,8398,125,30886,68,39284,California
Mendocino,2021-04-18,17,68408,9,34805,8,31498,0,2105,9,8401,6,30892,9,39293,California
Mendocino,2021-04-19,542,68950,516,35321,25,31523,1,2106,429,8720,111,31003,430,39723,California
Mendocino,2021-04-20,431,69381,297,35618,134,31657,0,2106,269,8829,160,31163,269,39992,California
Mendocino,2021-04-21,199,69580,136,35754,62,31719,1,2107,118,8868,79,31242,118,40110,California
Mendocino,2021-04-22,488,70068,318,36072,169,31888,1,2108,313,9010,171,31413,313,40423,California
Mendocino,2021-04-23,861,70929,703,36775,158,32046,0,2108,699,9550,159,31572,699,41122,California
Mendocino,2021-04-24,110,71039,16,36791,94,32140,0,2108,102,9644,8,31580,102,41224,California
Mendocino,2021-04-25,58,71097,34,36825,20,32160,4,2112,18,9627,39,31619,22,41246,California
Mendocino,2021-04-26,310,71407,239,37064,66,32226,5,2117,202,9728,106,31725,207,41453,California
Mendocino,2021-04-27,209,71616,92,37156,90,32316,27,2144,96,9738,112,31837,122,41575,California
Mendocino,2021-04-28,223,71839,147,37303,57,32373,19,2163,126,9787,97,31934,146,41721,California
Mendocino,2021-04-29,1146,72985,841,38144,290,32663,15,2178,113,8887,1027,32961,127,41848,California
Mendocino,2021-04-30,608,73593,383,38527,215,32878,10,2188,229,8748,378,33339,239,42087,California
Mendocino,2021-05-01,480,74073,435,38962,37,32915,8,2196,374,9025,105,33444,382,42469,California
Mendocino,2021-05-02,56,74129,46,39008,7,32922,3,2199,8,8989,47,33491,11,42480,California
Mendocino,2021-05-03,147,74276,85,39093,41,32963,21,2220,43,8951,102,33593,64,42544,California
Mendocino,2021-05-04,379,74655,253,39346,94,33057,32,2252,142,8888,237,33830,174,42718,California
Mendocino,2021-05-05,879,75534,792,40138,72,33129,15,2267,223,8470,654,34484,236,42954,California
Mendocino,2021-05-06,634,76168,383,40521,229,33358,22,2289,156,8172,476,34960,178,43132,California
Mendocino,2021-05-07,189,76357,36,40557,128,33486,25,2314,121,8250,67,35027,145,43277,California
Mendocino,2021-05-08,126,76483,5,40562,120,33606,1,2315,110,8346,15,35042,111,43388,California
Mendocino,2021-05-09,22,76505,7,40569,14,33620,1,2316,5,8335,17,35059,6,43394,California
Mendocino,2021-05-10,244,76749,161,40730,78,33698,5,2321,151,8398,93,35152,156,43550,California
Mendocino,2021-05-11,280,77029,144,40874,118,33816,18,2339,130,8396,148,35300,146,43696,California
Mendocino,2021-05-12,144,77173,81,40955,54,33870,9,2348,44,8351,98,35398,53,43749,California
Mendocino,2021-05-13,1236,78409,1122,42077,97,33967,17,2365,322,7777,913,36311,339,44088,California
Mendocino,2021-05-14,721,79130,491,42568,167,34134,63,2428,247,7618,469,36780,310,44398,California
Mendocino,2021-05-15,85,79215,29,42597,52,34186,4,2432,40,7617,45,36825,44,44442,California
Mendocino,2021-05-16,117,79332,104,42701,11,34197,2,2434,99,7702,17,36842,102,44544,California
Mendocino,2021-05-17,177,79509,84,42785,77,34274,16,2450,101,7743,76,36918,117,44661,California
Mendocino,2021-05-18,246,79755,119,42904,99,34373,28,2478,108,7741,137,37055,135,44796,California
Mendocino,2021-05-19,329,80084,191,43095,117,34490,21,2499,243,7922,83,37138,264,45060,California
Mendocino,2021-05-20,297,80381,116,43211,139,34629,42,2541,105,7880,189,37327,147,45207,California
Mendocino,2021-05-21,654,81035,475,43686,164,34793,15,2556,507,8256,146,37473,522,45729,California
Mendocino,2021-05-22,785,81820,675,44361,102,34895,8,2564,240,7960,544,38017,248,45977,California
Mendocino,2021-05-23,29,81849,12,44373,10,34905,7,2571,15,7968,13,38030,21,45998,California
Mendocino,2021-05-24,129,81978,45,44418,63,34968,21,2592,61,7983,67,38097,82,46080,California
Mendocino,2021-05-25,296,82274,177,44595,89,35057,30,2622,135,7987,160,38257,164,46244,California
Mendocino,2021-05-26,324,82598,244,44839,68,35125,12,2634,131,7938,192,38449,143,46387,California
Mendocino,2021-05-27,246,82844,112,44951,112,35237,22,2656,102,7919,142,38591,123,46510,California
Mendocino,2021-05-28,237,83081,98,45049,126,35363,13,2669,152,8002,83,38674,166,46676,California
Mendocino,2021-05-29,48,83129,17,45066,26,35389,5,2674,24,8007,24,38698,29,46705,California
Mendocino,2021-05-30,15,83144,2,45068,12,35401,1,2675,10,8013,5,38703,11,46716,California
Mendocino,2021-05-31,6,83150,0,45068,5,35406,1,2676,2,8013,3,38706,3,46719,California
Mendocino,2021-06-01,313,83463,105,45173,199,35605,9,2685,83,7875,230,38936,92,46811,California
Mendocino,2021-06-02,155,83618,58,45231,89,35694,8,2693,54,7839,98,39034,62,46873,California
Mendocino,2021-06-03,559,84177,457,45688,93,35787,9,2702,124,7544,428,39462,133,47006,California
Mendocino,2021-06-04,318,84495,192,45880,103,35890,23,2725,86,7422,231,39693,109,47115,California
Mendocino,2021-06-05,227,84722,94,45974,115,36005,18,2743,74,7363,151,39844,92,47207,California
Mendocino,2021-06-06,63,84785,58,46032,2,36007,3,2746,2,7307,61,39905,5,47212,California
Mendocino,2021-06-07,147,84932,71,46103,64,36071,12,2758,58,7288,89,39994,70,47282,California
Mendocino,2021-06-08,244,85176,143,46246,87,36158,14,2772,110,7283,129,40123,124,47406,California
Mendocino,2021-06-09,311,85487,249,46495,52,36210,10,2782,107,7197,203,40326,117,47523,California
Mendocino,2021-06-10,130,85617,69,46564,45,36255,16,2798,57,7197,73,40399,73,47596,California
Mendocino,2021-06-11,749,86366,589,47153,132,36387,28,2826,123,6724,624,41023,151,47747,California
Mendocino,2021-06-12,78,86444,53,47206,19,36406,6,2832,28,6709,49,41072,34,47781,California
Mendocino,2021-06-13,29,86473,16,47222,11,36417,2,2834,15,6713,13,41085,17,47798,California
Mendocino,2021-06-14,131,86604,59,47281,53,36470,19,2853,49,6699,81,41166,67,47865,California
Mendocino,2021-06-15,259,86863,166,47447,74,36544,19,2872,83,6625,176,41342,102,47967,California
Mendocino,2021-06-16,270,87133,168,47615,80,36624,22,2894,66,6511,202,41544,88,48055,California
Mendocino,2021-06-17,171,87304,89,47704,64,36688,18,2912,55,6469,115,41659,73,48128,California
Mendocino,2021-06-18,281,87585,128,47832,123,36811,30,2942,80,6379,199,41858,109,48237,California
Mendocino,2021-06-19,76,87661,43,47875,26,36837,7,2949,17,6344,59,41917,24,48261,California
Mendocino,2021-06-20,12,87673,4,47879,4,36841,4,2953,7,6350,5,41922,11,48272,California
Mendocino,2021-06-21,100,87773,34,47913,55,36896,11,2964,43,6349,54,41976,53,48325,California
Mendocino,2021-06-22,133,87906,86,47999,34,36930,13,2977,56,6343,75,42051,69,48394,California
Mendocino,2021-06-23,227,88133,160,48159,37,36967,30,3007,101,6348,126,42177,131,48525,California
Mendocino,2021-06-24,194,88327,110,48269,70,37037,14,3021,73,6315,120,42297,87,48612,California
Mendocino,2021-06-25,184,88511,97,48366,74,37111,13,3034,71,6287,112,42409,84,48696,California
Mendocino,2021-06-26,72,88583,47,48413,21,37132,4,3038,21,6261,51,42460,25,48721,California
Mendocino,2021-06-27,23,88606,13,48426,9,37141,1,3039,13,6265,10,42470,14,48735,California
Mendocino,2021-06-28,64,88670,43,48469,11,37152,10,3049,20,6253,42,42512,30,48765,California
Mendocino,2021-06-29,152,88822,113,48582,38,37190,1,3050,44,6190,108,42620,45,48810,California
Mendocino,2021-06-30,181,89003,147,48729,27,37217,7,3057,57,6132,123,42743,65,48875,California
Mendocino,2021-07-01,114,89117,66,48795,38,37255,10,3067,65,6159,48,42791,75,48950,California
Mendocino,2021-07-02,104,89221,65,48860,30,37285,9,3076,50,6165,53,42844,59,49009,California
Mendocino,2021-07-03,36,89257,26,48886,8,37293,2,3078,17,6165,19,42863,19,49028,California
Mendocino,2021-07-04,1,89258,0,48886,1,37294,0,3078,1,6166,0,42863,1,49029,California
Mendocino,2021-07-05,37,89295,17,48903,15,37309,5,3083,15,6164,22,42885,20,49049,California
Mendocino,2021-07-06,111,89406,86,48989,18,37327,7,3090,44,6148,67,42952,51,49100,California
Merced,2020-12-16,3,3,3,3,0,0,0,0,3,3,0,0,3,3,California
Merced,2020-12-17,9,12,9,12,0,0,0,0,9,12,0,0,9,12,California
Merced,2020-12-18,147,159,147,159,0,0,0,0,147,159,0,0,147,159,California
Merced,2020-12-19,38,197,38,197,0,0,0,0,38,197,0,0,38,197,California
Merced,2020-12-20,18,215,18,215,0,0,0,0,18,215,0,0,18,215,California
Merced,2020-12-21,125,340,122,337,3,3,0,0,125,340,0,0,125,340,California
Merced,2020-12-22,153,493,153,490,0,3,0,0,153,493,0,0,153,493,California
Merced,2020-12-23,255,748,248,738,7,10,0,0,255,748,0,0,255,748,California
Merced,2020-12-24,72,820,72,810,0,10,0,0,72,820,0,0,72,820,California
Merced,2020-12-25,4,824,4,814,0,10,0,0,4,824,0,0,4,824,California
Merced,2020-12-26,6,830,3,817,3,13,0,0,6,830,0,0,6,830,California
Merced,2020-12-27,12,842,11,828,1,14,0,0,12,842,0,0,12,842,California
Merced,2020-12-28,123,965,98,926,25,39,0,0,123,965,0,0,123,965,California
Merced,2020-12-29,193,1158,123,1049,70,109,0,0,193,1158,0,0,193,1158,California
Merced,2020-12-30,218,1376,90,1139,128,237,0,0,218,1376,0,0,218,1376,California
Merced,2020-12-31,102,1478,33,1172,69,306,0,0,102,1478,0,0,102,1478,California
Merced,2021-01-01,6,1484,1,1173,5,311,0,0,6,1484,0,0,6,1484,California
Merced,2021-01-02,129,1613,118,1291,11,322,0,0,129,1613,0,0,129,1613,California
Merced,2021-01-03,9,1622,5,1296,4,326,0,0,9,1622,0,0,9,1622,California
Merced,2021-01-04,82,1704,42,1338,40,366,0,0,82,1704,0,0,82,1704,California
Merced,2021-01-05,330,2034,235,1573,95,461,0,0,324,2024,6,6,326,2030,California
Merced,2021-01-06,259,2293,106,1679,153,614,0,0,251,2269,8,14,253,2283,California
Merced,2021-01-07,188,2481,84,1763,104,718,0,0,175,2430,14,28,175,2458,California
Merced,2021-01-08,527,3008,394,2157,133,851,0,0,374,2652,152,180,374,2832,California
Merced,2021-01-09,22,3030,9,2166,13,864,0,0,17,2664,5,185,17,2849,California
Merced,2021-01-10,11,3041,7,2173,4,868,0,0,7,2667,4,189,7,2856,California
Merced,2021-01-11,230,3271,172,2345,58,926,0,0,101,2641,129,318,103,2959,California
Merced,2021-01-12,298,3569,173,2518,125,1051,0,0,248,2838,51,369,248,3207,California
Merced,2021-01-13,394,3963,178,2696,216,1267,0,0,239,2926,154,523,242,3449,California
Merced,2021-01-14,328,4291,205,2901,123,1390,0,0,161,2922,166,689,162,3611,California
Merced,2021-01-15,592,4883,133,3034,459,1849,0,0,553,3438,40,729,556,4167,California
Merced,2021-01-16,214,5097,130,3164,84,1933,0,0,197,3618,17,746,197,4364,California
Merced,2021-01-17,51,5148,12,3176,39,1972,0,0,49,3665,2,748,49,4413,California
Merced,2021-01-18,269,5417,130,3306,139,2111,0,0,244,3888,25,773,248,4661,California
Merced,2021-01-19,715,6132,589,3895,126,2237,0,0,542,4265,172,945,549,5210,California
Merced,2021-01-20,574,6706,468,4363,106,2343,0,0,517,4728,57,1002,520,5730,California
Merced,2021-01-21,1030,7736,654,5017,376,2719,0,0,927,5556,102,1104,930,6660,California
Merced,2021-01-22,1321,9057,697,5714,624,3343,0,0,1291,6831,29,1133,1304,7964,California
Merced,2021-01-23,333,9390,199,5913,134,3477,0,0,226,6950,107,1240,226,8190,California
Merced,2021-01-24,36,9426,15,5928,21,3498,0,0,28,6971,7,1247,28,8218,California
Merced,2021-01-25,744,10170,244,6172,500,3998,0,0,682,7593,61,1308,683,8901,California
Merced,2021-01-26,949,11119,488,6660,461,4459,0,0,692,8057,229,1537,693,9594,California
Merced,2021-01-27,1006,12125,590,7250,416,4875,0,0,833,8719,171,1708,833,10427,California
Merced,2021-01-28,1160,13285,596,7846,564,5439,0,0,1036,9634,123,1831,1038,11465,California
Merced,2021-01-29,874,14159,314,8160,560,5999,0,0,620,10015,242,2073,623,12088,California
Merced,2021-01-30,269,14428,28,8188,241,6240,0,0,252,10250,17,2090,252,12340,California
Merced,2021-01-31,49,14477,11,8199,38,6278,0,0,47,10296,1,2091,47,12387,California
Merced,2021-02-01,396,14873,51,8250,345,6623,0,0,343,10589,51,2142,344,12731,California
Merced,2021-02-02,315,15188,183,8433,132,6755,0,0,186,10650,126,2268,187,12918,California
Merced,2021-02-03,363,15551,79,8512,284,7039,0,0,181,10650,181,2449,181,13099,California
Merced,2021-02-04,390,15941,161,8673,229,7268,0,0,256,10774,133,2582,257,13356,California
Merced,2021-02-05,522,16463,179,8852,343,7611,0,0,281,10818,239,2821,283,13639,California
Merced,2021-02-06,395,16858,221,9073,174,7785,0,0,251,10929,141,2962,252,13891,California
Merced,2021-02-07,21,16879,13,9086,8,7793,0,0,14,10936,7,2969,14,13905,California
Merced,2021-02-08,290,17169,200,9286,90,7883,0,0,178,11005,110,3079,179,14084,California
Merced,2021-02-09,1229,18398,966,10252,263,8146,0,0,782,11349,439,3518,783,14867,California
Merced,2021-02-10,1907,20305,1445,11697,462,8608,0,0,1309,12070,588,4106,1309,16176,California
Merced,2021-02-11,2564,22869,2043,13740,521,9129,0,0,1843,13206,708,4814,1844,18020,California
Merced,2021-02-12,1744,24613,1028,14768,716,9845,0,0,764,13012,961,5775,767,18787,California
Merced,2021-02-13,370,24983,211,14979,159,10004,0,0,269,13187,96,5871,271,19058,California
Merced,2021-02-14,119,25102,27,15006,92,10096,0,0,97,13263,22,5893,98,19156,California
Merced,2021-02-15,279,25381,43,15049,236,10332,0,0,171,13334,101,5994,172,19328,California
Merced,2021-02-16,1238,26619,856,15905,382,10714,0,0,847,13814,371,6365,851,20179,California
Merced,2021-02-17,1913,28532,1666,17571,247,10961,0,0,1334,14597,559,6924,1342,21521,California
Merced,2021-02-18,1280,29812,874,18445,406,11367,0,0,452,14246,807,7731,456,21977,California
Merced,2021-02-19,1292,31104,440,18885,852,12219,0,0,554,14071,731,8462,556,22533,California
Merced,2021-02-20,291,31395,34,18919,257,12476,0,0,144,14070,145,8607,144,22677,California
Merced,2021-02-21,84,31479,68,18987,16,12492,0,0,31,14050,51,8658,31,22708,California
Merced,2021-02-22,851,32330,299,19286,552,13044,0,0,485,14173,364,9022,487,23195,California
Merced,2021-02-23,1119,33449,433,19719,686,13730,0,0,646,14355,467,9489,649,23844,California
Merced,2021-02-24,862,34311,311,20030,551,14281,0,0,456,14418,394,9883,457,24301,California
Merced,2021-02-25,1831,36142,912,20942,919,15200,0,0,1346,15286,481,10364,1349,25650,California
Merced,2021-02-26,2225,38367,1414,22356,811,16011,0,0,1760,16594,453,10817,1761,27411,California
Merced,2021-02-27,2633,41000,1196,23552,1437,17448,0,0,2341,18644,291,11108,2341,29752,California
Merced,2021-02-28,324,41324,76,23628,247,17695,1,1,257,18838,63,11171,257,30009,California
Merced,2021-03-01,1162,42486,287,23915,874,18569,1,2,788,19263,364,11535,789,30798,California
Merced,2021-03-02,1896,44382,1038,24953,857,19426,1,3,1486,20350,403,11938,1490,32288,California
Merced,2021-03-03,2474,46856,1970,26923,503,19929,1,4,1698,21295,755,12693,1700,33988,California
Merced,2021-03-04,3154,50010,2527,29450,625,20554,2,6,2162,22488,972,13665,2165,36153,California
Merced,2021-03-05,2361,52371,1473,30923,864,21418,24,30,1806,23778,541,14206,1831,37984,California
Merced,2021-03-06,1180,53551,670,31593,488,21906,22,52,912,24445,267,14473,934,38918,California
Merced,2021-03-07,232,53783,66,31659,141,22047,25,77,203,24644,29,14502,228,39146,California
Merced,2021-03-08,1559,55342,948,32607,546,22593,65,142,1324,25798,234,14736,1388,40534,California
Merced,2021-03-09,1891,57233,1146,33753,637,23230,108,250,1222,26468,660,15396,1330,41864,California
Merced,2021-03-10,2967,60200,1989,35742,778,24008,200,450,1637,26997,1312,16708,1841,43705,California
Merced,2021-03-11,2223,62423,838,36580,1181,25189,204,654,1234,27487,969,17677,1459,45164,California
Merced,2021-03-12,2548,64971,1113,37693,1160,26349,275,929,1656,28543,887,18564,1943,47107,California
Merced,2021-03-13,1032,66003,322,38015,468,26817,242,1171,712,29183,312,18876,952,48059,California
Merced,2021-03-14,268,66271,155,38170,83,26900,30,1201,151,29251,113,18989,181,48240,California
Merced,2021-03-15,1721,67992,670,38840,794,27694,257,1458,1186,30169,524,19513,1442,49682,California
Merced,2021-03-16,1665,69657,880,39720,558,28252,227,1685,1142,31028,511,20024,1370,51052,California
Merced,2021-03-17,2322,71979,1393,41113,748,29000,181,1866,1844,32588,466,20490,2026,53078,California
Merced,2021-03-18,2266,74245,1382,42495,734,29734,150,2016,1408,33319,840,21330,1571,54649,California
Merced,2021-03-19,2807,77052,1584,44079,1028,30762,195,2211,1402,33523,1392,22722,1596,56245,California
Merced,2021-03-20,2468,79520,1532,45611,540,31302,396,2607,967,33397,1493,24215,1367,57612,California
Merced,2021-03-21,569,80089,345,45956,211,31513,13,2620,448,33740,120,24335,463,58075,California
Merced,2021-03-22,1283,81372,642,46598,564,32077,77,2697,894,34333,380,24715,973,59048,California
Merced,2021-03-23,1978,83350,1234,47832,678,32755,66,2763,1373,35178,594,25309,1439,60487,California
Merced,2021-03-24,1727,85077,1169,49001,522,33277,36,2799,1004,35508,710,26019,1040,61527,California
Merced,2021-03-25,3628,88705,2559,51560,1046,34323,23,2822,2123,36175,1482,27501,2149,63676,California
Merced,2021-03-26,2209,90914,1347,52907,825,35148,37,2859,903,35838,1276,28777,939,64615,California
Merced,2021-03-27,3602,94516,1928,54835,1251,36399,423,3282,1570,35816,2016,30793,1994,66609,California
Merced,2021-03-28,525,95041,217,55052,301,36700,7,3289,213,35728,309,31102,221,66830,California
Merced,2021-03-29,1961,97002,891,55943,898,37598,172,3461,681,35316,1267,32369,855,67685,California
Merced,2021-03-30,2295,99297,923,56866,1313,38911,59,3520,1012,35112,1277,33646,1073,68758,California
Merced,2021-03-31,2392,101689,1486,58352,721,39632,185,3705,993,34916,1374,35020,1178,69936,California
Merced,2021-04-01,2603,104292,1062,59414,1183,40815,358,4063,1067,34819,1521,36541,1424,71360,California
Merced,2021-04-02,2482,106774,750,60164,1309,42124,423,4486,799,34393,1638,38179,1212,72572,California
Merced,2021-04-03,1098,107872,607,60771,472,42596,19,4505,667,34659,421,38600,687,73259,California
Merced,2021-04-04,374,108246,143,60914,227,42823,4,4509,141,34574,231,38831,146,73405,California
Merced,2021-04-05,1510,109756,830,61744,467,43290,213,4722,411,34109,1089,39920,624,74029,California
Merced,2021-04-06,2613,112369,1070,62814,713,44003,830,5552,892,34117,1713,41633,1721,75750,California
Merced,2021-04-07,1923,114292,1135,63949,680,44683,108,5660,594,33534,1288,42921,705,76455,California
Merced,2021-04-08,2510,116802,1355,65304,935,45618,220,5880,992,33275,1467,44388,1208,77663,California
Merced,2021-04-09,1713,118515,483,65787,652,46270,578,6458,559,33281,1132,45520,1138,78801,California
Merced,2021-04-10,987,119502,371,66158,428,46698,188,6646,178,32842,803,46323,364,79165,California
Merced,2021-04-11,488,119990,281,66439,72,46770,135,6781,147,32786,339,46662,283,79448,California
Merced,2021-04-12,1528,121518,999,67438,405,47175,124,6905,871,33165,617,47279,996,80444,California
Merced,2021-04-13,2064,123582,1477,68915,585,47760,2,6907,935,33078,1028,48307,941,81385,California
Merced,2021-04-14,2257,125839,1397,70312,860,48620,0,6907,1046,33050,1075,49382,1047,82432,California
Merced,2021-04-15,3055,128894,1992,72304,1063,49683,0,6907,940,32117,1877,51259,944,83376,California
Merced,2021-04-16,2420,131314,1176,73480,1244,50927,0,6907,963,31731,1349,52608,963,84339,California
Merced,2021-04-17,2156,133470,1482,74962,673,51600,1,6908,663,30913,1485,54093,667,85006,California
Merced,2021-04-18,523,133993,298,75260,225,51825,0,6908,199,30816,296,54389,199,85205,California
Merced,2021-04-19,1378,135371,762,76022,616,52441,0,6908,710,30959,567,54956,710,85915,California
Merced,2021-04-20,1560,136931,797,76819,763,53204,0,6908,813,31098,674,55630,813,86728,California
Merced,2021-04-21,1653,138584,1039,77858,614,53818,0,6908,804,31170,733,56363,805,87533,California
Merced,2021-04-22,1724,140308,795,78653,929,54747,0,6908,787,31114,844,57207,788,88321,California
Merced,2021-04-23,1715,142023,733,79386,982,55729,0,6908,925,31299,741,57948,926,89247,California
Merced,2021-04-24,886,142909,707,80093,179,55908,0,6908,556,31530,325,58273,556,89803,California
Merced,2021-04-25,334,143243,192,80285,142,56050,0,6908,193,31587,137,58410,194,89997,California
Merced,2021-04-26,1291,144534,561,80846,730,56780,0,6908,648,31631,606,59016,650,90647,California
Merced,2021-04-27,1842,146376,938,81784,892,57672,12,6920,744,31360,1027,60043,756,91403,California
Merced,2021-04-28,1445,147821,727,82511,710,58382,8,6928,821,31592,598,60641,830,92233,California
Merced,2021-04-29,1512,149333,684,83195,803,59185,25,6953,717,31552,784,61425,744,92977,California
Merced,2021-04-30,1519,150852,655,83850,820,60005,44,6997,785,31655,727,62152,830,93807,California
Merced,2021-05-01,567,151419,242,84092,321,60326,4,7001,266,31629,295,62447,269,94076,California
Merced,2021-05-02,304,151723,122,84214,167,60493,15,7016,126,31594,177,62624,142,94218,California
Merced,2021-05-03,876,152599,574,84788,228,60721,74,7090,315,31428,557,63181,391,94609,California
Merced,2021-05-04,1083,153682,593,85381,438,61159,52,7142,396,31196,680,63861,448,95057,California
Merced,2021-05-05,1474,155156,965,86346,433,61592,76,7218,647,31107,812,64673,723,95780,California
Merced,2021-05-06,952,156108,508,86854,394,61986,50,7268,317,30847,627,65300,367,96147,California
Merced,2021-05-07,1183,157291,522,87376,619,62605,42,7310,461,30638,716,66016,507,96654,California
Merced,2021-05-08,451,157742,252,87628,163,62768,36,7346,219,30662,231,66247,255,96909,California
Merced,2021-05-09,214,157956,106,87734,101,62869,7,7353,96,30648,117,66364,103,97012,California
Merced,2021-05-10,728,158684,384,88118,307,63176,37,7390,201,30363,524,66888,239,97251,California
Merced,2021-05-11,1204,159888,723,88841,421,63597,60,7450,476,30177,722,67610,536,97787,California
Merced,2021-05-12,1123,161011,645,89486,436,64033,42,7492,387,29874,733,68343,430,98217,California
Merced,2021-05-13,950,161961,540,90026,368,64401,42,7534,427,29825,518,68861,469,98686,California
Merced,2021-05-14,1081,163042,665,90691,376,64777,40,7574,569,29928,506,69367,609,99295,California
Merced,2021-05-15,767,163809,580,91271,168,64945,19,7593,452,30098,303,69670,473,99768,California
Merced,2021-05-16,370,164179,253,91524,108,65053,9,7602,215,30170,153,69823,225,99993,California
Merced,2021-05-17,1110,165289,723,92247,357,65410,30,7632,543,30184,560,70383,574,100567,California
Merced,2021-05-18,1290,166579,861,93108,398,65808,31,7663,712,30356,571,70954,743,101310,California
Merced,2021-05-19,1154,167733,762,93870,385,66193,7,7670,645,30507,505,71459,656,101966,California
Merced,2021-05-20,1067,168800,565,94435,446,66639,56,7726,403,30306,662,72121,461,102427,California
Merced,2021-05-21,1202,170002,695,95130,479,67118,28,7754,486,30117,704,72825,515,102942,California
Merced,2021-05-22,773,170775,554,95684,205,67323,14,7768,460,30283,311,73136,477,103419,California
Merced,2021-05-23,359,171134,259,95943,87,67410,13,7781,235,30408,123,73259,248,103667,California
Merced,2021-05-24,635,171769,273,96216,331,67741,31,7812,233,30278,395,73654,265,103932,California
Merced,2021-05-25,777,172546,436,96652,307,68048,34,7846,392,30323,380,74034,425,104357,California
Merced,2021-05-26,1007,173553,559,97211,415,68463,33,7879,400,30152,605,74639,434,104791,California
Merced,2021-05-27,931,174484,655,97866,240,68703,36,7915,558,30378,369,75008,595,105386,California
Merced,2021-05-28,776,175260,352,98218,378,69081,46,7961,333,30323,434,75442,379,105765,California
Merced,2021-05-29,393,175653,273,98491,112,69193,8,7969,160,30262,230,75672,169,105934,California
Merced,2021-05-30,214,175867,145,98636,58,69251,11,7980,129,30317,85,75757,140,106074,California
Merced,2021-05-31,111,175978,25,98661,80,69331,6,7986,31,30277,78,75835,38,106112,California
Merced,2021-06-01,866,176844,542,99203,290,69621,34,8020,316,30082,545,76380,350,106462,California
Merced,2021-06-02,756,177600,484,99687,245,69866,27,8047,340,30040,409,76789,367,106829,California
Merced,2021-06-03,764,178364,485,100172,245,70111,34,8081,301,29918,457,77246,335,107164,California
Merced,2021-06-04,837,179201,453,100625,362,70473,22,8103,306,29723,524,77770,329,107493,California
Merced,2021-06-05,511,179712,404,101029,95,70568,12,8115,190,29609,316,78086,202,107695,California
Merced,2021-06-06,230,179942,193,101222,31,70599,6,8121,82,29549,148,78234,88,107783,California
Merced,2021-06-07,665,180607,533,101755,119,70718,13,8134,195,29289,470,78704,210,107993,California
Merced,2021-06-08,866,181473,640,102395,202,70920,24,8158,273,28998,588,79292,297,108290,California
Merced,2021-06-09,884,182357,651,103046,218,71138,15,8173,264,28669,609,79901,280,108570,California
Merced,2021-06-10,650,183007,449,103495,180,71318,21,8194,264,28574,380,80281,285,108855,California
Merced,2021-06-11,579,183586,368,103863,196,71514,15,8209,241,28497,335,80616,258,109113,California
Merced,2021-06-12,592,184178,483,104346,86,71600,23,8232,177,28283,414,81030,200,109313,California
Merced,2021-06-13,255,184433,133,104479,117,71717,5,8237,62,28157,193,81223,67,109380,California
Merced,2021-06-14,552,184985,362,104841,156,71873,34,8271,252,28147,297,81520,287,109667,California
Merced,2021-06-15,789,185774,560,105401,202,72075,27,8298,269,27931,513,82033,297,109964,California
Merced,2021-06-16,725,186499,503,105904,200,72275,22,8320,331,27900,384,82417,353,110317,California
Merced,2021-06-17,739,187238,563,106467,145,72420,31,8351,238,27676,493,82910,269,110586,California
Merced,2021-06-18,779,188017,510,106977,237,72657,32,8383,390,27716,382,83292,422,111008,California
Merced,2021-06-19,367,188384,252,107229,88,72745,27,8410,198,27774,167,83459,225,111233,California
Merced,2021-06-20,238,188622,184,107413,46,72791,8,8418,140,27825,97,83556,148,111381,California
Merced,2021-06-21,322,188944,196,107609,114,72905,12,8430,200,27916,121,83677,212,111593,California
Merced,2021-06-22,518,189462,358,107967,139,73044,21,8451,254,27928,264,83941,276,111869,California
Merced,2021-06-23,581,190043,362,108329,208,73252,11,8462,289,27944,284,84225,300,112169,California
Merced,2021-06-24,544,190587,383,108712,129,73381,32,8494,251,27939,288,84513,283,112452,California
Merced,2021-06-25,487,191074,341,109053,122,73503,24,8518,254,27990,226,84739,277,112729,California
Merced,2021-06-26,186,191260,127,109180,53,73556,6,8524,91,27995,93,84832,98,112827,California
Merced,2021-06-27,205,191465,145,109325,39,73595,21,8545,120,28051,85,84917,141,112968,California
Merced,2021-06-28,338,191803,222,109547,99,73694,17,8562,176,28085,159,85076,193,113161,California
Merced,2021-06-29,333,192136,197,109744,114,73808,22,8584,156,28087,176,85252,178,113339,California
Merced,2021-06-30,393,192529,249,109993,122,73930,22,8606,222,28164,167,85419,244,113583,California
Merced,2021-07-01,348,192877,227,110220,111,74041,10,8616,204,28236,144,85563,216,113799,California
Merced,2021-07-02,385,193262,269,110489,102,74143,14,8630,213,28295,169,85732,228,114027,California
Merced,2021-07-03,192,193454,121,110610,59,74202,12,8642,99,28314,92,85824,111,114138,California
Merced,2021-07-04,17,193471,5,110615,11,74213,1,8643,8,28314,9,85833,9,114147,California
Merced,2021-07-05,235,193706,154,110769,77,74290,4,8647,127,28337,108,85941,131,114278,California
Merced,2021-07-06,219,193925,142,110911,69,74359,8,8655,78,28286,137,86078,86,114364,California
Modoc,2020-12-16,1,1,1,1,0,0,0,0,1,1,0,0,1,1,California
Modoc,2020-12-21,99,100,99,100,0,0,0,0,99,100,0,0,99,100,California
Modoc,2020-12-22,14,114,14,114,0,0,0,0,14,114,0,0,14,114,California
Modoc,2020-12-23,4,118,4,118,0,0,0,0,4,118,0,0,4,118,California
Modoc,2020-12-24,1,119,1,119,0,0,0,0,1,119,0,0,1,119,California
Modoc,2020-12-28,2,121,2,121,0,0,0,0,2,121,0,0,2,121,California
Modoc,2020-12-29,10,131,1,122,9,9,0,0,10,131,0,0,10,131,California
Modoc,2020-12-30,7,138,0,122,7,16,0,0,7,138,0,0,7,138,California
Modoc,2021-01-02,3,141,1,123,2,18,0,0,3,141,0,0,3,141,California
Modoc,2021-01-04,8,149,0,123,8,26,0,0,8,149,0,0,8,149,California
Modoc,2021-01-05,3,152,2,125,1,27,0,0,3,152,0,0,3,152,California
Modoc,2021-01-06,3,155,2,127,1,28,0,0,2,153,1,1,2,154,California
Modoc,2021-01-07,72,227,0,127,72,100,0,0,72,225,0,1,72,226,California
Modoc,2021-01-08,105,332,0,127,105,205,0,0,105,330,0,1,105,331,California
Modoc,2021-01-10,1,333,1,128,0,205,0,0,0,329,1,2,0,331,California
Modoc,2021-01-11,90,423,81,209,9,214,0,0,19,277,71,73,19,350,California
Modoc,2021-01-12,94,517,25,234,69,283,0,0,68,319,26,99,68,418,California
Modoc,2021-01-13,24,541,4,238,20,303,0,0,22,339,2,101,22,440,California
Modoc,2021-01-14,128,669,6,244,122,425,0,0,123,457,5,106,123,563,California
Modoc,2021-01-15,6,675,1,245,5,430,0,0,6,463,0,106,6,569,California
Modoc,2021-01-16,2,677,1,246,1,431,0,0,2,465,0,106,2,571,California
Modoc,2021-01-18,3,680,1,247,2,433,0,0,3,468,0,106,3,574,California
Modoc,2021-01-19,5,685,3,250,2,435,0,0,3,469,2,108,3,577,California
Modoc,2021-01-20,11,696,1,251,10,445,0,0,11,480,0,108,11,588,California
Modoc,2021-01-21,157,853,2,253,155,600,0,0,157,637,0,108,157,745,California
Modoc,2021-01-22,2,855,0,253,2,602,0,0,2,639,0,108,2,747,California
Modoc,2021-01-25,11,866,0,253,11,613,0,0,11,650,0,108,11,758,California
Modoc,2021-01-26,65,931,1,254,64,677,0,0,65,715,0,108,65,823,California
Modoc,2021-01-27,43,974,3,257,40,717,0,0,27,726,16,124,27,850,California
Modoc,2021-01-28,146,1120,2,259,144,861,0,0,145,870,1,125,145,995,California
Modoc,2021-01-29,3,1123,1,260,2,863,0,0,3,873,0,125,3,998,California
Modoc,2021-02-01,26,1149,13,273,13,876,0,0,12,871,14,139,12,1010,California
Modoc,2021-02-02,170,1319,2,275,168,1044,0,0,167,1035,3,142,167,1177,California
Modoc,2021-02-03,18,1337,13,288,5,1049,0,0,11,1039,7,149,11,1188,California
Modoc,2021-02-04,155,1492,4,292,151,1200,0,0,27,938,128,277,27,1215,California
Modoc,2021-02-05,2,1494,2,294,0,1200,0,0,1,938,1,278,1,1216,California
Modoc,2021-02-08,9,1503,2,296,7,1207,0,0,8,945,1,279,8,1224,California
Modoc,2021-02-09,197,1700,13,309,184,1391,0,0,65,878,132,411,65,1289,California
Modoc,2021-02-10,5,1705,2,311,3,1394,0,0,4,881,1,412,4,1293,California
Modoc,2021-02-11,202,1907,3,314,199,1593,0,0,85,849,117,529,85,1378,California
Modoc,2021-02-12,4,1911,0,314,4,1597,0,0,2,849,2,531,2,1380,California
Modoc,2021-02-13,2,1913,0,314,2,1599,0,0,1,849,1,532,1,1381,California
Modoc,2021-02-16,147,2060,6,320,141,1740,0,0,141,984,6,538,141,1522,California
Modoc,2021-02-17,25,2085,2,322,23,1763,0,0,12,983,13,551,12,1534,California
Modoc,2021-02-18,187,2272,2,324,185,1948,0,0,23,845,163,714,25,1559,California
Modoc,2021-02-19,3,2275,3,327,0,1948,0,0,2,846,1,715,2,1561,California
Modoc,2021-02-20,1,2276,1,328,0,1948,0,0,0,845,1,716,0,1561,California
Modoc,2021-02-22,19,2295,9,337,10,1958,0,0,3,832,16,732,3,1564,California
Modoc,2021-02-23,20,2315,2,339,18,1976,0,0,1,814,19,751,1,1565,California
Modoc,2021-02-24,91,2406,1,340,90,2066,0,0,31,785,60,811,31,1596,California
Modoc,2021-02-25,169,2575,0,340,169,2235,0,0,12,640,157,968,12,1608,California
Modoc,2021-02-26,3,2578,0,340,3,2238,0,0,1,639,2,970,1,1609,California
Modoc,2021-02-27,4,2582,4,344,0,2238,0,0,2,639,2,972,2,1611,California
Modoc,2021-03-01,6,2588,0,344,6,2244,0,0,1,636,4,976,1,1612,California
Modoc,2021-03-02,193,2781,12,356,181,2425,0,0,26,495,167,1143,26,1638,California
Modoc,2021-03-03,12,2793,6,362,6,2431,0,0,2,487,10,1153,2,1640,California
Modoc,2021-03-04,174,2967,2,364,172,2603,0,0,147,607,27,1180,147,1787,California
Modoc,2021-03-05,3,2970,3,367,0,2603,0,0,2,608,1,1181,2,1789,California
Modoc,2021-03-06,11,2981,0,367,1,2604,10,10,1,609,10,1191,11,1800,California
Modoc,2021-03-07,8,2989,2,369,0,2604,6,16,2,611,6,1197,8,1808,California
Modoc,2021-03-08,8,2997,1,370,3,2607,4,20,1,610,6,1203,5,1813,California
Modoc,2021-03-09,127,3124,10,380,108,2715,9,29,61,614,66,1269,70,1883,California
Modoc,2021-03-10,9,3133,3,383,2,2717,4,33,4,617,5,1274,8,1891,California
Modoc,2021-03-11,207,3340,0,383,99,2816,108,141,22,562,185,1459,130,2021,California
Modoc,2021-03-12,10,3350,1,384,4,2820,5,146,4,565,6,1465,9,2030,California
Modoc,2021-03-13,6,3356,0,384,3,2823,3,149,1,564,5,1470,4,2034,California
Modoc,2021-03-15,12,3368,1,385,10,2833,1,150,10,573,2,1472,11,2045,California
Modoc,2021-03-16,174,3542,2,387,168,3001,4,154,42,486,132,1604,45,2090,California
Modoc,2021-03-17,10,3552,1,388,4,3005,5,159,2,485,8,1612,7,2097,California
Modoc,2021-03-18,66,3618,2,390,57,3062,7,166,34,494,32,1644,41,2138,California
Modoc,2021-03-19,5,3623,0,390,0,3062,5,171,0,494,5,1649,5,2143,California
Modoc,2021-03-20,5,3628,2,392,0,3062,3,174,0,492,5,1654,3,2146,California
Modoc,2021-03-21,3,3631,1,393,0,3062,2,176,1,493,2,1656,3,2149,California
Modoc,2021-03-22,17,3648,1,394,11,3073,5,181,12,505,5,1661,17,2166,California
Modoc,2021-03-23,37,3685,7,401,27,3100,3,184,28,527,9,1670,31,2197,California
Modoc,2021-03-24,29,3714,1,402,18,3118,10,194,1,510,28,1698,11,2208,California
Modoc,2021-03-25,76,3790,1,403,73,3191,2,196,44,524,32,1730,46,2254,California
Modoc,2021-03-26,7,3797,2,405,2,3193,3,199,2,524,5,1735,5,2259,California
Modoc,2021-03-27,2,3799,0,405,1,3194,1,200,1,525,1,1736,2,2261,California
Modoc,2021-03-28,2,3801,1,406,0,3194,1,201,0,524,2,1738,1,2262,California
Modoc,2021-03-29,14,3815,1,407,5,3199,8,209,5,528,9,1747,13,2275,California
Modoc,2021-03-30,54,3869,9,416,38,3237,7,216,20,521,34,1781,27,2302,California
Modoc,2021-03-31,10,3879,3,419,3,3240,4,220,4,523,6,1787,8,2310,California
Modoc,2021-04-01,167,4046,2,421,160,3400,5,225,32,425,135,1922,37,2347,California
Modoc,2021-04-02,5,4051,0,421,2,3402,3,228,1,426,3,1925,4,2351,California
Modoc,2021-04-03,5,4056,2,423,0,3402,3,231,2,428,2,1927,4,2355,California
Modoc,2021-04-05,9,4065,0,423,9,3411,0,231,9,437,0,1927,9,2364,California
Modoc,2021-04-06,24,4089,5,428,9,3420,10,241,6,435,18,1945,16,2380,California
Modoc,2021-04-07,12,4101,1,429,4,3424,7,248,3,436,9,1954,10,2390,California
Modoc,2021-04-08,95,4196,1,430,92,3516,2,250,26,395,69,2023,28,2418,California
Modoc,2021-04-09,11,4207,2,432,6,3522,3,253,2,390,9,2032,4,2422,California
Modoc,2021-04-10,5,4212,0,432,1,3523,4,257,0,389,5,2037,4,2426,California
Modoc,2021-04-11,2,4214,2,434,0,3523,0,257,1,389,1,2038,1,2427,California
Modoc,2021-04-12,14,4228,0,434,10,3533,4,261,1,383,11,2049,5,2432,California
Modoc,2021-04-13,30,4258,29,463,1,3534,0,261,21,395,9,2058,21,2453,California
Modoc,2021-04-14,2,4260,2,465,0,3534,0,261,1,395,1,2059,1,2454,California
Modoc,2021-04-15,100,4360,0,465,100,3634,0,261,27,350,72,2131,27,2481,California
Modoc,2021-04-16,4,4364,4,469,0,3634,0,261,3,352,1,2132,3,2484,California
Modoc,2021-04-17,2,4366,2,471,0,3634,0,261,2,354,0,2132,2,2486,California
Modoc,2021-04-18,1,4367,0,471,1,3635,0,261,1,355,0,2132,1,2487,California
Modoc,2021-04-19,7,4374,0,471,7,3642,0,261,2,352,5,2137,2,2489,California
Modoc,2021-04-20,26,4400,2,473,24,3666,0,261,8,342,18,2155,8,2497,California
Modoc,2021-04-21,3,4403,3,476,0,3666,0,261,1,341,2,2157,1,2498,California
Modoc,2021-04-22,94,4497,1,477,93,3759,0,261,38,323,56,2213,38,2536,California
Modoc,2021-04-23,4,4501,0,477,4,3763,0,261,3,325,1,2214,3,2539,California
Modoc,2021-04-24,2,4503,0,477,1,3764,1,262,1,326,1,2215,2,2541,California
Modoc,2021-04-25,1,4504,1,478,0,3764,0,262,1,327,0,2215,1,2542,California
Modoc,2021-04-26,7,4511,0,478,7,3771,0,262,2,324,5,2220,2,2544,California
Modoc,2021-04-27,5,4516,4,482,0,3771,1,263,0,320,5,2225,1,2545,California
Modoc,2021-04-28,7,4523,1,483,5,3776,1,264,2,318,5,2230,3,2548,California
Modoc,2021-04-29,63,4586,2,485,61,3837,0,264,22,299,41,2271,22,2570,California
Modoc,2021-04-30,4,4590,3,488,1,3838,0,264,2,299,2,2273,2,2572,California
Modoc,2021-05-01,1,4591,1,489,0,3838,0,264,0,298,1,2274,0,2572,California
Modoc,2021-05-02,4,4595,3,492,1,3839,0,264,3,300,1,2275,3,2575,California
Modoc,2021-05-03,12,4607,0,492,11,3850,1,265,2,293,10,2285,3,2578,California
Modoc,2021-05-04,11,4618,3,495,6,3856,2,267,5,294,6,2291,7,2585,California
Modoc,2021-05-05,27,4645,24,519,2,3858,1,268,8,284,19,2310,9,2594,California
Modoc,2021-05-06,54,4699,3,522,49,3907,2,270,21,274,33,2343,23,2617,California
Modoc,2021-05-07,8,4707,3,525,3,3910,2,272,2,272,6,2349,4,2621,California
Modoc,2021-05-08,3,4710,2,527,0,3910,1,273,1,272,2,2351,2,2623,California
Modoc,2021-05-09,1,4711,1,528,0,3910,0,273,0,271,1,2352,0,2623,California
Modoc,2021-05-10,2,4713,0,528,1,3911,1,274,1,272,1,2353,2,2625,California
Modoc,2021-05-11,3,4716,2,530,0,3911,1,275,0,270,3,2356,1,2626,California
Modoc,2021-05-12,2,4718,0,530,0,3911,2,277,0,270,2,2358,2,2628,California
Modoc,2021-05-13,42,4760,0,530,38,3949,4,281,14,260,28,2386,18,2646,California
Modoc,2021-05-14,8,4768,3,533,0,3949,5,286,3,263,5,2391,8,2654,California
Modoc,2021-05-15,4,4772,3,536,1,3950,0,286,4,267,0,2391,4,2658,California
Modoc,2021-05-16,2,4774,1,537,1,3951,0,286,0,265,2,2393,0,2658,California
Modoc,2021-05-17,5,4779,3,540,2,3953,0,286,4,268,1,2394,4,2662,California
Modoc,2021-05-18,23,4802,12,552,9,3962,2,288,14,275,9,2403,16,2678,California
Modoc,2021-05-19,8,4810,1,553,3,3965,4,292,4,279,4,2407,8,2686,California
Modoc,2021-05-20,59,4869,3,556,47,4012,9,301,8,245,51,2458,17,2703,California
Modoc,2021-05-21,6,4875,4,560,1,4013,1,302,1,242,5,2463,2,2705,California
Modoc,2021-05-22,2,4877,2,562,0,4013,0,302,1,242,1,2464,1,2706,California
Modoc,2021-05-23,2,4879,2,564,0,4013,0,302,0,240,2,2466,0,2706,California
Modoc,2021-05-24,4,4883,1,565,1,4014,2,304,2,242,2,2468,4,2710,California
Modoc,2021-05-25,2,4885,1,566,1,4015,0,304,1,242,1,2469,1,2711,California
Modoc,2021-05-26,36,4921,33,599,3,4018,0,304,26,259,10,2479,27,2738,California
Modoc,2021-05-27,28,4949,1,600,22,4040,5,309,6,248,22,2501,11,2749,California
Modoc,2021-05-28,8,4957,1,601,4,4044,3,312,3,249,5,2506,6,2755,California
Modoc,2021-05-29,1,4958,1,602,0,4044,0,312,0,248,1,2507,0,2755,California
Modoc,2021-05-31,1,4959,0,602,0,4044,1,313,0,248,0,2507,0,2755,California
Modoc,2021-06-01,7,4966,0,602,6,4050,1,314,2,246,5,2512,3,2758,California
Modoc,2021-06-02,8,4974,0,602,6,4056,2,316,4,248,4,2516,6,2764,California
Modoc,2021-06-03,25,4999,1,603,22,4078,2,318,4,233,21,2537,6,2770,California
Modoc,2021-06-04,5,5004,3,606,1,4079,1,319,0,229,5,2542,1,2771,California
Modoc,2021-06-05,1,5005,0,606,1,4080,0,319,0,228,1,2543,0,2771,California
Modoc,2021-06-07,4,5009,4,610,0,4080,0,319,1,226,3,2546,1,2772,California
Modoc,2021-06-08,29,5038,10,620,18,4098,1,320,18,234,11,2557,19,2791,California
Modoc,2021-06-09,3,5041,2,622,1,4099,0,320,2,235,1,2558,2,2793,California
Modoc,2021-06-10,21,5062,1,623,19,4118,1,321,7,229,14,2572,8,2801,California
Modoc,2021-06-11,4,5066,2,625,1,4119,1,322,2,230,2,2574,3,2804,California
Modoc,2021-06-12,1,5067,1,626,0,4119,0,322,0,229,1,2575,0,2804,California
Modoc,2021-06-14,4,5071,0,626,2,4121,2,324,0,227,4,2579,2,2806,California
Modoc,2021-06-15,7,5078,1,627,4,4125,2,326,4,230,3,2582,6,2812,California
Modoc,2021-06-16,41,5119,25,652,11,4136,5,331,22,240,19,2601,29,2841,California
Modoc,2021-06-17,46,5165,20,672,25,4161,1,332,27,249,19,2620,28,2869,California
Modoc,2021-06-18,5,5170,0,672,3,4164,2,334,3,252,2,2622,5,2874,California
Modoc,2021-06-19,3,5173,0,672,1,4165,2,336,1,253,2,2624,3,2877,California
Modoc,2021-06-21,1,5174,0,672,1,4166,0,336,1,254,0,2624,1,2878,California
Modoc,2021-06-22,11,5185,4,676,7,4173,0,336,9,261,2,2626,9,2887,California
Modoc,2021-06-23,6,5191,0,676,3,4176,3,339,1,260,5,2631,4,2891,California
Modoc,2021-06-24,33,5224,14,690,15,4191,4,343,22,275,11,2642,26,2917,California
Modoc,2021-06-25,7,5231,0,690,5,4196,2,345,2,274,5,2647,4,2921,California
Modoc,2021-06-28,4,5235,1,691,3,4199,0,345,3,276,1,2648,3,2924,California
Modoc,2021-06-29,8,5243,1,692,6,4205,1,346,5,279,3,2651,6,2930,California
Modoc,2021-06-30,8,5251,1,693,7,4212,0,346,5,281,3,2654,5,2935,California
Modoc,2021-07-01,23,5274,11,704,1,4213,11,357,9,287,14,2668,20,2955,California
Modoc,2021-07-02,2,5276,2,706,0,4213,0,357,0,285,2,2670,0,2955,California
Modoc,2021-07-03,3,5279,0,706,3,4216,0,357,3,288,0,2670,3,2958,California
Modoc,2021-07-06,9,5288,5,711,4,4220,0,357,5,289,4,2674,5,2963,California
Mono,2020-12-18,1,1,1,1,0,0,0,0,1,1,0,0,1,1,California
Mono,2020-12-19,5,6,5,6,0,0,0,0,5,6,0,0,5,6,California
Mono,2020-12-20,7,13,7,13,0,0,0,0,7,13,0,0,7,13,California
Mono,2020-12-21,24,37,17,30,7,7,0,0,24,37,0,0,24,37,California
Mono,2020-12-22,67,104,65,95,2,9,0,0,67,104,0,0,67,104,California
Mono,2020-12-23,71,175,43,138,28,37,0,0,71,175,0,0,71,175,California
Mono,2020-12-24,3,178,1,139,2,39,0,0,3,178,0,0,3,178,California
Mono,2020-12-26,3,181,3,142,0,39,0,0,3,181,0,0,3,181,California
Mono,2020-12-27,1,182,0,142,1,40,0,0,1,182,0,0,1,182,California
Mono,2020-12-28,94,276,63,205,31,71,0,0,94,276,0,0,94,276,California
Mono,2020-12-29,29,305,29,234,0,71,0,0,29,305,0,0,29,305,California
Mono,2020-12-30,77,382,36,270,41,112,0,0,77,382,0,0,77,382,California
Mono,2020-12-31,4,386,1,271,3,115,0,0,4,386,0,0,4,386,California
Mono,2021-01-01,4,390,4,275,0,115,0,0,4,390,0,0,4,390,California
Mono,2021-01-02,2,392,2,277,0,115,0,0,2,392,0,0,2,392,California
Mono,2021-01-04,2,394,0,277,2,117,0,0,2,394,0,0,2,394,California
Mono,2021-01-05,45,439,2,279,43,160,0,0,44,437,1,1,44,438,California
Mono,2021-01-06,44,483,0,279,44,204,0,0,44,481,0,1,44,482,California
Mono,2021-01-07,55,538,3,282,52,256,0,0,53,533,2,3,54,536,California
Mono,2021-01-08,2,540,1,283,1,257,0,0,1,533,1,4,1,537,California
Mono,2021-01-09,4,544,4,287,0,257,0,0,0,529,4,8,0,537,California
Mono,2021-01-10,5,549,5,292,0,257,0,0,0,524,5,13,0,537,California
Mono,2021-01-11,8,557,5,297,3,260,0,0,4,524,4,17,4,541,California
Mono,2021-01-12,283,840,75,372,208,468,0,0,219,680,63,80,219,760,California
Mono,2021-01-13,234,1074,73,445,161,629,0,0,179,804,55,135,179,939,California
Mono,2021-01-14,74,1148,72,517,2,631,0,0,73,876,1,136,73,1012,California
Mono,2021-01-15,65,1213,3,520,62,693,0,0,65,941,0,136,65,1077,California
Mono,2021-01-16,3,1216,3,523,0,693,0,0,0,938,3,139,0,1077,California
Mono,2021-01-18,64,1280,55,578,9,702,0,0,2,878,62,201,2,1079,California
Mono,2021-01-19,210,1490,207,785,3,705,0,0,172,1013,38,239,173,1252,California
Mono,2021-01-20,236,1726,201,986,35,740,0,0,173,1123,63,302,173,1425,California
Mono,2021-01-21,4,1730,4,990,0,740,0,0,4,1127,0,302,4,1429,California
Mono,2021-01-22,4,1734,0,990,4,744,0,0,4,1131,0,302,4,1433,California
Mono,2021-01-23,589,2323,589,1579,0,744,0,0,588,1718,1,303,588,2021,California
Mono,2021-01-24,1,2324,0,1579,1,745,0,0,0,1717,1,304,0,2021,California
Mono,2021-01-25,200,2524,162,1741,38,783,0,0,161,1839,39,343,161,2182,California
Mono,2021-01-26,500,3024,498,2239,2,785,0,0,494,2327,6,349,494,2676,California
Mono,2021-01-27,4,3028,0,2239,4,789,0,0,4,2331,0,349,4,2680,California
Mono,2021-01-28,6,3034,2,2241,4,793,0,0,2,2329,4,353,2,2682,California
Mono,2021-01-30,196,3230,194,2435,2,795,0,0,195,2523,1,354,195,2877,California
Mono,2021-01-31,241,3471,136,2571,105,900,0,0,137,2556,104,458,137,3014,California
Mono,2021-02-01,27,3498,27,2598,0,900,0,0,0,2529,27,485,0,3014,California
Mono,2021-02-02,5,3503,0,2598,5,905,0,0,2,2528,3,488,2,3016,California
Mono,2021-02-03,4,3507,2,2600,2,907,0,0,2,2528,2,490,2,3018,California
Mono,2021-02-04,214,3721,159,2759,55,962,0,0,91,2498,121,611,91,3109,California
Mono,2021-02-05,610,4331,604,3363,6,968,0,0,607,3102,3,614,607,3716,California
Mono,2021-02-06,135,4466,134,3497,1,969,0,0,134,3235,1,615,134,3850,California
Mono,2021-02-07,2,4468,0,3497,2,971,0,0,2,3237,0,615,2,3852,California
Mono,2021-02-08,171,4639,171,3668,0,971,0,0,15,3097,155,770,15,3867,California
Mono,2021-02-09,231,4870,6,3674,225,1196,0,0,14,2894,217,987,14,3881,California
Mono,2021-02-10,541,5411,188,3862,353,1549,0,0,198,2750,343,1330,199,4080,California
Mono,2021-02-11,8,5419,5,3867,3,1552,0,0,3,2748,5,1335,3,4083,California
Mono,2021-02-12,89,5508,21,3888,68,1620,0,0,27,2713,62,1397,27,4110,California
Mono,2021-02-13,586,6094,584,4472,2,1622,0,0,26,2180,559,1956,26,4136,California
Mono,2021-02-15,167,6261,165,4637,2,1624,0,0,2,2019,163,2119,2,4138,California
Mono,2021-02-16,520,6781,516,5153,4,1628,0,0,45,1593,472,2591,46,4184,California
Mono,2021-02-17,6,6787,1,5154,5,1633,0,0,2,1591,4,2595,2,4186,California
Mono,2021-02-18,4,6791,2,5156,2,1635,0,0,3,1593,1,2596,3,4189,California
Mono,2021-02-19,56,6847,55,5211,1,1636,0,0,56,1649,0,2596,56,4245,California
Mono,2021-02-20,4,6851,4,5215,0,1636,0,0,4,1653,0,2596,4,4249,California
Mono,2021-02-21,6,6857,6,5221,0,1636,0,0,4,1655,2,2598,4,4253,California
Mono,2021-02-22,292,7149,291,5512,1,1637,0,0,26,1416,265,2863,26,4279,California
Mono,2021-02-23,150,7299,129,5641,21,1658,0,0,25,1316,125,2988,25,4304,California
Mono,2021-02-24,10,7309,2,5643,8,1666,0,0,3,1312,7,2995,3,4307,California
Mono,2021-02-25,5,7314,2,5645,3,1669,0,0,3,1314,1,2996,3,4310,California
Mono,2021-02-26,596,7910,594,6239,2,1671,0,0,21,761,574,3570,21,4331,California
Mono,2021-02-27,138,8048,134,6373,4,1675,0,0,4,633,132,3702,4,4335,California
Mono,2021-02-28,1,8049,0,6373,0,1675,1,1,0,633,1,3703,1,4336,California
Mono,2021-03-01,3,8052,2,6375,1,1676,0,1,2,635,0,3703,2,4338,California
Mono,2021-03-02,6,8058,4,6379,2,1678,0,1,4,637,2,3705,4,4342,California
Mono,2021-03-03,113,8171,3,6382,110,1788,0,1,109,743,3,3708,109,4451,California
Mono,2021-03-04,6,8177,2,6384,4,1792,0,1,3,743,3,3711,3,4454,California
Mono,2021-03-05,37,8214,28,6412,9,1801,0,1,13,732,24,3735,13,4467,California
Mono,2021-03-06,506,8720,18,6430,488,2289,0,1,497,1223,7,3742,498,4965,California
Mono,2021-03-07,1,8721,0,6430,1,2290,0,1,0,1222,1,3743,0,4965,California
Mono,2021-03-08,530,9251,11,6441,516,2806,3,4,520,1735,10,3753,523,5488,California
Mono,2021-03-09,6,9257,2,6443,3,2809,1,5,3,1737,2,3755,4,5492,California
Mono,2021-03-10,287,9544,91,6534,193,3002,3,8,8,1472,276,4031,11,5503,California
Mono,2021-03-11,10,9554,0,6534,1,3003,9,17,0,1471,10,4041,9,5512,California
Mono,2021-03-12,6,9560,1,6535,1,3004,4,21,0,1469,6,4047,4,5516,California
Mono,2021-03-13,822,10382,384,6919,438,3442,0,21,812,2271,10,4057,812,6328,California
Mono,2021-03-14,5,10387,5,6924,0,3442,0,21,1,2268,4,4061,1,6329,California
Mono,2021-03-15,31,10418,23,6947,3,3445,5,26,14,2271,16,4077,19,6348,California
Mono,2021-03-16,16,10434,6,6953,4,3449,6,32,8,2277,8,4085,14,6362,California
Mono,2021-03-17,33,10467,5,6958,20,3469,8,40,21,2294,12,4097,29,6391,California
Mono,2021-03-18,21,10488,2,6960,11,3480,8,48,8,2297,13,4110,16,6407,California
Mono,2021-03-19,21,10509,1,6961,17,3497,3,51,17,2314,3,4113,20,6427,California
Mono,2021-03-20,5,10514,3,6964,1,3498,1,52,4,2318,1,4114,5,6432,California
Mono,2021-03-21,1,10515,1,6965,0,3498,0,52,1,2319,0,4114,1,6433,California
Mono,2021-03-22,11,10526,0,6965,6,3504,5,57,5,2323,6,4120,10,6443,California
Mono,2021-03-23,43,10569,6,6971,32,3536,5,62,17,2320,25,4145,22,6465,California
Mono,2021-03-24,14,10583,1,6972,8,3544,5,67,5,2322,9,4154,11,6476,California
Mono,2021-03-25,19,10602,3,6975,12,3556,4,71,12,2331,7,4161,16,6492,California
Mono,2021-03-26,19,10621,3,6978,11,3567,5,76,10,2338,8,4169,15,6507,California
Mono,2021-03-27,354,10975,351,7329,3,3570,0,76,326,2636,28,4197,326,6833,California
Mono,2021-03-29,10,10985,3,7332,6,3576,1,77,8,2643,2,4199,9,6842,California
Mono,2021-03-30,12,10997,0,7332,8,3584,4,81,7,2649,5,4204,11,6853,California
Mono,2021-03-31,134,11131,7,7339,126,3710,1,82,23,2563,110,4314,24,6877,California
Mono,2021-04-01,9,11140,0,7339,8,3718,1,83,4,2563,5,4319,5,6882,California
Mono,2021-04-02,19,11159,2,7341,17,3735,0,83,8,2560,11,4330,8,6890,California
Mono,2021-04-03,862,12021,371,7712,491,4226,0,83,48,1797,811,5141,48,6938,California
Mono,2021-04-04,1,12022,1,7713,0,4226,0,83,0,1796,1,5142,0,6938,California
Mono,2021-04-05,528,12550,18,7731,509,4735,1,84,35,1340,492,5634,36,6974,California
Mono,2021-04-06,19,12569,1,7732,5,4740,13,97,1,1336,18,5652,14,6988,California
Mono,2021-04-07,23,12592,2,7734,2,4742,19,116,2,1336,21,5673,21,7009,California
Mono,2021-04-08,26,12618,4,7738,3,4745,19,135,6,1341,20,5693,25,7034,California
Mono,2021-04-09,39,12657,4,7742,6,4751,29,164,9,1349,30,5723,38,7072,California
Mono,2021-04-10,452,13109,2,7744,443,5194,7,171,30,964,422,6145,37,7109,California
Mono,2021-04-11,1,13110,1,7745,0,5194,0,171,0,963,1,6146,0,7109,California
Mono,2021-04-12,6,13116,0,7745,3,5197,3,174,3,966,3,6149,6,7115,California
Mono,2021-04-13,19,13135,2,7747,16,5213,1,175,13,974,6,6155,14,7129,California
Mono,2021-04-14,26,13161,2,7749,24,5237,0,175,8,964,18,6173,8,7137,California
Mono,2021-04-15,18,13179,4,7753,14,5251,0,175,10,966,8,6181,10,7147,California
Mono,2021-04-16,18,13197,1,7754,17,5268,0,175,7,962,11,6192,7,7154,California
Mono,2021-04-17,52,13249,2,7756,50,5318,0,175,45,1000,7,6199,45,7199,California
Mono,2021-04-18,1,13250,0,7756,1,5319,0,175,1,1001,0,6199,1,7200,California
Mono,2021-04-19,538,13788,329,8085,209,5528,0,175,202,870,333,6532,202,7402,California
Mono,2021-04-20,15,13803,2,8087,13,5541,0,175,10,875,5,6537,10,7412,California
Mono,2021-04-21,7,13810,0,8087,7,5548,0,175,2,872,5,6542,2,7414,California
Mono,2021-04-22,25,13835,11,8098,14,5562,0,175,11,869,14,6556,11,7425,California
Mono,2021-04-23,22,13857,2,8100,20,5582,0,175,12,871,10,6566,12,7437,California
Mono,2021-04-24,35,13892,21,8121,14,5596,0,175,20,876,15,6581,20,7457,California
Mono,2021-04-25,3,13895,2,8123,1,5597,0,175,3,879,0,6581,3,7460,California
Mono,2021-04-26,12,13907,2,8125,10,5607,0,175,3,873,9,6590,3,7463,California
Mono,2021-04-27,68,13975,42,8167,19,5626,7,182,52,916,16,6606,59,7522,California
Mono,2021-04-28,62,14037,40,8207,18,5644,4,186,48,956,12,6618,52,7574,California
Mono,2021-04-29,10,14047,3,8210,4,5648,3,189,3,955,7,6625,6,7580,California
Mono,2021-04-30,19,14066,3,8213,12,5660,4,193,8,956,11,6636,12,7592,California
Mono,2021-05-01,109,14175,5,8218,104,5764,0,193,96,1040,12,6648,96,7688,California
Mono,2021-05-02,1,14176,1,8219,0,5764,0,193,1,1041,0,6648,1,7689,California
Mono,2021-05-03,2,14178,1,8220,1,5765,0,193,1,1041,1,6649,1,7690,California
Mono,2021-05-04,19,14197,0,8220,13,5778,6,199,10,1048,9,6658,16,7706,California
Mono,2021-05-05,52,14249,8,8228,40,5818,4,203,45,1090,7,6665,49,7755,California
Mono,2021-05-06,16,14265,4,8232,11,5829,1,204,10,1095,6,6671,11,7766,California
Mono,2021-05-07,30,14295,22,8254,8,5837,0,204,25,1115,5,6676,25,7791,California
Mono,2021-05-08,53,14348,7,8261,46,5883,0,204,24,1110,29,6705,24,7815,California
Mono,2021-05-09,1,14349,1,8262,0,5883,0,204,0,1110,0,6705,0,7815,California
Mono,2021-05-10,18,14367,1,8263,13,5896,4,208,9,1114,9,6714,13,7828,California
Mono,2021-05-11,15,14382,2,8265,10,5906,3,211,5,1112,10,6724,8,7836,California
Mono,2021-05-12,12,14394,0,8265,11,5917,1,212,4,1109,8,6732,5,7841,California
Mono,2021-05-13,47,14441,31,8296,15,5932,1,213,38,1139,9,6741,39,7880,California
Mono,2021-05-14,11,14452,1,8297,9,5941,1,214,6,1141,5,6746,7,7887,California
Mono,2021-05-15,66,14518,24,8321,35,5976,7,221,19,1120,47,6793,26,7913,California
Mono,2021-05-16,6,14524,4,8325,1,5977,1,222,2,1119,4,6797,3,7916,California
Mono,2021-05-17,250,14774,34,8359,209,6186,7,229,54,986,195,6992,62,7978,California
Mono,2021-05-18,134,14908,110,8469,23,6209,1,230,87,1028,47,7039,89,8067,California
Mono,2021-05-19,119,15027,112,8581,2,6211,5,235,75,1064,44,7083,80,8147,California
Mono,2021-05-20,71,15098,56,8637,10,6221,5,240,54,1106,17,7100,59,8206,California
Mono,2021-05-21,23,15121,4,8641,16,6237,3,243,10,1106,13,7113,13,8219,California
Mono,2021-05-22,22,15143,12,8653,8,6245,2,245,16,1118,6,7119,18,8237,California
Mono,2021-05-23,2,15145,0,8653,2,6247,0,245,1,1118,1,7120,1,8238,California
Mono,2021-05-24,16,15161,2,8655,13,6260,1,246,9,1122,7,7127,11,8249,California
Mono,2021-05-25,15,15176,5,8660,10,6270,0,246,8,1123,7,7134,8,8257,California
Mono,2021-05-26,18,15194,2,8662,15,6285,1,247,7,1120,11,7145,8,8265,California
Mono,2021-05-27,8,15202,0,8662,8,6293,0,247,5,1123,2,7147,5,8270,California
Mono,2021-05-28,42,15244,28,8690,14,6307,0,247,11,1103,31,7178,11,8281,California
Mono,2021-05-29,129,15373,27,8717,99,6406,3,250,32,1041,97,7275,35,8316,California
Mono,2021-06-01,16,15389,7,8724,9,6415,0,250,9,1043,7,7282,9,8325,California
Mono,2021-06-02,47,15436,4,8728,43,6458,0,250,10,1016,37,7319,10,8335,California
Mono,2021-06-03,11,15447,1,8729,7,6465,3,253,1,1010,10,7329,4,8339,California
Mono,2021-06-04,12,15459,1,8730,10,6475,1,254,3,1005,9,7338,4,8343,California
Mono,2021-06-05,44,15503,23,8753,21,6496,0,254,5,971,39,7377,5,8348,California
Mono,2021-06-06,1,15504,0,8753,1,6497,0,254,0,970,1,7378,0,8348,California
Mono,2021-06-07,99,15603,87,8840,8,6505,4,258,12,899,87,7465,16,8364,California
Mono,2021-06-08,113,15716,103,8943,8,6513,2,260,12,812,101,7566,14,8378,California
Mono,2021-06-09,6,15722,1,8944,5,6518,0,260,1,808,5,7571,1,8379,California
Mono,2021-06-10,6,15728,0,8944,4,6522,2,262,2,808,4,7575,4,8383,California
Mono,2021-06-11,74,15802,62,9006,7,6529,5,267,6,751,68,7643,11,8394,California
Mono,2021-06-12,1,15803,1,9007,0,6529,0,267,0,750,1,7644,0,8394,California
Mono,2021-06-13,1,15804,0,9007,1,6530,0,267,1,751,0,7644,1,8395,California
Mono,2021-06-14,65,15869,30,9037,29,6559,6,273,20,732,45,7689,26,8421,California
Mono,2021-06-15,8,15877,5,9042,3,6562,0,273,4,732,4,7693,4,8425,California
Mono,2021-06-16,14,15891,5,9047,9,6571,0,273,6,730,8,7701,6,8431,California
Mono,2021-06-17,6,15897,1,9048,3,6574,2,275,2,730,4,7705,4,8435,California
Mono,2021-06-18,5,15902,3,9051,1,6575,1,276,1,729,3,7708,2,8437,California
Mono,2021-06-19,3,15905,3,9054,0,6575,0,276,3,732,0,7708,3,8440,California
Mono,2021-06-20,1,15906,0,9054,1,6576,0,276,0,731,1,7709,0,8440,California
Mono,2021-06-21,14,15920,2,9056,10,6586,2,278,3,726,10,7719,5,8445,California
Mono,2021-06-22,13,15933,2,9058,10,6596,1,279,4,723,8,7727,5,8450,California
Mono,2021-06-23,12,15945,0,9058,6,6602,6,285,2,722,10,7737,9,8459,California
Mono,2021-06-24,7,15952,0,9058,5,6607,2,287,2,721,5,7742,4,8463,California
Mono,2021-06-25,33,15985,22,9080,11,6618,0,287,7,702,26,7768,7,8470,California
Mono,2021-06-26,1,15986,1,9081,0,6618,0,287,0,701,1,7769,0,8470,California
Mono,2021-06-27,1,15987,0,9081,1,6619,0,287,1,702,0,7769,1,8471,California
Mono,2021-06-28,11,15998,7,9088,1,6620,3,290,2,698,9,7778,5,8476,California
Mono,2021-06-29,2,16000,2,9090,0,6620,0,290,2,700,0,7778,2,8478,California
Mono,2021-06-30,7,16007,1,9091,3,6623,3,293,3,702,4,7782,6,8484,California
Mono,2021-07-01,8,16015,1,9092,4,6627,3,296,2,701,6,7788,5,8489,California
Mono,2021-07-02,39,16054,35,9127,2,6629,2,298,14,692,25,7813,16,8505,California
Mono,2021-07-05,4,16058,0,9127,3,6632,1,299,3,695,1,7814,4,8509,California
Mono,2021-07-06,3,16061,3,9130,0,6632,0,299,3,698,0,7814,3,8512,California
Monterey,2020-12-16,6,6,6,6,0,0,0,0,6,6,0,0,6,6,California
Monterey,2020-12-17,87,93,87,93,0,0,0,0,87,93,0,0,87,93,California
Monterey,2020-12-18,488,581,488,581,0,0,0,0,488,581,0,0,488,581,California
Monterey,2020-12-19,582,1163,581,1162,1,1,0,0,581,1162,0,0,581,1162,California
Monterey,2020-12-20,421,1584,420,1582,1,2,0,0,421,1583,0,0,421,1583,California
Monterey,2020-12-21,724,2308,724,2306,0,2,0,0,724,2307,0,0,724,2307,California
Monterey,2020-12-22,536,2844,523,2829,13,15,0,0,536,2843,0,0,536,2843,California
Monterey,2020-12-23,442,3286,266,3095,176,191,0,0,442,3285,0,0,442,3285,California
Monterey,2020-12-24,84,3370,10,3105,74,265,0,0,84,3369,0,0,84,3369,California
Monterey,2020-12-25,6,3376,0,3105,6,271,0,0,6,3375,0,0,6,3375,California
Monterey,2020-12-26,92,3468,5,3110,87,358,0,0,92,3467,0,0,92,3467,California
Monterey,2020-12-27,6,3474,3,3113,3,361,0,0,6,3473,0,0,6,3473,California
Monterey,2020-12-28,477,3951,25,3138,452,813,0,0,477,3950,0,0,477,3950,California
Monterey,2020-12-29,902,4853,169,3307,733,1546,0,0,902,4852,0,0,902,4852,California
Monterey,2020-12-30,567,5420,98,3405,469,2015,0,0,567,5419,0,0,567,5419,California
Monterey,2020-12-31,33,5453,11,3416,22,2037,0,0,33,5452,0,0,33,5452,California
Monterey,2021-01-01,13,5466,3,3419,10,2047,0,0,13,5465,0,0,13,5465,California
Monterey,2021-01-02,137,5603,134,3553,3,2050,0,0,137,5602,0,0,137,5602,California
Monterey,2021-01-03,30,5633,29,3582,1,2051,0,0,30,5632,0,0,30,5632,California
Monterey,2021-01-04,412,6045,19,3601,393,2444,0,0,412,6044,0,0,412,6044,California
Monterey,2021-01-05,758,6803,330,3931,428,2872,0,0,744,6774,14,14,744,6788,California
Monterey,2021-01-06,662,7465,175,4106,487,3359,0,0,638,7388,24,38,638,7426,California
Monterey,2021-01-07,753,8218,577,4683,176,3535,0,0,425,7487,326,364,425,7851,California
Monterey,2021-01-08,1094,9312,740,5423,354,3889,0,0,395,7183,699,1063,395,8246,California
Monterey,2021-01-09,963,10275,933,6356,30,3919,0,0,311,6844,650,1713,311,8557,California
Monterey,2021-01-10,273,10548,270,6626,3,3922,0,0,9,6589,264,1977,9,8566,California
Monterey,2021-01-11,1068,11616,986,7612,82,4004,0,0,365,6251,703,2680,365,8931,California
Monterey,2021-01-12,475,12091,396,8008,79,4083,0,0,211,6198,264,2944,211,9142,California
Monterey,2021-01-13,1221,13312,595,8603,626,4709,0,0,1175,7327,46,2990,1175,10317,California
Monterey,2021-01-14,1199,14511,244,8847,955,5664,0,0,1179,8490,20,3010,1183,11500,California
Monterey,2021-01-15,1057,15568,46,8893,1011,6675,0,0,1045,9523,12,3022,1045,12545,California
Monterey,2021-01-16,365,15933,300,9193,65,6740,0,0,360,9878,5,3027,360,12905,California
Monterey,2021-01-17,314,16247,294,9487,20,6760,0,0,302,10168,12,3039,302,13207,California
Monterey,2021-01-18,399,16646,49,9536,350,7110,0,0,377,10523,22,3061,377,13584,California
Monterey,2021-01-19,585,17231,400,9936,185,7295,0,0,421,10782,162,3223,421,14005,California
Monterey,2021-01-20,543,17774,270,10206,273,7568,0,0,334,10907,209,3432,334,14339,California
Monterey,2021-01-21,871,18645,115,10321,756,8324,0,0,759,11558,112,3544,763,15102,California
Monterey,2021-01-22,1071,19716,200,10521,871,9195,0,0,1030,12547,41,3585,1030,16132,California
Monterey,2021-01-23,244,19960,175,10696,69,9264,0,0,120,12546,123,3708,122,16254,California
Monterey,2021-01-24,62,20022,38,10734,24,9288,0,0,28,12540,34,3742,28,16282,California
Monterey,2021-01-25,802,20824,176,10910,626,9914,0,0,176,12097,619,4361,176,16458,California
Monterey,2021-01-26,955,21779,234,11144,721,10635,0,0,253,11648,702,5063,253,16711,California
Monterey,2021-01-27,854,22633,299,11443,555,11190,0,0,372,11538,482,5545,372,17083,California
Monterey,2021-01-28,2030,24663,741,12184,1289,12479,0,0,1685,12880,345,5890,1687,18770,California
Monterey,2021-01-29,1284,25947,715,12899,569,13048,0,0,1166,13930,117,6007,1167,19937,California
Monterey,2021-01-30,465,26412,295,13194,170,13218,0,0,209,13883,256,6263,209,20146,California
Monterey,2021-01-31,496,26908,74,13268,422,13640,0,0,485,14358,11,6274,486,20632,California
Monterey,2021-02-01,1640,28548,1125,14393,515,14155,0,0,1072,14863,567,6841,1072,21704,California
Monterey,2021-02-02,2188,30736,478,14871,1710,15865,0,0,1574,15824,613,7454,1574,23278,California
Monterey,2021-02-03,2339,33075,1046,15917,1293,17158,0,0,1558,16605,777,8231,1558,24836,California
Monterey,2021-02-04,2817,35892,2100,18017,717,17875,0,0,2463,18719,349,8580,2463,27299,California
Monterey,2021-02-05,3684,39576,2833,20850,851,18726,0,0,3237,21514,442,9022,3237,30536,California
Monterey,2021-02-06,1101,40677,379,21229,722,19448,0,0,756,21928,342,9364,756,31292,California
Monterey,2021-02-07,318,40995,273,21502,45,19493,0,0,96,21803,221,9585,96,31388,California
Monterey,2021-02-08,521,41516,291,21793,230,19723,0,0,421,22124,100,9685,421,31809,California
Monterey,2021-02-09,881,42397,684,22477,197,19920,0,0,568,22381,313,9998,570,32379,California
Monterey,2021-02-10,2096,44493,1106,23583,990,20910,0,0,1237,22761,859,10857,1239,33618,California
Monterey,2021-02-11,2522,47015,978,24561,1544,22454,0,0,1538,23319,982,11839,1540,35158,California
Monterey,2021-02-12,2625,49640,447,25008,2178,24632,0,0,1524,23744,1100,12939,1525,36683,California
Monterey,2021-02-13,1079,50719,50,25058,1029,25661,0,0,989,24644,89,13028,989,37672,California
Monterey,2021-02-14,597,51316,74,25132,523,26184,0,0,525,25097,72,13100,525,38197,California
Monterey,2021-02-15,1387,52703,167,25299,1220,27404,0,0,979,25671,406,13506,980,39177,California
Monterey,2021-02-16,1098,53801,248,25547,850,28254,0,0,871,26315,227,13733,871,40048,California
Monterey,2021-02-17,1975,55776,1180,26727,795,29049,0,0,1659,27661,315,14048,1661,41709,California
Monterey,2021-02-18,2243,58019,1180,27907,1063,30112,0,0,910,27254,1319,15367,912,42621,California
Monterey,2021-02-19,2962,60981,1545,29452,1417,31529,0,0,1350,26996,1610,16977,1352,43973,California
Monterey,2021-02-20,1040,62021,627,30079,413,31942,0,0,977,27912,62,17039,978,44951,California
Monterey,2021-02-21,1335,63356,1304,31383,31,31973,0,0,1256,29094,75,17114,1257,46208,California
Monterey,2021-02-22,1065,64421,911,32294,154,32127,0,0,684,29400,378,17492,684,46892,California
Monterey,2021-02-23,1020,65441,650,32944,370,32497,0,0,328,29038,691,18183,329,47221,California
Monterey,2021-02-24,2565,68006,1333,34277,1232,33729,0,0,1922,30323,638,18821,1923,49144,California
Monterey,2021-02-25,4506,72512,2453,36730,2053,35782,0,0,1514,28857,2982,21803,1516,50660,California
Monterey,2021-02-26,5313,77825,3087,39817,2226,38008,0,0,2640,28828,2670,24473,2641,53301,California
Monterey,2021-02-27,1044,78869,187,40004,857,38865,0,0,833,29456,205,24678,833,54134,California
Monterey,2021-02-28,1536,80405,86,40090,1449,40314,1,1,1066,30060,463,25141,1067,55201,California
Monterey,2021-03-01,1295,81700,143,40233,1149,41463,3,4,752,30279,536,25677,755,55956,California
Monterey,2021-03-02,2816,84516,1733,41966,1083,42546,0,4,1954,31375,858,26535,1954,57910,California
Monterey,2021-03-03,3222,87738,1246,43212,1976,44522,0,4,1283,30724,1935,28470,1284,59194,California
Monterey,2021-03-04,4575,92313,1477,44689,3098,47620,0,4,2941,32039,1628,30098,2943,62137,California
Monterey,2021-03-05,3676,95989,1620,46309,1776,49396,280,284,3002,34648,673,30771,3282,65419,California
Monterey,2021-03-06,5064,101053,1068,47377,3692,53088,304,588,4158,38205,903,31674,4460,69879,California
Monterey,2021-03-07,522,101575,107,47484,169,53257,246,834,234,38394,287,31961,476,70355,California
Monterey,2021-03-08,1674,103249,329,47813,957,54214,388,1222,1128,39361,546,32507,1513,71868,California
Monterey,2021-03-09,1992,105241,699,48512,1018,55232,275,1497,1488,40618,503,33010,1760,73628,California
Monterey,2021-03-10,3190,108431,1034,49546,1669,56901,487,1984,1471,40861,1712,34722,1955,75583,California
Monterey,2021-03-11,4167,112598,1412,50958,2380,59281,375,2359,2391,41860,1767,36489,2766,78349,California
Monterey,2021-03-12,4427,117025,2047,53005,2245,61526,135,2494,2729,43027,1695,38184,2862,81211,California
Monterey,2021-03-13,5311,122336,962,53967,4002,65528,347,2841,3982,46028,1327,39511,4328,85539,California
Monterey,2021-03-14,2157,124493,1326,55293,806,66334,25,2866,509,44931,1631,41142,534,86073,California
Monterey,2021-03-15,3993,128486,1274,56567,2416,68750,303,3169,2251,45749,1737,42879,2555,88628,California
Monterey,2021-03-16,3548,132034,593,57160,2564,71314,391,3560,2118,46827,1427,44306,2505,91133,California
Monterey,2021-03-17,5824,137858,2365,59525,3201,74515,258,3818,4194,49663,1621,45927,4457,95590,California
Monterey,2021-03-18,4465,142323,2167,61692,2129,76644,169,3987,3103,51615,1357,47284,3309,98899,California
Monterey,2021-03-19,5511,147834,2578,64270,2787,79431,146,4133,4222,54698,1284,48568,4367,103266,California
Monterey,2021-03-20,3373,151207,426,64696,2254,81685,693,4826,2283,56587,1086,49654,2975,106241,California
Monterey,2021-03-21,641,151848,214,64910,418,82103,9,4835,569,57094,70,49724,577,106818,California
Monterey,2021-03-22,2504,154352,1444,66354,997,83100,63,4898,2284,59222,217,49941,2345,109163,California
Monterey,2021-03-23,4027,158379,2360,68714,1624,84724,43,4941,2547,60337,1475,51416,2590,111753,California
Monterey,2021-03-24,5131,163510,2124,70838,2688,87412,319,5260,3739,63006,1385,52801,4054,115807,California
Monterey,2021-03-25,5335,168845,1229,72067,3747,91159,359,5619,2665,63370,2661,55462,3025,118832,California
Monterey,2021-03-26,5458,174303,2613,74680,2759,93918,86,5705,2742,63497,2703,58165,2830,121662,California
Monterey,2021-03-27,4856,179159,1451,76131,3150,97068,255,5960,3128,65157,1725,59890,3385,125047,California
Monterey,2021-03-28,1126,180285,346,76477,771,97839,9,5969,632,65312,486,60376,641,125688,California
Monterey,2021-03-29,3232,183517,1418,77895,1800,99639,14,5983,2004,66115,1220,61596,2023,127711,California
Monterey,2021-03-30,4522,188039,2141,80036,2335,101974,46,6029,2776,67205,1735,63331,2825,130536,California
Monterey,2021-03-31,5312,193351,2299,82335,2215,104189,798,6827,3320,69325,1987,65318,4107,134643,California
Monterey,2021-04-01,6152,199503,2065,84400,3675,107864,412,7239,3115,69825,3021,68339,3521,138164,California
Monterey,2021-04-02,4706,204209,2187,86587,2455,110319,64,7303,3164,71515,1540,69879,3230,141394,California
Monterey,2021-04-03,5943,210152,1118,87705,3779,114098,1046,8349,1234,69087,4700,74579,2272,143666,California
Monterey,2021-04-04,769,210921,157,87862,597,114695,15,8364,497,69329,272,74851,514,144180,California
Monterey,2021-04-05,4041,214962,2497,90359,1308,116003,236,8600,1507,68541,2529,77380,1741,145921,California
Monterey,2021-04-06,3453,218415,1355,91714,1625,117628,473,9073,1188,67937,2261,79641,1657,147578,California
Monterey,2021-04-07,5651,224066,1392,93106,3740,121368,519,9592,2707,68225,2933,82574,3221,150799,California
Monterey,2021-04-08,6696,230762,3516,96622,2369,123737,811,10403,3305,68956,3386,85960,4117,154916,California
Monterey,2021-04-09,5773,236535,3437,100059,1695,125432,641,11044,2295,68413,3475,89435,2932,157848,California
Monterey,2021-04-10,10302,246837,4964,105023,3128,128560,2210,13254,5001,70329,5287,94722,7203,165051,California
Monterey,2021-04-11,5515,252352,4337,109360,571,129131,607,13861,4466,74352,1043,95765,5066,170117,California
Monterey,2021-04-12,4157,256509,1883,111243,1958,131089,316,14177,963,72575,3055,98820,1278,171395,California
Monterey,2021-04-13,3226,259735,742,111985,2478,133567,6,14183,1550,72475,1658,100478,1558,172953,California
Monterey,2021-04-14,6854,266589,3188,115173,3663,137230,3,14186,1865,69379,4965,105443,1869,174822,California
Monterey,2021-04-15,5921,272510,3910,119083,2011,139241,0,14186,3885,71261,2004,107447,3886,178708,California
Monterey,2021-04-16,4787,277297,2332,121415,2442,141683,13,14199,2138,70780,2633,110080,2152,180860,California
Monterey,2021-04-17,5860,283157,1400,122815,4460,146143,0,14199,3800,72537,2044,112124,3801,184661,California
Monterey,2021-04-18,885,284042,292,123107,593,146736,0,14199,258,72172,623,112747,258,184919,California
Monterey,2021-04-19,3622,287664,1159,124266,2463,149199,0,14199,1648,71860,1960,114707,1648,186567,California
Monterey,2021-04-20,3848,291512,1548,125814,2300,151499,0,14199,1528,71093,2296,117003,1529,188096,California
Monterey,2021-04-21,6192,297704,3374,129188,2818,154317,0,14199,2958,70859,3194,120197,2960,191056,California
Monterey,2021-04-22,4901,302605,1071,130259,3830,158147,0,14199,1999,70000,2858,123055,1999,193055,California
Monterey,2021-04-23,5752,308357,2713,132972,3038,161185,1,14200,2267,68809,3464,126519,2273,195328,California
Monterey,2021-04-24,4290,312647,582,133554,3708,164893,0,14200,1547,67630,2726,129245,1547,196875,California
Monterey,2021-04-25,1247,313894,608,134162,639,165532,0,14200,788,67969,449,129694,788,197663,California
Monterey,2021-04-26,3787,317681,2244,136406,1526,167058,17,14217,983,66191,2778,132472,1000,198663,California
Monterey,2021-04-27,2884,320565,945,137351,1799,168857,140,14357,1222,65894,1658,134130,1361,200024,California
Monterey,2021-04-28,3663,324228,1401,138752,2110,170967,152,14509,2254,66900,1395,135525,2401,202425,California
Monterey,2021-04-29,4554,328782,2439,141191,2039,173006,76,14585,1667,65771,2873,138398,1744,204169,California
Monterey,2021-04-30,3244,332026,1685,142876,1484,174490,75,14660,832,64273,2403,140801,905,205074,California
Monterey,2021-05-01,5644,337670,4238,147114,1366,175856,40,14700,686,60060,4937,145738,724,205798,California
Monterey,2021-05-02,4350,342020,3923,151037,400,176256,27,14727,302,56355,4034,149772,329,206127,California
Monterey,2021-05-03,2546,344566,1567,152604,865,177121,114,14841,583,55099,1953,151725,697,206824,California
Monterey,2021-05-04,1826,346392,627,153231,1109,178230,90,14931,660,54698,1152,152877,751,207575,California
Monterey,2021-05-05,3382,349774,1243,154474,2054,180284,85,15016,1073,53559,2298,155175,1159,208734,California
Monterey,2021-05-06,4219,353993,2781,157255,1222,181506,216,15232,1123,51817,3081,158256,1339,210073,California
Monterey,2021-05-07,1971,355964,954,158209,919,182425,98,15330,704,51361,1257,159513,801,210874,California
Monterey,2021-05-08,2716,358680,1483,159692,910,183335,323,15653,964,50907,1740,161253,1286,212160,California
Monterey,2021-05-09,392,359072,113,159805,252,183587,27,15680,127,50797,264,161517,154,212314,California
Monterey,2021-05-10,2827,361899,2081,161886,699,184286,47,15727,527,49085,2288,163805,576,212890,California
Monterey,2021-05-11,1863,363762,952,162838,833,185119,78,15805,759,48832,1091,164896,838,213728,California
Monterey,2021-05-12,3929,367691,2075,164913,1771,186890,83,15888,876,46753,3039,167935,960,214688,California
Monterey,2021-05-13,2684,370375,1605,166518,1025,187915,54,15942,1536,47205,1136,169071,1588,216276,California
Monterey,2021-05-14,1872,372247,582,167100,1190,189105,100,16042,738,46919,1124,170195,838,217114,California
Monterey,2021-05-15,3389,375636,827,167927,2296,191401,266,16308,954,45713,2422,172617,1216,218330,California
Monterey,2021-05-16,983,376619,631,168558,281,191682,71,16379,283,45372,694,173311,353,218683,California
Monterey,2021-05-17,2245,378864,1341,169899,827,192509,77,16456,1069,45354,1164,174475,1146,219829,California
Monterey,2021-05-18,1757,380621,691,170590,1022,193531,44,16500,812,45276,936,175411,858,220687,California
Monterey,2021-05-19,3633,384254,2356,172946,1187,194718,90,16590,1938,45617,1689,177100,2030,222717,California
Monterey,2021-05-20,2783,387037,982,173928,1692,196410,109,16699,935,44830,1834,178934,1047,223764,California
Monterey,2021-05-21,3281,390318,1324,175252,1864,198274,93,16792,1010,43675,2257,181191,1102,224866,California
Monterey,2021-05-22,2134,392452,734,175986,1120,199394,280,17072,809,43448,1314,182505,1087,225953,California
Monterey,2021-05-23,874,393326,517,176503,341,199735,16,17088,501,43598,367,182872,517,226470,California
Monterey,2021-05-24,1739,395065,562,177065,1115,200850,62,17150,578,43083,1156,184028,641,227111,California
Monterey,2021-05-25,1434,396499,548,177613,816,201666,70,17220,567,42868,852,184880,637,227748,California
Monterey,2021-05-26,2677,399176,1031,178644,1589,203255,57,17277,1014,42292,1647,186527,1071,228819,California
Monterey,2021-05-27,2492,401668,1365,180009,1070,204325,57,17334,894,41662,1582,188109,952,229771,California
Monterey,2021-05-28,1743,403411,581,180590,1102,205427,60,17394,752,41495,980,189089,813,230584,California
Monterey,2021-05-29,990,404401,636,181226,321,205748,33,17427,403,41351,581,189670,437,231021,California
Monterey,2021-05-30,380,404781,164,181390,202,205950,14,17441,142,41270,237,189907,156,231177,California
Monterey,2021-05-31,186,404967,34,181424,143,206093,9,17450,52,41198,133,190040,61,231238,California
Monterey,2021-06-01,1722,406689,924,182348,666,206759,132,17582,530,40683,1173,191213,658,231896,California
Monterey,2021-06-02,1691,408380,979,183327,663,207422,49,17631,701,40449,984,192197,750,232646,California
Monterey,2021-06-03,2224,410604,1418,184745,771,208193,35,17666,518,39305,1696,193893,552,233198,California
Monterey,2021-06-04,1334,411938,688,185433,612,208805,34,17700,531,39075,795,194688,565,233763,California
Monterey,2021-06-05,2181,414119,857,186290,704,209509,620,18320,478,38477,1688,196376,1090,234853,California
Monterey,2021-06-06,494,414613,406,186696,79,209588,9,18329,252,38496,241,196617,260,235113,California
Monterey,2021-06-07,943,415556,488,187184,408,209996,47,18376,363,38334,570,197187,408,235521,California
Monterey,2021-06-08,1178,416734,737,187921,417,210413,24,18400,416,38022,751,197938,439,235960,California
Monterey,2021-06-09,2919,419653,2191,190112,602,211015,126,18526,641,36515,2274,200212,767,236727,California
Monterey,2021-06-10,1524,421177,934,191046,529,211544,61,18587,539,36135,978,201190,598,237325,California
Monterey,2021-06-11,1403,422580,764,191810,563,212107,76,18663,509,35831,887,202077,583,237908,California
Monterey,2021-06-12,749,423329,511,192321,223,212330,15,18678,351,35801,396,202473,366,238274,California
Monterey,2021-06-13,597,423926,463,192784,121,212451,13,18691,118,35456,475,202948,130,238404,California
Monterey,2021-06-14,1403,425329,1008,193792,361,212812,34,18725,366,34826,1030,203978,400,238804,California
Monterey,2021-06-15,1163,426492,589,194381,451,213263,123,18848,402,34599,752,204730,525,239329,California
Monterey,2021-06-16,1592,428084,1112,195493,447,213710,33,18881,408,33864,1176,205906,441,239770,California
Monterey,2021-06-17,1184,429268,688,196181,342,214052,154,19035,428,33694,752,206658,582,240352,California
Monterey,2021-06-18,1212,430480,732,196913,451,214503,29,19064,539,33596,666,207324,568,240920,California
Monterey,2021-06-19,1307,431787,1010,197923,266,214769,31,19095,491,33310,808,208132,522,241442,California
Monterey,2021-06-20,236,432023,158,198081,70,214839,8,19103,81,33245,155,208287,90,241532,California
Monterey,2021-06-21,678,432701,371,198452,272,215111,35,19138,387,33380,286,208573,421,241953,California
Monterey,2021-06-22,1527,434228,984,199436,354,215465,189,19327,503,33056,1011,209584,687,242640,California
Monterey,2021-06-23,1080,435308,722,200158,324,215789,34,19361,439,32896,632,210216,472,243112,California
Monterey,2021-06-24,867,436175,519,200677,326,216115,22,19383,418,32891,445,210661,440,243552,California
Monterey,2021-06-25,998,437173,615,201292,367,216482,16,19399,471,32855,522,211183,486,244038,California
Monterey,2021-06-26,610,437783,444,201736,154,216636,12,19411,336,32930,271,211454,346,244384,California
Monterey,2021-06-27,352,438135,272,202008,66,216702,14,19425,99,32791,252,211706,113,244497,California
Monterey,2021-06-28,575,438710,373,202381,171,216873,31,19456,252,32756,318,212024,283,244780,California
Monterey,2021-06-29,861,439571,527,202908,250,217123,84,19540,340,32663,516,212540,423,245203,California
Monterey,2021-06-30,1039,440610,703,203611,316,217439,20,19560,424,32498,609,213149,444,245647,California
Monterey,2021-07-01,765,441375,526,204137,216,217655,23,19583,347,32453,414,213563,369,246016,California
Monterey,2021-07-02,887,442262,489,204626,358,218013,40,19623,472,32557,407,213970,511,246527,California
Monterey,2021-07-03,563,442825,431,205057,129,218142,3,19626,263,32526,297,214267,266,246793,California
Monterey,2021-07-04,33,442858,23,205080,9,218151,1,19627,22,32538,11,214278,23,246816,California
Monterey,2021-07-05,379,443237,230,205310,142,218293,7,19634,173,32515,203,214481,180,246996,California
Monterey,2021-07-06,606,443843,427,205737,162,218455,17,19651,241,32410,363,214844,258,247254,California
Napa,2020-12-16,12,12,12,12,0,0,0,0,12,12,0,0,12,12,California
Napa,2020-12-17,46,58,46,58,0,0,0,0,46,58,0,0,46,58,California
Napa,2020-12-18,106,164,106,164,0,0,0,0,106,164,0,0,106,164,California
Napa,2020-12-19,222,386,222,386,0,0,0,0,222,386,0,0,222,386,California
Napa,2020-12-20,190,576,190,576,0,0,0,0,190,576,0,0,190,576,California
Napa,2020-12-21,315,891,315,891,0,0,0,0,316,892,0,0,316,892,California
Napa,2020-12-22,338,1229,329,1220,9,9,0,0,338,1230,0,0,338,1230,California
Napa,2020-12-23,436,1665,324,1544,112,121,0,0,436,1666,0,0,436,1666,California
Napa,2020-12-24,138,1803,77,1621,61,182,0,0,138,1804,0,0,138,1804,California
Napa,2020-12-25,1,1804,1,1622,0,182,0,0,1,1805,0,0,1,1805,California
Napa,2020-12-26,40,1844,11,1633,29,211,0,0,40,1845,0,0,40,1845,California
Napa,2020-12-27,32,1876,16,1649,16,227,0,0,32,1877,0,0,32,1877,California
Napa,2020-12-28,252,2128,184,1833,68,295,0,0,279,2156,0,0,279,2156,California
Napa,2020-12-29,274,2402,215,2048,59,354,0,0,307,2463,0,0,307,2463,California
Napa,2020-12-30,633,3035,485,2533,148,502,0,0,641,3104,0,0,641,3104,California
Napa,2020-12-31,462,3497,373,2906,89,591,0,0,462,3566,0,0,462,3566,California
Napa,2021-01-01,1,3498,1,2907,0,591,0,0,1,3567,0,0,1,3567,California
Napa,2021-01-02,95,3593,90,2997,5,596,0,0,95,3662,0,0,95,3662,California
Napa,2021-01-03,14,3607,12,3009,2,598,0,0,9,3671,0,0,9,3671,California
Napa,2021-01-04,105,3712,62,3071,43,641,0,0,105,3776,0,0,105,3776,California
Napa,2021-01-05,163,3875,86,3157,77,718,0,0,146,3898,24,24,146,3922,California
Napa,2021-01-06,465,4340,118,3275,347,1065,0,0,399,4233,64,88,399,4321,California
Napa,2021-01-07,498,4838,236,3511,262,1327,0,0,394,4524,103,191,394,4715,California
Napa,2021-01-08,442,5280,228,3739,214,1541,0,0,258,4599,183,374,258,4973,California
Napa,2021-01-09,328,5608,303,4042,25,1566,0,0,190,4651,138,512,190,5163,California
Napa,2021-01-10,185,5793,102,4144,83,1649,0,0,108,4682,77,589,108,5271,California
Napa,2021-01-11,871,6664,421,4565,450,2099,0,0,500,4812,372,961,502,5773,California
Napa,2021-01-12,1329,7993,381,4946,948,3047,0,0,1005,5493,324,1285,1005,6778,California
Napa,2021-01-13,1319,9312,269,5215,1050,4097,0,0,1155,6486,163,1448,1156,7934,California
Napa,2021-01-14,1055,10367,169,5384,886,4983,0,0,938,7309,115,1563,938,8872,California
Napa,2021-01-15,1471,11838,385,5769,1086,6069,0,0,1324,8479,155,1718,1325,10197,California
Napa,2021-01-16,361,12199,132,5901,229,6298,0,0,343,8804,18,1736,343,10540,California
Napa,2021-01-17,344,12543,179,6080,165,6463,0,0,334,9128,10,1746,334,10874,California
Napa,2021-01-18,1092,13635,197,6277,895,7358,0,0,1001,10038,91,1837,1001,11875,California
Napa,2021-01-19,1006,14641,403,6680,603,7961,0,0,766,10565,239,2076,766,12641,California
Napa,2021-01-20,835,15476,189,6869,646,8607,0,0,648,11029,185,2261,649,13290,California
Napa,2021-01-21,1572,17048,609,7478,963,9570,0,0,1119,11697,452,2713,1120,14410,California
Napa,2021-01-22,1580,18628,436,7914,1144,10714,0,0,1235,12589,344,3057,1236,15646,California
Napa,2021-01-23,397,19025,317,8231,80,10794,0,0,337,12866,60,3117,337,15983,California
Napa,2021-01-24,267,19292,189,8420,78,10872,0,0,209,13017,58,3175,209,16192,California
Napa,2021-01-25,1524,20816,230,8650,1294,12166,0,0,1435,14363,89,3264,1435,17627,California
Napa,2021-01-26,880,21696,284,8934,596,12762,0,0,785,15054,95,3359,786,18413,California
Napa,2021-01-27,632,22328,222,9156,410,13172,0,0,469,15360,164,3523,470,18883,California
Napa,2021-01-28,390,22718,175,9331,215,13387,0,0,197,15366,191,3714,197,19080,California
Napa,2021-01-29,263,22981,66,9397,197,13584,0,0,166,15435,97,3811,166,19246,California
Napa,2021-01-30,821,23802,709,10106,112,13696,0,0,652,15918,169,3980,652,19898,California
Napa,2021-01-31,693,24495,661,10767,32,13728,0,0,669,16563,24,4004,669,20567,California
Napa,2021-02-01,323,24818,113,10880,210,13938,0,0,165,16570,158,4162,165,20732,California
Napa,2021-02-02,616,25434,283,11163,333,14271,0,0,304,16565,309,4471,304,21036,California
Napa,2021-02-03,753,26187,313,11476,440,14711,0,0,434,16681,318,4789,434,21470,California
Napa,2021-02-04,791,26978,373,11849,418,15129,0,0,443,16778,346,5135,443,21913,California
Napa,2021-02-05,714,27692,312,12161,402,15531,0,0,343,16750,371,5506,343,22256,California
Napa,2021-02-06,440,28132,146,12307,294,15825,0,0,334,16979,105,5611,334,22590,California
Napa,2021-02-07,180,28312,167,12474,13,15838,0,0,72,16943,108,5719,72,22662,California
Napa,2021-02-08,840,29152,193,12667,647,16485,0,0,278,16661,560,6279,278,22940,California
Napa,2021-02-09,1090,30242,450,13117,640,17125,0,0,445,16462,644,6923,445,23385,California
Napa,2021-02-10,1741,31983,196,13313,1545,18670,0,0,455,15635,1283,8206,456,23841,California
Napa,2021-02-11,1508,33491,198,13511,1310,19980,0,0,408,14956,1087,9293,408,24249,California
Napa,2021-02-12,2199,35690,867,14378,1332,21312,0,0,697,14156,1497,10790,697,24946,California
Napa,2021-02-13,514,36204,56,14434,458,21770,0,0,320,14282,194,10984,320,25266,California
Napa,2021-02-14,354,36558,88,14522,266,22036,0,0,191,14310,163,11147,191,25457,California
Napa,2021-02-15,886,37444,185,14707,701,22737,0,0,225,13876,659,11806,225,25682,California
Napa,2021-02-16,1298,38742,602,15309,696,23433,0,0,619,13819,676,12482,619,26301,California
Napa,2021-02-17,1065,39807,536,15845,529,23962,0,0,486,13729,577,13059,487,26788,California
Napa,2021-02-18,1944,41751,496,16341,1448,25410,0,0,675,13138,1266,14325,675,27463,California
Napa,2021-02-19,1517,43268,598,16939,919,26329,0,0,683,12989,832,15157,683,28146,California
Napa,2021-02-20,877,44145,638,17577,239,26568,0,0,285,12682,592,15749,285,28431,California
Napa,2021-02-21,894,45039,826,18403,68,26636,0,0,198,12184,696,16445,198,28629,California
Napa,2021-02-22,486,45525,203,18606,283,26919,0,0,149,11996,337,16782,149,28778,California
Napa,2021-02-23,1166,46691,318,18924,848,27767,0,0,330,11490,836,17618,330,29108,California
Napa,2021-02-24,1216,47907,682,19606,534,28301,0,0,617,11510,597,18215,617,29725,California
Napa,2021-02-25,2603,50510,1258,20864,1345,29646,0,0,1880,12669,721,18936,1880,31605,California
Napa,2021-02-26,1554,52064,553,21417,1001,30647,0,0,621,12359,931,19867,621,32226,California
Napa,2021-02-27,1189,53253,425,21842,764,31411,0,0,931,13034,256,20123,931,33157,California
Napa,2021-02-28,727,53980,607,22449,120,31531,0,0,610,13529,115,20238,610,33767,California
Napa,2021-03-01,1173,55153,881,23330,292,31823,0,0,895,14148,276,20514,895,34662,California
Napa,2021-03-02,1506,56659,1050,24380,456,32279,0,0,1160,14963,345,20859,1160,35822,California
Napa,2021-03-03,1572,58231,696,25076,876,33155,0,0,1381,16154,190,21049,1381,37203,California
Napa,2021-03-04,1723,59954,792,25868,931,34086,0,0,1479,17392,241,21290,1479,38682,California
Napa,2021-03-05,1912,61866,792,26660,1116,35202,4,4,1484,18455,425,21715,1488,40170,California
Napa,2021-03-06,658,62524,289,26949,338,35540,31,35,544,18918,112,21827,575,40745,California
Napa,2021-03-07,533,63057,322,27271,196,35736,15,50,382,19165,150,21977,397,41142,California
Napa,2021-03-08,716,63773,337,27608,326,36062,53,103,540,19583,173,22150,591,41733,California
Napa,2021-03-09,1691,65464,610,28218,1035,37097,46,149,1248,20438,439,22589,1294,43027,California
Napa,2021-03-10,1502,66966,927,29145,481,37578,94,243,800,20631,698,23287,891,43918,California
Napa,2021-03-11,1891,68857,1069,30214,690,38268,132,375,988,20846,902,24189,1117,45035,California
Napa,2021-03-12,1521,70378,925,31139,499,38767,97,472,813,21049,705,24894,908,45943,California
Napa,2021-03-13,1181,71559,310,31449,846,39613,25,497,835,21565,344,25238,860,46803,California
Napa,2021-03-14,622,72181,337,31786,134,39747,151,648,206,21506,415,25653,356,47159,California
Napa,2021-03-15,963,73144,414,32200,479,40226,70,718,483,21580,478,26131,552,47711,California
Napa,2021-03-16,1858,75002,394,32594,1337,41563,127,845,1382,22618,472,26603,1510,49221,California
Napa,2021-03-17,2534,77536,1862,34456,493,42056,179,1024,1587,23438,946,27549,1766,50987,California
Napa,2021-03-18,2150,79686,957,35413,1182,43238,11,1035,1283,23870,862,28411,1294,52281,California
Napa,2021-03-19,1460,81146,889,36302,544,43782,27,1062,693,23826,764,29175,720,53001,California
Napa,2021-03-20,1014,82160,531,36833,330,44112,153,1215,389,23744,624,29799,542,53543,California
Napa,2021-03-21,726,82886,701,37534,22,44134,3,1218,232,23487,492,30291,235,53778,California
Napa,2021-03-22,1302,84188,1122,38656,168,44302,12,1230,438,23078,859,31150,450,54228,California
Napa,2021-03-23,1898,86086,1201,39857,680,44982,17,1247,1008,23217,886,32036,1025,55253,California
Napa,2021-03-24,1711,87797,946,40803,756,45738,9,1256,815,23145,895,32931,823,56076,California
Napa,2021-03-25,1937,89734,1059,41862,824,46562,54,1310,773,22814,1158,34089,827,56903,California
Napa,2021-03-26,1313,91047,839,42701,468,47030,6,1316,588,22689,719,34808,594,57497,California
Napa,2021-03-27,953,92000,435,43136,491,47521,27,1343,295,22353,658,35466,322,57819,California
Napa,2021-03-28,492,92492,382,43518,103,47624,7,1350,180,22230,310,35776,187,58006,California
Napa,2021-03-29,1202,93694,876,44394,321,47945,5,1355,730,22495,470,36246,735,58741,California
Napa,2021-03-30,2800,96494,934,45328,1861,49806,5,1360,1979,23657,822,37068,1984,60725,California
Napa,2021-03-31,1976,98470,964,46292,943,50749,69,1429,800,23351,1173,38241,867,61592,California
Napa,2021-04-01,1760,100230,847,47139,795,51544,118,1547,479,22672,1274,39515,595,62187,California
Napa,2021-04-02,1871,102101,844,47983,885,52429,142,1689,473,21891,1395,40910,614,62801,California
Napa,2021-04-03,638,102739,372,48355,208,52637,58,1747,214,21738,423,41333,270,63071,California
Napa,2021-04-04,360,103099,146,48501,155,52792,59,1806,124,21686,235,41568,183,63254,California
Napa,2021-04-05,1277,104376,759,49260,299,53091,219,2025,573,21776,701,42269,791,64045,California
Napa,2021-04-06,2270,106646,567,49827,1442,54533,261,2286,528,20824,1739,44008,787,64832,California
Napa,2021-04-07,1753,108399,708,50535,823,55356,222,2508,530,20357,1217,45225,750,65582,California
Napa,2021-04-08,1873,110272,1073,51608,423,55779,377,2885,963,20792,904,46129,1339,66921,California
Napa,2021-04-09,1550,111822,927,52535,318,56097,305,3190,679,20906,869,46998,983,67904,California
Napa,2021-04-10,1052,112874,352,52887,597,56694,103,3293,245,20450,804,47802,348,68252,California
Napa,2021-04-11,386,113260,300,53187,63,56757,23,3316,157,20401,229,48031,180,68432,California
Napa,2021-04-12,796,114056,302,53489,369,57126,125,3441,292,20312,502,48533,413,68845,California
Napa,2021-04-13,2590,116646,868,54357,1722,58848,0,3441,940,19608,1644,50177,940,69785,California
Napa,2021-04-14,2160,118806,1018,55375,1142,59990,0,3441,1053,19562,1099,51276,1053,70838,California
Napa,2021-04-15,2093,120899,535,55910,1558,61548,0,3441,901,19279,1184,52460,901,71739,California
Napa,2021-04-16,3013,123912,1646,57556,1367,62915,0,3441,2280,20831,728,53188,2280,74019,California
Napa,2021-04-17,1168,125080,275,57831,893,63808,0,3441,862,21388,305,53493,862,74881,California
Napa,2021-04-18,286,125366,190,58021,96,63904,0,3441,124,21350,162,53655,124,75005,California
Napa,2021-04-19,633,125999,343,58364,290,64194,0,3441,277,21272,355,54010,277,75282,California
Napa,2021-04-20,3075,129074,2096,60460,979,65173,0,3441,2090,22380,983,54993,2091,77373,California
Napa,2021-04-21,2982,132056,2201,62661,781,65954,0,3441,1885,23175,1091,56084,1886,79259,California
Napa,2021-04-22,1853,133909,1297,63958,555,66509,1,3442,866,23058,983,57067,866,80125,California
Napa,2021-04-23,1653,135562,1270,65228,381,66890,2,3444,1164,23737,485,57552,1164,81289,California
Napa,2021-04-24,573,136135,322,65550,251,67141,0,3444,297,23761,273,57825,297,81586,California
Napa,2021-04-25,249,136384,190,65740,59,67200,0,3444,127,23767,121,57946,127,81713,California
Napa,2021-04-26,551,136935,282,66022,269,67469,0,3444,284,23789,262,58208,284,81997,California
Napa,2021-04-27,1788,138723,469,66491,1307,68776,12,3456,593,23203,1191,59399,605,82602,California
Napa,2021-04-28,1021,139744,472,66963,532,69308,17,3473,349,22899,670,60069,366,82968,California
Napa,2021-04-29,732,140476,364,67327,349,69657,19,3492,268,22728,457,60526,286,83254,California
Napa,2021-04-30,623,141099,312,67639,247,69904,64,3556,258,22686,363,60889,321,83575,California
Napa,2021-05-01,330,141429,271,67910,48,69952,11,3567,122,22611,208,61097,133,83708,California
Napa,2021-05-02,238,141667,194,68104,38,69990,6,3573,100,22580,137,61234,106,83814,California
Napa,2021-05-03,637,142304,497,68601,104,70094,36,3609,111,22206,522,61756,148,83962,California
Napa,2021-05-04,1141,143445,728,69329,301,70395,112,3721,305,21791,832,62588,417,84379,California
Napa,2021-05-05,1042,144487,705,70034,299,70694,38,3759,263,21316,776,63364,301,84680,California
Napa,2021-05-06,722,145209,320,70354,379,71073,23,3782,371,21369,342,63706,395,85075,California
Napa,2021-05-07,1596,146805,1366,71720,167,71240,63,3845,331,20521,1241,64947,393,85468,California
Napa,2021-05-08,259,147064,166,71886,82,71322,11,3856,87,20449,170,65117,98,85566,California
Napa,2021-05-09,119,147183,87,71973,32,71354,0,3856,59,20448,60,65177,59,85625,California
Napa,2021-05-10,431,147614,147,72120,265,71619,19,3875,111,20259,319,65496,130,85755,California
Napa,2021-05-11,2195,149809,1810,73930,360,71979,25,3900,386,18867,1803,67299,411,86166,California
Napa,2021-05-12,2219,152028,1388,75318,774,72753,57,3957,311,17332,1902,69201,367,86533,California
Napa,2021-05-13,1969,153997,1249,76567,680,73433,40,3997,864,17139,1098,70299,905,87438,California
Napa,2021-05-14,1967,155964,1188,77755,693,74126,86,4083,533,16332,1427,71726,620,88058,California
Napa,2021-05-15,1078,157042,366,78121,700,74826,12,4095,258,15787,816,72542,271,88329,California
Napa,2021-05-16,244,157286,164,78285,78,74904,2,4097,73,15691,171,72713,75,88404,California
Napa,2021-05-17,892,158178,347,78632,515,75419,30,4127,306,15504,524,73237,337,88741,California
Napa,2021-05-18,1083,159261,558,79190,468,75887,57,4184,516,15515,562,73799,573,89314,California
Napa,2021-05-19,978,160239,576,79766,372,76259,30,4214,508,15585,467,74266,537,89851,California
Napa,2021-05-20,661,160900,436,80202,194,76453,31,4245,380,15717,279,74545,411,90262,California
Napa,2021-05-21,528,161428,267,80469,229,76682,32,4277,219,15661,307,74852,251,90513,California
Napa,2021-05-22,463,161891,276,80745,178,76860,9,4286,192,15592,271,75123,202,90715,California
Napa,2021-05-23,401,162292,355,81100,35,76895,11,4297,296,15794,105,75228,307,91022,California
Napa,2021-05-24,385,162677,188,81288,177,77072,20,4317,154,15739,229,75457,174,91196,California
Napa,2021-05-25,429,163106,175,81463,183,77255,71,4388,144,15669,284,75741,214,91410,California
Napa,2021-05-26,560,163666,362,81825,174,77429,24,4412,320,15776,237,75978,344,91754,California
Napa,2021-05-27,398,164064,171,81996,199,77628,28,4440,151,15708,247,76225,179,91933,California
Napa,2021-05-28,406,164470,211,82207,171,77799,24,4464,169,15666,233,76458,191,92124,California
Napa,2021-05-29,128,164598,79,82286,45,77844,4,4468,74,15691,53,76511,78,92202,California
Napa,2021-05-30,97,164695,61,82347,31,77875,5,4473,28,15657,67,76578,33,92235,California
Napa,2021-05-31,51,164746,17,82364,28,77903,6,4479,9,15630,42,76620,15,92250,California
Napa,2021-06-01,605,165351,313,82677,268,78171,24,4503,261,15576,338,76958,284,92534,California
Napa,2021-06-02,412,165763,244,82921,146,78317,22,4525,190,15567,220,77178,211,92745,California
Napa,2021-06-03,754,166517,460,83381,269,78586,25,4550,128,15096,622,77800,151,92896,California
Napa,2021-06-04,783,167300,603,83984,143,78729,37,4587,145,14642,636,78436,182,93078,California
Napa,2021-06-05,313,167613,255,84239,47,78776,11,4598,73,14488,238,78674,84,93162,California
Napa,2021-06-06,146,167759,126,84365,19,78795,1,4599,45,14434,100,78774,46,93208,California
Napa,2021-06-07,397,168156,286,84651,83,78878,28,4627,94,14253,303,79077,122,93330,California
Napa,2021-06-08,623,168779,494,85145,112,78990,17,4644,275,14200,345,79422,292,93622,California
Napa,2021-06-09,556,169335,451,85596,90,79080,15,4659,97,13854,458,79880,112,93734,California
Napa,2021-06-10,512,169847,415,86011,64,79144,33,4692,108,13591,404,80284,141,93875,California
Napa,2021-06-11,412,170259,268,86279,119,79263,25,4717,117,13439,294,80578,142,94017,California
Napa,2021-06-12,204,170463,172,86451,27,79290,5,4722,41,13322,163,80741,46,94063,California
Napa,2021-06-13,290,170753,277,86728,8,79298,5,4727,29,13095,261,81002,34,94097,California
Napa,2021-06-14,484,171237,341,87069,117,79415,26,4753,92,12822,388,81390,115,94212,California
Napa,2021-06-15,377,171614,277,87346,87,79502,13,4766,185,12830,190,81580,198,94410,California
Napa,2021-06-16,261,171875,164,87510,81,79583,16,4782,84,12757,173,81753,100,94510,California
Napa,2021-06-17,391,172266,322,87832,61,79644,8,4790,71,12516,320,82073,79,94589,California
Napa,2021-06-18,267,172533,173,88005,83,79727,11,4801,90,12442,175,82248,101,94690,California
Napa,2021-06-19,110,172643,77,88082,23,79750,10,4811,47,12438,61,82309,57,94747,California
Napa,2021-06-20,54,172697,42,88124,9,79759,3,4814,19,12425,35,82344,22,94769,California
Napa,2021-06-21,158,172855,73,88197,65,79824,20,4834,75,12437,82,82426,94,94863,California
Napa,2021-06-22,375,173230,296,88493,64,79888,15,4849,109,12297,264,82690,124,94987,California
Napa,2021-06-23,340,173570,264,88757,54,79942,22,4871,109,12200,227,82917,130,95117,California
Napa,2021-06-24,167,173737,114,88871,48,79990,5,4876,71,12182,94,83011,76,95193,California
Napa,2021-06-25,244,173981,161,89032,70,80060,13,4889,119,12194,119,83130,131,95324,California
Napa,2021-06-26,92,174073,76,89108,11,80071,5,4894,45,12197,47,83177,50,95374,California
Napa,2021-06-27,70,174143,60,89168,10,80081,0,4894,33,12193,37,83214,33,95407,California
Napa,2021-06-28,189,174332,144,89312,34,80115,11,4905,82,12179,106,83320,92,95499,California
Napa,2021-06-29,408,174740,336,89648,55,80170,17,4922,115,12019,291,83611,131,95630,California
Napa,2021-06-30,178,174918,123,89771,46,80216,9,4931,79,12009,98,83709,88,95718,California
Napa,2021-07-01,166,175084,113,89884,45,80261,8,4939,75,12001,90,83799,82,95800,California
Napa,2021-07-02,173,175257,131,90015,35,80296,7,4946,68,11972,104,83903,75,95875,California
Napa,2021-07-03,75,175332,61,90076,8,80304,6,4952,42,11987,33,83936,48,95923,California
Napa,2021-07-04,7,175339,0,90076,6,80310,1,4953,0,11981,7,83943,1,95924,California
Napa,2021-07-05,85,175424,68,90144,12,80322,5,4958,45,11991,40,83983,50,95974,California
Napa,2021-07-06,217,175641,190,90334,22,80344,5,4963,76,11931,141,84124,81,96055,California
Nevada,2020-12-16,3,3,3,3,0,0,0,0,3,3,0,0,3,3,California
Nevada,2020-12-17,6,9,6,9,0,0,0,0,6,9,0,0,6,9,California
Nevada,2020-12-18,57,66,57,66,0,0,0,0,57,66,0,0,57,66,California
Nevada,2020-12-19,55,121,55,121,0,0,0,0,55,121,0,0,55,121,California
Nevada,2020-12-20,13,134,13,134,0,0,0,0,13,134,0,0,13,134,California
Nevada,2020-12-21,69,203,69,203,0,0,0,0,69,203,0,0,69,203,California
Nevada,2020-12-22,90,293,88,291,2,2,0,0,90,293,0,0,90,293,California
Nevada,2020-12-23,232,525,202,493,30,32,0,0,232,525,0,0,232,525,California
Nevada,2020-12-24,13,538,11,504,2,34,0,0,13,538,0,0,13,538,California
Nevada,2020-12-25,3,541,3,507,0,34,0,0,3,541,0,0,3,541,California
Nevada,2020-12-26,6,547,4,511,2,36,0,0,6,547,0,0,6,547,California
Nevada,2020-12-27,89,636,89,600,0,36,0,0,89,636,0,0,89,636,California
Nevada,2020-12-28,172,808,94,694,78,114,0,0,172,808,0,0,172,808,California
Nevada,2020-12-29,100,908,74,768,26,140,0,0,100,908,0,0,100,908,California
Nevada,2020-12-30,86,994,66,834,20,160,0,0,86,994,0,0,86,994,California
Nevada,2020-12-31,38,1032,8,842,30,190,0,0,38,1032,0,0,38,1032,California
Nevada,2021-01-01,3,1035,0,842,3,193,0,0,3,1035,0,0,3,1035,California
Nevada,2021-01-02,2,1037,1,843,1,194,0,0,2,1037,0,0,2,1037,California
Nevada,2021-01-03,130,1167,125,968,5,199,0,0,130,1167,0,0,130,1167,California
Nevada,2021-01-04,72,1239,47,1015,25,224,0,0,72,1239,0,0,72,1239,California
Nevada,2021-01-05,274,1513,133,1148,141,365,0,0,273,1511,1,1,273,1512,California
Nevada,2021-01-06,90,1603,42,1190,48,413,0,0,82,1585,8,9,82,1594,California
Nevada,2021-01-07,217,1820,43,1233,174,587,0,0,210,1790,6,15,211,1805,California
Nevada,2021-01-08,222,2042,129,1362,93,680,0,0,165,1899,57,72,166,1971,California
Nevada,2021-01-09,64,2106,57,1419,7,687,0,0,14,1863,50,122,14,1985,California
Nevada,2021-01-10,19,2125,10,1429,9,696,0,0,10,1864,9,131,10,1995,California
Nevada,2021-01-11,188,2313,131,1560,57,753,0,0,60,1796,128,259,60,2055,California
Nevada,2021-01-12,600,2913,453,2013,147,900,0,0,533,2262,67,326,533,2588,California
Nevada,2021-01-13,262,3175,148,2161,114,1014,0,0,128,2256,134,460,128,2716,California
Nevada,2021-01-14,240,3415,127,2288,113,1127,0,0,223,2463,16,476,223,2939,California
Nevada,2021-01-15,403,3818,174,2462,229,1356,0,0,302,2664,101,577,302,3241,California
Nevada,2021-01-16,300,4118,16,2478,284,1640,0,0,296,2956,4,581,296,3537,California
Nevada,2021-01-17,37,4155,33,2511,4,1644,0,0,35,2989,2,583,35,3572,California
Nevada,2021-01-18,151,4306,41,2552,110,1754,0,0,141,3120,10,593,141,3713,California
Nevada,2021-01-19,250,4556,90,2642,160,1914,0,0,228,3326,22,615,228,3941,California
Nevada,2021-01-20,276,4832,166,2808,110,2024,0,0,262,3574,14,629,262,4203,California
Nevada,2021-01-21,345,5177,207,3015,138,2162,0,0,332,3893,13,642,332,4535,California
Nevada,2021-01-22,379,5556,237,3252,142,2304,0,0,349,4212,30,672,349,4884,California
Nevada,2021-01-23,182,5738,107,3359,75,2379,0,0,182,4394,0,672,182,5066,California
Nevada,2021-01-24,110,5848,102,3461,8,2387,0,0,69,4422,41,713,69,5135,California
Nevada,2021-01-25,266,6114,135,3596,131,2518,0,0,204,4564,62,775,204,5339,California
Nevada,2021-01-26,408,6522,145,3741,263,2781,0,0,303,4762,105,880,303,5642,California
Nevada,2021-01-27,429,6951,254,3995,175,2956,0,0,404,5141,25,905,404,6046,California
Nevada,2021-01-28,479,7430,326,4321,153,3109,0,0,435,5533,43,948,435,6481,California
Nevada,2021-01-29,608,8038,392,4713,216,3325,0,0,580,6087,27,975,581,7062,California
Nevada,2021-01-30,297,8335,106,4819,191,3516,0,0,294,6378,3,978,294,7356,California
Nevada,2021-01-31,104,8439,87,4906,17,3533,0,0,100,6476,3,981,101,7457,California
Nevada,2021-02-01,294,8733,72,4978,222,3755,0,0,280,6742,14,995,280,7737,California
Nevada,2021-02-02,533,9266,188,5166,345,4100,0,0,333,6875,200,1195,333,8070,California
Nevada,2021-02-03,817,10083,574,5740,243,4343,0,0,762,7583,54,1249,762,8832,California
Nevada,2021-02-04,741,10824,393,6133,348,4691,0,0,489,7821,251,1500,489,9321,California
Nevada,2021-02-05,658,11482,370,6503,288,4979,0,0,467,8099,189,1689,467,9788,California
Nevada,2021-02-06,272,11754,84,6587,188,5167,0,0,243,8313,29,1718,243,10031,California
Nevada,2021-02-07,247,12001,193,6780,54,5221,0,0,192,8450,55,1773,192,10223,California
Nevada,2021-02-08,655,12656,406,7186,249,5470,0,0,551,8899,102,1875,551,10774,California
Nevada,2021-02-09,607,13263,340,7526,267,5737,0,0,464,9220,143,2018,464,11238,California
Nevada,2021-02-10,655,13918,327,7853,328,6065,0,0,422,9411,232,2250,423,11661,California
Nevada,2021-02-11,890,14808,514,8367,376,6441,0,0,554,9631,334,2584,554,12215,California
Nevada,2021-02-12,958,15766,446,8813,512,6953,0,0,630,9936,325,2909,630,12845,California
Nevada,2021-02-13,618,16384,240,9053,378,7331,0,0,392,10107,222,3131,393,13238,California
Nevada,2021-02-14,234,16618,120,9173,114,7445,0,0,205,10283,29,3160,205,13443,California
Nevada,2021-02-15,713,17331,438,9611,275,7720,0,0,538,10646,175,3335,538,13981,California
Nevada,2021-02-16,629,17960,202,9813,427,8147,0,0,458,10934,170,3505,458,14439,California
Nevada,2021-02-17,1203,19163,778,10591,425,8572,0,0,859,11449,344,3849,859,15298,California
Nevada,2021-02-18,1025,20188,558,11149,467,9039,0,0,603,11633,419,4268,603,15901,California
Nevada,2021-02-19,1133,21321,636,11785,497,9536,0,0,761,12026,369,4637,762,16663,California
Nevada,2021-02-20,308,21629,113,11898,195,9731,0,0,180,12079,127,4764,180,16843,California
Nevada,2021-02-21,105,21734,91,11989,14,9745,0,0,15,12007,87,4851,15,16858,California
Nevada,2021-02-22,517,22251,346,12335,171,9916,0,0,366,12223,150,5001,366,17224,California
Nevada,2021-02-23,511,22762,251,12586,260,10176,0,0,228,12172,280,5281,229,17453,California
Nevada,2021-02-24,530,23292,285,12871,245,10421,0,0,260,12166,270,5551,264,17717,California
Nevada,2021-02-25,879,24171,475,13346,404,10825,0,0,440,12170,436,5987,440,18157,California
Nevada,2021-02-26,1250,25421,889,14235,361,11186,0,0,418,11759,829,6816,418,18575,California
Nevada,2021-02-27,428,25849,114,14349,314,11500,0,0,196,11723,232,7048,196,18771,California
Nevada,2021-02-28,275,26124,160,14509,115,11615,0,0,127,11703,147,7195,127,18898,California
Nevada,2021-03-01,842,26966,439,14948,403,12018,0,0,370,11605,468,7663,370,19268,California
Nevada,2021-03-02,742,27708,292,15240,450,12468,0,0,511,11890,226,7889,511,19779,California
Nevada,2021-03-03,993,28701,510,15750,482,12950,1,1,520,11940,471,8360,521,20300,California
Nevada,2021-03-04,1113,29814,623,16373,490,13440,0,1,469,11769,640,9000,469,20769,California
Nevada,2021-03-05,1183,30997,480,16853,693,14133,10,11,707,12013,473,9473,717,21486,California
Nevada,2021-03-06,364,31361,121,16974,216,14349,27,38,149,11973,215,9688,175,21661,California
Nevada,2021-03-07,210,31571,108,17082,82,14431,20,58,70,11923,140,9828,90,21751,California
Nevada,2021-03-08,831,32402,562,17644,223,14654,46,104,374,11888,456,10284,421,22172,California
Nevada,2021-03-09,794,33196,404,18048,340,14994,50,154,467,12079,325,10609,516,22688,California
Nevada,2021-03-10,1010,34206,651,18699,303,15297,56,210,340,11811,663,11272,395,23083,California
Nevada,2021-03-11,1114,35320,729,19428,360,15657,25,235,550,11831,555,11827,575,23658,California
Nevada,2021-03-12,1536,36856,727,20155,779,16436,30,265,838,12003,694,12521,866,24524,California
Nevada,2021-03-13,943,37799,58,20213,880,17316,5,270,757,12581,184,12705,762,25286,California
Nevada,2021-03-14,160,37959,20,20233,135,17451,5,275,33,12492,127,12832,38,25324,California
Nevada,2021-03-15,857,38816,467,20700,378,17829,12,287,359,12369,494,13326,371,25695,California
Nevada,2021-03-16,1006,39822,470,21170,474,18303,62,349,639,12704,365,13691,700,26395,California
Nevada,2021-03-17,1026,40848,453,21623,563,18866,10,359,582,12856,441,14132,593,26988,California
Nevada,2021-03-18,982,41830,531,22154,428,19294,23,382,474,12850,502,14634,496,27484,California
Nevada,2021-03-19,940,42770,440,22594,463,19757,37,419,362,12676,573,15207,399,27883,California
Nevada,2021-03-20,837,43607,94,22688,316,20073,427,846,243,12754,588,15795,666,28549,California
Nevada,2021-03-21,61,43668,32,22720,28,20101,1,847,34,12763,26,15821,35,28584,California
Nevada,2021-03-22,803,44471,520,23240,278,20379,5,852,530,13028,270,16091,535,29119,California
Nevada,2021-03-23,863,45334,391,23631,444,20823,28,880,619,13434,241,16332,647,29766,California
Nevada,2021-03-24,1023,46357,544,24175,472,21295,7,887,639,13701,378,16710,645,30411,California
Nevada,2021-03-25,914,47271,464,24639,425,21720,25,912,489,13792,422,17132,513,30924,California
Nevada,2021-03-26,1175,48446,445,25084,691,22411,39,951,846,14350,326,17458,884,31808,California
Nevada,2021-03-27,592,49038,73,25157,503,22914,16,967,406,14587,185,17643,422,32230,California
Nevada,2021-03-28,177,49215,53,25210,111,23025,13,980,35,14498,137,17780,48,32278,California
Nevada,2021-03-29,824,50039,501,25711,301,23326,22,1002,372,14444,447,18227,393,32671,California
Nevada,2021-03-30,1060,51099,484,26195,542,23868,34,1036,488,14402,564,18791,522,33193,California
Nevada,2021-03-31,1182,52281,661,26856,504,24372,17,1053,669,14583,504,19295,685,33878,California
Nevada,2021-04-01,1251,53532,731,27587,466,24838,54,1107,555,14505,685,19980,607,34485,California
Nevada,2021-04-02,1304,54836,662,28249,606,25444,36,1143,772,14785,528,20508,808,35293,California
Nevada,2021-04-03,289,55125,86,28335,162,25606,41,1184,82,14702,206,20714,123,35416,California
Nevada,2021-04-04,129,55254,42,28377,80,25686,7,1191,76,14732,53,20767,83,35499,California
Nevada,2021-04-05,937,56191,615,28992,302,25988,20,1211,622,15062,310,21077,640,36139,California
Nevada,2021-04-06,1077,57268,666,29658,267,26255,144,1355,435,15005,635,21712,578,36717,California
Nevada,2021-04-07,1152,58420,823,30481,246,26501,83,1438,612,15166,533,22245,694,37411,California
Nevada,2021-04-08,1282,59702,891,31372,306,26807,85,1523,707,15387,570,22815,791,38202,California
Nevada,2021-04-09,1276,60978,850,32222,359,27166,67,1590,864,15907,410,23225,930,39132,California
Nevada,2021-04-10,900,61878,79,32301,745,27911,76,1666,126,15341,768,23993,202,39334,California
Nevada,2021-04-11,112,61990,34,32335,72,27983,6,1672,36,15307,76,24069,42,39376,California
Nevada,2021-04-12,748,62738,542,32877,189,28172,17,1689,316,15213,427,24496,333,39709,California
Nevada,2021-04-13,891,63629,354,33231,537,28709,0,1689,471,15268,416,24912,471,40180,California
Nevada,2021-04-14,1059,64688,569,33800,490,29199,0,1689,539,15295,512,25424,539,40719,California
Nevada,2021-04-15,1085,65773,711,34511,374,29573,0,1689,626,15474,447,25871,626,41345,California
Nevada,2021-04-16,912,66685,694,35205,218,29791,0,1689,518,15600,392,26263,518,41863,California
Nevada,2021-04-17,202,66887,54,35259,148,29939,0,1689,87,15574,113,26376,87,41950,California
Nevada,2021-04-18,203,67090,22,35281,181,30120,0,1689,103,15577,100,26476,103,42053,California
Nevada,2021-04-19,758,67848,484,35765,274,30394,0,1689,309,15448,438,26914,309,42362,California
Nevada,2021-04-20,833,68681,333,36098,500,30894,0,1689,313,15247,514,27428,313,42675,California
Nevada,2021-04-21,936,69617,520,36618,416,31310,0,1689,273,14869,651,28079,273,42948,California
Nevada,2021-04-22,1009,70626,633,37251,376,31686,0,1689,342,14556,656,28735,343,43291,California
Nevada,2021-04-23,1259,71885,552,37803,707,32393,0,1689,401,14111,846,29581,401,43692,California
Nevada,2021-04-24,520,72405,71,37874,449,32842,0,1689,168,13929,350,29931,168,43860,California
Nevada,2021-04-25,132,72537,60,37934,67,32909,5,1694,51,13904,80,30011,55,43915,California
Nevada,2021-04-26,745,73282,561,38495,176,33085,8,1702,218,13613,517,30528,226,44141,California
Nevada,2021-04-27,819,74101,380,38875,434,33519,5,1707,412,13631,399,30927,417,44558,California
Nevada,2021-04-28,995,75096,583,39458,407,33926,5,1712,387,13422,601,31528,392,44950,California
Nevada,2021-04-29,1020,76116,709,40167,307,34233,4,1716,280,12968,738,32266,284,45234,California
Nevada,2021-04-30,1249,77365,728,40895,513,34746,8,1724,213,12155,1034,33300,221,45455,California
Nevada,2021-05-01,145,77510,61,40956,80,34826,4,1728,63,12142,80,33380,67,45522,California
Nevada,2021-05-02,58,77568,32,40988,22,34848,4,1732,20,12128,38,33418,24,45546,California
Nevada,2021-05-03,610,78178,405,41393,186,35034,19,1751,178,11896,428,33846,196,45742,California
Nevada,2021-05-04,595,78773,173,41566,404,35438,18,1769,338,11999,253,34099,356,46098,California
Nevada,2021-05-05,737,79510,381,41947,342,35780,14,1783,323,11931,405,34504,337,46435,California
Nevada,2021-05-06,806,80316,565,42512,230,36010,11,1794,198,11542,598,35102,209,46644,California
Nevada,2021-05-07,893,81209,488,43000,370,36380,35,1829,184,11056,705,35807,219,46863,California
Nevada,2021-05-08,175,81384,19,43019,136,36516,20,1849,77,11057,96,35903,97,46960,California
Nevada,2021-05-09,44,81428,8,43027,34,36550,2,1851,21,11057,23,35926,23,46983,California
Nevada,2021-05-10,391,81819,248,43275,119,36669,24,1875,78,10847,312,36238,102,47085,California
Nevada,2021-05-11,517,82336,155,43430,349,37018,13,1888,128,10607,381,36619,141,47226,California
Nevada,2021-05-12,542,82878,237,43667,294,37312,11,1899,152,10389,381,37000,163,47389,California
Nevada,2021-05-13,839,83717,556,44223,273,37585,10,1909,433,10434,398,37398,443,47832,California
Nevada,2021-05-14,792,84509,583,44806,191,37776,18,1927,443,10550,345,37743,461,48293,California
Nevada,2021-05-15,186,84695,87,44893,91,37867,8,1935,87,10547,98,37841,95,48388,California
Nevada,2021-05-16,161,84856,54,44947,107,37974,0,1935,56,10498,105,37946,56,48444,California
Nevada,2021-05-17,499,85355,320,45267,149,38123,30,1965,215,10470,273,38219,245,48689,California
Nevada,2021-05-18,420,85775,256,45523,160,38283,4,1969,221,10499,197,38416,226,48915,California
Nevada,2021-05-19,492,86267,355,45878,132,38415,5,1974,257,10535,226,38642,262,49177,California
Nevada,2021-05-20,612,86879,353,46231,247,38662,12,1986,220,10380,387,39029,232,49409,California
Nevada,2021-05-21,512,87391,328,46559,174,38836,10,1996,220,10322,288,39317,230,49639,California
Nevada,2021-05-22,243,87634,34,46593,156,38992,53,2049,92,10316,151,39468,145,49784,California
Nevada,2021-05-23,52,87686,18,46611,34,39026,0,2049,17,10299,34,39502,17,49801,California
Nevada,2021-05-24,314,88000,219,46830,81,39107,14,2063,105,10212,206,39708,119,49920,California
Nevada,2021-05-25,343,88343,83,46913,248,39355,12,2075,81,10048,257,39965,93,50013,California
Nevada,2021-05-26,454,88797,196,47109,248,39603,10,2085,134,9879,313,40278,144,50157,California
Nevada,2021-05-27,426,89223,226,47335,179,39782,21,2106,179,9836,243,40521,200,50357,California
Nevada,2021-05-28,348,89571,214,47549,111,39893,23,2129,190,9895,155,40676,214,50571,California
Nevada,2021-05-29,66,89637,12,47561,54,39947,0,2129,41,9911,25,40701,41,50612,California
Nevada,2021-05-30,37,89674,19,47580,16,39963,2,2131,25,9926,12,40713,27,50639,California
Nevada,2021-05-31,6,89680,4,47584,0,39963,2,2133,2,9926,4,40717,4,50643,California
Nevada,2021-06-01,420,90100,126,47710,276,40239,18,2151,99,9731,312,41029,117,50760,California
Nevada,2021-06-02,403,90503,165,47875,231,40470,7,2158,101,9545,294,41323,108,50868,California
Nevada,2021-06-03,566,91069,405,48280,156,40626,5,2163,99,9187,462,41785,104,50972,California
Nevada,2021-06-04,547,91616,438,48718,105,40731,4,2167,106,8861,436,42221,110,51082,California
Nevada,2021-06-05,172,91788,70,48788,100,40831,2,2169,65,8822,106,42327,67,51149,California
Nevada,2021-06-06,53,91841,40,48828,13,40844,0,2169,12,8793,41,42368,12,51161,California
Nevada,2021-06-07,270,92111,196,49024,44,40888,30,2199,60,8678,205,42573,90,51251,California
Nevada,2021-06-08,293,92404,194,49218,85,40973,14,2213,67,8542,217,42790,81,51332,California
Nevada,2021-06-09,325,92729,218,49436,100,41073,7,2220,82,8392,239,43029,89,51421,California
Nevada,2021-06-10,275,93004,177,49613,89,41162,9,2229,73,8278,195,43224,81,51502,California
Nevada,2021-06-11,327,93331,232,49845,76,41238,19,2248,75,8122,249,43473,93,51595,California
Nevada,2021-06-12,92,93423,54,49899,33,41271,5,2253,27,8089,65,43538,32,51627,California
Nevada,2021-06-13,32,93455,17,49916,14,41285,1,2254,6,8070,26,43564,7,51634,California
Nevada,2021-06-14,191,93646,137,50053,43,41328,11,2265,49,7995,135,43699,60,51694,California
Nevada,2021-06-15,170,93816,97,50150,65,41393,8,2273,67,7970,100,43799,75,51769,California
Nevada,2021-06-16,236,94052,132,50282,95,41488,9,2282,69,7888,160,43959,78,51847,California
Nevada,2021-06-17,227,94279,133,50415,80,41568,14,2296,40,7756,186,44145,54,51901,California
Nevada,2021-06-18,219,94498,152,50567,50,41618,17,2313,68,7692,149,44294,85,51986,California
Nevada,2021-06-19,69,94567,33,50600,30,41648,6,2319,29,7687,40,44334,35,52021,California
Nevada,2021-06-20,27,94594,20,50620,7,41655,0,2319,8,7677,18,44352,8,52029,California
Nevada,2021-06-21,110,94704,49,50669,54,41709,7,2326,49,7678,55,44407,56,52085,California
Nevada,2021-06-22,166,94870,97,50766,58,41767,11,2337,68,7665,92,44499,79,52164,California
Nevada,2021-06-23,213,95083,139,50905,44,41811,30,2367,87,7660,121,44620,116,52280,California
Nevada,2021-06-24,178,95261,113,51018,47,41858,18,2385,60,7626,112,44732,78,52358,California
Nevada,2021-06-25,207,95468,138,51156,48,41906,21,2406,76,7592,131,44863,97,52455,California
Nevada,2021-06-26,83,95551,61,51217,20,41926,2,2408,31,7573,52,44915,33,52488,California
Nevada,2021-06-27,29,95580,13,51230,12,41938,4,2412,7,7562,22,44937,11,52499,California
Nevada,2021-06-28,169,95749,119,51349,28,41966,22,2434,67,7557,94,45031,89,52588,California
Nevada,2021-06-29,129,95878,74,51423,43,42009,12,2446,46,7540,75,45106,58,52646,California
Nevada,2021-06-30,167,96045,127,51550,34,42043,6,2452,55,7491,109,45215,60,52706,California
Nevada,2021-07-01,124,96169,86,51636,27,42070,11,2463,54,7488,68,45283,65,52771,California
Nevada,2021-07-02,148,96317,97,51733,38,42108,13,2476,73,7506,68,45351,86,52857,California
Nevada,2021-07-03,33,96350,16,51749,11,42119,6,2482,17,7513,15,45366,22,52879,California
Nevada,2021-07-05,40,96390,25,51774,9,42128,6,2488,17,7513,23,45389,23,52902,California
Nevada,2021-07-06,107,96497,65,51839,28,42156,14,2502,26,7478,75,45464,40,52942,California
Orange,2020-12-15,17,17,17,17,0,0,0,0,17,17,0,0,17,17,California
Orange,2020-12-16,400,417,400,417,0,0,0,0,400,417,0,0,400,417,California
Orange,2020-12-17,3774,4191,3774,4191,0,0,0,0,3773,4190,0,0,3773,4190,California
Orange,2020-12-18,5124,9315,5116,9307,8,8,0,0,5122,9311,1,1,5122,9312,California
Orange,2020-12-19,2246,11561,2239,11546,7,15,0,0,2245,11556,0,1,2245,11557,California
Orange,2020-12-20,2005,13566,2002,13548,3,18,0,0,2005,13560,1,2,2005,13562,California
Orange,2020-12-21,4272,17838,4266,17814,6,24,0,0,4272,17832,0,2,4272,17834,California
Orange,2020-12-22,4001,21839,3964,21778,37,61,0,0,4001,21833,0,2,4001,21835,California
Orange,2020-12-23,3609,25448,3239,25017,370,431,0,0,3609,25441,1,3,3609,25444,California
Orange,2020-12-24,1392,26840,1090,26107,302,733,0,0,1392,26833,0,3,1392,26836,California
Orange,2020-12-25,21,26861,16,26123,5,738,0,0,21,26854,0,3,21,26857,California
Orange,2020-12-26,999,27860,423,26546,576,1314,0,0,999,27853,0,3,999,27856,California
Orange,2020-12-27,587,28447,275,26821,312,1626,0,0,587,28440,0,3,587,28443,California
Orange,2020-12-28,3640,32087,2641,29462,999,2625,0,0,3640,32080,0,3,3640,32083,California
Orange,2020-12-29,3533,35620,2511,31973,1022,3647,0,0,3532,35611,1,4,3532,35615,California
Orange,2020-12-30,5151,40771,3557,35530,1594,5241,0,0,5151,40762,0,4,5151,40766,California
Orange,2020-12-31,1533,42304,821,36351,712,5953,0,0,1530,42289,3,7,1530,42296,California
Orange,2021-01-01,727,43031,397,36748,330,6283,0,0,725,43012,2,9,725,43021,California
Orange,2021-01-02,1375,44406,845,37593,530,6813,0,0,1372,44382,2,11,1372,44393,California
Orange,2021-01-03,591,44997,324,37917,267,7080,0,0,590,44972,0,11,590,44983,California
Orange,2021-01-04,2786,47783,1574,39491,1212,8292,0,0,2787,47758,1,12,2787,47770,California
Orange,2021-01-05,3561,51344,2321,41812,1240,9532,0,0,3145,50493,413,425,3148,50918,California
Orange,2021-01-06,5050,56394,3478,45290,1572,11104,0,0,3672,52800,1365,1790,3672,54590,California
Orange,2021-01-07,9395,65789,5248,50538,4147,15251,0,0,5743,54911,3637,5427,5748,60338,California
Orange,2021-01-08,9583,75372,5386,55924,4197,19448,0,0,5722,56786,3850,9277,5725,66063,California
Orange,2021-01-09,5073,80445,1773,57697,3300,22748,0,0,3776,59265,1297,10574,3776,69839,California
Orange,2021-01-10,4280,84725,1057,58754,3223,25971,0,0,3391,61772,888,11462,3395,73234,California
Orange,2021-01-11,9545,94270,4945,63699,4600,30571,0,0,5900,64027,3649,15111,5904,79138,California
Orange,2021-01-12,9044,103314,4859,68558,4185,34756,0,0,5551,66092,3488,18599,5553,84691,California
Orange,2021-01-13,10380,113694,4955,73513,5425,40181,0,0,7153,70029,3223,21822,7160,91851,California
Orange,2021-01-14,10162,123856,3818,77331,6344,46525,0,0,8559,76993,1601,23423,8565,100416,California
Orange,2021-01-15,10341,134197,2677,80008,7664,54189,0,0,9450,85553,897,24320,9457,109873,California
Orange,2021-01-16,8871,143068,2121,82129,6750,60939,0,0,8465,93621,402,24722,8470,118343,California
Orange,2021-01-17,8281,151349,1517,83646,6764,67703,0,0,8125,101600,156,24878,8135,126478,California
Orange,2021-01-18,9815,161164,4445,88091,5370,73073,0,0,7549,106885,2267,27145,7552,134030,California
Orange,2021-01-19,7627,168791,5475,93566,2152,75225,0,0,4978,109218,2647,29792,4980,139010,California
Orange,2021-01-20,8689,177480,6106,99672,2583,77808,0,0,5608,111755,3080,32872,5617,144627,California
Orange,2021-01-21,11367,188847,5121,104793,6246,84054,0,0,10514,121429,851,33723,10525,155152,California
Orange,2021-01-22,13984,202831,5225,110018,8759,92813,0,0,13084,133629,892,34615,13092,168244,California
Orange,2021-01-23,13330,216161,6215,116233,7115,99928,0,0,12380,145075,946,35561,12392,180636,California
Orange,2021-01-24,9953,226114,4311,120544,5642,105570,0,0,9610,154351,338,35899,9614,190250,California
Orange,2021-01-25,10575,236689,5901,126445,4674,110244,0,0,7812,159414,2754,38653,7817,198067,California
Orange,2021-01-26,12010,248699,7724,134169,4286,114530,0,0,9808,167027,2198,40851,9811,207878,California
Orange,2021-01-27,13663,262362,8018,142187,5645,120175,0,0,10895,175170,2757,43608,10900,218778,California
Orange,2021-01-28,13303,275665,7272,149459,6031,126206,0,0,11357,184606,1930,45538,11366,230144,California
Orange,2021-01-29,13842,289507,8469,157928,5373,131579,0,0,10873,192535,2947,48485,10876,241020,California
Orange,2021-01-30,13256,302763,4538,162466,8718,140297,0,0,12449,204198,790,49275,12453,253473,California
Orange,2021-01-31,13866,316629,4919,167385,8947,149244,0,0,13397,217141,462,49737,13405,266878,California
Orange,2021-02-01,15058,331687,6521,173906,8537,157781,0,0,12517,227153,2513,52250,12525,279403,California
Orange,2021-02-02,15268,346955,8012,181918,7256,165037,0,0,12743,237417,2485,54735,12749,292152,California
Orange,2021-02-03,16839,363794,12478,194396,4361,169398,0,0,13825,248321,2927,57662,13831,305983,California
Orange,2021-02-04,20196,383990,13138,207534,7058,176456,0,0,15027,258226,5130,62792,15035,321018,California
Orange,2021-02-05,21096,405086,12105,219639,8991,185447,0,0,14654,266497,6394,69186,14665,335683,California
Orange,2021-02-06,16611,421697,10910,230549,5701,191148,0,0,11280,272686,5312,74498,11501,347184,California
Orange,2021-02-07,11651,433348,8152,238701,3499,194647,0,0,7639,276502,3992,78490,7808,354992,California
Orange,2021-02-08,15302,448650,8766,247467,6536,201183,0,0,9151,279536,6122,84612,9156,364148,California
Orange,2021-02-09,17958,466608,12159,259626,5799,206982,0,0,10750,283175,7126,91738,10765,374913,California
Orange,2021-02-10,21185,487793,11268,270894,9917,216899,0,0,12816,287742,8271,100009,12838,387751,California
Orange,2021-02-11,22498,510291,11635,282529,10863,227762,0,0,12300,290015,10052,110061,12325,400076,California
Orange,2021-02-12,25263,535554,12140,294669,13123,240885,0,0,14799,294443,10392,120453,14820,414896,California
Orange,2021-02-13,22259,557813,12051,306720,10208,251093,0,0,11207,295420,10886,131339,11863,426759,California
Orange,2021-02-14,16406,574219,6670,313390,9736,260829,0,0,9673,298402,6699,138038,9681,436440,California
Orange,2021-02-15,17519,591738,7530,320920,9989,270818,0,0,9022,298999,8447,146485,9044,445484,California
Orange,2021-02-16,20274,612012,9176,330096,11098,281916,0,0,10868,300558,9349,155834,10908,456392,California
Orange,2021-02-17,18304,630316,9594,339690,8710,290626,0,0,9316,301024,8920,164754,9386,465778,California
Orange,2021-02-18,15347,645663,10039,349729,5308,295934,0,0,6913,299597,8373,173127,6946,472724,California
Orange,2021-02-19,18644,664307,11129,360858,7515,303449,0,0,7033,295113,11543,184670,7059,479783,California
Orange,2021-02-20,7733,672040,5738,366596,1995,305444,0,0,3857,295158,3841,188511,3886,483669,California
Orange,2021-02-21,4830,676870,4098,370694,732,306176,0,0,991,292364,3793,192304,999,484668,California
Orange,2021-02-22,10274,687144,8368,379062,1906,308082,0,0,4093,290351,6133,198437,4120,488788,California
Orange,2021-02-23,14064,701208,7688,386750,6376,314458,0,0,3689,283801,10282,208719,3732,492520,California
Orange,2021-02-24,21824,723032,13182,399932,8642,323100,0,0,5514,273159,16226,224945,5584,498104,California
Orange,2021-02-25,23192,746224,12538,412470,10654,333754,0,0,8179,266460,14931,239876,8232,506336,California
Orange,2021-02-26,28327,774551,14348,426818,13979,347733,0,0,11444,261238,16735,256611,11513,517849,California
Orange,2021-02-27,25362,799913,10337,437155,15021,362754,4,4,7395,250863,17835,274446,7460,525309,California
Orange,2021-02-28,19288,819201,7489,444644,11799,374553,0,4,4899,241555,14250,288696,4942,530251,California
Orange,2021-03-01,18981,838182,8693,453337,10266,384819,22,26,7399,237559,11464,300160,7468,537719,California
Orange,2021-03-02,19702,857884,9520,462857,10178,394997,4,30,9583,237155,10053,310213,9649,547368,California
Orange,2021-03-03,21386,879270,10152,473009,11229,406226,5,35,11505,238939,9790,320003,11574,558942,California
Orange,2021-03-04,22941,902211,13172,486181,9755,415981,14,49,11832,239785,11059,331062,11905,570847,California
Orange,2021-03-05,21517,923728,11209,497390,10259,426240,49,98,13124,244713,8345,339407,13273,584120,California
Orange,2021-03-06,24464,948192,13434,510824,10153,436393,877,975,12897,247027,11509,350916,13823,597943,California
Orange,2021-03-07,15473,963665,8679,519503,6373,442766,421,1396,9005,250084,6424,357340,9481,607424,California
Orange,2021-03-08,17089,980754,7921,527424,7853,450619,1315,2711,10905,256255,6112,363452,12283,619707,California
Orange,2021-03-09,21390,1002144,9910,537334,9012,459631,2468,5179,12584,262567,8758,372210,15070,634777,California
Orange,2021-03-10,25053,1027197,12301,549635,9286,468917,3466,8645,12588,266244,12393,384603,16070,650847,California
Orange,2021-03-11,29476,1056673,15966,565601,9235,478152,4275,12920,13587,268336,15780,400383,17872,668719,California
Orange,2021-03-12,29631,1086304,14419,580020,11328,489480,3884,16804,14791,272308,14738,415121,18710,687429,California
Orange,2021-03-13,28005,1114309,10299,590319,13744,503224,3962,20766,14110,276552,13828,428949,18072,705501,California
Orange,2021-03-14,19007,1133316,8260,598579,8195,511419,2552,23318,11818,283777,7149,436098,14374,719875,California
Orange,2021-03-15,23327,1156643,10299,608878,12258,523677,770,24088,14416,290174,8808,444906,15205,735080,California
Orange,2021-03-16,26676,1183319,11310,620188,15092,538769,274,24362,17160,298210,9423,454329,17459,752539,California
Orange,2021-03-17,27576,1210895,13724,633912,13287,552056,565,24927,19562,310413,7925,462254,20128,772667,California
Orange,2021-03-18,28157,1239052,14217,648129,13635,565691,305,25232,21744,326145,6333,468587,22065,794732,California
Orange,2021-03-19,34093,1273145,18850,666979,14788,580479,455,25687,25242,343129,8726,477313,25710,820442,California
Orange,2021-03-20,26060,1299205,13761,680740,12092,592571,207,25894,22172,361708,3811,481124,22390,842832,California
Orange,2021-03-21,18779,1317984,10890,691630,7141,599712,748,26642,15834,375392,2901,484025,16585,859417,California
Orange,2021-03-22,22977,1340961,11942,703572,10711,610423,324,26966,19264,391385,3605,487630,19598,879015,California
Orange,2021-03-23,26334,1367295,13767,717339,11919,622342,648,27614,20804,407409,5436,493066,21460,900475,California
Orange,2021-03-24,29431,1396726,16488,733827,12014,634356,929,28543,22025,423073,7294,500360,22958,923433,California
Orange,2021-03-25,32697,1429423,17385,751212,14594,648950,718,29261,24281,439773,8303,508663,25003,948436,California
Orange,2021-03-26,35108,1464531,18243,769455,15998,664948,867,30128,24893,455459,10085,518748,25771,974207,California
Orange,2021-03-27,28651,1493182,13730,783185,14605,679553,316,30444,19815,466861,8732,527480,20134,994341,California
Orange,2021-03-28,24994,1518176,13000,796185,11926,691479,68,30512,18629,479294,6271,533751,18704,1013045,California
Orange,2021-03-29,26728,1544904,12262,808447,13897,705376,569,31081,17835,488926,8776,542527,18408,1031453,California
Orange,2021-03-30,31068,1575972,14065,822512,16365,721741,638,31719,20431,499457,10536,553063,21067,1052520,California
Orange,2021-03-31,37393,1613365,19612,842124,17054,738795,727,32446,23719,510369,13532,566595,24444,1076964,California
Orange,2021-04-01,40946,1654311,21492,863616,17498,756293,1956,34402,26252,524067,14494,581089,28192,1105156,California
Orange,2021-04-02,40454,1694765,20409,884025,18179,774472,1866,36268,22743,531097,17585,598674,24615,1129771,California
Orange,2021-04-03,30511,1725276,15796,899821,12935,787407,1780,38048,14368,531192,16046,614720,16141,1145912,California
Orange,2021-04-04,18523,1743799,10752,910573,6996,794403,775,38823,8165,529836,10291,625011,8935,1154847,California
Orange,2021-04-05,30285,1774084,14161,924734,12692,807095,3432,42255,13850,530779,16331,641342,17274,1172121,California
Orange,2021-04-06,33663,1807747,15763,940497,14442,821537,3458,45713,14429,529519,19122,660464,17862,1189983,California
Orange,2021-04-07,36464,1844211,20263,960760,11534,833071,4667,50380,16044,529873,20318,680782,20672,1210655,California
Orange,2021-04-08,39505,1883716,21841,982601,12100,845171,5564,55944,19082,534184,20294,701076,24605,1235260,California
Orange,2021-04-09,41378,1925094,24067,1006668,12013,857184,5298,61242,18075,534331,23188,724264,23335,1258595,California
Orange,2021-04-10,34865,1959959,18395,1025063,12162,869346,4308,65550,14373,532596,20390,744654,18655,1277250,California
Orange,2021-04-11,25865,1985824,14650,1039713,7922,877268,3293,68843,9903,529873,15899,760553,13176,1290426,California
Orange,2021-04-12,30867,2016691,15588,1055301,11626,888894,3653,72496,12128,526987,18648,779201,15762,1306188,California
Orange,2021-04-13,32901,2049592,18526,1073827,14305,903199,70,72566,15302,524853,17508,796709,15374,1321562,California
Orange,2021-04-14,35080,2084672,20580,1094407,14463,917662,37,72603,15246,520437,19711,816420,15295,1336857,California
Orange,2021-04-15,40930,2125602,24933,1119340,15981,933643,16,72619,19048,517749,21748,838168,19060,1355917,California
Orange,2021-04-16,42165,2167767,24802,1144142,17333,950976,30,72649,19059,513894,22957,861125,19102,1375019,California
Orange,2021-04-17,30697,2198464,17410,1161552,13280,964256,7,72656,13465,510294,17078,878203,13478,1388497,California
Orange,2021-04-18,22344,2220808,13620,1175172,8724,972980,0,72656,8901,505835,13366,891569,8907,1397404,California
Orange,2021-04-19,33117,2253925,18302,1193474,14811,987791,4,72660,15244,503326,17763,909332,15254,1412658,California
Orange,2021-04-20,36642,2290567,19376,1212850,17259,1005050,7,72667,18240,503278,18301,927633,18253,1430911,California
Orange,2021-04-21,42529,2333096,24925,1237775,17595,1022645,9,72676,20182,501315,22161,949794,20198,1451109,California
Orange,2021-04-22,40171,2373267,21509,1259284,18651,1041296,11,72687,16734,494786,23282,973076,16753,1467862,California
Orange,2021-04-23,41112,2414379,21604,1280888,19500,1060796,8,72695,18406,490634,22575,995651,18423,1486285,California
Orange,2021-04-24,32146,2446525,16841,1297729,15273,1076069,32,72727,13486,485595,18560,1014211,13521,1499806,California
Orange,2021-04-25,23027,2469552,13003,1310732,10009,1086078,15,72742,9832,482328,13121,1027332,9854,1509660,California
Orange,2021-04-26,29328,2498880,14565,1325297,14564,1100642,199,72941,12699,478726,16503,1043835,12901,1522561,California
Orange,2021-04-27,31599,2530479,14990,1340287,15976,1116618,633,73574,11974,471894,19446,1063281,12614,1535175,California
Orange,2021-04-28,31488,2561967,15995,1356282,14608,1131226,885,74459,12647,466724,18700,1081981,13530,1548705,California
Orange,2021-04-29,32536,2594503,17971,1374253,13594,1144820,971,75430,11588,458456,20819,1102800,12551,1561256,California
Orange,2021-04-30,30468,2624971,17563,1391816,11959,1156779,946,76376,13020,455088,17323,1120123,13955,1575211,California
Orange,2021-05-01,23082,2648053,15811,1407627,6281,1163060,990,77366,8802,450721,14149,1134272,9782,1584993,California
Orange,2021-05-02,15462,2663515,10303,1417930,4515,1167575,644,78010,5387,446745,10001,1144273,6025,1591018,California
Orange,2021-05-03,20737,2684252,12671,1430601,7302,1174877,764,78774,6516,439903,14120,1158393,7278,1598296,California
Orange,2021-05-04,24220,2708472,14010,1444611,9289,1184166,921,79695,8267,433245,15832,1174225,9174,1607470,California
Orange,2021-05-05,25463,2733935,14461,1459072,10105,1194271,897,80592,8192,425206,17128,1191353,9089,1616559,California
Orange,2021-05-06,26905,2760840,16415,1475487,9489,1203760,1001,81593,7402,414243,19359,1210712,8396,1624955,California
Orange,2021-05-07,29495,2790335,17894,1493381,10546,1214306,1055,82648,8192,402410,21073,1231785,9240,1634195,California
Orange,2021-05-08,19172,2809507,12819,1506200,5552,1219858,801,83449,5551,395263,13490,1245275,6343,1640538,California
Orange,2021-05-09,11145,2820652,8505,1514705,2265,1222123,375,83824,2804,390150,8292,1253567,3179,1643717,California
Orange,2021-05-10,19531,2840183,12037,1526742,6711,1228834,783,84607,4309,380122,15121,1268688,5093,1648810,California
Orange,2021-05-11,22742,2862925,12861,1539603,9143,1237977,738,85345,5391,369003,17241,1285929,6122,1654932,California
Orange,2021-05-12,24102,2887027,14993,1554596,8273,1246250,836,86181,6544,358963,17417,1303346,7377,1662309,California
Orange,2021-05-13,22146,2909173,13739,1568335,7798,1254048,609,86790,8161,353867,13868,1317214,8772,1671081,California
Orange,2021-05-14,26887,2936060,17792,1586127,8241,1262289,854,87644,10475,348902,16264,1333478,11299,1682380,California
Orange,2021-05-15,20486,2956546,14799,1600926,5136,1267425,551,88195,8311,345658,12099,1345577,8855,1691235,California
Orange,2021-05-16,15587,2972133,12856,1613782,2392,1269817,339,88534,6708,343891,8812,1354389,7045,1698280,California
Orange,2021-05-17,19591,2991724,12876,1626658,6014,1275831,701,89235,6914,338884,12608,1366997,7601,1705881,California
Orange,2021-05-18,20641,3012365,12035,1638693,7935,1283766,671,89906,8010,335024,12532,1379529,8672,1714553,California
Orange,2021-05-19,22582,3034947,12933,1651626,8975,1292741,674,90580,7718,328664,14742,1394271,8382,1722935,California
Orange,2021-05-20,22602,3057549,13268,1664894,8668,1301409,666,91246,7732,322308,14751,1409022,8395,1731330,California
Orange,2021-05-21,25833,3083382,14883,1679777,10225,1311634,725,91971,8286,313895,17419,1426441,9006,1740336,California
Orange,2021-05-22,18325,3101707,12205,1691982,5572,1317206,548,92519,6974,310164,11254,1437695,7523,1747859,California
Orange,2021-05-23,10066,3111773,6957,1698939,2835,1320041,274,92793,3537,307491,6483,1444178,3810,1751669,California
Orange,2021-05-24,15702,3127475,9339,1708278,5739,1325780,624,93417,5796,304094,9810,1453988,6413,1758082,California
Orange,2021-05-25,15663,3143138,9225,1717503,5914,1331694,524,93941,5573,300212,9974,1463962,6092,1764174,California
Orange,2021-05-26,15264,3158402,8565,1726068,6199,1337893,500,94441,5620,296772,9550,1473512,6110,1770284,California
Orange,2021-05-27,14422,3172824,8683,1734751,5195,1343088,544,94985,6295,295554,8049,1481561,6831,1777115,California
Orange,2021-05-28,16836,3189660,9926,1744677,6280,1349368,630,95615,7365,294165,9372,1490933,7983,1785098,California
Orange,2021-05-29,9018,3198678,5286,1749963,3373,1352741,359,95974,4076,293713,4882,1495815,4430,1789528,California
Orange,2021-05-30,6043,3204721,3924,1753887,1838,1354579,281,96255,2175,292334,3830,1499645,2451,1791979,California
Orange,2021-05-31,1702,3206423,1056,1754943,599,1355178,47,96302,522,291745,1157,1500802,568,1792547,California
Orange,2021-06-01,13425,3219848,7800,1762743,5132,1360310,493,96795,4988,288898,8320,1509122,5473,1798020,California
Orange,2021-06-02,13041,3232889,8079,1770822,4544,1364854,418,97213,4461,285343,8427,1517549,4872,1802892,California
Orange,2021-06-03,12921,3245810,8921,1779743,3545,1368399,455,97668,4403,281741,8455,1526004,4853,1807745,California
Orange,2021-06-04,17192,3263002,12191,1791934,4423,1372822,578,98246,5248,275707,11857,1537861,5823,1813568,California
Orange,2021-06-05,12947,3275949,9772,1801706,2793,1375615,382,98628,3822,270841,9066,1546927,4200,1817768,California
Orange,2021-06-06,5378,3281327,4571,1806277,605,1376220,202,98830,1817,269322,3538,1550465,2019,1819787,California
Orange,2021-06-07,10807,3292134,7640,1813917,2701,1378921,466,99296,3314,265676,7419,1557884,3773,1823560,California
Orange,2021-06-08,12207,3304341,8793,1822710,2903,1381824,511,99807,3771,261616,8343,1566227,4283,1827843,California
Orange,2021-06-09,11779,3316120,8154,1830864,3167,1384991,458,100265,3313,257002,8380,1574607,3766,1831609,California
Orange,2021-06-10,11610,3327730,8453,1839317,2692,1387683,465,100730,3395,252703,8154,1582761,3855,1835464,California
Orange,2021-06-11,13317,3341047,9378,1848695,3443,1391126,496,101226,4294,248555,8933,1591694,4785,1840249,California
Orange,2021-06-12,9812,3350859,7511,1856206,1983,1393109,318,101544,3001,245118,6756,1598450,3319,1843568,California
Orange,2021-06-13,4063,3354922,2964,1859170,935,1394044,164,101708,1018,243290,3011,1601461,1183,1844751,California
Orange,2021-06-14,9853,3364775,7188,1866358,2206,1396250,459,102167,3250,240447,6550,1608011,3707,1848458,California
Orange,2021-06-15,10202,3374977,7348,1873706,2422,1398672,432,102599,3563,237874,6565,1614576,3992,1852450,California
Orange,2021-06-16,9560,3384537,6867,1880573,2225,1400897,468,103067,3269,235372,6234,1620810,3732,1856182,California
Orange,2021-06-17,9389,3393926,7090,1887663,1932,1402829,367,103434,3335,233082,5991,1626801,3701,1859883,California
Orange,2021-06-18,11254,3405180,8209,1895872,2547,1405376,498,103932,3893,230188,7283,1634084,4389,1864272,California
Orange,2021-06-19,6331,3411511,4707,1900579,1379,1406755,245,104177,2615,229386,3665,1637749,2863,1867135,California
Orange,2021-06-20,3068,3414579,2379,1902958,595,1407350,94,104271,1030,228485,2025,1639774,1124,1868259,California
Orange,2021-06-21,6681,3421260,4585,1907543,1658,1409008,438,104709,3580,229434,3070,1642844,4019,1872278,California
Orange,2021-06-22,7746,3429006,5720,1913263,1672,1410680,354,105063,2953,228017,4725,1647569,3308,1875586,California
Orange,2021-06-23,7407,3436413,5558,1918821,1541,1412221,308,105371,3013,226989,4347,1651916,3319,1878905,California
Orange,2021-06-24,7238,3443651,5427,1924248,1443,1413664,368,105739,3096,226348,4104,1656020,3463,1882368,California
Orange,2021-06-25,8816,3452467,6452,1930700,1983,1415647,381,106120,3388,224734,5378,1661398,3764,1886132,California
Orange,2021-06-26,5915,3458382,4517,1935217,1171,1416818,227,106347,2487,224063,3385,1664783,2714,1888846,California
Orange,2021-06-27,3442,3461824,2791,1938008,539,1417357,112,106459,1483,223722,1937,1666720,1596,1890442,California
Orange,2021-06-28,6303,3468127,5070,1943078,878,1418235,355,106814,2799,223423,3451,1670171,3152,1893594,California
Orange,2021-06-29,6343,3474470,4671,1947749,1418,1419653,254,107068,2618,222619,3677,1673848,2873,1896467,California
Orange,2021-06-30,6215,3480685,4485,1952234,1465,1421118,265,107333,2757,222248,3392,1677240,3021,1899488,California
Orange,2021-07-01,5882,3486567,4504,1956738,1142,1422260,236,107569,2701,222057,3127,1680367,2936,1902424,California
Orange,2021-07-02,7088,3493655,5281,1962019,1488,1423748,319,107888,3090,221495,3968,1684335,3406,1905830,California
Orange,2021-07-03,4059,3497714,2994,1965013,928,1424676,137,108025,1860,221328,2165,1686500,1998,1907828,California
Orange,2021-07-04,339,3498053,218,1965231,107,1424783,14,108039,145,221298,190,1686690,160,1907988,California
Orange,2021-07-05,3834,3501887,2935,1968166,765,1425548,134,108173,1815,221261,1987,1688677,1950,1909938,California
Orange,2021-07-06,4382,3506269,3220,1971386,940,1426488,222,108395,1658,220445,2694,1691371,1878,1911816,California
Placer,2020-12-15,30,30,30,30,0,0,0,0,30,30,0,0,30,30,California
Placer,2020-12-16,56,86,56,86,0,0,0,0,56,86,0,0,56,86,California
Placer,2020-12-17,148,234,148,234,0,0,0,0,148,234,0,0,148,234,California
Placer,2020-12-18,427,661,427,661,0,0,0,0,427,661,0,0,427,661,California
Placer,2020-12-19,253,914,253,914,0,0,0,0,253,914,0,0,253,914,California
Placer,2020-12-20,235,1149,235,1149,0,0,0,0,235,1149,0,0,235,1149,California
Placer,2020-12-21,501,1650,499,1648,2,2,0,0,501,1650,0,0,501,1650,California
Placer,2020-12-22,681,2331,674,2322,7,9,0,0,681,2331,0,0,681,2331,California
Placer,2020-12-23,760,3091,671,2993,89,98,0,0,760,3091,0,0,760,3091,California
Placer,2020-12-24,411,3502,357,3350,54,152,0,0,411,3502,0,0,411,3502,California
Placer,2020-12-26,161,3663,116,3466,45,197,0,0,161,3663,0,0,161,3663,California
Placer,2020-12-27,183,3846,161,3627,22,219,0,0,183,3846,0,0,183,3846,California
Placer,2020-12-28,673,4519,546,4173,127,346,0,0,673,4519,0,0,673,4519,California
Placer,2020-12-29,770,5289,517,4690,253,599,0,0,770,5289,0,0,770,5289,California
Placer,2020-12-30,736,6025,461,5151,275,874,0,0,734,6023,0,0,734,6023,California
Placer,2020-12-31,548,6573,360,5511,188,1062,0,0,548,6571,0,0,548,6571,California
Placer,2021-01-01,17,6590,12,5523,5,1067,0,0,17,6588,0,0,17,6588,California
Placer,2021-01-02,188,6778,156,5679,32,1099,0,0,188,6776,0,0,188,6776,California
Placer,2021-01-03,155,6933,80,5759,75,1174,0,0,155,6931,0,0,155,6931,California
Placer,2021-01-04,624,7557,181,5940,443,1617,0,0,624,7555,0,0,624,7555,California
Placer,2021-01-05,737,8294,160,6100,577,2194,0,0,648,8116,88,88,649,8204,California
Placer,2021-01-06,763,9057,246,6346,517,2711,0,0,612,8577,151,239,612,8816,California
Placer,2021-01-07,990,10047,369,6715,621,3332,0,0,763,9113,227,466,763,9579,California
Placer,2021-01-08,1191,11238,532,7247,659,3991,0,0,798,9521,390,856,798,10377,California
Placer,2021-01-09,457,11695,321,7568,136,4127,0,0,240,9545,216,1072,240,10617,California
Placer,2021-01-10,334,12029,187,7755,147,4274,0,0,166,9543,168,1240,166,10783,California
Placer,2021-01-11,1441,13470,817,8572,624,4898,0,0,844,9791,597,1837,845,11628,California
Placer,2021-01-12,1679,15149,894,9466,785,5683,0,0,1065,10243,613,2450,1065,12693,California
Placer,2021-01-13,1661,16810,840,10306,821,6504,0,0,1228,11043,431,2881,1231,13924,California
Placer,2021-01-14,1827,18637,680,10986,1147,7651,0,0,1452,12124,372,3253,1453,15377,California
Placer,2021-01-15,1957,20594,732,11718,1225,8876,0,0,1602,13373,354,3607,1603,16980,California
Placer,2021-01-16,1512,22106,717,12435,795,9671,0,0,1390,14642,122,3729,1391,18371,California
Placer,2021-01-17,575,22681,400,12835,175,9846,0,0,436,14940,138,3867,436,18807,California
Placer,2021-01-18,987,23668,545,13380,442,10288,0,0,752,15458,235,4102,753,19560,California
Placer,2021-01-19,2635,26303,1969,15349,666,10954,0,0,2180,17184,455,4557,2181,21741,California
Placer,2021-01-20,2347,28650,1769,17118,578,11532,0,0,2007,18852,340,4897,2008,23749,California
Placer,2021-01-21,2591,31241,1138,18256,1453,12985,0,0,2185,20634,404,5301,2186,25935,California
Placer,2021-01-22,2354,33595,633,18889,1721,14706,0,0,2175,22633,177,5478,2176,28111,California
Placer,2021-01-23,1207,34802,388,19277,819,15525,0,0,1047,23521,159,5637,1047,29158,California
Placer,2021-01-24,522,35324,274,19551,248,15773,0,0,440,23880,82,5719,441,29599,California
Placer,2021-01-25,1687,37011,808,20359,879,16652,0,0,1391,24976,296,6015,1392,30991,California
Placer,2021-01-26,1887,38898,1047,21406,840,17492,0,0,1614,26318,272,6287,1614,32605,California
Placer,2021-01-27,1865,40763,1171,22577,694,18186,0,0,1614,27684,249,6536,1615,34220,California
Placer,2021-01-28,1822,42585,1123,23700,699,18885,0,0,1571,29006,249,6785,1571,35791,California
Placer,2021-01-29,1936,44521,1182,24882,754,19639,0,0,1733,30538,202,6987,1734,37525,California
Placer,2021-01-30,1748,46269,972,25854,776,20415,0,0,1627,32045,120,7107,1627,39152,California
Placer,2021-01-31,787,47056,626,26480,161,20576,0,0,716,32690,71,7178,716,39868,California
Placer,2021-02-01,2091,49147,1101,27581,990,21566,0,0,1772,34144,318,7496,1772,41640,California
Placer,2021-02-02,2416,51563,1554,29135,862,22428,0,0,1908,35547,505,8001,1908,43548,California
Placer,2021-02-03,2933,54496,1885,31020,1048,23476,0,0,2299,37216,630,8631,2299,45847,California
Placer,2021-02-04,2784,57280,1193,32213,1591,25067,0,0,1944,38325,836,9467,1945,47792,California
Placer,2021-02-05,2815,60095,1282,33495,1533,26600,0,0,1435,38404,1356,10823,1435,49227,California
Placer,2021-02-06,1999,62094,1334,34829,665,27265,0,0,1444,39294,554,11377,1444,50671,California
Placer,2021-02-07,1227,63321,912,35741,315,27580,0,0,935,39938,291,11668,935,51606,California
Placer,2021-02-08,3306,66627,1757,37498,1549,29129,0,0,1957,40573,1323,12991,1958,53564,California
Placer,2021-02-09,3580,70207,2194,39692,1386,30515,0,0,1652,40301,1924,14915,1652,55216,California
Placer,2021-02-10,3789,73996,2217,41909,1572,32087,0,0,1717,39952,2068,16983,1719,56935,California
Placer,2021-02-11,3734,77730,1921,43830,1813,33900,0,0,1582,39399,2136,19119,1583,58518,California
Placer,2021-02-12,2892,80622,1347,45177,1545,35445,0,0,1679,39903,1176,20295,1680,60198,California
Placer,2021-02-13,2628,83250,1472,46649,1156,36601,0,0,1933,41141,695,20990,1933,62131,California
Placer,2021-02-14,1097,84347,687,47336,410,37011,0,0,741,41528,354,21344,741,62872,California
Placer,2021-02-15,2266,86613,1050,48386,1216,38227,0,0,1553,42369,713,22057,1554,64426,California
Placer,2021-02-16,3612,90225,1806,50192,1806,40033,0,0,1604,41975,1999,24056,1605,66031,California
Placer,2021-02-17,3576,93801,1987,52179,1589,41622,0,0,1521,41445,2051,26107,1521,67552,California
Placer,2021-02-18,3854,97655,2080,54259,1774,43396,0,0,1642,40887,2201,28308,1643,69195,California
Placer,2021-02-19,3661,101316,1967,56226,1694,45090,0,0,1363,39964,2288,30596,1365,70560,California
Placer,2021-02-20,2107,103423,1308,57534,799,45889,0,0,943,39755,1156,31752,947,71507,California
Placer,2021-02-21,1180,104603,774,58308,406,46295,0,0,427,39432,751,32503,428,71935,California
Placer,2021-02-22,2614,107217,1831,60139,783,47078,0,0,617,38056,1993,34496,617,72552,California
Placer,2021-02-23,2713,109930,1657,61796,1056,48134,0,0,916,37176,1796,36292,916,73468,California
Placer,2021-02-24,3410,113340,1219,63015,2191,50325,0,0,1839,37459,1558,37850,1841,75309,California
Placer,2021-02-25,3773,117113,1561,64576,2212,52537,0,0,2060,37818,1704,39554,2063,77372,California
Placer,2021-02-26,4283,121396,2459,67035,1824,54361,0,0,2470,38482,1807,41361,2471,79843,California
Placer,2021-02-27,2932,124328,1536,68571,1396,55757,0,0,1513,38583,1414,42775,1515,81358,California
Placer,2021-02-28,1619,125947,879,69450,739,56496,1,1,741,38453,872,43647,742,82100,California
Placer,2021-03-01,3216,129163,2138,71588,1078,57574,0,1,1636,38518,1571,45218,1636,83736,California
Placer,2021-03-02,2931,132094,1806,73394,1125,58699,0,1,1909,39418,1009,46227,1909,85645,California
Placer,2021-03-03,3401,135495,1483,74877,1917,60616,1,2,1861,39749,1532,47759,1863,87508,California
Placer,2021-03-04,3653,139148,1467,76344,2186,62802,0,2,1898,39905,1743,49502,1899,89407,California
Placer,2021-03-05,3022,142170,1038,77382,1963,64765,21,23,1817,40543,1200,50702,1838,91245,California
Placer,2021-03-06,2448,144618,1513,78895,840,65605,95,118,942,40082,1498,52200,1037,92282,California
Placer,2021-03-07,1351,145969,774,79669,538,66143,39,157,547,39868,800,53000,586,92868,California
Placer,2021-03-08,2942,148911,1849,81518,979,67122,114,271,1662,40368,1276,54276,1776,94644,California
Placer,2021-03-09,3213,152124,1709,83227,1413,68535,91,362,1843,40935,1367,55643,1934,96578,California
Placer,2021-03-10,3318,155442,1341,84568,1871,70406,106,468,1728,41184,1585,57228,1834,98412,California
Placer,2021-03-11,3686,159128,1682,86250,1878,72284,126,594,1755,41148,1919,59147,1883,100295,California
Placer,2021-03-12,3710,162838,1496,87746,1434,73718,780,1374,1250,40731,2448,61595,2031,102326,California
Placer,2021-03-13,2223,165061,753,88499,1346,75064,124,1498,1185,41006,1033,62628,1308,103634,California
Placer,2021-03-14,1709,166770,685,89184,875,75939,149,1647,894,41236,813,63441,1043,104677,California
Placer,2021-03-15,3232,170002,1552,90736,1550,77489,130,1777,1774,41687,1454,64895,1905,106582,California
Placer,2021-03-16,3641,173643,1964,92700,1542,79031,135,1912,2313,42818,1317,66212,2448,109030,California
Placer,2021-03-17,3472,177115,1749,94449,1619,80650,104,2016,2230,43915,1238,67450,2335,111365,California
Placer,2021-03-18,4129,181244,2343,96792,1747,82397,39,2055,2867,45567,1253,68703,2905,114270,California
Placer,2021-03-19,3479,184723,2084,98876,1126,83523,269,2324,2164,46693,1304,70007,2430,116700,California
Placer,2021-03-20,2203,186926,909,99785,1195,84718,99,2423,1346,47285,852,70859,1444,118144,California
Placer,2021-03-21,1317,188243,588,100373,719,85437,10,2433,795,47572,518,71377,805,118949,California
Placer,2021-03-22,3329,191572,2132,102505,1106,86543,91,2524,2156,48650,1169,72546,2247,121196,California
Placer,2021-03-23,3595,195167,2127,104632,1380,87923,88,2612,2565,50279,1024,73570,2653,123849,California
Placer,2021-03-24,3815,198982,2009,106641,1709,89632,97,2709,1913,50411,1879,75449,2011,125860,California
Placer,2021-03-25,3877,202859,1871,108512,1905,91537,101,2810,1705,50057,2159,77608,1805,127665,California
Placer,2021-03-26,3795,206654,1679,110191,1884,93421,232,3042,1513,49537,2265,79873,1745,129410,California
Placer,2021-03-27,1642,208296,482,110673,1140,94561,20,3062,640,49201,995,80868,659,130069,California
Placer,2021-03-28,1133,209429,530,111203,593,95154,10,3072,300,48695,816,81684,310,130379,California
Placer,2021-03-29,3583,213012,1999,113202,1548,96702,36,3108,1728,48618,1844,83528,1767,132146,California
Placer,2021-03-30,3986,216998,2095,115297,1847,98549,44,3152,2079,48847,1892,85420,2121,134267,California
Placer,2021-03-31,4128,221126,1839,117136,2214,100763,75,3227,1691,48182,2429,87849,1764,136031,California
Placer,2021-04-01,3009,224135,1447,118583,1514,102277,48,3275,1669,48569,1330,89179,1717,137748,California
Placer,2021-04-02,2856,226991,1456,120039,1333,103610,67,3342,1605,48994,1244,90423,1669,139417,California
Placer,2021-04-03,1866,228857,997,121036,740,104350,129,3471,895,49053,963,91386,1022,140439,California
Placer,2021-04-04,717,229574,368,121404,296,104646,53,3524,287,48968,425,91811,340,140779,California
Placer,2021-04-05,3024,232598,1914,123318,924,105570,186,3710,1754,49644,1264,93075,1940,142719,California
Placer,2021-04-06,4320,236918,2497,125815,1520,107090,303,4013,1534,48703,2777,95852,1836,144555,California
Placer,2021-04-07,4571,241489,2607,128422,1500,108590,464,4477,2084,48767,2480,98332,2544,147099,California
Placer,2021-04-08,4742,246231,2617,131039,1581,110171,544,5021,1588,47758,3141,101473,2132,149231,California
Placer,2021-04-09,4161,250392,2281,133320,1254,111425,626,5647,1248,46729,2904,104377,1875,151106,California
Placer,2021-04-10,2117,252509,886,134206,1047,112472,184,5831,922,46642,1192,105569,1105,152211,California
Placer,2021-04-11,1395,253904,536,134742,826,113298,33,5864,445,46174,945,106514,477,152688,California
Placer,2021-04-12,4141,258045,2663,137405,1089,114387,389,6253,2471,47373,1660,108174,2859,155547,California
Placer,2021-04-13,4375,262420,3009,140414,1365,115752,1,6254,2189,47385,2179,110353,2191,157738,California
Placer,2021-04-14,4180,266600,2596,143010,1583,117335,1,6255,1860,46936,2309,112662,1860,159598,California
Placer,2021-04-15,4529,271129,2521,145531,2007,119342,1,6256,2361,47140,2158,114820,2362,161960,California
Placer,2021-04-16,3718,274847,2204,147735,1514,120856,0,6256,1449,46327,2262,117082,1449,163409,California
Placer,2021-04-17,2646,277493,855,148590,1791,122647,0,6256,1730,47147,910,117992,1730,165139,California
Placer,2021-04-18,1273,278766,302,148892,971,123618,0,6256,441,46758,830,118822,441,165580,California
Placer,2021-04-19,2970,281736,1830,150722,1140,124758,0,6256,1169,46132,1796,120618,1170,166750,California
Placer,2021-04-20,3915,285651,2560,153282,1355,126113,0,6256,2451,47129,1454,122072,2451,169201,California
Placer,2021-04-21,3822,289473,2538,155820,1283,127396,1,6257,2485,48283,1332,123404,2486,171687,California
Placer,2021-04-22,3748,293221,2335,158155,1413,128809,0,6257,1794,48129,1948,125352,1794,173481,California
Placer,2021-04-23,3581,296802,2382,160537,1198,130007,1,6258,1403,47362,2171,127523,1404,174885,California
Placer,2021-04-24,2096,298898,1272,161809,823,130830,1,6259,1225,47726,861,128384,1225,176110,California
Placer,2021-04-25,934,299832,500,162309,434,131264,0,6259,554,47900,380,128764,554,176664,California
Placer,2021-04-26,2515,302347,1361,163670,1130,132394,24,6283,1212,47841,1294,130058,1235,177899,California
Placer,2021-04-27,2796,305143,1482,165152,1265,133659,49,6332,1586,48272,1206,131264,1637,179536,California
Placer,2021-04-28,3061,308204,1916,167068,1109,134768,36,6368,1612,48482,1439,132703,1649,181185,California
Placer,2021-04-29,3441,311645,2246,169314,1141,135909,54,6422,1452,48005,1983,134686,1506,182691,California
Placer,2021-04-30,3043,314688,1849,171163,1145,137054,49,6471,1223,47463,1814,136500,1272,183963,California
Placer,2021-05-01,1340,316028,936,172099,379,137433,25,6496,613,47380,720,137220,637,184600,California
Placer,2021-05-02,737,316765,573,172672,142,137575,22,6518,332,47331,403,137623,354,184954,California
Placer,2021-05-03,1620,318385,1000,173672,553,138128,67,6585,442,46665,1174,138797,508,185462,California
Placer,2021-05-04,2368,320753,1358,175030,844,138972,166,6751,877,46224,1484,140281,1043,186505,California
Placer,2021-05-05,3733,324486,2537,177567,1091,140063,105,6856,978,44563,2744,143025,1083,187588,California
Placer,2021-05-06,3115,327601,1911,179478,1128,141191,76,6932,819,43188,2270,145295,895,188483,California
Placer,2021-05-07,2839,330440,1913,181391,833,142024,93,7025,799,42052,2028,147323,892,189375,California
Placer,2021-05-08,1413,331853,739,182130,631,142655,43,7068,412,41506,999,148322,453,189828,California
Placer,2021-05-09,452,332305,221,182351,210,142865,21,7089,209,41493,243,148565,230,190058,California
Placer,2021-05-10,1931,334236,1032,183383,803,143668,96,7185,423,40509,1503,150068,519,190577,California
Placer,2021-05-11,3042,337278,2203,185586,721,144389,118,7303,657,38910,2374,152442,775,191352,California
Placer,2021-05-12,2893,340171,2002,187588,834,145223,57,7360,682,37448,2203,154645,741,192093,California
Placer,2021-05-13,2875,343046,1855,189443,972,146195,48,7408,1010,36642,1863,156508,1057,193150,California
Placer,2021-05-14,2856,345902,1873,191316,847,147042,136,7544,1373,36677,1468,157976,1503,194653,California
Placer,2021-05-15,2105,348007,1366,192682,715,147757,24,7568,934,36471,1164,159140,958,195611,California
Placer,2021-05-16,1194,349201,530,193212,645,148402,19,7587,342,35982,850,159990,361,195972,California
Placer,2021-05-17,2360,351561,1569,194781,714,149116,77,7664,1015,35733,1341,161331,1092,197064,California
Placer,2021-05-18,2518,354079,1684,196465,754,149870,80,7744,1128,35554,1386,162717,1207,198271,California
Placer,2021-05-19,2544,356623,1595,198060,903,150773,46,7790,874,34809,1665,164382,920,199191,California
Placer,2021-05-20,2545,359168,1650,199710,847,151620,48,7838,863,34048,1673,166055,912,200103,California
Placer,2021-05-21,2448,361616,1530,201240,773,152393,145,7983,1054,33859,1386,167441,1197,201300,California
Placer,2021-05-22,1611,363227,1059,202299,510,152903,42,8025,762,33819,844,168285,804,202104,California
Placer,2021-05-23,638,363865,358,202657,264,153167,16,8041,280,33758,358,168643,297,202401,California
Placer,2021-05-24,1513,365378,771,203428,605,153772,137,8178,447,33278,1064,169707,584,202985,California
Placer,2021-05-25,1797,367175,946,204374,751,154523,100,8278,641,32871,1148,170855,741,203726,California
Placer,2021-05-26,1586,368761,909,205283,638,155161,39,8317,613,32556,968,171823,653,204379,California
Placer,2021-05-27,1463,370224,721,206004,697,155858,45,8362,662,32470,793,172616,707,205086,California
Placer,2021-05-28,1707,371931,858,206862,752,156610,97,8459,727,32320,974,173590,824,205910,California
Placer,2021-05-29,751,372682,405,207267,315,156925,31,8490,379,32361,368,173958,409,206319,California
Placer,2021-05-30,342,373024,230,207497,98,157023,14,8504,210,32454,131,174089,224,206543,California
Placer,2021-05-31,147,373171,70,207567,60,157083,17,8521,30,32384,116,174205,46,206589,California
Placer,2021-06-01,1679,374850,884,208451,722,157805,73,8594,591,31964,1083,175288,663,207252,California
Placer,2021-06-02,1508,376358,761,209212,680,158485,67,8661,488,31500,1019,176307,555,207807,California
Placer,2021-06-03,1700,378058,1031,210243,610,159095,59,8720,429,30722,1265,177572,487,208294,California
Placer,2021-06-04,1861,379919,1319,211562,488,159583,54,8774,457,29836,1395,178967,509,208803,California
Placer,2021-06-05,1089,381008,772,212334,276,159859,41,8815,267,29326,818,179785,308,209111,California
Placer,2021-06-06,500,381508,361,212695,122,159981,17,8832,124,29092,375,180160,141,209252,California
Placer,2021-06-07,1050,382558,718,213413,260,160241,72,8904,225,28565,822,180982,295,209547,California
Placer,2021-06-08,1729,384287,1317,214730,363,160604,49,8953,433,27753,1293,182275,481,210028,California
Placer,2021-06-09,1168,385455,847,215577,269,160873,52,9005,256,27153,909,183184,309,210337,California
Placer,2021-06-10,1254,386709,865,216442,314,161187,75,9080,314,26603,937,184121,387,210724,California
Placer,2021-06-11,1487,388196,1072,217514,356,161543,59,9139,340,25859,1142,185263,398,211122,California
Placer,2021-06-12,1016,389212,753,218267,237,161780,26,9165,220,25311,794,186057,246,211368,California
Placer,2021-06-13,394,389606,303,218570,80,161860,11,9176,91,25111,302,186359,102,211470,California
Placer,2021-06-14,770,390376,525,219095,199,162059,46,9222,225,24838,542,186901,269,211739,California
Placer,2021-06-15,1289,391665,859,219954,367,162426,63,9285,421,24457,864,187765,483,212222,California
Placer,2021-06-16,1035,392700,749,220703,231,162657,55,9340,332,24141,702,188467,386,212608,California
Placer,2021-06-17,879,393579,607,221310,235,162892,37,9377,274,23851,601,189068,311,212919,California
Placer,2021-06-18,1154,394733,763,222073,302,163194,89,9466,377,23541,776,189844,466,213385,California
Placer,2021-06-19,608,395341,437,222510,138,163332,33,9499,237,23443,367,190211,269,213654,California
Placer,2021-06-20,282,395623,231,222741,43,163375,8,9507,106,23382,174,190385,113,213767,California
Placer,2021-06-21,492,396115,288,223029,166,163541,38,9545,234,23396,258,190643,272,214039,California
Placer,2021-06-22,880,396995,622,223651,204,163745,54,9599,263,23103,610,191253,317,214356,California
Placer,2021-06-23,841,397836,609,224260,185,163930,47,9646,385,23080,455,191708,432,214788,California
Placer,2021-06-24,819,398655,514,224774,258,164188,47,9693,311,22933,505,192213,358,215146,California
Placer,2021-06-25,936,399591,665,225439,218,164406,53,9746,386,22829,543,192756,439,215585,California
Placer,2021-06-26,540,400131,390,225829,120,164526,30,9776,238,22797,300,193056,268,215853,California
Placer,2021-06-27,249,400380,181,226010,57,164583,11,9787,117,22793,131,193187,127,215980,California
Placer,2021-06-28,489,400869,362,226372,83,164666,44,9831,209,22767,279,193466,253,216233,California
Placer,2021-06-29,828,401697,583,226955,199,164865,46,9877,321,22628,506,193972,367,216600,California
Placer,2021-06-30,597,402294,416,227371,140,165005,41,9918,258,22589,338,194310,299,216899,California
Placer,2021-07-01,543,402837,363,227734,141,165146,39,9957,219,22525,322,194632,258,217157,California
Placer,2021-07-02,660,403497,484,228218,151,165297,25,9982,284,22464,370,195002,309,217466,California
Placer,2021-07-03,303,403800,210,228428,79,165376,14,9996,144,22466,156,195158,158,217624,California
Placer,2021-07-04,16,403816,2,228430,14,165390,0,9996,6,22462,10,195168,6,217630,California
Placer,2021-07-05,363,404179,240,228670,89,165479,34,10030,150,22437,209,195377,184,217814,California
Placer,2021-07-06,614,404793,452,229122,124,165603,38,10068,219,22302,392,195769,257,218071,California
Plumas,2020-12-18,3,3,3,3,0,0,0,0,3,3,0,0,3,3,California
Plumas,2020-12-19,1,4,1,4,0,0,0,0,1,4,0,0,1,4,California
Plumas,2020-12-21,45,49,45,49,0,0,0,0,45,49,0,0,45,49,California
Plumas,2020-12-22,92,141,92,141,0,0,0,0,92,141,0,0,92,141,California
Plumas,2020-12-23,50,191,50,191,0,0,0,0,50,191,0,0,50,191,California
Plumas,2020-12-24,6,197,6,197,0,0,0,0,6,197,0,0,6,197,California
Plumas,2020-12-28,8,205,0,197,8,8,0,0,8,205,0,0,8,205,California
Plumas,2020-12-29,32,237,22,219,10,18,0,0,32,237,0,0,32,237,California
Plumas,2020-12-30,23,260,1,220,22,40,0,0,23,260,0,0,23,260,California
Plumas,2020-12-31,4,264,1,221,3,43,0,0,4,264,0,0,4,264,California
Plumas,2021-01-01,1,265,0,221,1,44,0,0,1,265,0,0,1,265,California
Plumas,2021-01-02,1,266,0,221,1,45,0,0,1,266,0,0,1,266,California
Plumas,2021-01-04,10,276,4,225,6,51,0,0,10,276,0,0,10,276,California
Plumas,2021-01-05,22,298,2,227,20,71,0,0,22,298,0,0,22,298,California
Plumas,2021-01-06,123,421,5,232,118,189,0,0,123,421,0,0,123,421,California
Plumas,2021-01-07,53,474,2,234,51,240,0,0,52,472,1,1,52,473,California
Plumas,2021-01-08,11,485,4,238,7,247,0,0,8,477,3,4,8,481,California
Plumas,2021-01-09,2,487,2,240,0,247,0,0,1,477,1,5,1,482,California
Plumas,2021-01-11,58,545,50,290,8,255,0,0,11,441,47,52,11,493,California
Plumas,2021-01-12,155,700,86,376,69,324,0,0,71,428,84,136,71,564,California
Plumas,2021-01-13,55,755,50,426,5,329,0,0,9,391,46,182,9,573,California
Plumas,2021-01-14,99,854,14,440,85,414,0,0,94,480,5,187,94,667,California
Plumas,2021-01-15,63,917,7,447,56,470,0,0,61,539,2,189,61,728,California
Plumas,2021-01-16,58,975,1,448,57,527,0,0,58,597,0,189,58,786,California
Plumas,2021-01-18,2,977,1,449,1,528,0,0,2,599,0,189,2,788,California
Plumas,2021-01-19,36,1013,5,454,31,559,0,0,32,627,4,193,32,820,California
Plumas,2021-01-20,122,1135,3,457,119,678,0,0,120,745,2,195,120,940,California
Plumas,2021-01-21,112,1247,2,459,110,788,0,0,112,857,0,195,112,1052,California
Plumas,2021-01-22,5,1252,1,460,4,792,0,0,5,862,0,195,5,1057,California
Plumas,2021-01-23,94,1346,2,462,92,884,0,0,94,956,0,195,94,1151,California
Plumas,2021-01-24,1,1347,1,463,0,884,0,0,1,957,0,195,1,1152,California
Plumas,2021-01-25,11,1358,8,471,3,887,0,0,8,962,3,198,8,1160,California
Plumas,2021-01-26,59,1417,2,473,57,944,0,0,51,1005,8,206,51,1211,California
Plumas,2021-01-27,26,1443,20,493,6,950,0,0,6,991,20,226,6,1217,California
Plumas,2021-01-28,24,1467,0,493,24,974,0,0,22,1011,2,228,22,1239,California
Plumas,2021-01-29,9,1476,3,496,6,980,0,0,8,1018,1,229,8,1247,California
Plumas,2021-01-30,11,1487,4,500,7,987,0,0,9,1025,2,231,9,1256,California
Plumas,2021-01-31,3,1490,3,503,0,987,0,0,3,1028,0,231,3,1259,California
Plumas,2021-02-01,23,1513,4,507,19,1006,0,0,15,1035,8,239,15,1274,California
Plumas,2021-02-02,24,1537,4,511,20,1026,0,0,4,1019,20,259,4,1278,California
Plumas,2021-02-03,129,1666,8,519,121,1147,0,0,14,919,114,373,14,1292,California
Plumas,2021-02-04,102,1768,8,527,94,1241,0,0,23,863,79,452,23,1315,California
Plumas,2021-02-05,25,1793,11,538,14,1255,0,0,10,858,15,467,10,1325,California
Plumas,2021-02-06,8,1801,1,539,7,1262,0,0,8,866,0,467,8,1333,California
Plumas,2021-02-08,14,1815,5,544,9,1271,0,0,2,856,12,479,2,1335,California
Plumas,2021-02-09,172,1987,2,546,170,1441,0,0,112,908,60,539,112,1447,California
Plumas,2021-02-10,88,2075,9,555,79,1520,0,0,80,981,8,547,81,1528,California
Plumas,2021-02-11,323,2398,6,561,317,1837,0,0,263,1184,60,607,263,1791,California
Plumas,2021-02-12,125,2523,4,565,121,1958,0,0,119,1297,6,613,119,1910,California
Plumas,2021-02-13,76,2599,6,571,70,2028,0,0,15,1251,61,674,15,1925,California
Plumas,2021-02-14,8,2607,5,576,3,2031,0,0,8,1259,0,674,8,1933,California
Plumas,2021-02-15,26,2633,5,581,21,2052,0,0,23,1279,3,677,23,1956,California
Plumas,2021-02-16,78,2711,4,585,74,2126,0,0,14,1229,64,741,14,1970,California
Plumas,2021-02-17,137,2848,5,590,132,2258,0,0,12,1116,125,866,12,1982,California
Plumas,2021-02-18,129,2977,6,596,123,2381,0,0,20,1028,109,975,21,2003,California
Plumas,2021-02-19,43,3020,6,602,37,2418,0,0,7,999,36,1011,7,2010,California
Plumas,2021-02-20,105,3125,7,609,98,2516,0,0,13,920,92,1103,13,2023,California
Plumas,2021-02-21,6,3131,5,614,1,2517,0,0,2,918,4,1107,2,2025,California
Plumas,2021-02-22,7,3138,3,617,4,2521,0,0,1,913,6,1113,1,2026,California
Plumas,2021-02-23,24,3162,5,622,19,2540,0,0,17,923,7,1120,17,2043,California
Plumas,2021-02-24,466,3628,8,630,458,2998,0,0,453,1363,13,1133,453,2496,California
Plumas,2021-02-25,234,3862,11,641,223,3221,0,0,170,1469,64,1197,170,2666,California
Plumas,2021-02-26,268,4130,9,650,259,3480,0,0,260,1722,8,1205,261,2927,California
Plumas,2021-02-27,42,4172,4,654,38,3518,0,0,35,1750,7,1212,35,2962,California
Plumas,2021-02-28,4,4176,0,654,4,3522,0,0,2,1750,2,1214,2,2964,California
Plumas,2021-03-01,23,4199,6,660,16,3538,1,1,12,1753,10,1224,13,2977,California
Plumas,2021-03-02,10,4209,0,660,10,3548,0,1,7,1758,2,1226,7,2984,California
Plumas,2021-03-03,156,4365,11,671,145,3693,0,1,139,1880,17,1243,139,3123,California
Plumas,2021-03-04,254,4619,9,680,245,3938,0,1,231,2088,23,1266,231,3354,California
Plumas,2021-03-05,399,5018,6,686,388,4326,5,6,387,2468,12,1278,392,3746,California
Plumas,2021-03-06,21,5039,2,688,11,4337,8,14,4,2463,17,1295,12,3758,California
Plumas,2021-03-07,13,5052,2,690,2,4339,9,23,3,2465,10,1305,12,3770,California
Plumas,2021-03-08,30,5082,3,693,3,4342,24,47,3,2466,27,1332,28,3798,California
Plumas,2021-03-09,133,5215,2,695,116,4458,15,62,18,2384,115,1447,33,3831,California
Plumas,2021-03-10,255,5470,3,698,238,4696,14,76,107,2358,147,1594,121,3952,California
Plumas,2021-03-11,177,5647,8,706,164,4860,5,81,142,2470,35,1629,147,4099,California
Plumas,2021-03-12,594,6241,4,710,303,5163,287,368,22,2207,572,2201,309,4408,California
Plumas,2021-03-13,28,6269,5,715,12,5175,11,379,7,2204,21,2222,18,4426,California
Plumas,2021-03-14,12,6281,3,718,4,5179,5,384,1,2200,10,2232,6,4432,California
Plumas,2021-03-15,32,6313,1,719,24,5203,7,391,6,2187,26,2258,13,4445,California
Plumas,2021-03-16,61,6374,3,722,57,5260,1,392,49,2226,11,2269,50,4495,California
Plumas,2021-03-17,76,6450,10,732,65,5325,1,393,59,2270,16,2285,60,4555,California
Plumas,2021-03-18,61,6511,7,739,38,5363,16,409,14,2253,47,2332,30,4585,California
Plumas,2021-03-19,165,6676,7,746,156,5519,2,411,155,2403,8,2340,158,4743,California
Plumas,2021-03-20,700,7376,4,750,695,6214,1,412,678,3062,20,2360,679,5422,California
Plumas,2021-03-21,2,7378,1,751,1,6215,0,412,1,3063,0,2360,1,5423,California
Plumas,2021-03-22,183,7561,2,753,181,6396,0,412,175,3231,7,2367,175,5598,California
Plumas,2021-03-23,28,7589,2,755,26,6422,0,412,14,3231,14,2381,14,5612,California
Plumas,2021-03-24,657,8246,6,761,650,7072,1,413,216,3009,440,2821,218,5830,California
Plumas,2021-03-25,310,8556,7,768,301,7373,2,415,166,3031,144,2965,166,5996,California
Plumas,2021-03-26,315,8871,9,777,306,7679,0,415,46,2809,268,3233,46,6042,California
Plumas,2021-03-27,14,8885,1,778,12,7691,1,416,3,2802,11,3244,4,6046,California
Plumas,2021-03-28,6,8891,3,781,2,7693,1,417,3,2803,3,3247,4,6050,California
Plumas,2021-03-29,12,8903,4,785,7,7700,1,418,4,2800,8,3255,5,6055,California
Plumas,2021-03-30,152,9055,3,788,148,7848,1,419,25,2699,127,3382,26,6081,California
Plumas,2021-03-31,297,9352,4,792,292,8140,1,420,272,2947,25,3407,273,6354,California
Plumas,2021-04-01,309,9661,12,804,296,8436,1,421,66,2773,240,3647,66,6420,California
Plumas,2021-04-02,377,10038,5,809,371,8807,1,422,31,2471,334,3981,32,6452,California
Plumas,2021-04-03,16,10054,3,812,5,8812,8,430,2,2467,14,3995,10,6462,California
Plumas,2021-04-04,3,10057,1,813,1,8813,1,431,0,2465,3,3998,1,6463,California
Plumas,2021-04-05,12,10069,4,817,7,8820,1,432,4,2463,7,4005,5,6468,California
Plumas,2021-04-06,121,10190,6,823,89,8909,26,458,14,2396,106,4111,39,6507,California
Plumas,2021-04-07,284,10474,8,831,99,9008,177,635,29,2347,255,4366,206,6713,California
Plumas,2021-04-08,150,10624,4,835,131,9139,15,650,35,2282,114,4480,49,6762,California
Plumas,2021-04-09,52,10676,10,845,24,9163,18,668,18,2283,34,4514,35,6797,California
Plumas,2021-04-10,25,10701,2,847,6,9169,17,685,5,2285,20,4534,22,6819,California
Plumas,2021-04-11,5,10706,3,850,1,9170,1,686,3,2288,1,4535,4,6823,California
Plumas,2021-04-12,13,10719,5,855,5,9175,3,689,7,2293,5,4540,10,6833,California
Plumas,2021-04-13,211,10930,5,860,206,9381,0,689,141,2364,70,4610,141,6974,California
Plumas,2021-04-14,111,11041,8,868,103,9484,0,689,56,2366,54,4664,56,7030,California
Plumas,2021-04-15,53,11094,2,870,51,9535,0,689,33,2380,19,4683,33,7063,California
Plumas,2021-04-16,142,11236,2,872,140,9675,0,689,2,2242,140,4823,2,7065,California
Plumas,2021-04-17,672,11908,2,874,670,10345,0,689,18,1609,651,5474,18,7083,California
Plumas,2021-04-18,4,11912,3,877,1,10346,0,689,1,1607,3,5477,1,7084,California
Plumas,2021-04-19,38,11950,3,880,35,10381,0,689,5,1579,33,5510,5,7089,California
Plumas,2021-04-20,43,11993,5,885,38,10419,0,689,27,1591,15,5525,27,7116,California
Plumas,2021-04-21,311,12304,5,890,305,10724,1,690,18,1316,293,5818,18,7134,California
Plumas,2021-04-22,276,12580,8,898,268,10992,0,690,126,1292,150,5968,126,7260,California
Plumas,2021-04-23,73,12653,6,904,67,11059,0,690,16,1251,57,6025,16,7276,California
Plumas,2021-04-24,171,12824,5,909,166,11225,0,690,144,1369,26,6051,144,7420,California
Plumas,2021-04-26,30,12854,4,913,26,11251,0,690,8,1356,21,6072,8,7428,California
Plumas,2021-04-27,94,12948,3,916,91,11342,0,690,57,1376,37,6109,57,7485,California
Plumas,2021-04-28,286,13234,4,920,282,11624,0,690,38,1168,246,6355,38,7523,California
Plumas,2021-04-29,172,13406,69,989,103,11727,0,690,118,1232,54,6409,118,7641,California
Plumas,2021-04-30,21,13427,10,999,11,11738,0,690,5,1221,16,6425,5,7646,California
Plumas,2021-05-01,7,13434,1,1000,5,11743,1,691,1,1219,4,6429,2,7648,California
Plumas,2021-05-02,3,13437,3,1003,0,11743,0,691,1,1218,2,6431,1,7649,California
Plumas,2021-05-03,20,13457,7,1010,7,11750,6,697,6,1218,12,6443,12,7661,California
Plumas,2021-05-04,33,13490,5,1015,22,11772,6,703,19,1230,13,6456,25,7686,California
Plumas,2021-05-05,49,13539,6,1021,42,11814,1,704,22,1226,27,6483,23,7709,California
Plumas,2021-05-06,61,13600,2,1023,54,11868,5,709,19,1208,42,6525,24,7733,California
Plumas,2021-05-07,22,13622,5,1028,16,11884,1,710,8,1203,14,6539,9,7742,California
Plumas,2021-05-08,6,13628,0,1028,4,11888,2,712,4,1207,2,6541,6,7748,California
Plumas,2021-05-10,51,13679,1,1029,27,11915,23,735,23,1225,28,6569,46,7794,California
Plumas,2021-05-11,163,13842,3,1032,141,12056,19,754,12,1105,151,6720,31,7825,California
Plumas,2021-05-12,100,13942,2,1034,90,12146,8,762,37,1088,62,6782,45,7870,California
Plumas,2021-05-13,36,13978,3,1037,31,12177,2,764,14,1082,22,6804,16,7886,California
Plumas,2021-05-14,20,13998,4,1041,11,12188,5,769,10,1087,10,6814,15,7901,California
Plumas,2021-05-15,10,14008,4,1045,4,12192,2,771,4,1087,6,6820,6,7907,California
Plumas,2021-05-16,2,14010,1,1046,1,12193,0,771,1,1087,1,6821,1,7908,California
Plumas,2021-05-17,14,14024,0,1046,5,12198,9,780,5,1092,9,6830,14,7922,California
Plumas,2021-05-18,44,14068,7,1053,36,12234,1,781,24,1097,20,6850,25,7947,California
Plumas,2021-05-19,47,14115,3,1056,30,12264,14,795,12,1089,35,6885,27,7974,California
Plumas,2021-05-20,191,14306,136,1192,44,12308,11,806,78,1067,111,6996,89,8063,California
Plumas,2021-05-21,29,14335,8,1200,14,12322,7,813,14,1073,15,7011,21,8084,California
Plumas,2021-05-22,137,14472,1,1201,136,12458,0,813,7,952,128,7139,7,8091,California
Plumas,2021-05-23,1,14473,1,1202,0,12458,0,813,0,951,1,7140,0,8091,California
Plumas,2021-05-24,51,14524,37,1239,13,12471,1,814,41,984,9,7149,42,8133,California
Plumas,2021-05-25,68,14592,3,1242,64,12535,1,815,15,947,53,7202,16,8149,California
Plumas,2021-05-26,41,14633,7,1249,27,12562,7,822,17,948,23,7225,24,8173,California
Plumas,2021-05-27,100,14733,25,1274,62,12624,13,835,41,944,58,7283,54,8227,California
Plumas,2021-05-28,42,14775,14,1288,26,12650,2,837,22,949,19,7302,24,8251,California
Plumas,2021-05-29,8,14783,0,1288,8,12658,0,837,6,954,2,7304,7,8258,California
Plumas,2021-05-30,1,14784,0,1288,1,12659,0,837,0,954,0,7304,0,8258,California
Plumas,2021-05-31,7,14791,0,1288,4,12663,3,840,0,952,5,7309,3,8261,California
Plumas,2021-06-01,32,14823,7,1295,20,12683,5,845,9,944,23,7332,15,8276,California
Plumas,2021-06-02,59,14882,6,1301,31,12714,22,867,10,927,49,7381,32,8308,California
Plumas,2021-06-03,66,14948,17,1318,39,12753,10,877,27,925,39,7420,37,8345,California
Plumas,2021-06-04,15,14963,3,1321,11,12764,1,878,8,929,5,7425,9,8354,California
Plumas,2021-06-05,7,14970,3,1324,4,12768,0,878,2,926,5,7430,2,8356,California
Plumas,2021-06-06,2,14972,1,1325,1,12769,0,878,0,924,2,7432,0,8356,California
Plumas,2021-06-07,37,15009,5,1330,25,12794,7,885,9,912,28,7460,16,8372,California
Plumas,2021-06-08,28,15037,9,1339,17,12811,2,887,6,898,22,7482,8,8380,California
Plumas,2021-06-09,42,15079,5,1344,34,12845,3,890,9,877,33,7515,12,8392,California
Plumas,2021-06-10,36,15115,15,1359,17,12862,4,894,12,870,23,7538,16,8408,California
Plumas,2021-06-11,25,15140,13,1372,9,12871,3,897,8,864,17,7555,11,8419,California
Plumas,2021-06-12,11,15151,3,1375,7,12878,1,898,6,866,5,7560,7,8426,California
Plumas,2021-06-13,3,15154,1,1376,2,12880,0,898,3,869,0,7560,3,8429,California
Plumas,2021-06-14,97,15251,88,1464,6,12886,3,901,13,801,84,7644,16,8445,California
Plumas,2021-06-15,29,15280,7,1471,20,12906,2,903,9,792,20,7664,11,8456,California
Plumas,2021-06-16,33,15313,11,1482,13,12919,9,912,9,786,24,7688,18,8474,California
Plumas,2021-06-17,49,15362,30,1512,15,12934,4,916,11,764,37,7725,15,8489,California
Plumas,2021-06-18,39,15401,17,1529,14,12948,8,924,13,758,26,7751,20,8509,California
Plumas,2021-06-19,9,15410,2,1531,7,12955,0,924,2,753,7,7758,2,8511,California
Plumas,2021-06-21,9,15419,4,1535,4,12959,1,925,5,755,4,7762,6,8517,California
Plumas,2021-06-22,29,15448,11,1546,16,12975,2,927,9,746,20,7782,11,8528,California
Plumas,2021-06-23,27,15475,15,1561,9,12984,3,930,15,752,12,7794,18,8546,California
Plumas,2021-06-24,30,15505,19,1580,8,12992,3,933,14,753,15,7809,16,8562,California
Plumas,2021-06-25,22,15527,9,1589,11,13003,2,935,8,751,12,7821,10,8572,California
Plumas,2021-06-26,13,15540,4,1593,8,13011,1,936,3,745,10,7831,4,8576,California
Plumas,2021-06-28,10,15550,4,1597,2,13013,4,940,2,743,8,7839,6,8582,California
Plumas,2021-06-29,24,15574,16,1613,7,13020,1,941,11,742,13,7852,12,8594,California
Plumas,2021-06-30,22,15596,9,1622,9,13029,4,945,8,740,14,7866,12,8606,California
Plumas,2021-07-01,41,15637,27,1649,10,13039,4,949,21,745,20,7886,25,8631,California
Plumas,2021-07-02,17,15654,13,1662,4,13043,0,949,4,736,13,7899,4,8635,California
Plumas,2021-07-03,1,15655,0,1662,1,13044,0,949,1,737,0,7899,1,8636,California
Plumas,2021-07-06,15,15670,10,1672,3,13047,2,951,3,730,12,7911,5,8641,California
Riverside,2020-12-15,7,7,7,7,0,0,0,0,7,7,0,0,7,7,California
Riverside,2020-12-16,96,103,96,103,0,0,0,0,96,103,0,0,96,103,California
Riverside,2020-12-17,836,939,836,939,0,0,0,0,836,939,0,0,836,939,California
Riverside,2020-12-18,1782,2721,1781,2720,1,1,0,0,1782,2721,0,0,1782,2721,California
Riverside,2020-12-19,1055,3776,1052,3772,3,4,0,0,1053,3773,1,1,1053,3774,California
Riverside,2020-12-20,1114,4890,1113,4885,1,5,0,0,1114,4887,0,1,1114,4888,California
Riverside,2020-12-21,2343,7233,2341,7226,2,7,0,0,2343,7230,0,1,2343,7231,California
Riverside,2020-12-22,2296,9529,2249,9475,47,54,0,0,2295,9525,0,1,2295,9526,California
Riverside,2020-12-23,2164,11693,1820,11295,344,398,0,0,2165,11690,0,1,2165,11691,California
Riverside,2020-12-24,859,12552,655,11950,204,602,0,0,859,12549,0,1,859,12550,California
Riverside,2020-12-25,41,12593,18,11968,23,625,0,0,40,12589,0,1,40,12590,California
Riverside,2020-12-26,490,13083,270,12238,220,845,0,0,490,13079,0,1,490,13080,California
Riverside,2020-12-27,398,13481,268,12506,130,975,0,0,397,13475,1,2,397,13477,California
Riverside,2020-12-28,1716,15197,1194,13700,522,1497,0,0,1716,15191,0,2,1716,15193,California
Riverside,2020-12-29,1810,17007,1025,14725,785,2282,0,0,1810,17001,0,2,1810,17003,California
Riverside,2020-12-30,2654,19661,1725,16450,929,3211,0,0,2652,19652,1,3,2652,19655,California
Riverside,2020-12-31,1082,20743,422,16872,660,3871,0,0,1083,20734,1,4,1083,20738,California
Riverside,2021-01-01,134,20877,58,16930,76,3947,0,0,134,20868,0,4,134,20872,California
Riverside,2021-01-02,896,21773,708,17638,188,4135,0,0,896,21764,0,4,896,21768,California
Riverside,2021-01-03,359,22132,305,17943,54,4189,0,0,358,22122,0,4,358,22126,California
Riverside,2021-01-04,1305,23437,811,18754,494,4683,0,0,1304,23426,0,4,1304,23430,California
Riverside,2021-01-05,2062,25499,1416,20170,646,5329,0,0,1938,25247,117,121,1938,25368,California
Riverside,2021-01-06,2598,28097,1160,21330,1438,6767,0,0,2255,27165,337,458,2255,27623,California
Riverside,2021-01-07,2885,30982,1886,23216,999,7766,0,0,1770,27831,1107,1565,1773,29396,California
Riverside,2021-01-08,4125,35107,2981,26197,1144,8910,0,0,2262,28235,1858,3423,2262,31658,California
Riverside,2021-01-09,2138,37245,878,27075,1260,10170,0,0,1760,29619,376,3799,1760,33418,California
Riverside,2021-01-10,1696,38941,751,27826,945,11115,0,0,1080,30083,616,4415,1080,34498,California
Riverside,2021-01-11,4624,43565,3161,30987,1463,12578,0,0,2844,31149,1778,6193,2844,37342,California
Riverside,2021-01-12,3524,47089,2783,33770,741,13319,0,0,1807,31247,1712,7905,1810,39152,California
Riverside,2021-01-13,4591,51680,3002,36772,1589,14908,0,0,2946,32552,1641,9546,2946,42098,California
Riverside,2021-01-14,5801,57481,2056,38828,3745,18653,0,0,5170,37095,629,10175,5172,47270,California
Riverside,2021-01-15,6287,63768,2108,40936,4179,22832,0,0,5951,42713,334,10509,5952,53222,California
Riverside,2021-01-16,3723,67491,1036,41972,2687,25519,0,0,3461,45913,262,10771,3462,56684,California
Riverside,2021-01-17,3664,71155,605,42577,3059,28578,0,0,3455,49161,207,10978,3455,60139,California
Riverside,2021-01-18,3865,75020,2106,44683,1759,30337,0,0,2817,50932,1047,12025,2818,62957,California
Riverside,2021-01-19,7540,82560,2679,47362,4861,35198,0,0,6393,56184,1146,13171,6398,69355,California
Riverside,2021-01-20,8473,91033,3268,50630,5205,40403,0,0,6797,61324,1663,14834,6803,76158,California
Riverside,2021-01-21,8566,99599,3575,54205,4991,45394,0,0,7860,68478,707,15541,7861,84019,California
Riverside,2021-01-22,8972,108571,3055,57260,5917,51311,0,0,8494,76498,476,16017,8496,92515,California
Riverside,2021-01-23,6076,114647,2356,59616,3720,55031,0,0,5265,80954,810,16827,5266,97781,California
Riverside,2021-01-24,3117,117764,1438,61054,1679,56710,0,0,2892,83626,221,17048,2893,100674,California
Riverside,2021-01-25,8038,125802,4595,65649,3443,60153,0,0,6866,89325,1169,18217,6868,107542,California
Riverside,2021-01-26,9237,135039,5720,71369,3517,63670,0,0,7698,95488,1536,19753,7699,115241,California
Riverside,2021-01-27,11119,146158,6417,77786,4702,68372,0,0,9471,103320,1642,21395,9474,124715,California
Riverside,2021-01-28,11739,157897,6819,84605,4920,73292,0,0,10536,112665,1194,22589,10539,135254,California
Riverside,2021-01-29,12107,170004,7311,91916,4796,78088,0,0,10707,122002,1376,23965,10713,145967,California
Riverside,2021-01-30,9195,179199,4619,96535,4576,82664,0,0,8691,130194,500,24465,8692,154659,California
Riverside,2021-01-31,5189,184388,4222,100757,967,83631,0,0,5044,135100,143,24608,5049,159708,California
Riverside,2021-02-01,11491,195879,7157,107914,4334,87965,0,0,9466,142554,2016,26624,9470,169178,California
Riverside,2021-02-02,9699,205578,4878,112792,4821,92786,0,0,8181,149237,1504,28128,8187,177365,California
Riverside,2021-02-03,12419,217997,5182,117974,7237,100023,0,0,9956,156745,2453,30581,9961,187326,California
Riverside,2021-02-04,13773,231770,6062,124036,7711,107734,0,0,11605,166201,2157,32738,11613,198939,California
Riverside,2021-02-05,14700,246470,5566,129602,9134,116868,0,0,11443,174404,3248,35986,11451,210390,California
Riverside,2021-02-06,7354,253824,4276,133878,3078,119946,0,0,5685,178435,1658,37644,5689,216079,California
Riverside,2021-02-07,2225,256049,811,134689,1414,121360,0,0,1886,179991,337,37981,1893,217972,California
Riverside,2021-02-08,12613,268662,5590,140279,7023,128383,0,0,10218,187846,2377,40358,10232,228204,California
Riverside,2021-02-09,9825,278487,4564,144843,5261,133644,0,0,7788,193635,2020,42378,7809,236013,California
Riverside,2021-02-10,12276,290763,7023,151866,5253,138897,0,0,8966,199323,3297,45675,8985,244998,California
Riverside,2021-02-11,16896,307659,9103,160969,7793,146690,0,0,12212,206912,4660,50335,12249,257247,California
Riverside,2021-02-12,18067,325726,10925,171894,7142,153832,0,0,12953,214830,5063,55398,12981,270228,California
Riverside,2021-02-13,6441,332167,2174,174068,4267,158099,0,0,3112,214659,3314,58712,3143,273371,California
Riverside,2021-02-14,5039,337206,1186,175254,3853,161952,0,0,2260,214159,2773,61485,2273,275644,California
Riverside,2021-02-15,10027,347233,5124,180378,4903,166855,0,0,5530,215225,4481,65966,5547,281191,California
Riverside,2021-02-16,16390,363623,10239,190617,6151,173006,0,0,9409,217691,6969,72935,9435,290626,California
Riverside,2021-02-17,15378,379001,8424,199041,6954,179960,0,0,7623,217631,7738,80673,7678,298304,California
Riverside,2021-02-18,15801,394802,9070,208111,6731,186691,0,0,8108,218116,7666,88339,8151,306455,California
Riverside,2021-02-19,15696,410498,8425,216536,7271,193962,0,0,7389,217257,8276,96615,7417,313872,California
Riverside,2021-02-20,8587,419085,4641,221177,3946,197908,0,0,2262,213226,6303,102918,2272,316144,California
Riverside,2021-02-21,4590,423675,4048,225225,542,198450,0,0,1295,211263,3270,106188,1307,317451,California
Riverside,2021-02-22,12855,436530,8133,233358,4722,203172,0,0,5092,208625,7742,113930,5104,322555,California
Riverside,2021-02-23,11709,448239,7937,241295,3772,206944,0,0,5667,208317,6005,119935,5697,328252,California
Riverside,2021-02-24,15338,463577,8383,249678,6955,213899,0,0,6478,206043,8809,128744,6535,334787,California
Riverside,2021-02-25,17787,481364,7604,257282,10183,224082,0,0,8218,204794,9537,138281,8288,343075,California
Riverside,2021-02-26,18984,500348,6866,264148,12118,236200,0,0,9459,204862,9457,147738,9525,352600,California
Riverside,2021-02-27,12201,512549,5645,269793,6556,242756,0,0,5801,204354,6366,154104,5858,358458,California
Riverside,2021-02-28,5004,517553,3293,273086,1711,244467,0,0,2482,204359,2508,156612,2513,360971,California
Riverside,2021-03-01,14510,532063,6182,279268,8322,252789,6,6,8521,206999,5941,162553,8581,369552,California
Riverside,2021-03-02,15567,547630,7605,286873,7961,260750,1,7,9095,209703,6444,168997,9148,378700,California
Riverside,2021-03-03,17277,564907,8553,295426,8724,269474,0,7,7523,207688,9698,178695,7683,386383,California
Riverside,2021-03-04,19026,583933,7567,302993,11454,280928,5,12,9055,207024,9920,188615,9256,395639,California
Riverside,2021-03-05,19155,603088,7703,310696,11406,292334,46,58,9444,207175,9657,198272,9808,405447,California
Riverside,2021-03-06,9646,612734,5106,315802,4056,296390,484,542,4778,207634,4851,203123,5310,410757,California
Riverside,2021-03-07,4331,617065,2794,318596,1145,297535,392,934,2025,207790,2294,205417,2450,413207,California
Riverside,2021-03-08,12148,629213,4838,323434,6897,304432,413,1347,5415,206989,6709,212126,5908,419115,California
Riverside,2021-03-09,15033,644246,7020,330454,7504,311936,509,1856,5948,204537,9061,221187,6609,425724,California
Riverside,2021-03-10,16168,660414,8674,339128,6558,318494,936,2792,6266,202068,9855,231042,7386,433110,California
Riverside,2021-03-11,19599,680013,9593,348721,8132,326626,1874,4666,7647,199907,11908,242950,9747,442857,California
Riverside,2021-03-12,21359,701372,8002,356723,8600,335226,4757,9423,7048,197778,14264,257214,12135,454992,California
Riverside,2021-03-13,8621,709993,2580,359303,4806,340032,1235,10658,4387,199297,4207,261421,5726,460718,California
Riverside,2021-03-14,4837,714830,1663,360966,1799,341831,1375,12033,2112,200084,2708,264129,3495,464213,California
Riverside,2021-03-15,18802,733632,7921,368887,9209,351040,1672,13705,9150,201421,9603,273732,10940,475153,California
Riverside,2021-03-16,21133,754765,10282,379169,10033,361073,818,14523,11382,204028,9706,283438,12313,487466,California
Riverside,2021-03-17,21591,776356,11081,390250,9444,370517,1066,15589,12876,209372,8666,292104,14010,501476,California
Riverside,2021-03-18,23123,799479,11993,402243,9451,379968,1679,17268,12669,213341,10395,302499,14364,515840,California
Riverside,2021-03-19,24339,823818,12779,415022,10585,390553,975,18243,14124,218654,10154,312653,15467,531307,California
Riverside,2021-03-20,10942,834760,6957,421979,2774,393327,1211,19454,6977,222929,3926,316579,8201,539508,California
Riverside,2021-03-21,3939,838699,3040,425019,621,393948,278,19732,2610,224518,1305,317884,2894,542402,California
Riverside,2021-03-22,16800,855499,10017,435036,6229,400177,554,20286,10619,229575,6118,324002,11175,553577,California
Riverside,2021-03-23,18787,874286,10618,445654,7746,407923,423,20709,11940,235181,6784,330786,12390,565967,California
Riverside,2021-03-24,18897,893183,10525,456179,8250,416173,122,20831,12857,242203,5982,336768,13004,578971,California
Riverside,2021-03-25,21290,914473,11733,467912,9370,425543,187,21018,14167,249532,7042,343810,14371,593342,California
Riverside,2021-03-26,24300,938773,12002,479914,12123,437666,175,21193,15047,255629,9141,352951,15238,608580,California
Riverside,2021-03-27,9398,948171,4917,484831,3427,441093,1054,22247,4842,257005,4526,357477,5902,614482,California
Riverside,2021-03-28,4814,952985,3158,487989,1561,442654,95,22342,2857,258017,1944,359421,2956,617438,California
Riverside,2021-03-29,17756,970741,8477,496466,9152,451806,127,22469,10939,262337,6767,366188,11087,628525,California
Riverside,2021-03-30,18457,989198,9610,506076,8636,460442,211,22680,11733,267607,6679,372867,11949,640474,California
Riverside,2021-03-31,18258,1007456,8488,514564,9444,469886,326,23006,11391,272522,6814,379681,11729,652203,California
Riverside,2021-04-01,25727,1033183,12566,527130,12357,482243,804,23810,16509,280707,9132,388813,17317,669520,California
Riverside,2021-04-02,26281,1059464,14115,541245,11181,493424,985,24795,16413,288526,9801,398614,17620,687140,California
Riverside,2021-04-03,9460,1068924,5998,547243,2847,496271,615,25410,6081,291863,3358,401972,6695,693835,California
Riverside,2021-04-04,3443,1072367,2080,549323,1096,497367,267,25677,1719,292140,1711,403683,1988,695823,California
Riverside,2021-04-05,18631,1090998,9507,558830,7237,504604,1887,27564,9988,295425,8597,412280,11882,707705,California
Riverside,2021-04-06,23941,1114939,12439,571269,9329,513933,2173,29737,13344,300387,10544,422824,15506,723211,California
Riverside,2021-04-07,25074,1140013,13487,584756,9048,522981,2539,32276,13924,305752,11097,433921,16462,739673,California
Riverside,2021-04-08,27668,1167681,15256,600012,9367,532348,3045,35321,16833,314855,10761,444682,19864,759537,California
Riverside,2021-04-09,26547,1194228,15588,615600,8434,540782,2525,37846,16133,323185,10359,455041,18689,778226,California
Riverside,2021-04-10,12162,1206390,6811,622411,3925,544707,1426,39272,5323,323135,6793,461834,6743,784969,California
Riverside,2021-04-11,4700,1211090,2794,625205,1265,545972,641,39913,2201,323498,2484,464318,2847,787816,California
Riverside,2021-04-12,20302,1231392,9041,634246,8594,554566,2667,42580,10150,326211,10109,474427,12822,800638,California
Riverside,2021-04-13,20273,1251665,11345,645591,8900,563466,28,42608,11602,329221,8628,483055,11638,812276,California
Riverside,2021-04-14,22498,1274163,12409,658000,10074,573540,15,42623,11024,328880,11402,494457,11061,823337,California
Riverside,2021-04-15,22301,1296464,12620,670620,9673,583213,8,42631,11770,330211,10458,504915,11789,835126,California
Riverside,2021-04-16,25435,1321899,14690,685310,10739,593952,6,42637,11815,328488,13557,518472,11834,846960,California
Riverside,2021-04-17,10023,1331922,6611,691921,3412,597364,0,42637,5017,328536,4979,523451,5027,851987,California
Riverside,2021-04-18,4225,1336147,3143,695064,1075,598439,7,42644,1956,328258,2251,525702,1973,853960,California
Riverside,2021-04-19,19769,1355916,11745,706809,8021,606460,3,42647,7109,322776,12607,538309,7125,861085,California
Riverside,2021-04-20,19579,1375495,10551,717360,9019,615479,9,42656,7987,319239,11540,549849,8003,869088,California
Riverside,2021-04-21,20894,1396389,12349,729709,8535,624014,10,42666,8400,315248,12413,562262,8422,877510,California
Riverside,2021-04-22,23898,1420287,14115,743824,9779,633793,4,42670,8947,309331,14879,577141,8962,886472,California
Riverside,2021-04-23,23844,1444131,14168,757992,9662,643455,14,42684,9342,304270,14438,591579,9377,895849,California
Riverside,2021-04-24,10541,1454672,7328,765320,3204,646659,9,42693,4830,303443,5669,597248,4842,900691,California
Riverside,2021-04-25,4256,1458928,2827,768147,1422,648081,7,42700,2203,303620,2035,599283,2212,902903,California
Riverside,2021-04-26,17403,1476331,10953,779100,6391,654472,59,42759,5927,298193,11429,610712,6002,908905,California
Riverside,2021-04-27,18630,1494961,10705,789805,7718,662190,207,42966,6496,292820,12085,622797,6712,915617,California
Riverside,2021-04-28,16924,1511885,9232,799037,7427,669617,265,43231,5754,287744,11105,633902,6029,921646,California
Riverside,2021-04-29,19153,1531038,11818,810855,6982,676599,353,43584,5577,280168,13505,647407,5929,927575,California
Riverside,2021-04-30,20337,1551375,11862,822717,8087,684686,388,43972,6657,273591,13623,661030,7046,934621,California
Riverside,2021-05-01,6888,1558263,4941,827658,1762,686448,185,44157,2366,271648,4493,665523,2550,937171,California
Riverside,2021-05-02,3395,1561658,2219,829877,967,687415,209,44366,1091,270670,2285,667808,1307,938478,California
Riverside,2021-05-03,18073,1579731,11100,840977,6476,693891,497,44863,4180,261520,13825,681633,4675,943153,California
Riverside,2021-05-04,17774,1597505,11382,852359,5928,699819,464,45327,5006,254310,12692,694325,5482,948635,California
Riverside,2021-05-05,16358,1613863,9434,861793,6550,706369,374,45701,4728,247862,11570,705895,5122,953757,California
Riverside,2021-05-06,18353,1632216,10448,872241,7489,713858,416,46117,4705,239455,13567,719462,5160,958917,California
Riverside,2021-05-07,20780,1652996,11887,884128,8447,722305,446,46563,5529,230268,15165,734627,5978,964895,California
Riverside,2021-05-08,7107,1660103,4725,888853,2119,724424,263,46826,2657,228782,4414,739041,2928,967823,California
Riverside,2021-05-09,2497,1662600,1697,890550,647,725071,153,46979,927,228309,1561,740602,1088,968911,California
Riverside,2021-05-10,10152,1672752,5207,895757,4550,729621,395,47374,2866,224339,7236,747838,3266,972177,California
Riverside,2021-05-11,14354,1687106,8756,904513,5071,734692,527,47901,4015,218644,10253,758091,4558,976735,California
Riverside,2021-05-12,13069,1700175,6721,911234,6015,740707,333,48234,3937,213834,9080,767171,4270,981005,California
Riverside,2021-05-13,15251,1715426,9336,920570,5633,746340,282,48516,5408,209747,9790,776961,5703,986708,California
Riverside,2021-05-14,18250,1733676,11567,932137,5888,752228,795,49311,7107,206577,11070,788031,7900,994608,California
Riverside,2021-05-15,9897,1743573,7128,939265,2372,754600,397,49708,5095,207298,4771,792802,5492,1000100,California
Riverside,2021-05-16,3724,1747297,2763,942028,843,755443,118,49826,1869,207443,1841,794643,1986,1002086,California
Riverside,2021-05-17,11820,1759117,7607,949635,3858,759301,355,50181,5087,206190,6700,801343,5447,1007533,California
Riverside,2021-05-18,15256,1774373,9480,959115,5417,764718,359,50540,6157,203655,9051,810394,6516,1014049,California
Riverside,2021-05-19,12238,1786611,7737,966852,4256,768974,245,50785,5898,203515,6287,816681,6147,1020196,California
Riverside,2021-05-20,11953,1798564,7509,974361,4184,773158,260,51045,5318,202511,6586,823267,5582,1025778,California
Riverside,2021-05-21,14480,1813044,8926,983287,5230,778388,324,51369,6059,200544,8352,831619,6385,1032163,California
Riverside,2021-05-22,7231,1820275,4897,988184,2137,780525,197,51566,3870,201291,3321,834940,4068,1036231,California
Riverside,2021-05-23,2755,1823030,1842,990026,836,781361,77,51643,1294,201215,1446,836386,1370,1037601,California
Riverside,2021-05-24,8881,1831911,5808,995834,2759,784120,314,51957,3963,200608,4883,841269,4276,1041877,California
Riverside,2021-05-25,9733,1841644,5794,1001628,3666,787786,273,52230,3878,198946,5816,847085,4154,1046031,California
Riverside,2021-05-26,8926,1850570,5535,1007163,3060,790846,331,52561,3897,198201,4978,852063,4233,1050264,California
Riverside,2021-05-27,8568,1859138,5128,1012291,3203,794049,237,52798,3879,197684,4638,856701,4121,1054385,California
Riverside,2021-05-28,10779,1869917,6522,1018813,3942,797991,315,53113,4963,197216,5753,862454,5285,1059670,California
Riverside,2021-05-29,5052,1874969,3438,1022251,1487,799478,127,53240,2817,197951,2211,864665,2946,1062616,California
Riverside,2021-05-30,1972,1876941,1425,1023676,479,799957,68,53308,1019,198093,945,865610,1087,1063703,California
Riverside,2021-05-31,878,1877819,500,1024176,345,800302,33,53341,334,197921,539,866149,367,1064070,California
Riverside,2021-06-01,9177,1886996,5664,1029840,3276,803578,237,53578,3444,195921,5679,871828,3679,1067749,California
Riverside,2021-06-02,7141,1894137,4349,1034189,2513,806091,279,53857,2742,194588,4356,876184,3023,1070772,California
Riverside,2021-06-03,7962,1902099,5297,1039486,2394,808485,271,54128,2725,192386,5194,881378,2992,1073764,California
Riverside,2021-06-04,10730,1912829,7650,1047136,2821,811306,259,54387,3715,189400,6962,888340,3976,1077740,California
Riverside,2021-06-05,6965,1919794,5141,1052277,1278,812584,546,54933,2182,187372,4759,893099,2731,1080471,California
Riverside,2021-06-06,2220,1922014,1886,1054163,283,812867,51,54984,684,186579,1529,894628,736,1081207,California
Riverside,2021-06-07,6939,1928953,5262,1059425,1446,814313,231,55215,2268,184439,4640,899268,2500,1083707,California
Riverside,2021-06-08,9059,1938012,6561,1065986,2224,816537,274,55489,2958,181626,6047,905315,3234,1086941,California
Riverside,2021-06-09,7754,1945766,5643,1071629,1815,818352,296,55785,2366,178944,5342,910657,2660,1089601,California
Riverside,2021-06-10,7592,1953358,5351,1076980,2006,820358,235,56020,2361,176342,5202,915859,2600,1092201,California
Riverside,2021-06-11,8892,1962250,6030,1083010,2570,822928,292,56312,3003,173808,5828,921687,3294,1095495,California
Riverside,2021-06-12,5349,1967599,3954,1086964,1267,824195,128,56440,1662,171948,3656,925343,1796,1097291,California
Riverside,2021-06-13,1795,1969394,1334,1088298,417,824612,44,56484,493,171196,1289,926632,537,1097828,California
Riverside,2021-06-14,6380,1975774,4568,1092866,1504,826116,308,56792,2094,169344,4250,930882,2398,1100226,California
Riverside,2021-06-15,7072,1982846,4826,1097692,1936,828052,310,57102,2643,167921,4381,935263,2958,1103184,California
Riverside,2021-06-16,6836,1989682,4709,1102401,1814,829866,313,57415,2407,166254,4386,939649,2719,1105903,California
Riverside,2021-06-17,6401,1996083,4483,1106884,1677,831543,241,57656,2381,164896,3986,943635,2628,1108531,California
Riverside,2021-06-18,8171,2004254,5906,1112790,1988,833531,277,57933,3333,163720,4791,948426,3615,1112146,California
Riverside,2021-06-19,4276,2008530,3277,1116067,843,834374,156,58089,1783,163196,2466,950892,1942,1114088,California
Riverside,2021-06-20,1502,2010032,1140,1117207,325,834699,37,58126,574,162891,917,951809,612,1114700,California
Riverside,2021-06-21,4256,2014288,2818,1120025,1163,835862,275,58401,2198,163324,2040,953849,2473,1117173,California
Riverside,2021-06-22,6335,2020623,4472,1124497,1612,837474,251,58652,2718,162720,3577,957426,2973,1120146,California
Riverside,2021-06-23,5548,2026171,3937,1128434,1354,838828,257,58909,2576,162615,2938,960364,2833,1122979,California
Riverside,2021-06-24,5393,2031564,3698,1132132,1453,840281,242,59151,2352,162204,3006,963370,2595,1125574,California
Riverside,2021-06-25,6811,2038375,4885,1137017,1645,841926,281,59432,2943,161597,3835,967205,3228,1128802,California
Riverside,2021-06-26,3806,2042181,2931,1139948,749,842675,126,59558,1752,161444,2031,969236,1878,1130680,California
Riverside,2021-06-27,1496,2043677,1204,1141152,247,842922,45,59603,692,161388,793,970029,737,1131417,California
Riverside,2021-06-28,4267,2047944,3326,1144478,721,843643,220,59823,2005,161384,2233,972262,2229,1133646,California
Riverside,2021-06-29,5625,2053569,4167,1148645,1281,844924,177,60000,2571,161117,3017,975279,2750,1136396,California
Riverside,2021-06-30,4968,2058537,3665,1152310,1132,846056,171,60171,2414,161215,2485,977764,2583,1138979,California
Riverside,2021-07-01,4710,2063247,3283,1155593,1125,847181,302,60473,2206,161255,2474,980238,2514,1141493,California
Riverside,2021-07-02,5730,2068977,4259,1159852,1273,848454,198,60671,2738,161238,2952,983190,2935,1144428,California
Riverside,2021-07-03,2865,2071842,2145,1161997,640,849094,80,60751,1414,161315,1418,984608,1495,1145923,California
Riverside,2021-07-04,241,2072083,138,1162135,95,849189,8,60759,95,161274,144,984752,103,1146026,California
Riverside,2021-07-05,2556,2074639,2004,1164139,493,849682,59,60818,1244,161274,1303,986055,1303,1147329,California
Riverside,2021-07-06,3342,2077981,2429,1166568,750,850432,163,60981,1291,160704,2026,988081,1456,1148785,California
Sacramento,2020-12-15,315,315,315,315,0,0,0,0,315,315,0,0,315,315,California
Sacramento,2020-12-16,646,961,646,961,0,0,0,0,646,961,0,0,646,961,California
Sacramento,2020-12-17,705,1666,705,1666,0,0,0,0,705,1666,0,0,705,1666,California
Sacramento,2020-12-18,1118,2784,1118,2784,0,0,0,0,1118,2784,0,0,1118,2784,California
Sacramento,2020-12-19,613,3397,613,3397,0,0,0,0,613,3397,0,0,613,3397,California
Sacramento,2020-12-20,633,4030,633,4030,0,0,0,0,633,4030,0,0,633,4030,California
Sacramento,2020-12-21,1678,5708,1678,5708,0,0,0,0,1679,5709,0,0,1679,5709,California
Sacramento,2020-12-22,2105,7813,2069,7777,36,36,0,0,2105,7814,0,0,2105,7814,California
Sacramento,2020-12-23,2269,10082,2095,9872,174,210,0,0,2269,10083,0,0,2269,10083,California
Sacramento,2020-12-24,1041,11123,829,10701,212,422,0,0,1041,11124,0,0,1041,11124,California
Sacramento,2020-12-25,2,11125,1,10702,1,423,0,0,2,11126,0,0,2,11126,California
Sacramento,2020-12-26,508,11633,289,10991,219,642,0,0,508,11634,0,0,508,11634,California
Sacramento,2020-12-27,358,11991,252,11243,106,748,0,0,358,11992,0,0,358,11992,California
Sacramento,2020-12-28,1929,13920,1344,12587,585,1333,0,0,1928,13919,1,1,1928,13920,California
Sacramento,2020-12-29,1974,15894,1201,13788,773,2106,0,0,1974,15893,0,1,1974,15894,California
Sacramento,2020-12-30,2568,18462,1461,15249,1107,3213,0,0,2569,18462,0,1,2569,18463,California
Sacramento,2020-12-31,1231,19693,695,15944,536,3749,0,0,1232,19694,0,1,1232,19695,California
Sacramento,2021-01-01,82,19775,70,16014,12,3761,0,0,82,19776,0,1,82,19777,California
Sacramento,2021-01-02,572,20347,367,16381,205,3966,0,0,572,20348,0,1,572,20349,California
Sacramento,2021-01-03,412,20759,223,16604,189,4155,0,0,412,20760,0,1,412,20761,California
Sacramento,2021-01-04,1946,22705,835,17439,1111,5266,0,0,1944,22703,1,2,1944,22705,California
Sacramento,2021-01-05,2220,24925,994,18433,1226,6492,0,0,1856,24202,364,366,1863,24568,California
Sacramento,2021-01-06,2734,27659,1620,20053,1114,7606,0,0,1934,25339,797,1163,1934,26502,California
Sacramento,2021-01-07,2855,30514,1516,21569,1339,8945,0,0,1922,26332,929,2092,1922,28424,California
Sacramento,2021-01-08,3298,33812,2084,23653,1214,10159,0,0,2180,27399,1114,3206,2181,30605,California
Sacramento,2021-01-09,1298,35110,804,24457,494,10653,0,0,900,27903,396,3602,900,31505,California
Sacramento,2021-01-10,1251,36361,712,25169,539,11192,0,0,782,28218,468,4070,783,32288,California
Sacramento,2021-01-11,4372,40733,2969,28138,1403,12595,0,0,2425,28709,1946,6016,2437,34725,California
Sacramento,2021-01-12,4665,45398,3275,31413,1390,13985,0,0,2626,29303,2038,8054,2632,37357,California
Sacramento,2021-01-13,3859,49257,2232,33645,1627,15612,0,0,2434,30314,1424,9478,2435,39792,California
Sacramento,2021-01-14,4751,54008,2432,36077,2319,17931,0,0,3835,33234,915,10393,3835,43627,California
Sacramento,2021-01-15,4462,58470,2259,38336,2203,20134,0,0,3743,36259,719,11112,3744,47371,California
Sacramento,2021-01-16,2221,60691,1284,39620,937,21071,0,0,2001,38041,219,11331,2001,49372,California
Sacramento,2021-01-17,1685,62376,987,40607,698,21769,0,0,1499,39357,186,11517,1502,50874,California
Sacramento,2021-01-18,2819,65195,1723,42330,1096,22865,0,0,2230,41000,588,12105,2231,53105,California
Sacramento,2021-01-19,4986,70181,3024,45354,1962,24827,0,0,3745,43507,1240,13345,3747,56852,California
Sacramento,2021-01-20,4984,75165,3003,48357,1981,26808,0,0,3671,45870,1314,14659,3677,60529,California
Sacramento,2021-01-21,5243,80408,3013,51370,2230,29038,0,0,4272,49179,965,15624,4274,64803,California
Sacramento,2021-01-22,5034,85442,2686,54056,2348,31386,0,0,4732,53611,301,15925,4733,69536,California
Sacramento,2021-01-23,3872,89314,1561,55617,2311,33697,0,0,3408,56555,464,16389,3408,72944,California
Sacramento,2021-01-24,1639,90953,1023,56640,616,34313,0,0,1390,57697,249,16638,1391,74335,California
Sacramento,2021-01-25,4423,95376,2164,58804,2259,36572,0,0,2942,59160,1481,18119,2944,77279,California
Sacramento,2021-01-26,4779,100155,2176,60980,2603,39175,0,0,3562,61512,1212,19331,3564,80843,California
Sacramento,2021-01-27,5897,106052,3045,64025,2852,42027,0,0,4265,64153,1626,20957,4267,85110,California
Sacramento,2021-01-28,5485,111537,2739,66764,2746,44773,0,0,4377,67425,1106,22063,4378,89488,California
Sacramento,2021-01-29,5445,116982,2935,69699,2510,47283,0,0,4417,70822,1020,23083,4417,93905,California
Sacramento,2021-01-30,4884,121866,2199,71898,2685,49968,0,0,4451,74843,430,23513,4451,98356,California
Sacramento,2021-01-31,2416,124282,2114,74012,302,50270,0,0,2062,76555,352,23865,2064,100420,California
Sacramento,2021-02-01,5960,130242,3035,77047,2925,53195,0,0,4271,79146,1681,25546,4272,104692,California
Sacramento,2021-02-02,6954,137196,3709,80756,3245,56440,0,0,4848,81910,2086,27632,4850,109542,California
Sacramento,2021-02-03,7178,144374,3614,84370,3564,60004,0,0,5292,85330,1874,29506,5294,114836,California
Sacramento,2021-02-04,7809,152183,3691,88061,4118,64122,0,0,5542,88613,2259,31765,5542,120378,California
Sacramento,2021-02-05,7902,160085,4508,92569,3394,67516,0,0,4855,90449,3023,34788,4859,125237,California
Sacramento,2021-02-06,8853,168938,3503,96072,5350,72866,0,0,7493,96586,1358,36146,7495,132732,California
Sacramento,2021-02-07,4101,173039,2210,98282,1891,74757,0,0,2895,98282,1201,37347,2897,135629,California
Sacramento,2021-02-08,6270,179309,3251,101533,3019,77776,0,0,3916,99850,2348,39695,3916,139545,California
Sacramento,2021-02-09,6799,186108,3572,105105,3227,81003,0,0,4000,101066,2785,42480,4001,143546,California
Sacramento,2021-02-10,7770,193878,4253,109358,3517,84520,0,0,4538,102390,3216,45696,4540,148086,California
Sacramento,2021-02-11,9633,203511,5738,115096,3895,88415,0,0,5523,103820,4095,49791,5525,153611,California
Sacramento,2021-02-12,10749,214260,4177,119273,6572,94987,0,0,6437,106013,4247,54038,6440,160051,California
Sacramento,2021-02-13,8146,222406,3020,122293,5126,100113,0,0,6378,110630,1762,55800,6379,166430,California
Sacramento,2021-02-14,3258,225664,2008,124301,1250,101363,0,0,2121,111621,1135,56935,2126,168556,California
Sacramento,2021-02-15,6046,231710,2063,126364,3983,105346,0,0,4199,113986,1837,58772,4202,172758,California
Sacramento,2021-02-16,9319,241029,4237,130601,5082,110428,0,0,5357,115394,3954,62726,5362,178120,California
Sacramento,2021-02-17,8948,249977,5038,135639,3910,114338,0,0,5199,116860,3736,66462,5202,183322,California
Sacramento,2021-02-18,9672,259649,5791,141430,3881,118219,0,0,5762,118727,3899,70361,5766,189088,California
Sacramento,2021-02-19,10154,269803,6219,147649,3935,122154,0,0,5989,120572,4151,74512,5996,195084,California
Sacramento,2021-02-20,8214,278017,5846,153495,2368,124522,0,0,4795,121959,3411,77923,4798,199882,California
Sacramento,2021-02-21,4966,282983,2523,156018,2443,126965,0,0,2901,122803,2057,79980,2901,202783,California
Sacramento,2021-02-22,6518,289501,3965,159983,2553,129518,0,0,2823,121955,3675,83655,2827,205610,California
Sacramento,2021-02-23,7608,297109,4747,164730,2861,132379,0,0,3638,121647,3950,87605,3642,209252,California
Sacramento,2021-02-24,10015,307124,5508,170238,4507,136886,0,0,5417,122494,4578,92183,5425,214677,California
Sacramento,2021-02-25,11416,318540,6541,176779,4875,141761,0,0,6651,124397,4749,96932,6652,221329,California
Sacramento,2021-02-26,14551,333091,6857,183636,7694,149455,0,0,9940,129766,4577,101509,9946,231275,California
Sacramento,2021-02-27,11257,344348,6887,190523,4367,153822,3,3,8344,135230,2883,104392,8347,239622,California
Sacramento,2021-02-28,6673,351021,2354,192877,4319,158141,0,3,3127,134829,3531,107923,3130,242752,California
Sacramento,2021-03-01,8649,359670,3631,196508,5015,163156,3,6,4711,135631,3915,111838,4717,247469,California
Sacramento,2021-03-02,9386,369056,4074,200582,5311,168467,1,7,5750,137769,3616,115454,5754,253223,California
Sacramento,2021-03-03,11184,380240,5111,205693,6070,174537,3,10,6714,140039,4449,119903,6719,259942,California
Sacramento,2021-03-04,13706,393946,6334,212027,7368,181905,4,14,7595,141574,6071,125974,7606,267548,California
Sacramento,2021-03-05,10702,404648,4940,216967,5732,187637,30,44,7104,145138,3571,129545,7135,274683,California
Sacramento,2021-03-06,8172,412820,3134,220101,4916,192553,122,166,4153,145410,4002,133547,4274,278957,California
Sacramento,2021-03-07,8061,420881,2233,222334,5738,198291,90,256,3779,145003,4273,137820,3866,282823,California
Sacramento,2021-03-08,9214,430095,4337,226671,4652,202943,225,481,5988,148003,3211,141031,6211,289034,California
Sacramento,2021-03-09,9764,439859,4584,231255,4886,207829,294,775,5585,149722,4160,145191,5879,294913,California
Sacramento,2021-03-10,11879,451738,7532,238787,3989,211818,358,1133,6939,152124,4899,150090,7301,302214,California
Sacramento,2021-03-11,15230,466968,10115,248902,4284,216102,831,1964,8981,155726,6205,156295,9807,312021,California
Sacramento,2021-03-12,18100,485068,8352,257254,8878,224980,870,2834,8872,156300,9171,165466,9745,321766,California
Sacramento,2021-03-13,13664,498732,3592,260846,9642,234622,430,3264,8451,159975,5201,170667,8876,330642,California
Sacramento,2021-03-14,9487,508219,3480,264326,5371,239993,636,3900,4479,160109,4979,175646,5113,335755,California
Sacramento,2021-03-15,12305,520524,4887,269213,6753,246746,665,4565,7069,162640,5205,180851,7736,343491,California
Sacramento,2021-03-16,14169,534693,6309,275522,7205,253951,655,5220,8653,166462,5477,186328,9299,352790,California
Sacramento,2021-03-17,13881,548574,6669,282191,6577,260528,635,5855,8805,170855,5048,191376,9441,362231,California
Sacramento,2021-03-18,15840,564414,8340,290531,6894,267422,606,6461,10013,175680,5792,197168,10617,372848,California
Sacramento,2021-03-19,15729,580143,8028,298559,6308,273730,1393,7854,7929,177224,7769,204937,9313,382161,California
Sacramento,2021-03-20,13409,593552,7562,306121,5503,279233,344,8198,8502,181195,4876,209813,8847,391008,California
Sacramento,2021-03-21,5862,599414,2781,308902,3042,282275,39,8237,3363,182118,2483,212296,3406,394414,California
Sacramento,2021-03-22,9488,608902,4887,313789,3747,286022,854,9091,6265,186040,3194,215490,7116,401530,California
Sacramento,2021-03-23,11494,620396,6858,320647,3830,289852,806,9897,7357,190109,4092,219582,8161,409691,California
Sacramento,2021-03-24,11956,632352,7298,327945,4026,293878,632,10529,6742,192355,5129,224711,7375,417066,California
Sacramento,2021-03-25,14318,646670,8433,336378,5047,298925,838,11367,8517,195951,5752,230463,9348,426414,California
Sacramento,2021-03-26,18381,665051,8957,345335,8912,307837,512,11879,9161,196478,9147,239610,9674,436088,California
Sacramento,2021-03-27,10213,675264,3586,348921,6335,314172,292,12171,5578,197744,4599,244209,5865,441953,California
Sacramento,2021-03-28,6633,681897,3235,352156,3148,317320,250,12421,2663,196701,3959,248168,2916,444869,California
Sacramento,2021-03-29,11067,692964,5910,358066,4767,322087,390,12811,4953,195960,6084,254252,5343,450212,California
Sacramento,2021-03-30,11959,704923,6108,364174,5433,327520,418,13229,6039,196521,5893,260145,6454,456666,California
Sacramento,2021-03-31,13522,718445,7877,372051,5230,332750,415,13644,5590,194618,7902,268047,5999,462665,California
Sacramento,2021-04-01,17529,735974,10480,382531,6795,339545,254,13898,7352,192099,10129,278176,7610,470275,California
Sacramento,2021-04-02,17233,753207,9734,392265,6755,346300,744,14642,9041,193727,8156,286332,9784,480059,California
Sacramento,2021-04-03,10487,763694,6249,398514,3688,349988,550,15192,6424,196664,4032,290364,6969,487028,California
Sacramento,2021-04-04,3733,767427,1535,400049,1993,351981,205,15397,1454,196046,2273,292637,1655,488683,California
Sacramento,2021-04-05,12091,779518,7572,407621,3675,355656,844,16241,5384,195598,6669,299306,6221,494904,California
Sacramento,2021-04-06,15718,795236,8888,416509,5486,361142,1344,17585,6929,195110,8756,308062,8268,503172,California
Sacramento,2021-04-07,14944,810180,8054,424563,5272,366414,1618,19203,7171,196160,7725,315787,8775,511947,California
Sacramento,2021-04-08,15157,825337,6814,431377,5338,371752,3005,22208,6018,196057,9103,324890,9000,520947,California
Sacramento,2021-04-09,18392,843729,9393,440770,6770,378522,2229,24437,7473,194871,10876,335766,9690,530637,California
Sacramento,2021-04-10,13454,857183,3852,444622,8373,386895,1229,25666,5864,194378,7560,343326,7067,537704,California
Sacramento,2021-04-11,11187,868370,4373,448995,6586,393481,228,25894,3640,190725,7520,350846,3867,541571,California
Sacramento,2021-04-12,13042,881412,5076,454071,6071,399552,1895,27789,4931,189490,8043,358889,6808,548379,California
Sacramento,2021-04-13,16348,897760,9989,464060,6354,405906,5,27794,7582,188350,8731,367620,7591,555970,California
Sacramento,2021-04-14,15075,912835,8018,472078,7055,412961,2,27796,5942,185196,9100,376720,5946,561916,California
Sacramento,2021-04-15,16478,929313,8466,480544,8009,420970,3,27799,6673,182111,9763,386483,6678,568594,California
Sacramento,2021-04-16,17622,946935,9738,490282,7884,428854,0,27799,7974,180488,9599,396082,7976,576570,California
Sacramento,2021-04-17,15882,962817,6189,496471,9693,438547,0,27799,11602,187839,4256,400338,11607,588177,California
Sacramento,2021-04-18,9086,971903,3270,499741,5816,444363,0,27799,3885,186547,5179,405517,3887,592064,California
Sacramento,2021-04-19,10685,982588,5774,505515,4906,449269,5,27804,4726,185348,5932,411449,4733,596797,California
Sacramento,2021-04-20,11579,994167,7142,512657,4433,453702,4,27808,6087,185981,5463,416912,6096,602893,California
Sacramento,2021-04-21,12332,1006499,7385,520042,4945,458647,2,27810,6620,186923,5681,422593,6623,609516,California
Sacramento,2021-04-22,15257,1021756,10272,530314,4980,463627,5,27815,6996,185703,8223,430816,7003,616519,California
Sacramento,2021-04-23,16309,1038065,10354,540668,5955,469582,0,27815,7561,184559,8707,439523,7563,624082,California
Sacramento,2021-04-24,11624,1049689,7009,547677,4614,474196,1,27816,6207,185388,5380,444903,6209,630291,California
Sacramento,2021-04-25,8475,1058164,4479,552156,3996,478192,0,27816,4168,185265,4292,449195,4169,634460,California
Sacramento,2021-04-26,10843,1069007,6836,558992,3983,482175,24,27840,5157,184792,5654,454849,5181,639641,California
Sacramento,2021-04-27,12289,1081296,8089,567081,4045,486220,155,27995,6037,184769,6217,461066,6194,645835,California
Sacramento,2021-04-28,10795,1092091,6116,573197,4474,490694,205,28200,5964,186143,4798,465864,6172,652007,California
Sacramento,2021-04-29,11196,1103287,7597,580794,3294,493988,305,28505,6144,187583,5012,470876,6452,658459,California
Sacramento,2021-04-30,12758,1116045,8082,588876,4412,498400,264,28769,6032,187205,6675,477551,6297,664756,California
Sacramento,2021-05-01,7631,1123676,5485,594361,1970,500370,176,28945,2791,185368,4802,482353,2965,667721,California
Sacramento,2021-05-02,5013,1128689,4314,598675,548,500918,151,29096,2228,184990,2755,485108,2377,670098,California
Sacramento,2021-05-03,9148,1137837,7310,605985,1556,502474,282,29378,3977,184098,5147,490255,4255,674353,California
Sacramento,2021-05-04,9698,1147535,5957,611942,3430,505904,311,29689,3855,182467,5796,496051,4165,678518,California
Sacramento,2021-05-05,11374,1158909,6242,618184,4670,510574,462,30151,4648,180892,6677,502728,5102,683620,California
Sacramento,2021-05-06,11442,1170351,6397,624581,4736,515310,309,30460,4680,179450,6426,509154,4984,688604,California
Sacramento,2021-05-07,10797,1181148,6307,630888,4119,519429,371,30831,4542,178165,6199,515353,4914,693518,California
Sacramento,2021-05-08,9004,1190152,4001,634889,4772,524201,231,31062,2822,175072,6138,521491,3045,696563,California
Sacramento,2021-05-09,3289,1193441,1792,636681,1384,525585,113,31175,1204,174315,2074,523565,1317,697880,California
Sacramento,2021-05-10,8288,1201729,3872,640553,4145,529730,271,31446,2002,170336,6253,529818,2274,700154,California
Sacramento,2021-05-11,8647,1210376,5465,646018,2922,532652,260,31706,3014,168012,5598,535416,3274,703428,California
Sacramento,2021-05-12,8781,1219157,5286,651304,3238,535890,257,31963,2946,165415,5798,541214,3201,706629,California
Sacramento,2021-05-13,12024,1231181,7700,659004,4048,539938,276,32239,4561,162829,7422,548636,4836,711465,California
Sacramento,2021-05-14,12529,1243710,7098,666102,5142,545080,289,32528,5064,160776,7406,556042,5353,716818,California
Sacramento,2021-05-15,13243,1256953,8025,674127,5072,550152,146,32674,5871,159453,7336,563378,6013,722831,California
Sacramento,2021-05-16,8436,1265389,4226,678353,4097,554249,113,32787,2206,155572,6203,569581,2322,725153,California
Sacramento,2021-05-17,10481,1275870,6399,684752,3793,558042,289,33076,3921,153262,6523,576104,4213,729366,California
Sacramento,2021-05-18,9926,1285796,6219,690971,3496,561538,211,33287,3711,151016,6173,582277,3927,733293,California
Sacramento,2021-05-19,9864,1295660,6266,697237,3334,564872,264,33551,4440,150346,5380,587657,4710,738003,California
Sacramento,2021-05-20,10248,1305908,6750,703987,3237,568109,261,33812,3810,148031,6386,594043,4071,742074,California
Sacramento,2021-05-21,10739,1316647,6813,710800,3603,571712,323,34135,4450,146562,6248,600291,4779,746853,California
Sacramento,2021-05-22,7449,1324096,4604,715404,2671,574383,174,34309,3343,146006,4076,604367,3520,750373,California
Sacramento,2021-05-23,4577,1328673,3019,718423,1455,575838,103,34412,1969,145491,2588,606955,2073,752446,California
Sacramento,2021-05-24,7816,1336489,4720,723143,2766,578604,330,34742,2479,143007,5291,612246,2807,755253,California
Sacramento,2021-05-25,6715,1343204,3880,727023,2543,581147,292,35034,2376,141362,4312,616558,2667,757920,California
Sacramento,2021-05-26,8562,1351766,4725,731748,3502,584649,335,35369,2809,138799,5702,622260,3139,761059,California
Sacramento,2021-05-27,6692,1358458,3649,735397,2803,587452,240,35609,2945,138281,3703,625963,3185,764244,California
Sacramento,2021-05-28,8272,1366730,4580,739977,3317,590769,375,35984,3453,137332,4777,630740,3828,768072,California
Sacramento,2021-05-29,4436,1371166,2698,742675,1579,592348,159,36143,2232,137543,2179,632919,2390,770462,California
Sacramento,2021-05-30,1680,1372846,1063,743738,579,592927,38,36181,750,137409,923,633842,789,771251,California
Sacramento,2021-05-31,884,1373730,443,744181,428,593355,13,36194,313,137167,568,634410,326,771577,California
Sacramento,2021-06-01,6977,1380707,4181,748362,2590,595945,206,36400,2534,135504,4400,638810,2737,774314,California
Sacramento,2021-06-02,6098,1386805,3348,751710,2536,598481,214,36614,2262,134186,3792,642602,2474,776788,California
Sacramento,2021-06-03,7463,1394268,5072,756782,2206,600687,185,36799,2143,131232,5278,647880,2324,779112,California
Sacramento,2021-06-04,7080,1401348,4522,761304,2346,603033,212,37011,2207,128812,4839,652719,2419,781531,California
Sacramento,2021-06-05,6221,1407569,4560,765864,1520,604553,141,37152,1756,126273,4436,657155,1897,783428,California
Sacramento,2021-06-06,2419,1409988,1899,767763,461,605014,59,37211,788,125496,1625,658780,848,784276,California
Sacramento,2021-06-07,5580,1415568,3907,771670,1493,606507,180,37391,1551,123222,4002,662782,1728,786004,California
Sacramento,2021-06-08,5409,1420977,3684,775354,1545,608052,180,37571,1711,121447,3668,666450,1893,787897,California
Sacramento,2021-06-09,6173,1427150,4282,779636,1706,609758,185,37756,1618,118746,4503,670953,1802,789699,California
Sacramento,2021-06-10,5417,1432567,3465,783101,1741,611499,211,37967,1647,116885,3719,674672,1858,791557,California
Sacramento,2021-06-11,7557,1440124,5218,788319,2145,613644,194,38161,2044,113642,5479,680151,2236,793793,California
Sacramento,2021-06-12,4728,1444852,3063,791382,1547,615191,118,38279,1281,111614,3428,683579,1400,795193,California
Sacramento,2021-06-13,1931,1446783,1423,792805,464,615655,44,38323,395,110528,1523,685102,437,795630,California
Sacramento,2021-06-14,4311,1451094,2791,795596,1358,617013,162,38485,1340,109075,2953,688055,1500,797130,California
Sacramento,2021-06-15,4924,1456018,2962,798558,1737,618750,225,38710,1719,107830,3188,691243,1943,799073,California
Sacramento,2021-06-16,4477,1460495,3007,801565,1251,620001,219,38929,1545,106680,2906,694149,1756,800829,California
Sacramento,2021-06-17,4067,1464562,2644,804209,1257,621258,166,39095,1396,105599,2638,696787,1557,802386,California
Sacramento,2021-06-18,5125,1469687,3349,807558,1535,622793,241,39336,1739,104218,3360,700147,1979,804365,California
Sacramento,2021-06-19,3337,1473024,2264,809822,928,623721,145,39481,1190,103423,2129,702276,1334,805699,California
Sacramento,2021-06-20,1235,1474259,916,810738,291,624012,28,39509,565,103356,660,702936,593,806292,California
Sacramento,2021-06-21,2525,1476784,1337,812075,1027,625039,161,39670,1239,103481,1273,704209,1398,807690,California
Sacramento,2021-06-22,3912,1480696,2695,814770,1020,626059,197,39867,1537,102861,2349,706558,1729,809419,California
Sacramento,2021-06-23,4080,1484776,2813,817583,1058,627117,209,40076,1522,102051,2537,709095,1727,811146,California
Sacramento,2021-06-24,3471,1488247,2247,819830,1029,628146,195,40271,1384,101562,2067,711162,1578,812724,California
Sacramento,2021-06-25,4188,1492435,2832,822662,1142,629288,214,40485,1689,100983,2479,713641,1900,814624,California
Sacramento,2021-06-26,2845,1495280,2033,824695,689,629977,123,40608,1191,100661,1635,715276,1313,815937,California
Sacramento,2021-06-27,1236,1496516,909,825604,296,630273,31,40639,448,100356,784,716060,479,816416,California
Sacramento,2021-06-28,2624,1499140,1951,827555,532,630805,141,40780,1143,100176,1463,717523,1283,817699,California
Sacramento,2021-06-29,3283,1502423,2189,829744,955,631760,139,40919,1328,99720,1926,719449,1470,819169,California
Sacramento,2021-06-30,3272,1505695,2241,831985,901,632661,130,41049,1545,99689,1707,721156,1676,820845,California
Sacramento,2021-07-01,2828,1508523,1899,833884,771,633432,158,41207,1225,99486,1584,722740,1381,822226,California
Sacramento,2021-07-02,3418,1511941,2290,836174,974,634406,154,41361,1456,99153,1939,724679,1606,823832,California
Sacramento,2021-07-03,1844,1513785,1250,837424,562,634968,32,41393,790,98935,1041,725720,823,824655,California
Sacramento,2021-07-04,156,1513941,62,837486,84,635052,10,41403,66,98921,90,725810,76,824731,California
Sacramento,2021-07-05,1423,1515364,968,838454,420,635472,35,41438,701,98945,713,726523,737,825468,California
Sacramento,2021-07-06,2521,1517885,1875,840329,518,635990,128,41566,869,98299,1639,728162,993,826461,California
San Benito,2020-12-16,29,29,29,29,0,0,0,0,29,29,0,0,29,29,California
San Benito,2020-12-17,48,77,48,77,0,0,0,0,48,77,0,0,48,77,California
San Benito,2020-12-18,72,149,72,149,0,0,0,0,72,149,0,0,72,149,California
San Benito,2020-12-19,48,197,48,197,0,0,0,0,48,197,0,0,48,197,California
San Benito,2020-12-20,24,221,24,221,0,0,0,0,24,221,0,0,24,221,California
San Benito,2020-12-21,77,298,77,298,0,0,0,0,77,298,0,0,77,298,California
San Benito,2020-12-22,101,399,101,399,0,0,0,0,101,399,0,0,101,399,California
San Benito,2020-12-23,86,485,74,473,12,12,0,0,86,485,0,0,86,485,California
San Benito,2020-12-24,13,498,5,478,8,20,0,0,13,498,0,0,13,498,California
San Benito,2020-12-25,3,501,3,481,0,20,0,0,3,501,0,0,3,501,California
San Benito,2020-12-26,13,514,4,485,9,29,0,0,13,514,0,0,13,514,California
San Benito,2020-12-27,8,522,7,492,1,30,0,0,8,522,0,0,8,522,California
San Benito,2020-12-28,66,588,36,528,30,60,0,0,66,588,0,0,66,588,California
San Benito,2020-12-29,49,637,21,549,28,88,0,0,49,637,0,0,49,637,California
San Benito,2020-12-30,59,696,37,586,22,110,0,0,59,696,0,0,59,696,California
San Benito,2020-12-31,19,715,2,588,17,127,0,0,19,715,0,0,19,715,California
San Benito,2021-01-02,24,739,23,611,1,128,0,0,24,739,0,0,24,739,California
San Benito,2021-01-03,4,743,2,613,2,130,0,0,3,742,0,0,3,742,California
San Benito,2021-01-04,61,804,23,636,38,168,0,0,61,803,0,0,61,803,California
San Benito,2021-01-05,117,921,37,673,80,248,0,0,114,914,3,3,114,917,California
San Benito,2021-01-06,102,1023,42,715,60,308,0,0,87,986,15,18,87,1004,California
San Benito,2021-01-07,106,1129,68,783,38,346,0,0,54,988,52,70,54,1058,California
San Benito,2021-01-08,180,1309,89,872,91,437,0,0,116,1040,64,134,116,1174,California
San Benito,2021-01-09,44,1353,31,903,13,450,0,0,30,1056,14,148,30,1204,California
San Benito,2021-01-10,17,1370,15,918,2,452,0,0,5,1049,12,160,5,1209,California
San Benito,2021-01-11,173,1543,108,1026,65,517,0,0,72,1020,101,261,72,1281,California
San Benito,2021-01-12,161,1704,57,1083,104,621,0,0,121,1101,40,301,121,1402,California
San Benito,2021-01-13,240,1944,68,1151,172,793,0,0,189,1239,51,352,189,1591,California
San Benito,2021-01-14,132,2076,24,1175,108,901,0,0,113,1333,19,371,113,1704,California
San Benito,2021-01-15,218,2294,21,1196,197,1098,0,0,204,1523,14,385,204,1908,California
San Benito,2021-01-16,25,2319,8,1204,17,1115,0,0,20,1538,5,390,20,1928,California
San Benito,2021-01-17,12,2331,5,1209,7,1122,0,0,9,1544,3,393,9,1937,California
San Benito,2021-01-18,37,2368,23,1232,14,1136,0,0,22,1551,15,408,22,1959,California
San Benito,2021-01-19,187,2555,81,1313,106,1242,0,0,149,1662,38,446,149,2108,California
San Benito,2021-01-20,338,2893,102,1415,236,1478,0,0,292,1909,45,491,292,2400,California
San Benito,2021-01-21,146,3039,33,1448,113,1591,0,0,120,2003,26,517,120,2520,California
San Benito,2021-01-22,237,3276,19,1467,218,1809,0,0,227,2220,10,527,227,2747,California
San Benito,2021-01-23,31,3307,17,1484,14,1823,0,0,13,2215,18,545,13,2760,California
San Benito,2021-01-24,28,3335,3,1487,25,1848,0,0,24,2235,4,549,24,2784,California
San Benito,2021-01-25,72,3407,24,1511,48,1896,0,0,24,2211,48,597,24,2808,California
San Benito,2021-01-26,138,3545,41,1552,97,1993,0,0,86,2245,52,649,86,2894,California
San Benito,2021-01-27,230,3775,69,1621,161,2154,0,0,191,2397,39,688,191,3085,California
San Benito,2021-01-28,151,3926,32,1653,119,2273,0,0,120,2487,30,718,120,3205,California
San Benito,2021-01-29,293,4219,33,1686,260,2533,0,0,268,2731,24,742,268,3473,California
San Benito,2021-01-30,52,4271,33,1719,19,2552,0,0,29,2737,23,765,29,3502,California
San Benito,2021-01-31,16,4287,5,1724,11,2563,0,0,11,2743,5,770,11,3513,California
San Benito,2021-02-01,137,4424,29,1753,108,2671,0,0,93,2792,44,814,93,3606,California
San Benito,2021-02-02,229,4653,49,1802,180,2851,0,0,139,2841,90,904,139,3745,California
San Benito,2021-02-03,340,4993,42,1844,298,3149,0,0,272,3045,68,972,272,4017,California
San Benito,2021-02-04,167,5160,24,1868,143,3292,0,0,121,3120,46,1018,121,4138,California
San Benito,2021-02-05,292,5452,40,1908,252,3544,0,0,230,3288,62,1080,230,4368,California
San Benito,2021-02-06,50,5502,9,1917,41,3585,0,0,33,3304,17,1097,33,4401,California
San Benito,2021-02-07,18,5520,9,1926,9,3594,0,0,16,3318,2,1099,16,4417,California
San Benito,2021-02-08,142,5662,18,1944,124,3718,0,0,96,3368,46,1145,96,4513,California
San Benito,2021-02-09,327,5989,64,2008,263,3981,0,0,195,3431,132,1277,195,4708,California
San Benito,2021-02-10,322,6311,89,2097,233,4214,0,0,105,3320,216,1493,105,4813,California
San Benito,2021-02-11,299,6610,33,2130,266,4480,0,0,201,3423,98,1591,201,5014,California
San Benito,2021-02-12,415,7025,32,2162,383,4863,0,0,208,3425,206,1797,208,5222,California
San Benito,2021-02-13,56,7081,7,2169,49,4912,0,0,44,3457,12,1809,44,5266,California
San Benito,2021-02-14,40,7121,5,2174,35,4947,0,0,30,3477,10,1819,30,5296,California
San Benito,2021-02-15,107,7228,9,2183,98,5045,0,0,96,3562,11,1830,96,5392,California
San Benito,2021-02-16,206,7434,11,2194,195,5240,0,0,101,3559,105,1935,102,5494,California
San Benito,2021-02-17,328,7762,29,2223,299,5539,0,0,278,3787,50,1985,278,5772,California
San Benito,2021-02-18,296,8058,38,2261,258,5797,0,0,73,3637,223,2208,73,5845,California
San Benito,2021-02-19,347,8405,47,2308,300,6097,0,0,181,3652,166,2374,181,6026,California
San Benito,2021-02-20,50,8455,28,2336,22,6119,0,0,38,3678,12,2386,38,6064,California
San Benito,2021-02-21,24,8479,9,2345,15,6134,0,0,15,3684,9,2395,15,6079,California
San Benito,2021-02-22,138,8617,37,2382,101,6235,0,0,101,3749,36,2431,101,6180,California
San Benito,2021-02-23,387,9004,97,2479,290,6525,0,0,268,3898,119,2550,268,6448,California
San Benito,2021-02-24,391,9395,71,2550,320,6845,0,0,249,4005,142,2692,249,6697,California
San Benito,2021-02-25,393,9788,64,2614,329,7174,0,0,272,4154,123,2815,272,6969,California
San Benito,2021-02-26,653,10441,76,2690,577,7751,0,0,403,4307,250,3065,403,7372,California
San Benito,2021-02-27,106,10547,42,2732,64,7815,0,0,87,4375,19,3084,87,7459,California
San Benito,2021-02-28,255,10802,31,2763,224,8039,0,0,243,4606,12,3096,243,7702,California
San Benito,2021-03-01,232,11034,61,2824,171,8210,0,0,161,4695,72,3168,161,7863,California
San Benito,2021-03-02,287,11321,95,2919,192,8402,0,0,215,4838,72,3240,215,8078,California
San Benito,2021-03-03,405,11726,65,2984,340,8742,0,0,227,4889,176,3416,227,8305,California
San Benito,2021-03-04,617,12343,126,3110,476,9218,15,15,429,5133,188,3604,432,8737,California
San Benito,2021-03-05,584,12927,307,3417,265,9483,12,27,375,5313,207,3811,387,9124,California
San Benito,2021-03-06,193,13120,69,3486,110,9593,14,41,140,5414,53,3864,154,9278,California
San Benito,2021-03-07,648,13768,603,4089,22,9615,23,64,615,6019,33,3897,638,9916,California
San Benito,2021-03-08,290,14058,66,4155,177,9792,47,111,167,6110,123,4020,214,10130,California
San Benito,2021-03-09,426,14484,83,4238,243,10035,100,211,138,6034,287,4307,211,10341,California
San Benito,2021-03-10,410,14894,121,4359,194,10229,95,306,239,6197,171,4478,334,10675,California
San Benito,2021-03-11,476,15370,124,4483,199,10428,153,459,212,6298,264,4742,365,11040,California
San Benito,2021-03-12,523,15893,124,4607,302,10730,97,556,233,6340,288,5030,330,11370,California
San Benito,2021-03-13,200,16093,99,4706,83,10813,18,574,126,6413,71,5101,144,11514,California
San Benito,2021-03-14,233,16326,40,4746,173,10986,20,594,180,6561,52,5153,200,11714,California
San Benito,2021-03-15,323,16649,98,4844,206,11192,19,613,190,6637,133,5286,209,11923,California
San Benito,2021-03-16,501,17150,218,5062,252,11444,31,644,353,6873,147,5433,383,12306,California
San Benito,2021-03-17,791,17941,479,5541,290,11734,22,666,560,7220,227,5660,574,12880,California
San Benito,2021-03-18,789,18730,528,6069,206,11940,55,721,573,7625,214,5874,619,13499,California
San Benito,2021-03-19,778,19508,403,6472,351,12291,24,745,573,8016,205,6079,596,14095,California
San Benito,2021-03-20,245,19753,148,6620,84,12375,13,758,185,8154,60,6139,198,14293,California
San Benito,2021-03-21,109,19862,57,6677,47,12422,5,763,81,8212,28,6167,86,14379,California
San Benito,2021-03-22,354,20216,173,6850,156,12578,25,788,222,8327,132,6299,247,14626,California
San Benito,2021-03-23,474,20690,197,7047,267,12845,10,798,204,8270,270,6569,213,14839,California
San Benito,2021-03-24,575,21265,304,7351,264,13109,7,805,348,8400,225,6794,355,15194,California
San Benito,2021-03-25,740,22005,441,7792,295,13404,4,809,438,8544,298,7092,442,15636,California
San Benito,2021-03-26,1020,23025,521,8313,494,13898,5,814,337,8204,682,7774,342,15978,California
San Benito,2021-03-27,339,23364,190,8503,117,14015,32,846,220,8338,118,7892,252,16230,California
San Benito,2021-03-28,735,24099,609,9112,121,14136,5,851,130,7868,605,8497,135,16365,California
San Benito,2021-03-29,344,24443,108,9220,216,14352,20,871,143,7830,200,8697,162,16527,California
San Benito,2021-03-30,580,25023,274,9494,213,14565,93,964,294,7931,286,8983,387,16914,California
San Benito,2021-03-31,595,25618,365,9859,206,14771,24,988,334,8030,259,9242,358,17272,California
San Benito,2021-04-01,955,26573,385,10244,531,15302,39,1027,565,8240,388,9630,598,17870,California
San Benito,2021-04-02,542,27115,262,10506,144,15446,136,1163,264,8363,277,9907,400,18270,California
San Benito,2021-04-03,254,27369,87,10593,103,15549,64,1227,75,8323,178,10085,138,18408,California
San Benito,2021-04-04,143,27512,108,10701,30,15579,5,1232,106,8397,37,10122,111,18519,California
San Benito,2021-04-05,354,27866,169,10870,141,15720,44,1276,143,8372,211,10333,186,18705,California
San Benito,2021-04-06,468,28334,164,11034,127,15847,177,1453,163,8406,305,10638,339,19044,California
San Benito,2021-04-07,944,29278,526,11560,227,16074,191,1644,264,8184,677,11315,455,19499,California
San Benito,2021-04-08,872,30150,437,11997,180,16254,255,1899,231,8030,640,11955,486,19985,California
San Benito,2021-04-09,854,31004,506,12503,256,16510,92,1991,298,7865,555,12510,390,20375,California
San Benito,2021-04-10,340,31344,205,12708,77,16587,58,2049,192,7967,148,12658,250,20625,California
San Benito,2021-04-11,480,31824,273,12981,172,16759,35,2084,270,8040,210,12868,283,20908,California
San Benito,2021-04-12,531,32355,286,13267,133,16892,112,2196,279,8176,251,13119,387,21295,California
San Benito,2021-04-13,760,33115,295,13562,442,17334,23,2219,527,8495,232,13351,551,21846,California
San Benito,2021-04-14,835,33950,656,14218,179,17513,0,2219,395,8457,433,13784,395,22241,California
San Benito,2021-04-15,946,34896,736,14954,209,17722,1,2220,475,8464,470,14254,477,22718,California
San Benito,2021-04-16,715,35611,373,15327,333,18055,9,2229,304,8370,408,14662,314,23032,California
San Benito,2021-04-17,323,35934,227,15554,96,18151,0,2229,130,8305,195,14857,130,23162,California
San Benito,2021-04-18,508,36442,427,15981,81,18232,0,2229,247,8293,261,15118,249,23411,California
San Benito,2021-04-19,746,37188,596,16577,150,18382,0,2229,421,8392,323,15441,422,23833,California
San Benito,2021-04-20,790,37978,419,16996,369,18751,2,2231,497,8602,288,15729,498,24331,California
San Benito,2021-04-21,973,38951,721,17717,252,19003,0,2231,525,8694,433,16162,525,24856,California
San Benito,2021-04-22,907,39858,699,18416,208,19211,0,2231,568,8931,331,16493,568,25424,California
San Benito,2021-04-23,644,40502,408,18824,235,19446,1,2232,342,9020,253,16746,342,25766,California
San Benito,2021-04-24,362,40864,202,19026,160,19606,0,2232,166,9030,156,16902,166,25932,California
San Benito,2021-04-25,205,41069,128,19154,77,19683,0,2232,95,9033,92,16994,95,26027,California
San Benito,2021-04-26,496,41565,393,19547,103,19786,0,2232,260,9118,175,17169,260,26287,California
San Benito,2021-04-27,560,42125,286,19833,267,20053,7,2239,408,9391,142,17311,415,26702,California
San Benito,2021-04-28,555,42680,393,20226,154,20207,8,2247,390,9628,160,17471,397,27099,California
San Benito,2021-04-29,635,43315,235,20461,390,20597,10,2257,255,9531,379,17850,282,27381,California
San Benito,2021-04-30,385,43700,216,20677,162,20759,7,2264,209,9573,174,18024,216,27597,California
San Benito,2021-05-01,195,43895,142,20819,44,20803,9,2273,65,9518,129,18153,74,27671,California
San Benito,2021-05-02,190,44085,160,20979,26,20829,4,2277,58,9448,132,18285,62,27733,California
San Benito,2021-05-03,359,44444,283,21262,66,20895,10,2287,86,9273,273,18558,98,27831,California
San Benito,2021-05-04,416,44860,257,21519,151,21046,8,2295,150,9166,264,18822,157,27988,California
San Benito,2021-05-05,612,45472,432,21951,164,21210,16,2311,217,9008,391,19213,233,28221,California
San Benito,2021-05-06,625,46097,497,22448,113,21323,15,2326,225,8852,396,19609,240,28461,California
San Benito,2021-05-07,455,46552,291,22739,154,21477,10,2336,174,8758,279,19888,185,28646,California
San Benito,2021-05-08,279,46831,228,22967,46,21523,5,2341,155,8794,124,20012,160,28806,California
San Benito,2021-05-09,108,46939,83,23050,22,21545,3,2344,48,8785,60,20072,51,28857,California
San Benito,2021-05-10,411,47350,322,23372,65,21610,24,2368,53,8505,358,20430,78,28935,California
San Benito,2021-05-11,837,48187,425,23797,396,22006,16,2384,191,8069,644,21074,208,29143,California
San Benito,2021-05-12,518,48705,413,24210,92,22098,13,2397,124,7814,393,21467,138,29281,California
San Benito,2021-05-13,739,49444,632,24842,90,22188,17,2414,212,7518,524,21991,228,29509,California
San Benito,2021-05-14,602,50046,445,25287,150,22338,7,2421,231,7387,369,22360,238,29747,California
San Benito,2021-05-15,228,50274,172,25459,50,22388,6,2427,127,7419,101,22461,133,29880,California
San Benito,2021-05-16,174,50448,146,25605,26,22414,2,2429,97,7441,77,22538,99,29979,California
San Benito,2021-05-17,388,50836,313,25918,66,22480,9,2438,177,7419,208,22746,186,30165,California
San Benito,2021-05-18,675,51511,355,26273,315,22795,5,2443,212,7174,463,23209,218,30383,California
San Benito,2021-05-19,571,52082,420,26693,143,22938,8,2451,230,7071,341,23550,238,30621,California
San Benito,2021-05-20,593,52675,470,27163,112,23050,11,2462,315,7120,277,23827,326,30947,California
San Benito,2021-05-21,466,53141,275,27438,175,23225,16,2478,213,7098,251,24078,229,31176,California
San Benito,2021-05-22,297,53438,225,27663,67,23292,5,2483,183,7175,112,24190,189,31365,California
San Benito,2021-05-23,100,53538,62,27725,34,23326,4,2487,37,7152,63,24253,40,31405,California
San Benito,2021-05-24,307,53845,258,27983,42,23368,7,2494,191,7234,116,24369,198,31603,California
San Benito,2021-05-25,527,54372,241,28224,279,23647,7,2501,170,7056,355,24724,177,31780,California
San Benito,2021-05-26,312,54684,196,28420,109,23756,7,2508,125,7001,186,24910,131,31911,California
San Benito,2021-05-27,408,55092,312,28732,73,23829,23,2531,151,6921,257,25167,177,32088,California
San Benito,2021-05-28,287,55379,177,28909,103,23932,7,2538,110,6862,176,25343,117,32205,California
San Benito,2021-05-29,147,55526,125,29034,20,23952,2,2540,62,6841,85,25428,64,32269,California
San Benito,2021-05-30,270,55796,253,29287,17,23969,0,2540,90,6752,179,25607,90,32359,California
San Benito,2021-05-31,100,55896,87,29374,11,23980,2,2542,43,6741,56,25663,45,32404,California
San Benito,2021-06-01,267,56163,121,29495,120,24100,26,2568,86,6672,180,25843,111,32515,California
San Benito,2021-06-02,322,56485,244,29739,76,24176,2,2570,110,6574,211,26054,113,32628,California
San Benito,2021-06-03,340,56825,289,30028,45,24221,6,2576,100,6442,238,26292,106,32734,California
San Benito,2021-06-04,272,57097,205,30233,67,24288,0,2576,86,6343,185,26477,86,32820,California
San Benito,2021-06-05,96,57193,78,30311,17,24305,1,2577,23,6295,72,26549,24,32844,California
San Benito,2021-06-06,59,57252,49,30360,7,24312,3,2580,13,6265,46,26595,16,32860,California
San Benito,2021-06-07,339,57591,299,30659,35,24347,5,2585,85,6103,252,26847,90,32950,California
San Benito,2021-06-08,309,57900,217,30876,77,24424,15,2600,94,5998,214,27061,109,33059,California
San Benito,2021-06-09,241,58141,189,31065,44,24468,8,2608,68,5901,173,27234,76,33135,California
San Benito,2021-06-10,360,58501,331,31396,22,24490,7,2615,73,5697,284,27518,80,33215,California
San Benito,2021-06-11,270,58771,229,31625,21,24511,20,2635,92,5632,177,27695,112,33327,California
San Benito,2021-06-12,160,58931,146,31771,10,24521,4,2639,49,5589,96,27791,53,33380,California
San Benito,2021-06-13,53,58984,41,31812,10,24531,2,2641,16,5577,30,27821,18,33398,California
San Benito,2021-06-14,180,59164,150,31962,25,24556,5,2646,61,5524,118,27939,65,33463,California
San Benito,2021-06-15,221,59385,128,32090,87,24643,6,2652,77,5466,142,28081,84,33547,California
San Benito,2021-06-16,214,59599,171,32261,29,24672,14,2666,73,5413,140,28221,87,33634,California
San Benito,2021-06-17,251,59850,207,32468,17,24689,27,2693,78,5346,173,28394,106,33740,California
San Benito,2021-06-18,159,60009,102,32570,50,24739,7,2700,64,5322,95,28489,71,33811,California
San Benito,2021-06-19,114,60123,108,32678,6,24745,0,2700,48,5304,66,28555,48,33859,California
San Benito,2021-06-20,38,60161,36,32714,2,24747,0,2700,18,5302,20,28575,18,33877,California
San Benito,2021-06-21,113,60274,83,32797,15,24762,15,2715,59,5322,53,28628,73,33950,California
San Benito,2021-06-22,207,60481,126,32923,60,24822,21,2736,75,5286,131,28759,95,34045,California
San Benito,2021-06-23,150,60631,113,33036,27,24849,10,2746,61,5268,89,28848,71,34116,California
San Benito,2021-06-24,190,60821,162,33198,15,24864,13,2759,81,5254,108,28956,94,34210,California
San Benito,2021-06-25,151,60972,120,33318,29,24893,2,2761,64,5234,87,29043,67,34277,California
San Benito,2021-06-26,76,61048,61,33379,14,24907,1,2762,33,5226,42,29085,34,34311,California
San Benito,2021-06-27,58,61106,51,33430,2,24909,5,2767,24,5221,34,29119,29,34340,California
San Benito,2021-06-28,123,61229,100,33530,19,24928,4,2771,51,5204,72,29191,55,34395,California
San Benito,2021-06-29,110,61339,55,33585,43,24971,12,2783,40,5186,70,29261,52,34447,California
San Benito,2021-06-30,136,61475,111,33696,18,24989,7,2790,52,5162,83,29344,59,34506,California
San Benito,2021-07-01,132,61607,103,33799,20,25009,9,2799,53,5144,78,29422,60,34566,California
San Benito,2021-07-02,131,61738,74,33873,45,25054,12,2811,54,5133,77,29499,66,34632,California
San Benito,2021-07-03,99,61837,94,33967,4,25058,1,2812,53,5141,46,29545,54,34686,California
San Benito,2021-07-04,14,61851,13,33980,1,25059,0,2812,6,5139,8,29553,6,34692,California
San Benito,2021-07-05,93,61944,80,34060,12,25071,1,2813,45,5137,48,29601,46,34738,California
San Benito,2021-07-06,98,62042,43,34103,47,25118,8,2821,28,5103,70,29671,36,34774,California
San Bernardino,2020-12-15,13,13,13,13,0,0,0,0,13,13,0,0,13,13,California
San Bernardino,2020-12-16,114,127,114,127,0,0,0,0,114,127,0,0,114,127,California
San Bernardino,2020-12-17,2376,2503,2376,2503,0,0,0,0,2376,2503,0,0,2376,2503,California
San Bernardino,2020-12-18,3175,5678,3172,5675,3,3,0,0,3176,5679,0,0,3176,5679,California
San Bernardino,2020-12-19,1076,6754,1075,6750,1,4,0,0,1077,6756,0,0,1077,6756,California
San Bernardino,2020-12-20,1185,7939,1181,7931,4,8,0,0,1185,7941,0,0,1185,7941,California
San Bernardino,2020-12-21,2466,10405,2459,10390,7,15,0,0,2466,10407,0,0,2466,10407,California
San Bernardino,2020-12-22,2280,12685,2151,12541,129,144,0,0,2281,12688,0,0,2281,12688,California
San Bernardino,2020-12-23,2679,15364,1472,14013,1207,1351,0,0,2677,15365,0,0,2677,15365,California
San Bernardino,2020-12-24,1163,16527,582,14595,581,1932,0,0,1164,16528,1,1,1164,16529,California
San Bernardino,2020-12-25,76,16603,15,14610,61,1993,0,0,76,16604,0,1,76,16605,California
San Bernardino,2020-12-26,466,17069,255,14865,211,2204,0,0,466,17070,0,1,466,17071,California
San Bernardino,2020-12-27,351,17420,164,15029,187,2391,0,0,350,17419,1,2,350,17421,California
San Bernardino,2020-12-28,1593,19013,700,15729,893,3284,0,0,1594,19013,0,2,1594,19015,California
San Bernardino,2020-12-29,2258,21271,1048,16777,1210,4494,0,0,2258,21271,0,2,2258,21273,California
San Bernardino,2020-12-30,2933,24204,1461,18238,1472,5966,0,0,2933,24204,0,2,2933,24206,California
San Bernardino,2020-12-31,1383,25587,441,18679,942,6908,0,0,1381,25585,0,2,1381,25587,California
San Bernardino,2021-01-01,289,25876,152,18831,137,7045,0,0,288,25873,0,2,288,25875,California
San Bernardino,2021-01-02,486,26362,345,19176,141,7186,0,0,486,26359,0,2,486,26361,California
San Bernardino,2021-01-03,142,26504,88,19264,54,7240,0,0,142,26501,0,2,142,26503,California
San Bernardino,2021-01-04,2150,28654,1294,20558,856,8096,0,0,2149,28650,0,2,2149,28652,California
San Bernardino,2021-01-05,2349,31003,1462,22020,887,8983,0,0,2236,30775,111,113,2236,30888,California
San Bernardino,2021-01-06,3469,34472,2363,24383,1106,10089,0,0,2968,33249,495,608,2969,33857,California
San Bernardino,2021-01-07,5454,39926,4520,28903,934,11023,0,0,2489,32792,2946,3554,2489,36346,California
San Bernardino,2021-01-08,5403,45329,4470,33373,933,11956,0,0,2302,31998,3097,6651,2303,38649,California
San Bernardino,2021-01-09,1410,46739,1104,34477,306,12262,0,0,908,32404,502,7153,908,39557,California
San Bernardino,2021-01-10,1031,47770,601,35078,430,12692,0,0,579,32531,452,7605,579,40136,California
San Bernardino,2021-01-11,5000,52770,4087,39165,913,13605,0,0,2780,33094,2217,9822,2780,42916,California
San Bernardino,2021-01-12,4255,57025,3231,42396,1024,14629,0,0,2527,33895,1726,11548,2527,45443,California
San Bernardino,2021-01-13,4613,61638,2836,45232,1777,16406,0,0,3382,36059,1219,12767,3383,48826,California
San Bernardino,2021-01-14,4885,66523,2812,48044,2073,18479,0,0,4296,39770,585,13352,4296,53122,California
San Bernardino,2021-01-15,6002,72525,2955,50999,3047,21526,0,0,5601,44983,391,13743,5604,58726,California
San Bernardino,2021-01-16,2276,74801,1291,52290,985,22511,0,0,2132,46971,144,13887,2132,60858,California
San Bernardino,2021-01-17,1191,75992,508,52798,683,23194,0,0,1108,47998,82,13969,1109,61967,California
San Bernardino,2021-01-18,4297,80289,2636,55434,1661,24855,0,0,3666,51035,631,14600,3668,65635,California
San Bernardino,2021-01-19,6367,86656,3445,58879,2922,27777,0,0,5269,55210,1096,15696,5271,70906,California
San Bernardino,2021-01-20,6917,93573,3785,62664,3132,30909,0,0,4947,58199,1960,17656,4949,75855,California
San Bernardino,2021-01-21,6045,99618,3091,65755,2954,33863,0,0,4912,61991,1123,18779,4915,80770,California
San Bernardino,2021-01-22,6615,106233,3053,68808,3562,37425,0,0,5883,67145,730,19509,5884,86654,California
San Bernardino,2021-01-23,3139,109372,1896,70704,1243,38668,0,0,2733,69473,405,19914,2733,89387,California
San Bernardino,2021-01-24,1211,110583,462,71166,749,39417,0,0,1107,70476,104,20018,1107,90494,California
San Bernardino,2021-01-25,6966,117549,3415,74581,3551,42968,0,0,5094,73705,1868,21886,5097,95591,California
San Bernardino,2021-01-26,7204,124753,3545,78126,3659,46627,0,0,5020,76544,2183,24069,5022,100613,California
San Bernardino,2021-01-27,8664,133417,4151,82277,4513,51140,0,0,5783,79455,2872,26941,5783,106396,California
San Bernardino,2021-01-28,8681,142098,4086,86363,4595,55735,0,0,6332,83447,2340,29281,6332,112728,California
San Bernardino,2021-01-29,8228,150326,3742,90105,4486,60221,0,0,6225,87686,1987,31268,6226,118954,California
San Bernardino,2021-01-30,3092,153418,1873,91978,1219,61440,0,0,2797,90190,294,31562,2798,121752,California
San Bernardino,2021-01-31,918,154336,472,92450,446,61886,0,0,859,90991,58,31620,859,122611,California
San Bernardino,2021-02-01,7629,161965,4255,96705,3374,65260,0,0,4941,93250,2683,34303,4942,127553,California
San Bernardino,2021-02-02,10581,172546,3682,100387,6899,72159,0,0,8466,99607,2111,36414,8468,136021,California
San Bernardino,2021-02-03,9100,181646,4159,104546,4941,77100,0,0,6560,103637,2531,38945,6561,142582,California
San Bernardino,2021-02-04,10610,192256,5214,109760,5396,82496,0,0,7474,107987,3125,42070,7475,150057,California
San Bernardino,2021-02-05,11145,203401,5967,115727,5178,87674,0,0,7547,111949,3586,45656,7548,157605,California
San Bernardino,2021-02-06,5294,208695,2221,117948,3073,90747,0,0,3649,113986,1615,47271,3652,161257,California
San Bernardino,2021-02-07,857,209552,496,118444,361,91108,0,0,476,114085,378,47649,477,161734,California
San Bernardino,2021-02-08,7337,216889,3902,122346,3435,94543,0,0,5645,118040,1690,49339,5645,167379,California
San Bernardino,2021-02-09,10174,227063,5632,127978,4542,99085,0,0,6845,121836,3053,52392,6849,174228,California
San Bernardino,2021-02-10,12214,239277,6489,134467,5725,104810,0,0,8048,125730,4155,56547,8049,182277,California
San Bernardino,2021-02-11,12550,251827,7182,141649,5368,110178,0,0,7969,129149,4554,61101,7973,190250,California
San Bernardino,2021-02-12,10616,262443,5950,147599,4666,114844,0,0,5785,130170,4767,65868,5788,196038,California
San Bernardino,2021-02-13,6127,268570,4077,151676,2050,116894,0,0,3838,131741,2272,68140,3843,199881,California
San Bernardino,2021-02-14,1580,270150,668,152344,912,117806,0,0,886,131941,687,68827,887,200768,California
San Bernardino,2021-02-15,5529,275679,3010,155354,2519,120325,0,0,3076,132578,2439,71266,3076,203844,California
San Bernardino,2021-02-16,12763,288442,7458,162812,5305,125630,0,0,8033,135898,4717,75983,8037,211881,California
San Bernardino,2021-02-17,11949,300391,6537,169349,5412,131042,0,0,7196,138368,4731,80714,7201,219082,California
San Bernardino,2021-02-18,12621,313012,7645,176994,4976,136018,0,0,7786,141339,4817,85531,7788,226870,California
San Bernardino,2021-02-19,11835,324847,6062,183056,5773,141791,0,0,6982,143493,4830,90361,6984,233854,California
San Bernardino,2021-02-20,4622,329469,3543,186599,1079,142870,0,0,2074,143032,2538,92899,2077,235931,California
San Bernardino,2021-02-21,1192,330661,716,187315,476,143346,0,0,415,142671,777,93676,416,236347,California
San Bernardino,2021-02-22,9035,339696,5576,192891,3459,146805,0,0,4140,141938,4874,98550,4141,240488,California
San Bernardino,2021-02-23,9753,349449,5921,198812,3832,150637,0,0,4918,142059,4803,103353,4924,245412,California
San Bernardino,2021-02-24,12835,362284,7377,206189,5458,156095,0,0,6275,141803,6537,109890,6281,251693,California
San Bernardino,2021-02-25,13301,375585,6336,212525,6965,163060,0,0,7681,143888,5600,115490,7685,259378,California
San Bernardino,2021-02-26,13770,389355,6408,218933,7362,170422,0,0,7663,145517,6042,121532,7671,267049,California
San Bernardino,2021-02-27,6706,396061,3750,222683,2955,173377,1,1,4817,148462,1877,123409,4822,271871,California
San Bernardino,2021-02-28,1789,397850,749,223432,1040,174417,0,1,1147,148979,632,124041,1149,273020,California
San Bernardino,2021-03-01,8533,406383,4392,227824,4136,178553,5,6,3882,148255,4622,128663,3898,276918,California
San Bernardino,2021-03-02,13950,420333,5514,233338,8436,186989,0,6,6544,147440,7369,136032,6554,283472,California
San Bernardino,2021-03-03,13174,433507,6699,240037,6471,193460,4,10,6204,146711,6946,142978,6217,289689,California
San Bernardino,2021-03-04,14030,447537,6890,246927,7139,200599,1,11,6077,144866,7931,150909,6086,295775,California
San Bernardino,2021-03-05,14543,462080,7526,254453,7015,207614,2,13,7064,144511,7442,158351,7087,302862,California
San Bernardino,2021-03-06,9760,471840,5478,259931,4056,211670,226,239,4553,144098,5188,163539,4775,307637,California
San Bernardino,2021-03-07,1695,473535,1025,260956,598,212268,72,311,1064,144608,629,164168,1139,308776,California
San Bernardino,2021-03-08,8158,481693,3608,264564,4379,216647,171,482,3612,143859,4537,168705,3788,312564,California
San Bernardino,2021-03-09,13156,494849,7525,272089,5380,222027,251,733,5275,141520,7867,176572,5528,318092,California
San Bernardino,2021-03-10,14256,509105,7869,279958,5831,227858,556,1289,6346,140542,7882,184454,6904,324996,California
San Bernardino,2021-03-11,15695,524800,7268,287226,6818,234676,1609,2898,7392,141258,8280,192734,8996,333992,California
San Bernardino,2021-03-12,15644,540444,6970,294196,6622,241298,2052,4950,7334,142413,8274,201008,9429,343421,California
San Bernardino,2021-03-13,8410,548854,4580,298776,3313,244611,517,5467,4961,144459,3434,204442,5480,348901,California
San Bernardino,2021-03-14,3311,552165,1682,300458,1046,245657,583,6050,1839,145412,1465,205907,2418,351319,California
San Bernardino,2021-03-15,11445,563610,5383,305841,4028,249685,2034,8084,5410,146831,6017,211924,7436,358755,California
San Bernardino,2021-03-16,16272,579882,8055,313896,7274,256959,943,9027,9838,151216,6403,218327,10788,369543,California
San Bernardino,2021-03-17,17510,597392,8704,322600,8057,265016,749,9776,10524,155526,6962,225289,11272,380815,California
San Bernardino,2021-03-18,16790,614182,8304,330904,8095,273111,391,10167,9886,158925,6874,232163,10273,391088,California
San Bernardino,2021-03-19,17116,631298,8496,339400,8024,281135,596,10763,9781,162047,7304,239467,10426,401514,California
San Bernardino,2021-03-20,9561,640859,5984,345384,2977,284112,600,11363,5673,164454,3860,243327,6267,407781,California
San Bernardino,2021-03-21,2851,643710,2305,347689,495,284607,51,11414,2280,166227,558,243885,2331,410112,California
San Bernardino,2021-03-22,9742,653452,4601,352290,4705,289312,436,11850,7043,171033,2673,246558,7479,417591,California
San Bernardino,2021-03-23,15660,669112,8886,361176,6153,295465,621,12471,9642,175300,5993,252551,10260,427851,California
San Bernardino,2021-03-24,15227,684339,7839,369015,7080,302545,308,12779,10002,180429,5182,257733,10311,438162,California
San Bernardino,2021-03-25,17130,701469,8389,377404,8435,310980,306,13085,10765,185185,6309,264042,11065,449227,California
San Bernardino,2021-03-26,18355,719824,8708,386112,8877,319857,770,13855,10944,189522,7379,271421,11716,460943,California
San Bernardino,2021-03-27,10887,730711,7024,393136,3108,322965,755,14610,6185,191783,4677,276098,6938,467881,California
San Bernardino,2021-03-28,3651,734362,2563,395699,973,323938,115,14725,2527,193311,1114,277212,2642,470523,California
San Bernardino,2021-03-29,12081,746443,6146,401845,5533,329471,402,15127,7965,197588,4089,281301,8366,478889,California
San Bernardino,2021-03-30,17037,763480,9509,411354,6809,336280,719,15846,10529,202358,6467,287768,11237,490126,California
San Bernardino,2021-03-31,16647,780127,9372,420726,6633,342913,642,16488,10877,208139,5735,293503,11516,501642,California
San Bernardino,2021-04-01,19890,800017,10494,431220,7966,350879,1430,17918,12735,215188,7106,300609,14155,515797,California
San Bernardino,2021-04-02,18940,818957,9545,440765,8100,358979,1295,19213,11415,220445,7493,308102,12750,528547,California
San Bernardino,2021-04-03,11186,830143,6995,447760,3044,362023,1147,20360,6082,222581,5083,313185,7219,535766,California
San Bernardino,2021-04-04,2515,832658,1517,449277,746,362769,252,20612,1261,222849,1244,314429,1512,537278,California
San Bernardino,2021-04-05,11868,844526,5309,454586,4780,367549,1779,22391,6037,224852,5806,320235,7809,545087,California
San Bernardino,2021-04-06,19883,864409,11182,465768,6573,374122,2128,24519,10487,228106,9348,329583,12602,557689,California
San Bernardino,2021-04-07,21217,885626,11392,477160,7321,381443,2504,27023,11528,232467,9654,339237,14015,571704,California
San Bernardino,2021-04-08,22104,907730,11333,488493,8132,389575,2639,29662,12096,237212,9977,349214,14722,586426,California
San Bernardino,2021-04-09,21995,929725,11180,499673,8182,397757,2633,32295,11919,241712,10035,359249,14535,600961,California
San Bernardino,2021-04-10,15740,945465,8146,507819,3869,401626,3725,36020,7811,245326,7905,367154,11519,612480,California
San Bernardino,2021-04-11,4456,949921,2595,510414,894,402520,967,36987,2045,245927,2404,369558,3005,615485,California
San Bernardino,2021-04-12,13538,963459,6250,516664,5615,408135,1673,38660,6410,246903,7102,376660,8078,623563,California
San Bernardino,2021-04-13,19491,982950,11106,527770,8366,416501,19,38679,11190,249845,8270,384930,11212,634775,California
San Bernardino,2021-04-14,19553,1002503,10448,538218,9102,425603,3,38682,11013,252365,8499,393429,11019,645794,California
San Bernardino,2021-04-15,20643,1023146,11538,549756,9099,434702,6,38688,10934,253641,9665,403094,10941,656735,California
San Bernardino,2021-04-16,18910,1042056,10711,560467,8198,442900,1,38689,9260,253300,9602,412696,9261,665996,California
San Bernardino,2021-04-17,12095,1054151,7976,568443,4119,447019,0,38689,6288,253828,5760,418456,6288,672284,California
San Bernardino,2021-04-18,3239,1057390,2307,570750,932,447951,0,38689,1385,253372,1841,420297,1385,673669,California
San Bernardino,2021-04-19,12742,1070132,6810,577560,5932,453883,0,38689,4937,250538,7776,428073,4942,678611,California
San Bernardino,2021-04-20,18298,1088430,10366,587926,7929,461812,3,38692,8277,248833,9987,438060,8282,686893,California
San Bernardino,2021-04-21,19110,1107540,11235,599161,7873,469685,2,38694,8329,246456,10711,448771,8334,695227,California
San Bernardino,2021-04-22,19676,1127216,11402,610563,8270,477955,4,38698,7963,242770,11656,460427,7970,703197,California
San Bernardino,2021-04-23,18952,1146168,10997,621560,7954,485909,1,38699,8178,240234,10717,471144,8181,711378,California
San Bernardino,2021-04-24,12879,1159047,9489,631049,3388,489297,2,38701,6924,241221,5939,477083,6926,718304,California
San Bernardino,2021-04-25,3424,1162471,2239,633288,1185,490482,0,38701,1677,241171,1730,478813,1680,719984,California
San Bernardino,2021-04-26,11372,1173843,6220,639508,5062,495544,90,38791,4835,239602,6495,485308,4926,724910,California
San Bernardino,2021-04-27,16755,1190598,10174,649682,6369,501913,212,39003,6876,236855,9835,495143,7088,731998,California
San Bernardino,2021-04-28,15113,1205711,9095,658777,5740,507653,278,39281,5471,232979,9616,504759,5740,737738,California
San Bernardino,2021-04-29,16621,1222332,9701,668478,6652,514305,268,39549,5575,227813,11006,515765,5840,743578,California
San Bernardino,2021-04-30,16881,1239213,10751,679229,5849,520154,281,39830,6275,223803,10564,526329,6554,750132,California
San Bernardino,2021-05-01,10791,1250004,8431,687660,2046,522200,314,40144,3737,220802,7047,533376,4046,754178,California
San Bernardino,2021-05-02,2953,1252957,2135,689795,687,522887,131,40275,1050,220091,1891,535267,1180,755358,California
San Bernardino,2021-05-03,10072,1263029,5794,695589,3874,526761,404,40679,2905,216246,7155,542422,3310,758668,California
San Bernardino,2021-05-04,16053,1279082,9850,705439,5746,532507,457,41136,4684,210059,11325,553747,5138,763806,California
San Bernardino,2021-05-05,15758,1294840,9212,714651,6133,538640,413,41549,4452,203662,11257,565004,4860,768666,California
San Bernardino,2021-05-06,16078,1310918,9268,723919,6395,545035,415,41964,4399,196841,11633,576637,4812,773478,California
San Bernardino,2021-05-07,15704,1326622,8877,732796,6449,551484,378,42342,4672,190914,10973,587610,5046,778524,California
San Bernardino,2021-05-08,9588,1336210,6433,739229,2888,554372,267,42609,3302,188232,6251,593861,3569,782093,California
San Bernardino,2021-05-09,2078,1338288,1376,740605,612,554984,90,42699,832,187915,1239,595100,922,783015,California
San Bernardino,2021-05-10,7688,1345976,3563,744168,3807,558791,318,43017,2367,185323,5274,600374,2682,785697,California
San Bernardino,2021-05-11,12604,1358580,7085,751253,5158,563949,361,43378,4039,181203,8520,608894,4400,790097,California
San Bernardino,2021-05-12,12840,1371420,7038,758291,5486,569435,316,43694,3653,176035,9136,618030,3968,794065,California
San Bernardino,2021-05-13,13514,1384934,8207,766498,4955,574390,352,44046,5294,173500,8174,626204,5639,799704,California
San Bernardino,2021-05-14,14006,1398940,9369,775867,4298,578688,339,44385,5817,171524,8132,634336,6156,805860,California
San Bernardino,2021-05-15,11438,1410378,8521,784388,2728,581416,189,44574,4656,169613,6750,641086,4839,810699,California
San Bernardino,2021-05-16,3118,1413496,2377,786765,679,582095,62,44636,1559,169694,1540,642626,1621,812320,California
San Bernardino,2021-05-17,10103,1423599,6818,793583,2992,585087,293,44929,4493,168905,5571,648197,4782,817102,California
San Bernardino,2021-05-18,13786,1437385,9160,802743,4378,589465,248,45177,6181,167753,7577,655774,6425,823527,California
San Bernardino,2021-05-19,11560,1448945,7238,809981,3942,593407,380,45557,5211,167029,6310,662084,5586,829113,California
San Bernardino,2021-05-20,11630,1460575,6962,816943,4351,597758,317,45874,5032,165822,6556,668640,5349,834462,California
San Bernardino,2021-05-21,12616,1473191,8352,825295,3882,601640,382,46256,5348,164333,7214,675854,5725,840187,California
San Bernardino,2021-05-22,8940,1482131,6702,831997,2030,603670,208,46464,4274,164193,4618,680472,4478,844665,California
San Bernardino,2021-05-23,2445,1484576,1557,833554,796,604466,92,46556,1138,164126,1296,681768,1229,845894,California
San Bernardino,2021-05-24,6971,1491547,4463,838017,2202,606668,306,46862,3087,163690,3828,685596,3392,849286,California
San Bernardino,2021-05-25,9335,1500882,5729,843746,3349,610017,257,47119,4105,162856,5192,690788,4358,853644,California
San Bernardino,2021-05-26,8252,1509134,5240,848986,2761,612778,251,47370,3745,162383,4463,695251,3990,857634,California
San Bernardino,2021-05-27,7674,1516808,4664,853650,2772,615550,238,47608,3455,161896,4180,699431,3693,861327,California
San Bernardino,2021-05-28,8819,1525627,5483,859133,3058,618608,278,47886,4372,162145,4399,703830,4648,865975,California
San Bernardino,2021-05-29,5070,1530697,3382,862515,1569,620177,119,48005,2569,162351,2481,706311,2687,868662,California
San Bernardino,2021-05-30,1753,1532450,1240,863755,433,620610,80,48085,852,162389,893,707204,931,869593,California
San Bernardino,2021-05-31,897,1533347,568,864323,312,620922,17,48102,319,162153,573,707777,337,869930,California
San Bernardino,2021-06-01,8653,1542000,5559,869882,2847,623769,247,48349,3367,160534,5230,713007,3611,873541,California
San Bernardino,2021-06-02,6851,1548851,4311,874193,2299,626068,241,48590,2885,159724,3932,716939,3122,876663,California
San Bernardino,2021-06-03,7979,1556830,5385,879578,2395,628463,199,48789,2704,157376,5251,722190,2903,879566,California
San Bernardino,2021-06-04,9148,1565978,6189,885767,2667,631130,292,49081,3137,154843,5961,728151,3428,882994,California
San Bernardino,2021-06-05,6563,1572541,5013,890780,1423,632553,127,49208,2251,152928,4289,732440,2374,885368,California
San Bernardino,2021-06-06,2037,1574578,1701,892481,272,632825,64,49272,673,152310,1355,733795,737,886105,California
San Bernardino,2021-06-07,6309,1580887,4909,897390,1186,634011,214,49486,1967,150172,4317,738112,2179,888284,California
San Bernardino,2021-06-08,8442,1589329,6129,903519,2088,636099,225,49711,2608,147233,5766,743878,2827,891111,California
San Bernardino,2021-06-09,7012,1596341,4989,908508,1831,637930,192,49903,2276,145019,4683,748561,2469,893580,California
San Bernardino,2021-06-10,7095,1603436,5009,913517,1881,639811,205,50108,2230,142635,4818,753379,2434,896014,California
San Bernardino,2021-06-11,8067,1611503,5634,919151,2201,642012,232,50340,2919,140681,5103,758482,3149,899163,California
San Bernardino,2021-06-12,5904,1617407,4649,923800,1133,643145,122,50462,1711,138348,4168,762650,1835,900998,California
San Bernardino,2021-06-13,1496,1618903,1062,924862,363,643508,71,50533,402,137730,1090,763740,472,901470,California
San Bernardino,2021-06-14,4927,1623830,3559,928421,1148,644656,220,50753,1804,136657,3095,766835,2022,903492,California
San Bernardino,2021-06-15,7184,1631014,5077,933498,1858,646514,249,51002,2566,134901,4566,771401,2810,906302,California
San Bernardino,2021-06-16,6361,1637375,4531,938029,1608,648122,222,51224,2332,133475,3981,775382,2555,908857,California
San Bernardino,2021-06-17,5668,1643043,3980,942009,1525,649647,163,51387,2210,132428,3419,778801,2372,911229,California
San Bernardino,2021-06-18,6871,1649914,4612,946621,2019,651666,240,51627,2575,130981,4259,783060,2812,914041,California
San Bernardino,2021-06-19,4064,1653978,3034,949655,898,652564,132,51759,1748,130566,2293,785353,1878,915919,California
San Bernardino,2021-06-20,1465,1655443,1126,950781,279,652843,60,51819,584,130336,874,786227,644,916563,California
San Bernardino,2021-06-21,3603,1659046,2333,953114,1040,653883,230,52049,2013,131004,1573,787800,2241,918804,California
San Bernardino,2021-06-22,5699,1664745,3879,956993,1604,655487,216,52265,2285,130122,3385,791185,2503,921307,California
San Bernardino,2021-06-23,5064,1669809,3591,960584,1273,656760,200,52465,2131,129546,2903,794088,2327,923634,California
San Bernardino,2021-06-24,4877,1674686,3387,963971,1279,658039,211,52676,2085,129075,2762,796850,2291,925925,California
San Bernardino,2021-06-25,5843,1680529,4129,968100,1508,659547,206,52882,2546,128554,3270,800120,2749,928674,California
San Bernardino,2021-06-26,3578,1684107,2727,970827,775,660322,76,52958,1666,128404,1891,802011,1741,930415,California
San Bernardino,2021-06-27,1448,1685555,1152,971979,244,660566,52,53010,677,128368,765,802776,729,931144,California
San Bernardino,2021-06-28,3492,1689047,2753,974732,589,661155,150,53160,1713,128465,1765,804541,1862,933006,California
San Bernardino,2021-06-29,5216,1694263,3773,978505,1260,662415,183,53343,2374,128197,2819,807360,2551,935557,California
San Bernardino,2021-06-30,4602,1698865,3245,981750,1182,663597,175,53518,2290,128373,2285,809645,2461,938018,California
San Bernardino,2021-07-01,4175,1703040,3004,984754,1004,664601,167,53685,2062,128509,2093,811738,2229,940247,California
San Bernardino,2021-07-02,5095,1708135,3662,988416,1285,665886,148,53833,2399,128397,2659,814397,2547,942794,California
San Bernardino,2021-07-03,2538,1710673,1913,990329,570,666456,55,53888,1225,128378,1299,815696,1280,944074,California
San Bernardino,2021-07-04,212,1710885,146,990475,62,666518,4,53892,114,128399,97,815793,118,944192,California
San Bernardino,2021-07-05,2287,1713172,1768,992243,468,666986,51,53943,1117,128411,1156,816949,1168,945360,California
San Bernardino,2021-07-06,3437,1716609,2692,994935,626,667612,119,54062,1424,127950,2005,818954,1544,946904,California
San Diego,2020-12-15,121,121,121,121,0,0,0,0,121,121,0,0,121,121,California
San Diego,2020-12-16,1079,1200,1079,1200,0,0,0,0,1079,1200,0,0,1079,1200,California
San Diego,2020-12-17,2324,3524,2324,3524,0,0,0,0,2324,3524,0,0,2324,3524,California
San Diego,2020-12-18,3609,7133,3608,7132,1,1,0,0,3609,7133,0,0,3609,7133,California
San Diego,2020-12-19,2269,9402,2269,9401,0,1,0,0,2269,9402,0,0,2269,9402,California
San Diego,2020-12-20,1148,10550,1147,10548,1,2,0,0,1148,10550,0,0,1148,10550,California
San Diego,2020-12-21,3460,14010,3458,14006,2,4,0,0,3460,14010,0,0,3460,14010,California
San Diego,2020-12-22,4020,18030,3383,17389,637,641,0,0,4020,18030,0,0,4020,18030,California
San Diego,2020-12-23,3159,21189,1958,19347,1201,1842,0,0,3159,21189,0,0,3159,21189,California
San Diego,2020-12-24,2703,23892,2189,21536,514,2356,0,0,2703,23892,0,0,2703,23892,California
San Diego,2020-12-25,857,24749,856,22392,1,2357,0,0,857,24749,0,0,857,24749,California
San Diego,2020-12-26,3199,27948,2129,24521,1070,3427,0,0,3199,27948,0,0,3199,27948,California
San Diego,2020-12-27,2479,30427,1594,26115,885,4312,0,0,2478,30425,1,1,2478,30426,California
San Diego,2020-12-28,5832,36259,4156,30271,1676,5988,0,0,5832,36257,0,1,5832,36258,California
San Diego,2020-12-29,5499,41758,2944,33215,2555,8543,0,0,5499,41756,0,1,5499,41757,California
San Diego,2020-12-30,5849,47607,3047,36262,2802,11345,0,0,5849,47605,0,1,5849,47606,California
San Diego,2020-12-31,2970,50577,1031,37293,1939,13284,0,0,2970,50575,0,1,2970,50576,California
San Diego,2021-01-01,992,51569,442,37735,550,13834,0,0,992,51567,0,1,992,51568,California
San Diego,2021-01-02,3666,55235,1287,39022,2379,16213,0,0,3666,55233,0,1,3666,55234,California
San Diego,2021-01-03,833,56068,621,39643,212,16425,0,0,832,56065,0,1,832,56066,California
San Diego,2021-01-04,3647,59715,2021,41664,1626,18051,0,0,3641,59706,0,1,3641,59707,California
San Diego,2021-01-05,4299,64014,2147,43811,2152,20203,0,0,3714,62850,582,583,3726,63433,California
San Diego,2021-01-06,4841,68855,2255,46066,2586,22789,0,0,3640,65314,1180,1763,3644,67077,California
San Diego,2021-01-07,5550,74405,2931,48997,2619,25408,0,0,3436,66650,2109,3872,3445,70522,California
San Diego,2021-01-08,7803,82208,4897,53894,2906,28314,0,0,4068,67016,3719,7591,4085,74607,California
San Diego,2021-01-09,3417,85625,1907,55801,1510,29824,0,0,1893,67406,1514,9105,1904,76511,California
San Diego,2021-01-10,1847,87472,1277,57078,570,30394,0,0,758,67097,1077,10182,768,77279,California
San Diego,2021-01-11,10194,97666,5796,62874,4398,34792,0,0,6705,70338,3482,13664,6723,84002,California
San Diego,2021-01-12,11004,108670,5261,68135,5743,40535,0,0,7660,74773,3335,16999,7770,91772,California
San Diego,2021-01-13,11287,119957,4986,73121,6301,46836,0,0,8771,81066,2505,19504,8798,100570,California
San Diego,2021-01-14,11959,131916,4518,77639,7441,54277,0,0,9834,88816,2118,21622,9868,110438,California
San Diego,2021-01-15,14789,146705,5233,82872,9556,63833,0,0,12187,98478,2584,24206,12246,122684,California
San Diego,2021-01-16,10532,157237,3552,86424,6980,70813,0,0,9099,106180,1429,25635,9131,131815,California
San Diego,2021-01-17,8471,165708,2431,88855,6040,76853,0,0,7645,113018,826,26461,7664,139479,California
San Diego,2021-01-18,12663,178371,6220,95075,6443,83296,0,0,9854,120159,2778,29239,9919,149398,California
San Diego,2021-01-19,14409,192780,5625,100700,8784,92080,0,0,11315,128650,3085,32324,11576,160974,California
San Diego,2021-01-20,18073,210853,6333,107033,11740,103820,0,0,14773,140327,3280,35604,14957,175931,California
San Diego,2021-01-21,17035,227888,5747,112780,11288,115108,0,0,15666,154778,1360,36964,15811,191742,California
San Diego,2021-01-22,17211,245099,4586,117366,12625,127733,0,0,15210,168085,1988,38952,15295,207037,California
San Diego,2021-01-23,14062,259161,5197,122563,8865,136598,0,0,11800,177696,2251,41203,11862,218899,California
San Diego,2021-01-24,11573,270734,3249,125812,8324,144922,0,0,10610,187389,961,42164,10654,229553,California
San Diego,2021-01-25,11983,282717,5668,131480,6315,151237,0,0,9008,193588,2966,45130,9165,238718,California
San Diego,2021-01-26,14964,297681,7816,139296,7148,158385,0,0,11574,201965,3388,48518,11765,250483,California
San Diego,2021-01-27,20170,317851,7836,147132,12334,170719,0,0,17177,216306,2983,51501,17324,267807,California
San Diego,2021-01-28,20899,338750,7588,154720,13311,184030,0,0,18652,232810,2236,53737,18740,286547,California
San Diego,2021-01-29,19214,357964,6301,161021,12913,196943,0,0,16783,247224,2420,56157,16834,303381,California
San Diego,2021-01-30,15427,373391,3504,164525,11923,208866,0,0,12783,257479,2633,58790,12888,316269,California
San Diego,2021-01-31,14478,387869,5688,170213,8790,217656,0,0,14129,271297,345,59135,14163,330432,California
San Diego,2021-02-01,20429,408298,7434,177647,12995,230651,0,0,16937,284832,3479,62614,17014,347446,California
San Diego,2021-02-02,22495,430793,8284,185931,14211,244862,0,0,19260,301030,3225,65839,19423,366869,California
San Diego,2021-02-03,27116,457909,11599,197530,15517,260379,0,0,22889,319896,4206,70045,23072,389941,California
San Diego,2021-02-04,23799,481708,9793,207323,14006,274385,0,0,19250,334890,4534,74579,19528,409469,California
San Diego,2021-02-05,24238,505946,8596,215919,15642,290027,0,0,17825,346781,6389,80968,18280,427749,California
San Diego,2021-02-06,20395,526341,8448,224367,11947,301974,0,0,17184,360979,3208,84176,17406,445155,California
San Diego,2021-02-07,11898,538239,5307,229674,6591,308565,0,0,10054,369452,1833,86009,10306,455461,California
San Diego,2021-02-08,19788,558027,8416,238090,11372,319937,0,0,12424,375202,7350,93359,13100,468561,California
San Diego,2021-02-09,20148,578175,8240,246330,11908,331845,0,0,12968,382067,7159,100518,14024,482585,California
San Diego,2021-02-10,22604,600779,9264,255594,13340,345185,0,0,13633,388131,8921,109439,14985,497570,California
San Diego,2021-02-11,23465,624244,10082,265676,13383,358568,0,0,12551,391454,10890,120329,14213,511783,California
San Diego,2021-02-12,23271,647515,7282,272958,15989,374557,0,0,11546,393541,11707,132036,13794,525577,California
San Diego,2021-02-13,19743,667258,8960,281918,10783,385340,0,0,10742,396455,8994,141030,11908,537485,California
San Diego,2021-02-14,11020,678278,7326,289244,3694,389034,0,0,6130,399190,4886,145916,7621,545106,California
San Diego,2021-02-15,14971,693249,7562,296806,7409,396443,0,0,7583,402449,7365,153281,10624,555730,California
San Diego,2021-02-16,19003,712252,11093,307899,7910,404353,0,0,9040,404472,9950,163231,11973,567703,California
San Diego,2021-02-17,22964,735216,10733,318632,12231,416584,0,0,7841,400197,15108,178339,10833,578536,California
San Diego,2021-02-18,23287,758503,11915,330547,11372,427956,0,0,7641,396226,15634,193973,11663,590199,California
San Diego,2021-02-19,15674,774177,10904,341451,4770,432726,0,0,6373,395252,9279,203252,8305,598504,California
San Diego,2021-02-20,10075,784252,6308,347759,3767,436493,0,0,5624,398290,4449,207701,7487,605991,California
San Diego,2021-02-21,11451,795703,10044,357803,1407,437900,0,0,5028,398391,6416,214117,6517,612508,California
San Diego,2021-02-22,12367,808070,10565,368368,1802,439702,0,0,5580,398808,6781,220898,7198,619706,California
San Diego,2021-02-23,25215,833285,14101,382469,11114,450816,0,0,9223,397863,15982,236880,15037,634743,California
San Diego,2021-02-24,28579,861864,12698,395167,15881,466697,0,0,6627,389886,21931,258811,13954,648697,California
San Diego,2021-02-25,32521,894385,14426,409593,18095,484792,0,0,9794,385261,22705,281516,18080,666777,California
San Diego,2021-02-26,32692,927077,12138,421731,20554,505346,0,0,11664,382940,20994,302510,18673,685450,California
San Diego,2021-02-27,20732,947809,9370,431101,11362,516708,0,0,11097,388580,9629,312139,15269,700719,California
San Diego,2021-02-28,14920,962729,9754,440855,5166,521874,0,0,9253,394892,5665,317804,11977,712696,California
San Diego,2021-03-01,23954,986683,14133,454988,9820,531694,1,1,14510,403835,9364,327168,18307,731003,California
San Diego,2021-03-02,25807,1012490,13894,468882,11913,543607,0,1,12555,409757,13240,340408,19162,750165,California
San Diego,2021-03-03,33529,1046019,15786,484668,17740,561347,3,4,13830,410754,19674,360082,20671,770836,California
San Diego,2021-03-04,27851,1073870,13885,498553,13966,575313,0,4,12391,414348,15438,375520,19032,789868,California
San Diego,2021-03-05,28477,1102347,14667,513220,13730,589043,80,84,13296,419147,15153,390673,19952,809820,California
San Diego,2021-03-06,23038,1125385,9407,522627,12935,601978,696,780,10167,421747,12856,403529,15456,825276,California
San Diego,2021-03-07,17946,1143331,9138,531765,8240,610218,568,1348,6823,421597,11109,414638,10959,836235,California
San Diego,2021-03-08,22717,1166048,11048,542813,10763,620981,906,2254,11271,427111,11423,426061,16937,853172,California
San Diego,2021-03-09,25432,1191480,11708,554521,11971,632952,1753,4007,9956,427217,15460,441521,15566,868738,California
San Diego,2021-03-10,25089,1216569,10509,565030,12192,645144,2388,6395,9925,428362,15148,456669,16293,885031,California
San Diego,2021-03-11,28074,1244643,10793,575823,13761,658905,3520,9915,9771,427271,18278,474947,17187,902218,California
San Diego,2021-03-12,26898,1271541,9413,585236,14377,673282,3108,13023,9815,426739,17070,492017,16538,918756,California
San Diego,2021-03-13,25880,1297421,7195,592431,16926,690208,1759,14782,10007,426728,15868,507885,15857,934613,California
San Diego,2021-03-14,13687,1311108,5411,597842,7542,697750,734,15516,4764,425581,8914,516799,7767,942380,California
San Diego,2021-03-15,21769,1332877,10035,607877,10951,708701,783,16299,8965,425579,12787,529586,12785,955165,California
San Diego,2021-03-16,29551,1362428,15484,623361,13652,722353,415,16714,15609,430644,13918,543504,18983,974148,California
San Diego,2021-03-17,26394,1388822,12139,635500,13538,735891,717,17431,16956,440925,9421,552925,19702,993850,California
San Diego,2021-03-18,31125,1419947,17504,653004,12699,748590,922,18353,16943,446135,14147,567072,19357,1013207,California
San Diego,2021-03-19,30095,1450042,14265,667269,14777,763367,1053,19406,19282,456862,10792,577864,21519,1034726,California
San Diego,2021-03-20,27671,1477713,8415,675684,17482,780849,1774,21180,21328,474715,6330,584194,24183,1058909,California
San Diego,2021-03-21,16269,1493982,11863,687547,3711,784560,695,21875,7646,475761,8609,592803,9655,1068564,California
San Diego,2021-03-22,22398,1516380,13055,700602,9057,793617,286,22161,14267,484947,8117,600920,17303,1085867,California
San Diego,2021-03-23,25714,1542094,13482,714084,11946,805563,286,22447,17025,495606,8675,609595,19334,1105201,California
San Diego,2021-03-24,29285,1571379,19574,733658,9323,814886,388,22835,16985,502713,12287,621882,19394,1124595,California
San Diego,2021-03-25,30137,1601516,18142,751800,11313,826199,682,23517,17891,511160,12224,634106,20671,1145266,California
San Diego,2021-03-26,31832,1633348,17802,769602,13515,839714,515,24032,17378,517424,14428,648534,20692,1165958,California
San Diego,2021-03-27,25363,1658711,11047,780649,13936,853650,380,24412,15612,525929,9732,658266,18237,1184195,California
San Diego,2021-03-28,15249,1673960,9385,790034,5806,859456,58,24470,9303,531002,5940,664206,11013,1195208,California
San Diego,2021-03-29,26581,1700541,12843,802877,13107,872563,631,25101,16359,540216,10211,674417,19425,1214633,California
San Diego,2021-03-30,33060,1733601,17801,820678,14467,887030,792,25893,21886,553558,11159,685576,24501,1239134,California
San Diego,2021-03-31,30303,1763904,18706,839384,10889,897919,708,26601,20557,566200,9727,695303,22369,1261503,California
San Diego,2021-04-01,34125,1798029,19918,859302,12726,910645,1481,28082,23117,581129,10984,706287,25913,1287416,California
San Diego,2021-04-02,35604,1833633,20598,879900,12227,922872,2779,30861,23999,597751,11586,717873,28208,1315624,California
San Diego,2021-04-03,30729,1864362,14409,894309,11705,934577,4615,35476,19585,612018,11129,729002,25396,1341020,California
San Diego,2021-04-04,8989,1873351,5161,899470,2910,937487,918,36394,4777,613683,4206,733208,5871,1346891,California
San Diego,2021-04-05,29632,1902983,15336,914806,11598,949085,2698,39092,19223,627678,10391,743599,24386,1371277,California
San Diego,2021-04-06,38545,1941528,20289,935095,12353,961438,5903,44995,22164,641489,16361,759960,30172,1401449,California
San Diego,2021-04-07,35966,1977494,21863,956958,9553,970991,4550,49545,20237,651780,15704,775664,25995,1427444,California
San Diego,2021-04-08,34996,2012490,21256,978214,9610,980601,4130,53675,21136,665765,13839,789503,27824,1455268,California
San Diego,2021-04-09,38161,2050651,22755,1000969,10218,990819,5188,58863,20595,677334,17502,807005,29071,1484339,California
San Diego,2021-04-10,28977,2079628,11716,1012685,13262,1004081,3999,62862,14926,685229,14040,821045,21935,1506274,California
San Diego,2021-04-11,16138,2095766,9984,1022669,3859,1007940,2295,65157,7130,688651,9004,830049,12426,1518700,California
San Diego,2021-04-12,30628,2126394,12848,1035517,13503,1021443,4277,69434,17000,699973,13612,843661,24934,1543634,California
San Diego,2021-04-13,36907,2163301,17685,1053202,19187,1040630,35,69469,24470,714890,12415,856076,27332,1570966,California
San Diego,2021-04-14,32856,2196157,18829,1072031,14014,1054644,13,69482,17674,721743,15167,871243,22020,1592986,California
San Diego,2021-04-15,39276,2235433,20347,1092378,18920,1073564,9,69491,23755,732874,15496,886739,26627,1619613,California
San Diego,2021-04-16,33580,2269013,18462,1110840,15115,1088679,3,69494,19395,740521,14126,900865,21773,1641386,California
San Diego,2021-04-17,27866,2296879,13535,1124375,14331,1103010,0,69494,12288,740387,15482,916347,15348,1656734,California
San Diego,2021-04-18,14633,2311512,9089,1133464,5541,1108551,3,69497,6761,742264,7859,924206,9736,1666470,California
San Diego,2021-04-19,26568,2338080,13576,1147040,12990,1121541,2,69499,12448,742340,14100,938306,14176,1680646,California
San Diego,2021-04-20,39622,2377702,18399,1165439,21221,1142762,2,69501,20194,746086,19405,957711,23151,1703797,California
San Diego,2021-04-21,36406,2414108,22010,1187449,14396,1157158,0,69501,17521,748066,18844,976555,20824,1724621,California
San Diego,2021-04-22,44929,2459037,23304,1210753,21621,1178779,4,69505,22448,751121,22437,998992,25492,1750113,California
San Diego,2021-04-23,42719,2501756,26520,1237273,16197,1194976,2,69507,15979,743583,26703,1025695,19165,1769278,California
San Diego,2021-04-24,34912,2536668,18899,1256172,15998,1210974,15,69522,15564,743030,19307,1045002,18754,1788032,California
San Diego,2021-04-25,12633,2549301,7668,1263840,4964,1215938,1,69523,5856,743515,6765,1051767,7250,1795282,California
San Diego,2021-04-26,33494,2582795,16798,1280638,16557,1232495,139,69662,11773,738138,21698,1073465,16321,1811603,California
San Diego,2021-04-27,44806,2627601,24676,1305314,19577,1252072,553,70215,19749,736497,25013,1098478,23372,1834975,California
San Diego,2021-04-28,38474,2666075,22821,1328135,14977,1267049,676,70891,17425,735841,21006,1119484,20350,1855325,California
San Diego,2021-04-29,38323,2704398,24464,1352599,13202,1280251,657,71548,15575,731073,22712,1142196,17944,1873269,California
San Diego,2021-04-30,38266,2742664,23241,1375840,13943,1294194,1082,72630,15037,725854,23190,1165386,17971,1891240,California
San Diego,2021-05-01,24216,2766880,10676,1386516,12902,1307096,638,73268,9501,723446,14705,1180091,12297,1903537,California
San Diego,2021-05-02,10611,2777491,7433,1393949,2596,1309692,582,73850,3227,720208,7380,1187471,4142,1907679,California
San Diego,2021-05-03,25201,2802692,12391,1406340,11659,1321351,1151,75001,9254,715507,15924,1203395,11223,1918902,California
San Diego,2021-05-04,32042,2834734,17828,1424168,12936,1334287,1278,76279,11559,708987,20456,1223851,13936,1932838,California
San Diego,2021-05-05,27999,2862733,17241,1441409,9477,1343764,1281,77560,10590,704496,17386,1241237,12895,1945733,California
San Diego,2021-05-06,28534,2891267,18965,1460374,8658,1352422,911,78471,10766,700884,17738,1258975,14126,1959859,California
San Diego,2021-05-07,29729,2920996,19471,1479845,9218,1361640,1040,79511,11022,695490,18673,1277648,13279,1973138,California
San Diego,2021-05-08,23103,2944099,11105,1490950,11255,1372895,743,80254,7254,689102,15822,1293470,9434,1982572,California
San Diego,2021-05-09,7541,2951640,5666,1496616,1462,1374357,413,80667,2577,687555,4958,1298428,3411,1985983,California
San Diego,2021-05-10,21757,2973397,8657,1505273,12281,1386638,819,81486,5869,679665,15858,1314286,7968,1993951,California
San Diego,2021-05-11,28800,3002197,12230,1517503,15753,1402391,817,82303,10101,673634,18670,1332956,12639,2006590,California
San Diego,2021-05-12,23111,3025308,12644,1530147,9592,1411983,875,83178,8320,669201,14761,1347717,10328,2016918,California
San Diego,2021-05-13,31441,3056749,19074,1549221,11729,1423712,638,83816,13032,667113,18351,1366068,16263,2033181,California
San Diego,2021-05-14,30878,3087627,19816,1569037,10225,1433937,837,84653,13994,667193,16840,1382908,16920,2050101,California
San Diego,2021-05-15,26172,3113799,16475,1585512,8875,1442812,822,85475,10821,664510,15295,1398203,12612,2062713,California
San Diego,2021-05-16,13701,3127500,10227,1595739,2912,1445724,562,86037,6740,665257,6949,1405152,7696,2070409,California
San Diego,2021-05-17,21385,3148885,12968,1608707,7673,1453397,744,86781,8839,663206,12507,1417659,10456,2080865,California
San Diego,2021-05-18,34230,3183115,19399,1628106,13968,1467365,863,87644,13266,657843,20932,1438591,15569,2096434,California
San Diego,2021-05-19,28398,3211513,17816,1645922,9802,1477167,780,88424,11958,655309,16408,1454999,13874,2110308,California
San Diego,2021-05-20,34799,3246312,19248,1665170,14731,1491898,820,89244,11663,646240,23106,1478105,14037,2124345,California
San Diego,2021-05-21,27012,3273324,17162,1682332,8862,1500760,988,90232,10839,643176,16141,1494246,13077,2137422,California
San Diego,2021-05-22,21531,3294855,12416,1694748,7865,1508625,1250,91482,8986,642022,12522,1506768,11368,2148790,California
San Diego,2021-05-23,7350,3302205,5248,1699996,1794,1510419,308,91790,3480,642347,3847,1510615,4172,2152962,California
San Diego,2021-05-24,17863,3320068,9138,1709134,6814,1517233,1911,93701,6416,640107,11427,1522042,9187,2162149,California
San Diego,2021-05-25,24325,3344393,13099,1722233,9358,1526591,1868,95569,8457,635759,15839,1537881,11491,2173640,California
San Diego,2021-05-26,19130,3363523,10599,1732832,6520,1533111,2011,97580,6582,632701,12519,1550400,9461,2183101,California
San Diego,2021-05-27,20624,3384147,11953,1744785,6281,1539392,2390,99970,6933,629457,13671,1564071,10427,2193528,California
San Diego,2021-05-28,21260,3405407,13192,1757977,7359,1546751,709,100679,8362,626789,12880,1576951,10212,2203740,California
San Diego,2021-05-29,11991,3417398,7576,1765553,3924,1550675,491,101170,5155,626134,6823,1583774,6168,2209908,California
San Diego,2021-05-30,4672,3422070,3192,1768745,1102,1551777,378,101548,2002,626081,2664,1586438,2611,2212519,California
San Diego,2021-05-31,2585,3424655,1743,1770488,671,1552448,171,101719,848,625496,1730,1588168,1145,2213664,California
San Diego,2021-06-01,21269,3445924,11333,1781821,8307,1560755,1629,103348,5759,618340,15484,1603652,8328,2221992,California
San Diego,2021-06-02,17069,3462993,8813,1790634,6185,1566940,2071,105419,5473,615042,11570,1615222,8272,2230264,California
San Diego,2021-06-03,19203,3482196,12005,1802639,5397,1572337,1801,107220,5168,609041,14014,1629236,8013,2238277,California
San Diego,2021-06-04,19823,3502019,13848,1816487,5358,1577695,617,107837,5723,603211,14070,1643306,8240,2246517,California
San Diego,2021-06-05,15814,3517833,12036,1828523,2996,1580691,782,108619,4479,598137,11320,1654626,6246,2252763,California
San Diego,2021-06-06,5603,3523436,4529,1833052,763,1581454,311,108930,1581,596839,4011,1658637,2713,2255476,California
San Diego,2021-06-07,12794,3536230,8043,1841095,3402,1584856,1349,110279,3541,593246,9234,1667871,5641,2261117,California
San Diego,2021-06-08,20480,3556710,14474,1855569,4119,1588975,1887,112166,4995,585715,15472,1683343,7941,2269058,California
San Diego,2021-06-09,17035,3573745,11349,1866918,3736,1592711,1950,114116,4364,580333,12657,1696000,7275,2276333,California
San Diego,2021-06-10,17877,3591622,11867,1878785,3932,1596643,2078,116194,4367,574382,13484,1709484,7533,2283866,California
San Diego,2021-06-11,15806,3607428,10072,1888857,4383,1601026,1351,117545,4311,569514,11464,1720948,6596,2290462,California
San Diego,2021-06-12,11009,3618437,8442,1897299,2145,1603171,422,117967,3162,565917,7828,1728776,4231,2294693,California
San Diego,2021-06-13,4155,3622592,3107,1900406,843,1604014,205,118172,1002,564380,3147,1731923,1610,2296303,California
San Diego,2021-06-14,12626,3635218,7580,1907986,2855,1606869,2191,120363,3556,561731,9056,1740979,6407,2302710,California
San Diego,2021-06-15,17901,3653119,10259,1918245,4205,1611074,3437,123800,4704,557615,13187,1754166,9071,2311781,California
San Diego,2021-06-16,13951,3667070,8868,1927113,2770,1613844,2313,126113,4449,555682,9489,1763655,7556,2319337,California
San Diego,2021-06-17,14745,3681815,8482,1935595,3426,1617270,2837,128950,4170,552784,10563,1774218,7665,2327002,California
San Diego,2021-06-18,14150,3695965,8749,1944344,3573,1620843,1828,130778,4420,550119,9718,1783936,7053,2334055,California
San Diego,2021-06-19,7539,3703504,5567,1949911,1512,1622355,460,131238,2749,549094,4769,1788705,3744,2337799,California
San Diego,2021-06-20,3107,3706611,2259,1952170,649,1623004,199,131437,1150,548712,1952,1790657,1570,2339369,California
San Diego,2021-06-21,9125,3715736,5151,1957321,2430,1625434,1544,132981,3894,549472,5224,1795881,5984,2345353,California
San Diego,2021-06-22,11290,3727026,7563,1964884,2585,1628019,1142,134123,4439,548908,6844,1802725,6280,2351633,California
San Diego,2021-06-23,10824,3737850,7042,1971926,2336,1630355,1446,135569,4424,549040,6391,1809116,6523,2358156,California
San Diego,2021-06-24,10055,3747905,6538,1978464,2752,1633107,765,136334,4050,548489,5996,1815112,5445,2363601,California
San Diego,2021-06-25,10618,3758523,7387,1985851,2628,1635735,603,136937,4114,547347,6495,1821607,5353,2368954,California
San Diego,2021-06-26,6683,3765206,5241,1991092,1133,1636868,309,137246,2676,546917,3997,1825604,3567,2372521,California
San Diego,2021-06-27,3015,3768221,2308,1993400,500,1637368,207,137453,1332,547020,1680,1827284,1783,2374304,California
San Diego,2021-06-28,7208,3775429,5308,1998708,1385,1638753,515,137968,3373,547565,3830,1831114,4375,2378679,California
San Diego,2021-06-29,8766,3784195,6097,2004805,1993,1640746,676,138644,3644,547372,5108,1836222,4915,2383594,California
San Diego,2021-06-30,8203,3792398,6056,2010861,1633,1642379,514,139158,3558,547384,4633,1840855,4645,2388239,California
San Diego,2021-07-01,7274,3799672,5015,2015876,1863,1644242,396,139554,3139,547338,4124,1844979,4078,2392317,California
San Diego,2021-07-02,7461,3807133,5126,2021002,1921,1646163,414,139968,3183,547207,4258,1849237,4127,2396444,California
San Diego,2021-07-03,4181,3811314,3148,2024150,864,1647027,169,140137,1904,547329,2271,1851508,2393,2398837,California
San Diego,2021-07-04,419,3811733,279,2024429,57,1647084,83,140220,155,547359,264,1851772,294,2399131,California
San Diego,2021-07-05,3953,3815686,2844,2027273,820,1647904,289,140509,1867,547728,2082,1853854,2451,2401582,California
San Diego,2021-07-06,3516,3819202,2778,2030051,509,1648413,229,140738,1350,547571,2160,1856014,2003,2403585,California
San Francisco,2020-12-15,6,6,6,6,0,0,0,0,6,6,0,0,6,6,California
San Francisco,2020-12-16,233,239,233,239,0,0,0,0,233,239,0,0,233,239,California
San Francisco,2020-12-17,416,655,416,655,0,0,0,0,416,655,0,0,416,655,California
San Francisco,2020-12-18,907,1562,906,1561,1,1,0,0,907,1562,0,0,907,1562,California
San Francisco,2020-12-19,611,2173,611,2172,0,1,0,0,611,2173,0,0,611,2173,California
San Francisco,2020-12-20,480,2653,480,2652,0,1,0,0,480,2653,0,0,480,2653,California
San Francisco,2020-12-21,1164,3817,1164,3816,0,1,0,0,1164,3817,0,0,1164,3817,California
San Francisco,2020-12-22,1395,5212,1361,5177,34,35,0,0,1395,5212,0,0,1395,5212,California
San Francisco,2020-12-23,1355,6567,1056,6233,299,334,0,0,1355,6567,0,0,1355,6567,California
San Francisco,2020-12-24,843,7410,504,6737,339,673,0,0,843,7410,0,0,843,7410,California
San Francisco,2020-12-25,37,7447,31,6768,6,679,0,0,37,7447,0,0,37,7447,California
San Francisco,2020-12-26,250,7697,154,6922,96,775,0,0,250,7697,0,0,250,7697,California
San Francisco,2020-12-27,274,7971,60,6982,214,989,0,0,274,7971,0,0,274,7971,California
San Francisco,2020-12-28,1278,9249,692,7674,586,1575,0,0,1278,9249,0,0,1278,9249,California
San Francisco,2020-12-29,1263,10512,632,8306,631,2206,0,0,1263,10512,0,0,1263,10512,California
San Francisco,2020-12-30,1488,12000,782,9088,706,2912,0,0,1488,12000,0,0,1488,12000,California
San Francisco,2020-12-31,982,12982,415,9503,567,3479,0,0,981,12981,0,0,981,12981,California
San Francisco,2021-01-01,107,13089,79,9582,28,3507,0,0,107,13088,0,0,107,13088,California
San Francisco,2021-01-02,337,13426,301,9883,36,3543,0,0,337,13425,0,0,337,13425,California
San Francisco,2021-01-03,299,13725,105,9988,194,3737,0,0,298,13722,1,1,298,13723,California
San Francisco,2021-01-04,1846,15571,1358,11346,488,4225,0,0,1843,15562,3,4,1843,15566,California
San Francisco,2021-01-05,2238,17809,1422,12768,816,5041,0,0,2199,17724,39,43,2201,17767,California
San Francisco,2021-01-06,1877,19686,1163,13931,714,5755,0,0,1607,19064,268,311,1608,19375,California
San Francisco,2021-01-07,2078,21764,1213,15144,865,6620,0,0,1601,20191,474,785,1601,20976,California
San Francisco,2021-01-08,2335,24099,1644,16788,691,7311,0,0,1472,20805,858,1643,1472,22448,California
San Francisco,2021-01-09,1399,25498,902,17690,497,7808,0,0,888,21184,511,2154,890,23338,California
San Francisco,2021-01-10,920,26418,541,18231,379,8187,0,0,461,21187,458,2612,461,23799,California
San Francisco,2021-01-11,2513,28931,1869,20100,644,8831,0,0,1408,21490,1106,3718,1409,25208,California
San Francisco,2021-01-12,3097,32028,2062,22162,1035,9866,0,0,1903,22202,1193,4911,1905,27113,California
San Francisco,2021-01-13,2852,34880,1620,23782,1232,11098,0,0,2011,23372,841,5752,2011,29124,California
San Francisco,2021-01-14,2463,37343,1111,24893,1352,12450,0,0,1896,24701,567,6319,1896,31020,California
San Francisco,2021-01-15,2776,40119,1163,26056,1613,14063,0,0,2373,26675,401,6720,2375,33395,California
San Francisco,2021-01-16,2239,42358,936,26992,1303,15366,0,0,2070,28578,169,6889,2072,35467,California
San Francisco,2021-01-17,1939,44297,534,27526,1405,16771,0,0,1719,30078,219,7108,1719,37186,California
San Francisco,2021-01-18,1392,45689,604,28130,788,17559,0,0,1122,30932,269,7377,1123,38309,California
San Francisco,2021-01-19,2602,48291,1483,29613,1119,18678,0,0,1846,32022,756,8133,1846,40155,California
San Francisco,2021-01-20,2843,51134,1192,30805,1651,20329,0,0,2080,33343,760,8893,2081,42236,California
San Francisco,2021-01-21,3442,54576,1038,31843,2404,22733,0,0,2563,35028,878,9771,2563,44799,California
San Francisco,2021-01-22,3251,57827,678,32521,2573,25306,0,0,2803,37385,446,10217,2803,47602,California
San Francisco,2021-01-23,3117,60944,609,33130,2508,27814,0,0,2747,39764,369,10586,2748,50350,California
San Francisco,2021-01-24,2431,63375,363,33493,2068,29882,0,0,2197,41731,230,10816,2197,52547,California
San Francisco,2021-01-25,4645,68020,1836,35329,2809,32691,0,0,3054,43198,1588,12404,3055,55602,California
San Francisco,2021-01-26,4758,72778,2182,37511,2576,35267,0,0,3107,44659,1648,14052,3109,58711,California
San Francisco,2021-01-27,4382,77160,1980,39491,2402,37669,0,0,3072,46423,1308,15360,3072,61783,California
San Francisco,2021-01-28,3800,80960,1577,41068,2223,39892,0,0,2624,47879,1169,16529,2625,64408,California
San Francisco,2021-01-29,4841,85801,1763,42831,3078,42970,0,0,3511,50097,1293,17822,3511,67919,California
San Francisco,2021-01-30,3815,89616,1848,44679,1967,44937,0,0,3352,52991,462,18284,3356,71275,California
San Francisco,2021-01-31,2358,91974,820,45499,1538,46475,0,0,2207,55049,150,18434,2208,73483,California
San Francisco,2021-02-01,4006,95980,1711,47210,2295,48770,0,0,2925,56895,1080,19514,2926,76409,California
San Francisco,2021-02-02,4569,100549,1824,49034,2745,51515,0,0,2956,58244,1607,21121,2956,79365,California
San Francisco,2021-02-03,5123,105672,2407,51441,2716,54231,0,0,3796,60716,1325,22446,3797,83162,California
San Francisco,2021-02-04,5074,110746,2442,53883,2632,56863,0,0,3890,63425,1181,23627,3890,87052,California
San Francisco,2021-02-05,6020,116766,3239,57122,2781,59644,0,0,4658,66724,1360,24987,4659,91711,California
San Francisco,2021-02-06,5493,122259,3666,60788,1827,61471,0,0,4617,70499,845,25832,4620,96331,California
San Francisco,2021-02-07,4368,126627,3213,64001,1155,62626,0,0,3785,73710,578,26410,3789,100120,California
San Francisco,2021-02-08,6775,133402,4658,68659,2117,64743,0,0,5538,78031,1220,27630,5541,105661,California
San Francisco,2021-02-09,5976,139378,4019,72678,1957,66700,0,0,4415,80878,1570,29200,4417,110078,California
San Francisco,2021-02-10,6949,146327,4206,76884,2743,69443,0,0,5069,84076,1875,31075,5073,115151,California
San Francisco,2021-02-11,6770,153097,4014,80898,2756,72199,0,0,4898,87110,1867,32942,4901,120052,California
San Francisco,2021-02-12,5375,158472,2698,83596,2677,74876,0,0,3485,88704,1891,34833,3485,123537,California
San Francisco,2021-02-13,4425,162897,2594,86190,1831,76707,0,0,3068,90418,1357,36190,3071,126608,California
San Francisco,2021-02-14,3453,166350,2266,88456,1187,77894,0,0,2311,91590,1141,37331,2313,128921,California
San Francisco,2021-02-15,2804,169154,1517,89973,1287,79181,0,0,1681,92151,1120,38451,1681,130602,California
San Francisco,2021-02-16,5163,174317,2839,92812,2324,81505,0,0,3013,93028,2143,40594,3020,133622,California
San Francisco,2021-02-17,5393,179710,2649,95461,2744,84249,0,0,2966,93582,2415,43009,2969,136591,California
San Francisco,2021-02-18,5446,185156,2664,98125,2782,87031,0,0,2822,93789,2621,45630,2828,139419,California
San Francisco,2021-02-19,5730,190886,2694,100819,3036,90067,0,0,2973,94016,2747,48377,2974,142393,California
San Francisco,2021-02-20,4657,195543,2252,103071,2405,92472,0,0,1738,92846,2909,51286,1739,144132,California
San Francisco,2021-02-21,2982,198525,1572,104643,1410,93882,0,0,1321,92518,1650,52936,1322,145454,California
San Francisco,2021-02-22,5505,204030,3410,108053,2095,95977,0,0,2740,92507,2754,55690,2743,148197,California
San Francisco,2021-02-23,5909,209939,3356,111409,2553,98530,0,0,3008,92622,2893,58583,3008,151205,California
San Francisco,2021-02-24,9482,219421,5390,116799,4092,102622,0,0,5049,93254,4419,63002,5051,156256,California
San Francisco,2021-02-25,10254,229675,7156,123955,3098,105720,0,0,6579,96165,3670,66672,6581,162837,California
San Francisco,2021-02-26,12539,242214,8154,132109,4385,110105,0,0,7401,98432,5135,71807,7402,170239,California
San Francisco,2021-02-27,9473,251687,6092,138201,3380,113485,1,1,4714,98407,4741,76548,4716,174955,California
San Francisco,2021-02-28,7924,259611,5664,143865,2260,115745,0,1,3874,98240,4042,80590,3875,178830,California
San Francisco,2021-03-01,11418,271029,7702,151567,3711,119456,5,6,5571,98000,5818,86408,5578,184408,California
San Francisco,2021-03-02,10056,281085,6771,158338,3285,122741,0,6,5684,99324,4361,90769,5685,190093,California
San Francisco,2021-03-03,11433,292518,6681,165019,4751,127492,1,7,6283,100475,5136,95905,6287,196380,California
San Francisco,2021-03-04,8824,301342,5537,170556,3287,130779,0,7,4972,101609,3840,99745,4974,201354,California
San Francisco,2021-03-05,9265,310607,5667,176223,3594,134373,4,11,5803,103969,3448,103193,5808,207162,California
San Francisco,2021-03-06,7238,317845,4699,180922,2329,136702,210,221,4544,106010,2705,105898,4746,211908,California
San Francisco,2021-03-07,5420,323265,4227,185149,1133,137835,60,281,3121,106880,2310,108208,3180,215088,California
San Francisco,2021-03-08,7565,330830,5494,190643,1882,139717,189,470,5971,111413,1625,109833,6158,221246,California
San Francisco,2021-03-09,8358,339188,5535,196178,2445,142162,378,848,6096,115613,2267,112100,6467,227713,California
San Francisco,2021-03-10,11287,350475,6618,202796,4165,146327,504,1352,7042,118934,4222,116322,7543,235256,California
San Francisco,2021-03-11,10135,360610,6393,209189,2769,149096,973,2325,6636,123047,3479,119801,7592,242848,California
San Francisco,2021-03-12,10899,371509,6358,215547,3190,152286,1351,3676,6061,125635,4814,124615,7402,250250,California
San Francisco,2021-03-13,6775,378284,3948,219495,1745,154031,1082,4758,4209,128365,2556,127171,5286,255536,California
San Francisco,2021-03-14,7586,385870,4928,224423,2408,156439,250,5008,3960,128963,3607,130778,4205,259741,California
San Francisco,2021-03-15,12141,398011,9284,233707,1911,158350,946,5954,8354,134478,3770,134548,9285,269026,California
San Francisco,2021-03-16,12272,410283,8344,242051,3450,161800,478,6432,8752,140212,3497,138045,9231,278257,California
San Francisco,2021-03-17,13634,423917,8453,250504,4547,166347,634,7066,9678,146595,3924,141969,10307,288564,California
San Francisco,2021-03-18,10295,434212,7048,257552,2618,168965,629,7695,5830,148604,4440,146409,6449,295013,California
San Francisco,2021-03-19,12599,446811,9239,266791,2887,171852,473,8168,6530,149555,6042,152451,6993,302006,California
San Francisco,2021-03-20,8954,455765,6585,273376,1902,173754,467,8635,5196,151494,3725,156176,5664,307670,California
San Francisco,2021-03-21,6700,462465,6141,279517,420,174174,139,8774,3765,152477,2918,159094,3901,311571,California
San Francisco,2021-03-22,10005,472470,6970,286487,2194,176368,841,9615,5147,153620,4834,163928,5977,317548,California
San Francisco,2021-03-23,11403,483873,7592,294079,3158,179526,653,10268,6308,155509,5063,168991,6952,324500,California
San Francisco,2021-03-24,12425,496298,9519,303598,2368,181894,538,10806,6112,155880,6268,175259,6639,331139,California
San Francisco,2021-03-25,12011,508309,8768,312366,2676,184570,567,11373,5803,156113,6133,181392,6366,337505,California
San Francisco,2021-03-26,12060,520369,8354,320720,3472,188042,234,11607,5819,155955,6206,187598,6048,343553,California
San Francisco,2021-03-27,8902,529271,5916,326636,2634,190676,352,11959,3806,155042,5069,192667,4156,347709,California
San Francisco,2021-03-28,6674,535945,5326,331962,1306,191982,42,12001,2966,154365,3683,196350,3006,350715,California
San Francisco,2021-03-29,11661,547606,8020,339982,3455,195437,186,12187,4807,152536,6820,203170,4991,355706,California
San Francisco,2021-03-30,11695,559301,7319,347301,4085,199522,291,12478,5506,152169,6162,209332,5795,361501,California
San Francisco,2021-03-31,12327,571628,8194,355495,3835,203357,298,12776,4911,149990,7381,216713,5202,366703,California
San Francisco,2021-04-01,14030,585658,7437,362932,4885,208242,1708,14484,6039,149754,7948,224661,7712,374415,California
San Francisco,2021-04-02,14899,600557,6576,369508,6425,214667,1898,16382,6951,150654,7924,232585,8824,383239,California
San Francisco,2021-04-03,10619,611176,4929,374437,3860,218527,1830,18212,4817,151494,5783,238368,6623,389862,California
San Francisco,2021-04-04,9055,620231,4803,379240,2594,221121,1658,19870,3588,151277,5448,243816,5231,395093,California
San Francisco,2021-04-05,16143,636374,9855,389095,4392,225513,1896,21766,6305,149649,9807,253623,8179,403272,California
San Francisco,2021-04-06,16170,652544,9550,398645,4547,230060,2073,23839,6286,148136,9854,263477,8341,411613,California
San Francisco,2021-04-07,16902,669446,10060,408705,4600,234660,2242,26081,7007,147491,9869,273346,9224,420837,California
San Francisco,2021-04-08,14250,683696,6781,415486,3034,237694,4435,30516,4651,146966,9561,282907,9036,429873,California
San Francisco,2021-04-09,15895,699591,7688,423174,4842,242536,3365,33881,6635,147712,9224,292131,9970,439843,California
San Francisco,2021-04-10,13371,712962,5715,428889,5899,248435,1757,35638,7115,150339,6226,298357,8853,448696,California
San Francisco,2021-04-11,10082,723044,7550,436439,1351,249786,1181,36819,5208,151857,4858,303215,6376,455072,California
San Francisco,2021-04-12,10665,733709,6923,443362,2583,252369,1159,37978,4883,152132,5756,308971,6031,461103,California
San Francisco,2021-04-13,10868,744577,7367,450729,3488,255857,13,37991,5471,152253,5368,314339,5489,466592,California
San Francisco,2021-04-14,13401,757978,8070,458799,5330,261187,1,37992,6359,151615,7000,321339,6362,472954,California
San Francisco,2021-04-15,13882,771860,9612,468411,4269,265456,1,37993,8071,153916,5776,327115,8077,481031,California
San Francisco,2021-04-16,13053,784913,8767,477178,4242,269698,44,38037,7613,156168,5409,332524,7661,488692,California
San Francisco,2021-04-17,10255,795168,7384,484562,2870,272568,1,38038,7235,160407,3001,335525,7240,495932,California
San Francisco,2021-04-18,6957,802125,5385,489947,1570,274138,2,38040,4321,162117,2615,338140,4325,500257,California
San Francisco,2021-04-19,11125,813250,8308,498255,2812,276950,5,38045,7097,165221,4008,342148,7112,507369,California
San Francisco,2021-04-20,13141,826391,7909,506164,5230,282180,2,38047,8933,169980,4177,346325,8936,516305,California
San Francisco,2021-04-21,11958,838349,8753,514917,3200,285380,5,38052,7241,172545,4686,351011,7251,523556,California
San Francisco,2021-04-22,11117,849466,8284,523201,2832,288212,1,38053,6374,174219,4708,355719,6382,529938,California
San Francisco,2021-04-23,10934,860400,6411,529612,4523,292735,0,38053,6481,176288,4421,360140,6490,536428,California
San Francisco,2021-04-24,7971,868371,5476,535088,2495,295230,0,38053,4712,177772,3237,363377,4721,541149,California
San Francisco,2021-04-25,5047,873418,4338,539426,703,295933,6,38059,2947,178643,2087,365464,2958,544107,California
San Francisco,2021-04-26,8549,881967,6095,545521,2442,298375,12,38071,4257,178666,4262,369726,4285,548392,California
San Francisco,2021-04-27,8993,890960,6113,551634,2710,301085,170,38241,4491,178860,4476,374202,4670,553062,California
San Francisco,2021-04-28,9961,900921,6974,558608,2796,303881,191,38432,5224,179579,4703,378905,5422,558484,California
San Francisco,2021-04-29,9809,910730,5833,564441,3781,307662,195,38627,4822,179651,4958,383863,5030,563514,California
San Francisco,2021-04-30,11339,922069,5612,570053,5524,313186,203,38830,4227,177023,7064,390927,4436,567950,California
San Francisco,2021-05-01,6994,929063,3593,573646,3286,316472,115,38945,1697,173575,5261,396188,1813,569763,California
San Francisco,2021-05-02,5340,934403,3094,576740,2147,318619,99,39044,978,170304,4352,400540,1081,570844,California
San Francisco,2021-05-03,9706,944109,6612,583352,2929,321548,165,39209,2440,165682,7235,407775,2613,573457,California
San Francisco,2021-05-04,9848,953957,6437,589789,3160,324708,251,39460,2386,160895,7429,415204,2642,576099,California
San Francisco,2021-05-05,9270,963227,6576,596365,2381,327089,313,39773,2273,156537,6948,422152,2590,578689,California
San Francisco,2021-05-06,10976,974203,8790,605155,1713,328802,473,40246,1907,149885,9034,431186,2382,581071,California
San Francisco,2021-05-07,10324,984527,6670,611825,3381,332183,273,40519,1678,143215,8619,439805,1949,583020,California
San Francisco,2021-05-08,8908,993435,4057,615882,4721,336904,130,40649,1099,136670,7775,447580,1230,584250,California
San Francisco,2021-05-09,6744,1000179,5855,621737,806,337710,83,40732,1086,132198,5635,453215,1163,585413,California
San Francisco,2021-05-10,7393,1007572,5324,627061,1814,339524,255,40987,1007,127105,6354,459569,1261,586674,California
San Francisco,2021-05-11,8162,1015734,6032,633093,1911,341435,219,41206,1498,122195,6626,466195,1716,588390,California
San Francisco,2021-05-12,8393,1024127,6156,639249,1780,343215,457,41663,1496,117281,6864,473059,1950,590340,California
San Francisco,2021-05-13,11402,1035529,8392,647641,2784,345999,226,41889,4182,114506,7190,480249,4415,594755,California
San Francisco,2021-05-14,9596,1045125,6827,654468,2598,348597,171,42060,2990,111104,6574,486823,3172,597927,California
San Francisco,2021-05-15,8133,1053258,6444,660912,1633,350230,56,42116,3204,109462,4913,491736,3271,601198,California
San Francisco,2021-05-16,5302,1058560,4459,665371,784,351014,59,42175,2024,108289,3257,494993,2084,603282,California
San Francisco,2021-05-17,7409,1065969,5523,670894,1721,352735,165,42340,2375,105820,5012,500005,2543,605825,California
San Francisco,2021-05-18,8765,1074734,5023,675917,3566,356301,176,42516,1828,100935,6889,506894,2004,607829,California
San Francisco,2021-05-19,7500,1082234,5548,681465,1717,358018,235,42751,2152,98000,5320,512214,2385,610214,California
San Francisco,2021-05-20,6140,1088374,4122,685587,1765,359783,253,43004,1490,95126,4612,516826,1738,611952,California
San Francisco,2021-05-21,7198,1095572,4078,689665,2934,362717,186,43190,1575,91306,5576,522402,1756,613708,California
San Francisco,2021-05-22,4824,1100396,3633,693298,1100,363817,91,43281,2195,90982,2609,525011,2285,615993,California
San Francisco,2021-05-23,1936,1102332,1481,694779,380,364197,75,43356,845,90821,1081,526092,920,616913,California
San Francisco,2021-05-24,4227,1106559,3001,697780,1063,365260,163,43519,1234,89253,2967,529059,1399,618312,California
San Francisco,2021-05-25,3703,1110262,2405,700185,1075,366335,223,43742,1030,87848,2653,531712,1248,619560,California
San Francisco,2021-05-26,3960,1114222,2555,702740,1259,367594,146,43888,1044,86147,2891,534603,1190,620750,California
San Francisco,2021-05-27,3723,1117945,2149,704889,1398,368992,176,44064,1165,84942,2545,537148,1340,622090,California
San Francisco,2021-05-28,3779,1121724,2154,707043,1463,370455,162,44226,1314,83983,2434,539582,1475,623565,California
San Francisco,2021-05-29,2033,1123757,1464,708507,467,370922,102,44328,789,83645,1223,540805,885,624450,California
San Francisco,2021-05-30,971,1124728,693,709200,241,371163,37,44365,396,83507,571,541376,433,624883,California
San Francisco,2021-05-31,261,1124989,212,709412,42,371205,7,44372,88,83431,171,541547,95,624978,California
San Francisco,2021-06-01,3585,1128574,2171,711583,1226,372431,188,44560,1062,82171,2507,544054,1247,626225,California
San Francisco,2021-06-02,2465,1131039,1784,713367,558,372989,123,44683,810,81460,1640,545694,929,627154,California
San Francisco,2021-06-03,3965,1135004,2721,716088,1041,374030,203,44886,913,79537,3034,548728,1111,628265,California
San Francisco,2021-06-04,5728,1140732,4855,720943,737,374767,136,45022,1242,76458,4452,553180,1373,629638,California
San Francisco,2021-06-05,3730,1144462,3153,724096,429,375196,148,45170,874,74632,2844,556024,1018,630656,California
San Francisco,2021-06-06,2345,1146807,2194,726290,113,375309,38,45208,393,73118,1945,557969,431,631087,California
San Francisco,2021-06-07,3653,1150460,3025,729315,493,375802,135,45343,871,71359,2763,560732,1004,632091,California
San Francisco,2021-06-08,2828,1153288,2223,731538,439,376241,166,45509,793,70294,2018,562750,953,633044,California
San Francisco,2021-06-09,2325,1155613,1862,733400,326,376567,137,45646,655,69430,1654,564404,790,633834,California
San Francisco,2021-06-10,2500,1158113,1911,735311,399,376966,190,45836,751,68634,1737,566141,941,634775,California
San Francisco,2021-06-11,3156,1161269,2491,737802,500,377466,165,46001,922,67509,2209,568350,1084,635859,California
San Francisco,2021-06-12,3032,1164301,2632,740434,274,377740,126,46127,714,66043,2304,570654,838,636697,California
San Francisco,2021-06-13,923,1165224,802,741236,74,377814,47,46174,223,65619,693,571347,269,636966,California
San Francisco,2021-06-14,2507,1167731,2025,743261,331,378145,151,46325,823,64918,1673,573020,972,637938,California
San Francisco,2021-06-15,1908,1169639,1474,744735,301,378446,133,46458,669,64491,1229,574249,802,638740,California
San Francisco,2021-06-16,1866,1171505,1412,746147,260,378706,194,46652,641,64112,1207,575456,828,639568,California
San Francisco,2021-06-17,1985,1173490,1529,747676,256,378962,200,46852,649,63635,1321,576777,844,640412,California
San Francisco,2021-06-18,2347,1175837,1733,749409,439,379401,175,47027,749,62972,1583,578360,920,641332,California
San Francisco,2021-06-19,1415,1177252,1181,750590,122,379523,112,47139,434,62547,967,579327,542,641874,California
San Francisco,2021-06-20,625,1177877,534,751124,56,379579,35,47174,254,62471,365,579692,289,642163,California
San Francisco,2021-06-21,1163,1179040,864,751988,188,379767,111,47285,603,62633,550,580242,712,642875,California
San Francisco,2021-06-22,1584,1180624,1243,753231,229,379996,112,47397,549,62268,1020,581262,655,643530,California
San Francisco,2021-06-23,1485,1182109,1172,754403,173,380169,140,47537,589,62106,884,582146,722,644252,California
San Francisco,2021-06-24,1538,1183647,1126,755529,243,380412,169,47706,510,61771,1009,583155,674,644926,California
San Francisco,2021-06-25,1821,1185468,1471,757000,248,380660,102,47808,654,61378,1147,584302,754,645680,California
San Francisco,2021-06-26,1405,1186873,1254,758254,66,380726,85,47893,503,61069,893,585195,584,646264,California
San Francisco,2021-06-27,553,1187426,491,758745,34,380760,28,47921,225,60999,322,585517,252,646516,California
San Francisco,2021-06-28,1484,1188910,1276,760021,115,380875,93,48014,528,60675,944,586461,620,647136,California
San Francisco,2021-06-29,1374,1190284,1054,761075,220,381095,100,48114,494,60394,869,587330,588,647724,California
San Francisco,2021-06-30,1292,1191576,1061,762136,163,381258,68,48182,501,60176,786,588116,568,648292,California
San Francisco,2021-07-01,1178,1192754,932,763068,168,381426,78,48260,476,60035,691,588807,550,648842,California
San Francisco,2021-07-02,1511,1194265,1214,764282,227,381653,70,48330,597,59798,903,589710,666,649508,California
San Francisco,2021-07-03,889,1195154,748,765030,69,381722,72,48402,331,59644,554,590264,400,649908,California
San Francisco,2021-07-04,13,1195167,11,765041,1,381723,1,48403,5,59642,8,590272,6,649914,California
San Francisco,2021-07-05,954,1196121,837,765878,73,381796,44,48447,389,59518,555,590827,431,650345,California
San Francisco,2021-07-06,1311,1197432,1073,766951,150,381946,88,48535,373,59049,926,591753,457,650802,California
San Joaquin,2020-12-15,14,14,14,14,0,0,0,0,14,14,0,0,14,14,California
San Joaquin,2020-12-16,312,326,312,326,0,0,0,0,312,326,0,0,312,326,California
San Joaquin,2020-12-17,326,652,326,652,0,0,0,0,326,652,0,0,326,652,California
San Joaquin,2020-12-18,543,1195,539,1191,4,4,0,0,543,1195,0,0,543,1195,California
San Joaquin,2020-12-19,192,1387,192,1383,0,4,0,0,192,1387,0,0,192,1387,California
San Joaquin,2020-12-20,117,1504,115,1498,2,6,0,0,117,1504,0,0,117,1504,California
San Joaquin,2020-12-21,497,2001,496,1994,1,7,0,0,497,2001,0,0,497,2001,California
San Joaquin,2020-12-22,980,2981,859,2853,121,128,0,0,979,2980,0,0,979,2980,California
San Joaquin,2020-12-23,980,3961,923,3776,57,185,0,0,978,3958,2,2,980,3960,California
San Joaquin,2020-12-24,218,4179,189,3965,29,214,0,0,217,4175,1,3,218,4178,California
San Joaquin,2020-12-25,16,4195,16,3981,0,214,0,0,16,4191,0,3,16,4194,California
San Joaquin,2020-12-26,103,4298,31,4012,72,286,0,0,103,4294,0,3,103,4297,California
San Joaquin,2020-12-27,45,4343,31,4043,14,300,0,0,45,4339,0,3,45,4342,California
San Joaquin,2020-12-28,626,4969,423,4466,203,503,0,0,626,4965,0,3,626,4968,California
San Joaquin,2020-12-29,800,5769,670,5136,130,633,0,0,800,5765,0,3,800,5768,California
San Joaquin,2020-12-30,1014,6783,721,5857,293,926,0,0,1012,6777,2,5,1014,6782,California
San Joaquin,2020-12-31,456,7239,203,6060,253,1179,0,0,456,7233,1,6,457,7239,California
San Joaquin,2021-01-01,24,7263,13,6073,11,1190,0,0,24,7257,0,6,24,7263,California
San Joaquin,2021-01-02,267,7530,244,6317,23,1213,0,0,267,7524,0,6,267,7530,California
San Joaquin,2021-01-03,37,7567,20,6337,17,1230,0,0,36,7559,1,7,36,7566,California
San Joaquin,2021-01-04,481,8048,342,6679,139,1369,0,0,479,8037,1,8,479,8045,California
San Joaquin,2021-01-05,992,9040,657,7336,335,1704,0,0,815,8714,176,184,853,8898,California
San Joaquin,2021-01-06,1234,10274,720,8056,514,2218,0,0,924,9337,305,489,928,9826,California
San Joaquin,2021-01-07,1092,11366,693,8749,399,2617,0,0,789,9826,300,789,789,10615,California
San Joaquin,2021-01-08,1219,12585,833,9582,386,3003,0,0,716,10047,501,1290,722,11337,California
San Joaquin,2021-01-09,384,12969,302,9884,82,3085,0,0,250,10165,134,1424,252,11589,California
San Joaquin,2021-01-10,226,13195,117,10001,109,3194,0,0,173,10286,52,1476,173,11762,California
San Joaquin,2021-01-11,1538,14733,1328,11329,210,3404,0,0,870,10557,667,2143,938,12700,California
San Joaquin,2021-01-12,1531,16264,1109,12438,422,3826,0,0,740,10582,787,2930,812,13512,California
San Joaquin,2021-01-13,1547,17811,903,13341,644,4470,0,0,966,10976,577,3507,971,14483,California
San Joaquin,2021-01-14,1774,19585,976,14317,798,5268,0,0,1424,12090,329,3836,1443,15926,California
San Joaquin,2021-01-15,1567,21152,553,14870,1014,6282,0,0,1324,13211,228,4064,1349,17275,California
San Joaquin,2021-01-16,1137,22289,181,15051,956,7238,0,0,1105,14285,31,4095,1105,18380,California
San Joaquin,2021-01-17,1632,23921,138,15189,1494,8732,0,0,1588,15831,44,4139,1590,19970,California
San Joaquin,2021-01-18,747,24668,240,15429,507,9239,0,0,625,16338,118,4257,625,20595,California
San Joaquin,2021-01-19,1890,26558,897,16326,993,10232,0,0,1206,16873,679,4936,1214,21809,California
San Joaquin,2021-01-20,2126,28684,1292,17618,834,11066,0,0,1473,17707,646,5582,1480,23289,California
San Joaquin,2021-01-21,2011,30695,901,18519,1110,12176,0,0,1613,18938,391,5973,1622,24911,California
San Joaquin,2021-01-22,1983,32678,901,19420,1082,13258,0,0,1839,20640,139,6112,1841,26752,California
San Joaquin,2021-01-23,906,33584,393,19813,513,13771,0,0,617,20972,287,6399,619,27371,California
San Joaquin,2021-01-24,367,33951,137,19950,230,14001,0,0,344,21296,20,6419,344,27715,California
San Joaquin,2021-01-25,2030,35981,1147,21097,883,14884,0,0,1453,22179,574,6993,1457,29172,California
San Joaquin,2021-01-26,2202,38183,1113,22210,1089,15973,0,0,1579,23151,615,7608,1587,30759,California
San Joaquin,2021-01-27,1774,39957,770,22980,1004,16977,0,0,1270,23928,499,8107,1276,32035,California
San Joaquin,2021-01-28,2119,42076,782,23762,1337,18314,0,0,1450,24723,664,8771,1459,33494,California
San Joaquin,2021-01-29,2218,44294,1054,24816,1164,19478,0,0,1862,26246,349,9120,1872,35366,California
San Joaquin,2021-01-30,2186,46480,355,25171,1831,21309,0,0,2003,28069,182,9302,2005,37371,California
San Joaquin,2021-01-31,1554,48034,174,25345,1380,22689,0,0,1484,29487,68,9370,1486,38857,California
San Joaquin,2021-02-01,2513,50547,1283,26628,1230,23919,0,0,1743,30462,770,10140,1745,40602,California
San Joaquin,2021-02-02,2655,53202,1180,27808,1475,25394,0,0,2041,31954,553,10693,2045,42647,California
San Joaquin,2021-02-03,3144,56346,1236,29044,1908,27302,0,0,2266,33359,870,11563,2275,44922,California
San Joaquin,2021-02-04,3603,59949,1828,30872,1775,29077,0,0,2701,35170,896,12459,2707,47629,California
San Joaquin,2021-02-05,3222,63171,1803,32675,1419,30496,0,0,2383,36744,823,13282,2397,50026,California
San Joaquin,2021-02-06,1076,64247,725,33400,351,30847,0,0,927,37526,146,13428,928,50954,California
San Joaquin,2021-02-07,623,64870,493,33893,130,30977,0,0,417,37743,201,13629,418,51372,California
San Joaquin,2021-02-08,1892,66762,1045,34938,847,31824,0,0,1532,38946,335,13964,1538,52910,California
San Joaquin,2021-02-09,2178,68940,1149,36087,1029,32853,0,0,1618,40079,488,14452,1621,54531,California
San Joaquin,2021-02-10,2642,71582,1263,37350,1379,34232,0,0,1406,40273,1213,15665,1407,55938,California
San Joaquin,2021-02-11,2959,74541,1475,38825,1484,35716,0,0,1717,40793,1206,16871,1726,57664,California
San Joaquin,2021-02-12,2872,77413,1137,39962,1735,37451,0,0,1630,41214,1213,18084,1634,59298,California
San Joaquin,2021-02-13,2144,79557,411,40373,1733,39184,0,0,866,40825,1261,19345,872,60170,California
San Joaquin,2021-02-14,1921,81478,265,40638,1656,40840,0,0,700,40338,1188,20533,701,60871,California
San Joaquin,2021-02-15,2019,83497,842,41480,1177,42017,0,0,1212,40779,775,21308,1216,62087,California
San Joaquin,2021-02-16,3237,86734,1405,42885,1832,43849,0,0,1787,41140,1436,22744,1797,63884,California
San Joaquin,2021-02-17,3359,90093,1284,44169,2075,45924,0,0,1917,41638,1424,24168,1922,65806,California
San Joaquin,2021-02-18,3424,93517,1406,45575,2018,47942,0,0,1939,42139,1444,25612,1945,67751,California
San Joaquin,2021-02-19,4322,97839,2443,48018,1879,49821,0,0,2402,42682,1859,27471,2402,70153,California
San Joaquin,2021-02-20,1611,99450,696,48714,915,50736,0,0,1078,43231,529,28000,1078,71231,California
San Joaquin,2021-02-21,704,100154,524,49238,180,50916,0,0,430,43393,270,28270,432,71663,California
San Joaquin,2021-02-22,3678,103832,2587,51825,1091,52007,0,0,2578,44907,1068,29338,2582,74245,California
San Joaquin,2021-02-23,4427,108259,2672,54497,1755,53762,0,0,2686,45900,1699,31037,2692,76937,California
San Joaquin,2021-02-24,5880,114139,3476,57973,2404,56166,0,0,4170,48397,1677,32714,4174,81111,California
San Joaquin,2021-02-25,6519,120658,3988,61961,2531,58697,0,0,4140,50215,2332,35046,4150,85261,California
San Joaquin,2021-02-26,5600,126258,2887,64848,2713,61410,0,0,3800,52260,1761,36807,3806,89067,California
San Joaquin,2021-02-27,5514,131772,1639,66487,3874,65284,1,1,2656,52135,2792,39599,2667,91734,California
San Joaquin,2021-02-28,3124,134896,1129,67616,1995,67279,0,1,2056,53159,1035,40634,2059,93793,California
San Joaquin,2021-03-01,4359,139255,1849,69465,2507,69786,3,4,2365,53567,1970,42604,2378,96171,California
San Joaquin,2021-03-02,4299,143554,1701,71166,2598,72384,0,4,2685,54715,1590,44194,2738,98909,California
San Joaquin,2021-03-03,5897,149451,3483,74649,2412,74796,2,6,4229,57309,1636,45830,4230,103139,California
San Joaquin,2021-03-04,5789,155240,2295,76944,3491,78287,3,9,3771,59085,1999,47829,3775,106914,California
San Joaquin,2021-03-05,4558,159798,1912,78856,2641,80928,5,14,3134,60825,1403,49232,3143,110057,California
San Joaquin,2021-03-06,3343,163141,2199,81055,1014,81942,130,144,2742,63107,593,49825,2875,112932,California
San Joaquin,2021-03-07,1232,164373,572,81627,611,82553,49,193,940,63807,274,50099,974,113906,California
San Joaquin,2021-03-08,3240,167613,1288,82915,1828,84381,124,317,2104,64917,1118,51217,2228,116134,California
San Joaquin,2021-03-09,4229,171842,1874,84789,2226,86607,129,446,2688,66225,1514,52731,2822,118956,California
San Joaquin,2021-03-10,4950,176792,2541,87330,2266,88873,143,589,3459,68354,1473,54204,3602,122558,California
San Joaquin,2021-03-11,5258,182050,2476,89806,2178,91051,604,1193,2962,69642,2279,56483,3567,126125,California
San Joaquin,2021-03-12,6627,188677,3239,93045,3049,94100,339,1532,4166,71722,2430,58913,4510,130635,California
San Joaquin,2021-03-13,3255,191932,1519,94564,1610,95710,126,1658,2326,73267,916,59829,2461,133096,California
San Joaquin,2021-03-14,2180,194112,678,95242,1196,96906,306,1964,1027,73458,1146,60975,1337,134433,California
San Joaquin,2021-03-15,6158,200270,3523,98765,2227,99133,408,2372,3187,74138,2930,63905,3610,138043,California
San Joaquin,2021-03-16,6966,207236,3944,102709,2766,101899,256,2628,4089,75642,2848,66753,4352,142395,California
San Joaquin,2021-03-17,7993,215229,4743,107452,3179,105078,71,2699,4390,76560,3548,70301,4466,146861,California
San Joaquin,2021-03-18,7765,222994,4550,112002,2707,107785,508,3207,3843,77049,3867,74168,4356,151217,California
San Joaquin,2021-03-19,8049,231043,4697,116699,2808,110593,544,3751,4866,79363,3154,77322,5468,156685,California
San Joaquin,2021-03-20,3718,234761,2153,118852,1322,111915,243,3994,1829,79588,1860,79182,2085,158770,California
San Joaquin,2021-03-21,2133,236894,1511,120363,415,112330,207,4201,1153,80059,959,80141,1430,160200,California
San Joaquin,2021-03-22,4133,241027,2098,122461,1619,113949,416,4617,2471,81312,1638,81779,2891,163091,California
San Joaquin,2021-03-23,5517,246544,2700,125161,2649,116598,168,4785,3810,83618,1679,83458,3985,167076,California
San Joaquin,2021-03-24,6997,253541,4298,129459,2608,119206,91,4876,3101,82972,3844,87302,3198,170274,California
San Joaquin,2021-03-25,5729,259270,3372,132831,2311,121517,46,4922,3417,84156,2282,89584,3466,173740,California
San Joaquin,2021-03-26,6345,265615,2611,135442,3580,125097,154,5076,3327,84676,2982,92566,3502,177242,California
San Joaquin,2021-03-27,4698,270313,2642,138084,1981,127078,75,5151,1809,83710,2859,95425,1893,179135,California
San Joaquin,2021-03-28,2757,273070,1833,139917,899,127977,25,5176,1269,83646,1467,96892,1403,180538,California
San Joaquin,2021-03-29,4162,277232,2203,142120,1936,129913,23,5199,2111,83765,2031,98923,2150,182688,California
San Joaquin,2021-03-30,6379,283611,3198,145318,3088,133001,93,5292,3530,84593,2813,101736,3641,186329,California
San Joaquin,2021-03-31,6815,290426,4206,149524,2548,135549,61,5353,3483,84862,3299,105035,3568,189897,California
San Joaquin,2021-04-01,6596,297022,3023,152547,3480,139029,93,5446,2949,84347,3615,108650,3100,192997,California
San Joaquin,2021-04-02,6489,303511,2903,155450,3087,142116,499,5945,2601,83621,3857,112507,3131,196128,California
San Joaquin,2021-04-03,4223,307734,2403,157853,1495,143611,325,6270,2019,83792,2184,114691,2355,198483,California
San Joaquin,2021-04-04,2297,310031,1375,159228,716,144327,206,6476,1547,84828,737,115428,1773,200256,California
San Joaquin,2021-04-05,4878,314909,2867,162095,1771,146098,240,6716,2714,85643,2146,117574,2961,203217,California
San Joaquin,2021-04-06,7221,322130,4576,166671,2365,148463,280,6996,3453,85658,3729,121303,3744,206961,California
San Joaquin,2021-04-07,8488,330618,4594,171265,2302,150765,1592,8588,3580,85957,4880,126183,5179,212140,California
San Joaquin,2021-04-08,8934,339552,4773,176038,1995,152760,2166,10754,3387,85992,5517,131700,5552,217692,California
San Joaquin,2021-04-09,9074,348626,4409,180447,3095,155855,1570,12324,3351,85230,5695,137395,4933,222625,California
San Joaquin,2021-04-10,5267,353893,1667,182114,1690,157545,1910,14234,1791,85467,3461,140856,3698,226323,California
San Joaquin,2021-04-11,4315,358208,1785,183899,1364,158909,1166,15400,1986,86298,2315,143171,3146,229469,California
San Joaquin,2021-04-12,6182,364390,2521,186420,2109,161018,1552,16952,2443,86586,3711,146882,3999,233468,California
San Joaquin,2021-04-13,7679,372069,4416,190836,3254,164272,9,16961,4684,88319,2966,149848,4699,238167,California
San Joaquin,2021-04-14,7751,379820,3932,194768,3817,168089,2,16963,4657,89923,3067,152915,4671,242838,California
San Joaquin,2021-04-15,8046,387866,4774,199542,3272,171361,0,16963,4439,90811,3560,156475,4448,247286,California
San Joaquin,2021-04-16,7922,395788,4296,203838,3623,174984,3,16966,4768,92475,3120,159595,4784,252070,California
San Joaquin,2021-04-17,5213,401001,2834,206672,2377,177361,2,16968,3692,94680,1508,161103,3713,255783,California
San Joaquin,2021-04-18,2604,403605,1499,208171,1105,178466,0,16968,1383,94865,1204,162307,1389,257172,California
San Joaquin,2021-04-19,5333,408938,2840,211011,2492,180958,1,16969,2777,95135,2519,164826,2789,259961,California
San Joaquin,2021-04-20,6497,415435,3486,214497,3010,183968,1,16970,3051,94786,3411,168237,3062,263023,California
San Joaquin,2021-04-21,6070,421505,3462,217959,2608,186576,0,16970,3097,94980,2911,171148,3105,266128,California
San Joaquin,2021-04-22,5570,427075,3314,221273,2254,188830,2,16972,3149,95763,2385,173533,3168,269296,California
San Joaquin,2021-04-23,6216,433291,3033,224306,3182,192012,1,16973,3894,97369,2296,175829,3902,273198,California
San Joaquin,2021-04-24,5287,438578,3641,227947,1644,193656,2,16975,3437,98996,1821,177650,3448,276646,California
San Joaquin,2021-04-25,3084,441662,2598,230545,486,194142,0,16975,2049,100043,1008,178658,2055,278701,California
San Joaquin,2021-04-26,4243,445905,2740,233285,1499,195641,4,16979,2184,100198,2039,180697,2194,280895,California
San Joaquin,2021-04-27,4834,450739,2770,236055,2002,197643,62,17041,2040,99544,2764,183461,2110,283005,California
San Joaquin,2021-04-28,5872,456611,3520,239575,2272,199915,80,17121,2854,99508,2980,186441,2944,285949,California
San Joaquin,2021-04-29,5191,461802,3053,242628,2081,201996,57,17178,2627,99670,2533,188974,2695,288644,California
San Joaquin,2021-04-30,5251,467053,2592,245220,2592,204588,67,17245,2688,99896,2539,191513,2765,291409,California
San Joaquin,2021-05-01,3383,470436,1933,247153,1392,205980,58,17303,2154,100902,1218,192731,2224,293633,California
San Joaquin,2021-05-02,2312,472748,1609,248762,646,206626,57,17360,1170,100992,1138,193869,1228,294861,California
San Joaquin,2021-05-03,3424,476172,2292,251054,1052,207678,80,17440,1416,100505,1991,195860,1504,296365,California
San Joaquin,2021-05-04,5092,481264,3431,254485,1504,209182,157,17597,1857,99319,3211,199071,2025,298390,California
San Joaquin,2021-05-05,5378,486642,3723,258208,1491,210673,164,17761,2395,98938,2947,202018,2566,300956,California
San Joaquin,2021-05-06,4914,491556,3317,261525,1466,212139,131,17892,2138,98460,2758,204776,2280,303236,California
San Joaquin,2021-05-07,5353,496909,3145,264670,2056,214195,152,18044,2041,97377,3286,208062,2203,305439,California
San Joaquin,2021-05-08,3409,500318,2237,266907,1071,215266,101,18145,1286,96667,2106,210168,1396,306835,California
San Joaquin,2021-05-09,1520,501838,868,267775,582,215848,70,18215,574,96374,943,211111,650,307485,California
San Joaquin,2021-05-10,2948,504786,1563,269338,1260,217108,125,18340,946,95465,1985,213096,1076,308561,California
San Joaquin,2021-05-11,4277,509063,2233,271571,1921,219029,123,18463,1297,93955,2962,216058,1452,310013,California
San Joaquin,2021-05-12,4539,513602,2170,273741,2243,221272,126,18589,1398,92373,3117,219175,1535,311548,California
San Joaquin,2021-05-13,4895,518497,2881,276622,1924,223196,90,18679,1876,91350,3003,222178,1980,313528,California
San Joaquin,2021-05-14,5928,524425,3571,280193,2249,225445,108,18787,2440,90446,3457,225635,2553,316081,California
San Joaquin,2021-05-15,5267,529692,3141,283334,2045,227490,81,18868,1654,88603,3582,229217,1739,317820,California
San Joaquin,2021-05-16,3627,533319,2853,286187,725,228215,49,18917,1473,87993,2140,231357,1530,319350,California
San Joaquin,2021-05-17,4180,537499,2506,288693,1577,229792,97,19014,1793,87524,2369,233726,1900,321250,California
San Joaquin,2021-05-18,4010,541509,2320,291013,1575,231367,115,19129,1862,87374,2130,235856,1980,323230,California
San Joaquin,2021-05-19,4800,546309,2800,293813,1865,233232,135,19264,2027,86804,2742,238598,2172,325402,California
San Joaquin,2021-05-20,4016,550325,2406,296219,1505,234737,105,19369,1733,86388,2257,240855,1841,327243,California
San Joaquin,2021-05-21,5098,555423,2997,299216,1979,236716,122,19491,2308,86070,2758,243613,2440,329683,California
San Joaquin,2021-05-22,4069,559492,2553,301769,1421,238137,95,19586,1815,85752,2239,245852,1921,331604,California
San Joaquin,2021-05-23,2542,562034,2087,303856,411,238548,44,19630,1469,86208,1061,246913,1517,333121,California
San Joaquin,2021-05-24,3107,565141,1824,305680,1190,239738,93,19723,1450,86115,1641,248554,1548,334669,California
San Joaquin,2021-05-25,3139,568280,1954,307634,1037,240775,148,19871,1449,86044,1669,250223,1598,336267,California
San Joaquin,2021-05-26,3935,572215,2425,310059,1435,242210,75,19946,1599,85403,2319,252542,1678,337945,California
San Joaquin,2021-05-27,3150,575365,1717,311776,1348,243558,85,20031,1280,84917,1853,254395,1367,339312,California
San Joaquin,2021-05-28,3152,578517,1690,313466,1370,244928,92,20123,1464,84820,1662,256057,1565,340877,California
San Joaquin,2021-05-29,2150,580667,1188,314654,926,245854,36,20159,916,84547,1229,257286,956,341833,California
San Joaquin,2021-05-30,977,581644,523,315177,428,246282,26,20185,399,84403,572,257858,428,342261,California
San Joaquin,2021-05-31,625,582269,264,315441,354,246636,7,20192,239,84268,381,258239,246,342507,California
San Joaquin,2021-06-01,2481,584750,1497,316938,887,247523,97,20289,1181,84262,1290,259529,1284,343791,California
San Joaquin,2021-06-02,2742,587492,1622,318560,1066,248589,54,20343,1139,83871,1587,261116,1196,344987,California
San Joaquin,2021-06-03,2859,590351,1767,320327,1034,249623,58,20401,1059,83210,1782,262898,1121,346108,California
San Joaquin,2021-06-04,3158,593509,1939,322266,1114,250737,105,20506,1062,82310,2068,264966,1168,347276,California
San Joaquin,2021-06-05,2518,596027,1917,324183,535,251272,66,20572,1148,82249,1279,266245,1218,348494,California
San Joaquin,2021-06-06,1097,597124,884,325067,176,251448,37,20609,425,82059,653,266898,463,348957,California
San Joaquin,2021-06-07,2841,599965,2104,327171,696,252144,41,20650,980,81236,1853,268751,1030,349987,California
San Joaquin,2021-06-08,2777,602742,2104,329275,628,252772,45,20695,872,80268,1888,270639,920,350907,California
San Joaquin,2021-06-09,2881,605623,2013,331288,824,253596,44,20739,990,79431,1872,272511,1035,351942,California
San Joaquin,2021-06-10,2675,608298,1945,333233,664,254260,66,20805,1002,78835,1668,274179,1072,353014,California
San Joaquin,2021-06-11,2972,611270,2056,335289,799,255059,117,20922,973,77936,1990,276169,1091,354105,California
San Joaquin,2021-06-12,1861,613131,1402,336691,429,255488,30,20952,629,77391,1225,277394,680,354785,California
San Joaquin,2021-06-13,1076,614207,826,337517,202,255690,48,21000,497,77363,575,277969,547,355332,California
San Joaquin,2021-06-14,2218,616425,1492,339009,654,256344,72,21072,929,77088,1278,279247,1003,356335,California
San Joaquin,2021-06-15,2251,618676,1504,340513,670,257014,77,21149,876,76682,1362,280609,956,357291,California
San Joaquin,2021-06-16,2798,621474,2031,342544,685,257699,82,21231,914,75809,1868,282477,995,358286,California
San Joaquin,2021-06-17,2624,624098,1867,344411,694,258393,63,21294,891,75043,1720,284197,954,359240,California
San Joaquin,2021-06-18,2804,626902,1852,346263,876,259269,76,21370,1182,74693,1609,285806,1259,360499,California
San Joaquin,2021-06-19,1396,628298,869,347132,267,259536,260,21630,500,74565,889,286695,761,361260,California
San Joaquin,2021-06-20,655,628953,517,347649,112,259648,26,21656,290,74521,359,287054,315,361575,California
San Joaquin,2021-06-21,1625,630578,961,348610,555,260203,109,21765,819,74650,799,287853,928,362503,California
San Joaquin,2021-06-22,1901,632479,1255,349865,575,260778,71,21836,817,74464,1072,288925,886,363389,California
San Joaquin,2021-06-23,1980,634459,1305,351170,598,261376,77,21913,778,74136,1183,290108,855,364244,California
San Joaquin,2021-06-24,1973,636432,1344,352514,535,261911,94,22007,873,74063,1039,291147,966,365210,California
San Joaquin,2021-06-25,1722,638154,1100,353614,544,262455,78,22085,763,73953,951,292098,841,366051,California
San Joaquin,2021-06-26,1074,639228,804,354418,219,262674,51,22136,519,73973,551,292649,571,366622,California
San Joaquin,2021-06-27,569,639797,430,354848,99,262773,40,22176,263,73975,301,292950,303,366925,California
San Joaquin,2021-06-28,1449,641246,1021,355869,359,263132,69,22245,661,73948,757,293707,730,367655,California
San Joaquin,2021-06-29,1437,642683,907,356776,459,263591,71,22316,646,73881,783,294490,716,368371,California
San Joaquin,2021-06-30,1499,644182,1024,357800,404,263995,71,22387,637,73737,855,295345,711,369082,California
San Joaquin,2021-07-01,1575,645757,1092,358892,393,264388,90,22477,687,73634,878,296223,775,369857,California
San Joaquin,2021-07-02,1537,647294,1063,359955,423,264811,51,22528,709,73573,822,297045,761,370618,California
San Joaquin,2021-07-03,701,647995,509,360464,165,264976,27,22555,388,73676,312,297357,415,371033,California
San Joaquin,2021-07-04,134,648129,88,360552,33,265009,13,22568,59,73674,75,297432,73,371106,California
San Joaquin,2021-07-05,803,648932,567,361119,193,265202,43,22611,393,73702,408,297840,436,371542,California
San Joaquin,2021-07-06,790,649722,468,361587,297,265499,25,22636,360,73680,416,298256,394,371936,California
San Luis Obispo,2020-12-16,4,4,4,4,0,0,0,0,4,4,0,0,4,4,California
San Luis Obispo,2020-12-17,196,200,196,200,0,0,0,0,196,200,0,0,196,200,California
San Luis Obispo,2020-12-18,224,424,224,424,0,0,0,0,224,424,0,0,224,424,California
San Luis Obispo,2020-12-19,164,588,164,588,0,0,0,0,164,588,0,0,164,588,California
San Luis Obispo,2020-12-20,215,803,215,803,0,0,0,0,215,803,0,0,215,803,California
San Luis Obispo,2020-12-21,550,1353,549,1352,1,1,0,0,550,1353,0,0,550,1353,California
San Luis Obispo,2020-12-22,309,1662,305,1657,4,5,0,0,309,1662,0,0,309,1662,California
San Luis Obispo,2020-12-23,681,2343,367,2024,314,319,0,0,681,2343,0,0,681,2343,California
San Luis Obispo,2020-12-24,194,2537,19,2043,175,494,0,0,194,2537,0,0,194,2537,California
San Luis Obispo,2020-12-25,2,2539,1,2044,1,495,0,0,2,2539,0,0,2,2539,California
San Luis Obispo,2020-12-26,90,2629,13,2057,77,572,0,0,90,2629,0,0,90,2629,California
San Luis Obispo,2020-12-27,76,2705,0,2057,76,648,0,0,76,2705,0,0,76,2705,California
San Luis Obispo,2020-12-28,879,3584,429,2486,450,1098,0,0,879,3584,0,0,879,3584,California
San Luis Obispo,2020-12-29,904,4488,505,2991,399,1497,0,0,904,4488,0,0,904,4488,California
San Luis Obispo,2020-12-30,1172,5660,679,3670,493,1990,0,0,1172,5660,0,0,1172,5660,California
San Luis Obispo,2020-12-31,109,5769,4,3674,105,2095,0,0,109,5769,0,0,109,5769,California
San Luis Obispo,2021-01-01,18,5787,11,3685,7,2102,0,0,18,5787,0,0,18,5787,California
San Luis Obispo,2021-01-02,34,5821,8,3693,26,2128,0,0,34,5821,0,0,34,5821,California
San Luis Obispo,2021-01-03,17,5838,6,3699,11,2139,0,0,17,5838,0,0,17,5838,California
San Luis Obispo,2021-01-04,681,6519,525,4224,156,2295,0,0,681,6519,0,0,681,6519,California
San Luis Obispo,2021-01-05,975,7494,755,4979,220,2515,0,0,972,7488,3,3,972,7491,California
San Luis Obispo,2021-01-06,729,8223,482,5461,247,2762,0,0,721,8202,7,10,721,8212,California
San Luis Obispo,2021-01-07,1122,9345,946,6407,176,2938,0,0,679,8438,443,453,679,8891,California
San Luis Obispo,2021-01-08,884,10229,803,7210,81,3019,0,0,515,8585,368,821,515,9406,California
San Luis Obispo,2021-01-09,205,10434,195,7405,10,3029,0,0,28,8436,177,998,28,9434,California
San Luis Obispo,2021-01-10,12,10446,8,7413,4,3033,0,0,8,8440,4,1002,8,9442,California
San Luis Obispo,2021-01-11,562,11008,511,7924,51,3084,0,0,298,8475,263,1265,298,9740,California
San Luis Obispo,2021-01-12,601,11609,383,8307,218,3302,0,0,320,8514,281,1546,320,10060,California
San Luis Obispo,2021-01-13,888,12497,260,8567,628,3930,0,0,650,8928,236,1782,650,10710,California
San Luis Obispo,2021-01-14,727,13224,239,8806,488,4418,0,0,605,9420,113,1895,605,11315,California
San Luis Obispo,2021-01-15,734,13958,293,9099,441,4859,0,0,555,9801,174,2069,555,11870,California
San Luis Obispo,2021-01-16,102,14060,82,9181,20,4879,0,0,96,9891,6,2075,96,11966,California
San Luis Obispo,2021-01-17,63,14123,56,9237,7,4886,0,0,63,9954,0,2075,63,12029,California
San Luis Obispo,2021-01-18,1372,15495,391,9628,981,5867,0,0,1108,10798,264,2339,1108,13137,California
San Luis Obispo,2021-01-19,1584,17079,418,10046,1166,7033,0,0,1173,11561,411,2750,1174,14311,California
San Luis Obispo,2021-01-20,1894,18973,602,10648,1292,8325,0,0,1301,12272,591,3341,1302,15613,California
San Luis Obispo,2021-01-21,1579,20552,470,11118,1109,9434,0,0,1207,13112,368,3709,1208,16821,California
San Luis Obispo,2021-01-22,1523,22075,508,11626,1015,10449,0,0,1207,14005,314,4023,1207,18028,California
San Luis Obispo,2021-01-23,308,22383,289,11915,19,10468,0,0,292,14281,16,4039,292,18320,California
San Luis Obispo,2021-01-24,440,22823,233,12148,207,10675,0,0,434,14708,7,4046,434,18754,California
San Luis Obispo,2021-01-25,2077,24900,604,12752,1473,12148,0,0,1244,15119,833,4879,1244,19998,California
San Luis Obispo,2021-01-26,2007,26907,707,13459,1300,13448,0,0,1140,15392,867,5746,1140,21138,California
San Luis Obispo,2021-01-27,1608,28515,281,13740,1327,14775,0,0,1148,16080,460,6206,1148,22286,California
San Luis Obispo,2021-01-28,1495,30010,342,14082,1153,15928,0,0,1231,17049,262,6468,1231,23517,California
San Luis Obispo,2021-01-29,1750,31760,692,14774,1058,16986,0,0,1457,18213,293,6761,1457,24974,California
San Luis Obispo,2021-01-30,41,31801,19,14793,22,17008,0,0,29,18231,11,6772,29,25003,California
San Luis Obispo,2021-01-31,235,32036,19,14812,216,17224,0,0,233,18462,2,6774,233,25236,California
San Luis Obispo,2021-02-01,1710,33746,741,15553,969,18193,0,0,1404,19561,305,7079,1404,26640,California
San Luis Obispo,2021-02-02,1907,35653,682,16235,1225,19418,0,0,1528,20711,379,7458,1529,28169,California
San Luis Obispo,2021-02-03,1710,37363,727,16962,983,20401,0,0,1292,21585,418,7876,1292,29461,California
San Luis Obispo,2021-02-04,1664,39027,804,17766,860,21261,0,0,1097,22115,567,8443,1097,30558,California
San Luis Obispo,2021-02-05,1612,40639,718,18484,894,22155,0,0,1065,22633,548,8991,1066,31624,California
San Luis Obispo,2021-02-06,179,40818,108,18592,71,22226,0,0,98,22651,80,9071,98,31722,California
San Luis Obispo,2021-02-07,124,40942,79,18671,45,22271,0,0,72,22672,52,9123,73,31795,California
San Luis Obispo,2021-02-08,866,41808,473,19144,393,22664,0,0,501,22809,364,9487,501,32296,California
San Luis Obispo,2021-02-09,1129,42937,449,19593,680,23344,0,0,547,22787,576,10063,554,32850,California
San Luis Obispo,2021-02-10,1443,44380,493,20086,950,24294,0,0,527,22403,914,10977,530,33380,California
San Luis Obispo,2021-02-11,1336,45716,846,20932,490,24784,0,0,660,22389,674,11651,660,34040,California
San Luis Obispo,2021-02-12,782,46498,361,21293,421,25205,0,0,416,22439,366,12017,416,34456,California
San Luis Obispo,2021-02-13,395,46893,131,21424,264,25469,0,0,287,22619,107,12124,287,34743,California
San Luis Obispo,2021-02-14,324,47217,44,21468,280,25749,0,0,284,22864,40,12164,285,35028,California
San Luis Obispo,2021-02-15,731,47948,138,21606,593,26342,0,0,475,23085,254,12418,475,35503,California
San Luis Obispo,2021-02-16,2991,50939,1198,22804,1793,28135,0,0,1366,22826,1625,14043,1366,36869,California
San Luis Obispo,2021-02-17,2798,53737,1250,24054,1548,29683,0,0,1027,22091,1762,15805,1027,37896,California
San Luis Obispo,2021-02-18,2843,56580,1469,25523,1374,31057,0,0,1136,21530,1698,17503,1137,39033,California
San Luis Obispo,2021-02-19,1475,58055,1352,26875,123,31180,0,0,1141,22339,332,17835,1141,40174,California
San Luis Obispo,2021-02-20,262,58317,88,26963,174,31354,0,0,223,22523,39,17874,223,40397,California
San Luis Obispo,2021-02-21,58,58375,54,27017,4,31358,0,0,32,22529,26,17900,32,40429,California
San Luis Obispo,2021-02-22,2432,60807,1881,28898,551,31909,0,0,1472,23044,958,18858,1473,41902,California
San Luis Obispo,2021-02-23,1869,62676,1752,30650,117,32026,0,0,1365,23908,502,19360,1366,43268,California
San Luis Obispo,2021-02-24,2668,65344,1313,31963,1355,33381,0,0,837,22917,1828,21188,837,44105,California
San Luis Obispo,2021-02-25,2135,67479,1245,33208,890,34271,0,0,1209,23208,919,22107,1210,45315,California
San Luis Obispo,2021-02-26,2653,70132,1150,34358,1503,35774,0,0,1331,23227,1312,23419,1331,46646,California
San Luis Obispo,2021-02-27,587,70719,356,34714,231,36005,0,0,530,23701,56,23475,530,47176,California
San Luis Obispo,2021-02-28,594,71313,67,34781,527,36532,0,0,164,23437,428,23903,164,47340,California
San Luis Obispo,2021-03-01,3013,74326,1881,36662,1130,37662,2,2,2078,24583,935,24838,2081,49421,California
San Luis Obispo,2021-03-02,3067,77393,1922,38584,1145,38807,0,2,1905,25332,1157,25995,1906,51327,California
San Luis Obispo,2021-03-03,2355,79748,346,38930,2009,40816,0,2,857,24698,1492,27487,858,52185,California
San Luis Obispo,2021-03-04,2205,81953,1161,40091,1044,41860,0,2,1185,24868,1017,28504,1187,53372,California
San Luis Obispo,2021-03-05,2305,84258,1021,41112,1213,43073,71,73,1296,25240,995,29499,1367,54739,California
San Luis Obispo,2021-03-06,840,85098,312,41424,420,43493,108,181,617,25736,223,29722,719,55458,California
San Luis Obispo,2021-03-07,202,85300,34,41458,84,43577,84,265,78,25771,123,29845,158,55616,California
San Luis Obispo,2021-03-08,2739,88039,759,42217,1662,45239,318,583,1542,26438,1192,31037,1859,57475,California
San Luis Obispo,2021-03-09,2967,91006,975,43192,1744,46983,248,831,1534,26792,1429,32466,1783,59258,California
San Luis Obispo,2021-03-10,3202,94208,1241,44433,1679,48662,282,1113,1823,27520,1375,33841,2103,61361,California
San Luis Obispo,2021-03-11,3353,97561,1322,45755,1708,50370,323,1436,1809,28122,1531,35372,2133,63494,California
San Luis Obispo,2021-03-12,3219,100780,1239,46994,1642,52012,338,1774,1625,28499,1587,36959,1964,65458,California
San Luis Obispo,2021-03-13,912,101692,263,47257,539,52551,110,1884,542,28779,369,37328,649,66107,California
San Luis Obispo,2021-03-14,518,102210,56,47313,351,52902,111,1995,136,28646,380,37708,247,66354,California
San Luis Obispo,2021-03-15,3069,105279,1104,48417,1865,54767,100,2095,1530,28743,1536,39244,1633,67987,California
San Luis Obispo,2021-03-16,2859,108138,1510,49927,1239,56006,110,2205,1443,28885,1409,40653,1551,69538,California
San Luis Obispo,2021-03-17,3459,111597,1446,51373,1751,57757,262,2467,2006,29712,1440,42093,2267,71805,California
San Luis Obispo,2021-03-18,2842,114439,1450,52823,1178,58935,214,2681,1358,29806,1476,43569,1570,73375,California
San Luis Obispo,2021-03-19,2603,117042,1572,54395,708,59643,323,3004,966,29470,1627,45196,1291,74666,California
San Luis Obispo,2021-03-20,842,117884,502,54897,303,59946,37,3041,386,29438,455,45651,423,75089,California
San Luis Obispo,2021-03-21,190,118074,45,54942,141,60087,4,3045,160,29572,29,45680,163,75252,California
San Luis Obispo,2021-03-22,2769,120843,1181,56123,1540,61627,48,3093,1926,30708,838,46518,1974,77226,California
San Luis Obispo,2021-03-23,3366,124209,2241,58364,1096,62723,29,3122,2232,31840,1129,47647,2261,79487,California
San Luis Obispo,2021-03-24,3588,127797,2198,60562,1305,64028,85,3207,2674,33690,908,48555,2758,82245,California
San Luis Obispo,2021-03-25,3732,131529,2341,62903,1379,65407,12,3219,2674,35323,1052,49607,2685,84930,California
San Luis Obispo,2021-03-26,3337,134866,1817,64720,1048,66455,472,3691,1861,36187,1469,51076,2333,87263,California
San Luis Obispo,2021-03-27,1009,135875,510,65230,408,66863,91,3782,452,36176,554,51630,543,87806,California
San Luis Obispo,2021-03-28,621,136496,155,65385,410,67273,56,3838,417,36447,203,51833,474,88280,California
San Luis Obispo,2021-03-29,2637,139133,1325,66710,1179,68452,133,3971,1686,37332,935,52768,1820,90100,California
San Luis Obispo,2021-03-30,3540,142673,1943,68653,1456,69908,141,4112,2344,38627,1189,53957,2484,92584,California
San Luis Obispo,2021-03-31,3903,146576,2484,71137,1270,71178,149,4261,2509,39900,1383,55340,2656,95240,California
San Luis Obispo,2021-04-01,3917,150493,2486,73623,1313,72491,118,4379,2725,41566,1175,56515,2841,98081,California
San Luis Obispo,2021-04-02,1759,152252,691,74314,753,73244,315,4694,956,42035,800,57315,1269,99350,California
San Luis Obispo,2021-04-03,1111,153363,556,74870,428,73672,127,4821,493,42042,613,57928,620,99970,California
San Luis Obispo,2021-04-04,388,153751,134,75004,214,73886,40,4861,241,42176,147,58075,281,100251,California
San Luis Obispo,2021-04-05,3644,157395,1946,76950,1585,75471,113,4974,2040,42728,1600,59675,2152,102403,California
San Luis Obispo,2021-04-06,4174,161569,2208,79158,1642,77113,324,5298,1987,42860,2178,61853,2310,104713,California
San Luis Obispo,2021-04-07,4318,165887,2349,81507,1602,78715,367,5665,2475,43871,1827,63680,2838,107551,California
San Luis Obispo,2021-04-08,4001,169888,2193,83700,1400,80115,408,6073,2137,44561,1855,65535,2545,110096,California
San Luis Obispo,2021-04-09,3687,173575,1754,85454,1172,81287,761,6834,1506,44653,2169,67704,2261,112357,California
San Luis Obispo,2021-04-10,1700,175275,570,86024,460,81747,670,7504,500,44622,1197,68901,1166,113523,California
San Luis Obispo,2021-04-11,317,175592,64,86088,186,81933,67,7571,126,44626,189,69090,193,113716,California
San Luis Obispo,2021-04-12,3429,179021,1722,87810,1544,83477,163,7734,1417,44195,2010,71100,1579,115295,California
San Luis Obispo,2021-04-13,3776,182797,2178,89988,1597,85074,1,7735,2008,44441,1764,72864,2010,117305,California
San Luis Obispo,2021-04-14,3604,186401,2063,92051,1536,86610,5,7740,1757,44373,1829,74693,1761,119066,California
San Luis Obispo,2021-04-15,3790,190191,2468,94519,1321,87931,1,7741,2017,44641,1751,76444,2019,121085,California
San Luis Obispo,2021-04-16,3681,193872,2245,96764,1432,89363,4,7745,1768,44509,1902,78346,1770,122855,California
San Luis Obispo,2021-04-17,1096,194968,434,97198,660,90023,2,7747,712,44840,383,78729,714,123569,California
San Luis Obispo,2021-04-18,328,195296,104,97302,223,90246,1,7748,115,44746,209,78938,115,123684,California
San Luis Obispo,2021-04-19,3214,198510,1356,98658,1820,92066,38,7786,1102,43781,2106,81044,1141,124825,California
San Luis Obispo,2021-04-20,3666,202176,2039,100697,1627,93693,0,7786,1334,42794,2321,83365,1334,126159,California
San Luis Obispo,2021-04-21,4033,206209,1851,102548,2182,95875,0,7786,1624,42033,2388,85753,1627,127786,California
San Luis Obispo,2021-04-22,4637,210846,2082,104630,2555,98430,0,7786,1411,40240,3206,88959,1413,129199,California
San Luis Obispo,2021-04-23,1442,212288,837,105467,601,99031,4,7790,722,40251,716,89675,727,129926,California
San Luis Obispo,2021-04-24,1081,213369,439,105906,623,99654,19,7809,506,40194,582,90257,525,130451,California
San Luis Obispo,2021-04-25,518,213887,163,106069,355,100009,0,7809,114,39909,399,90656,114,130565,California
San Luis Obispo,2021-04-26,1085,214972,396,106465,671,100680,18,7827,399,39651,674,91330,416,130981,California
San Luis Obispo,2021-04-27,3927,218899,1993,108458,1855,102535,79,7906,1528,38867,2390,93720,1606,132587,California
San Luis Obispo,2021-04-28,3821,222720,2109,110567,1640,104175,72,7978,1338,37806,2471,96191,1410,133997,California
San Luis Obispo,2021-04-29,3734,226454,2129,112696,1538,105713,67,8045,1247,36651,2470,98661,1315,135312,California
San Luis Obispo,2021-04-30,3003,229457,1685,114381,1244,106957,74,8119,916,35575,2065,100726,989,136301,California
San Luis Obispo,2021-05-01,478,229935,164,114545,279,107236,35,8154,103,35341,371,101097,137,136438,California
San Luis Obispo,2021-05-02,172,230107,53,114598,99,107335,20,8174,43,35275,129,101226,63,136501,California
San Luis Obispo,2021-05-03,891,230998,286,114884,494,107829,111,8285,223,34941,666,101892,332,136833,California
San Luis Obispo,2021-05-04,2977,233975,1923,116807,983,108812,71,8356,874,33787,2096,103988,942,137775,California
San Luis Obispo,2021-05-05,2862,236837,1878,118685,917,109729,67,8423,675,32356,2173,106161,742,138517,California
San Luis Obispo,2021-05-06,2843,239680,1913,120598,866,110595,64,8487,721,31038,2103,108264,785,139302,California
San Luis Obispo,2021-05-07,2367,242047,1775,122373,524,111119,68,8555,597,29953,1751,110015,666,139968,California
San Luis Obispo,2021-05-08,607,242654,343,122716,240,111359,24,8579,204,29797,384,110399,228,140196,California
San Luis Obispo,2021-05-09,165,242819,42,122758,104,111463,19,8598,45,29742,119,110518,64,140260,California
San Luis Obispo,2021-05-10,732,243551,158,122916,522,111985,52,8650,157,29379,570,111088,207,140467,California
San Luis Obispo,2021-05-11,1218,244769,598,123514,545,112530,75,8725,382,29006,830,111918,457,140924,California
San Luis Obispo,2021-05-12,2512,247281,1612,125126,817,113347,83,8808,693,27980,1802,113720,776,141700,California
San Luis Obispo,2021-05-13,1184,248465,716,125842,406,113753,62,8870,488,27839,690,114410,549,142249,California
San Luis Obispo,2021-05-14,2271,250736,1649,127491,570,114323,52,8922,935,27507,1318,115728,986,143235,California
San Luis Obispo,2021-05-15,989,251725,456,127947,499,114822,34,8956,462,27480,524,116252,497,143732,California
San Luis Obispo,2021-05-16,310,252035,166,128113,138,114960,6,8962,176,27529,133,116385,182,143914,California
San Luis Obispo,2021-05-17,1689,253724,978,129091,651,115611,60,9022,669,27248,1011,117396,730,144644,California
San Luis Obispo,2021-05-18,1907,255631,1161,130252,713,116324,33,9055,722,26825,1179,118575,756,145400,California
San Luis Obispo,2021-05-19,1458,257089,623,130875,772,117096,63,9118,398,26233,1052,119627,460,145860,California
San Luis Obispo,2021-05-20,1148,258237,498,131373,613,117709,37,9155,337,25807,800,120427,374,146234,California
San Luis Obispo,2021-05-21,1110,259347,573,131946,492,118201,45,9200,507,25766,593,121020,552,146786,California
San Luis Obispo,2021-05-22,684,260031,327,132273,334,118535,23,9223,342,25796,335,121355,365,147151,California
San Luis Obispo,2021-05-23,147,260178,69,132342,72,118607,6,9229,52,25760,94,121449,58,147209,California
San Luis Obispo,2021-05-24,568,260746,262,132604,266,118873,40,9269,200,25635,365,121814,240,147449,California
San Luis Obispo,2021-05-25,882,261628,430,133034,424,119297,28,9297,346,25480,528,122342,373,147822,California
San Luis Obispo,2021-05-26,2145,263773,993,134027,1097,120394,55,9352,659,24714,1479,123821,713,148535,California
San Luis Obispo,2021-05-27,1881,265654,668,134695,1181,121575,32,9384,489,23848,1386,125207,520,149055,California
San Luis Obispo,2021-05-28,925,266579,472,135167,426,122001,27,9411,486,23924,437,125644,513,149568,California
San Luis Obispo,2021-05-29,378,266957,153,135320,214,122215,11,9422,208,23975,169,125813,220,149788,California
San Luis Obispo,2021-05-30,88,267045,35,135355,45,122260,8,9430,34,23963,53,125866,41,149829,California
San Luis Obispo,2021-05-31,41,267086,5,135360,23,122283,13,9443,16,23967,24,125890,28,149857,California
San Luis Obispo,2021-06-01,756,267842,325,135685,400,122683,31,9474,270,23786,482,126372,301,150158,California
San Luis Obispo,2021-06-02,640,268482,287,135972,311,122994,42,9516,184,23562,449,126821,225,150383,California
San Luis Obispo,2021-06-03,917,269399,454,136426,431,123425,32,9548,253,23185,662,127483,285,150668,California
San Luis Obispo,2021-06-04,2488,271887,1527,137953,919,124344,42,9590,708,22166,1767,129250,748,151416,California
San Luis Obispo,2021-06-05,667,272554,288,138241,359,124703,20,9610,324,22168,342,129592,344,151760,California
San Luis Obispo,2021-06-06,187,272741,132,138373,46,124749,9,9619,48,22086,139,129731,57,151817,California
San Luis Obispo,2021-06-07,547,273288,358,138731,148,124897,41,9660,154,21890,391,130122,195,152012,California
San Luis Obispo,2021-06-08,809,274097,525,139256,243,125140,41,9701,243,21612,562,130684,284,152296,California
San Luis Obispo,2021-06-09,639,274736,356,139612,252,125392,31,9732,187,21381,449,131133,218,152514,California
San Luis Obispo,2021-06-10,753,275489,362,139974,352,125744,39,9771,219,21107,532,131665,258,152772,California
San Luis Obispo,2021-06-11,938,276427,540,140514,362,126106,36,9807,340,20890,594,132259,377,153149,California
San Luis Obispo,2021-06-12,392,276819,268,140782,121,126227,3,9810,166,20834,225,132484,169,153318,California
San Luis Obispo,2021-06-13,162,276981,93,140875,66,126293,3,9813,44,20764,117,132601,47,153365,California
San Luis Obispo,2021-06-14,455,277436,298,141173,126,126419,31,9844,129,20599,323,132924,158,153523,California
San Luis Obispo,2021-06-15,642,278078,399,141572,205,126624,38,9882,238,20474,400,133324,275,153798,California
San Luis Obispo,2021-06-16,625,278703,365,141937,225,126849,35,9917,180,20250,438,133762,214,154012,California
San Luis Obispo,2021-06-17,597,279300,340,142277,231,127080,26,9943,196,20072,400,134162,222,154234,California
San Luis Obispo,2021-06-18,789,280089,506,142783,237,127317,46,9989,277,19888,508,134670,324,154558,California
San Luis Obispo,2021-06-19,266,280355,151,142934,101,127418,14,10003,100,19838,164,134834,114,154672,California
San Luis Obispo,2021-06-20,110,280465,73,143007,29,127447,8,10011,45,19827,64,134898,53,154725,California
San Luis Obispo,2021-06-21,351,280816,222,143229,103,127550,26,10037,154,19813,194,135092,180,154905,California
San Luis Obispo,2021-06-22,622,281438,363,143592,227,127777,32,10069,277,19779,343,135435,309,155214,California
San Luis Obispo,2021-06-23,495,281933,272,143864,203,127980,20,10089,238,19780,257,135692,258,155472,California
San Luis Obispo,2021-06-24,468,282401,262,144126,180,128160,26,10115,204,19750,260,135952,230,155702,California
San Luis Obispo,2021-06-25,527,282928,212,144338,293,128453,22,10137,210,19669,311,136263,230,155932,California
San Luis Obispo,2021-06-26,272,283200,147,144485,107,128560,18,10155,119,19652,153,136416,136,156068,California
San Luis Obispo,2021-06-27,146,283346,94,144579,47,128607,5,10160,76,19664,69,136485,81,156149,California
San Luis Obispo,2021-06-28,342,283688,245,144824,81,128688,16,10176,131,19602,208,136693,146,156295,California
San Luis Obispo,2021-06-29,482,284170,315,145139,151,128839,16,10192,203,19547,274,136967,219,156514,California
San Luis Obispo,2021-06-30,440,284610,244,145383,158,128997,38,10230,162,19470,276,137243,199,156713,California
San Luis Obispo,2021-07-01,460,285070,307,145690,138,129135,15,10245,207,19441,251,137494,222,156935,California
San Luis Obispo,2021-07-02,432,285502,207,145897,204,129339,21,10266,174,19382,254,137748,195,157130,California
San Luis Obispo,2021-07-03,422,285924,178,146075,238,129577,6,10272,120,19209,300,138048,127,157257,California
San Luis Obispo,2021-07-04,28,285952,16,146091,11,129588,1,10273,11,19204,17,138065,12,157269,California
San Luis Obispo,2021-07-05,167,286119,92,146183,65,129653,10,10283,80,19209,83,138148,88,157357,California
San Luis Obispo,2021-07-06,223,286342,144,146327,67,129720,12,10295,87,19173,135,138283,99,157456,California
San Mateo,2020-12-15,27,27,27,27,0,0,0,0,27,27,0,0,27,27,California
San Mateo,2020-12-16,113,140,113,140,0,0,0,0,113,140,0,0,113,140,California
San Mateo,2020-12-17,172,312,172,312,0,0,0,0,172,312,0,0,172,312,California
San Mateo,2020-12-18,776,1088,774,1086,2,2,0,0,776,1088,0,0,776,1088,California
San Mateo,2020-12-19,517,1605,517,1603,0,2,0,0,517,1605,0,0,517,1605,California
San Mateo,2020-12-20,503,2108,502,2105,1,3,0,0,503,2108,0,0,503,2108,California
San Mateo,2020-12-21,1145,3253,1144,3249,1,4,0,0,1145,3253,0,0,1145,3253,California
San Mateo,2020-12-22,1524,4777,1516,4765,8,12,0,0,1523,4775,1,1,1523,4776,California
San Mateo,2020-12-23,1570,6347,1380,6145,190,202,0,0,1570,6345,0,1,1570,6346,California
San Mateo,2020-12-24,870,7217,612,6757,258,460,0,0,870,7215,0,1,870,7216,California
San Mateo,2020-12-25,113,7330,109,6866,4,464,0,0,113,7328,0,1,113,7329,California
San Mateo,2020-12-26,558,7888,417,7283,141,605,0,0,558,7886,0,1,558,7887,California
San Mateo,2020-12-27,303,8191,172,7455,131,736,0,0,303,8189,0,1,303,8190,California
San Mateo,2020-12-28,1060,9251,710,8165,350,1086,0,0,1060,9249,0,1,1060,9250,California
San Mateo,2020-12-29,1138,10389,715,8880,423,1509,0,0,1138,10387,0,1,1138,10388,California
San Mateo,2020-12-30,1268,11657,765,9645,503,2012,0,0,1268,11655,0,1,1268,11656,California
San Mateo,2020-12-31,706,12363,228,9873,478,2490,0,0,705,12359,1,2,705,12361,California
San Mateo,2021-01-01,111,12474,75,9948,36,2526,0,0,111,12470,0,2,111,12472,California
San Mateo,2021-01-02,399,12873,273,10221,126,2652,0,0,399,12869,0,2,399,12871,California
San Mateo,2021-01-03,284,13157,209,10430,75,2727,0,0,281,13147,3,5,281,13152,California
San Mateo,2021-01-04,1052,14209,678,11108,374,3101,0,0,1052,14199,0,5,1052,14204,California
San Mateo,2021-01-05,1217,15426,715,11823,502,3603,0,0,1184,15351,33,38,1185,15389,California
San Mateo,2021-01-06,1458,16884,958,12781,500,4103,0,0,1263,16423,192,230,1264,16653,California
San Mateo,2021-01-07,1463,18347,816,13597,647,4750,0,0,1154,17275,302,532,1154,17807,California
San Mateo,2021-01-08,1852,20199,1199,14796,653,5403,0,0,1138,17706,707,1239,1138,18945,California
San Mateo,2021-01-09,1177,21376,779,15575,398,5801,0,0,715,17959,462,1701,715,19660,California
San Mateo,2021-01-10,709,22085,579,16154,130,5931,0,0,269,17788,440,2141,269,19929,California
San Mateo,2021-01-11,2620,24705,1512,17666,1108,7039,0,0,1541,18252,1079,3220,1543,21472,California
San Mateo,2021-01-12,3462,28167,1941,19607,1521,8560,0,0,2235,19273,1218,4438,2239,23711,California
San Mateo,2021-01-13,3419,31586,1674,21281,1745,10305,0,0,2366,20588,1053,5491,2368,26079,California
San Mateo,2021-01-14,3807,35393,1611,22892,2196,12501,0,0,3107,23000,700,6191,3112,29191,California
San Mateo,2021-01-15,4353,39746,1737,24629,2616,15117,0,0,3804,26259,547,6738,3806,32997,California
San Mateo,2021-01-16,3089,42835,770,25399,2319,17436,0,0,2758,28689,329,7067,2759,35756,California
San Mateo,2021-01-17,1314,44149,305,25704,1009,18445,0,0,1109,29593,205,7272,1109,36865,California
San Mateo,2021-01-18,1370,45519,543,26247,827,19272,0,0,988,30202,379,7651,988,37853,California
San Mateo,2021-01-19,2809,48328,1799,28046,1010,20282,0,0,2005,31406,801,8452,2005,39858,California
San Mateo,2021-01-20,2990,51318,1729,29775,1261,21543,0,0,2137,32694,850,9302,2138,41996,California
San Mateo,2021-01-21,2933,54251,1358,31133,1575,23118,0,0,2332,34431,598,9900,2335,44331,California
San Mateo,2021-01-22,2835,57086,1146,32279,1689,24807,0,0,2529,36659,302,10202,2530,46861,California
San Mateo,2021-01-23,2887,59973,1681,33960,1206,26013,0,0,2525,38823,362,10564,2526,49387,California
San Mateo,2021-01-24,1516,61489,373,34333,1143,27156,0,0,1205,39719,310,10874,1206,50593,California
San Mateo,2021-01-25,4424,65913,3146,37479,1278,28434,0,0,3518,42339,902,11776,3522,54115,California
San Mateo,2021-01-26,4358,70271,3012,40491,1346,29780,0,0,3422,44828,934,12710,3423,57538,California
San Mateo,2021-01-27,2830,73101,1475,41966,1355,31135,0,0,1820,45645,1004,13714,1821,59359,California
San Mateo,2021-01-28,2827,75928,1374,43340,1453,32588,0,0,1974,46782,837,14551,1974,61333,California
San Mateo,2021-01-29,3022,78950,1356,44696,1666,34254,0,0,2173,48110,847,15398,2175,63508,California
San Mateo,2021-01-30,3422,82372,1489,46185,1933,36187,0,0,2957,50605,463,15861,2958,66466,California
San Mateo,2021-01-31,1693,84065,897,47082,796,36983,0,0,1530,51974,161,16022,1530,67996,California
San Mateo,2021-02-01,2970,87035,1372,48454,1598,38581,0,0,2236,53481,730,16752,2237,70233,California
San Mateo,2021-02-02,3260,90295,1752,50206,1508,40089,0,0,2211,54646,1046,17798,2211,72444,California
San Mateo,2021-02-03,5031,95326,2072,52278,2959,43048,0,0,3883,57385,1145,18943,3884,76328,California
San Mateo,2021-02-04,6262,101588,2519,54797,3743,46791,0,0,4976,61086,1279,20222,4980,81308,California
San Mateo,2021-02-05,6852,108440,2563,57360,4289,51080,0,0,5009,64270,1825,22047,5009,86317,California
San Mateo,2021-02-06,3286,111726,1913,59273,1373,52453,0,0,2627,66245,654,22701,2629,88946,California
San Mateo,2021-02-07,1907,113633,1348,60621,559,53012,0,0,1713,67766,192,22893,1713,90659,California
San Mateo,2021-02-08,5311,118944,2268,62889,3043,56055,0,0,3131,68781,2116,25009,3131,93790,California
San Mateo,2021-02-09,6191,125135,3205,66094,2986,59041,0,0,3324,69247,2858,27867,3324,97114,California
San Mateo,2021-02-10,6549,131684,3288,69382,3261,62302,0,0,3281,69279,3249,31116,3281,100395,California
San Mateo,2021-02-11,7102,138786,3598,72980,3504,65806,0,0,3773,69732,3322,34438,3775,104170,California
San Mateo,2021-02-12,6689,145475,2996,75976,3693,69499,0,0,4727,72503,1958,36396,4729,108899,California
San Mateo,2021-02-13,6227,151702,4117,80093,2110,71609,0,0,2645,71572,3576,39972,2645,111544,California
San Mateo,2021-02-14,4751,156453,3119,83212,1632,73241,0,0,1985,70800,2758,42730,1986,113530,California
San Mateo,2021-02-15,3182,159635,1458,84670,1724,74965,0,0,1794,71215,1380,44110,1795,115325,California
San Mateo,2021-02-16,7199,166834,1906,86576,5293,80258,0,0,5303,74626,1894,46004,5305,120630,California
San Mateo,2021-02-17,7126,173960,1987,88563,5139,85397,0,0,5054,77615,2066,48070,5055,125685,California
San Mateo,2021-02-18,6836,180796,4731,93294,2105,87502,0,0,4550,79887,2281,50351,4553,130238,California
San Mateo,2021-02-19,7912,188708,5661,98955,2251,89753,0,0,5858,83700,2045,52396,5858,136096,California
San Mateo,2021-02-20,3829,192537,2474,101429,1355,91108,0,0,2353,84586,1468,53864,2354,138450,California
San Mateo,2021-02-21,2699,195236,1825,103254,874,91982,0,0,1602,85099,1090,54954,1603,140053,California
San Mateo,2021-02-22,4635,199871,3364,106618,1271,93253,0,0,2905,86283,1722,56676,2906,142959,California
San Mateo,2021-02-23,4487,204358,3202,109820,1285,94538,0,0,2603,87014,1872,58548,2603,145562,California
San Mateo,2021-02-24,7478,211836,3374,113194,4104,98642,0,0,4937,89421,2531,61079,4938,150500,California
San Mateo,2021-02-25,9367,221203,4177,117371,5190,103832,0,0,6164,92400,3186,64265,6165,156665,California
San Mateo,2021-02-26,10088,231291,3897,121268,6191,110023,0,0,6990,96310,3082,67347,6992,163657,California
San Mateo,2021-02-27,6913,238204,3568,124836,3344,113367,1,1,3763,96939,3141,70488,3770,167427,California
San Mateo,2021-02-28,4465,242669,2756,127592,1709,115076,0,1,2681,97847,1774,72262,2682,170109,California
San Mateo,2021-03-01,6048,248717,3808,131400,2236,117312,4,5,2987,97794,3046,75308,2993,173102,California
San Mateo,2021-03-02,6284,255001,4464,135864,1819,119131,1,6,3614,98749,2661,77969,3616,176718,California
San Mateo,2021-03-03,8563,263564,4042,139906,4519,123650,2,8,3708,97620,4839,82808,3710,180428,California
San Mateo,2021-03-04,8594,272158,4023,143929,4567,128217,4,12,3878,96811,4693,87501,3884,184312,California
San Mateo,2021-03-05,9404,281562,6262,150191,3138,131355,4,16,6583,100602,2799,90300,6590,190902,California
San Mateo,2021-03-06,8003,289565,5561,155752,2265,133620,177,193,5868,104523,2123,92423,6044,196946,California
San Mateo,2021-03-07,3632,293197,2456,158208,1105,134725,71,264,2143,105254,1485,93908,2216,199162,California
San Mateo,2021-03-08,4550,297747,2574,160782,1756,136481,220,484,3326,107581,1217,95125,3544,202706,California
San Mateo,2021-03-09,5362,303109,2872,163654,2214,138695,276,760,3733,109968,1616,96741,4003,206709,California
San Mateo,2021-03-10,7284,310393,2956,166610,4042,142737,286,1046,4848,112678,2420,99161,5130,211839,California
San Mateo,2021-03-11,9200,319593,5769,172379,3039,145776,392,1438,3663,111226,5503,104664,4051,215890,California
San Mateo,2021-03-12,10650,330243,6708,179087,3556,149332,386,1824,3582,108147,7044,111708,3965,219855,California
San Mateo,2021-03-13,8263,338506,3536,182623,3091,152423,1636,3460,3998,109513,4249,115957,5615,225470,California
San Mateo,2021-03-14,5029,343535,3397,186020,1524,153947,108,3568,2658,109915,2363,118320,2765,228235,California
San Mateo,2021-03-15,7246,350781,4680,190700,2388,156335,178,3746,3772,110400,3465,121785,3950,232185,California
San Mateo,2021-03-16,12021,362802,4431,195131,7465,163800,125,3871,4827,108181,7174,128959,4955,237140,California
San Mateo,2021-03-17,10986,373788,4482,199613,6358,170158,146,4017,4959,107291,5996,134955,5106,242246,California
San Mateo,2021-03-18,7417,381205,4162,203775,3066,173224,189,4206,4400,108869,3009,137964,4587,246833,California
San Mateo,2021-03-19,7598,388803,4904,208679,2020,175244,674,4880,3637,109229,3950,141914,4310,251143,California
San Mateo,2021-03-20,8430,397233,6561,215240,1532,176776,337,5217,5370,111893,3042,144956,5706,256849,California
San Mateo,2021-03-21,4288,401521,3249,218489,806,177582,233,5450,2294,112433,1983,146939,2523,259372,California
San Mateo,2021-03-22,5387,406908,3667,222156,1294,178876,426,5876,2827,113141,2544,149483,3252,262624,California
San Mateo,2021-03-23,9955,416863,4585,226741,5172,184048,198,6074,4482,112380,5441,154924,4680,267304,California
San Mateo,2021-03-24,9605,426468,5552,232293,3907,187955,146,6220,4091,111177,5436,160360,4233,271537,California
San Mateo,2021-03-25,10202,436670,5014,237307,4919,192874,269,6489,4447,110248,5648,166008,4719,276256,California
San Mateo,2021-03-26,11351,448021,7796,245103,3387,196261,168,6657,4333,107775,6974,172982,4501,280757,California
San Mateo,2021-03-27,10600,458621,8107,253210,2384,198645,109,6766,4669,106639,5912,178894,4776,285533,California
San Mateo,2021-03-28,4300,462921,2782,255992,1405,200050,113,6879,1993,106452,2297,181191,2110,287643,California
San Mateo,2021-03-29,6114,469035,3793,259785,2067,202117,254,7133,2740,106089,3355,184546,2992,290635,California
San Mateo,2021-03-30,7217,476252,4107,263892,2956,205073,154,7287,3884,106809,3317,187863,4037,294672,California
San Mateo,2021-03-31,7384,483636,4660,268552,2579,207652,145,7432,3880,107349,3485,191348,4025,298697,California
San Mateo,2021-04-01,10712,494348,5284,273836,4206,211858,1222,8654,5743,109388,4916,196264,6955,305652,California
San Mateo,2021-04-02,10976,505324,5246,279082,4129,215987,1601,10255,5776,111572,5176,201440,7360,313012,California
San Mateo,2021-04-03,10043,515367,5789,284871,2475,218462,1779,12034,5121,113551,4912,206352,6891,319903,California
San Mateo,2021-04-04,5476,520843,2637,287508,1580,220042,1259,13293,1715,112773,3746,210098,2968,322871,California
San Mateo,2021-04-05,9073,529916,4828,292336,2500,222542,1745,15038,3888,113229,5166,215264,5622,328493,California
San Mateo,2021-04-06,13288,543204,8298,300634,3131,225673,1859,16897,7576,116965,5696,220960,9432,337925,California
San Mateo,2021-04-07,11545,554749,5360,305994,4485,230158,1700,18597,4910,116944,6614,227574,6593,344518,California
San Mateo,2021-04-08,10272,565021,5115,311109,2537,232695,2620,21217,4546,118388,5705,233279,7149,351667,California
San Mateo,2021-04-09,11463,576484,5588,316697,3373,236068,2502,23719,5144,119706,6314,239593,7632,359299,California
San Mateo,2021-04-10,11332,587816,5756,322453,4127,240195,1449,25168,4695,119229,6604,246197,6127,365426,California
San Mateo,2021-04-11,6659,594475,3309,325762,879,241074,2471,27639,2327,119689,4325,250522,4785,370211,California
San Mateo,2021-04-12,7434,601909,4533,330295,1926,243000,975,28614,3584,120414,3828,254350,4553,374764,California
San Mateo,2021-04-13,8304,610213,5166,335461,3127,246127,11,28625,4381,120900,3908,258258,4394,379158,California
San Mateo,2021-04-14,8441,618654,5443,340904,2997,249124,1,28626,4309,121104,4114,262372,4318,383476,California
San Mateo,2021-04-15,11305,629959,7498,348402,3805,252929,2,28628,7364,124560,3912,266284,7368,390844,California
San Mateo,2021-04-16,10162,640121,6975,355377,3170,256099,17,28645,6415,127275,3723,270007,6438,397282,California
San Mateo,2021-04-17,9873,649994,6574,361951,3297,259396,2,28647,6239,129901,3622,273629,6248,403530,California
San Mateo,2021-04-18,5740,655734,2872,364823,2868,262264,0,28647,3853,131889,1872,275501,3860,407390,California
San Mateo,2021-04-19,8540,664274,5550,370373,2990,265254,0,28647,5541,134459,2983,278484,5553,412943,California
San Mateo,2021-04-20,10863,675137,6219,376592,4643,269897,1,28648,6947,137528,3891,282375,6960,419903,California
San Mateo,2021-04-21,9923,685060,6895,383487,3026,272923,2,28650,6144,139924,3756,286131,6152,426055,California
San Mateo,2021-04-22,10188,695248,6922,390409,3265,276188,1,28651,5691,141159,4462,290593,5697,431752,California
San Mateo,2021-04-23,10009,705257,6713,397122,3296,279484,0,28651,5614,142427,4364,294957,5632,437384,California
San Mateo,2021-04-24,11314,716571,8064,405186,3250,282734,0,28651,5824,142795,5466,300423,5834,443218,California
San Mateo,2021-04-25,5563,722134,3881,409067,1680,284414,2,28653,3951,145164,1596,302019,3965,447183,California
San Mateo,2021-04-26,6917,729051,5019,414086,1890,286304,8,28661,4004,146288,2899,304918,4023,451206,California
San Mateo,2021-04-27,11619,740670,8206,422292,3258,289562,155,28816,4758,144384,6827,311745,4923,456129,California
San Mateo,2021-04-28,8219,748889,4786,427078,3227,292789,206,29022,4382,145159,3820,315565,4595,460724,California
San Mateo,2021-04-29,8457,757346,4079,431157,4206,296995,172,29194,3835,144592,4591,320156,4024,464748,California
San Mateo,2021-04-30,8478,765824,5375,436532,2948,299943,155,29349,3633,143583,4816,324972,3807,468555,California
San Mateo,2021-05-01,6227,772051,4159,440691,1950,301893,118,29467,2690,142888,3516,328488,2821,471376,California
San Mateo,2021-05-02,3198,775249,1756,442447,1372,303265,70,29537,1155,142086,2032,330520,1230,472606,California
San Mateo,2021-05-03,6092,781341,4539,446986,1408,304673,145,29682,1848,139847,4233,334753,1994,474600,California
San Mateo,2021-05-04,7689,789030,5308,452294,2209,306882,172,29854,2548,137460,5126,339879,2739,477339,California
San Mateo,2021-05-05,7187,796217,4771,457065,2256,309138,160,30014,2450,135365,4707,344586,2612,479951,California
San Mateo,2021-05-06,8945,805162,7048,464113,1721,310859,176,30190,1799,130220,7125,351711,1980,481931,California
San Mateo,2021-05-07,8425,813587,6073,470186,2068,312927,284,30474,1869,125857,6530,358241,2167,484098,California
San Mateo,2021-05-08,7025,820612,4387,474573,2399,315326,239,30713,1927,122944,5083,363324,2170,486268,California
San Mateo,2021-05-09,3155,823767,2461,477034,620,315946,74,30787,944,121763,2200,365524,1019,487287,California
San Mateo,2021-05-10,4807,828574,3501,480535,1136,317082,170,30957,738,118622,4058,369582,917,488204,California
San Mateo,2021-05-11,7265,835839,5553,486088,1583,318665,129,31086,1718,114945,5526,375108,1849,490053,California
San Mateo,2021-05-12,7072,842911,5146,491234,1710,320375,216,31302,1428,110961,5630,380738,1646,491699,California
San Mateo,2021-05-13,9761,852672,7340,498574,2324,322699,97,31399,3412,108170,6314,387052,3523,495222,California
San Mateo,2021-05-14,8575,861247,6354,504928,2105,324804,116,31515,2580,104897,5975,393027,2702,497924,California
San Mateo,2021-05-15,10649,871896,8346,513274,2200,327004,103,31618,4713,103814,5919,398946,4836,502760,California
San Mateo,2021-05-16,7296,879192,5213,518487,2012,329016,71,31689,2280,101170,4996,403942,2352,505112,California
San Mateo,2021-05-17,7207,886399,5124,523611,1975,330991,108,31797,2124,98340,5066,409008,2236,507348,California
San Mateo,2021-05-18,8560,894959,5924,529535,2538,333529,98,31895,3059,96127,5376,414384,3163,510511,California
San Mateo,2021-05-19,7927,902886,5914,535449,1891,335420,122,32017,3553,95479,4326,418710,3678,514189,California
San Mateo,2021-05-20,5780,908666,3606,539055,2040,337460,134,32151,2179,94220,3575,422285,2316,516505,California
San Mateo,2021-05-21,7023,915689,4774,543829,2104,339564,145,32296,1865,91093,5137,427422,2010,518515,California
San Mateo,2021-05-22,6358,922047,4326,548155,1965,341529,67,32363,2633,90089,3706,431128,2702,521217,California
San Mateo,2021-05-23,3105,925152,1769,549924,1247,342776,89,32452,1188,89462,1904,433032,1277,522494,California
San Mateo,2021-05-24,3676,928828,2449,552373,1078,343854,149,32601,1223,88402,2430,435462,1370,523864,California
San Mateo,2021-05-25,4786,933614,3013,555386,1593,345447,180,32781,1573,86968,3190,438652,1756,525620,California
San Mateo,2021-05-26,5727,939341,3079,558465,2529,347976,119,32900,1783,84949,3921,442573,1902,527522,California
San Mateo,2021-05-27,3780,943121,2205,560670,1475,349451,100,33000,1197,83685,2556,445129,1292,528814,California
San Mateo,2021-05-28,3515,946636,2202,562872,1228,350679,85,33085,1301,82896,2174,447303,1385,530199,California
San Mateo,2021-05-29,3232,949868,2282,565154,899,351578,51,33136,1233,82209,1970,449273,1283,531482,California
San Mateo,2021-05-30,1642,951510,1111,566265,470,352048,61,33197,646,81930,986,450259,707,532189,California
San Mateo,2021-05-31,441,951951,276,566541,157,352205,8,33205,161,81822,277,450536,169,532358,California
San Mateo,2021-06-01,3344,955295,1977,568518,1272,353477,95,33300,959,80504,2371,452907,1053,533411,California
San Mateo,2021-06-02,2769,958064,1835,570353,856,354333,78,33378,1055,79936,1699,454606,1131,534542,California
San Mateo,2021-06-03,3813,961877,2993,573346,705,355038,115,33493,824,77896,2975,457581,935,535477,California
San Mateo,2021-06-04,4128,966005,3179,576525,855,355893,94,33587,1114,76098,2993,460574,1195,536672,California
San Mateo,2021-06-05,5153,971158,4501,581026,552,356445,100,33687,952,72980,4170,464744,1052,537724,California
San Mateo,2021-06-06,2524,973682,2081,583107,382,356827,61,33748,482,71499,2020,466764,539,538263,California
San Mateo,2021-06-07,3114,976796,2612,585719,419,357246,83,33831,695,69864,2411,469175,776,539039,California
San Mateo,2021-06-08,4088,980884,3454,589173,528,357774,106,33937,972,67862,3081,472256,1079,540118,California
San Mateo,2021-06-09,4140,985024,3565,592738,505,358279,70,34007,622,65046,3505,475761,689,540807,California
San Mateo,2021-06-10,2968,987992,2401,595139,452,358731,115,34122,750,63709,2202,477963,865,541672,California
San Mateo,2021-06-11,2856,990848,2294,597433,449,359180,113,34235,917,62810,1928,479891,1029,542701,California
San Mateo,2021-06-12,3146,993994,2805,600238,260,359440,81,34316,768,61295,2364,482255,849,543550,California
San Mateo,2021-06-13,1433,995427,1079,601317,291,359731,63,34379,346,60633,1071,483326,409,543959,California
San Mateo,2021-06-14,2433,997860,2103,603420,247,359978,83,34462,691,59698,1709,485035,774,544733,California
San Mateo,2021-06-15,2262,1000122,1795,605215,346,360324,121,34583,679,58932,1565,486600,799,545532,California
San Mateo,2021-06-16,2443,1002565,2025,607240,261,360585,157,34740,701,58086,1699,488299,853,546385,California
San Mateo,2021-06-17,1944,1004509,1607,608847,249,360834,88,34828,686,57652,1208,489507,774,547159,California
San Mateo,2021-06-18,2116,1006625,1774,610621,264,361098,78,34906,613,56855,1484,490991,687,547846,California
San Mateo,2021-06-19,1785,1008410,1561,612182,163,361261,61,34967,588,56377,1125,492116,647,548493,California
San Mateo,2021-06-20,765,1009175,695,612877,59,361320,11,34978,286,56228,446,492562,297,548790,California
San Mateo,2021-06-21,1247,1010422,932,613809,240,361560,75,35053,604,56272,637,493199,681,549471,California
San Mateo,2021-06-22,1591,1012013,1287,615096,208,361768,96,35149,594,55981,980,494179,689,550160,California
San Mateo,2021-06-23,1850,1013863,1569,616665,178,361946,103,35252,621,55509,1196,495375,724,550884,California
San Mateo,2021-06-24,1463,1015326,1089,617754,273,362219,101,35353,536,55234,909,496284,634,551518,California
San Mateo,2021-06-25,1780,1017106,1479,619233,223,362442,78,35431,662,54867,1107,497391,740,552258,California
San Mateo,2021-06-26,1242,1018348,1046,620279,138,362580,58,35489,496,54690,730,498121,553,552811,California
San Mateo,2021-06-27,655,1019003,532,620811,77,362657,46,35535,290,54662,364,498485,336,553147,California
San Mateo,2021-06-28,1252,1020255,1070,621881,106,362763,76,35611,497,54492,742,499227,572,553719,California
San Mateo,2021-06-29,1427,1021682,1150,623031,196,362959,81,35692,487,54125,931,500158,564,554283,California
San Mateo,2021-06-30,1260,1022942,1033,624064,127,363086,100,35792,562,54100,686,500844,661,554944,California
San Mateo,2021-07-01,1210,1024152,1028,625092,123,363209,59,35851,488,53947,700,501544,547,555491,California
San Mateo,2021-07-02,1452,1025604,1210,626302,167,363376,75,35926,551,53683,890,502434,626,556117,California
San Mateo,2021-07-03,1057,1026661,904,627206,111,363487,42,35968,417,53514,626,503060,457,556574,California
San Mateo,2021-07-04,50,1026711,44,627250,0,363487,6,35974,24,53519,25,503085,30,556604,California
San Mateo,2021-07-05,812,1027523,681,627931,104,363591,27,36001,351,53439,455,503540,375,556979,California
San Mateo,2021-07-06,970,1028493,791,628722,104,363695,75,36076,359,53269,601,504141,431,557410,California
Santa Barbara,2020-12-15,2,2,2,2,0,0,0,0,2,2,0,0,2,2,California
Santa Barbara,2020-12-16,2,4,2,4,0,0,0,0,2,4,0,0,2,4,California
Santa Barbara,2020-12-17,56,60,56,60,0,0,0,0,56,60,0,0,56,60,California
Santa Barbara,2020-12-18,382,442,381,441,1,1,0,0,382,442,0,0,382,442,California
Santa Barbara,2020-12-19,325,767,325,766,0,1,0,0,325,767,0,0,325,767,California
Santa Barbara,2020-12-20,235,1002,235,1001,0,1,0,0,235,1002,0,0,235,1002,California
Santa Barbara,2020-12-21,657,1659,655,1656,2,3,0,0,657,1659,0,0,657,1659,California
Santa Barbara,2020-12-22,246,1905,244,1900,2,5,0,0,246,1905,0,0,246,1905,California
Santa Barbara,2020-12-23,325,2230,207,2107,118,123,0,0,325,2230,0,0,325,2230,California
Santa Barbara,2020-12-24,88,2318,40,2147,48,171,0,0,88,2318,0,0,88,2318,California
Santa Barbara,2020-12-26,325,2643,66,2213,259,430,0,0,325,2643,0,0,325,2643,California
Santa Barbara,2020-12-27,62,2705,1,2214,61,491,0,0,62,2705,0,0,62,2705,California
Santa Barbara,2020-12-28,358,3063,225,2439,133,624,0,0,358,3063,0,0,358,3063,California
Santa Barbara,2020-12-29,562,3625,359,2798,203,827,0,0,562,3625,0,0,562,3625,California
Santa Barbara,2020-12-30,580,4205,397,3195,183,1010,0,0,580,4205,0,0,580,4205,California
Santa Barbara,2020-12-31,242,4447,114,3309,128,1138,0,0,242,4447,0,0,242,4447,California
Santa Barbara,2021-01-01,118,4565,112,3421,6,1144,0,0,118,4565,0,0,118,4565,California
Santa Barbara,2021-01-02,598,5163,232,3653,366,1510,0,0,598,5163,0,0,598,5163,California
Santa Barbara,2021-01-03,23,5186,15,3668,8,1518,0,0,23,5186,0,0,23,5186,California
Santa Barbara,2021-01-04,305,5491,242,3910,63,1581,0,0,304,5490,0,0,304,5490,California
Santa Barbara,2021-01-05,754,6245,379,4289,375,1956,0,0,726,6188,28,28,726,6216,California
Santa Barbara,2021-01-06,658,6903,276,4565,382,2338,0,0,597,6725,60,88,597,6813,California
Santa Barbara,2021-01-07,1032,7935,709,5274,323,2661,0,0,528,6753,500,588,528,7341,California
Santa Barbara,2021-01-08,1208,9143,850,6124,358,3019,0,0,713,6971,495,1083,713,8054,California
Santa Barbara,2021-01-09,561,9704,292,6416,269,3288,0,0,316,7042,245,1328,316,8370,California
Santa Barbara,2021-01-10,64,9768,51,6467,13,3301,0,0,47,7072,17,1345,47,8417,California
Santa Barbara,2021-01-11,848,10616,678,7145,170,3471,0,0,619,7463,228,1573,619,9036,California
Santa Barbara,2021-01-12,1445,12061,648,7793,797,4268,0,0,1285,8588,160,1733,1285,10321,California
Santa Barbara,2021-01-13,1223,13284,270,8063,953,5221,0,0,1096,9557,127,1860,1096,11417,California
Santa Barbara,2021-01-14,1261,14545,140,8203,1121,6342,0,0,1205,10708,55,1915,1206,12623,California
Santa Barbara,2021-01-15,1805,16350,419,8622,1386,7728,0,0,1723,12351,80,1995,1723,14346,California
Santa Barbara,2021-01-16,1277,17627,203,8825,1074,8802,0,0,1237,13549,39,2034,1237,15583,California
Santa Barbara,2021-01-17,126,17753,23,8848,103,8905,0,0,123,13669,3,2037,123,15706,California
Santa Barbara,2021-01-18,1152,18905,419,9267,733,9638,0,0,967,14451,185,2222,967,16673,California
Santa Barbara,2021-01-19,1649,20554,570,9837,1079,10717,0,0,1369,15543,277,2499,1369,18042,California
Santa Barbara,2021-01-20,2228,22782,656,10493,1572,12289,0,0,1806,16928,421,2920,1806,19848,California
Santa Barbara,2021-01-21,3204,25986,1921,12414,1283,13572,0,0,3041,19808,163,3083,3043,22891,California
Santa Barbara,2021-01-22,2950,28936,1794,14208,1156,14728,0,0,2778,22418,169,3252,2779,25670,California
Santa Barbara,2021-01-23,1739,30675,1106,15314,633,15361,0,0,1224,23128,514,3766,1224,26894,California
Santa Barbara,2021-01-24,846,31521,749,16063,97,15458,0,0,835,23953,10,3776,835,27729,California
Santa Barbara,2021-01-25,1240,32761,493,16556,747,16205,0,0,1004,24721,236,4012,1004,28733,California
Santa Barbara,2021-01-26,2049,34810,465,17021,1584,17789,0,0,1666,26006,381,4393,1666,30399,California
Santa Barbara,2021-01-27,1170,35980,398,17419,772,18561,0,0,907,26653,262,4655,909,31308,California
Santa Barbara,2021-01-28,901,36881,296,17715,605,19166,0,0,685,27126,212,4867,685,31993,California
Santa Barbara,2021-01-29,1347,38228,527,18242,820,19986,0,0,983,27751,360,5227,985,32978,California
Santa Barbara,2021-01-30,1905,40133,1417,19659,488,20474,0,0,1487,28823,415,5642,1487,34465,California
Santa Barbara,2021-01-31,1455,41588,1213,20872,242,20716,0,0,1416,30200,39,5681,1416,35881,California
Santa Barbara,2021-02-01,944,42532,516,21388,428,21144,0,0,545,30346,399,6080,545,36426,California
Santa Barbara,2021-02-02,1813,44345,683,22071,1130,22274,0,0,1044,30623,767,6847,1044,37470,California
Santa Barbara,2021-02-03,1960,46305,1079,23150,881,23155,0,0,1510,31693,440,7287,1510,38980,California
Santa Barbara,2021-02-04,2804,49109,1876,25026,928,24083,0,0,2504,33903,294,7581,2504,41484,California
Santa Barbara,2021-02-05,2931,52040,2081,27107,850,24933,0,0,2281,35537,647,8228,2281,43765,California
Santa Barbara,2021-02-06,1207,53247,341,27448,866,25799,0,0,797,35924,410,8638,797,44562,California
Santa Barbara,2021-02-07,311,53558,268,27716,43,25842,0,0,272,36159,37,8675,272,44834,California
Santa Barbara,2021-02-08,957,54515,311,28027,646,26488,0,0,667,36536,290,8965,667,45501,California
Santa Barbara,2021-02-09,2452,56967,315,28342,2137,28625,0,0,1122,36339,1319,10284,1122,46623,California
Santa Barbara,2021-02-10,2778,59745,1501,29843,1277,29902,0,0,745,35066,2019,12303,746,47369,California
Santa Barbara,2021-02-11,4212,63957,2820,32663,1392,31294,0,0,631,32129,3568,15871,631,48000,California
Santa Barbara,2021-02-12,3321,67278,950,33613,2371,33665,0,0,773,30360,2542,18413,773,48773,California
Santa Barbara,2021-02-13,1245,68523,345,33958,900,34565,0,0,565,30247,678,19091,565,49338,California
Santa Barbara,2021-02-14,335,68858,37,33995,298,34863,0,0,288,30489,47,19138,289,49627,California
Santa Barbara,2021-02-15,983,69841,347,34342,636,35499,0,0,498,30506,482,19620,499,50126,California
Santa Barbara,2021-02-16,2134,71975,408,34750,1726,37225,0,0,724,29824,1406,21026,724,50850,California
Santa Barbara,2021-02-17,1454,73429,328,35078,1126,38351,0,0,521,29420,928,21954,524,51374,California
Santa Barbara,2021-02-18,3278,76707,2669,37747,609,38960,0,0,1526,29234,1713,23667,1527,52901,California
Santa Barbara,2021-02-19,3620,80327,2656,40403,964,39924,0,0,2340,30298,1277,24944,2341,55242,California
Santa Barbara,2021-02-20,2329,82656,1523,41926,806,40730,0,0,1754,31488,565,25509,1755,56997,California
Santa Barbara,2021-02-21,144,82800,115,42041,29,40759,0,0,63,31472,79,25588,63,57060,California
Santa Barbara,2021-02-22,980,83780,268,42309,712,41471,0,0,283,31061,694,26282,283,57343,California
Santa Barbara,2021-02-23,3272,87052,1110,43419,2162,43633,0,0,436,28665,2833,29115,437,57780,California
Santa Barbara,2021-02-24,3322,90374,1144,44563,2178,45811,0,0,747,26848,2564,31679,747,58527,California
Santa Barbara,2021-02-25,3549,93923,1994,46557,1555,47366,0,0,1016,25343,2525,34204,1020,59547,California
Santa Barbara,2021-02-26,3686,97609,2184,48741,1502,48868,0,0,1984,25637,1691,35895,1985,61532,California
Santa Barbara,2021-02-27,1545,99154,568,49309,977,49845,0,0,862,25825,679,36574,867,62399,California
Santa Barbara,2021-02-28,1096,100250,223,49532,873,50718,0,0,897,26531,193,36767,899,63298,California
Santa Barbara,2021-03-01,1672,101922,489,50021,1181,51899,2,2,1110,27099,545,37312,1113,64411,California
Santa Barbara,2021-03-02,2671,104593,427,50448,2244,54143,0,2,2164,28771,494,37806,2166,66577,California
Santa Barbara,2021-03-03,4650,109243,2106,52554,2542,56685,2,4,4048,32235,591,38397,4055,70632,California
Santa Barbara,2021-03-04,3443,112686,2292,54846,1151,57836,0,4,2876,34555,558,38955,2878,73510,California
Santa Barbara,2021-03-05,3834,116520,2172,57018,1603,59439,59,63,3102,36991,726,39681,3162,76672,California
Santa Barbara,2021-03-06,2444,118964,735,57753,1492,60931,217,280,1679,38124,760,40441,1893,78565,California
Santa Barbara,2021-03-07,566,119530,122,57875,312,61243,132,412,383,38458,182,40623,516,79081,California
Santa Barbara,2021-03-08,1586,121116,382,58257,861,62104,343,755,800,38822,779,41402,1143,80224,California
Santa Barbara,2021-03-09,2798,123914,347,58604,1685,63789,766,1521,746,38281,2048,43450,1507,81731,California
Santa Barbara,2021-03-10,2776,126690,555,59159,1168,64957,1053,2574,1049,38657,1722,45172,2098,83829,California
Santa Barbara,2021-03-11,5595,132285,3038,62197,1441,66398,1116,3690,2283,38754,3295,48467,3392,87221,California
Santa Barbara,2021-03-12,3709,135994,2112,64309,1162,67560,435,4125,2180,39845,1521,49988,2612,89833,California
Santa Barbara,2021-03-13,3510,139504,1944,66253,1360,68920,206,4331,2698,41942,807,50795,2904,92737,California
Santa Barbara,2021-03-14,818,140322,399,66652,362,69282,57,4388,494,42171,323,51118,552,93289,California
Santa Barbara,2021-03-15,2125,142447,701,67353,1133,70415,291,4679,1274,42891,843,51961,1563,94852,California
Santa Barbara,2021-03-16,3737,146184,1185,68538,2209,72624,343,5022,2736,44976,995,52956,3080,97932,California
Santa Barbara,2021-03-17,3328,149512,980,69518,1943,74567,405,5427,2331,46713,994,53950,2731,100663,California
Santa Barbara,2021-03-18,5273,154785,2803,72321,2268,76835,202,5629,4035,49729,1221,55171,4237,104900,California
Santa Barbara,2021-03-19,4489,159274,2779,75100,1375,78210,335,5964,3068,51715,1416,56587,3402,108302,California
Santa Barbara,2021-03-20,2234,161508,841,75941,1370,79580,23,5987,1366,52242,864,57451,1391,109693,California
Santa Barbara,2021-03-21,1184,162692,387,76328,767,80347,30,6017,853,52799,327,57778,884,110577,California
Santa Barbara,2021-03-22,2789,165481,1921,78249,824,81171,44,6061,2221,54507,558,58336,2266,112843,California
Santa Barbara,2021-03-23,4469,169950,2254,80503,2114,83285,101,6162,3693,57533,766,59102,3792,116635,California
Santa Barbara,2021-03-24,5436,175386,3153,83656,1520,84805,763,6925,2968,58813,2445,61547,3725,120360,California
Santa Barbara,2021-03-25,5573,180959,3274,86930,2100,86905,199,7124,2779,59016,2776,64323,2979,123339,California
Santa Barbara,2021-03-26,5110,186069,3232,90162,1572,88477,306,7430,2230,58690,2862,67185,2536,125875,California
Santa Barbara,2021-03-27,2966,189035,1225,91387,1698,90175,43,7473,1623,59015,1339,68524,1664,127539,California
Santa Barbara,2021-03-28,2792,191827,1658,93045,1106,91281,28,7501,1902,60060,886,69410,1931,129470,California
Santa Barbara,2021-03-29,4046,195873,2085,95130,1889,93170,72,7573,3224,62538,818,70228,3296,132766,California
Santa Barbara,2021-03-30,6802,202675,3513,98643,3138,96308,151,7724,4529,64958,2257,72485,4677,137443,California
Santa Barbara,2021-03-31,8685,211360,5528,104171,3089,99397,68,7792,5026,66415,3637,76122,5094,142537,California
Santa Barbara,2021-04-01,7066,218426,5219,109390,1586,100983,261,8053,4174,67984,2866,78988,4435,146972,California
Santa Barbara,2021-04-02,6657,225083,4559,113949,1503,102486,595,8648,3422,68775,3225,82213,4016,150988,California
Santa Barbara,2021-04-03,3819,228902,2112,116061,1635,104121,72,8720,2519,70070,1293,83506,2588,153576,California
Santa Barbara,2021-04-04,903,229805,446,116507,416,104537,41,8761,498,70206,403,83909,539,154115,California
Santa Barbara,2021-04-05,3484,233289,2299,118806,926,105463,259,9020,2178,71347,1296,85205,2437,156552,California
Santa Barbara,2021-04-06,5507,238796,2839,121645,2115,107578,553,9573,3359,73127,2128,87333,3908,160460,California
Santa Barbara,2021-04-07,6030,244826,3292,124937,2195,109773,543,10116,4088,75824,1933,89266,4630,165090,California
Santa Barbara,2021-04-08,7430,252256,5047,129984,654,110427,1729,11845,3429,76984,3993,93259,5153,170243,California
Santa Barbara,2021-04-09,7344,259600,4888,134872,1094,111521,1362,13207,3307,77620,4026,97285,4662,174905,California
Santa Barbara,2021-04-10,6715,266315,4652,139524,1444,112965,619,13826,4564,80658,2142,99427,5180,180085,California
Santa Barbara,2021-04-11,2682,268997,1966,141490,413,113378,303,14129,1856,81991,820,100247,2153,182238,California
Santa Barbara,2021-04-12,4432,273429,2849,144339,1028,114406,555,14684,1917,81955,2507,102754,2471,184709,California
Santa Barbara,2021-04-13,6387,279816,4190,148529,2191,116597,6,14690,2661,80900,3721,106475,2666,187375,California
Santa Barbara,2021-04-14,6812,286628,4422,152951,2388,118985,2,14692,4244,82590,2557,109032,4247,191622,California
Santa Barbara,2021-04-15,7015,293643,4109,157060,2905,121890,1,14693,3774,83137,3229,112261,3776,195398,California
Santa Barbara,2021-04-16,6431,300074,3775,160835,2645,124535,11,14704,4424,85585,1986,114247,4434,199832,California
Santa Barbara,2021-04-17,5360,305434,3881,164716,1479,126014,0,14704,4098,88436,1247,115494,4098,203930,California
Santa Barbara,2021-04-18,2196,307630,1534,166250,662,126676,0,14704,381,87010,1808,117302,382,204312,California
Santa Barbara,2021-04-19,3278,310908,2260,168510,1012,127688,6,14710,1036,85819,2234,119536,1043,205355,California
Santa Barbara,2021-04-20,5975,316883,4001,172511,1973,129661,1,14711,1692,83244,4267,123803,1692,207047,California
Santa Barbara,2021-04-21,5569,322452,3683,176194,1886,131547,0,14711,1781,81257,3770,127573,1783,208830,California
Santa Barbara,2021-04-22,5151,327603,2604,178798,2546,134093,1,14712,1481,79090,3651,131224,1484,210314,California
Santa Barbara,2021-04-23,5628,333231,3897,182695,1731,135824,0,14712,1992,77461,3621,134845,1992,212306,California
Santa Barbara,2021-04-24,4424,337655,2871,185566,1548,137372,5,14717,1632,76326,2773,137618,1638,213944,California
Santa Barbara,2021-04-25,1844,339499,1184,186750,660,138032,0,14717,498,75488,1336,138954,498,214442,California
Santa Barbara,2021-04-26,3257,342756,1990,188740,1246,139278,21,14738,560,73381,2689,141643,582,215024,California
Santa Barbara,2021-04-27,3988,346744,2192,190932,1694,140972,102,14840,1177,71859,2801,144444,1279,216303,California
Santa Barbara,2021-04-28,4927,351671,2875,193807,1936,142908,116,14956,1398,69864,3513,147957,1518,217821,California
Santa Barbara,2021-04-29,5272,356943,3816,197623,1229,144137,227,15183,1435,67704,3820,151777,1660,219481,California
Santa Barbara,2021-04-30,4967,361910,3712,201335,1091,145228,164,15347,1410,65739,3538,155315,1573,221054,California
Santa Barbara,2021-05-01,5248,367158,4050,205385,1164,146392,34,15381,892,62327,4340,159655,928,221982,California
Santa Barbara,2021-05-02,1131,368289,668,206053,335,146727,128,15509,304,61933,826,160481,432,222414,California
Santa Barbara,2021-05-03,2203,370492,1476,207529,589,147316,138,15647,441,60754,1755,162236,576,222990,California
Santa Barbara,2021-05-04,3317,373809,1693,209222,1552,148868,72,15719,1149,59821,2153,164389,1220,224210,California
Santa Barbara,2021-05-05,5457,379266,3684,212906,1626,150494,147,15866,633,55793,4810,169199,782,224992,California
Santa Barbara,2021-05-06,5079,384345,3926,216832,1048,151542,105,15971,971,52778,4091,173290,1076,226068,California
Santa Barbara,2021-05-07,4664,389009,3644,220476,840,152382,180,16151,996,50299,3652,176942,1173,227241,California
Santa Barbara,2021-05-08,4303,393312,3190,223666,1015,153397,98,16249,907,47921,3384,180326,1006,228247,California
Santa Barbara,2021-05-09,701,394013,111,223777,550,153947,40,16289,462,48186,238,180564,503,228750,California
Santa Barbara,2021-05-10,1360,395373,657,224434,619,154566,84,16373,376,47664,981,181545,459,229209,California
Santa Barbara,2021-05-11,1934,397307,839,225273,799,155365,296,16669,443,46919,1481,183026,736,229945,California
Santa Barbara,2021-05-12,2084,399391,744,226017,1116,156481,224,16893,524,46120,1547,184573,748,230693,California
Santa Barbara,2021-05-13,3895,403286,2789,228806,908,157389,198,17091,1236,44907,2646,187219,1433,232126,California
Santa Barbara,2021-05-14,4151,407437,2525,231331,1532,158921,94,17185,1616,44096,2520,189739,1709,233835,California
Santa Barbara,2021-05-15,3523,410960,2562,233893,942,159863,19,17204,1844,44293,1667,191406,1864,235699,California
Santa Barbara,2021-05-16,1137,412097,521,234414,501,160364,115,17319,528,44333,603,192009,643,236342,California
Santa Barbara,2021-05-17,1641,413738,936,235350,642,161006,63,17382,862,44484,773,192782,924,237266,California
Santa Barbara,2021-05-18,1857,415595,1160,236510,602,161608,95,17477,975,44689,866,193648,1071,238337,California
Santa Barbara,2021-05-19,1769,417364,975,237485,754,162362,40,17517,808,44584,952,194600,847,239184,California
Santa Barbara,2021-05-20,1751,419115,952,238437,680,163042,119,17636,878,44721,861,195461,998,240182,California
Santa Barbara,2021-05-21,3461,422576,2340,240777,1067,164109,54,17690,1256,43842,2190,197651,1311,241493,California
Santa Barbara,2021-05-22,2467,425043,1705,242482,718,164827,44,17734,1397,44222,1062,198713,1442,242935,California
Santa Barbara,2021-05-23,766,425809,341,242823,395,165222,30,17764,415,44317,350,199063,445,243380,California
Santa Barbara,2021-05-24,1007,426816,588,243411,356,165578,63,17827,484,44346,518,199581,547,243927,California
Santa Barbara,2021-05-25,1405,428221,568,243979,768,166346,69,17896,462,43940,937,200518,531,244458,California
Santa Barbara,2021-05-26,3011,431232,1709,245688,1180,167526,122,18018,838,42741,2158,202676,959,245417,California
Santa Barbara,2021-05-27,1953,433185,1212,246900,599,168125,142,18160,825,42588,1121,203797,968,246385,California
Santa Barbara,2021-05-28,1505,434690,698,247598,655,168780,152,18312,614,42466,888,204685,766,247151,California
Santa Barbara,2021-05-29,904,435594,319,247917,548,169328,37,18349,364,42330,537,205222,401,247552,California
Santa Barbara,2021-05-30,509,436103,179,248096,231,169559,99,18448,184,42289,323,205545,282,247834,California
Santa Barbara,2021-05-31,95,436198,42,248138,43,169602,10,18458,22,42248,72,205617,31,247865,California
Santa Barbara,2021-06-01,1132,437330,592,248730,482,170084,58,18516,441,42062,685,206302,499,248364,California
Santa Barbara,2021-06-02,982,438312,585,249315,314,170398,83,18599,425,42016,553,206855,507,248871,California
Santa Barbara,2021-06-03,2058,440370,1547,250862,454,170852,57,18656,614,41248,1436,208291,668,249539,California
Santa Barbara,2021-06-04,1456,441826,670,251532,646,171498,140,18796,487,40911,960,209251,623,250162,California
Santa Barbara,2021-06-05,2911,444737,2211,253743,648,172146,52,18848,479,39020,2421,211672,530,250692,California
Santa Barbara,2021-06-06,921,445658,483,254226,419,172565,19,18867,230,38581,688,212360,249,250941,California
Santa Barbara,2021-06-07,1169,446827,832,255058,285,172850,52,18919,300,38067,866,213226,352,251293,California
Santa Barbara,2021-06-08,1111,447938,711,255769,368,173218,32,18951,291,37575,814,214040,322,251615,California
Santa Barbara,2021-06-09,1021,448959,695,256464,241,173459,85,19036,315,37272,703,214743,400,252015,California
Santa Barbara,2021-06-10,2387,451346,2073,258537,243,173702,71,19107,524,36007,1860,216603,595,252610,California
Santa Barbara,2021-06-11,1308,452654,606,259143,598,174300,104,19211,391,35591,911,217514,495,253105,California
Santa Barbara,2021-06-12,889,453543,598,259741,268,174568,23,19234,233,35198,648,218162,255,253360,California
Santa Barbara,2021-06-13,489,454032,301,260042,91,174659,97,19331,127,35062,360,218522,224,253584,California
Santa Barbara,2021-06-14,1254,455286,856,260898,322,174981,76,19407,334,34560,912,219434,410,253994,California
Santa Barbara,2021-06-15,1146,456432,756,261654,355,175336,35,19442,397,34250,742,220176,432,254426,California
Santa Barbara,2021-06-16,932,457364,646,262300,239,175575,47,19489,352,34073,574,220750,397,254823,California
Santa Barbara,2021-06-17,1874,459238,1544,263844,241,175816,89,19578,622,33534,1249,221999,710,255533,California
Santa Barbara,2021-06-18,1109,460347,715,264559,295,176111,99,19677,363,33254,742,222741,462,255995,California
Santa Barbara,2021-06-19,540,460887,363,264922,145,176256,32,19709,250,33249,287,223028,282,256277,California
Santa Barbara,2021-06-20,369,461256,211,265133,148,176404,10,19719,153,33196,215,223243,162,256439,California
Santa Barbara,2021-06-21,527,461783,264,265397,210,176614,53,19772,275,33277,247,223490,328,256767,California
Santa Barbara,2021-06-22,764,462547,495,265892,238,176852,31,19803,298,33143,462,223952,328,257095,California
Santa Barbara,2021-06-23,778,463325,563,266455,183,177035,32,19835,333,33067,440,224392,364,257459,California
Santa Barbara,2021-06-24,1355,464680,1147,267602,150,177185,58,19893,579,32933,769,225161,635,258094,California
Santa Barbara,2021-06-25,970,465650,616,268218,292,177477,62,19955,448,32924,518,225679,509,258603,California
Santa Barbara,2021-06-26,508,466158,355,268573,122,177599,31,19986,201,32849,307,225986,232,258835,California
Santa Barbara,2021-06-27,391,466549,256,268829,73,177672,62,20048,188,32900,199,226185,250,259085,California
Santa Barbara,2021-06-28,466,467015,305,269134,127,177799,34,20082,237,32942,229,226414,271,259356,California
Santa Barbara,2021-06-29,556,467571,377,269511,164,177963,15,20097,267,32940,283,226697,281,259637,California
Santa Barbara,2021-06-30,650,468221,462,269973,149,178112,39,20136,314,32966,327,227024,353,259990,California
Santa Barbara,2021-07-01,1063,469284,795,270768,119,178231,149,20285,413,32879,648,227672,561,260551,California
Santa Barbara,2021-07-02,756,470040,514,271282,187,178418,55,20340,374,32928,380,228052,429,260980,California
Santa Barbara,2021-07-03,348,470388,220,271502,118,178536,10,20350,154,32901,190,228242,163,261143,California
Santa Barbara,2021-07-04,25,470413,15,271517,10,178546,0,20350,9,32894,16,228258,9,261152,California
Santa Barbara,2021-07-05,486,470899,313,271830,154,178700,19,20369,219,32866,266,228524,238,261390,California
Santa Barbara,2021-07-06,345,471244,263,272093,66,178766,16,20385,115,32771,226,228750,131,261521,California
Santa Clara,2020-12-15,72,72,72,72,0,0,0,0,72,72,0,0,72,72,California
Santa Clara,2020-12-16,152,224,152,224,0,0,0,0,152,224,0,0,152,224,California
Santa Clara,2020-12-17,408,632,408,632,0,0,0,0,408,632,0,0,408,632,California
Santa Clara,2020-12-18,1757,2389,1757,2389,0,0,0,0,1757,2389,0,0,1757,2389,California
Santa Clara,2020-12-19,2077,4466,2077,4466,0,0,0,0,2076,4465,0,0,2076,4465,California
Santa Clara,2020-12-20,1906,6372,1905,6371,1,1,0,0,1903,6368,0,0,1903,6368,California
Santa Clara,2020-12-21,2677,9049,2677,9048,0,1,0,0,2673,9040,1,1,2673,9041,California
Santa Clara,2020-12-22,3129,12178,3122,12170,7,8,0,0,3124,12162,2,3,3124,12165,California
Santa Clara,2020-12-23,3277,15455,3087,15257,190,198,0,0,3274,15435,1,4,3274,15439,California
Santa Clara,2020-12-24,1891,17346,1700,16957,191,389,0,0,1884,17317,2,6,1884,17323,California
Santa Clara,2020-12-25,349,17695,348,17305,1,390,0,0,349,17666,0,6,349,17672,California
Santa Clara,2020-12-26,1276,18971,1041,18346,235,625,0,0,1275,18941,0,6,1275,18947,California
Santa Clara,2020-12-27,659,19630,516,18862,143,768,0,0,659,19600,0,6,659,19606,California
Santa Clara,2020-12-28,2353,21983,1741,20603,612,1380,0,0,2353,21953,0,6,2353,21959,California
Santa Clara,2020-12-29,2375,24358,1509,22112,866,2246,0,0,2373,24326,0,6,2373,24332,California
Santa Clara,2020-12-30,2996,27354,1897,24009,1099,3345,0,0,2993,27316,3,9,2993,27325,California
Santa Clara,2020-12-31,1238,28592,399,24408,839,4184,0,0,1237,28552,1,10,1237,28562,California
Santa Clara,2021-01-01,152,28744,16,24424,136,4320,0,0,151,28702,1,11,151,28713,California
Santa Clara,2021-01-02,1099,29843,820,25244,279,4599,0,0,1099,29801,0,11,1099,29812,California
Santa Clara,2021-01-03,589,30432,372,25616,217,4816,0,0,584,30382,3,14,584,30396,California
Santa Clara,2021-01-04,2485,32917,1680,27296,805,5621,0,0,2482,32864,0,14,2482,32878,California
Santa Clara,2021-01-05,3104,36021,2035,29331,1069,6690,0,0,2910,35587,193,207,2916,35794,California
Santa Clara,2021-01-06,3370,39391,1995,31326,1375,8065,0,0,2760,37745,605,812,2763,38557,California
Santa Clara,2021-01-07,4240,43631,2577,33903,1663,9728,0,0,3152,39827,1077,1889,3159,41716,California
Santa Clara,2021-01-08,5894,49525,3858,37761,2036,11764,0,0,3774,41490,2111,4000,3774,45490,California
Santa Clara,2021-01-09,3040,52565,1918,39679,1122,12886,0,0,1718,41892,1319,5319,1721,47211,California
Santa Clara,2021-01-10,1973,54538,1523,41202,450,13336,0,0,752,41425,1219,6538,752,47963,California
Santa Clara,2021-01-11,6003,60541,3797,44999,2206,15542,0,0,3404,42239,2596,9134,3410,51373,California
Santa Clara,2021-01-12,6913,67454,3508,48507,3405,18947,0,0,4573,44488,2325,11459,4574,55947,California
Santa Clara,2021-01-13,7475,74929,3141,51648,4334,23281,0,0,5220,47458,2251,13710,5221,61168,California
Santa Clara,2021-01-14,8316,83245,2871,54519,5445,28726,0,0,6514,52181,1793,15503,6516,67684,California
Santa Clara,2021-01-15,9567,92812,2773,57292,6794,35520,0,0,8159,58943,1402,16905,8164,75848,California
Santa Clara,2021-01-16,4360,97172,1258,58550,3102,38622,0,0,3499,61585,857,17762,3499,79347,California
Santa Clara,2021-01-17,3246,100418,619,59169,2627,41249,0,0,2735,63813,507,18269,2735,82082,California
Santa Clara,2021-01-18,5124,105542,1178,60347,3946,45195,0,0,4559,67808,565,18834,4560,86642,California
Santa Clara,2021-01-19,8521,114063,2705,63052,5816,51011,0,0,6818,72930,1699,20533,6821,93463,California
Santa Clara,2021-01-20,8454,122517,4454,67506,4000,55011,0,0,6882,78245,1567,22100,6882,100345,California
Santa Clara,2021-01-21,8922,131439,3951,71457,4971,59982,0,0,7635,84600,1282,23382,7637,107982,California
Santa Clara,2021-01-22,8743,140182,3311,74768,5432,65414,0,0,8161,92186,578,23960,8164,116146,California
Santa Clara,2021-01-23,3809,143991,1684,76452,2125,67539,0,0,2839,94056,970,24930,2840,118986,California
Santa Clara,2021-01-24,2852,146843,1431,77883,1421,68960,0,0,2356,95921,491,25421,2356,121342,California
Santa Clara,2021-01-25,8412,155255,3809,81692,4603,73563,0,0,6321,100161,2083,27504,6323,127665,California
Santa Clara,2021-01-26,8327,163582,3798,85490,4529,78092,0,0,6171,104191,2144,29648,6174,133839,California
Santa Clara,2021-01-27,8815,172397,3887,89377,4928,83020,0,0,6867,109132,1927,31575,6868,140707,California
Santa Clara,2021-01-28,9557,181954,3828,93205,5729,88749,0,0,7555,114711,1981,33556,7560,148267,California
Santa Clara,2021-01-29,9618,191572,3968,97173,5650,94399,0,0,7414,119935,2191,35747,7415,155682,California
Santa Clara,2021-01-30,4216,195788,2097,99270,2119,96518,0,0,2986,121701,1221,36968,2987,158669,California
Santa Clara,2021-01-31,2205,197993,1323,100593,882,97400,0,0,1595,122694,602,37570,1595,160264,California
Santa Clara,2021-02-01,7880,205873,3516,104109,4364,101764,0,0,6157,127144,1709,39279,6159,166423,California
Santa Clara,2021-02-02,8672,214545,2902,107011,5770,107534,0,0,6619,131723,2043,41322,6622,173045,California
Santa Clara,2021-02-03,9293,223838,3500,110511,5793,113327,0,0,6977,136396,2310,43632,6983,180028,California
Santa Clara,2021-02-04,11044,234882,4181,114692,6863,120190,0,0,8710,142788,2322,45954,8714,188742,California
Santa Clara,2021-02-05,12044,246926,4388,119080,7656,127846,0,0,8548,147859,3478,49432,8549,197291,California
Santa Clara,2021-02-06,5235,252161,2842,121922,2393,130239,0,0,4048,150728,1181,50613,4050,201341,California
Santa Clara,2021-02-07,3491,255652,2358,124280,1133,131372,0,0,3032,153305,456,51069,3033,204374,California
Santa Clara,2021-02-08,10090,265742,3541,127821,6549,137921,0,0,7341,157910,2737,53806,7342,211716,California
Santa Clara,2021-02-09,11238,276980,3840,131661,7398,145319,0,0,7705,162102,3517,57323,7709,219425,California
Santa Clara,2021-02-10,12799,289779,4969,136630,7830,153149,0,0,6637,162600,6143,63466,6641,226066,California
Santa Clara,2021-02-11,13655,303434,4788,141418,8867,162016,0,0,7660,164286,5976,69442,7662,233728,California
Santa Clara,2021-02-12,14710,318144,4543,145961,10167,172183,0,0,6991,163586,7693,77135,6993,240721,California
Santa Clara,2021-02-13,6180,324324,1504,147465,4676,176859,0,0,2250,161917,3921,81056,2252,242973,California
Santa Clara,2021-02-14,4658,328982,1165,148630,3493,180352,0,0,1482,160229,3172,84228,1484,244457,California
Santa Clara,2021-02-15,6334,335316,2825,151455,3509,183861,0,0,2732,159370,3592,87820,2733,247190,California
Santa Clara,2021-02-16,13919,349235,4034,155489,9885,193746,0,0,6982,159439,6914,94734,6983,254173,California
Santa Clara,2021-02-17,14170,363405,5567,161056,8603,202349,0,0,7056,159411,7090,101824,7062,261235,California
Santa Clara,2021-02-18,14365,377770,8472,169528,5893,208242,0,0,7313,159725,7003,108827,7317,268552,California
Santa Clara,2021-02-19,15039,392809,9659,179187,5380,213622,0,0,8736,162188,6280,115107,8743,277295,California
Santa Clara,2021-02-20,7076,399885,5301,184488,1775,215397,0,0,3801,162732,3258,118365,3802,281097,California
Santa Clara,2021-02-21,3442,403327,2564,187052,878,216275,0,0,1284,161879,2139,120504,1286,282383,California
Santa Clara,2021-02-22,10808,414135,6448,193500,4360,220635,0,0,5003,161110,5773,126277,5004,287387,California
Santa Clara,2021-02-23,12525,426660,8087,201587,4438,225073,0,0,7070,162754,5430,131707,7074,294461,California
Santa Clara,2021-02-24,14824,441484,9526,211113,5298,230371,0,0,9095,166143,5706,137413,9095,303556,California
Santa Clara,2021-02-25,15338,456822,9763,220876,5575,235946,0,0,8342,167533,6960,144373,8350,311906,California
Santa Clara,2021-02-26,15106,471928,8758,229634,6348,242294,0,0,8213,168906,6847,151220,8220,320126,California
Santa Clara,2021-02-27,8407,480335,5818,235452,2588,244882,1,1,4693,169917,3690,154910,4701,324827,California
Santa Clara,2021-02-28,5384,485719,3677,239129,1707,246589,0,1,2670,169891,2697,157607,2671,327498,California
Santa Clara,2021-03-01,14570,500289,8379,247508,6185,252774,6,7,9022,173396,5523,163130,9028,336526,California
Santa Clara,2021-03-02,16179,516468,9575,257083,6602,259376,2,9,10321,177890,5829,168959,10323,346849,California
Santa Clara,2021-03-03,18699,535167,9256,266339,9439,268815,4,13,11625,182491,7032,175991,11633,358482,California
Santa Clara,2021-03-04,16593,551760,9029,275368,7561,276376,3,16,9646,185291,6852,182843,9652,368134,California
Santa Clara,2021-03-05,16650,568410,9264,284632,7260,283636,126,142,9238,187277,7384,190227,9370,377504,California
Santa Clara,2021-03-06,9452,577862,6327,290959,2675,286311,450,592,7089,192466,2350,192577,7539,385043,California
Santa Clara,2021-03-07,6844,584706,4484,295443,2113,288424,247,839,5444,196768,1386,193963,5688,390731,California
Santa Clara,2021-03-08,12939,597645,6744,302187,5622,294046,573,1412,8298,201011,4624,198587,8867,399598,California
Santa Clara,2021-03-09,15327,612972,6535,308722,7463,301509,1329,2741,6907,200838,8397,206984,8224,407822,California
Santa Clara,2021-03-10,15296,628268,6715,315437,6465,307974,2116,4857,6319,200302,8937,215921,8401,416223,California
Santa Clara,2021-03-11,17152,645420,7799,323236,7849,315823,1504,6361,6076,196827,11036,226957,7561,423784,California
Santa Clara,2021-03-12,17767,663187,9134,332370,7063,322886,1570,7931,5946,192544,11769,238726,7486,431270,California
Santa Clara,2021-03-13,10883,674070,6306,338676,3073,325959,1504,9435,4838,192836,6017,244743,6309,437579,California
Santa Clara,2021-03-14,6550,680620,3407,342083,1838,327797,1305,10740,3172,193936,3356,248099,4456,442035,California
Santa Clara,2021-03-15,12858,693478,6571,348654,6009,333806,278,11018,5920,193226,6907,255006,6197,448232,California
Santa Clara,2021-03-16,18336,711814,10359,359013,7768,341574,209,11227,8755,192638,9549,264555,8961,457193,California
Santa Clara,2021-03-17,20123,731937,11439,370452,8515,350089,169,11396,10281,193301,9781,274336,10444,467637,California
Santa Clara,2021-03-18,19338,751275,9079,379531,9096,359185,1163,12559,9051,193276,10226,284562,10201,477838,California
Santa Clara,2021-03-19,19560,770835,10094,389625,8458,367643,1008,13567,9960,194718,9516,294078,10958,488796,California
Santa Clara,2021-03-20,11609,782444,6402,396027,4375,372018,832,14399,6708,197398,4855,298933,7535,496331,California
Santa Clara,2021-03-21,8372,790816,3849,399876,3128,375146,1395,15794,5350,201122,3004,301937,6728,503059,California
Santa Clara,2021-03-22,16563,807379,9236,409112,6973,382119,354,16148,9151,203245,7378,309315,9501,512560,California
Santa Clara,2021-03-23,19514,826893,12394,421506,6594,388713,526,16674,11219,206743,8241,317556,11739,524299,California
Santa Clara,2021-03-24,22823,849716,14645,436151,7760,396473,418,17092,14644,213671,8132,325688,15060,539359,California
Santa Clara,2021-03-25,23129,872845,13230,449381,8907,405380,992,18084,14839,221271,8211,333899,15811,555170,California
Santa Clara,2021-03-26,22132,894977,14067,463448,7673,413053,392,18476,13608,226784,8477,342376,13990,569160,California
Santa Clara,2021-03-27,15788,910765,10502,473950,4516,417569,770,19246,8469,228750,7268,349644,9234,578394,California
Santa Clara,2021-03-28,12094,922859,8390,482340,2987,420556,717,19963,6489,230372,5576,355220,7198,585592,California
Santa Clara,2021-03-29,20711,943570,12644,494984,7340,427896,727,20690,11209,232842,9454,364674,11924,597516,California
Santa Clara,2021-03-30,25795,969365,15287,510271,8557,436453,1951,22641,16220,241469,9528,374202,18155,615671,California
Santa Clara,2021-03-31,20642,990007,11939,522210,7565,444018,1138,23779,12564,247129,8025,382227,13685,629356,California
Santa Clara,2021-04-01,32055,1022062,19888,542098,9050,453068,3117,26896,20236,258699,11738,393965,23308,652664,California
Santa Clara,2021-04-02,25432,1047494,14399,556497,8804,461872,2229,29125,16597,268712,8785,402750,18798,671462,California
Santa Clara,2021-04-03,15399,1062893,9330,565827,3522,465394,2547,31672,8516,272896,6855,409605,11039,682501,California
Santa Clara,2021-04-04,7666,1070559,4052,569879,2437,467831,1177,32849,3978,274357,3674,413279,5135,687636,California
Santa Clara,2021-04-05,22019,1092578,14627,584506,4892,472723,2500,35349,14388,283626,7594,420873,16863,704499,California
Santa Clara,2021-04-06,29784,1122362,16375,600881,7909,480632,5500,40849,17840,295035,11884,432757,23293,727792,California
Santa Clara,2021-04-07,31071,1153433,16032,616913,8518,489150,6521,47370,18953,308411,12054,444811,25430,753222,California
Santa Clara,2021-04-08,30177,1183610,16461,633374,6064,495214,7652,55022,16421,318751,13674,458485,24014,777236,California
Santa Clara,2021-04-09,28282,1211892,13993,647367,6960,502174,7329,62351,14446,326690,13765,472250,21704,798940,California
Santa Clara,2021-04-10,21662,1233554,12482,659849,3810,505984,5370,67721,11551,333484,10068,482318,16862,815802,California
Santa Clara,2021-04-11,16112,1249666,9655,669504,2668,508652,3789,71510,8332,337834,7741,490059,12091,827893,California
Santa Clara,2021-04-12,27158,1276824,19077,688581,5593,514245,2488,73998,18466,350149,8624,498683,20939,848832,California
Santa Clara,2021-04-13,34682,1311506,27270,715851,7383,521628,29,74027,26708,369017,7892,506575,26760,875592,California
Santa Clara,2021-04-14,37221,1348727,28204,744055,9013,530641,4,74031,26378,384669,10769,517344,26421,902013,California
Santa Clara,2021-04-15,44726,1393453,34605,778660,10115,540756,6,74037,34372,408843,10230,527574,34404,936417,California
Santa Clara,2021-04-16,38912,1432365,26636,805296,12272,553028,4,74041,27818,425684,11008,538582,27849,964266,California
Santa Clara,2021-04-17,22368,1454733,15299,820595,7067,560095,2,74043,15355,434114,6947,545529,15377,979643,California
Santa Clara,2021-04-18,16958,1471691,11152,831747,5806,565901,0,74043,10603,438410,6320,551849,10616,990259,California
Santa Clara,2021-04-19,29340,1501031,21206,852953,8133,574034,1,74044,17566,444318,11694,563543,17602,1007861,California
Santa Clara,2021-04-20,38154,1539185,23508,876461,14644,588678,2,74046,23245,452820,14784,578327,23286,1031147,California
Santa Clara,2021-04-21,38202,1577387,22578,899039,15622,604300,2,74048,25013,464797,13079,591406,25056,1056203,California
Santa Clara,2021-04-22,37992,1615379,25485,924524,12506,616806,1,74049,17888,462768,19994,611400,17965,1074168,California
Santa Clara,2021-04-23,32787,1648166,20160,944684,12626,629432,1,74050,15339,460832,17336,628736,15400,1089568,California
Santa Clara,2021-04-24,21227,1669393,15505,960189,5721,635153,1,74051,12054,463825,9094,637830,12087,1101655,California
Santa Clara,2021-04-25,13610,1683003,9838,970027,3766,638919,6,74057,8685,467660,4880,642710,8715,1110370,California
Santa Clara,2021-04-26,25529,1708532,19717,989744,5752,644671,60,74117,10612,463541,14816,657526,10697,1121067,California
Santa Clara,2021-04-27,28006,1736538,19967,1009711,7652,652323,387,74504,12208,460490,15698,673224,12647,1133714,California
Santa Clara,2021-04-28,26592,1763130,19798,1029509,6355,658678,439,74943,11279,457057,15222,688446,11789,1145503,California
Santa Clara,2021-04-29,24515,1787645,17990,1047499,6125,664803,400,75343,9219,451549,15210,703656,9702,1155205,California
Santa Clara,2021-04-30,23699,1811344,16342,1063841,6987,671790,370,75713,10140,448688,13462,717118,10601,1165806,California
Santa Clara,2021-05-01,17529,1828873,14524,1078365,2740,674530,265,75978,5514,442553,11958,729076,5823,1171629,California
Santa Clara,2021-05-02,11311,1840184,9385,1087750,1692,676222,234,76212,3490,438524,7773,736849,3744,1175373,California
Santa Clara,2021-05-03,22895,1863079,19388,1107138,3075,679297,432,76644,5142,426470,17673,754522,5619,1180992,California
Santa Clara,2021-05-04,31171,1894250,24495,1131633,6132,685429,544,77188,5561,407127,25497,780019,6154,1187146,California
Santa Clara,2021-05-05,32797,1927047,25044,1156677,7209,692638,544,77732,5530,386066,27164,807183,6103,1193249,California
Santa Clara,2021-05-06,35962,1963009,30030,1186707,5457,698095,475,78207,4773,360286,31051,838234,5271,1198520,California
Santa Clara,2021-05-07,32918,1995927,26493,1213200,5935,704030,490,78697,4708,337462,28071,866305,5247,1203767,California
Santa Clara,2021-05-08,17226,2013153,14126,1227326,2675,706705,425,79122,3715,328199,13418,879723,4155,1207922,California
Santa Clara,2021-05-09,10578,2023731,9206,1236532,1186,707891,186,79308,2334,322526,8206,887929,2533,1210455,California
Santa Clara,2021-05-10,21154,2044885,16978,1253510,3773,711664,403,79711,2644,307169,18425,906354,3068,1213523,California
Santa Clara,2021-05-11,22885,2067770,17323,1270833,5117,716781,445,80156,4021,292872,18769,925123,4472,1217995,California
Santa Clara,2021-05-12,21567,2089337,15886,1286719,5157,721938,524,80680,4244,280424,17222,942345,4774,1222769,California
Santa Clara,2021-05-13,28357,2117694,22980,1309699,5075,727013,302,80982,11261,274991,17005,959350,11572,1234341,California
Santa Clara,2021-05-14,27964,2145658,19569,1329268,8005,735018,390,81372,9642,266814,18222,977572,10045,1244386,California
Santa Clara,2021-05-15,21010,2166668,16904,1346172,3825,738843,281,81653,8140,262462,12781,990353,8429,1252815,California
Santa Clara,2021-05-16,16420,2183088,13427,1359599,2817,741660,176,81829,5367,257041,10967,1001320,5546,1258361,California
Santa Clara,2021-05-17,20440,2203528,16085,1375684,3987,745647,368,82197,6863,250773,13500,1014820,7232,1265593,California
Santa Clara,2021-05-18,26194,2229722,16744,1392428,9035,754682,415,82612,7167,239469,18887,1033707,7583,1273176,California
Santa Clara,2021-05-19,24635,2254357,14417,1406845,9795,764477,423,83035,7306,229992,17213,1050920,7736,1280912,California
Santa Clara,2021-05-20,18540,2272897,12202,1419047,5887,770364,451,83486,6101,224192,12348,1063268,6548,1287460,California
Santa Clara,2021-05-21,22339,2295236,14852,1433899,6990,777354,497,83983,7382,217238,14847,1078115,7893,1295353,California
Santa Clara,2021-05-22,12994,2308230,9844,1443743,2794,780148,356,84339,5693,216057,7234,1085349,6053,1301406,California
Santa Clara,2021-05-23,8425,2316655,6272,1450015,1951,782099,202,84541,3397,214676,4982,1090331,3601,1305007,California
Santa Clara,2021-05-24,10916,2327571,7878,1457893,2589,784688,449,84990,3788,211848,7066,1097397,4238,1309245,California
Santa Clara,2021-05-25,11492,2339063,7955,1465848,3118,787806,419,85409,4401,209652,7014,1104411,4818,1314063,California
Santa Clara,2021-05-26,10435,2349498,6773,1472621,3325,791131,337,85746,3962,207579,6366,1110777,4293,1318356,California
Santa Clara,2021-05-27,9414,2358912,6009,1478630,2930,794061,475,86221,3511,205723,5835,1116612,3979,1322335,California
Santa Clara,2021-05-28,10908,2369820,7075,1485705,3403,797464,430,86651,4446,204206,6394,1123006,4877,1327212,California
Santa Clara,2021-05-29,6355,2376175,4334,1490039,1739,799203,282,86933,2707,203588,3604,1126610,2986,1330198,California
Santa Clara,2021-05-30,3862,2380037,2907,1492946,746,799949,209,87142,1830,203624,2002,1128612,2038,1332236,California
Santa Clara,2021-05-31,1097,2381134,629,1493575,359,800308,109,87251,439,203522,650,1129262,548,1332784,California
Santa Clara,2021-06-01,9081,2390215,6378,1499953,2319,802627,384,87635,3009,200919,5995,1135257,3392,1336176,California
Santa Clara,2021-06-02,7710,2397925,5540,1505493,1818,804445,352,87987,2907,199424,4745,1140002,3250,1339426,California
Santa Clara,2021-06-03,12243,2410168,10137,1515630,1739,806184,367,88354,2631,192874,9551,1149553,3001,1342427,California
Santa Clara,2021-06-04,13626,2423794,11409,1527039,1901,808085,316,88670,3284,186194,10273,1159826,3593,1346020,California
Santa Clara,2021-06-05,10510,2434304,9034,1536073,1216,809301,260,88930,2195,180385,8262,1168088,2453,1348473,California
Santa Clara,2021-06-06,6940,2441244,6188,1542261,597,809898,155,89085,1359,176371,5527,1173615,1513,1349986,California
Santa Clara,2021-06-07,9933,2451177,8373,1550634,1318,811216,242,89327,2297,171311,7597,1181212,2537,1352523,California
Santa Clara,2021-06-08,9174,2460351,7492,1558126,1412,812628,270,89597,2451,167368,6661,1187873,2718,1355241,California
Santa Clara,2021-06-09,9542,2469893,7961,1566087,1328,813956,253,89850,2264,162667,7213,1195086,2512,1357753,California
Santa Clara,2021-06-10,8328,2478221,6914,1573001,1084,815040,330,90180,2248,159215,6026,1201112,2574,1360327,California
Santa Clara,2021-06-11,10247,2488468,8699,1581700,1270,816310,278,90458,2526,154351,7668,1208780,2804,1363131,California
Santa Clara,2021-06-12,7186,2495654,5986,1587686,1034,817344,166,90624,1698,150774,5442,1214222,1865,1364996,California
Santa Clara,2021-06-13,3750,2499404,3031,1590717,606,817950,113,90737,872,148906,2853,1217075,985,1365981,California
Santa Clara,2021-06-14,5980,2505384,4833,1595550,914,818864,233,90970,1947,147086,3999,1221074,2179,1368160,California
Santa Clara,2021-06-15,7372,2512756,5970,1601520,1101,819965,301,91271,2080,144227,5242,1226316,2383,1370543,California
Santa Clara,2021-06-16,6370,2519126,5156,1606676,906,820871,308,91579,2091,142397,4230,1230546,2400,1372943,California
Santa Clara,2021-06-17,5369,2524495,4349,1611025,775,821646,245,91824,1837,141014,3461,1234007,2078,1375021,California
Santa Clara,2021-06-18,5447,2529942,4393,1615418,882,822528,172,91996,1791,139402,3574,1237581,1962,1376983,California
Santa Clara,2021-06-19,4528,2534470,3622,1619040,705,823233,201,92197,1284,137682,3205,1240786,1485,1378468,California
Santa Clara,2021-06-20,2146,2536616,1761,1620801,321,823554,64,92261,676,136970,1452,1242238,740,1379208,California
Santa Clara,2021-06-21,3700,2540316,2785,1623586,688,824242,227,92488,1807,137141,1860,1244098,2031,1381239,California
Santa Clara,2021-06-22,5089,2545405,4060,1627646,805,825047,224,92712,1708,135728,3343,1247441,1930,1383169,California
Santa Clara,2021-06-23,4478,2549883,3522,1631168,755,825802,201,92913,1607,134698,2836,1250277,1806,1384975,California
Santa Clara,2021-06-24,4367,2554250,3380,1634548,783,826585,204,93117,1613,133813,2702,1252979,1817,1386792,California
Santa Clara,2021-06-25,5522,2559772,4511,1639059,801,827386,210,93327,1893,132338,3574,1256553,2099,1388891,California
Santa Clara,2021-06-26,3686,2563458,2937,1641996,610,827996,139,93466,1336,131501,2310,1258863,1473,1390364,California
Santa Clara,2021-06-27,1986,2565444,1549,1643545,350,828346,87,93553,685,130985,1287,1260150,771,1391135,California
Santa Clara,2021-06-28,4056,2569500,3422,1646967,408,828754,226,93779,1556,130293,2471,1262621,1779,1392914,California
Santa Clara,2021-06-29,4136,2573636,3222,1650189,732,829486,182,93961,1591,129558,2508,1265129,1773,1394687,California
Santa Clara,2021-06-30,3725,2577361,2918,1653107,630,830116,177,94138,1436,128909,2264,1267393,1615,1396302,California
Santa Clara,2021-07-01,3550,2580911,2818,1655925,538,830654,194,94332,1346,128263,2184,1269577,1538,1397840,California
Santa Clara,2021-07-02,4117,2585028,3334,1659259,617,831271,166,94498,1567,127484,2514,1272091,1735,1399575,California
Santa Clara,2021-07-03,2410,2587438,1881,1661140,419,831690,110,94608,989,127188,1395,1273486,1099,1400674,California
Santa Clara,2021-07-04,135,2587573,100,1661240,22,831712,13,94621,69,127205,65,1273551,82,1400756,California
Santa Clara,2021-07-05,2365,2589938,1954,1663194,289,832001,122,94743,954,126898,1383,1274934,1076,1401832,California
Santa Clara,2021-07-06,3167,2593105,2345,1665539,678,832679,144,94887,988,125872,2154,1277088,1128,1402960,California
Santa Cruz,2020-12-15,2,2,2,2,0,0,0,0,2,2,0,0,2,2,California
Santa Cruz,2020-12-16,57,59,57,59,0,0,0,0,57,59,0,0,57,59,California
Santa Cruz,2020-12-17,389,448,389,448,0,0,0,0,389,448,0,0,389,448,California
Santa Cruz,2020-12-18,465,913,465,913,0,0,0,0,465,913,0,0,465,913,California
Santa Cruz,2020-12-19,183,1096,182,1095,1,1,0,0,183,1096,0,0,183,1096,California
Santa Cruz,2020-12-20,93,1189,93,1188,0,1,0,0,93,1189,0,0,93,1189,California
Santa Cruz,2020-12-21,437,1626,436,1624,1,2,0,0,437,1626,0,0,437,1626,California
Santa Cruz,2020-12-22,422,2048,421,2045,1,3,0,0,422,2048,0,0,422,2048,California
Santa Cruz,2020-12-23,369,2417,325,2370,44,47,0,0,369,2417,0,0,369,2417,California
Santa Cruz,2020-12-24,123,2540,47,2417,76,123,0,0,123,2540,0,0,123,2540,California
Santa Cruz,2020-12-25,9,2549,9,2426,0,123,0,0,9,2549,0,0,9,2549,California
Santa Cruz,2020-12-26,65,2614,46,2472,19,142,0,0,65,2614,0,0,65,2614,California
Santa Cruz,2020-12-27,32,2646,27,2499,5,147,0,0,32,2646,0,0,32,2646,California
Santa Cruz,2020-12-28,483,3129,108,2607,375,522,0,0,483,3129,0,0,483,3129,California
Santa Cruz,2020-12-29,795,3924,367,2974,428,950,0,0,795,3924,0,0,795,3924,California
Santa Cruz,2020-12-30,357,4281,165,3139,192,1142,0,0,357,4281,0,0,357,4281,California
Santa Cruz,2020-12-31,311,4592,11,3150,300,1442,0,0,311,4592,0,0,311,4592,California
Santa Cruz,2021-01-01,33,4625,1,3151,32,1474,0,0,33,4625,0,0,33,4625,California
Santa Cruz,2021-01-02,68,4693,55,3206,13,1487,0,0,68,4693,0,0,68,4693,California
Santa Cruz,2021-01-03,15,4708,7,3213,8,1495,0,0,15,4708,0,0,15,4708,California
Santa Cruz,2021-01-04,281,4989,123,3336,158,1653,0,0,279,4987,0,0,279,4987,California
Santa Cruz,2021-01-05,571,5560,434,3770,137,1790,0,0,269,4954,302,302,269,5256,California
Santa Cruz,2021-01-06,801,6361,669,4439,132,1922,0,0,463,5080,337,639,463,5719,California
Santa Cruz,2021-01-07,538,6899,211,4650,327,2249,0,0,384,5311,154,793,385,6104,California
Santa Cruz,2021-01-08,940,7839,566,5216,374,2623,0,0,491,5354,449,1242,492,6596,California
Santa Cruz,2021-01-09,467,8306,127,5343,340,2963,0,0,409,5705,58,1300,409,7005,California
Santa Cruz,2021-01-10,77,8383,68,5411,9,2972,0,0,20,5668,57,1357,20,7025,California
Santa Cruz,2021-01-11,729,9112,592,6003,137,3109,0,0,195,5330,534,1891,196,7221,California
Santa Cruz,2021-01-12,733,9845,529,6532,204,3313,0,0,491,5579,242,2133,491,7712,California
Santa Cruz,2021-01-13,533,10378,234,6766,299,3612,0,0,446,5941,84,2217,446,8158,California
Santa Cruz,2021-01-14,556,10934,103,6869,453,4065,0,0,490,6365,66,2283,490,8648,California
Santa Cruz,2021-01-15,1459,12393,77,6946,1382,5447,0,0,1395,7698,64,2347,1397,10045,California
Santa Cruz,2021-01-16,423,12816,53,6999,370,5817,0,0,404,8083,19,2366,404,10449,California
Santa Cruz,2021-01-17,299,13115,41,7040,258,6075,0,0,274,8332,25,2391,274,10723,California
Santa Cruz,2021-01-18,1013,14128,102,7142,911,6986,0,0,951,9221,62,2453,951,11674,California
Santa Cruz,2021-01-19,1627,15755,525,7667,1102,8088,0,0,1275,10147,350,2803,1276,12950,California
Santa Cruz,2021-01-20,1251,17006,182,7849,1069,9157,0,0,1049,10997,199,3002,1049,13999,California
Santa Cruz,2021-01-21,1752,18758,226,8075,1526,10683,0,0,1643,12533,109,3111,1645,15644,California
Santa Cruz,2021-01-22,1805,20563,525,8600,1280,11963,0,0,1702,14136,100,3211,1703,17347,California
Santa Cruz,2021-01-23,404,20967,150,8750,254,12217,0,0,344,14421,59,3270,344,17691,California
Santa Cruz,2021-01-24,111,21078,19,8769,92,12309,0,0,94,14498,17,3287,94,17785,California
Santa Cruz,2021-01-25,1064,22142,363,9132,701,13010,0,0,553,14540,511,3798,553,18338,California
Santa Cruz,2021-01-26,1699,23841,254,9386,1445,14455,0,0,1185,15211,514,4312,1185,19523,California
Santa Cruz,2021-01-27,1677,25518,455,9841,1222,15677,0,0,1287,16110,388,4700,1287,20810,California
Santa Cruz,2021-01-28,1768,27286,292,10133,1476,17153,0,0,1490,17323,278,4978,1491,22301,California
Santa Cruz,2021-01-29,1752,29038,492,10625,1260,18413,0,0,1618,18808,133,5111,1618,23919,California
Santa Cruz,2021-01-30,1077,30115,311,10936,766,19179,0,0,942,19615,135,5246,942,24861,California
Santa Cruz,2021-01-31,222,30337,110,11046,112,19291,0,0,208,19809,14,5260,208,25069,California
Santa Cruz,2021-02-01,1230,31567,753,11799,477,19768,0,0,822,20223,408,5668,822,25891,California
Santa Cruz,2021-02-02,1021,32588,130,11929,891,20659,0,0,865,20933,155,5823,865,26756,California
Santa Cruz,2021-02-03,2232,34820,953,12882,1279,21938,0,0,1915,22536,312,6135,1915,28671,California
Santa Cruz,2021-02-04,1851,36671,763,13645,1088,23026,0,0,1507,23701,342,6477,1507,30178,California
Santa Cruz,2021-02-05,3181,39852,788,14433,2393,25419,0,0,2861,26243,319,6796,2861,33039,California
Santa Cruz,2021-02-06,2586,42438,157,14590,2429,27848,0,0,2240,28137,346,7142,2240,35279,California
Santa Cruz,2021-02-07,916,43354,122,14712,794,28642,0,0,898,29017,18,7160,898,36177,California
Santa Cruz,2021-02-08,716,44070,200,14912,516,29158,0,0,517,29336,198,7358,517,36694,California
Santa Cruz,2021-02-09,2373,46443,1055,15967,1318,30476,0,0,2106,31175,267,7625,2106,38800,California
Santa Cruz,2021-02-10,2212,48655,576,16543,1636,32112,0,0,1509,31993,692,8317,1510,40310,California
Santa Cruz,2021-02-11,1864,50519,317,16860,1547,33659,0,0,1312,32754,551,8868,1312,41622,California
Santa Cruz,2021-02-12,3249,53768,425,17285,2824,36483,0,0,1829,33174,1411,10279,1831,43453,California
Santa Cruz,2021-02-13,1733,55501,125,17410,1608,38091,0,0,1319,34080,413,10692,1319,44772,California
Santa Cruz,2021-02-14,1408,56909,68,17478,1340,39431,0,0,1146,34964,262,10954,1146,45918,California
Santa Cruz,2021-02-15,1591,58500,283,17761,1308,40739,0,0,567,34508,1024,11978,568,46486,California
Santa Cruz,2021-02-16,1715,60215,216,17977,1499,42238,0,0,541,33897,1152,13130,541,47027,California
Santa Cruz,2021-02-17,2934,63149,981,18958,1953,44191,0,0,1221,33421,1700,14830,1224,48251,California
Santa Cruz,2021-02-18,2905,66054,641,19599,2264,46455,0,0,1232,32986,1667,16497,1232,49483,California
Santa Cruz,2021-02-19,3289,69343,1158,20757,2131,48586,0,0,2015,33730,1271,17768,2015,51498,California
Santa Cruz,2021-02-20,2445,71788,1534,22291,911,49497,0,0,1913,35111,532,18300,1913,53411,California
Santa Cruz,2021-02-21,873,72661,382,22673,491,49988,0,0,739,35718,132,18432,739,54150,California
Santa Cruz,2021-02-22,1308,73969,1014,23687,294,50282,0,0,548,35509,757,19189,548,54698,California
Santa Cruz,2021-02-23,2141,76110,966,24653,1175,51457,0,0,724,34819,1414,20603,724,55422,California
Santa Cruz,2021-02-24,3269,79379,1704,26357,1565,53022,0,0,1232,34019,2032,22635,1232,56654,California
Santa Cruz,2021-02-25,3306,82685,1458,27815,1848,54870,0,0,1827,34378,1470,24105,1829,58483,California
Santa Cruz,2021-02-26,2753,85438,768,28583,1985,56855,0,0,1570,34772,1178,25283,1572,60055,California
Santa Cruz,2021-02-27,2662,88100,933,29516,1728,58583,1,1,1857,35828,802,26085,1858,61913,California
Santa Cruz,2021-02-28,1311,89411,370,29886,941,59524,0,1,1087,36694,221,26306,1087,63000,California
Santa Cruz,2021-03-01,1910,91321,1255,31141,655,60179,0,1,723,36233,1184,27490,723,63723,California
Santa Cruz,2021-03-02,1556,92877,372,31513,1184,61363,0,1,874,36429,681,28171,877,64600,California
Santa Cruz,2021-03-03,2376,95253,646,32159,1730,63093,0,1,1304,36663,1070,29241,1304,65904,California
Santa Cruz,2021-03-04,3022,98275,1419,33578,1602,64695,1,2,2029,37713,981,30222,2031,67935,California
Santa Cruz,2021-03-05,2654,100929,502,34080,2134,66829,18,20,1160,37400,1491,31713,1178,69113,California
Santa Cruz,2021-03-06,3877,104806,1346,35426,2425,69254,106,126,2163,37956,1712,33425,2268,71381,California
Santa Cruz,2021-03-07,1351,106157,128,35554,1150,70404,73,199,560,37800,789,34214,633,72014,California
Santa Cruz,2021-03-08,1121,107278,225,35779,764,71168,132,331,672,38153,449,34663,802,72816,California
Santa Cruz,2021-03-09,1827,109105,273,36052,1402,72570,152,483,727,37936,1096,35759,879,73695,California
Santa Cruz,2021-03-10,3907,113012,2104,38156,1653,74223,150,633,2017,38218,1886,37645,2168,75863,California
Santa Cruz,2021-03-11,2841,115853,1230,39386,1436,75659,175,808,1561,38678,1279,38924,1739,77602,California
Santa Cruz,2021-03-12,2793,118646,890,40276,1607,77266,296,1104,928,38039,1861,40785,1222,78824,California
Santa Cruz,2021-03-13,2348,120994,1344,41620,962,78228,42,1146,1185,38106,1160,41945,1227,80051,California
Santa Cruz,2021-03-14,916,121910,221,41841,682,78910,13,1159,439,38082,475,42420,451,80502,California
Santa Cruz,2021-03-15,1367,123277,479,42320,851,79761,37,1196,582,37921,781,43201,620,81122,California
Santa Cruz,2021-03-16,2388,125665,1147,43467,1196,80957,45,1241,1380,38341,1003,44204,1423,82545,California
Santa Cruz,2021-03-17,4073,129738,2419,45886,1643,82600,11,1252,2688,39664,1378,45582,2701,85246,California
Santa Cruz,2021-03-18,3954,133692,2133,48019,1702,84302,119,1371,2124,40079,1827,47409,2242,87488,California
Santa Cruz,2021-03-19,3465,137157,1379,49398,1862,86164,224,1595,1824,40491,1636,49045,2048,89536,California
Santa Cruz,2021-03-20,2247,139404,1649,51047,531,86695,67,1662,1102,40516,1144,50189,1169,90705,California
Santa Cruz,2021-03-21,883,140287,477,51524,280,86975,126,1788,474,40711,406,50595,601,91306,California
Santa Cruz,2021-03-22,1445,141732,884,52408,538,87513,23,1811,1011,41316,430,51025,1035,92341,California
Santa Cruz,2021-03-23,2624,144356,1474,53882,1099,88612,51,1862,1750,42246,871,51896,1801,94142,California
Santa Cruz,2021-03-24,3144,147500,2130,56012,993,89605,21,1883,2087,43303,1050,52946,2107,96249,California
Santa Cruz,2021-03-25,2681,150181,1347,57359,1297,90902,37,1920,1352,43371,1320,54266,1388,97637,California
Santa Cruz,2021-03-26,3171,153352,1836,59195,1307,92209,28,1948,2151,44536,1013,55279,2178,99815,California
Santa Cruz,2021-03-27,3244,156596,2021,61216,1196,93405,27,1975,1512,44356,1721,57000,1541,101356,California
Santa Cruz,2021-03-28,937,157533,579,61795,344,93749,14,1989,493,44423,440,57440,507,101863,California
Santa Cruz,2021-03-29,2016,159549,891,62686,1058,94807,67,2056,1278,45034,734,58174,1345,103208,California
Santa Cruz,2021-03-30,2743,162292,827,63513,1752,96559,164,2220,1740,45938,999,59173,1903,105111,California
Santa Cruz,2021-03-31,4213,166505,2850,66363,1313,97872,50,2270,2214,46209,1993,61166,2264,107375,California
Santa Cruz,2021-04-01,4087,170592,2178,68541,1800,99672,109,2379,2071,46379,2009,63175,2179,109554,California
Santa Cruz,2021-04-02,3329,173921,1435,69976,1713,101385,181,2560,1900,47035,1425,64600,2081,111635,California
Santa Cruz,2021-04-03,2282,176203,1244,71220,902,102287,136,2696,891,46673,1388,65988,1026,112661,California
Santa Cruz,2021-04-04,944,177147,493,71713,395,102682,56,2752,551,46886,393,66381,606,113267,California
Santa Cruz,2021-04-05,2280,179427,797,72510,1316,103998,167,2919,1400,47575,879,67260,1568,114835,California
Santa Cruz,2021-04-06,3435,182862,1670,74180,1382,105380,383,3302,1976,48480,1448,68708,2353,117188,California
Santa Cruz,2021-04-07,4226,187088,1669,75849,2186,107566,371,3673,1819,48265,2403,71111,2188,119376,California
Santa Cruz,2021-04-08,4328,191416,2375,78224,1429,108995,524,4197,2547,49565,1769,72880,3069,122445,California
Santa Cruz,2021-04-09,3756,195172,1528,79752,1817,110812,411,4608,2110,50448,1639,74519,2522,124967,California
Santa Cruz,2021-04-10,2306,197478,1104,80856,939,111751,263,4871,1087,50580,1215,75734,1347,126314,California
Santa Cruz,2021-04-11,1016,198494,534,81390,387,112138,95,4966,493,50644,523,76257,587,126901,California
Santa Cruz,2021-04-12,2353,200847,843,82233,1084,113222,426,5392,1125,50981,1214,77471,1551,128452,California
Santa Cruz,2021-04-13,2973,203820,1479,83712,1492,114714,2,5394,1666,51351,1298,78769,1668,130120,California
Santa Cruz,2021-04-14,4774,208594,2302,86014,2472,117186,0,5394,2303,51196,2460,81229,2305,132425,California
Santa Cruz,2021-04-15,5132,213726,3254,89268,1878,119064,0,5394,3210,52501,1907,83136,3212,135637,California
Santa Cruz,2021-04-16,4620,218346,2561,91829,2057,121121,2,5396,2496,52886,2115,85251,2500,138137,California
Santa Cruz,2021-04-17,2288,220634,912,92741,1376,122497,0,5396,1503,53607,782,86033,1503,139640,California
Santa Cruz,2021-04-18,1117,221751,555,93296,561,123058,1,5397,607,53709,506,86539,608,140248,California
Santa Cruz,2021-04-19,2610,224361,1537,94833,1072,124130,1,5398,1618,54339,988,87527,1618,141866,California
Santa Cruz,2021-04-20,3290,227651,1760,96593,1530,125660,0,5398,1861,54783,1417,88944,1861,143727,California
Santa Cruz,2021-04-21,4434,232085,2982,99575,1452,127112,0,5398,2394,55157,2021,90965,2395,146122,California
Santa Cruz,2021-04-22,4404,236489,2986,102561,1418,128530,0,5398,2459,55682,1935,92900,2460,148582,California
Santa Cruz,2021-04-23,3241,239730,1761,104322,1479,130009,1,5399,1404,55261,1826,94726,1405,149987,California
Santa Cruz,2021-04-24,2263,241993,1089,105411,1171,131180,3,5402,693,54398,1559,96285,696,150683,California
Santa Cruz,2021-04-25,1094,243087,704,106115,377,131557,13,5415,452,54228,633,96918,463,151146,California
Santa Cruz,2021-04-26,2166,245253,1080,107195,1069,132626,17,5432,908,53908,1246,98164,926,152072,California
Santa Cruz,2021-04-27,3035,248288,1000,108195,1953,134579,82,5514,1519,54001,1508,99672,1601,153673,California
Santa Cruz,2021-04-28,3519,251807,1963,110158,1479,136058,77,5591,1847,54263,1659,101331,1921,155594,California
Santa Cruz,2021-04-29,3826,255633,2558,112716,1205,137263,63,5654,1346,53204,2470,103801,1411,157005,California
Santa Cruz,2021-04-30,2409,258042,1223,113939,1143,138406,43,5697,1013,52873,1388,105189,1057,158062,California
Santa Cruz,2021-05-01,1317,259359,1045,114984,239,138645,33,5730,602,52798,711,105900,636,158698,California
Santa Cruz,2021-05-02,655,260014,463,115447,166,138811,26,5756,214,52598,441,106341,241,158939,California
Santa Cruz,2021-05-03,1934,261948,1001,116448,866,139677,67,5823,655,52054,1268,107609,724,159663,California
Santa Cruz,2021-05-04,2738,264686,1599,118047,1068,140745,71,5894,878,51145,1856,109465,947,160610,California
Santa Cruz,2021-05-05,2829,267515,1426,119473,1322,142067,81,5975,746,49937,2040,111505,832,161442,California
Santa Cruz,2021-05-06,3915,271430,2505,121978,1190,143257,220,6195,879,48016,3017,114522,1096,162538,California
Santa Cruz,2021-05-07,2808,274238,1301,123279,1424,144681,83,6278,437,46173,2365,116887,522,163060,California
Santa Cruz,2021-05-08,1426,275664,745,124024,653,145334,28,6306,391,45561,1033,117920,421,163481,California
Santa Cruz,2021-05-09,532,276196,338,124362,171,145505,23,6329,157,45368,373,118293,180,163661,California
Santa Cruz,2021-05-10,2117,278313,1277,125639,774,146279,66,6395,411,44148,1697,119990,477,164138,California
Santa Cruz,2021-05-11,2428,280741,1378,127017,961,147240,89,6484,644,43101,1779,121769,732,164870,California
Santa Cruz,2021-05-12,3231,283972,1408,128425,1742,148982,81,6565,555,41072,2666,124435,637,165507,California
Santa Cruz,2021-05-13,3936,287908,2664,131089,1178,150160,94,6659,1394,40025,2537,126972,1490,166997,California
Santa Cruz,2021-05-14,2994,290902,1630,132719,1324,151484,40,6699,1132,39346,1854,128826,1175,168172,California
Santa Cruz,2021-05-15,2288,293190,1322,134041,954,152438,12,6711,1108,39289,1177,130003,1120,169292,California
Santa Cruz,2021-05-16,810,294000,433,134474,355,152793,22,6733,252,39008,556,130559,275,169567,California
Santa Cruz,2021-05-17,1553,295553,802,135276,680,153473,71,6804,527,38581,1025,131584,598,170165,California
Santa Cruz,2021-05-18,2338,297891,1434,136710,880,154353,24,6828,1108,38490,1223,132807,1132,171297,California
Santa Cruz,2021-05-19,3122,301013,1876,138586,1209,155562,37,6865,1305,38025,1807,134614,1342,172639,California
Santa Cruz,2021-05-20,3396,304409,2430,141016,818,156380,148,7013,1565,37912,1826,136440,1713,174352,California
Santa Cruz,2021-05-21,1781,306190,914,141930,778,157158,89,7102,605,37436,1170,137610,694,175046,California
Santa Cruz,2021-05-22,1726,307916,1332,143262,383,157541,11,7113,599,36924,1123,138733,611,175657,California
Santa Cruz,2021-05-23,479,308395,270,143532,190,157731,19,7132,149,36765,327,139060,168,175825,California
Santa Cruz,2021-05-24,1191,309586,688,144220,424,158155,79,7211,301,36263,882,139942,380,176205,California
Santa Cruz,2021-05-25,2284,311870,1303,145523,936,159091,45,7256,460,35090,1678,141620,505,176710,California
Santa Cruz,2021-05-26,1752,313622,819,146342,888,159979,45,7301,472,34342,1265,142885,517,177227,California
Santa Cruz,2021-05-27,1325,314947,718,147060,502,160481,105,7406,443,34015,875,143760,548,177775,California
Santa Cruz,2021-05-28,846,315793,373,147433,443,160924,30,7436,357,33923,480,144240,388,178163,California
Santa Cruz,2021-05-29,594,316387,337,147770,244,161168,13,7449,319,33983,272,144512,332,178495,California
Santa Cruz,2021-05-30,243,316630,120,147890,109,161277,14,7463,93,33942,147,144659,106,178601,California
Santa Cruz,2021-05-31,145,316775,63,147953,81,161358,1,7464,45,33889,99,144758,46,178647,California
Santa Cruz,2021-06-01,948,317723,580,148533,355,161713,13,7477,341,33637,605,145363,353,179000,California
Santa Cruz,2021-06-02,900,318623,525,149058,334,162047,41,7518,337,33457,558,145921,378,179378,California
Santa Cruz,2021-06-03,2280,320903,1535,150593,707,162754,38,7556,531,32287,1739,147660,569,179947,California
Santa Cruz,2021-06-04,1060,321963,727,151320,299,163053,34,7590,245,31759,808,148468,280,180227,California
Santa Cruz,2021-06-05,1032,322995,834,152154,193,163246,5,7595,190,31116,838,149306,195,180422,California
Santa Cruz,2021-06-06,410,323405,302,152456,91,163337,17,7612,112,30950,295,149601,129,180551,California
Santa Cruz,2021-06-07,854,324259,634,153090,190,163527,30,7642,236,30599,617,150218,266,180817,California
Santa Cruz,2021-06-08,1472,325731,1173,154263,273,163800,26,7668,312,29783,1155,151373,339,181156,California
Santa Cruz,2021-06-09,1434,327165,1130,155393,287,164087,17,7685,284,28942,1143,152516,302,181458,California
Santa Cruz,2021-06-10,1960,329125,1609,157002,284,164371,67,7752,351,27754,1603,154119,415,181873,California
Santa Cruz,2021-06-11,819,329944,508,157510,276,164647,35,7787,286,27546,527,154646,319,182192,California
Santa Cruz,2021-06-12,966,330910,848,158358,112,164759,6,7793,166,26921,797,155443,172,182364,California
Santa Cruz,2021-06-13,201,331111,133,158491,46,164805,22,7815,31,26804,170,155613,53,182417,California
Santa Cruz,2021-06-14,555,331666,356,158847,164,164969,35,7850,162,26610,390,156003,196,182613,California
Santa Cruz,2021-06-15,928,332594,683,159530,223,165192,22,7872,339,26386,586,156589,362,182975,California
Santa Cruz,2021-06-16,801,333395,594,160124,173,165365,34,7906,259,26140,538,157127,292,183267,California
Santa Cruz,2021-06-17,796,334191,618,160742,139,165504,39,7945,298,25981,495,157622,336,183603,California
Santa Cruz,2021-06-18,639,334830,390,161132,219,165723,30,7975,286,25948,349,157971,316,183919,California
Santa Cruz,2021-06-19,328,335158,259,161391,63,165786,6,7981,116,25861,209,158180,122,184041,California
Santa Cruz,2021-06-20,161,335319,114,161505,29,165815,18,7999,69,25856,92,158272,87,184128,California
Santa Cruz,2021-06-21,348,335667,246,161751,83,165898,19,8018,181,25891,165,158437,200,184328,California
Santa Cruz,2021-06-22,671,336338,472,162223,169,166067,30,8048,261,25774,409,158846,292,184620,California
Santa Cruz,2021-06-23,394,336732,280,162503,104,166171,10,8058,192,25778,196,159042,200,184820,California
Santa Cruz,2021-06-24,533,337265,379,162882,111,166282,43,8101,214,25717,317,159359,256,185076,California
Santa Cruz,2021-06-25,513,337778,331,163213,157,166439,25,8126,229,25691,280,159639,254,185330,California
Santa Cruz,2021-06-26,260,338038,162,163375,89,166528,9,8135,106,25654,152,159791,115,185445,California
Santa Cruz,2021-06-27,180,338218,131,163506,19,166547,30,8165,63,25630,117,159908,93,185538,California
Santa Cruz,2021-06-28,473,338691,384,163890,77,166624,12,8177,208,25586,264,160172,220,185758,California
Santa Cruz,2021-06-29,737,339428,572,164462,137,166761,28,8205,285,25449,449,160621,312,186070,California
Santa Cruz,2021-06-30,422,339850,289,164751,111,166872,22,8227,180,25411,240,160861,202,186272,California
Santa Cruz,2021-07-01,400,340250,287,165038,104,166976,9,8236,179,25380,219,161080,188,186460,California
Santa Cruz,2021-07-02,439,340689,322,165360,100,167076,17,8253,194,25352,239,161319,211,186671,California
Santa Cruz,2021-07-03,218,340907,154,165514,60,167136,4,8257,93,25325,124,161443,97,186768,California
Santa Cruz,2021-07-04,11,340918,9,165523,1,167137,1,8258,8,25331,3,161446,9,186777,California
Santa Cruz,2021-07-05,205,341123,166,165689,37,167174,2,8260,112,25353,91,161537,113,186890,California
Santa Cruz,2021-07-06,571,341694,503,166192,57,167231,11,8271,168,25134,398,161935,179,187069,California
Shasta,2020-12-16,131,131,131,131,0,0,0,0,131,131,0,0,131,131,California
Shasta,2020-12-17,422,553,422,553,0,0,0,0,422,553,0,0,422,553,California
Shasta,2020-12-18,166,719,166,719,0,0,0,0,166,719,0,0,166,719,California
Shasta,2020-12-19,1,720,1,720,0,0,0,0,1,720,0,0,1,720,California
Shasta,2020-12-21,79,799,79,799,0,0,0,0,79,799,0,0,79,799,California
Shasta,2020-12-22,201,1000,196,995,5,5,0,0,201,1000,0,0,201,1000,California
Shasta,2020-12-23,173,1173,169,1164,4,9,0,0,173,1173,0,0,173,1173,California
Shasta,2020-12-24,19,1192,19,1183,0,9,0,0,19,1192,0,0,19,1192,California
Shasta,2020-12-26,4,1196,1,1184,3,12,0,0,4,1196,0,0,4,1196,California
Shasta,2020-12-27,1,1197,0,1184,1,13,0,0,1,1197,0,0,1,1197,California
Shasta,2020-12-28,41,1238,31,1215,10,23,0,0,41,1238,0,0,41,1238,California
Shasta,2020-12-29,186,1424,185,1400,1,24,0,0,186,1424,0,0,186,1424,California
Shasta,2020-12-30,177,1601,167,1567,10,34,0,0,177,1601,0,0,177,1601,California
Shasta,2020-12-31,83,1684,2,1569,81,115,0,0,83,1684,0,0,83,1684,California
Shasta,2021-01-02,2,1686,0,1569,2,117,0,0,2,1686,0,0,2,1686,California
Shasta,2021-01-03,1,1687,1,1570,0,117,0,0,1,1687,0,0,1,1687,California
Shasta,2021-01-04,374,2061,308,1878,66,183,0,0,375,2062,0,0,375,2062,California
Shasta,2021-01-05,338,2399,315,2193,23,206,0,0,256,2236,82,82,256,2318,California
Shasta,2021-01-06,466,2865,395,2588,71,277,0,0,203,2177,262,344,203,2521,California
Shasta,2021-01-07,127,2992,37,2625,90,367,0,0,105,2260,22,366,105,2626,California
Shasta,2021-01-08,524,3516,447,3072,77,444,0,0,316,2368,208,574,316,2942,California
Shasta,2021-01-09,73,3589,64,3136,9,453,0,0,71,2437,2,576,71,3013,California
Shasta,2021-01-10,5,3594,0,3136,5,458,0,0,3,2440,2,578,5,3018,California
Shasta,2021-01-11,416,4010,194,3330,222,680,0,0,372,2768,44,622,372,3390,California
Shasta,2021-01-12,489,4499,332,3662,157,837,0,0,313,2906,176,798,314,3704,California
Shasta,2021-01-13,602,5101,269,3931,333,1170,0,0,431,3166,171,969,431,4135,California
Shasta,2021-01-14,504,5605,52,3983,452,1622,0,0,486,3634,18,987,486,4621,California
Shasta,2021-01-15,690,6295,136,4119,554,2176,0,0,688,4320,2,989,688,5309,California
Shasta,2021-01-16,896,7191,53,4172,843,3019,0,0,893,5210,3,992,893,6202,California
Shasta,2021-01-17,27,7218,6,4178,21,3040,0,0,23,5229,4,996,23,6225,California
Shasta,2021-01-18,599,7817,129,4307,470,3510,0,0,591,5812,8,1004,591,6816,California
Shasta,2021-01-19,1078,8895,414,4721,664,4174,0,0,929,6592,149,1153,929,7745,California
Shasta,2021-01-20,759,9654,491,5212,268,4442,0,0,574,6986,180,1333,574,8319,California
Shasta,2021-01-21,688,10342,334,5546,354,4796,0,0,666,7630,22,1355,666,8985,California
Shasta,2021-01-22,451,10793,178,5724,273,5069,0,0,445,8069,6,1361,445,9430,California
Shasta,2021-01-23,69,10862,5,5729,64,5133,0,0,67,8134,2,1363,67,9497,California
Shasta,2021-01-24,26,10888,3,5732,23,5156,0,0,25,8158,1,1364,25,9522,California
Shasta,2021-01-25,763,11651,503,6235,260,5416,0,0,472,8340,290,1654,472,9994,California
Shasta,2021-01-26,714,12365,334,6569,380,5796,0,0,478,8585,233,1887,478,10472,California
Shasta,2021-01-27,463,12828,181,6750,282,6078,0,0,413,8949,49,1936,413,10885,California
Shasta,2021-01-28,927,13755,590,7340,337,6415,0,0,705,9432,222,2158,705,11590,California
Shasta,2021-01-29,834,14589,331,7671,503,6918,0,0,644,9888,189,2347,645,12235,California
Shasta,2021-01-30,615,15204,14,7685,601,7519,0,0,605,10483,10,2357,605,12840,California
Shasta,2021-01-31,27,15231,4,7689,23,7542,0,0,25,10506,2,2359,25,12865,California
Shasta,2021-02-01,536,15767,153,7842,383,7925,0,0,389,10748,147,2506,389,13254,California
Shasta,2021-02-02,995,16762,502,8344,493,8418,0,0,902,11559,91,2597,902,14156,California
Shasta,2021-02-03,728,17490,213,8557,515,8933,0,0,492,11816,235,2832,492,14648,California
Shasta,2021-02-04,1107,18597,680,9237,427,9360,0,0,911,12534,193,3025,911,15559,California
Shasta,2021-02-05,1269,19866,168,9405,1101,10461,0,0,1058,13383,209,3234,1058,16617,California
Shasta,2021-02-06,1745,21611,40,9445,1705,12166,0,0,1721,15081,24,3258,1722,18339,California
Shasta,2021-02-07,25,21636,3,9448,22,12188,0,0,23,15102,2,3260,23,18362,California
Shasta,2021-02-08,601,22237,170,9618,431,12619,0,0,308,15118,292,3552,308,18670,California
Shasta,2021-02-09,1140,23377,669,10287,471,13090,0,0,707,15393,433,3985,708,19378,California
Shasta,2021-02-10,1128,24505,791,11078,337,13427,0,0,544,15354,583,4568,544,19922,California
Shasta,2021-02-11,894,25399,188,11266,706,14133,0,0,316,15097,573,5141,316,20238,California
Shasta,2021-02-12,1805,27204,1218,12484,587,14720,0,0,1244,15780,561,5702,1244,21482,California
Shasta,2021-02-13,1382,28586,374,12858,1008,15728,0,0,569,15538,812,6514,570,22052,California
Shasta,2021-02-14,150,28736,5,12863,145,15873,0,0,124,15636,26,6540,124,22176,California
Shasta,2021-02-15,394,29130,106,12969,288,16161,0,0,212,15666,182,6722,212,22388,California
Shasta,2021-02-16,1204,30334,523,13492,681,16842,0,0,426,15316,776,7498,426,22814,California
Shasta,2021-02-17,1040,31374,440,13932,600,17442,0,0,412,15100,628,8126,412,23226,California
Shasta,2021-02-18,971,32345,485,14417,486,17928,0,0,462,15054,509,8635,463,23689,California
Shasta,2021-02-19,1346,33691,953,15370,393,18321,0,0,873,15455,472,9107,873,24562,California
Shasta,2021-02-20,818,34509,100,15470,718,19039,0,0,319,15275,499,9606,319,24881,California
Shasta,2021-02-21,33,34542,3,15473,30,19069,0,0,12,15266,21,9627,12,24893,California
Shasta,2021-02-22,439,34981,82,15555,357,19426,0,0,183,15194,255,9882,183,25076,California
Shasta,2021-02-23,926,35907,478,16033,448,19874,0,0,330,14928,596,10478,330,25406,California
Shasta,2021-02-24,905,36812,516,16549,389,20263,0,0,284,14593,619,11097,284,25690,California
Shasta,2021-02-25,530,37342,174,16723,356,20619,0,0,145,14355,383,11480,145,25835,California
Shasta,2021-02-26,798,38140,98,16821,700,21319,0,0,336,14231,460,11940,336,26171,California
Shasta,2021-02-27,886,39026,77,16898,809,22128,0,0,240,13830,641,12581,240,26411,California
Shasta,2021-02-28,176,39202,4,16902,172,22300,0,0,127,13908,49,12630,127,26538,California
Shasta,2021-03-01,588,39790,61,16963,527,22827,0,0,297,13915,290,12920,297,26835,California
Shasta,2021-03-02,1037,40827,476,17439,561,23388,0,0,338,13556,697,13617,338,27173,California
Shasta,2021-03-03,683,41510,175,17614,508,23896,0,0,246,13366,436,14053,246,27419,California
Shasta,2021-03-04,3108,44618,2490,20104,618,24514,0,0,1788,13839,1315,15368,1788,29207,California
Shasta,2021-03-05,1940,46558,163,20267,1748,26262,29,29,802,13532,1138,16506,831,30038,California
Shasta,2021-03-06,2755,49313,385,20652,2323,28585,47,76,857,12540,1896,18402,904,30942,California
Shasta,2021-03-07,93,49406,4,20656,57,28642,32,108,40,12558,53,18455,71,31013,California
Shasta,2021-03-08,573,49979,50,20706,384,29026,139,247,158,12441,413,18868,296,31309,California
Shasta,2021-03-09,1256,51235,596,21302,482,29508,178,425,696,12756,558,19426,873,32182,California
Shasta,2021-03-10,804,52039,257,21559,345,29853,202,627,142,12437,661,20087,342,32524,California
Shasta,2021-03-11,1558,53597,472,22031,815,30668,271,898,941,13035,613,20700,1211,33735,California
Shasta,2021-03-12,1561,55158,849,22880,466,31134,246,1144,410,12540,1150,21850,655,34390,California
Shasta,2021-03-13,822,55980,425,23305,299,31433,98,1242,494,12804,326,22176,590,34980,California
Shasta,2021-03-14,1017,56997,8,23313,986,32419,23,1265,878,13568,139,22315,903,35883,California
Shasta,2021-03-15,496,57493,36,23349,361,32780,99,1364,208,13586,288,22603,306,36189,California
Shasta,2021-03-16,1145,58638,150,23499,927,33707,68,1432,857,14224,287,22890,925,37114,California
Shasta,2021-03-17,742,59380,192,23691,492,34199,58,1490,396,14341,337,23227,454,37568,California
Shasta,2021-03-18,1548,60928,589,24280,855,35054,104,1594,1114,15129,430,23657,1218,38786,California
Shasta,2021-03-19,648,61576,198,24478,394,35448,56,1650,411,15360,236,23893,467,39253,California
Shasta,2021-03-20,747,62323,488,24966,245,35693,14,1664,543,15713,204,24097,557,39810,California
Shasta,2021-03-21,313,62636,298,25264,4,35697,11,1675,285,15982,27,24124,296,40106,California
Shasta,2021-03-22,349,62985,39,25303,274,35971,36,1711,199,16069,148,24272,235,40341,California
Shasta,2021-03-23,1312,64297,652,25955,601,36572,59,1770,755,16332,551,24823,814,41155,California
Shasta,2021-03-24,614,64911,156,26111,420,36992,38,1808,367,16491,246,25069,405,41560,California
Shasta,2021-03-25,1134,66045,452,26563,661,37653,21,1829,820,17022,311,25380,842,42402,California
Shasta,2021-03-26,1838,67883,1403,27966,405,38058,30,1859,1475,18166,362,25742,1506,43908,California
Shasta,2021-03-27,1596,69479,406,28372,318,38376,872,2731,579,18597,1015,26757,1446,45354,California
Shasta,2021-03-28,408,69887,301,28673,97,38473,10,2741,302,18805,104,26861,312,45666,California
Shasta,2021-03-29,422,70309,40,28713,370,38843,12,2753,166,18729,254,27115,178,45844,California
Shasta,2021-03-30,1247,71556,770,29483,460,39303,17,2770,625,18752,619,27734,642,46486,California
Shasta,2021-03-31,620,72176,207,29690,407,39710,6,2776,383,18908,233,27967,389,46875,California
Shasta,2021-04-01,897,73073,247,29937,637,40347,13,2789,575,19176,320,28287,588,47463,California
Shasta,2021-04-02,757,73830,198,30135,504,40851,55,2844,411,19299,343,28630,466,47929,California
Shasta,2021-04-03,512,74342,360,30495,133,40984,19,2863,387,19580,125,28755,406,48335,California
Shasta,2021-04-04,293,74635,175,30670,97,41081,21,2884,218,19744,75,28830,239,48574,California
Shasta,2021-04-05,445,75080,70,30740,312,41393,63,2947,254,19870,191,29021,317,48891,California
Shasta,2021-04-06,1173,76253,488,31228,507,41900,178,3125,540,19959,628,29649,717,49608,California
Shasta,2021-04-07,662,76915,215,31443,282,42182,165,3290,258,19980,400,30049,421,50029,California
Shasta,2021-04-08,1153,78068,264,31707,732,42914,157,3447,221,19429,927,30976,376,50405,California
Shasta,2021-04-09,2601,80669,2078,33785,310,43224,213,3660,2017,21078,577,31553,2226,52631,California
Shasta,2021-04-10,885,81554,597,34382,157,43381,131,3791,245,20813,639,32192,374,53005,California
Shasta,2021-04-11,1252,82806,399,34781,833,44214,20,3811,144,19873,1104,33296,164,53169,California
Shasta,2021-04-12,343,83149,7,34788,272,44486,64,3875,98,19790,244,33540,161,53330,California
Shasta,2021-04-13,1279,84428,368,35156,909,45395,2,3877,340,19197,934,34474,341,53671,California
Shasta,2021-04-14,595,85023,143,35299,450,45845,2,3879,220,19045,374,34848,222,53893,California
Shasta,2021-04-15,1085,86108,259,35558,825,46670,1,3880,301,18568,778,35626,301,54194,California
Shasta,2021-04-16,2362,88470,1861,37419,501,47171,0,3880,951,18110,1409,37035,951,55145,California
Shasta,2021-04-17,648,89118,417,37836,231,47402,0,3880,193,17849,455,37490,194,55339,California
Shasta,2021-04-18,270,89388,244,38080,26,47428,0,3880,35,17651,233,37723,35,55374,California
Shasta,2021-04-19,387,89775,28,38108,359,47787,0,3880,168,17600,219,37942,168,55542,California
Shasta,2021-04-20,1030,90805,266,38374,764,48551,0,3880,385,17342,643,38585,385,55927,California
Shasta,2021-04-21,624,91429,228,38602,396,48947,0,3880,317,17352,307,38892,317,56244,California
Shasta,2021-04-22,968,92397,285,38887,683,49630,0,3880,299,16984,667,39559,299,56543,California
Shasta,2021-04-23,668,93065,262,39149,406,50036,0,3880,339,16995,328,39887,339,56882,California
Shasta,2021-04-24,601,93666,358,39507,242,50278,1,3881,109,16614,490,40377,109,56991,California
Shasta,2021-04-25,210,93876,180,39687,29,50307,1,3882,36,16477,174,40551,37,57028,California
Shasta,2021-04-26,505,94381,57,39744,443,50750,5,3887,356,16690,147,40698,360,57388,California
Shasta,2021-04-27,553,94934,183,39927,331,51081,39,3926,302,16782,247,40945,339,57727,California
Shasta,2021-04-28,584,95518,166,40093,385,51466,33,3959,250,16730,334,41279,282,58009,California
Shasta,2021-04-29,782,96300,121,40214,637,52103,24,3983,179,16331,602,41881,203,58212,California
Shasta,2021-04-30,2277,98577,1848,42062,397,52500,32,4015,272,14632,2003,43884,304,58516,California
Shasta,2021-05-01,232,98809,21,42083,135,52635,76,4091,103,14682,129,44013,179,58695,California
Shasta,2021-05-02,49,98858,17,42100,19,52654,13,4104,22,14690,27,44040,35,58730,California
Shasta,2021-05-03,358,99216,99,42199,233,52887,26,4130,114,14588,242,44282,140,58870,California
Shasta,2021-05-04,536,99752,201,42400,296,53183,39,4169,252,14598,281,44563,291,59161,California
Shasta,2021-05-05,451,100203,152,42552,281,53464,18,4187,207,14579,244,44807,225,59386,California
Shasta,2021-05-06,693,100896,264,42816,389,53853,40,4227,296,14525,388,45195,334,59720,California
Shasta,2021-05-07,1120,102016,742,43558,338,54191,40,4267,301,14048,818,46013,341,60061,California
Shasta,2021-05-08,176,102192,85,43643,80,54271,11,4278,104,14090,72,46085,114,60175,California
Shasta,2021-05-09,65,102257,15,43658,45,54316,5,4283,34,14098,31,46116,39,60214,California
Shasta,2021-05-10,258,102515,23,43681,186,54502,49,4332,112,14113,144,46260,159,60373,California
Shasta,2021-05-11,523,103038,160,43841,212,54714,151,4483,182,14106,340,46600,333,60706,California
Shasta,2021-05-12,398,103436,147,43988,227,54941,24,4507,133,13999,264,46864,157,60863,California
Shasta,2021-05-13,584,104020,241,44229,326,55267,17,4524,225,13884,357,47221,242,61105,California
Shasta,2021-05-14,644,104664,274,44503,344,55611,26,4550,294,13856,349,47570,321,61426,California
Shasta,2021-05-15,398,105062,130,44633,165,55776,103,4653,168,13897,229,47799,270,61696,California
Shasta,2021-05-16,222,105284,155,44788,57,55833,10,4663,163,14011,59,47858,173,61869,California
Shasta,2021-05-17,537,105821,246,45034,231,56064,60,4723,282,14099,254,48112,342,62211,California
Shasta,2021-05-18,619,106440,293,45327,301,56365,25,4748,325,14156,293,48405,350,62561,California
Shasta,2021-05-19,590,107030,278,45605,244,56609,68,4816,279,14196,307,48712,347,62908,California
Shasta,2021-05-20,570,107600,255,45860,296,56905,19,4835,264,14175,303,49015,282,63190,California
Shasta,2021-05-21,659,108259,301,46161,339,57244,19,4854,331,14200,325,49340,350,63540,California
Shasta,2021-05-22,235,108494,134,46295,93,57337,8,4862,143,14263,89,49429,152,63692,California
Shasta,2021-05-23,112,108606,47,46342,56,57393,9,4871,67,14294,45,49474,76,63768,California
Shasta,2021-05-24,547,109153,171,46513,344,57737,32,4903,191,14163,354,49828,223,63991,California
Shasta,2021-05-25,475,109628,207,46720,223,57960,45,4948,160,14056,311,50139,204,64195,California
Shasta,2021-05-26,371,109999,146,46866,200,58160,25,4973,147,14005,223,50362,172,64367,California
Shasta,2021-05-27,418,110417,152,47018,257,58417,9,4982,154,13907,261,50623,163,64530,California
Shasta,2021-05-28,441,110858,197,47215,215,58632,29,5011,204,13906,234,50857,233,64763,California
Shasta,2021-05-29,226,111084,65,47280,130,58762,31,5042,88,13885,138,50995,117,64880,California
Shasta,2021-05-30,84,111168,48,47328,34,58796,2,5044,53,13909,31,51026,55,64935,California
Shasta,2021-05-31,34,111202,8,47336,25,58821,1,5045,11,13899,22,51048,12,64947,California
Shasta,2021-06-01,525,111727,155,47491,225,59046,145,5190,134,13795,384,51432,280,65227,California
Shasta,2021-06-02,293,112020,119,47610,165,59211,9,5199,119,13751,172,51604,128,65355,California
Shasta,2021-06-03,371,112391,159,47769,203,59414,9,5208,119,13628,251,51855,128,65483,California
Shasta,2021-06-04,565,112956,281,48050,256,59670,28,5236,197,13486,367,52222,225,65708,California
Shasta,2021-06-05,260,113216,154,48204,89,59759,17,5253,78,13401,181,52403,96,65804,California
Shasta,2021-06-06,162,113378,128,48332,32,59791,2,5255,48,13337,114,52517,50,65854,California
Shasta,2021-06-07,404,113782,236,48568,151,59942,17,5272,108,13167,295,52812,125,65979,California
Shasta,2021-06-08,514,114296,308,48876,160,60102,46,5318,152,13005,359,53171,197,66176,California
Shasta,2021-06-09,483,114779,272,49148,123,60225,88,5406,112,12836,368,53539,199,66375,California
Shasta,2021-06-10,411,115190,246,49394,140,60365,25,5431,127,12710,278,53817,152,66527,California
Shasta,2021-06-11,465,115655,253,49647,175,60540,37,5468,127,12537,336,54153,163,66690,California
Shasta,2021-06-12,210,115865,137,49784,67,60607,6,5474,76,12486,133,54286,82,66772,California
Shasta,2021-06-13,90,115955,56,49840,32,60639,2,5476,26,12450,64,54350,28,66800,California
Shasta,2021-06-14,284,116239,155,49995,111,60750,18,5494,83,12351,200,54550,101,66901,California
Shasta,2021-06-15,462,116701,233,50228,113,60863,116,5610,160,12325,296,54846,270,67171,California
Shasta,2021-06-16,256,116957,149,50377,95,60958,12,5622,81,12247,171,55017,93,67264,California
Shasta,2021-06-17,283,117240,118,50495,129,61087,36,5658,99,12199,183,55200,135,67399,California
Shasta,2021-06-18,367,117607,224,50719,122,61209,21,5679,154,12162,212,55412,175,67574,California
Shasta,2021-06-19,115,117722,75,50794,38,61247,2,5681,52,12154,62,55474,54,67628,California
Shasta,2021-06-20,56,117778,35,50829,18,61265,3,5684,21,12143,35,55509,24,67652,California
Shasta,2021-06-21,202,117980,64,50893,109,61374,29,5713,81,12133,120,55629,110,67762,California
Shasta,2021-06-22,373,118353,143,51036,81,61455,149,5862,94,12095,271,55900,233,67995,California
Shasta,2021-06-23,222,118575,131,51167,74,61529,17,5879,93,12077,128,56028,110,68105,California
Shasta,2021-06-24,227,118802,137,51304,71,61600,19,5898,91,12053,134,56162,110,68215,California
Shasta,2021-06-25,298,119100,203,51507,82,61682,13,5911,123,12013,175,56337,135,68350,California
Shasta,2021-06-26,137,119237,80,51587,47,61729,10,5921,55,11997,81,56418,65,68415,California
Shasta,2021-06-27,68,119305,45,51632,19,61748,4,5925,24,11981,44,56462,28,68443,California
Shasta,2021-06-28,187,119492,121,51753,49,61797,17,5942,92,11995,95,56557,109,68552,California
Shasta,2021-06-29,267,119759,157,51910,82,61879,28,5970,99,11957,165,56722,127,68679,California
Shasta,2021-06-30,208,119967,120,52030,76,61955,12,5982,90,11942,117,56839,102,68781,California
Shasta,2021-07-01,211,120178,138,52168,62,62017,11,5993,84,11912,125,56964,95,68876,California
Shasta,2021-07-02,264,120442,171,52339,79,62096,14,6007,120,11904,142,57106,134,69010,California
Shasta,2021-07-03,116,120558,78,52417,32,62128,6,6013,51,11896,65,57171,57,69067,California
Shasta,2021-07-04,5,120563,1,52418,3,62131,1,6014,1,11894,4,57175,2,69069,California
Shasta,2021-07-05,110,120673,61,52479,39,62170,10,6024,47,11889,62,57237,57,69126,California
Shasta,2021-07-06,193,120866,113,52592,64,62234,16,6040,54,11823,136,57373,70,69196,California
Sierra,2020-12-18,1,1,1,1,0,0,0,0,1,1,0,0,1,1,California
Sierra,2020-12-21,2,3,2,3,0,0,0,0,2,3,0,0,2,3,California
Sierra,2020-12-22,12,15,12,15,0,0,0,0,12,15,0,0,12,15,California
Sierra,2020-12-23,4,19,4,19,0,0,0,0,4,19,0,0,4,19,California
Sierra,2020-12-28,1,20,0,19,1,1,0,0,1,20,0,0,1,20,California
Sierra,2020-12-29,50,70,7,26,43,44,0,0,50,70,0,0,50,70,California
Sierra,2020-12-30,2,72,0,26,2,46,0,0,2,72,0,0,2,72,California
Sierra,2020-12-31,13,85,0,26,13,59,0,0,13,85,0,0,13,85,California
Sierra,2021-01-01,1,86,1,27,0,59,0,0,1,86,0,0,1,86,California
Sierra,2021-01-05,63,149,2,29,61,120,0,0,63,149,0,0,63,149,California
Sierra,2021-01-06,1,150,1,30,0,120,0,0,1,150,0,0,1,150,California
Sierra,2021-01-07,21,171,1,31,20,140,0,0,20,169,1,1,20,170,California
Sierra,2021-01-08,1,172,1,32,0,140,0,0,1,170,0,1,1,171,California
Sierra,2021-01-11,3,175,3,35,0,140,0,0,0,167,3,4,0,171,California
Sierra,2021-01-12,39,214,12,47,27,167,0,0,27,182,12,16,27,198,California
Sierra,2021-01-13,4,218,3,50,1,168,0,0,1,180,3,19,1,199,California
Sierra,2021-01-14,35,253,2,52,33,201,0,0,35,215,0,19,35,234,California
Sierra,2021-01-15,3,256,1,53,2,203,0,0,3,218,0,19,3,237,California
Sierra,2021-01-18,3,259,0,53,3,206,0,0,3,221,0,19,3,240,California
Sierra,2021-01-19,31,290,0,53,31,237,0,0,31,252,0,19,31,271,California
Sierra,2021-01-20,1,291,1,54,0,237,0,0,1,253,0,19,1,272,California
Sierra,2021-01-21,52,343,0,54,52,289,0,0,52,305,0,19,52,324,California
Sierra,2021-01-22,2,345,0,54,2,291,0,0,2,307,0,19,2,326,California
Sierra,2021-01-23,2,347,0,54,2,293,0,0,2,309,0,19,2,328,California
Sierra,2021-01-25,1,348,1,55,0,293,0,0,1,310,0,19,1,329,California
Sierra,2021-01-26,63,411,1,56,62,355,0,0,24,295,39,58,24,353,California
Sierra,2021-01-27,4,415,4,60,0,355,0,0,0,291,4,62,0,353,California
Sierra,2021-01-28,53,468,0,60,53,408,0,0,43,324,10,72,43,396,California
Sierra,2021-01-29,2,470,0,60,2,410,0,0,2,326,0,72,2,398,California
Sierra,2021-01-30,3,473,3,63,0,410,0,0,2,327,1,73,2,400,California
Sierra,2021-02-01,1,474,0,63,1,411,0,0,0,326,1,74,0,400,California
Sierra,2021-02-02,57,531,1,64,56,467,0,0,18,305,39,113,18,418,California
Sierra,2021-02-03,6,537,5,69,1,468,0,0,5,309,1,114,5,423,California
Sierra,2021-02-04,102,639,5,74,97,565,0,0,53,313,49,163,53,476,California
Sierra,2021-02-05,6,645,4,78,2,567,0,0,5,317,1,164,5,481,California
Sierra,2021-02-09,51,696,0,78,51,618,0,0,48,362,3,167,48,529,California
Sierra,2021-02-10,5,701,2,80,3,621,0,0,4,365,1,168,4,533,California
Sierra,2021-02-11,195,896,1,81,194,815,0,0,134,438,61,229,134,667,California
Sierra,2021-02-12,20,916,0,81,20,835,0,0,20,458,0,229,20,687,California
Sierra,2021-02-13,1,917,1,82,0,835,0,0,1,459,0,229,1,688,California
Sierra,2021-02-15,4,921,3,85,1,836,0,0,0,455,4,233,0,688,California
Sierra,2021-02-16,43,964,1,86,42,878,0,0,10,432,33,266,10,698,California
Sierra,2021-02-17,4,968,0,86,4,882,0,0,1,430,3,269,1,699,California
Sierra,2021-02-18,139,1107,0,86,139,1021,0,0,90,471,49,318,90,789,California
Sierra,2021-02-19,2,1109,1,87,1,1022,0,0,1,471,1,319,1,790,California
Sierra,2021-02-20,2,1111,2,89,0,1022,0,0,0,469,2,321,0,790,California
Sierra,2021-02-22,1,1112,1,90,0,1022,0,0,1,470,0,321,1,791,California
Sierra,2021-02-23,4,1116,0,90,4,1026,0,0,4,474,0,321,4,795,California
Sierra,2021-02-24,3,1119,2,92,1,1027,0,0,3,477,0,321,3,798,California
Sierra,2021-02-25,124,1243,2,94,122,1149,0,0,58,470,65,386,58,856,California
Sierra,2021-02-26,11,1254,6,100,5,1154,0,0,4,467,7,393,4,860,California
Sierra,2021-02-27,2,1256,2,102,0,1154,0,0,0,465,2,395,0,860,California
Sierra,2021-03-01,2,1258,2,104,0,1154,0,0,0,463,2,397,0,860,California
Sierra,2021-03-02,56,1314,0,104,56,1210,0,0,38,483,18,415,38,898,California
Sierra,2021-03-03,2,1316,2,106,0,1210,0,0,1,483,1,416,1,899,California
Sierra,2021-03-04,108,1424,0,106,108,1318,0,0,60,495,48,464,60,959,California
Sierra,2021-03-05,13,1437,1,107,12,1330,0,0,11,504,2,466,11,970,California
Sierra,2021-03-07,1,1438,1,108,0,1330,0,0,0,503,1,467,0,970,California
Sierra,2021-03-08,2,1440,2,110,0,1330,0,0,2,505,0,467,2,972,California
Sierra,2021-03-09,56,1496,0,110,56,1386,0,0,12,473,44,511,12,984,California
Sierra,2021-03-10,6,1502,0,110,6,1392,0,0,4,475,2,513,4,988,California
Sierra,2021-03-11,173,1675,0,110,173,1565,0,0,41,384,132,645,41,1029,California
Sierra,2021-03-12,20,1695,1,111,19,1584,0,0,0,364,20,665,0,1029,California
Sierra,2021-03-13,27,1722,0,111,27,1611,0,0,27,391,0,665,27,1056,California
Sierra,2021-03-14,1,1723,0,111,0,1611,1,1,0,391,1,666,1,1057,California
Sierra,2021-03-15,2,1725,1,112,0,1611,1,2,0,390,2,668,1,1058,California
Sierra,2021-03-16,35,1760,0,112,34,1645,1,3,22,400,13,681,23,1081,California
Sierra,2021-03-17,3,1763,2,114,1,1646,0,3,0,397,3,684,0,1081,California
Sierra,2021-03-18,157,1920,0,114,157,1803,0,3,65,370,92,776,65,1146,California
Sierra,2021-03-19,4,1924,2,116,2,1805,0,3,1,368,3,779,1,1147,California
Sierra,2021-03-20,1,1925,0,116,1,1806,0,3,1,369,0,779,1,1148,California
Sierra,2021-03-23,22,1947,0,116,22,1828,0,3,13,373,9,788,13,1161,California
Sierra,2021-03-24,3,1950,1,117,2,1830,0,3,1,372,2,790,1,1162,California
Sierra,2021-03-25,98,2048,0,117,98,1928,0,3,49,372,49,839,49,1211,California
Sierra,2021-03-26,12,2060,1,118,11,1939,0,3,8,376,4,843,8,1219,California
Sierra,2021-03-27,1,2061,0,118,1,1940,0,3,0,375,1,844,0,1219,California
Sierra,2021-03-29,1,2062,1,119,0,1940,0,3,0,374,1,845,0,1219,California
Sierra,2021-03-30,54,2116,1,120,53,1993,0,3,22,364,32,877,22,1241,California
Sierra,2021-03-31,8,2124,0,120,8,2001,0,3,8,372,0,877,8,1249,California
Sierra,2021-04-01,63,2187,1,121,62,2063,0,3,5,321,56,933,5,1254,California
Sierra,2021-04-02,3,2190,2,123,1,2064,0,3,2,322,1,934,2,1256,California
Sierra,2021-04-04,1,2191,0,123,1,2065,0,3,0,322,0,934,0,1256,California
Sierra,2021-04-06,11,2202,0,123,11,2076,0,3,1,313,10,944,1,1257,California
Sierra,2021-04-07,14,2216,3,126,6,2082,5,8,3,311,10,954,8,1265,California
Sierra,2021-04-08,53,2269,2,128,51,2133,0,8,16,290,37,991,16,1281,California
Sierra,2021-04-09,2,2271,2,130,0,2133,0,8,1,290,1,992,1,1282,California
Sierra,2021-04-10,27,2298,0,130,27,2160,0,8,0,263,27,1019,0,1282,California
Sierra,2021-04-13,43,2341,0,130,43,2203,0,8,5,230,38,1057,5,1287,California
Sierra,2021-04-14,1,2342,0,130,1,2204,0,8,1,231,0,1057,1,1288,California
Sierra,2021-04-15,48,2390,1,131,47,2251,0,8,2,187,46,1103,2,1290,California
Sierra,2021-04-17,2,2392,1,132,1,2252,0,8,1,187,1,1104,1,1291,California
Sierra,2021-04-18,1,2393,0,132,1,2253,0,8,0,187,0,1104,0,1291,California
Sierra,2021-04-19,1,2394,1,133,0,2253,0,8,0,186,1,1105,0,1291,California
Sierra,2021-04-20,33,2427,0,133,33,2286,0,8,7,167,26,1131,7,1298,California
Sierra,2021-04-21,2,2429,1,134,1,2287,0,8,1,167,1,1132,1,1299,California
Sierra,2021-04-22,64,2493,1,135,63,2350,0,8,5,114,58,1190,5,1304,California
Sierra,2021-04-23,13,2506,0,135,13,2363,0,8,4,109,9,1199,4,1308,California
Sierra,2021-04-24,4,2510,0,135,4,2367,0,8,4,113,0,1199,4,1312,California
Sierra,2021-04-26,1,2511,0,135,1,2368,0,8,1,114,0,1199,1,1313,California
Sierra,2021-04-27,27,2538,0,135,27,2395,0,8,4,95,23,1222,4,1317,California
Sierra,2021-04-28,10,2548,2,137,8,2403,0,8,1,87,9,1231,1,1318,California
Sierra,2021-04-29,20,2568,2,139,18,2421,0,8,14,95,6,1237,14,1332,California
Sierra,2021-04-30,4,2572,2,141,2,2423,0,8,2,95,2,1239,2,1334,California
Sierra,2021-05-01,1,2573,0,141,1,2424,0,8,0,95,0,1239,0,1334,California
Sierra,2021-05-03,1,2574,1,142,0,2424,0,8,1,96,0,1239,1,1335,California
Sierra,2021-05-04,1,2575,0,142,1,2425,0,8,0,95,1,1240,0,1335,California
Sierra,2021-05-05,23,2598,1,143,22,2447,0,8,8,88,15,1255,8,1343,California
Sierra,2021-05-06,1,2599,1,144,0,2447,0,8,0,87,1,1256,0,1343,California
Sierra,2021-05-07,1,2600,1,145,0,2447,0,8,1,88,0,1256,1,1344,California
Sierra,2021-05-08,1,2601,0,145,0,2447,1,9,0,88,1,1257,1,1345,California
Sierra,2021-05-11,11,2612,0,145,4,2451,7,16,0,84,11,1268,7,1352,California
Sierra,2021-05-12,11,2623,1,146,10,2461,0,16,8,89,3,1271,8,1360,California
Sierra,2021-05-13,3,2626,2,148,1,2462,0,16,2,90,1,1272,2,1362,California
Sierra,2021-05-14,3,2629,1,149,2,2464,0,16,3,93,0,1272,3,1365,California
Sierra,2021-05-17,1,2630,1,150,0,2464,0,16,1,94,0,1272,1,1366,California
Sierra,2021-05-18,2,2632,0,150,1,2465,1,17,0,93,2,1274,1,1367,California
Sierra,2021-05-19,6,2638,2,152,4,2469,0,17,2,91,4,1278,2,1369,California
Sierra,2021-05-20,9,2647,8,160,0,2469,1,18,8,99,1,1279,9,1378,California
Sierra,2021-05-21,4,2651,2,162,2,2471,0,18,1,97,3,1282,1,1379,California
Sierra,2021-05-22,5,2656,0,162,5,2476,0,18,1,94,4,1286,1,1380,California
Sierra,2021-05-23,1,2657,0,162,1,2477,0,18,1,95,0,1286,1,1381,California
Sierra,2021-05-24,3,2660,1,163,2,2479,0,18,2,96,1,1287,2,1383,California
Sierra,2021-05-25,3,2663,0,163,3,2482,0,18,1,95,2,1289,1,1384,California
Sierra,2021-05-26,8,2671,0,163,8,2490,0,18,4,95,4,1293,4,1388,California
Sierra,2021-05-27,9,2680,1,164,7,2497,1,19,2,91,7,1300,3,1391,California
Sierra,2021-05-28,4,2684,2,166,2,2499,0,19,2,91,2,1302,2,1393,California
Sierra,2021-05-29,2,2686,0,166,2,2501,0,19,2,93,0,1302,2,1395,California
Sierra,2021-05-30,1,2687,1,167,0,2501,0,19,1,94,0,1302,1,1396,California
Sierra,2021-06-01,1,2688,0,167,1,2502,0,19,0,93,1,1303,0,1396,California
Sierra,2021-06-02,23,2711,0,167,21,2523,2,21,0,73,22,1325,2,1398,California
Sierra,2021-06-03,3,2714,2,169,1,2524,0,21,0,70,3,1328,0,1398,California
Sierra,2021-06-04,2,2716,2,171,0,2524,0,21,1,70,1,1329,1,1399,California
Sierra,2021-06-08,1,2717,1,172,0,2524,0,21,1,71,0,1329,1,1400,California
Sierra,2021-06-09,8,2725,1,173,5,2529,2,23,0,65,8,1337,2,1402,California
Sierra,2021-06-10,8,2733,8,181,0,2529,0,23,4,65,4,1341,4,1406,California
Sierra,2021-06-11,3,2736,1,182,2,2531,0,23,0,62,3,1344,0,1406,California
Sierra,2021-06-12,1,2737,1,183,0,2531,0,23,1,63,0,1344,1,1407,California
Sierra,2021-06-13,1,2738,1,184,0,2531,0,23,0,62,1,1345,0,1407,California
Sierra,2021-06-14,6,2744,4,188,1,2532,1,24,2,61,4,1349,3,1410,California
Sierra,2021-06-15,2,2746,1,189,1,2533,0,24,1,62,0,1349,1,1411,California
Sierra,2021-06-16,6,2752,1,190,5,2538,0,24,2,60,4,1353,2,1413,California
Sierra,2021-06-17,4,2756,2,192,1,2539,1,25,2,61,2,1355,3,1416,California
Sierra,2021-06-18,2,2758,1,193,0,2539,1,26,0,60,2,1357,1,1417,California
Sierra,2021-06-21,1,2759,0,193,1,2540,0,26,0,59,1,1358,0,1417,California
Sierra,2021-06-22,5,2764,3,196,2,2542,0,26,3,60,2,1360,3,1420,California
Sierra,2021-06-23,6,2770,0,196,6,2548,0,26,2,58,4,1364,2,1422,California
Sierra,2021-06-24,6,2776,0,196,2,2550,4,30,1,58,5,1369,5,1427,California
Sierra,2021-06-27,1,2777,1,197,0,2550,0,30,1,59,0,1369,1,1428,California
Sierra,2021-06-28,1,2778,0,197,0,2550,1,31,0,59,1,1370,1,1429,California
Sierra,2021-06-30,3,2781,2,199,0,2550,1,32,1,59,2,1372,2,1431,California
Sierra,2021-07-01,3,2784,1,200,2,2552,0,32,2,60,1,1373,2,1433,California
Sierra,2021-07-02,1,2785,1,201,0,2552,0,32,0,59,1,1374,0,1433,California
Sierra,2021-07-03,1,2786,1,202,0,2552,0,32,0,58,1,1375,0,1433,California
Siskiyou,2020-12-16,2,2,2,2,0,0,0,0,2,2,0,0,2,2,California
Siskiyou,2020-12-17,4,6,4,6,0,0,0,0,4,6,0,0,4,6,California
Siskiyou,2020-12-18,2,8,2,8,0,0,0,0,2,8,0,0,2,8,California
Siskiyou,2020-12-19,4,12,4,12,0,0,0,0,4,12,0,0,4,12,California
Siskiyou,2020-12-20,1,13,1,13,0,0,0,0,1,13,0,0,1,13,California
Siskiyou,2020-12-21,132,145,132,145,0,0,0,0,132,145,0,0,132,145,California
Siskiyou,2020-12-22,159,304,159,304,0,0,0,0,159,304,0,0,159,304,California
Siskiyou,2020-12-23,143,447,143,447,0,0,0,0,143,447,0,0,143,447,California
Siskiyou,2020-12-24,5,452,5,452,0,0,0,0,5,452,0,0,5,452,California
Siskiyou,2020-12-26,2,454,0,452,2,2,0,0,2,454,0,0,2,454,California
Siskiyou,2020-12-27,2,456,0,452,2,4,0,0,2,456,0,0,2,456,California
Siskiyou,2020-12-28,4,460,2,454,2,6,0,0,4,460,0,0,4,460,California
Siskiyou,2020-12-29,6,466,2,456,4,10,0,0,6,466,0,0,6,466,California
Siskiyou,2020-12-30,101,567,4,460,97,107,0,0,101,567,0,0,101,567,California
Siskiyou,2020-12-31,12,579,0,460,12,119,0,0,12,579,0,0,12,579,California
Siskiyou,2021-01-02,1,580,1,461,0,119,0,0,1,580,0,0,1,580,California
Siskiyou,2021-01-03,1,581,0,461,1,120,0,0,1,581,0,0,1,581,California
Siskiyou,2021-01-04,130,711,3,464,127,247,0,0,130,711,0,0,130,711,California
Siskiyou,2021-01-05,118,829,4,468,114,361,0,0,116,826,2,2,117,828,California
Siskiyou,2021-01-06,59,888,6,474,53,414,0,0,55,877,4,6,55,883,California
Siskiyou,2021-01-07,178,1066,4,478,174,588,0,0,177,1053,1,7,177,1060,California
Siskiyou,2021-01-08,41,1107,3,481,38,626,0,0,39,1090,2,9,39,1099,California
Siskiyou,2021-01-09,3,1110,3,484,0,626,0,0,1,1089,2,11,1,1100,California
Siskiyou,2021-01-11,296,1406,135,619,161,787,0,0,163,1119,133,144,163,1263,California
Siskiyou,2021-01-12,254,1660,205,824,49,836,0,0,91,1048,163,307,92,1355,California
Siskiyou,2021-01-13,160,1820,139,963,21,857,0,0,23,934,137,444,23,1378,California
Siskiyou,2021-01-14,36,1856,1,964,35,892,0,0,35,968,1,445,35,1413,California
Siskiyou,2021-01-15,55,1911,3,967,52,944,0,0,55,1023,0,445,55,1468,California
Siskiyou,2021-01-16,7,1918,2,969,5,949,0,0,7,1030,0,445,7,1475,California
Siskiyou,2021-01-17,1,1919,1,970,0,949,0,0,0,1029,1,446,0,1475,California
Siskiyou,2021-01-18,75,1994,3,973,72,1021,0,0,73,1100,2,448,73,1548,California
Siskiyou,2021-01-19,41,2035,1,974,40,1061,0,0,40,1139,1,449,40,1588,California
Siskiyou,2021-01-20,68,2103,35,1009,33,1094,0,0,64,1199,4,453,64,1652,California
Siskiyou,2021-01-21,69,2172,1,1010,68,1162,0,0,69,1268,0,453,69,1721,California
Siskiyou,2021-01-22,1345,3517,1177,2187,168,1330,0,0,1345,2613,0,453,1345,3066,California
Siskiyou,2021-01-23,6,3523,2,2189,4,1334,0,0,3,2613,3,456,3,3069,California
Siskiyou,2021-01-25,209,3732,9,2198,200,1534,0,0,205,2814,4,460,205,3274,California
Siskiyou,2021-01-26,158,3890,4,2202,154,1688,0,0,149,2954,9,469,149,3423,California
Siskiyou,2021-01-27,203,4093,3,2205,200,1888,0,0,138,3028,64,533,138,3561,California
Siskiyou,2021-01-28,260,4353,118,2323,142,2030,0,0,235,3244,19,552,235,3796,California
Siskiyou,2021-01-29,272,4625,3,2326,269,2299,0,0,253,3478,19,571,253,4049,California
Siskiyou,2021-01-30,6,4631,5,2331,1,2300,0,0,6,3484,0,571,6,4055,California
Siskiyou,2021-02-01,215,4846,3,2334,212,2512,0,0,114,3497,101,672,114,4169,California
Siskiyou,2021-02-02,319,5165,46,2380,273,2785,0,0,165,3508,154,826,165,4334,California
Siskiyou,2021-02-03,334,5499,1,2381,333,3118,0,0,265,3704,69,895,265,4599,California
Siskiyou,2021-02-04,368,5867,7,2388,361,3479,0,0,227,3790,141,1036,227,4826,California
Siskiyou,2021-02-05,547,6414,4,2392,543,4022,0,0,372,3987,175,1211,372,5198,California
Siskiyou,2021-02-06,15,6429,0,2392,15,4037,0,0,15,4002,0,1211,15,5213,California
Siskiyou,2021-02-07,2,6431,1,2393,1,4038,0,0,2,4004,0,1211,2,5215,California
Siskiyou,2021-02-08,242,6673,4,2397,238,4276,0,0,217,4196,25,1236,217,5432,California
Siskiyou,2021-02-09,249,6922,4,2401,245,4521,0,0,196,4339,53,1289,196,5628,California
Siskiyou,2021-02-10,389,7311,41,2442,348,4869,0,0,319,4589,69,1358,319,5947,California
Siskiyou,2021-02-11,215,7526,1,2443,214,5083,0,0,185,4744,30,1388,185,6132,California
Siskiyou,2021-02-12,1705,9231,1199,3642,506,5589,0,0,497,4033,1208,2596,497,6629,California
Siskiyou,2021-02-13,36,9267,2,3644,34,5623,0,0,31,4059,5,2601,31,6660,California
Siskiyou,2021-02-14,6,9273,2,3646,4,5627,0,0,6,4065,0,2601,6,6666,California
Siskiyou,2021-02-15,106,9379,9,3655,97,5724,0,0,103,4165,3,2604,103,6769,California
Siskiyou,2021-02-16,138,9517,2,3657,136,5860,0,0,101,4229,37,2641,101,6870,California
Siskiyou,2021-02-17,298,9815,16,3673,282,6142,0,0,261,4453,37,2678,261,7131,California
Siskiyou,2021-02-18,272,10087,88,3761,184,6326,0,0,129,4439,143,2821,129,7260,California
Siskiyou,2021-02-19,97,10184,34,3795,63,6389,0,0,36,4416,59,2880,36,7296,California
Siskiyou,2021-02-20,23,10207,5,3800,18,6407,0,0,16,4427,7,2887,18,7314,California
Siskiyou,2021-02-21,1,10208,1,3801,0,6407,0,0,1,4428,0,2887,1,7315,California
Siskiyou,2021-02-22,218,10426,2,3803,216,6623,0,0,78,4366,140,3027,78,7393,California
Siskiyou,2021-02-23,347,10773,15,3818,332,6955,0,0,194,4407,153,3180,194,7587,California
Siskiyou,2021-02-24,173,10946,5,3823,168,7123,0,0,50,4334,123,3303,50,7637,California
Siskiyou,2021-02-25,317,11263,26,3849,291,7414,0,0,160,4338,156,3459,160,7797,California
Siskiyou,2021-02-26,681,11944,11,3860,670,8084,0,0,371,4399,310,3769,371,8168,California
Siskiyou,2021-02-27,32,11976,5,3865,27,8111,0,0,28,4423,4,3773,28,8196,California
Siskiyou,2021-02-28,4,11980,4,3869,0,8111,0,0,3,4425,1,3774,3,8199,California
Siskiyou,2021-03-01,295,12275,6,3875,289,8400,0,0,51,4232,244,4018,51,8250,California
Siskiyou,2021-03-02,211,12486,1,3876,210,8610,0,0,70,4161,141,4159,70,8320,California
Siskiyou,2021-03-03,353,12839,12,3888,341,8951,0,0,155,4118,198,4357,155,8475,California
Siskiyou,2021-03-04,834,13673,624,4512,210,9161,0,0,648,4580,186,4543,648,9123,California
Siskiyou,2021-03-05,353,14026,6,4518,336,9497,11,11,105,4451,245,4788,116,9239,California
Siskiyou,2021-03-06,43,14069,3,4521,33,9530,7,18,28,4471,15,4803,35,9274,California
Siskiyou,2021-03-07,12,14081,4,4525,0,9530,8,26,2,4471,10,4813,10,9284,California
Siskiyou,2021-03-08,440,14521,28,4553,377,9907,35,61,68,4202,372,5185,103,9387,California
Siskiyou,2021-03-09,178,14699,2,4555,122,10029,54,115,44,4166,134,5319,98,9485,California
Siskiyou,2021-03-10,281,14980,7,4562,244,10273,30,145,26,3967,255,5574,56,9541,California
Siskiyou,2021-03-11,521,15501,205,4767,269,10542,47,192,282,4058,238,5812,329,9870,California
Siskiyou,2021-03-12,697,16198,141,4908,517,11059,39,231,184,3769,511,6323,222,10092,California
Siskiyou,2021-03-13,427,16625,379,5287,25,11084,23,254,379,4123,48,6371,402,10494,California
Siskiyou,2021-03-14,19,16644,0,5287,3,11087,16,270,1,4122,18,6389,17,10511,California
Siskiyou,2021-03-15,515,17159,258,5545,193,11280,64,334,339,4349,176,6565,403,10914,California
Siskiyou,2021-03-16,258,17417,34,5579,207,11487,17,351,140,4389,117,6682,157,11071,California
Siskiyou,2021-03-17,203,17620,9,5588,186,11673,8,359,35,4264,168,6850,43,11114,California
Siskiyou,2021-03-18,928,18548,790,6378,126,11799,12,371,807,4963,120,6970,819,11933,California
Siskiyou,2021-03-19,68,18616,10,6388,45,11844,13,384,19,4946,49,7019,32,11965,California
Siskiyou,2021-03-20,29,18645,7,6395,18,11862,4,388,6,4933,23,7042,10,11975,California
Siskiyou,2021-03-21,9,18654,3,6398,1,11863,5,393,3,4935,6,7048,8,11983,California
Siskiyou,2021-03-22,207,18861,21,6419,164,12027,22,415,143,5039,61,7109,165,12148,California
Siskiyou,2021-03-23,194,19055,19,6438,166,12193,9,424,141,5135,53,7162,149,12297,California
Siskiyou,2021-03-24,144,19199,48,6486,96,12289,0,424,115,5221,29,7191,115,12412,California
Siskiyou,2021-03-25,573,19772,320,6806,250,12539,3,427,399,5449,174,7365,402,12814,California
Siskiyou,2021-03-26,307,20079,35,6841,272,12811,0,427,103,5350,202,7567,103,12917,California
Siskiyou,2021-03-27,38,20117,5,6846,28,12839,5,432,10,5337,28,7595,15,12932,California
Siskiyou,2021-03-28,8,20125,7,6853,1,12840,0,432,5,5339,3,7598,5,12937,California
Siskiyou,2021-03-29,96,20221,10,6863,84,12924,2,434,46,5337,50,7648,48,12985,California
Siskiyou,2021-03-30,100,20321,6,6869,93,13017,1,435,40,5318,60,7708,41,13026,California
Siskiyou,2021-03-31,191,20512,21,6890,167,13184,3,438,48,5230,140,7848,52,13078,California
Siskiyou,2021-04-01,829,21341,670,7560,159,13343,0,438,214,4829,615,8463,214,13292,California
Siskiyou,2021-04-02,347,21688,197,7757,146,13489,4,442,66,4620,279,8742,70,13362,California
Siskiyou,2021-04-03,26,21714,5,7762,14,13503,7,449,5,4611,21,8763,12,13374,California
Siskiyou,2021-04-04,1,21715,0,7762,1,13504,0,449,1,4612,0,8763,1,13375,California
Siskiyou,2021-04-05,438,22153,331,8093,81,13585,26,475,26,4253,411,9174,52,13427,California
Siskiyou,2021-04-06,222,22375,37,8130,132,13717,53,528,129,4343,91,9265,181,13608,California
Siskiyou,2021-04-07,118,22493,11,8141,65,13782,42,570,66,4400,52,9317,109,13717,California
Siskiyou,2021-04-08,355,22848,187,8328,127,13909,41,611,65,4216,290,9607,106,13823,California
Siskiyou,2021-04-09,547,23395,377,8705,132,14041,38,649,85,3879,461,10068,124,13947,California
Siskiyou,2021-04-10,45,23440,5,8710,3,14044,37,686,6,3883,39,10107,43,13990,California
Siskiyou,2021-04-11,7,23447,4,8714,1,14045,2,688,2,3882,5,10112,4,13994,California
Siskiyou,2021-04-12,129,23576,24,8738,103,14148,2,690,31,3817,98,10210,33,14027,California
Siskiyou,2021-04-13,207,23783,37,8775,169,14317,1,691,81,3773,126,10336,82,14109,California
Siskiyou,2021-04-14,157,23940,64,8839,93,14410,0,691,85,3788,70,10406,85,14194,California
Siskiyou,2021-04-15,1117,25057,957,9796,160,14570,0,691,438,3548,679,11085,439,14633,California
Siskiyou,2021-04-16,314,25371,219,10015,95,14665,0,691,270,3776,42,11127,270,14903,California
Siskiyou,2021-04-17,11,25382,8,10023,3,14668,0,691,7,3779,4,11131,7,14910,California
Siskiyou,2021-04-18,5,25387,3,10026,2,14670,0,691,1,3776,4,11135,1,14911,California
Siskiyou,2021-04-19,129,25516,24,10050,105,14775,0,691,47,3741,82,11217,47,14958,California
Siskiyou,2021-04-20,236,25752,5,10055,231,15006,0,691,94,3694,141,11358,94,15052,California
Siskiyou,2021-04-21,96,25848,10,10065,86,15092,0,691,26,3650,70,11428,26,15078,California
Siskiyou,2021-04-22,414,26262,301,10366,113,15205,0,691,49,3334,365,11793,49,15127,California
Siskiyou,2021-04-23,181,26443,15,10381,166,15371,0,691,159,3472,21,11814,159,15286,California
Siskiyou,2021-04-24,28,26471,4,10385,24,15395,0,691,20,3484,8,11822,20,15306,California
Siskiyou,2021-04-25,2,26473,0,10385,2,15397,0,691,2,3486,0,11822,2,15308,California
Siskiyou,2021-04-26,101,26574,4,10389,92,15489,5,696,24,3438,77,11899,29,15337,California
Siskiyou,2021-04-27,114,26688,5,10394,107,15596,2,698,87,3502,25,11924,89,15426,California
Siskiyou,2021-04-28,111,26799,8,10402,95,15691,8,706,53,3505,58,11982,61,15487,California
Siskiyou,2021-04-29,150,26949,16,10418,133,15824,1,707,30,3416,120,12102,31,15518,California
Siskiyou,2021-04-30,102,27051,20,10438,81,15905,1,708,45,3407,54,12156,45,15563,California
Siskiyou,2021-05-01,11,27062,7,10445,1,15906,3,711,7,3413,4,12160,10,15573,California
Siskiyou,2021-05-02,10,27072,4,10449,6,15912,0,711,9,3421,1,12161,9,15582,California
Siskiyou,2021-05-03,111,27183,23,10472,86,15998,2,713,46,3404,65,12226,48,15630,California
Siskiyou,2021-05-04,123,27306,7,10479,114,16112,2,715,60,3404,62,12288,62,15692,California
Siskiyou,2021-05-05,116,27422,20,10499,87,16199,9,724,39,3376,76,12364,48,15740,California
Siskiyou,2021-05-06,367,27789,296,10795,65,16264,6,730,190,3395,177,12541,196,15936,California
Siskiyou,2021-05-07,308,28097,219,11014,84,16348,5,735,31,3155,276,12817,36,15972,California
Siskiyou,2021-05-08,25,28122,4,11018,20,16368,1,736,18,3167,7,12824,19,15991,California
Siskiyou,2021-05-09,1,28123,0,11018,1,16369,0,736,0,3166,1,12825,0,15991,California
Siskiyou,2021-05-10,98,28221,67,11085,30,16399,1,737,21,3111,77,12902,22,16013,California
Siskiyou,2021-05-11,87,28308,8,11093,74,16473,5,742,51,3131,36,12938,56,16069,California
Siskiyou,2021-05-12,109,28417,4,11097,101,16574,4,746,17,3061,91,13029,21,16090,California
Siskiyou,2021-05-13,131,28548,35,11132,87,16661,9,755,38,3015,93,13122,47,16137,California
Siskiyou,2021-05-14,176,28724,82,11214,93,16754,1,756,108,3057,67,13189,109,16246,California
Siskiyou,2021-05-15,43,28767,13,11227,28,16782,2,758,36,3089,6,13195,38,16284,California
Siskiyou,2021-05-16,6,28773,2,11229,4,16786,0,758,4,3091,2,13197,4,16288,California
Siskiyou,2021-05-17,65,28838,1,11230,41,16827,23,781,11,3071,54,13251,34,16322,California
Siskiyou,2021-05-18,221,29059,83,11313,134,16961,4,785,124,3103,96,13347,128,16450,California
Siskiyou,2021-05-19,202,29261,97,11410,104,17065,1,786,168,3238,34,13381,169,16619,California
Siskiyou,2021-05-20,533,29794,430,11840,101,17166,2,788,237,3183,294,13675,239,16858,California
Siskiyou,2021-05-21,238,30032,95,11935,143,17309,0,788,109,3164,128,13803,109,16967,California
Siskiyou,2021-05-22,42,30074,19,11954,23,17332,0,788,27,3176,15,13818,27,16994,California
Siskiyou,2021-05-23,4,30078,3,11957,1,17333,0,788,2,3176,2,13820,2,16996,California
Siskiyou,2021-05-24,43,30121,3,11960,40,17373,0,788,29,3192,13,13833,29,17025,California
Siskiyou,2021-05-25,156,30277,15,11975,121,17494,20,808,49,3156,105,13938,69,17094,California
Siskiyou,2021-05-26,76,30353,19,11994,57,17551,0,808,41,3162,35,13973,41,17135,California
Siskiyou,2021-05-27,133,30486,94,12088,37,17588,2,810,57,3145,76,14049,59,17194,California
Siskiyou,2021-05-28,153,30639,58,12146,94,17682,1,811,101,3196,51,14100,102,17296,California
Siskiyou,2021-05-29,16,30655,9,12155,4,17686,3,814,5,3193,11,14111,8,17304,California
Siskiyou,2021-05-31,2,30657,1,12156,0,17686,1,815,1,3194,1,14112,2,17306,California
Siskiyou,2021-06-01,86,30743,20,12176,66,17752,0,815,29,3167,56,14168,29,17335,California
Siskiyou,2021-06-02,122,30865,33,12209,89,17841,0,815,46,3137,76,14244,46,17381,California
Siskiyou,2021-06-03,156,31021,109,12318,42,17883,5,820,40,3066,116,14360,45,17426,California
Siskiyou,2021-06-04,100,31121,76,12394,24,17907,0,820,21,3008,79,14439,21,17447,California
Siskiyou,2021-06-05,37,31158,17,12411,19,17926,1,821,15,3002,22,14461,16,17463,California
Siskiyou,2021-06-06,3,31161,2,12413,0,17926,1,822,0,3000,3,14464,1,17464,California
Siskiyou,2021-06-07,38,31199,4,12417,30,17956,4,826,26,3018,12,14476,30,17494,California
Siskiyou,2021-06-08,210,31409,94,12511,113,18069,3,829,65,2946,140,14616,68,17562,California
Siskiyou,2021-06-09,113,31522,84,12595,28,18097,1,830,31,2896,82,14698,32,17594,California
Siskiyou,2021-06-10,177,31699,145,12740,31,18128,1,831,77,2874,100,14798,78,17672,California
Siskiyou,2021-06-11,112,31811,60,12800,45,18173,7,838,23,2836,68,14866,30,17702,California
Siskiyou,2021-06-12,29,31840,6,12806,23,18196,0,838,9,2825,20,14886,9,17711,California
Siskiyou,2021-06-13,24,31864,16,12822,8,18204,0,838,2,2805,22,14908,2,17713,California
Siskiyou,2021-06-14,24,31888,4,12826,16,18220,4,842,11,2806,13,14921,14,17727,California
Siskiyou,2021-06-15,89,31977,22,12848,54,18274,13,855,33,2796,56,14977,46,17773,California
Siskiyou,2021-06-16,102,32079,23,12871,77,18351,2,857,10,2716,92,15069,12,17785,California
Siskiyou,2021-06-17,186,32265,142,13013,32,18383,12,869,40,2623,145,15214,52,17837,California
Siskiyou,2021-06-18,97,32362,62,13075,27,18410,8,877,20,2574,77,15291,28,17865,California
Siskiyou,2021-06-19,26,32388,17,13092,9,18419,0,877,12,2572,14,15305,12,17877,California
Siskiyou,2021-06-20,2,32390,1,13093,0,18419,1,878,1,2573,1,15306,2,17879,California
Siskiyou,2021-06-21,38,32428,3,13096,33,18452,2,880,5,2547,33,15339,7,17886,California
Siskiyou,2021-06-22,65,32493,24,13120,37,18489,4,884,31,2548,34,15373,35,17921,California
Siskiyou,2021-06-23,52,32545,7,13127,41,18530,4,888,11,2523,40,15413,15,17936,California
Siskiyou,2021-06-24,92,32637,51,13178,32,18562,9,897,46,2532,46,15459,55,17991,California
Siskiyou,2021-06-25,96,32733,60,13238,36,18598,0,897,65,2566,31,15490,65,18056,California
Siskiyou,2021-06-26,8,32741,3,13241,5,18603,0,897,4,2566,4,15494,4,18060,California
Siskiyou,2021-06-28,10,32751,4,13245,6,18609,0,897,5,2566,5,15499,5,18065,California
Siskiyou,2021-06-29,77,32828,52,13297,23,18632,2,899,40,2571,37,15536,42,18107,California
Siskiyou,2021-06-30,53,32881,10,13307,40,18672,3,902,13,2547,40,15576,16,18123,California
Siskiyou,2021-07-01,32,32913,20,13327,7,18679,5,907,9,2538,23,15599,14,18137,California
Siskiyou,2021-07-02,58,32971,36,13363,22,18701,0,907,40,2560,18,15617,40,18177,California
Siskiyou,2021-07-03,16,32987,5,13368,11,18712,0,907,9,2562,7,15624,9,18186,California
Siskiyou,2021-07-05,15,33002,5,13373,10,18722,0,907,4,2556,10,15634,4,18190,California
Siskiyou,2021-07-06,43,33045,7,13380,32,18754,4,911,15,2547,28,15662,19,18209,California
Solano,2020-12-15,4,4,4,4,0,0,0,0,4,4,0,0,4,4,California
Solano,2020-12-16,70,74,70,74,0,0,0,0,70,74,0,0,70,74,California
Solano,2020-12-17,171,245,171,245,0,0,0,0,171,245,0,0,171,245,California
Solano,2020-12-18,479,724,478,723,1,1,0,0,479,724,0,0,479,724,California
Solano,2020-12-19,522,1246,522,1245,0,1,0,0,522,1246,0,0,522,1246,California
Solano,2020-12-20,356,1602,354,1599,2,3,0,0,356,1602,0,0,356,1602,California
Solano,2020-12-21,575,2177,573,2172,2,5,0,0,575,2177,0,0,575,2177,California
Solano,2020-12-22,664,2841,631,2803,33,38,0,0,664,2841,0,0,664,2841,California
Solano,2020-12-23,863,3704,771,3574,92,130,0,0,862,3702,1,1,862,3703,California
Solano,2020-12-24,425,4129,171,3745,254,384,0,0,425,4127,0,1,425,4128,California
Solano,2020-12-25,9,4138,1,3746,8,392,0,0,9,4136,0,1,9,4137,California
Solano,2020-12-26,174,4312,47,3793,127,519,0,0,174,4310,0,1,174,4311,California
Solano,2020-12-27,106,4418,29,3822,77,596,0,0,106,4416,0,1,106,4417,California
Solano,2020-12-28,880,5298,434,4256,446,1042,0,0,880,5296,0,1,880,5297,California
Solano,2020-12-29,913,6211,376,4632,537,1579,0,0,913,6209,0,1,913,6210,California
Solano,2020-12-30,1241,7452,602,5234,639,2218,0,0,1241,7450,0,1,1241,7451,California
Solano,2020-12-31,546,7998,141,5375,405,2623,0,0,546,7996,0,1,546,7997,California
Solano,2021-01-01,14,8012,13,5388,1,2624,0,0,14,8010,0,1,14,8011,California
Solano,2021-01-02,219,8231,171,5559,48,2672,0,0,219,8229,0,1,219,8230,California
Solano,2021-01-03,56,8287,40,5599,16,2688,0,0,50,8279,0,1,50,8280,California
Solano,2021-01-04,450,8737,242,5841,208,2896,0,0,441,8718,2,3,441,8721,California
Solano,2021-01-05,734,9471,382,6223,352,3248,0,0,573,9135,156,159,573,9294,California
Solano,2021-01-06,850,10321,439,6662,411,3659,0,0,577,9441,271,430,577,9871,California
Solano,2021-01-07,1070,11391,684,7346,386,4045,0,0,594,9562,474,904,595,10466,California
Solano,2021-01-08,1154,12545,785,8131,369,4414,0,0,551,9530,585,1489,553,11019,California
Solano,2021-01-09,886,13431,762,8893,124,4538,0,0,427,9501,456,1945,427,11446,California
Solano,2021-01-10,254,13685,193,9086,61,4599,0,0,152,9551,102,2047,152,11598,California
Solano,2021-01-11,1336,15021,1123,10209,213,4812,0,0,817,9849,519,2566,817,12415,California
Solano,2021-01-12,1584,16605,1181,11390,403,5215,0,0,1027,10321,556,3122,1028,13443,California
Solano,2021-01-13,1469,18074,1007,12397,462,5677,0,0,1210,11274,257,3379,1210,14653,California
Solano,2021-01-14,1921,19995,832,13229,1089,6766,0,0,1602,12560,316,3695,1602,16255,California
Solano,2021-01-15,1722,21717,1065,14294,657,7423,0,0,1421,13680,301,3996,1421,17676,California
Solano,2021-01-16,1296,23013,905,15199,391,7814,0,0,1122,14628,174,4170,1122,18798,California
Solano,2021-01-17,1053,24066,756,15955,297,8111,0,0,1032,15640,21,4191,1033,19831,California
Solano,2021-01-18,1427,25493,854,16809,573,8684,0,0,1305,16823,122,4313,1305,21136,California
Solano,2021-01-19,1666,27159,1346,18155,320,9004,0,0,1391,17940,274,4587,1391,22527,California
Solano,2021-01-20,2064,29223,1428,19583,636,9640,0,0,1576,19031,485,5072,1576,24103,California
Solano,2021-01-21,3221,32444,1033,20616,2188,11828,0,0,2863,21538,358,5430,2865,26968,California
Solano,2021-01-22,1788,34232,858,21474,930,12758,0,0,1589,22929,199,5629,1590,28558,California
Solano,2021-01-23,744,34976,245,21719,499,13257,0,0,532,23249,213,5842,533,29091,California
Solano,2021-01-24,408,35384,63,21782,345,13602,0,0,340,23521,68,5910,340,29431,California
Solano,2021-01-25,1678,37062,630,22412,1048,14650,0,0,1118,24081,559,6469,1119,30550,California
Solano,2021-01-26,1806,38868,748,23160,1058,15708,0,0,1159,24594,647,7116,1160,31710,California
Solano,2021-01-27,1809,40677,719,23879,1090,16798,0,0,1193,25175,612,7728,1193,32903,California
Solano,2021-01-28,1985,42662,714,24593,1271,18069,0,0,1385,25962,599,8327,1386,34289,California
Solano,2021-01-29,1722,44384,777,25370,945,19014,0,0,1355,26953,364,8691,1355,35644,California
Solano,2021-01-30,929,45313,432,25802,497,19511,0,0,604,27233,325,9016,605,36249,California
Solano,2021-01-31,269,45582,177,25979,92,19603,0,0,173,27311,95,9111,173,36422,California
Solano,2021-02-01,1557,47139,1031,27010,526,20129,0,0,771,27299,783,9894,771,37193,California
Solano,2021-02-02,3385,50524,1102,28112,2283,22412,0,0,2566,29051,814,10708,2566,39759,California
Solano,2021-02-03,2277,52801,1313,29425,964,23376,0,0,1168,29113,1106,11814,1168,40927,California
Solano,2021-02-04,1816,54617,905,30330,911,24287,0,0,1083,29468,728,12542,1083,42010,California
Solano,2021-02-05,3129,57746,1424,31754,1705,25992,0,0,2114,30574,1008,13550,2114,44124,California
Solano,2021-02-06,3083,60829,1172,32926,1911,27903,0,0,2264,32023,815,14365,2264,46388,California
Solano,2021-02-07,845,61674,779,33705,66,27969,0,0,236,31651,608,14973,236,46624,California
Solano,2021-02-08,1772,63446,1242,34947,530,28499,0,0,722,31325,1048,16021,722,47346,California
Solano,2021-02-09,1960,65406,1494,36441,466,28965,0,0,702,30770,1257,17278,702,48048,California
Solano,2021-02-10,2291,67697,1508,37949,783,29748,0,0,821,30122,1469,18747,821,48869,California
Solano,2021-02-11,2549,70246,1501,39450,1048,30796,0,0,1202,29988,1336,20083,1202,50071,California
Solano,2021-02-12,4278,74524,1636,41086,2642,33438,0,0,2915,31548,1355,21438,2915,52986,California
Solano,2021-02-13,2896,77420,247,41333,2649,36087,0,0,2478,33612,414,21852,2478,55464,California
Solano,2021-02-14,733,78153,204,41537,529,36616,0,0,406,33694,325,22177,407,55871,California
Solano,2021-02-15,1272,79425,267,41804,1005,37621,0,0,653,33728,619,22796,653,56524,California
Solano,2021-02-16,2582,82007,1388,43192,1194,38815,0,0,1679,34506,902,23698,1680,58204,California
Solano,2021-02-17,3279,85286,1450,44642,1829,40644,0,0,2221,35673,1055,24753,2222,60426,California
Solano,2021-02-18,2927,88213,851,45493,2076,42720,0,0,861,34475,2059,26812,861,61287,California
Solano,2021-02-19,2496,90709,1470,46963,1026,43746,0,0,1182,34352,1307,28119,1184,62471,California
Solano,2021-02-20,2776,93485,393,47356,2383,46129,0,0,2252,36080,524,28643,2252,64723,California
Solano,2021-02-21,2340,95825,2012,49368,328,46457,0,0,2010,37765,325,28968,2010,66733,California
Solano,2021-02-22,1842,97667,1080,50448,762,47219,0,0,953,37834,885,29853,954,67687,California
Solano,2021-02-23,2987,100654,1164,51612,1823,49042,0,0,2014,38878,970,30823,2014,69701,California
Solano,2021-02-24,2573,103227,1285,52897,1288,50330,0,0,1417,39144,1152,31975,1418,71119,California
Solano,2021-02-25,2664,105891,1574,54471,1090,51420,0,0,1463,39412,1195,33170,1463,72582,California
Solano,2021-02-26,3552,109443,2277,56748,1275,52695,0,0,2102,40069,1445,34615,2102,74684,California
Solano,2021-02-27,3994,113437,1539,58287,2454,55149,1,1,3229,42545,754,35369,3230,77914,California
Solano,2021-02-28,1949,115386,1574,59861,374,55523,1,2,1617,43834,329,35698,1618,79532,California
Solano,2021-03-01,2754,118140,1227,61088,1526,57049,1,3,2079,45246,668,36366,2080,81612,California
Solano,2021-03-02,2327,120467,1411,62499,916,57965,0,3,1293,45506,1033,37399,1293,82905,California
Solano,2021-03-03,2270,122737,1277,63776,993,58958,0,3,1406,46059,854,38253,1407,84312,California
Solano,2021-03-04,4436,127173,3440,67216,994,59952,2,5,3171,47980,1255,39508,3176,87488,California
Solano,2021-03-05,4974,132147,1682,68898,3287,63239,5,10,3975,50972,988,40496,3980,91468,California
Solano,2021-03-06,3871,136018,837,69735,2995,66234,39,49,2649,52449,1211,41707,2688,94156,California
Solano,2021-03-07,3579,139597,760,70495,2810,69044,9,58,1950,52793,1616,43323,1960,96116,California
Solano,2021-03-08,2202,141799,1352,71847,581,69625,269,327,1631,54128,563,43886,1898,98014,California
Solano,2021-03-09,3245,145044,1569,73416,1621,71246,55,382,2336,55608,907,44793,2387,100401,California
Solano,2021-03-10,2439,147483,1761,75177,592,71838,86,468,1282,55822,1152,45945,1366,101767,California
Solano,2021-03-11,6056,153539,1764,76941,4040,75878,252,720,4997,60018,1054,46999,5250,107017,California
Solano,2021-03-12,6058,159597,1576,78517,4302,80180,180,900,3169,60490,2876,49875,3348,110365,California
Solano,2021-03-13,4621,164218,805,79322,3731,83911,85,985,2239,60443,2374,52249,2327,112692,California
Solano,2021-03-14,4023,168241,3138,82460,429,84340,456,1441,1557,59992,2461,54710,2010,114702,California
Solano,2021-03-15,4037,172278,2458,84918,1252,85592,327,1768,2520,61332,1505,56215,2845,117547,California
Solano,2021-03-16,3111,175389,1323,86241,1550,87142,238,2006,1576,61616,1529,57744,1813,119360,California
Solano,2021-03-17,6521,181910,1681,87922,4745,91887,95,2101,4943,65080,1574,59318,5038,124398,California
Solano,2021-03-18,5228,187138,1860,89782,3330,95217,38,2139,3747,67393,1473,60791,3786,128184,California
Solano,2021-03-19,3595,190733,2655,92437,864,96081,76,2215,1633,67150,1953,62744,1710,129894,California
Solano,2021-03-20,5590,196323,1681,94118,3855,99936,54,2269,2621,66869,2956,65700,2675,132569,California
Solano,2021-03-21,1699,198022,1591,95709,83,100019,25,2294,376,65952,1316,67016,399,132968,California
Solano,2021-03-22,2708,200730,2055,97764,602,100621,51,2345,1566,66430,1136,68152,1614,134582,California
Solano,2021-03-23,3571,204301,1688,99452,1839,102460,44,2389,1394,65697,2170,70322,1437,136019,California
Solano,2021-03-24,2841,207142,1777,101229,1029,103489,35,2424,1359,65614,1475,71797,1392,137411,California
Solano,2021-03-25,4901,212043,4010,105239,856,104345,35,2459,2279,65312,2616,74413,2314,139725,California
Solano,2021-03-26,3252,215295,2113,107352,1101,105446,38,2497,1742,65593,1499,75912,1780,141505,California
Solano,2021-03-27,4232,219527,1162,108514,3029,108475,41,2538,1663,64733,2562,78474,1702,143207,California
Solano,2021-03-28,1424,220951,1112,109626,294,108769,18,2556,539,64409,881,79355,557,143764,California
Solano,2021-03-29,3540,224491,2046,111672,1478,110247,16,2572,1542,63984,1984,81339,1559,145323,California
Solano,2021-03-30,3052,227543,2022,113694,939,111186,91,2663,1905,64833,1146,82485,1995,147318,California
Solano,2021-03-31,3160,230703,2148,115842,851,112037,161,2824,1848,65531,1307,83792,2005,149323,California
Solano,2021-04-01,5581,236284,2114,117956,3313,115350,154,2978,3521,67160,2046,85838,3675,152998,California
Solano,2021-04-02,6638,242922,2240,120196,4229,119579,169,3147,2554,65815,4065,89903,2720,155718,California
Solano,2021-04-03,1530,244452,968,121164,409,119988,153,3300,568,65575,960,90863,720,156438,California
Solano,2021-04-04,786,245238,288,121452,194,120182,304,3604,242,65581,540,91403,546,156984,California
Solano,2021-04-05,3016,248254,2064,123516,744,120926,208,3812,1515,65803,1499,92902,1721,158705,California
Solano,2021-04-06,6072,254326,1640,125156,3942,124868,490,4302,1635,63498,4428,97330,2123,160828,California
Solano,2021-04-07,5991,260317,4642,129798,946,125814,403,4705,3401,64731,2570,99900,3803,164631,California
Solano,2021-04-08,6506,266823,1801,131599,3832,129646,873,5578,1802,62723,4673,104573,2665,167296,California
Solano,2021-04-09,6320,273143,1662,133261,3808,133454,850,6428,1521,60315,4772,109345,2364,169660,California
Solano,2021-04-10,1759,274902,966,134227,454,133908,339,6767,812,60519,945,110290,1149,170809,California
Solano,2021-04-11,1242,276144,773,135000,337,134245,132,6899,639,60690,600,110890,771,171580,California
Solano,2021-04-12,3294,279438,1703,136703,1230,135475,361,7260,1344,60448,1944,112834,1702,173282,California
Solano,2021-04-13,2573,282011,1115,137818,1457,136932,1,7261,1332,60544,1237,114071,1333,174615,California
Solano,2021-04-14,6545,288556,1965,139783,4580,141512,0,7261,1850,57709,4686,118757,1851,176466,California
Solano,2021-04-15,5744,294300,2171,141954,3572,145084,1,7262,1745,55470,3985,122742,1746,178212,California
Solano,2021-04-16,3714,298014,2601,144555,1111,146195,2,7264,2299,56365,1406,124148,2301,180513,California
Solano,2021-04-17,3294,301308,1074,145629,2220,148415,0,7264,1127,55339,2155,126303,1129,181642,California
Solano,2021-04-18,1056,302364,658,146287,398,148813,0,7264,549,55382,506,126809,549,182191,California
Solano,2021-04-19,2161,304525,1173,147460,988,149801,0,7264,1172,55574,982,127791,1174,183365,California
Solano,2021-04-20,3087,307612,1891,149351,1196,150997,0,7264,1709,55911,1372,129163,1709,185074,California
Solano,2021-04-21,3895,311507,2410,151761,1485,152482,0,7264,2042,56109,1844,131007,2042,187116,California
Solano,2021-04-22,3059,314566,1528,153289,1531,154013,0,7264,1803,56660,1252,132259,1803,188919,California
Solano,2021-04-23,4222,318788,2145,155434,2077,156090,0,7264,2539,57523,1678,133937,2541,191460,California
Solano,2021-04-24,3895,322683,2346,157780,1547,157637,2,7266,2584,58884,1225,135162,2586,194046,California
Solano,2021-04-25,1434,324117,1118,158898,316,157953,0,7266,1134,59725,293,135455,1134,195180,California
Solano,2021-04-26,2624,326741,1704,160602,916,158869,4,7270,1450,60019,1160,136615,1454,196634,California
Solano,2021-04-27,2605,329346,1309,161911,1266,160135,30,7300,1477,60410,1117,137732,1508,198142,California
Solano,2021-04-28,6083,335429,5026,166937,1011,161146,46,7346,3807,62002,2260,139992,3852,201994,California
Solano,2021-04-29,4578,340007,1475,168412,3068,164214,35,7381,2067,61603,2501,142493,2102,204096,California
Solano,2021-04-30,4174,344181,2231,170643,1802,166016,141,7522,1943,61471,2215,144708,2083,206179,California
Solano,2021-05-01,2188,346369,1684,172327,304,166320,200,7722,1298,62085,884,145592,1498,207677,California
Solano,2021-05-02,1200,347569,941,173268,234,166554,25,7747,661,62237,534,146126,686,208363,California
Solano,2021-05-03,1465,349034,1017,174285,361,166915,87,7834,602,62067,860,146986,690,209053,California
Solano,2021-05-04,1828,350862,1071,175356,691,167606,66,7900,823,61953,1003,147989,889,209942,California
Solano,2021-05-05,2285,353147,1443,176799,729,168335,113,8013,1101,61985,1180,149169,1212,211154,California
Solano,2021-05-06,1992,355139,1192,177991,591,168926,209,8222,724,61654,1256,150425,925,212079,California
Solano,2021-05-07,2839,357978,1979,179970,740,169666,120,8342,987,60915,1844,152269,1105,213184,California
Solano,2021-05-08,1485,359463,939,180909,430,170096,116,8458,572,60694,909,153178,688,213872,California
Solano,2021-05-09,451,359914,275,181184,165,170261,11,8469,175,60607,274,153452,187,214059,California
Solano,2021-05-10,1392,361306,647,181831,638,170899,107,8576,389,60104,998,154450,495,214554,California
Solano,2021-05-11,2340,363646,1213,183044,1038,171937,89,8665,679,59216,1656,156106,768,215322,California
Solano,2021-05-12,2200,365846,1267,184311,758,172695,175,8840,730,58664,1455,157561,903,216225,California
Solano,2021-05-13,3100,368946,2122,186433,766,173461,212,9052,1628,59036,1468,159029,1840,218065,California
Solano,2021-05-14,2519,371465,1706,188139,691,174152,122,9174,1061,58769,1450,160479,1183,219248,California
Solano,2021-05-15,3413,374878,2761,190900,566,174718,86,9260,1299,58051,2102,162581,1384,220632,California
Solano,2021-05-16,1542,376420,1144,192044,365,175083,33,9293,277,57099,1261,163842,309,220941,California
Solano,2021-05-17,2460,378880,1414,193458,959,176042,87,9380,865,56473,1574,165416,948,221889,California
Solano,2021-05-18,2959,381839,1640,195098,1230,177272,89,9469,1468,56552,1478,166894,1557,223446,California
Solano,2021-05-19,5750,387589,4145,199243,1473,178745,132,9601,2175,55294,3565,170459,2307,225753,California
Solano,2021-05-20,2633,390222,1581,200824,989,179734,63,9664,942,54619,1680,172139,1005,226758,California
Solano,2021-05-21,3564,393786,1874,202698,1621,181355,69,9733,1369,53871,2186,174325,1438,228196,California
Solano,2021-05-22,2742,396528,2113,204811,535,181890,94,9827,1158,53545,1577,175902,1251,229447,California
Solano,2021-05-23,1410,397938,1166,205977,219,182109,25,9852,754,53671,653,176555,779,230226,California
Solano,2021-05-24,1886,399824,1090,207067,723,182832,73,9925,636,53137,1242,177797,708,230934,California
Solano,2021-05-25,1625,401449,823,207890,744,183576,58,9983,583,52743,1034,178831,640,231574,California
Solano,2021-05-26,1898,403347,1090,208980,751,184327,57,10040,708,52324,1185,180016,766,232340,California
Solano,2021-05-27,2134,405481,945,209925,1114,185441,75,10115,879,52033,1244,181260,953,233293,California
Solano,2021-05-28,2018,407499,1023,210948,939,186380,56,10171,759,51598,1251,182511,816,234109,California
Solano,2021-05-29,656,408155,325,211273,300,186680,31,10202,303,51581,350,182861,333,234442,California
Solano,2021-05-30,323,408478,154,211427,144,186824,25,10227,114,51514,206,183067,139,234581,California
Solano,2021-05-31,129,408607,20,211447,100,186924,9,10236,25,51444,104,183171,34,234615,California
Solano,2021-06-01,1838,410445,1182,212629,578,187502,78,10314,727,51144,1106,184277,806,235421,California
Solano,2021-06-02,1827,412272,1289,213918,472,187974,66,10380,925,51237,895,185172,988,236409,California
Solano,2021-06-03,2191,414463,1733,215651,375,188349,83,10463,705,50546,1480,186652,789,237198,California
Solano,2021-06-04,1654,416117,1148,216799,440,188789,66,10529,501,49964,1149,187801,567,237765,California
Solano,2021-06-05,1419,417536,1025,217824,343,189132,51,10580,469,49540,944,188745,520,238285,California
Solano,2021-06-06,673,418209,554,218378,87,189219,32,10612,362,49624,310,189055,394,238679,California
Solano,2021-06-07,1240,419449,950,219328,228,189447,62,10674,409,49268,827,189882,471,239150,California
Solano,2021-06-08,1833,421282,1326,220654,473,189920,34,10708,486,48446,1342,191224,520,239670,California
Solano,2021-06-09,2109,423391,1796,222450,252,190172,61,10769,669,47741,1434,192658,729,240399,California
Solano,2021-06-10,1255,424646,844,223294,337,190509,74,10843,399,47366,847,193505,472,240871,California
Solano,2021-06-11,1599,426245,1270,224564,263,190772,66,10909,587,47011,1007,194512,652,241523,California
Solano,2021-06-12,1204,427449,925,225489,218,190990,61,10970,206,46287,991,195503,267,241790,California
Solano,2021-06-13,610,428059,521,226010,80,191070,9,10979,111,45909,498,196001,120,241910,California
Solano,2021-06-14,1313,429372,931,226941,349,191419,33,11012,278,45191,1027,197028,309,242219,California
Solano,2021-06-15,1469,430841,931,227872,487,191906,51,11063,603,44986,859,197887,654,242873,California
Solano,2021-06-16,1164,432005,771,228643,323,192229,70,11133,397,44690,762,198649,466,243339,California
Solano,2021-06-17,1222,433227,936,229579,217,192446,69,11202,436,44422,772,199421,504,243843,California
Solano,2021-06-18,1179,434406,876,230455,237,192683,66,11268,442,44198,732,200153,508,244351,California
Solano,2021-06-19,423,434829,295,230750,100,192783,28,11296,161,44130,257,200410,189,244540,California
Solano,2021-06-20,183,435012,140,230890,36,192819,7,11303,85,44124,98,200508,92,244632,California
Solano,2021-06-21,629,435641,404,231294,162,192981,63,11366,394,44347,234,200742,457,245089,California
Solano,2021-06-22,1155,436796,872,232166,238,193219,45,11411,421,44083,730,201472,466,245555,California
Solano,2021-06-23,1431,438227,1186,233352,174,193393,71,11482,492,43711,934,202406,562,246117,California
Solano,2021-06-24,923,439150,686,234038,171,193564,66,11548,393,43644,525,202931,458,246575,California
Solano,2021-06-25,1036,440186,723,234761,245,193809,68,11616,481,43655,537,203468,548,247123,California
Solano,2021-06-26,560,440746,430,235191,93,193902,37,11653,220,43573,338,203806,256,247379,California
Solano,2021-06-27,440,441186,383,235574,55,193957,2,11655,157,43450,282,204088,159,247538,California
Solano,2021-06-28,969,442155,802,236376,132,194089,35,11690,393,43307,571,204659,428,247966,California
Solano,2021-06-29,850,443005,650,237026,147,194236,53,11743,378,43269,468,205127,430,248396,California
Solano,2021-06-30,815,443820,599,237625,171,194407,45,11788,370,43238,445,205572,414,248810,California
Solano,2021-07-01,666,444486,492,238117,111,194518,63,11851,251,43139,413,205985,314,249124,California
Solano,2021-07-02,738,445224,562,238679,142,194660,34,11885,295,43031,437,206422,329,249453,California
Solano,2021-07-03,313,445537,210,238889,88,194748,15,11900,156,43049,153,206575,171,249624,California
Solano,2021-07-04,32,445569,3,238892,16,194764,13,11913,12,43054,20,206595,25,249649,California
Solano,2021-07-05,353,445922,247,239139,91,194855,15,11928,178,43076,171,206766,193,249842,California
Solano,2021-07-06,732,446654,567,239706,150,195005,15,11943,248,42857,482,207248,263,250105,California
Sonoma,2020-12-15,4,4,4,4,0,0,0,0,4,4,0,0,4,4,California
Sonoma,2020-12-16,27,31,27,31,0,0,0,0,27,31,0,0,27,31,California
Sonoma,2020-12-17,111,142,111,142,0,0,0,0,111,142,0,0,111,142,California
Sonoma,2020-12-18,437,579,437,579,0,0,0,0,437,579,0,0,437,579,California
Sonoma,2020-12-19,111,690,110,689,1,1,0,0,111,690,0,0,111,690,California
Sonoma,2020-12-20,177,867,177,866,0,1,0,0,177,867,0,0,177,867,California
Sonoma,2020-12-21,908,1775,906,1772,2,3,0,0,907,1774,0,0,907,1774,California
Sonoma,2020-12-22,1356,3131,1265,3037,91,94,0,0,1356,3130,0,0,1356,3130,California
Sonoma,2020-12-23,1603,4734,1227,4264,376,470,0,0,1604,4734,0,0,1604,4734,California
Sonoma,2020-12-24,310,5044,103,4367,207,677,0,0,310,5044,0,0,310,5044,California
Sonoma,2020-12-25,9,5053,2,4369,7,684,0,0,9,5053,0,0,9,5053,California
Sonoma,2020-12-26,268,5321,257,4626,11,695,0,0,268,5321,0,0,268,5321,California
Sonoma,2020-12-27,94,5415,80,4706,14,709,0,0,94,5415,0,0,94,5415,California
Sonoma,2020-12-28,979,6394,545,5251,434,1143,0,0,952,6367,0,0,952,6367,California
Sonoma,2020-12-29,1135,7529,778,6029,357,1500,0,0,1101,7468,0,0,1101,7468,California
Sonoma,2020-12-30,1098,8627,482,6511,616,2116,0,0,1090,8558,0,0,1090,8558,California
Sonoma,2020-12-31,518,9145,69,6580,449,2565,0,0,518,9076,0,0,518,9076,California
Sonoma,2021-01-01,240,9385,113,6693,127,2692,0,0,240,9316,0,0,240,9316,California
Sonoma,2021-01-02,135,9520,128,6821,7,2699,0,0,135,9451,0,0,135,9451,California
Sonoma,2021-01-03,26,9546,10,6831,16,2715,0,0,26,9477,0,0,26,9477,California
Sonoma,2021-01-04,346,9892,108,6939,238,2953,0,0,345,9822,0,0,345,9822,California
Sonoma,2021-01-05,433,10325,99,7038,334,3287,0,0,407,10213,16,16,407,10229,California
Sonoma,2021-01-06,952,11277,431,7469,521,3808,0,0,837,10941,109,125,837,11066,California
Sonoma,2021-01-07,1042,12319,539,8008,503,4311,0,0,867,11634,174,299,867,11933,California
Sonoma,2021-01-08,1811,14130,1245,9253,566,4877,0,0,1328,12481,481,780,1328,13261,California
Sonoma,2021-01-09,640,14770,400,9653,240,5117,0,0,592,13025,48,828,592,13853,California
Sonoma,2021-01-10,471,15241,460,10113,11,5128,0,0,277,13108,194,1022,277,14130,California
Sonoma,2021-01-11,1387,16628,1239,11352,148,5276,0,0,416,12558,966,1988,416,14546,California
Sonoma,2021-01-12,1553,18181,1296,12648,257,5533,0,0,401,11809,1150,3138,401,14947,California
Sonoma,2021-01-13,2049,20230,1368,14016,681,6214,0,0,1181,12126,865,4003,1182,16129,California
Sonoma,2021-01-14,1544,21774,809,14825,735,6949,0,0,1314,13210,230,4233,1314,17443,California
Sonoma,2021-01-15,1566,23340,635,15460,931,7880,0,0,1342,14340,214,4447,1344,18787,California
Sonoma,2021-01-16,1145,24485,609,16069,536,8416,0,0,898,14995,243,4690,898,19685,California
Sonoma,2021-01-17,682,25167,560,16629,122,8538,0,0,602,15517,80,4770,602,20287,California
Sonoma,2021-01-18,1107,26274,937,17566,170,8708,0,0,617,15645,490,5260,618,20905,California
Sonoma,2021-01-19,2098,28372,1001,18567,1097,9805,0,0,1387,16324,709,5969,1388,22293,California
Sonoma,2021-01-20,2190,30562,711,19278,1479,11284,0,0,1515,17175,665,6634,1516,23809,California
Sonoma,2021-01-21,2321,32883,675,19953,1646,12930,0,0,2093,19043,226,6860,2094,25903,California
Sonoma,2021-01-22,2775,35658,1054,21007,1721,14651,0,0,2623,21515,151,7011,2623,28526,California
Sonoma,2021-01-23,768,36426,590,21597,178,14829,0,0,660,22068,107,7118,660,29186,California
Sonoma,2021-01-24,850,37276,712,22309,138,14967,0,0,831,22880,19,7137,831,30017,California
Sonoma,2021-01-25,2198,39474,535,22844,1663,16630,0,0,1706,24094,492,7629,1706,31723,California
Sonoma,2021-01-26,2064,41538,307,23151,1757,18387,0,0,1596,25223,467,8096,1596,33319,California
Sonoma,2021-01-27,3748,45286,1278,24429,2470,20857,0,0,3162,27804,583,8679,3164,36483,California
Sonoma,2021-01-28,4122,49408,1829,26258,2293,23150,0,0,3432,30551,687,9366,3434,39917,California
Sonoma,2021-01-29,3021,52429,1421,27679,1600,24750,0,0,2168,31870,851,10217,2170,42087,California
Sonoma,2021-01-30,2589,55018,2393,30072,196,24946,0,0,2241,33766,346,10563,2242,44329,California
Sonoma,2021-01-31,794,55812,678,30750,116,25062,0,0,562,34097,231,10794,562,44891,California
Sonoma,2021-02-01,2499,58311,857,31607,1642,26704,0,0,2105,35813,389,11183,2105,46996,California
Sonoma,2021-02-02,3618,61929,1400,33007,2218,28922,0,0,3030,38258,585,11768,3030,50026,California
Sonoma,2021-02-03,4076,66005,1328,34335,2748,31670,0,0,3124,40434,948,12716,3124,53150,California
Sonoma,2021-02-04,4251,70256,1746,36081,2505,34175,0,0,3441,43069,807,13523,3442,56592,California
Sonoma,2021-02-05,4859,75115,1756,37837,3103,37278,0,0,3788,45792,1066,14589,3789,60381,California
Sonoma,2021-02-06,2658,77773,2290,40127,368,37646,0,0,2116,47368,540,15129,2116,62497,California
Sonoma,2021-02-07,1557,79330,1419,41546,138,37784,0,0,1292,48395,265,15394,1292,63789,California
Sonoma,2021-02-08,3292,82622,1042,42588,2250,40034,0,0,2688,50481,602,15996,2688,66477,California
Sonoma,2021-02-09,3599,86221,1717,44305,1882,41916,0,0,3111,53107,486,16482,3112,69589,California
Sonoma,2021-02-10,4595,90816,2507,46812,2088,44004,0,0,3564,55649,1023,17505,3565,73154,California
Sonoma,2021-02-11,5633,96449,3037,49849,2596,46600,0,0,4349,58718,1280,18785,4349,77503,California
Sonoma,2021-02-12,5967,102416,3287,53136,2680,49280,0,0,4507,61776,1453,20238,4511,82014,California
Sonoma,2021-02-13,2000,104416,1156,54292,844,50124,0,0,1193,62165,804,21042,1193,83207,California
Sonoma,2021-02-14,2334,106750,1832,56124,502,50626,0,0,1576,62987,754,21796,1576,84783,California
Sonoma,2021-02-15,2142,108892,791,56915,1351,51977,0,0,1595,64035,547,22343,1595,86378,California
Sonoma,2021-02-16,5008,113900,2151,59066,2857,54834,0,0,3724,66481,1280,23623,3726,90104,California
Sonoma,2021-02-17,5648,119548,2931,61997,2717,57551,0,0,3554,67958,2079,25702,3556,93660,California
Sonoma,2021-02-18,7024,126572,3173,65170,3851,61402,0,0,4020,68995,2984,28686,4021,97681,California
Sonoma,2021-02-19,5675,132247,1734,66904,3941,65343,0,0,3504,70341,2161,30847,3507,101188,California
Sonoma,2021-02-20,3155,135402,2855,69759,300,65643,0,0,1227,69648,1920,32767,1227,102415,California
Sonoma,2021-02-21,560,135962,444,70203,116,65759,0,0,148,69390,406,33173,148,102563,California
Sonoma,2021-02-22,3030,138992,1424,71627,1606,67365,0,0,1242,68858,1774,34947,1242,103805,California
Sonoma,2021-02-23,3493,142485,2142,73769,1351,68716,0,0,1635,68644,1849,36796,1635,105440,California
Sonoma,2021-02-24,5810,148295,2596,76365,3214,71930,0,0,2953,68752,2846,39642,2954,108394,California
Sonoma,2021-02-25,6046,154341,2360,78725,3686,75616,0,0,3229,69194,2787,42429,3229,111623,California
Sonoma,2021-02-26,6640,160981,2924,81649,3716,79332,0,0,4207,70978,2423,44852,4207,115830,California
Sonoma,2021-02-27,4229,165210,1959,83608,2270,81602,0,0,2834,72423,1389,46241,2834,118664,California
Sonoma,2021-02-28,2501,167711,1849,85457,651,82253,1,1,743,71421,1746,47987,744,119408,California
Sonoma,2021-03-01,4143,171854,1323,86780,2819,85072,1,2,2162,71623,1962,49949,2164,121572,California
Sonoma,2021-03-02,4440,176294,1531,88311,2907,87979,2,4,2550,72296,1879,51828,2552,124124,California
Sonoma,2021-03-03,5090,181384,2643,90954,2447,90426,0,4,2327,71877,2746,54574,2327,126451,California
Sonoma,2021-03-04,5981,187365,2687,93641,3294,93720,0,4,2572,71056,3393,57967,2572,129023,California
Sonoma,2021-03-05,6503,193868,2868,96509,3620,97340,15,19,2726,70041,3757,61724,2742,131765,California
Sonoma,2021-03-06,2806,196674,1225,97734,1443,98783,138,157,1925,71231,871,62595,2061,133826,California
Sonoma,2021-03-07,1735,198409,1399,99133,299,99082,37,194,394,70322,1339,63934,430,134256,California
Sonoma,2021-03-08,4084,202493,663,99796,3247,102329,174,368,2382,71188,1688,65622,2554,136810,California
Sonoma,2021-03-09,5623,208116,3100,102896,2255,104584,268,636,2677,71189,2931,68553,2932,139742,California
Sonoma,2021-03-10,6054,214170,3212,106108,2492,107076,350,986,2426,70357,3605,72158,2773,142515,California
Sonoma,2021-03-11,7568,221738,3033,109141,3715,110791,820,1806,2534,68694,5012,77170,3349,145864,California
Sonoma,2021-03-12,7434,229172,2268,111409,3802,114593,1364,3170,2047,66744,5355,82525,3405,149269,California
Sonoma,2021-03-13,3462,232634,1715,113124,1507,116100,240,3410,2012,67545,1446,83971,2247,151516,California
Sonoma,2021-03-14,1395,234029,388,113512,865,116965,142,3552,849,67993,543,84514,991,152507,California
Sonoma,2021-03-15,5258,239287,1519,115031,3353,120318,386,3938,2172,67484,3065,87579,2556,155063,California
Sonoma,2021-03-16,6323,245610,2269,117300,3826,124144,228,4166,2884,67167,3427,91006,3110,158173,California
Sonoma,2021-03-17,6804,252414,3549,120849,3075,127219,180,4346,3261,67081,3525,94531,3439,161612,California
Sonoma,2021-03-18,7157,259571,2949,123798,3593,130812,615,4961,3103,66755,4038,98569,3712,165324,California
Sonoma,2021-03-19,7523,267094,3258,127056,4035,134847,230,5191,3038,65575,4452,103021,3272,168596,California
Sonoma,2021-03-20,3737,270831,1766,128822,1145,135992,826,6017,2016,66699,1711,104732,2835,171431,California
Sonoma,2021-03-21,1401,272232,614,129436,752,136744,35,6052,1209,67757,186,104918,1244,172675,California
Sonoma,2021-03-22,4584,276816,3119,132555,1366,138110,99,6151,3332,69943,1245,106163,3431,176106,California
Sonoma,2021-03-23,5873,282689,3639,136194,2161,140271,73,6224,4417,72991,1443,107606,4491,180597,California
Sonoma,2021-03-24,6843,289532,4287,140481,2481,142752,75,6299,4146,74535,2674,110280,4218,184815,California
Sonoma,2021-03-25,7142,296674,4201,144682,2829,145581,112,6411,4269,76073,2844,113124,4382,189197,California
Sonoma,2021-03-26,7482,304156,3473,148155,3912,149493,97,6508,3800,76315,3654,116778,3896,193093,California
Sonoma,2021-03-27,3864,308020,1515,149670,1986,151479,363,6871,990,74806,2859,119637,1350,194443,California
Sonoma,2021-03-28,1514,309534,950,150620,536,152015,28,6899,796,74915,714,120351,823,195266,California
Sonoma,2021-03-29,2993,312527,1111,151731,1849,153864,33,6932,1549,75063,1434,121785,1582,196848,California
Sonoma,2021-03-30,5930,318457,3233,154964,2634,156498,63,6995,3102,75410,2818,124603,3165,200013,California
Sonoma,2021-03-31,5752,324209,3417,158381,2119,158617,216,7211,3338,76567,2396,126999,3553,203566,California
Sonoma,2021-04-01,6966,331175,4072,162453,2548,161165,346,7557,3773,77512,3163,130162,4108,207674,California
Sonoma,2021-04-02,5978,337153,3582,166035,2285,163450,111,7668,3573,78804,2391,132553,3683,211357,California
Sonoma,2021-04-03,3742,340895,1826,167861,1689,165139,227,7895,1679,78659,2046,134599,1901,213258,California
Sonoma,2021-04-04,1070,341965,695,168556,284,165423,91,7986,648,78981,417,135016,739,213997,California
Sonoma,2021-04-05,4455,346420,665,169221,3443,168866,347,8333,1673,78227,2774,137790,2020,216017,California
Sonoma,2021-04-06,6936,353356,3512,172733,3012,171878,412,8745,4029,79774,2891,140681,4438,220455,California
Sonoma,2021-04-07,6867,360223,3881,176614,2138,174016,848,9593,3343,80452,3505,144186,4183,224638,California
Sonoma,2021-04-08,7681,367904,4156,180770,2748,176764,777,10370,4199,81953,3469,147655,4970,229608,California
Sonoma,2021-04-09,6865,374769,3831,184601,2142,178906,892,11262,3519,83026,3331,150986,4404,234012,California
Sonoma,2021-04-10,3926,378695,1710,186311,1655,180561,561,11823,1155,81977,2758,153744,1709,235721,California
Sonoma,2021-04-11,1294,379989,613,186924,600,181161,81,11904,442,81650,850,154594,523,236244,California
Sonoma,2021-04-12,4974,384963,2069,188993,2418,183579,487,12391,1848,80870,3108,157702,2328,238572,California
Sonoma,2021-04-13,7947,392910,4677,193670,3266,186845,4,12395,3046,79033,4886,162588,3049,241621,California
Sonoma,2021-04-14,6703,399613,3787,197457,2895,189740,21,12416,2567,77498,4121,166709,2586,244207,California
Sonoma,2021-04-15,7531,407144,4279,201736,3251,192991,1,12417,3636,77257,3878,170587,3637,247844,California
Sonoma,2021-04-16,6939,414083,3467,205203,3470,196461,2,12419,3913,78158,3015,173602,3916,251760,California
Sonoma,2021-04-17,3546,417629,1835,207038,1711,198172,0,12419,1689,78010,1838,175440,1690,253450,California
Sonoma,2021-04-18,1411,419040,1010,208048,401,198573,0,12419,540,77681,869,176309,540,253990,California
Sonoma,2021-04-19,3445,422485,1895,209943,1549,200122,1,12420,1528,77300,1910,178219,1529,255519,California
Sonoma,2021-04-20,6403,428888,3533,213476,2870,202992,0,12420,2379,75671,4010,182229,2381,257900,California
Sonoma,2021-04-21,6851,435739,4356,217832,2493,205485,2,12422,3134,75113,3693,185922,3135,261035,California
Sonoma,2021-04-22,6477,442216,4524,222356,1952,207437,1,12423,2608,73872,3849,189771,2608,263643,California
Sonoma,2021-04-23,7568,449784,4669,227025,2892,210329,7,12430,3677,73682,3875,193646,3685,267328,California
Sonoma,2021-04-24,2787,452571,1515,228540,1258,211587,14,12444,1546,74007,1235,194881,1560,268888,California
Sonoma,2021-04-25,1085,453656,789,229329,296,211883,0,12444,431,73787,651,195532,431,269319,California
Sonoma,2021-04-26,3001,456657,1437,230766,1536,213419,28,12472,1623,74069,1369,196901,1651,270970,California
Sonoma,2021-04-27,5533,462190,3735,234501,1674,215093,124,12596,2241,73152,3281,200182,2364,273334,California
Sonoma,2021-04-28,4932,467122,3231,237732,1501,216594,200,12796,2015,72466,2896,203078,2210,275544,California
Sonoma,2021-04-29,5114,472236,3600,241332,1370,217964,144,12940,1910,71332,3188,206266,2054,277598,California
Sonoma,2021-04-30,5566,477802,3631,244963,1640,219604,295,13235,1826,69730,3722,209988,2120,279718,California
Sonoma,2021-05-01,2529,480331,1790,246753,631,220235,108,13343,1195,69705,1323,211311,1298,281016,California
Sonoma,2021-05-02,874,481205,651,247404,172,220407,51,13394,555,69993,319,211630,607,281623,California
Sonoma,2021-05-03,3266,484471,1685,249089,1428,221835,153,13547,1066,69024,2185,213815,1216,282839,California
Sonoma,2021-05-04,4625,489096,2415,251504,2028,223863,182,13729,1452,67502,3150,216965,1628,284467,California
Sonoma,2021-05-05,3724,492820,2190,253694,1339,225202,195,13924,1314,66616,2393,219358,1507,285974,California
Sonoma,2021-05-06,4599,497419,2424,256118,2048,227250,127,14051,1301,64808,3233,222591,1425,287399,California
Sonoma,2021-05-07,3643,501062,2329,258447,1191,228441,123,14174,1083,63470,2544,225135,1206,288605,California
Sonoma,2021-05-08,1939,503001,1294,259741,553,228994,92,14266,680,62997,1245,226380,772,289377,California
Sonoma,2021-05-09,500,503501,284,260025,175,229169,41,14307,157,62857,338,226718,198,289575,California
Sonoma,2021-05-10,2367,505868,1043,261068,1191,230360,133,14440,294,61226,2055,228773,424,289999,California
Sonoma,2021-05-11,3602,509470,1941,263009,1539,231899,122,14562,871,59507,2712,231485,993,290992,California
Sonoma,2021-05-12,4074,513544,2498,265507,1424,233323,152,14714,847,57290,3215,234700,998,291990,California
Sonoma,2021-05-13,4969,518513,2845,268352,1994,235317,130,14844,1650,55762,3306,238006,1778,293768,California
Sonoma,2021-05-14,5849,524362,3606,271958,2106,237423,137,14981,2208,54484,3624,241630,2346,296114,California
Sonoma,2021-05-15,2992,527354,2201,274159,728,238151,63,15044,1873,55310,1110,242740,1936,298050,California
Sonoma,2021-05-16,1352,528706,1133,275292,160,238311,59,15103,996,56014,351,243091,1055,299105,California
Sonoma,2021-05-17,2445,531151,1816,277108,534,238845,95,15198,888,55443,1552,244643,981,300086,California
Sonoma,2021-05-18,4339,535490,2864,279972,1366,240211,109,15307,1463,54158,2856,247499,1571,301657,California
Sonoma,2021-05-19,3879,539369,2420,282392,1344,241555,115,15422,1484,53378,2379,249878,1599,303256,California
Sonoma,2021-05-20,3431,542800,2246,284638,1091,242646,94,15516,1333,52714,2085,251963,1421,304677,California
Sonoma,2021-05-21,4255,547055,2390,287028,1736,244382,129,15645,1499,51595,2732,254695,1613,306290,California
Sonoma,2021-05-22,2349,549404,1291,288319,1018,245400,40,15685,664,50629,1670,256365,704,306994,California
Sonoma,2021-05-23,1502,550906,1222,289541,262,245662,18,15703,774,50698,723,257088,792,307786,California
Sonoma,2021-05-24,2020,552926,1259,290800,627,246289,134,15837,661,50164,1329,258417,795,308581,California
Sonoma,2021-05-25,2944,555870,1800,292600,1057,247346,87,15924,738,48795,2192,260609,823,309404,California
Sonoma,2021-05-26,2491,558361,1737,294337,643,247989,111,16035,1002,48431,1474,262083,1110,310514,California
Sonoma,2021-05-27,2073,560434,1136,295473,840,248829,97,16132,682,47826,1381,263464,776,311290,California
Sonoma,2021-05-28,2189,562623,1127,296600,969,249798,93,16225,621,46983,1557,265021,714,312004,California
Sonoma,2021-05-29,1351,563974,922,297522,361,250159,68,16293,637,46984,704,265725,705,312709,California
Sonoma,2021-05-30,347,564321,213,297735,123,250282,11,16304,138,46930,202,265927,148,312857,California
Sonoma,2021-05-31,70,564391,26,297761,43,250325,1,16305,17,46895,53,265980,18,312875,California
Sonoma,2021-06-01,1943,566334,1113,298874,754,251079,76,16381,693,46423,1237,267217,765,313640,California
Sonoma,2021-06-02,1590,567924,975,299849,499,251578,116,16497,660,46272,925,268142,774,314414,California
Sonoma,2021-06-03,2009,569933,1385,301234,545,252123,79,16576,436,45222,1564,269706,514,314928,California
Sonoma,2021-06-04,2708,572641,2205,303439,395,252518,108,16684,511,43653,2186,271892,617,315545,California
Sonoma,2021-06-05,1817,574458,1493,304932,293,252811,31,16715,272,42416,1540,273432,303,315848,California
Sonoma,2021-06-06,1015,575473,938,305870,68,252879,9,16724,142,41697,870,274302,151,315999,California
Sonoma,2021-06-07,1487,576960,1245,307115,187,253066,55,16779,331,40932,1148,275450,383,316382,California
Sonoma,2021-06-08,1901,578861,1526,308641,327,253393,48,16827,530,40149,1359,276809,576,316958,California
Sonoma,2021-06-09,1654,580515,1365,310006,227,253620,62,16889,389,39349,1251,278060,451,317409,California
Sonoma,2021-06-10,1835,582350,1507,311513,224,253844,104,16993,553,38736,1268,279328,655,318064,California
Sonoma,2021-06-11,2000,584350,1630,313143,278,254122,92,17085,546,37927,1447,280775,638,318702,California
Sonoma,2021-06-12,1125,585475,888,314031,191,254313,46,17131,345,37547,772,281547,392,319094,California
Sonoma,2021-06-13,555,586030,466,314497,70,254383,19,17150,104,37219,450,281997,122,319216,California
Sonoma,2021-06-14,948,586978,675,315172,214,254597,59,17209,338,37015,601,282598,397,319613,California
Sonoma,2021-06-15,1848,588826,1381,316553,359,254956,108,17317,602,36489,1235,283833,709,320322,California
Sonoma,2021-06-16,1576,590402,1214,317767,261,255217,101,17418,498,36015,1071,284904,597,320919,California
Sonoma,2021-06-17,1040,591442,788,318555,172,255389,80,17498,409,35877,626,285530,488,321407,California
Sonoma,2021-06-18,1077,592519,772,319327,203,255592,102,17600,451,35811,616,286146,550,321957,California
Sonoma,2021-06-19,835,593354,690,320017,106,255698,39,17639,274,35565,558,286704,312,322269,California
Sonoma,2021-06-20,241,593595,199,320216,36,255734,6,17645,82,35497,156,286860,88,322357,California
Sonoma,2021-06-21,539,594134,307,320523,155,255889,77,17722,254,35555,272,287132,330,322687,California
Sonoma,2021-06-22,1249,595383,986,321509,171,256060,92,17814,583,35566,661,287793,672,323359,California
Sonoma,2021-06-23,1220,596603,941,322450,195,256255,84,17898,475,35387,738,288531,559,323918,California
Sonoma,2021-06-24,951,597554,634,323084,217,256472,100,17998,419,35382,523,289054,518,324436,California
Sonoma,2021-06-25,1191,598745,915,323999,196,256668,80,18078,517,35324,653,289707,595,325031,California
Sonoma,2021-06-26,688,599433,492,324491,115,256783,81,18159,331,35380,355,290062,411,325442,California
Sonoma,2021-06-27,193,599626,158,324649,24,256807,11,18170,101,35401,91,290153,112,325554,California
Sonoma,2021-06-28,708,600334,569,325218,82,256889,57,18227,309,35368,398,290551,365,325919,California
Sonoma,2021-06-29,944,601278,730,325948,164,257053,50,18277,402,35281,539,291090,452,326371,California
Sonoma,2021-06-30,885,602163,687,326635,157,257210,41,18318,384,35210,495,291585,424,326795,California
Sonoma,2021-07-01,960,603123,755,327390,135,257345,70,18388,420,35162,536,292121,488,327283,California
Sonoma,2021-07-02,759,603882,541,327931,169,257514,49,18437,358,35172,397,292518,407,327690,California
Sonoma,2021-07-03,557,604439,458,328389,75,257589,24,18461,226,35094,328,292846,250,327940,California
Sonoma,2021-07-04,23,604462,13,328402,9,257598,1,18462,15,35102,8,292854,16,327956,California
Sonoma,2021-07-05,325,604787,243,328645,59,257657,23,18485,149,35098,175,293029,171,328127,California
Sonoma,2021-07-06,975,605762,805,329450,104,257761,66,18551,356,34906,613,293642,421,328548,California
Stanislaus,2020-12-15,5,5,5,5,0,0,0,0,5,5,0,0,5,5,California
Stanislaus,2020-12-16,39,44,39,44,0,0,0,0,39,44,0,0,39,44,California
Stanislaus,2020-12-17,74,118,74,118,0,0,0,0,74,118,0,0,74,118,California
Stanislaus,2020-12-18,342,460,336,454,6,6,0,0,342,460,0,0,342,460,California
Stanislaus,2020-12-19,133,593,133,587,0,6,0,0,133,593,0,0,133,593,California
Stanislaus,2020-12-20,87,680,87,674,0,6,0,0,87,680,0,0,87,680,California
Stanislaus,2020-12-21,998,1678,997,1671,1,7,0,0,997,1677,1,1,998,1678,California
Stanislaus,2020-12-22,796,2474,784,2455,12,19,0,0,796,2473,0,1,796,2474,California
Stanislaus,2020-12-23,450,2924,431,2886,19,38,0,0,449,2922,1,2,450,2924,California
Stanislaus,2020-12-24,98,3022,89,2975,9,47,0,0,98,3020,0,2,98,3022,California
Stanislaus,2020-12-26,53,3075,9,2984,44,91,0,0,53,3073,0,2,53,3075,California
Stanislaus,2020-12-27,11,3086,6,2990,5,96,0,0,11,3084,0,2,11,3086,California
Stanislaus,2020-12-28,490,3576,396,3386,94,190,0,0,490,3574,0,2,490,3576,California
Stanislaus,2020-12-29,500,4076,415,3801,85,275,0,0,500,4074,0,2,500,4076,California
Stanislaus,2020-12-30,538,4614,281,4082,257,532,0,0,537,4610,1,3,537,4613,California
Stanislaus,2020-12-31,283,4897,159,4241,124,656,0,0,283,4893,0,3,283,4896,California
Stanislaus,2021-01-01,18,4915,7,4248,11,667,0,0,18,4911,0,3,18,4914,California
Stanislaus,2021-01-02,34,4949,26,4274,8,675,0,0,34,4945,0,3,34,4948,California
Stanislaus,2021-01-03,90,5039,87,4361,3,678,0,0,90,5035,0,3,90,5038,California
Stanislaus,2021-01-04,233,5272,153,4514,80,758,0,0,233,5268,0,3,233,5271,California
Stanislaus,2021-01-05,854,6126,358,4872,496,1254,0,0,827,6078,26,29,836,6107,California
Stanislaus,2021-01-06,1013,7139,607,5479,406,1660,0,0,936,6946,74,103,942,7049,California
Stanislaus,2021-01-07,1086,8225,706,6185,380,2040,0,0,891,7651,190,293,895,7944,California
Stanislaus,2021-01-08,1299,9524,736,6921,563,2603,0,0,950,8263,346,639,958,8902,California
Stanislaus,2021-01-09,290,9814,144,7065,146,2749,0,0,201,8375,89,728,201,9103,California
Stanislaus,2021-01-10,49,9863,22,7087,27,2776,0,0,29,8384,20,748,29,9132,California
Stanislaus,2021-01-11,1512,11375,1227,8314,285,3061,0,0,574,8046,931,1679,593,9725,California
Stanislaus,2021-01-12,1486,12861,870,9184,616,3677,0,0,835,8252,647,2326,853,10578,California
Stanislaus,2021-01-13,1457,14318,691,9875,766,4443,0,0,1126,9064,330,2656,1142,11720,California
Stanislaus,2021-01-14,2271,16589,289,10164,1982,6425,0,0,2072,11032,196,2852,2164,13884,California
Stanislaus,2021-01-15,2861,19450,1175,11339,1686,8111,0,0,2687,13646,169,3021,2783,16667,California
Stanislaus,2021-01-16,473,19923,50,11389,423,8534,0,0,454,14084,18,3039,456,17123,California
Stanislaus,2021-01-17,244,20167,202,11591,42,8576,0,0,237,14315,6,3045,237,17360,California
Stanislaus,2021-01-18,2215,22382,1032,12623,1183,9759,0,0,1812,15814,398,3443,1897,19257,California
Stanislaus,2021-01-19,1271,23653,727,13350,544,10303,0,0,821,16190,446,3889,822,20079,California
Stanislaus,2021-01-20,1033,24686,493,13843,540,10843,0,0,738,16635,293,4182,738,20817,California
Stanislaus,2021-01-21,3738,28424,3001,16844,737,11580,0,0,3377,19788,357,4539,3510,24327,California
Stanislaus,2021-01-22,1117,29541,313,17157,804,12384,0,0,1070,20818,43,4582,1073,25400,California
Stanislaus,2021-01-23,379,29920,43,17200,336,12720,0,0,320,21081,58,4640,321,25721,California
Stanislaus,2021-01-24,315,30235,99,17299,216,12936,0,0,248,21265,67,4707,251,25972,California
Stanislaus,2021-01-25,3202,33437,233,17532,2969,15905,0,0,2845,23963,321,5028,3019,28991,California
Stanislaus,2021-01-26,1754,35191,751,18283,1003,16908,0,0,1304,24846,441,5469,1324,30315,California
Stanislaus,2021-01-27,1938,37129,1070,19353,868,17776,0,0,1218,25397,669,6138,1220,31535,California
Stanislaus,2021-01-28,2241,39370,1531,20884,710,18486,0,0,1733,26705,498,6636,1806,33341,California
Stanislaus,2021-01-29,2490,41860,1218,22102,1272,19758,0,0,1932,28193,503,7139,1991,35332,California
Stanislaus,2021-01-30,298,42158,132,22234,166,19924,0,0,230,28367,56,7195,230,35562,California
Stanislaus,2021-01-31,374,42532,319,22553,55,19979,0,0,357,28710,14,7209,357,35919,California
Stanislaus,2021-02-01,1345,43877,584,23137,761,20740,0,0,978,29336,353,7562,979,36898,California
Stanislaus,2021-02-02,1265,45142,349,23486,916,21656,0,0,822,29731,431,7993,826,37724,California
Stanislaus,2021-02-03,2681,47823,1235,24721,1446,23102,0,0,1974,31019,702,8695,1990,39714,California
Stanislaus,2021-02-04,2139,49962,719,25440,1420,24522,0,0,1612,32127,514,9209,1622,41336,California
Stanislaus,2021-02-05,2893,52855,1485,26925,1408,25930,0,0,1613,32548,1209,10418,1630,42966,California
Stanislaus,2021-02-06,892,53747,302,27227,590,26520,0,0,698,33057,191,10609,700,43666,California
Stanislaus,2021-02-07,234,53981,208,27435,26,26546,0,0,45,32918,185,10794,46,43712,California
Stanislaus,2021-02-08,2089,56070,1356,28791,733,27279,0,0,1132,33166,913,11707,1161,44873,California
Stanislaus,2021-02-09,1875,57945,793,29584,1082,28361,0,0,1067,33466,779,12486,1079,45952,California
Stanislaus,2021-02-10,1985,59930,548,30132,1437,29798,0,0,1048,33607,909,13395,1050,47002,California
Stanislaus,2021-02-11,5463,65393,3293,33425,2170,31968,0,0,1240,30903,3951,17346,1247,48249,California
Stanislaus,2021-02-12,3346,68739,928,34353,2418,34386,0,0,1471,30604,1783,19129,1484,49733,California
Stanislaus,2021-02-13,1386,70125,679,35032,707,35093,0,0,1009,31249,369,19498,1014,50747,California
Stanislaus,2021-02-14,426,70551,171,35203,255,35348,0,0,353,31532,70,19568,353,51100,California
Stanislaus,2021-02-15,1843,72394,237,35440,1606,36954,0,0,588,30991,1134,20702,593,51693,California
Stanislaus,2021-02-16,1380,73774,428,35868,952,37906,0,0,581,30789,785,21487,583,52276,California
Stanislaus,2021-02-17,2798,76572,1719,37587,1079,38985,0,0,1923,31864,866,22353,1941,54217,California
Stanislaus,2021-02-18,3417,79989,1931,39518,1486,40471,0,0,1778,32156,1538,23891,1830,56047,California
Stanislaus,2021-02-19,2831,82820,1114,40632,1717,42188,0,0,1535,32473,1241,25132,1558,57605,California
Stanislaus,2021-02-20,766,83586,387,41019,379,42567,0,0,471,32671,274,25406,472,58077,California
Stanislaus,2021-02-21,916,84502,699,41718,217,42784,0,0,535,32864,355,25761,548,58625,California
Stanislaus,2021-02-22,2392,86894,1717,43435,675,43459,0,0,1634,33762,737,26498,1635,60260,California
Stanislaus,2021-02-23,3766,90660,681,44116,3085,46544,0,0,1724,33645,1852,28350,1735,61995,California
Stanislaus,2021-02-24,4246,94906,2892,47008,1354,47898,0,0,3126,35683,1094,29444,3132,65127,California
Stanislaus,2021-02-25,3996,98902,2748,49756,1248,49146,0,0,3168,38049,806,30250,3172,68299,California
Stanislaus,2021-02-26,4256,103158,1227,50983,3029,52175,0,0,2841,39549,1353,31603,2853,71152,California
Stanislaus,2021-02-27,2105,105263,715,51698,1389,53564,1,1,1868,41213,206,31809,1870,73022,California
Stanislaus,2021-02-28,837,106100,269,51967,568,54132,0,1,779,41947,46,31855,780,73802,California
Stanislaus,2021-03-01,3143,109243,1670,53637,1468,55600,5,6,1663,42198,1428,33283,1679,75481,California
Stanislaus,2021-03-02,2427,111670,1450,55087,976,56576,1,7,1671,43134,738,34021,1674,77155,California
Stanislaus,2021-03-03,3760,115430,2268,57355,1488,58064,4,11,2926,45251,813,34834,2930,80085,California
Stanislaus,2021-03-04,5492,120922,3141,60496,2334,60398,17,28,4216,48245,1234,36068,4228,84313,California
Stanislaus,2021-03-05,4137,125059,1148,61644,2973,63371,16,44,3121,50398,983,37051,3136,87449,California
Stanislaus,2021-03-06,3611,128670,2247,63891,1271,64642,93,137,2749,52386,856,37907,2844,90293,California
Stanislaus,2021-03-07,859,129529,391,64282,431,65073,37,174,667,52904,186,38093,704,90997,California
Stanislaus,2021-03-08,2034,131563,887,65169,1058,66131,89,263,1348,53676,665,38758,1437,92434,California
Stanislaus,2021-03-09,2699,134262,1022,66191,1585,67716,92,355,1646,54379,1039,39797,1742,94176,California
Stanislaus,2021-03-10,5577,139839,2725,68916,2623,70339,229,584,3765,56598,1785,41582,4004,98180,California
Stanislaus,2021-03-11,6203,146042,3381,72297,2341,72680,481,1065,4148,59364,1867,43449,4633,102813,California
Stanislaus,2021-03-12,6329,152371,1380,73677,3019,75699,1930,2995,2942,60880,3351,46800,4867,107680,California
Stanislaus,2021-03-13,3750,156121,2343,76020,1336,77035,71,3066,2836,62887,906,47706,2913,110593,California
Stanislaus,2021-03-14,1003,157124,596,76616,352,77387,55,3121,496,62937,502,48208,552,111145,California
Stanislaus,2021-03-15,3825,160949,1994,78610,1469,78856,362,3483,1654,62887,2071,50279,2021,113166,California
Stanislaus,2021-03-16,5122,166071,2515,81125,2168,81024,439,3922,3675,65577,1421,51700,4111,117277,California
Stanislaus,2021-03-17,4953,171024,2946,84071,1828,82852,179,4101,2985,66816,1929,53629,3168,120445,California
Stanislaus,2021-03-18,5586,176610,3463,87534,2053,84905,70,4171,3053,67565,2377,56006,3126,123571,California
Stanislaus,2021-03-19,6045,182655,1589,89123,2931,87836,1525,5696,3201,69482,2802,58808,4719,128290,California
Stanislaus,2021-03-20,3880,186535,3042,92165,770,88606,68,5764,3384,72462,474,59282,3454,131744,California
Stanislaus,2021-03-21,1022,187557,911,93076,45,88651,66,5830,772,73057,243,59525,838,132582,California
Stanislaus,2021-03-22,3031,190588,1399,94475,905,89556,727,6557,1421,73630,1576,61101,2149,134731,California
Stanislaus,2021-03-23,4150,194738,2121,96596,1769,91325,260,6817,2981,75742,1148,62249,3260,137991,California
Stanislaus,2021-03-24,4727,199465,3294,99890,1354,92679,79,6896,2765,76680,1910,64159,2848,140839,California
Stanislaus,2021-03-25,4431,203896,3010,102900,1405,94084,16,6912,1962,76272,2388,66547,1980,142819,California
Stanislaus,2021-03-26,4951,208847,1421,104321,3456,97540,74,6986,2528,76501,2383,68930,2612,145431,California
Stanislaus,2021-03-27,4454,213301,2778,107099,1592,99132,84,7070,1405,74965,3030,71960,1494,146925,California
Stanislaus,2021-03-28,1122,214423,448,107547,566,99698,108,7178,323,74618,785,72745,438,147363,California
Stanislaus,2021-03-29,3189,217612,1851,109398,1298,100996,40,7218,2165,75817,1012,73757,2211,149574,California
Stanislaus,2021-03-30,3865,221477,2084,111482,1755,102751,26,7244,2391,76777,1463,75220,2423,151997,California
Stanislaus,2021-03-31,5637,227114,3885,115367,1622,104373,130,7374,2933,77164,2680,77900,3067,155064,California
Stanislaus,2021-04-01,5954,233068,3875,119242,1962,106335,117,7491,2751,76868,3172,81072,2876,157940,California
Stanislaus,2021-04-02,5210,238278,1238,120480,3803,110138,169,7660,2377,76689,2733,83805,2554,160494,California
Stanislaus,2021-04-03,4708,242986,3451,123931,1219,111357,38,7698,2257,76555,2438,86243,2304,162798,California
Stanislaus,2021-04-04,1330,244316,478,124409,822,112179,30,7728,650,76569,671,86914,685,163483,California
Stanislaus,2021-04-05,3779,248095,2568,126977,951,113130,260,7988,2450,77965,1318,88232,2714,166197,California
Stanislaus,2021-04-06,5966,254061,4244,131221,1437,114567,285,8273,3220,78744,2729,90961,3508,169705,California
Stanislaus,2021-04-07,6548,260609,3681,134902,2428,116995,439,8712,2903,78472,3622,94583,3350,173055,California
Stanislaus,2021-04-08,5893,266502,3429,138331,2017,119012,447,9159,2904,78870,2955,97538,3353,176408,California
Stanislaus,2021-04-09,5007,271509,2183,140514,2442,121454,382,9541,2286,78851,2690,100228,2671,179079,California
Stanislaus,2021-04-10,6517,278026,4001,144515,876,122330,1640,11181,1996,77987,4494,104722,3630,182709,California
Stanislaus,2021-04-11,1533,279559,858,145373,542,122872,133,11314,665,77921,865,105587,799,183508,California
Stanislaus,2021-04-12,3797,283356,2126,147499,1222,124094,449,11763,1955,78525,1810,107397,2414,185922,California
Stanislaus,2021-04-13,5417,288773,3509,151008,1894,125988,14,11777,2970,79105,2398,109795,2978,188900,California
Stanislaus,2021-04-14,4831,293604,3340,154348,1489,127477,2,11779,2350,79020,2441,112236,2356,191256,California
Stanislaus,2021-04-15,5584,299188,3389,157737,2192,129669,3,11782,3252,79998,2277,114513,3255,194511,California
Stanislaus,2021-04-16,4505,303693,1065,158802,3439,133108,1,11783,1867,79284,2584,117097,1870,196381,California
Stanislaus,2021-04-17,3176,306869,2137,160939,1039,134147,0,11783,1840,79804,1322,118419,1842,198223,California
Stanislaus,2021-04-18,616,307485,297,161236,317,134464,2,11785,433,80064,176,118595,436,198659,California
Stanislaus,2021-04-19,3645,311130,2466,163702,1177,135641,2,11787,1659,79789,1942,120537,1667,200326,California
Stanislaus,2021-04-20,4178,315308,2494,166196,1684,137325,0,11787,1772,79198,2365,122902,1774,202100,California
Stanislaus,2021-04-21,4062,319370,2686,168882,1375,138700,1,11788,1635,78466,2374,125276,1642,203742,California
Stanislaus,2021-04-22,4142,323512,2455,171337,1686,140386,1,11789,1638,77656,2453,127729,1643,205385,California
Stanislaus,2021-04-23,3841,327353,912,172249,2928,143314,1,11790,1567,77058,2172,129901,1574,206959,California
Stanislaus,2021-04-24,3891,331244,2967,175216,924,144238,0,11790,1855,76901,2017,131918,1860,208819,California
Stanislaus,2021-04-25,944,332188,485,175701,459,144697,0,11790,690,77348,247,132165,694,209513,California
Stanislaus,2021-04-26,3669,335857,2443,178144,1220,145917,6,11796,1152,76021,2490,134655,1163,210676,California
Stanislaus,2021-04-27,4307,340164,2889,181033,1370,147287,48,11844,1251,74302,3022,137677,1303,211979,California
Stanislaus,2021-04-28,4604,344768,3160,184193,1382,148669,62,11906,1951,73694,2629,140306,2021,214000,California
Stanislaus,2021-04-29,3981,348749,2442,186635,1491,150160,48,11954,1562,72919,2394,142700,1619,215619,California
Stanislaus,2021-04-30,4828,353577,2153,188788,2591,152751,84,12038,1902,72012,2901,145601,1994,217613,California
Stanislaus,2021-05-01,2735,356312,1936,190724,758,153509,41,12079,1027,71390,1698,147299,1076,218689,California
Stanislaus,2021-05-02,1089,357401,625,191349,425,153934,39,12118,523,71398,560,147859,568,219257,California
Stanislaus,2021-05-03,2575,359976,1998,193347,506,154440,71,12189,978,70870,1581,149440,1053,220310,California
Stanislaus,2021-05-04,3760,363736,2569,195916,1095,155535,96,12285,1174,69575,2571,152011,1276,221586,California
Stanislaus,2021-05-05,3443,367179,2264,198180,1103,156638,76,12361,1198,68628,2224,154235,1277,222863,California
Stanislaus,2021-05-06,3776,370955,2861,201041,791,157429,124,12485,1158,67324,2592,156827,1288,224151,California
Stanislaus,2021-05-07,2592,373547,1039,202080,1391,158820,162,12647,1106,67119,1475,158302,1270,225421,California
Stanislaus,2021-05-08,2019,375566,1405,203485,581,159401,33,12680,750,66658,1251,159553,790,226211,California
Stanislaus,2021-05-09,720,376286,345,203830,349,159750,26,12706,304,66575,414,159967,331,226542,California
Stanislaus,2021-05-10,1814,378100,1151,204981,564,160314,99,12805,490,65854,1312,161279,591,227133,California
Stanislaus,2021-05-11,2532,380632,1578,206559,794,161108,160,12965,752,65002,1769,163048,917,228050,California
Stanislaus,2021-05-12,2407,383039,1369,207928,929,162037,109,13074,934,64589,1458,164506,1045,229095,California
Stanislaus,2021-05-13,2183,385222,1289,209217,774,162811,120,13194,1037,64611,1137,165643,1159,230254,California
Stanislaus,2021-05-14,2788,388010,1259,210476,1391,164202,138,13332,1305,64594,1462,167105,1445,231699,California
Stanislaus,2021-05-15,2494,390504,1777,212253,667,164869,50,13382,1208,64585,1276,168381,1267,232966,California
Stanislaus,2021-05-16,1105,391609,747,213000,350,165219,8,13390,590,64675,512,168893,602,233568,California
Stanislaus,2021-05-17,2062,393671,1392,214392,588,165807,82,13472,996,64700,1060,169953,1085,234653,California
Stanislaus,2021-05-18,2326,395997,1609,216001,602,166409,115,13587,1206,64912,1108,171061,1320,235973,California
Stanislaus,2021-05-19,3162,399159,2171,218172,836,167245,155,13742,1383,64688,1766,172827,1542,237515,California
Stanislaus,2021-05-20,2243,401402,1217,219389,922,168167,104,13846,893,64351,1339,174166,1002,238517,California
Stanislaus,2021-05-21,2500,403902,1222,220611,1180,169347,98,13944,997,63963,1486,175652,1098,239615,California
Stanislaus,2021-05-22,2013,405915,1215,221826,727,170074,71,14015,874,63779,1130,176782,946,240561,California
Stanislaus,2021-05-23,1080,406995,708,222534,356,170430,16,14031,513,63746,562,177344,529,241090,California
Stanislaus,2021-05-24,1832,408827,1273,223807,480,170910,79,14110,727,63456,1102,178446,812,241902,California
Stanislaus,2021-05-25,1813,410640,1238,225045,475,171385,100,14210,861,63474,948,179394,966,242868,California
Stanislaus,2021-05-26,2035,412675,1267,226312,715,172100,53,14263,951,63402,1076,180470,1004,243872,California
Stanislaus,2021-05-27,1783,414458,980,227292,724,172824,79,14342,617,62943,1156,181626,697,244569,California
Stanislaus,2021-05-28,2189,416647,1032,228324,1070,173894,87,14429,944,62735,1239,182865,1031,245600,California
Stanislaus,2021-05-29,1318,417965,849,229173,428,174322,41,14470,590,62644,724,183589,633,246233,California
Stanislaus,2021-05-30,455,418420,273,229446,148,174470,34,14504,209,62645,242,183831,243,246476,California
Stanislaus,2021-05-31,259,418679,122,229568,130,174600,7,14511,97,62587,162,183993,104,246580,California
Stanislaus,2021-06-01,1688,420367,1053,230621,579,175179,56,14567,633,62231,1048,185041,692,247272,California
Stanislaus,2021-06-02,1811,422178,1150,231771,590,175769,71,14638,745,61997,1053,186094,819,248091,California
Stanislaus,2021-06-03,1396,423574,828,232599,520,176289,48,14686,514,61691,870,186964,564,248655,California
Stanislaus,2021-06-04,1916,425490,1150,233749,697,176986,69,14755,722,61300,1186,188150,795,249450,California
Stanislaus,2021-06-05,1572,427062,1221,234970,308,177294,43,14798,516,60809,1050,189200,559,250009,California
Stanislaus,2021-06-06,511,427573,419,235389,83,177377,9,14807,187,60683,323,189523,197,250206,California
Stanislaus,2021-06-07,1612,429185,1234,236623,333,177710,45,14852,605,60333,999,190522,649,250855,California
Stanislaus,2021-06-08,1918,431103,1443,238066,397,178107,78,14930,676,59855,1232,191754,754,251609,California
Stanislaus,2021-06-09,1861,432964,1315,239381,464,178571,82,15012,635,59351,1222,192976,718,252327,California
Stanislaus,2021-06-10,1481,434445,941,240322,476,179047,64,15076,606,59156,867,193843,672,252999,California
Stanislaus,2021-06-11,1499,435944,907,241229,542,179589,50,15126,552,58827,933,194776,604,253603,California
Stanislaus,2021-06-12,1030,436974,752,241981,253,179842,25,15151,380,58591,644,195420,408,254011,California
Stanislaus,2021-06-13,541,437515,400,242381,135,179977,6,15157,171,58403,367,195787,179,254190,California
Stanislaus,2021-06-14,1357,438872,966,243347,369,180346,22,15179,493,58063,856,196643,516,254706,California
Stanislaus,2021-06-15,1582,440454,1142,244489,396,180742,44,15223,531,57594,1046,197689,577,255283,California
Stanislaus,2021-06-16,1936,442390,1392,245881,480,181222,64,15287,774,57274,1158,198847,838,256121,California
Stanislaus,2021-06-17,1151,443541,731,246612,377,181599,43,15330,539,57253,607,199454,586,256707,California
Stanislaus,2021-06-18,1308,444849,797,247409,428,182027,83,15413,520,57075,783,200237,605,257312,California
Stanislaus,2021-06-19,856,445705,628,248037,184,182211,44,15457,372,57012,480,200717,417,257729,California
Stanislaus,2021-06-20,305,446010,213,248250,86,182297,6,15463,138,56990,166,200883,144,257873,California
Stanislaus,2021-06-21,967,446977,561,248811,279,182576,127,15590,501,57159,461,201344,630,258503,California
Stanislaus,2021-06-22,1211,448188,881,249692,261,182837,69,15659,495,57018,707,202051,566,259069,California
Stanislaus,2021-06-23,1230,449418,814,250506,354,183191,62,15721,522,56895,706,202757,583,259652,California
Stanislaus,2021-06-24,944,450362,631,251137,266,183457,47,15768,479,56961,463,203220,529,260181,California
Stanislaus,2021-06-25,1107,451469,716,251853,329,183786,62,15830,469,56857,633,203853,529,260710,California
Stanislaus,2021-06-26,606,452075,460,252313,122,183908,24,15854,279,56835,326,204179,304,261014,California
Stanislaus,2021-06-27,393,452468,298,252611,85,183993,10,15864,201,56855,191,204370,211,261225,California
Stanislaus,2021-06-28,949,453417,747,253358,161,184154,41,15905,417,56783,530,204900,458,261683,California
Stanislaus,2021-06-29,870,454287,682,254040,150,184304,38,15943,354,56664,511,205411,392,262075,California
Stanislaus,2021-06-30,932,455219,637,254677,264,184568,31,15974,428,56627,498,205909,461,262536,California
Stanislaus,2021-07-01,894,456113,558,255235,301,184869,35,16009,406,56589,479,206388,441,262977,California
Stanislaus,2021-07-02,727,456840,417,255652,283,185152,27,16036,364,56623,356,206744,390,263367,California
Stanislaus,2021-07-03,390,457230,291,255943,89,185241,10,16046,203,56650,187,206931,214,263581,California
Stanislaus,2021-07-04,61,457291,29,255972,26,185267,6,16052,19,56634,41,206972,25,263606,California
Stanislaus,2021-07-05,539,457830,399,256371,137,185404,3,16055,260,56619,278,207250,263,263869,California
Stanislaus,2021-07-06,579,458409,388,256759,160,185564,31,16086,262,56598,314,207564,293,264162,California
Sutter,2020-12-15,1,1,1,1,0,0,0,0,1,1,0,0,1,1,California
Sutter,2020-12-16,4,5,4,5,0,0,0,0,4,5,0,0,4,5,California
Sutter,2020-12-17,3,8,3,8,0,0,0,0,3,8,0,0,3,8,California
Sutter,2020-12-18,21,29,21,29,0,0,0,0,21,29,0,0,21,29,California
Sutter,2020-12-19,45,74,45,74,0,0,0,0,45,74,0,0,45,74,California
Sutter,2020-12-20,43,117,43,117,0,0,0,0,43,117,0,0,43,117,California
Sutter,2020-12-21,99,216,99,216,0,0,0,0,99,216,0,0,99,216,California
Sutter,2020-12-22,172,388,172,388,0,0,0,0,172,388,0,0,172,388,California
Sutter,2020-12-23,115,503,110,498,5,5,0,0,115,503,0,0,115,503,California
Sutter,2020-12-24,17,520,11,509,6,11,0,0,17,520,0,0,17,520,California
Sutter,2020-12-26,38,558,34,543,4,15,0,0,38,558,0,0,38,558,California
Sutter,2020-12-27,24,582,23,566,1,16,0,0,24,582,0,0,24,582,California
Sutter,2020-12-28,84,666,56,622,28,44,0,0,84,666,0,0,84,666,California
Sutter,2020-12-29,101,767,14,636,87,131,0,0,101,767,0,0,101,767,California
Sutter,2020-12-30,136,903,33,669,103,234,0,0,136,903,0,0,136,903,California
Sutter,2020-12-31,70,973,6,675,64,298,0,0,70,973,0,0,70,973,California
Sutter,2021-01-01,3,976,3,678,0,298,0,0,3,976,0,0,3,976,California
Sutter,2021-01-02,130,1106,128,806,2,300,0,0,130,1106,0,0,130,1106,California
Sutter,2021-01-03,1,1107,0,806,1,301,0,0,1,1107,0,0,1,1107,California
Sutter,2021-01-04,246,1353,137,943,109,410,0,0,246,1353,0,0,246,1353,California
Sutter,2021-01-05,99,1452,56,999,43,453,0,0,96,1446,3,3,96,1449,California
Sutter,2021-01-06,205,1657,50,1049,155,608,0,0,200,1641,5,8,200,1649,California
Sutter,2021-01-07,251,1908,153,1202,98,706,0,0,241,1873,9,17,241,1890,California
Sutter,2021-01-08,150,2058,40,1242,110,816,0,0,133,1989,17,34,133,2023,California
Sutter,2021-01-09,46,2104,43,1285,3,819,0,0,5,1953,41,75,5,2028,California
Sutter,2021-01-10,394,2498,37,1322,357,1176,0,0,356,2272,37,112,356,2384,California
Sutter,2021-01-11,132,2630,115,1437,17,1193,0,0,25,2190,107,219,25,2409,California
Sutter,2021-01-12,201,2831,165,1602,36,1229,0,0,57,2103,144,363,57,2466,California
Sutter,2021-01-13,163,2994,99,1701,64,1293,0,0,73,2087,89,452,73,2539,California
Sutter,2021-01-14,148,3142,52,1753,96,1389,0,0,128,2195,20,472,128,2667,California
Sutter,2021-01-15,436,3578,131,1884,305,1694,0,0,422,2603,14,486,422,3089,California
Sutter,2021-01-16,385,3963,41,1925,344,2038,0,0,354,2927,30,516,354,3443,California
Sutter,2021-01-17,26,3989,24,1949,2,2040,0,0,10,2921,16,532,10,3453,California
Sutter,2021-01-18,117,4106,62,2011,55,2095,0,0,69,2942,48,580,69,3522,California
Sutter,2021-01-19,109,4215,43,2054,66,2161,0,0,84,3001,25,605,84,3606,California
Sutter,2021-01-20,274,4489,209,2263,65,2226,0,0,252,3231,22,627,252,3858,California
Sutter,2021-01-21,524,5013,353,2616,171,2397,0,0,506,3719,18,645,506,4364,California
Sutter,2021-01-22,238,5251,51,2667,187,2584,0,0,229,3939,9,654,229,4593,California
Sutter,2021-01-23,397,5648,39,2706,358,2942,0,0,371,4284,26,680,371,4964,California
Sutter,2021-01-24,17,5665,15,2721,2,2944,0,0,15,4297,2,682,15,4979,California
Sutter,2021-01-25,305,5970,195,2916,110,3054,0,0,149,4292,155,837,150,5129,California
Sutter,2021-01-26,251,6221,109,3025,142,3196,0,0,145,4332,105,942,145,5274,California
Sutter,2021-01-27,389,6610,257,3282,132,3328,0,0,321,4585,68,1010,321,5595,California
Sutter,2021-01-28,583,7193,359,3641,224,3552,0,0,410,4824,171,1181,410,6005,California
Sutter,2021-01-29,365,7558,88,3729,277,3829,0,0,243,4945,122,1303,243,6248,California
Sutter,2021-01-30,775,8333,38,3767,737,4566,0,0,764,5698,11,1314,764,7012,California
Sutter,2021-01-31,28,8361,27,3794,1,4567,0,0,28,5726,0,1314,28,7040,California
Sutter,2021-02-01,171,8532,53,3847,118,4685,0,0,138,5832,32,1346,138,7178,California
Sutter,2021-02-02,248,8780,28,3875,220,4905,0,0,214,6012,34,1380,214,7392,California
Sutter,2021-02-03,447,9227,39,3914,408,5313,0,0,211,5988,235,1615,211,7603,California
Sutter,2021-02-04,669,9896,365,4279,304,5617,0,0,619,6558,49,1664,619,8222,California
Sutter,2021-02-05,289,10185,33,4312,256,5873,0,0,135,6539,154,1818,135,8357,California
Sutter,2021-02-06,732,10917,28,4340,704,6577,0,0,710,7227,22,1840,710,9067,California
Sutter,2021-02-07,24,10941,20,4360,4,6581,0,0,20,7243,4,1844,20,9087,California
Sutter,2021-02-08,136,11077,31,4391,105,6686,0,0,98,7303,38,1882,98,9185,California
Sutter,2021-02-09,249,11326,46,4437,203,6889,0,0,188,7430,61,1943,188,9373,California
Sutter,2021-02-10,823,12149,385,4822,438,7327,0,0,180,6968,642,2585,180,9553,California
Sutter,2021-02-11,609,12758,276,5098,333,7660,0,0,317,6993,292,2877,317,9870,California
Sutter,2021-02-12,637,13395,69,5167,568,8228,0,0,312,6981,324,3201,312,10182,California
Sutter,2021-02-13,904,14299,48,5215,856,9084,0,0,785,7647,119,3320,785,10967,California
Sutter,2021-02-14,90,14389,25,5240,65,9149,0,0,79,7715,11,3331,79,11046,California
Sutter,2021-02-15,201,14590,72,5312,129,9278,0,0,122,7758,79,3410,122,11168,California
Sutter,2021-02-16,290,14880,44,5356,246,9524,0,0,204,7878,84,3494,204,11372,California
Sutter,2021-02-17,837,15717,436,5792,401,9925,0,0,135,7312,701,4195,135,11507,California
Sutter,2021-02-18,718,16435,58,5850,660,10585,0,0,501,7598,215,4410,501,12008,California
Sutter,2021-02-19,670,17105,380,6230,290,10875,0,0,464,7859,203,4613,464,12472,California
Sutter,2021-02-20,626,17731,56,6286,570,11445,0,0,517,8268,108,4721,517,12989,California
Sutter,2021-02-21,29,17760,28,6314,1,11446,0,0,7,8253,22,4743,7,12996,California
Sutter,2021-02-22,216,17976,126,6440,90,11536,0,0,86,8209,130,4873,86,13082,California
Sutter,2021-02-23,237,18213,36,6476,201,11737,0,0,102,8178,133,5006,102,13184,California
Sutter,2021-02-24,1014,19227,370,6846,644,12381,0,0,199,7564,813,5819,199,13383,California
Sutter,2021-02-25,802,20029,512,7358,290,12671,0,0,618,8002,180,5999,618,14001,California
Sutter,2021-02-26,382,20411,61,7419,321,12992,0,0,159,7940,221,6220,159,14160,California
Sutter,2021-02-27,867,21278,47,7466,820,13812,0,0,712,8495,157,6377,712,14872,California
Sutter,2021-02-28,89,21367,43,7509,46,13858,0,0,68,8543,20,6397,68,14940,California
Sutter,2021-03-01,249,21616,62,7571,187,14045,0,0,150,8594,99,6496,150,15090,California
Sutter,2021-03-02,340,21956,59,7630,281,14326,0,0,162,8581,175,6671,162,15252,California
Sutter,2021-03-03,1402,23358,531,8161,871,15197,0,0,660,8506,735,7406,660,15912,California
Sutter,2021-03-04,1256,24614,864,9025,392,15589,0,0,944,9143,307,7713,944,16856,California
Sutter,2021-03-05,340,24954,80,9105,259,15848,1,1,207,9218,133,7846,208,17064,California
Sutter,2021-03-06,1027,25981,46,9151,976,16824,5,6,857,9913,167,8013,862,17926,California
Sutter,2021-03-07,67,26048,23,9174,43,16867,1,7,45,9938,21,8034,46,17972,California
Sutter,2021-03-08,235,26283,81,9255,142,17009,12,19,164,10043,71,8105,176,18148,California
Sutter,2021-03-09,393,26676,138,9393,243,17252,12,31,187,10036,206,8311,199,18347,California
Sutter,2021-03-10,1575,28251,680,10073,834,18086,61,92,526,9583,1040,9351,587,18934,California
Sutter,2021-03-11,904,29155,439,10512,446,18532,19,111,654,10009,247,9598,673,19607,California
Sutter,2021-03-12,680,29835,111,10623,389,18921,180,291,203,9916,473,10071,380,19987,California
Sutter,2021-03-13,992,30827,751,11374,222,19143,19,310,781,10506,209,10280,799,20786,California
Sutter,2021-03-14,133,30960,22,11396,100,19243,11,321,46,10476,87,10367,57,20843,California
Sutter,2021-03-15,326,31286,67,11463,210,19453,49,370,155,10511,169,10536,204,21047,California
Sutter,2021-03-16,391,31677,86,11549,258,19711,47,417,212,10590,179,10715,258,21305,California
Sutter,2021-03-17,1500,33177,564,12113,914,20625,22,439,297,9718,1190,11905,318,21623,California
Sutter,2021-03-18,975,34152,182,12295,589,21214,204,643,566,10082,404,12309,768,22391,California
Sutter,2021-03-19,463,34615,166,12461,268,21482,29,672,281,10212,180,12489,310,22701,California
Sutter,2021-03-20,949,35564,118,12579,820,22302,11,683,858,10991,90,12579,869,23570,California
Sutter,2021-03-21,68,35632,47,12626,18,22320,3,686,33,10992,35,12614,36,23606,California
Sutter,2021-03-22,288,35920,120,12746,142,22462,26,712,209,11150,77,12691,235,23841,California
Sutter,2021-03-23,378,36298,114,12860,231,22693,33,745,251,11308,125,12816,283,24124,California
Sutter,2021-03-24,1686,37984,773,13633,844,23537,69,814,310,10327,1360,14176,379,24503,California
Sutter,2021-03-25,1042,39026,678,14311,321,23858,43,857,365,10062,673,14849,408,24911,California
Sutter,2021-03-26,498,39524,175,14486,306,24164,17,874,295,10176,198,15047,312,25223,California
Sutter,2021-03-27,927,40451,63,14549,862,25026,2,876,811,10878,111,15158,813,26036,California
Sutter,2021-03-28,125,40576,72,14621,53,25079,0,876,77,10909,46,15204,77,26113,California
Sutter,2021-03-29,426,41002,143,14764,227,25306,56,932,222,10985,202,15406,278,26391,California
Sutter,2021-03-30,481,41483,161,14925,310,25616,10,942,318,11150,163,15569,328,26719,California
Sutter,2021-03-31,1258,42741,177,15102,1065,26681,16,958,443,10807,801,16370,458,27177,California
Sutter,2021-04-01,1385,44126,741,15843,459,27140,185,1143,429,10475,945,17315,613,27790,California
Sutter,2021-04-02,514,44640,101,15944,295,27435,118,1261,201,10480,310,17625,315,28105,California
Sutter,2021-04-03,910,45550,77,16021,211,27646,622,1883,122,10440,783,18408,743,28848,California
Sutter,2021-04-04,118,45668,22,16043,90,27736,6,1889,54,10437,63,18471,60,28908,California
Sutter,2021-04-05,369,46037,143,16186,189,27925,37,1926,171,10450,195,18666,208,29116,California
Sutter,2021-04-06,511,46548,199,16385,256,28181,56,1982,270,10537,239,18905,326,29442,California
Sutter,2021-04-07,1481,48029,886,17271,520,28701,75,2057,602,10345,869,19774,677,30119,California
Sutter,2021-04-08,1062,49091,583,17854,364,29065,115,2172,573,10547,483,20257,685,30804,California
Sutter,2021-04-09,571,49662,250,18104,256,29321,65,2237,236,10518,330,20587,301,31105,California
Sutter,2021-04-10,830,50492,111,18215,88,29409,631,2868,111,10536,713,21300,731,31836,California
Sutter,2021-04-11,121,50613,34,18249,40,29449,47,2915,38,10537,83,21383,84,31920,California
Sutter,2021-04-12,344,50957,94,18343,196,29645,54,2969,135,10519,207,21590,189,32109,California
Sutter,2021-04-13,432,51389,126,18469,306,29951,0,2969,213,10515,217,21807,213,32322,California
Sutter,2021-04-14,1327,52716,162,18631,1164,31115,1,2970,224,9645,1095,22902,225,32547,California
Sutter,2021-04-15,541,53257,173,18804,368,31483,0,2970,218,9543,320,23222,218,32765,California
Sutter,2021-04-16,408,53665,129,18933,279,31762,0,2970,189,9515,217,23439,189,32954,California
Sutter,2021-04-17,580,54245,83,19016,497,32259,0,2970,508,9952,71,23510,508,33462,California
Sutter,2021-04-18,93,54338,34,19050,59,32318,0,2970,59,9979,32,23542,59,33521,California
Sutter,2021-04-19,294,54632,113,19163,181,32499,0,2970,122,9932,169,23711,122,33643,California
Sutter,2021-04-20,466,55098,182,19345,284,32783,0,2970,224,9917,239,23950,224,33867,California
Sutter,2021-04-21,1312,56410,503,19848,809,33592,0,2970,514,9647,784,24734,514,34381,California
Sutter,2021-04-22,530,56940,195,20043,335,33927,0,2970,259,9638,268,25002,259,34640,California
Sutter,2021-04-23,439,57379,154,20197,285,34212,0,2970,200,9603,235,25237,200,34840,California
Sutter,2021-04-24,326,57705,107,20304,218,34430,1,2971,184,9646,141,25378,184,35024,California
Sutter,2021-04-25,158,57863,75,20379,83,34513,0,2971,86,9662,70,25448,86,35110,California
Sutter,2021-04-26,321,58184,107,20486,212,34725,2,2973,136,9617,183,25631,138,35248,California
Sutter,2021-04-27,560,58744,286,20772,270,34995,4,2977,256,9578,299,25930,260,35508,California
Sutter,2021-04-28,861,59605,386,21158,467,35462,8,2985,284,9300,570,26500,292,35800,California
Sutter,2021-04-29,805,60410,166,21324,638,36100,1,2986,325,9152,474,26974,326,36126,California
Sutter,2021-04-30,395,60805,144,21468,238,36338,13,2999,173,9120,217,27191,185,36311,California
Sutter,2021-05-01,301,61106,109,21577,151,36489,41,3040,130,9123,168,27359,171,36482,California
Sutter,2021-05-02,80,61186,53,21630,25,36514,2,3042,45,9135,35,27394,47,36529,California
Sutter,2021-05-03,218,61404,110,21740,99,36613,9,3051,89,9104,129,27523,98,36627,California
Sutter,2021-05-04,557,61961,254,21994,239,36852,64,3115,228,9069,326,27849,291,36918,California
Sutter,2021-05-05,564,62525,174,22168,382,37234,8,3123,164,8847,394,28243,172,37090,California
Sutter,2021-05-06,437,62962,234,22402,182,37416,21,3144,197,8825,239,28482,217,37307,California
Sutter,2021-05-07,428,63390,160,22562,246,37662,22,3166,164,8752,259,28741,186,37493,California
Sutter,2021-05-08,240,63630,94,22656,140,37802,6,3172,115,8748,125,28866,121,37614,California
Sutter,2021-05-09,107,63737,79,22735,23,37825,5,3177,62,8770,45,28911,67,37681,California
Sutter,2021-05-10,194,63931,44,22779,131,37956,19,3196,50,8697,142,29053,69,37750,California
Sutter,2021-05-11,472,64403,238,23017,213,38169,21,3217,191,8631,276,29329,210,37960,California
Sutter,2021-05-12,466,64869,262,23279,193,38362,11,3228,157,8494,305,29634,168,38128,California
Sutter,2021-05-13,492,65361,262,23541,208,38570,22,3250,190,8405,301,29935,212,38340,California
Sutter,2021-05-14,443,65804,189,23730,238,38808,16,3266,205,8393,233,30168,221,38561,California
Sutter,2021-05-15,848,66652,316,24046,501,39309,31,3297,309,8196,537,30705,340,38901,California
Sutter,2021-05-16,172,66824,118,24164,46,39355,8,3305,93,8219,78,30783,101,39002,California
Sutter,2021-05-17,291,67115,116,24280,161,39516,14,3319,148,8241,140,30923,162,39164,California
Sutter,2021-05-18,552,67667,313,24593,235,39751,4,3323,299,8295,249,31172,303,39467,California
Sutter,2021-05-19,464,68131,264,24857,193,39944,7,3330,223,8287,238,31410,230,39697,California
Sutter,2021-05-20,460,68591,238,25095,210,40154,12,3342,214,8271,242,31652,226,39923,California
Sutter,2021-05-21,489,69080,222,25317,255,40409,12,3354,210,8217,275,31927,221,40144,California
Sutter,2021-05-22,371,69451,207,25524,161,40570,3,3357,185,8223,181,32108,187,40331,California
Sutter,2021-05-23,191,69642,95,25619,87,40657,9,3366,92,8231,93,32201,101,40432,California
Sutter,2021-05-24,240,69882,91,25710,126,40783,23,3389,96,8209,141,32342,119,40551,California
Sutter,2021-05-25,402,70284,197,25907,192,40975,13,3402,165,8156,230,32572,177,40728,California
Sutter,2021-05-26,323,70607,157,26064,157,41132,9,3411,112,8071,206,32778,121,40849,California
Sutter,2021-05-27,433,71040,116,26180,298,41430,19,3430,121,7903,308,33086,140,40989,California
Sutter,2021-05-28,340,71380,165,26345,158,41588,17,3447,169,7924,165,33251,186,41175,California
Sutter,2021-05-29,254,71634,120,26465,119,41707,15,3462,132,7953,118,33369,147,41322,California
Sutter,2021-05-30,84,71718,61,26526,20,41727,3,3465,39,7951,44,33413,42,41364,California
Sutter,2021-05-31,21,71739,3,26529,14,41741,4,3469,7,7948,14,33427,11,41375,California
Sutter,2021-06-01,310,72049,134,26663,168,41909,8,3477,114,7875,195,33622,122,41497,California
Sutter,2021-06-02,282,72331,120,26783,156,42065,6,3483,97,7799,179,33801,103,41600,California
Sutter,2021-06-03,343,72674,224,27007,109,42174,10,3493,116,7704,221,34022,126,41726,California
Sutter,2021-06-04,343,73017,198,27205,138,42312,7,3500,119,7611,219,34241,126,41852,California
Sutter,2021-06-05,439,73456,369,27574,66,42378,4,3504,153,7487,281,34522,157,42009,California
Sutter,2021-06-06,134,73590,115,27689,16,42394,3,3507,44,7446,88,34610,47,42056,California
Sutter,2021-06-07,164,73754,107,27796,48,42442,9,3516,57,7406,106,34716,66,42122,California
Sutter,2021-06-08,367,74121,206,28002,149,42591,12,3528,159,7369,208,34924,171,42293,California
Sutter,2021-06-09,369,74490,235,28237,129,42720,5,3533,128,7264,238,35162,133,42426,California
Sutter,2021-06-10,386,74876,276,28513,100,42820,10,3543,151,7194,231,35393,161,42587,California
Sutter,2021-06-11,337,75213,215,28728,116,42936,6,3549,114,7094,219,35612,119,42706,California
Sutter,2021-06-12,245,75458,172,28900,58,42994,15,3564,70,7004,175,35787,85,42791,California
Sutter,2021-06-13,83,75541,65,28965,17,43011,1,3565,22,6967,60,35847,23,42814,California
Sutter,2021-06-14,189,75730,110,29075,68,43079,11,3576,73,6937,114,35961,84,42898,California
Sutter,2021-06-15,286,76016,155,29230,118,43197,13,3589,102,6870,182,36143,115,43013,California
Sutter,2021-06-16,221,76237,142,29372,70,43267,9,3598,107,6872,114,36257,116,43129,California
Sutter,2021-06-17,283,76520,173,29545,104,43371,6,3604,123,6843,158,36415,129,43258,California
Sutter,2021-06-18,266,76786,171,29716,80,43451,15,3619,94,6783,169,36584,109,43367,California
Sutter,2021-06-19,208,76994,139,29855,65,43516,4,3623,59,6699,147,36731,63,43430,California
Sutter,2021-06-20,70,77064,49,29904,19,43535,2,3625,31,6693,39,36770,33,43463,California
Sutter,2021-06-21,113,77177,54,29958,47,43582,12,3637,51,6696,60,36830,63,43526,California
Sutter,2021-06-22,222,77399,128,30086,91,43673,3,3640,86,6651,134,36964,89,43615,California
Sutter,2021-06-23,185,77584,108,30194,69,43742,8,3648,77,6627,108,37072,84,43699,California
Sutter,2021-06-24,237,77821,161,30355,66,43808,10,3658,103,6606,134,37206,113,43812,California
Sutter,2021-06-25,225,78046,146,30501,73,43881,6,3664,89,6569,132,37338,95,43907,California
Sutter,2021-06-26,220,78266,178,30679,36,43917,6,3670,76,6510,142,37480,83,43990,California
Sutter,2021-06-27,78,78344,65,30744,12,43929,1,3671,29,6492,48,37528,30,44020,California
Sutter,2021-06-28,121,78465,75,30819,40,43969,6,3677,61,6500,59,37587,67,44087,California
Sutter,2021-06-29,235,78700,155,30974,70,44039,10,3687,84,6445,149,37736,94,44181,California
Sutter,2021-06-30,175,78875,112,31086,54,44093,9,3696,72,6427,99,37835,81,44262,California
Sutter,2021-07-01,205,79080,173,31259,25,44118,7,3703,75,6379,129,37964,81,44343,California
Sutter,2021-07-02,193,79273,129,31388,52,44170,12,3715,92,6388,95,38059,104,44447,California
Sutter,2021-07-03,115,79388,88,31476,24,44194,3,3718,40,6362,69,38128,43,44490,California
Sutter,2021-07-04,6,79394,3,31479,3,44197,0,3718,2,6361,3,38131,2,44492,California
Sutter,2021-07-05,87,79481,58,31537,19,44216,10,3728,40,6364,46,38177,49,44541,California
Sutter,2021-07-06,148,79629,75,31612,64,44280,9,3737,45,6317,101,38278,54,44595,California
Tehama,2020-12-15,1,1,1,1,0,0,0,0,1,1,0,0,1,1,California
Tehama,2020-12-16,2,3,2,3,0,0,0,0,2,3,0,0,2,3,California
Tehama,2020-12-17,12,15,12,15,0,0,0,0,12,15,0,0,12,15,California
Tehama,2020-12-18,2,17,2,17,0,0,0,0,3,18,0,0,3,18,California
Tehama,2020-12-21,33,50,33,50,0,0,0,0,33,51,0,0,33,51,California
Tehama,2020-12-22,70,120,64,114,6,6,0,0,70,121,0,0,70,121,California
Tehama,2020-12-23,48,168,40,154,8,14,0,0,48,169,0,0,48,169,California
Tehama,2020-12-24,5,173,3,157,2,16,0,0,5,174,0,0,5,174,California
Tehama,2020-12-26,3,176,2,159,1,17,0,0,3,177,0,0,3,177,California
Tehama,2020-12-27,2,178,2,161,0,17,0,0,2,179,0,0,2,179,California
Tehama,2020-12-28,56,234,43,204,13,30,0,0,56,235,0,0,56,235,California
Tehama,2020-12-29,31,265,31,235,0,30,0,0,31,266,0,0,31,266,California
Tehama,2020-12-30,55,320,39,274,16,46,0,0,54,320,0,0,54,320,California
Tehama,2020-12-31,14,334,4,278,10,56,0,0,14,334,0,0,14,334,California
Tehama,2021-01-01,3,337,0,278,3,59,0,0,3,337,0,0,3,337,California
Tehama,2021-01-04,32,369,9,287,23,82,0,0,32,369,0,0,32,369,California
Tehama,2021-01-05,70,439,43,330,27,109,0,0,67,433,3,3,67,436,California
Tehama,2021-01-06,72,511,21,351,51,160,0,0,63,488,8,11,63,499,California
Tehama,2021-01-07,57,568,7,358,50,210,0,0,56,543,1,12,56,555,California
Tehama,2021-01-08,34,602,25,383,9,219,0,0,29,567,5,17,29,584,California
Tehama,2021-01-09,7,609,5,388,2,221,0,0,5,570,2,19,5,589,California
Tehama,2021-01-10,1,610,0,388,1,222,0,0,1,571,0,19,1,590,California
Tehama,2021-01-11,49,659,47,435,2,224,0,0,15,552,34,53,15,605,California
Tehama,2021-01-12,132,791,112,547,20,244,0,0,86,592,46,99,86,691,California
Tehama,2021-01-13,73,864,55,602,18,262,0,0,27,573,46,145,27,718,California
Tehama,2021-01-14,223,1087,50,652,173,435,0,0,221,792,2,147,221,939,California
Tehama,2021-01-15,250,1337,75,727,175,610,0,0,246,1034,4,151,246,1185,California
Tehama,2021-01-16,264,1601,19,746,245,855,0,0,261,1292,3,154,261,1446,California
Tehama,2021-01-17,7,1608,3,749,4,859,0,0,4,1293,3,157,4,1450,California
Tehama,2021-01-18,12,1620,7,756,5,864,0,0,7,1295,5,162,7,1457,California
Tehama,2021-01-19,295,1915,68,824,227,1091,0,0,240,1480,55,217,240,1697,California
Tehama,2021-01-20,303,2218,87,911,216,1307,0,0,253,1684,49,266,253,1950,California
Tehama,2021-01-21,214,2432,11,922,203,1510,0,0,204,1878,10,276,204,2154,California
Tehama,2021-01-22,224,2656,21,943,203,1713,0,0,221,2096,3,279,221,2375,California
Tehama,2021-01-23,257,2913,7,950,250,1963,0,0,256,2351,1,280,256,2631,California
Tehama,2021-01-24,2,2915,1,951,1,1964,0,0,2,2353,0,280,2,2633,California
Tehama,2021-01-25,33,2948,15,966,18,1982,0,0,15,2350,18,298,15,2648,California
Tehama,2021-01-26,322,3270,42,1008,280,2262,0,0,285,2598,37,335,285,2933,California
Tehama,2021-01-27,300,3570,21,1029,279,2541,0,0,280,2858,20,355,280,3213,California
Tehama,2021-01-28,344,3914,32,1061,312,2853,0,0,329,3172,15,370,329,3542,California
Tehama,2021-01-29,324,4238,20,1081,304,3157,0,0,306,3460,18,388,306,3848,California
Tehama,2021-01-30,102,4340,2,1083,100,3257,0,0,101,3560,1,389,101,3949,California
Tehama,2021-01-31,1,4341,0,1083,1,3258,0,0,1,3561,0,389,1,3950,California
Tehama,2021-02-01,80,4421,24,1107,56,3314,0,0,37,3555,43,432,37,3987,California
Tehama,2021-02-02,361,4782,64,1171,297,3611,0,0,263,3720,98,530,263,4250,California
Tehama,2021-02-03,409,5191,12,1183,397,4008,0,0,363,4037,46,576,363,4613,California
Tehama,2021-02-04,506,5697,99,1282,407,4415,0,0,425,4382,81,657,426,5039,California
Tehama,2021-02-05,180,5877,74,1356,106,4521,0,0,118,4438,62,719,118,5157,California
Tehama,2021-02-06,29,5906,14,1370,15,4536,0,0,17,4443,12,731,17,5174,California
Tehama,2021-02-07,6,5912,5,1375,1,4537,0,0,2,4442,3,734,2,5176,California
Tehama,2021-02-08,35,5947,13,1388,22,4559,0,0,26,4459,9,743,26,5202,California
Tehama,2021-02-09,78,6025,38,1426,40,4599,0,0,40,4461,38,781,40,5242,California
Tehama,2021-02-10,232,6257,63,1489,169,4768,0,0,156,4541,76,857,156,5398,California
Tehama,2021-02-11,220,6477,15,1504,205,4973,0,0,82,4487,136,993,82,5480,California
Tehama,2021-02-12,364,6841,66,1570,298,5271,0,0,172,4467,192,1185,172,5652,California
Tehama,2021-02-13,385,7226,14,1584,371,5642,0,0,145,4372,240,1425,145,5797,California
Tehama,2021-02-14,38,7264,2,1586,36,5678,0,0,36,4406,2,1427,36,5833,California
Tehama,2021-02-15,53,7317,10,1596,43,5721,0,0,47,4447,6,1433,47,5880,California
Tehama,2021-02-16,249,7566,16,1612,233,5954,0,0,64,4326,185,1618,64,5944,California
Tehama,2021-02-17,284,7850,12,1624,272,6226,0,0,54,4150,230,1848,54,5998,California
Tehama,2021-02-18,372,8222,33,1657,339,6565,0,0,145,4068,227,2075,145,6143,California
Tehama,2021-02-19,215,8437,18,1675,197,6762,0,0,43,3939,172,2247,43,6186,California
Tehama,2021-02-20,271,8708,7,1682,264,7026,0,0,27,3722,244,2491,27,6213,California
Tehama,2021-02-21,2,8710,1,1683,1,7027,0,0,1,3722,1,2492,1,6214,California
Tehama,2021-02-22,41,8751,16,1699,25,7052,0,0,28,3737,13,2505,28,6242,California
Tehama,2021-02-23,74,8825,22,1721,52,7104,0,0,29,3721,45,2550,29,6271,California
Tehama,2021-02-24,304,9129,13,1734,291,7395,0,0,29,3475,275,2825,29,6300,California
Tehama,2021-02-25,383,9512,63,1797,320,7715,0,0,42,3176,341,3166,42,6342,California
Tehama,2021-02-26,462,9974,19,1816,443,8158,0,0,71,2856,391,3557,71,6413,California
Tehama,2021-02-27,296,10270,5,1821,291,8449,0,0,34,2628,262,3819,34,6447,California
Tehama,2021-02-28,23,10293,2,1823,21,8470,0,0,20,2645,3,3822,20,6467,California
Tehama,2021-03-01,67,10360,8,1831,59,8529,0,0,32,2642,35,3857,32,6499,California
Tehama,2021-03-02,157,10517,18,1849,139,8668,0,0,32,2549,125,3982,32,6531,California
Tehama,2021-03-03,166,10683,32,1881,134,8802,0,0,50,2483,116,4098,50,6581,California
Tehama,2021-03-04,665,11348,39,1920,626,9428,0,0,222,2267,438,4536,222,6803,California
Tehama,2021-03-05,406,11754,20,1940,386,9814,0,0,214,2290,191,4727,214,7017,California
Tehama,2021-03-06,305,12059,15,1955,290,10104,0,0,78,2143,226,4953,79,7096,California
Tehama,2021-03-07,6,12065,1,1956,5,10109,0,0,3,2144,2,4955,3,7099,California
Tehama,2021-03-08,57,12122,12,1968,30,10139,15,15,26,2155,30,4985,41,7140,California
Tehama,2021-03-09,367,12489,8,1976,340,10479,19,34,312,2431,55,5040,331,7471,California
Tehama,2021-03-10,356,12845,17,1993,318,10797,21,55,73,2243,282,5322,94,7565,California
Tehama,2021-03-11,496,13341,18,2011,429,11226,49,104,348,2492,148,5470,397,7962,California
Tehama,2021-03-12,307,13648,20,2031,222,11448,65,169,179,2609,127,5597,244,8206,California
Tehama,2021-03-13,49,13697,8,2039,34,11482,7,176,6,2579,43,5640,13,8219,California
Tehama,2021-03-14,53,13750,3,2042,40,11522,10,186,9,2554,44,5684,19,8238,California
Tehama,2021-03-15,154,13904,22,2064,112,11634,20,206,84,2588,70,5754,104,8342,California
Tehama,2021-03-16,419,14323,14,2078,367,12001,38,244,314,2836,104,5858,352,8694,California
Tehama,2021-03-17,434,14757,22,2100,380,12381,32,276,350,3136,82,5940,382,9076,California
Tehama,2021-03-18,487,15244,26,2126,437,12818,24,300,308,3291,177,6117,332,9408,California
Tehama,2021-03-19,318,15562,22,2148,283,13101,13,313,276,3538,42,6159,289,9697,California
Tehama,2021-03-20,41,15603,8,2156,31,13132,2,315,29,3557,12,6171,31,9728,California
Tehama,2021-03-21,12,15615,5,2161,7,13139,0,315,12,3569,0,6171,12,9740,California
Tehama,2021-03-22,92,15707,8,2169,67,13206,17,332,50,3594,42,6213,67,9807,California
Tehama,2021-03-23,88,15795,28,2197,54,13260,6,338,70,3652,18,6231,76,9883,California
Tehama,2021-03-24,85,15880,16,2213,67,13327,2,340,54,3677,31,6262,56,9939,California
Tehama,2021-03-25,540,16420,364,2577,163,13490,13,353,483,4117,56,6318,496,10435,California
Tehama,2021-03-26,514,16934,403,2980,99,13589,12,365,434,4486,77,6395,446,10881,California
Tehama,2021-03-27,452,17386,356,3336,71,13660,25,390,383,4826,68,6463,408,11289,California
Tehama,2021-03-28,31,17417,10,3346,21,13681,0,390,19,4833,12,6475,19,11308,California
Tehama,2021-03-29,127,17544,32,3378,94,13775,1,391,81,4868,46,6521,81,11389,California
Tehama,2021-03-30,374,17918,222,3600,150,13925,2,393,252,5000,122,6643,254,11643,California
Tehama,2021-03-31,401,18319,298,3898,100,14025,3,396,328,5258,72,6715,330,11973,California
Tehama,2021-04-01,528,18847,247,4145,275,14300,6,402,395,5527,132,6847,401,12374,California
Tehama,2021-04-02,458,19305,216,4361,237,14537,5,407,273,5619,185,7032,277,12651,California
Tehama,2021-04-03,62,19367,4,4365,53,14590,5,412,31,5624,31,7063,36,12687,California
Tehama,2021-04-04,35,19402,7,4372,27,14617,1,413,23,5636,12,7075,24,12711,California
Tehama,2021-04-05,118,19520,21,4393,69,14686,28,441,61,5668,57,7132,89,12800,California
Tehama,2021-04-06,492,20012,109,4502,332,15018,51,492,137,5501,355,7487,188,12988,California
Tehama,2021-04-07,417,20429,284,4786,90,15108,43,535,304,5735,112,7599,346,13334,California
Tehama,2021-04-08,608,21037,174,4960,394,15502,40,575,230,5628,377,7976,270,13604,California
Tehama,2021-04-09,431,21468,193,5153,204,15706,34,609,215,5662,215,8191,249,13853,California
Tehama,2021-04-10,79,21547,9,5162,38,15744,32,641,40,5695,39,8230,72,13925,California
Tehama,2021-04-11,33,21580,7,5169,15,15759,11,652,8,5689,25,8255,19,13944,California
Tehama,2021-04-12,112,21692,6,5175,87,15846,19,671,40,5676,72,8327,59,14003,California
Tehama,2021-04-13,390,22082,66,5241,324,16170,0,671,67,5420,323,8650,67,14070,California
Tehama,2021-04-14,408,22490,54,5295,354,16524,0,671,51,5116,355,9005,51,14121,California
Tehama,2021-04-15,519,23009,193,5488,326,16850,0,671,80,4758,438,9443,80,14201,California
Tehama,2021-04-16,598,23607,342,5830,256,17106,0,671,75,4310,523,9966,75,14276,California
Tehama,2021-04-17,349,23956,269,6099,80,17186,0,671,41,4045,307,10273,42,14318,California
Tehama,2021-04-18,17,23973,3,6102,14,17200,0,671,14,4056,3,10276,14,14332,California
Tehama,2021-04-19,97,24070,8,6110,89,17289,0,671,41,4041,56,10332,41,14373,California
Tehama,2021-04-20,528,24598,435,6545,93,17382,0,671,152,3822,373,10705,154,14527,California
Tehama,2021-04-21,512,25110,434,6979,78,17460,0,671,170,3652,340,11045,170,14697,California
Tehama,2021-04-22,527,25637,367,7346,160,17620,0,671,158,3444,366,11411,158,14855,California
Tehama,2021-04-23,454,26091,351,7697,103,17723,0,671,204,3400,249,11660,205,15060,California
Tehama,2021-04-24,104,26195,18,7715,86,17809,0,671,27,3350,77,11737,27,15087,California
Tehama,2021-04-25,29,26224,18,7733,11,17820,0,671,9,3340,19,11756,9,15096,California
Tehama,2021-04-26,87,26311,12,7745,75,17895,0,671,47,3347,40,11796,47,15143,California
Tehama,2021-04-27,257,26568,209,7954,47,17942,1,672,95,3281,162,11958,96,15239,California
Tehama,2021-04-28,405,26973,324,8278,64,18006,17,689,71,3035,334,12292,88,15327,California
Tehama,2021-04-29,359,27332,172,8450,181,18187,6,695,72,2827,286,12578,78,15405,California
Tehama,2021-04-30,327,27659,240,8690,81,18268,6,701,113,2732,214,12792,119,15524,California
Tehama,2021-05-01,74,27733,4,8694,67,18335,3,704,16,2693,58,12850,19,15543,California
Tehama,2021-05-02,44,27777,22,8716,10,18345,12,716,24,2709,20,12870,36,15579,California
Tehama,2021-05-03,119,27896,40,8756,71,18416,8,724,64,2726,55,12925,72,15651,California
Tehama,2021-05-04,164,28060,59,8815,98,18514,7,731,71,2711,93,13018,78,15729,California
Tehama,2021-05-05,95,28155,26,8841,59,18573,10,741,44,2714,51,13069,54,15783,California
Tehama,2021-05-06,169,28324,94,8935,60,18633,15,756,103,2766,66,13135,118,15901,California
Tehama,2021-05-07,178,28502,73,9008,94,18727,11,767,52,2705,124,13259,63,15964,California
Tehama,2021-05-08,50,28552,6,9014,43,18770,1,768,14,2684,36,13295,15,15979,California
Tehama,2021-05-09,17,28569,4,9018,13,18783,0,768,7,2681,10,13305,7,15986,California
Tehama,2021-05-10,80,28649,8,9026,66,18849,6,774,39,2685,40,13345,44,16030,California
Tehama,2021-05-11,176,28825,117,9143,49,18898,10,784,37,2593,139,13484,47,16077,California
Tehama,2021-05-12,213,29038,133,9276,69,18967,11,795,48,2487,165,13649,59,16136,California
Tehama,2021-05-13,249,29287,168,9444,73,19040,8,803,114,2475,134,13783,122,16258,California
Tehama,2021-05-14,248,29535,134,9578,93,19133,21,824,59,2367,188,13971,80,16338,California
Tehama,2021-05-15,225,29760,135,9713,54,19187,36,860,161,2501,63,14034,197,16535,California
Tehama,2021-05-16,27,29787,7,9720,17,19204,3,863,15,2507,12,14046,18,16553,California
Tehama,2021-05-17,113,29900,29,9749,69,19273,15,878,54,2518,58,14104,69,16622,California
Tehama,2021-05-18,153,30053,78,9827,60,19333,15,893,50,2482,101,14205,65,16687,California
Tehama,2021-05-19,127,30180,54,9881,63,19396,10,903,41,2447,86,14291,51,16738,California
Tehama,2021-05-20,335,30515,242,10123,70,19466,23,926,232,2600,102,14393,255,16993,California
Tehama,2021-05-21,222,30737,99,10222,110,19576,13,939,79,2551,141,14534,92,17085,California
Tehama,2021-05-22,66,30803,32,10254,30,19606,4,943,38,2565,28,14562,42,17127,California
Tehama,2021-05-23,50,30853,25,10279,14,19620,11,954,14,2554,36,14598,25,17152,California
Tehama,2021-05-24,99,30952,31,10310,60,19680,8,962,34,2531,65,14663,42,17194,California
Tehama,2021-05-25,77,31029,20,10330,49,19729,8,970,47,2556,29,14692,54,17248,California
Tehama,2021-05-26,80,31109,31,10361,46,19775,3,973,52,2584,27,14719,55,17303,California
Tehama,2021-05-27,156,31265,98,10459,54,19829,4,977,51,2536,103,14822,55,17358,California
Tehama,2021-05-28,136,31401,37,10496,92,19921,7,984,65,2538,70,14892,72,17430,California
Tehama,2021-05-29,53,31454,8,10504,40,19961,5,989,34,2558,19,14911,39,17469,California
Tehama,2021-05-30,15,31469,5,10509,9,19970,1,990,6,2556,9,14920,7,17476,California
Tehama,2021-05-31,18,31487,2,10511,15,19985,1,991,5,2549,13,14933,6,17482,California
Tehama,2021-06-01,100,31587,18,10529,64,20049,18,1009,32,2531,68,15001,50,17532,California
Tehama,2021-06-02,88,31675,30,10559,53,20102,5,1014,32,2512,56,15057,37,17569,California
Tehama,2021-06-03,136,31811,102,10661,23,20125,11,1025,29,2445,107,15164,40,17609,California
Tehama,2021-06-04,145,31956,38,10699,93,20218,14,1039,63,2439,81,15245,75,17684,California
Tehama,2021-06-05,158,32114,128,10827,22,20240,8,1047,31,2352,126,15371,39,17723,California
Tehama,2021-06-06,15,32129,7,10834,2,20242,6,1053,2,2347,12,15383,7,17730,California
Tehama,2021-06-07,70,32199,27,10861,41,20283,2,1055,20,2319,50,15433,22,17752,California
Tehama,2021-06-08,103,32302,34,10895,60,20343,9,1064,37,2300,65,15498,46,17798,California
Tehama,2021-06-09,87,32389,43,10938,42,20385,2,1066,43,2301,44,15542,45,17843,California
Tehama,2021-06-10,267,32656,216,11154,41,20426,10,1076,37,2119,229,15771,47,17890,California
Tehama,2021-06-11,148,32804,66,11220,73,20499,9,1085,55,2093,90,15861,64,17954,California
Tehama,2021-06-12,62,32866,39,11259,23,20522,0,1085,24,2079,38,15899,24,17978,California
Tehama,2021-06-13,22,32888,6,11265,10,20532,6,1091,5,2073,17,15916,11,17989,California
Tehama,2021-06-14,93,32981,16,11281,70,20602,7,1098,27,2041,66,15982,34,18023,California
Tehama,2021-06-15,97,33078,43,11324,39,20641,15,1113,37,2034,59,16041,52,18075,California
Tehama,2021-06-16,93,33171,62,11386,28,20669,3,1116,47,2038,46,16087,50,18125,California
Tehama,2021-06-17,152,33323,108,11494,29,20698,15,1131,87,2076,63,16150,101,18226,California
Tehama,2021-06-18,108,33431,42,11536,52,20750,14,1145,36,2054,72,16222,50,18276,California
Tehama,2021-06-19,40,33471,14,11550,21,20771,5,1150,17,2053,23,16245,22,18298,California
Tehama,2021-06-20,16,33487,5,11555,10,20781,1,1151,6,2050,10,16255,7,18305,California
Tehama,2021-06-21,64,33551,19,11574,37,20818,8,1159,23,2040,41,16296,31,18336,California
Tehama,2021-06-22,81,33632,25,11599,42,20860,14,1173,34,2042,46,16342,48,18384,California
Tehama,2021-06-23,95,33727,54,11653,37,20897,4,1177,46,2043,48,16390,49,18433,California
Tehama,2021-06-24,88,33815,42,11695,38,20935,8,1185,48,2059,40,16430,56,18489,California
Tehama,2021-06-25,137,33952,75,11770,55,20990,7,1192,60,2050,76,16506,67,18556,California
Tehama,2021-06-26,46,33998,23,11793,23,21013,0,1192,22,2048,24,16530,22,18578,California
Tehama,2021-06-27,8,34006,4,11797,3,21016,1,1193,5,2051,3,16533,6,18584,California
Tehama,2021-06-28,42,34048,16,11813,21,21037,5,1198,21,2056,21,16554,26,18610,California
Tehama,2021-06-29,64,34112,23,11836,37,21074,4,1202,33,2063,30,16584,37,18647,California
Tehama,2021-06-30,88,34200,67,11903,19,21093,2,1204,46,2069,42,16626,48,18695,California
Tehama,2021-07-01,61,34261,30,11933,28,21121,3,1207,38,2087,23,16649,41,18736,California
Tehama,2021-07-02,88,34349,46,11979,40,21161,2,1209,35,2071,53,16702,37,18773,California
Tehama,2021-07-03,36,34385,17,11996,17,21178,2,1211,13,2063,23,16725,15,18788,California
Tehama,2021-07-04,5,34390,5,12001,0,21178,0,1211,2,2062,3,16728,2,18790,California
Tehama,2021-07-05,25,34415,10,12011,13,21191,2,1213,9,2057,16,16744,11,18801,California
Tehama,2021-07-06,34,34449,14,12025,16,21207,4,1217,17,2061,17,16761,21,18822,California
Trinity,2020-12-17,4,4,4,4,0,0,0,0,4,4,0,0,4,4,California
Trinity,2020-12-18,2,6,2,6,0,0,0,0,2,6,0,0,2,6,California
Trinity,2020-12-21,38,44,38,44,0,0,0,0,38,44,0,0,38,44,California
Trinity,2020-12-22,4,48,4,48,0,0,0,0,4,48,0,0,4,48,California
Trinity,2020-12-23,6,54,5,53,1,1,0,0,6,54,0,0,6,54,California
Trinity,2020-12-28,31,85,31,84,0,1,0,0,31,85,0,0,31,85,California
Trinity,2020-12-29,8,93,7,91,1,2,0,0,8,93,0,0,8,93,California
Trinity,2020-12-30,10,103,8,99,2,4,0,0,10,103,0,0,10,103,California
Trinity,2020-12-31,2,105,1,100,1,5,0,0,2,105,0,0,2,105,California
Trinity,2021-01-04,27,132,0,100,27,32,0,0,26,131,0,0,26,131,California
Trinity,2021-01-05,3,135,1,101,2,34,0,0,3,134,0,0,3,134,California
Trinity,2021-01-06,24,159,4,105,20,54,0,0,20,150,4,4,20,154,California
Trinity,2021-01-08,49,208,2,107,47,101,0,0,48,196,2,6,48,202,California
Trinity,2021-01-11,41,249,38,145,3,104,0,0,4,163,37,43,4,206,California
Trinity,2021-01-12,9,258,6,151,3,107,0,0,4,162,5,48,4,210,California
Trinity,2021-01-13,7,265,4,155,3,110,0,0,4,163,3,51,4,214,California
Trinity,2021-01-14,4,269,1,156,3,113,0,0,4,167,0,51,4,218,California
Trinity,2021-01-15,4,273,0,156,4,117,0,0,4,171,0,51,4,222,California
Trinity,2021-01-16,4,277,0,156,4,121,0,0,4,175,0,51,4,226,California
Trinity,2021-01-18,31,308,31,187,0,121,0,0,0,144,31,82,0,226,California
Trinity,2021-01-19,35,343,14,201,21,142,0,0,21,151,14,96,21,247,California
Trinity,2021-01-20,20,363,3,204,17,159,0,0,17,165,3,99,17,264,California
Trinity,2021-01-21,17,380,7,211,10,169,0,0,17,182,0,99,17,281,California
Trinity,2021-01-22,5,385,1,212,4,173,0,0,5,187,0,99,5,286,California
Trinity,2021-01-23,7,392,3,215,4,177,0,0,7,194,0,99,7,293,California
Trinity,2021-01-25,14,406,1,216,13,190,0,0,13,206,1,100,13,306,California
Trinity,2021-01-26,10,416,1,217,9,199,0,0,9,214,1,101,9,315,California
Trinity,2021-01-27,12,428,0,217,12,211,0,0,12,226,0,101,12,327,California
Trinity,2021-01-28,12,440,2,219,10,221,0,0,9,232,3,104,9,336,California
Trinity,2021-01-29,2,442,0,219,2,223,0,0,1,232,1,105,1,337,California
Trinity,2021-01-30,12,454,11,230,1,224,0,0,12,244,0,105,12,349,California
Trinity,2021-02-01,2,456,1,231,1,225,0,0,1,244,1,106,1,350,California
Trinity,2021-02-02,15,471,3,234,12,237,0,0,14,257,1,107,14,364,California
Trinity,2021-02-03,7,478,1,235,6,243,0,0,4,258,3,110,4,368,California
Trinity,2021-02-04,42,520,32,267,10,253,0,0,35,286,7,117,35,403,California
Trinity,2021-02-05,354,874,0,267,354,607,0,0,323,578,31,148,323,726,California
Trinity,2021-02-06,210,1084,5,272,205,812,0,0,203,774,7,155,203,929,California
Trinity,2021-02-07,1,1085,0,272,1,813,0,0,1,775,0,155,1,930,California
Trinity,2021-02-08,27,1112,0,272,27,840,0,0,16,780,11,166,16,946,California
Trinity,2021-02-09,27,1139,2,274,25,865,0,0,11,775,16,182,11,957,California
Trinity,2021-02-10,122,1261,10,284,112,977,0,0,102,857,20,202,102,1059,California
Trinity,2021-02-11,338,1599,2,286,336,1313,0,0,331,1181,7,209,331,1390,California
Trinity,2021-02-12,18,1617,10,296,8,1321,0,0,14,1191,4,213,14,1404,California
Trinity,2021-02-13,13,1630,6,302,7,1328,0,0,6,1190,7,220,6,1410,California
Trinity,2021-02-14,2,1632,2,304,0,1328,0,0,2,1192,0,220,2,1412,California
Trinity,2021-02-15,47,1679,0,304,47,1375,0,0,47,1239,0,220,47,1459,California
Trinity,2021-02-16,5,1684,1,305,4,1379,0,0,3,1240,2,222,3,1462,California
Trinity,2021-02-17,94,1778,2,307,92,1471,0,0,84,1314,10,232,84,1546,California
Trinity,2021-02-18,4,1782,0,307,4,1475,0,0,1,1312,3,235,1,1547,California
Trinity,2021-02-19,307,2089,1,308,306,1781,0,0,294,1593,13,248,294,1841,California
Trinity,2021-02-20,141,2230,14,322,127,1908,0,0,113,1678,28,276,113,1954,California
Trinity,2021-02-21,1,2231,1,323,0,1908,0,0,1,1679,0,276,1,1955,California
Trinity,2021-02-22,8,2239,0,323,8,1916,0,0,5,1681,3,279,5,1960,California
Trinity,2021-02-23,10,2249,3,326,7,1923,0,0,5,1681,5,284,5,1965,California
Trinity,2021-02-24,30,2279,8,334,22,1945,0,0,7,1665,23,307,7,1972,California
Trinity,2021-02-25,36,2315,23,357,13,1958,0,0,5,1639,31,338,5,1977,California
Trinity,2021-02-26,12,2327,2,359,10,1968,0,0,6,1639,6,344,6,1983,California
Trinity,2021-02-27,12,2339,10,369,2,1970,0,0,6,1639,6,350,6,1989,California
Trinity,2021-03-01,10,2349,0,369,10,1980,0,0,5,1639,5,355,5,1994,California
Trinity,2021-03-02,9,2358,3,372,6,1986,0,0,2,1634,7,362,2,1996,California
Trinity,2021-03-03,4,2362,0,372,4,1990,0,0,3,1636,1,363,3,1999,California
Trinity,2021-03-04,24,2386,19,391,5,1995,0,0,10,1632,14,377,10,2009,California
Trinity,2021-03-05,391,2777,1,392,390,2385,0,0,120,1485,267,644,120,2129,California
Trinity,2021-03-06,202,2979,7,399,195,2580,0,0,26,1335,176,820,26,2155,California
Trinity,2021-03-07,4,2983,3,402,1,2581,0,0,3,1337,1,821,3,2158,California
Trinity,2021-03-08,5,2988,1,403,3,2584,1,1,2,1337,3,824,3,2161,California
Trinity,2021-03-09,94,3082,0,403,92,2676,2,3,88,1421,6,830,90,2251,California
Trinity,2021-03-10,126,3208,3,406,120,2796,3,6,38,1374,88,918,41,2292,California
Trinity,2021-03-11,16,3224,4,410,10,2806,2,8,5,1370,11,929,7,2299,California
Trinity,2021-03-12,397,3621,5,415,386,3192,6,14,96,1171,301,1230,102,2401,California
Trinity,2021-03-13,14,3635,8,423,4,3196,2,16,8,1175,6,1236,10,2411,California
Trinity,2021-03-14,4,3639,1,424,3,3199,0,16,3,1177,1,1237,3,2414,California
Trinity,2021-03-15,67,3706,0,424,66,3265,1,17,14,1139,53,1290,15,2429,California
Trinity,2021-03-16,116,3822,7,431,109,3374,0,17,103,1229,13,1303,103,2532,California
Trinity,2021-03-17,100,3922,3,434,97,3471,0,17,26,1181,74,1377,26,2558,California
Trinity,2021-03-18,11,3933,2,436,6,3477,3,20,5,1183,6,1383,8,2566,California
Trinity,2021-03-19,460,4393,4,440,346,3823,110,130,33,899,427,1810,143,2709,California
Trinity,2021-03-20,105,4498,7,447,98,3921,0,130,68,931,36,1846,68,2777,California
Trinity,2021-03-21,4,4502,0,447,3,3924,1,131,3,934,1,1847,4,2781,California
Trinity,2021-03-22,2,4504,0,447,2,3926,0,131,2,936,0,1847,2,2783,California
Trinity,2021-03-23,95,4599,2,449,93,4019,0,131,77,995,18,1865,77,2860,California
Trinity,2021-03-24,12,4611,1,450,11,4030,0,131,9,1001,3,1868,9,2869,California
Trinity,2021-03-25,111,4722,8,458,97,4127,6,137,85,1066,26,1894,91,2960,California
Trinity,2021-03-26,83,4805,8,466,75,4202,0,137,76,1135,7,1901,76,3036,California
Trinity,2021-03-27,20,4825,4,470,7,4209,9,146,9,1142,11,1912,18,3054,California
Trinity,2021-03-28,5,4830,3,473,2,4211,0,146,1,1139,4,1916,1,3055,California
Trinity,2021-03-29,6,4836,1,474,5,4216,0,146,2,1137,4,1920,2,3057,California
Trinity,2021-03-30,77,4913,5,479,72,4288,0,146,67,1194,10,1930,67,3124,California
Trinity,2021-03-31,56,4969,5,484,19,4307,32,178,21,1211,35,1965,52,3176,California
Trinity,2021-04-01,41,5010,11,495,19,4326,11,189,21,1223,20,1985,32,3208,California
Trinity,2021-04-02,251,5261,5,500,172,4498,74,263,79,1205,171,2156,153,3361,California
Trinity,2021-04-03,17,5278,12,512,5,4503,0,263,7,1202,10,2166,7,3368,California
Trinity,2021-04-04,10,5288,8,520,2,4505,0,263,8,1208,2,2168,8,3376,California
Trinity,2021-04-05,58,5346,6,526,51,4556,1,264,54,1259,4,2172,55,3431,California
Trinity,2021-04-06,118,5464,15,541,100,4656,3,267,29,1202,89,2261,32,3463,California
Trinity,2021-04-07,27,5491,12,553,10,4666,5,272,19,1218,8,2269,24,3487,California
Trinity,2021-04-08,89,5580,10,563,77,4743,2,274,52,1235,37,2306,54,3541,California
Trinity,2021-04-09,170,5750,20,583,146,4889,4,278,92,1253,78,2384,96,3637,California
Trinity,2021-04-10,11,5761,7,590,4,4893,0,278,10,1262,1,2385,10,3647,California
Trinity,2021-04-11,10,5771,5,595,3,4896,2,280,4,1262,6,2391,6,3653,California
Trinity,2021-04-12,77,5848,5,600,71,4967,1,281,64,1314,12,2403,64,3717,California
Trinity,2021-04-13,104,5952,5,605,99,5066,0,281,11,1232,93,2496,11,3728,California
Trinity,2021-04-14,10,5962,5,610,5,5071,0,281,6,1234,4,2500,6,3734,California
Trinity,2021-04-15,45,6007,10,620,35,5106,0,281,15,1220,29,2529,15,3749,California
Trinity,2021-04-16,153,6160,13,633,140,5246,0,281,80,1228,72,2601,80,3829,California
Trinity,2021-04-17,11,6171,5,638,6,5252,0,281,9,1235,2,2603,9,3838,California
Trinity,2021-04-18,3,6174,1,639,2,5254,0,281,0,1232,3,2606,0,3838,California
Trinity,2021-04-19,67,6241,2,641,65,5319,0,281,66,1297,1,2607,66,3904,California
Trinity,2021-04-20,94,6335,8,649,86,5405,0,281,21,1245,73,2680,21,3925,California
Trinity,2021-04-21,22,6357,9,658,13,5418,0,281,9,1241,13,2693,9,3934,California
Trinity,2021-04-22,92,6449,5,663,87,5505,0,281,14,1177,78,2771,14,3948,California
Trinity,2021-04-23,178,6627,6,669,172,5677,0,281,110,1219,68,2839,110,4058,California
Trinity,2021-04-24,23,6650,12,681,11,5688,0,281,6,1208,17,2856,6,4064,California
Trinity,2021-04-25,10,6660,9,690,1,5689,0,281,3,1205,6,2862,3,4067,California
Trinity,2021-04-26,48,6708,9,699,39,5728,0,281,40,1237,8,2870,40,4107,California
Trinity,2021-04-27,88,6796,11,710,77,5805,0,281,23,1195,65,2935,23,4130,California
Trinity,2021-04-28,32,6828,11,721,21,5826,0,281,12,1187,20,2955,12,4142,California
Trinity,2021-04-29,34,6862,13,734,21,5847,0,281,12,1177,22,2977,12,4154,California
Trinity,2021-04-30,27,6889,21,755,6,5853,0,281,8,1167,18,2995,8,4162,California
Trinity,2021-05-01,15,6904,8,763,2,5855,5,286,5,1167,10,3005,10,4172,California
Trinity,2021-05-02,8,6912,5,768,1,5856,2,288,2,1165,6,3011,4,4176,California
Trinity,2021-05-03,58,6970,13,781,44,5900,1,289,9,1127,48,3059,10,4186,California
Trinity,2021-05-04,24,6994,11,792,12,5912,1,290,8,1120,16,3075,9,4195,California
Trinity,2021-05-05,11,7005,7,799,4,5916,0,290,4,1117,7,3082,4,4199,California
Trinity,2021-05-06,73,7078,10,809,61,5977,2,292,16,1078,57,3139,18,4217,California
Trinity,2021-05-07,179,7257,12,821,133,6110,34,326,14,961,165,3304,48,4265,California
Trinity,2021-05-08,6,7263,2,823,4,6114,0,326,2,959,4,3308,2,4267,California
Trinity,2021-05-09,11,7274,8,831,3,6117,0,326,7,962,4,3312,7,4274,California
Trinity,2021-05-10,15,7289,5,836,9,6126,1,327,8,964,7,3319,9,4283,California
Trinity,2021-05-11,8,7297,4,840,4,6130,0,327,6,968,2,3321,6,4289,California
Trinity,2021-05-12,19,7316,16,856,2,6132,1,328,14,978,5,3326,15,4304,California
Trinity,2021-05-13,15,7331,10,866,4,6136,1,329,9,982,6,3332,10,4314,California
Trinity,2021-05-14,141,7472,19,885,94,6230,28,357,39,947,102,3434,67,4381,California
Trinity,2021-05-15,15,7487,10,895,4,6234,1,358,7,948,7,3441,8,4389,California
Trinity,2021-05-16,8,7495,6,901,2,6236,0,358,6,952,2,3443,6,4395,California
Trinity,2021-05-17,108,7603,20,921,86,6322,2,360,42,930,66,3509,44,4439,California
Trinity,2021-05-18,37,7640,7,928,29,6351,1,361,11,916,26,3535,12,4451,California
Trinity,2021-05-19,146,7786,17,945,100,6451,29,390,29,858,116,3651,58,4509,California
Trinity,2021-05-20,28,7814,21,966,4,6455,3,393,17,867,11,3662,20,4529,California
Trinity,2021-05-21,21,7835,12,978,9,6464,0,393,12,870,9,3671,12,4541,California
Trinity,2021-05-22,17,7852,14,992,3,6467,0,393,13,879,4,3675,13,4554,California
Trinity,2021-05-23,6,7858,4,996,2,6469,0,393,2,877,4,3679,2,4556,California
Trinity,2021-05-24,109,7967,12,1008,96,6565,1,394,8,786,100,3779,9,4565,California
Trinity,2021-05-25,39,8006,14,1022,25,6590,0,394,17,781,22,3801,17,4582,California
Trinity,2021-05-26,12,8018,6,1028,6,6596,0,394,4,777,8,3809,4,4586,California
Trinity,2021-05-27,31,8049,14,1042,12,6608,5,399,8,767,23,3832,13,4599,California
Trinity,2021-05-28,14,8063,10,1052,3,6611,1,400,7,768,7,3839,8,4607,California
Trinity,2021-05-29,10,8073,7,1059,2,6613,1,401,7,773,3,3842,8,4615,California
Trinity,2021-05-30,6,8079,5,1064,1,6614,0,401,0,767,6,3848,0,4615,California
Trinity,2021-05-31,4,8083,3,1067,1,6615,0,401,2,767,2,3850,2,4617,California
Trinity,2021-06-01,14,8097,7,1074,5,6620,2,403,3,762,10,3860,5,4622,California
Trinity,2021-06-02,24,8121,19,1093,3,6623,2,405,9,758,15,3875,11,4633,California
Trinity,2021-06-03,39,8160,13,1106,26,6649,0,405,13,745,26,3901,13,4646,California
Trinity,2021-06-04,45,8205,21,1127,16,6665,8,413,12,732,33,3934,20,4666,California
Trinity,2021-06-05,19,8224,18,1145,1,6666,0,413,13,739,6,3940,13,4679,California
Trinity,2021-06-06,9,8233,6,1151,2,6668,1,414,2,735,7,3947,3,4682,California
Trinity,2021-06-07,28,8261,19,1170,8,6676,1,415,12,732,16,3963,13,4695,California
Trinity,2021-06-08,15,8276,13,1183,1,6677,1,416,4,726,11,3974,5,4700,California
Trinity,2021-06-09,24,8300,14,1197,1,6678,9,425,5,721,19,3993,14,4714,California
Trinity,2021-06-10,20,8320,18,1215,2,6680,0,425,5,711,15,4008,5,4719,California
Trinity,2021-06-11,45,8365,10,1225,33,6713,2,427,14,696,31,4039,16,4735,California
Trinity,2021-06-12,9,8374,9,1234,0,6713,0,427,2,691,7,4046,2,4737,California
Trinity,2021-06-13,4,8378,4,1238,0,6713,0,427,1,689,3,4049,1,4738,California
Trinity,2021-06-14,43,8421,16,1254,27,6740,0,427,11,668,32,4081,11,4749,California
Trinity,2021-06-15,45,8466,21,1275,3,6743,21,448,9,661,36,4117,29,4778,California
Trinity,2021-06-16,10,8476,6,1281,4,6747,0,448,3,657,7,4124,3,4781,California
Trinity,2021-06-17,15,8491,12,1293,1,6748,2,450,6,657,8,4132,8,4789,California
Trinity,2021-06-18,18,8509,10,1303,6,6754,2,452,6,653,12,4144,8,4797,California
Trinity,2021-06-19,10,8519,10,1313,0,6754,0,452,2,647,8,4152,2,4799,California
Trinity,2021-06-20,3,8522,3,1316,0,6754,0,452,3,650,0,4152,3,4802,California
Trinity,2021-06-21,8,8530,6,1322,0,6754,2,454,5,654,3,4155,7,4809,California
Trinity,2021-06-22,32,8562,9,1331,13,6767,10,464,14,660,18,4173,24,4833,California
Trinity,2021-06-23,15,8577,8,1339,1,6768,6,470,2,655,13,4186,8,4841,California
Trinity,2021-06-24,24,8601,14,1353,4,6772,6,476,15,667,9,4195,21,4862,California
Trinity,2021-06-25,10,8611,10,1363,0,6772,0,476,6,669,4,4199,6,4868,California
Trinity,2021-06-26,18,8629,18,1381,0,6772,0,476,8,667,10,4209,8,4876,California
Trinity,2021-06-27,4,8633,4,1385,0,6772,0,476,0,663,4,4213,0,4876,California
Trinity,2021-06-28,11,8644,9,1394,1,6773,1,477,4,661,7,4220,5,4881,California
Trinity,2021-06-29,11,8655,5,1399,3,6776,3,480,5,663,6,4226,8,4889,California
Trinity,2021-06-30,14,8669,10,1409,1,6777,3,483,6,664,8,4234,9,4898,California
Trinity,2021-07-01,30,8699,11,1420,12,6789,7,490,10,661,20,4254,17,4915,California
Trinity,2021-07-02,24,8723,6,1426,6,6795,12,502,6,661,18,4272,18,4933,California
Trinity,2021-07-03,4,8727,1,1427,0,6795,3,505,0,660,4,4276,3,4936,California
Trinity,2021-07-04,1,8728,1,1428,0,6795,0,505,1,661,0,4276,1,4937,California
Trinity,2021-07-05,12,8740,12,1440,0,6795,0,505,5,659,7,4283,5,4942,California
Trinity,2021-07-06,11,8751,10,1450,1,6796,0,505,5,658,6,4289,5,4947,California
Tulare,2020-12-15,1,1,1,1,0,0,0,0,1,1,0,0,1,1,California
Tulare,2020-12-16,4,5,4,5,0,0,0,0,4,5,0,0,4,5,California
Tulare,2020-12-17,110,115,110,115,0,0,0,0,110,115,0,0,110,115,California
Tulare,2020-12-18,290,405,289,404,1,1,0,0,290,405,0,0,290,405,California
Tulare,2020-12-19,326,731,326,730,0,1,0,0,326,731,0,0,326,731,California
Tulare,2020-12-20,165,896,165,895,0,1,0,0,165,896,0,0,165,896,California
Tulare,2020-12-21,424,1320,424,1319,0,1,0,0,444,1340,0,0,444,1340,California
Tulare,2020-12-22,470,1790,468,1787,2,3,0,0,469,1809,0,0,469,1809,California
Tulare,2020-12-23,327,2117,318,2105,9,12,0,0,325,2134,0,0,325,2134,California
Tulare,2020-12-24,18,2135,16,2121,2,14,0,0,18,2152,0,0,18,2152,California
Tulare,2020-12-26,8,2143,7,2128,1,15,0,0,8,2160,0,0,8,2160,California
Tulare,2020-12-27,16,2159,12,2140,4,19,0,0,16,2176,0,0,16,2176,California
Tulare,2020-12-28,480,2639,467,2607,13,32,0,0,479,2655,0,0,479,2655,California
Tulare,2020-12-29,550,3189,480,3087,70,102,0,0,550,3205,0,0,550,3205,California
Tulare,2020-12-30,469,3658,425,3512,44,146,0,0,469,3674,0,0,469,3674,California
Tulare,2020-12-31,100,3758,22,3534,78,224,0,0,100,3774,0,0,100,3774,California
Tulare,2021-01-01,3,3761,1,3535,2,226,0,0,3,3777,0,0,3,3777,California
Tulare,2021-01-02,32,3793,19,3554,13,239,0,0,32,3809,0,0,32,3809,California
Tulare,2021-01-03,23,3816,9,3563,14,253,0,0,23,3832,0,0,23,3832,California
Tulare,2021-01-04,93,3909,16,3579,77,330,0,0,93,3925,0,0,93,3925,California
Tulare,2021-01-05,465,4374,279,3858,186,516,0,0,463,4386,2,2,463,4388,California
Tulare,2021-01-06,864,5238,634,4492,230,746,0,0,854,5230,10,12,854,5242,California
Tulare,2021-01-07,782,6020,585,5077,197,943,0,0,674,5796,108,120,674,5916,California
Tulare,2021-01-08,1279,7299,573,5650,706,1649,0,0,942,6402,336,456,942,6858,California
Tulare,2021-01-09,806,8105,204,5854,602,2251,0,0,618,6832,188,644,618,7476,California
Tulare,2021-01-10,51,8156,43,5897,8,2259,0,0,13,6807,38,682,13,7489,California
Tulare,2021-01-11,1275,9431,772,6669,503,2762,0,0,836,7204,439,1121,836,8325,California
Tulare,2021-01-12,1451,10882,505,7174,946,3708,0,0,1039,7834,411,1532,1041,9366,California
Tulare,2021-01-13,411,11293,179,7353,232,3940,0,0,336,8095,75,1607,336,9702,California
Tulare,2021-01-14,495,11788,145,7498,350,4290,0,0,469,8549,15,1622,469,10171,California
Tulare,2021-01-15,1651,13439,156,7654,1495,5785,0,0,1642,10182,9,1631,1642,11813,California
Tulare,2021-01-16,1930,15369,115,7769,1815,7600,0,0,1916,12084,14,1645,1916,13729,California
Tulare,2021-01-17,142,15511,122,7891,20,7620,0,0,132,12206,10,1655,132,13861,California
Tulare,2021-01-18,693,16204,657,8548,36,7656,0,0,295,12103,398,2053,295,14156,California
Tulare,2021-01-19,1020,17224,690,9238,330,7986,0,0,593,12269,427,2480,593,14749,California
Tulare,2021-01-20,2481,19705,667,9905,1814,9800,0,0,2044,13922,392,2872,2045,16794,California
Tulare,2021-01-21,1618,21323,227,10132,1391,11191,0,0,1590,15490,22,2894,1590,18384,California
Tulare,2021-01-22,1093,22416,213,10345,880,12071,0,0,1063,16524,29,2923,1063,19447,California
Tulare,2021-01-23,439,22855,156,10501,283,12354,0,0,418,16921,21,2944,418,19865,California
Tulare,2021-01-24,31,22886,28,10529,3,12357,0,0,29,16948,2,2946,29,19894,California
Tulare,2021-01-25,1352,24238,987,11516,365,12722,0,0,1299,18194,53,2999,1299,21193,California
Tulare,2021-01-26,1508,25746,1102,12618,406,13128,0,0,1168,19023,339,3338,1168,22361,California
Tulare,2021-01-27,1507,27253,1074,13692,433,13561,0,0,924,19365,582,3920,924,23285,California
Tulare,2021-01-28,1220,28473,779,14471,441,14002,0,0,819,19783,401,4321,819,24104,California
Tulare,2021-01-29,1129,29602,717,15188,412,14414,0,0,819,20292,310,4631,819,24923,California
Tulare,2021-01-30,1673,31275,1578,16766,95,14509,0,0,1648,21916,25,4656,1649,26572,California
Tulare,2021-01-31,66,31341,61,16827,5,14514,0,0,62,21974,4,4660,62,26634,California
Tulare,2021-02-01,1174,32515,901,17728,273,14787,0,0,812,22425,361,5021,812,27446,California
Tulare,2021-02-02,703,33218,348,18076,355,15142,0,0,448,22621,253,5274,449,27895,California
Tulare,2021-02-03,570,33788,237,18313,333,15475,0,0,330,22751,200,5474,330,28225,California
Tulare,2021-02-04,577,34365,176,18489,401,15876,0,0,283,22742,293,5767,284,28509,California
Tulare,2021-02-05,1246,35611,240,18729,1006,16882,0,0,407,22312,837,6604,407,28916,California
Tulare,2021-02-06,836,36447,156,18885,680,17562,0,0,208,21894,626,7230,208,29124,California
Tulare,2021-02-07,84,36531,71,18956,13,17575,0,0,23,21856,61,7291,23,29147,California
Tulare,2021-02-08,946,37477,329,19285,617,18192,0,0,239,21391,704,7995,239,29386,California
Tulare,2021-02-09,1416,38893,336,19621,1080,19272,0,0,341,20662,1070,9065,341,29727,California
Tulare,2021-02-10,2485,41378,1989,21610,496,19768,0,0,2073,22326,409,9474,2073,31800,California
Tulare,2021-02-11,1344,42722,377,21987,967,20735,0,0,878,22738,466,9940,878,32678,California
Tulare,2021-02-12,2793,45515,574,22561,2219,22954,0,0,1162,22278,1622,11562,1162,33840,California
Tulare,2021-02-13,2479,47994,158,22719,2321,25275,0,0,639,21081,1836,13398,639,34479,California
Tulare,2021-02-14,340,48334,39,22758,301,25576,0,0,303,21347,37,13435,303,34782,California
Tulare,2021-02-15,923,49257,295,23053,628,26204,0,0,662,21749,260,13695,662,35444,California
Tulare,2021-02-16,2853,52110,1596,24649,1257,27461,0,0,1084,21068,1766,15461,1085,36529,California
Tulare,2021-02-17,2708,54818,518,25167,2190,29651,0,0,451,19267,2252,17713,451,36980,California
Tulare,2021-02-18,2357,57175,453,25620,1904,31555,0,0,644,18206,1705,19418,644,37624,California
Tulare,2021-02-19,2354,59529,882,26502,1472,33027,0,0,971,17799,1378,20796,971,38595,California
Tulare,2021-02-20,3000,62529,1885,28387,1115,34142,0,0,1263,17333,1729,22525,1263,39858,California
Tulare,2021-02-21,102,62631,96,28483,6,34148,0,0,51,17336,48,22573,51,39909,California
Tulare,2021-02-22,1136,63767,716,29199,420,34568,0,0,214,16630,920,23493,214,40123,California
Tulare,2021-02-23,2003,65770,963,30162,1040,35608,0,0,1480,17590,520,24013,1480,41603,California
Tulare,2021-02-24,2508,68278,1561,31723,947,36555,0,0,2121,19327,385,24398,2122,43725,California
Tulare,2021-02-25,3556,71834,2010,33733,1546,38101,0,0,3133,22044,418,24816,3135,46860,California
Tulare,2021-02-26,3885,75719,1896,35629,1989,40090,0,0,3403,24967,480,25296,3403,50263,California
Tulare,2021-02-27,3014,78733,1498,37127,1516,41606,0,0,2879,27723,123,25419,2879,53142,California
Tulare,2021-02-28,1314,80047,1040,38167,274,41880,0,0,1292,28997,18,25437,1292,54434,California
Tulare,2021-03-01,1792,81839,809,38976,982,42862,1,1,1599,30407,190,25627,1600,56034,California
Tulare,2021-03-02,2818,84657,1271,40247,1547,44409,0,1,2636,32865,179,25806,2637,58671,California
Tulare,2021-03-03,4085,88742,2733,42980,1351,45760,1,2,2129,33046,1951,27757,2132,60803,California
Tulare,2021-03-04,2987,91729,1348,44328,1639,47399,0,2,2640,35348,338,28095,2640,63443,California
Tulare,2021-03-05,3505,95234,1759,46087,1731,49130,15,17,2985,37834,517,28612,3003,66446,California
Tulare,2021-03-06,3097,98331,1447,47534,1590,50720,60,77,2840,40478,254,28866,2898,69344,California
Tulare,2021-03-07,1141,99472,707,48241,413,51133,21,98,1100,41559,40,28906,1121,70465,California
Tulare,2021-03-08,1738,101210,1008,49249,561,51694,169,267,1405,42805,327,29233,1573,72038,California
Tulare,2021-03-09,3270,104480,2247,51496,875,52569,148,415,2855,45392,414,29647,3001,75039,California
Tulare,2021-03-10,2984,107464,1404,52900,1405,53974,175,590,2576,47745,397,30044,2750,77789,California
Tulare,2021-03-11,4246,111710,1999,54899,1943,55917,304,894,3294,50392,952,30996,3599,81388,California
Tulare,2021-03-12,4424,116134,2436,57335,1635,57552,353,1247,3129,52587,1285,32281,3480,84868,California
Tulare,2021-03-13,4156,120290,1946,59281,2106,59658,104,1351,3199,54941,949,33230,3303,88171,California
Tulare,2021-03-14,1862,122152,989,60270,653,60311,220,1571,1335,55967,526,33756,1552,89723,California
Tulare,2021-03-15,2756,124908,1632,61902,1009,61320,115,1686,1973,57280,778,34534,2091,91814,California
Tulare,2021-03-16,3442,128350,2122,64024,1243,62563,77,1763,1876,57675,1561,36095,1956,93770,California
Tulare,2021-03-17,4087,132437,2667,66691,1344,63907,76,1839,2323,58325,1756,37851,2406,96176,California
Tulare,2021-03-18,4677,137114,3414,70105,1191,65098,72,1911,2451,58638,2215,40066,2528,98704,California
Tulare,2021-03-19,5146,142260,3377,73482,1551,66649,218,2129,2726,59185,2399,42465,2946,101650,California
Tulare,2021-03-20,4491,146751,2798,76280,1322,67971,371,2500,2064,59206,2417,44882,2438,104088,California
Tulare,2021-03-21,2012,148763,1723,78003,263,68234,26,2526,1064,59351,944,45826,1089,105177,California
Tulare,2021-03-22,2582,151345,1795,79798,675,68909,112,2638,1696,60282,880,46706,1811,106988,California
Tulare,2021-03-23,3798,155143,2198,81996,1548,70457,52,2690,2080,60712,1708,48414,2138,109126,California
Tulare,2021-03-24,3207,158350,1989,83985,1177,71634,41,2731,1717,60992,1479,49893,1759,110885,California
Tulare,2021-03-25,3483,161833,1811,85796,1498,73132,174,2905,1669,61031,1806,51699,1845,112730,California
Tulare,2021-03-26,5265,167098,3136,88932,2017,75149,112,3017,2535,60966,2712,54411,2647,115377,California
Tulare,2021-03-27,3543,170641,1817,90749,1628,76777,98,3115,983,59494,2552,56963,1080,116457,California
Tulare,2021-03-28,1476,172117,1071,91820,374,77151,31,3146,672,59405,802,57765,713,117170,California
Tulare,2021-03-29,2889,175006,1674,93494,1108,78259,107,3253,1226,59082,1658,59423,1335,118505,California
Tulare,2021-03-30,4925,179931,2791,96285,1901,80160,233,3486,1499,57391,3415,62838,1724,120229,California
Tulare,2021-03-31,3973,183904,2343,98628,1516,81676,114,3600,1552,56646,2412,65250,1667,121896,California
Tulare,2021-04-01,4543,188447,2456,101084,2015,83691,72,3672,1560,55307,2972,68222,1633,123529,California
Tulare,2021-04-02,5372,193819,3062,104146,2184,85875,126,3798,1554,53187,3801,72023,1681,125210,California
Tulare,2021-04-03,3634,197453,2095,106241,1164,87039,375,4173,834,51632,2762,74785,1207,126417,California
Tulare,2021-04-04,1633,199086,1146,107387,480,87519,7,4180,356,50723,1272,76057,363,126780,California
Tulare,2021-04-05,3354,202440,2343,109730,744,88263,267,4447,850,49350,2491,78548,1118,127898,California
Tulare,2021-04-06,3440,205880,1472,111202,1471,89734,497,4944,891,48200,2540,81088,1390,129288,California
Tulare,2021-04-07,3939,209819,1840,113042,1657,91391,442,5386,1175,47054,2753,83841,1607,130895,California
Tulare,2021-04-08,4801,214620,2628,115670,1713,93104,460,5846,1537,45798,3250,87091,1994,132889,California
Tulare,2021-04-09,4847,219467,2996,118666,1415,94519,436,6282,1819,45034,3020,90111,2256,135145,California
Tulare,2021-04-10,3842,223309,2070,120736,1452,95971,320,6602,930,43377,2903,93014,1246,136391,California
Tulare,2021-04-11,1587,224896,1049,121785,464,96435,74,6676,490,42847,1094,94108,564,136955,California
Tulare,2021-04-12,3426,228322,2137,123922,693,97128,596,7272,1071,42170,2345,96453,1668,138623,California
Tulare,2021-04-13,2411,230733,1596,125518,806,97934,9,7281,900,41585,1496,97949,911,139534,California
Tulare,2021-04-14,2879,233612,1702,127220,1177,99111,0,7281,911,40533,1963,99912,911,140445,California
Tulare,2021-04-15,3320,236932,2166,129386,1154,100265,0,7281,1472,40170,1835,101747,1472,141917,California
Tulare,2021-04-16,3726,240658,2249,131635,1477,101742,0,7281,1492,39442,2220,103967,1492,143409,California
Tulare,2021-04-17,2254,242912,1327,132962,927,102669,0,7281,1194,39584,1053,105020,1195,144604,California
Tulare,2021-04-18,1575,244487,1237,134199,338,103007,0,7281,827,39664,747,105767,827,145431,California
Tulare,2021-04-19,2186,246673,1272,135471,913,103920,1,7282,897,39278,1284,107051,898,146329,California
Tulare,2021-04-20,2423,249096,1390,136861,1033,104953,0,7282,1006,38884,1400,108451,1006,147335,California
Tulare,2021-04-21,2325,251421,1441,138302,884,105837,0,7282,842,38285,1442,109893,843,148178,California
Tulare,2021-04-22,2173,253594,1235,139537,938,106775,0,7282,742,37615,1412,111305,742,148920,California
Tulare,2021-04-23,2642,256236,1630,141167,1011,107786,1,7283,1030,37047,1599,112904,1031,149951,California
Tulare,2021-04-24,1643,257879,1053,142220,588,108374,2,7285,852,37114,787,113691,854,150805,California
Tulare,2021-04-25,694,258573,522,142742,172,108546,0,7285,266,36953,427,114118,266,151071,California
Tulare,2021-04-26,1557,260130,947,143689,591,109137,19,7304,655,36730,895,115013,672,151743,California
Tulare,2021-04-27,1703,261833,708,144397,957,110094,38,7342,731,36531,967,115980,768,152511,California
Tulare,2021-04-28,1752,263585,1006,145403,704,110798,42,7384,698,36221,1049,117029,739,153250,California
Tulare,2021-04-29,2044,265629,1230,146633,776,111574,38,7422,796,35818,1235,118264,832,154082,California
Tulare,2021-04-30,2467,268096,1801,148434,616,112190,50,7472,911,35230,1548,119812,960,155042,California
Tulare,2021-05-01,1420,269516,1216,149650,192,112382,12,7484,732,35296,678,120490,744,155786,California
Tulare,2021-05-02,590,270106,501,150151,72,112454,17,7501,188,35102,398,120888,204,155990,California
Tulare,2021-05-03,1623,271729,1096,151247,402,112856,125,7626,349,34309,1267,122155,474,156464,California
Tulare,2021-05-04,1574,273303,845,152092,659,113515,70,7696,630,34072,934,123089,697,157161,California
Tulare,2021-05-05,1317,274620,656,152748,572,114087,89,7785,451,33757,855,123944,540,157701,California
Tulare,2021-05-06,1992,276612,1348,154096,595,114682,49,7834,603,33029,1380,125324,652,158353,California
Tulare,2021-05-07,1855,278467,1263,155359,524,115206,68,7902,524,32297,1323,126647,591,158944,California
Tulare,2021-05-08,1243,279710,817,156176,401,115607,25,7927,533,32154,701,127348,558,159502,California
Tulare,2021-05-09,595,280305,471,156647,103,115710,21,7948,115,31816,475,127823,137,159639,California
Tulare,2021-05-10,1024,281329,591,157238,367,116077,66,8014,307,31476,713,128536,373,160012,California
Tulare,2021-05-11,1320,282649,702,157940,539,116616,79,8093,548,31338,765,129301,627,160639,California
Tulare,2021-05-12,1604,284253,1040,158980,506,117122,58,8151,434,30674,1155,130456,491,161130,California
Tulare,2021-05-13,1585,285838,1019,159999,528,117650,38,8189,723,30577,857,131313,760,161890,California
Tulare,2021-05-14,1979,287817,1286,161285,631,118281,62,8251,898,30469,1068,132381,960,162850,California
Tulare,2021-05-15,1568,289385,884,162169,637,118918,47,8298,663,30276,897,133278,704,163554,California
Tulare,2021-05-16,699,290084,558,162727,129,119047,12,8310,325,30241,372,133650,337,163891,California
Tulare,2021-05-17,1568,291652,984,163711,510,119557,74,8384,745,30245,815,134465,819,164710,California
Tulare,2021-05-18,1587,293239,861,164572,673,120230,53,8437,786,30286,796,135261,837,165547,California
Tulare,2021-05-19,1483,294722,955,165527,494,120724,34,8471,759,30363,716,135977,793,166340,California
Tulare,2021-05-20,1592,296314,1075,166602,430,121154,87,8558,761,30384,827,136804,848,167188,California
Tulare,2021-05-21,1953,298267,1424,168026,487,121641,42,8600,1061,30603,884,137688,1103,168291,California
Tulare,2021-05-22,1614,299881,1148,169174,443,122084,23,8623,607,30235,999,138687,631,168922,California
Tulare,2021-05-23,412,300293,327,169501,75,122159,10,8633,208,30251,202,138889,218,169140,California
Tulare,2021-05-24,938,301231,579,170080,299,122458,60,8693,419,30213,517,139406,479,169619,California
Tulare,2021-05-25,1186,302417,702,170782,452,122910,32,8725,505,30075,675,140081,537,170156,California
Tulare,2021-05-26,885,303302,488,171270,355,123265,42,8767,395,30025,486,140567,436,170592,California
Tulare,2021-05-27,1276,304578,806,172076,439,123704,31,8798,586,29957,687,141254,619,171211,California
Tulare,2021-05-28,1191,305769,661,172737,481,124185,49,8847,626,30072,559,141813,674,171885,California
Tulare,2021-05-29,882,306651,653,173390,209,124394,20,8867,502,30216,378,142191,522,172407,California
Tulare,2021-05-30,285,306936,206,173596,71,124465,8,8875,163,30267,120,142311,171,172578,California
Tulare,2021-05-31,132,307068,52,173648,69,124534,11,8886,55,30257,76,142387,66,172644,California
Tulare,2021-06-01,1058,308126,627,174275,400,124934,31,8917,384,30006,665,143052,414,173058,California
Tulare,2021-06-02,795,308921,467,174742,295,125229,33,8950,354,29961,430,143482,385,173443,California
Tulare,2021-06-03,1139,310060,810,175552,272,125501,57,9007,390,29678,729,144211,446,173889,California
Tulare,2021-06-04,1169,311229,831,176383,306,125807,32,9039,360,29266,804,145015,392,174281,California
Tulare,2021-06-05,885,312114,698,177081,172,125979,15,9054,302,29002,581,145596,317,174598,California
Tulare,2021-06-06,419,312533,355,177436,46,126025,18,9072,138,28878,280,145876,156,174754,California
Tulare,2021-06-07,883,313416,695,178131,153,126178,35,9107,278,28588,602,146478,312,175066,California
Tulare,2021-06-08,1050,314466,777,178908,213,126391,60,9167,351,28305,694,147172,411,175477,California
Tulare,2021-06-09,1087,315553,758,179666,293,126684,36,9203,345,27948,736,147908,379,175856,California
Tulare,2021-06-10,1102,316655,886,180552,180,126864,36,9239,381,27645,719,148627,416,176272,California
Tulare,2021-06-11,1231,317886,882,181434,314,127178,35,9274,379,27217,842,149469,414,176686,California
Tulare,2021-06-12,956,318842,742,182176,203,127381,11,9285,333,26944,617,150086,344,177030,California
Tulare,2021-06-13,315,319157,226,182402,85,127466,4,9289,91,26816,223,150309,95,177125,California
Tulare,2021-06-14,769,319926,565,182967,179,127645,25,9314,295,26667,469,150778,320,177445,California
Tulare,2021-06-15,987,320913,669,183636,288,127933,30,9344,434,26585,546,151324,464,177909,California
Tulare,2021-06-16,859,321772,582,184218,226,128159,51,9395,376,26533,480,151804,428,178337,California
Tulare,2021-06-17,1026,322798,755,184973,241,128400,30,9425,411,26362,612,152416,441,178778,California
Tulare,2021-06-18,989,323787,696,185669,256,128656,37,9462,372,26155,615,153031,408,179186,California
Tulare,2021-06-19,849,324636,678,186347,158,128814,13,9475,388,26099,457,153488,401,179587,California
Tulare,2021-06-20,249,324885,186,186533,55,128869,8,9483,74,26008,174,153662,83,179670,California
Tulare,2021-06-21,522,325407,342,186875,149,129018,31,9514,304,26125,217,153879,334,180004,California
Tulare,2021-06-22,750,326157,514,187389,212,129230,24,9538,345,26095,399,154278,369,180373,California
Tulare,2021-06-23,736,326893,501,187890,209,129439,26,9564,400,26189,332,154610,426,180799,California
Tulare,2021-06-24,845,327738,638,188528,152,129591,55,9619,421,26244,421,155031,476,181275,California
Tulare,2021-06-25,848,328586,551,189079,277,129868,20,9639,441,26303,402,155433,461,181736,California
Tulare,2021-06-26,930,329516,733,189812,172,130040,25,9664,530,26461,397,155830,555,182291,California
Tulare,2021-06-27,246,329762,183,189995,56,130096,7,9671,115,26453,130,155960,122,182413,California
Tulare,2021-06-28,576,330338,434,190429,112,130208,30,9701,291,26491,282,156242,320,182733,California
Tulare,2021-06-29,717,331055,459,190888,216,130424,42,9743,337,26496,374,156616,379,183112,California
Tulare,2021-06-30,687,331742,465,191353,191,130615,31,9774,374,26590,309,156925,403,183515,California
Tulare,2021-07-01,820,332562,617,191970,172,130787,31,9805,384,26575,429,157354,414,183929,California
Tulare,2021-07-02,719,333281,503,192473,199,130986,17,9822,377,26634,336,157690,395,184324,California
Tulare,2021-07-03,454,333735,329,192802,116,131102,9,9831,220,26634,229,157919,229,184553,California
Tulare,2021-07-04,31,333766,20,192822,10,131112,1,9832,17,26638,14,157933,18,184571,California
Tulare,2021-07-05,401,334167,292,193114,97,131209,12,9844,206,26664,192,158125,218,184789,California
Tulare,2021-07-06,416,334583,314,193428,88,131297,14,9858,163,26592,248,158373,176,184965,California
Tuolumne,2020-12-16,47,47,47,47,0,0,0,0,47,47,0,0,47,47,California
Tuolumne,2020-12-17,18,65,18,65,0,0,0,0,18,65,0,0,18,65,California
Tuolumne,2020-12-18,101,166,100,165,1,1,0,0,101,166,0,0,101,166,California
Tuolumne,2020-12-19,5,171,5,170,0,1,0,0,5,171,0,0,5,171,California
Tuolumne,2020-12-20,2,173,2,172,0,1,0,0,2,173,0,0,2,173,California
Tuolumne,2020-12-21,115,288,101,273,14,15,0,0,115,288,0,0,115,288,California
Tuolumne,2020-12-22,172,460,172,445,0,15,0,0,172,460,0,0,172,460,California
Tuolumne,2020-12-23,185,645,183,628,2,17,0,0,185,645,0,0,185,645,California
Tuolumne,2020-12-25,1,646,1,629,0,17,0,0,1,646,0,0,1,646,California
Tuolumne,2020-12-26,2,648,2,631,0,17,0,0,2,648,0,0,2,648,California
Tuolumne,2020-12-28,75,723,73,704,2,19,0,0,75,723,0,0,75,723,California
Tuolumne,2020-12-29,102,825,38,742,64,83,0,0,102,825,0,0,102,825,California
Tuolumne,2020-12-30,77,902,22,764,55,138,0,0,77,902,0,0,77,902,California
Tuolumne,2020-12-31,27,929,20,784,7,145,0,0,27,929,0,0,27,929,California
Tuolumne,2021-01-01,6,935,5,789,1,146,0,0,6,935,0,0,6,935,California
Tuolumne,2021-01-02,120,1055,117,906,3,149,0,0,120,1055,0,0,120,1055,California
Tuolumne,2021-01-03,2,1057,2,908,0,149,0,0,2,1057,0,0,2,1057,California
Tuolumne,2021-01-04,69,1126,26,934,43,192,0,0,69,1126,0,0,69,1126,California
Tuolumne,2021-01-05,94,1220,28,962,66,258,0,0,91,1215,3,3,92,1218,California
Tuolumne,2021-01-06,132,1352,71,1033,61,319,0,0,68,1219,64,67,68,1286,California
Tuolumne,2021-01-07,120,1472,64,1097,56,375,0,0,64,1227,56,123,64,1350,California
Tuolumne,2021-01-08,106,1578,82,1179,24,399,0,0,27,1178,78,201,29,1379,California
Tuolumne,2021-01-09,2,1580,0,1179,2,401,0,0,2,1180,0,201,2,1381,California
Tuolumne,2021-01-10,3,1583,1,1180,2,403,0,0,3,1183,0,201,3,1384,California
Tuolumne,2021-01-11,117,1700,91,1271,26,429,0,0,35,1136,82,283,35,1419,California
Tuolumne,2021-01-12,102,1802,86,1357,16,445,0,0,18,1070,84,367,18,1437,California
Tuolumne,2021-01-13,231,2033,125,1482,106,551,0,0,182,1204,49,416,183,1620,California
Tuolumne,2021-01-14,148,2181,108,1590,40,591,0,0,43,1143,104,520,43,1663,California
Tuolumne,2021-01-15,474,2655,73,1663,401,992,0,0,411,1492,62,582,411,2074,California
Tuolumne,2021-01-16,7,2662,3,1666,4,996,0,0,6,1497,1,583,6,2080,California
Tuolumne,2021-01-17,8,2670,4,1670,4,1000,0,0,8,1505,0,583,8,2088,California
Tuolumne,2021-01-18,47,2717,38,1708,9,1009,0,0,10,1479,36,619,10,2098,California
Tuolumne,2021-01-19,479,3196,72,1780,407,1416,0,0,435,1870,44,663,435,2533,California
Tuolumne,2021-01-20,76,3272,58,1838,18,1434,0,0,24,1843,51,714,24,2557,California
Tuolumne,2021-01-21,58,3330,24,1862,34,1468,0,0,42,1869,16,730,42,2599,California
Tuolumne,2021-01-22,172,3502,17,1879,155,1623,0,0,164,2025,8,738,164,2763,California
Tuolumne,2021-01-23,652,4154,130,2009,522,2145,0,0,542,2473,110,848,558,3321,California
Tuolumne,2021-01-24,525,4679,2,2011,523,2668,0,0,521,2993,4,852,524,3845,California
Tuolumne,2021-01-25,51,4730,28,2039,23,2691,0,0,25,2993,26,878,26,3871,California
Tuolumne,2021-01-26,81,4811,68,2107,13,2704,0,0,40,2993,41,919,41,3912,California
Tuolumne,2021-01-27,61,4872,4,2111,57,2761,0,0,9,2951,51,970,9,3921,California
Tuolumne,2021-01-28,27,4899,6,2117,21,2782,0,0,18,2960,9,979,18,3939,California
Tuolumne,2021-01-29,74,4973,5,2122,69,2851,0,0,36,2958,38,1017,36,3975,California
Tuolumne,2021-01-30,723,5696,561,2683,162,3013,0,0,698,3650,25,1042,717,4692,California
Tuolumne,2021-01-31,9,5705,2,2685,7,3020,0,0,6,3653,3,1045,6,4698,California
Tuolumne,2021-02-01,27,5732,7,2692,20,3040,0,0,24,3674,3,1048,24,4722,California
Tuolumne,2021-02-02,656,6388,49,2741,607,3647,0,0,642,4306,11,1059,643,5365,California
Tuolumne,2021-02-03,247,6635,112,2853,135,3782,0,0,93,4245,154,1213,93,5458,California
Tuolumne,2021-02-04,126,6761,14,2867,112,3894,0,0,64,4247,62,1275,64,5522,California
Tuolumne,2021-02-05,104,6865,14,2881,90,3984,0,0,39,4222,64,1339,39,5561,California
Tuolumne,2021-02-06,872,7737,593,3474,279,4263,0,0,862,5080,10,1349,868,6429,California
Tuolumne,2021-02-07,8,7745,4,3478,4,4267,0,0,4,5080,4,1353,4,6433,California
Tuolumne,2021-02-08,95,7840,43,3521,52,4319,0,0,70,5125,25,1378,70,6503,California
Tuolumne,2021-02-09,864,8704,51,3572,813,5132,0,0,822,5905,42,1420,822,7325,California
Tuolumne,2021-02-10,96,8800,18,3590,78,5210,0,0,33,5877,61,1481,33,7358,California
Tuolumne,2021-02-11,148,8948,68,3658,80,5290,0,0,82,5893,66,1547,82,7440,California
Tuolumne,2021-02-12,652,9600,22,3680,630,5920,0,0,212,5666,439,1986,212,7652,California
Tuolumne,2021-02-13,158,9758,45,3725,113,6033,0,0,123,5755,34,2020,123,7775,California
Tuolumne,2021-02-14,152,9910,14,3739,138,6171,0,0,151,5905,1,2021,151,7926,California
Tuolumne,2021-02-15,189,10099,11,3750,178,6349,0,0,180,6076,9,2030,180,8106,California
Tuolumne,2021-02-16,533,10632,18,3768,515,6864,0,0,124,5797,405,2435,126,8232,California
Tuolumne,2021-02-17,112,10744,64,3832,48,6912,0,0,62,5810,49,2484,62,8294,California
Tuolumne,2021-02-18,689,11433,30,3862,659,7571,0,0,637,6396,52,2536,638,8932,California
Tuolumne,2021-02-19,147,11580,25,3887,122,7693,0,0,46,6341,101,2637,46,8978,California
Tuolumne,2021-02-20,914,12494,344,4231,570,8263,0,0,386,6221,510,3147,390,9368,California
Tuolumne,2021-02-21,991,13485,43,4274,948,9211,0,0,476,6192,511,3658,482,9850,California
Tuolumne,2021-02-22,82,13567,60,4334,22,9233,0,0,47,6206,33,3691,47,9897,California
Tuolumne,2021-02-23,49,13616,25,4359,24,9257,0,0,25,6208,23,3714,25,9922,California
Tuolumne,2021-02-24,104,13720,57,4416,47,9304,0,0,40,6186,63,3777,41,9963,California
Tuolumne,2021-02-25,1059,14779,36,4452,1023,10327,0,0,1024,7176,35,3812,1025,10988,California
Tuolumne,2021-02-26,154,14933,12,4464,142,10469,0,0,124,7271,30,3842,125,11113,California
Tuolumne,2021-02-27,963,15896,584,5048,379,10848,0,0,247,6827,696,4538,252,11365,California
Tuolumne,2021-02-28,56,15952,4,5052,52,10900,0,0,52,6876,3,4541,52,11417,California
Tuolumne,2021-03-01,121,16073,22,5074,98,10998,1,1,79,6916,41,4582,81,11498,California
Tuolumne,2021-03-02,715,16788,79,5153,636,11634,0,1,109,6420,605,5187,109,11607,California
Tuolumne,2021-03-03,98,16886,22,5175,76,11710,0,1,66,6455,31,5218,66,11673,California
Tuolumne,2021-03-04,1177,18063,77,5252,1100,12810,0,1,1108,7496,67,5285,1108,12781,California
Tuolumne,2021-03-05,93,18156,10,5262,83,12893,0,1,52,7509,40,5325,53,12834,California
Tuolumne,2021-03-06,1068,19224,610,5872,456,13349,2,3,200,6856,860,6185,207,13041,California
Tuolumne,2021-03-07,41,19265,12,5884,14,13363,15,18,18,6866,23,6208,33,13074,California
Tuolumne,2021-03-08,200,19465,91,5975,102,13465,7,25,141,6955,59,6267,148,13222,California
Tuolumne,2021-03-09,875,20340,19,5994,845,14310,11,36,66,6230,802,7069,77,13299,California
Tuolumne,2021-03-10,101,20441,19,6013,71,14381,11,47,54,6248,47,7116,65,13364,California
Tuolumne,2021-03-11,1308,21749,45,6058,1258,15639,5,52,1256,7459,52,7168,1263,14627,California
Tuolumne,2021-03-12,317,22066,44,6102,258,15897,15,67,191,7544,124,7292,209,14836,California
Tuolumne,2021-03-13,119,22185,12,6114,107,16004,0,67,83,7593,35,7327,84,14920,California
Tuolumne,2021-03-14,149,22334,10,6124,130,16134,9,76,6,7470,143,7470,20,14940,California
Tuolumne,2021-03-15,305,22639,83,6207,219,16353,3,79,104,7385,200,7670,115,15055,California
Tuolumne,2021-03-16,812,23451,41,6248,760,17113,11,90,672,7931,139,7809,685,15740,California
Tuolumne,2021-03-17,156,23607,33,6281,110,17223,13,103,79,7947,76,7885,92,15832,California
Tuolumne,2021-03-18,953,24560,27,6308,912,18135,14,117,316,7645,632,8517,330,16162,California
Tuolumne,2021-03-19,138,24698,19,6327,89,18224,30,147,75,7688,62,8579,105,16267,California
Tuolumne,2021-03-20,93,24791,8,6335,75,18299,10,157,38,7681,54,8633,47,16314,California
Tuolumne,2021-03-21,843,25634,395,6730,438,18737,10,167,38,6942,789,9422,50,16364,California
Tuolumne,2021-03-22,167,25801,75,6805,73,18810,19,186,97,6990,69,9491,117,16481,California
Tuolumne,2021-03-23,717,26518,641,7446,62,18872,14,200,678,7643,38,9529,691,17172,California
Tuolumne,2021-03-24,113,26631,22,7468,73,18945,18,218,78,7706,33,9562,96,17268,California
Tuolumne,2021-03-25,1303,27934,24,7492,1276,20221,3,221,325,7061,973,10535,328,17596,California
Tuolumne,2021-03-26,282,28216,19,7511,239,20460,24,245,120,7056,150,10685,145,17741,California
Tuolumne,2021-03-27,588,28804,55,7566,533,20993,0,245,318,7112,265,10950,321,18062,California
Tuolumne,2021-03-28,47,28851,6,7572,41,21034,0,245,8,7083,38,10988,9,18071,California
Tuolumne,2021-03-29,210,29061,87,7659,123,21157,0,245,111,7098,96,11084,111,18182,California
Tuolumne,2021-03-30,170,29231,13,7672,156,21313,1,246,124,7178,45,11129,125,18307,California
Tuolumne,2021-03-31,97,29328,14,7686,81,21394,2,248,40,7165,55,11184,42,18349,California
Tuolumne,2021-04-01,1254,30582,30,7716,1224,22618,0,248,229,6372,1022,12206,229,18578,California
Tuolumne,2021-04-02,171,30753,12,7728,133,22751,26,274,93,6416,75,12281,119,18697,California
Tuolumne,2021-04-03,436,31189,36,7764,398,23149,2,276,245,6474,188,12469,246,18943,California
Tuolumne,2021-04-04,34,31223,4,7768,30,23179,0,276,21,6484,11,12480,21,18964,California
Tuolumne,2021-04-05,131,31354,19,7787,105,23284,7,283,58,6476,73,12553,65,19029,California
Tuolumne,2021-04-06,655,32009,518,8305,110,23394,27,310,517,6885,137,12690,546,19575,California
Tuolumne,2021-04-07,130,32139,38,8343,75,23469,17,327,50,6872,80,12770,67,19642,California
Tuolumne,2021-04-08,1454,33593,36,8379,1403,24872,15,342,251,5940,1198,13968,266,19908,California
Tuolumne,2021-04-09,279,33872,44,8423,190,25062,45,387,133,5975,146,14114,181,20089,California
Tuolumne,2021-04-10,56,33928,2,8425,34,25096,20,407,23,5986,32,14146,43,20132,California
Tuolumne,2021-04-11,18,33946,3,8428,12,25108,3,410,12,5995,6,14152,15,20147,California
Tuolumne,2021-04-12,172,34118,66,8494,101,25209,5,415,89,6011,78,14230,94,20241,California
Tuolumne,2021-04-13,790,34908,35,8529,755,25964,0,415,171,5571,611,14841,171,20412,California
Tuolumne,2021-04-14,159,35067,32,8561,127,26091,0,415,79,5575,76,14917,80,20492,California
Tuolumne,2021-04-15,346,35413,22,8583,324,26415,0,415,61,5358,278,15195,61,20553,California
Tuolumne,2021-04-16,261,35674,56,8639,205,26620,0,415,143,5394,108,15303,144,20697,California
Tuolumne,2021-04-17,44,35718,6,8645,38,26658,0,415,28,5406,16,15319,28,20725,California
Tuolumne,2021-04-18,10,35728,3,8648,7,26665,0,415,5,5407,5,15324,6,20731,California
Tuolumne,2021-04-19,177,35905,79,8727,98,26763,0,415,97,5426,78,15402,97,20828,California
Tuolumne,2021-04-20,714,36619,618,9345,96,26859,0,415,75,4870,631,16033,75,20903,California
Tuolumne,2021-04-21,124,36743,30,9375,94,26953,0,415,66,4884,52,16085,66,20969,California
Tuolumne,2021-04-22,711,37454,46,9421,665,27618,0,415,429,5042,272,16357,430,21399,California
Tuolumne,2021-04-23,179,37633,31,9452,148,27766,0,415,82,5034,91,16448,83,21482,California
Tuolumne,2021-04-24,79,37712,18,9470,61,27827,0,415,50,5055,29,16477,50,21532,California
Tuolumne,2021-04-25,26,37738,10,9480,16,27843,0,415,23,5075,3,16480,23,21555,California
Tuolumne,2021-04-26,159,37897,56,9536,103,27946,0,415,74,5067,83,16563,75,21630,California
Tuolumne,2021-04-27,144,38041,23,9559,114,28060,7,422,65,5063,76,16639,72,21702,California
Tuolumne,2021-04-28,120,38161,24,9583,84,28144,12,434,63,5082,56,16695,75,21777,California
Tuolumne,2021-04-29,285,38446,21,9604,256,28400,8,442,57,4923,224,16919,65,21842,California
Tuolumne,2021-04-30,373,38819,26,9630,335,28735,12,454,73,4712,296,17215,85,21927,California
Tuolumne,2021-05-01,25,38844,7,9637,13,28748,5,459,16,4724,9,17224,21,21948,California
Tuolumne,2021-05-02,26,38870,3,9640,21,28769,2,461,19,4738,7,17231,21,21969,California
Tuolumne,2021-05-03,111,38981,15,9655,91,28860,5,466,37,4708,72,17303,42,22011,California
Tuolumne,2021-05-04,709,39690,601,10256,103,28963,5,471,214,4433,493,17796,218,22229,California
Tuolumne,2021-05-05,110,39800,26,10282,78,29041,6,477,58,4449,48,17844,64,22293,California
Tuolumne,2021-05-06,292,40092,15,10297,261,29302,16,493,43,4263,244,18088,58,22351,California
Tuolumne,2021-05-07,329,40421,25,10322,296,29598,8,501,63,4069,265,18353,71,22422,California
Tuolumne,2021-05-08,50,40471,6,10328,40,29638,4,505,32,4087,18,18371,36,22458,California
Tuolumne,2021-05-09,17,40488,2,10330,13,29651,2,507,3,4078,14,18385,5,22463,California
Tuolumne,2021-05-10,114,40602,45,10375,64,29715,5,512,32,4034,81,18466,37,22500,California
Tuolumne,2021-05-11,205,40807,62,10437,131,29846,12,524,56,3955,147,18613,68,22568,California
Tuolumne,2021-05-12,135,40942,24,10461,107,29953,4,528,51,3926,84,18697,55,22623,California
Tuolumne,2021-05-13,117,41059,19,10480,90,30043,8,536,73,3962,44,18741,80,22703,California
Tuolumne,2021-05-14,207,41266,75,10555,121,30164,11,547,107,3982,98,18839,118,22821,California
Tuolumne,2021-05-15,59,41325,16,10571,36,30200,7,554,20,3971,39,18878,28,22849,California
Tuolumne,2021-05-16,28,41353,8,10579,18,30218,2,556,13,3972,14,18892,15,22864,California
Tuolumne,2021-05-17,110,41463,30,10609,77,30295,3,559,47,3960,63,18955,51,22915,California
Tuolumne,2021-05-18,181,41644,57,10666,77,30372,47,606,60,3947,120,19075,107,23022,California
Tuolumne,2021-05-19,118,41762,20,10686,65,30437,33,639,46,3954,72,19147,79,23101,California
Tuolumne,2021-05-20,411,42173,21,10707,383,30820,7,646,52,3656,357,19504,59,23160,California
Tuolumne,2021-05-21,201,42374,94,10801,101,30921,6,652,118,3699,81,19585,124,23284,California
Tuolumne,2021-05-22,57,42431,18,10819,33,30954,6,658,24,3696,32,19617,29,23313,California
Tuolumne,2021-05-23,27,42458,7,10826,19,30973,1,659,10,3690,17,19634,11,23324,California
Tuolumne,2021-05-24,138,42596,43,10869,89,31062,6,665,53,3665,84,19718,59,23383,California
Tuolumne,2021-05-25,297,42893,222,11091,69,31131,6,671,111,3598,184,19902,117,23500,California
Tuolumne,2021-05-26,87,42980,23,11114,63,31194,1,672,37,3586,50,19952,38,23538,California
Tuolumne,2021-05-27,76,43056,15,11129,59,31253,2,674,31,3575,44,19996,33,23571,California
Tuolumne,2021-05-28,111,43167,51,11180,59,31312,1,675,64,3596,44,20040,65,23636,California
Tuolumne,2021-05-29,38,43205,7,11187,25,31337,6,681,17,3598,21,20061,23,23659,California
Tuolumne,2021-05-30,18,43223,1,11188,14,31351,3,684,4,3591,14,20075,7,23666,California
Tuolumne,2021-05-31,9,43232,1,11189,7,31358,1,685,1,3585,8,20083,2,23668,California
Tuolumne,2021-06-01,79,43311,22,11211,53,31411,4,689,25,3561,53,20136,29,23697,California
Tuolumne,2021-06-02,74,43385,8,11219,58,31469,8,697,23,3542,50,20186,31,23728,California
Tuolumne,2021-06-03,75,43460,25,11244,35,31504,15,712,23,3530,50,20236,38,23766,California
Tuolumne,2021-06-04,131,43591,61,11305,67,31571,3,715,38,3481,90,20326,41,23807,California
Tuolumne,2021-06-05,43,43634,11,11316,30,31601,2,717,17,3474,26,20352,19,23826,California
Tuolumne,2021-06-06,19,43653,5,11321,7,31608,7,724,4,3470,15,20367,11,23837,California
Tuolumne,2021-06-07,60,43713,14,11335,38,31646,8,732,27,3472,33,20400,35,23872,California
Tuolumne,2021-06-08,74,43787,22,11357,51,31697,1,733,27,3455,45,20445,28,23900,California
Tuolumne,2021-06-09,87,43874,45,11402,32,31729,10,743,40,3459,46,20491,50,23950,California
Tuolumne,2021-06-10,98,43972,15,11417,76,31805,7,750,27,3422,71,20562,34,23984,California
Tuolumne,2021-06-11,103,44075,48,11465,52,31857,3,753,25,3374,76,20638,28,24012,California
Tuolumne,2021-06-12,61,44136,20,11485,25,31882,16,769,18,3367,41,20679,34,24046,California
Tuolumne,2021-06-13,17,44153,2,11487,10,31892,5,774,3,3361,14,20693,8,24054,California
Tuolumne,2021-06-14,100,44253,33,11520,63,31955,4,778,52,3369,48,20741,56,24110,California
Tuolumne,2021-06-15,130,44383,82,11602,39,31994,9,787,21,3292,107,20848,30,24140,California
Tuolumne,2021-06-16,96,44479,47,11649,46,32040,3,790,54,3308,41,20889,57,24197,California
Tuolumne,2021-06-17,45,44524,10,11659,34,32074,1,791,17,3298,28,20917,18,24215,California
Tuolumne,2021-06-18,172,44696,95,11754,63,32137,14,805,61,3262,110,21027,74,24289,California
Tuolumne,2021-06-19,25,44721,9,11763,13,32150,3,808,10,3260,15,21042,13,24302,California
Tuolumne,2021-06-20,13,44734,2,11765,11,32161,0,808,10,3267,3,21045,10,24312,California
Tuolumne,2021-06-21,39,44773,3,11768,35,32196,1,809,20,3269,19,21064,21,24333,California
Tuolumne,2021-06-22,45,44818,11,11779,34,32230,0,809,22,3269,22,21086,22,24355,California
Tuolumne,2021-06-23,62,44880,5,11784,37,32267,20,829,26,3279,36,21122,46,24401,California
Tuolumne,2021-06-24,46,44926,14,11798,26,32293,6,835,17,3274,29,21151,24,24425,California
Tuolumne,2021-06-25,52,44978,28,11826,19,32312,5,840,27,3280,25,21176,31,24456,California
Tuolumne,2021-06-26,12,44990,5,11831,7,32319,0,840,7,3282,5,21181,7,24463,California
Tuolumne,2021-06-27,7,44997,2,11833,5,32324,0,840,7,3289,0,21181,7,24470,California
Tuolumne,2021-06-28,31,45028,11,11844,15,32339,5,845,21,3305,10,21191,26,24496,California
Tuolumne,2021-06-29,28,45056,10,11854,16,32355,2,847,15,3310,12,21203,17,24513,California
Tuolumne,2021-06-30,69,45125,32,11886,36,32391,1,848,18,3279,50,21253,19,24532,California
Tuolumne,2021-07-01,31,45156,10,11896,14,32405,7,855,18,3291,13,21266,25,24557,California
Tuolumne,2021-07-02,54,45210,22,11918,26,32431,6,861,38,3319,16,21282,44,24601,California
Tuolumne,2021-07-03,8,45218,4,11922,4,32435,0,861,5,3321,3,21285,5,24606,California
Tuolumne,2021-07-05,14,45232,1,11923,13,32448,0,861,7,3321,7,21292,7,24613,California
Tuolumne,2021-07-06,46,45278,11,11934,32,32480,3,864,21,3321,24,21316,24,24637,California
Ventura,2020-12-15,5,5,5,5,0,0,0,0,5,5,0,0,5,5,California
Ventura,2020-12-16,75,80,75,80,0,0,0,0,75,80,0,0,75,80,California
Ventura,2020-12-17,315,395,315,395,0,0,0,0,315,395,0,0,315,395,California
Ventura,2020-12-18,1599,1994,1599,1994,0,0,0,0,1599,1994,0,0,1599,1994,California
Ventura,2020-12-19,987,2981,986,2980,1,1,0,0,987,2981,0,0,987,2981,California
Ventura,2020-12-20,458,3439,458,3438,0,1,0,0,458,3439,0,0,458,3439,California
Ventura,2020-12-21,1516,4955,1516,4954,0,1,0,0,1516,4955,0,0,1516,4955,California
Ventura,2020-12-22,1160,6115,1154,6108,6,7,0,0,1160,6115,0,0,1160,6115,California
Ventura,2020-12-23,1088,7203,1038,7146,50,57,0,0,1088,7203,0,0,1088,7203,California
Ventura,2020-12-24,478,7681,378,7524,100,157,0,0,478,7681,0,0,478,7681,California
Ventura,2020-12-25,12,7693,7,7531,5,162,0,0,12,7693,0,0,12,7693,California
Ventura,2020-12-26,113,7806,92,7623,21,183,0,0,113,7806,0,0,113,7806,California
Ventura,2020-12-27,59,7865,27,7650,32,215,0,0,59,7865,0,0,59,7865,California
Ventura,2020-12-28,1093,8958,950,8600,143,358,0,0,1093,8958,0,0,1093,8958,California
Ventura,2020-12-29,1186,10144,776,9376,410,768,0,0,1185,10143,0,0,1185,10143,California
Ventura,2020-12-30,1998,12142,1531,10907,467,1235,0,0,1998,12141,0,0,1998,12141,California
Ventura,2020-12-31,486,12628,165,11072,321,1556,0,0,481,12617,5,5,481,12622,California
Ventura,2021-01-01,41,12669,19,11091,22,1578,0,0,41,12658,0,5,41,12663,California
Ventura,2021-01-02,176,12845,81,11172,95,1673,0,0,176,12834,0,5,176,12839,California
Ventura,2021-01-03,19,12864,8,11180,11,1684,0,0,19,12853,0,5,19,12858,California
Ventura,2021-01-04,1034,13898,493,11673,541,2225,0,0,1032,13885,0,5,1032,13890,California
Ventura,2021-01-05,1380,15278,783,12456,597,2822,0,0,1268,15044,109,114,1268,15158,California
Ventura,2021-01-06,2071,17349,1188,13644,883,3705,0,0,1570,16124,492,606,1572,16730,California
Ventura,2021-01-07,2085,19434,1333,14977,752,4457,0,0,1041,16127,1039,1645,1042,17772,California
Ventura,2021-01-08,2204,21638,1477,16454,727,5184,0,0,908,15743,1294,2939,910,18682,California
Ventura,2021-01-09,724,22362,503,16957,221,5405,0,0,318,15655,406,3345,318,19000,California
Ventura,2021-01-10,343,22705,326,17283,17,5422,0,0,129,15570,214,3559,129,19129,California
Ventura,2021-01-11,2461,25166,1493,18776,968,6390,0,0,1508,16129,953,4512,1512,20641,California
Ventura,2021-01-12,3056,28222,1618,20394,1438,7828,0,0,1936,16945,1120,5632,1936,22577,California
Ventura,2021-01-13,2949,31171,1435,21829,1514,9342,0,0,2039,18078,907,6539,2040,24617,California
Ventura,2021-01-14,2793,33964,1106,22935,1687,11029,0,0,2330,19947,462,7001,2331,26948,California
Ventura,2021-01-15,2903,36867,970,23905,1933,12962,0,0,2688,22421,215,7216,2689,29637,California
Ventura,2021-01-16,491,37358,188,24093,303,13265,0,0,411,22752,80,7296,411,30048,California
Ventura,2021-01-17,269,37627,140,24233,129,13394,0,0,262,23008,6,7302,262,30310,California
Ventura,2021-01-18,2223,39850,1668,25901,555,13949,0,0,1672,24131,550,7852,1673,31983,California
Ventura,2021-01-19,3067,42917,2134,28035,933,14882,0,0,2154,25375,913,8765,2157,34140,California
Ventura,2021-01-20,4182,47099,3215,31250,967,15849,0,0,3085,27368,1093,9858,3086,37226,California
Ventura,2021-01-21,3892,50991,2709,33959,1183,17032,0,0,3208,29902,676,10534,3210,40436,California
Ventura,2021-01-22,3646,54637,2511,36470,1135,18167,0,0,3478,33212,168,10702,3478,43914,California
Ventura,2021-01-23,1194,55831,652,37122,542,18709,0,0,1093,34207,100,10802,1095,45009,California
Ventura,2021-01-24,458,56289,136,37258,322,19031,0,0,445,34639,13,10815,445,45454,California
Ventura,2021-01-25,3179,59468,2040,39298,1139,20170,0,0,2618,36698,560,11375,2619,48073,California
Ventura,2021-01-26,3737,63205,2212,41510,1525,21695,0,0,2726,38418,1007,12382,2727,50800,California
Ventura,2021-01-27,3504,66709,1568,43078,1936,23631,0,0,2750,40420,750,13132,2752,53552,California
Ventura,2021-01-28,3904,70613,2005,45083,1899,25530,0,0,3278,43091,610,13742,3281,56833,California
Ventura,2021-01-29,4300,74913,2536,47619,1764,27294,0,0,3788,46381,498,14240,3788,60621,California
Ventura,2021-01-30,3046,77959,1955,49574,1091,28385,0,0,2872,49084,170,14410,2873,63494,California
Ventura,2021-01-31,835,78794,443,50017,392,28777,0,0,746,49742,88,14498,746,64240,California
Ventura,2021-02-01,3987,82781,2113,52130,1874,30651,0,0,3201,52167,778,15276,3203,67443,California
Ventura,2021-02-02,4454,87235,2381,54511,2073,32724,0,0,3413,54550,1033,16309,3416,70859,California
Ventura,2021-02-03,4491,91726,2098,56609,2393,35117,0,0,3458,56982,1028,17337,3460,74319,California
Ventura,2021-02-04,4831,96557,2310,58919,2521,37638,0,0,3544,59251,1279,18616,3548,77867,California
Ventura,2021-02-05,4925,101482,2390,61309,2535,40173,0,0,3375,61093,1536,20152,3378,81245,California
Ventura,2021-02-06,2862,104344,1522,62831,1340,41513,0,0,2456,63143,406,20558,2456,83701,California
Ventura,2021-02-07,748,105092,248,63079,500,42013,0,0,622,63640,126,20684,623,84324,California
Ventura,2021-02-08,3535,108627,1635,64714,1900,43913,0,0,2441,64996,1086,21770,2442,86766,California
Ventura,2021-02-09,4765,113392,1981,66695,2784,46697,0,0,2488,65214,2274,24044,2492,89258,California
Ventura,2021-02-10,4774,118166,2258,68953,2516,49213,0,0,2398,65251,2362,26406,2399,91657,California
Ventura,2021-02-11,4726,122892,1883,70836,2843,52056,0,0,2475,65487,2242,28648,2478,94135,California
Ventura,2021-02-12,6403,129295,2697,73533,3706,55762,0,0,3267,65625,3129,31777,3267,97402,California
Ventura,2021-02-13,3333,132628,1846,75379,1487,57249,0,0,1857,66012,1472,33249,1859,99261,California
Ventura,2021-02-14,1235,133863,126,75505,1109,58358,0,0,1015,66810,219,33468,1017,100278,California
Ventura,2021-02-15,4047,137910,1835,77340,2212,60570,0,0,2133,67036,1909,35377,2135,102413,California
Ventura,2021-02-16,5609,143519,2745,80085,2864,63434,0,0,3036,67510,2563,37940,3037,105450,California
Ventura,2021-02-17,5360,148879,1943,82028,3417,66851,0,0,3359,68878,1991,39931,3359,108809,California
Ventura,2021-02-18,5830,154709,1848,83876,3982,70833,0,0,3657,70378,2157,42088,3657,112466,California
Ventura,2021-02-19,6576,161285,3839,87715,2737,73570,0,0,3041,69897,3528,45616,3047,115513,California
Ventura,2021-02-20,5011,166296,3227,90942,1784,75354,0,0,2789,70484,2206,47822,2793,118306,California
Ventura,2021-02-21,1149,167445,844,91786,305,75659,0,0,474,70289,669,48491,474,118780,California
Ventura,2021-02-22,5707,173152,2540,94326,3167,78826,0,0,3637,71879,2049,50540,3639,122419,California
Ventura,2021-02-23,6205,179357,3082,97408,3123,81949,0,0,3546,72793,2636,53176,3550,125969,California
Ventura,2021-02-24,7245,186602,2656,100064,4589,86538,0,0,4351,74273,2873,56049,4353,130322,California
Ventura,2021-02-25,7656,194258,2586,102650,5070,91608,0,0,4597,75832,3043,59092,4602,134924,California
Ventura,2021-02-26,9496,203754,2790,105440,6706,98314,0,0,6175,78718,3293,62385,6179,141103,California
Ventura,2021-02-27,10636,214390,5299,110739,5337,103651,0,0,7971,84053,2646,65031,7981,149084,California
Ventura,2021-02-28,2582,216972,1649,112388,932,104583,1,1,2099,85678,475,65506,2100,151184,California
Ventura,2021-03-01,7184,224156,2863,115251,4318,108901,3,4,4769,88070,2393,67899,4785,155969,California
Ventura,2021-03-02,7747,231903,4049,119300,3696,112597,2,6,5425,91186,2310,70209,5426,161395,California
Ventura,2021-03-03,8720,240623,3934,123234,4783,117380,3,9,6135,94765,2563,72772,6142,167537,California
Ventura,2021-03-04,8327,248950,3891,127125,4436,121816,0,9,5611,97681,2700,75472,5616,173153,California
Ventura,2021-03-05,10109,259059,4818,131943,5279,127095,12,21,7187,101988,2905,78377,7212,180365,California
Ventura,2021-03-06,7805,266864,4406,136349,3245,130340,154,175,5816,105981,1981,80358,5974,186339,California
Ventura,2021-03-07,1671,268535,620,136969,950,131290,101,276,1251,106915,420,80778,1354,187693,California
Ventura,2021-03-08,6867,275402,3447,140416,3263,134553,157,433,4742,109704,2114,82892,4903,192596,California
Ventura,2021-03-09,6897,282299,3034,143450,3663,138216,200,633,3991,111012,2889,85781,4197,196793,California
Ventura,2021-03-10,7059,289358,3023,146473,3794,142010,242,875,4701,113612,2343,88124,4943,201736,California
Ventura,2021-03-11,6584,295942,2909,149382,3356,145366,319,1194,3581,114528,2983,91107,3899,205635,California
Ventura,2021-03-12,8763,304705,3061,152443,4856,150222,846,2040,4277,115180,4461,95568,5113,210748,California
Ventura,2021-03-13,7318,312023,2515,154958,3957,154179,846,2886,4339,117398,2965,98533,5183,215931,California
Ventura,2021-03-14,2146,314169,488,155446,1162,155341,496,3382,728,117207,1415,99948,1224,217155,California
Ventura,2021-03-15,7133,321302,2059,157505,3725,159066,1349,4731,3138,117725,3964,103912,4482,221637,California
Ventura,2021-03-16,8198,329500,2469,159974,4613,163679,1116,5847,4211,119079,3970,107882,5324,226961,California
Ventura,2021-03-17,7752,337252,2810,162784,4593,168272,349,6196,4703,121106,3026,110908,5053,232014,California
Ventura,2021-03-18,7611,344863,3310,166094,4148,172420,153,6349,5000,123662,2597,113505,5153,237167,California
Ventura,2021-03-19,8722,353585,3836,169930,4772,177192,114,6463,5284,125651,3407,116912,5396,242563,California
Ventura,2021-03-20,8937,362522,5955,175885,2959,180151,23,6486,4649,126063,4261,121173,4673,247236,California
Ventura,2021-03-21,2813,365335,1531,177416,910,181061,372,6858,1317,126266,1482,122655,1685,248921,California
Ventura,2021-03-22,7468,372803,3739,181155,3626,184687,103,6961,4908,128744,2535,125190,5013,253934,California
Ventura,2021-03-23,8298,381101,3953,185108,4272,188959,73,7034,4623,129804,3635,128825,4695,258629,California
Ventura,2021-03-24,8980,390081,3442,188550,5460,194419,78,7112,4432,129813,4505,133330,4514,263143,California
Ventura,2021-03-25,8877,398958,3934,192484,4839,199258,104,7216,4482,130027,4371,137701,4585,267728,California
Ventura,2021-03-26,10001,408959,3387,195871,5960,205218,654,7870,4013,128742,5949,143650,4664,272392,California
Ventura,2021-03-27,8803,417762,3952,199823,4808,210026,43,7913,2431,124885,6332,149982,2475,274867,California
Ventura,2021-03-28,2550,420312,1431,201254,1110,211136,9,7922,1377,125104,1167,151149,1386,276253,California
Ventura,2021-03-29,8664,428976,4328,205582,4290,215426,46,7968,4275,125069,4356,155505,4321,280574,California
Ventura,2021-03-30,9044,438020,4485,210067,4428,219854,131,8099,4394,124963,4631,160136,4525,285099,California
Ventura,2021-03-31,10870,448890,4880,214947,5361,225215,629,8728,4685,124123,6150,166286,5310,290409,California
Ventura,2021-04-01,10964,459854,5317,220264,4758,229973,889,9617,5537,125165,5377,171663,6419,296828,California
Ventura,2021-04-02,11881,471735,4672,224936,5863,235836,1346,10963,5696,126061,6147,177810,7043,303871,California
Ventura,2021-04-03,8165,479900,4044,228980,2942,238778,1179,12142,3444,125972,4703,182513,4614,308485,California
Ventura,2021-04-04,1724,481624,964,229944,625,239403,135,12277,1148,126687,568,183081,1283,309768,California
Ventura,2021-04-05,9485,491109,4887,234831,3476,242879,1122,13399,4838,128014,4630,187711,5957,315725,California
Ventura,2021-04-06,11028,502137,5581,240412,3946,246825,1501,14900,5662,129841,5336,193047,7163,322888,California
Ventura,2021-04-07,11529,513666,5422,245834,4592,251417,1515,16415,5265,130373,6242,199289,6774,329662,California
Ventura,2021-04-08,10510,524176,5307,251141,4219,255636,984,17399,5248,131357,5235,204524,6219,335881,California
Ventura,2021-04-09,11410,535586,4407,255548,5271,260907,1732,19131,4996,131690,6385,210909,6718,342599,California
Ventura,2021-04-10,9885,545471,4177,259725,3537,264444,2171,21302,3068,130127,6796,217705,5233,347832,California
Ventura,2021-04-11,2457,547928,862,260587,1017,265461,578,21880,688,129633,1758,219463,1264,349096,California
Ventura,2021-04-12,9124,557052,4542,265129,3747,269208,835,22715,3819,128997,5284,224747,4648,353744,California
Ventura,2021-04-13,8968,566020,4573,269702,4389,273597,6,22721,3791,127657,5137,229884,3797,357541,California
Ventura,2021-04-14,8908,574928,4149,273851,4744,278341,15,22736,3410,125632,5455,235339,3430,360971,California
Ventura,2021-04-15,9536,584464,4611,278462,4898,283239,27,22763,4103,124370,5393,240732,4131,365102,California
Ventura,2021-04-16,10366,594830,4578,283040,5786,289025,2,22765,4869,123777,5469,246201,4876,369978,California
Ventura,2021-04-17,9085,603915,5429,288469,3642,292667,14,22779,5285,125293,3783,249984,5299,375277,California
Ventura,2021-04-18,2243,606158,1104,289573,1139,293806,0,22779,969,124998,1265,251249,970,376247,California
Ventura,2021-04-19,8186,614344,4887,294460,3296,297102,3,22782,4701,126245,3458,254707,4705,380952,California
Ventura,2021-04-20,9597,623941,5105,299565,4487,301589,5,22787,4525,125733,5042,259749,4530,385482,California
Ventura,2021-04-21,9246,633187,4816,304381,4424,306013,6,22793,4424,125365,4797,264546,4429,389911,California
Ventura,2021-04-22,10210,643397,5589,309970,4620,310633,1,22794,4538,124258,5648,270194,4541,394452,California
Ventura,2021-04-23,11049,654446,5514,315484,5534,316167,1,22795,5491,124223,5528,275722,5493,399945,California
Ventura,2021-04-24,10584,665030,5916,321400,4668,320835,0,22795,6214,126089,4349,280071,6215,406160,California
Ventura,2021-04-25,2492,667522,1719,323119,773,321608,0,22795,1159,125919,1329,281400,1159,407319,California
Ventura,2021-04-26,8032,675554,4616,327735,3349,324957,67,22862,3338,124656,4663,286063,3400,410719,California
Ventura,2021-04-27,9220,684774,5149,332884,3843,328800,228,23090,3471,122627,5727,291790,3698,414417,California
Ventura,2021-04-28,8443,693217,4897,337781,3225,332025,321,23411,3311,121160,5100,296890,3633,418050,California
Ventura,2021-04-29,7966,701183,4298,342079,3404,335429,264,23675,2833,119152,5104,301994,3096,421146,California
Ventura,2021-04-30,9548,710731,5520,347599,3753,339182,275,23950,3936,117777,5576,307570,4201,425347,California
Ventura,2021-05-01,5156,715887,3644,351243,1405,340587,107,24057,2039,116833,3086,310656,2142,427489,California
Ventura,2021-05-02,2138,718025,1431,352674,616,341203,91,24148,1036,116865,1096,311752,1128,428617,California
Ventura,2021-05-03,6338,724363,3892,356566,2157,343360,289,24437,1982,114802,4333,316085,2270,430887,California
Ventura,2021-05-04,6460,730823,3381,359947,2781,346141,298,24735,2327,113310,4118,320203,2626,433513,California
Ventura,2021-05-05,5476,736299,3067,363014,2148,348289,261,24996,1957,112034,3487,323690,2211,435724,California
Ventura,2021-05-06,6245,742544,3220,366234,2756,351045,269,25265,1994,110068,4230,327920,2264,437988,California
Ventura,2021-05-07,6918,749462,3468,369702,3175,354220,275,25540,2356,108165,4533,332453,2630,440618,California
Ventura,2021-05-08,5419,754881,4216,373918,1045,355265,158,25698,1221,105360,4182,336635,1377,441995,California
Ventura,2021-05-09,1129,756010,822,374740,261,355526,46,25744,428,105140,693,337328,473,442468,California
Ventura,2021-05-10,6157,762167,4111,378851,1836,357362,210,25954,1385,101976,4758,342086,1594,444062,California
Ventura,2021-05-11,5358,767525,3305,382156,1829,359191,224,26178,1503,99859,3843,345929,1726,445788,California
Ventura,2021-05-12,5072,772597,2993,385149,1859,361050,220,26398,1535,98093,3521,349450,1755,447543,California
Ventura,2021-05-13,6371,778968,3860,389009,2304,363354,207,26605,2274,96498,4079,353529,2484,450027,California
Ventura,2021-05-14,7510,786478,4655,393664,2636,365990,219,26824,2832,94885,4659,358188,3046,453073,California
Ventura,2021-05-15,6755,793233,5391,399055,1276,367266,88,26912,2806,93857,3922,362110,2894,455967,California
Ventura,2021-05-16,2203,795436,1711,400766,440,367706,52,26964,1040,93791,1158,363268,1092,457059,California
Ventura,2021-05-17,5894,801330,3560,404326,2121,369827,213,27177,2403,92933,3473,366741,2615,459674,California
Ventura,2021-05-18,5421,806751,3168,407494,2073,371900,180,27357,2131,91972,3271,370012,2310,461984,California
Ventura,2021-05-19,5840,812591,3526,411020,2103,374003,211,27568,2357,91084,3452,373464,2564,464548,California
Ventura,2021-05-20,5497,818088,3050,414070,2289,376292,158,27726,2131,90035,3334,376798,2285,466833,California
Ventura,2021-05-21,7940,826028,4471,418541,3292,379584,177,27903,2559,87423,5349,382147,2737,469570,California
Ventura,2021-05-22,5649,831677,2888,421429,2686,382270,75,27978,1761,85381,3878,386025,1836,471406,California
Ventura,2021-05-23,1993,833670,1529,422958,392,382662,72,28050,743,84955,1241,387266,815,472221,California
Ventura,2021-05-24,4546,838216,2465,425423,1913,384575,168,28218,1450,83493,3077,390343,1615,473836,California
Ventura,2021-05-25,4297,842513,2231,427654,1914,386489,152,28370,1415,82196,2863,393206,1566,475402,California
Ventura,2021-05-26,4294,846807,2286,429940,1842,388331,166,28536,1653,81398,2618,395824,1820,477222,California
Ventura,2021-05-27,3873,850680,1910,431850,1835,390166,128,28664,1380,80425,2480,398304,1507,478729,California
Ventura,2021-05-28,4571,855251,2481,434331,1896,392062,194,28858,1978,80018,2573,400877,2166,480895,California
Ventura,2021-05-29,2155,857406,1350,435681,738,392800,67,28925,1043,80029,1099,401976,1110,482005,California
Ventura,2021-05-30,916,858322,586,436267,276,393076,54,28979,360,79891,551,402527,413,482418,California
Ventura,2021-05-31,257,858579,138,436405,110,393186,9,28988,61,79765,196,402723,70,482488,California
Ventura,2021-06-01,4015,862594,2284,438689,1565,394751,166,29154,1292,78524,2699,405422,1458,483946,California
Ventura,2021-06-02,2969,865563,1633,440322,1200,395951,136,29290,1006,77719,1947,407369,1142,485088,California
Ventura,2021-06-03,3246,868809,2008,442330,1083,397034,155,29445,884,76408,2349,409718,1038,486126,California
Ventura,2021-06-04,4595,873404,3024,445354,1410,398444,161,29606,1418,74824,3163,412881,1579,487705,California
Ventura,2021-06-05,3823,877227,3193,448547,566,399010,64,29670,1155,73389,2655,415536,1220,488925,California
Ventura,2021-06-06,1256,878483,1076,449623,135,399145,45,29715,284,72756,961,416497,328,489253,California
Ventura,2021-06-07,3171,881654,2360,451983,700,399845,111,29826,946,71604,2209,418706,1057,490310,California
Ventura,2021-06-08,3028,884682,1993,453976,900,400745,135,29961,884,70495,2128,420834,1019,491329,California
Ventura,2021-06-09,2944,887626,2048,456024,790,401535,106,30067,763,69196,2167,423001,868,492197,California
Ventura,2021-06-10,3034,890660,2122,458146,810,402345,102,30169,810,67895,2211,425212,910,493107,California
Ventura,2021-06-11,3477,894137,2394,460540,946,403291,137,30306,980,66523,2486,427698,1114,494221,California
Ventura,2021-06-12,2157,896294,1691,462231,420,403711,46,30352,517,65456,1630,429328,563,494784,California
Ventura,2021-06-13,1019,897313,781,463012,174,403885,64,30416,236,64977,781,430109,302,495086,California
Ventura,2021-06-14,2645,899958,1804,464816,710,404595,131,30547,816,64106,1817,431926,946,496032,California
Ventura,2021-06-15,2431,902389,1567,466383,753,405348,111,30658,847,63491,1571,433497,956,496988,California
Ventura,2021-06-16,2485,904874,1822,468205,558,405906,105,30763,829,62787,1637,435134,933,497921,California
Ventura,2021-06-17,2223,907097,1557,469762,566,406472,100,30863,818,62308,1397,436531,918,498839,California
Ventura,2021-06-18,2962,910059,2088,471850,749,407221,125,30988,977,61439,1970,438501,1101,499940,California
Ventura,2021-06-19,1375,911434,1064,472914,286,407507,25,31013,521,61142,843,439344,546,500486,California
Ventura,2021-06-20,692,912126,537,473451,114,407621,41,31054,260,61014,429,439773,301,500787,California
Ventura,2021-06-21,1682,913808,1076,474527,488,408109,118,31172,836,61131,836,440609,953,501740,California
Ventura,2021-06-22,1970,915778,1379,475906,492,408601,99,31271,736,60743,1222,441831,834,502574,California
Ventura,2021-06-23,1782,917560,1222,477128,453,409054,107,31378,739,60557,1031,442862,845,503419,California
Ventura,2021-06-24,1821,919381,1198,478326,504,409558,119,31497,723,60312,1087,443949,842,504261,California
Ventura,2021-06-25,2418,921799,1613,479939,630,410188,175,31672,879,59837,1529,445478,1054,505315,California
Ventura,2021-06-26,1553,923352,1265,481204,225,410413,63,31735,522,59398,1024,446502,585,505900,California
Ventura,2021-06-27,581,923933,452,481656,103,410516,26,31761,259,59364,319,446821,285,506185,California
Ventura,2021-06-28,1773,925706,1429,483085,246,410762,98,31859,723,59148,1037,447858,821,507006,California
Ventura,2021-06-29,1657,927363,1108,484193,458,411220,91,31950,684,58955,966,448824,773,507779,California
Ventura,2021-06-30,1575,928938,1113,485306,365,411585,97,32047,769,59019,799,449623,863,508642,California
Ventura,2021-07-01,1459,930397,1085,486391,299,411884,75,32122,627,58897,823,450446,701,509343,California
Ventura,2021-07-02,1736,932133,1212,487603,430,412314,94,32216,809,58880,920,451366,903,510246,California
Ventura,2021-07-03,889,933022,667,488270,187,412501,35,32251,443,58918,440,451806,478,510724,California
Ventura,2021-07-04,48,933070,32,488302,12,412513,4,32255,24,58922,24,451830,28,510752,California
Ventura,2021-07-05,943,934013,687,488989,190,412703,66,32321,405,58856,536,452366,470,511222,California
Ventura,2021-07-06,1190,935203,857,489846,271,412974,62,32383,478,58690,706,453072,540,511762,California
Yolo,2020-12-15,39,39,39,39,0,0,0,0,39,39,0,0,39,39,California
Yolo,2020-12-16,78,117,78,117,0,0,0,0,78,117,0,0,78,117,California
Yolo,2020-12-17,105,222,105,222,0,0,0,0,105,222,0,0,105,222,California
Yolo,2020-12-18,230,452,230,452,0,0,0,0,230,452,0,0,230,452,California
Yolo,2020-12-19,87,539,87,539,0,0,0,0,87,539,0,0,87,539,California
Yolo,2020-12-20,102,641,102,641,0,0,0,0,102,641,0,0,102,641,California
Yolo,2020-12-21,254,895,254,895,0,0,0,0,254,895,0,0,254,895,California
Yolo,2020-12-22,385,1280,384,1279,1,1,0,0,385,1280,0,0,385,1280,California
Yolo,2020-12-23,438,1718,418,1697,20,21,0,0,438,1718,0,0,438,1718,California
Yolo,2020-12-24,153,1871,96,1793,57,78,0,0,153,1871,0,0,153,1871,California
Yolo,2020-12-25,1,1872,1,1794,0,78,0,0,1,1872,0,0,1,1872,California
Yolo,2020-12-26,75,1947,25,1819,50,128,0,0,75,1947,0,0,75,1947,California
Yolo,2020-12-27,46,1993,19,1838,27,155,0,0,46,1993,0,0,46,1993,California
Yolo,2020-12-28,404,2397,235,2073,169,324,0,0,404,2397,0,0,404,2397,California
Yolo,2020-12-29,491,2888,268,2341,223,547,0,0,491,2888,0,0,491,2888,California
Yolo,2020-12-30,626,3514,256,2597,370,917,0,0,626,3514,0,0,626,3514,California
Yolo,2020-12-31,183,3697,93,2690,90,1007,0,0,183,3697,0,0,183,3697,California
Yolo,2021-01-01,58,3755,56,2746,2,1009,0,0,58,3755,0,0,58,3755,California
Yolo,2021-01-02,72,3827,28,2774,44,1053,0,0,72,3827,0,0,72,3827,California
Yolo,2021-01-03,44,3871,19,2793,25,1078,0,0,44,3871,0,0,44,3871,California
Yolo,2021-01-04,192,4063,41,2834,151,1229,0,0,192,4063,0,0,192,4063,California
Yolo,2021-01-05,619,4682,238,3072,381,1610,0,0,555,4554,64,64,555,4618,California
Yolo,2021-01-06,484,5166,183,3255,301,1911,0,0,347,4764,137,201,347,4965,California
Yolo,2021-01-07,711,5877,233,3488,478,2389,0,0,519,5092,191,392,519,5484,California
Yolo,2021-01-08,630,6507,310,3798,320,2709,0,0,406,5275,223,615,406,5890,California
Yolo,2021-01-09,412,6919,73,3871,339,3048,0,0,366,5595,46,661,366,6256,California
Yolo,2021-01-10,394,7313,80,3951,314,3362,0,0,324,5849,70,731,324,6580,California
Yolo,2021-01-11,565,7878,329,4280,236,3598,0,0,290,5866,275,1006,292,6872,California
Yolo,2021-01-12,563,8441,443,4723,120,3718,0,0,194,5692,369,1375,195,7067,California
Yolo,2021-01-13,775,9216,313,5036,462,4180,0,0,522,5961,253,1628,522,7589,California
Yolo,2021-01-14,382,9598,184,5220,198,4378,0,0,279,6137,103,1731,279,7868,California
Yolo,2021-01-15,634,10232,323,5543,311,4689,0,0,551,6606,83,1814,552,8420,California
Yolo,2021-01-16,748,10980,96,5639,652,5341,0,0,717,7292,31,1845,717,9137,California
Yolo,2021-01-17,190,11170,121,5760,69,5410,0,0,183,7468,7,1852,183,9320,California
Yolo,2021-01-18,485,11655,305,6065,180,5590,0,0,333,7649,152,2004,333,9653,California
Yolo,2021-01-19,560,12215,372,6437,188,5778,0,0,383,7855,177,2181,383,10036,California
Yolo,2021-01-20,662,12877,385,6822,277,6055,0,0,471,8136,190,2371,471,10507,California
Yolo,2021-01-21,650,13527,385,7207,265,6320,0,0,461,8408,189,2560,461,10968,California
Yolo,2021-01-22,758,14285,254,7461,504,6824,0,0,640,8932,116,2676,640,11608,California
Yolo,2021-01-23,627,14912,126,7587,501,7325,0,0,577,9459,50,2726,577,12185,California
Yolo,2021-01-24,207,15119,123,7710,84,7409,0,0,166,9584,41,2767,166,12351,California
Yolo,2021-01-25,737,15856,160,7870,577,7986,0,0,516,9878,222,2989,516,12867,California
Yolo,2021-01-26,831,16687,330,8200,501,8487,0,0,434,9915,397,3386,434,13301,California
Yolo,2021-01-27,685,17372,230,8430,455,8942,0,0,402,10034,283,3669,402,13703,California
Yolo,2021-01-28,1055,18427,564,8994,491,9433,0,0,930,10840,124,3793,930,14633,California
Yolo,2021-01-29,977,19404,266,9260,711,10144,0,0,892,11648,84,3877,892,15525,California
Yolo,2021-01-30,1528,20932,922,10182,606,10750,0,0,1405,12936,117,3994,1405,16930,California
Yolo,2021-01-31,240,21172,202,10384,38,10788,0,0,211,13119,28,4022,211,17141,California
Yolo,2021-02-01,857,22029,365,10749,492,11280,0,0,621,13507,233,4255,621,17762,California
Yolo,2021-02-02,1352,23381,757,11506,595,11875,0,0,935,14026,417,4672,936,18698,California
Yolo,2021-02-03,1533,24914,400,11906,1133,13008,0,0,1192,14880,338,5010,1192,19890,California
Yolo,2021-02-04,1812,26726,283,12189,1529,14537,0,0,1256,15592,545,5555,1257,21147,California
Yolo,2021-02-05,1612,28338,916,13105,696,15233,0,0,1208,16398,403,5958,1209,22356,California
Yolo,2021-02-06,1926,30264,1254,14359,672,15905,0,0,1563,17599,363,6321,1564,23920,California
Yolo,2021-02-07,523,30787,252,14611,271,16176,0,0,172,17421,350,6671,172,24092,California
Yolo,2021-02-08,951,31738,334,14945,617,16793,0,0,605,17684,342,7013,605,24697,California
Yolo,2021-02-09,862,32600,388,15333,474,17267,0,0,574,17970,288,7301,574,25271,California
Yolo,2021-02-10,1478,34078,481,15814,997,18264,0,0,830,18154,648,7949,832,26103,California
Yolo,2021-02-11,1581,35659,809,16623,772,19036,0,0,1186,18945,395,8344,1186,27289,California
Yolo,2021-02-12,1946,37605,761,17384,1185,20221,0,0,1458,19920,484,8828,1459,28748,California
Yolo,2021-02-13,2073,39678,716,18100,1357,21578,0,0,1394,20635,679,9507,1394,30142,California
Yolo,2021-02-14,572,40250,156,18256,416,21994,0,0,447,20958,124,9631,447,30589,California
Yolo,2021-02-15,536,40786,193,18449,343,22337,0,0,266,20955,270,9901,267,30856,California
Yolo,2021-02-16,1152,41938,434,18883,718,23055,0,0,821,21446,331,10232,822,31678,California
Yolo,2021-02-17,1397,43335,705,19588,692,23747,0,0,994,22037,403,10635,994,32672,California
Yolo,2021-02-18,2509,45844,819,20407,1690,25437,0,0,1729,22988,779,11414,1730,34402,California
Yolo,2021-02-19,1764,47608,754,21161,1010,26447,0,0,1135,23496,627,12041,1135,35537,California
Yolo,2021-02-20,2574,50182,957,22118,1617,28064,0,0,1390,23709,1178,13219,1391,36928,California
Yolo,2021-02-21,326,50508,236,22354,90,28154,0,0,108,23600,217,13436,108,37036,California
Yolo,2021-02-22,1414,51922,618,22972,796,28950,0,0,708,23604,704,14140,708,37744,California
Yolo,2021-02-23,1173,53095,881,23853,292,29242,0,0,447,23327,724,14864,447,38191,California
Yolo,2021-02-24,2134,55229,605,24458,1529,30771,0,0,1398,23991,734,15598,1398,39589,California
Yolo,2021-02-25,1414,56643,502,24960,912,31683,0,0,924,24426,489,16087,924,40513,California
Yolo,2021-02-26,2673,59316,1051,26011,1622,33305,0,0,1327,24411,1342,17429,1327,41840,California
Yolo,2021-02-27,1705,61021,780,26791,925,34230,0,0,1249,25204,456,17885,1249,43089,California
Yolo,2021-02-28,1831,62852,1523,28314,308,34538,0,0,710,24796,1119,19004,711,43800,California
Yolo,2021-03-01,1159,64011,379,28693,780,35318,0,0,700,25039,457,19461,700,44500,California
Yolo,2021-03-02,1506,65517,705,29398,801,36119,0,0,958,25449,548,20009,958,45458,California
Yolo,2021-03-03,1894,67411,648,30046,1246,37365,0,0,855,25267,1037,21046,855,46313,California
Yolo,2021-03-04,3043,70454,1466,31512,1577,38942,0,0,1580,25387,1460,22506,1580,47893,California
Yolo,2021-03-05,2492,72946,1412,32924,1069,40011,11,11,1516,25939,975,23481,1527,49420,California
Yolo,2021-03-06,1494,74440,1138,34062,327,40338,29,40,851,26179,640,24121,880,50300,California
Yolo,2021-03-07,919,75359,679,34741,226,40564,14,54,780,26834,139,24260,794,51094,California
Yolo,2021-03-08,1342,76701,498,35239,801,41365,43,97,885,27307,456,24716,929,52023,California
Yolo,2021-03-09,1589,78290,691,35930,835,42200,63,160,967,27717,620,25336,1030,53053,California
Yolo,2021-03-10,2220,80510,1062,36992,866,43066,292,452,976,27739,1238,26574,1260,54313,California
Yolo,2021-03-11,2719,83229,1609,38601,1044,44110,66,518,1816,28720,902,27476,1883,56196,California
Yolo,2021-03-12,2932,86161,1361,39962,1490,45600,81,599,1379,28637,1544,29020,1461,57657,California
Yolo,2021-03-13,1962,88123,736,40698,1050,46650,176,775,1029,28911,930,29950,1204,58861,California
Yolo,2021-03-14,1067,89190,213,40911,703,47353,151,926,526,29042,540,30490,671,59532,California
Yolo,2021-03-15,1677,90867,769,41680,727,48080,181,1107,1056,29656,619,31109,1233,60765,California
Yolo,2021-03-16,2032,92899,731,42411,1229,49309,72,1179,1237,30170,795,31904,1309,62074,California
Yolo,2021-03-17,2532,95431,988,43399,1472,50781,72,1251,1733,31211,795,32699,1836,63910,California
Yolo,2021-03-18,3058,98489,1045,44444,1786,52567,227,1478,1265,30914,1789,34488,1492,65402,California
Yolo,2021-03-19,2110,100599,876,45320,1166,53733,68,1546,1092,31062,1012,35500,1160,66562,California
Yolo,2021-03-20,2786,103385,819,46139,1924,55657,43,1589,1095,30517,1685,37185,1140,67702,California
Yolo,2021-03-21,316,103701,215,46354,93,55750,8,1597,176,30562,139,37324,184,67886,California
Yolo,2021-03-22,1413,105114,497,46851,856,56606,60,1657,913,31037,497,37821,972,68858,California
Yolo,2021-03-23,1760,106874,946,47797,757,57363,57,1714,1083,31500,676,38497,1139,69997,California
Yolo,2021-03-24,2895,109769,1407,49204,1437,58800,51,1765,1398,31467,1483,39980,1450,71447,California
Yolo,2021-03-25,2546,112315,1406,50610,1111,59911,29,1794,1253,31466,1283,41263,1282,72729,California
Yolo,2021-03-26,2406,114721,1263,51873,1123,61034,20,1814,1022,31130,1377,42640,1041,73770,California
Yolo,2021-03-27,1666,116387,459,52332,1189,62223,18,1832,743,30969,922,43562,761,74531,California
Yolo,2021-03-28,1107,117494,863,53195,225,62448,19,1851,250,30384,853,44415,268,74799,California
Yolo,2021-03-29,2039,119533,824,54019,1185,63633,30,1881,969,30317,1066,45481,999,75798,California
Yolo,2021-03-30,2310,121843,1102,55121,1187,64820,21,1902,1184,30402,1121,46602,1206,77004,California
Yolo,2021-03-31,2361,124204,1228,56349,1096,65916,37,1939,1180,30439,1180,47782,1217,78221,California
Yolo,2021-04-01,3865,128069,1865,58214,1519,67435,481,2420,1595,30247,2267,50049,2075,80296,California
Yolo,2021-04-02,3404,131473,1524,59738,1734,69169,146,2566,2063,31122,1334,51383,2209,82505,California
Yolo,2021-04-03,1828,133301,1103,60841,503,69672,222,2788,807,31132,1019,52402,1029,83534,California
Yolo,2021-04-04,395,133696,157,60998,177,69849,61,2849,147,31093,247,52649,208,83742,California
Yolo,2021-04-05,1927,135623,738,61736,1089,70938,100,2949,901,31074,1021,53670,1002,84744,California
Yolo,2021-04-06,2598,138221,1320,63056,1106,72044,172,3121,1137,30931,1451,55121,1308,86052,California
Yolo,2021-04-07,3001,141222,1520,64576,1125,73169,356,3477,1747,31789,1249,56370,2107,88159,California
Yolo,2021-04-08,2435,143657,1011,65587,948,74117,476,3953,853,31535,1579,57949,1325,89484,California
Yolo,2021-04-09,2607,146264,922,66509,1103,75220,582,4535,833,31170,1771,59720,1406,90890,California
Yolo,2021-04-10,1771,148035,831,67340,757,75977,183,4718,1026,31637,741,60461,1208,92098,California
Yolo,2021-04-11,895,148930,286,67626,565,76542,44,4762,362,31512,530,60991,405,92503,California
Yolo,2021-04-12,1782,150712,529,68155,1110,77652,143,4905,790,31458,988,61979,934,93437,California
Yolo,2021-04-13,1993,152705,917,69072,1076,78728,0,4905,919,31304,1073,63052,919,94356,California
Yolo,2021-04-14,2803,155508,772,69844,2031,80759,0,4905,1371,31251,1424,64476,1371,95727,California
Yolo,2021-04-15,3364,158872,1142,70986,2222,82981,0,4905,2287,32468,1070,65546,2287,98014,California
Yolo,2021-04-16,3099,161971,1997,72983,1102,84083,0,4905,1978,33333,1113,66659,1978,99992,California
Yolo,2021-04-17,1638,163609,479,73462,1159,85242,0,4905,850,33400,783,67442,850,100842,California
Yolo,2021-04-18,648,164257,319,73781,329,85571,0,4905,362,33480,282,67724,362,101204,California
Yolo,2021-04-19,1690,165947,727,74508,962,86533,1,4906,777,33350,908,68632,778,101982,California
Yolo,2021-04-20,2079,168026,1074,75582,1005,87538,0,4906,1094,33461,983,69615,1094,103076,California
Yolo,2021-04-21,2076,170102,1059,76641,1017,88555,0,4906,1118,33627,952,70567,1118,104194,California
Yolo,2021-04-22,1992,172094,914,77555,1078,89633,0,4906,983,33608,1003,71570,984,105178,California
Yolo,2021-04-23,2661,174755,1561,79116,1100,90733,0,4906,1170,33299,1479,73049,1170,106348,California
Yolo,2021-04-24,1178,175933,646,79762,529,91262,3,4909,467,33066,703,73752,470,106818,California
Yolo,2021-04-25,950,176883,406,80168,544,91806,0,4909,727,33571,222,73974,727,107545,California
Yolo,2021-04-26,1254,178137,498,80666,753,92559,3,4912,531,33386,720,74694,535,108080,California
Yolo,2021-04-27,1565,179702,738,81404,807,93366,20,4932,607,33056,957,75651,627,108707,California
Yolo,2021-04-28,2076,181778,1029,82433,1020,94386,27,4959,749,32509,1323,76974,776,109483,California
Yolo,2021-04-29,1798,183576,853,83286,862,95248,83,5042,709,32214,1085,78059,790,110273,California
Yolo,2021-04-30,2110,185686,1089,84375,963,96211,58,5100,1043,32255,1060,79119,1101,111374,California
Yolo,2021-05-01,1289,186975,999,85374,270,96481,20,5120,377,31742,910,80029,397,111771,California
Yolo,2021-05-02,521,187496,427,85801,71,96552,23,5143,323,31890,198,80227,346,112117,California
Yolo,2021-05-03,1132,188628,405,86206,693,97245,34,5177,300,31394,829,81056,333,112450,California
Yolo,2021-05-04,1470,190098,681,86887,764,98009,25,5202,507,30968,958,82014,532,112982,California
Yolo,2021-05-05,1596,191694,455,87342,1075,99084,66,5268,461,30367,1128,83142,527,113509,California
Yolo,2021-05-06,1530,193224,716,88058,732,99816,82,5350,498,29932,1015,84157,580,114089,California
Yolo,2021-05-07,2332,195556,1403,89461,878,100694,51,5401,465,28587,1859,86016,514,114603,California
Yolo,2021-05-08,852,196408,373,89834,423,101117,56,5457,320,28433,528,86544,374,114977,California
Yolo,2021-05-09,402,196810,172,90006,217,101334,13,5470,91,28227,310,86854,104,115081,California
Yolo,2021-05-10,1188,197998,358,90364,784,102118,46,5516,204,27494,982,87836,249,115330,California
Yolo,2021-05-11,1179,199177,697,91061,460,102578,22,5538,294,26931,879,88715,316,115646,California
Yolo,2021-05-12,1835,201012,715,91776,1087,103665,33,5571,336,25810,1493,90208,372,116018,California
Yolo,2021-05-13,2614,203626,861,92637,1698,105363,55,5626,665,24585,1945,92153,720,116738,California
Yolo,2021-05-14,2437,206063,1520,94157,886,106249,31,5657,1186,24557,1245,93398,1217,117955,California
Yolo,2021-05-15,1280,207343,733,94890,500,106749,47,5704,660,24645,619,94017,707,118662,California
Yolo,2021-05-16,1455,208798,1237,96127,211,106960,7,5711,1011,25223,440,94457,1018,119680,California
Yolo,2021-05-17,1137,209935,446,96573,673,107633,18,5729,349,24806,784,95241,367,120047,California
Yolo,2021-05-18,1802,211737,1109,97682,670,108303,23,5752,920,24874,875,96116,943,120990,California
Yolo,2021-05-19,1305,213042,588,98270,678,108981,39,5791,520,24651,782,96898,559,121549,California
Yolo,2021-05-20,1226,214268,699,98969,501,109482,26,5817,384,24225,836,97734,410,121959,California
Yolo,2021-05-21,1444,215712,931,99900,486,109968,27,5844,352,23517,1085,98819,377,122336,California
Yolo,2021-05-22,824,216536,541,100441,275,110243,8,5852,281,23271,536,99355,290,122626,California
Yolo,2021-05-23,618,217154,165,100606,437,110680,16,5868,108,22888,508,99863,125,122751,California
Yolo,2021-05-24,708,217862,350,100956,338,111018,20,5888,220,22644,485,100348,241,122992,California
Yolo,2021-05-25,884,218746,513,101469,348,111366,23,5911,343,22475,535,100883,366,123358,California
Yolo,2021-05-26,819,219565,269,101738,517,111883,33,5944,247,22187,568,101451,280,123638,California
Yolo,2021-05-27,761,220326,381,102119,329,112212,51,5995,303,22088,453,101904,354,123992,California
Yolo,2021-05-28,882,221208,402,102521,451,112663,29,6024,378,21994,499,102403,405,124397,California
Yolo,2021-05-29,601,221809,346,102867,219,112882,36,6060,274,21977,324,102727,307,124704,California
Yolo,2021-05-30,136,221945,71,102938,58,112940,7,6067,55,21960,79,102806,62,124766,California
Yolo,2021-05-31,68,222013,18,102956,48,112988,2,6069,16,21925,52,102858,17,124783,California
Yolo,2021-06-01,755,222768,326,103282,405,113393,24,6093,245,21690,504,103362,269,125052,California
Yolo,2021-06-02,758,223526,302,103584,435,113828,21,6114,230,21416,525,103887,251,125303,California
Yolo,2021-06-03,929,224455,592,104176,313,114141,24,6138,212,20939,713,104600,236,125539,California
Yolo,2021-06-04,1494,225949,1216,105392,256,114397,22,6160,378,20227,1111,105711,399,125938,California
Yolo,2021-06-05,719,226668,548,105940,154,114551,17,6177,149,19823,570,106281,166,126104,California
Yolo,2021-06-06,1111,227779,1047,106987,57,114608,7,6184,157,19034,953,107234,164,126268,California
Yolo,2021-06-07,515,228294,269,107256,226,114834,20,6204,112,18767,398,107632,131,126399,California
Yolo,2021-06-08,1043,229337,812,108068,213,115047,18,6222,199,18141,843,108475,217,126616,California
Yolo,2021-06-09,791,230128,490,108558,270,115317,31,6253,215,17815,571,109046,245,126861,California
Yolo,2021-06-10,567,230695,359,108917,175,115492,33,6286,164,17612,400,109446,197,127058,California
Yolo,2021-06-11,659,231354,451,109368,184,115676,24,6310,193,17365,464,109910,217,127275,California
Yolo,2021-06-12,481,231835,277,109645,179,115855,25,6335,143,17198,335,110245,168,127443,California
Yolo,2021-06-13,155,231990,116,109761,38,115893,1,6336,61,17168,93,110338,63,127506,California
Yolo,2021-06-14,412,232402,256,110017,123,116016,33,6369,129,17049,282,110620,163,127669,California
Yolo,2021-06-15,768,233170,397,110414,345,116361,26,6395,235,16780,530,111150,261,127930,California
Yolo,2021-06-16,473,233643,241,110655,190,116551,42,6437,166,16681,305,111455,206,128136,California
Yolo,2021-06-17,498,234141,317,110972,125,116676,56,6493,173,16587,323,111778,229,128365,California
Yolo,2021-06-18,554,234695,396,111368,136,116812,22,6515,209,16475,342,112120,230,128595,California
Yolo,2021-06-19,320,235015,207,111575,97,116909,16,6531,117,16406,202,112322,133,128728,California
Yolo,2021-06-20,114,235129,74,111649,36,116945,4,6535,62,16423,50,112372,67,128795,California
Yolo,2021-06-21,205,235334,88,111737,98,117043,19,6554,111,16460,93,112465,130,128925,California
Yolo,2021-06-22,519,235853,296,112033,205,117248,18,6572,235,16431,282,112747,253,129178,California
Yolo,2021-06-23,374,236227,213,112246,144,117392,17,6589,151,16379,220,112967,168,129346,California
Yolo,2021-06-24,395,236622,247,112493,106,117498,42,6631,173,16373,221,113188,215,129561,California
Yolo,2021-06-25,549,237171,385,112878,120,117618,44,6675,190,16252,355,113543,234,129795,California
Yolo,2021-06-26,270,237441,165,113043,82,117700,23,6698,110,16226,158,113701,132,129927,California
Yolo,2021-06-27,177,237618,140,113183,32,117732,5,6703,64,16181,113,113814,68,129995,California
Yolo,2021-06-28,254,237872,130,113313,52,117784,72,6775,108,16215,145,113959,179,130174,California
Yolo,2021-06-29,421,238293,265,113578,107,117891,49,6824,154,16154,264,114223,203,130377,California
Yolo,2021-06-30,364,238657,204,113782,134,118025,26,6850,134,16083,230,114453,159,130536,California
Yolo,2021-07-01,305,238962,171,113953,102,118127,32,6882,111,16034,191,114644,142,130678,California
Yolo,2021-07-02,342,239304,232,114185,98,118225,12,6894,140,15985,201,114845,152,130830,California
Yolo,2021-07-03,206,239510,128,114313,74,118299,4,6898,91,15965,115,114960,95,130925,California
Yolo,2021-07-04,73,239583,41,114354,27,118326,5,6903,22,15942,50,115010,27,130952,California
Yolo,2021-07-05,137,239720,83,114437,50,118376,4,6907,66,15942,70,115080,70,131022,California
Yolo,2021-07-06,251,239971,169,114606,70,118446,12,6919,91,15888,158,115238,104,131126,California
Yuba,2020-12-16,4,4,4,4,0,0,0,0,4,4,0,0,4,4,California
Yuba,2020-12-17,4,8,4,8,0,0,0,0,4,8,0,0,4,8,California
Yuba,2020-12-18,8,16,8,16,0,0,0,0,8,16,0,0,8,16,California
Yuba,2020-12-19,12,28,12,28,0,0,0,0,12,28,0,0,12,28,California
Yuba,2020-12-20,19,47,19,47,0,0,0,0,19,47,0,0,19,47,California
Yuba,2020-12-21,41,88,41,88,0,0,0,0,41,88,0,0,41,88,California
Yuba,2020-12-22,85,173,85,173,0,0,0,0,85,173,0,0,85,173,California
Yuba,2020-12-23,65,238,63,236,2,2,0,0,65,238,0,0,65,238,California
Yuba,2020-12-24,20,258,10,246,10,12,0,0,20,258,0,0,20,258,California
Yuba,2020-12-25,1,259,1,247,0,12,0,0,1,259,0,0,1,259,California
Yuba,2020-12-26,14,273,13,260,1,13,0,0,14,273,0,0,14,273,California
Yuba,2020-12-27,15,288,15,275,0,13,0,0,15,288,0,0,15,288,California
Yuba,2020-12-28,51,339,35,310,16,29,0,0,51,339,0,0,51,339,California
Yuba,2020-12-29,74,413,10,320,64,93,0,0,74,413,0,0,74,413,California
Yuba,2020-12-30,63,476,20,340,43,136,0,0,63,476,0,0,63,476,California
Yuba,2020-12-31,39,515,6,346,33,169,0,0,39,515,0,0,39,515,California
Yuba,2021-01-02,23,538,22,368,1,170,0,0,23,538,0,0,23,538,California
Yuba,2021-01-03,10,548,6,374,4,174,0,0,10,548,0,0,10,548,California
Yuba,2021-01-04,92,640,23,397,69,243,0,0,92,640,0,0,92,640,California
Yuba,2021-01-05,71,711,39,436,32,275,0,0,70,709,1,1,70,710,California
Yuba,2021-01-06,154,865,76,512,78,353,0,0,148,851,6,7,148,858,California
Yuba,2021-01-07,75,940,19,531,56,409,0,0,72,919,4,11,72,930,California
Yuba,2021-01-08,73,1013,23,554,50,459,0,0,66,978,7,18,66,996,California
Yuba,2021-01-09,19,1032,16,570,3,462,0,0,11,981,8,26,11,1007,California
Yuba,2021-01-10,117,1149,22,592,95,557,0,0,95,1054,22,48,95,1102,California
Yuba,2021-01-11,73,1222,50,642,23,580,0,0,33,1047,40,88,33,1135,California
Yuba,2021-01-12,109,1331,78,720,31,611,0,0,45,1028,64,152,45,1180,California
Yuba,2021-01-13,119,1450,72,792,47,658,0,0,54,1018,64,216,54,1234,California
Yuba,2021-01-14,114,1564,44,836,70,728,0,0,102,1108,12,228,102,1336,California
Yuba,2021-01-15,204,1768,85,921,119,847,0,0,194,1292,10,238,194,1530,California
Yuba,2021-01-16,189,1957,22,943,167,1014,0,0,176,1454,14,252,176,1706,California
Yuba,2021-01-17,13,1970,9,952,4,1018,0,0,7,1455,6,258,7,1713,California
Yuba,2021-01-18,61,2031,32,984,29,1047,0,0,36,1466,25,283,36,1749,California
Yuba,2021-01-19,80,2111,30,1014,50,1097,0,0,65,1516,15,298,65,1814,California
Yuba,2021-01-20,133,2244,86,1100,47,1144,0,0,110,1603,23,321,110,1924,California
Yuba,2021-01-21,221,2465,103,1203,118,1262,0,0,212,1806,9,330,212,2136,California
Yuba,2021-01-22,107,2572,7,1210,100,1362,0,0,98,1895,9,339,98,2234,California
Yuba,2021-01-23,198,2770,7,1217,191,1553,0,0,196,2089,2,341,196,2430,California
Yuba,2021-01-24,10,2780,7,1224,3,1556,0,0,8,2095,2,343,8,2438,California
Yuba,2021-01-25,86,2866,30,1254,56,1612,0,0,53,2116,32,375,53,2491,California
Yuba,2021-01-26,149,3015,41,1295,108,1720,0,0,90,2147,59,434,90,2581,California
Yuba,2021-01-27,185,3200,129,1424,56,1776,0,0,118,2198,67,501,118,2699,California
Yuba,2021-01-28,228,3428,90,1514,138,1914,0,0,177,2324,51,552,177,2876,California
Yuba,2021-01-29,150,3578,46,1560,104,2018,0,0,111,2396,39,591,111,2987,California
Yuba,2021-01-30,408,3986,23,1583,385,2403,0,0,397,2782,11,602,397,3384,California
Yuba,2021-01-31,18,4004,12,1595,6,2409,0,0,16,2796,2,604,16,3400,California
Yuba,2021-02-01,155,4159,75,1670,80,2489,0,0,131,2905,23,627,132,3532,California
Yuba,2021-02-02,128,4287,23,1693,105,2594,0,0,104,2985,24,651,104,3636,California
Yuba,2021-02-03,230,4517,30,1723,200,2794,0,0,116,2988,113,764,116,3752,California
Yuba,2021-02-04,298,4815,120,1843,178,2972,0,0,253,3196,45,809,253,4005,California
Yuba,2021-02-05,148,4963,32,1875,116,3088,0,0,71,3190,77,886,71,4076,California
Yuba,2021-02-06,451,5414,26,1901,425,3513,0,0,443,3625,8,894,443,4519,California
Yuba,2021-02-07,20,5434,13,1914,7,3520,0,0,16,3637,4,898,16,4535,California
Yuba,2021-02-08,98,5532,35,1949,63,3583,0,0,66,3671,32,930,66,4601,California
Yuba,2021-02-09,156,5688,56,2005,100,3683,0,0,85,3685,71,1001,85,4686,California
Yuba,2021-02-10,363,6051,177,2182,186,3869,0,0,122,3568,239,1240,122,4808,California
Yuba,2021-02-11,404,6455,67,2249,337,4206,0,0,301,3768,101,1341,301,5109,California
Yuba,2021-02-12,271,6726,28,2277,243,4449,0,0,153,3803,118,1459,153,5262,California
Yuba,2021-02-13,438,7164,36,2313,402,4851,0,0,387,4139,51,1510,387,5649,California
Yuba,2021-02-14,52,7216,10,2323,42,4893,0,0,47,4181,5,1515,47,5696,California
Yuba,2021-02-15,89,7305,36,2359,53,4946,0,0,69,4230,20,1535,69,5765,California
Yuba,2021-02-16,203,7508,55,2414,148,5094,0,0,144,4316,58,1593,144,5909,California
Yuba,2021-02-17,379,7887,158,2572,221,5315,0,0,101,4140,277,1870,101,6010,California
Yuba,2021-02-18,325,8212,49,2621,276,5591,0,0,198,4211,127,1997,198,6208,California
Yuba,2021-02-19,230,8442,82,2703,148,5739,0,0,143,4268,86,2083,143,6351,California
Yuba,2021-02-20,397,8839,30,2733,367,6106,0,0,339,4549,58,2141,339,6690,California
Yuba,2021-02-21,24,8863,14,2747,10,6116,0,0,14,4553,10,2151,14,6704,California
Yuba,2021-02-22,131,8994,82,2829,49,6165,0,0,38,4498,93,2244,38,6742,California
Yuba,2021-02-23,124,9118,28,2857,96,6261,0,0,53,4482,70,2314,54,6796,California
Yuba,2021-02-24,492,9610,141,2998,351,6612,0,0,110,4210,382,2696,110,6906,California
Yuba,2021-02-25,352,9962,144,3142,208,6820,0,0,221,4300,131,2827,221,7127,California
Yuba,2021-02-26,263,10225,69,3211,194,7014,0,0,147,4333,114,2941,147,7274,California
Yuba,2021-02-27,474,10699,47,3258,427,7441,0,0,386,4633,86,3027,386,7660,California
Yuba,2021-02-28,72,10771,23,3281,49,7490,0,0,48,4657,24,3051,48,7708,California
Yuba,2021-03-01,163,10934,43,3324,120,7610,0,0,82,4659,80,3131,82,7790,California
Yuba,2021-03-02,160,11094,36,3360,124,7734,0,0,80,4659,80,3211,80,7870,California
Yuba,2021-03-03,628,11722,159,3519,469,8203,0,0,200,4432,427,3638,200,8070,California
Yuba,2021-03-04,471,12193,274,3793,197,8400,0,0,327,4616,143,3781,327,8397,California
Yuba,2021-03-05,326,12519,61,3854,264,8664,1,1,258,4807,68,3849,259,8656,California
Yuba,2021-03-06,475,12994,35,3889,436,9100,4,5,368,5073,106,3955,372,9028,California
Yuba,2021-03-07,51,13045,28,3917,22,9122,1,6,36,5095,15,3970,37,9065,California
Yuba,2021-03-08,159,13204,48,3965,95,9217,16,22,99,5150,60,4030,115,9180,California
Yuba,2021-03-09,180,13384,48,4013,112,9329,20,42,85,5160,95,4125,105,9285,California
Yuba,2021-03-10,737,14121,234,4247,473,9802,30,72,233,4919,504,4629,263,9548,California
Yuba,2021-03-11,439,14560,198,4445,229,10031,12,84,295,5082,144,4773,307,9855,California
Yuba,2021-03-12,467,15027,87,4532,327,10358,53,137,155,4978,312,5085,208,10063,California
Yuba,2021-03-13,464,15491,338,4870,111,10469,15,152,364,5258,99,5184,379,10442,California
Yuba,2021-03-14,107,15598,20,4890,77,10546,10,162,46,5255,59,5243,56,10498,California
Yuba,2021-03-15,194,15792,50,4940,128,10674,16,178,99,5275,95,5338,115,10613,California
Yuba,2021-03-16,298,16090,74,5014,200,10874,24,202,185,5372,112,5450,209,10822,California
Yuba,2021-03-17,749,16839,164,5178,554,11428,31,233,194,5045,552,6002,225,11047,California
Yuba,2021-03-18,588,17427,161,5339,314,11742,113,346,354,5277,234,6236,466,11513,California
Yuba,2021-03-19,332,17759,119,5458,159,11901,54,400,184,5366,148,6384,237,11750,California
Yuba,2021-03-20,555,18314,81,5539,456,12357,18,418,475,5780,79,6463,493,12243,California
Yuba,2021-03-21,62,18376,36,5575,26,12383,0,418,42,5802,20,6483,42,12285,California
Yuba,2021-03-22,191,18567,70,5645,114,12497,7,425,149,5916,42,6525,156,12441,California
Yuba,2021-03-23,266,18833,79,5724,159,12656,28,453,176,6032,88,6613,204,12645,California
Yuba,2021-03-24,771,19604,254,5978,436,13092,81,534,186,5716,583,7196,267,12912,California
Yuba,2021-03-25,506,20110,270,6248,214,13306,22,556,251,5734,255,7451,273,13185,California
Yuba,2021-03-26,401,20511,144,6392,228,13534,29,585,226,5815,174,7625,255,13440,California
Yuba,2021-03-27,463,20974,28,6420,432,13966,3,588,408,6171,54,7679,410,13850,California
Yuba,2021-03-28,102,21076,42,6462,56,14022,4,592,34,6141,68,7747,38,13888,California
Yuba,2021-03-29,297,21373,87,6549,178,14200,32,624,179,6234,118,7865,211,14099,California
Yuba,2021-03-30,275,21648,70,6619,197,14397,8,632,189,6345,86,7951,197,14296,California
Yuba,2021-03-31,675,22323,114,6733,550,14947,11,643,244,6171,429,8380,255,14551,California
Yuba,2021-04-01,628,22951,291,7024,307,15254,30,673,291,6155,337,8717,321,14872,California
Yuba,2021-04-02,504,23455,96,7120,325,15579,83,756,187,6108,316,9033,269,15141,California
Yuba,2021-04-03,654,24109,55,7175,117,15696,482,1238,87,6111,566,9599,569,15710,California
Yuba,2021-04-04,59,24168,10,7185,42,15738,7,1245,32,6123,27,9626,39,15749,California
Yuba,2021-04-05,245,24413,79,7264,145,15883,21,1266,124,6148,119,9745,144,15893,California
Yuba,2021-04-06,358,24771,115,7379,182,16065,61,1327,173,6197,184,9929,233,16126,California
Yuba,2021-04-07,787,25558,408,7787,327,16392,52,1379,360,6184,424,10353,411,16537,California
Yuba,2021-04-08,754,26312,292,8079,197,16589,265,1644,281,6257,472,10825,545,17082,California
Yuba,2021-04-09,406,26718,172,8251,167,16756,67,1711,172,6263,233,11058,239,17321,California
Yuba,2021-04-10,604,27322,73,8324,82,16838,449,2160,72,6253,530,11588,520,17841,California
Yuba,2021-04-11,102,27424,24,8348,66,16904,12,2172,43,6250,58,11646,55,17896,California
Yuba,2021-04-12,212,27636,45,8393,137,17041,30,2202,79,6226,132,11778,108,18004,California
Yuba,2021-04-13,400,28036,104,8497,296,17337,0,2202,202,6231,197,11975,202,18206,California
Yuba,2021-04-14,719,28755,110,8607,609,17946,0,2202,130,5773,588,12563,130,18336,California
Yuba,2021-04-15,345,29100,135,8742,210,18156,0,2202,150,5728,195,12758,150,18486,California
Yuba,2021-04-16,342,29442,100,8842,242,18398,0,2202,181,5750,159,12917,181,18667,California
Yuba,2021-04-17,407,29849,60,8902,347,18745,0,2202,335,6014,71,12988,335,19002,California
Yuba,2021-04-18,65,29914,20,8922,45,18790,0,2202,33,6016,31,13019,33,19035,California
Yuba,2021-04-19,247,30161,102,9024,145,18935,0,2202,104,5977,143,13162,104,19139,California
Yuba,2021-04-20,341,30502,103,9127,238,19173,0,2202,187,6014,151,13313,188,19327,California
Yuba,2021-04-21,741,31243,322,9449,419,19592,0,2202,321,5915,420,13733,321,19648,California
Yuba,2021-04-22,376,31619,154,9603,222,19814,0,2202,209,5957,167,13900,209,19857,California
Yuba,2021-04-23,364,31983,127,9730,237,20051,0,2202,174,5943,188,14088,174,20031,California
Yuba,2021-04-24,217,32200,69,9799,148,20199,0,2202,123,5972,94,14182,123,20154,California
Yuba,2021-04-25,75,32275,30,9829,45,20244,0,2202,35,5967,40,14222,35,20189,California
Yuba,2021-04-26,249,32524,66,9895,179,20423,4,2206,114,5950,135,14357,118,20307,California
Yuba,2021-04-27,488,33012,172,10067,306,20729,10,2216,242,5958,244,14601,252,20559,California
Yuba,2021-04-28,450,33462,189,10256,256,20985,5,2221,155,5829,289,14890,160,20719,California
Yuba,2021-04-29,454,33916,89,10345,364,21349,1,2222,162,5701,291,15181,163,20882,California
Yuba,2021-04-30,346,34262,108,10453,208,21557,30,2252,151,5689,193,15374,181,21063,California
Yuba,2021-05-01,208,34470,92,10545,97,21654,19,2271,94,5689,113,15487,113,21176,California
Yuba,2021-05-02,70,34540,39,10584,27,21681,4,2275,38,5699,32,15519,42,21218,California
Yuba,2021-05-03,164,34704,65,10649,90,21771,9,2284,51,5648,111,15630,60,21278,California
Yuba,2021-05-04,340,35044,107,10756,212,21983,21,2305,150,5629,190,15820,171,21449,California
Yuba,2021-05-05,333,35377,96,10852,230,22213,7,2312,116,5535,217,16037,123,21572,California
Yuba,2021-05-06,303,35680,126,10978,139,22352,38,2350,102,5477,198,16235,140,21712,California
Yuba,2021-05-07,362,36042,100,11078,234,22586,28,2378,118,5379,243,16478,145,21857,California
Yuba,2021-05-08,130,36172,56,11134,71,22657,3,2381,55,5362,75,16553,58,21915,California
Yuba,2021-05-09,56,36228,25,11159,28,22685,3,2384,34,5377,22,16575,37,21952,California
Yuba,2021-05-10,174,36402,57,11216,99,22784,18,2402,54,5330,119,16694,72,22024,California
Yuba,2021-05-11,389,36791,178,11394,197,22981,14,2416,143,5242,244,16938,156,22180,California
Yuba,2021-05-12,278,37069,147,11541,123,23104,8,2424,105,5182,173,17111,113,22293,California
Yuba,2021-05-13,367,37436,198,11739,125,23229,44,2468,112,5086,252,17363,156,22449,California
Yuba,2021-05-14,368,37804,139,11878,209,23438,20,2488,154,5045,214,17577,173,22622,California
Yuba,2021-05-15,437,38241,113,11991,303,23741,21,2509,113,4856,322,17899,133,22755,California
Yuba,2021-05-16,151,38392,52,12043,90,23831,9,2518,95,4905,55,17954,104,22859,California
Yuba,2021-05-17,216,38608,89,12132,107,23938,20,2538,89,4889,125,18079,109,22968,California
Yuba,2021-05-18,394,39002,163,12295,222,24160,9,2547,165,4834,229,18308,174,23142,California
Yuba,2021-05-19,261,39263,145,12440,110,24270,6,2553,129,4837,132,18440,135,23277,California
Yuba,2021-05-20,433,39696,305,12745,116,24386,12,2565,259,4935,173,18613,271,23548,California
Yuba,2021-05-21,517,40213,272,13017,237,24623,8,2573,306,5040,209,18822,314,23862,California
Yuba,2021-05-22,229,40442,123,13140,97,24720,9,2582,95,5010,134,18956,104,23966,California
Yuba,2021-05-23,73,40515,41,13181,30,24750,2,2584,37,5014,35,18991,39,24005,California
Yuba,2021-05-24,165,40680,55,13236,93,24843,17,2601,49,4966,115,19106,67,24072,California
Yuba,2021-05-25,315,40995,109,13345,189,25032,17,2618,112,4893,201,19307,128,24200,California
Yuba,2021-05-26,232,41227,100,13445,116,25148,16,2634,85,4848,146,19453,101,24301,California
Yuba,2021-05-27,247,41474,76,13521,159,25307,12,2646,97,4810,147,19600,109,24410,California
Yuba,2021-05-28,246,41720,109,13630,130,25437,7,2653,116,4805,128,19728,123,24533,California
Yuba,2021-05-29,165,41885,68,13698,75,25512,22,2675,88,4839,76,19804,110,24643,California
Yuba,2021-05-30,52,41937,22,13720,25,25537,5,2680,21,4834,31,19835,26,24669,California
Yuba,2021-05-31,30,41967,3,13723,20,25557,7,2687,10,4831,20,19855,17,24686,California
Yuba,2021-06-01,247,42214,108,13831,132,25689,7,2694,84,4762,159,20014,90,24776,California
Yuba,2021-06-02,201,42415,82,13913,112,25801,7,2701,60,4690,140,20154,68,24844,California
Yuba,2021-06-03,179,42594,105,14018,68,25869,6,2707,64,4646,114,20268,70,24914,California
Yuba,2021-06-04,244,42838,121,14139,113,25982,10,2717,80,4572,164,20432,90,25004,California
Yuba,2021-06-05,200,43038,151,14290,43,26025,6,2723,90,4559,109,20541,96,25100,California
Yuba,2021-06-06,109,43147,93,14383,13,26038,3,2726,20,4494,88,20629,23,25123,California
Yuba,2021-06-07,115,43262,47,14430,52,26090,16,2742,36,4467,79,20708,52,25175,California
Yuba,2021-06-08,246,43508,115,14545,124,26214,7,2749,72,4374,172,20880,79,25254,California
Yuba,2021-06-09,171,43679,103,14648,62,26276,6,2755,72,4354,98,20978,78,25332,California
Yuba,2021-06-10,378,44057,302,14950,67,26343,9,2764,93,4173,283,21261,102,25434,California
Yuba,2021-06-11,329,44386,235,15185,82,26425,12,2776,65,3987,264,21525,78,25512,California
Yuba,2021-06-12,133,44519,90,15275,37,26462,6,2782,36,3932,97,21622,42,25554,California
Yuba,2021-06-13,46,44565,21,15296,22,26484,3,2785,12,3913,34,21656,15,25569,California
Yuba,2021-06-14,113,44678,54,15350,49,26533,10,2795,32,3875,80,21736,42,25611,California
Yuba,2021-06-15,241,44919,99,15449,134,26667,8,2803,90,3825,148,21884,98,25709,California
Yuba,2021-06-16,156,45075,94,15543,51,26718,11,2814,74,3831,79,21963,85,25794,California
Yuba,2021-06-17,195,45270,114,15657,69,26787,12,2826,83,3814,112,22075,95,25889,California
Yuba,2021-06-18,222,45492,110,15767,90,26877,22,2848,70,3756,150,22225,92,25981,California
Yuba,2021-06-19,139,45631,70,15837,62,26939,7,2855,36,3696,103,22328,43,26024,California
Yuba,2021-06-20,33,45664,19,15856,11,26950,3,2858,13,3692,20,22348,16,26040,California
Yuba,2021-06-21,86,45750,38,15894,39,26989,9,2867,41,3700,41,22389,49,26089,California
Yuba,2021-06-22,174,45924,73,15967,89,27078,12,2879,69,3677,103,22492,80,26169,California
Yuba,2021-06-23,127,46051,71,16038,43,27121,13,2892,52,3667,74,22566,64,26233,California
Yuba,2021-06-24,136,46187,82,16120,47,27168,7,2899,59,3656,77,22643,66,26299,California
Yuba,2021-06-25,170,46357,98,16218,63,27231,9,2908,82,3659,88,22731,91,26390,California
Yuba,2021-06-26,133,46490,106,16324,26,27257,1,2909,44,3616,88,22819,45,26435,California
Yuba,2021-06-27,66,46556,44,16368,20,27277,2,2911,36,3624,30,22849,38,26473,California
Yuba,2021-06-28,61,46617,33,16401,24,27301,4,2915,27,3621,34,22883,31,26504,California
Yuba,2021-06-29,162,46779,86,16487,67,27368,9,2924,61,3591,100,22983,70,26574,California
Yuba,2021-06-30,135,46914,77,16564,51,27419,7,2931,68,3599,67,23050,75,26649,California
Yuba,2021-07-01,116,47030,80,16644,30,27449,6,2937,42,3574,73,23123,48,26697,California
Yuba,2021-07-02,123,47153,51,16695,56,27505,16,2953,39,3545,84,23207,55,26752,California
Yuba,2021-07-03,63,47216,44,16739,19,27524,0,2953,34,3550,29,23236,34,26786,California
Yuba,2021-07-04,6,47222,3,16742,3,27527,0,2953,3,3550,3,23239,3,26789,California
Yuba,2021-07-05,65,47287,43,16785,17,27544,5,2958,35,3560,30,23269,40,26829,California
Yuba,2021-07-06,107,47394,52,16837,51,27595,4,2962,32,3526,70,23339,36,26865,California
