county,administered_date,total_doses,cumulative_total_doses,pfizer_doses,cumulative_pfizer_doses,moderna_doses,cumulative_moderna_doses,jj_doses,cumulative_jj_doses,partially_vaccinated,total_partially_vaccinated,fully_vaccinated,cumulative_fully_vaccinated,at_least_one_dose,cumulative_at_least_one_dose,california_flag
All CA Counties,2020-12-15,1155,1155,1155,1155,0,0,0,0,1155,1155,0,0,1155,1155,
All CA Counties,2020-12-16,8456,9611,8456,9611,0,0,0,0,8456,9611,0,0,8456,9611,
All CA Counties,2020-12-17,26518,36129,26518,36129,0,0,0,0,26520,36131,0,0,26520,36131,
All CA Counties,2020-12-18,45222,81351,45163,81292,59,59,0,0,45222,81352,1,1,45222,81353,
All CA Counties,2020-12-19,25498,106849,25472,106764,26,85,0,0,25497,106848,1,2,25497,106850,
All CA Counties,2020-12-20,19119,125968,19090,125854,29,114,0,0,19118,125965,1,3,19118,125968,
All CA Counties,2020-12-21,49775,175743,49683,175537,92,206,0,0,49776,175739,3,6,49777,175745,
All CA Counties,2020-12-22,50164,225907,48023,223560,2141,2347,0,0,50155,225887,7,13,50155,225900,
All CA Counties,2020-12-23,50731,276638,41914,265474,8817,11164,0,0,50725,276610,5,18,50728,276628,
All CA Counties,2020-12-24,24107,300745,16353,281827,7754,18918,0,0,24102,300709,5,23,24104,300732,
All CA Counties,2020-12-25,2350,303095,2025,283852,325,19243,0,0,2350,303059,0,23,2350,303082,
All CA Counties,2020-12-26,14633,317728,9473,293325,5160,24403,0,0,14631,317688,2,25,14631,317713,
All CA Counties,2020-12-27,9467,327195,5608,298933,3859,28262,0,0,9464,327149,3,28,9464,327177,
All CA Counties,2020-12-28,46101,373296,29524,328457,16577,44839,0,0,46098,373244,3,31,46098,373275,
All CA Counties,2020-12-29,51327,424623,28600,357057,22727,67566,0,0,51320,424560,4,35,51320,424595,
All CA Counties,2020-12-30,63127,487750,35640,392697,27487,95053,0,0,63115,487669,9,44,63118,487713,
All CA Counties,2020-12-31,29577,517327,10933,403630,18644,113697,0,0,29557,517209,18,62,29558,517271,
All CA Counties,2021-01-01,4591,521918,2080,405710,2511,116208,0,0,4583,521785,7,69,4583,521854,
All CA Counties,2021-01-02,18529,540447,10251,415961,8278,124486,0,0,18524,540307,2,71,18524,540378,
All CA Counties,2021-01-03,6201,546648,3508,419469,2693,127179,0,0,6167,546461,13,84,6167,546545,
All CA Counties,2021-01-04,43619,590267,22010,441479,21609,148788,0,0,43540,589961,40,124,43540,590085,
All CA Counties,2021-01-05,56707,646974,29898,471377,26809,175597,0,0,51050,635512,5596,5720,51147,641232,
All CA Counties,2021-01-06,73601,720575,40611,511988,32990,208587,0,0,57886,677903,15535,21255,57926,699158,
All CA Counties,2021-01-07,92544,813119,52658,564646,39886,248473,0,0,61027,707645,31343,52598,61085,760243,
All CA Counties,2021-01-08,107033,920152,64285,628931,42748,291221,0,0,65242,731308,41649,94247,65312,825555,
All CA Counties,2021-01-09,44496,964648,25596,654527,18900,310121,0,0,27864,742596,16605,110852,27893,853448,
All CA Counties,2021-01-10,24379,989027,14894,669421,9485,319606,0,0,13115,744484,11246,122098,13134,866582,
All CA Counties,2021-01-11,104793,1093820,69706,739127,35087,354693,0,0,60800,761516,43944,166042,60976,927558,
All CA Counties,2021-01-12,114078,1207898,67607,806734,46471,401164,0,0,72493,792774,41480,207522,72738,1000296,
All CA Counties,2021-01-13,119612,1327510,62085,868819,57527,458691,0,0,85582,844507,33942,241464,85675,1085971,
All CA Counties,2021-01-14,124312,1451822,49851,918670,74461,533152,0,0,104527,929536,19681,261145,104710,1190681,
All CA Counties,2021-01-15,142445,1594267,52096,970766,90349,623501,0,0,127168,1041755,15179,276324,127398,1318079,
All CA Counties,2021-01-16,80764,1675031,27451,998217,53313,676814,0,0,73129,1107334,7606,283930,73185,1391264,
All CA Counties,2021-01-17,48325,1723356,16901,1015118,31424,708238,0,0,44641,1148346,3674,287604,44686,1435950,
All CA Counties,2021-01-18,88367,1811723,46129,1061247,42238,750476,0,0,68985,1198201,19309,306913,69164,1505114,
All CA Counties,2021-01-19,142405,1954128,73811,1135058,68594,819070,0,0,111095,1278416,31213,338126,111428,1616542,
All CA Counties,2021-01-20,161269,2115397,82252,1217310,79017,898087,0,0,127448,1372543,33592,371718,127719,1744261,
All CA Counties,2021-01-21,174418,2289815,77252,1294562,97166,995253,0,0,155132,1508996,19056,390774,155509,1899770,
All CA Counties,2021-01-22,170515,2460330,69508,1364070,101007,1096260,0,0,156078,1650941,14292,405066,156237,2056007,
All CA Counties,2021-01-23,111987,2572317,49513,1413583,62474,1158734,0,0,99382,1737899,12544,417610,99502,2155509,
All CA Counties,2021-01-24,60952,2633269,29381,1442964,31571,1190305,0,0,56251,1789550,4665,422275,56316,2211825,
All CA Counties,2021-01-25,145588,2778857,65459,1508423,80129,1270434,0,0,110218,1864918,35231,457506,110599,2322424,
All CA Counties,2021-01-26,169469,2948326,83059,1591482,86410,1356844,0,0,131613,1959096,37714,495220,131892,2454316,
All CA Counties,2021-01-27,182982,3131308,87791,1679273,95191,1452035,0,0,143220,2063117,39420,534640,143441,2597757,
All CA Counties,2021-01-28,188517,3319825,86829,1766102,101688,1553723,0,0,154050,2183244,34166,568806,154293,2752050,
All CA Counties,2021-01-29,184330,3504155,88357,1854459,95973,1649696,0,0,149238,2298173,34491,603297,149420,2901470,
All CA Counties,2021-01-30,124562,3628717,55665,1910124,68897,1718593,0,0,108960,2391895,15386,618683,109108,3010578,
All CA Counties,2021-01-31,69093,3697810,38544,1948668,30549,1749142,0,0,64090,2451118,4926,623609,64149,3074727,
All CA Counties,2021-02-01,162232,3860042,75728,2024396,86504,1835646,0,0,121111,2531439,40922,664531,121243,3195970,
All CA Counties,2021-02-02,186184,4046226,78312,2102708,107872,1943518,0,0,141363,2628505,44525,709056,141591,3337561,
All CA Counties,2021-02-03,212032,4258258,95975,2198683,116057,2059575,0,0,157293,2731828,54229,763285,157552,3495113,
All CA Counties,2021-02-04,228951,4487209,100181,2298864,128770,2188345,0,0,167906,2839606,60497,823782,168275,3663388,
All CA Counties,2021-02-05,247024,4734233,106709,2405573,140315,2328660,0,0,167692,2929344,78505,902287,168243,3831631,
All CA Counties,2021-02-06,155054,4889287,74978,2480551,80076,2408736,0,0,120111,3015187,34765,937052,120608,3952239,
All CA Counties,2021-02-07,66981,4956268,43294,2523845,23687,2432423,0,0,50492,3049725,16406,953458,50944,4003183,
All CA Counties,2021-02-08,181402,5137670,89168,2613013,92234,2524657,0,0,119516,3108562,61434,1014892,120271,4123454,
All CA Counties,2021-02-09,211892,5349562,102304,2715317,109588,2634245,0,0,126807,3151932,84598,1099490,127968,4251422,
All CA Counties,2021-02-10,249893,5599455,120194,2835511,129699,2763944,0,0,138467,3181329,110559,1210049,139956,4391378,
All CA Counties,2021-02-11,266771,5866226,131864,2967375,134907,2898851,0,0,145424,3208415,120156,1330205,147242,4538620,
All CA Counties,2021-02-12,274155,6140381,120094,3087469,154061,3052912,0,0,147652,3232910,125563,1455768,150058,4688678,
All CA Counties,2021-02-13,167665,6308046,77853,3165322,89812,3142724,0,0,92393,3252405,74856,1530624,94351,4783029,
All CA Counties,2021-02-14,95841,6403887,47748,3213070,48093,3190817,0,0,51743,3261778,43917,1574541,53290,4836319,
All CA Counties,2021-02-15,143160,6547047,62771,3275841,80389,3271206,0,0,79067,3280286,63696,1638237,82204,4918523,
All CA Counties,2021-02-16,250018,6797065,118576,3394417,131442,3402648,0,0,133533,3300860,116077,1754314,136651,5055174,
All CA Counties,2021-02-17,260185,7057250,129544,3523961,130641,3533289,0,0,129224,3302958,130367,1884681,132465,5187639,
All CA Counties,2021-02-18,274255,7331505,142896,3666857,131359,3664648,0,0,132376,3298490,141093,2025774,136625,5324264,
All CA Counties,2021-02-19,254520,7586025,147547,3814404,106973,3771621,0,0,131002,3308663,122928,2148702,133101,5457365,
All CA Counties,2021-02-20,154532,7740557,98989,3913393,55543,3827164,0,0,84887,3326235,69324,2218026,86896,5544261,
All CA Counties,2021-02-21,83139,7823696,68817,3982210,14322,3841486,0,0,41780,3328484,41085,2259111,43334,5587595,
All CA Counties,2021-02-22,165468,7989164,110732,4092942,54736,3896222,0,0,82803,3330693,82320,2341431,84529,5672124,
All CA Counties,2021-02-23,227533,8216697,120334,4213276,107199,4003421,0,0,105859,3321556,121023,2462454,111886,5784010,
All CA Counties,2021-02-24,284487,8501184,143833,4357109,140654,4144075,0,0,135024,3315346,148803,2611257,142593,5926603,
All CA Counties,2021-02-25,323362,8824546,159428,4516537,163934,4308009,0,0,169318,3339955,153306,2764563,177915,6104518,
All CA Counties,2021-02-26,358046,9182592,166911,4683448,191135,4499144,0,0,199329,3388849,157755,2922318,206649,6311167,
All CA Counties,2021-02-27,253948,9436540,123551,4806999,130372,4629516,25,25,144288,3428592,109003,3031321,148746,6459913,
All CA Counties,2021-02-28,135339,9571879,81091,4888090,54235,4683751,13,38,79618,3455812,55259,3086580,82479,6542392,
All CA Counties,2021-03-01,245314,9817193,130533,5018623,114643,4798394,138,176,141238,3498032,103227,3189807,145447,6687839,
All CA Counties,2021-03-02,290681,10107874,146800,5165423,143850,4942244,31,207,175285,3565432,114829,3304636,182229,6870068,
All CA Counties,2021-03-03,336026,10443900,167340,5332763,168618,5110862,68,275,194144,3625830,141138,3445774,201536,7071604,
All CA Counties,2021-03-04,353714,10797614,178742,5511505,174873,5285735,99,374,207822,3695715,145092,3590866,214977,7286581,
All CA Counties,2021-03-05,341164,11138778,167675,5679180,172358,5458093,1131,1505,212216,3788252,128089,3718955,220626,7507207,
All CA Counties,2021-03-06,260122,11398900,133530,5812710,118734,5576827,7858,9363,161742,3864620,97939,3816894,174307,7681514,
All CA Counties,2021-03-07,128186,11527086,78718,5891428,45290,5622117,4178,13541,80348,3905184,47637,3864531,88201,7769715,
All CA Counties,2021-03-08,221406,11748492,108257,5999685,102646,5724763,10503,24044,145056,3989820,75913,3940444,160549,7930264,
All CA Counties,2021-03-09,293367,12041859,140233,6139918,137197,5861960,15937,39981,164297,4045569,128553,4068997,184302,8114566,
All CA Counties,2021-03-10,324596,12366455,161811,6301729,138281,6000241,24504,64485,175508,4101394,148367,4217364,204192,8318758,
All CA Counties,2021-03-11,378914,12745369,183541,6485270,162003,6162244,33370,97855,194296,4149665,183611,4400975,231882,8550640,
All CA Counties,2021-03-12,397467,13142836,177668,6662938,173458,6335702,46341,144196,194600,4192792,201990,4602965,245117,8795757,
All CA Counties,2021-03-13,284766,13427602,125361,6788299,128226,6463928,31179,175375,153611,4251143,130682,4733647,189033,8984790,
All CA Counties,2021-03-14,155245,13582847,83480,6871779,56649,6520577,15116,190491,78644,4270863,76293,4809940,96013,9080803,
All CA Counties,2021-03-15,291952,13874799,139701,7011480,131596,6652173,20655,211146,158565,4320902,132585,4942525,182624,9263427,
All CA Counties,2021-03-16,372005,14246804,174854,7186334,179740,6831913,17411,228557,215629,4401564,155583,5098108,236245,9499672,
All CA Counties,2021-03-17,386610,14633414,191785,7378119,176167,7008080,18658,247215,239491,4516026,146219,5244327,260681,9760353,
All CA Counties,2021-03-18,404548,15037962,207526,7585645,178672,7186752,18350,265565,239938,4612984,163451,5407778,260409,10020762,
All CA Counties,2021-03-19,413265,15451227,217711,7803356,173865,7360617,21689,287254,239717,4703924,172529,5580307,263469,10284231,
All CA Counties,2021-03-20,295861,15747088,155812,7959168,124125,7484742,15924,303178,186654,4799528,108476,5688783,204080,10488311,
All CA Counties,2021-03-21,144667,15891755,100156,8059324,36968,7521710,7543,310721,88769,4841735,55490,5744273,97697,10586008,
All CA Counties,2021-03-22,275473,16167228,160563,8219887,103670,7625380,11240,321961,179170,4939728,95469,5839742,193462,10779470,
All CA Counties,2021-03-23,359966,16527194,198603,8418490,150266,7775646,11097,333058,220966,5036395,138035,5977777,234702,11014172,
All CA Counties,2021-03-24,389158,16916352,222711,8641201,153903,7929549,12544,345602,225828,5114835,162029,6139806,240469,11254641,
All CA Counties,2021-03-25,419612,17335964,231216,8872417,173487,8103036,14909,360511,237405,5188477,180826,6320632,254468,11509109,
All CA Counties,2021-03-26,436427,17772391,233334,9105751,186968,8290004,16125,376636,235443,5243207,199696,6520328,254426,11763535,
All CA Counties,2021-03-27,313821,18086212,166934,9272685,135082,8425086,11805,388441,157712,5259757,155219,6675547,171769,11935304,
All CA Counties,2021-03-28,169543,18255755,109160,9381845,56793,8481879,3590,392031,88477,5273401,80589,6756136,94233,12029537,
All CA Counties,2021-03-29,311510,18567265,167536,9549381,134915,8616794,9059,401090,173146,5320589,137534,6893670,184722,12214259,
All CA Counties,2021-03-30,400069,18967334,202534,9751915,179273,8796067,18262,419352,224644,5390692,174581,7068251,244684,12458943,
All CA Counties,2021-03-31,427810,19395144,232508,9984423,173523,8969590,21779,441131,237776,5462358,188917,7257168,260583,12719526,
All CA Counties,2021-04-01,494058,19889202,252900,10237323,200686,9170276,40472,481603,271764,5554946,220782,7477950,313370,13032896,
All CA Counties,2021-04-02,475577,20364779,231864,10469187,200433,9370709,43280,524883,257928,5641425,216346,7694296,302825,13335721,
All CA Counties,2021-04-03,330568,20695347,168508,10637695,120507,9491216,41553,566436,164626,5683492,165240,7859536,207307,13543028,
All CA Counties,2021-04-04,132669,20828016,69206,10706901,44379,9535595,19084,585520,58047,5686468,74284,7933820,77260,13620288,
All CA Counties,2021-04-05,354451,21182467,182617,10889518,131928,9667523,39906,625426,174212,5723535,179492,8113312,216559,13836847,
All CA Counties,2021-04-06,459201,21641668,232705,11122223,160837,9828360,65659,691085,222509,5777904,235695,8349007,290064,14126911,
All CA Counties,2021-04-07,474187,22115855,246355,11368578,157654,9986014,70178,761263,230602,5837122,242564,8591571,301782,14428693,
All CA Counties,2021-04-08,501640,22617495,253113,11621691,163867,10149881,84660,845923,235877,5895357,264489,8856060,322724,14751417,
All CA Counties,2021-04-09,497079,23114574,247823,11869514,169124,10319005,80132,926055,228737,5940049,267190,9123250,311882,15063299,
All CA Counties,2021-04-10,368556,23483130,168710,12038224,125393,10444398,74453,1000508,154510,5958406,213241,9336491,231598,15294897,
All CA Counties,2021-04-11,188128,23671258,105700,12143924,48333,10492731,34095,1034603,78051,5963677,109702,9446193,114973,15409870,
All CA Counties,2021-04-12,341807,24013065,175657,12319581,127838,10620569,38312,1072915,158079,5980959,182673,9628866,199955,15609825,
All CA Counties,2021-04-13,435195,24448260,243676,12563257,190555,10811124,964,1073879,243090,6037074,191014,9819880,247129,15856954,
All CA Counties,2021-04-14,455509,24903769,255445,12818702,199772,11010896,292,1074171,237253,6062222,216976,10036856,242124,16099078,
All CA Counties,2021-04-15,496104,25399873,289041,13107743,206765,11217661,298,1074469,277439,6125824,217076,10253932,280678,16379756,
All CA Counties,2021-04-16,480683,25880556,270447,13378190,209923,11427584,313,1074782,256188,6161753,223066,10476998,258995,16638751,
All CA Counties,2021-04-17,345483,26226039,193709,13571899,151709,11579293,65,1074847,196640,6213782,147875,10624873,199904,16838655,
All CA Counties,2021-04-18,160649,26386688,103691,13675590,56940,11636233,18,1074865,82730,6222115,77450,10702323,85783,16924438,
All CA Counties,2021-04-19,322865,26709553,185553,13861143,137214,11773447,98,1074963,152720,6207719,169134,10871457,154738,17079176,
All CA Counties,2021-04-20,418559,27128112,226035,14087178,192442,11965889,82,1075045,207647,6208866,209731,11081188,210878,17290054,
All CA Counties,2021-04-21,438924,27567036,253492,14340670,185161,12151050,271,1075316,211313,6197751,225954,11307142,214839,17504893,
All CA Counties,2021-04-22,455278,28022314,261871,14602541,193328,12344378,79,1075395,203144,6153674,250617,11557759,206540,17711433,
All CA Counties,2021-04-23,447464,28469778,256809,14859350,190564,12534942,91,1075486,203016,6117225,242943,11800702,206494,17917927,
All CA Counties,2021-04-24,325922,28795700,205115,15064465,120623,12655565,184,1075670,165555,6126885,159375,11960077,169035,18086962,
All CA Counties,2021-04-25,149816,28945516,98725,15163190,51016,12706581,75,1075745,80532,6140150,68789,12028866,82054,18169016,
All CA Counties,2021-04-26,304815,29250331,177209,15340399,126051,12832632,1555,1077300,133288,6109107,170464,12199330,139421,18308437,
All CA Counties,2021-04-27,372845,29623176,206760,15547159,159444,12992076,6641,1083941,150747,6048840,220884,12420214,160617,18469054,
All CA Counties,2021-04-28,358648,29981824,206988,15754147,143725,13135801,7935,1091876,148150,5998051,209312,12629526,158523,18627577,
All CA Counties,2021-04-29,368117,30349941,213538,15967685,146639,13282440,7940,1099816,135711,5912497,231130,12860656,145576,18773153,
All CA Counties,2021-04-30,378730,30728671,217500,16185185,152276,13434716,8954,1108770,144075,5834289,233287,13093943,155079,18928232,
All CA Counties,2021-05-01,248235,30976906,158586,16343771,83570,13518286,6079,1114849,90108,5775503,157218,13251161,98432,19026664,
All CA Counties,2021-05-02,117010,31093916,81767,16425538,31360,13549646,3883,1118732,40939,5745069,75644,13326805,45210,19071874,
All CA Counties,2021-05-03,254085,31348001,155909,16581447,89409,13639055,8767,1127499,77617,5656819,175560,13502365,87310,19159184,
All CA Counties,2021-05-04,333335,31681336,204847,16786294,118670,13757725,9818,1137317,98688,5533026,233523,13735888,109730,19268914,
All CA Counties,2021-05-05,337782,32019118,211556,16997850,116151,13873876,10075,1147392,95702,5399053,240777,13976665,106804,19375718,
All CA Counties,2021-05-06,349695,32368813,227788,17225638,111363,13985239,10544,1157936,88566,5241250,259435,14236100,101632,19477350,
All CA Counties,2021-05-07,349359,32718172,218444,17444082,121035,14106274,9880,1167816,95025,5094513,252909,14489009,106172,19583522,
All CA Counties,2021-05-08,226099,32944271,143115,17587197,76045,14182319,6939,1174755,61886,5001569,163237,14652246,70293,19653815,
All CA Counties,2021-05-09,93365,33037636,70366,17657563,20027,14202346,2972,1177727,23932,4959825,69093,14721339,27349,19681164,
All CA Counties,2021-05-10,202699,33240335,115291,17772854,79556,14281902,7852,1185579,50331,4867791,151524,14872863,59490,19740654,
All CA Counties,2021-05-11,266456,33506791,149294,17922148,108536,14390438,8626,1194205,69100,4750854,196394,15069257,79457,19820111,
All CA Counties,2021-05-12,268624,33775415,155933,18078081,103577,14494015,9114,1203319,71831,4637241,195714,15264971,82101,19902212,
All CA Counties,2021-05-13,316342,34091757,204428,18282509,104503,14598518,7411,1210730,119161,4570480,196004,15460975,129243,20031455,
All CA Counties,2021-05-14,339807,34431564,218162,18500671,112736,14711254,8909,1219639,132777,4508509,205745,15666720,143774,20175229,
All CA Counties,2021-05-15,278825,34710389,194805,18695476,78057,14789311,5963,1225602,114647,4466830,163281,15830001,121602,20296831,
All CA Counties,2021-05-16,136477,34846866,104680,18800156,28868,14818179,2929,1228531,55087,4444318,80931,15910932,58419,20355250,
All CA Counties,2021-05-17,238858,35085724,156984,18957140,74461,14892640,7413,1235944,94416,4403482,143535,16054467,102699,20457949,
All CA Counties,2021-05-18,279815,35365539,170307,19127447,102110,14994750,7398,1243342,108956,4351510,169731,16224198,117759,20575708,
All CA Counties,2021-05-19,274634,35640173,171583,19299030,95491,15090241,7560,1250902,112629,4311868,160948,16385146,121306,20697014,
All CA Counties,2021-05-20,261499,35901672,155944,19454974,97433,15187674,8122,1259024,100157,4261497,160190,16545336,109819,20806833,
All CA Counties,2021-05-21,281631,36183303,173189,19628163,100491,15288165,7951,1266975,106359,4203907,173987,16719323,116397,20923230,
All CA Counties,2021-05-22,203690,36386993,134921,19763084,62565,15350730,6204,1273179,86815,4182017,116086,16835409,94196,21017426,
All CA Counties,2021-05-23,86592,36473585,60220,19823304,23682,15374412,2690,1275869,37776,4174481,48396,16883805,40860,21058286,
All CA Counties,2021-05-24,167312,36640897,96934,19920238,62087,15436499,8291,1284160,62907,4142933,103600,16987405,72052,21130338,
All CA Counties,2021-05-25,189146,36830043,111085,20031323,70065,15506564,7996,1292156,71613,4107169,116510,17103915,80746,21211084,
All CA Counties,2021-05-26,184127,37014170,106023,20137346,70272,15576836,7832,1299988,71509,4075762,111512,17215427,80105,21291189,
All CA Counties,2021-05-27,171850,37186020,98285,20235631,65078,15641914,8487,1308475,69247,4053713,101757,17317184,79708,21370897,
All CA Counties,2021-05-28,188193,37374213,108587,20344218,72525,15714439,7081,1315556,81193,4037761,106034,17423218,90082,21460979,
All CA Counties,2021-05-29,106419,37480632,65342,20409560,37298,15751737,3779,1319335,49731,4036833,56155,17479373,55227,21516206,
All CA Counties,2021-05-30,46786,37527418,30870,20440430,13467,15765204,2449,1321784,20483,4034362,26069,17505442,23598,21539804,
All CA Counties,2021-05-31,19736,37547154,11622,20452052,7143,15772347,971,1322755,6416,4028729,13170,17518612,7537,21547341,
All CA Counties,2021-06-01,167761,37714915,97944,20549996,62797,15835144,7020,1329775,59670,3991534,107116,17625728,69921,21617262,
All CA Counties,2021-06-02,142203,37857118,84101,20634097,51031,15886175,7071,1336846,53958,3966731,87348,17713076,62545,21679807,
All CA Counties,2021-06-03,170283,38027401,116527,20750624,46758,15932933,6998,1343844,51855,3909234,117586,17830662,60089,21739896,
All CA Counties,2021-06-04,198616,38226017,140009,20890633,52489,15985422,6118,1349962,59495,3838810,138078,17968740,67654,21807550,
All CA Counties,2021-06-05,156302,38382319,118001,21008634,32748,16018170,5553,1355515,43654,3777244,111869,18080609,50303,21857853,
All CA Counties,2021-06-06,63410,38445729,53413,21062047,7790,16025960,2207,1357722,18475,3754139,44649,18125258,21544,21879397,
All CA Counties,2021-06-07,135908,38581637,99789,21161836,30267,16056227,5852,1363574,40687,3706901,94621,18219879,47383,21926780,
All CA Counties,2021-06-08,157493,38739130,114409,21276245,36356,16092583,6728,1370302,47467,3653157,109132,18329011,55388,21982168,
All CA Counties,2021-06-09,151560,38890690,110391,21386636,34454,16127037,6715,1377017,42070,3594237,108698,18437709,49778,22031946,
All CA Counties,2021-06-10,145992,39036682,105201,21491837,33521,16160558,7270,1384287,43002,3543335,102276,18539985,51374,22083320,
All CA Counties,2021-06-11,158147,39194829,111156,21602993,40322,16200880,6669,1390956,49200,3492094,108057,18648042,56816,22140136,
All CA Counties,2021-06-12,114347,39309176,86652,21689645,24004,16224884,3691,1394647,32749,3448167,81052,18729094,37125,22177261,
All CA Counties,2021-06-13,44395,39353571,33063,21722708,9294,16234178,2038,1396685,11429,3429308,32730,18761824,13871,22191132,
All CA Counties,2021-06-14,114753,39468324,81573,21804281,26452,16260630,6728,1403413,39082,3400688,75082,18836906,46462,22237594,
All CA Counties,2021-06-15,131199,39599523,88676,21892957,33808,16294438,8715,1412128,44086,3368115,86282,18923188,53709,22291303,
All CA Counties,2021-06-16,120095,39719618,84623,21977580,27850,16322288,7622,1419750,41458,3340062,77900,19001088,49847,22341150,
All CA Counties,2021-06-17,112357,39831975,78174,22055754,26780,16349068,7403,1427153,39905,3316295,71723,19072811,47956,22389106,
All CA Counties,2021-06-18,126280,39958255,87725,22143479,31523,16380591,7032,1434185,45481,3289650,79939,19152750,53294,22442400,
All CA Counties,2021-06-19,75189,40033444,54845,22198324,16621,16397212,3723,1437908,28165,3275660,46402,19199152,32412,22474812,
All CA Counties,2021-06-20,30538,40063982,22985,22221309,6204,16403416,1349,1439257,11517,3269936,18812,19217964,13088,22487900,
All CA Counties,2021-06-21,69970,40133952,44034,22265343,20323,16423739,5613,1444870,36144,3278774,33448,19251412,42286,22530186,
All CA Counties,2021-06-22,98319,40232271,68875,22334218,24039,16447778,5405,1450275,38449,3263993,59294,19310706,44513,22574699,
All CA Counties,2021-06-23,89788,40322059,63696,22397914,20983,16468761,5109,1455384,36784,3254013,52476,19363182,42496,22617195,
All CA Counties,2021-06-24,84674,40406733,59707,22457621,20226,16488987,4741,1460125,34174,3243537,49935,19413117,39459,22656654,
All CA Counties,2021-06-25,55057,40461790,39436,22497057,12034,16501021,3587,1463712,20905,3234455,33846,19446963,24764,22681418,
All CA and Non-CA Counties,2020-12-15,1164,1164,1164,1164,0,0,0,0,1164,1164,0,0,1164,1164,
All CA and Non-CA Counties,2020-12-16,8729,9893,8729,9893,0,0,0,0,8729,9893,0,0,8729,9893,
All CA and Non-CA Counties,2020-12-17,28126,38019,28126,38019,0,0,0,0,28126,38019,0,0,28126,38019,
All CA and Non-CA Counties,2020-12-18,47754,85773,47688,85707,66,66,0,0,47753,85771,1,1,47753,85772,
All CA and Non-CA Counties,2020-12-19,26533,112306,26506,112213,27,93,0,0,26532,112302,1,2,26532,112304,
All CA and Non-CA Counties,2020-12-20,19796,132102,19764,131977,32,125,0,0,19795,132096,1,3,19795,132099,
All CA and Non-CA Counties,2020-12-21,51953,184055,51858,183835,95,220,0,0,51950,184044,3,6,51951,184050,
All CA and Non-CA Counties,2020-12-22,52226,236281,50010,233845,2216,2436,0,0,52217,236254,7,13,52217,236267,
All CA and Non-CA Counties,2020-12-23,52259,288540,43299,277144,8960,11396,0,0,52252,288503,6,19,52255,288522,
All CA and Non-CA Counties,2020-12-24,24908,313448,16964,294108,7944,19340,0,0,24903,313403,5,24,24905,313427,
All CA and Non-CA Counties,2020-12-25,2384,315832,2054,296162,330,19670,0,0,2384,315787,0,24,2384,315811,
All CA and Non-CA Counties,2020-12-26,14940,330772,9680,305842,5260,24930,0,0,14938,330723,2,26,14938,330749,
All CA and Non-CA Counties,2020-12-27,9656,340428,5680,311522,3976,28906,0,0,9653,340373,3,29,9653,340402,
All CA and Non-CA Counties,2020-12-28,47512,387940,30426,341948,17086,45992,0,0,47508,387878,3,32,47508,387910,
All CA and Non-CA Counties,2020-12-29,52872,440812,29622,371570,23250,69242,0,0,52866,440740,4,36,52866,440776,
All CA and Non-CA Counties,2020-12-30,65057,505869,36917,408487,28140,97382,0,0,65045,505779,9,45,65048,505824,
All CA and Non-CA Counties,2020-12-31,30677,536546,11530,420017,19147,116529,0,0,30655,536416,19,64,30656,536480,
All CA and Non-CA Counties,2021-01-01,4706,541252,2106,422123,2600,119129,0,0,4698,541107,7,71,4698,541178,
All CA and Non-CA Counties,2021-01-02,18776,560028,10385,432508,8391,127520,0,0,18770,559874,3,74,18770,559948,
All CA and Non-CA Counties,2021-01-03,6372,566400,3600,436108,2772,130292,0,0,6338,566199,13,87,6338,566286,
All CA and Non-CA Counties,2021-01-04,44762,611162,22521,458629,22241,152533,0,0,44677,610835,41,128,44677,610963,
All CA and Non-CA Counties,2021-01-05,58254,669416,30718,489347,27536,180069,0,0,52403,657548,5788,5916,52501,663464,
All CA and Non-CA Counties,2021-01-06,76273,745689,42193,531540,34080,214149,0,0,59826,701150,16264,22180,59866,723330,
All CA and Non-CA Counties,2021-01-07,96733,842422,55257,586797,41476,255625,0,0,63561,731776,32995,55175,63621,786951,
All CA and Non-CA Counties,2021-01-08,111512,953934,67189,653986,44323,299948,0,0,67856,756200,43505,98680,67929,854880,
All CA and Non-CA Counties,2021-01-09,45806,999740,26132,680118,19674,319622,0,0,28847,768146,16932,115612,28878,883758,
All CA and Non-CA Counties,2021-01-10,24690,1024430,15082,695200,9608,329230,0,0,13304,770101,11368,126980,13323,897081,
All CA and Non-CA Counties,2021-01-11,108070,1132500,71721,766921,36349,365579,0,0,62749,787754,45272,172252,62925,960006,
All CA and Non-CA Counties,2021-01-12,117918,1250418,69914,836835,48004,413583,0,0,74789,819773,43019,215271,75038,1035044,
All CA and Non-CA Counties,2021-01-13,123269,1373687,63892,900727,59377,472960,0,0,88060,872809,35121,250392,88157,1123201,
All CA and Non-CA Counties,2021-01-14,127956,1501643,51117,951844,76839,549799,0,0,107525,960206,20314,270706,107711,1230912,
All CA and Non-CA Counties,2021-01-15,146638,1648281,53097,1004941,93541,643340,0,0,130883,1075675,15644,286350,131113,1362025,
All CA and Non-CA Counties,2021-01-16,83419,1731700,27845,1032786,55574,698914,0,0,75609,1143561,7779,294129,75665,1437690,
All CA and Non-CA Counties,2021-01-17,48831,1780531,17056,1049842,31775,730689,0,0,45098,1184981,3723,297852,45143,1482833,
All CA and Non-CA Counties,2021-01-18,89624,1870155,46954,1096796,42670,773359,0,0,69780,1235171,19770,317622,69960,1552793,
All CA and Non-CA Counties,2021-01-19,146519,2016674,75171,1171967,71348,844707,0,0,114307,1317700,32114,349736,114643,1667436,
All CA and Non-CA Counties,2021-01-20,165780,2182454,83756,1255723,82024,926731,0,0,130963,1414350,34585,384321,131235,1798671,
All CA and Non-CA Counties,2021-01-21,178699,2361153,78463,1334186,100236,1026967,0,0,158836,1553944,19619,403940,159213,1957884,
All CA and Non-CA Counties,2021-01-22,175159,2536312,70632,1404818,104527,1131494,0,0,160315,1699726,14694,418634,160476,2118360,
All CA and Non-CA Counties,2021-01-23,114272,2650584,49866,1454684,64406,1195900,0,0,101500,1788635,12711,431345,101620,2219980,
All CA and Non-CA Counties,2021-01-24,61561,2712145,29630,1484314,31931,1227831,0,0,56781,1840735,4746,436091,56846,2276826,
All CA and Non-CA Counties,2021-01-25,150130,2862275,67449,1551763,82681,1310512,0,0,113891,1918914,36095,472186,114274,2391100,
All CA and Non-CA Counties,2021-01-26,175605,3037880,86092,1637855,89513,1400025,0,0,136892,2017519,38573,510759,137178,2528278,
All CA and Non-CA Counties,2021-01-27,188134,3226014,90549,1728404,97585,1497610,0,0,147739,2125433,40048,550807,147962,2676240,
All CA and Non-CA Counties,2021-01-28,193929,3419943,89816,1818220,104113,1601723,0,0,158864,2249783,34757,585564,159107,2835347,
All CA and Non-CA Counties,2021-01-29,189353,3609296,91550,1909770,97803,1699526,0,0,153454,2368127,35295,620859,153639,2988986,
All CA and Non-CA Counties,2021-01-30,129014,3738310,58103,1967873,70911,1770437,0,0,113180,2465837,15619,636478,113329,3102315,
All CA and Non-CA Counties,2021-01-31,72242,3810552,41270,2009143,30972,1801409,0,0,67181,2528095,4983,641461,67241,3169556,
All CA and Non-CA Counties,2021-02-01,167856,3978408,78349,2087492,89507,1890916,0,0,126004,2612584,41647,683108,126136,3295692,
All CA and Non-CA Counties,2021-02-02,193047,4171455,80527,2168019,112520,2003436,0,0,147490,2715052,45250,728358,147718,3443410,
All CA and Non-CA Counties,2021-02-03,219517,4390972,98109,2266128,121408,2124844,0,0,163887,2824087,55112,783470,164147,3607557,
All CA and Non-CA Counties,2021-02-04,235913,4626885,102412,2368540,133501,2258345,0,0,173835,2936774,61518,844988,174205,3781762,
All CA and Non-CA Counties,2021-02-05,253844,4880729,108947,2477487,144897,2403242,0,0,173417,3031149,79593,924581,173968,3955730,
All CA and Non-CA Counties,2021-02-06,159478,5040207,77132,2554619,82346,2485588,0,0,124062,3120481,35230,959811,124562,4080292,
All CA and Non-CA Counties,2021-02-07,69214,5109421,45132,2599751,24082,2509670,0,0,52637,3157079,16493,976304,53091,4133383,
All CA and Non-CA Counties,2021-02-08,186758,5296179,92559,2692310,94199,2603869,0,0,123777,3219093,62518,1038822,124532,4257915,
All CA and Non-CA Counties,2021-02-09,216195,5512374,104236,2796546,111959,2715828,0,0,129780,3264131,85917,1124739,130955,4388870,
All CA and Non-CA Counties,2021-02-10,255594,5767968,122173,2918719,133421,2849249,0,0,141674,3294294,113041,1237780,143204,4532074,
All CA and Non-CA Counties,2021-02-11,271750,6039718,134226,3052945,137524,2986773,0,0,149016,3323615,121531,1359311,150852,4682926,
All CA and Non-CA Counties,2021-02-12,279497,6319215,122097,3175042,157400,3144173,0,0,151108,3349697,127436,1486747,153518,4836444,
All CA and Non-CA Counties,2021-02-13,170094,6489309,78590,3253632,91504,3235677,0,0,94240,3370472,75435,1562182,96210,4932654,
All CA and Non-CA Counties,2021-02-14,97206,6586515,48172,3301804,49034,3284711,0,0,52856,3380713,44164,1606346,54405,4987059,
All CA and Non-CA Counties,2021-02-15,145845,6732360,64422,3366226,81423,3366134,0,0,80363,3399151,65065,1671411,83503,5070562,
All CA and Non-CA Counties,2021-02-16,256602,6988962,121593,3487819,135009,3501143,0,0,136159,3418410,120024,1791435,139283,5209845,
All CA and Non-CA Counties,2021-02-17,266196,7255158,132587,3620406,133609,3634752,0,0,131069,3418202,134523,1925958,134315,5344160,
All CA and Non-CA Counties,2021-02-18,280954,7536112,146778,3767184,134176,3768928,0,0,134483,3411278,145657,2071615,138733,5482893,
All CA and Non-CA Counties,2021-02-19,260561,7796673,151782,3918966,108779,3877707,0,0,133516,3420449,126446,2198061,135617,5618510,
All CA and Non-CA Counties,2021-02-20,158053,7954726,101850,4020816,56203,3933910,0,0,86161,3437054,71566,2269627,88171,5706681,
All CA and Non-CA Counties,2021-02-21,86020,8040746,71474,4092290,14546,3948456,0,0,42671,3438212,43067,2312694,44225,5750906,
All CA and Non-CA Counties,2021-02-22,168980,8209726,113304,4205594,55676,4004132,0,0,84450,3440213,84180,2396874,86181,5837087,
All CA and Non-CA Counties,2021-02-23,233601,8443327,123744,4329338,109857,4113989,0,0,108214,3429741,124727,2521601,114255,5951342,
All CA and Non-CA Counties,2021-02-24,290941,8734268,147397,4476735,143544,4257533,0,0,137488,3422018,152785,2674386,145062,6096404,
All CA and Non-CA Counties,2021-02-25,330352,9064620,162985,4639720,167367,4424900,0,0,172407,3445854,157175,2831561,181011,6277415,
All CA and Non-CA Counties,2021-02-26,364962,9429582,170559,4810279,194403,4619303,0,0,202458,3494182,161452,2993013,209780,6487195,
All CA and Non-CA Counties,2021-02-27,259444,9689026,126322,4936601,133096,4752399,26,26,146181,3532234,112591,3105604,150643,6637838,
All CA and Non-CA Counties,2021-02-28,137791,9826817,82869,5019470,54908,4807307,14,40,80430,3558634,56894,3162498,83294,6721132,
All CA and Non-CA Counties,2021-03-01,250339,10077156,133717,5153187,116483,4923790,139,179,142625,3598621,106853,3269351,146840,6867972,
All CA and Non-CA Counties,2021-03-02,297433,10374589,149296,5302483,148106,5071896,31,210,177362,3663441,119488,3388839,184308,7052280,
All CA and Non-CA Counties,2021-03-03,343978,10718567,170471,5472954,173437,5245333,70,280,196839,3721298,146379,3535218,204236,7256516,
All CA and Non-CA Counties,2021-03-04,360593,11079160,181694,5654648,178794,5424127,105,385,210156,3788998,149619,3684837,217319,7473835,
All CA and Non-CA Counties,2021-03-05,346468,11425628,170358,5825006,174965,5599092,1145,1530,214970,3881769,130631,3815468,223402,7697237,
All CA and Non-CA Counties,2021-03-06,264748,11690376,135682,5960688,121050,5720142,8016,9546,164093,3958383,100211,3915679,176825,7874062,
All CA and Non-CA Counties,2021-03-07,129788,11820164,79745,6040433,45809,5765951,4234,13780,81323,3999353,48264,3963943,89234,7963296,
All CA and Non-CA Counties,2021-03-08,224569,12044733,110137,6150570,103679,5869630,10753,24533,147277,4085555,76826,4040769,163028,8126324,
All CA and Non-CA Counties,2021-03-09,298111,12342844,142683,6293253,139173,6008803,16255,40788,167088,4142463,130503,4171272,187411,8313735,
All CA and Non-CA Counties,2021-03-10,329010,12671854,163921,6457174,140069,6148872,25020,65808,178228,4199845,150053,4321325,207435,8521170,
All CA and Non-CA Counties,2021-03-11,385111,13056965,186710,6643884,164338,6313210,34063,99871,197608,4249243,186489,4507814,235887,8757057,
All CA and Non-CA Counties,2021-03-12,404000,13460965,181606,6825490,175325,6488535,47069,146940,198166,4293709,204945,4712759,249411,9006468,
All CA and Non-CA Counties,2021-03-13,288587,13749552,127567,6953057,129366,6617901,31654,178594,156198,4353898,131908,4844667,192097,9198565,
All CA and Non-CA Counties,2021-03-14,157058,13906610,84411,7037468,57188,6675089,15459,194053,79632,4374126,77117,4921784,97345,9295910,
All CA and Non-CA Counties,2021-03-15,296019,14202629,141828,7179296,133064,6808153,21127,215180,160735,4424919,134477,5056261,185270,9481180,
All CA and Non-CA Counties,2021-03-16,379572,14582201,179242,7358538,182525,6990678,17805,232985,219838,4506825,158938,5215199,240844,9722024,
All CA and Non-CA Counties,2021-03-17,395079,14977280,197255,7555793,178783,7169461,19041,252026,244577,4623381,149595,5364794,266151,9988175,
All CA and Non-CA Counties,2021-03-18,412892,15390172,212672,7768465,181325,7350786,18895,270921,244756,4722187,166966,5531760,265772,10253947,
All CA and Non-CA Counties,2021-03-19,420605,15810777,222064,7990529,176309,7527095,22232,293153,244115,4815135,175466,5707226,268414,10522361,
All CA and Non-CA Counties,2021-03-20,300635,16111412,158958,8149487,125664,7652759,16013,309166,190300,4913359,109592,5816818,207816,10730177,
All CA and Non-CA Counties,2021-03-21,146777,16258189,101603,8251090,37543,7690302,7631,316797,90455,4956920,55910,5872728,99471,10829648,
All CA and Non-CA Counties,2021-03-22,278777,16536966,162558,8413648,104888,7795190,11331,328128,181432,5056235,96499,5969227,195814,11025462,
All CA and Non-CA Counties,2021-03-23,366068,16903034,201710,8615358,152953,7948143,11405,339533,225098,5155389,139989,6109216,239143,11264605,
All CA and Non-CA Counties,2021-03-24,396502,17299536,226472,8841830,157037,8105180,12993,352526,230884,5237051,164310,6273526,245972,11510577,
All CA and Non-CA Counties,2021-03-25,427903,17727439,235070,9076900,177398,8282578,15435,367961,243417,5314967,183091,6456617,261007,11771584,
All CA and Non-CA Counties,2021-03-26,443133,18170572,236877,9313777,189949,8472527,16307,384268,239857,5372028,201960,6658577,259021,12030605,
All CA and Non-CA Counties,2021-03-27,319393,18489965,170052,9483829,137317,8609844,12024,396292,161207,5390219,157289,6815866,175480,12206085,
All CA and Non-CA Counties,2021-03-28,172636,18662601,110813,9594642,58072,8667916,3751,400043,90469,5404922,81683,6897549,96386,12302471,
All CA and Non-CA Counties,2021-03-29,316733,18979334,169854,9764496,137475,8805391,9404,409447,176134,5453216,139761,7037310,188055,12490526,
All CA and Non-CA Counties,2021-03-30,406990,19386324,206177,9970673,181983,8987374,18830,428277,228732,5525162,177401,7214711,249347,12739873,
All CA and Non-CA Counties,2021-03-31,434176,19820500,236303,10206976,175316,9162690,22557,450834,241161,5598013,191892,7406603,264743,13004616,
All CA and Non-CA Counties,2021-04-01,501661,20322161,257463,10464439,203072,9365762,41126,491960,276176,5692476,223964,7630567,318427,13323043,
All CA and Non-CA Counties,2021-04-02,484065,20806226,236373,10700812,203263,9569025,44429,536389,262313,5780391,220440,7851007,308355,13631398,
All CA and Non-CA Counties,2021-04-03,336882,21143108,172289,10873101,121879,9690904,42714,579103,167988,5824035,168186,8019193,211830,13843228,
All CA and Non-CA Counties,2021-04-04,134467,21277575,70090,10943191,45054,9735958,19323,598426,59028,5827414,75099,8094292,78478,13921706,
All CA and Non-CA Counties,2021-04-05,358627,21636202,184643,11127834,133409,9869367,40575,639001,176208,5864972,181664,8275956,219222,14140928,
All CA and Non-CA Counties,2021-04-06,466373,22102575,236554,11364388,162513,10031880,67306,706307,225371,5919552,239989,8515945,294569,14435497,
All CA and Non-CA Counties,2021-04-07,482438,22585013,250985,11615373,159572,10191452,71881,778188,233815,5978650,247590,8763535,306688,14742185,
All CA and Non-CA Counties,2021-04-08,509940,23094953,257484,11872857,165851,10357303,86605,864793,239194,6037161,269461,9032996,327972,15070157,
All CA and Non-CA Counties,2021-04-09,504676,23599629,251713,12124570,170862,10528165,82101,946894,231655,6082070,271856,9304852,316765,15386922,
All CA and Non-CA Counties,2021-04-10,374663,23974292,171703,12296273,126645,10654810,76315,1023209,156187,6099534,217662,9522514,235126,15622048,
All CA and Non-CA Counties,2021-04-11,190996,24165288,107266,12403539,48990,10703800,34740,1057949,79023,6104528,111594,9634108,116588,15738636,
All CA and Non-CA Counties,2021-04-12,346022,24511310,178013,12581552,129136,10832936,38873,1096822,159957,6121920,185003,9819111,202395,15941031,
All CA and Non-CA Counties,2021-04-13,441074,24952384,247432,12828984,192654,11025590,988,1097810,246127,6178262,193848,10012959,250190,16191221,
All CA and Non-CA Counties,2021-04-14,461012,25413396,258971,13087955,201745,11227335,296,1098106,240282,6203976,219443,10232402,245157,16436378,
All CA and Non-CA Counties,2021-04-15,502307,25915703,292950,13380905,209052,11436387,305,1098411,280771,6268098,219895,10452297,284017,16720395,
All CA and Non-CA Counties,2021-04-16,486648,26402351,273865,13654770,212463,11648850,320,1098731,259514,6304738,225691,10677988,262331,16982726,
All CA and Non-CA Counties,2021-04-17,351039,26753390,197208,13851978,153765,11802615,66,1098797,199852,6357650,150206,10828194,203118,17185844,
All CA and Non-CA Counties,2021-04-18,162849,26916239,104950,13956928,57880,11860495,19,1098816,83798,6365927,78577,10906771,86854,17272698,
All CA and Non-CA Counties,2021-04-19,327072,27243311,187578,14144506,139395,11999890,99,1098915,154884,6351669,171165,11077936,156907,17429605,
All CA and Non-CA Counties,2021-04-20,424065,27667376,228591,14373097,195392,12195282,82,1098997,209921,6351868,212953,11290889,213152,17642757,
All CA and Non-CA Counties,2021-04-21,445576,28112952,256373,14629470,188927,12384209,276,1099273,213750,6339000,230150,11521039,217282,17860039,
All CA and Non-CA Counties,2021-04-22,462229,28575181,265462,14894932,196686,12580895,81,1099354,205715,6293131,254983,11776022,209114,18069153,
All CA and Non-CA Counties,2021-04-23,453452,29028633,259885,15154817,193475,12774370,92,1099446,205507,6255699,246421,12022443,208989,18278142,
All CA and Non-CA Counties,2021-04-24,330629,29359262,208187,15363004,122253,12896623,189,1099635,167454,6264466,162175,12184618,170942,18449084,
All CA and Non-CA Counties,2021-04-25,152053,29511315,99982,15462986,51995,12948618,76,1099711,81710,6277858,69844,12254462,83236,18532320,
All CA and Non-CA Counties,2021-04-26,309033,29820348,179104,15642090,128347,13076965,1582,1101293,135208,6246474,172752,12427214,141368,18673688,
All CA and Non-CA Counties,2021-04-27,378620,30198968,208931,15851021,162675,13239640,7014,1108307,152772,6184876,224622,12651836,163024,18836712,
All CA and Non-CA Counties,2021-04-28,363612,30562580,209136,16060157,146143,13385783,8333,1116640,150117,6133466,212294,12864130,160884,18997596,
All CA and Non-CA Counties,2021-04-29,373087,30935667,215883,16276040,148830,13534613,8374,1125014,137609,6047194,234181,13098311,147909,19145505,
All CA and Non-CA Counties,2021-04-30,383694,31319361,219906,16495946,154404,13689017,9384,1134398,145962,5968242,236351,13334662,157399,19302904,
All CA and Non-CA Counties,2021-05-01,251439,31570800,160444,16656390,84487,13773504,6508,1140906,91423,5909323,159095,13493757,100176,19403080,
All CA and Non-CA Counties,2021-05-02,118877,31689677,82861,16739251,32009,13805513,4007,1144913,41774,5878820,76672,13570429,46169,19449249,
All CA and Non-CA Counties,2021-05-03,257010,31946687,157503,16896754,90453,13895966,9054,1153967,78747,5790196,177350,13747779,88726,19537975,
All CA and Non-CA Counties,2021-05-04,337342,32284029,207015,17103769,120067,14016033,10260,1164227,100025,5665518,236185,13983964,111507,19649482,
All CA and Non-CA Counties,2021-05-05,342294,32626323,214091,17317860,117756,14133789,10447,1174674,97336,5530683,243648,14227612,108813,19758295,
All CA and Non-CA Counties,2021-05-06,354193,32980516,230541,17548401,112763,14246552,10889,1185563,90134,5371869,262359,14489971,103545,19861840,
All CA and Non-CA Counties,2021-05-07,354003,33334519,221114,17769515,122621,14369173,10268,1195831,96626,5224091,255939,14745910,108161,19970001,
All CA and Non-CA Counties,2021-05-08,229308,33563827,145271,17914786,76846,14446019,7191,1203022,62938,5130306,165383,14911293,71598,20041599,
All CA and Non-CA Counties,2021-05-09,94746,33658573,71280,17986066,20368,14466387,3098,1206120,24505,5088456,69896,14981189,28046,20069645,
All CA and Non-CA Counties,2021-05-10,205270,33863843,116464,18102530,80621,14547008,8185,1214305,51249,4996031,153168,15134357,60743,20130388,
All CA and Non-CA Counties,2021-05-11,269435,34133278,150704,18253234,109801,14656809,8930,1223235,70201,4878625,198270,15332627,80864,20211252,
All CA and Non-CA Counties,2021-05-12,271822,34405100,157469,18410703,104912,14761721,9441,1232676,73067,4764618,197670,15530297,83663,20294915,
All CA and Non-CA Counties,2021-05-13,319562,34724662,206304,18617007,105634,14867355,7624,1240300,120563,4697660,197817,15728114,130859,20425774,
All CA and Non-CA Counties,2021-05-14,343390,35068052,220187,18837194,114057,14981412,9146,1249446,134374,4635548,207722,15935836,145610,20571384,
All CA and Non-CA Counties,2021-05-15,281485,35349537,196376,19033570,79003,15060415,6106,1255552,115793,4593654,164787,16100623,122893,20694277,
All CA and Non-CA Counties,2021-05-16,138118,35487655,105728,19139298,29391,15089806,2999,1258551,55834,4571069,81822,16182445,59237,20753514,
All CA and Non-CA Counties,2021-05-17,241915,35729570,158610,19297908,75655,15165461,7650,1266201,95712,4530009,145291,16327736,104231,20857745,
All CA and Non-CA Counties,2021-05-18,283067,36012637,171948,19469856,103400,15268861,7719,1273920,110404,4478018,171522,16499258,119531,20977276,
All CA and Non-CA Counties,2021-05-19,277996,36290633,173272,19643128,96895,15365756,7829,1281749,114079,4438192,162850,16662108,123024,21100300,
All CA and Non-CA Counties,2021-05-20,264636,36555269,157677,19800805,98587,15464343,8372,1290121,101555,4387743,161918,16824026,111469,21211769,
All CA and Non-CA Counties,2021-05-21,284840,36840109,174977,19975782,101659,15566002,8204,1298325,107720,4329940,175823,16999849,118020,21329789,
All CA and Non-CA Counties,2021-05-22,206499,37046608,136763,20112545,63329,15629331,6407,1304732,88323,4308469,117379,17117228,95908,21425697,
All CA and Non-CA Counties,2021-05-23,88127,37134735,61219,20173764,24140,15653471,2768,1307500,38543,4301012,49163,17166391,41706,21467403,
All CA and Non-CA Counties,2021-05-24,169668,37304403,98035,20271799,62995,15716466,8638,1316138,63921,4269492,104933,17271324,73413,21540816,
All CA and Non-CA Counties,2021-05-25,191520,37495923,112185,20383984,71001,15787467,8334,1324472,72614,4233700,117874,17389198,82082,21622898,
All CA and Non-CA Counties,2021-05-26,186514,37682437,107125,20491109,71200,15858667,8189,1332661,72499,4202252,112901,17502099,81453,21704351,
All CA and Non-CA Counties,2021-05-27,174035,37856472,99371,20590480,65888,15924555,8776,1341437,70230,4180286,102952,17605051,80986,21785337,
All CA and Non-CA Counties,2021-05-28,190638,38047110,109808,20700288,73394,15997949,7436,1348873,82298,4164469,107367,17712418,91550,21876887,
All CA and Non-CA Counties,2021-05-29,108094,38155204,66182,20766470,37778,16035727,4134,1353007,50443,4163658,57114,17769532,56303,21933190,
All CA and Non-CA Counties,2021-05-30,47706,38202910,31431,20797901,13701,16049428,2574,1355581,20934,4161305,26534,17796066,24181,21957371,
All CA and Non-CA Counties,2021-05-31,20160,38223070,11807,20809708,7342,16056770,1011,1356592,6595,4155658,13403,17809469,7756,21965127,
All CA and Non-CA Counties,2021-06-01,169921,38392991,99077,20908785,63516,16120286,7328,1363920,60691,4118681,108251,17917720,71274,22036401,
All CA and Non-CA Counties,2021-06-02,144228,38537219,85103,20993888,51707,16171993,7418,1371338,54881,4094063,88440,18006160,63822,22100223,
All CA and Non-CA Counties,2021-06-03,172438,38709657,117715,21111603,47413,16219406,7310,1378648,52825,4036674,118764,18124924,61375,22161598,
All CA and Non-CA Counties,2021-06-04,201174,38910831,141435,21253038,53303,16272709,6436,1385084,60602,3966232,139523,18264447,69081,22230679,
All CA and Non-CA Counties,2021-06-05,158040,39068871,119216,21372254,33108,16305817,5716,1390800,44449,3904688,112808,18377255,51264,22281943,
All CA and Non-CA Counties,2021-06-06,64367,39133238,54132,21426386,7944,16313761,2291,1393091,18939,3881640,45140,18422395,22092,22304035,
All CA and Non-CA Counties,2021-06-07,137846,39271084,100837,21527223,30825,16344586,6184,1399275,41505,3834435,95740,18518135,48535,22352570,
All CA and Non-CA Counties,2021-06-08,159578,39430662,115602,21642825,36903,16381489,7073,1406348,48273,3780572,110405,18628540,56542,22409112,
All CA and Non-CA Counties,2021-06-09,153545,39584207,111582,21754407,34963,16416452,7000,1413348,42887,3721595,109860,18738400,50883,22459995,
All CA and Non-CA Counties,2021-06-10,147937,39732144,106331,21860738,34029,16450481,7577,1420925,43831,3670720,103387,18841787,52512,22512507,
All CA and Non-CA Counties,2021-06-11,160318,39892462,112407,21973145,40914,16491395,6997,1427922,50125,3619494,109296,18951083,58070,22570577,
All CA and Non-CA Counties,2021-06-12,115966,40008428,87861,22061006,24289,16515684,3816,1431738,33388,3575358,82027,19033110,37891,22608468,
All CA and Non-CA Counties,2021-06-13,45345,40053773,33712,22094718,9496,16525180,2137,1433875,11846,3556487,33259,19066369,14388,22622856,
All CA and Non-CA Counties,2021-06-14,116497,40170270,82553,22177271,26922,16552102,7022,1440897,39827,3527911,76075,19142444,47499,22670355,
All CA and Non-CA Counties,2021-06-15,132929,40303199,89633,22266904,34312,16586414,8984,1449881,44861,3495433,87231,19229675,54753,22725108,
All CA and Non-CA Counties,2021-06-16,121751,40424950,85606,22352510,28306,16614720,7839,1457720,42262,3467558,78743,19308418,50868,22775976,
All CA and Non-CA Counties,2021-06-17,114167,40539117,79180,22431690,27248,16641968,7739,1465459,40726,3443963,72709,19381127,49114,22825090,
All CA and Non-CA Counties,2021-06-18,128213,40667330,88783,22520473,31954,16673922,7476,1472935,46316,3417504,81031,19462158,54572,22879662,
All CA and Non-CA Counties,2021-06-19,76234,40743564,55540,22576013,16879,16690801,3815,1476750,28708,3403650,46900,19509058,33046,22912708,
All CA and Non-CA Counties,2021-06-20,31318,40774882,23551,22599564,6370,16697171,1397,1478147,11983,3398129,19123,19528181,13602,22926310,
All CA and Non-CA Counties,2021-06-21,71230,40846112,44668,22644232,20649,16717820,5913,1484060,36834,3407393,34012,19562193,43276,22969586,
All CA and Non-CA Counties,2021-06-22,99927,40946039,69902,22714134,24388,16742208,5637,1489697,39327,3392997,60019,19622212,45623,23015209,
All CA and Non-CA Counties,2021-06-23,91394,41037433,64566,22778700,21403,16763611,5425,1495122,37548,3383260,53311,19675523,43574,23058783,
All CA and Non-CA Counties,2021-06-24,86105,41123538,60552,22839252,20562,16784173,4991,1500113,34931,3373117,50608,19726131,40465,23099248,
All CA and Non-CA Counties,2021-06-25,56026,41179564,39863,22879115,12255,16796428,3908,1504021,21294,3364165,34426,19760557,25474,23124722,
Outside California,2020-12-15,9,9,9,9,0,0,0,0,9,9,0,0,9,9,Not in California
Outside California,2020-12-16,273,282,273,282,0,0,0,0,273,282,0,0,273,282,Not in California
Outside California,2020-12-17,1606,1888,1606,1888,0,0,0,0,1606,1888,0,0,1606,1888,Not in California
Outside California,2020-12-18,2531,4419,2524,4412,7,7,0,0,2531,4419,0,0,2531,4419,Not in California
Outside California,2020-12-19,1035,5454,1034,5446,1,8,0,0,1035,5454,0,0,1035,5454,Not in California
Outside California,2020-12-20,677,6131,674,6120,3,11,0,0,677,6131,0,0,677,6131,Not in California
Outside California,2020-12-21,2174,8305,2171,8291,3,14,0,0,2174,8305,0,0,2174,8305,Not in California
Outside California,2020-12-22,2062,10367,1987,10278,75,89,0,0,2062,10367,0,0,2062,10367,Not in California
Outside California,2020-12-23,1528,11895,1385,11663,143,232,0,0,1527,11893,1,1,1527,11894,Not in California
Outside California,2020-12-24,801,12696,611,12274,190,422,0,0,801,12694,0,1,801,12695,Not in California
Outside California,2020-12-25,34,12730,29,12303,5,427,0,0,34,12728,0,1,34,12729,Not in California
Outside California,2020-12-26,307,13037,207,12510,100,527,0,0,307,13035,0,1,307,13036,Not in California
Outside California,2020-12-27,189,13226,72,12582,117,644,0,0,189,13224,0,1,189,13225,Not in California
Outside California,2020-12-28,1407,14633,898,13480,509,1153,0,0,1407,14631,0,1,1407,14632,Not in California
Outside California,2020-12-29,1540,16173,1018,14498,522,1675,0,0,1540,16171,0,1,1540,16172,Not in California
Outside California,2020-12-30,1876,18049,1223,15721,653,2328,0,0,1876,18047,0,1,1876,18048,Not in California
Outside California,2020-12-31,1099,19148,597,16318,502,2830,0,0,1098,19144,1,2,1098,19146,Not in California
Outside California,2021-01-01,115,19263,26,16344,89,2919,0,0,115,19259,0,2,115,19261,Not in California
Outside California,2021-01-02,246,19509,134,16478,112,3031,0,0,245,19503,1,3,245,19506,Not in California
Outside California,2021-01-03,171,19680,92,16570,79,3110,0,0,171,19674,0,3,171,19677,Not in California
Outside California,2021-01-04,1140,20820,508,17078,632,3742,0,0,1135,20808,1,4,1135,20812,Not in California
Outside California,2021-01-05,1547,22367,820,17898,727,4469,0,0,1353,21970,192,196,1354,22166,Not in California
Outside California,2021-01-06,2668,25035,1580,19478,1088,5557,0,0,1936,23177,729,925,1936,24102,Not in California
Outside California,2021-01-07,4120,29155,2531,22009,1589,7146,0,0,2466,23993,1652,2577,2468,26570,Not in California
Outside California,2021-01-08,4478,33633,2904,24913,1574,8720,0,0,2612,24752,1856,4433,2615,29185,Not in California
Outside California,2021-01-09,1308,34941,534,25447,774,9494,0,0,980,25407,327,4760,982,30167,Not in California
Outside California,2021-01-10,311,35252,188,25635,123,9617,0,0,189,25474,122,4882,189,30356,Not in California
Outside California,2021-01-11,3257,38509,1995,27630,1262,10879,0,0,1929,26075,1328,6210,1929,32285,Not in California
Outside California,2021-01-12,3828,42337,2296,29926,1532,12411,0,0,2286,26826,1538,7748,2289,34574,Not in California
Outside California,2021-01-13,3646,45983,1796,31722,1850,14261,0,0,2466,28117,1179,8927,2470,37044,Not in California
Outside California,2021-01-14,3641,49624,1263,32985,2378,16639,0,0,2995,30482,633,9560,2998,40042,Not in California
Outside California,2021-01-15,4186,53810,995,33980,3191,19830,0,0,3708,33725,465,10025,3708,43750,Not in California
Outside California,2021-01-16,2649,56459,388,34368,2261,22091,0,0,2474,36026,173,10198,2474,46224,Not in California
Outside California,2021-01-17,502,56961,151,34519,351,22442,0,0,453,36430,49,10247,453,46677,Not in California
Outside California,2021-01-18,1202,58163,770,35289,432,22874,0,0,742,36714,459,10706,743,47420,Not in California
Outside California,2021-01-19,4090,62253,1336,36625,2754,25628,0,0,3192,39011,898,11604,3195,50615,Not in California
Outside California,2021-01-20,4432,66685,1425,38050,3007,28635,0,0,3487,41558,941,12545,3488,54103,Not in California
Outside California,2021-01-21,4227,70912,1159,39209,3068,31703,0,0,3649,44645,562,13107,3649,57752,Not in California
Outside California,2021-01-22,4609,75521,1093,40302,3516,35219,0,0,4202,48447,402,13509,4204,61956,Not in California
Outside California,2021-01-23,2273,77794,346,40648,1927,37146,0,0,2106,50386,167,13676,2106,64062,Not in California
Outside California,2021-01-24,607,78401,247,40895,360,37506,0,0,526,50831,81,13757,526,64588,Not in California
Outside California,2021-01-25,4523,82924,1973,42868,2550,40056,0,0,3657,53629,861,14618,3659,68247,Not in California
Outside California,2021-01-26,6047,88971,2945,45813,3102,43158,0,0,5188,57966,858,15476,5195,73442,Not in California
Outside California,2021-01-27,5135,94106,2741,48554,2394,45552,0,0,4503,61844,627,16103,4505,77947,Not in California
Outside California,2021-01-28,5262,99368,2839,51393,2423,47975,0,0,4721,66034,531,16634,4721,82668,Not in California
Outside California,2021-01-29,4882,104250,3052,54445,1830,49805,0,0,4071,69305,803,17437,4074,86742,Not in California
Outside California,2021-01-30,4441,108691,2429,56874,2012,51817,0,0,4207,73282,231,17668,4208,90950,Not in California
Outside California,2021-01-31,3134,111825,2711,59585,423,52240,0,0,3075,76301,57,17725,3076,94026,Not in California
Outside California,2021-02-01,5587,117412,2586,62171,3001,55241,0,0,4873,80468,706,18431,4873,98899,Not in California
Outside California,2021-02-02,6797,124209,2150,64321,4647,59888,0,0,6070,85821,717,19148,6070,104969,Not in California
Outside California,2021-02-03,7441,131650,2091,66412,5350,65238,0,0,6562,91513,871,20019,6563,111532,Not in California
Outside California,2021-02-04,6902,138552,2176,68588,4726,69964,0,0,5875,96374,1015,21034,5876,117408,Not in California
Outside California,2021-02-05,6801,145353,2223,70811,4578,74542,0,0,5711,101002,1083,22117,5711,123119,Not in California
Outside California,2021-02-06,4409,149762,2139,72950,2270,76812,0,0,3941,104487,459,22576,3944,127063,Not in California
Outside California,2021-02-07,2224,151986,1829,74779,395,77207,0,0,2138,106542,85,22661,2140,129203,Not in California
Outside California,2021-02-08,5300,157286,3338,78117,1962,79169,0,0,4246,109745,1043,23704,4246,133449,Not in California
Outside California,2021-02-09,4284,161570,1913,80030,2371,81540,0,0,2969,111424,1304,25008,2983,136432,Not in California
Outside California,2021-02-10,5667,167237,1949,81979,3718,85258,0,0,3198,112206,2457,27465,3239,139671,Not in California
Outside California,2021-02-11,4891,172128,2275,84254,2616,87874,0,0,3549,114444,1329,28794,3567,143238,Not in California
Outside California,2021-02-12,5297,177425,1966,86220,3331,91205,0,0,3442,116048,1842,30636,3446,146684,Not in California
Outside California,2021-02-13,2417,179842,732,86952,1685,92890,0,0,1839,117324,575,31211,1851,148535,Not in California
Outside California,2021-02-14,1358,181200,422,87374,936,93826,0,0,1109,118190,245,31456,1111,149646,Not in California
Outside California,2021-02-15,2641,183841,1613,88987,1028,94854,0,0,1268,118106,1355,32811,1271,150917,Not in California
Outside California,2021-02-16,6472,190313,2916,91903,3556,98410,0,0,2593,116837,3868,36679,2599,153516,Not in California
Outside California,2021-02-17,5999,196312,3033,94936,2966,101376,0,0,1841,114534,4149,40828,1846,155362,Not in California
Outside California,2021-02-18,6597,202909,3785,98721,2812,104188,0,0,2090,112146,4479,45307,2091,157453,Not in California
Outside California,2021-02-19,5850,208759,4049,102770,1801,105989,0,0,2461,111228,3381,48688,2463,159916,Not in California
Outside California,2021-02-20,3515,212274,2857,105627,658,106647,0,0,1272,110263,2238,50926,1273,161189,Not in California
Outside California,2021-02-21,2866,215140,2642,108269,224,106871,0,0,890,109185,1968,52894,890,162079,Not in California
Outside California,2021-02-22,3504,218644,2564,110833,940,107811,0,0,1642,108975,1857,54751,1647,163726,Not in California
Outside California,2021-02-23,6008,224652,3361,114194,2647,110458,0,0,2340,107669,3660,58411,2354,166080,Not in California
Outside California,2021-02-24,6415,231067,3533,117727,2882,113340,0,0,2450,106167,3957,62368,2455,168535,Not in California
Outside California,2021-02-25,6922,237989,3502,121229,3420,116760,0,0,3065,105415,3824,66192,3072,171607,Not in California
Outside California,2021-02-26,6878,244867,3624,124853,3254,120014,0,0,3109,104843,3683,69875,3111,174718,Not in California
Outside California,2021-02-27,5472,250339,2754,127607,2717,122731,1,1,1881,103148,3580,73455,1885,176603,Not in California
Outside California,2021-02-28,2434,252773,1765,129372,668,123399,1,2,801,102322,1630,75085,804,177407,Not in California
Outside California,2021-03-01,4981,257754,3158,132530,1822,125221,1,3,1363,100084,3607,78692,1369,178776,Not in California
Outside California,2021-03-02,6732,264486,2487,135017,4245,129466,0,3,2065,97498,4653,83345,2067,180843,Not in California
Outside California,2021-03-03,7941,272427,3124,138141,4815,134281,2,5,2688,94953,5238,88583,2693,183536,Not in California
Outside California,2021-03-04,6836,279263,2912,141053,3918,138199,6,11,2321,92785,4497,93080,2329,185865,Not in California
Outside California,2021-03-05,5279,284542,2668,143721,2597,140796,14,25,2731,93002,2536,95616,2753,188618,Not in California
Outside California,2021-03-06,4606,289148,2140,145861,2310,143106,156,181,2335,93234,2268,97884,2500,191118,Not in California
Outside California,2021-03-07,1601,290749,1026,146887,519,143625,56,237,973,93638,627,98511,1031,192149,Not in California
Outside California,2021-03-08,3132,293881,1858,148745,1026,144651,248,485,2214,95220,888,99399,2470,194619,Not in California
Outside California,2021-03-09,4707,298588,2420,151165,1973,146624,314,799,2782,96395,1921,101320,3096,197715,Not in California
Outside California,2021-03-10,4405,302993,2105,153270,1787,148411,513,1312,2715,97949,1681,103001,3235,200950,Not in California
Outside California,2021-03-11,6168,309161,3156,156426,2333,150744,679,1991,3305,99076,2857,105858,3984,204934,Not in California
Outside California,2021-03-12,6466,315627,3886,160312,1857,152601,723,2714,3556,100455,2900,108758,4279,209213,Not in California
Outside California,2021-03-13,3806,319433,2202,162514,1133,153734,471,3185,2581,102293,1216,109974,3054,212267,Not in California
Outside California,2021-03-14,1799,321232,925,163439,533,154267,341,3526,983,102802,816,110790,1325,213592,Not in California
Outside California,2021-03-15,4037,325269,2117,165556,1450,155717,470,3996,2150,103546,1880,112670,2624,216216,Not in California
Outside California,2021-03-16,7518,332787,4367,169923,2761,158478,390,4386,4181,104779,3334,116004,4567,220783,Not in California
Outside California,2021-03-17,8432,341219,5456,175379,2594,161072,382,4768,5054,106844,3372,119376,5437,226220,Not in California
Outside California,2021-03-18,8312,349531,5127,180506,2640,163712,545,5313,4798,108683,3504,122880,5343,231563,Not in California
Outside California,2021-03-19,7312,356843,4335,184841,2434,166146,543,5856,4375,110675,2930,125810,4922,236485,Not in California
Outside California,2021-03-20,4746,361589,3131,187972,1526,167672,89,5945,3631,113291,1105,126915,3721,240206,Not in California
Outside California,2021-03-21,2090,363679,1433,189405,569,168241,88,6033,1670,114632,417,127332,1758,241964,Not in California
Outside California,2021-03-22,3268,366947,1976,191381,1202,169443,90,6123,2244,115947,1018,128350,2333,244297,Not in California
Outside California,2021-03-23,6076,373023,3096,194477,2677,172120,303,6426,4119,118427,1943,130293,4423,248720,Not in California
Outside California,2021-03-24,7321,380344,3751,198228,3121,175241,449,6875,5038,121636,2276,132569,5485,254205,Not in California
Outside California,2021-03-25,8254,388598,3830,202058,3898,179139,526,7401,5985,125892,2256,134825,6512,260717,Not in California
Outside California,2021-03-26,6670,395268,3523,205581,2970,182109,177,7578,4396,128215,2249,137074,4572,265289,Not in California
Outside California,2021-03-27,5539,400807,3103,208684,2220,184329,216,7794,3477,129853,2052,139126,3690,268979,Not in California
Outside California,2021-03-28,3075,403882,1644,210328,1270,185599,161,7955,1980,130905,1089,140215,2141,271120,Not in California
Outside California,2021-03-29,5184,409066,2299,212627,2540,188139,345,8300,2964,131999,2215,142430,3309,274429,Not in California
Outside California,2021-03-30,6879,415945,3616,216243,2695,190834,568,8868,4063,133832,2805,145235,4638,279067,Not in California
Outside California,2021-03-31,6330,422275,3773,220016,1779,192613,778,9646,3359,135002,2964,148199,4134,283201,Not in California
Outside California,2021-04-01,7580,429855,4548,224564,2378,194991,654,10300,4395,136865,3177,151376,5040,288241,Not in California
Outside California,2021-04-02,8449,438304,4492,229056,2817,197808,1140,11440,4369,138299,4071,155447,5505,293746,Not in California
Outside California,2021-04-03,6295,444599,3772,232828,1362,199170,1161,12601,3349,139873,2936,158383,4510,298256,Not in California
Outside California,2021-04-04,1783,446382,880,233708,664,199834,239,12840,972,140272,810,159193,1209,299465,Not in California
Outside California,2021-04-05,4144,450526,2008,235716,1468,201302,668,13508,1980,140760,2158,161351,2646,302111,Not in California
Outside California,2021-04-06,7149,457675,3834,239550,1669,202971,1646,15154,2850,140969,4283,165634,4492,306603,Not in California
Outside California,2021-04-07,8215,465890,4606,244156,1907,204878,1702,16856,3188,140833,5017,170651,4881,311484,Not in California
Outside California,2021-04-08,8261,474151,4345,248501,1977,206855,1939,18795,3299,141106,4951,175602,5224,316708,Not in California
Outside California,2021-04-09,7562,481713,3866,252367,1727,208582,1969,20764,2894,141310,4655,180257,4859,321567,Not in California
Outside California,2021-04-10,6096,487809,2984,255351,1251,209833,1861,22625,1672,140418,4414,184671,3522,325089,Not in California
Outside California,2021-04-11,2857,490666,1559,256910,653,210486,645,23270,967,140141,1887,186558,1610,326699,Not in California
Outside California,2021-04-12,4176,494842,2335,259245,1281,211767,560,23830,1860,140255,2307,188865,2421,329120,Not in California
Outside California,2021-04-13,5831,500673,3727,262972,2080,213847,24,23854,3019,140492,2806,191671,3043,332163,Not in California
Outside California,2021-04-14,5474,506147,3517,266489,1953,215800,4,23858,3023,141075,2444,194115,3027,335190,Not in California
Outside California,2021-04-15,6171,512318,3892,270381,2273,218073,6,23864,3321,141605,2798,196913,3328,338518,Not in California
Outside California,2021-04-16,5938,518256,3401,273782,2530,220603,7,23871,3316,142322,2609,199522,3326,341844,Not in California
Outside California,2021-04-17,5530,523786,3482,277264,2047,222650,1,23872,3202,143209,2316,201838,3203,345047,Not in California
Outside California,2021-04-18,2176,525962,1247,278511,928,223578,1,23873,1059,143160,1111,202949,1062,346109,Not in California
Outside California,2021-04-19,4172,530134,2003,280514,2168,225746,1,23874,2150,143304,2011,204960,2155,348264,Not in California
Outside California,2021-04-20,5479,535613,2539,283053,2940,228686,0,23874,2268,142371,3201,208161,2268,350532,Not in California
Outside California,2021-04-21,6606,542219,2855,285908,3746,232432,5,23879,2419,140629,4167,212328,2425,352957,Not in California
Outside California,2021-04-22,6925,549144,3573,289481,3350,235782,2,23881,2565,138850,4347,216675,2568,355525,Not in California
Outside California,2021-04-23,5956,555100,3059,292540,2896,238678,1,23882,2475,137865,3464,220139,2479,358004,Not in California
Outside California,2021-04-24,4675,559775,3050,295590,1620,240298,5,23887,1881,136967,2787,222926,1889,359893,Not in California
Outside California,2021-04-25,2216,561991,1248,296838,967,241265,1,23888,1169,137097,1043,223969,1173,361066,Not in California
Outside California,2021-04-26,4187,566178,1876,298714,2284,243549,27,23915,1907,136760,2271,226240,1934,363000,Not in California
Outside California,2021-04-27,5743,571921,2152,300866,3219,246768,372,24287,2015,135438,3718,229958,2396,365396,Not in California
Outside California,2021-04-28,4935,576856,2128,302994,2411,249179,396,24683,1958,134826,2962,232920,2350,367746,Not in California
Outside California,2021-04-29,4934,581790,2322,305316,2178,251357,434,25117,1882,134114,3029,235949,2317,370063,Not in California
Outside California,2021-04-30,4933,586723,2390,307706,2118,253475,425,25542,1871,133365,3048,238997,2299,372362,Not in California
Outside California,2021-05-01,3175,589898,1836,309542,910,254385,429,25971,1298,133226,1866,240863,1727,374089,Not in California
Outside California,2021-05-02,1853,591751,1088,310630,642,255027,123,26094,830,133159,1020,241883,953,375042,Not in California
Outside California,2021-05-03,2899,594650,1576,312206,1039,256066,284,26378,1123,132795,1771,243654,1407,376449,Not in California
Outside California,2021-05-04,3987,598637,2157,314363,1392,257458,438,26816,1331,131915,2647,246301,1767,378216,Not in California
Outside California,2021-05-05,4485,603122,2523,316886,1591,259049,371,27187,1621,131054,2856,249157,1995,380211,Not in California
Outside California,2021-05-06,4464,607586,2734,319620,1392,260441,338,27525,1557,130048,2901,252058,1895,382106,Not in California
Outside California,2021-05-07,4616,612202,2657,322277,1575,262016,384,27909,1591,129012,3011,255069,1975,384081,Not in California
Outside California,2021-05-08,3194,615396,2146,324423,798,262814,250,28159,1046,128171,2138,257207,1297,385378,Not in California
Outside California,2021-05-09,1363,616759,909,325332,332,263146,122,28281,564,128061,794,258001,684,386062,Not in California
Outside California,2021-05-10,2550,619309,1162,326494,1058,264204,330,28611,915,127680,1628,259629,1247,387309,Not in California
Outside California,2021-05-11,2964,622273,1402,327896,1262,265466,300,28911,1094,127208,1868,261497,1396,388705,Not in California
Outside California,2021-05-12,3184,625457,1527,329423,1331,266797,326,29237,1232,126818,1947,263444,1557,390262,Not in California
Outside California,2021-05-13,3201,628658,1864,331287,1129,267926,208,29445,1391,126613,1804,265248,1599,391861,Not in California
Outside California,2021-05-14,3557,632215,2004,333291,1317,269243,236,29681,1583,126469,1966,267214,1822,393683,Not in California
Outside California,2021-05-15,2637,634852,1551,334842,943,270186,143,29824,1132,126249,1497,268711,1277,394960,Not in California
Outside California,2021-05-16,1612,636464,1028,335870,515,270701,69,29893,729,126168,880,269591,799,395759,Not in California
Outside California,2021-05-17,3030,639494,1605,337475,1190,271891,235,30128,1283,125942,1743,271334,1517,397276,Not in California
Outside California,2021-05-18,3217,642711,1617,339092,1281,273172,319,30447,1425,125910,1779,273113,1747,399023,Not in California
Outside California,2021-05-19,3330,646041,1666,340758,1396,274568,268,30715,1439,125733,1883,274996,1706,400729,Not in California
Outside California,2021-05-20,3116,649157,1717,342475,1150,275718,249,30964,1386,125650,1720,276716,1637,402366,Not in California
Outside California,2021-05-21,3184,652341,1774,344249,1161,276879,249,31213,1350,125437,1821,278537,1608,403974,Not in California
Outside California,2021-05-22,2778,655119,1817,346066,759,277638,202,31415,1494,125857,1277,279814,1697,405671,Not in California
Outside California,2021-05-23,1525,656644,993,347059,454,278092,78,31493,761,125934,763,280577,840,406511,Not in California
Outside California,2021-05-24,2343,658987,1092,348151,905,278997,346,31839,1006,125958,1328,281905,1352,407863,Not in California
Outside California,2021-05-25,2352,661339,1089,349240,931,279928,332,32171,993,125929,1351,283256,1322,409185,Not in California
Outside California,2021-05-26,2375,663714,1093,350333,926,280854,356,32527,987,125893,1380,284636,1344,410529,Not in California
Outside California,2021-05-27,2162,665876,1070,351403,805,281659,287,32814,977,125982,1180,285816,1269,411798,Not in California
Outside California,2021-05-28,2422,668298,1208,352611,864,282523,350,33164,1092,126109,1323,287139,1450,413248,Not in California
Outside California,2021-05-29,1650,669948,822,353433,473,282996,355,33519,691,126209,955,288094,1055,414303,Not in California
Outside California,2021-05-30,911,670859,555,353988,232,283228,124,33643,447,126327,460,288554,578,414881,Not in California
Outside California,2021-05-31,421,671280,184,354172,197,283425,40,33683,178,126314,231,288785,218,415099,Not in California
Outside California,2021-06-01,2129,673409,1115,355287,712,284137,302,33985,1007,126527,1119,289904,1332,416431,Not in California
Outside California,2021-06-02,2016,675425,997,356284,672,284809,347,34332,920,126714,1086,290990,1273,417704,Not in California
Outside California,2021-06-03,2135,677560,1170,357454,653,285462,312,34644,961,126824,1167,292157,1277,418981,Not in California
Outside California,2021-06-04,2528,680088,1406,358860,804,286266,318,34962,1090,126802,1432,293589,1410,420391,Not in California
Outside California,2021-06-05,1707,681795,1194,360054,351,286617,162,35124,778,126820,925,294514,943,421334,Not in California
Outside California,2021-06-06,929,682724,699,360753,149,286766,81,35205,456,126886,471,294985,537,421871,Not in California
Outside California,2021-06-07,1917,684641,1038,361791,550,287316,329,35534,810,126921,1106,296091,1141,423012,Not in California
Outside California,2021-06-08,2062,686703,1178,362969,542,287858,342,35876,801,126810,1256,297347,1145,424157,Not in California
Outside California,2021-06-09,1956,688659,1173,364142,499,288357,284,36160,800,126747,1150,298497,1087,425244,Not in California
Outside California,2021-06-10,1929,690588,1117,365259,505,288862,307,36467,823,126778,1101,299598,1132,426376,Not in California
Outside California,2021-06-11,2161,692749,1243,366502,591,289453,327,36794,920,126792,1234,300832,1248,427624,Not in California
Outside California,2021-06-12,1602,694351,1197,367699,280,289733,125,36919,629,126580,968,301800,756,428380,Not in California
Outside California,2021-06-13,939,695290,642,368341,198,289931,99,37018,414,126573,521,302321,514,428894,Not in California
Outside California,2021-06-14,1732,697022,969,369310,469,290400,294,37312,741,126621,985,303306,1033,429927,Not in California
Outside California,2021-06-15,1703,698725,939,370249,495,290895,269,37581,764,126721,933,304239,1033,430960,Not in California
Outside California,2021-06-16,1649,700374,979,371228,453,291348,217,37798,799,126895,842,305081,1016,431976,Not in California
Outside California,2021-06-17,1792,702166,995,372223,463,291811,334,38132,809,127058,981,306062,1144,433120,Not in California
Outside California,2021-06-18,1913,704079,1042,373265,427,292238,444,38576,823,127240,1084,307146,1266,434386,Not in California
Outside California,2021-06-19,1030,705109,683,373948,256,292494,91,38667,541,127386,485,307631,631,435017,Not in California
Outside California,2021-06-20,767,705876,556,374504,165,292659,46,38713,460,127588,304,307935,506,435523,Not in California
Outside California,2021-06-21,1246,707122,624,375128,322,292981,300,39013,681,128010,559,308494,981,436504,Not in California
Outside California,2021-06-22,1587,708709,1012,376140,343,293324,232,39245,863,128386,719,309213,1095,437599,Not in California
Outside California,2021-06-23,1595,710304,864,377004,416,293740,315,39560,756,128623,832,310045,1069,438668,Not in California
Outside California,2021-06-24,1418,711722,839,377843,330,294070,249,39809,749,128952,668,310713,997,439665,Not in California
Outside California,2021-06-25,969,712691,427,378270,221,294291,321,40130,389,129082,580,311293,710,440375,Not in California
Unknown,2020-12-17,2,2,2,2,0,0,0,0,0,0,0,0,0,0,Not in California
Unknown,2020-12-18,1,3,1,3,0,0,0,0,0,0,0,0,0,0,Not in California
Unknown,2020-12-21,4,7,4,7,0,0,0,0,0,0,0,0,0,0,Not in California
Unknown,2020-12-28,4,11,4,11,0,0,0,0,3,3,0,0,3,3,Not in California
Unknown,2020-12-29,5,16,4,15,1,1,0,0,6,9,0,0,6,9,Not in California
Unknown,2020-12-30,54,70,54,69,0,1,0,0,54,63,0,0,54,63,Not in California
Unknown,2020-12-31,1,71,0,69,1,2,0,0,0,63,0,0,0,63,Not in California
Unknown,2021-01-02,1,72,0,69,1,3,0,0,1,64,0,0,1,64,Not in California
Unknown,2021-01-04,3,75,3,72,0,3,0,0,2,66,0,0,2,66,Not in California
Unknown,2021-01-06,4,79,2,74,2,5,0,0,4,70,0,0,4,70,Not in California
Unknown,2021-01-07,69,148,68,142,1,6,0,0,68,138,0,0,68,138,Not in California
Unknown,2021-01-08,1,149,0,142,1,7,0,0,2,140,0,0,2,140,Not in California
Unknown,2021-01-09,2,151,2,144,0,7,0,0,3,143,0,0,3,143,Not in California
Unknown,2021-01-11,20,171,20,164,0,7,0,0,20,163,0,0,20,163,Not in California
Unknown,2021-01-12,12,183,11,175,1,8,0,0,10,173,1,1,11,174,Not in California
Unknown,2021-01-13,11,194,11,186,0,8,0,0,12,185,0,1,12,186,Not in California
Unknown,2021-01-14,3,197,3,189,0,8,0,0,3,188,0,1,3,189,Not in California
Unknown,2021-01-15,7,204,6,195,1,9,0,0,7,195,0,1,7,196,Not in California
Unknown,2021-01-16,6,210,6,201,0,9,0,0,6,201,0,1,6,202,Not in California
Unknown,2021-01-17,4,214,4,205,0,9,0,0,4,205,0,1,4,206,Not in California
Unknown,2021-01-18,55,269,55,260,0,9,0,0,53,256,2,3,53,259,Not in California
Unknown,2021-01-19,24,293,24,284,0,9,0,0,20,273,3,6,20,279,Not in California
Unknown,2021-01-20,79,372,79,363,0,9,0,0,28,249,52,58,28,307,Not in California
Unknown,2021-01-21,54,426,52,415,2,11,0,0,55,303,1,59,55,362,Not in California
Unknown,2021-01-22,35,461,31,446,4,15,0,0,35,338,0,59,35,397,Not in California
Unknown,2021-01-23,12,473,7,453,5,20,0,0,12,350,0,59,12,409,Not in California
Unknown,2021-01-24,2,475,2,455,0,20,0,0,4,354,0,59,4,413,Not in California
Unknown,2021-01-25,19,494,17,472,2,22,0,0,16,367,3,62,16,429,Not in California
Unknown,2021-01-26,89,583,88,560,1,23,0,0,91,457,1,63,91,520,Not in California
Unknown,2021-01-27,17,600,17,577,0,23,0,0,16,472,1,64,16,536,Not in California
Unknown,2021-01-28,150,750,148,725,2,25,0,0,93,505,60,124,93,629,Not in California
Unknown,2021-01-29,141,891,141,866,0,25,0,0,145,649,1,125,145,774,Not in California
Unknown,2021-01-30,11,902,9,875,2,27,0,0,13,660,2,127,13,787,Not in California
Unknown,2021-01-31,15,917,15,890,0,27,0,0,16,676,0,127,16,803,Not in California
Unknown,2021-02-01,37,954,35,925,2,29,0,0,20,677,19,146,20,823,Not in California
Unknown,2021-02-02,66,1020,65,990,1,30,0,0,57,726,8,154,57,880,Not in California
Unknown,2021-02-03,44,1064,43,1033,1,31,0,0,32,746,12,166,32,912,Not in California
Unknown,2021-02-04,60,1124,55,1088,5,36,0,0,54,794,6,172,54,966,Not in California
Unknown,2021-02-05,19,1143,15,1103,4,40,0,0,14,803,5,177,14,980,Not in California
Unknown,2021-02-06,15,1158,15,1118,0,40,0,0,10,807,6,183,10,990,Not in California
Unknown,2021-02-07,9,1167,9,1127,0,40,0,0,7,812,2,185,7,997,Not in California
Unknown,2021-02-08,56,1223,53,1180,3,43,0,0,15,786,41,226,15,1012,Not in California
Unknown,2021-02-09,19,1242,19,1199,0,43,0,0,4,775,15,241,4,1016,Not in California
Unknown,2021-02-10,34,1276,30,1229,4,47,0,0,9,759,25,266,9,1025,Not in California
Unknown,2021-02-11,88,1364,87,1316,1,48,0,0,43,756,46,312,43,1068,Not in California
Unknown,2021-02-12,45,1409,37,1353,8,56,0,0,14,739,31,343,14,1082,Not in California
Unknown,2021-02-13,12,1421,5,1358,7,63,0,0,8,743,4,347,8,1090,Not in California
Unknown,2021-02-14,7,1428,2,1360,5,68,0,0,4,745,2,349,4,1094,Not in California
Unknown,2021-02-15,44,1472,38,1398,6,74,0,0,28,759,14,363,28,1122,Not in California
Unknown,2021-02-16,112,1584,101,1499,11,85,0,0,33,713,79,442,33,1155,Not in California
Unknown,2021-02-17,12,1596,10,1509,2,87,0,0,4,710,7,449,4,1159,Not in California
Unknown,2021-02-18,102,1698,97,1606,5,92,0,0,17,642,85,534,17,1176,Not in California
Unknown,2021-02-19,191,1889,186,1792,5,97,0,0,53,558,137,671,53,1229,Not in California
Unknown,2021-02-20,6,1895,4,1796,2,99,0,0,2,556,4,675,2,1231,Not in California
Unknown,2021-02-21,15,1910,15,1811,0,99,0,0,1,543,14,689,1,1232,Not in California
Unknown,2021-02-22,8,1918,8,1819,0,99,0,0,5,545,3,692,5,1237,Not in California
Unknown,2021-02-23,60,1978,49,1868,11,110,0,0,15,516,44,736,15,1252,Not in California
Unknown,2021-02-24,39,2017,31,1899,8,118,0,0,14,505,25,761,14,1266,Not in California
Unknown,2021-02-25,68,2085,55,1954,13,131,0,0,24,484,45,806,24,1290,Not in California
Unknown,2021-02-26,38,2123,24,1978,14,145,0,0,20,490,14,820,20,1310,Not in California
Unknown,2021-02-27,24,2147,17,1995,7,152,0,0,12,494,8,828,12,1322,Not in California
Unknown,2021-02-28,18,2165,13,2008,5,157,0,0,11,500,5,833,11,1333,Not in California
Unknown,2021-03-01,44,2209,26,2034,18,175,0,0,24,505,19,852,24,1357,Not in California
Unknown,2021-03-02,20,2229,9,2043,11,186,0,0,12,511,6,858,12,1369,Not in California
Unknown,2021-03-03,11,2240,7,2050,4,190,0,0,7,515,3,861,7,1376,Not in California
Unknown,2021-03-04,43,2283,40,2090,3,193,0,0,13,498,30,891,13,1389,Not in California
Unknown,2021-03-05,25,2308,15,2105,10,203,0,0,23,515,6,897,23,1412,Not in California
Unknown,2021-03-06,20,2328,12,2117,6,209,2,2,16,529,4,901,18,1430,Not in California
Unknown,2021-03-07,1,2329,1,2118,0,209,0,2,2,531,0,901,2,1432,Not in California
Unknown,2021-03-08,31,2360,22,2140,7,216,2,4,7,515,25,926,9,1441,Not in California
Unknown,2021-03-09,37,2397,30,2170,3,219,4,8,9,499,29,955,13,1454,Not in California
Unknown,2021-03-10,9,2406,5,2175,1,220,3,11,5,502,5,960,8,1462,Not in California
Unknown,2021-03-11,29,2435,13,2188,2,222,14,25,7,502,21,981,21,1483,Not in California
Unknown,2021-03-12,67,2502,52,2240,10,232,5,30,10,462,55,1036,15,1498,Not in California
Unknown,2021-03-13,15,2517,4,2244,7,239,4,34,6,462,10,1046,10,1508,Not in California
Unknown,2021-03-14,14,2531,6,2250,6,245,2,36,5,461,8,1054,7,1515,Not in California
Unknown,2021-03-15,30,2561,10,2260,18,263,2,38,20,471,12,1066,22,1537,Not in California
Unknown,2021-03-16,49,2610,21,2281,24,287,4,42,28,482,21,1087,32,1569,Not in California
Unknown,2021-03-17,37,2647,14,2295,22,309,1,43,32,511,4,1091,33,1602,Not in California
Unknown,2021-03-18,32,2679,19,2314,13,322,0,43,20,520,11,1102,20,1622,Not in California
Unknown,2021-03-19,28,2707,18,2332,10,332,0,43,23,536,7,1109,23,1645,Not in California
Unknown,2021-03-20,28,2735,15,2347,13,345,0,43,15,540,11,1120,15,1660,Not in California
Unknown,2021-03-21,20,2755,14,2361,6,351,0,43,16,553,3,1123,16,1676,Not in California
Unknown,2021-03-22,36,2791,19,2380,16,367,1,44,18,560,12,1135,19,1695,Not in California
Unknown,2021-03-23,26,2817,11,2391,10,377,5,49,13,567,11,1146,18,1713,Not in California
Unknown,2021-03-24,23,2840,10,2401,13,390,0,49,18,580,5,1151,18,1731,Not in California
Unknown,2021-03-25,37,2877,24,2425,13,403,0,49,27,598,9,1160,27,1758,Not in California
Unknown,2021-03-26,36,2913,20,2445,11,414,5,54,18,606,15,1175,23,1781,Not in California
Unknown,2021-03-27,33,2946,15,2460,15,429,3,57,18,609,18,1193,21,1802,Not in California
Unknown,2021-03-28,18,2964,9,2469,9,438,0,57,12,616,5,1198,12,1814,Not in California
Unknown,2021-03-29,39,3003,19,2488,20,458,0,57,24,628,12,1210,24,1838,Not in California
Unknown,2021-03-30,42,3045,27,2515,15,473,0,57,25,638,15,1225,25,1863,Not in California
Unknown,2021-03-31,36,3081,22,2537,14,487,0,57,26,653,11,1236,26,1889,Not in California
Unknown,2021-04-01,23,3104,15,2552,8,495,0,57,17,665,5,1241,17,1906,Not in California
Unknown,2021-04-02,39,3143,17,2569,13,508,9,66,16,667,23,1264,25,1931,Not in California
Unknown,2021-04-03,19,3162,9,2578,10,518,0,66,13,670,10,1274,13,1944,Not in California
Unknown,2021-04-04,15,3177,4,2582,11,529,0,66,9,674,5,1279,9,1953,Not in California
Unknown,2021-04-05,32,3209,18,2600,13,542,1,67,16,677,14,1293,17,1970,Not in California
Unknown,2021-04-06,23,3232,15,2615,7,549,1,68,12,679,11,1304,13,1983,Not in California
Unknown,2021-04-07,36,3268,24,2639,11,560,1,69,25,695,9,1313,25,2008,Not in California
Unknown,2021-04-08,39,3307,26,2665,7,567,6,75,18,698,21,1334,24,2032,Not in California
Unknown,2021-04-09,35,3342,24,2689,11,578,0,75,24,711,11,1345,24,2056,Not in California
Unknown,2021-04-10,11,3353,9,2698,1,579,1,76,5,710,7,1352,6,2062,Not in California
Unknown,2021-04-11,11,3364,7,2705,4,583,0,76,5,710,5,1357,5,2067,Not in California
Unknown,2021-04-12,39,3403,21,2726,17,600,1,77,18,706,23,1380,19,2086,Not in California
Unknown,2021-04-13,48,3451,29,2755,19,619,0,77,18,696,28,1408,18,2104,Not in California
Unknown,2021-04-14,29,3480,9,2764,20,639,0,77,6,679,23,1431,6,2110,Not in California
Unknown,2021-04-15,32,3512,17,2781,14,653,1,78,11,669,21,1452,11,2121,Not in California
Unknown,2021-04-16,27,3539,17,2798,10,663,0,78,10,663,16,1468,10,2131,Not in California
Unknown,2021-04-17,26,3565,17,2815,9,672,0,78,10,659,15,1483,11,2142,Not in California
Unknown,2021-04-18,24,3589,12,2827,12,684,0,78,9,652,16,1499,9,2151,Not in California
Unknown,2021-04-19,35,3624,22,2849,13,697,0,78,14,646,20,1519,14,2165,Not in California
Unknown,2021-04-20,27,3651,17,2866,10,707,0,78,6,631,21,1540,6,2171,Not in California
Unknown,2021-04-21,46,3697,26,2892,20,727,0,78,18,620,29,1569,18,2189,Not in California
Unknown,2021-04-22,26,3723,18,2910,8,735,0,78,6,607,19,1588,6,2195,Not in California
Unknown,2021-04-23,32,3755,17,2927,15,750,0,78,16,609,14,1602,16,2211,Not in California
Unknown,2021-04-24,32,3787,22,2949,10,760,0,78,18,614,13,1615,18,2229,Not in California
Unknown,2021-04-25,21,3808,9,2958,12,772,0,78,9,611,12,1627,9,2238,Not in California
Unknown,2021-04-26,31,3839,19,2977,12,784,0,78,13,607,17,1644,13,2251,Not in California
Unknown,2021-04-27,32,3871,19,2996,12,796,1,79,10,598,20,1664,11,2262,Not in California
Unknown,2021-04-28,29,3900,20,3016,7,803,2,81,9,589,20,1684,11,2273,Not in California
Unknown,2021-04-29,36,3936,23,3039,13,816,0,81,16,583,22,1706,16,2289,Not in California
Unknown,2021-04-30,31,3967,16,3055,10,826,5,86,16,588,16,1722,21,2310,Not in California
Unknown,2021-05-01,29,3996,22,3077,7,833,0,86,17,594,11,1733,17,2327,Not in California
Unknown,2021-05-02,14,4010,6,3083,7,840,1,87,5,592,8,1741,6,2333,Not in California
Unknown,2021-05-03,26,4036,18,3101,5,845,3,90,7,582,19,1760,9,2342,Not in California
Unknown,2021-05-04,20,4056,11,3112,5,850,4,94,6,577,15,1775,10,2352,Not in California
Unknown,2021-05-05,27,4083,12,3124,14,864,1,95,13,576,15,1790,14,2366,Not in California
Unknown,2021-05-06,34,4117,19,3143,8,872,7,102,11,571,23,1813,18,2384,Not in California
Unknown,2021-05-07,28,4145,13,3156,11,883,4,106,10,566,19,1832,14,2398,Not in California
Unknown,2021-05-08,15,4160,10,3166,3,886,2,108,6,566,8,1840,8,2406,Not in California
Unknown,2021-05-09,18,4178,5,3171,9,895,4,112,9,570,9,1849,13,2419,Not in California
Unknown,2021-05-10,21,4199,11,3182,7,902,3,115,3,560,16,1865,6,2425,Not in California
Unknown,2021-05-11,15,4214,8,3190,3,905,4,119,7,563,8,1873,11,2436,Not in California
Unknown,2021-05-12,14,4228,9,3199,4,909,1,120,4,559,9,1882,5,2441,Not in California
Unknown,2021-05-13,19,4247,12,3211,2,911,5,125,11,567,9,1891,17,2458,Not in California
Unknown,2021-05-14,26,4273,21,3232,4,915,1,126,14,570,11,1902,14,2472,Not in California
Unknown,2021-05-15,23,4296,20,3252,3,918,0,126,14,575,9,1911,14,2486,Not in California
Unknown,2021-05-16,29,4325,20,3272,8,926,1,127,18,583,11,1922,19,2505,Not in California
Unknown,2021-05-17,27,4352,21,3293,4,930,2,129,13,585,13,1935,15,2520,Not in California
Unknown,2021-05-18,35,4387,24,3317,9,939,2,131,23,598,12,1947,25,2545,Not in California
Unknown,2021-05-19,32,4419,23,3340,8,947,1,132,11,591,19,1966,12,2557,Not in California
Unknown,2021-05-20,21,4440,16,3356,4,951,1,133,12,596,8,1974,13,2570,Not in California
Unknown,2021-05-21,25,4465,14,3370,7,958,4,137,11,596,15,1989,15,2585,Not in California
Unknown,2021-05-22,31,4496,25,3395,5,963,1,138,14,595,16,2005,15,2600,Not in California
Unknown,2021-05-23,10,4506,6,3401,4,967,0,138,6,597,4,2009,6,2606,Not in California
Unknown,2021-05-24,13,4519,9,3410,3,970,1,139,8,601,5,2014,9,2615,Not in California
Unknown,2021-05-25,22,4541,11,3421,5,975,6,145,8,602,13,2027,14,2629,Not in California
Unknown,2021-05-26,12,4553,9,3430,2,977,1,146,3,597,9,2036,4,2633,Not in California
Unknown,2021-05-27,23,4576,16,3446,5,982,2,148,6,591,15,2051,9,2642,Not in California
Unknown,2021-05-28,23,4599,13,3459,5,987,5,153,13,599,10,2061,18,2660,Not in California
Unknown,2021-05-29,25,4624,18,3477,7,994,0,153,21,616,4,2065,21,2681,Not in California
Unknown,2021-05-30,9,4633,6,3483,2,996,1,154,4,616,5,2070,5,2686,Not in California
Unknown,2021-05-31,3,4636,1,3484,2,998,0,154,1,615,2,2072,1,2687,Not in California
Unknown,2021-06-01,31,4667,18,3502,7,1005,6,160,14,620,16,2088,21,2708,Not in California
Unknown,2021-06-02,9,4676,5,3507,4,1009,0,160,3,618,6,2094,4,2712,Not in California
Unknown,2021-06-03,20,4696,18,3525,2,1011,0,160,9,616,11,2105,9,2721,Not in California
Unknown,2021-06-04,30,4726,20,3545,10,1021,0,160,17,620,13,2118,17,2738,Not in California
Unknown,2021-06-05,31,4757,21,3566,9,1030,1,161,17,624,14,2132,18,2756,Not in California
Unknown,2021-06-06,28,4785,20,3586,5,1035,3,164,8,615,20,2152,11,2767,Not in California
Unknown,2021-06-07,21,4806,10,3596,8,1043,3,167,8,613,13,2165,11,2778,Not in California
Unknown,2021-06-08,23,4829,15,3611,5,1048,3,170,5,605,17,2182,9,2787,Not in California
Unknown,2021-06-09,29,4858,18,3629,10,1058,1,171,17,611,12,2194,18,2805,Not in California
Unknown,2021-06-10,16,4874,13,3642,3,1061,0,171,6,607,10,2204,6,2811,Not in California
Unknown,2021-06-11,10,4884,8,3650,1,1062,1,172,5,608,5,2209,6,2817,Not in California
Unknown,2021-06-12,17,4901,12,3662,5,1067,0,172,10,611,7,2216,10,2827,Not in California
Unknown,2021-06-13,11,4912,7,3669,4,1071,0,172,3,606,8,2224,3,2830,Not in California
Unknown,2021-06-14,12,4924,11,3680,1,1072,0,172,4,602,8,2232,4,2834,Not in California
Unknown,2021-06-15,27,4951,18,3698,9,1081,0,172,11,597,16,2248,11,2845,Not in California
Unknown,2021-06-16,7,4958,4,3702,3,1084,0,172,5,601,1,2249,5,2850,Not in California
Unknown,2021-06-17,18,4976,11,3713,5,1089,2,174,12,610,5,2254,14,2864,Not in California
Unknown,2021-06-18,20,4996,16,3729,4,1093,0,174,12,614,8,2262,12,2876,Not in California
Unknown,2021-06-19,15,5011,12,3741,2,1095,1,175,2,604,13,2275,3,2879,Not in California
Unknown,2021-06-20,13,5024,10,3751,1,1096,2,177,6,605,7,2282,8,2887,Not in California
Unknown,2021-06-21,14,5038,10,3761,4,1100,0,177,9,609,5,2287,9,2896,Not in California
Unknown,2021-06-22,21,5059,15,3776,6,1106,0,177,15,618,6,2293,15,2911,Not in California
Unknown,2021-06-23,11,5070,6,3782,4,1110,1,178,8,624,3,2296,9,2920,Not in California
Unknown,2021-06-24,13,5083,6,3788,6,1116,1,179,8,628,5,2301,9,2929,Not in California
Alameda,2020-12-15,37,37,37,37,0,0,0,0,37,37,0,0,37,37,California
Alameda,2020-12-16,210,247,210,247,0,0,0,0,210,247,0,0,210,247,California
Alameda,2020-12-17,512,759,512,759,0,0,0,0,512,759,0,0,512,759,California
Alameda,2020-12-18,1928,2687,1927,2686,1,1,0,0,1928,2687,0,0,1928,2687,California
Alameda,2020-12-19,1437,4124,1437,4123,0,1,0,0,1437,4124,0,0,1437,4124,California
Alameda,2020-12-20,1186,5310,1185,5308,1,2,0,0,1185,5308,1,1,1185,5309,California
Alameda,2020-12-21,1854,7164,1852,7160,2,4,0,0,1853,7161,0,1,1853,7162,California
Alameda,2020-12-22,2107,9271,2053,9213,54,58,0,0,2106,9266,1,2,2106,9268,California
Alameda,2020-12-23,1950,11221,1694,10907,256,314,0,0,1950,11216,0,2,1950,11218,California
Alameda,2020-12-24,1224,12445,759,11666,465,779,0,0,1224,12440,0,2,1224,12442,California
Alameda,2020-12-25,164,12609,127,11793,37,816,0,0,164,12604,0,2,164,12606,California
Alameda,2020-12-26,866,13475,325,12118,541,1357,0,0,866,13470,0,2,866,13472,California
Alameda,2020-12-27,500,13975,257,12375,243,1600,0,0,500,13970,0,2,500,13972,California
Alameda,2020-12-28,1893,15868,965,13340,928,2528,0,0,1893,15863,0,2,1893,15865,California
Alameda,2020-12-29,2494,18362,1080,14420,1414,3942,0,0,2493,18356,0,2,2493,18358,California
Alameda,2020-12-30,3105,21467,1329,15749,1776,5718,0,0,3105,21461,0,2,3105,21463,California
Alameda,2020-12-31,1808,23275,448,16197,1360,7078,0,0,1806,23266,1,3,1806,23269,California
Alameda,2021-01-01,180,23455,75,16272,105,7183,0,0,178,23442,2,5,178,23447,California
Alameda,2021-01-02,728,24183,527,16799,201,7384,0,0,727,24169,0,5,727,24174,California
Alameda,2021-01-03,337,24520,218,17017,119,7503,0,0,334,24500,3,8,334,24508,California
Alameda,2021-01-04,1624,26144,913,17930,711,8214,0,0,1612,26101,11,19,1612,26120,California
Alameda,2021-01-05,2228,28372,1284,19214,944,9158,0,0,1974,27824,251,270,1974,28094,California
Alameda,2021-01-06,3287,31659,1815,21029,1472,10630,0,0,2407,29357,877,1147,2410,30504,California
Alameda,2021-01-07,3842,35501,2159,23188,1683,12313,0,0,2641,30811,1192,2339,2646,33150,California
Alameda,2021-01-08,4784,40285,2738,25926,2046,14359,0,0,3033,32103,1746,4085,3038,36188,California
Alameda,2021-01-09,2041,42326,1388,27314,653,15012,0,0,1172,32406,869,4954,1172,37360,California
Alameda,2021-01-10,1069,43395,845,28159,224,15236,0,0,430,32196,640,5594,430,37790,California
Alameda,2021-01-11,4685,48080,3543,31702,1142,16378,0,0,2866,33252,1817,7411,2873,40663,California
Alameda,2021-01-12,4865,52945,3281,34983,1584,17962,0,0,3454,35300,1409,8820,3457,44120,California
Alameda,2021-01-13,5065,58010,2683,37666,2382,20344,0,0,3853,37948,1207,10027,3855,47975,California
Alameda,2021-01-14,5687,63697,2813,40479,2874,23218,0,0,4780,41833,898,10925,4783,52758,California
Alameda,2021-01-15,5880,69577,2337,42816,3543,26761,0,0,5095,46154,778,11703,5099,57857,California
Alameda,2021-01-16,3024,72601,1405,44221,1619,28380,0,0,2752,48634,273,11976,2753,60610,California
Alameda,2021-01-17,1890,74491,1093,45314,797,29177,0,0,1682,50109,208,12184,1683,62293,California
Alameda,2021-01-18,3207,77698,2054,47368,1153,30330,0,0,2610,52129,592,12776,2612,64905,California
Alameda,2021-01-19,5564,83262,3344,50712,2220,32550,0,0,4362,55293,1200,13976,4364,69269,California
Alameda,2021-01-20,6828,90090,4131,54843,2697,35247,0,0,5524,59530,1291,15267,5528,74797,California
Alameda,2021-01-21,7868,97958,3447,58290,4421,39668,0,0,7017,65708,844,16111,7022,81819,California
Alameda,2021-01-22,6909,104867,2053,60343,4856,44524,0,0,5758,70325,1142,17253,5759,87578,California
Alameda,2021-01-23,3306,108173,957,61300,2349,46873,0,0,2748,72516,557,17810,2748,90326,California
Alameda,2021-01-24,2051,110224,656,61956,1395,48268,0,0,1775,74019,272,18082,1775,92101,California
Alameda,2021-01-25,5234,115458,1984,63940,3250,51518,0,0,3644,76082,1582,19664,3645,95746,California
Alameda,2021-01-26,7380,122838,2329,66269,5051,56569,0,0,5473,79657,1899,21563,5474,101220,California
Alameda,2021-01-27,6772,129610,2084,68353,4688,61257,0,0,4893,82683,1867,23430,4893,106113,California
Alameda,2021-01-28,7946,137556,2563,70916,5383,66640,0,0,5684,86123,2246,25676,5686,111799,California
Alameda,2021-01-29,8040,145596,3197,74113,4843,71483,0,0,6183,90462,1846,27522,6185,117984,California
Alameda,2021-01-30,3463,149059,1698,75811,1765,73248,0,0,2749,92503,708,28230,2749,120733,California
Alameda,2021-01-31,1934,150993,959,76770,975,74223,0,0,1691,93954,240,28470,1691,122424,California
Alameda,2021-02-01,6529,157522,3896,80666,2633,76856,0,0,4375,96185,2145,30615,4376,126800,California
Alameda,2021-02-02,7098,164620,3817,84483,3281,80137,0,0,4756,98609,2332,32947,4756,131556,California
Alameda,2021-02-03,7155,171775,3775,88258,3380,83517,0,0,4438,100343,2710,35657,4444,136000,California
Alameda,2021-02-04,9618,181393,4177,92435,5441,88958,0,0,6468,103679,3137,38794,6473,142473,California
Alameda,2021-02-05,10393,191786,5416,97851,4977,93935,0,0,6488,106276,3898,42692,6495,148968,California
Alameda,2021-02-06,7036,198822,4463,102314,2573,96508,0,0,5888,111019,1145,43837,5888,154856,California
Alameda,2021-02-07,3592,202414,2899,105213,693,97201,0,0,2644,112719,945,44782,2645,157501,California
Alameda,2021-02-08,8169,210583,5838,111051,2331,99532,0,0,5572,115706,2587,47369,5574,163075,California
Alameda,2021-02-09,9773,220356,5892,116943,3881,103413,0,0,6095,118146,3657,51026,6097,169172,California
Alameda,2021-02-10,11583,231939,6845,123788,4738,108151,0,0,6612,119810,4956,55982,6620,175792,California
Alameda,2021-02-11,14067,246006,8064,131852,6003,114154,0,0,8438,122641,5610,61592,8441,184233,California
Alameda,2021-02-12,12678,258684,5769,137621,6909,121063,0,0,7827,125642,4829,66421,7830,192063,California
Alameda,2021-02-13,7884,266568,4086,141707,3798,124861,0,0,5883,129533,1994,68415,5885,197948,California
Alameda,2021-02-14,4059,270627,2555,144262,1504,126365,0,0,2872,131225,1183,69598,2875,200823,California
Alameda,2021-02-15,5705,276332,3207,147469,2498,128863,0,0,3706,132937,1997,71595,3709,204532,California
Alameda,2021-02-16,12620,288952,7005,154474,5615,134478,0,0,9342,139022,3266,74861,9351,213883,California
Alameda,2021-02-17,14245,303197,8456,162930,5789,140267,0,0,10561,145920,3665,78526,10563,224446,California
Alameda,2021-02-18,16030,319227,10179,173109,5851,146118,0,0,11624,153155,4395,82921,11630,236076,California
Alameda,2021-02-19,17978,337205,11668,184777,6310,152428,0,0,11864,158934,6090,89011,11869,247945,California
Alameda,2021-02-20,12147,349352,9816,194593,2331,154759,0,0,9305,165410,2835,91846,9311,257256,California
Alameda,2021-02-21,7923,357275,6943,201536,980,155739,0,0,5325,168152,2585,94431,5327,262583,California
Alameda,2021-02-22,11036,368311,8127,209663,2909,158648,0,0,6932,171003,4090,98521,6941,269524,California
Alameda,2021-02-23,13130,381441,7968,217631,5162,163810,0,0,8135,174160,4985,103506,8142,277666,California
Alameda,2021-02-24,14961,396402,8430,226061,6531,170341,0,0,9645,178560,5251,108757,9651,287317,California
Alameda,2021-02-25,16131,412533,9346,235407,6785,177126,0,0,10155,182782,5944,114701,10166,297483,California
Alameda,2021-02-26,18784,431317,10961,246368,7823,184949,0,0,11906,187862,6832,121533,11912,309395,California
Alameda,2021-02-27,15273,446590,11265,257633,4006,188955,2,2,9434,191487,5814,127347,9439,318834,California
Alameda,2021-02-28,10180,456770,8489,266122,1690,190645,1,3,6596,194530,3556,130903,6599,325433,California
Alameda,2021-03-01,14188,470958,9802,275924,4375,195020,11,14,8671,197751,5468,136371,8689,334122,California
Alameda,2021-03-02,15149,486107,10891,286815,4257,199277,1,15,9905,202443,5222,141593,9914,344036,California
Alameda,2021-03-03,15933,502040,10446,297261,5484,204761,3,18,10890,208327,5014,146607,10898,354934,California
Alameda,2021-03-04,17585,519625,11279,308540,6304,211065,2,20,11065,212916,6479,153086,11068,366002,California
Alameda,2021-03-05,16405,536030,10729,319269,5666,216731,10,30,11064,218704,5294,158380,11082,377084,California
Alameda,2021-03-06,14645,550675,10322,329591,4057,220788,266,296,9692,223758,4905,163285,9959,387043,California
Alameda,2021-03-07,9834,560509,8537,338128,1212,222000,85,381,7024,228089,2780,166065,7111,394154,California
Alameda,2021-03-08,12068,572577,7509,345637,4177,226177,382,763,9020,234492,2997,169062,9400,403554,California
Alameda,2021-03-09,14819,587396,10379,356016,4008,230185,432,1195,8070,236282,6714,175776,8504,412058,California
Alameda,2021-03-10,17674,605070,12233,368249,4874,235059,567,1762,7951,235103,9693,185469,8514,420572,California
Alameda,2021-03-11,19962,625032,11690,379939,6557,241616,1715,3477,6785,230447,13146,198615,8490,429062,California
Alameda,2021-03-12,21555,646587,12587,392526,7258,248874,1710,5187,7445,225511,14079,212694,9143,438205,California
Alameda,2021-03-13,16225,662812,10410,402936,4809,253683,1006,6193,5142,220604,11046,223740,6139,444344,California
Alameda,2021-03-14,10960,673772,8060,410996,2104,255787,796,6989,3336,217125,7602,231342,4123,448467,California
Alameda,2021-03-15,14598,688370,9538,420534,4522,260309,538,7527,6306,215707,8259,239601,6841,455308,California
Alameda,2021-03-16,17419,705789,11284,431818,5586,265895,549,8076,7467,213827,9898,249499,8018,463326,California
Alameda,2021-03-17,17817,723606,10115,441933,6966,272861,736,8812,8289,213372,9479,258978,9024,472350,California
Alameda,2021-03-18,19500,743106,10669,452602,7930,280791,901,9713,8877,212562,10592,269570,9782,482132,California
Alameda,2021-03-19,19785,762891,10881,463483,7090,287881,1814,11527,7829,210289,11906,281476,9633,491765,California
Alameda,2021-03-20,15943,778834,10447,473930,4634,292515,862,12389,6392,208020,9516,290992,7247,499012,California
Alameda,2021-03-21,9323,788157,7328,481258,1437,293952,558,12947,3438,206143,5874,296866,3997,503009,California
Alameda,2021-03-22,15343,803500,10334,491592,3992,297944,1017,13964,7006,205854,8304,305170,8015,511024,California
Alameda,2021-03-23,19637,823137,11916,503508,6902,304846,819,14783,10024,207140,9562,314732,10848,521872,California
Alameda,2021-03-24,19534,842671,11820,515328,6687,311533,1027,15810,8583,205853,10887,325619,9600,531472,California
Alameda,2021-03-25,20827,863498,11595,526923,7820,319353,1412,17222,9559,205616,11197,336816,10960,542432,California
Alameda,2021-03-26,21218,884716,12800,539723,6842,326195,1576,18798,8599,203209,12569,349385,10162,552594,California
Alameda,2021-03-27,18506,903222,12621,552344,4926,331121,959,19757,7603,200903,10855,360240,8549,561143,California
Alameda,2021-03-28,10732,913954,8729,561073,1798,332919,205,19962,3490,197385,7222,367462,3704,564847,California
Alameda,2021-03-29,14925,928879,9514,570587,4412,337331,999,20961,5984,195464,8901,376363,6980,571827,California
Alameda,2021-03-30,18881,947760,9934,580521,7223,344554,1724,22685,9487,197306,9359,385722,11201,583028,California
Alameda,2021-03-31,19683,967443,10391,590912,7173,351727,2119,24804,9219,198197,10432,396154,11323,594351,California
Alameda,2021-04-01,23613,991056,10162,601074,7757,359484,5694,30498,11227,202754,12331,408485,16888,611239,California
Alameda,2021-04-02,24404,1015460,10035,611109,8481,367965,5888,36386,11850,207943,12512,420997,17701,628940,California
Alameda,2021-04-03,20529,1035989,9933,621042,5724,373689,4872,41258,10364,213029,10140,431137,15226,644166,California
Alameda,2021-04-04,10020,1046009,4005,625047,2302,375991,3713,44971,3460,213656,6540,437677,7167,651333,California
Alameda,2021-04-05,17991,1064000,7587,632634,5590,381581,4814,49785,7338,215178,10626,448303,12148,663481,California
Alameda,2021-04-06,22451,1086451,10814,643448,5760,387341,5877,55662,10209,219036,12203,460506,16061,679542,California
Alameda,2021-04-07,22795,1109246,11717,655165,5582,392923,5496,61158,11526,224818,11222,471728,17004,696546,California
Alameda,2021-04-08,25811,1135057,11668,666833,6103,399026,8040,69198,11047,229197,14682,486410,19061,715607,California
Alameda,2021-04-09,23693,1158750,10825,677658,7596,406622,5272,74470,12185,235179,11471,497881,17453,733060,California
Alameda,2021-04-10,19451,1178201,7520,685178,5698,412320,6233,80703,8275,238516,11149,509030,14486,747546,California
Alameda,2021-04-11,11107,1189308,4871,690049,2274,414594,3962,84665,4537,240449,6551,515581,8484,756030,California
Alameda,2021-04-12,18319,1207627,11884,701933,4436,419030,1999,86664,10312,244787,7967,523548,12305,768335,California
Alameda,2021-04-13,23273,1230900,14748,716681,8464,427494,61,86725,17088,255814,6129,529677,17156,785491,California
Alameda,2021-04-14,23409,1254309,15351,732032,8056,435550,2,86727,15672,263800,7695,537372,15681,801172,California
Alameda,2021-04-15,24474,1278783,15604,747636,8865,444415,5,86732,16127,271661,8282,545654,16143,817315,California
Alameda,2021-04-16,24887,1303670,14647,762283,10233,454648,7,86739,15882,278626,8940,554594,15905,833220,California
Alameda,2021-04-17,21193,1324863,14646,776929,6545,461193,2,86741,14638,286768,6512,561106,14654,847874,California
Alameda,2021-04-18,10397,1335260,8026,784955,2371,463564,0,86741,7186,290784,3179,564285,7195,855069,California
Alameda,2021-04-19,15968,1351228,9923,794878,6044,469608,1,86742,9227,293321,6700,570985,9237,864306,California
Alameda,2021-04-20,18958,1370186,11720,806598,7236,476844,2,86744,10309,295061,8593,579578,10333,874639,California
Alameda,2021-04-21,20383,1390569,12235,818833,8136,484980,12,86756,11779,298334,8540,588118,11813,886452,California
Alameda,2021-04-22,22122,1412691,14368,833201,7749,492729,5,86761,11732,299766,10331,598449,11763,898215,California
Alameda,2021-04-23,22448,1435139,14636,847837,7808,500537,4,86765,12485,302391,9893,608342,12518,910733,California
Alameda,2021-04-24,19086,1454225,14481,862318,4597,505134,8,86773,10081,303534,8959,617301,10102,920835,California
Alameda,2021-04-25,9028,1463253,7022,869340,2005,507139,1,86774,5910,306366,3089,620390,5921,926756,California
Alameda,2021-04-26,14839,1478092,10298,879638,4515,511654,26,86800,9102,309811,5698,626088,9143,935899,California
Alameda,2021-04-27,16710,1494802,9948,889586,6394,518048,368,87168,7838,309228,8816,634904,8233,944132,California
Alameda,2021-04-28,17053,1511855,10864,900450,5720,523768,469,87637,6901,306501,10115,645019,7388,951520,California
Alameda,2021-04-29,17722,1529577,10736,911186,6654,530422,332,87969,6607,302411,11053,656072,6963,958483,California
Alameda,2021-04-30,20442,1550019,12820,924006,7277,537699,345,88314,8406,299260,11948,668020,8797,967280,California
Alameda,2021-05-01,14069,1564088,9407,933413,4451,542150,211,88525,5251,295976,8775,676795,5491,972771,California
Alameda,2021-05-02,7111,1571199,4963,938376,1976,544126,172,88697,2897,294856,4192,680987,3072,975843,California
Alameda,2021-05-03,14619,1585818,10986,949362,3311,547437,322,89019,2864,286378,11698,692685,3220,979063,California
Alameda,2021-05-04,18862,1604680,13632,962994,4868,552305,362,89381,3803,275593,14985,707670,4200,983263,California
Alameda,2021-05-05,18764,1623444,13711,976705,4545,556850,508,89889,3832,265083,14867,722537,4357,987620,California
Alameda,2021-05-06,18786,1642230,14177,990882,3913,560763,696,90585,3691,254471,15015,737552,4403,992023,California
Alameda,2021-05-07,19294,1661524,12967,1003849,5910,566673,417,91002,4414,244512,14807,752359,4848,996871,California
Alameda,2021-05-08,16524,1678048,11295,1015144,5016,571689,213,91215,3108,234474,13375,765734,3337,1000208,California
Alameda,2021-05-09,8538,1686586,6985,1022129,1410,573099,143,91358,1314,228735,7201,772935,1462,1001670,California
Alameda,2021-05-10,10190,1696776,6963,1029092,2903,576002,324,91682,2493,223900,7663,780598,2828,1004498,California
Alameda,2021-05-11,15303,1712079,8228,1037320,6760,582762,315,91997,2647,214293,12606,793204,2999,1007497,California
Alameda,2021-05-12,13394,1725473,8900,1046220,4050,586812,444,92441,2649,206722,10698,803902,3127,1010624,California
Alameda,2021-05-13,18078,1743551,13028,1059248,4507,591319,543,92984,5761,200800,12266,816168,6344,1016968,California
Alameda,2021-05-14,20819,1764370,14157,1073405,6194,597513,468,93452,7071,194687,13665,829833,7552,1024520,California
Alameda,2021-05-15,17321,1781691,12638,1086043,4450,601963,233,93685,5913,189482,11356,841189,6151,1030671,California
Alameda,2021-05-16,8434,1790125,7206,1093249,1131,603094,97,93782,2813,186808,5589,846778,2915,1033586,California
Alameda,2021-05-17,13477,1803602,10035,1103284,2913,606007,529,94311,4138,182191,9300,856078,4683,1038269,California
Alameda,2021-05-18,14254,1817856,10364,1113648,3465,609472,425,94736,4968,178346,9240,865318,5395,1043664,California
Alameda,2021-05-19,14519,1832375,9954,1123602,4226,613698,339,95075,5874,175966,8594,873912,6214,1049878,California
Alameda,2021-05-20,13299,1845674,8747,1132349,4018,617716,534,95609,5727,174708,7520,881432,6262,1056140,California
Alameda,2021-05-21,15302,1860976,10060,1142409,4971,622687,271,95880,5082,169968,10149,891581,5409,1061549,California
Alameda,2021-05-22,10319,1871295,7454,1149863,2697,625384,168,96048,4150,168161,6137,897718,4330,1065879,California
Alameda,2021-05-23,4957,1876252,3777,1153640,1091,626475,89,96137,1625,166566,3312,901030,1717,1067596,California
Alameda,2021-05-24,7002,1883254,3972,1157612,2772,629247,258,96395,2641,165150,4320,905350,2904,1070500,California
Alameda,2021-05-25,8031,1891285,5193,1162805,2577,631824,261,96656,3521,164454,4474,909824,3778,1074278,California
Alameda,2021-05-26,8302,1899587,5188,1167993,2810,634634,304,96960,3583,163642,4693,914517,3881,1078159,California
Alameda,2021-05-27,8160,1907747,4879,1172872,2881,637515,400,97360,3339,162664,4779,919296,3801,1081960,California
Alameda,2021-05-28,8626,1916373,5045,1177917,3356,640871,225,97585,3593,161522,5007,924303,3865,1085825,California
Alameda,2021-05-29,4953,1921326,2998,1180915,1768,642639,187,97772,2448,161790,2482,926785,2750,1088575,California
Alameda,2021-05-30,2446,1923772,1602,1182517,755,643394,89,97861,955,161375,1483,928268,1068,1089643,California
Alameda,2021-05-31,1157,1924929,855,1183372,247,643641,55,97916,346,160982,796,929064,403,1090046,California
Alameda,2021-06-01,7120,1932049,4988,1188360,1886,645527,246,98162,2952,160177,4142,933206,3337,1093383,California
Alameda,2021-06-02,5817,1937866,3616,1191976,1977,647504,224,98386,2183,159034,3602,936808,2459,1095842,California
Alameda,2021-06-03,8513,1946379,6437,1198413,1795,649299,281,98667,2773,156395,5702,942510,3063,1098905,California
Alameda,2021-06-04,10495,1956874,7743,1206156,2511,651810,241,98908,2843,151883,7612,950122,3100,1102005,California
Alameda,2021-06-05,8089,1964963,5874,1212030,2054,653864,161,99069,1808,147608,6247,956369,1972,1103977,California
Alameda,2021-06-06,3664,1968627,3306,1215336,277,654141,81,99150,1082,146201,2574,958943,1167,1105144,California
Alameda,2021-06-07,5868,1974495,4278,1219614,1413,655554,177,99327,1781,144100,4064,963007,1963,1107107,California
Alameda,2021-06-08,7277,1981772,5811,1225425,1223,656777,243,99570,2124,141344,5126,968133,2370,1109477,California
Alameda,2021-06-09,7293,1989065,5963,1231388,1136,657913,194,99764,1694,137654,5575,973708,1885,1111362,California
Alameda,2021-06-10,8011,1997076,6704,1238092,1000,658913,307,100071,2152,134276,5834,979542,2456,1113818,California
Alameda,2021-06-11,8048,2005124,6182,1244274,1643,660556,223,100294,2460,131403,5560,985102,2687,1116505,California
Alameda,2021-06-12,5506,2010630,4221,1248495,1097,661653,188,100482,1372,128858,4110,989212,1565,1118070,California
Alameda,2021-06-13,2260,2012890,1711,1250206,427,662080,122,100604,647,128023,1602,990814,767,1118837,California
Alameda,2021-06-14,4567,2017457,3435,1253641,921,663001,211,100815,1675,127041,2871,993685,1889,1120726,California
Alameda,2021-06-15,6016,2023473,4372,1258013,1363,664364,281,101096,1794,124932,4185,997870,2076,1122802,California
Alameda,2021-06-16,5161,2028634,4122,1262135,833,665197,206,101302,1527,123045,3617,1001487,1730,1124532,California
Alameda,2021-06-17,5569,2034203,4502,1266637,837,666034,230,101532,1824,121388,3713,1005200,2056,1126588,California
Alameda,2021-06-18,5924,2040127,4460,1271097,1209,667243,255,101787,1972,119685,3927,1009127,2224,1128812,California
Alameda,2021-06-19,3446,2043573,2606,1273703,681,667924,159,101946,1055,118520,2379,1011506,1214,1130026,California
Alameda,2021-06-20,1395,2044968,1163,1274866,187,668111,45,101991,520,118215,870,1012376,565,1130591,California
Alameda,2021-06-21,2717,2047685,1850,1276716,707,668818,160,102151,1394,118462,1307,1013683,1554,1132145,California
Alameda,2021-06-22,4565,2052250,3534,1280250,839,669657,192,102343,1403,116910,3146,1016829,1594,1133739,California
Alameda,2021-06-23,3481,2055731,2679,1282929,618,670275,184,102527,1173,115968,2295,1019124,1353,1135092,California
Alameda,2021-06-24,4337,2060068,3467,1286396,636,670911,234,102761,1483,114851,2833,1021957,1716,1136808,California
Alameda,2021-06-25,3068,2063136,2189,1288585,704,671615,175,102936,1070,114110,1986,1023943,1245,1138053,California
Alpine,2020-12-18,2,2,2,2,0,0,0,0,2,2,0,0,2,2,California
Alpine,2020-12-19,2,4,2,4,0,0,0,0,2,4,0,0,2,4,California
Alpine,2020-12-21,2,6,2,6,0,0,0,0,2,6,0,0,2,6,California
Alpine,2020-12-30,14,20,0,6,14,14,0,0,14,20,0,0,14,20,California
Alpine,2020-12-31,1,21,0,6,1,15,0,0,1,21,0,0,1,21,California
Alpine,2021-01-01,1,22,0,6,1,16,0,0,1,22,0,0,1,22,California
Alpine,2021-01-02,1,23,1,7,0,16,0,0,1,23,0,0,1,23,California
Alpine,2021-01-04,10,33,0,7,10,26,0,0,10,33,0,0,10,33,California
Alpine,2021-01-05,9,42,1,8,8,34,0,0,9,42,0,0,9,42,California
Alpine,2021-01-06,31,73,0,8,31,65,0,0,31,73,0,0,31,73,California
Alpine,2021-01-07,8,81,0,8,8,73,0,0,8,81,0,0,8,81,California
Alpine,2021-01-08,4,85,2,10,2,75,0,0,2,81,2,2,2,83,California
Alpine,2021-01-09,2,87,2,12,0,75,0,0,0,79,2,4,0,83,California
Alpine,2021-01-11,32,119,1,13,31,106,0,0,31,109,1,5,31,114,California
Alpine,2021-01-13,35,154,0,13,35,141,0,0,35,144,0,5,35,149,California
Alpine,2021-01-14,1,155,0,13,1,142,0,0,1,145,0,5,1,150,California
Alpine,2021-01-15,1,156,0,13,1,143,0,0,1,146,0,5,1,151,California
Alpine,2021-01-20,21,177,0,13,21,164,0,0,21,167,0,5,21,172,California
Alpine,2021-01-21,1,178,0,13,1,165,0,0,1,168,0,5,1,173,California
Alpine,2021-01-22,33,211,0,13,33,198,0,0,33,201,0,5,33,206,California
Alpine,2021-01-23,1,212,1,14,0,198,0,0,0,200,1,6,0,206,California
Alpine,2021-01-25,16,228,0,14,16,214,0,0,16,216,0,6,16,222,California
Alpine,2021-01-27,1,229,1,15,0,214,0,0,0,215,1,7,0,222,California
Alpine,2021-01-28,1,230,0,15,1,215,0,0,0,214,1,8,0,222,California
Alpine,2021-01-29,1,231,0,15,1,216,0,0,1,215,0,8,1,223,California
Alpine,2021-02-01,25,256,0,15,25,241,0,0,7,204,18,26,7,230,California
Alpine,2021-02-03,34,290,0,15,34,275,0,0,10,190,24,50,10,240,California
Alpine,2021-02-04,8,298,0,15,8,283,0,0,3,188,5,55,3,243,California
Alpine,2021-02-05,31,329,0,15,31,314,0,0,12,181,19,74,12,255,California
Alpine,2021-02-07,1,330,1,16,0,314,0,0,1,182,0,74,1,256,California
Alpine,2021-02-08,32,362,0,16,32,346,0,0,4,158,28,102,4,260,California
Alpine,2021-02-10,34,396,0,16,34,380,0,0,0,124,34,136,0,260,California
Alpine,2021-02-11,6,402,0,16,6,386,0,0,3,124,3,139,3,263,California
Alpine,2021-02-12,1,403,0,16,1,387,0,0,0,123,1,140,0,263,California
Alpine,2021-02-17,23,426,0,16,23,410,0,0,3,106,20,160,3,266,California
Alpine,2021-02-18,2,428,0,16,2,412,0,0,1,106,1,161,1,267,California
Alpine,2021-02-19,34,462,1,17,33,445,0,0,2,76,32,193,2,269,California
Alpine,2021-02-22,27,489,0,17,27,472,0,0,8,65,19,212,8,277,California
Alpine,2021-02-24,1,490,1,18,0,472,0,0,1,66,0,212,1,278,California
Alpine,2021-02-25,6,496,1,19,5,477,0,0,6,72,0,212,6,284,California
Alpine,2021-02-26,30,526,1,20,29,506,0,0,29,100,1,213,29,313,California
Alpine,2021-02-27,1,527,0,20,1,507,0,0,1,101,0,213,1,314,California
Alpine,2021-03-01,36,563,0,20,36,543,0,0,26,117,10,223,26,340,California
Alpine,2021-03-03,30,593,1,21,29,572,0,0,18,123,12,235,18,358,California
Alpine,2021-03-04,11,604,1,22,10,582,0,0,11,134,0,235,11,369,California
Alpine,2021-03-05,30,634,0,22,30,612,0,0,22,148,8,243,22,391,California
Alpine,2021-03-08,31,665,0,22,31,643,0,0,29,175,2,245,29,420,California
Alpine,2021-03-10,73,738,0,22,73,716,0,0,73,248,0,245,73,493,California
Alpine,2021-03-11,35,773,0,22,35,751,0,0,31,275,4,249,31,524,California
Alpine,2021-03-12,19,792,0,22,19,770,0,0,17,290,2,251,17,541,California
Alpine,2021-03-15,21,813,1,23,20,790,0,0,20,309,1,252,20,561,California
Alpine,2021-03-17,23,836,0,23,22,812,1,1,19,325,4,256,20,581,California
Alpine,2021-03-18,38,874,3,26,35,847,0,1,35,357,3,259,35,616,California
Alpine,2021-03-19,2,876,1,27,1,848,0,1,1,357,1,260,1,617,California
Alpine,2021-03-22,24,900,0,27,24,872,0,1,15,363,9,269,15,632,California
Alpine,2021-03-24,19,919,0,27,19,891,0,1,8,360,11,280,8,640,California
Alpine,2021-03-25,35,954,1,28,33,924,1,2,27,381,7,287,28,668,California
Alpine,2021-03-27,1,955,0,28,1,925,0,2,0,380,1,288,0,668,California
Alpine,2021-03-28,1,956,1,29,0,925,0,2,1,381,0,288,1,669,California
Alpine,2021-03-29,19,975,0,29,18,943,1,3,2,367,17,305,3,672,California
Alpine,2021-04-01,18,993,0,29,18,961,0,3,8,365,10,315,8,680,California
Alpine,2021-04-02,101,1094,1,30,100,1061,0,3,46,357,54,369,46,726,California
Alpine,2021-04-05,4,1098,1,31,3,1064,0,3,0,353,4,373,0,726,California
Alpine,2021-04-06,3,1101,2,33,1,1065,0,3,2,354,1,374,2,728,California
Alpine,2021-04-07,117,1218,0,33,116,1181,1,4,30,299,86,460,31,759,California
Alpine,2021-04-08,37,1255,0,33,35,1216,2,6,10,284,27,487,12,771,California
Alpine,2021-04-09,2,1257,0,33,2,1218,0,6,2,286,0,487,2,773,California
Alpine,2021-04-14,47,1304,0,33,47,1265,0,6,10,259,37,524,10,783,California
Alpine,2021-04-15,35,1339,0,33,35,1300,0,6,3,230,32,556,3,786,California
Alpine,2021-04-16,1,1340,0,33,1,1301,0,6,1,231,0,556,1,787,California
Alpine,2021-04-19,1,1341,0,33,1,1302,0,6,1,232,0,556,1,788,California
Alpine,2021-04-21,31,1372,0,33,31,1333,0,6,15,231,16,572,15,803,California
Alpine,2021-04-22,24,1396,0,33,24,1357,0,6,1,209,23,595,1,804,California
Alpine,2021-04-24,2,1398,2,35,0,1357,0,6,0,208,2,597,1,805,California
Alpine,2021-04-25,1,1399,1,36,0,1357,0,6,0,207,1,598,0,805,California
Alpine,2021-04-27,2,1401,1,37,1,1358,0,6,1,207,1,599,1,806,California
Alpine,2021-04-28,36,1437,0,37,36,1394,0,6,6,183,30,629,6,812,California
Alpine,2021-04-29,7,1444,1,38,6,1400,0,6,1,178,6,635,1,813,California
Alpine,2021-04-30,2,1446,1,39,0,1400,1,7,1,179,1,636,2,815,California
Alpine,2021-05-02,1,1447,0,39,0,1400,1,8,0,179,1,637,1,816,California
Alpine,2021-05-05,17,1464,0,39,17,1417,0,8,4,170,13,650,4,820,California
Alpine,2021-05-06,8,1472,0,39,8,1425,0,8,0,162,8,658,0,820,California
Alpine,2021-05-07,1,1473,0,39,1,1426,0,8,0,161,1,659,0,820,California
Alpine,2021-05-10,1,1474,0,39,1,1427,0,8,1,162,0,659,1,821,California
Alpine,2021-05-12,1,1475,0,39,0,1427,1,9,0,162,1,660,1,822,California
Alpine,2021-05-13,3,1478,0,39,3,1430,0,9,0,159,3,663,0,822,California
Alpine,2021-05-17,2,1480,0,39,2,1432,0,9,1,159,1,664,1,823,California
Alpine,2021-05-18,1,1481,0,39,1,1433,0,9,1,160,0,664,1,824,California
Alpine,2021-05-19,15,1496,0,39,15,1448,0,9,0,145,15,679,0,824,California
Alpine,2021-05-20,1,1497,1,40,0,1448,0,9,0,144,1,680,0,824,California
Alpine,2021-05-21,1,1498,1,41,0,1448,0,9,0,143,1,681,0,824,California
Alpine,2021-05-25,2,1500,0,41,2,1450,0,9,0,141,2,683,0,824,California
Alpine,2021-05-27,3,1503,2,43,1,1451,0,9,3,144,0,683,3,827,California
Alpine,2021-05-28,2,1505,1,44,1,1452,0,9,2,146,0,683,2,829,California
Alpine,2021-05-29,1,1506,0,44,1,1453,0,9,1,147,0,683,1,830,California
Alpine,2021-06-02,8,1514,0,44,8,1461,0,9,1,141,7,690,1,831,California
Alpine,2021-06-04,1,1515,0,44,1,1462,0,9,1,142,0,690,1,832,California
Alpine,2021-06-07,1,1516,0,44,1,1463,0,9,0,141,1,691,0,832,California
Alpine,2021-06-10,1,1517,1,45,0,1463,0,9,1,142,0,691,1,833,California
Alpine,2021-06-15,1,1518,0,45,1,1464,0,9,0,141,1,692,0,833,California
Alpine,2021-06-18,1,1519,1,46,0,1464,0,9,0,140,1,693,0,833,California
Alpine,2021-06-19,1,1520,1,47,0,1464,0,9,0,139,1,694,0,833,California
Amador,2020-12-16,2,2,2,2,0,0,0,0,2,2,0,0,2,2,California
Amador,2020-12-17,5,7,5,7,0,0,0,0,5,7,0,0,5,7,California
Amador,2020-12-18,45,52,45,52,0,0,0,0,45,52,0,0,45,52,California
Amador,2020-12-19,16,68,16,68,0,0,0,0,16,68,0,0,16,68,California
Amador,2020-12-20,4,72,4,72,0,0,0,0,4,72,0,0,4,72,California
Amador,2020-12-21,31,103,31,103,0,0,0,0,31,103,0,0,31,103,California
Amador,2020-12-22,35,138,34,137,1,1,0,0,35,138,0,0,35,138,California
Amador,2020-12-23,40,178,39,176,1,2,0,0,40,178,0,0,40,178,California
Amador,2020-12-24,5,183,3,179,2,4,0,0,5,183,0,0,5,183,California
Amador,2020-12-26,5,188,4,183,1,5,0,0,5,188,0,0,5,188,California
Amador,2020-12-27,1,189,0,183,1,6,0,0,1,189,0,0,1,189,California
Amador,2020-12-28,31,220,27,210,4,10,0,0,31,220,0,0,31,220,California
Amador,2020-12-29,25,245,18,228,7,17,0,0,25,245,0,0,25,245,California
Amador,2020-12-30,123,368,77,305,46,63,0,0,123,368,0,0,123,368,California
Amador,2020-12-31,194,562,169,474,25,88,0,0,194,562,0,0,194,562,California
Amador,2021-01-01,2,564,0,474,2,90,0,0,2,564,0,0,2,564,California
Amador,2021-01-02,57,621,57,531,0,90,0,0,57,621,0,0,57,621,California
Amador,2021-01-03,66,687,17,548,49,139,0,0,66,687,0,0,66,687,California
Amador,2021-01-04,125,812,2,550,123,262,0,0,125,812,0,0,125,812,California
Amador,2021-01-05,33,845,3,553,30,292,0,0,32,843,1,1,32,844,California
Amador,2021-01-06,40,885,11,564,29,321,0,0,36,875,4,5,36,880,California
Amador,2021-01-07,229,1114,69,633,160,481,0,0,217,1080,12,17,217,1097,California
Amador,2021-01-08,84,1198,69,702,15,496,0,0,41,1079,43,60,42,1139,California
Amador,2021-01-09,11,1209,11,713,0,496,0,0,2,1072,9,69,2,1141,California
Amador,2021-01-10,6,1215,4,717,2,498,0,0,2,1070,4,73,2,1143,California
Amador,2021-01-11,125,1340,44,761,81,579,0,0,88,1122,37,110,89,1232,California
Amador,2021-01-12,65,1405,50,811,15,594,0,0,41,1139,24,134,41,1273,California
Amador,2021-01-13,40,1445,24,835,16,610,0,0,28,1155,12,146,28,1301,California
Amador,2021-01-14,151,1596,23,858,128,738,0,0,141,1287,10,156,142,1443,California
Amador,2021-01-15,61,1657,26,884,35,773,0,0,52,1330,9,165,52,1495,California
Amador,2021-01-16,19,1676,12,896,7,780,0,0,13,1338,6,171,14,1509,California
Amador,2021-01-17,25,1701,5,901,20,800,0,0,25,1363,0,171,25,1534,California
Amador,2021-01-18,32,1733,28,929,4,804,0,0,10,1351,22,193,10,1544,California
Amador,2021-01-19,125,1858,100,1029,25,829,0,0,81,1388,44,237,81,1625,California
Amador,2021-01-20,183,2041,33,1062,150,979,0,0,168,1542,14,251,168,1793,California
Amador,2021-01-21,259,2300,229,1291,30,1009,0,0,148,1580,111,362,149,1942,California
Amador,2021-01-22,138,2438,75,1366,63,1072,0,0,132,1706,6,368,132,2074,California
Amador,2021-01-23,60,2498,33,1399,27,1099,0,0,57,1760,3,371,57,2131,California
Amador,2021-01-24,28,2526,12,1411,16,1115,0,0,25,1782,3,374,25,2156,California
Amador,2021-01-25,60,2586,29,1440,31,1146,0,0,42,1806,18,392,42,2198,California
Amador,2021-01-26,246,2832,17,1457,229,1375,0,0,236,2032,10,402,236,2434,California
Amador,2021-01-27,301,3133,33,1490,268,1643,0,0,254,2243,44,446,255,2689,California
Amador,2021-01-28,369,3502,97,1587,272,1915,0,0,288,2451,81,527,289,2978,California
Amador,2021-01-29,99,3601,33,1620,66,1981,0,0,84,2520,15,542,84,3062,California
Amador,2021-01-30,188,3789,37,1657,151,2132,0,0,183,2698,5,547,183,3245,California
Amador,2021-01-31,33,3822,28,1685,5,2137,0,0,32,2729,1,548,32,3277,California
Amador,2021-02-01,67,3889,24,1709,43,2180,0,0,40,2742,27,575,40,3317,California
Amador,2021-02-02,216,4105,66,1775,150,2330,0,0,129,2786,85,660,129,3446,California
Amador,2021-02-03,143,4248,39,1814,104,2434,0,0,91,2826,51,711,91,3537,California
Amador,2021-02-04,251,4499,75,1889,176,2610,0,0,164,2905,87,798,166,3703,California
Amador,2021-02-05,334,4833,64,1953,270,2880,0,0,316,3204,17,815,316,4019,California
Amador,2021-02-06,100,4933,81,2034,19,2899,0,0,95,3294,5,820,95,4114,California
Amador,2021-02-07,39,4972,35,2069,4,2903,0,0,35,3326,4,824,36,4150,California
Amador,2021-02-08,92,5064,64,2133,28,2931,0,0,73,3380,19,843,73,4223,California
Amador,2021-02-09,175,5239,82,2215,93,3024,0,0,109,3423,66,909,109,4332,California
Amador,2021-02-10,980,6219,80,2295,900,3924,0,0,946,4335,34,943,946,5278,California
Amador,2021-02-11,311,6530,120,2415,191,4115,0,0,200,4426,109,1052,200,5478,California
Amador,2021-02-12,330,6860,123,2538,207,4322,0,0,255,4606,75,1127,255,5733,California
Amador,2021-02-13,170,7030,83,2621,87,4409,0,0,144,4724,26,1153,144,5877,California
Amador,2021-02-14,122,7152,54,2675,68,4477,0,0,105,4812,17,1170,105,5982,California
Amador,2021-02-15,188,7340,61,2736,127,4604,0,0,171,4967,16,1186,171,6153,California
Amador,2021-02-16,464,7804,51,2787,413,5017,0,0,424,5353,40,1226,426,6579,California
Amador,2021-02-17,263,8067,84,2871,179,5196,0,0,165,5420,98,1324,165,6744,California
Amador,2021-02-18,397,8464,99,2970,298,5494,0,0,332,5688,65,1389,333,7077,California
Amador,2021-02-19,196,8660,78,3048,118,5612,0,0,111,5714,85,1474,111,7188,California
Amador,2021-02-20,97,8757,34,3082,63,5675,0,0,69,5755,28,1502,69,7257,California
Amador,2021-02-21,47,8804,34,3116,13,5688,0,0,14,5737,32,1534,14,7271,California
Amador,2021-02-22,65,8869,26,3142,39,5727,0,0,32,5737,32,1566,32,7303,California
Amador,2021-02-23,324,9193,57,3199,267,5994,0,0,142,5698,182,1748,143,7446,California
Amador,2021-02-24,396,9589,59,3258,337,6331,0,0,263,5832,130,1878,264,7710,California
Amador,2021-02-25,525,10114,119,3377,406,6737,0,0,276,5863,248,2126,279,7989,California
Amador,2021-02-26,633,10747,81,3458,552,7289,0,0,514,6261,118,2244,516,8505,California
Amador,2021-02-27,293,11040,94,3552,199,7488,0,0,98,6171,194,2438,104,8609,California
Amador,2021-02-28,107,11147,56,3608,51,7539,0,0,61,6188,46,2484,63,8672,California
Amador,2021-03-01,199,11346,70,3678,129,7668,0,0,126,6243,73,2557,128,8800,California
Amador,2021-03-02,383,11729,63,3741,320,7988,0,0,334,6529,49,2606,335,9135,California
Amador,2021-03-03,243,11972,79,3820,164,8152,0,0,167,6622,75,2681,168,9303,California
Amador,2021-03-04,499,12471,116,3936,383,8535,0,0,395,6915,103,2784,396,9699,California
Amador,2021-03-05,515,12986,77,4013,438,8973,0,0,292,6990,221,3005,296,9995,California
Amador,2021-03-06,103,13089,50,4063,52,9025,1,1,57,7002,46,3051,58,10053,California
Amador,2021-03-07,65,13154,44,4107,21,9046,0,1,22,6981,43,3094,22,10075,California
Amador,2021-03-08,153,13307,71,4178,81,9127,1,2,92,7013,61,3155,93,10168,California
Amador,2021-03-09,376,13683,52,4230,324,9451,0,2,293,7229,79,3234,295,10463,California
Amador,2021-03-10,519,14202,77,4307,440,9891,2,4,112,6938,407,3641,116,10579,California
Amador,2021-03-11,479,14681,120,4427,349,10240,10,14,300,7074,178,3819,314,10893,California
Amador,2021-03-12,574,15255,70,4497,497,10737,7,21,336,7188,237,4056,351,11244,California
Amador,2021-03-13,116,15371,18,4515,91,10828,7,28,74,7232,42,4098,86,11330,California
Amador,2021-03-14,90,15461,20,4535,67,10895,3,31,22,7189,68,4166,25,11355,California
Amador,2021-03-15,183,15644,27,4562,149,11044,7,38,55,7125,128,4294,64,11419,California
Amador,2021-03-16,454,16098,55,4617,389,11433,10,48,139,6961,313,4607,149,11568,California
Amador,2021-03-17,384,16482,43,4660,338,11771,3,51,262,7105,122,4729,266,11834,California
Amador,2021-03-18,512,16994,99,4759,409,12180,4,55,257,7115,254,4983,264,12098,California
Amador,2021-03-19,540,17534,57,4816,468,12648,15,70,384,7368,154,5137,407,12505,California
Amador,2021-03-20,111,17645,46,4862,65,12713,0,70,46,7352,64,5201,48,12553,California
Amador,2021-03-21,50,17695,37,4899,12,12725,1,71,30,7366,19,5220,33,12586,California
Amador,2021-03-22,115,17810,34,4933,53,12778,28,99,50,7379,65,5285,78,12664,California
Amador,2021-03-23,434,18244,47,4980,380,13158,7,106,274,7502,159,5444,282,12946,California
Amador,2021-03-24,342,18586,35,5015,55,13213,252,358,35,7483,306,5750,287,13233,California
Amador,2021-03-25,610,19196,86,5101,517,13730,7,365,394,7669,215,5965,401,13634,California
Amador,2021-03-26,749,19945,44,5145,698,14428,7,372,280,7497,466,6431,294,13928,California
Amador,2021-03-27,90,20035,15,5160,73,14501,2,374,27,7465,63,6494,31,13959,California
Amador,2021-03-28,70,20105,16,5176,52,14553,2,376,12,7423,57,6551,15,13974,California
Amador,2021-03-29,184,20289,28,5204,155,14708,1,377,78,7403,104,6655,84,14058,California
Amador,2021-03-30,536,20825,28,5232,507,15215,1,378,291,7453,244,6899,294,14352,California
Amador,2021-03-31,201,21026,58,5290,138,15353,5,383,44,7347,155,7054,49,14401,California
Amador,2021-04-01,616,21642,87,5377,529,15882,0,383,263,7263,351,7405,267,14668,California
Amador,2021-04-02,611,22253,39,5416,559,16441,13,396,378,7428,232,7637,397,15065,California
Amador,2021-04-03,87,22340,24,5440,43,16484,20,416,21,7405,66,7703,43,15108,California
Amador,2021-04-04,38,22378,3,5443,29,16513,6,422,15,7403,23,7726,21,15129,California
Amador,2021-04-05,146,22524,53,5496,76,16589,17,439,49,7376,96,7822,69,15198,California
Amador,2021-04-06,505,23029,39,5535,448,17037,18,457,224,7339,279,8101,242,15440,California
Amador,2021-04-07,100,23129,34,5569,47,17084,19,476,43,7346,55,8156,62,15502,California
Amador,2021-04-08,498,23627,84,5653,393,17477,21,497,221,7314,275,8431,243,15745,California
Amador,2021-04-09,483,24110,21,5674,442,17919,20,517,211,7274,271,8702,231,15976,California
Amador,2021-04-10,50,24160,14,5688,27,17946,9,526,22,7277,28,8730,31,16007,California
Amador,2021-04-11,50,24210,25,5713,21,17967,4,530,23,7278,26,8756,27,16034,California
Amador,2021-04-12,98,24308,26,5739,62,18029,10,540,42,7274,56,8812,52,16086,California
Amador,2021-04-13,346,24654,49,5788,297,18326,0,540,66,7063,278,9090,67,16153,California
Amador,2021-04-14,280,24934,26,5814,254,18580,0,540,56,6899,221,9311,57,16210,California
Amador,2021-04-15,342,25276,78,5892,264,18844,0,540,73,6714,258,9569,73,16283,California
Amador,2021-04-16,483,25759,29,5921,454,19298,0,540,382,7000,100,9669,386,16669,California
Amador,2021-04-17,62,25821,34,5955,28,19326,0,540,26,6990,36,9705,26,16695,California
Amador,2021-04-18,28,25849,8,5963,20,19346,0,540,12,6988,15,9720,13,16708,California
Amador,2021-04-19,69,25918,27,5990,42,19388,0,540,30,6982,38,9758,32,16740,California
Amador,2021-04-20,437,26355,55,6045,382,19770,0,540,110,6774,320,10078,112,16852,California
Amador,2021-04-21,88,26443,34,6079,53,19823,1,541,44,6777,42,10120,45,16897,California
Amador,2021-04-22,507,26950,78,6157,428,20251,1,542,99,6491,390,10510,104,17001,California
Amador,2021-04-23,363,27313,47,6204,316,20567,0,542,285,6705,73,10583,287,17288,California
Amador,2021-04-24,50,27363,25,6229,25,20592,0,542,29,6714,20,10603,29,17317,California
Amador,2021-04-25,41,27404,19,6248,22,20614,0,542,29,6731,12,10615,29,17346,California
Amador,2021-04-26,92,27496,27,6275,64,20678,1,543,43,6729,48,10663,46,17392,California
Amador,2021-04-27,501,27997,44,6319,456,21134,1,544,91,6416,406,11069,93,17485,California
Amador,2021-04-28,69,28066,29,6348,37,21171,3,547,41,6432,28,11097,44,17529,California
Amador,2021-04-29,224,28290,69,6417,46,21217,109,656,65,6446,159,11256,173,17702,California
Amador,2021-04-30,342,28632,27,6444,311,21528,4,660,89,6293,253,11509,100,17802,California
Amador,2021-05-01,44,28676,15,6459,24,21552,5,665,23,6302,19,11528,28,17830,California
Amador,2021-05-02,28,28704,14,6473,11,21563,3,668,11,6300,17,11545,15,17845,California
Amador,2021-05-03,68,28772,34,6507,24,21587,10,678,27,6296,41,11586,37,17882,California
Amador,2021-05-04,467,29239,28,6535,432,22019,7,685,68,5972,399,11985,75,17957,California
Amador,2021-05-05,205,29444,152,6687,44,22063,9,694,162,6101,40,12025,169,18126,California
Amador,2021-05-06,110,29554,56,6743,49,22112,5,699,63,6124,45,12070,68,18194,California
Amador,2021-05-07,126,29680,29,6772,90,22202,7,706,66,6137,60,12130,73,18267,California
Amador,2021-05-08,41,29721,8,6780,30,22232,3,709,20,6139,21,12151,23,18290,California
Amador,2021-05-09,16,29737,1,6781,9,22241,6,715,4,6137,12,12163,10,18300,California
Amador,2021-05-10,62,29799,15,6796,44,22285,3,718,26,6130,36,12199,29,18329,California
Amador,2021-05-11,102,29901,34,6830,42,22327,26,744,45,6144,57,12256,71,18400,California
Amador,2021-05-12,68,29969,24,6854,41,22368,3,747,32,6143,36,12292,35,18435,California
Amador,2021-05-13,77,30046,40,6894,31,22399,6,753,37,6147,39,12331,43,18478,California
Amador,2021-05-14,400,30446,38,6932,358,22757,4,757,88,5930,311,12642,94,18572,California
Amador,2021-05-15,51,30497,20,6952,21,22778,10,767,23,5936,28,12670,34,18606,California
Amador,2021-05-16,38,30535,15,6967,23,22801,0,767,17,5932,21,12691,17,18623,California
Amador,2021-05-17,75,30610,22,6989,51,22852,2,769,35,5931,39,12730,38,18661,California
Amador,2021-05-18,252,30862,172,7161,45,22897,35,804,167,6049,84,12814,202,18863,California
Amador,2021-05-19,75,30937,24,7185,47,22944,4,808,35,6051,39,12853,41,18904,California
Amador,2021-05-20,88,31025,46,7231,37,22981,5,813,29,6027,58,12911,34,18938,California
Amador,2021-05-21,273,31298,29,7260,242,23223,2,815,39,5834,234,13145,41,18979,California
Amador,2021-05-22,47,31345,16,7276,26,23249,5,820,13,5819,34,13179,19,18998,California
Amador,2021-05-23,26,31371,4,7280,19,23268,3,823,5,5806,21,13200,8,19006,California
Amador,2021-05-24,88,31459,29,7309,47,23315,12,835,40,5810,48,13248,52,19058,California
Amador,2021-05-25,139,31598,87,7396,27,23342,25,860,80,5858,57,13305,105,19163,California
Amador,2021-05-26,205,31803,161,7557,37,23379,7,867,40,5740,164,13469,46,19209,California
Amador,2021-05-27,81,31884,36,7593,36,23415,9,876,30,5728,51,13520,39,19248,California
Amador,2021-05-28,69,31953,26,7619,39,23454,4,880,29,5721,40,13560,33,19281,California
Amador,2021-05-29,27,31980,2,7621,22,23476,3,883,10,5717,17,13577,13,19294,California
Amador,2021-05-30,19,31999,5,7626,8,23484,6,889,5,5714,14,13591,11,19305,California
Amador,2021-05-31,10,32009,0,7626,9,23493,1,890,2,5709,8,13599,3,19308,California
Amador,2021-06-01,96,32105,67,7693,24,23517,5,895,43,5705,52,13651,48,19356,California
Amador,2021-06-02,47,32152,17,7710,22,23539,8,903,17,5701,30,13681,26,19382,California
Amador,2021-06-03,59,32211,26,7736,28,23567,5,908,19,5686,39,13720,24,19406,California
Amador,2021-06-04,101,32312,22,7758,58,23625,21,929,23,5652,78,13798,44,19450,California
Amador,2021-06-05,39,32351,16,7774,20,23645,3,932,4,5624,35,13833,7,19457,California
Amador,2021-06-06,18,32369,8,7782,9,23654,1,933,8,5623,10,13843,9,19466,California
Amador,2021-06-07,45,32414,18,7800,23,23677,4,937,17,5616,28,13871,21,19487,California
Amador,2021-06-08,176,32590,140,7940,25,23702,11,948,55,5563,120,13991,67,19554,California
Amador,2021-06-09,48,32638,19,7959,20,23722,9,957,12,5548,36,14027,21,19575,California
Amador,2021-06-10,54,32692,22,7981,20,23742,12,969,19,5544,35,14062,31,19606,California
Amador,2021-06-11,56,32748,17,7998,34,23776,5,974,17,5527,39,14101,22,19628,California
Amador,2021-06-12,22,32770,9,8007,11,23787,2,976,8,5524,13,14114,10,19638,California
Amador,2021-06-13,9,32779,2,8009,6,23793,1,977,2,5520,7,14121,3,19641,California
Amador,2021-06-14,47,32826,24,8033,20,23813,3,980,14,5504,33,14154,17,19658,California
Amador,2021-06-15,42,32868,11,8044,19,23832,12,992,17,5508,25,14179,29,19687,California
Amador,2021-06-16,75,32943,34,8078,31,23863,10,1002,34,5511,41,14220,44,19731,California
Amador,2021-06-17,47,32990,23,8101,20,23883,4,1006,28,5525,18,14238,32,19763,California
Amador,2021-06-18,155,33145,119,8220,29,23912,7,1013,62,5501,93,14331,69,19832,California
Amador,2021-06-19,31,33176,8,8228,15,23927,8,1021,11,5501,20,14351,20,19852,California
Amador,2021-06-20,8,33184,6,8234,1,23928,1,1022,3,5500,5,14356,4,19856,California
Amador,2021-06-21,46,33230,14,8248,23,23951,9,1031,15,5493,31,14387,24,19880,California
Amador,2021-06-22,48,33278,28,8276,18,23969,2,1033,35,5517,13,14400,37,19917,California
Amador,2021-06-23,29,33307,18,8294,11,23980,0,1033,21,5530,8,14408,21,19938,California
Amador,2021-06-24,16,33323,7,8301,9,23989,0,1033,11,5537,4,14412,11,19949,California
Amador,2021-06-25,9,33332,5,8306,2,23991,2,1035,5,5541,4,14416,8,19957,California
Butte,2020-12-16,3,3,3,3,0,0,0,0,3,3,0,0,3,3,California
Butte,2020-12-17,21,24,21,24,0,0,0,0,21,24,0,0,21,24,California
Butte,2020-12-18,51,75,51,75,0,0,0,0,51,75,0,0,51,75,California
Butte,2020-12-19,7,82,7,82,0,0,0,0,7,82,0,0,7,82,California
Butte,2020-12-20,10,92,10,92,0,0,0,0,10,92,0,0,10,92,California
Butte,2020-12-21,631,723,631,723,0,0,0,0,631,723,0,0,631,723,California
Butte,2020-12-22,619,1342,617,1340,2,2,0,0,619,1342,0,0,619,1342,California
Butte,2020-12-23,877,2219,861,2201,16,18,0,0,877,2219,0,0,877,2219,California
Butte,2020-12-24,159,2378,155,2356,4,22,0,0,159,2378,0,0,159,2378,California
Butte,2020-12-26,91,2469,89,2445,2,24,0,0,91,2469,0,0,91,2469,California
Butte,2020-12-27,35,2504,34,2479,1,25,0,0,35,2504,0,0,35,2504,California
Butte,2020-12-28,279,2783,273,2752,6,31,0,0,279,2783,0,0,279,2783,California
Butte,2020-12-29,205,2988,181,2933,24,55,0,0,205,2988,0,0,205,2988,California
Butte,2020-12-30,513,3501,291,3224,222,277,0,0,513,3501,0,0,513,3501,California
Butte,2020-12-31,213,3714,18,3242,195,472,0,0,213,3714,0,0,213,3714,California
Butte,2021-01-01,13,3727,5,3247,8,480,0,0,13,3727,0,0,13,3727,California
Butte,2021-01-02,40,3767,37,3284,3,483,0,0,40,3767,0,0,40,3767,California
Butte,2021-01-03,3,3770,0,3284,3,486,0,0,3,3770,0,0,3,3770,California
Butte,2021-01-04,208,3978,175,3459,33,519,0,0,208,3978,0,0,208,3978,California
Butte,2021-01-05,197,4175,152,3611,45,564,0,0,196,4173,1,1,196,4174,California
Butte,2021-01-06,625,4800,395,4006,230,794,0,0,620,4789,5,6,621,4795,California
Butte,2021-01-07,763,5563,369,4375,394,1188,0,0,743,5512,20,26,743,5538,California
Butte,2021-01-08,673,6236,531,4906,142,1330,0,0,626,6091,47,73,626,6164,California
Butte,2021-01-09,13,6249,8,4914,5,1335,0,0,7,6092,6,79,7,6171,California
Butte,2021-01-10,19,6268,5,4919,14,1349,0,0,14,6101,5,84,14,6185,California
Butte,2021-01-11,983,7251,947,5866,36,1385,0,0,356,5833,627,711,359,6544,California
Butte,2021-01-12,700,7951,655,6521,45,1430,0,0,276,5685,424,1135,276,6820,California
Butte,2021-01-13,1571,9522,1076,7597,495,1925,0,0,728,5573,842,1977,730,7550,California
Butte,2021-01-14,1637,11159,893,8490,744,2669,0,0,1440,6817,196,2173,1440,8990,California
Butte,2021-01-15,1062,12221,819,9309,243,2912,0,0,953,7660,110,2283,953,9943,California
Butte,2021-01-16,588,12809,301,9610,287,3199,0,0,543,8158,45,2328,543,10486,California
Butte,2021-01-17,240,13049,65,9675,175,3374,0,0,202,8322,38,2366,202,10688,California
Butte,2021-01-18,347,13396,305,9980,42,3416,0,0,279,8534,67,2433,279,10967,California
Butte,2021-01-19,495,13891,433,10413,62,3478,0,0,223,8485,272,2705,223,11190,California
Butte,2021-01-20,1374,15265,690,11103,684,4162,0,0,1071,9253,303,3008,1071,12261,California
Butte,2021-01-21,1479,16744,868,11971,611,4773,0,0,1371,10517,107,3115,1371,13632,California
Butte,2021-01-22,1140,17884,482,12453,658,5431,0,0,1086,11549,54,3169,1086,14718,California
Butte,2021-01-23,128,18012,85,12538,43,5474,0,0,103,11627,25,3194,103,14821,California
Butte,2021-01-24,8,18020,6,12544,2,5476,0,0,8,11635,0,3194,8,14829,California
Butte,2021-01-25,661,18681,338,12882,323,5799,0,0,498,11970,163,3357,498,15327,California
Butte,2021-01-26,1475,20156,378,13260,1097,6896,0,0,1338,13171,137,3494,1338,16665,California
Butte,2021-01-27,2108,22264,706,13966,1402,8298,0,0,1373,13810,734,4228,1373,18038,California
Butte,2021-01-28,2268,24532,261,14227,2007,10305,0,0,1956,15455,311,4539,1956,19994,California
Butte,2021-01-29,1693,26225,490,14717,1203,11508,0,0,1312,16388,379,4918,1312,21306,California
Butte,2021-01-30,31,26256,8,14725,23,11531,0,0,29,16415,2,4920,29,21335,California
Butte,2021-01-31,16,26272,14,14739,2,11533,0,0,15,16429,1,4921,15,21350,California
Butte,2021-02-01,1760,28032,405,15144,1355,12888,0,0,1367,17407,389,5310,1367,22717,California
Butte,2021-02-02,1939,29971,363,15507,1576,14464,0,0,1636,18739,304,5614,1636,24353,California
Butte,2021-02-03,2755,32726,780,16287,1975,16439,0,0,1856,19698,897,6511,1856,26209,California
Butte,2021-02-04,2978,35704,325,16612,2653,19092,0,0,2416,21555,559,7070,2416,28625,California
Butte,2021-02-05,1279,36983,670,17282,609,19701,0,0,554,21385,725,7795,555,29180,California
Butte,2021-02-06,150,37133,105,17387,45,19746,0,0,65,21365,85,7880,65,29245,California
Butte,2021-02-07,39,37172,35,17422,4,19750,0,0,14,21354,25,7905,14,29259,California
Butte,2021-02-08,699,37871,547,17969,152,19902,0,0,240,21136,458,8363,240,29499,California
Butte,2021-02-09,955,38826,460,18429,495,20397,0,0,724,21629,231,8594,724,30223,California
Butte,2021-02-10,1709,40535,1190,19619,519,20916,0,0,671,21264,1036,9630,671,30894,California
Butte,2021-02-11,2205,42740,1346,20965,859,21775,0,0,1005,21069,1200,10830,1005,31899,California
Butte,2021-02-12,1000,43740,435,21400,565,22340,0,0,323,20716,676,11506,323,32222,California
Butte,2021-02-13,250,43990,43,21443,207,22547,0,0,149,20764,101,11607,149,32371,California
Butte,2021-02-14,164,44154,10,21453,154,22701,0,0,158,20916,6,11613,158,32529,California
Butte,2021-02-15,263,44417,49,21502,214,22915,0,0,196,21045,67,11680,196,32725,California
Butte,2021-02-16,737,45154,435,21937,302,23217,0,0,280,20867,458,12138,280,33005,California
Butte,2021-02-17,1522,46676,852,22789,670,23887,0,0,845,21037,675,12813,845,33850,California
Butte,2021-02-18,1570,48246,769,23558,801,24688,0,0,757,20981,813,13626,757,34607,California
Butte,2021-02-19,1171,49417,391,23949,780,25468,0,0,400,20617,764,14390,400,35007,California
Butte,2021-02-20,484,49901,32,23981,452,25920,0,0,126,20386,357,14747,126,35133,California
Butte,2021-02-21,18,49919,16,23997,2,25922,0,0,13,20394,5,14752,13,35146,California
Butte,2021-02-22,1506,51425,295,24292,1211,27133,0,0,376,19644,1126,15878,376,35522,California
Butte,2021-02-23,1639,53064,296,24588,1343,28476,0,0,465,18941,1168,17046,465,35987,California
Butte,2021-02-24,2140,55204,597,25185,1543,30019,0,0,724,18257,1408,18454,724,36711,California
Butte,2021-02-25,2080,57284,577,25762,1503,31522,0,0,653,17490,1421,19875,654,37365,California
Butte,2021-02-26,924,58208,310,26072,614,32136,0,0,399,17368,521,20396,399,37764,California
Butte,2021-02-27,241,58449,50,26122,191,32327,0,0,189,17507,50,20446,189,37953,California
Butte,2021-02-28,143,58592,17,26139,126,32453,0,0,135,17634,8,20454,135,38088,California
Butte,2021-03-01,1642,60234,182,26321,1459,33912,1,1,338,16674,1299,21753,339,38427,California
Butte,2021-03-02,1753,61987,201,26522,1552,35464,0,1,306,15538,1442,23195,306,38733,California
Butte,2021-03-03,2795,64782,856,27378,1939,37403,0,1,481,13710,2309,25504,481,39214,California
Butte,2021-03-04,3157,67939,683,28061,2474,39877,0,1,628,11811,2527,28031,628,39842,California
Butte,2021-03-05,1360,69299,620,28681,739,40616,1,2,736,11928,620,28651,737,40579,California
Butte,2021-03-06,250,69549,27,28708,200,40816,23,25,187,12076,62,28713,210,40789,California
Butte,2021-03-07,56,69605,3,28711,36,40852,17,42,31,12099,25,28738,48,40837,California
Butte,2021-03-08,1273,70878,131,28842,1064,41916,78,120,1103,13113,167,28905,1181,42018,California
Butte,2021-03-09,1908,72786,284,29126,1522,43438,102,222,1413,14137,491,29396,1515,43533,California
Butte,2021-03-10,2325,75111,972,30098,1253,44691,100,322,1581,15080,738,30134,1681,45214,California
Butte,2021-03-11,2817,77928,1322,31420,1367,46058,128,450,1979,16360,827,30961,2107,47321,California
Butte,2021-03-12,1165,79093,333,31753,465,46523,367,817,355,16278,804,31765,722,48043,California
Butte,2021-03-13,274,79367,70,31823,143,46666,61,878,65,16194,209,31974,125,48168,California
Butte,2021-03-14,164,79531,16,31839,106,46772,42,920,21,16115,142,32116,63,48231,California
Butte,2021-03-15,1739,81270,358,32197,1087,47859,294,1214,1145,16969,585,32701,1439,49670,California
Butte,2021-03-16,1668,82938,431,32628,1158,49017,79,1293,1110,17604,553,33254,1188,50858,California
Butte,2021-03-17,1961,84899,1358,33986,522,49539,81,1374,1139,18009,814,34068,1219,52077,California
Butte,2021-03-18,1813,86712,1464,35450,220,49759,129,1503,1063,18456,744,34812,1191,53268,California
Butte,2021-03-19,697,87409,312,35762,301,50060,84,1587,344,18540,344,35156,428,53696,California
Butte,2021-03-20,209,87618,31,35793,161,50221,17,1604,97,18542,112,35268,114,53810,California
Butte,2021-03-21,73,87691,40,35833,4,50225,29,1633,25,18550,46,35314,54,53864,California
Butte,2021-03-22,1506,89197,372,36205,1039,51264,95,1728,1239,19618,265,35579,1333,55197,California
Butte,2021-03-23,1860,91057,523,36728,1223,52487,114,1842,1507,20890,349,35928,1621,56818,California
Butte,2021-03-24,2267,93324,1270,37998,871,53358,126,1968,1713,22179,549,36477,1838,58656,California
Butte,2021-03-25,1486,94810,1200,39198,194,53552,92,2060,1018,22825,464,36941,1110,59766,California
Butte,2021-03-26,1213,96023,442,39640,524,54076,247,2307,563,22992,643,37584,810,60576,California
Butte,2021-03-27,304,96327,85,39725,195,54271,24,2331,135,22983,166,37750,157,60733,California
Butte,2021-03-28,229,96556,45,39770,176,54447,8,2339,103,22970,123,37873,110,60843,California
Butte,2021-03-29,1762,98318,381,40151,1311,55758,70,2409,1341,23965,416,38289,1411,62254,California
Butte,2021-03-30,1037,99355,471,40622,476,56234,90,2499,490,24004,541,38830,580,62834,California
Butte,2021-03-31,1777,101132,1302,41924,408,56642,67,2566,1084,24469,686,39516,1151,63985,California
Butte,2021-04-01,3339,104471,2713,44637,497,57139,129,2695,2262,25790,1070,40586,2391,66376,California
Butte,2021-04-02,1008,105479,422,45059,465,57604,121,2816,568,26045,432,41018,687,67063,California
Butte,2021-04-03,346,105825,47,45106,225,57829,74,2890,164,26101,182,41200,238,67301,California
Butte,2021-04-04,189,106014,25,45131,141,57970,23,2913,110,26157,77,41277,133,67434,California
Butte,2021-04-05,1972,107986,420,45551,1381,59351,171,3084,595,25553,1368,42645,764,68198,California
Butte,2021-04-06,2216,110202,620,46171,1173,60524,423,3507,804,25375,1403,44048,1225,69423,California
Butte,2021-04-07,3041,113243,1322,47493,1326,61850,393,3900,716,24165,2319,46367,1109,70532,California
Butte,2021-04-08,2754,115997,1202,48695,1283,63133,269,4169,459,22601,2292,48659,728,71260,California
Butte,2021-04-09,1378,117375,354,49049,542,63675,482,4651,330,22364,1044,49703,807,72067,California
Butte,2021-04-10,228,117603,48,49097,80,63755,100,4751,102,22440,125,49828,201,72268,California
Butte,2021-04-11,107,117710,44,49141,53,63808,10,4761,83,22510,23,49851,93,72361,California
Butte,2021-04-12,1415,119125,315,49456,966,64774,134,4895,234,21697,1181,51032,368,72729,California
Butte,2021-04-13,1654,120779,574,50030,1074,65848,6,4901,345,20746,1302,52334,351,73080,California
Butte,2021-04-14,2852,123631,2359,52389,493,66341,0,4901,1326,20552,1521,53855,1327,74407,California
Butte,2021-04-15,645,124276,396,52785,249,66590,0,4901,483,20878,157,54012,483,74890,California
Butte,2021-04-16,816,125092,419,53204,397,66987,0,4901,482,21028,332,54344,482,75372,California
Butte,2021-04-17,346,125438,62,53266,284,67271,0,4901,242,21168,102,54446,242,75614,California
Butte,2021-04-18,57,125495,23,53289,34,67305,0,4901,44,21199,13,54459,44,75658,California
Butte,2021-04-19,1565,127060,383,53672,1182,68487,0,4901,418,20473,1144,55603,418,76076,California
Butte,2021-04-20,2031,129091,765,54437,1266,69753,0,4901,759,19968,1264,56867,759,76835,California
Butte,2021-04-21,2109,131200,1226,55663,883,70636,0,4901,486,18838,1616,58483,486,77321,California
Butte,2021-04-22,2271,133471,1986,57649,285,70921,0,4901,626,17824,1640,60123,626,77947,California
Butte,2021-04-23,971,134442,474,58123,497,71418,0,4901,492,17838,478,60601,492,78439,California
Butte,2021-04-24,347,134789,137,58260,210,71628,0,4901,191,17873,156,60757,191,78630,California
Butte,2021-04-25,174,134963,69,58329,105,71733,0,4901,65,17829,109,60866,65,78695,California
Butte,2021-04-26,1574,136537,469,58798,1100,72833,5,4906,409,17083,1160,62026,414,79109,California
Butte,2021-04-27,1035,137572,695,59493,313,73146,27,4933,588,17257,442,62468,616,79725,California
Butte,2021-04-28,1428,139000,974,60467,429,73575,25,4958,509,16876,915,63383,534,80259,California
Butte,2021-04-29,914,139914,569,61036,320,73895,25,4983,312,16617,596,63979,337,80596,California
Butte,2021-04-30,914,140828,407,61443,486,74381,21,5004,459,16648,448,64427,479,81075,California
Butte,2021-05-01,243,141071,64,61507,158,74539,21,5025,72,16570,168,64595,90,81165,California
Butte,2021-05-02,151,141222,63,61570,75,74614,13,5038,43,16518,108,64703,56,81221,California
Butte,2021-05-03,635,141857,257,61827,347,74961,31,5069,177,16278,448,65151,208,81429,California
Butte,2021-05-04,848,142705,343,62170,473,75434,32,5101,223,15913,619,65770,254,81683,California
Butte,2021-05-05,1373,144078,1120,63290,215,75649,38,5139,292,15168,1075,66845,330,82013,California
Butte,2021-05-06,935,145013,673,63963,225,75874,37,5176,359,14991,573,67418,396,82409,California
Butte,2021-05-07,562,145575,291,64254,235,76109,36,5212,287,15041,272,67690,322,82731,California
Butte,2021-05-08,170,145745,36,64290,125,76234,9,5221,87,15055,82,67772,96,82827,California
Butte,2021-05-09,93,145838,20,64310,70,76304,3,5224,48,15061,45,67817,51,82878,California
Butte,2021-05-10,516,146354,305,64615,168,76472,43,5267,210,15011,303,68120,253,83131,California
Butte,2021-05-11,870,147224,643,65258,169,76641,58,5325,272,14746,595,68715,330,83461,California
Butte,2021-05-12,767,147991,483,65741,238,76879,46,5371,331,14692,431,69146,377,83838,California
Butte,2021-05-13,942,148933,622,66363,255,77134,65,5436,345,14514,586,69732,408,84246,California
Butte,2021-05-14,866,149799,540,66903,293,77427,33,5469,376,14435,487,70219,408,84654,California
Butte,2021-05-15,504,150303,244,67147,226,77653,34,5503,237,14440,266,70485,271,84925,California
Butte,2021-05-16,167,150470,81,67228,68,77721,18,5521,97,14486,69,70554,115,85040,California
Butte,2021-05-17,757,151227,484,67712,224,77945,49,5570,321,14422,433,70987,369,85409,California
Butte,2021-05-18,1066,152293,733,68445,284,78229,49,5619,473,14357,587,71574,522,85931,California
Butte,2021-05-19,827,153120,536,68981,247,78476,44,5663,322,14222,500,72074,365,86296,California
Butte,2021-05-20,980,154100,655,69636,215,78691,110,5773,382,14118,595,72669,491,86787,California
Butte,2021-05-21,890,154990,544,70180,320,79011,26,5799,292,13845,594,73263,321,87108,California
Butte,2021-05-22,298,155288,138,70318,145,79156,15,5814,144,13852,151,73414,158,87266,California
Butte,2021-05-23,124,155412,75,70393,48,79204,1,5815,78,13885,46,73460,79,87345,California
Butte,2021-05-24,340,155752,153,70546,137,79341,50,5865,171,13938,167,73627,220,87565,California
Butte,2021-05-25,700,156452,449,70995,215,79556,36,5901,343,13967,350,73977,379,87944,California
Butte,2021-05-26,562,157014,180,71175,359,79915,23,5924,243,13922,311,74288,266,88210,California
Butte,2021-05-27,863,157877,622,71797,223,80138,18,5942,420,13930,438,74726,446,88656,California
Butte,2021-05-28,518,158395,140,71937,299,80437,79,6021,210,13919,305,75031,294,88950,California
Butte,2021-05-29,224,158619,116,72053,96,80533,12,6033,143,13998,81,75112,160,89110,California
Butte,2021-05-30,107,158726,56,72109,51,80584,0,6033,59,14011,48,75160,61,89171,California
Butte,2021-05-31,44,158770,23,72132,18,80602,3,6036,25,14020,19,75179,28,89199,California
Butte,2021-06-01,677,159447,427,72559,214,80816,36,6072,253,13893,421,75600,294,89493,California
Butte,2021-06-02,819,160266,566,73125,208,81024,45,6117,351,13825,464,76064,396,89889,California
Butte,2021-06-03,624,160890,420,73545,187,81211,17,6134,206,13636,415,76479,226,90115,California
Butte,2021-06-04,481,161371,274,73819,179,81390,28,6162,145,13481,329,76808,174,90289,California
Butte,2021-06-05,321,161692,208,74027,93,81483,20,6182,97,13377,222,77030,118,90407,California
Butte,2021-06-06,134,161826,99,74126,33,81516,2,6184,33,13312,100,77130,35,90442,California
Butte,2021-06-07,402,162228,258,74384,115,81631,29,6213,171,13284,230,77360,202,90644,California
Butte,2021-06-08,648,162876,467,74851,163,81794,18,6231,179,13033,458,77818,207,90851,California
Butte,2021-06-09,432,163308,295,75146,118,81912,19,6250,145,12917,281,78099,165,91016,California
Butte,2021-06-10,632,163940,449,75595,151,82063,32,6282,234,12789,396,78495,268,91284,California
Butte,2021-06-11,445,164385,265,75860,159,82222,21,6303,148,12664,295,78790,170,91454,California
Butte,2021-06-12,253,164638,155,76015,88,82310,10,6313,77,12576,175,78965,87,91541,California
Butte,2021-06-13,97,164735,64,76079,30,82340,3,6316,20,12522,77,79042,23,91564,California
Butte,2021-06-14,386,165121,231,76310,135,82475,20,6336,141,12441,244,79286,163,91727,California
Butte,2021-06-15,547,165668,384,76694,137,82612,26,6362,161,12248,380,79666,187,91914,California
Butte,2021-06-16,418,166086,257,76951,116,82728,45,6407,171,12220,244,79910,216,92130,California
Butte,2021-06-17,580,166666,432,77383,121,82849,27,6434,179,12026,400,80310,206,92336,California
Butte,2021-06-18,407,167073,203,77586,151,83000,53,6487,158,11987,247,80557,208,92544,California
Butte,2021-06-19,207,167280,153,77739,49,83049,5,6492,92,11969,115,80672,97,92641,California
Butte,2021-06-20,93,167373,68,77807,25,83074,0,6492,24,11924,69,80741,24,92665,California
Butte,2021-06-21,272,167645,163,77970,91,83165,18,6510,131,11934,139,80880,149,92814,California
Butte,2021-06-22,421,168066,274,78244,121,83286,26,6536,151,11846,266,81146,178,92992,California
Butte,2021-06-23,440,168506,330,78574,89,83375,21,6557,161,11750,278,81424,182,93174,California
Butte,2021-06-24,401,168907,281,78855,93,83468,27,6584,150,11676,250,81674,176,93350,California
Butte,2021-06-25,182,169089,38,78893,125,83593,19,6603,51,11615,131,81805,70,93420,California
Calaveras,2020-12-16,5,5,5,5,0,0,0,0,5,5,0,0,5,5,California
Calaveras,2020-12-17,3,8,3,8,0,0,0,0,3,8,0,0,3,8,California
Calaveras,2020-12-18,39,47,39,47,0,0,0,0,39,47,0,0,39,47,California
Calaveras,2020-12-19,3,50,3,50,0,0,0,0,3,50,0,0,3,50,California
Calaveras,2020-12-20,4,54,4,54,0,0,0,0,4,54,0,0,4,54,California
Calaveras,2020-12-21,54,108,47,101,7,7,0,0,54,108,0,0,54,108,California
Calaveras,2020-12-22,81,189,77,178,4,11,0,0,82,190,0,0,82,190,California
Calaveras,2020-12-23,76,265,74,252,2,13,0,0,76,266,0,0,76,266,California
Calaveras,2020-12-24,2,267,2,254,0,13,0,0,2,268,0,0,2,268,California
Calaveras,2020-12-26,3,270,3,257,0,13,0,0,3,271,0,0,3,271,California
Calaveras,2020-12-28,21,291,17,274,4,17,0,0,20,290,1,1,20,291,California
Calaveras,2020-12-29,160,451,138,412,22,39,0,0,160,450,0,1,160,451,California
Calaveras,2020-12-30,94,545,82,494,12,51,0,0,94,544,0,1,94,545,California
Calaveras,2020-12-31,37,582,26,520,11,62,0,0,37,581,0,1,37,582,California
Calaveras,2021-01-02,11,593,11,531,0,62,0,0,11,592,0,1,11,593,California
Calaveras,2021-01-03,10,603,4,535,6,68,0,0,10,602,0,1,10,603,California
Calaveras,2021-01-04,33,636,5,540,28,96,0,0,33,635,0,1,33,636,California
Calaveras,2021-01-05,41,677,10,550,31,127,0,0,32,663,9,10,37,673,California
Calaveras,2021-01-06,107,784,30,580,77,204,0,0,97,750,10,20,97,770,California
Calaveras,2021-01-07,105,889,26,606,79,283,0,0,92,832,11,31,93,863,California
Calaveras,2021-01-08,69,958,39,645,30,313,0,0,45,855,24,55,47,910,California
Calaveras,2021-01-09,5,963,5,650,0,313,0,0,2,854,3,58,2,912,California
Calaveras,2021-01-10,2,965,0,650,2,315,0,0,2,856,0,58,2,914,California
Calaveras,2021-01-11,65,1030,59,709,6,321,0,0,27,848,37,95,29,943,California
Calaveras,2021-01-12,85,1115,52,761,33,354,0,0,52,868,33,128,53,996,California
Calaveras,2021-01-13,109,1224,45,806,64,418,0,0,75,910,34,162,76,1072,California
Calaveras,2021-01-14,141,1365,44,850,97,515,0,0,108,987,32,194,109,1181,California
Calaveras,2021-01-15,92,1457,28,878,64,579,0,0,72,1039,20,214,72,1253,California
Calaveras,2021-01-16,13,1470,2,880,11,590,0,0,12,1050,1,215,12,1265,California
Calaveras,2021-01-17,9,1479,1,881,8,598,0,0,9,1059,0,215,9,1274,California
Calaveras,2021-01-18,134,1613,20,901,114,712,0,0,119,1167,15,230,123,1397,California
Calaveras,2021-01-19,208,1821,177,1078,31,743,0,0,70,1102,137,367,72,1469,California
Calaveras,2021-01-20,378,2199,82,1160,296,1039,0,0,285,1312,92,459,302,1771,California
Calaveras,2021-01-21,465,2664,42,1202,423,1462,0,0,423,1711,42,501,441,2212,California
Calaveras,2021-01-22,402,3066,23,1225,379,1841,0,0,386,2094,16,517,399,2611,California
Calaveras,2021-01-23,18,3084,8,1233,10,1851,0,0,17,2110,1,518,17,2628,California
Calaveras,2021-01-24,14,3098,8,1241,6,1857,0,0,12,2120,2,520,12,2640,California
Calaveras,2021-01-25,87,3185,7,1248,80,1937,0,0,82,2197,5,525,82,2722,California
Calaveras,2021-01-26,48,3233,16,1264,32,1969,0,0,39,2227,9,534,39,2761,California
Calaveras,2021-01-27,130,3363,46,1310,84,2053,0,0,101,2300,28,562,101,2862,California
Calaveras,2021-01-28,165,3528,25,1335,140,2193,0,0,137,2415,28,590,143,3005,California
Calaveras,2021-01-29,369,3897,13,1348,356,2549,0,0,336,2733,33,623,351,3356,California
Calaveras,2021-01-30,27,3924,10,1358,17,2566,0,0,25,2758,0,623,25,3381,California
Calaveras,2021-01-31,6,3930,4,1362,2,2568,0,0,5,2762,1,624,5,3386,California
Calaveras,2021-02-01,28,3958,12,1374,16,2584,0,0,19,2772,9,633,19,3405,California
Calaveras,2021-02-02,109,4067,22,1396,87,2671,0,0,70,2809,34,667,71,3476,California
Calaveras,2021-02-03,436,4503,44,1440,392,3063,0,0,351,3078,84,751,353,3829,California
Calaveras,2021-02-04,384,4887,25,1465,359,3422,0,0,299,3296,85,836,303,4132,California
Calaveras,2021-02-05,79,4966,22,1487,57,3479,0,0,40,3299,39,875,42,4174,California
Calaveras,2021-02-06,22,4988,12,1499,10,3489,0,0,22,3321,0,875,22,4196,California
Calaveras,2021-02-07,5,4993,1,1500,4,3493,0,0,2,3321,2,877,2,4198,California
Calaveras,2021-02-08,41,5034,19,1519,22,3515,0,0,33,3348,6,883,33,4231,California
Calaveras,2021-02-09,192,5226,76,1595,116,3631,0,0,129,3417,61,944,130,4361,California
Calaveras,2021-02-10,516,5742,32,1627,484,4115,0,0,442,3793,74,1018,450,4811,California
Calaveras,2021-02-11,587,6329,84,1711,503,4618,0,0,468,4157,116,1134,480,5291,California
Calaveras,2021-02-12,570,6899,324,2035,246,4864,0,0,486,4570,82,1216,495,5786,California
Calaveras,2021-02-13,200,7099,45,2080,155,5019,0,0,185,4740,15,1231,185,5971,California
Calaveras,2021-02-14,223,7322,71,2151,152,5171,0,0,207,4933,14,1245,207,6178,California
Calaveras,2021-02-15,383,7705,24,2175,359,5530,0,0,261,5078,118,1363,263,6441,California
Calaveras,2021-02-16,269,7974,145,2320,124,5654,0,0,231,5274,38,1401,234,6675,California
Calaveras,2021-02-17,514,8488,40,2360,474,6128,0,0,206,5195,291,1692,212,6887,California
Calaveras,2021-02-18,499,8987,92,2452,407,6535,0,0,95,4911,380,2072,96,6983,California
Calaveras,2021-02-19,440,9427,43,2495,397,6932,0,0,97,4681,328,2400,98,7081,California
Calaveras,2021-02-20,58,9485,15,2510,43,6975,0,0,48,4719,10,2410,48,7129,California
Calaveras,2021-02-21,25,9510,15,2525,10,6985,0,0,18,4731,6,2416,18,7147,California
Calaveras,2021-02-22,62,9572,38,2563,24,7009,0,0,33,4735,29,2445,33,7180,California
Calaveras,2021-02-23,128,9700,43,2606,85,7094,0,0,90,4790,38,2483,93,7273,California
Calaveras,2021-02-24,97,9797,48,2654,49,7143,0,0,67,4828,29,2512,67,7340,California
Calaveras,2021-02-25,554,10351,102,2756,452,7595,0,0,355,5000,191,2703,363,7703,California
Calaveras,2021-02-26,778,11129,45,2801,733,8328,0,0,411,5070,343,3046,413,8116,California
Calaveras,2021-02-27,204,11333,23,2824,181,8509,0,0,180,5226,24,3070,180,8296,California
Calaveras,2021-02-28,96,11429,15,2839,81,8590,0,0,91,5312,5,3075,91,8387,California
Calaveras,2021-03-01,244,11673,46,2885,198,8788,0,0,151,5376,89,3164,153,8540,California
Calaveras,2021-03-02,254,11927,100,2985,154,8942,0,0,205,5538,46,3210,208,8748,California
Calaveras,2021-03-03,561,12488,106,3091,455,9397,0,0,218,5420,337,3547,219,8967,California
Calaveras,2021-03-04,748,13236,70,3161,677,10074,1,1,349,5385,390,3937,355,9322,California
Calaveras,2021-03-05,455,13691,271,3432,180,10254,4,5,141,5228,302,4239,145,9467,California
Calaveras,2021-03-06,154,13845,42,3474,106,10360,6,11,113,5307,41,4280,120,9587,California
Calaveras,2021-03-07,76,13921,32,3506,37,10397,7,18,35,5308,41,4321,42,9629,California
Calaveras,2021-03-08,166,14087,29,3535,129,10526,8,26,130,5412,35,4356,139,9768,California
Calaveras,2021-03-09,369,14456,138,3673,225,10751,6,32,32,5119,331,4687,38,9806,California
Calaveras,2021-03-10,431,14887,35,3708,393,11144,3,35,58,4818,363,5050,62,9868,California
Calaveras,2021-03-11,869,15756,435,4143,421,11565,13,48,432,4842,423,5473,447,10315,California
Calaveras,2021-03-12,422,16178,221,4364,191,11756,10,58,322,5086,99,5572,343,10658,California
Calaveras,2021-03-13,188,16366,18,4382,162,11918,8,66,138,5188,48,5620,150,10808,California
Calaveras,2021-03-14,156,16522,11,4393,144,12062,1,67,18,5075,138,5758,25,10833,California
Calaveras,2021-03-15,333,16855,50,4443,258,12320,25,92,54,4880,278,6036,83,10916,California
Calaveras,2021-03-16,691,17546,554,4997,117,12437,20,112,546,5303,143,6179,566,11482,California
Calaveras,2021-03-17,288,17834,53,5050,221,12658,14,126,53,5142,229,6408,68,11550,California
Calaveras,2021-03-18,666,18500,570,5620,80,12738,16,142,547,5589,119,6527,566,12116,California
Calaveras,2021-03-19,233,18733,50,5670,109,12847,74,216,59,5550,170,6697,131,12247,California
Calaveras,2021-03-20,80,18813,22,5692,57,12904,1,217,22,5516,58,6755,24,12271,California
Calaveras,2021-03-21,47,18860,29,5721,7,12911,11,228,9,5501,37,6792,22,12293,California
Calaveras,2021-03-22,80,18940,36,5757,23,12934,21,249,25,5492,55,6847,46,12339,California
Calaveras,2021-03-23,297,19237,205,5962,82,13016,10,259,116,5449,169,7016,126,12465,California
Calaveras,2021-03-24,136,19373,52,6014,74,13090,10,269,44,5413,90,7106,54,12519,California
Calaveras,2021-03-25,748,20121,105,6119,639,13729,4,273,448,5575,290,7396,452,12971,California
Calaveras,2021-03-26,430,20551,28,6147,396,14125,6,279,89,5334,338,7734,97,13068,California
Calaveras,2021-03-27,211,20762,20,6167,187,14312,4,283,37,5206,171,7905,43,13111,California
Calaveras,2021-03-28,112,20874,12,6179,98,14410,2,285,8,5114,103,8008,11,13122,California
Calaveras,2021-03-29,185,21059,25,6204,157,14567,3,288,59,5054,123,8131,63,13185,California
Calaveras,2021-03-30,541,21600,25,6229,499,15066,17,305,363,5257,177,8308,380,13565,California
Calaveras,2021-03-31,327,21927,143,6372,174,15240,10,315,159,5259,168,8476,170,13735,California
Calaveras,2021-04-01,689,22616,445,6817,243,15483,1,316,182,4949,503,8979,193,13928,California
Calaveras,2021-04-02,397,23013,232,7049,157,15640,8,324,116,4802,274,9253,127,14055,California
Calaveras,2021-04-03,143,23156,34,7083,105,15745,4,328,40,4743,103,9356,44,14099,California
Calaveras,2021-04-04,82,23238,26,7109,56,15801,0,328,50,4761,32,9388,50,14149,California
Calaveras,2021-04-05,212,23450,81,7190,121,15922,10,338,100,4759,112,9500,110,14259,California
Calaveras,2021-04-06,655,24105,575,7765,66,15988,14,352,114,4350,537,10037,128,14387,California
Calaveras,2021-04-07,760,24865,662,8427,61,16049,37,389,619,4868,141,10178,659,15046,California
Calaveras,2021-04-08,947,25812,855,9282,70,16119,22,411,434,4817,510,10688,459,15505,California
Calaveras,2021-04-09,156,25968,59,9341,48,16167,49,460,55,4825,99,10787,107,15612,California
Calaveras,2021-04-10,192,26160,42,9383,131,16298,19,479,148,4950,43,10830,168,15780,California
Calaveras,2021-04-11,70,26230,45,9428,23,16321,2,481,49,4980,21,10851,51,15831,California
Calaveras,2021-04-12,107,26337,46,9474,42,16363,19,500,57,5007,50,10901,77,15908,California
Calaveras,2021-04-13,427,26764,372,9846,55,16418,0,500,366,5316,60,10961,369,16277,California
Calaveras,2021-04-14,184,26948,28,9874,156,16574,0,500,135,5403,49,11010,136,16413,California
Calaveras,2021-04-15,334,27282,283,10157,51,16625,0,500,245,5565,85,11095,247,16660,California
Calaveras,2021-04-16,108,27390,32,10189,76,16701,0,500,50,5565,51,11146,51,16711,California
Calaveras,2021-04-17,332,27722,128,10317,204,16905,0,500,290,5813,42,11188,290,17001,California
Calaveras,2021-04-18,18,27740,5,10322,13,16918,0,500,11,5817,7,11195,11,17012,California
Calaveras,2021-04-19,75,27815,27,10349,48,16966,0,500,44,5833,30,11225,46,17058,California
Calaveras,2021-04-20,271,28086,94,10443,177,17143,0,500,197,5963,68,11293,198,17256,California
Calaveras,2021-04-21,216,28302,145,10588,71,17214,0,500,83,5916,131,11424,84,17340,California
Calaveras,2021-04-22,545,28847,96,10684,449,17663,0,500,143,5662,399,11823,145,17485,California
Calaveras,2021-04-23,159,29006,80,10764,79,17742,0,500,64,5634,92,11915,64,17549,California
Calaveras,2021-04-24,172,29178,37,10801,135,17877,0,500,129,5722,42,11957,130,17679,California
Calaveras,2021-04-25,42,29220,28,10829,14,17891,0,500,21,5724,21,11978,23,17702,California
Calaveras,2021-04-26,119,29339,74,10903,45,17936,0,500,35,5677,83,12061,36,17738,California
Calaveras,2021-04-27,445,29784,74,10977,358,18294,13,513,57,5363,384,12445,70,17808,California
Calaveras,2021-04-28,649,30433,578,11555,40,18334,31,544,55,4864,592,13037,93,17901,California
Calaveras,2021-04-29,518,30951,442,11997,57,18391,19,563,73,4518,443,13480,97,17998,California
Calaveras,2021-04-30,152,31103,61,12058,86,18477,5,568,67,4512,84,13564,78,18076,California
Calaveras,2021-05-01,202,31305,111,12169,88,18565,3,571,134,4586,67,13631,141,18217,California
Calaveras,2021-05-02,53,31358,36,12205,16,18581,1,572,20,4577,31,13662,22,18239,California
Calaveras,2021-05-03,94,31452,69,12274,20,18601,5,577,30,4553,63,13725,39,18278,California
Calaveras,2021-05-04,419,31871,330,12604,52,18653,37,614,44,4261,374,14099,82,18360,California
Calaveras,2021-05-05,113,31984,58,12662,23,18676,32,646,50,4281,61,14160,81,18441,California
Calaveras,2021-05-06,255,32239,194,12856,37,18713,24,670,47,4147,206,14366,72,18513,California
Calaveras,2021-05-07,89,32328,25,12881,58,18771,6,676,58,4180,31,14397,64,18577,California
Calaveras,2021-05-08,290,32618,143,13024,145,18916,2,678,90,4076,196,14593,92,18669,California
Calaveras,2021-05-09,29,32647,12,13036,14,18930,3,681,13,4076,16,14609,16,18685,California
Calaveras,2021-05-10,60,32707,25,13061,34,18964,1,682,28,4076,30,14639,30,18715,California
Calaveras,2021-05-11,135,32842,90,13151,33,18997,12,694,94,4143,40,14679,107,18822,California
Calaveras,2021-05-12,170,33012,48,13199,122,19119,0,694,52,4078,117,14796,52,18874,California
Calaveras,2021-05-13,121,33133,66,13265,40,19159,15,709,65,4105,54,14850,81,18955,California
Calaveras,2021-05-14,149,33282,92,13357,54,19213,3,712,100,4160,48,14898,103,19058,California
Calaveras,2021-05-15,267,33549,95,13452,169,19382,3,715,106,4114,155,15053,109,19167,California
Calaveras,2021-05-16,29,33578,12,13464,17,19399,0,715,14,4114,15,15068,15,19182,California
Calaveras,2021-05-17,90,33668,42,13506,41,19440,7,722,47,4127,42,15110,55,19237,California
Calaveras,2021-05-18,227,33895,61,13567,144,19584,22,744,72,4067,154,15264,94,19331,California
Calaveras,2021-05-19,150,34045,62,13629,84,19668,4,748,72,4067,77,15341,77,19408,California
Calaveras,2021-05-20,204,34249,80,13709,98,19766,26,774,66,4023,135,15476,91,19499,California
Calaveras,2021-05-21,97,34346,55,13764,38,19804,4,778,59,4048,37,15513,62,19561,California
Calaveras,2021-05-22,301,34647,160,13924,141,19945,0,778,148,4044,152,15665,148,19709,California
Calaveras,2021-05-23,31,34678,16,13940,15,19960,0,778,13,4039,18,15683,13,19722,California
Calaveras,2021-05-24,76,34754,40,13980,20,19980,16,794,32,4044,44,15727,49,19771,California
Calaveras,2021-05-25,123,34877,47,14027,59,20039,17,811,56,4050,67,15794,73,19844,California
Calaveras,2021-05-26,121,34998,87,14114,30,20069,4,815,83,4099,37,15831,86,19930,California
Calaveras,2021-05-27,84,35082,43,14157,37,20106,4,819,28,4079,53,15884,33,19963,California
Calaveras,2021-05-28,85,35167,44,14201,37,20143,4,823,42,4082,43,15927,46,20009,California
Calaveras,2021-05-29,69,35236,23,14224,41,20184,5,828,33,4085,36,15963,39,20048,California
Calaveras,2021-05-30,36,35272,14,14238,17,20201,5,833,11,4076,25,15988,16,20064,California
Calaveras,2021-05-31,5,35277,0,14238,3,20204,2,835,0,4073,5,15993,2,20066,California
Calaveras,2021-06-01,145,35422,97,14335,42,20246,6,841,44,4023,101,16094,51,20117,California
Calaveras,2021-06-02,85,35507,54,14389,27,20273,4,845,36,4014,49,16143,40,20157,California
Calaveras,2021-06-03,93,35600,55,14444,31,20304,7,852,42,4016,49,16192,51,20208,California
Calaveras,2021-06-04,140,35740,94,14538,34,20338,12,864,37,3962,103,16295,49,20257,California
Calaveras,2021-06-05,85,35825,28,14566,55,20393,2,866,34,3948,50,16345,36,20293,California
Calaveras,2021-06-06,40,35865,28,14594,9,20402,3,869,21,3953,19,16364,24,20317,California
Calaveras,2021-06-07,62,35927,45,14639,9,20411,8,877,25,3950,36,16400,33,20350,California
Calaveras,2021-06-08,125,36052,79,14718,39,20450,7,884,57,3948,66,16466,64,20414,California
Calaveras,2021-06-09,95,36147,51,14769,38,20488,6,890,30,3921,65,16531,38,20452,California
Calaveras,2021-06-10,119,36266,58,14827,52,20540,9,899,41,3895,76,16607,50,20502,California
Calaveras,2021-06-11,103,36369,58,14885,40,20580,5,904,32,3861,71,16678,37,20539,California
Calaveras,2021-06-12,62,36431,36,14921,24,20604,2,906,20,3841,42,16720,22,20561,California
Calaveras,2021-06-13,31,36462,18,14939,9,20613,4,910,8,3830,23,16743,12,20573,California
Calaveras,2021-06-14,59,36521,39,14978,16,20629,4,914,22,3820,37,16780,27,20600,California
Calaveras,2021-06-15,89,36610,54,15032,26,20655,9,923,23,3787,66,16846,33,20633,California
Calaveras,2021-06-16,179,36789,138,15170,27,20682,14,937,39,3701,139,16985,53,20686,California
Calaveras,2021-06-17,59,36848,31,15201,23,20705,5,942,24,3698,32,17017,29,20715,California
Calaveras,2021-06-18,59,36907,40,15241,15,20720,4,946,24,3691,35,17052,28,20743,California
Calaveras,2021-06-19,66,36973,23,15264,26,20746,17,963,23,3688,43,17095,40,20783,California
Calaveras,2021-06-20,6,36979,2,15266,3,20749,1,964,2,3687,4,17099,3,20786,California
Calaveras,2021-06-21,38,37017,14,15280,18,20767,6,970,23,3702,15,17114,30,20816,California
Calaveras,2021-06-22,62,37079,31,15311,29,20796,2,972,28,3700,33,17147,31,20847,California
Calaveras,2021-06-23,45,37124,32,15343,10,20806,3,975,21,3700,24,17171,24,20871,California
Calaveras,2021-06-24,39,37163,21,15364,18,20824,0,975,16,3693,23,17194,16,20887,California
Calaveras,2021-06-25,4,37167,0,15364,4,20828,0,975,4,3697,0,17194,4,20891,California
Colusa,2020-12-18,1,1,1,1,0,0,0,0,1,1,0,0,1,1,California
Colusa,2020-12-21,2,3,2,3,0,0,0,0,2,3,0,0,2,3,California
Colusa,2020-12-22,10,13,10,13,0,0,0,0,10,13,0,0,10,13,California
Colusa,2020-12-23,10,23,10,23,0,0,0,0,10,23,0,0,10,23,California
Colusa,2020-12-24,2,25,1,24,1,1,0,0,2,25,0,0,2,25,California
Colusa,2020-12-27,1,26,1,25,0,1,0,0,1,26,0,0,1,26,California
Colusa,2020-12-28,7,33,3,28,4,5,0,0,7,33,0,0,7,33,California
Colusa,2020-12-29,10,43,8,36,2,7,0,0,10,43,0,0,10,43,California
Colusa,2020-12-30,51,94,14,50,37,44,0,0,51,94,0,0,51,94,California
Colusa,2020-12-31,18,112,1,51,17,61,0,0,18,112,0,0,18,112,California
Colusa,2021-01-04,4,116,0,51,4,65,0,0,4,116,0,0,4,116,California
Colusa,2021-01-05,68,184,1,52,67,132,0,0,68,184,0,0,68,184,California
Colusa,2021-01-06,15,199,9,61,6,138,0,0,15,199,0,0,15,199,California
Colusa,2021-01-07,39,238,5,66,34,172,0,0,38,236,1,1,38,237,California
Colusa,2021-01-08,9,247,7,73,2,174,0,0,8,243,1,2,8,245,California
Colusa,2021-01-09,2,249,1,74,1,175,0,0,2,245,0,2,2,247,California
Colusa,2021-01-10,1,250,0,74,1,176,0,0,1,246,0,2,1,248,California
Colusa,2021-01-11,12,262,6,80,6,182,0,0,7,248,5,7,7,255,California
Colusa,2021-01-12,11,273,9,89,2,184,0,0,6,249,5,12,6,261,California
Colusa,2021-01-13,21,294,13,102,8,192,0,0,13,254,8,20,13,274,California
Colusa,2021-01-14,35,329,28,130,7,199,0,0,33,285,2,22,33,307,California
Colusa,2021-01-15,42,371,5,135,37,236,0,0,40,323,2,24,40,347,California
Colusa,2021-01-16,12,383,1,136,11,247,0,0,11,333,1,25,11,358,California
Colusa,2021-01-17,3,386,2,138,1,248,0,0,2,334,1,26,2,360,California
Colusa,2021-01-18,4,390,0,138,4,252,0,0,4,338,0,26,4,364,California
Colusa,2021-01-19,9,399,8,146,1,253,0,0,5,339,4,30,5,369,California
Colusa,2021-01-20,115,514,101,247,14,267,0,0,101,426,14,44,101,470,California
Colusa,2021-01-21,59,573,44,291,15,282,0,0,58,483,1,45,58,528,California
Colusa,2021-01-22,40,613,17,308,23,305,0,0,35,513,5,50,35,563,California
Colusa,2021-01-23,35,648,6,314,29,334,0,0,35,548,0,50,35,598,California
Colusa,2021-01-25,7,655,0,314,7,341,0,0,7,555,0,50,7,605,California
Colusa,2021-01-26,8,663,5,319,3,344,0,0,5,557,3,53,5,610,California
Colusa,2021-01-27,109,772,31,350,78,422,0,0,107,662,2,55,107,717,California
Colusa,2021-01-28,83,855,48,398,35,457,0,0,74,727,9,64,74,791,California
Colusa,2021-01-29,43,898,7,405,36,493,0,0,42,768,1,65,42,833,California
Colusa,2021-01-30,27,925,4,409,23,516,0,0,27,795,0,65,27,860,California
Colusa,2021-01-31,7,932,7,416,0,516,0,0,7,802,0,65,7,867,California
Colusa,2021-02-01,27,959,10,426,17,533,0,0,22,819,5,70,22,889,California
Colusa,2021-02-02,42,1001,8,434,34,567,0,0,36,849,6,76,36,925,California
Colusa,2021-02-03,69,1070,10,444,59,626,0,0,58,896,11,87,58,983,California
Colusa,2021-02-04,143,1213,81,525,62,688,0,0,115,983,28,115,115,1098,California
Colusa,2021-02-05,32,1245,8,533,24,712,0,0,29,1009,3,118,29,1127,California
Colusa,2021-02-06,285,1530,9,542,276,988,0,0,274,1272,11,129,274,1401,California
Colusa,2021-02-07,2,1532,1,543,1,989,0,0,0,1270,2,131,0,1401,California
Colusa,2021-02-08,40,1572,5,548,35,1024,0,0,37,1304,3,134,37,1438,California
Colusa,2021-02-09,231,1803,14,562,217,1241,0,0,176,1425,55,189,176,1614,California
Colusa,2021-02-10,117,1920,42,604,75,1316,0,0,73,1454,44,233,73,1687,California
Colusa,2021-02-11,101,2021,38,642,63,1379,0,0,74,1501,27,260,74,1761,California
Colusa,2021-02-12,117,2138,9,651,108,1487,0,0,78,1539,40,300,78,1839,California
Colusa,2021-02-13,60,2198,8,659,52,1539,0,0,52,1583,8,308,52,1891,California
Colusa,2021-02-14,21,2219,8,667,13,1552,0,0,15,1592,6,314,15,1906,California
Colusa,2021-02-15,46,2265,10,677,36,1588,0,0,39,1624,7,321,39,1945,California
Colusa,2021-02-16,69,2334,4,681,65,1653,0,0,68,1691,1,322,68,2013,California
Colusa,2021-02-17,205,2539,143,824,62,1715,0,0,59,1604,146,468,59,2072,California
Colusa,2021-02-18,135,2674,35,859,100,1815,0,0,112,1693,23,491,112,2184,California
Colusa,2021-02-19,155,2829,19,878,136,1951,0,0,129,1796,26,517,129,2313,California
Colusa,2021-02-20,29,2858,6,884,23,1974,0,0,13,1793,16,533,13,2326,California
Colusa,2021-02-21,1,2859,1,885,0,1974,0,0,0,1792,1,534,0,2326,California
Colusa,2021-02-22,43,2902,26,911,17,1991,0,0,29,1807,14,548,29,2355,California
Colusa,2021-02-23,22,2924,6,917,16,2007,0,0,18,1821,4,552,18,2373,California
Colusa,2021-02-24,300,3224,54,971,246,2253,0,0,158,1837,142,694,158,2531,California
Colusa,2021-02-25,103,3327,55,1026,48,2301,0,0,67,1868,36,730,67,2598,California
Colusa,2021-02-26,100,3427,14,1040,86,2387,0,0,60,1888,40,770,60,2658,California
Colusa,2021-02-27,55,3482,4,1044,51,2438,0,0,40,1913,15,785,40,2698,California
Colusa,2021-02-28,27,3509,15,1059,12,2450,0,0,18,1922,9,794,18,2716,California
Colusa,2021-03-01,46,3555,15,1074,31,2481,0,0,29,1934,17,811,29,2745,California
Colusa,2021-03-02,49,3604,13,1087,36,2517,0,0,26,1937,23,834,26,2771,California
Colusa,2021-03-03,246,3850,46,1133,200,2717,0,0,189,2069,57,891,189,2960,California
Colusa,2021-03-04,139,3989,59,1192,80,2797,0,0,80,2090,59,950,80,3040,California
Colusa,2021-03-05,98,4087,25,1217,64,2861,9,9,53,2107,45,995,62,3102,California
Colusa,2021-03-06,276,4363,9,1226,267,3128,0,9,39,1909,237,1232,39,3141,California
Colusa,2021-03-07,8,4371,5,1231,3,3131,0,9,6,1913,2,1234,6,3147,California
Colusa,2021-03-08,89,4460,21,1252,33,3164,35,44,45,1949,44,1278,80,3227,California
Colusa,2021-03-09,276,4736,74,1326,179,3343,23,67,85,1866,191,1469,108,3335,California
Colusa,2021-03-10,289,5025,38,1364,215,3558,36,103,203,2019,86,1555,239,3574,California
Colusa,2021-03-11,420,5445,60,1424,339,3897,21,124,339,2296,81,1636,358,3932,California
Colusa,2021-03-12,111,5556,18,1442,80,3977,13,137,20,2238,91,1727,33,3965,California
Colusa,2021-03-13,61,5617,16,1458,36,4013,9,146,18,2222,43,1770,27,3992,California
Colusa,2021-03-14,19,5636,0,1458,17,4030,2,148,5,2216,13,1783,7,3999,California
Colusa,2021-03-15,71,5707,27,1485,36,4066,8,156,15,2183,56,1839,23,4022,California
Colusa,2021-03-16,299,6006,16,1501,237,4303,46,202,189,2308,110,1949,235,4257,California
Colusa,2021-03-17,194,6200,50,1551,144,4447,0,202,108,2330,86,2035,108,4365,California
Colusa,2021-03-18,325,6525,38,1589,216,4663,71,273,201,2479,124,2159,273,4638,California
Colusa,2021-03-19,80,6605,20,1609,58,4721,2,275,55,2511,25,2184,57,4695,California
Colusa,2021-03-20,50,6655,8,1617,41,4762,1,276,36,2534,14,2198,37,4732,California
Colusa,2021-03-21,6,6661,4,1621,2,4764,0,276,3,2534,3,2201,3,4735,California
Colusa,2021-03-22,62,6723,10,1631,43,4807,9,285,40,2561,22,2223,49,4784,California
Colusa,2021-03-23,83,6806,16,1647,65,4872,2,287,56,2592,27,2250,58,4842,California
Colusa,2021-03-24,340,7146,57,1704,277,5149,6,293,68,2393,272,2522,73,4915,California
Colusa,2021-03-25,109,7255,60,1764,44,5193,5,298,52,2393,57,2579,57,4972,California
Colusa,2021-03-26,301,7556,47,1811,250,5443,4,302,248,2592,53,2632,252,5224,California
Colusa,2021-03-27,63,7619,5,1816,58,5501,0,302,25,2579,38,2670,25,5249,California
Colusa,2021-03-28,16,7635,7,1823,9,5510,0,302,8,2579,8,2678,8,5257,California
Colusa,2021-03-29,72,7707,20,1843,46,5556,6,308,32,2577,40,2718,38,5295,California
Colusa,2021-03-30,151,7858,82,1925,67,5623,2,310,72,2572,79,2797,74,5369,California
Colusa,2021-03-31,234,8092,41,1966,193,5816,0,310,70,2479,163,2960,70,5439,California
Colusa,2021-04-01,435,8527,73,2039,307,6123,55,365,311,2721,123,3083,365,5804,California
Colusa,2021-04-02,82,8609,13,2052,55,6178,14,379,38,2729,44,3127,52,5856,California
Colusa,2021-04-03,62,8671,10,2062,29,6207,23,402,14,2717,48,3175,36,5892,California
Colusa,2021-04-04,18,8689,0,2062,8,6215,10,412,3,2715,15,3190,13,5905,California
Colusa,2021-04-05,97,8786,26,2088,55,6270,16,428,39,2712,58,3248,55,5960,California
Colusa,2021-04-06,130,8916,35,2123,45,6315,50,478,43,2718,87,3335,93,6053,California
Colusa,2021-04-07,358,9274,42,2165,293,6608,23,501,132,2648,226,3561,156,6209,California
Colusa,2021-04-08,429,9703,34,2199,368,6976,27,528,121,2491,305,3866,148,6357,California
Colusa,2021-04-09,77,9780,21,2220,32,7008,24,552,28,2494,49,3915,52,6409,California
Colusa,2021-04-10,45,9825,10,2230,14,7022,21,573,11,2492,34,3949,32,6441,California
Colusa,2021-04-11,16,9841,3,2233,11,7033,2,575,8,2494,8,3957,10,6451,California
Colusa,2021-04-12,32,9873,3,2236,29,7062,0,575,25,2512,7,3964,25,6476,California
Colusa,2021-04-13,280,10153,23,2259,257,7319,0,575,95,2423,184,4148,95,6571,California
Colusa,2021-04-14,97,10250,20,2279,77,7396,0,575,35,2396,62,4210,35,6606,California
Colusa,2021-04-15,324,10574,47,2326,277,7673,0,575,132,2336,192,4402,132,6738,California
Colusa,2021-04-16,82,10656,11,2337,71,7744,0,575,36,2327,45,4447,36,6774,California
Colusa,2021-04-17,52,10708,7,2344,45,7789,0,575,30,2335,22,4469,30,6804,California
Colusa,2021-04-18,9,10717,2,2346,7,7796,0,575,7,2340,2,4471,7,6811,California
Colusa,2021-04-19,62,10779,22,2368,40,7836,0,575,18,2314,44,4515,18,6829,California
Colusa,2021-04-20,189,10968,38,2406,151,7987,0,575,134,2393,55,4570,134,6963,California
Colusa,2021-04-21,179,11147,68,2474,111,8098,0,575,110,2434,69,4639,110,7073,California
Colusa,2021-04-22,425,11572,27,2501,397,8495,1,576,221,2452,203,4842,221,7294,California
Colusa,2021-04-23,96,11668,20,2521,76,8571,0,576,37,2430,59,4901,37,7331,California
Colusa,2021-04-24,241,11909,19,2540,221,8792,1,577,210,2609,31,4932,210,7541,California
Colusa,2021-04-25,12,11921,6,2546,6,8798,0,577,8,2613,4,4936,8,7549,California
Colusa,2021-04-26,25,11946,5,2551,19,8817,1,578,6,2601,18,4954,6,7555,California
Colusa,2021-04-27,97,12043,25,2576,68,8885,4,582,44,2596,53,5007,48,7603,California
Colusa,2021-04-28,196,12239,33,2609,160,9045,3,585,144,2692,51,5058,147,7750,California
Colusa,2021-04-29,319,12558,29,2638,286,9331,4,589,48,2475,269,5327,52,7802,California
Colusa,2021-04-30,66,12624,19,2657,47,9378,0,589,42,2493,24,5351,42,7844,California
Colusa,2021-05-01,19,12643,8,2665,8,9386,3,592,9,2495,10,5361,12,7856,California
Colusa,2021-05-02,4,12647,1,2666,2,9388,1,593,2,2496,2,5363,3,7859,California
Colusa,2021-05-03,31,12678,7,2673,24,9412,0,593,15,2495,16,5379,15,7874,California
Colusa,2021-05-04,99,12777,55,2728,43,9455,1,594,69,2535,30,5409,70,7944,California
Colusa,2021-05-05,84,12861,21,2749,62,9517,1,595,35,2522,49,5458,36,7980,California
Colusa,2021-05-06,254,13115,16,2765,236,9753,2,597,111,2492,143,5601,113,8093,California
Colusa,2021-05-07,66,13181,4,2769,58,9811,4,601,30,2490,36,5637,34,8127,California
Colusa,2021-05-08,17,13198,5,2774,12,9823,0,601,9,2491,8,5645,9,8136,California
Colusa,2021-05-09,13,13211,5,2779,5,9828,3,604,6,2493,7,5652,9,8145,California
Colusa,2021-05-10,16,13227,7,2786,9,9837,0,604,6,2489,10,5662,6,8151,California
Colusa,2021-05-11,93,13320,34,2820,59,9896,0,604,48,2492,45,5707,48,8199,California
Colusa,2021-05-12,74,13394,31,2851,39,9935,4,608,20,2462,54,5761,24,8223,California
Colusa,2021-05-13,242,13636,24,2875,217,10152,1,609,78,2377,164,5925,79,8302,California
Colusa,2021-05-14,85,13721,18,2893,52,10204,15,624,32,2372,52,5977,47,8349,California
Colusa,2021-05-15,41,13762,10,2903,29,10233,2,626,21,2375,20,5997,23,8372,California
Colusa,2021-05-16,23,13785,6,2909,10,10243,7,633,10,2379,13,6010,17,8389,California
Colusa,2021-05-17,24,13809,4,2913,18,10261,2,635,12,2381,12,6022,14,8403,California
Colusa,2021-05-18,103,13912,27,2940,74,10335,2,637,47,2374,56,6078,49,8452,California
Colusa,2021-05-19,220,14132,44,2984,156,10491,20,657,66,2306,154,6232,86,8538,California
Colusa,2021-05-20,281,14413,33,3017,244,10735,4,661,67,2163,214,6446,71,8609,California
Colusa,2021-05-21,71,14484,24,3041,45,10780,2,663,35,2165,36,6482,38,8647,California
Colusa,2021-05-22,218,14702,21,3062,196,10976,1,664,30,2008,188,6670,31,8678,California
Colusa,2021-05-23,19,14721,8,3070,7,10983,4,668,6,2005,13,6683,10,8688,California
Colusa,2021-05-24,26,14747,3,3073,18,11001,5,673,15,2014,11,6694,20,8708,California
Colusa,2021-05-25,135,14882,75,3148,58,11059,2,675,52,1985,83,6777,54,8762,California
Colusa,2021-05-26,72,14954,25,3173,47,11106,0,675,32,1977,40,6817,32,8794,California
Colusa,2021-05-27,172,15126,17,3190,155,11261,0,675,55,1915,117,6934,55,8849,California
Colusa,2021-05-28,79,15205,25,3215,53,11314,1,676,40,1917,39,6973,41,8890,California
Colusa,2021-05-29,40,15245,18,3233,18,11332,4,680,29,1939,11,6984,33,8923,California
Colusa,2021-05-30,8,15253,1,3234,2,11334,5,685,1,1938,7,6991,6,8929,California
Colusa,2021-05-31,4,15257,0,3234,4,11338,0,685,1,1936,3,6994,1,8930,California
Colusa,2021-06-01,50,15307,16,3250,33,11371,1,686,26,1939,24,7018,27,8957,California
Colusa,2021-06-02,146,15453,20,3270,124,11495,2,688,51,1899,94,7112,54,9011,California
Colusa,2021-06-03,63,15516,20,3290,42,11537,1,689,26,1892,34,7146,27,9038,California
Colusa,2021-06-04,60,15576,19,3309,37,11574,4,693,21,1878,39,7185,25,9063,California
Colusa,2021-06-05,35,15611,16,3325,18,11592,1,694,17,1878,18,7203,18,9081,California
Colusa,2021-06-06,10,15621,5,3330,4,11596,1,695,6,1881,4,7207,7,9088,California
Colusa,2021-06-07,22,15643,6,3336,16,11612,0,695,12,1883,10,7217,12,9100,California
Colusa,2021-06-08,75,15718,21,3357,54,11666,0,695,29,1866,46,7263,29,9129,California
Colusa,2021-06-09,70,15788,39,3396,31,11697,0,695,28,1852,42,7305,28,9157,California
Colusa,2021-06-10,58,15846,23,3419,31,11728,4,699,14,1826,44,7349,18,9175,California
Colusa,2021-06-11,60,15906,33,3452,27,11755,0,699,29,1824,31,7380,29,9204,California
Colusa,2021-06-12,36,15942,22,3474,14,11769,0,699,10,1808,26,7406,10,9214,California
Colusa,2021-06-13,10,15952,3,3477,5,11774,2,701,2,1804,8,7414,4,9218,California
Colusa,2021-06-14,19,15971,9,3486,10,11784,0,701,7,1799,12,7426,7,9225,California
Colusa,2021-06-15,76,16047,36,3522,39,11823,1,702,19,1762,57,7483,20,9245,California
Colusa,2021-06-16,55,16102,15,3537,39,11862,1,703,15,1738,40,7523,16,9261,California
Colusa,2021-06-17,117,16219,10,3547,106,11968,1,704,17,1656,100,7623,18,9279,California
Colusa,2021-06-18,63,16282,32,3579,27,11995,4,708,25,1647,38,7661,29,9308,California
Colusa,2021-06-19,26,16308,21,3600,4,11999,1,709,6,1634,20,7681,7,9315,California
Colusa,2021-06-20,10,16318,7,3607,3,12002,0,709,8,1640,2,7683,8,9323,California
Colusa,2021-06-21,19,16337,3,3610,16,12018,0,709,8,1637,11,7694,8,9331,California
Colusa,2021-06-22,69,16406,30,3640,34,12052,5,714,30,1634,38,7732,35,9366,California
Colusa,2021-06-23,49,16455,27,3667,22,12074,0,714,21,1627,28,7760,21,9387,California
Colusa,2021-06-24,60,16515,26,3693,32,12106,2,716,21,1611,39,7799,23,9410,California
Colusa,2021-06-25,17,16532,4,3697,13,12119,0,716,7,1608,10,7809,7,9417,California
Contra Costa,2020-12-15,19,19,19,19,0,0,0,0,19,19,0,0,19,19,California
Contra Costa,2020-12-16,523,542,523,542,0,0,0,0,523,542,0,0,523,542,California
Contra Costa,2020-12-17,1047,1589,1047,1589,0,0,0,0,1047,1589,0,0,1047,1589,California
Contra Costa,2020-12-18,1752,3341,1750,3339,2,2,0,0,1752,3341,0,0,1752,3341,California
Contra Costa,2020-12-19,1112,4453,1111,4450,1,3,0,0,1112,4453,0,0,1112,4453,California
Contra Costa,2020-12-20,596,5049,595,5045,1,4,0,0,596,5049,0,0,596,5049,California
Contra Costa,2020-12-21,1665,6714,1662,6707,3,7,0,0,1665,6714,0,0,1665,6714,California
Contra Costa,2020-12-22,1674,8388,1567,8274,107,114,0,0,1674,8388,0,0,1674,8388,California
Contra Costa,2020-12-23,1619,10007,1368,9642,251,365,0,0,1619,10007,0,0,1619,10007,California
Contra Costa,2020-12-24,655,10662,334,9976,321,686,0,0,655,10662,0,0,655,10662,California
Contra Costa,2020-12-25,41,10703,19,9995,22,708,0,0,41,10703,0,0,41,10703,California
Contra Costa,2020-12-26,649,11352,135,10130,514,1222,0,0,649,11352,0,0,649,11352,California
Contra Costa,2020-12-27,242,11594,87,10217,155,1377,0,0,242,11594,0,0,242,11594,California
Contra Costa,2020-12-28,1845,13439,870,11087,975,2352,0,0,1845,13439,0,0,1845,13439,California
Contra Costa,2020-12-29,1843,15282,826,11913,1017,3369,0,0,1843,15282,0,0,1843,15282,California
Contra Costa,2020-12-30,2409,17691,1219,13132,1190,4559,0,0,2407,17688,2,2,2408,17690,California
Contra Costa,2020-12-31,926,18617,310,13442,616,5175,0,0,925,18613,0,2,925,18615,California
Contra Costa,2021-01-01,66,18683,24,13466,42,5217,0,0,66,18679,0,2,66,18681,California
Contra Costa,2021-01-02,346,19029,178,13644,168,5385,0,0,346,19025,0,2,346,19027,California
Contra Costa,2021-01-03,181,19210,122,13766,59,5444,0,0,180,19205,0,2,180,19207,California
Contra Costa,2021-01-04,1902,21112,1244,15010,658,6102,0,0,1882,21069,18,20,1882,21089,California
Contra Costa,2021-01-05,2115,23227,1264,16274,851,6953,0,0,1829,22614,285,305,1830,22919,California
Contra Costa,2021-01-06,3294,26521,2261,18535,1033,7986,0,0,2481,24292,807,1112,2485,25404,California
Contra Costa,2021-01-07,3113,29634,2077,20612,1036,9022,0,0,1799,24780,1311,2423,1799,27203,California
Contra Costa,2021-01-08,3413,33047,2406,23018,1007,10029,0,0,1767,24910,1641,4064,1771,28974,California
Contra Costa,2021-01-09,1592,34639,1139,24157,453,10482,0,0,734,24789,857,4921,736,29710,California
Contra Costa,2021-01-10,363,35002,288,24445,75,10557,0,0,150,24726,213,5134,150,29860,California
Contra Costa,2021-01-11,3855,38857,3158,27603,697,11254,0,0,2230,25334,1625,6759,2233,32093,California
Contra Costa,2021-01-12,3947,42804,2960,30563,987,12241,0,0,2597,26585,1349,8108,2600,34693,California
Contra Costa,2021-01-13,4767,47571,2965,33528,1802,14043,0,0,3797,29417,966,9074,3798,38491,California
Contra Costa,2021-01-14,4328,51899,1569,35097,2759,16802,0,0,3941,32971,387,9461,3941,42432,California
Contra Costa,2021-01-15,5357,57256,2470,37567,2887,19689,0,0,5028,37675,328,9789,5032,47464,California
Contra Costa,2021-01-16,1743,58999,565,38132,1178,20867,0,0,1666,39264,77,9866,1666,49130,California
Contra Costa,2021-01-17,1669,60668,984,39116,685,21552,0,0,1548,40694,121,9987,1551,50681,California
Contra Costa,2021-01-18,3223,63891,1276,40392,1947,23499,0,0,2592,42662,625,10612,2593,53274,California
Contra Costa,2021-01-19,7081,70972,3165,43557,3916,27415,0,0,6072,47735,1004,11616,6077,59351,California
Contra Costa,2021-01-20,6747,77719,4155,47712,2592,30007,0,0,5497,51991,1246,12862,5502,64853,California
Contra Costa,2021-01-21,7052,84771,3127,50839,3925,33932,0,0,6318,57589,728,13590,6326,71179,California
Contra Costa,2021-01-22,6436,91207,2738,53577,3698,37630,0,0,5571,62307,856,14446,5574,76753,California
Contra Costa,2021-01-23,2053,93260,360,53937,1693,39323,0,0,1789,63836,262,14708,1791,78544,California
Contra Costa,2021-01-24,1590,94850,218,54155,1372,40695,0,0,1441,65132,149,14857,1445,79989,California
Contra Costa,2021-01-25,6710,101560,3048,57203,3662,44357,0,0,5128,68684,1580,16437,5132,85121,California
Contra Costa,2021-01-26,8178,109738,4726,61929,3452,47809,0,0,6304,73127,1866,18303,6309,91430,California
Contra Costa,2021-01-27,8243,117981,5441,67370,2802,50611,0,0,6380,77660,1851,20154,6384,97814,California
Contra Costa,2021-01-28,7496,125477,4105,71475,3391,54002,0,0,5876,81926,1614,21768,5880,103694,California
Contra Costa,2021-01-29,7498,132975,3911,75386,3587,57589,0,0,6170,86775,1323,23091,6172,109866,California
Contra Costa,2021-01-30,2152,135127,649,76035,1503,59092,0,0,1747,88125,397,23488,1747,111613,California
Contra Costa,2021-01-31,669,135796,438,76473,231,59323,0,0,572,88604,93,23581,572,112185,California
Contra Costa,2021-02-01,5870,141666,4081,80554,1789,61112,0,0,3956,90657,1906,25487,3959,116144,California
Contra Costa,2021-02-02,7642,149308,5119,85673,2523,63635,0,0,5927,94872,1713,27200,5928,122072,California
Contra Costa,2021-02-03,8313,157621,5485,91158,2828,66463,0,0,5634,97839,2668,29868,5635,127707,California
Contra Costa,2021-02-04,7513,165134,3591,94749,3922,70385,0,0,5745,101822,1765,31633,5748,133455,California
Contra Costa,2021-02-05,8473,173607,4831,99580,3642,74027,0,0,5764,104884,2702,34335,5764,139219,California
Contra Costa,2021-02-06,3487,177094,2165,101745,1322,75349,0,0,2830,107059,656,34991,2831,142050,California
Contra Costa,2021-02-07,992,178086,719,102464,273,75622,0,0,606,107281,384,35375,606,142656,California
Contra Costa,2021-02-08,5888,183974,3501,105965,2387,78009,0,0,4385,110171,1496,36871,4386,147042,California
Contra Costa,2021-02-09,8703,192677,4802,110767,3901,81910,0,0,5780,113037,2915,39786,5781,152823,California
Contra Costa,2021-02-10,8700,201377,4675,115442,4025,85935,0,0,5384,115126,3299,43085,5388,158211,California
Contra Costa,2021-02-11,9395,210772,4245,119687,5150,91085,0,0,5292,116327,4096,47181,5297,163508,California
Contra Costa,2021-02-12,10178,220950,4668,124355,5510,96595,0,0,5497,117155,4673,51854,5501,169009,California
Contra Costa,2021-02-13,4929,225879,1384,125739,3545,100140,0,0,3429,119090,1496,53350,3431,172440,California
Contra Costa,2021-02-14,2108,227987,870,126609,1238,101378,0,0,1224,119432,882,54232,1224,173664,California
Contra Costa,2021-02-15,4508,232495,2497,129106,2011,103389,0,0,2349,119632,2150,56382,2350,176014,California
Contra Costa,2021-02-16,10475,242970,4946,134052,5529,108918,0,0,4664,118499,5803,62185,4670,180684,California
Contra Costa,2021-02-17,12372,255342,6194,140246,6178,115096,0,0,5657,117459,6699,68884,5659,186343,California
Contra Costa,2021-02-18,11569,266911,6007,146253,5562,120658,0,0,5354,116612,6203,75087,5356,191699,California
Contra Costa,2021-02-19,11570,278481,7218,153471,4352,125010,0,0,5227,115515,6326,81413,5229,196928,California
Contra Costa,2021-02-20,6567,285048,2978,156449,3589,128599,0,0,4624,118217,1926,83339,4628,201556,California
Contra Costa,2021-02-21,2340,287388,1759,158208,581,129180,0,0,1571,119020,768,84107,1571,203127,California
Contra Costa,2021-02-22,7762,295150,5244,163452,2518,131698,0,0,3568,118412,4179,88286,3571,206698,California
Contra Costa,2021-02-23,12254,307404,7533,170985,4721,136419,0,0,6166,118513,6073,94359,6174,212872,California
Contra Costa,2021-02-24,10747,318151,7889,178874,2858,139277,0,0,5219,118226,5509,99868,5222,218094,California
Contra Costa,2021-02-25,11906,330057,7556,186430,4350,143627,0,0,5530,117409,6354,106222,5537,223631,California
Contra Costa,2021-02-26,11120,341177,7023,193453,4097,147724,0,0,5512,117330,5593,111815,5514,229145,California
Contra Costa,2021-02-27,6904,348081,4446,197899,2458,150182,0,0,4331,119098,2565,114380,4333,233478,California
Contra Costa,2021-02-28,4336,352417,3596,201495,739,150921,1,1,3661,122089,672,115052,3663,237141,California
Contra Costa,2021-03-01,8681,361098,6578,208073,2097,153018,6,7,5348,124127,3318,118370,5356,242497,California
Contra Costa,2021-03-02,10692,371790,6843,214916,3848,156866,1,8,5729,124911,4947,123317,5731,248228,California
Contra Costa,2021-03-03,11409,383199,7176,222092,4232,161098,1,9,6434,126387,4960,128277,6436,254664,California
Contra Costa,2021-03-04,11997,395196,7177,229269,4818,165916,2,11,6247,126904,5732,134009,6249,260913,California
Contra Costa,2021-03-05,11509,406705,6916,236185,4586,170502,7,18,6618,128657,4873,138882,6626,267539,California
Contra Costa,2021-03-06,7511,414216,4209,240394,2991,173493,311,329,4917,131303,2580,141462,5226,272765,California
Contra Costa,2021-03-07,3856,418072,2465,242859,1328,174821,63,392,3168,133848,686,142148,3231,275996,California
Contra Costa,2021-03-08,8253,426325,3934,246793,4014,178835,305,697,5545,137008,2695,144843,5855,281851,California
Contra Costa,2021-03-09,11195,437520,5941,252734,4957,183792,297,994,5859,137842,5325,150168,6159,288010,California
Contra Costa,2021-03-10,12471,449991,6232,258966,4739,188531,1500,2494,5677,138227,6781,156949,7166,295176,California
Contra Costa,2021-03-11,12538,462529,6599,265565,5371,193902,568,3062,6396,139070,6119,163068,6962,302138,California
Contra Costa,2021-03-12,12685,475214,5228,270793,6889,200791,568,3630,6311,139593,6352,169420,6875,309013,California
Contra Costa,2021-03-13,7902,483116,3176,273969,4294,205085,432,4062,3112,138361,4770,174190,3538,312551,California
Contra Costa,2021-03-14,4445,487561,2634,276603,1327,206412,484,4546,1696,137800,2740,176930,2179,314730,California
Contra Costa,2021-03-15,9507,497068,5159,281762,3590,210002,758,5304,4703,138478,4783,181713,5461,320191,California
Contra Costa,2021-03-16,14412,511480,8587,290349,5416,215418,409,5713,7121,138740,7266,188979,7528,327719,California
Contra Costa,2021-03-17,15160,526640,10480,300829,4458,219876,222,5935,8484,140802,6649,195628,8711,336430,California
Contra Costa,2021-03-18,15520,542160,8665,309494,6374,226250,481,6416,8581,142961,6902,202530,9061,345491,California
Contra Costa,2021-03-19,15727,557887,9102,318596,5225,231475,1400,7816,8162,144980,7547,210077,9566,355057,California
Contra Costa,2021-03-20,10765,568652,6455,325051,3995,235470,315,8131,5093,144739,5648,215725,5407,360464,California
Contra Costa,2021-03-21,4587,573239,4014,329065,475,235945,98,8229,1785,143830,2791,218516,1882,362346,California
Contra Costa,2021-03-22,11703,584942,8816,337881,2627,238572,260,8489,6810,146021,4876,223392,7067,369413,California
Contra Costa,2021-03-23,15745,600687,10866,348747,4709,243281,170,8659,9057,148591,6658,230050,9228,378641,California
Contra Costa,2021-03-24,15098,615785,11767,360514,3117,246398,214,8873,9135,152013,5929,235979,9351,387992,California
Contra Costa,2021-03-25,15427,631212,12025,372539,3108,249506,294,9167,9427,155768,5962,241941,9717,397709,California
Contra Costa,2021-03-26,15128,646340,10856,383395,3869,253375,403,9570,8687,158439,6413,248354,9084,406793,California
Contra Costa,2021-03-27,10588,656928,6884,390279,3192,256567,512,10082,5619,159605,4957,253311,6123,412916,California
Contra Costa,2021-03-28,4247,661175,3031,393310,1164,257731,52,10134,1614,158650,2621,255932,1666,414582,California
Contra Costa,2021-03-29,10958,672133,8544,401854,2298,260029,116,10250,6954,161737,3986,259918,7073,421655,California
Contra Costa,2021-03-30,16843,688976,9213,411067,6270,266299,1360,11610,10377,167027,6443,266361,11733,433388,California
Contra Costa,2021-03-31,18092,707068,12656,423723,3990,270289,1446,13056,11360,173141,6684,273045,12798,446186,California
Contra Costa,2021-04-01,17629,724697,12299,436022,3938,274227,1392,14448,11413,179761,6180,279225,12800,458986,California
Contra Costa,2021-04-02,17542,742239,12903,448925,3607,277834,1032,15480,11615,186487,5915,285140,12641,471627,California
Contra Costa,2021-04-03,10889,753128,6501,455426,2837,280671,1551,17031,6211,189580,4664,289804,7757,479384,California
Contra Costa,2021-04-04,3357,756485,1330,456756,1426,282097,601,17632,848,188527,2501,292305,1448,480832,California
Contra Costa,2021-04-05,12143,768628,7913,464669,3245,285342,985,18617,6585,190554,5543,297848,7570,488402,California
Contra Costa,2021-04-06,17388,786016,12033,476702,3058,288400,2297,20914,9737,194954,7629,305477,12029,500431,California
Contra Costa,2021-04-07,18639,804655,12610,489312,3201,291601,2828,23742,10558,200314,8059,313536,13419,513850,California
Contra Costa,2021-04-08,18726,823381,12473,501785,3324,294925,2929,26671,10027,204589,8671,322207,12946,526796,California
Contra Costa,2021-04-09,18911,842292,12066,513851,4336,299261,2509,29180,10104,208417,8776,330983,12604,539400,California
Contra Costa,2021-04-10,10594,852886,3836,517687,2192,301453,4566,33746,3311,209017,7262,338245,7862,547262,California
Contra Costa,2021-04-11,3366,856252,2007,519694,694,302147,665,34411,1134,208590,2226,340471,1799,549061,California
Contra Costa,2021-04-12,12026,868278,7928,527622,3018,305165,1080,35491,5655,208977,6354,346825,6741,555802,California
Contra Costa,2021-04-13,17970,886248,11024,538646,6938,312103,8,35499,11984,215016,5958,352783,11997,567799,California
Contra Costa,2021-04-14,17787,904035,11175,549821,6611,318714,1,35500,9880,217019,7883,360666,9886,577685,California
Contra Costa,2021-04-15,17598,921633,10797,560618,6800,325514,1,35501,8157,215791,9411,370077,8183,585868,California
Contra Costa,2021-04-16,17016,938649,10593,571211,6422,331936,1,35502,7690,214192,9298,379375,7699,593567,California
Contra Costa,2021-04-17,11588,950237,6364,577575,5224,337160,0,35502,6257,215146,5310,384685,6264,599831,California
Contra Costa,2021-04-18,2914,953151,2282,579857,632,337792,0,35502,1845,215932,1059,385744,1845,601676,California
Contra Costa,2021-04-19,11520,964671,8596,588453,2924,340716,0,35502,3668,211781,7823,393567,3672,605348,California
Contra Costa,2021-04-20,17011,981682,11087,599540,5924,346640,0,35502,6436,207681,10543,404110,6443,611791,California
Contra Costa,2021-04-21,17823,999505,14571,614111,3251,349891,1,35503,6418,202750,11359,415469,6428,618219,California
Contra Costa,2021-04-22,17339,1016844,14048,628159,3289,353180,2,35505,6131,197722,11170,426639,6142,624361,California
Contra Costa,2021-04-23,17188,1034032,13677,641836,3510,356690,1,35506,5565,191712,11587,438226,5577,629938,California
Contra Costa,2021-04-24,10956,1044988,8440,650276,2515,359205,1,35507,4198,189182,6733,444959,4203,634141,California
Contra Costa,2021-04-25,3288,1048276,2217,652493,1069,360274,2,35509,2076,190053,1211,446170,2082,636223,California
Contra Costa,2021-04-26,10129,1058405,8448,660941,1657,361931,24,35533,3069,186120,7039,453209,3106,639329,California
Contra Costa,2021-04-27,14751,1073156,10780,671721,3793,365724,178,35711,4039,179661,10687,463896,4228,643557,California
Contra Costa,2021-04-28,14341,1087497,11183,682904,2872,368596,286,35997,3862,173373,10443,474339,4155,647712,California
Contra Costa,2021-04-29,13552,1101049,10503,693407,2880,371476,169,36166,3276,166579,10245,484584,3451,651163,California
Contra Costa,2021-04-30,13785,1114834,10849,704256,2679,374155,257,36423,3155,159396,10601,495185,3418,654581,California
Contra Costa,2021-05-01,8039,1122873,5846,710102,1870,376025,323,36746,1915,155538,6096,501281,2238,656819,California
Contra Costa,2021-05-02,2342,1125215,1593,711695,668,376693,81,36827,989,155268,1340,502621,1070,657889,California
Contra Costa,2021-05-03,9135,1134350,8016,719711,943,377636,176,37003,1927,150184,7190,509811,2106,659995,California
Contra Costa,2021-05-04,14206,1148556,12267,731978,1609,379245,330,37333,2311,140960,11865,521676,2641,662636,California
Contra Costa,2021-05-05,12649,1161205,10912,742890,1535,380780,202,37535,2445,133434,10174,531850,2648,665284,California
Contra Costa,2021-05-06,10290,1171495,8541,751431,1412,382192,337,37872,1927,127369,8337,540187,2272,667556,California
Contra Costa,2021-05-07,9646,1181141,7745,759176,1677,383869,224,38096,2220,122417,7392,547579,2440,669996,California
Contra Costa,2021-05-08,5291,1186432,3977,763153,1146,385015,168,38264,1239,119791,4037,551616,1411,671407,California
Contra Costa,2021-05-09,2110,1188542,1781,764934,270,385285,59,38323,424,118597,1679,553295,485,671892,California
Contra Costa,2021-05-10,4925,1193467,3936,768870,769,386054,220,38543,1326,116564,3577,556872,1544,673436,California
Contra Costa,2021-05-11,8772,1202239,4570,773440,3964,390018,238,38781,1706,111469,7046,563918,1951,675387,California
Contra Costa,2021-05-12,9250,1211489,4754,778194,4230,394248,266,39047,1579,105678,7643,571561,1852,677239,California
Contra Costa,2021-05-13,11764,1223253,7846,786040,3731,397979,187,39234,4203,102536,7534,579095,4392,681631,California
Contra Costa,2021-05-14,12246,1235499,8179,794219,3783,401762,284,39518,5003,100607,7214,586309,5285,686916,California
Contra Costa,2021-05-15,10022,1245521,7270,801489,2634,404396,118,39636,4412,99544,5595,591904,4532,691448,California
Contra Costa,2021-05-16,2438,1247959,2128,803617,264,404660,46,39682,1085,99327,1347,593251,1130,692578,California
Contra Costa,2021-05-17,7037,1254996,5669,809286,1196,405856,172,39854,3483,99449,3534,596785,3656,696234,California
Contra Costa,2021-05-18,10222,1265218,6980,816266,3024,408880,218,40072,4419,98316,5773,602558,4640,700874,California
Contra Costa,2021-05-19,8468,1273686,6843,823109,1429,410309,196,40268,3813,97692,4636,607194,4012,704886,California
Contra Costa,2021-05-20,7153,1280839,5636,828745,1330,411639,187,40455,3307,97368,3818,611012,3494,708380,California
Contra Costa,2021-05-21,7063,1287902,5406,834151,1445,413084,212,40667,3184,96944,3852,614864,3428,711808,California
Contra Costa,2021-05-22,5113,1293015,4041,838192,891,413975,181,40848,2485,97005,2603,617467,2664,714472,California
Contra Costa,2021-05-23,1225,1294240,800,838992,369,414344,56,40904,592,97028,625,618092,648,715120,California
Contra Costa,2021-05-24,4667,1298907,3851,842843,641,414985,175,41079,2187,96925,2468,620560,2365,717485,California
Contra Costa,2021-05-25,6269,1305176,5096,847939,922,415907,251,41330,2627,96178,3624,624184,2877,720362,California
Contra Costa,2021-05-26,5616,1310792,3602,851541,1825,417732,189,41519,1926,94624,3668,627852,2114,722476,California
Contra Costa,2021-05-27,3806,1314598,2691,854232,938,418670,177,41696,1599,94237,2192,630044,1805,724281,California
Contra Costa,2021-05-28,5347,1319945,3739,857971,1437,420107,171,41867,2221,93544,3100,633144,2407,726688,California
Contra Costa,2021-05-29,3272,1323217,2126,860097,1029,421136,117,41984,1612,93664,1650,634794,1770,728458,California
Contra Costa,2021-05-30,921,1324138,583,860680,310,421446,28,42012,340,93474,579,635373,389,728847,California
Contra Costa,2021-05-31,385,1324523,264,860944,109,421555,12,42024,127,93357,255,635628,138,728985,California
Contra Costa,2021-06-01,4794,1329317,3564,864508,1085,422640,145,42169,1656,92099,3120,638748,1862,730847,California
Contra Costa,2021-06-02,3424,1332741,2426,866934,853,423493,145,42314,1390,91628,2023,640771,1552,732399,California
Contra Costa,2021-06-03,5403,1338144,4501,871435,787,424280,115,42429,1407,89164,3989,644760,1525,733924,California
Contra Costa,2021-06-04,6353,1344497,5325,876760,890,425170,138,42567,1571,86111,4764,649524,1711,735635,California
Contra Costa,2021-06-05,5181,1349678,4391,881151,678,425848,112,42679,1090,83233,4080,653604,1202,736837,California
Contra Costa,2021-06-06,1349,1351027,1177,882328,142,425990,30,42709,375,82672,969,654573,408,737245,California
Contra Costa,2021-06-07,4914,1355941,4322,886650,492,426482,100,42809,1400,80672,3503,658076,1503,738748,California
Contra Costa,2021-06-08,6088,1362029,5250,891900,715,427197,123,42932,1432,77589,4640,662716,1557,740305,California
Contra Costa,2021-06-09,4845,1366874,4128,896028,570,427767,147,43079,1241,75395,3584,666300,1390,741695,California
Contra Costa,2021-06-10,4767,1371641,4004,900032,597,428364,166,43245,1228,73266,3523,669823,1394,743089,California
Contra Costa,2021-06-11,4835,1376476,3958,903990,678,429042,199,43444,1275,71195,3545,673368,1474,744563,California
Contra Costa,2021-06-12,3159,1379635,2677,906667,415,429457,67,43511,717,69547,2431,675799,783,745346,California
Contra Costa,2021-06-13,1136,1380771,848,907515,180,429637,108,43619,283,69092,846,676645,391,745737,California
Contra Costa,2021-06-14,3874,1384645,3274,910789,471,430108,129,43748,1140,67642,2717,679362,1267,747004,California
Contra Costa,2021-06-15,4167,1388812,3472,914261,534,430642,161,43909,1312,66270,2846,682208,1474,748478,California
Contra Costa,2021-06-16,3463,1392275,2821,917082,459,431101,183,44092,1213,65435,2231,684439,1396,749874,California
Contra Costa,2021-06-17,2758,1395033,2256,919338,376,431477,126,44218,1051,64909,1700,686139,1174,751048,California
Contra Costa,2021-06-18,3671,1398704,3023,922361,457,431934,191,44409,1327,64093,2332,688471,1516,752564,California
Contra Costa,2021-06-19,2021,1400725,1688,924049,229,432163,104,44513,577,63334,1441,689912,682,753246,California
Contra Costa,2021-06-20,784,1401509,657,924706,98,432261,29,44542,330,63242,450,690362,358,753604,California
Contra Costa,2021-06-21,1806,1403315,1378,926084,273,432534,155,44697,975,63547,823,691185,1128,754732,California
Contra Costa,2021-06-22,3029,1406344,2566,928650,322,432856,141,44838,1182,63036,1834,693019,1323,756055,California
Contra Costa,2021-06-23,2545,1408889,2118,930768,326,433182,101,44939,1024,62648,1513,694532,1125,757180,California
Contra Costa,2021-06-24,2239,1411128,1908,932676,218,433400,113,45052,886,62303,1343,695875,998,758178,California
Contra Costa,2021-06-25,1900,1413028,1558,934234,235,433635,107,45159,758,62031,1139,697014,867,759045,California
Del Norte,2020-12-21,23,23,23,23,0,0,0,0,23,23,0,0,23,23,California
Del Norte,2020-12-22,46,69,46,69,0,0,0,0,46,69,0,0,46,69,California
Del Norte,2020-12-23,59,128,48,117,11,11,0,0,57,126,0,0,57,126,California
Del Norte,2020-12-28,34,162,34,151,0,11,0,0,34,160,0,0,34,160,California
Del Norte,2020-12-29,4,166,4,155,0,11,0,0,4,164,0,0,4,164,California
Del Norte,2020-12-30,67,233,55,210,12,23,0,0,68,232,0,0,68,232,California
Del Norte,2020-12-31,16,249,13,223,3,26,0,0,16,248,0,0,16,248,California
Del Norte,2021-01-04,103,352,50,273,53,79,0,0,103,351,0,0,103,351,California
Del Norte,2021-01-05,32,384,0,273,32,111,0,0,32,383,0,0,32,383,California
Del Norte,2021-01-06,77,461,18,291,59,170,0,0,77,460,0,0,77,460,California
Del Norte,2021-01-07,21,482,1,292,20,190,0,0,21,481,0,0,21,481,California
Del Norte,2021-01-08,77,559,7,299,70,260,0,0,77,558,0,0,77,558,California
Del Norte,2021-01-11,40,599,21,320,19,279,0,0,18,555,22,22,19,577,California
Del Norte,2021-01-12,52,651,33,353,19,298,0,0,31,565,21,43,31,608,California
Del Norte,2021-01-13,86,737,40,393,46,344,0,0,53,585,33,76,53,661,California
Del Norte,2021-01-14,53,790,14,407,39,383,0,0,47,626,6,82,47,708,California
Del Norte,2021-01-15,107,897,18,425,89,472,0,0,95,709,12,94,95,803,California
Del Norte,2021-01-17,1,898,1,426,0,472,0,0,1,710,0,94,1,804,California
Del Norte,2021-01-18,2,900,0,426,2,474,0,0,2,712,0,94,2,806,California
Del Norte,2021-01-19,119,1019,56,482,63,537,0,0,77,747,42,136,77,883,California
Del Norte,2021-01-20,160,1179,85,567,75,612,0,0,97,781,63,199,97,980,California
Del Norte,2021-01-21,43,1222,40,607,3,615,0,0,32,802,11,210,32,1012,California
Del Norte,2021-01-22,19,1241,17,624,2,617,0,0,12,807,7,217,12,1024,California
Del Norte,2021-01-23,1,1242,0,624,1,618,0,0,1,808,0,217,1,1025,California
Del Norte,2021-01-24,1,1243,0,624,1,619,0,0,1,809,0,217,1,1026,California
Del Norte,2021-01-25,101,1344,83,707,18,637,0,0,56,820,45,262,56,1082,California
Del Norte,2021-01-26,18,1362,11,718,7,644,0,0,7,816,11,273,7,1089,California
Del Norte,2021-01-27,64,1426,21,739,43,687,0,0,61,874,3,276,61,1150,California
Del Norte,2021-01-28,293,1719,20,759,273,960,0,0,288,1157,5,281,288,1438,California
Del Norte,2021-01-29,64,1783,23,782,41,1001,0,0,44,1181,20,301,44,1482,California
Del Norte,2021-01-30,8,1791,1,783,7,1008,0,0,8,1189,0,301,8,1490,California
Del Norte,2021-02-01,41,1832,1,784,40,1048,0,0,26,1200,15,316,26,1516,California
Del Norte,2021-02-02,142,1974,35,819,107,1155,0,0,73,1206,68,384,74,1590,California
Del Norte,2021-02-03,129,2103,42,861,87,1242,0,0,74,1225,55,439,74,1664,California
Del Norte,2021-02-04,70,2173,28,889,42,1284,0,0,41,1236,30,469,41,1705,California
Del Norte,2021-02-05,184,2357,22,911,162,1446,0,0,119,1291,64,533,119,1824,California
Del Norte,2021-02-06,311,2668,5,916,306,1752,0,0,311,1602,0,533,311,2135,California
Del Norte,2021-02-07,2,2670,1,917,1,1753,0,0,2,1604,0,533,2,2137,California
Del Norte,2021-02-08,35,2705,1,918,34,1787,0,0,31,1631,4,537,31,2168,California
Del Norte,2021-02-09,8,2713,5,923,3,1790,0,0,2,1627,6,543,2,2170,California
Del Norte,2021-02-10,143,2856,20,943,123,1913,0,0,86,1657,56,599,86,2256,California
Del Norte,2021-02-11,178,3034,59,1002,119,2032,0,0,64,1607,114,713,64,2320,California
Del Norte,2021-02-12,122,3156,14,1016,108,2140,0,0,68,1621,54,767,68,2388,California
Del Norte,2021-02-13,2,3158,1,1017,1,2141,0,0,2,1623,0,767,2,2390,California
Del Norte,2021-02-14,3,3161,1,1018,2,2143,0,0,2,1624,1,768,2,2392,California
Del Norte,2021-02-15,5,3166,0,1018,5,2148,0,0,3,1625,2,770,3,2395,California
Del Norte,2021-02-16,132,3298,1,1019,131,2279,0,0,13,1519,119,889,13,2408,California
Del Norte,2021-02-17,93,3391,20,1039,73,2352,0,0,25,1477,67,956,25,2433,California
Del Norte,2021-02-18,77,3468,24,1063,53,2405,0,0,51,1502,26,982,51,2484,California
Del Norte,2021-02-19,43,3511,17,1080,26,2431,0,0,33,1525,10,992,33,2517,California
Del Norte,2021-02-20,9,3520,6,1086,3,2434,0,0,6,1528,3,995,6,2523,California
Del Norte,2021-02-22,2,3522,0,1086,2,2436,0,0,2,1530,0,995,2,2525,California
Del Norte,2021-02-23,107,3629,89,1175,18,2454,0,0,31,1486,75,1070,31,2556,California
Del Norte,2021-02-24,155,3784,100,1275,55,2509,0,0,80,1491,75,1145,80,2636,California
Del Norte,2021-02-25,479,4263,131,1406,348,2857,0,0,214,1442,263,1408,214,2850,California
Del Norte,2021-02-26,213,4476,177,1583,36,2893,0,0,166,1561,47,1455,166,3016,California
Del Norte,2021-02-27,150,4626,144,1727,5,2898,1,1,141,1694,9,1464,142,3158,California
Del Norte,2021-02-28,4,4630,1,1728,3,2901,0,1,3,1696,1,1465,3,3161,California
Del Norte,2021-03-01,28,4658,2,1730,26,2927,0,1,4,1677,23,1488,4,3165,California
Del Norte,2021-03-02,222,4880,142,1872,80,3007,0,1,188,1831,34,1522,188,3353,California
Del Norte,2021-03-03,176,5056,107,1979,69,3076,0,1,134,1923,42,1564,134,3487,California
Del Norte,2021-03-04,120,5176,83,2062,37,3113,0,1,91,1986,28,1592,91,3578,California
Del Norte,2021-03-05,122,5298,11,2073,111,3224,0,1,74,2012,48,1640,74,3652,California
Del Norte,2021-03-06,465,5763,77,2150,339,3563,49,50,163,1880,302,1942,170,3822,California
Del Norte,2021-03-07,2,5765,1,2151,1,3564,0,50,1,1880,1,1943,1,3823,California
Del Norte,2021-03-08,29,5794,1,2152,26,3590,2,52,6,1866,22,1965,8,3831,California
Del Norte,2021-03-09,194,5988,113,2265,78,3668,3,55,183,2041,11,1976,186,4017,California
Del Norte,2021-03-10,235,6223,96,2361,111,3779,28,83,134,2102,101,2077,162,4179,California
Del Norte,2021-03-11,151,6374,55,2416,91,3870,5,88,103,2162,48,2125,108,4287,California
Del Norte,2021-03-12,177,6551,88,2504,89,3959,0,88,124,2233,53,2178,124,4411,California
Del Norte,2021-03-13,94,6645,93,2597,1,3960,0,88,91,2321,3,2181,91,4502,California
Del Norte,2021-03-14,1,6646,0,2597,1,3961,0,88,1,2321,1,2182,1,4503,California
Del Norte,2021-03-15,38,6684,0,2597,38,3999,0,88,34,2351,4,2186,34,4537,California
Del Norte,2021-03-16,282,6966,135,2732,147,4146,0,88,261,2591,21,2207,261,4798,California
Del Norte,2021-03-17,284,7250,95,2827,187,4333,2,90,170,2649,114,2321,172,4970,California
Del Norte,2021-03-18,284,7534,107,2934,175,4508,2,92,149,2666,134,2455,151,5121,California
Del Norte,2021-03-19,270,7804,160,3094,104,4612,6,98,92,2586,178,2633,98,5219,California
Del Norte,2021-03-20,157,7961,154,3248,3,4615,0,98,15,2459,142,2775,15,5234,California
Del Norte,2021-03-21,4,7965,2,3250,2,4617,0,98,2,2459,2,2777,2,5236,California
Del Norte,2021-03-22,43,8008,3,3253,39,4656,1,99,39,2496,3,2780,40,5276,California
Del Norte,2021-03-23,335,8343,164,3417,153,4809,18,117,164,2508,169,2949,181,5457,California
Del Norte,2021-03-24,397,8740,107,3524,250,5059,40,157,229,2609,168,3117,269,5726,California
Del Norte,2021-03-25,193,8933,88,3612,105,5164,0,157,85,2587,107,3224,85,5811,California
Del Norte,2021-03-26,234,9167,113,3725,121,5285,0,157,197,2747,37,3261,197,6008,California
Del Norte,2021-03-27,107,9274,86,3811,4,5289,17,174,17,2691,90,3351,34,6042,California
Del Norte,2021-03-28,4,9278,2,3813,2,5291,0,174,1,2689,3,3354,1,6043,California
Del Norte,2021-03-29,57,9335,6,3819,34,5325,17,191,32,2713,25,3379,49,6092,California
Del Norte,2021-03-30,338,9673,119,3938,208,5533,11,202,126,2638,212,3591,137,6229,California
Del Norte,2021-03-31,356,10029,101,4039,238,5771,17,219,200,2701,154,3745,217,6446,California
Del Norte,2021-04-01,164,10193,58,4097,72,5843,34,253,69,2710,94,3839,103,6549,California
Del Norte,2021-04-02,232,10425,78,4175,105,5948,49,302,49,2626,183,4022,99,6648,California
Del Norte,2021-04-03,108,10533,83,4258,2,5950,23,325,5,2552,102,4124,28,6676,California
Del Norte,2021-04-04,4,10537,0,4258,0,5950,4,329,0,2552,4,4128,4,6680,California
Del Norte,2021-04-05,47,10584,5,4263,38,5988,4,333,40,2589,7,4135,44,6724,California
Del Norte,2021-04-06,381,10965,120,4383,223,6211,38,371,146,2543,231,4366,185,6909,California
Del Norte,2021-04-07,438,11403,115,4498,261,6472,62,433,289,2746,149,4515,352,7261,California
Del Norte,2021-04-08,229,11632,54,4552,106,6578,69,502,105,2796,124,4639,174,7435,California
Del Norte,2021-04-09,207,11839,47,4599,83,6661,77,579,100,2865,106,4745,175,7610,California
Del Norte,2021-04-10,47,11886,26,4625,4,6665,17,596,27,2889,20,4765,44,7654,California
Del Norte,2021-04-11,12,11898,3,4628,2,6667,7,603,2,2888,10,4775,9,7663,California
Del Norte,2021-04-12,27,11925,1,4629,9,6676,17,620,1,2881,25,4800,18,7681,California
Del Norte,2021-04-13,299,12224,50,4679,249,6925,0,620,155,2892,144,4944,155,7836,California
Del Norte,2021-04-14,331,12555,23,4702,308,7233,0,620,139,2844,192,5136,144,7980,California
Del Norte,2021-04-15,164,12719,31,4733,133,7366,0,620,45,2771,119,5255,46,8026,California
Del Norte,2021-04-16,162,12881,40,4773,122,7488,0,620,60,2730,102,5357,61,8087,California
Del Norte,2021-04-17,108,12989,76,4849,32,7520,0,620,102,2826,6,5363,102,8189,California
Del Norte,2021-04-18,6,12995,5,4854,1,7521,0,620,5,2830,1,5364,5,8194,California
Del Norte,2021-04-19,51,13046,6,4860,45,7566,0,620,9,2797,42,5406,9,8203,California
Del Norte,2021-04-20,209,13255,40,4900,169,7735,0,620,74,2736,135,5541,74,8277,California
Del Norte,2021-04-21,293,13548,23,4923,270,8005,0,620,68,2582,225,5766,71,8348,California
Del Norte,2021-04-22,116,13664,16,4939,100,8105,0,620,63,2592,53,5819,63,8411,California
Del Norte,2021-04-23,155,13819,22,4961,133,8238,0,620,41,2519,114,5933,41,8452,California
Del Norte,2021-04-24,25,13844,14,4975,11,8249,0,620,20,2534,5,5938,20,8472,California
Del Norte,2021-04-25,2,13846,0,4975,2,8251,0,620,2,2536,0,5938,2,8474,California
Del Norte,2021-04-26,31,13877,0,4975,31,8282,0,620,9,2523,22,5960,9,8483,California
Del Norte,2021-04-27,181,14058,21,4996,155,8437,5,625,50,2448,131,6091,56,8539,California
Del Norte,2021-04-28,351,14409,100,5096,246,8683,5,630,63,2230,287,6378,69,8608,California
Del Norte,2021-04-29,93,14502,6,5102,83,8766,4,634,26,2193,67,6445,30,8638,California
Del Norte,2021-04-30,86,14588,7,5109,69,8835,10,644,46,2209,40,6485,56,8694,California
Del Norte,2021-05-01,7,14595,2,5111,5,8840,0,644,5,2212,2,6487,5,8699,California
Del Norte,2021-05-02,8,14603,0,5111,8,8848,0,644,8,2220,0,6487,8,8707,California
Del Norte,2021-05-03,40,14643,3,5114,34,8882,3,647,2,2188,37,6524,5,8712,California
Del Norte,2021-05-04,222,14865,36,5150,181,9063,5,652,47,2065,175,6699,52,8764,California
Del Norte,2021-05-05,234,15099,20,5170,206,9269,8,660,59,1958,174,6873,67,8831,California
Del Norte,2021-05-06,113,15212,26,5196,74,9343,13,673,26,1910,87,6960,39,8870,California
Del Norte,2021-05-07,151,15363,28,5224,119,9462,4,677,31,1825,120,7080,35,8905,California
Del Norte,2021-05-08,65,15428,55,5279,8,9470,2,679,7,1776,58,7138,9,8914,California
Del Norte,2021-05-09,10,15438,4,5283,3,9473,3,682,2,1773,8,7146,5,8919,California
Del Norte,2021-05-10,24,15462,3,5286,17,9490,4,686,14,1781,10,7156,18,8937,California
Del Norte,2021-05-11,172,15634,50,5336,120,9610,2,688,33,1677,139,7295,35,8972,California
Del Norte,2021-05-12,150,15784,23,5359,117,9727,10,698,27,1592,122,7417,37,9009,California
Del Norte,2021-05-13,69,15853,31,5390,37,9764,1,699,39,1602,30,7447,40,9049,California
Del Norte,2021-05-14,76,15929,26,5416,49,9813,1,700,41,1609,35,7482,42,9091,California
Del Norte,2021-05-15,96,16025,53,5469,37,9850,6,706,53,1625,43,7525,59,9150,California
Del Norte,2021-05-16,11,16036,0,5469,11,9861,0,706,11,1636,0,7525,11,9161,California
Del Norte,2021-05-17,26,16062,3,5472,20,9881,3,709,15,1643,11,7536,18,9179,California
Del Norte,2021-05-18,129,16191,69,5541,60,9941,0,709,81,1676,48,7584,81,9260,California
Del Norte,2021-05-19,97,16288,14,5555,66,10007,17,726,35,1665,62,7646,51,9311,California
Del Norte,2021-05-20,100,16388,33,5588,64,10071,3,729,41,1651,58,7704,44,9355,California
Del Norte,2021-05-21,81,16469,34,5622,44,10115,3,732,44,1661,37,7741,47,9402,California
Del Norte,2021-05-22,24,16493,8,5630,16,10131,0,732,11,1660,12,7753,11,9413,California
Del Norte,2021-05-23,14,16507,5,5635,9,10140,0,732,7,1660,7,7760,7,9420,California
Del Norte,2021-05-24,25,16532,9,5644,16,10156,0,732,16,1667,9,7769,16,9436,California
Del Norte,2021-05-25,46,16578,5,5649,35,10191,6,738,16,1662,27,7796,22,9458,California
Del Norte,2021-05-26,117,16695,36,5685,74,10265,7,745,54,1661,62,7858,61,9519,California
Del Norte,2021-05-27,72,16767,27,5712,41,10306,4,749,34,1661,38,7896,38,9557,California
Del Norte,2021-05-28,52,16819,7,5719,37,10343,8,757,8,1633,44,7940,16,9573,California
Del Norte,2021-05-29,8,16827,0,5719,4,10347,4,761,3,1635,5,7945,7,9580,California
Del Norte,2021-05-30,6,16833,0,5719,6,10353,0,761,1,1631,5,7950,1,9581,California
Del Norte,2021-05-31,4,16837,2,5721,2,10355,0,761,3,1633,1,7951,3,9584,California
Del Norte,2021-06-01,52,16889,6,5727,39,10394,7,768,11,1610,41,7992,18,9602,California
Del Norte,2021-06-02,84,16973,11,5738,68,10462,5,773,19,1569,65,8057,24,9626,California
Del Norte,2021-06-03,61,17034,36,5774,23,10485,2,775,27,1564,34,8091,29,9655,California
Del Norte,2021-06-04,71,17105,25,5799,41,10526,5,780,20,1538,51,8142,25,9680,California
Del Norte,2021-06-05,1,17106,0,5799,1,10527,0,780,0,1537,1,8143,0,9680,California
Del Norte,2021-06-06,10,17116,4,5803,4,10531,2,782,7,1543,3,8146,9,9689,California
Del Norte,2021-06-07,40,17156,9,5812,26,10557,5,787,15,1538,25,8171,20,9709,California
Del Norte,2021-06-08,112,17268,81,5893,26,10583,5,792,33,1497,79,8250,38,9747,California
Del Norte,2021-06-09,58,17326,11,5904,40,10623,7,799,16,1479,42,8292,24,9771,California
Del Norte,2021-06-10,57,17383,27,5931,23,10646,7,806,12,1454,44,8336,19,9790,California
Del Norte,2021-06-11,59,17442,23,5954,27,10673,9,815,13,1430,46,8382,22,9812,California
Del Norte,2021-06-12,17,17459,3,5957,11,10684,3,818,2,1420,15,8397,5,9817,California
Del Norte,2021-06-13,61,17520,43,6000,13,10697,5,823,13,1390,48,8445,18,9835,California
Del Norte,2021-06-14,37,17557,15,6015,18,10715,4,827,15,1388,21,8466,19,9854,California
Del Norte,2021-06-15,38,17595,9,6024,21,10736,8,835,5,1368,33,8499,13,9867,California
Del Norte,2021-06-16,99,17694,38,6062,50,10786,11,846,22,1324,77,8576,33,9900,California
Del Norte,2021-06-17,31,17725,13,6075,15,10801,3,849,7,1310,24,8600,10,9910,California
Del Norte,2021-06-18,48,17773,22,6097,21,10822,5,854,19,1305,29,8629,24,9934,California
Del Norte,2021-06-19,11,17784,0,6097,7,10829,4,858,3,1304,8,8637,7,9941,California
Del Norte,2021-06-20,13,17797,9,6106,4,10833,0,858,8,1307,5,8642,8,9949,California
Del Norte,2021-06-21,24,17821,9,6115,10,10843,5,863,10,1308,14,8656,15,9964,California
Del Norte,2021-06-22,38,17859,9,6124,18,10861,11,874,14,1309,24,8680,25,9989,California
Del Norte,2021-06-23,67,17926,32,6156,30,10891,5,879,31,1309,36,8716,36,10025,California
Del Norte,2021-06-24,42,17968,27,6183,10,10901,5,884,17,1306,25,8741,22,10047,California
Del Norte,2021-06-25,19,17987,9,6192,8,10909,2,886,9,1307,10,8751,11,10058,California
El Dorado,2020-12-15,12,12,12,12,0,0,0,0,12,12,0,0,12,12,California
El Dorado,2020-12-16,40,52,40,52,0,0,0,0,40,52,0,0,40,52,California
El Dorado,2020-12-17,33,85,33,85,0,0,0,0,33,85,0,0,33,85,California
El Dorado,2020-12-18,262,347,262,347,0,0,0,0,262,347,0,0,262,347,California
El Dorado,2020-12-19,118,465,118,465,0,0,0,0,118,465,0,0,118,465,California
El Dorado,2020-12-20,87,552,87,552,0,0,0,0,87,552,0,0,87,552,California
El Dorado,2020-12-21,311,863,310,862,1,1,0,0,311,863,0,0,311,863,California
El Dorado,2020-12-22,239,1102,215,1077,24,25,0,0,239,1102,0,0,239,1102,California
El Dorado,2020-12-23,190,1292,141,1218,49,74,0,0,190,1292,0,0,190,1292,California
El Dorado,2020-12-24,86,1378,65,1283,21,95,0,0,86,1378,0,0,86,1378,California
El Dorado,2020-12-25,8,1386,8,1291,0,95,0,0,8,1386,0,0,8,1386,California
El Dorado,2020-12-26,45,1431,27,1318,18,113,0,0,45,1431,0,0,45,1431,California
El Dorado,2020-12-27,38,1469,34,1352,4,117,0,0,38,1469,0,0,38,1469,California
El Dorado,2020-12-28,218,1687,169,1521,49,166,0,0,218,1687,0,0,218,1687,California
El Dorado,2020-12-29,462,2149,145,1666,317,483,0,0,462,2149,0,0,462,2149,California
El Dorado,2020-12-30,510,2659,139,1805,371,854,0,0,510,2659,0,0,510,2659,California
El Dorado,2020-12-31,110,2769,70,1875,40,894,0,0,110,2769,0,0,110,2769,California
El Dorado,2021-01-01,7,2776,4,1879,3,897,0,0,7,2776,0,0,7,2776,California
El Dorado,2021-01-02,153,2929,141,2020,12,909,0,0,153,2929,0,0,153,2929,California
El Dorado,2021-01-03,94,3023,18,2038,76,985,0,0,94,3023,0,0,94,3023,California
El Dorado,2021-01-04,192,3215,61,2099,131,1116,0,0,192,3215,0,0,192,3215,California
El Dorado,2021-01-05,230,3445,74,2173,156,1272,0,0,212,3409,18,18,212,3427,California
El Dorado,2021-01-06,243,3688,168,2341,75,1347,0,0,177,3521,65,83,177,3604,California
El Dorado,2021-01-07,338,4026,138,2479,200,1547,0,0,260,3703,78,161,260,3864,California
El Dorado,2021-01-08,992,5018,512,2991,480,2027,0,0,766,4244,226,387,767,4631,California
El Dorado,2021-01-09,198,5216,160,3151,38,2065,0,0,127,4300,71,458,127,4758,California
El Dorado,2021-01-10,180,5396,131,3282,49,2114,0,0,109,4339,71,529,110,4868,California
El Dorado,2021-01-11,661,6057,295,3577,366,2480,0,0,460,4600,200,729,461,5329,California
El Dorado,2021-01-12,810,6867,426,4003,384,2864,0,0,559,4908,251,980,559,5888,California
El Dorado,2021-01-13,705,7572,300,4303,405,3269,0,0,541,5285,164,1144,541,6429,California
El Dorado,2021-01-14,796,8368,221,4524,575,3844,0,0,701,5891,95,1239,701,7130,California
El Dorado,2021-01-15,797,9165,190,4714,607,4451,0,0,723,6540,74,1313,723,7853,California
El Dorado,2021-01-16,173,9338,102,4816,71,4522,0,0,146,6659,27,1340,146,7999,California
El Dorado,2021-01-17,107,9445,50,4866,57,4579,0,0,89,6730,18,1358,89,8088,California
El Dorado,2021-01-18,427,9872,143,5009,284,4863,0,0,353,7009,74,1432,353,8441,California
El Dorado,2021-01-19,753,10625,451,5460,302,5165,0,0,602,7461,151,1583,603,9044,California
El Dorado,2021-01-20,1014,11639,691,6151,323,5488,0,0,900,8248,113,1696,900,9944,California
El Dorado,2021-01-21,1270,12909,682,6833,588,6076,0,0,1062,9143,167,1863,1062,11006,California
El Dorado,2021-01-22,1241,14150,840,7673,401,6477,0,0,1183,10269,57,1920,1183,12189,California
El Dorado,2021-01-23,880,15030,622,8295,258,6735,0,0,764,10917,116,2036,764,12953,California
El Dorado,2021-01-24,128,15158,78,8373,50,6785,0,0,108,11005,20,2056,108,13061,California
El Dorado,2021-01-25,698,15856,292,8665,406,7191,0,0,610,11527,88,2144,610,13671,California
El Dorado,2021-01-26,685,16541,370,9035,315,7506,0,0,577,11996,108,2252,577,14248,California
El Dorado,2021-01-27,995,17536,392,9427,603,8109,0,0,656,12312,340,2592,656,14904,California
El Dorado,2021-01-28,1111,18647,454,9881,657,8766,0,0,749,12699,362,2954,749,15653,California
El Dorado,2021-01-29,1045,19692,557,10438,488,9254,0,0,753,13162,291,3245,754,16407,California
El Dorado,2021-01-30,839,20531,293,10731,546,9800,0,0,742,13808,96,3341,742,17149,California
El Dorado,2021-01-31,234,20765,211,10942,23,9823,0,0,183,13940,51,3392,183,17332,California
El Dorado,2021-02-01,801,21566,369,11311,432,10255,0,0,652,14443,149,3541,652,17984,California
El Dorado,2021-02-02,851,22417,369,11680,482,10737,0,0,685,14962,166,3707,685,18669,California
El Dorado,2021-02-03,906,23323,477,12157,429,11166,0,0,693,15442,213,3920,693,19362,California
El Dorado,2021-02-04,1252,24575,707,12864,545,11711,0,0,869,15930,381,4301,869,20231,California
El Dorado,2021-02-05,1501,26076,606,13470,895,12606,0,0,866,16198,598,4899,866,21097,California
El Dorado,2021-02-06,639,26715,334,13804,305,12911,0,0,532,16624,107,5006,533,21630,California
El Dorado,2021-02-07,262,26977,180,13984,82,12993,0,0,196,16754,66,5072,196,21826,California
El Dorado,2021-02-08,882,27859,418,14402,464,13457,0,0,606,17084,276,5348,606,22432,California
El Dorado,2021-02-09,978,28837,549,14951,429,13886,0,0,545,17196,433,5781,545,22977,California
El Dorado,2021-02-10,1269,30106,743,15694,526,14412,0,0,669,17266,599,6380,669,23646,California
El Dorado,2021-02-11,2168,32274,897,16591,1271,15683,0,0,755,16612,1410,7790,756,24402,California
El Dorado,2021-02-12,1583,33857,831,17422,752,16435,0,0,675,16381,907,8697,676,25078,California
El Dorado,2021-02-13,984,34841,673,18095,311,16746,0,0,436,16272,545,9242,436,25514,California
El Dorado,2021-02-14,492,35333,157,18252,335,17081,0,0,400,16580,92,9334,400,25914,California
El Dorado,2021-02-15,1179,36512,386,18638,793,17874,0,0,819,17043,360,9694,823,26737,California
El Dorado,2021-02-16,1207,37719,529,19167,678,18552,0,0,669,17176,537,10231,670,27407,California
El Dorado,2021-02-17,957,38676,423,19590,534,19086,0,0,464,17149,493,10724,466,27873,California
El Dorado,2021-02-18,2110,40786,1031,20621,1079,20165,0,0,1072,17184,1037,11761,1072,28945,California
El Dorado,2021-02-19,1227,42013,657,21278,570,20735,0,0,687,17332,539,12300,687,29632,California
El Dorado,2021-02-20,953,42966,460,21738,493,21228,0,0,681,17747,266,12566,681,30313,California
El Dorado,2021-02-21,293,43259,235,21973,58,21286,0,0,105,17664,188,12754,105,30418,California
El Dorado,2021-02-22,884,44143,444,22417,440,21726,0,0,276,17333,607,13361,276,30694,California
El Dorado,2021-02-23,862,45005,482,22899,380,22106,0,0,352,17176,509,13870,352,31046,California
El Dorado,2021-02-24,1040,46045,447,23346,593,22699,0,0,436,17008,604,14474,436,31482,California
El Dorado,2021-02-25,1922,47967,1150,24496,772,23471,0,0,698,16493,1217,15691,702,32184,California
El Dorado,2021-02-26,2405,50372,1505,26001,900,24371,0,0,1619,17329,783,16474,1619,33803,California
El Dorado,2021-02-27,1690,52062,448,26449,1242,25613,0,0,1241,18124,446,16920,1241,35044,California
El Dorado,2021-02-28,666,52728,230,26679,436,26049,0,0,498,18455,168,17088,499,35543,California
El Dorado,2021-03-01,1164,53892,468,27147,694,26743,2,2,643,18580,520,17608,645,36188,California
El Dorado,2021-03-02,939,54831,273,27420,665,27408,1,3,492,18629,445,18053,494,36682,California
El Dorado,2021-03-03,1711,56542,470,27890,1241,28649,0,3,1165,19257,539,18592,1167,37849,California
El Dorado,2021-03-04,2522,59064,1550,29440,972,29621,0,3,1200,19140,1318,19910,1201,39050,California
El Dorado,2021-03-05,1591,60655,432,29872,1154,30775,5,8,1053,19666,532,20442,1058,40108,California
El Dorado,2021-03-06,742,61397,216,30088,491,31266,35,43,392,19744,349,20791,427,40535,California
El Dorado,2021-03-07,411,61808,200,30288,192,31458,19,62,245,19844,164,20955,264,40799,California
El Dorado,2021-03-08,1334,63142,370,30658,891,32349,73,135,862,20309,469,21424,934,41733,California
El Dorado,2021-03-09,992,64134,231,30889,692,33041,69,204,589,20579,388,21812,658,42391,California
El Dorado,2021-03-10,958,65092,349,31238,553,33594,56,260,552,20786,400,22212,607,42998,California
El Dorado,2021-03-11,3034,68126,1839,33077,1011,34605,184,444,1291,20536,1722,23934,1472,44470,California
El Dorado,2021-03-12,1802,69928,626,33703,933,35538,243,687,748,20491,1036,24970,991,45461,California
El Dorado,2021-03-13,1071,70999,347,34050,441,35979,283,970,371,20445,697,25667,651,46112,California
El Dorado,2021-03-14,798,71797,207,34257,480,36459,111,1081,276,20310,522,26189,387,46499,California
El Dorado,2021-03-15,1397,73194,304,34561,968,37427,125,1206,608,20259,785,26974,734,47233,California
El Dorado,2021-03-16,1226,74420,417,34978,665,38092,144,1350,563,20309,658,27632,708,47941,California
El Dorado,2021-03-17,1149,75569,362,35340,691,38783,96,1446,749,20753,399,28031,843,48784,California
El Dorado,2021-03-18,3016,78585,1785,37125,1186,39969,45,1491,1983,21756,1025,29056,2028,50812,California
El Dorado,2021-03-19,1126,79711,365,37490,610,40579,151,1642,628,22037,497,29553,778,51590,California
El Dorado,2021-03-20,950,80661,270,37760,664,41243,16,1658,367,21849,571,30124,383,51973,California
El Dorado,2021-03-21,1032,81693,424,38184,603,41846,5,1663,920,22664,110,30234,925,52898,California
El Dorado,2021-03-22,1514,83207,494,38678,938,42784,82,1745,1190,23617,319,30553,1272,54170,California
El Dorado,2021-03-23,1159,84366,458,39136,606,43390,95,1840,735,24035,412,30965,830,55000,California
El Dorado,2021-03-24,1463,85829,628,39764,642,44032,193,2033,661,24114,775,31740,854,55854,California
El Dorado,2021-03-25,2523,88352,1690,41454,729,44761,104,2137,1374,24451,1142,32882,1479,57333,California
El Dorado,2021-03-26,1829,90181,698,42152,1021,45782,110,2247,930,24616,876,33758,1041,58374,California
El Dorado,2021-03-27,1327,91508,189,42341,1133,46915,5,2252,319,23938,1002,34760,324,58698,California
El Dorado,2021-03-28,639,92147,183,42524,446,47361,10,2262,168,23649,467,35227,178,58876,California
El Dorado,2021-03-29,1317,93464,432,42956,869,48230,16,2278,821,23993,493,35720,837,59713,California
El Dorado,2021-03-30,1366,94830,416,43372,857,49087,93,2371,680,24086,678,36398,771,60484,California
El Dorado,2021-03-31,1570,96400,587,43959,918,50005,65,2436,692,23965,875,37273,754,61238,California
El Dorado,2021-04-01,3250,99650,1776,45735,1391,51396,83,2519,1542,23887,1704,38977,1626,62864,California
El Dorado,2021-04-02,1900,101550,565,46300,1238,52634,97,2616,749,23588,1145,40122,846,63710,California
El Dorado,2021-04-03,753,102303,298,46598,334,52968,121,2737,232,23422,518,40640,352,64062,California
El Dorado,2021-04-04,273,102576,85,46683,140,53108,48,2785,98,23394,174,40814,146,64208,California
El Dorado,2021-04-05,1423,103999,423,47106,906,54014,94,2879,592,23254,825,41639,685,64893,California
El Dorado,2021-04-06,1414,105413,525,47631,670,54684,219,3098,451,22963,958,42597,667,65560,California
El Dorado,2021-04-07,1591,107004,559,48190,583,55267,449,3547,560,22941,1028,43625,1006,66566,California
El Dorado,2021-04-08,2694,109698,1729,49919,729,55996,236,3783,1113,22717,1572,45197,1348,67914,California
El Dorado,2021-04-09,1448,111146,459,50378,768,56764,221,4004,576,22641,869,46066,793,68707,California
El Dorado,2021-04-10,826,111972,227,50605,487,57251,112,4116,477,22883,346,46412,588,69295,California
El Dorado,2021-04-11,704,112676,454,51059,234,57485,16,4132,208,22612,495,46907,224,69519,California
El Dorado,2021-04-12,1289,113965,503,51562,637,58122,149,4281,564,22606,718,47625,712,70231,California
El Dorado,2021-04-13,1122,115087,610,52172,512,58634,0,4281,507,22502,611,48236,507,70738,California
El Dorado,2021-04-14,1100,116187,466,52638,633,59267,1,4282,379,22175,707,48943,380,71118,California
El Dorado,2021-04-15,2526,118713,1696,54334,830,60097,0,4282,962,21579,1559,50502,963,72081,California
El Dorado,2021-04-16,1472,120185,522,54856,950,61047,0,4282,608,21328,860,51362,609,72690,California
El Dorado,2021-04-17,800,120985,203,55059,597,61644,0,4282,498,21528,299,51661,499,73189,California
El Dorado,2021-04-18,1070,122055,119,55178,951,62595,0,4282,425,21309,644,52305,425,73614,California
El Dorado,2021-04-19,1737,123792,443,55621,1294,63889,0,4282,697,20972,1034,53339,697,74311,California
El Dorado,2021-04-20,1148,124940,393,56014,755,64644,0,4282,478,20786,665,54004,479,74790,California
El Dorado,2021-04-21,1236,126176,535,56549,697,65341,4,4286,636,20832,592,54596,638,75428,California
El Dorado,2021-04-22,2581,128757,1713,58262,868,66209,0,4286,1074,20404,1503,56099,1075,76503,California
El Dorado,2021-04-23,1432,130189,518,58780,914,67123,0,4286,726,20428,703,56802,727,77230,California
El Dorado,2021-04-24,974,131163,521,59301,453,67576,0,4286,738,20932,234,57036,738,77968,California
El Dorado,2021-04-25,655,131818,448,59749,207,67783,0,4286,468,21213,187,57223,468,78436,California
El Dorado,2021-04-26,1202,133020,491,60240,694,68477,17,4303,567,21166,630,57853,583,79019,California
El Dorado,2021-04-27,1136,134156,431,60671,667,69144,38,4341,509,21093,620,58473,547,79566,California
El Dorado,2021-04-28,1086,135242,374,61045,672,69816,40,4381,442,20932,643,59116,482,80048,California
El Dorado,2021-04-29,2006,137248,1378,62423,596,70412,32,4413,598,20157,1405,60521,630,80678,California
El Dorado,2021-04-30,2141,139389,1353,63776,747,71159,41,4454,1368,20804,761,61282,1408,82086,California
El Dorado,2021-05-01,619,140008,285,64061,306,71465,28,4482,276,20772,336,61618,304,82390,California
El Dorado,2021-05-02,301,140309,214,64275,58,71523,29,4511,100,20702,198,61816,128,82518,California
El Dorado,2021-05-03,826,141135,403,64678,373,71896,50,4561,281,20493,541,62357,332,82850,California
El Dorado,2021-05-04,911,142046,460,65138,391,72287,60,4621,326,20298,581,62938,386,83236,California
El Dorado,2021-05-05,904,142950,451,65589,379,72666,74,4695,436,20342,466,63404,510,83746,California
El Dorado,2021-05-06,1121,144071,489,66078,584,73250,48,4743,477,20225,638,64042,521,84267,California
El Dorado,2021-05-07,982,145053,377,66455,546,73796,59,4802,401,20103,581,64623,459,84726,California
El Dorado,2021-05-08,484,145537,149,66604,298,74094,37,4839,185,20028,297,64920,222,84948,California
El Dorado,2021-05-09,221,145758,82,66686,112,74206,27,4866,97,20029,123,65043,124,85072,California
El Dorado,2021-05-10,828,146586,276,66962,494,74700,58,4924,240,19747,578,65621,296,85368,California
El Dorado,2021-05-11,685,147271,298,67260,325,75025,62,4986,282,19692,400,66021,345,85713,California
El Dorado,2021-05-12,648,147919,340,67600,267,75292,41,5027,249,19584,399,66420,291,86004,California
El Dorado,2021-05-13,1265,149184,798,68398,427,75719,40,5067,470,19304,789,67209,509,86513,California
El Dorado,2021-05-14,1411,150595,813,69211,514,76233,84,5151,669,19320,737,67946,753,87266,California
El Dorado,2021-05-15,906,151501,560,69771,290,76523,56,5207,320,19110,586,68532,376,87642,California
El Dorado,2021-05-16,667,152168,464,70235,177,76700,26,5233,234,18937,433,68965,260,87902,California
El Dorado,2021-05-17,1580,153748,671,70906,860,77560,49,5282,562,18533,1014,69979,610,88512,California
El Dorado,2021-05-18,1028,154776,516,71422,458,78018,54,5336,438,18436,589,70568,492,89004,California
El Dorado,2021-05-19,816,155592,331,71753,433,78451,52,5388,309,18296,500,71068,360,89364,California
El Dorado,2021-05-20,1174,156766,650,72403,449,78900,75,5463,441,18080,730,71798,514,89878,California
El Dorado,2021-05-21,2338,159104,1747,74150,548,79448,43,5506,811,17418,1523,73321,861,90739,California
El Dorado,2021-05-22,709,159813,206,74356,467,79915,36,5542,224,17195,484,73805,261,91000,California
El Dorado,2021-05-23,289,160102,115,74471,145,80060,29,5571,93,17123,194,73999,122,91122,California
El Dorado,2021-05-24,876,160978,450,74921,357,80417,69,5640,304,16926,568,74567,371,91493,California
El Dorado,2021-05-25,608,161586,255,75176,317,80734,36,5676,223,16802,382,74949,258,91751,California
El Dorado,2021-05-26,810,162396,398,75574,388,81122,24,5700,278,16574,530,75479,302,92053,California
El Dorado,2021-05-27,621,163017,244,75818,342,81464,35,5735,310,16612,310,75789,348,92401,California
El Dorado,2021-05-28,730,163747,256,76074,410,81874,64,5799,307,16563,420,76209,371,92772,California
El Dorado,2021-05-29,390,164137,111,76185,263,82137,16,5815,171,16532,219,76428,188,92960,California
El Dorado,2021-05-30,173,164310,101,76286,58,82195,14,5829,81,16539,91,76519,98,93058,California
El Dorado,2021-05-31,37,164347,12,76298,14,82209,11,5840,8,16529,29,76548,19,93077,California
El Dorado,2021-06-01,674,165021,289,76587,346,82555,39,5879,230,16357,441,76989,269,93346,California
El Dorado,2021-06-02,630,165651,299,76886,281,82836,50,5929,259,16296,370,77359,309,93655,California
El Dorado,2021-06-03,727,166378,338,77224,346,83182,43,5972,172,15964,555,77914,223,93878,California
El Dorado,2021-06-04,885,167263,527,77751,324,83506,34,6006,185,15487,698,78612,221,94099,California
El Dorado,2021-06-05,388,167651,224,77975,152,83658,12,6018,84,15280,303,78915,96,94195,California
El Dorado,2021-06-06,278,167929,193,78168,69,83727,16,6034,50,15119,227,79142,66,94261,California
El Dorado,2021-06-07,783,168712,485,78653,258,83985,40,6074,170,14723,606,79748,210,94471,California
El Dorado,2021-06-08,631,169343,382,79035,216,84201,33,6107,130,14387,498,80246,162,94633,California
El Dorado,2021-06-09,464,169807,277,79312,161,84362,26,6133,111,14171,353,80599,137,94770,California
El Dorado,2021-06-10,587,170394,366,79678,190,84552,31,6164,162,13941,423,81022,193,94963,California
El Dorado,2021-06-11,657,171051,393,80071,220,84772,44,6208,130,13589,526,81548,174,95137,California
El Dorado,2021-06-12,260,171311,153,80224,88,84860,19,6227,61,13471,198,81746,80,95217,California
El Dorado,2021-06-13,162,171473,90,80314,54,84914,18,6245,35,13398,126,81872,53,95270,California
El Dorado,2021-06-14,508,171981,357,80671,121,85035,30,6275,133,13186,375,82247,163,95433,California
El Dorado,2021-06-15,447,172428,237,80908,173,85208,37,6312,126,13031,318,82565,163,95596,California
El Dorado,2021-06-16,505,172933,355,81263,109,85317,41,6353,131,12830,373,82938,172,95768,California
El Dorado,2021-06-17,437,173370,267,81530,137,85454,33,6386,139,12706,297,83235,173,95941,California
El Dorado,2021-06-18,394,173764,251,81781,109,85563,34,6420,118,12583,275,83510,152,96093,California
El Dorado,2021-06-19,247,174011,154,81935,80,85643,13,6433,91,12532,155,83665,104,96197,California
El Dorado,2021-06-20,123,174134,89,82024,28,85671,6,6439,52,12519,71,83736,58,96255,California
El Dorado,2021-06-21,307,174441,158,82182,129,85800,20,6459,119,12472,186,83922,139,96394,California
El Dorado,2021-06-22,393,174834,256,82438,114,85914,23,6482,132,12367,260,84182,155,96549,California
El Dorado,2021-06-23,422,175256,291,82729,109,86023,22,6504,139,12247,281,84463,161,96710,California
El Dorado,2021-06-24,389,175645,240,82969,135,86158,14,6518,145,12162,244,84707,159,96869,California
El Dorado,2021-06-25,221,175866,121,83090,67,86225,33,6551,80,12135,140,84847,113,96982,California
Fresno,2020-12-15,2,2,2,2,0,0,0,0,2,2,0,0,2,2,California
Fresno,2020-12-16,124,126,124,126,0,0,0,0,124,126,0,0,124,126,California
Fresno,2020-12-17,123,249,123,249,0,0,0,0,123,249,0,0,123,249,California
Fresno,2020-12-18,350,599,350,599,0,0,0,0,350,599,0,0,350,599,California
Fresno,2020-12-19,161,760,161,760,0,0,0,0,161,760,0,0,161,760,California
Fresno,2020-12-20,256,1016,254,1014,2,2,0,0,256,1016,0,0,256,1016,California
Fresno,2020-12-21,930,1946,928,1942,2,4,0,0,959,1975,0,0,959,1975,California
Fresno,2020-12-22,909,2855,877,2819,32,36,0,0,913,2888,0,0,913,2888,California
Fresno,2020-12-23,1089,3944,1046,3865,43,79,0,0,1090,3978,0,0,1090,3978,California
Fresno,2020-12-24,590,4534,564,4429,26,105,0,0,590,4568,0,0,590,4568,California
Fresno,2020-12-25,3,4537,1,4430,2,107,0,0,3,4571,0,0,3,4571,California
Fresno,2020-12-26,723,5260,714,5144,9,116,0,0,723,5294,0,0,723,5294,California
Fresno,2020-12-27,306,5566,210,5354,96,212,0,0,306,5600,0,0,306,5600,California
Fresno,2020-12-28,1094,6660,800,6154,294,506,0,0,1095,6695,0,0,1095,6695,California
Fresno,2020-12-29,1767,8427,1000,7154,767,1273,0,0,1765,8459,1,1,1765,8460,California
Fresno,2020-12-30,985,9412,445,7599,540,1813,0,0,985,9444,0,1,985,9445,California
Fresno,2020-12-31,929,10341,310,7909,619,2432,0,0,928,10372,0,1,928,10373,California
Fresno,2021-01-01,10,10351,3,7912,7,2439,0,0,10,10382,0,1,10,10383,California
Fresno,2021-01-02,1026,11377,712,8624,314,2753,0,0,1026,11408,0,1,1026,11409,California
Fresno,2021-01-03,156,11533,130,8754,26,2779,0,0,156,11564,0,1,156,11565,California
Fresno,2021-01-04,623,12156,376,9130,247,3026,0,0,623,12187,0,1,623,12188,California
Fresno,2021-01-05,785,12941,312,9442,473,3499,0,0,711,12824,74,75,711,12899,California
Fresno,2021-01-06,991,13932,348,9790,643,4142,0,0,817,13467,174,249,817,13716,California
Fresno,2021-01-07,1899,15831,917,10707,982,5124,0,0,1644,14859,255,504,1647,15363,California
Fresno,2021-01-08,1794,17625,615,11322,1179,6303,0,0,1428,15924,364,868,1429,16792,California
Fresno,2021-01-09,637,18262,390,11712,247,6550,0,0,359,16005,278,1146,359,17151,California
Fresno,2021-01-10,518,18780,488,12200,30,6580,0,0,204,15895,314,1460,204,17355,California
Fresno,2021-01-11,2227,21007,1810,14010,417,6997,0,0,1532,16736,695,2155,1536,18891,California
Fresno,2021-01-12,2535,23542,1830,15840,705,7702,0,0,1682,17565,855,3010,1684,20575,California
Fresno,2021-01-13,3569,27111,2439,18279,1130,8832,0,0,2714,19426,856,3866,2717,23292,California
Fresno,2021-01-14,4157,31268,2196,20475,1961,10793,0,0,3685,22640,471,4337,3685,26977,California
Fresno,2021-01-15,3678,34946,2540,23015,1138,11931,0,0,3319,25604,359,4696,3323,30300,California
Fresno,2021-01-16,3165,38111,2318,25333,847,12778,0,0,2695,27831,470,5166,2697,32997,California
Fresno,2021-01-17,979,39090,557,25890,422,13200,0,0,779,28410,200,5366,779,33776,California
Fresno,2021-01-18,3090,42180,2377,28267,713,13913,0,0,2434,30192,654,6020,2436,36212,California
Fresno,2021-01-19,4419,46599,2623,30890,1796,15709,0,0,3700,33177,719,6739,3704,39916,California
Fresno,2021-01-20,3042,49641,1218,32108,1824,17533,0,0,2725,35590,315,7054,2728,42644,California
Fresno,2021-01-21,4408,54049,2041,34149,2367,19900,0,0,4045,39301,340,7394,4051,46695,California
Fresno,2021-01-22,3329,57378,1354,35503,1975,21875,0,0,2939,41867,374,7768,2940,49635,California
Fresno,2021-01-23,3065,60443,1981,37484,1084,22959,0,0,2342,43492,722,8490,2347,51982,California
Fresno,2021-01-24,558,61001,377,37861,181,23140,0,0,351,43638,207,8697,353,52335,California
Fresno,2021-01-25,2450,63451,867,38728,1583,24723,0,0,1872,44935,578,9275,1875,54210,California
Fresno,2021-01-26,2094,65545,592,39320,1502,26225,0,0,1328,45500,764,10039,1329,55539,California
Fresno,2021-01-27,2308,67853,1135,40455,1173,27398,0,0,1725,46647,581,10620,1728,57267,California
Fresno,2021-01-28,4556,72409,3045,43500,1511,28909,0,0,3479,49055,1074,11694,3482,60749,California
Fresno,2021-01-29,1680,74089,950,44450,730,29639,0,0,1377,50134,299,11993,1378,62127,California
Fresno,2021-01-30,1452,75541,546,44996,906,30545,0,0,1035,50752,417,12410,1035,63162,California
Fresno,2021-01-31,226,75767,215,45211,11,30556,0,0,72,50670,154,12564,72,63234,California
Fresno,2021-02-01,3362,79129,1665,46876,1697,32253,0,0,1781,50882,1579,14143,1791,65025,California
Fresno,2021-02-02,2736,81865,552,47428,2184,34437,0,0,1586,51349,1135,15278,1602,66627,California
Fresno,2021-02-03,3576,85441,2111,49539,1465,35902,0,0,1553,50890,2013,17291,1554,68181,California
Fresno,2021-02-04,4215,89656,1908,51447,2307,38209,0,0,1931,50572,2254,19545,1936,70117,California
Fresno,2021-02-05,5370,95026,2746,54193,2624,40833,0,0,2315,49841,3050,22595,2319,72436,California
Fresno,2021-02-06,2939,97965,2046,56239,893,41726,0,0,967,48846,1963,24558,968,73404,California
Fresno,2021-02-07,469,98434,287,56526,182,41908,0,0,272,48922,196,24754,272,73676,California
Fresno,2021-02-08,4291,102725,2300,58826,1991,43899,0,0,1808,48269,2470,27224,1817,75493,California
Fresno,2021-02-09,5362,108087,2093,60919,3269,47168,0,0,3133,49259,2152,29376,3142,78635,California
Fresno,2021-02-10,3914,112001,1239,62158,2675,49843,0,0,1997,49404,1864,31240,2009,80644,California
Fresno,2021-02-11,6469,118470,2093,64251,4376,54219,0,0,3351,49662,3099,34339,3357,84001,California
Fresno,2021-02-12,5431,123901,1388,65639,4043,58262,0,0,2740,49741,2673,37012,2752,86753,California
Fresno,2021-02-13,3772,127673,1570,67209,2202,60464,0,0,2089,50166,1670,38682,2095,88848,California
Fresno,2021-02-14,1578,129251,286,67495,1292,61756,0,0,848,50288,729,39411,851,89699,California
Fresno,2021-02-15,2911,132162,271,67766,2640,64396,0,0,1802,50990,1104,40515,1806,91505,California
Fresno,2021-02-16,6728,138890,2415,70181,4313,68709,0,0,4256,52799,2455,42970,4264,95769,California
Fresno,2021-02-17,5366,144256,2474,72655,2892,71601,0,0,2992,53468,2328,45298,2997,98766,California
Fresno,2021-02-18,6915,151171,2921,75576,3994,75595,0,0,2595,51802,4272,49570,2606,101372,California
Fresno,2021-02-19,3947,155118,1110,76686,2837,78432,0,0,1838,51551,2096,51666,1845,103217,California
Fresno,2021-02-20,4551,159669,2501,79187,2050,80482,0,0,3060,53132,1485,53151,3066,106283,California
Fresno,2021-02-21,194,159863,175,79362,19,80501,0,0,130,53212,50,53201,130,106413,California
Fresno,2021-02-22,2254,162117,1004,80366,1250,81751,0,0,1238,53446,1006,54207,1240,107653,California
Fresno,2021-02-23,4695,166812,2265,82631,2430,84181,0,0,3814,56393,869,55076,3816,111469,California
Fresno,2021-02-24,4218,171030,1503,84134,2715,86896,0,0,3464,59116,743,55819,3466,114935,California
Fresno,2021-02-25,8724,179754,3749,87883,4975,91871,0,0,7223,64913,1437,57256,7234,122169,California
Fresno,2021-02-26,9058,188812,3712,91595,5346,97217,0,0,7732,71350,1301,58557,7738,129907,California
Fresno,2021-02-27,7302,196114,3167,94762,4134,101351,1,1,6584,77238,703,59260,6591,136498,California
Fresno,2021-02-28,1663,197777,538,95300,1125,102476,0,1,1570,78729,80,59340,1571,138069,California
Fresno,2021-03-01,5118,202895,1326,96626,3792,106268,0,1,3695,81024,1407,60747,3702,141771,California
Fresno,2021-03-02,9892,212787,3393,100019,6499,112767,0,1,8500,88184,1368,62115,8528,150299,California
Fresno,2021-03-03,7083,219870,1786,101805,5296,118063,1,2,6062,93353,1008,63123,6177,156476,California
Fresno,2021-03-04,10473,230343,4130,105935,6343,124406,0,2,8721,100359,1724,64847,8730,165206,California
Fresno,2021-03-05,9376,239719,3642,109577,5732,130138,2,4,8070,107333,1173,66020,8147,173353,California
Fresno,2021-03-06,7021,246740,3955,113532,2948,133086,118,122,6021,112485,992,67012,6144,179497,California
Fresno,2021-03-07,1496,248236,682,114214,777,133863,37,159,1266,113562,227,67239,1304,180801,California
Fresno,2021-03-08,5343,253579,2058,116272,3134,136997,151,310,4048,116491,1283,68522,4212,185013,California
Fresno,2021-03-09,8670,262249,3805,120077,4593,141590,272,582,4663,117475,3986,72508,4970,189983,California
Fresno,2021-03-10,6930,269179,2879,122956,3661,145251,390,972,5413,121778,1508,74016,5811,195794,California
Fresno,2021-03-11,11641,280820,4599,127555,6491,151742,551,1523,6326,123444,5289,79305,6955,202749,California
Fresno,2021-03-12,12098,292918,5150,132705,6521,158263,427,1950,9091,130115,2987,82292,9658,212407,California
Fresno,2021-03-13,8361,301279,4068,136773,3280,161543,1013,2963,4044,130953,4296,86588,5134,217541,California
Fresno,2021-03-14,1778,303057,482,137255,1007,162550,289,3252,670,130815,1097,87685,959,218500,California
Fresno,2021-03-15,7156,310213,3184,140439,3795,166345,177,3429,4946,133943,2194,89879,5322,223822,California
Fresno,2021-03-16,10247,320460,4548,144987,5305,171650,394,3823,5430,135080,4785,94664,5922,229744,California
Fresno,2021-03-17,8751,329211,4001,148988,4048,175698,702,4525,5919,139296,2809,97473,7025,236769,California
Fresno,2021-03-18,12560,341771,6798,155786,5085,180783,677,5202,7047,142046,5463,102936,8213,244982,California
Fresno,2021-03-19,11287,353058,5961,161747,4706,185489,620,5822,6925,145635,4332,107268,7921,252903,California
Fresno,2021-03-20,7646,360704,4617,166364,2704,188193,325,6147,3779,146220,3837,111105,4422,257325,California
Fresno,2021-03-21,1860,362564,1270,167634,213,188406,377,6524,1020,146786,832,111937,1398,258723,California
Fresno,2021-03-22,5712,368276,2934,170568,2182,190588,596,7120,3826,149578,1868,113805,4660,263383,California
Fresno,2021-03-23,10656,378932,5329,175897,4827,195415,500,7620,5123,150133,5510,119315,6065,269448,California
Fresno,2021-03-24,8896,387828,3847,179744,4216,199631,833,8453,4980,152121,3879,123194,5867,275315,California
Fresno,2021-03-25,12233,400061,5688,185432,5741,205372,804,9257,4755,150332,7429,130623,5640,280955,California
Fresno,2021-03-26,12253,412314,5469,190901,6138,211510,646,9903,4446,147701,7748,138371,5117,286072,California
Fresno,2021-03-27,10145,422459,4858,195759,4199,215709,1088,10991,2971,144631,7135,145506,4065,290137,California
Fresno,2021-03-28,3421,425880,1323,197082,1407,217116,691,11682,1115,144584,2298,147804,2251,292388,California
Fresno,2021-03-29,6004,431884,2018,199100,3447,220563,539,12221,2898,144958,3077,150881,3451,295839,California
Fresno,2021-03-30,11020,442904,4276,203376,5845,226408,899,13120,3830,142530,7158,158039,4730,300569,California
Fresno,2021-03-31,9737,452641,3395,206771,5344,231752,998,14118,3670,141170,6022,164061,4662,305231,California
Fresno,2021-04-01,12249,464890,4221,210992,7157,238909,871,14989,4060,137971,8085,172146,4886,310117,California
Fresno,2021-04-02,12118,477008,4639,215631,6692,245601,787,15776,4277,135362,7677,179823,5068,315185,California
Fresno,2021-04-03,6427,483435,3533,219164,2630,248231,264,16040,2143,133541,4265,184088,2444,317629,California
Fresno,2021-04-04,1499,484934,538,219702,916,249147,45,16085,544,133186,945,185033,590,318219,California
Fresno,2021-04-05,8349,493283,4478,224180,3068,252215,803,16888,2446,130617,5887,190920,3318,321537,California
Fresno,2021-04-06,9647,502930,4036,228216,4418,256633,1193,18081,3545,129309,6062,196982,4754,326291,California
Fresno,2021-04-07,10652,513582,5516,233732,3917,260550,1219,19300,3543,127031,7064,204046,4786,331077,California
Fresno,2021-04-08,10988,524570,5179,238911,4644,265194,1165,20465,3449,124195,7489,211535,4653,335730,California
Fresno,2021-04-09,11551,536121,5345,244256,4801,269995,1405,21870,3632,121381,7870,219405,5056,340786,California
Fresno,2021-04-10,7934,544055,5173,249429,2232,272227,529,22399,3684,121361,4231,223636,4211,344997,California
Fresno,2021-04-11,1400,545455,936,250365,372,272599,92,22491,448,120955,947,224583,541,345538,California
Fresno,2021-04-12,7574,553029,4092,254457,2548,275147,934,23425,2412,119169,5130,229713,3344,348882,California
Fresno,2021-04-13,9038,562067,4315,258772,4652,279799,71,23496,3521,117375,5478,235191,3684,352566,California
Fresno,2021-04-14,9762,571829,5810,264582,3951,283750,1,23497,3788,115281,5930,241121,3836,356402,California
Fresno,2021-04-15,8525,580354,4242,268824,4280,288030,3,23500,3196,113183,5300,246421,3202,359604,California
Fresno,2021-04-16,9634,589988,4676,273500,4956,292986,2,23502,3914,111426,5678,252099,3921,363525,California
Fresno,2021-04-17,5662,595650,3781,277281,1881,294867,0,23502,2689,111167,2950,255049,2691,366216,California
Fresno,2021-04-18,1150,596800,676,277957,474,295341,0,23502,516,111054,629,255678,516,366732,California
Fresno,2021-04-19,5689,602489,3122,281079,2564,297905,3,23505,2256,109923,3393,259071,2262,368994,California
Fresno,2021-04-20,7221,609710,3689,284768,3523,301428,9,23514,2696,108128,4500,263571,2705,371699,California
Fresno,2021-04-21,6833,616543,3966,288734,2858,304286,9,23523,2859,107066,3933,267504,2871,374570,California
Fresno,2021-04-22,6572,623115,3346,292080,3225,307511,1,23524,2414,105385,4099,271603,2418,376988,California
Fresno,2021-04-23,7342,630457,4038,296118,3287,310798,17,23541,2802,103740,4452,276055,2807,379795,California
Fresno,2021-04-24,4172,634629,2491,298609,1681,312479,0,23541,1917,103415,2242,278297,1917,381712,California
Fresno,2021-04-25,1370,635999,551,299160,816,313295,3,23544,685,103425,679,278976,689,382401,California
Fresno,2021-04-26,4314,640313,2213,301373,2056,315351,45,23589,1822,102832,2460,281436,1867,384268,California
Fresno,2021-04-27,4934,645247,2532,303905,2276,317627,126,23715,1938,101923,2973,284409,2064,386332,California
Fresno,2021-04-28,4918,650165,2809,306714,1979,319606,130,23845,2066,101292,2828,287237,2197,388529,California
Fresno,2021-04-29,4912,655077,2759,309473,2013,321619,140,23985,1880,100307,3003,290240,2018,390547,California
Fresno,2021-04-30,5480,660557,3340,312813,2006,323625,134,24119,2193,99377,3256,293496,2326,392873,California
Fresno,2021-05-01,4197,664754,3464,316277,593,324218,140,24259,1235,97807,2943,296439,1373,394246,California
Fresno,2021-05-02,1252,666006,776,317053,425,324643,51,24310,616,97849,624,297063,666,394912,California
Fresno,2021-05-03,4045,670051,2699,319752,1155,325798,191,24501,1312,96642,2705,299768,1498,396410,California
Fresno,2021-05-04,4950,675001,2615,322367,2183,327981,152,24653,1579,95032,3343,303111,1733,398143,California
Fresno,2021-05-05,5363,680364,3406,325773,1729,329710,228,24881,1692,93305,3644,306755,1917,400060,California
Fresno,2021-05-06,4142,684506,2547,328320,1490,331200,105,24986,1406,92112,2705,309460,1512,401572,California
Fresno,2021-05-07,5017,689523,3292,331612,1558,332758,167,25153,1547,90380,3446,312906,1714,403286,California
Fresno,2021-05-08,3899,693422,2489,334101,1262,334020,148,25301,1169,88992,2706,315612,1318,404604,California
Fresno,2021-05-09,676,694098,348,334449,285,334305,43,25344,317,88999,353,315965,360,404964,California
Fresno,2021-05-10,2966,697064,1577,336026,1248,335553,141,25485,926,88037,2029,317994,1067,406031,California
Fresno,2021-05-11,3754,700818,1935,337961,1722,337275,97,25582,1172,86737,2569,320563,1269,407300,California
Fresno,2021-05-12,4006,704824,2567,340528,1275,338550,164,25746,1361,85642,2620,323183,1525,408825,California
Fresno,2021-05-13,4175,708999,2440,342968,1630,340180,105,25851,1848,85310,2287,325470,1955,410780,California
Fresno,2021-05-14,5109,714108,3074,346042,1851,342031,184,26035,2153,84726,2923,328393,2339,413119,California
Fresno,2021-05-15,3621,717729,2713,348755,777,342808,131,26166,1846,84938,1764,330157,1976,415095,California
Fresno,2021-05-16,1442,719171,943,349698,465,343273,34,26200,806,85149,630,330787,841,415936,California
Fresno,2021-05-17,4180,723351,2821,352519,1196,344469,163,26363,2219,85597,1932,332719,2380,418316,California
Fresno,2021-05-18,4126,727477,2548,355067,1422,345891,156,26519,2081,85810,2021,334740,2234,420550,California
Fresno,2021-05-19,4354,731831,2765,357832,1412,347303,177,26696,2054,85764,2276,337016,2230,422780,California
Fresno,2021-05-20,4104,735935,2445,360277,1471,348774,188,26884,1873,85609,2214,339230,2059,424839,California
Fresno,2021-05-21,4573,740508,2980,363257,1498,350272,95,26979,2028,85234,2514,341744,2139,426978,California
Fresno,2021-05-22,3943,744451,2928,366185,842,351114,173,27152,2266,86013,1660,343404,2439,429417,California
Fresno,2021-05-23,909,745360,579,366764,300,351414,30,27182,460,86064,439,343843,490,429907,California
Fresno,2021-05-24,3230,748590,2024,368788,1091,352505,115,27297,1492,85957,1714,345557,1607,431514,California
Fresno,2021-05-25,3207,751797,1925,370713,1156,353661,126,27423,1341,85572,1852,347409,1467,432981,California
Fresno,2021-05-26,3252,755049,2148,372861,997,354658,107,27530,1575,85613,1656,349065,1697,434678,California
Fresno,2021-05-27,3143,758192,1910,374771,1126,355784,107,27637,1307,85313,1811,350876,1511,436189,California
Fresno,2021-05-28,3429,761621,2210,376981,1124,356908,95,27732,1862,85751,1548,352424,1986,438175,California
Fresno,2021-05-29,2276,763897,1656,378637,550,357458,70,27802,1189,85997,1077,353501,1323,439498,California
Fresno,2021-05-30,887,764784,535,379172,317,357775,35,27837,410,86000,460,353961,463,439961,California
Fresno,2021-05-31,318,765102,160,379332,146,357921,12,27849,134,85967,179,354140,146,440107,California
Fresno,2021-06-01,3022,768124,1818,381150,1107,359028,97,27946,1143,85423,1856,355996,1312,441419,California
Fresno,2021-06-02,2667,770791,1721,382871,855,359883,91,28037,1067,85031,1570,357566,1178,442597,California
Fresno,2021-06-03,2950,773741,2023,384894,824,360707,103,28140,1105,84421,1822,359388,1212,443809,California
Fresno,2021-06-04,3242,776983,2350,387244,791,361498,101,28241,1069,83451,2149,361537,1179,444988,California
Fresno,2021-06-05,3107,780090,2292,389536,694,362192,121,28362,1224,82940,1858,363395,1347,446335,California
Fresno,2021-06-06,1169,781259,929,390465,202,362394,38,28400,415,82644,749,364144,453,446788,California
Fresno,2021-06-07,3085,784344,2425,392890,568,362962,92,28492,890,81454,2174,366318,984,447772,California
Fresno,2021-06-08,2756,787100,2031,394921,643,363605,82,28574,811,80415,1932,368250,893,448665,California
Fresno,2021-06-09,2934,790034,2192,397113,652,364257,90,28664,964,79517,1951,370201,1053,449718,California
Fresno,2021-06-10,2652,792686,1927,399040,655,364912,70,28734,922,78799,1710,371911,992,450710,California
Fresno,2021-06-11,3130,795816,2192,401232,828,365740,110,28844,1157,78132,1936,373847,1269,451979,California
Fresno,2021-06-12,2903,798719,2294,403526,443,366183,166,29010,777,76957,2113,375960,938,452917,California
Fresno,2021-06-13,709,799428,459,403985,233,366416,17,29027,199,76669,505,376465,217,453134,California
Fresno,2021-06-14,2495,801923,1814,405799,552,366968,129,29156,957,76235,1519,377984,1085,454219,California
Fresno,2021-06-15,2369,804292,1703,407502,590,367558,76,29232,933,75826,1417,379401,1008,455227,California
Fresno,2021-06-16,2632,806924,1893,409395,625,368183,114,29346,1036,75390,1584,380985,1148,456375,California
Fresno,2021-06-17,2248,809172,1576,410971,581,368764,91,29437,946,75138,1289,382274,1037,457412,California
Fresno,2021-06-18,2993,812165,2148,413119,727,369491,118,29555,1191,74673,1784,384058,1319,458731,California
Fresno,2021-06-19,1689,813854,1246,414365,366,369857,77,29632,584,74231,1101,385159,659,459390,California
Fresno,2021-06-20,497,814351,351,414716,135,369992,11,29643,190,74130,302,385461,201,459591,California
Fresno,2021-06-21,1616,815967,1080,415796,472,370464,64,29707,931,74454,671,386132,995,460586,California
Fresno,2021-06-22,2169,818136,1501,417297,559,371023,109,29816,1008,74421,1147,387279,1114,461700,California
Fresno,2021-06-23,2028,820164,1461,418758,506,371529,61,29877,1005,74479,1007,388286,1065,462765,California
Fresno,2021-06-24,1963,822127,1385,420143,502,372031,76,29953,874,74353,1075,389361,949,463714,California
Fresno,2021-06-25,1061,823188,746,420889,244,372275,71,30024,490,74354,560,389921,561,464275,California
Glenn,2020-12-17,1,1,1,1,0,0,0,0,1,1,0,0,1,1,California
Glenn,2020-12-19,1,2,1,2,0,0,0,0,1,2,0,0,1,2,California
Glenn,2020-12-20,1,3,1,3,0,0,0,0,1,3,0,0,1,3,California
Glenn,2020-12-21,12,15,12,15,0,0,0,0,12,15,0,0,12,15,California
Glenn,2020-12-22,59,74,59,74,0,0,0,0,59,74,0,0,59,74,California
Glenn,2020-12-23,28,102,28,102,0,0,0,0,28,102,0,0,28,102,California
Glenn,2020-12-24,9,111,9,111,0,0,0,0,9,111,0,0,9,111,California
Glenn,2020-12-26,2,113,2,113,0,0,0,0,2,113,0,0,2,113,California
Glenn,2020-12-27,4,117,4,117,0,0,0,0,4,117,0,0,4,117,California
Glenn,2020-12-28,21,138,21,138,0,0,0,0,21,138,0,0,21,138,California
Glenn,2020-12-29,82,220,82,220,0,0,0,0,82,220,0,0,82,220,California
Glenn,2020-12-30,129,349,106,326,23,23,0,0,129,349,0,0,129,349,California
Glenn,2020-12-31,38,387,9,335,29,52,0,0,38,387,0,0,38,387,California
Glenn,2021-01-02,3,390,3,338,0,52,0,0,3,390,0,0,3,390,California
Glenn,2021-01-04,7,397,5,343,2,54,0,0,7,397,0,0,7,397,California
Glenn,2021-01-05,9,406,8,351,1,55,0,0,9,406,0,0,9,406,California
Glenn,2021-01-06,60,466,8,359,52,107,0,0,60,466,0,0,60,466,California
Glenn,2021-01-07,67,533,12,371,55,162,0,0,65,529,2,2,65,531,California
Glenn,2021-01-08,12,545,9,380,3,165,0,0,12,541,0,2,12,543,California
Glenn,2021-01-10,1,546,1,381,0,165,0,0,0,540,1,3,0,543,California
Glenn,2021-01-11,30,576,30,411,0,165,0,0,12,534,18,21,12,555,California
Glenn,2021-01-12,42,618,37,448,5,170,0,0,14,520,28,49,14,569,California
Glenn,2021-01-13,221,839,158,606,63,233,0,0,176,651,45,94,176,745,California
Glenn,2021-01-14,119,958,30,636,89,322,0,0,109,750,10,104,109,854,California
Glenn,2021-01-15,40,998,33,669,7,329,0,0,35,780,5,109,35,889,California
Glenn,2021-01-16,33,1031,14,683,19,348,0,0,23,793,10,119,23,912,California
Glenn,2021-01-17,4,1035,2,685,2,350,0,0,2,793,2,121,2,914,California
Glenn,2021-01-18,17,1052,16,701,1,351,0,0,9,794,8,129,9,923,California
Glenn,2021-01-19,30,1082,20,721,10,361,0,0,13,790,17,146,13,936,California
Glenn,2021-01-20,163,1245,94,815,69,430,0,0,82,791,81,227,82,1018,California
Glenn,2021-01-21,124,1369,98,913,26,456,0,0,30,727,94,321,30,1048,California
Glenn,2021-01-22,338,1707,64,977,274,730,0,0,331,1051,7,328,331,1379,California
Glenn,2021-01-23,16,1723,9,986,7,737,0,0,13,1061,3,331,13,1392,California
Glenn,2021-01-24,2,1725,2,988,0,737,0,0,2,1063,0,331,2,1394,California
Glenn,2021-01-25,27,1752,9,997,18,755,0,0,24,1084,3,334,24,1418,California
Glenn,2021-01-26,30,1782,14,1011,16,771,0,0,24,1102,6,340,24,1442,California
Glenn,2021-01-27,190,1972,13,1024,177,948,0,0,168,1248,22,362,168,1610,California
Glenn,2021-01-28,147,2119,8,1032,139,1087,0,0,117,1335,30,392,117,1727,California
Glenn,2021-01-29,296,2415,12,1044,284,1371,0,0,282,1603,14,406,282,2009,California
Glenn,2021-01-30,4,2419,0,1044,4,1375,0,0,4,1607,0,406,4,2013,California
Glenn,2021-01-31,1,2420,0,1044,1,1376,0,0,1,1608,0,406,1,2014,California
Glenn,2021-02-01,31,2451,11,1055,20,1396,0,0,19,1615,12,418,19,2033,California
Glenn,2021-02-02,31,2482,16,1071,15,1411,0,0,21,1626,10,428,21,2054,California
Glenn,2021-02-03,281,2763,127,1198,154,1565,0,0,135,1616,146,574,136,2190,California
Glenn,2021-02-04,85,2848,18,1216,67,1632,0,0,28,1587,57,631,28,2218,California
Glenn,2021-02-05,319,3167,24,1240,295,1927,0,0,299,1866,20,651,299,2517,California
Glenn,2021-02-06,14,3181,2,1242,12,1939,0,0,13,1878,1,652,13,2530,California
Glenn,2021-02-07,2,3183,2,1244,0,1939,0,0,2,1880,0,652,2,2532,California
Glenn,2021-02-08,21,3204,17,1261,4,1943,0,0,4,1867,17,669,4,2536,California
Glenn,2021-02-09,49,3253,20,1281,29,1972,0,0,36,1890,13,682,36,2572,California
Glenn,2021-02-10,137,3390,19,1300,118,2090,0,0,66,1885,71,753,66,2638,California
Glenn,2021-02-11,235,3625,134,1434,101,2191,0,0,153,1955,83,836,153,2791,California
Glenn,2021-02-12,419,4044,99,1533,320,2511,0,0,354,2244,65,901,354,3145,California
Glenn,2021-02-13,37,4081,9,1542,28,2539,0,0,17,2241,20,921,17,3162,California
Glenn,2021-02-14,1,4082,0,1542,1,2540,0,0,1,2242,0,921,1,3163,California
Glenn,2021-02-15,9,4091,0,1542,9,2549,0,0,8,2249,1,922,8,3171,California
Glenn,2021-02-16,40,4131,9,1551,31,2580,0,0,22,2253,18,940,22,3193,California
Glenn,2021-02-17,380,4511,14,1565,366,2946,0,0,302,2477,78,1018,302,3495,California
Glenn,2021-02-18,134,4645,99,1664,35,2981,0,0,110,2563,24,1042,110,3605,California
Glenn,2021-02-19,303,4948,17,1681,286,3267,0,0,29,2318,274,1316,29,3634,California
Glenn,2021-02-20,9,4957,0,1681,9,3276,0,0,1,2311,8,1324,1,3635,California
Glenn,2021-02-21,1,4958,1,1682,0,3276,0,0,1,2312,0,1324,1,3636,California
Glenn,2021-02-22,33,4991,14,1696,19,3295,0,0,16,2311,17,1341,16,3652,California
Glenn,2021-02-23,41,5032,10,1706,31,3326,0,0,29,2328,12,1353,29,3681,California
Glenn,2021-02-24,255,5287,48,1754,207,3533,0,0,47,2167,208,1561,47,3728,California
Glenn,2021-02-25,233,5520,119,1873,114,3647,0,0,120,2174,113,1674,120,3848,California
Glenn,2021-02-26,304,5824,24,1897,280,3927,0,0,20,1911,283,1957,20,3868,California
Glenn,2021-02-27,16,5840,6,1903,10,3937,0,0,6,1908,9,1966,6,3874,California
Glenn,2021-02-28,6,5846,3,1906,3,3940,0,0,3,1909,2,1968,3,3877,California
Glenn,2021-03-01,28,5874,6,1912,22,3962,0,0,12,1905,16,1984,12,3889,California
Glenn,2021-03-02,35,5909,7,1919,28,3990,0,0,17,1904,18,2002,17,3906,California
Glenn,2021-03-03,191,6100,37,1956,154,4144,0,0,100,1915,89,2091,100,4006,California
Glenn,2021-03-04,521,6621,175,2131,346,4490,0,0,374,2142,147,2238,374,4380,California
Glenn,2021-03-05,357,6978,49,2180,308,4798,0,0,35,1855,322,2560,35,4415,California
Glenn,2021-03-06,28,7006,4,2184,23,4821,1,1,11,1850,17,2577,12,4427,California
Glenn,2021-03-07,5,7011,0,2184,5,4826,0,1,3,1852,1,2578,3,4430,California
Glenn,2021-03-08,20,7031,2,2186,17,4843,1,2,18,1869,2,2580,19,4449,California
Glenn,2021-03-09,82,7113,12,2198,67,4910,3,5,54,1897,28,2608,56,4505,California
Glenn,2021-03-10,172,7285,69,2267,101,5011,2,7,94,1915,78,2686,96,4601,California
Glenn,2021-03-11,582,7867,168,2435,391,5402,23,30,453,2262,129,2815,476,5077,California
Glenn,2021-03-12,420,8287,14,2449,343,5745,63,93,41,1987,379,3194,104,5181,California
Glenn,2021-03-13,13,8300,1,2450,4,5749,8,101,1,1984,12,3206,9,5190,California
Glenn,2021-03-14,3,8303,1,2451,2,5751,0,101,1,1983,2,3208,1,5191,California
Glenn,2021-03-15,76,8379,15,2466,56,5807,5,106,61,2034,15,3223,66,5257,California
Glenn,2021-03-16,109,8488,34,2500,65,5872,10,116,69,2073,40,3263,79,5336,California
Glenn,2021-03-17,417,8905,98,2598,312,6184,7,123,116,1893,301,3564,121,5457,California
Glenn,2021-03-18,522,9427,216,2814,50,6234,256,379,144,1914,378,3942,399,5856,California
Glenn,2021-03-19,96,9523,16,2830,74,6308,6,385,75,1975,20,3962,81,5937,California
Glenn,2021-03-20,133,9656,2,2832,130,6438,1,386,130,2103,3,3965,131,6068,California
Glenn,2021-03-21,6,9662,5,2837,0,6438,1,387,3,2105,2,3967,4,6072,California
Glenn,2021-03-22,123,9785,54,2891,61,6499,8,395,103,2198,18,3985,111,6183,California
Glenn,2021-03-23,179,9964,67,2958,61,6560,51,446,104,2280,73,4058,155,6338,California
Glenn,2021-03-24,208,10172,100,3058,103,6663,5,451,134,2347,72,4130,139,6477,California
Glenn,2021-03-25,471,10643,230,3288,147,6810,94,545,343,2657,127,4257,437,6914,California
Glenn,2021-03-26,238,10881,37,3325,165,6975,36,581,187,2829,51,4308,223,7137,California
Glenn,2021-03-27,168,11049,22,3347,140,7115,6,587,154,2975,14,4322,160,7297,California
Glenn,2021-03-28,15,11064,10,3357,5,7120,0,587,10,2980,5,4327,10,7307,California
Glenn,2021-03-29,61,11125,20,3377,38,7158,3,590,47,3016,14,4341,50,7357,California
Glenn,2021-03-30,76,11201,43,3420,32,7190,1,591,44,3031,30,4371,45,7402,California
Glenn,2021-03-31,124,11325,35,3455,88,7278,1,592,54,3017,69,4440,55,7457,California
Glenn,2021-04-01,655,11980,187,3642,459,7737,9,601,243,2860,409,4849,252,7709,California
Glenn,2021-04-02,170,12150,26,3668,132,7869,12,613,133,2968,37,4886,145,7854,California
Glenn,2021-04-03,95,12245,4,3672,84,7953,7,620,84,3048,11,4897,91,7945,California
Glenn,2021-04-04,9,12254,3,3675,4,7957,2,622,5,3051,4,4901,7,7952,California
Glenn,2021-04-05,67,12321,26,3701,28,7985,13,635,30,3057,37,4938,43,7995,California
Glenn,2021-04-06,145,12466,52,3753,53,8038,40,675,37,3026,107,5045,76,8071,California
Glenn,2021-04-07,161,12627,47,3800,60,8098,54,729,75,3069,86,5131,129,8200,California
Glenn,2021-04-08,640,13267,188,3988,418,8516,34,763,138,2741,500,5631,172,8372,California
Glenn,2021-04-09,158,13425,55,4043,86,8602,17,780,100,2799,58,5689,116,8488,California
Glenn,2021-04-10,76,13501,1,4044,60,8662,15,795,58,2855,17,5706,73,8561,California
Glenn,2021-04-11,17,13518,8,4052,4,8666,5,800,7,2857,10,5716,12,8573,California
Glenn,2021-04-12,116,13634,26,4078,61,8727,29,829,21,2812,95,5811,50,8623,California
Glenn,2021-04-13,118,13752,63,4141,55,8782,0,829,30,2754,88,5899,30,8653,California
Glenn,2021-04-14,123,13875,47,4188,76,8858,0,829,68,2767,55,5954,68,8721,California
Glenn,2021-04-15,365,14240,276,4464,89,8947,0,829,124,2651,240,6194,124,8845,California
Glenn,2021-04-16,169,14409,42,4506,127,9074,0,829,79,2640,90,6284,79,8924,California
Glenn,2021-04-17,168,14577,17,4523,151,9225,0,829,29,2538,131,6415,29,8953,California
Glenn,2021-04-18,19,14596,6,4529,13,9238,0,829,15,2549,4,6419,15,8968,California
Glenn,2021-04-19,83,14679,17,4546,66,9304,0,829,22,2511,60,6479,22,8990,California
Glenn,2021-04-20,132,14811,88,4634,44,9348,0,829,53,2485,79,6558,53,9043,California
Glenn,2021-04-21,430,15241,327,4961,103,9451,0,829,290,2635,140,6698,290,9333,California
Glenn,2021-04-22,214,15455,54,5015,160,9611,0,829,38,2498,175,6873,38,9371,California
Glenn,2021-04-23,191,15646,36,5051,155,9766,0,829,49,2406,141,7014,49,9420,California
Glenn,2021-04-24,180,15826,32,5083,148,9914,0,829,30,2287,149,7163,30,9450,California
Glenn,2021-04-25,30,15856,18,5101,12,9926,0,829,22,2301,8,7171,22,9472,California
Glenn,2021-04-26,50,15906,14,5115,36,9962,0,829,19,2289,31,7202,19,9491,California
Glenn,2021-04-27,65,15971,50,5165,10,9972,5,834,33,2294,32,7234,37,9528,California
Glenn,2021-04-28,263,16234,184,5349,68,10040,11,845,132,2307,130,7364,143,9671,California
Glenn,2021-04-29,186,16420,27,5376,157,10197,2,847,40,2203,146,7510,42,9713,California
Glenn,2021-04-30,159,16579,38,5414,119,10316,2,849,39,2124,120,7630,41,9754,California
Glenn,2021-05-01,108,16687,13,5427,94,10410,1,850,26,2069,82,7712,27,9781,California
Glenn,2021-05-02,30,16717,12,5439,9,10419,9,859,15,2078,15,7727,24,9805,California
Glenn,2021-05-03,39,16756,24,5463,14,10433,1,860,14,2068,25,7752,15,9820,California
Glenn,2021-05-04,60,16816,36,5499,19,10452,5,865,28,2069,32,7784,33,9853,California
Glenn,2021-05-05,128,16944,40,5539,77,10529,11,876,52,2056,76,7860,63,9916,California
Glenn,2021-05-06,111,17055,41,5580,65,10594,5,881,40,2030,71,7931,45,9961,California
Glenn,2021-05-07,119,17174,33,5613,77,10671,9,890,30,1981,88,8019,39,10000,California
Glenn,2021-05-08,65,17239,12,5625,49,10720,4,894,21,1963,43,8062,25,10025,California
Glenn,2021-05-09,17,17256,11,5636,6,10726,0,894,11,1968,6,8068,11,10036,California
Glenn,2021-05-10,36,17292,14,5650,17,10743,5,899,13,1963,23,8091,18,10054,California
Glenn,2021-05-11,78,17370,55,5705,14,10757,9,908,16,1926,62,8153,25,10079,California
Glenn,2021-05-12,335,17705,252,5957,69,10826,14,922,50,1705,285,8438,64,10143,California
Glenn,2021-05-13,159,17864,60,6017,80,10906,19,941,65,1695,94,8532,84,10227,California
Glenn,2021-05-14,106,17970,25,6042,76,10982,5,946,35,1664,71,8603,40,10267,California
Glenn,2021-05-15,67,18037,40,6082,24,11006,3,949,32,1664,34,8637,34,10301,California
Glenn,2021-05-16,31,18068,18,6100,13,11019,0,949,9,1651,22,8659,9,10310,California
Glenn,2021-05-17,86,18154,61,6161,21,11040,4,953,60,1689,26,8685,64,10374,California
Glenn,2021-05-18,67,18221,50,6211,13,11053,4,957,21,1668,46,8731,25,10399,California
Glenn,2021-05-19,199,18420,118,6329,69,11122,12,969,73,1627,125,8856,84,10483,California
Glenn,2021-05-20,118,18538,77,6406,39,11161,2,971,80,1671,38,8894,82,10565,California
Glenn,2021-05-21,70,18608,26,6432,43,11204,1,972,28,1659,42,8936,30,10595,California
Glenn,2021-05-22,56,18664,24,6456,32,11236,0,972,29,1661,27,8963,29,10624,California
Glenn,2021-05-23,28,18692,15,6471,13,11249,0,972,12,1658,15,8978,12,10636,California
Glenn,2021-05-24,29,18721,10,6481,15,11264,4,976,10,1654,18,8996,14,10650,California
Glenn,2021-05-25,47,18768,36,6517,9,11273,2,978,24,1657,23,9019,26,10676,California
Glenn,2021-05-26,75,18843,16,6533,55,11328,4,982,27,1640,48,9067,31,10707,California
Glenn,2021-05-27,100,18943,62,6595,37,11365,1,983,46,1635,52,9119,47,10754,California
Glenn,2021-05-28,63,19006,19,6614,37,11402,7,990,33,1645,30,9149,40,10794,California
Glenn,2021-05-29,48,19054,11,6625,33,11435,4,994,21,1643,27,9176,25,10819,California
Glenn,2021-05-30,21,19075,13,6638,8,11443,0,994,8,1639,12,9188,8,10827,California
Glenn,2021-05-31,4,19079,0,6638,4,11447,0,994,0,1635,4,9192,0,10827,California
Glenn,2021-06-01,56,19135,31,6669,22,11469,3,997,24,1630,32,9224,27,10854,California
Glenn,2021-06-02,98,19233,49,6718,46,11515,3,1000,39,1613,59,9283,42,10896,California
Glenn,2021-06-03,76,19309,43,6761,26,11541,7,1007,18,1582,56,9339,25,10921,California
Glenn,2021-06-04,76,19385,36,6797,37,11578,3,1010,41,1591,35,9374,44,10965,California
Glenn,2021-06-05,55,19440,30,6827,22,11600,3,1013,17,1573,38,9412,20,10985,California
Glenn,2021-06-06,31,19471,28,6855,2,11602,1,1014,15,1574,15,9427,16,11001,California
Glenn,2021-06-07,68,19539,59,6914,7,11609,2,1016,13,1535,54,9481,15,11016,California
Glenn,2021-06-08,35,19574,19,6933,11,11620,5,1021,16,1537,19,9500,21,11037,California
Glenn,2021-06-09,64,19638,36,6969,21,11641,7,1028,31,1542,33,9533,38,11075,California
Glenn,2021-06-10,117,19755,86,7055,25,11666,6,1034,34,1499,83,9616,40,11115,California
Glenn,2021-06-11,87,19842,56,7111,28,11694,3,1037,24,1463,63,9679,27,11142,California
Glenn,2021-06-12,35,19877,19,7130,13,11707,3,1040,13,1457,22,9701,16,11158,California
Glenn,2021-06-13,11,19888,11,7141,0,11707,0,1040,5,1456,6,9707,5,11163,California
Glenn,2021-06-14,40,19928,27,7168,10,11717,3,1043,17,1454,22,9729,20,11183,California
Glenn,2021-06-15,48,19976,33,7201,14,11731,1,1044,24,1455,24,9753,25,11208,California
Glenn,2021-06-16,87,20063,52,7253,34,11765,1,1045,58,1487,27,9780,59,11267,California
Glenn,2021-06-17,61,20124,36,7289,21,11786,4,1049,7,1444,54,9834,11,11278,California
Glenn,2021-06-18,81,20205,45,7334,15,11801,21,1070,26,1436,55,9889,47,11325,California
Glenn,2021-06-19,43,20248,22,7356,21,11822,0,1070,24,1441,19,9908,24,11349,California
Glenn,2021-06-20,14,20262,10,7366,4,11826,0,1070,3,1433,11,9919,3,11352,California
Glenn,2021-06-21,25,20287,17,7383,6,11832,2,1072,18,1446,7,9926,20,11372,California
Glenn,2021-06-22,45,20332,30,7413,13,11845,2,1074,21,1446,23,9949,23,11395,California
Glenn,2021-06-23,54,20386,37,7450,14,11859,3,1077,29,1453,25,9974,32,11427,California
Glenn,2021-06-24,43,20429,27,7477,12,11871,4,1081,17,1448,26,10000,21,11448,California
Glenn,2021-06-25,36,20465,26,7503,9,11880,1,1082,12,1437,24,10024,13,11461,California
Humboldt,2020-12-15,2,2,2,2,0,0,0,0,2,2,0,0,2,2,California
Humboldt,2020-12-16,16,18,16,18,0,0,0,0,16,18,0,0,16,18,California
Humboldt,2020-12-17,117,135,117,135,0,0,0,0,117,135,0,0,117,135,California
Humboldt,2020-12-18,177,312,177,312,0,0,0,0,177,312,0,0,177,312,California
Humboldt,2020-12-19,10,322,10,322,0,0,0,0,10,322,0,0,10,322,California
Humboldt,2020-12-20,28,350,28,350,0,0,0,0,28,350,0,0,28,350,California
Humboldt,2020-12-21,167,517,167,517,0,0,0,0,167,517,0,0,167,517,California
Humboldt,2020-12-22,335,852,335,852,0,0,0,0,335,852,0,0,335,852,California
Humboldt,2020-12-23,322,1174,264,1116,58,58,0,0,324,1176,0,0,324,1176,California
Humboldt,2020-12-24,25,1199,2,1118,23,81,0,0,25,1201,0,0,25,1201,California
Humboldt,2020-12-25,2,1201,2,1120,0,81,0,0,2,1203,0,0,2,1203,California
Humboldt,2020-12-26,6,1207,5,1125,1,82,0,0,6,1209,0,0,6,1209,California
Humboldt,2020-12-28,207,1414,149,1274,58,140,0,0,207,1416,0,0,207,1416,California
Humboldt,2020-12-29,184,1598,123,1397,61,201,0,0,185,1601,0,0,185,1601,California
Humboldt,2020-12-30,232,1830,127,1524,105,306,0,0,232,1833,0,0,232,1833,California
Humboldt,2020-12-31,246,2076,81,1605,165,471,0,0,246,2079,0,0,246,2079,California
Humboldt,2021-01-01,3,2079,2,1607,1,472,0,0,3,2082,0,0,3,2082,California
Humboldt,2021-01-02,40,2119,2,1609,38,510,0,0,40,2122,0,0,40,2122,California
Humboldt,2021-01-04,219,2338,142,1751,77,587,0,0,220,2342,0,0,220,2342,California
Humboldt,2021-01-05,133,2471,21,1772,112,699,0,0,133,2474,1,1,133,2475,California
Humboldt,2021-01-06,314,2785,214,1986,100,799,0,0,241,2654,61,62,241,2716,California
Humboldt,2021-01-07,435,3220,323,2309,112,911,0,0,318,2872,100,162,318,3034,California
Humboldt,2021-01-08,426,3646,286,2595,140,1051,0,0,287,3026,133,295,287,3321,California
Humboldt,2021-01-09,68,3714,44,2639,24,1075,0,0,65,3089,3,298,66,3387,California
Humboldt,2021-01-10,84,3798,84,2723,0,1075,0,0,4,3013,80,378,4,3391,California
Humboldt,2021-01-11,292,4090,281,3004,11,1086,0,0,71,2867,217,595,71,3462,California
Humboldt,2021-01-12,503,4593,339,3343,164,1250,0,0,286,2958,195,790,286,3748,California
Humboldt,2021-01-13,500,5093,281,3624,219,1469,0,0,321,3104,176,966,322,4070,California
Humboldt,2021-01-14,550,5643,167,3791,383,1852,0,0,494,3543,56,1022,495,4565,California
Humboldt,2021-01-15,371,6014,28,3819,343,2195,0,0,354,3880,17,1039,354,4919,California
Humboldt,2021-01-16,169,6183,6,3825,163,2358,0,0,168,4047,1,1040,168,5087,California
Humboldt,2021-01-17,7,6190,4,3829,3,2361,0,0,7,4054,0,1040,7,5094,California
Humboldt,2021-01-18,305,6495,270,4099,35,2396,0,0,151,4051,154,1194,151,5245,California
Humboldt,2021-01-19,658,7153,399,4498,259,2655,0,0,528,4455,124,1318,528,5773,California
Humboldt,2021-01-20,918,8071,389,4887,529,3184,0,0,754,5055,156,1474,756,6529,California
Humboldt,2021-01-21,973,9044,260,5147,713,3897,0,0,930,5942,43,1517,930,7459,California
Humboldt,2021-01-22,689,9733,381,5528,308,4205,0,0,679,6612,10,1527,680,8139,California
Humboldt,2021-01-23,928,10661,283,5811,645,4850,0,0,919,7523,9,1536,920,9059,California
Humboldt,2021-01-24,229,10890,1,5812,228,5078,0,0,228,7750,1,1537,228,9287,California
Humboldt,2021-01-25,351,11241,234,6046,117,5195,0,0,154,7707,197,1734,154,9441,California
Humboldt,2021-01-26,544,11785,149,6195,395,5590,0,0,480,8123,64,1798,480,9921,California
Humboldt,2021-01-27,1272,13057,584,6779,688,6278,0,0,1200,9261,64,1862,1202,11123,California
Humboldt,2021-01-28,1462,14519,635,7414,827,7105,0,0,1321,10446,138,2000,1323,12446,California
Humboldt,2021-01-29,1164,15683,547,7961,617,7722,0,0,695,10672,469,2469,695,13141,California
Humboldt,2021-01-30,1029,16712,470,8431,559,8281,0,0,984,11612,45,2514,985,14126,California
Humboldt,2021-01-31,317,17029,315,8746,2,8283,0,0,316,11927,1,2515,316,14442,California
Humboldt,2021-02-01,336,17365,192,8938,144,8427,0,0,185,11961,151,2666,185,14627,California
Humboldt,2021-02-02,454,17819,79,9017,375,8802,0,0,349,12210,102,2768,351,14978,California
Humboldt,2021-02-03,676,18495,267,9284,409,9211,0,0,521,12576,155,2923,521,15499,California
Humboldt,2021-02-04,652,19147,260,9544,392,9603,0,0,444,12815,205,3128,444,15943,California
Humboldt,2021-02-05,813,19960,95,9639,718,10321,0,0,625,13252,188,3316,625,16568,California
Humboldt,2021-02-06,1082,21042,469,10108,613,10934,0,0,1036,14244,45,3361,1037,17605,California
Humboldt,2021-02-07,379,21421,8,10116,371,11305,0,0,374,14615,4,3365,375,17980,California
Humboldt,2021-02-08,338,21759,147,10263,191,11496,0,0,180,14638,157,3522,180,18160,California
Humboldt,2021-02-09,504,22263,228,10491,276,11772,0,0,177,14488,327,3849,177,18337,California
Humboldt,2021-02-10,564,22827,371,10862,193,11965,0,0,233,14395,326,4175,233,18570,California
Humboldt,2021-02-11,1320,24147,397,11259,923,12888,0,0,494,14068,823,4998,496,19066,California
Humboldt,2021-02-12,1169,25316,748,12007,421,13309,0,0,712,14323,457,5455,712,19778,California
Humboldt,2021-02-13,1552,26868,601,12608,951,14260,0,0,925,14624,625,6080,926,20704,California
Humboldt,2021-02-14,114,26982,5,12613,109,14369,0,0,110,14731,3,6083,110,20814,California
Humboldt,2021-02-15,294,27276,81,12694,213,14582,0,0,193,14824,100,6183,193,21007,California
Humboldt,2021-02-16,549,27825,124,12818,425,15007,0,0,253,14783,296,6479,255,21262,California
Humboldt,2021-02-17,454,28279,282,13100,172,15179,0,0,133,14596,320,6799,133,21395,California
Humboldt,2021-02-18,1027,29306,603,13703,424,15603,0,0,276,14123,749,7548,276,21671,California
Humboldt,2021-02-19,482,29788,434,14137,48,15651,0,0,92,13829,386,7934,92,21763,California
Humboldt,2021-02-20,1729,31517,1027,15164,702,16353,0,0,481,13068,1245,9179,484,22247,California
Humboldt,2021-02-21,479,31996,471,15635,8,16361,0,0,179,12948,300,9479,180,22427,California
Humboldt,2021-02-22,138,32134,94,15729,44,16405,0,0,29,12870,107,9586,29,22456,California
Humboldt,2021-02-23,182,32316,71,15800,111,16516,0,0,44,12778,136,9722,44,22500,California
Humboldt,2021-02-24,1216,33532,742,16542,474,16990,0,0,586,12736,628,10350,586,23086,California
Humboldt,2021-02-25,838,34370,319,16861,519,17509,0,0,232,12364,604,10954,232,23318,California
Humboldt,2021-02-26,2153,36523,108,16969,2045,19554,0,0,441,11100,1706,12660,442,23760,California
Humboldt,2021-02-27,1713,38236,1091,18060,622,20176,0,0,853,11099,858,13518,857,24617,California
Humboldt,2021-02-28,126,38362,11,18071,115,20291,0,0,118,11210,7,13525,118,24735,California
Humboldt,2021-03-01,262,38624,47,18118,215,20506,0,0,188,11324,74,13599,188,24923,California
Humboldt,2021-03-02,305,38929,51,18169,254,20760,0,0,166,11351,139,13738,166,25089,California
Humboldt,2021-03-03,1672,40601,1105,19274,567,21327,0,0,1222,12131,443,14181,1223,26312,California
Humboldt,2021-03-04,925,41526,114,19388,811,22138,0,0,300,11808,625,14806,302,26614,California
Humboldt,2021-03-05,948,42474,189,19577,748,22886,11,11,389,11652,556,15362,400,27014,California
Humboldt,2021-03-06,1798,44272,936,20513,813,23699,49,60,797,11498,1000,16362,846,27860,California
Humboldt,2021-03-07,368,44640,296,20809,54,23753,18,78,158,11464,210,16572,176,28036,California
Humboldt,2021-03-08,276,44916,6,20815,191,23944,79,157,180,11628,95,16667,259,28295,California
Humboldt,2021-03-09,501,45417,206,21021,147,24091,148,305,245,11766,254,16921,392,28687,California
Humboldt,2021-03-10,694,46111,469,21490,70,24161,155,460,420,12066,273,17194,573,29260,California
Humboldt,2021-03-11,1484,47595,461,21951,923,25084,100,560,652,11990,827,18021,751,30011,California
Humboldt,2021-03-12,1752,49347,1085,23036,445,25529,222,782,1054,12579,690,18711,1279,31290,California
Humboldt,2021-03-13,1585,50932,1037,24073,497,26026,51,833,671,12392,908,19619,721,32011,California
Humboldt,2021-03-14,143,51075,19,24092,116,26142,8,841,29,12315,114,19733,37,32048,California
Humboldt,2021-03-15,279,51354,51,24143,206,26348,22,863,60,12178,219,19952,82,32130,California
Humboldt,2021-03-16,638,51992,201,24344,176,26524,261,1124,262,12324,375,20327,521,32651,California
Humboldt,2021-03-17,732,52724,395,24739,229,26753,108,1232,340,12381,391,20718,448,33099,California
Humboldt,2021-03-18,1740,54464,1165,25904,532,27285,43,1275,1038,12764,698,21416,1081,34180,California
Humboldt,2021-03-19,1077,55541,61,25965,700,27985,316,1591,441,12886,634,22050,756,34936,California
Humboldt,2021-03-20,1384,56925,757,26722,613,28598,14,1605,424,12367,958,23008,439,35375,California
Humboldt,2021-03-21,252,57177,34,26756,189,28787,29,1634,207,12557,45,23053,235,35610,California
Humboldt,2021-03-22,119,57296,15,26771,54,28841,50,1684,62,12614,55,23108,112,35722,California
Humboldt,2021-03-23,414,57710,42,26813,329,29170,43,1727,320,12885,92,23200,363,36085,California
Humboldt,2021-03-24,1414,59124,389,27202,978,30148,47,1774,1038,13601,368,23568,1084,37169,California
Humboldt,2021-03-25,1844,60968,1214,28416,566,30714,64,1838,948,13718,894,24462,1011,38180,California
Humboldt,2021-03-26,2044,63012,440,28856,1546,32260,58,1896,1596,14929,442,24904,1653,39833,California
Humboldt,2021-03-27,2089,65101,1494,30350,421,32681,174,2070,1114,15246,971,25875,1288,41121,California
Humboldt,2021-03-28,268,65369,82,30432,114,32795,72,2142,81,15214,186,26061,154,41275,California
Humboldt,2021-03-29,467,65836,124,30556,247,33042,96,2238,197,15237,269,26330,292,41567,California
Humboldt,2021-03-30,947,66783,303,30859,530,33572,114,2352,561,15530,381,26711,674,42241,California
Humboldt,2021-03-31,1868,68651,522,31381,1248,34820,98,2450,1409,16584,455,27166,1509,43750,California
Humboldt,2021-04-01,2120,70771,710,32091,1317,36137,93,2543,1481,17527,631,27797,1574,45324,California
Humboldt,2021-04-02,1728,72499,1112,33203,510,36647,106,2649,622,17155,1100,28897,728,46052,California
Humboldt,2021-04-03,1669,74168,1508,34711,146,36793,15,2664,671,16853,988,29885,686,46738,California
Humboldt,2021-04-04,485,74653,372,35083,104,36897,9,2673,404,17186,80,29965,413,47151,California
Humboldt,2021-04-05,780,75433,465,35548,267,37164,48,2721,444,17345,333,30298,492,47643,California
Humboldt,2021-04-06,848,76281,319,35867,395,37559,134,2855,590,17815,252,30550,722,48365,California
Humboldt,2021-04-07,1501,77782,1067,36934,292,37851,142,2997,994,18447,504,31054,1136,49501,California
Humboldt,2021-04-08,1754,79536,1097,38031,498,38349,159,3156,744,18342,1008,32062,903,50404,California
Humboldt,2021-04-09,1445,80981,440,38471,850,39199,155,3311,1155,19356,289,32351,1303,51707,California
Humboldt,2021-04-10,942,81923,138,38609,629,39828,175,3486,742,20073,198,32549,915,52622,California
Humboldt,2021-04-11,646,82569,138,38747,36,39864,472,3958,129,20155,517,33066,599,53221,California
Humboldt,2021-04-12,442,83011,230,38977,85,39949,127,4085,281,20403,160,33226,408,53629,California
Humboldt,2021-04-13,593,83604,324,39301,264,40213,5,4090,556,20929,34,33260,560,54189,California
Humboldt,2021-04-14,1449,85053,1046,40347,403,40616,0,4090,1332,22145,116,33376,1332,55521,California
Humboldt,2021-04-15,1834,86887,1203,41550,627,41243,4,4094,1260,22852,555,33931,1262,56783,California
Humboldt,2021-04-16,1142,88029,522,42072,620,41863,0,4094,557,22827,582,34513,557,57340,California
Humboldt,2021-04-17,1861,89890,1538,43610,323,42186,0,4094,1055,23082,800,35313,1055,58395,California
Humboldt,2021-04-18,670,90560,354,43964,315,42501,1,4095,85,22588,579,35892,85,58480,California
Humboldt,2021-04-19,208,90768,86,44050,122,42623,0,4095,92,22566,114,36006,92,58572,California
Humboldt,2021-04-20,508,91276,139,44189,369,42992,0,4095,252,22563,255,36261,252,58824,California
Humboldt,2021-04-21,1126,92402,392,44581,734,43726,0,4095,457,22361,660,36921,458,59282,California
Humboldt,2021-04-22,900,93302,538,45119,361,44087,1,4096,457,22378,440,37361,457,59739,California
Humboldt,2021-04-23,2195,95497,312,45431,1883,45970,0,4096,340,20867,1851,39212,340,60079,California
Humboldt,2021-04-24,1097,96594,884,46315,208,46178,5,4101,366,20510,728,39940,371,60450,California
Humboldt,2021-04-25,376,96970,241,46556,135,46313,0,4101,194,20524,180,40120,194,60644,California
Humboldt,2021-04-26,389,97359,272,46828,113,46426,4,4105,109,20357,278,40398,111,60755,California
Humboldt,2021-04-27,777,98136,278,47106,470,46896,29,4134,155,19921,620,41018,184,60939,California
Humboldt,2021-04-28,1602,99738,841,47947,716,47612,45,4179,416,19199,1183,42201,461,61400,California
Humboldt,2021-04-29,1788,101526,634,48581,1116,48728,38,4217,300,18054,1483,43684,338,61738,California
Humboldt,2021-04-30,1279,102805,421,49002,824,49552,34,4251,196,17206,1076,44760,228,61966,California
Humboldt,2021-05-01,467,103272,385,49387,60,49612,22,4273,289,17340,177,44937,311,62277,California
Humboldt,2021-05-02,232,103504,185,49572,38,49650,9,4282,117,17352,114,45051,126,62403,California
Humboldt,2021-05-03,619,104123,376,49948,219,49869,24,4306,103,16966,514,45565,128,62531,California
Humboldt,2021-05-04,871,104994,522,50470,303,50172,46,4352,262,16667,606,46171,307,62838,California
Humboldt,2021-05-05,1739,106733,1115,51585,566,50738,58,4410,185,15362,1546,47717,241,63079,California
Humboldt,2021-05-06,1692,108425,1075,52660,365,51103,252,4662,138,14201,1551,49268,390,63469,California
Humboldt,2021-05-07,1424,109849,303,52963,1061,52164,60,4722,236,13310,1185,50453,294,63763,California
Humboldt,2021-05-08,743,110592,147,53110,573,52737,23,4745,90,12772,651,51104,113,63876,California
Humboldt,2021-05-09,907,111499,855,53965,42,52779,10,4755,47,11969,860,51964,57,63933,California
Humboldt,2021-05-10,217,111716,36,54001,142,52921,39,4794,82,11955,135,52099,121,64054,California
Humboldt,2021-05-11,500,112216,148,54149,279,53200,73,4867,187,11902,313,52412,260,64314,California
Humboldt,2021-05-12,622,112838,142,54291,434,53634,46,4913,227,11780,394,52806,272,64586,California
Humboldt,2021-05-13,629,113467,302,54593,300,53934,27,4940,290,11760,337,53143,317,64903,California
Humboldt,2021-05-14,712,114179,142,54735,466,54400,104,5044,233,11620,476,53619,336,65239,California
Humboldt,2021-05-15,786,114965,643,55378,134,54534,9,5053,212,11268,573,54192,221,65460,California
Humboldt,2021-05-16,122,115087,54,55432,64,54598,4,5057,68,11286,54,54246,72,65532,California
Humboldt,2021-05-17,409,115496,215,55647,171,54769,23,5080,225,11351,182,54428,247,65779,California
Humboldt,2021-05-18,665,116161,327,55974,309,55078,29,5109,362,11440,302,54730,391,66170,California
Humboldt,2021-05-19,994,117155,550,56524,401,55479,43,5152,345,11181,645,55375,386,66556,California
Humboldt,2021-05-20,818,117973,605,57129,200,55679,13,5165,592,11564,223,55598,606,67162,California
Humboldt,2021-05-21,877,118850,291,57420,525,56204,61,5226,350,11449,527,56125,412,67574,California
Humboldt,2021-05-22,413,119263,319,57739,86,56290,8,5234,146,11338,265,56390,154,67728,California
Humboldt,2021-05-23,390,119653,322,58061,65,56355,3,5237,73,11097,317,56707,76,67804,California
Humboldt,2021-05-24,332,119985,172,58233,131,56486,29,5266,182,11159,149,56856,211,68015,California
Humboldt,2021-05-25,532,120517,339,58572,169,56655,24,5290,290,11234,239,57095,314,68329,California
Humboldt,2021-05-26,648,121165,310,58882,314,56969,24,5314,309,11229,338,57433,333,68662,California
Humboldt,2021-05-27,465,121630,247,59129,181,57150,37,5351,276,11353,189,57622,313,68975,California
Humboldt,2021-05-28,410,122040,193,59322,170,57320,47,5398,169,11335,240,57862,222,69197,California
Humboldt,2021-05-29,172,122212,103,59425,66,57386,3,5401,91,11353,81,57943,99,69296,California
Humboldt,2021-05-30,104,122316,45,59470,54,57440,5,5406,49,11353,54,57997,54,69350,California
Humboldt,2021-05-31,72,122388,26,59496,40,57480,6,5412,48,11383,23,58020,53,69403,California
Humboldt,2021-06-01,459,122847,266,59762,178,57658,15,5427,183,11318,276,58296,211,69614,California
Humboldt,2021-06-02,532,123379,250,60012,228,57886,54,5481,236,11317,290,58586,289,69903,California
Humboldt,2021-06-03,391,123770,226,60238,143,58029,22,5503,85,11147,278,58864,108,70011,California
Humboldt,2021-06-04,507,124277,317,60555,166,58195,24,5527,133,10974,330,59194,157,70168,California
Humboldt,2021-06-05,409,124686,314,60869,50,58245,45,5572,206,11077,148,59342,251,70419,California
Humboldt,2021-06-06,169,124855,117,60986,43,58288,9,5581,68,11059,96,59438,78,70497,California
Humboldt,2021-06-07,354,125209,216,61202,114,58402,24,5605,111,10952,242,59680,135,70632,California
Humboldt,2021-06-08,522,125731,303,61505,190,58592,29,5634,152,10764,368,60048,180,70812,California
Humboldt,2021-06-09,397,126128,203,61708,147,58739,47,5681,123,10662,272,60320,170,70982,California
Humboldt,2021-06-10,563,126691,445,62153,91,58830,27,5708,95,10318,464,60784,120,71102,California
Humboldt,2021-06-11,438,127129,246,62399,164,58994,28,5736,100,10109,337,61121,128,71230,California
Humboldt,2021-06-12,178,127307,131,62530,47,59041,0,5736,49,10030,128,61249,49,71279,California
Humboldt,2021-06-13,214,127521,146,62676,43,59084,25,5761,92,10026,120,61369,116,71395,California
Humboldt,2021-06-14,419,127940,254,62930,138,59222,27,5788,116,9867,302,61671,143,71538,California
Humboldt,2021-06-15,545,128485,370,63300,147,59369,28,5816,154,9663,385,62056,181,71719,California
Humboldt,2021-06-16,483,128968,322,63622,114,59483,47,5863,140,9516,334,62390,187,71906,California
Humboldt,2021-06-17,396,129364,259,63881,91,59574,46,5909,98,9362,298,62688,144,72050,California
Humboldt,2021-06-18,398,129762,227,64108,142,59716,29,5938,128,9254,264,62952,156,72206,California
Humboldt,2021-06-19,202,129964,136,64244,45,59761,21,5959,87,9247,114,63066,107,72313,California
Humboldt,2021-06-20,80,130044,36,64280,30,59791,14,5973,33,9249,45,63111,47,72360,California
Humboldt,2021-06-21,152,130196,71,64351,54,59845,27,6000,54,9232,98,63209,81,72441,California
Humboldt,2021-06-22,348,130544,219,64570,110,59955,19,6019,144,9192,203,63412,163,72604,California
Humboldt,2021-06-23,351,130895,248,64818,74,60029,29,6048,106,9087,238,63650,133,72737,California
Humboldt,2021-06-24,191,131086,102,64920,42,60071,47,6095,82,9109,105,63755,127,72864,California
Humboldt,2021-06-25,135,131221,67,64987,56,60127,12,6107,52,9090,83,63838,64,72928,California
Imperial,2020-12-16,1,1,1,1,0,0,0,0,1,1,0,0,1,1,California
Imperial,2020-12-17,4,5,4,5,0,0,0,0,4,5,0,0,4,5,California
Imperial,2020-12-18,12,17,12,17,0,0,0,0,12,17,0,0,12,17,California
Imperial,2020-12-20,3,20,3,20,0,0,0,0,3,20,0,0,3,20,California
Imperial,2020-12-21,185,205,185,205,0,0,0,0,185,205,0,0,185,205,California
Imperial,2020-12-22,240,445,238,443,2,2,0,0,240,445,0,0,240,445,California
Imperial,2020-12-23,212,657,211,654,1,3,0,0,211,656,0,0,211,656,California
Imperial,2020-12-24,7,664,7,661,0,3,0,0,7,663,0,0,7,663,California
Imperial,2020-12-26,3,667,1,662,2,5,0,0,3,666,0,0,3,666,California
Imperial,2020-12-27,62,729,0,662,62,67,0,0,62,728,0,0,62,728,California
Imperial,2020-12-28,216,945,115,777,101,168,0,0,216,944,0,0,216,944,California
Imperial,2020-12-29,190,1135,37,814,153,321,0,0,190,1134,0,0,190,1134,California
Imperial,2020-12-30,367,1502,51,865,316,637,0,0,367,1501,0,0,367,1501,California
Imperial,2020-12-31,199,1701,28,893,171,808,0,0,199,1700,0,0,199,1700,California
Imperial,2021-01-01,47,1748,5,898,42,850,0,0,47,1747,0,0,47,1747,California
Imperial,2021-01-02,5,1753,0,898,5,855,0,0,5,1752,0,0,5,1752,California
Imperial,2021-01-03,90,1843,0,898,90,945,0,0,90,1842,0,0,90,1842,California
Imperial,2021-01-04,87,1930,7,905,80,1025,0,0,87,1929,0,0,87,1929,California
Imperial,2021-01-05,173,2103,14,919,159,1184,0,0,173,2102,0,0,173,2102,California
Imperial,2021-01-06,192,2295,26,945,166,1350,0,0,191,2292,1,1,191,2293,California
Imperial,2021-01-07,330,2625,12,957,318,1668,0,0,325,2612,5,6,325,2618,California
Imperial,2021-01-08,194,2819,51,1008,143,1811,0,0,185,2788,9,15,185,2803,California
Imperial,2021-01-09,24,2843,21,1029,3,1814,0,0,24,2812,0,15,24,2827,California
Imperial,2021-01-10,4,2847,1,1030,3,1817,0,0,3,2814,1,16,3,2830,California
Imperial,2021-01-11,403,3250,243,1273,160,1977,0,0,176,2763,227,243,176,3006,California
Imperial,2021-01-12,412,3662,304,1577,108,2085,0,0,150,2652,261,504,150,3156,California
Imperial,2021-01-13,386,4048,135,1712,251,2336,0,0,284,2834,102,606,284,3440,California
Imperial,2021-01-14,268,4316,151,1863,117,2453,0,0,262,3091,5,611,262,3702,California
Imperial,2021-01-15,247,4563,182,2045,65,2518,0,0,239,3322,8,619,239,3941,California
Imperial,2021-01-16,94,4657,74,2119,20,2538,0,0,93,3414,1,620,93,4034,California
Imperial,2021-01-17,18,4675,5,2124,13,2551,0,0,17,3430,1,621,17,4051,California
Imperial,2021-01-18,1070,5745,398,2522,672,3223,0,0,972,4305,98,719,973,5024,California
Imperial,2021-01-19,171,5916,128,2650,43,3266,0,0,124,4382,47,766,124,5148,California
Imperial,2021-01-20,300,6216,198,2848,102,3368,0,0,261,4604,39,805,261,5409,California
Imperial,2021-01-21,436,6652,185,3033,251,3619,0,0,414,4996,22,827,414,5823,California
Imperial,2021-01-22,476,7128,188,3221,288,3907,0,0,467,5454,9,836,467,6290,California
Imperial,2021-01-23,1064,8192,292,3513,772,4679,0,0,1062,6514,2,838,1062,7352,California
Imperial,2021-01-24,24,8216,2,3515,22,4701,0,0,24,6538,0,838,24,7376,California
Imperial,2021-01-25,224,8440,10,3525,214,4915,0,0,41,6398,181,1019,41,7417,California
Imperial,2021-01-26,376,8816,181,3706,195,5110,0,0,232,6488,143,1162,233,7650,California
Imperial,2021-01-27,588,9404,163,3869,425,5535,0,0,254,6408,334,1496,254,7904,California
Imperial,2021-01-28,654,10058,165,4034,489,6024,0,0,544,6842,110,1606,544,8448,California
Imperial,2021-01-29,446,10504,298,4332,148,6172,0,0,397,7190,49,1655,397,8845,California
Imperial,2021-01-30,83,10587,40,4372,43,6215,0,0,66,7239,17,1672,66,8911,California
Imperial,2021-01-31,27,10614,4,4376,23,6238,0,0,26,7264,1,1673,26,8937,California
Imperial,2021-02-01,464,11078,67,4443,397,6635,0,0,251,7304,211,1884,251,9188,California
Imperial,2021-02-02,745,11823,63,4506,682,7317,0,0,563,7685,182,2066,563,9751,California
Imperial,2021-02-03,493,12316,52,4558,441,7758,0,0,296,7785,196,2262,296,10047,California
Imperial,2021-02-04,1778,14094,1220,5778,558,8316,0,0,1460,8928,317,2579,1460,11507,California
Imperial,2021-02-05,455,14549,254,6032,201,8517,0,0,218,8910,238,2817,220,11727,California
Imperial,2021-02-06,890,15439,849,6881,41,8558,0,0,854,9726,38,2855,854,12581,California
Imperial,2021-02-07,49,15488,17,6898,32,8590,0,0,45,9767,4,2859,45,12626,California
Imperial,2021-02-08,274,15762,45,6943,229,8819,0,0,206,9905,68,2927,206,12832,California
Imperial,2021-02-09,489,16251,152,7095,337,9156,0,0,322,10063,167,3094,325,13157,California
Imperial,2021-02-10,479,16730,59,7154,420,9576,0,0,111,9809,368,3462,114,13271,California
Imperial,2021-02-11,1083,17813,387,7541,696,10272,0,0,180,9094,898,4360,183,13454,California
Imperial,2021-02-12,2180,19993,1436,8977,744,11016,0,0,1823,10563,360,4720,1829,15283,California
Imperial,2021-02-13,81,20074,28,9005,53,11069,0,0,63,10607,21,4741,65,15348,California
Imperial,2021-02-14,49,20123,34,9039,15,11084,0,0,46,10650,3,4744,46,15394,California
Imperial,2021-02-15,145,20268,37,9076,108,11192,0,0,127,10762,18,4762,130,15524,California
Imperial,2021-02-16,520,20788,264,9340,256,11448,0,0,302,10850,218,4980,306,15830,California
Imperial,2021-02-17,460,21248,303,9643,157,11605,0,0,104,10603,356,5336,109,15939,California
Imperial,2021-02-18,677,21925,327,9970,350,11955,0,0,156,10249,520,5856,166,16105,California
Imperial,2021-02-19,793,22718,401,10371,392,12347,0,0,209,9877,583,6439,211,16316,California
Imperial,2021-02-20,1061,23779,208,10579,853,13200,0,0,336,9500,723,7162,346,16662,California
Imperial,2021-02-21,601,24380,569,11148,32,13232,0,0,592,10087,8,7170,595,17257,California
Imperial,2021-02-22,826,25206,583,11731,243,13475,0,0,767,10800,59,7229,772,18029,California
Imperial,2021-02-23,1027,26233,434,12165,593,14068,0,0,945,11677,81,7310,958,18987,California
Imperial,2021-02-24,752,26985,316,12481,436,14504,0,0,635,12211,115,7425,649,19636,California
Imperial,2021-02-25,902,27887,369,12850,533,15037,0,0,504,12341,397,7822,527,20163,California
Imperial,2021-02-26,2342,30229,1381,14231,961,15998,0,0,1830,13682,511,8333,1852,22015,California
Imperial,2021-02-27,994,31223,906,15137,88,16086,0,0,237,13181,758,9091,257,22272,California
Imperial,2021-02-28,94,31317,75,15212,19,16105,0,0,74,13246,20,9111,85,22357,California
Imperial,2021-03-01,558,31875,331,15543,224,16329,3,3,474,13653,81,9192,488,22845,California
Imperial,2021-03-02,748,32623,271,15814,476,16805,1,4,410,13741,336,9528,424,23269,California
Imperial,2021-03-03,973,33596,67,15881,905,17710,1,5,578,13957,391,9919,607,23876,California
Imperial,2021-03-04,810,34406,122,16003,687,18397,1,6,519,14237,289,10208,569,24445,California
Imperial,2021-03-05,3140,37546,2240,18243,900,19297,0,6,1756,14637,1388,11596,1788,26233,California
Imperial,2021-03-06,742,38288,253,18496,489,19786,0,6,675,15273,64,11660,700,26933,California
Imperial,2021-03-07,125,38413,70,18566,55,19841,0,6,73,15320,51,11711,98,27031,California
Imperial,2021-03-08,470,38883,359,18925,76,19917,35,41,378,15675,92,11803,447,27478,California
Imperial,2021-03-09,713,39596,322,19247,143,20060,248,289,415,16042,298,12101,665,28143,California
Imperial,2021-03-10,722,40318,332,19579,284,20344,106,395,336,16112,385,12486,455,28598,California
Imperial,2021-03-11,1832,42150,493,20072,1148,21492,191,586,1206,16909,622,13108,1419,30017,California
Imperial,2021-03-12,4887,47037,3467,23539,1211,22703,209,795,3128,18516,1752,14860,3359,33376,California
Imperial,2021-03-13,1218,48255,100,23639,884,23587,234,1029,881,19322,334,15194,1140,34516,California
Imperial,2021-03-14,203,48458,48,23687,141,23728,14,1043,145,19439,58,15252,175,34691,California
Imperial,2021-03-15,715,49173,239,23926,218,23946,258,1301,391,19785,322,15574,668,35359,California
Imperial,2021-03-16,1155,50328,307,24233,379,24325,469,1770,558,20247,595,16169,1057,36416,California
Imperial,2021-03-17,1636,51964,705,24938,792,25117,139,1909,1030,20826,599,16768,1178,37594,California
Imperial,2021-03-18,1839,53803,1215,26153,564,25681,60,1969,1276,21609,559,17327,1342,38936,California
Imperial,2021-03-19,3828,57631,2794,28947,1031,26712,3,1972,1932,21659,1888,19215,1938,40874,California
Imperial,2021-03-20,1792,59423,560,29507,1225,27937,7,1979,1333,22552,453,19668,1346,42220,California
Imperial,2021-03-21,272,59695,84,29591,183,28120,5,1984,165,22623,107,19775,178,42398,California
Imperial,2021-03-22,1072,60767,360,29951,705,28825,7,1991,625,22816,445,20220,638,43036,California
Imperial,2021-03-23,1500,62267,512,30463,982,29807,6,1997,928,23187,568,20788,939,43975,California
Imperial,2021-03-24,2156,64423,582,31045,1148,30955,426,2423,1160,23783,993,21781,1589,45564,California
Imperial,2021-03-25,3224,67647,715,31760,889,31844,1620,4043,1201,24579,2017,23798,2813,48377,California
Imperial,2021-03-26,3206,70853,1190,32950,1038,32882,978,5021,911,24190,2283,26081,1894,50271,California
Imperial,2021-03-27,633,71486,285,33235,291,33173,57,5078,446,24511,184,26265,505,50776,California
Imperial,2021-03-28,220,71706,57,33292,161,33334,2,5080,177,24650,41,26306,180,50956,California
Imperial,2021-03-29,1493,73199,364,33656,404,33738,725,5805,328,24543,1162,27468,1055,52011,California
Imperial,2021-03-30,2107,75306,694,34350,597,34335,816,6621,687,24625,1418,28886,1500,53511,California
Imperial,2021-03-31,1546,76852,728,35078,812,35147,6,6627,1021,25129,522,29408,1026,54537,California
Imperial,2021-04-01,2076,78928,432,35510,1399,36546,245,6872,881,25066,1189,30597,1126,55663,California
Imperial,2021-04-02,1973,80901,484,35994,1412,37958,77,6949,1338,25853,629,31226,1416,57079,California
Imperial,2021-04-03,1531,82432,434,36428,1017,38975,80,7029,706,25819,822,32048,788,57867,California
Imperial,2021-04-04,88,82520,44,36472,27,39002,17,7046,24,25797,64,32112,42,57909,California
Imperial,2021-04-05,3410,85930,2320,38792,925,39927,165,7211,808,24185,2592,34704,980,58889,California
Imperial,2021-04-06,1327,87257,537,39329,600,40527,190,7401,688,24432,634,35338,881,59770,California
Imperial,2021-04-07,2171,89428,560,39889,1235,41762,376,7777,1561,25753,614,35952,1935,61705,California
Imperial,2021-04-08,2227,91655,1087,40976,842,42604,298,8075,1075,25977,1147,37099,1371,63076,California
Imperial,2021-04-09,3228,94883,1670,42646,938,43542,620,8695,1520,26414,1700,38799,2137,65213,California
Imperial,2021-04-10,1313,96196,190,42836,849,44391,274,8969,229,25835,1081,39880,502,65715,California
Imperial,2021-04-11,225,96421,36,42872,157,44548,32,9001,78,25801,147,40027,113,65828,California
Imperial,2021-04-12,1455,97876,778,43650,456,45004,221,9222,825,26224,624,40651,1047,66875,California
Imperial,2021-04-13,2944,100820,1903,45553,1039,46043,2,9224,2048,27385,892,41543,2053,68928,California
Imperial,2021-04-14,2047,102867,954,46507,1093,47136,0,9224,1401,28151,640,42183,1406,70334,California
Imperial,2021-04-15,2009,104876,924,47431,1085,48221,0,9224,1371,28895,633,42816,1377,71711,California
Imperial,2021-04-16,3455,108331,1799,49230,1656,49877,0,9224,2160,29777,1281,44097,2163,73874,California
Imperial,2021-04-17,1829,110160,939,50169,888,50765,2,9226,1420,30796,404,44501,1423,75297,California
Imperial,2021-04-18,273,110433,85,50254,188,50953,0,9226,98,30724,173,44674,101,75398,California
Imperial,2021-04-19,852,111285,271,50525,581,51534,0,9226,474,30828,375,45049,479,75877,California
Imperial,2021-04-20,1347,112632,551,51076,796,52330,0,9226,760,31005,586,45635,763,76640,California
Imperial,2021-04-21,1435,114067,378,51454,1056,53386,1,9227,842,31261,586,46221,842,77482,California
Imperial,2021-04-22,2377,116444,828,52282,1549,54935,0,9227,1657,32216,704,46925,1659,79141,California
Imperial,2021-04-23,2832,119276,551,52833,2281,57216,0,9227,1104,31628,1696,48621,1108,80249,California
Imperial,2021-04-24,549,119825,324,53157,225,57441,0,9227,198,31478,348,48969,198,80447,California
Imperial,2021-04-25,272,120097,102,53259,170,57611,0,9227,140,31488,130,49099,140,80587,California
Imperial,2021-04-26,1235,121332,483,53742,748,58359,4,9231,711,31685,518,49617,715,81302,California
Imperial,2021-04-27,1124,122456,371,54113,744,59103,9,9240,557,31691,561,50178,567,81869,California
Imperial,2021-04-28,1507,123963,655,54768,823,59926,29,9269,690,31599,811,50989,719,82588,California
Imperial,2021-04-29,1844,125807,865,55633,933,60859,46,9315,821,31456,1012,52001,869,83457,California
Imperial,2021-04-30,3279,129086,1686,57319,1559,62418,34,9349,1578,31380,1688,53689,1612,85069,California
Imperial,2021-05-01,327,129413,126,57445,198,62616,3,9352,163,31385,163,53852,168,85237,California
Imperial,2021-05-02,88,129501,29,57474,57,62673,2,9354,51,31402,37,53889,54,85291,California
Imperial,2021-05-03,1645,131146,545,58019,1051,63724,49,9403,372,30562,1260,55149,420,85711,California
Imperial,2021-05-04,1765,132911,965,58984,773,64497,27,9430,545,29922,1212,56361,572,86283,California
Imperial,2021-05-05,1518,134429,905,59889,593,65090,20,9450,450,29337,1056,57417,471,86754,California
Imperial,2021-05-06,1718,136147,1139,61028,537,65627,42,9492,542,28753,1170,58587,586,87340,California
Imperial,2021-05-07,2589,138736,1450,62478,1094,66721,45,9537,859,27950,1710,60297,907,88247,California
Imperial,2021-05-08,789,139525,644,63122,136,66857,9,9546,190,27557,592,60889,199,88446,California
Imperial,2021-05-09,101,139626,69,63191,31,66888,1,9547,30,27520,68,60957,31,88477,California
Imperial,2021-05-10,1168,140794,301,63492,743,67631,124,9671,348,27178,812,61769,470,88947,California
Imperial,2021-05-11,1478,142272,476,63968,983,68614,19,9690,497,26726,973,62742,521,89468,California
Imperial,2021-05-12,860,143132,274,64242,547,69161,39,9729,307,26523,548,63290,345,89813,California
Imperial,2021-05-13,1869,145001,1252,65494,545,69706,72,9801,823,26381,1036,64326,894,90707,California
Imperial,2021-05-14,1763,146764,972,66466,732,70438,59,9860,1162,27013,589,64915,1221,91928,California
Imperial,2021-05-15,1234,147998,479,66945,733,71171,22,9882,472,26752,756,65671,495,92423,California
Imperial,2021-05-16,127,148125,86,67031,37,71208,4,9886,53,26736,73,65744,57,92480,California
Imperial,2021-05-17,1979,150104,723,67754,1205,72413,51,9937,690,26195,1282,67026,741,93221,California
Imperial,2021-05-18,1715,151819,893,68647,748,73161,74,10011,941,26443,768,67794,1016,94237,California
Imperial,2021-05-19,1304,153123,622,69269,613,73774,69,10080,610,26436,685,68479,678,94915,California
Imperial,2021-05-20,1660,154783,1012,70281,582,74356,66,10146,743,26340,905,69384,809,95724,California
Imperial,2021-05-21,1922,156705,1235,71516,624,74980,63,10209,970,26433,940,70324,1033,96757,California
Imperial,2021-05-22,295,157000,191,71707,86,75066,18,10227,151,26464,138,70462,169,96926,California
Imperial,2021-05-23,92,157092,34,71741,49,75115,9,10236,32,26447,58,70520,41,96967,California
Imperial,2021-05-24,1277,158369,625,72366,594,75709,58,10294,529,26292,741,71261,586,97553,California
Imperial,2021-05-25,1481,159850,481,72847,966,76675,34,10328,543,25943,928,72189,579,98132,California
Imperial,2021-05-26,1054,160904,551,73398,453,77128,50,10378,463,25867,588,72777,512,98644,California
Imperial,2021-05-27,1324,162228,731,74129,523,77651,70,10448,652,25922,667,73444,722,99366,California
Imperial,2021-05-28,1026,163254,592,74721,362,78013,72,10520,377,25736,639,74083,453,99819,California
Imperial,2021-05-29,223,163477,123,74844,94,78107,6,10526,112,25743,111,74194,118,99937,California
Imperial,2021-05-30,97,163574,29,74873,66,78173,2,10528,66,25780,31,74225,68,100005,California
Imperial,2021-05-31,79,163653,20,74893,53,78226,6,10534,36,25779,43,74268,42,100047,California
Imperial,2021-06-01,1182,164835,549,75442,568,78794,65,10599,467,25605,708,74976,534,100581,California
Imperial,2021-06-02,1085,165920,597,76039,397,79191,91,10690,549,25716,527,75503,638,101219,California
Imperial,2021-06-03,1247,167167,736,76775,416,79607,95,10785,590,25752,650,76153,686,101905,California
Imperial,2021-06-04,2347,169514,1707,78482,538,80145,102,10887,981,25483,1354,77507,1085,102990,California
Imperial,2021-06-05,364,169878,232,78714,117,80262,15,10902,173,25486,187,77694,190,103180,California
Imperial,2021-06-06,79,169957,46,78760,21,80283,12,10914,44,25507,35,77729,56,103236,California
Imperial,2021-06-07,1004,170961,655,79415,284,80567,65,10979,482,25545,519,78248,557,103793,California
Imperial,2021-06-08,1339,172300,1017,80432,266,80833,56,11035,541,25349,794,79042,598,104391,California
Imperial,2021-06-09,1057,173357,769,81201,231,81064,57,11092,486,25330,564,79606,545,104936,California
Imperial,2021-06-10,1126,174483,772,81973,310,81374,44,11136,439,25131,683,80289,484,105420,California
Imperial,2021-06-11,1619,176102,1181,83154,395,81769,43,11179,707,24984,899,81188,752,106172,California
Imperial,2021-06-12,238,176340,123,83277,104,81873,11,11190,99,24956,138,81326,110,106282,California
Imperial,2021-06-13,83,176423,21,83298,60,81933,2,11192,52,24981,30,81356,55,106337,California
Imperial,2021-06-14,865,177288,611,83909,212,82145,42,11234,372,24907,489,81845,415,106752,California
Imperial,2021-06-15,999,178287,735,84644,235,82380,29,11263,446,24836,547,82392,476,107228,California
Imperial,2021-06-16,909,179196,616,85260,248,82628,45,11308,447,24872,458,82850,494,107722,California
Imperial,2021-06-17,1017,180213,750,86010,226,82854,41,11349,453,24805,559,83409,492,108214,California
Imperial,2021-06-18,1053,181266,753,86763,246,83100,54,11403,654,25124,389,83798,708,108922,California
Imperial,2021-06-19,270,181536,187,86950,78,83178,5,11408,144,25148,125,83923,149,109071,California
Imperial,2021-06-20,63,181599,30,86980,29,83207,4,11412,24,25137,39,83962,28,109099,California
Imperial,2021-06-21,652,182251,388,87368,226,83433,38,11450,394,25320,252,84214,435,109534,California
Imperial,2021-06-22,1070,183321,758,88126,269,83702,43,11493,591,25484,471,84685,635,110169,California
Imperial,2021-06-23,1006,184327,699,88825,256,83958,51,11544,542,25622,455,85140,593,110762,California
Imperial,2021-06-24,824,185151,564,89389,222,84180,38,11582,405,25651,414,85554,443,111205,California
Imperial,2021-06-25,1051,186202,832,90221,167,84347,52,11634,393,25448,648,86202,445,111650,California
Inyo,2020-12-19,85,85,85,85,0,0,0,0,85,85,0,0,85,85,California
Inyo,2020-12-20,58,143,58,143,0,0,0,0,58,143,0,0,58,143,California
Inyo,2020-12-21,88,231,85,228,3,3,0,0,88,231,0,0,88,231,California
Inyo,2020-12-22,105,336,105,333,0,3,0,0,105,336,0,0,105,336,California
Inyo,2020-12-23,70,406,67,400,3,6,0,0,70,406,0,0,70,406,California
Inyo,2020-12-24,15,421,15,415,0,6,0,0,15,421,0,0,15,421,California
Inyo,2020-12-25,1,422,0,415,1,7,0,0,1,422,0,0,1,422,California
Inyo,2020-12-26,74,496,74,489,0,7,0,0,74,496,0,0,74,496,California
Inyo,2020-12-28,49,545,37,526,12,19,0,0,49,545,0,0,49,545,California
Inyo,2020-12-29,19,564,19,545,0,19,0,0,19,564,0,0,19,564,California
Inyo,2020-12-30,56,620,54,599,2,21,0,0,56,620,0,0,56,620,California
Inyo,2020-12-31,29,649,0,599,29,50,0,0,29,649,0,0,29,649,California
Inyo,2021-01-01,1,650,0,599,1,51,0,0,1,650,0,0,1,650,California
Inyo,2021-01-03,1,651,0,599,1,52,0,0,1,651,0,0,1,651,California
Inyo,2021-01-04,4,655,1,600,3,55,0,0,4,655,0,0,4,655,California
Inyo,2021-01-05,34,689,0,600,34,89,0,0,34,689,0,0,34,689,California
Inyo,2021-01-06,68,757,0,600,68,157,0,0,68,757,0,0,68,757,California
Inyo,2021-01-07,31,788,1,601,30,187,0,0,31,788,0,0,31,788,California
Inyo,2021-01-08,9,797,8,609,1,188,0,0,4,788,5,5,5,793,California
Inyo,2021-01-09,87,884,86,695,1,189,0,0,1,703,86,91,1,794,California
Inyo,2021-01-10,52,936,52,747,0,189,0,0,0,651,52,143,0,794,California
Inyo,2021-01-11,97,1033,82,829,15,204,0,0,16,586,81,224,16,810,California
Inyo,2021-01-12,138,1171,117,946,21,225,0,0,28,504,110,334,28,838,California
Inyo,2021-01-13,86,1257,68,1014,18,243,0,0,21,461,65,399,22,860,California
Inyo,2021-01-14,59,1316,13,1027,46,289,0,0,49,500,10,409,49,909,California
Inyo,2021-01-15,163,1479,28,1055,135,424,0,0,163,663,0,409,163,1072,California
Inyo,2021-01-16,74,1553,73,1128,1,425,0,0,1,591,73,482,1,1073,California
Inyo,2021-01-18,59,1612,37,1165,22,447,0,0,19,570,40,522,19,1092,California
Inyo,2021-01-19,115,1727,73,1238,42,489,0,0,98,651,17,539,98,1190,California
Inyo,2021-01-20,149,1876,72,1310,77,566,0,0,94,690,55,594,94,1284,California
Inyo,2021-01-21,120,1996,57,1367,63,629,0,0,119,808,1,595,119,1403,California
Inyo,2021-01-22,62,2058,0,1367,62,691,0,0,61,868,1,596,61,1464,California
Inyo,2021-01-23,52,2110,51,1418,1,692,0,0,52,920,0,596,52,1516,California
Inyo,2021-01-25,49,2159,6,1424,43,735,0,0,37,945,12,608,37,1553,California
Inyo,2021-01-26,135,2294,54,1478,81,816,0,0,129,1068,6,614,129,1682,California
Inyo,2021-01-27,24,2318,2,1480,22,838,0,0,23,1090,1,615,23,1705,California
Inyo,2021-01-28,92,2410,2,1482,90,928,0,0,63,1124,29,644,63,1768,California
Inyo,2021-01-29,25,2435,3,1485,22,950,0,0,23,1145,2,646,23,1791,California
Inyo,2021-01-30,11,2446,1,1486,10,960,0,0,11,1156,0,646,11,1802,California
Inyo,2021-01-31,32,2478,4,1490,28,988,0,0,4,1132,28,674,4,1806,California
Inyo,2021-02-01,11,2489,9,1499,2,990,0,0,1,1123,10,684,1,1807,California
Inyo,2021-02-02,130,2619,14,1513,116,1106,0,0,104,1201,26,710,104,1911,California
Inyo,2021-02-03,118,2737,0,1513,118,1224,0,0,74,1231,44,754,74,1985,California
Inyo,2021-02-04,151,2888,33,1546,118,1342,0,0,91,1263,60,814,92,2077,California
Inyo,2021-02-05,118,3006,62,1608,56,1398,0,0,116,1377,2,816,116,2193,California
Inyo,2021-02-06,4,3010,2,1610,2,1400,0,0,3,1379,1,817,3,2196,California
Inyo,2021-02-07,4,3014,2,1612,2,1402,0,0,4,1383,0,817,4,2200,California
Inyo,2021-02-08,117,3131,7,1619,110,1512,0,0,97,1460,20,837,97,2297,California
Inyo,2021-02-09,201,3332,52,1671,149,1661,0,0,128,1515,73,910,128,2425,California
Inyo,2021-02-10,141,3473,17,1688,124,1785,0,0,107,1588,34,944,107,2532,California
Inyo,2021-02-11,222,3695,57,1745,165,1950,0,0,126,1618,96,1040,126,2658,California
Inyo,2021-02-12,302,3997,52,1797,250,2200,0,0,168,1652,134,1174,168,2826,California
Inyo,2021-02-13,59,4056,54,1851,5,2205,0,0,8,1609,51,1225,8,2834,California
Inyo,2021-02-14,2,4058,0,1851,2,2207,0,0,2,1611,0,1225,2,2836,California
Inyo,2021-02-15,29,4087,9,1860,20,2227,0,0,5,1592,24,1249,5,2841,California
Inyo,2021-02-16,181,4268,52,1912,129,2356,0,0,92,1596,88,1337,92,2933,California
Inyo,2021-02-17,38,4306,4,1916,34,2390,0,0,8,1574,30,1367,8,2941,California
Inyo,2021-02-18,122,4428,6,1922,116,2506,0,0,79,1610,43,1410,79,3020,California
Inyo,2021-02-19,52,4480,4,1926,48,2554,0,0,9,1576,43,1453,9,3029,California
Inyo,2021-02-20,514,4994,509,2435,5,2559,0,0,511,2084,3,1456,511,3540,California
Inyo,2021-02-21,443,5437,443,2878,0,2559,0,0,443,2527,0,1456,443,3983,California
Inyo,2021-02-22,61,5498,19,2897,42,2601,0,0,27,2520,34,1490,27,4010,California
Inyo,2021-02-23,198,5696,19,2916,179,2780,0,0,94,2511,103,1593,94,4104,California
Inyo,2021-02-24,118,5814,0,2916,118,2898,0,0,57,2507,61,1654,57,4161,California
Inyo,2021-02-25,132,5946,5,2921,127,3025,0,0,62,2499,70,1724,62,4223,California
Inyo,2021-02-26,105,6051,61,2982,44,3069,0,0,20,2434,85,1809,20,4243,California
Inyo,2021-02-27,14,6065,3,2985,11,3080,0,0,2,2424,12,1821,2,4245,California
Inyo,2021-02-28,3,6068,1,2986,2,3082,0,0,2,2425,1,1822,2,4247,California
Inyo,2021-03-01,19,6087,2,2988,17,3099,0,0,17,2440,2,1824,17,4264,California
Inyo,2021-03-02,197,6284,1,2989,196,3295,0,0,112,2467,85,1909,112,4376,California
Inyo,2021-03-03,86,6370,3,2992,83,3378,0,0,42,2465,44,1953,42,4418,California
Inyo,2021-03-04,127,6497,3,2995,124,3502,0,0,45,2429,81,2034,45,4463,California
Inyo,2021-03-05,144,6641,57,3052,87,3589,0,0,40,2365,104,2138,40,4503,California
Inyo,2021-03-06,30,6671,1,3053,29,3618,0,0,29,2393,1,2139,29,4532,California
Inyo,2021-03-07,7,6678,4,3057,3,3621,0,0,5,2396,2,2141,5,4537,California
Inyo,2021-03-08,184,6862,5,3062,179,3800,0,0,91,2394,93,2234,91,4628,California
Inyo,2021-03-09,191,7053,3,3065,188,3988,0,0,74,2351,117,2351,74,4702,California
Inyo,2021-03-10,71,7124,8,3073,62,4050,1,1,30,2341,41,2392,31,4733,California
Inyo,2021-03-11,205,7329,1,3074,199,4249,5,6,74,2289,131,2523,79,4812,California
Inyo,2021-03-12,176,7505,4,3078,166,4415,6,12,77,2273,99,2622,83,4895,California
Inyo,2021-03-13,585,8090,550,3628,25,4440,10,22,70,1839,514,3136,80,4975,California
Inyo,2021-03-14,441,8531,440,4068,1,4441,0,22,4,1407,436,3572,4,4979,California
Inyo,2021-03-15,51,8582,15,4083,34,4475,2,24,30,1418,21,3593,32,5011,California
Inyo,2021-03-16,164,8746,4,4087,154,4629,6,30,64,1389,99,3692,70,5081,California
Inyo,2021-03-17,108,8854,3,4090,98,4727,7,37,92,1472,16,3708,99,5180,California
Inyo,2021-03-18,185,9039,16,4106,162,4889,7,44,104,1502,81,3789,111,5291,California
Inyo,2021-03-19,46,9085,4,4110,38,4927,4,48,36,1532,10,3799,40,5331,California
Inyo,2021-03-20,20,9105,1,4111,10,4937,9,57,1,1523,19,3818,10,5341,California
Inyo,2021-03-22,59,9164,3,4114,51,4988,5,62,39,1547,20,3838,44,5385,California
Inyo,2021-03-23,195,9359,4,4118,187,5175,4,66,105,1566,90,3928,109,5494,California
Inyo,2021-03-24,141,9500,3,4121,133,5308,5,71,86,1602,55,3983,91,5585,California
Inyo,2021-03-25,331,9831,110,4231,218,5526,3,74,265,1804,66,4049,268,5853,California
Inyo,2021-03-26,92,9923,3,4234,85,5611,4,78,71,1858,21,4070,75,5928,California
Inyo,2021-03-27,54,9977,46,4280,5,5616,3,81,48,1903,6,4076,51,5979,California
Inyo,2021-03-28,4,9981,1,4281,2,5618,1,82,1,1902,3,4079,2,5981,California
Inyo,2021-03-29,109,10090,2,4283,102,5720,5,87,82,1963,26,4105,87,6068,California
Inyo,2021-03-30,221,10311,2,4285,214,5934,5,92,109,1965,112,4217,114,6182,California
Inyo,2021-03-31,150,10461,4,4289,141,6075,5,97,108,2036,42,4259,113,6295,California
Inyo,2021-04-01,166,10627,3,4292,162,6237,1,98,117,2105,49,4308,118,6413,California
Inyo,2021-04-02,80,10707,1,4293,77,6314,2,100,50,2127,30,4338,52,6465,California
Inyo,2021-04-03,92,10799,46,4339,32,6346,14,114,4,2058,86,4424,17,6482,California
Inyo,2021-04-04,5,10804,4,4343,0,6346,1,115,1,2056,4,4428,2,6484,California
Inyo,2021-04-05,117,10921,1,4344,112,6458,4,119,29,2001,88,4516,33,6517,California
Inyo,2021-04-06,237,11158,5,4349,169,6627,63,182,105,2037,132,4648,168,6685,California
Inyo,2021-04-07,205,11363,2,4351,76,6703,127,309,48,2054,158,4806,175,6860,California
Inyo,2021-04-08,181,11544,15,4366,149,6852,17,326,81,2052,100,4906,98,6958,California
Inyo,2021-04-09,125,11669,7,4373,95,6947,23,349,37,2025,87,4993,60,7018,California
Inyo,2021-04-10,42,11711,1,4374,24,6971,17,366,3,2006,39,5032,20,7038,California
Inyo,2021-04-11,1,11712,0,4374,1,6972,0,366,1,2007,0,5032,1,7039,California
Inyo,2021-04-12,79,11791,0,4374,74,7046,5,371,41,2015,38,5070,46,7085,California
Inyo,2021-04-13,124,11915,5,4379,116,7162,3,374,64,2023,59,5129,67,7152,California
Inyo,2021-04-14,130,12045,2,4381,128,7290,0,374,45,1983,85,5214,45,7197,California
Inyo,2021-04-15,275,12320,117,4498,158,7448,0,374,79,1866,196,5410,79,7276,California
Inyo,2021-04-16,47,12367,5,4503,42,7490,0,374,19,1857,28,5438,19,7295,California
Inyo,2021-04-17,2,12369,1,4504,1,7491,0,374,1,1857,1,5439,1,7296,California
Inyo,2021-04-19,132,12501,45,4549,87,7578,0,374,45,1815,87,5526,45,7341,California
Inyo,2021-04-20,163,12664,2,4551,161,7739,0,374,79,1810,84,5610,79,7420,California
Inyo,2021-04-21,114,12778,5,4556,109,7848,0,374,33,1762,81,5691,33,7453,California
Inyo,2021-04-22,196,12974,1,4557,195,8043,0,374,51,1668,145,5836,51,7504,California
Inyo,2021-04-23,95,13069,4,4561,91,8134,0,374,22,1617,73,5909,22,7526,California
Inyo,2021-04-24,309,13378,308,4869,1,8135,0,374,305,1918,4,5913,305,7831,California
Inyo,2021-04-25,135,13513,134,5003,1,8136,0,374,135,2053,0,5913,135,7966,California
Inyo,2021-04-26,93,13606,2,5005,90,8226,1,375,11,1984,81,5994,12,7978,California
Inyo,2021-04-27,183,13789,6,5011,172,8398,5,380,47,1900,136,6130,52,8030,California
Inyo,2021-04-28,121,13910,2,5013,117,8515,2,382,20,1821,101,6231,22,8052,California
Inyo,2021-04-29,172,14082,56,5069,116,8631,0,382,77,1804,94,6325,77,8129,California
Inyo,2021-04-30,83,14165,5,5074,77,8708,1,383,23,1768,60,6385,24,8153,California
Inyo,2021-05-01,12,14177,3,5077,9,8717,0,383,10,1776,2,6387,10,8163,California
Inyo,2021-05-02,7,14184,3,5080,2,8719,2,385,4,1779,3,6390,6,8169,California
Inyo,2021-05-03,39,14223,1,5081,34,8753,4,389,6,1756,33,6423,10,8179,California
Inyo,2021-05-04,123,14346,2,5083,117,8870,4,393,19,1675,104,6527,23,8202,California
Inyo,2021-05-05,36,14382,0,5083,34,8904,2,395,11,1663,25,6552,13,8215,California
Inyo,2021-05-06,93,14475,4,5087,81,8985,8,403,13,1604,80,6632,21,8236,California
Inyo,2021-05-07,49,14524,4,5091,37,9022,8,411,24,1612,24,6656,32,8268,California
Inyo,2021-05-08,11,14535,2,5093,4,9026,5,416,4,1614,7,6663,9,8277,California
Inyo,2021-05-09,1,14536,0,5093,1,9027,0,416,0,1613,1,6664,0,8277,California
Inyo,2021-05-10,70,14606,1,5094,67,9094,2,418,32,1609,39,6703,35,8312,California
Inyo,2021-05-11,88,14694,1,5095,84,9178,3,421,20,1564,68,6771,23,8335,California
Inyo,2021-05-12,42,14736,1,5096,39,9217,2,423,10,1544,32,6803,12,8347,California
Inyo,2021-05-13,76,14812,1,5097,74,9291,1,424,13,1495,63,6866,14,8361,California
Inyo,2021-05-14,28,14840,5,5102,18,9309,5,429,14,1500,14,6880,19,8380,California
Inyo,2021-05-15,379,15219,366,5468,11,9320,2,431,85,1293,294,7174,87,8467,California
Inyo,2021-05-16,200,15419,200,5668,0,9320,0,431,73,1239,127,7301,73,8540,California
Inyo,2021-05-17,63,15482,3,5671,56,9376,4,435,18,1217,44,7345,22,8562,California
Inyo,2021-05-18,83,15565,2,5673,80,9456,1,436,17,1169,66,7411,18,8580,California
Inyo,2021-05-19,48,15613,2,5675,41,9497,5,441,14,1154,34,7445,19,8599,California
Inyo,2021-05-20,146,15759,83,5758,62,9559,1,442,37,1082,110,7555,38,8637,California
Inyo,2021-05-21,49,15808,18,5776,26,9585,5,447,19,1076,30,7585,24,8661,California
Inyo,2021-05-22,26,15834,16,5792,7,9592,3,450,19,1091,7,7592,22,8683,California
Inyo,2021-05-23,2,15836,1,5793,0,9592,1,451,0,1090,2,7594,1,8684,California
Inyo,2021-05-24,33,15869,6,5799,24,9616,3,454,13,1086,20,7614,16,8700,California
Inyo,2021-05-25,83,15952,39,5838,42,9658,2,456,48,1101,35,7649,50,8750,California
Inyo,2021-05-26,43,15995,16,5854,25,9683,2,458,20,1101,22,7671,22,8772,California
Inyo,2021-05-27,39,16034,10,5864,21,9704,8,466,12,1095,26,7697,20,8792,California
Inyo,2021-05-28,26,16060,6,5870,15,9719,5,471,8,1090,18,7715,13,8805,California
Inyo,2021-05-29,16,16076,5,5875,11,9730,0,471,7,1088,9,7724,7,8812,California
Inyo,2021-05-30,2,16078,0,5875,2,9732,0,471,0,1086,2,7726,0,8812,California
Inyo,2021-06-01,55,16133,16,5891,33,9765,6,477,23,1083,32,7758,29,8841,California
Inyo,2021-06-02,11,16144,9,5900,1,9766,1,478,10,1093,1,7759,11,8852,California
Inyo,2021-06-03,25,16169,0,5900,18,9784,7,485,1,1077,24,7783,8,8860,California
Inyo,2021-06-04,32,16201,6,5906,22,9806,4,489,12,1073,20,7803,16,8876,California
Inyo,2021-06-05,17,16218,8,5914,8,9814,1,490,4,1065,13,7816,5,8881,California
Inyo,2021-06-06,1,16219,1,5915,0,9814,0,490,1,1066,0,7816,1,8882,California
Inyo,2021-06-07,51,16270,15,5930,33,9847,3,493,5,1028,46,7862,8,8890,California
Inyo,2021-06-08,53,16323,25,5955,25,9872,3,496,26,1030,27,7889,29,8919,California
Inyo,2021-06-09,111,16434,95,6050,14,9886,2,498,14,949,97,7986,16,8935,California
Inyo,2021-06-10,53,16487,39,6089,9,9895,5,503,15,931,38,8024,20,8955,California
Inyo,2021-06-11,44,16531,23,6112,19,9914,2,505,17,923,27,8051,19,8974,California
Inyo,2021-06-12,15,16546,8,6120,6,9920,1,506,5,919,10,8061,6,8980,California
Inyo,2021-06-13,1,16547,0,6120,1,9921,0,506,0,918,1,8062,0,8980,California
Inyo,2021-06-14,60,16607,28,6148,29,9950,3,509,8,877,52,8114,11,8991,California
Inyo,2021-06-15,53,16660,40,6188,9,9959,4,513,10,848,43,8157,14,9005,California
Inyo,2021-06-16,34,16694,20,6208,14,9973,0,513,7,828,27,8184,7,9012,California
Inyo,2021-06-17,23,16717,13,6221,6,9979,4,517,5,820,17,8201,9,9021,California
Inyo,2021-06-18,14,16731,5,6226,6,9985,3,520,2,813,12,8213,5,9026,California
Inyo,2021-06-19,20,16751,6,6232,13,9998,1,521,7,808,13,8226,8,9034,California
Inyo,2021-06-21,29,16780,8,6240,18,10016,3,524,13,808,16,8242,16,9050,California
Inyo,2021-06-22,37,16817,31,6271,5,10021,1,525,19,810,18,8260,20,9070,California
Inyo,2021-06-23,11,16828,6,6277,5,10026,0,525,1,801,10,8270,1,9071,California
Inyo,2021-06-24,4,16832,1,6278,3,10029,0,525,2,801,2,8272,2,9073,California
Inyo,2021-06-25,11,16843,3,6281,7,10036,1,526,8,807,3,8275,9,9082,California
Kern,2020-12-15,1,1,1,1,0,0,0,0,1,1,0,0,1,1,California
Kern,2020-12-16,19,20,19,20,0,0,0,0,19,20,0,0,19,20,California
Kern,2020-12-17,164,184,164,184,0,0,0,0,164,184,0,0,164,184,California
Kern,2020-12-18,325,509,325,509,0,0,0,0,325,509,0,0,325,509,California
Kern,2020-12-19,99,608,99,608,0,0,0,0,100,609,0,0,100,609,California
Kern,2020-12-20,62,670,62,670,0,0,0,0,62,671,0,0,62,671,California
Kern,2020-12-21,674,1344,673,1343,1,1,0,0,674,1345,0,0,674,1345,California
Kern,2020-12-22,533,1877,530,1873,3,4,0,0,533,1878,0,0,533,1878,California
Kern,2020-12-23,558,2435,420,2293,138,142,0,0,558,2436,0,0,558,2436,California
Kern,2020-12-24,123,2558,44,2337,79,221,0,0,123,2559,0,0,123,2559,California
Kern,2020-12-25,1,2559,1,2338,0,221,0,0,1,2560,0,0,1,2560,California
Kern,2020-12-26,34,2593,2,2340,32,253,0,0,34,2594,0,0,34,2594,California
Kern,2020-12-27,35,2628,3,2343,32,285,0,0,35,2629,0,0,35,2629,California
Kern,2020-12-28,831,3459,666,3009,165,450,0,0,831,3460,0,0,831,3460,California
Kern,2020-12-29,744,4203,451,3460,293,743,0,0,743,4202,1,1,743,4203,California
Kern,2020-12-30,1207,5410,914,4374,293,1036,0,0,1207,5409,0,1,1207,5410,California
Kern,2020-12-31,276,5686,99,4473,177,1213,0,0,276,5685,0,1,276,5686,California
Kern,2021-01-01,18,5704,9,4482,9,1222,0,0,18,5703,0,1,18,5704,California
Kern,2021-01-02,79,5783,18,4500,61,1283,0,0,79,5782,0,1,79,5783,California
Kern,2021-01-03,23,5806,4,4504,19,1302,0,0,23,5805,0,1,23,5806,California
Kern,2021-01-04,555,6361,361,4865,194,1496,0,0,555,6360,0,1,555,6361,California
Kern,2021-01-05,1134,7495,740,5605,394,1890,0,0,1122,7470,12,13,1122,7483,California
Kern,2021-01-06,1166,8661,450,6055,716,2606,0,0,1136,8576,30,43,1136,8619,California
Kern,2021-01-07,1414,10075,491,6546,923,3529,0,0,1244,9651,169,212,1244,9863,California
Kern,2021-01-08,1632,11707,771,7317,861,4390,0,0,1329,10678,303,515,1330,11193,California
Kern,2021-01-09,229,11936,79,7396,150,4540,0,0,193,10835,36,551,193,11386,California
Kern,2021-01-10,195,12131,149,7545,46,4586,0,0,154,10948,41,592,154,11540,California
Kern,2021-01-11,1562,13693,989,8534,573,5159,0,0,1003,11392,559,1151,1003,12543,California
Kern,2021-01-12,1878,15571,817,9351,1061,6220,0,0,1361,12236,517,1668,1361,13904,California
Kern,2021-01-13,1861,17432,877,10228,984,7204,0,0,1437,13249,424,2092,1437,15341,California
Kern,2021-01-14,2200,19632,652,10880,1548,8752,0,0,2154,15357,46,2138,2154,17495,California
Kern,2021-01-15,2727,22359,861,11741,1866,10618,0,0,2630,17893,95,2233,2631,20126,California
Kern,2021-01-16,675,23034,213,11954,462,11080,0,0,640,18498,35,2268,640,20766,California
Kern,2021-01-17,74,23108,7,11961,67,11147,0,0,72,18568,2,2270,72,20838,California
Kern,2021-01-18,1646,24754,657,12618,989,12136,0,0,1480,19882,166,2436,1480,22318,California
Kern,2021-01-19,1869,26623,1034,13652,835,12971,0,0,1401,20816,468,2904,1402,23720,California
Kern,2021-01-20,2629,29252,1685,15337,944,13915,0,0,1923,22040,701,3605,1925,25645,California
Kern,2021-01-21,2138,31390,874,16211,1264,15179,0,0,1941,23785,196,3801,1941,27586,California
Kern,2021-01-22,2732,34122,1310,17521,1422,16601,0,0,2451,25956,280,4081,2451,30037,California
Kern,2021-01-23,1252,35374,544,18065,708,17309,0,0,1205,27114,47,4128,1205,31242,California
Kern,2021-01-24,154,35528,12,18077,142,17451,0,0,148,27256,6,4134,148,31390,California
Kern,2021-01-25,2385,37913,1083,19160,1302,18753,0,0,1900,28673,484,4618,1901,33291,California
Kern,2021-01-26,2790,40703,1131,20291,1659,20412,0,0,1928,29740,861,5479,1928,35219,California
Kern,2021-01-27,3560,44263,1898,22189,1662,22074,0,0,2860,31903,697,6176,2860,38079,California
Kern,2021-01-28,2894,47157,1360,23549,1534,23608,0,0,2461,33939,428,6604,2464,40543,California
Kern,2021-01-29,3802,50959,1804,25353,1998,25606,0,0,3251,36642,548,7152,3251,43794,California
Kern,2021-01-30,1335,52294,500,25853,835,26441,0,0,1283,37875,50,7202,1283,45077,California
Kern,2021-01-31,403,52697,276,26129,127,26568,0,0,268,38008,135,7337,268,45345,California
Kern,2021-02-01,2590,55287,978,27107,1612,28180,0,0,1875,39172,712,8049,1876,47221,California
Kern,2021-02-02,2766,58053,803,27910,1963,30143,0,0,2059,40525,707,8756,2060,49281,California
Kern,2021-02-03,3693,61746,1557,29467,2136,32279,0,0,2716,42271,970,9726,2716,51997,California
Kern,2021-02-04,3818,65564,1454,30921,2364,34643,0,0,2593,43649,1215,10941,2593,54590,California
Kern,2021-02-05,4869,70433,1989,32910,2880,37523,0,0,3103,45005,1747,12688,3103,57693,California
Kern,2021-02-06,1742,72175,771,33681,971,38494,0,0,1513,46292,226,12914,1513,59206,California
Kern,2021-02-07,283,72458,150,33831,133,38627,0,0,265,46541,16,12930,265,59471,California
Kern,2021-02-08,2568,75026,789,34620,1779,40406,0,0,1258,46508,1292,14222,1259,60730,California
Kern,2021-02-09,3040,78066,979,35599,2061,42467,0,0,1462,46402,1568,15790,1462,62192,California
Kern,2021-02-10,3824,81890,1672,37271,2152,44619,0,0,1894,46383,1914,17704,1895,64087,California
Kern,2021-02-11,4293,86183,1542,38813,2751,47370,0,0,2234,46573,2046,19750,2236,66323,California
Kern,2021-02-12,5000,91183,1909,40722,3091,50461,0,0,2487,46561,2499,22249,2487,68810,California
Kern,2021-02-13,2019,93202,736,41458,1283,51744,0,0,1162,46868,855,23104,1162,69972,California
Kern,2021-02-14,353,93555,12,41470,341,52085,0,0,271,47058,81,23185,271,70243,California
Kern,2021-02-15,2761,96316,904,42374,1857,53942,0,0,1221,46747,1532,24717,1221,71464,California
Kern,2021-02-16,2959,99275,721,43095,2238,56180,0,0,1655,47108,1295,26012,1656,73120,California
Kern,2021-02-17,4091,103366,2089,45184,2002,58182,0,0,1929,46882,2156,28168,1930,75050,California
Kern,2021-02-18,3784,107150,1501,46685,2283,60465,0,0,1625,46359,2148,30316,1625,76675,California
Kern,2021-02-19,4207,111357,1922,48607,2285,62750,0,0,1740,45639,2460,32776,1740,78415,California
Kern,2021-02-20,2606,113963,972,49579,1634,64384,0,0,1361,45759,1241,34017,1361,79776,California
Kern,2021-02-21,272,114235,166,49745,106,64490,0,0,91,45672,179,34196,92,79868,California
Kern,2021-02-22,2677,116912,1156,50901,1521,66011,0,0,1437,45875,1234,35430,1437,81305,California
Kern,2021-02-23,3586,120498,1133,52034,2453,68464,0,0,1989,46270,1595,37025,1990,83295,California
Kern,2021-02-24,5217,125715,2292,54326,2925,71389,0,0,3106,47270,2106,39131,3106,86401,California
Kern,2021-02-25,5389,131104,2459,56785,2930,74319,0,0,3197,48294,2173,41304,3197,89598,California
Kern,2021-02-26,6937,138041,3542,60327,3395,77714,0,0,4370,50105,2561,43865,4372,93970,California
Kern,2021-02-27,3958,141999,1983,62310,1975,79689,0,0,2614,51384,1335,45200,2614,96584,California
Kern,2021-02-28,917,142916,503,62813,413,80102,1,1,696,51862,219,45419,697,97281,California
Kern,2021-03-01,4023,146939,1827,64640,2192,82294,4,5,2703,53259,1310,46729,2707,99988,California
Kern,2021-03-02,4496,151435,1417,66057,3075,85369,4,9,2961,54697,1524,48253,2962,102950,California
Kern,2021-03-03,6005,157440,2847,68904,3156,88525,2,11,3889,56486,2101,50354,3890,106840,California
Kern,2021-03-04,5704,163144,2282,71186,3417,91942,5,16,3699,58199,1989,52343,3702,110542,California
Kern,2021-03-05,6663,169807,2880,74066,3764,95706,19,35,4204,59973,2449,54792,4223,114765,California
Kern,2021-03-06,4761,174568,1931,75997,2722,98428,108,143,3481,62289,1273,56065,3589,118354,California
Kern,2021-03-07,2062,176630,1592,77589,413,98841,57,200,1861,64008,199,56264,1918,120272,California
Kern,2021-03-08,2911,179541,925,78514,1763,100604,223,423,1528,64377,1380,57644,1749,122021,California
Kern,2021-03-09,3749,183290,815,79329,2544,103148,390,813,2341,65704,1399,59043,2726,124747,California
Kern,2021-03-10,6168,189458,2571,81900,2520,105668,1077,1890,3608,67843,2544,61587,4683,129430,California
Kern,2021-03-11,6347,195805,2445,84345,2873,108541,1029,2919,3777,70084,2560,64147,4801,134231,California
Kern,2021-03-12,7863,203668,3083,87428,3425,111966,1355,4274,4326,72229,3524,67671,5669,139900,California
Kern,2021-03-13,4684,208352,2535,89963,1811,113777,338,4612,3256,74396,1421,69092,3588,143488,California
Kern,2021-03-14,2313,210665,1535,91498,535,114312,243,4855,1789,75901,524,69616,2029,145517,California
Kern,2021-03-15,4282,214947,1109,92607,2461,116773,712,5567,2201,76739,2068,71684,2906,148423,California
Kern,2021-03-16,4449,219396,1020,93627,2893,119666,536,6103,2424,77681,2012,73696,2954,151377,California
Kern,2021-03-17,7474,226870,4089,97716,2834,122500,551,6654,4495,79759,2967,76663,5045,156422,California
Kern,2021-03-18,7323,234193,3716,101432,3018,125518,589,7243,4443,81928,2859,79522,5028,161450,California
Kern,2021-03-19,9030,243223,5015,106447,3355,128873,660,7903,4736,83043,4275,83797,5390,166840,California
Kern,2021-03-20,6196,249419,3834,110281,2188,131061,174,8077,3923,84881,2260,86057,4098,170938,California
Kern,2021-03-21,3058,252477,1935,112216,239,131300,884,8961,1851,86415,1200,87257,2734,173672,California
Kern,2021-03-22,3997,256474,1570,113786,2069,133369,358,9319,1939,86671,2041,89298,2297,175969,California
Kern,2021-03-23,4756,261230,1680,115466,2875,136244,201,9520,2489,87119,2238,91536,2686,178655,California
Kern,2021-03-24,7195,268425,3681,119147,3038,139282,476,9996,3656,87728,3521,95057,4130,182785,California
Kern,2021-03-25,6799,275224,3011,122158,3455,142737,333,10329,3225,87727,3556,98613,3555,186340,California
Kern,2021-03-26,9889,285113,4424,126582,4207,146944,1258,11587,4728,88572,5140,103753,5985,192325,California
Kern,2021-03-27,5719,290832,3998,130580,1592,148536,129,11716,3452,89887,2265,106018,3580,195905,California
Kern,2021-03-28,4691,295523,4199,134779,478,149014,14,11730,2957,91126,1732,107750,2971,198876,California
Kern,2021-03-29,4266,299789,1684,136463,2304,151318,278,12008,2615,92378,1638,109388,2890,201766,California
Kern,2021-03-30,5612,305401,1878,138341,3347,154665,387,12395,3069,93291,2539,111927,3452,205218,California
Kern,2021-03-31,8432,313833,4555,142896,3229,157894,648,13043,4316,94156,4098,116025,4963,210181,California
Kern,2021-04-01,7924,321757,3884,146780,3738,161632,302,13345,4234,95027,3661,119686,4532,214713,California
Kern,2021-04-02,8465,330222,4461,151241,3394,165026,610,13955,4222,95626,4224,123910,4823,219536,California
Kern,2021-04-03,6005,336227,3673,154914,2148,167174,184,14139,2659,95129,3337,127247,2840,222376,California
Kern,2021-04-04,1341,337568,874,155788,382,167556,85,14224,477,94828,861,128108,560,222936,California
Kern,2021-04-05,5376,342944,2221,158009,2381,169937,774,14998,2900,96009,2464,130572,3645,226581,California
Kern,2021-04-06,7145,350089,2481,160490,3284,173221,1380,16378,3566,97399,3553,134125,4943,231524,California
Kern,2021-04-07,9396,359485,5481,165971,2950,176171,965,17343,4576,98138,4800,138925,5539,237063,California
Kern,2021-04-08,8680,368165,4809,170780,2957,179128,914,18257,3727,97841,4926,143851,4629,241692,California
Kern,2021-04-09,10295,378460,5152,175932,4149,183277,994,19251,4366,97297,5901,149752,5357,247049,California
Kern,2021-04-10,6605,385065,3467,179399,1889,185166,1249,20500,2142,96230,4452,154204,3385,250434,California
Kern,2021-04-11,3934,388999,2921,182320,369,185535,644,21144,1275,95498,2644,156848,1912,252346,California
Kern,2021-04-12,4427,393426,996,183316,2456,187991,975,22119,1589,95246,2814,159662,2562,254908,California
Kern,2021-04-13,4323,397749,1425,184741,2872,190863,26,22145,2130,95224,2177,161839,2155,257063,California
Kern,2021-04-14,6118,403867,3011,187752,3085,193948,22,22167,3016,95178,3083,164922,3037,260100,California
Kern,2021-04-15,5324,409191,2500,190252,2821,196769,3,22170,2522,94918,2785,167707,2525,262625,California
Kern,2021-04-16,7326,416517,3475,193727,3850,200619,1,22171,3000,93625,4297,172004,3004,265629,California
Kern,2021-04-17,6010,422527,3942,197669,2068,202687,0,22171,2152,91939,3840,175844,2154,267783,California
Kern,2021-04-18,3899,426426,3655,201324,244,202931,0,22171,969,89987,2921,178765,969,268752,California
Kern,2021-04-19,3864,430290,1743,203067,2119,205050,2,22173,1443,89031,2399,181164,1443,270195,California
Kern,2021-04-20,4484,434774,1671,204738,2811,207861,2,22175,1719,88008,2743,183907,1720,271915,California
Kern,2021-04-21,6024,440798,3276,208014,2743,210604,5,22180,2211,86434,3788,187695,2214,274129,California
Kern,2021-04-22,4889,445687,2391,210405,2498,213102,0,22180,1745,85060,3120,190815,1746,275875,California
Kern,2021-04-23,6223,451910,3089,213494,3133,216235,1,22181,1952,82785,4230,195045,1955,277830,California
Kern,2021-04-24,4026,455936,2809,216303,1206,217441,11,22192,1451,81693,2555,197600,1463,279293,California
Kern,2021-04-25,1404,457340,1116,217419,288,217729,0,22192,827,81949,571,198171,827,280120,California
Kern,2021-04-26,3907,461247,1866,219285,1989,219718,52,22244,1081,80267,2817,200988,1135,281255,California
Kern,2021-04-27,4839,466086,2367,221652,2364,222082,108,22352,1494,78536,3330,204318,1599,282854,California
Kern,2021-04-28,6425,472511,3827,225479,2474,224556,124,22476,1875,76002,4530,208848,1996,284850,California
Kern,2021-04-29,5627,478138,3164,228643,2364,226920,99,22575,1690,73877,3915,212763,1790,286640,California
Kern,2021-04-30,5672,483810,3193,231836,2320,229240,159,22734,1661,71701,3995,216758,1819,288459,California
Kern,2021-05-01,2718,486528,1930,233766,729,229969,59,22793,1083,71218,1624,218382,1141,289600,California
Kern,2021-05-02,1897,488425,1607,235373,268,230237,22,22815,696,70742,1194,219576,718,290318,California
Kern,2021-05-03,2554,490979,1033,236406,1387,231624,134,22949,787,69912,1752,221328,922,291240,California
Kern,2021-05-04,3726,494705,1356,237762,2261,233885,109,23058,1315,68939,2395,223723,1422,292662,California
Kern,2021-05-05,4230,498935,2202,239964,1876,235761,152,23210,1406,67688,2807,226530,1556,294218,California
Kern,2021-05-06,3602,502537,1635,241599,1821,237582,146,23356,1137,66528,2439,228969,1279,295497,California
Kern,2021-05-07,4626,507163,2312,243911,2138,239720,176,23532,1303,64716,3290,232259,1478,296975,California
Kern,2021-05-08,2898,510061,1827,245738,955,240675,116,23648,892,63731,1991,234250,1006,297981,California
Kern,2021-05-09,1350,511411,1175,246913,145,240820,30,23678,439,63298,902,235152,469,298450,California
Kern,2021-05-10,2269,513680,885,247798,1281,242101,103,23781,671,62491,1579,236731,772,299222,California
Kern,2021-05-11,2651,516331,925,248723,1600,243701,126,23907,944,61867,1695,238426,1071,300293,California
Kern,2021-05-12,3643,519974,1468,250191,2024,245725,151,24058,1139,60666,2489,240915,1288,301581,California
Kern,2021-05-13,3531,523505,1865,252056,1512,247237,154,24212,1640,60579,1877,242792,1790,303371,California
Kern,2021-05-14,4334,527839,2571,254627,1540,248777,223,24435,1989,60465,2325,245117,2211,305582,California
Kern,2021-05-15,2944,530783,1919,256546,937,249714,88,24523,1565,60754,1363,246480,1652,307234,California
Kern,2021-05-16,1551,532334,1327,257873,184,249898,40,24563,884,61017,661,247141,924,308158,California
Kern,2021-05-17,2331,534665,1007,258880,1177,251075,147,24710,1176,61197,1142,248283,1322,309480,California
Kern,2021-05-18,3185,537850,1468,260348,1584,252659,133,24843,1597,61354,1570,249853,1727,311207,California
Kern,2021-05-19,3836,541686,2393,262741,1314,253973,129,24972,1784,61225,2039,251892,1910,313117,California
Kern,2021-05-20,3107,544793,1689,264430,1275,255248,143,25115,1398,61076,1688,253580,1539,314656,California
Kern,2021-05-21,3648,548441,2209,266639,1304,256552,135,25250,1812,61227,1811,255391,1962,316618,California
Kern,2021-05-22,2956,551397,2302,268941,605,257157,49,25299,1397,61123,1547,256938,1443,318061,California
Kern,2021-05-23,1264,552661,1070,270011,168,257325,26,25325,663,61219,593,257531,689,318750,California
Kern,2021-05-24,1855,554516,782,270793,959,258284,114,25439,872,61227,977,258508,985,319735,California
Kern,2021-05-25,2406,556922,1115,271908,1202,259486,89,25528,1110,61143,1282,259790,1198,320933,California
Kern,2021-05-26,2792,559714,1615,273523,1074,260560,103,25631,1194,60857,1582,261372,1296,322229,California
Kern,2021-05-27,2406,562120,1235,274758,1068,261628,103,25734,1255,61090,1129,262501,1362,323591,California
Kern,2021-05-28,2733,564853,1388,276146,1234,262862,111,25845,1264,61011,1455,263956,1376,324967,California
Kern,2021-05-29,1906,566759,1264,277410,594,263456,48,25893,930,61030,962,264918,981,325948,California
Kern,2021-05-30,862,567621,705,278115,138,263594,19,25912,433,61063,422,265340,455,326403,California
Kern,2021-05-31,132,567753,41,278156,80,263674,11,25923,46,61036,83,265423,56,326459,California
Kern,2021-06-01,2288,570041,950,279106,1267,264941,71,25994,967,60798,1305,266728,1067,327526,California
Kern,2021-06-02,2251,572292,1304,280410,841,265782,106,26100,942,60557,1298,268026,1057,328583,California
Kern,2021-06-03,2377,574669,1340,281750,882,266664,155,26255,860,60066,1506,269532,1015,329598,California
Kern,2021-06-04,2952,577621,1914,283664,929,267593,109,26364,859,58962,2075,271607,971,330569,California
Kern,2021-06-05,2526,580147,2040,285704,452,268045,34,26398,785,58057,1731,273338,826,331395,California
Kern,2021-06-06,1225,581372,1120,286824,82,268127,23,26421,438,57737,782,274120,462,331857,California
Kern,2021-06-07,1801,583173,1120,287944,586,268713,95,26516,675,57393,1113,275233,769,332626,California
Kern,2021-06-08,2123,585296,1235,289179,816,269529,72,26588,671,56708,1433,276666,748,333374,California
Kern,2021-06-09,2621,587917,1845,291024,687,270216,89,26677,821,55833,1786,278452,911,334285,California
Kern,2021-06-10,2228,590145,1382,292406,747,270963,99,26776,784,55282,1433,279885,882,335167,California
Kern,2021-06-11,2825,592970,1905,294311,829,271792,91,26867,1047,54656,1766,281651,1140,336307,California
Kern,2021-06-12,1791,594761,1332,295643,409,272201,50,26917,537,53994,1249,282900,587,336894,California
Kern,2021-06-13,918,595679,801,296444,110,272311,7,26924,273,53633,642,283542,281,337175,California
Kern,2021-06-14,1852,597531,1128,297572,628,272939,96,27020,657,53204,1184,284726,755,337930,California
Kern,2021-06-15,2113,599644,1180,298752,855,273794,78,27098,820,52817,1285,286011,898,338828,California
Kern,2021-06-16,2075,601719,1370,300122,628,274422,77,27175,825,52485,1234,287245,902,339730,California
Kern,2021-06-17,1864,603583,1161,301283,589,275011,114,27289,904,52555,951,288196,1021,340751,California
Kern,2021-06-18,2187,605770,1376,302659,693,275704,118,27407,918,52339,1251,289447,1035,341786,California
Kern,2021-06-19,1229,606999,881,303540,316,276020,32,27439,521,52194,698,290145,553,342339,California
Kern,2021-06-20,707,607706,585,304125,103,276123,19,27458,263,52032,444,290589,282,342621,California
Kern,2021-06-21,1234,608940,661,304786,496,276619,77,27535,665,52212,561,291150,741,343362,California
Kern,2021-06-22,1644,610584,876,305662,694,277313,74,27609,670,51993,963,292113,744,344106,California
Kern,2021-06-23,1698,612282,1082,306744,539,277852,77,27686,744,51877,935,293048,819,344925,California
Kern,2021-06-24,1559,613841,959,307703,511,278363,89,27775,663,51739,889,293937,751,345676,California
Kern,2021-06-25,1022,614863,636,308339,329,278692,57,27832,441,51662,574,294511,497,346173,California
Kings,2020-12-16,1,1,1,1,0,0,0,0,1,1,0,0,1,1,California
Kings,2020-12-17,8,9,8,9,0,0,0,0,8,9,0,0,8,9,California
Kings,2020-12-18,12,21,12,21,0,0,0,0,12,21,0,0,12,21,California
Kings,2020-12-19,12,33,12,33,0,0,0,0,12,33,0,0,12,33,California
Kings,2020-12-20,13,46,13,46,0,0,0,0,13,46,0,0,13,46,California
Kings,2020-12-21,156,202,156,202,0,0,0,0,268,314,0,0,268,314,California
Kings,2020-12-22,141,343,141,343,0,0,0,0,138,452,0,0,138,452,California
Kings,2020-12-23,136,479,123,466,13,13,0,0,137,589,0,0,137,589,California
Kings,2020-12-24,11,490,9,475,2,15,0,0,11,600,0,0,11,600,California
Kings,2020-12-26,7,497,4,479,3,18,0,0,7,607,0,0,7,607,California
Kings,2020-12-27,4,501,4,483,0,18,0,0,4,611,0,0,4,611,California
Kings,2020-12-28,131,632,103,586,28,46,0,0,132,743,0,0,132,743,California
Kings,2020-12-29,84,716,56,642,28,74,0,0,85,828,0,0,85,828,California
Kings,2020-12-30,150,866,109,751,41,115,0,0,150,978,0,0,150,978,California
Kings,2020-12-31,45,911,6,757,39,154,0,0,45,1023,0,0,45,1023,California
Kings,2021-01-01,1,912,0,757,1,155,0,0,1,1024,0,0,1,1024,California
Kings,2021-01-02,12,924,10,767,2,157,0,0,12,1036,0,0,12,1036,California
Kings,2021-01-04,111,1035,41,808,70,227,0,0,111,1147,0,0,111,1147,California
Kings,2021-01-05,195,1230,39,847,156,383,0,0,195,1342,0,0,195,1342,California
Kings,2021-01-06,278,1508,179,1026,99,482,0,0,275,1614,3,3,275,1617,California
Kings,2021-01-07,182,1690,83,1109,99,581,0,0,174,1780,8,11,174,1791,California
Kings,2021-01-08,250,1940,55,1164,195,776,0,0,230,1990,20,31,230,2021,California
Kings,2021-01-09,63,2003,9,1173,54,830,0,0,55,2037,8,39,55,2076,California
Kings,2021-01-10,15,2018,3,1176,12,842,0,0,12,2046,3,42,12,2088,California
Kings,2021-01-11,517,2535,353,1529,164,1006,0,0,276,2082,241,283,277,2365,California
Kings,2021-01-12,347,2882,251,1780,96,1102,0,0,214,2166,130,413,214,2579,California
Kings,2021-01-13,421,3303,274,2054,147,1249,0,0,330,2405,91,504,330,2909,California
Kings,2021-01-14,210,3513,30,2084,180,1429,0,0,200,2585,21,525,201,3110,California
Kings,2021-01-15,417,3930,30,2114,387,1816,0,0,405,2978,12,537,405,3515,California
Kings,2021-01-16,28,3958,9,2123,19,1835,0,0,27,3004,1,538,27,3542,California
Kings,2021-01-17,12,3970,9,2132,3,1838,0,0,10,3012,2,540,10,3552,California
Kings,2021-01-18,173,4143,41,2173,132,1970,0,0,147,3133,26,566,147,3699,California
Kings,2021-01-19,382,4525,162,2335,220,2190,0,0,252,3255,130,696,252,3951,California
Kings,2021-01-20,237,4762,146,2481,91,2281,0,0,127,3277,105,801,127,4078,California
Kings,2021-01-21,213,4975,57,2538,156,2437,0,0,196,3454,19,820,196,4274,California
Kings,2021-01-22,105,5080,17,2555,88,2525,0,0,104,3553,5,825,104,4378,California
Kings,2021-01-23,26,5106,14,2569,12,2537,0,0,19,3565,7,832,19,4397,California
Kings,2021-01-24,4,5110,4,2573,0,2537,0,0,2,3565,2,834,2,4399,California
Kings,2021-01-25,150,5260,50,2623,100,2637,0,0,92,3599,58,892,92,4491,California
Kings,2021-01-26,156,5416,35,2658,121,2758,0,0,114,3671,42,934,114,4605,California
Kings,2021-01-27,329,5745,36,2694,293,3051,0,0,252,3847,76,1010,252,4857,California
Kings,2021-01-28,332,6077,46,2740,286,3337,0,0,276,4067,56,1066,276,5133,California
Kings,2021-01-29,111,6188,27,2767,84,3421,0,0,94,4144,17,1083,94,5227,California
Kings,2021-01-30,1568,7756,31,2798,1537,4958,0,0,1565,5708,3,1086,1567,6794,California
Kings,2021-01-31,1,7757,1,2799,0,4958,0,0,1,5709,0,1086,1,6795,California
Kings,2021-02-01,223,7980,69,2868,154,5112,0,0,92,5672,129,1215,92,6887,California
Kings,2021-02-02,247,8227,16,2884,231,5343,0,0,95,5616,151,1366,95,6982,California
Kings,2021-02-03,403,8630,194,3078,209,5552,0,0,244,5702,158,1524,244,7226,California
Kings,2021-02-04,436,9066,102,3180,334,5886,0,0,228,5723,207,1731,228,7454,California
Kings,2021-02-05,338,9404,57,3237,281,6167,0,0,178,5744,157,1888,178,7632,California
Kings,2021-02-06,61,9465,10,3247,51,6218,0,0,28,5739,33,1921,28,7660,California
Kings,2021-02-07,6,9471,4,3251,2,6220,0,0,3,5739,3,1924,3,7663,California
Kings,2021-02-08,175,9646,29,3280,146,6366,0,0,68,5700,107,2031,68,7731,California
Kings,2021-02-09,256,9902,59,3339,197,6563,0,0,112,5670,142,2173,112,7843,California
Kings,2021-02-10,374,10276,113,3452,261,6824,0,0,256,5808,118,2291,256,8099,California
Kings,2021-02-11,480,10756,66,3518,414,7238,0,0,359,6047,120,2411,359,8458,California
Kings,2021-02-12,627,11383,36,3554,591,7829,0,0,350,6121,276,2687,350,8808,California
Kings,2021-02-13,231,11614,7,3561,224,8053,0,0,204,6298,27,2714,204,9012,California
Kings,2021-02-14,103,11717,4,3565,99,8152,0,0,95,6385,8,2722,95,9107,California
Kings,2021-02-15,248,11965,5,3570,243,8395,0,0,138,6414,109,2831,138,9245,California
Kings,2021-02-16,589,12554,33,3603,556,8951,0,0,350,6527,238,3069,351,9596,California
Kings,2021-02-17,439,12993,24,3627,415,9366,0,0,300,6690,139,3208,302,9898,California
Kings,2021-02-18,344,13337,22,3649,322,9688,0,0,212,6771,131,3339,212,10110,California
Kings,2021-02-19,210,13547,24,3673,186,9874,0,0,129,6822,78,3417,129,10239,California
Kings,2021-02-20,171,13718,40,3713,131,10005,0,0,134,6919,37,3454,134,10373,California
Kings,2021-02-21,3,13721,2,3715,1,10006,0,0,3,6922,0,3454,3,10376,California
Kings,2021-02-22,122,13843,20,3735,102,10108,0,0,57,6914,65,3519,57,10433,California
Kings,2021-02-23,435,14278,70,3805,365,10473,0,0,315,7109,120,3639,315,10748,California
Kings,2021-02-24,738,15016,156,3961,582,11055,0,0,523,7417,215,3854,523,11271,California
Kings,2021-02-25,818,15834,132,4093,686,11741,0,0,593,7787,223,4077,593,11864,California
Kings,2021-02-26,851,16685,136,4229,715,12456,0,0,774,8484,77,4154,774,12638,California
Kings,2021-02-27,1519,18204,65,4294,1454,13910,0,0,582,8130,936,5090,582,13220,California
Kings,2021-02-28,1207,19411,598,4892,609,14519,0,0,675,8277,529,5619,676,13896,California
Kings,2021-03-01,294,19705,90,4982,204,14723,0,0,223,8429,71,5690,223,14119,California
Kings,2021-03-02,590,20295,258,5240,332,15055,0,0,516,8873,74,5764,518,14637,California
Kings,2021-03-03,754,21049,326,5566,428,15483,0,0,530,9181,222,5986,530,15167,California
Kings,2021-03-04,833,21882,356,5922,477,15960,0,0,704,9757,129,6115,705,15872,California
Kings,2021-03-05,1191,23073,369,6291,813,16773,9,9,1039,10656,152,6267,1051,16923,California
Kings,2021-03-06,518,23591,187,6478,318,17091,13,22,488,11127,30,6297,501,17424,California
Kings,2021-03-07,364,23955,223,6701,137,17228,4,26,355,11477,9,6306,359,17783,California
Kings,2021-03-08,382,24337,98,6799,231,17459,53,79,265,11677,117,6423,317,18100,California
Kings,2021-03-09,685,25022,387,7186,243,17702,55,134,577,12203,107,6530,633,18733,California
Kings,2021-03-10,741,25763,233,7419,403,18105,105,239,535,12638,204,6734,639,19372,California
Kings,2021-03-11,1200,26963,430,7849,654,18759,116,355,753,13063,445,7179,870,20242,California
Kings,2021-03-12,1511,28474,447,8296,970,19729,94,449,982,13614,527,7706,1078,21320,California
Kings,2021-03-13,682,29156,334,8630,306,20035,42,491,558,14092,124,7830,602,21922,California
Kings,2021-03-14,674,29830,101,8731,184,20219,389,880,200,14207,474,8304,589,22511,California
Kings,2021-03-15,712,30542,266,8997,327,20546,119,999,469,14556,242,8546,591,23102,California
Kings,2021-03-16,1165,31707,478,9475,624,21170,63,1062,750,14954,415,8961,813,23915,California
Kings,2021-03-17,1109,32816,419,9894,628,21798,62,1124,780,15475,329,9290,850,24765,California
Kings,2021-03-18,1129,33945,474,10368,432,22230,223,1347,748,16069,379,9669,973,25738,California
Kings,2021-03-19,972,34917,468,10836,417,22647,87,1434,725,16650,246,9915,827,26565,California
Kings,2021-03-20,641,35558,256,11092,354,23001,31,1465,464,16979,174,10089,503,27068,California
Kings,2021-03-21,1422,36980,1090,12182,320,23321,12,1477,863,17295,559,10648,875,27943,California
Kings,2021-03-22,452,37432,201,12383,165,23486,86,1563,268,17470,183,10831,358,28301,California
Kings,2021-03-23,1045,38477,506,12889,475,23961,64,1627,550,17594,493,11324,617,28918,California
Kings,2021-03-24,1090,39567,486,13375,581,24542,23,1650,498,17527,590,11914,523,29441,California
Kings,2021-03-25,1050,40617,472,13847,551,25093,27,1677,445,17395,603,12517,471,29912,California
Kings,2021-03-26,1404,42021,380,14227,937,26030,87,1764,514,17110,885,13402,600,30512,California
Kings,2021-03-27,643,42664,259,14486,372,26402,12,1776,155,16791,486,13888,167,30679,California
Kings,2021-03-28,673,43337,602,15088,64,26466,7,1783,403,16944,270,14158,423,31102,California
Kings,2021-03-29,470,43807,212,15300,197,26663,61,1844,257,17050,211,14369,317,31419,California
Kings,2021-03-30,868,44675,475,15775,354,27017,39,1883,429,17079,438,14807,467,31886,California
Kings,2021-03-31,824,45499,415,16190,336,27353,73,1956,418,17172,398,15205,491,32377,California
Kings,2021-04-01,914,46413,489,16679,335,27688,90,2046,355,17065,552,15757,445,32822,California
Kings,2021-04-02,1116,47529,455,17134,535,28223,126,2172,394,16868,716,16473,519,33341,California
Kings,2021-04-03,495,48024,348,17482,138,28361,9,2181,170,16729,319,16792,180,33521,California
Kings,2021-04-04,156,48180,82,17564,68,28429,6,2187,42,16664,113,16905,48,33569,California
Kings,2021-04-05,1062,49242,327,17891,480,28909,255,2442,239,16335,822,17727,493,34062,California
Kings,2021-04-06,1258,50500,493,18384,452,29361,313,2755,285,15962,970,18697,597,34659,California
Kings,2021-04-07,1372,51872,655,19039,531,29892,186,2941,337,15453,1032,19729,523,35182,California
Kings,2021-04-08,1629,53501,636,19675,740,30632,253,3194,374,14832,1248,20977,627,35809,California
Kings,2021-04-09,1183,54684,544,20219,459,31091,180,3374,234,14296,947,21924,411,36220,California
Kings,2021-04-10,596,55280,333,20552,161,31252,102,3476,175,14153,419,22343,276,36496,California
Kings,2021-04-11,355,55635,76,20628,272,31524,7,3483,196,14199,157,22500,203,36699,California
Kings,2021-04-12,709,56344,314,20942,192,31716,203,3686,193,14081,514,23014,396,37095,California
Kings,2021-04-13,917,57261,527,21469,390,32106,0,3686,293,13757,622,23636,298,37393,California
Kings,2021-04-14,1050,58311,579,22048,471,32577,0,3686,379,13466,671,24307,380,37773,California
Kings,2021-04-15,1062,59373,523,22571,538,33115,1,3687,453,13314,606,24913,454,38227,California
Kings,2021-04-16,797,60170,365,22936,432,33547,0,3687,263,13046,532,25445,264,38491,California
Kings,2021-04-17,460,60630,245,23181,215,33762,0,3687,188,12963,271,25716,188,38679,California
Kings,2021-04-18,572,61202,246,23427,326,34088,0,3687,45,12481,527,26243,45,38724,California
Kings,2021-04-19,581,61783,339,23766,242,34330,0,3687,295,12493,283,26526,295,39019,California
Kings,2021-04-20,753,62536,461,24227,292,34622,0,3687,240,12221,512,27038,240,39259,California
Kings,2021-04-21,689,63225,351,24578,338,34960,0,3687,241,12022,440,27478,241,39500,California
Kings,2021-04-22,572,63797,291,24869,281,35241,0,3687,209,11872,360,27838,210,39710,California
Kings,2021-04-23,678,64475,299,25168,379,35620,0,3687,330,11858,344,28182,330,40040,California
Kings,2021-04-24,247,64722,179,25347,67,35687,1,3688,119,11851,127,28309,120,40160,California
Kings,2021-04-25,203,64925,183,25530,20,35707,0,3688,166,11980,37,28346,166,40326,California
Kings,2021-04-26,325,65250,176,25706,146,35853,3,3691,201,12061,123,28469,204,40530,California
Kings,2021-04-27,432,65682,195,25901,218,36071,19,3710,184,12018,246,28715,203,40733,California
Kings,2021-04-28,523,66205,263,26164,240,36311,20,3730,270,12055,253,28968,290,41023,California
Kings,2021-04-29,302,66507,125,26289,165,36476,12,3742,141,12050,158,29126,153,41176,California
Kings,2021-04-30,369,66876,166,26455,186,36662,17,3759,153,12008,212,29338,170,41346,California
Kings,2021-05-01,227,67103,166,26621,51,36713,10,3769,72,11936,154,29492,82,41428,California
Kings,2021-05-02,169,67272,147,26768,22,36735,0,3769,127,12021,42,29534,127,41555,California
Kings,2021-05-03,473,67745,251,27019,209,36944,13,3782,121,11804,351,29885,134,41689,California
Kings,2021-05-04,527,68272,270,27289,237,37181,20,3802,163,11624,363,30248,183,41872,California
Kings,2021-05-05,565,68837,299,27588,246,37427,20,3822,143,11365,422,30670,163,42035,California
Kings,2021-05-06,548,69385,269,27857,256,37683,23,3845,122,11086,424,31094,145,42180,California
Kings,2021-05-07,365,69750,208,28065,143,37826,14,3859,147,11031,216,31310,161,42341,California
Kings,2021-05-08,231,69981,166,28231,53,37879,12,3871,75,10962,155,31465,86,42427,California
Kings,2021-05-09,191,70172,63,28294,128,38007,0,3871,40,10851,151,31616,40,42467,California
Kings,2021-05-10,341,70513,264,28558,67,38074,10,3881,112,10745,227,31843,121,42588,California
Kings,2021-05-11,382,70895,237,28795,116,38190,29,3910,116,10625,266,32109,146,42734,California
Kings,2021-05-12,401,71296,163,28958,224,38414,14,3924,164,10568,235,32344,178,42912,California
Kings,2021-05-13,410,71706,167,29125,235,38649,8,3932,168,10503,241,32585,176,43088,California
Kings,2021-05-14,463,72169,317,29442,115,38764,31,3963,239,10550,223,32808,270,43358,California
Kings,2021-05-15,350,72519,250,29692,82,38846,18,3981,191,10600,159,32967,209,43567,California
Kings,2021-05-16,247,72766,221,29913,25,38871,1,3982,75,10504,172,33139,76,43643,California
Kings,2021-05-17,407,73173,323,30236,67,38938,17,3999,210,10535,196,33335,227,43870,California
Kings,2021-05-18,395,73568,278,30514,104,39042,13,4012,225,10604,170,33505,239,44109,California
Kings,2021-05-19,572,74140,279,30793,271,39313,22,4034,226,10508,344,33849,248,44357,California
Kings,2021-05-20,448,74588,234,31027,187,39500,27,4061,258,10604,190,34039,286,44643,California
Kings,2021-05-21,517,75105,262,31289,244,39744,11,4072,263,10629,250,34289,275,44918,California
Kings,2021-05-22,307,75412,247,31536,48,39792,12,4084,219,10774,86,34375,231,45149,California
Kings,2021-05-23,230,75642,221,31757,9,39801,0,4084,105,10754,125,34500,105,45254,California
Kings,2021-05-24,247,75889,162,31919,71,39872,14,4098,117,10755,130,34630,131,45385,California
Kings,2021-05-25,406,76295,269,32188,104,39976,33,4131,236,10856,168,34798,269,45654,California
Kings,2021-05-26,303,76598,123,32311,163,40139,17,4148,120,10811,182,34980,137,45791,California
Kings,2021-05-27,327,76925,176,32487,133,40272,18,4166,179,10864,145,35125,198,45989,California
Kings,2021-05-28,287,77212,139,32626,130,40402,18,4184,132,10868,152,35277,156,46145,California
Kings,2021-05-29,173,77385,100,32726,62,40464,11,4195,86,10884,86,35363,102,46247,California
Kings,2021-05-30,130,77515,113,32839,15,40479,2,4197,69,10895,61,35424,72,46319,California
Kings,2021-05-31,42,77557,23,32862,16,40495,3,4200,15,10886,27,35451,18,46337,California
Kings,2021-06-01,318,77875,187,33049,115,40610,16,4216,118,10826,196,35647,136,46473,California
Kings,2021-06-02,276,78151,125,33174,144,40754,7,4223,85,10731,188,35835,93,46566,California
Kings,2021-06-03,224,78375,126,33300,87,40841,11,4234,70,10666,146,35981,81,46647,California
Kings,2021-06-04,429,78804,285,33585,130,40971,14,4248,156,10567,269,36250,170,46817,California
Kings,2021-06-05,255,79059,221,33806,27,40998,7,4255,62,10457,180,36430,70,46887,California
Kings,2021-06-06,162,79221,154,33960,3,41001,5,4260,81,10466,77,36507,86,46973,California
Kings,2021-06-07,291,79512,222,34182,55,41056,14,4274,94,10376,197,36704,107,47080,California
Kings,2021-06-08,311,79823,240,34422,51,41107,20,4294,83,10252,227,36931,103,47183,California
Kings,2021-06-09,396,80219,261,34683,126,41233,9,4303,117,10102,276,37207,126,47309,California
Kings,2021-06-10,336,80555,219,34902,104,41337,13,4316,80,9940,256,37463,94,47403,California
Kings,2021-06-11,372,80927,281,35183,88,41425,3,4319,143,9862,224,37687,146,47549,California
Kings,2021-06-12,269,81196,221,35404,44,41469,4,4323,69,9751,184,37871,73,47622,California
Kings,2021-06-13,128,81324,119,35523,8,41477,1,4324,35,9695,92,37963,36,47658,California
Kings,2021-06-14,239,81563,173,35696,46,41523,20,4344,102,9680,137,38100,122,47780,California
Kings,2021-06-15,255,81818,180,35876,64,41587,11,4355,89,9615,165,38265,100,47880,California
Kings,2021-06-16,253,82071,129,36005,116,41703,8,4363,91,9560,155,38420,100,47980,California
Kings,2021-06-17,208,82279,111,36116,87,41790,10,4373,81,9524,127,38547,91,48071,California
Kings,2021-06-18,252,82531,173,36289,70,41860,9,4382,118,9518,134,38681,128,48199,California
Kings,2021-06-19,101,82632,69,36358,27,41887,5,4387,40,9502,61,38742,45,48244,California
Kings,2021-06-20,83,82715,68,36426,9,41896,6,4393,28,9481,55,38797,34,48278,California
Kings,2021-06-21,178,82893,94,36520,53,41949,31,4424,94,9522,84,38881,125,48403,California
Kings,2021-06-22,198,83091,127,36647,63,42012,8,4432,82,9496,116,38997,90,48493,California
Kings,2021-06-23,199,83290,94,36741,90,42102,15,4447,86,9485,112,39109,101,48594,California
Kings,2021-06-24,145,83435,68,36809,72,42174,5,4452,56,9458,88,39197,61,48655,California
Kings,2021-06-25,153,83588,102,36911,44,42218,7,4459,88,9489,64,39261,95,48750,California
Lake,2020-12-17,4,4,4,4,0,0,0,0,4,4,0,0,4,4,California
Lake,2020-12-18,51,55,51,55,0,0,0,0,51,55,0,0,51,55,California
Lake,2020-12-19,3,58,3,58,0,0,0,0,3,58,0,0,3,58,California
Lake,2020-12-20,6,64,6,64,0,0,0,0,6,64,0,0,6,64,California
Lake,2020-12-21,87,151,87,151,0,0,0,0,87,151,0,0,87,151,California
Lake,2020-12-22,63,214,60,211,3,3,0,0,63,214,0,0,63,214,California
Lake,2020-12-23,124,338,115,326,9,12,0,0,124,338,0,0,124,338,California
Lake,2020-12-24,2,340,0,326,2,14,0,0,2,340,0,0,2,340,California
Lake,2020-12-26,2,342,2,328,0,14,0,0,2,342,0,0,2,342,California
Lake,2020-12-27,2,344,2,330,0,14,0,0,2,344,0,0,2,344,California
Lake,2020-12-28,52,396,43,373,9,23,0,0,52,396,0,0,52,396,California
Lake,2020-12-29,50,446,45,418,5,28,0,0,50,446,0,0,50,446,California
Lake,2020-12-30,129,575,121,539,8,36,0,0,129,575,0,0,129,575,California
Lake,2020-12-31,67,642,64,603,3,39,0,0,67,642,0,0,67,642,California
Lake,2021-01-01,3,645,0,603,3,42,0,0,3,645,0,0,3,645,California
Lake,2021-01-02,2,647,1,604,1,43,0,0,2,647,0,0,2,647,California
Lake,2021-01-04,88,735,21,625,67,110,0,0,88,735,0,0,88,735,California
Lake,2021-01-05,120,855,59,684,61,171,0,0,118,851,2,2,118,853,California
Lake,2021-01-06,103,958,64,748,39,210,0,0,101,950,2,4,101,954,California
Lake,2021-01-07,109,1067,85,833,24,234,0,0,100,1041,9,13,100,1054,California
Lake,2021-01-08,156,1223,127,960,29,263,0,0,104,1093,52,65,104,1158,California
Lake,2021-01-09,63,1286,61,1021,2,265,0,0,59,1148,4,69,59,1217,California
Lake,2021-01-10,3,1289,3,1024,0,265,0,0,0,1145,3,72,0,1217,California
Lake,2021-01-11,189,1478,150,1174,39,304,0,0,109,1174,80,152,109,1326,California
Lake,2021-01-12,81,1559,48,1222,33,337,0,0,57,1207,24,176,57,1383,California
Lake,2021-01-13,169,1728,114,1336,55,392,0,0,110,1258,59,235,110,1493,California
Lake,2021-01-14,151,1879,48,1384,103,495,0,0,129,1365,22,257,129,1622,California
Lake,2021-01-15,221,2100,95,1479,126,621,0,0,193,1530,28,285,193,1815,California
Lake,2021-01-16,136,2236,83,1562,53,674,0,0,134,1662,2,287,134,1949,California
Lake,2021-01-17,18,2254,6,1568,12,686,0,0,12,1668,6,293,12,1961,California
Lake,2021-01-18,245,2499,226,1794,19,705,0,0,125,1673,120,413,125,2086,California
Lake,2021-01-19,317,2816,120,1914,197,902,0,0,271,1899,46,459,272,2358,California
Lake,2021-01-20,426,3242,82,1996,344,1246,0,0,361,2196,64,523,361,2719,California
Lake,2021-01-21,439,3681,49,2045,390,1636,0,0,404,2565,35,558,404,3123,California
Lake,2021-01-22,322,4003,47,2092,275,1911,0,0,285,2813,37,595,285,3408,California
Lake,2021-01-23,127,4130,6,2098,121,2032,0,0,126,2938,1,596,126,3534,California
Lake,2021-01-24,5,4135,2,2100,3,2035,0,0,5,2943,0,596,5,3539,California
Lake,2021-01-25,259,4394,96,2196,163,2198,0,0,177,3038,82,678,177,3716,California
Lake,2021-01-26,434,4828,36,2232,398,2596,0,0,410,3424,24,702,410,4126,California
Lake,2021-01-27,362,5190,40,2272,322,2918,0,0,335,3733,27,729,336,4462,California
Lake,2021-01-28,498,5688,160,2432,338,3256,0,0,369,3973,129,858,369,4831,California
Lake,2021-01-29,653,6341,101,2533,552,3808,0,0,578,4476,75,933,578,5409,California
Lake,2021-01-30,559,6900,45,2578,514,4322,0,0,551,5020,7,940,551,5960,California
Lake,2021-01-31,14,6914,8,2586,6,4328,0,0,12,5030,2,942,12,5972,California
Lake,2021-02-01,180,7094,18,2604,162,4490,0,0,166,5182,14,956,166,6138,California
Lake,2021-02-02,565,7659,153,2757,412,4902,0,0,397,5411,168,1124,397,6535,California
Lake,2021-02-03,445,8104,33,2790,412,5314,0,0,341,5648,104,1228,341,6876,California
Lake,2021-02-04,121,8225,70,2860,51,5365,0,0,71,5669,50,1278,71,6947,California
Lake,2021-02-05,383,8608,73,2933,310,5675,0,0,288,5864,93,1371,288,7235,California
Lake,2021-02-06,278,8886,44,2977,234,5909,0,0,264,6114,14,1385,264,7499,California
Lake,2021-02-07,2,8888,1,2978,1,5910,0,0,2,6116,0,1385,2,7501,California
Lake,2021-02-08,278,9166,206,3184,72,5982,0,0,159,6156,119,1504,159,7660,California
Lake,2021-02-09,346,9512,25,3209,321,6303,0,0,301,6413,44,1548,301,7961,California
Lake,2021-02-10,354,9866,54,3263,300,6603,0,0,273,6605,81,1629,273,8234,California
Lake,2021-02-11,179,10045,18,3281,161,6764,0,0,59,6544,120,1749,59,8293,California
Lake,2021-02-12,377,10422,29,3310,348,7112,0,0,286,6740,90,1839,286,8579,California
Lake,2021-02-13,252,10674,8,3318,244,7356,0,0,239,6966,13,1852,239,8818,California
Lake,2021-02-14,21,10695,5,3323,16,7372,0,0,7,6959,14,1866,7,8825,California
Lake,2021-02-15,172,10867,13,3336,159,7531,0,0,8,6804,163,2029,8,8833,California
Lake,2021-02-16,429,11296,23,3359,406,7937,0,0,178,6731,251,2280,178,9011,California
Lake,2021-02-17,353,11649,56,3415,297,8234,0,0,72,6523,280,2560,72,9083,California
Lake,2021-02-18,461,12110,71,3486,390,8624,0,0,115,6293,345,2905,115,9198,California
Lake,2021-02-19,433,12543,28,3514,405,9029,0,0,94,6048,339,3244,94,9292,California
Lake,2021-02-20,295,12838,61,3575,234,9263,0,0,251,6256,43,3287,251,9543,California
Lake,2021-02-21,6,12844,6,3581,0,9263,0,0,0,6250,6,3293,0,9543,California
Lake,2021-02-22,141,12985,23,3604,118,9381,0,0,42,6193,99,3392,42,9585,California
Lake,2021-02-23,215,13200,15,3619,200,9581,0,0,28,6034,187,3579,28,9613,California
Lake,2021-02-24,1009,14209,429,4048,580,10161,0,0,468,5962,540,4119,468,10081,California
Lake,2021-02-25,761,14970,496,4544,265,10426,0,0,500,6204,258,4377,500,10581,California
Lake,2021-02-26,1019,15989,323,4867,696,11122,0,0,364,5917,651,5028,364,10945,California
Lake,2021-02-27,410,16399,97,4964,313,11435,0,0,327,6162,82,5110,327,11272,California
Lake,2021-02-28,21,16420,12,4976,9,11444,0,0,12,6165,9,5119,12,11284,California
Lake,2021-03-01,597,17017,55,5031,542,11986,0,0,444,6456,153,5272,444,11728,California
Lake,2021-03-02,747,17764,18,5049,729,12715,0,0,288,6286,458,5730,288,12016,California
Lake,2021-03-03,370,18134,196,5245,174,12889,0,0,147,6210,223,5953,147,12163,California
Lake,2021-03-04,578,18712,506,5751,72,12961,0,0,562,6756,16,5969,562,12725,California
Lake,2021-03-05,1046,19758,52,5803,994,13955,0,0,186,6086,856,6825,186,12911,California
Lake,2021-03-06,35,19793,9,5812,25,13980,1,1,22,6096,13,6838,23,12934,California
Lake,2021-03-07,8,19801,6,5818,2,13982,0,1,5,6098,3,6841,5,12939,California
Lake,2021-03-08,342,20143,267,6085,65,14047,10,11,300,6366,42,6883,310,13249,California
Lake,2021-03-09,931,21074,44,6129,870,14917,17,28,407,6268,523,7406,425,13674,California
Lake,2021-03-10,205,21279,60,6189,131,15048,14,42,134,6346,71,7477,149,13823,California
Lake,2021-03-11,587,21866,49,6238,64,15112,474,516,47,6327,540,8017,521,14344,California
Lake,2021-03-12,852,22718,203,6441,624,15736,25,541,361,6224,489,8506,386,14730,California
Lake,2021-03-13,282,23000,22,6463,24,15760,236,777,19,6216,262,8768,254,14984,California
Lake,2021-03-14,11,23011,2,6465,9,15769,0,777,7,6219,4,8772,7,14991,California
Lake,2021-03-15,642,23653,13,6478,611,16380,18,795,481,6557,161,8933,499,15490,California
Lake,2021-03-16,1117,24770,836,7314,264,16644,17,812,378,6216,735,9668,394,15884,California
Lake,2021-03-17,249,25019,122,7436,105,16749,22,834,92,6173,157,9825,114,15998,California
Lake,2021-03-18,751,25770,377,7813,337,17086,37,871,356,6173,392,10217,392,16390,California
Lake,2021-03-19,586,26356,317,8130,249,17335,20,891,476,6560,109,10326,496,16886,California
Lake,2021-03-20,249,26605,9,8139,237,17572,3,894,31,6378,216,10542,34,16920,California
Lake,2021-03-21,15,26620,10,8149,4,17576,1,895,10,6384,5,10547,11,16931,California
Lake,2021-03-22,337,26957,256,8405,67,17643,14,909,250,6561,87,10634,264,17195,California
Lake,2021-03-23,429,27386,21,8426,394,18037,14,923,363,6873,65,10699,377,17572,California
Lake,2021-03-24,423,27809,62,8488,353,18390,8,931,326,7112,96,10795,335,17907,California
Lake,2021-03-25,675,28484,483,8971,185,18575,7,938,174,6791,501,11296,180,18087,California
Lake,2021-03-26,67,28551,32,9003,34,18609,1,939,31,6787,36,11332,32,18119,California
Lake,2021-03-27,309,28860,7,9010,299,18908,3,942,17,6517,290,11622,20,18139,California
Lake,2021-03-28,17,28877,8,9018,9,18917,0,942,9,6518,8,11630,9,18148,California
Lake,2021-03-29,987,29864,286,9304,699,19616,2,944,202,5939,783,12413,204,18352,California
Lake,2021-03-30,465,30329,314,9618,149,19765,2,946,366,6209,98,12511,368,18720,California
Lake,2021-03-31,615,30944,60,9678,555,20320,0,946,433,6469,173,12684,433,19153,California
Lake,2021-04-01,449,31393,234,9912,203,20523,12,958,187,6410,258,12942,199,19352,California
Lake,2021-04-02,223,31616,41,9953,154,20677,28,986,97,6409,126,13068,125,19477,California
Lake,2021-04-03,33,31649,6,9959,24,20701,3,989,13,6405,20,13088,16,19493,California
Lake,2021-04-04,20,31669,11,9970,7,20708,2,991,15,6417,5,13093,17,19510,California
Lake,2021-04-05,644,32313,71,10041,553,21261,20,1011,402,6599,239,13332,421,19931,California
Lake,2021-04-06,480,32793,17,10058,437,21698,26,1037,308,6762,171,13503,334,20265,California
Lake,2021-04-07,524,33317,57,10115,415,22113,52,1089,354,7000,168,13671,406,20671,California
Lake,2021-04-08,605,33922,493,10608,46,22159,66,1155,104,6672,498,14169,170,20841,California
Lake,2021-04-09,281,34203,39,10647,173,22332,69,1224,48,6558,230,14399,116,20957,California
Lake,2021-04-10,256,34459,15,10662,15,22347,226,1450,11,6550,245,14644,237,21194,California
Lake,2021-04-11,21,34480,16,10678,3,22350,2,1452,7,6545,14,14658,9,21203,California
Lake,2021-04-12,1083,35563,233,10911,816,23166,34,1486,244,5985,838,15496,278,21481,California
Lake,2021-04-13,181,35744,110,11021,71,23237,0,1486,54,5912,127,15623,54,21535,California
Lake,2021-04-14,620,36364,38,11059,582,23819,0,1486,554,6400,66,15689,554,22089,California
Lake,2021-04-15,646,37010,192,11251,454,24273,0,1486,332,6418,314,16003,332,22421,California
Lake,2021-04-16,267,37277,31,11282,236,24509,0,1486,76,6304,190,16193,76,22497,California
Lake,2021-04-17,42,37319,12,11294,30,24539,0,1486,32,6326,10,16203,32,22529,California
Lake,2021-04-18,9,37328,6,11300,3,24542,0,1486,0,6317,9,16212,0,22529,California
Lake,2021-04-19,298,37626,39,11339,259,24801,0,1486,247,6513,51,16263,247,22776,California
Lake,2021-04-20,695,38321,281,11620,414,25215,0,1486,95,6010,599,16862,96,22872,California
Lake,2021-04-21,532,38853,62,11682,470,25685,0,1486,197,5872,335,17197,197,23069,California
Lake,2021-04-22,471,39324,51,11733,420,26105,0,1486,323,6048,147,17344,323,23392,California
Lake,2021-04-23,120,39444,62,11795,58,26163,0,1486,72,6073,47,17391,72,23464,California
Lake,2021-04-24,55,39499,9,11804,46,26209,0,1486,41,6100,14,17405,41,23505,California
Lake,2021-04-25,37,39536,20,11824,17,26226,0,1486,25,6113,12,17417,25,23530,California
Lake,2021-04-26,294,39830,82,11906,211,26437,1,1487,89,5998,205,17622,90,23620,California
Lake,2021-04-27,250,40080,25,11931,207,26644,18,1505,87,5940,163,17785,105,23725,California
Lake,2021-04-28,512,40592,51,11982,446,27090,15,1520,91,5626,419,18204,105,23830,California
Lake,2021-04-29,208,40800,81,12063,111,27201,16,1536,109,5651,99,18303,124,23954,California
Lake,2021-04-30,288,41088,44,12107,213,27414,31,1567,147,5688,141,18444,178,24132,California
Lake,2021-05-01,49,41137,27,12134,20,27434,2,1569,34,5710,14,18458,36,24168,California
Lake,2021-05-02,18,41155,9,12143,8,27442,1,1570,9,5711,9,18467,10,24178,California
Lake,2021-05-03,412,41567,30,12173,347,27789,35,1605,66,5467,345,18812,101,24279,California
Lake,2021-05-04,404,41971,217,12390,139,27928,48,1653,124,5360,279,19091,172,24451,California
Lake,2021-05-05,629,42600,44,12434,573,28501,12,1665,84,4913,542,19633,95,24546,California
Lake,2021-05-06,142,42742,19,12453,94,28595,29,1694,72,4943,70,19703,100,24646,California
Lake,2021-05-07,166,42908,29,12482,117,28712,20,1714,102,5003,62,19765,122,24768,California
Lake,2021-05-08,43,42951,8,12490,35,28747,0,1714,36,5032,7,19772,36,24804,California
Lake,2021-05-09,17,42968,2,12492,10,28757,5,1719,10,5040,7,19779,15,24819,California
Lake,2021-05-10,245,43213,11,12503,206,28963,28,1747,59,4942,185,19964,87,24906,California
Lake,2021-05-11,194,43407,25,12528,152,29115,17,1764,115,4996,79,20043,133,25039,California
Lake,2021-05-12,542,43949,33,12561,489,29604,20,1784,56,4585,486,20529,75,25114,California
Lake,2021-05-13,318,44267,69,12630,235,29839,14,1798,72,4427,244,20773,86,25200,California
Lake,2021-05-14,268,44535,83,12713,167,30006,18,1816,163,4504,103,20876,180,25380,California
Lake,2021-05-15,45,44580,19,12732,23,30029,3,1819,28,4518,17,20893,31,25411,California
Lake,2021-05-16,33,44613,19,12751,13,30042,1,1820,18,4522,15,20908,19,25430,California
Lake,2021-05-17,315,44928,44,12795,256,30298,15,1835,82,4389,230,21138,97,25527,California
Lake,2021-05-18,300,45228,65,12860,216,30514,19,1854,172,4453,127,21265,191,25718,California
Lake,2021-05-19,313,45541,57,12917,241,30755,15,1869,88,4332,224,21489,103,25821,California
Lake,2021-05-20,236,45777,60,12977,165,30920,11,1880,93,4293,143,21632,104,25925,California
Lake,2021-05-21,274,46051,51,13028,199,31119,24,1904,114,4273,158,21790,138,26063,California
Lake,2021-05-22,97,46148,53,13081,41,31160,3,1907,48,4275,49,21839,51,26114,California
Lake,2021-05-23,58,46206,28,13109,29,31189,1,1908,30,4278,28,21867,31,26145,California
Lake,2021-05-24,157,46363,36,13145,107,31296,14,1922,71,4277,86,21953,85,26230,California
Lake,2021-05-25,205,46568,58,13203,136,31432,11,1933,75,4234,129,22082,86,26316,California
Lake,2021-05-26,151,46719,44,13247,96,31528,11,1944,54,4204,95,22177,65,26381,California
Lake,2021-05-27,175,46894,49,13296,112,31640,14,1958,61,4166,113,22290,75,26456,California
Lake,2021-05-28,222,47116,21,13317,163,31803,38,1996,50,4084,169,22459,87,26543,California
Lake,2021-05-29,37,47153,10,13327,21,31824,6,2002,14,4081,23,22482,20,26563,California
Lake,2021-05-30,22,47175,6,13333,14,31838,2,2004,12,4085,10,22492,14,26577,California
Lake,2021-05-31,63,47238,21,13354,40,31878,2,2006,53,4130,10,22502,55,26632,California
Lake,2021-06-01,199,47437,40,13394,150,32028,9,2015,69,4079,129,22631,78,26710,California
Lake,2021-06-02,133,47570,46,13440,75,32103,12,2027,53,4065,80,22711,66,26776,California
Lake,2021-06-03,179,47749,51,13491,109,32212,19,2046,77,4059,102,22813,96,26872,California
Lake,2021-06-04,183,47932,53,13544,115,32327,15,2061,45,3983,136,22949,60,26932,California
Lake,2021-06-05,92,48024,57,13601,27,32354,8,2069,56,4011,36,22985,64,26996,California
Lake,2021-06-06,67,48091,37,13638,30,32384,0,2069,23,3990,44,23029,23,27019,California
Lake,2021-06-07,88,48179,28,13666,52,32436,8,2077,30,3971,57,23086,38,27057,California
Lake,2021-06-08,179,48358,68,13734,99,32535,12,2089,67,3938,112,23198,79,27136,California
Lake,2021-06-09,172,48530,43,13777,125,32660,4,2093,37,3846,133,23331,41,27177,California
Lake,2021-06-10,127,48657,62,13839,52,32712,13,2106,50,3832,77,23408,63,27240,California
Lake,2021-06-11,208,48865,67,13906,118,32830,23,2129,48,3745,158,23566,71,27311,California
Lake,2021-06-12,66,48931,38,13944,22,32852,6,2135,34,3753,32,23598,40,27351,California
Lake,2021-06-13,29,48960,16,13960,13,32865,0,2135,14,3752,15,23613,14,27365,California
Lake,2021-06-14,179,49139,87,14047,79,32944,13,2148,50,3687,128,23741,63,27428,California
Lake,2021-06-15,244,49383,65,14112,162,33106,17,2165,78,3616,166,23907,95,27523,California
Lake,2021-06-16,163,49546,57,14169,91,33197,15,2180,55,3579,107,24014,70,27593,California
Lake,2021-06-17,179,49725,86,14255,83,33280,10,2190,80,3571,98,24112,90,27683,California
Lake,2021-06-18,135,49860,38,14293,88,33368,9,2199,53,3551,82,24194,62,27745,California
Lake,2021-06-19,67,49927,25,14318,42,33410,0,2199,34,3552,33,24227,34,27779,California
Lake,2021-06-20,22,49949,8,14326,12,33422,2,2201,11,3554,11,24238,13,27792,California
Lake,2021-06-21,67,50016,17,14343,43,33465,7,2208,30,3554,37,24275,37,27829,California
Lake,2021-06-22,135,50151,51,14394,74,33539,10,2218,62,3554,72,24347,72,27901,California
Lake,2021-06-23,135,50286,64,14458,56,33595,15,2233,77,3588,58,24405,92,27993,California
Lake,2021-06-24,139,50425,91,14549,34,33629,14,2247,48,3561,89,24494,62,28055,California
Lake,2021-06-25,81,50506,26,14575,46,33675,9,2256,40,3570,40,24534,49,28104,California
Lassen,2020-12-16,8,8,8,8,0,0,0,0,8,8,0,0,8,8,California
Lassen,2020-12-17,6,14,6,14,0,0,0,0,6,14,0,0,6,14,California
Lassen,2020-12-18,1,15,1,15,0,0,0,0,1,15,0,0,1,15,California
Lassen,2020-12-19,5,20,5,20,0,0,0,0,5,20,0,0,5,20,California
Lassen,2020-12-20,2,22,2,22,0,0,0,0,2,22,0,0,2,22,California
Lassen,2020-12-21,11,33,11,33,0,0,0,0,11,33,0,0,11,33,California
Lassen,2020-12-22,23,56,23,56,0,0,0,0,23,56,0,0,23,56,California
Lassen,2020-12-23,6,62,6,62,0,0,0,0,6,62,0,0,6,62,California
Lassen,2020-12-24,10,72,10,72,0,0,0,0,10,72,0,0,10,72,California
Lassen,2020-12-28,3,75,2,74,1,1,0,0,3,75,0,0,3,75,California
Lassen,2020-12-29,35,110,35,109,0,1,0,0,35,110,0,0,35,110,California
Lassen,2020-12-30,36,146,35,144,1,2,0,0,36,146,0,0,36,146,California
Lassen,2020-12-31,49,195,42,186,7,9,0,0,49,195,0,0,49,195,California
Lassen,2021-01-02,1,196,0,186,1,10,0,0,1,196,0,0,1,196,California
Lassen,2021-01-04,15,211,2,188,13,23,0,0,15,211,0,0,15,211,California
Lassen,2021-01-05,193,404,52,240,141,164,0,0,193,404,0,0,193,404,California
Lassen,2021-01-06,95,499,44,284,51,215,0,0,87,484,8,8,88,492,California
Lassen,2021-01-07,43,542,7,291,36,251,0,0,37,515,6,14,37,529,California
Lassen,2021-01-08,50,592,2,293,48,299,0,0,50,565,0,14,50,579,California
Lassen,2021-01-09,12,604,6,299,6,305,0,0,12,577,0,14,12,591,California
Lassen,2021-01-11,27,631,5,304,22,327,0,0,27,604,0,14,27,618,California
Lassen,2021-01-12,49,680,29,333,20,347,0,0,30,615,19,33,30,648,California
Lassen,2021-01-13,160,840,18,351,142,489,0,0,146,747,14,47,146,794,California
Lassen,2021-01-14,163,1003,18,369,145,634,0,0,151,886,12,59,151,945,California
Lassen,2021-01-15,33,1036,6,375,27,661,0,0,33,919,0,59,33,978,California
Lassen,2021-01-16,34,1070,33,408,1,662,0,0,34,953,0,59,34,1012,California
Lassen,2021-01-17,1,1071,0,408,1,663,0,0,1,954,0,59,1,1013,California
Lassen,2021-01-18,5,1076,2,410,3,666,0,0,4,957,1,60,4,1017,California
Lassen,2021-01-19,186,1262,36,446,150,816,0,0,158,1087,28,88,158,1175,California
Lassen,2021-01-20,189,1451,101,547,88,904,0,0,106,1125,68,156,106,1281,California
Lassen,2021-01-21,145,1596,93,640,52,956,0,0,121,1228,18,174,121,1402,California
Lassen,2021-01-22,31,1627,18,658,13,969,0,0,21,1239,10,184,21,1423,California
Lassen,2021-01-23,2,1629,0,658,2,971,0,0,2,1241,0,184,2,1425,California
Lassen,2021-01-24,1,1630,0,658,1,972,0,0,1,1242,0,184,1,1426,California
Lassen,2021-01-25,12,1642,1,659,11,983,0,0,11,1252,1,185,11,1437,California
Lassen,2021-01-26,126,1768,12,671,114,1097,0,0,122,1370,4,189,122,1559,California
Lassen,2021-01-27,90,1858,37,708,53,1150,0,0,72,1424,18,207,72,1631,California
Lassen,2021-01-28,86,1944,16,724,70,1220,0,0,85,1508,1,208,85,1716,California
Lassen,2021-01-29,23,1967,7,731,16,1236,0,0,22,1529,1,209,22,1738,California
Lassen,2021-02-01,61,2028,4,735,57,1293,0,0,36,1540,25,234,36,1774,California
Lassen,2021-02-02,177,2205,12,747,165,1458,0,0,44,1451,133,367,44,1818,California
Lassen,2021-02-03,97,2302,21,768,76,1534,0,0,50,1454,47,414,50,1868,California
Lassen,2021-02-04,112,2414,15,783,97,1631,0,0,63,1468,49,463,63,1931,California
Lassen,2021-02-05,66,2480,12,795,54,1685,0,0,24,1450,42,505,24,1955,California
Lassen,2021-02-06,69,2549,34,829,35,1720,0,0,36,1454,32,537,36,1991,California
Lassen,2021-02-07,3,2552,3,832,0,1720,0,0,3,1457,0,537,3,1994,California
Lassen,2021-02-08,44,2596,4,836,40,1760,0,0,18,1449,26,563,18,2012,California
Lassen,2021-02-09,128,2724,7,843,121,1881,0,0,49,1419,79,642,49,2061,California
Lassen,2021-02-10,184,2908,22,865,162,2043,0,0,76,1387,108,750,76,2137,California
Lassen,2021-02-11,183,3091,16,881,167,2210,0,0,79,1363,103,853,79,2216,California
Lassen,2021-02-12,44,3135,11,892,33,2243,0,0,16,1351,28,881,16,2232,California
Lassen,2021-02-13,11,3146,3,895,8,2251,0,0,9,1358,2,883,9,2241,California
Lassen,2021-02-14,13,3159,0,895,13,2264,0,0,12,1369,1,884,12,2253,California
Lassen,2021-02-15,22,3181,3,898,19,2283,0,0,17,1382,4,888,17,2270,California
Lassen,2021-02-16,193,3374,4,902,189,2472,0,0,31,1253,160,1048,31,2301,California
Lassen,2021-02-17,183,3557,94,996,89,2561,0,0,10,1090,173,1221,10,2311,California
Lassen,2021-02-18,80,3637,23,1019,57,2618,0,0,19,1048,61,1282,19,2330,California
Lassen,2021-02-19,83,3720,62,1081,21,2639,0,0,19,1003,64,1346,19,2349,California
Lassen,2021-02-20,8,3728,0,1081,8,2647,0,0,6,1007,2,1348,6,2355,California
Lassen,2021-02-21,22,3750,2,1083,20,2667,0,0,18,1021,4,1352,18,2373,California
Lassen,2021-02-22,24,3774,10,1093,14,2681,0,0,6,1009,18,1370,6,2379,California
Lassen,2021-02-23,154,3928,10,1103,144,2825,0,0,43,941,111,1481,43,2422,California
Lassen,2021-02-24,166,4094,16,1119,150,2975,0,0,107,990,58,1539,107,2529,California
Lassen,2021-02-25,158,4252,21,1140,137,3112,0,0,99,1030,59,1598,99,2628,California
Lassen,2021-02-26,74,4326,16,1156,58,3170,0,0,37,1030,37,1635,37,2665,California
Lassen,2021-02-27,8,4334,7,1163,1,3171,0,0,3,1028,5,1640,3,2668,California
Lassen,2021-02-28,7,4341,2,1165,5,3176,0,0,3,1027,4,1644,3,2671,California
Lassen,2021-03-01,42,4383,4,1169,38,3214,0,0,8,1002,33,1677,8,2679,California
Lassen,2021-03-02,108,4491,8,1177,100,3314,0,0,81,1057,26,1703,81,2760,California
Lassen,2021-03-03,169,4660,11,1188,158,3472,0,0,113,1114,56,1759,113,2873,California
Lassen,2021-03-04,149,4809,17,1205,132,3604,0,0,98,1162,50,1809,98,2971,California
Lassen,2021-03-05,49,4858,7,1212,18,3622,24,24,11,1159,38,1847,35,3006,California
Lassen,2021-03-06,55,4913,4,1216,29,3651,22,46,5,1136,50,1897,27,3033,California
Lassen,2021-03-07,58,4971,3,1219,0,3651,55,101,3,1139,55,1952,58,3091,California
Lassen,2021-03-08,88,5059,2,1221,7,3658,79,180,3,1136,85,2037,82,3173,California
Lassen,2021-03-09,137,5196,11,1232,109,3767,17,197,89,1194,48,2085,106,3279,California
Lassen,2021-03-10,175,5371,10,1242,163,3930,2,199,79,1180,95,2180,81,3360,California
Lassen,2021-03-11,185,5556,16,1258,162,4092,7,206,113,1231,69,2249,120,3480,California
Lassen,2021-03-12,34,5590,17,1275,13,4105,4,210,12,1225,22,2271,16,3496,California
Lassen,2021-03-13,48,5638,0,1275,2,4107,46,256,1,1224,47,2318,46,3542,California
Lassen,2021-03-14,14,5652,2,1277,11,4118,1,257,2,1215,12,2330,3,3545,California
Lassen,2021-03-15,34,5686,3,1280,31,4149,0,257,16,1213,18,2348,16,3561,California
Lassen,2021-03-16,93,5779,2,1282,85,4234,6,263,74,1274,19,2367,80,3641,California
Lassen,2021-03-17,1082,6861,9,1291,1068,5302,5,268,1063,2323,19,2386,1068,4709,California
Lassen,2021-03-18,94,6955,9,1300,84,5386,1,269,81,2392,13,2399,82,4791,California
Lassen,2021-03-19,18,6973,11,1311,3,5389,4,273,7,2392,11,2410,11,4802,California
Lassen,2021-03-20,30,7003,3,1314,24,5413,3,276,23,2411,7,2417,26,4828,California
Lassen,2021-03-21,34,7037,1,1315,33,5446,0,276,14,2406,19,2436,14,4842,California
Lassen,2021-03-22,59,7096,1,1316,58,5504,0,276,56,2459,3,2439,56,4898,California
Lassen,2021-03-23,120,7216,11,1327,108,5612,1,277,67,2474,53,2492,68,4966,California
Lassen,2021-03-24,213,7429,13,1340,199,5811,1,278,106,2476,105,2597,107,5073,California
Lassen,2021-03-25,155,7584,23,1363,132,5943,0,278,72,2465,83,2680,72,5145,California
Lassen,2021-03-26,78,7662,13,1376,26,5969,39,317,19,2464,58,2738,57,5202,California
Lassen,2021-03-27,21,7683,4,1380,1,5970,16,333,3,2465,18,2756,19,5221,California
Lassen,2021-03-28,17,7700,4,1384,4,5974,9,342,2,2461,15,2771,11,5232,California
Lassen,2021-03-29,53,7753,0,1384,28,6002,25,367,20,2474,32,2803,45,5277,California
Lassen,2021-03-30,200,7953,10,1394,164,6166,26,393,52,2404,148,2951,78,5355,California
Lassen,2021-03-31,147,8100,12,1406,113,6279,22,415,62,2404,84,3035,84,5439,California
Lassen,2021-04-01,166,8266,15,1421,131,6410,20,435,48,2355,117,3152,68,5507,California
Lassen,2021-04-02,30,8296,4,1425,3,6413,23,458,2,2352,28,3180,25,5532,California
Lassen,2021-04-03,12,8308,0,1425,2,6415,10,468,0,2350,12,3192,10,5542,California
Lassen,2021-04-04,7,8315,2,1427,0,6415,5,473,1,2350,6,3198,6,5548,California
Lassen,2021-04-05,22,8337,4,1431,11,6426,7,480,11,2357,11,3209,18,5566,California
Lassen,2021-04-06,183,8520,8,1439,145,6571,30,510,53,2310,130,3339,83,5649,California
Lassen,2021-04-07,135,8655,6,1445,92,6663,37,547,32,2278,103,3442,71,5720,California
Lassen,2021-04-08,169,8824,9,1454,104,6767,56,603,32,2233,133,3575,88,5808,California
Lassen,2021-04-09,51,8875,6,1460,10,6777,35,638,8,2233,42,3617,42,5850,California
Lassen,2021-04-10,10,8885,0,1460,2,6779,8,646,0,2232,9,3626,8,5858,California
Lassen,2021-04-11,6,8891,2,1462,1,6780,3,649,3,2235,3,3629,6,5864,California
Lassen,2021-04-12,32,8923,4,1466,15,6795,13,662,4,2224,28,3657,17,5881,California
Lassen,2021-04-13,129,9052,6,1472,123,6918,0,662,40,2176,88,3745,40,5921,California
Lassen,2021-04-14,989,10041,16,1488,973,7891,0,662,51,1290,937,4682,51,5972,California
Lassen,2021-04-15,147,10188,14,1502,133,8024,0,662,19,1181,128,4810,19,5991,California
Lassen,2021-04-16,14,10202,5,1507,9,8033,0,662,6,1179,8,4818,6,5997,California
Lassen,2021-04-17,25,10227,3,1510,22,8055,0,662,4,1162,21,4839,4,6001,California
Lassen,2021-04-18,5,10232,2,1512,3,8058,0,662,2,1161,3,4842,2,6003,California
Lassen,2021-04-19,35,10267,0,1512,35,8093,0,662,18,1162,17,4859,18,6021,California
Lassen,2021-04-20,137,10404,7,1519,130,8223,0,662,51,1127,86,4945,51,6072,California
Lassen,2021-04-21,167,10571,10,1529,156,8379,1,663,34,1031,131,5076,35,6107,California
Lassen,2021-04-22,104,10675,16,1545,88,8467,0,663,34,995,70,5146,34,6141,California
Lassen,2021-04-23,27,10702,1,1546,26,8493,0,663,21,1010,6,5152,21,6162,California
Lassen,2021-04-24,9,10711,5,1551,4,8497,0,663,3,1007,6,5158,3,6165,California
Lassen,2021-04-25,5,10716,0,1551,4,8501,1,664,3,1009,2,5160,4,6169,California
Lassen,2021-04-26,44,10760,2,1553,38,8539,4,668,9,988,34,5194,13,6182,California
Lassen,2021-04-27,122,10882,9,1562,110,8649,3,671,69,1007,53,5247,72,6254,California
Lassen,2021-04-28,82,10964,7,1569,73,8722,2,673,29,985,53,5300,31,6285,California
Lassen,2021-04-29,69,11033,7,1576,59,8781,3,676,24,968,44,5344,27,6312,California
Lassen,2021-04-30,13,11046,8,1584,2,8783,3,679,4,966,9,5353,7,6319,California
Lassen,2021-05-01,4,11050,0,1584,3,8786,1,680,3,969,1,5354,4,6323,California
Lassen,2021-05-02,11,11061,7,1591,4,8790,0,680,7,972,4,5358,7,6330,California
Lassen,2021-05-03,18,11079,2,1593,10,8800,6,686,3,966,15,5373,9,6339,California
Lassen,2021-05-04,73,11152,5,1598,60,8860,8,694,21,943,52,5425,29,6368,California
Lassen,2021-05-05,83,11235,4,1602,67,8927,12,706,26,925,56,5481,38,6406,California
Lassen,2021-05-06,84,11319,21,1623,41,8968,22,728,25,913,59,5540,47,6453,California
Lassen,2021-05-07,49,11368,33,1656,11,8979,5,733,41,951,8,5548,46,6499,California
Lassen,2021-05-08,11,11379,0,1656,5,8984,6,739,4,954,7,5555,10,6509,California
Lassen,2021-05-09,3,11382,1,1657,0,8984,2,741,0,953,3,5558,2,6511,California
Lassen,2021-05-10,12,11394,1,1658,8,8992,3,744,6,956,6,5564,9,6520,California
Lassen,2021-05-11,71,11465,1,1659,61,9053,9,753,19,932,52,5616,28,6548,California
Lassen,2021-05-12,45,11510,5,1664,34,9087,6,759,15,923,30,5646,21,6569,California
Lassen,2021-05-13,39,11549,11,1675,23,9110,5,764,13,915,26,5672,18,6587,California
Lassen,2021-05-14,22,11571,4,1679,10,9120,8,772,11,923,11,5683,19,6606,California
Lassen,2021-05-15,16,11587,2,1681,4,9124,10,782,4,925,12,5695,14,6620,California
Lassen,2021-05-16,7,11594,2,1683,3,9127,2,784,2,925,4,5699,4,6624,California
Lassen,2021-05-17,36,11630,4,1687,20,9147,12,796,10,921,26,5725,22,6646,California
Lassen,2021-05-18,95,11725,11,1698,71,9218,13,809,31,901,64,5789,44,6690,California
Lassen,2021-05-19,61,11786,4,1702,46,9264,11,820,9,869,51,5840,19,6709,California
Lassen,2021-05-20,35,11821,8,1710,18,9282,9,829,11,865,24,5864,20,6729,California
Lassen,2021-05-21,67,11888,33,1743,20,9302,14,843,35,882,32,5896,49,6778,California
Lassen,2021-05-22,17,11905,2,1745,7,9309,8,851,7,887,10,5906,15,6793,California
Lassen,2021-05-23,6,11911,4,1749,1,9310,1,852,0,882,6,5912,1,6794,California
Lassen,2021-05-24,12,11923,1,1750,9,9319,2,854,4,881,7,5919,6,6800,California
Lassen,2021-05-25,101,12024,6,1756,86,9405,9,863,34,857,67,5986,43,6843,California
Lassen,2021-05-26,59,12083,1,1757,42,9447,16,879,11,836,48,6034,27,6870,California
Lassen,2021-05-27,45,12128,18,1775,21,9468,6,885,14,826,30,6064,20,6890,California
Lassen,2021-05-28,75,12203,49,1824,18,9486,8,893,31,823,44,6108,41,6931,California
Lassen,2021-05-29,15,12218,1,1825,12,9498,2,895,8,827,7,6115,11,6942,California
Lassen,2021-05-30,2,12220,0,1825,1,9499,1,896,1,828,1,6116,2,6944,California
Lassen,2021-05-31,7,12227,0,1825,6,9505,1,897,1,824,6,6122,2,6946,California
Lassen,2021-06-01,45,12272,2,1827,36,9541,7,904,15,816,30,6152,22,6968,California
Lassen,2021-06-02,59,12331,2,1829,41,9582,16,920,15,804,43,6195,31,6999,California
Lassen,2021-06-03,31,12362,6,1835,15,9597,10,930,8,799,23,6218,18,7017,California
Lassen,2021-06-04,39,12401,2,1837,25,9622,12,942,13,798,26,6244,25,7042,California
Lassen,2021-06-05,14,12415,3,1840,7,9629,4,946,4,796,10,6254,8,7050,California
Lassen,2021-06-06,5,12420,0,1840,2,9631,3,949,1,796,4,6258,4,7054,California
Lassen,2021-06-07,19,12439,0,1840,10,9641,9,958,3,792,16,6274,12,7066,California
Lassen,2021-06-08,40,12479,6,1846,30,9671,4,962,14,786,26,6300,20,7086,California
Lassen,2021-06-09,19,12498,2,1848,15,9686,2,964,7,784,11,6311,9,7095,California
Lassen,2021-06-10,24,12522,10,1858,12,9698,2,966,12,786,12,6323,14,7109,California
Lassen,2021-06-11,43,12565,29,1887,13,9711,1,967,11,767,32,6355,13,7122,California
Lassen,2021-06-12,6,12571,2,1889,4,9715,0,967,2,765,4,6359,2,7124,California
Lassen,2021-06-13,3,12574,2,1891,1,9716,0,967,1,764,2,6361,1,7125,California
Lassen,2021-06-14,9,12583,1,1892,6,9722,2,969,3,764,5,6366,5,7130,California
Lassen,2021-06-15,51,12634,5,1897,40,9762,6,975,15,749,36,6402,21,7151,California
Lassen,2021-06-16,12,12646,1,1898,6,9768,5,980,7,756,5,6407,12,7163,California
Lassen,2021-06-17,24,12670,12,1910,8,9776,4,984,10,756,14,6421,14,7177,California
Lassen,2021-06-18,51,12721,21,1931,21,9797,9,993,12,737,39,6460,20,7197,California
Lassen,2021-06-19,13,12734,1,1932,10,9807,2,995,5,736,8,6468,7,7204,California
Lassen,2021-06-20,7,12741,3,1935,3,9810,1,996,6,742,1,6469,7,7211,California
Lassen,2021-06-21,14,12755,0,1935,11,9821,3,999,4,739,10,6479,7,7218,California
Lassen,2021-06-22,37,12792,1,1936,35,9856,1,1000,19,741,18,6497,20,7238,California
Lassen,2021-06-23,18,12810,2,1938,12,9868,4,1004,5,737,13,6510,9,7247,California
Lassen,2021-06-24,26,12836,5,1943,14,9882,7,1011,13,744,13,6523,20,7267,California
Lassen,2021-06-25,6,12842,3,1946,3,9885,0,1011,4,746,2,6525,4,7271,California
Los Angeles,2020-12-15,399,399,399,399,0,0,0,0,399,399,0,0,399,399,California
Los Angeles,2020-12-16,3588,3987,3588,3987,0,0,0,0,3588,3987,0,0,3588,3987,California
Los Angeles,2020-12-17,10427,14414,10427,14414,0,0,0,0,10428,14415,0,0,10428,14415,California
Los Angeles,2020-12-18,14804,29218,14779,29193,25,25,0,0,14803,29218,0,0,14803,29218,California
Los Angeles,2020-12-19,7315,36533,7306,36499,9,34,0,0,7317,36535,0,0,7317,36535,California
Los Angeles,2020-12-20,4672,41205,4662,41161,10,44,0,0,4674,41209,0,0,4674,41209,California
Los Angeles,2020-12-21,13791,54996,13774,54935,17,61,0,0,13791,54999,1,1,13791,55000,California
Los Angeles,2020-12-22,11609,66605,11216,66151,393,454,0,0,11608,66605,2,3,11608,66608,California
Los Angeles,2020-12-23,12023,78628,10242,76393,1781,2235,0,0,12024,78629,0,3,12024,78632,California
Los Angeles,2020-12-24,7070,85698,4278,80671,2792,5027,0,0,7072,85701,0,3,7072,85704,California
Los Angeles,2020-12-25,530,86228,423,81094,107,5134,0,0,531,86232,0,3,531,86235,California
Los Angeles,2020-12-26,2550,88778,2197,83291,353,5487,0,0,2549,88779,2,5,2549,88784,California
Los Angeles,2020-12-27,1787,90565,1046,84337,741,6228,0,0,1787,90566,0,5,1787,90571,California
Los Angeles,2020-12-28,10396,100961,6445,90782,3951,10179,0,0,10393,100958,1,6,10393,100964,California
Los Angeles,2020-12-29,11689,112650,6130,96912,5559,15738,0,0,11689,112646,1,7,11689,112653,California
Los Angeles,2020-12-30,14967,127617,8135,105047,6832,22570,0,0,14966,127612,0,7,14966,127619,California
Los Angeles,2020-12-31,8015,135632,2778,107825,5237,27807,0,0,8010,135618,4,11,8010,135629,California
Los Angeles,2021-01-01,1098,136730,325,108150,773,28580,0,0,1096,136712,2,13,1096,136725,California
Los Angeles,2021-01-02,4508,141238,1683,109833,2825,31405,0,0,4507,141219,0,13,4507,141232,California
Los Angeles,2021-01-03,973,142211,230,110063,743,32148,0,0,971,142188,2,15,971,142203,California
Los Angeles,2021-01-04,12810,155021,4910,114973,7900,40048,0,0,12795,154981,2,17,12795,154998,California
Los Angeles,2021-01-05,16156,171177,7136,122109,9020,49068,0,0,14205,167273,1922,1939,14214,169212,California
Los Angeles,2021-01-06,22818,193995,12132,134241,10686,59754,0,0,17124,178781,5626,7565,17134,186346,California
Los Angeles,2021-01-07,29719,223714,16024,150265,13695,73449,0,0,18928,186982,10743,18308,18944,205290,California
Los Angeles,2021-01-08,33317,257031,18009,168274,15308,88757,0,0,20996,195696,12293,30601,21007,226297,California
Los Angeles,2021-01-09,12466,269497,7114,175388,5352,94109,0,0,7574,198389,4889,35490,7582,233879,California
Los Angeles,2021-01-10,4722,274219,3659,179047,1063,95172,0,0,1976,197620,2746,38236,1977,235856,California
Los Angeles,2021-01-11,25981,300200,16337,195384,9644,104816,0,0,14983,201630,10984,49220,14994,250850,California
Los Angeles,2021-01-12,29504,329704,16262,211646,13242,118058,0,0,19286,210728,10201,59421,19299,270149,California
Los Angeles,2021-01-13,29489,359193,15728,227374,13761,131819,0,0,20459,222181,9013,68434,20466,290615,California
Los Angeles,2021-01-14,29456,388649,12764,240138,16692,148511,0,0,23883,240522,5555,73989,23896,314511,California
Los Angeles,2021-01-15,34125,422774,12443,252581,21682,170193,0,0,30510,267454,3588,77577,30520,345031,California
Los Angeles,2021-01-16,17731,440505,5011,257592,12720,182913,0,0,15932,281603,1790,79367,15939,360970,California
Los Angeles,2021-01-17,5271,445776,2356,259948,2915,185828,0,0,5011,286357,259,79626,5013,365983,California
Los Angeles,2021-01-18,15769,461545,10160,270108,5609,191437,0,0,11016,292637,4740,84366,11020,377003,California
Los Angeles,2021-01-19,38846,500391,20698,290806,18148,209585,0,0,30974,315796,7830,92196,30989,407992,California
Los Angeles,2021-01-20,46763,547154,24296,315102,22467,232052,0,0,39208,347496,7521,99717,39221,447213,California
Los Angeles,2021-01-21,49243,596397,22566,337668,26677,258729,0,0,44891,388125,4279,103996,44908,492121,California
Los Angeles,2021-01-22,48677,645074,22501,360169,26176,284905,0,0,45165,429843,3462,107458,45180,537301,California
Los Angeles,2021-01-23,34349,679423,15812,375981,18537,303442,0,0,32253,460046,2064,109522,32267,569568,California
Los Angeles,2021-01-24,15761,695184,12187,388168,3574,307016,0,0,15199,474694,554,110076,15202,584770,California
Los Angeles,2021-01-25,39741,734925,16714,404882,23027,330043,0,0,31044,497091,8663,118739,31060,615830,California
Los Angeles,2021-01-26,49913,784838,24722,429604,25191,355234,0,0,41559,530356,8315,127054,41580,657410,California
Los Angeles,2021-01-27,51170,836008,25927,455531,25243,380477,0,0,41668,562696,9355,136409,41695,699105,California
Los Angeles,2021-01-28,49237,885245,23502,479033,25735,406212,0,0,40650,594899,8463,144872,40666,739771,California
Los Angeles,2021-01-29,50048,935293,25723,504756,24325,430537,0,0,39783,624795,9903,154775,39799,779570,California
Los Angeles,2021-01-30,30427,965720,15591,520347,14836,445373,0,0,26058,646586,4273,159048,26064,805634,California
Los Angeles,2021-01-31,13014,978734,10226,530573,2788,448161,0,0,12082,657760,912,159960,12086,817720,California
Los Angeles,2021-02-01,38886,1017620,16456,547029,22430,470591,0,0,28139,675215,10696,170656,28151,845871,California
Los Angeles,2021-02-02,45104,1062724,18123,565152,26981,497572,0,0,32756,695673,12304,182960,32762,878633,California
Los Angeles,2021-02-03,52691,1115415,19706,584858,32985,530557,0,0,37634,718511,14807,197767,37645,916278,California
Los Angeles,2021-02-04,57657,1173072,20816,605674,36841,567398,0,0,39384,739954,17956,215723,39399,955677,California
Los Angeles,2021-02-05,61986,1235058,21254,626928,40732,608130,0,0,39707,757851,21824,237547,39721,995398,California
Los Angeles,2021-02-06,35789,1270847,13443,640371,22346,630476,0,0,27239,776643,8470,246017,27262,1022660,California
Los Angeles,2021-02-07,11007,1281854,8513,648884,2494,632970,0,0,8588,782836,2402,248419,8595,1031255,California
Los Angeles,2021-02-08,47323,1329177,21823,670707,25500,658470,0,0,30902,797469,16275,264694,30908,1062163,California
Los Angeles,2021-02-09,56240,1385417,24789,695496,31451,689921,0,0,28519,798370,27630,292324,28531,1090694,California
Los Angeles,2021-02-10,67555,1452972,29568,725064,37987,727908,0,0,30871,792978,36281,328605,30889,1121583,California
Los Angeles,2021-02-11,58861,1511833,31413,756477,27448,755356,0,0,28306,791212,30082,358687,28316,1149899,California
Los Angeles,2021-02-12,60542,1572375,30131,786608,30411,785767,0,0,26364,783813,33786,392473,26387,1176286,California
Los Angeles,2021-02-13,34178,1606553,19972,806580,14206,799973,0,0,15526,780843,18551,411024,15581,1191867,California
Los Angeles,2021-02-14,22030,1628583,15045,821625,6985,806958,0,0,8835,776561,13126,424150,8844,1200711,California
Los Angeles,2021-02-15,33243,1661826,16131,837756,17112,824070,0,0,18193,779797,14974,439124,18210,1218921,California
Los Angeles,2021-02-16,64680,1726506,32878,870634,31802,855872,0,0,29930,775107,34637,473761,29947,1248868,California
Los Angeles,2021-02-17,65402,1791908,34880,905514,30522,886394,0,0,26539,763007,38654,512415,26554,1275422,California
Los Angeles,2021-02-18,69170,1861078,35157,940671,34013,920407,0,0,28772,751605,40195,552610,28793,1304215,California
Los Angeles,2021-02-19,58928,1920006,36343,977014,22585,942992,0,0,28786,750404,30007,582617,28806,1333021,California
Los Angeles,2021-02-20,33294,1953300,24258,1001272,9036,952028,0,0,16035,749282,17185,599802,16063,1349084,California
Los Angeles,2021-02-21,22407,1975707,20715,1021987,1692,953720,0,0,11187,749326,11151,610953,11195,1360279,California
Los Angeles,2021-02-22,35102,2010809,25535,1047522,9567,963287,0,0,18092,750517,16923,627876,18114,1378393,California
Los Angeles,2021-02-23,55477,2066286,23926,1071448,31551,994838,0,0,21711,738618,33639,661515,21740,1400133,California
Los Angeles,2021-02-24,65371,2131657,29118,1100566,36253,1031091,0,0,28183,729840,36998,698513,28220,1428353,California
Los Angeles,2021-02-25,74561,2206218,34117,1134683,40444,1071535,0,0,38425,732349,35952,734465,38461,1466814,California
Los Angeles,2021-02-26,84216,2290434,38985,1173668,45231,1116766,0,0,47238,742902,36733,771198,47286,1514100,California
Los Angeles,2021-02-27,60674,2351108,26742,1200410,33923,1150689,9,9,30969,744387,29530,800728,31015,1545115,California
Los Angeles,2021-02-28,27062,2378170,18653,1219063,8406,1159095,3,12,18976,755408,7975,808703,18996,1564111,California
Los Angeles,2021-03-01,57573,2435743,32666,1251729,24865,1183960,42,54,34548,767223,22810,831513,34625,1598736,California
Los Angeles,2021-03-02,78400,2514143,38027,1289756,40365,1224325,8,62,49452,787932,28787,860300,49496,1648232,California
Los Angeles,2021-03-03,86313,2600456,44259,1334015,42035,1266360,19,81,54683,811238,31432,891732,54738,1702970,California
Los Angeles,2021-03-04,92060,2692516,47174,1381189,44869,1311229,17,98,58264,835957,33602,925334,58321,1761291,California
Los Angeles,2021-03-05,90794,2783310,44779,1425968,45981,1357210,34,132,60658,866799,29920,955254,60762,1822053,California
Los Angeles,2021-03-06,67601,2850911,34489,1460457,31281,1388491,1831,1963,43543,888282,23906,979160,45389,1867442,California
Los Angeles,2021-03-07,27399,2878310,20862,1481319,5697,1394188,840,2803,21184,904133,6181,985341,22032,1889474,California
Los Angeles,2021-03-08,54601,2932911,29541,1510860,23090,1417278,1970,4773,41263,934159,13217,998558,43243,1932717,California
Los Angeles,2021-03-09,81970,3014881,39109,1549969,39571,1456849,3290,8063,52220,960078,29591,1028149,55510,1988227,California
Los Angeles,2021-03-10,83602,3098483,41183,1591152,37523,1494372,4896,12959,52892,987315,30517,1058666,57754,2045981,California
Los Angeles,2021-03-11,93728,3192211,46094,1637246,40896,1535268,6738,19697,54896,1010287,38626,1097292,61598,2107579,California
Los Angeles,2021-03-12,99818,3292029,45248,1682494,40636,1575904,13934,33631,58254,1041086,41341,1138633,72140,2179719,California
Los Angeles,2021-03-13,75996,3368025,35888,1718382,28116,1604020,11992,45623,45304,1067773,30570,1169203,57257,2236976,California
Los Angeles,2021-03-14,39240,3407265,26372,1744754,10312,1614332,2556,48179,24026,1079202,15139,1184342,26568,2263544,California
Los Angeles,2021-03-15,75657,3482922,37181,1781935,33012,1647344,5464,53643,45791,1100768,29662,1214004,51228,2314772,California
Los Angeles,2021-03-16,100547,3583469,44238,1826173,50424,1697768,5885,59528,65140,1136564,35186,1249190,70982,2385754,California
Los Angeles,2021-03-17,98181,3681650,44904,1871077,44951,1742719,8326,67854,65831,1178449,32124,1281314,74009,2459763,California
Los Angeles,2021-03-18,103677,3785327,49802,1920879,48285,1791004,5590,73444,65588,1211839,37771,1319085,71161,2530924,California
Los Angeles,2021-03-19,109939,3895266,57545,1978424,47602,1838606,4792,78236,67735,1242398,41915,1361000,72474,2603398,California
Los Angeles,2021-03-20,76686,3971952,37899,2016323,34187,1872793,4600,82836,51993,1274478,24496,1385496,56576,2659974,California
Los Angeles,2021-03-21,34928,4006880,26019,2042342,8002,1880795,907,83743,22348,1285281,12450,1397946,23253,2683227,California
Los Angeles,2021-03-22,71436,4078316,42106,2084448,27157,1907952,2173,85916,50076,1316455,21071,1419017,52245,2735472,California
Los Angeles,2021-03-23,97125,4175441,52759,2137207,41120,1949072,3246,89162,58615,1340075,38227,1457244,61847,2797319,California
Los Angeles,2021-03-24,105546,4280987,56128,2193335,46245,1995317,3173,92335,60554,1359143,44646,1501890,63714,2861033,California
Los Angeles,2021-03-25,111407,4392394,59879,2253214,47619,2042936,3909,96244,62278,1376513,48800,1550690,66170,2927203,California
Los Angeles,2021-03-26,115791,4508185,63496,2316710,48051,2090987,4244,100488,63714,1392675,51764,1602454,67926,2995129,California
Los Angeles,2021-03-27,83795,4591980,44111,2360821,37545,2128532,2139,102627,42669,1396646,40839,1643293,44810,3039939,California
Los Angeles,2021-03-28,42295,4634275,28698,2389519,13012,2141544,585,103212,20064,1395200,22097,1665390,20651,3060590,California
Los Angeles,2021-03-29,83446,4717721,47030,2436549,34643,2176187,1773,104985,46155,1406071,37058,1702448,47929,3108519,California
Los Angeles,2021-03-30,109568,4827289,52452,2489001,51175,2227362,5941,110926,56933,1416530,52378,1754826,62837,3171356,California
Los Angeles,2021-03-31,123195,4950484,62325,2551326,52018,2279380,8852,119778,68393,1439246,54467,1809293,77183,3248539,California
Los Angeles,2021-04-01,134162,5084646,62951,2614277,55747,2335127,15464,135242,71596,1464039,62179,1871472,86972,3335511,California
Los Angeles,2021-04-02,133129,5217775,59606,2673883,57937,2393064,15586,150828,70445,1487694,62323,1933795,85978,3421489,California
Los Angeles,2021-04-03,98913,5316688,45331,2719214,39916,2432980,13666,164494,48680,1499940,50026,1983821,62272,3483761,California
Los Angeles,2021-04-04,39308,5355996,20586,2739800,12074,2445054,6648,171142,16367,1500068,22844,2006665,22972,3506733,California
Los Angeles,2021-04-05,94426,5450422,44744,2784544,39348,2484402,10334,181476,44428,1504986,49770,2056435,54688,3561421,California
Los Angeles,2021-04-06,121807,5572229,57467,2842011,43972,2528374,20368,201844,55704,1515095,65831,2122266,75940,3637361,California
Los Angeles,2021-04-07,121311,5693540,55274,2897285,44772,2573146,21265,223109,54547,1524287,66480,2188746,75672,3713033,California
Los Angeles,2021-04-08,133875,5827415,59000,2956285,50628,2623774,24247,247356,60082,1535000,73444,2262190,84157,3797190,California
Los Angeles,2021-04-09,132778,5960193,57659,3013944,50982,2674756,24137,271493,56693,1539909,75744,2337934,80653,3877843,California
Los Angeles,2021-04-10,102118,6062311,43165,3057109,34722,2709478,24231,295724,37361,1536865,64496,2402430,61452,3939295,California
Los Angeles,2021-04-11,41983,6104294,22696,3079805,9882,2719360,9405,305129,14442,1533200,27448,2429878,23783,3963078,California
Los Angeles,2021-04-12,79783,6184077,38993,3118798,34317,2753677,6473,311602,32583,1525230,46965,2476843,38995,4002073,California
Los Angeles,2021-04-13,118575,6302652,59803,3178601,58337,2812014,435,312037,62672,1532721,55624,2532467,63115,4065188,California
Los Angeles,2021-04-14,120386,6423038,60264,3238865,59988,2872002,134,312171,65201,1543171,54884,2587351,65334,4130522,California
Los Angeles,2021-04-15,131717,6554755,71238,3310103,60281,2932283,198,312369,75281,1562408,56113,2643464,75350,4205872,California
Los Angeles,2021-04-16,131900,6686655,69680,3379783,62074,2994357,146,312515,69476,1569906,62061,2705525,69559,4275431,California
Los Angeles,2021-04-17,99663,6786318,52165,3431948,47468,3041825,30,312545,57043,1584607,42367,2747892,57068,4332499,California
Los Angeles,2021-04-18,35762,6822080,24156,3456104,11605,3053430,1,312546,19574,1588099,16091,2763983,19583,4352082,California
Los Angeles,2021-04-19,77359,6899439,40544,3496648,36798,3090228,17,312563,34725,1580443,42410,2806393,34754,4386836,California
Los Angeles,2021-04-20,105864,7005303,52504,3549152,53330,3143558,30,312593,52347,1579594,53233,2859626,52384,4439220,California
Los Angeles,2021-04-21,114858,7120161,56285,3605437,58382,3201940,191,312784,50987,1567295,63482,2923108,51183,4490403,California
Los Angeles,2021-04-22,118672,7238833,61704,3667141,56935,3258875,33,312817,52324,1553676,65989,2989097,52370,4542773,California
Los Angeles,2021-04-23,118248,7357081,65008,3732149,53219,3312094,21,312838,56405,1548605,61505,3050602,56434,4599207,California
Los Angeles,2021-04-24,90416,7447497,57450,3789599,32924,3345018,42,312880,50466,1559426,39700,3090302,50521,4649728,California
Los Angeles,2021-04-25,37992,7485489,25162,3814761,12824,3357842,6,312886,20447,1562463,17417,3107719,20454,4670182,California
Los Angeles,2021-04-26,79101,7564590,41259,3856020,37331,3395173,511,313397,39016,1562146,39843,3147562,39526,4709708,California
Los Angeles,2021-04-27,95425,7660015,45960,3901980,47464,3442637,2001,315398,37029,1543070,58096,3205658,39020,4748728,California
Los Angeles,2021-04-28,87935,7747950,42641,3944621,43191,3485828,2103,317501,34816,1527234,52749,3258407,36913,4785641,California
Los Angeles,2021-04-29,94551,7842501,47332,3991953,45007,3530835,2212,319713,34266,1503840,59866,3318273,36472,4822113,California
Los Angeles,2021-04-30,102070,7944571,50408,4042361,49206,3580041,2456,322169,37468,1479613,64137,3382410,39910,4862023,California
Los Angeles,2021-05-01,75709,8020280,42352,4084713,31838,3611879,1519,323688,28541,1462838,46831,3429241,30056,4892079,California
Los Angeles,2021-05-02,28067,8048347,18020,4102733,9307,3621186,740,324428,10173,1455980,17769,3447010,10911,4902990,California
Los Angeles,2021-05-03,62552,8110899,30376,4133109,29938,3651124,2238,326666,22744,1441415,39530,3486540,24965,4927955,California
Los Angeles,2021-05-04,88595,8199494,49393,4182502,36904,3688028,2298,328964,27668,1410762,60604,3547144,29951,4957906,California
Los Angeles,2021-05-05,91551,8291045,53612,4236114,35547,3723575,2392,331356,25427,1372820,65750,3612894,27808,4985714,California
Los Angeles,2021-05-06,97267,8388312,58307,4294421,36443,3760018,2517,333873,23093,1324638,73779,3686673,25597,5011311,California
Los Angeles,2021-05-07,97874,8486186,57751,4352172,37748,3797766,2375,336248,26998,1283492,70496,3757169,29350,5040661,California
Los Angeles,2021-05-08,65307,8551493,42798,4394970,20757,3818523,1752,338000,17803,1255873,47170,3804339,19551,5060212,California
Los Angeles,2021-05-09,23735,8575228,18079,4413049,4918,3823441,738,338738,5706,1244381,17928,3822267,6436,5066648,California
Los Angeles,2021-05-10,49605,8624833,26070,4439119,21648,3845089,1887,340625,15028,1226949,34339,3856606,16907,5083555,California
Los Angeles,2021-05-11,69748,8694581,37381,4476500,30227,3875316,2140,342765,17922,1195441,51550,3908156,20042,5103597,California
Los Angeles,2021-05-12,71871,8766452,39107,4515607,30443,3905759,2321,345086,20109,1166402,51443,3959599,22404,5126001,California
Los Angeles,2021-05-13,78386,8844838,47264,4562871,29389,3935148,1733,346819,27952,1146044,50030,4009629,29672,5155673,California
Los Angeles,2021-05-14,89723,8934561,57128,4619999,30713,3965861,1882,348701,33855,1126262,55508,4065137,35726,5191399,California
Los Angeles,2021-05-15,75544,9010105,52868,4672867,21169,3987030,1507,350208,29123,1110749,46130,4111267,30617,5222016,California
Los Angeles,2021-05-16,30652,9040757,24244,4697111,5796,3992826,612,350820,12050,1104905,18501,4129768,12657,5234673,California
Los Angeles,2021-05-17,61970,9102727,40121,4737232,20062,4012888,1787,352607,24866,1094677,36853,4166621,26625,5261298,California
Los Angeles,2021-05-18,64938,9167665,38325,4775557,24780,4037668,1833,354440,25440,1082694,39222,4205843,27239,5288537,California
Los Angeles,2021-05-19,67530,9235195,40695,4816252,24995,4062663,1840,356280,28753,1074766,38504,4244347,30576,5319113,California
Los Angeles,2021-05-20,66247,9301442,37003,4853255,27164,4089827,2080,358360,25153,1061286,40708,4285055,27228,5346341,California
Los Angeles,2021-05-21,70097,9371539,42502,4895757,25517,4115344,2078,360438,27164,1048170,42541,4327596,29425,5375766,California
Los Angeles,2021-05-22,57204,9428743,37282,4933039,18271,4133615,1651,362089,23241,1039329,33725,4361321,24884,5400650,California
Los Angeles,2021-05-23,23537,9452280,16193,4949232,6501,4140116,843,362932,10505,1037773,12904,4374225,11348,5411998,California
Los Angeles,2021-05-24,48513,9500793,26601,4975833,20056,4160172,1856,364788,18264,1027865,30014,4404239,20106,5432104,California
Los Angeles,2021-05-25,49809,9550602,28820,5004653,19219,4179391,1770,366558,19149,1018381,30403,4434642,20919,5453023,California
Los Angeles,2021-05-26,47175,9597777,26674,5031327,18663,4198054,1838,368396,19717,1012786,27036,4461678,21441,5474464,California
Los Angeles,2021-05-27,45456,9643233,25421,5056748,18200,4216254,1835,370231,18837,1007264,26374,4488052,20852,5495316,California
Los Angeles,2021-05-28,52328,9695561,29639,5086387,20791,4237045,1898,372129,23256,1003797,28756,4516808,25289,5520605,California
Los Angeles,2021-05-29,30473,9726034,17607,5103994,11822,4248867,1044,373173,14141,1003000,16145,4532953,15348,5535953,California
Los Angeles,2021-05-30,12466,9738500,8172,5112166,3561,4252428,733,373906,5781,1002991,6630,4539583,6621,5542574,California
Los Angeles,2021-05-31,6041,9744541,3738,5115904,1997,4254425,306,374212,1727,1000772,4256,4543839,2037,5544611,California
Los Angeles,2021-06-01,46237,9790778,25897,5141801,18769,4273194,1571,375783,17064,991159,28831,4572670,19218,5563829,California
Los Angeles,2021-06-02,38561,9829339,22260,5164061,14852,4288046,1449,377232,15190,984881,23091,4595761,16813,5580642,California
Los Angeles,2021-06-03,42747,9872086,28301,5192362,12887,4300933,1559,378791,14689,973378,27775,4623536,16272,5596914,California
Los Angeles,2021-06-04,52335,9924421,35361,5227723,15298,4316231,1676,380467,16603,956302,35374,4658910,18298,5615212,California
Los Angeles,2021-06-05,42406,9966827,30411,5258134,10620,4326851,1375,381842,12529,940526,29687,4688597,13911,5629123,California
Los Angeles,2021-06-06,14651,9981478,12086,5270220,1829,4328680,736,382578,4066,934816,10518,4699115,4808,5633931,California
Los Angeles,2021-06-07,36848,10018326,26307,5296527,9094,4337774,1447,384025,11761,923151,24887,4724002,13222,5647153,California
Los Angeles,2021-06-08,38300,10056626,26378,5322905,10334,4348108,1588,385613,12940,912636,25062,4749064,14547,5661700,California
Los Angeles,2021-06-09,39764,10096390,28073,5350978,10175,4358283,1516,387129,11705,898057,27807,4776871,13228,5674928,California
Los Angeles,2021-06-10,36524,10132914,25280,5376258,9644,4367927,1600,388729,11528,886417,24767,4801638,13127,5688055,California
Los Angeles,2021-06-11,41094,10174008,28169,5404427,11270,4379197,1655,390384,13436,874147,27361,4828999,15091,5703146,California
Los Angeles,2021-06-12,33299,10207307,23958,5428385,8120,4387317,1221,391605,10310,862853,22823,4851822,11529,5714675,California
Los Angeles,2021-06-13,11488,10218795,8223,5436608,2629,4389946,636,392241,2746,857554,8677,4860499,3378,5718053,California
Los Angeles,2021-06-14,32464,10251259,23325,5459933,7767,4397713,1372,393613,11583,849803,20694,4881193,12943,5730996,California
Los Angeles,2021-06-15,33723,10284982,22647,5482580,9398,4407111,1678,395291,11768,841622,21606,4902799,13425,5744421,California
Los Angeles,2021-06-16,32153,10317135,22231,5504811,8207,4415318,1715,397006,11287,833984,20640,4923439,13002,5757423,California
Los Angeles,2021-06-17,28373,10345508,19152,5523963,7866,4423184,1355,398361,10555,828321,17566,4941005,11903,5769326,California
Los Angeles,2021-06-18,33730,10379238,23326,5547289,8826,4432010,1578,399939,12096,820708,21273,4962278,13660,5782986,California
Los Angeles,2021-06-19,21306,10400544,14442,5561731,5747,4437757,1117,401056,8171,817118,12863,4975141,9273,5792259,California
Los Angeles,2021-06-20,8426,10408970,5928,5567659,2008,4439765,490,401546,3064,815383,5288,4980429,3553,5795812,California
Los Angeles,2021-06-21,18355,10427325,11424,5579083,5863,4445628,1068,402614,10025,818253,8215,4988644,11085,5806897,California
Los Angeles,2021-06-22,24969,10452294,16980,5596063,6857,4452485,1132,403746,9826,814231,14976,5003620,10954,5817851,California
Los Angeles,2021-06-23,23840,10476134,16609,5612672,6206,4458691,1025,404771,9752,811084,13922,5017542,10775,5828626,California
Los Angeles,2021-06-24,23240,10499374,16327,5628999,5782,4464473,1131,405902,9074,807310,13945,5031487,10171,5838797,California
Los Angeles,2021-06-25,14991,10514365,10858,5639857,3194,4467667,939,406841,5523,804378,9380,5040867,6448,5845245,California
Madera,2020-12-16,22,22,22,22,0,0,0,0,22,22,0,0,22,22,California
Madera,2020-12-17,12,34,12,34,0,0,0,0,12,34,0,0,12,34,California
Madera,2020-12-18,60,94,60,94,0,0,0,0,60,94,0,0,60,94,California
Madera,2020-12-19,5,99,5,99,0,0,0,0,5,99,0,0,5,99,California
Madera,2020-12-20,14,113,14,113,0,0,0,0,14,113,0,0,14,113,California
Madera,2020-12-21,59,172,59,172,0,0,0,0,59,172,0,0,59,172,California
Madera,2020-12-22,97,269,95,267,2,2,0,0,97,269,0,0,97,269,California
Madera,2020-12-23,67,336,67,334,0,2,0,0,67,336,0,0,67,336,California
Madera,2020-12-24,45,381,40,374,5,7,0,0,45,381,0,0,45,381,California
Madera,2020-12-26,27,408,26,400,1,8,0,0,27,408,0,0,27,408,California
Madera,2020-12-27,30,438,12,412,18,26,0,0,30,438,0,0,30,438,California
Madera,2020-12-28,107,545,36,448,71,97,0,0,107,545,0,0,107,545,California
Madera,2020-12-29,175,720,37,485,138,235,0,0,175,720,0,0,175,720,California
Madera,2020-12-30,224,944,88,573,136,371,0,0,224,944,0,0,224,944,California
Madera,2020-12-31,202,1146,80,653,122,493,0,0,202,1146,0,0,202,1146,California
Madera,2021-01-01,2,1148,1,654,1,494,0,0,2,1148,0,0,2,1148,California
Madera,2021-01-02,89,1237,33,687,56,550,0,0,89,1237,0,0,89,1237,California
Madera,2021-01-03,4,1241,4,691,0,550,0,0,4,1241,0,0,4,1241,California
Madera,2021-01-04,130,1371,66,757,64,614,0,0,130,1371,0,0,130,1371,California
Madera,2021-01-05,280,1651,143,900,137,751,0,0,276,1643,4,4,276,1647,California
Madera,2021-01-06,184,1835,27,927,157,908,0,0,164,1787,20,24,164,1811,California
Madera,2021-01-07,401,2236,117,1044,284,1192,0,0,378,2143,23,47,379,2190,California
Madera,2021-01-08,419,2655,72,1116,347,1539,0,0,364,2454,54,101,365,2555,California
Madera,2021-01-09,37,2692,14,1130,23,1562,0,0,28,2473,9,110,28,2583,California
Madera,2021-01-10,17,2709,14,1144,3,1565,0,0,5,2466,12,122,5,2588,California
Madera,2021-01-11,239,2948,191,1335,48,1613,0,0,198,2623,41,163,198,2786,California
Madera,2021-01-12,389,3337,157,1492,232,1845,0,0,285,2804,104,267,285,3071,California
Madera,2021-01-13,182,3519,91,1583,91,1936,0,0,126,2875,56,323,127,3198,California
Madera,2021-01-14,555,4074,83,1666,472,2408,0,0,521,3362,34,357,521,3719,California
Madera,2021-01-15,599,4673,160,1826,439,2847,0,0,578,3919,21,378,578,4297,California
Madera,2021-01-16,383,5056,49,1875,334,3181,0,0,355,4246,28,406,355,4652,California
Madera,2021-01-17,334,5390,15,1890,319,3500,0,0,330,4572,4,410,330,4982,California
Madera,2021-01-18,77,5467,61,1951,16,3516,0,0,58,4612,18,428,58,5040,California
Madera,2021-01-19,568,6035,134,2085,434,3950,0,0,541,5127,27,455,542,5582,California
Madera,2021-01-20,238,6273,81,2166,157,4107,0,0,209,5308,28,483,209,5791,California
Madera,2021-01-21,242,6515,133,2299,109,4216,0,0,208,5484,32,515,208,5999,California
Madera,2021-01-22,258,6773,83,2382,175,4391,0,0,242,5710,16,531,242,6241,California
Madera,2021-01-23,101,6874,53,2435,48,4439,0,0,77,5763,24,555,77,6318,California
Madera,2021-01-24,100,6974,81,2516,19,4458,0,0,78,5819,22,577,78,6396,California
Madera,2021-01-25,270,7244,127,2643,143,4601,0,0,146,5841,124,701,146,6542,California
Madera,2021-01-26,493,7737,190,2833,303,4904,0,0,301,5952,191,892,302,6844,California
Madera,2021-01-27,744,8481,63,2896,681,5585,0,0,607,6424,137,1029,609,7453,California
Madera,2021-01-28,549,9030,110,3006,439,6024,0,0,443,6762,106,1135,444,7897,California
Madera,2021-01-29,468,9498,93,3099,375,6399,0,0,413,7120,55,1190,413,8310,California
Madera,2021-01-30,503,10001,16,3115,487,6886,0,0,449,7515,54,1244,449,8759,California
Madera,2021-01-31,8,10009,5,3120,3,6889,0,0,7,7521,1,1245,7,8766,California
Madera,2021-02-01,331,10340,146,3266,185,7074,0,0,205,7600,126,1371,205,8971,California
Madera,2021-02-02,253,10593,89,3355,164,7238,0,0,160,7669,92,1463,161,9132,California
Madera,2021-02-03,596,11189,460,3815,136,7374,0,0,477,8030,117,1580,478,9610,California
Madera,2021-02-04,398,11587,126,3941,272,7646,0,0,117,7868,280,1860,118,9728,California
Madera,2021-02-05,977,12564,299,4240,678,8324,0,0,370,7638,601,2461,371,10099,California
Madera,2021-02-06,361,12925,326,4566,35,8359,0,0,320,7918,40,2501,320,10419,California
Madera,2021-02-07,35,12960,7,4573,28,8387,0,0,30,7943,5,2506,30,10449,California
Madera,2021-02-08,383,13343,307,4880,76,8463,0,0,268,8097,114,2620,268,10717,California
Madera,2021-02-09,482,13825,117,4997,365,8828,0,0,198,8015,281,2901,199,10916,California
Madera,2021-02-10,433,14258,149,5146,284,9112,0,0,326,8236,106,3007,327,11243,California
Madera,2021-02-11,935,15193,306,5452,629,9741,0,0,402,8107,532,3539,403,11646,California
Madera,2021-02-12,847,16040,120,5572,727,10468,0,0,313,7895,528,4067,316,11962,California
Madera,2021-02-13,484,16524,45,5617,439,10907,0,0,136,7687,347,4414,139,12101,California
Madera,2021-02-14,400,16924,74,5691,326,11233,0,0,134,7556,266,4680,135,12236,California
Madera,2021-02-15,246,17170,100,5791,146,11379,0,0,175,7661,70,4750,175,12411,California
Madera,2021-02-16,779,17949,184,5975,595,11974,0,0,227,7339,550,5300,228,12639,California
Madera,2021-02-17,613,18562,275,6250,338,12312,0,0,341,7417,265,5565,343,12982,California
Madera,2021-02-18,1301,19863,539,6789,762,13074,0,0,1122,8361,179,5744,1123,14105,California
Madera,2021-02-19,862,20725,546,7335,316,13390,0,0,718,8936,144,5888,719,14824,California
Madera,2021-02-20,1072,21797,980,8315,92,13482,0,0,999,9864,72,5960,1000,15824,California
Madera,2021-02-21,965,22762,822,9137,143,13625,0,0,960,10819,5,5965,960,16784,California
Madera,2021-02-22,915,23677,837,9974,78,13703,0,0,859,11622,56,6021,859,17643,California
Madera,2021-02-23,736,24413,464,10438,272,13975,0,0,522,11931,213,6234,522,18165,California
Madera,2021-02-24,911,25324,300,10738,611,14586,0,0,381,11783,529,6763,381,18546,California
Madera,2021-02-25,1034,26358,317,11055,717,15303,0,0,600,11951,432,7195,600,19146,California
Madera,2021-02-26,1094,27452,198,11253,896,16199,0,0,712,12283,380,7575,712,19858,California
Madera,2021-02-27,925,28377,293,11546,632,16831,0,0,495,12355,427,8002,499,20357,California
Madera,2021-02-28,193,28570,30,11576,163,16994,0,0,187,12536,6,8008,187,20544,California
Madera,2021-03-01,378,28948,119,11695,259,17253,0,0,195,12550,181,8189,195,20739,California
Madera,2021-03-02,742,29690,350,12045,392,17645,0,0,627,13067,113,8302,630,21369,California
Madera,2021-03-03,1357,31047,728,12773,629,18274,0,0,951,13641,403,8705,977,22346,California
Madera,2021-03-04,1204,32251,526,13299,678,18952,0,0,951,14341,254,8959,954,23300,California
Madera,2021-03-05,1360,33611,420,13719,927,19879,13,13,1079,15165,279,9238,1103,24403,California
Madera,2021-03-06,817,34428,635,14354,150,20029,32,45,499,15380,317,9555,532,24935,California
Madera,2021-03-07,154,34582,27,14381,105,20134,22,67,105,15458,49,9604,127,25062,California
Madera,2021-03-08,603,35185,336,14717,208,20342,59,126,310,15536,293,9897,371,25433,California
Madera,2021-03-09,597,35782,296,15013,267,20609,34,160,408,15799,187,10084,450,25883,California
Madera,2021-03-10,1191,36973,558,15571,553,21162,80,240,755,16204,431,10515,836,26719,California
Madera,2021-03-11,1683,38656,867,16438,488,21650,328,568,770,16403,911,11426,1110,27829,California
Madera,2021-03-12,1583,40239,820,17258,608,22258,155,723,801,16608,780,12206,985,28814,California
Madera,2021-03-13,1889,42128,1328,18586,362,22620,199,922,818,16575,1067,13273,1034,29848,California
Madera,2021-03-14,584,42712,449,19035,103,22723,32,954,293,16612,288,13561,325,30173,California
Madera,2021-03-15,741,43453,225,19260,470,23193,46,1000,511,16973,227,13788,588,30761,California
Madera,2021-03-16,931,44384,528,19788,356,23549,47,1047,741,17591,187,13975,805,31566,California
Madera,2021-03-17,1463,45847,980,20768,420,23969,63,1110,907,18105,547,14522,1061,32627,California
Madera,2021-03-18,1956,47803,687,21455,1205,25174,64,1174,971,18251,979,15501,1125,33752,California
Madera,2021-03-19,1586,49389,591,22046,913,26087,82,1256,1031,18892,551,16052,1192,34944,California
Madera,2021-03-20,1182,50571,776,22822,353,26440,53,1309,596,19021,585,16637,714,35658,California
Madera,2021-03-21,1101,51672,899,23721,157,26597,45,1354,380,18729,718,17355,426,36084,California
Madera,2021-03-22,1360,53032,854,24575,440,27037,66,1420,682,18849,675,18030,795,36879,California
Madera,2021-03-23,1432,54464,877,25452,464,27501,91,1511,681,18955,749,18779,855,37734,California
Madera,2021-03-24,948,55412,509,25961,408,27909,31,1542,615,19276,330,19109,651,38385,California
Madera,2021-03-25,1167,56579,527,26488,616,28525,24,1566,643,19442,514,19623,680,39065,California
Madera,2021-03-26,1521,58100,577,27065,812,29337,132,1698,712,19485,805,20428,848,39913,California
Madera,2021-03-27,927,59027,605,27670,297,29634,25,1723,415,19418,508,20936,441,40354,California
Madera,2021-03-28,435,59462,151,27821,224,29858,60,1783,202,19540,232,21168,354,40708,California
Madera,2021-03-29,682,60144,178,27999,475,30333,29,1812,489,19873,189,21357,522,41230,California
Madera,2021-03-30,1069,61213,605,28604,435,30768,29,1841,478,19794,588,21945,509,41739,California
Madera,2021-03-31,1400,62613,542,29146,721,31489,137,1978,424,19386,970,22915,562,42301,California
Madera,2021-04-01,1385,63998,626,29772,708,32197,51,2029,481,19022,894,23809,530,42831,California
Madera,2021-04-02,1607,65605,461,30233,1087,33284,59,2088,479,18444,1117,24926,539,43370,California
Madera,2021-04-03,962,66567,763,30996,179,33463,20,2108,392,18297,568,25494,421,43791,California
Madera,2021-04-04,187,66754,65,31061,120,33583,2,2110,86,18285,101,25595,89,43880,California
Madera,2021-04-05,735,67489,252,31313,424,34007,59,2169,338,18301,395,25990,411,44291,California
Madera,2021-04-06,1702,69191,886,32199,462,34469,354,2523,528,18012,1172,27162,883,45174,California
Madera,2021-04-07,1227,70418,382,32581,695,35164,150,2673,423,17789,801,27963,578,45752,California
Madera,2021-04-08,1726,72144,669,33250,798,35962,259,2932,555,17445,1164,29127,820,46572,California
Madera,2021-04-09,1651,73795,695,33945,807,36769,149,3081,947,17845,699,29826,1099,47671,California
Madera,2021-04-10,978,74773,686,34631,224,36993,68,3149,711,18357,268,30094,780,48451,California
Madera,2021-04-11,813,75586,658,35289,76,37069,79,3228,288,18201,521,30615,365,48816,California
Madera,2021-04-12,817,76403,295,35584,447,37516,75,3303,316,18092,501,31116,392,49208,California
Madera,2021-04-13,1248,77651,616,36200,590,38106,42,3345,726,18350,520,31636,778,49986,California
Madera,2021-04-14,1400,79051,867,37067,533,38639,0,3345,577,18111,822,32458,583,50569,California
Madera,2021-04-15,1170,80221,509,37576,660,39299,1,3346,422,17799,736,33194,424,50993,California
Madera,2021-04-16,1361,81582,546,38122,815,40114,0,3346,385,17224,962,34156,387,51380,California
Madera,2021-04-17,1295,82877,1091,39213,204,40318,0,3346,775,17481,518,34674,775,52155,California
Madera,2021-04-18,259,83136,219,39432,40,40358,0,3346,89,17403,167,34841,89,52244,California
Madera,2021-04-19,816,83952,243,39675,572,40930,1,3347,285,17163,525,35366,285,52529,California
Madera,2021-04-20,905,84857,456,40131,449,41379,0,3347,236,16736,665,36031,238,52767,California
Madera,2021-04-21,881,85738,474,40605,407,41786,0,3347,296,16450,584,36615,298,53065,California
Madera,2021-04-22,1100,86838,533,41138,567,42353,0,3347,378,16111,718,37333,379,53444,California
Madera,2021-04-23,969,87807,316,41454,653,43006,0,3347,339,15825,625,37958,339,53783,California
Madera,2021-04-24,708,88515,466,41920,242,43248,0,3347,247,15616,457,38415,248,54031,California
Madera,2021-04-25,264,88779,160,42080,101,43349,3,3350,117,15594,143,38558,121,54152,California
Madera,2021-04-26,560,89339,106,42186,448,43797,6,3356,132,15307,425,38983,138,54290,California
Madera,2021-04-27,626,89965,280,42466,321,44118,25,3381,315,15338,310,39293,341,54631,California
Madera,2021-04-28,507,90472,205,42671,283,44401,19,3400,246,15343,259,39552,264,54895,California
Madera,2021-04-29,552,91024,250,42921,275,44676,27,3427,258,15342,287,39839,286,55181,California
Madera,2021-04-30,940,91964,508,43429,416,45092,16,3443,273,14970,661,40500,289,55470,California
Madera,2021-05-01,968,92932,870,44299,85,45177,13,3456,389,14794,578,41078,402,55872,California
Madera,2021-05-02,401,93333,353,44652,43,45220,5,3461,146,14690,255,41333,151,56023,California
Madera,2021-05-03,500,93833,198,44850,262,45482,40,3501,101,14435,396,41729,141,56164,California
Madera,2021-05-04,910,94743,439,45289,427,45909,44,3545,216,14001,694,42423,260,56424,California
Madera,2021-05-05,1022,95765,490,45779,472,46381,60,3605,278,13597,742,43165,338,56762,California
Madera,2021-05-06,697,96462,247,46026,418,46799,32,3637,156,13249,536,43701,188,56950,California
Madera,2021-05-07,809,97271,279,46305,509,47308,21,3658,194,12854,609,44310,214,57164,California
Madera,2021-05-08,971,98242,758,47063,202,47510,11,3669,185,12265,785,45095,196,57360,California
Madera,2021-05-09,146,98388,20,47083,115,47625,11,3680,35,12201,110,45205,46,57406,California
Madera,2021-05-10,359,98747,73,47156,274,47899,12,3692,99,12053,259,45464,111,57517,California
Madera,2021-05-11,530,99277,177,47333,344,48243,9,3701,167,11868,361,45825,176,57693,California
Madera,2021-05-12,505,99782,228,47561,241,48484,36,3737,125,11651,378,46203,161,57854,California
Madera,2021-05-13,508,100290,309,47870,167,48651,32,3769,175,11528,330,46533,207,58061,California
Madera,2021-05-14,537,100827,270,48140,243,48894,24,3793,233,11484,301,46834,257,58318,California
Madera,2021-05-15,560,101387,476,48616,76,48970,8,3801,362,11658,196,47030,370,58688,California
Madera,2021-05-16,257,101644,189,48805,36,49006,32,3833,106,11645,151,47181,138,58826,California
Madera,2021-05-17,451,102095,189,48994,234,49240,28,3861,202,11629,246,47427,230,59056,California
Madera,2021-05-18,549,102644,366,49360,159,49399,24,3885,287,11682,258,47685,311,59367,California
Madera,2021-05-19,487,103131,224,49584,241,49640,22,3907,216,11651,269,47954,238,59605,California
Madera,2021-05-20,591,103722,269,49853,284,49924,38,3945,231,11567,353,48307,269,59874,California
Madera,2021-05-21,503,104225,193,50046,283,50207,27,3972,191,11479,307,48614,219,60093,California
Madera,2021-05-22,901,105126,815,50861,74,50281,12,3984,529,11649,371,48985,541,60634,California
Madera,2021-05-23,266,105392,239,51100,17,50298,10,3994,142,11678,123,49108,152,60786,California
Madera,2021-05-24,304,105696,136,51236,127,50425,41,4035,120,11656,183,49291,161,60947,California
Madera,2021-05-25,381,106077,169,51405,180,50605,32,4067,151,11611,228,49519,183,61130,California
Madera,2021-05-26,447,106524,260,51665,165,50770,22,4089,238,11666,206,49725,261,61391,California
Madera,2021-05-27,374,106898,136,51801,200,50970,38,4127,128,11596,242,49967,172,61563,California
Madera,2021-05-28,446,107344,171,51972,247,51217,28,4155,172,11529,272,50239,205,61768,California
Madera,2021-05-29,308,107652,217,52189,73,51290,18,4173,167,11574,141,50380,186,61954,California
Madera,2021-05-30,61,107713,26,52215,31,51321,4,4177,28,11574,32,50412,32,61986,California
Madera,2021-05-31,26,107739,9,52224,13,51334,4,4181,11,11575,15,50427,16,62002,California
Madera,2021-06-01,288,108027,143,52367,122,51456,23,4204,106,11526,180,50607,131,62133,California
Madera,2021-06-02,396,108423,126,52493,247,51703,23,4227,119,11394,276,50883,144,62277,California
Madera,2021-06-03,281,108704,149,52642,117,51820,15,4242,90,11308,191,51074,105,62382,California
Madera,2021-06-04,376,109080,241,52883,124,51944,11,4253,148,11240,227,51301,159,62541,California
Madera,2021-06-05,511,109591,386,53269,112,52056,13,4266,148,11043,358,51659,161,62702,California
Madera,2021-06-06,135,109726,115,53384,13,52069,7,4273,39,10993,96,51755,46,62748,California
Madera,2021-06-07,250,109976,155,53539,74,52143,21,4294,44,10852,206,51961,65,62813,California
Madera,2021-06-08,388,110364,273,53812,94,52237,21,4315,96,10679,292,52253,119,62932,California
Madera,2021-06-09,371,110735,236,54048,109,52346,26,4341,142,10619,228,52481,168,63100,California
Madera,2021-06-10,339,111074,196,54244,127,52473,16,4357,116,10530,221,52702,132,63232,California
Madera,2021-06-11,378,111452,219,54463,127,52600,32,4389,170,10523,207,52909,200,63432,California
Madera,2021-06-12,570,112022,501,54964,54,52654,15,4404,91,10150,479,53388,106,63538,California
Madera,2021-06-13,192,112214,158,55122,29,52683,5,4409,53,10070,138,53526,58,63596,California
Madera,2021-06-14,227,112441,163,55285,41,52724,23,4432,89,10047,135,53661,112,63708,California
Madera,2021-06-15,359,112800,248,55533,78,52802,33,4465,155,10032,203,53864,188,63896,California
Madera,2021-06-16,328,113128,252,55785,62,52864,14,4479,119,9961,204,54068,133,64029,California
Madera,2021-06-17,264,113392,131,55916,124,52988,9,4488,98,9903,165,54233,107,64136,California
Madera,2021-06-18,273,113665,174,56090,75,53063,24,4512,117,9888,155,54388,140,64276,California
Madera,2021-06-19,246,113911,199,56289,39,53102,8,4520,80,9810,166,54554,88,64364,California
Madera,2021-06-20,55,113966,45,56334,3,53105,7,4527,27,9816,28,54582,34,64398,California
Madera,2021-06-21,164,114130,79,56413,60,53165,25,4552,73,9823,91,54673,98,64496,California
Madera,2021-06-22,235,114365,158,56571,58,53223,19,4571,115,9839,118,54791,134,64630,California
Madera,2021-06-23,262,114627,188,56759,65,53288,9,4580,139,9864,123,54914,148,64778,California
Madera,2021-06-24,198,114825,98,56857,80,53368,20,4600,74,9835,123,55037,94,64872,California
Madera,2021-06-25,161,114986,112,56969,34,53402,15,4615,60,9810,100,55137,75,64947,California
Marin,2020-12-15,2,2,2,2,0,0,0,0,2,2,0,0,2,2,California
Marin,2020-12-16,108,110,108,110,0,0,0,0,108,110,0,0,108,110,California
Marin,2020-12-17,274,384,274,384,0,0,0,0,274,384,0,0,274,384,California
Marin,2020-12-18,390,774,390,774,0,0,0,0,390,774,0,0,390,774,California
Marin,2020-12-19,348,1122,347,1121,1,1,0,0,348,1122,0,0,348,1122,California
Marin,2020-12-20,167,1289,166,1287,1,2,0,0,167,1289,0,0,167,1289,California
Marin,2020-12-21,237,1526,234,1521,3,5,0,0,237,1526,0,0,237,1526,California
Marin,2020-12-22,522,2048,318,1839,204,209,0,0,522,2048,0,0,522,2048,California
Marin,2020-12-23,731,2779,316,2155,415,624,0,0,731,2779,0,0,731,2779,California
Marin,2020-12-24,359,3138,160,2315,199,823,0,0,359,3138,0,0,359,3138,California
Marin,2020-12-25,27,3165,0,2315,27,850,0,0,27,3165,0,0,27,3165,California
Marin,2020-12-26,144,3309,95,2410,49,899,0,0,144,3309,0,0,144,3309,California
Marin,2020-12-27,91,3400,54,2464,37,936,0,0,91,3400,0,0,91,3400,California
Marin,2020-12-28,407,3807,99,2563,308,1244,0,0,407,3807,0,0,407,3807,California
Marin,2020-12-29,399,4206,88,2651,311,1555,0,0,399,4206,0,0,399,4206,California
Marin,2020-12-30,630,4836,390,3041,240,1795,0,0,630,4836,0,0,630,4836,California
Marin,2020-12-31,201,5037,35,3076,166,1961,0,0,200,5035,1,1,200,5036,California
Marin,2021-01-01,30,5067,14,3090,16,1977,0,0,30,5065,0,1,30,5066,California
Marin,2021-01-02,112,5179,106,3196,6,1983,0,0,112,5177,0,1,112,5178,California
Marin,2021-01-03,49,5228,31,3227,18,2001,0,0,45,5222,0,1,45,5223,California
Marin,2021-01-04,297,5525,193,3420,104,2105,0,0,296,5517,1,2,296,5519,California
Marin,2021-01-05,367,5892,219,3639,148,2253,0,0,324,5798,43,45,324,5843,California
Marin,2021-01-06,821,6713,320,3959,501,2754,0,0,639,6255,182,227,639,6482,California
Marin,2021-01-07,889,7602,502,4461,387,3141,0,0,530,6426,359,586,530,7012,California
Marin,2021-01-08,976,8578,517,4978,459,3600,0,0,587,6625,388,974,587,7599,California
Marin,2021-01-09,617,9195,222,5200,395,3995,0,0,487,6982,130,1104,487,8086,California
Marin,2021-01-10,131,9326,102,5302,29,4024,0,0,57,6965,74,1178,57,8143,California
Marin,2021-01-11,470,9796,326,5628,144,4168,0,0,249,6995,221,1399,251,8394,California
Marin,2021-01-12,938,10734,544,6172,394,4562,0,0,568,7197,366,1765,568,8962,California
Marin,2021-01-13,1171,11905,496,6668,675,5237,0,0,936,7898,235,2000,936,9898,California
Marin,2021-01-14,1077,12982,324,6992,753,5990,0,0,925,8673,150,2150,925,10823,California
Marin,2021-01-15,1165,14147,357,7349,808,6798,0,0,1033,9577,131,2281,1035,11858,California
Marin,2021-01-16,1127,15274,917,8266,210,7008,0,0,1051,10552,76,2357,1051,12909,California
Marin,2021-01-17,1228,16502,1109,9375,119,7127,0,0,1199,11726,28,2385,1202,14111,California
Marin,2021-01-18,365,16867,160,9535,205,7332,0,0,315,11991,50,2435,315,14426,California
Marin,2021-01-19,1153,18020,911,10446,242,7574,0,0,982,12803,170,2605,982,15408,California
Marin,2021-01-20,1796,19816,1210,11656,586,8160,0,0,1060,13140,724,3329,1061,16469,California
Marin,2021-01-21,1699,21515,1067,12723,632,8792,0,0,1340,14126,356,3685,1342,17811,California
Marin,2021-01-22,1713,23228,1092,13815,621,9413,0,0,1539,15492,174,3859,1540,19351,California
Marin,2021-01-23,1854,25082,1348,15163,506,9919,0,0,1765,17169,88,3947,1765,21116,California
Marin,2021-01-24,617,25699,165,15328,452,10371,0,0,584,17720,33,3980,584,21700,California
Marin,2021-01-25,1129,26828,230,15558,899,11270,0,0,693,17978,436,4416,694,22394,California
Marin,2021-01-26,1522,28350,784,16342,738,12008,0,0,1144,18745,377,4793,1144,23538,California
Marin,2021-01-27,1731,30081,891,17233,840,12848,0,0,1361,19739,368,5161,1362,24900,California
Marin,2021-01-28,2092,32173,1074,18307,1018,13866,0,0,1825,21299,266,5427,1826,26726,California
Marin,2021-01-29,2211,34384,1438,19745,773,14639,0,0,2013,23127,186,5613,2014,28740,California
Marin,2021-01-30,1719,36103,906,20651,813,15452,0,0,1640,24688,79,5692,1640,30380,California
Marin,2021-01-31,459,36562,322,20973,137,15589,0,0,432,25093,27,5719,432,30812,California
Marin,2021-02-01,1101,37663,416,21389,685,16274,0,0,901,25796,199,5918,902,31714,California
Marin,2021-02-02,1428,39091,498,21887,930,17204,0,0,762,25903,655,6573,762,32476,California
Marin,2021-02-03,1783,40874,425,22312,1358,18562,0,0,1274,26669,508,7081,1274,33750,California
Marin,2021-02-04,1536,42410,506,22818,1030,19592,0,0,927,26991,605,7686,927,34677,California
Marin,2021-02-05,2179,44589,676,23494,1503,21095,0,0,1337,27490,838,8524,1337,36014,California
Marin,2021-02-06,1429,46018,850,24344,579,21674,0,0,603,27268,825,9349,603,36617,California
Marin,2021-02-07,1294,47312,1009,25353,285,21959,0,0,496,26967,797,10146,496,37113,California
Marin,2021-02-08,1532,48844,758,26111,774,22733,0,0,731,26900,798,10944,731,37844,California
Marin,2021-02-09,1790,50634,1128,27239,662,23395,0,0,843,26797,946,11890,843,38687,California
Marin,2021-02-10,2356,52990,1502,28741,854,24249,0,0,1228,26900,1126,13016,1229,39916,California
Marin,2021-02-11,2885,55875,1653,30394,1232,25481,0,0,1455,26933,1425,14441,1458,41374,California
Marin,2021-02-12,3086,58961,1549,31943,1537,27018,0,0,1570,26991,1513,15954,1571,42945,California
Marin,2021-02-13,2345,61306,1247,33190,1098,28116,0,0,1126,26900,1217,17171,1126,44071,California
Marin,2021-02-14,819,62125,306,33496,513,28629,0,0,725,27532,94,17265,726,44797,California
Marin,2021-02-15,1230,63355,359,33855,871,29500,0,0,845,27994,384,17649,846,45643,California
Marin,2021-02-16,2477,65832,1063,34918,1414,30914,0,0,1510,28538,966,18615,1510,47153,California
Marin,2021-02-17,2115,67947,951,35869,1164,32078,0,0,1097,28620,1016,19631,1098,48251,California
Marin,2021-02-18,2433,70380,1590,37459,843,32921,0,0,1065,28320,1365,20996,1065,49316,California
Marin,2021-02-19,2796,73176,2181,39640,615,33536,0,0,1245,28029,1537,22533,1246,50562,California
Marin,2021-02-20,2631,75807,2159,41799,472,34008,0,0,1256,27919,1368,23901,1258,51820,California
Marin,2021-02-21,1330,77137,1129,42928,201,34209,0,0,944,28481,382,24283,944,52764,California
Marin,2021-02-22,1870,79007,1434,44362,436,34645,0,0,1237,29088,630,24913,1237,54001,California
Marin,2021-02-23,2911,81918,1681,46043,1230,35875,0,0,1952,30095,946,25859,1953,55954,California
Marin,2021-02-24,3547,85465,1635,47678,1912,37787,0,0,2269,31095,1270,27129,2270,58224,California
Marin,2021-02-25,4101,89566,1938,49616,2163,39950,0,0,2898,32801,1194,28323,2900,61124,California
Marin,2021-02-26,3682,93248,2006,51622,1676,41626,0,0,2654,34440,1016,29339,2655,63779,California
Marin,2021-02-27,2744,95992,1616,53238,1128,42754,0,0,1899,35501,840,30179,1901,65680,California
Marin,2021-02-28,1648,97640,930,54168,718,43472,0,0,1296,36448,349,30528,1296,66976,California
Marin,2021-03-01,2699,100339,1674,55842,1024,44496,1,1,1821,37401,869,31397,1822,68798,California
Marin,2021-03-02,2536,102875,1690,57532,845,45341,1,2,1735,38341,797,32194,1737,70535,California
Marin,2021-03-03,4353,107228,2426,59958,1923,47264,4,6,2817,39632,1530,33724,2821,73356,California
Marin,2021-03-04,3403,110631,1671,61629,1731,48995,1,7,2379,40999,1017,34741,2384,75740,California
Marin,2021-03-05,3085,113716,1179,62808,1894,50889,12,19,1806,41543,1274,36015,1818,77558,California
Marin,2021-03-06,3238,116954,2321,65129,839,51728,78,97,2661,43710,572,36587,2739,80297,California
Marin,2021-03-07,1398,118352,1174,66303,200,51928,24,121,1000,44341,393,36980,1024,81321,California
Marin,2021-03-08,1904,120256,1392,67695,395,52323,117,238,1427,45412,473,37453,1544,82865,California
Marin,2021-03-09,2239,122495,1343,69038,785,53108,111,349,1553,46391,683,38136,1662,84527,California
Marin,2021-03-10,4473,126968,2511,71549,1669,54777,293,642,3219,48653,1249,39385,3511,88038,California
Marin,2021-03-11,4599,131567,1892,73441,2570,57347,137,779,3295,50788,1297,40682,3432,91470,California
Marin,2021-03-12,4010,135577,1554,74995,2099,59446,357,1136,1565,50276,2433,43115,1921,93391,California
Marin,2021-03-13,4113,139690,2868,77863,1171,60617,74,1210,2391,51016,1720,44835,2460,95851,California
Marin,2021-03-14,2282,141972,1104,78967,1060,61677,118,1328,699,50250,1581,46416,815,96666,California
Marin,2021-03-15,3265,145237,1783,80750,1433,63110,49,1377,1219,49483,2035,48451,1268,97934,California
Marin,2021-03-16,4305,149542,2324,83074,1618,64728,363,1740,1465,48473,2836,51287,1826,99760,California
Marin,2021-03-17,4226,153768,2291,85365,1882,66610,53,1793,2066,48444,2147,53434,2118,101878,California
Marin,2021-03-18,4511,158279,2283,87648,2153,68763,75,1868,2143,48309,2350,55784,2215,104093,California
Marin,2021-03-19,4499,162778,2311,89959,1967,70730,221,2089,2331,48701,2157,57941,2549,106642,California
Marin,2021-03-20,3604,166382,2001,91960,1488,72218,115,2204,1933,49088,1662,59603,2049,108691,California
Marin,2021-03-21,1557,167939,1156,93116,378,72596,23,2227,814,49185,740,60343,837,109528,California
Marin,2021-03-22,2514,170453,2168,95284,178,72774,168,2395,921,48687,1587,61930,1089,110617,California
Marin,2021-03-23,4322,174775,2267,97551,1926,74700,129,2524,1932,48366,2382,64312,2061,112678,California
Marin,2021-03-24,4467,179242,2909,100460,1443,76143,115,2639,1818,47661,2636,66948,1931,114609,California
Marin,2021-03-25,4666,183908,2844,103304,1750,77893,72,2711,2251,47581,2401,69349,2321,116930,California
Marin,2021-03-26,4325,188233,2354,105658,1757,79650,214,2925,2403,48291,1907,71256,2617,119547,California
Marin,2021-03-27,3713,191946,2663,108321,1031,80681,19,2944,1144,46895,2558,73814,1162,120709,California
Marin,2021-03-28,2384,194330,1722,110043,656,81337,6,2950,840,46204,1537,75351,846,121555,California
Marin,2021-03-29,2700,197030,2103,112146,571,81908,26,2976,1139,45811,1558,76909,1165,122720,California
Marin,2021-03-30,4678,201708,3655,115801,989,82897,34,3010,2956,47082,1719,78628,2990,125710,California
Marin,2021-03-31,5848,207556,4141,119942,1658,84555,49,3059,2554,46403,3283,81911,2604,128314,California
Marin,2021-04-01,4464,212020,2292,122234,1914,86469,258,3317,2116,46440,2336,84247,2373,130687,California
Marin,2021-04-02,3753,215773,1864,124098,1518,87987,371,3688,2013,47083,1732,85979,2375,133062,California
Marin,2021-04-03,3866,219639,2521,126619,966,88953,379,4067,1460,46530,2394,88373,1841,134903,California
Marin,2021-04-04,1654,221293,1242,127861,210,89163,202,4269,1201,47482,451,88824,1403,136306,California
Marin,2021-04-05,2222,223515,1541,129402,306,89469,375,4644,1272,48182,945,89769,1645,137951,California
Marin,2021-04-06,3996,227511,2125,131527,1318,90787,553,5197,2219,49181,1771,91540,2770,140721,California
Marin,2021-04-07,3999,231510,2017,133544,1333,92120,649,5846,1464,48768,2525,94065,2112,142833,California
Marin,2021-04-08,5070,236580,1979,135523,2478,94598,613,6459,2309,48932,2748,96813,2912,145745,California
Marin,2021-04-09,4004,240584,1567,137090,1708,96306,729,7188,1327,48312,2673,99486,2053,147798,California
Marin,2021-04-10,3228,243812,1487,138577,1307,97613,434,7622,1451,48430,1763,101249,1881,149679,California
Marin,2021-04-11,1068,244880,813,139390,92,97705,163,7785,477,48480,589,101838,639,150318,California
Marin,2021-04-12,1760,246640,1249,140639,348,98053,163,7948,920,48728,836,102674,1084,151402,California
Marin,2021-04-13,3798,250438,2331,142970,1460,99513,7,7955,1381,47710,2406,105080,1388,152790,California
Marin,2021-04-14,4271,254709,2556,145526,1712,101225,3,7958,1748,46961,2498,107578,1749,154539,California
Marin,2021-04-15,5645,260354,3981,149507,1664,102889,0,7958,3229,47790,2401,109979,3230,157769,California
Marin,2021-04-16,4303,264657,2258,151765,2042,104931,3,7961,2091,47689,2196,112175,2095,159864,California
Marin,2021-04-17,3580,268237,2176,153941,1404,106335,0,7961,1788,47693,1785,113960,1789,161653,California
Marin,2021-04-18,3239,271476,3138,157079,101,106436,0,7961,2553,49563,683,114643,2553,164206,California
Marin,2021-04-19,2068,273544,1889,158968,178,106614,1,7962,1157,49818,904,115547,1159,165365,California
Marin,2021-04-20,3791,277335,2637,161605,1154,107768,0,7962,1480,48998,2301,117848,1481,166846,California
Marin,2021-04-21,4152,281487,3064,164669,1085,108853,3,7965,1401,47669,2731,120579,1402,168248,California
Marin,2021-04-22,4293,285780,3274,167943,1019,109872,0,7965,1504,46399,2778,123357,1508,169756,California
Marin,2021-04-23,3296,289076,1858,169801,1438,111310,0,7965,1255,45626,2029,125386,1256,171012,California
Marin,2021-04-24,2529,291605,1687,171488,841,112151,1,7966,925,44962,1592,126978,928,171940,California
Marin,2021-04-25,1382,292987,1264,172752,118,112269,0,7966,304,44197,1069,128047,304,172244,California
Marin,2021-04-26,1666,294653,1428,174180,235,112504,3,7969,409,43357,1254,129301,414,172658,California
Marin,2021-04-27,3084,297737,2224,176404,809,113313,51,8020,1006,42341,2069,131370,1053,173711,California
Marin,2021-04-28,2351,300088,1625,178029,675,113988,51,8071,741,41526,1606,132976,791,174502,California
Marin,2021-04-29,2942,303030,2019,180048,860,114848,63,8134,819,40297,2112,135088,883,175385,California
Marin,2021-04-30,1981,305011,1288,181336,606,115454,87,8221,701,39814,1271,136359,788,176173,California
Marin,2021-05-01,1839,306850,1027,182363,789,116243,23,8244,546,39098,1284,137643,568,176741,California
Marin,2021-05-02,730,307580,590,182953,111,116354,29,8273,201,38804,523,138166,229,176970,California
Marin,2021-05-03,1225,308805,999,183952,170,116524,56,8329,265,38169,955,139121,320,177290,California
Marin,2021-05-04,2965,311770,1996,185948,877,117401,92,8421,480,36265,2476,141597,572,177862,California
Marin,2021-05-05,2790,314560,2029,187977,635,118036,126,8547,453,34513,2330,143927,578,178440,California
Marin,2021-05-06,3265,317825,2530,190507,646,118682,89,8636,425,32194,2830,146757,511,178951,California
Marin,2021-05-07,2048,319873,1545,192052,417,119099,86,8722,381,30998,1660,148417,464,179415,California
Marin,2021-05-08,2477,322350,1871,193923,484,119583,122,8844,340,29332,2129,150546,463,179878,California
Marin,2021-05-09,982,323332,898,194821,65,119648,19,8863,110,28593,869,151415,130,180008,California
Marin,2021-05-10,1412,324744,1151,195972,191,119839,70,8933,202,27659,1205,152620,271,180279,California
Marin,2021-05-11,2318,327062,1846,197818,416,120255,56,8989,295,25988,2021,154641,350,180629,California
Marin,2021-05-12,1857,328919,1461,199279,327,120582,69,9058,297,24798,1554,156195,364,180993,California
Marin,2021-05-13,2684,331603,2295,201574,335,120917,54,9112,1416,25007,1260,157455,1469,182462,California
Marin,2021-05-14,2204,333807,1450,203024,654,121571,100,9212,882,24673,1315,158770,981,183443,California
Marin,2021-05-15,2762,336569,2280,205304,402,121973,80,9292,1676,25345,1084,159854,1756,185199,California
Marin,2021-05-16,1650,338219,1595,206899,50,122023,5,9297,1335,26373,312,160166,1340,186539,California
Marin,2021-05-17,2140,340359,1988,208887,109,122132,43,9340,1701,27685,432,160598,1744,188283,California
Marin,2021-05-18,1538,341897,1192,210079,291,122423,55,9395,794,27795,737,161335,847,189130,California
Marin,2021-05-19,1569,343466,1241,211320,257,122680,71,9466,771,27843,792,162127,840,189970,California
Marin,2021-05-20,1827,345293,1489,212809,252,122932,86,9552,747,27605,1072,163199,834,190804,California
Marin,2021-05-21,1474,346767,845,213654,580,123512,49,9601,438,27063,1029,164228,487,191291,California
Marin,2021-05-22,1432,348199,1084,214738,290,123802,58,9659,962,27617,466,164694,1020,192311,California
Marin,2021-05-23,476,348675,422,215160,42,123844,12,9671,218,27593,255,164949,231,192542,California
Marin,2021-05-24,672,349347,498,215658,134,123978,40,9711,350,27663,319,165268,389,192931,California
Marin,2021-05-25,1005,350352,627,216285,332,124310,46,9757,316,27341,681,165949,359,193290,California
Marin,2021-05-26,724,351076,492,216777,182,124492,50,9807,260,27191,460,166409,310,193600,California
Marin,2021-05-27,1036,352112,666,217443,291,124783,79,9886,343,26925,690,167099,424,194024,California
Marin,2021-05-28,1108,353220,720,218163,308,125091,80,9966,327,26554,777,167876,406,194430,California
Marin,2021-05-29,376,353596,219,218382,147,125238,10,9976,206,26609,170,168046,225,194655,California
Marin,2021-05-30,97,353693,57,218439,35,125273,5,9981,56,26631,40,168086,62,194717,California
Marin,2021-05-31,27,353720,13,218452,13,125286,1,9982,14,26633,13,168099,15,194732,California
Marin,2021-06-01,759,354479,552,219004,162,125448,45,10027,320,26566,437,168536,370,195102,California
Marin,2021-06-02,626,355105,475,219479,99,125547,52,10079,217,26429,405,168941,268,195370,California
Marin,2021-06-03,1500,356605,1327,220806,114,125661,59,10138,230,25452,1267,170208,290,195660,California
Marin,2021-06-04,1036,357641,860,221666,142,125803,34,10172,188,24832,842,171050,222,195882,California
Marin,2021-06-05,1927,359568,1710,223376,169,125972,48,10220,318,23598,1602,172652,368,196250,California
Marin,2021-06-06,1410,360978,1361,224737,15,125987,34,10254,200,22624,1209,173861,235,196485,California
Marin,2021-06-07,1940,362918,1823,226560,67,126054,50,10304,240,21219,1694,175555,289,196774,California
Marin,2021-06-08,980,363898,871,227431,68,126122,41,10345,233,20754,740,176295,275,197049,California
Marin,2021-06-09,744,364642,668,228099,66,126188,10,10355,137,20295,606,176901,147,197196,California
Marin,2021-06-10,883,365525,772,228871,60,126248,51,10406,183,19833,696,177597,234,197430,California
Marin,2021-06-11,683,366208,573,229444,78,126326,32,10438,145,19472,538,178135,177,197607,California
Marin,2021-06-12,922,367130,792,230236,89,126415,41,10479,154,18903,765,178900,196,197803,California
Marin,2021-06-13,417,367547,386,230622,20,126435,11,10490,70,18640,344,179244,81,197884,California
Marin,2021-06-14,866,368413,739,231361,80,126515,47,10537,210,18246,652,179896,258,198142,California
Marin,2021-06-15,537,368950,427,231788,84,126599,26,10563,169,18074,367,180263,195,198337,California
Marin,2021-06-16,495,369445,406,232194,43,126642,46,10609,161,17951,329,180592,206,198543,California
Marin,2021-06-17,558,370003,480,232674,47,126689,31,10640,193,17811,363,180955,223,198766,California
Marin,2021-06-18,487,370490,377,233051,75,126764,35,10675,171,17708,309,181264,206,198972,California
Marin,2021-06-19,367,370857,296,233347,37,126801,34,10709,146,17667,219,181483,178,199150,California
Marin,2021-06-20,113,370970,88,233435,14,126815,11,10720,47,17659,66,181549,58,199208,California
Marin,2021-06-21,349,371319,248,233683,46,126861,55,10775,141,17648,207,181756,196,199404,California
Marin,2021-06-22,450,371769,351,234034,69,126930,30,10805,139,17509,308,182064,169,199573,California
Marin,2021-06-23,355,372124,295,234329,28,126958,32,10837,120,17427,235,182299,153,199726,California
Marin,2021-06-24,390,372514,301,234630,40,126998,49,10886,131,17350,255,182554,178,199904,California
Marin,2021-06-25,226,372740,176,234806,25,127023,25,10911,109,17369,115,182669,134,200038,California
Mariposa,2020-12-17,37,37,37,37,0,0,0,0,39,39,0,0,39,39,California
Mariposa,2020-12-18,55,92,55,92,0,0,0,0,56,95,0,0,56,95,California
Mariposa,2020-12-20,2,94,2,94,0,0,0,0,2,97,0,0,2,97,California
Mariposa,2020-12-21,49,143,49,143,0,0,0,0,53,150,0,0,53,150,California
Mariposa,2020-12-22,5,148,5,148,0,0,0,0,5,155,0,0,5,155,California
Mariposa,2020-12-23,16,164,16,164,0,0,0,0,16,171,0,0,16,171,California
Mariposa,2020-12-24,1,165,0,164,1,1,0,0,0,171,1,1,1,172,California
Mariposa,2020-12-26,1,166,1,165,0,1,0,0,1,172,0,1,1,173,California
Mariposa,2020-12-27,1,167,0,165,1,2,0,0,1,173,0,1,1,174,California
Mariposa,2020-12-28,6,173,3,168,3,5,0,0,6,179,0,1,6,180,California
Mariposa,2020-12-29,33,206,3,171,30,35,0,0,33,212,0,1,33,213,California
Mariposa,2020-12-30,26,232,4,175,22,57,0,0,26,238,0,1,26,239,California
Mariposa,2020-12-31,17,249,0,175,17,74,0,0,17,255,0,1,17,256,California
Mariposa,2021-01-02,1,250,1,176,0,74,0,0,1,256,0,1,1,257,California
Mariposa,2021-01-04,9,259,2,178,7,81,0,0,9,265,0,1,9,266,California
Mariposa,2021-01-05,24,283,14,192,10,91,0,0,14,269,10,11,14,280,California
Mariposa,2021-01-06,6,289,3,195,3,94,0,0,3,269,3,14,3,283,California
Mariposa,2021-01-07,50,339,45,240,5,99,0,0,5,229,45,59,5,288,California
Mariposa,2021-01-08,108,447,79,319,29,128,0,0,33,187,75,134,33,321,California
Mariposa,2021-01-09,1,448,0,319,1,129,0,0,1,188,0,134,1,322,California
Mariposa,2021-01-11,31,479,10,329,21,150,0,0,23,203,8,142,23,345,California
Mariposa,2021-01-12,19,498,4,333,15,165,0,0,15,214,4,146,15,360,California
Mariposa,2021-01-13,21,519,4,337,17,182,0,0,18,229,3,149,18,378,California
Mariposa,2021-01-14,74,593,7,344,67,249,0,0,68,291,6,155,68,446,California
Mariposa,2021-01-15,68,661,27,371,41,290,0,0,58,339,10,165,58,504,California
Mariposa,2021-01-16,14,675,2,373,12,302,0,0,13,351,1,166,13,517,California
Mariposa,2021-01-17,3,678,1,374,2,304,0,0,2,352,1,167,2,519,California
Mariposa,2021-01-18,4,682,3,377,1,305,0,0,2,352,2,169,2,521,California
Mariposa,2021-01-19,8,690,4,381,4,309,0,0,5,355,2,171,5,526,California
Mariposa,2021-01-20,23,713,1,382,22,331,0,0,22,376,1,172,22,548,California
Mariposa,2021-01-21,66,779,8,390,58,389,0,0,62,434,4,176,62,610,California
Mariposa,2021-01-22,56,835,3,393,53,442,0,0,56,490,0,176,56,666,California
Mariposa,2021-01-23,116,951,2,395,114,556,0,0,114,602,2,178,114,780,California
Mariposa,2021-01-24,2,953,2,397,0,556,0,0,2,604,0,178,2,782,California
Mariposa,2021-01-25,5,958,1,398,4,560,0,0,1,601,4,182,1,783,California
Mariposa,2021-01-26,37,995,4,402,33,593,0,0,5,578,32,214,9,792,California
Mariposa,2021-01-27,26,1021,2,404,24,617,0,0,13,579,12,226,13,805,California
Mariposa,2021-01-28,127,1148,3,407,124,741,0,0,114,681,12,238,114,919,California
Mariposa,2021-01-29,83,1231,22,429,61,802,0,0,82,762,1,239,82,1001,California
Mariposa,2021-01-30,9,1240,1,430,8,810,0,0,8,769,1,240,8,1009,California
Mariposa,2021-01-31,1,1241,0,430,1,811,0,0,1,770,0,240,1,1010,California
Mariposa,2021-02-01,90,1331,32,462,58,869,0,0,69,818,21,261,69,1079,California
Mariposa,2021-02-02,15,1346,3,465,12,881,0,0,9,821,6,267,9,1088,California
Mariposa,2021-02-03,20,1366,1,466,19,900,0,0,13,828,6,273,13,1101,California
Mariposa,2021-02-04,98,1464,8,474,90,990,0,0,93,918,4,277,94,1195,California
Mariposa,2021-02-05,192,1656,5,479,187,1177,0,0,166,1058,26,303,166,1361,California
Mariposa,2021-02-06,11,1667,4,483,7,1184,0,0,10,1067,1,304,10,1371,California
Mariposa,2021-02-07,1,1668,0,483,1,1185,0,0,1,1068,0,304,1,1372,California
Mariposa,2021-02-08,42,1710,2,485,40,1225,0,0,23,1072,19,323,23,1395,California
Mariposa,2021-02-09,43,1753,25,510,18,1243,0,0,37,1103,6,329,37,1432,California
Mariposa,2021-02-10,28,1781,5,515,23,1266,0,0,17,1116,10,339,23,1455,California
Mariposa,2021-02-11,374,2155,5,520,369,1635,0,0,359,1463,15,354,362,1817,California
Mariposa,2021-02-12,184,2339,8,528,176,1811,0,0,140,1559,44,398,140,1957,California
Mariposa,2021-02-13,11,2350,3,531,8,1819,0,0,9,1566,2,400,9,1966,California
Mariposa,2021-02-14,8,2358,4,535,4,1823,0,0,5,1568,3,403,5,1971,California
Mariposa,2021-02-15,9,2367,3,538,6,1829,0,0,7,1573,2,405,7,1978,California
Mariposa,2021-02-16,59,2426,35,573,24,1853,0,0,35,1585,24,429,36,2014,California
Mariposa,2021-02-17,37,2463,9,582,28,1881,0,0,27,1604,9,438,28,2042,California
Mariposa,2021-02-18,58,2521,7,589,51,1932,0,0,20,1586,38,476,20,2062,California
Mariposa,2021-02-19,82,2603,3,592,79,2011,0,0,75,1655,7,483,76,2138,California
Mariposa,2021-02-20,255,2858,4,596,251,2262,0,0,223,1848,30,513,223,2361,California
Mariposa,2021-02-21,237,3095,4,600,233,2495,0,0,235,2082,1,514,235,2596,California
Mariposa,2021-02-22,24,3119,9,609,15,2510,0,0,21,2100,3,517,21,2617,California
Mariposa,2021-02-23,43,3162,37,646,6,2516,0,0,25,2107,18,535,25,2642,California
Mariposa,2021-02-24,21,3183,3,649,18,2534,0,0,8,2103,12,547,8,2650,California
Mariposa,2021-02-25,18,3201,9,658,9,2543,0,0,12,2109,6,553,12,2662,California
Mariposa,2021-02-26,421,3622,7,665,414,2957,0,0,354,2404,67,620,362,3024,California
Mariposa,2021-02-27,172,3794,7,672,165,3122,0,0,161,2554,11,631,161,3185,California
Mariposa,2021-02-28,2,3796,1,673,1,3123,0,0,0,2552,2,633,0,3185,California
Mariposa,2021-03-01,85,3881,26,699,59,3182,0,0,17,2503,67,700,18,3203,California
Mariposa,2021-03-02,21,3902,14,713,7,3189,0,0,11,2505,9,709,11,3214,California
Mariposa,2021-03-03,72,3974,6,719,66,3255,0,0,66,2566,6,715,67,3281,California
Mariposa,2021-03-04,40,4014,9,728,31,3286,0,0,19,2565,21,736,20,3301,California
Mariposa,2021-03-05,61,4075,9,737,52,3338,0,0,39,2590,22,758,47,3348,California
Mariposa,2021-03-06,17,4092,7,744,10,3348,0,0,7,2588,10,768,8,3356,California
Mariposa,2021-03-07,1,4093,1,745,0,3348,0,0,0,2587,1,769,0,3356,California
Mariposa,2021-03-08,39,4132,4,749,24,3372,11,11,9,2577,30,799,20,3376,California
Mariposa,2021-03-09,45,4177,18,767,17,3389,10,21,14,2570,31,830,24,3400,California
Mariposa,2021-03-10,34,4211,12,779,12,3401,10,31,10,2566,24,854,20,3420,California
Mariposa,2021-03-11,471,4682,6,785,446,3847,19,50,225,2569,245,1099,248,3668,California
Mariposa,2021-03-12,254,4936,8,793,218,4065,28,78,110,2564,144,1243,139,3807,California
Mariposa,2021-03-13,34,4970,6,799,13,4078,15,93,12,2568,22,1265,26,3833,California
Mariposa,2021-03-14,17,4987,2,801,4,4082,11,104,3,2568,14,1279,14,3847,California
Mariposa,2021-03-15,77,5064,8,809,31,4113,38,142,31,2591,46,1325,69,3916,California
Mariposa,2021-03-16,82,5146,33,842,14,4127,35,177,24,2592,58,1383,59,3975,California
Mariposa,2021-03-17,72,5218,10,852,54,4181,8,185,51,2631,20,1403,59,4034,California
Mariposa,2021-03-18,67,5285,17,869,40,4221,10,195,42,2658,25,1428,52,4086,California
Mariposa,2021-03-19,340,5625,11,880,324,4545,5,200,303,2929,37,1465,308,4394,California
Mariposa,2021-03-20,426,6051,6,886,418,4963,2,202,46,2598,380,1845,49,4443,California
Mariposa,2021-03-21,15,6066,9,895,5,4968,1,203,10,2605,4,1849,11,4454,California
Mariposa,2021-03-22,38,6104,8,903,22,4990,8,211,25,2627,13,1862,35,4489,California
Mariposa,2021-03-23,55,6159,35,938,10,5000,10,221,34,2650,21,1883,44,4533,California
Mariposa,2021-03-24,57,6216,6,944,49,5049,2,223,52,2699,5,1888,54,4587,California
Mariposa,2021-03-25,76,6292,15,959,53,5102,8,231,54,2741,20,1908,62,4649,California
Mariposa,2021-03-26,489,6781,9,968,479,5581,1,232,252,2757,237,2145,253,4902,California
Mariposa,2021-03-27,224,7005,9,977,215,5796,0,232,89,2713,135,2280,91,4993,California
Mariposa,2021-03-28,5,7010,0,977,2,5798,3,235,1,2713,4,2284,4,4997,California
Mariposa,2021-03-29,19,7029,6,983,13,5811,0,235,12,2718,7,2291,12,5009,California
Mariposa,2021-03-30,36,7065,13,996,7,5818,16,251,13,2724,23,2314,29,5038,California
Mariposa,2021-03-31,89,7154,16,1012,66,5884,7,258,68,2778,21,2335,75,5113,California
Mariposa,2021-04-01,54,7208,11,1023,35,5919,8,266,35,2802,19,2354,43,5156,California
Mariposa,2021-04-02,348,7556,13,1036,333,6252,2,268,306,3069,41,2395,308,5464,California
Mariposa,2021-04-03,11,7567,8,1044,3,6255,0,268,6,3070,5,2400,6,5470,California
Mariposa,2021-04-04,2,7569,1,1045,0,6255,1,269,0,3069,2,2402,1,5471,California
Mariposa,2021-04-05,33,7602,22,1067,7,6262,4,273,16,3072,17,2419,20,5491,California
Mariposa,2021-04-06,43,7645,21,1088,6,6268,16,289,13,3072,29,2448,29,5520,California
Mariposa,2021-04-07,98,7743,6,1094,73,6341,19,308,28,3049,70,2518,47,5567,California
Mariposa,2021-04-08,280,8023,16,1110,245,6586,19,327,145,3081,133,2651,165,5732,California
Mariposa,2021-04-09,39,8062,9,1119,15,6601,15,342,11,3079,28,2679,26,5758,California
Mariposa,2021-04-10,202,8264,4,1123,188,6789,10,352,187,3262,13,2692,196,5954,California
Mariposa,2021-04-11,124,8388,4,1127,118,6907,2,354,57,3255,67,2759,60,6014,California
Mariposa,2021-04-12,43,8431,14,1141,27,6934,2,356,14,3242,29,2788,16,6030,California
Mariposa,2021-04-13,53,8484,46,1187,7,6941,0,356,34,3257,19,2807,34,6064,California
Mariposa,2021-04-14,113,8597,9,1196,104,7045,0,356,58,3261,54,2861,58,6122,California
Mariposa,2021-04-15,57,8654,16,1212,41,7086,0,356,41,3289,13,2874,41,6163,California
Mariposa,2021-04-16,381,9035,11,1223,370,7456,0,356,106,3120,275,3149,106,6269,California
Mariposa,2021-04-17,11,9046,7,1230,4,7460,0,356,8,3125,3,3152,8,6277,California
Mariposa,2021-04-18,7,9053,0,1230,7,7467,0,356,3,3124,4,3156,3,6280,California
Mariposa,2021-04-19,58,9111,26,1256,32,7499,0,356,30,3128,26,3182,30,6310,California
Mariposa,2021-04-20,61,9172,48,1304,13,7512,0,356,37,3143,22,3204,37,6347,California
Mariposa,2021-04-21,92,9264,14,1318,78,7590,0,356,43,3138,48,3252,43,6390,California
Mariposa,2021-04-22,51,9315,11,1329,40,7630,0,356,38,3164,12,3264,38,6428,California
Mariposa,2021-04-23,315,9630,70,1399,245,7875,0,356,144,3139,171,3435,146,6574,California
Mariposa,2021-04-24,106,9736,10,1409,96,7971,0,356,43,3120,62,3497,43,6617,California
Mariposa,2021-04-26,17,9753,12,1421,5,7976,0,356,6,3115,11,3508,6,6623,California
Mariposa,2021-04-27,34,9787,17,1438,15,7991,2,358,15,3117,16,3524,18,6641,California
Mariposa,2021-04-28,73,9860,13,1451,53,8044,7,365,27,3105,46,3570,34,6675,California
Mariposa,2021-04-29,84,9944,12,1463,71,8115,1,366,79,3180,5,3575,80,6755,California
Mariposa,2021-04-30,210,10154,5,1468,200,8315,5,371,62,3099,148,3723,67,6822,California
Mariposa,2021-05-01,3,10157,2,1470,1,8316,0,371,1,3098,2,3725,1,6823,California
Mariposa,2021-05-02,3,10160,2,1472,0,8316,1,372,0,3096,3,3728,1,6824,California
Mariposa,2021-05-03,15,10175,11,1483,3,8319,1,373,6,3094,9,3737,7,6831,California
Mariposa,2021-05-04,50,10225,31,1514,15,8334,4,377,37,3122,13,3750,41,6872,California
Mariposa,2021-05-05,57,10282,9,1523,46,8380,2,379,18,3103,39,3789,20,6892,California
Mariposa,2021-05-06,56,10338,36,1559,15,8395,5,384,39,3130,17,3806,44,6936,California
Mariposa,2021-05-07,28,10366,8,1567,17,8412,3,387,13,3131,15,3821,16,6952,California
Mariposa,2021-05-08,282,10648,7,1574,275,8687,0,387,33,2917,249,4070,35,6987,California
Mariposa,2021-05-09,2,10650,1,1575,1,8688,0,387,0,2915,2,4072,0,6987,California
Mariposa,2021-05-10,20,10670,9,1584,9,8697,2,389,5,2907,15,4087,7,6994,California
Mariposa,2021-05-11,28,10698,18,1602,10,8707,0,389,21,2922,6,4093,21,7015,California
Mariposa,2021-05-12,67,10765,4,1606,58,8765,5,394,6,2872,61,4154,11,7026,California
Mariposa,2021-05-13,48,10813,8,1614,38,8803,2,396,13,2852,35,4189,15,7041,California
Mariposa,2021-05-14,250,11063,122,1736,121,8924,7,403,118,2845,132,4321,125,7166,California
Mariposa,2021-05-15,19,11082,9,1745,8,8932,2,405,11,2851,6,4327,12,7178,California
Mariposa,2021-05-16,3,11085,1,1746,1,8933,1,406,1,2851,2,4329,2,7180,California
Mariposa,2021-05-17,18,11103,7,1753,7,8940,4,410,7,2850,11,4340,10,7190,California
Mariposa,2021-05-18,63,11166,43,1796,15,8955,5,415,46,2885,16,4356,51,7241,California
Mariposa,2021-05-19,71,11237,32,1828,38,8993,1,416,52,2920,18,4374,53,7294,California
Mariposa,2021-05-20,33,11270,18,1846,13,9006,2,418,12,2913,21,4395,14,7308,California
Mariposa,2021-05-21,93,11363,8,1854,83,9089,2,420,43,2910,48,4443,45,7353,California
Mariposa,2021-05-22,48,11411,6,1860,41,9130,1,421,17,2897,31,4474,18,7371,California
Mariposa,2021-05-23,4,11415,2,1862,1,9131,1,422,2,2898,2,4476,3,7374,California
Mariposa,2021-05-24,14,11429,8,1870,4,9135,2,424,9,2904,5,4481,11,7385,California
Mariposa,2021-05-25,26,11455,16,1886,10,9145,0,424,18,2914,8,4489,18,7403,California
Mariposa,2021-05-26,35,11490,4,1890,27,9172,4,428,28,2939,7,4496,32,7435,California
Mariposa,2021-05-27,120,11610,64,1954,55,9227,1,429,62,2944,58,4554,63,7498,California
Mariposa,2021-05-28,66,11676,6,1960,56,9283,4,433,24,2930,42,4596,28,7526,California
Mariposa,2021-05-29,8,11684,2,1962,5,9288,1,434,3,2931,3,4599,4,7530,California
Mariposa,2021-05-30,1,11685,0,1962,0,9288,1,435,0,2931,1,4600,1,7531,California
Mariposa,2021-05-31,2,11687,0,1962,1,9289,1,436,0,2930,2,4602,1,7532,California
Mariposa,2021-06-01,14,11701,3,1965,11,9300,0,436,5,2926,9,4611,5,7537,California
Mariposa,2021-06-02,26,11727,14,1979,7,9307,5,441,6,2918,19,4630,11,7548,California
Mariposa,2021-06-03,20,11747,10,1989,7,9314,3,444,7,2915,13,4643,10,7558,California
Mariposa,2021-06-04,91,11838,80,2069,9,9323,2,446,27,2881,62,4705,28,7586,California
Mariposa,2021-06-05,30,11868,4,2073,24,9347,2,448,7,2867,23,4728,9,7595,California
Mariposa,2021-06-06,4,11872,3,2076,0,9347,1,449,1,2866,3,4731,2,7597,California
Mariposa,2021-06-07,10,11882,5,2081,5,9352,0,449,4,2865,5,4736,4,7601,California
Mariposa,2021-06-08,45,11927,34,2115,9,9361,2,451,13,2848,32,4768,15,7616,California
Mariposa,2021-06-09,28,11955,21,2136,2,9363,5,456,6,2837,22,4790,11,7627,California
Mariposa,2021-06-10,16,11971,8,2144,5,9368,3,459,6,2837,10,4800,10,7637,California
Mariposa,2021-06-11,43,12014,12,2156,23,9391,8,467,9,2820,34,4834,17,7654,California
Mariposa,2021-06-12,17,12031,11,2167,5,9396,1,468,3,2809,14,4848,3,7657,California
Mariposa,2021-06-13,1,12032,0,2167,0,9396,1,469,0,2809,1,4849,1,7658,California
Mariposa,2021-06-14,12,12044,4,2171,7,9403,1,470,5,2808,7,4856,6,7664,California
Mariposa,2021-06-15,23,12067,11,2182,11,9414,1,471,6,2798,17,4873,7,7671,California
Mariposa,2021-06-16,28,12095,12,2194,15,9429,1,472,7,2785,21,4894,8,7679,California
Mariposa,2021-06-17,11,12106,6,2200,5,9434,0,472,4,2782,7,4901,4,7683,California
Mariposa,2021-06-18,66,12172,49,2249,16,9450,1,473,32,2782,33,4934,33,7716,California
Mariposa,2021-06-19,18,12190,5,2254,13,9463,0,473,6,2776,12,4946,6,7722,California
Mariposa,2021-06-21,11,12201,4,2258,7,9470,0,473,7,2780,3,4949,7,7729,California
Mariposa,2021-06-22,23,12224,9,2267,11,9481,3,476,13,2786,10,4959,16,7745,California
Mariposa,2021-06-23,4,12228,1,2268,2,9483,1,477,3,2789,1,4960,4,7749,California
Mariposa,2021-06-24,5,12233,1,2269,4,9487,0,477,2,2788,3,4963,2,7751,California
Mendocino,2020-12-17,70,70,70,70,0,0,0,0,70,70,0,0,70,70,California
Mendocino,2020-12-18,85,155,84,154,1,1,0,0,84,154,0,0,84,154,California
Mendocino,2020-12-19,4,159,4,158,0,1,0,0,4,158,0,0,4,158,California
Mendocino,2020-12-20,7,166,7,165,0,1,0,0,7,165,0,0,7,165,California
Mendocino,2020-12-21,238,404,238,403,0,1,0,0,77,242,0,0,77,242,California
Mendocino,2020-12-22,253,657,192,595,61,62,0,0,253,495,0,0,253,495,California
Mendocino,2020-12-23,272,929,48,643,224,286,0,0,271,766,0,0,271,766,California
Mendocino,2020-12-24,50,979,8,651,42,328,0,0,50,816,0,0,50,816,California
Mendocino,2020-12-25,1,980,0,651,1,329,0,0,1,817,0,0,1,817,California
Mendocino,2020-12-26,2,982,2,653,0,329,0,0,2,819,0,0,2,819,California
Mendocino,2020-12-27,1,983,0,653,1,330,0,0,1,820,0,0,1,820,California
Mendocino,2020-12-28,74,1057,9,662,65,395,0,0,74,894,0,0,74,894,California
Mendocino,2020-12-29,122,1179,61,723,61,456,0,0,122,1016,0,0,122,1016,California
Mendocino,2020-12-30,123,1302,69,792,54,510,0,0,123,1139,0,0,123,1139,California
Mendocino,2020-12-31,132,1434,97,889,35,545,0,0,132,1271,0,0,132,1271,California
Mendocino,2021-01-01,10,1444,7,896,3,548,0,0,10,1281,0,0,10,1281,California
Mendocino,2021-01-04,837,2281,18,914,819,1367,0,0,837,2118,0,0,837,2118,California
Mendocino,2021-01-05,71,2352,36,950,35,1402,0,0,58,2163,13,13,58,2176,California
Mendocino,2021-01-06,157,2509,135,1085,22,1424,0,0,147,2300,10,23,147,2323,California
Mendocino,2021-01-07,362,2871,239,1324,123,1547,0,0,299,2536,63,86,299,2622,California
Mendocino,2021-01-08,95,2966,82,1406,13,1560,0,0,41,2524,54,140,42,2664,California
Mendocino,2021-01-09,10,2976,6,1412,4,1564,0,0,8,2530,2,142,8,2672,California
Mendocino,2021-01-10,9,2985,8,1420,1,1565,0,0,2,2525,7,149,2,2674,California
Mendocino,2021-01-11,103,3088,93,1513,10,1575,0,0,45,2513,57,206,45,2719,California
Mendocino,2021-01-12,389,3477,379,1892,10,1585,0,0,272,2668,117,323,272,2991,California
Mendocino,2021-01-13,496,3973,149,2041,347,1932,0,0,451,3077,43,366,452,3443,California
Mendocino,2021-01-14,654,4627,20,2061,634,2566,0,0,645,3713,9,375,645,4088,California
Mendocino,2021-01-15,1875,6502,864,2925,1011,3577,0,0,1870,5579,5,380,1871,5959,California
Mendocino,2021-01-16,791,7293,48,2973,743,4320,0,0,789,6366,2,382,789,6748,California
Mendocino,2021-01-17,554,7847,1,2974,553,4873,0,0,553,6918,1,383,553,7301,California
Mendocino,2021-01-18,488,8335,463,3437,25,4898,0,0,475,7380,13,396,475,7776,California
Mendocino,2021-01-19,335,8670,149,3586,186,5084,0,0,158,7361,177,573,158,7934,California
Mendocino,2021-01-20,556,9226,408,3994,148,5232,0,0,449,7706,105,678,450,8384,California
Mendocino,2021-01-21,540,9766,226,4220,314,5546,0,0,353,7873,186,864,353,8737,California
Mendocino,2021-01-22,150,9916,59,4279,91,5637,0,0,110,7943,40,904,110,8847,California
Mendocino,2021-01-23,157,10073,85,4364,72,5709,0,0,151,8088,6,910,151,8998,California
Mendocino,2021-01-24,5,10078,3,4367,2,5711,0,0,5,8093,0,910,5,9003,California
Mendocino,2021-01-25,192,10270,18,4385,174,5885,0,0,122,8145,70,980,122,9125,California
Mendocino,2021-01-26,155,10425,54,4439,101,5986,0,0,95,8180,60,1040,95,9220,California
Mendocino,2021-01-27,443,10868,373,4812,70,6056,0,0,177,8098,259,1299,177,9397,California
Mendocino,2021-01-28,602,11470,538,5350,64,6120,0,0,505,8507,96,1395,505,9902,California
Mendocino,2021-01-29,392,11862,351,5701,41,6161,0,0,363,8842,29,1424,364,10266,California
Mendocino,2021-01-30,50,11912,31,5732,19,6180,0,0,43,8878,7,1431,43,10309,California
Mendocino,2021-01-31,275,12187,2,5734,273,6453,0,0,4,8611,271,1702,4,10313,California
Mendocino,2021-02-01,382,12569,54,5788,328,6781,0,0,60,8349,322,2024,60,10373,California
Mendocino,2021-02-02,744,13313,523,6311,221,7002,0,0,382,8369,362,2386,382,10755,California
Mendocino,2021-02-03,395,13708,209,6520,186,7188,0,0,224,8424,169,2555,224,10979,California
Mendocino,2021-02-04,629,14337,534,7054,95,7283,0,0,502,8799,127,2682,502,11481,California
Mendocino,2021-02-05,1306,15643,1217,8271,89,7372,0,0,587,8669,717,3399,587,12068,California
Mendocino,2021-02-06,559,16202,159,8430,400,7772,0,0,544,9198,15,3414,544,12612,California
Mendocino,2021-02-07,34,16236,30,8460,4,7776,0,0,34,9232,0,3414,34,12646,California
Mendocino,2021-02-08,751,16987,718,9178,33,7809,0,0,287,9055,464,3878,287,12933,California
Mendocino,2021-02-09,141,17128,58,9236,83,7892,0,0,89,9092,52,3930,89,13022,California
Mendocino,2021-02-10,1489,18617,924,10160,565,8457,0,0,741,9092,741,4671,741,13763,California
Mendocino,2021-02-11,1213,19830,209,10369,1004,9461,0,0,301,8481,912,5583,301,14064,California
Mendocino,2021-02-12,1460,21290,163,10532,1297,10758,0,0,658,8338,801,6384,658,14722,California
Mendocino,2021-02-13,505,21795,14,10546,491,11249,0,0,104,8047,400,6784,109,14831,California
Mendocino,2021-02-14,693,22488,3,10549,690,11939,0,0,134,7622,559,7343,134,14965,California
Mendocino,2021-02-15,334,22822,43,10592,291,12230,0,0,175,7639,158,7501,175,15140,California
Mendocino,2021-02-16,200,23022,50,10642,150,12380,0,0,129,7697,71,7572,129,15269,California
Mendocino,2021-02-17,1358,24380,1195,11837,163,12543,0,0,879,8099,477,8049,879,16148,California
Mendocino,2021-02-18,1804,26184,658,12495,1146,13689,0,0,1224,8745,578,8627,1224,17372,California
Mendocino,2021-02-19,751,26935,146,12641,605,14294,0,0,611,9217,140,8767,612,17984,California
Mendocino,2021-02-20,576,27511,550,13191,26,14320,0,0,545,9733,29,8796,545,18529,California
Mendocino,2021-02-21,324,27835,6,13197,318,14638,0,0,312,10034,11,8807,312,18841,California
Mendocino,2021-02-22,161,27996,29,13226,132,14770,0,0,69,10013,90,8897,69,18910,California
Mendocino,2021-02-23,860,28856,846,14072,14,14784,0,0,645,10445,213,9110,645,19555,California
Mendocino,2021-02-24,1847,30703,1765,15837,82,14866,0,0,1432,11469,410,9520,1434,20989,California
Mendocino,2021-02-25,1713,32416,537,16374,1176,16042,0,0,1289,12335,423,9943,1289,22278,California
Mendocino,2021-02-26,1418,33834,750,17124,668,16710,0,0,1049,13018,366,10309,1049,23327,California
Mendocino,2021-02-27,201,34035,152,17276,49,16759,0,0,77,12972,123,10432,77,23404,California
Mendocino,2021-02-28,36,34071,14,17290,22,16781,0,0,24,12984,12,10444,24,23428,California
Mendocino,2021-03-01,592,34663,548,17838,44,16825,0,0,551,13497,38,10482,551,23979,California
Mendocino,2021-03-02,75,34738,28,17866,47,16872,0,0,42,13507,32,10514,42,24021,California
Mendocino,2021-03-03,2036,36774,1334,19200,702,17574,0,0,1386,14245,648,11162,1386,25407,California
Mendocino,2021-03-04,1853,38627,152,19352,1701,19275,0,0,1632,15661,218,11380,1634,27041,California
Mendocino,2021-03-05,478,39105,417,19769,52,19327,9,9,372,15940,102,11482,381,27422,California
Mendocino,2021-03-06,248,39353,23,19792,198,19525,27,36,204,16128,43,11525,231,27653,California
Mendocino,2021-03-07,524,39877,26,19818,478,20003,20,56,137,15898,386,11911,156,27809,California
Mendocino,2021-03-08,123,40000,28,19846,58,20061,37,93,64,15942,57,11968,101,27910,California
Mendocino,2021-03-09,940,40940,598,20444,301,20362,41,134,832,16707,108,12076,873,28783,California
Mendocino,2021-03-10,1147,42087,984,21428,98,20460,65,199,268,16169,874,12950,336,29119,California
Mendocino,2021-03-11,840,42927,623,22051,162,20622,55,254,399,16185,438,13388,454,29573,California
Mendocino,2021-03-12,2064,44991,1053,23104,899,21521,112,366,1234,16707,824,14212,1346,30919,California
Mendocino,2021-03-13,704,45695,569,23673,77,21598,58,424,107,16279,593,14805,165,31084,California
Mendocino,2021-03-14,105,45800,3,23676,95,21693,7,431,12,16209,89,14894,19,31103,California
Mendocino,2021-03-15,600,46400,51,23727,490,22183,59,490,208,16086,389,15283,266,31369,California
Mendocino,2021-03-16,585,46985,389,24116,150,22333,46,536,119,15787,464,15747,165,31534,California
Mendocino,2021-03-17,1584,48569,1379,25495,56,22389,149,685,218,14802,1359,17106,374,31908,California
Mendocino,2021-03-18,1310,49879,248,25743,1024,23413,38,723,279,14095,1023,18129,316,32224,California
Mendocino,2021-03-19,1777,51656,856,26599,860,24273,61,784,332,13051,1439,19568,395,32619,California
Mendocino,2021-03-20,70,51726,10,26609,39,24312,21,805,12,13026,58,19626,33,32652,California
Mendocino,2021-03-21,8,51734,1,26610,2,24314,5,810,3,13029,5,19631,8,32660,California
Mendocino,2021-03-22,656,52390,612,27222,15,24329,29,839,145,12695,507,20138,173,32833,California
Mendocino,2021-03-23,165,52555,34,27256,101,24430,30,869,114,12788,51,20189,144,32977,California
Mendocino,2021-03-24,917,53472,842,28098,28,24458,47,916,112,12144,803,20992,159,33136,California
Mendocino,2021-03-25,2017,55489,54,28152,1943,26401,20,936,176,10503,1835,22827,194,33330,California
Mendocino,2021-03-26,547,56036,395,28547,126,26527,26,962,114,10210,432,23259,139,33469,California
Mendocino,2021-03-27,162,56198,31,28578,119,26646,12,974,84,10228,77,23336,95,33564,California
Mendocino,2021-03-28,27,56225,7,28585,16,26662,4,978,5,10216,21,23357,9,33573,California
Mendocino,2021-03-29,191,56416,98,28683,49,26711,44,1022,96,10261,95,23452,140,33713,California
Mendocino,2021-03-30,718,57134,633,29316,48,26759,37,1059,107,9796,609,24061,144,33857,California
Mendocino,2021-03-31,918,58052,281,29597,576,27335,61,1120,153,9248,762,24823,214,34071,California
Mendocino,2021-04-01,1752,59804,425,30022,1246,28581,81,1201,383,8353,1358,26181,463,34534,California
Mendocino,2021-04-02,1310,61114,1078,31100,159,28740,73,1274,160,7439,1147,27328,233,34767,California
Mendocino,2021-04-03,712,61826,12,31112,679,29419,21,1295,87,6927,620,27948,108,34875,California
Mendocino,2021-04-04,71,61897,35,31147,30,29449,6,1301,55,6972,16,27964,61,34936,California
Mendocino,2021-04-05,213,62110,141,31288,48,29497,24,1325,127,7034,86,28050,148,35084,California
Mendocino,2021-04-06,401,62511,124,31412,182,29679,95,1420,108,6944,293,28343,203,35287,California
Mendocino,2021-04-07,492,63003,180,31592,65,29744,247,1667,118,6936,371,28714,363,35650,California
Mendocino,2021-04-08,1500,64503,921,32513,464,30208,115,1782,1007,7572,487,29201,1123,36773,California
Mendocino,2021-04-09,760,65263,428,32941,171,30379,161,1943,397,7767,363,29564,558,37331,California
Mendocino,2021-04-10,405,65668,92,33033,267,30646,46,1989,99,7606,306,29870,145,37476,California
Mendocino,2021-04-11,122,65790,47,33080,19,30665,56,2045,59,7658,63,29933,115,37591,California
Mendocino,2021-04-12,622,66412,514,33594,48,30713,60,2105,408,7912,214,30147,468,38059,California
Mendocino,2021-04-13,292,66704,229,33823,63,30776,0,2105,224,8068,68,30215,224,38283,California
Mendocino,2021-04-14,525,67229,430,34253,95,30871,0,2105,422,8387,103,30318,422,38705,California
Mendocino,2021-04-15,662,67891,328,34581,334,31205,0,2105,387,8504,270,30588,387,39092,California
Mendocino,2021-04-16,129,68020,55,34636,73,31278,1,2106,80,8536,48,30636,80,39172,California
Mendocino,2021-04-17,195,68215,12,34648,183,31461,0,2106,68,8479,125,30761,68,39240,California
Mendocino,2021-04-18,17,68232,9,34657,8,31469,0,2106,9,8482,6,30767,9,39249,California
Mendocino,2021-04-19,541,68773,516,35173,24,31493,1,2107,430,8803,110,30877,431,39680,California
Mendocino,2021-04-20,429,69202,296,35469,133,31626,0,2107,269,8913,159,31036,269,39949,California
Mendocino,2021-04-21,198,69400,135,35604,62,31688,1,2108,118,8953,78,31114,118,40067,California
Mendocino,2021-04-22,486,69886,316,35920,169,31857,1,2109,312,9095,170,31284,312,40379,California
Mendocino,2021-04-23,862,70748,707,36627,155,32012,0,2109,702,9640,157,31441,702,41081,California
Mendocino,2021-04-24,110,70858,16,36643,94,32106,0,2109,103,9736,7,31448,103,41184,California
Mendocino,2021-04-25,58,70916,34,36677,20,32126,4,2113,18,9719,39,31487,22,41206,California
Mendocino,2021-04-26,310,71226,238,36915,67,32193,5,2118,203,9821,106,31593,208,41414,California
Mendocino,2021-04-27,208,71434,91,37006,90,32283,27,2145,95,9830,112,31705,121,41535,California
Mendocino,2021-04-28,223,71657,147,37153,57,32340,19,2164,127,9881,96,31801,147,41682,California
Mendocino,2021-04-29,1147,72804,842,37995,290,32630,15,2179,113,8980,1029,32830,128,41810,California
Mendocino,2021-04-30,610,73414,385,38380,215,32845,10,2189,231,8843,378,33208,241,42051,California
Mendocino,2021-05-01,476,73890,435,38815,33,32878,8,2197,370,9116,105,33313,378,42429,California
Mendocino,2021-05-02,56,73946,46,38861,7,32885,3,2200,9,9081,47,33360,12,42441,California
Mendocino,2021-05-03,148,74094,85,38946,41,32926,22,2222,43,9043,103,33463,65,42506,California
Mendocino,2021-05-04,379,74473,253,39199,93,33019,33,2255,141,8979,238,33701,174,42680,California
Mendocino,2021-05-05,878,75351,790,39989,73,33092,15,2270,223,8562,654,34355,237,42917,California
Mendocino,2021-05-06,631,75982,381,40370,228,33320,22,2292,154,8263,475,34830,176,43093,California
Mendocino,2021-05-07,190,76172,36,40406,129,33449,25,2317,122,8342,67,34897,146,43239,California
Mendocino,2021-05-08,126,76298,5,40411,120,33569,1,2318,110,8438,15,34912,111,43350,California
Mendocino,2021-05-09,22,76320,7,40418,14,33583,1,2319,5,8427,17,34929,6,43356,California
Mendocino,2021-05-10,244,76564,161,40579,78,33661,5,2324,151,8490,93,35022,156,43512,California
Mendocino,2021-05-11,281,76845,144,40723,119,33780,18,2342,130,8486,150,35172,146,43658,California
Mendocino,2021-05-12,143,76988,81,40804,54,33834,8,2350,44,8441,97,35269,52,43710,California
Mendocino,2021-05-13,1236,78224,1122,41926,97,33931,17,2367,323,7868,913,36182,340,44050,California
Mendocino,2021-05-14,726,78950,496,42422,167,34098,63,2430,250,7710,471,36653,313,44363,California
Mendocino,2021-05-15,85,79035,29,42451,52,34150,4,2434,40,7709,45,36698,44,44407,California
Mendocino,2021-05-16,117,79152,104,42555,11,34161,2,2436,99,7794,17,36715,102,44509,California
Mendocino,2021-05-17,177,79329,84,42639,77,34238,16,2452,101,7835,76,36791,117,44626,California
Mendocino,2021-05-18,243,79572,117,42756,98,34336,28,2480,106,7832,136,36927,133,44759,California
Mendocino,2021-05-19,327,79899,191,42947,115,34451,21,2501,242,8012,83,37010,263,45022,California
Mendocino,2021-05-20,294,80193,116,43063,136,34587,42,2543,105,7973,186,37196,147,45169,California
Mendocino,2021-05-21,655,80848,476,43539,164,34751,15,2558,507,8348,147,37343,522,45691,California
Mendocino,2021-05-22,787,81635,676,44215,103,34854,8,2566,241,8052,545,37888,249,45940,California
Mendocino,2021-05-23,29,81664,12,44227,10,34864,7,2573,15,8059,14,37902,21,45961,California
Mendocino,2021-05-24,129,81793,45,44272,63,34927,21,2594,61,8074,67,37969,82,46043,California
Mendocino,2021-05-25,296,82089,177,44449,89,35016,30,2624,135,8078,160,38129,164,46207,California
Mendocino,2021-05-26,325,82414,244,44693,69,35085,12,2636,132,8030,192,38321,144,46351,California
Mendocino,2021-05-27,245,82659,112,44805,111,35196,22,2658,101,8011,142,38463,123,46474,California
Mendocino,2021-05-28,236,82895,97,44902,126,35322,13,2671,151,8092,83,38546,164,46638,California
Mendocino,2021-05-29,48,82943,17,44919,26,35348,5,2676,24,8100,24,38570,32,46670,California
Mendocino,2021-05-30,15,82958,2,44921,12,35360,1,2677,10,8106,5,38575,11,46681,California
Mendocino,2021-05-31,6,82964,0,44921,5,35365,1,2678,2,8106,3,38578,3,46684,California
Mendocino,2021-06-01,313,83277,105,45026,199,35564,9,2687,84,7971,229,38807,94,46778,California
Mendocino,2021-06-02,155,83432,58,45084,89,35653,8,2695,54,7934,99,38906,62,46840,California
Mendocino,2021-06-03,558,83990,457,45541,92,35745,9,2704,123,7638,428,39334,132,46972,California
Mendocino,2021-06-04,325,84315,198,45739,104,35849,23,2727,89,7515,235,39569,112,47084,California
Mendocino,2021-06-05,225,84540,92,45831,115,35964,18,2745,72,7454,151,39720,90,47174,California
Mendocino,2021-06-06,63,84603,58,45889,2,35966,3,2748,2,7398,61,39781,5,47179,California
Mendocino,2021-06-07,148,84751,71,45960,65,36031,12,2760,59,7380,89,39870,71,47250,California
Mendocino,2021-06-08,231,84982,131,46091,87,36118,13,2773,98,7363,128,39998,111,47361,California
Mendocino,2021-06-09,312,85294,249,46340,53,36171,10,2783,108,7278,203,40201,118,47479,California
Mendocino,2021-06-10,132,85426,71,46411,45,36216,16,2799,59,7280,73,40274,75,47554,California
Mendocino,2021-06-11,720,86146,563,46974,130,36346,27,2826,107,6803,611,40885,134,47688,California
Mendocino,2021-06-12,78,86224,53,47027,19,36365,6,2832,28,6788,49,40934,34,47722,California
Mendocino,2021-06-13,29,86253,16,47043,11,36376,2,2834,15,6792,13,40947,17,47739,California
Mendocino,2021-06-14,131,86384,60,47103,52,36428,19,2853,48,6776,82,41029,66,47805,California
Mendocino,2021-06-15,260,86644,167,47270,74,36502,19,2872,83,6701,177,41206,102,47907,California
Mendocino,2021-06-16,270,86914,168,47438,80,36582,22,2894,66,6587,202,41408,88,47995,California
Mendocino,2021-06-17,169,87083,89,47527,64,36646,16,2910,55,6545,113,41521,71,48066,California
Mendocino,2021-06-18,265,87348,123,47650,112,36758,30,2940,74,6458,190,41711,103,48169,California
Mendocino,2021-06-19,75,87423,43,47693,25,36783,7,2947,17,6424,58,41769,24,48193,California
Mendocino,2021-06-20,12,87435,4,47697,4,36787,4,2951,7,6430,5,41774,11,48204,California
Mendocino,2021-06-21,97,87532,31,47728,55,36842,11,2962,43,6432,51,41825,53,48257,California
Mendocino,2021-06-22,133,87665,86,47814,34,36876,13,2975,56,6426,75,41900,69,48326,California
Mendocino,2021-06-23,176,87841,124,47938,33,36909,19,2994,62,6393,114,42014,81,48407,California
Mendocino,2021-06-24,173,88014,107,48045,52,36961,14,3008,66,6367,106,42120,80,48487,California
Mendocino,2021-06-25,78,88092,42,48087,24,36985,12,3020,37,6375,41,42161,49,48536,California
Merced,2020-12-16,3,3,3,3,0,0,0,0,3,3,0,0,3,3,California
Merced,2020-12-17,9,12,9,12,0,0,0,0,9,12,0,0,9,12,California
Merced,2020-12-18,146,158,146,158,0,0,0,0,146,158,0,0,146,158,California
Merced,2020-12-19,39,197,39,197,0,0,0,0,39,197,0,0,39,197,California
Merced,2020-12-20,18,215,18,215,0,0,0,0,18,215,0,0,18,215,California
Merced,2020-12-21,125,340,122,337,3,3,0,0,125,340,0,0,125,340,California
Merced,2020-12-22,152,492,152,489,0,3,0,0,152,492,0,0,152,492,California
Merced,2020-12-23,254,746,248,737,6,9,0,0,254,746,0,0,254,746,California
Merced,2020-12-24,72,818,72,809,0,9,0,0,72,818,0,0,72,818,California
Merced,2020-12-25,4,822,4,813,0,9,0,0,4,822,0,0,4,822,California
Merced,2020-12-26,6,828,3,816,3,12,0,0,6,828,0,0,6,828,California
Merced,2020-12-27,12,840,11,827,1,13,0,0,12,840,0,0,12,840,California
Merced,2020-12-28,121,961,96,923,25,38,0,0,121,961,0,0,121,961,California
Merced,2020-12-29,194,1155,123,1046,71,109,0,0,194,1155,0,0,194,1155,California
Merced,2020-12-30,216,1371,89,1135,127,236,0,0,216,1371,0,0,216,1371,California
Merced,2020-12-31,103,1474,34,1169,69,305,0,0,103,1474,0,0,103,1474,California
Merced,2021-01-01,5,1479,1,1170,4,309,0,0,5,1479,0,0,5,1479,California
Merced,2021-01-02,129,1608,118,1288,11,320,0,0,129,1608,0,0,129,1608,California
Merced,2021-01-03,9,1617,5,1293,4,324,0,0,9,1617,0,0,9,1617,California
Merced,2021-01-04,83,1700,43,1336,40,364,0,0,83,1700,0,0,83,1700,California
Merced,2021-01-05,327,2027,232,1568,95,459,0,0,321,2017,6,6,323,2023,California
Merced,2021-01-06,259,2286,106,1674,153,612,0,0,253,2264,6,12,253,2276,California
Merced,2021-01-07,187,2473,83,1757,104,716,0,0,175,2426,13,25,175,2451,California
Merced,2021-01-08,528,3001,394,2151,134,850,0,0,375,2649,152,177,375,2826,California
Merced,2021-01-09,23,3024,10,2161,13,863,0,0,17,2660,6,183,17,2843,California
Merced,2021-01-10,11,3035,7,2168,4,867,0,0,7,2663,4,187,7,2850,California
Merced,2021-01-11,230,3265,171,2339,59,926,0,0,102,2639,128,315,104,2954,California
Merced,2021-01-12,297,3562,172,2511,125,1051,0,0,247,2835,51,366,247,3201,California
Merced,2021-01-13,391,3953,177,2688,214,1265,0,0,237,2921,154,520,240,3441,California
Merced,2021-01-14,327,4280,204,2892,123,1388,0,0,160,2916,166,686,161,3602,California
Merced,2021-01-15,588,4868,132,3024,456,1844,0,0,549,3428,40,726,552,4154,California
Merced,2021-01-16,213,5081,129,3153,84,1928,0,0,196,3607,17,743,196,4350,California
Merced,2021-01-17,50,5131,12,3165,38,1966,0,0,49,3655,1,744,49,4399,California
Merced,2021-01-18,266,5397,127,3292,139,2105,0,0,243,3879,23,767,247,4646,California
Merced,2021-01-19,713,6110,589,3881,124,2229,0,0,540,4253,173,940,547,5193,California
Merced,2021-01-20,572,6682,467,4348,105,2334,0,0,515,4714,57,997,518,5711,California
Merced,2021-01-21,1018,7700,650,4998,368,2702,0,0,918,5535,100,1097,921,6632,California
Merced,2021-01-22,1315,9015,694,5692,621,3323,0,0,1287,6807,27,1124,1299,7931,California
Merced,2021-01-23,324,9339,197,5889,127,3450,0,0,217,6917,107,1231,217,8148,California
Merced,2021-01-24,37,9376,15,5904,22,3472,0,0,28,6937,8,1239,28,8176,California
Merced,2021-01-25,730,10106,241,6145,489,3961,0,0,669,7547,60,1299,670,8846,California
Merced,2021-01-26,933,11039,487,6632,446,4407,0,0,676,7995,229,1528,677,9523,California
Merced,2021-01-27,989,12028,589,7221,400,4807,0,0,817,8643,170,1698,818,10341,California
Merced,2021-01-28,1141,13169,595,7816,546,5353,0,0,1017,9539,123,1821,1019,11360,California
Merced,2021-01-29,850,14019,319,8135,531,5884,0,0,596,9896,242,2063,599,11959,California
Merced,2021-01-30,263,14282,28,8163,235,6119,0,0,246,10125,17,2080,246,12205,California
Merced,2021-01-31,47,14329,11,8174,36,6155,0,0,46,10170,1,2081,46,12251,California
Merced,2021-02-01,379,14708,51,8225,328,6483,0,0,327,10447,51,2132,328,12579,California
Merced,2021-02-02,308,15016,182,8407,126,6609,0,0,179,10502,126,2258,181,12760,California
Merced,2021-02-03,350,15366,72,8479,278,6887,0,0,169,10489,182,2440,169,12929,California
Merced,2021-02-04,374,15740,148,8627,226,7113,0,0,241,10599,132,2572,242,13171,California
Merced,2021-02-05,515,16255,173,8800,342,7455,0,0,273,10634,240,2812,275,13446,California
Merced,2021-02-06,391,16646,220,9020,171,7626,0,0,246,10740,142,2954,248,13694,California
Merced,2021-02-07,21,16667,13,9033,8,7634,0,0,14,10747,7,2961,14,13708,California
Merced,2021-02-08,283,16950,198,9231,85,7719,0,0,171,10809,110,3071,172,13880,California
Merced,2021-02-09,1219,18169,955,10186,264,7983,0,0,771,11142,440,3511,773,14653,California
Merced,2021-02-10,1873,20042,1437,11623,436,8419,0,0,1277,11833,586,4097,1277,15930,California
Merced,2021-02-11,2514,22556,2014,13637,500,8919,0,0,1819,12970,683,4780,1820,17750,California
Merced,2021-02-12,1726,24282,1023,14660,703,9622,0,0,750,12765,958,5738,753,18503,California
Merced,2021-02-13,363,24645,208,14868,155,9777,0,0,264,12936,95,5833,266,18769,California
Merced,2021-02-14,117,24762,26,14894,91,9868,0,0,95,13010,22,5855,96,18865,California
Merced,2021-02-15,275,25037,42,14936,233,10101,0,0,169,13081,99,5954,170,19035,California
Merced,2021-02-16,1220,26257,847,15783,373,10474,0,0,834,13554,367,6321,840,19875,California
Merced,2021-02-17,1891,28148,1645,17428,246,10720,0,0,1315,14318,560,6881,1324,21199,California
Merced,2021-02-18,1222,29370,825,18253,397,11117,0,0,405,13932,796,7677,410,21609,California
Merced,2021-02-19,1268,30638,418,18671,850,11967,0,0,537,13747,725,8402,540,22149,California
Merced,2021-02-20,280,30918,33,18704,247,12214,0,0,141,13752,137,8539,142,22291,California
Merced,2021-02-21,77,30995,62,18766,15,12229,0,0,30,13738,45,8584,31,22322,California
Merced,2021-02-22,834,31829,296,19062,538,12767,0,0,480,13869,352,8936,483,22805,California
Merced,2021-02-23,1090,32919,423,19485,667,13434,0,0,639,14067,445,9381,643,23448,California
Merced,2021-02-24,825,33744,306,19791,519,13953,0,0,451,14157,364,9745,454,23902,California
Merced,2021-02-25,1779,35523,884,20675,895,14848,0,0,1316,15023,459,10204,1325,25227,California
Merced,2021-02-26,2163,37686,1384,22059,779,15627,0,0,1738,16351,416,10620,1744,26971,California
Merced,2021-02-27,2616,40302,1186,23245,1430,17057,0,0,2327,18392,287,10907,2328,29299,California
Merced,2021-02-28,314,40616,75,23320,238,17295,1,1,255,18594,55,10962,257,29556,California
Merced,2021-03-01,1145,41761,284,23604,860,18155,1,2,779,19026,356,11318,788,30344,California
Merced,2021-03-02,1760,43521,912,24516,847,19002,1,3,1363,20006,388,11706,1368,31712,California
Merced,2021-03-03,2241,45762,1740,26256,500,19502,1,4,1474,20736,748,12454,1478,33190,California
Merced,2021-03-04,2903,48665,2279,28535,622,20124,2,6,1918,21697,967,13421,1928,35118,California
Merced,2021-03-05,2078,50743,1198,29733,856,20980,24,30,1531,22723,532,13953,1558,36676,California
Merced,2021-03-06,1168,51911,663,30396,483,21463,22,52,907,23397,260,14213,934,37610,California
Merced,2021-03-07,230,52141,66,30462,139,21602,25,77,201,23594,29,14242,226,37836,California
Merced,2021-03-08,1411,53552,812,31274,534,22136,65,142,1192,24634,218,14460,1258,39094,California
Merced,2021-03-09,1758,55310,1025,32299,625,22761,108,250,1102,25198,648,15108,1212,40306,California
Merced,2021-03-10,2745,58055,1888,34187,657,23418,200,450,1627,25931,1103,16211,1836,42142,California
Merced,2021-03-11,1981,60036,715,34902,1065,24483,201,651,1226,26644,738,16949,1451,43593,California
Merced,2021-03-12,2237,62273,907,35809,1059,25542,271,922,1490,27677,742,17691,1775,45368,California
Merced,2021-03-13,1024,63297,318,36127,466,26008,240,1162,710,28321,306,17997,950,46318,California
Merced,2021-03-14,250,63547,137,36264,83,26091,30,1192,150,28402,99,18096,180,46498,California
Merced,2021-03-15,1534,65081,499,36763,779,26870,256,1448,1009,29149,517,18613,1264,47762,California
Merced,2021-03-16,1475,66556,718,37481,530,27400,227,1675,978,29872,485,19098,1208,48970,California
Merced,2021-03-17,2003,68559,1082,38563,740,28140,181,1856,1531,31125,462,19560,1715,50685,California
Merced,2021-03-18,2136,70695,1263,39826,725,28865,148,2004,1395,31957,726,20286,1558,52243,California
Merced,2021-03-19,2680,73375,1463,41289,1022,29887,195,2199,1393,32267,1277,21563,1587,53830,California
Merced,2021-03-20,2455,75830,1528,42817,532,30419,395,2594,959,32137,1491,23054,1361,55191,California
Merced,2021-03-21,559,76389,344,43161,202,30621,13,2607,438,32470,120,23174,453,55644,California
Merced,2021-03-22,1270,77659,635,43796,559,31180,76,2683,888,33067,373,23547,970,56614,California
Merced,2021-03-23,1895,79554,1158,44954,671,31851,66,2749,1363,34013,524,24071,1470,58084,California
Merced,2021-03-24,1484,81038,936,45890,513,32364,35,2784,994,34565,483,24554,1035,59119,California
Merced,2021-03-25,3346,84384,2292,48182,1031,33395,23,2807,2096,35454,1237,25791,2126,61245,California
Merced,2021-03-26,1959,86343,1102,49284,821,34216,36,2843,893,35345,1051,26842,942,62187,California
Merced,2021-03-27,3580,89923,1914,51198,1243,35459,423,3266,1553,35318,2012,28854,1985,64172,California
Merced,2021-03-28,522,90445,215,51413,300,35759,7,3273,213,35234,306,29160,222,64394,California
Merced,2021-03-29,1844,92289,784,52197,891,36650,169,3442,674,34923,1161,30321,850,65244,California
Merced,2021-03-30,2167,94456,809,53006,1299,37949,59,3501,995,34820,1166,31487,1063,66307,California
Merced,2021-03-31,2162,96618,1411,54417,710,38659,41,3542,957,34634,1187,32674,1001,67308,California
Merced,2021-04-01,2362,98980,1056,55473,1176,39835,130,3672,1057,34532,1291,33965,1189,68497,California
Merced,2021-04-02,2353,101333,643,56116,1303,41138,407,4079,786,34189,1549,35514,1206,69703,California
Merced,2021-04-03,1090,102423,600,56716,471,41609,19,4098,661,34459,419,35933,689,70392,California
Merced,2021-04-04,373,102796,143,56859,226,41835,4,4102,143,34379,229,36162,149,70541,California
Merced,2021-04-05,1282,104078,610,57469,459,42294,213,4315,402,34140,872,37034,633,71174,California
Merced,2021-04-06,2435,106513,900,58369,705,42999,830,5145,879,34316,1551,38585,1727,72901,California
Merced,2021-04-07,1682,108195,900,59269,674,43673,108,5253,576,33932,1087,39672,703,73604,California
Merced,2021-04-08,2479,110674,1333,60602,929,44602,217,5470,986,33673,1460,41132,1201,74805,California
Merced,2021-04-09,1709,112383,479,61081,652,45254,578,6048,558,33690,1131,42263,1148,75953,California
Merced,2021-04-10,984,113367,371,61452,425,45679,188,6236,175,33250,803,43066,363,76316,California
Merced,2021-04-11,488,113855,281,61733,72,45751,135,6371,147,33194,339,43405,283,76599,California
Merced,2021-04-12,1516,115371,992,62725,400,46151,124,6495,867,33580,609,44014,995,77594,California
Merced,2021-04-13,2055,117426,1469,64194,584,46735,2,6497,934,33502,1027,45041,949,78543,California
Merced,2021-04-14,2239,119665,1395,65589,844,47579,0,6497,1043,33496,1062,46103,1056,79599,California
Merced,2021-04-15,3038,122703,1989,67578,1049,48628,0,6497,939,32597,1863,47966,964,80563,California
Merced,2021-04-16,2392,125095,1169,68747,1223,49851,0,6497,958,32238,1330,49296,971,81534,California
Merced,2021-04-17,2108,127203,1449,70196,658,50509,1,6498,663,31493,1437,50733,692,82226,California
Merced,2021-04-18,478,127681,252,70448,226,50735,0,6498,191,31428,259,50992,194,82420,California
Merced,2021-04-19,1352,129033,753,71201,599,51334,0,6498,706,31594,547,51539,713,83133,California
Merced,2021-04-20,1490,130523,743,71944,747,52081,0,6498,787,31767,631,52170,804,83937,California
Merced,2021-04-21,1534,132057,923,72867,611,52692,0,6498,773,31903,647,52817,783,84720,California
Merced,2021-04-22,1642,133699,747,73614,895,53587,0,6498,768,31904,783,53600,784,85504,California
Merced,2021-04-23,1666,135365,690,74304,976,54563,0,6498,895,32080,723,54323,899,86403,California
Merced,2021-04-24,878,136243,703,75007,175,54738,0,6498,551,32313,322,54645,555,86958,California
Merced,2021-04-25,332,136575,192,75199,140,54878,0,6498,192,32373,136,54781,196,87154,California
Merced,2021-04-26,1235,137810,534,75733,701,55579,0,6498,634,32452,564,55345,643,87797,California
Merced,2021-04-27,1797,139607,901,76634,884,56463,12,6510,717,32175,1010,56355,733,88530,California
Merced,2021-04-28,1383,140990,684,77318,691,57154,8,6518,786,32402,572,56927,799,89329,California
Merced,2021-04-29,1468,142458,645,77963,798,57952,25,6543,698,32371,760,57687,729,90058,California
Merced,2021-04-30,1473,143931,620,78583,809,58761,44,6587,753,32458,713,58400,800,90858,California
Merced,2021-05-01,564,144495,242,78825,318,59079,4,6591,264,32430,295,58695,267,91125,California
Merced,2021-05-02,299,144794,122,78947,162,59241,15,6606,125,32405,173,58868,148,91273,California
Merced,2021-05-03,854,145648,557,79504,226,59467,71,6677,307,32243,543,59411,381,91654,California
Merced,2021-05-04,1028,146676,547,80051,429,59896,52,6729,376,32029,646,60057,432,92086,California
Merced,2021-05-05,1394,148070,892,80943,426,60322,76,6805,614,31954,767,60824,692,92778,California
Merced,2021-05-06,923,148993,480,81423,393,60715,50,6855,300,31690,616,61440,352,93130,California
Merced,2021-05-07,1142,150135,497,81920,603,61318,42,6897,431,31464,705,62145,479,93609,California
Merced,2021-05-08,399,150534,202,82122,161,61479,36,6933,184,31470,214,62359,220,93829,California
Merced,2021-05-09,212,150746,105,82227,100,61579,7,6940,100,31466,111,62470,107,93936,California
Merced,2021-05-10,700,151446,357,82584,306,61885,37,6977,191,31188,507,62977,229,94165,California
Merced,2021-05-11,1152,152598,684,83268,411,62296,57,7034,446,30990,701,63678,503,94668,California
Merced,2021-05-12,1091,153689,622,83890,427,62723,42,7076,378,30701,710,64388,421,95089,California
Merced,2021-05-13,887,154576,479,84369,366,63089,42,7118,372,30605,510,64898,414,95503,California
Merced,2021-05-14,1035,155611,623,84992,372,63461,40,7158,542,30701,487,65385,583,96086,California
Merced,2021-05-15,763,156374,577,85569,167,63628,19,7177,450,30871,301,65686,471,96557,California
Merced,2021-05-16,350,156724,234,85803,108,63736,8,7185,198,30928,150,65836,207,96764,California
Merced,2021-05-17,1100,157824,715,86518,355,64091,30,7215,540,30946,553,66389,571,97335,California
Merced,2021-05-18,1283,159107,857,87375,395,64486,31,7246,727,31156,549,66938,759,98094,California
Merced,2021-05-19,1115,160222,758,88133,350,64836,7,7253,625,31306,487,67425,637,98731,California
Merced,2021-05-20,1059,161281,560,88693,443,65279,56,7309,408,31123,649,68074,466,99197,California
Merced,2021-05-21,1196,162477,687,89380,481,65760,28,7337,495,30958,690,68764,525,99722,California
Merced,2021-05-22,756,163233,544,89924,199,65959,13,7350,454,31128,300,69064,470,100192,California
Merced,2021-05-23,339,163572,238,90162,88,66047,13,7363,225,31253,113,69177,238,100430,California
Merced,2021-05-24,600,164172,249,90411,321,66368,30,7393,226,31142,369,69546,258,100688,California
Merced,2021-05-25,770,164942,435,90846,301,66669,34,7427,403,31215,363,69909,436,101124,California
Merced,2021-05-26,989,165931,558,91404,398,67067,33,7460,414,31091,573,70482,449,101573,California
Merced,2021-05-27,927,166858,654,92058,239,67306,34,7494,569,31342,354,70836,605,102178,California
Merced,2021-05-28,767,167625,349,92407,372,67678,46,7540,337,31304,421,71257,383,102561,California
Merced,2021-05-29,393,168018,272,92679,113,67791,8,7548,173,31269,217,71474,182,102743,California
Merced,2021-05-30,215,168233,146,92825,58,67849,11,7559,135,31335,80,71554,146,102889,California
Merced,2021-05-31,111,168344,25,92850,80,67929,6,7565,32,31297,77,71631,39,102928,California
Merced,2021-06-01,865,169209,542,93392,291,68220,32,7597,351,31171,509,72140,383,103311,California
Merced,2021-06-02,747,169956,485,93877,236,68456,26,7623,367,31191,373,72513,393,103704,California
Merced,2021-06-03,759,170715,482,94359,243,68699,34,7657,337,31145,416,72929,370,104074,California
Merced,2021-06-04,790,171505,449,94808,319,69018,22,7679,328,31041,456,73385,352,104426,California
Merced,2021-06-05,492,171997,387,95195,94,69112,11,7690,182,30929,305,73690,193,104619,California
Merced,2021-06-06,225,172222,189,95384,30,69142,6,7696,85,30880,140,73830,91,104710,California
Merced,2021-06-07,659,172881,527,95911,119,69261,13,7709,196,30628,463,74293,211,104921,California
Merced,2021-06-08,860,173741,638,96549,198,69459,24,7733,276,30348,580,74873,300,105221,California
Merced,2021-06-09,783,174524,647,97196,121,69580,15,7748,239,30067,535,75408,254,105475,California
Merced,2021-06-10,646,175170,446,97642,180,69760,20,7768,269,29986,370,75778,289,105764,California
Merced,2021-06-11,569,175739,358,98000,196,69956,15,7783,237,29911,329,76107,254,106018,California
Merced,2021-06-12,548,176287,443,98443,82,70038,23,7806,167,29721,380,76487,190,106208,California
Merced,2021-06-13,256,176543,134,98577,117,70155,5,7811,68,29606,188,76675,73,106281,California
Merced,2021-06-14,547,177090,358,98935,156,70311,33,7844,257,29609,288,76963,291,106572,California
Merced,2021-06-15,786,177876,557,99492,202,70513,27,7871,271,29401,507,77470,299,106871,California
Merced,2021-06-16,668,178544,447,99939,199,70712,22,7893,320,29405,338,77808,342,107213,California
Merced,2021-06-17,733,179277,557,100496,145,70857,31,7924,235,29181,490,78298,266,107479,California
Merced,2021-06-18,757,180034,496,100992,231,71088,30,7954,384,29229,366,78664,414,107893,California
Merced,2021-06-19,363,180397,249,101241,87,71175,27,7981,196,29287,165,78829,223,108116,California
Merced,2021-06-20,238,180635,184,101425,46,71221,8,7989,140,29338,97,78926,148,108264,California
Merced,2021-06-21,317,180952,191,101616,116,71337,10,7999,197,29426,119,79045,207,108471,California
Merced,2021-06-22,501,181453,347,101963,136,71473,18,8017,248,29440,253,79298,267,108738,California
Merced,2021-06-23,271,181724,115,102078,147,71620,9,8026,138,29458,129,79427,147,108885,California
Merced,2021-06-24,136,181860,82,102160,47,71667,7,8033,53,29436,82,79509,60,108945,California
Merced,2021-06-25,68,181928,20,102180,35,71702,13,8046,34,29449,34,79543,47,108992,California
Modoc,2020-12-16,1,1,1,1,0,0,0,0,1,1,0,0,1,1,California
Modoc,2020-12-21,99,100,99,100,0,0,0,0,99,100,0,0,99,100,California
Modoc,2020-12-22,14,114,14,114,0,0,0,0,14,114,0,0,14,114,California
Modoc,2020-12-23,4,118,4,118,0,0,0,0,4,118,0,0,4,118,California
Modoc,2020-12-24,1,119,1,119,0,0,0,0,1,119,0,0,1,119,California
Modoc,2020-12-28,2,121,2,121,0,0,0,0,2,121,0,0,2,121,California
Modoc,2020-12-29,10,131,1,122,9,9,0,0,10,131,0,0,10,131,California
Modoc,2020-12-30,7,138,0,122,7,16,0,0,7,138,0,0,7,138,California
Modoc,2021-01-02,3,141,1,123,2,18,0,0,3,141,0,0,3,141,California
Modoc,2021-01-04,8,149,0,123,8,26,0,0,8,149,0,0,8,149,California
Modoc,2021-01-05,3,152,2,125,1,27,0,0,3,152,0,0,3,152,California
Modoc,2021-01-06,3,155,2,127,1,28,0,0,2,153,1,1,2,154,California
Modoc,2021-01-07,72,227,0,127,72,100,0,0,72,225,0,1,72,226,California
Modoc,2021-01-08,105,332,0,127,105,205,0,0,105,330,0,1,105,331,California
Modoc,2021-01-10,1,333,1,128,0,205,0,0,0,329,1,2,0,331,California
Modoc,2021-01-11,90,423,81,209,9,214,0,0,19,277,71,73,19,350,California
Modoc,2021-01-12,94,517,25,234,69,283,0,0,68,319,26,99,68,418,California
Modoc,2021-01-13,24,541,4,238,20,303,0,0,22,339,2,101,22,440,California
Modoc,2021-01-14,129,670,6,244,123,426,0,0,124,458,5,106,124,564,California
Modoc,2021-01-15,6,676,1,245,5,431,0,0,6,464,0,106,6,570,California
Modoc,2021-01-16,2,678,1,246,1,432,0,0,2,466,0,106,2,572,California
Modoc,2021-01-18,3,681,1,247,2,434,0,0,3,469,0,106,3,575,California
Modoc,2021-01-19,5,686,3,250,2,436,0,0,3,470,2,108,3,578,California
Modoc,2021-01-20,11,697,1,251,10,446,0,0,11,481,0,108,11,589,California
Modoc,2021-01-21,157,854,2,253,155,601,0,0,157,638,0,108,157,746,California
Modoc,2021-01-22,2,856,0,253,2,603,0,0,2,640,0,108,2,748,California
Modoc,2021-01-25,11,867,0,253,11,614,0,0,11,651,0,108,11,759,California
Modoc,2021-01-26,65,932,1,254,64,678,0,0,65,716,0,108,65,824,California
Modoc,2021-01-27,42,974,3,257,39,717,0,0,26,726,16,124,26,850,California
Modoc,2021-01-28,146,1120,2,259,144,861,0,0,145,870,1,125,145,995,California
Modoc,2021-01-29,3,1123,1,260,2,863,0,0,3,873,0,125,3,998,California
Modoc,2021-02-01,26,1149,13,273,13,876,0,0,12,871,14,139,12,1010,California
Modoc,2021-02-02,170,1319,2,275,168,1044,0,0,167,1035,3,142,167,1177,California
Modoc,2021-02-03,18,1337,13,288,5,1049,0,0,11,1039,7,149,11,1188,California
Modoc,2021-02-04,155,1492,4,292,151,1200,0,0,27,938,128,277,27,1215,California
Modoc,2021-02-05,2,1494,2,294,0,1200,0,0,1,938,1,278,1,1216,California
Modoc,2021-02-08,9,1503,2,296,7,1207,0,0,8,945,1,279,8,1224,California
Modoc,2021-02-09,197,1700,13,309,184,1391,0,0,65,878,132,411,65,1289,California
Modoc,2021-02-10,5,1705,2,311,3,1394,0,0,4,881,1,412,4,1293,California
Modoc,2021-02-11,201,1906,3,314,198,1592,0,0,83,846,118,530,83,1376,California
Modoc,2021-02-12,4,1910,0,314,4,1596,0,0,2,846,2,532,2,1378,California
Modoc,2021-02-13,2,1912,0,314,2,1598,0,0,1,846,1,533,1,1379,California
Modoc,2021-02-16,147,2059,6,320,141,1739,0,0,141,981,6,539,141,1520,California
Modoc,2021-02-17,25,2084,2,322,23,1762,0,0,12,980,13,552,12,1532,California
Modoc,2021-02-18,187,2271,2,324,185,1947,0,0,23,842,163,715,25,1557,California
Modoc,2021-02-19,3,2274,3,327,0,1947,0,0,2,843,1,716,2,1559,California
Modoc,2021-02-20,1,2275,1,328,0,1947,0,0,0,842,1,717,0,1559,California
Modoc,2021-02-22,17,2292,9,337,8,1955,0,0,3,831,14,731,3,1562,California
Modoc,2021-02-23,20,2312,2,339,18,1973,0,0,1,813,19,750,1,1563,California
Modoc,2021-02-24,91,2403,1,340,90,2063,0,0,31,784,60,810,31,1594,California
Modoc,2021-02-25,169,2572,0,340,169,2232,0,0,12,639,157,967,12,1606,California
Modoc,2021-02-26,3,2575,0,340,3,2235,0,0,1,638,2,969,1,1607,California
Modoc,2021-02-27,4,2579,4,344,0,2235,0,0,2,638,2,971,2,1609,California
Modoc,2021-03-01,6,2585,0,344,6,2241,0,0,1,635,4,975,1,1610,California
Modoc,2021-03-02,193,2778,12,356,181,2422,0,0,26,494,167,1142,26,1636,California
Modoc,2021-03-03,12,2790,6,362,6,2428,0,0,2,486,10,1152,2,1638,California
Modoc,2021-03-04,174,2964,2,364,172,2600,0,0,147,606,27,1179,147,1785,California
Modoc,2021-03-05,3,2967,3,367,0,2600,0,0,2,607,1,1180,2,1787,California
Modoc,2021-03-06,11,2978,0,367,1,2601,10,10,1,608,10,1190,11,1798,California
Modoc,2021-03-07,8,2986,2,369,0,2601,6,16,2,610,6,1196,8,1806,California
Modoc,2021-03-08,8,2994,1,370,3,2604,4,20,1,609,6,1202,5,1811,California
Modoc,2021-03-09,127,3121,10,380,108,2712,9,29,61,613,66,1268,70,1881,California
Modoc,2021-03-10,9,3130,3,383,2,2714,4,33,4,616,5,1273,8,1889,California
Modoc,2021-03-11,207,3337,0,383,99,2813,108,141,22,561,185,1458,130,2019,California
Modoc,2021-03-12,10,3347,1,384,4,2817,5,146,4,564,6,1464,9,2028,California
Modoc,2021-03-13,4,3351,0,384,1,2818,3,149,1,565,3,1467,4,2032,California
Modoc,2021-03-15,12,3363,1,385,10,2828,1,150,10,574,2,1469,11,2043,California
Modoc,2021-03-16,173,3536,1,386,168,2996,4,154,42,488,131,1600,45,2088,California
Modoc,2021-03-17,10,3546,1,387,4,3000,5,159,2,487,8,1608,7,2095,California
Modoc,2021-03-18,66,3612,2,389,57,3057,7,166,34,496,32,1640,41,2136,California
Modoc,2021-03-19,5,3617,0,389,0,3057,5,171,0,496,5,1645,5,2141,California
Modoc,2021-03-20,5,3622,2,391,0,3057,3,174,0,494,5,1650,3,2144,California
Modoc,2021-03-21,3,3625,1,392,0,3057,2,176,1,495,2,1652,3,2147,California
Modoc,2021-03-22,17,3642,1,393,11,3068,5,181,12,507,5,1657,17,2164,California
Modoc,2021-03-23,37,3679,7,400,27,3095,3,184,28,529,9,1666,31,2195,California
Modoc,2021-03-24,29,3708,1,401,18,3113,10,194,1,512,28,1694,11,2206,California
Modoc,2021-03-25,77,3785,1,402,74,3187,2,196,45,527,32,1726,47,2253,California
Modoc,2021-03-26,7,3792,2,404,2,3189,3,199,2,527,5,1731,5,2258,California
Modoc,2021-03-27,2,3794,0,404,1,3190,1,200,1,528,1,1732,2,2260,California
Modoc,2021-03-28,2,3796,1,405,0,3190,1,201,0,527,2,1734,1,2261,California
Modoc,2021-03-29,14,3810,1,406,5,3195,8,209,5,531,9,1743,13,2274,California
Modoc,2021-03-30,54,3864,9,415,38,3233,7,216,20,524,34,1777,27,2301,California
Modoc,2021-03-31,10,3874,3,418,3,3236,4,220,4,526,6,1783,8,2309,California
Modoc,2021-04-01,167,4041,2,420,160,3396,5,225,32,428,135,1918,37,2346,California
Modoc,2021-04-02,5,4046,0,420,2,3398,3,228,1,429,3,1921,4,2350,California
Modoc,2021-04-03,5,4051,2,422,0,3398,3,231,2,431,2,1923,4,2354,California
Modoc,2021-04-05,9,4060,0,422,9,3407,0,231,9,440,0,1923,9,2363,California
Modoc,2021-04-06,24,4084,5,427,9,3416,10,241,6,438,18,1941,16,2379,California
Modoc,2021-04-07,12,4096,1,428,4,3420,7,248,3,439,9,1950,10,2389,California
Modoc,2021-04-08,95,4191,1,429,92,3512,2,250,26,398,69,2019,28,2417,California
Modoc,2021-04-09,11,4202,2,431,6,3518,3,253,2,393,9,2028,4,2421,California
Modoc,2021-04-10,5,4207,0,431,1,3519,4,257,0,392,5,2033,4,2425,California
Modoc,2021-04-11,2,4209,2,433,0,3519,0,257,1,392,1,2034,1,2426,California
Modoc,2021-04-12,14,4223,0,433,10,3529,4,261,1,386,11,2045,5,2431,California
Modoc,2021-04-13,30,4253,29,462,1,3530,0,261,21,398,9,2054,21,2452,California
Modoc,2021-04-14,2,4255,2,464,0,3530,0,261,1,398,1,2055,1,2453,California
Modoc,2021-04-15,100,4355,0,464,100,3630,0,261,27,353,72,2127,27,2480,California
Modoc,2021-04-16,4,4359,4,468,0,3630,0,261,3,355,1,2128,3,2483,California
Modoc,2021-04-17,2,4361,2,470,0,3630,0,261,2,357,0,2128,2,2485,California
Modoc,2021-04-18,1,4362,0,470,1,3631,0,261,1,358,0,2128,1,2486,California
Modoc,2021-04-19,7,4369,0,470,7,3638,0,261,2,355,5,2133,2,2488,California
Modoc,2021-04-20,26,4395,2,472,24,3662,0,261,8,345,18,2151,8,2496,California
Modoc,2021-04-21,3,4398,3,475,0,3662,0,261,1,344,2,2153,1,2497,California
Modoc,2021-04-22,95,4493,1,476,94,3756,0,261,38,325,57,2210,38,2535,California
Modoc,2021-04-23,4,4497,0,476,4,3760,0,261,3,327,1,2211,3,2538,California
Modoc,2021-04-24,2,4499,0,476,1,3761,1,262,1,328,1,2212,2,2540,California
Modoc,2021-04-25,1,4500,1,477,0,3761,0,262,1,329,0,2212,1,2541,California
Modoc,2021-04-26,7,4507,0,477,7,3768,0,262,2,326,5,2217,2,2543,California
Modoc,2021-04-27,5,4512,4,481,0,3768,1,263,0,322,5,2222,1,2544,California
Modoc,2021-04-28,7,4519,1,482,5,3773,1,264,2,320,5,2227,3,2547,California
Modoc,2021-04-29,63,4582,2,484,61,3834,0,264,22,301,41,2268,22,2569,California
Modoc,2021-04-30,4,4586,3,487,1,3835,0,264,2,301,2,2270,2,2571,California
Modoc,2021-05-01,1,4587,1,488,0,3835,0,264,0,300,1,2271,0,2571,California
Modoc,2021-05-02,4,4591,3,491,1,3836,0,264,3,302,1,2272,3,2574,California
Modoc,2021-05-03,11,4602,0,491,10,3846,1,265,1,294,10,2282,2,2576,California
Modoc,2021-05-04,11,4613,3,494,6,3852,2,267,5,295,6,2288,7,2583,California
Modoc,2021-05-05,27,4640,24,518,2,3854,1,268,8,285,19,2307,9,2592,California
Modoc,2021-05-06,54,4694,3,521,49,3903,2,270,21,275,33,2340,23,2615,California
Modoc,2021-05-07,8,4702,3,524,3,3906,2,272,2,273,6,2346,4,2619,California
Modoc,2021-05-08,3,4705,2,526,0,3906,1,273,1,273,2,2348,2,2621,California
Modoc,2021-05-09,1,4706,1,527,0,3906,0,273,0,272,1,2349,0,2621,California
Modoc,2021-05-10,2,4708,0,527,1,3907,1,274,1,273,1,2350,2,2623,California
Modoc,2021-05-11,3,4711,2,529,0,3907,1,275,0,271,3,2353,1,2624,California
Modoc,2021-05-12,2,4713,0,529,0,3907,2,277,0,271,2,2355,2,2626,California
Modoc,2021-05-13,42,4755,0,529,38,3945,4,281,14,261,28,2383,18,2644,California
Modoc,2021-05-14,8,4763,3,532,0,3945,5,286,3,264,5,2388,8,2652,California
Modoc,2021-05-15,4,4767,3,535,1,3946,0,286,4,268,0,2388,4,2656,California
Modoc,2021-05-16,3,4770,1,536,2,3948,0,286,1,267,2,2390,1,2657,California
Modoc,2021-05-17,5,4775,3,539,2,3950,0,286,4,270,1,2391,4,2661,California
Modoc,2021-05-18,23,4798,12,551,9,3959,2,288,14,277,9,2400,16,2677,California
Modoc,2021-05-19,9,4807,2,553,3,3962,4,292,5,282,4,2404,9,2686,California
Modoc,2021-05-20,59,4866,3,556,47,4009,9,301,8,248,51,2455,17,2703,California
Modoc,2021-05-21,6,4872,4,560,1,4010,1,302,1,245,5,2460,2,2705,California
Modoc,2021-05-22,2,4874,2,562,0,4010,0,302,1,245,1,2461,1,2706,California
Modoc,2021-05-23,2,4876,2,564,0,4010,0,302,0,243,2,2463,0,2706,California
Modoc,2021-05-24,4,4880,1,565,1,4011,2,304,2,245,2,2465,4,2710,California
Modoc,2021-05-25,2,4882,1,566,1,4012,0,304,1,245,1,2466,1,2711,California
Modoc,2021-05-26,35,4917,32,598,3,4015,0,304,25,261,10,2476,26,2737,California
Modoc,2021-05-27,28,4945,1,599,22,4037,5,309,6,250,22,2498,11,2748,California
Modoc,2021-05-28,8,4953,1,600,4,4041,3,312,3,251,5,2503,6,2754,California
Modoc,2021-05-29,1,4954,1,601,0,4041,0,312,0,250,1,2504,0,2754,California
Modoc,2021-06-01,7,4961,0,601,6,4047,1,313,2,248,5,2509,3,2757,California
Modoc,2021-06-02,7,4968,0,601,5,4052,2,315,4,251,3,2512,6,2763,California
Modoc,2021-06-03,25,4993,1,602,22,4074,2,317,4,236,21,2533,6,2769,California
Modoc,2021-06-04,5,4998,3,605,1,4075,1,318,0,232,5,2538,1,2770,California
Modoc,2021-06-05,1,4999,0,605,1,4076,0,318,0,231,1,2539,0,2770,California
Modoc,2021-06-07,4,5003,4,609,0,4076,0,318,1,229,3,2542,1,2771,California
Modoc,2021-06-08,26,5029,7,616,18,4094,1,319,19,242,7,2549,20,2791,California
Modoc,2021-06-09,3,5032,2,618,1,4095,0,319,2,243,1,2550,2,2793,California
Modoc,2021-06-10,21,5053,1,619,19,4114,1,320,7,237,14,2564,8,2801,California
Modoc,2021-06-11,5,5058,3,622,1,4115,1,321,2,237,3,2567,3,2804,California
Modoc,2021-06-12,2,5060,1,623,1,4116,0,321,0,235,2,2569,0,2804,California
Modoc,2021-06-14,4,5064,0,623,2,4118,2,323,0,233,4,2573,2,2806,California
Modoc,2021-06-15,6,5070,0,623,4,4122,2,325,3,235,3,2576,5,2811,California
Modoc,2021-06-16,41,5111,25,648,11,4133,5,330,22,245,19,2595,29,2840,California
Modoc,2021-06-17,46,5157,20,668,25,4158,1,331,27,254,19,2614,28,2868,California
Modoc,2021-06-18,3,5160,0,668,1,4159,2,333,1,255,2,2616,3,2871,California
Modoc,2021-06-19,3,5163,0,668,1,4160,2,335,1,256,2,2618,3,2874,California
Modoc,2021-06-22,7,5170,0,668,7,4167,0,335,5,259,2,2620,5,2879,California
Modoc,2021-06-23,4,5174,0,668,3,4170,1,336,1,258,3,2623,2,2881,California
Modoc,2021-06-24,31,5205,14,682,14,4184,3,339,22,274,9,2632,25,2906,California
Modoc,2021-06-25,2,5207,0,682,0,4184,2,341,0,274,2,2634,2,2908,California
Mono,2020-12-18,1,1,1,1,0,0,0,0,1,1,0,0,1,1,California
Mono,2020-12-19,5,6,5,6,0,0,0,0,5,6,0,0,5,6,California
Mono,2020-12-20,7,13,7,13,0,0,0,0,7,13,0,0,7,13,California
Mono,2020-12-21,24,37,17,30,7,7,0,0,24,37,0,0,24,37,California
Mono,2020-12-22,66,103,65,95,1,8,0,0,66,103,0,0,66,103,California
Mono,2020-12-23,71,174,43,138,28,36,0,0,71,174,0,0,71,174,California
Mono,2020-12-24,3,177,1,139,2,38,0,0,3,177,0,0,3,177,California
Mono,2020-12-26,3,180,3,142,0,38,0,0,3,180,0,0,3,180,California
Mono,2020-12-27,1,181,0,142,1,39,0,0,1,181,0,0,1,181,California
Mono,2020-12-28,94,275,63,205,31,70,0,0,94,275,0,0,94,275,California
Mono,2020-12-29,29,304,29,234,0,70,0,0,29,304,0,0,29,304,California
Mono,2020-12-30,77,381,36,270,41,111,0,0,77,381,0,0,77,381,California
Mono,2020-12-31,4,385,1,271,3,114,0,0,4,385,0,0,4,385,California
Mono,2021-01-01,4,389,4,275,0,114,0,0,4,389,0,0,4,389,California
Mono,2021-01-02,2,391,2,277,0,114,0,0,2,391,0,0,2,391,California
Mono,2021-01-04,2,393,0,277,2,116,0,0,2,393,0,0,2,393,California
Mono,2021-01-05,45,438,2,279,43,159,0,0,44,436,1,1,44,437,California
Mono,2021-01-06,44,482,0,279,44,203,0,0,44,480,0,1,44,481,California
Mono,2021-01-07,55,537,3,282,52,255,0,0,53,532,2,3,54,535,California
Mono,2021-01-08,2,539,1,283,1,256,0,0,1,532,1,4,1,536,California
Mono,2021-01-09,4,543,4,287,0,256,0,0,0,528,4,8,0,536,California
Mono,2021-01-10,5,548,5,292,0,256,0,0,0,523,5,13,0,536,California
Mono,2021-01-11,8,556,5,297,3,259,0,0,4,523,4,17,4,540,California
Mono,2021-01-12,283,839,75,372,208,467,0,0,219,679,63,80,219,759,California
Mono,2021-01-13,234,1073,73,445,161,628,0,0,179,803,55,135,179,938,California
Mono,2021-01-14,74,1147,72,517,2,630,0,0,73,875,1,136,73,1011,California
Mono,2021-01-15,65,1212,3,520,62,692,0,0,65,940,0,136,65,1076,California
Mono,2021-01-16,4,1216,3,523,1,693,0,0,1,938,3,139,1,1077,California
Mono,2021-01-18,64,1280,55,578,9,702,0,0,2,878,62,201,2,1079,California
Mono,2021-01-19,211,1491,208,786,3,705,0,0,173,1014,38,239,174,1253,California
Mono,2021-01-20,234,1725,200,986,34,739,0,0,172,1124,62,301,172,1425,California
Mono,2021-01-21,4,1729,4,990,0,739,0,0,4,1128,0,301,4,1429,California
Mono,2021-01-22,4,1733,0,990,4,743,0,0,4,1132,0,301,4,1433,California
Mono,2021-01-23,591,2324,591,1581,0,743,0,0,590,1721,1,302,590,2023,California
Mono,2021-01-24,1,2325,0,1581,1,744,0,0,0,1720,1,303,0,2023,California
Mono,2021-01-25,200,2525,162,1743,38,782,0,0,161,1842,39,342,161,2184,California
Mono,2021-01-26,501,3026,499,2242,2,784,0,0,495,2331,6,348,495,2679,California
Mono,2021-01-27,4,3030,0,2242,4,788,0,0,4,2335,0,348,4,2683,California
Mono,2021-01-28,6,3036,2,2244,4,792,0,0,2,2333,4,352,2,2685,California
Mono,2021-01-30,199,3235,197,2441,2,794,0,0,198,2530,1,353,198,2883,California
Mono,2021-01-31,242,3477,137,2578,105,899,0,0,138,2564,104,457,138,3021,California
Mono,2021-02-01,27,3504,27,2605,0,899,0,0,0,2537,27,484,0,3021,California
Mono,2021-02-02,5,3509,0,2605,5,904,0,0,2,2536,3,487,2,3023,California
Mono,2021-02-03,4,3513,2,2607,2,906,0,0,2,2536,2,489,2,3025,California
Mono,2021-02-04,214,3727,159,2766,55,961,0,0,91,2506,121,610,91,3116,California
Mono,2021-02-05,612,4339,606,3372,6,967,0,0,609,3112,3,613,609,3725,California
Mono,2021-02-06,135,4474,134,3506,1,968,0,0,134,3245,1,614,134,3859,California
Mono,2021-02-07,2,4476,0,3506,2,970,0,0,2,3247,0,614,2,3861,California
Mono,2021-02-08,172,4648,172,3678,0,970,0,0,15,3106,156,770,15,3876,California
Mono,2021-02-09,230,4878,6,3684,224,1194,0,0,14,2904,216,986,14,3890,California
Mono,2021-02-10,541,5419,187,3871,354,1548,0,0,198,2760,343,1329,199,4089,California
Mono,2021-02-11,8,5427,5,3876,3,1551,0,0,3,2758,5,1334,3,4092,California
Mono,2021-02-12,89,5516,21,3897,68,1619,0,0,27,2723,62,1396,27,4119,California
Mono,2021-02-13,584,6100,584,4481,0,1619,0,0,24,2188,559,1955,24,4143,California
Mono,2021-02-15,167,6267,165,4646,2,1621,0,0,2,2027,163,2118,2,4145,California
Mono,2021-02-16,519,6786,515,5161,4,1625,0,0,45,1602,471,2589,46,4191,California
Mono,2021-02-17,6,6792,1,5162,5,1630,0,0,2,1600,4,2593,2,4193,California
Mono,2021-02-18,4,6796,2,5164,2,1632,0,0,3,1602,1,2594,3,4196,California
Mono,2021-02-19,55,6851,54,5218,1,1633,0,0,55,1657,0,2594,55,4251,California
Mono,2021-02-20,4,6855,4,5222,0,1633,0,0,4,1661,0,2594,4,4255,California
Mono,2021-02-21,6,6861,6,5228,0,1633,0,0,4,1663,2,2596,4,4259,California
Mono,2021-02-22,282,7143,281,5509,1,1634,0,0,24,1430,257,2853,24,4283,California
Mono,2021-02-23,138,7281,118,5627,20,1654,0,0,23,1338,115,2968,23,4306,California
Mono,2021-02-24,11,7292,3,5630,8,1662,0,0,4,1335,7,2975,4,4310,California
Mono,2021-02-25,5,7297,2,5632,3,1665,0,0,3,1337,1,2976,3,4313,California
Mono,2021-02-26,595,7892,593,6225,2,1667,0,0,21,785,573,3549,21,4334,California
Mono,2021-02-27,138,8030,134,6359,4,1671,0,0,4,657,132,3681,4,4338,California
Mono,2021-02-28,1,8031,0,6359,0,1671,1,1,0,657,1,3682,1,4339,California
Mono,2021-03-01,3,8034,2,6361,1,1672,0,1,2,659,0,3682,2,4341,California
Mono,2021-03-02,6,8040,4,6365,2,1674,0,1,4,661,2,3684,4,4345,California
Mono,2021-03-03,114,8154,3,6368,111,1785,0,1,110,768,3,3687,110,4455,California
Mono,2021-03-04,6,8160,2,6370,4,1789,0,1,3,768,3,3690,3,4458,California
Mono,2021-03-05,38,8198,28,6398,10,1799,0,1,14,758,24,3714,14,4472,California
Mono,2021-03-06,506,8704,18,6416,488,2287,0,1,497,1249,7,3721,498,4970,California
Mono,2021-03-07,1,8705,0,6416,1,2288,0,1,0,1248,1,3722,0,4970,California
Mono,2021-03-08,532,9237,11,6427,518,2806,3,4,522,1763,10,3732,525,5495,California
Mono,2021-03-09,6,9243,2,6429,3,2809,1,5,3,1765,2,3734,4,5499,California
Mono,2021-03-10,287,9530,91,6520,193,3002,3,8,8,1500,276,4010,11,5510,California
Mono,2021-03-11,10,9540,0,6520,1,3003,9,17,0,1499,10,4020,9,5519,California
Mono,2021-03-12,6,9546,1,6521,1,3004,4,21,0,1497,6,4026,4,5523,California
Mono,2021-03-13,820,10366,384,6905,436,3440,0,21,812,2301,8,4034,812,6335,California
Mono,2021-03-14,5,10371,5,6910,0,3440,0,21,1,2298,4,4038,1,6336,California
Mono,2021-03-15,31,10402,23,6933,3,3443,5,26,14,2301,16,4054,19,6355,California
Mono,2021-03-16,16,10418,6,6939,4,3447,6,32,8,2307,8,4062,14,6369,California
Mono,2021-03-17,33,10451,5,6944,20,3467,8,40,21,2324,12,4074,29,6398,California
Mono,2021-03-18,21,10472,2,6946,11,3478,8,48,8,2327,13,4087,16,6414,California
Mono,2021-03-19,21,10493,1,6947,17,3495,3,51,17,2344,3,4090,20,6434,California
Mono,2021-03-20,5,10498,3,6950,1,3496,1,52,4,2348,1,4091,5,6439,California
Mono,2021-03-21,1,10499,1,6951,0,3496,0,52,1,2349,0,4091,1,6440,California
Mono,2021-03-22,11,10510,0,6951,6,3502,5,57,5,2353,6,4097,10,6450,California
Mono,2021-03-23,43,10553,6,6957,32,3534,5,62,17,2349,26,4123,22,6472,California
Mono,2021-03-24,14,10567,1,6958,8,3542,5,67,5,2351,9,4132,11,6483,California
Mono,2021-03-25,19,10586,3,6961,12,3554,4,71,12,2360,7,4139,16,6499,California
Mono,2021-03-26,19,10605,3,6964,11,3565,5,76,10,2367,8,4147,15,6514,California
Mono,2021-03-27,352,10957,349,7313,3,3568,0,76,325,2665,27,4174,325,6839,California
Mono,2021-03-29,10,10967,3,7316,6,3574,1,77,8,2672,2,4176,9,6848,California
Mono,2021-03-30,12,10979,0,7316,8,3582,4,81,7,2678,5,4181,11,6859,California
Mono,2021-03-31,135,11114,7,7323,127,3709,1,82,23,2591,111,4292,24,6883,California
Mono,2021-04-01,9,11123,0,7323,8,3717,1,83,4,2591,5,4297,5,6888,California
Mono,2021-04-02,18,11141,2,7325,16,3733,0,83,7,2587,11,4308,7,6895,California
Mono,2021-04-03,863,12004,371,7696,492,4225,0,83,48,1823,812,5120,48,6943,California
Mono,2021-04-04,1,12005,1,7697,0,4225,0,83,0,1822,1,5121,0,6943,California
Mono,2021-04-05,529,12534,18,7715,510,4735,1,84,35,1365,493,5614,36,6979,California
Mono,2021-04-06,19,12553,1,7716,5,4740,13,97,1,1361,18,5632,14,6993,California
Mono,2021-04-07,23,12576,2,7718,2,4742,19,116,2,1361,21,5653,21,7014,California
Mono,2021-04-08,26,12602,4,7722,3,4745,19,135,6,1366,20,5673,25,7039,California
Mono,2021-04-09,38,12640,4,7726,5,4750,29,164,8,1373,30,5703,37,7076,California
Mono,2021-04-10,451,13091,2,7728,442,5192,7,171,30,989,421,6124,37,7113,California
Mono,2021-04-11,1,13092,1,7729,0,5192,0,171,0,988,1,6125,0,7113,California
Mono,2021-04-12,6,13098,0,7729,3,5195,3,174,3,991,3,6128,6,7119,California
Mono,2021-04-13,20,13118,3,7732,16,5211,1,175,14,1000,6,6134,15,7134,California
Mono,2021-04-14,26,13144,2,7734,24,5235,0,175,8,990,18,6152,8,7142,California
Mono,2021-04-15,18,13162,4,7738,14,5249,0,175,10,992,8,6160,10,7152,California
Mono,2021-04-16,18,13180,1,7739,17,5266,0,175,7,988,11,6171,7,7159,California
Mono,2021-04-17,52,13232,2,7741,50,5316,0,175,45,1026,7,6178,45,7204,California
Mono,2021-04-18,1,13233,0,7741,1,5317,0,175,1,1027,0,6178,1,7205,California
Mono,2021-04-19,536,13769,328,8069,208,5525,0,175,202,897,332,6510,202,7407,California
Mono,2021-04-20,15,13784,2,8071,13,5538,0,175,10,902,5,6515,10,7417,California
Mono,2021-04-21,7,13791,0,8071,7,5545,0,175,2,899,5,6520,2,7419,California
Mono,2021-04-22,25,13816,11,8082,14,5559,0,175,11,896,14,6534,11,7430,California
Mono,2021-04-23,22,13838,2,8084,20,5579,0,175,12,898,10,6544,12,7442,California
Mono,2021-04-24,35,13873,21,8105,14,5593,0,175,20,903,15,6559,20,7462,California
Mono,2021-04-25,3,13876,2,8107,1,5594,0,175,3,906,0,6559,3,7465,California
Mono,2021-04-26,12,13888,2,8109,10,5604,0,175,3,900,9,6568,3,7468,California
Mono,2021-04-27,67,13955,41,8150,19,5623,7,182,51,942,16,6584,58,7526,California
Mono,2021-04-28,62,14017,40,8190,18,5641,4,186,48,982,12,6596,52,7578,California
Mono,2021-04-29,10,14027,3,8193,4,5645,3,189,3,981,7,6603,6,7584,California
Mono,2021-04-30,17,14044,3,8196,11,5656,3,192,8,983,9,6612,11,7595,California
Mono,2021-05-01,109,14153,5,8201,104,5760,0,192,96,1067,12,6624,96,7691,California
Mono,2021-05-02,1,14154,1,8202,0,5760,0,192,1,1068,0,6624,1,7692,California
Mono,2021-05-03,2,14156,1,8203,1,5761,0,192,1,1068,1,6625,1,7693,California
Mono,2021-05-04,20,14176,1,8204,13,5774,6,198,10,1074,10,6635,16,7709,California
Mono,2021-05-05,52,14228,8,8212,40,5814,4,202,45,1116,7,6642,49,7758,California
Mono,2021-05-06,16,14244,4,8216,11,5825,1,203,10,1121,6,6648,11,7769,California
Mono,2021-05-07,29,14273,22,8238,7,5832,0,203,25,1142,4,6652,25,7794,California
Mono,2021-05-08,53,14326,7,8245,46,5878,0,203,24,1137,29,6681,24,7818,California
Mono,2021-05-09,1,14327,1,8246,0,5878,0,203,0,1137,0,6681,0,7818,California
Mono,2021-05-10,17,14344,1,8247,12,5890,4,207,9,1142,8,6689,13,7831,California
Mono,2021-05-11,15,14359,2,8249,10,5900,3,210,5,1140,10,6699,8,7839,California
Mono,2021-05-12,12,14371,0,8249,11,5911,1,211,4,1137,8,6707,5,7844,California
Mono,2021-05-13,46,14417,31,8280,14,5925,1,212,37,1166,9,6716,38,7882,California
Mono,2021-05-14,11,14428,1,8281,9,5934,1,213,6,1168,5,6721,7,7889,California
Mono,2021-05-15,65,14493,24,8305,34,5968,7,220,18,1146,47,6768,25,7914,California
Mono,2021-05-16,6,14499,4,8309,1,5969,1,221,2,1145,4,6772,3,7917,California
Mono,2021-05-17,249,14748,34,8343,208,6177,7,228,54,1013,194,6966,62,7979,California
Mono,2021-05-18,134,14882,110,8453,23,6200,1,229,87,1055,47,7013,89,8068,California
Mono,2021-05-19,119,15001,112,8565,2,6202,5,234,76,1093,43,7056,81,8149,California
Mono,2021-05-20,71,15072,56,8621,10,6212,5,239,54,1135,17,7073,59,8208,California
Mono,2021-05-21,23,15095,4,8625,16,6228,3,242,10,1135,13,7086,13,8221,California
Mono,2021-05-22,21,15116,11,8636,8,6236,2,244,15,1146,6,7092,17,8238,California
Mono,2021-05-23,2,15118,0,8636,2,6238,0,244,1,1146,1,7093,1,8239,California
Mono,2021-05-24,16,15134,2,8638,13,6251,1,245,9,1150,7,7100,11,8250,California
Mono,2021-05-25,14,15148,5,8643,9,6260,0,245,7,1150,7,7107,7,8257,California
Mono,2021-05-26,18,15166,2,8645,15,6275,1,246,7,1147,11,7118,8,8265,California
Mono,2021-05-27,9,15175,0,8645,9,6284,0,246,6,1151,2,7120,6,8271,California
Mono,2021-05-28,41,15216,28,8673,13,6297,0,246,10,1130,31,7151,10,8281,California
Mono,2021-05-29,129,15345,27,8700,99,6396,3,249,32,1068,97,7248,35,8316,California
Mono,2021-06-01,16,15361,7,8707,9,6405,0,249,9,1070,7,7255,9,8325,California
Mono,2021-06-02,48,15409,4,8711,44,6449,0,249,11,1044,37,7292,11,8336,California
Mono,2021-06-03,11,15420,1,8712,7,6456,3,252,1,1038,10,7302,4,8340,California
Mono,2021-06-04,12,15432,1,8713,10,6466,1,253,3,1033,9,7311,4,8344,California
Mono,2021-06-05,44,15476,23,8736,21,6487,0,253,5,999,39,7350,5,8349,California
Mono,2021-06-06,1,15477,0,8736,1,6488,0,253,0,998,1,7351,0,8349,California
Mono,2021-06-07,99,15576,87,8823,8,6496,4,257,12,927,87,7438,16,8365,California
Mono,2021-06-08,113,15689,103,8926,8,6504,2,259,12,840,101,7539,14,8379,California
Mono,2021-06-09,7,15696,2,8928,5,6509,0,259,1,835,6,7545,1,8380,California
Mono,2021-06-10,6,15702,0,8928,4,6513,2,261,2,835,4,7549,4,8384,California
Mono,2021-06-11,73,15775,62,8990,6,6519,5,266,6,779,67,7616,11,8395,California
Mono,2021-06-12,1,15776,1,8991,0,6519,0,266,0,778,1,7617,0,8395,California
Mono,2021-06-13,1,15777,0,8991,1,6520,0,266,1,779,0,7617,1,8396,California
Mono,2021-06-14,63,15840,29,9020,28,6548,6,272,20,762,43,7660,26,8422,California
Mono,2021-06-15,7,15847,4,9024,3,6551,0,272,3,761,4,7664,3,8425,California
Mono,2021-06-16,13,15860,4,9028,9,6560,0,272,5,758,8,7672,5,8430,California
Mono,2021-06-17,6,15866,1,9029,3,6563,2,274,2,758,4,7676,4,8434,California
Mono,2021-06-18,5,15871,3,9032,1,6564,1,275,1,757,3,7679,2,8436,California
Mono,2021-06-19,3,15874,3,9035,0,6564,0,275,3,760,0,7679,3,8439,California
Mono,2021-06-20,1,15875,0,9035,1,6565,0,275,0,759,1,7680,0,8439,California
Mono,2021-06-21,14,15889,2,9037,10,6575,2,277,3,754,10,7690,5,8444,California
Mono,2021-06-22,12,15901,2,9039,9,6584,1,278,4,752,7,7697,5,8449,California
Mono,2021-06-23,12,15913,0,9039,6,6590,6,284,2,751,10,7707,9,8458,California
Mono,2021-06-24,7,15920,0,9039,5,6595,2,286,2,750,5,7712,4,8462,California
Mono,2021-06-25,32,15952,22,9061,10,6605,0,286,7,732,25,7737,7,8469,California
Monterey,2020-12-16,6,6,6,6,0,0,0,0,6,6,0,0,6,6,California
Monterey,2020-12-17,87,93,87,93,0,0,0,0,87,93,0,0,87,93,California
Monterey,2020-12-18,488,581,488,581,0,0,0,0,488,581,0,0,488,581,California
Monterey,2020-12-19,581,1162,580,1161,1,1,0,0,580,1161,0,0,580,1161,California
Monterey,2020-12-20,422,1584,422,1583,0,1,0,0,422,1583,0,0,422,1583,California
Monterey,2020-12-21,724,2308,724,2307,0,1,0,0,724,2307,0,0,724,2307,California
Monterey,2020-12-22,536,2844,523,2830,13,14,0,0,536,2843,0,0,536,2843,California
Monterey,2020-12-23,441,3285,265,3095,176,190,0,0,441,3284,0,0,441,3284,California
Monterey,2020-12-24,85,3370,11,3106,74,264,0,0,85,3369,0,0,85,3369,California
Monterey,2020-12-25,6,3376,0,3106,6,270,0,0,6,3375,0,0,6,3375,California
Monterey,2020-12-26,92,3468,5,3111,87,357,0,0,92,3467,0,0,92,3467,California
Monterey,2020-12-27,6,3474,3,3114,3,360,0,0,6,3473,0,0,6,3473,California
Monterey,2020-12-28,477,3951,25,3139,452,812,0,0,477,3950,0,0,477,3950,California
Monterey,2020-12-29,900,4851,167,3306,733,1545,0,0,900,4850,0,0,900,4850,California
Monterey,2020-12-30,567,5418,97,3403,470,2015,0,0,567,5417,0,0,567,5417,California
Monterey,2020-12-31,33,5451,11,3414,22,2037,0,0,33,5450,0,0,33,5450,California
Monterey,2021-01-01,13,5464,3,3417,10,2047,0,0,13,5463,0,0,13,5463,California
Monterey,2021-01-02,137,5601,134,3551,3,2050,0,0,137,5600,0,0,137,5600,California
Monterey,2021-01-03,30,5631,29,3580,1,2051,0,0,30,5630,0,0,30,5630,California
Monterey,2021-01-04,412,6043,19,3599,393,2444,0,0,412,6042,0,0,412,6042,California
Monterey,2021-01-05,758,6801,330,3929,428,2872,0,0,744,6772,14,14,744,6786,California
Monterey,2021-01-06,662,7463,175,4104,487,3359,0,0,638,7386,24,38,638,7424,California
Monterey,2021-01-07,753,8216,577,4681,176,3535,0,0,425,7485,326,364,425,7849,California
Monterey,2021-01-08,1093,9309,737,5418,356,3891,0,0,395,7182,698,1062,395,8244,California
Monterey,2021-01-09,963,10272,933,6351,30,3921,0,0,311,6843,650,1712,311,8555,California
Monterey,2021-01-10,272,10544,270,6621,2,3923,0,0,8,6587,264,1976,8,8563,California
Monterey,2021-01-11,1069,11613,987,7608,82,4005,0,0,365,6248,704,2680,365,8928,California
Monterey,2021-01-12,474,12087,395,8003,79,4084,0,0,210,6194,264,2944,210,9138,California
Monterey,2021-01-13,1221,13308,595,8598,626,4710,0,0,1175,7323,46,2990,1175,10313,California
Monterey,2021-01-14,1125,14433,171,8769,954,5664,0,0,1104,8410,21,3011,1108,11421,California
Monterey,2021-01-15,1053,15486,46,8815,1007,6671,0,0,1041,9439,12,3023,1041,12462,California
Monterey,2021-01-16,364,15850,300,9115,64,6735,0,0,359,9793,5,3028,359,12821,California
Monterey,2021-01-17,313,16163,293,9408,20,6755,0,0,301,10082,12,3040,301,13122,California
Monterey,2021-01-18,398,16561,48,9456,350,7105,0,0,376,10436,22,3062,376,13498,California
Monterey,2021-01-19,582,17143,397,9853,185,7290,0,0,422,10700,158,3220,422,13920,California
Monterey,2021-01-20,543,17686,269,10122,274,7564,0,0,334,10825,209,3429,334,14254,California
Monterey,2021-01-21,849,18535,93,10215,756,8320,0,0,739,11458,110,3539,743,14997,California
Monterey,2021-01-22,1064,19599,196,10411,868,9188,0,0,1023,12440,41,3580,1023,16020,California
Monterey,2021-01-23,244,19843,175,10586,69,9257,0,0,120,12439,123,3703,122,16142,California
Monterey,2021-01-24,61,19904,38,10624,23,9280,0,0,27,12432,34,3737,27,16169,California
Monterey,2021-01-25,801,20705,176,10800,625,9905,0,0,175,11988,619,4356,175,16344,California
Monterey,2021-01-26,951,21656,232,11032,719,10624,0,0,251,11539,700,5056,251,16595,California
Monterey,2021-01-27,849,22505,296,11328,553,11177,0,0,369,11428,480,5536,369,16964,California
Monterey,2021-01-28,2032,24537,741,12069,1291,12468,0,0,1688,12774,344,5880,1690,18654,California
Monterey,2021-01-29,1279,25816,713,12782,566,13034,0,0,1161,13819,117,5997,1162,19816,California
Monterey,2021-01-30,464,26280,295,13077,169,13203,0,0,208,13771,256,6253,208,20024,California
Monterey,2021-01-31,496,26776,74,13151,422,13625,0,0,485,14246,11,6264,486,20510,California
Monterey,2021-02-01,1648,28424,1133,14284,515,14140,0,0,1081,14761,566,6830,1081,21591,California
Monterey,2021-02-02,2186,30610,477,14761,1709,15849,0,0,1574,15724,611,7441,1574,23165,California
Monterey,2021-02-03,2342,32952,1049,15810,1293,17142,0,0,1565,16516,773,8214,1565,24730,California
Monterey,2021-02-04,2818,35770,2101,17911,717,17859,0,0,2504,18710,310,8524,2504,27234,California
Monterey,2021-02-05,3675,39445,2828,20739,847,18706,0,0,3233,21506,437,8961,3233,30467,California
Monterey,2021-02-06,1099,40544,379,21118,720,19426,0,0,754,21918,342,9303,754,31221,California
Monterey,2021-02-07,317,40861,272,21390,45,19471,0,0,97,21795,220,9523,97,31318,California
Monterey,2021-02-08,520,41381,291,21681,229,19700,0,0,430,22135,90,9613,430,31748,California
Monterey,2021-02-09,876,42257,682,22363,194,19894,0,0,564,22389,312,9925,566,32314,California
Monterey,2021-02-10,2089,44346,1108,23471,981,20875,0,0,1236,22775,852,10777,1238,33552,California
Monterey,2021-02-11,2518,46864,976,24447,1542,22417,0,0,1555,23371,961,11738,1557,35109,California
Monterey,2021-02-12,2619,49483,444,24891,2175,24592,0,0,1531,23816,1087,12825,1532,36641,California
Monterey,2021-02-13,1074,50557,50,24941,1024,25616,0,0,985,24713,88,12913,985,37626,California
Monterey,2021-02-14,598,51155,74,25015,524,26140,0,0,525,25165,73,12986,525,38151,California
Monterey,2021-02-15,1387,52542,167,25182,1220,27360,0,0,991,25763,394,13380,992,39143,California
Monterey,2021-02-16,1097,53639,248,25430,849,28209,0,0,871,26408,226,13606,871,40014,California
Monterey,2021-02-17,1965,55604,1177,26607,788,28997,0,0,1652,27750,312,13918,1654,41668,California
Monterey,2021-02-18,2239,57843,1181,27788,1058,30055,0,0,910,27347,1315,15233,912,42580,California
Monterey,2021-02-19,2948,60791,1540,29328,1408,31463,0,0,1345,27092,1602,16835,1347,43927,California
Monterey,2021-02-20,1016,61807,613,29941,403,31866,0,0,957,27992,58,16893,958,44885,California
Monterey,2021-02-21,1254,63061,1226,31167,28,31894,0,0,1183,29107,69,16962,1184,46069,California
Monterey,2021-02-22,1002,64063,853,32020,149,32043,0,0,645,29397,355,17317,645,46714,California
Monterey,2021-02-23,972,65035,625,32645,347,32390,0,0,306,29039,665,17982,307,47021,California
Monterey,2021-02-24,2472,67507,1317,33962,1155,33545,0,0,1855,30283,612,18594,1856,48877,California
Monterey,2021-02-25,4414,71921,2420,36382,1994,35539,0,0,1476,28830,2931,21525,1478,50355,California
Monterey,2021-02-26,5298,77219,3087,39469,2211,37750,0,0,2629,28794,2666,24191,2630,52985,California
Monterey,2021-02-27,1025,78244,187,39656,838,38588,0,0,816,29406,204,24395,816,53801,California
Monterey,2021-02-28,1534,79778,85,39741,1448,40036,1,1,1067,30012,462,24857,1068,54869,California
Monterey,2021-03-01,1295,81073,143,39884,1149,41185,3,4,753,30232,536,25393,756,55625,California
Monterey,2021-03-02,2815,83888,1732,41616,1083,42268,0,4,1953,31327,858,26251,1953,57578,California
Monterey,2021-03-03,3219,87107,1246,42862,1973,44241,0,4,1280,30672,1936,28187,1281,58859,California
Monterey,2021-03-04,4577,91684,1474,44336,3103,47344,0,4,2947,31996,1625,29812,2949,61808,California
Monterey,2021-03-05,3679,95363,1624,45960,1777,49121,278,282,3006,34608,672,30484,3284,65092,California
Monterey,2021-03-06,5065,100428,1070,47030,3691,52812,304,586,4160,38169,902,31386,4463,69555,California
Monterey,2021-03-07,521,100949,107,47137,168,52980,246,832,232,38356,289,31675,476,70031,California
Monterey,2021-03-08,1673,102622,329,47466,956,53936,388,1220,1127,39322,546,32221,1512,71543,California
Monterey,2021-03-09,1990,104612,699,48165,1016,54952,275,1495,1487,40580,502,32723,1760,73303,California
Monterey,2021-03-10,3184,107796,1030,49195,1666,56618,488,1983,1467,40821,1711,34434,1952,75255,California
Monterey,2021-03-11,4170,111966,1412,50607,2383,59001,375,2358,2396,41826,1766,36200,2771,78026,California
Monterey,2021-03-12,4423,116389,2044,52651,2244,61245,135,2493,2727,42994,1693,37893,2861,80887,California
Monterey,2021-03-13,5303,121692,961,53612,3995,65240,347,2840,3979,45997,1323,39216,4326,85213,California
Monterey,2021-03-14,2162,123854,1331,54943,806,66046,25,2865,572,45015,1579,40795,597,85810,California
Monterey,2021-03-15,3987,127841,1273,56216,2411,68457,303,3168,2277,45890,1706,42501,2581,88391,California
Monterey,2021-03-16,3547,131388,593,56809,2563,71020,391,3559,2117,46966,1428,43929,2504,90895,California
Monterey,2021-03-17,5815,137203,2360,59169,3198,74218,257,3816,4204,49827,1605,45534,4466,95361,California
Monterey,2021-03-18,4469,141672,2168,61337,2132,76350,169,3985,3106,51781,1358,46892,3312,98673,California
Monterey,2021-03-19,5504,147176,2576,63913,2782,79132,146,4131,4219,54866,1280,48172,4365,103038,California
Monterey,2021-03-20,3371,150547,424,64337,2254,81386,693,4824,2282,56756,1085,49257,2975,106013,California
Monterey,2021-03-21,643,151190,216,64553,418,81804,9,4833,571,57265,70,49327,579,106592,California
Monterey,2021-03-22,2500,153690,1443,65996,994,82798,63,4896,2286,59401,211,49538,2347,108939,California
Monterey,2021-03-23,4024,157714,2357,68353,1624,84422,43,4939,2556,60537,1463,51001,2599,111538,California
Monterey,2021-03-24,5121,162835,2120,70473,2682,87104,319,5258,3746,63228,1370,52371,4061,115599,California
Monterey,2021-03-25,5335,168170,1232,71705,3744,90848,359,5617,2690,63641,2637,55008,3050,118649,California
Monterey,2021-03-26,5446,173616,2611,74316,2757,93605,78,5695,2786,63858,2649,57657,2866,121515,California
Monterey,2021-03-27,4854,178470,1453,75769,3146,96751,255,5950,3127,65518,1724,59381,3384,124899,California
Monterey,2021-03-28,1125,179595,347,76116,769,97520,9,5959,630,65669,488,59869,639,125538,California
Monterey,2021-03-29,3237,182832,1422,77538,1801,99321,14,5973,2011,66481,1218,61087,2030,127568,California
Monterey,2021-03-30,4522,187354,2142,79680,2334,101655,46,6019,2777,67573,1734,62821,2826,130394,California
Monterey,2021-03-31,5434,192788,2422,82102,2215,103870,797,6816,3448,69826,1983,64804,4236,134630,California
Monterey,2021-04-01,6148,198936,2059,84161,3676,107546,413,7229,3109,70318,3024,67828,3516,138146,California
Monterey,2021-04-02,4709,203645,2188,86349,2457,110003,64,7293,3166,72010,1541,69369,3233,141379,California
Monterey,2021-04-03,5942,209587,1119,87468,3777,113780,1046,8339,1233,69581,4700,74069,2271,143650,California
Monterey,2021-04-04,769,210356,157,87625,597,114377,15,8354,497,69823,272,74341,514,144164,California
Monterey,2021-04-05,4038,214394,2495,90120,1306,115683,237,8591,1504,69033,2529,76870,1739,145903,California
Monterey,2021-04-06,3447,217841,1353,91473,1621,117304,473,9064,1184,68428,2259,79129,1654,147557,California
Monterey,2021-04-07,5650,223491,1392,92865,3740,121044,518,9582,2709,68720,2930,82059,3222,150779,California
Monterey,2021-04-08,6695,230186,3513,96378,2371,123415,811,10393,3303,69448,3387,85446,4115,154894,California
Monterey,2021-04-09,5766,235952,3434,99812,1691,125106,641,11034,2292,68906,3471,88917,2929,157823,California
Monterey,2021-04-10,10289,246241,4962,104774,3121,128227,2206,13240,4996,70823,5281,94198,7198,165021,California
Monterey,2021-04-11,5515,251756,4336,109110,570,128797,609,13849,4464,74845,1045,95243,5067,170088,California
Monterey,2021-04-12,4150,255906,1882,110992,1952,130749,316,14165,958,73065,3053,98296,1273,171361,California
Monterey,2021-04-13,3227,259133,744,111736,2477,133226,6,14171,1552,72968,1657,99953,1560,172921,California
Monterey,2021-04-14,6850,265983,3185,114921,3662,136888,3,14174,1863,69870,4965,104918,1867,174788,California
Monterey,2021-04-15,5921,271904,3910,118831,2011,138899,0,14174,3886,71753,2004,106922,3887,178675,California
Monterey,2021-04-16,4858,276762,2410,121241,2435,141334,13,14187,2217,71362,2622,109544,2231,180906,California
Monterey,2021-04-17,5858,282620,1400,122641,4458,145792,0,14187,3798,73117,2044,111588,3799,184705,California
Monterey,2021-04-18,883,283503,291,122932,592,146384,0,14187,257,72752,622,112210,257,184962,California
Monterey,2021-04-19,3621,287124,1156,124088,2465,148849,0,14187,1648,72440,1960,114170,1648,186610,California
Monterey,2021-04-20,3841,290965,1544,125632,2297,151146,0,14187,1524,71671,2294,116464,1525,188135,California
Monterey,2021-04-21,6079,297044,3271,128903,2808,153954,0,14187,2934,71501,3106,119570,2936,191071,California
Monterey,2021-04-22,4895,301939,1067,129970,3828,157782,0,14187,1996,70642,2855,122425,1996,193067,California
Monterey,2021-04-23,5716,307655,2681,132651,3034,160816,1,14188,2257,69466,3439,125864,2263,195330,California
Monterey,2021-04-24,4285,311940,583,133234,3702,164518,0,14188,1544,68286,2724,128588,1544,196874,California
Monterey,2021-04-25,1243,313183,607,133841,636,165154,0,14188,787,68627,446,129034,787,197661,California
Monterey,2021-04-26,3756,316939,2213,136054,1526,166680,17,14205,983,66879,2748,131782,1000,198661,California
Monterey,2021-04-27,2881,319820,943,136997,1798,168478,140,14345,1221,66583,1656,133438,1360,200021,California
Monterey,2021-04-28,3648,323468,1392,138389,2104,170582,152,14497,2239,67574,1395,134833,2386,202407,California
Monterey,2021-04-29,4546,328014,2433,140822,2037,172619,76,14573,1661,66440,2872,137705,1738,204145,California
Monterey,2021-04-30,3236,331250,1674,142496,1487,174106,75,14648,823,64932,2404,140109,896,205041,California
Monterey,2021-05-01,5642,336892,4235,146731,1367,175473,40,14688,684,60717,4937,145046,722,205763,California
Monterey,2021-05-02,4347,341239,3921,150652,399,175872,27,14715,301,57013,4032,149078,328,206091,California
Monterey,2021-05-03,2543,343782,1564,152216,865,176737,114,14829,582,55758,1951,151029,696,206787,California
Monterey,2021-05-04,1818,345600,620,152836,1108,177845,90,14919,655,55355,1149,152178,746,207533,California
Monterey,2021-05-05,3379,348979,1241,154077,2052,179897,86,15005,1071,54215,2298,154476,1158,208691,California
Monterey,2021-05-06,4176,353155,2746,156823,1213,181110,217,15222,1105,52480,3056,157532,1321,210012,California
Monterey,2021-05-07,1949,355104,937,157760,914,182024,98,15320,696,52028,1245,158777,793,210805,California
Monterey,2021-05-08,2600,357704,1371,159131,906,182930,323,15643,921,51604,1667,160444,1243,212048,California
Monterey,2021-05-09,393,358097,113,159244,253,183183,27,15670,128,51495,264,160708,155,212203,California
Monterey,2021-05-10,2788,360885,2048,161292,693,183876,47,15717,516,49798,2262,162970,565,212768,California
Monterey,2021-05-11,1840,362725,926,162218,836,184712,78,15795,743,49535,1085,164055,822,213590,California
Monterey,2021-05-12,3852,366577,2001,164219,1768,186480,83,15878,843,47467,2995,167050,927,214517,California
Monterey,2021-05-13,2666,369243,1590,165809,1022,187502,54,15932,1521,47906,1134,168184,1573,216090,California
Monterey,2021-05-14,1859,371102,574,166383,1185,188687,100,16032,730,47616,1120,169304,830,216920,California
Monterey,2021-05-15,3385,374487,824,167207,2296,190983,265,16297,954,46413,2418,171722,1215,218135,California
Monterey,2021-05-16,902,375389,551,167758,280,191263,71,16368,231,46049,665,172387,301,218436,California
Monterey,2021-05-17,2187,377576,1287,169045,823,192086,77,16445,1019,45989,1156,173543,1096,219532,California
Monterey,2021-05-18,1728,379304,663,169708,1021,193107,44,16489,782,45880,937,174480,828,220360,California
Monterey,2021-05-19,3602,382906,2335,172043,1176,194283,91,16580,1914,46204,1682,176162,2006,222366,California
Monterey,2021-05-20,2729,385635,929,172972,1690,195973,110,16690,896,45394,1819,177981,1009,223375,California
Monterey,2021-05-21,3264,388899,1313,174285,1860,197833,91,16781,1003,44248,2247,180228,1101,224476,California
Monterey,2021-05-22,2121,391020,723,175008,1118,198951,280,17061,801,44016,1311,181539,1079,225555,California
Monterey,2021-05-23,841,391861,487,175495,338,199289,16,17077,484,44164,352,181891,500,226055,California
Monterey,2021-05-24,1672,393533,498,175993,1114,200403,60,17137,542,43641,1126,183017,603,226658,California
Monterey,2021-05-25,1414,394947,530,176523,814,201217,70,17207,550,43411,850,183867,620,227278,California
Monterey,2021-05-26,2652,397599,1016,177539,1580,202797,56,17263,1000,42830,1638,185505,1057,228335,California
Monterey,2021-05-27,2482,400081,1360,178899,1066,203863,56,17319,892,42208,1574,187079,952,229287,California
Monterey,2021-05-28,1737,401818,576,179475,1101,204964,60,17379,746,42048,980,188059,820,230107,California
Monterey,2021-05-29,986,402804,634,180109,319,205283,33,17412,398,41923,581,188640,456,230563,California
Monterey,2021-05-30,379,403183,163,180272,202,205485,14,17426,141,41844,237,188877,158,230721,California
Monterey,2021-05-31,186,403369,33,180305,144,205629,9,17435,53,41775,132,189009,63,230784,California
Monterey,2021-06-01,1705,405074,907,181212,666,206295,132,17567,524,41272,1163,190172,660,231444,California
Monterey,2021-06-02,1669,406743,963,182175,657,206952,49,17616,692,41056,972,191144,756,232200,California
Monterey,2021-06-03,2205,408948,1411,183586,759,207711,35,17651,509,39916,1686,192830,546,232746,California
Monterey,2021-06-04,1325,410273,685,184271,607,208318,33,17684,531,39696,786,193616,566,233312,California
Monterey,2021-06-05,2168,412441,849,185120,699,209017,620,18304,473,39103,1680,195296,1087,234399,California
Monterey,2021-06-06,492,412933,404,185524,79,209096,9,18313,294,39208,197,195493,302,234701,California
Monterey,2021-06-07,934,413867,485,186009,403,209499,46,18359,394,39118,529,196022,439,235140,California
Monterey,2021-06-08,1143,415010,701,186710,418,209917,24,18383,414,38839,717,196739,438,235578,California
Monterey,2021-06-09,2895,417905,2170,188880,599,210516,126,18509,635,37344,2256,198995,761,236339,California
Monterey,2021-06-10,1474,419379,888,189768,527,211043,59,18568,529,36993,938,199933,587,236926,California
Monterey,2021-06-11,1384,420763,752,190520,556,211599,76,18644,503,36696,874,200807,577,237503,California
Monterey,2021-06-12,741,421504,503,191023,223,211822,15,18659,348,36669,391,201198,364,237867,California
Monterey,2021-06-13,589,422093,457,191480,120,211942,12,18671,122,36339,464,201662,134,238001,California
Monterey,2021-06-14,1390,423483,996,192476,360,212302,34,18705,392,35774,992,202654,427,238428,California
Monterey,2021-06-15,1132,424615,560,193036,449,212751,123,18828,398,35570,725,203379,521,238949,California
Monterey,2021-06-16,1559,426174,1089,194125,438,213189,32,18860,395,34841,1156,204535,427,239376,California
Monterey,2021-06-17,1167,427341,674,194799,339,213528,154,19014,422,34677,741,205276,577,239953,California
Monterey,2021-06-18,1195,428536,724,195523,443,213971,28,19042,532,34580,657,205933,560,240513,California
Monterey,2021-06-19,1302,429838,1007,196530,265,214236,30,19072,489,34294,805,206738,519,241032,California
Monterey,2021-06-20,234,430072,156,196686,70,214306,8,19080,80,34229,154,206892,89,241121,California
Monterey,2021-06-21,671,430743,366,197052,271,214577,34,19114,384,34364,282,207174,417,241538,California
Monterey,2021-06-22,1503,432246,961,198013,353,214930,189,19303,487,34031,1004,208178,671,242209,California
Monterey,2021-06-23,1068,433314,713,198726,321,215251,34,19337,431,33868,628,208806,465,242674,California
Monterey,2021-06-24,832,434146,505,199231,308,215559,19,19356,400,33858,429,209235,419,243093,California
Monterey,2021-06-25,462,434608,307,199538,146,215705,9,19365,179,33765,281,209516,188,243281,California
Napa,2020-12-16,12,12,12,12,0,0,0,0,12,12,0,0,12,12,California
Napa,2020-12-17,46,58,46,58,0,0,0,0,46,58,0,0,46,58,California
Napa,2020-12-18,105,163,105,163,0,0,0,0,105,163,0,0,105,163,California
Napa,2020-12-19,222,385,222,385,0,0,0,0,222,385,0,0,222,385,California
Napa,2020-12-20,190,575,190,575,0,0,0,0,190,575,0,0,190,575,California
Napa,2020-12-21,313,888,313,888,0,0,0,0,314,889,0,0,314,889,California
Napa,2020-12-22,339,1227,330,1218,9,9,0,0,339,1228,0,0,339,1228,California
Napa,2020-12-23,435,1662,323,1541,112,121,0,0,435,1663,0,0,435,1663,California
Napa,2020-12-24,140,1802,78,1619,62,183,0,0,140,1803,0,0,140,1803,California
Napa,2020-12-25,1,1803,1,1620,0,183,0,0,1,1804,0,0,1,1804,California
Napa,2020-12-26,39,1842,11,1631,28,211,0,0,39,1843,0,0,39,1843,California
Napa,2020-12-27,32,1874,16,1647,16,227,0,0,32,1875,0,0,32,1875,California
Napa,2020-12-28,252,2126,185,1832,67,294,0,0,279,2154,0,0,279,2154,California
Napa,2020-12-29,273,2399,215,2047,58,352,0,0,306,2460,0,0,306,2460,California
Napa,2020-12-30,628,3027,480,2527,148,500,0,0,636,3096,0,0,636,3096,California
Napa,2020-12-31,458,3485,369,2896,89,589,0,0,458,3554,0,0,458,3554,California
Napa,2021-01-01,1,3486,1,2897,0,589,0,0,1,3555,0,0,1,3555,California
Napa,2021-01-02,96,3582,91,2988,5,594,0,0,96,3651,0,0,96,3651,California
Napa,2021-01-03,14,3596,12,3000,2,596,0,0,9,3660,0,0,9,3660,California
Napa,2021-01-04,105,3701,63,3063,42,638,0,0,105,3765,0,0,105,3765,California
Napa,2021-01-05,163,3864,86,3149,77,715,0,0,146,3887,24,24,146,3911,California
Napa,2021-01-06,462,4326,116,3265,346,1061,0,0,397,4221,63,87,397,4308,California
Napa,2021-01-07,498,4824,236,3501,262,1323,0,0,394,4512,103,190,394,4702,California
Napa,2021-01-08,444,5268,228,3729,216,1539,0,0,260,4589,183,373,260,4962,California
Napa,2021-01-09,329,5597,304,4033,25,1564,0,0,191,4642,138,511,191,5153,California
Napa,2021-01-10,186,5783,103,4136,83,1647,0,0,109,4674,77,588,109,5262,California
Napa,2021-01-11,878,6661,425,4561,453,2100,0,0,506,4809,373,961,508,5770,California
Napa,2021-01-12,1329,7990,380,4941,949,3049,0,0,1006,5492,323,1284,1006,6776,California
Napa,2021-01-13,1317,9307,268,5209,1049,4098,0,0,1153,6483,163,1447,1154,7930,California
Napa,2021-01-14,1052,10359,169,5378,883,4981,0,0,935,7303,115,1562,935,8865,California
Napa,2021-01-15,1467,11826,384,5762,1083,6064,0,0,1320,8469,155,1717,1321,10186,California
Napa,2021-01-16,360,12186,132,5894,228,6292,0,0,342,8793,18,1735,342,10528,California
Napa,2021-01-17,343,12529,179,6073,164,6456,0,0,333,9116,10,1745,333,10861,California
Napa,2021-01-18,1078,13607,196,6269,882,7338,0,0,987,10012,91,1836,987,11848,California
Napa,2021-01-19,1005,14612,403,6672,602,7940,0,0,765,10538,239,2075,765,12613,California
Napa,2021-01-20,834,15446,189,6861,645,8585,0,0,646,10999,186,2261,647,13260,California
Napa,2021-01-21,1338,16784,377,7238,961,9546,0,0,1085,11833,252,2513,1086,14346,California
Napa,2021-01-22,1547,18331,411,7649,1136,10682,0,0,1220,12728,326,2839,1221,15567,California
Napa,2021-01-23,397,18728,318,7967,79,10761,0,0,336,13003,61,2900,336,15903,California
Napa,2021-01-24,268,18996,189,8156,79,10840,0,0,210,13155,58,2958,210,16113,California
Napa,2021-01-25,1524,20520,232,8388,1292,12132,0,0,1433,14497,91,3049,1433,17546,California
Napa,2021-01-26,878,21398,285,8673,593,12725,0,0,783,15186,95,3144,784,18330,California
Napa,2021-01-27,632,22030,222,8895,410,13135,0,0,471,15496,162,3306,472,18802,California
Napa,2021-01-28,390,22420,175,9070,215,13350,0,0,198,15504,190,3496,198,19000,California
Napa,2021-01-29,265,22685,66,9136,199,13549,0,0,168,15575,97,3593,168,19168,California
Napa,2021-01-30,820,23505,709,9845,111,13660,0,0,650,16055,170,3763,650,19818,California
Napa,2021-01-31,693,24198,661,10506,32,13692,0,0,668,16698,25,3788,668,20486,California
Napa,2021-02-01,324,24522,114,10620,210,13902,0,0,166,16706,158,3946,166,20652,California
Napa,2021-02-02,616,25138,283,10903,333,14235,0,0,304,16701,309,4255,304,20956,California
Napa,2021-02-03,747,25885,310,11213,437,14672,0,0,432,16819,314,4569,432,21388,California
Napa,2021-02-04,792,26677,372,11585,420,15092,0,0,442,16913,348,4917,442,21830,California
Napa,2021-02-05,713,27390,311,11896,402,15494,0,0,342,16884,371,5288,342,22172,California
Napa,2021-02-06,438,27828,145,12041,293,15787,0,0,333,17112,105,5393,333,22505,California
Napa,2021-02-07,179,28007,166,12207,13,15800,0,0,71,17075,108,5501,71,22576,California
Napa,2021-02-08,838,28845,191,12398,647,16447,0,0,278,16795,558,6059,278,22854,California
Napa,2021-02-09,1091,29936,452,12850,639,17086,0,0,445,16595,645,6704,445,23299,California
Napa,2021-02-10,1740,31676,195,13045,1545,18631,0,0,453,15766,1283,7987,454,23753,California
Napa,2021-02-11,1506,33182,198,13243,1308,19939,0,0,407,15087,1086,9073,407,24160,California
Napa,2021-02-12,2196,35378,866,14109,1330,21269,0,0,727,14350,1464,10537,727,24887,California
Napa,2021-02-13,511,35889,56,14165,455,21724,0,0,319,14477,192,10729,319,25206,California
Napa,2021-02-14,356,36245,89,14254,267,21991,0,0,192,14505,164,10893,192,25398,California
Napa,2021-02-15,879,37124,183,14437,696,22687,0,0,223,14074,654,11547,223,25621,California
Napa,2021-02-16,1296,38420,600,15037,696,23383,0,0,618,14016,676,12223,618,26239,California
Napa,2021-02-17,1055,39475,533,15570,522,23905,0,0,482,13928,571,12794,483,26722,California
Napa,2021-02-18,1908,41383,486,16056,1422,25327,0,0,662,13347,1243,14037,662,27384,California
Napa,2021-02-19,1504,42887,594,16650,910,26237,0,0,681,13207,821,14858,681,28065,California
Napa,2021-02-20,870,43757,636,17286,234,26471,0,0,283,12903,587,15445,283,28348,California
Napa,2021-02-21,888,44645,819,18105,69,26540,0,0,193,12401,695,16140,193,28541,California
Napa,2021-02-22,474,45119,198,18303,276,26816,0,0,146,12219,328,16468,146,28687,California
Napa,2021-02-23,1156,46275,314,18617,842,27658,0,0,328,11719,828,17296,328,29015,California
Napa,2021-02-24,1190,47465,660,19277,530,28188,0,0,597,11725,591,17887,597,29612,California
Napa,2021-02-25,2597,50062,1252,20529,1345,29533,0,0,1877,12883,719,18606,1877,31489,California
Napa,2021-02-26,1553,51615,551,21080,1002,30535,0,0,619,12570,932,19538,619,32108,California
Napa,2021-02-27,1189,52804,425,21505,764,31299,0,0,932,13247,255,19793,932,33040,California
Napa,2021-02-28,725,53529,605,22110,120,31419,0,0,608,13740,115,19908,608,33648,California
Napa,2021-03-01,1176,54705,882,22992,294,31713,0,0,897,14360,277,20185,897,34545,California
Napa,2021-03-02,1506,56211,1049,24041,457,32170,0,0,1159,15173,346,20531,1159,35704,California
Napa,2021-03-03,1572,57783,695,24736,877,33047,0,0,1382,16366,189,20720,1382,37086,California
Napa,2021-03-04,1721,59504,790,25526,931,33978,0,0,1479,17606,239,20959,1479,38565,California
Napa,2021-03-05,1906,61410,790,26316,1112,35090,4,4,1483,18673,420,21379,1487,40052,California
Napa,2021-03-06,657,62067,288,26604,338,35428,31,35,544,19137,111,21490,575,40627,California
Napa,2021-03-07,534,62601,322,26926,196,35624,16,51,382,19384,151,21641,398,41025,California
Napa,2021-03-08,716,63317,336,27262,327,35951,53,104,538,19800,175,21816,591,41616,California
Napa,2021-03-09,1689,65006,607,27869,1036,36987,46,150,1249,20659,436,22252,1295,42911,California
Napa,2021-03-10,1500,66506,925,28794,481,37468,94,244,800,20854,696,22948,891,43802,California
Napa,2021-03-11,1885,68391,1064,29858,689,38157,132,376,989,21078,896,23844,1120,44922,California
Napa,2021-03-12,1516,69907,921,30779,500,38657,95,471,807,21274,706,24550,902,45824,California
Napa,2021-03-13,1179,71086,311,31090,843,39500,25,496,834,21790,343,24893,859,46683,California
Napa,2021-03-14,617,71703,334,31424,134,39634,149,645,207,21736,409,25302,355,47038,California
Napa,2021-03-15,959,72662,412,31836,479,40113,68,713,481,21809,476,25778,549,47587,California
Napa,2021-03-16,1857,74519,394,32230,1336,41449,127,840,1382,22848,471,26249,1510,49097,California
Napa,2021-03-17,2530,77049,1861,34091,490,41939,179,1019,1600,23698,929,27178,1779,50876,California
Napa,2021-03-18,2148,79197,955,35046,1182,43121,11,1030,1287,24138,858,28036,1298,52174,California
Napa,2021-03-19,1462,80659,889,35935,545,43666,28,1058,696,24099,763,28799,724,52898,California
Napa,2021-03-20,1011,81670,530,36465,328,43994,153,1211,389,24020,621,29420,542,53440,California
Napa,2021-03-21,723,82393,699,37164,21,44015,3,1214,231,23764,490,29910,234,53674,California
Napa,2021-03-22,1301,83694,1122,38286,167,44182,12,1226,437,23354,859,30769,449,54123,California
Napa,2021-03-23,1897,85591,1200,39486,680,44862,17,1243,1009,23496,884,31653,1026,55149,California
Napa,2021-03-24,1712,87303,947,40433,756,45618,9,1252,817,23427,894,32547,825,55974,California
Napa,2021-03-25,1935,89238,1059,41492,822,46440,54,1306,772,23096,1157,33704,826,56800,California
Napa,2021-03-26,1312,90550,839,42331,467,46907,6,1312,587,22970,719,34423,593,57393,California
Napa,2021-03-27,953,91503,434,42765,492,47399,27,1339,294,22632,659,35082,321,57714,California
Napa,2021-03-28,493,91996,382,43147,104,47503,7,1346,180,22509,311,35393,188,57902,California
Napa,2021-03-29,1202,93198,876,44023,321,47824,5,1351,729,22772,471,35864,734,58636,California
Napa,2021-03-30,2801,95999,934,44957,1862,49686,5,1356,1980,23935,822,36686,1985,60621,California
Napa,2021-03-31,1975,97974,963,45920,943,50629,69,1425,799,23628,1173,37859,866,61487,California
Napa,2021-04-01,1760,99734,848,46768,795,51424,117,1542,482,22955,1271,39130,598,62085,California
Napa,2021-04-02,1872,101606,844,47612,886,52310,142,1684,477,22181,1392,40522,618,62703,California
Napa,2021-04-03,639,102245,372,47984,208,52518,59,1743,213,22027,425,40947,271,62974,California
Napa,2021-04-04,359,102604,145,48129,155,52673,59,1802,123,21974,235,41182,182,63156,California
Napa,2021-04-05,1276,103880,758,48887,299,52972,219,2021,571,22062,703,41885,791,63947,California
Napa,2021-04-06,2268,106148,565,49452,1444,54416,259,2280,526,21107,1739,43624,784,64731,California
Napa,2021-04-07,1752,107900,708,50160,822,55238,222,2502,532,20645,1214,44838,752,65483,California
Napa,2021-04-08,1870,109770,1071,51231,423,55661,376,2878,965,21086,899,45737,1340,66823,California
Napa,2021-04-09,1549,111319,927,52158,317,55978,305,3183,678,21200,868,46605,982,67805,California
Napa,2021-04-10,1051,112370,353,52511,595,56573,103,3286,246,20745,804,47409,349,68154,California
Napa,2021-04-11,386,112756,300,52811,63,56636,23,3309,157,20696,229,47638,180,68334,California
Napa,2021-04-12,796,113552,302,53113,369,57005,125,3434,292,20607,502,48140,413,68747,California
Napa,2021-04-13,2594,116146,870,53983,1724,58729,0,3434,945,19909,1643,49783,945,69692,California
Napa,2021-04-14,2160,118306,1017,55000,1143,59872,0,3434,1052,19861,1100,50883,1052,70744,California
Napa,2021-04-15,2095,120401,537,55537,1558,61430,0,3434,903,19579,1185,52068,903,71647,California
Napa,2021-04-16,3010,123411,1641,57178,1369,62799,0,3434,2276,21126,729,52797,2276,73923,California
Napa,2021-04-17,1167,124578,275,57453,892,63691,0,3434,861,21683,304,53101,861,74784,California
Napa,2021-04-18,285,124863,190,57643,95,63786,0,3434,124,21646,161,53262,124,74908,California
Napa,2021-04-19,631,125494,342,57985,289,64075,0,3434,277,21570,353,53615,277,75185,California
Napa,2021-04-20,3068,128562,2089,60074,979,65054,0,3434,2084,22673,982,54597,2085,77270,California
Napa,2021-04-21,2970,131532,2194,62268,776,65830,0,3434,1878,23466,1086,55683,1879,79149,California
Napa,2021-04-22,1827,133359,1292,63560,535,66365,0,3434,859,23361,964,56647,859,80008,California
Napa,2021-04-23,1654,135013,1271,64831,381,66746,2,3436,1166,24043,484,57131,1166,81174,California
Napa,2021-04-24,573,135586,322,65153,251,66997,0,3436,297,24067,273,57404,297,81471,California
Napa,2021-04-25,247,135833,189,65342,58,67055,0,3436,127,24075,119,57523,127,81598,California
Napa,2021-04-26,550,136383,282,65624,268,67323,0,3436,283,24096,262,57785,283,81881,California
Napa,2021-04-27,1788,138171,469,66093,1307,68630,12,3448,594,23512,1190,58975,606,82487,California
Napa,2021-04-28,1021,139192,473,66566,531,69161,17,3465,350,23210,669,59644,367,82854,California
Napa,2021-04-29,731,139923,363,66929,349,69510,19,3484,268,23040,456,60100,286,83140,California
Napa,2021-04-30,619,140542,310,67239,245,69755,64,3548,257,22999,361,60461,320,83460,California
Napa,2021-05-01,331,140873,272,67511,48,69803,11,3559,122,22923,209,60670,133,83593,California
Napa,2021-05-02,239,141112,194,67705,39,69842,6,3565,101,22893,137,60807,107,83700,California
Napa,2021-05-03,636,141748,498,68203,103,69945,35,3600,111,22519,521,61328,147,83847,California
Napa,2021-05-04,1144,142892,730,68933,302,70247,112,3712,307,22105,833,62161,419,84266,California
Napa,2021-05-05,1043,143935,705,69638,300,70547,38,3750,265,21633,775,62936,303,84569,California
Napa,2021-05-06,723,144658,320,69958,380,70927,23,3773,374,21691,340,63276,398,84967,California
Napa,2021-05-07,1565,146223,1334,71292,168,71095,63,3836,326,20863,1216,64492,388,85355,California
Napa,2021-05-08,253,146476,163,71455,79,71174,11,3847,87,20796,165,64657,98,85453,California
Napa,2021-05-09,112,146588,80,71535,32,71206,0,3847,52,20788,60,64717,52,85505,California
Napa,2021-05-10,425,147013,143,71678,263,71469,19,3866,109,20601,315,65032,128,85633,California
Napa,2021-05-11,2178,149191,1791,73469,362,71831,25,3891,372,19198,1800,66832,397,86030,California
Napa,2021-05-12,2204,151395,1374,74843,773,72604,57,3948,300,17656,1898,68730,356,86386,California
Napa,2021-05-13,1968,153363,1253,76096,675,73279,40,3988,866,17468,1095,69825,907,87293,California
Napa,2021-05-14,1968,155331,1188,77284,694,73973,86,4074,533,16661,1427,71252,620,87913,California
Napa,2021-05-15,1073,156404,364,77648,697,74670,12,4086,256,16116,814,72066,269,88182,California
Napa,2021-05-16,240,156644,160,77808,78,74748,2,4088,69,16016,171,72237,71,88253,California
Napa,2021-05-17,892,157536,347,78155,515,75263,30,4118,306,15829,524,72761,337,88590,California
Napa,2021-05-18,1076,158612,552,78707,467,75730,57,4175,510,15835,561,73322,567,89157,California
Napa,2021-05-19,971,159583,570,79277,371,76101,30,4205,507,15910,461,73783,536,89693,California
Napa,2021-05-20,660,160243,435,79712,194,76295,31,4236,381,16045,277,74060,412,90105,California
Napa,2021-05-21,527,160770,265,79977,230,76525,32,4268,218,15988,307,74367,250,90355,California
Napa,2021-05-22,461,161231,274,80251,178,76703,9,4277,191,15919,270,74637,201,90556,California
Napa,2021-05-23,394,161625,348,80599,35,76738,11,4288,294,16124,100,74737,305,90861,California
Napa,2021-05-24,375,162000,179,80778,176,76914,20,4308,148,16067,225,74962,168,91029,California
Napa,2021-05-25,434,162434,178,80956,185,77099,71,4379,146,15996,287,75249,216,91245,California
Napa,2021-05-26,560,162994,362,81318,174,77273,24,4403,320,16103,237,75486,344,91589,California
Napa,2021-05-27,396,163390,169,81487,199,77472,28,4431,149,16033,247,75733,177,91766,California
Napa,2021-05-28,405,163795,209,81696,172,77644,24,4455,168,15991,233,75966,191,91957,California
Napa,2021-05-29,128,163923,79,81775,45,77689,4,4459,74,16016,53,76019,78,92035,California
Napa,2021-05-30,98,164021,61,81836,32,77721,5,4464,28,15985,68,76087,37,92072,California
Napa,2021-05-31,51,164072,17,81853,28,77749,6,4470,9,15958,42,76129,15,92087,California
Napa,2021-06-01,604,164676,314,82167,266,78015,24,4494,260,15913,338,76467,293,92380,California
Napa,2021-06-02,415,165091,246,82413,147,78162,22,4516,191,15913,222,76689,222,92602,California
Napa,2021-06-03,757,165848,463,82876,269,78431,25,4541,130,15444,624,77313,155,92757,California
Napa,2021-06-04,783,166631,602,83478,144,78575,37,4578,145,14990,636,77949,182,92939,California
Napa,2021-06-05,310,166941,251,83729,47,78622,12,4590,71,14838,237,78186,85,93024,California
Napa,2021-06-06,145,167086,126,83855,18,78640,1,4591,48,14791,96,78282,49,93073,California
Napa,2021-06-07,394,167480,286,84141,80,78720,28,4619,92,14609,302,78584,120,93193,California
Napa,2021-06-08,620,168100,492,84633,111,78831,17,4636,274,14557,343,78927,291,93484,California
Napa,2021-06-09,554,168654,450,85083,89,78920,15,4651,95,14209,458,79385,110,93594,California
Napa,2021-06-10,511,169165,416,85499,63,78983,32,4683,109,13948,402,79787,141,93735,California
Napa,2021-06-11,411,169576,267,85766,120,79103,24,4707,119,13800,291,80078,143,93878,California
Napa,2021-06-12,205,169781,173,85939,27,79130,5,4712,42,13685,162,80240,47,93925,California
Napa,2021-06-13,286,170067,273,86212,8,79138,5,4717,27,13458,259,80499,32,93957,California
Napa,2021-06-14,482,170549,338,86550,118,79256,26,4743,95,13193,383,80882,118,94075,California
Napa,2021-06-15,377,170926,277,86827,87,79343,13,4756,185,13201,190,81072,198,94273,California
Napa,2021-06-16,261,171187,165,86992,81,79424,15,4771,85,13129,172,81244,100,94373,California
Napa,2021-06-17,390,171577,322,87314,60,79484,8,4779,70,12887,320,81564,78,94451,California
Napa,2021-06-18,267,171844,173,87487,83,79567,11,4790,91,12815,174,81738,102,94553,California
Napa,2021-06-19,111,171955,77,87564,23,79590,11,4801,47,12811,62,81800,58,94611,California
Napa,2021-06-20,54,172009,42,87606,9,79599,3,4804,19,12798,35,81835,22,94633,California
Napa,2021-06-21,157,172166,73,87679,65,79664,19,4823,75,12810,82,81917,94,94727,California
Napa,2021-06-22,377,172543,298,87977,65,79729,14,4837,110,12669,265,82182,124,94851,California
Napa,2021-06-23,337,172880,265,88242,51,79780,21,4858,108,12571,226,82408,128,94979,California
Napa,2021-06-24,158,173038,107,88349,46,79826,5,4863,66,12552,90,82498,71,95050,California
Napa,2021-06-25,123,173161,66,88415,47,79873,10,4873,62,12564,59,82557,71,95121,California
Nevada,2020-12-16,3,3,3,3,0,0,0,0,3,3,0,0,3,3,California
Nevada,2020-12-17,7,10,7,10,0,0,0,0,7,10,0,0,7,10,California
Nevada,2020-12-18,56,66,56,66,0,0,0,0,56,66,0,0,56,66,California
Nevada,2020-12-19,55,121,55,121,0,0,0,0,55,121,0,0,55,121,California
Nevada,2020-12-20,12,133,12,133,0,0,0,0,12,133,0,0,12,133,California
Nevada,2020-12-21,69,202,69,202,0,0,0,0,69,202,0,0,69,202,California
Nevada,2020-12-22,90,292,88,290,2,2,0,0,90,292,0,0,90,292,California
Nevada,2020-12-23,233,525,202,492,31,33,0,0,233,525,0,0,233,525,California
Nevada,2020-12-24,13,538,11,503,2,35,0,0,13,538,0,0,13,538,California
Nevada,2020-12-25,3,541,3,506,0,35,0,0,3,541,0,0,3,541,California
Nevada,2020-12-26,6,547,4,510,2,37,0,0,6,547,0,0,6,547,California
Nevada,2020-12-27,89,636,89,599,0,37,0,0,89,636,0,0,89,636,California
Nevada,2020-12-28,170,806,93,692,77,114,0,0,170,806,0,0,170,806,California
Nevada,2020-12-29,99,905,73,765,26,140,0,0,99,905,0,0,99,905,California
Nevada,2020-12-30,86,991,66,831,20,160,0,0,86,991,0,0,86,991,California
Nevada,2020-12-31,39,1030,9,840,30,190,0,0,39,1030,0,0,39,1030,California
Nevada,2021-01-01,3,1033,0,840,3,193,0,0,3,1033,0,0,3,1033,California
Nevada,2021-01-02,1,1034,1,841,0,193,0,0,1,1034,0,0,1,1034,California
Nevada,2021-01-03,130,1164,125,966,5,198,0,0,130,1164,0,0,130,1164,California
Nevada,2021-01-04,72,1236,47,1013,25,223,0,0,72,1236,0,0,72,1236,California
Nevada,2021-01-05,274,1510,133,1146,141,364,0,0,273,1508,1,1,273,1509,California
Nevada,2021-01-06,90,1600,42,1188,48,412,0,0,82,1582,8,9,82,1591,California
Nevada,2021-01-07,216,1816,44,1232,172,584,0,0,208,1784,7,16,209,1800,California
Nevada,2021-01-08,220,2036,128,1360,92,676,0,0,164,1893,56,72,165,1965,California
Nevada,2021-01-09,63,2099,56,1416,7,683,0,0,14,1858,49,121,14,1979,California
Nevada,2021-01-10,18,2117,9,1425,9,692,0,0,10,1860,8,129,10,1989,California
Nevada,2021-01-11,186,2303,131,1556,55,747,0,0,58,1790,128,257,58,2047,California
Nevada,2021-01-12,600,2903,453,2009,147,894,0,0,533,2256,67,324,533,2580,California
Nevada,2021-01-13,262,3165,148,2157,114,1008,0,0,128,2250,134,458,128,2708,California
Nevada,2021-01-14,238,3403,127,2284,111,1119,0,0,221,2455,16,474,221,2929,California
Nevada,2021-01-15,400,3803,173,2457,227,1346,0,0,299,2653,101,575,299,3228,California
Nevada,2021-01-16,296,4099,15,2472,281,1627,0,0,292,2941,4,579,292,3520,California
Nevada,2021-01-17,37,4136,33,2505,4,1631,0,0,35,2974,2,581,35,3555,California
Nevada,2021-01-18,154,4290,44,2549,110,1741,0,0,142,3104,12,593,142,3697,California
Nevada,2021-01-19,248,4538,88,2637,160,1901,0,0,228,3312,20,613,228,3925,California
Nevada,2021-01-20,275,4813,165,2802,110,2011,0,0,261,3559,14,627,261,4186,California
Nevada,2021-01-21,342,5155,207,3009,135,2146,0,0,328,3873,14,641,328,4514,California
Nevada,2021-01-22,377,5532,236,3245,141,2287,0,0,346,4188,31,672,346,4860,California
Nevada,2021-01-23,182,5714,107,3352,75,2362,0,0,182,4370,0,672,182,5042,California
Nevada,2021-01-24,106,5820,98,3450,8,2370,0,0,67,4398,39,711,67,5109,California
Nevada,2021-01-25,264,6084,135,3585,129,2499,0,0,203,4540,61,772,203,5312,California
Nevada,2021-01-26,408,6492,144,3729,264,2763,0,0,303,4738,105,877,303,5615,California
Nevada,2021-01-27,426,6918,252,3981,174,2937,0,0,401,5114,25,902,401,6016,California
Nevada,2021-01-28,479,7397,326,4307,153,3090,0,0,435,5506,43,945,435,6451,California
Nevada,2021-01-29,607,8004,393,4700,214,3304,0,0,579,6059,27,972,580,7031,California
Nevada,2021-01-30,234,8238,105,4805,129,3433,0,0,231,6287,3,975,231,7262,California
Nevada,2021-01-31,103,8341,86,4891,17,3450,0,0,99,6384,3,978,100,7362,California
Nevada,2021-02-01,293,8634,70,4961,223,3673,0,0,279,6649,14,992,279,7641,California
Nevada,2021-02-02,530,9164,186,5147,344,4017,0,0,331,6781,199,1191,331,7972,California
Nevada,2021-02-03,819,9983,575,5722,244,4261,0,0,764,7491,54,1245,764,8736,California
Nevada,2021-02-04,740,10723,392,6114,348,4609,0,0,489,7730,250,1495,489,9225,California
Nevada,2021-02-05,652,11375,369,6483,283,4892,0,0,462,8004,188,1683,462,9687,California
Nevada,2021-02-06,270,11645,82,6565,188,5080,0,0,242,8218,28,1711,242,9929,California
Nevada,2021-02-07,246,11891,192,6757,54,5134,0,0,192,8356,54,1765,192,10121,California
Nevada,2021-02-08,652,12543,405,7162,247,5381,0,0,551,8806,101,1866,551,10672,California
Nevada,2021-02-09,606,13149,339,7501,267,5648,0,0,463,9126,143,2009,463,11135,California
Nevada,2021-02-10,654,13803,326,7827,328,5976,0,0,422,9317,232,2241,423,11558,California
Nevada,2021-02-11,888,14691,514,8341,374,6350,0,0,554,9539,332,2573,554,12112,California
Nevada,2021-02-12,954,15645,444,8785,510,6860,0,0,628,9844,323,2896,628,12740,California
Nevada,2021-02-13,611,16256,240,9025,371,7231,0,0,390,10018,217,3113,391,13131,California
Nevada,2021-02-14,235,16491,121,9146,114,7345,0,0,206,10195,29,3142,206,13337,California
Nevada,2021-02-15,712,17203,438,9584,274,7619,0,0,537,10557,175,3317,537,13874,California
Nevada,2021-02-16,625,17828,201,9785,424,8043,0,0,455,10843,169,3486,455,14329,California
Nevada,2021-02-17,1193,19021,770,10555,423,8466,0,0,856,11362,337,3823,856,15185,California
Nevada,2021-02-18,1020,20041,555,11110,465,8931,0,0,602,11549,415,4238,602,15787,California
Nevada,2021-02-19,1026,21067,634,11744,392,9323,0,0,659,11844,365,4603,660,16447,California
Nevada,2021-02-20,302,21369,108,11852,194,9517,0,0,176,11895,125,4728,176,16623,California
Nevada,2021-02-21,92,21461,85,11937,7,9524,0,0,7,11820,82,4810,7,16630,California
Nevada,2021-02-22,499,21960,332,12269,167,9691,0,0,353,12028,145,4955,353,16983,California
Nevada,2021-02-23,495,22455,242,12511,253,9944,0,0,221,11979,271,5226,222,17205,California
Nevada,2021-02-24,479,22934,242,12753,237,10181,0,0,253,12010,226,5452,257,17462,California
Nevada,2021-02-25,870,23804,470,13223,400,10581,0,0,436,12014,432,5884,436,17898,California
Nevada,2021-02-26,1246,25050,886,14109,360,10941,0,0,415,11601,828,6712,415,18313,California
Nevada,2021-02-27,360,25410,112,14221,248,11189,0,0,190,11621,170,6882,190,18503,California
Nevada,2021-02-28,274,25684,160,14381,114,11303,0,0,126,11600,147,7029,126,18629,California
Nevada,2021-03-01,840,26524,437,14818,403,11706,0,0,368,11499,469,7498,368,18997,California
Nevada,2021-03-02,742,27266,292,15110,450,12156,0,0,511,11784,226,7724,511,19508,California
Nevada,2021-03-03,992,28258,509,15619,482,12638,1,1,518,11832,472,8196,520,20028,California
Nevada,2021-03-04,1112,29370,622,16241,490,13128,0,1,468,11660,640,8836,468,20496,California
Nevada,2021-03-05,843,30213,477,16718,356,13484,10,11,377,11583,464,9300,387,20883,California
Nevada,2021-03-06,364,30577,121,16839,216,13700,27,38,149,11543,215,9515,175,21058,California
Nevada,2021-03-07,210,30787,109,16948,82,13782,19,57,70,11492,140,9655,89,21147,California
Nevada,2021-03-08,830,31617,560,17508,224,14006,46,103,376,11462,453,10108,423,21570,California
Nevada,2021-03-09,793,32410,403,17911,340,14346,50,153,466,11652,325,10433,515,22085,California
Nevada,2021-03-10,1007,33417,648,18559,303,14649,56,209,341,11388,660,11093,396,22481,California
Nevada,2021-03-11,1109,34526,726,19285,358,15007,25,234,551,11414,550,11643,576,23057,California
Nevada,2021-03-12,1209,35735,728,20013,451,15458,30,264,512,11261,693,12336,540,23597,California
Nevada,2021-03-13,300,36035,57,20070,238,15696,5,269,121,11209,177,12513,125,23722,California
Nevada,2021-03-14,157,36192,20,20090,132,15828,5,274,33,11123,124,12637,38,23760,California
Nevada,2021-03-15,854,37046,464,20554,378,16206,12,286,360,11005,490,13127,372,24132,California
Nevada,2021-03-16,1000,38046,468,21022,470,16676,62,348,637,11342,361,13488,698,24830,California
Nevada,2021-03-17,1025,39071,454,21476,561,17237,10,358,584,11499,438,13926,595,25425,California
Nevada,2021-03-18,982,40053,532,22008,427,17664,23,381,478,11499,500,14426,500,25925,California
Nevada,2021-03-19,762,40815,440,22448,285,17949,37,418,355,11488,403,14829,392,26317,California
Nevada,2021-03-20,824,41639,93,22541,304,18253,427,845,229,11551,589,15418,652,26969,California
Nevada,2021-03-21,59,41698,32,22573,26,18279,1,846,40,11574,18,15436,41,27010,California
Nevada,2021-03-22,803,42501,519,23092,279,18558,5,851,533,11845,267,15703,538,27548,California
Nevada,2021-03-23,864,43365,391,23483,446,19004,27,878,620,12251,241,15944,647,28195,California
Nevada,2021-03-24,1023,44388,543,24026,473,19477,7,885,639,12518,378,16322,645,28840,California
Nevada,2021-03-25,913,45301,463,24489,425,19902,25,910,495,12621,416,16738,519,29359,California
Nevada,2021-03-26,1149,46450,441,24930,669,20571,39,949,822,13157,324,17062,860,30219,California
Nevada,2021-03-27,571,47021,72,25002,483,21054,16,965,388,13379,182,17244,404,30623,California
Nevada,2021-03-28,176,47197,52,25054,111,21165,13,978,38,13295,135,17379,51,30674,California
Nevada,2021-03-29,826,48023,504,25558,300,21465,22,1000,374,13241,449,17828,395,31069,California
Nevada,2021-03-30,1058,49081,482,26040,542,22007,34,1034,487,13199,563,18391,521,31590,California
Nevada,2021-03-31,1181,50262,661,26701,503,22510,17,1051,670,13383,502,18893,686,32276,California
Nevada,2021-04-01,1245,51507,724,27425,468,22978,53,1104,551,13302,684,19577,603,32879,California
Nevada,2021-04-02,1295,52802,664,28089,595,23573,36,1140,763,13573,528,20105,799,33678,California
Nevada,2021-04-03,288,53090,86,28175,162,23735,40,1180,81,13488,206,20311,121,33799,California
Nevada,2021-04-04,129,53219,42,28217,80,23815,7,1187,77,13520,52,20363,84,33883,California
Nevada,2021-04-05,937,54156,615,28832,302,24117,20,1207,621,13849,311,20674,640,34523,California
Nevada,2021-04-06,1075,55231,666,29498,265,24382,144,1351,434,13792,634,21308,577,35100,California
Nevada,2021-04-07,1147,56378,819,30317,245,24627,83,1434,608,13950,532,21840,690,35790,California
Nevada,2021-04-08,1279,57657,891,31208,305,24932,83,1517,707,14172,568,22408,790,36580,California
Nevada,2021-04-09,1250,58907,849,32057,333,25265,68,1585,845,14681,403,22811,912,37492,California
Nevada,2021-04-10,281,59188,78,32135,127,25392,76,1661,114,14705,166,22977,190,37682,California
Nevada,2021-04-11,106,59294,34,32169,66,25458,6,1667,41,14687,65,23042,47,37729,California
Nevada,2021-04-12,749,60043,542,32711,190,25648,17,1684,318,14596,426,23468,335,38064,California
Nevada,2021-04-13,891,60934,355,33066,536,26184,0,1684,472,14653,415,23883,472,38536,California
Nevada,2021-04-14,1057,61991,568,33634,489,26673,0,1684,538,14680,511,24394,538,39074,California
Nevada,2021-04-15,1081,63072,710,34344,371,27044,0,1684,625,14861,444,24838,625,39699,California
Nevada,2021-04-16,899,63971,693,35037,206,27250,0,1684,519,15002,378,25216,519,40218,California
Nevada,2021-04-17,201,64172,55,35092,146,27396,0,1684,86,14975,113,25329,86,40304,California
Nevada,2021-04-18,189,64361,21,35113,168,27564,0,1684,103,14992,86,25415,103,40407,California
Nevada,2021-04-19,755,65116,483,35596,272,27836,0,1684,308,14863,437,25852,308,40715,California
Nevada,2021-04-20,829,65945,328,35924,501,28337,0,1684,312,14665,510,26362,312,41027,California
Nevada,2021-04-21,932,66877,519,36443,413,28750,0,1684,271,14285,651,27013,271,41298,California
Nevada,2021-04-22,1003,67880,630,37073,373,29123,0,1684,340,13974,652,27665,341,41639,California
Nevada,2021-04-23,1232,69112,552,37625,680,29803,0,1684,396,13546,824,28489,396,42035,California
Nevada,2021-04-24,517,69629,70,37695,447,30250,0,1684,167,13365,348,28837,167,42202,California
Nevada,2021-04-25,114,69743,60,37755,49,30299,5,1689,50,13356,63,28900,54,42256,California
Nevada,2021-04-26,748,70491,562,38317,178,30477,8,1697,221,13068,517,29417,229,42485,California
Nevada,2021-04-27,817,71308,380,38697,432,30909,5,1702,410,13084,399,29816,415,42900,California
Nevada,2021-04-28,990,72298,580,39277,405,31314,5,1707,387,12878,598,30414,392,43292,California
Nevada,2021-04-29,1014,73312,706,39983,304,31618,4,1711,278,12426,734,31148,282,43574,California
Nevada,2021-04-30,1229,74541,727,40710,493,32111,9,1720,206,11620,1021,32169,215,43789,California
Nevada,2021-05-01,144,74685,60,40770,80,32191,4,1724,63,11608,79,32248,67,43856,California
Nevada,2021-05-02,58,74743,32,40802,22,32213,4,1728,20,11594,38,32286,24,43880,California
Nevada,2021-05-03,610,75353,405,41207,186,32399,19,1747,179,11364,427,32713,197,44077,California
Nevada,2021-05-04,591,75944,172,41379,401,32800,18,1765,336,11467,251,32964,354,44431,California
Nevada,2021-05-05,737,76681,381,41760,342,33142,14,1779,324,11401,404,33368,338,44769,California
Nevada,2021-05-06,803,77484,564,42324,228,33370,11,1790,196,11010,598,33966,207,44976,California
Nevada,2021-05-07,883,78367,486,42810,362,33732,35,1825,196,10558,683,34649,231,45207,California
Nevada,2021-05-08,171,78538,19,42829,132,33864,20,1845,79,10566,91,34740,99,45306,California
Nevada,2021-05-09,44,78582,8,42837,34,33898,2,1847,21,10566,23,34763,23,45329,California
Nevada,2021-05-10,391,78973,248,43085,119,34017,24,1871,76,10352,314,35077,100,45429,California
Nevada,2021-05-11,517,79490,155,43240,349,34366,13,1884,132,10120,377,35454,145,45574,California
Nevada,2021-05-12,541,80031,236,43476,294,34660,11,1895,155,9908,378,35832,166,45740,California
Nevada,2021-05-13,835,80866,552,44028,273,34933,10,1905,429,9949,398,36230,439,46179,California
Nevada,2021-05-14,785,81651,581,44609,186,35119,18,1923,440,10066,341,36571,458,46637,California
Nevada,2021-05-15,187,81838,87,44696,92,35211,8,1931,87,10062,99,36670,95,46732,California
Nevada,2021-05-16,157,81995,51,44747,106,35317,0,1931,54,10013,103,36773,54,46786,California
Nevada,2021-05-17,494,82489,316,45063,148,35465,30,1961,210,9980,273,37046,240,47026,California
Nevada,2021-05-18,418,82907,255,45318,159,35624,4,1965,222,10013,194,37240,227,47253,California
Nevada,2021-05-19,492,83399,356,45674,131,35755,5,1970,257,10049,226,37466,262,47515,California
Nevada,2021-05-20,607,84006,351,46025,244,35999,12,1982,216,9891,386,37852,228,47743,California
Nevada,2021-05-21,508,84514,327,46352,171,36170,10,1992,223,9842,282,38134,233,47976,California
Nevada,2021-05-22,244,84758,34,46386,157,36327,53,2045,93,9837,151,38285,146,48122,California
Nevada,2021-05-23,50,84808,18,46404,32,36359,0,2045,17,9822,32,38317,17,48139,California
Nevada,2021-05-24,309,85117,219,46623,79,36438,11,2056,106,9739,200,38517,117,48256,California
Nevada,2021-05-25,341,85458,81,46704,248,36686,12,2068,82,9579,254,38771,94,48350,California
Nevada,2021-05-26,452,85910,196,46900,246,36932,10,2078,134,9412,311,39082,144,48494,California
Nevada,2021-05-27,422,86332,226,47126,174,37106,22,2100,180,9375,239,39321,202,48696,California
Nevada,2021-05-28,345,86677,212,47338,111,37217,22,2122,191,9439,151,39472,215,48911,California
Nevada,2021-05-29,67,86744,12,47350,55,37272,0,2122,42,9456,25,39497,42,48953,California
Nevada,2021-05-30,37,86781,20,47370,15,37287,2,2124,25,9471,12,39509,27,48980,California
Nevada,2021-05-31,6,86787,4,47374,0,37287,2,2126,2,9471,4,39513,4,48984,California
Nevada,2021-06-01,421,87208,128,47502,276,37563,17,2143,102,9280,310,39823,119,49103,California
Nevada,2021-06-02,402,87610,165,47667,230,37793,7,2150,101,9096,293,40116,109,49212,California
Nevada,2021-06-03,558,88168,402,48069,151,37944,5,2155,99,8746,454,40570,104,49316,California
Nevada,2021-06-04,543,88711,434,48503,105,38049,4,2159,108,8429,431,41001,114,49430,California
Nevada,2021-06-05,169,88880,66,48569,101,38150,2,2161,63,8389,105,41106,65,49495,California
Nevada,2021-06-06,53,88933,40,48609,13,38163,0,2161,12,8360,41,41147,12,49507,California
Nevada,2021-06-07,267,89200,195,48804,42,38205,30,2191,60,8249,202,41349,91,49598,California
Nevada,2021-06-08,287,89487,188,48992,85,38290,14,2205,65,8115,213,41562,79,49677,California
Nevada,2021-06-09,326,89813,217,49209,102,38392,7,2212,81,7963,240,41802,88,49765,California
Nevada,2021-06-10,275,90088,179,49388,88,38480,8,2220,74,7850,194,41996,81,49846,California
Nevada,2021-06-11,326,90414,233,49621,74,38554,19,2239,75,7695,248,42244,93,49939,California
Nevada,2021-06-12,91,90505,53,49674,33,38587,5,2244,26,7661,65,42309,31,49970,California
Nevada,2021-06-13,32,90537,17,49691,14,38601,1,2245,6,7642,26,42335,7,49977,California
Nevada,2021-06-14,189,90726,135,49826,43,38644,11,2256,50,7570,133,42468,61,50038,California
Nevada,2021-06-15,169,90895,95,49921,66,38710,8,2264,64,7541,101,42569,72,50110,California
Nevada,2021-06-16,237,91132,133,50054,96,38806,8,2272,70,7459,160,42729,78,50188,California
Nevada,2021-06-17,222,91354,131,50185,78,38884,13,2285,39,7329,182,42911,52,50240,California
Nevada,2021-06-18,219,91573,150,50335,51,38935,18,2303,67,7264,150,43061,85,50325,California
Nevada,2021-06-19,68,91641,33,50368,30,38965,5,2308,29,7259,39,43100,34,50359,California
Nevada,2021-06-20,27,91668,20,50388,7,38972,0,2308,8,7249,18,43118,8,50367,California
Nevada,2021-06-21,106,91774,48,50436,53,39025,5,2313,51,7256,49,43167,56,50423,California
Nevada,2021-06-22,162,91936,97,50533,53,39078,12,2325,64,7240,92,43259,76,50499,California
Nevada,2021-06-23,210,92146,137,50670,43,39121,30,2355,85,7234,120,43379,114,50613,California
Nevada,2021-06-24,174,92320,113,50783,44,39165,17,2372,58,7199,110,43489,75,50688,California
Nevada,2021-06-25,144,92464,92,50875,31,39196,21,2393,55,7186,89,43578,76,50764,California
Orange,2020-12-15,16,16,16,16,0,0,0,0,16,16,0,0,16,16,California
Orange,2020-12-16,396,412,396,412,0,0,0,0,396,412,0,0,396,412,California
Orange,2020-12-17,3762,4174,3762,4174,0,0,0,0,3761,4173,0,0,3761,4173,California
Orange,2020-12-18,5123,9297,5115,9289,8,8,0,0,5121,9293,1,1,5121,9294,California
Orange,2020-12-19,2245,11542,2238,11527,7,15,0,0,2244,11537,0,1,2244,11538,California
Orange,2020-12-20,2001,13543,1998,13525,3,18,0,0,2002,13539,0,1,2002,13540,California
Orange,2020-12-21,4268,17811,4262,17787,6,24,0,0,4268,17807,0,1,4268,17808,California
Orange,2020-12-22,3997,21808,3961,21748,36,60,0,0,3997,21804,0,1,3997,21805,California
Orange,2020-12-23,3605,25413,3237,24985,368,428,0,0,3607,25411,0,1,3607,25412,California
Orange,2020-12-24,1387,26800,1086,26071,301,729,0,0,1387,26798,0,1,1387,26799,California
Orange,2020-12-25,21,26821,16,26087,5,734,0,0,21,26819,0,1,21,26820,California
Orange,2020-12-26,997,27818,424,26511,573,1307,0,0,997,27816,0,1,997,27817,California
Orange,2020-12-27,585,28403,276,26787,309,1616,0,0,585,28401,0,1,585,28402,California
Orange,2020-12-28,3631,32034,2636,29423,995,2611,0,0,3631,32032,0,1,3631,32033,California
Orange,2020-12-29,3527,35561,2506,31929,1021,3632,0,0,3526,35557,1,2,3526,35559,California
Orange,2020-12-30,5143,40704,3554,35483,1589,5221,0,0,5143,40700,0,2,5143,40702,California
Orange,2020-12-31,1534,42238,821,36304,713,5934,0,0,1531,42228,3,5,1531,42233,California
Orange,2021-01-01,696,42934,379,36683,317,6251,0,0,694,42920,2,7,694,42927,California
Orange,2021-01-02,1369,44303,845,37528,524,6775,0,0,1366,44284,2,9,1366,44293,California
Orange,2021-01-03,591,44894,325,37853,266,7041,0,0,591,44875,0,9,591,44884,California
Orange,2021-01-04,2779,47673,1574,39427,1205,8246,0,0,2780,47654,1,10,2780,47664,California
Orange,2021-01-05,3553,51226,2318,41745,1235,9481,0,0,3139,50385,411,421,3142,50806,California
Orange,2021-01-06,5048,56274,3480,45225,1568,11049,0,0,3668,52685,1368,1789,3668,54474,California
Orange,2021-01-07,9359,65633,5219,50444,4140,15189,0,0,5740,54826,3604,5393,5745,60219,California
Orange,2021-01-08,9495,75128,5313,55757,4182,19371,0,0,5692,56729,3792,9185,5695,65914,California
Orange,2021-01-09,5043,80171,1755,57512,3288,22659,0,0,3756,59198,1287,10472,3756,69670,California
Orange,2021-01-10,4261,84432,1050,58562,3211,25870,0,0,3378,61698,882,11354,3382,73052,California
Orange,2021-01-11,9520,93952,4938,63500,4582,30452,0,0,5877,63932,3647,15001,5881,78933,California
Orange,2021-01-12,9008,102960,4851,68351,4157,34609,0,0,5522,65972,3484,18485,5524,84457,California
Orange,2021-01-13,10362,113322,4951,73302,5411,40020,0,0,7137,69894,3222,21707,7144,91601,California
Orange,2021-01-14,10136,123458,3818,77120,6318,46338,0,0,8536,76838,1598,23305,8542,100143,California
Orange,2021-01-15,10328,133786,2675,79795,7653,53991,0,0,9437,85382,899,24204,9443,109586,California
Orange,2021-01-16,8837,142623,2118,81913,6719,60710,0,0,8433,93419,401,24605,8438,118024,California
Orange,2021-01-17,8267,150890,1517,83430,6750,67460,0,0,8112,101386,155,24760,8122,126146,California
Orange,2021-01-18,9798,160688,4449,87879,5349,72809,0,0,7529,106646,2272,27032,7532,133678,California
Orange,2021-01-19,7620,168308,5484,93363,2136,74945,0,0,4976,108981,2643,29675,4978,138656,California
Orange,2021-01-20,8531,176839,5959,99322,2572,77517,0,0,5455,111370,3075,32750,5464,144120,California
Orange,2021-01-21,11187,188026,4948,104270,6239,83756,0,0,10347,120892,836,33586,10358,154478,California
Orange,2021-01-22,13897,201923,5169,109439,8728,92484,0,0,13022,133056,866,34452,13030,167508,California
Orange,2021-01-23,13306,215229,6218,115657,7088,99572,0,0,12362,144487,941,35393,12372,179880,California
Orange,2021-01-24,9951,225180,4303,119960,5648,105220,0,0,9598,153741,348,35741,9602,189482,California
Orange,2021-01-25,10522,235702,5882,125842,4640,109860,0,0,7774,158782,2738,38479,7779,197261,California
Orange,2021-01-26,11980,247682,7721,133563,4259,114119,0,0,9788,166385,2188,40667,9791,207052,California
Orange,2021-01-27,13647,261329,8023,141586,5624,119743,0,0,10891,174537,2745,43412,10897,217949,California
Orange,2021-01-28,13274,274603,7264,148850,6010,125753,0,0,11345,183978,1913,45325,11354,229303,California
Orange,2021-01-29,13819,288422,8460,157310,5359,131112,0,0,10863,191908,2936,48261,10866,240169,California
Orange,2021-01-30,13227,301649,4523,161833,8704,139816,0,0,12433,203568,777,49038,12437,252606,California
Orange,2021-01-31,13869,315518,4936,166769,8933,148749,0,0,13397,216510,463,49501,13405,266011,California
Orange,2021-02-01,15055,330573,6545,173314,8510,157259,0,0,12529,226549,2498,51999,12537,278548,California
Orange,2021-02-02,15246,345819,8029,181343,7217,164476,0,0,12736,236820,2471,54470,12742,291290,California
Orange,2021-02-03,16831,362650,12489,193832,4342,168818,0,0,13833,247742,2917,57387,13839,305129,California
Orange,2021-02-04,20159,382809,13113,206945,7046,175864,0,0,14999,257622,5127,62514,15007,320136,California
Orange,2021-02-05,21022,403831,12078,219023,8944,184808,0,0,14610,265878,6365,68879,14621,334757,California
Orange,2021-02-06,16528,420359,10858,229881,5670,190478,0,0,11227,272041,5285,74164,11448,346205,California
Orange,2021-02-07,11608,431967,8120,238001,3488,193966,0,0,7608,275837,3983,78147,7779,353984,California
Orange,2021-02-08,15237,447204,8732,246733,6505,200471,0,0,9112,278859,6095,84242,9117,363101,California
Orange,2021-02-09,17922,465126,12149,258882,5773,206244,0,0,10800,282627,7046,91288,10814,373915,California
Orange,2021-02-10,21127,486253,11241,270123,9886,216130,0,0,12789,287197,8242,99530,12812,386727,California
Orange,2021-02-11,22444,508697,11618,281741,10826,226956,0,0,12491,289898,9814,109344,12515,399242,California
Orange,2021-02-12,25208,533905,12124,293865,13084,240040,0,0,14785,294351,10353,119697,14806,414048,California
Orange,2021-02-13,22150,556055,11993,305858,10157,250197,0,0,11156,295334,10830,130527,11813,425861,California
Orange,2021-02-14,16312,572367,6641,312499,9671,259868,0,0,9627,298314,6655,137182,9635,435496,California
Orange,2021-02-15,17500,589867,7524,320023,9976,269844,0,0,9021,298924,8433,145615,9043,444539,California
Orange,2021-02-16,20211,610078,9132,329155,11079,280923,0,0,10856,300523,9297,154912,10896,455435,California
Orange,2021-02-17,18209,628287,9538,338693,8671,289594,0,0,9288,301019,8861,163773,9357,464792,California
Orange,2021-02-18,15297,643584,10012,348705,5285,294879,0,0,6896,299610,8339,172112,6930,471722,California
Orange,2021-02-19,18412,661996,11004,359709,7408,302287,0,0,6961,295212,11385,183497,6987,478709,California
Orange,2021-02-20,7648,669644,5691,365400,1957,304244,0,0,3831,295283,3789,187286,3860,482569,California
Orange,2021-02-21,4693,674337,3989,369389,704,304948,0,0,972,292588,3675,190961,980,483549,California
Orange,2021-02-22,9837,684174,7999,377388,1838,306786,0,0,3981,290775,5820,196781,4007,487556,California
Orange,2021-02-23,13640,697814,7474,384862,6166,312952,0,0,3629,284509,9938,206719,3672,491228,California
Orange,2021-02-24,21421,719235,12935,397797,8486,321438,0,0,5458,274143,15893,222612,5527,496755,California
Orange,2021-02-25,23051,742286,12462,410259,10589,332027,0,0,8119,267462,14853,237465,8172,504927,California
Orange,2021-02-26,28277,770563,14312,424571,13965,345992,0,0,11437,262264,16703,254168,11505,516432,California
Orange,2021-02-27,25335,795898,10321,434892,15011,361003,3,3,7401,251919,17810,271978,7465,523897,California
Orange,2021-02-28,19283,815181,7485,442377,11798,372801,0,3,4898,242613,14247,286225,4941,528838,California
Orange,2021-03-01,18922,834103,8660,451037,10244,383045,18,21,7370,238610,11437,297662,7434,536272,California
Orange,2021-03-02,19654,853757,9494,460531,10156,393201,4,25,9587,238257,10006,307668,9653,545925,California
Orange,2021-03-03,21367,875124,10147,470678,11215,404416,5,30,11504,240055,9775,317443,11573,557498,California
Orange,2021-03-04,22904,898028,13154,483832,9736,414152,14,44,11823,240916,11035,328478,11896,569394,California
Orange,2021-03-05,21477,919505,11185,495017,10243,424395,49,93,13115,245865,8315,336793,13264,582658,California
Orange,2021-03-06,24447,943952,13429,508446,10142,434537,876,969,12898,248192,11497,348290,13824,596482,California
Orange,2021-03-07,15456,959408,8676,517122,6364,440901,416,1385,9000,251246,6414,354704,9468,605950,California
Orange,2021-03-08,17046,976454,7892,525014,7841,448742,1313,2698,10896,257432,6079,360783,12265,618215,California
Orange,2021-03-09,21327,997781,9870,534884,8989,457731,2468,5166,12559,263758,8724,369507,15050,633265,California
Orange,2021-03-10,25028,1022809,12286,547170,9280,467011,3462,8628,12601,267487,12358,381865,16087,649352,California
Orange,2021-03-11,29356,1052165,15896,563066,9201,476212,4259,12887,13552,269616,15697,397562,17826,667178,California
Orange,2021-03-12,29624,1081789,14411,577477,11329,487541,3884,16771,14831,273671,14698,412260,18753,685931,California
Orange,2021-03-13,28001,1109790,10295,587772,13746,501287,3960,20731,14137,277975,13801,426061,18105,704036,California
Orange,2021-03-14,18995,1128785,8256,596028,8188,509475,2551,23282,11836,285241,7123,433184,14389,718425,California
Orange,2021-03-15,23301,1152086,10284,606312,12249,521724,768,24050,14487,291785,8719,441903,15263,733688,California
Orange,2021-03-16,26665,1178751,11300,617612,15091,536815,274,24324,17194,299895,9384,451287,17494,751182,California
Orange,2021-03-17,27557,1206308,13713,631325,13281,550096,563,24887,19579,312148,7890,459177,20143,771325,California
Orange,2021-03-18,28124,1234432,14189,645514,13632,563728,303,25190,21755,327926,6296,465473,22074,793399,California
Orange,2021-03-19,33883,1268315,18644,664158,14785,578513,454,25644,25080,344789,8686,474159,25549,818948,California
Orange,2021-03-20,25956,1294271,13672,677830,12078,590591,206,25850,22087,363296,3796,477955,22303,841251,California
Orange,2021-03-21,18732,1313003,10864,688694,7121,597712,747,26597,15808,376968,2886,480841,16558,857809,California
Orange,2021-03-22,22964,1335967,11933,700627,10708,608420,323,26920,19279,393003,3580,484421,19615,877424,California
Orange,2021-03-23,26325,1362292,13760,714387,11919,620339,646,27566,20824,409067,5414,489835,21478,898902,California
Orange,2021-03-24,29405,1391697,16468,730855,12007,632346,930,28496,22034,424774,7263,497098,22970,921872,California
Orange,2021-03-25,32680,1424377,17375,748230,14587,646933,718,29214,24294,441511,8279,505377,25016,946888,California
Orange,2021-03-26,35100,1459477,18236,766466,15996,662929,868,30082,24903,457224,10070,515447,25783,972671,California
Orange,2021-03-27,28633,1488110,13720,780186,14597,677526,316,30398,19810,468632,8721,524168,20129,992800,California
Orange,2021-03-28,24980,1513090,12989,793175,11923,689449,68,30466,18626,481066,6267,530435,18701,1011501,California
Orange,2021-03-29,26708,1539798,12249,805424,13890,703339,569,31035,17841,490729,8752,539187,18415,1029916,California
Orange,2021-03-30,31051,1570849,14053,819477,16360,719699,638,31673,20450,501314,10503,549690,21088,1051004,California
Orange,2021-03-31,37359,1608208,19596,839073,17042,736741,721,32394,23705,512224,13518,563208,24428,1075432,California
Orange,2021-04-01,40875,1649083,21456,860529,17471,754212,1948,34342,26239,525948,14449,577657,28173,1103605,California
Orange,2021-04-02,40417,1689500,20393,880922,18165,772377,1859,36201,22734,532988,17560,595217,24600,1128205,California
Orange,2021-04-03,30490,1719990,15787,896709,12927,785304,1776,37977,14365,533091,16031,611248,16134,1144339,California
Orange,2021-04-04,18514,1738504,10745,907454,6996,792300,773,38750,8164,531738,10286,621534,8933,1153272,California
Orange,2021-04-05,30249,1768753,14142,921596,12680,804980,3427,42177,13845,532697,16307,637841,17266,1170538,California
Orange,2021-04-06,33644,1802397,15752,937348,14434,819414,3458,45635,14427,531447,19113,656954,17863,1188401,California
Orange,2021-04-07,36432,1838829,20248,957596,11525,830939,4659,50294,16036,531809,20296,677250,20658,1209059,California
Orange,2021-04-08,39487,1878316,21830,979426,12095,843034,5562,55856,19102,536178,20262,697512,24631,1233690,California
Orange,2021-04-09,41358,1919674,24061,1003487,12002,855036,5295,61151,18251,536698,22995,720507,23515,1257205,California
Orange,2021-04-10,34835,1954509,18379,1021866,12154,867190,4302,65453,14417,535078,20317,740824,18697,1275902,California
Orange,2021-04-11,25852,1980361,14644,1036510,7918,875108,3290,68743,9911,532378,15882,756706,13182,1289084,California
Orange,2021-04-12,30844,2011205,15573,1052083,11619,886727,3652,72395,12124,529499,18637,775343,15758,1304842,California
Orange,2021-04-13,32862,2044067,18505,1070588,14287,901014,70,72465,15302,527398,17476,792819,15375,1320217,California
Orange,2021-04-14,35065,2079132,20572,1091160,14457,915471,36,72501,15247,522995,19698,812517,15295,1335512,California
Orange,2021-04-15,40920,2120052,24922,1116082,15983,931454,15,72516,19047,520309,21743,834260,19057,1354569,California
Orange,2021-04-16,42130,2162182,24780,1140862,17320,948774,30,72546,19052,516464,22938,857198,19093,1373662,California
Orange,2021-04-17,30681,2192863,17401,1158263,13273,962047,7,72553,13474,512892,17059,874257,13487,1387149,California
Orange,2021-04-18,22298,2215161,13601,1171864,8697,970744,0,72553,8883,508438,13343,887600,8889,1396038,California
Orange,2021-04-19,33088,2248249,18288,1190152,14796,985540,4,72557,15229,505925,17752,905352,15239,1411277,California
Orange,2021-04-20,36623,2284872,19367,1209519,17249,1002789,7,72564,18234,505876,18296,923648,18247,1429524,California
Orange,2021-04-21,42478,2327350,24904,1234423,17565,1020354,9,72573,20161,503911,22139,945787,20174,1449698,California
Orange,2021-04-22,40142,2367492,21489,1255912,18643,1038997,10,72583,16733,497401,23261,969048,16751,1466449,California
Orange,2021-04-23,41086,2408578,21588,1277500,19490,1058487,8,72591,18399,493256,22562,991610,18417,1484866,California
Orange,2021-04-24,32131,2440709,16831,1294331,15268,1073755,32,72623,13492,488236,18547,1010157,13527,1498393,California
Orange,2021-04-25,23007,2463716,12990,1307321,10002,1083757,15,72638,9828,484977,13109,1023266,9850,1508243,California
Orange,2021-04-26,29295,2493011,14532,1321853,14564,1098321,199,72837,12694,481393,16480,1039746,12896,1521139,California
Orange,2021-04-27,31561,2524572,14963,1336816,15966,1114287,632,73469,11961,474572,19421,1059167,12600,1533739,California
Orange,2021-04-28,31449,2556021,15971,1352787,14594,1128881,884,74353,12637,469416,18677,1077844,13521,1547260,California
Orange,2021-04-29,32507,2588528,17958,1370745,13580,1142461,969,75322,11579,461151,20806,1098650,12541,1559801,California
Orange,2021-04-30,30265,2618793,17388,1388133,11930,1154391,947,76269,12909,457757,17240,1115890,13846,1573647,California
Orange,2021-05-01,22955,2641748,15733,1403866,6233,1160624,989,77258,8769,453440,14067,1129957,9750,1583397,California
Orange,2021-05-02,15442,2657190,10286,1414152,4511,1165135,645,77903,5377,449461,9995,1139952,6016,1589413,California
Orange,2021-05-03,20696,2677886,12642,1426794,7291,1172426,763,78666,6505,442628,14100,1154052,7267,1596680,California
Orange,2021-05-04,24204,2702090,13999,1440793,9285,1181711,920,79586,8269,435984,15820,1169872,9176,1605856,California
Orange,2021-05-05,25452,2727542,14453,1455246,10102,1191813,897,80483,8191,427950,17122,1186994,9088,1614944,California
Orange,2021-05-06,26554,2754096,16101,1471347,9452,1201265,1001,81484,7285,417095,19134,1206128,8279,1623223,California
Orange,2021-05-07,29098,2783194,17519,1488866,10525,1211790,1054,82538,8095,405456,20782,1226910,9143,1632366,California
Orange,2021-05-08,18695,2801889,12402,1501268,5492,1217282,801,83339,5406,398495,13158,1240068,6197,1638563,California
Orange,2021-05-09,10987,2812876,8350,1509618,2262,1219544,375,83714,2711,393353,8228,1248296,3086,1641649,California
Orange,2021-05-10,19234,2832110,11765,1521383,6687,1226231,782,84496,4254,383504,14886,1263182,5037,1646686,California
Orange,2021-05-11,22131,2854241,12284,1533667,9116,1235347,731,85227,5159,372523,16864,1280046,5883,1652569,California
Orange,2021-05-12,23929,2878170,14849,1548516,8243,1243590,837,86064,6485,362536,17307,1297353,7320,1659889,California
Orange,2021-05-13,22117,2900287,13713,1562229,7795,1251385,609,86673,8139,357420,13865,1311218,8749,1668638,California
Orange,2021-05-14,26829,2927116,17747,1579976,8230,1259615,852,87525,10438,352435,16246,1327464,11261,1679899,California
Orange,2021-05-15,20444,2947560,14760,1594736,5134,1264749,550,88075,8279,349163,12094,1339558,8822,1688721,California
Orange,2021-05-16,15206,2962766,12498,1607234,2369,1267118,339,88414,6453,347257,8696,1348254,6790,1695511,California
Orange,2021-05-17,19432,2982198,12725,1619959,6007,1273125,700,89114,6805,342189,12560,1360814,7492,1703003,California
Orange,2021-05-18,20568,3002766,11976,1631935,7922,1281047,670,89784,7968,338315,12505,1373319,8631,1711634,California
Orange,2021-05-19,22540,3025306,12900,1644835,8967,1290014,673,90457,7682,331923,14738,1388057,8346,1719980,California
Orange,2021-05-20,22409,3047715,13121,1657956,8620,1298634,668,91125,7704,325702,14594,1402651,8373,1728353,California
Orange,2021-05-21,25602,3073317,14657,1672613,10219,1308853,726,91851,8261,317523,17227,1419878,9048,1737401,California
Orange,2021-05-22,18292,3091609,12175,1684788,5570,1314423,547,92398,6947,313766,11254,1431132,7497,1744898,California
Orange,2021-05-23,9808,3101417,6725,1691513,2810,1317233,273,92671,3454,311183,6310,1437442,3727,1748625,California
Orange,2021-05-24,15406,3116823,9059,1700572,5725,1322958,622,93293,5666,307814,9650,1447092,6281,1754906,California
Orange,2021-05-25,15647,3132470,9212,1709784,5910,1328868,525,93818,5565,303928,9971,1457063,6085,1760991,California
Orange,2021-05-26,15260,3147730,8563,1718347,6196,1335064,501,94319,5621,300494,9547,1466610,6113,1767104,California
Orange,2021-05-27,14414,3162144,8678,1727025,5192,1340256,544,94863,6300,299367,8038,1474648,6911,1774015,California
Orange,2021-05-28,16813,3178957,9912,1736937,6272,1346528,629,95492,7364,298046,9355,1484003,8034,1782049,California
Orange,2021-05-29,8989,3187946,5264,1742201,3366,1349894,359,95851,4062,297690,4870,1488873,4514,1786563,California
Orange,2021-05-30,5985,3193931,3886,1746087,1822,1351716,277,96128,2140,296312,3809,1492682,2431,1788994,California
Orange,2021-05-31,1696,3195627,1051,1747138,598,1352314,47,96175,520,295737,1157,1493839,582,1789576,California
Orange,2021-06-01,13395,3209022,7778,1754916,5127,1357441,490,96665,4983,293066,8305,1502144,5634,1795210,California
Orange,2021-06-02,13012,3222034,8061,1762977,4533,1361974,418,97083,4461,289585,8401,1510545,4920,1800130,California
Orange,2021-06-03,12882,3234916,8895,1771872,3533,1365507,454,97537,4390,286017,8430,1518975,4862,1804992,California
Orange,2021-06-04,17136,3252052,12149,1784021,4408,1369915,579,98116,5234,280025,11816,1530791,5824,1810816,California
Orange,2021-06-05,12921,3264973,9751,1793772,2789,1372704,381,98497,3837,275244,9028,1539819,4247,1815063,California
Orange,2021-06-06,5338,3270311,4535,1798307,603,1373307,200,98697,1934,273998,3383,1543202,2137,1817200,California
Orange,2021-06-07,10773,3281084,7617,1805924,2692,1375999,464,99161,3415,270603,7285,1550487,3890,1821090,California
Orange,2021-06-08,12184,3293268,8774,1814698,2901,1378900,509,99670,3797,266627,8296,1558783,4320,1825410,California
Orange,2021-06-09,11730,3304998,8120,1822818,3153,1382053,457,100127,3312,262058,8333,1567116,3764,1829174,California
Orange,2021-06-10,11578,3316576,8424,1831242,2692,1384745,462,100589,3407,257816,8111,1575227,3869,1833043,California
Orange,2021-06-11,13255,3329831,9311,1840553,3446,1388191,498,101087,4284,253719,8881,1584108,4784,1837827,California
Orange,2021-06-12,9795,3339626,7499,1848052,1980,1390171,316,101403,3023,250343,6718,1590826,3342,1841169,California
Orange,2021-06-13,4043,3343669,2944,1850996,937,1391108,162,101565,1052,248601,2958,1593784,1216,1842385,California
Orange,2021-06-14,9841,3353510,7178,1858174,2205,1393313,458,102023,3348,245967,6441,1600225,3807,1846192,California
Orange,2021-06-15,10183,3363693,7334,1865508,2417,1395730,432,102455,3571,243429,6538,1606763,4000,1850192,California
Orange,2021-06-16,9556,3373249,6868,1872376,2222,1397952,466,102921,3280,240954,6217,1612980,3742,1853934,California
Orange,2021-06-17,9317,3382566,7040,1879416,1913,1399865,364,103285,3324,238712,5932,1618912,3690,1857624,California
Orange,2021-06-18,11035,3393601,8030,1887446,2527,1402392,478,103763,3849,235927,7109,1626021,4324,1861948,California
Orange,2021-06-19,6299,3399900,4705,1892151,1355,1403747,239,104002,2606,235134,3643,1629664,2850,1864798,California
Orange,2021-06-20,3073,3402973,2385,1894536,595,1404342,93,104095,1043,234257,2017,1631681,1140,1865938,California
Orange,2021-06-21,6598,3409571,4538,1899074,1630,1405972,430,104525,3563,235247,3005,1634686,3995,1869933,California
Orange,2021-06-22,7664,3417235,5665,1904739,1649,1407621,350,104875,2918,233837,4680,1639366,3270,1873203,California
Orange,2021-06-23,7293,3424528,5479,1910218,1514,1409135,300,105175,2959,232806,4288,1643654,3257,1876460,California
Orange,2021-06-24,6913,3431441,5188,1915406,1373,1410508,352,105527,2928,232136,3949,1647603,3279,1879739,California
Orange,2021-06-25,3716,3435157,2623,1918029,834,1411342,259,105786,1331,231354,2368,1649971,1586,1881325,California
Placer,2020-12-15,29,29,29,29,0,0,0,0,29,29,0,0,29,29,California
Placer,2020-12-16,56,85,56,85,0,0,0,0,56,85,0,0,56,85,California
Placer,2020-12-17,148,233,148,233,0,0,0,0,148,233,0,0,148,233,California
Placer,2020-12-18,429,662,429,662,0,0,0,0,429,662,0,0,429,662,California
Placer,2020-12-19,253,915,253,915,0,0,0,0,253,915,0,0,253,915,California
Placer,2020-12-20,234,1149,234,1149,0,0,0,0,234,1149,0,0,234,1149,California
Placer,2020-12-21,498,1647,496,1645,2,2,0,0,498,1647,0,0,498,1647,California
Placer,2020-12-22,678,2325,671,2316,7,9,0,0,678,2325,0,0,678,2325,California
Placer,2020-12-23,757,3082,668,2984,89,98,0,0,757,3082,0,0,757,3082,California
Placer,2020-12-24,405,3487,351,3335,54,152,0,0,405,3487,0,0,405,3487,California
Placer,2020-12-26,159,3646,114,3449,45,197,0,0,159,3646,0,0,159,3646,California
Placer,2020-12-27,184,3830,162,3611,22,219,0,0,184,3830,0,0,184,3830,California
Placer,2020-12-28,668,4498,540,4151,128,347,0,0,668,4498,0,0,668,4498,California
Placer,2020-12-29,769,5267,517,4668,252,599,0,0,769,5267,0,0,769,5267,California
Placer,2020-12-30,733,6000,457,5125,276,875,0,0,731,5998,0,0,731,5998,California
Placer,2020-12-31,541,6541,354,5479,187,1062,0,0,541,6539,0,0,541,6539,California
Placer,2021-01-01,16,6557,12,5491,4,1066,0,0,16,6555,0,0,16,6555,California
Placer,2021-01-02,187,6744,154,5645,33,1099,0,0,187,6742,0,0,187,6742,California
Placer,2021-01-03,154,6898,79,5724,75,1174,0,0,154,6896,0,0,154,6896,California
Placer,2021-01-04,621,7519,179,5903,442,1616,0,0,621,7517,0,0,621,7517,California
Placer,2021-01-05,733,8252,160,6063,573,2189,0,0,644,8074,88,88,645,8162,California
Placer,2021-01-06,765,9017,249,6312,516,2705,0,0,613,8535,152,240,613,8775,California
Placer,2021-01-07,990,10007,369,6681,621,3326,0,0,763,9071,227,467,763,9538,California
Placer,2021-01-08,1187,11194,530,7211,657,3983,0,0,796,9479,388,855,796,10334,California
Placer,2021-01-09,454,11648,321,7532,133,4116,0,0,237,9500,216,1071,237,10571,California
Placer,2021-01-10,331,11979,187,7719,144,4260,0,0,163,9495,168,1239,163,10734,California
Placer,2021-01-11,1438,13417,814,8533,624,4884,0,0,844,9746,594,1833,845,11579,California
Placer,2021-01-12,1675,15092,893,9426,782,5666,0,0,1062,10197,612,2445,1063,12642,California
Placer,2021-01-13,1653,16745,833,10259,820,6486,0,0,1221,10991,430,2875,1224,13866,California
Placer,2021-01-14,1804,18549,668,10927,1136,7622,0,0,1440,12071,361,3236,1441,15307,California
Placer,2021-01-15,1942,20491,722,11649,1220,8842,0,0,1590,13311,351,3587,1591,16898,California
Placer,2021-01-16,1477,21968,718,12367,759,9601,0,0,1355,14545,122,3709,1356,18254,California
Placer,2021-01-17,570,22538,399,12766,171,9772,0,0,432,14839,138,3847,432,18686,California
Placer,2021-01-18,997,23535,557,13323,440,10212,0,0,756,15355,241,4088,757,19443,California
Placer,2021-01-19,2635,26170,1969,15292,666,10878,0,0,2176,17073,459,4547,2177,21620,California
Placer,2021-01-20,2290,28460,1712,17004,578,11456,0,0,1955,18694,335,4882,1956,23576,California
Placer,2021-01-21,2588,31048,1132,18136,1456,12912,0,0,2186,20480,401,5283,2187,25763,California
Placer,2021-01-22,2371,33419,649,18785,1722,14634,0,0,2197,22506,172,5455,2198,27961,California
Placer,2021-01-23,1203,34622,387,19172,816,15450,0,0,1045,23393,158,5613,1045,29006,California
Placer,2021-01-24,504,35126,259,19431,245,15695,0,0,432,23754,72,5685,433,29439,California
Placer,2021-01-25,1685,36811,807,20238,878,16573,0,0,1390,24850,295,5980,1391,30830,California
Placer,2021-01-26,1881,38692,1043,21281,838,17411,0,0,1613,26195,268,6248,1613,32443,California
Placer,2021-01-27,1864,40556,1168,22449,696,18107,0,0,1611,27556,251,6499,1612,34055,California
Placer,2021-01-28,1815,42371,1127,23576,688,18795,0,0,1562,28867,251,6750,1562,35617,California
Placer,2021-01-29,1918,44289,1180,24756,738,19533,0,0,1719,30389,198,6948,1720,37337,California
Placer,2021-01-30,1752,46041,978,25734,774,20307,0,0,1629,31897,121,7069,1629,38966,California
Placer,2021-01-31,787,46828,626,26360,161,20468,0,0,717,32545,70,7139,718,39684,California
Placer,2021-02-01,2090,48918,1105,27465,985,21453,0,0,1773,34002,316,7455,1773,41457,California
Placer,2021-02-02,2417,51335,1554,29019,863,22316,0,0,1909,35406,505,7960,1909,43366,California
Placer,2021-02-03,2934,54269,1887,30906,1047,23363,0,0,2307,37090,623,8583,2307,45673,California
Placer,2021-02-04,2783,57052,1192,32098,1591,24954,0,0,1944,38200,835,9418,1945,47618,California
Placer,2021-02-05,2755,59807,1227,33325,1528,26482,0,0,1405,38260,1345,10763,1405,49023,California
Placer,2021-02-06,1976,61783,1335,34660,641,27123,0,0,1425,39135,550,11313,1425,50448,California
Placer,2021-02-07,1223,63006,911,35571,312,27435,0,0,936,39785,286,11599,936,51384,California
Placer,2021-02-08,3319,66325,1778,37349,1541,28976,0,0,1954,40382,1358,12957,1955,53339,California
Placer,2021-02-09,3574,69899,2187,39536,1387,30363,0,0,1653,40117,1918,14875,1653,54992,California
Placer,2021-02-10,3783,73682,2215,41751,1568,31931,0,0,1762,39864,2017,16892,1764,56756,California
Placer,2021-02-11,3730,77412,1921,43672,1809,33740,0,0,1583,39315,2133,19025,1584,58340,California
Placer,2021-02-12,2873,80285,1341,45013,1532,35272,0,0,1674,39828,1162,20187,1675,60015,California
Placer,2021-02-13,2540,82825,1473,46486,1067,36339,0,0,1892,41072,648,20835,1892,61907,California
Placer,2021-02-14,1092,83917,685,47171,407,36746,0,0,740,41462,350,21185,740,62647,California
Placer,2021-02-15,2255,86172,1044,48215,1211,37957,0,0,1547,42302,708,21893,1548,64195,California
Placer,2021-02-16,3601,89773,1798,50013,1803,39760,0,0,1598,41907,1994,23887,1599,65794,California
Placer,2021-02-17,3565,93338,1981,51994,1584,41344,0,0,1517,41381,2044,25931,1518,67312,California
Placer,2021-02-18,3845,97183,2076,54070,1769,43113,0,0,1636,40820,2198,28129,1637,68949,California
Placer,2021-02-19,3649,100832,1957,56027,1692,44805,0,0,1361,39899,2283,30412,1362,70311,California
Placer,2021-02-20,2078,102910,1307,57334,771,45576,0,0,939,39710,1131,31543,942,71253,California
Placer,2021-02-21,1017,103927,753,58087,264,45840,0,0,286,39269,728,32271,287,71540,California
Placer,2021-02-22,2526,106453,1764,59851,762,46602,0,0,608,37960,1917,34188,608,72148,California
Placer,2021-02-23,2647,109100,1613,61464,1034,47636,0,0,899,37112,1747,35935,899,73047,California
Placer,2021-02-24,3339,112439,1198,62662,2141,49777,0,0,1812,37409,1517,37452,1814,74861,California
Placer,2021-02-25,3740,116179,1548,64210,2192,51969,0,0,2046,37772,1686,39138,2049,76910,California
Placer,2021-02-26,4277,120456,2455,66665,1822,53791,0,0,2481,38462,1792,40930,2482,79392,California
Placer,2021-02-27,2919,123375,1538,68203,1381,55172,0,0,1500,38550,1414,42344,1502,80894,California
Placer,2021-02-28,1593,124968,875,69078,717,55889,1,1,734,38431,854,43198,735,81629,California
Placer,2021-03-01,3209,128177,2135,71213,1074,56963,0,1,1637,38503,1565,44763,1637,83266,California
Placer,2021-03-02,2920,131097,1802,73015,1118,58081,0,1,1903,39399,1007,45770,1903,85169,California
Placer,2021-03-03,3395,134492,1480,74495,1914,59995,1,2,1857,39727,1531,47301,1859,87028,California
Placer,2021-03-04,3640,138132,1463,75958,2177,62172,0,2,1897,39894,1731,49032,1898,88926,California
Placer,2021-03-05,3014,141146,1034,76992,1959,64131,21,23,1811,40526,1200,50232,1832,90758,California
Placer,2021-03-06,2444,143590,1513,78505,836,64967,95,118,941,40067,1495,51727,1036,91794,California
Placer,2021-03-07,1325,144915,774,79279,511,65478,40,158,548,39881,774,52501,588,92382,California
Placer,2021-03-08,2921,147836,1834,81113,974,66452,113,271,1654,40383,1265,53766,1767,94149,California
Placer,2021-03-09,3217,151053,1713,82826,1413,67865,91,362,1847,40954,1367,55133,1938,96087,California
Placer,2021-03-10,3318,154371,1340,84166,1871,69736,107,469,1728,41204,1584,56717,1834,97921,California
Placer,2021-03-11,3671,158042,1670,85836,1876,71612,125,594,1754,41179,1906,58623,1881,99802,California
Placer,2021-03-12,3702,161744,1495,87331,1426,73038,781,1375,1246,40763,2445,61068,2029,101831,California
Placer,2021-03-13,2137,163881,751,88082,1264,74302,122,1497,1110,40971,1024,62092,1232,103063,California
Placer,2021-03-14,1653,165534,681,88763,821,75123,151,1648,894,41257,759,62851,1045,104108,California
Placer,2021-03-15,3228,168762,1554,90317,1544,76667,130,1778,1776,41715,1449,64300,1907,106015,California
Placer,2021-03-16,3624,172386,1949,92266,1541,78208,134,1912,2313,42862,1300,65600,2447,108462,California
Placer,2021-03-17,3471,175857,1748,94014,1619,79827,104,2016,2232,43963,1236,66836,2337,110799,California
Placer,2021-03-18,4128,179985,2342,96356,1747,81574,39,2055,2868,45616,1253,68089,2906,113705,California
Placer,2021-03-19,3469,183454,2078,98434,1123,82697,268,2323,2162,46745,1298,69387,2427,116132,California
Placer,2021-03-20,2166,185620,910,99344,1157,83854,99,2422,1309,47300,852,70239,1407,117539,California
Placer,2021-03-21,1270,186890,585,99929,675,84529,10,2432,886,47815,381,70620,896,118435,California
Placer,2021-03-22,3318,190208,2122,102051,1104,85633,92,2524,2158,48909,1156,71776,2250,120685,California
Placer,2021-03-23,3595,193803,2124,104175,1381,87014,90,2614,2570,50550,1020,72796,2661,123346,California
Placer,2021-03-24,3809,197612,2008,106183,1703,88717,98,2712,1919,50701,1867,74663,2018,125364,California
Placer,2021-03-25,3868,201480,1870,108053,1898,90615,100,2812,1729,50401,2128,76791,1828,127192,California
Placer,2021-03-26,3795,205275,1677,109730,1886,92501,232,3044,1522,49897,2258,79049,1754,128946,California
Placer,2021-03-27,1612,206887,481,110211,1110,93611,21,3065,609,49530,996,80045,629,129575,California
Placer,2021-03-28,1116,208003,530,110741,576,94187,10,3075,303,49035,808,80853,313,129888,California
Placer,2021-03-29,3584,211587,1999,112740,1549,95736,36,3111,1730,48959,1845,82698,1769,131657,California
Placer,2021-03-30,3985,215572,2099,114839,1842,97578,44,3155,2078,49187,1893,84591,2121,133778,California
Placer,2021-03-31,4121,219693,1838,116677,2209,99787,74,3229,1689,48524,2425,87016,1762,135540,California
Placer,2021-04-01,3004,222697,1446,118123,1510,101297,48,3277,1669,48912,1329,88345,1717,137257,California
Placer,2021-04-02,2849,225546,1455,119578,1327,102624,67,3344,1596,49328,1246,89591,1662,138919,California
Placer,2021-04-03,1867,227413,997,120575,741,103365,129,3473,895,49386,964,90555,1022,139941,California
Placer,2021-04-04,716,228129,367,120942,296,103661,53,3526,287,49301,425,90980,340,140281,California
Placer,2021-04-05,3024,231153,1913,122855,924,104585,187,3713,1755,49978,1264,92244,1941,142222,California
Placer,2021-04-06,4320,235473,2497,125352,1520,106105,303,4016,1537,49042,2775,95019,1839,144061,California
Placer,2021-04-07,4573,240046,2608,127960,1500,107605,465,4481,2087,49111,2479,97498,2548,146609,California
Placer,2021-04-08,4743,244789,2616,130576,1581,109186,546,5027,1586,48098,3144,100642,2131,148740,California
Placer,2021-04-09,4155,248944,2281,132857,1249,110435,625,5652,1246,47071,2900,103542,1873,150613,California
Placer,2021-04-10,2049,250993,886,133743,980,111415,183,5835,881,46969,1165,104707,1063,151676,California
Placer,2021-04-11,1363,252356,535,134278,795,112210,33,5868,458,46558,901,105608,490,152166,California
Placer,2021-04-12,4136,256492,2663,136941,1086,113296,387,6255,2475,47769,1651,107259,2862,155028,California
Placer,2021-04-13,4371,260863,3006,139947,1364,114660,1,6256,2189,47783,2177,109436,2191,157219,California
Placer,2021-04-14,4182,265045,2597,142544,1584,116244,1,6257,1862,47336,2309,111745,1862,159081,California
Placer,2021-04-15,4528,269573,2520,145064,2007,118251,1,6258,2360,47538,2159,113904,2361,161442,California
Placer,2021-04-16,3711,273284,2201,147265,1510,119761,0,6258,1450,46733,2255,116159,1450,162892,California
Placer,2021-04-17,2442,275726,853,148118,1589,121350,0,6258,1527,47352,909,117068,1528,164420,California
Placer,2021-04-18,1233,276959,298,148416,935,122285,0,6258,437,46995,794,117862,437,164857,California
Placer,2021-04-19,2969,279928,1828,150244,1141,123426,0,6258,1168,46369,1796,119658,1170,166027,California
Placer,2021-04-20,3913,283841,2560,152804,1353,124779,0,6258,2450,47365,1454,121112,2450,168477,California
Placer,2021-04-21,3818,287659,2536,155340,1281,126060,1,6259,2481,48514,1333,122445,2482,170959,California
Placer,2021-04-22,3738,291397,2332,157672,1406,127466,0,6259,1789,48359,1944,124389,1789,172748,California
Placer,2021-04-23,3583,294980,2381,160053,1201,128667,1,6260,1405,47594,2171,126560,1406,174154,California
Placer,2021-04-24,2084,297064,1267,161320,816,129483,1,6261,1214,47947,861,127421,1214,175368,California
Placer,2021-04-25,908,297972,500,161820,408,129891,0,6261,557,48153,351,127772,557,175925,California
Placer,2021-04-26,2513,300485,1360,163180,1129,131020,24,6285,1211,48095,1293,129065,1235,177160,California
Placer,2021-04-27,2796,303281,1479,164659,1268,132288,49,6334,1587,48527,1205,130270,1637,178797,California
Placer,2021-04-28,3062,306343,1916,166575,1110,133398,36,6370,1617,48746,1435,131705,1654,180451,California
Placer,2021-04-29,3446,309789,2247,168822,1145,134543,54,6424,1454,48268,1986,133691,1508,181959,California
Placer,2021-04-30,3015,312804,1826,170648,1140,135683,49,6473,1203,47714,1806,135497,1252,183211,California
Placer,2021-05-01,1338,314142,935,171583,378,136061,25,6498,612,47630,720,136217,636,183847,California
Placer,2021-05-02,734,314876,571,172154,141,136202,22,6520,330,47580,402,136619,352,184199,California
Placer,2021-05-03,1620,316496,999,173153,554,136756,67,6587,442,46913,1175,137794,508,184707,California
Placer,2021-05-04,2367,318863,1357,174510,844,137600,166,6753,880,46479,1480,139274,1046,185753,California
Placer,2021-05-05,3730,322593,2538,177048,1087,138687,105,6858,976,44815,2745,142019,1081,186834,California
Placer,2021-05-06,3097,325690,1893,178941,1128,139815,76,6934,811,43443,2259,144278,887,187721,California
Placer,2021-05-07,2819,328509,1895,180836,831,140646,93,7027,791,42311,2016,146294,884,188605,California
Placer,2021-05-08,1338,329847,711,181547,584,141230,43,7070,392,41799,945,147239,433,189038,California
Placer,2021-05-09,433,330280,203,181750,209,141439,21,7091,194,41775,239,147478,215,189253,California
Placer,2021-05-10,1925,332205,1028,182778,801,142240,96,7187,425,40801,1495,148973,521,189774,California
Placer,2021-05-11,2901,335106,2068,184846,715,142955,118,7305,595,39217,2297,151270,713,190487,California
Placer,2021-05-12,2878,337984,1998,186844,823,143778,57,7362,677,37759,2194,153464,736,191223,California
Placer,2021-05-13,2874,340858,1856,188700,970,144748,48,7410,1014,36962,1858,155322,1061,192284,California
Placer,2021-05-14,2850,343708,1874,190574,840,145588,136,7546,1375,37007,1460,156782,1505,193789,California
Placer,2021-05-15,2095,345803,1360,191934,711,146299,24,7570,929,36800,1160,157942,953,194742,California
Placer,2021-05-16,1016,346819,529,192463,468,146767,19,7589,344,36493,670,158612,363,195105,California
Placer,2021-05-17,2361,349180,1572,194035,713,147480,76,7665,1020,36252,1337,159949,1096,196201,California
Placer,2021-05-18,2489,351669,1669,195704,740,148220,80,7745,1110,36066,1375,161324,1189,197390,California
Placer,2021-05-19,2541,354210,1594,197298,901,149121,46,7791,873,35322,1663,162987,919,198309,California
Placer,2021-05-20,2533,356743,1640,198938,845,149966,48,7839,862,34570,1662,164649,910,199219,California
Placer,2021-05-21,2447,359190,1530,200468,772,150738,145,7984,1055,34397,1384,166033,1211,200430,California
Placer,2021-05-22,1606,360796,1056,201524,508,151246,42,8026,759,34356,842,166875,801,201231,California
Placer,2021-05-23,597,361393,331,201855,251,151497,15,8041,268,34311,329,167204,284,201515,California
Placer,2021-05-24,1490,362883,745,202600,606,152103,139,8180,436,33834,1052,168256,575,202090,California
Placer,2021-05-25,1793,364676,942,203542,751,152854,100,8280,638,33424,1148,169404,738,202828,California
Placer,2021-05-26,1582,366258,906,204448,637,153491,39,8319,609,33105,968,170372,649,203477,California
Placer,2021-05-27,1465,367723,721,205169,699,154190,45,8364,661,33020,794,171166,709,204186,California
Placer,2021-05-28,1706,369429,858,206027,751,154941,97,8461,730,32886,971,172137,837,205023,California
Placer,2021-05-29,749,370178,404,206431,314,155255,31,8492,377,32935,368,172505,417,205440,California
Placer,2021-05-30,342,370520,229,206660,99,155354,14,8506,210,33037,131,172636,233,205673,California
Placer,2021-05-31,147,370667,69,206729,61,155415,17,8523,30,32967,116,172752,46,205719,California
Placer,2021-06-01,1675,372342,882,207611,720,156135,73,8596,590,32597,1079,173831,709,206428,California
Placer,2021-06-02,1504,373846,760,208371,676,156811,68,8664,488,32139,1015,174846,557,206985,California
Placer,2021-06-03,1701,375547,1028,209399,615,157426,58,8722,430,31362,1266,176112,489,207474,California
Placer,2021-06-04,1855,377402,1314,210713,487,157913,54,8776,452,30475,1394,177506,507,207981,California
Placer,2021-06-05,1086,378488,770,211483,275,158188,41,8817,271,29977,811,178317,313,208294,California
Placer,2021-06-06,484,378972,345,211828,122,158310,17,8834,125,29761,358,178675,142,208436,California
Placer,2021-06-07,1054,380026,719,212547,263,158573,72,8906,226,29233,825,179500,297,208733,California
Placer,2021-06-08,1719,381745,1307,213854,363,158936,49,8955,427,28425,1289,180789,481,209214,California
Placer,2021-06-09,1166,382911,848,214702,265,159201,53,9008,259,27836,904,181693,315,209529,California
Placer,2021-06-10,1246,384157,854,215556,316,159517,76,9084,306,27279,937,182630,380,209909,California
Placer,2021-06-11,1490,385647,1072,216628,359,159876,59,9143,342,26537,1143,183773,401,210310,California
Placer,2021-06-12,1011,386658,752,217380,233,160109,26,9169,220,25994,789,184562,246,210556,California
Placer,2021-06-13,393,387051,302,217682,80,160189,11,9180,101,25815,291,184853,112,210668,California
Placer,2021-06-14,775,387826,529,218211,201,160390,45,9225,233,25556,537,185390,278,210946,California
Placer,2021-06-15,1286,389112,860,219071,364,160754,62,9287,431,25199,851,186241,494,211440,California
Placer,2021-06-16,1031,390143,745,219816,231,160985,55,9342,335,24893,695,186936,389,211829,California
Placer,2021-06-17,880,391023,607,220423,235,161220,38,9380,277,24609,599,187535,315,212144,California
Placer,2021-06-18,1153,392176,764,221187,300,161520,89,9469,380,24307,772,188307,470,212614,California
Placer,2021-06-19,604,392780,434,221621,136,161656,34,9503,234,24208,366,188673,267,212881,California
Placer,2021-06-20,281,393061,231,221852,43,161699,7,9510,107,24149,172,188845,113,212994,California
Placer,2021-06-21,474,393535,277,222129,167,161866,30,9540,230,24165,244,189089,260,213254,California
Placer,2021-06-22,884,394419,623,222752,208,162074,53,9593,267,23875,610,189699,320,213574,California
Placer,2021-06-23,839,395258,608,223360,184,162258,47,9640,385,23854,453,190152,432,214006,California
Placer,2021-06-24,802,396060,500,223860,255,162513,47,9687,297,23696,503,190655,345,214351,California
Placer,2021-06-25,580,396640,400,224260,134,162647,46,9733,207,23581,368,191023,253,214604,California
Plumas,2020-12-18,3,3,3,3,0,0,0,0,3,3,0,0,3,3,California
Plumas,2020-12-19,1,4,1,4,0,0,0,0,1,4,0,0,1,4,California
Plumas,2020-12-21,45,49,45,49,0,0,0,0,45,49,0,0,45,49,California
Plumas,2020-12-22,92,141,92,141,0,0,0,0,92,141,0,0,92,141,California
Plumas,2020-12-23,50,191,50,191,0,0,0,0,50,191,0,0,50,191,California
Plumas,2020-12-24,6,197,6,197,0,0,0,0,6,197,0,0,6,197,California
Plumas,2020-12-28,8,205,0,197,8,8,0,0,8,205,0,0,8,205,California
Plumas,2020-12-29,32,237,22,219,10,18,0,0,32,237,0,0,32,237,California
Plumas,2020-12-30,23,260,1,220,22,40,0,0,23,260,0,0,23,260,California
Plumas,2020-12-31,4,264,1,221,3,43,0,0,4,264,0,0,4,264,California
Plumas,2021-01-01,1,265,0,221,1,44,0,0,1,265,0,0,1,265,California
Plumas,2021-01-02,1,266,0,221,1,45,0,0,1,266,0,0,1,266,California
Plumas,2021-01-04,10,276,4,225,6,51,0,0,10,276,0,0,10,276,California
Plumas,2021-01-05,22,298,2,227,20,71,0,0,22,298,0,0,22,298,California
Plumas,2021-01-06,123,421,5,232,118,189,0,0,123,421,0,0,123,421,California
Plumas,2021-01-07,53,474,2,234,51,240,0,0,52,472,1,1,52,473,California
Plumas,2021-01-08,11,485,4,238,7,247,0,0,8,477,3,4,8,481,California
Plumas,2021-01-09,2,487,2,240,0,247,0,0,1,477,1,5,1,482,California
Plumas,2021-01-11,58,545,50,290,8,255,0,0,11,441,47,52,11,493,California
Plumas,2021-01-12,155,700,86,376,69,324,0,0,71,428,84,136,71,564,California
Plumas,2021-01-13,55,755,50,426,5,329,0,0,9,391,46,182,9,573,California
Plumas,2021-01-14,97,852,14,440,83,412,0,0,92,478,5,187,92,665,California
Plumas,2021-01-15,62,914,7,447,55,467,0,0,60,536,2,189,60,725,California
Plumas,2021-01-16,58,972,1,448,57,524,0,0,58,594,0,189,58,783,California
Plumas,2021-01-18,2,974,1,449,1,525,0,0,2,596,0,189,2,785,California
Plumas,2021-01-19,36,1010,5,454,31,556,0,0,32,624,4,193,32,817,California
Plumas,2021-01-20,121,1131,3,457,118,674,0,0,119,741,2,195,119,936,California
Plumas,2021-01-21,112,1243,2,459,110,784,0,0,112,853,0,195,112,1048,California
Plumas,2021-01-22,5,1248,1,460,4,788,0,0,5,858,0,195,5,1053,California
Plumas,2021-01-23,93,1341,2,462,91,879,0,0,93,951,0,195,93,1146,California
Plumas,2021-01-24,1,1342,1,463,0,879,0,0,1,952,0,195,1,1147,California
Plumas,2021-01-25,10,1352,7,470,3,882,0,0,7,956,3,198,7,1154,California
Plumas,2021-01-26,59,1411,2,472,57,939,0,0,51,999,8,206,51,1205,California
Plumas,2021-01-27,26,1437,20,492,6,945,0,0,6,985,20,226,6,1211,California
Plumas,2021-01-28,24,1461,0,492,24,969,0,0,22,1005,2,228,22,1233,California
Plumas,2021-01-29,9,1470,3,495,6,975,0,0,8,1012,1,229,8,1241,California
Plumas,2021-01-30,11,1481,4,499,7,982,0,0,9,1019,2,231,9,1250,California
Plumas,2021-01-31,3,1484,3,502,0,982,0,0,3,1022,0,231,3,1253,California
Plumas,2021-02-01,19,1503,3,505,16,998,0,0,11,1025,8,239,11,1264,California
Plumas,2021-02-02,24,1527,4,509,20,1018,0,0,4,1009,20,259,4,1268,California
Plumas,2021-02-03,128,1655,8,517,120,1138,0,0,13,908,114,373,13,1281,California
Plumas,2021-02-04,102,1757,8,525,94,1232,0,0,23,852,79,452,23,1304,California
Plumas,2021-02-05,24,1781,11,536,13,1245,0,0,9,846,15,467,9,1313,California
Plumas,2021-02-06,8,1789,1,537,7,1252,0,0,8,854,0,467,8,1321,California
Plumas,2021-02-08,16,1805,7,544,9,1261,0,0,4,846,12,479,4,1325,California
Plumas,2021-02-09,172,1977,2,546,170,1431,0,0,112,898,60,539,112,1437,California
Plumas,2021-02-10,87,2064,9,555,78,1509,0,0,79,970,8,547,80,1517,California
Plumas,2021-02-11,320,2384,6,561,314,1823,0,0,261,1172,59,606,261,1778,California
Plumas,2021-02-12,124,2508,4,565,120,1943,0,0,119,1286,5,611,119,1897,California
Plumas,2021-02-13,75,2583,5,570,70,2013,0,0,15,1241,60,671,15,1912,California
Plumas,2021-02-14,8,2591,5,575,3,2016,0,0,8,1249,0,671,8,1920,California
Plumas,2021-02-15,26,2617,5,580,21,2037,0,0,23,1269,3,674,23,1943,California
Plumas,2021-02-16,77,2694,4,584,73,2110,0,0,14,1220,63,737,14,1957,California
Plumas,2021-02-17,136,2830,5,589,131,2241,0,0,12,1108,124,861,12,1969,California
Plumas,2021-02-18,130,2960,6,595,124,2365,0,0,21,1021,109,970,22,1991,California
Plumas,2021-02-19,43,3003,6,601,37,2402,0,0,7,992,36,1006,7,1998,California
Plumas,2021-02-20,105,3108,7,608,98,2500,0,0,13,913,92,1098,13,2011,California
Plumas,2021-02-21,6,3114,5,613,1,2501,0,0,2,911,4,1102,2,2013,California
Plumas,2021-02-22,4,3118,2,615,2,2503,0,0,1,909,3,1105,1,2014,California
Plumas,2021-02-23,24,3142,5,620,19,2522,0,0,17,919,7,1112,17,2031,California
Plumas,2021-02-24,459,3601,8,628,451,2973,0,0,446,1352,13,1125,446,2477,California
Plumas,2021-02-25,234,3835,12,640,222,3195,0,0,169,1456,65,1190,169,2646,California
Plumas,2021-02-26,268,4103,9,649,259,3454,0,0,260,1709,8,1198,261,2907,California
Plumas,2021-02-27,41,4144,4,653,37,3491,0,0,34,1736,7,1205,34,2941,California
Plumas,2021-02-28,1,4145,0,653,1,3492,0,0,1,1737,0,1205,1,2942,California
Plumas,2021-03-01,20,4165,6,659,14,3506,0,0,12,1742,7,1212,12,2954,California
Plumas,2021-03-02,10,4175,0,659,10,3516,0,0,7,1747,2,1214,7,2961,California
Plumas,2021-03-03,155,4330,11,670,144,3660,0,0,138,1868,17,1231,138,3099,California
Plumas,2021-03-04,253,4583,9,679,244,3904,0,0,231,2077,22,1253,231,3330,California
Plumas,2021-03-05,399,4982,6,685,388,4292,5,5,388,2459,11,1264,393,3723,California
Plumas,2021-03-06,19,5001,2,687,9,4301,8,13,3,2454,16,1280,11,3734,California
Plumas,2021-03-07,13,5014,2,689,2,4303,9,22,3,2456,10,1290,12,3746,California
Plumas,2021-03-08,30,5044,3,692,3,4306,24,46,3,2457,27,1317,28,3774,California
Plumas,2021-03-09,133,5177,2,694,116,4422,15,61,18,2375,115,1432,33,3807,California
Plumas,2021-03-10,253,5430,3,697,236,4658,14,75,107,2351,145,1577,121,3928,California
Plumas,2021-03-11,177,5607,8,705,164,4822,5,80,142,2463,35,1612,147,4075,California
Plumas,2021-03-12,594,6201,4,709,303,5125,287,367,22,2200,572,2184,309,4384,California
Plumas,2021-03-13,28,6229,5,714,12,5137,11,378,7,2197,21,2205,18,4402,California
Plumas,2021-03-14,12,6241,3,717,4,5141,5,383,1,2193,10,2215,6,4408,California
Plumas,2021-03-15,32,6273,1,718,24,5165,7,390,6,2180,26,2241,13,4421,California
Plumas,2021-03-16,61,6334,3,721,57,5222,1,391,49,2219,11,2252,50,4471,California
Plumas,2021-03-17,76,6410,10,731,65,5287,1,392,59,2263,16,2268,60,4531,California
Plumas,2021-03-18,62,6472,7,738,39,5326,16,408,14,2245,48,2316,30,4561,California
Plumas,2021-03-19,165,6637,7,745,156,5482,2,410,155,2395,8,2324,158,4719,California
Plumas,2021-03-20,698,7335,4,749,693,6175,1,411,676,3052,20,2344,677,5396,California
Plumas,2021-03-21,2,7337,1,750,1,6176,0,411,1,3053,0,2344,1,5397,California
Plumas,2021-03-22,182,7519,2,752,180,6356,0,411,175,3221,7,2351,175,5572,California
Plumas,2021-03-23,28,7547,2,754,26,6382,0,411,14,3221,14,2365,14,5586,California
Plumas,2021-03-24,655,8202,6,760,648,7030,1,412,222,3013,432,2797,224,5810,California
Plumas,2021-03-25,307,8509,7,767,298,7328,2,414,163,3032,144,2941,163,5973,California
Plumas,2021-03-26,315,8824,9,776,306,7634,0,414,46,2810,268,3209,46,6019,California
Plumas,2021-03-27,13,8837,1,777,11,7645,1,415,3,2804,10,3219,4,6023,California
Plumas,2021-03-28,5,8842,3,780,1,7646,1,416,3,2806,2,3221,4,6027,California
Plumas,2021-03-29,12,8854,4,784,7,7653,1,417,4,2803,8,3229,5,6032,California
Plumas,2021-03-30,152,9006,3,787,148,7801,1,418,25,2702,127,3356,26,6058,California
Plumas,2021-03-31,297,9303,4,791,292,8093,1,419,272,2950,25,3381,273,6331,California
Plumas,2021-04-01,308,9611,12,803,295,8388,1,420,66,2777,239,3620,66,6397,California
Plumas,2021-04-02,377,9988,5,808,371,8759,1,421,31,2475,334,3954,32,6429,California
Plumas,2021-04-03,16,10004,3,811,5,8764,8,429,3,2473,13,3967,11,6440,California
Plumas,2021-04-04,3,10007,1,812,1,8765,1,430,0,2471,3,3970,1,6441,California
Plumas,2021-04-05,12,10019,4,816,7,8772,1,431,4,2469,7,3977,5,6446,California
Plumas,2021-04-06,120,10139,6,822,88,8860,26,457,13,2401,107,4084,39,6485,California
Plumas,2021-04-07,283,10422,8,830,99,8959,176,633,29,2352,254,4338,205,6690,California
Plumas,2021-04-08,150,10572,4,834,131,9090,15,648,35,2287,114,4452,49,6739,California
Plumas,2021-04-09,51,10623,10,844,24,9114,17,665,18,2288,33,4485,34,6773,California
Plumas,2021-04-10,25,10648,2,846,6,9120,17,682,5,2290,20,4505,22,6795,California
Plumas,2021-04-11,4,10652,3,849,0,9120,1,683,3,2293,1,4506,4,6799,California
Plumas,2021-04-12,13,10665,5,854,5,9125,3,686,7,2298,5,4511,10,6809,California
Plumas,2021-04-13,211,10876,5,859,206,9331,0,686,141,2369,70,4581,141,6950,California
Plumas,2021-04-14,111,10987,8,867,103,9434,0,686,56,2371,54,4635,56,7006,California
Plumas,2021-04-15,53,11040,2,869,51,9485,0,686,33,2385,19,4654,33,7039,California
Plumas,2021-04-16,142,11182,2,871,140,9625,0,686,2,2247,140,4794,2,7041,California
Plumas,2021-04-17,670,11852,2,873,668,10293,0,686,18,1616,649,5443,18,7059,California
Plumas,2021-04-18,4,11856,3,876,1,10294,0,686,1,1614,3,5446,1,7060,California
Plumas,2021-04-19,38,11894,3,879,35,10329,0,686,5,1586,33,5479,5,7065,California
Plumas,2021-04-20,42,11936,5,884,37,10366,0,686,26,1597,15,5494,26,7091,California
Plumas,2021-04-21,311,12247,5,889,305,10671,1,687,18,1322,293,5787,18,7109,California
Plumas,2021-04-22,273,12520,8,897,265,10936,0,687,125,1299,148,5935,125,7234,California
Plumas,2021-04-23,73,12593,6,903,67,11003,0,687,16,1258,57,5992,16,7250,California
Plumas,2021-04-24,171,12764,5,908,166,11169,0,687,144,1376,26,6018,144,7394,California
Plumas,2021-04-26,30,12794,4,912,26,11195,0,687,8,1363,21,6039,8,7402,California
Plumas,2021-04-27,90,12884,3,915,87,11282,0,687,53,1379,37,6076,53,7455,California
Plumas,2021-04-28,287,13171,4,919,283,11565,0,687,38,1170,247,6323,38,7493,California
Plumas,2021-04-29,172,13343,69,988,103,11668,0,687,118,1234,54,6377,118,7611,California
Plumas,2021-04-30,21,13364,10,998,11,11679,0,687,5,1223,16,6393,5,7616,California
Plumas,2021-05-01,7,13371,1,999,5,11684,1,688,1,1221,4,6397,2,7618,California
Plumas,2021-05-02,3,13374,3,1002,0,11684,0,688,1,1220,2,6399,1,7619,California
Plumas,2021-05-03,20,13394,7,1009,7,11691,6,694,6,1220,12,6411,12,7631,California
Plumas,2021-05-04,32,13426,5,1014,21,11712,6,700,19,1233,12,6423,25,7656,California
Plumas,2021-05-05,49,13475,6,1020,42,11754,1,701,22,1229,27,6450,23,7679,California
Plumas,2021-05-06,57,13532,2,1022,50,11804,5,706,15,1207,42,6492,20,7699,California
Plumas,2021-05-07,22,13554,5,1027,16,11820,1,707,8,1202,14,6506,9,7708,California
Plumas,2021-05-08,6,13560,0,1027,4,11824,2,709,4,1206,2,6508,6,7714,California
Plumas,2021-05-10,51,13611,1,1028,27,11851,23,732,23,1224,28,6536,46,7760,California
Plumas,2021-05-11,162,13773,3,1031,140,11991,19,751,12,1105,150,6686,31,7791,California
Plumas,2021-05-12,99,13872,2,1033,89,12080,8,759,37,1089,61,6747,45,7836,California
Plumas,2021-05-13,34,13906,3,1036,29,12109,2,761,12,1081,22,6769,14,7850,California
Plumas,2021-05-14,20,13926,4,1040,11,12120,5,766,10,1086,10,6779,15,7865,California
Plumas,2021-05-15,10,13936,4,1044,4,12124,2,768,4,1086,6,6785,6,7871,California
Plumas,2021-05-16,2,13938,1,1045,1,12125,0,768,1,1086,1,6786,1,7872,California
Plumas,2021-05-17,13,13951,0,1045,4,12129,9,777,4,1090,9,6795,13,7885,California
Plumas,2021-05-18,42,13993,7,1052,34,12163,1,778,22,1093,20,6815,23,7908,California
Plumas,2021-05-19,47,14040,3,1055,30,12193,14,792,12,1085,35,6850,27,7935,California
Plumas,2021-05-20,188,14228,135,1190,42,12235,11,803,79,1067,108,6958,90,8025,California
Plumas,2021-05-21,28,14256,7,1197,14,12249,7,810,13,1072,15,6973,20,8045,California
Plumas,2021-05-22,136,14392,1,1198,135,12384,0,810,6,950,128,7101,6,8051,California
Plumas,2021-05-23,1,14393,1,1199,0,12384,0,810,0,949,1,7102,0,8051,California
Plumas,2021-05-24,51,14444,37,1236,13,12397,1,811,41,982,9,7111,42,8093,California
Plumas,2021-05-25,65,14509,3,1239,61,12458,1,812,14,946,51,7162,15,8108,California
Plumas,2021-05-26,41,14550,7,1246,27,12485,7,819,17,947,23,7185,24,8132,California
Plumas,2021-05-27,99,14649,25,1271,61,12546,13,832,40,942,58,7243,53,8185,California
Plumas,2021-05-28,43,14692,15,1286,26,12572,2,834,23,948,19,7262,25,8210,California
Plumas,2021-05-29,8,14700,0,1286,8,12580,0,834,6,953,2,7264,7,8217,California
Plumas,2021-05-30,1,14701,0,1286,1,12581,0,834,0,953,0,7264,0,8217,California
Plumas,2021-05-31,7,14708,0,1286,4,12585,3,837,0,951,5,7269,3,8220,California
Plumas,2021-06-01,32,14740,7,1293,20,12605,5,842,9,943,23,7292,15,8235,California
Plumas,2021-06-02,57,14797,6,1299,31,12636,20,862,10,926,47,7339,30,8265,California
Plumas,2021-06-03,59,14856,17,1316,33,12669,9,871,27,930,32,7371,36,8301,California
Plumas,2021-06-04,15,14871,3,1319,11,12680,1,872,8,934,5,7376,9,8310,California
Plumas,2021-06-05,7,14878,3,1322,4,12684,0,872,2,931,5,7381,2,8312,California
Plumas,2021-06-06,2,14880,1,1323,1,12685,0,872,0,929,2,7383,0,8312,California
Plumas,2021-06-07,37,14917,5,1328,25,12710,7,879,9,917,28,7411,16,8328,California
Plumas,2021-06-08,28,14945,9,1337,17,12727,2,881,6,903,22,7433,8,8336,California
Plumas,2021-06-09,42,14987,5,1342,34,12761,3,884,9,882,33,7466,12,8348,California
Plumas,2021-06-10,32,15019,15,1357,13,12774,4,888,10,874,22,7488,14,8362,California
Plumas,2021-06-11,24,15043,13,1370,9,12783,2,890,8,868,16,7504,10,8372,California
Plumas,2021-06-12,10,15053,2,1372,7,12790,1,891,5,869,5,7509,6,8378,California
Plumas,2021-06-13,3,15056,1,1373,2,12792,0,891,3,872,0,7509,3,8381,California
Plumas,2021-06-14,97,15153,88,1461,6,12798,3,894,13,804,84,7593,16,8397,California
Plumas,2021-06-15,27,15180,7,1468,18,12816,2,896,9,797,18,7611,11,8408,California
Plumas,2021-06-16,33,15213,11,1479,13,12829,9,905,9,791,24,7635,18,8426,California
Plumas,2021-06-17,49,15262,30,1509,15,12844,4,909,11,769,37,7672,15,8441,California
Plumas,2021-06-18,39,15301,18,1527,14,12858,7,916,13,763,26,7698,20,8461,California
Plumas,2021-06-19,9,15310,2,1529,7,12865,0,916,2,758,7,7705,2,8463,California
Plumas,2021-06-21,9,15319,4,1533,4,12869,1,917,5,760,4,7709,6,8469,California
Plumas,2021-06-22,28,15347,11,1544,15,12884,2,919,9,752,19,7728,11,8480,California
Plumas,2021-06-23,27,15374,15,1559,9,12893,3,922,15,758,12,7740,18,8498,California
Plumas,2021-06-24,28,15402,18,1577,7,12900,3,925,14,761,13,7753,16,8514,California
Plumas,2021-06-25,18,15420,7,1584,9,12909,2,927,4,755,12,7765,6,8520,California
Riverside,2020-12-15,7,7,7,7,0,0,0,0,7,7,0,0,7,7,California
Riverside,2020-12-16,96,103,96,103,0,0,0,0,96,103,0,0,96,103,California
Riverside,2020-12-17,833,936,833,936,0,0,0,0,833,936,0,0,833,936,California
Riverside,2020-12-18,1777,2713,1776,2712,1,1,0,0,1777,2713,0,0,1777,2713,California
Riverside,2020-12-19,1056,3769,1053,3765,3,4,0,0,1054,3766,1,1,1054,3767,California
Riverside,2020-12-20,1114,4883,1113,4878,1,5,0,0,1114,4880,0,1,1114,4881,California
Riverside,2020-12-21,2339,7222,2337,7215,2,7,0,0,2339,7219,0,1,2339,7220,California
Riverside,2020-12-22,2294,9516,2247,9462,47,54,0,0,2293,9512,0,1,2293,9513,California
Riverside,2020-12-23,2166,11682,1822,11284,344,398,0,0,2167,11679,0,1,2167,11680,California
Riverside,2020-12-24,856,12538,653,11937,203,601,0,0,856,12535,0,1,856,12536,California
Riverside,2020-12-25,41,12579,18,11955,23,624,0,0,40,12575,0,1,40,12576,California
Riverside,2020-12-26,490,13069,270,12225,220,844,0,0,490,13065,0,1,490,13066,California
Riverside,2020-12-27,398,13467,268,12493,130,974,0,0,397,13461,1,2,397,13463,California
Riverside,2020-12-28,1716,15183,1197,13690,519,1493,0,0,1716,15177,0,2,1716,15179,California
Riverside,2020-12-29,1809,16992,1026,14716,783,2276,0,0,1809,16986,0,2,1809,16988,California
Riverside,2020-12-30,2650,19642,1725,16441,925,3201,0,0,2648,19633,1,3,2648,19636,California
Riverside,2020-12-31,1080,20722,422,16863,658,3859,0,0,1081,20713,1,4,1081,20717,California
Riverside,2021-01-01,131,20853,57,16920,74,3933,0,0,131,20844,0,4,131,20848,California
Riverside,2021-01-02,894,21747,707,17627,187,4120,0,0,894,21738,0,4,894,21742,California
Riverside,2021-01-03,358,22105,304,17931,54,4174,0,0,357,22095,0,4,357,22099,California
Riverside,2021-01-04,1302,23407,809,18740,493,4667,0,0,1301,23396,0,4,1301,23400,California
Riverside,2021-01-05,2060,25467,1415,20155,645,5312,0,0,1936,25215,117,121,1936,25336,California
Riverside,2021-01-06,2593,28060,1157,21312,1436,6748,0,0,2252,27132,335,456,2252,27588,California
Riverside,2021-01-07,2882,30942,1884,23196,998,7746,0,0,1769,27797,1106,1562,1771,29359,California
Riverside,2021-01-08,4118,35060,2974,26170,1144,8890,0,0,2264,28212,1849,3411,2264,31623,California
Riverside,2021-01-09,2135,37195,876,27046,1259,10149,0,0,1758,29595,375,3786,1758,33381,California
Riverside,2021-01-10,1697,38892,750,27796,947,11096,0,0,1082,30062,615,4401,1082,34463,California
Riverside,2021-01-11,4616,43508,3155,30951,1461,12557,0,0,2839,31126,1775,6176,2839,37302,California
Riverside,2021-01-12,3521,47029,2780,33731,741,13298,0,0,1808,31229,1708,7884,1811,39113,California
Riverside,2021-01-13,4583,51612,3001,36732,1582,14880,0,0,2937,32524,1642,9526,2937,42050,California
Riverside,2021-01-14,5773,57385,2046,38778,3727,18607,0,0,5142,37039,629,10155,5144,47194,California
Riverside,2021-01-15,6282,63667,2104,40882,4178,22785,0,0,5947,42654,333,10488,5948,53142,California
Riverside,2021-01-16,3720,67387,1034,41916,2686,25471,0,0,3458,45851,262,10750,3459,56601,California
Riverside,2021-01-17,3663,71050,604,42520,3059,28530,0,0,3454,49098,207,10957,3454,60055,California
Riverside,2021-01-18,3866,74916,2108,44628,1758,30288,0,0,2816,50865,1050,12007,2817,62872,California
Riverside,2021-01-19,7542,82458,2689,47317,4853,35141,0,0,6397,56122,1145,13152,6402,69274,California
Riverside,2021-01-20,8381,90839,3178,50495,5203,40344,0,0,6691,61144,1675,14827,6697,75971,California
Riverside,2021-01-21,8522,99361,3536,54031,4986,45330,0,0,7846,68314,677,15504,7847,83818,California
Riverside,2021-01-22,8951,108312,3044,57075,5907,51237,0,0,8479,76325,470,15974,8481,92299,California
Riverside,2021-01-23,6072,114384,2355,59430,3717,54954,0,0,5263,80781,808,16782,5264,97563,California
Riverside,2021-01-24,3119,117503,1435,60865,1684,56638,0,0,2894,83454,222,17004,2895,100458,California
Riverside,2021-01-25,8026,125529,4593,65458,3433,60071,0,0,6861,89155,1162,18166,6863,107321,California
Riverside,2021-01-26,9235,134764,5718,71176,3517,63588,0,0,7702,95329,1529,19695,7703,115024,California
Riverside,2021-01-27,11128,145892,6428,77604,4700,68288,0,0,9488,103186,1634,21329,9491,124515,California
Riverside,2021-01-28,11742,157634,6828,84432,4914,73202,0,0,10542,112539,1192,22521,10545,135060,California
Riverside,2021-01-29,12109,169743,7318,91750,4791,77993,0,0,10708,121877,1375,23896,10713,145773,California
Riverside,2021-01-30,9202,178945,4631,96381,4571,82564,0,0,8697,130075,500,24396,8698,154471,California
Riverside,2021-01-31,5197,184142,4228,100609,969,83533,0,0,5054,134993,141,24537,5059,159530,California
Riverside,2021-02-01,11150,195292,6822,107431,4328,87861,0,0,9239,142332,1904,26441,9243,168773,California
Riverside,2021-02-02,9678,204970,4877,112308,4801,92662,0,0,8168,149007,1499,27940,8174,176947,California
Riverside,2021-02-03,12443,217413,5210,117518,7233,99895,0,0,9990,156559,2443,30383,9995,186942,California
Riverside,2021-02-04,13762,231175,6063,123581,7699,107594,0,0,11620,166053,2133,32516,11627,198569,California
Riverside,2021-02-05,14646,245821,5542,129123,9104,116698,0,0,11408,174240,3229,35745,11416,209985,California
Riverside,2021-02-06,7353,253174,4278,133401,3075,119773,0,0,5687,178272,1659,37404,5691,215676,California
Riverside,2021-02-07,2226,255400,814,134215,1412,121185,0,0,1888,179831,336,37740,1895,217571,California
Riverside,2021-02-08,12601,268001,5589,139804,7012,128197,0,0,10228,187717,2356,40096,10242,227813,California
Riverside,2021-02-09,9802,277803,4562,144366,5240,133437,0,0,7778,193502,2014,42110,7799,235612,California
Riverside,2021-02-10,12269,290072,7020,151386,5249,138686,0,0,9013,199291,3243,45353,9032,244644,California
Riverside,2021-02-11,16888,306960,9102,160488,7786,146472,0,0,12239,206940,4627,49980,12276,256920,California
Riverside,2021-02-12,18047,325007,10931,171419,7116,153588,0,0,12969,214904,5033,55013,12997,269917,California
Riverside,2021-02-13,6423,331430,2164,173583,4259,157847,0,0,3114,214755,3294,58307,3145,273062,California
Riverside,2021-02-14,5031,336461,1180,174763,3851,161698,0,0,2255,214251,2772,61079,2268,275330,California
Riverside,2021-02-15,10015,346476,5120,179883,4895,166593,0,0,5524,215311,4481,65560,5541,280871,California
Riverside,2021-02-16,16337,362813,10204,190087,6133,172726,0,0,9396,217802,6931,72491,9422,290293,California
Riverside,2021-02-17,15325,378138,8397,198484,6928,179654,0,0,7597,217743,7711,80202,7652,297945,California
Riverside,2021-02-18,15749,393887,9039,207523,6710,186364,0,0,8093,218247,7632,87834,8136,306081,California
Riverside,2021-02-19,15495,409382,8303,215826,7192,193556,0,0,7309,217425,8159,95993,7337,313418,California
Riverside,2021-02-20,8464,417846,4539,220365,3925,197481,0,0,2249,213487,6197,102190,2259,315677,California
Riverside,2021-02-21,4414,422260,3896,224261,518,197999,0,0,1258,211617,3139,105329,1269,316946,California
Riverside,2021-02-22,12469,434729,7832,232093,4637,202636,0,0,5151,209477,7302,112631,5162,322108,California
Riverside,2021-02-23,11383,446112,7723,239816,3660,206296,0,0,5544,209242,5809,118440,5574,327682,California
Riverside,2021-02-24,14951,461063,8133,247949,6818,213114,0,0,6345,207076,8567,127007,6401,334083,California
Riverside,2021-02-25,17621,478684,7496,255445,10125,223239,0,0,8162,205876,9432,136439,8232,342315,California
Riverside,2021-02-26,18951,497635,6849,262294,12102,235341,0,0,9448,205948,9443,145882,9515,351830,California
Riverside,2021-02-27,12196,509831,5646,267940,6550,241891,0,0,5805,205451,6359,152241,5862,357692,California
Riverside,2021-02-28,5000,514831,3288,271228,1712,243603,0,0,2481,205457,2506,154747,2512,360204,California
Riverside,2021-03-01,14499,529330,6178,277406,8315,251918,6,6,8519,208097,5938,160685,8578,368782,California
Riverside,2021-03-02,15544,544874,7597,285003,7946,259864,1,7,9093,210816,6427,167112,9146,377928,California
Riverside,2021-03-03,17267,562141,8551,293554,8716,268580,0,7,7520,208800,9696,176808,7680,385608,California
Riverside,2021-03-04,19013,581154,7561,301115,11447,280027,5,12,9056,208145,9912,186720,9257,394865,California
Riverside,2021-03-05,19144,600298,7700,308815,11398,291425,46,58,9452,208321,9641,196361,9817,404682,California
Riverside,2021-03-06,9635,609933,5103,313918,4050,295475,482,540,4776,208783,4845,201206,5307,409989,California
Riverside,2021-03-07,4322,614255,2789,316707,1142,296617,391,931,2023,208941,2289,203495,2447,412436,California
Riverside,2021-03-08,12130,626385,4835,321542,6884,303501,411,1342,5411,208146,6697,210192,5902,418338,California
Riverside,2021-03-09,15001,641386,7013,328555,7479,310980,509,1851,5949,205729,9029,219221,6612,424950,California
Riverside,2021-03-10,16150,657536,8668,337223,6549,317529,933,2784,6259,203261,9846,229067,7378,432328,California
Riverside,2021-03-11,19583,677119,9589,346812,8123,325652,1871,4655,7649,201114,11896,240963,9749,442077,California
Riverside,2021-03-12,21364,698483,8004,354816,8600,334252,4760,9415,7079,199044,14244,255207,12174,454251,California
Riverside,2021-03-13,8617,707100,2579,357395,4809,339061,1229,10644,4392,200568,4202,259409,5726,459977,California
Riverside,2021-03-14,4838,711938,1660,359055,1803,340864,1375,12019,2120,201368,2703,262112,3503,463480,California
Riverside,2021-03-15,18804,730742,7925,366980,9207,350071,1672,13691,9210,202821,9547,271659,11000,474480,California
Riverside,2021-03-16,21132,751874,10289,377269,10029,360100,814,14505,11457,205570,9636,281295,12385,486865,California
Riverside,2021-03-17,21575,773449,11077,388346,9437,369537,1061,15566,12901,210968,8634,289929,14032,500897,California
Riverside,2021-03-18,22943,796392,11996,400342,9272,378809,1675,17241,12664,215098,10226,300155,14356,515253,California
Riverside,2021-03-19,24310,820702,12769,413111,10567,389376,974,18215,14149,220488,10103,310258,15493,530746,California
Riverside,2021-03-20,10873,831575,6940,420051,2727,392103,1206,19421,6928,224724,3911,314169,8147,538893,California
Riverside,2021-03-21,3920,835495,3027,423078,615,392718,278,19699,2603,226314,1297,315466,2887,541780,California
Riverside,2021-03-22,16792,852287,10012,433090,6226,398944,554,20253,10653,231443,6080,321546,11209,552989,California
Riverside,2021-03-23,18775,871062,10608,443698,7744,406688,423,20676,11982,237141,6733,328279,12431,565420,California
Riverside,2021-03-24,18890,889952,10523,454221,8245,414933,122,20798,12911,244273,5926,334205,13058,578478,California
Riverside,2021-03-25,21280,911232,11728,465949,9365,424298,187,20985,14183,251638,7022,341227,14387,592865,California
Riverside,2021-03-26,24286,935518,11994,477943,12119,436417,173,21158,15059,257767,9119,350346,15248,608113,California
Riverside,2021-03-27,9387,944905,4907,482850,3426,439843,1054,22212,4841,259149,4519,354865,5901,614014,California
Riverside,2021-03-28,4807,949712,3153,486003,1561,441404,93,22305,2856,260163,1938,356803,2952,616966,California
Riverside,2021-03-29,17733,967445,8473,494476,9136,450540,124,22429,10951,264525,6735,363538,11097,628063,California
Riverside,2021-03-30,18448,985893,9605,504081,8633,459173,210,22639,11734,269803,6671,370209,11949,640012,California
Riverside,2021-03-31,18257,1004150,8486,512567,9445,468618,326,22965,11398,274731,6808,377017,11736,651748,California
Riverside,2021-04-01,25719,1029869,12558,525125,12359,480977,802,23767,16511,282915,9133,386150,17317,669065,California
Riverside,2021-04-02,26270,1056139,14119,539244,11166,492143,985,24752,16409,290736,9797,395947,17618,686683,California
Riverside,2021-04-03,9459,1065598,5996,545240,2849,494992,614,25366,6082,294074,3357,399304,6695,693378,California
Riverside,2021-04-04,3439,1069037,2079,547319,1093,496085,267,25633,1720,294354,1708,401012,1988,695366,California
Riverside,2021-04-05,18588,1087625,9504,556823,7202,503287,1882,27515,9975,297648,8570,409582,11864,707230,California
Riverside,2021-04-06,23929,1111554,12433,569256,9323,512610,2173,29688,13334,302604,10543,420125,15499,722729,California
Riverside,2021-04-07,25042,1136596,13479,582735,9024,521634,2539,32227,13916,307985,11074,431199,16455,739184,California
Riverside,2021-04-08,27651,1164247,15258,597993,9362,530996,3031,35258,16844,317111,10735,441934,19861,759045,California
Riverside,2021-04-09,26531,1190778,15581,613574,8432,539428,2518,37776,16138,325458,10341,452275,18688,777733,California
Riverside,2021-04-10,12158,1202936,6810,620384,3926,543354,1422,39198,5327,325416,6786,459061,6744,784477,California
Riverside,2021-04-11,4696,1207632,2791,623175,1263,544617,642,39840,2201,325781,2483,461544,2848,787325,California
Riverside,2021-04-12,20291,1227923,9041,632216,8588,553205,2662,42502,10149,328497,10102,471646,12818,800143,California
Riverside,2021-04-13,20264,1248187,11339,643555,8897,562102,28,42530,11608,331525,8616,480262,11644,811787,California
Riverside,2021-04-14,22494,1270681,12407,655962,10072,572174,15,42545,11020,331178,11404,491666,11057,822844,California
Riverside,2021-04-15,22286,1292967,12615,668577,9663,581837,8,42553,11774,332533,10438,502104,11793,834637,California
Riverside,2021-04-16,25412,1318379,14678,683255,10728,592565,6,42559,11820,330839,13533,515637,11839,846476,California
Riverside,2021-04-17,10007,1328386,6601,689856,3406,595971,0,42559,5033,330934,4948,520585,5043,851519,California
Riverside,2021-04-18,4214,1332600,3137,692993,1070,597041,7,42566,1957,330668,2239,522824,1973,853492,California
Riverside,2021-04-19,19759,1352359,11742,704735,8014,605055,3,42569,7113,325203,12594,535418,7129,860621,California
Riverside,2021-04-20,19573,1371932,10547,715282,9017,614072,9,42578,7987,321670,11536,546954,8003,868624,California
Riverside,2021-04-21,20882,1392814,12351,727633,8521,622593,10,42588,8402,317687,12405,559359,8422,877046,California
Riverside,2021-04-22,23875,1416689,14102,741735,9769,632362,4,42592,8930,311759,14873,574232,8945,885991,California
Riverside,2021-04-23,23835,1440524,14163,755898,9658,642020,14,42606,9347,306714,14427,588659,9382,895373,California
Riverside,2021-04-24,10541,1451065,7327,763225,3205,645225,9,42615,4831,305885,5672,594331,4843,900216,California
Riverside,2021-04-25,4259,1455324,2829,766054,1423,646648,7,42622,2204,306061,2037,596368,2213,902429,California
Riverside,2021-04-26,17391,1472715,10943,776997,6389,653037,59,42681,5930,300651,11415,607783,6005,908434,California
Riverside,2021-04-27,18617,1491332,10696,787693,7715,660752,206,42887,6490,295275,12080,619863,6704,915138,California
Riverside,2021-04-28,16900,1508232,9223,796916,7412,668164,265,43152,5748,290211,11088,630951,6024,921162,California
Riverside,2021-04-29,19142,1527374,11814,808730,6977,675141,351,43503,5570,282627,13504,644455,5920,927082,California
Riverside,2021-04-30,20145,1547519,11680,820410,8077,683218,388,43891,6565,276058,13524,657979,6955,934037,California
Riverside,2021-05-01,6871,1554390,4935,825345,1752,684970,184,44075,2356,274113,4486,662465,2541,936578,California
Riverside,2021-05-02,3389,1557779,2214,827559,966,685936,209,44284,1086,273130,2285,664750,1302,937880,California
Riverside,2021-05-03,18063,1575842,11088,838647,6479,692415,496,44780,4171,263971,13825,678575,4666,942546,California
Riverside,2021-05-04,17760,1593602,11380,850027,5917,698332,463,45243,5005,256765,12686,691261,5480,948026,California
Riverside,2021-05-05,16359,1609961,9435,859462,6550,704882,374,45617,4727,250316,11571,702832,5122,953148,California
Riverside,2021-05-06,17905,1627866,10002,869464,7487,712369,416,46033,4502,241948,13325,716157,4957,958105,California
Riverside,2021-05-07,20539,1648405,11646,881110,8447,720816,446,46479,5438,232816,15019,731176,5887,963992,California
Riverside,2021-05-08,6949,1655354,4578,885688,2108,722924,263,46742,2585,231342,4330,735506,2856,966848,California
Riverside,2021-05-09,2329,1657683,1532,887220,644,723568,153,46895,804,230791,1516,737022,965,967813,California
Riverside,2021-05-10,10116,1667799,5172,892392,4550,728118,394,47289,2856,226836,7210,744232,3255,971068,California
Riverside,2021-05-11,13928,1681727,8351,900743,5053,733171,524,47813,3707,220942,10140,754372,4246,975314,California
Riverside,2021-05-12,12920,1694647,6587,907330,6000,739171,333,48146,3872,216152,8995,763367,4205,979519,California
Riverside,2021-05-13,15245,1709892,9326,916656,5637,744808,282,48428,5411,212077,9781,773148,5706,985225,California
Riverside,2021-05-14,18231,1728123,11548,928204,5887,750695,796,49224,7091,208897,11066,784214,7886,993111,California
Riverside,2021-05-15,9881,1738004,7120,935324,2363,753058,398,49622,5085,209613,4767,788981,5483,998594,California
Riverside,2021-05-16,3512,1741516,2555,937879,839,753897,118,49740,1724,209678,1775,790756,1840,1000434,California
Riverside,2021-05-17,11804,1753320,7592,945471,3857,757754,355,50095,5080,208425,6692,797448,5439,1005873,California
Riverside,2021-05-18,15114,1768434,9334,954805,5421,763175,359,50454,6065,205848,9002,806450,6425,1012298,California
Riverside,2021-05-19,12229,1780663,7734,962539,4250,767425,245,50699,5898,205715,6280,812730,6147,1018445,California
Riverside,2021-05-20,11874,1792537,7439,969978,4176,771601,259,50958,5287,204728,6538,819268,5551,1023996,California
Riverside,2021-05-21,14466,1807003,8912,978890,5230,776831,324,51282,6052,202823,8346,827614,6441,1030437,California
Riverside,2021-05-22,7216,1814219,4882,983772,2137,778968,197,51479,3855,203559,3324,830938,4060,1034497,California
Riverside,2021-05-23,2591,1816810,1677,985449,837,779805,77,51556,1254,203567,1323,832261,1331,1035828,California
Riverside,2021-05-24,8644,1825454,5575,991024,2757,782562,312,51868,3833,202935,4777,837038,4145,1039973,California
Riverside,2021-05-25,9735,1835189,5796,996820,3667,786229,272,52140,3877,201271,5818,842856,4154,1044127,California
Riverside,2021-05-26,8930,1844119,5532,1002352,3066,789295,332,52472,3903,200548,4978,847834,4255,1048382,California
Riverside,2021-05-27,8560,1852679,5122,1007474,3201,792496,237,52709,3876,200183,4633,852467,4268,1052650,California
Riverside,2021-05-28,10779,1863458,6524,1013998,3941,796437,314,53023,4968,199795,5749,858216,5361,1058011,California
Riverside,2021-05-29,5020,1868478,3417,1017415,1479,797916,124,53147,2793,200567,2205,860421,2977,1060988,California
Riverside,2021-05-30,1963,1870441,1418,1018833,477,798393,68,53215,1014,200768,942,861363,1143,1062131,California
Riverside,2021-05-31,878,1871319,499,1019332,346,798739,33,53248,336,200600,537,861900,369,1062500,California
Riverside,2021-06-01,9171,1880490,5661,1024993,3272,802011,238,53486,3445,198773,5674,867574,3847,1066347,California
Riverside,2021-06-02,7134,1887624,4348,1029341,2509,804520,277,53763,2748,197572,4342,871916,3141,1069488,California
Riverside,2021-06-03,7964,1895588,5303,1034644,2390,806910,271,54034,2733,195395,5191,877107,3014,1072502,California
Riverside,2021-06-04,10691,1906279,7608,1042252,2824,809734,259,54293,3707,192443,6933,884040,3981,1076483,California
Riverside,2021-06-05,6933,1913212,5114,1047366,1272,811006,547,54840,2166,190423,4743,888783,2723,1079206,California
Riverside,2021-06-06,2196,1915408,1865,1049231,280,811286,51,54891,769,189831,1420,890203,828,1080034,California
Riverside,2021-06-07,6902,1922310,5227,1054458,1444,812730,231,55122,2262,187719,4610,894813,2498,1082532,California
Riverside,2021-06-08,9060,1931370,6567,1061025,2219,814949,274,55396,3024,185056,5980,900793,3317,1085849,California
Riverside,2021-06-09,7725,1939095,5628,1066653,1802,816751,295,55691,2361,182394,5320,906113,2658,1088507,California
Riverside,2021-06-10,7569,1946664,5334,1071987,2001,818752,234,55925,2368,179828,5173,911286,2607,1091114,California
Riverside,2021-06-11,8867,1955531,6006,1077993,2570,821322,291,56216,2995,177305,5811,917097,3288,1094402,California
Riverside,2021-06-12,5327,1960858,3939,1081932,1260,822582,128,56344,1659,175464,3638,920735,1797,1096199,California
Riverside,2021-06-13,1789,1962647,1329,1083261,416,822998,44,56388,529,174790,1248,921983,574,1096773,California
Riverside,2021-06-14,6345,1968992,4542,1087803,1499,824497,304,56692,2176,173141,4133,926116,2484,1099257,California
Riverside,2021-06-15,7147,1976139,4897,1092700,1942,826439,308,57000,2734,171827,4365,930481,3051,1102308,California
Riverside,2021-06-16,6830,1982969,4716,1097416,1806,828245,308,57308,2436,170224,4351,934832,2748,1105056,California
Riverside,2021-06-17,6499,1989468,4585,1102001,1676,829921,238,57546,2501,169004,3965,938797,2745,1107801,California
Riverside,2021-06-18,8209,1997677,5952,1107953,1986,831907,271,57817,3404,167930,4758,943555,3684,1111485,California
Riverside,2021-06-19,4276,2001953,3282,1111235,839,832746,155,57972,1793,167427,2456,946011,1953,1113438,California
Riverside,2021-06-20,1504,2003457,1144,1112379,324,833070,36,58008,577,167125,916,946927,614,1114052,California
Riverside,2021-06-21,4251,2007708,2821,1115200,1160,834230,270,58278,2218,167601,2014,948941,2490,1116542,California
Riverside,2021-06-22,6234,2013942,4399,1119599,1589,835819,246,58524,2666,166989,3529,952470,2917,1119459,California
Riverside,2021-06-23,5461,2019403,3873,1123472,1338,837157,250,58774,2557,166928,2869,955339,2808,1122267,California
Riverside,2021-06-24,5265,2024668,3606,1127078,1431,838588,228,59002,2317,166563,2912,958251,2547,1124814,California
Riverside,2021-06-25,3478,2028146,2410,1129488,866,839454,202,59204,1359,166023,2103,960354,1563,1126377,California
Sacramento,2020-12-15,315,315,315,315,0,0,0,0,315,315,0,0,315,315,California
Sacramento,2020-12-16,646,961,646,961,0,0,0,0,646,961,0,0,646,961,California
Sacramento,2020-12-17,704,1665,704,1665,0,0,0,0,704,1665,0,0,704,1665,California
Sacramento,2020-12-18,1114,2779,1114,2779,0,0,0,0,1115,2780,0,0,1115,2780,California
Sacramento,2020-12-19,613,3392,613,3392,0,0,0,0,613,3393,0,0,613,3393,California
Sacramento,2020-12-20,632,4024,632,4024,0,0,0,0,632,4025,0,0,632,4025,California
Sacramento,2020-12-21,1675,5699,1675,5699,0,0,0,0,1676,5701,0,0,1676,5701,California
Sacramento,2020-12-22,2111,7810,2075,7774,36,36,0,0,2111,7812,0,0,2111,7812,California
Sacramento,2020-12-23,2266,10076,2092,9866,174,210,0,0,2266,10078,0,0,2266,10078,California
Sacramento,2020-12-24,1044,11120,832,10698,212,422,0,0,1044,11122,0,0,1044,11122,California
Sacramento,2020-12-25,2,11122,1,10699,1,423,0,0,2,11124,0,0,2,11124,California
Sacramento,2020-12-26,511,11633,292,10991,219,642,0,0,511,11635,0,0,511,11635,California
Sacramento,2020-12-27,357,11990,251,11242,106,748,0,0,357,11992,0,0,357,11992,California
Sacramento,2020-12-28,1914,13904,1327,12569,587,1335,0,0,1913,13904,1,1,1913,13905,California
Sacramento,2020-12-29,1974,15878,1203,13772,771,2106,0,0,1974,15878,0,1,1974,15879,California
Sacramento,2020-12-30,2563,18441,1459,15231,1104,3210,0,0,2564,18442,0,1,2564,18443,California
Sacramento,2020-12-31,1234,19675,696,15927,538,3748,0,0,1235,19677,0,1,1235,19678,California
Sacramento,2021-01-01,82,19757,70,15997,12,3760,0,0,82,19759,0,1,82,19760,California
Sacramento,2021-01-02,575,20332,369,16366,206,3966,0,0,575,20334,0,1,575,20335,California
Sacramento,2021-01-03,413,20745,224,16590,189,4155,0,0,413,20747,0,1,413,20748,California
Sacramento,2021-01-04,1948,22693,837,17427,1111,5266,0,0,1946,22692,1,2,1946,22694,California
Sacramento,2021-01-05,2218,24911,994,18421,1224,6490,0,0,1854,24189,364,366,1861,24555,California
Sacramento,2021-01-06,2732,27643,1617,20038,1115,7605,0,0,1936,25332,793,1159,1936,26491,California
Sacramento,2021-01-07,2849,30492,1511,21549,1338,8943,0,0,1921,26328,925,2084,1921,28412,California
Sacramento,2021-01-08,3297,33789,2084,23633,1213,10156,0,0,2179,27394,1114,3198,2180,30592,California
Sacramento,2021-01-09,1297,35086,803,24436,494,10650,0,0,900,27899,395,3593,900,31492,California
Sacramento,2021-01-10,1255,36341,713,25149,542,11192,0,0,784,28214,470,4063,785,32277,California
Sacramento,2021-01-11,4364,40705,2963,28112,1401,12593,0,0,2421,28705,1942,6005,2433,34710,California
Sacramento,2021-01-12,4664,45369,3274,31386,1390,13983,0,0,2622,29291,2041,8046,2627,37337,California
Sacramento,2021-01-13,3852,49221,2226,33612,1626,15609,0,0,2431,30304,1420,9466,2433,39770,California
Sacramento,2021-01-14,4636,53857,2337,35949,2299,17908,0,0,3714,33099,919,10385,3714,43484,California
Sacramento,2021-01-15,4468,58325,2266,38215,2202,20110,0,0,3745,36122,723,11108,3746,47230,California
Sacramento,2021-01-16,2094,60419,1286,39501,808,20918,0,0,1873,37775,220,11328,1873,49103,California
Sacramento,2021-01-17,1687,62106,987,40488,700,21618,0,0,1501,39093,186,11514,1504,50607,California
Sacramento,2021-01-18,2831,64937,1731,42219,1100,22718,0,0,2251,40766,579,12093,2252,52859,California
Sacramento,2021-01-19,4997,69934,3038,45257,1959,24677,0,0,3753,43277,1244,13337,3755,56614,California
Sacramento,2021-01-20,4853,74787,2869,48126,1984,26661,0,0,3615,45659,1239,14576,3621,60235,California
Sacramento,2021-01-21,5233,80020,3007,51133,2226,28887,0,0,4262,48958,965,15541,4264,64499,California
Sacramento,2021-01-22,5031,85051,2686,53819,2345,31232,0,0,4729,53387,301,15842,4730,69229,California
Sacramento,2021-01-23,3871,88922,1561,55380,2310,33542,0,0,3408,56332,463,16305,3408,72637,California
Sacramento,2021-01-24,1629,90551,1014,56394,615,34157,0,0,1385,57474,244,16549,1386,74023,California
Sacramento,2021-01-25,4425,94976,2167,58561,2258,36415,0,0,2945,58941,1480,18029,2947,76970,California
Sacramento,2021-01-26,4766,99742,2164,60725,2602,39017,0,0,3555,61289,1209,19238,3557,80527,California
Sacramento,2021-01-27,5859,105601,3044,63769,2815,41832,0,0,4233,63903,1621,20859,4235,84762,California
Sacramento,2021-01-28,5412,111013,2734,66503,2678,44510,0,0,4306,67105,1105,21964,4307,89069,California
Sacramento,2021-01-29,5433,116446,2941,69444,2492,47002,0,0,4401,70482,1024,22988,4401,93470,California
Sacramento,2021-01-30,4888,121334,2207,71651,2681,49683,0,0,4453,74504,431,23419,4453,97923,California
Sacramento,2021-01-31,2341,123675,2040,73691,301,49984,0,0,2059,76286,279,23698,2061,99984,California
Sacramento,2021-02-01,5966,129641,3038,76729,2928,52912,0,0,4273,78872,1687,25385,4273,104257,California
Sacramento,2021-02-02,7031,136672,3789,80518,3242,56154,0,0,4866,81595,2145,27530,4868,109125,California
Sacramento,2021-02-03,7174,143846,3619,84137,3555,59709,0,0,5297,85026,1868,29398,5299,114424,California
Sacramento,2021-02-04,7787,151633,3679,87816,4108,63817,0,0,5531,88309,2248,31646,5531,119955,California
Sacramento,2021-02-05,7894,159527,4501,92317,3393,67210,0,0,4936,90315,2935,34581,4941,124896,California
Sacramento,2021-02-06,8498,168025,3498,95815,5000,72210,0,0,7136,96093,1360,35941,7138,132034,California
Sacramento,2021-02-07,4095,172120,2203,98018,1892,74102,0,0,2888,97781,1202,37143,2890,134924,California
Sacramento,2021-02-08,6270,178390,3256,101274,3014,77116,0,0,3919,99354,2346,39489,3919,138843,California
Sacramento,2021-02-09,6799,185189,3570,104844,3229,80345,0,0,3998,100562,2792,42281,4000,142843,California
Sacramento,2021-02-10,7761,192950,4249,109093,3512,83857,0,0,4573,101966,3173,45454,4577,147420,California
Sacramento,2021-02-11,9635,202585,5740,114833,3895,87752,0,0,5532,103412,4088,49542,5534,152954,California
Sacramento,2021-02-12,10755,213340,4182,119015,6573,94325,0,0,6446,105615,4246,53788,6449,159403,California
Sacramento,2021-02-13,7750,221090,3011,122026,4739,99064,0,0,6145,110160,1601,55389,6146,165549,California
Sacramento,2021-02-14,3246,224336,1995,124021,1251,100315,0,0,2117,111155,1127,56516,2122,167671,California
Sacramento,2021-02-15,6035,230371,2056,126077,3979,104294,0,0,4189,113507,1840,58356,4192,171863,California
Sacramento,2021-02-16,9296,239667,4231,130308,5065,109359,0,0,5341,114905,3948,62304,5346,177209,California
Sacramento,2021-02-17,8902,248569,5015,135323,3887,113246,0,0,5161,116339,3730,66034,5164,182373,California
Sacramento,2021-02-18,9638,258207,5775,141098,3863,117109,0,0,5747,118211,3879,69913,5751,188124,California
Sacramento,2021-02-19,10115,268322,6198,147296,3917,121026,0,0,5977,120069,4127,74040,5985,194109,California
Sacramento,2021-02-20,7899,276221,5809,153105,2090,123116,0,0,4755,121691,3136,77176,4758,198867,California
Sacramento,2021-02-21,3097,279318,2451,155556,646,123762,0,0,1095,120790,1996,79172,1095,199962,California
Sacramento,2021-02-22,6323,285641,3825,159381,2498,126260,0,0,2777,120036,3535,82707,2781,202743,California
Sacramento,2021-02-23,7282,292923,4517,163898,2765,129025,0,0,3551,119877,3714,86421,3555,206298,California
Sacramento,2021-02-24,9868,302791,5427,169325,4441,133466,0,0,5401,120833,4451,90872,5407,211705,California
Sacramento,2021-02-25,11310,314101,6480,175805,4830,138296,0,0,6656,122852,4638,95510,6657,218362,California
Sacramento,2021-02-26,14469,328570,6819,182624,7650,145946,0,0,9918,128259,4518,100028,9925,228287,California
Sacramento,2021-02-27,11144,339714,6886,189510,4255,150201,3,3,8238,133620,2880,102908,8241,236528,California
Sacramento,2021-02-28,6221,345935,2345,191855,3876,154077,0,3,3123,133662,3084,105992,3126,239654,California
Sacramento,2021-03-01,8639,354574,3632,195487,5005,159082,2,5,4704,134459,3912,109904,4709,244363,California
Sacramento,2021-03-02,9353,363927,4051,199538,5301,164383,1,6,5736,136602,3598,113502,5741,250104,California
Sacramento,2021-03-03,11152,375079,5093,204631,6056,170439,3,9,6698,138872,4433,117935,6703,256807,California
Sacramento,2021-03-04,13504,388583,6219,210850,7281,177720,4,13,7508,140427,5964,123899,7519,264326,California
Sacramento,2021-03-05,10681,399264,4937,215787,5714,183434,30,43,7091,143982,3567,127466,7122,271448,California
Sacramento,2021-03-06,8152,407416,3128,218915,4902,188336,122,165,4150,144265,3988,131454,4271,275719,California
Sacramento,2021-03-07,7634,415050,2224,221139,5320,193656,90,255,3763,144250,3866,135320,3851,279570,California
Sacramento,2021-03-08,9140,424190,4270,225409,4644,198300,226,481,5975,147298,3151,138471,6199,285769,California
Sacramento,2021-03-09,9670,433860,4584,229993,4792,203092,294,775,5561,149061,4091,142562,5854,291623,California
Sacramento,2021-03-10,11836,445696,7527,237520,3951,207043,358,1133,6910,151448,4887,147449,7274,298897,California
Sacramento,2021-03-11,15113,460809,10021,247541,4262,211305,830,1963,8958,155120,6112,153561,9784,308681,California
Sacramento,2021-03-12,18102,478911,8354,255895,8880,220185,868,2831,8874,155692,9175,162736,9747,318428,California
Sacramento,2021-03-13,13051,491962,3583,259478,9038,229223,430,3261,7861,158800,5178,167914,8286,326714,California
Sacramento,2021-03-14,8406,500368,3473,262951,4299,233522,634,3895,4432,159914,3950,171864,5064,331778,California
Sacramento,2021-03-15,12265,512633,4880,267831,6722,240244,663,4558,7061,162461,5178,177042,7725,339503,California
Sacramento,2021-03-16,14097,526730,6258,274089,7185,247429,654,5212,8672,166392,5388,182430,9319,348822,California
Sacramento,2021-03-17,13863,540593,6671,280760,6556,253985,636,5848,8826,170845,5011,187441,9464,358286,California
Sacramento,2021-03-18,15834,556427,8335,289095,6895,260880,604,6452,10049,175745,5751,193192,10651,368937,California
Sacramento,2021-03-19,15717,572144,8021,297116,6304,267184,1392,7844,7929,177299,7759,200951,9313,378250,California
Sacramento,2021-03-20,12980,585124,7564,304680,5073,272257,343,8187,8076,180846,4873,205824,8420,386670,California
Sacramento,2021-03-21,5632,590756,2783,307463,2809,275066,40,8227,4886,185044,732,206556,4930,391600,California
Sacramento,2021-03-22,9474,600230,4876,312339,3745,278811,853,9080,6268,188986,3177,209733,7119,398719,California
Sacramento,2021-03-23,11475,611705,6849,319188,3820,282631,806,9886,7357,193074,4074,213807,8162,406881,California
Sacramento,2021-03-24,11946,623651,7296,326484,4020,286651,630,10516,6766,195373,5099,218906,7398,414279,California
Sacramento,2021-03-25,14248,637899,8375,334859,5032,291683,841,11357,8552,199111,5649,224555,9387,423666,California
Sacramento,2021-03-26,18354,656253,8955,343814,8888,300571,511,11868,9182,199703,9104,233659,9696,433362,California
Sacramento,2021-03-27,9739,665992,3584,347398,5864,306435,291,12159,5113,200509,4593,238252,5399,438761,California
Sacramento,2021-03-28,6548,672540,3232,350630,3067,309502,249,12408,2705,199635,3832,242084,2958,441719,California
Sacramento,2021-03-29,11058,683598,5908,356538,4760,314262,390,12798,4953,198903,6075,248159,5343,447062,California
Sacramento,2021-03-30,11950,695548,6104,362642,5428,319690,418,13216,6038,199471,5886,254045,6454,453516,California
Sacramento,2021-03-31,13512,709060,7872,370514,5229,324919,411,13627,5591,197573,7894,261939,5996,459512,California
Sacramento,2021-04-01,17521,726581,10476,380990,6789,331708,256,13883,7367,195092,10108,272047,7627,467139,California
Sacramento,2021-04-02,17215,743796,9726,390716,6747,338455,742,14625,9042,196734,8141,280188,9783,476922,California
Sacramento,2021-04-03,10472,754268,6237,396953,3685,342140,550,15175,6420,199677,4022,284210,6965,483887,California
Sacramento,2021-04-04,3731,757999,1532,398485,1993,344133,206,15381,1453,199059,2272,286482,1654,485541,California
Sacramento,2021-04-05,12085,770084,7570,406055,3673,347806,842,16223,5389,198625,6659,293141,6225,491766,California
Sacramento,2021-04-06,15713,785797,8886,414941,5481,353287,1346,17569,6941,198168,8738,301879,8281,500047,California
Sacramento,2021-04-07,14939,800736,8054,422995,5265,358552,1620,19189,7194,199266,7703,309582,8801,508848,California
Sacramento,2021-04-08,15155,815891,6811,429806,5341,363893,3003,22192,6035,199199,9086,318668,9019,517867,California
Sacramento,2021-04-09,18383,834274,9383,439189,6769,370662,2231,24423,7467,198012,10874,329542,9687,527554,California
Sacramento,2021-04-10,12914,847188,3851,443040,7841,378503,1222,25645,5359,197041,7526,337068,6555,534109,California
Sacramento,2021-04-11,10819,858007,4370,447410,6221,384724,228,25873,3862,194197,6932,344000,4088,538197,California
Sacramento,2021-04-12,13032,871039,5072,452482,6068,390792,1892,27765,4959,193026,8007,352007,6836,545033,California
Sacramento,2021-04-13,16347,887386,9986,462468,6356,397148,5,27770,7598,191917,8716,360723,7607,552640,California
Sacramento,2021-04-14,15065,902451,8014,470482,7049,404197,2,27772,5932,188755,9101,369824,5939,558579,California
Sacramento,2021-04-15,16471,918922,8461,478943,8007,412204,3,27775,6675,185679,9757,379581,6681,565260,California
Sacramento,2021-04-16,17589,936511,9718,488661,7871,420075,0,27775,7965,184068,9580,389161,7969,573229,California
Sacramento,2021-04-17,15415,951926,6180,494841,9235,429310,0,27775,11158,190997,4234,393395,11163,584392,California
Sacramento,2021-04-18,8656,960582,3258,498099,5398,434708,0,27775,3886,190134,4750,398145,3887,588279,California
Sacramento,2021-04-19,10672,971254,5764,503863,4903,439611,5,27780,4716,188929,5929,404074,4724,593003,California
Sacramento,2021-04-20,11555,982809,7125,510988,4426,444037,4,27784,6070,189550,5457,409531,6078,599081,California
Sacramento,2021-04-21,12300,995109,7361,518349,4937,448974,2,27786,6605,190492,5667,415198,6609,605690,California
Sacramento,2021-04-22,15250,1010359,10266,528615,4980,453954,4,27790,6998,189281,8216,423414,7005,612695,California
Sacramento,2021-04-23,16289,1026648,10346,538961,5943,459897,0,27790,7549,188131,8701,432115,7551,620246,California
Sacramento,2021-04-24,11372,1038020,7008,545969,4363,464260,1,27791,5968,188733,5368,437483,5970,626216,California
Sacramento,2021-04-25,8008,1046028,4476,550445,3532,467792,0,27791,4166,189072,3828,441311,4167,630383,California
Sacramento,2021-04-26,10834,1056862,6830,557275,3980,471772,24,27815,5152,188597,5651,446962,5176,635559,California
Sacramento,2021-04-27,12270,1069132,8079,565354,4036,475808,155,27970,6034,188590,6201,453163,6194,641753,California
Sacramento,2021-04-28,10785,1079917,6111,571465,4469,480277,205,28175,5959,189964,4795,457958,6169,647922,California
Sacramento,2021-04-29,11179,1091096,7587,579052,3289,483566,303,28478,6137,191403,5004,462962,6443,654365,California
Sacramento,2021-04-30,12625,1103721,7976,587028,4386,487952,263,28741,5955,191000,6622,469584,6219,660584,California
Sacramento,2021-05-01,7601,1111322,5477,592505,1948,489900,176,28917,2769,189148,4795,474379,2943,663527,California
Sacramento,2021-05-02,5011,1116333,4313,596818,547,490447,151,29068,2231,188775,2753,477132,2380,665907,California
Sacramento,2021-05-03,9142,1125475,7306,604124,1554,492001,282,29350,3971,187877,5147,482279,4249,670156,California
Sacramento,2021-05-04,9685,1135160,5948,610072,3427,495428,310,29660,3853,186252,5787,488066,4162,674318,California
Sacramento,2021-05-05,11364,1146524,6235,616307,4668,500096,461,30121,4647,184682,6671,494737,5101,679419,California
Sacramento,2021-05-06,11251,1157775,6215,622522,4728,504824,308,30429,4632,183323,6295,501032,4936,684355,California
Sacramento,2021-05-07,10675,1168450,6189,628711,4115,508939,371,30800,4490,182053,6132,507164,4862,689217,California
Sacramento,2021-05-08,8286,1176736,3827,632538,4229,513168,230,31030,2733,179496,5513,512677,2956,692173,California
Sacramento,2021-05-09,3152,1179888,1657,634195,1382,514550,113,31143,1111,178690,2030,514707,1224,693397,California
Sacramento,2021-05-10,8091,1187979,3742,637937,4077,518627,272,31415,1981,174866,6079,520786,2255,695652,California
Sacramento,2021-05-11,8332,1196311,5167,643104,2906,521533,259,31674,2807,172438,5494,526280,3066,698718,California
Sacramento,2021-05-12,8600,1204911,5152,648256,3191,524724,257,31931,2907,169942,5658,531938,3162,701880,California
Sacramento,2021-05-13,11961,1216872,7701,655957,3984,528708,276,32207,4534,167367,7385,539323,4810,706690,California
Sacramento,2021-05-14,12431,1229303,7076,663033,5067,533775,288,32495,5046,165373,7328,546651,5334,712024,California
Sacramento,2021-05-15,13236,1242539,8023,671056,5067,538842,146,32641,5871,164056,7330,553981,6013,718037,California
Sacramento,2021-05-16,7903,1250442,4150,675206,3640,542482,113,32754,2156,160603,5724,559705,2271,720308,California
Sacramento,2021-05-17,10385,1260827,6305,681511,3789,546271,291,33045,3855,158260,6492,566197,4149,724457,California
Sacramento,2021-05-18,9755,1270582,6098,687609,3446,549717,211,33256,3614,155990,6100,572297,3830,728287,California
Sacramento,2021-05-19,9802,1280384,6245,693854,3293,553010,264,33520,4415,155330,5345,577642,4685,732972,California
Sacramento,2021-05-20,10168,1290552,6692,700546,3216,556226,260,33780,3792,153059,6324,583966,4053,737025,California
Sacramento,2021-05-21,10726,1301278,6807,707353,3596,559822,323,34103,4446,151645,6238,590204,4824,741849,California
Sacramento,2021-05-22,7436,1308714,4597,711950,2667,562489,172,34275,3339,151096,4067,594271,3518,745367,California
Sacramento,2021-05-23,4204,1312918,2895,714845,1206,563695,103,34378,1933,150882,2251,596522,2037,747404,California
Sacramento,2021-05-24,7661,1320579,4574,719419,2757,566452,330,34708,2383,148362,5231,601753,2711,750115,California
Sacramento,2021-05-25,6708,1327287,3876,723295,2540,568992,292,35000,2380,146731,4302,606055,2671,752786,California
Sacramento,2021-05-26,8556,1335843,4722,728017,3499,572491,335,35335,2807,144172,5698,611753,3139,755925,California
Sacramento,2021-05-27,6686,1342529,3640,731657,2806,575297,240,35575,2949,143697,3695,615448,3220,759145,California
Sacramento,2021-05-28,8268,1350797,4582,736239,3312,578609,374,35949,3458,142821,4771,620219,3895,763040,California
Sacramento,2021-05-29,4410,1355207,2683,738922,1571,580180,156,36105,2218,143060,2168,622387,2407,765447,California
Sacramento,2021-05-30,1673,1356880,1057,739979,577,580757,39,36144,744,142956,922,623309,818,766265,California
Sacramento,2021-05-31,881,1357761,440,740419,428,581185,13,36157,311,142711,569,623878,324,766589,California
Sacramento,2021-06-01,6974,1364735,4182,744601,2585,583770,207,36364,2535,141199,4398,628276,2886,769475,California
Sacramento,2021-06-02,6103,1370838,3348,747949,2541,586311,214,36578,2271,139927,3787,632063,2515,771990,California
Sacramento,2021-06-03,7446,1378284,5064,753013,2198,588509,184,36762,2136,136991,5270,637333,2334,774324,California
Sacramento,2021-06-04,7060,1385344,4515,757528,2334,590843,211,36973,2207,134601,4822,642155,2432,776756,California
Sacramento,2021-06-05,6210,1391554,4550,762078,1519,592362,141,37114,1753,132071,4428,646583,1898,778654,California
Sacramento,2021-06-06,2379,1393933,1867,763945,454,592816,58,37172,795,131351,1578,648161,858,779512,California
Sacramento,2021-06-07,5541,1399474,3876,767821,1484,594300,181,37353,1586,129196,3929,652090,1774,781286,California
Sacramento,2021-06-08,5389,1404863,3677,771498,1532,595832,180,37533,1789,127605,3574,655664,1983,783269,California
Sacramento,2021-06-09,6164,1411027,4275,775773,1704,597536,185,37718,1625,124930,4487,660151,1812,785081,California
Sacramento,2021-06-10,5412,1416439,3460,779233,1740,599276,212,37930,1687,123156,3676,663827,1902,786983,California
Sacramento,2021-06-11,7552,1423991,5213,784446,2145,601421,194,38124,2062,119954,5457,669284,2255,789238,California
Sacramento,2021-06-12,4732,1428723,3061,787507,1553,602974,118,38242,1289,117945,3420,672704,1411,790649,California
Sacramento,2021-06-13,1927,1430650,1418,788925,467,603441,42,38284,422,116921,1493,674197,469,791118,California
Sacramento,2021-06-14,4301,1434951,2786,791711,1354,604795,161,38445,1404,115604,2880,677077,1563,792681,California
Sacramento,2021-06-15,4921,1439872,2962,794673,1736,606531,223,38668,1737,114395,3169,680246,1960,794641,California
Sacramento,2021-06-16,4479,1444351,3011,797684,1248,607779,220,38888,1561,113280,2892,683138,1777,796418,California
Sacramento,2021-06-17,4069,1448420,2645,800329,1259,609038,165,39053,1401,112208,2635,685773,1563,797981,California
Sacramento,2021-06-18,5125,1453545,3348,803677,1536,610574,241,39294,1743,110834,3358,689131,1984,799965,California
Sacramento,2021-06-19,3316,1456861,2253,805930,919,611493,144,39438,1190,110063,2109,691240,1338,801303,California
Sacramento,2021-06-20,1226,1458087,908,806838,291,611784,27,39465,560,109993,657,691897,587,801890,California
Sacramento,2021-06-21,2511,1460598,1332,808170,1021,612805,158,39623,1237,110128,1260,693157,1395,803285,California
Sacramento,2021-06-22,3899,1464497,2689,810859,1018,613823,192,39815,1537,109516,2337,695494,1725,805010,California
Sacramento,2021-06-23,4052,1468549,2799,813658,1046,614869,207,40022,1514,108714,2519,698013,1717,806727,California
Sacramento,2021-06-24,3408,1471957,2241,815899,977,615846,190,40212,1350,108216,2037,700050,1539,808266,California
Sacramento,2021-06-25,2604,1474561,1680,817579,748,616594,176,40388,1014,107829,1575,701625,1188,809454,California
San Benito,2020-12-16,29,29,29,29,0,0,0,0,29,29,0,0,29,29,California
San Benito,2020-12-17,48,77,48,77,0,0,0,0,48,77,0,0,48,77,California
San Benito,2020-12-18,72,149,72,149,0,0,0,0,72,149,0,0,72,149,California
San Benito,2020-12-19,48,197,48,197,0,0,0,0,48,197,0,0,48,197,California
San Benito,2020-12-20,23,220,23,220,0,0,0,0,23,220,0,0,23,220,California
San Benito,2020-12-21,77,297,77,297,0,0,0,0,77,297,0,0,77,297,California
San Benito,2020-12-22,101,398,101,398,0,0,0,0,101,398,0,0,101,398,California
San Benito,2020-12-23,86,484,74,472,12,12,0,0,86,484,0,0,86,484,California
San Benito,2020-12-24,13,497,5,477,8,20,0,0,13,497,0,0,13,497,California
San Benito,2020-12-25,4,501,4,481,0,20,0,0,4,501,0,0,4,501,California
San Benito,2020-12-26,13,514,4,485,9,29,0,0,13,514,0,0,13,514,California
San Benito,2020-12-27,8,522,7,492,1,30,0,0,8,522,0,0,8,522,California
San Benito,2020-12-28,67,589,36,528,31,61,0,0,67,589,0,0,67,589,California
San Benito,2020-12-29,49,638,21,549,28,89,0,0,49,638,0,0,49,638,California
San Benito,2020-12-30,60,698,38,587,22,111,0,0,60,698,0,0,60,698,California
San Benito,2020-12-31,19,717,2,589,17,128,0,0,19,717,0,0,19,717,California
San Benito,2021-01-02,24,741,23,612,1,129,0,0,24,741,0,0,24,741,California
San Benito,2021-01-03,4,745,2,614,2,131,0,0,3,744,0,0,3,744,California
San Benito,2021-01-04,61,806,23,637,38,169,0,0,61,805,0,0,61,805,California
San Benito,2021-01-05,117,923,37,674,80,249,0,0,114,916,3,3,114,919,California
San Benito,2021-01-06,102,1025,43,717,59,308,0,0,87,988,15,18,87,1006,California
San Benito,2021-01-07,106,1131,68,785,38,346,0,0,54,990,52,70,54,1060,California
San Benito,2021-01-08,182,1313,90,875,92,438,0,0,117,1042,65,135,117,1177,California
San Benito,2021-01-09,44,1357,31,906,13,451,0,0,30,1058,14,149,30,1207,California
San Benito,2021-01-10,17,1374,15,921,2,453,0,0,5,1051,12,161,5,1212,California
San Benito,2021-01-11,172,1546,107,1028,65,518,0,0,72,1023,100,261,72,1284,California
San Benito,2021-01-12,161,1707,57,1085,104,622,0,0,121,1104,40,301,121,1405,California
San Benito,2021-01-13,240,1947,69,1154,171,793,0,0,189,1242,51,352,189,1594,California
San Benito,2021-01-14,131,2078,24,1178,107,900,0,0,112,1335,19,371,112,1706,California
San Benito,2021-01-15,216,2294,21,1199,195,1095,0,0,202,1523,14,385,202,1908,California
San Benito,2021-01-16,26,2320,9,1208,17,1112,0,0,20,1537,6,391,20,1928,California
San Benito,2021-01-17,12,2332,5,1213,7,1119,0,0,9,1543,3,394,9,1937,California
San Benito,2021-01-18,37,2369,23,1236,14,1133,0,0,22,1550,15,409,22,1959,California
San Benito,2021-01-19,186,2555,80,1316,106,1239,0,0,148,1660,38,447,148,2107,California
San Benito,2021-01-20,331,2886,96,1412,235,1474,0,0,284,1898,46,493,284,2391,California
San Benito,2021-01-21,146,3032,33,1445,113,1587,0,0,120,1992,26,519,120,2511,California
San Benito,2021-01-22,237,3269,19,1464,218,1805,0,0,227,2209,10,529,227,2738,California
San Benito,2021-01-23,31,3300,17,1481,14,1819,0,0,13,2204,18,547,13,2751,California
San Benito,2021-01-24,29,3329,3,1484,26,1845,0,0,25,2225,4,551,25,2776,California
San Benito,2021-01-25,72,3401,24,1508,48,1893,0,0,24,2201,48,599,24,2800,California
San Benito,2021-01-26,138,3539,41,1549,97,1990,0,0,86,2235,52,651,86,2886,California
San Benito,2021-01-27,231,3770,70,1619,161,2151,0,0,191,2386,40,691,191,3077,California
San Benito,2021-01-28,154,3924,32,1651,122,2273,0,0,122,2477,31,722,122,3199,California
San Benito,2021-01-29,295,4219,35,1686,260,2533,0,0,270,2723,24,746,270,3469,California
San Benito,2021-01-30,52,4271,33,1719,19,2552,0,0,29,2729,23,769,29,3498,California
San Benito,2021-01-31,16,4287,5,1724,11,2563,0,0,11,2735,5,774,11,3509,California
San Benito,2021-02-01,136,4423,28,1752,108,2671,0,0,92,2783,44,818,92,3601,California
San Benito,2021-02-02,229,4652,49,1801,180,2851,0,0,139,2832,90,908,139,3740,California
San Benito,2021-02-03,339,4991,42,1843,297,3148,0,0,272,3037,67,975,272,4012,California
San Benito,2021-02-04,166,5157,24,1867,142,3290,0,0,120,3111,46,1021,120,4132,California
San Benito,2021-02-05,293,5450,41,1908,252,3542,0,0,230,3278,63,1084,230,4362,California
San Benito,2021-02-06,50,5500,9,1917,41,3583,0,0,33,3294,17,1101,33,4395,California
San Benito,2021-02-07,17,5517,8,1925,9,3592,0,0,15,3307,2,1103,15,4410,California
San Benito,2021-02-08,140,5657,17,1942,123,3715,0,0,94,3355,46,1149,94,4504,California
San Benito,2021-02-09,326,5983,64,2006,262,3977,0,0,194,3417,132,1281,194,4698,California
San Benito,2021-02-10,324,6307,90,2096,234,4211,0,0,113,3321,209,1490,113,4811,California
San Benito,2021-02-11,299,6606,33,2129,266,4477,0,0,201,3424,98,1588,201,5012,California
San Benito,2021-02-12,414,7020,32,2161,382,4859,0,0,209,3429,204,1792,209,5221,California
San Benito,2021-02-13,56,7076,7,2168,49,4908,0,0,44,3461,12,1804,44,5265,California
San Benito,2021-02-14,40,7116,5,2173,35,4943,0,0,30,3481,10,1814,30,5295,California
San Benito,2021-02-15,105,7221,9,2182,96,5039,0,0,94,3564,11,1825,94,5389,California
San Benito,2021-02-16,207,7428,12,2194,195,5234,0,0,101,3560,106,1931,102,5491,California
San Benito,2021-02-17,327,7755,29,2223,298,5532,0,0,278,3789,49,1980,278,5769,California
San Benito,2021-02-18,294,8049,38,2261,256,5788,0,0,73,3641,221,2201,73,5842,California
San Benito,2021-02-19,343,8392,47,2308,296,6084,0,0,178,3654,165,2366,178,6020,California
San Benito,2021-02-20,45,8437,25,2333,20,6104,0,0,35,3679,10,2376,35,6055,California
San Benito,2021-02-21,23,8460,8,2341,15,6119,0,0,14,3684,9,2385,14,6069,California
San Benito,2021-02-22,134,8594,36,2377,98,6217,0,0,100,3751,33,2418,100,6169,California
San Benito,2021-02-23,379,8973,94,2471,285,6502,0,0,262,3896,117,2535,262,6431,California
San Benito,2021-02-24,381,9354,68,2539,313,6815,0,0,243,4001,138,2673,243,6674,California
San Benito,2021-02-25,393,9747,64,2603,329,7144,0,0,271,4148,124,2797,271,6945,California
San Benito,2021-02-26,654,10401,76,2679,578,7722,0,0,404,4302,250,3047,404,7349,California
San Benito,2021-02-27,105,10506,41,2720,64,7786,0,0,86,4369,19,3066,86,7435,California
San Benito,2021-02-28,254,10760,30,2750,224,8010,0,0,243,4601,11,3077,243,7678,California
San Benito,2021-03-01,233,10993,61,2811,172,8182,0,0,162,4691,72,3149,162,7840,California
San Benito,2021-03-02,288,11281,97,2908,191,8373,0,0,214,4831,74,3223,214,8054,California
San Benito,2021-03-03,406,11687,66,2974,340,8713,0,0,227,4881,177,3400,227,8281,California
San Benito,2021-03-04,616,12303,126,3100,475,9188,15,15,430,5128,186,3586,433,8714,California
San Benito,2021-03-05,582,12885,306,3406,264,9452,12,27,373,5306,207,3793,385,9099,California
San Benito,2021-03-06,193,13078,69,3475,110,9562,14,41,140,5407,53,3846,154,9253,California
San Benito,2021-03-07,648,13726,603,4078,22,9584,23,64,615,6012,33,3879,638,9891,California
San Benito,2021-03-08,290,14016,66,4144,177,9761,47,111,167,6103,123,4002,214,10105,California
San Benito,2021-03-09,423,14439,83,4227,241,10002,99,210,137,6027,285,4287,209,10314,California
San Benito,2021-03-10,403,14842,114,4341,194,10196,95,305,232,6183,171,4458,327,10641,California
San Benito,2021-03-11,475,15317,124,4465,198,10394,153,458,211,6283,264,4722,364,11005,California
San Benito,2021-03-12,523,15840,124,4589,302,10696,97,555,233,6326,288,5010,331,11336,California
San Benito,2021-03-13,200,16040,99,4688,83,10779,18,573,126,6399,71,5081,144,11480,California
San Benito,2021-03-14,233,16273,40,4728,173,10952,20,593,180,6547,52,5133,200,11680,California
San Benito,2021-03-15,324,16597,100,4828,205,11157,19,612,191,6624,133,5266,210,11890,California
San Benito,2021-03-16,499,17096,218,5046,250,11407,31,643,351,6857,148,5414,381,12271,California
San Benito,2021-03-17,791,17887,479,5525,290,11697,22,665,561,7206,226,5640,575,12846,California
San Benito,2021-03-18,790,18677,528,6053,206,11903,56,721,574,7613,214,5854,621,13467,California
San Benito,2021-03-19,778,19455,403,6456,351,12254,24,745,576,8010,202,6056,599,14066,California
San Benito,2021-03-20,245,19700,149,6605,83,12337,13,758,186,8150,59,6115,199,14265,California
San Benito,2021-03-21,108,19808,56,6661,47,12384,5,763,80,8207,28,6143,85,14350,California
San Benito,2021-03-22,353,20161,173,6834,155,12539,25,788,222,8323,131,6274,247,14597,California
San Benito,2021-03-23,477,20638,199,7033,268,12807,10,798,210,8275,267,6541,219,14816,California
San Benito,2021-03-24,575,21213,304,7337,264,13071,7,805,353,8414,221,6762,360,15176,California
San Benito,2021-03-25,742,21955,442,7779,296,13367,4,809,440,8560,298,7060,444,15620,California
San Benito,2021-03-26,1020,22975,520,8299,495,13862,5,814,337,8220,682,7742,342,15962,California
San Benito,2021-03-27,338,23313,189,8488,117,13979,32,846,219,8353,118,7860,251,16213,California
San Benito,2021-03-28,734,24047,608,9096,121,14100,5,851,129,7882,605,8465,134,16347,California
San Benito,2021-03-29,344,24391,108,9204,216,14316,20,871,143,7843,201,8666,162,16509,California
San Benito,2021-03-30,578,24969,274,9478,211,14527,93,964,294,7946,284,8950,387,16896,California
San Benito,2021-03-31,596,25565,367,9845,205,14732,24,988,342,8061,251,9201,366,17262,California
San Benito,2021-04-01,952,26517,383,10228,530,15262,39,1027,562,8267,389,9590,595,17857,California
San Benito,2021-04-02,541,27058,262,10490,143,15405,136,1163,264,8391,276,9866,400,18257,California
San Benito,2021-04-03,254,27312,87,10577,103,15508,64,1227,75,8351,178,10044,138,18395,California
San Benito,2021-04-04,143,27455,108,10685,30,15538,5,1232,106,8425,37,10081,111,18506,California
San Benito,2021-04-05,353,27808,169,10854,140,15678,44,1276,142,8399,211,10292,185,18691,California
San Benito,2021-04-06,466,28274,162,11016,127,15805,177,1453,161,8431,305,10597,337,19028,California
San Benito,2021-04-07,943,29217,525,11541,227,16032,191,1644,264,8209,677,11274,455,19483,California
San Benito,2021-04-08,871,30088,439,11980,178,16210,254,1898,233,8059,637,11911,487,19970,California
San Benito,2021-04-09,853,30941,505,12485,256,16466,92,1990,297,7893,555,12466,389,20359,California
San Benito,2021-04-10,341,31282,206,12691,77,16543,58,2048,192,7994,149,12615,250,20609,California
San Benito,2021-04-11,480,31762,273,12964,172,16715,35,2083,270,8067,210,12825,283,20892,California
San Benito,2021-04-12,530,32292,286,13250,132,16847,112,2195,278,8202,251,13076,386,21278,California
San Benito,2021-04-13,759,33051,294,13544,442,17289,23,2218,526,8520,232,13308,550,21828,California
San Benito,2021-04-14,832,33883,655,14199,177,17466,0,2218,395,8484,431,13739,395,22223,California
San Benito,2021-04-15,945,34828,735,14934,209,17675,1,2219,474,8490,470,14209,476,22699,California
San Benito,2021-04-16,711,35539,371,15305,331,18006,9,2228,301,8394,407,14616,311,23010,California
San Benito,2021-04-17,322,35861,226,15531,96,18102,0,2228,129,8328,195,14811,129,23139,California
San Benito,2021-04-18,505,36366,424,15955,81,18183,0,2228,247,8319,258,15069,249,23388,California
San Benito,2021-04-19,744,37110,594,16549,150,18333,0,2228,420,8419,322,15391,422,23810,California
San Benito,2021-04-20,786,37896,415,16964,369,18702,2,2230,494,8627,287,15678,495,24305,California
San Benito,2021-04-21,965,38861,714,17678,251,18953,0,2230,521,8719,429,16107,521,24826,California
San Benito,2021-04-22,897,39758,694,18372,203,19156,0,2230,563,8956,326,16433,563,25389,California
San Benito,2021-04-23,641,40399,405,18777,235,19391,1,2231,342,9048,250,16683,342,25731,California
San Benito,2021-04-24,362,40761,202,18979,160,19551,0,2231,166,9058,156,16839,166,25897,California
San Benito,2021-04-25,205,40966,128,19107,77,19628,0,2231,95,9061,92,16931,95,25992,California
San Benito,2021-04-26,492,41458,390,19497,102,19730,0,2231,258,9146,173,17104,258,26250,California
San Benito,2021-04-27,560,42018,286,19783,267,19997,7,2238,408,9419,142,17246,415,26665,California
San Benito,2021-04-28,555,42573,393,20176,154,20151,8,2246,391,9658,159,17405,398,27063,California
San Benito,2021-04-29,633,43206,234,20410,389,20540,10,2256,255,9562,378,17783,282,27345,California
San Benito,2021-04-30,379,43585,212,20622,160,20700,7,2263,204,9600,173,17956,211,27556,California
San Benito,2021-05-01,196,43781,143,20765,44,20744,9,2272,66,9546,129,18085,75,27631,California
San Benito,2021-05-02,189,43970,160,20925,25,20769,4,2276,57,9475,132,18217,61,27692,California
San Benito,2021-05-03,359,44329,282,21207,67,20836,10,2286,87,9302,272,18489,99,27791,California
San Benito,2021-05-04,410,44739,252,21459,150,20986,8,2294,149,9199,259,18748,156,27947,California
San Benito,2021-05-05,609,45348,430,21889,163,21149,16,2310,217,9043,389,19137,233,28180,California
San Benito,2021-05-06,612,45960,485,22374,112,21261,15,2325,223,8896,385,19522,238,28418,California
San Benito,2021-05-07,449,46409,284,22658,155,21416,10,2335,172,8804,275,19797,183,28601,California
San Benito,2021-05-08,274,46683,222,22880,47,21463,5,2340,156,8847,118,19915,161,28762,California
San Benito,2021-05-09,100,46783,75,22955,22,21485,3,2343,44,8838,56,19971,47,28809,California
San Benito,2021-05-10,410,47193,322,23277,64,21549,24,2367,53,8559,357,20328,78,28887,California
San Benito,2021-05-11,814,48007,402,23679,396,21945,16,2383,176,8116,636,20964,193,29080,California
San Benito,2021-05-12,491,48498,389,24068,89,22034,13,2396,112,7864,378,21342,126,29206,California
San Benito,2021-05-13,731,49229,625,24693,89,22123,17,2413,207,7566,521,21863,223,29429,California
San Benito,2021-05-14,599,49828,442,25135,150,22273,7,2420,228,7432,369,22232,235,29664,California
San Benito,2021-05-15,227,50055,171,25306,50,22323,6,2426,126,7463,101,22333,132,29796,California
San Benito,2021-05-16,169,50224,141,25447,26,22349,2,2428,92,7480,77,22410,94,29890,California
San Benito,2021-05-17,378,50602,307,25754,62,22411,9,2437,170,7453,206,22616,179,30069,California
San Benito,2021-05-18,673,51275,353,26107,315,22726,5,2442,210,7206,463,23079,216,30285,California
San Benito,2021-05-19,570,51845,419,26526,143,22869,8,2450,230,7104,340,23419,238,30523,California
San Benito,2021-05-20,588,52433,465,26991,112,22981,11,2461,314,7156,273,23692,325,30848,California
San Benito,2021-05-21,463,52896,272,27263,175,23156,16,2477,213,7138,248,23940,230,31078,California
San Benito,2021-05-22,293,53189,221,27484,67,23223,5,2482,179,7211,112,24052,185,31263,California
San Benito,2021-05-23,92,53281,54,27538,34,23257,4,2486,34,7190,58,24110,37,31300,California
San Benito,2021-05-24,301,53582,253,27791,41,23298,7,2493,189,7274,112,24222,196,31496,California
San Benito,2021-05-25,523,54105,238,28029,278,23576,7,2500,166,7092,355,24577,173,31669,California
San Benito,2021-05-26,313,54418,196,28225,110,23686,7,2507,125,7036,187,24764,131,31800,California
San Benito,2021-05-27,408,54826,312,28537,73,23759,23,2530,151,6956,257,25021,177,31977,California
San Benito,2021-05-28,282,55108,175,28712,100,23859,7,2537,107,6898,174,25195,116,32093,California
San Benito,2021-05-29,146,55254,124,28836,20,23879,2,2539,61,6877,85,25280,64,32157,California
San Benito,2021-05-30,269,55523,253,29089,16,23895,0,2539,90,6792,178,25458,93,32250,California
San Benito,2021-05-31,100,55623,87,29176,11,23906,2,2541,43,6781,56,25514,45,32295,California
San Benito,2021-06-01,267,55890,120,29296,121,24027,26,2567,85,6724,181,25695,124,32419,California
San Benito,2021-06-02,320,56210,242,29538,76,24103,2,2569,108,6632,211,25906,119,32538,California
San Benito,2021-06-03,334,56544,284,29822,43,24146,7,2576,98,6503,234,26140,105,32643,California
San Benito,2021-06-04,269,56813,201,30023,68,24214,0,2576,85,6405,183,26323,85,32728,California
San Benito,2021-06-05,93,56906,74,30097,18,24232,1,2577,20,6354,72,26395,21,32749,California
San Benito,2021-06-06,58,56964,48,30145,7,24239,3,2580,15,6329,43,26438,18,32767,California
San Benito,2021-06-07,337,57301,297,30442,35,24274,5,2585,87,6173,248,26686,92,32859,California
San Benito,2021-06-08,307,57608,215,30657,77,24351,15,2600,94,6072,212,26898,111,32970,California
San Benito,2021-06-09,239,57847,188,30845,43,24394,8,2608,70,5981,169,27067,78,33048,California
San Benito,2021-06-10,358,58205,330,31175,21,24415,7,2615,73,5779,282,27349,80,33128,California
San Benito,2021-06-11,267,58472,226,31401,21,24436,20,2635,91,5715,175,27524,111,33239,California
San Benito,2021-06-12,159,58631,145,31546,10,24446,4,2639,52,5679,92,27616,56,33295,California
San Benito,2021-06-13,52,58683,40,31586,10,24456,2,2641,17,5670,28,27644,19,33314,California
San Benito,2021-06-14,178,58861,150,31736,24,24480,4,2645,62,5620,115,27759,65,33379,California
San Benito,2021-06-15,218,59079,125,31861,87,24567,6,2651,77,5565,139,27898,84,33463,California
San Benito,2021-06-16,212,59291,170,32031,29,24596,13,2664,72,5511,139,28037,85,33548,California
San Benito,2021-06-17,252,59543,208,32239,17,24613,27,2691,78,5443,174,28211,106,33654,California
San Benito,2021-06-18,157,59700,100,32339,50,24663,7,2698,64,5421,93,28304,71,33725,California
San Benito,2021-06-19,115,59815,109,32448,6,24669,0,2698,48,5402,67,28371,48,33773,California
San Benito,2021-06-20,38,59853,36,32484,2,24671,0,2698,18,5400,20,28391,18,33791,California
San Benito,2021-06-21,105,59958,75,32559,15,24686,15,2713,54,5418,50,28441,68,33859,California
San Benito,2021-06-22,194,60152,124,32683,58,24744,12,2725,75,5386,118,28559,86,33945,California
San Benito,2021-06-23,150,60302,112,32795,27,24771,11,2736,62,5371,88,28647,73,34018,California
San Benito,2021-06-24,183,60485,157,32952,15,24786,11,2747,79,5358,103,28750,90,34108,California
San Benito,2021-06-25,104,60589,82,33034,20,24806,2,2749,40,5337,64,28814,43,34151,California
San Bernardino,2020-12-15,13,13,13,13,0,0,0,0,13,13,0,0,13,13,California
San Bernardino,2020-12-16,113,126,113,126,0,0,0,0,113,126,0,0,113,126,California
San Bernardino,2020-12-17,2375,2501,2375,2501,0,0,0,0,2375,2501,0,0,2375,2501,California
San Bernardino,2020-12-18,3173,5674,3170,5671,3,3,0,0,3174,5675,0,0,3174,5675,California
San Bernardino,2020-12-19,1076,6750,1075,6746,1,4,0,0,1077,6752,0,0,1077,6752,California
San Bernardino,2020-12-20,1181,7931,1178,7924,3,7,0,0,1181,7933,0,0,1181,7933,California
San Bernardino,2020-12-21,2461,10392,2455,10379,6,13,0,0,2461,10394,0,0,2461,10394,California
San Bernardino,2020-12-22,2282,12674,2153,12532,129,142,0,0,2283,12677,0,0,2283,12677,California
San Bernardino,2020-12-23,2675,15349,1467,13999,1208,1350,0,0,2673,15350,0,0,2673,15350,California
San Bernardino,2020-12-24,1161,16510,582,14581,579,1929,0,0,1162,16511,1,1,1162,16512,California
San Bernardino,2020-12-25,76,16586,15,14596,61,1990,0,0,76,16587,0,1,76,16588,California
San Bernardino,2020-12-26,466,17052,255,14851,211,2201,0,0,466,17053,0,1,466,17054,California
San Bernardino,2020-12-27,351,17403,164,15015,187,2388,0,0,350,17402,1,2,350,17404,California
San Bernardino,2020-12-28,1588,18991,717,15732,871,3259,0,0,1589,18991,0,2,1589,18993,California
San Bernardino,2020-12-29,2230,21221,1048,16780,1182,4441,0,0,2230,21221,0,2,2230,21223,California
San Bernardino,2020-12-30,2915,24136,1461,18241,1454,5895,0,0,2915,24136,0,2,2915,24138,California
San Bernardino,2020-12-31,1379,25515,441,18682,938,6833,0,0,1377,25513,0,2,1377,25515,California
San Bernardino,2021-01-01,288,25803,152,18834,136,6969,0,0,287,25800,0,2,287,25802,California
San Bernardino,2021-01-02,485,26288,345,19179,140,7109,0,0,485,26285,0,2,485,26287,California
San Bernardino,2021-01-03,142,26430,88,19267,54,7163,0,0,142,26427,0,2,142,26429,California
San Bernardino,2021-01-04,2142,28572,1293,20560,849,8012,0,0,2141,28568,0,2,2141,28570,California
San Bernardino,2021-01-05,2345,30917,1462,22022,883,8895,0,0,2233,30691,110,112,2233,30803,California
San Bernardino,2021-01-06,3460,34377,2359,24381,1101,9996,0,0,2961,33160,493,605,2962,33765,California
San Bernardino,2021-01-07,5447,39824,4514,28895,933,10929,0,0,2488,32708,2940,3545,2488,36253,California
San Bernardino,2021-01-08,5383,45207,4456,33351,927,11856,0,0,2291,31912,3088,6633,2292,38545,California
San Bernardino,2021-01-09,1407,46614,1101,34452,306,12162,0,0,907,32319,500,7133,907,39452,California
San Bernardino,2021-01-10,1027,47641,599,35051,428,12590,0,0,577,32446,450,7583,577,40029,California
San Bernardino,2021-01-11,4989,52630,4076,39127,913,13503,0,0,2773,33006,2213,9796,2773,42802,California
San Bernardino,2021-01-12,4246,56876,3224,42351,1022,14525,0,0,2519,33800,1725,11521,2519,45321,California
San Bernardino,2021-01-13,4593,61469,2856,45207,1737,16262,0,0,3367,35954,1214,12735,3368,48689,California
San Bernardino,2021-01-14,4872,66341,2880,48087,1992,18254,0,0,4285,39656,583,13318,4285,52974,California
San Bernardino,2021-01-15,6003,72344,2964,51051,3039,21293,0,0,5602,44870,391,13709,5605,58579,California
San Bernardino,2021-01-16,2276,74620,1294,52345,982,22275,0,0,2132,46858,144,13853,2132,60711,California
San Bernardino,2021-01-17,1192,75812,508,52853,684,22959,0,0,1109,47886,82,13935,1110,61821,California
San Bernardino,2021-01-18,4287,80099,2648,55501,1639,24598,0,0,3659,50920,627,14562,3661,65482,California
San Bernardino,2021-01-19,6354,86453,3715,59216,2639,27237,0,0,5260,55090,1092,15654,5262,70744,California
San Bernardino,2021-01-20,6908,93361,3791,63007,3117,30354,0,0,4936,58066,1962,17616,4938,75682,California
San Bernardino,2021-01-21,6035,99396,3096,66103,2939,33293,0,0,4904,61852,1121,18737,4907,80589,California
San Bernardino,2021-01-22,6583,105979,3071,69174,3512,36805,0,0,5855,66982,726,19463,5856,86445,California
San Bernardino,2021-01-23,3139,109118,1900,71074,1239,38044,0,0,2735,69314,403,19866,2735,89180,California
San Bernardino,2021-01-24,1209,110327,462,71536,747,38791,0,0,1105,70315,104,19970,1105,90285,California
San Bernardino,2021-01-25,6921,117248,3414,74950,3507,42298,0,0,5061,73523,1856,21826,5064,95349,California
San Bernardino,2021-01-26,7111,124359,3544,78494,3567,45865,0,0,5005,76425,2105,23931,5007,100356,California
San Bernardino,2021-01-27,8557,132916,4141,82635,4416,50281,0,0,5727,79331,2821,26752,5727,106083,California
San Bernardino,2021-01-28,8647,141563,4086,86721,4561,54842,0,0,6305,83299,2337,29089,6305,112388,California
San Bernardino,2021-01-29,8233,149796,3759,90480,4474,59316,0,0,6241,87566,1975,31064,6242,118630,California
San Bernardino,2021-01-30,3112,152908,1894,92374,1218,60534,0,0,2810,90080,297,31361,2811,121441,California
San Bernardino,2021-01-31,929,153837,484,92858,445,60979,0,0,871,90894,57,31418,871,122312,California
San Bernardino,2021-02-01,7624,161461,4253,97111,3371,64350,0,0,4963,93201,2657,34075,4964,127276,California
San Bernardino,2021-02-02,10545,172006,3683,100794,6862,71212,0,0,8448,99558,2093,36168,8450,135726,California
San Bernardino,2021-02-03,9087,181093,4165,104959,4922,76134,0,0,6562,103604,2517,38685,6563,142289,California
San Bernardino,2021-02-04,10604,191697,5213,110172,5391,81525,0,0,7478,107968,3115,41800,7479,149768,California
San Bernardino,2021-02-05,11119,202816,5956,116128,5163,86688,0,0,7541,111944,3566,45366,7542,157310,California
San Bernardino,2021-02-06,5294,208110,2225,118353,3069,89757,0,0,3653,113983,1617,46983,3656,160966,California
San Bernardino,2021-02-07,852,208962,493,118846,359,90116,0,0,476,114087,373,47356,477,161443,California
San Bernardino,2021-02-08,7313,216275,3893,122739,3420,93536,0,0,5626,118027,1686,49042,5626,167069,California
San Bernardino,2021-02-09,10161,226436,5907,128646,4254,97790,0,0,6844,121559,3316,52358,6848,173917,California
San Bernardino,2021-02-10,12171,238607,6486,135132,5685,103475,0,0,8009,125418,4151,56509,8010,181927,California
San Bernardino,2021-02-11,12537,251144,7181,142313,5356,108831,0,0,7969,128850,4541,61050,7973,189900,California
San Bernardino,2021-02-12,10584,261728,5995,148308,4589,113420,0,0,5780,129849,4784,65834,5783,195683,California
San Bernardino,2021-02-13,6116,267844,4073,152381,2043,115463,0,0,3832,131418,2268,68102,3837,199520,California
San Bernardino,2021-02-14,1571,269415,663,153044,908,116371,0,0,881,131617,683,68785,882,200402,California
San Bernardino,2021-02-15,5518,274933,3019,156063,2499,118870,0,0,3080,132272,2425,71210,3080,203482,California
San Bernardino,2021-02-16,12699,287632,7422,163485,5277,124147,0,0,7992,135574,4694,75904,7996,211478,California
San Bernardino,2021-02-17,11895,299527,6516,170001,5379,129526,0,0,7172,138049,4702,80606,7177,218655,California
San Bernardino,2021-02-18,12553,312080,7628,177629,4925,134451,0,0,7734,140983,4802,85408,7736,226391,California
San Bernardino,2021-02-19,11659,323739,5978,183607,5681,140132,0,0,6898,143143,4740,90148,6900,233291,California
San Bernardino,2021-02-20,4542,328281,3480,187087,1062,141194,0,0,2049,142711,2484,92632,2052,235343,California
San Bernardino,2021-02-21,1152,329433,689,187776,463,141657,0,0,403,142367,749,93381,405,235748,California
San Bernardino,2021-02-22,8708,338141,5369,193145,3339,144996,0,0,4056,141784,4640,98021,4057,239805,California
San Bernardino,2021-02-23,9516,347657,5779,198924,3737,148733,0,0,4838,141976,4652,102673,4844,244649,California
San Bernardino,2021-02-24,12530,360187,7200,206124,5330,154063,0,0,6191,141854,6319,108992,6197,250846,California
San Bernardino,2021-02-25,13157,373344,6301,212425,6856,160919,0,0,7659,144036,5481,114473,7663,258509,California
San Bernardino,2021-02-26,13727,387071,6391,218816,7336,168255,0,0,7648,145677,6015,120488,7656,266165,California
San Bernardino,2021-02-27,6704,393775,3749,222565,2954,171209,1,1,4820,148630,1872,122360,4825,270990,California
San Bernardino,2021-02-28,1784,395559,746,223311,1038,172247,0,1,1144,149144,632,122992,1146,272136,California
San Bernardino,2021-03-01,8506,404065,4386,227697,4116,176363,4,5,3867,148414,4612,127604,3882,276018,California
San Bernardino,2021-03-02,13927,417992,5575,233272,8352,184715,0,5,6551,147632,7343,134947,6561,282579,California
San Bernardino,2021-03-03,13149,431141,6695,239967,6450,191165,4,9,6204,146927,6922,141869,6217,288796,California
San Bernardino,2021-03-04,13998,445139,6942,246909,7055,198220,1,10,6069,145098,7907,149776,6078,294874,California
San Bernardino,2021-03-05,14492,459631,7573,254482,6917,205137,2,12,7061,144785,7397,157173,7084,301958,California
San Bernardino,2021-03-06,9751,469382,5472,259954,4055,209192,224,236,4551,144376,5182,162355,4773,306731,California
San Bernardino,2021-03-07,1688,471070,1021,260975,595,209787,72,308,1062,144889,624,162979,1137,307868,California
San Bernardino,2021-03-08,8138,479208,3600,264575,4367,214154,171,479,3613,144163,4515,167494,3789,311657,California
San Bernardino,2021-03-09,13124,492332,7498,272073,5375,219529,251,730,5293,141891,7818,175312,5546,317203,California
San Bernardino,2021-03-10,14238,506570,7868,279941,5815,225344,555,1285,6363,140964,7848,183160,6921,324124,California
San Bernardino,2021-03-11,15685,522255,7265,287206,6814,232158,1606,2891,7394,141693,8268,191428,8997,333121,California
San Bernardino,2021-03-12,15624,537879,6962,294168,6612,238770,2050,4941,7365,142926,8227,199655,9460,342581,California
San Bernardino,2021-03-13,8409,546288,4581,298749,3312,242082,516,5457,4980,145006,3418,203073,5498,348079,California
San Bernardino,2021-03-14,3302,549590,1672,300421,1047,243129,583,6040,1843,145976,1452,204525,2422,350501,California
San Bernardino,2021-03-15,11441,561031,5402,305823,4005,247134,2034,8074,5464,147507,5962,210487,7493,357994,California
San Bernardino,2021-03-16,16271,577302,8054,313877,7274,254408,943,9017,9896,152006,6347,216834,10846,368840,California
San Bernardino,2021-03-17,17491,594793,8694,322571,8047,262455,750,9767,10581,156449,6890,223724,11333,380173,California
San Bernardino,2021-03-18,16763,611556,8297,330868,8079,270534,387,10154,9909,159917,6826,230550,10294,390467,California
San Bernardino,2021-03-19,17109,628665,8493,339361,8019,278553,597,10751,9810,163104,7271,237821,10458,400925,California
San Bernardino,2021-03-20,9512,638177,5986,345347,2928,281481,598,11349,5630,165472,3854,241675,6222,407147,California
San Bernardino,2021-03-21,2834,641011,2302,347649,481,281962,51,11400,2266,167234,555,242230,2317,409464,California
San Bernardino,2021-03-22,9735,650746,4599,352248,4699,286661,437,11837,7054,172065,2660,244890,7491,416955,California
San Bernardino,2021-03-23,15652,666398,8882,361130,6150,292811,620,12457,9661,176376,5968,250858,10279,427234,California
San Bernardino,2021-03-24,15222,681620,7834,368964,7082,299893,306,12763,10044,181588,5139,255997,10351,437585,California
San Bernardino,2021-03-25,17110,698730,8377,377341,8428,308321,305,13068,10794,186417,6264,262261,11093,448678,California
San Bernardino,2021-03-26,18241,716971,8675,386016,8796,317117,770,13838,10888,190755,7322,269583,11660,460338,California
San Bernardino,2021-03-27,10883,727854,7022,393038,3106,320223,755,14593,6189,193025,4672,274255,6942,467280,California
San Bernardino,2021-03-28,3646,731500,2560,395598,972,321195,114,14707,2524,194551,1112,275367,2638,469918,California
San Bernardino,2021-03-29,11820,743320,6140,401738,5278,326473,402,15109,7969,199090,3831,279198,8370,478288,California
San Bernardino,2021-03-30,17026,760346,9501,411239,6806,333279,719,15828,10529,203870,6458,285656,11238,489526,California
San Bernardino,2021-03-31,16640,776986,9369,420608,6629,339908,642,16470,10876,209655,5730,291386,11515,501041,California
San Bernardino,2021-04-01,19874,796860,10488,431096,7960,347868,1426,17896,12732,216711,7093,298479,14149,515190,California
San Bernardino,2021-04-02,18938,815798,9549,440645,8093,355961,1296,19192,11422,221983,7487,305966,12759,527949,California
San Bernardino,2021-04-03,11180,826978,6992,447637,3043,359004,1145,20337,6076,224111,5084,311050,7212,535161,California
San Bernardino,2021-04-04,2510,829488,1514,449151,746,359750,250,20587,1260,224379,1242,312292,1510,536671,California
San Bernardino,2021-04-05,11862,841350,5312,454463,4773,364523,1777,22364,6035,226381,5803,318095,7805,544476,California
San Bernardino,2021-04-06,19870,861220,11179,465642,6564,371087,2127,24491,10480,229634,9343,327438,12596,557072,California
San Bernardino,2021-04-07,21190,882410,11378,477020,7310,378397,2502,26993,11518,233999,9639,337077,14004,571076,California
San Bernardino,2021-04-08,22108,904518,11338,488358,8133,386530,2637,29630,12107,238761,9971,347048,14733,585809,California
San Bernardino,2021-04-09,21987,926505,11180,499538,8178,394708,2629,32259,11925,243277,10023,357071,14539,600348,California
San Bernardino,2021-04-10,15737,942242,8145,507683,3868,398576,3724,35983,7810,246892,7903,364974,11518,611866,California
San Bernardino,2021-04-11,4450,946692,2590,510273,893,399469,967,36950,2042,247493,2402,367376,3003,614869,California
San Bernardino,2021-04-12,13528,960220,6244,516517,5612,405081,1672,38622,6402,248461,7101,374477,8069,622938,California
San Bernardino,2021-04-13,19482,979702,11106,527623,8357,413438,19,38641,11190,251412,8261,382738,11212,634150,California
San Bernardino,2021-04-14,19546,999248,10446,538069,9097,422535,3,38644,11018,253946,8490,391228,11024,645174,California
San Bernardino,2021-04-15,20630,1019878,11530,549599,9094,431629,6,38650,10932,255227,9658,400886,10939,656113,California
San Bernardino,2021-04-16,18896,1038774,10703,560302,8192,439821,1,38651,9258,254895,9591,410477,9259,665372,California
San Bernardino,2021-04-17,12073,1050847,7960,568262,4113,443934,0,38651,6311,255489,5717,416194,6311,671683,California
San Bernardino,2021-04-18,3232,1054079,2306,570568,926,444860,0,38651,1390,255050,1829,418023,1390,673073,California
San Bernardino,2021-04-19,12711,1066790,6790,577358,5921,450781,0,38651,4922,252213,7764,425787,4927,678000,California
San Bernardino,2021-04-20,18280,1085070,10363,587721,7914,458695,3,38654,8264,250498,9984,435771,8269,686269,California
San Bernardino,2021-04-21,19093,1104163,11219,598940,7872,466567,2,38656,8323,248122,10704,446475,8328,694597,California
San Bernardino,2021-04-22,19662,1123825,11391,610331,8267,474834,4,38660,7963,244449,11643,458118,7970,702567,California
San Bernardino,2021-04-23,18941,1142766,10992,621323,7948,482782,1,38661,8234,242035,10651,468769,8237,710804,California
San Bernardino,2021-04-24,12862,1155628,9486,630809,3374,486156,2,38663,6910,243010,5937,474706,6912,717716,California
San Bernardino,2021-04-25,3420,1159048,2236,633045,1184,487340,0,38663,1680,242968,1724,476430,1682,719398,California
San Bernardino,2021-04-26,11357,1170405,6210,639255,5057,492397,90,38753,4828,241398,6489,482919,4919,724317,California
San Bernardino,2021-04-27,16751,1187156,10170,649425,6370,498767,211,38964,6886,238674,9821,492740,7097,731414,California
San Bernardino,2021-04-28,15092,1202248,9081,658506,5733,504500,278,39242,5464,234805,9602,502342,5733,737147,California
San Bernardino,2021-04-29,16611,1218859,9694,668200,6649,511149,268,39510,5572,229641,11001,513343,5837,742984,California
San Bernardino,2021-04-30,16739,1235598,10622,678822,5836,516985,281,39791,6190,225600,10510,523853,6469,749453,California
San Bernardino,2021-05-01,10765,1246363,8420,687242,2031,519016,314,40105,3723,222596,7037,530890,4033,753486,California
San Bernardino,2021-05-02,2945,1249308,2129,689371,685,519701,131,40236,1050,221891,1885,532775,1180,754666,California
San Bernardino,2021-05-03,10057,1259365,5785,695156,3868,523569,404,40640,2906,218061,7140,539915,3310,757976,California
San Bernardino,2021-05-04,16050,1275415,9851,705007,5742,529311,457,41097,4685,211879,11321,551236,5139,763115,California
San Bernardino,2021-05-05,15740,1291155,9202,714209,6125,535436,413,41510,4452,205500,11239,562475,4860,767975,California
San Bernardino,2021-05-06,15815,1306970,9005,723214,6396,541832,414,41924,4289,198717,11485,573960,4702,772677,California
San Bernardino,2021-05-07,15521,1322491,8694,731908,6449,548281,378,42302,4632,192890,10833,584793,5006,777683,California
San Bernardino,2021-05-08,9275,1331766,6137,738045,2871,551152,267,42569,3155,190225,6087,590880,3422,781105,California
San Bernardino,2021-05-09,1824,1333590,1122,739167,612,551764,90,42659,700,189898,1117,591997,790,781895,California
San Bernardino,2021-05-10,7546,1341136,3450,742617,3778,555542,318,42977,2311,187335,5189,597186,2626,784521,California
San Bernardino,2021-05-11,12204,1353340,6716,749333,5129,560671,359,43336,3800,183131,8364,605550,4160,788681,California
San Bernardino,2021-05-12,12720,1366060,6916,756249,5489,566160,315,43651,3592,177958,9079,614629,3906,792587,California
San Bernardino,2021-05-13,13484,1379544,8187,764436,4946,571106,351,44002,5274,175412,8164,622793,5618,798205,California
San Bernardino,2021-05-14,13973,1393517,9344,773780,4291,575397,338,44340,5799,173429,8120,630913,6137,804342,California
San Bernardino,2021-05-15,11416,1404933,8502,782282,2726,578123,188,44528,4642,171511,6742,637655,4824,809166,California
San Bernardino,2021-05-16,2791,1407724,2058,784340,671,578794,62,44590,1305,171411,1467,639122,1367,810533,California
San Bernardino,2021-05-17,10081,1417805,6800,791140,2988,581782,293,44883,4487,170628,5559,644681,4776,815309,California
San Bernardino,2021-05-18,13442,1431247,8830,799970,4364,586146,248,45131,5975,169408,7440,652121,6220,821529,California
San Bernardino,2021-05-19,11543,1442790,7220,807190,3943,590089,380,45511,5206,168688,6302,658423,5582,827111,California
San Bernardino,2021-05-20,11545,1454335,6889,814079,4339,594428,317,45828,5017,167539,6487,664910,5338,832449,California
San Bernardino,2021-05-21,12604,1466939,8344,822423,3878,598306,382,46210,5337,166078,7213,672123,5752,838201,California
San Bernardino,2021-05-22,8921,1475860,6686,829109,2027,600333,208,46418,4265,165945,4607,676730,4474,842675,California
San Bernardino,2021-05-23,2315,1478175,1430,830539,793,601126,92,46510,1100,165930,1206,677936,1191,843866,California
San Bernardino,2021-05-24,6678,1484853,4181,834720,2194,603320,303,46813,2923,165456,3700,681636,3226,847092,California
San Bernardino,2021-05-25,9326,1494179,5720,840440,3351,606671,255,47068,4099,164618,5191,686827,4353,851445,California
San Bernardino,2021-05-26,8229,1502408,5226,845666,2754,609425,249,47317,3726,164134,4460,691287,3976,855421,California
San Bernardino,2021-05-27,7657,1510065,4658,850324,2762,612187,237,47554,3443,163706,4175,695462,3747,859168,California
San Bernardino,2021-05-28,8795,1518860,5464,855788,3051,615238,280,47834,4355,163986,4394,699856,4674,863842,California
San Bernardino,2021-05-29,5044,1523904,3362,859150,1563,616801,119,47953,2552,164279,2473,702329,2766,866608,California
San Bernardino,2021-05-30,1745,1525649,1235,860385,431,617232,79,48032,848,164360,891,703220,972,867580,California
San Bernardino,2021-05-31,892,1526541,566,860951,310,617542,16,48048,315,164124,572,703792,336,867916,California
San Bernardino,2021-06-01,8644,1535185,5554,866505,2844,620386,246,48294,3364,162666,5223,709015,3765,871681,California
San Bernardino,2021-06-02,6835,1542020,4298,870803,2296,622682,241,48535,2890,161940,3912,712927,3186,874867,California
San Bernardino,2021-06-03,7960,1549980,5369,876172,2392,625074,199,48734,2701,159622,5235,718162,2917,877784,California
San Bernardino,2021-06-04,9110,1559090,6153,882325,2666,627740,291,49025,3126,157117,5936,724098,3431,881215,California
San Bernardino,2021-06-05,6540,1565630,4993,887318,1421,629161,126,49151,2244,155230,4274,728372,2387,883602,California
San Bernardino,2021-06-06,2024,1567654,1685,889003,275,629436,64,49215,832,154950,1183,729555,903,884505,California
San Bernardino,2021-06-07,6279,1573933,4883,893886,1182,630618,214,49429,1982,152894,4274,733829,2218,886723,California
San Bernardino,2021-06-08,8406,1582339,6105,899991,2086,632704,215,49644,2714,150210,5628,739457,2944,889667,California
San Bernardino,2021-06-09,6968,1589307,4958,904949,1827,634531,183,49827,2259,147996,4660,744117,2446,892113,California
San Bernardino,2021-06-10,7060,1596367,4992,909941,1868,636399,200,50027,2231,145644,4782,748899,2430,894543,California
San Bernardino,2021-06-11,8042,1604409,5629,915570,2186,638585,227,50254,2916,143711,5079,753978,3146,897689,California
San Bernardino,2021-06-12,5884,1610293,4635,920205,1128,639713,121,50375,1723,141422,4140,758118,1851,899540,California
San Bernardino,2021-06-13,1483,1611776,1053,921258,359,640072,71,50446,424,140862,1055,759173,495,900035,California
San Bernardino,2021-06-14,4911,1616687,3539,924797,1152,641224,220,50666,1901,140000,2982,762155,2120,902155,California
San Bernardino,2021-06-15,7145,1623832,5054,929851,1846,643070,245,50911,2562,138274,4532,766687,2806,904961,California
San Bernardino,2021-06-16,6336,1630168,4516,934367,1609,644679,211,51122,2339,136876,3950,770637,2552,907513,California
San Bernardino,2021-06-17,5626,1635794,3955,938322,1511,646190,160,51282,2197,135841,3392,774029,2357,909870,California
San Bernardino,2021-06-18,6870,1642664,4615,942937,2017,648207,238,51520,2593,134433,4240,778269,2832,912702,California
San Bernardino,2021-06-19,4054,1646718,3030,945967,895,649102,129,51649,1750,134033,2280,780549,1880,914582,California
San Bernardino,2021-06-20,1463,1648181,1124,947091,279,649381,60,51709,589,133815,867,781416,649,915231,California
San Bernardino,2021-06-21,3544,1651725,2291,949382,1028,650409,225,51934,1986,134488,1540,782956,2213,917444,California
San Bernardino,2021-06-22,5631,1657356,3846,953228,1580,651989,205,52139,2264,133622,3338,786294,2472,919916,California
San Bernardino,2021-06-23,4983,1662339,3549,956777,1249,653238,185,52324,2102,133052,2854,789148,2284,922200,California
San Bernardino,2021-06-24,4747,1667086,3293,960070,1253,654491,201,52525,2026,132583,2691,791839,2222,924422,California
San Bernardino,2021-06-25,3036,1670122,2198,962268,690,655181,148,52673,1232,132170,1791,793630,1378,925800,California
San Diego,2020-12-15,119,119,119,119,0,0,0,0,119,119,0,0,119,119,California
San Diego,2020-12-16,1074,1193,1074,1193,0,0,0,0,1074,1193,0,0,1074,1193,California
San Diego,2020-12-17,2324,3517,2324,3517,0,0,0,0,2324,3517,0,0,2324,3517,California
San Diego,2020-12-18,3606,7123,3605,7122,1,1,0,0,3606,7123,0,0,3606,7123,California
San Diego,2020-12-19,2268,9391,2268,9390,0,1,0,0,2268,9391,0,0,2268,9391,California
San Diego,2020-12-20,1149,10540,1148,10538,1,2,0,0,1149,10540,0,0,1149,10540,California
San Diego,2020-12-21,3458,13998,3456,13994,2,4,0,0,3458,13998,0,0,3458,13998,California
San Diego,2020-12-22,4017,18015,3381,17375,636,640,0,0,4017,18015,0,0,4017,18015,California
San Diego,2020-12-23,3157,21172,1957,19332,1200,1840,0,0,3157,21172,0,0,3157,21172,California
San Diego,2020-12-24,2703,23875,2189,21521,514,2354,0,0,2703,23875,0,0,2703,23875,California
San Diego,2020-12-25,857,24732,856,22377,1,2355,0,0,857,24732,0,0,857,24732,California
San Diego,2020-12-26,3198,27930,2128,24505,1070,3425,0,0,3198,27930,0,0,3198,27930,California
San Diego,2020-12-27,2479,30409,1594,26099,885,4310,0,0,2478,30407,1,1,2478,30408,California
San Diego,2020-12-28,5829,36238,4156,30255,1673,5983,0,0,5829,36236,0,1,5829,36237,California
San Diego,2020-12-29,5494,41732,2941,33196,2553,8536,0,0,5494,41730,0,1,5494,41731,California
San Diego,2020-12-30,5846,47578,3047,36243,2799,11335,0,0,5846,47576,0,1,5846,47577,California
San Diego,2020-12-31,2964,50542,1025,37268,1939,13274,0,0,2964,50540,0,1,2964,50541,California
San Diego,2021-01-01,992,51534,442,37710,550,13824,0,0,992,51532,0,1,992,51533,California
San Diego,2021-01-02,3666,55200,1287,38997,2379,16203,0,0,3666,55198,0,1,3666,55199,California
San Diego,2021-01-03,833,56033,621,39618,212,16415,0,0,832,56030,0,1,832,56031,California
San Diego,2021-01-04,3640,59673,2018,41636,1622,18037,0,0,3634,59664,0,1,3634,59665,California
San Diego,2021-01-05,4294,63967,2142,43778,2152,20189,0,0,3711,62807,580,581,3723,63388,California
San Diego,2021-01-06,4831,68798,2246,46024,2585,22774,0,0,3636,65273,1174,1755,3640,67028,California
San Diego,2021-01-07,5545,74343,2929,48953,2616,25390,0,0,3431,66603,2109,3864,3439,70467,California
San Diego,2021-01-08,7791,82134,4887,53840,2904,28294,0,0,4057,66959,3718,7582,4074,74541,California
San Diego,2021-01-09,3416,85550,1906,55746,1510,29804,0,0,1892,67348,1514,9096,1903,76444,California
San Diego,2021-01-10,1845,87395,1276,57022,569,30373,0,0,756,67037,1077,10173,766,77210,California
San Diego,2021-01-11,10189,97584,5792,62814,4397,34770,0,0,6704,70281,3478,13651,6722,83932,California
San Diego,2021-01-12,10995,108579,5254,68068,5741,40511,0,0,7653,74711,3333,16984,7763,91695,California
San Diego,2021-01-13,11289,119868,4987,73055,6302,46813,0,0,8772,81003,2506,19490,8798,100493,California
San Diego,2021-01-14,11953,131821,4512,77567,7441,54254,0,0,9830,88752,2116,21606,9865,110358,California
San Diego,2021-01-15,14784,146605,5231,82798,9553,63807,0,0,12186,98415,2580,24186,12243,122601,California
San Diego,2021-01-16,10530,157135,3549,86347,6981,70788,0,0,9099,106119,1427,25613,9131,131732,California
San Diego,2021-01-17,8469,165604,2430,88777,6039,76827,0,0,7643,112955,826,26439,7662,139394,California
San Diego,2021-01-18,12657,178261,6216,94993,6441,83268,0,0,9849,120090,2777,29216,9912,149306,California
San Diego,2021-01-19,14407,192668,5627,100620,8780,92048,0,0,11313,128581,3085,32301,11576,160882,California
San Diego,2021-01-20,18064,210732,6327,106947,11737,103785,0,0,14767,140254,3277,35578,14950,175832,California
San Diego,2021-01-21,17025,227757,5740,112687,11285,115070,0,0,15658,154699,1358,36936,15803,191635,California
San Diego,2021-01-22,17194,244951,4576,117263,12618,127688,0,0,15197,167998,1984,38920,15283,206918,California
San Diego,2021-01-23,14058,259009,5201,122464,8857,136545,0,0,11796,177605,2251,41171,11858,218776,California
San Diego,2021-01-24,11568,270577,3248,125712,8320,144865,0,0,10606,187294,960,42131,10649,229425,California
San Diego,2021-01-25,11975,282552,5664,131376,6311,151176,0,0,9002,193489,2964,45095,9159,238584,California
San Diego,2021-01-26,14954,297506,7814,139190,7140,158316,0,0,11570,201868,3382,48477,11761,250345,California
San Diego,2021-01-27,20158,317664,7830,147020,12328,170644,0,0,17170,216205,2979,51456,17316,267661,California
San Diego,2021-01-28,20892,338556,7589,154609,13303,183947,0,0,18646,232704,2235,53691,18734,286395,California
San Diego,2021-01-29,19257,357813,6349,160958,12908,196855,0,0,16805,247125,2436,56127,16857,303252,California
San Diego,2021-01-30,15474,373287,3554,164512,11920,208775,0,0,12813,257398,2641,58768,12914,316166,California
San Diego,2021-01-31,14511,387798,5721,170233,8790,217565,0,0,14146,271223,353,59121,14178,330344,California
San Diego,2021-02-01,20486,408284,7500,177733,12986,230551,0,0,16991,284811,3479,62600,17067,347411,California
San Diego,2021-02-02,22483,430767,8280,186013,14203,244754,0,0,19252,301002,3223,65823,19414,366825,California
San Diego,2021-02-03,27210,457977,11701,197714,15509,260263,0,0,22985,319965,4206,70029,23169,389994,California
San Diego,2021-02-04,23805,481782,9805,207519,14000,274263,0,0,19256,334966,4534,74563,19535,409529,California
San Diego,2021-02-05,24228,506010,8592,216111,15636,289899,0,0,17818,346852,6385,80948,18271,427800,California
San Diego,2021-02-06,20390,526400,8443,224554,11947,301846,0,0,17180,361046,3207,84155,17401,445201,California
San Diego,2021-02-07,11901,538301,5311,229865,6590,308436,0,0,10053,369513,1838,85993,10305,455506,California
San Diego,2021-02-08,19788,558089,8418,238283,11370,319806,0,0,12426,375263,7351,93344,13101,468607,California
San Diego,2021-02-09,20138,578227,8236,246519,11902,331708,0,0,12967,382133,7150,100494,14020,482627,California
San Diego,2021-02-10,22606,600833,9264,255783,13342,345050,0,0,13631,388189,8924,109418,14980,497607,California
San Diego,2021-02-11,23461,624294,10078,265861,13383,358433,0,0,12553,391520,10882,120300,14213,511820,California
San Diego,2021-02-12,23257,647551,7275,273136,15982,374415,0,0,11537,393600,11702,132002,13782,525602,California
San Diego,2021-02-13,19728,667279,8950,282086,10778,385193,0,0,10735,396514,8986,140988,11900,537502,California
San Diego,2021-02-14,11017,678296,7325,289411,3692,388885,0,0,6130,399252,4883,145871,7621,545123,California
San Diego,2021-02-15,14966,693262,7560,296971,7406,396291,0,0,7583,402512,7361,153232,10621,555744,California
San Diego,2021-02-16,18984,712246,11079,308050,7905,404196,0,0,9031,404538,9941,163173,11967,567711,California
San Diego,2021-02-17,22955,735201,10729,318779,12226,416422,0,0,7849,400287,15092,178265,10841,578552,California
San Diego,2021-02-18,23263,758464,11896,330675,11367,427789,0,0,7627,396311,15623,193888,11647,590199,California
San Diego,2021-02-19,15616,774080,10850,341525,4766,432555,0,0,6361,395381,9222,203110,8292,598491,California
San Diego,2021-02-20,10001,784081,6241,347766,3760,436315,0,0,5619,398490,4377,207487,7486,605977,California
San Diego,2021-02-21,11416,795497,10012,357778,1404,437719,0,0,5027,398623,6382,213869,6515,612492,California
San Diego,2021-02-22,12199,807696,10400,368178,1799,439518,0,0,5582,399209,6611,220480,7197,619689,California
San Diego,2021-02-23,25202,832898,14094,382272,11108,450626,0,0,9223,398278,15969,236449,15038,634727,California
San Diego,2021-02-24,28452,861350,12581,394853,15871,466497,0,0,6624,390415,21808,258257,13945,648672,California
San Diego,2021-02-25,32495,893845,14407,409260,18088,484585,0,0,9786,385801,22687,280944,18073,666745,California
San Diego,2021-02-26,32676,926521,12128,421388,20548,505133,0,0,11671,383499,20974,301918,18672,685417,California
San Diego,2021-02-27,20705,947226,9358,430746,11347,516480,0,0,11096,389159,9603,311521,15263,700680,California
San Diego,2021-02-28,14913,962139,9748,440494,5165,521645,0,0,9252,395471,5660,317181,11972,712652,California
San Diego,2021-03-01,23894,986033,14076,454570,9817,531462,1,1,14498,404449,9316,326497,18294,730946,California
San Diego,2021-03-02,25794,1011827,13889,468459,11905,543367,0,1,12551,410372,13231,339728,19154,750100,California
San Diego,2021-03-03,33515,1045342,15772,484231,17740,561107,3,4,13825,411367,19665,359393,20660,770760,California
San Diego,2021-03-04,27840,1073182,13880,498111,13960,575067,0,4,12388,414961,15431,374824,19025,789785,California
San Diego,2021-03-05,28465,1101647,14661,512772,13724,588791,80,84,13293,419765,15144,389968,19948,809733,California
San Diego,2021-03-06,23034,1124681,9405,522177,12932,601723,697,781,10166,422365,12854,402822,15454,825187,California
San Diego,2021-03-07,17926,1142607,9127,531304,8231,609954,568,1349,6810,422204,11104,413926,10943,836130,California
San Diego,2021-03-08,22704,1165311,11041,542345,10757,620711,906,2255,11266,427718,11417,425343,16931,853061,California
San Diego,2021-03-09,25417,1190728,11701,554046,11965,632676,1751,4006,9950,427826,15451,440794,15559,868620,California
San Diego,2021-03-10,25074,1215802,10506,564552,12184,644860,2384,6390,9917,428968,15141,455935,16283,884903,California
San Diego,2021-03-11,28069,1243871,10781,575333,13768,658628,3520,9910,9782,427899,18262,474197,17193,902096,California
San Diego,2021-03-12,26861,1270732,9404,584737,14362,672990,3095,13005,9826,427404,17022,491219,16527,918623,California
San Diego,2021-03-13,25875,1296607,7193,591930,16924,689914,1758,14763,10008,427397,15862,507081,15855,934478,California
San Diego,2021-03-14,13679,1310286,5406,597336,7539,697453,734,15497,4761,426248,8909,515990,7760,942238,California
San Diego,2021-03-15,21758,1332044,10026,607362,10950,708403,782,16279,8958,426243,12782,528772,12777,955015,California
San Diego,2021-03-16,29532,1361576,15473,622835,13647,722050,412,16691,15594,431297,13914,542686,18968,973983,California
San Diego,2021-03-17,26085,1387661,12134,634969,13234,735284,717,17408,16667,441305,9401,552087,19409,993392,California
San Diego,2021-03-18,31100,1418761,17494,652463,12687,747971,919,18327,16936,446521,14129,566216,19345,1012737,California
San Diego,2021-03-19,30079,1448840,14255,666718,14773,762744,1051,19378,19276,457248,10783,576999,21510,1034247,California
San Diego,2021-03-20,27572,1476412,8392,675110,17406,780150,1774,21152,21274,475088,6287,583286,24127,1058374,California
San Diego,2021-03-21,16252,1492664,11853,686963,3704,783854,695,21847,7633,476122,8605,591891,9639,1068013,California
San Diego,2021-03-22,22378,1515042,13046,700009,9046,792900,286,22133,14255,485301,8109,600000,17288,1085301,California
San Diego,2021-03-23,25692,1540734,13464,713473,11942,804842,286,22419,17011,495951,8667,608667,19317,1104618,California
San Diego,2021-03-24,29269,1570003,19560,733033,9320,814162,389,22808,16974,503050,12282,620949,19381,1123999,California
San Diego,2021-03-25,30108,1600111,18126,751159,11300,825462,682,23490,17874,511490,12213,633162,20653,1144652,California
San Diego,2021-03-26,31820,1631931,17793,768952,13512,838974,515,24005,17371,517748,14424,647586,20682,1165334,California
San Diego,2021-03-27,25352,1657283,11037,779989,13935,852909,380,24385,15606,526249,9728,657314,18229,1183563,California
San Diego,2021-03-28,14983,1672266,9178,789167,5747,858656,58,24443,9231,531257,5745,663059,10753,1194316,California
San Diego,2021-03-29,26558,1698824,12825,801992,13103,871759,630,25073,16351,540471,10196,673255,19410,1213726,California
San Diego,2021-03-30,33046,1731870,17792,819784,14464,886223,790,25863,21886,553814,11147,684402,24490,1238216,California
San Diego,2021-03-31,30269,1762139,18672,838456,10889,897112,708,26571,20528,566431,9722,694124,22339,1260555,California
San Diego,2021-04-01,34104,1796243,19907,858363,12720,909832,1477,28048,23112,581362,10970,705094,25901,1286456,California
San Diego,2021-04-02,35580,1831823,20585,878948,12220,922052,2775,30823,23985,597974,11575,716669,28187,1314643,California
San Diego,2021-04-03,30718,1862541,14401,893349,11703,933755,4614,35437,19579,612236,11124,727793,25386,1340029,California
San Diego,2021-04-04,8986,1871527,5159,898508,2908,936663,919,36356,4777,613904,4203,731996,5871,1345900,California
San Diego,2021-04-05,29603,1901130,15323,913831,11595,948258,2685,39041,19212,627893,10374,742370,24363,1370263,California
San Diego,2021-04-06,38517,1939647,20271,934102,12349,960607,5897,44938,22145,641687,16352,758722,30146,1400409,California
San Diego,2021-04-07,35593,1975240,21837,955939,9209,969816,4547,49485,20140,652148,15428,774150,25889,1426298,California
San Diego,2021-04-08,34970,2010210,21228,977167,9613,979429,4129,53614,21118,666120,13831,787981,27803,1454101,California
San Diego,2021-04-09,38103,2048313,22729,999896,10218,989647,5156,58770,20571,677669,17469,805450,29018,1483119,California
San Diego,2021-04-10,28939,2077252,11698,1011594,13251,1002898,3990,62760,14919,685580,14009,819459,21920,1505039,California
San Diego,2021-04-11,16135,2093387,9981,1021575,3859,1006757,2295,65055,7137,689017,8993,828452,12430,1517469,California
San Diego,2021-04-12,30608,2123995,12837,1034412,13497,1020254,4274,69329,16983,700322,13609,842061,24914,1542383,California
San Diego,2021-04-13,36889,2160884,17681,1052093,19173,1039427,35,69364,24463,715240,12405,854466,27323,1569706,California
San Diego,2021-04-14,32828,2193712,18807,1070900,14008,1053435,13,69377,17663,722088,15151,869617,21999,1591705,California
San Diego,2021-04-15,39252,2232964,20333,1091233,18913,1072348,6,69383,23747,733216,15480,885097,26608,1618313,California
San Diego,2021-04-16,33560,2266524,18455,1109688,15102,1087450,3,69386,19378,740849,14123,899220,21756,1640069,California
San Diego,2021-04-17,27846,2294370,13523,1123211,14323,1101773,0,69386,12297,740749,15455,914675,15355,1655424,California
San Diego,2021-04-18,14627,2308997,9083,1132294,5541,1107314,3,69389,6781,742654,7833,922508,9738,1665162,California
San Diego,2021-04-19,26550,2335547,13567,1145861,12982,1120296,1,69390,12454,742748,14077,936585,14171,1679333,California
San Diego,2021-04-20,39599,2375146,18386,1164247,21211,1141507,2,69392,20198,746524,19378,955963,23154,1702487,California
San Diego,2021-04-21,36380,2411526,21990,1186237,14390,1155897,0,69392,17773,748786,18567,974530,20829,1723316,California
San Diego,2021-04-22,44836,2456362,23218,1209455,21614,1177511,4,69396,22413,751860,22382,996912,25456,1748772,California
San Diego,2021-04-23,42183,2498545,25994,1235449,16187,1193698,2,69398,15738,744341,26412,1023324,18893,1767665,California
San Diego,2021-04-24,34894,2533439,18889,1254338,15990,1209688,15,69413,15561,743796,19295,1042619,18750,1786415,California
San Diego,2021-04-25,12631,2546070,7667,1262005,4964,1214652,0,69413,5888,744313,6731,1049350,7248,1793663,California
San Diego,2021-04-26,33216,2579286,16597,1278602,16480,1231132,139,69552,11625,738896,21570,1070920,16153,1809816,California
San Diego,2021-04-27,44561,2623847,24434,1303036,19573,1250705,554,70106,19603,737192,24915,1095835,23211,1833027,California
San Diego,2021-04-28,38131,2661978,22480,1325516,14976,1265681,675,70781,17204,736414,20890,1116725,20112,1853139,California
San Diego,2021-04-29,38004,2699982,24153,1349669,13194,1278875,657,71438,15372,731542,22596,1139321,17724,1870863,California
San Diego,2021-04-30,37965,2737947,22947,1372616,13937,1292812,1081,72519,14844,726214,23082,1162403,17754,1888617,California
San Diego,2021-05-01,24197,2762144,10658,1383274,12901,1305713,638,73157,9501,723821,14687,1177090,12294,1900911,California
San Diego,2021-05-02,10604,2772748,7428,1390702,2594,1308307,582,73739,3227,720588,7373,1184463,4140,1905051,California
San Diego,2021-05-03,25183,2797931,12378,1403080,11655,1319962,1150,74889,9248,715892,15912,1200375,11216,1916267,California
San Diego,2021-05-04,32030,2829961,17818,1420898,12933,1332895,1279,76168,11561,709387,20441,1220816,13936,1930203,California
San Diego,2021-05-05,27973,2857934,17223,1438121,9471,1342366,1279,77447,10664,705001,17286,1238102,12900,1943103,California
San Diego,2021-05-06,28253,2886187,18687,1456808,8654,1351020,912,78359,10728,701589,17496,1255598,14084,1957187,California
San Diego,2021-05-07,29575,2915762,19324,1476132,9211,1360231,1040,79399,10968,696236,18572,1274170,13219,1970406,California
San Diego,2021-05-08,22706,2938468,10719,1486851,11244,1371475,743,80142,7199,690126,15481,1289651,9371,1979777,California
San Diego,2021-05-09,7448,2945916,5590,1492441,1452,1372927,406,80548,2529,688568,4913,1294564,3355,1983132,California
San Diego,2021-05-10,21498,2967414,8399,1500840,12279,1385206,820,81368,5853,680903,15615,1310179,7950,1991082,California
San Diego,2021-05-11,28037,2995451,11492,1512332,15728,1400934,817,82185,9771,674900,18241,1328420,12238,2003320,California
San Diego,2021-05-12,22938,3018389,12479,1524811,9587,1410521,872,83057,8226,670439,14685,1343105,10224,2013544,California
San Diego,2021-05-13,31416,3049805,19052,1543863,11725,1422246,639,83696,13032,668377,18328,1361433,16266,2029810,California
San Diego,2021-05-14,30841,3080646,19783,1563646,10221,1432467,837,84533,14104,668705,16697,1378130,17025,2046835,California
San Diego,2021-05-15,26110,3106756,16419,1580065,8869,1441336,822,85355,10794,666027,15262,1393392,12584,2059419,California
San Diego,2021-05-16,13301,3120057,9967,1590032,2772,1444108,562,85917,6557,666801,6732,1400124,7506,2066925,California
San Diego,2021-05-17,21337,3141394,12923,1602955,7670,1451778,744,86661,8862,664843,12437,1412561,10479,2077404,California
San Diego,2021-05-18,34063,3175457,19238,1622193,13963,1465741,862,87523,13240,659589,20791,1433352,15537,2092941,California
San Diego,2021-05-19,28360,3203817,17785,1639978,9795,1475536,780,88303,12064,657292,16264,1449616,13967,2106908,California
San Diego,2021-05-20,34646,3238463,19108,1659086,14720,1490256,818,89121,11704,648445,22910,1472526,14063,2120971,California
San Diego,2021-05-21,26973,3265436,17135,1676221,8851,1499107,987,90108,10936,645603,16005,1488531,13163,2134134,California
San Diego,2021-05-22,21492,3286928,12381,1688602,7865,1506972,1246,91354,8988,644475,12482,1501013,11354,2145488,California
San Diego,2021-05-23,7192,3294120,5089,1693691,1795,1508767,308,91662,3433,644860,3735,1504748,4120,2149608,California
San Diego,2021-05-24,17651,3311771,8924,1702615,6819,1515586,1908,93570,6273,642537,11360,1516108,9037,2158645,California
San Diego,2021-05-25,24196,3335967,13090,1715705,9267,1524853,1839,95409,8432,638231,15735,1531843,11429,2170074,California
San Diego,2021-05-26,19113,3355080,10592,1726297,6512,1531365,2009,97418,6572,635164,12511,1544354,9444,2179518,California
San Diego,2021-05-27,20609,3375689,11942,1738239,6276,1537641,2391,99809,6945,631963,13644,1557998,10443,2189961,California
San Diego,2021-05-28,21245,3396934,13184,1751423,7353,1544994,708,100517,8393,629380,12832,1570830,10249,2200210,California
San Diego,2021-05-29,11968,3408902,7562,1758985,3917,1548911,489,101006,5182,628793,6773,1577603,6186,2206396,California
San Diego,2021-05-30,4668,3413570,3189,1762174,1101,1550012,378,101384,2028,628800,2635,1580238,2642,2209038,California
San Diego,2021-05-31,2586,3416156,1744,1763918,671,1550683,171,101555,850,628217,1730,1581968,1147,2210185,California
San Diego,2021-06-01,21238,3437394,11315,1775233,8294,1558977,1629,103184,5939,621466,15273,1597241,8522,2218707,California
San Diego,2021-06-02,16999,3454393,8745,1783978,6181,1565158,2073,105257,5491,618271,11482,1608723,8287,2226994,California
San Diego,2021-06-03,19177,3473570,11986,1795964,5392,1570550,1799,107056,5177,612311,13979,1622702,8019,2235013,California
San Diego,2021-06-04,19794,3493364,13823,1809787,5356,1575906,615,107671,5735,606526,14029,1636731,8244,2243257,California
San Diego,2021-06-05,15740,3509104,11964,1821751,2994,1578900,782,108453,4466,601487,11257,1647988,6218,2249475,California
San Diego,2021-06-06,5584,3514688,4515,1826266,758,1579658,311,108764,1727,600487,3846,1651834,2846,2252321,California
San Diego,2021-06-07,12759,3527447,8007,1834273,3403,1583061,1349,110113,3567,596969,9174,1661008,5656,2257977,California
San Diego,2021-06-08,20451,3547898,14448,1848721,4117,1587178,1886,111999,5074,589615,15364,1676372,8010,2265987,California
San Diego,2021-06-09,17017,3564915,11330,1860051,3738,1590916,1949,113948,4371,584261,12631,1689003,7277,2273264,California
San Diego,2021-06-10,17851,3582766,11845,1871896,3929,1594845,2077,116025,4393,578378,13431,1702434,7548,2280812,California
San Diego,2021-06-11,15772,3598538,10049,1881945,4376,1599221,1347,117372,4328,573560,11414,1713848,6596,2287408,California
San Diego,2021-06-12,10976,3609514,8411,1890356,2143,1601364,422,117794,3175,570010,7782,1721630,4232,2291640,California
San Diego,2021-06-13,4148,3613662,3101,1893457,842,1602206,205,117999,1043,568553,3099,1724729,1642,2293282,California
San Diego,2021-06-14,12611,3626273,7566,1901023,2854,1605060,2191,120190,3656,566111,8941,1733670,6499,2299781,California
San Diego,2021-06-15,17884,3644157,10239,1911262,4210,1609270,3435,123625,4741,562070,13133,1746803,9092,2308873,California
San Diego,2021-06-16,13952,3658109,8866,1920128,2772,1612042,2314,125939,4480,560189,9458,1756261,7577,2316450,California
San Diego,2021-06-17,14680,3672789,8441,1928569,3403,1615445,2836,128775,4151,557308,10518,1766779,7637,2324087,California
San Diego,2021-06-18,14121,3686910,8732,1937301,3564,1619009,1825,130600,4440,554692,9672,1776451,7056,2331143,California
San Diego,2021-06-19,7522,3694432,5560,1942861,1502,1620511,460,131060,2760,553693,4746,1781197,3747,2334890,California
San Diego,2021-06-20,3101,3697533,2251,1945112,650,1621161,200,131260,1157,553327,1940,1783137,1574,2336464,California
San Diego,2021-06-21,9106,3706639,5142,1950254,2425,1623586,1539,132799,3905,554114,5194,1788331,5981,2342445,California
San Diego,2021-06-22,11274,3717913,7546,1957800,2581,1626167,1147,133946,4446,553569,6822,1795153,6277,2348722,California
San Diego,2021-06-23,10723,3728636,7029,1964829,2289,1628456,1405,135351,4417,553729,6297,1801450,6457,2355179,California
San Diego,2021-06-24,9863,3738499,6425,1971254,2687,1631143,751,136102,4023,553260,5835,1807285,5366,2360545,California
San Diego,2021-06-25,4723,3743222,3657,1974911,735,1631878,331,136433,2131,553437,2582,1809867,2759,2363304,California
San Francisco,2020-12-15,6,6,6,6,0,0,0,0,6,6,0,0,6,6,California
San Francisco,2020-12-16,232,238,232,238,0,0,0,0,232,238,0,0,232,238,California
San Francisco,2020-12-17,414,652,414,652,0,0,0,0,414,652,0,0,414,652,California
San Francisco,2020-12-18,907,1559,906,1558,1,1,0,0,907,1559,0,0,907,1559,California
San Francisco,2020-12-19,605,2164,605,2163,0,1,0,0,605,2164,0,0,605,2164,California
San Francisco,2020-12-20,481,2645,481,2644,0,1,0,0,481,2645,0,0,481,2645,California
San Francisco,2020-12-21,1162,3807,1162,3806,0,1,0,0,1162,3807,0,0,1162,3807,California
San Francisco,2020-12-22,1396,5203,1362,5168,34,35,0,0,1396,5203,0,0,1396,5203,California
San Francisco,2020-12-23,1351,6554,1053,6221,298,333,0,0,1351,6554,0,0,1351,6554,California
San Francisco,2020-12-24,843,7397,505,6726,338,671,0,0,843,7397,0,0,843,7397,California
San Francisco,2020-12-25,37,7434,31,6757,6,677,0,0,37,7434,0,0,37,7434,California
San Francisco,2020-12-26,248,7682,153,6910,95,772,0,0,248,7682,0,0,248,7682,California
San Francisco,2020-12-27,274,7956,60,6970,214,986,0,0,274,7956,0,0,274,7956,California
San Francisco,2020-12-28,1278,9234,692,7662,586,1572,0,0,1278,9234,0,0,1278,9234,California
San Francisco,2020-12-29,1262,10496,632,8294,630,2202,0,0,1262,10496,0,0,1262,10496,California
San Francisco,2020-12-30,1487,11983,781,9075,706,2908,0,0,1487,11983,0,0,1487,11983,California
San Francisco,2020-12-31,977,12960,415,9490,562,3470,0,0,976,12959,0,0,976,12959,California
San Francisco,2021-01-01,104,13064,77,9567,27,3497,0,0,104,13063,0,0,104,13063,California
San Francisco,2021-01-02,336,13400,301,9868,35,3532,0,0,336,13399,0,0,336,13399,California
San Francisco,2021-01-03,299,13699,105,9973,194,3726,0,0,298,13696,1,1,298,13697,California
San Francisco,2021-01-04,1844,15543,1357,11330,487,4213,0,0,1841,15534,3,4,1841,15538,California
San Francisco,2021-01-05,2241,17784,1422,12752,819,5032,0,0,2202,17699,39,43,2204,17742,California
San Francisco,2021-01-06,1875,19659,1162,13914,713,5745,0,0,1606,19039,267,310,1607,19349,California
San Francisco,2021-01-07,2075,21734,1210,15124,865,6610,0,0,1601,20169,471,781,1601,20950,California
San Francisco,2021-01-08,2335,24069,1643,16767,692,7302,0,0,1474,20787,856,1637,1474,22424,California
San Francisco,2021-01-09,1396,25465,899,17666,497,7799,0,0,887,21167,509,2146,889,23313,California
San Francisco,2021-01-10,919,26384,541,18207,378,8177,0,0,460,21169,458,2604,460,23773,California
San Francisco,2021-01-11,2512,28896,1871,20078,641,8818,0,0,1407,21470,1106,3710,1407,25180,California
San Francisco,2021-01-12,3095,31991,2060,22138,1035,9853,0,0,1900,22178,1194,4904,1902,27082,California
San Francisco,2021-01-13,2844,34835,1613,23751,1231,11084,0,0,2006,23346,838,5742,2006,29088,California
San Francisco,2021-01-14,2459,37294,1109,24860,1350,12434,0,0,1893,24673,566,6308,1893,30981,California
San Francisco,2021-01-15,2772,40066,1162,26022,1610,14044,0,0,2369,26643,401,6709,2371,33352,California
San Francisco,2021-01-16,2271,42337,971,26993,1300,15344,0,0,2102,28578,169,6878,2104,35456,California
San Francisco,2021-01-17,1945,44282,540,27533,1405,16749,0,0,1725,30083,220,7098,1725,37181,California
San Francisco,2021-01-18,1389,45671,603,28136,786,17535,0,0,1119,30934,269,7367,1120,38301,California
San Francisco,2021-01-19,2601,48272,1482,29618,1119,18654,0,0,1845,32023,756,8123,1845,40146,California
San Francisco,2021-01-20,2778,51050,1131,30749,1647,20301,0,0,2019,33287,756,8879,2020,42166,California
San Francisco,2021-01-21,3357,54407,951,31700,2406,22707,0,0,2518,34967,838,9717,2518,44684,California
San Francisco,2021-01-22,3227,57634,657,32357,2570,25277,0,0,2779,37300,446,10163,2779,47463,California
San Francisco,2021-01-23,3117,60751,611,32968,2506,27783,0,0,2748,39681,368,10531,2749,50212,California
San Francisco,2021-01-24,2434,63185,364,33332,2070,29853,0,0,2200,41651,230,10761,2200,52412,California
San Francisco,2021-01-25,4646,67831,1836,35168,2810,32663,0,0,3055,43119,1588,12349,3056,55468,California
San Francisco,2021-01-26,4757,72588,2182,37350,2575,35238,0,0,3107,44581,1647,13996,3109,58577,California
San Francisco,2021-01-27,4382,76970,1983,39333,2399,37637,0,0,3073,46347,1307,15303,3073,61650,California
San Francisco,2021-01-28,3801,80771,1580,40913,2221,39858,0,0,2629,47812,1165,16468,2630,64280,California
San Francisco,2021-01-29,4770,85541,1697,42610,3073,42931,0,0,3475,49999,1288,17756,3475,67755,California
San Francisco,2021-01-30,3813,89354,1849,44459,1964,44895,0,0,3350,52891,462,18218,3354,71109,California
San Francisco,2021-01-31,2361,91715,821,45280,1540,46435,0,0,2209,54950,151,18369,2210,73319,California
San Francisco,2021-02-01,4006,95721,1716,46996,2290,48725,0,0,2924,56793,1082,19451,2925,76244,California
San Francisco,2021-02-02,4565,100286,1820,48816,2745,51470,0,0,2954,58142,1605,21056,2954,79198,California
San Francisco,2021-02-03,5120,105406,2401,51217,2719,54189,0,0,3795,60615,1323,22379,3796,82994,California
San Francisco,2021-02-04,5067,110473,2443,53660,2624,56813,0,0,3887,63324,1178,23557,3887,86881,California
San Francisco,2021-02-05,6002,116475,3239,56899,2763,59576,0,0,4648,66621,1352,24909,4649,91530,California
San Francisco,2021-02-06,5510,121985,3690,60589,1820,61396,0,0,4606,70327,902,25811,4608,96138,California
San Francisco,2021-02-07,4365,126350,3211,63800,1154,62550,0,0,3782,73533,580,26391,3786,99924,California
San Francisco,2021-02-08,6774,133124,4656,68456,2118,64668,0,0,5540,77858,1218,27609,5543,105467,California
San Francisco,2021-02-09,5964,139088,4015,72471,1949,66617,0,0,4411,80709,1562,29171,4413,109880,California
San Francisco,2021-02-10,6932,146020,4204,76675,2728,69345,0,0,5104,83994,1823,30994,5108,114988,California
San Francisco,2021-02-11,6754,152774,4003,80678,2751,72096,0,0,4915,87078,1834,32828,4918,119906,California
San Francisco,2021-02-12,5368,158142,2693,83371,2675,74771,0,0,3500,88708,1870,34698,3500,123406,California
San Francisco,2021-02-13,4413,162555,2585,85956,1828,76599,0,0,3067,90432,1346,36044,3070,126476,California
San Francisco,2021-02-14,3439,165994,2255,88211,1184,77783,0,0,2305,91606,1133,37177,2307,128783,California
San Francisco,2021-02-15,2798,168792,1517,89728,1281,79064,0,0,1686,92183,1109,38286,1686,130469,California
San Francisco,2021-02-16,5145,173937,2830,92558,2315,81379,0,0,3007,93067,2130,40416,3014,133483,California
San Francisco,2021-02-17,5379,179316,2639,95197,2740,84119,0,0,2965,93633,2402,42818,2968,136451,California
San Francisco,2021-02-18,5421,184737,2650,97847,2771,86890,0,0,2804,93829,2614,45432,2810,139261,California
San Francisco,2021-02-19,5691,190428,2674,100521,3017,89907,0,0,2954,94054,2730,48162,2955,142216,California
San Francisco,2021-02-20,4629,195057,2242,102763,2387,92294,0,0,1736,92910,2882,51044,1738,143954,California
San Francisco,2021-02-21,2914,197971,1540,104303,1374,93668,0,0,1299,92604,1606,52650,1300,145254,California
San Francisco,2021-02-22,5195,203166,3238,107541,1957,95625,0,0,2614,92650,2571,55221,2617,147871,California
San Francisco,2021-02-23,5616,208782,3199,110740,2417,98042,0,0,2869,92779,2740,57961,2869,150740,California
San Francisco,2021-02-24,9143,217925,5174,115914,3969,102011,0,0,4884,93420,4246,62207,4887,155627,California
San Francisco,2021-02-25,10069,227994,7032,122946,3037,105048,0,0,6467,96291,3598,65805,6469,162096,California
San Francisco,2021-02-26,12382,240376,8038,130984,4344,109392,0,0,7313,98537,5068,70873,7314,169410,California
San Francisco,2021-02-27,9418,249794,6062,137046,3355,112747,1,1,4695,98524,4710,75583,4697,174107,California
San Francisco,2021-02-28,7920,257714,5659,142705,2261,115008,0,1,3868,98346,4047,79630,3869,177976,California
San Francisco,2021-03-01,11409,269123,7697,150402,3707,118715,5,6,5561,98092,5822,85452,5568,183544,California
San Francisco,2021-03-02,10038,279161,6760,157162,3278,121993,0,6,5674,99414,4353,89805,5675,189219,California
San Francisco,2021-03-03,11406,290567,6658,163820,4747,126740,1,7,6257,100539,5136,94941,6261,195480,California
San Francisco,2021-03-04,8810,299377,5530,169350,3280,130020,0,7,4971,101682,3830,98771,4973,200453,California
San Francisco,2021-03-05,9255,308632,5663,175013,3588,133608,4,11,5799,104045,3441,102212,5804,206257,California
San Francisco,2021-03-06,7185,315817,4692,179705,2284,135892,209,220,4489,106031,2709,104921,4695,210952,California
San Francisco,2021-03-07,5417,321234,4224,183929,1133,137025,60,280,3119,106899,2311,107232,3179,214131,California
San Francisco,2021-03-08,7550,328784,5482,189411,1879,138904,189,469,5960,111425,1622,108854,6148,220279,California
San Francisco,2021-03-09,8346,337130,5530,194941,2439,141343,377,846,6089,115624,2262,111116,6461,226740,California
San Francisco,2021-03-10,11261,348391,6616,201557,4141,145484,504,1350,7043,118975,4195,115311,7546,234286,California
San Francisco,2021-03-11,10126,358517,6389,207946,2767,148251,970,2320,6634,123096,3474,118785,7595,241881,California
San Francisco,2021-03-12,10893,369410,6357,214303,3186,151437,1350,3670,6059,125685,4813,123598,7402,249283,California
San Francisco,2021-03-13,6755,376165,3947,218250,1725,153162,1083,4753,4189,128399,2556,126154,5270,254553,California
San Francisco,2021-03-14,7584,383749,4934,223184,2404,155566,246,4999,3973,129024,3593,129747,4218,258771,California
San Francisco,2021-03-15,12123,395872,9272,232456,1905,157471,946,5945,8394,134637,3713,133460,9326,268097,California
San Francisco,2021-03-16,12270,408142,8342,240798,3449,160920,479,6424,8814,140499,3433,136893,9295,277392,California
San Francisco,2021-03-17,13610,421752,8454,249252,4525,165445,631,7055,9755,147054,3825,140718,10380,287772,California
San Francisco,2021-03-18,10288,432040,7046,256298,2616,168061,626,7681,5867,149143,4396,145114,6485,294257,California
San Francisco,2021-03-19,12590,444630,9233,265531,2884,170945,473,8154,6590,150225,5972,151086,7054,301311,California
San Francisco,2021-03-20,8952,453582,6591,272122,1894,172839,467,8621,5195,152165,3725,154811,5665,306976,California
San Francisco,2021-03-21,6698,460280,6139,278261,420,173259,139,8760,3770,153161,2911,157722,3907,310883,California
San Francisco,2021-03-22,9993,470273,6961,285222,2193,175452,839,9599,5167,154358,4801,162523,5998,316881,California
San Francisco,2021-03-23,11398,481671,7588,292810,3160,178612,650,10249,6349,156330,5019,167542,6991,323872,California
San Francisco,2021-03-24,12412,494083,9511,302321,2363,180975,538,10787,6173,156835,6197,173739,6702,330574,California
San Francisco,2021-03-25,12008,506091,8765,311086,2676,183651,567,11354,5825,157113,6110,179849,6388,336962,California
San Francisco,2021-03-26,12056,518147,8355,319441,3466,187117,235,11589,5844,157010,6177,186026,6074,343036,California
San Francisco,2021-03-27,8884,527031,5907,325348,2626,189743,351,11940,3812,156124,5048,191074,4162,347198,California
San Francisco,2021-03-28,6673,533704,5327,330675,1304,191047,42,11982,2974,155464,3673,194747,3013,350211,California
San Francisco,2021-03-29,11652,545356,8018,338693,3450,194497,184,12166,4821,153667,6800,201547,5003,355214,California
San Francisco,2021-03-30,11693,557049,7320,346013,4083,198580,290,12456,5511,153313,6155,207702,5801,361015,California
San Francisco,2021-03-31,12324,569373,8196,354209,3828,202408,300,12756,4916,151149,7374,215076,5210,366225,California
San Francisco,2021-04-01,14024,583397,7444,361653,4881,207289,1699,14455,6035,150910,7949,223025,7710,373935,California
San Francisco,2021-04-02,14889,598286,6575,368228,6424,213713,1890,16345,6946,151813,7919,230944,8822,382757,California
San Francisco,2021-04-03,10613,608899,4928,373156,3859,217572,1826,18171,4845,152729,5748,236692,6664,389421,California
San Francisco,2021-04-04,9057,617956,4806,377962,2593,220165,1658,19829,3573,152491,5465,242157,5227,394648,California
San Francisco,2021-04-05,16099,634055,9840,387802,4367,224532,1892,21721,6276,150859,9792,251949,8160,402808,California
San Francisco,2021-04-06,16155,650210,9545,397347,4540,229072,2070,23791,6281,149353,9845,261794,8339,411147,California
San Francisco,2021-04-07,16896,667106,10051,407398,4605,233677,2240,26031,7002,148708,9868,271662,9223,420370,California
San Francisco,2021-04-08,14247,681353,6781,414179,3033,236710,4433,30464,4634,148169,9575,281237,9036,429406,California
San Francisco,2021-04-09,15891,697244,7685,421864,4841,241551,3365,33829,6624,148902,9233,290470,9966,439372,California
San Francisco,2021-04-10,13356,710600,5713,427577,5885,247436,1758,35587,7107,151529,6223,296693,8850,448222,California
San Francisco,2021-04-11,10074,720674,7549,435126,1347,248783,1178,36765,5208,153056,4852,301545,6379,454601,California
San Francisco,2021-04-12,10653,731327,6918,442044,2582,251365,1153,37918,4877,153327,5751,307296,6022,460623,California
San Francisco,2021-04-13,10871,742198,7368,449412,3491,254856,12,37930,5473,153446,5371,312667,5490,466113,California
San Francisco,2021-04-14,13388,755586,8065,457477,5322,260178,1,37931,6353,152807,6995,319662,6356,472469,California
San Francisco,2021-04-15,13873,769459,9611,467088,4261,264439,1,37932,8068,155109,5772,325434,8074,480543,California
San Francisco,2021-04-16,13042,782501,8768,475856,4230,268669,44,37976,7608,157363,5403,330837,7657,488200,California
San Francisco,2021-04-17,10247,792748,7380,483236,2866,271535,1,37977,7234,161607,2995,333832,7239,495439,California
San Francisco,2021-04-18,6933,799681,5369,488605,1562,273097,2,37979,4301,163301,2611,336443,4305,499744,California
San Francisco,2021-04-19,11087,810768,8309,496914,2773,275870,5,37984,7085,166418,3984,340427,7101,506845,California
San Francisco,2021-04-20,13088,823856,7892,504806,5194,281064,2,37986,8908,171178,4151,344578,8911,515756,California
San Francisco,2021-04-21,11904,835760,8744,513550,3155,284219,5,37991,7222,173757,4653,349231,7232,522988,California
San Francisco,2021-04-22,11064,846824,8271,521821,2792,287011,1,37992,6354,175440,4679,353910,6362,529350,California
San Francisco,2021-04-23,10922,857746,6403,528224,4519,291530,0,37992,6476,177509,4416,358326,6485,535835,California
San Francisco,2021-04-24,7965,865711,5475,533699,2490,294020,0,37992,4708,178990,3236,361562,4717,540552,California
San Francisco,2021-04-25,5042,870753,4336,538035,700,294720,6,37998,2949,179870,2080,363642,2960,543512,California
San Francisco,2021-04-26,8519,879272,6069,544104,2438,297158,12,38010,4244,179896,4246,367888,4272,547784,California
San Francisco,2021-04-27,8981,888253,6108,550212,2703,299861,170,38180,4487,180095,4468,372356,4667,552451,California
San Francisco,2021-04-28,9960,898213,6973,557185,2796,302657,191,38371,5230,180824,4699,377055,5428,557879,California
San Francisco,2021-04-29,9802,908015,5832,563017,3776,306433,194,38565,4822,180901,4953,382008,5030,562909,California
San Francisco,2021-04-30,11160,919175,5454,568471,5503,311936,203,38768,4125,178244,6990,388998,4333,567242,California
San Francisco,2021-05-01,6959,926134,3590,572061,3254,315190,115,38883,1673,174782,5251,394249,1789,569031,California
San Francisco,2021-05-02,5331,931465,3088,575149,2145,317335,98,38981,973,171509,4348,398597,1075,570106,California
San Francisco,2021-05-03,9698,941163,6606,581755,2928,320263,164,39145,2440,166895,7226,405823,2612,572718,California
San Francisco,2021-05-04,9840,951003,6431,588186,3158,323421,251,39396,2383,162110,7424,413247,2639,575357,California
San Francisco,2021-05-05,9263,960266,6567,594753,2383,325804,313,39709,2273,157758,6942,420189,2590,577947,California
San Francisco,2021-05-06,10738,971004,8577,603330,1689,327493,472,40181,1834,151196,8870,429059,2308,580255,California
San Francisco,2021-05-07,10125,981129,6477,609807,3375,330868,273,40454,1639,144646,8460,437519,1910,582165,California
San Francisco,2021-05-08,8375,989504,3555,613362,4690,335558,130,40584,970,138374,7373,444892,1101,583266,California
San Francisco,2021-05-09,6691,996195,5827,619189,781,336339,83,40667,1062,133907,5606,450498,1139,584405,California
San Francisco,2021-05-10,6993,1003188,4953,624142,1789,338128,251,40918,978,129151,5984,456482,1228,585633,California
San Francisco,2021-05-11,7402,1010590,5322,629464,1861,339989,219,41137,1259,124518,6110,462592,1477,587110,California
San Francisco,2021-05-12,8150,1018740,5947,635411,1746,341735,457,41594,1399,119650,6719,469311,1851,588961,California
San Francisco,2021-05-13,11375,1030115,8375,643786,2774,344509,226,41820,4169,116877,7176,476487,4403,593364,California
San Francisco,2021-05-14,9563,1039678,6811,650597,2581,347090,171,41991,2974,113474,6559,483046,3156,596520,California
San Francisco,2021-05-15,8124,1047802,6432,657029,1636,348726,56,42047,3194,111822,4914,487960,3262,599782,California
San Francisco,2021-05-16,4967,1052769,4186,661215,722,349448,59,42106,1833,110599,3115,491075,1892,601674,California
San Francisco,2021-05-17,7242,1060011,5387,666602,1690,351138,165,42271,2309,108164,4912,495987,2477,604151,California
San Francisco,2021-05-18,8697,1068708,4971,671573,3550,354688,176,42447,1801,103292,6849,502836,1977,606128,California
San Francisco,2021-05-19,7488,1076196,5543,677116,1711,356399,234,42681,2167,100399,5293,508129,2400,608528,California
San Francisco,2021-05-20,5948,1082144,4002,681118,1695,358094,251,42932,1487,97707,4425,512554,1733,610261,California
San Francisco,2021-05-21,7191,1089335,4070,685188,2935,361029,186,43118,1573,93959,5571,518125,1823,612084,California
San Francisco,2021-05-22,4806,1094141,3621,688809,1094,362123,91,43209,2182,93631,2604,520729,2276,614360,California
San Francisco,2021-05-23,1833,1095974,1391,690200,368,362491,74,43283,830,93543,993,521722,905,615265,California
San Francisco,2021-05-24,4036,1100010,2841,693041,1033,363524,162,43445,1174,92044,2837,524559,1338,616603,California
San Francisco,2021-05-25,3695,1103705,2401,695442,1071,364595,223,43668,1031,90649,2645,527204,1250,617853,California
San Francisco,2021-05-26,3961,1107666,2552,697994,1263,365858,146,43814,1047,88954,2889,530093,1194,619047,California
San Francisco,2021-05-27,3714,1111380,2142,700136,1396,367254,176,43990,1163,87777,2539,532632,1362,620409,California
San Francisco,2021-05-28,3777,1115157,2154,702290,1462,368716,161,44151,1312,86841,2437,535069,1501,621910,California
San Francisco,2021-05-29,2024,1117181,1458,703748,464,369180,102,44253,781,86586,1222,536291,967,622877,California
San Francisco,2021-05-30,964,1118145,689,704437,238,369418,37,44290,390,86451,570,536861,435,623312,California
San Francisco,2021-05-31,258,1118403,209,704646,42,369460,7,44297,85,86374,171,537032,94,623406,California
San Francisco,2021-06-01,3566,1121969,2158,706804,1221,370681,187,44484,1056,85296,2494,539526,1416,624822,California
San Francisco,2021-06-02,2455,1124424,1774,708578,557,371238,124,44608,812,84665,1630,541156,999,625821,California
San Francisco,2021-06-03,3953,1128377,2713,711291,1037,372275,203,44811,914,82782,3021,544177,1138,626959,California
San Francisco,2021-06-04,5721,1134098,4848,716139,737,373012,136,44947,1244,79726,4442,548619,1386,628345,California
San Francisco,2021-06-05,3703,1137801,3126,719265,429,373441,148,45095,867,77924,2824,551443,1022,629367,California
San Francisco,2021-06-06,2332,1140133,2182,721447,112,373553,38,45133,511,76665,1815,553258,556,629923,California
San Francisco,2021-06-07,3630,1143763,3008,724455,488,374041,134,45267,920,75033,2693,555951,1061,630984,California
San Francisco,2021-06-08,2827,1146590,2223,726678,438,374479,166,45433,814,74027,1996,557947,990,631974,California
San Francisco,2021-06-09,2314,1148904,1853,728531,325,374804,136,45569,651,73173,1647,559594,793,632767,California
San Francisco,2021-06-10,2493,1151397,1906,730437,398,375202,189,45758,759,72408,1722,561316,957,633724,California
San Francisco,2021-06-11,3151,1154548,2486,732923,500,375702,165,45923,928,71303,2199,563515,1094,634818,California
San Francisco,2021-06-12,3039,1157587,2638,735561,275,375977,126,46049,724,69850,2301,565816,848,635666,California
San Francisco,2021-06-13,918,1158505,797,736358,74,376051,47,46096,235,69456,675,566491,281,635947,California
San Francisco,2021-06-14,2516,1161021,2034,738392,331,376382,151,46247,877,68857,1628,568119,1029,636976,California
San Francisco,2021-06-15,1895,1162916,1469,739861,293,376675,133,46380,671,68447,1215,569334,805,637781,California
San Francisco,2021-06-16,1844,1164760,1390,741251,260,376935,194,46574,634,68075,1193,570527,821,638602,California
San Francisco,2021-06-17,1974,1166734,1523,742774,255,377190,196,46770,650,67608,1309,571836,842,639444,California
San Francisco,2021-06-18,2328,1169062,1731,744505,423,377613,174,46944,747,66960,1567,573403,919,640363,California
San Francisco,2021-06-19,1405,1170467,1183,745688,112,377725,110,47054,431,66538,960,574363,538,640901,California
San Francisco,2021-06-20,626,1171093,536,746224,55,377780,35,47089,257,66467,363,574726,292,641193,California
San Francisco,2021-06-21,1154,1172247,861,747085,183,377963,110,47199,605,66641,539,575265,713,641906,California
San Francisco,2021-06-22,1558,1173805,1221,748306,227,378190,110,47309,539,66279,1004,576269,642,642548,California
San Francisco,2021-06-23,1477,1175282,1164,749470,174,378364,139,47448,591,66128,874,577143,723,643271,California
San Francisco,2021-06-24,1521,1176803,1120,750590,233,378597,168,47616,505,65799,997,578140,668,643939,California
San Francisco,2021-06-25,1225,1178028,973,751563,157,378754,95,47711,386,65452,826,578966,479,644418,California
San Joaquin,2020-12-15,14,14,14,14,0,0,0,0,14,14,0,0,14,14,California
San Joaquin,2020-12-16,310,324,310,324,0,0,0,0,310,324,0,0,310,324,California
San Joaquin,2020-12-17,322,646,322,646,0,0,0,0,322,646,0,0,322,646,California
San Joaquin,2020-12-18,536,1182,532,1178,4,4,0,0,536,1182,0,0,536,1182,California
San Joaquin,2020-12-19,190,1372,190,1368,0,4,0,0,190,1372,0,0,190,1372,California
San Joaquin,2020-12-20,116,1488,114,1482,2,6,0,0,116,1488,0,0,116,1488,California
San Joaquin,2020-12-21,494,1982,493,1975,1,7,0,0,494,1982,0,0,494,1982,California
San Joaquin,2020-12-22,977,2959,856,2831,121,128,0,0,976,2958,0,0,976,2958,California
San Joaquin,2020-12-23,977,3936,920,3751,57,185,0,0,975,3933,2,2,977,3935,California
San Joaquin,2020-12-24,215,4151,187,3938,28,213,0,0,214,4147,1,3,215,4150,California
San Joaquin,2020-12-25,15,4166,15,3953,0,213,0,0,15,4162,0,3,15,4165,California
San Joaquin,2020-12-26,103,4269,31,3984,72,285,0,0,103,4265,0,3,103,4268,California
San Joaquin,2020-12-27,44,4313,31,4015,13,298,0,0,44,4309,0,3,44,4312,California
San Joaquin,2020-12-28,625,4938,423,4438,202,500,0,0,625,4934,0,3,625,4937,California
San Joaquin,2020-12-29,796,5734,666,5104,130,630,0,0,796,5730,0,3,796,5733,California
San Joaquin,2020-12-30,1013,6747,720,5824,293,923,0,0,1011,6741,2,5,1013,6746,California
San Joaquin,2020-12-31,454,7201,203,6027,251,1174,0,0,454,7195,1,6,455,7201,California
San Joaquin,2021-01-01,23,7224,13,6040,10,1184,0,0,23,7218,0,6,23,7224,California
San Joaquin,2021-01-02,266,7490,243,6283,23,1207,0,0,266,7484,0,6,266,7490,California
San Joaquin,2021-01-03,37,7527,20,6303,17,1224,0,0,36,7519,1,7,36,7526,California
San Joaquin,2021-01-04,479,8006,340,6643,139,1363,0,0,477,7995,1,8,477,8003,California
San Joaquin,2021-01-05,986,8992,651,7294,335,1698,0,0,814,8675,172,180,852,8855,California
San Joaquin,2021-01-06,1228,10220,714,8008,514,2212,0,0,922,9300,301,481,926,9781,California
San Joaquin,2021-01-07,1086,11306,687,8695,399,2611,0,0,786,9791,297,778,788,10569,California
San Joaquin,2021-01-08,1209,12515,827,9522,382,2993,0,0,713,10013,495,1273,717,11286,California
San Joaquin,2021-01-09,380,12895,301,9823,79,3072,0,0,246,10127,134,1407,248,11534,California
San Joaquin,2021-01-10,224,13119,116,9939,108,3180,0,0,171,10246,52,1459,171,11705,California
San Joaquin,2021-01-11,1535,14654,1327,11266,208,3388,0,0,868,10516,666,2125,936,12641,California
San Joaquin,2021-01-12,1485,16139,1067,12333,418,3806,0,0,702,10511,779,2904,774,13415,California
San Joaquin,2021-01-13,1540,17679,900,13233,640,4446,0,0,960,10900,578,3482,967,14382,California
San Joaquin,2021-01-14,1761,19440,974,14207,787,5233,0,0,1413,12005,327,3809,1432,15814,California
San Joaquin,2021-01-15,1544,20984,548,14755,996,6229,0,0,1306,13110,223,4032,1328,17142,California
San Joaquin,2021-01-16,1135,22119,182,14937,953,7182,0,0,1102,14181,32,4064,1103,18245,California
San Joaquin,2021-01-17,1628,23747,138,15075,1490,8672,0,0,1585,15725,43,4107,1587,19832,California
San Joaquin,2021-01-18,742,24489,239,15314,503,9175,0,0,620,16228,118,4225,621,20453,California
San Joaquin,2021-01-19,1881,26370,902,16216,979,10154,0,0,1197,16754,679,4904,1205,21658,California
San Joaquin,2021-01-20,2095,28465,1287,17503,808,10962,0,0,1446,17565,642,5546,1453,23111,California
San Joaquin,2021-01-21,1982,30447,895,18398,1087,12049,0,0,1585,18769,390,5936,1594,24705,California
San Joaquin,2021-01-22,1960,32407,896,19294,1064,13113,0,0,1818,20452,137,6073,1820,26525,California
San Joaquin,2021-01-23,892,33299,391,19685,501,13614,0,0,606,20775,285,6358,608,27133,California
San Joaquin,2021-01-24,356,33655,138,19823,218,13832,0,0,333,21088,20,6378,333,27466,California
San Joaquin,2021-01-25,2003,35658,1147,20970,856,14688,0,0,1432,21955,568,6946,1435,28901,California
San Joaquin,2021-01-26,2153,37811,1111,22081,1042,15730,0,0,1530,22878,616,7562,1539,30440,California
San Joaquin,2021-01-27,1742,39553,771,22852,971,16701,0,0,1239,23627,498,8060,1247,31687,California
San Joaquin,2021-01-28,2057,41610,777,23629,1280,17981,0,0,1393,24371,660,8720,1404,33091,California
San Joaquin,2021-01-29,2167,43777,1052,24681,1115,19096,0,0,1815,25850,346,9066,1825,34916,California
San Joaquin,2021-01-30,2173,45950,351,25032,1822,20918,0,0,1990,27663,181,9247,1994,36910,California
San Joaquin,2021-01-31,1551,47501,172,25204,1379,22297,0,0,1484,29084,66,9313,1487,38397,California
San Joaquin,2021-02-01,2482,49983,1294,26498,1188,23485,0,0,1713,30034,768,10081,1718,40115,California
San Joaquin,2021-02-02,2589,52572,1156,27654,1433,24918,0,0,1976,31463,552,10633,1981,42096,California
San Joaquin,2021-02-03,3085,55657,1218,28872,1867,26785,0,0,2210,32818,867,11500,2222,44318,California
San Joaquin,2021-02-04,3548,59205,1814,30686,1734,28519,0,0,2646,34576,896,12396,2654,46972,California
San Joaquin,2021-02-05,3162,62367,1787,32473,1375,29894,0,0,2329,36101,820,13216,2345,49317,California
San Joaquin,2021-02-06,1084,63451,738,33211,346,30240,0,0,936,36893,145,13361,937,50254,California
San Joaquin,2021-02-07,619,64070,490,33701,129,30369,0,0,414,37108,200,13561,415,50669,California
San Joaquin,2021-02-08,1780,65850,1026,34727,754,31123,0,0,1436,38229,321,13882,1442,52111,California
San Joaquin,2021-02-09,2119,67969,1143,35870,976,32099,0,0,1571,39325,478,14360,1574,53685,California
San Joaquin,2021-02-10,2581,70550,1248,37118,1333,33432,0,0,1350,39468,1209,15569,1352,55037,California
San Joaquin,2021-02-11,2906,73456,1462,38580,1444,34876,0,0,1676,39955,1197,16766,1684,56721,California
San Joaquin,2021-02-12,2834,76290,1127,39707,1707,36583,0,0,1603,40359,1206,17972,1610,58331,California
San Joaquin,2021-02-13,2130,78420,405,40112,1725,38308,0,0,856,39963,1259,19231,863,59194,California
San Joaquin,2021-02-14,1913,80333,263,40375,1650,39958,0,0,696,39475,1185,20416,697,59891,California
San Joaquin,2021-02-15,2002,82335,841,41216,1161,41119,0,0,1202,39912,769,21185,1206,61097,California
San Joaquin,2021-02-16,3187,85522,1387,42603,1800,42919,0,0,1755,40266,1416,22601,1770,62867,California
San Joaquin,2021-02-17,3291,88813,1269,43872,2022,44941,0,0,1870,40737,1406,24007,1877,64744,California
San Joaquin,2021-02-18,3361,92174,1384,45256,1977,46918,0,0,1909,41239,1415,25422,1917,66661,California
San Joaquin,2021-02-19,4296,96470,2431,47687,1865,48783,0,0,2393,41792,1848,27270,2401,69062,California
San Joaquin,2021-02-20,1579,98049,680,48367,899,49682,0,0,1067,42356,510,27780,1074,70136,California
San Joaquin,2021-02-21,678,98727,514,48881,164,49846,0,0,427,42538,248,28028,430,70566,California
San Joaquin,2021-02-22,3562,102289,2513,51394,1049,50895,0,0,2541,44095,992,29020,2549,73115,California
San Joaquin,2021-02-23,4343,106632,2644,54038,1699,52594,0,0,2658,45122,1650,30670,2677,75792,California
San Joaquin,2021-02-24,5783,112415,3442,57480,2341,54935,0,0,4145,47667,1611,32281,4156,79948,California
San Joaquin,2021-02-25,6387,118802,3950,61430,2437,57372,0,0,4101,49555,2240,34521,4128,84076,California
San Joaquin,2021-02-26,5521,124323,2859,64289,2662,60034,0,0,3782,51650,1702,36223,3797,87873,California
San Joaquin,2021-02-27,5488,129811,1633,65922,3855,63889,0,0,2642,51527,2784,39007,2661,90534,California
San Joaquin,2021-02-28,3115,132926,1127,67049,1988,65877,0,0,2051,52547,1035,40042,2055,92589,California
San Joaquin,2021-03-01,4262,137188,1830,68879,2429,68306,3,3,2335,53010,1907,41949,2370,94959,California
San Joaquin,2021-03-02,4238,141426,1689,70568,2549,70855,0,3,2652,54165,1563,43512,2718,97677,California
San Joaquin,2021-03-03,5829,147255,3459,74027,2368,73223,2,5,4191,56757,1612,45124,4204,101881,California
San Joaquin,2021-03-04,5728,152983,2274,76301,3451,76674,3,8,3736,58528,1975,47099,3746,105627,California
San Joaquin,2021-03-05,4507,157490,1903,78204,2599,79273,5,13,3109,60276,1381,48480,3129,108756,California
San Joaquin,2021-03-06,3325,160815,2188,80392,1007,80280,130,143,2735,62560,586,49066,2870,111626,California
San Joaquin,2021-03-07,1224,162039,567,80959,609,80889,48,191,936,63261,270,49336,971,112597,California
San Joaquin,2021-03-08,3149,165188,1266,82225,1759,82648,124,315,2094,64472,1043,50379,2254,114851,California
San Joaquin,2021-03-09,4173,169361,1863,84088,2181,84829,129,444,2670,65809,1484,51863,2821,117672,California
San Joaquin,2021-03-10,4878,174239,2525,86613,2211,87040,142,586,3434,67967,1428,53291,3586,121258,California
San Joaquin,2021-03-11,5191,179430,2446,89059,2141,89181,604,1190,2939,69288,2237,55528,3558,124816,California
San Joaquin,2021-03-12,6571,186001,3228,92287,3007,92188,336,1526,4157,71417,2386,57914,4515,129331,California
San Joaquin,2021-03-13,3233,189234,1510,93797,1598,93786,125,1651,2322,72972,902,58816,2457,131788,California
San Joaquin,2021-03-14,2173,191407,678,94475,1190,94976,305,1956,1025,73168,1141,59957,1337,133125,California
San Joaquin,2021-03-15,6127,197534,3509,97984,2212,97188,406,2362,3178,73866,2913,62870,3611,136736,California
San Joaquin,2021-03-16,6906,204440,3919,101903,2731,99919,256,2618,4061,75375,2819,65689,4328,141064,California
San Joaquin,2021-03-17,7928,212368,4723,106626,3134,103053,71,2689,4366,76322,3515,69204,4462,145526,California
San Joaquin,2021-03-18,7717,220085,4535,111161,2675,105728,507,3196,3825,76817,3845,73049,4340,149866,California
San Joaquin,2021-03-19,8002,228087,4685,115846,2776,108504,541,3737,4841,79128,3136,76185,5447,155313,California
San Joaquin,2021-03-20,3700,231787,2142,117988,1316,109820,242,3979,1823,79361,1851,78036,2084,157397,California
San Joaquin,2021-03-21,2128,233915,1510,119498,411,110231,207,4186,1160,79846,954,78990,1439,158836,California
San Joaquin,2021-03-22,4083,237998,2083,121581,1585,111816,415,4601,2443,81093,1623,80613,2870,161706,California
San Joaquin,2021-03-23,5477,243475,2685,124266,2625,114441,167,4768,3784,83390,1668,82281,3965,165671,California
San Joaquin,2021-03-24,6918,250393,4270,128536,2560,117001,88,4856,3067,82750,3808,86089,3168,168839,California
San Joaquin,2021-03-25,5669,256062,3351,131887,2273,119274,45,4901,3382,83924,2261,88350,3435,172274,California
San Joaquin,2021-03-26,6270,262332,2595,134482,3523,122797,152,5053,3297,84455,2945,91295,3476,175750,California
San Joaquin,2021-03-27,4677,267009,2627,137109,1976,124773,74,5127,1799,83489,2851,94146,1885,177635,California
San Joaquin,2021-03-28,2738,269747,1821,138930,892,125665,25,5152,1266,83436,1452,95598,1399,179034,California
San Joaquin,2021-03-29,4130,273877,2197,141127,1910,127575,23,5175,2086,83543,2028,97626,2135,181169,California
San Joaquin,2021-03-30,6333,280210,3176,144303,3064,130639,93,5268,3509,84381,2792,100418,3630,184799,California
San Joaquin,2021-03-31,6736,286946,4184,148487,2492,133131,60,5328,3437,84644,3271,103689,3534,188333,California
San Joaquin,2021-04-01,6528,293474,3001,151488,3436,136567,91,5419,2912,84130,3587,107276,3073,191406,California
San Joaquin,2021-04-02,6430,299904,2889,154377,3046,139613,495,5914,2568,83396,3834,111110,3100,194506,California
San Joaquin,2021-04-03,4209,304113,2389,156766,1494,141107,326,6240,2011,83571,2180,113290,2355,196861,California
San Joaquin,2021-04-04,2291,306404,1371,158137,715,141822,205,6445,1547,84610,733,114023,1772,198633,California
San Joaquin,2021-04-05,4832,311236,2845,160982,1749,143571,238,6683,2685,85414,2133,116156,2937,201570,California
San Joaquin,2021-04-06,7161,318397,4553,165535,2329,145900,279,6962,3422,85432,3705,119861,3723,205293,California
San Joaquin,2021-04-07,8440,326837,4572,170107,2277,148177,1591,8553,3558,85747,4859,124720,5174,210467,California
San Joaquin,2021-04-08,8871,335708,4757,174864,1974,150151,2140,10693,3362,85782,5478,130198,5513,215980,California
San Joaquin,2021-04-09,9037,344745,4392,179256,3080,153231,1565,12258,3329,85032,5680,135878,4930,220910,California
San Joaquin,2021-04-10,5261,350006,1666,180922,1687,154918,1908,14166,1791,85279,3457,139335,3704,224614,California
San Joaquin,2021-04-11,4300,354306,1770,182692,1363,156281,1167,15333,1972,86106,2315,141650,3142,227756,California
San Joaquin,2021-04-12,6160,360466,2506,185198,2103,158384,1551,16884,2432,86413,3700,145350,4007,231763,California
San Joaquin,2021-04-13,7642,368108,4403,189601,3230,161614,9,16893,4673,88194,2941,148291,4722,236485,California
San Joaquin,2021-04-14,7710,375818,3913,193514,3795,165409,2,16895,4638,89835,3046,151337,4687,241172,California
San Joaquin,2021-04-15,8007,383825,4756,198270,3251,168660,0,16895,4425,90779,3538,154875,4482,245654,California
San Joaquin,2021-04-16,7893,391718,4286,202556,3604,172264,3,16898,4761,92481,3098,157973,4800,250454,California
San Joaquin,2021-04-17,5198,396916,2819,205375,2377,174641,2,16900,3685,94693,1500,159473,3712,254166,California
San Joaquin,2021-04-18,2500,399416,1394,206769,1106,175747,0,16900,1323,94870,1161,160634,1338,255504,California
San Joaquin,2021-04-19,5287,404703,2820,209589,2467,178214,0,16900,2758,95182,2493,163127,2805,258309,California
San Joaquin,2021-04-20,6307,411010,3312,212901,2995,181209,0,16900,2950,94844,3324,166451,2986,261295,California
San Joaquin,2021-04-21,5750,416760,3166,216067,2584,183793,0,16900,2925,95043,2764,169215,2963,264258,California
San Joaquin,2021-04-22,5389,422149,3162,219229,2225,186018,2,16902,3056,95862,2298,171513,3117,267375,California
San Joaquin,2021-04-23,6034,428183,2861,222090,3172,189190,1,16903,3778,97442,2231,173744,3811,271186,California
San Joaquin,2021-04-24,5274,433457,3630,225720,1642,190832,2,16905,3432,99078,1814,175558,3450,274636,California
San Joaquin,2021-04-25,3079,436536,2593,228313,486,191318,0,16905,2044,100120,1010,176568,2052,276688,California
San Joaquin,2021-04-26,4153,440689,2670,230983,1479,192797,4,16909,2156,100349,1980,178548,2209,278897,California
San Joaquin,2021-04-27,4730,445419,2682,233665,1986,194783,62,16971,1974,99689,2729,181277,2069,280966,California
San Joaquin,2021-04-28,5728,451147,3394,237059,2255,197038,79,17050,2766,99667,2927,184204,2905,283871,California
San Joaquin,2021-04-29,5040,456187,2920,239979,2063,199101,57,17107,2517,99794,2493,186697,2620,286491,California
San Joaquin,2021-04-30,5096,461283,2460,242439,2569,201670,67,17174,2583,99995,2492,189189,2693,289184,California
San Joaquin,2021-05-01,3364,464647,1922,244361,1384,203054,58,17232,2136,100992,1218,190407,2215,291399,California
San Joaquin,2021-05-02,2307,466954,1602,245963,648,203702,57,17289,1169,101092,1134,191541,1234,292633,California
San Joaquin,2021-05-03,3390,470344,2265,248228,1045,204747,80,17369,1399,100623,1974,193515,1505,294138,California
San Joaquin,2021-05-04,4970,475314,3328,251556,1485,206232,157,17526,1800,99467,3147,196662,1991,296129,California
San Joaquin,2021-05-05,5197,480511,3566,255122,1468,207700,163,17689,2306,99096,2859,199521,2488,298617,California
San Joaquin,2021-05-06,4717,485228,3141,258263,1446,209146,130,17819,2044,98633,2656,202177,2193,300810,California
San Joaquin,2021-05-07,5179,490407,2981,261244,2046,211192,152,17971,1925,97489,3231,205408,2087,302897,California
San Joaquin,2021-05-08,3282,493689,2111,263355,1070,212262,101,18072,1213,96759,2053,207461,1323,304220,California
San Joaquin,2021-05-09,1485,495174,847,264202,568,212830,70,18142,591,96535,891,208352,667,304887,California
San Joaquin,2021-05-10,2852,498026,1481,265683,1246,214076,125,18267,933,95696,1902,210254,1063,305950,California
San Joaquin,2021-05-11,4246,502272,2218,267901,1906,215982,122,18389,1352,94325,2877,213131,1506,307456,California
San Joaquin,2021-05-12,4449,506721,2105,270006,2219,218201,125,18514,1472,92976,2958,216089,1609,309065,California
San Joaquin,2021-05-13,4791,511512,2790,272796,1911,220112,90,18604,1872,92051,2903,218992,1978,311043,California
San Joaquin,2021-05-14,5786,517298,3444,276240,2233,222345,109,18713,2445,91300,3313,222305,2562,313605,California
San Joaquin,2021-05-15,5244,522542,3120,279360,2043,224388,81,18794,1649,89471,3564,225869,1735,315340,California
San Joaquin,2021-05-16,3570,526112,2797,282157,724,225112,49,18843,1436,88843,2121,227990,1493,316833,California
San Joaquin,2021-05-17,4153,530265,2487,284644,1569,226681,97,18940,1801,88416,2335,230325,1908,318741,California
San Joaquin,2021-05-18,3986,534251,2297,286941,1570,228251,119,19059,1894,88353,2075,232400,2012,320753,California
San Joaquin,2021-05-19,4773,539024,2779,289720,1859,230110,135,19194,2102,87958,2640,235040,2245,322998,California
San Joaquin,2021-05-20,3981,543005,2382,292102,1495,231605,104,19298,1790,87688,2168,237208,1898,324896,California
San Joaquin,2021-05-21,5075,548080,2983,295085,1970,233575,122,19420,2362,87501,2684,239892,2497,327393,California
San Joaquin,2021-05-22,4052,552132,2541,297626,1417,234992,94,19514,1813,87194,2226,242118,1919,329312,California
San Joaquin,2021-05-23,2475,554607,2022,299648,409,235401,44,19558,1451,87680,1013,243131,1499,330811,California
San Joaquin,2021-05-24,2972,557579,1698,301346,1181,236582,93,19651,1381,87584,1575,244706,1479,332290,California
San Joaquin,2021-05-25,3121,560700,1942,303288,1029,237611,150,19801,1475,87580,1628,246334,1624,333914,California
San Joaquin,2021-05-26,3902,564602,2403,305691,1424,239035,75,19876,1629,87031,2256,248590,1707,335621,California
San Joaquin,2021-05-27,3129,567731,1704,307395,1340,240375,85,19961,1343,86693,1770,250360,1432,337053,California
San Joaquin,2021-05-28,3121,570852,1667,309062,1363,241738,91,20052,1478,86651,1619,251979,1577,338630,California
San Joaquin,2021-05-29,2150,573002,1189,310251,925,242663,36,20088,969,86489,1177,253156,1015,339645,California
San Joaquin,2021-05-30,975,573977,522,310773,427,243090,26,20114,409,86368,560,253716,439,340084,California
San Joaquin,2021-05-31,621,574598,259,311032,355,243445,7,20121,238,86234,379,254095,245,340329,California
San Joaquin,2021-06-01,2459,577057,1485,312517,877,244322,97,20218,1173,86236,1277,255372,1279,341608,California
San Joaquin,2021-06-02,2726,579783,1615,314132,1057,245379,54,20272,1152,85890,1558,256930,1212,342820,California
San Joaquin,2021-06-03,2842,582625,1752,315884,1033,246412,57,20329,1095,85316,1731,258661,1157,343977,California
San Joaquin,2021-06-04,3138,585763,1927,317811,1104,247516,107,20436,1090,84492,2021,260682,1197,345174,California
San Joaquin,2021-06-05,2375,588138,1823,319634,495,248011,57,20493,1116,84505,1166,261848,1179,346353,California
San Joaquin,2021-06-06,1098,589236,884,320518,177,248188,37,20530,458,84381,621,262469,497,346850,California
San Joaquin,2021-06-07,2825,592061,2099,322617,685,248873,41,20571,985,83583,1833,264302,1035,347885,California
San Joaquin,2021-06-08,2766,594827,2097,324714,624,249497,45,20616,875,82633,1875,266177,925,348810,California
San Joaquin,2021-06-09,2843,597670,1979,326693,820,250317,44,20660,960,81773,1865,268042,1005,349815,California
San Joaquin,2021-06-10,2662,600332,1933,328626,662,250979,67,20727,1004,81195,1653,269695,1075,350890,California
San Joaquin,2021-06-11,2949,603281,2036,330662,796,251775,117,20844,973,80318,1967,271662,1090,351980,California
San Joaquin,2021-06-12,1855,605136,1396,332058,428,252203,31,20875,630,79782,1219,272881,683,352663,California
San Joaquin,2021-06-13,1049,606185,810,332868,191,252394,48,20923,484,79755,561,273442,534,353197,California
San Joaquin,2021-06-14,2213,608398,1489,334357,652,253046,72,20995,982,79589,1222,274664,1056,354253,California
San Joaquin,2021-06-15,2241,610639,1496,335853,667,253713,78,21073,873,79187,1356,276020,954,355207,California
San Joaquin,2021-06-16,2609,613248,1845,337698,682,254395,82,21155,904,78486,1689,277709,988,356195,California
San Joaquin,2021-06-17,2581,615829,1836,339534,688,255083,57,21212,880,77737,1687,279396,938,357133,California
San Joaquin,2021-06-18,2755,618584,1805,341339,875,255958,75,21287,1144,77356,1601,280997,1220,358353,California
San Joaquin,2021-06-19,1385,619969,860,342199,266,256224,259,21546,492,77222,886,281883,752,359105,California
San Joaquin,2021-06-20,632,620601,494,342693,112,256336,26,21572,280,77180,347,282230,305,359410,California
San Joaquin,2021-06-21,1615,622216,956,343649,551,256887,108,21680,829,77337,780,283010,937,360347,California
San Joaquin,2021-06-22,1863,624079,1237,344886,558,257445,68,21748,809,77169,1044,284054,876,361223,California
San Joaquin,2021-06-23,991,625070,607,345493,352,257797,32,21780,405,77028,580,284634,439,361662,California
San Joaquin,2021-06-24,450,625520,280,345773,144,257941,26,21806,235,77080,214,284848,266,361928,California
San Joaquin,2021-06-25,199,625719,92,345865,88,258029,19,21825,109,77120,89,284937,129,362057,California
San Luis Obispo,2020-12-16,4,4,4,4,0,0,0,0,4,4,0,0,4,4,California
San Luis Obispo,2020-12-17,196,200,196,200,0,0,0,0,196,200,0,0,196,200,California
San Luis Obispo,2020-12-18,224,424,224,424,0,0,0,0,224,424,0,0,224,424,California
San Luis Obispo,2020-12-19,164,588,164,588,0,0,0,0,164,588,0,0,164,588,California
San Luis Obispo,2020-12-20,215,803,215,803,0,0,0,0,215,803,0,0,215,803,California
San Luis Obispo,2020-12-21,550,1353,549,1352,1,1,0,0,550,1353,0,0,550,1353,California
San Luis Obispo,2020-12-22,309,1662,305,1657,4,5,0,0,309,1662,0,0,309,1662,California
San Luis Obispo,2020-12-23,681,2343,367,2024,314,319,0,0,681,2343,0,0,681,2343,California
San Luis Obispo,2020-12-24,194,2537,19,2043,175,494,0,0,194,2537,0,0,194,2537,California
San Luis Obispo,2020-12-25,2,2539,1,2044,1,495,0,0,2,2539,0,0,2,2539,California
San Luis Obispo,2020-12-26,89,2628,12,2056,77,572,0,0,89,2628,0,0,89,2628,California
San Luis Obispo,2020-12-27,76,2704,0,2056,76,648,0,0,76,2704,0,0,76,2704,California
San Luis Obispo,2020-12-28,878,3582,429,2485,449,1097,0,0,878,3582,0,0,878,3582,California
San Luis Obispo,2020-12-29,904,4486,505,2990,399,1496,0,0,904,4486,0,0,904,4486,California
San Luis Obispo,2020-12-30,1173,5659,680,3670,493,1989,0,0,1173,5659,0,0,1173,5659,California
San Luis Obispo,2020-12-31,109,5768,4,3674,105,2094,0,0,109,5768,0,0,109,5768,California
San Luis Obispo,2021-01-01,17,5785,10,3684,7,2101,0,0,17,5785,0,0,17,5785,California
San Luis Obispo,2021-01-02,34,5819,8,3692,26,2127,0,0,34,5819,0,0,34,5819,California
San Luis Obispo,2021-01-03,17,5836,6,3698,11,2138,0,0,17,5836,0,0,17,5836,California
San Luis Obispo,2021-01-04,680,6516,524,4222,156,2294,0,0,680,6516,0,0,680,6516,California
San Luis Obispo,2021-01-05,973,7489,755,4977,218,2512,0,0,970,7483,3,3,970,7486,California
San Luis Obispo,2021-01-06,728,8217,481,5458,247,2759,0,0,720,8196,7,10,720,8206,California
San Luis Obispo,2021-01-07,1124,9341,947,6405,177,2936,0,0,681,8434,443,453,681,8887,California
San Luis Obispo,2021-01-08,883,10224,804,7209,79,3015,0,0,514,8580,368,821,514,9401,California
San Luis Obispo,2021-01-09,205,10429,195,7404,10,3025,0,0,28,8431,177,998,28,9429,California
San Luis Obispo,2021-01-10,12,10441,8,7412,4,3029,0,0,8,8435,4,1002,8,9437,California
San Luis Obispo,2021-01-11,560,11001,509,7921,51,3080,0,0,298,8472,261,1263,298,9735,California
San Luis Obispo,2021-01-12,600,11601,382,8303,218,3298,0,0,319,8510,281,1544,319,10054,California
San Luis Obispo,2021-01-13,887,12488,259,8562,628,3926,0,0,650,8925,235,1779,650,10704,California
San Luis Obispo,2021-01-14,728,13216,239,8801,489,4415,0,0,606,9418,113,1892,606,11310,California
San Luis Obispo,2021-01-15,734,13950,293,9094,441,4856,0,0,555,9799,174,2066,555,11865,California
San Luis Obispo,2021-01-16,101,14051,81,9175,20,4876,0,0,96,9890,5,2071,96,11961,California
San Luis Obispo,2021-01-17,63,14114,56,9231,7,4883,0,0,63,9953,0,2071,63,12024,California
San Luis Obispo,2021-01-18,1370,15484,389,9620,981,5864,0,0,1107,10797,263,2334,1107,13131,California
San Luis Obispo,2021-01-19,1582,17066,416,10036,1166,7030,0,0,1173,11562,409,2743,1174,14305,California
San Luis Obispo,2021-01-20,1893,18959,602,10638,1291,8321,0,0,1300,12272,591,3334,1301,15606,California
San Luis Obispo,2021-01-21,1580,20539,470,11108,1110,9431,0,0,1208,13113,368,3702,1209,16815,California
San Luis Obispo,2021-01-22,1525,22064,509,11617,1016,10447,0,0,1208,14006,315,4017,1208,18023,California
San Luis Obispo,2021-01-23,313,22377,294,11911,19,10466,0,0,295,14284,17,4034,295,18318,California
San Luis Obispo,2021-01-24,243,22620,235,12146,8,10474,0,0,237,14515,6,4040,237,18555,California
San Luis Obispo,2021-01-25,2075,24695,602,12748,1473,11947,0,0,1245,14930,830,4870,1245,19800,California
San Luis Obispo,2021-01-26,2002,26697,703,13451,1299,13246,0,0,1140,15208,862,5732,1140,20940,California
San Luis Obispo,2021-01-27,1609,28306,280,13731,1329,14575,0,0,1150,15899,459,6191,1150,22090,California
San Luis Obispo,2021-01-28,1494,29800,342,14073,1152,15727,0,0,1230,16867,262,6453,1230,23320,California
San Luis Obispo,2021-01-29,1747,31547,689,14762,1058,16785,0,0,1458,18036,289,6742,1458,24778,California
San Luis Obispo,2021-01-30,41,31588,19,14781,22,16807,0,0,29,18054,11,6753,29,24807,California
San Luis Obispo,2021-01-31,29,31617,19,14800,10,16817,0,0,27,18079,2,6755,27,24834,California
San Luis Obispo,2021-02-01,1714,33331,743,15543,971,17788,0,0,1408,19182,305,7060,1408,26242,California
San Luis Obispo,2021-02-02,1901,35232,680,16223,1221,19009,0,0,1526,20334,375,7435,1527,27769,California
San Luis Obispo,2021-02-03,1714,36946,730,16953,984,19993,0,0,1299,21218,415,7850,1299,29068,California
San Luis Obispo,2021-02-04,1665,38611,802,17755,863,20856,0,0,1098,21749,567,8417,1098,30166,California
San Luis Obispo,2021-02-05,1607,40218,717,18472,890,21746,0,0,1062,22266,546,8963,1063,31229,California
San Luis Obispo,2021-02-06,179,40397,108,18580,71,21817,0,0,99,22285,80,9043,99,31328,California
San Luis Obispo,2021-02-07,123,40520,78,18658,45,21862,0,0,72,22307,51,9094,73,31401,California
San Luis Obispo,2021-02-08,865,41385,473,19131,392,22254,0,0,502,22447,362,9456,502,31903,California
San Luis Obispo,2021-02-09,1128,42513,448,19579,680,22934,0,0,546,22424,576,10032,553,32456,California
San Luis Obispo,2021-02-10,1443,43956,493,20072,950,23884,0,0,528,22042,913,10945,531,32987,California
San Luis Obispo,2021-02-11,1336,45292,846,20918,490,24374,0,0,659,22026,675,11620,659,33646,California
San Luis Obispo,2021-02-12,784,46076,362,21280,422,24796,0,0,417,22076,367,11987,417,34063,California
San Luis Obispo,2021-02-13,396,46472,131,21411,265,25061,0,0,288,22257,107,12094,288,34351,California
San Luis Obispo,2021-02-14,323,46795,44,21455,279,25340,0,0,284,22503,39,12133,285,34636,California
San Luis Obispo,2021-02-15,730,47525,139,21594,591,25931,0,0,475,22724,254,12387,475,35111,California
San Luis Obispo,2021-02-16,2975,50500,1199,22793,1776,27707,0,0,1365,22479,1610,13997,1365,36476,California
San Luis Obispo,2021-02-17,2792,53292,1245,24038,1547,29254,0,0,1028,21752,1755,15752,1028,37504,California
San Luis Obispo,2021-02-18,2837,56129,1468,25506,1369,30623,0,0,1137,21199,1691,17443,1138,38642,California
San Luis Obispo,2021-02-19,1473,57602,1351,26857,122,30745,0,0,1140,22008,331,17774,1140,39782,California
San Luis Obispo,2021-02-20,257,57859,83,26940,174,30919,0,0,219,22189,38,17812,219,40001,California
San Luis Obispo,2021-02-21,57,57916,53,26993,4,30923,0,0,32,22196,25,17837,32,40033,California
San Luis Obispo,2021-02-22,2421,60337,1871,28864,550,31473,0,0,1472,22721,948,18785,1473,41506,California
San Luis Obispo,2021-02-23,1862,62199,1747,30611,115,31588,0,0,1366,23593,495,19280,1367,42873,California
San Luis Obispo,2021-02-24,2647,64846,1301,31912,1346,32934,0,0,835,22620,1809,21089,836,43709,California
San Luis Obispo,2021-02-25,2132,66978,1243,33155,889,33823,0,0,1208,22912,917,22006,1209,44918,California
San Luis Obispo,2021-02-26,2651,69629,1150,34305,1501,35324,0,0,1330,22932,1311,23317,1331,46249,California
San Luis Obispo,2021-02-27,583,70212,354,34659,229,35553,0,0,527,23403,56,23373,527,46776,California
San Luis Obispo,2021-02-28,196,70408,67,34726,129,35682,0,0,160,23529,35,23408,161,46937,California
San Luis Obispo,2021-03-01,3010,73418,1879,36605,1129,36811,2,2,2078,24678,932,24340,2081,49018,California
San Luis Obispo,2021-03-02,3043,76461,1913,38518,1130,37941,0,2,1888,25417,1150,25490,1889,50907,California
San Luis Obispo,2021-03-03,2349,78810,342,38860,2007,39948,0,2,853,24782,1490,26980,855,51762,California
San Luis Obispo,2021-03-04,2204,81014,1163,40023,1041,40989,0,2,1186,24955,1015,27995,1188,52950,California
San Luis Obispo,2021-03-05,2305,83319,1021,41044,1214,42203,70,72,1298,25330,993,28988,1368,54318,California
San Luis Obispo,2021-03-06,841,84160,312,41356,421,42624,108,180,618,25827,223,29211,720,55038,California
San Luis Obispo,2021-03-07,203,84363,34,41390,85,42709,84,264,74,25857,128,29339,158,55196,California
San Luis Obispo,2021-03-08,2737,87100,758,42148,1661,44370,318,582,1541,26525,1191,30530,1859,57055,California
San Luis Obispo,2021-03-09,2964,90064,974,43122,1742,46112,248,830,1532,26878,1428,31958,1781,58836,California
San Luis Obispo,2021-03-10,3198,93262,1241,44363,1675,47787,282,1112,1815,27596,1379,33337,2097,60933,California
San Luis Obispo,2021-03-11,3351,96613,1322,45685,1706,49493,323,1435,1810,28201,1529,34866,2134,63067,California
San Luis Obispo,2021-03-12,3222,99835,1239,46924,1643,51136,340,1775,1624,28576,1591,36457,1966,65033,California
San Luis Obispo,2021-03-13,802,100637,262,47186,431,51567,109,1884,431,28746,370,36827,540,65573,California
San Luis Obispo,2021-03-14,516,101153,54,47240,351,51918,111,1995,134,28611,380,37207,245,65818,California
San Luis Obispo,2021-03-15,3071,104224,1104,48344,1866,53784,101,2096,1531,28709,1537,38744,1635,67453,California
San Luis Obispo,2021-03-16,2860,107084,1511,49855,1239,55023,110,2206,1441,28847,1412,40156,1550,69003,California
San Luis Obispo,2021-03-17,3459,110543,1449,51304,1748,56771,262,2468,2008,29677,1439,41595,2269,71272,California
San Luis Obispo,2021-03-18,2826,113369,1449,52753,1163,57934,214,2682,1351,29773,1468,43063,1564,72836,California
San Luis Obispo,2021-03-19,2600,115969,1573,54326,705,58639,322,3004,964,29434,1627,44690,1288,74124,California
San Luis Obispo,2021-03-20,840,116809,501,54827,302,58941,37,3041,385,29402,454,45144,422,74546,California
San Luis Obispo,2021-03-21,189,116998,45,54872,140,59081,4,3045,159,29535,29,45173,162,74708,California
San Luis Obispo,2021-03-22,2764,119762,1174,56046,1542,60623,48,3093,1930,30683,830,46003,1978,76686,California
San Luis Obispo,2021-03-23,3348,123110,2227,58273,1092,61715,29,3122,2226,31821,1117,47120,2255,78941,California
San Luis Obispo,2021-03-24,3571,126681,2186,60459,1300,63015,85,3207,2661,33662,904,48024,2745,81686,California
San Luis Obispo,2021-03-25,3707,130388,2325,62784,1370,64385,12,3219,2654,35279,1048,49072,2665,84351,California
San Luis Obispo,2021-03-26,3256,133644,1802,64586,1021,65406,433,3652,1823,36107,1428,50500,2256,86607,California
San Luis Obispo,2021-03-27,996,134640,508,65094,397,65803,91,3743,452,36108,542,51042,543,87150,California
San Luis Obispo,2021-03-28,449,135089,155,65249,238,66041,56,3799,247,36210,201,51243,303,87453,California
San Luis Obispo,2021-03-29,2629,137718,1323,66572,1173,67214,133,3932,1680,37090,934,52177,1814,89267,California
San Luis Obispo,2021-03-30,3534,141252,1938,68510,1455,68669,141,4073,2344,38391,1183,53360,2484,91751,California
San Luis Obispo,2021-03-31,3893,145145,2476,70986,1269,69938,148,4221,2503,39662,1379,54739,2650,94401,California
San Luis Obispo,2021-04-01,3900,149045,2470,73456,1312,71250,118,4339,2720,41333,1165,55904,2836,97237,California
San Luis Obispo,2021-04-02,1759,150804,691,74147,753,72003,315,4654,955,41800,801,56705,1268,98505,California
San Luis Obispo,2021-04-03,1112,151916,556,74703,429,72432,127,4781,494,41807,614,57319,621,99126,California
San Luis Obispo,2021-04-04,388,152304,134,74837,214,72646,40,4821,240,41939,148,57467,280,99406,California
San Luis Obispo,2021-04-05,3615,155919,1940,76777,1562,74208,113,4934,2014,42468,1597,59064,2126,101532,California
San Luis Obispo,2021-04-06,4165,160084,2202,78979,1639,75847,324,5258,1978,42593,2178,61242,2303,103835,California
San Luis Obispo,2021-04-07,4288,164372,2345,81324,1576,77423,367,5625,2452,43588,1821,63063,2816,106651,California
San Luis Obispo,2021-04-08,4001,168373,2195,83519,1398,78821,408,6033,2139,44282,1853,64916,2547,109198,California
San Luis Obispo,2021-04-09,3688,172061,1754,85273,1173,79994,761,6794,1506,44373,2170,67086,2261,111459,California
San Luis Obispo,2021-04-10,1597,173658,570,85843,358,80352,669,7463,500,44442,1096,68182,1165,112624,California
San Luis Obispo,2021-04-11,317,173975,64,85907,186,80538,67,7530,126,44446,189,68371,193,112817,California
San Luis Obispo,2021-04-12,3420,177395,1720,87627,1538,82076,162,7692,1419,44027,1999,70370,1580,114397,California
San Luis Obispo,2021-04-13,3704,181099,2146,89773,1557,83633,1,7693,1988,44305,1712,72082,1990,116387,California
San Luis Obispo,2021-04-14,3616,184715,2064,91837,1547,85180,5,7698,1768,44246,1831,73913,1772,118159,California
San Luis Obispo,2021-04-15,3791,188506,2469,94306,1321,86501,1,7699,2038,44555,1732,75645,2041,120200,California
San Luis Obispo,2021-04-16,3685,192191,2248,96554,1433,87934,4,7703,1779,44439,1897,77542,1781,121981,California
San Luis Obispo,2021-04-17,1095,193286,433,96987,660,88594,2,7705,711,44769,383,77925,713,122694,California
San Luis Obispo,2021-04-18,328,193614,104,97091,223,88817,1,7706,115,44675,209,78134,115,122809,California
San Luis Obispo,2021-04-19,3212,196826,1354,98445,1820,90637,38,7744,1102,43712,2104,80238,1141,123950,California
San Luis Obispo,2021-04-20,3660,200486,2033,100478,1627,92264,0,7744,1349,42761,2300,82538,1349,125299,California
San Luis Obispo,2021-04-21,4003,204489,1845,102323,2158,94422,0,7744,1603,41988,2379,84917,1606,126905,California
San Luis Obispo,2021-04-22,4615,209104,2075,104398,2540,96962,0,7744,1428,40250,3168,88085,1430,128335,California
San Luis Obispo,2021-04-23,1435,210539,834,105232,597,97559,4,7748,717,40258,714,88799,722,129057,California
San Luis Obispo,2021-04-24,1083,211622,439,105671,625,98184,19,7767,509,40205,581,89380,528,129585,California
San Luis Obispo,2021-04-25,349,211971,163,105834,186,98370,0,7767,112,40083,234,89614,112,129697,California
San Luis Obispo,2021-04-26,1085,213056,397,106231,670,99040,18,7785,398,39823,675,90289,415,130112,California
San Luis Obispo,2021-04-27,3923,216979,1990,108221,1854,100894,79,7864,1533,39052,2382,92671,1611,131723,California
San Luis Obispo,2021-04-28,3819,220798,2106,110327,1641,102535,72,7936,1347,38012,2460,95131,1420,133143,California
San Luis Obispo,2021-04-29,3718,224516,2127,112454,1524,104059,67,8003,1244,36868,2457,97588,1313,134456,California
San Luis Obispo,2021-04-30,2996,227512,1684,114138,1238,105297,74,8077,920,35802,2058,99646,992,135448,California
San Luis Obispo,2021-05-01,473,227985,164,114302,274,105571,35,8112,98,35563,371,100017,132,135580,California
San Luis Obispo,2021-05-02,172,228157,53,114355,99,105670,20,8132,43,35497,129,100146,63,135643,California
San Luis Obispo,2021-05-03,892,229049,287,114642,494,106164,111,8243,223,35162,667,100813,332,135975,California
San Luis Obispo,2021-05-04,2970,232019,1917,116559,982,107146,71,8314,874,34015,2089,102902,942,136917,California
San Luis Obispo,2021-05-05,2828,234847,1872,118431,890,108036,66,8380,676,32619,2140,105042,744,137661,California
San Luis Obispo,2021-05-06,2834,237681,1911,120342,859,108895,64,8444,719,31306,2097,107139,784,138445,California
San Luis Obispo,2021-05-07,2346,240027,1772,122114,506,109401,68,8512,598,30245,1728,108867,667,139112,California
San Luis Obispo,2021-05-08,570,240597,334,122448,212,109613,24,8536,192,30102,359,109226,216,139328,California
San Luis Obispo,2021-05-09,166,240763,43,122491,104,109717,19,8555,46,30048,119,109345,65,139393,California
San Luis Obispo,2021-05-10,726,241489,154,122645,520,110237,52,8607,154,29685,567,109912,204,139597,California
San Luis Obispo,2021-05-11,1188,242677,596,123241,517,110754,75,8682,360,29298,822,110734,435,140032,California
San Luis Obispo,2021-05-12,2454,245131,1609,124850,762,111516,83,8765,669,28282,1768,112502,752,140784,California
San Luis Obispo,2021-05-13,1184,246315,716,125566,406,111922,62,8827,488,28141,690,113192,549,141333,California
San Luis Obispo,2021-05-14,2246,248561,1641,127207,553,112475,52,8879,920,27804,1308,114500,971,142304,California
San Luis Obispo,2021-05-15,989,249550,456,127663,499,112974,34,8913,464,27781,522,115022,499,142803,California
San Luis Obispo,2021-05-16,309,249859,165,127828,138,113112,6,8919,175,27829,133,115155,181,142984,California
San Luis Obispo,2021-05-17,1686,251545,976,128804,650,113762,60,8979,667,27546,1010,116165,727,143711,California
San Luis Obispo,2021-05-18,1894,253439,1160,129964,702,114464,32,9011,717,27125,1171,117336,750,144461,California
San Luis Obispo,2021-05-19,1451,254890,626,130590,762,115226,63,9074,400,26542,1045,118381,462,144923,California
San Luis Obispo,2021-05-20,1137,256027,498,131088,602,115828,37,9111,339,26131,787,119168,376,145299,California
San Luis Obispo,2021-05-21,1081,257108,573,131661,467,116295,41,9152,500,26101,571,119739,541,145840,California
San Luis Obispo,2021-05-22,682,257790,325,131986,334,116629,23,9175,339,26127,336,120075,362,146202,California
San Luis Obispo,2021-05-23,146,257936,68,132054,72,116701,6,9181,51,26090,94,120169,57,146259,California
San Luis Obispo,2021-05-24,560,258496,262,132316,264,116965,34,9215,198,25962,360,120529,232,146491,California
San Luis Obispo,2021-05-25,871,259367,429,132745,415,117380,27,9242,344,25814,519,121048,371,146862,California
San Luis Obispo,2021-05-26,2145,261512,995,133740,1095,118475,55,9297,666,25062,1472,122520,720,147582,California
San Luis Obispo,2021-05-27,1867,263379,666,134406,1169,119644,32,9329,490,24211,1372,123892,521,148103,California
San Luis Obispo,2021-05-28,896,264275,463,134869,412,120056,21,9350,475,24290,419,124311,498,148601,California
San Luis Obispo,2021-05-29,377,264652,153,135022,213,120269,11,9361,208,24348,168,124479,226,148827,California
San Luis Obispo,2021-05-30,89,264741,36,135058,45,120314,8,9369,34,24335,54,124533,41,148868,California
San Luis Obispo,2021-05-31,41,264782,5,135063,23,120337,13,9382,16,24339,24,124557,28,148896,California
San Luis Obispo,2021-06-01,746,265528,325,135388,391,120728,30,9412,265,24157,477,125034,295,149191,California
San Luis Obispo,2021-06-02,631,266159,288,135676,303,121031,40,9452,184,23939,441,125475,223,149414,California
San Luis Obispo,2021-06-03,915,267074,454,136130,430,121461,31,9483,251,23562,661,126136,284,149698,California
San Luis Obispo,2021-06-04,2464,269538,1521,137651,903,122364,40,9523,698,22547,1753,127889,738,150436,California
San Luis Obispo,2021-06-05,662,270200,288,137939,353,122717,21,9544,317,22547,344,128233,344,150780,California
San Luis Obispo,2021-06-06,185,270385,132,138071,44,122761,9,9553,46,22463,139,128372,55,150835,California
San Luis Obispo,2021-06-07,546,270931,359,138430,149,122910,38,9591,155,22268,389,128761,194,151029,California
San Luis Obispo,2021-06-08,782,271713,525,138955,216,123126,41,9632,243,22018,535,129296,285,151314,California
San Luis Obispo,2021-06-09,622,272335,354,139309,237,123363,31,9663,185,21799,435,129731,216,151530,California
San Luis Obispo,2021-06-10,757,273092,365,139674,353,123716,39,9702,223,21533,532,130263,266,151796,California
San Luis Obispo,2021-06-11,924,274016,541,140215,347,124063,36,9738,339,21332,581,130844,380,152176,California
San Luis Obispo,2021-06-12,394,274410,270,140485,121,124184,3,9741,168,21280,225,131069,173,152349,California
San Luis Obispo,2021-06-13,159,274569,91,140576,65,124249,3,9744,42,21208,117,131186,45,152394,California
San Luis Obispo,2021-06-14,455,275024,298,140874,126,124375,31,9775,129,21044,323,131509,159,152553,California
San Luis Obispo,2021-06-15,638,275662,397,141271,203,124578,38,9813,236,20920,398,131907,274,152827,California
San Luis Obispo,2021-06-16,604,276266,361,141632,212,124790,31,9844,176,20708,421,132328,209,153036,California
San Luis Obispo,2021-06-17,598,276864,341,141973,231,125021,26,9870,197,20533,400,132728,225,153261,California
San Luis Obispo,2021-06-18,772,277636,505,142478,221,125242,46,9916,272,20356,496,133224,319,153580,California
San Luis Obispo,2021-06-19,266,277902,151,142629,101,125343,14,9930,100,20307,164,133388,115,153695,California
San Luis Obispo,2021-06-20,109,278011,72,142701,29,125372,8,9938,44,20295,64,133452,52,153747,California
San Luis Obispo,2021-06-21,350,278361,221,142922,103,125475,26,9964,156,20285,192,133644,182,153929,California
San Luis Obispo,2021-06-22,611,278972,360,143282,221,125696,30,9994,273,20252,336,133980,303,154232,California
San Luis Obispo,2021-06-23,480,279452,266,143548,193,125889,21,10015,227,20247,253,134233,248,154480,California
San Luis Obispo,2021-06-24,462,279914,262,143810,174,126063,26,10041,202,20219,256,134489,228,154708,California
San Luis Obispo,2021-06-25,266,280180,85,143895,174,126237,7,10048,90,20144,173,134662,98,154806,California
San Mateo,2020-12-15,27,27,27,27,0,0,0,0,27,27,0,0,27,27,California
San Mateo,2020-12-16,112,139,112,139,0,0,0,0,112,139,0,0,112,139,California
San Mateo,2020-12-17,174,313,174,313,0,0,0,0,174,313,0,0,174,313,California
San Mateo,2020-12-18,775,1088,773,1086,2,2,0,0,775,1088,0,0,775,1088,California
San Mateo,2020-12-19,519,1607,519,1605,0,2,0,0,519,1607,0,0,519,1607,California
San Mateo,2020-12-20,507,2114,506,2111,1,3,0,0,507,2114,0,0,507,2114,California
San Mateo,2020-12-21,1147,3261,1146,3257,1,4,0,0,1147,3261,0,0,1147,3261,California
San Mateo,2020-12-22,1517,4778,1509,4766,8,12,0,0,1515,4774,2,2,1515,4776,California
San Mateo,2020-12-23,1571,6349,1380,6146,191,203,0,0,1571,6345,0,2,1571,6347,California
San Mateo,2020-12-24,869,7218,611,6757,258,461,0,0,869,7214,0,2,869,7216,California
San Mateo,2020-12-25,114,7332,110,6867,4,465,0,0,114,7328,0,2,114,7330,California
San Mateo,2020-12-26,563,7895,418,7285,145,610,0,0,563,7891,0,2,563,7893,California
San Mateo,2020-12-27,304,8199,173,7458,131,741,0,0,304,8195,0,2,304,8197,California
San Mateo,2020-12-28,1060,9259,710,8168,350,1091,0,0,1060,9255,0,2,1060,9257,California
San Mateo,2020-12-29,1139,10398,715,8883,424,1515,0,0,1139,10394,0,2,1139,10396,California
San Mateo,2020-12-30,1269,11667,764,9647,505,2020,0,0,1269,11663,0,2,1269,11665,California
San Mateo,2020-12-31,713,12380,230,9877,483,2503,0,0,712,12374,1,3,712,12377,California
San Mateo,2021-01-01,114,12494,78,9955,36,2539,0,0,114,12488,0,3,114,12491,California
San Mateo,2021-01-02,403,12897,273,10228,130,2669,0,0,403,12891,0,3,403,12894,California
San Mateo,2021-01-03,284,13181,209,10437,75,2744,0,0,281,13169,3,6,281,13175,California
San Mateo,2021-01-04,1053,14234,680,11117,373,3117,0,0,1053,14222,0,6,1053,14228,California
San Mateo,2021-01-05,1216,15450,715,11832,501,3618,0,0,1183,15373,33,39,1184,15412,California
San Mateo,2021-01-06,1462,16912,960,12792,502,4120,0,0,1267,16449,192,231,1268,16680,California
San Mateo,2021-01-07,1464,18376,817,13609,647,4767,0,0,1153,17298,304,535,1153,17833,California
San Mateo,2021-01-08,1856,20232,1201,14810,655,5422,0,0,1141,17731,708,1243,1141,18974,California
San Mateo,2021-01-09,1183,21415,782,15592,401,5823,0,0,719,17986,464,1707,719,19693,California
San Mateo,2021-01-10,709,22124,579,16171,130,5953,0,0,268,17813,441,2148,268,19961,California
San Mateo,2021-01-11,2615,24739,1508,17679,1107,7060,0,0,1536,18274,1077,3225,1538,21499,California
San Mateo,2021-01-12,3455,28194,1939,19618,1516,8576,0,0,2231,19295,1215,4440,2236,23735,California
San Mateo,2021-01-13,3420,31614,1673,21291,1747,10323,0,0,2369,20615,1051,5491,2371,26106,California
San Mateo,2021-01-14,3801,35415,1609,22900,2192,12515,0,0,3099,23017,702,6193,3104,29210,California
San Mateo,2021-01-15,4354,39769,1738,24638,2616,15131,0,0,3803,26274,548,6741,3805,33015,California
San Mateo,2021-01-16,3089,42858,771,25409,2318,17449,0,0,2758,28704,329,7070,2759,35774,California
San Mateo,2021-01-17,1315,44173,303,25712,1012,18461,0,0,1111,29611,204,7274,1111,36885,California
San Mateo,2021-01-18,1372,45545,543,26255,829,19290,0,0,991,30224,378,7652,991,37876,California
San Mateo,2021-01-19,2810,48355,1799,28054,1011,20301,0,0,2006,31429,801,8453,2006,39882,California
San Mateo,2021-01-20,2817,51172,1553,29607,1264,21565,0,0,1967,32550,847,9300,1968,41850,California
San Mateo,2021-01-21,2888,54060,1309,30916,1579,23144,0,0,2297,34261,589,9889,2300,44150,California
San Mateo,2021-01-22,2835,56895,1146,32062,1689,24833,0,0,2526,36483,305,10194,2527,46677,California
San Mateo,2021-01-23,2897,59792,1688,33750,1209,26042,0,0,2528,38643,369,10563,2529,49206,California
San Mateo,2021-01-24,1519,61311,376,34126,1143,27185,0,0,1208,39542,310,10873,1209,50415,California
San Mateo,2021-01-25,4434,65745,3152,37278,1282,28467,0,0,3526,42167,905,11778,3530,53945,California
San Mateo,2021-01-26,4352,70097,3007,40285,1345,29812,0,0,3417,44652,933,12711,3418,57363,California
San Mateo,2021-01-27,2833,72930,1479,41764,1354,31166,0,0,1822,45470,1005,13716,1823,59186,California
San Mateo,2021-01-28,2830,75760,1368,43132,1462,32628,0,0,1972,46599,843,14559,1972,61158,California
San Mateo,2021-01-29,3026,78786,1356,44488,1670,34298,0,0,2175,47927,849,15408,2177,63335,California
San Mateo,2021-01-30,3421,82207,1491,45979,1930,36228,0,0,2952,50413,467,15875,2953,66288,California
San Mateo,2021-01-31,1693,83900,900,46879,793,37021,0,0,1529,51780,162,16037,1529,67817,California
San Mateo,2021-02-01,2966,86866,1370,48249,1596,38617,0,0,2235,53289,727,16764,2236,70053,California
San Mateo,2021-02-02,3254,90120,1750,49999,1504,40121,0,0,2210,54458,1041,17805,2210,72263,California
San Mateo,2021-02-03,5033,95153,2078,52077,2955,43076,0,0,3882,57193,1148,18953,3883,76146,California
San Mateo,2021-02-04,6251,101404,2510,54587,3741,46817,0,0,4967,60885,1279,20232,4971,81117,California
San Mateo,2021-02-05,6842,108246,2555,57142,4287,51104,0,0,5006,64073,1818,22050,5006,86123,California
San Mateo,2021-02-06,3287,111533,1913,59055,1374,52478,0,0,2629,66047,657,22707,2631,88754,California
San Mateo,2021-02-07,1901,113434,1343,60398,558,53036,0,0,1710,67566,191,22898,1710,90464,California
San Mateo,2021-02-08,5303,118737,2265,62663,3038,56074,0,0,3127,68582,2111,25009,3127,93591,California
San Mateo,2021-02-09,6195,124932,3215,65878,2980,59054,0,0,3335,69063,2854,27863,3335,96926,California
San Mateo,2021-02-10,6542,131474,3287,69165,3255,62309,0,0,3441,69416,3088,30951,3441,100367,California
San Mateo,2021-02-11,7108,138582,3601,72766,3507,65816,0,0,3816,69951,3283,34234,3818,104185,California
San Mateo,2021-02-12,6689,145271,2999,75765,3690,69506,0,0,4732,72732,1953,36187,4734,108919,California
San Mateo,2021-02-13,6142,151413,4029,79794,2113,71619,0,0,2648,71891,3489,39676,2648,111567,California
San Mateo,2021-02-14,4656,156069,3029,82823,1627,73246,0,0,1988,71218,2662,42338,1989,113556,California
San Mateo,2021-02-15,3179,159248,1461,84284,1718,74964,0,0,1795,71636,1378,43716,1796,115352,California
San Mateo,2021-02-16,7191,166439,1904,86188,5287,80251,0,0,5294,75038,1894,45610,5296,120648,California
San Mateo,2021-02-17,7116,173555,1985,88173,5131,85382,0,0,5051,78031,2059,47669,5052,125700,California
San Mateo,2021-02-18,6729,180284,4631,92804,2098,87480,0,0,4459,80227,2266,49935,4462,130162,California
San Mateo,2021-02-19,7868,188152,5623,98427,2245,89725,0,0,5823,84013,2037,51972,5823,135985,California
San Mateo,2021-02-20,3807,191959,2462,100889,1345,91070,0,0,2343,84901,1456,53428,2344,138329,California
San Mateo,2021-02-21,2674,194633,1808,102697,866,91936,0,0,1592,85419,1075,54503,1593,139922,California
San Mateo,2021-02-22,4499,199132,3261,105958,1238,93174,0,0,2833,86593,1660,56163,2834,142756,California
San Mateo,2021-02-23,4418,203550,3158,109116,1260,94434,0,0,2575,87334,1834,57997,2575,145331,California
San Mateo,2021-02-24,7388,210938,3328,112444,4060,98494,0,0,4898,89752,2481,60478,4899,150230,California
San Mateo,2021-02-25,9317,220255,4149,116593,5168,103662,0,0,6142,92737,3158,63636,6143,156373,California
San Mateo,2021-02-26,10074,230329,3891,120484,6183,109845,0,0,6976,96634,3083,66719,6980,163353,California
San Mateo,2021-02-27,6909,237238,3568,124052,3340,113185,1,1,3762,97263,3140,69859,3769,167122,California
San Mateo,2021-02-28,4466,241704,2756,126808,1710,114895,0,1,2683,98172,1775,71634,2684,169806,California
San Mateo,2021-03-01,6051,247755,3813,130621,2234,117129,4,5,2991,98124,3045,74679,2997,172803,California
San Mateo,2021-03-02,6291,254046,4466,135087,1824,118953,1,6,3618,99079,2665,77344,3620,176423,California
San Mateo,2021-03-03,8548,262594,4039,139126,4507,123460,2,8,3706,97958,4829,82173,3708,180131,California
San Mateo,2021-03-04,8574,271168,4021,143147,4549,128009,4,12,3876,97164,4676,86849,3882,184013,California
San Mateo,2021-03-05,9401,280569,6259,149406,3138,131147,4,16,6587,100966,2792,89641,6594,190607,California
San Mateo,2021-03-06,7999,288568,5567,154973,2256,133403,176,192,5863,104881,2124,91765,6039,196646,California
San Mateo,2021-03-07,3631,292199,2456,157429,1104,134507,71,263,2140,105607,1487,93252,2213,198859,California
San Mateo,2021-03-08,4556,296755,2576,160005,1760,136267,220,483,3329,107934,1220,94472,3547,202406,California
San Mateo,2021-03-09,5353,302108,2871,162876,2206,138473,276,759,3729,110323,1612,96084,4001,206407,California
San Mateo,2021-03-10,7280,309388,2956,165832,4038,142511,286,1045,4838,113019,2426,98510,5122,211529,California
San Mateo,2021-03-11,9197,318585,5765,171597,3039,145550,393,1438,3736,111716,5428,103938,4125,215654,California
San Mateo,2021-03-12,10654,329239,6708,178305,3558,149108,388,1826,3597,108664,7036,110974,3984,219638,California
San Mateo,2021-03-13,8254,337493,3535,181840,3084,152192,1635,3461,3982,110015,4256,115230,5607,225245,California
San Mateo,2021-03-14,5033,342526,3397,185237,1527,153719,109,3570,2659,110417,2366,117596,2768,228013,California
San Mateo,2021-03-15,7245,349771,4677,189914,2389,156108,179,3749,3803,110965,3435,121031,3983,231996,California
San Mateo,2021-03-16,12029,361800,4436,194350,7468,163576,125,3874,4842,108768,7167,128198,4970,236966,California
San Mateo,2021-03-17,10986,372786,4481,198831,6359,169935,146,4020,4967,107893,5990,134188,5115,242081,California
San Mateo,2021-03-18,7420,380206,4162,202993,3067,173002,191,4211,4411,109492,3001,137189,4600,246681,California
San Mateo,2021-03-19,7603,387809,4908,207901,2022,175024,673,4884,3654,109881,3938,141127,4327,251008,California
San Mateo,2021-03-20,8422,396231,6555,214456,1532,176556,335,5219,5370,112553,3033,144160,5705,256713,California
San Mateo,2021-03-21,4289,400520,3250,217706,806,177362,233,5452,2294,113093,1984,146144,2524,259237,California
San Mateo,2021-03-22,5392,405912,3674,221380,1293,178655,425,5877,2846,113832,2531,148675,3270,262507,California
San Mateo,2021-03-23,9964,415876,4590,225970,5175,183830,199,6076,4498,113095,5434,154109,4697,267204,California
San Mateo,2021-03-24,9602,425478,5549,231519,3907,187737,146,6222,4111,111934,5415,159524,4254,271458,California
San Mateo,2021-03-25,10203,435681,5017,236536,4917,192654,269,6491,4456,111020,5642,165166,4728,276186,California
San Mateo,2021-03-26,11350,447031,7794,244330,3388,196042,168,6659,4334,108550,6973,172139,4503,280689,California
San Mateo,2021-03-27,10608,457639,8111,252441,2386,198428,111,6770,4672,107415,5917,178056,4782,285471,California
San Mateo,2021-03-28,4301,461940,2783,255224,1405,199833,113,6883,1994,107230,2297,180353,2112,287583,California
San Mateo,2021-03-29,6119,468059,3795,259019,2068,201901,256,7139,2740,106866,3360,183713,2996,290579,California
San Mateo,2021-03-30,7216,475275,4105,263124,2957,204858,154,7293,3884,107587,3317,187030,4038,294617,California
San Mateo,2021-03-31,7369,482644,4650,267774,2577,207435,142,7435,3873,108124,3478,190508,4015,298632,California
San Mateo,2021-04-01,10702,493346,5282,273056,4202,211637,1218,8653,5736,110159,4915,195423,6950,305582,California
San Mateo,2021-04-02,10973,504319,5243,278299,4130,215767,1600,10253,5769,112339,5180,200603,7360,312942,California
San Mateo,2021-04-03,10036,514355,5785,284084,2477,218244,1774,12027,5119,114323,4907,205510,6891,319833,California
San Mateo,2021-04-04,5472,519827,2636,286720,1578,219822,1258,13285,1708,113538,3748,209258,2963,322796,California
San Mateo,2021-04-05,9068,528895,4827,291547,2496,222318,1745,15030,3877,113983,5173,214431,5618,328414,California
San Mateo,2021-04-06,13286,542181,8295,299842,3131,225449,1860,16890,7568,117713,5702,220133,9432,337846,California
San Mateo,2021-04-07,11528,553709,5347,305189,4482,229931,1699,18589,4892,117681,6615,226748,6583,344429,California
San Mateo,2021-04-08,10273,563982,5118,310307,2538,232469,2617,21206,4547,119124,5706,232454,7149,351578,California
San Mateo,2021-04-09,11453,575435,5582,315889,3370,235839,2501,23707,5133,120433,6316,238770,7625,359203,California
San Mateo,2021-04-10,11315,586750,5756,321645,4112,239951,1447,25154,4679,119948,6604,245374,6119,365322,California
San Mateo,2021-04-11,6657,593407,3308,324953,879,240830,2470,27624,2316,120395,4334,249708,4781,370103,California
San Mateo,2021-04-12,7435,600842,4532,329485,1923,242753,980,28604,3579,121115,3834,253542,4554,374657,California
San Mateo,2021-04-13,8302,609144,5166,334651,3125,245878,11,28615,4385,121609,3904,257446,4398,379055,California
San Mateo,2021-04-14,8440,617584,5442,340093,2997,248875,1,28616,4311,121819,4110,261556,4320,383375,California
San Mateo,2021-04-15,11302,628886,7496,347589,3804,252679,2,28618,7358,125264,3917,265473,7362,390737,California
San Mateo,2021-04-16,10156,639042,6970,354559,3170,255849,16,28634,6417,127988,3715,269188,6439,397176,California
San Mateo,2021-04-17,9864,648906,6566,361125,3296,259145,2,28636,6236,130618,3615,272803,6245,403421,California
San Mateo,2021-04-18,5739,654645,2870,363995,2869,262014,0,28636,3854,132608,1870,274673,3860,407281,California
San Mateo,2021-04-19,8524,663169,5543,369538,2981,264995,0,28636,5529,135170,2979,277652,5541,412822,California
San Mateo,2021-04-20,10843,674012,6208,375746,4634,269629,1,28637,6936,138236,3882,281534,6948,419770,California
San Mateo,2021-04-21,9891,683903,6872,382618,3017,272646,2,28639,6125,140625,3744,285278,6133,425903,California
San Mateo,2021-04-22,10166,694069,6911,389529,3254,275900,1,28640,5679,141859,4451,289729,5685,431588,California
San Mateo,2021-04-23,10000,704069,6706,396235,3294,279194,0,28640,5611,143128,4360,294089,5629,437217,California
San Mateo,2021-04-24,11301,715370,8053,404288,3248,282442,0,28640,5820,143500,5458,299547,5830,443047,California
San Mateo,2021-04-25,5560,720930,3880,408168,1678,284120,2,28642,3953,145877,1591,301138,3968,447015,California
San Mateo,2021-04-26,6902,727832,5009,413177,1885,286005,8,28650,3998,147005,2890,304028,4018,451033,California
San Mateo,2021-04-27,11618,739450,8207,421384,3256,289261,155,28805,4761,145108,6823,310851,4926,455959,California
San Mateo,2021-04-28,8206,747656,4775,426159,3226,292487,205,29010,4375,145880,3815,314666,4587,460546,California
San Mateo,2021-04-29,8448,756104,4076,430235,4199,296686,173,29183,3830,145311,4589,319255,4020,464566,California
San Mateo,2021-04-30,8329,764433,5241,435476,2934,299620,154,29337,3545,144274,4755,324010,3718,468284,California
San Mateo,2021-05-01,6206,770639,4149,439625,1939,301559,118,29455,2683,143583,3505,327515,2814,471098,California
San Mateo,2021-05-02,3193,773832,1752,441377,1371,302930,70,29525,1153,142780,2031,329546,1228,472326,California
San Mateo,2021-05-03,6092,779924,4540,445917,1407,304337,145,29670,1852,140549,4229,333775,1998,474324,California
San Mateo,2021-05-04,7687,787611,5307,451224,2208,306545,172,29842,2547,138162,5125,338900,2738,477062,California
San Mateo,2021-05-05,7180,794791,4763,455987,2258,308803,159,30001,2456,136086,4694,343594,2618,479680,California
San Mateo,2021-05-06,8625,803416,6741,462728,1709,310512,175,30176,1760,131180,6845,350439,1939,481619,California
San Mateo,2021-05-07,8240,811656,5889,468617,2066,312578,285,30461,1837,126937,6378,356817,2135,483754,California
San Mateo,2021-05-08,6677,818333,4051,472668,2387,314965,239,30700,1837,124190,4827,361644,2080,485834,California
San Mateo,2021-05-09,3134,821467,2440,475108,620,315585,74,30774,930,123002,2193,363837,1005,486839,California
San Mateo,2021-05-10,4636,826103,3330,478438,1136,316721,170,30944,731,120017,3895,367732,910,487749,California
San Mateo,2021-05-11,6769,832872,5068,483506,1572,318293,129,31073,1611,116618,5142,372874,1743,489492,California
San Mateo,2021-05-12,6968,839840,5051,488557,1702,319995,215,31288,1379,112640,5575,378449,1597,491089,California
San Mateo,2021-05-13,9766,849606,7347,495904,2322,322317,97,31385,3419,109858,6312,384761,3530,494619,California
San Mateo,2021-05-14,8569,858175,6348,502252,2106,324423,115,31500,2575,106580,5974,390735,2696,497315,California
San Mateo,2021-05-15,10635,868810,8334,510586,2199,326622,102,31602,4704,105489,5918,396653,4827,502142,California
San Mateo,2021-05-16,7153,875963,5090,515676,1993,328615,70,31672,2173,102773,4960,401613,2244,504386,California
San Mateo,2021-05-17,7093,883056,5013,520689,1971,330586,109,31781,2052,99913,5025,406638,2165,506551,California
San Mateo,2021-05-18,8499,891555,5865,526554,2536,333122,98,31879,3024,97691,5350,411988,3128,509679,California
San Mateo,2021-05-19,7925,899480,5909,532463,1894,335016,122,32001,3555,97049,4323,416311,3681,513360,California
San Mateo,2021-05-20,5648,905128,3476,535939,2038,337054,134,32135,2164,95890,3459,419770,2300,515660,California
San Mateo,2021-05-21,7027,912155,4781,540720,2101,339155,145,32280,1872,92842,5134,424904,2086,517746,California
San Mateo,2021-05-22,6344,918499,4314,545034,1963,341118,67,32347,2620,91827,3705,428609,2690,520436,California
San Mateo,2021-05-23,2973,921472,1644,546678,1240,342358,89,32436,1142,91239,1819,430428,1231,521667,California
San Mateo,2021-05-24,3476,924948,2254,548932,1073,343431,149,32585,1116,90162,2340,432768,1263,522930,California
San Mateo,2021-05-25,4784,929732,3014,551946,1590,345021,180,32765,1574,88732,3188,435956,1758,524688,California
San Mateo,2021-05-26,5721,935453,3079,555025,2524,347545,118,32883,1780,86711,3919,439875,1898,526586,California
San Mateo,2021-05-27,3774,939227,2203,557228,1472,349017,99,32982,1198,85470,2551,442426,1310,527896,California
San Mateo,2021-05-28,3520,942747,2206,559434,1229,350246,85,33067,1310,84715,2170,444596,1415,529311,California
San Mateo,2021-05-29,3226,945973,2282,561716,893,351139,51,33118,1229,84101,1971,446567,1357,530668,California
San Mateo,2021-05-30,1627,947600,1098,562814,468,351607,61,33179,638,83826,980,447547,705,531373,California
San Mateo,2021-05-31,437,948037,274,563088,155,351762,8,33187,159,83717,276,447823,167,531540,California
San Mateo,2021-06-01,3338,951375,1973,565061,1269,353031,96,33283,953,82478,2372,450195,1133,532673,California
San Mateo,2021-06-02,2773,954148,1838,566899,857,353888,78,33361,1057,81954,1700,451895,1176,533849,California
San Mateo,2021-06-03,3816,957964,2998,569897,705,354593,113,33474,833,79936,2969,454864,951,534800,California
San Mateo,2021-06-04,4126,962090,3180,573077,851,355444,95,33569,1116,78148,2991,457855,1203,536003,California
San Mateo,2021-06-05,5145,967235,4495,577572,550,355994,100,33669,963,75063,4150,462005,1065,537068,California
San Mateo,2021-06-06,2498,969733,2060,579632,377,356371,61,33730,536,73717,1941,463946,595,537663,California
San Mateo,2021-06-07,3114,972847,2610,582242,424,356795,80,33810,780,72249,2327,466273,859,538522,California
San Mateo,2021-06-08,4073,976920,3444,585686,525,357320,104,33914,999,70316,3039,469312,1106,539628,California
San Mateo,2021-06-09,4142,981062,3568,589254,504,357824,70,33984,621,67498,3508,472820,690,540318,California
San Mateo,2021-06-10,2959,984021,2390,591644,453,358277,116,34100,756,66183,2187,475007,872,541190,California
San Mateo,2021-06-11,2847,986868,2285,593929,451,358728,111,34211,909,65277,1927,476934,1021,542211,California
San Mateo,2021-06-12,3145,990013,2804,596733,260,358988,81,34292,774,63777,2356,479290,856,543067,California
San Mateo,2021-06-13,1404,991417,1054,597787,287,359275,63,34355,361,63172,1029,480319,424,543491,California
San Mateo,2021-06-14,2423,993840,2095,599882,246,359521,82,34437,779,62421,1613,481932,862,544353,California
San Mateo,2021-06-15,2262,996102,1798,601680,345,359866,119,34556,687,61669,1557,483489,805,545158,California
San Mateo,2021-06-16,2436,998538,2025,603705,261,360127,150,34706,705,60832,1688,485177,851,546009,California
San Mateo,2021-06-17,1944,1000482,1606,605311,250,360377,88,34794,690,60407,1204,486381,779,546788,California
San Mateo,2021-06-18,2124,1002606,1786,607097,263,360640,75,34869,618,59609,1487,487868,689,547477,California
San Mateo,2021-06-19,1779,1004385,1561,608658,159,360799,59,34928,590,59140,1117,488985,648,548125,California
San Mateo,2021-06-20,769,1005154,698,609356,60,360859,11,34939,288,58992,447,489432,299,548424,California
San Mateo,2021-06-21,1225,1006379,917,610273,239,361098,69,35008,597,59038,622,490054,668,549092,California
San Mateo,2021-06-22,1570,1007949,1273,611546,208,361306,89,35097,591,58755,962,491016,679,549771,California
San Mateo,2021-06-23,1832,1009781,1561,613107,175,361481,96,35193,619,58290,1180,492196,715,550486,California
San Mateo,2021-06-24,1342,1011123,1014,614121,232,361713,96,35289,474,58004,853,493049,567,551053,California
San Mateo,2021-06-25,1047,1012170,899,615020,92,361805,56,35345,344,57705,699,493748,400,551453,California
Santa Barbara,2020-12-15,2,2,2,2,0,0,0,0,2,2,0,0,2,2,California
Santa Barbara,2020-12-16,2,4,2,4,0,0,0,0,2,4,0,0,2,4,California
Santa Barbara,2020-12-17,56,60,56,60,0,0,0,0,56,60,0,0,56,60,California
Santa Barbara,2020-12-18,382,442,381,441,1,1,0,0,382,442,0,0,382,442,California
Santa Barbara,2020-12-19,325,767,325,766,0,1,0,0,325,767,0,0,325,767,California
Santa Barbara,2020-12-20,236,1003,236,1002,0,1,0,0,236,1003,0,0,236,1003,California
Santa Barbara,2020-12-21,656,1659,654,1656,2,3,0,0,656,1659,0,0,656,1659,California
Santa Barbara,2020-12-22,247,1906,245,1901,2,5,0,0,247,1906,0,0,247,1906,California
Santa Barbara,2020-12-23,325,2231,207,2108,118,123,0,0,325,2231,0,0,325,2231,California
Santa Barbara,2020-12-24,88,2319,40,2148,48,171,0,0,88,2319,0,0,88,2319,California
Santa Barbara,2020-12-26,326,2645,66,2214,260,431,0,0,326,2645,0,0,326,2645,California
Santa Barbara,2020-12-27,62,2707,1,2215,61,492,0,0,62,2707,0,0,62,2707,California
Santa Barbara,2020-12-28,357,3064,224,2439,133,625,0,0,357,3064,0,0,357,3064,California
Santa Barbara,2020-12-29,561,3625,358,2797,203,828,0,0,561,3625,0,0,561,3625,California
Santa Barbara,2020-12-30,582,4207,399,3196,183,1011,0,0,582,4207,0,0,582,4207,California
Santa Barbara,2020-12-31,242,4449,114,3310,128,1139,0,0,242,4449,0,0,242,4449,California
Santa Barbara,2021-01-01,117,4566,111,3421,6,1145,0,0,117,4566,0,0,117,4566,California
Santa Barbara,2021-01-02,598,5164,232,3653,366,1511,0,0,598,5164,0,0,598,5164,California
Santa Barbara,2021-01-03,23,5187,15,3668,8,1519,0,0,23,5187,0,0,23,5187,California
Santa Barbara,2021-01-04,306,5493,243,3911,63,1582,0,0,305,5492,0,0,305,5492,California
Santa Barbara,2021-01-05,756,6249,380,4291,376,1958,0,0,728,6192,28,28,728,6220,California
Santa Barbara,2021-01-06,658,6907,276,4567,382,2340,0,0,597,6729,60,88,597,6817,California
Santa Barbara,2021-01-07,1032,7939,709,5276,323,2663,0,0,528,6757,500,588,528,7345,California
Santa Barbara,2021-01-08,1208,9147,848,6124,360,3023,0,0,713,6975,495,1083,713,8058,California
Santa Barbara,2021-01-09,565,9712,293,6417,272,3295,0,0,319,7048,246,1329,319,8377,California
Santa Barbara,2021-01-10,64,9776,51,6468,13,3308,0,0,47,7078,17,1346,47,8424,California
Santa Barbara,2021-01-11,846,10622,677,7145,169,3477,0,0,618,7469,227,1573,618,9042,California
Santa Barbara,2021-01-12,1445,12067,648,7793,797,4274,0,0,1285,8594,160,1733,1285,10327,California
Santa Barbara,2021-01-13,1222,13289,270,8063,952,5226,0,0,1095,9562,127,1860,1095,11422,California
Santa Barbara,2021-01-14,1258,14547,139,8202,1119,6345,0,0,1201,10708,56,1916,1202,12624,California
Santa Barbara,2021-01-15,1804,16351,421,8623,1383,7728,0,0,1721,12348,81,1997,1721,14345,California
Santa Barbara,2021-01-16,1279,17630,203,8826,1076,8804,0,0,1239,13548,39,2036,1239,15584,California
Santa Barbara,2021-01-17,126,17756,23,8849,103,8907,0,0,123,13668,3,2039,123,15707,California
Santa Barbara,2021-01-18,1153,18909,419,9268,734,9641,0,0,968,14451,185,2224,968,16675,California
Santa Barbara,2021-01-19,1643,20552,570,9838,1073,10714,0,0,1363,15537,277,2501,1363,18038,California
Santa Barbara,2021-01-20,2118,22670,550,10388,1568,12282,0,0,1759,16938,358,2859,1759,19797,California
Santa Barbara,2021-01-21,3205,25875,1923,12311,1282,13564,0,0,3045,19824,160,3019,3046,22843,California
Santa Barbara,2021-01-22,2940,28815,1783,14094,1157,14721,0,0,2777,22442,160,3179,2778,25621,California
Santa Barbara,2021-01-23,1735,30550,1104,15198,631,15352,0,0,1219,23146,515,3694,1219,26840,California
Santa Barbara,2021-01-24,843,31393,750,15948,93,15445,0,0,833,23969,10,3704,833,27673,California
Santa Barbara,2021-01-25,1239,32632,492,16440,747,16192,0,0,1003,24736,236,3940,1003,28676,California
Santa Barbara,2021-01-26,2052,34684,466,16906,1586,17778,0,0,1667,26020,383,4323,1667,30343,California
Santa Barbara,2021-01-27,1173,35857,402,17308,771,18549,0,0,911,26672,261,4584,913,31256,California
Santa Barbara,2021-01-28,899,36756,296,17604,603,19152,0,0,683,27143,212,4796,683,31939,California
Santa Barbara,2021-01-29,1353,38109,532,18136,821,19973,0,0,988,27772,361,5157,990,32929,California
Santa Barbara,2021-01-30,1908,40017,1420,19556,488,20461,0,0,1490,28848,414,5571,1490,34419,California
Santa Barbara,2021-01-31,1453,41470,1213,20769,240,20701,0,0,1414,30223,39,5610,1414,35833,California
Santa Barbara,2021-02-01,955,42425,528,21297,427,21128,0,0,553,30375,401,6011,553,36386,California
Santa Barbara,2021-02-02,1811,44236,683,21980,1128,22256,0,0,1042,30650,767,6778,1042,37428,California
Santa Barbara,2021-02-03,1963,46199,1084,23064,879,23135,0,0,1514,31725,439,7217,1514,38942,California
Santa Barbara,2021-02-04,2802,49001,1875,24939,927,24062,0,0,2501,33931,295,7512,2501,41443,California
Santa Barbara,2021-02-05,2926,51927,2078,27017,848,24910,0,0,2281,35570,642,8154,2281,43724,California
Santa Barbara,2021-02-06,1201,53128,338,27355,863,25773,0,0,791,35951,410,8564,791,44515,California
Santa Barbara,2021-02-07,311,53439,268,27623,43,25816,0,0,272,36186,37,8601,272,44787,California
Santa Barbara,2021-02-08,955,54394,311,27934,644,26460,0,0,665,36561,290,8891,665,45452,California
Santa Barbara,2021-02-09,2449,56843,315,28249,2134,28594,0,0,1122,36366,1317,10208,1122,46574,California
Santa Barbara,2021-02-10,2779,59622,1503,29752,1276,29870,0,0,775,35150,1992,12200,776,47350,California
Santa Barbara,2021-02-11,4209,63831,2819,32571,1390,31260,0,0,633,32220,3563,15763,633,47983,California
Santa Barbara,2021-02-12,3319,67150,949,33520,2370,33630,0,0,774,30457,2539,18302,776,48759,California
Santa Barbara,2021-02-13,1243,68393,345,33865,898,34528,0,0,566,30348,675,18977,566,49325,California
Santa Barbara,2021-02-14,335,68728,37,33902,298,34826,0,0,288,30590,47,19024,289,49614,California
Santa Barbara,2021-02-15,979,69707,345,34247,634,35460,0,0,498,30611,478,19502,499,50113,California
Santa Barbara,2021-02-16,2122,71829,405,34652,1717,37177,0,0,725,29943,1393,20895,725,50838,California
Santa Barbara,2021-02-17,1448,73277,326,34978,1122,38299,0,0,522,29546,922,21817,525,51363,California
Santa Barbara,2021-02-18,3273,76550,2666,37644,607,38906,0,0,1527,29365,1709,23526,1528,52891,California
Santa Barbara,2021-02-19,3601,80151,2643,40287,958,39864,0,0,2327,30423,1270,24796,2328,55219,California
Santa Barbara,2021-02-20,2268,82419,1474,41761,794,40658,0,0,1707,31580,551,25347,1708,56927,California
Santa Barbara,2021-02-21,138,82557,109,41870,29,40687,0,0,62,31568,74,25421,62,56989,California
Santa Barbara,2021-02-22,941,83498,249,42119,692,41379,0,0,274,31177,665,26086,274,57263,California
Santa Barbara,2021-02-23,3192,86690,1047,43166,2145,43524,0,0,425,28840,2763,28849,426,57689,California
Santa Barbara,2021-02-24,3221,89911,1100,44266,2121,45645,0,0,725,27079,2486,31335,725,58414,California
Santa Barbara,2021-02-25,3467,93378,1924,46190,1543,47188,0,0,992,25608,2467,33802,996,59410,California
Santa Barbara,2021-02-26,3683,97061,2182,48372,1501,48689,0,0,1984,25904,1689,35491,1985,61395,California
Santa Barbara,2021-02-27,1544,98605,566,48938,978,49667,0,0,861,26091,679,36170,866,62261,California
Santa Barbara,2021-02-28,1088,99693,223,49161,865,50532,0,0,895,26801,187,36357,897,63158,California
Santa Barbara,2021-03-01,1669,101362,488,49649,1179,51711,2,2,1107,27366,545,36902,1110,64268,California
Santa Barbara,2021-03-02,2671,104033,426,50075,2245,53956,0,2,2165,29040,493,37395,2167,66435,California
Santa Barbara,2021-03-03,4653,108686,2108,52183,2543,56499,2,4,4050,32505,592,37987,4057,70492,California
Santa Barbara,2021-03-04,3444,112130,2292,54475,1152,57651,0,4,2876,34824,559,38546,2878,73370,California
Santa Barbara,2021-03-05,3832,115962,2173,56648,1600,59251,59,63,3100,37257,727,39273,3160,76530,California
Santa Barbara,2021-03-06,2442,118404,732,57380,1491,60742,219,282,1675,38386,762,40035,1891,78421,California
Santa Barbara,2021-03-07,566,118970,123,57503,311,61053,132,414,383,38720,182,40217,516,78937,California
Santa Barbara,2021-03-08,1586,120556,383,57886,860,61913,343,757,800,39084,779,40996,1143,80080,California
Santa Barbara,2021-03-09,2801,123357,347,58233,1685,63598,769,1526,743,38539,2055,43051,1510,81590,California
Santa Barbara,2021-03-10,2775,126132,555,58788,1167,64765,1053,2579,1045,38911,1725,44776,2097,83687,California
Santa Barbara,2021-03-11,5596,131728,3038,61826,1442,66207,1116,3695,2286,39011,3295,48071,3395,87082,California
Santa Barbara,2021-03-12,3707,135435,2112,63938,1161,67368,434,4129,2182,40107,1517,49588,2613,89695,California
Santa Barbara,2021-03-13,3503,138938,1940,65878,1356,68724,207,4336,2697,42208,803,50391,2904,92599,California
Santa Barbara,2021-03-14,813,139751,395,66273,361,69085,57,4393,488,42431,324,50715,547,93146,California
Santa Barbara,2021-03-15,2122,141873,700,66973,1131,70216,291,4684,1274,43153,841,51556,1563,94709,California
Santa Barbara,2021-03-16,3737,145610,1185,68158,2209,72425,343,5027,2741,45247,991,52547,3085,97794,California
Santa Barbara,2021-03-17,3328,148938,980,69138,1944,74369,404,5431,2334,46990,991,53538,2734,100528,California
Santa Barbara,2021-03-18,5240,154178,2802,71940,2236,76605,202,5633,4011,49990,1213,54751,4213,104741,California
Santa Barbara,2021-03-19,4458,158636,2777,74717,1347,77952,334,5967,3061,51991,1393,56144,3394,108135,California
Santa Barbara,2021-03-20,2193,160829,841,75558,1335,79287,17,5984,1337,52494,853,56997,1356,109491,California
Santa Barbara,2021-03-21,1172,162001,385,75943,757,80044,30,6014,842,53040,327,57324,873,110364,California
Santa Barbara,2021-03-22,2788,164789,1922,77865,822,80866,44,6058,2223,54752,556,57880,2268,112632,California
Santa Barbara,2021-03-23,4469,169258,2254,80119,2114,82980,101,6159,3694,57781,765,58645,3794,116426,California
Santa Barbara,2021-03-24,5431,174689,3157,83276,1520,84500,754,6913,2973,59070,2434,61079,3723,120149,California
Santa Barbara,2021-03-25,5568,180257,3274,86550,2100,86600,194,7107,2785,59284,2765,63844,2979,123128,California
Santa Barbara,2021-03-26,5100,185357,3230,89780,1572,88172,298,7405,2244,58988,2839,66683,2543,125671,California
Santa Barbara,2021-03-27,2962,188319,1225,91005,1694,89866,43,7448,1623,59317,1335,68018,1664,127335,California
Santa Barbara,2021-03-28,2787,191106,1659,92664,1100,90966,28,7476,1896,60355,887,68905,1925,129260,California
Santa Barbara,2021-03-29,4045,195151,2086,94750,1889,92855,70,7546,3225,62834,816,69721,3295,132555,California
Santa Barbara,2021-03-30,6803,201954,3511,98261,3141,95996,151,7697,4532,65258,2256,71977,4680,137235,California
Santa Barbara,2021-03-31,8685,210639,5528,103789,3090,99086,67,7764,5033,66728,3630,75607,5100,142335,California
Santa Barbara,2021-04-01,7060,217699,5214,109003,1585,100671,261,8025,4174,68299,2863,78470,4434,146769,California
Santa Barbara,2021-04-02,6658,224357,4562,113565,1501,102172,595,8620,3423,69089,3227,81697,4017,150786,California
Santa Barbara,2021-04-03,3816,228173,2111,115676,1634,103806,71,8691,2517,70383,1292,82989,2586,153372,California
Santa Barbara,2021-04-04,903,229076,445,116121,417,104223,41,8732,499,70521,402,83391,540,153912,California
Santa Barbara,2021-04-05,3478,232554,2298,118419,921,105144,259,8991,2174,71659,1295,84686,2433,156345,California
Santa Barbara,2021-04-06,5495,238049,2838,121257,2116,107260,541,9532,3360,73439,2119,86805,3899,160244,California
Santa Barbara,2021-04-07,6024,244073,3290,124547,2191,109451,543,10075,4085,76136,1930,88735,4627,164871,California
Santa Barbara,2021-04-08,7429,251502,5048,129595,651,110102,1730,11805,3428,77297,3993,92728,5154,170025,California
Santa Barbara,2021-04-09,7344,258846,4887,134482,1095,111197,1362,13167,3308,77934,4026,96754,4663,174688,California
Santa Barbara,2021-04-10,6721,265567,4657,139139,1446,112643,618,13785,4569,80977,2143,98897,5186,179874,California
Santa Barbara,2021-04-11,2682,268249,1967,141106,413,113056,302,14087,1857,82312,819,99716,2154,182028,California
Santa Barbara,2021-04-12,4431,272680,2849,143955,1026,114082,556,14643,1917,82278,2506,102222,2472,184500,California
Santa Barbara,2021-04-13,6388,279068,4190,148145,2192,116274,6,14649,2663,81226,3720,105942,2668,187168,California
Santa Barbara,2021-04-14,6813,285881,4423,152568,2388,118662,2,14651,4242,82911,2560,108502,4245,191413,California
Santa Barbara,2021-04-15,7019,292900,4113,156681,2905,121567,1,14652,3808,83522,3199,111701,3810,195223,California
Santa Barbara,2021-04-16,6432,299332,3778,160459,2643,124210,11,14663,4426,85972,1986,113687,4436,199659,California
Santa Barbara,2021-04-17,5367,304699,3887,164346,1480,125690,0,14663,4132,88884,1220,114907,4132,203791,California
Santa Barbara,2021-04-18,2197,306896,1535,165881,662,126352,0,14663,389,87472,1802,116709,390,204181,California
Santa Barbara,2021-04-19,3277,310173,2260,168141,1011,127363,6,14669,1044,86298,2225,118934,1051,205232,California
Santa Barbara,2021-04-20,5978,316151,4003,172144,1974,129337,1,14670,1693,83722,4269,123203,1693,206925,California
Santa Barbara,2021-04-21,5567,321718,3682,175826,1885,131222,0,14670,1783,81741,3766,126969,1785,208710,California
Santa Barbara,2021-04-22,5134,326852,2590,178416,2543,133765,1,14671,1476,79580,3640,130609,1479,210189,California
Santa Barbara,2021-04-23,5623,332475,3898,182314,1725,135490,0,14671,1990,77952,3618,134227,1990,212179,California
Santa Barbara,2021-04-24,4427,336902,2873,185187,1549,137039,5,14676,1634,76818,2774,137001,1640,213819,California
Santa Barbara,2021-04-25,1837,338739,1183,186370,654,137693,0,14676,498,75986,1330,138331,498,214317,California
Santa Barbara,2021-04-26,3257,341996,1990,188360,1246,138939,21,14697,562,73882,2688,141019,584,214901,California
Santa Barbara,2021-04-27,3985,345981,2191,190551,1692,140631,102,14799,1175,72359,2800,143819,1277,216178,California
Santa Barbara,2021-04-28,4930,350911,2877,193428,1937,142568,116,14915,1401,70368,3512,147331,1521,217699,California
Santa Barbara,2021-04-29,5276,356187,3818,197246,1231,143799,227,15142,1436,68207,3823,151154,1662,219361,California
Santa Barbara,2021-04-30,4961,361148,3706,200952,1091,144890,164,15306,1408,66243,3535,154689,1571,220932,California
Santa Barbara,2021-05-01,5249,366397,4056,205008,1159,146049,34,15340,891,62828,4342,159031,927,221859,California
Santa Barbara,2021-05-02,1134,367531,668,205676,338,146387,128,15468,307,62437,826,159857,435,222294,California
Santa Barbara,2021-05-03,2203,369734,1476,207152,589,146976,138,15606,441,61258,1755,161612,576,222870,California
Santa Barbara,2021-05-04,3318,373052,1692,208844,1554,148530,72,15678,1150,60325,2154,163766,1221,224091,California
Santa Barbara,2021-05-05,5453,378505,3684,212528,1622,150152,147,15825,633,56302,4806,168572,783,224874,California
Santa Barbara,2021-05-06,5044,383549,3903,216431,1037,151189,104,15929,962,53302,4066,172638,1066,225940,California
Santa Barbara,2021-05-07,4656,388205,3642,220073,834,152023,180,16109,997,50832,3644,176282,1174,227114,California
Santa Barbara,2021-05-08,4236,392441,3150,223223,988,153011,98,16207,885,48478,3338,179620,984,228098,California
Santa Barbara,2021-05-09,700,393141,110,223333,550,153561,40,16247,462,48744,237,179857,503,228601,California
Santa Barbara,2021-05-10,1327,394468,628,223961,615,154176,84,16331,363,48228,962,180819,446,229047,California
Santa Barbara,2021-05-11,1879,396347,788,224749,795,154971,296,16627,424,47499,1446,182265,717,229764,California
Santa Barbara,2021-05-12,2036,398383,740,225489,1072,156043,224,16851,505,46710,1519,183784,730,230494,California
Santa Barbara,2021-05-13,3892,402275,2789,228278,907,156950,196,17047,1236,45498,2644,186428,1432,231926,California
Santa Barbara,2021-05-14,4152,406427,2528,230806,1530,158480,94,17141,1616,44686,2521,188949,1709,233635,California
Santa Barbara,2021-05-15,3524,409951,2564,233370,941,159421,19,17160,1843,44880,1669,190618,1863,235498,California
Santa Barbara,2021-05-16,1069,411020,467,233837,487,159908,115,17275,469,44869,595,191213,584,236082,California
Santa Barbara,2021-05-17,1641,412661,935,234772,643,160551,63,17338,862,45020,773,191986,924,237006,California
Santa Barbara,2021-05-18,1843,414504,1159,235931,589,161140,95,17433,964,45217,863,192849,1060,238066,California
Santa Barbara,2021-05-19,1770,416274,975,236906,754,161894,41,17474,806,45108,955,193804,846,238912,California
Santa Barbara,2021-05-20,1728,418002,948,237854,661,162555,119,17593,866,45244,850,194654,986,239898,California
Santa Barbara,2021-05-21,3461,421463,2343,240197,1064,163619,54,17647,1258,44369,2188,196842,1313,241211,California
Santa Barbara,2021-05-22,2468,423931,1705,241902,719,164338,44,17691,1396,44745,1065,197907,1441,242652,California
Santa Barbara,2021-05-23,753,424684,330,242232,393,164731,30,17721,412,44847,340,198247,442,243094,California
Santa Barbara,2021-05-24,1008,425692,590,242822,355,165086,63,17784,485,44877,518,198765,548,243642,California
Santa Barbara,2021-05-25,1399,427091,568,243390,762,165848,69,17853,456,44465,937,199702,525,244167,California
Santa Barbara,2021-05-26,3011,430102,1709,245099,1180,167028,122,17975,838,43266,2158,201860,959,245126,California
Santa Barbara,2021-05-27,1950,432052,1209,246308,599,167627,142,18117,823,43112,1120,202980,966,246092,California
Santa Barbara,2021-05-28,1504,433556,697,247005,655,168282,152,18269,614,42991,887,203867,766,246858,California
Santa Barbara,2021-05-29,902,434458,318,247323,547,168829,37,18306,362,42862,537,204404,408,247266,California
Santa Barbara,2021-05-30,499,434957,179,247502,222,169051,98,18404,184,42832,313,204717,283,247549,California
Santa Barbara,2021-05-31,96,435053,43,247545,43,169094,10,18414,23,42792,72,204789,32,247581,California
Santa Barbara,2021-06-01,1128,436181,592,248137,477,169571,59,18473,437,42622,685,205474,515,248096,California
Santa Barbara,2021-06-02,983,437164,585,248722,315,169886,83,18556,427,42579,552,206026,509,248605,California
Santa Barbara,2021-06-03,2054,439218,1544,250266,453,170339,57,18613,613,41816,1435,207461,672,249277,California
Santa Barbara,2021-06-04,1457,440675,670,250936,647,170986,140,18753,487,41479,961,208422,624,249901,California
Santa Barbara,2021-06-05,2924,443599,2212,253148,660,171646,52,18805,494,39611,2419,210841,551,250452,California
Santa Barbara,2021-06-06,913,444512,482,253630,412,172058,19,18824,261,39242,649,211490,280,250732,California
Santa Barbara,2021-06-07,1164,445676,831,254461,282,172340,51,18875,297,38732,864,212354,354,251086,California
Santa Barbara,2021-06-08,1106,446782,714,255175,360,172700,32,18907,293,38250,807,213161,325,251411,California
Santa Barbara,2021-06-09,1018,447800,693,255868,240,172940,85,18992,314,37959,701,213862,410,251821,California
Santa Barbara,2021-06-10,2385,450185,2071,257939,243,173183,71,19063,523,36696,1859,215721,596,252417,California
Santa Barbara,2021-06-11,1309,451494,606,258545,599,173782,104,19167,392,36282,910,216631,496,252913,California
Santa Barbara,2021-06-12,891,452385,601,259146,267,174049,23,19190,238,35897,645,217276,260,253173,California
Santa Barbara,2021-06-13,483,452868,295,259441,91,174140,97,19287,126,35765,355,217631,223,253396,California
Santa Barbara,2021-06-14,1254,454122,856,260297,322,174462,76,19363,337,35271,909,218540,415,253811,California
Santa Barbara,2021-06-15,1133,455255,754,261051,344,174806,35,19398,396,34973,730,219270,432,254243,California
Santa Barbara,2021-06-16,931,456186,646,261697,238,175044,47,19445,353,34799,572,219842,398,254641,California
Santa Barbara,2021-06-17,1873,458059,1542,263239,242,175286,89,19534,622,34263,1247,221089,711,255352,California
Santa Barbara,2021-06-18,1101,459160,713,263952,289,175575,99,19633,361,33987,736,221825,460,255812,California
Santa Barbara,2021-06-19,540,459700,363,264315,145,175720,32,19665,250,33982,287,222112,282,256094,California
Santa Barbara,2021-06-20,370,460070,212,264527,148,175868,10,19675,153,33929,216,222328,163,256257,California
Santa Barbara,2021-06-21,527,460597,264,264791,210,176078,53,19728,274,34008,248,222576,327,256584,California
Santa Barbara,2021-06-22,752,461349,492,265283,229,176307,31,19759,294,33878,454,223030,324,256908,California
Santa Barbara,2021-06-23,777,462126,563,265846,182,176489,32,19791,333,33803,439,223469,364,257272,California
Santa Barbara,2021-06-24,1345,463471,1147,266993,144,176633,54,19845,581,33679,758,224227,634,257906,California
Santa Barbara,2021-06-25,516,463987,310,267303,162,176795,44,19889,228,33664,286,224513,271,258177,California
Santa Clara,2020-12-15,71,71,71,71,0,0,0,0,71,71,0,0,71,71,California
Santa Clara,2020-12-16,151,222,151,222,0,0,0,0,151,222,0,0,151,222,California
Santa Clara,2020-12-17,406,628,406,628,0,0,0,0,406,628,0,0,406,628,California
Santa Clara,2020-12-18,1754,2382,1754,2382,0,0,0,0,1754,2382,0,0,1754,2382,California
Santa Clara,2020-12-19,2074,4456,2074,4456,0,0,0,0,2073,4455,0,0,2073,4455,California
Santa Clara,2020-12-20,1900,6356,1899,6355,1,1,0,0,1897,6352,0,0,1897,6352,California
Santa Clara,2020-12-21,2678,9034,2678,9033,0,1,0,0,2676,9027,1,1,2676,9028,California
Santa Clara,2020-12-22,3124,12158,3117,12150,7,8,0,0,3119,12144,2,3,3119,12147,California
Santa Clara,2020-12-23,3272,15430,3083,15233,189,197,0,0,3269,15412,1,4,3269,15416,California
Santa Clara,2020-12-24,1888,17318,1697,16930,191,388,0,0,1882,17292,2,6,1882,17298,California
Santa Clara,2020-12-25,346,17664,345,17275,1,389,0,0,346,17638,0,6,346,17644,California
Santa Clara,2020-12-26,1273,18937,1038,18313,235,624,0,0,1272,18910,0,6,1272,18916,California
Santa Clara,2020-12-27,657,19594,514,18827,143,767,0,0,657,19567,0,6,657,19573,California
Santa Clara,2020-12-28,2350,21944,1741,20568,609,1376,0,0,2350,21917,0,6,2350,21923,California
Santa Clara,2020-12-29,2372,24316,1507,22075,865,2241,0,0,2370,24287,0,6,2370,24293,California
Santa Clara,2020-12-30,2997,27313,1896,23971,1101,3342,0,0,2994,27278,3,9,2994,27287,California
Santa Clara,2020-12-31,1232,28545,396,24367,836,4178,0,0,1231,28508,1,10,1231,28518,California
Santa Clara,2021-01-01,147,28692,13,24380,134,4312,0,0,146,28653,1,11,146,28664,California
Santa Clara,2021-01-02,1094,29786,820,25200,274,4586,0,0,1094,29747,0,11,1094,29758,California
Santa Clara,2021-01-03,588,30374,371,25571,217,4803,0,0,583,30327,3,14,583,30341,California
Santa Clara,2021-01-04,2483,32857,1680,27251,803,5606,0,0,2480,32807,0,14,2480,32821,California
Santa Clara,2021-01-05,3095,35952,2029,29280,1066,6672,0,0,2904,35527,190,204,2910,35731,California
Santa Clara,2021-01-06,3363,39315,1991,31271,1372,8044,0,0,2755,37681,603,807,2757,38488,California
Santa Clara,2021-01-07,4233,43548,2572,33843,1661,9705,0,0,3146,39757,1076,1883,3152,41640,California
Santa Clara,2021-01-08,5882,49430,3851,37694,2031,11736,0,0,3767,41417,2107,3990,3767,45407,California
Santa Clara,2021-01-09,3036,52466,1917,39611,1119,12855,0,0,1713,41813,1320,5310,1716,47123,California
Santa Clara,2021-01-10,1973,54439,1523,41134,450,13305,0,0,755,41352,1216,6526,755,47878,California
Santa Clara,2021-01-11,5992,60431,3786,44920,2206,15511,0,0,3399,42166,2590,9116,3404,51282,California
Santa Clara,2021-01-12,6909,67340,3504,48424,3405,18916,0,0,4569,44411,2325,11441,4570,55852,California
Santa Clara,2021-01-13,7473,74813,3139,51563,4334,23250,0,0,5219,47383,2250,13691,5222,61074,California
Santa Clara,2021-01-14,8310,83123,2866,54429,5444,28694,0,0,6509,52102,1792,15483,6511,67585,California
Santa Clara,2021-01-15,9562,92685,2768,57197,6794,35488,0,0,8161,58871,1397,16880,8166,75751,California
Santa Clara,2021-01-16,4354,97039,1255,58452,3099,38587,0,0,3496,61513,854,17734,3496,79247,California
Santa Clara,2021-01-17,3240,100279,615,59067,2625,41212,0,0,2731,63738,506,18240,2731,81978,California
Santa Clara,2021-01-18,5123,105402,1178,60245,3945,45157,0,0,4558,67732,565,18805,4559,86537,California
Santa Clara,2021-01-19,8518,113920,2701,62946,5817,50974,0,0,6819,72859,1695,20500,6822,93359,California
Santa Clara,2021-01-20,8157,122077,4157,67103,4000,54974,0,0,6599,77905,1553,22053,6599,99958,California
Santa Clara,2021-01-21,8784,130861,3817,70920,4967,59941,0,0,7560,84248,1219,23272,7562,107520,California
Santa Clara,2021-01-22,8683,139544,3259,74179,5424,65365,0,0,8104,91780,575,23847,8107,115627,California
Santa Clara,2021-01-23,3806,143350,1685,75864,2121,67486,0,0,2839,93653,967,24814,2840,118467,California
Santa Clara,2021-01-24,2849,146199,1429,77293,1420,68906,0,0,2355,95518,490,25304,2355,120822,California
Santa Clara,2021-01-25,8405,154604,3805,81098,4600,73506,0,0,6319,99761,2078,27382,6321,127143,California
Santa Clara,2021-01-26,8325,162929,3790,84888,4535,78041,0,0,6174,103797,2141,29523,6177,133320,California
Santa Clara,2021-01-27,8819,171748,3887,88775,4932,82973,0,0,6874,108748,1924,31447,6875,140195,California
Santa Clara,2021-01-28,9542,181290,3827,92602,5715,88688,0,0,7550,114332,1971,33418,7555,147750,California
Santa Clara,2021-01-29,9613,190903,3971,96573,5642,94330,0,0,7411,119553,2191,35609,7412,155162,California
Santa Clara,2021-01-30,4214,195117,2095,98668,2119,96449,0,0,2988,121327,1215,36824,2989,158151,California
Santa Clara,2021-01-31,2200,197317,1320,99988,880,97329,0,0,1596,122326,597,37421,1596,159747,California
Santa Clara,2021-02-01,7880,205197,3514,103502,4366,101695,0,0,6170,126796,1702,39123,6172,165919,California
Santa Clara,2021-02-02,8655,213852,2901,106403,5754,107449,0,0,6619,131389,2029,41152,6622,172541,California
Santa Clara,2021-02-03,9279,223131,3505,109908,5774,113223,0,0,6973,136069,2299,43451,6979,179520,California
Santa Clara,2021-02-04,11025,234156,4170,114078,6855,120078,0,0,8711,142479,2305,45756,8715,188235,California
Santa Clara,2021-02-05,11988,246144,4379,118457,7609,127687,0,0,8507,147521,3466,49222,8508,196743,California
Santa Clara,2021-02-06,5224,251368,2840,121297,2384,130071,0,0,4041,150386,1178,50400,4043,200786,California
Santa Clara,2021-02-07,3486,254854,2356,123653,1130,131201,0,0,3029,152961,455,50855,3030,203816,California
Santa Clara,2021-02-08,10071,264925,3524,127177,6547,137748,0,0,7332,157567,2727,53582,7333,211149,California
Santa Clara,2021-02-09,11225,276150,3834,131011,7391,145139,0,0,7697,161755,3513,57095,7701,218850,California
Santa Clara,2021-02-10,12768,288918,4955,135966,7813,152952,0,0,6867,162740,5886,62981,6871,225721,California
Santa Clara,2021-02-11,13637,302555,4773,140739,8864,161816,0,0,7721,164565,5898,68879,7723,233444,California
Santa Clara,2021-02-12,14680,317235,4534,145273,10146,171962,0,0,7030,163969,7628,76507,7032,240476,California
Santa Clara,2021-02-13,6150,323385,1490,146763,4660,176622,0,0,2238,162306,3903,80410,2240,242716,California
Santa Clara,2021-02-14,4648,328033,1156,147919,3492,180114,0,0,1477,160617,3168,83578,1479,244195,California
Santa Clara,2021-02-15,6309,334342,2820,150739,3489,183603,0,0,2725,159766,3577,87155,2726,246921,California
Santa Clara,2021-02-16,13879,348221,4021,154760,9858,193461,0,0,6962,159831,6899,94054,6964,253885,California
Santa Clara,2021-02-17,14139,362360,5537,160297,8602,202063,0,0,7042,159801,7078,101132,7048,260933,California
Santa Clara,2021-02-18,14287,376647,8416,168713,5871,207934,0,0,7270,160100,6975,108107,7274,268207,California
Santa Clara,2021-02-19,14962,391609,9612,178325,5350,213284,0,0,8697,162558,6246,114353,8704,276911,California
Santa Clara,2021-02-20,6984,398593,5220,183545,1764,215048,0,0,3757,163099,3217,117570,3758,280669,California
Santa Clara,2021-02-21,3403,401996,2528,186073,875,215923,0,0,1262,162231,2132,119702,1264,281933,California
Santa Clara,2021-02-22,10374,412370,6199,192272,4175,220098,0,0,4825,161521,5537,125239,4827,286760,California
Santa Clara,2021-02-23,12048,424418,7791,200063,4257,224355,0,0,6808,163109,5224,130463,6812,293572,California
Santa Clara,2021-02-24,14300,438718,9231,209294,5069,229424,0,0,8837,166501,5445,135908,8837,302409,California
Santa Clara,2021-02-25,15055,453773,9596,218890,5459,234883,0,0,8190,167858,6840,142748,8197,310606,California
Santa Clara,2021-02-26,14996,468769,8691,227581,6305,241188,0,0,8167,169232,6800,149548,8174,318780,California
Santa Clara,2021-02-27,8302,477071,5723,233304,2578,243766,1,1,4628,170204,3664,153212,4636,323416,California
Santa Clara,2021-02-28,5377,482448,3674,236978,1703,245469,0,1,2667,170175,2697,155909,2668,326084,California
Santa Clara,2021-03-01,14540,496988,8362,245340,6172,251641,6,7,9004,173669,5516,161425,9010,335094,California
Santa Clara,2021-03-02,16136,513124,9555,254895,6580,258221,1,8,10290,178142,5820,167245,10293,345387,California
Santa Clara,2021-03-03,18670,531794,9243,264138,9423,267644,4,12,11612,182742,7020,174265,11620,357007,California
Santa Clara,2021-03-04,16562,548356,9013,273151,7546,275190,3,15,9641,185554,6835,181100,9647,366654,California
Santa Clara,2021-03-05,16630,564986,9255,282406,7249,282439,126,141,9228,187534,7380,188480,9360,376014,California
Santa Clara,2021-03-06,9440,574426,6314,288720,2675,285114,451,592,7079,192717,2349,190829,7532,383546,California
Santa Clara,2021-03-07,6827,581253,4473,293193,2108,287222,246,838,5437,197016,1381,192210,5680,389226,California
Santa Clara,2021-03-08,12927,594180,6741,299934,5614,292836,572,1410,8288,201254,4621,196831,8859,398085,California
Santa Clara,2021-03-09,15313,609493,6526,306460,7458,300294,1329,2739,6900,201085,8392,205223,8223,406308,California
Santa Clara,2021-03-10,15197,624690,6624,313084,6457,306751,2116,4855,6240,200487,8926,214149,8328,414636,California
Santa Clara,2021-03-11,17141,641831,7790,320874,7845,314596,1506,6361,6080,197029,11027,225176,7569,422205,California
Santa Clara,2021-03-12,17745,659576,9125,329999,7050,321646,1570,7931,5957,192789,11743,236919,7503,429708,California
Santa Clara,2021-03-13,10863,670439,6296,336295,3064,324710,1503,9434,4841,193109,6000,242919,6320,436028,California
Santa Clara,2021-03-14,6540,676979,3400,339695,1833,326543,1307,10741,3171,194225,3350,246269,4466,440494,California
Santa Clara,2021-03-15,12846,689825,6562,346257,6006,332549,278,11019,5964,193611,6856,253125,6242,446736,California
Santa Clara,2021-03-16,18329,708154,10355,356612,7766,340315,208,11227,8890,193296,9411,262536,9096,455832,California
Santa Clara,2021-03-17,20104,728258,11431,368043,8505,348820,168,11395,10383,194174,9668,272204,10546,466378,California
Santa Clara,2021-03-18,19313,747571,9067,377110,9087,357907,1159,12554,9138,194341,10120,282324,10287,476665,California
Santa Clara,2021-03-19,19540,767111,10080,387190,8454,366361,1006,13560,10035,195930,9441,291765,11030,487695,California
Santa Clara,2021-03-20,11599,778710,6398,393588,4369,370730,832,14392,6745,198681,4824,296589,7575,495270,California
Santa Clara,2021-03-21,8363,787073,3837,397425,3132,373862,1394,15786,5351,202414,2996,299585,6729,501999,California
Santa Clara,2021-03-22,16543,803616,9221,406646,6969,380831,353,16139,9185,204618,7330,306915,9534,511533,California
Santa Clara,2021-03-23,19481,823097,12370,419016,6585,387416,526,16665,11286,208284,8142,315057,11808,523341,California
Santa Clara,2021-03-24,22801,845898,14633,433649,7750,395166,418,17083,14702,215351,8054,323111,15121,538462,California
Santa Clara,2021-03-25,23089,868987,13202,446851,8894,404060,993,18076,14857,223021,8164,331275,15834,554296,California
Santa Clara,2021-03-26,22108,891095,14052,460903,7667,411727,389,18465,13618,228570,8451,339726,14000,568296,California
Santa Clara,2021-03-27,15763,906858,10489,471392,4505,416232,769,19234,8467,230553,7248,346974,9231,577527,California
Santa Clara,2021-03-28,12078,918936,8372,479764,2989,419221,717,19951,6483,232179,5567,352541,7193,584720,California
Santa Clara,2021-03-29,20688,939624,12631,492395,7332,426553,725,20676,11206,234665,9437,361978,11923,596643,California
Santa Clara,2021-03-30,25774,965398,15280,507675,8542,435095,1952,22628,16226,243324,9503,371481,18162,614805,California
Santa Clara,2021-03-31,20620,986018,11928,519603,7556,442651,1136,23764,12635,249141,7938,379419,13755,628560,California
Santa Clara,2021-04-01,32011,1018029,19882,539485,9042,451693,3087,26851,20230,260718,11706,391125,23283,651843,California
Santa Clara,2021-04-02,25364,1043393,14389,553874,8790,460483,2185,29036,16576,270721,8742,399867,18745,670588,California
Santa Clara,2021-04-03,15373,1058766,9315,563189,3522,464005,2536,31572,8505,274898,6846,406713,11023,681611,California
Santa Clara,2021-04-04,7653,1066419,4045,567234,2436,466441,1172,32744,3967,276350,3674,410387,5126,686737,California
Santa Clara,2021-04-05,21963,1088382,14605,581839,4884,471325,2474,35218,14361,285599,7573,417960,16822,703559,California
Santa Clara,2021-04-06,29759,1118141,16353,598192,7909,479234,5497,40715,17824,297004,11884,429844,23289,726848,California
Santa Clara,2021-04-07,31032,1149173,16011,614203,8504,487738,6517,47232,18924,310359,12048,441892,25403,752251,California
Santa Clara,2021-04-08,30152,1179325,16448,630651,6064,493802,7640,54872,16408,320697,13665,455557,24003,776254,California
Santa Clara,2021-04-09,28235,1207560,13982,644633,6953,500755,7300,62172,14416,328615,13750,469307,21668,797922,California
Santa Clara,2021-04-10,21598,1229158,12473,657106,3808,504563,5317,67489,11550,335418,10010,479317,16813,814735,California
Santa Clara,2021-04-11,16098,1245256,9649,666755,2664,507227,3785,71274,8329,339773,7734,487051,12089,826824,California
Santa Clara,2021-04-12,27136,1272392,19073,685828,5592,512819,2471,73745,18468,352092,8607,495658,20926,847750,California
Santa Clara,2021-04-13,34671,1307063,27257,713085,7384,520203,30,73775,26701,370951,7895,503553,26754,874504,California
Santa Clara,2021-04-14,37208,1344271,28198,741283,9007,529210,3,73778,26385,386628,10750,514303,26427,900931,California
Santa Clara,2021-04-15,44667,1388938,34567,775850,10095,539305,5,73783,34342,410796,10206,524509,34374,935305,California
Santa Clara,2021-04-16,38831,1427769,26577,802427,12251,551556,3,73786,27760,427596,10989,535498,27789,963094,California
Santa Clara,2021-04-17,22293,1450062,15229,817656,7062,558618,2,73788,15292,435973,6937,542435,15314,978408,California
Santa Clara,2021-04-18,16916,1466978,11113,828769,5803,564421,0,73788,10580,440265,6301,548736,10593,989001,California
Santa Clara,2021-04-19,29155,1496133,21038,849807,8116,572537,1,73789,17408,446039,11671,560407,17445,1006446,California
Santa Clara,2021-04-20,37930,1534063,23299,873106,14629,587166,2,73791,23085,454440,14726,575133,23127,1029573,California
Santa Clara,2021-04-21,38050,1572113,22459,895565,15589,602755,2,73793,24916,466374,13026,588159,24960,1054533,California
Santa Clara,2021-04-22,37899,1610012,25403,920968,12495,615250,1,73794,17861,464377,19936,608095,17939,1072472,California
Santa Clara,2021-04-23,32745,1642757,20124,941092,12620,627870,1,73795,15332,462465,17306,625401,15394,1087866,California
Santa Clara,2021-04-24,21204,1663961,15484,956576,5719,633589,1,73796,12046,465460,9083,634484,12078,1099944,California
Santa Clara,2021-04-25,13601,1677562,9833,966409,3762,637351,6,73802,8682,469297,4876,639360,8713,1108657,California
Santa Clara,2021-04-26,25477,1703039,19670,986079,5748,643099,59,73861,10601,465208,14777,654137,10688,1119345,California
Santa Clara,2021-04-27,27969,1731008,19939,1006018,7643,650742,387,74248,12200,462173,15676,669813,12641,1131986,California
Santa Clara,2021-04-28,26553,1757561,19767,1025785,6348,657090,438,74686,11267,458753,15199,685012,11779,1143765,California
Santa Clara,2021-04-29,24500,1782061,17981,1043766,6120,663210,399,75085,9212,453243,15204,700216,9694,1153459,California
Santa Clara,2021-04-30,23420,1805481,16090,1059856,6962,670172,368,75453,9975,450328,13351,713567,10436,1163895,California
Santa Clara,2021-05-01,17476,1822957,14499,1074355,2718,672890,259,75712,5486,444179,11937,725504,5788,1169683,California
Santa Clara,2021-05-02,11297,1834254,9373,1083728,1691,674581,233,75945,3487,440154,7766,733270,3741,1173424,California
Santa Clara,2021-05-03,22866,1857120,19371,1103099,3065,677646,430,76375,5136,428113,17652,750922,5611,1179035,California
Santa Clara,2021-05-04,31139,1888259,24469,1127568,6129,683775,541,76916,5558,408790,25472,776394,6149,1185184,California
Santa Clara,2021-05-05,32765,1921024,25016,1152584,7204,690979,545,77461,5535,387768,27130,803524,6108,1191292,California
Santa Clara,2021-05-06,35461,1956485,29534,1182118,5457,696436,470,77931,4681,362296,30646,834170,5174,1196466,California
Santa Clara,2021-05-07,32595,1989080,26184,1208302,5922,702358,489,78420,4638,339648,27824,861994,5176,1201642,California
Santa Clara,2021-05-08,16486,2005566,13393,1221695,2669,705027,424,78844,3473,330636,12924,874918,3912,1205554,California
Santa Clara,2021-05-09,10513,2016079,9143,1230838,1184,706211,186,79030,2299,324957,8177,883095,2498,1208052,California
Santa Clara,2021-05-10,20816,2036895,16659,1247497,3754,709965,403,79433,2701,310051,18031,901126,3125,1211177,California
Santa Clara,2021-05-11,22151,2059046,16599,1264096,5110,715075,442,79875,3800,296038,18261,919387,4248,1215425,California
Santa Clara,2021-05-12,21354,2080400,15694,1279790,5138,720213,522,80397,4193,283694,17066,936453,4722,1220147,California
Santa Clara,2021-05-13,28298,2108698,22932,1302722,5064,725277,302,80699,11245,278284,16965,953418,11555,1231702,California
Santa Clara,2021-05-14,27847,2136545,19462,1322184,7998,733275,387,81086,9564,270060,18188,971606,9964,1241666,California
Santa Clara,2021-05-15,20978,2157523,16872,1339056,3825,737100,281,81367,8126,265709,12766,984372,8415,1250081,California
Santa Clara,2021-05-16,16154,2173677,13162,1352218,2816,739916,176,81543,5244,260305,10827,995199,5423,1255504,California
Santa Clara,2021-05-17,20219,2193896,15875,1368093,3979,743895,365,81908,6706,253942,13436,1008635,7073,1262577,California
Santa Clara,2021-05-18,26088,2219984,16657,1384750,9016,752911,415,82323,7123,242656,18825,1027460,7539,1270116,California
Santa Clara,2021-05-19,24584,2244568,14378,1399128,9783,762694,423,82746,7282,233179,17189,1044649,7712,1277828,California
Santa Clara,2021-05-20,18369,2262937,12039,1411167,5880,768574,450,83196,6060,227465,12220,1056869,6506,1284334,California
Santa Clara,2021-05-21,22312,2285249,14830,1425997,6985,775559,497,83693,7367,220611,14835,1071704,7981,1292315,California
Santa Clara,2021-05-22,12911,2298160,9775,1435772,2785,778344,351,84044,5630,219389,7216,1078920,5994,1298309,California
Santa Clara,2021-05-23,8205,2306365,6064,1441836,1939,780283,202,84246,3286,218010,4872,1083792,3493,1301802,California
Santa Clara,2021-05-24,10309,2316674,7280,1449116,2580,782863,449,84695,3551,215317,6696,1090488,4003,1305805,California
Santa Clara,2021-05-25,11481,2328155,7948,1457064,3114,785977,419,85114,4396,213120,7010,1097498,4813,1310618,California
Santa Clara,2021-05-26,10422,2338577,6762,1463826,3323,789300,337,85451,3958,211054,6357,1103855,4291,1314909,California
Santa Clara,2021-05-27,9399,2347976,6001,1469827,2925,792225,473,85924,3506,209270,5825,1109680,4041,1318950,California
Santa Clara,2021-05-28,10877,2358853,7054,1476881,3396,795621,427,86351,4428,207806,6383,1116063,4919,1323869,California
Santa Clara,2021-05-29,6336,2365189,4322,1481203,1734,797355,280,86631,2701,207396,3593,1119656,3183,1327052,California
Santa Clara,2021-05-30,3815,2369004,2860,1484063,746,798101,209,86840,1792,207428,1995,1121651,2027,1329079,California
Santa Clara,2021-05-31,1097,2370101,628,1484691,360,798461,109,86949,440,207327,650,1122301,549,1329628,California
Santa Clara,2021-06-01,9079,2379180,6381,1491072,2316,800777,382,87331,3017,205010,5987,1128288,3670,1333298,California
Santa Clara,2021-06-02,7686,2386866,5522,1496594,1813,802590,351,87682,2899,203586,4732,1133020,3308,1336606,California
Santa Clara,2021-06-03,12218,2399084,10109,1506703,1740,804330,369,88051,2628,197076,9532,1142552,3022,1339628,California
Santa Clara,2021-06-04,13591,2412675,11377,1518080,1898,806228,316,88367,3293,190477,10235,1152787,3636,1343264,California
Santa Clara,2021-06-05,10447,2423122,8982,1527062,1205,807433,260,88627,2199,184741,8197,1160984,2461,1345725,California
Santa Clara,2021-06-06,6894,2430016,6144,1533206,596,808029,154,88781,1427,180915,5413,1166397,1587,1347312,California
Santa Clara,2021-06-07,9885,2439901,8332,1541538,1308,809337,245,89026,2392,176101,7456,1173853,2642,1349954,California
Santa Clara,2021-06-08,9145,2449046,7467,1549005,1407,810744,271,89297,2475,172242,6612,1180465,2753,1352707,California
Santa Clara,2021-06-09,9505,2458551,7936,1556941,1317,812061,252,89549,2277,167605,7166,1187631,2529,1355236,California
Santa Clara,2021-06-10,8316,2466867,6904,1563845,1087,813148,325,89874,2275,164221,5989,1193620,2605,1357841,California
Santa Clara,2021-06-11,10204,2477071,8666,1572511,1259,814407,279,90153,2516,159384,7636,1201256,2799,1360640,California
Santa Clara,2021-06-12,7172,2484243,5973,1578484,1033,815440,166,90319,1710,155845,5416,1206672,1877,1362517,California
Santa Clara,2021-06-13,3724,2487967,3009,1581493,604,816044,111,90430,898,154050,2804,1209476,1009,1363526,California
Santa Clara,2021-06-14,5943,2493910,4811,1586304,908,816952,224,90654,2104,152576,3805,1213281,2331,1365857,California
Santa Clara,2021-06-15,7351,2501261,5957,1592261,1094,818046,300,90954,2084,149745,5218,1218499,2387,1368244,California
Santa Clara,2021-06-16,6350,2507611,5135,1597396,905,818951,310,91264,2093,147941,4209,1222708,2405,1370649,California
Santa Clara,2021-06-17,5355,2512966,4337,1601733,773,819724,245,91509,1842,146584,3442,1226150,2085,1372734,California
Santa Clara,2021-06-18,5430,2518396,4382,1606115,879,820603,169,91678,1793,144994,3555,1229705,1965,1374699,California
Santa Clara,2021-06-19,4515,2522911,3611,1609726,702,821305,202,91880,1285,143288,3194,1232899,1488,1376187,California
Santa Clara,2021-06-20,2139,2525050,1756,1611482,319,821624,64,91944,686,142602,1437,1234336,751,1376938,California
Santa Clara,2021-06-21,3661,2528711,2752,1614234,685,822309,224,92168,1795,142787,1833,1236169,2018,1378956,California
Santa Clara,2021-06-22,5009,2533720,3983,1618217,805,823114,221,92389,1680,141395,3291,1239460,1899,1380855,California
Santa Clara,2021-06-23,4461,2538181,3500,1621717,757,823871,204,92593,1594,140359,2832,1242292,1796,1382651,California
Santa Clara,2021-06-24,4256,2542437,3303,1625020,757,824628,196,92789,1569,139489,2635,1244927,1765,1384416,California
Santa Clara,2021-06-25,3472,2545909,2753,1627773,523,825151,196,92985,1074,138385,2370,1247297,1266,1385682,California
Santa Cruz,2020-12-15,2,2,2,2,0,0,0,0,2,2,0,0,2,2,California
Santa Cruz,2020-12-16,57,59,57,59,0,0,0,0,57,59,0,0,57,59,California
Santa Cruz,2020-12-17,389,448,389,448,0,0,0,0,389,448,0,0,389,448,California
Santa Cruz,2020-12-18,466,914,466,914,0,0,0,0,466,914,0,0,466,914,California
Santa Cruz,2020-12-19,182,1096,181,1095,1,1,0,0,182,1096,0,0,182,1096,California
Santa Cruz,2020-12-20,93,1189,93,1188,0,1,0,0,93,1189,0,0,93,1189,California
Santa Cruz,2020-12-21,437,1626,436,1624,1,2,0,0,437,1626,0,0,437,1626,California
Santa Cruz,2020-12-22,424,2050,423,2047,1,3,0,0,424,2050,0,0,424,2050,California
Santa Cruz,2020-12-23,369,2419,325,2372,44,47,0,0,369,2419,0,0,369,2419,California
Santa Cruz,2020-12-24,125,2544,49,2421,76,123,0,0,125,2544,0,0,125,2544,California
Santa Cruz,2020-12-25,10,2554,10,2431,0,123,0,0,10,2554,0,0,10,2554,California
Santa Cruz,2020-12-26,65,2619,46,2477,19,142,0,0,65,2619,0,0,65,2619,California
Santa Cruz,2020-12-27,32,2651,27,2504,5,147,0,0,32,2651,0,0,32,2651,California
Santa Cruz,2020-12-28,483,3134,108,2612,375,522,0,0,483,3134,0,0,483,3134,California
Santa Cruz,2020-12-29,797,3931,369,2981,428,950,0,0,797,3931,0,0,797,3931,California
Santa Cruz,2020-12-30,357,4288,165,3146,192,1142,0,0,357,4288,0,0,357,4288,California
Santa Cruz,2020-12-31,312,4600,11,3157,301,1443,0,0,312,4600,0,0,312,4600,California
Santa Cruz,2021-01-01,33,4633,1,3158,32,1475,0,0,33,4633,0,0,33,4633,California
Santa Cruz,2021-01-02,69,4702,55,3213,14,1489,0,0,69,4702,0,0,69,4702,California
Santa Cruz,2021-01-03,15,4717,7,3220,8,1497,0,0,15,4717,0,0,15,4717,California
Santa Cruz,2021-01-04,281,4998,123,3343,158,1655,0,0,279,4996,0,0,279,4996,California
Santa Cruz,2021-01-05,570,5568,434,3777,136,1791,0,0,268,4962,302,302,268,5264,California
Santa Cruz,2021-01-06,801,6369,669,4446,132,1923,0,0,463,5088,337,639,463,5727,California
Santa Cruz,2021-01-07,537,6906,210,4656,327,2250,0,0,384,5320,153,792,385,6112,California
Santa Cruz,2021-01-08,941,7847,566,5222,375,2625,0,0,492,5364,449,1241,493,6605,California
Santa Cruz,2021-01-09,466,8313,125,5347,341,2966,0,0,410,5718,56,1297,410,7015,California
Santa Cruz,2021-01-10,79,8392,70,5417,9,2975,0,0,20,5679,59,1356,20,7035,California
Santa Cruz,2021-01-11,728,9120,592,6009,136,3111,0,0,193,5338,535,1891,194,7229,California
Santa Cruz,2021-01-12,733,9853,530,6539,203,3314,0,0,490,5585,243,2134,490,7719,California
Santa Cruz,2021-01-13,533,10386,234,6773,299,3613,0,0,446,5947,84,2218,446,8165,California
Santa Cruz,2021-01-14,563,10949,104,6877,459,4072,0,0,496,6376,67,2285,496,8661,California
Santa Cruz,2021-01-15,1465,12414,79,6956,1386,5458,0,0,1399,7712,65,2350,1401,10062,California
Santa Cruz,2021-01-16,424,12838,53,7009,371,5829,0,0,405,8098,19,2369,405,10467,California
Santa Cruz,2021-01-17,297,13135,41,7050,256,6085,0,0,272,8345,25,2394,272,10739,California
Santa Cruz,2021-01-18,1016,14151,104,7154,912,6997,0,0,953,9235,63,2457,953,11692,California
Santa Cruz,2021-01-19,1629,15780,526,7680,1103,8100,0,0,1276,10161,351,2808,1277,12969,California
Santa Cruz,2021-01-20,1254,17034,185,7865,1069,9169,0,0,1053,11016,198,3006,1053,14022,California
Santa Cruz,2021-01-21,1725,18759,199,8064,1526,10695,0,0,1617,12527,108,3114,1619,15641,California
Santa Cruz,2021-01-22,1808,20567,526,8590,1282,11977,0,0,1705,14133,100,3214,1706,17347,California
Santa Cruz,2021-01-23,404,20971,148,8738,256,12233,0,0,345,14420,58,3272,345,17692,California
Santa Cruz,2021-01-24,113,21084,20,8758,93,12326,0,0,96,14499,17,3289,96,17788,California
Santa Cruz,2021-01-25,1069,22153,364,9122,705,13031,0,0,558,14546,511,3800,558,18346,California
Santa Cruz,2021-01-26,1701,23854,252,9374,1449,14480,0,0,1187,15219,514,4314,1187,19533,California
Santa Cruz,2021-01-27,1685,25539,461,9835,1224,15704,0,0,1295,16126,388,4702,1295,20828,California
Santa Cruz,2021-01-28,1773,27312,295,10130,1478,17182,0,0,1495,17344,278,4980,1496,22324,California
Santa Cruz,2021-01-29,1754,29066,493,10623,1261,18443,0,0,1620,18831,133,5113,1620,23944,California
Santa Cruz,2021-01-30,1080,30146,312,10935,768,19211,0,0,942,19637,136,5249,942,24886,California
Santa Cruz,2021-01-31,225,30371,113,11048,112,19323,0,0,209,19831,15,5264,209,25095,California
Santa Cruz,2021-02-01,1232,31603,756,11804,476,19799,0,0,825,20249,407,5671,825,25920,California
Santa Cruz,2021-02-02,1021,32624,131,11935,890,20689,0,0,865,20960,154,5825,865,26785,California
Santa Cruz,2021-02-03,2250,34874,965,12900,1285,21974,0,0,1934,22582,312,6137,1934,28719,California
Santa Cruz,2021-02-04,1863,36737,772,13672,1091,23065,0,0,1520,23760,342,6479,1520,30239,California
Santa Cruz,2021-02-05,3173,39910,791,14463,2382,25447,0,0,2851,26290,321,6800,2851,33090,California
Santa Cruz,2021-02-06,2587,42497,161,14624,2426,27873,0,0,2242,28187,345,7145,2242,35332,California
Santa Cruz,2021-02-07,919,43416,124,14748,795,28668,0,0,901,29070,18,7163,901,36233,California
Santa Cruz,2021-02-08,719,44135,202,14950,517,29185,0,0,518,29388,200,7363,518,36751,California
Santa Cruz,2021-02-09,2374,46509,1056,16006,1318,30503,0,0,2108,31230,266,7629,2108,38859,California
Santa Cruz,2021-02-10,2221,48730,578,16584,1643,32146,0,0,1513,32047,697,8326,1514,40373,California
Santa Cruz,2021-02-11,1867,50597,319,16903,1548,33694,0,0,1336,32854,529,8855,1336,41709,California
Santa Cruz,2021-02-12,3253,53850,424,17327,2829,36523,0,0,1830,33273,1414,10269,1833,43542,California
Santa Cruz,2021-02-13,1723,55573,124,17451,1599,38122,0,0,1310,34170,413,10682,1310,44852,California
Santa Cruz,2021-02-14,1408,56981,68,17519,1340,39462,0,0,1146,35054,262,10944,1146,45998,California
Santa Cruz,2021-02-15,1587,58568,285,17804,1302,40764,0,0,569,34606,1018,11962,570,46568,California
Santa Cruz,2021-02-16,1714,60282,215,18019,1499,42263,0,0,541,33997,1150,13112,541,47109,California
Santa Cruz,2021-02-17,2940,63222,985,19004,1955,44218,0,0,1223,33519,1704,14816,1226,48335,California
Santa Cruz,2021-02-18,2904,66126,644,19648,2260,46478,0,0,1235,33089,1665,16481,1235,49570,California
Santa Cruz,2021-02-19,3297,69423,1158,20806,2139,48617,0,0,2021,33837,1273,17754,2021,51591,California
Santa Cruz,2021-02-20,2410,71833,1515,22321,895,49512,0,0,1903,35234,507,18261,1904,53495,California
Santa Cruz,2021-02-21,847,72680,376,22697,471,49983,0,0,716,35821,129,18390,716,54211,California
Santa Cruz,2021-02-22,1271,73951,978,23675,293,50276,0,0,540,35632,729,19119,540,54751,California
Santa Cruz,2021-02-23,2101,76052,939,24614,1162,51438,0,0,712,34956,1388,20507,712,55463,California
Santa Cruz,2021-02-24,3205,79257,1672,26286,1533,52971,0,0,1213,34182,1987,22494,1213,56676,California
Santa Cruz,2021-02-25,3283,82540,1450,27736,1833,54804,0,0,1810,34530,1464,23958,1812,58488,California
Santa Cruz,2021-02-26,2759,85299,773,28509,1986,56790,0,0,1571,34920,1183,25141,1573,60061,California
Santa Cruz,2021-02-27,2663,87962,940,29449,1723,58513,0,0,1856,35971,805,25946,1856,61917,California
Santa Cruz,2021-02-28,1316,89278,375,29824,941,59454,0,0,1089,36836,224,26170,1089,63006,California
Santa Cruz,2021-03-01,1918,91196,1262,31086,656,60110,0,0,732,36384,1184,27354,732,63738,California
Santa Cruz,2021-03-02,1570,92766,376,31462,1194,61304,0,0,891,36600,678,28032,894,64632,California
Santa Cruz,2021-03-03,2383,95149,648,32110,1735,63039,0,0,1309,36838,1071,29103,1309,65941,California
Santa Cruz,2021-03-04,3023,98172,1421,33531,1601,64640,1,1,2030,37888,982,30085,2032,67973,California
Santa Cruz,2021-03-05,2650,100822,503,34034,2129,66769,18,19,1160,37579,1487,31572,1178,69151,California
Santa Cruz,2021-03-06,3883,104705,1351,35385,2427,69196,105,124,2168,38136,1715,33287,2272,71423,California
Santa Cruz,2021-03-07,1351,106056,129,35514,1149,70345,73,197,561,37982,788,34075,634,72057,California
Santa Cruz,2021-03-08,1103,107159,225,35739,746,71091,132,329,663,38335,440,34515,793,72850,California
Santa Cruz,2021-03-09,1819,108978,274,36013,1393,72484,152,481,722,38115,1094,35609,874,73724,California
Santa Cruz,2021-03-10,3906,112884,2103,38116,1653,74137,150,631,2012,38386,1892,37501,2163,75887,California
Santa Cruz,2021-03-11,2841,115725,1231,39347,1435,75572,175,806,1562,38848,1278,38779,1740,77627,California
Santa Cruz,2021-03-12,2804,118529,895,40242,1613,77185,296,1102,926,38194,1874,40653,1220,78847,California
Santa Cruz,2021-03-13,2353,120882,1351,41593,958,78143,44,1146,1189,38267,1161,41814,1234,80081,California
Santa Cruz,2021-03-14,914,121796,219,41812,682,78825,13,1159,438,38243,474,42288,450,80531,California
Santa Cruz,2021-03-15,1375,123171,483,42295,855,79680,37,1196,588,38086,783,43071,626,81157,California
Santa Cruz,2021-03-16,2390,125561,1147,43442,1199,80879,44,1240,1387,38517,998,44069,1429,82586,California
Santa Cruz,2021-03-17,4083,129644,2427,45869,1645,82524,11,1251,2703,39860,1373,45442,2716,85302,California
Santa Cruz,2021-03-18,3958,133602,2134,48003,1704,84228,120,1371,2136,40297,1819,47261,2256,87558,California
Santa Cruz,2021-03-19,3477,137079,1379,49382,1872,86100,226,1597,1831,40714,1640,48901,2057,89615,California
Santa Cruz,2021-03-20,2249,139328,1650,51032,532,86632,67,1664,1102,40737,1146,50047,1169,90784,California
Santa Cruz,2021-03-21,884,140212,477,51509,279,86911,128,1792,472,40929,409,50456,601,91385,California
Santa Cruz,2021-03-22,1452,141664,889,52398,540,87451,23,1815,1011,41527,437,50893,1035,92420,California
Santa Cruz,2021-03-23,2642,144306,1487,53885,1104,88555,51,1866,1767,42473,872,51765,1818,94238,California
Santa Cruz,2021-03-24,3159,147465,2139,56024,999,89554,21,1887,2101,43542,1052,52817,2121,96359,California
Santa Cruz,2021-03-25,2688,150153,1350,57374,1301,90855,37,1924,1363,43624,1318,54135,1400,97759,California
Santa Cruz,2021-03-26,3179,153332,1841,59215,1310,92165,28,1952,2161,44801,1011,55146,2188,99947,California
Santa Cruz,2021-03-27,3260,156592,2027,61242,1206,93371,27,1979,1517,44614,1732,56878,1545,101492,California
Santa Cruz,2021-03-28,944,157536,585,61827,345,93716,14,1993,497,44682,443,57321,511,102003,California
Santa Cruz,2021-03-29,2028,159564,899,62726,1061,94777,68,2061,1284,45294,740,58061,1352,103355,California
Santa Cruz,2021-03-30,2755,162319,829,63555,1762,96539,164,2225,1743,46191,1009,59070,1906,105261,California
Santa Cruz,2021-03-31,4220,166539,2853,66408,1317,97856,50,2275,2224,46474,1991,61061,2274,107535,California
Santa Cruz,2021-04-01,4099,170638,2189,68597,1801,99657,109,2384,2082,46655,2010,63071,2191,109726,California
Santa Cruz,2021-04-02,3334,173972,1438,70035,1714,101371,182,2566,1907,47321,1423,64494,2089,111815,California
Santa Cruz,2021-04-03,2283,176255,1245,71280,901,102272,137,2703,891,46958,1390,65884,1027,112842,California
Santa Cruz,2021-04-04,945,177200,494,71774,395,102667,56,2759,552,47173,393,66277,608,113450,California
Santa Cruz,2021-04-05,2293,179493,803,72577,1322,103989,168,2927,1418,47886,874,67151,1587,115037,California
Santa Cruz,2021-04-06,3444,182937,1679,74256,1382,105371,383,3310,1989,48808,1444,68595,2366,117403,California
Santa Cruz,2021-04-07,4228,187165,1672,75928,2185,107556,371,3681,1823,48599,2402,70997,2193,119596,California
Santa Cruz,2021-04-08,4334,191499,2378,78306,1430,108986,526,4207,2555,49908,1770,72767,3079,122675,California
Santa Cruz,2021-04-09,3762,195261,1531,79837,1821,110807,410,4617,2115,50794,1640,74407,2526,125201,California
Santa Cruz,2021-04-10,2303,197564,1106,80943,937,111744,260,4877,1088,50929,1211,75618,1346,126547,California
Santa Cruz,2021-04-11,1016,198580,534,81477,387,112131,95,4972,495,50997,521,76139,589,127136,California
Santa Cruz,2021-04-12,2351,200931,841,82318,1084,113215,426,5398,1124,51334,1213,77352,1550,128686,California
Santa Cruz,2021-04-13,2980,203911,1483,83801,1495,114710,2,5400,1674,51713,1297,78649,1676,130362,California
Santa Cruz,2021-04-14,4784,208695,2306,86107,2478,117188,0,5400,2310,51561,2464,81113,2312,132674,California
Santa Cruz,2021-04-15,5140,213835,3258,89365,1882,119070,0,5400,3214,52865,1912,83025,3216,135890,California
Santa Cruz,2021-04-16,4639,218474,2572,91937,2065,121135,2,5402,2507,53254,2122,85147,2511,138401,California
Santa Cruz,2021-04-17,2295,220769,920,92857,1375,122510,0,5402,1510,53982,782,85929,1510,139911,California
Santa Cruz,2021-04-18,1110,221879,553,93410,556,123066,1,5403,606,54089,501,86430,608,140519,California
Santa Cruz,2021-04-19,2615,224494,1541,94951,1073,124139,1,5404,1621,54719,991,87421,1621,142140,California
Santa Cruz,2021-04-20,3305,227799,1771,96722,1534,125673,0,5404,1870,55166,1423,88844,1870,144010,California
Santa Cruz,2021-04-21,4447,232246,2989,99711,1458,127131,0,5404,2408,55555,2020,90864,2409,146419,California
Santa Cruz,2021-04-22,4409,236655,2988,102699,1421,128552,0,5404,2465,56087,1934,92798,2466,148885,California
Santa Cruz,2021-04-23,3264,239919,1781,104480,1482,130034,1,5405,1416,55666,1838,94636,1417,150302,California
Santa Cruz,2021-04-24,2271,242190,1092,105572,1176,131210,3,5408,697,54803,1563,96199,700,151002,California
Santa Cruz,2021-04-25,1101,243291,707,106279,381,131591,13,5421,457,54636,635,96834,468,151470,California
Santa Cruz,2021-04-26,2169,245460,1078,107357,1074,132665,17,5438,908,54313,1249,98083,926,152396,California
Santa Cruz,2021-04-27,3045,248505,1007,108364,1956,134621,82,5520,1522,54402,1515,99598,1604,154000,California
Santa Cruz,2021-04-28,3541,252046,1978,110342,1486,136107,77,5597,1870,54688,1658,101256,1944,155944,California
Santa Cruz,2021-04-29,3837,255883,2564,112906,1210,137317,63,5660,1357,53641,2470,103726,1423,157367,California
Santa Cruz,2021-04-30,2412,258295,1221,114127,1148,138465,43,5703,1019,53319,1385,105111,1063,158430,California
Santa Cruz,2021-05-01,1322,259617,1050,115177,239,138704,33,5736,608,53251,710,105821,642,159072,California
Santa Cruz,2021-05-02,658,260275,465,115642,167,138871,26,5762,216,53052,442,106263,243,159315,California
Santa Cruz,2021-05-03,1943,262218,1004,116646,872,139743,67,5829,659,52506,1273,107536,727,160042,California
Santa Cruz,2021-05-04,2760,264978,1619,118265,1070,140813,71,5900,886,51590,1871,109407,955,160997,California
Santa Cruz,2021-05-05,2838,267816,1433,119698,1325,142138,80,5980,752,50384,2043,111450,837,161834,California
Santa Cruz,2021-05-06,3893,271709,2473,122171,1199,143337,221,6201,879,48485,2996,114446,1097,162931,California
Santa Cruz,2021-05-07,2804,274513,1291,123462,1430,144767,83,6284,438,46648,2360,116806,523,163454,California
Santa Cruz,2021-05-08,1378,275891,693,124155,657,145424,28,6312,387,46074,991,117797,417,163871,California
Santa Cruz,2021-05-09,537,276428,341,124496,173,145597,23,6335,160,45882,375,118172,183,164054,California
Santa Cruz,2021-05-10,2089,278517,1248,125744,775,146372,66,6401,412,44692,1668,119840,478,164532,California
Santa Cruz,2021-05-11,2429,280946,1380,127124,961,147333,88,6489,650,43655,1774,121614,737,165269,California
Santa Cruz,2021-05-12,3222,284168,1385,128509,1756,149089,81,6570,558,41640,2655,124269,640,165909,California
Santa Cruz,2021-05-13,3977,288145,2699,131208,1184,150273,94,6664,1426,40616,2546,126815,1522,167431,California
Santa Cruz,2021-05-14,3076,291221,1708,132916,1328,151601,40,6704,1206,40003,1862,128677,1249,168680,California
Santa Cruz,2021-05-15,2300,293521,1331,134247,957,152558,12,6716,1115,39948,1182,129859,1127,169807,California
Santa Cruz,2021-05-16,758,294279,383,134630,353,152911,22,6738,220,39654,537,130396,243,170050,California
Santa Cruz,2021-05-17,1582,295861,827,135457,684,153595,71,6809,556,39256,1025,131421,627,170677,California
Santa Cruz,2021-05-18,2380,298241,1474,136931,882,154477,24,6833,1151,39209,1222,132643,1175,171852,California
Santa Cruz,2021-05-19,3162,301403,1905,138836,1220,155697,37,6870,1334,38762,1818,134461,1371,173223,California
Santa Cruz,2021-05-20,3458,304861,2485,141321,825,156522,148,7018,1616,38689,1837,136298,1764,174987,California
Santa Cruz,2021-05-21,1798,306659,927,142248,781,157303,90,7108,615,38222,1177,137475,710,175697,California
Santa Cruz,2021-05-22,1748,308407,1354,143602,383,157686,11,7119,613,37716,1131,138606,625,176322,California
Santa Cruz,2021-05-23,477,308884,265,143867,193,157879,19,7138,150,37562,323,138929,169,176491,California
Santa Cruz,2021-05-24,1178,310062,672,144539,427,158306,79,7217,303,37077,867,139796,382,176873,California
Santa Cruz,2021-05-25,2311,312373,1326,145865,940,159246,45,7262,483,35924,1681,141477,528,177401,California
Santa Cruz,2021-05-26,1785,314158,843,146708,897,160143,45,7307,491,35182,1278,142755,536,177937,California
Santa Cruz,2021-05-27,1354,315512,740,147448,509,160652,105,7412,461,34875,886,143641,579,178516,California
Santa Cruz,2021-05-28,867,316379,389,147837,448,161100,30,7442,378,34807,479,144120,411,178927,California
Santa Cruz,2021-05-29,596,316975,337,148174,247,161347,12,7454,318,34871,276,144396,340,179267,California
Santa Cruz,2021-05-30,247,317222,124,148298,109,161456,14,7468,95,34830,149,144545,108,179375,California
Santa Cruz,2021-05-31,146,317368,64,148362,81,161537,1,7469,45,34776,100,144645,46,179421,California
Santa Cruz,2021-06-01,970,318338,601,148963,356,161893,13,7482,353,34532,615,145260,371,179792,California
Santa Cruz,2021-06-02,932,319270,551,149514,339,162232,42,7524,354,34367,573,145833,408,180200,California
Santa Cruz,2021-06-03,2318,321588,1560,151074,720,162952,38,7562,542,33184,1766,147599,583,180783,California
Santa Cruz,2021-06-04,1083,322671,747,151821,301,163253,35,7597,253,32651,823,148422,290,181073,California
Santa Cruz,2021-06-05,1083,323754,883,152704,195,163448,5,7602,189,31955,890,149312,194,181267,California
Santa Cruz,2021-06-06,416,324170,307,153011,92,163540,17,7619,142,31843,271,149583,159,181426,California
Santa Cruz,2021-06-07,867,325037,646,153657,190,163730,31,7650,232,31473,634,150217,264,181690,California
Santa Cruz,2021-06-08,1526,326563,1227,154884,274,164004,25,7675,319,30616,1202,151419,345,182035,California
Santa Cruz,2021-06-09,1476,328039,1162,156046,297,164301,17,7692,292,29749,1177,152596,310,182345,California
Santa Cruz,2021-06-10,2023,330062,1664,157710,287,164588,72,7764,364,28528,1654,154250,433,182778,California
Santa Cruz,2021-06-11,841,330903,525,158235,281,164869,35,7799,292,28311,543,154793,326,183104,California
Santa Cruz,2021-06-12,980,331883,862,159097,112,164981,6,7805,170,27680,807,155600,176,183280,California
Santa Cruz,2021-06-13,205,332088,138,159235,46,165027,21,7826,33,27562,172,155772,54,183334,California
Santa Cruz,2021-06-14,583,332671,383,159618,164,165191,36,7862,181,27379,399,156171,216,183550,California
Santa Cruz,2021-06-15,976,333647,726,160344,227,165418,23,7885,349,27128,624,156795,373,183923,California
Santa Cruz,2021-06-16,849,334496,631,160975,183,165601,35,7920,276,26869,569,157364,310,184233,California
Santa Cruz,2021-06-17,821,335317,643,161618,139,165740,39,7959,306,26701,512,157876,344,184577,California
Santa Cruz,2021-06-18,651,335968,404,162022,216,165956,31,7990,295,26675,352,158228,326,184903,California
Santa Cruz,2021-06-19,338,336306,268,162290,64,166020,6,7996,120,26586,215,158443,126,185029,California
Santa Cruz,2021-06-20,163,336469,116,162406,28,166048,19,8015,69,26580,94,158537,88,185117,California
Santa Cruz,2021-06-21,364,336833,261,162667,85,166133,18,8033,187,26608,175,158712,203,185320,California
Santa Cruz,2021-06-22,702,337535,503,163170,169,166302,30,8063,271,26480,430,159142,302,185622,California
Santa Cruz,2021-06-23,411,337946,292,163462,110,166412,9,8072,200,26482,205,159347,207,185829,California
Santa Cruz,2021-06-24,512,338458,373,163835,107,166519,32,8104,203,26409,307,159654,234,186063,California
Santa Cruz,2021-06-25,206,338664,116,163951,74,166593,16,8120,85,26393,117,159771,101,186164,California
Shasta,2020-12-16,131,131,131,131,0,0,0,0,131,131,0,0,131,131,California
Shasta,2020-12-17,421,552,421,552,0,0,0,0,421,552,0,0,421,552,California
Shasta,2020-12-18,166,718,166,718,0,0,0,0,166,718,0,0,166,718,California
Shasta,2020-12-19,1,719,1,719,0,0,0,0,1,719,0,0,1,719,California
Shasta,2020-12-21,79,798,79,798,0,0,0,0,79,798,0,0,79,798,California
Shasta,2020-12-22,193,991,188,986,5,5,0,0,193,991,0,0,193,991,California
Shasta,2020-12-23,173,1164,169,1155,4,9,0,0,173,1164,0,0,173,1164,California
Shasta,2020-12-24,19,1183,19,1174,0,9,0,0,19,1183,0,0,19,1183,California
Shasta,2020-12-26,4,1187,1,1175,3,12,0,0,4,1187,0,0,4,1187,California
Shasta,2020-12-27,1,1188,0,1175,1,13,0,0,1,1188,0,0,1,1188,California
Shasta,2020-12-28,40,1228,31,1206,9,22,0,0,40,1228,0,0,40,1228,California
Shasta,2020-12-29,186,1414,185,1391,1,23,0,0,186,1414,0,0,186,1414,California
Shasta,2020-12-30,177,1591,167,1558,10,33,0,0,177,1591,0,0,177,1591,California
Shasta,2020-12-31,83,1674,2,1560,81,114,0,0,83,1674,0,0,83,1674,California
Shasta,2021-01-02,2,1676,0,1560,2,116,0,0,2,1676,0,0,2,1676,California
Shasta,2021-01-03,1,1677,1,1561,0,116,0,0,1,1677,0,0,1,1677,California
Shasta,2021-01-04,373,2050,307,1868,66,182,0,0,374,2051,0,0,374,2051,California
Shasta,2021-01-05,337,2387,314,2182,23,205,0,0,255,2224,82,82,255,2306,California
Shasta,2021-01-06,466,2853,395,2577,71,276,0,0,203,2165,262,344,203,2509,California
Shasta,2021-01-07,125,2978,37,2614,88,364,0,0,103,2246,22,366,103,2612,California
Shasta,2021-01-08,524,3502,447,3061,77,441,0,0,316,2354,208,574,316,2928,California
Shasta,2021-01-09,73,3575,64,3125,9,450,0,0,71,2423,2,576,71,2999,California
Shasta,2021-01-10,5,3580,0,3125,5,455,0,0,3,2426,2,578,5,3004,California
Shasta,2021-01-11,409,3989,186,3311,223,678,0,0,373,2763,36,614,373,3377,California
Shasta,2021-01-12,490,4479,332,3643,158,836,0,0,314,2902,176,790,315,3692,California
Shasta,2021-01-13,604,5083,270,3913,334,1170,0,0,432,3163,171,961,432,4124,California
Shasta,2021-01-14,503,5586,52,3965,451,1621,0,0,485,3630,18,979,485,4609,California
Shasta,2021-01-15,689,6275,135,4100,554,2175,0,0,687,4315,2,981,687,5296,California
Shasta,2021-01-16,897,7172,53,4153,844,3019,0,0,894,5206,3,984,894,6190,California
Shasta,2021-01-17,27,7199,6,4159,21,3040,0,0,23,5225,4,988,23,6213,California
Shasta,2021-01-18,598,7797,129,4288,469,3509,0,0,590,5807,8,996,590,6803,California
Shasta,2021-01-19,1064,8861,401,4689,663,4172,0,0,916,6575,148,1144,916,7719,California
Shasta,2021-01-20,677,9538,409,5098,268,4440,0,0,491,6885,181,1325,491,8210,California
Shasta,2021-01-21,634,10172,280,5378,354,4794,0,0,611,7473,23,1348,611,8821,California
Shasta,2021-01-22,451,10623,177,5555,274,5068,0,0,445,7912,6,1354,445,9266,California
Shasta,2021-01-23,68,10691,5,5560,63,5131,0,0,67,7978,1,1355,67,9333,California
Shasta,2021-01-24,26,10717,3,5563,23,5154,0,0,25,8002,1,1356,25,9358,California
Shasta,2021-01-25,747,11464,488,6051,259,5413,0,0,460,8176,286,1642,460,9818,California
Shasta,2021-01-26,713,12177,333,6384,380,5793,0,0,479,8423,232,1874,479,10297,California
Shasta,2021-01-27,463,12640,181,6565,282,6075,0,0,413,8787,49,1923,413,10710,California
Shasta,2021-01-28,892,13532,579,7144,313,6388,0,0,670,9235,222,2145,670,11380,California
Shasta,2021-01-29,833,14365,329,7473,504,6892,0,0,644,9691,189,2334,645,12025,California
Shasta,2021-01-30,615,14980,14,7487,601,7493,0,0,605,10286,10,2344,605,12630,California
Shasta,2021-01-31,27,15007,4,7491,23,7516,0,0,25,10309,2,2346,25,12655,California
Shasta,2021-02-01,532,15539,148,7639,384,7900,0,0,387,10551,145,2491,387,13042,California
Shasta,2021-02-02,992,16531,501,8140,491,8391,0,0,899,11359,91,2582,899,13941,California
Shasta,2021-02-03,725,17256,213,8353,512,8903,0,0,490,11614,235,2817,490,14431,California
Shasta,2021-02-04,1103,18359,676,9029,427,9330,0,0,909,12330,193,3010,909,15340,California
Shasta,2021-02-05,1264,19623,167,9196,1097,10427,0,0,1056,13179,207,3217,1056,16396,California
Shasta,2021-02-06,1745,21368,41,9237,1704,12131,0,0,1722,14878,23,3240,1722,18118,California
Shasta,2021-02-07,25,21393,3,9240,22,12153,0,0,23,14899,2,3242,23,18141,California
Shasta,2021-02-08,601,21994,169,9409,432,12585,0,0,309,14916,292,3534,309,18450,California
Shasta,2021-02-09,1130,23124,658,10067,472,13057,0,0,735,15257,395,3929,736,19186,California
Shasta,2021-02-10,1126,24250,787,10854,339,13396,0,0,599,15329,527,4456,599,19785,California
Shasta,2021-02-11,894,25144,187,11041,707,14103,0,0,370,15180,519,4975,370,20155,California
Shasta,2021-02-12,1798,26942,1214,12255,584,14687,0,0,1240,15862,558,5533,1240,21395,California
Shasta,2021-02-13,1382,28324,374,12629,1008,15695,0,0,569,15618,814,6347,570,21965,California
Shasta,2021-02-14,149,28473,5,12634,144,15839,0,0,124,15717,25,6372,124,22089,California
Shasta,2021-02-15,381,28854,92,12726,289,16128,0,0,212,15760,169,6541,212,22301,California
Shasta,2021-02-16,1201,30055,523,13249,678,16806,0,0,426,15412,774,7315,426,22727,California
Shasta,2021-02-17,1036,31091,437,13686,599,17405,0,0,412,15200,624,7939,412,23139,California
Shasta,2021-02-18,954,32045,471,14157,483,17888,0,0,460,15167,494,8433,461,23600,California
Shasta,2021-02-19,1337,33382,946,15103,391,18279,0,0,870,15570,467,8900,870,24470,California
Shasta,2021-02-20,803,34185,92,15195,711,18990,0,0,304,15375,499,9399,304,24774,California
Shasta,2021-02-21,32,34217,3,15198,29,19019,0,0,10,15363,22,9421,10,24784,California
Shasta,2021-02-22,433,34650,79,15277,354,19373,0,0,181,15293,251,9672,181,24965,California
Shasta,2021-02-23,912,35562,471,15748,441,19814,0,0,328,15037,584,10256,328,25293,California
Shasta,2021-02-24,892,36454,509,16257,383,20197,0,0,274,14694,617,10873,274,25567,California
Shasta,2021-02-25,519,36973,163,16420,356,20553,0,0,163,14502,355,11228,163,25730,California
Shasta,2021-02-26,797,37770,98,16518,699,21252,0,0,337,14380,459,11687,337,26067,California
Shasta,2021-02-27,829,38599,27,16545,802,22054,0,0,189,13932,637,12324,189,26256,California
Shasta,2021-02-28,176,38775,4,16549,172,22226,0,0,127,14010,49,12373,127,26383,California
Shasta,2021-03-01,589,39364,61,16610,528,22754,0,0,298,14018,290,12663,298,26681,California
Shasta,2021-03-02,1030,40394,474,17084,556,23310,0,0,338,13666,690,13353,338,27019,California
Shasta,2021-03-03,680,41074,175,17259,505,23815,0,0,247,13480,433,13786,247,27266,California
Shasta,2021-03-04,3038,44112,2421,19680,617,24432,0,0,1734,13914,1301,15087,1735,29001,California
Shasta,2021-03-05,1560,45672,162,19842,1369,25801,29,29,787,13956,774,15861,816,29817,California
Shasta,2021-03-06,2743,48415,385,20227,2311,28112,47,76,855,12972,1886,17747,902,30719,California
Shasta,2021-03-07,93,48508,4,20231,57,28169,32,108,39,12989,54,17801,71,30790,California
Shasta,2021-03-08,571,49079,48,20279,384,28553,139,247,157,12873,412,18213,296,31086,California
Shasta,2021-03-09,1256,50335,596,20875,482,29035,178,425,696,13187,559,18772,873,31959,California
Shasta,2021-03-10,805,51140,258,21133,345,29380,202,627,142,12867,662,19434,342,32301,California
Shasta,2021-03-11,1560,52700,472,21605,817,30197,271,898,943,13467,614,20048,1214,33515,California
Shasta,2021-03-12,1562,54262,847,22452,466,30663,249,1147,412,12977,1149,21197,659,34174,California
Shasta,2021-03-13,759,55021,425,22877,233,30896,101,1248,475,13269,282,21479,574,34748,California
Shasta,2021-03-14,1017,56038,8,22885,986,31882,23,1271,878,14033,139,21618,903,35651,California
Shasta,2021-03-15,497,56535,36,22921,361,32243,100,1371,209,14053,288,21906,308,35959,California
Shasta,2021-03-16,1142,57677,150,23071,925,33168,67,1438,858,14694,284,22190,925,36884,California
Shasta,2021-03-17,739,58416,191,23262,490,33658,58,1496,398,14817,333,22523,456,37340,California
Shasta,2021-03-18,1548,59964,589,23851,855,34513,104,1600,1117,15611,427,22950,1221,38561,California
Shasta,2021-03-19,647,60611,198,24049,393,34906,56,1656,412,15845,234,23184,468,39029,California
Shasta,2021-03-20,749,61360,490,24539,245,35151,14,1670,600,16310,149,23333,614,39643,California
Shasta,2021-03-21,312,61672,297,24836,4,35155,11,1681,285,16580,26,23359,296,39939,California
Shasta,2021-03-22,347,62019,37,24873,274,35429,36,1717,199,16668,147,23506,235,40174,California
Shasta,2021-03-23,1312,63331,653,25526,600,36029,59,1776,759,16938,548,24054,818,40992,California
Shasta,2021-03-24,609,63940,155,25681,416,36445,38,1814,365,17098,243,24297,403,41395,California
Shasta,2021-03-25,1134,65074,451,26132,662,37107,21,1835,823,17634,309,24606,845,42240,California
Shasta,2021-03-26,1838,66912,1404,27536,404,37511,30,1865,1477,18781,361,24967,1508,43748,California
Shasta,2021-03-27,1595,68507,406,27942,317,37828,872,2737,577,19210,1016,25983,1445,45193,California
Shasta,2021-03-28,408,68915,301,28243,97,37925,10,2747,302,19418,104,26087,312,45505,California
Shasta,2021-03-29,424,69339,40,28283,372,38297,12,2759,168,19343,255,26342,180,45685,California
Shasta,2021-03-30,1250,70589,770,29053,463,38760,17,2776,626,19365,621,26963,643,46328,California
Shasta,2021-03-31,620,71209,207,29260,407,39167,6,2782,383,19521,233,27196,389,46717,California
Shasta,2021-04-01,897,72106,247,29507,637,39804,13,2795,575,19789,320,27516,588,47305,California
Shasta,2021-04-02,757,72863,199,29706,503,40307,55,2850,412,19913,343,27859,467,47772,California
Shasta,2021-04-03,513,73376,361,30067,133,40440,19,2869,388,20195,125,27984,407,48179,California
Shasta,2021-04-04,292,73668,175,30242,96,40536,21,2890,218,20360,74,28058,239,48418,California
Shasta,2021-04-05,444,74112,68,30310,312,40848,64,2954,252,20484,192,28250,316,48734,California
Shasta,2021-04-06,1172,75284,487,30797,507,41355,178,3132,540,20574,627,28877,717,49451,California
Shasta,2021-04-07,664,75948,216,31013,283,41638,165,3297,260,20597,400,29277,423,49874,California
Shasta,2021-04-08,1155,77103,264,31277,734,42372,157,3454,222,20045,930,30207,378,50252,California
Shasta,2021-04-09,2601,79704,2078,33355,309,42681,214,3668,2017,21695,577,30784,2227,52479,California
Shasta,2021-04-10,884,80588,596,33951,157,42838,131,3799,269,21479,614,31398,398,52877,California
Shasta,2021-04-11,1251,81839,398,34349,833,43671,20,3819,144,20540,1103,32501,164,53041,California
Shasta,2021-04-12,342,82181,7,34356,271,43942,64,3883,98,20458,243,32744,161,53202,California
Shasta,2021-04-13,1278,83459,368,34724,908,44850,2,3885,339,19864,934,33678,340,53542,California
Shasta,2021-04-14,593,84052,142,34866,449,45299,2,3887,220,19714,372,34050,222,53764,California
Shasta,2021-04-15,1086,85138,258,35124,827,46126,1,3888,301,19236,779,34829,301,54065,California
Shasta,2021-04-16,2360,87498,1859,36983,501,46627,0,3888,950,18778,1408,36237,950,55015,California
Shasta,2021-04-17,648,88146,417,37400,231,46858,0,3888,193,18517,455,36692,194,55209,California
Shasta,2021-04-18,270,88416,244,37644,26,46884,0,3888,35,18319,233,36925,35,55244,California
Shasta,2021-04-19,386,88802,28,37672,358,47242,0,3888,168,18269,218,37143,168,55412,California
Shasta,2021-04-20,1030,89832,266,37938,764,48006,0,3888,385,18011,643,37786,385,55797,California
Shasta,2021-04-21,625,90457,229,38167,396,48402,0,3888,317,18020,308,38094,317,56114,California
Shasta,2021-04-22,971,91428,285,38452,686,49088,0,3888,301,17653,668,38762,301,56415,California
Shasta,2021-04-23,669,92097,263,38715,406,49494,0,3888,339,17663,329,39091,339,56754,California
Shasta,2021-04-24,602,92699,359,39074,242,49736,1,3889,109,17281,491,39582,109,56863,California
Shasta,2021-04-25,210,92909,180,39254,29,49765,1,3890,36,17144,174,39756,37,56900,California
Shasta,2021-04-26,506,93415,57,39311,444,50209,5,3895,356,17356,148,39904,360,57260,California
Shasta,2021-04-27,553,93968,183,39494,330,50539,40,3935,304,17451,246,40150,341,57601,California
Shasta,2021-04-28,583,94551,165,39659,385,50924,33,3968,250,17400,333,40483,282,57883,California
Shasta,2021-04-29,785,95336,121,39780,640,51564,24,3992,180,17000,604,41087,204,58087,California
Shasta,2021-04-30,2272,97608,1845,41625,396,51960,31,4023,271,15302,2000,43087,302,58389,California
Shasta,2021-05-01,224,97832,20,41645,128,52088,76,4099,96,15346,128,43215,172,58561,California
Shasta,2021-05-02,47,97879,17,41662,17,52105,13,4112,20,15352,27,43242,33,58594,California
Shasta,2021-05-03,354,98233,95,41757,233,52338,26,4138,113,15251,240,43482,139,58733,California
Shasta,2021-05-04,537,98770,200,41957,298,52636,39,4177,253,15262,281,43763,292,59025,California
Shasta,2021-05-05,452,99222,153,42110,281,52917,18,4195,207,15242,245,44008,225,59250,California
Shasta,2021-05-06,695,99917,265,42375,390,53307,40,4235,298,15190,388,44396,336,59586,California
Shasta,2021-05-07,1118,101035,737,43112,342,53649,39,4274,305,14722,812,45208,344,59930,California
Shasta,2021-05-08,167,101202,83,43195,73,53722,11,4285,97,14759,70,45278,107,60037,California
Shasta,2021-05-09,66,101268,15,43210,46,53768,5,4290,35,14768,31,45309,40,60077,California
Shasta,2021-05-10,257,101525,21,43231,187,53955,49,4339,111,14782,144,45453,158,60235,California
Shasta,2021-05-11,522,102047,160,43391,211,54166,151,4490,182,14776,339,45792,333,60568,California
Shasta,2021-05-12,398,102445,146,43537,228,54394,24,4514,133,14669,264,46056,157,60725,California
Shasta,2021-05-13,579,103024,239,43776,323,54717,17,4531,224,14557,353,46409,241,60966,California
Shasta,2021-05-14,648,103672,275,44051,347,55064,26,4557,298,14533,349,46758,325,61291,California
Shasta,2021-05-15,400,104072,130,44181,165,55229,105,4662,168,14574,231,46989,272,61563,California
Shasta,2021-05-16,222,104294,155,44336,57,55286,10,4672,163,14688,59,47048,173,61736,California
Shasta,2021-05-17,539,104833,245,44581,234,55520,60,4732,283,14776,255,47303,343,62079,California
Shasta,2021-05-18,612,105445,293,44874,295,55815,24,4756,324,14835,289,47592,348,62427,California
Shasta,2021-05-19,591,106036,280,45154,243,56058,68,4824,281,14878,306,47898,349,62776,California
Shasta,2021-05-20,576,106612,265,45419,292,56350,19,4843,277,14876,297,48195,295,63071,California
Shasta,2021-05-21,657,107269,301,45720,337,56687,19,4862,331,14903,323,48518,350,63421,California
Shasta,2021-05-22,235,107504,133,45853,94,56781,8,4870,144,14968,88,48606,153,63574,California
Shasta,2021-05-23,114,107618,49,45902,56,56837,9,4879,69,15001,45,48651,78,63652,California
Shasta,2021-05-24,532,108150,163,46065,338,57175,31,4910,186,14873,345,48996,217,63869,California
Shasta,2021-05-25,466,108616,199,46264,222,57397,45,4955,159,14773,303,49299,203,64072,California
Shasta,2021-05-26,372,108988,147,46411,200,57597,25,4980,148,14723,223,49522,173,64245,California
Shasta,2021-05-27,422,109410,154,46565,259,57856,9,4989,155,14623,264,49786,164,64409,California
Shasta,2021-05-28,444,109854,198,46763,217,58073,29,5018,207,14625,234,50020,236,64645,California
Shasta,2021-05-29,225,110079,63,46826,131,58204,31,5049,88,14610,137,50157,122,64767,California
Shasta,2021-05-30,88,110167,51,46877,35,58239,2,5051,59,14643,29,50186,62,64829,California
Shasta,2021-05-31,35,110202,8,46885,26,58265,1,5052,11,14632,23,50209,12,64841,California
Shasta,2021-06-01,532,110734,156,47041,230,58495,146,5198,137,14529,388,50597,285,65126,California
Shasta,2021-06-02,294,111028,119,47160,166,58661,9,5207,120,14486,172,50769,129,65255,California
Shasta,2021-06-03,365,111393,153,47313,203,58864,9,5216,115,14361,249,51018,124,65379,California
Shasta,2021-06-04,575,111968,284,47597,263,59127,28,5244,200,14216,374,51392,229,65608,California
Shasta,2021-06-05,259,112227,154,47751,88,59215,17,5261,77,14135,181,51573,100,65708,California
Shasta,2021-06-06,163,112390,128,47879,33,59248,2,5263,48,14071,115,51688,51,65759,California
Shasta,2021-06-07,403,112793,234,48113,152,59400,17,5280,110,13906,292,51980,127,65886,California
Shasta,2021-06-08,506,113299,298,48411,162,59562,46,5326,151,13751,351,52331,196,66082,California
Shasta,2021-06-09,485,113784,274,48685,123,59685,88,5414,111,13578,371,52702,198,66280,California
Shasta,2021-06-10,417,114201,252,48937,140,59825,25,5439,125,13442,286,52988,150,66430,California
Shasta,2021-06-11,456,114657,255,49192,165,59990,36,5475,126,13275,328,53316,161,66591,California
Shasta,2021-06-12,213,114870,140,49332,67,60057,6,5481,79,13227,133,53449,85,66676,California
Shasta,2021-06-13,89,114959,55,49387,32,60089,2,5483,25,13190,64,53513,27,66703,California
Shasta,2021-06-14,287,115246,156,49543,112,60201,19,5502,84,13091,202,53715,103,66806,California
Shasta,2021-06-15,462,115708,233,49776,111,60312,118,5620,163,13072,294,54009,275,67081,California
Shasta,2021-06-16,258,115966,150,49926,96,60408,12,5632,82,12994,172,54181,94,67175,California
Shasta,2021-06-17,292,116258,125,50051,131,60539,36,5668,107,12953,184,54365,143,67318,California
Shasta,2021-06-18,357,116615,226,50277,110,60649,21,5689,151,12920,205,54570,172,67490,California
Shasta,2021-06-19,116,116731,75,50352,39,60688,2,5691,53,12914,62,54632,56,67546,California
Shasta,2021-06-20,59,116790,37,50389,19,60707,3,5694,23,12904,36,54668,26,67572,California
Shasta,2021-06-21,209,116999,72,50461,108,60815,29,5723,86,12897,122,54790,115,67687,California
Shasta,2021-06-22,368,117367,138,50599,82,60897,148,5871,93,12861,267,55057,231,67918,California
Shasta,2021-06-23,217,117584,131,50730,72,60969,14,5885,93,12845,123,55180,107,68025,California
Shasta,2021-06-24,229,117813,135,50865,77,61046,17,5902,92,12819,135,55315,109,68134,California
Shasta,2021-06-25,166,117979,121,50986,37,61083,8,5910,65,12791,101,55416,73,68207,California
Sierra,2020-12-18,1,1,1,1,0,0,0,0,1,1,0,0,1,1,California
Sierra,2020-12-21,2,3,2,3,0,0,0,0,2,3,0,0,2,3,California
Sierra,2020-12-22,12,15,12,15,0,0,0,0,12,15,0,0,12,15,California
Sierra,2020-12-23,4,19,4,19,0,0,0,0,4,19,0,0,4,19,California
Sierra,2020-12-28,1,20,0,19,1,1,0,0,1,20,0,0,1,20,California
Sierra,2020-12-29,49,69,7,26,42,43,0,0,49,69,0,0,49,69,California
Sierra,2020-12-30,2,71,0,26,2,45,0,0,2,71,0,0,2,71,California
Sierra,2020-12-31,13,84,0,26,13,58,0,0,13,84,0,0,13,84,California
Sierra,2021-01-01,1,85,1,27,0,58,0,0,1,85,0,0,1,85,California
Sierra,2021-01-05,63,148,2,29,61,119,0,0,63,148,0,0,63,148,California
Sierra,2021-01-06,1,149,1,30,0,119,0,0,1,149,0,0,1,149,California
Sierra,2021-01-07,21,170,1,31,20,139,0,0,20,168,1,1,20,169,California
Sierra,2021-01-08,1,171,1,32,0,139,0,0,1,169,0,1,1,170,California
Sierra,2021-01-11,3,174,3,35,0,139,0,0,0,166,3,4,0,170,California
Sierra,2021-01-12,39,213,12,47,27,166,0,0,27,181,12,16,27,197,California
Sierra,2021-01-13,4,217,3,50,1,167,0,0,1,179,3,19,1,198,California
Sierra,2021-01-14,35,252,2,52,33,200,0,0,35,214,0,19,35,233,California
Sierra,2021-01-15,3,255,1,53,2,202,0,0,3,217,0,19,3,236,California
Sierra,2021-01-18,3,258,0,53,3,205,0,0,3,220,0,19,3,239,California
Sierra,2021-01-19,31,289,0,53,31,236,0,0,31,251,0,19,31,270,California
Sierra,2021-01-20,1,290,1,54,0,236,0,0,1,252,0,19,1,271,California
Sierra,2021-01-21,52,342,0,54,52,288,0,0,52,304,0,19,52,323,California
Sierra,2021-01-22,2,344,0,54,2,290,0,0,2,306,0,19,2,325,California
Sierra,2021-01-23,2,346,0,54,2,292,0,0,2,308,0,19,2,327,California
Sierra,2021-01-25,1,347,1,55,0,292,0,0,1,309,0,19,1,328,California
Sierra,2021-01-26,62,409,1,56,61,353,0,0,24,295,38,57,24,352,California
Sierra,2021-01-27,4,413,4,60,0,353,0,0,0,291,4,61,0,352,California
Sierra,2021-01-28,53,466,0,60,53,406,0,0,43,324,10,71,43,395,California
Sierra,2021-01-29,2,468,0,60,2,408,0,0,2,326,0,71,2,397,California
Sierra,2021-01-30,3,471,3,63,0,408,0,0,2,327,1,72,2,399,California
Sierra,2021-02-01,1,472,0,63,1,409,0,0,0,326,1,73,0,399,California
Sierra,2021-02-02,57,529,1,64,56,465,0,0,18,305,39,112,18,417,California
Sierra,2021-02-03,6,535,5,69,1,466,0,0,5,309,1,113,5,422,California
Sierra,2021-02-04,102,637,5,74,97,563,0,0,53,313,49,162,53,475,California
Sierra,2021-02-05,6,643,4,78,2,565,0,0,5,317,1,163,5,480,California
Sierra,2021-02-09,51,694,0,78,51,616,0,0,48,362,3,166,48,528,California
Sierra,2021-02-10,5,699,2,80,3,619,0,0,4,365,1,167,4,532,California
Sierra,2021-02-11,195,894,1,81,194,813,0,0,134,438,61,228,134,666,California
Sierra,2021-02-12,20,914,0,81,20,833,0,0,20,458,0,228,20,686,California
Sierra,2021-02-13,1,915,1,82,0,833,0,0,1,459,0,228,1,687,California
Sierra,2021-02-15,3,918,3,85,0,833,0,0,0,456,3,231,0,687,California
Sierra,2021-02-16,43,961,1,86,42,875,0,0,10,433,33,264,10,697,California
Sierra,2021-02-17,4,965,0,86,4,879,0,0,1,431,3,267,1,698,California
Sierra,2021-02-18,139,1104,0,86,139,1018,0,0,90,472,49,316,90,788,California
Sierra,2021-02-19,2,1106,1,87,1,1019,0,0,1,472,1,317,1,789,California
Sierra,2021-02-20,2,1108,2,89,0,1019,0,0,0,470,2,319,0,789,California
Sierra,2021-02-22,1,1109,1,90,0,1019,0,0,1,471,0,319,1,790,California
Sierra,2021-02-23,4,1113,0,90,4,1023,0,0,4,475,0,319,4,794,California
Sierra,2021-02-24,3,1116,2,92,1,1024,0,0,3,478,0,319,3,797,California
Sierra,2021-02-25,124,1240,2,94,122,1146,0,0,58,471,65,384,58,855,California
Sierra,2021-02-26,11,1251,6,100,5,1151,0,0,4,468,7,391,4,859,California
Sierra,2021-02-27,2,1253,2,102,0,1151,0,0,0,466,2,393,0,859,California
Sierra,2021-03-01,2,1255,2,104,0,1151,0,0,0,464,2,395,0,859,California
Sierra,2021-03-02,56,1311,0,104,56,1207,0,0,38,484,18,413,38,897,California
Sierra,2021-03-03,2,1313,2,106,0,1207,0,0,1,484,1,414,1,898,California
Sierra,2021-03-04,108,1421,0,106,108,1315,0,0,60,496,48,462,60,958,California
Sierra,2021-03-05,13,1434,1,107,12,1327,0,0,11,505,2,464,11,969,California
Sierra,2021-03-07,1,1435,1,108,0,1327,0,0,0,504,1,465,0,969,California
Sierra,2021-03-08,2,1437,2,110,0,1327,0,0,2,506,0,465,2,971,California
Sierra,2021-03-09,56,1493,0,110,56,1383,0,0,12,474,44,509,12,983,California
Sierra,2021-03-10,6,1499,0,110,6,1389,0,0,4,476,2,511,4,987,California
Sierra,2021-03-11,173,1672,0,110,173,1562,0,0,41,385,132,643,41,1028,California
Sierra,2021-03-12,20,1692,1,111,19,1581,0,0,0,365,20,663,0,1028,California
Sierra,2021-03-13,27,1719,0,111,27,1608,0,0,27,392,0,663,27,1055,California
Sierra,2021-03-14,1,1720,0,111,0,1608,1,1,0,392,1,664,1,1056,California
Sierra,2021-03-15,2,1722,1,112,0,1608,1,2,0,391,2,666,1,1057,California
Sierra,2021-03-16,35,1757,0,112,34,1642,1,3,22,401,13,679,23,1080,California
Sierra,2021-03-17,3,1760,2,114,1,1643,0,3,0,398,3,682,0,1080,California
Sierra,2021-03-18,157,1917,0,114,157,1800,0,3,65,371,92,774,65,1145,California
Sierra,2021-03-19,4,1921,2,116,2,1802,0,3,1,369,3,777,1,1146,California
Sierra,2021-03-20,1,1922,0,116,1,1803,0,3,1,370,0,777,1,1147,California
Sierra,2021-03-23,22,1944,0,116,22,1825,0,3,13,374,9,786,13,1160,California
Sierra,2021-03-24,3,1947,1,117,2,1827,0,3,1,373,2,788,1,1161,California
Sierra,2021-03-25,99,2046,1,118,98,1925,0,3,50,374,49,837,50,1211,California
Sierra,2021-03-26,12,2058,1,119,11,1936,0,3,8,378,4,841,8,1219,California
Sierra,2021-03-27,1,2059,0,119,1,1937,0,3,0,377,1,842,0,1219,California
Sierra,2021-03-29,1,2060,1,120,0,1937,0,3,0,376,1,843,0,1219,California
Sierra,2021-03-30,54,2114,1,121,53,1990,0,3,22,366,32,875,22,1241,California
Sierra,2021-03-31,8,2122,0,121,8,1998,0,3,8,374,0,875,8,1249,California
Sierra,2021-04-01,63,2185,1,122,62,2060,0,3,5,323,56,931,5,1254,California
Sierra,2021-04-02,3,2188,2,124,1,2061,0,3,2,324,1,932,2,1256,California
Sierra,2021-04-04,1,2189,0,124,1,2062,0,3,0,324,0,932,0,1256,California
Sierra,2021-04-06,11,2200,0,124,11,2073,0,3,1,315,10,942,1,1257,California
Sierra,2021-04-07,14,2214,3,127,6,2079,5,8,3,313,10,952,8,1265,California
Sierra,2021-04-08,53,2267,2,129,51,2130,0,8,16,292,37,989,16,1281,California
Sierra,2021-04-09,2,2269,2,131,0,2130,0,8,1,292,1,990,1,1282,California
Sierra,2021-04-10,27,2296,0,131,27,2157,0,8,0,265,27,1017,0,1282,California
Sierra,2021-04-13,43,2339,0,131,43,2200,0,8,5,232,38,1055,5,1287,California
Sierra,2021-04-14,1,2340,0,131,1,2201,0,8,1,233,0,1055,1,1288,California
Sierra,2021-04-15,48,2388,1,132,47,2248,0,8,2,189,46,1101,2,1290,California
Sierra,2021-04-17,2,2390,1,133,1,2249,0,8,1,189,1,1102,1,1291,California
Sierra,2021-04-18,1,2391,0,133,1,2250,0,8,0,189,0,1102,0,1291,California
Sierra,2021-04-19,1,2392,1,134,0,2250,0,8,0,188,1,1103,0,1291,California
Sierra,2021-04-20,34,2426,1,135,33,2283,0,8,7,168,27,1130,7,1298,California
Sierra,2021-04-21,2,2428,1,136,1,2284,0,8,1,168,1,1131,1,1299,California
Sierra,2021-04-22,64,2492,1,137,63,2347,0,8,5,115,58,1189,5,1304,California
Sierra,2021-04-23,14,2506,0,137,14,2361,0,8,5,111,9,1198,5,1309,California
Sierra,2021-04-24,4,2510,0,137,4,2365,0,8,4,115,0,1198,4,1313,California
Sierra,2021-04-27,27,2537,0,137,27,2392,0,8,4,96,23,1221,4,1317,California
Sierra,2021-04-28,10,2547,2,139,8,2400,0,8,1,88,9,1230,1,1318,California
Sierra,2021-04-29,20,2567,2,141,18,2418,0,8,14,96,6,1236,14,1332,California
Sierra,2021-04-30,4,2571,2,143,2,2420,0,8,2,96,2,1238,2,1334,California
Sierra,2021-05-01,1,2572,0,143,1,2421,0,8,0,96,0,1238,0,1334,California
Sierra,2021-05-03,1,2573,1,144,0,2421,0,8,1,97,0,1238,1,1335,California
Sierra,2021-05-04,1,2574,0,144,1,2422,0,8,0,96,1,1239,0,1335,California
Sierra,2021-05-05,22,2596,0,144,22,2444,0,8,7,88,15,1254,7,1342,California
Sierra,2021-05-06,1,2597,1,145,0,2444,0,8,0,87,1,1255,0,1342,California
Sierra,2021-05-07,1,2598,1,146,0,2444,0,8,1,88,0,1255,1,1343,California
Sierra,2021-05-08,1,2599,0,146,0,2444,1,9,0,88,1,1256,1,1344,California
Sierra,2021-05-11,11,2610,0,146,4,2448,7,16,0,84,11,1267,7,1351,California
Sierra,2021-05-12,11,2621,1,147,10,2458,0,16,8,89,3,1270,8,1359,California
Sierra,2021-05-13,3,2624,2,149,1,2459,0,16,2,90,1,1271,2,1361,California
Sierra,2021-05-14,3,2627,1,150,2,2461,0,16,3,93,0,1271,3,1364,California
Sierra,2021-05-17,1,2628,1,151,0,2461,0,16,1,94,0,1271,1,1365,California
Sierra,2021-05-18,2,2630,0,151,1,2462,1,17,0,93,2,1273,1,1366,California
Sierra,2021-05-19,5,2635,2,153,3,2465,0,17,1,90,4,1277,1,1367,California
Sierra,2021-05-20,9,2644,8,161,0,2465,1,18,8,98,1,1278,9,1376,California
Sierra,2021-05-21,5,2649,2,163,3,2468,0,18,1,95,4,1282,1,1377,California
Sierra,2021-05-22,5,2654,0,163,5,2473,0,18,1,92,4,1286,1,1378,California
Sierra,2021-05-23,1,2655,0,163,1,2474,0,18,1,93,0,1286,1,1379,California
Sierra,2021-05-24,3,2658,1,164,2,2476,0,18,2,94,1,1287,2,1381,California
Sierra,2021-05-25,3,2661,0,164,3,2479,0,18,1,93,2,1289,1,1382,California
Sierra,2021-05-26,8,2669,0,164,8,2487,0,18,4,93,4,1293,4,1386,California
Sierra,2021-05-27,9,2678,1,165,7,2494,1,19,2,89,7,1300,3,1389,California
Sierra,2021-05-28,4,2682,2,167,2,2496,0,19,2,89,2,1302,2,1391,California
Sierra,2021-05-29,2,2684,0,167,2,2498,0,19,2,91,0,1302,2,1393,California
Sierra,2021-05-30,1,2685,1,168,0,2498,0,19,1,92,0,1302,1,1394,California
Sierra,2021-06-01,1,2686,0,168,1,2499,0,19,0,91,1,1303,0,1394,California
Sierra,2021-06-02,23,2709,0,168,21,2520,2,21,0,71,22,1325,2,1396,California
Sierra,2021-06-03,3,2712,2,170,1,2521,0,21,0,68,3,1328,0,1396,California
Sierra,2021-06-04,2,2714,2,172,0,2521,0,21,1,68,1,1329,1,1397,California
Sierra,2021-06-08,1,2715,1,173,0,2521,0,21,1,69,0,1329,1,1398,California
Sierra,2021-06-09,8,2723,1,174,5,2526,2,23,0,63,8,1337,2,1400,California
Sierra,2021-06-10,8,2731,8,182,0,2526,0,23,4,63,4,1341,4,1404,California
Sierra,2021-06-11,3,2734,1,183,2,2528,0,23,0,60,3,1344,0,1404,California
Sierra,2021-06-12,1,2735,1,184,0,2528,0,23,1,61,0,1344,1,1405,California
Sierra,2021-06-13,1,2736,1,185,0,2528,0,23,0,60,1,1345,0,1405,California
Sierra,2021-06-14,6,2742,4,189,1,2529,1,24,2,59,4,1349,3,1408,California
Sierra,2021-06-15,2,2744,1,190,1,2530,0,24,1,60,0,1349,1,1409,California
Sierra,2021-06-16,3,2747,0,190,3,2533,0,24,2,61,1,1350,2,1411,California
Sierra,2021-06-17,4,2751,2,192,1,2534,1,25,2,62,2,1352,3,1414,California
Sierra,2021-06-18,2,2753,1,193,0,2534,1,26,0,61,2,1354,1,1415,California
Sierra,2021-06-21,1,2754,0,193,1,2535,0,26,0,60,1,1355,0,1415,California
Sierra,2021-06-22,5,2759,3,196,2,2537,0,26,3,61,2,1357,3,1418,California
Sierra,2021-06-23,6,2765,0,196,6,2543,0,26,2,59,4,1361,2,1420,California
Sierra,2021-06-24,6,2771,0,196,2,2545,4,30,1,59,5,1366,5,1425,California
Siskiyou,2020-12-16,2,2,2,2,0,0,0,0,2,2,0,0,2,2,California
Siskiyou,2020-12-17,4,6,4,6,0,0,0,0,4,6,0,0,4,6,California
Siskiyou,2020-12-18,2,8,2,8,0,0,0,0,2,8,0,0,2,8,California
Siskiyou,2020-12-19,4,12,4,12,0,0,0,0,4,12,0,0,4,12,California
Siskiyou,2020-12-20,1,13,1,13,0,0,0,0,1,13,0,0,1,13,California
Siskiyou,2020-12-21,132,145,132,145,0,0,0,0,132,145,0,0,132,145,California
Siskiyou,2020-12-22,159,304,159,304,0,0,0,0,159,304,0,0,159,304,California
Siskiyou,2020-12-23,142,446,142,446,0,0,0,0,142,446,0,0,142,446,California
Siskiyou,2020-12-24,5,451,5,451,0,0,0,0,5,451,0,0,5,451,California
Siskiyou,2020-12-26,2,453,0,451,2,2,0,0,2,453,0,0,2,453,California
Siskiyou,2020-12-27,2,455,0,451,2,4,0,0,2,455,0,0,2,455,California
Siskiyou,2020-12-28,3,458,1,452,2,6,0,0,3,458,0,0,3,458,California
Siskiyou,2020-12-29,6,464,2,454,4,10,0,0,6,464,0,0,6,464,California
Siskiyou,2020-12-30,100,564,3,457,97,107,0,0,100,564,0,0,100,564,California
Siskiyou,2020-12-31,12,576,0,457,12,119,0,0,12,576,0,0,12,576,California
Siskiyou,2021-01-02,1,577,1,458,0,119,0,0,1,577,0,0,1,577,California
Siskiyou,2021-01-03,1,578,0,458,1,120,0,0,1,578,0,0,1,578,California
Siskiyou,2021-01-04,130,708,3,461,127,247,0,0,130,708,0,0,130,708,California
Siskiyou,2021-01-05,118,826,4,465,114,361,0,0,116,823,2,2,117,825,California
Siskiyou,2021-01-06,59,885,6,471,53,414,0,0,55,874,4,6,55,880,California
Siskiyou,2021-01-07,178,1063,4,475,174,588,0,0,177,1050,1,7,177,1057,California
Siskiyou,2021-01-08,41,1104,3,478,38,626,0,0,39,1087,2,9,39,1096,California
Siskiyou,2021-01-09,3,1107,3,481,0,626,0,0,1,1086,2,11,1,1097,California
Siskiyou,2021-01-11,226,1333,65,546,161,787,0,0,163,1186,63,74,163,1260,California
Siskiyou,2021-01-12,324,1657,274,820,50,837,0,0,91,1045,233,307,92,1352,California
Siskiyou,2021-01-13,158,1815,137,957,21,858,0,0,23,933,135,442,23,1375,California
Siskiyou,2021-01-14,36,1851,1,958,35,893,0,0,35,967,1,443,35,1410,California
Siskiyou,2021-01-15,55,1906,3,961,52,945,0,0,55,1022,0,443,55,1465,California
Siskiyou,2021-01-16,7,1913,2,963,5,950,0,0,7,1029,0,443,7,1472,California
Siskiyou,2021-01-17,1,1914,1,964,0,950,0,0,0,1028,1,444,0,1472,California
Siskiyou,2021-01-18,75,1989,3,967,72,1022,0,0,73,1099,2,446,73,1545,California
Siskiyou,2021-01-19,41,2030,1,968,40,1062,0,0,40,1138,1,447,40,1585,California
Siskiyou,2021-01-20,68,2098,35,1003,33,1095,0,0,64,1198,4,451,64,1649,California
Siskiyou,2021-01-21,68,2166,1,1004,67,1162,0,0,68,1266,0,451,68,1717,California
Siskiyou,2021-01-22,1343,3509,1175,2179,168,1330,0,0,1343,2609,0,451,1343,3060,California
Siskiyou,2021-01-23,6,3515,2,2181,4,1334,0,0,3,2609,3,454,3,3063,California
Siskiyou,2021-01-25,208,3723,8,2189,200,1534,0,0,204,2809,4,458,204,3267,California
Siskiyou,2021-01-26,158,3881,4,2193,154,1688,0,0,149,2949,9,467,149,3416,California
Siskiyou,2021-01-27,202,4083,2,2195,200,1888,0,0,138,3024,63,530,138,3554,California
Siskiyou,2021-01-28,260,4343,118,2313,142,2030,0,0,235,3240,19,549,235,3789,California
Siskiyou,2021-01-29,272,4615,3,2316,269,2299,0,0,253,3474,19,568,253,4042,California
Siskiyou,2021-01-30,6,4621,5,2321,1,2300,0,0,6,3480,0,568,6,4048,California
Siskiyou,2021-02-01,215,4836,3,2324,212,2512,0,0,114,3493,101,669,114,4162,California
Siskiyou,2021-02-02,318,5154,45,2369,273,2785,0,0,165,3505,153,822,165,4327,California
Siskiyou,2021-02-03,334,5488,1,2370,333,3118,0,0,265,3701,69,891,265,4592,California
Siskiyou,2021-02-04,368,5856,7,2377,361,3479,0,0,227,3787,141,1032,227,4819,California
Siskiyou,2021-02-05,545,6401,4,2381,541,4020,0,0,370,3982,175,1207,370,5189,California
Siskiyou,2021-02-06,15,6416,0,2381,15,4035,0,0,15,3997,0,1207,15,5204,California
Siskiyou,2021-02-07,2,6418,1,2382,1,4036,0,0,2,3999,0,1207,2,5206,California
Siskiyou,2021-02-08,243,6661,4,2386,239,4275,0,0,217,4190,26,1233,217,5423,California
Siskiyou,2021-02-09,248,6909,4,2390,244,4519,0,0,195,4332,53,1286,195,5618,California
Siskiyou,2021-02-10,390,7299,41,2431,349,4868,0,0,320,4583,69,1355,320,5938,California
Siskiyou,2021-02-11,215,7514,1,2432,214,5082,0,0,185,4738,30,1385,185,6123,California
Siskiyou,2021-02-12,1706,9220,1200,3632,506,5588,0,0,500,4032,1206,2591,500,6623,California
Siskiyou,2021-02-13,36,9256,2,3634,34,5622,0,0,31,4058,5,2596,31,6654,California
Siskiyou,2021-02-14,6,9262,2,3636,4,5626,0,0,6,4064,0,2596,6,6660,California
Siskiyou,2021-02-15,105,9367,8,3644,97,5723,0,0,103,4165,2,2598,103,6763,California
Siskiyou,2021-02-16,136,9503,2,3646,134,5857,0,0,100,4229,36,2634,100,6863,California
Siskiyou,2021-02-17,298,9801,16,3662,282,6139,0,0,261,4453,37,2671,261,7124,California
Siskiyou,2021-02-18,270,10071,88,3750,182,6321,0,0,128,4439,142,2813,128,7252,California
Siskiyou,2021-02-19,96,10167,34,3784,62,6383,0,0,35,4415,59,2872,35,7287,California
Siskiyou,2021-02-20,23,10190,5,3789,18,6401,0,0,16,4426,7,2879,18,7305,California
Siskiyou,2021-02-21,1,10191,1,3790,0,6401,0,0,1,4427,0,2879,1,7306,California
Siskiyou,2021-02-22,207,10398,2,3792,205,6606,0,0,75,4370,132,3011,75,7381,California
Siskiyou,2021-02-23,346,10744,15,3807,331,6937,0,0,194,4412,152,3163,194,7575,California
Siskiyou,2021-02-24,172,10916,5,3812,167,7104,0,0,49,4338,123,3286,49,7624,California
Siskiyou,2021-02-25,312,11228,25,3837,287,7391,0,0,157,4341,154,3440,157,7781,California
Siskiyou,2021-02-26,674,11902,11,3848,663,8054,0,0,369,4405,305,3745,369,8150,California
Siskiyou,2021-02-27,32,11934,5,3853,27,8081,0,0,28,4429,4,3749,28,8178,California
Siskiyou,2021-02-28,4,11938,4,3857,0,8081,0,0,3,4431,1,3750,3,8181,California
Siskiyou,2021-03-01,291,12229,6,3863,285,8366,0,0,50,4240,241,3991,50,8231,California
Siskiyou,2021-03-02,211,12440,1,3864,210,8576,0,0,70,4169,141,4132,70,8301,California
Siskiyou,2021-03-03,350,12790,12,3876,338,8914,0,0,155,4129,195,4327,155,8456,California
Siskiyou,2021-03-04,827,13617,622,4498,205,9119,0,0,646,4594,181,4508,646,9102,California
Siskiyou,2021-03-05,347,13964,6,4504,330,9449,11,11,105,4471,239,4747,116,9218,California
Siskiyou,2021-03-06,43,14007,3,4507,33,9482,7,18,28,4491,15,4762,35,9253,California
Siskiyou,2021-03-07,12,14019,4,4511,0,9482,8,26,2,4491,10,4772,10,9263,California
Siskiyou,2021-03-08,367,14386,28,4539,304,9786,35,61,67,4293,300,5072,102,9365,California
Siskiyou,2021-03-09,176,14562,2,4541,120,9906,54,115,43,4257,133,5205,97,9462,California
Siskiyou,2021-03-10,222,14784,7,4548,185,10091,30,145,26,4117,196,5401,56,9518,California
Siskiyou,2021-03-11,492,15276,205,4753,240,10331,47,192,282,4237,209,5610,329,9847,California
Siskiyou,2021-03-12,653,15929,141,4894,473,10804,39,231,183,3991,468,6078,222,10069,California
Siskiyou,2021-03-13,427,16356,379,5273,25,10829,23,254,379,4345,48,6126,402,10471,California
Siskiyou,2021-03-14,19,16375,0,5273,3,10832,16,270,1,4344,18,6144,17,10488,California
Siskiyou,2021-03-15,498,16873,258,5531,176,11008,64,334,322,4554,176,6320,386,10874,California
Siskiyou,2021-03-16,258,17131,34,5565,207,11215,17,351,141,4596,116,6436,158,11032,California
Siskiyou,2021-03-17,202,17333,9,5574,185,11400,8,359,34,4470,168,6604,42,11074,California
Siskiyou,2021-03-18,927,18260,789,6363,126,11526,12,371,809,5173,118,6722,821,11895,California
Siskiyou,2021-03-19,68,18328,10,6373,45,11571,13,384,19,5156,49,6771,32,11927,California
Siskiyou,2021-03-20,30,18358,7,6380,18,11589,5,389,6,5143,24,6795,11,11938,California
Siskiyou,2021-03-21,10,18368,4,6384,1,11590,5,394,4,5146,6,6801,9,11947,California
Siskiyou,2021-03-22,208,18576,21,6405,165,11755,22,416,145,5253,60,6861,167,12114,California
Siskiyou,2021-03-23,194,18770,19,6424,166,11921,9,425,141,5349,53,6914,149,12263,California
Siskiyou,2021-03-24,143,18913,48,6472,95,12016,0,425,116,5438,27,6941,116,12379,California
Siskiyou,2021-03-25,572,19485,320,6792,249,12265,3,428,400,5669,172,7113,403,12782,California
Siskiyou,2021-03-26,305,19790,35,6827,270,12535,0,428,104,5574,199,7312,104,12886,California
Siskiyou,2021-03-27,38,19828,5,6832,28,12563,5,433,10,5561,28,7340,15,12901,California
Siskiyou,2021-03-28,8,19836,7,6839,1,12564,0,433,5,5563,3,7343,5,12906,California
Siskiyou,2021-03-29,95,19931,10,6849,83,12647,2,435,45,5560,50,7393,47,12953,California
Siskiyou,2021-03-30,101,20032,6,6855,94,12741,1,436,40,5540,61,7454,41,12994,California
Siskiyou,2021-03-31,191,20223,21,6876,167,12908,3,439,48,5452,140,7594,52,13046,California
Siskiyou,2021-04-01,830,21053,671,7547,159,13067,0,439,214,5050,616,8210,214,13260,California
Siskiyou,2021-04-02,347,21400,197,7744,146,13213,4,443,66,4841,279,8489,70,13330,California
Siskiyou,2021-04-03,26,21426,5,7749,14,13227,7,450,5,4832,21,8510,12,13342,California
Siskiyou,2021-04-04,1,21427,0,7749,1,13228,0,450,1,4833,0,8510,1,13343,California
Siskiyou,2021-04-05,438,21865,331,8080,81,13309,26,476,27,4476,410,8920,53,13396,California
Siskiyou,2021-04-06,219,22084,37,8117,129,13438,53,529,126,4563,91,9011,178,13574,California
Siskiyou,2021-04-07,116,22200,11,8128,63,13501,42,571,65,4620,51,9062,108,13682,California
Siskiyou,2021-04-08,354,22554,187,8315,126,13627,41,612,64,4435,290,9352,105,13787,California
Siskiyou,2021-04-09,546,23100,377,8692,131,13758,38,650,84,4097,461,9813,123,13910,California
Siskiyou,2021-04-10,46,23146,6,8698,3,13761,37,687,7,4102,39,9852,44,13954,California
Siskiyou,2021-04-11,8,23154,5,8703,1,13762,2,689,2,4100,6,9858,4,13958,California
Siskiyou,2021-04-12,128,23282,24,8727,103,13865,1,690,48,4069,80,9938,49,14007,California
Siskiyou,2021-04-13,208,23490,37,8764,170,14035,1,691,82,4026,126,10064,83,14090,California
Siskiyou,2021-04-14,156,23646,64,8828,92,14127,0,691,84,4040,70,10134,84,14174,California
Siskiyou,2021-04-15,1116,24762,957,9785,159,14286,0,691,437,3799,679,10813,438,14612,California
Siskiyou,2021-04-16,308,25070,214,9999,94,14380,0,691,270,4032,37,10850,270,14882,California
Siskiyou,2021-04-17,11,25081,8,10007,3,14383,0,691,7,4035,4,10854,7,14889,California
Siskiyou,2021-04-18,5,25086,3,10010,2,14385,0,691,1,4032,4,10858,1,14890,California
Siskiyou,2021-04-19,129,25215,24,10034,105,14490,0,691,47,3997,82,10940,47,14937,California
Siskiyou,2021-04-20,236,25451,5,10039,231,14721,0,691,94,3950,141,11081,94,15031,California
Siskiyou,2021-04-21,96,25547,10,10049,86,14807,0,691,27,3908,69,11150,27,15058,California
Siskiyou,2021-04-22,414,25961,301,10350,113,14920,0,691,50,3594,364,11514,50,15108,California
Siskiyou,2021-04-23,181,26142,15,10365,166,15086,0,691,159,3732,21,11535,159,15267,California
Siskiyou,2021-04-24,28,26170,4,10369,24,15110,0,691,20,3744,8,11543,20,15287,California
Siskiyou,2021-04-25,2,26172,0,10369,2,15112,0,691,2,3746,0,11543,2,15289,California
Siskiyou,2021-04-26,101,26273,5,10374,91,15203,5,696,25,3700,76,11619,30,15319,California
Siskiyou,2021-04-27,114,26387,5,10379,107,15310,2,698,87,3764,25,11644,89,15408,California
Siskiyou,2021-04-28,111,26498,8,10387,95,15405,8,706,53,3767,58,11702,61,15469,California
Siskiyou,2021-04-29,149,26647,16,10403,132,15537,1,707,30,3679,119,11821,31,15500,California
Siskiyou,2021-04-30,102,26749,20,10423,81,15618,1,708,45,3670,54,11875,45,15545,California
Siskiyou,2021-05-01,11,26760,7,10430,1,15619,3,711,7,3676,4,11879,10,15555,California
Siskiyou,2021-05-02,11,26771,5,10435,6,15625,0,711,9,3683,2,11881,9,15564,California
Siskiyou,2021-05-03,110,26881,23,10458,85,15710,2,713,47,3669,63,11944,49,15613,California
Siskiyou,2021-05-04,122,27003,7,10465,113,15823,2,715,60,3670,61,12005,62,15675,California
Siskiyou,2021-05-05,114,27117,20,10485,85,15908,9,724,39,3644,74,12079,48,15723,California
Siskiyou,2021-05-06,366,27483,296,10781,64,15972,6,730,190,3664,176,12255,196,15919,California
Siskiyou,2021-05-07,307,27790,219,11000,83,16055,5,735,31,3425,275,12530,36,15955,California
Siskiyou,2021-05-08,25,27815,4,11004,20,16075,1,736,18,3437,7,12537,19,15974,California
Siskiyou,2021-05-09,1,27816,0,11004,1,16076,0,736,0,3436,1,12538,0,15974,California
Siskiyou,2021-05-10,98,27914,67,11071,30,16106,1,737,21,3381,77,12615,22,15996,California
Siskiyou,2021-05-11,87,28001,8,11079,74,16180,5,742,51,3401,36,12651,56,16052,California
Siskiyou,2021-05-12,56,28057,4,11083,48,16228,4,746,16,3381,40,12691,20,16072,California
Siskiyou,2021-05-13,83,28140,35,11118,39,16267,9,755,38,3383,45,12736,47,16119,California
Siskiyou,2021-05-14,176,28316,82,11200,93,16360,1,756,108,3425,67,12803,109,16228,California
Siskiyou,2021-05-15,43,28359,13,11213,28,16388,2,758,36,3457,6,12809,38,16266,California
Siskiyou,2021-05-16,6,28365,2,11215,4,16392,0,758,4,3459,2,12811,4,16270,California
Siskiyou,2021-05-17,66,28431,2,11217,41,16433,23,781,11,3438,55,12866,34,16304,California
Siskiyou,2021-05-18,220,28651,83,11300,133,16566,4,785,123,3469,96,12962,127,16431,California
Siskiyou,2021-05-19,156,28807,96,11396,59,16625,1,786,124,3562,32,12994,125,16556,California
Siskiyou,2021-05-20,532,29339,429,11825,101,16726,2,788,236,3506,294,13288,238,16794,California
Siskiyou,2021-05-21,197,29536,95,11920,102,16828,0,788,109,3528,87,13375,109,16903,California
Siskiyou,2021-05-22,41,29577,19,11939,22,16850,0,788,26,3539,15,13390,26,16929,California
Siskiyou,2021-05-23,4,29581,3,11942,1,16851,0,788,2,3539,2,13392,2,16931,California
Siskiyou,2021-05-24,18,29599,3,11945,15,16866,0,788,5,3532,12,13404,5,16936,California
Siskiyou,2021-05-25,157,29756,16,11961,121,16987,20,808,50,3497,105,13509,70,17006,California
Siskiyou,2021-05-26,76,29832,19,11980,57,17044,0,808,41,3503,35,13544,41,17047,California
Siskiyou,2021-05-27,133,29965,94,12074,37,17081,2,810,57,3486,76,13620,59,17106,California
Siskiyou,2021-05-28,156,30121,60,12134,95,17176,1,811,104,3540,51,13671,105,17211,California
Siskiyou,2021-05-29,16,30137,9,12143,4,17180,3,814,5,3537,11,13682,8,17219,California
Siskiyou,2021-05-31,2,30139,1,12144,0,17180,1,815,1,3538,1,13683,2,17221,California
Siskiyou,2021-06-01,86,30225,20,12164,66,17246,0,815,29,3511,56,13739,29,17250,California
Siskiyou,2021-06-02,122,30347,33,12197,89,17335,0,815,45,3479,77,13816,45,17295,California
Siskiyou,2021-06-03,156,30503,109,12306,42,17377,5,820,40,3408,116,13932,45,17340,California
Siskiyou,2021-06-04,99,30602,76,12382,23,17400,0,820,20,3349,79,14011,20,17360,California
Siskiyou,2021-06-05,37,30639,17,12399,19,17419,1,821,15,3343,22,14033,16,17376,California
Siskiyou,2021-06-06,3,30642,2,12401,0,17419,1,822,0,3341,3,14036,1,17377,California
Siskiyou,2021-06-07,38,30680,4,12405,30,17449,4,826,26,3359,12,14048,30,17407,California
Siskiyou,2021-06-08,207,30887,92,12497,112,17561,3,829,62,3284,140,14188,65,17472,California
Siskiyou,2021-06-09,113,31000,84,12581,28,17589,1,830,31,3234,82,14270,32,17504,California
Siskiyou,2021-06-10,177,31177,145,12726,31,17620,1,831,77,3212,100,14370,78,17582,California
Siskiyou,2021-06-11,110,31287,58,12784,45,17665,7,838,22,3174,67,14437,29,17611,California
Siskiyou,2021-06-12,29,31316,6,12790,23,17688,0,838,9,3163,20,14457,9,17620,California
Siskiyou,2021-06-13,24,31340,16,12806,8,17696,0,838,2,3143,22,14479,2,17622,California
Siskiyou,2021-06-14,24,31364,4,12810,16,17712,4,842,11,3144,13,14492,14,17636,California
Siskiyou,2021-06-15,88,31452,21,12831,54,17766,13,855,33,3135,55,14547,46,17682,California
Siskiyou,2021-06-16,102,31554,23,12854,77,17843,2,857,49,3133,53,14600,51,17733,California
Siskiyou,2021-06-17,185,31739,142,12996,31,17874,12,869,39,3039,145,14745,51,17784,California
Siskiyou,2021-06-18,99,31838,64,13060,27,17901,8,877,20,2988,79,14824,28,17812,California
Siskiyou,2021-06-19,26,31864,17,13077,9,17910,0,877,12,2986,14,14838,12,17824,California
Siskiyou,2021-06-20,2,31866,1,13078,0,17910,1,878,1,2987,1,14839,2,17826,California
Siskiyou,2021-06-21,37,31903,3,13081,33,17943,1,879,27,3005,10,14849,28,17854,California
Siskiyou,2021-06-22,65,31968,24,13105,37,17980,4,883,32,3008,33,14882,36,17890,California
Siskiyou,2021-06-23,51,32019,7,13112,40,18020,4,887,11,2984,39,14921,15,17905,California
Siskiyou,2021-06-24,91,32110,52,13164,30,18050,9,896,46,2994,45,14966,55,17960,California
Siskiyou,2021-06-25,70,32180,49,13213,21,18071,0,896,49,3022,21,14987,49,18009,California
Solano,2020-12-15,4,4,4,4,0,0,0,0,4,4,0,0,4,4,California
Solano,2020-12-16,70,74,70,74,0,0,0,0,70,74,0,0,70,74,California
Solano,2020-12-17,171,245,171,245,0,0,0,0,171,245,0,0,171,245,California
Solano,2020-12-18,479,724,478,723,1,1,0,0,479,724,0,0,479,724,California
Solano,2020-12-19,521,1245,521,1244,0,1,0,0,521,1245,0,0,521,1245,California
Solano,2020-12-20,357,1602,355,1599,2,3,0,0,357,1602,0,0,357,1602,California
Solano,2020-12-21,574,2176,572,2171,2,5,0,0,574,2176,0,0,574,2176,California
Solano,2020-12-22,663,2839,630,2801,33,38,0,0,663,2839,0,0,663,2839,California
Solano,2020-12-23,865,3704,774,3575,91,129,0,0,864,3702,1,1,864,3703,California
Solano,2020-12-24,425,4129,171,3746,254,383,0,0,425,4127,0,1,425,4128,California
Solano,2020-12-25,10,4139,2,3748,8,391,0,0,10,4137,0,1,10,4138,California
Solano,2020-12-26,174,4313,48,3796,126,517,0,0,174,4311,0,1,174,4312,California
Solano,2020-12-27,106,4419,29,3825,77,594,0,0,106,4417,0,1,106,4418,California
Solano,2020-12-28,873,5292,426,4251,447,1041,0,0,873,5290,0,1,873,5291,California
Solano,2020-12-29,910,6202,376,4627,534,1575,0,0,910,6200,0,1,910,6201,California
Solano,2020-12-30,1243,7445,607,5234,636,2211,0,0,1243,7443,0,1,1243,7444,California
Solano,2020-12-31,545,7990,141,5375,404,2615,0,0,545,7988,0,1,545,7989,California
Solano,2021-01-01,14,8004,13,5388,1,2616,0,0,14,8002,0,1,14,8003,California
Solano,2021-01-02,218,8222,170,5558,48,2664,0,0,218,8220,0,1,218,8221,California
Solano,2021-01-03,57,8279,41,5599,16,2680,0,0,51,8271,0,1,51,8272,California
Solano,2021-01-04,452,8731,244,5843,208,2888,0,0,443,8712,2,3,443,8715,California
Solano,2021-01-05,735,9466,381,6224,354,3242,0,0,574,9130,156,159,574,9289,California
Solano,2021-01-06,848,10314,438,6662,410,3652,0,0,576,9436,270,429,576,9865,California
Solano,2021-01-07,1070,11384,686,7348,384,4036,0,0,592,9553,476,905,593,10458,California
Solano,2021-01-08,1152,12536,784,8132,368,4404,0,0,549,9519,585,1490,551,11009,California
Solano,2021-01-09,885,13421,762,8894,123,4527,0,0,427,9491,455,1945,427,11436,California
Solano,2021-01-10,253,13674,192,9086,61,4588,0,0,152,9542,101,2046,152,11588,California
Solano,2021-01-11,1337,15011,1124,10210,213,4801,0,0,818,9841,519,2565,818,12406,California
Solano,2021-01-12,1583,16594,1181,11391,402,5203,0,0,1026,10312,556,3121,1027,13433,California
Solano,2021-01-13,1470,18064,1006,12397,464,5667,0,0,1211,11266,257,3378,1211,14644,California
Solano,2021-01-14,1895,19959,817,13214,1078,6745,0,0,1578,12528,316,3694,1578,16222,California
Solano,2021-01-15,1726,21685,1066,14280,660,7405,0,0,1425,13652,301,3995,1425,17647,California
Solano,2021-01-16,1296,22981,906,15186,390,7795,0,0,1122,14600,174,4169,1122,18769,California
Solano,2021-01-17,1055,24036,758,15944,297,8092,0,0,1034,15614,21,4190,1035,19804,California
Solano,2021-01-18,1433,25469,857,16801,576,8668,0,0,1316,16814,117,4307,1317,21121,California
Solano,2021-01-19,1665,27134,1347,18148,318,8986,0,0,1391,17932,273,4580,1391,22512,California
Solano,2021-01-20,2052,29186,1422,19570,630,9616,0,0,1565,19013,484,5064,1565,24077,California
Solano,2021-01-21,3209,32395,1025,20595,2184,11800,0,0,2852,21510,357,5421,2854,26931,California
Solano,2021-01-22,1788,34183,852,21447,936,12736,0,0,1590,22903,198,5619,1591,28522,California
Solano,2021-01-23,746,34929,244,21691,502,13238,0,0,535,23227,212,5831,536,29058,California
Solano,2021-01-24,410,35339,64,21755,346,13584,0,0,342,23501,68,5899,342,29400,California
Solano,2021-01-25,1677,37016,632,22387,1045,14629,0,0,1117,24060,559,6458,1118,30518,California
Solano,2021-01-26,1807,38823,749,23136,1058,15687,0,0,1162,24578,645,7103,1163,31681,California
Solano,2021-01-27,1813,40636,722,23858,1091,16778,0,0,1197,25163,612,7715,1197,32878,California
Solano,2021-01-28,1977,42613,713,24571,1264,18042,0,0,1379,25946,597,8312,1380,34258,California
Solano,2021-01-29,1722,44335,780,25351,942,18984,0,0,1356,26939,363,8675,1356,35614,California
Solano,2021-01-30,938,45273,438,25789,500,19484,0,0,610,27222,328,9003,611,36225,California
Solano,2021-01-31,269,45542,177,25966,92,19576,0,0,174,27303,93,9096,174,36399,California
Solano,2021-02-01,1558,47100,1031,26997,527,20103,0,0,772,27292,783,9879,772,37171,California
Solano,2021-02-02,3385,50485,1103,28100,2282,22385,0,0,2566,29044,814,10693,2566,39737,California
Solano,2021-02-03,2279,52764,1315,29415,964,23349,0,0,1173,29114,1103,11796,1173,40910,California
Solano,2021-02-04,1812,54576,903,30318,909,24258,0,0,1081,29469,726,12522,1081,41991,California
Solano,2021-02-05,3120,57696,1424,31742,1696,25954,0,0,2108,30572,1005,13527,2108,44099,California
Solano,2021-02-06,3077,60773,1171,32913,1906,27860,0,0,2258,32015,815,14342,2258,46357,California
Solano,2021-02-07,846,61619,781,33694,65,27925,0,0,235,31640,610,14952,235,46592,California
Solano,2021-02-08,1773,63392,1244,34938,529,28454,0,0,724,31317,1047,15999,724,47316,California
Solano,2021-02-09,1958,65350,1492,36430,466,28920,0,0,702,30764,1255,17254,702,48018,California
Solano,2021-02-10,2289,67639,1506,37936,783,29703,0,0,836,30149,1451,18705,836,48854,California
Solano,2021-02-11,2543,70182,1500,39436,1043,30746,0,0,1203,30023,1329,20034,1203,50057,California
Solano,2021-02-12,4278,74460,1637,41073,2641,33387,0,0,2917,31588,1353,21387,2918,52975,California
Solano,2021-02-13,2892,77352,247,41320,2645,36032,0,0,2477,33653,412,21799,2477,55452,California
Solano,2021-02-14,732,78084,204,41524,528,36560,0,0,406,33736,324,22123,407,55859,California
Solano,2021-02-15,1277,79361,267,41791,1010,37570,0,0,654,33767,623,22746,654,56513,California
Solano,2021-02-16,2578,81939,1392,43183,1186,38756,0,0,1678,34547,899,23645,1679,58192,California
Solano,2021-02-17,3266,85205,1458,44641,1808,40564,0,0,2209,35704,1054,24699,2211,60403,California
Solano,2021-02-18,2914,88119,850,45491,2064,42628,0,0,860,34517,2047,26746,860,61263,California
Solano,2021-02-19,2478,90597,1461,46952,1017,43645,0,0,1181,34409,1291,28037,1183,62446,California
Solano,2021-02-20,2748,93345,393,47345,2355,46000,0,0,2228,36117,520,28557,2228,64674,California
Solano,2021-02-21,2331,95676,2005,49350,326,46326,0,0,2001,37793,325,28882,2001,66675,California
Solano,2021-02-22,1816,97492,1065,50415,751,47077,0,0,944,37869,869,29751,945,67620,California
Solano,2021-02-23,2956,100448,1148,51563,1808,48885,0,0,2004,38924,949,30700,2004,69624,California
Solano,2021-02-24,2539,102987,1270,52833,1269,50154,0,0,1412,39213,1124,31824,1413,71037,California
Solano,2021-02-25,2643,105630,1569,54402,1074,51228,0,0,1457,39489,1181,33005,1457,72494,California
Solano,2021-02-26,3547,109177,2274,56676,1273,52501,0,0,2099,40145,1443,34448,2099,74593,California
Solano,2021-02-27,3985,113162,1537,58213,2447,54948,1,1,3222,42613,755,35203,3223,77816,California
Solano,2021-02-28,1948,115110,1571,59784,376,55324,1,2,1618,43905,327,35530,1619,79435,California
Solano,2021-03-01,2747,117857,1222,61006,1524,56848,1,3,2071,45307,670,36200,2072,81507,California
Solano,2021-03-02,2307,120164,1407,62413,900,57748,0,3,1292,45585,1014,37214,1292,82799,California
Solano,2021-03-03,2267,122431,1275,63688,992,58740,0,3,1403,46134,855,38069,1404,84203,California
Solano,2021-03-04,4425,126856,3433,67121,990,59730,2,5,3167,48058,1248,39317,3172,87375,California
Solano,2021-03-05,4956,131812,1682,68803,3269,62999,5,10,3970,51058,975,40292,3975,91350,California
Solano,2021-03-06,3863,135675,836,69639,2988,65987,39,49,2649,52543,1203,41495,2688,94038,California
Solano,2021-03-07,3579,139254,763,70402,2806,68793,10,59,1954,52896,1612,43107,1965,96003,California
Solano,2021-03-08,2157,141411,1353,71755,535,69328,269,328,1620,54254,529,43636,1887,97890,California
Solano,2021-03-09,3244,144655,1576,73331,1613,70941,55,383,2334,55731,908,44544,2385,100275,California
Solano,2021-03-10,2431,147086,1763,75094,582,71523,86,469,1275,55940,1151,45695,1360,101635,California
Solano,2021-03-11,6044,153130,1764,76858,4026,75549,254,723,4984,60123,1056,46751,5239,106874,California
Solano,2021-03-12,6054,159184,1581,78439,4294,79843,179,902,3171,60595,2877,49628,3349,110223,California
Solano,2021-03-13,4609,163793,807,79246,3717,83560,85,987,2235,60551,2367,51995,2323,112546,California
Solano,2021-03-14,4022,167815,3137,82383,430,83990,455,1442,1556,60098,2461,54456,2008,114554,California
Solano,2021-03-15,4035,171850,2462,84845,1245,85235,328,1770,2518,61434,1508,55964,2844,117398,California
Solano,2021-03-16,3098,174948,1325,86170,1538,86773,235,2005,1570,61715,1523,57487,1804,119202,California
Solano,2021-03-17,6512,181460,1685,87855,4732,91505,95,2100,4949,65199,1560,59047,5044,124246,California
Solano,2021-03-18,5219,186679,1856,89711,3325,94830,38,2138,3748,67523,1463,60510,3787,128033,California
Solano,2021-03-19,3589,190268,2652,92363,862,95692,75,2213,1635,67289,1945,62455,1711,129744,California
Solano,2021-03-20,5589,195857,1681,94044,3853,99545,55,2268,2633,67031,2946,65401,2688,132432,California
Solano,2021-03-21,1696,197553,1587,95631,84,99629,25,2293,377,66116,1315,66716,400,132832,California
Solano,2021-03-22,2706,200259,2053,97684,602,100231,51,2344,1572,66608,1128,67844,1620,134452,California
Solano,2021-03-23,3559,203818,1681,99365,1834,102065,44,2388,1396,65890,2157,70001,1439,135891,California
Solano,2021-03-24,2842,206660,1775,101140,1032,103097,35,2423,1361,65810,1474,71475,1394,137285,California
Solano,2021-03-25,4891,211551,4004,105144,852,103949,35,2458,2275,65509,2611,74086,2310,139595,California
Solano,2021-03-26,3246,214797,2107,107251,1102,105051,37,2495,1742,65794,1494,75580,1779,141374,California
Solano,2021-03-27,4222,219019,1162,108413,3020,108071,40,2535,1661,64938,2555,78135,1699,143073,California
Solano,2021-03-28,1424,220443,1112,109525,294,108365,18,2553,539,64614,881,79016,557,143630,California
Solano,2021-03-29,3541,223984,2047,111572,1478,109843,16,2569,1550,64203,1978,80994,1567,145197,California
Solano,2021-03-30,3055,227039,2023,113595,940,110783,92,2661,1904,65048,1150,82144,1995,147192,California
Solano,2021-03-31,3155,230194,2147,115742,847,111630,161,2822,1846,65745,1306,83450,2003,149195,California
Solano,2021-04-01,5574,235768,2113,117855,3308,114938,153,2975,3517,67371,2044,85494,3670,152865,California
Solano,2021-04-02,6631,242399,2235,120090,4227,119165,169,3144,2552,66027,4063,89557,2719,155584,California
Solano,2021-04-03,1531,243930,970,121060,408,119573,153,3297,568,65786,961,90518,720,156304,California
Solano,2021-04-04,781,244711,288,121348,193,119766,300,3597,241,65791,536,91054,541,156845,California
Solano,2021-04-05,3012,247723,2060,123408,744,120510,208,3805,1518,66023,1492,92546,1724,158569,California
Solano,2021-04-06,6067,253790,1641,125049,3938,124448,488,4293,1640,63731,4418,96964,2126,160695,California
Solano,2021-04-07,5989,259779,4640,129689,947,125395,402,4695,3403,64969,2566,99530,3804,164499,California
Solano,2021-04-08,6501,266280,1802,131491,3826,129221,873,5568,1810,62982,4661,104191,2674,167173,California
Solano,2021-04-09,6321,272601,1665,133156,3805,133026,851,6419,1525,60582,4770,108961,2370,169543,California
Solano,2021-04-10,1753,274354,964,134120,452,133478,337,6756,808,60782,943,109904,1143,170686,California
Solano,2021-04-11,1238,275592,772,134892,335,133813,131,6887,641,60960,594,110498,772,171458,California
Solano,2021-04-12,3298,278890,1702,136594,1232,135045,364,7251,1351,60731,1941,112439,1712,173170,California
Solano,2021-04-13,2571,281461,1115,137709,1455,136500,1,7252,1338,60841,1229,113668,1339,174509,California
Solano,2021-04-14,6543,288004,1966,139675,4577,141077,0,7252,1852,58011,4683,118351,1853,176362,California
Solano,2021-04-15,5740,293744,2169,141844,3570,144647,1,7253,1745,55776,3981,122332,1746,178108,California
Solano,2021-04-16,3712,297456,2599,144443,1111,145758,2,7255,2300,56674,1404,123736,2302,180410,California
Solano,2021-04-17,3288,300744,1073,145516,2215,147973,0,7255,1123,55647,2152,125888,1125,181535,California
Solano,2021-04-18,1052,301796,657,146173,395,148368,0,7255,546,55688,505,126393,546,182081,California
Solano,2021-04-19,2159,303955,1173,147346,986,149354,0,7255,1170,55877,983,127376,1172,183253,California
Solano,2021-04-20,3076,307031,1885,149231,1191,150545,0,7255,1701,56210,1369,128745,1702,184955,California
Solano,2021-04-21,3892,310923,2407,151638,1485,152030,0,7255,2039,56405,1844,130589,2039,186994,California
Solano,2021-04-22,3044,313967,1525,153163,1519,153549,0,7255,1806,56977,1234,131823,1806,188800,California
Solano,2021-04-23,4212,318179,2138,155301,2074,155623,0,7255,2533,57838,1674,133497,2535,191335,California
Solano,2021-04-24,3891,322070,2344,157645,1545,157168,2,7257,2583,59201,1222,134719,2585,193920,California
Solano,2021-04-25,1430,323500,1116,158761,314,157482,0,7257,1130,60038,293,135012,1130,195050,California
Solano,2021-04-26,2615,326115,1701,160462,910,158392,4,7261,1445,60331,1157,136169,1450,196500,California
Solano,2021-04-27,2603,328718,1309,161771,1264,159656,30,7291,1475,60720,1117,137286,1506,198006,California
Solano,2021-04-28,6068,334786,5016,166787,1006,160662,46,7337,3794,62301,2260,139546,3841,201847,California
Solano,2021-04-29,4572,339358,1474,168261,3063,163725,35,7372,2065,61904,2497,142043,2100,203947,California
Solano,2021-04-30,4151,343509,2210,170471,1801,165526,140,7512,1926,61761,2209,144252,2066,206013,California
Solano,2021-05-01,2183,345692,1682,172153,301,165827,200,7712,1297,62378,880,145132,1497,207510,California
Solano,2021-05-02,1200,346892,941,173094,234,166061,25,7737,661,62530,534,145666,686,208196,California
Solano,2021-05-03,1467,348359,1019,174113,361,166422,87,7824,604,62362,860,146526,692,208888,California
Solano,2021-05-04,1826,350185,1071,175184,689,167111,66,7890,822,62248,1002,147528,888,209776,California
Solano,2021-05-05,2287,352472,1442,176626,732,167843,113,8003,1102,62280,1181,148709,1213,210989,California
Solano,2021-05-06,1991,354463,1190,177816,592,168435,209,8212,722,61946,1257,149966,923,211912,California
Solano,2021-05-07,2821,357284,1963,179779,738,169173,120,8332,974,61199,1839,151805,1092,213004,California
Solano,2021-05-08,1448,358732,905,180684,427,169600,116,8448,546,60963,898,152703,662,213666,California
Solano,2021-05-09,441,359173,264,180948,166,169766,11,8459,166,60869,272,152975,178,213844,California
Solano,2021-05-10,1336,360509,610,181558,619,170385,107,8566,388,60420,943,153918,494,214338,California
Solano,2021-05-11,2292,362801,1163,182721,1040,171425,89,8655,638,59498,1649,155567,727,215065,California
Solano,2021-05-12,2139,364940,1214,183935,750,172175,175,8830,684,58915,1440,157007,857,215922,California
Solano,2021-05-13,3077,368017,2120,186055,745,172920,212,9042,1628,59310,1445,158452,1840,217762,California
Solano,2021-05-14,2495,370512,1702,187757,671,173591,122,9164,1056,59057,1431,159883,1178,218940,California
Solano,2021-05-15,3415,373927,2764,190521,566,174157,85,9249,1302,58342,2101,161984,1386,220326,California
Solano,2021-05-16,1496,375423,1099,191620,364,174521,33,9282,250,57381,1243,163227,282,220608,California
Solano,2021-05-17,2452,377875,1406,193026,959,175480,87,9369,860,56752,1572,164799,943,221551,California
Solano,2021-05-18,2925,380800,1621,194647,1215,176695,89,9458,1451,56831,1461,166260,1540,223091,California
Solano,2021-05-19,5515,386315,3954,198601,1429,178124,132,9590,2095,55647,3411,169671,2227,225318,California
Solano,2021-05-20,2610,388925,1573,200174,974,179098,63,9653,942,54993,1659,171330,1005,226323,California
Solano,2021-05-21,3554,392479,1867,202041,1618,180716,69,9722,1366,54259,2179,173509,1445,227768,California
Solano,2021-05-22,2738,395217,2109,204150,535,181251,94,9816,1151,53923,1580,175089,1244,229012,California
Solano,2021-05-23,1386,396603,1140,205290,221,181472,25,9841,749,54063,634,175723,774,229786,California
Solano,2021-05-24,1838,398441,1045,206335,720,182192,73,9914,607,53518,1225,176948,680,230466,California
Solano,2021-05-25,1620,400061,821,207156,741,182933,58,9972,580,53123,1032,177980,637,231103,California
Solano,2021-05-26,1894,401955,1088,208244,749,183682,57,10029,707,52706,1182,179162,765,231868,California
Solano,2021-05-27,2129,404084,942,209186,1112,184794,75,10104,875,52418,1243,180405,955,232823,California
Solano,2021-05-28,2018,406102,1024,210210,938,185732,56,10160,759,51988,1251,181656,821,233644,California
Solano,2021-05-29,655,406757,324,210534,300,186032,31,10191,303,51994,350,182006,356,234000,California
Solano,2021-05-30,323,407080,155,210689,143,186175,25,10216,114,51932,206,182212,144,234144,California
Solano,2021-05-31,130,407210,20,210709,101,186276,9,10225,26,51863,104,182316,35,234179,California
Solano,2021-06-01,1828,409038,1173,211882,576,186852,79,10304,721,51598,1102,183418,837,235016,California
Solano,2021-06-02,1825,410863,1286,213168,473,187325,66,10370,924,51725,894,184312,1021,236037,California
Solano,2021-06-03,2190,413053,1729,214897,378,187703,83,10453,704,51036,1480,185792,791,236828,California
Solano,2021-06-04,1654,414707,1148,216045,440,188143,66,10519,505,50465,1145,186937,574,237402,California
Solano,2021-06-05,1422,416129,1028,217073,343,188486,51,10570,472,50045,944,187881,524,237926,California
Solano,2021-06-06,671,416800,551,217624,87,188573,33,10603,379,50166,291,188172,412,238338,California
Solano,2021-06-07,1242,418042,949,218573,230,188803,63,10666,413,49818,825,188997,477,238815,California
Solano,2021-06-08,1831,419873,1322,219895,475,189278,34,10700,496,49019,1330,190327,531,239346,California
Solano,2021-06-09,2094,421967,1781,221676,251,189529,62,10762,670,48333,1418,191745,732,240078,California
Solano,2021-06-10,1219,423186,848,222524,305,189834,66,10828,392,47973,819,192564,459,240537,California
Solano,2021-06-11,1602,424788,1271,223795,265,190099,66,10894,592,47626,1005,193569,658,241195,California
Solano,2021-06-12,1200,425988,921,224716,218,190317,61,10955,207,46909,986,194555,269,241464,California
Solano,2021-06-13,607,426595,517,225233,81,190398,9,10964,118,46547,489,195044,127,241591,California
Solano,2021-06-14,1313,427908,930,226163,349,190747,34,10998,306,45887,999,196043,339,241930,California
Solano,2021-06-15,1466,429374,931,227094,484,191231,51,11049,611,45701,848,196891,662,242592,California
Solano,2021-06-16,1159,430533,769,227863,321,191552,69,11118,396,45407,758,197649,464,243056,California
Solano,2021-06-17,1218,431751,930,228793,219,191771,69,11187,433,45141,767,198416,501,243557,California
Solano,2021-06-18,1179,432930,875,229668,237,192008,67,11254,441,44916,733,199149,508,244065,California
Solano,2021-06-19,427,433357,300,229968,100,192108,27,11281,162,44844,261,199410,189,244254,California
Solano,2021-06-20,183,433540,140,230108,36,192144,7,11288,85,44838,98,199508,92,244346,California
Solano,2021-06-21,629,434169,405,230513,162,192306,62,11350,394,45060,234,199742,456,244802,California
Solano,2021-06-22,1148,435317,867,231380,236,192542,45,11395,421,44804,723,200465,467,245269,California
Solano,2021-06-23,1294,436611,1051,232431,172,192714,71,11466,447,44479,842,201307,517,245786,California
Solano,2021-06-24,883,437494,675,233106,146,192860,62,11528,378,44417,502,201809,440,246226,California
Solano,2021-06-25,614,438108,413,233519,142,193002,59,11587,249,44361,364,202173,308,246534,California
Sonoma,2020-12-15,4,4,4,4,0,0,0,0,4,4,0,0,4,4,California
Sonoma,2020-12-16,27,31,27,31,0,0,0,0,27,31,0,0,27,31,California
Sonoma,2020-12-17,111,142,111,142,0,0,0,0,111,142,0,0,111,142,California
Sonoma,2020-12-18,436,578,436,578,0,0,0,0,436,578,0,0,436,578,California
Sonoma,2020-12-19,112,690,111,689,1,1,0,0,112,690,0,0,112,690,California
Sonoma,2020-12-20,176,866,176,865,0,1,0,0,176,866,0,0,176,866,California
Sonoma,2020-12-21,911,1777,909,1774,2,3,0,0,910,1776,0,0,910,1776,California
Sonoma,2020-12-22,1356,3133,1265,3039,91,94,0,0,1356,3132,0,0,1356,3132,California
Sonoma,2020-12-23,1606,4739,1229,4268,377,471,0,0,1607,4739,0,0,1607,4739,California
Sonoma,2020-12-24,307,5046,102,4370,205,676,0,0,307,5046,0,0,307,5046,California
Sonoma,2020-12-25,8,5054,2,4372,6,682,0,0,8,5054,0,0,8,5054,California
Sonoma,2020-12-26,268,5322,257,4629,11,693,0,0,268,5322,0,0,268,5322,California
Sonoma,2020-12-27,94,5416,80,4709,14,707,0,0,94,5416,0,0,94,5416,California
Sonoma,2020-12-28,981,6397,547,5256,434,1141,0,0,954,6370,0,0,954,6370,California
Sonoma,2020-12-29,1135,7532,781,6037,354,1495,0,0,1101,7471,0,0,1101,7471,California
Sonoma,2020-12-30,1095,8627,481,6518,614,2109,0,0,1087,8558,0,0,1087,8558,California
Sonoma,2020-12-31,520,9147,71,6589,449,2558,0,0,521,9079,0,0,521,9079,California
Sonoma,2021-01-01,171,9318,81,6670,90,2648,0,0,171,9250,0,0,171,9250,California
Sonoma,2021-01-02,139,9457,130,6800,9,2657,0,0,139,9389,0,0,139,9389,California
Sonoma,2021-01-03,25,9482,10,6810,15,2672,0,0,25,9414,0,0,25,9414,California
Sonoma,2021-01-04,343,9825,107,6917,236,2908,0,0,342,9756,0,0,342,9756,California
Sonoma,2021-01-05,436,10261,102,7019,334,3242,0,0,410,10150,16,16,410,10166,California
Sonoma,2021-01-06,951,11212,432,7451,519,3761,0,0,836,10877,109,125,836,11002,California
Sonoma,2021-01-07,1034,12246,536,7987,498,4259,0,0,859,11562,174,299,859,11861,California
Sonoma,2021-01-08,1795,14041,1233,9220,562,4821,0,0,1311,12391,482,781,1311,13172,California
Sonoma,2021-01-09,642,14683,402,9622,240,5061,0,0,594,12937,48,829,594,13766,California
Sonoma,2021-01-10,471,15154,460,10082,11,5072,0,0,277,13020,194,1023,277,14043,California
Sonoma,2021-01-11,1389,16543,1241,11323,148,5220,0,0,415,12466,969,1992,415,14458,California
Sonoma,2021-01-12,1551,18094,1294,12617,257,5477,0,0,401,11719,1148,3140,401,14859,California
Sonoma,2021-01-13,2053,20147,1370,13987,683,6160,0,0,1186,12042,864,4004,1187,16046,California
Sonoma,2021-01-14,1542,21689,808,14795,734,6894,0,0,1313,13126,229,4233,1313,17359,California
Sonoma,2021-01-15,1564,23253,632,15427,932,7826,0,0,1340,14254,214,4447,1342,18701,California
Sonoma,2021-01-16,1152,24405,617,16044,535,8361,0,0,905,14916,243,4690,905,19606,California
Sonoma,2021-01-17,680,25085,557,16601,123,8484,0,0,600,15436,80,4770,600,20206,California
Sonoma,2021-01-18,1112,26197,941,17542,171,8655,0,0,622,15569,490,5260,623,20829,California
Sonoma,2021-01-19,2104,28301,1005,18547,1099,9754,0,0,1389,16246,713,5973,1390,22219,California
Sonoma,2021-01-20,2117,30418,640,19187,1477,11231,0,0,1445,17030,662,6635,1446,23665,California
Sonoma,2021-01-21,2290,32708,647,19834,1643,12874,0,0,2063,18869,225,6860,2064,25729,California
Sonoma,2021-01-22,2768,35476,1055,20889,1713,14587,0,0,2617,21336,150,7010,2617,28346,California
Sonoma,2021-01-23,771,36247,596,21485,175,14762,0,0,660,21886,110,7120,660,29006,California
Sonoma,2021-01-24,849,37096,714,22199,135,14897,0,0,831,22699,18,7138,831,29837,California
Sonoma,2021-01-25,2183,39279,520,22719,1663,16560,0,0,1692,23900,491,7629,1692,31529,California
Sonoma,2021-01-26,2062,41341,309,23028,1753,18313,0,0,1595,25029,466,8095,1595,33124,California
Sonoma,2021-01-27,3744,45085,1279,24307,2465,20778,0,0,3162,27613,580,8675,3164,36288,California
Sonoma,2021-01-28,4138,49223,1843,26150,2295,23073,0,0,3455,30390,680,9355,3457,39745,California
Sonoma,2021-01-29,3019,52242,1421,27571,1598,24671,0,0,2171,31717,846,10201,2173,41918,California
Sonoma,2021-01-30,2601,54843,2404,29975,197,24868,0,0,2252,33622,348,10549,2253,44171,California
Sonoma,2021-01-31,804,55647,689,30664,115,24983,0,0,569,33959,232,10781,569,44740,California
Sonoma,2021-02-01,2501,58148,862,31526,1639,26622,0,0,2114,35690,383,11164,2114,46854,California
Sonoma,2021-02-02,3615,61763,1402,32928,2213,28835,0,0,3027,38132,585,11749,3027,49881,California
Sonoma,2021-02-03,4074,65837,1334,34262,2740,31575,0,0,3125,40312,945,12694,3125,53006,California
Sonoma,2021-02-04,4246,70083,1744,36006,2502,34077,0,0,3447,42963,797,13491,3448,56454,California
Sonoma,2021-02-05,4859,74942,1760,37766,3099,37176,0,0,3804,45718,1050,14541,3805,60259,California
Sonoma,2021-02-06,2670,77612,2301,40067,369,37545,0,0,2129,47307,540,15081,2129,62388,California
Sonoma,2021-02-07,1553,79165,1415,41482,138,37683,0,0,1292,48338,261,15342,1292,63680,California
Sonoma,2021-02-08,3288,82453,1044,42526,2244,39927,0,0,2685,50422,601,15943,2685,66365,California
Sonoma,2021-02-09,3595,86048,1712,44238,1883,41810,0,0,3110,53050,483,16426,3111,69476,California
Sonoma,2021-02-10,4593,90641,2509,46747,2084,43894,0,0,3570,55604,1017,17443,3571,73047,California
Sonoma,2021-02-11,5635,96276,3043,49790,2592,46486,0,0,4430,58832,1202,18645,4430,77477,California
Sonoma,2021-02-12,5962,102238,3280,53070,2682,49168,0,0,4508,61895,1449,20094,4512,81989,California
Sonoma,2021-02-13,2016,104254,1163,54233,853,50021,0,0,1209,62300,804,20898,1209,83198,California
Sonoma,2021-02-14,2331,106585,1827,56060,504,50525,0,0,1581,63135,746,21644,1581,84779,California
Sonoma,2021-02-15,2150,108735,792,56852,1358,51883,0,0,1605,64195,545,22189,1605,86384,California
Sonoma,2021-02-16,4969,113704,2108,58960,2861,54744,0,0,3692,66616,1273,23462,3694,90078,California
Sonoma,2021-02-17,5641,119345,2932,61892,2709,57453,0,0,3593,68173,2038,25500,3595,93673,California
Sonoma,2021-02-18,6986,126331,3161,65053,3825,61278,0,0,4025,69258,2942,28442,4027,97700,California
Sonoma,2021-02-19,5613,131944,1710,66763,3903,65181,0,0,3476,70607,2129,30571,3478,101178,California
Sonoma,2021-02-20,3149,135093,2851,69614,298,65479,0,0,1228,69922,1913,32484,1228,102406,California
Sonoma,2021-02-21,551,135644,437,70051,114,65593,0,0,148,69673,397,32881,148,102554,California
Sonoma,2021-02-22,2963,138607,1405,71456,1558,67151,0,0,1227,69174,1726,34607,1227,103781,California
Sonoma,2021-02-23,3460,142067,2126,73582,1334,68485,0,0,1622,68965,1831,36438,1622,105403,California
Sonoma,2021-02-24,5727,147794,2575,76157,3152,71637,0,0,2932,69112,2786,39224,2933,108336,California
Sonoma,2021-02-25,6017,153811,2359,78516,3658,75295,0,0,3226,69571,2767,41991,3226,111562,California
Sonoma,2021-02-26,6646,160457,2932,81448,3714,79009,0,0,4215,71364,2422,44413,4215,115777,California
Sonoma,2021-02-27,4232,164689,1961,83409,2271,81280,0,0,2842,72819,1387,45800,2842,118619,California
Sonoma,2021-02-28,2504,167193,1853,85262,650,81930,1,1,761,71848,1733,47533,762,119381,California
Sonoma,2021-03-01,4139,171332,1321,86583,2817,84747,1,2,2166,72058,1958,49491,2168,121549,California
Sonoma,2021-03-02,4422,175754,1525,88108,2895,87642,2,4,2551,72751,1860,51351,2553,124102,California
Sonoma,2021-03-03,5093,180847,2646,90754,2447,90089,0,4,2339,72350,2740,54091,2339,126441,California
Sonoma,2021-03-04,5981,186828,2689,93443,3292,93381,0,4,2591,71565,3376,57467,2591,129032,California
Sonoma,2021-03-05,6511,193339,2871,96314,3625,97006,15,19,2747,70583,3745,61212,2763,131795,California
Sonoma,2021-03-06,2807,196146,1229,97543,1441,98447,137,156,1928,71776,871,62083,2064,133859,California
Sonoma,2021-03-07,1737,197883,1401,98944,300,98747,36,192,402,70882,1332,63415,438,134297,California
Sonoma,2021-03-08,4088,201971,666,99610,3247,101994,175,367,2393,71766,1682,65097,2566,136863,California
Sonoma,2021-03-09,5622,207593,3097,102707,2257,104251,268,635,2728,71867,2882,67979,2983,139846,California
Sonoma,2021-03-10,6056,213649,3220,105927,2486,106737,350,985,2443,71061,3597,71576,2791,142637,California
Sonoma,2021-03-11,7569,221218,3030,108957,3715,110452,824,1809,2567,69463,4986,76562,3388,146025,California
Sonoma,2021-03-12,7435,228653,2273,111230,3798,114250,1364,3173,2073,67559,5336,81898,3432,149457,California
Sonoma,2021-03-13,3456,232109,1713,112943,1504,115754,239,3412,2019,68377,1435,83333,2253,151710,California
Sonoma,2021-03-14,1403,233512,391,113334,869,116623,143,3555,852,68824,548,83881,995,152705,California
Sonoma,2021-03-15,5259,238771,1522,114856,3350,119973,387,3942,2178,68323,3064,86945,2563,155268,California
Sonoma,2021-03-16,6330,245101,2272,117128,3827,123800,231,4173,2905,68039,3418,90363,3134,158402,California
Sonoma,2021-03-17,6802,251903,3548,120676,3075,126875,179,4352,3293,68016,3493,93856,3470,161872,California
Sonoma,2021-03-18,7162,259065,2956,123632,3591,130466,615,4967,3127,67732,4021,97877,3737,165609,California
Sonoma,2021-03-19,7530,266595,3263,126895,4036,134502,231,5198,3058,66575,4450,102327,3293,168902,California
Sonoma,2021-03-20,3732,270327,1761,128656,1147,135649,824,6022,2020,67710,1704,104031,2839,171741,California
Sonoma,2021-03-21,1400,271727,613,129269,752,136401,35,6057,1211,68773,183,104214,1246,172987,California
Sonoma,2021-03-22,4577,276304,3118,132387,1359,137760,100,6157,3331,70964,1240,105454,3431,176418,California
Sonoma,2021-03-23,5876,282180,3639,136026,2163,139923,74,6231,4427,74028,1438,106892,4502,180920,California
Sonoma,2021-03-24,6842,289022,4285,140311,2482,142405,75,6306,4166,75613,2654,109546,4239,185159,California
Sonoma,2021-03-25,7142,296164,4203,144514,2827,145232,112,6418,4292,77197,2822,112368,4406,189565,California
Sonoma,2021-03-26,7476,303640,3478,147992,3903,149135,95,6513,3819,77480,3630,115998,3913,193478,California
Sonoma,2021-03-27,3872,307512,1517,149509,1993,151128,362,6875,999,75979,2859,118857,1358,194836,California
Sonoma,2021-03-28,1518,309030,953,150462,537,151665,28,6903,800,76091,714,119571,826,195662,California
Sonoma,2021-03-29,2981,312011,1111,151573,1837,153502,33,6936,1541,76234,1431,121002,1574,197236,California
Sonoma,2021-03-30,5910,317921,3231,154804,2616,156118,63,6999,3092,76580,2809,123811,3155,200391,California
Sonoma,2021-03-31,5648,323569,3418,158222,2013,158131,217,7216,3248,77660,2385,126196,3465,203856,California
Sonoma,2021-04-01,6965,330534,4076,162298,2544,160675,345,7561,3781,78619,3157,129353,4116,207972,California
Sonoma,2021-04-02,5974,336508,3577,165875,2287,162962,110,7671,3579,79923,2384,131737,3688,211660,California
Sonoma,2021-04-03,3662,340170,1824,167699,1610,164572,228,7899,1601,79702,2046,133783,1825,213485,California
Sonoma,2021-04-04,1067,341237,693,168392,283,164855,91,7990,648,80027,414,134197,739,214224,California
Sonoma,2021-04-05,4449,345686,662,169054,3440,168295,347,8337,1672,79277,2769,136966,2019,216243,California
Sonoma,2021-04-06,6936,352622,3513,172567,3012,171307,411,8748,4029,80824,2891,139857,4438,220681,California
Sonoma,2021-04-07,6859,359481,3872,176439,2139,173446,848,9596,3337,81496,3505,143362,4177,224858,California
Sonoma,2021-04-08,7681,367162,4152,180591,2752,176198,777,10373,4202,83004,3466,146828,4974,229832,California
Sonoma,2021-04-09,6872,374034,3835,184426,2145,178343,892,11265,3532,84095,3326,150154,4417,234249,California
Sonoma,2021-04-10,3925,377959,1709,186135,1653,179996,563,11828,1155,83049,2757,152911,1711,235960,California
Sonoma,2021-04-11,1292,379251,613,186748,597,180593,82,11910,440,82721,850,153761,522,236482,California
Sonoma,2021-04-12,4970,384221,2069,188817,2414,183007,487,12397,1853,81951,3103,156864,2333,238815,California
Sonoma,2021-04-13,7948,392169,4679,193496,3265,186272,4,12401,3055,80130,4879,161743,3058,241873,California
Sonoma,2021-04-14,6710,398879,3790,197286,2899,189171,21,12422,2582,78618,4113,165856,2601,244474,California
Sonoma,2021-04-15,7555,406434,4287,201573,3268,192439,0,12422,3675,78431,3863,169719,3676,248150,California
Sonoma,2021-04-16,6938,413372,3467,205040,3469,195908,2,12424,3920,79347,3007,172726,3923,252073,California
Sonoma,2021-04-17,3542,416914,1830,206870,1712,197620,0,12424,1693,79210,1831,174557,1694,253767,California
Sonoma,2021-04-18,1413,418327,1012,207882,401,198021,0,12424,542,78882,870,175427,542,254309,California
Sonoma,2021-04-19,3443,421770,1894,209776,1548,199569,1,12425,1530,78506,1907,177334,1531,255840,California
Sonoma,2021-04-20,6402,428172,3536,213312,2865,202434,1,12426,2389,76899,3999,181333,2392,258232,California
Sonoma,2021-04-21,6821,434993,4352,217664,2467,204901,2,12428,3122,76345,3677,185010,3123,261355,California
Sonoma,2021-04-22,6469,441462,4519,222183,1949,206850,1,12429,2628,75152,3821,188831,2628,263983,California
Sonoma,2021-04-23,7569,449031,4670,226853,2892,209742,7,12436,3694,74993,3861,192692,3702,267685,California
Sonoma,2021-04-24,2786,451817,1515,228368,1257,210999,14,12450,1548,75322,1233,193925,1562,269247,California
Sonoma,2021-04-25,1086,452903,789,229157,297,211296,0,12450,431,75101,652,194577,431,269678,California
Sonoma,2021-04-26,2988,455891,1432,230589,1528,212824,28,12478,1645,75439,1335,195912,1673,271351,California
Sonoma,2021-04-27,5531,461422,3736,234325,1671,214495,124,12602,2247,74537,3272,199184,2370,273721,California
Sonoma,2021-04-28,4925,466347,3237,237562,1488,215983,200,12802,2113,74050,2795,201979,2308,276029,California
Sonoma,2021-04-29,5102,471449,3598,241160,1360,217343,144,12946,1924,72952,3166,205145,2068,278097,California
Sonoma,2021-04-30,5560,477009,3632,244792,1632,218975,296,13242,1829,71361,3715,208860,2124,280221,California
Sonoma,2021-05-01,2505,479514,1783,246575,616,219591,106,13348,1238,71442,1258,210118,1339,281560,California
Sonoma,2021-05-02,871,480385,650,247225,170,219761,51,13399,554,71731,317,210435,606,282166,California
Sonoma,2021-05-03,3253,483638,1682,248907,1426,221187,145,13544,1071,70776,2169,212604,1214,283380,California
Sonoma,2021-05-04,4611,488249,2412,251319,2021,223208,178,13722,1466,69293,3122,215726,1639,285019,California
Sonoma,2021-05-05,3716,491965,2188,253507,1334,224542,194,13916,1325,68435,2375,218101,1517,286536,California
Sonoma,2021-05-06,4579,496544,2410,255917,2042,226584,127,14043,1300,66642,3217,221318,1424,287960,California
Sonoma,2021-05-07,3639,500183,2325,258242,1191,227775,123,14166,1097,65333,2529,223847,1220,289180,California
Sonoma,2021-05-08,1887,502070,1278,259520,517,228292,92,14258,669,64888,1206,225053,761,289941,California
Sonoma,2021-05-09,499,502569,285,259805,173,228465,41,14299,158,64751,336,225389,199,290140,California
Sonoma,2021-05-10,2350,504919,1038,260843,1179,229644,133,14432,295,63139,2037,227426,425,290565,California
Sonoma,2021-05-11,3596,508515,1934,262777,1539,231183,123,14555,880,61444,2698,230124,1003,291568,California
Sonoma,2021-05-12,4043,512558,2498,265275,1393,232576,152,14707,848,59260,3183,233307,999,292567,California
Sonoma,2021-05-13,4964,517522,2837,268112,1997,234573,130,14837,1658,57753,3293,236600,1786,294353,California
Sonoma,2021-05-14,5850,523372,3609,271721,2104,236677,137,14974,2217,56490,3618,240218,2355,296708,California
Sonoma,2021-05-15,2987,526359,2200,273921,724,237401,63,15037,1871,57316,1108,241326,1934,298642,California
Sonoma,2021-05-16,1323,527682,1105,275026,159,237560,59,15096,984,58025,334,241660,1043,299685,California
Sonoma,2021-05-17,2442,530124,1815,276841,532,238092,95,15191,887,57455,1550,243210,980,300665,California
Sonoma,2021-05-18,4333,534457,2858,279699,1366,239458,109,15300,1462,56173,2852,246062,1570,302235,California
Sonoma,2021-05-19,3872,538329,2416,282115,1341,240799,115,15415,1493,55418,2363,248425,1608,303843,California
Sonoma,2021-05-20,3424,541753,2245,284360,1085,241884,94,15509,1337,54769,2074,250499,1425,305268,California
Sonoma,2021-05-21,4261,546014,2395,286755,1737,243621,129,15638,1506,53657,2732,253231,1620,306888,California
Sonoma,2021-05-22,2339,548353,1282,288037,1017,244638,40,15678,665,52700,1662,254893,705,307593,California
Sonoma,2021-05-23,1486,549839,1213,289250,255,244893,18,15696,773,52784,707,255600,791,308384,California
Sonoma,2021-05-24,1985,551824,1243,290493,610,245503,132,15828,646,52251,1311,256911,778,309162,California
Sonoma,2021-05-25,2941,554765,1798,292291,1055,246558,88,15916,740,50890,2187,259098,826,309988,California
Sonoma,2021-05-26,2482,557247,1729,294020,642,247200,111,16027,996,50522,1472,260570,1104,311092,California
Sonoma,2021-05-27,2078,559325,1139,295159,842,248042,97,16124,687,49927,1382,261952,787,311879,California
Sonoma,2021-05-28,2182,561507,1126,296285,963,249005,93,16217,620,49096,1551,263503,720,312599,California
Sonoma,2021-05-29,1348,562855,920,297205,360,249365,68,16285,640,49119,697,264200,720,313319,California
Sonoma,2021-05-30,345,563200,212,297417,122,249487,11,16296,137,49063,203,264403,147,313466,California
Sonoma,2021-05-31,70,563270,26,297443,43,249530,1,16297,17,49028,53,264456,18,313484,California
Sonoma,2021-06-01,1939,565209,1109,298552,754,250284,76,16373,699,48573,1227,265683,772,314256,California
Sonoma,2021-06-02,1583,566792,971,299523,497,250781,115,16488,655,48420,923,266606,770,315026,California
Sonoma,2021-06-03,2004,568796,1381,300904,544,251325,79,16567,440,47385,1555,268161,520,315546,California
Sonoma,2021-06-04,2710,571506,2207,303111,396,251721,107,16674,515,45822,2186,270347,623,316169,California
Sonoma,2021-06-05,1818,573324,1492,304603,295,252016,31,16705,277,44596,1536,271883,310,316479,California
Sonoma,2021-06-06,1012,574336,936,305539,67,252083,9,16714,152,43902,857,272740,163,316642,California
Sonoma,2021-06-07,1478,575814,1237,306776,186,252269,55,16769,330,43145,1140,273880,383,317025,California
Sonoma,2021-06-08,1894,577708,1522,308298,326,252595,46,16815,534,42375,1348,275228,578,317603,California
Sonoma,2021-06-09,1643,579351,1355,309653,226,252821,62,16877,386,41583,1243,276471,451,318054,California
Sonoma,2021-06-10,1834,581185,1507,311160,223,253044,104,16981,557,40979,1264,277735,660,318714,California
Sonoma,2021-06-11,1995,583180,1632,312792,272,253316,91,17072,540,40162,1448,279183,631,319345,California
Sonoma,2021-06-12,1127,584307,890,313682,191,253507,46,17118,353,39795,767,279950,400,319745,California
Sonoma,2021-06-13,553,584860,465,314147,70,253577,18,17136,105,39470,448,280398,123,319868,California
Sonoma,2021-06-14,949,585809,677,314824,212,253789,60,17196,348,39284,593,280991,407,320275,California
Sonoma,2021-06-15,1849,587658,1380,316204,361,254150,108,17304,611,38773,1229,282220,718,320993,California
Sonoma,2021-06-16,1571,589229,1209,317413,261,254411,101,17405,501,38310,1064,283284,601,321594,California
Sonoma,2021-06-17,1035,590264,784,318197,172,254583,79,17484,407,38172,623,283907,485,322079,California
Sonoma,2021-06-18,1064,591328,770,318967,193,254776,101,17585,450,38116,605,284512,549,322628,California
Sonoma,2021-06-19,830,592158,686,319653,106,254882,38,17623,273,37873,554,285066,311,322939,California
Sonoma,2021-06-20,243,592401,199,319852,37,254919,7,17630,83,37806,157,285223,90,323029,California
Sonoma,2021-06-21,538,592939,306,320158,154,255073,78,17708,261,37878,266,285489,338,323367,California
Sonoma,2021-06-22,1241,594180,982,321140,169,255242,90,17798,578,37885,658,286147,665,324032,California
Sonoma,2021-06-23,1216,595396,938,322078,194,255436,84,17882,480,37719,730,286877,564,324596,California
Sonoma,2021-06-24,937,596333,628,322706,212,255648,97,17979,413,37712,516,287393,509,325105,California
Sonoma,2021-06-25,873,597206,680,323386,120,255768,73,18052,351,37630,504,287897,422,325527,California
Stanislaus,2020-12-15,5,5,5,5,0,0,0,0,5,5,0,0,5,5,California
Stanislaus,2020-12-16,38,43,38,43,0,0,0,0,38,43,0,0,38,43,California
Stanislaus,2020-12-17,74,117,74,117,0,0,0,0,74,117,0,0,74,117,California
Stanislaus,2020-12-18,343,460,337,454,6,6,0,0,343,460,0,0,343,460,California
Stanislaus,2020-12-19,134,594,134,588,0,6,0,0,134,594,0,0,134,594,California
Stanislaus,2020-12-20,87,681,87,675,0,6,0,0,87,681,0,0,87,681,California
Stanislaus,2020-12-21,999,1680,998,1673,1,7,0,0,998,1679,1,1,999,1680,California
Stanislaus,2020-12-22,796,2476,784,2457,12,19,0,0,796,2475,0,1,796,2476,California
Stanislaus,2020-12-23,450,2926,431,2888,19,38,0,0,449,2924,1,2,450,2926,California
Stanislaus,2020-12-24,98,3024,89,2977,9,47,0,0,98,3022,0,2,98,3024,California
Stanislaus,2020-12-26,53,3077,9,2986,44,91,0,0,53,3075,0,2,53,3077,California
Stanislaus,2020-12-27,11,3088,6,2992,5,96,0,0,11,3086,0,2,11,3088,California
Stanislaus,2020-12-28,490,3578,396,3388,94,190,0,0,490,3576,0,2,490,3578,California
Stanislaus,2020-12-29,500,4078,415,3803,85,275,0,0,500,4076,0,2,500,4078,California
Stanislaus,2020-12-30,538,4616,281,4084,257,532,0,0,537,4612,1,3,537,4615,California
Stanislaus,2020-12-31,282,4898,158,4242,124,656,0,0,282,4894,0,3,282,4897,California
Stanislaus,2021-01-01,16,4914,7,4249,9,665,0,0,16,4910,0,3,16,4913,California
Stanislaus,2021-01-02,34,4948,26,4275,8,673,0,0,34,4944,0,3,34,4947,California
Stanislaus,2021-01-03,90,5038,87,4362,3,676,0,0,90,5034,0,3,90,5037,California
Stanislaus,2021-01-04,232,5270,152,4514,80,756,0,0,232,5266,0,3,232,5269,California
Stanislaus,2021-01-05,844,6114,349,4863,495,1251,0,0,818,6067,25,28,826,6095,California
Stanislaus,2021-01-06,1010,7124,605,5468,405,1656,0,0,932,6930,75,103,938,7033,California
Stanislaus,2021-01-07,1083,8207,705,6173,378,2034,0,0,889,7634,189,292,893,7926,California
Stanislaus,2021-01-08,1282,9489,723,6896,559,2593,0,0,934,8230,345,637,941,8867,California
Stanislaus,2021-01-09,288,9777,143,7039,145,2738,0,0,198,8338,90,727,198,9065,California
Stanislaus,2021-01-10,49,9826,22,7061,27,2765,0,0,29,8347,20,747,29,9094,California
Stanislaus,2021-01-11,1503,11329,1218,8279,285,3050,0,0,574,8017,923,1670,593,9687,California
Stanislaus,2021-01-12,1479,12808,867,9146,612,3662,0,0,830,8219,645,2315,847,10534,California
Stanislaus,2021-01-13,1453,14261,692,9838,761,4423,0,0,1123,9028,329,2644,1138,11672,California
Stanislaus,2021-01-14,2249,16510,289,10127,1960,6383,0,0,2059,10986,187,2831,2145,13817,California
Stanislaus,2021-01-15,2834,19344,1164,11291,1670,8053,0,0,2665,13579,165,2996,2758,16575,California
Stanislaus,2021-01-16,474,19818,50,11341,424,8477,0,0,455,14018,18,3014,457,17032,California
Stanislaus,2021-01-17,244,20062,202,11543,42,8519,0,0,237,14249,6,3020,237,17269,California
Stanislaus,2021-01-18,2191,22253,1023,12566,1168,9687,0,0,1790,15727,396,3416,1874,19143,California
Stanislaus,2021-01-19,1256,23509,724,13290,532,10219,0,0,806,16088,446,3862,807,19950,California
Stanislaus,2021-01-20,1013,24522,490,13780,523,10742,0,0,716,16509,295,4157,716,20666,California
Stanislaus,2021-01-21,3699,28221,2980,16760,719,11461,0,0,3350,19640,345,4502,3476,24142,California
Stanislaus,2021-01-22,1101,29322,311,17071,790,12251,0,0,1056,20658,41,4543,1059,25201,California
Stanislaus,2021-01-23,360,29682,43,17114,317,12568,0,0,301,20902,58,4601,302,25503,California
Stanislaus,2021-01-24,301,29983,98,17212,203,12771,0,0,235,21073,66,4667,237,25740,California
Stanislaus,2021-01-25,3165,33148,229,17441,2936,15707,0,0,2814,23742,315,4982,2984,28724,California
Stanislaus,2021-01-26,1738,34886,749,18190,989,16696,0,0,1290,24617,441,5423,1316,30040,California
Stanislaus,2021-01-27,1904,36790,1059,19249,845,17541,0,0,1188,25142,667,6090,1192,31232,California
Stanislaus,2021-01-28,2218,39008,1516,20765,702,18243,0,0,1711,26431,497,6587,1786,33018,California
Stanislaus,2021-01-29,2459,41467,1205,21970,1254,19497,0,0,1913,27903,499,7086,1971,34989,California
Stanislaus,2021-01-30,300,41767,136,22106,164,19661,0,0,231,28077,57,7143,231,35220,California
Stanislaus,2021-01-31,370,42137,315,22421,55,19716,0,0,354,28419,13,7156,355,35575,California
Stanislaus,2021-02-01,1299,43436,584,23005,715,20431,0,0,936,29008,349,7505,938,36513,California
Stanislaus,2021-02-02,1215,44651,347,23352,868,21299,0,0,774,29356,431,7936,779,37292,California
Stanislaus,2021-02-03,2626,47277,1239,24591,1387,22686,0,0,1920,30592,701,8637,1937,39229,California
Stanislaus,2021-02-04,2101,49378,714,25305,1387,24073,0,0,1579,31672,510,9147,1590,40819,California
Stanislaus,2021-02-05,2860,52238,1474,26779,1386,25459,0,0,1592,32079,1201,10348,1608,42427,California
Stanislaus,2021-02-06,885,53123,299,27078,586,26045,0,0,693,32584,190,10538,695,43122,California
Stanislaus,2021-02-07,232,53355,207,27285,25,26070,0,0,43,32442,186,10724,44,43166,California
Stanislaus,2021-02-08,2049,55404,1341,28626,708,26778,0,0,1102,32668,905,11629,1131,44297,California
Stanislaus,2021-02-09,1853,57257,788,29414,1065,27843,0,0,1048,32953,776,12405,1061,45358,California
Stanislaus,2021-02-10,1947,59204,535,29949,1412,29255,0,0,1016,33068,905,13310,1020,46378,California
Stanislaus,2021-02-11,5413,64617,3278,33227,2135,31390,0,0,1220,30363,3943,17253,1238,47616,California
Stanislaus,2021-02-12,3312,67929,919,34146,2393,33783,0,0,1450,30059,1771,19024,1467,49083,California
Stanislaus,2021-02-13,1363,69292,656,34802,707,34490,0,0,986,30680,370,19394,991,50074,California
Stanislaus,2021-02-14,424,69716,171,34973,253,34743,0,0,352,30962,70,19464,352,50426,California
Stanislaus,2021-02-15,1825,71541,233,35206,1592,36335,0,0,582,30429,1123,20587,590,51016,California
Stanislaus,2021-02-16,1366,72907,424,35630,942,37277,0,0,577,30236,777,21364,584,51600,California
Stanislaus,2021-02-17,2767,75674,1698,37328,1069,38346,0,0,1905,31319,854,22218,1937,53537,California
Stanislaus,2021-02-18,3378,79052,1909,39237,1469,39815,0,0,1767,31627,1513,23731,1821,55358,California
Stanislaus,2021-02-19,2783,81835,1085,40322,1698,41513,0,0,1517,31955,1217,24948,1545,56903,California
Stanislaus,2021-02-20,756,82591,385,40707,371,41884,0,0,473,32170,263,25211,478,57381,California
Stanislaus,2021-02-21,912,83503,697,41404,215,42099,0,0,542,32383,344,25555,557,57938,California
Stanislaus,2021-02-22,2357,85860,1703,43107,654,42753,0,0,1632,33318,704,26259,1639,59577,California
Stanislaus,2021-02-23,3750,89610,678,43785,3072,45825,0,0,1723,33221,1847,28106,1750,61327,California
Stanislaus,2021-02-24,4198,93808,2864,46649,1334,47159,0,0,3114,35288,1059,29165,3126,64453,California
Stanislaus,2021-02-25,3968,97776,2725,49374,1243,48402,0,0,3152,37654,796,29961,3162,67615,California
Stanislaus,2021-02-26,4228,102004,1220,50594,3008,51410,0,0,2832,39175,1335,31296,2856,70471,California
Stanislaus,2021-02-27,2098,104102,711,51305,1386,52796,1,1,1863,40834,206,31502,1865,72336,California
Stanislaus,2021-02-28,830,104932,263,51568,567,53363,0,1,777,41571,41,31543,778,73114,California
Stanislaus,2021-03-01,3086,108018,1649,53217,1432,54795,5,6,1644,41861,1393,32936,1683,74797,California
Stanislaus,2021-03-02,2403,110421,1429,54646,973,55768,1,7,1657,42797,730,33666,1666,76463,California
Stanislaus,2021-03-03,3725,114146,2239,56885,1482,57250,4,11,2904,44906,803,34469,2912,79375,California
Stanislaus,2021-03-04,5461,119607,3117,60002,2328,59578,16,27,4191,47889,1229,35698,4212,83587,California
Stanislaus,2021-03-05,4095,123702,1126,61128,2953,62531,16,43,3089,50022,975,36673,3108,86695,California
Stanislaus,2021-03-06,3595,127297,2239,63367,1263,63794,93,136,2737,52002,854,37527,2834,89529,California
Stanislaus,2021-03-07,856,128153,390,63757,430,64224,36,172,666,52520,185,37712,703,90232,California
Stanislaus,2021-03-08,2012,130165,871,64628,1052,65276,89,261,1336,53293,656,38368,1429,91661,California
Stanislaus,2021-03-09,2647,132812,1004,65632,1551,66827,92,353,1636,54044,997,39365,1748,93409,California
Stanislaus,2021-03-10,5510,138322,2698,68330,2585,69412,227,580,3741,56309,1743,41108,4008,97417,California
Stanislaus,2021-03-11,6132,144454,3345,71675,2311,71723,476,1056,4127,59105,1823,42931,4619,102036,California
Stanislaus,2021-03-12,6261,150715,1357,73032,2975,74698,1929,2985,2926,60670,3305,46236,4870,106906,California
Stanislaus,2021-03-13,3706,154421,2316,75348,1319,76017,71,3056,2811,62685,886,47122,2901,109807,California
Stanislaus,2021-03-14,994,155415,594,75942,347,76364,53,3109,490,62728,501,47623,544,110351,California
Stanislaus,2021-03-15,3801,159216,1984,77926,1455,77819,362,3471,1647,62689,2057,49680,2018,112369,California
Stanislaus,2021-03-16,5088,164304,2499,80425,2152,79971,437,3908,3651,65367,1414,51094,4092,116461,California
Stanislaus,2021-03-17,4889,169193,2906,83331,1805,81776,178,4086,2939,66583,1913,53007,3129,119590,California
Stanislaus,2021-03-18,5535,174728,3452,86783,2013,83789,70,4156,3019,67319,2361,55368,3097,122687,California
Stanislaus,2021-03-19,6027,180755,1582,88365,2922,86711,1523,5679,3191,69234,2794,58162,4709,127396,California
Stanislaus,2021-03-20,3875,184630,3037,91402,770,87481,68,5747,3378,72208,473,58635,3447,130843,California
Stanislaus,2021-03-21,1015,185645,907,92309,42,87523,66,5813,768,72802,240,58875,834,131677,California
Stanislaus,2021-03-22,3007,188652,1392,93701,889,88412,726,6539,1404,73364,1572,60447,2134,133811,California
Stanislaus,2021-03-23,4103,192755,2096,95797,1748,90160,259,6798,2951,75465,1133,61580,3234,137045,California
Stanislaus,2021-03-24,4682,197437,3264,99061,1340,91500,78,6876,2744,76406,1889,63469,2830,139875,California
Stanislaus,2021-03-25,4395,201832,2984,102045,1394,92894,17,6893,1949,76010,2367,65836,1971,141846,California
Stanislaus,2021-03-26,4917,206749,1400,103445,3443,96337,74,6967,2520,76255,2363,68199,2608,144454,California
Stanislaus,2021-03-27,4430,211179,2758,106203,1588,97925,84,7051,1393,74722,3019,71218,1486,145940,California
Stanislaus,2021-03-28,1113,212292,443,106646,562,98487,108,7159,319,74378,780,71998,436,146376,California
Stanislaus,2021-03-29,3155,215447,1834,108480,1282,99769,39,7198,2145,75570,1000,72998,2192,148568,California
Stanislaus,2021-03-30,3838,219285,2072,110552,1740,101509,26,7224,2370,76526,1457,74455,2413,150981,California
Stanislaus,2021-03-31,5572,224857,3860,114412,1591,103100,121,7345,2894,76900,2656,77111,3030,154011,California
Stanislaus,2021-04-01,5891,230748,3852,118264,1940,105040,99,7444,2736,76632,3128,80239,2860,156871,California
Stanislaus,2021-04-02,5160,235908,1219,119483,3773,108813,168,7612,2356,76464,2710,82949,2542,159413,California
Stanislaus,2021-04-03,4682,240590,3432,122915,1214,110027,36,7648,2250,76360,2420,85369,2316,161729,California
Stanislaus,2021-04-04,1326,241916,475,123390,821,110848,30,7678,649,76378,668,86037,686,162415,California
Stanislaus,2021-04-05,3747,245663,2551,125941,937,111785,259,7937,2429,77770,1308,87345,2700,165115,California
Stanislaus,2021-04-06,5939,251602,4224,130165,1430,113215,285,8222,3207,78561,2716,90061,3507,168622,California
Stanislaus,2021-04-07,6497,258099,3652,133817,2410,115625,435,8657,2899,78343,3579,93640,3361,171983,California
Stanislaus,2021-04-08,5864,263963,3415,137232,2004,117629,445,9102,2891,78751,2944,96584,3352,175335,California
Stanislaus,2021-04-09,4982,268945,2164,139396,2439,120068,379,9481,2273,78746,2680,99264,2675,178010,California
Stanislaus,2021-04-10,6513,275458,3997,143393,877,120945,1639,11120,1995,77889,4492,103756,3635,181645,California
Stanislaus,2021-04-11,1529,276987,855,144248,541,121486,133,11253,664,77833,862,104618,806,182451,California
Stanislaus,2021-04-12,3776,280763,2116,146364,1211,122697,449,11702,1949,78461,1795,106413,2423,184874,California
Stanislaus,2021-04-13,5387,286150,3494,149858,1879,124576,14,11716,2966,79082,2372,108785,2993,187867,California
Stanislaus,2021-04-14,4810,290960,3333,153191,1475,126051,2,11718,2340,79016,2430,111215,2364,190231,California
Stanislaus,2021-04-15,5542,296502,3384,156575,2155,128206,3,11721,3249,80060,2239,113454,3283,193514,California
Stanislaus,2021-04-16,4461,300963,1056,157631,3404,131610,1,11722,1858,79385,2548,116002,1873,195387,California
Stanislaus,2021-04-17,3172,304135,2132,159763,1040,132650,0,11722,1838,79908,1320,117322,1843,197230,California
Stanislaus,2021-04-18,543,304678,225,159988,316,132966,2,11724,412,80199,124,117446,415,197645,California
Stanislaus,2021-04-19,3608,308286,2457,162445,1149,134115,2,11726,1653,79960,1913,119359,1674,199319,California
Stanislaus,2021-04-20,4076,312362,2432,164877,1644,135759,0,11726,1742,79428,2293,121652,1761,201080,California
Stanislaus,2021-04-21,3910,316272,2567,167444,1342,137101,1,11727,1586,78776,2272,123924,1620,202700,California
Stanislaus,2021-04-22,4069,320341,2419,169863,1650,138751,0,11727,1615,78002,2405,126329,1631,204331,California
Stanislaus,2021-04-23,3727,324068,852,170715,2874,141625,1,11728,1525,77441,2105,128434,1544,205875,California
Stanislaus,2021-04-24,3872,327940,2949,173664,923,142548,0,11728,1853,77304,2001,130435,1864,207739,California
Stanislaus,2021-04-25,939,328879,483,174147,456,143004,0,11728,688,77751,245,130680,692,208431,California
Stanislaus,2021-04-26,3601,332480,2401,176548,1194,144198,6,11734,1124,76460,2450,133130,1159,209590,California
Stanislaus,2021-04-27,4222,336702,2837,179385,1337,145535,48,11782,1225,74792,2963,136093,1295,210885,California
Stanislaus,2021-04-28,4469,341171,3073,182458,1334,146869,62,11844,1903,74243,2544,138637,1995,212880,California
Stanislaus,2021-04-29,3881,345052,2359,184817,1474,148343,48,11892,1510,73480,2347,140984,1584,214464,California
Stanislaus,2021-04-30,4738,349790,2099,186916,2555,150898,84,11976,1846,72581,2868,143852,1969,216433,California
Stanislaus,2021-05-01,2719,352509,1932,188848,746,151644,41,12017,1017,71957,1693,145545,1069,217502,California
Stanislaus,2021-05-02,1084,353593,621,189469,425,152069,38,12055,521,71969,557,146102,569,218071,California
Stanislaus,2021-05-03,2552,356145,1990,191459,491,152560,71,12126,969,71458,1567,147669,1056,219127,California
Stanislaus,2021-05-04,3681,359826,2521,193980,1066,153626,94,12220,1155,70212,2512,150181,1266,220393,California
Stanislaus,2021-05-05,3330,363156,2182,196162,1073,154699,75,12295,1150,69286,2160,152341,1234,221627,California
Stanislaus,2021-05-06,3626,366782,2720,198882,782,155481,124,12419,1096,68015,2505,154846,1234,222861,California
Stanislaus,2021-05-07,2506,369288,960,199842,1384,156865,162,12581,1045,67776,1450,156296,1211,224072,California
Stanislaus,2021-05-08,1965,371253,1349,201191,583,157448,33,12614,714,67296,1234,157530,754,224826,California
Stanislaus,2021-05-09,714,371967,342,201533,346,157794,26,12640,309,67229,403,157933,336,225162,California
Stanislaus,2021-05-10,1791,373758,1141,202674,553,158347,97,12737,482,66513,1298,159231,582,225744,California
Stanislaus,2021-05-11,2496,376254,1547,204221,789,159136,160,12897,737,65670,1747,160978,904,226648,California
Stanislaus,2021-05-12,2380,378634,1353,205574,918,160054,109,13006,941,65299,1424,162402,1053,227701,California
Stanislaus,2021-05-13,2074,380708,1187,206761,769,160823,118,13124,955,65265,1110,163512,1076,228777,California
Stanislaus,2021-05-14,2748,383456,1231,207992,1378,162201,139,13263,1296,65271,1432,164944,1438,230215,California
Stanislaus,2021-05-15,2490,385946,1773,209765,667,162868,50,13313,1207,65265,1273,166217,1267,231482,California
Stanislaus,2021-05-16,1024,386970,667,210432,349,163217,8,13321,558,65372,463,166680,570,232052,California
Stanislaus,2021-05-17,2043,389013,1378,211810,584,163801,81,13402,999,65422,1038,167718,1088,233140,California
Stanislaus,2021-05-18,2279,391292,1563,213373,602,164403,114,13516,1189,65647,1079,168797,1304,234444,California
Stanislaus,2021-05-19,3116,394408,2142,215515,820,165223,154,13670,1400,65500,1704,170501,1557,236001,California
Stanislaus,2021-05-20,2214,396622,1190,216705,920,166143,104,13774,903,65212,1300,171801,1012,237013,California
Stanislaus,2021-05-21,2483,399105,1214,217919,1171,167314,98,13872,1022,64894,1444,173245,1126,238139,California
Stanislaus,2021-05-22,1999,401104,1205,219124,725,168039,69,13941,870,64712,1122,174367,940,239079,California
Stanislaus,2021-05-23,1047,402151,680,219804,352,168391,15,13956,500,64685,542,174909,515,239594,California
Stanislaus,2021-05-24,1745,403896,1190,220994,476,168867,79,14035,676,64380,1066,175975,761,240355,California
Stanislaus,2021-05-25,1803,405699,1232,222226,470,169337,101,14136,864,64413,935,176910,968,241323,California
Stanislaus,2021-05-26,2018,407717,1259,223485,707,170044,52,14188,961,64377,1049,177959,1013,242336,California
Stanislaus,2021-05-27,1775,409492,973,224458,723,170767,79,14267,656,64003,1109,179068,735,243071,California
Stanislaus,2021-05-28,2158,411650,1016,225474,1058,171825,84,14351,952,63838,1201,180269,1036,244107,California
Stanislaus,2021-05-29,1313,412963,846,226320,426,172251,41,14392,611,63797,698,180967,657,244764,California
Stanislaus,2021-05-30,455,413418,273,226593,148,172399,34,14426,213,63807,238,181205,248,245012,California
Stanislaus,2021-05-31,259,413677,122,226715,130,172529,7,14433,97,63750,161,181366,104,245116,California
Stanislaus,2021-06-01,1675,415352,1046,227761,576,173105,53,14486,660,63458,1009,182375,717,245833,California
Stanislaus,2021-06-02,1792,417144,1140,228901,583,173688,69,14555,777,63302,1005,183380,849,246682,California
Stanislaus,2021-06-03,1387,418531,821,229722,519,174207,47,14602,553,63083,821,184201,602,247284,California
Stanislaus,2021-06-04,1900,420431,1138,230860,692,174899,70,14672,723,62713,1167,185368,797,248081,California
Stanislaus,2021-06-05,1376,421807,1052,231912,298,175197,26,14698,477,62324,893,186261,504,248585,California
Stanislaus,2021-06-06,505,422312,413,232325,83,175280,9,14707,205,62239,300,186561,215,248800,California
Stanislaus,2021-06-07,1590,423902,1216,233541,329,175609,45,14752,601,61904,980,187541,645,249445,California
Stanislaus,2021-06-08,1898,425800,1422,234963,402,176011,74,14826,691,61475,1194,188735,765,250210,California
Stanislaus,2021-06-09,1836,427636,1299,236262,455,176466,82,14908,624,60974,1208,189943,707,250917,California
Stanislaus,2021-06-10,1466,429102,925,237187,480,176946,61,14969,616,60813,840,190783,679,251596,California
Stanislaus,2021-06-11,1466,430568,874,238061,541,177487,51,15020,546,60507,905,191688,599,252195,California
Stanislaus,2021-06-12,1017,431585,739,238800,255,177742,23,15043,377,60277,633,192321,403,252598,California
Stanislaus,2021-06-13,536,432121,395,239195,135,177877,6,15049,176,60104,357,192678,184,252782,California
Stanislaus,2021-06-14,1341,433462,953,240148,366,178243,22,15071,520,59834,813,193491,543,253325,California
Stanislaus,2021-06-15,1569,435031,1130,241278,396,178639,43,15114,537,59389,1028,194519,583,253908,California
Stanislaus,2021-06-16,1917,436948,1379,242657,472,179111,66,15180,769,59079,1145,195664,835,254743,California
Stanislaus,2021-06-17,1131,438079,714,243371,373,179484,44,15224,526,59051,600,196264,572,255315,California
Stanislaus,2021-06-18,1292,439371,777,244148,436,179920,79,15303,515,58876,771,197035,596,255911,California
Stanislaus,2021-06-19,850,440221,623,244771,182,180102,45,15348,371,58818,475,197510,417,256328,California
Stanislaus,2021-06-20,304,440525,212,244983,86,180188,6,15354,141,58802,163,197673,147,256475,California
Stanislaus,2021-06-21,936,441461,535,245518,276,180464,125,15479,477,58952,454,198127,604,257079,California
Stanislaus,2021-06-22,1177,442638,858,246376,260,180724,59,15538,488,58820,682,198809,550,257629,California
Stanislaus,2021-06-23,631,443269,332,246708,261,180985,38,15576,278,58784,352,199161,316,257945,California
Stanislaus,2021-06-24,255,443524,153,246861,94,181079,8,15584,119,58779,135,199296,130,258075,California
Stanislaus,2021-06-25,139,443663,76,246937,44,181123,19,15603,30,58719,109,199405,49,258124,California
Sutter,2020-12-15,1,1,1,1,0,0,0,0,1,1,0,0,1,1,California
Sutter,2020-12-16,4,5,4,5,0,0,0,0,4,5,0,0,4,5,California
Sutter,2020-12-17,3,8,3,8,0,0,0,0,3,8,0,0,3,8,California
Sutter,2020-12-18,21,29,21,29,0,0,0,0,21,29,0,0,21,29,California
Sutter,2020-12-19,45,74,45,74,0,0,0,0,45,74,0,0,45,74,California
Sutter,2020-12-20,43,117,43,117,0,0,0,0,43,117,0,0,43,117,California
Sutter,2020-12-21,99,216,99,216,0,0,0,0,99,216,0,0,99,216,California
Sutter,2020-12-22,172,388,172,388,0,0,0,0,172,388,0,0,172,388,California
Sutter,2020-12-23,115,503,110,498,5,5,0,0,115,503,0,0,115,503,California
Sutter,2020-12-24,17,520,11,509,6,11,0,0,17,520,0,0,17,520,California
Sutter,2020-12-26,38,558,34,543,4,15,0,0,38,558,0,0,38,558,California
Sutter,2020-12-27,24,582,23,566,1,16,0,0,24,582,0,0,24,582,California
Sutter,2020-12-28,83,665,55,621,28,44,0,0,83,665,0,0,83,665,California
Sutter,2020-12-29,101,766,14,635,87,131,0,0,101,766,0,0,101,766,California
Sutter,2020-12-30,136,902,33,668,103,234,0,0,136,902,0,0,136,902,California
Sutter,2020-12-31,70,972,6,674,64,298,0,0,70,972,0,0,70,972,California
Sutter,2021-01-01,3,975,3,677,0,298,0,0,3,975,0,0,3,975,California
Sutter,2021-01-02,131,1106,129,806,2,300,0,0,131,1106,0,0,131,1106,California
Sutter,2021-01-03,1,1107,0,806,1,301,0,0,1,1107,0,0,1,1107,California
Sutter,2021-01-04,247,1354,138,944,109,410,0,0,247,1354,0,0,247,1354,California
Sutter,2021-01-05,99,1453,56,1000,43,453,0,0,96,1447,3,3,96,1450,California
Sutter,2021-01-06,205,1658,50,1050,155,608,0,0,200,1642,5,8,200,1650,California
Sutter,2021-01-07,253,1911,153,1203,100,708,0,0,243,1876,9,17,243,1893,California
Sutter,2021-01-08,150,2061,40,1243,110,818,0,0,133,1992,17,34,133,2026,California
Sutter,2021-01-09,46,2107,43,1286,3,821,0,0,5,1956,41,75,5,2031,California
Sutter,2021-01-10,394,2501,37,1323,357,1178,0,0,356,2275,37,112,356,2387,California
Sutter,2021-01-11,132,2633,115,1438,17,1195,0,0,25,2193,107,219,25,2412,California
Sutter,2021-01-12,202,2835,165,1603,37,1232,0,0,58,2107,144,363,58,2470,California
Sutter,2021-01-13,162,2997,99,1702,63,1295,0,0,72,2090,89,452,72,2542,California
Sutter,2021-01-14,147,3144,51,1753,96,1391,0,0,127,2197,20,472,127,2669,California
Sutter,2021-01-15,436,3580,131,1884,305,1696,0,0,422,2605,14,486,422,3091,California
Sutter,2021-01-16,384,3964,41,1925,343,2039,0,0,353,2928,30,516,353,3444,California
Sutter,2021-01-17,26,3990,24,1949,2,2041,0,0,10,2922,16,532,10,3454,California
Sutter,2021-01-18,118,4108,63,2012,55,2096,0,0,70,2944,48,580,70,3524,California
Sutter,2021-01-19,107,4215,42,2054,65,2161,0,0,83,3003,24,604,83,3607,California
Sutter,2021-01-20,271,4486,207,2261,64,2225,0,0,251,3234,20,624,251,3858,California
Sutter,2021-01-21,490,4976,319,2580,171,2396,0,0,472,3688,18,642,472,4330,California
Sutter,2021-01-22,241,5217,53,2633,188,2584,0,0,231,3910,9,651,231,4561,California
Sutter,2021-01-23,397,5614,39,2672,358,2942,0,0,371,4255,26,677,371,4932,California
Sutter,2021-01-24,16,5630,14,2686,2,2944,0,0,14,4267,2,679,14,4946,California
Sutter,2021-01-25,306,5936,196,2882,110,3054,0,0,149,4261,156,835,150,5096,California
Sutter,2021-01-26,248,6184,108,2990,140,3194,0,0,144,4302,103,938,144,5240,California
Sutter,2021-01-27,388,6572,256,3246,132,3326,0,0,321,4556,67,1005,321,5561,California
Sutter,2021-01-28,582,7154,358,3604,224,3550,0,0,409,4794,171,1176,409,5970,California
Sutter,2021-01-29,364,7518,88,3692,276,3826,0,0,242,4914,122,1298,242,6212,California
Sutter,2021-01-30,777,8295,38,3730,739,4565,0,0,766,5669,11,1309,766,6978,California
Sutter,2021-01-31,28,8323,27,3757,1,4566,0,0,28,5697,0,1309,28,7006,California
Sutter,2021-02-01,170,8493,53,3810,117,4683,0,0,137,5802,32,1341,137,7143,California
Sutter,2021-02-02,247,8740,27,3837,220,4903,0,0,213,5981,34,1375,213,7356,California
Sutter,2021-02-03,447,9187,40,3877,407,5310,0,0,211,5957,235,1610,211,7567,California
Sutter,2021-02-04,670,9857,366,4243,304,5614,0,0,620,6528,49,1659,620,8187,California
Sutter,2021-02-05,288,10145,32,4275,256,5870,0,0,135,6510,153,1812,135,8322,California
Sutter,2021-02-06,732,10877,28,4303,704,6574,0,0,710,7198,22,1834,710,9032,California
Sutter,2021-02-07,24,10901,20,4323,4,6578,0,0,20,7214,4,1838,20,9052,California
Sutter,2021-02-08,136,11037,31,4354,105,6683,0,0,98,7274,38,1876,98,9150,California
Sutter,2021-02-09,248,11285,45,4399,203,6886,0,0,187,7400,61,1937,187,9337,California
Sutter,2021-02-10,820,12105,382,4781,438,7324,0,0,178,6937,641,2578,178,9515,California
Sutter,2021-02-11,607,12712,274,5055,333,7657,0,0,347,7024,260,2838,347,9862,California
Sutter,2021-02-12,636,13348,68,5123,568,8225,0,0,311,7011,324,3162,311,10173,California
Sutter,2021-02-13,904,14252,48,5171,856,9081,0,0,788,7683,116,3278,788,10961,California
Sutter,2021-02-14,90,14342,25,5196,65,9146,0,0,79,7751,11,3289,79,11040,California
Sutter,2021-02-15,202,14544,72,5268,130,9276,0,0,123,7795,79,3368,123,11163,California
Sutter,2021-02-16,289,14833,44,5312,245,9521,0,0,204,7915,84,3452,204,11367,California
Sutter,2021-02-17,830,15663,431,5743,399,9920,0,0,134,7354,695,4147,134,11501,California
Sutter,2021-02-18,709,16372,57,5800,652,10572,0,0,493,7632,215,4362,493,11994,California
Sutter,2021-02-19,665,17037,377,6177,288,10860,0,0,461,7891,202,4564,461,12455,California
Sutter,2021-02-20,623,17660,56,6233,567,11427,0,0,517,8303,105,4669,517,12972,California
Sutter,2021-02-21,28,17688,27,6260,1,11428,0,0,7,8289,21,4690,7,12979,California
Sutter,2021-02-22,208,17896,123,6383,85,11513,0,0,85,8251,123,4813,85,13064,California
Sutter,2021-02-23,224,18120,34,6417,190,11703,0,0,97,8222,126,4939,97,13161,California
Sutter,2021-02-24,970,19090,350,6767,620,12323,0,0,194,7641,775,5714,194,13355,California
Sutter,2021-02-25,785,19875,497,7264,288,12611,0,0,604,8068,177,5891,604,13959,California
Sutter,2021-02-26,379,20254,61,7325,318,12929,0,0,158,8007,219,6110,158,14117,California
Sutter,2021-02-27,865,21119,46,7371,819,13748,0,0,711,8562,156,6266,711,14828,California
Sutter,2021-02-28,89,21208,43,7414,46,13794,0,0,68,8610,20,6286,68,14896,California
Sutter,2021-03-01,251,21459,63,7477,188,13982,0,0,153,8665,98,6384,153,15049,California
Sutter,2021-03-02,339,21798,59,7536,280,14262,0,0,162,8652,175,6559,162,15211,California
Sutter,2021-03-03,1402,23200,530,8066,872,15134,0,0,661,8578,735,7294,661,15872,California
Sutter,2021-03-04,1252,24452,863,8929,389,15523,0,0,945,9221,302,7596,945,16817,California
Sutter,2021-03-05,340,24792,80,9009,259,15782,1,1,207,9296,133,7729,208,17025,California
Sutter,2021-03-06,1025,25817,46,9055,974,16756,5,6,856,9990,167,7896,861,17886,California
Sutter,2021-03-07,66,25883,23,9078,42,16798,1,7,46,10017,20,7916,47,17933,California
Sutter,2021-03-08,228,26111,80,9158,136,16934,12,19,159,10119,69,7985,171,18104,California
Sutter,2021-03-09,389,26500,137,9295,240,17174,12,31,185,10112,204,8189,197,18301,California
Sutter,2021-03-10,1569,28069,681,9976,827,18001,61,92,522,9653,1042,9231,583,18884,California
Sutter,2021-03-11,891,28960,438,10414,434,18435,19,111,644,10072,244,9475,663,19547,California
Sutter,2021-03-12,678,29638,111,10525,387,18822,180,291,201,9977,474,9949,379,19926,California
Sutter,2021-03-13,989,30627,751,11276,220,19042,18,309,781,10569,206,10155,798,20724,California
Sutter,2021-03-14,131,30758,22,11298,98,19140,11,320,45,10539,86,10241,56,20780,California
Sutter,2021-03-15,322,31080,67,11365,206,19346,49,369,150,10568,170,10411,199,20979,California
Sutter,2021-03-16,391,31471,86,11451,258,19604,47,416,212,10647,179,10590,258,21237,California
Sutter,2021-03-17,1499,32970,562,12013,915,20519,22,438,308,9795,1181,11771,329,21566,California
Sutter,2021-03-18,974,33944,181,12194,589,21108,204,642,565,10158,404,12175,767,22333,California
Sutter,2021-03-19,463,34407,166,12360,268,21376,29,671,282,10290,179,12354,311,22644,California
Sutter,2021-03-20,951,35358,118,12478,822,22198,11,682,860,11071,90,12444,871,23515,California
Sutter,2021-03-21,68,35426,47,12525,18,22216,3,685,33,11072,35,12479,36,23551,California
Sutter,2021-03-22,288,35714,120,12645,142,22358,26,711,212,11235,75,12554,238,23789,California
Sutter,2021-03-23,378,36092,114,12759,231,22589,33,744,254,11398,123,12677,286,24075,California
Sutter,2021-03-24,1689,37781,774,13533,845,23434,70,814,314,10423,1359,14036,384,24459,California
Sutter,2021-03-25,1042,38823,679,14212,320,23754,43,857,368,10163,671,14707,411,24870,California
Sutter,2021-03-26,497,39320,175,14387,305,24059,17,874,295,10278,197,14904,312,25182,California
Sutter,2021-03-27,927,40247,62,14449,863,24922,2,876,813,10984,109,15013,815,25997,California
Sutter,2021-03-28,125,40372,72,14521,53,24975,0,876,77,11015,46,15059,77,26074,California
Sutter,2021-03-29,428,40800,144,14665,228,25203,56,932,224,11093,202,15261,280,26354,California
Sutter,2021-03-30,480,41280,161,14826,309,25512,10,942,317,11257,163,15424,327,26681,California
Sutter,2021-03-31,1257,42537,177,15003,1064,26576,16,958,442,10912,802,16226,457,27138,California
Sutter,2021-04-01,1387,43924,742,15745,460,27036,185,1143,430,10580,946,17172,614,27752,California
Sutter,2021-04-02,516,44440,101,15846,297,27333,118,1261,204,10588,310,17482,318,28070,California
Sutter,2021-04-03,908,45348,77,15923,209,27542,622,1883,122,10549,782,18264,743,28813,California
Sutter,2021-04-04,118,45466,22,15945,90,27632,6,1889,54,10545,64,18328,60,28873,California
Sutter,2021-04-05,369,45835,145,16090,187,27819,37,1926,176,10568,190,18518,213,29086,California
Sutter,2021-04-06,510,46345,198,16288,256,28075,56,1982,273,10662,235,18753,329,29415,California
Sutter,2021-04-07,1482,47827,887,17175,521,28596,74,2056,610,10484,862,19615,684,30099,California
Sutter,2021-04-08,1060,48887,583,17758,362,28958,115,2171,581,10704,473,20088,693,30792,California
Sutter,2021-04-09,569,49456,249,18007,255,29213,65,2236,237,10678,328,20416,302,31094,California
Sutter,2021-04-10,829,50285,111,18118,88,29301,630,2866,110,10695,714,21130,731,31825,California
Sutter,2021-04-11,120,50405,33,18151,40,29341,47,2913,38,10697,82,21212,84,31909,California
Sutter,2021-04-12,343,50748,93,18244,196,29537,54,2967,139,10688,202,21414,193,32102,California
Sutter,2021-04-13,432,51180,126,18370,306,29843,0,2967,215,10688,215,21629,215,32317,California
Sutter,2021-04-14,1330,52510,163,18533,1166,31009,1,2968,226,9819,1096,22725,227,32544,California
Sutter,2021-04-15,542,53052,173,18706,369,31378,0,2968,219,9719,319,23044,219,32763,California
Sutter,2021-04-16,408,53460,129,18835,279,31657,0,2968,189,9691,217,23261,189,32952,California
Sutter,2021-04-17,581,54041,82,18917,499,32156,0,2968,510,10131,70,23331,510,33462,California
Sutter,2021-04-18,93,54134,34,18951,59,32215,0,2968,59,10158,32,23363,59,33521,California
Sutter,2021-04-19,294,54428,113,19064,181,32396,0,2968,123,10112,169,23532,123,33644,California
Sutter,2021-04-20,465,54893,182,19246,283,32679,0,2968,224,10097,239,23771,224,33868,California
Sutter,2021-04-21,1314,56207,503,19749,811,33490,0,2968,514,9824,787,24558,514,34382,California
Sutter,2021-04-22,527,56734,194,19943,333,33823,0,2968,258,9816,266,24824,258,34640,California
Sutter,2021-04-23,439,57173,154,20097,285,34108,0,2968,200,9781,235,25059,200,34840,California
Sutter,2021-04-24,326,57499,107,20204,218,34326,1,2969,185,9826,140,25199,185,35025,California
Sutter,2021-04-25,158,57657,75,20279,83,34409,0,2969,86,9842,70,25269,86,35111,California
Sutter,2021-04-26,323,57980,107,20386,214,34623,2,2971,138,9799,183,25452,140,35251,California
Sutter,2021-04-27,560,58540,286,20672,270,34893,4,2975,256,9760,299,25751,260,35511,California
Sutter,2021-04-28,859,59399,386,21058,465,35358,8,2983,283,9482,569,26320,291,35802,California
Sutter,2021-04-29,805,60204,165,21223,639,35997,1,2984,324,9331,476,26796,325,36127,California
Sutter,2021-04-30,385,60589,134,21357,238,36235,13,2997,167,9295,215,27011,179,36306,California
Sutter,2021-05-01,300,60889,108,21465,151,36386,41,3038,129,9297,168,27179,170,36476,California
Sutter,2021-05-02,81,60970,54,21519,25,36411,2,3040,45,9308,36,27215,47,36523,California
Sutter,2021-05-03,218,61188,110,21629,99,36510,9,3049,89,9277,129,27344,98,36621,California
Sutter,2021-05-04,556,61744,253,21882,239,36749,64,3113,227,9241,326,27670,290,36911,California
Sutter,2021-05-05,566,62310,175,22057,383,37132,8,3121,164,9017,396,28066,172,37083,California
Sutter,2021-05-06,430,62740,228,22285,181,37313,21,3142,191,8990,238,28304,211,37294,California
Sutter,2021-05-07,414,63154,148,22433,244,37557,22,3164,156,8913,255,28559,178,37472,California
Sutter,2021-05-08,198,63352,52,22485,140,37697,6,3170,106,8933,92,28651,112,37584,California
Sutter,2021-05-09,81,63433,53,22538,23,37720,5,3175,44,8945,37,28688,49,37633,California
Sutter,2021-05-10,191,63624,43,22581,130,37850,18,3193,49,8872,140,28828,67,37700,California
Sutter,2021-05-11,453,64077,219,22800,213,38063,21,3214,174,8791,274,29102,193,37893,California
Sutter,2021-05-12,445,64522,243,23043,191,38254,11,3225,138,8638,303,29405,150,38043,California
Sutter,2021-05-13,489,65011,261,23304,206,38460,22,3247,189,8550,299,29704,211,38254,California
Sutter,2021-05-14,440,65451,188,23492,236,38696,16,3263,202,8535,233,29937,218,38472,California
Sutter,2021-05-15,851,66302,316,23808,504,39200,31,3294,311,8338,539,30476,342,38814,California
Sutter,2021-05-16,139,66441,82,23890,49,39249,8,3302,75,8358,63,30539,83,38897,California
Sutter,2021-05-17,289,66730,115,24005,160,39409,14,3316,147,8379,140,30679,161,39058,California
Sutter,2021-05-18,552,67282,312,24317,236,39645,4,3320,298,8430,251,30930,302,39360,California
Sutter,2021-05-19,462,67744,264,24581,191,39836,7,3327,222,8422,237,31167,229,39589,California
Sutter,2021-05-20,455,68199,235,24816,208,40044,12,3339,214,8411,237,31404,226,39815,California
Sutter,2021-05-21,487,68686,220,25036,255,40299,12,3351,210,8361,274,31678,224,40039,California
Sutter,2021-05-22,368,69054,204,25240,161,40460,3,3354,182,8364,181,31859,184,40223,California
Sutter,2021-05-23,180,69234,84,25324,87,40547,9,3363,89,8378,85,31944,99,40322,California
Sutter,2021-05-24,238,69472,87,25411,128,40675,23,3386,96,8358,140,32084,120,40442,California
Sutter,2021-05-25,399,69871,194,25605,192,40867,13,3399,164,8305,229,32313,176,40618,California
Sutter,2021-05-26,323,70194,159,25764,155,41022,9,3408,113,8222,205,32518,122,40740,California
Sutter,2021-05-27,434,70628,117,25881,298,41320,19,3427,122,8059,308,32826,145,40885,California
Sutter,2021-05-28,339,70967,163,26044,159,41479,17,3444,168,8086,166,32992,193,41078,California
Sutter,2021-05-29,253,71220,119,26163,119,41598,15,3459,131,8123,118,33110,155,41233,California
Sutter,2021-05-30,84,71304,61,26224,20,41618,3,3462,39,8131,44,33154,52,41285,California
Sutter,2021-05-31,19,71323,3,26227,13,41631,3,3465,6,8127,13,33167,9,41294,California
Sutter,2021-06-01,311,71634,133,26360,170,41801,8,3473,117,8070,193,33360,136,41430,California
Sutter,2021-06-02,280,71914,119,26479,155,41956,6,3479,97,8010,177,33537,117,41547,California
Sutter,2021-06-03,341,72255,222,26701,109,42065,10,3489,114,7915,221,33758,126,41673,California
Sutter,2021-06-04,341,72596,197,26898,137,42202,7,3496,119,7825,218,33976,128,41801,California
Sutter,2021-06-05,439,73035,369,27267,66,42268,4,3500,154,7704,280,34256,159,41960,California
Sutter,2021-06-06,140,73175,121,27388,16,42284,3,3503,58,7686,80,34336,62,42022,California
Sutter,2021-06-07,163,73338,105,27493,49,42333,9,3512,56,7645,106,34442,65,42087,California
Sutter,2021-06-08,364,73702,203,27696,149,42482,12,3524,156,7607,206,34648,168,42255,California
Sutter,2021-06-09,367,74069,234,27930,128,42610,5,3529,128,7503,237,34885,133,42388,California
Sutter,2021-06-10,383,74452,276,28206,97,42707,10,3539,150,7433,230,35115,160,42548,California
Sutter,2021-06-11,336,74788,214,28420,116,42823,6,3545,116,7338,216,35331,121,42669,California
Sutter,2021-06-12,243,75031,170,28590,58,42881,15,3560,69,7248,174,35505,84,42753,California
Sutter,2021-06-13,83,75114,65,28655,17,42898,1,3561,24,7215,58,35563,25,42778,California
Sutter,2021-06-14,190,75304,111,28766,68,42966,11,3572,75,7188,113,35676,86,42864,California
Sutter,2021-06-15,281,75585,151,28917,117,43083,13,3585,101,7126,178,35854,116,42980,California
Sutter,2021-06-16,221,75806,142,29059,70,43153,9,3594,106,7126,115,35969,115,43095,California
Sutter,2021-06-17,281,76087,171,29230,104,43257,6,3600,121,7096,158,36127,128,43223,California
Sutter,2021-06-18,264,76351,169,29399,80,43337,15,3615,93,7039,167,36294,110,43333,California
Sutter,2021-06-19,209,76560,140,29539,65,43402,4,3619,60,6956,147,36441,64,43397,California
Sutter,2021-06-20,70,76630,49,29588,19,43421,2,3621,31,6950,39,36480,33,43430,California
Sutter,2021-06-21,112,76742,54,29642,47,43468,11,3632,51,6953,59,36539,62,43492,California
Sutter,2021-06-22,220,76962,127,29769,90,43558,3,3635,87,6912,131,36670,90,43582,California
Sutter,2021-06-23,177,77139,108,29877,68,43626,1,3636,77,6890,100,36770,78,43660,California
Sutter,2021-06-24,218,77357,145,30022,64,43690,9,3645,91,6864,127,36897,101,43761,California
Sutter,2021-06-25,101,77458,44,30066,51,43741,6,3651,29,6829,70,36967,35,43796,California
Tehama,2020-12-15,1,1,1,1,0,0,0,0,1,1,0,0,1,1,California
Tehama,2020-12-16,2,3,2,3,0,0,0,0,2,3,0,0,2,3,California
Tehama,2020-12-17,12,15,12,15,0,0,0,0,12,15,0,0,12,15,California
Tehama,2020-12-18,2,17,2,17,0,0,0,0,3,18,0,0,3,18,California
Tehama,2020-12-21,33,50,33,50,0,0,0,0,33,51,0,0,33,51,California
Tehama,2020-12-22,69,119,63,113,6,6,0,0,69,120,0,0,69,120,California
Tehama,2020-12-23,48,167,40,153,8,14,0,0,48,168,0,0,48,168,California
Tehama,2020-12-24,5,172,3,156,2,16,0,0,5,173,0,0,5,173,California
Tehama,2020-12-26,3,175,2,158,1,17,0,0,3,176,0,0,3,176,California
Tehama,2020-12-27,2,177,2,160,0,17,0,0,2,178,0,0,2,178,California
Tehama,2020-12-28,56,233,43,203,13,30,0,0,56,234,0,0,56,234,California
Tehama,2020-12-29,31,264,31,234,0,30,0,0,31,265,0,0,31,265,California
Tehama,2020-12-30,54,318,38,272,16,46,0,0,53,318,0,0,53,318,California
Tehama,2020-12-31,14,332,4,276,10,56,0,0,14,332,0,0,14,332,California
Tehama,2021-01-01,2,334,0,276,2,58,0,0,2,334,0,0,2,334,California
Tehama,2021-01-04,32,366,9,285,23,81,0,0,32,366,0,0,32,366,California
Tehama,2021-01-05,70,436,43,328,27,108,0,0,67,430,3,3,67,433,California
Tehama,2021-01-06,71,507,21,349,50,158,0,0,62,484,8,11,62,495,California
Tehama,2021-01-07,57,564,7,356,50,208,0,0,56,539,1,12,56,551,California
Tehama,2021-01-08,34,598,25,381,9,217,0,0,29,563,5,17,29,580,California
Tehama,2021-01-09,7,605,5,386,2,219,0,0,5,566,2,19,5,585,California
Tehama,2021-01-10,1,606,0,386,1,220,0,0,1,567,0,19,1,586,California
Tehama,2021-01-11,48,654,46,432,2,222,0,0,15,549,33,52,15,601,California
Tehama,2021-01-12,132,786,112,544,20,242,0,0,86,589,46,98,86,687,California
Tehama,2021-01-13,72,858,55,599,17,259,0,0,26,569,46,144,26,713,California
Tehama,2021-01-14,223,1081,50,649,173,432,0,0,221,788,2,146,221,934,California
Tehama,2021-01-15,250,1331,75,724,175,607,0,0,246,1030,4,150,246,1180,California
Tehama,2021-01-16,263,1594,19,743,244,851,0,0,260,1287,3,153,260,1440,California
Tehama,2021-01-17,6,1600,2,745,4,855,0,0,4,1289,2,155,4,1444,California
Tehama,2021-01-18,10,1610,6,751,4,859,0,0,5,1289,5,160,5,1449,California
Tehama,2021-01-19,292,1902,65,816,227,1086,0,0,237,1471,55,215,237,1686,California
Tehama,2021-01-20,302,2204,87,903,215,1301,0,0,252,1674,49,264,252,1938,California
Tehama,2021-01-21,214,2418,11,914,203,1504,0,0,204,1868,10,274,204,2142,California
Tehama,2021-01-22,223,2641,21,935,202,1706,0,0,220,2085,3,277,220,2362,California
Tehama,2021-01-23,257,2898,7,942,250,1956,0,0,256,2340,1,278,256,2618,California
Tehama,2021-01-24,1,2899,1,943,0,1956,0,0,1,2341,0,278,1,2619,California
Tehama,2021-01-25,33,2932,15,958,18,1974,0,0,15,2338,18,296,15,2634,California
Tehama,2021-01-26,323,3255,42,1000,281,2255,0,0,286,2587,37,333,286,2920,California
Tehama,2021-01-27,301,3556,21,1021,280,2535,0,0,281,2848,20,353,281,3201,California
Tehama,2021-01-28,343,3899,31,1052,312,2847,0,0,328,3161,15,368,328,3529,California
Tehama,2021-01-29,323,4222,20,1072,303,3150,0,0,305,3448,18,386,305,3834,California
Tehama,2021-01-30,102,4324,2,1074,100,3250,0,0,101,3548,1,387,101,3935,California
Tehama,2021-01-31,1,4325,0,1074,1,3251,0,0,1,3549,0,387,1,3936,California
Tehama,2021-02-01,78,4403,22,1096,56,3307,0,0,36,3543,42,429,36,3972,California
Tehama,2021-02-02,358,4761,64,1160,294,3601,0,0,260,3705,98,527,260,4232,California
Tehama,2021-02-03,400,5161,12,1172,388,3989,0,0,356,4017,44,571,356,4588,California
Tehama,2021-02-04,498,5659,99,1271,399,4388,0,0,417,4354,81,652,418,5006,California
Tehama,2021-02-05,181,5840,73,1344,108,4496,0,0,119,4411,62,714,119,5125,California
Tehama,2021-02-06,28,5868,14,1358,14,4510,0,0,16,4415,12,726,16,5141,California
Tehama,2021-02-07,5,5873,4,1362,1,4511,0,0,2,4414,3,729,2,5143,California
Tehama,2021-02-08,35,5908,13,1375,22,4533,0,0,26,4431,9,738,26,5169,California
Tehama,2021-02-09,78,5986,34,1409,44,4577,0,0,44,4441,34,772,44,5213,California
Tehama,2021-02-10,233,6219,63,1472,170,4747,0,0,158,4524,75,847,158,5371,California
Tehama,2021-02-11,220,6439,15,1487,205,4952,0,0,82,4470,136,983,82,5453,California
Tehama,2021-02-12,364,6803,66,1553,298,5250,0,0,172,4450,192,1175,172,5625,California
Tehama,2021-02-13,384,7187,14,1567,370,5620,0,0,145,4356,239,1414,145,5770,California
Tehama,2021-02-14,38,7225,2,1569,36,5656,0,0,36,4390,2,1416,36,5806,California
Tehama,2021-02-15,52,7277,10,1579,42,5698,0,0,46,4430,6,1422,46,5852,California
Tehama,2021-02-16,245,7522,16,1595,229,5927,0,0,62,4309,183,1605,62,5914,California
Tehama,2021-02-17,281,7803,12,1607,269,6196,0,0,53,4134,228,1833,53,5967,California
Tehama,2021-02-18,371,8174,32,1639,339,6535,0,0,145,4053,226,2059,145,6112,California
Tehama,2021-02-19,214,8388,18,1657,196,6731,0,0,43,3925,171,2230,43,6155,California
Tehama,2021-02-20,271,8659,7,1664,264,6995,0,0,27,3708,244,2474,27,6182,California
Tehama,2021-02-21,1,8660,1,1665,0,6995,0,0,1,3709,0,2474,1,6183,California
Tehama,2021-02-22,40,8700,16,1681,24,7019,0,0,27,3723,13,2487,27,6210,California
Tehama,2021-02-23,47,8747,20,1701,27,7046,0,0,26,3728,21,2508,26,6236,California
Tehama,2021-02-24,303,9050,13,1714,290,7336,0,0,29,3483,274,2782,29,6265,California
Tehama,2021-02-25,380,9430,60,1774,320,7656,0,0,40,3183,340,3122,40,6305,California
Tehama,2021-02-26,461,9891,19,1793,442,8098,0,0,71,2864,390,3512,71,6376,California
Tehama,2021-02-27,294,10185,5,1798,289,8387,0,0,34,2638,260,3772,34,6410,California
Tehama,2021-02-28,23,10208,2,1800,21,8408,0,0,20,2655,3,3775,20,6430,California
Tehama,2021-03-01,67,10275,8,1808,59,8467,0,0,33,2654,34,3809,33,6463,California
Tehama,2021-03-02,151,10426,18,1826,133,8600,0,0,30,2563,121,3930,30,6493,California
Tehama,2021-03-03,166,10592,32,1858,134,8734,0,0,50,2497,116,4046,50,6543,California
Tehama,2021-03-04,656,11248,36,1894,620,9354,0,0,224,2296,425,4471,224,6767,California
Tehama,2021-03-05,404,11652,20,1914,384,9738,0,0,215,2323,188,4659,215,6982,California
Tehama,2021-03-06,303,11955,15,1929,288,10026,0,0,80,2182,222,4881,81,7063,California
Tehama,2021-03-07,5,11960,1,1930,4,10030,0,0,3,2184,1,4882,3,7066,California
Tehama,2021-03-08,57,12017,12,1942,30,10060,15,15,26,2195,30,4912,41,7107,California
Tehama,2021-03-09,366,12383,8,1950,339,10399,19,34,311,2470,55,4967,330,7437,California
Tehama,2021-03-10,355,12738,17,1967,317,10716,21,55,73,2283,281,5248,94,7531,California
Tehama,2021-03-11,493,13231,18,1985,426,11142,49,104,345,2529,148,5396,394,7925,California
Tehama,2021-03-12,306,13537,20,2005,221,11363,65,169,178,2645,127,5523,243,8168,California
Tehama,2021-03-13,48,13585,8,2013,34,11397,6,175,6,2615,42,5565,12,8180,California
Tehama,2021-03-14,53,13638,3,2016,40,11437,10,185,9,2590,44,5609,19,8199,California
Tehama,2021-03-15,154,13792,22,2038,112,11549,20,205,84,2624,70,5679,104,8303,California
Tehama,2021-03-16,418,14210,14,2052,366,11915,38,243,315,2875,102,5781,353,8656,California
Tehama,2021-03-17,434,14644,22,2074,380,12295,32,275,351,3177,81,5862,383,9039,California
Tehama,2021-03-18,486,15130,26,2100,436,12731,24,299,308,3333,176,6038,332,9371,California
Tehama,2021-03-19,318,15448,22,2122,283,13014,13,312,276,3580,42,6080,289,9660,California
Tehama,2021-03-20,41,15489,8,2130,31,13045,2,314,29,3599,12,6092,31,9691,California
Tehama,2021-03-21,12,15501,5,2135,7,13052,0,314,12,3611,0,6092,12,9703,California
Tehama,2021-03-22,92,15593,8,2143,67,13119,17,331,51,3638,41,6133,68,9771,California
Tehama,2021-03-23,88,15681,28,2171,54,13173,6,337,70,3696,18,6151,76,9847,California
Tehama,2021-03-24,86,15767,16,2187,68,13241,2,339,55,3722,31,6182,57,9904,California
Tehama,2021-03-25,526,16293,356,2543,157,13398,13,352,473,4156,52,6234,486,10390,California
Tehama,2021-03-26,515,16808,404,2947,99,13497,12,364,435,4526,77,6311,447,10837,California
Tehama,2021-03-27,458,17266,362,3309,71,13568,25,389,389,4872,68,6379,414,11251,California
Tehama,2021-03-28,31,17297,10,3319,21,13589,0,389,19,4879,12,6391,19,11270,California
Tehama,2021-03-29,124,17421,31,3350,92,13681,1,390,78,4911,46,6437,78,11348,California
Tehama,2021-03-30,371,17792,221,3571,148,13829,2,392,252,5046,119,6556,254,11602,California
Tehama,2021-03-31,400,18192,298,3869,99,13928,3,395,327,5303,72,6628,329,11931,California
Tehama,2021-04-01,527,18719,247,4116,274,14202,6,401,394,5571,132,6760,400,12331,California
Tehama,2021-04-02,458,19177,215,4331,237,14439,6,407,272,5662,186,6946,277,12608,California
Tehama,2021-04-03,62,19239,4,4335,53,14492,5,412,31,5667,31,6977,36,12644,California
Tehama,2021-04-04,35,19274,7,4342,27,14519,1,413,23,5679,12,6989,24,12668,California
Tehama,2021-04-05,117,19391,21,4363,69,14588,27,440,61,5711,56,7045,88,12756,California
Tehama,2021-04-06,492,19883,109,4472,332,14920,51,491,138,5546,354,7399,189,12945,California
Tehama,2021-04-07,416,20299,283,4755,90,15010,43,534,303,5779,112,7511,345,13290,California
Tehama,2021-04-08,606,20905,175,4930,391,15401,40,574,230,5674,375,7886,270,13560,California
Tehama,2021-04-09,430,21335,193,5123,204,15605,33,607,215,5708,214,8100,248,13808,California
Tehama,2021-04-10,79,21414,9,5132,38,15643,32,639,40,5741,39,8139,72,13880,California
Tehama,2021-04-11,33,21447,7,5139,15,15658,11,650,8,5735,25,8164,19,13899,California
Tehama,2021-04-12,112,21559,6,5145,87,15745,19,669,40,5722,72,8236,59,13958,California
Tehama,2021-04-13,390,21949,66,5211,324,16069,0,669,67,5466,323,8559,67,14025,California
Tehama,2021-04-14,407,22356,53,5264,354,16423,0,669,50,5161,355,8914,50,14075,California
Tehama,2021-04-15,516,22872,193,5457,323,16746,0,669,80,4806,435,9349,80,14155,California
Tehama,2021-04-16,599,23471,343,5800,256,17002,0,669,76,4359,523,9872,76,14231,California
Tehama,2021-04-17,349,23820,269,6069,80,17082,0,669,41,4094,307,10179,42,14273,California
Tehama,2021-04-18,17,23837,3,6072,14,17096,0,669,14,4105,3,10182,14,14287,California
Tehama,2021-04-19,96,23933,7,6079,89,17185,0,669,41,4091,55,10237,41,14328,California
Tehama,2021-04-20,528,24461,435,6514,93,17278,0,669,153,3874,372,10609,155,14483,California
Tehama,2021-04-21,513,24974,434,6948,79,17357,0,669,171,3705,340,10949,171,14654,California
Tehama,2021-04-22,526,25500,366,7314,160,17517,0,669,157,3496,366,11315,157,14811,California
Tehama,2021-04-23,451,25951,350,7664,101,17618,0,669,202,3451,248,11563,203,15014,California
Tehama,2021-04-24,104,26055,18,7682,86,17704,0,669,27,3401,77,11640,27,15041,California
Tehama,2021-04-25,29,26084,18,7700,11,17715,0,669,9,3391,19,11659,9,15050,California
Tehama,2021-04-26,86,26170,12,7712,74,17789,0,669,47,3399,39,11698,47,15097,California
Tehama,2021-04-27,256,26426,208,7920,47,17836,1,670,95,3334,161,11859,96,15193,California
Tehama,2021-04-28,403,26829,324,8244,62,17898,17,687,70,3088,333,12192,87,15280,California
Tehama,2021-04-29,358,27187,173,8417,179,18077,6,693,71,2879,286,12478,77,15357,California
Tehama,2021-04-30,326,27513,240,8657,80,18157,6,699,113,2785,213,12691,119,15476,California
Tehama,2021-05-01,71,27584,4,8661,64,18221,3,702,13,2743,58,12749,16,15492,California
Tehama,2021-05-02,46,27630,24,8685,10,18231,12,714,26,2761,20,12769,38,15530,California
Tehama,2021-05-03,117,27747,40,8725,69,18300,8,722,62,2776,55,12824,70,15600,California
Tehama,2021-05-04,163,27910,59,8784,97,18397,7,729,70,2760,93,12917,77,15677,California
Tehama,2021-05-05,93,28003,24,8808,59,18456,10,739,44,2765,49,12966,54,15731,California
Tehama,2021-05-06,165,28168,91,8899,59,18515,15,754,99,2813,66,13032,114,15845,California
Tehama,2021-05-07,170,28338,70,8969,89,18604,11,765,46,2748,122,13154,57,15902,California
Tehama,2021-05-08,50,28388,6,8975,43,18647,1,766,14,2727,36,13190,15,15917,California
Tehama,2021-05-09,16,28404,4,8979,12,18659,0,766,6,2723,10,13200,6,15923,California
Tehama,2021-05-10,78,28482,7,8986,65,18724,6,772,38,2727,39,13239,43,15966,California
Tehama,2021-05-11,164,28646,115,9101,39,18763,10,782,31,2635,133,13372,41,16007,California
Tehama,2021-05-12,211,28857,133,9234,68,18831,10,792,47,2528,164,13536,57,16064,California
Tehama,2021-05-13,246,29103,167,9401,71,18902,8,800,112,2515,133,13669,120,16184,California
Tehama,2021-05-14,246,29349,133,9534,92,18994,21,821,57,2405,188,13857,78,16262,California
Tehama,2021-05-15,224,29573,135,9669,54,19048,35,856,161,2539,62,13919,196,16458,California
Tehama,2021-05-16,27,29600,7,9676,17,19065,3,859,15,2545,12,13931,18,16476,California
Tehama,2021-05-17,111,29711,30,9706,66,19131,15,874,52,2554,58,13989,67,16543,California
Tehama,2021-05-18,149,29860,77,9783,57,19188,15,889,46,2514,101,14090,61,16604,California
Tehama,2021-05-19,125,29985,53,9836,62,19250,10,899,38,2475,87,14177,48,16652,California
Tehama,2021-05-20,325,30310,234,10070,68,19318,23,922,222,2618,102,14279,245,16897,California
Tehama,2021-05-21,220,30530,99,10169,108,19426,13,935,78,2569,140,14419,91,16988,California
Tehama,2021-05-22,64,30594,31,10200,29,19455,4,939,36,2581,28,14447,40,17028,California
Tehama,2021-05-23,48,30642,23,10223,14,19469,11,950,12,2568,36,14483,23,17051,California
Tehama,2021-05-24,96,30738,30,10253,58,19527,8,958,31,2542,65,14548,39,17090,California
Tehama,2021-05-25,76,30814,19,10272,49,19576,8,966,46,2566,29,14577,53,17143,California
Tehama,2021-05-26,78,30892,29,10301,46,19622,3,969,50,2592,27,14604,53,17196,California
Tehama,2021-05-27,151,31043,95,10396,52,19674,4,973,49,2545,100,14704,53,17249,California
Tehama,2021-05-28,133,31176,36,10432,90,19764,7,980,62,2544,70,14774,69,17318,California
Tehama,2021-05-29,52,31228,8,10440,39,19803,5,985,33,2565,19,14793,40,17358,California
Tehama,2021-05-30,11,31239,2,10442,8,19811,1,986,2,2559,9,14802,3,17361,California
Tehama,2021-05-31,17,31256,2,10444,14,19825,1,987,5,2553,12,14814,6,17367,California
Tehama,2021-06-01,95,31351,18,10462,60,19885,17,1004,31,2537,64,14878,48,17415,California
Tehama,2021-06-02,87,31438,30,10492,52,19937,5,1009,31,2517,56,14934,36,17451,California
Tehama,2021-06-03,134,31572,100,10592,23,19960,11,1020,28,2450,106,15040,39,17490,California
Tehama,2021-06-04,136,31708,36,10628,86,20046,14,1034,60,2448,75,15115,73,17563,California
Tehama,2021-06-05,156,31864,126,10754,22,20068,8,1042,30,2361,125,15240,38,17601,California
Tehama,2021-06-06,14,31878,7,10761,1,20069,6,1048,2,2357,11,15251,7,17608,California
Tehama,2021-06-07,66,31944,26,10787,38,20107,2,1050,16,2325,50,15301,18,17626,California
Tehama,2021-06-08,100,32044,33,10820,58,20165,9,1059,36,2311,64,15365,50,17676,California
Tehama,2021-06-09,85,32129,42,10862,41,20206,2,1061,43,2314,42,15407,45,17721,California
Tehama,2021-06-10,259,32388,209,11071,40,20246,10,1071,38,2142,220,15627,48,17769,California
Tehama,2021-06-11,141,32529,64,11135,68,20314,9,1080,51,2115,87,15714,60,17829,California
Tehama,2021-06-12,60,32589,37,11172,23,20337,0,1080,23,2101,37,15751,23,17852,California
Tehama,2021-06-13,22,32611,6,11178,10,20347,6,1086,5,2095,17,15768,11,17863,California
Tehama,2021-06-14,88,32699,14,11192,68,20415,6,1092,26,2065,62,15830,32,17895,California
Tehama,2021-06-15,89,32788,39,11231,39,20454,11,1103,34,2056,54,15884,45,17940,California
Tehama,2021-06-16,90,32878,60,11291,27,20481,3,1106,47,2063,43,15927,50,17990,California
Tehama,2021-06-17,148,33026,105,11396,28,20509,15,1121,84,2100,62,15989,99,18089,California
Tehama,2021-06-18,98,33124,39,11435,45,20554,14,1135,31,2078,67,16056,45,18134,California
Tehama,2021-06-19,38,33162,13,11448,20,20574,5,1140,17,2079,21,16077,22,18156,California
Tehama,2021-06-20,13,33175,3,11451,9,20583,1,1141,4,2075,9,16086,5,18161,California
Tehama,2021-06-21,55,33230,11,11462,37,20620,7,1148,19,2065,36,16122,26,18187,California
Tehama,2021-06-22,74,33304,22,11484,40,20660,12,1160,31,2066,42,16164,43,18230,California
Tehama,2021-06-23,90,33394,54,11538,32,20692,4,1164,45,2070,44,16208,48,18278,California
Tehama,2021-06-24,81,33475,41,11579,32,20724,8,1172,45,2087,36,16244,53,18331,California
Tehama,2021-06-25,81,33556,42,11621,35,20759,4,1176,39,2088,42,16286,43,18374,California
Trinity,2020-12-17,4,4,4,4,0,0,0,0,4,4,0,0,4,4,California
Trinity,2020-12-18,2,6,2,6,0,0,0,0,2,6,0,0,2,6,California
Trinity,2020-12-21,38,44,38,44,0,0,0,0,38,44,0,0,38,44,California
Trinity,2020-12-22,4,48,4,48,0,0,0,0,4,48,0,0,4,48,California
Trinity,2020-12-23,6,54,5,53,1,1,0,0,6,54,0,0,6,54,California
Trinity,2020-12-28,31,85,31,84,0,1,0,0,31,85,0,0,31,85,California
Trinity,2020-12-29,8,93,7,91,1,2,0,0,8,93,0,0,8,93,California
Trinity,2020-12-30,10,103,8,99,2,4,0,0,10,103,0,0,10,103,California
Trinity,2020-12-31,2,105,1,100,1,5,0,0,2,105,0,0,2,105,California
Trinity,2021-01-04,28,133,0,100,28,33,0,0,27,132,0,0,27,132,California
Trinity,2021-01-05,3,136,1,101,2,35,0,0,3,135,0,0,3,135,California
Trinity,2021-01-06,24,160,4,105,20,55,0,0,20,151,4,4,20,155,California
Trinity,2021-01-08,49,209,2,107,47,102,0,0,48,197,2,6,48,203,California
Trinity,2021-01-11,41,250,38,145,3,105,0,0,4,164,37,43,4,207,California
Trinity,2021-01-12,9,259,6,151,3,108,0,0,4,163,5,48,4,211,California
Trinity,2021-01-13,7,266,4,155,3,111,0,0,4,164,3,51,4,215,California
Trinity,2021-01-14,4,270,1,156,3,114,0,0,4,168,0,51,4,219,California
Trinity,2021-01-15,4,274,0,156,4,118,0,0,4,172,0,51,4,223,California
Trinity,2021-01-16,4,278,0,156,4,122,0,0,4,176,0,51,4,227,California
Trinity,2021-01-18,31,309,31,187,0,122,0,0,0,145,31,82,0,227,California
Trinity,2021-01-19,35,344,14,201,21,143,0,0,21,152,14,96,21,248,California
Trinity,2021-01-20,20,364,3,204,17,160,0,0,17,166,3,99,17,265,California
Trinity,2021-01-21,17,381,7,211,10,170,0,0,17,183,0,99,17,282,California
Trinity,2021-01-22,5,386,1,212,4,174,0,0,5,188,0,99,5,287,California
Trinity,2021-01-23,7,393,3,215,4,178,0,0,7,195,0,99,7,294,California
Trinity,2021-01-25,14,407,1,216,13,191,0,0,13,207,1,100,13,307,California
Trinity,2021-01-26,10,417,1,217,9,200,0,0,9,215,1,101,9,316,California
Trinity,2021-01-27,12,429,0,217,12,212,0,0,12,227,0,101,12,328,California
Trinity,2021-01-28,13,442,3,220,10,222,0,0,10,234,3,104,10,338,California
Trinity,2021-01-29,2,444,0,220,2,224,0,0,1,234,1,105,1,339,California
Trinity,2021-01-30,12,456,11,231,1,225,0,0,12,246,0,105,12,351,California
Trinity,2021-02-01,2,458,1,232,1,226,0,0,1,246,1,106,1,352,California
Trinity,2021-02-02,15,473,3,235,12,238,0,0,14,259,1,107,14,366,California
Trinity,2021-02-03,7,480,1,236,6,244,0,0,4,260,3,110,4,370,California
Trinity,2021-02-04,42,522,32,268,10,254,0,0,35,288,7,117,35,405,California
Trinity,2021-02-05,354,876,0,268,354,608,0,0,323,580,31,148,323,728,California
Trinity,2021-02-06,210,1086,5,273,205,813,0,0,203,776,7,155,203,931,California
Trinity,2021-02-07,1,1087,0,273,1,814,0,0,1,777,0,155,1,932,California
Trinity,2021-02-08,27,1114,0,273,27,841,0,0,16,782,11,166,16,948,California
Trinity,2021-02-09,27,1141,2,275,25,866,0,0,11,777,16,182,11,959,California
Trinity,2021-02-10,122,1263,10,285,112,978,0,0,102,859,20,202,102,1061,California
Trinity,2021-02-11,339,1602,2,287,337,1315,0,0,332,1184,7,209,332,1393,California
Trinity,2021-02-12,18,1620,10,297,8,1323,0,0,14,1194,4,213,14,1407,California
Trinity,2021-02-13,13,1633,6,303,7,1330,0,0,6,1193,7,220,6,1413,California
Trinity,2021-02-14,2,1635,2,305,0,1330,0,0,2,1195,0,220,2,1415,California
Trinity,2021-02-15,47,1682,0,305,47,1377,0,0,47,1242,0,220,47,1462,California
Trinity,2021-02-16,4,1686,1,306,3,1380,0,0,2,1242,2,222,2,1464,California
Trinity,2021-02-17,94,1780,2,308,92,1472,0,0,84,1316,10,232,84,1548,California
Trinity,2021-02-18,4,1784,0,308,4,1476,0,0,1,1314,3,235,1,1549,California
Trinity,2021-02-19,307,2091,2,310,305,1781,0,0,293,1593,14,249,293,1842,California
Trinity,2021-02-20,142,2233,14,324,128,1909,0,0,114,1679,28,277,114,1956,California
Trinity,2021-02-21,1,2234,1,325,0,1909,0,0,1,1680,0,277,1,1957,California
Trinity,2021-02-22,8,2242,0,325,8,1917,0,0,5,1682,3,280,5,1962,California
Trinity,2021-02-23,10,2252,3,328,7,1924,0,0,5,1682,5,285,5,1967,California
Trinity,2021-02-24,30,2282,8,336,22,1946,0,0,7,1666,23,308,7,1974,California
Trinity,2021-02-25,36,2318,23,359,13,1959,0,0,5,1640,31,339,5,1979,California
Trinity,2021-02-26,11,2329,1,360,10,1969,0,0,5,1639,6,345,5,1984,California
Trinity,2021-02-27,10,2339,8,368,2,1971,0,0,4,1637,6,351,4,1988,California
Trinity,2021-03-01,10,2349,0,368,10,1981,0,0,5,1637,5,356,5,1993,California
Trinity,2021-03-02,9,2358,3,371,6,1987,0,0,2,1632,7,363,2,1995,California
Trinity,2021-03-03,4,2362,0,371,4,1991,0,0,3,1634,1,364,3,1998,California
Trinity,2021-03-04,24,2386,19,390,5,1996,0,0,10,1630,14,378,10,2008,California
Trinity,2021-03-05,388,2774,1,391,387,2383,0,0,120,1486,264,642,120,2128,California
Trinity,2021-03-06,202,2976,7,398,195,2578,0,0,26,1336,176,818,26,2154,California
Trinity,2021-03-07,4,2980,3,401,1,2579,0,0,3,1338,1,819,3,2157,California
Trinity,2021-03-08,5,2985,1,402,3,2582,1,1,2,1338,3,822,3,2160,California
Trinity,2021-03-09,94,3079,0,402,92,2674,2,3,88,1422,6,828,90,2250,California
Trinity,2021-03-10,126,3205,3,405,120,2794,3,6,38,1375,88,916,41,2291,California
Trinity,2021-03-11,16,3221,4,409,10,2804,2,8,5,1371,11,927,7,2298,California
Trinity,2021-03-12,398,3619,5,414,387,3191,6,14,96,1171,302,1229,102,2400,California
Trinity,2021-03-13,13,3632,8,422,3,3194,2,16,8,1176,5,1234,10,2410,California
Trinity,2021-03-14,4,3636,1,423,3,3197,0,16,3,1178,1,1235,3,2413,California
Trinity,2021-03-15,67,3703,0,423,66,3263,1,17,14,1140,53,1288,15,2428,California
Trinity,2021-03-16,116,3819,7,430,109,3372,0,17,103,1230,13,1301,103,2531,California
Trinity,2021-03-17,100,3919,3,433,97,3469,0,17,26,1182,74,1375,26,2557,California
Trinity,2021-03-18,10,3929,2,435,5,3474,3,20,5,1185,5,1380,8,2565,California
Trinity,2021-03-19,460,4389,4,439,346,3820,110,130,34,903,426,1806,144,2709,California
Trinity,2021-03-20,105,4494,7,446,98,3918,0,130,70,939,34,1840,70,2779,California
Trinity,2021-03-21,4,4498,0,446,3,3921,1,131,3,942,1,1841,4,2783,California
Trinity,2021-03-22,2,4500,0,446,2,3923,0,131,2,944,0,1841,2,2785,California
Trinity,2021-03-23,95,4595,2,448,93,4016,0,131,77,1003,18,1859,77,2862,California
Trinity,2021-03-24,12,4607,1,449,11,4027,0,131,9,1009,3,1862,9,2871,California
Trinity,2021-03-25,111,4718,8,457,97,4124,6,137,85,1074,26,1888,91,2962,California
Trinity,2021-03-26,84,4802,8,465,76,4200,0,137,77,1144,7,1895,77,3039,California
Trinity,2021-03-27,20,4822,4,469,7,4207,9,146,9,1151,11,1906,18,3057,California
Trinity,2021-03-28,5,4827,3,472,2,4209,0,146,1,1148,4,1910,1,3058,California
Trinity,2021-03-29,6,4833,1,473,5,4214,0,146,2,1146,4,1914,2,3060,California
Trinity,2021-03-30,77,4910,5,478,72,4286,0,146,67,1203,10,1924,67,3127,California
Trinity,2021-03-31,56,4966,5,483,19,4305,32,178,21,1220,35,1959,52,3179,California
Trinity,2021-04-01,40,5006,10,493,19,4324,11,189,21,1233,19,1978,32,3211,California
Trinity,2021-04-02,249,5255,5,498,170,4494,74,263,77,1213,171,2149,151,3362,California
Trinity,2021-04-03,17,5272,12,510,5,4499,0,263,7,1210,10,2159,7,3369,California
Trinity,2021-04-04,10,5282,8,518,2,4501,0,263,8,1216,2,2161,8,3377,California
Trinity,2021-04-05,58,5340,6,524,51,4552,1,264,54,1267,4,2165,55,3432,California
Trinity,2021-04-06,117,5457,15,539,99,4651,3,267,28,1209,89,2254,31,3463,California
Trinity,2021-04-07,27,5484,12,551,10,4661,5,272,19,1225,8,2262,24,3487,California
Trinity,2021-04-08,89,5573,10,561,77,4738,2,274,52,1242,37,2299,54,3541,California
Trinity,2021-04-09,169,5742,20,581,145,4883,4,278,91,1259,78,2377,95,3636,California
Trinity,2021-04-10,11,5753,7,588,4,4887,0,278,10,1268,1,2378,10,3646,California
Trinity,2021-04-11,10,5763,5,593,3,4890,2,280,4,1268,6,2384,6,3652,California
Trinity,2021-04-12,77,5840,5,598,71,4961,1,281,64,1320,12,2396,64,3716,California
Trinity,2021-04-13,104,5944,5,603,99,5060,0,281,11,1238,93,2489,11,3727,California
Trinity,2021-04-14,10,5954,5,608,5,5065,0,281,6,1240,4,2493,6,3733,California
Trinity,2021-04-15,46,6000,11,619,35,5100,0,281,16,1227,29,2522,16,3749,California
Trinity,2021-04-16,151,6151,13,632,138,5238,0,281,78,1233,72,2594,78,3827,California
Trinity,2021-04-17,11,6162,5,637,6,5244,0,281,9,1240,2,2596,9,3836,California
Trinity,2021-04-18,3,6165,1,638,2,5246,0,281,0,1237,3,2599,0,3836,California
Trinity,2021-04-19,67,6232,2,640,65,5311,0,281,66,1302,1,2600,66,3902,California
Trinity,2021-04-20,94,6326,8,648,86,5397,0,281,21,1250,73,2673,21,3923,California
Trinity,2021-04-21,22,6348,9,657,13,5410,0,281,9,1246,13,2686,9,3932,California
Trinity,2021-04-22,92,6440,5,662,87,5497,0,281,14,1182,78,2764,14,3946,California
Trinity,2021-04-23,179,6619,6,668,173,5670,0,281,111,1225,68,2832,111,4057,California
Trinity,2021-04-24,23,6642,12,680,11,5681,0,281,6,1214,17,2849,6,4063,California
Trinity,2021-04-25,10,6652,9,689,1,5682,0,281,3,1211,6,2855,3,4066,California
Trinity,2021-04-26,48,6700,9,698,39,5721,0,281,40,1243,8,2863,40,4106,California
Trinity,2021-04-27,88,6788,11,709,77,5798,0,281,23,1201,65,2928,23,4129,California
Trinity,2021-04-28,33,6821,11,720,22,5820,0,281,12,1192,21,2949,12,4141,California
Trinity,2021-04-29,34,6855,13,733,21,5841,0,281,12,1182,22,2971,12,4153,California
Trinity,2021-04-30,27,6882,21,754,6,5847,0,281,8,1172,18,2989,8,4161,California
Trinity,2021-05-01,15,6897,8,762,2,5849,5,286,5,1172,10,2999,10,4171,California
Trinity,2021-05-02,8,6905,5,767,1,5850,2,288,2,1170,6,3005,4,4175,California
Trinity,2021-05-03,58,6963,13,780,44,5894,1,289,9,1132,48,3053,10,4185,California
Trinity,2021-05-04,23,6986,11,791,11,5905,1,290,8,1126,15,3068,9,4194,California
Trinity,2021-05-05,11,6997,7,798,4,5909,0,290,4,1123,7,3075,4,4198,California
Trinity,2021-05-06,73,7070,10,808,61,5970,2,292,16,1084,57,3132,18,4216,California
Trinity,2021-05-07,176,7246,12,820,130,6100,34,326,14,970,162,3294,48,4264,California
Trinity,2021-05-08,6,7252,2,822,4,6104,0,326,2,968,4,3298,2,4266,California
Trinity,2021-05-09,11,7263,8,830,3,6107,0,326,7,971,4,3302,7,4273,California
Trinity,2021-05-10,16,7279,6,836,9,6116,1,327,8,972,8,3310,9,4282,California
Trinity,2021-05-11,7,7286,3,839,4,6120,0,327,5,975,2,3312,5,4287,California
Trinity,2021-05-12,19,7305,16,855,2,6122,1,328,14,985,5,3317,15,4302,California
Trinity,2021-05-13,15,7320,10,865,4,6126,1,329,9,989,6,3323,10,4312,California
Trinity,2021-05-14,138,7458,19,884,91,6217,28,357,39,957,99,3422,67,4379,California
Trinity,2021-05-15,15,7473,10,894,4,6221,1,358,7,958,7,3429,8,4387,California
Trinity,2021-05-16,8,7481,6,900,2,6223,0,358,6,962,2,3431,6,4393,California
Trinity,2021-05-17,108,7589,20,920,86,6309,2,360,42,940,66,3497,44,4437,California
Trinity,2021-05-18,37,7626,7,927,29,6338,1,361,11,926,26,3523,12,4449,California
Trinity,2021-05-19,143,7769,17,944,97,6435,29,390,26,865,116,3639,55,4504,California
Trinity,2021-05-20,28,7797,21,965,4,6439,3,393,17,874,11,3650,20,4524,California
Trinity,2021-05-21,21,7818,12,977,9,6448,0,393,12,877,9,3659,12,4536,California
Trinity,2021-05-22,17,7835,14,991,3,6451,0,393,13,886,4,3663,13,4549,California
Trinity,2021-05-23,6,7841,4,995,2,6453,0,393,2,884,4,3667,2,4551,California
Trinity,2021-05-24,109,7950,12,1007,96,6549,1,394,8,793,100,3767,9,4560,California
Trinity,2021-05-25,39,7989,14,1021,25,6574,0,394,17,788,22,3789,17,4577,California
Trinity,2021-05-26,12,8001,6,1027,6,6580,0,394,4,784,8,3797,4,4581,California
Trinity,2021-05-27,30,8031,13,1040,12,6592,5,399,7,773,23,3820,12,4593,California
Trinity,2021-05-28,14,8045,10,1050,3,6595,1,400,7,774,7,3827,8,4601,California
Trinity,2021-05-29,10,8055,7,1057,2,6597,1,401,7,779,3,3830,8,4609,California
Trinity,2021-05-30,6,8061,5,1062,1,6598,0,401,0,773,6,3836,0,4609,California
Trinity,2021-05-31,4,8065,3,1065,1,6599,0,401,2,773,2,3838,2,4611,California
Trinity,2021-06-01,15,8080,8,1073,5,6604,2,403,4,769,10,3848,6,4617,California
Trinity,2021-06-02,24,8104,19,1092,3,6607,2,405,9,765,15,3863,11,4628,California
Trinity,2021-06-03,39,8143,13,1105,26,6633,0,405,13,752,26,3889,13,4641,California
Trinity,2021-06-04,45,8188,21,1126,16,6649,8,413,12,739,33,3922,20,4661,California
Trinity,2021-06-05,19,8207,18,1144,1,6650,0,413,13,746,6,3928,13,4674,California
Trinity,2021-06-06,9,8216,6,1150,2,6652,1,414,2,742,7,3935,3,4677,California
Trinity,2021-06-07,28,8244,19,1169,8,6660,1,415,12,739,16,3951,13,4690,California
Trinity,2021-06-08,14,8258,12,1181,1,6661,1,416,4,734,10,3961,5,4695,California
Trinity,2021-06-09,24,8282,14,1195,1,6662,9,425,5,729,19,3980,14,4709,California
Trinity,2021-06-10,20,8302,18,1213,2,6664,0,425,5,719,15,3995,5,4714,California
Trinity,2021-06-11,45,8347,10,1223,33,6697,2,427,14,704,31,4026,16,4730,California
Trinity,2021-06-12,9,8356,9,1232,0,6697,0,427,2,699,7,4033,2,4732,California
Trinity,2021-06-13,4,8360,4,1236,0,6697,0,427,1,697,3,4036,1,4733,California
Trinity,2021-06-14,43,8403,16,1252,27,6724,0,427,11,676,32,4068,11,4744,California
Trinity,2021-06-15,45,8448,21,1273,3,6727,21,448,9,669,36,4104,29,4773,California
Trinity,2021-06-16,10,8458,6,1279,4,6731,0,448,3,665,7,4111,3,4776,California
Trinity,2021-06-17,15,8473,13,1292,0,6731,2,450,5,663,9,4120,7,4783,California
Trinity,2021-06-18,15,8488,10,1302,3,6734,2,452,6,662,9,4129,8,4791,California
Trinity,2021-06-19,10,8498,10,1312,0,6734,0,452,2,656,8,4137,2,4793,California
Trinity,2021-06-20,3,8501,3,1315,0,6734,0,452,3,659,0,4137,3,4796,California
Trinity,2021-06-21,8,8509,6,1321,0,6734,2,454,5,663,3,4140,7,4803,California
Trinity,2021-06-22,33,8542,10,1331,13,6747,10,464,14,668,19,4159,24,4827,California
Trinity,2021-06-23,15,8557,8,1339,1,6748,6,470,2,663,13,4172,8,4835,California
Trinity,2021-06-24,24,8581,14,1353,4,6752,6,476,15,675,9,4181,21,4856,California
Tulare,2020-12-15,1,1,1,1,0,0,0,0,1,1,0,0,1,1,California
Tulare,2020-12-16,4,5,4,5,0,0,0,0,4,5,0,0,4,5,California
Tulare,2020-12-17,110,115,110,115,0,0,0,0,110,115,0,0,110,115,California
Tulare,2020-12-18,290,405,289,404,1,1,0,0,290,405,0,0,290,405,California
Tulare,2020-12-19,326,731,326,730,0,1,0,0,326,731,0,0,326,731,California
Tulare,2020-12-20,165,896,165,895,0,1,0,0,165,896,0,0,165,896,California
Tulare,2020-12-21,423,1319,423,1318,0,1,0,0,443,1339,0,0,443,1339,California
Tulare,2020-12-22,470,1789,468,1786,2,3,0,0,469,1808,0,0,469,1808,California
Tulare,2020-12-23,326,2115,318,2104,8,11,0,0,324,2132,0,0,324,2132,California
Tulare,2020-12-24,18,2133,16,2120,2,13,0,0,18,2150,0,0,18,2150,California
Tulare,2020-12-26,8,2141,7,2127,1,14,0,0,8,2158,0,0,8,2158,California
Tulare,2020-12-27,16,2157,12,2139,4,18,0,0,16,2174,0,0,16,2174,California
Tulare,2020-12-28,482,2639,469,2608,13,31,0,0,481,2655,0,0,481,2655,California
Tulare,2020-12-29,548,3187,478,3086,70,101,0,0,548,3203,0,0,548,3203,California
Tulare,2020-12-30,468,3655,424,3510,44,145,0,0,468,3671,0,0,468,3671,California
Tulare,2020-12-31,100,3755,22,3532,78,223,0,0,100,3771,0,0,100,3771,California
Tulare,2021-01-01,3,3758,1,3533,2,225,0,0,3,3774,0,0,3,3774,California
Tulare,2021-01-02,32,3790,19,3552,13,238,0,0,32,3806,0,0,32,3806,California
Tulare,2021-01-03,23,3813,9,3561,14,252,0,0,23,3829,0,0,23,3829,California
Tulare,2021-01-04,93,3906,16,3577,77,329,0,0,93,3922,0,0,93,3922,California
Tulare,2021-01-05,465,4371,279,3856,186,515,0,0,463,4383,2,2,463,4385,California
Tulare,2021-01-06,861,5232,631,4487,230,745,0,0,851,5224,10,12,851,5236,California
Tulare,2021-01-07,782,6014,585,5072,197,942,0,0,674,5790,108,120,674,5910,California
Tulare,2021-01-08,1280,7294,573,5645,707,1649,0,0,943,6397,336,456,943,6853,California
Tulare,2021-01-09,807,8101,204,5849,603,2252,0,0,619,6828,188,644,619,7472,California
Tulare,2021-01-10,51,8152,43,5892,8,2260,0,0,13,6803,38,682,13,7485,California
Tulare,2021-01-11,1274,9426,771,6663,503,2763,0,0,836,7201,438,1120,836,8321,California
Tulare,2021-01-12,1451,10877,504,7167,947,3710,0,0,1040,7832,410,1530,1041,9362,California
Tulare,2021-01-13,432,11309,200,7367,232,3942,0,0,357,8114,75,1605,357,9719,California
Tulare,2021-01-14,495,11804,143,7510,352,4294,0,0,469,8568,15,1620,469,10188,California
Tulare,2021-01-15,1652,13456,156,7666,1496,5790,0,0,1642,10200,10,1630,1642,11830,California
Tulare,2021-01-16,1923,15379,112,7778,1811,7601,0,0,1909,12095,14,1644,1909,13739,California
Tulare,2021-01-17,142,15521,122,7900,20,7621,0,0,132,12217,10,1654,132,13871,California
Tulare,2021-01-18,696,16217,660,8560,36,7657,0,0,296,12113,400,2054,296,14167,California
Tulare,2021-01-19,1017,17234,689,9249,328,7985,0,0,590,12276,427,2481,590,14757,California
Tulare,2021-01-20,2425,19659,615,9864,1810,9795,0,0,2012,13901,387,2868,2012,16769,California
Tulare,2021-01-21,1574,21233,184,10048,1390,11185,0,0,1548,15428,21,2889,1548,18317,California
Tulare,2021-01-22,1067,22300,191,10239,876,12061,0,0,1040,16442,26,2915,1040,19357,California
Tulare,2021-01-23,441,22741,157,10396,284,12345,0,0,420,16841,21,2936,420,19777,California
Tulare,2021-01-24,30,22771,27,10423,3,12348,0,0,28,16867,2,2938,28,19805,California
Tulare,2021-01-25,1352,24123,987,11410,365,12713,0,0,1299,18113,53,2991,1299,21104,California
Tulare,2021-01-26,1508,25631,1099,12509,409,13122,0,0,1170,18946,337,3328,1170,22274,California
Tulare,2021-01-27,1501,27132,1067,13576,434,13556,0,0,923,19292,577,3905,923,23197,California
Tulare,2021-01-28,1215,28347,776,14352,439,13995,0,0,816,19709,399,4304,816,24013,California
Tulare,2021-01-29,1129,29476,718,15070,411,14406,0,0,819,20218,310,4614,819,24832,California
Tulare,2021-01-30,1673,31149,1578,16648,95,14501,0,0,1646,21839,26,4640,1647,26479,California
Tulare,2021-01-31,65,31214,60,16708,5,14506,0,0,62,21898,3,4643,62,26541,California
Tulare,2021-02-01,1187,32401,914,17622,273,14779,0,0,822,22358,362,5005,822,27363,California
Tulare,2021-02-02,703,33104,350,17972,353,15132,0,0,460,22578,241,5246,461,27824,California
Tulare,2021-02-03,575,33679,243,18215,332,15464,0,0,330,22683,225,5471,330,28154,California
Tulare,2021-02-04,568,34247,170,18385,398,15862,0,0,280,22677,287,5758,281,28435,California
Tulare,2021-02-05,1242,35489,238,18623,1004,16866,0,0,406,22249,834,6592,406,28841,California
Tulare,2021-02-06,835,36324,155,18778,680,17546,0,0,207,21830,626,7218,207,29048,California
Tulare,2021-02-07,84,36408,71,18849,13,17559,0,0,23,21792,61,7279,23,29071,California
Tulare,2021-02-08,945,37353,328,19177,617,18176,0,0,239,21327,704,7983,239,29310,California
Tulare,2021-02-09,1420,38773,336,19513,1084,19260,0,0,341,20598,1070,9053,341,29651,California
Tulare,2021-02-10,2485,41258,1989,21502,496,19756,0,0,2080,22274,404,9457,2080,31731,California
Tulare,2021-02-11,1336,42594,373,21875,963,20719,0,0,910,22758,426,9883,910,32641,California
Tulare,2021-02-12,2791,45385,576,22451,2215,22934,0,0,1183,22345,1596,11479,1183,33824,California
Tulare,2021-02-13,2494,47879,159,22610,2335,25269,0,0,643,21155,1833,13312,643,34467,California
Tulare,2021-02-14,340,48219,40,22650,300,25569,0,0,303,21421,37,13349,303,34770,California
Tulare,2021-02-15,922,49141,295,22945,627,26196,0,0,662,21824,259,13608,662,35432,California
Tulare,2021-02-16,2837,51978,1595,24540,1242,27438,0,0,1073,21137,1762,15370,1075,36507,California
Tulare,2021-02-17,2703,54681,513,25053,2190,29628,0,0,455,19350,2243,17613,456,36963,California
Tulare,2021-02-18,2346,57027,452,25505,1894,31522,0,0,643,18298,1695,19308,643,37606,California
Tulare,2021-02-19,2332,59359,878,26383,1454,32976,0,0,963,17895,1367,20675,964,38570,California
Tulare,2021-02-20,2984,62343,1883,28266,1101,34077,0,0,1260,17439,1719,22394,1263,39833,California
Tulare,2021-02-21,96,62439,92,28358,4,34081,0,0,49,17442,46,22440,49,39882,California
Tulare,2021-02-22,1106,63545,700,29058,406,34487,0,0,210,16757,895,23335,210,40092,California
Tulare,2021-02-23,1962,65507,948,30006,1014,35501,0,0,1466,17729,494,23829,1466,41558,California
Tulare,2021-02-24,2489,67996,1550,31556,939,36440,0,0,2109,19460,379,24208,2110,43668,California
Tulare,2021-02-25,3520,71516,1989,33545,1531,37971,0,0,3103,22152,413,24621,3105,46773,California
Tulare,2021-02-26,3865,75381,1892,35437,1973,39944,0,0,3389,25067,474,25095,3389,50162,California
Tulare,2021-02-27,3006,78387,1496,36933,1510,41454,0,0,2872,27817,122,25217,2872,53034,California
Tulare,2021-02-28,1313,79700,1040,37973,273,41727,0,0,1291,29090,18,25235,1291,54325,California
Tulare,2021-03-01,1789,81489,807,38780,982,42709,0,0,1598,30499,189,25424,1598,55923,California
Tulare,2021-03-02,2821,84310,1270,40050,1551,44260,0,0,2642,32965,177,25601,2643,58566,California
Tulare,2021-03-03,4086,88396,2734,42784,1351,45611,1,1,2130,33147,1951,27552,2133,60699,California
Tulare,2021-03-04,2980,91376,1345,44129,1635,47246,0,1,2639,35450,336,27888,2639,63338,California
Tulare,2021-03-05,3503,94879,1758,45887,1730,48976,15,16,2983,37934,517,28405,3001,66339,California
Tulare,2021-03-06,3092,97971,1443,47330,1589,50565,60,76,2838,40579,251,28656,2896,69235,California
Tulare,2021-03-07,1141,99112,707,48037,413,50978,21,97,1099,41658,41,28697,1120,70355,California
Tulare,2021-03-08,1738,100850,1008,49045,561,51539,169,266,1405,42903,328,29025,1573,71928,California
Tulare,2021-03-09,3267,104117,2245,51290,874,52413,148,414,2853,45490,413,29438,3000,74928,California
Tulare,2021-03-10,2978,107095,1402,52692,1401,53814,175,589,2572,47839,396,29834,2745,77673,California
Tulare,2021-03-11,4242,111337,1999,54691,1939,55753,304,893,3295,50492,946,30780,3599,81272,California
Tulare,2021-03-12,4416,115753,2432,57123,1632,57385,352,1245,3126,52688,1282,32062,3478,84750,California
Tulare,2021-03-13,4154,119907,1945,59068,2104,59489,105,1350,3199,55043,949,33011,3304,88054,California
Tulare,2021-03-14,1860,121767,987,60055,653,60142,220,1570,1334,56069,525,33536,1551,89605,California
Tulare,2021-03-15,2755,124522,1632,61687,1008,61150,115,1685,1974,57384,777,34313,2092,91697,California
Tulare,2021-03-16,3438,127960,2119,63806,1242,62392,77,1762,1879,57788,1555,35868,1959,93656,California
Tulare,2021-03-17,4086,132046,2668,66474,1342,63734,76,1838,2333,58457,1747,37615,2416,96072,California
Tulare,2021-03-18,4672,136718,3411,69885,1189,64923,72,1910,2468,58807,2194,39809,2544,98616,California
Tulare,2021-03-19,5121,141839,3379,73264,1547,66470,195,2105,2737,59377,2364,42173,2934,101550,California
Tulare,2021-03-20,4493,146332,2799,76063,1322,67792,372,2477,2068,59403,2417,44590,2443,103993,California
Tulare,2021-03-21,2012,148344,1723,77786,263,68055,26,2503,1066,59552,942,45532,1091,105084,California
Tulare,2021-03-22,2581,150925,1792,79578,677,68732,112,2615,1698,60488,877,46409,1813,106897,California
Tulare,2021-03-23,3798,154723,2197,81775,1549,70281,52,2667,2088,60935,1700,48109,2147,109044,California
Tulare,2021-03-24,3199,157922,1985,83760,1173,71454,41,2708,1719,61223,1472,49581,1760,110804,California
Tulare,2021-03-25,3480,161402,1811,85571,1495,72949,174,2882,1673,61273,1799,51380,1849,112653,California
Tulare,2021-03-26,5263,166665,3136,88707,2015,74964,112,2994,2545,61230,2700,54080,2657,115310,California
Tulare,2021-03-27,3539,170204,1814,90521,1627,76591,98,3092,989,59773,2543,56623,1086,116396,California
Tulare,2021-03-28,1475,171679,1070,91591,374,76965,31,3123,673,59687,800,57423,714,117110,California
Tulare,2021-03-29,2888,174567,1673,93264,1108,78073,107,3230,1227,59367,1656,59079,1336,118446,California
Tulare,2021-03-30,4925,179492,2788,96052,1906,79979,231,3461,1498,57672,3416,62495,1721,120167,California
Tulare,2021-03-31,3972,183464,2343,98395,1514,81493,115,3576,1555,56934,2409,64904,1671,121838,California
Tulare,2021-04-01,4540,188004,2455,100850,2012,83505,73,3649,1557,55592,2973,67877,1631,123469,California
Tulare,2021-04-02,5357,193361,3059,103909,2182,85687,116,3765,1549,53467,3791,71668,1666,125135,California
Tulare,2021-04-03,3629,196990,2094,106003,1160,86847,375,4140,834,51917,2757,74425,1207,126342,California
Tulare,2021-04-04,1634,198624,1147,107150,480,87327,7,4147,358,51010,1272,75697,365,126707,California
Tulare,2021-04-05,3357,201981,2344,109494,745,88072,268,4415,851,49637,2493,78190,1120,127827,California
Tulare,2021-04-06,3439,205420,1470,110964,1472,89544,497,4912,893,48491,2538,80728,1392,129219,California
Tulare,2021-04-07,3904,209324,1838,112802,1626,91170,440,5352,1172,47373,2721,83449,1603,130822,California
Tulare,2021-04-08,4798,214122,2627,115429,1712,92882,459,5811,1517,46077,3268,86717,1972,132794,California
Tulare,2021-04-09,4846,218968,2996,118425,1413,94295,437,6248,1818,45313,3020,89737,2256,135050,California
Tulare,2021-04-10,3842,222810,2071,120496,1451,95746,320,6568,931,43658,2902,92639,1247,136297,California
Tulare,2021-04-11,1590,224400,1051,121547,465,96211,74,6642,490,43125,1097,93736,564,136861,California
Tulare,2021-04-12,3423,227823,2135,123682,692,96903,596,7238,1071,42451,2342,96078,1668,138529,California
Tulare,2021-04-13,2413,230236,1593,125275,811,97714,9,7247,902,41865,1499,97577,913,139442,California
Tulare,2021-04-14,2880,233116,1702,126977,1178,98892,0,7247,911,40812,1964,99541,911,140353,California
Tulare,2021-04-15,3318,236434,2166,129143,1152,100044,0,7247,1471,40449,1834,101375,1471,141824,California
Tulare,2021-04-16,3723,240157,2249,131392,1474,101518,0,7247,1491,39721,2219,103594,1491,143315,California
Tulare,2021-04-17,2252,242409,1325,132717,927,102445,0,7247,1195,39866,1051,104645,1196,144511,California
Tulare,2021-04-18,1577,243986,1239,133956,338,102783,0,7247,830,39950,746,105391,830,145341,California
Tulare,2021-04-19,2175,246161,1260,135216,914,103697,1,7248,897,39575,1273,106664,898,146239,California
Tulare,2021-04-20,2422,248583,1388,136604,1034,104731,0,7248,1006,39181,1400,108064,1006,147245,California
Tulare,2021-04-21,2322,250905,1440,138044,882,105613,0,7248,841,38583,1440,109504,842,148087,California
Tulare,2021-04-22,2168,253073,1232,139276,936,106549,0,7248,740,37914,1409,110913,740,148827,California
Tulare,2021-04-23,2635,255708,1629,140905,1005,107554,1,7249,1027,37346,1596,112509,1028,149855,California
Tulare,2021-04-24,1643,257351,1053,141958,588,108142,2,7251,852,37414,786,113295,854,150709,California
Tulare,2021-04-25,695,258046,522,142480,173,108315,0,7251,266,37251,429,113724,266,150975,California
Tulare,2021-04-26,1556,259602,946,143426,591,108906,19,7270,656,37031,893,114617,673,151648,California
Tulare,2021-04-27,1701,261303,708,144134,955,109861,38,7308,729,36830,967,115584,766,152414,California
Tulare,2021-04-28,1749,263052,1005,145139,702,110563,42,7350,696,36519,1048,116632,737,153151,California
Tulare,2021-04-29,2038,265090,1228,146367,772,111335,38,7388,793,36115,1233,117865,829,153980,California
Tulare,2021-04-30,2451,267541,1787,148154,614,111949,50,7438,904,35529,1539,119404,953,154933,California
Tulare,2021-05-01,1419,268960,1218,149372,189,112138,12,7450,729,35590,680,120084,741,155674,California
Tulare,2021-05-02,589,269549,500,149872,72,112210,17,7467,187,35395,398,120482,203,155877,California
Tulare,2021-05-03,1622,271171,1095,150967,402,112612,125,7592,349,34603,1266,121748,474,156351,California
Tulare,2021-05-04,1570,272741,841,151808,659,113271,70,7662,631,34372,929,122677,698,157049,California
Tulare,2021-05-05,1314,274055,653,152461,572,113843,89,7751,451,34060,852,123529,540,157589,California
Tulare,2021-05-06,1969,276024,1328,153789,592,114435,49,7800,591,33330,1370,124899,640,158229,California
Tulare,2021-05-07,1837,277861,1245,155034,524,114959,68,7868,520,32608,1309,126208,587,158816,California
Tulare,2021-05-08,1233,279094,807,155841,401,115360,25,7893,527,32461,699,126907,552,159368,California
Tulare,2021-05-09,587,279681,464,156305,102,115462,21,7914,111,32123,471,127378,133,159501,California
Tulare,2021-05-10,1025,280706,591,156896,368,115830,66,7980,309,31786,712,128090,375,159876,California
Tulare,2021-05-11,1255,281961,638,157534,538,116368,79,8059,518,31653,730,128820,597,160473,California
Tulare,2021-05-12,1581,283542,1017,158551,506,116874,58,8117,418,30980,1148,129968,475,160948,California
Tulare,2021-05-13,1581,285123,1015,159566,528,117402,38,8155,722,30884,855,130823,759,161707,California
Tulare,2021-05-14,1975,287098,1283,160849,630,118032,62,8217,894,30772,1068,131891,956,162663,California
Tulare,2021-05-15,1569,288667,885,161734,637,118669,47,8264,665,30582,896,132787,706,163369,California
Tulare,2021-05-16,698,289365,557,162291,129,118798,12,8276,324,30546,372,133159,336,163705,California
Tulare,2021-05-17,1538,290903,954,163245,511,119309,73,8349,727,30542,804,133963,800,164505,California
Tulare,2021-05-18,1579,292482,854,164099,672,119981,53,8402,778,30574,797,134760,829,165334,California
Tulare,2021-05-19,1478,293960,954,165053,490,120471,34,8436,755,30648,715,135475,789,166123,California
Tulare,2021-05-20,1577,295537,1061,166114,429,120900,87,8523,750,30662,823,136298,837,166960,California
Tulare,2021-05-21,1947,297484,1421,167535,484,121384,42,8565,1059,30886,880,137178,1104,168064,California
Tulare,2021-05-22,1607,299091,1142,168677,442,121826,23,8588,601,30513,998,138176,625,168689,California
Tulare,2021-05-23,402,299493,318,168995,74,121900,10,8598,204,30531,196,138372,214,168903,California
Tulare,2021-05-24,910,300403,553,169548,297,122197,60,8658,403,30488,506,138878,463,169366,California
Tulare,2021-05-25,1181,301584,701,170249,448,122645,32,8690,503,30351,672,139550,535,169901,California
Tulare,2021-05-26,880,302464,485,170734,353,122998,42,8732,391,30300,485,140035,434,170335,California
Tulare,2021-05-27,1271,303735,805,171539,435,123433,31,8763,585,30239,683,140718,622,170957,California
Tulare,2021-05-28,1184,304919,658,172197,477,123910,49,8812,620,30356,558,141276,675,171632,California
Tulare,2021-05-29,875,305794,646,172843,209,124119,20,8832,496,30501,377,141653,522,172154,California
Tulare,2021-05-30,284,306078,205,173048,71,124190,8,8840,162,30554,120,141773,173,172327,California
Tulare,2021-05-31,131,306209,51,173099,69,124259,11,8851,55,30545,75,141848,66,172393,California
Tulare,2021-06-01,1054,307263,626,173725,397,124656,31,8882,380,30312,666,142514,433,172826,California
Tulare,2021-06-02,797,308060,468,174193,296,124952,33,8915,359,30281,426,142940,395,173221,California
Tulare,2021-06-03,1138,309198,809,175002,273,125225,56,8971,390,30003,728,143668,450,173671,California
Tulare,2021-06-04,1167,310365,830,175832,305,125530,32,9003,361,29594,802,144470,393,174064,California
Tulare,2021-06-05,880,311245,697,176529,168,125698,15,9018,296,29326,582,145052,314,174378,California
Tulare,2021-06-06,419,311664,356,176885,45,125743,18,9036,139,29204,279,145331,157,174535,California
Tulare,2021-06-07,874,312538,687,177572,153,125896,34,9070,283,28933,588,145919,317,174852,California
Tulare,2021-06-08,1045,313583,772,178344,213,126109,60,9130,352,28656,689,146608,412,175264,California
Tulare,2021-06-09,1078,314661,755,179099,287,126396,36,9166,342,28302,731,147339,377,175641,California
Tulare,2021-06-10,1097,315758,880,179979,181,126577,36,9202,385,28013,710,148049,421,176062,California
Tulare,2021-06-11,1232,316990,884,180863,313,126890,35,9237,383,27592,839,148888,418,176480,California
Tulare,2021-06-12,947,317937,733,181596,203,127093,11,9248,328,27318,613,149501,339,176819,California
Tulare,2021-06-13,310,318247,222,181818,85,127178,3,9251,92,27196,217,149718,95,176914,California
Tulare,2021-06-14,767,319014,562,182380,179,127357,26,9277,298,27056,464,150182,324,177238,California
Tulare,2021-06-15,983,319997,665,183045,288,127645,30,9307,435,26980,541,150723,465,177703,California
Tulare,2021-06-16,850,320847,577,183622,223,127868,50,9357,375,26934,472,151195,426,178129,California
Tulare,2021-06-17,1022,321869,752,184374,240,128108,30,9387,408,26761,611,151806,438,178567,California
Tulare,2021-06-18,986,322855,693,185067,257,128365,36,9423,373,26559,611,152417,409,178976,California
Tulare,2021-06-19,850,323705,679,185746,158,128523,13,9436,391,26508,455,152872,404,179380,California
Tulare,2021-06-20,249,323954,186,185932,55,128578,8,9444,74,26416,175,153047,83,179463,California
Tulare,2021-06-21,504,324458,327,186259,147,128725,30,9474,294,26531,209,153256,324,179787,California
Tulare,2021-06-22,743,325201,509,186768,210,128935,24,9498,340,26498,397,153653,364,180151,California
Tulare,2021-06-23,727,325928,495,187263,206,129141,26,9524,395,26591,328,153981,421,180572,California
Tulare,2021-06-24,813,326741,616,187879,149,129290,48,9572,401,26631,409,154390,449,181021,California
Tulare,2021-06-25,439,327180,277,188156,145,129435,17,9589,213,26639,222,154612,230,181251,California
Tuolumne,2020-12-16,47,47,47,47,0,0,0,0,47,47,0,0,47,47,California
Tuolumne,2020-12-17,18,65,18,65,0,0,0,0,18,65,0,0,18,65,California
Tuolumne,2020-12-18,101,166,100,165,1,1,0,0,101,166,0,0,101,166,California
Tuolumne,2020-12-19,5,171,5,170,0,1,0,0,5,171,0,0,5,171,California
Tuolumne,2020-12-20,2,173,2,172,0,1,0,0,2,173,0,0,2,173,California
Tuolumne,2020-12-21,115,288,101,273,14,15,0,0,115,288,0,0,115,288,California
Tuolumne,2020-12-22,172,460,172,445,0,15,0,0,172,460,0,0,172,460,California
Tuolumne,2020-12-23,185,645,183,628,2,17,0,0,185,645,0,0,185,645,California
Tuolumne,2020-12-25,1,646,1,629,0,17,0,0,1,646,0,0,1,646,California
Tuolumne,2020-12-26,2,648,2,631,0,17,0,0,2,648,0,0,2,648,California
Tuolumne,2020-12-28,76,724,74,705,2,19,0,0,76,724,0,0,76,724,California
Tuolumne,2020-12-29,103,827,39,744,64,83,0,0,103,827,0,0,103,827,California
Tuolumne,2020-12-30,77,904,22,766,55,138,0,0,77,904,0,0,77,904,California
Tuolumne,2020-12-31,27,931,20,786,7,145,0,0,27,931,0,0,27,931,California
Tuolumne,2021-01-01,6,937,5,791,1,146,0,0,6,937,0,0,6,937,California
Tuolumne,2021-01-02,119,1056,116,907,3,149,0,0,119,1056,0,0,119,1056,California
Tuolumne,2021-01-03,2,1058,2,909,0,149,0,0,2,1058,0,0,2,1058,California
Tuolumne,2021-01-04,69,1127,26,935,43,192,0,0,69,1127,0,0,69,1127,California
Tuolumne,2021-01-05,93,1220,27,962,66,258,0,0,90,1215,3,3,91,1218,California
Tuolumne,2021-01-06,131,1351,72,1034,59,317,0,0,67,1218,64,67,67,1285,California
Tuolumne,2021-01-07,120,1471,64,1098,56,373,0,0,64,1226,56,123,64,1349,California
Tuolumne,2021-01-08,106,1577,82,1180,24,397,0,0,27,1177,78,201,29,1378,California
Tuolumne,2021-01-09,2,1579,0,1180,2,399,0,0,2,1179,0,201,2,1380,California
Tuolumne,2021-01-10,3,1582,1,1181,2,401,0,0,3,1182,0,201,3,1383,California
Tuolumne,2021-01-11,117,1699,91,1272,26,427,0,0,35,1135,82,283,35,1418,California
Tuolumne,2021-01-12,102,1801,86,1358,16,443,0,0,18,1069,84,367,18,1436,California
Tuolumne,2021-01-13,231,2032,125,1483,106,549,0,0,182,1203,49,416,183,1619,California
Tuolumne,2021-01-14,148,2180,108,1591,40,589,0,0,43,1142,104,520,43,1662,California
Tuolumne,2021-01-15,475,2655,73,1664,402,991,0,0,412,1493,62,582,413,2075,California
Tuolumne,2021-01-16,7,2662,3,1667,4,995,0,0,6,1498,1,583,6,2081,California
Tuolumne,2021-01-17,8,2670,4,1671,4,999,0,0,8,1506,0,583,8,2089,California
Tuolumne,2021-01-18,46,2716,38,1709,8,1007,0,0,9,1479,36,619,9,2098,California
Tuolumne,2021-01-19,478,3194,74,1783,404,1411,0,0,432,1865,46,665,432,2530,California
Tuolumne,2021-01-20,76,3270,58,1841,18,1429,0,0,24,1838,51,716,24,2554,California
Tuolumne,2021-01-21,58,3328,24,1865,34,1463,0,0,42,1864,16,732,42,2596,California
Tuolumne,2021-01-22,170,3498,17,1882,153,1616,0,0,162,2018,8,740,162,2758,California
Tuolumne,2021-01-23,651,4149,132,2014,519,2135,0,0,543,2467,108,848,557,3315,California
Tuolumne,2021-01-24,523,4672,2,2016,521,2656,0,0,519,2985,4,852,522,3837,California
Tuolumne,2021-01-25,51,4723,28,2044,23,2679,0,0,25,2985,26,878,26,3863,California
Tuolumne,2021-01-26,81,4804,68,2112,13,2692,0,0,40,2985,41,919,41,3904,California
Tuolumne,2021-01-27,60,4864,4,2116,56,2748,0,0,8,2942,51,970,8,3912,California
Tuolumne,2021-01-28,26,4890,6,2122,20,2768,0,0,17,2950,9,979,17,3929,California
Tuolumne,2021-01-29,71,4961,6,2128,65,2833,0,0,32,2943,39,1018,32,3961,California
Tuolumne,2021-01-30,713,5674,554,2682,159,2992,0,0,689,3626,24,1042,707,4668,California
Tuolumne,2021-01-31,9,5683,2,2684,7,2999,0,0,6,3629,3,1045,6,4674,California
Tuolumne,2021-02-01,27,5710,7,2691,20,3019,0,0,24,3650,3,1048,24,4698,California
Tuolumne,2021-02-02,653,6363,46,2737,607,3626,0,0,640,4280,10,1058,640,5338,California
Tuolumne,2021-02-03,240,6603,112,2849,128,3754,0,0,88,4216,152,1210,88,5426,California
Tuolumne,2021-02-04,123,6726,13,2862,110,3864,0,0,61,4215,62,1272,61,5487,California
Tuolumne,2021-02-05,100,6826,13,2875,87,3951,0,0,36,4188,63,1335,36,5523,California
Tuolumne,2021-02-06,859,7685,583,3458,276,4227,0,0,849,5034,10,1345,856,6379,California
Tuolumne,2021-02-07,8,7693,4,3462,4,4231,0,0,4,5034,4,1349,4,6383,California
Tuolumne,2021-02-08,92,7785,41,3503,51,4282,0,0,68,5078,24,1373,68,6451,California
Tuolumne,2021-02-09,863,8648,51,3554,812,5094,0,0,821,5857,42,1415,821,7272,California
Tuolumne,2021-02-10,94,8742,18,3572,76,5170,0,0,31,5827,61,1476,31,7303,California
Tuolumne,2021-02-11,144,8886,68,3640,76,5246,0,0,78,5839,66,1542,78,7381,California
Tuolumne,2021-02-12,650,9536,20,3660,630,5876,0,0,209,5608,440,1982,209,7590,California
Tuolumne,2021-02-13,155,9691,44,3704,111,5987,0,0,121,5696,33,2015,121,7711,California
Tuolumne,2021-02-14,152,9843,14,3718,138,6125,0,0,151,5846,1,2016,151,7862,California
Tuolumne,2021-02-15,187,10030,11,3729,176,6301,0,0,178,6015,9,2025,178,8040,California
Tuolumne,2021-02-16,530,10560,18,3747,512,6813,0,0,122,5735,404,2429,124,8164,California
Tuolumne,2021-02-17,111,10671,63,3810,48,6861,0,0,61,5747,49,2478,61,8225,California
Tuolumne,2021-02-18,686,11357,27,3837,659,7520,0,0,634,6330,52,2530,635,8860,California
Tuolumne,2021-02-19,146,11503,25,3862,121,7641,0,0,46,6276,100,2630,46,8906,California
Tuolumne,2021-02-20,907,12410,342,4204,565,8206,0,0,383,6155,508,3138,387,9293,California
Tuolumne,2021-02-21,983,13393,42,4246,941,9147,0,0,471,6123,508,3646,476,9769,California
Tuolumne,2021-02-22,80,13473,58,4304,22,9169,0,0,46,6136,33,3679,46,9815,California
Tuolumne,2021-02-23,49,13522,25,4329,24,9193,0,0,25,6139,23,3702,26,9841,California
Tuolumne,2021-02-24,105,13627,58,4387,47,9240,0,0,41,6119,63,3765,43,9884,California
Tuolumne,2021-02-25,1054,14681,35,4422,1019,10259,0,0,1021,7108,33,3798,1022,10906,California
Tuolumne,2021-02-26,152,14833,12,4434,140,10399,0,0,126,7209,26,3824,127,11033,California
Tuolumne,2021-02-27,956,15789,580,5014,376,10775,0,0,245,6770,692,4516,253,11286,California
Tuolumne,2021-02-28,56,15845,4,5018,52,10827,0,0,52,6819,3,4519,52,11338,California
Tuolumne,2021-03-01,119,15964,22,5040,96,10923,1,1,78,6859,40,4559,80,11418,California
Tuolumne,2021-03-02,710,16674,75,5115,635,11558,0,1,107,6363,603,5162,107,11525,California
Tuolumne,2021-03-03,95,16769,21,5136,74,11632,0,1,66,6401,28,5190,66,11591,California
Tuolumne,2021-03-04,1175,17944,77,5213,1098,12730,0,1,1107,7441,67,5257,1107,12698,California
Tuolumne,2021-03-05,90,18034,9,5222,81,12811,0,1,51,7456,38,5295,53,12751,California
Tuolumne,2021-03-06,1061,19095,606,5828,453,13264,2,3,198,6812,855,6150,211,12962,California
Tuolumne,2021-03-07,42,19137,13,5841,14,13278,15,18,19,6823,23,6173,34,12996,California
Tuolumne,2021-03-08,197,19334,90,5931,100,13378,7,25,140,6912,57,6230,146,13142,California
Tuolumne,2021-03-09,872,20206,19,5950,842,14220,11,36,65,6189,801,7031,78,13220,California
Tuolumne,2021-03-10,95,20301,17,5967,67,14287,11,47,54,6213,41,7072,65,13285,California
Tuolumne,2021-03-11,1303,21604,43,6010,1254,15541,6,53,1257,7433,46,7118,1266,14551,California
Tuolumne,2021-03-12,312,21916,43,6053,254,15795,15,68,189,7519,121,7239,207,14758,California
Tuolumne,2021-03-13,117,22033,12,6065,105,15900,0,68,83,7570,33,7272,84,14842,California
Tuolumne,2021-03-14,148,22181,10,6075,129,16029,9,77,7,7450,141,7413,21,14863,California
Tuolumne,2021-03-15,302,22483,82,6157,217,16246,3,80,104,7368,197,7610,115,14978,California
Tuolumne,2021-03-16,809,23292,42,6199,756,17002,11,91,671,7915,137,7747,684,15662,California
Tuolumne,2021-03-17,156,23448,34,6233,109,17111,13,104,80,7932,75,7822,92,15754,California
Tuolumne,2021-03-18,952,24400,28,6261,911,18022,13,117,317,7632,630,8452,330,16084,California
Tuolumne,2021-03-19,138,24538,20,6281,88,18110,30,147,75,7675,62,8514,105,16189,California
Tuolumne,2021-03-20,93,24631,8,6289,75,18185,10,157,39,7670,53,8567,48,16237,California
Tuolumne,2021-03-21,837,25468,393,6682,434,18619,10,167,37,6937,785,9352,52,16289,California
Tuolumne,2021-03-22,163,25631,73,6755,71,18690,19,186,95,6986,67,9419,116,16405,California
Tuolumne,2021-03-23,715,26346,639,7394,62,18752,14,200,675,7635,39,9458,688,17093,California
Tuolumne,2021-03-24,112,26458,22,7416,72,18824,18,218,78,7698,33,9491,96,17189,California
Tuolumne,2021-03-25,1301,27759,24,7440,1274,20098,3,221,327,7057,971,10462,330,17519,California
Tuolumne,2021-03-26,280,28039,19,7459,237,20335,24,245,119,7052,149,10611,144,17663,California
Tuolumne,2021-03-27,581,28620,54,7513,527,20862,0,245,315,7108,262,10873,318,17981,California
Tuolumne,2021-03-28,48,28668,7,7520,41,20903,0,245,8,7078,39,10912,9,17990,California
Tuolumne,2021-03-29,206,28874,83,7603,123,21026,0,245,109,7093,94,11006,109,18099,California
Tuolumne,2021-03-30,168,29042,12,7615,155,21181,1,246,122,7172,45,11051,124,18223,California
Tuolumne,2021-03-31,97,29139,14,7629,81,21262,2,248,40,7159,55,11106,42,18265,California
Tuolumne,2021-04-01,1252,30391,30,7659,1222,22484,0,248,228,6367,1021,12127,229,18494,California
Tuolumne,2021-04-02,171,30562,12,7671,133,22617,26,274,93,6411,75,12202,119,18613,California
Tuolumne,2021-04-03,429,30991,35,7706,392,23009,2,276,239,6465,187,12389,241,18854,California
Tuolumne,2021-04-04,34,31025,4,7710,30,23039,0,276,21,6475,11,12400,21,18875,California
Tuolumne,2021-04-05,131,31156,19,7729,105,23144,7,283,58,6467,73,12473,65,18940,California
Tuolumne,2021-04-06,653,31809,517,8246,109,23253,27,310,517,6877,135,12608,545,19485,California
Tuolumne,2021-04-07,128,31937,37,8283,75,23328,16,326,50,6865,78,12686,66,19551,California
Tuolumne,2021-04-08,1451,33388,35,8318,1401,24729,15,341,250,5934,1196,13882,265,19816,California
Tuolumne,2021-04-09,278,33666,43,8361,190,24919,45,386,132,5969,146,14028,181,19997,California
Tuolumne,2021-04-10,55,33721,2,8363,33,24952,20,406,23,5981,31,14059,43,20040,California
Tuolumne,2021-04-11,18,33739,3,8366,12,24964,3,409,12,5990,6,14065,15,20055,California
Tuolumne,2021-04-12,172,33911,66,8432,101,25065,5,414,89,6007,78,14143,95,20150,California
Tuolumne,2021-04-13,789,34700,35,8467,754,25819,0,414,171,5569,609,14752,171,20321,California
Tuolumne,2021-04-14,158,34858,31,8498,127,25946,0,414,79,5574,75,14827,80,20401,California
Tuolumne,2021-04-15,346,35204,22,8520,324,26270,0,414,61,5357,278,15105,61,20462,California
Tuolumne,2021-04-16,260,35464,55,8575,205,26475,0,414,142,5392,109,15214,144,20606,California
Tuolumne,2021-04-17,44,35508,6,8581,38,26513,0,414,28,5404,16,15230,28,20634,California
Tuolumne,2021-04-18,11,35519,3,8584,8,26521,0,414,6,5406,5,15235,7,20641,California
Tuolumne,2021-04-19,177,35696,79,8663,98,26619,0,414,98,5429,77,15312,100,20741,California
Tuolumne,2021-04-20,712,36408,617,9280,95,26714,0,414,74,4873,630,15942,74,20815,California
Tuolumne,2021-04-21,121,36529,26,9306,95,26809,0,414,63,4884,52,15994,63,20878,California
Tuolumne,2021-04-22,711,37240,46,9352,665,27474,0,414,429,5041,273,16267,430,21308,California
Tuolumne,2021-04-23,179,37419,31,9383,148,27622,0,414,81,5031,92,16359,82,21390,California
Tuolumne,2021-04-24,79,37498,18,9401,61,27683,0,414,50,5052,29,16388,50,21440,California
Tuolumne,2021-04-25,26,37524,10,9411,16,27699,0,414,23,5072,3,16391,23,21463,California
Tuolumne,2021-04-26,158,37682,56,9467,102,27801,0,414,74,5064,83,16474,75,21538,California
Tuolumne,2021-04-27,143,37825,23,9490,113,27914,7,421,65,5062,75,16549,73,21611,California
Tuolumne,2021-04-28,119,37944,24,9514,84,27998,11,432,63,5081,55,16604,74,21685,California
Tuolumne,2021-04-29,282,38226,19,9533,255,28253,8,440,55,4921,223,16827,63,21748,California
Tuolumne,2021-04-30,373,38599,26,9559,335,28588,12,452,73,4713,296,17123,88,21836,California
Tuolumne,2021-05-01,25,38624,7,9566,13,28601,5,457,16,4725,9,17132,21,21857,California
Tuolumne,2021-05-02,26,38650,3,9569,21,28622,2,459,19,4739,7,17139,21,21878,California
Tuolumne,2021-05-03,111,38761,15,9584,91,28713,5,464,37,4709,72,17211,42,21920,California
Tuolumne,2021-05-04,708,39469,601,10185,102,28815,5,469,213,4433,493,17704,217,22137,California
Tuolumne,2021-05-05,110,39579,26,10211,78,28893,6,475,58,4448,49,17753,64,22201,California
Tuolumne,2021-05-06,290,39869,13,10224,261,29154,16,491,42,4262,243,17996,57,22258,California
Tuolumne,2021-05-07,329,40198,26,10250,295,29449,8,499,63,4075,265,18261,78,22336,California
Tuolumne,2021-05-08,51,40249,8,10258,39,29488,4,503,33,4094,18,18279,37,22373,California
Tuolumne,2021-05-09,17,40266,2,10260,13,29501,2,505,3,4085,14,18293,5,22378,California
Tuolumne,2021-05-10,112,40378,44,10304,63,29564,5,510,31,4042,80,18373,37,22415,California
Tuolumne,2021-05-11,202,40580,62,10366,128,29692,12,522,54,3961,147,18520,66,22481,California
Tuolumne,2021-05-12,132,40712,21,10387,107,29799,4,526,50,3933,82,18602,54,22535,California
Tuolumne,2021-05-13,116,40828,18,10405,90,29889,8,534,72,3968,44,18646,79,22614,California
Tuolumne,2021-05-14,206,41034,76,10481,119,30008,11,545,106,3987,98,18744,117,22731,California
Tuolumne,2021-05-15,58,41092,15,10496,36,30044,7,552,19,3975,39,18783,27,22758,California
Tuolumne,2021-05-16,27,41119,9,10505,16,30060,2,554,13,3976,14,18797,15,22773,California
Tuolumne,2021-05-17,110,41229,30,10535,77,30137,3,557,47,3964,63,18860,51,22824,California
Tuolumne,2021-05-18,181,41410,57,10592,77,30214,47,604,60,3951,120,18980,107,22931,California
Tuolumne,2021-05-19,118,41528,20,10612,65,30279,33,637,46,3959,71,19051,79,23010,California
Tuolumne,2021-05-20,411,41939,21,10633,383,30662,7,644,53,3663,356,19407,60,23070,California
Tuolumne,2021-05-21,200,42139,94,10727,101,30763,5,649,119,3708,79,19486,124,23194,California
Tuolumne,2021-05-22,58,42197,18,10745,34,30797,6,655,25,3706,32,19518,30,23224,California
Tuolumne,2021-05-23,27,42224,7,10752,19,30816,1,656,10,3700,17,19535,11,23235,California
Tuolumne,2021-05-24,137,42361,43,10795,88,30904,6,662,52,3674,84,19619,58,23293,California
Tuolumne,2021-05-25,296,42657,222,11017,68,30972,6,668,111,3607,184,19803,117,23410,California
Tuolumne,2021-05-26,89,42746,25,11042,63,31035,1,669,39,3597,50,19853,40,23450,California
Tuolumne,2021-05-27,75,42821,14,11056,59,31094,2,671,31,3587,43,19896,33,23483,California
Tuolumne,2021-05-28,111,42932,52,11108,58,31152,1,672,64,3607,45,19941,65,23548,California
Tuolumne,2021-05-29,38,42970,7,11115,25,31177,6,678,17,3609,21,19962,23,23571,California
Tuolumne,2021-05-30,18,42988,1,11116,14,31191,3,681,4,3602,14,19976,7,23578,California
Tuolumne,2021-05-31,10,42998,2,11118,7,31198,1,682,2,3597,8,19984,3,23581,California
Tuolumne,2021-06-01,77,43075,21,11139,52,31250,4,686,24,3573,52,20036,28,23609,California
Tuolumne,2021-06-02,73,43148,8,11147,57,31307,8,694,24,3556,49,20085,32,23641,California
Tuolumne,2021-06-03,75,43223,25,11172,35,31342,15,709,23,3544,50,20135,38,23679,California
Tuolumne,2021-06-04,131,43354,62,11234,66,31408,3,712,38,3494,91,20226,41,23720,California
Tuolumne,2021-06-05,41,43395,11,11245,28,31436,2,714,16,3487,25,20251,18,23738,California
Tuolumne,2021-06-06,19,43414,5,11250,7,31443,7,721,5,3485,14,20265,12,23750,California
Tuolumne,2021-06-07,59,43473,14,11264,37,31480,8,729,26,3486,33,20298,34,23784,California
Tuolumne,2021-06-08,74,43547,22,11286,51,31531,1,730,28,3471,44,20342,29,23813,California
Tuolumne,2021-06-09,87,43634,45,11331,32,31563,10,740,40,3475,46,20388,50,23863,California
Tuolumne,2021-06-10,97,43731,14,11345,76,31639,7,747,26,3437,71,20459,33,23896,California
Tuolumne,2021-06-11,101,43832,47,11392,51,31690,3,750,25,3390,75,20534,28,23924,California
Tuolumne,2021-06-12,62,43894,20,11412,26,31716,16,766,18,3382,42,20576,34,23958,California
Tuolumne,2021-06-13,17,43911,2,11414,10,31726,5,771,3,3376,14,20590,8,23966,California
Tuolumne,2021-06-14,100,44011,33,11447,63,31789,4,775,52,3384,48,20638,56,24022,California
Tuolumne,2021-06-15,130,44141,82,11529,39,31828,9,784,21,3307,107,20745,30,24052,California
Tuolumne,2021-06-16,96,44237,47,11576,46,31874,3,787,54,3323,41,20786,57,24109,California
Tuolumne,2021-06-17,45,44282,10,11586,34,31908,1,788,17,3313,28,20814,18,24127,California
Tuolumne,2021-06-18,170,44452,95,11681,61,31969,14,802,60,3277,109,20923,73,24200,California
Tuolumne,2021-06-19,26,44478,9,11690,14,31983,3,805,10,3274,16,20939,13,24213,California
Tuolumne,2021-06-20,13,44491,2,11692,11,31994,0,805,10,3281,3,20942,10,24223,California
Tuolumne,2021-06-21,40,44531,4,11696,35,32029,1,806,21,3284,19,20961,22,24245,California
Tuolumne,2021-06-22,42,44573,9,11705,33,32062,0,806,20,3283,21,20982,20,24265,California
Tuolumne,2021-06-23,48,44621,4,11709,26,32088,18,824,23,3299,25,21007,41,24306,California
Tuolumne,2021-06-24,26,44647,7,11716,16,32104,3,827,12,3302,14,21021,17,24323,California
Tuolumne,2021-06-25,13,44660,3,11719,9,32113,1,828,8,3306,5,21026,9,24332,California
Ventura,2020-12-15,5,5,5,5,0,0,0,0,5,5,0,0,5,5,California
Ventura,2020-12-16,75,80,75,80,0,0,0,0,75,80,0,0,75,80,California
Ventura,2020-12-17,314,394,314,394,0,0,0,0,314,394,0,0,314,394,California
Ventura,2020-12-18,1598,1992,1598,1992,0,0,0,0,1598,1992,0,0,1598,1992,California
Ventura,2020-12-19,986,2978,985,2977,1,1,0,0,986,2978,0,0,986,2978,California
Ventura,2020-12-20,459,3437,459,3436,0,1,0,0,459,3437,0,0,459,3437,California
Ventura,2020-12-21,1518,4955,1518,4954,0,1,0,0,1518,4955,0,0,1518,4955,California
Ventura,2020-12-22,1159,6114,1153,6107,6,7,0,0,1159,6114,0,0,1159,6114,California
Ventura,2020-12-23,1087,7201,1037,7144,50,57,0,0,1087,7201,0,0,1087,7201,California
Ventura,2020-12-24,479,7680,379,7523,100,157,0,0,479,7680,0,0,479,7680,California
Ventura,2020-12-25,12,7692,7,7530,5,162,0,0,12,7692,0,0,12,7692,California
Ventura,2020-12-26,112,7804,91,7621,21,183,0,0,112,7804,0,0,112,7804,California
Ventura,2020-12-27,59,7863,27,7648,32,215,0,0,59,7863,0,0,59,7863,California
Ventura,2020-12-28,1092,8955,949,8597,143,358,0,0,1092,8955,0,0,1092,8955,California
Ventura,2020-12-29,1185,10140,775,9372,410,768,0,0,1184,10139,0,0,1184,10139,California
Ventura,2020-12-30,1999,12139,1531,10903,468,1236,0,0,1999,12138,0,0,1999,12138,California
Ventura,2020-12-31,486,12625,164,11067,322,1558,0,0,481,12614,5,5,481,12619,California
Ventura,2021-01-01,38,12663,15,11082,23,1581,0,0,38,12652,0,5,38,12657,California
Ventura,2021-01-02,177,12840,81,11163,96,1677,0,0,177,12829,0,5,177,12834,California
Ventura,2021-01-03,19,12859,8,11171,11,1688,0,0,19,12848,0,5,19,12853,California
Ventura,2021-01-04,1031,13890,493,11664,538,2226,0,0,1029,13877,0,5,1029,13882,California
Ventura,2021-01-05,1380,15270,783,12447,597,2823,0,0,1268,15036,109,114,1268,15150,California
Ventura,2021-01-06,2073,17343,1188,13635,885,3708,0,0,1572,16118,492,606,1574,16724,California
Ventura,2021-01-07,2082,19425,1332,14967,750,4458,0,0,1039,16120,1038,1644,1040,17764,California
Ventura,2021-01-08,2199,21624,1475,16442,724,5182,0,0,905,15735,1292,2936,907,18671,California
Ventura,2021-01-09,724,22348,503,16945,221,5403,0,0,318,15647,406,3342,318,18989,California
Ventura,2021-01-10,344,22692,327,17272,17,5420,0,0,129,15561,215,3557,129,19118,California
Ventura,2021-01-11,2456,25148,1491,18763,965,6385,0,0,1502,16113,954,4511,1506,20624,California
Ventura,2021-01-12,3057,28205,1617,20380,1440,7825,0,0,1937,16930,1120,5631,1937,22561,California
Ventura,2021-01-13,2945,31150,1434,21814,1511,9336,0,0,2035,18059,907,6538,2036,24597,California
Ventura,2021-01-14,2791,33941,1106,22920,1685,11021,0,0,2328,19926,462,7000,2329,26926,California
Ventura,2021-01-15,2895,36836,967,23887,1928,12949,0,0,2681,22394,214,7214,2682,29608,California
Ventura,2021-01-16,490,37326,188,24075,302,13251,0,0,410,22724,80,7294,410,30018,California
Ventura,2021-01-17,267,37593,139,24214,128,13379,0,0,260,22978,6,7300,260,30278,California
Ventura,2021-01-18,2217,39810,1665,25879,552,13931,0,0,1667,24097,549,7849,1668,31946,California
Ventura,2021-01-19,3060,42870,2131,28010,929,14860,0,0,2150,25340,910,8759,2153,34099,California
Ventura,2021-01-20,4140,47010,3174,31184,966,15826,0,0,3074,27352,1063,9822,3075,37174,California
Ventura,2021-01-21,3884,50894,2703,33887,1181,17007,0,0,3202,29882,674,10496,3204,40378,California
Ventura,2021-01-22,3642,54536,2505,36392,1137,18144,0,0,3475,33190,167,10663,3475,43853,California
Ventura,2021-01-23,1192,55728,651,37043,541,18685,0,0,1091,34183,100,10763,1093,44946,California
Ventura,2021-01-24,456,56184,135,37178,321,19006,0,0,442,34612,13,10776,442,45388,California
Ventura,2021-01-25,3173,59357,2036,39214,1137,20143,0,0,2612,36665,560,11336,2613,48001,California
Ventura,2021-01-26,3735,63092,2213,41427,1522,21665,0,0,2724,38383,1007,12343,2725,50726,California
Ventura,2021-01-27,3507,66599,1569,42996,1938,23603,0,0,2752,40386,751,13094,2754,53480,California
Ventura,2021-01-28,3910,70509,2007,45003,1903,25506,0,0,3283,43061,611,13705,3286,56766,California
Ventura,2021-01-29,4305,74814,2540,47543,1765,27271,0,0,3794,46358,497,14202,3794,60560,California
Ventura,2021-01-30,3051,77865,1963,49506,1088,28359,0,0,2878,49068,169,14371,2879,63439,California
Ventura,2021-01-31,839,78704,447,49953,392,28751,0,0,751,49732,87,14458,751,64190,California
Ventura,2021-02-01,3996,82700,2124,52077,1872,30623,0,0,3211,52168,777,15235,3213,67403,California
Ventura,2021-02-02,4446,87146,2385,54462,2061,32684,0,0,3418,54565,1024,16259,3421,70824,California
Ventura,2021-02-03,4483,91629,2093,56555,2390,35074,0,0,3456,57000,1022,17281,3457,74281,California
Ventura,2021-02-04,4827,96456,2309,58864,2518,37592,0,0,3543,59271,1276,18557,3547,77828,California
Ventura,2021-02-05,4918,101374,2387,61251,2531,40123,0,0,3377,61124,1527,20084,3380,81208,California
Ventura,2021-02-06,2862,104236,1522,62773,1340,41463,0,0,2455,63173,406,20490,2455,83663,California
Ventura,2021-02-07,745,104981,245,63018,500,41963,0,0,620,63669,125,20615,621,84284,California
Ventura,2021-02-08,3524,108505,1633,64651,1891,43854,0,0,2436,65023,1083,21698,2437,86721,California
Ventura,2021-02-09,4753,113258,1978,66629,2775,46629,0,0,2483,65242,2267,23965,2486,89207,California
Ventura,2021-02-10,4771,118029,2255,68884,2516,49145,0,0,2406,65298,2351,26316,2407,91614,California
Ventura,2021-02-11,4727,122756,1884,70768,2843,51988,0,0,2481,65544,2238,28554,2484,94098,California
Ventura,2021-02-12,6392,129148,2693,73461,3699,55687,0,0,3265,65689,3120,31674,3265,97363,California
Ventura,2021-02-13,3332,132480,1846,75307,1486,57173,0,0,1859,66081,1469,33143,1861,99224,California
Ventura,2021-02-14,1230,133710,126,75433,1104,58277,0,0,1011,66876,218,33361,1013,100237,California
Ventura,2021-02-15,4032,137742,1827,77260,2205,60482,0,0,2130,67109,1899,35260,2132,102369,California
Ventura,2021-02-16,5595,143337,2740,80000,2855,63337,0,0,3030,67585,2555,37815,3031,105400,California
Ventura,2021-02-17,5348,148685,1938,81938,3410,66747,0,0,3354,68956,1983,39798,3354,108754,California
Ventura,2021-02-18,5815,154500,1843,83781,3972,70719,0,0,3651,70458,2149,41947,3651,112405,California
Ventura,2021-02-19,6492,160992,3783,87564,2709,73428,0,0,3011,70000,3475,45422,3017,115422,California
Ventura,2021-02-20,4963,165955,3185,90749,1778,75206,0,0,2773,70598,2179,47601,2777,118199,California
Ventura,2021-02-21,1116,167071,823,91572,293,75499,0,0,457,70401,654,48255,457,118656,California
Ventura,2021-02-22,5441,172512,2429,94001,3012,78511,0,0,3477,71926,1954,50209,3479,122135,California
Ventura,2021-02-23,5999,178511,2982,96983,3017,81528,0,0,3426,72803,2553,52762,3430,125565,California
Ventura,2021-02-24,7098,185609,2620,99603,4478,86006,0,0,4260,74244,2821,55583,4262,129827,California
Ventura,2021-02-25,7627,193236,2580,102183,5047,91053,0,0,4588,75812,3025,58608,4593,134420,California
Ventura,2021-02-26,9475,202711,2782,104965,6693,97746,0,0,6169,78704,3281,61889,6173,140593,California
Ventura,2021-02-27,10627,213338,5299,110264,5328,103074,0,0,7972,84049,2637,64526,7982,148575,California
Ventura,2021-02-28,2580,215918,1647,111911,932,104006,1,1,2100,85678,472,64998,2101,150676,California
Ventura,2021-03-01,7172,223090,2855,114766,4314,108320,3,4,4759,88061,2393,67391,4776,155452,California
Ventura,2021-03-02,7745,230835,4050,118816,3693,112013,2,6,5426,91180,2308,69699,5427,160879,California
Ventura,2021-03-03,8720,239555,3935,122751,4782,116795,3,9,6136,94759,2564,72263,6143,167022,California
Ventura,2021-03-04,8320,247875,3885,126636,4435,121230,0,9,5602,97666,2700,74963,5607,172629,California
Ventura,2021-03-05,10108,257983,4818,131454,5279,126509,11,20,7188,101975,2903,77866,7212,179841,California
Ventura,2021-03-06,7806,265789,4406,135860,3246,129755,154,174,5816,105967,1982,79848,5974,185815,California
Ventura,2021-03-07,1669,267458,619,136479,949,130704,101,275,1249,106899,420,80268,1352,187167,California
Ventura,2021-03-08,6863,274321,3446,139925,3261,133965,156,431,4745,109695,2109,82377,4905,192072,California
Ventura,2021-03-09,6898,281219,3035,142960,3663,137628,200,631,3995,111008,2888,85265,4201,196273,California
Ventura,2021-03-10,7054,288273,3021,145981,3791,141419,242,873,4701,113613,2338,87603,4943,201216,California
Ventura,2021-03-11,6587,294860,2908,148889,3362,144781,317,1190,3588,114536,2981,90584,3904,205120,California
Ventura,2021-03-12,8763,303623,3062,151951,4857,149638,844,2034,4284,115203,4459,95043,5126,210246,California
Ventura,2021-03-13,7318,310941,2512,154463,3960,153598,846,2880,4353,117445,2955,97998,5197,215443,California
Ventura,2021-03-14,2147,313088,490,154953,1160,154758,497,3377,725,117248,1420,99418,1223,216666,California
Ventura,2021-03-15,7131,320219,2059,157012,3724,158482,1348,4725,3167,117821,3937,103355,4510,221176,California
Ventura,2021-03-16,8194,328413,2470,159482,4610,163092,1114,5839,4242,119236,3939,107294,5354,226530,California
Ventura,2021-03-17,7745,336158,2808,162290,4588,167680,349,6188,4713,121288,3011,110305,5063,231593,California
Ventura,2021-03-18,7608,343766,3307,165597,4148,171828,153,6341,5004,123855,2590,112895,5157,236750,California
Ventura,2021-03-19,8707,352473,3833,169430,4761,176589,113,6454,5292,125869,3389,116284,5403,242153,California
Ventura,2021-03-20,8918,361391,5956,175386,2938,179527,24,6478,4640,126281,4254,120538,4666,246819,California
Ventura,2021-03-21,2812,364203,1531,176917,909,180436,372,6850,1323,126497,1475,122013,1691,248510,California
Ventura,2021-03-22,7465,371668,3735,180652,3628,184064,102,6952,4929,129014,2516,124529,5033,253543,California
Ventura,2021-03-23,8299,379967,3959,184611,4266,188330,74,7026,4669,130155,3600,128129,4741,258284,California
Ventura,2021-03-24,8968,388935,3437,188048,5453,193783,78,7104,4490,130281,4446,132575,4572,262856,California
Ventura,2021-03-25,8881,397816,3934,191982,4843,198626,104,7208,4501,130526,4359,136934,4604,267460,California
Ventura,2021-03-26,9995,407811,3385,195367,5956,204582,654,7862,4030,129274,5933,142867,4681,272141,California
Ventura,2021-03-27,8800,416611,3950,199317,4807,209389,43,7905,2436,125430,6324,149191,2480,274621,California
Ventura,2021-03-28,2549,419160,1432,200749,1108,210497,9,7914,1378,125652,1165,150356,1387,276008,California
Ventura,2021-03-29,8668,427828,4331,205080,4291,214788,46,7960,4288,125638,4348,154704,4334,280342,California
Ventura,2021-03-30,9041,436869,4482,209562,4427,219215,132,8092,4406,125557,4619,159323,4538,284880,California
Ventura,2021-03-31,10873,447742,4880,214442,5364,224579,629,8721,4707,124752,6138,165461,5333,290213,California
Ventura,2021-04-01,10950,458692,5313,219755,4748,229327,889,9610,5529,125790,5375,170836,6413,296626,California
Ventura,2021-04-02,11874,470566,4667,224422,5861,235188,1346,10956,5699,126694,6142,176978,7046,303672,California
Ventura,2021-04-03,8164,478730,4039,228461,2946,238134,1179,12135,3446,126606,4706,181684,4618,308290,California
Ventura,2021-04-04,1721,480451,963,229424,623,238757,135,12270,1148,127323,566,182250,1283,309573,California
Ventura,2021-04-05,9477,489928,4880,234304,3476,242233,1121,13391,4838,128654,4625,186875,5956,315529,California
Ventura,2021-04-06,11025,500953,5586,239890,3941,246174,1498,14889,5667,130488,5329,192204,7163,322692,California
Ventura,2021-04-07,11533,512486,5421,245311,4598,250772,1514,16403,5277,131036,6236,198440,6784,329476,California
Ventura,2021-04-08,10511,522997,5303,250614,4221,254993,987,17390,5245,132019,5240,203680,6223,335699,California
Ventura,2021-04-09,11401,534398,4400,255014,5269,260262,1732,19122,4993,132353,6382,210062,6716,342415,California
Ventura,2021-04-10,9887,544285,4177,259191,3537,263799,2173,21295,3069,130790,6800,216862,5237,347652,California
Ventura,2021-04-11,2453,546738,862,260053,1015,264814,576,21871,687,130296,1755,218617,1261,348913,California
Ventura,2021-04-12,9127,555865,4538,264591,3753,268567,836,22707,3825,129669,5282,223899,4655,353568,California
Ventura,2021-04-13,8975,564840,4576,269167,4393,272960,6,22713,3798,128335,5138,229037,3804,357372,California
Ventura,2021-04-14,8907,573747,4151,273318,4741,277701,15,22728,3416,126322,5450,234487,3437,360809,California
Ventura,2021-04-15,9536,583283,4613,277931,4896,282597,27,22755,4111,125074,5387,239874,4139,364948,California
Ventura,2021-04-16,10363,593646,4578,282509,5783,288380,2,22757,4885,124514,5452,245326,4892,369840,California
Ventura,2021-04-17,9063,602709,5410,287919,3639,292019,14,22771,5283,126049,3762,249088,5297,375137,California
Ventura,2021-04-18,2243,604952,1107,289026,1136,293155,0,22771,970,125755,1265,250353,971,376108,California
Ventura,2021-04-19,8171,613123,4874,293900,3294,296449,3,22774,4695,127004,3450,253803,4699,380807,California
Ventura,2021-04-20,9591,622714,5103,299003,4483,300932,5,22779,4523,126491,5041,258844,4528,385335,California
Ventura,2021-04-21,9226,631940,4810,303813,4411,305343,5,22784,4415,126120,4791,263635,4420,389755,California
Ventura,2021-04-22,10199,642139,5577,309390,4621,309964,1,22785,4533,125010,5646,269281,4536,394291,California
Ventura,2021-04-23,11044,653183,5510,314900,5533,315497,1,22786,5491,124980,5523,274804,5493,399784,California
Ventura,2021-04-24,10576,663759,5914,320814,4662,320159,0,22786,6211,126845,4347,279151,6212,405996,California
Ventura,2021-04-25,2491,666250,1720,322534,771,320930,0,22786,1160,126678,1327,280478,1160,407156,California
Ventura,2021-04-26,8028,674278,4613,327147,3348,324278,67,22853,3340,125421,4659,285137,3402,410558,California
Ventura,2021-04-27,9224,683502,5151,332298,3845,328123,228,23081,3477,123398,5727,290864,3704,414262,California
Ventura,2021-04-28,8441,691943,4896,337194,3224,331347,321,23402,3312,121930,5102,295966,3634,417896,California
Ventura,2021-04-29,7962,699905,4295,341489,3403,334750,264,23666,2833,119925,5101,301067,3096,420992,California
Ventura,2021-04-30,9505,709410,5480,346969,3750,338500,275,23941,3911,118543,5558,306625,4176,425168,California
Ventura,2021-05-01,5154,714564,3644,350613,1404,339904,106,24047,2044,117606,3084,309709,2147,427315,California
Ventura,2021-05-02,2137,716701,1431,352044,615,340519,91,24138,1034,117635,1097,310806,1126,428441,California
Ventura,2021-05-03,6325,723026,3890,355934,2154,342673,281,24419,1982,115576,4322,315128,2263,430704,California
Ventura,2021-05-04,6460,729486,3381,359315,2781,345454,298,24717,2327,114084,4118,319246,2626,433330,California
Ventura,2021-05-05,5481,734967,3071,362386,2150,347604,260,24977,1957,112801,3494,322740,2211,435541,California
Ventura,2021-05-06,6237,741204,3214,365600,2754,350358,269,25246,1996,110847,4220,326960,2266,437807,California
Ventura,2021-05-07,6882,748086,3432,369032,3175,353533,275,25521,2348,108964,4505,331465,2622,440429,California
Ventura,2021-05-08,5373,753459,4171,373203,1044,354577,158,25679,1216,106193,4143,335608,1372,441801,California
Ventura,2021-05-09,1041,754500,734,373937,261,354838,46,25725,370,105945,663,336271,415,442216,California
Ventura,2021-05-10,6153,760653,4099,378036,1844,356682,210,25935,1386,102787,4753,341024,1595,443811,California
Ventura,2021-05-11,5330,765983,3278,381314,1828,358510,224,26159,1486,100664,3832,344856,1709,445520,California
Ventura,2021-05-12,4988,770971,2909,384223,1859,360369,220,26379,1513,98938,3459,348315,1733,447253,California
Ventura,2021-05-13,6354,777325,3846,388069,2301,362670,207,26586,2269,97348,4069,352384,2479,449732,California
Ventura,2021-05-14,7506,784831,4656,392725,2637,365307,213,26799,2836,95742,4651,357035,3045,452777,California
Ventura,2021-05-15,6751,791582,5389,398114,1274,366581,88,26887,2802,94709,3923,360958,2890,455667,California
Ventura,2021-05-16,2174,793756,1682,399796,440,367021,52,26939,1024,94640,1145,362103,1076,456743,California
Ventura,2021-05-17,5894,799650,3559,403355,2121,369142,214,27153,2406,93789,3470,365573,2619,459362,California
Ventura,2021-05-18,5423,805073,3168,406523,2075,371217,180,27333,2131,92826,3273,368846,2310,461672,California
Ventura,2021-05-19,5841,810914,3526,410049,2104,373321,211,27544,2364,91948,3449,372295,2571,464243,California
Ventura,2021-05-20,5470,816384,3026,413075,2285,375606,159,27703,2123,90909,3317,375612,2278,466521,California
Ventura,2021-05-21,7929,824313,4467,417542,3286,378892,176,27879,2561,88326,5335,380947,2752,469273,California
Ventura,2021-05-22,5653,829966,2893,420435,2685,381577,75,27954,1766,86291,3877,384824,1842,471115,California
Ventura,2021-05-23,1949,831915,1485,421920,392,381969,72,28026,731,85886,1208,386032,803,471918,California
Ventura,2021-05-24,4543,836458,2465,424385,1910,383879,168,28194,1450,84427,3074,389106,1615,473533,California
Ventura,2021-05-25,4297,840755,2230,426615,1915,385794,152,28346,1417,83133,2862,391968,1568,475101,California
Ventura,2021-05-26,4280,845035,2281,428896,1835,387629,164,28510,1646,82329,2614,394582,1810,476911,California
Ventura,2021-05-27,3871,848906,1909,430805,1834,389463,128,28638,1378,81355,2480,397062,1506,478417,California
Ventura,2021-05-28,4566,853472,2480,433285,1892,391355,194,28832,1978,80959,2570,399632,2174,480591,California
Ventura,2021-05-29,2158,855630,1350,434635,741,392096,67,28899,1053,80987,1094,400726,1122,481713,California
Ventura,2021-05-30,911,856541,583,435218,275,392371,53,28952,357,80860,551,401277,424,482137,California
Ventura,2021-05-31,258,856799,138,435356,111,392482,9,28961,61,80733,197,401474,70,482207,California
Ventura,2021-06-01,4002,860801,2275,437631,1561,394043,166,29127,1284,79503,2697,404171,1467,483674,California
Ventura,2021-06-02,2965,863766,1631,439262,1198,395241,136,29263,1014,78726,1935,406106,1158,484832,California
Ventura,2021-06-03,3241,867007,2004,441266,1082,396323,155,29418,883,77417,2346,408452,1037,485869,California
Ventura,2021-06-04,4593,871600,3022,444288,1410,397733,161,29579,1419,75837,3160,411612,1580,487449,California
Ventura,2021-06-05,3810,875410,3181,447469,566,398299,63,29642,1154,74410,2644,414256,1217,488666,California
Ventura,2021-06-06,1249,876659,1067,448536,137,398436,45,29687,291,73797,948,415204,335,489001,California
Ventura,2021-06-07,3169,879828,2355,450891,704,399140,110,29797,949,72650,2205,417409,1058,490059,California
Ventura,2021-06-08,3020,882848,1993,452884,894,400034,133,29930,880,71535,2128,419537,1013,491072,California
Ventura,2021-06-09,2943,885791,2050,454934,787,400821,106,30036,762,70233,2169,421706,867,491939,California
Ventura,2021-06-10,3027,888818,2116,457050,809,401630,102,30138,810,68939,2205,423911,911,492850,California
Ventura,2021-06-11,3467,892285,2380,459430,949,402579,138,30276,980,67580,2477,426388,1118,493968,California
Ventura,2021-06-12,2164,894449,1697,461127,421,403000,46,30322,518,66507,1637,428025,564,494532,California
Ventura,2021-06-13,1014,895463,777,461904,173,403173,64,30386,239,66038,774,428799,305,494837,California
Ventura,2021-06-14,2647,898110,1809,463713,709,403882,129,30515,818,65167,1817,430616,946,495783,California
Ventura,2021-06-15,2436,900546,1571,465284,755,404637,110,30625,849,64550,1574,432190,957,496740,California
Ventura,2021-06-16,2485,903031,1823,467107,556,405193,106,30731,828,63845,1638,433828,933,497673,California
Ventura,2021-06-17,2216,905247,1557,468664,563,405756,96,30827,821,63375,1387,435215,917,498590,California
Ventura,2021-06-18,2960,908207,2087,470751,749,406505,124,30951,974,62500,1972,437187,1097,499687,California
Ventura,2021-06-19,1373,909580,1064,471815,284,406789,25,30976,522,62207,840,438027,547,500234,California
Ventura,2021-06-20,693,910273,538,472353,114,406903,41,31017,262,62082,428,438455,303,500537,California
Ventura,2021-06-21,1687,911960,1082,473435,488,407391,117,31134,839,62199,838,439293,955,501492,California
Ventura,2021-06-22,1956,913916,1374,474809,485,407876,97,31231,729,61809,1215,440508,825,502317,California
Ventura,2021-06-23,1765,915681,1214,476023,448,408324,103,31334,731,61617,1025,441533,833,503150,California
Ventura,2021-06-24,1757,917438,1171,477194,482,408806,104,31438,703,61381,1043,442576,807,503957,California
Ventura,2021-06-25,1628,919066,1063,478257,406,409212,159,31597,512,60943,1109,443685,671,504628,California
Yolo,2020-12-15,39,39,39,39,0,0,0,0,39,39,0,0,39,39,California
Yolo,2020-12-16,79,118,79,118,0,0,0,0,79,118,0,0,79,118,California
Yolo,2020-12-17,104,222,104,222,0,0,0,0,104,222,0,0,104,222,California
Yolo,2020-12-18,234,456,234,456,0,0,0,0,234,456,0,0,234,456,California
Yolo,2020-12-19,88,544,88,544,0,0,0,0,88,544,0,0,88,544,California
Yolo,2020-12-20,101,645,101,645,0,0,0,0,101,645,0,0,101,645,California
Yolo,2020-12-21,255,900,255,900,0,0,0,0,255,900,0,0,255,900,California
Yolo,2020-12-22,385,1285,384,1284,1,1,0,0,385,1285,0,0,385,1285,California
Yolo,2020-12-23,438,1723,418,1702,20,21,0,0,438,1723,0,0,438,1723,California
Yolo,2020-12-24,153,1876,97,1799,56,77,0,0,153,1876,0,0,153,1876,California
Yolo,2020-12-25,1,1877,1,1800,0,77,0,0,1,1877,0,0,1,1877,California
Yolo,2020-12-26,75,1952,25,1825,50,127,0,0,75,1952,0,0,75,1952,California
Yolo,2020-12-27,46,1998,19,1844,27,154,0,0,46,1998,0,0,46,1998,California
Yolo,2020-12-28,352,2350,181,2025,171,325,0,0,352,2350,0,0,352,2350,California
Yolo,2020-12-29,494,2844,269,2294,225,550,0,0,494,2844,0,0,494,2844,California
Yolo,2020-12-30,626,3470,256,2550,370,920,0,0,626,3470,0,0,626,3470,California
Yolo,2020-12-31,184,3654,94,2644,90,1010,0,0,184,3654,0,0,184,3654,California
Yolo,2021-01-01,58,3712,56,2700,2,1012,0,0,58,3712,0,0,58,3712,California
Yolo,2021-01-02,70,3782,27,2727,43,1055,0,0,70,3782,0,0,70,3782,California
Yolo,2021-01-03,44,3826,19,2746,25,1080,0,0,44,3826,0,0,44,3826,California
Yolo,2021-01-04,193,4019,41,2787,152,1232,0,0,193,4019,0,0,193,4019,California
Yolo,2021-01-05,617,4636,235,3022,382,1614,0,0,555,4512,62,62,555,4574,California
Yolo,2021-01-06,486,5122,185,3207,301,1915,0,0,347,4720,139,201,347,4921,California
Yolo,2021-01-07,713,5835,236,3443,477,2392,0,0,519,5046,193,394,519,5440,California
Yolo,2021-01-08,634,6469,313,3756,321,2713,0,0,408,5229,225,619,408,5848,California
Yolo,2021-01-09,411,6880,71,3827,340,3053,0,0,365,5548,46,665,365,6213,California
Yolo,2021-01-10,394,7274,80,3907,314,3367,0,0,324,5802,70,735,324,6537,California
Yolo,2021-01-11,564,7838,328,4235,236,3603,0,0,290,5820,274,1009,292,6829,California
Yolo,2021-01-12,567,8405,445,4680,122,3725,0,0,196,5646,371,1380,197,7026,California
Yolo,2021-01-13,776,9181,314,4994,462,4187,0,0,522,5914,254,1634,522,7548,California
Yolo,2021-01-14,382,9563,184,5178,198,4385,0,0,277,6086,105,1739,277,7825,California
Yolo,2021-01-15,632,10195,323,5501,309,4694,0,0,551,6557,81,1820,552,8377,California
Yolo,2021-01-16,745,10940,96,5597,649,5343,0,0,714,7240,31,1851,714,9091,California
Yolo,2021-01-17,192,11132,121,5718,71,5414,0,0,185,7418,7,1858,185,9276,California
Yolo,2021-01-18,484,11616,305,6023,179,5593,0,0,379,7692,105,1963,379,9655,California
Yolo,2021-01-19,559,12175,372,6395,187,5780,0,0,382,7897,177,2140,382,10037,California
Yolo,2021-01-20,663,12838,383,6778,280,6060,0,0,475,8185,187,2327,475,10512,California
Yolo,2021-01-21,649,13487,384,7162,265,6325,0,0,460,8456,189,2516,460,10972,California
Yolo,2021-01-22,756,14243,254,7416,502,6827,0,0,639,8980,115,2631,639,11611,California
Yolo,2021-01-23,624,14867,125,7541,499,7326,0,0,575,9506,49,2680,575,12186,California
Yolo,2021-01-24,208,15075,123,7664,85,7411,0,0,167,9632,41,2721,167,12353,California
Yolo,2021-01-25,737,15812,159,7823,578,7989,0,0,513,9921,224,2945,513,12866,California
Yolo,2021-01-26,829,16641,326,8149,503,8492,0,0,435,9962,394,3339,435,13301,California
Yolo,2021-01-27,683,17324,230,8379,453,8945,0,0,399,10077,284,3623,399,13700,California
Yolo,2021-01-28,1053,18377,567,8946,486,9431,0,0,927,10879,125,3748,927,14627,California
Yolo,2021-01-29,918,19295,267,9213,651,10082,0,0,833,11628,84,3832,833,15460,California
Yolo,2021-01-30,1530,20825,923,10136,607,10689,0,0,1410,12924,114,3946,1410,16870,California
Yolo,2021-01-31,240,21065,202,10338,38,10727,0,0,211,13107,28,3974,211,17081,California
Yolo,2021-02-01,858,21923,367,10705,491,11218,0,0,619,13491,235,4209,619,17700,California
Yolo,2021-02-02,1354,23277,756,11461,598,11816,0,0,935,14008,419,4628,936,18636,California
Yolo,2021-02-03,1531,24808,399,11860,1132,12948,0,0,1188,14856,340,4968,1188,19824,California
Yolo,2021-02-04,1809,26617,285,12145,1524,14472,0,0,1255,15569,543,5511,1256,21080,California
Yolo,2021-02-05,1613,28230,916,13061,697,15169,0,0,1208,16374,404,5915,1209,22289,California
Yolo,2021-02-06,1926,30156,1255,14316,671,15840,0,0,1563,17575,363,6278,1564,23853,California
Yolo,2021-02-07,523,30679,252,14568,271,16111,0,0,172,17397,350,6628,172,24025,California
Yolo,2021-02-08,952,31631,335,14903,617,16728,0,0,605,17658,344,6972,605,24630,California
Yolo,2021-02-09,860,32491,386,15289,474,17202,0,0,573,17944,287,7259,573,25203,California
Yolo,2021-02-10,1478,33969,483,15772,995,18197,0,0,831,18130,647,7906,833,26036,California
Yolo,2021-02-11,1582,35551,809,16581,773,18970,0,0,1186,18922,394,8300,1186,27222,California
Yolo,2021-02-12,1935,37486,761,17342,1174,20144,0,0,1451,19894,480,8780,1452,28674,California
Yolo,2021-02-13,2060,39546,714,18056,1346,21490,0,0,1385,20604,675,9455,1385,30059,California
Yolo,2021-02-14,574,40120,155,18211,419,21909,0,0,447,20925,126,9581,447,30506,California
Yolo,2021-02-15,534,40654,192,18403,342,22251,0,0,265,20922,269,9850,266,30772,California
Yolo,2021-02-16,1138,41792,427,18830,711,22962,0,0,811,21407,327,10177,812,31584,California
Yolo,2021-02-17,1393,43185,702,19532,691,23653,0,0,991,21996,402,10579,991,32575,California
Yolo,2021-02-18,2501,45686,818,20350,1683,25336,0,0,1723,22943,777,11356,1724,34299,California
Yolo,2021-02-19,1761,47447,754,21104,1007,26343,0,0,1133,23450,626,11982,1133,35432,California
Yolo,2021-02-20,2463,49910,957,22061,1506,27849,0,0,1372,23738,1085,13067,1373,36805,California
Yolo,2021-02-21,293,50203,231,22292,62,27911,0,0,80,23606,212,13279,80,36885,California
Yolo,2021-02-22,1374,51577,600,22892,774,28685,0,0,695,23623,678,13957,695,37580,California
Yolo,2021-02-23,1148,52725,856,23748,292,28977,0,0,442,23361,704,14661,442,38022,California
Yolo,2021-02-24,2098,54823,597,24345,1501,30478,0,0,1385,24035,711,15372,1385,39407,California
Yolo,2021-02-25,1398,56221,495,24840,903,31381,0,0,922,24482,475,15847,922,40329,California
Yolo,2021-02-26,2655,58876,1044,25884,1611,32992,0,0,1386,24602,1266,17113,1386,41715,California
Yolo,2021-02-27,1690,60566,781,26665,909,33901,0,0,1235,25382,455,17568,1235,42950,California
Yolo,2021-02-28,1825,62391,1524,28189,301,34202,0,0,709,24978,1114,18682,710,43660,California
Yolo,2021-03-01,1149,63540,378,28567,771,34973,0,0,693,25217,454,19136,693,44353,California
Yolo,2021-03-02,1485,65025,703,29270,782,35755,0,0,951,25634,534,19670,951,45304,California
Yolo,2021-03-03,1876,66901,650,29920,1226,36981,0,0,849,25458,1025,20695,849,46153,California
Yolo,2021-03-04,2933,69834,1470,31390,1463,38444,0,0,1566,25660,1364,22059,1566,47719,California
Yolo,2021-03-05,2368,72202,1411,32801,946,39390,11,11,1473,26250,894,22953,1484,49203,California
Yolo,2021-03-06,1491,73693,1136,33937,326,39716,29,40,850,26491,638,23591,879,50082,California
Yolo,2021-03-07,918,74611,680,34617,224,39940,14,54,782,27151,136,23727,796,50878,California
Yolo,2021-03-08,1104,75715,494,35111,567,40507,43,97,773,27638,330,24057,817,51695,California
Yolo,2021-03-09,1279,76994,691,35802,525,41032,63,160,784,27992,493,24550,847,52542,California
Yolo,2021-03-10,1825,78819,1061,36863,472,41504,292,452,758,27973,1062,25612,1043,53585,California
Yolo,2021-03-11,2353,81172,1603,38466,684,42188,66,518,1610,28908,742,26354,1677,55262,California
Yolo,2021-03-12,2923,84095,1360,39826,1482,43670,81,599,1378,28831,1537,27891,1460,56722,California
Yolo,2021-03-13,1850,85945,735,40561,939,44609,176,775,1003,29166,844,28735,1179,57901,California
Yolo,2021-03-14,1016,86961,213,40774,652,45261,151,926,525,29346,490,29225,670,58571,California
Yolo,2021-03-15,1323,88284,768,41542,376,45637,179,1105,709,29619,612,29837,885,59456,California
Yolo,2021-03-16,1884,90168,724,42266,1088,46725,72,1177,1116,30039,768,30605,1188,60644,California
Yolo,2021-03-17,2528,92696,988,43254,1467,48192,73,1250,1733,31084,792,31397,1837,62481,California
Yolo,2021-03-18,3044,95740,1040,44294,1778,49970,226,1476,1260,30790,1780,33177,1486,63967,California
Yolo,2021-03-19,2105,97845,877,45171,1159,51129,69,1545,1086,30932,1013,34190,1155,65122,California
Yolo,2021-03-20,2780,100625,821,45992,1917,53046,42,1587,1096,30394,1678,35868,1140,66262,California
Yolo,2021-03-21,317,100942,215,46207,94,53140,8,1595,209,30504,107,35975,217,66479,California
Yolo,2021-03-22,1409,102351,496,46703,855,53995,58,1653,922,30999,484,36459,979,67458,California
Yolo,2021-03-23,1762,104113,950,47653,755,54750,57,1710,1084,31462,677,37136,1140,68598,California
Yolo,2021-03-24,2884,106997,1408,49061,1426,56176,50,1760,1399,31440,1472,38608,1450,70048,California
Yolo,2021-03-25,2558,109555,1422,50483,1107,57283,29,1789,1260,31442,1287,39895,1289,71337,California
Yolo,2021-03-26,2412,111967,1265,51748,1127,58410,20,1809,1026,31108,1379,41274,1045,72382,California
Yolo,2021-03-27,1660,113627,458,52206,1184,59594,18,1827,753,30973,906,42180,771,73153,California
Yolo,2021-03-28,1109,114736,866,53072,224,59818,19,1846,255,30396,850,43030,273,73426,California
Yolo,2021-03-29,2029,116765,824,53896,1175,60993,30,1876,965,30331,1060,44090,995,74421,California
Yolo,2021-03-30,2289,119054,1086,54982,1181,62174,22,1898,1170,30410,1114,45204,1193,75614,California
Yolo,2021-03-31,2356,121410,1227,56209,1092,63266,37,1935,1179,30450,1176,46380,1216,76830,California
Yolo,2021-04-01,3854,125264,1863,58072,1515,64781,476,2411,1609,30292,2242,48622,2084,78914,California
Yolo,2021-04-02,3405,128669,1526,59598,1733,66514,146,2557,2108,31255,1291,49913,2254,81168,California
Yolo,2021-04-03,1826,130495,1104,60702,501,67015,221,2778,807,31265,1018,50931,1028,82196,California
Yolo,2021-04-04,395,130890,157,60859,177,67192,61,2839,147,31225,248,51179,208,82404,California
Yolo,2021-04-05,1921,132811,738,61597,1083,68275,100,2939,1020,31450,896,52075,1121,83525,California
Yolo,2021-04-06,2589,135400,1318,62915,1101,69376,170,3109,1308,31656,1271,53346,1477,85002,California
Yolo,2021-04-07,2991,138391,1518,64433,1117,70493,356,3465,1922,32874,1064,54410,2282,87284,California
Yolo,2021-04-08,2429,140820,1008,65441,946,71439,475,3940,1030,32979,1396,55806,1501,88785,California
Yolo,2021-04-09,2598,143418,922,66363,1095,72534,581,4521,855,32667,1740,57546,1428,90213,California
Yolo,2021-04-10,1763,145181,830,67193,750,73284,183,4704,1041,33172,718,58264,1223,91436,California
Yolo,2021-04-11,895,146076,286,67479,565,73849,44,4748,369,33061,523,58787,412,91848,California
Yolo,2021-04-12,1773,147849,529,68008,1102,74951,142,4890,1099,33632,671,59458,1242,93090,California
Yolo,2021-04-13,1993,149842,920,68928,1073,76024,0,4890,1047,33734,945,60403,1047,94137,California
Yolo,2021-04-14,2803,152645,773,69701,2030,78054,0,4890,1381,33699,1416,61819,1381,95518,California
Yolo,2021-04-15,3350,155995,1139,70840,2211,80265,0,4890,2294,34943,1050,62869,2294,97812,California
Yolo,2021-04-16,3096,159091,1997,72837,1099,81364,0,4890,1981,35817,1107,63976,1981,99793,California
Yolo,2021-04-17,1627,160718,479,73316,1148,82512,0,4890,848,35890,775,64751,848,100641,California
Yolo,2021-04-18,648,161366,320,73636,328,82840,0,4890,363,35972,281,65032,363,101004,California
Yolo,2021-04-19,1690,163056,729,74365,960,83800,1,4891,780,35848,905,65937,781,101785,California
Yolo,2021-04-20,2057,165113,1058,75423,999,84799,0,4891,1091,35975,964,66901,1091,102876,California
Yolo,2021-04-21,2066,167179,1059,76482,1007,85806,0,4891,1114,36142,947,67848,1114,103990,California
Yolo,2021-04-22,1985,169164,914,77396,1071,86877,0,4891,981,36126,998,68846,982,104972,California
Yolo,2021-04-23,2649,171813,1561,78957,1088,87965,0,4891,1164,35816,1474,70320,1164,106136,California
Yolo,2021-04-24,1173,172986,647,79604,523,88488,3,4894,462,35578,703,71023,465,106601,California
Yolo,2021-04-25,950,173936,406,80010,544,89032,0,4894,728,36085,221,71244,728,107329,California
Yolo,2021-04-26,1244,175180,497,80507,744,89776,3,4897,528,35904,713,71957,532,107861,California
Yolo,2021-04-27,1561,176741,735,81242,807,90583,19,4916,609,35582,952,72909,630,108491,California
Yolo,2021-04-28,2068,178809,1028,82270,1013,91596,27,4943,750,35045,1314,74223,777,109268,California
Yolo,2021-04-29,1790,180599,854,83124,853,92449,83,5026,710,34760,1076,75299,791,110059,California
Yolo,2021-04-30,2029,182628,1011,84135,959,93408,59,5085,972,34740,1050,76349,1030,111089,California
Yolo,2021-05-01,1286,183914,997,85132,269,93677,20,5105,377,34229,908,77257,397,111486,California
Yolo,2021-05-02,522,184436,428,85560,71,93748,23,5128,324,34378,198,77455,347,111833,California
Yolo,2021-05-03,1121,185557,405,85965,682,94430,34,5162,300,33892,819,78274,333,112166,California
Yolo,2021-05-04,1472,187029,686,86651,761,95191,25,5187,510,33469,958,79232,535,112701,California
Yolo,2021-05-05,1589,188618,456,87107,1067,96258,66,5253,460,32873,1122,80354,526,113227,California
Yolo,2021-05-06,1522,190140,709,87816,731,96989,82,5335,500,32447,1008,81362,582,113809,California
Yolo,2021-05-07,2319,192459,1396,89212,872,97861,51,5386,465,31115,1846,83208,514,114323,California
Yolo,2021-05-08,843,193302,369,89581,418,98279,56,5442,318,30965,522,83730,372,114695,California
Yolo,2021-05-09,395,193697,164,89745,218,98497,13,5455,88,30760,306,84036,101,114796,California
Yolo,2021-05-10,900,194597,355,90100,500,98997,45,5500,151,30208,747,84783,195,114991,California
Yolo,2021-05-11,1146,195743,664,90764,460,99457,22,5522,276,29640,866,85649,298,115289,California
Yolo,2021-05-12,1576,197319,709,91473,834,100291,33,5555,308,28719,1265,86914,344,115633,California
Yolo,2021-05-13,2179,199498,859,92332,1265,101556,55,5610,646,27891,1529,88443,701,116334,California
Yolo,2021-05-14,2034,201532,1517,93849,486,102042,31,5641,1151,28193,880,89323,1182,117516,California
Yolo,2021-05-15,1277,202809,733,94582,497,102539,47,5688,660,28283,617,89940,707,118223,California
Yolo,2021-05-16,1411,204220,1200,95782,204,102743,7,5695,987,28858,419,90359,994,119217,California
Yolo,2021-05-17,1084,205304,393,96175,673,103416,18,5713,313,28422,767,91126,331,119548,California
Yolo,2021-05-18,1691,206995,1108,97283,561,103977,22,5735,912,28582,774,91900,934,120482,California
Yolo,2021-05-19,1007,208002,586,97869,382,104359,39,5774,483,28582,522,92422,522,121004,California
Yolo,2021-05-20,1094,209096,697,98566,371,104730,26,5800,380,28280,708,93130,406,121410,California
Yolo,2021-05-21,1440,210536,931,99497,482,105212,27,5827,361,27597,1073,94203,390,121800,California
Yolo,2021-05-22,822,211358,540,100037,274,105486,8,5835,280,27350,536,94739,289,122089,California
Yolo,2021-05-23,612,211970,161,100198,435,105921,16,5851,105,26966,506,95245,122,122211,California
Yolo,2021-05-24,703,212673,347,100545,336,106257,20,5871,218,26723,482,95727,239,122450,California
Yolo,2021-05-25,883,213556,510,101055,350,106607,23,5894,341,26551,536,96263,364,122814,California
Yolo,2021-05-26,821,214377,271,101326,517,107124,33,5927,251,26269,566,96829,284,123098,California
Yolo,2021-05-27,761,215138,382,101708,328,107452,51,5978,305,26173,452,97281,356,123454,California
Yolo,2021-05-28,878,216016,400,102108,449,107901,29,6007,377,26081,497,97778,405,123859,California
Yolo,2021-05-29,599,216615,347,102455,216,108117,36,6043,271,26063,326,98104,308,124167,California
Yolo,2021-05-30,135,216750,70,102525,58,108175,7,6050,54,26045,79,98183,61,124228,California
Yolo,2021-05-31,68,216818,19,102544,47,108222,2,6052,16,26010,52,98235,17,124245,California
Yolo,2021-06-01,757,217575,327,102871,405,108627,25,6077,246,25789,505,98740,284,124529,California
Yolo,2021-06-02,763,218338,306,103177,436,109063,21,6098,235,25522,525,99265,258,124787,California
Yolo,2021-06-03,930,219268,592,103769,314,109377,24,6122,216,25051,711,99976,240,125027,California
Yolo,2021-06-04,1495,220763,1216,104985,256,109633,23,6145,381,24344,1110,101086,403,125430,California
Yolo,2021-06-05,716,221479,545,105530,154,109787,17,6162,147,23941,569,101655,166,125596,California
Yolo,2021-06-06,1109,222588,1045,106575,57,109844,7,6169,177,23194,931,102586,184,125780,California
Yolo,2021-06-07,516,223104,271,106846,226,110070,19,6188,175,23051,337,102923,194,125974,California
Yolo,2021-06-08,1044,224148,814,107660,212,110282,18,6206,203,22432,840,103763,221,126195,California
Yolo,2021-06-09,792,224940,492,108152,269,110551,31,6237,260,22193,529,104292,290,126485,California
Yolo,2021-06-10,571,225511,361,108513,177,110728,33,6270,168,21994,401,104693,202,126687,California
Yolo,2021-06-11,654,226165,447,108960,183,110911,24,6294,196,21758,456,105149,220,126907,California
Yolo,2021-06-12,483,226648,279,109239,179,111090,25,6319,147,21596,334,105483,172,127079,California
Yolo,2021-06-13,155,226803,116,109355,38,111128,1,6320,64,21572,90,105573,66,127145,California
Yolo,2021-06-14,410,227213,253,109608,124,111252,33,6353,137,21471,272,105845,171,127316,California
Yolo,2021-06-15,773,227986,399,110007,348,111600,26,6379,302,21331,468,106313,328,127644,California
Yolo,2021-06-16,472,228458,239,110246,191,111791,42,6421,166,21233,304,106617,206,127850,California
Yolo,2021-06-17,496,228954,316,110562,125,111916,55,6476,172,21138,322,106939,227,128077,California
Yolo,2021-06-18,548,229502,391,110953,135,112051,22,6498,208,21030,337,107276,229,128306,California
Yolo,2021-06-19,319,229821,205,111158,98,112149,16,6514,115,20957,204,107480,131,128437,California
Yolo,2021-06-20,114,229935,74,111232,36,112185,4,6518,62,20974,50,107530,67,128504,California
Yolo,2021-06-21,198,230133,88,111320,98,112283,12,6530,111,21011,86,107616,123,128627,California
Yolo,2021-06-22,522,230655,296,111616,209,112492,17,6547,247,21002,273,107889,264,128891,California
Yolo,2021-06-23,364,231019,205,111821,143,112635,16,6563,145,20947,216,108105,161,129052,California
Yolo,2021-06-24,379,231398,241,112062,101,112736,37,6600,165,20936,213,108318,202,129254,California
Yolo,2021-06-25,406,231804,291,112353,73,112809,42,6642,116,20804,290,108608,158,129412,California
Yuba,2020-12-16,4,4,4,4,0,0,0,0,4,4,0,0,4,4,California
Yuba,2020-12-17,4,8,4,8,0,0,0,0,4,8,0,0,4,8,California
Yuba,2020-12-18,8,16,8,16,0,0,0,0,8,16,0,0,8,16,California
Yuba,2020-12-19,12,28,12,28,0,0,0,0,12,28,0,0,12,28,California
Yuba,2020-12-20,19,47,19,47,0,0,0,0,19,47,0,0,19,47,California
Yuba,2020-12-21,41,88,41,88,0,0,0,0,41,88,0,0,41,88,California
Yuba,2020-12-22,86,174,86,174,0,0,0,0,86,174,0,0,86,174,California
Yuba,2020-12-23,65,239,63,237,2,2,0,0,65,239,0,0,65,239,California
Yuba,2020-12-24,20,259,10,247,10,12,0,0,20,259,0,0,20,259,California
Yuba,2020-12-25,1,260,1,248,0,12,0,0,1,260,0,0,1,260,California
Yuba,2020-12-26,13,273,12,260,1,13,0,0,13,273,0,0,13,273,California
Yuba,2020-12-27,15,288,15,275,0,13,0,0,15,288,0,0,15,288,California
Yuba,2020-12-28,51,339,35,310,16,29,0,0,51,339,0,0,51,339,California
Yuba,2020-12-29,75,414,10,320,65,94,0,0,75,414,0,0,75,414,California
Yuba,2020-12-30,63,477,20,340,43,137,0,0,63,477,0,0,63,477,California
Yuba,2020-12-31,40,517,7,347,33,170,0,0,40,517,0,0,40,517,California
Yuba,2021-01-02,23,540,22,369,1,171,0,0,23,540,0,0,23,540,California
Yuba,2021-01-03,10,550,6,375,4,175,0,0,10,550,0,0,10,550,California
Yuba,2021-01-04,92,642,23,398,69,244,0,0,92,642,0,0,92,642,California
Yuba,2021-01-05,71,713,39,437,32,276,0,0,70,711,1,1,70,712,California
Yuba,2021-01-06,154,867,76,513,78,354,0,0,148,853,6,7,148,860,California
Yuba,2021-01-07,74,941,19,532,55,409,0,0,71,920,4,11,71,931,California
Yuba,2021-01-08,73,1014,24,556,49,458,0,0,66,979,7,18,66,997,California
Yuba,2021-01-09,19,1033,16,572,3,461,0,0,11,982,8,26,11,1008,California
Yuba,2021-01-10,117,1150,22,594,95,556,0,0,95,1055,22,48,95,1103,California
Yuba,2021-01-11,73,1223,50,644,23,579,0,0,33,1048,40,88,33,1136,California
Yuba,2021-01-12,109,1332,79,723,30,609,0,0,44,1027,65,153,44,1180,California
Yuba,2021-01-13,119,1451,72,795,47,656,0,0,54,1017,64,217,54,1234,California
Yuba,2021-01-14,113,1564,43,838,70,726,0,0,101,1106,12,229,101,1335,California
Yuba,2021-01-15,203,1767,85,923,118,844,0,0,193,1289,10,239,193,1528,California
Yuba,2021-01-16,186,1953,21,944,165,1009,0,0,174,1450,13,252,174,1702,California
Yuba,2021-01-17,13,1966,9,953,4,1013,0,0,7,1451,6,258,7,1709,California
Yuba,2021-01-18,61,2027,32,985,29,1042,0,0,36,1462,25,283,36,1745,California
Yuba,2021-01-19,80,2107,30,1015,50,1092,0,0,65,1512,15,298,65,1810,California
Yuba,2021-01-20,135,2242,88,1103,47,1139,0,0,112,1601,23,321,112,1922,California
Yuba,2021-01-21,221,2463,103,1206,118,1257,0,0,211,1802,10,331,211,2133,California
Yuba,2021-01-22,106,2569,6,1212,100,1357,0,0,97,1890,9,340,97,2230,California
Yuba,2021-01-23,199,2768,7,1219,192,1549,0,0,197,2085,2,342,197,2427,California
Yuba,2021-01-24,10,2778,7,1226,3,1552,0,0,8,2091,2,344,8,2435,California
Yuba,2021-01-25,86,2864,30,1256,56,1608,0,0,53,2112,32,376,53,2488,California
Yuba,2021-01-26,150,3014,41,1297,109,1717,0,0,91,2144,59,435,91,2579,California
Yuba,2021-01-27,185,3199,129,1426,56,1773,0,0,117,2193,68,503,117,2696,California
Yuba,2021-01-28,227,3426,89,1515,138,1911,0,0,176,2318,51,554,176,2872,California
Yuba,2021-01-29,150,3576,46,1561,104,2015,0,0,111,2390,39,593,111,2983,California
Yuba,2021-01-30,409,3985,23,1584,386,2401,0,0,398,2777,11,604,398,3381,California
Yuba,2021-01-31,18,4003,12,1596,6,2407,0,0,16,2791,2,606,16,3397,California
Yuba,2021-02-01,154,4157,74,1670,80,2487,0,0,130,2899,23,629,131,3528,California
Yuba,2021-02-02,128,4285,23,1693,105,2592,0,0,104,2979,24,653,104,3632,California
Yuba,2021-02-03,228,4513,30,1723,198,2790,0,0,116,2984,111,764,116,3748,California
Yuba,2021-02-04,297,4810,120,1843,177,2967,0,0,252,3191,45,809,252,4000,California
Yuba,2021-02-05,147,4957,32,1875,115,3082,0,0,71,3186,76,885,71,4071,California
Yuba,2021-02-06,450,5407,26,1901,424,3506,0,0,442,3620,8,893,442,4513,California
Yuba,2021-02-07,20,5427,13,1914,7,3513,0,0,16,3632,4,897,16,4529,California
Yuba,2021-02-08,97,5524,34,1948,63,3576,0,0,65,3665,32,929,65,4594,California
Yuba,2021-02-09,155,5679,56,2004,99,3675,0,0,85,3680,70,999,85,4679,California
Yuba,2021-02-10,361,6040,176,2180,185,3860,0,0,120,3562,238,1237,120,4799,California
Yuba,2021-02-11,405,6445,68,2248,337,4197,0,0,303,3765,100,1337,303,5102,California
Yuba,2021-02-12,269,6714,28,2276,241,4438,0,0,152,3800,117,1454,152,5254,California
Yuba,2021-02-13,437,7151,36,2312,401,4839,0,0,387,4137,50,1504,387,5641,California
Yuba,2021-02-14,52,7203,10,2322,42,4881,0,0,47,4179,5,1509,47,5688,California
Yuba,2021-02-15,89,7292,36,2358,53,4934,0,0,69,4228,20,1529,69,5757,California
Yuba,2021-02-16,202,7494,54,2412,148,5082,0,0,143,4313,58,1587,143,5900,California
Yuba,2021-02-17,376,7870,156,2568,220,5302,0,0,99,4136,276,1863,99,5999,California
Yuba,2021-02-18,322,8192,48,2616,274,5576,0,0,195,4204,127,1990,195,6194,California
Yuba,2021-02-19,227,8419,82,2698,145,5721,0,0,142,4261,85,2075,142,6336,California
Yuba,2021-02-20,393,8812,31,2729,362,6083,0,0,338,4544,55,2130,338,6674,California
Yuba,2021-02-21,17,8829,14,2743,3,6086,0,0,7,4541,10,2140,7,6681,California
Yuba,2021-02-22,128,8957,79,2822,49,6135,0,0,39,4492,88,2228,39,6720,California
Yuba,2021-02-23,116,9073,25,2847,91,6226,0,0,48,4474,67,2295,49,6769,California
Yuba,2021-02-24,484,9557,137,2984,347,6573,0,0,108,4206,376,2671,108,6877,California
Yuba,2021-02-25,346,9903,140,3124,206,6779,0,0,216,4292,130,2801,216,7093,California
Yuba,2021-02-26,261,10164,69,3193,192,6971,0,0,145,4323,114,2915,145,7238,California
Yuba,2021-02-27,473,10637,47,3240,426,7397,0,0,385,4622,86,3001,385,7623,California
Yuba,2021-02-28,72,10709,23,3263,49,7446,0,0,48,4646,24,3025,48,7671,California
Yuba,2021-03-01,161,10870,42,3305,119,7565,0,0,81,4648,79,3104,81,7752,California
Yuba,2021-03-02,160,11030,36,3341,124,7689,0,0,80,4648,80,3184,80,7832,California
Yuba,2021-03-03,628,11658,160,3501,468,8157,0,0,201,4423,426,3610,201,8033,California
Yuba,2021-03-04,470,12128,273,3774,197,8354,0,0,327,4608,142,3752,327,8360,California
Yuba,2021-03-05,323,12451,61,3835,261,8615,1,1,255,4796,68,3820,256,8616,California
Yuba,2021-03-06,475,12926,35,3870,436,9051,4,5,368,5062,106,3926,372,8988,California
Yuba,2021-03-07,51,12977,28,3898,22,9073,1,6,36,5084,15,3941,37,9025,California
Yuba,2021-03-08,158,13135,48,3946,94,9167,16,22,99,5140,59,4000,115,9140,California
Yuba,2021-03-09,178,13313,47,3993,111,9278,20,42,84,5150,94,4094,104,9244,California
Yuba,2021-03-10,737,14050,235,4228,472,9750,30,72,234,4911,503,4597,264,9508,California
Yuba,2021-03-11,436,14486,196,4424,228,9978,12,84,293,5073,143,4740,305,9813,California
Yuba,2021-03-12,463,14949,87,4511,323,10301,53,137,151,4965,312,5052,204,10017,California
Yuba,2021-03-13,457,15406,338,4849,104,10405,15,152,359,5242,97,5149,374,10391,California
Yuba,2021-03-14,107,15513,21,4870,76,10481,10,162,46,5239,59,5208,56,10447,California
Yuba,2021-03-15,193,15706,50,4920,127,10608,16,178,98,5258,95,5303,114,10561,California
Yuba,2021-03-16,296,16002,72,4992,200,10808,24,202,184,5355,111,5414,208,10769,California
Yuba,2021-03-17,748,16750,164,5156,553,11361,31,233,197,5035,548,5962,228,10997,California
Yuba,2021-03-18,588,17338,161,5317,314,11675,113,346,357,5273,231,6193,469,11466,California
Yuba,2021-03-19,333,17671,120,5437,159,11834,54,400,187,5368,145,6338,240,11706,California
Yuba,2021-03-20,552,18223,80,5517,454,12288,18,418,472,5779,79,6417,490,12196,California
Yuba,2021-03-21,61,18284,36,5553,25,12313,0,418,48,5814,13,6430,48,12244,California
Yuba,2021-03-22,191,18475,70,5623,114,12427,7,425,149,5928,42,6472,156,12400,California
Yuba,2021-03-23,264,18739,79,5702,159,12586,26,451,178,6048,84,6556,204,12604,California
Yuba,2021-03-24,772,19511,255,5957,436,13022,81,532,187,5733,583,7139,268,12872,California
Yuba,2021-03-25,507,20018,270,6227,215,13237,22,554,254,5756,253,7392,276,13148,California
Yuba,2021-03-26,399,20417,144,6371,226,13463,29,583,226,5839,172,7564,255,13403,California
Yuba,2021-03-27,460,20877,28,6399,429,13892,3,586,405,6192,54,7618,407,13810,California
Yuba,2021-03-28,101,20978,42,6441,55,13947,4,590,34,6163,67,7685,38,13848,California
Yuba,2021-03-29,296,21274,86,6527,178,14125,32,622,179,6257,117,7802,211,14059,California
Yuba,2021-03-30,274,21548,69,6596,197,14322,8,630,189,6369,85,7887,197,14256,California
Yuba,2021-03-31,677,22225,115,6711,550,14872,12,642,244,6194,431,8318,256,14512,California
Yuba,2021-04-01,627,22852,290,7001,307,15179,30,672,292,6181,335,8653,322,14834,California
Yuba,2021-04-02,502,23354,95,7096,324,15503,83,755,185,6132,316,8969,267,15101,California
Yuba,2021-04-03,654,24008,55,7151,117,15620,482,1237,87,6135,566,9535,569,15670,California
Yuba,2021-04-04,59,24067,10,7161,42,15662,7,1244,32,6147,27,9562,39,15709,California
Yuba,2021-04-05,245,24312,79,7240,145,15807,21,1265,124,6172,119,9681,144,15853,California
Yuba,2021-04-06,358,24670,115,7355,182,15989,61,1326,173,6221,184,9865,233,16086,California
Yuba,2021-04-07,787,25457,407,7762,327,16316,53,1379,359,6207,425,10290,411,16497,California
Yuba,2021-04-08,753,26210,291,8053,197,16513,265,1644,282,6283,470,10760,546,17043,California
Yuba,2021-04-09,406,26616,173,8226,166,16679,67,1711,171,6287,234,10994,238,17281,California
Yuba,2021-04-10,594,27210,72,8298,74,16753,448,2159,71,6284,521,11515,518,17799,California
Yuba,2021-04-11,103,27313,25,8323,66,16819,12,2171,44,6282,58,11573,56,17855,California
Yuba,2021-04-12,212,27525,45,8368,137,16956,30,2201,80,6260,131,11704,109,17964,California
Yuba,2021-04-13,400,27925,104,8472,296,17252,0,2201,203,6267,196,11900,203,18167,California
Yuba,2021-04-14,715,28640,109,8581,606,17858,0,2201,128,5809,586,12486,128,18295,California
Yuba,2021-04-15,346,28986,135,8716,211,18069,0,2201,150,5763,196,12682,150,18445,California
Yuba,2021-04-16,342,29328,100,8816,242,18311,0,2201,181,5785,159,12841,181,18626,California
Yuba,2021-04-17,406,29734,60,8876,346,18657,0,2201,334,6048,71,12912,334,18960,California
Yuba,2021-04-18,64,29798,19,8895,45,18702,0,2201,32,6049,31,12943,32,18992,California
Yuba,2021-04-19,247,30045,102,8997,145,18847,0,2201,104,6010,143,13086,104,19096,California
Yuba,2021-04-20,341,30386,103,9100,238,19085,0,2201,187,6047,151,13237,188,19284,California
Yuba,2021-04-21,741,31127,322,9422,419,19504,0,2201,321,5948,420,13657,321,19605,California
Yuba,2021-04-22,376,31503,153,9575,223,19727,0,2201,208,5988,168,13825,208,19813,California
Yuba,2021-04-23,363,31866,127,9702,236,19963,0,2201,174,5975,187,14012,174,19987,California
Yuba,2021-04-24,217,32083,69,9771,148,20111,0,2201,123,6004,94,14106,123,20110,California
Yuba,2021-04-25,72,32155,30,9801,42,20153,0,2201,35,6002,37,14143,35,20145,California
Yuba,2021-04-26,247,32402,66,9867,177,20330,4,2205,113,5985,134,14277,117,20262,California
Yuba,2021-04-27,489,32891,172,10039,307,20637,10,2215,243,5994,244,14521,253,20515,California
Yuba,2021-04-28,450,33341,189,10228,256,20893,5,2220,155,5865,289,14810,160,20675,California
Yuba,2021-04-29,453,33794,89,10317,363,21256,1,2221,162,5738,290,15100,163,20838,California
Yuba,2021-04-30,338,34132,100,10417,208,21464,30,2251,147,5726,189,15289,177,21015,California
Yuba,2021-05-01,206,34338,91,10508,96,21560,19,2270,92,5724,113,15402,111,21126,California
Yuba,2021-05-02,71,34409,40,10548,27,21587,4,2274,38,5733,33,15435,42,21168,California
Yuba,2021-05-03,164,34573,65,10613,90,21677,9,2283,51,5682,111,15546,60,21228,California
Yuba,2021-05-04,339,34912,107,10720,211,21888,21,2304,149,5662,190,15736,170,21398,California
Yuba,2021-05-05,333,35245,95,10815,231,22119,7,2311,117,5570,216,15952,124,21522,California
Yuba,2021-05-06,280,35525,103,10918,139,22258,38,2349,92,5515,185,16137,130,21652,California
Yuba,2021-05-07,351,35876,90,11008,233,22491,28,2377,114,5419,237,16374,141,21793,California
Yuba,2021-05-08,105,35981,32,11040,70,22561,3,2380,46,5409,59,16433,49,21842,California
Yuba,2021-05-09,54,36035,24,11064,27,22588,3,2383,33,5424,21,16454,36,21878,California
Yuba,2021-05-10,173,36208,56,11120,99,22687,18,2401,54,5378,118,16572,72,21950,California
Yuba,2021-05-11,384,36592,173,11293,197,22884,14,2415,139,5287,243,16815,152,22102,California
Yuba,2021-05-12,274,36866,144,11437,122,23006,8,2423,101,5223,173,16988,109,22211,California
Yuba,2021-05-13,364,37230,196,11633,125,23131,43,2466,111,5127,250,17238,154,22365,California
Yuba,2021-05-14,366,37596,138,11771,208,23339,20,2486,152,5084,214,17452,171,22536,California
Yuba,2021-05-15,435,38031,112,11883,302,23641,21,2507,112,4895,321,17773,132,22668,California
Yuba,2021-05-16,138,38169,44,11927,85,23726,9,2516,87,4941,50,17823,96,22764,California
Yuba,2021-05-17,217,38386,90,12017,107,23833,20,2536,91,4928,124,17947,111,22875,California
Yuba,2021-05-18,393,38779,162,12179,222,24055,9,2545,165,4874,228,18175,174,23049,California
Yuba,2021-05-19,260,39039,144,12323,110,24165,6,2551,128,4876,132,18307,134,23183,California
Yuba,2021-05-20,425,39464,297,12620,116,24281,12,2563,258,4980,166,18473,270,23453,California
Yuba,2021-05-21,517,39981,271,12891,238,24519,8,2571,306,5089,209,18682,318,23771,California
Yuba,2021-05-22,225,40206,120,13011,96,24615,9,2580,92,5057,133,18815,101,23872,California
Yuba,2021-05-23,64,40270,32,13043,30,24645,2,2582,34,5063,30,18845,36,23908,California
Yuba,2021-05-24,154,40424,46,13089,91,24736,17,2599,42,5012,111,18956,60,23968,California
Yuba,2021-05-25,317,40741,110,13199,190,24926,17,2616,113,4939,202,19158,129,24097,California
Yuba,2021-05-26,229,40970,97,13296,116,25042,16,2632,82,4891,146,19304,98,24195,California
Yuba,2021-05-27,245,41215,76,13372,158,25200,11,2643,96,4861,146,19450,116,24311,California
Yuba,2021-05-28,247,41462,110,13482,130,25330,7,2650,117,4862,128,19578,129,24440,California
Yuba,2021-05-29,163,41625,67,13549,74,25404,22,2672,87,4902,75,19653,115,24555,California
Yuba,2021-05-30,51,41676,21,13570,25,25429,5,2677,20,4896,31,19684,25,24580,California
Yuba,2021-05-31,31,41707,3,13573,21,25450,7,2684,11,4894,20,19704,18,24598,California
Yuba,2021-06-01,246,41953,107,13680,132,25582,7,2691,83,4826,159,19863,91,24689,California
Yuba,2021-06-02,201,42154,82,13762,112,25694,7,2698,61,4758,139,20002,71,24760,California
Yuba,2021-06-03,177,42331,103,13865,68,25762,6,2704,63,4715,113,20115,70,24830,California
Yuba,2021-06-04,243,42574,121,13986,113,25875,9,2713,81,4643,162,20277,90,24920,California
Yuba,2021-06-05,199,42773,150,14136,43,25918,6,2719,89,4629,109,20386,95,25015,California
Yuba,2021-06-06,106,42879,90,14226,13,25931,3,2722,24,4575,81,20467,27,25042,California
Yuba,2021-06-07,118,42997,50,14276,52,25983,16,2738,38,4549,80,20547,54,25096,California
Yuba,2021-06-08,243,43240,113,14389,123,26106,7,2745,70,4455,171,20718,77,25173,California
Yuba,2021-06-09,171,43411,104,14493,61,26167,6,2751,74,4439,96,20814,80,25253,California
Yuba,2021-06-10,377,43788,302,14795,66,26233,9,2760,94,4261,281,21095,103,25356,California
Yuba,2021-06-11,330,44118,235,15030,83,26316,12,2772,67,4078,263,21358,80,25436,California
Yuba,2021-06-12,132,44250,89,15119,37,26353,6,2778,37,4026,95,21453,43,25479,California
Yuba,2021-06-13,47,44297,22,15141,22,26375,3,2781,16,4014,31,21484,19,25498,California
Yuba,2021-06-14,112,44409,53,15194,48,26423,11,2792,34,3983,77,21561,46,25544,California
Yuba,2021-06-15,240,44649,98,15292,134,26557,8,2800,90,3933,148,21709,98,25642,California
Yuba,2021-06-16,153,44802,91,15383,51,26608,11,2811,72,3938,78,21787,83,25725,California
Yuba,2021-06-17,194,44996,113,15496,69,26677,12,2823,83,3922,111,21898,95,25820,California
Yuba,2021-06-18,223,45219,111,15607,90,26767,22,2845,70,3863,151,22049,92,25912,California
Yuba,2021-06-19,140,45359,71,15678,62,26829,7,2852,37,3804,103,22152,44,25956,California
Yuba,2021-06-20,33,45392,19,15697,11,26840,3,2855,13,3800,20,22172,16,25972,California
Yuba,2021-06-21,85,45477,38,15735,39,26879,8,2863,41,3808,40,22212,48,26020,California
Yuba,2021-06-22,172,45649,73,15808,89,26968,10,2873,69,3785,102,22314,79,26099,California
Yuba,2021-06-23,113,45762,65,15873,43,27011,5,2878,48,3773,65,22379,53,26152,California
Yuba,2021-06-24,117,45879,68,15941,43,27054,6,2884,53,3768,64,22443,59,26211,California
Yuba,2021-06-25,74,45953,32,15973,36,27090,6,2890,32,3764,42,22485,38,26249,California
