county,administered_date,total_doses,cumulative_total_doses,pfizer_doses,cumulative_pfizer_doses,moderna_doses,cumulative_moderna_doses,jj_doses,cumulative_jj_doses,partially_vaccinated,total_partially_vaccinated,fully_vaccinated,cumulative_fully_vaccinated,at_least_one_dose,cumulative_at_least_one_dose,california_flag
All CA Counties,2020-12-15,1136,1136,1136,1136,0,0,0,0,1136,1136,0,0,1136,1136,
All CA Counties,2020-12-16,8370,9506,8370,9506,0,0,0,0,8370,9506,0,0,8370,9506,
All CA Counties,2020-12-17,25814,35320,25814,35320,0,0,0,0,25816,35322,0,0,25816,35322,
All CA Counties,2020-12-18,43836,79156,43780,79100,56,56,0,0,43837,79159,0,0,43837,79159,
All CA Counties,2020-12-19,25314,104470,25290,104390,24,80,0,0,25313,104471,1,1,25313,104472,
All CA Counties,2020-12-20,18991,123461,18964,123354,27,107,0,0,18990,123460,1,2,18990,123462,
All CA Counties,2020-12-21,49586,173047,49502,172856,84,191,0,0,49588,173047,1,3,49588,173050,
All CA Counties,2020-12-22,49919,222966,47795,220651,2124,2315,0,0,49917,222963,1,4,49917,222967,
All CA Counties,2020-12-23,50481,273447,41728,262379,8753,11068,0,0,50477,273440,0,4,50477,273444,
All CA Counties,2020-12-24,24036,297483,16332,278711,7704,18772,0,0,24033,297472,1,5,24033,297477,
All CA Counties,2020-12-25,2338,299821,2017,280728,321,19093,0,0,2338,299810,0,5,2338,299815,
All CA Counties,2020-12-26,14618,314439,9440,290168,5178,24271,0,0,14617,314426,1,6,14617,314432,
All CA Counties,2020-12-27,9403,323842,5573,295741,3830,28101,0,0,9402,323827,1,7,9402,323834,
All CA Counties,2020-12-28,45798,369640,29394,325135,16404,44505,0,0,45796,369620,3,10,45796,369630,
All CA Counties,2020-12-29,50968,420608,28417,353552,22551,67056,0,0,50964,420581,3,13,50964,420594,
All CA Counties,2020-12-30,62848,483456,35508,389060,27340,94396,0,0,62840,483418,3,16,62840,483434,
All CA Counties,2020-12-31,29331,512787,10853,399913,18478,112874,0,0,29322,512734,6,22,29322,512756,
All CA Counties,2021-01-01,4097,516884,1818,401731,2279,115153,0,0,4093,516824,3,25,4093,516849,
All CA Counties,2021-01-02,18425,535309,10181,411912,8244,123397,0,0,18424,535248,0,25,18424,535273,
All CA Counties,2021-01-03,6162,541471,3488,415400,2674,126071,0,0,6133,541369,12,37,6133,541406,
All CA Counties,2021-01-04,43559,585030,22074,437474,21485,147556,0,0,43480,584807,42,79,43480,584886,
All CA Counties,2021-01-05,56457,641487,29750,467224,26707,174263,0,0,51002,630501,5399,5478,51093,635979,
All CA Counties,2021-01-06,73290,714777,40445,507669,32845,207108,0,0,57913,673248,15198,20676,57945,693924,
All CA Counties,2021-01-07,91924,806701,52268,559937,39656,246764,0,0,61275,704091,30481,51157,61324,755248,
All CA Counties,2021-01-08,106555,913256,64025,623962,42530,289294,0,0,65411,728553,41011,92168,65473,820721,
All CA Counties,2021-01-09,44226,957482,25470,649432,18756,308050,0,0,27718,739813,16484,108652,27744,848465,
All CA Counties,2021-01-10,24296,981778,14842,664274,9454,317504,0,0,13064,741679,11215,119867,13081,861546,
All CA Counties,2021-01-11,104335,1086113,69422,733696,34913,352417,0,0,60572,758697,43723,163590,60741,922287,
All CA Counties,2021-01-12,113344,1199457,67060,800756,46284,398701,0,0,72360,790383,40905,204495,72591,994878,
All CA Counties,2021-01-13,118955,1318412,61675,862431,57280,455981,0,0,85298,842187,33572,238067,85376,1080254,
All CA Counties,2021-01-14,123605,1442017,49539,911970,74066,530047,0,0,104050,926945,19451,257518,104209,1184463,
All CA Counties,2021-01-15,141615,1583632,51740,963710,89875,619922,0,0,126585,1038794,14937,272455,126786,1311249,
All CA Counties,2021-01-16,80313,1663945,27304,991014,53009,672931,0,0,72778,1104113,7509,279964,72828,1384077,
All CA Counties,2021-01-17,48071,1712016,16789,1007803,31282,704213,0,0,44438,1144972,3626,283590,44485,1428562,
All CA Counties,2021-01-18,88020,1800036,45933,1053736,42087,746300,0,0,68758,1194709,19188,302778,68925,1497487,
All CA Counties,2021-01-19,141661,1941697,73543,1127279,68118,814418,0,0,110568,1274596,31002,333780,110889,1608376,
All CA Counties,2021-01-20,159903,2101600,81760,1209039,78143,892561,0,0,126388,1367939,33299,367079,126642,1735018,
All CA Counties,2021-01-21,172982,2274582,76751,1285790,96231,988792,0,0,153926,1503360,18849,385928,154270,1889288,
All CA Counties,2021-01-22,169215,2443797,69123,1354913,100092,1088884,0,0,154972,1644362,14113,400041,155115,2044403,
All CA Counties,2021-01-23,111114,2554911,49413,1404326,61701,1150585,0,0,98635,1730688,12421,412462,98747,2143150,
All CA Counties,2021-01-24,60933,2615844,29471,1433797,31462,1182047,0,0,56296,1782434,4607,417069,56353,2199503,
All CA Counties,2021-01-25,144486,2760330,65327,1499124,79159,1261206,0,0,109500,1857423,34862,451931,109851,2309354,
All CA Counties,2021-01-26,168115,2928445,82692,1581816,85423,1346629,0,0,130804,1951301,37183,489114,131061,2440415,
All CA Counties,2021-01-27,179478,3107923,87661,1669477,91817,1438446,0,0,140451,2053247,38715,527829,140661,2581076,
All CA Counties,2021-01-28,187314,3295237,86324,1755801,100990,1539436,0,0,153326,2173073,33701,561530,153527,2734603,
All CA Counties,2021-01-29,182939,3478176,88102,1843903,94837,1634273,0,0,148457,2287774,33918,595448,148619,2883222,
All CA Counties,2021-01-30,123275,3601451,55618,1899521,67657,1701930,0,0,107922,2380644,15190,610638,108060,2991282,
All CA Counties,2021-01-31,68939,3670390,38627,1938148,30312,1732242,0,0,64185,2440178,4705,615343,64239,3055521,
All CA Counties,2021-02-01,161581,3831971,75922,2014070,85659,1817901,0,0,120971,2520816,40455,655798,121093,3176614,
All CA Counties,2021-02-02,184213,4016184,77644,2091714,106569,1924470,0,0,139997,2617087,43945,699743,140216,3316830,
All CA Counties,2021-02-03,210656,4226840,95485,2187199,115171,2039641,0,0,156411,2719987,53753,753496,156653,3473483,
All CA Counties,2021-02-04,227507,4454347,99700,2286899,127807,2167448,0,0,167056,2827476,59920,813416,167409,3640892,
All CA Counties,2021-02-05,245564,4699911,106253,2393152,139311,2306759,0,0,166978,2917143,77827,891243,167494,3808386,
All CA Counties,2021-02-06,154650,4854561,74796,2467948,79854,2386613,0,0,120010,3003163,34478,925721,120498,3928884,
All CA Counties,2021-02-07,66745,4921306,43158,2511106,23587,2410200,0,0,50348,3037640,16320,942041,50797,3979681,
All CA Counties,2021-02-08,180506,5101812,88791,2599897,91715,2501915,0,0,119198,3096688,60883,1002924,119931,4099612,
All CA Counties,2021-02-09,211112,5312924,102082,2701979,109030,2610945,0,0,126680,3140517,83987,1086911,127816,4227428,
All CA Counties,2021-02-10,248078,5561002,119545,2821524,128533,2739478,0,0,137830,3170375,109441,1196352,139299,4366727,
All CA Counties,2021-02-11,264975,5825977,131234,2952758,133741,2873219,0,0,144908,3198081,118981,1315333,146687,4513414,
All CA Counties,2021-02-12,271772,6097749,119157,3071915,152615,3025834,0,0,146755,3223002,124182,1439515,149103,4662517,
All CA Counties,2021-02-13,166616,6264365,77212,3149127,89404,3115238,0,0,92136,3242967,74120,1513635,94085,4756602,
All CA Counties,2021-02-14,95170,6359535,47358,3196485,47812,3163050,0,0,51565,3252628,43445,1557080,53106,4809708,
All CA Counties,2021-02-15,142187,6501722,62380,3258865,79807,3242857,0,0,78740,3271405,63079,1620159,81856,4891564,
All CA Counties,2021-02-16,248482,6750204,117905,3376770,130577,3373434,0,0,133113,3292597,115005,1735164,136197,5027761,
All CA Counties,2021-02-17,258511,7008715,128678,3505448,129833,3503267,0,0,128932,3295674,129053,1864217,132130,5159891,
All CA Counties,2021-02-18,272145,7280860,141943,3647391,130202,3633469,0,0,131730,3291869,139730,2003947,135925,5295816,
All CA Counties,2021-02-19,252040,7532900,146217,3793608,105823,3739292,0,0,130272,3302911,121289,2125236,132331,5428147,
All CA Counties,2021-02-20,152479,7685379,97761,3891369,54718,3794010,0,0,84005,3320656,68224,2193460,85969,5514116,
All CA Counties,2021-02-21,81872,7767251,67850,3959219,14022,3808032,0,0,41268,3323081,40377,2233837,42802,5556918,
All CA Counties,2021-02-22,163425,7930676,109685,4068904,53740,3861772,0,0,82004,3325669,81115,2314952,83703,5640621,
All CA Counties,2021-02-23,224904,8155580,119217,4188121,105687,3967459,0,0,105016,3317349,119310,2434262,110990,5751611,
All CA Counties,2021-02-24,282411,8437991,142808,4330929,139603,4107062,0,0,134733,3312533,147075,2581337,142259,5893870,
All CA Counties,2021-02-25,319315,8757306,157237,4488166,162078,4269140,0,0,167874,3338152,150775,2732112,176394,6070264,
All CA Counties,2021-02-26,352659,9109965,164185,4652351,188474,4457614,0,0,197937,3389496,153841,2885953,205185,6275449,
All CA Counties,2021-02-27,250423,9360388,121897,4774248,128507,4586121,19,19,142208,3428498,107621,2993574,146623,6422072,
All CA Counties,2021-02-28,130210,9490598,77857,4852105,52348,4638469,5,24,76111,3453762,53685,3047259,78949,6501021,
All CA Counties,2021-03-01,238977,9729575,127505,4979610,111393,4749862,79,103,138058,3495653,100223,3147482,142114,6643135,
All CA Counties,2021-03-02,288245,10017820,145948,5125558,142279,4892141,18,121,174309,3563400,113446,3260928,181193,6824328,
All CA Counties,2021-03-03,331036,10348856,164336,5289894,166652,5058793,48,169,190879,3622106,139491,3400419,198197,7022525,
All CA Counties,2021-03-04,350145,10699001,177450,5467344,172608,5231401,87,256,205842,3691464,143576,3543995,212934,7235459,
All CA Counties,2021-03-05,338470,11037471,166878,5634222,170474,5401875,1118,1374,211043,3784210,126639,3670634,219385,7454844,
All CA Counties,2021-03-06,258249,11295720,132750,5766972,117703,5519578,7796,9170,160493,3859829,97353,3767987,172972,7627816,
All CA Counties,2021-03-07,127362,11423082,78402,5845374,44882,5564460,4078,13248,79863,3900123,47315,3815302,87609,7715425,
All CA Counties,2021-03-08,218182,11641264,106149,5951523,101648,5666108,10385,23633,143047,3983740,74768,3890070,158385,7873810,
All CA Counties,2021-03-09,290803,11932067,139247,6090770,135711,5801819,15845,39478,163382,4040068,126952,4017022,183280,8057090,
All CA Counties,2021-03-10,321541,12253608,160752,6251522,136409,5938228,24380,63858,174434,4096565,146475,4163497,202972,8260062,
All CA Counties,2021-03-11,375580,12629188,181694,6433216,160621,6098849,33265,97123,193124,4145611,181558,4345055,230604,8490666,
All CA Counties,2021-03-12,393736,13022924,176168,6609384,171320,6270169,46248,143371,193634,4190209,199327,4544382,243925,8734591,
All CA Counties,2021-03-13,281874,13304798,124718,6734102,126073,6396242,31083,174454,152286,4248675,129147,4673529,187613,8922204,
All CA Counties,2021-03-14,154599,13459397,83186,6817288,56433,6452675,14980,189434,78783,4269154,75542,4749071,96021,9018225,
All CA Counties,2021-03-15,289958,13749355,138629,6955917,130801,6583476,20528,209962,158061,4319915,131203,4880274,181964,9200189,
All CA Counties,2021-03-16,369516,14118871,173678,7129595,178572,6762048,17266,227228,214568,4400696,154242,5034516,235023,9435212,
All CA Counties,2021-03-17,382609,14501480,189352,7318947,174737,6936785,18520,245748,237301,4514513,144514,5179030,258331,9693543,
All CA Counties,2021-03-18,399903,14901383,204849,7523796,177097,7113882,17957,263705,238371,4612441,160467,5339497,258395,9951938,
All CA Counties,2021-03-19,410037,15311420,215727,7739523,172772,7286654,21538,285243,239359,4705581,169734,5509231,262874,10214812,
All CA Counties,2021-03-20,293833,15605253,154352,7893875,123649,7410303,15832,301075,186294,4802255,106897,5616128,203571,10418383,
All CA Counties,2021-03-21,143478,15748731,99206,7993081,36763,7447066,7509,308584,90110,4848191,53031,5669159,98967,10517350,
All CA Counties,2021-03-22,272720,16021451,158956,8152037,102594,7549660,11170,319754,178805,4947992,93180,5762339,192981,10710331,
All CA Counties,2021-03-23,356683,16378134,196380,8348417,149278,7698938,11025,330779,219649,5045082,136151,5898490,233241,10943572,
All CA Counties,2021-03-24,386755,16764889,221681,8570098,152659,7851597,12415,343194,225885,5125799,159681,6058171,240398,11183970,
All CA Counties,2021-03-25,416875,17181764,229981,8800079,172133,8023730,14761,357955,237074,5201251,178539,6236710,253991,11437961,
All CA Counties,2021-03-26,434180,17615944,232537,9032616,185606,8209336,16037,373992,235178,5257466,197833,6434543,254048,11692009,
All CA Counties,2021-03-27,311471,17927415,166097,9198713,133612,8342948,11762,385754,158021,5276819,152661,6587204,172014,11864023,
All CA Counties,2021-03-28,168860,18096275,108697,9307410,56590,8399538,3573,389327,89550,5292974,78880,6666084,95035,11959058,
All CA Counties,2021-03-29,309437,18405712,167236,9474646,133216,8532754,8985,398312,173201,5342125,135512,6801596,184663,12143721,
All CA Counties,2021-03-30,397413,18803125,201682,9676328,177575,8710329,18156,416468,223877,5413146,172793,6974389,243814,12387535,
All CA Counties,2021-03-31,425185,19228310,231618,9907946,171958,8882287,21609,438077,237990,5487530,186226,7160615,260610,12648145,
All CA Counties,2021-04-01,489451,19717761,251351,10159297,198078,9080365,40022,478099,270765,5582005,217480,7378095,311955,12960100,
All CA Counties,2021-04-02,470999,20188760,229786,10389083,198326,9278691,42887,520986,256163,5669069,213657,7591752,300721,13260821,
All CA Counties,2021-04-03,326445,20515205,165950,10555033,119760,9398451,40735,561721,163214,5711535,162626,7754378,205092,13465913,
All CA Counties,2021-04-04,132276,20647481,69019,10624052,44249,9442700,19008,580729,58148,5714986,73850,7828228,77301,13543214,
All CA Counties,2021-04-05,351903,20999384,181547,10805599,130980,9573680,39376,620105,173784,5753116,177465,8005693,215595,13758809,
All CA Counties,2021-04-06,455314,21454698,231007,11036606,159135,9732815,65172,685277,221001,5807819,233427,8239120,288130,14046939,
All CA Counties,2021-04-07,469034,21923732,243839,11280445,155693,9888508,69502,754779,228880,5868007,239263,8478383,299451,14346390,
All CA Counties,2021-04-08,494546,22418278,249667,11530112,161430,10049938,83449,838228,232966,5926142,260508,8738891,318643,14665033,
All CA Counties,2021-04-09,489265,22907543,244086,11774198,166185,10216123,78994,917222,225519,5970920,262760,9001651,307538,14972571,
All CA Counties,2021-04-10,362714,23270257,166323,11940521,123194,10339317,73197,990419,152423,5989597,209593,9211244,228270,15200841,
All CA Counties,2021-04-11,186134,23456391,104428,12044949,47753,10387070,33953,1024372,76900,5994345,108907,9320151,113655,15314496,
All CA Counties,2021-04-12,337029,23793420,173132,12218081,126155,10513225,37742,1062114,156186,6011818,179951,9500102,197424,15511920,
All CA Counties,2021-04-13,429730,24223150,240547,12458628,188254,10701479,929,1063043,240143,6067218,188653,9688755,244053,15755973,
All CA Counties,2021-04-14,447662,24670812,251338,12709966,196047,10897526,277,1063320,234352,6094076,212221,9900976,239079,15995052,
All CA Counties,2021-04-15,488571,25159383,284665,12994631,203670,11101196,236,1063556,274052,6157960,213160,10114136,277044,16272096,
All CA Counties,2021-04-16,473432,25632815,266777,13261408,206349,11307545,306,1063862,252862,6194083,219429,10333565,255552,16527648,
All CA Counties,2021-04-17,339215,25972030,190063,13451471,149110,11456655,42,1063904,193091,6244972,145354,10478919,196243,16723891,
All CA Counties,2021-04-18,153695,26125725,97559,13549030,56120,11512775,16,1063920,79121,6252886,74201,10553120,82115,16806006,
All CA Counties,2021-04-19,316564,26442289,182793,13731823,133684,11646459,87,1064007,149857,6238816,165873,10718993,151803,16957809,
All CA Counties,2021-04-20,404425,26846714,215611,13947434,188751,11835210,63,1064070,201490,6241444,201965,10920958,204593,17162402,
All CA Counties,2021-04-21,417877,27264591,237235,14184669,180386,12015596,256,1064326,200685,6229575,215879,11136837,204010,17366412,
All CA Counties,2021-04-22,443669,27708260,253379,14438048,190217,12205813,73,1064399,197964,6186361,244402,11381239,201188,17567600,
All CA Counties,2021-04-23,435711,28143971,248640,14686688,186989,12392802,82,1064481,197271,6149820,237161,11618400,200620,17768220,
All CA Counties,2021-04-24,321469,28465440,203539,14890227,117770,12510572,160,1064641,163766,6160149,156803,11775203,167132,17935352,
All CA Counties,2021-04-25,148868,28614308,98382,14988609,50421,12560993,65,1064706,80189,6173551,68256,11843459,81658,18017010,
All CA Counties,2021-04-26,278633,28892941,163814,15152423,113369,12674362,1450,1066156,120924,6143422,156829,12000288,126700,18143710,
All CA Counties,2021-04-27,347801,29240742,193946,15346369,148477,12822839,5378,1071534,140316,6085663,206447,12206735,148688,18292398,
All CA Counties,2021-04-28,345652,29586394,198381,15544750,139487,12962326,7784,1079318,140652,6032366,204017,12410752,150720,18443118,
All CA Counties,2021-04-29,354322,29940716,204514,15749264,142022,13104348,7786,1087104,127741,5944201,225511,12636263,137346,18580464,
All CA Counties,2021-04-30,369797,30310513,212597,15961861,148460,13252808,8740,1095844,139728,5865650,228918,12865181,150367,18730831,
All CA Counties,2021-05-01,244943,30555456,156764,16118625,82176,13334984,6003,1101847,89155,5807933,155078,13020259,97361,18828192,
All CA Counties,2021-05-02,115241,30670697,80204,16198829,31219,13366203,3818,1105665,40762,5778770,74110,13094369,44947,18873139,
All CA Counties,2021-05-03,250237,30920934,154599,16353428,87026,13453229,8612,1114277,75747,5690257,173717,13268086,85204,18958343,
All CA Counties,2021-05-04,323608,31244542,197424,16550852,116548,13569777,9636,1123913,95450,5569337,227145,13495231,106225,19064568,
All CA Counties,2021-05-05,326659,31571201,203110,16753962,113629,13683406,9920,1133833,91745,5438189,233779,13729010,102631,19167199,
All CA Counties,2021-05-06,345395,31916596,225790,16979752,109229,13792635,10376,1144209,87926,5283028,255949,13984959,100788,19267987,
All CA Counties,2021-05-07,341731,32258327,214471,17194223,117529,13910164,9731,1153940,92924,5139366,247546,14232505,103884,19371871,
All CA Counties,2021-05-08,222314,32480641,140963,17335186,74690,13984854,6661,1160601,61079,5048264,160225,14392730,69123,19440994,
All CA Counties,2021-05-09,92836,32573477,69786,17404972,20084,14004938,2966,1163567,25396,5010056,66998,14459728,28790,19469784,
All CA Counties,2021-05-10,198591,32772068,113623,17518595,77276,14082214,7692,1171259,49432,4920115,148314,14608042,58373,19528157,
All CA Counties,2021-05-11,256679,33028747,144372,17662967,104284,14186498,8023,1179282,67721,4809401,188091,14796133,77377,19605534,
All CA Counties,2021-05-12,249986,33278733,144151,17807118,97571,14284069,8264,1187546,68507,4706647,180556,14976689,77802,19683336,
All CA Counties,2021-05-13,286990,33565723,184777,17991895,95234,14379303,6979,1194525,107093,4644371,178808,15155497,116532,19799868,
All CA Counties,2021-05-14,328509,33894232,210636,18202531,109359,14488662,8514,1203039,129457,4586461,197948,15353445,140038,19939906,
All CA Counties,2021-05-15,269340,34163572,188534,18391065,75342,14564004,5464,1208503,111015,4546346,157537,15510982,117422,20057328,
All CA Counties,2021-05-16,129940,34293512,100884,18491949,26173,14590177,2883,1211386,53301,4526667,76241,15587223,56562,20113890,
All CA Counties,2021-05-17,232928,34526440,154180,18646129,71642,14661819,7106,1218492,97627,4497756,134492,15721715,105581,20219471,
All CA Counties,2021-05-18,272876,34799316,167001,18813130,98672,14760491,7203,1225695,111684,4457897,160120,15881835,120261,20339732,
All CA Counties,2021-05-19,266709,35066025,166687,18979817,92854,14853345,7168,1232863,113933,4428280,151807,16033642,122190,20461922,
All CA Counties,2021-05-20,209229,35275254,125583,19105400,77092,14930437,6554,1239417,83007,4393654,125383,16159025,90757,20552679,
All CA Counties,2021-05-21,158638,35433892,96260,19201660,57454,14987891,4924,1244341,55103,4351398,102900,16261925,60644,20613323,
All CA and Non-CA Counties,2020-12-15,1143,1143,1143,1143,0,0,0,0,1143,1143,0,0,1143,1143,
All CA and Non-CA Counties,2020-12-16,8641,9784,8641,9784,0,0,0,0,8641,9784,0,0,8641,9784,
All CA and Non-CA Counties,2020-12-17,27413,37197,27413,37197,0,0,0,0,27413,37197,0,0,27413,37197,
All CA and Non-CA Counties,2020-12-18,46386,83583,46323,83520,63,63,0,0,46386,83583,0,0,46386,83583,
All CA and Non-CA Counties,2020-12-19,26351,109934,26326,109846,25,88,0,0,26350,109932,1,1,26350,109933,
All CA and Non-CA Counties,2020-12-20,19670,129604,19640,129486,30,118,0,0,19669,129600,1,2,19669,129602,
All CA and Non-CA Counties,2020-12-21,51765,181369,51678,181164,87,205,0,0,51763,181362,1,3,51763,181365,
All CA and Non-CA Counties,2020-12-22,51976,233345,49779,230943,2197,2402,0,0,51974,233335,1,4,51974,233339,
All CA and Non-CA Counties,2020-12-23,51996,285341,43110,274053,8886,11288,0,0,51992,285327,0,4,51992,285331,
All CA and Non-CA Counties,2020-12-24,24839,310180,16942,290995,7897,19185,0,0,24836,310162,1,5,24836,310167,
All CA and Non-CA Counties,2020-12-25,2371,312551,2046,293041,325,19510,0,0,2371,312533,0,5,2371,312538,
All CA and Non-CA Counties,2020-12-26,14925,327476,9643,302684,5282,24792,0,0,14924,327456,1,6,14924,327462,
All CA and Non-CA Counties,2020-12-27,9592,337068,5646,308330,3946,28738,0,0,9591,337046,1,7,9591,337053,
All CA and Non-CA Counties,2020-12-28,47212,384280,30289,338619,16923,45661,0,0,47209,384252,3,10,47209,384262,
All CA and Non-CA Counties,2020-12-29,52512,436792,29431,368050,23081,68742,0,0,52508,436757,3,13,52508,436770,
All CA and Non-CA Counties,2020-12-30,64817,501609,36791,404841,28026,96768,0,0,64809,501563,3,16,64809,501579,
All CA and Non-CA Counties,2020-12-31,30448,532057,11453,416294,18995,115763,0,0,30437,531993,7,23,30437,532016,
All CA and Non-CA Counties,2021-01-01,4209,536266,1843,418137,2366,118129,0,0,4205,536195,3,26,4205,536221,
All CA and Non-CA Counties,2021-01-02,18664,554930,10313,428450,8351,126480,0,0,18662,554856,1,27,18662,554883,
All CA and Non-CA Counties,2021-01-03,6330,561260,3577,432027,2753,129233,0,0,6301,561145,12,39,6301,561184,
All CA and Non-CA Counties,2021-01-04,44708,605968,22589,454616,22119,151352,0,0,44623,605725,43,82,44623,605807,
All CA and Non-CA Counties,2021-01-05,58000,663968,30564,485180,27436,178788,0,0,52355,652585,5587,5669,52447,658254,
All CA and Non-CA Counties,2021-01-06,75994,739962,42041,527221,33953,212741,0,0,59881,696567,15931,21600,59913,718167,
All CA and Non-CA Counties,2021-01-07,96129,836091,54865,582086,41264,254005,0,0,63827,728313,32132,53732,63878,782045,
All CA and Non-CA Counties,2021-01-08,111061,947152,66938,649024,44123,298128,0,0,68048,753555,42871,96603,68113,850158,
All CA and Non-CA Counties,2021-01-09,45547,992699,26003,675027,19544,317672,0,0,28712,765484,16811,113414,28740,878898,
All CA and Non-CA Counties,2021-01-10,24600,1017299,15024,690051,9576,327248,0,0,13247,767412,11336,124750,13264,892162,
All CA and Non-CA Counties,2021-01-11,107646,1124945,71442,761493,36204,363452,0,0,62559,785094,45046,169796,62728,954890,
All CA and Non-CA Counties,2021-01-12,117222,1242167,69382,830875,47840,411292,0,0,74700,817590,42438,212234,74934,1029824,
All CA and Non-CA Counties,2021-01-13,122635,1364802,63483,894358,59152,470444,0,0,87809,870738,34742,246976,87890,1117714,
All CA and Non-CA Counties,2021-01-14,127322,1492124,50818,945176,76504,546948,0,0,107126,957946,20079,267055,107287,1225001,
All CA and Non-CA Counties,2021-01-15,145851,1637975,52732,997908,93119,640067,0,0,130354,1073110,15391,282446,130555,1355556,
All CA and Non-CA Counties,2021-01-16,83000,1720975,27693,1025601,55307,695374,0,0,75295,1140778,7677,290123,75345,1430901,
All CA and Non-CA Counties,2021-01-17,48570,1769545,16942,1042543,31628,727002,0,0,44887,1182036,3676,293799,44934,1475835,
All CA and Non-CA Counties,2021-01-18,89265,1858810,46750,1089293,42515,769517,0,0,69547,1232108,19643,313442,69715,1545550,
All CA and Non-CA Counties,2021-01-19,145711,2004521,74886,1164179,70825,840342,0,0,113727,1314267,31892,345334,114051,1659601,
All CA and Non-CA Counties,2021-01-20,164369,2168890,83244,1247423,81125,921467,0,0,129869,1410110,34281,379615,130124,1789725,
All CA and Non-CA Counties,2021-01-21,177150,2346040,77928,1325351,99222,1020689,0,0,157533,1548590,19397,399012,157877,1947602,
All CA and Non-CA Counties,2021-01-22,173872,2519912,70241,1395592,103631,1124320,0,0,159233,1693462,14505,413517,159377,2106979,
All CA and Non-CA Counties,2021-01-23,113371,2633283,49752,1445344,63619,1187939,0,0,100730,1781721,12583,426100,100842,2207821,
All CA and Non-CA Counties,2021-01-24,61540,2694823,29718,1475062,31822,1219761,0,0,56827,1833921,4684,430784,56884,2264705,
All CA and Non-CA Counties,2021-01-25,148964,2843787,67294,1542356,81670,1301431,0,0,113098,1911632,35739,466523,113450,2378155,
All CA and Non-CA Counties,2021-01-26,174110,3017897,85658,1628014,88452,1389883,0,0,135956,2009824,38028,504551,136220,2514375,
All CA and Non-CA Counties,2021-01-27,184294,3202191,90342,1718356,93952,1483835,0,0,144648,2115353,39330,543881,144859,2659234,
All CA and Non-CA Counties,2021-01-28,192708,3394899,89319,1807675,103389,1587224,0,0,158138,2239416,34276,578157,158339,2817573,
All CA and Non-CA Counties,2021-01-29,187991,3582890,91315,1898990,96676,1683900,0,0,152731,2357615,34696,612853,152895,2970468,
All CA and Non-CA Counties,2021-01-30,127763,3710653,58064,1957054,69699,1753599,0,0,112181,2454515,15420,628273,112320,3082788,
All CA and Non-CA Counties,2021-01-31,72008,3782661,41277,1998331,30731,1784330,0,0,67201,2517013,4758,633031,67256,3150044,
All CA and Non-CA Counties,2021-02-01,167100,3949761,78527,2076858,88573,1872903,0,0,125775,2601746,41164,674195,125897,3275941,
All CA and Non-CA Counties,2021-02-02,191017,4140778,79862,2156720,111155,1984058,0,0,146074,2703375,44664,718859,146293,3422234,
All CA and Non-CA Counties,2021-02-03,218000,4358778,97597,2254317,120403,2104461,0,0,162875,2811868,54625,773484,163118,3585352,
All CA and Non-CA Counties,2021-02-04,234358,4593136,101926,2356243,132432,2236893,0,0,172905,2924214,60913,834397,173259,3758611,
All CA and Non-CA Counties,2021-02-05,252380,4845516,108493,2464736,143887,2380780,0,0,172723,3018559,78894,913291,173239,3931850,
All CA and Non-CA Counties,2021-02-06,159095,5004611,76963,2541699,82132,2462912,0,0,123984,3108093,34941,948232,124475,4056325,
All CA and Non-CA Counties,2021-02-07,68985,5073596,45012,2586711,23973,2486885,0,0,52510,3144656,16398,964630,52961,4109286,
All CA and Non-CA Counties,2021-02-08,185902,5259498,92215,2678926,93687,2580572,0,0,123499,3206921,61967,1026597,124232,4233518,
All CA and Non-CA Counties,2021-02-09,215415,5474913,104022,2782948,111393,2691965,0,0,129667,3252446,85292,1111889,130817,4364335,
All CA and Non-CA Counties,2021-02-10,253714,5728627,121515,2904463,132199,2824164,0,0,141006,3283070,111893,1223782,142517,4506852,
All CA and Non-CA Counties,2021-02-11,269899,5998526,133579,3038042,136320,2960484,0,0,148488,3313039,120316,1344098,150285,4657137,
All CA and Non-CA Counties,2021-02-12,277042,6275568,121142,3159184,155900,3116384,0,0,150173,3339537,126027,1470125,152525,4809662,
All CA and Non-CA Counties,2021-02-13,169061,6444629,77940,3237124,91121,3207505,0,0,94026,3360849,74675,1544800,95987,4905649,
All CA and Non-CA Counties,2021-02-14,96519,6541148,47778,3284902,48741,3256246,0,0,52671,3371380,43683,1588483,54214,4959863,
All CA and Non-CA Counties,2021-02-15,144776,6685924,63946,3348848,80830,3337076,0,0,80002,3390111,64391,1652874,83122,5042985,
All CA and Non-CA Counties,2021-02-16,255005,6940929,120873,3469721,134132,3471208,0,0,135760,3410091,118870,1771744,138850,5181835,
All CA and Non-CA Counties,2021-02-17,264462,7205391,131661,3601382,132801,3604009,0,0,130799,3410962,133131,1904875,134002,5315837,
All CA and Non-CA Counties,2021-02-18,278646,7484037,145733,3747115,132913,3736922,0,0,133812,3404839,144131,2049006,138008,5453845,
All CA and Non-CA Counties,2021-02-19,257949,7741986,150357,3897472,107592,3844514,0,0,132750,3414936,124713,2173719,134810,5588655,
All CA and Non-CA Counties,2021-02-20,155820,7897806,100452,3997924,55368,3899882,0,0,85251,3431837,70315,2244034,87216,5675871,
All CA and Non-CA Counties,2021-02-21,84610,7982416,70371,4068295,14239,3914121,0,0,42119,3433231,42259,2286293,43653,5719524,
All CA and Non-CA Counties,2021-02-22,166901,8149317,112229,4180524,54672,3968793,0,0,83632,3435607,82960,2369253,85336,5804860,
All CA and Non-CA Counties,2021-02-23,230975,8380292,122636,4303160,108339,4077132,0,0,107395,3425996,122994,2492247,113383,5918243,
All CA and Non-CA Counties,2021-02-24,288851,8669143,146367,4449527,142484,4219616,0,0,137246,3419776,150997,2643244,144777,6063020,
All CA and Non-CA Counties,2021-02-25,326293,8995436,160796,4610323,165497,4385113,0,0,171045,3444794,154551,2797795,179569,6242589,
All CA and Non-CA Counties,2021-02-26,359512,9354948,167827,4778150,191685,4576798,0,0,201129,3495751,157421,2955216,208378,6450967,
All CA and Non-CA Counties,2021-02-27,255944,9610892,124681,4902831,131243,4708041,20,20,144110,3533052,111228,3066444,148529,6599496,
All CA and Non-CA Counties,2021-02-28,132663,9743555,79645,4982476,53012,4761053,6,26,76919,3557485,55326,3121770,79759,6679255,
All CA and Non-CA Counties,2021-03-01,243983,9987538,130688,5113164,113215,4874268,80,106,139429,3597127,103849,3225619,143491,6822746,
All CA and Non-CA Counties,2021-03-02,294990,10282528,148440,5261604,146532,5020800,18,124,176388,3662303,118098,3343717,183274,7006020,
All CA and Non-CA Counties,2021-03-03,338906,10621434,167406,5429010,171450,5192250,50,174,193520,3718440,144707,3488424,200844,7206864,
All CA and Non-CA Counties,2021-03-04,356974,10978408,180384,5609394,176499,5368749,91,265,208148,3785603,148083,3636507,215246,7422110,
All CA and Non-CA Counties,2021-03-05,343763,11322171,169565,5778959,173066,5541815,1132,1397,213779,3878555,129191,3765698,222143,7644253,
All CA and Non-CA Counties,2021-03-06,262876,11585047,134906,5913865,120017,5661832,7953,9350,162848,3954425,99622,3865320,175492,7819745,
All CA and Non-CA Counties,2021-03-07,128961,11714008,79428,5993293,45402,5707234,4131,13481,80835,3995119,47942,3913262,88636,7908381,
All CA and Non-CA Counties,2021-03-08,221316,11935324,108012,6101305,102673,5809907,10631,24112,145254,4080298,75667,3988929,160846,8069227,
All CA and Non-CA Counties,2021-03-09,295478,12230802,141633,6242938,137679,5947586,16166,40278,166125,4137761,128881,4117810,186344,8255571,
All CA and Non-CA Counties,2021-03-10,325953,12556755,162870,6405808,138190,6085776,24893,65171,177162,4195830,148151,4265961,206220,8461791,
All CA and Non-CA Counties,2021-03-11,381767,12938522,184850,6590658,162958,6248734,33959,99130,196454,4246050,184409,4450370,234629,8696420,
All CA and Non-CA Counties,2021-03-12,400262,13338784,180100,6770758,173185,6421919,46977,146107,197243,4292080,202234,4652604,248264,8944684,
All CA and Non-CA Counties,2021-03-13,285660,13624444,126908,6897666,127193,6549112,31559,177666,154879,4352433,130332,4782936,190685,9135369,
All CA and Non-CA Counties,2021-03-14,156422,13780866,84128,6981794,56974,6606086,15320,192986,79792,4373449,76355,4859291,97371,9232740,
All CA and Non-CA Counties,2021-03-15,294046,14074912,140761,7122555,132297,6738383,20988,213974,160258,4424983,133090,4992381,184624,9417364,
All CA and Non-CA Counties,2021-03-16,377060,14451972,178072,7300627,181340,6919723,17648,231622,218755,4506975,157597,5149978,239589,9656953,
All CA and Non-CA Counties,2021-03-17,391077,14843049,194818,7495445,177365,7097088,18894,250516,242404,4622910,147874,5297852,263809,9920762,
All CA and Non-CA Counties,2021-03-18,408219,15251268,209971,7705416,179753,7276841,18495,269011,243205,4722737,163940,5461792,263767,10184529,
All CA and Non-CA Counties,2021-03-19,417385,15668653,220082,7925498,175224,7452065,22079,291090,243778,4817916,172659,5634451,267838,10452367,
All CA and Non-CA Counties,2021-03-20,298636,15967289,157521,8083019,125196,7577261,15919,307009,189962,4917218,108024,5742475,207326,10659693,
All CA and Non-CA Counties,2021-03-21,145581,16112870,100651,8183670,37334,7614595,7596,314605,91795,4964511,53446,5795921,100739,10760432,
All CA and Non-CA Counties,2021-03-22,275990,16388860,160926,8344596,103805,7718400,11259,325864,181037,5065608,94205,5890126,195302,10955734,
All CA and Non-CA Counties,2021-03-23,362750,16751610,199471,8544067,151949,7870349,11330,337194,223770,5165193,138082,6028208,237667,11193401,
All CA and Non-CA Counties,2021-03-24,394084,17145694,225450,8769517,155775,8026124,12859,350053,230979,5249218,161909,6190117,245934,11439335,
All CA and Non-CA Counties,2021-03-25,425167,17570861,233851,9003368,176034,8202158,15282,365335,243119,5329005,180771,6370888,260558,11699893,
All CA and Non-CA Counties,2021-03-26,440862,18011723,236093,9239461,188555,8390713,16214,381549,239588,5387562,200077,6570965,258634,11958527,
All CA and Non-CA Counties,2021-03-27,317034,18328757,169250,9408711,135804,8526517,11980,393529,161510,5408552,154728,6725693,175718,12134245,
All CA and Non-CA Counties,2021-03-28,171948,18500705,110351,9519062,57867,8584384,3730,397259,91548,5425778,79964,6805657,97190,12231435,
All CA and Non-CA Counties,2021-03-29,314617,18815322,169569,9688631,135712,8720096,9336,406595,176151,5476006,137736,6943393,187964,12419399,
All CA and Non-CA Counties,2021-03-30,404289,19219611,205313,9893944,180257,8900353,18719,425314,227928,5548834,175607,7119000,248435,12667834,
All CA and Non-CA Counties,2021-03-31,431531,19651142,235441,10129385,173709,9074062,22381,447695,241363,5624392,189194,7308194,264752,12932586,
All CA and Non-CA Counties,2021-04-01,496931,20148073,255856,10385241,200411,9274473,40664,488359,275092,5720684,220625,7528819,316917,13249503,
All CA and Non-CA Counties,2021-04-02,479467,20627540,234311,10619552,201122,9475595,44034,532393,260540,5809186,217741,7746560,306243,13555746,
All CA and Non-CA Counties,2021-04-03,332561,20960101,169584,10789136,121092,9596687,41885,574278,166406,5853080,165541,7912101,209435,13765181,
All CA and Non-CA Counties,2021-04-04,134071,21094172,69898,10859034,44930,9641617,19243,593521,59127,5856929,74664,7986765,78513,13843694,
All CA and Non-CA Counties,2021-04-05,356011,21450183,183585,11042619,132390,9774007,40036,633557,175739,5895527,179612,8166377,218210,14061904,
All CA and Non-CA Counties,2021-04-06,462252,21912435,234744,11277363,160763,9934770,66745,700302,223797,5950466,237556,8403933,292495,14354399,
All CA and Non-CA Counties,2021-04-07,477177,22389612,248532,11525895,157465,10092235,71180,771482,232032,6010494,244246,8648179,304274,14658673,
All CA and Non-CA Counties,2021-04-08,502562,22892174,253935,11779830,163264,10255499,85363,856845,236057,6068708,265426,8913605,323640,14982313,
All CA and Non-CA Counties,2021-04-09,496686,23388860,247951,12027781,167827,10423326,80908,937753,228369,6113690,267322,9180927,312304,15294617,
All CA and Non-CA Counties,2021-04-10,368782,23757642,169393,12197174,124349,10547675,75040,1012793,154111,6131518,213967,9394894,231795,15526412,
All CA and Non-CA Counties,2021-04-11,188945,23946587,105956,12303130,48402,10596077,34587,1047380,77846,6135985,110769,9505663,115236,15641648,
All CA and Non-CA Counties,2021-04-12,341078,24287665,175393,12478523,127407,10723484,38278,1085658,157962,6153502,182218,9687881,199735,15841383,
All CA and Non-CA Counties,2021-04-13,435433,24723098,244226,12722749,190255,10913739,952,1086610,243072,6209086,191421,9879302,247005,16088388,
All CA and Non-CA Counties,2021-04-14,452867,25175965,254616,12977365,197970,11111709,281,1086891,237166,6236375,214608,10093910,241897,16330285,
All CA and Non-CA Counties,2021-04-15,494648,25670613,288482,13265847,205923,11317632,243,1087134,277291,6300721,215945,10309855,280291,16610576,
All CA and Non-CA Counties,2021-04-16,479231,26149844,270099,13535946,208819,11526451,313,1087447,256082,6337504,221998,10531853,258781,16869357,
All CA and Non-CA Counties,2021-04-17,344403,26494247,193150,13729096,151210,11677661,43,1087490,196013,6389059,147611,10679464,199166,17068523,
All CA and Non-CA Counties,2021-04-18,155771,26650018,98709,13827805,57045,11734706,17,1087507,80090,6396842,75303,10754767,83086,17151609,
All CA and Non-CA Counties,2021-04-19,320696,26970714,184804,14012609,135804,11870510,88,1087595,151987,6382914,167864,10922631,153936,17305545,
All CA and Non-CA Counties,2021-04-20,409759,27380473,218058,14230667,191638,12062148,63,1087658,203670,6384575,205112,11127743,206773,17512318,
All CA and Non-CA Counties,2021-04-21,424182,27804655,239882,14470549,184041,12246189,259,1087917,202914,6370879,219939,11347682,206243,17718561,
All CA and Non-CA Counties,2021-04-22,450354,28255009,256816,14727365,193462,12439651,76,1087993,200377,6325821,248663,11596345,203605,17922166,
All CA and Non-CA Counties,2021-04-23,441563,28696572,251584,14978949,189896,12629547,83,1088076,199690,6288285,240578,11836923,203042,18125208,
All CA and Non-CA Counties,2021-04-24,325868,29022440,206442,15185391,119262,12748809,164,1088240,165468,6297634,159492,11996415,168841,18294049,
All CA and Non-CA Counties,2021-04-25,151017,29173457,99645,15285036,51305,12800114,67,1088307,81290,6311097,69301,12065716,82764,18376813,
All CA and Non-CA Counties,2021-04-26,282274,29455731,165445,15450481,115356,12915470,1473,1089780,122568,6280645,158819,12224535,128367,18505180,
All CA and Non-CA Counties,2021-04-27,353103,29808834,195854,15646335,151579,13067049,5670,1095450,142256,6221770,209800,12434335,150925,18656105,
All CA and Non-CA Counties,2021-04-28,350529,30159363,200456,15846791,141895,13208944,8178,1103628,142612,6167922,206924,12641259,153076,18809181,
All CA and Non-CA Counties,2021-04-29,359260,30518623,206780,16053571,144262,13353206,8218,1111846,129677,6079143,228493,12869752,139714,18948895,
All CA and Non-CA Counties,2021-04-30,374813,30893436,215076,16268647,150568,13503774,9169,1121015,141720,6000002,231930,13101682,152789,19101684,
All CA and Non-CA Counties,2021-05-01,248217,31141653,158711,16427358,83074,13586848,6432,1127447,90533,5942205,156964,13258646,99167,19200851,
All CA and Non-CA Counties,2021-05-02,117124,31258777,81302,16508660,31880,13618728,3942,1131389,41631,5913023,75122,13333768,45940,19246791,
All CA and Non-CA Counties,2021-05-03,253266,31512043,156379,16665039,87994,13706722,8893,1140282,77022,5824315,175467,13509235,86759,19333550,
All CA and Non-CA Counties,2021-05-04,327864,31839907,199863,16864902,117918,13824640,10083,1150365,97104,5702898,229741,13738976,108324,19441874,
All CA and Non-CA Counties,2021-05-05,331263,32171170,205843,17070745,115132,13939772,10288,1160653,93626,5571288,236493,13975469,104883,19546757,
All CA and Non-CA Counties,2021-05-06,349895,32521065,228642,17299387,110542,14050314,10711,1171364,89676,5415467,258693,14234162,102872,19649629,
All CA and Non-CA Counties,2021-05-07,346621,32867686,217390,17516777,119121,14169435,10110,1181474,94887,5271233,250461,14484623,106227,19755856,
All CA and Non-CA Counties,2021-05-08,225887,33093573,143428,17660205,75551,14244986,6908,1188382,62609,5179929,162205,14646828,70901,19826757,
All CA and Non-CA Counties,2021-05-09,94210,33187783,70669,17730874,20447,14265433,3094,1191476,25990,5141682,67758,14714586,29511,19856268,
All CA and Non-CA Counties,2021-05-10,201259,33389042,114873,17845747,78368,14343801,8018,1199494,50503,5051561,149893,14864479,59772,19916040,
All CA and Non-CA Counties,2021-05-11,259546,33648588,145780,17991527,105462,14449263,8304,1207798,68878,4940579,189800,15054279,78818,19994858,
All CA and Non-CA Counties,2021-05-12,252849,33901437,145484,18137011,98804,14548067,8561,1216359,69637,4837523,182284,15236563,79228,20074086,
All CA and Non-CA Counties,2021-05-13,289744,34191181,186354,18323365,96211,14644278,7179,1223538,108353,4775220,180297,15416860,117994,20192080,
All CA and Non-CA Counties,2021-05-14,332014,34523195,212659,18536024,110608,14754886,8747,1232285,131098,4717327,199805,15616665,141912,20333992,
All CA and Non-CA Counties,2021-05-15,271950,34795145,190076,18726100,76284,14831170,5590,1237875,112182,4677070,158975,15775640,118718,20452710,
All CA and Non-CA Counties,2021-05-16,131572,34926717,101925,18828025,26695,14857865,2952,1240827,54087,4657404,77084,15852724,57418,20510128,
All CA and Non-CA Counties,2021-05-17,235946,35162663,155834,18983859,72789,14930654,7323,1248150,99053,4628548,136080,15988804,107224,20617352,
All CA and Non-CA Counties,2021-05-18,276097,35438760,168660,19152519,99918,15030572,7519,1255669,113237,4588904,161776,16150580,122132,20739484,
All CA and Non-CA Counties,2021-05-19,270008,35708768,168426,19320945,94165,15124737,7417,1263086,115476,4559330,153556,16304136,123982,20863466,
All CA and Non-CA Counties,2021-05-20,211388,35920156,126918,19447863,77747,15202484,6723,1269809,84123,4524956,126418,16430554,92044,20955510,
All CA and Non-CA Counties,2021-05-21,160518,36080674,97343,19545206,58057,15260541,5118,1274927,55877,4482570,104000,16534554,61614,21017124,
Outside California,2020-12-15,7,7,7,7,0,0,0,0,7,7,0,0,7,7,Not in California
Outside California,2020-12-16,271,278,271,278,0,0,0,0,271,278,0,0,271,278,Not in California
Outside California,2020-12-17,1597,1875,1597,1875,0,0,0,0,1597,1875,0,0,1597,1875,Not in California
Outside California,2020-12-18,2549,4424,2542,4417,7,7,0,0,2549,4424,0,0,2549,4424,Not in California
Outside California,2020-12-19,1037,5461,1036,5453,1,8,0,0,1037,5461,0,0,1037,5461,Not in California
Outside California,2020-12-20,679,6140,676,6129,3,11,0,0,679,6140,0,0,679,6140,Not in California
Outside California,2020-12-21,2175,8315,2172,8301,3,14,0,0,2175,8315,0,0,2175,8315,Not in California
Outside California,2020-12-22,2057,10372,1984,10285,73,87,0,0,2057,10372,0,0,2057,10372,Not in California
Outside California,2020-12-23,1515,11887,1382,11667,133,220,0,0,1515,11887,0,0,1515,11887,Not in California
Outside California,2020-12-24,803,12690,610,12277,193,413,0,0,803,12690,0,0,803,12690,Not in California
Outside California,2020-12-25,33,12723,29,12306,4,417,0,0,33,12723,0,0,33,12723,Not in California
Outside California,2020-12-26,307,13030,203,12509,104,521,0,0,307,13030,0,0,307,13030,Not in California
Outside California,2020-12-27,189,13219,73,12582,116,637,0,0,189,13219,0,0,189,13219,Not in California
Outside California,2020-12-28,1410,14629,891,13473,519,1156,0,0,1410,14629,0,0,1410,14629,Not in California
Outside California,2020-12-29,1541,16170,1011,14484,530,1686,0,0,1541,16170,0,0,1541,16170,Not in California
Outside California,2020-12-30,1915,18085,1229,15713,686,2372,0,0,1915,18085,0,0,1915,18085,Not in California
Outside California,2020-12-31,1116,19201,600,16313,516,2888,0,0,1115,19199,1,1,1115,19200,Not in California
Outside California,2021-01-01,112,19313,25,16338,87,2975,0,0,112,19311,0,1,112,19312,Not in California
Outside California,2021-01-02,238,19551,132,16470,106,3081,0,0,237,19547,1,2,237,19549,Not in California
Outside California,2021-01-03,168,19719,89,16559,79,3160,0,0,168,19715,0,2,168,19717,Not in California
Outside California,2021-01-04,1146,20865,512,17071,634,3794,0,0,1141,20855,1,3,1141,20858,Not in California
Outside California,2021-01-05,1543,22408,814,17885,729,4523,0,0,1353,22021,188,191,1354,22212,Not in California
Outside California,2021-01-06,2698,25106,1592,19477,1106,5629,0,0,1962,23250,733,924,1962,24174,Not in California
Outside California,2021-01-07,4135,29241,2528,22005,1607,7236,0,0,2482,24083,1651,2575,2484,26658,Not in California
Outside California,2021-01-08,4505,33746,2913,24918,1592,8828,0,0,2635,24861,1860,4435,2638,29296,Not in California
Outside California,2021-01-09,1319,35065,531,25449,788,9616,0,0,991,25527,327,4762,993,30289,Not in California
Outside California,2021-01-10,304,35369,182,25631,122,9738,0,0,183,25589,121,4883,183,30472,Not in California
Outside California,2021-01-11,3292,38661,2001,27632,1291,11029,0,0,1969,26235,1323,6206,1969,32441,Not in California
Outside California,2021-01-12,3868,42529,2313,29945,1555,12584,0,0,2332,27037,1532,7738,2334,34775,Not in California
Outside California,2021-01-13,3670,46199,1798,31743,1872,14456,0,0,2500,28370,1170,8908,2503,37278,Not in California
Outside California,2021-01-14,3714,49913,1276,33019,2438,16894,0,0,3073,30817,628,9536,3075,40353,Not in California
Outside California,2021-01-15,4231,54144,988,34007,3243,20137,0,0,3764,34127,454,9990,3764,44117,Not in California
Outside California,2021-01-16,2681,56825,383,34390,2298,22435,0,0,2511,36470,168,10158,2511,46628,Not in California
Outside California,2021-01-17,496,57321,150,34540,346,22781,0,0,446,36866,50,10208,446,47074,Not in California
Outside California,2021-01-18,1194,58515,766,35306,428,23209,0,0,740,37154,453,10661,741,47815,Not in California
Outside California,2021-01-19,4028,62543,1321,36627,2707,25916,0,0,3140,39409,888,11549,3143,50958,Not in California
Outside California,2021-01-20,4387,66930,1405,38032,2982,28898,0,0,3453,41933,930,12479,3454,54412,Not in California
Outside California,2021-01-21,4112,71042,1123,39155,2989,31887,0,0,3550,44936,547,13026,3550,57962,Not in California
Outside California,2021-01-22,4623,75665,1089,40244,3534,35421,0,0,4227,48772,392,13418,4228,62190,Not in California
Outside California,2021-01-23,2246,77911,334,40578,1912,37333,0,0,2084,50694,162,13580,2084,64274,Not in California
Outside California,2021-01-24,605,78516,245,40823,360,37693,0,0,528,51145,77,13657,528,64802,Not in California
Outside California,2021-01-25,4459,82975,1950,42773,2509,40202,0,0,3582,53854,874,14531,3583,68385,Not in California
Outside California,2021-01-26,5902,88877,2873,45646,3029,43231,0,0,5056,58072,845,15376,5063,73448,Not in California
Outside California,2021-01-27,4800,93677,2665,48311,2135,45366,0,0,4182,61641,614,15990,4183,77631,Not in California
Outside California,2021-01-28,5254,98931,2857,51168,2397,47763,0,0,4729,65855,515,16505,4729,82360,Not in California
Outside California,2021-01-29,4913,103844,3074,54242,1839,49602,0,0,4131,69211,777,17282,4133,86493,Not in California
Outside California,2021-01-30,4477,108321,2437,56679,2040,51642,0,0,4246,73230,228,17510,4247,90740,Not in California
Outside California,2021-01-31,3055,111376,2636,59315,419,52061,0,0,3001,76179,53,17563,3002,93742,Not in California
Outside California,2021-02-01,5482,116858,2570,61885,2912,54973,0,0,4783,80271,691,18254,4783,98525,Not in California
Outside California,2021-02-02,6740,123598,2155,64040,4585,59558,0,0,6020,85578,713,18967,6020,104545,Not in California
Outside California,2021-02-03,7308,130906,2078,66118,5230,64788,0,0,6439,91157,861,19828,6440,110985,Not in California
Outside California,2021-02-04,6795,137701,2175,68293,4620,69408,0,0,5798,95968,988,20816,5799,116784,Not in California
Outside California,2021-02-05,6798,144499,2226,70519,4572,73980,0,0,5731,100636,1063,21879,5731,122515,Not in California
Outside California,2021-02-06,4431,148930,2153,72672,2278,76258,0,0,3965,104147,457,22336,3968,126483,Not in California
Outside California,2021-02-07,2232,151162,1846,74518,386,76644,0,0,2156,106229,76,22412,2158,128641,Not in California
Outside California,2021-02-08,5345,156507,3376,77894,1969,78613,0,0,4287,109469,1047,23459,4287,132928,Not in California
Outside California,2021-02-09,4285,160792,1922,79816,2363,80976,0,0,2983,111175,1291,24750,2997,135925,Not in California
Outside California,2021-02-10,5602,166394,1940,81756,3662,84638,0,0,3167,111957,2427,27177,3209,139134,Not in California
Outside California,2021-02-11,4839,171233,2261,84017,2578,87216,0,0,3537,114220,1292,28469,3555,142689,Not in California
Outside California,2021-02-12,5234,176467,1956,85973,3278,90494,0,0,3409,115815,1818,30287,3413,146102,Not in California
Outside California,2021-02-13,2436,178903,726,86699,1710,92204,0,0,1882,117155,554,30841,1894,147996,Not in California
Outside California,2021-02-14,1342,180245,419,87118,923,93127,0,0,1101,118021,237,31078,1103,149099,Not in California
Outside California,2021-02-15,2548,182793,1531,88649,1017,94144,0,0,1235,117960,1300,32378,1239,150338,Not in California
Outside California,2021-02-16,6422,189215,2877,91526,3545,97689,0,0,2618,116791,3793,36171,2624,152962,Not in California
Outside California,2021-02-17,5941,195156,2975,94501,2966,100655,0,0,1863,114586,4073,40244,1868,154830,Not in California
Outside California,2021-02-18,6412,201568,3706,98207,2706,103361,0,0,2065,112323,4329,44573,2066,156896,Not in California
Outside California,2021-02-19,5725,207293,3961,102168,1764,105125,0,0,2425,111455,3294,47867,2426,159322,Not in California
Outside California,2021-02-20,3334,210627,2686,104854,648,105773,0,0,1244,110614,2086,49953,1245,160567,Not in California
Outside California,2021-02-21,2724,213351,2507,107361,217,105990,0,0,850,109595,1869,51822,850,161417,Not in California
Outside California,2021-02-22,3467,216818,2535,109896,932,106922,0,0,1622,109380,1842,53664,1627,163044,Not in California
Outside California,2021-02-23,6010,222828,3370,113266,2640,109562,0,0,2364,108119,3639,57303,2378,165422,Not in California
Outside California,2021-02-24,6407,229235,3533,116799,2874,112436,0,0,2499,106720,3903,61206,2504,167926,Not in California
Outside California,2021-02-25,6911,236146,3505,120304,3406,115842,0,0,3147,106138,3733,64939,3151,171077,Not in California
Outside California,2021-02-26,6814,242960,3617,123921,3197,119039,0,0,3170,105743,3566,68505,3171,174248,Not in California
Outside California,2021-02-27,5500,248460,2769,126690,2730,121769,1,1,1891,104039,3599,72104,1895,176143,Not in California
Outside California,2021-02-28,2436,250896,1775,128465,660,122429,1,2,798,103203,1636,73740,800,176943,Not in California
Outside California,2021-03-01,4961,255857,3156,131621,1804,124233,1,3,1347,100950,3606,77346,1353,178296,Not in California
Outside California,2021-03-02,6726,262583,2485,134106,4241,128474,0,3,2067,98372,4647,81993,2069,180365,Not in California
Outside California,2021-03-03,7859,270442,3064,137170,4793,133267,2,5,2634,95799,5213,87206,2640,183005,Not in California
Outside California,2021-03-04,6786,277228,2894,140064,3888,137155,4,9,2293,93621,4477,91683,2299,185304,Not in California
Outside California,2021-03-05,5270,282498,2674,142738,2582,139737,14,23,2714,93809,2548,94231,2736,188040,Not in California
Outside California,2021-03-06,4607,287105,2144,144882,2308,142045,155,178,2339,94046,2265,96496,2502,190542,Not in California
Outside California,2021-03-07,1597,288702,1025,145907,519,142564,53,231,969,94443,627,97123,1024,191566,Not in California
Outside California,2021-03-08,3103,291805,1841,147748,1018,143582,244,475,2199,96019,875,97998,2451,194017,Not in California
Outside California,2021-03-09,4640,296445,2358,150106,1965,145547,317,792,2734,97168,1902,99900,3051,197068,Not in California
Outside California,2021-03-10,4403,300848,2112,152218,1780,147327,511,1303,2723,98738,1671,101571,3241,200309,Not in California
Outside California,2021-03-11,6159,307007,3144,155362,2335,149662,680,1983,3323,99912,2830,104401,4004,204313,Not in California
Outside California,2021-03-12,6458,313465,3880,159242,1854,151516,724,2707,3598,101383,2852,107253,4323,208636,Not in California
Outside California,2021-03-13,3771,317236,2186,161428,1113,152629,472,3179,2587,103270,1175,108428,3062,211698,Not in California
Outside California,2021-03-14,1809,319045,936,162364,535,153164,338,3517,1004,103808,805,109233,1343,213041,Not in California
Outside California,2021-03-15,4057,323102,2121,164485,1478,154642,458,3975,2177,104572,1874,111107,2638,215679,Not in California
Outside California,2021-03-16,7497,330599,4374,168859,2745,157387,378,4353,4160,105772,3335,114442,4535,220214,Not in California
Outside California,2021-03-17,8430,339029,5452,174311,2605,159992,373,4726,5070,107860,3356,117798,5444,225658,Not in California
Outside California,2021-03-18,8286,347315,5105,179416,2643,162635,538,5264,4816,109752,3462,121260,5354,231012,Not in California
Outside California,2021-03-19,7319,354634,4337,183753,2441,165076,541,5805,4397,111776,2918,124178,4942,235954,Not in California
Outside California,2021-03-20,4776,359410,3154,186907,1535,166611,87,5892,3653,114400,1116,125294,3740,239694,Not in California
Outside California,2021-03-21,2085,361495,1433,188340,565,167176,87,5979,1671,115746,412,125706,1758,241452,Not in California
Outside California,2021-03-22,3234,364729,1951,190291,1195,168371,88,6067,2214,117035,1013,126719,2302,243754,Not in California
Outside California,2021-03-23,6044,370773,3082,193373,2662,171033,300,6367,4110,119525,1920,128639,4410,248164,Not in California
Outside California,2021-03-24,7306,378079,3760,197133,3102,174135,444,6811,5076,122820,2223,130862,5518,253682,Not in California
Outside California,2021-03-25,8255,386334,3846,200979,3888,178023,521,7332,6020,127139,2223,133085,6542,260224,Not in California
Outside California,2021-03-26,6646,392980,3536,204515,2938,180961,172,7504,4392,129473,2229,135314,4563,264787,Not in California
Outside California,2021-03-27,5531,398511,3138,207653,2178,183139,215,7719,3472,131107,2050,137364,3684,268471,Not in California
Outside California,2021-03-28,3072,401583,1645,209298,1270,184409,157,7876,1987,132171,1080,138444,2144,270615,Not in California
Outside California,2021-03-29,5142,406725,2315,211613,2477,186886,350,8226,2927,133236,2212,140656,3277,273892,Not in California
Outside California,2021-03-30,6835,413560,3606,215219,2666,189552,563,8789,4026,135033,2799,143455,4596,278488,Not in California
Outside California,2021-03-31,6312,419872,3802,219021,1738,191290,772,9561,3350,136195,2957,146412,4119,282607,Not in California
Outside California,2021-04-01,7461,427333,4490,223511,2329,193619,642,10203,4314,138004,3140,149552,4949,287556,Not in California
Outside California,2021-04-02,8428,435761,4509,228020,2781,196400,1138,11341,4360,139439,4061,153613,5496,293052,Not in California
Outside California,2021-04-03,6097,441858,3625,231645,1322,197722,1150,12491,3183,140868,2905,156518,4334,297386,Not in California
Outside California,2021-04-04,1778,443636,875,232520,668,198390,235,12726,969,141262,808,157326,1202,298588,Not in California
Outside California,2021-04-05,4077,447713,2021,234541,1397,199787,659,13385,1938,141725,2134,159460,2597,301185,Not in California
Outside California,2021-04-06,6917,454630,3724,238265,1621,201408,1572,14957,2784,141958,4119,163579,4352,305537,Not in California
Outside California,2021-04-07,8111,462741,4670,242935,1763,203171,1678,16635,3128,141782,4975,168554,4799,310336,Not in California
Outside California,2021-04-08,7987,470728,4249,247184,1828,204999,1910,18545,3077,141860,4901,173455,4979,315315,Not in California
Outside California,2021-04-09,7386,478114,3840,251024,1632,206631,1914,20459,2826,142051,4551,178006,4742,320057,Not in California
Outside California,2021-04-10,6059,484173,3062,254086,1154,207785,1843,22302,1684,141204,4368,182374,3521,323578,Not in California
Outside California,2021-04-11,2800,486973,1521,255607,645,208430,634,22936,941,140923,1857,184231,1576,325154,Not in California
Outside California,2021-04-12,4012,490985,2241,257848,1236,209666,535,23471,1760,140973,2244,186475,2294,327448,Not in California
Outside California,2021-04-13,5659,496644,3653,261501,1983,211649,23,23494,2912,141167,2741,189216,2935,330383,Not in California
Outside California,2021-04-14,5178,501822,3270,264771,1904,213553,4,23498,2808,141614,2365,191581,2812,333195,Not in California
Outside California,2021-04-15,6046,507868,3801,268572,2239,215792,6,23504,3231,142089,2763,194344,3238,336433,Not in California
Outside California,2021-04-16,5774,513642,3307,271879,2460,218252,7,23511,3212,142757,2553,196897,3221,339654,Not in California
Outside California,2021-04-17,5167,518809,3075,274954,2091,220343,1,23512,2916,143430,2243,199140,2916,342570,Not in California
Outside California,2021-04-18,2056,520865,1142,276096,913,221256,1,23513,960,143302,1090,200230,962,343532,Not in California
Outside California,2021-04-19,4097,524962,1990,278086,2106,223362,1,23514,2114,143446,1973,202203,2117,345649,Not in California
Outside California,2021-04-20,5309,530271,2433,280519,2876,226238,0,23514,2175,142494,3127,205330,2175,347824,Not in California
Outside California,2021-04-21,6270,536541,2632,283151,3635,229873,3,23517,2215,140677,4036,209366,2219,350043,Not in California
Outside California,2021-04-22,6662,543203,3423,286574,3236,233109,3,23520,2406,138843,4244,213610,2410,352453,Not in California
Outside California,2021-04-23,5819,549022,2928,289502,2890,235999,1,23521,2402,137845,3403,217013,2405,354858,Not in California
Outside California,2021-04-24,4374,553396,2890,292392,1480,237479,4,23525,1687,136859,2680,219693,1694,356552,Not in California
Outside California,2021-04-25,2125,555521,1253,293645,870,238349,2,23527,1087,136917,1034,220727,1092,357644,Not in California
Outside California,2021-04-26,3621,559142,1618,295263,1980,240329,23,23550,1637,136601,1976,222703,1660,359304,Not in California
Outside California,2021-04-27,5277,564419,1896,297159,3089,243418,292,23842,1934,135498,3334,226037,2231,361535,Not in California
Outside California,2021-04-28,4850,569269,2056,299215,2401,245819,393,24235,1951,134956,2888,228925,2346,363881,Not in California
Outside California,2021-04-29,4906,574175,2245,301460,2229,248048,432,24667,1924,134350,2962,231887,2356,366237,Not in California
Outside California,2021-04-30,4988,579163,2465,303925,2099,250147,424,25091,1979,133757,2997,234884,2404,368641,Not in California
Outside California,2021-05-01,3246,582409,1926,305851,891,251038,429,25520,1361,133671,1875,236759,1789,370430,Not in California
Outside California,2021-05-02,1869,584278,1091,306942,655,251693,123,25643,863,133653,1004,237763,986,371416,Not in California
Outside California,2021-05-03,3003,587281,1762,308704,963,252656,278,25921,1268,133468,1731,239494,1546,372962,Not in California
Outside California,2021-05-04,4235,591516,2428,311132,1364,254020,443,26364,1649,132978,2580,242074,2090,375052,Not in California
Outside California,2021-05-05,4574,596090,2722,313854,1485,255505,367,26731,1865,132513,2700,244774,2235,377287,Not in California
Outside California,2021-05-06,4479,600569,2840,316694,1307,256812,332,27063,1741,131853,2732,247506,2072,379359,Not in California
Outside California,2021-05-07,4864,605433,2905,319599,1582,258394,377,27440,1952,131283,2900,250406,2330,381689,Not in California
Outside California,2021-05-08,3557,608990,2455,322054,857,259251,245,27685,1523,131080,1972,252378,1769,383458,Not in California
Outside California,2021-05-09,1356,610346,878,322932,354,259605,124,27809,586,131039,750,253128,709,384167,Not in California
Outside California,2021-05-10,2650,612996,1239,324171,1086,260691,325,28134,1068,130869,1565,254693,1395,385562,Not in California
Outside California,2021-05-11,2852,615848,1399,325570,1176,261867,277,28411,1149,130596,1702,256395,1429,386991,Not in California
Outside California,2021-05-12,2849,618697,1324,326894,1229,263096,296,28707,1124,130295,1720,258115,1419,388410,Not in California
Outside California,2021-05-13,2739,621436,1567,328461,976,264072,196,28903,1251,130261,1482,259597,1448,389858,Not in California
Outside California,2021-05-14,3481,624917,2003,330464,1246,265318,232,29135,1627,130273,1848,261445,1860,391718,Not in California
Outside California,2021-05-15,2589,627506,1523,331987,940,266258,126,29261,1155,130128,1429,262874,1284,393002,Not in California
Outside California,2021-05-16,1605,629111,1023,333010,514,266772,68,29329,770,130135,832,263706,839,393841,Not in California
Outside California,2021-05-17,2994,632105,1636,334646,1143,267915,215,29544,1411,130182,1579,265285,1626,395467,Not in California
Outside California,2021-05-18,3182,635287,1631,336277,1237,269152,314,29858,1522,130372,1648,266933,1838,397305,Not in California
Outside California,2021-05-19,3262,638549,1711,337988,1303,270455,248,30106,1523,130410,1733,268666,1771,399076,Not in California
Outside California,2021-05-20,1977,640526,1162,339150,647,271102,168,30274,942,130494,1028,269694,1112,400188,Not in California
Outside California,2021-05-21,1879,642405,1082,340232,603,271705,194,30468,774,130365,1099,270793,970,401158,Not in California
Unknown,2020-12-17,2,2,2,2,0,0,0,0,0,0,0,0,0,0,Not in California
Unknown,2020-12-18,1,3,1,3,0,0,0,0,0,0,0,0,0,0,Not in California
Unknown,2020-12-21,4,7,4,7,0,0,0,0,0,0,0,0,0,0,Not in California
Unknown,2020-12-28,4,11,4,11,0,0,0,0,3,3,0,0,3,3,Not in California
Unknown,2020-12-29,3,14,3,14,0,0,0,0,3,6,0,0,3,6,Not in California
Unknown,2020-12-30,54,68,54,68,0,0,0,0,54,60,0,0,54,60,Not in California
Unknown,2020-12-31,1,69,0,68,1,1,0,0,0,60,0,0,0,60,Not in California
Unknown,2021-01-02,1,70,0,68,1,2,0,0,1,61,0,0,1,61,Not in California
Unknown,2021-01-04,3,73,3,71,0,2,0,0,2,63,0,0,2,63,Not in California
Unknown,2021-01-06,6,79,4,75,2,4,0,0,6,69,0,0,6,69,Not in California
Unknown,2021-01-07,70,149,69,144,1,5,0,0,70,139,0,0,70,139,Not in California
Unknown,2021-01-08,1,150,0,144,1,6,0,0,2,141,0,0,2,141,Not in California
Unknown,2021-01-09,2,152,2,146,0,6,0,0,3,144,0,0,3,144,Not in California
Unknown,2021-01-11,19,171,19,165,0,6,0,0,18,162,0,0,18,162,Not in California
Unknown,2021-01-12,10,181,9,174,1,7,0,0,8,170,1,1,9,171,Not in California
Unknown,2021-01-13,10,191,10,184,0,7,0,0,11,181,0,1,11,182,Not in California
Unknown,2021-01-14,3,194,3,187,0,7,0,0,3,184,0,1,3,185,Not in California
Unknown,2021-01-15,5,199,4,191,1,8,0,0,5,189,0,1,5,190,Not in California
Unknown,2021-01-16,6,205,6,197,0,8,0,0,6,195,0,1,6,196,Not in California
Unknown,2021-01-17,3,208,3,200,0,8,0,0,3,198,0,1,3,199,Not in California
Unknown,2021-01-18,51,259,51,251,0,8,0,0,49,245,2,3,49,248,Not in California
Unknown,2021-01-19,22,281,22,273,0,8,0,0,19,262,2,5,19,267,Not in California
Unknown,2021-01-20,79,360,79,352,0,8,0,0,28,238,52,57,28,295,Not in California
Unknown,2021-01-21,56,416,54,406,2,10,0,0,57,294,1,58,57,352,Not in California
Unknown,2021-01-22,34,450,29,435,5,15,0,0,34,328,0,58,34,386,Not in California
Unknown,2021-01-23,11,461,5,440,6,21,0,0,11,339,0,58,11,397,Not in California
Unknown,2021-01-24,2,463,2,442,0,21,0,0,3,342,0,58,3,400,Not in California
Unknown,2021-01-25,19,482,17,459,2,23,0,0,16,355,3,61,16,416,Not in California
Unknown,2021-01-26,93,575,93,552,0,23,0,0,96,451,0,61,96,512,Not in California
Unknown,2021-01-27,16,591,16,568,0,23,0,0,15,465,1,62,15,527,Not in California
Unknown,2021-01-28,140,731,138,706,2,25,0,0,83,488,60,122,83,610,Not in California
Unknown,2021-01-29,139,870,139,845,0,25,0,0,143,630,1,123,143,753,Not in California
Unknown,2021-01-30,11,881,9,854,2,27,0,0,13,641,2,125,13,766,Not in California
Unknown,2021-01-31,14,895,14,868,0,27,0,0,15,656,0,125,15,781,Not in California
Unknown,2021-02-01,37,932,35,903,2,29,0,0,21,659,18,143,21,802,Not in California
Unknown,2021-02-02,64,996,63,966,1,30,0,0,57,710,6,149,57,859,Not in California
Unknown,2021-02-03,36,1032,34,1000,2,32,0,0,25,724,11,160,25,884,Not in California
Unknown,2021-02-04,56,1088,51,1051,5,37,0,0,51,770,5,165,51,935,Not in California
Unknown,2021-02-05,18,1106,14,1065,4,41,0,0,14,780,4,169,14,949,Not in California
Unknown,2021-02-06,14,1120,14,1079,0,41,0,0,9,783,6,175,9,958,Not in California
Unknown,2021-02-07,8,1128,8,1087,0,41,0,0,6,787,2,177,6,964,Not in California
Unknown,2021-02-08,51,1179,48,1135,3,44,0,0,14,764,37,214,14,978,Not in California
Unknown,2021-02-09,18,1197,18,1153,0,44,0,0,4,754,14,228,4,982,Not in California
Unknown,2021-02-10,34,1231,30,1183,4,48,0,0,9,738,25,253,9,991,Not in California
Unknown,2021-02-11,85,1316,84,1267,1,49,0,0,43,738,43,296,43,1034,Not in California
Unknown,2021-02-12,36,1352,29,1296,7,56,0,0,9,720,27,323,9,1043,Not in California
Unknown,2021-02-13,9,1361,2,1298,7,63,0,0,8,727,1,324,8,1051,Not in California
Unknown,2021-02-14,7,1368,1,1299,6,69,0,0,5,731,1,325,5,1056,Not in California
Unknown,2021-02-15,41,1409,35,1334,6,75,0,0,27,746,12,337,27,1083,Not in California
Unknown,2021-02-16,101,1510,91,1425,10,85,0,0,29,703,72,409,29,1112,Not in California
Unknown,2021-02-17,10,1520,8,1433,2,87,0,0,4,702,5,414,4,1116,Not in California
Unknown,2021-02-18,89,1609,84,1517,5,92,0,0,17,647,72,486,17,1133,Not in California
Unknown,2021-02-19,184,1793,179,1696,5,97,0,0,53,570,130,616,53,1186,Not in California
Unknown,2021-02-20,7,1800,5,1701,2,99,0,0,2,567,5,621,2,1188,Not in California
Unknown,2021-02-21,14,1814,14,1715,0,99,0,0,1,555,13,634,1,1189,Not in California
Unknown,2021-02-22,9,1823,9,1724,0,99,0,0,6,558,3,637,6,1195,Not in California
Unknown,2021-02-23,61,1884,49,1773,12,111,0,0,15,528,45,682,15,1210,Not in California
Unknown,2021-02-24,33,1917,26,1799,7,118,0,0,14,523,19,701,14,1224,Not in California
Unknown,2021-02-25,67,1984,54,1853,13,131,0,0,24,504,43,744,24,1248,Not in California
Unknown,2021-02-26,39,2023,25,1878,14,145,0,0,22,512,14,758,22,1270,Not in California
Unknown,2021-02-27,21,2044,15,1893,6,151,0,0,11,515,8,766,11,1281,Not in California
Unknown,2021-02-28,17,2061,13,1906,4,155,0,0,10,520,5,771,10,1291,Not in California
Unknown,2021-03-01,45,2106,27,1933,18,173,0,0,24,524,20,791,24,1315,Not in California
Unknown,2021-03-02,19,2125,7,1940,12,185,0,0,12,531,5,796,12,1327,Not in California
Unknown,2021-03-03,11,2136,6,1946,5,190,0,0,7,535,3,799,7,1334,Not in California
Unknown,2021-03-04,43,2179,40,1986,3,193,0,0,13,518,30,829,13,1347,Not in California
Unknown,2021-03-05,23,2202,13,1999,10,203,0,0,22,536,4,833,22,1369,Not in California
Unknown,2021-03-06,20,2222,12,2011,6,209,2,2,16,550,4,837,18,1387,Not in California
Unknown,2021-03-07,2,2224,1,2012,1,210,0,2,3,553,0,837,3,1390,Not in California
Unknown,2021-03-08,31,2255,22,2034,7,217,2,4,8,539,24,861,10,1400,Not in California
Unknown,2021-03-09,35,2290,28,2062,3,220,4,8,9,525,27,888,13,1413,Not in California
Unknown,2021-03-10,9,2299,6,2068,1,221,2,10,5,527,5,893,7,1420,Not in California
Unknown,2021-03-11,28,2327,12,2080,2,223,14,24,7,527,21,914,21,1441,Not in California
Unknown,2021-03-12,68,2395,52,2132,11,234,5,29,11,488,55,969,16,1457,Not in California
Unknown,2021-03-13,15,2410,4,2136,7,241,4,33,6,488,10,979,10,1467,Not in California
Unknown,2021-03-14,14,2424,6,2142,6,247,2,35,5,487,8,987,7,1474,Not in California
Unknown,2021-03-15,31,2455,11,2153,18,265,2,37,20,496,13,1000,22,1496,Not in California
Unknown,2021-03-16,47,2502,20,2173,23,288,4,41,27,507,20,1020,31,1527,Not in California
Unknown,2021-03-17,38,2540,14,2187,23,311,1,42,33,537,4,1024,34,1561,Not in California
Unknown,2021-03-18,30,2570,17,2204,13,324,0,42,18,544,11,1035,18,1579,Not in California
Unknown,2021-03-19,29,2599,18,2222,11,335,0,42,22,559,7,1042,22,1601,Not in California
Unknown,2021-03-20,27,2626,15,2237,12,347,0,42,15,563,11,1053,15,1616,Not in California
Unknown,2021-03-21,18,2644,12,2249,6,353,0,42,14,574,3,1056,14,1630,Not in California
Unknown,2021-03-22,36,2680,19,2268,16,369,1,43,18,581,12,1068,19,1649,Not in California
Unknown,2021-03-23,23,2703,9,2277,9,378,5,48,11,586,11,1079,16,1665,Not in California
Unknown,2021-03-24,23,2726,9,2286,14,392,0,48,18,599,5,1084,18,1683,Not in California
Unknown,2021-03-25,37,2763,24,2310,13,405,0,48,25,615,9,1093,25,1708,Not in California
Unknown,2021-03-26,36,2799,20,2330,11,416,5,53,18,623,15,1108,23,1731,Not in California
Unknown,2021-03-27,32,2831,15,2345,14,430,3,56,17,626,17,1125,20,1751,Not in California
Unknown,2021-03-28,16,2847,9,2354,7,437,0,56,11,633,4,1129,11,1762,Not in California
Unknown,2021-03-29,38,2885,18,2372,19,456,1,57,23,645,12,1141,24,1786,Not in California
Unknown,2021-03-30,41,2926,25,2397,16,472,0,57,25,655,15,1156,25,1811,Not in California
Unknown,2021-03-31,34,2960,21,2418,13,485,0,57,23,667,11,1167,23,1834,Not in California
Unknown,2021-04-01,19,2979,15,2433,4,489,0,57,13,675,5,1172,13,1847,Not in California
Unknown,2021-04-02,40,3019,16,2449,15,504,9,66,17,678,23,1195,26,1873,Not in California
Unknown,2021-04-03,19,3038,9,2458,10,514,0,66,9,677,10,1205,9,1882,Not in California
Unknown,2021-04-04,17,3055,4,2462,13,527,0,66,10,681,6,1211,10,1892,Not in California
Unknown,2021-04-05,31,3086,17,2479,13,540,1,67,17,686,13,1224,18,1910,Not in California
Unknown,2021-04-06,21,3107,13,2492,7,547,1,68,12,689,10,1234,13,1923,Not in California
Unknown,2021-04-07,32,3139,23,2515,9,556,0,68,24,705,8,1242,24,1947,Not in California
Unknown,2021-04-08,29,3168,19,2534,6,562,4,72,14,706,17,1259,18,1965,Not in California
Unknown,2021-04-09,35,3203,25,2559,10,572,0,72,24,719,11,1270,24,1989,Not in California
Unknown,2021-04-10,9,3212,8,2567,1,573,0,72,4,717,6,1276,4,1993,Not in California
Unknown,2021-04-11,11,3223,7,2574,4,577,0,72,5,717,5,1281,5,1998,Not in California
Unknown,2021-04-12,37,3260,20,2594,16,593,1,73,16,711,23,1304,17,2015,Not in California
Unknown,2021-04-13,44,3304,26,2620,18,611,0,73,17,701,27,1331,17,2032,Not in California
Unknown,2021-04-14,27,3331,8,2628,19,630,0,73,6,685,22,1353,6,2038,Not in California
Unknown,2021-04-15,31,3362,16,2644,14,644,1,74,8,672,22,1375,9,2047,Not in California
Unknown,2021-04-16,25,3387,15,2659,10,654,0,74,8,664,16,1391,8,2055,Not in California
Unknown,2021-04-17,21,3408,12,2671,9,663,0,74,6,657,14,1405,7,2062,Not in California
Unknown,2021-04-18,20,3428,8,2679,12,675,0,74,9,654,12,1417,9,2071,Not in California
Unknown,2021-04-19,35,3463,21,2700,14,689,0,74,16,652,18,1435,16,2087,Not in California
Unknown,2021-04-20,25,3488,14,2714,11,700,0,74,5,637,20,1455,5,2092,Not in California
Unknown,2021-04-21,35,3523,15,2729,20,720,0,74,14,627,24,1479,14,2106,Not in California
Unknown,2021-04-22,23,3546,14,2743,9,729,0,74,7,617,17,1496,7,2113,Not in California
Unknown,2021-04-23,33,3579,16,2759,17,746,0,74,17,620,14,1510,17,2130,Not in California
Unknown,2021-04-24,25,3604,13,2772,12,758,0,74,15,626,9,1519,15,2145,Not in California
Unknown,2021-04-25,24,3628,10,2782,14,772,0,74,14,629,11,1530,14,2159,Not in California
Unknown,2021-04-26,20,3648,13,2795,7,779,0,74,7,622,14,1544,7,2166,Not in California
Unknown,2021-04-27,25,3673,12,2807,13,792,0,74,6,609,19,1563,6,2172,Not in California
Unknown,2021-04-28,27,3700,19,2826,7,799,1,75,9,600,19,1582,10,2182,Not in California
Unknown,2021-04-29,32,3732,21,2847,11,810,0,75,12,592,20,1602,12,2194,Not in California
Unknown,2021-04-30,28,3760,14,2861,9,819,5,80,13,595,15,1617,18,2212,Not in California
Unknown,2021-05-01,28,3788,21,2882,7,826,0,80,17,601,11,1628,17,2229,Not in California
Unknown,2021-05-02,14,3802,7,2889,6,832,1,81,6,600,8,1636,7,2236,Not in California
Unknown,2021-05-03,26,3828,18,2907,5,837,3,84,7,590,19,1655,9,2245,Not in California
Unknown,2021-05-04,21,3849,11,2918,6,843,4,88,5,583,16,1671,9,2254,Not in California
Unknown,2021-05-05,30,3879,11,2929,18,861,1,89,16,586,14,1685,17,2271,Not in California
Unknown,2021-05-06,21,3900,12,2941,6,867,3,92,9,586,12,1697,12,2283,Not in California
Unknown,2021-05-07,26,3926,14,2955,10,877,2,94,11,584,15,1712,13,2296,Not in California
Unknown,2021-05-08,16,3942,10,2965,4,881,2,96,7,585,8,1720,9,2305,Not in California
Unknown,2021-05-09,18,3960,5,2970,9,890,4,100,8,587,10,1730,12,2317,Not in California
Unknown,2021-05-10,18,3978,11,2981,6,896,1,101,3,577,14,1744,4,2321,Not in California
Unknown,2021-05-11,15,3993,9,2990,2,898,4,105,8,582,7,1751,12,2333,Not in California
Unknown,2021-05-12,14,4007,9,2999,4,902,1,106,6,581,8,1759,7,2340,Not in California
Unknown,2021-05-13,15,4022,10,3009,1,903,4,110,9,588,7,1766,14,2354,Not in California
Unknown,2021-05-14,24,4046,20,3029,3,906,1,111,14,593,9,1775,14,2368,Not in California
Unknown,2021-05-15,21,4067,19,3048,2,908,0,111,12,596,9,1784,12,2380,Not in California
Unknown,2021-05-16,27,4094,18,3066,8,916,1,112,16,602,11,1795,17,2397,Not in California
Unknown,2021-05-17,24,4118,18,3084,4,920,2,114,15,610,9,1804,17,2414,Not in California
Unknown,2021-05-18,39,4157,28,3112,9,929,2,116,31,635,8,1812,33,2447,Not in California
Unknown,2021-05-19,37,4194,28,3140,8,937,1,117,20,640,16,1828,21,2468,Not in California
Unknown,2021-05-20,182,4376,173,3313,8,945,1,118,174,808,7,1835,175,2643,Not in California
Unknown,2021-05-21,1,4377,1,3314,0,945,0,118,0,807,1,1836,0,2643,Not in California
Alameda,2020-12-15,36,36,36,36,0,0,0,0,36,36,0,0,36,36,California
Alameda,2020-12-16,208,244,208,244,0,0,0,0,208,244,0,0,208,244,California
Alameda,2020-12-17,397,641,397,641,0,0,0,0,397,641,0,0,397,641,California
Alameda,2020-12-18,1789,2430,1788,2429,1,1,0,0,1789,2430,0,0,1789,2430,California
Alameda,2020-12-19,1437,3867,1437,3866,0,1,0,0,1437,3867,0,0,1437,3867,California
Alameda,2020-12-20,1186,5053,1185,5051,1,2,0,0,1185,5051,1,1,1185,5052,California
Alameda,2020-12-21,1861,6914,1859,6910,2,4,0,0,1860,6911,0,1,1860,6912,California
Alameda,2020-12-22,2098,9012,2045,8955,53,57,0,0,2098,9009,0,1,2098,9010,California
Alameda,2020-12-23,1942,10954,1685,10640,257,314,0,0,1943,10952,0,1,1943,10953,California
Alameda,2020-12-24,1216,12170,759,11399,457,771,0,0,1216,12168,0,1,1216,12169,California
Alameda,2020-12-25,166,12336,129,11528,37,808,0,0,166,12334,0,1,166,12335,California
Alameda,2020-12-26,868,13204,326,11854,542,1350,0,0,868,13202,0,1,868,13203,California
Alameda,2020-12-27,499,13703,256,12110,243,1593,0,0,499,13701,0,1,499,13702,California
Alameda,2020-12-28,1878,15581,955,13065,923,2516,0,0,1878,15579,0,1,1878,15580,California
Alameda,2020-12-29,2477,18058,1071,14136,1406,3922,0,0,2476,18055,0,1,2476,18056,California
Alameda,2020-12-30,3085,21143,1316,15452,1769,5691,0,0,3085,21140,0,1,3085,21141,California
Alameda,2020-12-31,1794,22937,443,15895,1351,7042,0,0,1792,22931,1,2,1792,22933,California
Alameda,2021-01-01,171,23108,69,15964,102,7144,0,0,170,23100,1,3,170,23103,California
Alameda,2021-01-02,726,23834,526,16490,200,7344,0,0,725,23825,0,3,725,23828,California
Alameda,2021-01-03,341,24175,221,16711,120,7464,0,0,338,24160,3,6,338,24166,California
Alameda,2021-01-04,1645,25820,942,17653,703,8167,0,0,1633,25782,11,17,1633,25799,California
Alameda,2021-01-05,2216,28036,1275,18928,941,9108,0,0,1980,27529,233,250,1980,27779,California
Alameda,2021-01-06,3275,31311,1807,20735,1468,10576,0,0,2428,29115,844,1094,2430,30209,California
Alameda,2021-01-07,3809,35120,2148,22883,1661,12237,0,0,2679,30678,1121,2215,2684,32893,California
Alameda,2021-01-08,4763,39883,2728,25611,2035,14272,0,0,3109,32143,1649,3864,3114,36007,California
Alameda,2021-01-09,2032,41915,1383,26994,649,14921,0,0,1173,32457,859,4723,1173,37180,California
Alameda,2021-01-10,1068,42983,847,27841,221,15142,0,0,427,32242,642,5365,427,37607,California
Alameda,2021-01-11,4657,47640,3520,31361,1137,16279,0,0,2860,33313,1796,7161,2867,40474,California
Alameda,2021-01-12,4835,52475,3254,34615,1581,17860,0,0,3448,35378,1386,8547,3451,43925,California
Alameda,2021-01-13,5030,57505,2656,37271,2374,20234,0,0,3840,38034,1186,9733,3842,47767,California
Alameda,2021-01-14,5642,63147,2779,40050,2863,23097,0,0,4755,41914,878,10611,4758,52525,California
Alameda,2021-01-15,5831,68978,2311,42361,3520,26617,0,0,5065,46224,759,11370,5069,57594,California
Alameda,2021-01-16,3002,71980,1408,43769,1594,28211,0,0,2732,48687,270,11640,2733,60327,California
Alameda,2021-01-17,1868,73848,1083,44852,785,28996,0,0,1661,50143,206,11846,1662,61989,California
Alameda,2021-01-18,3195,77043,2053,46905,1142,30138,0,0,2602,52162,588,12434,2607,64596,California
Alameda,2021-01-19,5531,82574,3333,50238,2198,32336,0,0,4340,55315,1189,13623,4342,68938,California
Alameda,2021-01-20,6778,89352,4110,54348,2668,35004,0,0,5487,59528,1278,14901,5491,74429,California
Alameda,2021-01-21,7784,97136,3409,57757,4375,39379,0,0,6945,65645,833,15734,6950,81379,California
Alameda,2021-01-22,6846,103982,2041,59798,4805,44184,0,0,5708,70224,1131,16865,5710,87089,California
Alameda,2021-01-23,3285,107267,951,60749,2334,46518,0,0,2729,72397,556,17421,2729,89818,California
Alameda,2021-01-24,2049,109316,656,61405,1393,47911,0,0,1772,73896,273,17694,1772,91590,California
Alameda,2021-01-25,5202,114518,1974,63379,3228,51139,0,0,3618,75939,1576,19270,3619,95209,California
Alameda,2021-01-26,7250,121768,2298,65677,4952,56091,0,0,5383,79464,1859,21129,5384,100593,California
Alameda,2021-01-27,6638,128406,2060,67737,4578,60669,0,0,4795,82426,1833,22962,4795,105388,California
Alameda,2021-01-28,7892,136298,2553,70290,5339,66008,0,0,5651,85853,2225,25187,5652,111040,California
Alameda,2021-01-29,7938,144236,3192,73482,4746,70754,0,0,6117,90160,1811,26998,6118,117158,California
Alameda,2021-01-30,3429,147665,1682,75164,1747,72501,0,0,2718,92173,705,27703,2718,119876,California
Alameda,2021-01-31,1893,149558,957,76121,936,73437,0,0,1660,93603,230,27933,1660,121536,California
Alameda,2021-02-01,6494,156052,3893,80014,2601,76038,0,0,4345,95809,2140,30073,4346,125882,California
Alameda,2021-02-02,6956,163008,3749,83763,3207,79245,0,0,4655,98170,2294,32367,4655,130537,California
Alameda,2021-02-03,7092,170100,3734,87497,3358,82603,0,0,4395,99879,2691,35058,4400,134937,California
Alameda,2021-02-04,9518,179618,4143,91640,5375,87978,0,0,6407,103192,3099,38157,6412,141349,California
Alameda,2021-02-05,10329,189947,5391,97031,4938,92916,0,0,6459,105793,3864,42021,6465,147814,California
Alameda,2021-02-06,6978,196925,4426,101457,2552,95468,0,0,5853,110522,1124,43145,5853,153667,California
Alameda,2021-02-07,3589,200514,2898,104355,691,96159,0,0,2647,112231,939,44084,2648,156315,California
Alameda,2021-02-08,8080,208594,5778,110133,2302,98461,0,0,5525,115211,2547,46631,5527,161842,California
Alameda,2021-02-09,9712,218306,5855,115988,3857,102318,0,0,6049,117618,3644,50275,6051,167893,California
Alameda,2021-02-10,11461,229767,6780,122768,4681,106999,0,0,6558,119296,4888,55163,6566,174459,California
Alameda,2021-02-11,13932,243699,8002,130770,5930,112929,0,0,8371,122129,5542,60705,8375,182834,California
Alameda,2021-02-12,12548,256247,5714,136484,6834,119763,0,0,7764,125129,4767,65472,7767,190601,California
Alameda,2021-02-13,7793,264040,4050,140534,3743,123506,0,0,5830,129003,1958,67430,5832,196433,California
Alameda,2021-02-14,4038,268078,2539,143073,1499,125005,0,0,2872,130716,1162,68592,2875,199308,California
Alameda,2021-02-15,5678,273756,3190,146263,2488,127493,0,0,3696,132435,1980,70572,3699,203007,California
Alameda,2021-02-16,12527,286283,6952,153215,5575,133068,0,0,9315,138554,3202,73774,9321,212328,California
Alameda,2021-02-17,14173,300456,8421,161636,5752,138820,0,0,10540,145480,3616,77390,10542,222870,California
Alameda,2021-02-18,15901,316357,10095,171731,5806,144626,0,0,11547,152687,4346,81736,11553,234423,California
Alameda,2021-02-19,17676,334033,11469,183200,6207,150833,0,0,11707,158452,5947,87683,11712,246135,California
Alameda,2021-02-20,11890,345923,9633,192833,2257,153090,0,0,9161,164895,2724,90407,9167,255302,California
Alameda,2021-02-21,7688,353611,6757,199590,931,154021,0,0,5203,167624,2474,92881,5203,260505,California
Alameda,2021-02-22,10800,364411,8016,207606,2784,156805,0,0,6848,170542,3939,96820,6857,267362,California
Alameda,2021-02-23,12909,377320,7907,215513,5002,161807,0,0,8112,173874,4787,101607,8119,275481,California
Alameda,2021-02-24,14776,392096,8329,223842,6447,168254,0,0,9629,178423,5085,106692,9634,285115,California
Alameda,2021-02-25,15635,407731,9135,232977,6500,174754,0,0,9980,182789,5622,112314,9988,295103,California
Alameda,2021-02-26,18125,425856,10659,243636,7466,182220,0,0,11729,188169,6353,118667,11733,306836,California
Alameda,2021-02-27,14894,440750,11001,254637,3891,186111,2,2,9279,191863,5589,124256,9283,316119,California
Alameda,2021-02-28,9183,449933,7746,262383,1437,187548,0,2,6091,194888,3067,127323,6092,322211,California
Alameda,2021-03-01,13498,463431,9431,271814,4060,191608,7,9,8410,198271,5041,132364,8424,330635,California
Alameda,2021-03-02,15054,478485,10832,282646,4221,195829,1,10,9894,203033,5140,137504,9902,340537,California
Alameda,2021-03-03,15697,494182,10272,292918,5424,201253,1,11,10725,208818,4945,142449,10730,351267,California
Alameda,2021-03-04,17437,511619,11182,304100,6253,207506,2,13,10986,213388,6418,148867,10988,362255,California
Alameda,2021-03-05,16295,527914,10675,314775,5611,213117,9,22,11009,219173,5239,154106,11024,373279,California
Alameda,2021-03-06,14555,542469,10270,325045,4020,217137,265,287,9648,224227,4860,158966,9914,383193,California
Alameda,2021-03-07,9772,552241,8508,333553,1183,218320,81,368,6983,228533,2760,161726,7066,390259,California
Alameda,2021-03-08,11971,564212,7472,341025,4120,222440,379,747,8971,234933,2950,164676,9350,399609,California
Alameda,2021-03-09,14707,578919,10330,351355,3946,226386,431,1178,8045,236785,6626,171302,8478,408087,California
Alameda,2021-03-10,17537,596456,12183,363538,4795,231181,559,1737,7925,235679,9586,180888,8480,416567,California
Alameda,2021-03-11,19822,616278,11616,375154,6501,237682,1705,3442,6761,231109,13030,193918,8460,425027,California
Alameda,2021-03-12,21422,637700,12533,387687,7188,244870,1701,5143,7513,226429,13883,207801,9203,434230,California
Alameda,2021-03-13,16085,653785,10336,398023,4752,249622,997,6140,5147,221667,10902,218703,6140,440370,California
Alameda,2021-03-14,10915,664700,8027,406050,2096,251718,792,6932,3423,218399,7472,226175,4204,444574,California
Alameda,2021-03-15,14520,679220,9507,415557,4483,256201,530,7462,6323,217082,8167,234342,6850,451424,California
Alameda,2021-03-16,17304,696524,11237,426794,5528,261729,539,8001,7426,215222,9826,244168,7966,459390,California
Alameda,2021-03-17,17538,714062,9922,436716,6895,268624,721,8722,8113,214668,9385,253553,8831,468221,California
Alameda,2021-03-18,19250,733312,10492,447208,7860,276484,898,9620,8783,213918,10435,263988,9685,477906,California
Alameda,2021-03-19,19459,752771,10683,457891,6977,283461,1799,11419,7683,211665,11729,275717,9476,487382,California
Alameda,2021-03-20,15860,768631,10389,468280,4614,288075,857,12276,6441,209573,9387,285104,7295,494677,California
Alameda,2021-03-21,9259,777890,7284,475564,1420,289495,555,12831,3784,208447,5465,290569,4339,499016,California
Alameda,2021-03-22,15110,793000,10202,485766,3900,293395,1008,13839,7023,208413,8060,298629,8026,507042,California
Alameda,2021-03-23,19404,812404,11778,497544,6811,300206,815,14654,9876,209630,9480,308109,10697,517739,California
Alameda,2021-03-24,19317,831721,11720,509264,6578,306784,1019,15673,8445,208277,10809,318918,9456,527195,California
Alameda,2021-03-25,20626,852347,11482,520746,7737,314521,1407,17080,9503,208123,11054,329972,10900,538095,California
Alameda,2021-03-26,21055,873402,12712,533458,6772,321293,1571,18651,8547,205769,12462,342434,10108,548203,California
Alameda,2021-03-27,18433,891835,12570,546028,4901,326194,962,19613,7592,203511,10794,353228,8536,556739,California
Alameda,2021-03-28,10686,902521,8702,554730,1781,327975,203,19816,3530,200108,7143,360371,3740,560479,California
Alameda,2021-03-29,14785,917306,9485,564215,4304,332279,996,20812,5998,198349,8751,369122,6992,567471,California
Alameda,2021-03-30,18678,935984,9887,574102,7070,339349,1721,22533,9324,200064,9323,378445,11038,578509,California
Alameda,2021-03-31,19474,955458,10318,584420,7052,346401,2104,24637,9157,201023,10290,388735,11249,589758,California
Alameda,2021-04-01,23406,978864,10079,594499,7647,354048,5680,30317,11090,205505,12273,401008,16755,606513,California
Alameda,2021-04-02,24151,1003015,9969,604468,8325,362373,5857,36174,11678,210579,12434,413442,17508,624021,California
Alameda,2021-04-03,20278,1023293,9802,614270,5698,368071,4778,40952,10338,215770,9921,423363,15112,639133,California
Alameda,2021-04-04,9989,1033282,3989,618259,2287,370358,3713,44665,3464,216433,6509,429872,7172,646305,California
Alameda,2021-04-05,17834,1051116,7534,625793,5527,375885,4773,49438,7265,217923,10544,440416,12034,658339,California
Alameda,2021-04-06,22208,1073324,10705,636498,5665,381550,5838,55276,10071,221716,12100,452516,15893,674232,California
Alameda,2021-04-07,22543,1095867,11571,648069,5516,387066,5456,60732,11419,227502,11078,463594,16864,691096,California
Alameda,2021-04-08,25422,1121289,11489,659558,5970,393036,7963,68695,10842,231781,14508,478102,18787,709883,California
Alameda,2021-04-09,23304,1144593,10638,670196,7450,400486,5216,73911,11988,237699,11285,489387,17203,727086,California
Alameda,2021-04-10,18842,1163435,7425,677621,5595,406081,5822,79733,8136,240959,10682,500069,13942,741028,California
Alameda,2021-04-11,10990,1174425,4791,682412,2264,408345,3935,83668,4468,242845,6505,506574,8391,749419,California
Alameda,2021-04-12,18010,1192435,11717,694129,4307,412652,1986,85654,10117,247085,7858,514432,12098,761517,California
Alameda,2021-04-13,23025,1215460,14610,708739,8359,421011,56,85710,16935,258048,6038,520470,17001,778518,California
Alameda,2021-04-14,23108,1238568,15183,723922,7924,428935,1,85711,15601,266183,7474,527944,15609,794127,California
Alameda,2021-04-15,24107,1262675,15396,739318,8709,437644,2,85713,15989,274124,8058,536002,15999,810126,California
Alameda,2021-04-16,24413,1287088,14414,753732,9994,447638,5,85718,15729,281240,8629,544631,15745,825871,California
Alameda,2021-04-17,20899,1307987,14444,768176,6455,454093,0,85718,14430,289251,6434,551065,14445,840316,California
Alameda,2021-04-18,9975,1317962,7631,775807,2344,456437,0,85718,6905,293120,3041,554106,6910,847226,California
Alameda,2021-04-19,15667,1333629,9756,785563,5910,462347,1,85719,9084,295666,6548,560654,9094,856320,California
Alameda,2021-04-20,18182,1351811,11123,796686,7057,469404,2,85721,9977,297504,8161,568815,9999,866319,California
Alameda,2021-04-21,19160,1370971,11216,807902,7935,477339,9,85730,11182,300788,7926,576741,11210,877529,California
Alameda,2021-04-22,21460,1392431,13832,821734,7625,484964,3,85733,11427,302263,9980,586721,11455,888984,California
Alameda,2021-04-23,21758,1414189,14144,835878,7612,492576,2,85735,12199,304989,9502,596223,12228,901212,California
Alameda,2021-04-24,19024,1433213,14450,850328,4567,497143,7,85742,10071,306168,8909,605132,10088,911300,California
Alameda,2021-04-25,8900,1442113,6932,857260,1967,499110,1,85743,5791,308889,3081,608213,5802,917102,California
Alameda,2021-04-26,13815,1455928,9641,866901,4151,503261,23,85766,8592,312319,5194,613407,8624,925726,California
Alameda,2021-04-27,15793,1471721,9397,876298,6091,509352,305,86071,7456,311814,8290,621697,7785,933511,California
Alameda,2021-04-28,15993,1487714,10190,886488,5338,514690,465,86536,6262,308850,9703,631400,6739,940250,California
Alameda,2021-04-29,16766,1504480,10057,896545,6384,521074,325,86861,6007,304492,10710,642110,6352,946602,California
Alameda,2021-04-30,19465,1523945,11999,908544,7126,528200,340,87201,7887,301253,11504,653614,8265,954867,California
Alameda,2021-05-01,13961,1537906,9317,917861,4442,532642,202,87403,5209,297976,8720,662334,5443,960310,California
Alameda,2021-05-02,7033,1544939,4892,922753,1972,534614,169,87572,2872,296876,4146,666480,3046,963356,California
Alameda,2021-05-03,14411,1559350,10908,933661,3183,537797,320,87892,2820,288496,11548,678028,3168,966524,California
Alameda,2021-05-04,18247,1577597,13088,946749,4801,542598,358,88250,3647,277996,14536,692564,4036,970560,California
Alameda,2021-05-05,18306,1595903,13291,960040,4508,547106,507,88757,3742,267759,14501,707065,4264,974824,California
Alameda,2021-05-06,18556,1614459,14042,974082,3820,550926,694,89451,3596,257174,14888,721953,4303,979127,California
Alameda,2021-05-07,19080,1633539,12855,986937,5812,556738,413,89864,4350,247297,14662,736615,4785,983912,California
Alameda,2021-05-08,16455,1649994,11251,998188,4991,561729,213,90077,3097,237300,13320,749935,3323,987235,California
Alameda,2021-05-09,8504,1658498,6949,1005137,1412,563141,143,90220,1451,231865,7032,756967,1597,988832,California
Alameda,2021-05-10,10082,1668580,6889,1012026,2866,566007,327,90547,2484,227118,7566,764533,2819,991651,California
Alameda,2021-05-11,14921,1683501,7951,1019977,6672,572679,298,90845,2705,217979,12174,776707,3035,994686,California
Alameda,2021-05-12,12558,1696059,8241,1028218,3907,576586,410,91255,2611,211119,9907,786614,3047,997733,California
Alameda,2021-05-13,16643,1712702,11900,1040118,4226,580812,517,91772,5140,205343,11463,798077,5687,1003420,California
Alameda,2021-05-14,20393,1733095,13842,1053960,6134,586946,417,92189,7015,199487,13301,811378,7445,1010865,California
Alameda,2021-05-15,16959,1750054,12329,1066289,4408,591354,222,92411,5772,194340,11147,822525,6000,1016865,California
Alameda,2021-05-16,8313,1758367,7100,1073389,1121,592475,92,92503,2782,191718,5502,828027,2880,1019745,California
Alameda,2021-05-17,13259,1771626,9852,1083241,2880,595355,527,93030,4325,187685,8901,836928,4868,1024613,California
Alameda,2021-05-18,14031,1785657,10176,1093417,3435,598790,420,93450,5131,184378,8861,845789,5554,1030167,California
Alameda,2021-05-19,14248,1799905,9718,1103135,4199,602989,331,93781,6061,182633,8139,853928,6394,1036561,California
Alameda,2021-05-20,10735,1810640,7009,1110144,3319,606308,407,94188,4760,181860,5940,859868,5167,1041728,California
Alameda,2021-05-21,11064,1821704,7054,1117198,3831,610139,179,94367,3430,177875,7593,867461,3608,1045336,California
Alpine,2020-12-18,2,2,2,2,0,0,0,0,2,2,0,0,2,2,California
Alpine,2020-12-19,2,4,2,4,0,0,0,0,2,4,0,0,2,4,California
Alpine,2020-12-21,2,6,2,6,0,0,0,0,2,6,0,0,2,6,California
Alpine,2020-12-30,14,20,0,6,14,14,0,0,14,20,0,0,14,20,California
Alpine,2020-12-31,1,21,0,6,1,15,0,0,1,21,0,0,1,21,California
Alpine,2021-01-01,1,22,0,6,1,16,0,0,1,22,0,0,1,22,California
Alpine,2021-01-02,1,23,1,7,0,16,0,0,1,23,0,0,1,23,California
Alpine,2021-01-04,10,33,0,7,10,26,0,0,10,33,0,0,10,33,California
Alpine,2021-01-05,9,42,1,8,8,34,0,0,9,42,0,0,9,42,California
Alpine,2021-01-06,31,73,0,8,31,65,0,0,31,73,0,0,31,73,California
Alpine,2021-01-07,8,81,0,8,8,73,0,0,8,81,0,0,8,81,California
Alpine,2021-01-08,4,85,2,10,2,75,0,0,2,81,2,2,2,83,California
Alpine,2021-01-09,2,87,2,12,0,75,0,0,0,79,2,4,0,83,California
Alpine,2021-01-11,32,119,1,13,31,106,0,0,31,109,1,5,31,114,California
Alpine,2021-01-13,35,154,0,13,35,141,0,0,35,144,0,5,35,149,California
Alpine,2021-01-14,1,155,0,13,1,142,0,0,1,145,0,5,1,150,California
Alpine,2021-01-15,1,156,0,13,1,143,0,0,1,146,0,5,1,151,California
Alpine,2021-01-20,21,177,0,13,21,164,0,0,21,167,0,5,21,172,California
Alpine,2021-01-21,1,178,0,13,1,165,0,0,1,168,0,5,1,173,California
Alpine,2021-01-22,33,211,0,13,33,198,0,0,33,201,0,5,33,206,California
Alpine,2021-01-23,1,212,1,14,0,198,0,0,0,200,1,6,0,206,California
Alpine,2021-01-25,16,228,0,14,16,214,0,0,16,216,0,6,16,222,California
Alpine,2021-01-27,1,229,1,15,0,214,0,0,0,215,1,7,0,222,California
Alpine,2021-01-28,1,230,0,15,1,215,0,0,0,214,1,8,0,222,California
Alpine,2021-01-29,1,231,0,15,1,216,0,0,1,215,0,8,1,223,California
Alpine,2021-02-01,25,256,0,15,25,241,0,0,7,204,18,26,7,230,California
Alpine,2021-02-03,34,290,0,15,34,275,0,0,10,190,24,50,10,240,California
Alpine,2021-02-04,8,298,0,15,8,283,0,0,3,188,5,55,3,243,California
Alpine,2021-02-05,31,329,0,15,31,314,0,0,12,181,19,74,12,255,California
Alpine,2021-02-08,32,361,0,15,32,346,0,0,4,157,28,102,4,259,California
Alpine,2021-02-10,34,395,0,15,34,380,0,0,0,123,34,136,0,259,California
Alpine,2021-02-11,6,401,0,15,6,386,0,0,3,123,3,139,3,262,California
Alpine,2021-02-12,1,402,0,15,1,387,0,0,0,122,1,140,0,262,California
Alpine,2021-02-17,23,425,0,15,23,410,0,0,3,105,20,160,3,265,California
Alpine,2021-02-18,2,427,0,15,2,412,0,0,1,105,1,161,1,266,California
Alpine,2021-02-19,34,461,1,16,33,445,0,0,2,75,32,193,2,268,California
Alpine,2021-02-22,27,488,0,16,27,472,0,0,8,64,19,212,8,276,California
Alpine,2021-02-24,1,489,1,17,0,472,0,0,1,65,0,212,1,277,California
Alpine,2021-02-25,6,495,1,18,5,477,0,0,6,71,0,212,6,283,California
Alpine,2021-02-26,30,525,1,19,29,506,0,0,29,99,1,213,29,312,California
Alpine,2021-02-27,1,526,0,19,1,507,0,0,1,100,0,213,1,313,California
Alpine,2021-03-01,36,562,0,19,36,543,0,0,26,116,10,223,26,339,California
Alpine,2021-03-03,29,591,0,19,29,572,0,0,18,123,11,234,18,357,California
Alpine,2021-03-04,11,602,1,20,10,582,0,0,11,134,0,234,11,368,California
Alpine,2021-03-05,30,632,0,20,30,612,0,0,22,148,8,242,22,390,California
Alpine,2021-03-08,31,663,0,20,31,643,0,0,29,175,2,244,29,419,California
Alpine,2021-03-10,73,736,0,20,73,716,0,0,73,248,0,244,73,492,California
Alpine,2021-03-11,35,771,0,20,35,751,0,0,31,275,4,248,31,523,California
Alpine,2021-03-12,19,790,0,20,19,770,0,0,17,290,2,250,17,540,California
Alpine,2021-03-15,21,811,1,21,20,790,0,0,20,309,1,251,20,560,California
Alpine,2021-03-17,23,834,0,21,22,812,1,1,19,325,4,255,20,580,California
Alpine,2021-03-18,38,872,3,24,35,847,0,1,35,357,3,258,35,615,California
Alpine,2021-03-19,2,874,1,25,1,848,0,1,1,357,1,259,1,616,California
Alpine,2021-03-22,24,898,0,25,24,872,0,1,15,363,9,268,15,631,California
Alpine,2021-03-24,19,917,0,25,19,891,0,1,8,360,11,279,8,639,California
Alpine,2021-03-25,35,952,1,26,33,924,1,2,28,382,7,286,29,668,California
Alpine,2021-03-27,1,953,0,26,1,925,0,2,0,381,1,287,0,668,California
Alpine,2021-03-28,1,954,1,27,0,925,0,2,1,382,0,287,1,669,California
Alpine,2021-03-29,19,973,0,27,18,943,1,3,2,368,17,304,3,672,California
Alpine,2021-04-01,18,991,0,27,18,961,0,3,8,366,10,314,8,680,California
Alpine,2021-04-02,101,1092,1,28,100,1061,0,3,46,358,54,368,46,726,California
Alpine,2021-04-05,4,1096,1,29,3,1064,0,3,0,354,4,372,0,726,California
Alpine,2021-04-06,3,1099,2,31,1,1065,0,3,2,355,1,373,2,728,California
Alpine,2021-04-07,117,1216,0,31,116,1181,1,4,30,300,86,459,31,759,California
Alpine,2021-04-08,36,1252,0,31,35,1216,1,5,10,285,26,485,11,770,California
Alpine,2021-04-09,2,1254,0,31,2,1218,0,5,2,287,0,485,2,772,California
Alpine,2021-04-14,47,1301,0,31,47,1265,0,5,10,260,37,522,10,782,California
Alpine,2021-04-15,35,1336,0,31,35,1300,0,5,3,231,32,554,3,785,California
Alpine,2021-04-16,1,1337,0,31,1,1301,0,5,1,232,0,554,1,786,California
Alpine,2021-04-19,1,1338,0,31,1,1302,0,5,1,233,0,554,1,787,California
Alpine,2021-04-21,31,1369,0,31,31,1333,0,5,15,232,16,570,15,802,California
Alpine,2021-04-22,24,1393,0,31,24,1357,0,5,1,210,23,593,1,803,California
Alpine,2021-04-24,2,1395,2,33,0,1357,0,5,0,209,2,595,1,804,California
Alpine,2021-04-25,1,1396,1,34,0,1357,0,5,0,208,1,596,0,804,California
Alpine,2021-04-27,2,1398,1,35,1,1358,0,5,1,208,1,597,1,805,California
Alpine,2021-04-28,36,1434,0,35,36,1394,0,5,6,184,30,627,6,811,California
Alpine,2021-04-29,7,1441,1,36,6,1400,0,5,1,179,6,633,1,812,California
Alpine,2021-04-30,2,1443,1,37,0,1400,1,6,1,180,1,634,2,814,California
Alpine,2021-05-02,1,1444,0,37,0,1400,1,7,0,180,1,635,1,815,California
Alpine,2021-05-05,17,1461,0,37,17,1417,0,7,4,171,13,648,4,819,California
Alpine,2021-05-06,8,1469,0,37,8,1425,0,7,0,163,8,656,0,819,California
Alpine,2021-05-07,1,1470,0,37,1,1426,0,7,0,162,1,657,0,819,California
Alpine,2021-05-10,1,1471,0,37,1,1427,0,7,1,163,0,657,1,820,California
Alpine,2021-05-12,1,1472,0,37,0,1427,1,8,0,163,1,658,1,821,California
Alpine,2021-05-13,3,1475,0,37,3,1430,0,8,0,160,3,661,0,821,California
Alpine,2021-05-17,2,1477,0,37,2,1432,0,8,1,160,1,662,1,822,California
Alpine,2021-05-18,1,1478,0,37,1,1433,0,8,1,161,0,662,1,823,California
Alpine,2021-05-19,15,1493,0,37,15,1448,0,8,0,146,15,677,0,823,California
Alpine,2021-05-20,1,1494,1,38,0,1448,0,8,0,145,1,678,0,823,California
Alpine,2021-05-21,1,1495,1,39,0,1448,0,8,0,144,1,679,0,823,California
Amador,2020-12-16,2,2,2,2,0,0,0,0,2,2,0,0,2,2,California
Amador,2020-12-17,5,7,5,7,0,0,0,0,5,7,0,0,5,7,California
Amador,2020-12-18,45,52,45,52,0,0,0,0,45,52,0,0,45,52,California
Amador,2020-12-19,17,69,17,69,0,0,0,0,17,69,0,0,17,69,California
Amador,2020-12-20,4,73,4,73,0,0,0,0,4,73,0,0,4,73,California
Amador,2020-12-21,31,104,31,104,0,0,0,0,31,104,0,0,31,104,California
Amador,2020-12-22,35,139,34,138,1,1,0,0,35,139,0,0,35,139,California
Amador,2020-12-23,39,178,38,176,1,2,0,0,39,178,0,0,39,178,California
Amador,2020-12-24,5,183,3,179,2,4,0,0,5,183,0,0,5,183,California
Amador,2020-12-26,5,188,4,183,1,5,0,0,5,188,0,0,5,188,California
Amador,2020-12-27,1,189,0,183,1,6,0,0,1,189,0,0,1,189,California
Amador,2020-12-28,31,220,27,210,4,10,0,0,31,220,0,0,31,220,California
Amador,2020-12-29,26,246,19,229,7,17,0,0,26,246,0,0,26,246,California
Amador,2020-12-30,124,370,78,307,46,63,0,0,124,370,0,0,124,370,California
Amador,2020-12-31,192,562,167,474,25,88,0,0,192,562,0,0,192,562,California
Amador,2021-01-01,2,564,0,474,2,90,0,0,2,564,0,0,2,564,California
Amador,2021-01-02,56,620,56,530,0,90,0,0,56,620,0,0,56,620,California
Amador,2021-01-03,65,685,17,547,48,138,0,0,65,685,0,0,65,685,California
Amador,2021-01-04,124,809,1,548,123,261,0,0,124,809,0,0,124,809,California
Amador,2021-01-05,33,842,3,551,30,291,0,0,31,839,2,2,32,841,California
Amador,2021-01-06,40,882,10,561,30,321,0,0,36,871,4,6,36,877,California
Amador,2021-01-07,230,1112,69,630,161,482,0,0,218,1077,12,18,218,1095,California
Amador,2021-01-08,85,1197,70,700,15,497,0,0,41,1075,44,62,42,1137,California
Amador,2021-01-09,11,1208,11,711,0,497,0,0,2,1068,9,71,2,1139,California
Amador,2021-01-10,6,1214,4,715,2,499,0,0,2,1066,4,75,2,1141,California
Amador,2021-01-11,125,1339,44,759,81,580,0,0,88,1118,37,112,89,1230,California
Amador,2021-01-12,64,1403,49,808,15,595,0,0,40,1134,24,136,40,1270,California
Amador,2021-01-13,40,1443,24,832,16,611,0,0,28,1150,12,148,28,1298,California
Amador,2021-01-14,149,1592,21,853,128,739,0,0,139,1280,10,158,140,1438,California
Amador,2021-01-15,60,1652,25,878,35,774,0,0,52,1324,8,166,52,1490,California
Amador,2021-01-16,18,1670,11,889,7,781,0,0,12,1331,6,172,13,1503,California
Amador,2021-01-17,25,1695,5,894,20,801,0,0,25,1356,0,172,25,1528,California
Amador,2021-01-18,31,1726,27,921,4,805,0,0,9,1343,22,194,9,1537,California
Amador,2021-01-19,125,1851,100,1021,25,830,0,0,81,1380,44,238,81,1618,California
Amador,2021-01-20,184,2035,34,1055,150,980,0,0,168,1533,15,253,168,1786,California
Amador,2021-01-21,259,2294,228,1283,31,1011,0,0,148,1571,111,364,149,1935,California
Amador,2021-01-22,136,2430,73,1356,63,1074,0,0,129,1693,7,371,129,2064,California
Amador,2021-01-23,52,2482,32,1388,20,1094,0,0,50,1741,2,373,50,2114,California
Amador,2021-01-24,29,2511,12,1400,17,1111,0,0,26,1764,3,376,26,2140,California
Amador,2021-01-25,59,2570,28,1428,31,1142,0,0,42,1789,17,393,42,2182,California
Amador,2021-01-26,245,2815,17,1445,228,1370,0,0,235,2014,10,403,235,2417,California
Amador,2021-01-27,303,3118,32,1477,271,1641,0,0,256,2226,45,448,257,2674,California
Amador,2021-01-28,369,3487,97,1574,272,1913,0,0,288,2434,81,529,289,2963,California
Amador,2021-01-29,98,3585,32,1606,66,1979,0,0,83,2502,15,544,83,3046,California
Amador,2021-01-30,169,3754,36,1642,133,2112,0,0,164,2661,5,549,164,3210,California
Amador,2021-01-31,32,3786,28,1670,4,2116,0,0,31,2691,1,550,31,3241,California
Amador,2021-02-01,63,3849,23,1693,40,2156,0,0,36,2700,27,577,36,3277,California
Amador,2021-02-02,212,4061,63,1756,149,2305,0,0,126,2743,83,660,126,3403,California
Amador,2021-02-03,142,4203,39,1795,103,2408,0,0,91,2784,50,710,91,3494,California
Amador,2021-02-04,251,4454,74,1869,177,2585,0,0,164,2863,87,797,166,3660,California
Amador,2021-02-05,332,4786,64,1933,268,2853,0,0,316,3163,16,813,316,3976,California
Amador,2021-02-06,99,4885,80,2013,19,2872,0,0,95,3254,4,817,95,4071,California
Amador,2021-02-07,39,4924,35,2048,4,2876,0,0,35,3286,4,821,36,4107,California
Amador,2021-02-08,90,5014,62,2110,28,2904,0,0,73,3342,17,838,73,4180,California
Amador,2021-02-09,175,5189,82,2192,93,2997,0,0,109,3385,66,904,109,4289,California
Amador,2021-02-10,980,6169,80,2272,900,3897,0,0,946,4297,34,938,946,5235,California
Amador,2021-02-11,309,6478,119,2391,190,4087,0,0,199,4388,108,1046,199,5434,California
Amador,2021-02-12,330,6808,121,2512,209,4296,0,0,257,4572,73,1119,257,5691,California
Amador,2021-02-13,167,6975,82,2594,85,4381,0,0,141,4687,26,1145,141,5832,California
Amador,2021-02-14,123,7098,54,2648,69,4450,0,0,106,4776,17,1162,106,5938,California
Amador,2021-02-15,188,7286,61,2709,127,4577,0,0,171,4931,16,1178,171,6109,California
Amador,2021-02-16,465,7751,53,2762,412,4989,0,0,426,5319,39,1217,427,6536,California
Amador,2021-02-17,263,8014,84,2846,179,5168,0,0,166,5388,97,1314,166,6702,California
Amador,2021-02-18,398,8412,99,2945,299,5467,0,0,333,5657,65,1379,334,7036,California
Amador,2021-02-19,195,8607,77,3022,118,5585,0,0,111,5684,84,1463,111,7147,California
Amador,2021-02-20,95,8702,33,3055,62,5647,0,0,67,5723,28,1491,67,7214,California
Amador,2021-02-21,45,8747,34,3089,11,5658,0,0,14,5706,31,1522,14,7228,California
Amador,2021-02-22,65,8812,25,3114,40,5698,0,0,32,5706,32,1554,32,7260,California
Amador,2021-02-23,320,9132,54,3168,266,5964,0,0,140,5667,180,1734,141,7401,California
Amador,2021-02-24,397,9529,58,3226,339,6303,0,0,264,5802,129,1863,264,7665,California
Amador,2021-02-25,524,10053,119,3345,405,6708,0,0,278,5835,245,2108,278,7943,California
Amador,2021-02-26,620,10673,76,3421,544,7252,0,0,505,6226,115,2223,506,8449,California
Amador,2021-02-27,291,10964,92,3513,199,7451,0,0,101,6140,189,2412,103,8552,California
Amador,2021-02-28,104,11068,53,3566,51,7502,0,0,58,6154,46,2458,60,8612,California
Amador,2021-03-01,188,11256,67,3633,121,7623,0,0,119,6205,69,2527,120,8732,California
Amador,2021-03-02,381,11637,63,3696,318,7941,0,0,332,6489,49,2576,333,9065,California
Amador,2021-03-03,243,11880,79,3775,164,8105,0,0,167,6582,75,2651,168,9233,California
Amador,2021-03-04,497,12377,116,3891,381,8486,0,0,394,6874,102,2753,394,9627,California
Amador,2021-03-05,513,12890,77,3968,436,8922,0,0,294,6952,218,2971,296,9923,California
Amador,2021-03-06,99,12989,46,4014,52,8974,1,1,54,6962,45,3016,55,9978,California
Amador,2021-03-07,64,13053,43,4057,21,8995,0,1,21,6940,43,3059,21,9999,California
Amador,2021-03-08,152,13205,71,4128,80,9075,1,2,91,6971,61,3120,92,10091,California
Amador,2021-03-09,372,13577,50,4178,322,9397,0,2,293,7188,76,3196,293,10384,California
Amador,2021-03-10,512,14089,77,4255,433,9830,2,4,111,6901,401,3597,114,10498,California
Amador,2021-03-11,474,14563,118,4373,345,10175,11,15,299,7040,174,3771,313,10811,California
Amador,2021-03-12,568,15131,66,4439,495,10670,7,22,337,7159,230,4001,349,11160,California
Amador,2021-03-13,114,15245,18,4457,89,10759,7,29,74,7204,40,4041,85,11245,California
Amador,2021-03-14,89,15334,19,4476,67,10826,3,32,21,7160,68,4109,24,11269,California
Amador,2021-03-15,180,15514,26,4502,147,10973,7,39,55,7098,125,4234,63,11332,California
Amador,2021-03-16,452,15966,54,4556,388,11361,10,49,138,6934,312,4546,148,11480,California
Amador,2021-03-17,195,16161,43,4599,149,11510,3,52,117,6977,78,4624,121,11601,California
Amador,2021-03-18,478,16639,101,4700,373,11883,4,56,252,7011,226,4850,260,11861,California
Amador,2021-03-19,541,17180,56,4756,468,12351,17,73,391,7274,148,4998,411,12272,California
Amador,2021-03-20,109,17289,45,4801,63,12414,1,74,45,7259,63,5061,48,12320,California
Amador,2021-03-21,48,17337,36,4837,11,12425,1,75,31,7277,16,5077,34,12354,California
Amador,2021-03-22,116,17453,34,4871,53,12478,29,104,52,7294,64,5141,81,12435,California
Amador,2021-03-23,434,17887,47,4918,380,12858,7,111,275,7419,158,5299,283,12718,California
Amador,2021-03-24,343,18230,36,4954,54,12912,253,364,35,7400,307,5606,288,13006,California
Amador,2021-03-25,607,18837,85,5039,516,13428,6,370,395,7590,211,5817,401,13407,California
Amador,2021-03-26,744,19581,44,5083,694,14122,6,376,280,7417,462,6279,289,13696,California
Amador,2021-03-27,90,19671,15,5098,73,14195,2,378,27,7385,63,6342,31,13727,California
Amador,2021-03-28,70,19741,16,5114,52,14247,2,380,12,7343,57,6399,15,13742,California
Amador,2021-03-29,181,19922,27,5141,153,14400,1,381,82,7334,97,6496,88,13830,California
Amador,2021-03-30,535,20457,28,5169,506,14906,1,382,294,7389,240,6736,295,14125,California
Amador,2021-03-31,199,20656,57,5226,137,15043,5,387,43,7282,155,6891,48,14173,California
Amador,2021-04-01,614,21270,87,5313,527,15570,0,387,263,7198,349,7240,265,14438,California
Amador,2021-04-02,607,21877,38,5351,557,16127,12,399,381,7368,225,7465,395,14833,California
Amador,2021-04-03,84,21961,21,5372,43,16170,20,419,21,7348,63,7528,43,14876,California
Amador,2021-04-04,38,21999,3,5375,29,16199,6,425,15,7346,23,7551,21,14897,California
Amador,2021-04-05,144,22143,52,5427,75,16274,17,442,49,7320,94,7645,68,14965,California
Amador,2021-04-06,502,22645,38,5465,445,16719,19,461,222,7283,278,7923,241,15206,California
Amador,2021-04-07,99,22744,34,5499,46,16765,19,480,43,7291,54,7977,62,15268,California
Amador,2021-04-08,496,23240,86,5585,389,17154,21,501,222,7261,273,8250,243,15511,California
Amador,2021-04-09,481,23721,20,5605,442,17596,19,520,211,7220,269,8519,228,15739,California
Amador,2021-04-10,50,23771,14,5619,27,17623,9,529,22,7223,28,8547,31,15770,California
Amador,2021-04-11,50,23821,25,5644,21,17644,4,533,23,7224,26,8573,27,15797,California
Amador,2021-04-12,98,23919,26,5670,62,17706,10,543,42,7220,56,8629,52,15849,California
Amador,2021-04-13,344,24263,50,5720,294,18000,0,543,68,7013,275,8904,68,15917,California
Amador,2021-04-14,280,24543,27,5747,253,18253,0,543,177,7088,102,9006,177,16094,California
Amador,2021-04-15,331,24874,74,5821,257,18510,0,543,72,6906,254,9260,72,16166,California
Amador,2021-04-16,482,25356,29,5850,453,18963,0,543,385,7195,96,9356,385,16551,California
Amador,2021-04-17,60,25416,34,5884,26,18989,0,543,26,7187,34,9390,26,16577,California
Amador,2021-04-18,26,25442,6,5890,20,19009,0,543,11,7184,14,9404,11,16588,California
Amador,2021-04-19,69,25511,27,5917,42,19051,0,543,30,7178,38,9442,32,16620,California
Amador,2021-04-20,436,25947,55,5972,381,19432,0,543,111,6973,318,9760,113,16733,California
Amador,2021-04-21,85,26032,33,6005,52,19484,0,543,43,6975,41,9801,43,16776,California
Amador,2021-04-22,497,26529,78,6083,418,19902,1,544,105,6696,385,10186,106,16882,California
Amador,2021-04-23,358,26887,46,6129,312,20214,0,544,286,6913,71,10257,288,17170,California
Amador,2021-04-24,47,26934,23,6152,24,20238,0,544,26,6919,20,10277,26,17196,California
Amador,2021-04-25,41,26975,19,6171,22,20260,0,544,29,6936,12,10289,29,17225,California
Amador,2021-04-26,86,27061,26,6197,59,20319,1,545,40,6932,45,10334,41,17266,California
Amador,2021-04-27,489,27550,38,6235,451,20770,0,545,87,6620,400,10734,88,17354,California
Amador,2021-04-28,67,27617,29,6264,34,20804,4,549,39,6635,28,10762,43,17397,California
Amador,2021-04-29,222,27839,69,6333,44,20848,109,658,64,6649,158,10920,172,17569,California
Amador,2021-04-30,338,28177,26,6359,308,21156,4,662,95,6505,243,11163,99,17668,California
Amador,2021-05-01,42,28219,16,6375,22,21178,4,666,22,6513,18,11181,26,17694,California
Amador,2021-05-02,26,28245,14,6389,9,21187,3,669,9,6509,17,11198,13,17707,California
Amador,2021-05-03,67,28312,33,6422,24,21211,10,679,27,6506,40,11238,37,17744,California
Amador,2021-05-04,465,28777,26,6448,432,21643,7,686,68,6184,397,11635,75,17819,California
Amador,2021-05-05,201,28978,153,6601,39,21682,9,695,162,6316,39,11674,171,17990,California
Amador,2021-05-06,108,29086,54,6655,49,21731,5,700,63,6341,43,11717,68,18058,California
Amador,2021-05-07,126,29212,29,6684,90,21821,7,707,67,6356,59,11776,74,18132,California
Amador,2021-05-08,41,29253,8,6692,30,21851,3,710,20,6358,21,11797,23,18155,California
Amador,2021-05-09,15,29268,0,6692,9,21860,6,716,4,6357,11,11808,10,18165,California
Amador,2021-05-10,62,29330,15,6707,44,21904,3,719,26,6350,36,11844,29,18194,California
Amador,2021-05-11,102,29432,34,6741,42,21946,26,745,45,6364,57,11901,71,18265,California
Amador,2021-05-12,63,29495,21,6762,41,21987,1,746,29,6360,34,11935,30,18295,California
Amador,2021-05-13,72,29567,38,6800,28,22015,6,752,36,6367,35,11970,42,18337,California
Amador,2021-05-14,394,29961,34,6834,356,22371,4,756,86,6149,308,12278,90,18427,California
Amador,2021-05-15,50,30011,20,6854,19,22390,11,767,24,6158,26,12304,35,18462,California
Amador,2021-05-16,38,30049,15,6869,23,22413,0,767,17,6154,21,12325,17,18479,California
Amador,2021-05-17,75,30124,22,6891,51,22464,2,769,36,6154,38,12363,38,18517,California
Amador,2021-05-18,246,30370,168,7059,43,22507,35,804,163,6270,82,12445,198,18715,California
Amador,2021-05-19,72,30442,22,7081,47,22554,3,807,33,6270,38,12483,38,18753,California
Amador,2021-05-20,78,30520,44,7125,31,22585,3,810,30,6256,47,12530,33,18786,California
Amador,2021-05-21,190,30710,17,7142,173,22758,0,810,17,6100,173,12703,17,18803,California
Butte,2020-12-16,3,3,3,3,0,0,0,0,3,3,0,0,3,3,California
Butte,2020-12-17,21,24,21,24,0,0,0,0,21,24,0,0,21,24,California
Butte,2020-12-18,50,74,50,74,0,0,0,0,50,74,0,0,50,74,California
Butte,2020-12-19,7,81,7,81,0,0,0,0,7,81,0,0,7,81,California
Butte,2020-12-20,10,91,10,91,0,0,0,0,10,91,0,0,10,91,California
Butte,2020-12-21,634,725,634,725,0,0,0,0,634,725,0,0,634,725,California
Butte,2020-12-22,619,1344,617,1342,2,2,0,0,619,1344,0,0,619,1344,California
Butte,2020-12-23,878,2222,862,2204,16,18,0,0,878,2222,0,0,878,2222,California
Butte,2020-12-24,159,2381,155,2359,4,22,0,0,159,2381,0,0,159,2381,California
Butte,2020-12-26,93,2474,91,2450,2,24,0,0,93,2474,0,0,93,2474,California
Butte,2020-12-27,35,2509,34,2484,1,25,0,0,35,2509,0,0,35,2509,California
Butte,2020-12-28,279,2788,273,2757,6,31,0,0,279,2788,0,0,279,2788,California
Butte,2020-12-29,202,2990,178,2935,24,55,0,0,202,2990,0,0,202,2990,California
Butte,2020-12-30,513,3503,291,3226,222,277,0,0,513,3503,0,0,513,3503,California
Butte,2020-12-31,211,3714,18,3244,193,470,0,0,211,3714,0,0,211,3714,California
Butte,2021-01-01,8,3722,1,3245,7,477,0,0,8,3722,0,0,8,3722,California
Butte,2021-01-02,41,3763,38,3283,3,480,0,0,41,3763,0,0,41,3763,California
Butte,2021-01-03,3,3766,0,3283,3,483,0,0,3,3766,0,0,3,3766,California
Butte,2021-01-04,208,3974,175,3458,33,516,0,0,208,3974,0,0,208,3974,California
Butte,2021-01-05,197,4171,152,3610,45,561,0,0,196,4169,1,1,196,4170,California
Butte,2021-01-06,624,4795,397,4007,227,788,0,0,619,4784,5,6,620,4790,California
Butte,2021-01-07,761,5556,369,4376,392,1180,0,0,741,5505,20,26,741,5531,California
Butte,2021-01-08,669,6225,530,4906,139,1319,0,0,623,6082,46,72,623,6154,California
Butte,2021-01-09,12,6237,7,4913,5,1324,0,0,7,6084,5,77,7,6161,California
Butte,2021-01-10,19,6256,5,4918,14,1338,0,0,14,6093,5,82,14,6175,California
Butte,2021-01-11,985,7241,949,5867,36,1374,0,0,357,5825,628,710,360,6535,California
Butte,2021-01-12,698,7939,653,6520,45,1419,0,0,274,5675,424,1134,274,6809,California
Butte,2021-01-13,1569,9508,1075,7595,494,1913,0,0,731,5570,838,1972,733,7542,California
Butte,2021-01-14,1632,11140,892,8487,740,2653,0,0,1436,6811,195,2167,1436,8978,California
Butte,2021-01-15,1054,12194,813,9300,241,2894,0,0,945,7646,110,2277,945,9923,California
Butte,2021-01-16,586,12780,300,9600,286,3180,0,0,541,8142,45,2322,541,10464,California
Butte,2021-01-17,238,13018,64,9664,174,3354,0,0,201,8306,37,2359,201,10665,California
Butte,2021-01-18,344,13362,302,9966,42,3396,0,0,276,8515,67,2426,276,10941,California
Butte,2021-01-19,495,13857,432,10398,63,3459,0,0,223,8466,272,2698,223,11164,California
Butte,2021-01-20,1368,15225,688,11086,680,4139,0,0,1065,9228,303,3001,1065,12229,California
Butte,2021-01-21,1475,16700,867,11953,608,4747,0,0,1367,10488,107,3108,1367,13596,California
Butte,2021-01-22,1137,17837,478,12431,659,5406,0,0,1084,11519,53,3161,1084,14680,California
Butte,2021-01-23,127,17964,85,12516,42,5448,0,0,101,11594,26,3187,101,14781,California
Butte,2021-01-24,9,17973,7,12523,2,5450,0,0,9,11603,0,3187,9,14790,California
Butte,2021-01-25,655,18628,335,12858,320,5770,0,0,492,11932,163,3350,492,15282,California
Butte,2021-01-26,1469,20097,377,13235,1092,6862,0,0,1332,13127,137,3487,1332,16614,California
Butte,2021-01-27,2095,22192,705,13940,1390,8252,0,0,1365,13763,729,4216,1365,17979,California
Butte,2021-01-28,2263,24455,262,14202,2001,10253,0,0,1951,15403,311,4527,1951,19930,California
Butte,2021-01-29,1685,26140,486,14688,1199,11452,0,0,1308,16335,376,4903,1308,21238,California
Butte,2021-01-30,31,26171,8,14696,23,11475,0,0,29,16362,2,4905,29,21267,California
Butte,2021-01-31,16,26187,14,14710,2,11477,0,0,15,16376,1,4906,15,21282,California
Butte,2021-02-01,1749,27936,406,15116,1343,12820,0,0,1361,17351,386,5292,1361,22643,California
Butte,2021-02-02,1931,29867,363,15479,1568,14388,0,0,1628,18675,304,5596,1628,24271,California
Butte,2021-02-03,2741,32608,777,16256,1964,16352,0,0,1849,19634,890,6486,1849,26120,California
Butte,2021-02-04,2958,35566,324,16580,2634,18986,0,0,2402,21482,554,7040,2402,28522,California
Butte,2021-02-05,1272,36838,667,17247,605,19591,0,0,552,21315,720,7760,553,29075,California
Butte,2021-02-06,145,36983,104,17351,41,19632,0,0,63,21296,82,7842,63,29138,California
Butte,2021-02-07,37,37020,33,17384,4,19636,0,0,13,21285,24,7866,13,29151,California
Butte,2021-02-08,698,37718,548,17932,150,19786,0,0,242,21071,456,8322,242,29393,California
Butte,2021-02-09,953,38671,459,18391,494,20280,0,0,723,21564,230,8552,723,30116,California
Butte,2021-02-10,1706,40377,1190,19581,516,20796,0,0,675,21210,1029,9581,675,30791,California
Butte,2021-02-11,2201,42578,1347,20928,854,21650,0,0,1005,21019,1196,10777,1005,31796,California
Butte,2021-02-12,1003,43581,436,21364,567,22217,0,0,330,20677,672,11449,330,32126,California
Butte,2021-02-13,251,43832,43,21407,208,22425,0,0,150,20726,101,11550,150,32276,California
Butte,2021-02-14,160,43992,9,21416,151,22576,0,0,156,20878,4,11554,156,32432,California
Butte,2021-02-15,263,44255,47,21463,216,22792,0,0,198,21011,65,11619,198,32630,California
Butte,2021-02-16,732,44987,432,21895,300,23092,0,0,276,20830,457,12076,276,32906,California
Butte,2021-02-17,1515,46502,849,22744,666,23758,0,0,842,21001,671,12747,842,33748,California
Butte,2021-02-18,1557,48059,763,23507,794,24552,0,0,747,20938,810,13557,747,34495,California
Butte,2021-02-19,1167,49226,388,23895,779,25331,0,0,401,20580,759,14316,401,34896,California
Butte,2021-02-20,478,49704,32,23927,446,25777,0,0,125,20353,352,14668,125,35021,California
Butte,2021-02-21,18,49722,16,23943,2,25779,0,0,13,20361,5,14673,13,35034,California
Butte,2021-02-22,1501,51223,297,24240,1204,26983,0,0,378,19619,1120,15793,378,35412,California
Butte,2021-02-23,1633,52856,296,24536,1337,28320,0,0,461,18913,1167,16960,461,35873,California
Butte,2021-02-24,2137,54993,598,25134,1539,29859,0,0,726,18236,1403,18363,726,36599,California
Butte,2021-02-25,2075,57068,577,25711,1498,31357,0,0,656,17479,1414,19777,657,37256,California
Butte,2021-02-26,920,57988,311,26022,609,31966,0,0,396,17354,521,20298,396,37652,California
Butte,2021-02-27,236,58224,49,26071,187,32153,0,0,185,17490,49,20347,185,37837,California
Butte,2021-02-28,139,58363,16,26087,123,32276,0,0,131,17613,8,20355,131,37968,California
Butte,2021-03-01,1629,59992,177,26264,1451,33727,1,1,329,16646,1297,21652,330,38298,California
Butte,2021-03-02,1748,61740,198,26462,1550,35277,0,1,312,15526,1432,23084,312,38610,California
Butte,2021-03-03,2787,64527,850,27312,1937,37214,0,1,482,13705,2303,25387,482,39092,California
Butte,2021-03-04,3152,67679,683,27995,2469,39683,0,1,628,11810,2523,27910,628,39720,California
Butte,2021-03-05,1353,69032,616,28611,736,40419,1,2,737,11936,612,28522,738,40458,California
Butte,2021-03-06,247,69279,27,28638,197,40616,23,25,186,12085,60,28582,209,40667,California
Butte,2021-03-07,54,69333,3,28641,34,40650,17,42,29,12106,25,28607,46,40713,California
Butte,2021-03-08,1267,70600,129,28770,1060,41710,78,120,1101,13122,163,28770,1179,41892,California
Butte,2021-03-09,1902,72502,284,29054,1515,43225,103,223,1412,14150,487,29257,1515,43407,California
Butte,2021-03-10,2318,74820,966,30020,1251,44476,101,324,1577,15091,736,29993,1677,45084,California
Butte,2021-03-11,2810,77630,1318,31338,1366,45842,126,450,1982,16382,817,30810,2108,47192,California
Butte,2021-03-12,1146,78776,329,31667,468,46310,349,799,356,16303,784,31594,705,47897,California
Butte,2021-03-13,254,79030,69,31736,136,46446,49,848,62,16221,192,31786,110,48007,California
Butte,2021-03-14,162,79192,16,31752,104,46550,42,890,20,16142,141,31927,62,48069,California
Butte,2021-03-15,1742,80934,359,32111,1089,47639,294,1184,1147,16995,588,32515,1441,49510,California
Butte,2021-03-16,1653,82587,416,32527,1159,48798,78,1262,1113,17648,537,33052,1190,50700,California
Butte,2021-03-17,1955,84542,1358,33885,516,49314,81,1343,1136,18053,811,33863,1216,51916,California
Butte,2021-03-18,1809,86351,1466,35351,214,49528,129,1472,1065,18508,738,34601,1193,53109,California
Butte,2021-03-19,702,87053,314,35665,304,49832,84,1556,348,18596,344,34945,432,53541,California
Butte,2021-03-20,207,87260,32,35697,159,49991,16,1572,95,18595,112,35057,111,53652,California
Butte,2021-03-21,58,87318,27,35724,2,49993,29,1601,15,18596,43,35100,44,53696,California
Butte,2021-03-22,1484,88802,352,36076,1038,51031,94,1695,1220,19648,262,35362,1314,55010,California
Butte,2021-03-23,1826,90628,493,36569,1219,52250,114,1809,1476,20891,347,35709,1590,56600,California
Butte,2021-03-24,2266,92894,1269,37838,871,53121,126,1935,1718,22190,544,36253,1843,58443,California
Butte,2021-03-25,1485,94379,1201,39039,192,53313,92,2027,1018,22837,463,36716,1110,59553,California
Butte,2021-03-26,1208,95587,441,39480,521,53834,246,2273,561,23005,639,37355,807,60360,California
Butte,2021-03-27,301,95888,84,39564,193,54027,24,2297,135,22999,163,37518,157,60517,California
Butte,2021-03-28,226,96114,44,39608,174,54201,8,2305,102,22987,121,37639,109,60626,California
Butte,2021-03-29,1759,97873,381,39989,1308,55509,70,2375,1342,23987,412,38051,1412,62038,California
Butte,2021-03-30,1040,98913,471,40460,479,55988,90,2465,493,24029,541,38592,583,62621,California
Butte,2021-03-31,1779,100692,1304,41764,408,56396,67,2532,1088,24499,685,39277,1155,63776,California
Butte,2021-04-01,3329,104021,2706,44470,496,56892,127,2659,2259,25822,1064,40341,2387,66163,California
Butte,2021-04-02,1002,105023,419,44889,463,57355,120,2779,565,26076,429,40770,683,66846,California
Butte,2021-04-03,345,105368,46,44935,224,57579,75,2854,162,26130,183,40953,237,67083,California
Butte,2021-04-04,188,105556,24,44959,141,57720,23,2877,110,26187,76,41029,133,67216,California
Butte,2021-04-05,1956,107512,420,45379,1364,59084,172,3049,591,25592,1356,42385,761,67977,California
Butte,2021-04-06,2196,109708,616,45995,1160,60244,420,3469,797,25414,1393,43778,1215,69192,California
Butte,2021-04-07,3023,112731,1312,47307,1319,61563,392,3861,703,24199,2314,46092,1099,70291,California
Butte,2021-04-08,2722,115453,1190,48497,1267,62830,265,4126,440,22625,2279,48371,705,70996,California
Butte,2021-04-09,1365,116818,349,48846,536,63366,480,4606,324,22387,1037,49408,799,71795,California
Butte,2021-04-10,223,117041,48,48894,77,63443,98,4704,99,22460,123,49531,196,71991,California
Butte,2021-04-11,106,117147,44,48938,52,63495,10,4714,82,22529,23,49554,92,72083,California
Butte,2021-04-12,1407,118554,314,49252,960,64455,133,4847,233,21721,1174,50728,366,72449,California
Butte,2021-04-13,1642,120196,572,49824,1064,65519,6,4853,336,20764,1299,52027,342,72791,California
Butte,2021-04-14,2821,123017,2335,52159,486,66005,0,4853,1306,20561,1510,53537,1307,74098,California
Butte,2021-04-15,638,123655,393,52552,245,66250,0,4853,481,20888,154,53691,481,74579,California
Butte,2021-04-16,810,124465,414,52966,396,66646,0,4853,475,21030,333,54024,475,75054,California
Butte,2021-04-17,342,124807,61,53027,281,66927,0,4853,238,21166,102,54126,238,75292,California
Butte,2021-04-18,42,124849,11,53038,31,66958,0,4853,38,21200,4,54130,38,75330,California
Butte,2021-04-19,1561,126410,381,53419,1180,68138,0,4853,428,20498,1130,55260,428,75758,California
Butte,2021-04-20,1969,128379,717,54136,1252,69390,0,4853,752,20040,1210,56470,752,76510,California
Butte,2021-04-21,2049,130428,1165,55301,884,70274,0,4853,465,18927,1578,58048,465,76975,California
Butte,2021-04-22,2219,132647,1941,57242,278,70552,0,4853,609,17930,1606,59654,609,77584,California
Butte,2021-04-23,942,133589,445,57687,497,71049,0,4853,488,17965,453,60107,488,78072,California
Butte,2021-04-24,345,133934,138,57825,207,71256,0,4853,190,18000,155,60262,190,78262,California
Butte,2021-04-25,172,134106,67,57892,105,71361,0,4853,63,17954,109,60371,63,78325,California
Butte,2021-04-26,1487,135593,428,58320,1054,72415,5,4858,383,17241,1101,61472,388,78713,California
Butte,2021-04-27,935,136528,639,58959,269,72684,27,4885,563,17464,367,61839,590,79303,California
Butte,2021-04-28,1392,137920,936,59895,431,73115,25,4910,503,17104,888,62727,528,79831,California
Butte,2021-04-29,882,138802,542,60437,315,73430,25,4935,296,16844,581,63308,321,80152,California
Butte,2021-04-30,893,139695,387,60824,485,73915,21,4956,450,16877,437,63745,470,80622,California
Butte,2021-05-01,239,139934,64,60888,156,74071,19,4975,71,16800,167,63912,90,80712,California
Butte,2021-05-02,147,140081,61,60949,73,74144,13,4988,42,16750,105,64017,55,80767,California
Butte,2021-05-03,606,140687,250,61199,325,74469,31,5019,156,16497,440,64457,187,80954,California
Butte,2021-05-04,815,141502,314,61513,469,74938,32,5051,210,16139,599,65056,241,81195,California
Butte,2021-05-05,1338,142840,1090,62603,212,75150,36,5087,276,15394,1057,66113,312,81507,California
Butte,2021-05-06,925,143765,670,63273,218,75368,37,5124,364,15237,558,66671,401,81908,California
Butte,2021-05-07,563,144328,291,63564,235,75603,37,5161,288,15290,272,66943,325,82233,California
Butte,2021-05-08,170,144498,36,63600,125,75728,9,5170,90,15310,79,67022,99,82332,California
Butte,2021-05-09,94,144592,20,63620,71,75799,3,5173,50,15319,44,67066,53,82385,California
Butte,2021-05-10,520,145112,307,63927,170,75969,43,5216,214,15273,303,67369,257,82642,California
Butte,2021-05-11,862,145974,641,64568,164,76133,57,5273,275,15021,584,67953,332,82974,California
Butte,2021-05-12,729,146703,472,65040,211,76344,46,5319,326,14994,399,68352,372,83346,California
Butte,2021-05-13,845,147548,567,65607,219,76563,59,5378,293,14803,541,68893,350,83696,California
Butte,2021-05-14,832,148380,521,66128,282,76845,29,5407,361,14725,467,69360,389,84085,California
Butte,2021-05-15,476,148856,221,66349,223,77068,32,5439,220,14722,255,69615,252,84337,California
Butte,2021-05-16,167,149023,83,66432,66,77134,18,5457,98,14770,68,69683,116,84453,California
Butte,2021-05-17,756,149779,486,66918,223,77357,47,5504,336,14735,417,70100,382,84835,California
Butte,2021-05-18,1057,150836,725,67643,284,77641,48,5552,479,14690,572,70672,527,85362,California
Butte,2021-05-19,831,151667,541,68184,246,77887,44,5596,333,14572,494,71166,376,85738,California
Butte,2021-05-20,791,152458,546,68730,150,78037,95,5691,304,14486,485,71651,399,86137,California
Butte,2021-05-21,517,152975,345,69075,155,78192,17,5708,117,14223,396,72047,133,86270,California
Calaveras,2020-12-16,5,5,5,5,0,0,0,0,5,5,0,0,5,5,California
Calaveras,2020-12-17,3,8,3,8,0,0,0,0,3,8,0,0,3,8,California
Calaveras,2020-12-18,38,46,38,46,0,0,0,0,38,46,0,0,38,46,California
Calaveras,2020-12-19,3,49,3,49,0,0,0,0,3,49,0,0,3,49,California
Calaveras,2020-12-20,4,53,4,53,0,0,0,0,4,53,0,0,4,53,California
Calaveras,2020-12-21,55,108,48,101,7,7,0,0,55,108,0,0,55,108,California
Calaveras,2020-12-22,82,190,78,179,4,11,0,0,83,191,0,0,83,191,California
Calaveras,2020-12-23,76,266,74,253,2,13,0,0,76,267,0,0,76,267,California
Calaveras,2020-12-24,2,268,2,255,0,13,0,0,2,269,0,0,2,269,California
Calaveras,2020-12-26,3,271,3,258,0,13,0,0,3,272,0,0,3,272,California
Calaveras,2020-12-28,21,292,17,275,4,17,0,0,20,291,1,1,20,292,California
Calaveras,2020-12-29,158,450,138,413,20,37,0,0,158,449,0,1,158,450,California
Calaveras,2020-12-30,94,544,82,495,12,49,0,0,94,543,0,1,94,544,California
Calaveras,2020-12-31,37,581,26,521,11,60,0,0,37,580,0,1,37,581,California
Calaveras,2021-01-02,11,592,11,532,0,60,0,0,11,591,0,1,11,592,California
Calaveras,2021-01-03,10,602,4,536,6,66,0,0,10,601,0,1,10,602,California
Calaveras,2021-01-04,33,635,5,541,28,94,0,0,33,634,0,1,33,635,California
Calaveras,2021-01-05,40,675,9,550,31,125,0,0,31,661,9,10,36,671,California
Calaveras,2021-01-06,107,782,30,580,77,202,0,0,97,748,10,20,97,768,California
Calaveras,2021-01-07,105,887,26,606,79,281,0,0,92,830,11,31,93,861,California
Calaveras,2021-01-08,68,955,38,644,30,311,0,0,45,853,23,54,46,907,California
Calaveras,2021-01-09,5,960,5,649,0,311,0,0,2,852,3,57,2,909,California
Calaveras,2021-01-10,2,962,0,649,2,313,0,0,2,854,0,57,2,911,California
Calaveras,2021-01-11,65,1027,59,708,6,319,0,0,27,846,37,94,29,940,California
Calaveras,2021-01-12,86,1113,53,761,33,352,0,0,52,865,34,128,53,993,California
Calaveras,2021-01-13,110,1223,45,806,65,417,0,0,76,908,34,162,77,1070,California
Calaveras,2021-01-14,140,1363,43,849,97,514,0,0,107,984,32,194,108,1178,California
Calaveras,2021-01-15,92,1455,28,877,64,578,0,0,72,1036,20,214,72,1250,California
Calaveras,2021-01-16,13,1468,2,879,11,589,0,0,12,1047,1,215,12,1262,California
Calaveras,2021-01-17,9,1477,1,880,8,597,0,0,9,1056,0,215,9,1271,California
Calaveras,2021-01-18,133,1610,20,900,113,710,0,0,119,1164,14,229,122,1393,California
Calaveras,2021-01-19,205,1815,175,1075,30,740,0,0,68,1097,136,365,69,1462,California
Calaveras,2021-01-20,378,2193,82,1157,296,1036,0,0,291,1313,86,451,302,1764,California
Calaveras,2021-01-21,463,2656,41,1198,422,1458,0,0,429,1719,34,485,440,2204,California
Calaveras,2021-01-22,401,3057,23,1221,378,1836,0,0,391,2107,10,495,398,2602,California
Calaveras,2021-01-23,20,3077,8,1229,12,1848,0,0,19,2125,1,496,19,2621,California
Calaveras,2021-01-24,14,3091,8,1237,6,1854,0,0,12,2135,2,498,12,2633,California
Calaveras,2021-01-25,86,3177,8,1245,78,1932,0,0,81,2211,5,503,81,2714,California
Calaveras,2021-01-26,47,3224,15,1260,32,1964,0,0,39,2242,8,511,39,2753,California
Calaveras,2021-01-27,135,3359,43,1303,92,2056,0,0,107,2322,27,538,107,2860,California
Calaveras,2021-01-28,165,3524,25,1328,140,2196,0,0,140,2441,25,563,144,3004,California
Calaveras,2021-01-29,390,3914,12,1340,378,2574,0,0,363,2788,27,590,374,3378,California
Calaveras,2021-01-30,27,3941,10,1350,17,2591,0,0,25,2813,0,590,25,3403,California
Calaveras,2021-01-31,6,3947,4,1354,2,2593,0,0,5,2817,1,591,5,3408,California
Calaveras,2021-02-01,25,3972,11,1365,14,2607,0,0,17,2826,8,599,17,3425,California
Calaveras,2021-02-02,109,4081,22,1387,87,2694,0,0,71,2865,33,632,72,3497,California
Calaveras,2021-02-03,434,4515,44,1431,390,3084,0,0,349,3132,84,716,351,3848,California
Calaveras,2021-02-04,381,4896,25,1456,356,3440,0,0,296,3346,85,801,299,4147,California
Calaveras,2021-02-05,79,4975,22,1478,57,3497,0,0,41,3350,38,839,42,4189,California
Calaveras,2021-02-06,21,4996,12,1490,9,3506,0,0,21,3371,0,839,21,4210,California
Calaveras,2021-02-07,4,5000,1,1491,3,3509,0,0,2,3371,2,841,2,4212,California
Calaveras,2021-02-08,39,5039,18,1509,21,3530,0,0,31,3396,6,847,31,4243,California
Calaveras,2021-02-09,193,5232,77,1586,116,3646,0,0,131,3468,60,907,132,4375,California
Calaveras,2021-02-10,515,5747,31,1617,484,4130,0,0,443,3844,72,979,448,4823,California
Calaveras,2021-02-11,584,6331,82,1699,502,4632,0,0,473,4213,108,1087,477,5300,California
Calaveras,2021-02-12,570,6901,325,2024,245,4877,0,0,493,4634,75,1162,496,5796,California
Calaveras,2021-02-13,201,7102,45,2069,156,5033,0,0,186,4805,15,1177,186,5982,California
Calaveras,2021-02-14,221,7323,71,2140,150,5183,0,0,206,4997,14,1191,206,6188,California
Calaveras,2021-02-15,382,7705,23,2163,359,5542,0,0,262,5142,117,1308,262,6450,California
Calaveras,2021-02-16,268,7973,144,2307,124,5666,0,0,230,5336,38,1346,232,6682,California
Calaveras,2021-02-17,512,8485,38,2345,474,6140,0,0,209,5255,293,1639,212,6894,California
Calaveras,2021-02-18,499,8984,91,2436,408,6548,0,0,96,4966,386,2025,97,6991,California
Calaveras,2021-02-19,440,9424,43,2479,397,6945,0,0,98,4731,333,2358,98,7089,California
Calaveras,2021-02-20,59,9483,15,2494,44,6989,0,0,48,4768,11,2369,48,7137,California
Calaveras,2021-02-21,24,9507,14,2508,10,6999,0,0,18,4781,5,2374,18,7155,California
Calaveras,2021-02-22,62,9569,38,2546,24,7023,0,0,33,4785,29,2403,33,7188,California
Calaveras,2021-02-23,127,9696,42,2588,85,7108,0,0,91,4841,36,2439,92,7280,California
Calaveras,2021-02-24,97,9793,48,2636,49,7157,0,0,67,4879,29,2468,67,7347,California
Calaveras,2021-02-25,550,10343,99,2735,451,7608,0,0,355,5048,190,2658,359,7706,California
Calaveras,2021-02-26,720,11063,48,2783,672,8280,0,0,371,5090,331,2989,373,8079,California
Calaveras,2021-02-27,204,11267,22,2805,182,8462,0,0,180,5246,24,3013,180,8259,California
Calaveras,2021-02-28,97,11364,15,2820,82,8544,0,0,91,5332,5,3018,91,8350,California
Calaveras,2021-03-01,229,11593,41,2861,188,8732,0,0,146,5399,80,3098,147,8497,California
Calaveras,2021-03-02,250,11843,97,2958,153,8885,0,0,204,5561,43,3141,205,8702,California
Calaveras,2021-03-03,514,12357,104,3062,410,9295,0,0,212,5477,296,3437,212,8914,California
Calaveras,2021-03-04,745,13102,69,3131,675,9970,1,1,354,5450,382,3819,355,9269,California
Calaveras,2021-03-05,455,13557,272,3403,179,10149,4,5,140,5284,310,4129,144,9413,California
Calaveras,2021-03-06,154,13711,42,3445,106,10255,6,11,114,5364,40,4169,120,9533,California
Calaveras,2021-03-07,75,13786,32,3477,36,10291,7,18,34,5364,41,4210,41,9574,California
Calaveras,2021-03-08,162,13948,27,3504,127,10418,8,26,128,5467,33,4243,136,9710,California
Calaveras,2021-03-09,360,14308,136,3640,218,10636,6,32,32,5182,323,4566,38,9748,California
Calaveras,2021-03-10,419,14727,30,3670,386,11022,3,35,57,4886,356,4922,60,9808,California
Calaveras,2021-03-11,851,15578,423,4093,415,11437,13,48,433,4921,413,5335,448,10256,California
Calaveras,2021-03-12,402,15980,213,4306,179,11616,10,58,326,5188,75,5410,342,10598,California
Calaveras,2021-03-13,177,16157,16,4322,153,11769,8,66,140,5303,36,5446,151,10749,California
Calaveras,2021-03-14,156,16313,11,4333,144,11913,1,67,18,5191,138,5584,26,10775,California
Calaveras,2021-03-15,330,16643,48,4381,256,12169,26,93,52,4996,277,5861,82,10857,California
Calaveras,2021-03-16,689,17332,553,4934,116,12285,20,113,546,5421,141,6002,566,11423,California
Calaveras,2021-03-17,281,17613,53,4987,214,12499,14,127,50,5259,227,6229,65,11488,California
Calaveras,2021-03-18,666,18279,570,5557,80,12579,16,143,549,5709,117,6346,567,12055,California
Calaveras,2021-03-19,231,18510,50,5607,107,12686,74,217,57,5668,170,6516,129,12184,California
Calaveras,2021-03-20,81,18591,22,5629,58,12744,1,218,23,5635,58,6574,25,12209,California
Calaveras,2021-03-21,47,18638,30,5659,6,12750,11,229,12,5623,35,6609,23,12232,California
Calaveras,2021-03-22,79,18717,35,5694,23,12773,21,250,25,5615,54,6663,46,12278,California
Calaveras,2021-03-23,294,19011,204,5898,80,12853,10,260,116,5573,168,6831,126,12404,California
Calaveras,2021-03-24,134,19145,51,5949,73,12926,10,270,43,5537,89,6920,53,12457,California
Calaveras,2021-03-25,743,19888,103,6052,636,13562,4,274,446,5697,290,7210,450,12907,California
Calaveras,2021-03-26,427,20315,28,6080,393,13955,6,280,88,5457,336,7546,96,13003,California
Calaveras,2021-03-27,212,20527,19,6099,189,14144,4,284,37,5328,172,7718,43,13046,California
Calaveras,2021-03-28,111,20638,12,6111,97,14241,2,286,8,5237,102,7820,11,13057,California
Calaveras,2021-03-29,178,20816,23,6134,152,14393,3,289,58,5181,118,7938,62,13119,California
Calaveras,2021-03-30,532,21348,24,6158,491,14884,17,306,356,5379,175,8113,373,13492,California
Calaveras,2021-03-31,321,21669,139,6297,172,15056,10,316,155,5379,166,8279,166,13658,California
Calaveras,2021-04-01,685,22354,443,6740,241,15297,1,317,186,5071,498,8777,190,13848,California
Calaveras,2021-04-02,393,22747,231,6971,154,15451,8,325,117,4924,273,9050,126,13974,California
Calaveras,2021-04-03,144,22891,34,7005,106,15557,4,329,40,4864,104,9154,44,14018,California
Calaveras,2021-04-04,78,22969,25,7030,53,15610,0,329,49,4884,29,9183,49,14067,California
Calaveras,2021-04-05,211,23180,81,7111,121,15731,9,338,100,4883,111,9294,110,14177,California
Calaveras,2021-04-06,650,23830,573,7684,64,15795,13,351,111,4472,535,9829,124,14301,California
Calaveras,2021-04-07,753,24583,657,8341,60,15855,36,387,617,4990,136,9965,654,14955,California
Calaveras,2021-04-08,947,25530,856,9197,70,15925,21,408,437,4942,507,10472,459,15414,California
Calaveras,2021-04-09,154,25684,58,9255,48,15973,48,456,57,4952,96,10568,106,15520,California
Calaveras,2021-04-10,190,25874,42,9297,130,16103,18,474,148,5078,41,10609,167,15687,California
Calaveras,2021-04-11,69,25943,44,9341,23,16126,2,476,48,5107,21,10630,50,15737,California
Calaveras,2021-04-12,103,26046,46,9387,38,16164,19,495,55,5134,48,10678,75,15812,California
Calaveras,2021-04-13,422,26468,367,9754,55,16219,0,495,363,5441,58,10736,365,16177,California
Calaveras,2021-04-14,181,26649,28,9782,153,16372,0,495,135,5531,46,10782,136,16313,California
Calaveras,2021-04-15,336,26985,287,10069,49,16421,0,495,253,5704,80,10862,253,16566,California
Calaveras,2021-04-16,99,27084,25,10094,74,16495,0,495,47,5703,48,10910,47,16613,California
Calaveras,2021-04-17,330,27414,127,10221,203,16698,0,495,287,5947,43,10953,287,16900,California
Calaveras,2021-04-18,17,27431,5,10226,12,16710,0,495,10,5950,7,10960,10,16910,California
Calaveras,2021-04-19,71,27502,27,10253,44,16754,0,495,44,5969,26,10986,45,16955,California
Calaveras,2021-04-20,261,27763,93,10346,168,16922,0,495,195,6100,64,11050,195,17150,California
Calaveras,2021-04-21,218,27981,147,10493,71,16993,0,495,87,6059,129,11179,88,17238,California
Calaveras,2021-04-22,541,28522,96,10589,445,17438,0,495,141,5805,398,11577,144,17382,California
Calaveras,2021-04-23,158,28680,80,10669,78,17516,0,495,65,5779,91,11668,65,17447,California
Calaveras,2021-04-24,173,28853,37,10706,136,17652,0,495,130,5868,42,11710,131,17578,California
Calaveras,2021-04-25,43,28896,28,10734,15,17667,0,495,22,5871,21,11731,24,17602,California
Calaveras,2021-04-26,96,28992,59,10793,37,17704,0,495,28,5832,68,11799,29,17631,California
Calaveras,2021-04-27,425,29417,59,10852,352,18056,14,509,58,5539,365,12164,72,17703,California
Calaveras,2021-04-28,642,30059,574,11426,37,18093,31,540,52,5041,590,12754,92,17795,California
Calaveras,2021-04-29,510,30569,440,11866,51,18144,19,559,71,4698,438,13192,95,17890,California
Calaveras,2021-04-30,147,30716,59,11925,83,18227,5,564,66,4694,81,13273,77,17967,California
Calaveras,2021-05-01,197,30913,109,12034,86,18313,2,566,130,4764,66,13339,136,18103,California
Calaveras,2021-05-02,52,30965,35,12069,16,18329,1,567,20,4755,31,13370,22,18125,California
Calaveras,2021-05-03,94,31059,70,12139,19,18348,5,572,30,4730,64,13434,39,18164,California
Calaveras,2021-05-04,413,31472,328,12467,48,18396,37,609,42,4440,370,13804,80,18244,California
Calaveras,2021-05-05,110,31582,56,12523,22,18418,32,641,48,4458,61,13865,79,18323,California
Calaveras,2021-05-06,253,31835,194,12717,36,18454,23,664,47,4324,205,14070,71,18394,California
Calaveras,2021-05-07,84,31919,24,12741,54,18508,6,670,54,4354,30,14100,60,18454,California
Calaveras,2021-05-08,289,32208,140,12881,147,18655,2,672,92,4253,195,14295,94,18548,California
Calaveras,2021-05-09,28,32236,12,12893,13,18668,3,675,12,4252,16,14311,15,18563,California
Calaveras,2021-05-10,52,32288,23,12916,28,18696,1,676,23,4249,28,14339,25,18588,California
Calaveras,2021-05-11,129,32417,86,13002,31,18727,12,688,90,4314,38,14377,103,18691,California
Calaveras,2021-05-12,158,32575,38,13040,120,18847,0,688,44,4245,113,14490,44,18735,California
Calaveras,2021-05-13,113,32688,60,13100,38,18885,15,703,59,4266,53,14543,74,18809,California
Calaveras,2021-05-14,149,32837,92,13192,54,18939,3,706,100,4321,48,14591,103,18912,California
Calaveras,2021-05-15,264,33101,93,13285,168,19107,3,709,105,4276,153,14744,108,19020,California
Calaveras,2021-05-16,26,33127,11,13296,15,19122,0,709,13,4277,13,14757,14,19034,California
Calaveras,2021-05-17,87,33214,40,13336,40,19162,7,716,47,4293,39,14796,55,19089,California
Calaveras,2021-05-18,223,33437,59,13395,142,19304,22,738,73,4238,150,14946,95,19184,California
Calaveras,2021-05-19,147,33584,58,13453,83,19387,6,744,70,4239,76,15022,77,19261,California
Calaveras,2021-05-20,160,33744,56,13509,82,19469,22,766,41,4185,116,15138,62,19323,California
Calaveras,2021-05-21,29,33773,18,13527,9,19478,2,768,14,4186,15,15153,16,19339,California
Colusa,2020-12-18,1,1,1,1,0,0,0,0,1,1,0,0,1,1,California
Colusa,2020-12-21,2,3,2,3,0,0,0,0,2,3,0,0,2,3,California
Colusa,2020-12-22,10,13,10,13,0,0,0,0,10,13,0,0,10,13,California
Colusa,2020-12-23,10,23,10,23,0,0,0,0,10,23,0,0,10,23,California
Colusa,2020-12-24,2,25,1,24,1,1,0,0,2,25,0,0,2,25,California
Colusa,2020-12-27,1,26,1,25,0,1,0,0,1,26,0,0,1,26,California
Colusa,2020-12-28,7,33,3,28,4,5,0,0,7,33,0,0,7,33,California
Colusa,2020-12-29,11,44,8,36,3,8,0,0,11,44,0,0,11,44,California
Colusa,2020-12-30,50,94,13,49,37,45,0,0,50,94,0,0,50,94,California
Colusa,2020-12-31,18,112,1,50,17,62,0,0,18,112,0,0,18,112,California
Colusa,2021-01-04,4,116,0,50,4,66,0,0,4,116,0,0,4,116,California
Colusa,2021-01-05,67,183,1,51,66,132,0,0,67,183,0,0,67,183,California
Colusa,2021-01-06,15,198,9,60,6,138,0,0,15,198,0,0,15,198,California
Colusa,2021-01-07,38,236,4,64,34,172,0,0,37,234,1,1,37,235,California
Colusa,2021-01-08,9,245,7,71,2,174,0,0,8,241,1,2,8,243,California
Colusa,2021-01-09,2,247,1,72,1,175,0,0,2,243,0,2,2,245,California
Colusa,2021-01-10,1,248,0,72,1,176,0,0,1,244,0,2,1,246,California
Colusa,2021-01-11,12,260,6,78,6,182,0,0,7,246,5,7,7,253,California
Colusa,2021-01-12,11,271,9,87,2,184,0,0,6,247,5,12,6,259,California
Colusa,2021-01-13,21,292,13,100,8,192,0,0,13,252,8,20,13,272,California
Colusa,2021-01-14,35,327,28,128,7,199,0,0,33,283,2,22,33,305,California
Colusa,2021-01-15,42,369,5,133,37,236,0,0,40,321,2,24,40,345,California
Colusa,2021-01-16,12,381,1,134,11,247,0,0,11,331,1,25,11,356,California
Colusa,2021-01-17,3,384,2,136,1,248,0,0,2,332,1,26,2,358,California
Colusa,2021-01-18,4,388,0,136,4,252,0,0,4,336,0,26,4,362,California
Colusa,2021-01-19,9,397,8,144,1,253,0,0,5,337,4,30,5,367,California
Colusa,2021-01-20,115,512,101,245,14,267,0,0,102,426,13,43,102,469,California
Colusa,2021-01-21,56,568,41,286,15,282,0,0,55,480,1,44,55,524,California
Colusa,2021-01-22,40,608,17,303,23,305,0,0,35,510,5,49,35,559,California
Colusa,2021-01-23,35,643,6,309,29,334,0,0,35,545,0,49,35,594,California
Colusa,2021-01-25,7,650,0,309,7,341,0,0,7,552,0,49,7,601,California
Colusa,2021-01-26,8,658,5,314,3,344,0,0,5,554,3,52,5,606,California
Colusa,2021-01-27,109,767,31,345,78,422,0,0,107,659,2,54,107,713,California
Colusa,2021-01-28,79,846,46,391,33,455,0,0,72,724,7,61,72,785,California
Colusa,2021-01-29,41,887,7,398,34,489,0,0,40,763,1,62,40,825,California
Colusa,2021-01-30,27,914,4,402,23,512,0,0,27,790,0,62,27,852,California
Colusa,2021-01-31,7,921,7,409,0,512,0,0,7,797,0,62,7,859,California
Colusa,2021-02-01,27,948,10,419,17,529,0,0,22,814,5,67,22,881,California
Colusa,2021-02-02,43,991,9,428,34,563,0,0,37,845,6,73,37,918,California
Colusa,2021-02-03,69,1060,10,438,59,622,0,0,59,894,10,83,59,977,California
Colusa,2021-02-04,143,1203,81,519,62,684,0,0,115,981,28,111,115,1092,California
Colusa,2021-02-05,32,1235,8,527,24,708,0,0,29,1007,3,114,29,1121,California
Colusa,2021-02-06,285,1520,9,536,276,984,0,0,274,1270,11,125,274,1395,California
Colusa,2021-02-07,2,1522,1,537,1,985,0,0,0,1268,2,127,0,1395,California
Colusa,2021-02-08,40,1562,5,542,35,1020,0,0,37,1302,3,130,37,1432,California
Colusa,2021-02-09,231,1793,14,556,217,1237,0,0,176,1423,55,185,176,1608,California
Colusa,2021-02-10,116,1909,41,597,75,1312,0,0,73,1453,43,228,73,1681,California
Colusa,2021-02-11,98,2007,36,633,62,1374,0,0,73,1501,25,253,73,1754,California
Colusa,2021-02-12,118,2125,9,642,109,1483,0,0,79,1540,40,293,79,1833,California
Colusa,2021-02-13,60,2185,8,650,52,1535,0,0,52,1584,8,301,52,1885,California
Colusa,2021-02-14,21,2206,8,658,13,1548,0,0,15,1593,6,307,15,1900,California
Colusa,2021-02-15,46,2252,10,668,36,1584,0,0,39,1625,7,314,39,1939,California
Colusa,2021-02-16,67,2319,4,672,63,1647,0,0,66,1690,1,315,66,2005,California
Colusa,2021-02-17,206,2525,143,815,63,1710,0,0,60,1604,146,461,60,2065,California
Colusa,2021-02-18,135,2660,35,850,100,1810,0,0,112,1693,23,484,112,2177,California
Colusa,2021-02-19,155,2815,19,869,136,1946,0,0,129,1796,26,510,129,2306,California
Colusa,2021-02-20,28,2843,6,875,22,1968,0,0,12,1792,16,526,12,2318,California
Colusa,2021-02-21,1,2844,1,876,0,1968,0,0,0,1791,1,527,0,2318,California
Colusa,2021-02-22,43,2887,26,902,17,1985,0,0,29,1806,14,541,29,2347,California
Colusa,2021-02-23,23,2910,7,909,16,2001,0,0,18,1819,5,546,18,2365,California
Colusa,2021-02-24,302,3212,54,963,248,2249,0,0,160,1837,142,688,160,2525,California
Colusa,2021-02-25,102,3314,55,1018,47,2296,0,0,66,1867,36,724,66,2591,California
Colusa,2021-02-26,99,3413,14,1032,85,2381,0,0,60,1888,39,763,60,2651,California
Colusa,2021-02-27,55,3468,4,1036,51,2432,0,0,40,1913,15,778,40,2691,California
Colusa,2021-02-28,26,3494,14,1050,12,2444,0,0,17,1921,9,787,17,2708,California
Colusa,2021-03-01,46,3540,15,1065,31,2475,0,0,29,1933,17,804,29,2737,California
Colusa,2021-03-02,49,3589,13,1078,36,2511,0,0,26,1936,23,827,26,2763,California
Colusa,2021-03-03,242,3831,43,1121,199,2710,0,0,185,2064,57,884,185,2948,California
Colusa,2021-03-04,138,3969,58,1179,80,2790,0,0,79,2084,59,943,79,3027,California
Colusa,2021-03-05,98,4067,25,1204,64,2854,9,9,53,2101,45,988,62,3089,California
Colusa,2021-03-06,274,4341,9,1213,265,3119,0,9,37,1901,237,1225,37,3126,California
Colusa,2021-03-07,8,4349,5,1218,3,3122,0,9,6,1905,2,1227,6,3132,California
Colusa,2021-03-08,89,4438,21,1239,33,3155,35,44,45,1941,44,1271,80,3212,California
Colusa,2021-03-09,276,4714,74,1313,179,3334,23,67,85,1858,191,1462,108,3320,California
Colusa,2021-03-10,289,5003,37,1350,216,3550,36,103,203,2011,86,1548,239,3559,California
Colusa,2021-03-11,420,5423,60,1410,339,3889,21,124,339,2288,81,1629,358,3917,California
Colusa,2021-03-12,109,5532,18,1428,78,3967,13,137,19,2230,90,1719,32,3949,California
Colusa,2021-03-13,61,5593,16,1444,36,4003,9,146,18,2214,43,1762,27,3976,California
Colusa,2021-03-14,20,5613,0,1444,18,4021,2,148,6,2209,13,1775,8,3984,California
Colusa,2021-03-15,71,5684,27,1471,36,4057,8,156,15,2176,56,1831,23,4007,California
Colusa,2021-03-16,297,5981,16,1487,235,4292,46,202,189,2303,108,1939,235,4242,California
Colusa,2021-03-17,194,6175,49,1536,145,4437,0,202,108,2325,86,2025,108,4350,California
Colusa,2021-03-18,324,6499,37,1573,216,4653,71,273,201,2474,123,2148,272,4622,California
Colusa,2021-03-19,78,6577,20,1593,56,4709,2,275,53,2504,25,2173,55,4677,California
Colusa,2021-03-20,49,6626,7,1600,41,4750,1,276,36,2528,13,2186,37,4714,California
Colusa,2021-03-21,6,6632,4,1604,2,4752,0,276,4,2530,2,2188,4,4718,California
Colusa,2021-03-22,62,6694,10,1614,43,4795,9,285,40,2557,22,2210,49,4767,California
Colusa,2021-03-23,82,6776,16,1630,64,4859,2,287,55,2587,27,2237,57,4824,California
Colusa,2021-03-24,340,7116,57,1687,277,5136,6,293,68,2388,272,2509,73,4897,California
Colusa,2021-03-25,108,7224,59,1746,44,5180,5,298,52,2389,56,2565,57,4954,California
Colusa,2021-03-26,300,7524,47,1793,249,5429,4,302,247,2587,53,2618,251,5205,California
Colusa,2021-03-27,63,7587,5,1798,58,5487,0,302,25,2574,38,2656,25,5230,California
Colusa,2021-03-28,16,7603,7,1805,9,5496,0,302,8,2574,8,2664,8,5238,California
Colusa,2021-03-29,72,7675,20,1825,46,5542,6,308,32,2572,40,2704,38,5276,California
Colusa,2021-03-30,149,7824,80,1905,67,5609,2,310,73,2572,76,2780,76,5352,California
Colusa,2021-03-31,234,8058,42,1947,192,5801,0,310,74,2487,159,2939,74,5426,California
Colusa,2021-04-01,429,8487,71,2018,304,6105,54,364,307,2726,121,3060,360,5786,California
Colusa,2021-04-02,81,8568,12,2030,55,6160,14,378,37,2733,44,3104,51,5837,California
Colusa,2021-04-03,61,8629,10,2040,28,6188,23,401,13,2721,48,3152,36,5873,California
Colusa,2021-04-04,18,8647,0,2040,8,6196,10,411,3,2719,15,3167,13,5886,California
Colusa,2021-04-05,96,8743,26,2066,55,6251,15,426,39,2716,57,3224,54,5940,California
Colusa,2021-04-06,129,8872,34,2100,45,6296,50,476,43,2723,86,3310,93,6033,California
Colusa,2021-04-07,355,9227,39,2139,293,6589,23,499,129,2650,226,3536,153,6186,California
Colusa,2021-04-08,427,9654,34,2173,367,6956,26,525,122,2496,302,3838,148,6334,California
Colusa,2021-04-09,76,9730,21,2194,32,6988,23,548,28,2499,48,3886,51,6385,California
Colusa,2021-04-10,44,9774,9,2203,15,7003,20,568,12,2499,32,3918,32,6417,California
Colusa,2021-04-11,16,9790,3,2206,11,7014,2,570,8,2501,8,3926,10,6427,California
Colusa,2021-04-12,31,9821,3,2209,28,7042,0,570,24,2518,7,3933,24,6451,California
Colusa,2021-04-13,279,10100,22,2231,257,7299,0,570,94,2428,184,4117,94,6545,California
Colusa,2021-04-14,95,10195,19,2250,76,7375,0,570,34,2401,61,4178,34,6579,California
Colusa,2021-04-15,324,10519,46,2296,278,7653,0,570,132,2341,192,4370,132,6711,California
Colusa,2021-04-16,79,10598,11,2307,68,7721,0,570,35,2333,43,4413,35,6746,California
Colusa,2021-04-17,51,10649,7,2314,44,7765,0,570,29,2340,22,4435,29,6775,California
Colusa,2021-04-18,9,10658,2,2316,7,7772,0,570,7,2345,2,4437,7,6782,California
Colusa,2021-04-19,61,10719,22,2338,39,7811,0,570,17,2318,44,4481,17,6799,California
Colusa,2021-04-20,176,10895,32,2370,144,7955,0,570,127,2396,49,4530,127,6926,California
Colusa,2021-04-21,170,11065,59,2429,111,8066,0,570,110,2446,60,4590,110,7036,California
Colusa,2021-04-22,419,11484,27,2456,391,8457,1,571,215,2458,203,4793,215,7251,California
Colusa,2021-04-23,91,11575,17,2473,74,8531,0,571,35,2437,56,4849,35,7286,California
Colusa,2021-04-24,237,11812,19,2492,217,8748,1,572,204,2609,33,4882,205,7491,California
Colusa,2021-04-25,12,11824,6,2498,6,8754,0,572,8,2613,4,4886,8,7499,California
Colusa,2021-04-26,23,11847,5,2503,17,8771,1,573,6,2603,16,4902,6,7505,California
Colusa,2021-04-27,94,11941,23,2526,67,8838,4,577,43,2599,51,4953,47,7552,California
Colusa,2021-04-28,187,12128,26,2552,158,8996,3,580,138,2692,48,5001,141,7693,California
Colusa,2021-04-29,317,12445,27,2579,286,9282,4,584,48,2477,267,5268,52,7745,California
Colusa,2021-04-30,65,12510,18,2597,47,9329,0,584,41,2494,24,5292,41,7786,California
Colusa,2021-05-01,19,12529,8,2605,8,9337,3,587,9,2496,10,5302,12,7798,California
Colusa,2021-05-02,3,12532,0,2605,2,9339,1,588,2,2498,1,5303,3,7801,California
Colusa,2021-05-03,21,12553,7,2612,14,9353,0,588,6,2489,15,5318,6,7807,California
Colusa,2021-05-04,85,12638,43,2655,41,9394,1,589,63,2531,22,5340,64,7871,California
Colusa,2021-05-05,67,12705,16,2671,50,9444,1,590,32,2529,35,5375,33,7904,California
Colusa,2021-05-06,253,12958,16,2687,235,9679,2,592,110,2498,143,5518,112,8016,California
Colusa,2021-05-07,66,13024,5,2692,57,9736,4,596,30,2496,36,5554,34,8050,California
Colusa,2021-05-08,18,13042,5,2697,13,9749,0,596,9,2496,9,5563,9,8059,California
Colusa,2021-05-09,13,13055,5,2702,5,9754,3,599,6,2498,7,5570,9,8068,California
Colusa,2021-05-10,16,13071,7,2709,9,9763,0,599,6,2494,10,5580,6,8074,California
Colusa,2021-05-11,93,13164,34,2743,59,9822,0,599,50,2501,43,5623,50,8124,California
Colusa,2021-05-12,73,13237,32,2775,37,9859,4,603,21,2474,52,5675,25,8149,California
Colusa,2021-05-13,233,13470,14,2789,218,10077,1,604,70,2382,163,5838,71,8220,California
Colusa,2021-05-14,85,13555,18,2807,52,10129,15,619,33,2379,51,5889,48,8268,California
Colusa,2021-05-15,38,13593,9,2816,27,10156,2,621,20,2383,18,5907,22,8290,California
Colusa,2021-05-16,23,13616,6,2822,10,10166,7,628,11,2389,12,5919,18,8308,California
Colusa,2021-05-17,19,13635,4,2826,13,10179,2,630,12,2396,7,5926,14,8322,California
Colusa,2021-05-18,98,13733,24,2850,72,10251,2,632,42,2384,56,5982,44,8366,California
Colusa,2021-05-19,188,13921,42,2892,126,10377,20,652,66,2348,122,6104,86,8452,California
Colusa,2021-05-20,154,14075,25,2917,125,10502,4,656,48,2295,106,6210,53,8505,California
Colusa,2021-05-21,29,14104,11,2928,16,10518,2,658,15,2298,14,6224,17,8522,California
Contra Costa,2020-12-15,18,18,18,18,0,0,0,0,18,18,0,0,18,18,California
Contra Costa,2020-12-16,520,538,520,538,0,0,0,0,520,538,0,0,520,538,California
Contra Costa,2020-12-17,912,1450,912,1450,0,0,0,0,912,1450,0,0,912,1450,California
Contra Costa,2020-12-18,1597,3047,1596,3046,1,1,0,0,1597,3047,0,0,1597,3047,California
Contra Costa,2020-12-19,1105,4152,1104,4150,1,2,0,0,1105,4152,0,0,1105,4152,California
Contra Costa,2020-12-20,582,4734,581,4731,1,3,0,0,582,4734,0,0,582,4734,California
Contra Costa,2020-12-21,1659,6393,1657,6388,2,5,0,0,1659,6393,0,0,1659,6393,California
Contra Costa,2020-12-22,1668,8061,1563,7951,105,110,0,0,1668,8061,0,0,1668,8061,California
Contra Costa,2020-12-23,1606,9667,1358,9309,248,358,0,0,1606,9667,0,0,1606,9667,California
Contra Costa,2020-12-24,658,10325,337,9646,321,679,0,0,658,10325,0,0,658,10325,California
Contra Costa,2020-12-25,39,10364,17,9663,22,701,0,0,39,10364,0,0,39,10364,California
Contra Costa,2020-12-26,645,11009,132,9795,513,1214,0,0,645,11009,0,0,645,11009,California
Contra Costa,2020-12-27,240,11249,86,9881,154,1368,0,0,240,11249,0,0,240,11249,California
Contra Costa,2020-12-28,1841,13090,866,10747,975,2343,0,0,1841,13090,0,0,1841,13090,California
Contra Costa,2020-12-29,1830,14920,821,11568,1009,3352,0,0,1830,14920,0,0,1830,14920,California
Contra Costa,2020-12-30,2394,17314,1213,12781,1181,4533,0,0,2393,17313,0,0,2393,17313,California
Contra Costa,2020-12-31,917,18231,307,13088,610,5143,0,0,916,18229,0,0,916,18229,California
Contra Costa,2021-01-01,61,18292,23,13111,38,5181,0,0,61,18290,0,0,61,18290,California
Contra Costa,2021-01-02,338,18630,174,13285,164,5345,0,0,338,18628,0,0,338,18628,California
Contra Costa,2021-01-03,178,18808,120,13405,58,5403,0,0,177,18805,0,0,177,18805,California
Contra Costa,2021-01-04,1908,20716,1251,14656,657,6060,0,0,1888,20675,18,18,1888,20693,California
Contra Costa,2021-01-05,2106,22822,1258,15914,848,6908,0,0,1847,22265,258,276,1848,22541,California
Contra Costa,2021-01-06,3287,26109,2252,18166,1035,7943,0,0,2525,24037,756,1032,2528,25069,California
Contra Costa,2021-01-07,3100,29209,2062,20228,1038,8981,0,0,1885,24710,1212,2244,1885,26954,California
Contra Costa,2021-01-08,3393,32602,2394,22622,999,9980,0,0,1828,24981,1560,3804,1831,28785,California
Contra Costa,2021-01-09,1587,34189,1136,23758,451,10431,0,0,747,24891,839,4643,749,29534,California
Contra Costa,2021-01-10,362,34551,285,24043,77,10508,0,0,155,24839,207,4850,155,29689,California
Contra Costa,2021-01-11,3836,38387,3145,27188,691,11199,0,0,2230,25466,1606,6456,2233,31922,California
Contra Costa,2021-01-12,3921,42308,2943,30131,978,12177,0,0,2592,26733,1329,7785,2596,34518,California
Contra Costa,2021-01-13,4734,47042,2941,33072,1793,13970,0,0,3783,29570,947,8732,3784,38302,California
Contra Costa,2021-01-14,4327,51369,1565,34637,2762,16732,0,0,3944,33131,383,9115,3944,42246,California
Contra Costa,2021-01-15,5347,56716,2463,37100,2884,19616,0,0,5021,37831,325,9440,5025,47271,California
Contra Costa,2021-01-16,1725,58441,556,37656,1169,20785,0,0,1650,39406,75,9515,1650,48921,California
Contra Costa,2021-01-17,1638,60079,974,38630,664,21449,0,0,1516,40803,122,9637,1519,50440,California
Contra Costa,2021-01-18,3212,63291,1266,39896,1946,23395,0,0,2587,42772,619,10256,2588,53028,California
Contra Costa,2021-01-19,7060,70351,3155,43051,3905,27300,0,0,6056,47832,1001,11257,6061,59089,California
Contra Costa,2021-01-20,6686,77037,4122,47173,2564,29864,0,0,5453,52061,1229,12486,5458,64547,California
Contra Costa,2021-01-21,6977,84014,3106,50279,3871,33735,0,0,6249,57596,722,13208,6257,70804,California
Contra Costa,2021-01-22,6394,90408,2718,52997,3676,37411,0,0,5533,62280,852,14060,5536,76340,California
Contra Costa,2021-01-23,2038,92446,360,53357,1678,39089,0,0,1778,63802,258,14318,1780,78120,California
Contra Costa,2021-01-24,1591,94037,218,53575,1373,40462,0,0,1444,65103,147,14465,1448,79568,California
Contra Costa,2021-01-25,6691,100728,3043,56618,3648,44110,0,0,5121,68659,1568,16033,5124,84692,California
Contra Costa,2021-01-26,8102,108830,4686,61304,3416,47526,0,0,6252,73074,1842,17875,6257,90949,California
Contra Costa,2021-01-27,8165,116995,5407,66711,2758,50284,0,0,6329,77582,1825,19700,6333,97282,California
Contra Costa,2021-01-28,7468,124463,4091,70802,3377,53661,0,0,5856,81836,1606,21306,5860,103142,California
Contra Costa,2021-01-29,7448,131911,3892,74694,3556,57217,0,0,6136,86666,1308,22614,6138,109280,California
Contra Costa,2021-01-30,2141,134052,657,75351,1484,58701,0,0,1737,88006,397,23011,1737,111017,California
Contra Costa,2021-01-31,648,134700,428,75779,220,58921,0,0,556,88473,89,23100,556,111573,California
Contra Costa,2021-02-01,5873,140573,4099,79878,1774,60695,0,0,3968,90547,1897,24997,3971,115544,California
Contra Costa,2021-02-02,7575,148148,5080,84958,2495,63190,0,0,5878,94730,1696,26693,5879,121423,California
Contra Costa,2021-02-03,8290,156438,5479,90437,2811,66001,0,0,5629,97708,2652,29345,5630,127053,California
Contra Costa,2021-02-04,7512,163950,3586,94023,3926,69927,0,0,5746,101693,1764,31109,5749,132802,California
Contra Costa,2021-02-05,8437,172387,4813,98836,3624,73551,0,0,5744,104751,2686,33795,5744,138546,California
Contra Costa,2021-02-06,3487,175874,2163,100999,1324,74875,0,0,2833,106932,653,34448,2834,141380,California
Contra Costa,2021-02-07,984,176858,713,101712,271,75146,0,0,605,107159,378,34826,605,141985,California
Contra Costa,2021-02-08,5858,182716,3468,105180,2390,77536,0,0,4372,110052,1480,36306,4373,146358,California
Contra Costa,2021-02-09,8683,191399,4793,109973,3890,81426,0,0,5790,112956,2887,39193,5791,152149,California
Contra Costa,2021-02-10,8647,200046,4656,114629,3991,85417,0,0,5361,115051,3270,42463,5365,157514,California
Contra Costa,2021-02-11,9337,209383,4217,118846,5120,90537,0,0,5269,116263,4062,46525,5274,162788,California
Contra Costa,2021-02-12,10095,219478,4627,123473,5468,96005,0,0,5462,117102,4626,51151,5465,168253,California
Contra Costa,2021-02-13,4890,224368,1368,124841,3522,99527,0,0,3405,119026,1482,52633,3406,171659,California
Contra Costa,2021-02-14,2095,226463,867,125708,1228,100755,0,0,1231,119395,862,53495,1231,172890,California
Contra Costa,2021-02-15,4468,230931,2476,128184,1992,102747,0,0,2343,119620,2119,55614,2344,175234,California
Contra Costa,2021-02-16,10429,241360,4915,133099,5514,108261,0,0,4649,118501,5772,61386,4653,179887,California
Contra Costa,2021-02-17,12307,253667,6152,139251,6155,114416,0,0,5648,117506,6644,68030,5649,185536,California
Contra Costa,2021-02-18,11490,265157,5979,145230,5511,119927,0,0,5336,116701,6143,74173,5338,190874,California
Contra Costa,2021-02-19,11421,276578,7115,152345,4306,124233,0,0,5184,115663,6223,80396,5185,196059,California
Contra Costa,2021-02-20,6469,283047,2913,155258,3556,127789,0,0,4579,118370,1874,82270,4581,200640,California
Contra Costa,2021-02-21,2275,285322,1721,156979,554,128343,0,0,1545,119186,729,82999,1545,202185,California
Contra Costa,2021-02-22,7592,292914,5143,162122,2449,130792,0,0,3500,118608,4080,87079,3502,205687,California
Contra Costa,2021-02-23,12102,305016,7438,169560,4664,135456,0,0,6105,118734,5983,93062,6109,211796,California
Contra Costa,2021-02-24,10594,315610,7775,177335,2819,138275,0,0,5122,118403,5455,98517,5124,216920,California
Contra Costa,2021-02-25,11525,327135,7252,184587,4273,142548,0,0,5234,117371,6270,104787,5238,222158,California
Contra Costa,2021-02-26,10768,337903,6797,191384,3971,146519,0,0,5339,117297,5414,110201,5340,227498,California
Contra Costa,2021-02-27,6792,344695,4368,195752,2424,148943,0,0,4256,119027,2528,112729,4258,231756,California
Contra Costa,2021-02-28,3813,348508,3136,198888,677,149620,0,0,3213,121644,597,113326,3214,234970,California
Contra Costa,2021-03-01,8239,356747,6208,205096,2026,151646,5,5,5079,123586,3144,116470,5086,240056,California
Contra Costa,2021-03-02,10648,367395,6811,211907,3836,155482,1,6,5708,124372,4924,121394,5710,245766,California
Contra Costa,2021-03-03,11308,378703,7105,219012,4202,159684,1,7,6375,125830,4919,126313,6377,252143,California
Contra Costa,2021-03-04,11969,390672,7161,226173,4808,164492,0,7,6221,126322,5729,132042,6221,258364,California
Contra Costa,2021-03-05,11489,402161,6905,233078,4578,169070,6,13,6601,128058,4871,136913,6607,264971,California
Contra Costa,2021-03-06,7502,409663,4205,237283,2987,172057,310,323,4911,130698,2579,139492,5219,270190,California
Contra Costa,2021-03-07,3827,413490,2459,239742,1308,173365,60,383,3151,133235,674,140166,3211,273401,California
Contra Costa,2021-03-08,8239,421729,3926,243668,4009,177374,304,687,5533,136381,2695,142861,5841,279242,California
Contra Costa,2021-03-09,11167,432896,5928,249596,4943,182317,296,983,5850,137222,5307,148168,6148,285390,California
Contra Costa,2021-03-10,12426,445322,6211,255807,4714,187031,1501,2484,5668,137635,6747,154915,7160,292550,California
Contra Costa,2021-03-11,12508,457830,6586,262393,5357,192388,565,3049,6382,138478,6104,161019,6947,299497,California
Contra Costa,2021-03-12,12649,470479,5220,267613,6866,199254,563,3612,6314,139033,6320,167339,6875,306372,California
Contra Costa,2021-03-13,7856,478335,3155,270768,4274,203528,427,4039,3112,137841,4725,172064,3533,309905,California
Contra Costa,2021-03-14,4448,482783,2635,273403,1325,204853,488,4527,1717,137322,2723,174787,2204,312109,California
Contra Costa,2021-03-15,9474,492257,5145,278548,3572,208425,757,5284,4759,138139,4698,179485,5515,317624,California
Contra Costa,2021-03-16,14343,506600,8548,287096,5396,213821,399,5683,7148,138512,7173,186658,7546,325170,California
Contra Costa,2021-03-17,15079,521679,10416,297512,4448,218269,215,5898,8548,140773,6508,193166,8769,333939,California
Contra Costa,2021-03-18,15467,537146,8627,306139,6356,224625,484,6382,8805,143430,6630,199796,9287,343226,California
Contra Costa,2021-03-19,15686,552832,9070,315209,5214,229839,1402,7784,8320,145809,7348,207144,9727,352953,California
Contra Costa,2021-03-20,10742,563574,6451,321660,3980,233819,311,8095,5153,145704,5570,212714,5465,358418,California
Contra Costa,2021-03-21,4560,568134,3987,325647,475,234294,98,8193,2097,145444,2454,215168,2194,360612,California
Contra Costa,2021-03-22,11648,579782,8799,334446,2594,236888,255,8448,7019,148104,4613,219781,7273,367885,California
Contra Costa,2021-03-23,15700,595482,10834,345280,4694,241582,172,8620,9121,150848,6550,226331,9294,377179,California
Contra Costa,2021-03-24,15081,610563,11769,357049,3098,244680,214,8834,9137,154291,5912,232243,9355,386534,California
Contra Costa,2021-03-25,15378,625941,12000,369049,3092,247772,286,9120,9420,158074,5921,238164,9704,396238,California
Contra Costa,2021-03-26,15111,641052,10859,379908,3851,251623,401,9521,8691,160768,6393,244557,9087,405325,California
Contra Costa,2021-03-27,10570,651622,6878,386786,3179,254802,513,10034,5622,161958,4938,249495,6128,411453,California
Contra Costa,2021-03-28,4234,655856,3026,389812,1155,255957,53,10087,1616,161020,2607,252102,1669,413122,California
Contra Costa,2021-03-29,10928,666784,8534,398346,2278,258235,116,10203,6953,164135,3956,256058,7071,420193,California
Contra Costa,2021-03-30,16816,683600,9203,407549,6259,264494,1354,11557,10375,169437,6422,262480,11724,431917,California
Contra Costa,2021-03-31,18051,701651,12649,420198,3959,268453,1443,13000,11379,175623,6632,269112,12818,444735,California
Contra Costa,2021-04-01,17611,719262,12316,432514,3907,272360,1388,14388,11438,182300,6147,275259,12824,457559,California
Contra Costa,2021-04-02,17495,736757,12893,445407,3574,275934,1028,15416,11593,189030,5890,281149,12620,470179,California
Contra Costa,2021-04-03,10836,747593,6471,451878,2822,278756,1543,16959,6207,192163,4615,285764,7748,477927,California
Contra Costa,2021-04-04,3347,750940,1327,453205,1424,280180,596,17555,847,191113,2493,288257,1443,479370,California
Contra Costa,2021-04-05,12118,763058,7909,461114,3232,283412,977,18532,6589,193166,5515,293772,7568,486938,California
Contra Costa,2021-04-06,17319,780377,12001,473115,3031,286443,2287,20819,9719,197591,7580,301352,12005,498943,California
Contra Costa,2021-04-07,18581,798958,12586,485701,3179,289622,2816,23635,10550,202981,8012,309364,13402,512345,California
Contra Costa,2021-04-08,18627,817585,12412,498113,3306,292928,2909,26544,9982,207242,8618,317982,12879,525224,California
Contra Costa,2021-04-09,18680,836265,11915,510028,4289,297217,2476,29020,9955,210971,8699,326681,12428,537652,California
Contra Costa,2021-04-10,10510,846775,3802,513830,2160,299377,4548,33568,3268,211550,7225,333906,7804,545456,California
Contra Costa,2021-04-11,3329,850104,1988,515818,685,300062,656,34224,1116,211114,2207,336113,1771,547227,California
Contra Costa,2021-04-12,11888,861992,7853,523671,2971,303033,1064,35288,5577,211464,6296,342409,6646,553873,California
Contra Costa,2021-04-13,17782,879774,10910,534581,6866,309899,6,35294,11855,217425,5906,348315,11867,565740,California
Contra Costa,2021-04-14,17576,897350,11036,545617,6539,316438,1,35295,9715,219306,7838,356153,9719,575459,California
Contra Costa,2021-04-15,17500,914850,10741,556358,6758,323196,1,35296,8096,218047,9375,365528,8116,583575,California
Contra Costa,2021-04-16,16868,931718,10530,566888,6336,329532,2,35298,7571,216353,9273,374801,7579,591154,California
Contra Costa,2021-04-17,11436,943154,6285,573173,5151,334683,0,35298,6129,217195,5294,380095,6136,597290,California
Contra Costa,2021-04-18,2743,945897,2114,575287,629,335312,0,35298,1777,218015,957,381052,1777,599067,California
Contra Costa,2021-04-19,11374,957271,8503,583790,2871,338183,0,35298,3571,213811,7777,388829,3573,602640,California
Contra Costa,2021-04-20,16648,973919,10821,594611,5827,344010,0,35298,6235,209667,10383,399212,6239,608879,California
Contra Costa,2021-04-21,17321,991240,14134,608745,3187,347197,0,35298,6148,204686,11137,410349,6156,615035,California
Contra Costa,2021-04-22,17141,1008381,13879,622624,3261,350458,1,35299,6045,199675,11066,421415,6055,621090,California
Contra Costa,2021-04-23,16964,1025345,13488,636112,3476,353934,0,35299,5463,193679,11467,432882,5471,626561,California
Contra Costa,2021-04-24,10916,1036261,8418,644530,2497,356431,1,35300,4170,191128,6725,439607,4174,630735,California
Contra Costa,2021-04-25,3236,1039497,2181,646711,1053,357484,2,35302,2046,191989,1190,440797,2051,632786,California
Contra Costa,2021-04-26,9788,1049285,8200,654911,1564,359048,24,35326,2859,187973,6911,447708,2895,635681,California
Contra Costa,2021-04-27,14454,1063739,10593,665504,3709,362757,152,35478,3873,181448,10560,458268,4035,639716,California
Contra Costa,2021-04-28,13836,1077575,10756,676260,2793,365550,287,35765,3452,174843,10350,468618,3745,643461,California
Contra Costa,2021-04-29,13025,1090600,10079,686339,2776,368326,170,35935,2836,167692,10163,478781,3012,646473,California
Contra Costa,2021-04-30,13672,1104272,10784,697123,2639,370965,249,36184,3093,160486,10552,489333,3346,649819,California
Contra Costa,2021-05-01,8016,1112288,5853,702976,1844,372809,319,36503,1913,156635,6084,495417,2233,652052,California
Contra Costa,2021-05-02,2330,1114618,1583,704559,667,373476,80,36583,991,156377,1329,496746,1071,653123,California
Contra Costa,2021-05-03,9110,1123728,8014,712573,921,374397,175,36758,1925,151309,7172,503918,2104,655227,California
Contra Costa,2021-05-04,14066,1137794,12138,724711,1600,375997,328,37086,2287,142169,11755,515673,2615,657842,California
Contra Costa,2021-05-05,12497,1150291,10780,735491,1517,377514,200,37286,2394,134688,10077,525750,2596,660438,California
Contra Costa,2021-05-06,10267,1160558,8530,744021,1408,378922,329,37615,1936,128654,8307,534057,2273,662711,California
Contra Costa,2021-05-07,9609,1170167,7725,751746,1660,380582,224,37839,2212,123722,7365,541422,2433,665144,California
Contra Costa,2021-05-08,5279,1175446,3975,755721,1137,381719,167,38006,1244,121119,4018,545440,1415,666559,California
Contra Costa,2021-05-09,2098,1177544,1768,757489,270,381989,60,38066,455,119998,1639,547079,518,667077,California
Contra Costa,2021-05-10,4925,1182469,3947,761436,760,382749,218,38284,1344,117999,3560,550639,1561,668638,California
Contra Costa,2021-05-11,8670,1191139,4500,765936,3941,386690,229,38513,1705,112993,6946,557585,1940,670578,California
Contra Costa,2021-05-12,8976,1200115,4556,770492,4174,390864,246,38759,1546,107384,7406,564991,1797,672375,California
Contra Costa,2021-05-13,11281,1211396,7450,777942,3648,394512,183,38942,3934,104179,7322,572313,4117,676492,California
Contra Costa,2021-05-14,12099,1223495,8050,785992,3770,398282,279,39221,5004,102393,7069,579382,5283,681775,California
Contra Costa,2021-05-15,9935,1233430,7206,793198,2611,400893,118,39339,4384,101360,5537,584919,4504,686279,California
Contra Costa,2021-05-16,2405,1235835,2102,795300,258,401151,45,39384,1086,101178,1313,586232,1131,687410,California
Contra Costa,2021-05-17,6985,1242820,5635,800935,1180,402331,170,39554,3588,101559,3378,589610,3759,691169,California
Contra Costa,2021-05-18,10168,1252988,6948,807883,3004,405335,216,39770,4473,100583,5668,595278,4692,695861,California
Contra Costa,2021-05-19,8403,1261391,6803,814686,1410,406745,190,39960,4068,100531,4316,599594,4264,700125,California
Contra Costa,2021-05-20,6214,1267605,4927,819613,1116,407861,171,40131,2998,100500,3200,602794,3169,703294,California
Contra Costa,2021-05-21,5161,1272766,4056,823669,937,408798,168,40299,2189,99903,2953,605747,2356,705650,California
Del Norte,2020-12-21,23,23,23,23,0,0,0,0,23,23,0,0,23,23,California
Del Norte,2020-12-22,45,68,45,68,0,0,0,0,45,68,0,0,45,68,California
Del Norte,2020-12-23,58,126,48,116,10,10,0,0,56,124,0,0,56,124,California
Del Norte,2020-12-28,34,160,34,150,0,10,0,0,34,158,0,0,34,158,California
Del Norte,2020-12-29,4,164,4,154,0,10,0,0,4,162,0,0,4,162,California
Del Norte,2020-12-30,67,231,55,209,12,22,0,0,68,230,0,0,68,230,California
Del Norte,2020-12-31,16,247,13,222,3,25,0,0,16,246,0,0,16,246,California
Del Norte,2021-01-04,102,349,49,271,53,78,0,0,102,348,0,0,102,348,California
Del Norte,2021-01-05,33,382,0,271,33,111,0,0,32,380,1,1,33,381,California
Del Norte,2021-01-06,77,459,18,289,59,170,0,0,77,457,0,1,77,458,California
Del Norte,2021-01-07,21,480,1,290,20,190,0,0,21,478,0,1,21,479,California
Del Norte,2021-01-08,77,557,7,297,70,260,0,0,77,555,0,1,77,556,California
Del Norte,2021-01-11,40,597,21,318,19,279,0,0,18,552,22,23,19,575,California
Del Norte,2021-01-12,50,647,31,349,19,298,0,0,30,562,20,43,30,605,California
Del Norte,2021-01-13,86,733,40,389,46,344,0,0,53,582,33,76,53,658,California
Del Norte,2021-01-14,52,785,14,403,38,382,0,0,46,622,6,82,46,704,California
Del Norte,2021-01-15,107,892,18,421,89,471,0,0,95,705,12,94,95,799,California
Del Norte,2021-01-17,1,893,1,422,0,471,0,0,1,706,0,94,1,800,California
Del Norte,2021-01-18,2,895,0,422,2,473,0,0,2,708,0,94,2,802,California
Del Norte,2021-01-19,119,1014,56,478,63,536,0,0,77,743,42,136,77,879,California
Del Norte,2021-01-20,159,1173,84,562,75,611,0,0,96,777,62,198,96,975,California
Del Norte,2021-01-21,43,1216,40,602,3,614,0,0,32,798,11,209,32,1007,California
Del Norte,2021-01-22,20,1236,17,619,3,617,0,0,13,804,7,216,13,1020,California
Del Norte,2021-01-23,1,1237,0,619,1,618,0,0,1,805,0,216,1,1021,California
Del Norte,2021-01-24,1,1238,0,619,1,619,0,0,1,806,0,216,1,1022,California
Del Norte,2021-01-25,100,1338,82,701,18,637,0,0,56,818,44,260,56,1078,California
Del Norte,2021-01-26,18,1356,11,712,7,644,0,0,7,814,11,271,7,1085,California
Del Norte,2021-01-27,64,1420,21,733,43,687,0,0,61,872,3,274,61,1146,California
Del Norte,2021-01-28,292,1712,20,753,272,959,0,0,287,1154,5,279,287,1433,California
Del Norte,2021-01-29,54,1766,21,774,33,992,0,0,43,1186,11,290,43,1476,California
Del Norte,2021-01-30,8,1774,1,775,7,999,0,0,8,1194,0,290,8,1484,California
Del Norte,2021-02-01,41,1815,1,776,40,1039,0,0,26,1205,15,305,26,1510,California
Del Norte,2021-02-02,141,1956,34,810,107,1146,0,0,73,1211,67,372,73,1583,California
Del Norte,2021-02-03,126,2082,40,850,86,1232,0,0,71,1227,55,427,71,1654,California
Del Norte,2021-02-04,71,2153,29,879,42,1274,0,0,42,1240,29,456,42,1696,California
Del Norte,2021-02-05,184,2337,22,901,162,1436,0,0,119,1295,64,520,119,1815,California
Del Norte,2021-02-06,310,2647,4,905,306,1742,0,0,310,1605,0,520,310,2125,California
Del Norte,2021-02-07,1,2648,0,905,1,1743,0,0,1,1606,0,520,1,2126,California
Del Norte,2021-02-08,36,2684,1,906,35,1778,0,0,32,1634,4,524,32,2158,California
Del Norte,2021-02-09,8,2692,5,911,3,1781,0,0,2,1630,6,530,2,2160,California
Del Norte,2021-02-10,142,2834,20,931,122,1903,0,0,85,1659,56,586,85,2245,California
Del Norte,2021-02-11,177,3011,59,990,118,2021,0,0,64,1610,113,699,64,2309,California
Del Norte,2021-02-12,121,3132,14,1004,107,2128,0,0,67,1623,54,753,67,2376,California
Del Norte,2021-02-13,2,3134,1,1005,1,2129,0,0,2,1625,0,753,2,2378,California
Del Norte,2021-02-14,3,3137,1,1006,2,2131,0,0,2,1626,1,754,2,2380,California
Del Norte,2021-02-15,4,3141,0,1006,4,2135,0,0,2,1626,2,756,2,2382,California
Del Norte,2021-02-16,132,3273,1,1007,131,2266,0,0,13,1520,119,875,13,2395,California
Del Norte,2021-02-17,91,3364,20,1027,71,2337,0,0,24,1477,67,942,24,2419,California
Del Norte,2021-02-18,77,3441,24,1051,53,2390,0,0,51,1502,26,968,51,2470,California
Del Norte,2021-02-19,43,3484,17,1068,26,2416,0,0,33,1525,10,978,33,2503,California
Del Norte,2021-02-20,8,3492,5,1073,3,2419,0,0,6,1529,2,980,6,2509,California
Del Norte,2021-02-22,2,3494,0,1073,2,2421,0,0,2,1531,0,980,2,2511,California
Del Norte,2021-02-23,107,3601,89,1162,18,2439,0,0,31,1487,76,1056,32,2543,California
Del Norte,2021-02-24,152,3753,98,1260,54,2493,0,0,79,1493,73,1129,79,2622,California
Del Norte,2021-02-25,477,4230,131,1391,346,2839,0,0,213,1444,262,1391,213,2835,California
Del Norte,2021-02-26,213,4443,176,1567,37,2876,0,0,167,1565,46,1437,167,3002,California
Del Norte,2021-02-27,149,4592,143,1710,5,2881,1,1,141,1699,8,1445,142,3144,California
Del Norte,2021-02-28,3,4595,0,1710,3,2884,0,1,3,1702,0,1445,3,3147,California
Del Norte,2021-03-01,29,4624,2,1712,27,2911,0,1,4,1682,24,1469,4,3151,California
Del Norte,2021-03-02,221,4845,141,1853,80,2991,0,1,187,1835,34,1503,187,3338,California
Del Norte,2021-03-03,167,5012,99,1952,68,3059,0,1,126,1920,41,1544,126,3464,California
Del Norte,2021-03-04,120,5132,83,2035,37,3096,0,1,91,1983,28,1572,91,3555,California
Del Norte,2021-03-05,121,5253,11,2046,110,3206,0,1,73,2008,48,1620,73,3628,California
Del Norte,2021-03-06,464,5717,77,2123,338,3544,49,50,163,1877,301,1921,170,3798,California
Del Norte,2021-03-07,2,5719,1,2124,1,3545,0,50,1,1877,1,1922,1,3799,California
Del Norte,2021-03-08,28,5747,1,2125,25,3570,2,52,5,1861,23,1945,7,3806,California
Del Norte,2021-03-09,194,5941,113,2238,78,3648,3,55,183,2036,11,1956,186,3992,California
Del Norte,2021-03-10,233,6174,96,2334,109,3757,28,83,134,2099,99,2055,162,4154,California
Del Norte,2021-03-11,151,6325,55,2389,91,3848,5,88,103,2159,48,2103,108,4262,California
Del Norte,2021-03-12,178,6503,89,2478,89,3937,0,88,125,2231,53,2156,125,4387,California
Del Norte,2021-03-13,94,6597,93,2571,1,3938,0,88,91,2319,3,2159,91,4478,California
Del Norte,2021-03-14,1,6598,0,2571,1,3939,0,88,1,2319,1,2160,1,4479,California
Del Norte,2021-03-15,39,6637,0,2571,38,3977,1,89,34,2349,5,2165,35,4514,California
Del Norte,2021-03-16,281,6918,135,2706,146,4123,0,89,260,2588,21,2186,260,4774,California
Del Norte,2021-03-17,282,7200,95,2801,185,4308,2,91,168,2644,114,2300,170,4944,California
Del Norte,2021-03-18,285,7485,107,2908,175,4483,3,94,149,2661,135,2435,152,5096,California
Del Norte,2021-03-19,267,7752,159,3067,102,4585,6,100,91,2582,176,2611,97,5193,California
Del Norte,2021-03-20,157,7909,154,3221,3,4588,0,100,15,2455,142,2753,15,5208,California
Del Norte,2021-03-21,4,7913,2,3223,2,4590,0,100,2,2455,2,2755,2,5210,California
Del Norte,2021-03-22,43,7956,3,3226,39,4629,1,101,39,2492,3,2758,40,5250,California
Del Norte,2021-03-23,335,8291,164,3390,153,4782,18,119,165,2506,168,2926,182,5432,California
Del Norte,2021-03-24,396,8687,107,3497,249,5031,40,159,235,2620,161,3087,275,5707,California
Del Norte,2021-03-25,192,8879,88,3585,104,5135,0,159,84,2597,107,3194,84,5791,California
Del Norte,2021-03-26,233,9112,113,3698,120,5255,0,159,197,2758,36,3230,197,5988,California
Del Norte,2021-03-27,107,9219,86,3784,4,5259,17,176,17,2702,90,3320,34,6022,California
Del Norte,2021-03-28,4,9223,2,3786,2,5261,0,176,1,2700,3,3323,1,6023,California
Del Norte,2021-03-29,57,9280,6,3792,34,5295,17,193,32,2724,25,3348,49,6072,California
Del Norte,2021-03-30,340,9620,119,3911,210,5505,11,204,128,2651,212,3560,139,6211,California
Del Norte,2021-03-31,353,9973,100,4011,236,5741,17,221,198,2713,153,3713,215,6426,California
Del Norte,2021-04-01,164,10137,58,4069,72,5813,34,255,69,2722,94,3807,103,6529,California
Del Norte,2021-04-02,232,10369,79,4148,104,5917,49,304,49,2638,183,3990,99,6628,California
Del Norte,2021-04-03,108,10477,83,4231,2,5919,23,327,5,2564,102,4092,28,6656,California
Del Norte,2021-04-04,4,10481,0,4231,0,5919,4,331,0,2564,4,4096,4,6660,California
Del Norte,2021-04-05,47,10528,5,4236,38,5957,4,335,40,2601,7,4103,44,6704,California
Del Norte,2021-04-06,379,10907,120,4356,222,6179,37,372,146,2556,229,4332,184,6888,California
Del Norte,2021-04-07,435,11342,114,4470,260,6439,61,433,289,2760,146,4478,350,7238,California
Del Norte,2021-04-08,227,11569,54,4524,105,6544,68,501,105,2811,122,4600,173,7411,California
Del Norte,2021-04-09,205,11774,46,4570,82,6626,77,578,98,2878,106,4706,173,7584,California
Del Norte,2021-04-10,47,11821,26,4596,4,6630,17,595,27,2902,20,4726,44,7628,California
Del Norte,2021-04-11,12,11833,3,4599,2,6632,7,602,2,2901,10,4736,9,7637,California
Del Norte,2021-04-12,27,11860,1,4600,9,6641,17,619,1,2894,25,4761,18,7655,California
Del Norte,2021-04-13,298,12158,50,4650,248,6889,0,619,155,2906,143,4904,155,7810,California
Del Norte,2021-04-14,327,12485,23,4673,304,7193,0,619,138,2860,189,5093,143,7953,California
Del Norte,2021-04-15,164,12649,31,4704,133,7326,0,619,45,2787,119,5212,46,7999,California
Del Norte,2021-04-16,161,12810,40,4744,121,7447,0,619,59,2745,102,5314,60,8059,California
Del Norte,2021-04-17,103,12913,71,4815,32,7479,0,619,98,2838,5,5319,98,8157,California
Del Norte,2021-04-18,5,12918,4,4819,1,7480,0,619,4,2841,1,5320,4,8161,California
Del Norte,2021-04-19,50,12968,6,4825,44,7524,0,619,8,2807,42,5362,8,8169,California
Del Norte,2021-04-20,208,13176,40,4865,168,7692,0,619,73,2745,135,5497,73,8242,California
Del Norte,2021-04-21,288,13464,23,4888,265,7957,0,619,63,2587,224,5721,66,8308,California
Del Norte,2021-04-22,114,13578,15,4903,99,8056,0,619,62,2597,52,5773,62,8370,California
Del Norte,2021-04-23,153,13731,22,4925,131,8187,0,619,40,2524,113,5886,40,8410,California
Del Norte,2021-04-24,25,13756,14,4939,11,8198,0,619,20,2539,5,5891,20,8430,California
Del Norte,2021-04-25,2,13758,0,4939,2,8200,0,619,2,2541,0,5891,2,8432,California
Del Norte,2021-04-26,31,13789,0,4939,31,8231,0,619,9,2528,22,5913,9,8441,California
Del Norte,2021-04-27,181,13970,19,4958,157,8388,5,624,49,2450,132,6045,54,8495,California
Del Norte,2021-04-28,351,14321,100,5058,246,8634,5,629,63,2232,287,6332,69,8564,California
Del Norte,2021-04-29,93,14414,6,5064,83,8717,4,633,26,2195,67,6399,30,8594,California
Del Norte,2021-04-30,83,14497,6,5070,67,8784,10,643,44,2210,39,6438,54,8648,California
Del Norte,2021-05-01,8,14505,3,5073,5,8789,0,643,6,2214,2,6440,6,8654,California
Del Norte,2021-05-02,8,14513,0,5073,8,8797,0,643,8,2222,0,6440,8,8662,California
Del Norte,2021-05-03,40,14553,3,5076,34,8831,3,646,2,2190,37,6477,5,8667,California
Del Norte,2021-05-04,221,14774,36,5112,180,9011,5,651,47,2068,174,6651,52,8719,California
Del Norte,2021-05-05,231,15005,19,5131,204,9215,8,659,56,1957,175,6826,64,8783,California
Del Norte,2021-05-06,111,15116,24,5155,74,9289,13,672,26,1911,85,6911,39,8822,California
Del Norte,2021-05-07,152,15268,29,5184,119,9408,4,676,32,1827,120,7031,36,8858,California
Del Norte,2021-05-08,64,15332,55,5239,7,9415,2,678,7,1779,57,7088,9,8867,California
Del Norte,2021-05-09,9,15341,3,5242,3,9418,3,681,2,1777,7,7095,5,8872,California
Del Norte,2021-05-10,25,15366,3,5245,18,9436,4,685,15,1786,10,7105,19,8891,California
Del Norte,2021-05-11,169,15535,49,5294,118,9554,2,687,32,1683,137,7242,34,8925,California
Del Norte,2021-05-12,148,15683,23,5317,115,9669,10,697,27,1600,120,7362,37,8962,California
Del Norte,2021-05-13,60,15743,29,5346,30,9699,1,698,32,1605,28,7390,33,8995,California
Del Norte,2021-05-14,77,15820,27,5373,49,9748,1,699,42,1613,35,7425,43,9038,California
Del Norte,2021-05-15,81,15901,53,5426,28,9776,0,699,53,1638,28,7453,53,9091,California
Del Norte,2021-05-16,11,15912,0,5426,11,9787,0,699,11,1649,0,7453,11,9102,California
Del Norte,2021-05-17,27,15939,3,5429,20,9807,4,703,15,1656,12,7465,19,9121,California
Del Norte,2021-05-18,125,16064,68,5497,56,9863,1,704,80,1692,45,7510,81,9202,California
Del Norte,2021-05-19,96,16160,14,5511,66,9929,16,720,38,1688,58,7568,54,9256,California
Del Norte,2021-05-20,98,16258,31,5542,64,9993,3,723,39,1672,58,7626,42,9298,California
Del Norte,2021-05-21,53,16311,18,5560,35,10028,0,723,28,1675,25,7651,28,9326,California
El Dorado,2020-12-15,12,12,12,12,0,0,0,0,12,12,0,0,12,12,California
El Dorado,2020-12-16,40,52,40,52,0,0,0,0,40,52,0,0,40,52,California
El Dorado,2020-12-17,31,83,31,83,0,0,0,0,31,83,0,0,31,83,California
El Dorado,2020-12-18,237,320,237,320,0,0,0,0,237,320,0,0,237,320,California
El Dorado,2020-12-19,116,436,116,436,0,0,0,0,116,436,0,0,116,436,California
El Dorado,2020-12-20,85,521,85,521,0,0,0,0,85,521,0,0,85,521,California
El Dorado,2020-12-21,309,830,308,829,1,1,0,0,309,830,0,0,309,830,California
El Dorado,2020-12-22,237,1067,213,1042,24,25,0,0,237,1067,0,0,237,1067,California
El Dorado,2020-12-23,190,1257,141,1183,49,74,0,0,190,1257,0,0,190,1257,California
El Dorado,2020-12-24,87,1344,66,1249,21,95,0,0,87,1344,0,0,87,1344,California
El Dorado,2020-12-25,8,1352,8,1257,0,95,0,0,8,1352,0,0,8,1352,California
El Dorado,2020-12-26,44,1396,26,1283,18,113,0,0,44,1396,0,0,44,1396,California
El Dorado,2020-12-27,37,1433,33,1316,4,117,0,0,37,1433,0,0,37,1433,California
El Dorado,2020-12-28,213,1646,166,1482,47,164,0,0,213,1646,0,0,213,1646,California
El Dorado,2020-12-29,460,2106,143,1625,317,481,0,0,460,2106,0,0,460,2106,California
El Dorado,2020-12-30,505,2611,136,1761,369,850,0,0,505,2611,0,0,505,2611,California
El Dorado,2020-12-31,110,2721,70,1831,40,890,0,0,110,2721,0,0,110,2721,California
El Dorado,2021-01-01,7,2728,4,1835,3,893,0,0,7,2728,0,0,7,2728,California
El Dorado,2021-01-02,153,2881,141,1976,12,905,0,0,153,2881,0,0,153,2881,California
El Dorado,2021-01-03,92,2973,17,1993,75,980,0,0,92,2973,0,0,92,2973,California
El Dorado,2021-01-04,190,3163,62,2055,128,1108,0,0,190,3163,0,0,190,3163,California
El Dorado,2021-01-05,228,3391,72,2127,156,1264,0,0,212,3359,16,16,212,3375,California
El Dorado,2021-01-06,239,3630,167,2294,72,1336,0,0,175,3470,64,80,175,3550,California
El Dorado,2021-01-07,331,3961,136,2430,195,1531,0,0,260,3659,71,151,260,3810,California
El Dorado,2021-01-08,976,4937,502,2932,474,2005,0,0,772,4228,204,355,773,4583,California
El Dorado,2021-01-09,193,5130,156,3088,37,2042,0,0,125,4285,68,423,125,4708,California
El Dorado,2021-01-10,179,5309,128,3216,51,2093,0,0,109,4325,70,493,110,4818,California
El Dorado,2021-01-11,659,5968,293,3509,366,2459,0,0,459,4586,199,692,460,5278,California
El Dorado,2021-01-12,806,6774,423,3932,383,2842,0,0,557,4894,249,941,557,5835,California
El Dorado,2021-01-13,702,7476,298,4230,404,3246,0,0,541,5274,161,1102,541,6376,California
El Dorado,2021-01-14,792,8268,220,4450,572,3818,0,0,697,5876,95,1197,697,7073,California
El Dorado,2021-01-15,790,9058,184,4634,606,4424,0,0,718,6522,72,1269,718,7791,California
El Dorado,2021-01-16,173,9231,103,4737,70,4494,0,0,146,6641,27,1296,146,7937,California
El Dorado,2021-01-17,99,9330,46,4783,53,4547,0,0,82,6706,17,1313,82,8019,California
El Dorado,2021-01-18,423,9753,140,4923,283,4830,0,0,354,6991,69,1382,354,8373,California
El Dorado,2021-01-19,753,10506,452,5375,301,5131,0,0,603,7445,150,1532,604,8977,California
El Dorado,2021-01-20,1013,11519,688,6063,325,5456,0,0,901,8235,111,1643,901,9878,California
El Dorado,2021-01-21,1265,12784,678,6741,587,6043,0,0,1057,9125,167,1810,1057,10935,California
El Dorado,2021-01-22,1228,14012,833,7574,395,6438,0,0,1174,10246,53,1863,1174,12109,California
El Dorado,2021-01-23,737,14749,615,8189,122,6560,0,0,626,10761,111,1974,626,12735,California
El Dorado,2021-01-24,126,14875,76,8265,50,6610,0,0,107,10849,19,1993,107,12842,California
El Dorado,2021-01-25,700,15575,293,8558,407,7017,0,0,613,11375,87,2080,613,13455,California
El Dorado,2021-01-26,675,16250,365,8923,310,7327,0,0,572,11845,103,2183,573,14028,California
El Dorado,2021-01-27,988,17238,389,9312,599,7926,0,0,651,12158,338,2521,651,14679,California
El Dorado,2021-01-28,1106,18344,452,9764,654,8580,0,0,745,12542,361,2882,745,15424,California
El Dorado,2021-01-29,1042,19386,556,10320,486,9066,0,0,750,13002,291,3173,751,16175,California
El Dorado,2021-01-30,542,19928,290,10610,252,9318,0,0,445,13351,96,3269,445,16620,California
El Dorado,2021-01-31,235,20163,214,10824,21,9339,0,0,183,13483,51,3320,183,16803,California
El Dorado,2021-02-01,798,20961,368,11192,430,9769,0,0,653,13991,145,3465,653,17456,California
El Dorado,2021-02-02,839,21800,367,11559,472,10241,0,0,676,14504,163,3628,676,18132,California
El Dorado,2021-02-03,901,22701,476,12035,425,10666,0,0,689,14981,212,3840,689,18821,California
El Dorado,2021-02-04,1244,23945,701,12736,543,11209,0,0,872,15481,372,4212,872,19693,California
El Dorado,2021-02-05,1485,25430,599,13335,886,12095,0,0,862,15757,586,4798,862,20555,California
El Dorado,2021-02-06,637,26067,331,13666,306,12401,0,0,531,16183,106,4904,532,21087,California
El Dorado,2021-02-07,259,26326,177,13843,82,12483,0,0,195,16314,64,4968,195,21282,California
El Dorado,2021-02-08,883,27209,418,14261,465,12948,0,0,609,16649,274,5242,609,21891,California
El Dorado,2021-02-09,970,28179,546,14807,424,13372,0,0,539,16757,431,5673,539,22430,California
El Dorado,2021-02-10,1256,29435,735,15542,521,13893,0,0,663,16828,592,6265,663,23093,California
El Dorado,2021-02-11,2151,31586,889,16431,1262,15155,0,0,757,16195,1391,7656,758,23851,California
El Dorado,2021-02-12,1573,33159,824,17255,749,15904,0,0,673,15970,899,8555,674,24525,California
El Dorado,2021-02-13,979,34138,667,17922,312,16216,0,0,435,15864,541,9096,435,24960,California
El Dorado,2021-02-14,486,34624,155,18077,331,16547,0,0,399,16176,87,9183,399,25359,California
El Dorado,2021-02-15,1180,35804,382,18459,798,17345,0,0,817,16634,363,9546,821,26180,California
El Dorado,2021-02-16,1206,37010,532,18991,674,18019,0,0,671,16772,534,10080,672,26852,California
El Dorado,2021-02-17,952,37962,419,19410,533,18552,0,0,459,16740,493,10573,461,27313,California
El Dorado,2021-02-18,2094,40056,1020,20430,1074,19626,0,0,1060,16767,1033,11606,1060,28373,California
El Dorado,2021-02-19,1210,41266,643,21073,567,20193,0,0,676,16910,533,12139,676,29049,California
El Dorado,2021-02-20,924,42190,440,21513,484,20677,0,0,671,17333,248,12387,671,29720,California
El Dorado,2021-02-21,284,42474,227,21740,57,20734,0,0,100,17249,184,12571,100,29820,California
El Dorado,2021-02-22,873,43347,438,22178,435,21169,0,0,272,16921,600,13171,272,30092,California
El Dorado,2021-02-23,846,44193,473,22651,373,21542,0,0,339,16754,506,13677,339,30431,California
El Dorado,2021-02-24,1027,45220,438,23089,589,22131,0,0,427,16582,600,14277,428,30859,California
El Dorado,2021-02-25,1891,47111,1140,24229,751,22882,0,0,674,16048,1210,15487,676,31535,California
El Dorado,2021-02-26,2356,49467,1481,25710,875,23757,0,0,1587,16869,766,16253,1587,33122,California
El Dorado,2021-02-27,1663,51130,440,26150,1223,24980,0,0,1222,17653,438,16691,1222,34344,California
El Dorado,2021-02-28,591,51721,206,26356,385,25365,0,0,434,17931,157,16848,435,34779,California
El Dorado,2021-03-01,1132,52853,448,26804,683,26048,1,1,623,18047,508,17356,624,35403,California
El Dorado,2021-03-02,923,53776,269,27073,654,26702,0,1,483,18092,438,17794,483,35886,California
El Dorado,2021-03-03,1689,55465,463,27536,1226,27928,0,1,1154,18720,528,18322,1156,37042,California
El Dorado,2021-03-04,2514,57979,1549,29085,965,28893,0,1,1195,18599,1316,19638,1195,38237,California
El Dorado,2021-03-05,1579,59558,425,29510,1149,30042,5,6,1044,19119,529,20167,1049,39286,California
El Dorado,2021-03-06,741,60299,213,29723,493,30535,35,41,393,19200,347,20514,428,39714,California
El Dorado,2021-03-07,405,60704,197,29920,190,30725,18,59,242,19299,161,20675,260,39974,California
El Dorado,2021-03-08,1329,62033,365,30285,892,31617,72,131,860,19764,466,21141,931,40905,California
El Dorado,2021-03-09,989,63022,231,30516,691,32308,67,198,587,20031,387,21528,654,41559,California
El Dorado,2021-03-10,950,63972,344,30860,550,32858,56,254,549,20240,395,21923,604,42163,California
El Dorado,2021-03-11,3019,66991,1833,32693,1004,33862,182,436,1285,19993,1713,23636,1466,43629,California
El Dorado,2021-03-12,1783,68774,620,33313,916,34778,247,683,744,19963,1021,24657,991,44620,California
El Dorado,2021-03-13,1066,69840,344,33657,440,35218,282,965,375,19930,688,25345,655,45275,California
El Dorado,2021-03-14,794,70634,208,33865,474,35692,112,1077,279,19806,515,25860,391,45666,California
El Dorado,2021-03-15,1401,72035,304,34169,971,36663,126,1203,612,19760,785,26645,739,46405,California
El Dorado,2021-03-16,1219,73254,411,34580,663,37326,145,1348,570,19832,643,27288,715,47120,California
El Dorado,2021-03-17,1109,74363,349,34929,665,37991,95,1443,723,20265,385,27673,818,47938,California
El Dorado,2021-03-18,2996,77359,1772,36701,1179,39170,45,1488,1975,21272,1013,28686,2020,49958,California
El Dorado,2021-03-19,1118,78477,365,37066,607,39777,146,1634,641,21582,477,29163,787,50745,California
El Dorado,2021-03-20,948,79425,269,37335,662,40439,17,1651,369,21400,568,29731,386,51131,California
El Dorado,2021-03-21,1025,80450,418,37753,602,41041,5,1656,934,22250,89,29820,939,52070,California
El Dorado,2021-03-22,1504,81954,488,38241,934,41975,82,1738,1194,23221,305,30125,1276,53346,California
El Dorado,2021-03-23,1146,83100,451,38692,602,42577,93,1831,732,23643,403,30528,825,54171,California
El Dorado,2021-03-24,1458,84558,623,39315,639,43216,196,2027,664,23737,766,31294,860,55031,California
El Dorado,2021-03-25,2510,87068,1685,41000,722,43938,103,2130,1380,24097,1124,32418,1484,56515,California
El Dorado,2021-03-26,1820,88888,698,41698,1012,44950,110,2240,945,24300,853,33271,1056,57571,California
El Dorado,2021-03-27,1319,90207,188,41886,1127,46077,4,2244,333,23657,980,34251,337,57908,California
El Dorado,2021-03-28,634,90841,182,42068,442,46519,10,2254,202,23441,428,34679,212,58120,California
El Dorado,2021-03-29,1320,92161,433,42501,871,47390,16,2270,830,23800,487,35166,846,58966,California
El Dorado,2021-03-30,1363,93524,412,42913,858,48248,93,2363,685,23906,670,35836,776,59742,California
El Dorado,2021-03-31,1560,95084,582,43495,915,49163,63,2426,700,23809,858,36694,761,60503,California
El Dorado,2021-04-01,3235,98319,1768,45263,1384,50547,83,2509,1539,23738,1694,38388,1623,62126,California
El Dorado,2021-04-02,1883,100202,561,45824,1227,51774,95,2604,748,23452,1129,39517,843,62969,California
El Dorado,2021-04-03,748,100950,295,46119,333,52107,120,2724,231,23287,515,40032,350,63319,California
El Dorado,2021-04-04,272,101222,85,46204,140,52247,47,2771,98,23259,173,40205,145,63464,California
El Dorado,2021-04-05,1424,102646,425,46629,905,53152,94,2865,592,23117,827,41032,685,64149,California
El Dorado,2021-04-06,1415,104061,524,47153,670,53822,221,3086,454,22832,958,41990,673,64822,California
El Dorado,2021-04-07,1580,105641,554,47707,577,54399,449,3535,554,22809,1023,43013,1000,65822,California
El Dorado,2021-04-08,2663,108304,1714,49421,715,55114,234,3769,1109,22606,1545,44558,1342,67164,California
El Dorado,2021-04-09,1424,109728,452,49873,752,55866,220,3989,569,22539,852,45410,785,67949,California
El Dorado,2021-04-10,818,110546,224,50097,484,56350,110,4099,471,22775,344,45754,580,68529,California
El Dorado,2021-04-11,703,111249,454,50551,233,56583,16,4115,208,22505,494,46248,224,68753,California
El Dorado,2021-04-12,1276,112525,498,51049,630,57213,148,4263,559,22501,710,46958,706,69459,California
El Dorado,2021-04-13,1115,113640,607,51656,508,57721,0,4263,507,22404,604,47562,507,69966,California
El Dorado,2021-04-14,1084,114724,458,52114,625,58346,1,4264,386,22106,685,48247,387,70353,California
El Dorado,2021-04-15,2489,117213,1671,53785,818,59164,0,4264,954,21529,1532,49779,955,71308,California
El Dorado,2021-04-16,1466,118679,520,54305,946,60110,0,4264,602,21272,860,50639,603,71911,California
El Dorado,2021-04-17,791,119470,202,54507,589,60699,0,4264,491,21466,297,50936,491,72402,California
El Dorado,2021-04-18,990,120460,88,54595,902,61601,0,4264,394,21265,595,51531,394,72796,California
El Dorado,2021-04-19,1715,122175,438,55033,1277,62878,0,4264,691,20938,1018,52549,691,73487,California
El Dorado,2021-04-20,1110,123285,360,55393,750,63628,0,4264,461,20755,644,53193,461,73948,California
El Dorado,2021-04-21,1156,124441,465,55858,687,64315,4,4268,589,20785,560,53753,590,74538,California
El Dorado,2021-04-22,2549,126990,1679,57537,870,65185,0,4268,1067,20373,1479,55232,1067,75605,California
El Dorado,2021-04-23,1398,128388,491,58028,907,66092,0,4268,708,20395,687,55919,709,76314,California
El Dorado,2021-04-24,968,129356,516,58544,452,66544,0,4268,733,20895,233,56152,733,77047,California
El Dorado,2021-04-25,653,130009,449,58993,204,66748,0,4268,466,21174,187,56339,466,77513,California
El Dorado,2021-04-26,1139,131148,450,59443,673,67421,16,4284,538,21128,600,56939,554,78067,California
El Dorado,2021-04-27,1050,132198,374,59817,648,68069,28,4312,471,21054,573,57512,499,78566,California
El Dorado,2021-04-28,1031,133229,346,60163,645,68714,40,4352,401,20867,628,58140,441,79007,California
El Dorado,2021-04-29,1928,135157,1303,61466,593,69307,32,4384,538,20049,1388,59528,570,79577,California
El Dorado,2021-04-30,2116,137273,1327,62793,748,70055,41,4425,1358,20701,746,60274,1398,80975,California
El Dorado,2021-05-01,615,137888,282,63075,306,70361,27,4452,277,20674,331,60605,304,81279,California
El Dorado,2021-05-02,298,138186,212,63287,57,70418,29,4481,101,20609,194,60799,129,81408,California
El Dorado,2021-05-03,820,139006,402,63689,368,70786,50,4531,275,20392,543,61342,326,81734,California
El Dorado,2021-05-04,875,139881,431,64120,386,71172,58,4589,308,20195,563,61905,366,82100,California
El Dorado,2021-05-05,872,140753,430,64550,369,71541,73,4662,414,20226,456,62361,487,82587,California
El Dorado,2021-05-06,1111,141864,480,65030,584,72125,47,4709,473,20108,634,62995,516,83103,California
El Dorado,2021-05-07,977,142841,372,65402,547,72672,58,4767,399,19986,578,63573,456,83559,California
El Dorado,2021-05-08,483,143324,148,65550,298,72970,37,4804,185,19912,296,63869,222,83781,California
El Dorado,2021-05-09,217,143541,78,65628,112,73082,27,4831,100,19923,116,63985,127,83908,California
El Dorado,2021-05-10,828,144369,274,65902,495,73577,59,4890,241,19644,577,64562,298,84206,California
El Dorado,2021-05-11,660,145029,286,66188,320,73897,54,4944,290,19622,367,64929,345,84551,California
El Dorado,2021-05-12,584,145613,306,66494,243,74140,35,4979,235,19544,349,65278,271,84822,California
El Dorado,2021-05-13,1138,146751,730,67224,373,74513,35,5014,396,19236,738,66016,430,85252,California
El Dorado,2021-05-14,1397,148148,804,68028,510,75023,83,5097,679,19285,713,66729,762,86014,California
El Dorado,2021-05-15,894,149042,553,68581,285,75308,56,5153,312,19071,582,67311,368,86382,California
El Dorado,2021-05-16,588,149630,454,69035,108,75416,26,5179,226,18961,362,67673,252,86634,California
El Dorado,2021-05-17,1545,151175,657,69692,840,76256,48,5227,561,18589,980,68653,608,87242,California
El Dorado,2021-05-18,1008,152183,505,70197,450,76706,53,5280,443,18521,564,69217,496,87738,California
El Dorado,2021-05-19,802,152985,326,70523,429,77135,47,5327,313,18397,483,69700,359,88097,California
El Dorado,2021-05-20,1016,154001,585,71108,386,77521,45,5372,438,18305,575,70275,483,88580,California
El Dorado,2021-05-21,1717,155718,1489,72597,209,77730,19,5391,581,17774,1131,71406,600,89180,California
Fresno,2020-12-15,2,2,2,2,0,0,0,0,2,2,0,0,2,2,California
Fresno,2020-12-16,125,127,125,127,0,0,0,0,125,127,0,0,125,127,California
Fresno,2020-12-17,121,248,121,248,0,0,0,0,121,248,0,0,121,248,California
Fresno,2020-12-18,345,593,345,593,0,0,0,0,345,593,0,0,345,593,California
Fresno,2020-12-19,159,752,159,752,0,0,0,0,159,752,0,0,159,752,California
Fresno,2020-12-20,258,1010,256,1008,2,2,0,0,258,1010,0,0,258,1010,California
Fresno,2020-12-21,927,1937,925,1933,2,4,0,0,958,1968,0,0,958,1968,California
Fresno,2020-12-22,904,2841,874,2807,30,34,0,0,908,2876,0,0,908,2876,California
Fresno,2020-12-23,1089,3930,1048,3855,41,75,0,0,1090,3966,0,0,1090,3966,California
Fresno,2020-12-24,585,4515,563,4418,22,97,0,0,585,4551,0,0,585,4551,California
Fresno,2020-12-25,2,4517,1,4419,1,98,0,0,2,4553,0,0,2,4553,California
Fresno,2020-12-26,722,5239,713,5132,9,107,0,0,722,5275,0,0,722,5275,California
Fresno,2020-12-27,301,5540,204,5336,97,204,0,0,301,5576,0,0,301,5576,California
Fresno,2020-12-28,1090,6630,800,6136,290,494,0,0,1091,6667,0,0,1091,6667,California
Fresno,2020-12-29,1736,8366,991,7127,745,1239,0,0,1734,8400,1,1,1734,8401,California
Fresno,2020-12-30,955,9321,444,7571,511,1750,0,0,955,9355,0,1,955,9356,California
Fresno,2020-12-31,900,10221,309,7880,591,2341,0,0,899,10254,0,1,899,10255,California
Fresno,2021-01-01,9,10230,3,7883,6,2347,0,0,9,10263,0,1,9,10264,California
Fresno,2021-01-02,1029,11259,715,8598,314,2661,0,0,1029,11292,0,1,1029,11293,California
Fresno,2021-01-03,153,11412,128,8726,25,2686,0,0,153,11445,0,1,153,11446,California
Fresno,2021-01-04,620,12032,376,9102,244,2930,0,0,620,12065,0,1,620,12066,California
Fresno,2021-01-05,781,12813,313,9415,468,3398,0,0,707,12698,74,75,707,12773,California
Fresno,2021-01-06,985,13798,348,9763,637,4035,0,0,809,13331,176,251,809,13582,California
Fresno,2021-01-07,1892,15690,916,10679,976,5011,0,0,1639,14720,253,504,1642,15224,California
Fresno,2021-01-08,1787,17477,613,11292,1174,6185,0,0,1423,15781,362,866,1423,16647,California
Fresno,2021-01-09,631,18108,388,11680,243,6428,0,0,356,15862,275,1141,356,17003,California
Fresno,2021-01-10,518,18626,488,12168,30,6458,0,0,204,15752,314,1455,204,17207,California
Fresno,2021-01-11,2218,20844,1810,13978,408,6866,0,0,1525,16587,693,2148,1528,18735,California
Fresno,2021-01-12,2528,23372,1829,15807,699,7565,0,0,1678,17415,852,3000,1680,20415,California
Fresno,2021-01-13,3553,26925,2434,18241,1119,8684,0,0,2704,19273,849,3849,2707,23122,California
Fresno,2021-01-14,4136,31061,2183,20424,1953,10637,0,0,3665,22468,470,4319,3665,26787,California
Fresno,2021-01-15,3659,34720,2530,22954,1129,11766,0,0,3301,25415,358,4677,3305,30092,California
Fresno,2021-01-16,3152,37872,2309,25263,843,12609,0,0,2687,27639,464,5141,2688,32780,California
Fresno,2021-01-17,976,38848,555,25818,421,13030,0,0,778,28219,198,5339,778,33558,California
Fresno,2021-01-18,3077,41925,2369,28187,708,13738,0,0,2421,29988,654,5993,2423,35981,California
Fresno,2021-01-19,4405,46330,2620,30807,1785,15523,0,0,3692,32971,713,6706,3696,39677,California
Fresno,2021-01-20,3018,49348,1207,32014,1811,17334,0,0,2706,35370,310,7016,2709,42386,California
Fresno,2021-01-21,4393,53741,2032,34046,2361,19695,0,0,4035,39075,336,7352,4041,46427,California
Fresno,2021-01-22,3312,57053,1348,35394,1964,21659,0,0,2921,41623,374,7726,2922,49349,California
Fresno,2021-01-23,3048,60101,1973,37367,1075,22734,0,0,2325,43231,722,8448,2330,51679,California
Fresno,2021-01-24,559,60660,377,37744,182,22916,0,0,353,43380,206,8654,355,52034,California
Fresno,2021-01-25,2383,63043,865,38609,1518,24434,0,0,1864,44728,519,9173,1867,53901,California
Fresno,2021-01-26,2028,65071,586,39195,1442,25876,0,0,1309,45321,717,9890,1310,55211,California
Fresno,2021-01-27,2276,67347,1157,40352,1119,26995,0,0,1740,46529,535,10425,1743,56954,California
Fresno,2021-01-28,4492,71839,3048,43400,1444,28439,0,0,3465,48973,1024,11449,3468,60422,California
Fresno,2021-01-29,1709,73548,983,44383,726,29165,0,0,1410,50089,295,11744,1411,61833,California
Fresno,2021-01-30,1452,75000,550,44933,902,30067,0,0,1035,50707,417,12161,1035,62868,California
Fresno,2021-01-31,228,75228,219,45152,9,30076,0,0,74,50627,154,12315,74,62942,California
Fresno,2021-02-01,3345,78573,1672,46824,1673,31749,0,0,1786,50864,1558,13873,1795,64737,California
Fresno,2021-02-02,2723,81296,552,47376,2171,33920,0,0,1581,51333,1127,15000,1596,66333,California
Fresno,2021-02-03,3554,84850,2101,49477,1453,35373,0,0,1546,50880,2000,17000,1547,67880,California
Fresno,2021-02-04,4198,89048,1897,51374,2301,37674,0,0,1931,50579,2237,19237,1936,69816,California
Fresno,2021-02-05,5341,94389,2729,54103,2612,40286,0,0,2309,49865,3027,22264,2313,72129,California
Fresno,2021-02-06,2937,97326,2047,56150,890,41176,0,0,976,48885,1957,24221,977,73106,California
Fresno,2021-02-07,466,97792,284,56434,182,41358,0,0,272,48964,193,24414,272,73378,California
Fresno,2021-02-08,4277,102069,2291,58725,1986,43344,0,0,1815,48338,2450,26864,1824,75202,California
Fresno,2021-02-09,5337,107406,2088,60813,3249,46593,0,0,3122,49328,2141,29005,3131,78333,California
Fresno,2021-02-10,3886,111292,1230,62043,2656,49249,0,0,1993,49492,1841,30846,2005,80338,California
Fresno,2021-02-11,6458,117750,2095,64138,4363,53612,0,0,3360,49776,3081,33927,3365,83703,California
Fresno,2021-02-12,5394,123144,1383,65521,4011,57623,0,0,2736,49882,2638,36565,2744,86447,California
Fresno,2021-02-13,3752,126896,1559,67080,2193,59816,0,0,2085,50317,1656,38221,2091,88538,California
Fresno,2021-02-14,1563,128459,283,67363,1280,61096,0,0,838,50432,725,38946,840,89378,California
Fresno,2021-02-15,2891,131350,267,67630,2624,63720,0,0,1787,51123,1100,40046,1791,91169,California
Fresno,2021-02-16,6698,138048,2404,70034,4294,68014,0,0,4246,52940,2435,42481,4252,95421,California
Fresno,2021-02-17,5340,143388,2452,72486,2888,70902,0,0,2991,53631,2304,44785,2995,98416,California
Fresno,2021-02-18,6853,150241,2890,75376,3963,74865,0,0,2583,51999,4226,49011,2594,101010,California
Fresno,2021-02-19,3841,154082,1100,76476,2741,77606,0,0,1825,51822,2005,51016,1828,102838,California
Fresno,2021-02-20,4537,158619,2491,78967,2046,79652,0,0,3054,53406,1476,52492,3060,105898,California
Fresno,2021-02-21,190,158809,171,79138,19,79671,0,0,127,53483,50,52542,127,106025,California
Fresno,2021-02-22,2249,161058,1003,80141,1246,80917,0,0,1236,53718,1003,53545,1238,107263,California
Fresno,2021-02-23,4689,165747,2264,82405,2425,83342,0,0,3812,56667,865,54410,3814,111077,California
Fresno,2021-02-24,4209,169956,1502,83907,2707,86049,0,0,3455,59381,742,55152,3456,114533,California
Fresno,2021-02-25,8707,178663,3733,87640,4974,91023,0,0,7217,65180,1426,56578,7225,121758,California
Fresno,2021-02-26,9012,187675,3698,91338,5314,96337,0,0,7707,71612,1281,57859,7713,129471,California
Fresno,2021-02-27,7271,194946,3154,94492,4116,100453,1,1,6559,77478,696,58555,6562,136033,California
Fresno,2021-02-28,1653,196599,534,95026,1119,101572,0,1,1564,78966,77,58632,1565,137598,California
Fresno,2021-03-01,4982,201581,1310,96336,3672,105244,0,1,3666,81331,1305,59937,3670,141268,California
Fresno,2021-03-02,9848,211429,3384,99720,6464,111708,0,1,8465,88460,1359,61296,8488,149756,California
Fresno,2021-03-03,6935,218364,1697,101417,5237,116945,1,2,5924,93501,998,62294,6039,155795,California
Fresno,2021-03-04,10263,228627,4116,105533,6147,123092,0,2,8690,100653,1546,63840,8698,164493,California
Fresno,2021-03-05,9023,237650,3632,109165,5389,128481,2,4,7988,107816,902,64742,8065,172558,California
Fresno,2021-03-06,6783,244433,3723,112888,2942,131423,118,122,5792,112746,984,65726,5914,178472,California
Fresno,2021-03-07,1488,245921,681,113569,771,132194,36,158,1258,113814,227,65953,1295,179767,California
Fresno,2021-03-08,5141,251062,2024,115593,2966,135160,151,309,3960,116764,1172,67125,4122,183889,California
Fresno,2021-03-09,8565,259627,3791,119384,4504,139664,270,579,4646,117818,3898,71023,4952,188841,California
Fresno,2021-03-10,6750,266377,2860,122244,3498,143162,392,971,5345,122168,1396,72419,5746,194587,California
Fresno,2021-03-11,11488,277865,4582,126826,6340,149502,566,1537,6236,123820,5226,77645,6878,201465,California
Fresno,2021-03-12,11959,289824,5134,131960,6373,155875,452,1989,8953,130379,2987,80632,9546,211011,California
Fresno,2021-03-13,8353,298177,4055,136015,3265,159140,1033,3022,4040,131232,4292,84924,5145,216156,California
Fresno,2021-03-14,1765,299942,477,136492,999,160139,289,3311,666,131099,1087,86011,954,217110,California
Fresno,2021-03-15,7130,307072,3180,139672,3778,163917,172,3483,4948,134238,2167,88178,5306,222416,California
Fresno,2021-03-16,10207,317279,4529,144201,5282,169199,396,3879,5420,135394,4755,92933,5911,228327,California
Fresno,2021-03-17,8662,325941,3928,148129,4043,173242,691,4570,5872,139569,2768,95701,6943,235270,California
Fresno,2021-03-18,12450,338391,6727,154856,5090,178332,633,5203,7064,142354,5337,101038,8122,243392,California
Fresno,2021-03-19,11192,349583,5881,160737,4697,183029,614,5817,6954,146008,4209,105247,7863,251255,California
Fresno,2021-03-20,7606,357189,4604,165341,2690,185719,312,6129,3805,146630,3771,109018,4393,255648,California
Fresno,2021-03-21,1777,358966,1204,166545,204,185923,369,6498,959,147145,814,109832,1329,256977,California
Fresno,2021-03-22,5668,364634,2895,169440,2178,188101,595,7093,3842,149972,1810,111642,4637,261614,California
Fresno,2021-03-23,10560,375194,5248,174688,4815,192916,497,7590,5069,150496,5470,117112,5994,267608,California
Fresno,2021-03-24,8829,384023,3798,178486,4199,197115,832,8422,4942,152474,3849,120961,5827,273435,California
Fresno,2021-03-25,12197,396220,5679,184165,5729,202844,789,9211,4762,150718,7388,128349,5632,279067,California
Fresno,2021-03-26,12236,408456,5455,189620,6136,208980,645,9856,4481,148162,7702,136051,5146,284213,California
Fresno,2021-03-27,9571,418027,4297,193917,4190,213170,1084,10940,2945,145607,6589,142640,4034,288247,California
Fresno,2021-03-28,3389,421416,1302,195219,1399,214569,688,11628,1271,145732,2110,144750,2235,290482,California
Fresno,2021-03-29,5997,427413,2008,197227,3438,218007,551,12179,2898,146120,3072,147822,3460,293942,California
Fresno,2021-03-30,10890,438303,4265,201492,5727,223734,898,13077,3850,143853,7014,154836,4747,298689,California
Fresno,2021-03-31,9641,447944,3380,204872,5274,229008,987,14064,3728,142691,5874,160710,4712,303401,California
Fresno,2021-04-01,11842,459786,4194,209066,6783,235791,865,14929,3970,139714,7770,168480,4793,308194,California
Fresno,2021-04-02,11720,471506,4558,213624,6377,242168,785,15714,4176,137298,7386,175866,4970,313164,California
Fresno,2021-04-03,6325,477831,3460,217084,2610,244778,255,15969,2117,135516,4192,180058,2410,315574,California
Fresno,2021-04-04,1489,479320,535,217619,909,245687,45,16014,547,135174,934,180992,592,316166,California
Fresno,2021-04-05,8317,487637,4455,222074,3062,248749,800,16814,2440,132621,5860,186852,3307,319473,California
Fresno,2021-04-06,9574,497211,4009,226083,4383,253132,1182,17996,3532,131349,6004,192856,4732,324205,California
Fresno,2021-04-07,10349,507560,5312,231395,3833,256965,1204,19200,3513,129303,6793,199649,4747,328952,California
Fresno,2021-04-08,10808,518368,5108,236503,4554,261519,1146,20346,3394,126519,7367,207016,4583,333535,California
Fresno,2021-04-09,11126,529494,5309,241812,4436,265955,1381,21727,3582,124002,7500,214516,4983,338518,California
Fresno,2021-04-10,7860,537354,5145,246957,2193,268148,522,22249,3655,123983,4194,218710,4175,342693,California
Fresno,2021-04-11,1385,538739,924,247881,372,268520,89,22338,445,123583,935,219645,535,343228,California
Fresno,2021-04-12,7156,545895,3765,251646,2472,270992,919,23257,2313,121995,4819,224464,3231,346459,California
Fresno,2021-04-13,8911,554806,4242,255888,4599,275591,70,23327,3463,120204,5415,229879,3624,350083,California
Fresno,2021-04-14,9440,564246,5730,261618,3709,279300,1,23328,3717,118286,5682,235561,3764,353847,California
Fresno,2021-04-15,8382,572628,4178,265796,4201,283501,3,23331,3154,116246,5200,240761,3160,357007,California
Fresno,2021-04-16,9372,582000,4628,270424,4742,288243,2,23333,3869,114655,5467,246228,3876,360883,California
Fresno,2021-04-17,5561,587561,3718,274142,1843,290086,0,23333,2643,114402,2898,249126,2645,363528,California
Fresno,2021-04-18,1028,588589,560,274702,468,290554,0,23333,472,114323,551,249677,472,364000,California
Fresno,2021-04-19,5529,594118,3017,277719,2509,293063,3,23336,2255,113346,3237,252914,2260,366260,California
Fresno,2021-04-20,6945,601063,3433,281152,3504,296567,8,23344,2619,111671,4303,257217,2628,368888,California
Fresno,2021-04-21,6375,607438,3523,284675,2844,299411,8,23352,2665,110669,3679,260896,2677,371565,California
Fresno,2021-04-22,6339,613777,3144,287819,3194,302605,1,23353,2305,108998,3980,264876,2309,373874,California
Fresno,2021-04-23,7041,620818,3772,291591,3251,305856,18,23371,2701,107405,4300,269176,2707,376581,California
Fresno,2021-04-24,4154,624972,2479,294070,1675,307531,0,23371,1941,107146,2200,271376,1941,378522,California
Fresno,2021-04-25,1370,626342,555,294625,813,308344,2,23373,688,107157,678,272054,689,379211,California
Fresno,2021-04-26,3928,630270,1971,296596,1913,310257,44,23417,1668,106638,2230,274284,1711,380922,California
Fresno,2021-04-27,4523,634793,2290,298886,2122,312379,111,23528,1789,105824,2714,276998,1900,382822,California
Fresno,2021-04-28,4705,639498,2622,301508,1956,314335,127,23655,1936,105142,2746,279744,2064,384886,California
Fresno,2021-04-29,4724,644222,2642,304150,1949,316284,133,23788,1765,104111,2929,282673,1898,386784,California
Fresno,2021-04-30,5373,649595,3276,307426,1963,318247,134,23922,2126,103155,3215,285888,2259,389043,California
Fresno,2021-05-01,4182,653777,3465,310891,580,318827,137,24059,1225,101575,2941,288829,1361,390404,California
Fresno,2021-05-02,1233,655010,769,311660,413,319240,51,24110,601,101605,621,289450,651,391055,California
Fresno,2021-05-03,3998,659008,2693,314353,1119,320359,186,24296,1290,100395,2682,292132,1472,392527,California
Fresno,2021-05-04,4818,663826,2495,316848,2171,322530,152,24448,1547,98850,3246,295378,1701,394228,California
Fresno,2021-05-05,4810,668636,2882,319730,1702,324232,226,24674,1455,97197,3331,298709,1678,395906,California
Fresno,2021-05-06,4063,672699,2484,322214,1474,325706,105,24779,1350,95966,2686,301395,1455,397361,California
Fresno,2021-05-07,4971,677670,3259,325473,1548,327254,164,24943,1529,94236,3421,304816,1691,399052,California
Fresno,2021-05-08,3864,681534,2466,327939,1253,328507,145,25088,1156,92849,2689,307505,1302,400354,California
Fresno,2021-05-09,680,682214,350,328289,287,328794,43,25131,338,92893,336,307841,380,400734,California
Fresno,2021-05-10,2945,685159,1578,329867,1226,330020,141,25272,920,91936,2018,309859,1061,401795,California
Fresno,2021-05-11,3606,688765,1841,331708,1675,331695,90,25362,1154,90740,2441,312300,1245,403040,California
Fresno,2021-05-12,3711,692476,2349,334057,1215,332910,147,25509,1339,89878,2349,314649,1487,404527,California
Fresno,2021-05-13,3599,696075,1950,336007,1542,334452,107,25616,1591,89605,1971,316620,1698,406225,California
Fresno,2021-05-14,5016,701091,3030,339037,1808,336260,178,25794,2143,89084,2842,319462,2321,408546,California
Fresno,2021-05-15,3566,704657,2667,341704,770,337030,129,25923,1816,89287,1741,321203,1944,410490,California
Fresno,2021-05-16,1427,706084,936,342640,457,337487,34,25957,798,89495,624,321827,832,411322,California
Fresno,2021-05-17,4050,710134,2718,345358,1176,338663,156,26113,2247,90122,1776,323603,2403,413725,California
Fresno,2021-05-18,3979,714113,2430,347788,1412,340075,137,26250,2109,90518,1848,325451,2244,415969,California
Fresno,2021-05-19,4121,718234,2604,350392,1386,341461,131,26381,2047,90643,2052,327503,2177,418146,California
Fresno,2021-05-20,3353,721587,1972,352364,1256,342717,125,26506,1560,90553,1774,329277,1684,419830,California
Fresno,2021-05-21,2719,724306,1790,354154,855,343572,74,26580,1101,90128,1599,330876,1174,421004,California
Glenn,2020-12-17,1,1,1,1,0,0,0,0,1,1,0,0,1,1,California
Glenn,2020-12-19,1,2,1,2,0,0,0,0,1,2,0,0,1,2,California
Glenn,2020-12-20,1,3,1,3,0,0,0,0,1,3,0,0,1,3,California
Glenn,2020-12-21,11,14,11,14,0,0,0,0,11,14,0,0,11,14,California
Glenn,2020-12-22,59,73,59,73,0,0,0,0,59,73,0,0,59,73,California
Glenn,2020-12-23,28,101,28,101,0,0,0,0,28,101,0,0,28,101,California
Glenn,2020-12-24,9,110,9,110,0,0,0,0,9,110,0,0,9,110,California
Glenn,2020-12-26,2,112,2,112,0,0,0,0,2,112,0,0,2,112,California
Glenn,2020-12-27,4,116,4,116,0,0,0,0,4,116,0,0,4,116,California
Glenn,2020-12-28,21,137,21,137,0,0,0,0,21,137,0,0,21,137,California
Glenn,2020-12-29,82,219,82,219,0,0,0,0,82,219,0,0,82,219,California
Glenn,2020-12-30,129,348,106,325,23,23,0,0,129,348,0,0,129,348,California
Glenn,2020-12-31,38,386,9,334,29,52,0,0,38,386,0,0,38,386,California
Glenn,2021-01-02,2,388,2,336,0,52,0,0,2,388,0,0,2,388,California
Glenn,2021-01-04,7,395,5,341,2,54,0,0,7,395,0,0,7,395,California
Glenn,2021-01-05,9,404,8,349,1,55,0,0,9,404,0,0,9,404,California
Glenn,2021-01-06,60,464,8,357,52,107,0,0,60,464,0,0,60,464,California
Glenn,2021-01-07,67,531,12,369,55,162,0,0,65,527,2,2,65,529,California
Glenn,2021-01-08,12,543,9,378,3,165,0,0,12,539,0,2,12,541,California
Glenn,2021-01-10,1,544,1,379,0,165,0,0,0,538,1,3,0,541,California
Glenn,2021-01-11,30,574,30,409,0,165,0,0,12,532,18,21,12,553,California
Glenn,2021-01-12,42,616,37,446,5,170,0,0,14,518,28,49,14,567,California
Glenn,2021-01-13,221,837,156,602,65,235,0,0,177,651,44,93,177,744,California
Glenn,2021-01-14,117,954,28,630,89,324,0,0,107,748,10,103,107,851,California
Glenn,2021-01-15,42,996,35,665,7,331,0,0,37,780,5,108,37,888,California
Glenn,2021-01-16,33,1029,14,679,19,350,0,0,23,793,10,118,23,911,California
Glenn,2021-01-17,4,1033,2,681,2,352,0,0,2,793,2,120,2,913,California
Glenn,2021-01-18,17,1050,16,697,1,353,0,0,9,794,8,128,9,922,California
Glenn,2021-01-19,30,1080,20,717,10,363,0,0,13,790,17,145,13,935,California
Glenn,2021-01-20,163,1243,94,811,69,432,0,0,82,791,81,226,82,1017,California
Glenn,2021-01-21,124,1367,98,909,26,458,0,0,30,727,94,320,30,1047,California
Glenn,2021-01-22,338,1705,64,973,274,732,0,0,331,1051,7,327,331,1378,California
Glenn,2021-01-23,14,1719,7,980,7,739,0,0,12,1061,2,329,12,1390,California
Glenn,2021-01-24,2,1721,2,982,0,739,0,0,2,1063,0,329,2,1392,California
Glenn,2021-01-25,27,1748,9,991,18,757,0,0,24,1084,3,332,24,1416,California
Glenn,2021-01-26,29,1777,13,1004,16,773,0,0,23,1101,6,338,23,1439,California
Glenn,2021-01-27,188,1965,13,1017,175,948,0,0,166,1245,22,360,166,1605,California
Glenn,2021-01-28,146,2111,8,1025,138,1086,0,0,116,1331,30,390,116,1721,California
Glenn,2021-01-29,296,2407,12,1037,284,1370,0,0,282,1599,14,404,282,2003,California
Glenn,2021-01-30,4,2411,0,1037,4,1374,0,0,4,1603,0,404,4,2007,California
Glenn,2021-01-31,1,2412,0,1037,1,1375,0,0,1,1604,0,404,1,2008,California
Glenn,2021-02-01,28,2440,10,1047,18,1393,0,0,16,1608,12,416,16,2024,California
Glenn,2021-02-02,28,2468,13,1060,15,1408,0,0,19,1618,9,425,19,2043,California
Glenn,2021-02-03,274,2742,125,1185,149,1557,0,0,129,1603,145,570,130,2173,California
Glenn,2021-02-04,82,2824,16,1201,66,1623,0,0,27,1575,55,625,27,2200,California
Glenn,2021-02-05,320,3144,25,1226,295,1918,0,0,299,1853,21,646,299,2499,California
Glenn,2021-02-06,14,3158,2,1228,12,1930,0,0,13,1865,1,647,13,2512,California
Glenn,2021-02-07,2,3160,2,1230,0,1930,0,0,2,1867,0,647,2,2514,California
Glenn,2021-02-08,21,3181,17,1247,4,1934,0,0,4,1854,17,664,4,2518,California
Glenn,2021-02-09,49,3230,20,1267,29,1963,0,0,36,1877,13,677,36,2554,California
Glenn,2021-02-10,138,3368,19,1286,119,2082,0,0,65,1869,73,750,65,2619,California
Glenn,2021-02-11,233,3601,133,1419,100,2182,0,0,151,1937,83,833,151,2770,California
Glenn,2021-02-12,420,4021,99,1518,321,2503,0,0,355,2227,65,898,355,3125,California
Glenn,2021-02-13,34,4055,7,1525,27,2530,0,0,16,2225,18,916,16,3141,California
Glenn,2021-02-14,1,4056,0,1525,1,2531,0,0,1,2226,0,916,1,3142,California
Glenn,2021-02-15,8,4064,0,1525,8,2539,0,0,8,2234,0,916,8,3150,California
Glenn,2021-02-16,39,4103,9,1534,30,2569,0,0,21,2237,18,934,21,3171,California
Glenn,2021-02-17,380,4483,14,1548,366,2935,0,0,302,2461,78,1012,302,3473,California
Glenn,2021-02-18,134,4617,99,1647,35,2970,0,0,110,2547,24,1036,110,3583,California
Glenn,2021-02-19,303,4920,17,1664,286,3256,0,0,29,2302,274,1310,29,3612,California
Glenn,2021-02-20,8,4928,0,1664,8,3264,0,0,0,2294,8,1318,0,3612,California
Glenn,2021-02-21,1,4929,1,1665,0,3264,0,0,1,2295,0,1318,1,3613,California
Glenn,2021-02-22,33,4962,14,1679,19,3283,0,0,17,2296,16,1334,17,3630,California
Glenn,2021-02-23,40,5002,10,1689,30,3313,0,0,28,2312,12,1346,28,3658,California
Glenn,2021-02-24,243,5245,37,1726,206,3519,0,0,47,2163,196,1542,47,3705,California
Glenn,2021-02-25,234,5479,120,1846,114,3633,0,0,118,2165,116,1658,118,3823,California
Glenn,2021-02-26,304,5783,24,1870,280,3913,0,0,20,1902,283,1941,20,3843,California
Glenn,2021-02-27,15,5798,5,1875,10,3923,0,0,5,1898,9,1950,5,3848,California
Glenn,2021-02-28,6,5804,3,1878,3,3926,0,0,3,1899,2,1952,3,3851,California
Glenn,2021-03-01,28,5832,6,1884,22,3948,0,0,12,1895,16,1968,12,3863,California
Glenn,2021-03-02,35,5867,7,1891,28,3976,0,0,17,1894,18,1986,17,3880,California
Glenn,2021-03-03,192,6059,37,1928,155,4131,0,0,101,1906,89,2075,101,3981,California
Glenn,2021-03-04,521,6580,175,2103,346,4477,0,0,375,2135,146,2221,375,4356,California
Glenn,2021-03-05,357,6937,49,2152,308,4785,0,0,35,1848,322,2543,35,4391,California
Glenn,2021-03-06,26,6963,3,2155,22,4807,1,1,9,1841,17,2560,10,4401,California
Glenn,2021-03-07,5,6968,0,2155,5,4812,0,1,3,1843,1,2561,3,4404,California
Glenn,2021-03-08,20,6988,2,2157,17,4829,1,2,18,1860,2,2563,19,4423,California
Glenn,2021-03-09,82,7070,11,2168,68,4897,3,5,54,1888,28,2591,56,4479,California
Glenn,2021-03-10,172,7242,69,2237,101,4998,2,7,95,1908,77,2668,97,4576,California
Glenn,2021-03-11,583,7825,169,2406,391,5389,23,30,454,2256,129,2797,477,5053,California
Glenn,2021-03-12,418,8243,14,2420,342,5731,62,92,41,1982,377,3174,103,5156,California
Glenn,2021-03-13,12,8255,1,2421,3,5734,8,100,1,1980,11,3185,9,5165,California
Glenn,2021-03-14,3,8258,1,2422,2,5736,0,100,1,1979,2,3187,1,5166,California
Glenn,2021-03-15,76,8334,15,2437,56,5792,5,105,61,2030,15,3202,66,5232,California
Glenn,2021-03-16,110,8444,34,2471,65,5857,11,116,69,2069,41,3243,80,5312,California
Glenn,2021-03-17,416,8860,97,2568,312,6169,7,123,115,1888,301,3544,120,5432,California
Glenn,2021-03-18,521,9381,215,2783,50,6219,256,379,145,1912,376,3920,400,5832,California
Glenn,2021-03-19,96,9477,16,2799,74,6293,6,385,75,1973,20,3940,81,5913,California
Glenn,2021-03-20,132,9609,2,2801,129,6422,1,386,130,2102,2,3942,131,6044,California
Glenn,2021-03-21,6,9615,5,2806,0,6422,1,387,3,2104,2,3944,4,6048,California
Glenn,2021-03-22,123,9738,54,2860,61,6483,8,395,103,2197,18,3962,111,6159,California
Glenn,2021-03-23,176,9914,66,2926,59,6542,51,446,103,2279,72,4034,154,6313,California
Glenn,2021-03-24,208,10122,100,3026,103,6645,5,451,136,2349,71,4105,141,6454,California
Glenn,2021-03-25,470,10592,229,3255,147,6792,94,545,342,2658,127,4232,436,6890,California
Glenn,2021-03-26,237,10829,37,3292,164,6956,36,581,186,2829,51,4283,222,7112,California
Glenn,2021-03-27,166,10995,22,3314,138,7094,6,587,155,2979,11,4294,161,7273,California
Glenn,2021-03-28,15,11010,10,3324,5,7099,0,587,10,2984,5,4299,10,7283,California
Glenn,2021-03-29,61,11071,20,3344,38,7137,3,590,47,3020,14,4313,50,7333,California
Glenn,2021-03-30,74,11145,42,3386,31,7168,1,591,42,3033,30,4343,43,7376,California
Glenn,2021-03-31,125,11270,35,3421,89,7257,1,592,54,3018,70,4413,55,7431,California
Glenn,2021-04-01,656,11926,189,3610,458,7715,9,601,244,2861,410,4823,253,7684,California
Glenn,2021-04-02,169,12095,26,3636,131,7846,12,613,133,2970,36,4859,145,7829,California
Glenn,2021-04-03,91,12186,4,3640,80,7926,7,620,80,3046,11,4870,87,7916,California
Glenn,2021-04-04,9,12195,3,3643,4,7930,2,622,5,3049,4,4874,7,7923,California
Glenn,2021-04-05,65,12260,25,3668,27,7957,13,635,28,3053,37,4911,41,7964,California
Glenn,2021-04-06,144,12404,52,3720,53,8010,39,674,37,3022,106,5017,75,8039,California
Glenn,2021-04-07,159,12563,46,3766,59,8069,54,728,73,3063,86,5103,127,8166,California
Glenn,2021-04-08,641,13204,189,3955,418,8487,34,762,139,2736,500,5603,173,8339,California
Glenn,2021-04-09,157,13361,57,4012,84,8571,16,778,101,2797,56,5659,117,8456,California
Glenn,2021-04-10,74,13435,1,4013,61,8632,12,790,60,2855,14,5673,72,8528,California
Glenn,2021-04-11,17,13452,8,4021,4,8636,5,795,7,2857,10,5683,12,8540,California
Glenn,2021-04-12,114,13566,25,4046,60,8696,29,824,19,2810,95,5778,48,8588,California
Glenn,2021-04-13,118,13684,63,4109,55,8751,0,824,29,2751,88,5866,29,8617,California
Glenn,2021-04-14,123,13807,47,4156,76,8827,0,824,69,2766,54,5920,69,8686,California
Glenn,2021-04-15,361,14168,275,4431,86,8913,0,824,124,2653,237,6157,124,8810,California
Glenn,2021-04-16,165,14333,41,4472,124,9037,0,824,77,2642,88,6245,77,8887,California
Glenn,2021-04-17,165,14498,18,4490,147,9184,0,824,26,2536,132,6377,26,8913,California
Glenn,2021-04-18,16,14514,3,4493,13,9197,0,824,13,2546,3,6380,13,8926,California
Glenn,2021-04-19,83,14597,17,4510,66,9263,0,824,22,2508,60,6440,22,8948,California
Glenn,2021-04-20,125,14722,81,4591,44,9307,0,824,53,2489,72,6512,53,9001,California
Glenn,2021-04-21,411,15133,308,4899,103,9410,0,824,279,2636,132,6644,279,9280,California
Glenn,2021-04-22,208,15341,48,4947,160,9570,0,824,33,2495,174,6818,33,9313,California
Glenn,2021-04-23,178,15519,24,4971,154,9724,0,824,41,2400,136,6954,41,9354,California
Glenn,2021-04-24,179,15698,32,5003,147,9871,0,824,30,2281,149,7103,30,9384,California
Glenn,2021-04-25,30,15728,18,5021,12,9883,0,824,22,2295,8,7111,22,9406,California
Glenn,2021-04-26,46,15774,11,5032,35,9918,0,824,18,2285,28,7139,18,9424,California
Glenn,2021-04-27,59,15833,46,5078,8,9926,5,829,30,2290,29,7168,34,9458,California
Glenn,2021-04-28,260,16093,182,5260,67,9993,11,840,127,2299,129,7297,138,9596,California
Glenn,2021-04-29,181,16274,22,5282,157,10150,2,842,35,2190,146,7443,37,9633,California
Glenn,2021-04-30,156,16430,35,5317,119,10269,2,844,38,2112,118,7561,40,9673,California
Glenn,2021-05-01,108,16538,13,5330,94,10363,1,845,30,2065,78,7639,31,9704,California
Glenn,2021-05-02,30,16568,12,5342,9,10372,9,854,15,2074,15,7654,24,9728,California
Glenn,2021-05-03,36,16604,23,5365,12,10384,1,855,14,2067,22,7676,15,9743,California
Glenn,2021-05-04,57,16661,33,5398,19,10403,5,860,28,2071,29,7705,33,9776,California
Glenn,2021-05-05,122,16783,35,5433,77,10480,10,870,51,2061,71,7776,61,9837,California
Glenn,2021-05-06,106,16889,41,5474,60,10540,5,875,40,2040,66,7842,45,9882,California
Glenn,2021-05-07,120,17009,33,5507,78,10618,9,884,31,1992,88,7930,40,9922,California
Glenn,2021-05-08,66,17075,12,5519,50,10668,4,888,21,1973,44,7974,25,9947,California
Glenn,2021-05-09,17,17092,11,5530,6,10674,0,888,13,1982,4,7978,13,9960,California
Glenn,2021-05-10,36,17128,15,5545,16,10690,5,893,15,1981,21,7999,20,9980,California
Glenn,2021-05-11,76,17204,53,5598,14,10704,9,902,16,1946,60,8059,25,10005,California
Glenn,2021-05-12,327,17531,246,5844,67,10771,14,916,46,1725,281,8340,60,10065,California
Glenn,2021-05-13,127,17658,32,5876,77,10848,18,934,44,1704,83,8423,62,10127,California
Glenn,2021-05-14,106,17764,25,5901,76,10924,5,939,42,1687,64,8487,47,10174,California
Glenn,2021-05-15,68,17832,40,5941,25,10949,3,942,35,1692,32,8519,37,10211,California
Glenn,2021-05-16,30,17862,18,5959,12,10961,0,942,9,1680,21,8540,9,10220,California
Glenn,2021-05-17,78,17940,53,6012,21,10982,4,946,53,1712,25,8565,57,10277,California
Glenn,2021-05-18,65,18005,47,6059,13,10995,5,951,21,1694,44,8609,26,10303,California
Glenn,2021-05-19,183,18188,102,6161,69,11064,12,963,65,1653,117,8726,76,10379,California
Glenn,2021-05-20,109,18297,68,6229,39,11103,2,965,78,1702,31,8757,80,10459,California
Glenn,2021-05-21,43,18340,7,6236,36,11139,0,965,15,1689,28,8785,15,10474,California
Humboldt,2020-12-15,2,2,2,2,0,0,0,0,2,2,0,0,2,2,California
Humboldt,2020-12-16,16,18,16,18,0,0,0,0,16,18,0,0,16,18,California
Humboldt,2020-12-17,117,135,117,135,0,0,0,0,117,135,0,0,117,135,California
Humboldt,2020-12-18,177,312,177,312,0,0,0,0,177,312,0,0,177,312,California
Humboldt,2020-12-19,10,322,10,322,0,0,0,0,10,322,0,0,10,322,California
Humboldt,2020-12-20,28,350,28,350,0,0,0,0,28,350,0,0,28,350,California
Humboldt,2020-12-21,166,516,166,516,0,0,0,0,166,516,0,0,166,516,California
Humboldt,2020-12-22,297,813,297,813,0,0,0,0,297,813,0,0,297,813,California
Humboldt,2020-12-23,310,1123,262,1075,48,48,0,0,312,1125,0,0,312,1125,California
Humboldt,2020-12-24,25,1148,2,1077,23,71,0,0,25,1150,0,0,25,1150,California
Humboldt,2020-12-25,2,1150,2,1079,0,71,0,0,2,1152,0,0,2,1152,California
Humboldt,2020-12-26,6,1156,5,1084,1,72,0,0,6,1158,0,0,6,1158,California
Humboldt,2020-12-28,159,1315,147,1231,12,84,0,0,159,1317,0,0,159,1317,California
Humboldt,2020-12-29,170,1485,123,1354,47,131,0,0,170,1487,0,0,170,1487,California
Humboldt,2020-12-30,224,1709,124,1478,100,231,0,0,224,1711,0,0,224,1711,California
Humboldt,2020-12-31,241,1950,79,1557,162,393,0,0,241,1952,0,0,241,1952,California
Humboldt,2021-01-01,2,1952,1,1558,1,394,0,0,2,1954,0,0,2,1954,California
Humboldt,2021-01-02,38,1990,1,1559,37,431,0,0,38,1992,0,0,38,1992,California
Humboldt,2021-01-04,218,2208,142,1701,76,507,0,0,220,2212,0,0,220,2212,California
Humboldt,2021-01-05,130,2338,18,1719,112,619,0,0,129,2340,1,1,129,2341,California
Humboldt,2021-01-06,303,2641,204,1923,99,718,0,0,230,2509,61,62,230,2571,California
Humboldt,2021-01-07,423,3064,311,2234,112,830,0,0,309,2719,99,161,309,2880,California
Humboldt,2021-01-08,420,3484,281,2515,139,969,0,0,284,2872,131,292,284,3164,California
Humboldt,2021-01-09,69,3553,45,2560,24,993,0,0,66,2936,3,295,67,3231,California
Humboldt,2021-01-10,84,3637,84,2644,0,993,0,0,4,2860,80,375,4,3235,California
Humboldt,2021-01-11,289,3926,278,2922,11,1004,0,0,72,2719,213,588,72,3307,California
Humboldt,2021-01-12,483,4409,320,3242,163,1167,0,0,299,2856,162,750,299,3606,California
Humboldt,2021-01-13,492,4901,277,3519,215,1382,0,0,315,2998,174,924,316,3922,California
Humboldt,2021-01-14,523,5424,165,3684,358,1740,0,0,467,3410,56,980,468,4390,California
Humboldt,2021-01-15,375,5799,39,3723,336,2076,0,0,358,3751,17,997,358,4748,California
Humboldt,2021-01-16,170,5969,6,3729,164,2240,0,0,169,3919,1,998,169,4917,California
Humboldt,2021-01-17,6,5975,4,3733,2,2242,0,0,6,3925,0,998,6,4923,California
Humboldt,2021-01-18,295,6270,260,3993,35,2277,0,0,145,3920,150,1148,145,5068,California
Humboldt,2021-01-19,634,6904,390,4383,244,2521,0,0,507,4306,121,1269,507,5575,California
Humboldt,2021-01-20,899,7803,387,4770,512,3033,0,0,750,4917,141,1410,752,6327,California
Humboldt,2021-01-21,959,8762,261,5031,698,3731,0,0,917,5792,42,1452,917,7244,California
Humboldt,2021-01-22,676,9438,376,5407,300,4031,0,0,667,6451,9,1461,668,7912,California
Humboldt,2021-01-23,827,10265,273,5680,554,4585,0,0,818,7261,9,1470,819,8731,California
Humboldt,2021-01-24,227,10492,1,5681,226,4811,0,0,226,7486,1,1471,226,8957,California
Humboldt,2021-01-25,305,10797,233,5914,72,4883,0,0,149,7479,156,1627,149,9106,California
Humboldt,2021-01-26,525,11322,141,6055,384,5267,0,0,475,7904,50,1677,475,9581,California
Humboldt,2021-01-27,1260,12582,587,6642,673,5940,0,0,1194,9041,59,1736,1196,10777,California
Humboldt,2021-01-28,1457,14039,634,7276,823,6763,0,0,1320,10229,134,1870,1322,12099,California
Humboldt,2021-01-29,1134,15173,547,7823,587,7350,0,0,705,10506,429,2299,706,12805,California
Humboldt,2021-01-30,973,16146,456,8279,517,7867,0,0,960,11454,13,2312,961,13766,California
Humboldt,2021-01-31,315,16461,313,8592,2,7869,0,0,314,11767,1,2313,314,14080,California
Humboldt,2021-02-01,334,16795,192,8784,142,8011,0,0,187,11808,146,2459,187,14267,California
Humboldt,2021-02-02,444,17239,74,8858,370,8381,0,0,339,12047,102,2561,341,14608,California
Humboldt,2021-02-03,662,17901,258,9116,404,8785,0,0,510,12405,152,2713,510,15118,California
Humboldt,2021-02-04,638,18539,262,9378,376,9161,0,0,440,12650,195,2908,440,15558,California
Humboldt,2021-02-05,811,19350,94,9472,717,9878,0,0,624,13087,187,3095,624,16182,California
Humboldt,2021-02-06,1058,20408,447,9919,611,10489,0,0,1015,14061,42,3137,1016,17198,California
Humboldt,2021-02-07,378,20786,9,9928,369,10858,0,0,373,14431,4,3141,374,17572,California
Humboldt,2021-02-08,324,21110,142,10070,182,11040,0,0,183,14474,140,3281,183,17755,California
Humboldt,2021-02-09,494,21604,220,10290,274,11314,0,0,179,14338,315,3596,179,17934,California
Humboldt,2021-02-10,563,22167,370,10660,193,11507,0,0,233,14246,325,3921,233,18167,California
Humboldt,2021-02-11,1300,23467,396,11056,904,12411,0,0,502,13954,795,4716,503,18670,California
Humboldt,2021-02-12,1146,24613,736,11792,410,12821,0,0,706,14220,440,5156,706,19376,California
Humboldt,2021-02-13,1506,26119,557,12349,949,13770,0,0,915,14546,589,5745,915,20291,California
Humboldt,2021-02-14,112,26231,5,12354,107,13877,0,0,109,14653,2,5747,109,20400,California
Humboldt,2021-02-15,292,26523,78,12432,214,14091,0,0,195,14752,96,5843,195,20595,California
Humboldt,2021-02-16,535,27058,119,12551,416,14507,0,0,254,14726,281,6124,255,20850,California
Humboldt,2021-02-17,450,27508,278,12829,172,14679,0,0,134,14545,315,6439,134,20984,California
Humboldt,2021-02-18,971,28479,596,13425,375,15054,0,0,230,14036,739,7178,230,21214,California
Humboldt,2021-02-19,476,28955,434,13859,42,15096,0,0,89,13741,384,7562,89,21303,California
Humboldt,2021-02-20,1611,30566,987,14846,624,15720,0,0,475,13086,1133,8695,478,21781,California
Humboldt,2021-02-21,479,31045,471,15317,8,15728,0,0,182,12972,297,8992,183,21964,California
Humboldt,2021-02-22,127,31172,92,15409,35,15763,0,0,27,12901,98,9090,27,21991,California
Humboldt,2021-02-23,173,31345,71,15480,102,15865,0,0,41,12812,130,9220,41,22032,California
Humboldt,2021-02-24,1166,32511,706,16186,460,16325,0,0,587,12821,578,9798,587,22619,California
Humboldt,2021-02-25,834,33345,318,16504,516,16841,0,0,230,12449,602,10400,230,22849,California
Humboldt,2021-02-26,2147,35492,106,16610,2041,18882,0,0,449,11207,1692,12092,450,23299,California
Humboldt,2021-02-27,1693,37185,1076,17686,617,19499,0,0,868,11256,823,12915,872,24171,California
Humboldt,2021-02-28,122,37307,10,17696,112,19611,0,0,116,11366,6,12921,116,24287,California
Humboldt,2021-03-01,259,37566,47,17743,212,19823,0,0,184,11475,75,12996,184,24471,California
Humboldt,2021-03-02,290,37856,50,17793,240,20063,0,0,160,11505,130,13126,160,24631,California
Humboldt,2021-03-03,1659,39515,1099,18892,560,20623,0,0,1220,12293,433,13559,1221,25852,California
Humboldt,2021-03-04,902,40417,112,19004,790,21413,0,0,283,11959,619,14178,285,26137,California
Humboldt,2021-03-05,949,41366,188,19192,750,22163,11,11,392,11809,553,14731,403,26540,California
Humboldt,2021-03-06,1700,43066,842,20034,809,22972,49,60,715,11589,984,15715,764,27304,California
Humboldt,2021-03-07,365,43431,296,20330,51,23023,18,78,158,11558,207,15922,176,27480,California
Humboldt,2021-03-08,275,43706,7,20337,190,23213,78,156,181,11723,94,16016,259,27739,California
Humboldt,2021-03-09,490,44196,211,20548,131,23344,148,304,239,11860,249,16265,386,28125,California
Humboldt,2021-03-10,690,44886,466,21014,70,23414,154,458,421,12165,268,16533,573,28698,California
Humboldt,2021-03-11,1463,46349,461,21475,902,24316,100,558,641,12088,817,17350,740,29438,California
Humboldt,2021-03-12,1746,48095,1083,22558,441,24757,222,780,1054,12683,684,18034,1279,30717,California
Humboldt,2021-03-13,1571,49666,1023,23581,496,25253,52,832,676,12522,889,18923,728,31445,California
Humboldt,2021-03-14,142,49808,18,23599,115,25368,9,841,28,12445,114,19037,37,31482,California
Humboldt,2021-03-15,276,50084,51,23650,204,25572,21,862,59,12308,217,19254,80,31562,California
Humboldt,2021-03-16,637,50721,201,23851,175,25747,261,1123,261,12453,375,19629,520,32082,California
Humboldt,2021-03-17,732,51453,396,24247,228,25975,108,1231,340,12510,391,20020,448,32530,California
Humboldt,2021-03-18,1734,53187,1165,25412,526,26501,43,1274,1038,12900,691,20711,1081,33611,California
Humboldt,2021-03-19,1075,54262,60,25472,701,27202,314,1588,440,13021,632,21343,753,34364,California
Humboldt,2021-03-20,1376,55638,751,26223,612,27814,13,1601,426,12513,948,22291,440,34804,California
Humboldt,2021-03-21,249,55887,32,26255,188,28002,29,1630,204,12700,45,22336,232,35036,California
Humboldt,2021-03-22,119,56006,16,26271,53,28055,50,1680,62,12757,55,22391,112,35148,California
Humboldt,2021-03-23,411,56417,41,26312,327,28382,43,1723,319,13029,90,22481,362,35510,California
Humboldt,2021-03-24,1415,57832,389,26701,978,29360,48,1771,1038,13745,369,22850,1085,36595,California
Humboldt,2021-03-25,1835,59667,1210,27911,563,29923,62,1833,947,13868,886,23736,1009,37604,California
Humboldt,2021-03-26,2040,61707,437,28348,1546,31469,57,1890,1594,15077,441,24177,1650,39254,California
Humboldt,2021-03-27,2014,63721,1439,29787,405,31874,170,2060,1141,15519,869,25046,1311,40565,California
Humboldt,2021-03-28,266,63987,81,29868,114,31988,71,2131,85,15495,181,25227,157,40722,California
Humboldt,2021-03-29,470,64457,127,29995,248,32236,95,2226,201,15522,268,25495,295,41017,California
Humboldt,2021-03-30,941,65398,304,30299,523,32759,114,2340,561,15821,375,25870,674,41691,California
Humboldt,2021-03-31,1861,67259,517,30816,1248,34007,96,2436,1408,16877,450,26320,1506,43197,California
Humboldt,2021-04-01,2108,69367,704,31520,1310,35317,94,2530,1478,17826,623,26943,1572,44769,California
Humboldt,2021-04-02,1721,71088,1110,32630,507,35824,104,2634,620,17454,1096,28039,724,45493,California
Humboldt,2021-04-03,1666,72754,1506,34136,145,35969,15,2649,671,17155,985,29024,686,46179,California
Humboldt,2021-04-04,483,73237,371,34507,103,36072,9,2658,405,17492,78,29102,415,46594,California
Humboldt,2021-04-05,774,74011,460,34967,266,36338,48,2706,440,17648,332,29434,488,47082,California
Humboldt,2021-04-06,838,74849,316,35283,388,36726,134,2840,587,18122,245,29679,719,47801,California
Humboldt,2021-04-07,1488,76337,1058,36341,291,37017,139,2979,985,18745,501,30180,1124,48925,California
Humboldt,2021-04-08,1735,78072,1085,37426,492,37509,158,3137,735,18640,998,31178,893,49818,California
Humboldt,2021-04-09,1432,79504,432,37858,846,38355,154,3291,1146,19646,286,31464,1292,51110,California
Humboldt,2021-04-10,934,80438,137,37995,621,38976,176,3467,733,20354,199,31663,907,52017,California
Humboldt,2021-04-11,639,81077,137,38132,35,39011,467,3934,127,20435,512,32175,593,52610,California
Humboldt,2021-04-12,432,81509,224,38356,83,39094,125,4059,274,20676,158,32333,399,53009,California
Humboldt,2021-04-13,584,82093,321,38677,260,39354,3,4062,550,21197,31,32364,552,53561,California
Humboldt,2021-04-14,1426,83519,1030,39707,396,39750,0,4062,1313,22399,111,32475,1313,54874,California
Humboldt,2021-04-15,1816,85335,1196,40903,616,40366,4,4066,1248,23099,550,33025,1250,56124,California
Humboldt,2021-04-16,1124,86459,520,41423,604,40970,0,4066,539,23056,582,33607,539,56663,California
Humboldt,2021-04-17,1600,88059,1277,42700,323,41293,0,4066,1010,23482,584,34191,1010,57673,California
Humboldt,2021-04-18,657,88716,344,43044,312,41605,1,4067,94,23019,557,34748,94,57767,California
Humboldt,2021-04-19,198,88914,84,43128,114,41719,0,4067,83,22989,113,34861,83,57850,California
Humboldt,2021-04-20,477,89391,129,43257,348,42067,0,4067,231,22975,245,35106,231,58081,California
Humboldt,2021-04-21,1086,90477,376,43633,710,42777,0,4067,429,22758,647,35753,430,58511,California
Humboldt,2021-04-22,876,91353,523,44156,351,43128,2,4069,442,22768,432,36185,442,58953,California
Humboldt,2021-04-23,2155,93508,304,44460,1851,44979,0,4069,312,21240,1840,38025,312,59265,California
Humboldt,2021-04-24,1083,94591,880,45340,198,45177,5,4074,362,20888,719,38744,367,59632,California
Humboldt,2021-04-25,374,94965,239,45579,135,45312,0,4074,190,20897,181,38925,190,59822,California
Humboldt,2021-04-26,305,95270,211,45790,90,45402,4,4078,87,20770,216,39141,89,59911,California
Humboldt,2021-04-27,698,95968,226,46016,454,45856,18,4096,143,20378,553,39694,161,60072,California
Humboldt,2021-04-28,1537,97505,795,46811,697,46553,45,4141,397,19682,1138,40832,442,60514,California
Humboldt,2021-04-29,1722,99227,578,47389,1106,47659,38,4179,278,18558,1440,42272,316,60830,California
Humboldt,2021-04-30,1247,100474,391,47780,822,48481,34,4213,195,17739,1046,43318,227,61057,California
Humboldt,2021-05-01,458,100932,378,48158,58,48539,22,4235,283,17870,174,43492,305,61362,California
Humboldt,2021-05-02,227,101159,182,48340,36,48575,9,4244,113,17880,113,43605,123,61485,California
Humboldt,2021-05-03,609,101768,376,48716,209,48784,24,4268,97,17492,510,44115,122,61607,California
Humboldt,2021-05-04,815,102583,480,49196,291,49075,44,4312,246,17215,566,44681,289,61896,California
Humboldt,2021-05-05,1684,104267,1074,50270,553,49628,57,4369,180,15953,1497,46178,235,62131,California
Humboldt,2021-05-06,1652,105919,1043,51313,357,49985,252,4621,134,14824,1515,47693,386,62517,California
Humboldt,2021-05-07,1421,107340,304,51617,1058,51043,59,4680,236,13934,1183,48876,293,62810,California
Humboldt,2021-05-08,699,108039,105,51722,571,51614,23,4703,88,13435,610,49486,111,62921,California
Humboldt,2021-05-09,907,108946,855,52577,42,51656,10,4713,48,12634,859,50345,58,62979,California
Humboldt,2021-05-10,213,109159,36,52613,140,51796,37,4750,81,12620,132,50477,118,63097,California
Humboldt,2021-05-11,487,109646,145,52758,271,52067,71,4821,183,12570,304,50781,254,63351,California
Humboldt,2021-05-12,575,110221,121,52879,412,52479,42,4863,203,12444,371,51152,245,63596,California
Humboldt,2021-05-13,477,110698,229,53108,223,52702,25,4888,206,12406,269,51421,231,63827,California
Humboldt,2021-05-14,688,111386,134,53242,451,53153,103,4991,227,12277,458,51879,329,64156,California
Humboldt,2021-05-15,780,112166,641,53883,131,53284,8,4999,209,11924,570,52449,217,64373,California
Humboldt,2021-05-16,124,112290,53,53936,67,53351,4,5003,70,11944,54,52503,74,64447,California
Humboldt,2021-05-17,393,112683,212,54148,159,53510,22,5025,218,12010,173,52676,239,64686,California
Humboldt,2021-05-18,654,113337,326,54474,299,53809,29,5054,363,12112,290,52966,392,65078,California
Humboldt,2021-05-19,948,114285,527,55001,378,54187,43,5097,336,11881,608,53574,377,65455,California
Humboldt,2021-05-20,667,114952,503,55504,155,54342,9,5106,502,12230,162,53736,511,65966,California
Humboldt,2021-05-21,483,115435,58,55562,386,54728,39,5145,103,11992,380,54116,142,66108,California
Imperial,2020-12-16,1,1,1,1,0,0,0,0,1,1,0,0,1,1,California
Imperial,2020-12-17,4,5,4,5,0,0,0,0,4,5,0,0,4,5,California
Imperial,2020-12-18,12,17,12,17,0,0,0,0,12,17,0,0,12,17,California
Imperial,2020-12-20,2,19,2,19,0,0,0,0,2,19,0,0,2,19,California
Imperial,2020-12-21,186,205,186,205,0,0,0,0,186,205,0,0,186,205,California
Imperial,2020-12-22,241,446,239,444,2,2,0,0,241,446,0,0,241,446,California
Imperial,2020-12-23,211,657,210,654,1,3,0,0,210,656,0,0,210,656,California
Imperial,2020-12-24,5,662,5,659,0,3,0,0,5,661,0,0,5,661,California
Imperial,2020-12-26,1,663,0,659,1,4,0,0,1,662,0,0,1,662,California
Imperial,2020-12-27,62,725,0,659,62,66,0,0,62,724,0,0,62,724,California
Imperial,2020-12-28,214,939,114,773,100,166,0,0,214,938,0,0,214,938,California
Imperial,2020-12-29,189,1128,36,809,153,319,0,0,189,1127,0,0,189,1127,California
Imperial,2020-12-30,366,1494,50,859,316,635,0,0,366,1493,0,0,366,1493,California
Imperial,2020-12-31,197,1691,26,885,171,806,0,0,197,1690,0,0,197,1690,California
Imperial,2021-01-01,47,1738,5,890,42,848,0,0,47,1737,0,0,47,1737,California
Imperial,2021-01-02,4,1742,0,890,4,852,0,0,4,1741,0,0,4,1741,California
Imperial,2021-01-03,90,1832,0,890,90,942,0,0,90,1831,0,0,90,1831,California
Imperial,2021-01-04,85,1917,5,895,80,1022,0,0,85,1916,0,0,85,1916,California
Imperial,2021-01-05,174,2091,14,909,160,1182,0,0,174,2090,0,0,174,2090,California
Imperial,2021-01-06,190,2281,25,934,165,1347,0,0,189,2278,1,1,189,2279,California
Imperial,2021-01-07,321,2602,10,944,311,1658,0,0,318,2593,3,4,318,2597,California
Imperial,2021-01-08,192,2794,52,996,140,1798,0,0,182,2765,10,14,182,2779,California
Imperial,2021-01-09,24,2818,21,1017,3,1801,0,0,24,2789,0,14,24,2803,California
Imperial,2021-01-10,1,2819,0,1017,1,1802,0,0,1,2790,0,14,1,2804,California
Imperial,2021-01-11,403,3222,244,1261,159,1961,0,0,175,2737,228,242,175,2979,California
Imperial,2021-01-12,404,3626,302,1563,102,2063,0,0,142,2618,261,503,142,3121,California
Imperial,2021-01-13,379,4005,133,1696,246,2309,0,0,280,2799,99,602,280,3401,California
Imperial,2021-01-14,261,4266,151,1847,110,2419,0,0,255,3049,5,607,255,3656,California
Imperial,2021-01-15,241,4507,182,2029,59,2478,0,0,234,3276,7,614,234,3890,California
Imperial,2021-01-16,78,4585,74,2103,4,2482,0,0,77,3352,1,615,77,3967,California
Imperial,2021-01-17,10,4595,2,2105,8,2490,0,0,10,3362,0,615,10,3977,California
Imperial,2021-01-18,1058,5653,399,2504,659,3149,0,0,960,4225,98,713,961,4938,California
Imperial,2021-01-19,165,5818,129,2633,36,3185,0,0,118,4296,47,760,118,5056,California
Imperial,2021-01-20,293,6111,196,2829,97,3282,0,0,255,4513,38,798,255,5311,California
Imperial,2021-01-21,416,6527,183,3012,233,3515,0,0,396,4889,20,818,396,5707,California
Imperial,2021-01-22,457,6984,189,3201,268,3783,0,0,448,5328,9,827,448,6155,California
Imperial,2021-01-23,1040,8024,290,3491,750,4533,0,0,1039,6366,1,828,1039,7194,California
Imperial,2021-01-24,11,8035,4,3495,7,4540,0,0,11,6377,0,828,11,7205,California
Imperial,2021-01-25,214,8249,5,3500,209,4749,0,0,34,6233,178,1006,34,7239,California
Imperial,2021-01-26,364,8613,185,3685,179,4928,0,0,221,6311,143,1149,221,7460,California
Imperial,2021-01-27,570,9183,162,3847,408,5336,0,0,237,6215,333,1482,237,7697,California
Imperial,2021-01-28,633,9816,160,4007,473,5809,0,0,525,6632,108,1590,525,8222,California
Imperial,2021-01-29,424,10240,296,4303,128,5937,0,0,374,6956,50,1640,374,8596,California
Imperial,2021-01-30,56,10296,31,4334,25,5962,0,0,39,6978,17,1657,39,8635,California
Imperial,2021-01-31,17,10313,7,4341,10,5972,0,0,16,6993,1,1658,16,8651,California
Imperial,2021-02-01,421,10734,55,4396,366,6338,0,0,210,6994,209,1867,210,8861,California
Imperial,2021-02-02,683,11417,56,4452,627,6965,0,0,502,7315,181,2048,502,9363,California
Imperial,2021-02-03,459,11876,51,4503,408,7373,0,0,263,7383,195,2243,263,9626,California
Imperial,2021-02-04,1721,13597,1200,5703,521,7894,0,0,1407,8478,312,2555,1407,11033,California
Imperial,2021-02-05,391,13988,243,5946,148,8042,0,0,157,8400,235,2790,157,11190,California
Imperial,2021-02-06,862,14850,837,6783,25,8067,0,0,826,9189,37,2827,826,12016,California
Imperial,2021-02-07,21,14871,9,6792,12,8079,0,0,20,9208,1,2828,20,12036,California
Imperial,2021-02-08,249,15120,42,6834,207,8286,0,0,181,9321,68,2896,181,12217,California
Imperial,2021-02-09,464,15584,147,6981,317,8603,0,0,306,9469,158,3054,306,12523,California
Imperial,2021-02-10,459,16043,56,7037,403,9006,0,0,96,9203,363,3417,97,12620,California
Imperial,2021-02-11,1024,17067,367,7404,657,9663,0,0,146,8476,873,4290,146,12766,California
Imperial,2021-02-12,2130,19197,1410,8814,720,10383,0,0,1781,9905,352,4642,1781,14547,California
Imperial,2021-02-13,47,19244,18,8832,29,10412,0,0,42,9940,8,4650,43,14590,California
Imperial,2021-02-14,24,19268,12,8844,12,10424,0,0,21,9958,3,4653,21,14611,California
Imperial,2021-02-15,95,19363,11,8855,84,10508,0,0,84,10031,11,4664,84,14695,California
Imperial,2021-02-16,514,19877,267,9122,247,10755,0,0,293,10103,221,4885,293,14988,California
Imperial,2021-02-17,439,20316,285,9407,154,10909,0,0,83,9830,356,5241,83,15071,California
Imperial,2021-02-18,646,20962,308,9715,338,11247,0,0,140,9465,505,5746,140,15211,California
Imperial,2021-02-19,770,21732,383,10098,387,11634,0,0,195,9086,574,6320,195,15406,California
Imperial,2021-02-20,1041,22773,191,10289,850,12484,0,0,327,8703,712,7032,329,15735,California
Imperial,2021-02-21,591,23364,557,10846,34,12518,0,0,580,9273,10,7042,580,16315,California
Imperial,2021-02-22,806,24170,567,11413,239,12757,0,0,757,9981,49,7091,757,17072,California
Imperial,2021-02-23,963,25133,395,11808,568,13325,0,0,908,10835,55,7146,909,17981,California
Imperial,2021-02-24,718,25851,302,12110,416,13741,0,0,621,11360,96,7242,621,18602,California
Imperial,2021-02-25,857,26708,341,12451,516,14257,0,0,489,11487,367,7609,494,19096,California
Imperial,2021-02-26,2277,28985,1351,13802,926,15183,0,0,1800,12812,476,8085,1801,20897,California
Imperial,2021-02-27,867,29852,812,14614,55,15238,0,0,131,12206,738,8823,132,21029,California
Imperial,2021-02-28,32,29884,20,14634,12,15250,0,0,22,12218,10,8833,22,21051,California
Imperial,2021-03-01,499,30383,296,14930,201,15451,2,2,432,12589,64,8897,435,21486,California
Imperial,2021-03-02,676,31059,246,15176,430,15881,0,2,386,12689,288,9185,388,21874,California
Imperial,2021-03-03,927,31986,49,15225,877,16758,1,3,558,12893,366,9551,570,22444,California
Imperial,2021-03-04,755,32741,85,15310,669,17427,1,4,492,13154,261,9812,522,22966,California
Imperial,2021-03-05,2951,35692,2201,17511,750,18177,0,4,1611,13424,1343,11155,1613,24579,California
Imperial,2021-03-06,704,36396,238,17749,466,18643,0,4,659,14045,42,11197,663,25242,California
Imperial,2021-03-07,85,36481,41,17790,44,18687,0,4,60,14082,24,11221,61,25303,California
Imperial,2021-03-08,415,36896,331,18121,49,18736,35,39,362,14427,52,11273,397,25700,California
Imperial,2021-03-09,682,37578,311,18432,124,18860,247,286,398,14787,284,11557,644,26344,California
Imperial,2021-03-10,685,38263,313,18745,267,19127,105,391,322,14852,362,11919,427,26771,California
Imperial,2021-03-11,1794,40057,479,19224,1123,20250,192,583,1192,15648,599,12518,1395,28166,California
Imperial,2021-03-12,4697,44754,3440,22664,1071,21321,186,769,3005,17152,1687,14205,3191,31357,California
Imperial,2021-03-13,1156,45910,94,22758,837,22158,225,994,861,17950,292,14497,1090,32447,California
Imperial,2021-03-14,176,46086,36,22794,126,22284,14,1008,140,18069,36,14533,155,32602,California
Imperial,2021-03-15,686,46772,227,23021,200,22484,259,1267,389,18422,295,14828,648,33250,California
Imperial,2021-03-16,1102,47874,275,23296,360,22844,467,1734,551,18890,549,15377,1017,34267,California
Imperial,2021-03-17,1600,49474,692,23988,771,23615,137,1871,1015,19465,578,15955,1153,35420,California
Imperial,2021-03-18,1804,51278,1193,25181,551,24166,60,1931,1270,20266,531,16486,1332,36752,California
Imperial,2021-03-19,3738,55016,2742,27923,993,25159,3,1934,1886,20312,1844,18330,1890,38642,California
Imperial,2021-03-20,1761,56777,553,28476,1203,26362,5,1939,1313,21194,442,18772,1324,39966,California
Imperial,2021-03-21,217,56994,35,28511,178,26540,4,1943,159,21303,58,18830,167,40133,California
Imperial,2021-03-22,1047,58041,339,28850,701,27241,7,1950,622,21510,424,19254,631,40764,California
Imperial,2021-03-23,1422,59463,436,29286,979,28220,7,1957,921,21942,498,19752,930,41694,California
Imperial,2021-03-24,2125,61588,562,29848,1138,29358,425,2382,1149,22542,973,20725,1573,43267,California
Imperial,2021-03-25,3192,64780,689,30537,885,30243,1618,4000,1194,23351,1993,22718,2802,46069,California
Imperial,2021-03-26,3175,67955,1173,31710,1024,31267,978,4978,905,22974,2259,24977,1882,47951,California
Imperial,2021-03-27,613,68568,284,31994,277,31544,52,5030,445,23306,165,25142,497,48448,California
Imperial,2021-03-28,210,68778,51,32045,157,31701,2,5032,172,23443,37,25179,174,48622,California
Imperial,2021-03-29,1446,70224,348,32393,393,32094,705,5737,320,23343,1124,26303,1024,49646,California
Imperial,2021-03-30,2085,72309,686,33079,593,32687,806,6543,684,23433,1401,27704,1491,51137,California
Imperial,2021-03-31,1542,73851,728,33807,808,33495,6,6549,1022,23943,517,28221,1027,52164,California
Imperial,2021-04-01,1951,75802,418,34225,1291,34786,242,6791,867,23972,1079,29300,1108,53272,California
Imperial,2021-04-02,1928,77730,475,34700,1379,36165,74,6865,1316,24753,607,29907,1388,54660,California
Imperial,2021-04-03,1511,79241,422,35122,1010,37175,79,6944,696,24716,812,30719,775,55435,California
Imperial,2021-04-04,85,79326,40,35162,28,37203,17,6961,23,24694,62,30781,40,55475,California
Imperial,2021-04-05,3394,82720,2316,37478,913,38116,165,7126,801,23077,2583,33364,966,56441,California
Imperial,2021-04-06,1306,84026,527,38005,590,38706,189,7315,683,23331,619,33983,873,57314,California
Imperial,2021-04-07,2155,86181,553,38558,1225,39931,377,7692,1554,24657,605,34588,1931,59245,California
Imperial,2021-04-08,2189,88370,1071,39629,824,40755,294,7986,1065,24893,1121,35709,1357,60602,California
Imperial,2021-04-09,3190,91560,1648,41277,926,41681,616,8602,1499,25322,1685,37394,2114,62716,California
Imperial,2021-04-10,1278,92838,184,41461,822,42503,272,8874,215,24745,1061,38455,484,63200,California
Imperial,2021-04-11,218,93056,30,41491,157,42660,31,8905,75,24708,143,38598,106,63306,California
Imperial,2021-04-12,1435,94491,767,42258,447,43107,221,9126,814,25126,617,39215,1035,64341,California
Imperial,2021-04-13,2889,97380,1891,44149,996,44103,2,9128,2026,26293,859,40074,2026,66367,California
Imperial,2021-04-14,2022,99402,943,45092,1079,45182,0,9128,1391,27060,625,40699,1392,67759,California
Imperial,2021-04-15,1975,101377,908,46000,1067,46249,0,9128,1354,27799,617,41316,1356,69115,California
Imperial,2021-04-16,3442,104819,1795,47795,1647,47896,0,9128,2152,28675,1277,42593,2153,71268,California
Imperial,2021-04-17,1815,106634,933,48728,880,48776,2,9130,1417,29702,393,42986,1420,72688,California
Imperial,2021-04-18,251,106885,69,48797,182,48958,0,9130,88,29628,162,43148,88,72776,California
Imperial,2021-04-19,835,107720,267,49064,568,49526,0,9130,467,29733,366,43514,471,73247,California
Imperial,2021-04-20,1319,109039,526,49590,793,50319,0,9130,737,29893,578,44092,738,73985,California
Imperial,2021-04-21,1370,110409,338,49928,1032,51351,0,9130,795,30118,570,44662,795,74780,California
Imperial,2021-04-22,2210,112619,806,50734,1404,52755,0,9130,1507,30934,693,45355,1509,76289,California
Imperial,2021-04-23,2798,115417,531,51265,2267,55022,0,9130,1080,30330,1688,47043,1084,77373,California
Imperial,2021-04-24,549,115966,326,51591,223,55245,0,9130,206,30196,340,47383,206,77579,California
Imperial,2021-04-25,264,116230,97,51688,167,55412,0,9130,134,30202,128,47511,134,77713,California
Imperial,2021-04-26,1131,117361,459,52147,669,56081,3,9133,681,30440,446,47957,684,78397,California
Imperial,2021-04-27,1033,118394,342,52489,682,56763,9,9142,520,30461,508,48465,529,78926,California
Imperial,2021-04-28,1478,119872,637,53126,812,57575,29,9171,668,30353,805,49270,697,79623,California
Imperial,2021-04-29,1792,121664,856,53982,890,58465,46,9217,811,30238,973,50243,858,80481,California
Imperial,2021-04-30,3208,124872,1667,55649,1508,59973,33,9250,1566,30209,1629,51872,1600,82081,California
Imperial,2021-05-01,311,125183,123,55772,185,60158,3,9253,157,30216,154,52026,161,82242,California
Imperial,2021-05-02,83,125266,25,55797,56,60214,2,9255,51,30238,32,52058,54,82296,California
Imperial,2021-05-03,1616,126882,542,56339,1027,61241,47,9302,368,29415,1239,53297,416,82712,California
Imperial,2021-05-04,1735,128617,953,57292,755,61996,27,9329,531,28776,1197,54494,558,83270,California
Imperial,2021-05-05,1501,130118,890,58182,590,62586,21,9350,439,28186,1051,55545,461,83731,California
Imperial,2021-05-06,1660,131778,1107,59289,519,63105,34,9384,530,27626,1124,56669,564,84295,California
Imperial,2021-05-07,2145,133923,1235,60524,865,63970,45,9429,790,27123,1340,58009,837,85132,California
Imperial,2021-05-08,547,134470,410,60934,129,64099,8,9437,158,26908,381,58390,166,85298,California
Imperial,2021-05-09,93,134563,62,60996,30,64129,1,9438,28,26875,62,58452,29,85327,California
Imperial,2021-05-10,657,135220,222,61218,313,64442,122,9560,225,26794,427,58879,346,85673,California
Imperial,2021-05-11,1256,136476,447,61665,790,65232,19,9579,443,26454,806,59685,466,86139,California
Imperial,2021-05-12,691,137167,257,61922,396,65628,38,9617,254,26313,433,60118,292,86431,California
Imperial,2021-05-13,1398,138565,929,62851,398,66026,71,9688,622,26239,767,60885,693,87124,California
Imperial,2021-05-14,1423,139988,830,63681,546,66572,47,9735,977,26823,440,61325,1024,88148,California
Imperial,2021-05-15,1159,141147,457,64138,682,67254,20,9755,450,26591,703,62028,471,88619,California
Imperial,2021-05-16,118,141265,80,64218,36,67290,2,9757,47,26570,70,62098,49,88668,California
Imperial,2021-05-17,1543,142808,591,64809,926,68216,26,9783,548,26154,991,63089,575,89243,California
Imperial,2021-05-18,1160,143968,624,65433,482,68698,54,9837,660,26373,496,63585,715,89958,California
Imperial,2021-05-19,1117,145085,524,65957,528,69226,65,9902,512,26350,600,64185,577,90535,California
Imperial,2021-05-20,1021,146106,711,66668,257,69483,53,9955,460,26309,555,64740,514,91049,California
Imperial,2021-05-21,1173,147279,695,67363,436,69919,42,9997,521,26224,648,65388,563,91612,California
Inyo,2020-12-19,85,85,85,85,0,0,0,0,85,85,0,0,85,85,California
Inyo,2020-12-20,58,143,58,143,0,0,0,0,58,143,0,0,58,143,California
Inyo,2020-12-21,88,231,85,228,3,3,0,0,88,231,0,0,88,231,California
Inyo,2020-12-22,105,336,105,333,0,3,0,0,105,336,0,0,105,336,California
Inyo,2020-12-23,70,406,67,400,3,6,0,0,70,406,0,0,70,406,California
Inyo,2020-12-24,16,422,16,416,0,6,0,0,16,422,0,0,16,422,California
Inyo,2020-12-25,1,423,0,416,1,7,0,0,1,423,0,0,1,423,California
Inyo,2020-12-26,74,497,74,490,0,7,0,0,74,497,0,0,74,497,California
Inyo,2020-12-28,48,545,36,526,12,19,0,0,48,545,0,0,48,545,California
Inyo,2020-12-29,19,564,19,545,0,19,0,0,19,564,0,0,19,564,California
Inyo,2020-12-30,56,620,54,599,2,21,0,0,56,620,0,0,56,620,California
Inyo,2020-12-31,29,649,0,599,29,50,0,0,29,649,0,0,29,649,California
Inyo,2021-01-01,1,650,0,599,1,51,0,0,1,650,0,0,1,650,California
Inyo,2021-01-03,1,651,0,599,1,52,0,0,1,651,0,0,1,651,California
Inyo,2021-01-04,2,653,1,600,1,53,0,0,2,653,0,0,2,653,California
Inyo,2021-01-05,34,687,0,600,34,87,0,0,34,687,0,0,34,687,California
Inyo,2021-01-06,68,755,0,600,68,155,0,0,68,755,0,0,68,755,California
Inyo,2021-01-07,31,786,1,601,30,185,0,0,31,786,0,0,31,786,California
Inyo,2021-01-08,9,795,8,609,1,186,0,0,4,786,5,5,5,791,California
Inyo,2021-01-09,87,882,86,695,1,187,0,0,1,701,86,91,1,792,California
Inyo,2021-01-10,52,934,52,747,0,187,0,0,0,649,52,143,0,792,California
Inyo,2021-01-11,97,1031,82,829,15,202,0,0,16,584,81,224,16,808,California
Inyo,2021-01-12,139,1170,118,947,21,223,0,0,28,501,111,335,28,836,California
Inyo,2021-01-13,86,1256,68,1015,18,241,0,0,21,458,65,400,22,858,California
Inyo,2021-01-14,59,1315,13,1028,46,287,0,0,49,497,10,410,49,907,California
Inyo,2021-01-15,163,1478,28,1056,135,422,0,0,163,660,0,410,163,1070,California
Inyo,2021-01-16,74,1552,73,1129,1,423,0,0,1,588,73,483,1,1071,California
Inyo,2021-01-18,58,1610,36,1165,22,445,0,0,19,568,39,522,19,1090,California
Inyo,2021-01-19,114,1724,72,1237,42,487,0,0,97,648,17,539,97,1187,California
Inyo,2021-01-20,147,1871,71,1308,76,563,0,0,93,687,54,593,93,1280,California
Inyo,2021-01-21,120,1991,57,1365,63,626,0,0,119,805,1,594,119,1399,California
Inyo,2021-01-22,62,2053,0,1365,62,688,0,0,61,865,1,595,61,1460,California
Inyo,2021-01-23,52,2105,52,1417,0,688,0,0,52,917,0,595,52,1512,California
Inyo,2021-01-25,49,2154,6,1423,43,731,0,0,37,942,12,607,37,1549,California
Inyo,2021-01-26,135,2289,54,1477,81,812,0,0,129,1065,6,613,129,1678,California
Inyo,2021-01-27,24,2313,2,1479,22,834,0,0,23,1087,1,614,23,1701,California
Inyo,2021-01-28,92,2405,2,1481,90,924,0,0,63,1121,29,643,63,1764,California
Inyo,2021-01-29,25,2430,3,1484,22,946,0,0,23,1142,2,645,23,1787,California
Inyo,2021-01-30,11,2441,1,1485,10,956,0,0,11,1153,0,645,11,1798,California
Inyo,2021-01-31,32,2473,4,1489,28,984,0,0,4,1129,28,673,4,1802,California
Inyo,2021-02-01,10,2483,9,1498,1,985,0,0,0,1119,10,683,0,1802,California
Inyo,2021-02-02,130,2613,14,1512,116,1101,0,0,104,1197,26,709,104,1906,California
Inyo,2021-02-03,116,2729,0,1512,116,1217,0,0,74,1229,42,751,74,1980,California
Inyo,2021-02-04,151,2880,33,1545,118,1335,0,0,92,1262,59,810,92,2072,California
Inyo,2021-02-05,117,2997,61,1606,56,1391,0,0,115,1375,2,812,115,2187,California
Inyo,2021-02-06,4,3001,2,1608,2,1393,0,0,3,1377,1,813,3,2190,California
Inyo,2021-02-07,4,3005,2,1610,2,1395,0,0,4,1381,0,813,4,2194,California
Inyo,2021-02-08,117,3122,7,1617,110,1505,0,0,97,1458,20,833,97,2291,California
Inyo,2021-02-09,196,3318,52,1669,144,1649,0,0,125,1512,71,904,125,2416,California
Inyo,2021-02-10,141,3459,17,1686,124,1773,0,0,107,1585,34,938,107,2523,California
Inyo,2021-02-11,220,3679,56,1742,164,1937,0,0,126,1617,94,1032,126,2649,California
Inyo,2021-02-12,299,3978,51,1793,248,2185,0,0,167,1652,132,1164,167,2816,California
Inyo,2021-02-13,60,4038,55,1848,5,2190,0,0,8,1608,52,1216,8,2824,California
Inyo,2021-02-14,1,4039,0,1848,1,2191,0,0,1,1609,0,1216,1,2825,California
Inyo,2021-02-15,29,4068,9,1857,20,2211,0,0,5,1590,24,1240,5,2830,California
Inyo,2021-02-16,179,4247,50,1907,129,2340,0,0,92,1596,86,1326,92,2922,California
Inyo,2021-02-17,38,4285,4,1911,34,2374,0,0,8,1574,30,1356,8,2930,California
Inyo,2021-02-18,122,4407,6,1917,116,2490,0,0,79,1610,43,1399,79,3009,California
Inyo,2021-02-19,52,4459,4,1921,48,2538,0,0,9,1576,43,1442,9,3018,California
Inyo,2021-02-20,507,4966,503,2424,4,2542,0,0,505,2079,2,1444,505,3523,California
Inyo,2021-02-21,441,5407,441,2865,0,2542,0,0,441,2520,0,1444,441,3964,California
Inyo,2021-02-22,61,5468,19,2884,42,2584,0,0,27,2513,34,1478,27,3991,California
Inyo,2021-02-23,199,5667,20,2904,179,2763,0,0,95,2505,103,1581,95,4086,California
Inyo,2021-02-24,118,5785,0,2904,118,2881,0,0,57,2501,61,1642,57,4143,California
Inyo,2021-02-25,132,5917,5,2909,127,3008,0,0,62,2493,70,1712,62,4205,California
Inyo,2021-02-26,103,6020,60,2969,43,3051,0,0,19,2428,84,1796,19,4224,California
Inyo,2021-02-27,14,6034,3,2972,11,3062,0,0,2,2418,12,1808,2,4226,California
Inyo,2021-02-28,3,6037,1,2973,2,3064,0,0,2,2419,1,1809,2,4228,California
Inyo,2021-03-01,19,6056,2,2975,17,3081,0,0,17,2434,2,1811,17,4245,California
Inyo,2021-03-02,196,6252,1,2976,195,3276,0,0,111,2460,85,1896,111,4356,California
Inyo,2021-03-03,84,6336,3,2979,81,3357,0,0,41,2458,43,1939,41,4397,California
Inyo,2021-03-04,128,6464,4,2983,124,3481,0,0,46,2422,82,2021,46,4443,California
Inyo,2021-03-05,141,6605,56,3039,85,3566,0,0,38,2357,103,2124,38,4481,California
Inyo,2021-03-06,30,6635,1,3040,29,3595,0,0,29,2385,1,2125,29,4510,California
Inyo,2021-03-07,7,6642,4,3044,3,3598,0,0,5,2388,2,2127,5,4515,California
Inyo,2021-03-08,182,6824,5,3049,177,3775,0,0,91,2388,91,2218,91,4606,California
Inyo,2021-03-09,190,7014,3,3052,187,3962,0,0,74,2346,116,2334,74,4680,California
Inyo,2021-03-10,70,7084,8,3060,61,4023,1,1,30,2337,40,2374,31,4711,California
Inyo,2021-03-11,204,7288,1,3061,198,4221,5,6,74,2286,130,2504,79,4790,California
Inyo,2021-03-12,175,7463,4,3065,166,4387,5,11,77,2270,98,2602,82,4872,California
Inyo,2021-03-13,584,8047,549,3614,25,4412,10,21,72,1841,511,3113,82,4954,California
Inyo,2021-03-14,439,8486,438,4052,1,4413,0,21,5,1412,434,3547,5,4959,California
Inyo,2021-03-15,51,8537,15,4067,34,4447,2,23,30,1423,21,3568,32,4991,California
Inyo,2021-03-16,163,8700,4,4071,153,4600,6,29,63,1393,99,3667,69,5060,California
Inyo,2021-03-17,108,8808,3,4074,98,4698,7,36,92,1476,16,3683,99,5159,California
Inyo,2021-03-18,185,8993,16,4090,162,4860,7,43,104,1506,81,3764,111,5270,California
Inyo,2021-03-19,46,9039,4,4094,38,4898,4,47,36,1536,10,3774,40,5310,California
Inyo,2021-03-20,20,9059,1,4095,10,4908,9,56,1,1527,19,3793,10,5320,California
Inyo,2021-03-22,58,9117,2,4097,51,4959,5,61,38,1550,20,3813,43,5363,California
Inyo,2021-03-23,195,9312,4,4101,187,5146,4,65,105,1569,90,3903,109,5472,California
Inyo,2021-03-24,140,9452,3,4104,133,5279,4,69,86,1605,54,3957,90,5562,California
Inyo,2021-03-25,331,9783,110,4214,218,5497,3,72,265,1807,66,4023,268,5830,California
Inyo,2021-03-26,91,9874,3,4217,84,5581,4,76,71,1862,20,4043,75,5905,California
Inyo,2021-03-27,52,9926,44,4261,5,5586,3,79,46,1905,6,4049,49,5954,California
Inyo,2021-03-28,4,9930,1,4262,2,5588,1,80,1,1904,3,4052,2,5956,California
Inyo,2021-03-29,109,10039,2,4264,102,5690,5,85,82,1965,26,4078,87,6043,California
Inyo,2021-03-30,220,10259,2,4266,213,5903,5,90,108,1966,112,4190,113,6156,California
Inyo,2021-03-31,149,10408,4,4270,140,6043,5,95,108,2038,41,4231,113,6269,California
Inyo,2021-04-01,166,10574,4,4274,161,6204,1,96,117,2107,49,4280,118,6387,California
Inyo,2021-04-02,80,10654,1,4275,77,6281,2,98,51,2131,29,4309,53,6440,California
Inyo,2021-04-03,93,10747,47,4322,32,6313,14,112,5,2063,86,4395,18,6458,California
Inyo,2021-04-04,5,10752,4,4326,0,6313,1,113,1,2061,4,4399,2,6460,California
Inyo,2021-04-05,117,10869,1,4327,112,6425,4,117,29,2006,88,4487,33,6493,California
Inyo,2021-04-06,235,11104,5,4332,167,6592,63,180,103,2040,132,4619,166,6659,California
Inyo,2021-04-07,203,11307,2,4334,74,6666,127,307,47,2057,157,4776,174,6833,California
Inyo,2021-04-08,179,11486,15,4349,147,6813,17,324,80,2055,99,4875,97,6930,California
Inyo,2021-04-09,125,11611,7,4356,95,6908,23,347,38,2030,86,4961,61,6991,California
Inyo,2021-04-10,42,11653,1,4357,24,6932,17,364,3,2011,39,5000,20,7011,California
Inyo,2021-04-11,1,11654,0,4357,1,6933,0,364,1,2012,0,5000,1,7012,California
Inyo,2021-04-12,79,11733,0,4357,74,7007,5,369,41,2020,38,5038,46,7058,California
Inyo,2021-04-13,119,11852,4,4361,112,7119,3,372,61,2027,57,5095,64,7122,California
Inyo,2021-04-14,127,11979,2,4363,125,7244,0,372,42,1984,85,5180,42,7164,California
Inyo,2021-04-15,275,12254,117,4480,158,7402,0,372,79,1867,196,5376,79,7243,California
Inyo,2021-04-16,47,12301,5,4485,42,7444,0,372,19,1858,28,5404,19,7262,California
Inyo,2021-04-17,2,12303,1,4486,1,7445,0,372,1,1858,1,5405,1,7263,California
Inyo,2021-04-19,128,12431,43,4529,85,7530,0,372,43,1816,85,5490,43,7306,California
Inyo,2021-04-20,163,12594,2,4531,161,7691,0,372,79,1811,84,5574,79,7385,California
Inyo,2021-04-21,113,12707,4,4535,109,7800,0,372,32,1762,81,5655,32,7417,California
Inyo,2021-04-22,196,12903,1,4536,195,7995,0,372,51,1668,145,5800,51,7468,California
Inyo,2021-04-23,95,12998,4,4540,91,8086,0,372,22,1617,73,5873,22,7490,California
Inyo,2021-04-24,309,13307,308,4848,1,8087,0,372,304,1916,5,5878,304,7794,California
Inyo,2021-04-25,135,13442,134,4982,1,8088,0,372,135,2051,0,5878,135,7929,California
Inyo,2021-04-26,91,13533,0,4982,90,8178,1,373,10,1981,81,5959,11,7940,California
Inyo,2021-04-27,180,13713,6,4988,169,8347,5,378,43,1893,136,6095,48,7988,California
Inyo,2021-04-28,121,13834,2,4990,117,8464,2,380,20,1814,101,6196,22,8010,California
Inyo,2021-04-29,172,14006,56,5046,116,8580,0,380,77,1797,94,6290,77,8087,California
Inyo,2021-04-30,85,14091,5,5051,79,8659,1,381,24,1761,61,6351,25,8112,California
Inyo,2021-05-01,11,14102,3,5054,8,8667,0,381,9,1768,2,6353,9,8121,California
Inyo,2021-05-02,7,14109,3,5057,2,8669,2,383,4,1771,3,6356,6,8127,California
Inyo,2021-05-03,38,14147,1,5058,33,8702,4,387,5,1747,33,6389,9,8136,California
Inyo,2021-05-04,123,14270,2,5060,117,8819,4,391,22,1672,101,6490,26,8162,California
Inyo,2021-05-05,35,14305,0,5060,33,8852,2,393,11,1661,24,6514,13,8175,California
Inyo,2021-05-06,93,14398,5,5065,80,8932,8,401,13,1602,80,6594,21,8196,California
Inyo,2021-05-07,48,14446,4,5069,36,8968,8,409,24,1611,23,6617,32,8228,California
Inyo,2021-05-08,11,14457,2,5071,4,8972,5,414,4,1613,7,6624,9,8237,California
Inyo,2021-05-09,1,14458,0,5071,1,8973,0,414,0,1612,1,6625,0,8237,California
Inyo,2021-05-10,69,14527,1,5072,66,9039,2,416,30,1606,39,6664,33,8270,California
Inyo,2021-05-11,86,14613,1,5073,82,9121,3,419,20,1563,66,6730,23,8293,California
Inyo,2021-05-12,43,14656,1,5074,40,9161,2,421,11,1544,32,6762,13,8306,California
Inyo,2021-05-13,74,14730,1,5075,72,9233,1,422,11,1493,63,6825,12,8318,California
Inyo,2021-05-14,26,14756,3,5078,18,9251,5,427,12,1496,14,6839,17,8335,California
Inyo,2021-05-15,380,15136,367,5445,11,9262,2,429,87,1292,293,7132,89,8424,California
Inyo,2021-05-16,198,15334,198,5643,0,9262,0,429,71,1236,127,7259,71,8495,California
Inyo,2021-05-17,62,15396,2,5645,56,9318,4,433,19,1216,43,7302,23,8518,California
Inyo,2021-05-18,82,15478,2,5647,79,9397,1,434,17,1169,65,7367,18,8536,California
Inyo,2021-05-19,48,15526,2,5649,41,9438,5,439,14,1154,34,7401,19,8555,California
Inyo,2021-05-20,144,15670,81,5730,62,9500,1,440,34,1079,110,7511,35,8590,California
Inyo,2021-05-21,8,15678,1,5731,6,9506,1,441,0,1072,8,7519,1,8591,California
Kern,2020-12-15,1,1,1,1,0,0,0,0,1,1,0,0,1,1,California
Kern,2020-12-16,18,19,18,19,0,0,0,0,18,19,0,0,18,19,California
Kern,2020-12-17,164,183,164,183,0,0,0,0,164,183,0,0,164,183,California
Kern,2020-12-18,322,505,322,505,0,0,0,0,322,505,0,0,322,505,California
Kern,2020-12-19,98,603,98,603,0,0,0,0,99,604,0,0,99,604,California
Kern,2020-12-20,61,664,61,664,0,0,0,0,61,665,0,0,61,665,California
Kern,2020-12-21,671,1335,670,1334,1,1,0,0,671,1336,0,0,671,1336,California
Kern,2020-12-22,530,1865,527,1861,3,4,0,0,530,1866,0,0,530,1866,California
Kern,2020-12-23,558,2423,420,2281,138,142,0,0,558,2424,0,0,558,2424,California
Kern,2020-12-24,122,2545,43,2324,79,221,0,0,122,2546,0,0,122,2546,California
Kern,2020-12-25,1,2546,1,2325,0,221,0,0,1,2547,0,0,1,2547,California
Kern,2020-12-26,33,2579,1,2326,32,253,0,0,33,2580,0,0,33,2580,California
Kern,2020-12-27,35,2614,3,2329,32,285,0,0,35,2615,0,0,35,2615,California
Kern,2020-12-28,827,3441,663,2992,164,449,0,0,827,3442,0,0,827,3442,California
Kern,2020-12-29,745,4186,452,3444,293,742,0,0,744,4185,1,1,744,4186,California
Kern,2020-12-30,1204,5390,911,4355,293,1035,0,0,1204,5389,0,1,1204,5390,California
Kern,2020-12-31,277,5667,99,4454,178,1213,0,0,277,5666,0,1,277,5667,California
Kern,2021-01-01,14,5681,7,4461,7,1220,0,0,14,5680,0,1,14,5681,California
Kern,2021-01-02,79,5760,18,4479,61,1281,0,0,79,5759,0,1,79,5760,California
Kern,2021-01-03,23,5783,4,4483,19,1300,0,0,23,5782,0,1,23,5783,California
Kern,2021-01-04,556,6339,361,4844,195,1495,0,0,556,6338,0,1,556,6339,California
Kern,2021-01-05,1133,7472,738,5582,395,1890,0,0,1121,7447,12,13,1121,7460,California
Kern,2021-01-06,1162,8634,450,6032,712,2602,0,0,1132,8549,30,43,1132,8592,California
Kern,2021-01-07,1401,10035,488,6520,913,3515,0,0,1232,9613,168,211,1232,9824,California
Kern,2021-01-08,1627,11662,768,7288,859,4374,0,0,1329,10644,299,510,1330,11154,California
Kern,2021-01-09,227,11889,77,7365,150,4524,0,0,193,10803,34,544,193,11347,California
Kern,2021-01-10,194,12083,148,7513,46,4570,0,0,153,10915,41,585,153,11500,California
Kern,2021-01-11,1557,13640,985,8498,572,5142,0,0,1001,11360,556,1141,1001,12501,California
Kern,2021-01-12,1869,15509,811,9309,1058,6200,0,0,1358,12207,511,1652,1358,13859,California
Kern,2021-01-13,1851,17360,869,10178,982,7182,0,0,1431,13218,420,2072,1431,15290,California
Kern,2021-01-14,2187,19547,646,10824,1541,8723,0,0,2142,15314,46,2118,2142,17432,California
Kern,2021-01-15,2707,22254,857,11681,1850,10573,0,0,2610,17830,95,2213,2611,20043,California
Kern,2021-01-16,670,22924,211,11892,459,11032,0,0,635,18430,35,2248,635,20678,California
Kern,2021-01-17,73,22997,7,11899,66,11098,0,0,71,18499,2,2250,71,20749,California
Kern,2021-01-18,1647,24644,660,12559,987,12085,0,0,1480,19812,167,2417,1480,22229,California
Kern,2021-01-19,1854,26498,1034,13593,820,12905,0,0,1387,20733,467,2884,1388,23617,California
Kern,2021-01-20,2613,29111,1678,15271,935,13840,0,0,1910,21947,698,3582,1912,25529,California
Kern,2021-01-21,2115,31226,868,16139,1247,15087,0,0,1919,23671,195,3777,1919,27448,California
Kern,2021-01-22,2714,33940,1297,17436,1417,16504,0,0,2436,25830,277,4054,2436,29884,California
Kern,2021-01-23,1251,35191,542,17978,709,17213,0,0,1205,26989,46,4100,1205,31089,California
Kern,2021-01-24,154,35345,12,17990,142,17355,0,0,148,27131,6,4106,148,31237,California
Kern,2021-01-25,2386,37731,1086,19076,1300,18655,0,0,1901,28549,484,4590,1902,33139,California
Kern,2021-01-26,2769,40500,1127,20203,1642,20297,0,0,1912,29605,856,5446,1912,35051,California
Kern,2021-01-27,3562,44062,1905,22108,1657,21954,0,0,2861,31768,698,6144,2861,37912,California
Kern,2021-01-28,2869,46931,1357,23465,1512,23466,0,0,2441,33789,423,6567,2444,40356,California
Kern,2021-01-29,3783,50714,1801,25266,1982,25448,0,0,3237,36483,543,7110,3237,43593,California
Kern,2021-01-30,1329,52043,498,25764,831,26279,0,0,1280,37716,47,7157,1280,44873,California
Kern,2021-01-31,405,52448,277,26041,128,26407,0,0,270,37851,135,7292,270,45143,California
Kern,2021-02-01,2598,55046,991,27032,1607,28014,0,0,1885,39027,710,8002,1886,47029,California
Kern,2021-02-02,2750,57796,799,27831,1951,29965,0,0,2047,40372,703,8705,2048,49077,California
Kern,2021-02-03,3664,61460,1552,29383,2112,32077,0,0,2695,42105,962,9667,2695,51772,California
Kern,2021-02-04,3801,65261,1452,30835,2349,34426,0,0,2586,43486,1205,10872,2586,54358,California
Kern,2021-02-05,4852,70113,1989,32824,2863,37289,0,0,3092,44837,1741,12613,3092,57450,California
Kern,2021-02-06,1738,71851,768,33592,970,38259,0,0,1512,46126,223,12836,1512,58962,California
Kern,2021-02-07,282,72133,150,33742,132,38391,0,0,266,46378,14,12850,266,59228,California
Kern,2021-02-08,2570,74703,790,34532,1780,40171,0,0,1258,46343,1294,14144,1259,60487,California
Kern,2021-02-09,3038,77741,986,35518,2052,42223,0,0,1466,46246,1563,15707,1466,61953,California
Kern,2021-02-10,3791,81532,1660,37178,2131,44354,0,0,1873,46218,1902,17609,1874,63827,California
Kern,2021-02-11,4265,85797,1535,38713,2730,47084,0,0,2221,46409,2031,19640,2222,66049,California
Kern,2021-02-12,4955,90752,1893,40606,3062,50146,0,0,2479,46426,2462,22102,2479,68528,California
Kern,2021-02-13,2009,92761,728,41334,1281,51427,0,0,1164,46747,843,22945,1164,69692,California
Kern,2021-02-14,351,93112,12,41346,339,51766,0,0,269,46935,81,23026,269,69961,California
Kern,2021-02-15,2744,95856,896,42242,1848,53614,0,0,1211,46622,1524,24550,1211,71172,California
Kern,2021-02-16,2937,98793,712,42954,2225,55839,0,0,1648,46991,1280,25830,1649,72821,California
Kern,2021-02-17,4069,102862,2078,45032,1991,57830,0,0,1927,46783,2136,27966,1928,74749,California
Kern,2021-02-18,3762,106624,1486,46518,2276,60106,0,0,1627,46285,2125,30091,1627,76376,California
Kern,2021-02-19,4198,110822,1914,48432,2284,62390,0,0,1740,45574,2451,32542,1740,78116,California
Kern,2021-02-20,2581,113403,967,49399,1614,64004,0,0,1351,45698,1227,33769,1351,79467,California
Kern,2021-02-21,259,113662,153,49552,106,64110,0,0,90,45621,167,33936,90,79557,California
Kern,2021-02-22,2667,116329,1151,50703,1516,65626,0,0,1429,45817,1233,35169,1429,80986,California
Kern,2021-02-23,3556,119885,1128,51831,2428,68054,0,0,1981,46226,1573,36742,1982,82968,California
Kern,2021-02-24,5196,125081,2289,54120,2907,70961,0,0,3103,47240,2089,38831,3103,86071,California
Kern,2021-02-25,5369,130450,2454,56574,2915,73876,0,0,3188,48266,2162,40993,3188,89259,California
Kern,2021-02-26,6901,137351,3528,60102,3373,77249,0,0,4354,50081,2540,43533,4355,93614,California
Kern,2021-02-27,3954,141305,1986,62088,1968,79217,0,0,2614,51363,1332,44865,2614,96228,California
Kern,2021-02-28,915,142220,503,62591,411,79628,1,1,695,51841,218,45083,696,96924,California
Kern,2021-03-01,3998,146218,1816,64407,2179,81807,3,4,2683,53221,1306,46389,2686,99610,California
Kern,2021-03-02,4461,150679,1412,65819,3048,84855,1,5,2941,54653,1509,47898,2941,102551,California
Kern,2021-03-03,5926,156605,2810,68629,3116,87971,0,5,3832,56406,2080,49978,3833,106384,California
Kern,2021-03-04,5590,162195,2193,70822,3394,91365,3,8,3596,58024,1980,51958,3598,109982,California
Kern,2021-03-05,6659,168854,2854,73676,3786,95151,19,27,4227,59846,2424,54382,4246,114228,California
Kern,2021-03-06,4729,173583,1926,75602,2703,97854,100,127,3461,62145,1261,55643,3560,117788,California
Kern,2021-03-07,2054,175637,1591,77193,413,98267,50,177,1861,63864,192,55835,1911,119699,California
Kern,2021-03-08,2883,178520,922,78115,1748,100015,213,390,1521,64237,1359,57194,1732,121431,California
Kern,2021-03-09,3700,182220,806,78921,2511,102526,383,773,2300,65525,1392,58586,2680,124111,California
Kern,2021-03-10,6127,188347,2562,81483,2494,105020,1071,1844,3592,67666,2520,61106,4661,128772,California
Kern,2021-03-11,6335,194682,2444,83927,2865,107885,1026,2870,3776,69918,2548,63654,4800,133572,California
Kern,2021-03-12,7822,202504,3067,86994,3404,111289,1351,4221,4312,72074,3497,67151,5653,139225,California
Kern,2021-03-13,4658,207162,2526,89520,1797,113086,335,4556,3240,74231,1412,68563,3569,142794,California
Kern,2021-03-14,2297,209459,1522,91042,534,113620,241,4797,1776,75724,521,69084,2014,144808,California
Kern,2021-03-15,4262,213721,1098,92140,2451,116071,713,5510,2194,76568,2056,71140,2900,147708,California
Kern,2021-03-16,4341,218062,1013,93153,2797,118868,531,6041,2334,77433,1997,73137,2862,150570,California
Kern,2021-03-17,7469,225531,4044,97197,2875,121743,550,6591,4509,79542,2949,76086,5058,155628,California
Kern,2021-03-18,7272,232803,3678,100875,3009,124752,585,7176,4402,81674,2851,78937,4983,160611,California
Kern,2021-03-19,8976,241779,4978,105853,3343,128095,655,7831,4712,82786,4249,83186,5361,165972,California
Kern,2021-03-20,6173,247952,3820,109673,2179,130274,174,8005,3909,84616,2254,85440,4084,170056,California
Kern,2021-03-21,3045,250997,1929,111602,236,130510,880,8885,1846,86148,1193,86633,2725,172781,California
Kern,2021-03-22,3986,254983,1565,113167,2064,132574,357,9242,1938,86408,2035,88668,2295,175076,California
Kern,2021-03-23,4734,259717,1675,114842,2860,135434,199,9441,2487,86874,2218,90886,2684,177760,California
Kern,2021-03-24,7176,266893,3673,118515,3026,138460,477,9918,3655,87499,3505,94391,4130,181890,California
Kern,2021-03-25,6753,273646,2994,121509,3428,141888,331,10249,3278,87647,3458,97849,3606,185496,California
Kern,2021-03-26,9868,283514,4415,125924,4197,146085,1256,11505,4741,88533,5109,102958,5995,191491,California
Kern,2021-03-27,5696,289210,3995,129919,1573,147658,128,11633,3444,89854,2250,105208,3571,195062,California
Kern,2021-03-28,4682,293892,4191,134110,477,148135,14,11647,2954,91095,1727,106935,2968,198030,California
Kern,2021-03-29,4246,298138,1678,135788,2291,150426,277,11924,2607,92349,1627,108562,2881,200911,California
Kern,2021-03-30,5593,303731,1870,137658,3339,153765,384,12308,3076,93295,2513,111075,3459,204370,California
Kern,2021-03-31,8397,312128,4540,142198,3209,156974,648,12956,4344,94248,4037,115112,4990,209360,California
Kern,2021-04-01,7879,320007,3874,146072,3707,160681,298,13254,4220,95124,3638,118750,4514,213874,California
Kern,2021-04-02,8428,328435,4452,150524,3369,164050,607,13861,4210,95732,4203,122953,4811,218685,California
Kern,2021-04-03,5812,334247,3503,154027,2126,166176,183,14044,2592,95292,3212,126165,2772,221457,California
Kern,2021-04-04,1338,335585,875,154902,379,166555,84,14128,476,94993,859,127024,560,222017,California
Kern,2021-04-05,5344,340929,2203,157105,2374,168929,767,14895,2888,96181,2445,129469,3633,225650,California
Kern,2021-04-06,7085,348014,2466,159571,3255,172184,1364,16259,3565,97613,3496,132965,4928,230578,California
Kern,2021-04-07,9331,357345,5440,165011,2932,175116,959,17218,4552,98362,4761,137726,5510,236088,California
Kern,2021-04-08,8598,365943,4760,169771,2934,178050,904,18122,3686,98054,4890,142616,4582,240670,California
Kern,2021-04-09,10141,376084,5095,174866,4063,182113,983,19105,4297,97511,5820,148436,5277,245947,California
Kern,2021-04-10,6524,382608,3425,178291,1860,183973,1239,20344,2114,96457,4400,152836,3346,249293,California
Kern,2021-04-11,3824,386432,2892,181183,356,184329,576,20920,1249,95715,2563,155399,1821,251114,California
Kern,2021-04-12,4380,390812,984,182167,2425,186754,971,21891,1569,95460,2794,158193,2539,253653,California
Kern,2021-04-13,4278,395090,1409,183576,2844,189598,25,21916,2112,95441,2157,160350,2138,255791,California
Kern,2021-04-14,6035,401125,2961,186537,3052,192650,22,21938,2985,95412,3035,163385,3006,258797,California
Kern,2021-04-15,5266,406391,2467,189004,2797,195447,2,21940,2502,95169,2747,166132,2504,261301,California
Kern,2021-04-16,7242,413633,3435,192439,3806,199253,1,21941,2953,93859,4265,170397,2955,264256,California
Kern,2021-04-17,5887,419520,3853,196292,2034,201287,0,21941,2091,92169,3782,174179,2092,266348,California
Kern,2021-04-18,3702,423222,3465,199757,237,201524,0,21941,904,90283,2790,176969,904,267252,California
Kern,2021-04-19,3810,427032,1725,201482,2083,203607,2,21943,1409,89311,2381,179350,1409,268661,California
Kern,2021-04-20,4327,431359,1555,203037,2771,206378,1,21944,1626,88251,2688,182038,1628,270289,California
Kern,2021-04-21,5855,437214,3125,206162,2725,209103,5,21949,2131,86683,3703,185741,2135,272424,California
Kern,2021-04-22,4777,441991,2307,208469,2470,211573,0,21949,1687,85302,3069,188810,1688,274112,California
Kern,2021-04-23,6046,448037,2935,211404,3110,214683,1,21950,1888,83068,4124,192934,1890,276002,California
Kern,2021-04-24,3936,451973,2732,214136,1194,215877,10,21960,1441,82041,2478,195412,1451,277453,California
Kern,2021-04-25,1339,453312,1061,215197,278,216155,0,21960,768,82244,565,195977,768,278221,California
Kern,2021-04-26,3770,457082,1817,217014,1901,218056,52,22012,1034,80607,2725,198702,1088,279309,California
Kern,2021-04-27,4635,461717,2275,219289,2259,220315,101,22113,1405,78892,3218,201920,1503,280812,California
Kern,2021-04-28,6246,467963,3675,222964,2448,222763,123,22236,1774,76329,4457,206377,1894,282706,California
Kern,2021-04-29,5507,473470,3062,226026,2345,225108,100,22336,1621,74185,3866,210243,1722,284428,California
Kern,2021-04-30,5592,479062,3128,229154,2305,227413,159,22495,1618,72000,3961,214204,1776,286204,California
Kern,2021-05-01,2580,481642,1804,230958,717,228130,59,22554,956,71400,1614,215818,1014,287218,California
Kern,2021-05-02,1885,483527,1601,232559,263,228393,21,22575,692,70925,1188,217006,713,287931,California
Kern,2021-05-03,2482,486009,987,233546,1363,229756,132,22707,760,70110,1708,218714,893,288824,California
Kern,2021-05-04,3607,489616,1283,234829,2215,231971,109,22816,1255,69135,2337,221051,1362,290186,California
Kern,2021-05-05,4135,493751,2130,236959,1855,233826,150,22966,1367,67896,2755,223806,1516,291702,California
Kern,2021-05-06,3521,497272,1565,238524,1813,235639,143,23109,1077,66689,2425,226231,1218,292920,California
Kern,2021-05-07,4554,501826,2284,240808,2095,237734,175,23284,1272,64878,3256,229487,1445,294365,California
Kern,2021-05-08,2874,504700,1821,242629,939,238673,114,23398,899,63928,1962,231449,1012,295377,California
Kern,2021-05-09,1297,505997,1122,243751,145,238818,30,23428,448,63564,842,232291,478,295855,California
Kern,2021-05-10,2203,508200,841,244592,1263,240081,99,23527,641,62757,1545,233836,738,296593,California
Kern,2021-05-11,2599,510799,909,245501,1567,241648,123,23650,942,62175,1648,235484,1066,297659,California
Kern,2021-05-12,3484,514283,1394,246895,1941,243589,149,23799,1099,61050,2373,237857,1248,298907,California
Kern,2021-05-13,3261,517544,1690,248585,1429,245018,142,23941,1513,60965,1736,239593,1651,300558,California
Kern,2021-05-14,4250,521794,2519,251104,1514,246532,217,24158,1963,60875,2269,241862,2179,302737,California
Kern,2021-05-15,2903,524697,1897,253001,920,247452,86,24244,1546,61163,1344,243206,1632,304369,California
Kern,2021-05-16,1539,526236,1319,254320,182,247634,38,24282,885,61437,649,243855,923,305292,California
Kern,2021-05-17,2285,528521,988,255308,1153,248787,144,24426,1177,61660,1097,244952,1320,306612,California
Kern,2021-05-18,3118,531639,1417,256725,1573,250360,128,24554,1603,61890,1500,246452,1730,308342,California
Kern,2021-05-19,3722,535361,2339,259064,1271,251631,112,24666,1799,61888,1912,248364,1910,310252,California
Kern,2021-05-20,2835,538196,1548,260612,1159,252790,128,24794,1304,61806,1512,249876,1430,311682,California
Kern,2021-05-21,2319,540515,1490,262102,730,253520,99,24893,1084,61772,1217,251093,1183,312865,California
Kings,2020-12-16,1,1,1,1,0,0,0,0,1,1,0,0,1,1,California
Kings,2020-12-17,8,9,8,9,0,0,0,0,8,9,0,0,8,9,California
Kings,2020-12-18,12,21,12,21,0,0,0,0,12,21,0,0,12,21,California
Kings,2020-12-19,11,32,11,32,0,0,0,0,11,32,0,0,11,32,California
Kings,2020-12-20,13,45,13,45,0,0,0,0,13,45,0,0,13,45,California
Kings,2020-12-21,156,201,156,201,0,0,0,0,269,314,0,0,269,314,California
Kings,2020-12-22,143,344,143,344,0,0,0,0,140,454,0,0,140,454,California
Kings,2020-12-23,136,480,123,467,13,13,0,0,137,591,0,0,137,591,California
Kings,2020-12-24,11,491,9,476,2,15,0,0,11,602,0,0,11,602,California
Kings,2020-12-26,7,498,4,480,3,18,0,0,7,609,0,0,7,609,California
Kings,2020-12-27,4,502,4,484,0,18,0,0,4,613,0,0,4,613,California
Kings,2020-12-28,131,633,103,587,28,46,0,0,132,745,0,0,132,745,California
Kings,2020-12-29,77,710,50,637,27,73,0,0,78,823,0,0,78,823,California
Kings,2020-12-30,149,859,109,746,40,113,0,0,149,972,0,0,149,972,California
Kings,2020-12-31,45,904,6,752,39,152,0,0,45,1017,0,0,45,1017,California
Kings,2021-01-01,1,905,0,752,1,153,0,0,1,1018,0,0,1,1018,California
Kings,2021-01-02,10,915,9,761,1,154,0,0,10,1028,0,0,10,1028,California
Kings,2021-01-04,111,1026,41,802,70,224,0,0,111,1139,0,0,111,1139,California
Kings,2021-01-05,195,1221,39,841,156,380,0,0,195,1334,0,0,195,1334,California
Kings,2021-01-06,277,1498,178,1019,99,479,0,0,274,1605,3,3,274,1608,California
Kings,2021-01-07,179,1677,81,1100,98,577,0,0,171,1768,8,11,171,1779,California
Kings,2021-01-08,248,1925,54,1154,194,771,0,0,229,1978,19,30,229,2008,California
Kings,2021-01-09,63,1988,9,1163,54,825,0,0,55,2025,8,38,55,2063,California
Kings,2021-01-10,15,2003,3,1166,12,837,0,0,12,2034,3,41,12,2075,California
Kings,2021-01-11,518,2521,354,1520,164,1001,0,0,276,2069,242,283,277,2352,California
Kings,2021-01-12,349,2870,252,1772,97,1098,0,0,215,2153,131,414,215,2567,California
Kings,2021-01-13,422,3292,275,2047,147,1245,0,0,330,2391,92,506,330,2897,California
Kings,2021-01-14,208,3500,30,2077,178,1423,0,0,198,2569,21,527,199,3096,California
Kings,2021-01-15,418,3918,30,2107,388,1811,0,0,406,2963,12,539,406,3502,California
Kings,2021-01-16,28,3946,9,2116,19,1830,0,0,27,2989,1,540,27,3529,California
Kings,2021-01-17,9,3955,6,2122,3,1833,0,0,7,2994,2,542,7,3536,California
Kings,2021-01-18,172,4127,40,2162,132,1965,0,0,146,3114,26,568,146,3682,California
Kings,2021-01-19,379,4506,160,2322,219,2184,0,0,251,3237,128,696,251,3933,California
Kings,2021-01-20,237,4743,146,2468,91,2275,0,0,127,3259,105,801,127,4060,California
Kings,2021-01-21,212,4955,57,2525,155,2430,0,0,197,3439,17,818,197,4257,California
Kings,2021-01-22,102,5057,16,2541,86,2516,0,0,102,3536,5,823,102,4359,California
Kings,2021-01-23,26,5083,14,2555,12,2528,0,0,20,3550,6,829,20,4379,California
Kings,2021-01-24,4,5087,4,2559,0,2528,0,0,2,3550,2,831,2,4381,California
Kings,2021-01-25,126,5213,27,2586,99,2627,0,0,91,3606,35,866,91,4472,California
Kings,2021-01-26,153,5366,34,2620,119,2746,0,0,114,3681,39,905,114,4586,California
Kings,2021-01-27,319,5685,34,2654,285,3031,0,0,248,3859,70,975,248,4834,California
Kings,2021-01-28,327,6012,46,2700,281,3312,0,0,272,4076,55,1030,272,5106,California
Kings,2021-01-29,86,6098,26,2726,60,3372,0,0,69,4128,17,1047,69,5175,California
Kings,2021-01-30,1557,7655,31,2757,1526,4898,0,0,1554,5681,3,1050,1556,6731,California
Kings,2021-02-01,199,7854,64,2821,135,5033,0,0,72,5628,125,1175,72,6803,California
Kings,2021-02-02,232,8086,14,2835,218,5251,0,0,82,5561,149,1324,82,6885,California
Kings,2021-02-03,357,8443,191,3026,166,5417,0,0,201,5607,155,1479,201,7086,California
Kings,2021-02-04,397,8840,99,3125,298,5715,0,0,199,5609,197,1676,199,7285,California
Kings,2021-02-05,260,9100,15,3140,245,5960,0,0,101,5553,157,1833,101,7386,California
Kings,2021-02-06,61,9161,10,3150,51,6011,0,0,28,5548,33,1866,28,7414,California
Kings,2021-02-07,5,9166,3,3153,2,6013,0,0,3,5549,2,1868,3,7417,California
Kings,2021-02-08,172,9338,29,3182,143,6156,0,0,68,5513,104,1972,68,7485,California
Kings,2021-02-09,254,9592,57,3239,197,6353,0,0,110,5481,142,2114,110,7595,California
Kings,2021-02-10,286,9878,113,3352,173,6526,0,0,169,5533,117,2231,169,7764,California
Kings,2021-02-11,432,10310,65,3417,367,6893,0,0,316,5734,115,2346,316,8080,California
Kings,2021-02-12,622,10932,36,3453,586,7479,0,0,346,5805,275,2621,346,8426,California
Kings,2021-02-13,104,11036,6,3459,98,7577,0,0,78,5857,26,2647,78,8504,California
Kings,2021-02-14,102,11138,4,3463,98,7675,0,0,94,5943,8,2655,94,8598,California
Kings,2021-02-15,246,11384,5,3468,241,7916,0,0,137,5972,108,2763,137,8735,California
Kings,2021-02-16,486,11870,33,3501,453,8369,0,0,251,5989,234,2997,251,8986,California
Kings,2021-02-17,380,12250,23,3524,357,8726,0,0,243,6096,137,3134,244,9230,California
Kings,2021-02-18,155,12405,23,3547,132,8858,0,0,98,6137,57,3191,98,9328,California
Kings,2021-02-19,159,12564,24,3571,135,8993,0,0,103,6187,53,3244,103,9431,California
Kings,2021-02-20,171,12735,40,3611,131,9124,0,0,134,6284,37,3281,134,9565,California
Kings,2021-02-21,3,12738,2,3613,1,9125,0,0,3,6287,0,3281,3,9568,California
Kings,2021-02-22,110,12848,19,3632,91,9216,0,0,51,6279,59,3340,51,9619,California
Kings,2021-02-23,297,13145,70,3702,227,9443,0,0,180,6342,117,3457,180,9799,California
Kings,2021-02-24,597,13742,154,3856,443,9886,0,0,385,6515,212,3669,385,10184,California
Kings,2021-02-25,685,14427,131,3987,554,10440,0,0,466,6764,217,3886,466,10650,California
Kings,2021-02-26,667,15094,137,4124,530,10970,0,0,605,7307,62,3948,605,11255,California
Kings,2021-02-27,1516,16610,65,4189,1451,12421,0,0,580,6952,935,4883,580,11835,California
Kings,2021-02-28,1171,17781,597,4786,574,12995,0,0,674,7132,494,5377,674,12509,California
Kings,2021-03-01,261,18042,79,4865,182,13177,0,0,215,7301,46,5423,215,12724,California
Kings,2021-03-02,508,18550,242,5107,266,13443,0,0,458,7710,50,5473,459,13183,California
Kings,2021-03-03,640,19190,314,5421,326,13769,0,0,449,7970,189,5662,449,13632,California
Kings,2021-03-04,726,19916,352,5773,374,14143,0,0,630,8505,96,5758,631,14263,California
Kings,2021-03-05,1080,20996,368,6141,703,14846,9,9,963,9361,117,5875,973,15236,California
Kings,2021-03-06,513,21509,186,6327,314,15160,13,22,483,9827,30,5905,496,15732,California
Kings,2021-03-07,366,21875,224,6551,138,15298,4,26,358,10181,8,5913,362,16094,California
Kings,2021-03-08,371,22246,96,6647,222,15520,53,79,263,10388,108,6021,315,16409,California
Kings,2021-03-09,551,22797,252,6899,244,15764,55,134,443,10780,107,6128,499,16908,California
Kings,2021-03-10,572,23369,128,7027,353,16117,91,225,387,11073,184,6312,477,17385,California
Kings,2021-03-11,1033,24402,307,7334,616,16733,110,335,627,11406,404,6716,737,18122,California
Kings,2021-03-12,1374,25776,445,7779,835,17568,94,429,972,12074,400,7116,1068,19190,California
Kings,2021-03-13,681,26457,333,8112,304,17872,44,473,556,12550,125,7241,601,19791,California
Kings,2021-03-14,671,27128,101,8213,184,18056,386,859,200,12665,471,7712,586,20377,California
Kings,2021-03-15,703,27831,266,8479,322,18378,115,974,466,13012,236,7948,583,20960,California
Kings,2021-03-16,1057,28888,445,8924,550,18928,62,1036,719,13455,338,8286,781,21741,California
Kings,2021-03-17,1097,29985,417,9341,619,19547,61,1097,778,13982,319,8605,846,22587,California
Kings,2021-03-18,1123,31108,474,9815,426,19973,223,1320,773,14632,349,8954,999,23586,California
Kings,2021-03-19,963,32071,469,10284,409,20382,85,1405,737,15242,225,9179,835,24421,California
Kings,2021-03-20,640,32711,255,10539,354,20736,31,1436,465,15572,173,9352,503,24924,California
Kings,2021-03-21,1417,34128,1087,11626,319,21055,11,1447,863,15892,554,9906,874,25798,California
Kings,2021-03-22,447,34575,199,11825,164,21219,84,1531,273,16079,174,10080,361,26159,California
Kings,2021-03-23,916,35491,508,12333,345,21564,63,1594,556,16343,358,10438,622,26781,California
Kings,2021-03-24,956,36447,487,12820,446,22010,23,1617,506,16425,449,10887,531,27312,California
Kings,2021-03-25,917,37364,465,13285,426,22436,26,1643,446,16428,469,11356,472,27784,California
Kings,2021-03-26,1293,38657,379,13664,829,23265,85,1728,515,16254,773,12129,599,28383,California
Kings,2021-03-27,641,39298,258,13922,371,23636,12,1740,158,15943,481,12610,170,28553,California
Kings,2021-03-28,569,39867,498,14420,64,23700,7,1747,362,16113,207,12817,377,28930,California
Kings,2021-03-29,467,40334,210,14630,196,23896,61,1808,259,16226,206,13023,319,29249,California
Kings,2021-03-30,858,41192,473,15103,347,24243,38,1846,425,16257,432,13455,463,29712,California
Kings,2021-03-31,766,41958,378,15481,315,24558,73,1919,422,16416,336,13791,495,30207,California
Kings,2021-04-01,771,42729,387,15868,295,24853,89,2008,349,16438,416,14207,438,30645,California
Kings,2021-04-02,1004,43733,447,16315,433,25286,124,2132,389,16340,610,14817,512,31157,California
Kings,2021-04-03,483,44216,339,16654,135,25421,9,2141,164,16201,313,15130,174,31331,California
Kings,2021-04-04,156,44372,82,16736,68,25489,6,2147,42,16136,113,15243,48,31379,California
Kings,2021-04-05,1050,45422,325,17061,473,25962,252,2399,232,15802,817,16060,483,31862,California
Kings,2021-04-06,1200,46622,450,17511,439,26401,311,2710,281,15477,916,16976,591,32453,California
Kings,2021-04-07,1350,47972,643,18154,522,26923,185,2895,356,15029,991,17967,543,32996,California
Kings,2021-04-08,1591,49563,627,18781,714,27637,250,3145,354,14403,1230,19197,604,33600,California
Kings,2021-04-09,1146,50709,539,19320,430,28067,177,3322,231,13894,913,20110,404,34004,California
Kings,2021-04-10,588,51297,327,19647,159,28226,102,3424,167,13744,419,20529,269,34273,California
Kings,2021-04-11,351,51648,74,19721,271,28497,6,3430,195,13790,155,20684,201,34474,California
Kings,2021-04-12,698,52346,311,20032,187,28684,200,3630,193,13679,504,21188,393,34867,California
Kings,2021-04-13,903,53249,515,20547,388,29072,0,3630,287,13356,615,21803,292,35159,California
Kings,2021-04-14,1039,54288,575,21122,464,29536,0,3630,376,13070,663,22466,377,35536,California
Kings,2021-04-15,1048,55336,520,21642,527,30063,1,3631,450,12924,597,23063,451,35987,California
Kings,2021-04-16,768,56104,360,22002,408,30471,0,3631,257,12671,510,23573,257,36244,California
Kings,2021-04-17,458,56562,244,22246,214,30685,0,3631,186,12586,271,23844,186,36430,California
Kings,2021-04-18,562,57124,239,22485,323,31008,0,3631,43,12110,519,24363,43,36473,California
Kings,2021-04-19,531,57655,294,22779,237,31245,0,3631,285,12151,244,24607,285,36758,California
Kings,2021-04-20,737,58392,446,23225,291,31536,0,3631,236,11887,500,25107,236,36994,California
Kings,2021-04-21,641,59033,308,23533,333,31869,0,3631,221,11695,413,25520,221,37215,California
Kings,2021-04-22,553,59586,276,23809,277,32146,0,3631,202,11550,348,25868,203,37418,California
Kings,2021-04-23,663,60249,289,24098,374,32520,0,3631,327,11543,334,26202,327,37745,California
Kings,2021-04-24,246,60495,178,24276,67,32587,1,3632,119,11537,126,26328,120,37865,California
Kings,2021-04-25,199,60694,180,24456,19,32606,0,3632,163,11664,36,26364,163,38028,California
Kings,2021-04-26,299,60993,157,24613,139,32745,3,3635,188,11745,110,26474,191,38219,California
Kings,2021-04-27,405,61398,178,24791,208,32953,19,3654,168,11696,236,26710,187,38406,California
Kings,2021-04-28,510,61908,253,25044,237,33190,20,3674,263,11732,247,26957,283,38689,California
Kings,2021-04-29,287,62195,112,25156,164,33354,11,3685,135,11728,150,27107,146,38835,California
Kings,2021-04-30,366,62561,164,25320,185,33539,17,3702,153,11689,209,27316,170,39005,California
Kings,2021-05-01,230,62791,167,25487,53,33592,10,3712,74,11619,154,27470,84,39089,California
Kings,2021-05-02,168,62959,146,25633,22,33614,0,3712,126,11703,42,27512,126,39215,California
Kings,2021-05-03,470,63429,255,25888,202,33816,13,3725,122,11491,347,27859,135,39350,California
Kings,2021-05-04,518,63947,260,26148,238,34054,20,3745,160,11313,358,28217,180,39530,California
Kings,2021-05-05,550,64497,285,26433,245,34299,20,3765,137,11057,413,28630,157,39687,California
Kings,2021-05-06,538,65035,267,26700,248,34547,23,3788,122,10788,414,29044,145,39832,California
Kings,2021-05-07,365,65400,209,26909,142,34689,14,3802,147,10733,216,29260,161,39993,California
Kings,2021-05-08,229,65629,166,27075,52,34741,11,3813,74,10663,155,29415,85,40078,California
Kings,2021-05-09,192,65821,64,27139,128,34869,0,3813,40,10551,152,29567,40,40118,California
Kings,2021-05-10,339,66160,263,27402,66,34935,10,3823,115,10452,223,29790,124,40242,California
Kings,2021-05-11,373,66533,230,27632,115,35050,28,3851,117,10342,256,30046,146,40388,California
Kings,2021-05-12,372,66905,140,27772,219,35269,13,3864,160,10305,210,30256,173,40561,California
Kings,2021-05-13,385,67290,135,27907,232,35501,18,3882,149,10236,236,30492,167,40728,California
Kings,2021-05-14,463,67753,316,28223,116,35617,31,3913,241,10287,221,30713,272,41000,California
Kings,2021-05-15,348,68101,249,28472,82,35699,17,3930,194,10344,154,30867,211,41211,California
Kings,2021-05-16,250,68351,222,28694,27,35726,1,3931,80,10255,170,31037,81,41292,California
Kings,2021-05-17,403,68754,321,29015,65,35791,17,3948,217,10305,184,31221,234,41526,California
Kings,2021-05-18,387,69141,272,29287,102,35893,13,3961,224,10380,163,31384,238,41764,California
Kings,2021-05-19,571,69712,282,29569,267,36160,22,3983,231,10295,338,31722,253,42017,California
Kings,2021-05-20,385,70097,193,29762,166,36326,26,4009,235,10407,150,31872,262,42279,California
Kings,2021-05-21,279,70376,93,29855,176,36502,10,4019,97,10336,178,32050,107,42386,California
Lake,2020-12-17,4,4,4,4,0,0,0,0,4,4,0,0,4,4,California
Lake,2020-12-18,51,55,51,55,0,0,0,0,51,55,0,0,51,55,California
Lake,2020-12-19,3,58,3,58,0,0,0,0,3,58,0,0,3,58,California
Lake,2020-12-20,6,64,6,64,0,0,0,0,6,64,0,0,6,64,California
Lake,2020-12-21,86,150,86,150,0,0,0,0,86,150,0,0,86,150,California
Lake,2020-12-22,63,213,60,210,3,3,0,0,63,213,0,0,63,213,California
Lake,2020-12-23,123,336,114,324,9,12,0,0,123,336,0,0,123,336,California
Lake,2020-12-24,2,338,0,324,2,14,0,0,2,338,0,0,2,338,California
Lake,2020-12-26,2,340,2,326,0,14,0,0,2,340,0,0,2,340,California
Lake,2020-12-27,2,342,2,328,0,14,0,0,2,342,0,0,2,342,California
Lake,2020-12-28,52,394,43,371,9,23,0,0,52,394,0,0,52,394,California
Lake,2020-12-29,50,444,45,416,5,28,0,0,50,444,0,0,50,444,California
Lake,2020-12-30,126,570,119,535,7,35,0,0,126,570,0,0,126,570,California
Lake,2020-12-31,67,637,64,599,3,38,0,0,67,637,0,0,67,637,California
Lake,2021-01-01,1,638,0,599,1,39,0,0,1,638,0,0,1,638,California
Lake,2021-01-02,2,640,1,600,1,40,0,0,2,640,0,0,2,640,California
Lake,2021-01-04,88,728,21,621,67,107,0,0,88,728,0,0,88,728,California
Lake,2021-01-05,120,848,59,680,61,168,0,0,118,844,2,2,118,846,California
Lake,2021-01-06,105,953,65,745,40,208,0,0,103,945,2,4,103,949,California
Lake,2021-01-07,108,1061,85,830,23,231,0,0,99,1035,9,13,99,1048,California
Lake,2021-01-08,152,1213,124,954,28,259,0,0,100,1083,52,65,100,1148,California
Lake,2021-01-09,63,1276,61,1015,2,261,0,0,59,1138,4,69,59,1207,California
Lake,2021-01-10,3,1279,3,1018,0,261,0,0,0,1135,3,72,0,1207,California
Lake,2021-01-11,192,1471,151,1169,41,302,0,0,112,1167,80,152,112,1319,California
Lake,2021-01-12,81,1552,48,1217,33,335,0,0,57,1200,24,176,57,1376,California
Lake,2021-01-13,165,1717,112,1329,53,388,0,0,108,1251,57,233,108,1484,California
Lake,2021-01-14,147,1864,46,1375,101,489,0,0,125,1354,22,255,125,1609,California
Lake,2021-01-15,218,2082,92,1467,126,615,0,0,191,1518,27,282,191,1800,California
Lake,2021-01-16,134,2216,81,1548,53,668,0,0,132,1648,2,284,132,1932,California
Lake,2021-01-17,18,2234,6,1554,12,680,0,0,12,1654,6,290,12,1944,California
Lake,2021-01-18,246,2480,227,1781,19,699,0,0,125,1658,121,411,125,2069,California
Lake,2021-01-19,312,2792,118,1899,194,893,0,0,267,1881,45,456,268,2337,California
Lake,2021-01-20,422,3214,80,1979,342,1235,0,0,358,2176,63,519,358,2695,California
Lake,2021-01-21,434,3648,49,2028,385,1620,0,0,399,2540,35,554,399,3094,California
Lake,2021-01-22,318,3966,46,2074,272,1892,0,0,282,2786,36,590,282,3376,California
Lake,2021-01-23,122,4088,5,2079,117,2009,0,0,121,2906,1,591,121,3497,California
Lake,2021-01-24,5,4093,2,2081,3,2012,0,0,5,2911,0,591,5,3502,California
Lake,2021-01-25,258,4351,95,2176,163,2175,0,0,177,3007,81,672,177,3679,California
Lake,2021-01-26,429,4780,36,2212,393,2568,0,0,406,3390,23,695,406,4085,California
Lake,2021-01-27,359,5139,41,2253,318,2886,0,0,331,3694,28,723,332,4417,California
Lake,2021-01-28,498,5637,161,2414,337,3223,0,0,368,3932,130,853,368,4785,California
Lake,2021-01-29,639,6276,86,2500,553,3776,0,0,579,4451,60,913,579,5364,California
Lake,2021-01-30,553,6829,44,2544,509,4285,0,0,547,4992,6,919,547,5911,California
Lake,2021-01-31,14,6843,8,2552,6,4291,0,0,12,5002,2,921,12,5923,California
Lake,2021-02-01,180,7023,18,2570,162,4453,0,0,166,5154,14,935,166,6089,California
Lake,2021-02-02,564,7587,152,2722,412,4865,0,0,398,5386,166,1101,398,6487,California
Lake,2021-02-03,445,8032,33,2755,412,5277,0,0,340,5621,105,1206,340,6827,California
Lake,2021-02-04,119,8151,68,2823,51,5328,0,0,72,5646,47,1253,72,6899,California
Lake,2021-02-05,379,8530,70,2893,309,5637,0,0,288,5845,89,1342,288,7187,California
Lake,2021-02-06,275,8805,40,2933,235,5872,0,0,264,6098,11,1353,264,7451,California
Lake,2021-02-07,2,8807,1,2934,1,5873,0,0,2,6100,0,1353,2,7453,California
Lake,2021-02-08,279,9086,207,3141,72,5945,0,0,159,6139,120,1473,159,7612,California
Lake,2021-02-09,345,9431,24,3165,321,6266,0,0,301,6397,43,1516,301,7913,California
Lake,2021-02-10,352,9783,54,3219,298,6564,0,0,274,6593,78,1594,274,8187,California
Lake,2021-02-11,175,9958,18,3237,157,6721,0,0,57,6532,118,1712,57,8244,California
Lake,2021-02-12,374,10332,29,3266,345,7066,0,0,286,6731,87,1799,286,8530,California
Lake,2021-02-13,247,10579,7,3273,240,7306,0,0,236,6956,11,1810,236,8766,California
Lake,2021-02-14,20,10599,5,3278,15,7321,0,0,6,6948,14,1824,6,8772,California
Lake,2021-02-15,171,10770,13,3291,158,7479,0,0,8,6794,162,1986,8,8780,California
Lake,2021-02-16,424,11194,23,3314,401,7880,0,0,176,6722,248,2234,176,8956,California
Lake,2021-02-17,351,11545,54,3368,297,8177,0,0,70,6512,280,2514,70,9026,California
Lake,2021-02-18,459,12004,70,3438,389,8566,0,0,115,6283,344,2858,115,9141,California
Lake,2021-02-19,420,12424,27,3465,393,8959,0,0,94,6051,326,3184,94,9235,California
Lake,2021-02-20,295,12719,61,3526,234,9193,0,0,252,6261,42,3226,252,9487,California
Lake,2021-02-21,6,12725,6,3532,0,9193,0,0,0,6255,6,3232,0,9487,California
Lake,2021-02-22,141,12866,24,3556,117,9310,0,0,43,6200,98,3330,43,9530,California
Lake,2021-02-23,214,13080,14,3570,200,9510,0,0,28,6042,186,3516,28,9558,California
Lake,2021-02-24,956,14036,377,3947,579,10089,0,0,416,5919,539,4055,416,9974,California
Lake,2021-02-25,731,14767,466,4413,265,10354,0,0,471,6133,257,4312,471,10445,California
Lake,2021-02-26,995,15762,304,4717,691,11045,0,0,350,5841,642,4954,350,10795,California
Lake,2021-02-27,410,16172,98,4815,312,11357,0,0,328,6087,82,5036,328,11123,California
Lake,2021-02-28,17,16189,11,4826,6,11363,0,0,10,6090,7,5043,10,11133,California
Lake,2021-03-01,596,16785,53,4879,543,11906,0,0,443,6380,153,5196,443,11576,California
Lake,2021-03-02,744,17529,17,4896,727,12633,0,0,289,6214,455,5651,289,11865,California
Lake,2021-03-03,369,17898,196,5092,173,12806,0,0,146,6137,223,5874,146,12011,California
Lake,2021-03-04,579,18477,507,5599,72,12878,0,0,562,6682,17,5891,562,12573,California
Lake,2021-03-05,1048,19525,52,5651,996,13874,0,0,186,6010,858,6749,186,12759,California
Lake,2021-03-06,34,19559,9,5660,24,13898,1,1,21,6019,13,6762,22,12781,California
Lake,2021-03-07,7,19566,5,5665,2,13900,0,1,4,6020,3,6765,4,12785,California
Lake,2021-03-08,339,19905,267,5932,63,13963,9,10,299,6288,40,6805,308,13093,California
Lake,2021-03-09,929,20834,42,5974,870,14833,17,27,406,6189,522,7327,423,13516,California
Lake,2021-03-10,204,21038,60,6034,131,14964,13,40,135,6269,69,7396,149,13665,California
Lake,2021-03-11,585,21623,48,6082,62,15026,475,515,48,6255,537,7933,523,14188,California
Lake,2021-03-12,851,22474,203,6285,623,15649,25,540,362,6154,488,8421,387,14575,California
Lake,2021-03-13,278,22752,22,6307,20,15669,236,776,16,6144,261,8682,251,14826,California
Lake,2021-03-14,11,22763,2,6309,9,15678,0,776,7,6147,4,8686,7,14833,California
Lake,2021-03-15,642,23405,14,6323,611,16289,17,793,482,6486,160,8846,499,15332,California
Lake,2021-03-16,1113,24518,834,7157,262,16551,17,810,445,6283,664,9510,461,15793,California
Lake,2021-03-17,248,24766,121,7278,105,16656,22,832,92,6241,156,9666,114,15907,California
Lake,2021-03-18,748,25514,373,7651,338,16994,37,869,372,6274,375,10041,408,16315,California
Lake,2021-03-19,582,26096,315,7966,247,17241,20,889,475,6663,106,10147,495,16810,California
Lake,2021-03-20,249,26345,8,7974,238,17479,3,892,30,6479,217,10364,33,16843,California
Lake,2021-03-21,16,26361,11,7985,4,17483,1,893,11,6486,5,10369,12,16855,California
Lake,2021-03-22,337,26698,256,8241,67,17550,14,907,251,6665,86,10455,265,17120,California
Lake,2021-03-23,429,27127,21,8262,395,17945,13,920,364,6978,64,10519,377,17497,California
Lake,2021-03-24,423,27550,62,8324,353,18298,8,928,326,7217,96,10615,335,17832,California
Lake,2021-03-25,676,28226,485,8809,185,18483,6,934,177,6901,499,11114,183,18015,California
Lake,2021-03-26,68,28294,33,8842,34,18517,1,935,32,6898,36,11150,33,18048,California
Lake,2021-03-27,309,28603,7,8849,299,18816,3,938,17,6628,290,11440,20,18068,California
Lake,2021-03-28,17,28620,8,8857,9,18825,0,938,11,6633,6,11446,11,18079,California
Lake,2021-03-29,989,29609,286,9143,701,19526,2,940,205,6058,782,12228,207,18286,California
Lake,2021-03-30,464,30073,315,9458,147,19673,2,942,366,6329,97,12325,368,18654,California
Lake,2021-03-31,616,30689,60,9518,556,20229,0,942,434,6590,173,12498,434,19088,California
Lake,2021-04-01,447,31136,234,9752,201,20430,12,954,186,6531,257,12755,198,19286,California
Lake,2021-04-02,222,31358,41,9793,153,20583,28,982,97,6531,125,12880,125,19411,California
Lake,2021-04-03,32,31390,6,9799,23,20606,3,985,13,6528,19,12899,16,19427,California
Lake,2021-04-04,20,31410,11,9810,7,20613,2,987,15,6540,5,12904,17,19444,California
Lake,2021-04-05,639,32049,70,9880,550,21163,19,1006,400,6722,236,13140,418,19862,California
Lake,2021-04-06,475,32524,16,9896,433,21596,26,1032,302,6878,172,13312,328,20190,California
Lake,2021-04-07,517,33041,56,9952,410,22006,51,1083,349,7112,166,13478,400,20590,California
Lake,2021-04-08,596,33637,486,10438,45,22051,65,1148,100,6784,493,13971,165,20755,California
Lake,2021-04-09,281,33918,39,10477,173,22224,69,1217,48,6670,230,14201,116,20871,California
Lake,2021-04-10,252,34170,14,10491,14,22238,224,1441,10,6662,242,14443,234,21105,California
Lake,2021-04-11,22,34192,17,10508,3,22241,2,1443,7,6656,15,14458,9,21114,California
Lake,2021-04-12,1068,35260,232,10740,803,23044,33,1476,237,6096,830,15288,270,21384,California
Lake,2021-04-13,180,35440,109,10849,71,23115,0,1476,54,6024,126,15414,54,21438,California
Lake,2021-04-14,614,36054,38,10887,576,23691,0,1476,549,6509,64,15478,549,21987,California
Lake,2021-04-15,640,36694,192,11079,448,24139,0,1476,331,6531,309,15787,331,22318,California
Lake,2021-04-16,265,36959,30,11109,234,24373,1,1477,74,6416,190,15977,75,22393,California
Lake,2021-04-17,43,37002,12,11121,31,24404,0,1477,33,6439,10,15987,33,22426,California
Lake,2021-04-18,8,37010,5,11126,3,24407,0,1477,0,6431,8,15995,0,22426,California
Lake,2021-04-19,297,37307,38,11164,259,24666,0,1477,246,6626,51,16046,246,22672,California
Lake,2021-04-20,691,37998,277,11441,414,25080,0,1477,91,6119,599,16645,92,22764,California
Lake,2021-04-21,533,38531,64,11505,469,25549,0,1477,199,5984,334,16979,199,22963,California
Lake,2021-04-22,464,38995,50,11555,414,25963,0,1477,316,6153,147,17126,316,23279,California
Lake,2021-04-23,115,39110,60,11615,55,26018,0,1477,69,6176,46,17172,69,23348,California
Lake,2021-04-24,52,39162,8,11623,44,26062,0,1477,38,6200,14,17186,38,23386,California
Lake,2021-04-25,36,39198,19,11642,17,26079,0,1477,24,6212,12,17198,24,23410,California
Lake,2021-04-26,287,39485,79,11721,207,26286,1,1478,84,6094,203,17401,85,23495,California
Lake,2021-04-27,244,39729,22,11743,204,26490,18,1496,81,6030,163,17564,99,23594,California
Lake,2021-04-28,508,40237,48,11791,445,26935,15,1511,89,5716,417,17981,103,23697,California
Lake,2021-04-29,212,40449,83,11874,113,27048,16,1527,113,5746,99,18080,129,23826,California
Lake,2021-04-30,289,40738,46,11920,212,27260,31,1558,149,5786,140,18220,180,24006,California
Lake,2021-05-01,47,40785,26,11946,19,27279,2,1560,32,5805,15,18235,34,24040,California
Lake,2021-05-02,18,40803,9,11955,8,27287,1,1561,9,5806,9,18244,10,24050,California
Lake,2021-05-03,409,41212,25,11980,349,27636,35,1596,62,5557,346,18590,97,24147,California
Lake,2021-05-04,404,41616,216,12196,140,27776,48,1644,124,5450,279,18869,172,24319,California
Lake,2021-05-05,630,42246,45,12241,573,28349,12,1656,87,5008,540,19409,98,24417,California
Lake,2021-05-06,142,42388,19,12260,94,28443,29,1685,73,5040,69,19478,101,24518,California
Lake,2021-05-07,164,42552,28,12288,116,28559,20,1705,102,5102,60,19538,122,24640,California
Lake,2021-05-08,43,42595,8,12296,35,28594,0,1705,36,5131,7,19545,36,24676,California
Lake,2021-05-09,17,42612,2,12298,10,28604,5,1710,10,5139,7,19552,15,24691,California
Lake,2021-05-10,244,42856,12,12310,205,28809,27,1737,59,5041,184,19736,86,24777,California
Lake,2021-05-11,193,43049,27,12337,151,28960,15,1752,117,5098,76,19812,133,24910,California
Lake,2021-05-12,540,43589,31,12368,489,29449,20,1772,54,4685,486,20298,73,24983,California
Lake,2021-05-13,301,43890,58,12426,230,29679,13,1785,65,4529,234,20532,78,25061,California
Lake,2021-05-14,264,44154,81,12507,164,29843,19,1804,161,4607,101,20633,179,25240,California
Lake,2021-05-15,45,44199,18,12525,24,29867,3,1807,27,4619,18,20651,30,25270,California
Lake,2021-05-16,30,44229,17,12542,12,29879,1,1808,16,4622,14,20665,17,25287,California
Lake,2021-05-17,315,44544,44,12586,256,30135,15,1823,84,4493,228,20893,99,25386,California
Lake,2021-05-18,301,44845,66,12652,217,30352,18,1841,175,4561,125,21018,193,25579,California
Lake,2021-05-19,299,45144,57,12709,229,30581,13,1854,78,4432,220,21238,91,25670,California
Lake,2021-05-20,205,45349,51,12760,144,30725,10,1864,80,4397,125,21363,90,25760,California
Lake,2021-05-21,185,45534,24,12784,151,30876,10,1874,60,4344,123,21486,70,25830,California
Lassen,2020-12-16,8,8,8,8,0,0,0,0,8,8,0,0,8,8,California
Lassen,2020-12-17,6,14,6,14,0,0,0,0,6,14,0,0,6,14,California
Lassen,2020-12-18,1,15,1,15,0,0,0,0,1,15,0,0,1,15,California
Lassen,2020-12-19,5,20,5,20,0,0,0,0,5,20,0,0,5,20,California
Lassen,2020-12-20,2,22,2,22,0,0,0,0,2,22,0,0,2,22,California
Lassen,2020-12-21,11,33,11,33,0,0,0,0,11,33,0,0,11,33,California
Lassen,2020-12-22,22,55,22,55,0,0,0,0,22,55,0,0,22,55,California
Lassen,2020-12-23,6,61,6,61,0,0,0,0,6,61,0,0,6,61,California
Lassen,2020-12-24,11,72,11,72,0,0,0,0,11,72,0,0,11,72,California
Lassen,2020-12-28,3,75,2,74,1,1,0,0,3,75,0,0,3,75,California
Lassen,2020-12-29,35,110,35,109,0,1,0,0,35,110,0,0,35,110,California
Lassen,2020-12-30,36,146,35,144,1,2,0,0,36,146,0,0,36,146,California
Lassen,2020-12-31,49,195,42,186,7,9,0,0,49,195,0,0,49,195,California
Lassen,2021-01-02,1,196,0,186,1,10,0,0,1,196,0,0,1,196,California
Lassen,2021-01-04,15,211,2,188,13,23,0,0,15,211,0,0,15,211,California
Lassen,2021-01-05,193,404,52,240,141,164,0,0,193,404,0,0,193,404,California
Lassen,2021-01-06,95,499,44,284,51,215,0,0,87,484,8,8,88,492,California
Lassen,2021-01-07,43,542,7,291,36,251,0,0,37,515,6,14,37,529,California
Lassen,2021-01-08,50,592,2,293,48,299,0,0,50,565,0,14,50,579,California
Lassen,2021-01-09,12,604,6,299,6,305,0,0,12,577,0,14,12,591,California
Lassen,2021-01-11,27,631,5,304,22,327,0,0,27,604,0,14,27,618,California
Lassen,2021-01-12,48,679,28,332,20,347,0,0,30,616,18,32,30,648,California
Lassen,2021-01-13,161,840,18,350,143,490,0,0,146,747,15,47,146,794,California
Lassen,2021-01-14,162,1002,18,368,144,634,0,0,150,885,12,59,150,944,California
Lassen,2021-01-15,32,1034,6,374,26,660,0,0,32,917,0,59,32,976,California
Lassen,2021-01-16,34,1068,33,407,1,661,0,0,34,951,0,59,34,1010,California
Lassen,2021-01-17,1,1069,0,407,1,662,0,0,1,952,0,59,1,1011,California
Lassen,2021-01-18,5,1074,2,409,3,665,0,0,4,955,1,60,4,1015,California
Lassen,2021-01-19,185,1259,36,445,149,814,0,0,157,1084,28,88,157,1172,California
Lassen,2021-01-20,188,1447,100,545,88,902,0,0,105,1121,68,156,105,1277,California
Lassen,2021-01-21,145,1592,93,638,52,954,0,0,121,1224,18,174,121,1398,California
Lassen,2021-01-22,31,1623,18,656,13,967,0,0,21,1235,10,184,21,1419,California
Lassen,2021-01-23,2,1625,0,656,2,969,0,0,2,1237,0,184,2,1421,California
Lassen,2021-01-24,1,1626,0,656,1,970,0,0,1,1238,0,184,1,1422,California
Lassen,2021-01-25,12,1638,1,657,11,981,0,0,11,1248,1,185,11,1433,California
Lassen,2021-01-26,126,1764,12,669,114,1095,0,0,122,1366,4,189,122,1555,California
Lassen,2021-01-27,87,1851,35,704,52,1147,0,0,69,1417,18,207,69,1624,California
Lassen,2021-01-28,85,1936,15,719,70,1217,0,0,84,1500,1,208,84,1708,California
Lassen,2021-01-29,23,1959,7,726,16,1233,0,0,22,1521,1,209,22,1730,California
Lassen,2021-02-01,61,2020,4,730,57,1290,0,0,36,1532,25,234,36,1766,California
Lassen,2021-02-02,177,2197,12,742,165,1455,0,0,44,1443,133,367,44,1810,California
Lassen,2021-02-03,96,2293,21,763,75,1530,0,0,51,1449,45,412,51,1861,California
Lassen,2021-02-04,112,2405,15,778,97,1627,0,0,63,1463,49,461,63,1924,California
Lassen,2021-02-05,66,2471,12,790,54,1681,0,0,24,1445,42,503,24,1948,California
Lassen,2021-02-06,69,2540,34,824,35,1716,0,0,36,1449,32,535,36,1984,California
Lassen,2021-02-07,1,2541,1,825,0,1716,0,0,1,1450,0,535,1,1985,California
Lassen,2021-02-08,44,2585,4,829,40,1756,0,0,18,1442,26,561,18,2003,California
Lassen,2021-02-09,128,2713,7,836,121,1877,0,0,49,1412,79,640,49,2052,California
Lassen,2021-02-10,182,2895,21,857,161,2038,0,0,74,1378,108,748,74,2126,California
Lassen,2021-02-11,183,3078,16,873,167,2205,0,0,80,1356,102,850,80,2206,California
Lassen,2021-02-12,41,3119,11,884,30,2235,0,0,14,1343,27,877,14,2220,California
Lassen,2021-02-13,11,3130,3,887,8,2243,0,0,9,1350,2,879,9,2229,California
Lassen,2021-02-14,13,3143,0,887,13,2256,0,0,12,1361,1,880,12,2241,California
Lassen,2021-02-15,21,3164,2,889,19,2275,0,0,17,1374,4,884,17,2258,California
Lassen,2021-02-16,192,3356,4,893,188,2463,0,0,31,1246,159,1043,31,2289,California
Lassen,2021-02-17,183,3539,94,987,89,2552,0,0,10,1083,173,1216,10,2299,California
Lassen,2021-02-18,79,3618,22,1009,57,2609,0,0,19,1042,60,1276,19,2318,California
Lassen,2021-02-19,80,3698,60,1069,20,2629,0,0,17,996,63,1339,17,2335,California
Lassen,2021-02-20,8,3706,0,1069,8,2637,0,0,6,1000,2,1341,6,2341,California
Lassen,2021-02-21,22,3728,2,1071,20,2657,0,0,18,1014,4,1345,18,2359,California
Lassen,2021-02-22,24,3752,10,1081,14,2671,0,0,6,1002,18,1363,6,2365,California
Lassen,2021-02-23,155,3907,11,1092,144,2815,0,0,43,933,112,1475,43,2408,California
Lassen,2021-02-24,164,4071,16,1108,148,2963,0,0,106,982,57,1532,106,2514,California
Lassen,2021-02-25,158,4229,21,1129,137,3100,0,0,99,1022,59,1591,99,2613,California
Lassen,2021-02-26,73,4302,16,1145,57,3157,0,0,36,1021,37,1628,36,2649,California
Lassen,2021-02-27,8,4310,7,1152,1,3158,0,0,3,1019,5,1633,3,2652,California
Lassen,2021-02-28,5,4315,0,1152,5,3163,0,0,3,1020,2,1635,3,2655,California
Lassen,2021-03-01,42,4357,4,1156,38,3201,0,0,8,995,33,1668,8,2663,California
Lassen,2021-03-02,106,4463,7,1163,99,3300,0,0,80,1050,25,1693,80,2743,California
Lassen,2021-03-03,167,4630,12,1175,155,3455,0,0,110,1103,57,1750,110,2853,California
Lassen,2021-03-04,149,4779,17,1192,132,3587,0,0,99,1153,49,1799,99,2952,California
Lassen,2021-03-05,49,4828,7,1199,18,3605,24,24,11,1150,38,1837,35,2987,California
Lassen,2021-03-06,55,4883,4,1203,29,3634,22,46,5,1127,50,1887,27,3014,California
Lassen,2021-03-07,57,4940,2,1205,0,3634,55,101,2,1129,55,1942,57,3071,California
Lassen,2021-03-08,89,5029,2,1207,7,3641,80,181,3,1126,86,2028,83,3154,California
Lassen,2021-03-09,137,5166,11,1218,109,3750,17,198,89,1184,48,2076,106,3260,California
Lassen,2021-03-10,173,5339,10,1228,161,3911,2,200,79,1172,93,2169,81,3341,California
Lassen,2021-03-11,183,5522,15,1243,161,4072,7,207,111,1221,69,2238,118,3459,California
Lassen,2021-03-12,34,5556,17,1260,13,4085,4,211,12,1215,22,2260,16,3475,California
Lassen,2021-03-13,48,5604,0,1260,2,4087,46,257,1,1214,47,2307,46,3521,California
Lassen,2021-03-14,14,5618,2,1262,11,4098,1,258,2,1205,12,2319,3,3524,California
Lassen,2021-03-15,34,5652,3,1265,31,4129,0,258,16,1203,18,2337,16,3540,California
Lassen,2021-03-16,93,5745,2,1267,85,4214,6,264,74,1264,19,2356,80,3620,California
Lassen,2021-03-17,1083,6828,9,1276,1069,5283,5,269,1064,2314,19,2375,1069,4689,California
Lassen,2021-03-18,93,6921,9,1285,83,5366,1,270,80,2382,13,2388,81,4770,California
Lassen,2021-03-19,17,6938,11,1296,2,5368,4,274,7,2383,10,2398,11,4781,California
Lassen,2021-03-20,28,6966,3,1299,22,5390,3,277,21,2400,7,2405,24,4805,California
Lassen,2021-03-21,34,7000,0,1299,34,5424,0,277,14,2395,19,2424,14,4819,California
Lassen,2021-03-22,58,7058,1,1300,57,5481,0,277,55,2447,3,2427,55,4874,California
Lassen,2021-03-23,120,7178,11,1311,108,5589,1,278,67,2462,53,2480,68,4942,California
Lassen,2021-03-24,213,7391,13,1324,199,5788,1,279,107,2466,104,2584,108,5050,California
Lassen,2021-03-25,152,7543,21,1345,131,5919,0,279,69,2452,83,2667,69,5119,California
Lassen,2021-03-26,78,7621,13,1358,26,5945,39,318,19,2451,58,2725,57,5176,California
Lassen,2021-03-27,19,7640,3,1361,1,5946,15,333,2,2451,17,2742,17,5193,California
Lassen,2021-03-28,18,7658,3,1364,5,5951,10,343,3,2449,15,2757,13,5206,California
Lassen,2021-03-29,52,7710,0,1364,27,5978,25,368,20,2463,31,2788,45,5251,California
Lassen,2021-03-30,195,7905,10,1374,160,6138,25,393,51,2395,144,2932,76,5327,California
Lassen,2021-03-31,146,8051,12,1386,112,6250,22,415,62,2395,84,3016,84,5411,California
Lassen,2021-04-01,165,8216,15,1401,131,6381,19,434,48,2346,116,3132,67,5478,California
Lassen,2021-04-02,30,8246,4,1405,3,6384,23,457,2,2343,28,3160,25,5503,California
Lassen,2021-04-03,12,8258,0,1405,2,6386,10,467,0,2341,12,3172,10,5513,California
Lassen,2021-04-04,7,8265,2,1407,0,6386,5,472,1,2341,6,3178,6,5519,California
Lassen,2021-04-05,22,8287,4,1411,11,6397,7,479,11,2348,11,3189,18,5537,California
Lassen,2021-04-06,183,8470,9,1420,144,6541,30,509,52,2299,131,3320,82,5619,California
Lassen,2021-04-07,134,8604,6,1426,91,6632,37,546,32,2268,102,3422,71,5690,California
Lassen,2021-04-08,166,8770,8,1434,102,6734,56,602,31,2224,131,3553,87,5777,California
Lassen,2021-04-09,51,8821,6,1440,10,6744,35,637,8,2224,42,3595,42,5819,California
Lassen,2021-04-10,9,8830,0,1440,2,6746,7,644,0,2223,8,3603,7,5826,California
Lassen,2021-04-11,5,8835,2,1442,0,6746,3,647,2,2225,3,3606,5,5831,California
Lassen,2021-04-12,31,8866,3,1445,15,6761,13,660,3,2213,28,3634,16,5847,California
Lassen,2021-04-13,129,8995,6,1451,123,6884,0,660,40,2165,88,3722,40,5887,California
Lassen,2021-04-14,987,9982,16,1467,971,7855,0,660,50,1279,936,4658,50,5937,California
Lassen,2021-04-15,147,10129,14,1481,133,7988,0,660,19,1170,128,4786,19,5956,California
Lassen,2021-04-16,11,10140,4,1485,7,7995,0,660,5,1169,6,4792,5,5961,California
Lassen,2021-04-17,22,10162,2,1487,20,8015,0,660,4,1155,18,4810,4,5965,California
Lassen,2021-04-18,5,10167,2,1489,3,8018,0,660,2,1154,3,4813,2,5967,California
Lassen,2021-04-19,32,10199,0,1489,32,8050,0,660,16,1154,16,4829,16,5983,California
Lassen,2021-04-20,137,10336,7,1496,130,8180,0,660,51,1119,86,4915,51,6034,California
Lassen,2021-04-21,164,10500,10,1506,154,8334,0,660,32,1021,130,5045,32,6066,California
Lassen,2021-04-22,103,10603,17,1523,86,8420,0,660,33,984,70,5115,33,6099,California
Lassen,2021-04-23,26,10629,1,1524,25,8445,0,660,20,998,6,5121,20,6119,California
Lassen,2021-04-24,9,10638,5,1529,4,8449,0,660,3,995,6,5127,3,6122,California
Lassen,2021-04-25,5,10643,0,1529,4,8453,1,661,3,997,2,5129,4,6126,California
Lassen,2021-04-26,40,10683,0,1529,36,8489,4,665,7,975,33,5162,11,6137,California
Lassen,2021-04-27,121,10804,9,1538,109,8598,3,668,69,995,52,5214,72,6209,California
Lassen,2021-04-28,84,10888,8,1546,74,8672,2,670,31,975,53,5267,33,6242,California
Lassen,2021-04-29,65,10953,6,1552,56,8728,3,673,22,958,42,5309,25,6267,California
Lassen,2021-04-30,13,10966,8,1560,2,8730,3,676,4,956,9,5318,7,6274,California
Lassen,2021-05-01,4,10970,0,1560,3,8733,1,677,3,959,1,5319,4,6278,California
Lassen,2021-05-02,11,10981,7,1567,4,8737,0,677,7,962,4,5323,7,6285,California
Lassen,2021-05-03,18,10999,1,1568,10,8747,7,684,3,957,15,5338,10,6295,California
Lassen,2021-05-04,71,11070,4,1572,59,8806,8,692,20,934,51,5389,28,6323,California
Lassen,2021-05-05,81,11151,4,1576,67,8873,10,702,26,916,54,5443,36,6359,California
Lassen,2021-05-06,83,11234,21,1597,40,8913,22,724,24,903,59,5502,46,6405,California
Lassen,2021-05-07,47,11281,32,1629,10,8923,5,729,39,939,8,5510,44,6449,California
Lassen,2021-05-08,11,11292,0,1629,5,8928,6,735,4,942,7,5517,10,6459,California
Lassen,2021-05-09,3,11295,1,1630,0,8928,2,737,0,941,3,5520,2,6461,California
Lassen,2021-05-10,13,11308,1,1631,9,8937,3,740,7,945,6,5526,10,6471,California
Lassen,2021-05-11,70,11378,1,1632,60,8997,9,749,19,922,51,5577,28,6499,California
Lassen,2021-05-12,41,11419,4,1636,32,9029,5,754,12,910,29,5606,17,6516,California
Lassen,2021-05-13,37,11456,11,1647,21,9050,5,759,12,902,25,5631,17,6533,California
Lassen,2021-05-14,23,11479,5,1652,10,9060,8,767,12,911,11,5642,20,6553,California
Lassen,2021-05-15,16,11495,2,1654,4,9064,10,777,4,913,12,5654,14,6567,California
Lassen,2021-05-16,7,11502,2,1656,3,9067,2,779,2,913,4,5658,4,6571,California
Lassen,2021-05-17,35,11537,3,1659,20,9087,12,791,11,912,24,5682,23,6594,California
Lassen,2021-05-18,95,11632,12,1671,70,9157,13,804,31,892,64,5746,44,6638,California
Lassen,2021-05-19,64,11696,6,1677,47,9204,11,815,11,861,52,5798,21,6659,California
Lassen,2021-05-20,30,11726,5,1682,16,9220,9,824,9,858,21,5819,18,6677,California
Lassen,2021-05-21,52,11778,31,1713,12,9232,9,833,32,879,20,5839,41,6718,California
Los Angeles,2020-12-15,394,394,394,394,0,0,0,0,394,394,0,0,394,394,California
Los Angeles,2020-12-16,3538,3932,3538,3932,0,0,0,0,3538,3932,0,0,3538,3932,California
Los Angeles,2020-12-17,10255,14187,10255,14187,0,0,0,0,10256,14188,0,0,10256,14188,California
Los Angeles,2020-12-18,14547,28734,14524,28711,23,23,0,0,14547,28735,0,0,14547,28735,California
Los Angeles,2020-12-19,7233,35967,7225,35936,8,31,0,0,7234,35969,0,0,7234,35969,California
Los Angeles,2020-12-20,4602,40569,4594,40530,8,39,0,0,4604,40573,0,0,4604,40573,California
Los Angeles,2020-12-21,13713,54282,13698,54228,15,54,0,0,13713,54285,1,1,13713,54286,California
Los Angeles,2020-12-22,11541,65823,11151,65379,390,444,0,0,11542,65826,1,2,11542,65828,California
Los Angeles,2020-12-23,11952,77775,10186,75565,1766,2210,0,0,11952,77778,0,2,11952,77780,California
Los Angeles,2020-12-24,7025,84800,4258,79823,2767,4977,0,0,7027,84805,0,2,7027,84807,California
Los Angeles,2020-12-25,527,85327,421,80244,106,5083,0,0,527,85332,0,2,527,85334,California
Los Angeles,2020-12-26,2531,87858,2183,82427,348,5431,0,0,2531,87862,1,3,2531,87865,California
Los Angeles,2020-12-27,1765,89623,1030,83457,735,6166,0,0,1765,89627,0,3,1765,89630,California
Los Angeles,2020-12-28,10311,99934,6399,89856,3912,10078,0,0,10309,99935,1,4,10309,99939,California
Los Angeles,2020-12-29,11608,111542,6083,95939,5525,15603,0,0,11609,111544,0,4,11609,111548,California
Los Angeles,2020-12-30,14880,126422,8093,104032,6787,22390,0,0,14879,126423,0,4,14879,126427,California
Los Angeles,2020-12-31,7949,134371,2758,106790,5191,27581,0,0,7946,134367,2,6,7946,134373,California
Los Angeles,2021-01-01,1018,135389,279,107069,739,28320,0,0,1018,135385,0,6,1018,135391,California
Los Angeles,2021-01-02,4480,139869,1667,108736,2813,31133,0,0,4480,139865,0,6,4480,139871,California
Los Angeles,2021-01-03,955,140824,218,108954,737,31870,0,0,954,140818,1,7,954,140825,California
Los Angeles,2021-01-04,12727,153551,4896,113850,7831,39701,0,0,12712,153527,3,10,12712,153537,California
Los Angeles,2021-01-05,16074,169625,7104,120954,8970,48671,0,0,14163,165810,1884,1894,14167,167704,California
Los Angeles,2021-01-06,22706,192331,12087,133041,10619,59290,0,0,17083,177348,5554,7448,17092,184796,California
Los Angeles,2021-01-07,29404,221735,15826,148867,13578,72868,0,0,18854,185715,10502,17950,18869,203665,California
Los Angeles,2021-01-08,33169,254904,17926,166793,15243,88111,0,0,20907,194396,12236,30186,20917,224582,California
Los Angeles,2021-01-09,12389,267293,7088,173881,5301,93412,0,0,7510,197037,4876,35062,7517,232099,California
Los Angeles,2021-01-10,4693,271986,3640,177521,1053,94465,0,0,1959,196263,2734,37796,1960,234059,California
Los Angeles,2021-01-11,25837,297823,16273,193794,9564,104029,0,0,14886,200218,10941,48737,14896,248955,California
Los Angeles,2021-01-12,29365,327188,16199,209993,13166,117195,0,0,19222,209327,10125,58862,19234,268189,California
Los Angeles,2021-01-13,29301,356489,15646,225639,13655,130850,0,0,20345,220739,8938,67800,20350,288539,California
Los Angeles,2021-01-14,29251,385740,12688,238327,16563,147413,0,0,23728,238975,5504,73304,23740,312279,California
Los Angeles,2021-01-15,33826,419566,12361,250688,21465,168878,0,0,30244,265671,3556,76860,30252,342531,California
Los Angeles,2021-01-16,17568,437134,4961,255649,12607,181485,0,0,15787,279690,1773,78633,15792,358323,California
Los Angeles,2021-01-17,5199,442333,2313,257962,2886,184371,0,0,4951,284396,247,78880,4953,363276,California
Los Angeles,2021-01-18,15633,457966,10098,268060,5535,189906,0,0,10907,290591,4714,83594,10909,374185,California
Los Angeles,2021-01-19,38522,496488,20612,288672,17910,207816,0,0,30712,313546,7769,91363,30724,404909,California
Los Angeles,2021-01-20,46147,542635,24121,312793,22026,229842,0,0,38663,344765,7454,98817,38673,443582,California
Los Angeles,2021-01-21,48679,591314,22366,335159,26313,256155,0,0,44396,384957,4219,103036,44411,487993,California
Los Angeles,2021-01-22,48058,639372,22325,357484,25733,281888,0,0,44619,426194,3394,106430,44631,532624,California
Los Angeles,2021-01-23,34002,673374,15719,373203,18283,300171,0,0,31943,456124,2026,108456,31956,564580,California
Los Angeles,2021-01-24,15736,689110,12211,385414,3525,303696,0,0,15186,470771,542,108998,15189,579769,California
Los Angeles,2021-01-25,38959,728069,16611,402025,22348,326044,0,0,30332,492522,8597,117595,30348,610117,California
Los Angeles,2021-01-26,49411,777480,24549,426574,24862,350906,0,0,41192,525548,8185,125780,41211,651328,California
Los Angeles,2021-01-27,48663,826143,25883,452457,22780,373686,0,0,39390,555825,9135,134915,39412,690740,California
Los Angeles,2021-01-28,48735,874878,23188,475645,25547,399233,0,0,40292,587812,8320,143235,40307,731047,California
Los Angeles,2021-01-29,49406,924284,25509,501154,23897,423130,0,0,39318,617412,9734,152969,39334,770381,California
Los Angeles,2021-01-30,30187,954471,15575,516729,14612,437742,0,0,25896,639099,4214,157183,25901,796282,California
Los Angeles,2021-01-31,12975,967446,10328,527057,2647,440389,0,0,12160,650462,801,157984,12164,808446,California
Los Angeles,2021-02-01,38574,1006020,16525,543582,22049,462438,0,0,28033,667999,10506,168490,28043,836489,California
Los Angeles,2021-02-02,44431,1050451,17896,561478,26535,488973,0,0,32253,688120,12137,180627,32258,868747,California
Los Angeles,2021-02-03,52168,1102619,19559,581037,32609,521582,0,0,37285,710771,14640,195267,37291,906038,California
Los Angeles,2021-02-04,57173,1159792,20659,601696,36514,558096,0,0,39117,732155,17747,213014,39131,945169,California
Los Angeles,2021-02-05,61346,1221138,21118,622814,40228,598324,0,0,39378,749993,21549,234563,39387,984556,California
Los Angeles,2021-02-06,35620,1256758,13390,636204,22230,620554,0,0,27161,768794,8382,242945,27183,1011739,California
Los Angeles,2021-02-07,10888,1267646,8459,644663,2429,622983,0,0,8493,774914,2380,245325,8500,1020239,California
Los Angeles,2021-02-08,46970,1314616,21719,666382,25251,648234,0,0,30742,789564,16094,261419,30744,1050983,California
Los Angeles,2021-02-09,55979,1370595,24743,691125,31236,679470,0,0,28538,790748,27361,288780,28545,1079528,California
Los Angeles,2021-02-10,66899,1437494,29368,720493,37531,717001,0,0,30738,785718,35778,324558,30748,1110276,California
Los Angeles,2021-02-11,58373,1495867,31205,751698,27168,744169,0,0,28237,784268,29691,354249,28241,1138517,California
Los Angeles,2021-02-12,59653,1555520,29873,781571,29780,773949,0,0,26016,777010,33290,387539,26032,1164549,California
Los Angeles,2021-02-13,33932,1589452,19747,801318,14185,788134,0,0,15535,774271,18312,405851,15573,1180122,California
Los Angeles,2021-02-14,21808,1611260,14888,816206,6920,795054,0,0,8765,770059,12980,418831,8768,1188890,California
Los Angeles,2021-02-15,32864,1644124,15961,832167,16903,811957,0,0,18060,773387,14738,433569,18066,1206956,California
Los Angeles,2021-02-16,64304,1708428,32660,864827,31644,843601,0,0,29979,769148,34231,467800,29992,1236948,California
Los Angeles,2021-02-17,64910,1773338,34580,899407,30330,873931,0,0,26592,757615,38131,505931,26598,1263546,California
Los Angeles,2021-02-18,68602,1841940,34840,934247,33762,907693,0,0,28713,746636,39703,545634,28724,1292270,California
Los Angeles,2021-02-19,58352,1900292,36051,970298,22301,929994,0,0,28631,745664,29619,575253,28647,1320917,California
Los Angeles,2021-02-20,32914,1933206,23959,994257,8955,938949,0,0,15865,744534,17003,592256,15873,1336790,California
Los Angeles,2021-02-21,22180,1955386,20516,1014773,1664,940613,0,0,11079,744568,11048,603304,11082,1347872,California
Los Angeles,2021-02-22,34566,1989952,25185,1039958,9381,949994,0,0,17886,745863,16602,619906,17897,1365769,California
Los Angeles,2021-02-23,54870,2044822,23699,1063657,31171,981165,0,0,21703,734532,33046,652952,21715,1387484,California
Los Angeles,2021-02-24,65017,2109839,28947,1092604,36070,1017235,0,0,28583,726872,36262,689214,28602,1416086,California
Los Angeles,2021-02-25,74135,2183974,33938,1126542,40197,1057432,0,0,39019,730952,34952,724166,39032,1455118,California
Los Angeles,2021-02-26,83681,2267655,38735,1165277,44946,1102378,0,0,48112,743755,35340,759506,48143,1503261,California
Los Angeles,2021-02-27,60240,2327895,26497,1191774,33739,1136117,4,4,31019,745736,29065,788571,31046,1534307,California
Los Angeles,2021-02-28,26864,2354759,18536,1210310,8325,1144442,3,7,18873,756730,7888,796459,18882,1553189,California
Los Angeles,2021-03-01,56811,2411570,32284,1242594,24502,1168944,25,32,34158,768441,22487,818946,34198,1587387,California
Los Angeles,2021-03-02,77516,2489086,37692,1280286,39821,1208765,3,35,48959,788985,28430,847376,48974,1636361,California
Los Angeles,2021-03-03,84467,2573553,43060,1323346,41395,1250160,12,47,53418,811554,30884,878260,53453,1689814,California
Los Angeles,2021-03-04,90589,2664142,46519,1369865,44059,1294219,11,58,57182,835537,33229,911489,57212,1747026,California
Los Angeles,2021-03-05,89888,2754030,44378,1414243,45481,1339700,29,87,60270,866440,29430,940919,60333,1807359,California
Los Angeles,2021-03-06,67256,2821286,34280,1448523,31158,1370858,1818,1905,43376,887900,23737,964656,45197,1852556,California
Los Angeles,2021-03-07,27183,2848469,20754,1469277,5616,1376474,813,2718,21042,903638,6112,970768,21850,1874406,California
Los Angeles,2021-03-08,52713,2901182,27885,1497162,22878,1399352,1950,4668,39856,932684,12757,983525,41803,1916209,California
Los Angeles,2021-03-09,81353,2982535,38653,1535815,39423,1438775,3277,7945,51841,958429,29363,1012888,55108,1971317,California
Los Angeles,2021-03-10,82988,3065523,40859,1576674,37252,1476027,4877,12822,52548,985542,30273,1043161,57386,2028703,California
Los Angeles,2021-03-11,92710,3158233,45254,1621928,40773,1516800,6683,19505,54321,1008296,38207,1081368,60961,2089664,California
Los Angeles,2021-03-12,98780,3257013,44472,1666400,40399,1557199,13909,33414,57604,1038787,40979,1122347,71470,2161134,California
Los Angeles,2021-03-13,75469,3332482,35761,1702161,27743,1584942,11965,45379,45085,1065512,30276,1152623,57001,2218135,California
Los Angeles,2021-03-14,39044,3371526,26280,1728441,10228,1595170,2536,47915,23980,1077008,14999,1167622,26495,2244630,California
Los Angeles,2021-03-15,74868,3446394,36489,1764930,32930,1628100,5449,53364,45370,1098480,29324,1196946,50796,2295426,California
Los Angeles,2021-03-16,99804,3546198,43644,1808574,50284,1678384,5876,59240,64663,1134021,34954,1231900,70495,2365921,California
Los Angeles,2021-03-17,97055,3643253,43953,1852527,44793,1723177,8309,67549,64932,1175207,31922,1263822,73108,2439029,California
Los Angeles,2021-03-18,101636,3744889,48518,1901045,47796,1770973,5322,72871,64465,1208091,36889,1300711,69773,2508802,California
Los Angeles,2021-03-19,109087,3853976,56898,1957943,47423,1818396,4766,77637,67284,1238553,41537,1342248,71999,2580801,California
Los Angeles,2021-03-20,76273,3930249,37671,1995614,34017,1852413,4585,82222,51772,1270572,24321,1366569,56340,2637141,California
Los Angeles,2021-03-21,34589,3964838,25730,2021344,7958,1860371,901,83123,22207,1281412,12267,1378836,23107,2660248,California
Los Angeles,2021-03-22,70739,4035577,41537,2062881,27053,1887424,2149,85272,49672,1312419,20811,1399647,51818,2712066,California
Los Angeles,2021-03-23,96285,4131862,52073,2114954,40987,1928411,3225,88497,58344,1336291,37685,1437332,61557,2773623,California
Los Angeles,2021-03-24,104778,4236640,55689,2170643,45946,1974357,3143,91640,60776,1356508,43690,1481022,63907,2837530,California
Los Angeles,2021-03-25,110465,4347105,59261,2229904,47318,2021675,3886,95526,62128,1374454,48051,1529073,65997,2903527,California
Los Angeles,2021-03-26,115103,4462208,63244,2293148,47684,2069359,4175,99701,63526,1390827,51301,1580374,67674,2971201,California
Los Angeles,2021-03-27,83456,4545664,44250,2337398,37075,2106434,2131,101832,42668,1395094,40533,1620907,44800,3016001,California
Los Angeles,2021-03-28,42129,4587793,28575,2365973,12970,2119404,584,102416,20037,1393747,21968,1642875,20621,3036622,California
Los Angeles,2021-03-29,82862,4670655,47071,2413044,34020,2153424,1771,104187,46056,1404958,36607,1679482,47818,3084440,California
Los Angeles,2021-03-30,108794,4779449,51972,2465016,50892,2204316,5930,110117,56882,1416063,51680,1731162,62785,3147225,California
Los Angeles,2021-03-31,122367,4901816,61950,2526966,51588,2255904,8829,118946,68457,1439682,53615,1784777,77234,3224459,California
Los Angeles,2021-04-01,132886,5034702,62329,2589295,55213,2311117,15344,134290,71688,1465750,60896,1845673,86964,3311423,California
Los Angeles,2021-04-02,131031,5165733,58200,2647495,57412,2368529,15419,149709,69611,1489661,61092,1906765,85003,3396426,California
Los Angeles,2021-04-03,97256,5262989,44411,2691906,39616,2408145,13229,162938,48041,1501839,49033,1955798,61211,3457637,California
Los Angeles,2021-04-04,39148,5302137,20492,2712398,12029,2420174,6627,169565,16356,1502069,22718,1978516,22948,3480585,California
Los Angeles,2021-04-05,93520,5395657,44255,2756653,39091,2459265,10174,179739,44354,1507567,48971,2027487,54469,3535054,California
Los Angeles,2021-04-06,120687,5516344,56836,2813489,43608,2502873,20243,199982,55279,1517829,65164,2092651,75426,3610480,California
Los Angeles,2021-04-07,119551,5635895,54393,2867882,44117,2546990,21041,221023,54047,1527555,65256,2157907,74982,3685462,California
Los Angeles,2021-04-08,131860,5767755,58046,2925928,49876,2596866,23938,244961,59590,1538950,71993,2229900,83388,3768850,California
Los Angeles,2021-04-09,130350,5898105,56386,2982314,50168,2647034,23796,268757,55775,1544088,74293,2304193,79431,3848281,California
Los Angeles,2021-04-10,100733,5998838,42748,3025062,34084,2681118,23901,292658,36849,1541061,63656,2367849,60629,3908910,California
Los Angeles,2021-04-11,41621,6040459,22492,3047554,9607,2690725,9522,302180,14087,1537163,27454,2395303,23556,3932466,California
Los Angeles,2021-04-12,78525,6118984,38418,3085972,33839,2724564,6268,308448,32098,1529242,46232,2441535,38311,3970777,California
Los Angeles,2021-04-13,116918,6235902,58886,3144858,57609,2782173,423,308871,61586,1536155,55103,2496638,62016,4032793,California
Los Angeles,2021-04-14,118456,6354358,59404,3204262,58922,2841095,130,309001,64225,1546531,53974,2550612,64350,4097143,California
Los Angeles,2021-04-15,129455,6483813,69968,3274230,59316,2900411,171,309172,74050,1565476,55141,2605753,74086,4171229,California
Los Angeles,2021-04-16,129883,6613696,68708,3342938,61034,2961445,141,309313,68351,1572642,61259,2667012,68425,4239654,California
Los Angeles,2021-04-17,97986,6711682,51265,3394203,46696,3008141,25,309338,55867,1586619,41914,2708926,55891,4295545,California
Los Angeles,2021-04-18,33817,6745499,22433,3416636,11383,3019524,1,309339,18436,1589752,15309,2724235,18442,4313987,California
Los Angeles,2021-04-19,74745,6820244,39577,3456213,35156,3054680,12,309351,33172,1581545,41400,2765635,33193,4347180,California
Los Angeles,2021-04-20,101563,6921807,49889,3506102,51652,3106332,22,309373,50292,1580822,51039,2816674,50316,4397496,California
Los Angeles,2021-04-21,109112,7030919,52544,3558646,56380,3162712,188,309561,48116,1568438,60688,2877362,48304,4445800,California
Los Angeles,2021-04-22,114982,7145901,59343,3617989,55607,3218319,32,309593,50434,1554655,64254,2941616,50471,4496271,California
Los Angeles,2021-04-23,113745,7259646,62453,3680442,51274,3269593,18,309611,53929,1549075,59527,3001143,53947,4550218,California
Los Angeles,2021-04-24,88092,7347738,56795,3737237,31271,3300864,26,309637,49171,1559577,38702,3039845,49204,4599422,California
Los Angeles,2021-04-25,37795,7385533,25127,3762364,12663,3313527,5,309642,20433,1562753,17262,3057107,20438,4619860,California
Los Angeles,2021-04-26,69149,7454682,37111,3799475,31589,3345116,449,310091,34037,1562306,34927,3092034,34480,4654340,California
Los Angeles,2021-04-27,86247,7540929,41766,3841241,42792,3387908,1689,311780,32890,1543771,53103,3145137,34568,4688908,California
Los Angeles,2021-04-28,84505,7625434,40863,3882104,41614,3429522,2028,313808,32943,1527457,51275,3196412,34961,4723869,California
Los Angeles,2021-04-29,90852,7716286,45395,3927499,43330,3472852,2127,315935,32176,1503443,58316,3254728,34302,4758171,California
Los Angeles,2021-04-30,98731,7815017,49100,3976599,47239,3520091,2392,318327,35804,1479076,62548,3317276,38181,4796352,California
Los Angeles,2021-05-01,74755,7889772,42090,4018689,31172,3551263,1493,319820,28296,1462640,46220,3363496,29784,4826136,California
Los Angeles,2021-05-02,27884,7917656,17890,4036579,9261,3560524,733,320553,10097,1455792,17675,3381171,10827,4836963,California
Los Angeles,2021-05-03,60323,7977979,29651,4066230,28519,3589043,2153,322706,21251,1440331,38852,3420023,23391,4860354,California
Los Angeles,2021-05-04,85009,8062988,46865,4113095,35935,3624978,2209,324915,25941,1409694,58773,3478796,28136,4888490,California
Los Angeles,2021-05-05,87917,8150905,51304,4164399,34288,3659266,2325,327240,23947,1372285,63669,3542465,26260,4914750,California
Los Angeles,2021-05-06,95394,8246299,57601,4222000,35312,3694578,2481,329721,22660,1325043,72369,3614834,25127,4939877,California
Los Angeles,2021-05-07,94838,8341137,56587,4278587,35930,3730508,2321,332042,25726,1284277,68794,3683628,28028,4967905,California
Los Angeles,2021-05-08,63203,8404340,41673,4320260,19921,3750429,1609,333651,17062,1257270,45670,3729298,18663,4986568,California
Los Angeles,2021-05-09,23617,8427957,17854,4338114,5036,3755465,727,334378,6014,1246613,17394,3746692,6737,4993305,California
Los Angeles,2021-05-10,48141,8476098,25283,4363397,21030,3776495,1828,336206,14400,1229389,33444,3780136,16220,5009525,California
Los Angeles,2021-05-11,66485,8542583,35749,4399146,28769,3805264,1967,338173,16961,1199012,49284,3829420,18907,5028432,California
Los Angeles,2021-05-12,66555,8609138,35924,4435070,28530,3833794,2101,340274,18689,1172191,47596,3877016,20775,5049207,California
Los Angeles,2021-05-13,69070,8678208,41782,4476852,25669,3859463,1619,341893,24178,1153507,44470,3921486,25786,5074993,California
Los Angeles,2021-05-14,86312,8764520,55088,4531940,29446,3888909,1778,343671,32631,1134526,53384,3974870,34403,5109396,California
Los Angeles,2021-05-15,72962,8837482,51674,4583614,19998,3908907,1290,344961,28349,1119791,44363,4019233,29628,5139024,California
Los Angeles,2021-05-16,30152,8867634,23881,4607495,5670,3914577,601,345562,12035,1114392,18031,4037264,12632,5151656,California
Los Angeles,2021-05-17,60283,8927917,39538,4647033,19079,3933656,1666,347228,25889,1107747,34183,4071447,27538,5179194,California
Los Angeles,2021-05-18,63028,8990945,37967,4685000,23301,3956957,1760,348988,26780,1100273,35983,4107430,28509,5207703,California
Los Angeles,2021-05-19,66162,9057107,40159,4725159,24227,3981184,1776,350764,29150,1094418,36763,4144193,30908,5238611,California
Los Angeles,2021-05-20,48305,9105412,27565,4752724,19101,4000285,1639,352403,19080,1086164,28970,4173163,20716,5259327,California
Los Angeles,2021-05-21,39072,9144484,25277,4778001,12479,4012764,1316,353719,15065,1078710,23833,4196996,16379,5275706,California
Madera,2020-12-16,21,21,21,21,0,0,0,0,21,21,0,0,21,21,California
Madera,2020-12-17,13,34,13,34,0,0,0,0,13,34,0,0,13,34,California
Madera,2020-12-18,60,94,60,94,0,0,0,0,60,94,0,0,60,94,California
Madera,2020-12-19,5,99,5,99,0,0,0,0,5,99,0,0,5,99,California
Madera,2020-12-20,14,113,14,113,0,0,0,0,14,113,0,0,14,113,California
Madera,2020-12-21,59,172,59,172,0,0,0,0,59,172,0,0,59,172,California
Madera,2020-12-22,97,269,95,267,2,2,0,0,97,269,0,0,97,269,California
Madera,2020-12-23,67,336,67,334,0,2,0,0,67,336,0,0,67,336,California
Madera,2020-12-24,45,381,40,374,5,7,0,0,45,381,0,0,45,381,California
Madera,2020-12-26,28,409,26,400,2,9,0,0,28,409,0,0,28,409,California
Madera,2020-12-27,29,438,12,412,17,26,0,0,29,438,0,0,29,438,California
Madera,2020-12-28,106,544,36,448,70,96,0,0,106,544,0,0,106,544,California
Madera,2020-12-29,172,716,37,485,135,231,0,0,172,716,0,0,172,716,California
Madera,2020-12-30,219,935,86,571,133,364,0,0,219,935,0,0,219,935,California
Madera,2020-12-31,201,1136,80,651,121,485,0,0,201,1136,0,0,201,1136,California
Madera,2021-01-01,1,1137,1,652,0,485,0,0,1,1137,0,0,1,1137,California
Madera,2021-01-02,89,1226,33,685,56,541,0,0,89,1226,0,0,89,1226,California
Madera,2021-01-03,5,1231,5,690,0,541,0,0,5,1231,0,0,5,1231,California
Madera,2021-01-04,129,1360,65,755,64,605,0,0,129,1360,0,0,129,1360,California
Madera,2021-01-05,279,1639,143,898,136,741,0,0,275,1631,4,4,275,1635,California
Madera,2021-01-06,183,1822,26,924,157,898,0,0,164,1776,19,23,164,1799,California
Madera,2021-01-07,399,2221,116,1040,283,1181,0,0,377,2131,22,45,377,2176,California
Madera,2021-01-08,418,2639,72,1112,346,1527,0,0,363,2441,54,99,364,2540,California
Madera,2021-01-09,36,2675,14,1126,22,1549,0,0,27,2459,9,108,27,2567,California
Madera,2021-01-10,17,2692,14,1140,3,1552,0,0,5,2452,12,120,5,2572,California
Madera,2021-01-11,238,2930,190,1330,48,1600,0,0,197,2608,41,161,197,2769,California
Madera,2021-01-12,392,3322,159,1489,233,1833,0,0,287,2790,105,266,287,3056,California
Madera,2021-01-13,184,3506,91,1580,93,1926,0,0,128,2863,56,322,129,3185,California
Madera,2021-01-14,553,4059,81,1661,472,2398,0,0,519,3348,34,356,519,3704,California
Madera,2021-01-15,599,4658,160,1821,439,2837,0,0,578,3905,21,377,578,4282,California
Madera,2021-01-16,381,5039,47,1868,334,3171,0,0,353,4230,28,405,353,4635,California
Madera,2021-01-17,335,5374,15,1883,320,3491,0,0,331,4557,4,409,331,4966,California
Madera,2021-01-18,77,5451,60,1943,17,3508,0,0,58,4597,18,427,58,5024,California
Madera,2021-01-19,572,6023,136,2079,436,3944,0,0,544,5114,28,455,545,5569,California
Madera,2021-01-20,235,6258,80,2159,155,4099,0,0,207,5294,27,482,207,5776,California
Madera,2021-01-21,238,6496,131,2290,107,4206,0,0,205,5468,31,513,205,5981,California
Madera,2021-01-22,257,6753,83,2373,174,4380,0,0,243,5697,14,527,243,6224,California
Madera,2021-01-23,100,6853,52,2425,48,4428,0,0,76,5749,24,551,76,6300,California
Madera,2021-01-24,100,6953,82,2507,18,4446,0,0,78,5805,22,573,78,6378,California
Madera,2021-01-25,262,7215,126,2633,136,4582,0,0,144,5831,118,691,144,6522,California
Madera,2021-01-26,484,7699,189,2822,295,4877,0,0,295,5939,188,879,296,6818,California
Madera,2021-01-27,737,8436,63,2885,674,5551,0,0,600,6404,137,1016,602,7420,California
Madera,2021-01-28,544,8980,108,2993,436,5987,0,0,441,6742,103,1119,441,7861,California
Madera,2021-01-29,466,9446,94,3087,372,6359,0,0,411,7098,55,1174,411,8272,California
Madera,2021-01-30,505,9951,16,3103,489,6848,0,0,451,7495,54,1228,451,8723,California
Madera,2021-01-31,9,9960,6,3109,3,6851,0,0,8,7502,1,1229,8,8731,California
Madera,2021-02-01,332,10292,148,3257,184,7035,0,0,206,7582,126,1355,206,8937,California
Madera,2021-02-02,252,10544,88,3345,164,7199,0,0,161,7654,90,1445,162,9099,California
Madera,2021-02-03,595,11139,461,3806,134,7333,0,0,475,8012,118,1563,476,9575,California
Madera,2021-02-04,392,11531,124,3930,268,7601,0,0,114,7850,277,1840,115,9690,California
Madera,2021-02-05,975,12506,297,4227,678,8279,0,0,369,7619,601,2441,370,10060,California
Madera,2021-02-06,359,12865,325,4552,34,8313,0,0,320,7901,38,2479,320,10380,California
Madera,2021-02-07,34,12899,6,4558,28,8341,0,0,29,7925,5,2484,29,10409,California
Madera,2021-02-08,383,13282,307,4865,76,8417,0,0,269,8081,113,2597,269,10678,California
Madera,2021-02-09,479,13761,118,4983,361,8778,0,0,197,8000,279,2876,198,10876,California
Madera,2021-02-10,431,14192,149,5132,282,9060,0,0,325,8219,106,2982,325,11201,California
Madera,2021-02-11,938,15130,307,5439,631,9691,0,0,407,8097,530,3512,408,11609,California
Madera,2021-02-12,842,15972,120,5559,722,10413,0,0,311,7886,525,4037,314,11923,California
Madera,2021-02-13,484,16456,43,5602,441,10854,0,0,138,7682,345,4382,141,12064,California
Madera,2021-02-14,399,16855,75,5677,324,11178,0,0,135,7554,264,4646,136,12200,California
Madera,2021-02-15,246,17101,100,5777,146,11324,0,0,175,7659,70,4716,175,12375,California
Madera,2021-02-16,774,17875,183,5960,591,11915,0,0,228,7344,544,5260,229,12604,California
Madera,2021-02-17,610,18485,274,6234,336,12251,0,0,340,7421,265,5525,342,12946,California
Madera,2021-02-18,1299,19784,540,6774,759,13010,0,0,1120,8363,179,5704,1121,14067,California
Madera,2021-02-19,858,20642,543,7317,315,13325,0,0,716,8938,142,5846,717,14784,California
Madera,2021-02-20,1070,21712,979,8296,91,13416,0,0,998,9866,71,5917,999,15783,California
Madera,2021-02-21,962,22674,819,9115,143,13559,0,0,957,10818,5,5922,957,16740,California
Madera,2021-02-22,910,23584,834,9949,76,13635,0,0,855,11618,55,5977,855,17595,California
Madera,2021-02-23,774,24358,501,10450,273,13908,0,0,546,11939,225,6202,546,18141,California
Madera,2021-02-24,908,25266,299,10749,609,14517,0,0,378,11788,529,6731,378,18519,California
Madera,2021-02-25,1032,26298,317,11066,715,15232,0,0,599,11956,431,7162,599,19118,California
Madera,2021-02-26,1087,27385,197,11263,890,16122,0,0,711,12293,374,7536,711,19829,California
Madera,2021-02-27,893,28278,261,11524,632,16754,0,0,469,12344,421,7957,472,20301,California
Madera,2021-02-28,188,28466,28,11552,160,16914,0,0,183,12522,5,7962,183,20484,California
Madera,2021-03-01,373,28839,118,11670,255,17169,0,0,193,12537,178,8140,193,20677,California
Madera,2021-03-02,744,29583,351,12021,393,17562,0,0,631,13057,112,8252,632,21309,California
Madera,2021-03-03,1346,30929,719,12740,627,18189,0,0,942,13624,401,8653,968,22277,California
Madera,2021-03-04,1200,32129,527,13267,673,18862,0,0,953,14332,248,8901,956,23233,California
Madera,2021-03-05,1344,33473,421,13688,910,19772,13,13,1079,15172,263,9164,1103,24336,California
Madera,2021-03-06,810,34283,629,14317,149,19921,32,45,492,15380,317,9481,525,24861,California
Madera,2021-03-07,154,34437,28,14345,104,20025,22,67,104,15456,50,9531,126,24987,California
Madera,2021-03-08,595,35032,335,14680,201,20226,59,126,303,15528,292,9823,364,25351,California
Madera,2021-03-09,593,35625,296,14976,263,20489,34,160,407,15793,184,10007,449,25800,California
Madera,2021-03-10,1184,36809,560,15536,546,21035,78,238,755,16202,425,10432,834,26634,California
Madera,2021-03-11,1681,38490,865,16401,484,21519,332,570,768,16403,911,11343,1112,27746,California
Madera,2021-03-12,1565,40055,809,17210,601,22120,155,725,790,16600,773,12116,970,28716,California
Madera,2021-03-13,1875,41930,1329,18539,348,22468,198,923,808,16559,1063,13179,1022,29738,California
Madera,2021-03-14,583,42513,449,18988,102,22570,32,955,294,16599,286,13465,326,30064,California
Madera,2021-03-15,738,43251,222,19210,469,23039,47,1002,513,16962,222,13687,585,30649,California
Madera,2021-03-16,928,44179,524,19734,357,23396,47,1049,739,17579,186,13873,803,31452,California
Madera,2021-03-17,1463,45642,979,20713,421,23817,63,1112,909,18095,546,14419,1062,32514,California
Madera,2021-03-18,1945,47587,683,21396,1202,25019,60,1172,974,18247,966,15385,1118,33632,California
Madera,2021-03-19,1583,49170,589,21985,910,25929,84,1256,1041,18899,539,15924,1191,34823,California
Madera,2021-03-20,1181,50351,775,22760,355,26284,51,1307,619,19056,561,16485,718,35541,California
Madera,2021-03-21,1100,51451,898,23658,156,26440,46,1353,382,18770,715,17200,429,35970,California
Madera,2021-03-22,1360,52811,852,24510,440,26880,68,1421,686,18895,671,17871,796,36766,California
Madera,2021-03-23,1417,54228,861,25371,466,27346,90,1511,675,19002,740,18611,847,37613,California
Madera,2021-03-24,941,55169,502,25873,408,27754,31,1542,612,19323,326,18937,647,38260,California
Madera,2021-03-25,1167,56336,528,26401,615,28369,24,1566,645,19493,512,19449,682,38942,California
Madera,2021-03-26,1518,57854,578,26979,808,29177,132,1698,711,19536,803,20252,846,39788,California
Madera,2021-03-27,919,58773,599,27578,296,29473,24,1722,416,19478,499,20751,441,40229,California
Madera,2021-03-28,434,59207,151,27729,222,29695,61,1783,242,19643,191,20942,356,40585,California
Madera,2021-03-29,685,59892,179,27908,477,30172,29,1812,491,19977,190,21132,524,41109,California
Madera,2021-03-30,1070,60962,604,28512,434,30606,32,1844,480,19903,587,21719,513,41622,California
Madera,2021-03-31,1394,62356,544,29056,716,31322,134,1978,428,19507,960,22679,564,42186,California
Madera,2021-04-01,1340,63696,620,29676,669,31991,51,2029,470,19162,864,23543,519,42705,California
Madera,2021-04-02,1598,65294,459,30135,1081,33072,58,2087,476,18586,1111,24654,535,43240,California
Madera,2021-04-03,923,66217,727,30862,176,33248,20,2107,384,18462,537,25191,413,43653,California
Madera,2021-04-04,187,66404,65,30927,120,33368,2,2109,88,18453,99,25290,90,43743,California
Madera,2021-04-05,736,67140,255,31182,423,33791,58,2167,343,18476,392,25682,415,44158,California
Madera,2021-04-06,1701,68841,887,32069,464,34255,350,2517,531,18189,1169,26851,882,45040,California
Madera,2021-04-07,1197,70038,370,32439,678,34933,149,2666,410,17969,784,27635,564,45604,California
Madera,2021-04-08,1699,71737,656,33095,786,35719,257,2923,542,17623,1151,28786,805,46409,California
Madera,2021-04-09,1620,73357,682,33777,790,36509,148,3071,936,18031,679,29465,1087,47496,California
Madera,2021-04-10,956,74313,679,34456,210,36719,67,3138,705,18552,252,29717,773,48269,California
Madera,2021-04-11,799,75112,647,35103,74,36793,78,3216,281,18394,515,30232,357,48626,California
Madera,2021-04-12,781,75893,268,35371,436,37229,77,3293,302,18295,479,30711,380,49006,California
Madera,2021-04-13,1233,77126,607,35978,585,37814,41,3334,717,18549,514,31225,768,49774,California
Madera,2021-04-14,1379,78505,853,36831,526,38340,0,3334,568,18311,812,32037,574,50348,California
Madera,2021-04-15,1153,79658,499,37330,653,38993,1,3335,421,18014,720,32757,423,50771,California
Madera,2021-04-16,1307,80965,535,37865,772,39765,0,3335,365,17449,931,33688,366,51137,California
Madera,2021-04-17,1266,82231,1068,38933,198,39963,0,3335,757,17697,509,34197,757,51894,California
Madera,2021-04-18,244,82475,207,39140,37,40000,0,3335,88,17630,155,34352,88,51982,California
Madera,2021-04-19,804,83279,236,39376,567,40567,1,3336,276,17385,522,34874,277,52259,California
Madera,2021-04-20,871,84150,427,39803,444,41011,0,3336,215,16949,653,35527,217,52476,California
Madera,2021-04-21,856,85006,452,40255,404,41415,0,3336,289,16673,567,36094,291,52767,California
Madera,2021-04-22,1059,86065,510,40765,549,41964,0,3336,372,16363,683,36777,373,53140,California
Madera,2021-04-23,960,87025,306,41071,654,42618,0,3336,333,16075,621,37398,333,53473,California
Madera,2021-04-24,704,87729,463,41534,241,42859,0,3336,255,15886,445,37843,256,53729,California
Madera,2021-04-25,265,87994,161,41695,101,42960,3,3339,118,15865,143,37986,122,53851,California
Madera,2021-04-26,518,88512,97,41792,415,43375,6,3345,111,15578,404,38390,117,53968,California
Madera,2021-04-27,564,89076,265,42057,278,43653,21,3366,297,15631,266,38656,319,54287,California
Madera,2021-04-28,472,89548,196,42253,257,43910,19,3385,223,15625,247,38903,241,54528,California
Madera,2021-04-29,519,90067,240,42493,252,44162,27,3412,248,15636,264,39167,275,54803,California
Madera,2021-04-30,919,90986,501,42994,402,44564,16,3428,255,15248,659,39826,271,55074,California
Madera,2021-05-01,958,91944,864,43858,81,44645,13,3441,384,15072,573,40399,397,55471,California
Madera,2021-05-02,399,92343,350,44208,45,44690,4,3445,148,14973,251,40650,152,55623,California
Madera,2021-05-03,503,92846,201,44409,262,44952,40,3485,101,14715,399,41049,141,55764,California
Madera,2021-05-04,878,93724,433,44842,405,45357,40,3525,211,14299,667,41716,251,56015,California
Madera,2021-05-05,994,94718,473,45315,462,45819,59,3584,273,13912,719,42435,332,56347,California
Madera,2021-05-06,695,95413,248,45563,416,46235,31,3615,154,13561,536,42971,185,56532,California
Madera,2021-05-07,806,96219,279,45842,506,46741,21,3636,194,13168,607,43578,214,56746,California
Madera,2021-05-08,968,97187,756,46598,202,46943,10,3646,186,12583,781,44359,196,56942,California
Madera,2021-05-09,145,97332,19,46617,115,47058,11,3657,34,12518,110,44469,45,56987,California
Madera,2021-05-10,343,97675,73,46690,258,47316,12,3669,99,12386,243,44712,111,57098,California
Madera,2021-05-11,516,98191,174,46864,334,47650,8,3677,165,12210,349,45061,173,57271,California
Madera,2021-05-12,474,98665,222,47086,216,47866,36,3713,119,12012,353,45414,155,57426,California
Madera,2021-05-13,475,99140,286,47372,157,48023,32,3745,154,11879,319,45733,186,57612,California
Madera,2021-05-14,503,99643,261,47633,229,48252,13,3758,223,11838,277,46010,236,57848,California
Madera,2021-05-15,560,100203,475,48108,77,48329,8,3766,363,12014,195,46205,371,58219,California
Madera,2021-05-16,253,100456,186,48294,37,48366,30,3796,103,11997,150,46355,133,58352,California
Madera,2021-05-17,432,100888,186,48480,217,48583,29,3825,206,12009,223,46578,235,58587,California
Madera,2021-05-18,537,101425,363,48843,158,48741,16,3841,286,12064,247,46825,302,58889,California
Madera,2021-05-19,481,101906,222,49065,237,48978,22,3863,215,12036,265,47090,237,59126,California
Madera,2021-05-20,525,102431,238,49303,251,49229,36,3899,199,11951,320,47410,235,59361,California
Madera,2021-05-21,324,102755,111,49414,191,49420,22,3921,111,11876,208,47618,133,59494,California
Marin,2020-12-15,2,2,2,2,0,0,0,0,2,2,0,0,2,2,California
Marin,2020-12-16,109,111,109,111,0,0,0,0,109,111,0,0,109,111,California
Marin,2020-12-17,261,372,261,372,0,0,0,0,261,372,0,0,261,372,California
Marin,2020-12-18,374,746,374,746,0,0,0,0,374,746,0,0,374,746,California
Marin,2020-12-19,346,1092,345,1091,1,1,0,0,346,1092,0,0,346,1092,California
Marin,2020-12-20,166,1258,165,1256,1,2,0,0,166,1258,0,0,166,1258,California
Marin,2020-12-21,238,1496,235,1491,3,5,0,0,238,1496,0,0,238,1496,California
Marin,2020-12-22,522,2018,318,1809,204,209,0,0,522,2018,0,0,522,2018,California
Marin,2020-12-23,733,2751,321,2130,412,621,0,0,733,2751,0,0,733,2751,California
Marin,2020-12-24,357,3108,159,2289,198,819,0,0,357,3108,0,0,357,3108,California
Marin,2020-12-25,27,3135,0,2289,27,846,0,0,27,3135,0,0,27,3135,California
Marin,2020-12-26,143,3278,93,2382,50,896,0,0,143,3278,0,0,143,3278,California
Marin,2020-12-27,92,3370,55,2437,37,933,0,0,92,3370,0,0,92,3370,California
Marin,2020-12-28,408,3778,99,2536,309,1242,0,0,408,3778,0,0,408,3778,California
Marin,2020-12-29,403,4181,88,2624,315,1557,0,0,403,4181,0,0,403,4181,California
Marin,2020-12-30,625,4806,388,3012,237,1794,0,0,625,4806,0,0,625,4806,California
Marin,2020-12-31,198,5004,34,3046,164,1958,0,0,198,5004,0,0,198,5004,California
Marin,2021-01-01,19,5023,9,3055,10,1968,0,0,19,5023,0,0,19,5023,California
Marin,2021-01-02,113,5136,107,3162,6,1974,0,0,113,5136,0,0,113,5136,California
Marin,2021-01-03,49,5185,31,3193,18,1992,0,0,46,5182,0,0,46,5182,California
Marin,2021-01-04,295,5480,192,3385,103,2095,0,0,294,5475,1,1,294,5476,California
Marin,2021-01-05,369,5849,222,3607,147,2242,0,0,326,5758,43,44,326,5802,California
Marin,2021-01-06,818,6667,318,3925,500,2742,0,0,638,6216,180,224,638,6440,California
Marin,2021-01-07,886,7553,500,4425,386,3128,0,0,542,6414,344,568,542,6982,California
Marin,2021-01-08,970,8523,515,4940,455,3583,0,0,593,6631,376,944,593,7575,California
Marin,2021-01-09,620,9143,223,5163,397,3980,0,0,488,6987,132,1076,488,8063,California
Marin,2021-01-10,128,9271,99,5262,29,4009,0,0,55,6969,73,1149,55,8118,California
Marin,2021-01-11,469,9740,327,5589,142,4151,0,0,248,6998,221,1370,250,8368,California
Marin,2021-01-12,938,10678,543,6132,395,4546,0,0,570,7203,365,1735,570,8938,California
Marin,2021-01-13,1177,11855,497,6629,680,5226,0,0,939,7904,238,1973,939,9877,California
Marin,2021-01-14,1069,12924,318,6947,751,5977,0,0,919,8675,148,2121,919,10796,California
Marin,2021-01-15,1156,14080,353,7300,803,6780,0,0,1026,9573,129,2250,1027,11823,California
Marin,2021-01-16,1123,15203,914,8214,209,6989,0,0,1049,10548,74,2324,1049,12872,California
Marin,2021-01-17,1231,16434,1113,9327,118,7107,0,0,1202,11725,28,2352,1205,14077,California
Marin,2021-01-18,360,16794,158,9485,202,7309,0,0,309,11983,51,2403,309,14386,California
Marin,2021-01-19,1156,17950,913,10398,243,7552,0,0,983,12794,172,2575,983,15369,California
Marin,2021-01-20,1794,19744,1210,11608,584,8136,0,0,1064,13139,719,3294,1064,16433,California
Marin,2021-01-21,1683,21427,1061,12669,622,8758,0,0,1329,14119,351,3645,1331,17764,California
Marin,2021-01-22,1703,23130,1091,13760,612,9370,0,0,1532,15481,171,3816,1533,19297,California
Marin,2021-01-23,1847,24977,1344,15104,503,9873,0,0,1758,17151,88,3904,1758,21055,California
Marin,2021-01-24,614,25591,165,15269,449,10322,0,0,582,17701,32,3936,582,21637,California
Marin,2021-01-25,1132,26723,231,15500,901,11223,0,0,694,17958,438,4374,695,22332,California
Marin,2021-01-26,1507,28230,783,16283,724,11947,0,0,1132,18716,374,4748,1132,23464,California
Marin,2021-01-27,1713,29943,886,17169,827,12774,0,0,1353,19712,358,5106,1354,24818,California
Marin,2021-01-28,2083,32026,1070,18239,1013,13787,0,0,1819,21269,263,5369,1820,26638,California
Marin,2021-01-29,2191,34217,1444,19683,747,14534,0,0,1987,23065,192,5561,1988,28626,California
Marin,2021-01-30,1721,35938,906,20589,815,15349,0,0,1642,24629,79,5640,1643,30269,California
Marin,2021-01-31,458,36396,321,20910,137,15486,0,0,432,25035,26,5666,432,30701,California
Marin,2021-02-01,1092,37488,418,21328,674,16160,0,0,894,25733,197,5863,895,31596,California
Marin,2021-02-02,1377,38865,487,21815,890,17050,0,0,723,25813,643,6506,723,32319,California
Marin,2021-02-03,1774,40639,421,22236,1353,18403,0,0,1272,26584,501,7007,1272,33591,California
Marin,2021-02-04,1524,42163,498,22734,1026,19429,0,0,922,26907,599,7606,922,34513,California
Marin,2021-02-05,2172,44335,679,23413,1493,20922,0,0,1336,27411,832,8438,1336,35849,California
Marin,2021-02-06,1428,45763,850,24263,578,21500,0,0,607,27198,820,9258,607,36456,California
Marin,2021-02-07,1290,47053,1009,25272,281,21781,0,0,489,26887,800,10058,489,36945,California
Marin,2021-02-08,1521,48574,751,26023,770,22551,0,0,723,26814,796,10854,723,37668,California
Marin,2021-02-09,1778,50352,1121,27144,657,23208,0,0,832,26700,946,11800,832,38500,California
Marin,2021-02-10,2337,52689,1489,28633,848,24056,0,0,1214,26794,1121,12921,1215,39715,California
Marin,2021-02-11,2865,55554,1639,30272,1226,25282,0,0,1448,26833,1412,14333,1451,41166,California
Marin,2021-02-12,3064,58618,1540,31812,1524,26806,0,0,1559,26891,1502,15835,1560,42726,California
Marin,2021-02-13,2342,60960,1244,33056,1098,27904,0,0,1132,26815,1208,17043,1132,43858,California
Marin,2021-02-14,813,61773,302,33358,511,28415,0,0,720,27443,93,17136,721,44579,California
Marin,2021-02-15,1214,62987,355,33713,859,29274,0,0,834,27899,379,17515,835,45414,California
Marin,2021-02-16,2469,65456,1058,34771,1411,30685,0,0,1506,28443,962,18477,1506,46920,California
Marin,2021-02-17,2106,67562,946,35717,1160,31845,0,0,1090,28520,1014,19491,1091,48011,California
Marin,2021-02-18,2417,69979,1583,37300,834,32679,0,0,1058,28220,1358,20849,1058,49069,California
Marin,2021-02-19,2762,72741,2157,39457,605,33284,0,0,1221,27914,1528,22377,1222,50291,California
Marin,2021-02-20,2565,75306,2111,41568,454,33738,0,0,1216,27790,1341,23718,1217,51508,California
Marin,2021-02-21,1308,76614,1114,42682,194,33932,0,0,930,28346,374,24092,930,52438,California
Marin,2021-02-22,1833,78447,1411,44093,422,34354,0,0,1220,28955,611,24703,1220,53658,California
Marin,2021-02-23,2858,81305,1638,45731,1220,35574,0,0,1924,29957,923,25626,1925,55583,California
Marin,2021-02-24,3514,84819,1615,47346,1899,37473,0,0,2253,30957,1254,26880,2254,57837,California
Marin,2021-02-25,3938,88757,1814,49160,2124,39597,0,0,2779,32585,1152,28032,2780,60617,California
Marin,2021-02-26,3493,92250,1891,51051,1602,41199,0,0,2538,34181,943,28975,2539,63156,California
Marin,2021-02-27,2627,94877,1510,52561,1117,42316,0,0,1788,35135,836,29811,1790,64946,California
Marin,2021-02-28,1377,96254,916,53477,461,42777,0,0,1042,35845,332,30143,1042,65988,California
Marin,2021-03-01,2506,98760,1557,55034,949,43726,0,0,1684,36714,815,30958,1684,67672,California
Marin,2021-03-02,2523,101283,1681,56715,841,44567,1,1,1752,37700,767,31725,1753,69425,California
Marin,2021-03-03,4336,105619,2410,59125,1922,46489,4,5,2808,38990,1522,33247,2812,72237,California
Marin,2021-03-04,3386,109005,1664,60789,1721,48210,1,6,2367,40349,1012,34259,2371,74608,California
Marin,2021-03-05,3073,112078,1176,61965,1885,50095,12,18,1802,40896,1267,35526,1814,76422,California
Marin,2021-03-06,3241,115319,2326,64291,837,50932,78,96,2666,43069,570,36096,2743,79165,California
Marin,2021-03-07,1388,116707,1169,65460,195,51127,24,120,998,43706,385,36481,1022,80187,California
Marin,2021-03-08,1895,118602,1390,66850,388,51515,117,237,1425,44781,467,36948,1542,81729,California
Marin,2021-03-09,2225,120827,1343,68193,774,52289,108,345,1549,45763,674,37622,1656,83385,California
Marin,2021-03-10,4448,125275,2504,70697,1661,53950,283,628,3212,48029,1231,38853,3497,86882,California
Marin,2021-03-11,4570,129845,1880,72577,2554,56504,136,764,3274,50150,1289,40142,3410,90292,California
Marin,2021-03-12,3984,133829,1546,74123,2082,58586,356,1120,1572,49677,2401,42543,1928,92220,California
Marin,2021-03-13,4095,137924,2856,76979,1167,59753,72,1192,2418,50487,1675,44218,2485,94705,California
Marin,2021-03-14,2281,140205,1104,78083,1060,60813,117,1309,710,49744,1569,45787,826,95531,California
Marin,2021-03-15,3244,143449,1777,79860,1418,62231,49,1358,1229,49017,2004,47791,1277,96808,California
Marin,2021-03-16,4306,147755,2320,82180,1622,63853,364,1722,1501,48078,2802,50593,1863,98671,California
Marin,2021-03-17,4193,151948,2278,84458,1868,65721,47,1769,2060,48063,2121,52714,2106,100777,California
Marin,2021-03-18,4495,156443,2270,86728,2150,67871,75,1844,2250,48156,2229,54943,2322,103099,California
Marin,2021-03-19,4479,160922,2296,89024,1964,69835,219,2063,2432,48768,2037,56980,2649,105748,California
Marin,2021-03-20,3593,164515,1994,91018,1485,71320,114,2177,2032,49363,1552,58532,2147,107895,California
Marin,2021-03-21,1546,166061,1141,92159,381,71701,24,2201,805,49453,739,59271,829,108724,California
Marin,2021-03-22,2484,168545,2146,94305,171,71872,167,2368,996,49132,1484,60755,1163,109887,California
Marin,2021-03-23,4248,172793,2204,96509,1914,73786,130,2498,1876,48772,2366,63121,2006,111893,California
Marin,2021-03-24,4447,177240,2906,99415,1436,75222,105,2603,1817,48075,2617,65738,1920,113813,California
Marin,2021-03-25,4647,181887,2842,102257,1737,76959,68,2671,2257,48022,2376,68114,2323,116136,California
Marin,2021-03-26,4306,186193,2343,104600,1749,78708,214,2885,2411,48768,1879,69993,2625,118761,California
Marin,2021-03-27,3720,189913,2673,107273,1028,79736,19,2904,1141,47358,2569,72562,1159,119920,California
Marin,2021-03-28,2386,192299,1726,108999,654,80390,6,2910,1088,47161,1291,73853,1094,121014,California
Marin,2021-03-29,2694,194993,2099,111098,570,80960,25,2935,1165,46825,1527,75380,1191,122205,California
Marin,2021-03-30,4670,199663,3656,114754,980,81940,34,2969,2953,48098,1714,77094,2987,125192,California
Marin,2021-03-31,5825,205488,4128,118882,1648,83588,49,3018,2546,47425,3268,80362,2595,127787,California
Marin,2021-04-01,4442,209930,2283,121165,1903,85491,256,3274,2112,47474,2318,82680,2367,130154,California
Marin,2021-04-02,3737,213667,1858,123023,1508,86999,371,3645,1998,48106,1731,84411,2363,132517,California
Marin,2021-04-03,3889,217556,2546,125569,970,87969,373,4018,1485,47575,2391,86802,1860,134377,California
Marin,2021-04-04,1651,219207,1241,126810,207,88176,203,4221,1202,48533,447,87249,1405,135782,California
Marin,2021-04-05,2205,221412,1528,128338,303,88479,374,4595,1262,49229,938,88187,1634,137416,California
Marin,2021-04-06,3958,225370,2114,130452,1293,89772,551,5146,2197,50219,1756,89943,2746,140162,California
Marin,2021-04-07,3944,229314,1997,132449,1307,91079,640,5786,1444,49813,2492,92435,2086,142248,California
Marin,2021-04-08,4997,234311,1958,134407,2432,93511,607,6393,2279,49980,2709,95144,2876,145124,California
Marin,2021-04-09,3956,238267,1543,135950,1688,95199,725,7118,1297,49345,2654,97798,2019,147143,California
Marin,2021-04-10,3188,241455,1461,137411,1296,96495,431,7549,1428,49455,1747,99545,1857,149000,California
Marin,2021-04-11,1057,242512,803,138214,92,96587,162,7711,470,49501,585,100130,631,149631,California
Marin,2021-04-12,1734,244246,1234,139448,340,96927,160,7871,914,49760,816,100946,1075,150706,California
Marin,2021-04-13,3712,247958,2273,141721,1432,98359,7,7878,1347,48759,2355,103301,1354,152060,California
Marin,2021-04-14,4155,252113,2478,144199,1674,100033,3,7881,1706,48027,2439,105740,1707,153767,California
Marin,2021-04-15,5567,257680,3944,148143,1623,101656,0,7881,3190,48853,2365,108105,3191,156958,California
Marin,2021-04-16,4249,261929,2235,150378,2011,103667,3,7884,2066,48753,2170,110275,2070,159028,California
Marin,2021-04-17,3528,265457,2154,152532,1374,105041,0,7884,1760,48750,1763,112038,1760,160788,California
Marin,2021-04-18,3170,268627,3068,155600,102,105143,0,7884,2535,50653,632,112670,2535,163323,California
Marin,2021-04-19,2042,270669,1870,157470,172,105315,0,7884,1160,50937,878,113548,1162,164485,California
Marin,2021-04-20,3688,274357,2549,160019,1139,106454,0,7884,1467,50190,2215,115763,1468,165953,California
Marin,2021-04-21,4005,278362,2942,162961,1060,107514,3,7887,1355,48911,2635,118398,1356,167309,California
Marin,2021-04-22,4212,282574,3212,166173,1000,108514,0,7887,1484,47677,2721,121119,1487,168796,California
Marin,2021-04-23,3222,285796,1818,167991,1404,109918,0,7887,1226,46915,1989,123108,1227,170023,California
Marin,2021-04-24,2518,288314,1683,169674,834,110752,1,7888,918,46240,1594,124702,919,170942,California
Marin,2021-04-25,1382,289696,1265,170939,117,110869,0,7888,306,45476,1070,125772,306,171248,California
Marin,2021-04-26,1549,291245,1352,172291,194,111063,3,7891,352,44639,1193,126965,356,171604,California
Marin,2021-04-27,2976,294221,2175,174466,763,111826,38,7929,970,43646,1997,128962,1004,172608,California
Marin,2021-04-28,2299,296520,1585,176051,664,112490,50,7979,722,42842,1574,130536,770,173378,California
Marin,2021-04-29,2873,299393,1969,178020,842,113332,62,8041,786,41610,2080,132616,848,174226,California
Marin,2021-04-30,1952,301345,1277,179297,587,113919,88,8129,700,41152,1246,133862,788,175014,California
Marin,2021-05-01,1814,303159,1006,180303,785,114704,23,8152,526,40419,1281,135143,548,175562,California
Marin,2021-05-02,723,303882,586,180889,108,114812,29,8181,200,40128,519,135662,228,175790,California
Marin,2021-05-03,1210,305092,988,181877,167,114979,55,8236,260,39495,947,136609,314,176104,California
Marin,2021-05-04,2916,308008,1961,183838,865,115844,90,8326,470,37616,2439,139048,560,176664,California
Marin,2021-05-05,2718,310726,1995,185833,601,116445,122,8448,442,35910,2270,141318,564,177228,California
Marin,2021-05-06,3256,313982,2530,188363,637,117082,89,8537,425,33599,2823,144141,512,177740,California
Marin,2021-05-07,2030,316012,1543,189906,401,117483,86,8623,379,32418,1644,145785,463,178203,California
Marin,2021-05-08,2465,318477,1859,191765,484,117967,122,8745,338,30759,2119,147904,460,178663,California
Marin,2021-05-09,983,319460,898,192663,65,118032,20,8765,118,30037,861,148765,139,178802,California
Marin,2021-05-10,1401,320861,1148,193811,183,118215,70,8835,199,29107,1198,149963,268,179070,California
Marin,2021-05-11,2283,323144,1833,195644,397,118612,53,8888,295,27468,1986,151949,347,179417,California
Marin,2021-05-12,1388,324532,1029,196673,292,118904,67,8955,273,26696,1111,153060,339,179756,California
Marin,2021-05-13,2496,327028,2164,198837,277,119181,55,9010,1345,26950,1145,154205,1399,181155,California
Marin,2021-05-14,2201,329229,1452,200289,649,119830,100,9110,883,26621,1312,155517,983,182138,California
Marin,2021-05-15,2709,331938,2244,202533,385,120215,80,9190,1640,27273,1068,156585,1720,183858,California
Marin,2021-05-16,1642,333580,1587,204120,50,120265,5,9195,1327,28291,313,156898,1331,185189,California
Marin,2021-05-17,2128,335708,1980,206100,105,120370,43,9238,1716,29645,405,157303,1759,186948,California
Marin,2021-05-18,1515,337223,1182,207282,279,120649,54,9292,800,29788,710,158013,853,187801,California
Marin,2021-05-19,1503,338726,1215,208497,227,120876,61,9353,775,29901,722,158735,835,188636,California
Marin,2021-05-20,1552,340278,1307,209804,189,121065,56,9409,608,29628,937,159672,664,189300,California
Marin,2021-05-21,1157,341435,689,210493,439,121504,29,9438,306,29116,847,160519,335,189635,California
Mariposa,2020-12-17,37,37,37,37,0,0,0,0,39,39,0,0,39,39,California
Mariposa,2020-12-18,55,92,55,92,0,0,0,0,56,95,0,0,56,95,California
Mariposa,2020-12-20,2,94,2,94,0,0,0,0,2,97,0,0,2,97,California
Mariposa,2020-12-21,49,143,49,143,0,0,0,0,53,150,0,0,53,150,California
Mariposa,2020-12-22,5,148,5,148,0,0,0,0,5,155,0,0,5,155,California
Mariposa,2020-12-23,16,164,16,164,0,0,0,0,16,171,0,0,16,171,California
Mariposa,2020-12-24,1,165,0,164,1,1,0,0,0,171,0,0,0,171,California
Mariposa,2020-12-26,1,166,1,165,0,1,0,0,1,172,0,0,1,172,California
Mariposa,2020-12-27,1,167,0,165,1,2,0,0,1,173,0,0,1,173,California
Mariposa,2020-12-28,6,173,3,168,3,5,0,0,6,179,0,0,6,179,California
Mariposa,2020-12-29,33,206,3,171,30,35,0,0,33,212,0,0,33,212,California
Mariposa,2020-12-30,25,231,4,175,21,56,0,0,25,237,0,0,25,237,California
Mariposa,2020-12-31,16,247,0,175,16,72,0,0,16,253,0,0,16,253,California
Mariposa,2021-01-02,1,248,1,176,0,72,0,0,1,254,0,0,1,254,California
Mariposa,2021-01-04,8,256,1,177,7,79,0,0,8,262,0,0,8,262,California
Mariposa,2021-01-05,24,280,14,191,10,89,0,0,14,266,10,10,14,276,California
Mariposa,2021-01-06,6,286,3,194,3,92,0,0,3,266,3,13,3,279,California
Mariposa,2021-01-07,51,337,46,240,5,97,0,0,5,225,46,59,5,284,California
Mariposa,2021-01-08,108,445,79,319,29,126,0,0,33,183,75,134,33,317,California
Mariposa,2021-01-09,1,446,0,319,1,127,0,0,1,184,0,134,1,318,California
Mariposa,2021-01-11,31,477,10,329,21,148,0,0,23,199,8,142,23,341,California
Mariposa,2021-01-12,19,496,4,333,15,163,0,0,15,210,4,146,15,356,California
Mariposa,2021-01-13,21,517,4,337,17,180,0,0,18,225,3,149,18,374,California
Mariposa,2021-01-14,73,590,7,344,66,246,0,0,67,286,6,155,67,441,California
Mariposa,2021-01-15,68,658,27,371,41,287,0,0,58,334,10,165,58,499,California
Mariposa,2021-01-16,14,672,2,373,12,299,0,0,13,346,1,166,13,512,California
Mariposa,2021-01-17,2,674,0,373,2,301,0,0,2,348,0,166,2,514,California
Mariposa,2021-01-18,3,677,3,376,0,301,0,0,1,347,2,168,1,515,California
Mariposa,2021-01-19,8,685,4,380,4,305,0,0,5,350,2,170,5,520,California
Mariposa,2021-01-20,23,708,1,381,22,327,0,0,22,371,1,171,22,542,California
Mariposa,2021-01-21,65,773,7,388,58,385,0,0,61,428,4,175,61,603,California
Mariposa,2021-01-22,56,829,2,390,54,439,0,0,56,484,0,175,56,659,California
Mariposa,2021-01-23,116,945,2,392,114,553,0,0,115,598,1,176,115,774,California
Mariposa,2021-01-24,2,947,2,394,0,553,0,0,2,600,0,176,2,776,California
Mariposa,2021-01-25,4,951,1,395,3,556,0,0,0,596,4,180,0,776,California
Mariposa,2021-01-26,36,987,4,399,32,588,0,0,4,572,32,212,8,784,California
Mariposa,2021-01-27,23,1010,1,400,22,610,0,0,13,575,10,222,13,797,California
Mariposa,2021-01-28,126,1136,3,403,123,733,0,0,113,676,12,234,113,910,California
Mariposa,2021-01-29,84,1220,22,425,62,795,0,0,83,758,1,235,83,993,California
Mariposa,2021-01-30,9,1229,1,426,8,803,0,0,8,765,1,236,8,1001,California
Mariposa,2021-01-31,1,1230,0,426,1,804,0,0,1,766,0,236,1,1002,California
Mariposa,2021-02-01,87,1317,30,456,57,861,0,0,66,811,21,257,66,1068,California
Mariposa,2021-02-02,15,1332,3,459,12,873,0,0,9,814,6,263,9,1077,California
Mariposa,2021-02-03,20,1352,1,460,19,892,0,0,14,822,6,269,14,1091,California
Mariposa,2021-02-04,98,1450,8,468,90,982,0,0,93,912,4,273,94,1185,California
Mariposa,2021-02-05,191,1641,5,473,186,1168,0,0,165,1051,26,299,165,1350,California
Mariposa,2021-02-06,11,1652,4,477,7,1175,0,0,10,1060,1,300,10,1360,California
Mariposa,2021-02-07,1,1653,0,477,1,1176,0,0,1,1061,0,300,1,1361,California
Mariposa,2021-02-08,40,1693,2,479,38,1214,0,0,21,1063,19,319,21,1382,California
Mariposa,2021-02-09,42,1735,24,503,18,1232,0,0,36,1093,6,325,36,1418,California
Mariposa,2021-02-10,28,1763,5,508,23,1255,0,0,17,1106,10,335,23,1441,California
Mariposa,2021-02-11,374,2137,5,513,369,1624,0,0,360,1455,14,349,363,1804,California
Mariposa,2021-02-12,185,2322,8,521,177,1801,0,0,141,1552,44,393,141,1945,California
Mariposa,2021-02-13,11,2333,3,524,8,1809,0,0,9,1559,2,395,9,1954,California
Mariposa,2021-02-14,8,2341,4,528,4,1813,0,0,5,1561,3,398,5,1959,California
Mariposa,2021-02-15,9,2350,3,531,6,1819,0,0,7,1566,2,400,7,1966,California
Mariposa,2021-02-16,57,2407,34,565,23,1842,0,0,34,1577,23,423,34,2000,California
Mariposa,2021-02-17,36,2443,8,573,28,1870,0,0,27,1597,8,431,28,2028,California
Mariposa,2021-02-18,57,2500,7,580,50,1920,0,0,20,1580,37,468,20,2048,California
Mariposa,2021-02-19,82,2582,3,583,79,1999,0,0,76,1650,6,474,76,2124,California
Mariposa,2021-02-20,253,2835,4,587,249,2248,0,0,223,1844,29,503,223,2347,California
Mariposa,2021-02-21,236,3071,3,590,233,2481,0,0,235,2078,1,504,235,2582,California
Mariposa,2021-02-22,23,3094,7,597,16,2497,0,0,21,2097,2,506,21,2603,California
Mariposa,2021-02-23,43,3137,37,634,6,2503,0,0,26,2106,17,523,26,2629,California
Mariposa,2021-02-24,20,3157,3,637,17,2520,0,0,8,2103,11,534,8,2637,California
Mariposa,2021-02-25,17,3174,8,645,9,2529,0,0,11,2108,6,540,11,2648,California
Mariposa,2021-02-26,424,3598,7,652,417,2946,0,0,363,2411,61,601,364,3012,California
Mariposa,2021-02-27,169,3767,5,657,164,3110,0,0,158,2558,11,612,158,3170,California
Mariposa,2021-02-28,2,3769,1,658,1,3111,0,0,0,2556,2,614,0,3170,California
Mariposa,2021-03-01,81,3850,26,684,55,3166,0,0,16,2508,64,678,16,3186,California
Mariposa,2021-03-02,20,3870,13,697,7,3173,0,0,11,2511,8,686,11,3197,California
Mariposa,2021-03-03,71,3941,5,702,66,3239,0,0,65,2571,6,692,66,3263,California
Mariposa,2021-03-04,38,3979,9,711,29,3268,0,0,20,2574,18,710,21,3284,California
Mariposa,2021-03-05,56,4035,9,720,47,3315,0,0,39,2601,17,727,44,3328,California
Mariposa,2021-03-06,15,4050,6,726,9,3324,0,0,7,2600,8,735,7,3335,California
Mariposa,2021-03-07,1,4051,1,727,0,3324,0,0,0,2599,1,736,0,3335,California
Mariposa,2021-03-08,38,4089,4,731,23,3347,11,11,9,2590,29,765,20,3355,California
Mariposa,2021-03-09,45,4134,18,749,17,3364,10,21,14,2583,31,796,24,3379,California
Mariposa,2021-03-10,31,4165,9,758,12,3376,10,31,10,2582,21,817,20,3399,California
Mariposa,2021-03-11,467,4632,6,764,442,3818,19,50,226,2590,240,1057,248,3647,California
Mariposa,2021-03-12,255,4887,8,772,220,4038,27,77,115,2591,140,1197,141,3788,California
Mariposa,2021-03-13,32,4919,6,778,11,4049,15,92,11,2595,21,1218,25,3813,California
Mariposa,2021-03-14,17,4936,2,780,4,4053,11,103,3,2595,14,1232,14,3827,California
Mariposa,2021-03-15,76,5012,7,787,31,4084,38,141,31,2619,45,1277,69,3896,California
Mariposa,2021-03-16,82,5094,33,820,14,4098,35,176,23,2618,59,1336,58,3954,California
Mariposa,2021-03-17,71,5165,10,830,53,4151,8,184,51,2658,19,1355,59,4013,California
Mariposa,2021-03-18,65,5230,14,844,41,4192,10,194,40,2683,25,1380,50,4063,California
Mariposa,2021-03-19,338,5568,11,855,322,4514,5,199,303,2956,35,1415,308,4371,California
Mariposa,2021-03-20,426,5994,5,860,419,4933,2,201,46,2625,380,1795,49,4420,California
Mariposa,2021-03-21,15,6009,9,869,5,4938,1,202,10,2632,4,1799,11,4431,California
Mariposa,2021-03-22,38,6047,7,876,23,4961,8,210,26,2655,12,1811,35,4466,California
Mariposa,2021-03-23,53,6100,33,909,10,4971,10,220,32,2676,21,1832,42,4508,California
Mariposa,2021-03-24,55,6155,5,914,48,5019,2,222,50,2723,5,1837,52,4560,California
Mariposa,2021-03-25,76,6231,15,929,53,5072,8,230,54,2765,20,1857,62,4622,California
Mariposa,2021-03-26,488,6719,9,938,478,5550,1,231,252,2782,236,2093,253,4875,California
Mariposa,2021-03-27,224,6943,8,946,216,5766,0,231,90,2740,134,2227,92,4967,California
Mariposa,2021-03-28,5,6948,0,946,2,5768,3,234,1,2740,4,2231,4,4971,California
Mariposa,2021-03-29,19,6967,6,952,13,5781,0,234,12,2745,7,2238,12,4983,California
Mariposa,2021-03-30,36,7003,13,965,7,5788,16,250,13,2751,23,2261,29,5012,California
Mariposa,2021-03-31,88,7091,15,980,66,5854,7,257,68,2806,20,2281,75,5087,California
Mariposa,2021-04-01,54,7145,10,990,36,5890,8,265,34,2828,20,2301,42,5129,California
Mariposa,2021-04-02,347,7492,11,1001,334,6224,2,267,306,3096,40,2341,308,5437,California
Mariposa,2021-04-03,10,7502,7,1008,3,6227,0,267,5,3096,5,2346,5,5442,California
Mariposa,2021-04-04,2,7504,1,1009,0,6227,1,268,0,3095,2,2348,1,5443,California
Mariposa,2021-04-05,33,7537,22,1031,7,6234,4,272,16,3098,17,2365,20,5463,California
Mariposa,2021-04-06,43,7580,20,1051,7,6241,16,288,13,3098,29,2394,29,5492,California
Mariposa,2021-04-07,98,7678,6,1057,73,6314,19,307,28,3075,70,2464,47,5539,California
Mariposa,2021-04-08,278,7956,13,1070,246,6560,19,326,142,3103,134,2598,162,5701,California
Mariposa,2021-04-09,38,7994,9,1079,14,6574,15,341,11,3102,27,2625,26,5727,California
Mariposa,2021-04-10,201,8195,3,1082,188,6762,10,351,186,3284,13,2638,195,5922,California
Mariposa,2021-04-11,124,8319,4,1086,118,6880,2,353,57,3277,67,2705,60,5982,California
Mariposa,2021-04-12,42,8361,13,1099,27,6907,2,355,13,3263,29,2734,15,5997,California
Mariposa,2021-04-13,52,8413,45,1144,7,6914,0,355,34,3279,18,2752,34,6031,California
Mariposa,2021-04-14,111,8524,7,1151,104,7018,0,355,57,3283,53,2805,57,6088,California
Mariposa,2021-04-15,57,8581,15,1166,42,7060,0,355,43,3315,11,2816,43,6131,California
Mariposa,2021-04-16,382,8963,11,1177,371,7431,0,355,106,3145,276,3092,106,6237,California
Mariposa,2021-04-17,9,8972,5,1182,4,7435,0,355,6,3148,3,3095,6,6243,California
Mariposa,2021-04-18,7,8979,0,1182,7,7442,0,355,3,3147,4,3099,3,6246,California
Mariposa,2021-04-19,57,9036,25,1207,32,7474,0,355,29,3150,26,3125,29,6275,California
Mariposa,2021-04-20,62,9098,49,1256,13,7487,0,355,39,3168,21,3146,39,6314,California
Mariposa,2021-04-21,90,9188,13,1269,77,7564,0,355,42,3163,47,3193,42,6356,California
Mariposa,2021-04-22,47,9235,8,1277,39,7603,0,355,37,3191,9,3202,37,6393,California
Mariposa,2021-04-23,314,9549,69,1346,245,7848,0,355,143,3165,171,3373,145,6538,California
Mariposa,2021-04-24,105,9654,10,1356,95,7943,0,355,42,3145,62,3435,42,6580,California
Mariposa,2021-04-26,14,9668,10,1366,4,7947,0,355,4,3139,10,3445,4,6584,California
Mariposa,2021-04-27,31,9699,16,1382,14,7961,1,356,15,3142,13,3458,16,6600,California
Mariposa,2021-04-28,74,9773,13,1395,54,8015,7,363,29,3133,45,3503,36,6636,California
Mariposa,2021-04-29,84,9857,12,1407,71,8086,1,364,79,3208,5,3508,80,6716,California
Mariposa,2021-04-30,209,10066,5,1412,199,8285,5,369,63,3130,146,3654,68,6784,California
Mariposa,2021-05-01,2,10068,2,1414,0,8285,0,369,0,3128,2,3656,0,6784,California
Mariposa,2021-05-02,3,10071,2,1416,0,8285,1,370,0,3126,3,3659,1,6785,California
Mariposa,2021-05-03,16,10087,12,1428,3,8288,1,371,7,3126,8,3667,8,6793,California
Mariposa,2021-05-04,50,10137,31,1459,15,8303,4,375,36,3152,14,3681,40,6833,California
Mariposa,2021-05-05,56,10193,8,1467,46,8349,2,377,17,3132,39,3720,19,6852,California
Mariposa,2021-05-06,54,10247,35,1502,14,8363,5,382,38,3159,16,3736,43,6895,California
Mariposa,2021-05-07,27,10274,7,1509,17,8380,3,385,13,3161,14,3750,16,6911,California
Mariposa,2021-05-08,281,10555,4,1513,277,8657,0,385,34,2950,247,3997,36,6947,California
Mariposa,2021-05-09,2,10557,1,1514,1,8658,0,385,0,2948,2,3999,0,6947,California
Mariposa,2021-05-10,19,10576,8,1522,9,8667,2,387,4,2939,15,4014,6,6953,California
Mariposa,2021-05-11,28,10604,19,1541,9,8676,0,387,20,2952,7,4021,20,6973,California
Mariposa,2021-05-12,65,10669,4,1545,58,8734,3,390,6,2902,59,4080,9,6982,California
Mariposa,2021-05-13,48,10717,8,1553,38,8772,2,392,14,2884,34,4114,16,6998,California
Mariposa,2021-05-14,250,10967,122,1675,121,8893,7,399,118,2877,132,4246,125,7123,California
Mariposa,2021-05-15,17,10984,8,1683,8,8901,1,400,10,2881,7,4253,11,7134,California
Mariposa,2021-05-16,3,10987,1,1684,1,8902,1,401,1,2881,2,4255,2,7136,California
Mariposa,2021-05-17,15,11002,6,1690,6,8908,3,404,7,2883,8,4263,10,7146,California
Mariposa,2021-05-18,61,11063,41,1731,15,8923,5,409,45,2918,15,4278,50,7196,California
Mariposa,2021-05-19,68,11131,32,1763,35,8958,1,410,50,2952,17,4295,51,7247,California
Mariposa,2021-05-20,34,11165,19,1782,13,8971,2,412,13,2946,21,4316,15,7262,California
Mariposa,2021-05-21,77,11242,2,1784,74,9045,1,413,33,2937,43,4359,34,7296,California
Mendocino,2020-12-17,70,70,70,70,0,0,0,0,70,70,0,0,70,70,California
Mendocino,2020-12-18,85,155,84,154,1,1,0,0,84,154,0,0,84,154,California
Mendocino,2020-12-19,4,159,4,158,0,1,0,0,4,158,0,0,4,158,California
Mendocino,2020-12-20,7,166,7,165,0,1,0,0,7,165,0,0,7,165,California
Mendocino,2020-12-21,241,407,241,406,0,1,0,0,77,242,0,0,77,242,California
Mendocino,2020-12-22,252,659,191,597,61,62,0,0,252,494,0,0,252,494,California
Mendocino,2020-12-23,270,929,47,644,223,285,0,0,269,763,0,0,269,763,California
Mendocino,2020-12-24,49,978,8,652,41,326,0,0,49,812,0,0,49,812,California
Mendocino,2020-12-25,1,979,0,652,1,327,0,0,1,813,0,0,1,813,California
Mendocino,2020-12-26,2,981,2,654,0,327,0,0,2,815,0,0,2,815,California
Mendocino,2020-12-27,1,982,0,654,1,328,0,0,1,816,0,0,1,816,California
Mendocino,2020-12-28,74,1056,9,663,65,393,0,0,74,890,0,0,74,890,California
Mendocino,2020-12-29,122,1178,61,724,61,454,0,0,122,1012,0,0,122,1012,California
Mendocino,2020-12-30,121,1299,67,791,54,508,0,0,121,1133,0,0,121,1133,California
Mendocino,2020-12-31,132,1431,97,888,35,543,0,0,132,1265,0,0,132,1265,California
Mendocino,2021-01-01,8,1439,6,894,2,545,0,0,8,1273,0,0,8,1273,California
Mendocino,2021-01-04,838,2277,18,912,820,1365,0,0,838,2111,0,0,838,2111,California
Mendocino,2021-01-05,74,2351,36,948,38,1403,0,0,61,2159,13,13,61,2172,California
Mendocino,2021-01-06,155,2506,133,1081,22,1425,0,0,145,2294,10,23,145,2317,California
Mendocino,2021-01-07,361,2867,238,1319,123,1548,0,0,298,2529,63,86,298,2615,California
Mendocino,2021-01-08,95,2962,82,1401,13,1561,0,0,41,2517,54,140,42,2657,California
Mendocino,2021-01-09,10,2972,6,1407,4,1565,0,0,8,2523,2,142,8,2665,California
Mendocino,2021-01-10,9,2981,8,1415,1,1566,0,0,2,2518,7,149,2,2667,California
Mendocino,2021-01-11,101,3082,92,1507,9,1575,0,0,43,2504,57,206,43,2710,California
Mendocino,2021-01-12,387,3469,377,1884,10,1585,0,0,270,2657,117,323,270,2980,California
Mendocino,2021-01-13,491,3960,145,2029,346,1931,0,0,449,3067,40,363,450,3430,California
Mendocino,2021-01-14,652,4612,20,2049,632,2563,0,0,643,3701,9,372,643,4073,California
Mendocino,2021-01-15,1872,6484,861,2910,1011,3574,0,0,1867,5564,5,377,1868,5941,California
Mendocino,2021-01-16,792,7276,50,2960,742,4316,0,0,790,6352,2,379,790,6731,California
Mendocino,2021-01-17,553,7829,1,2961,552,4868,0,0,552,6903,1,380,552,7283,California
Mendocino,2021-01-18,487,8316,462,3423,25,4893,0,0,476,7368,11,391,476,7759,California
Mendocino,2021-01-19,334,8650,148,3571,186,5079,0,0,158,7350,176,567,158,7917,California
Mendocino,2021-01-20,555,9205,407,3978,148,5227,0,0,449,7696,104,671,450,8367,California
Mendocino,2021-01-21,538,9743,225,4203,313,5540,0,0,352,7863,185,856,352,8719,California
Mendocino,2021-01-22,149,9892,58,4261,91,5631,0,0,110,7934,39,895,110,8829,California
Mendocino,2021-01-23,156,10048,84,4345,72,5703,0,0,150,8078,6,901,150,8979,California
Mendocino,2021-01-24,5,10053,3,4348,2,5705,0,0,5,8083,0,901,5,8984,California
Mendocino,2021-01-25,192,10245,18,4366,174,5879,0,0,122,8135,70,971,122,9106,California
Mendocino,2021-01-26,153,10398,53,4419,100,5979,0,0,94,8170,59,1030,94,9200,California
Mendocino,2021-01-27,440,10838,371,4790,69,6048,0,0,175,8087,258,1288,175,9375,California
Mendocino,2021-01-28,592,11430,528,5318,64,6112,0,0,497,8490,94,1382,497,9872,California
Mendocino,2021-01-29,392,11822,351,5669,41,6153,0,0,363,8825,29,1411,364,10236,California
Mendocino,2021-01-30,50,11872,31,5700,19,6172,0,0,43,8861,7,1418,43,10279,California
Mendocino,2021-01-31,274,12146,2,5702,272,6444,0,0,4,8595,270,1688,4,10283,California
Mendocino,2021-02-01,381,12527,52,5754,329,6773,0,0,59,8332,322,2010,59,10342,California
Mendocino,2021-02-02,736,13263,515,6269,221,6994,0,0,376,8348,360,2370,376,10718,California
Mendocino,2021-02-03,392,13655,207,6476,185,7179,0,0,222,8402,168,2538,222,10940,California
Mendocino,2021-02-04,625,14280,530,7006,95,7274,0,0,500,8777,125,2663,500,11440,California
Mendocino,2021-02-05,1304,15584,1214,8220,90,7364,0,0,584,8643,718,3381,584,12024,California
Mendocino,2021-02-06,558,16142,157,8377,401,7765,0,0,543,9171,15,3396,543,12567,California
Mendocino,2021-02-07,32,16174,28,8405,4,7769,0,0,32,9203,0,3396,32,12599,California
Mendocino,2021-02-08,747,16921,716,9121,31,7800,0,0,284,9024,463,3859,284,12883,California
Mendocino,2021-02-09,141,17062,58,9179,83,7883,0,0,89,9061,52,3911,89,12972,California
Mendocino,2021-02-10,1490,18552,924,10103,566,8449,0,0,744,9066,739,4650,744,13716,California
Mendocino,2021-02-11,1210,19762,208,10311,1002,9451,0,0,299,8454,911,5561,299,14015,California
Mendocino,2021-02-12,1454,21216,163,10474,1291,10742,0,0,655,8311,798,6359,655,14670,California
Mendocino,2021-02-13,500,21716,15,10489,485,11227,0,0,106,8029,393,6752,111,14781,California
Mendocino,2021-02-14,694,22410,3,10492,691,11918,0,0,134,7603,560,7312,134,14915,California
Mendocino,2021-02-15,330,22740,42,10534,288,12206,0,0,175,7623,155,7467,175,15090,California
Mendocino,2021-02-16,201,22941,51,10585,150,12356,0,0,130,7682,71,7538,130,15220,California
Mendocino,2021-02-17,1354,24295,1191,11776,163,12519,0,0,877,8084,475,8013,877,16097,California
Mendocino,2021-02-18,1790,26085,645,12421,1145,13664,0,0,1224,8743,565,8578,1224,17321,California
Mendocino,2021-02-19,755,26840,147,12568,608,14272,0,0,616,9220,139,8717,616,17937,California
Mendocino,2021-02-20,575,27415,549,13117,26,14298,0,0,544,9735,29,8746,544,18481,California
Mendocino,2021-02-21,325,27740,6,13123,319,14617,0,0,313,10037,11,8757,313,18794,California
Mendocino,2021-02-22,161,27901,29,13152,132,14749,0,0,69,10016,90,8847,69,18863,California
Mendocino,2021-02-23,857,28758,843,13995,14,14763,0,0,645,10451,210,9057,645,19508,California
Mendocino,2021-02-24,1846,30604,1766,15761,80,14843,0,0,1435,11482,406,9463,1437,20945,California
Mendocino,2021-02-25,1709,32313,533,16294,1176,16019,0,0,1287,12348,421,9884,1287,22232,California
Mendocino,2021-02-26,1416,33729,748,17042,668,16687,0,0,1050,13035,363,10247,1050,23282,California
Mendocino,2021-02-27,200,33929,151,17193,49,16736,0,0,77,12990,122,10369,77,23359,California
Mendocino,2021-02-28,36,33965,14,17207,22,16758,0,0,24,13002,12,10381,24,23383,California
Mendocino,2021-03-01,588,34553,546,17753,42,16800,0,0,548,13513,37,10418,548,23931,California
Mendocino,2021-03-02,75,34628,27,17780,48,16848,0,0,41,13521,33,10451,41,23972,California
Mendocino,2021-03-03,2034,36662,1333,19113,701,17549,0,0,1384,14257,648,11099,1384,25356,California
Mendocino,2021-03-04,1849,38511,148,19261,1701,19250,0,0,1631,15674,215,11314,1632,26988,California
Mendocino,2021-03-05,475,38986,416,19677,50,19300,9,9,372,15956,99,11413,381,27369,California
Mendocino,2021-03-06,246,39232,23,19700,198,19498,25,34,203,16142,42,11455,228,27597,California
Mendocino,2021-03-07,506,39738,8,19708,478,19976,20,54,118,15892,387,11842,137,27734,California
Mendocino,2021-03-08,123,39861,28,19736,57,20033,38,92,63,15935,58,11900,101,27835,California
Mendocino,2021-03-09,941,40802,601,20337,299,20332,41,133,834,16703,107,12007,875,28710,California
Mendocino,2021-03-10,1147,41949,984,21321,98,20430,65,198,272,16172,871,12878,340,29050,California
Mendocino,2021-03-11,840,42789,626,21947,160,20590,54,252,398,16185,439,13317,452,29502,California
Mendocino,2021-03-12,2062,44851,1051,22998,899,21489,112,364,1233,16708,822,14139,1345,30847,California
Mendocino,2021-03-13,701,45552,570,23568,73,21562,58,422,107,16283,590,14729,165,31012,California
Mendocino,2021-03-14,106,45658,4,23572,95,21657,7,429,12,16212,90,14819,19,31031,California
Mendocino,2021-03-15,599,46257,50,23622,491,22148,58,487,210,16091,388,15207,267,31298,California
Mendocino,2021-03-16,582,46839,385,24007,151,22299,46,533,121,15799,459,15666,167,31465,California
Mendocino,2021-03-17,1582,48421,1378,25385,55,22354,149,682,217,14810,1361,17027,372,31837,California
Mendocino,2021-03-18,1313,49734,248,25633,1027,23381,38,720,284,14110,1021,18048,321,32158,California
Mendocino,2021-03-19,1781,51515,855,26488,865,24246,61,781,333,13062,1444,19492,396,32554,California
Mendocino,2021-03-20,69,51584,10,26498,38,24284,21,802,12,13038,57,19549,33,32587,California
Mendocino,2021-03-21,8,51592,1,26499,2,24286,5,807,3,13041,5,19554,8,32595,California
Mendocino,2021-03-22,657,52249,613,27112,15,24301,29,836,147,12710,506,20060,175,32770,California
Mendocino,2021-03-23,165,52414,33,27145,102,24403,30,866,115,12805,50,20110,145,32915,California
Mendocino,2021-03-24,914,53328,841,27986,26,24429,47,913,112,12164,800,20910,159,33074,California
Mendocino,2021-03-25,2017,55345,52,28038,1945,26374,20,933,176,10523,1835,22745,194,33268,California
Mendocino,2021-03-26,546,55891,395,28433,126,26500,25,958,114,10230,432,23177,139,33407,California
Mendocino,2021-03-27,142,56033,13,28446,117,26617,12,970,80,10260,61,23238,91,33498,California
Mendocino,2021-03-28,25,56058,5,28451,16,26633,4,974,3,10246,21,23259,7,33505,California
Mendocino,2021-03-29,188,56246,100,28551,45,26678,43,1017,95,10291,93,23352,138,33643,California
Mendocino,2021-03-30,717,56963,632,29183,48,26726,37,1054,106,9825,609,23961,143,33786,California
Mendocino,2021-03-31,915,57878,280,29463,574,27300,61,1115,153,9279,760,24721,214,34000,California
Mendocino,2021-04-01,1733,59611,414,29877,1238,28538,81,1196,375,8384,1350,26071,455,34455,California
Mendocino,2021-04-02,1303,60914,1072,30949,158,28696,73,1269,158,7473,1142,27213,231,34686,California
Mendocino,2021-04-03,707,61621,10,30959,676,29372,21,1290,85,6961,618,27831,106,34792,California
Mendocino,2021-04-04,70,61691,34,30993,30,29402,6,1296,54,7005,16,27847,60,34852,California
Mendocino,2021-04-05,211,61902,141,31134,46,29448,24,1320,126,7067,85,27932,147,34999,California
Mendocino,2021-04-06,397,62299,123,31257,179,29627,95,1415,106,6977,291,28223,201,35200,California
Mendocino,2021-04-07,486,62785,176,31433,65,29692,245,1660,114,6966,369,28592,358,35558,California
Mendocino,2021-04-08,1490,64275,913,32346,462,30154,115,1775,999,7596,485,29077,1115,36673,California
Mendocino,2021-04-09,757,65032,425,32771,171,30325,161,1936,395,7791,361,29438,556,37229,California
Mendocino,2021-04-10,405,65437,91,32862,268,30593,46,1982,99,7630,306,29744,145,37374,California
Mendocino,2021-04-11,122,65559,47,32909,19,30612,56,2038,59,7682,63,29807,115,37489,California
Mendocino,2021-04-12,621,66180,513,33422,48,30660,60,2098,407,7935,214,30021,467,37956,California
Mendocino,2021-04-13,290,66470,227,33649,63,30723,0,2098,222,8089,68,30089,222,38178,California
Mendocino,2021-04-14,518,66988,426,34075,92,30815,0,2098,415,8401,103,30192,415,38593,California
Mendocino,2021-04-15,657,67645,327,34402,330,31145,0,2098,387,8522,266,30458,387,38980,California
Mendocino,2021-04-16,125,67770,52,34454,72,31217,1,2099,77,8552,47,30505,77,39057,California
Mendocino,2021-04-17,196,67966,12,34466,184,31401,0,2099,67,8492,127,30632,67,39124,California
Mendocino,2021-04-18,13,67979,6,34472,7,31408,0,2099,8,8496,4,30636,8,39132,California
Mendocino,2021-04-19,539,68518,515,34987,23,31431,1,2100,427,8813,111,30747,428,39560,California
Mendocino,2021-04-20,418,68936,291,35278,127,31558,0,2100,262,8919,156,30903,262,39822,California
Mendocino,2021-04-21,192,69128,133,35411,58,31616,1,2101,113,8955,77,30980,113,39935,California
Mendocino,2021-04-22,487,69615,312,35723,174,31790,1,2102,317,9104,168,31148,317,40252,California
Mendocino,2021-04-23,846,70461,704,36427,142,31932,0,2102,688,9637,155,31303,688,40940,California
Mendocino,2021-04-24,109,70570,15,36442,94,32026,0,2102,102,9732,7,31310,102,41042,California
Mendocino,2021-04-25,56,70626,32,36474,20,32046,4,2106,18,9716,38,31348,22,41064,California
Mendocino,2021-04-26,292,70918,226,36700,61,32107,5,2111,191,9812,100,31448,196,41260,California
Mendocino,2021-04-27,201,71119,89,36789,85,32192,27,2138,92,9822,108,31556,118,41378,California
Mendocino,2021-04-28,220,71339,148,36937,53,32245,19,2157,125,9872,95,31651,145,41523,California
Mendocino,2021-04-29,1141,72480,844,37781,282,32527,15,2172,106,8961,1032,32683,121,41644,California
Mendocino,2021-04-30,607,73087,385,38166,212,32739,10,2182,228,8821,378,33061,238,41882,California
Mendocino,2021-05-01,472,73559,434,38600,32,32771,6,2188,367,9090,104,33165,373,42255,California
Mendocino,2021-05-02,55,73614,46,38646,6,32777,3,2191,8,9055,46,33211,11,42266,California
Mendocino,2021-05-03,136,73750,75,38721,39,32816,22,2213,39,9021,95,33306,61,42327,California
Mendocino,2021-05-04,378,74128,253,38974,92,32908,33,2246,140,8956,238,33544,173,42500,California
Mendocino,2021-05-05,870,74998,786,39760,69,32977,15,2261,219,8540,650,34194,234,42734,California
Mendocino,2021-05-06,627,75625,380,40140,225,33202,22,2283,151,8239,474,34668,173,42907,California
Mendocino,2021-05-07,179,75804,35,40175,120,33322,24,2307,115,8315,63,34731,139,43046,California
Mendocino,2021-05-08,125,75929,4,40179,120,33442,1,2308,109,8410,15,34746,110,43156,California
Mendocino,2021-05-09,20,75949,5,40184,14,33456,1,2309,3,8397,17,34763,4,43160,California
Mendocino,2021-05-10,230,76179,147,40331,78,33534,5,2314,140,8452,90,34853,145,43305,California
Mendocino,2021-05-11,275,76454,143,40474,115,33649,17,2331,127,8447,148,35001,143,43448,California
Mendocino,2021-05-12,129,76583,79,40553,42,33691,8,2339,37,8402,90,35091,45,43493,California
Mendocino,2021-05-13,1205,77788,1106,41659,83,33774,16,2355,307,7827,898,35989,323,43816,California
Mendocino,2021-05-14,705,78493,485,42144,157,33931,63,2418,237,7665,463,36452,301,44117,California
Mendocino,2021-05-15,85,78578,29,42173,52,33983,4,2422,40,7664,45,36497,44,44161,California
Mendocino,2021-05-16,114,78692,101,42274,11,33994,2,2424,98,7748,16,36513,100,44261,California
Mendocino,2021-05-17,164,78856,76,42350,72,34066,16,2440,94,7788,70,36583,110,44371,California
Mendocino,2021-05-18,241,79097,116,42466,97,34163,28,2468,108,7791,132,36715,135,44506,California
Mendocino,2021-05-19,319,79416,189,42655,112,34275,18,2486,239,7970,78,36793,257,44763,California
Mendocino,2021-05-20,275,79691,105,42760,128,34403,42,2528,96,7932,176,36969,138,44901,California
Mendocino,2021-05-21,464,80155,422,43182,39,34442,3,2531,387,8246,76,37045,390,45291,California
Merced,2020-12-16,3,3,3,3,0,0,0,0,3,3,0,0,3,3,California
Merced,2020-12-17,5,8,5,8,0,0,0,0,5,8,0,0,5,8,California
Merced,2020-12-18,143,151,143,151,0,0,0,0,143,151,0,0,143,151,California
Merced,2020-12-19,39,190,39,190,0,0,0,0,39,190,0,0,39,190,California
Merced,2020-12-20,18,208,18,208,0,0,0,0,18,208,0,0,18,208,California
Merced,2020-12-21,125,333,122,330,3,3,0,0,125,333,0,0,125,333,California
Merced,2020-12-22,152,485,152,482,0,3,0,0,152,485,0,0,152,485,California
Merced,2020-12-23,247,732,241,723,6,9,0,0,247,732,0,0,247,732,California
Merced,2020-12-24,72,804,72,795,0,9,0,0,72,804,0,0,72,804,California
Merced,2020-12-25,4,808,4,799,0,9,0,0,4,808,0,0,4,808,California
Merced,2020-12-26,6,814,3,802,3,12,0,0,6,814,0,0,6,814,California
Merced,2020-12-27,12,826,11,813,1,13,0,0,12,826,0,0,12,826,California
Merced,2020-12-28,123,949,98,911,25,38,0,0,123,949,0,0,123,949,California
Merced,2020-12-29,179,1128,123,1034,56,94,0,0,179,1128,0,0,179,1128,California
Merced,2020-12-30,214,1342,89,1123,125,219,0,0,214,1342,0,0,214,1342,California
Merced,2020-12-31,103,1445,34,1157,69,288,0,0,103,1445,0,0,103,1445,California
Merced,2021-01-01,5,1450,1,1158,4,292,0,0,5,1450,0,0,5,1450,California
Merced,2021-01-02,129,1579,118,1276,11,303,0,0,129,1579,0,0,129,1579,California
Merced,2021-01-03,9,1588,5,1281,4,307,0,0,9,1588,0,0,9,1588,California
Merced,2021-01-04,80,1668,42,1323,38,345,0,0,80,1668,0,0,80,1668,California
Merced,2021-01-05,319,1987,231,1554,88,433,0,0,313,1977,6,6,315,1983,California
Merced,2021-01-06,255,2242,105,1659,150,583,0,0,249,2220,6,12,249,2232,California
Merced,2021-01-07,185,2427,81,1740,104,687,0,0,175,2384,11,23,175,2407,California
Merced,2021-01-08,526,2953,392,2132,134,821,0,0,375,2609,150,173,375,2782,California
Merced,2021-01-09,23,2976,10,2142,13,834,0,0,17,2620,6,179,17,2799,California
Merced,2021-01-10,11,2987,7,2149,4,838,0,0,7,2623,4,183,7,2806,California
Merced,2021-01-11,227,3214,168,2317,59,897,0,0,102,2602,125,308,104,2910,California
Merced,2021-01-12,294,3508,171,2488,123,1020,0,0,244,2795,51,359,244,3154,California
Merced,2021-01-13,373,3881,174,2662,199,1219,0,0,222,2869,151,510,225,3379,California
Merced,2021-01-14,323,4204,200,2862,123,1342,0,0,158,2864,164,674,159,3538,California
Merced,2021-01-15,581,4785,129,2991,452,1794,0,0,543,3370,39,713,545,4083,California
Merced,2021-01-16,203,4988,122,3113,81,1875,0,0,198,3563,5,718,198,4281,California
Merced,2021-01-17,50,5038,12,3125,38,1913,0,0,49,3611,1,719,49,4330,California
Merced,2021-01-18,261,5299,126,3251,135,2048,0,0,239,3831,22,741,242,4572,California
Merced,2021-01-19,710,6009,586,3837,124,2172,0,0,539,4203,171,912,543,5115,California
Merced,2021-01-20,571,6580,466,4303,105,2277,0,0,514,4663,57,969,517,5632,California
Merced,2021-01-21,1010,7590,649,4952,361,2638,0,0,910,5476,100,1069,913,6545,California
Merced,2021-01-22,1312,8902,693,5645,619,3257,0,0,1285,6746,27,1096,1297,7842,California
Merced,2021-01-23,324,9226,197,5842,127,3384,0,0,217,6856,107,1203,217,8059,California
Merced,2021-01-24,37,9263,15,5857,22,3406,0,0,28,6876,8,1211,28,8087,California
Merced,2021-01-25,729,9992,241,6098,488,3894,0,0,670,7489,58,1269,671,8758,California
Merced,2021-01-26,916,10908,486,6584,430,4324,0,0,675,7951,214,1483,676,9434,California
Merced,2021-01-27,981,11889,584,7168,397,4721,0,0,813,8598,166,1649,813,10247,California
Merced,2021-01-28,1139,13028,593,7761,546,5267,0,0,1015,9491,123,1772,1016,11263,California
Merced,2021-01-29,846,13874,321,8082,525,5792,0,0,602,9859,237,2009,605,11868,California
Merced,2021-01-30,261,14135,28,8110,233,6025,0,0,244,10086,17,2026,244,12112,California
Merced,2021-01-31,47,14182,11,8121,36,6061,0,0,46,10131,1,2027,46,12158,California
Merced,2021-02-01,376,14558,53,8174,323,6384,0,0,326,10409,49,2076,327,12485,California
Merced,2021-02-02,296,14854,181,8355,115,6499,0,0,176,10468,118,2194,177,12662,California
Merced,2021-02-03,348,15202,72,8427,276,6775,0,0,168,10456,180,2374,168,12830,California
Merced,2021-02-04,371,15573,145,8572,226,7001,0,0,240,10567,130,2504,241,13071,California
Merced,2021-02-05,511,16084,171,8743,340,7341,0,0,270,10599,240,2744,272,13343,California
Merced,2021-02-06,388,16472,218,8961,170,7511,0,0,245,10703,142,2886,246,13589,California
Merced,2021-02-07,21,16493,13,8974,8,7519,0,0,14,10710,7,2893,14,13603,California
Merced,2021-02-08,281,16774,198,9172,83,7602,0,0,171,10773,109,3002,172,13775,California
Merced,2021-02-09,1214,17988,954,10126,260,7862,0,0,772,11112,434,3436,773,14548,California
Merced,2021-02-10,1853,19841,1431,11557,422,8284,0,0,1274,11817,569,4005,1274,15822,California
Merced,2021-02-11,2502,22343,2006,13563,496,8780,0,0,1812,12949,680,4685,1812,17634,California
Merced,2021-02-12,1717,24060,1015,14578,702,9482,0,0,745,12733,963,5648,747,18381,California
Merced,2021-02-13,361,24421,206,14784,155,9637,0,0,262,12899,98,5746,264,18645,California
Merced,2021-02-14,117,24538,26,14810,91,9728,0,0,95,12973,22,5768,96,18741,California
Merced,2021-02-15,273,24811,41,14851,232,9960,0,0,168,13043,99,5867,169,18910,California
Merced,2021-02-16,1216,26027,844,15695,372,10332,0,0,835,13519,363,6230,839,19749,California
Merced,2021-02-17,1878,27905,1633,17328,245,10577,0,0,1309,14282,555,6785,1318,21067,California
Merced,2021-02-18,1209,29114,819,18147,390,10967,0,0,403,13903,785,7570,406,21473,California
Merced,2021-02-19,1265,30379,414,18561,851,11818,0,0,538,13722,721,8291,540,22013,California
Merced,2021-02-20,277,30656,31,18592,246,12064,0,0,139,13725,136,8427,139,22152,California
Merced,2021-02-21,77,30733,62,18654,15,12079,0,0,31,13711,45,8472,31,22183,California
Merced,2021-02-22,832,31565,294,18948,538,12617,0,0,482,13845,348,8820,482,22665,California
Merced,2021-02-23,1084,32649,422,19370,662,13279,0,0,639,14046,439,9259,640,23305,California
Merced,2021-02-24,818,33467,302,19672,516,13795,0,0,446,14130,363,9622,447,23752,California
Merced,2021-02-25,1763,35230,870,20542,893,14688,0,0,1312,14996,448,10070,1314,25066,California
Merced,2021-02-26,2150,37380,1377,21919,773,15461,0,0,1739,16327,409,10479,1740,26806,California
Merced,2021-02-27,2531,39911,1105,23024,1426,16887,0,0,2246,18290,283,10762,2246,29052,California
Merced,2021-02-28,307,40218,72,23096,235,17122,0,0,252,18491,51,10813,252,29304,California
Merced,2021-03-01,1118,41336,280,23376,837,17959,1,1,778,18939,331,11144,779,30083,California
Merced,2021-03-02,1752,43088,909,24285,842,18801,1,2,1362,19921,381,11525,1363,31446,California
Merced,2021-03-03,2220,45308,1728,26013,491,19292,1,3,1462,20646,739,12264,1464,32910,California
Merced,2021-03-04,2890,48198,2273,28286,615,19907,2,5,1919,21615,953,13217,1922,34832,California
Merced,2021-03-05,2064,50262,1193,29479,847,20754,24,29,1525,22640,525,13742,1550,36382,California
Merced,2021-03-06,1166,51428,662,30141,482,21236,22,51,910,23317,255,13997,932,37314,California
Merced,2021-03-07,229,51657,65,30206,139,21375,25,76,200,23513,29,14026,225,37539,California
Merced,2021-03-08,1406,53063,808,31014,533,21908,65,141,1192,24555,214,14240,1256,38795,California
Merced,2021-03-09,1697,54760,1002,32016,588,22496,107,248,1099,25170,592,14832,1207,40002,California
Merced,2021-03-10,2695,57455,1867,33883,628,23124,200,448,1620,25933,1061,15893,1824,41826,California
Merced,2021-03-11,1942,59397,692,34575,1046,24170,204,652,1224,26680,703,16596,1450,43276,California
Merced,2021-03-12,2211,61608,903,35478,1040,25210,268,920,1496,27746,710,17306,1776,45052,California
Merced,2021-03-13,725,62333,309,35787,174,25384,242,1162,418,28108,299,17605,661,45713,California
Merced,2021-03-14,249,62582,136,35923,83,25467,30,1192,149,28189,99,17704,180,45893,California
Merced,2021-03-15,1514,64096,494,36417,765,26232,255,1447,997,28930,510,18214,1251,47144,California
Merced,2021-03-16,1464,65560,713,37130,525,26757,226,1673,975,29652,478,18692,1200,48344,California
Merced,2021-03-17,1966,67526,1060,38190,727,27484,179,1852,1514,30904,443,19135,1695,50039,California
Merced,2021-03-18,2047,69573,1178,39368,722,28206,147,1999,1394,31818,640,19775,1554,51593,California
Merced,2021-03-19,2664,72237,1452,40820,1019,29225,193,2192,1385,32129,1268,21043,1579,53172,California
Merced,2021-03-20,2420,74657,1491,42311,534,29759,395,2587,958,32028,1458,22501,1357,54529,California
Merced,2021-03-21,557,75214,343,42654,201,29960,13,2600,437,32360,120,22621,452,54981,California
Merced,2021-03-22,1263,76477,630,43284,557,30517,76,2676,886,32954,370,22991,964,55945,California
Merced,2021-03-23,1832,78309,1105,44389,663,31180,64,2740,1350,33892,477,23468,1415,57360,California
Merced,2021-03-24,1455,79764,919,45308,501,31681,35,2775,978,34433,472,23940,1013,58373,California
Merced,2021-03-25,3315,83079,2276,47584,1016,32697,23,2798,2078,35310,1227,25167,2104,60477,California
Merced,2021-03-26,1933,85012,1086,48670,812,33509,35,2833,889,35199,1034,26201,923,61400,California
Merced,2021-03-27,3536,88548,1897,50567,1224,34733,415,3248,1532,35155,1992,28193,1948,63348,California
Merced,2021-03-28,520,89068,215,50782,297,35030,8,3256,215,35075,303,28496,223,63571,California
Merced,2021-03-29,1825,90893,776,51558,882,35912,167,3423,668,34765,1149,29645,839,64410,California
Merced,2021-03-30,2145,93038,800,52358,1286,37198,59,3482,990,34664,1151,30796,1050,65460,California
Merced,2021-03-31,2131,95169,1403,53761,690,37888,38,3520,951,34489,1165,31961,990,66450,California
Merced,2021-04-01,2190,97359,1025,54786,1039,38927,126,3646,998,34429,1186,33147,1126,67576,California
Merced,2021-04-02,2335,99694,638,55424,1293,40220,404,4050,783,34082,1535,34682,1188,68764,California
Merced,2021-04-03,909,100603,429,55853,465,40685,15,4065,498,34190,407,35089,515,69279,California
Merced,2021-04-04,369,100972,143,55996,222,40907,4,4069,140,34108,228,35317,146,69425,California
Merced,2021-04-05,1268,102240,604,56600,453,41360,211,4280,418,33893,843,36160,628,70053,California
Merced,2021-04-06,2421,104661,897,57497,697,42057,827,5107,891,34084,1526,37686,1717,71770,California
Merced,2021-04-07,1653,106314,888,58385,658,42715,107,5214,586,33727,1052,38738,695,72465,California
Merced,2021-04-08,2296,108610,1170,59555,911,43626,215,5429,812,33299,1453,40191,1025,73490,California
Merced,2021-04-09,1688,110298,472,60027,641,44267,575,6004,562,33328,1110,41301,1139,74629,California
Merced,2021-04-10,698,110996,364,60391,146,44413,188,6192,176,33173,517,41818,362,74991,California
Merced,2021-04-11,488,111484,281,60672,72,44485,135,6327,147,33117,339,42157,283,75274,California
Merced,2021-04-12,1436,112920,931,61603,382,44867,123,6450,818,33476,582,42739,941,76215,California
Merced,2021-04-13,2030,114950,1453,63056,574,45441,3,6453,936,33416,1003,43742,943,77158,California
Merced,2021-04-14,2042,116992,1209,64265,833,46274,0,6453,901,33309,1010,44752,903,78061,California
Merced,2021-04-15,3016,120008,1976,66241,1040,47314,0,6453,954,32434,1834,46586,959,79020,California
Merced,2021-04-16,2361,122369,1149,67390,1212,48526,0,6453,966,32102,1298,47884,966,79986,California
Merced,2021-04-17,1542,123911,891,68281,650,49176,1,6454,396,31360,1139,49023,397,80383,California
Merced,2021-04-18,468,124379,246,68527,222,49398,0,6454,191,31301,250,49273,191,80574,California
Merced,2021-04-19,1329,125708,744,69271,585,49983,0,6454,706,31479,528,49801,706,81280,California
Merced,2021-04-20,1460,127168,734,70005,726,50709,0,6454,797,31683,593,50394,797,82077,California
Merced,2021-04-21,1467,128635,881,70886,586,51295,0,6454,752,31831,604,50998,752,82829,California
Merced,2021-04-22,1609,130244,740,71626,869,52164,0,6454,779,31861,749,51747,779,83608,California
Merced,2021-04-23,1629,131873,669,72295,960,53124,0,6454,886,32051,697,52444,887,84495,California
Merced,2021-04-24,572,132445,402,72697,170,53294,0,6454,393,32269,176,52620,394,84889,California
Merced,2021-04-25,327,132772,187,72884,140,53434,0,6454,193,32330,132,52752,193,85082,California
Merced,2021-04-26,1180,133952,514,73398,666,54100,0,6454,614,32413,533,53285,616,85698,California
Merced,2021-04-27,1719,135671,862,74260,847,54947,10,6464,683,32137,970,54255,694,86392,California
Merced,2021-04-28,1364,137035,676,74936,679,55626,9,6473,781,32367,561,54816,791,87183,California
Merced,2021-04-29,1390,138425,586,75522,779,56405,25,6498,645,32304,735,55551,672,87855,California
Merced,2021-04-30,1447,139872,608,76130,795,57200,44,6542,746,32398,697,56248,791,88646,California
Merced,2021-05-01,556,140428,240,76370,311,57511,5,6547,257,32364,295,56543,261,88907,California
Merced,2021-05-02,291,140719,117,76487,159,57670,15,6562,128,32345,163,56706,144,89051,California
Merced,2021-05-03,814,141533,545,77032,222,57892,47,6609,300,32182,511,57217,348,89399,California
Merced,2021-05-04,1013,142546,541,77573,420,58312,52,6661,371,31967,638,57855,423,89822,California
Merced,2021-05-05,1200,143746,716,78289,408,58720,76,6737,531,31915,659,58514,607,90429,California
Merced,2021-05-06,903,144649,470,78759,384,59104,49,6786,303,31673,594,59108,352,90781,California
Merced,2021-05-07,904,145553,285,79044,578,59682,41,6827,389,31594,511,59619,432,91213,California
Merced,2021-05-08,396,145949,201,79245,159,59841,36,6863,181,31597,214,59833,217,91430,California
Merced,2021-05-09,213,146162,107,79352,99,59940,7,6870,102,31596,110,59943,109,91539,California
Merced,2021-05-10,688,146850,351,79703,301,60241,36,6906,188,31321,499,60442,224,91763,California
Merced,2021-05-11,1095,147945,648,80351,400,60641,47,6953,422,31122,668,61110,469,92232,California
Merced,2021-05-12,841,148786,501,80852,302,60943,38,6991,238,30798,600,61710,276,92508,California
Merced,2021-05-13,715,149501,369,81221,304,61247,42,7033,257,30642,456,62166,300,92808,California
Merced,2021-05-14,935,150436,615,81836,280,61527,40,7073,503,30760,425,62591,543,93351,California
Merced,2021-05-15,714,151150,533,82369,162,61689,19,7092,410,30892,298,62889,430,93781,California
Merced,2021-05-16,343,151493,228,82597,107,61796,8,7100,201,30963,139,63028,210,93991,California
Merced,2021-05-17,1013,152506,635,83232,349,62145,29,7129,477,30937,533,63561,507,94498,California
Merced,2021-05-18,1229,153735,812,84044,386,62531,31,7160,692,31131,529,64090,723,95221,California
Merced,2021-05-19,1008,154743,696,84740,306,62837,6,7166,547,31231,457,64547,557,95778,California
Merced,2021-05-20,808,155551,426,85166,327,63164,55,7221,284,31048,522,65069,339,96117,California
Merced,2021-05-21,569,156120,234,85400,319,63483,16,7237,119,30738,445,65514,135,96252,California
Modoc,2020-12-16,1,1,1,1,0,0,0,0,1,1,0,0,1,1,California
Modoc,2020-12-21,99,100,99,100,0,0,0,0,99,100,0,0,99,100,California
Modoc,2020-12-22,14,114,14,114,0,0,0,0,14,114,0,0,14,114,California
Modoc,2020-12-23,4,118,4,118,0,0,0,0,4,118,0,0,4,118,California
Modoc,2020-12-24,1,119,1,119,0,0,0,0,1,119,0,0,1,119,California
Modoc,2020-12-28,2,121,2,121,0,0,0,0,2,121,0,0,2,121,California
Modoc,2020-12-29,10,131,1,122,9,9,0,0,10,131,0,0,10,131,California
Modoc,2020-12-30,7,138,0,122,7,16,0,0,7,138,0,0,7,138,California
Modoc,2021-01-02,3,141,1,123,2,18,0,0,3,141,0,0,3,141,California
Modoc,2021-01-04,8,149,0,123,8,26,0,0,8,149,0,0,8,149,California
Modoc,2021-01-05,3,152,2,125,1,27,0,0,3,152,0,0,3,152,California
Modoc,2021-01-06,3,155,2,127,1,28,0,0,2,153,1,1,2,154,California
Modoc,2021-01-07,72,227,0,127,72,100,0,0,72,225,0,1,72,226,California
Modoc,2021-01-08,105,332,0,127,105,205,0,0,105,330,0,1,105,331,California
Modoc,2021-01-10,1,333,1,128,0,205,0,0,0,329,1,2,0,331,California
Modoc,2021-01-11,90,423,81,209,9,214,0,0,19,277,71,73,19,350,California
Modoc,2021-01-12,94,517,25,234,69,283,0,0,68,319,26,99,68,418,California
Modoc,2021-01-13,24,541,4,238,20,303,0,0,22,339,2,101,22,440,California
Modoc,2021-01-14,129,670,6,244,123,426,0,0,124,458,5,106,124,564,California
Modoc,2021-01-15,6,676,1,245,5,431,0,0,6,464,0,106,6,570,California
Modoc,2021-01-16,1,677,1,246,0,431,0,0,1,465,0,106,1,571,California
Modoc,2021-01-18,1,678,1,247,0,431,0,0,1,466,0,106,1,572,California
Modoc,2021-01-19,5,683,3,250,2,433,0,0,3,467,2,108,3,575,California
Modoc,2021-01-20,11,694,1,251,10,443,0,0,11,478,0,108,11,586,California
Modoc,2021-01-21,157,851,2,253,155,598,0,0,157,635,0,108,157,743,California
Modoc,2021-01-22,2,853,0,253,2,600,0,0,2,637,0,108,2,745,California
Modoc,2021-01-25,11,864,0,253,11,611,0,0,11,648,0,108,11,756,California
Modoc,2021-01-26,65,929,1,254,64,675,0,0,65,713,0,108,65,821,California
Modoc,2021-01-27,41,970,2,256,39,714,0,0,25,722,16,124,25,846,California
Modoc,2021-01-28,146,1116,2,258,144,858,0,0,145,866,1,125,145,991,California
Modoc,2021-01-29,3,1119,1,259,2,860,0,0,3,869,0,125,3,994,California
Modoc,2021-02-01,26,1145,13,272,13,873,0,0,12,867,14,139,12,1006,California
Modoc,2021-02-02,170,1315,2,274,168,1041,0,0,167,1031,3,142,167,1173,California
Modoc,2021-02-03,18,1333,13,287,5,1046,0,0,11,1035,7,149,11,1184,California
Modoc,2021-02-04,154,1487,3,290,151,1197,0,0,26,933,128,277,26,1210,California
Modoc,2021-02-05,3,1490,2,292,1,1198,0,0,2,934,1,278,2,1212,California
Modoc,2021-02-08,9,1499,2,294,7,1205,0,0,8,941,1,279,8,1220,California
Modoc,2021-02-09,197,1696,13,307,184,1389,0,0,65,874,132,411,65,1285,California
Modoc,2021-02-10,5,1701,2,309,3,1392,0,0,4,877,1,412,4,1289,California
Modoc,2021-02-11,201,1902,3,312,198,1590,0,0,83,842,118,530,83,1372,California
Modoc,2021-02-12,4,1906,0,312,4,1594,0,0,2,842,2,532,2,1374,California
Modoc,2021-02-13,1,1907,0,312,1,1595,0,0,1,843,0,532,1,1375,California
Modoc,2021-02-16,147,2054,6,318,141,1736,0,0,143,982,4,536,143,1518,California
Modoc,2021-02-17,24,2078,1,319,23,1759,0,0,12,982,12,548,12,1530,California
Modoc,2021-02-18,188,2266,2,321,186,1945,0,0,25,846,162,710,26,1556,California
Modoc,2021-02-19,4,2270,4,325,0,1945,0,0,3,848,1,711,3,1559,California
Modoc,2021-02-20,1,2271,1,326,0,1945,0,0,0,847,1,712,0,1559,California
Modoc,2021-02-22,17,2288,9,335,8,1953,0,0,3,836,14,726,3,1562,California
Modoc,2021-02-23,20,2308,2,337,18,1971,0,0,1,818,19,745,1,1563,California
Modoc,2021-02-24,91,2399,1,338,90,2061,0,0,31,789,60,805,31,1594,California
Modoc,2021-02-25,170,2569,1,339,169,2230,0,0,13,645,157,962,13,1607,California
Modoc,2021-02-26,3,2572,0,339,3,2233,0,0,1,644,2,964,1,1608,California
Modoc,2021-02-27,3,2575,3,342,0,2233,0,0,2,645,1,965,2,1610,California
Modoc,2021-03-01,5,2580,0,342,5,2238,0,0,0,641,4,969,0,1610,California
Modoc,2021-03-02,193,2773,12,354,181,2419,0,0,26,500,167,1136,26,1636,California
Modoc,2021-03-03,12,2785,6,360,6,2425,0,0,2,492,10,1146,2,1638,California
Modoc,2021-03-04,174,2959,2,362,172,2597,0,0,147,612,27,1173,147,1785,California
Modoc,2021-03-05,4,2963,3,365,1,2598,0,0,2,612,2,1175,2,1787,California
Modoc,2021-03-06,11,2974,0,365,1,2599,10,10,1,613,10,1185,11,1798,California
Modoc,2021-03-07,8,2982,2,367,0,2599,6,16,2,615,6,1191,8,1806,California
Modoc,2021-03-08,8,2990,1,368,3,2602,4,20,1,614,6,1197,5,1811,California
Modoc,2021-03-09,126,3116,10,378,108,2710,8,28,61,618,65,1262,69,1880,California
Modoc,2021-03-10,9,3125,3,381,2,2712,4,32,4,621,5,1267,8,1888,California
Modoc,2021-03-11,207,3332,0,381,99,2811,108,140,22,566,185,1452,130,2018,California
Modoc,2021-03-12,11,3343,2,383,4,2815,5,145,4,568,7,1459,9,2027,California
Modoc,2021-03-13,4,3347,0,383,1,2816,3,148,1,569,3,1462,4,2031,California
Modoc,2021-03-15,12,3359,1,384,10,2826,1,149,10,578,2,1464,11,2042,California
Modoc,2021-03-16,173,3532,1,385,168,2994,4,153,42,492,131,1595,45,2087,California
Modoc,2021-03-17,10,3542,1,386,4,2998,5,158,2,491,8,1603,7,2094,California
Modoc,2021-03-18,68,3610,2,388,59,3057,7,165,36,502,32,1635,43,2137,California
Modoc,2021-03-19,5,3615,0,388,0,3057,5,170,0,502,5,1640,5,2142,California
Modoc,2021-03-20,5,3620,2,390,0,3057,3,173,0,500,5,1645,3,2145,California
Modoc,2021-03-21,4,3624,1,391,1,3058,2,175,2,502,2,1647,4,2149,California
Modoc,2021-03-22,17,3641,1,392,11,3069,5,180,12,514,5,1652,17,2166,California
Modoc,2021-03-23,37,3678,7,399,27,3096,3,183,28,536,9,1661,31,2197,California
Modoc,2021-03-24,29,3707,1,400,18,3114,10,193,1,519,28,1689,11,2208,California
Modoc,2021-03-25,77,3784,1,401,74,3188,2,195,45,534,32,1721,47,2255,California
Modoc,2021-03-26,7,3791,2,403,2,3190,3,198,2,534,5,1726,5,2260,California
Modoc,2021-03-27,2,3793,0,403,1,3191,1,199,1,535,1,1727,2,2262,California
Modoc,2021-03-28,2,3795,1,404,0,3191,1,200,0,534,2,1729,1,2263,California
Modoc,2021-03-29,14,3809,1,405,5,3196,8,208,5,538,9,1738,13,2276,California
Modoc,2021-03-30,55,3864,10,415,38,3234,7,215,21,532,34,1772,28,2304,California
Modoc,2021-03-31,9,3873,3,418,2,3236,4,219,3,533,6,1778,7,2311,California
Modoc,2021-04-01,167,4040,2,420,160,3396,5,224,32,435,135,1913,37,2348,California
Modoc,2021-04-02,5,4045,0,420,2,3398,3,227,1,436,3,1916,4,2352,California
Modoc,2021-04-03,5,4050,2,422,0,3398,3,230,2,438,2,1918,4,2356,California
Modoc,2021-04-05,9,4059,0,422,9,3407,0,230,9,447,0,1918,9,2365,California
Modoc,2021-04-06,24,4083,5,427,9,3416,10,240,6,445,18,1936,16,2381,California
Modoc,2021-04-07,12,4095,1,428,4,3420,7,247,3,446,9,1945,10,2391,California
Modoc,2021-04-08,96,4191,1,429,92,3512,3,250,26,405,70,2015,29,2420,California
Modoc,2021-04-09,11,4202,2,431,6,3518,3,253,2,400,9,2024,4,2424,California
Modoc,2021-04-10,5,4207,0,431,1,3519,4,257,0,399,5,2029,4,2428,California
Modoc,2021-04-11,2,4209,2,433,0,3519,0,257,1,399,1,2030,1,2429,California
Modoc,2021-04-12,14,4223,0,433,10,3529,4,261,1,393,11,2041,5,2434,California
Modoc,2021-04-13,30,4253,29,462,1,3530,0,261,21,405,9,2050,21,2455,California
Modoc,2021-04-14,2,4255,2,464,0,3530,0,261,1,405,1,2051,1,2456,California
Modoc,2021-04-15,100,4355,0,464,100,3630,0,261,27,359,73,2124,27,2483,California
Modoc,2021-04-16,4,4359,4,468,0,3630,0,261,3,361,1,2125,3,2486,California
Modoc,2021-04-17,2,4361,2,470,0,3630,0,261,2,363,0,2125,2,2488,California
Modoc,2021-04-18,1,4362,0,470,1,3631,0,261,1,364,0,2125,1,2489,California
Modoc,2021-04-19,6,4368,0,470,6,3637,0,261,1,360,5,2130,1,2490,California
Modoc,2021-04-20,26,4394,2,472,24,3661,0,261,8,350,18,2148,8,2498,California
Modoc,2021-04-21,3,4397,3,475,0,3661,0,261,0,347,3,2151,0,2498,California
Modoc,2021-04-22,97,4494,3,478,94,3755,0,261,40,330,57,2208,40,2538,California
Modoc,2021-04-23,4,4498,0,478,4,3759,0,261,3,332,1,2209,3,2541,California
Modoc,2021-04-24,3,4501,1,479,1,3760,1,262,2,334,1,2210,3,2544,California
Modoc,2021-04-25,1,4502,1,480,0,3760,0,262,1,335,0,2210,1,2545,California
Modoc,2021-04-26,8,4510,1,481,7,3767,0,262,3,333,5,2215,3,2548,California
Modoc,2021-04-27,6,4516,4,485,1,3768,1,263,1,330,5,2220,2,2550,California
Modoc,2021-04-28,5,4521,1,486,3,3771,1,264,1,328,4,2224,2,2552,California
Modoc,2021-04-29,66,4587,2,488,64,3835,0,264,24,310,42,2266,24,2576,California
Modoc,2021-04-30,5,4592,4,492,1,3836,0,264,3,311,2,2268,3,2579,California
Modoc,2021-05-01,1,4593,1,493,0,3836,0,264,0,310,1,2269,0,2579,California
Modoc,2021-05-02,4,4597,3,496,1,3837,0,264,3,312,1,2270,3,2582,California
Modoc,2021-05-03,10,4607,0,496,9,3846,1,265,0,303,10,2280,1,2583,California
Modoc,2021-05-04,11,4618,3,499,6,3852,2,267,5,304,6,2286,7,2590,California
Modoc,2021-05-05,27,4645,24,523,2,3854,1,268,8,294,19,2305,9,2599,California
Modoc,2021-05-06,54,4699,3,526,49,3903,2,270,21,284,33,2338,23,2622,California
Modoc,2021-05-07,8,4707,3,529,3,3906,2,272,2,282,6,2344,4,2626,California
Modoc,2021-05-08,3,4710,2,531,0,3906,1,273,1,282,2,2346,2,2628,California
Modoc,2021-05-09,2,4712,2,533,0,3906,0,273,1,282,1,2347,1,2629,California
Modoc,2021-05-10,2,4714,0,533,1,3907,1,274,1,283,1,2348,2,2631,California
Modoc,2021-05-11,3,4717,2,535,0,3907,1,275,0,281,3,2351,1,2632,California
Modoc,2021-05-12,2,4719,0,535,0,3907,2,277,0,281,2,2353,2,2634,California
Modoc,2021-05-13,43,4762,1,536,38,3945,4,281,14,270,29,2382,18,2652,California
Modoc,2021-05-14,10,4772,4,540,1,3946,5,286,4,273,6,2388,9,2661,California
Modoc,2021-05-15,4,4776,3,543,1,3947,0,286,4,277,0,2388,4,2665,California
Modoc,2021-05-16,2,4778,1,544,1,3948,0,286,0,275,2,2390,0,2665,California
Modoc,2021-05-17,5,4783,3,547,2,3950,0,286,4,278,1,2391,4,2669,California
Modoc,2021-05-18,22,4805,11,558,9,3959,2,288,13,284,9,2400,15,2684,California
Modoc,2021-05-19,9,4814,2,560,3,3962,4,292,5,289,4,2404,9,2693,California
Modoc,2021-05-20,58,4872,2,562,47,4009,9,301,7,254,51,2455,16,2709,California
Modoc,2021-05-21,5,4877,3,565,1,4010,1,302,1,252,4,2459,2,2711,California
Mono,2020-12-18,1,1,1,1,0,0,0,0,1,1,0,0,1,1,California
Mono,2020-12-19,5,6,5,6,0,0,0,0,5,6,0,0,5,6,California
Mono,2020-12-20,7,13,7,13,0,0,0,0,7,13,0,0,7,13,California
Mono,2020-12-21,24,37,17,30,7,7,0,0,24,37,0,0,24,37,California
Mono,2020-12-22,66,103,65,95,1,8,0,0,66,103,0,0,66,103,California
Mono,2020-12-23,70,173,42,137,28,36,0,0,70,173,0,0,70,173,California
Mono,2020-12-24,3,176,1,138,2,38,0,0,3,176,0,0,3,176,California
Mono,2020-12-26,3,179,3,141,0,38,0,0,3,179,0,0,3,179,California
Mono,2020-12-28,94,273,63,204,31,69,0,0,94,273,0,0,94,273,California
Mono,2020-12-29,29,302,29,233,0,69,0,0,29,302,0,0,29,302,California
Mono,2020-12-30,77,379,36,269,41,110,0,0,77,379,0,0,77,379,California
Mono,2020-12-31,4,383,1,270,3,113,0,0,4,383,0,0,4,383,California
Mono,2021-01-01,4,387,4,274,0,113,0,0,4,387,0,0,4,387,California
Mono,2021-01-02,2,389,2,276,0,113,0,0,2,389,0,0,2,389,California
Mono,2021-01-04,2,391,0,276,2,115,0,0,2,391,0,0,2,391,California
Mono,2021-01-05,45,436,2,278,43,158,0,0,44,434,1,1,44,435,California
Mono,2021-01-06,44,480,0,278,44,202,0,0,44,478,0,1,44,479,California
Mono,2021-01-07,55,535,3,281,52,254,0,0,54,531,1,2,54,533,California
Mono,2021-01-08,2,537,1,282,1,255,0,0,1,531,1,3,1,534,California
Mono,2021-01-09,4,541,4,286,0,255,0,0,0,527,4,7,0,534,California
Mono,2021-01-10,5,546,5,291,0,255,0,0,0,522,5,12,0,534,California
Mono,2021-01-11,8,554,5,296,3,258,0,0,4,522,4,16,4,538,California
Mono,2021-01-12,283,837,75,371,208,466,0,0,219,678,63,79,219,757,California
Mono,2021-01-13,233,1070,73,444,160,626,0,0,178,801,55,134,178,935,California
Mono,2021-01-14,73,1143,71,515,2,628,0,0,73,874,0,134,73,1008,California
Mono,2021-01-15,62,1205,2,517,60,688,0,0,62,936,0,134,62,1070,California
Mono,2021-01-16,4,1209,3,520,1,689,0,0,1,934,3,137,1,1071,California
Mono,2021-01-18,64,1273,55,575,9,698,0,0,2,874,62,199,2,1073,California
Mono,2021-01-19,210,1483,208,783,2,700,0,0,172,1009,38,237,173,1246,California
Mono,2021-01-20,230,1713,198,981,32,732,0,0,169,1117,61,298,169,1415,California
Mono,2021-01-21,3,1716,3,984,0,732,0,0,3,1120,0,298,3,1418,California
Mono,2021-01-22,4,1720,0,984,4,736,0,0,4,1124,0,298,4,1422,California
Mono,2021-01-23,594,2314,594,1578,0,736,0,0,593,1716,1,299,593,2015,California
Mono,2021-01-25,201,2515,163,1741,38,774,0,0,162,1839,39,338,162,2177,California
Mono,2021-01-26,505,3020,503,2244,2,776,0,0,499,2332,6,344,499,2676,California
Mono,2021-01-27,5,3025,1,2245,4,780,0,0,5,2337,0,344,5,2681,California
Mono,2021-01-28,6,3031,2,2247,4,784,0,0,2,2335,4,348,2,2683,California
Mono,2021-01-30,200,3231,198,2445,2,786,0,0,199,2533,1,349,199,2882,California
Mono,2021-01-31,242,3473,137,2582,105,891,0,0,138,2567,104,453,138,3020,California
Mono,2021-02-01,27,3500,27,2609,0,891,0,0,0,2540,27,480,0,3020,California
Mono,2021-02-02,5,3505,0,2609,5,896,0,0,2,2539,3,483,2,3022,California
Mono,2021-02-03,4,3509,2,2611,2,898,0,0,2,2539,2,485,2,3024,California
Mono,2021-02-04,211,3720,158,2769,53,951,0,0,90,2508,121,606,90,3114,California
Mono,2021-02-05,617,4337,611,3380,6,957,0,0,614,3119,3,609,614,3728,California
Mono,2021-02-06,138,4475,137,3517,1,958,0,0,137,3255,1,610,137,3865,California
Mono,2021-02-07,2,4477,0,3517,2,960,0,0,2,3257,0,610,2,3867,California
Mono,2021-02-08,172,4649,172,3689,0,960,0,0,15,3116,156,766,15,3882,California
Mono,2021-02-09,226,4875,6,3695,220,1180,0,0,13,2916,213,979,13,3895,California
Mono,2021-02-10,536,5411,186,3881,350,1530,0,0,193,2767,343,1322,194,4089,California
Mono,2021-02-11,7,5418,4,3885,3,1533,0,0,2,2764,5,1327,2,4091,California
Mono,2021-02-12,84,5502,20,3905,64,1597,0,0,26,2732,58,1385,26,4117,California
Mono,2021-02-13,585,6087,585,4490,0,1597,0,0,25,2198,559,1944,25,4142,California
Mono,2021-02-15,165,6252,163,4653,2,1599,0,0,3,2041,160,2104,3,4145,California
Mono,2021-02-16,517,6769,514,5167,3,1602,0,0,45,1617,469,2573,45,4190,California
Mono,2021-02-17,7,6776,2,5169,5,1607,0,0,2,1614,5,2578,2,4192,California
Mono,2021-02-18,3,6779,2,5171,1,1608,0,0,2,1615,1,2579,2,4194,California
Mono,2021-02-19,54,6833,53,5224,1,1609,0,0,54,1669,0,2579,54,4248,California
Mono,2021-02-20,4,6837,4,5228,0,1609,0,0,4,1673,0,2579,4,4252,California
Mono,2021-02-21,6,6843,6,5234,0,1609,0,0,4,1675,2,2581,4,4256,California
Mono,2021-02-22,283,7126,282,5516,1,1610,0,0,24,1441,258,2839,24,4280,California
Mono,2021-02-23,137,7263,117,5633,20,1630,0,0,22,1348,115,2954,22,4302,California
Mono,2021-02-24,10,7273,3,5636,7,1637,0,0,4,1346,6,2960,4,4306,California
Mono,2021-02-25,5,7278,2,5638,3,1640,0,0,3,1348,1,2961,3,4309,California
Mono,2021-02-26,598,7876,596,6234,2,1642,0,0,21,793,576,3537,21,4330,California
Mono,2021-02-27,140,8016,136,6370,4,1646,0,0,4,663,134,3671,4,4334,California
Mono,2021-03-01,2,8018,2,6372,0,1646,0,0,1,664,0,3671,1,4335,California
Mono,2021-03-02,6,8024,4,6376,2,1648,0,0,4,666,2,3673,4,4339,California
Mono,2021-03-03,112,8136,2,6378,110,1758,0,0,109,773,2,3675,109,4448,California
Mono,2021-03-04,5,8141,1,6379,4,1762,0,0,3,774,2,3677,3,4451,California
Mono,2021-03-05,37,8178,27,6406,10,1772,0,0,14,765,23,3700,14,4465,California
Mono,2021-03-06,507,8685,17,6423,490,2262,0,0,499,1259,6,3706,500,4965,California
Mono,2021-03-07,1,8686,0,6423,1,2263,0,0,0,1258,1,3707,0,4965,California
Mono,2021-03-08,536,9222,11,6434,522,2785,3,3,527,1779,9,3716,530,5495,California
Mono,2021-03-09,6,9228,2,6436,3,2788,1,4,3,1781,2,3718,4,5499,California
Mono,2021-03-10,286,9514,90,6526,193,2981,3,7,9,1519,274,3992,12,5511,California
Mono,2021-03-11,10,9524,0,6526,1,2982,9,16,0,1518,10,4002,9,5520,California
Mono,2021-03-12,7,9531,1,6527,1,2983,5,21,0,1516,7,4009,5,5525,California
Mono,2021-03-13,823,10354,386,6913,437,3420,0,21,815,2323,8,4017,815,6340,California
Mono,2021-03-14,4,10358,4,6917,0,3420,0,21,0,2319,4,4021,0,6340,California
Mono,2021-03-15,31,10389,23,6940,3,3423,5,26,14,2322,16,4037,19,6359,California
Mono,2021-03-16,16,10405,6,6946,4,3427,6,32,8,2328,8,4045,14,6373,California
Mono,2021-03-17,33,10438,5,6951,20,3447,8,40,21,2345,12,4057,29,6402,California
Mono,2021-03-18,21,10459,2,6953,11,3458,8,48,9,2350,12,4069,17,6419,California
Mono,2021-03-19,21,10480,1,6954,17,3475,3,51,17,2367,3,4072,20,6439,California
Mono,2021-03-20,5,10485,3,6957,1,3476,1,52,4,2371,1,4073,5,6444,California
Mono,2021-03-21,1,10486,1,6958,0,3476,0,52,1,2372,0,4073,1,6445,California
Mono,2021-03-22,11,10497,0,6958,6,3482,5,57,5,2376,6,4079,10,6455,California
Mono,2021-03-23,43,10540,6,6964,32,3514,5,62,17,2372,26,4105,22,6477,California
Mono,2021-03-24,13,10553,1,6965,7,3521,5,67,5,2374,8,4113,10,6487,California
Mono,2021-03-25,19,10572,3,6968,12,3533,4,71,12,2383,7,4120,16,6503,California
Mono,2021-03-26,19,10591,3,6971,11,3544,5,76,10,2390,8,4128,15,6518,California
Mono,2021-03-27,351,10942,348,7319,3,3547,0,76,324,2687,27,4155,324,6842,California
Mono,2021-03-29,10,10952,3,7322,6,3553,1,77,8,2694,2,4157,9,6851,California
Mono,2021-03-30,12,10964,0,7322,8,3561,4,81,7,2700,5,4162,11,6862,California
Mono,2021-03-31,132,11096,7,7329,124,3685,1,82,22,2614,109,4271,23,6885,California
Mono,2021-04-01,8,11104,0,7329,7,3692,1,83,3,2613,5,4276,4,6889,California
Mono,2021-04-02,18,11122,2,7331,16,3708,0,83,7,2609,11,4287,7,6896,California
Mono,2021-04-03,867,11989,372,7703,495,4203,0,83,50,1844,815,5102,50,6946,California
Mono,2021-04-05,529,12518,18,7721,510,4713,1,84,32,1381,496,5598,33,6979,California
Mono,2021-04-06,19,12537,1,7722,5,4718,13,97,1,1377,18,5616,14,6993,California
Mono,2021-04-07,25,12562,3,7725,3,4721,19,116,4,1379,21,5637,23,7016,California
Mono,2021-04-08,22,12584,3,7728,2,4723,17,133,4,1382,18,5655,21,7037,California
Mono,2021-04-09,37,12621,4,7732,4,4727,29,162,7,1388,30,5685,36,7073,California
Mono,2021-04-10,446,13067,2,7734,437,5164,7,169,28,1005,418,6103,35,7108,California
Mono,2021-04-11,1,13068,1,7735,0,5164,0,169,0,1004,1,6104,0,7108,California
Mono,2021-04-12,6,13074,0,7735,3,5167,3,172,3,1007,3,6107,6,7114,California
Mono,2021-04-13,20,13094,2,7737,17,5184,1,173,14,1016,6,6113,15,7129,California
Mono,2021-04-14,24,13118,0,7737,24,5208,0,173,6,1004,18,6131,6,7135,California
Mono,2021-04-15,18,13136,3,7740,15,5223,0,173,9,1004,9,6140,9,7144,California
Mono,2021-04-16,17,13153,1,7741,16,5239,0,173,6,999,11,6151,6,7150,California
Mono,2021-04-17,51,13204,2,7743,49,5288,0,173,44,1036,7,6158,44,7194,California
Mono,2021-04-18,1,13205,0,7743,1,5289,0,173,1,1037,0,6158,1,7195,California
Mono,2021-04-19,526,13731,319,8062,207,5496,0,173,201,915,323,6481,201,7396,California
Mono,2021-04-20,16,13747,2,8064,14,5510,0,173,11,921,5,6486,11,7407,California
Mono,2021-04-21,8,13755,1,8065,7,5517,0,173,3,919,5,6491,3,7410,California
Mono,2021-04-22,25,13780,11,8076,14,5531,0,173,11,916,14,6505,11,7421,California
Mono,2021-04-23,22,13802,2,8078,20,5551,0,173,12,918,10,6515,12,7433,California
Mono,2021-04-24,35,13837,22,8100,13,5564,0,173,20,923,15,6530,20,7453,California
Mono,2021-04-25,3,13840,2,8102,1,5565,0,173,3,926,0,6530,3,7456,California
Mono,2021-04-26,10,13850,1,8103,9,5574,0,173,2,920,8,6538,2,7458,California
Mono,2021-04-27,66,13916,40,8143,19,5593,7,180,50,961,16,6554,57,7515,California
Mono,2021-04-28,63,13979,41,8184,18,5611,4,184,48,1000,13,6567,52,7567,California
Mono,2021-04-29,8,13987,1,8185,4,5615,3,187,2,999,6,6573,5,7572,California
Mono,2021-04-30,16,14003,3,8188,10,5625,3,190,8,1002,8,6581,11,7583,California
Mono,2021-05-01,110,14113,4,8192,106,5731,0,190,98,1088,12,6593,98,7681,California
Mono,2021-05-03,1,14114,0,8192,1,5732,0,190,0,1087,1,6594,0,7681,California
Mono,2021-05-04,19,14133,0,8192,13,5745,6,196,10,1094,9,6603,16,7697,California
Mono,2021-05-05,53,14186,8,8200,41,5786,4,200,45,1135,8,6611,49,7746,California
Mono,2021-05-06,13,14199,3,8203,9,5795,1,201,9,1141,4,6615,10,7756,California
Mono,2021-05-07,29,14228,22,8225,7,5802,0,201,25,1162,4,6619,25,7781,California
Mono,2021-05-08,50,14278,5,8230,45,5847,0,201,22,1156,28,6647,22,7803,California
Mono,2021-05-10,17,14295,1,8231,12,5859,4,205,9,1161,8,6655,13,7816,California
Mono,2021-05-11,16,14311,2,8233,11,5870,3,208,5,1158,11,6666,8,7824,California
Mono,2021-05-12,12,14323,0,8233,11,5881,1,209,4,1155,8,6674,5,7829,California
Mono,2021-05-13,45,14368,32,8265,13,5894,0,209,36,1182,9,6683,36,7865,California
Mono,2021-05-14,9,14377,1,8266,7,5901,1,210,4,1182,5,6688,5,7870,California
Mono,2021-05-15,66,14443,25,8291,34,5935,7,217,18,1159,48,6736,25,7895,California
Mono,2021-05-16,6,14449,5,8296,1,5936,0,217,3,1159,3,6739,3,7898,California
Mono,2021-05-17,246,14695,33,8329,206,6142,7,224,54,1030,191,6930,62,7960,California
Mono,2021-05-18,133,14828,109,8438,23,6165,1,225,87,1072,46,6976,88,8048,California
Mono,2021-05-19,118,14946,112,8550,1,6166,5,230,75,1109,43,7019,80,8128,California
Mono,2021-05-20,61,15007,45,8595,10,6176,6,236,44,1142,17,7036,50,8178,California
Mono,2021-05-21,4,15011,4,8599,0,6176,0,236,2,1142,2,7038,2,8180,California
Monterey,2020-12-16,5,5,5,5,0,0,0,0,5,5,0,0,5,5,California
Monterey,2020-12-17,87,92,87,92,0,0,0,0,87,92,0,0,87,92,California
Monterey,2020-12-18,484,576,484,576,0,0,0,0,484,576,0,0,484,576,California
Monterey,2020-12-19,582,1158,581,1157,1,1,0,0,582,1158,0,0,582,1158,California
Monterey,2020-12-20,422,1580,422,1579,0,1,0,0,422,1580,0,0,422,1580,California
Monterey,2020-12-21,718,2298,718,2297,0,1,0,0,718,2298,0,0,718,2298,California
Monterey,2020-12-22,537,2835,524,2821,13,14,0,0,537,2835,0,0,537,2835,California
Monterey,2020-12-23,437,3272,262,3083,175,189,0,0,437,3272,0,0,437,3272,California
Monterey,2020-12-24,84,3356,10,3093,74,263,0,0,84,3356,0,0,84,3356,California
Monterey,2020-12-25,6,3362,0,3093,6,269,0,0,6,3362,0,0,6,3362,California
Monterey,2020-12-26,92,3454,5,3098,87,356,0,0,92,3454,0,0,92,3454,California
Monterey,2020-12-27,7,3461,4,3102,3,359,0,0,7,3461,0,0,7,3461,California
Monterey,2020-12-28,477,3938,25,3127,452,811,0,0,477,3938,0,0,477,3938,California
Monterey,2020-12-29,902,4840,168,3295,734,1545,0,0,902,4840,0,0,902,4840,California
Monterey,2020-12-30,566,5406,97,3392,469,2014,0,0,566,5406,0,0,566,5406,California
Monterey,2020-12-31,33,5439,11,3403,22,2036,0,0,33,5439,0,0,33,5439,California
Monterey,2021-01-01,12,5451,2,3405,10,2046,0,0,12,5451,0,0,12,5451,California
Monterey,2021-01-02,137,5588,134,3539,3,2049,0,0,137,5588,0,0,137,5588,California
Monterey,2021-01-03,30,5618,29,3568,1,2050,0,0,30,5618,0,0,30,5618,California
Monterey,2021-01-04,411,6029,18,3586,393,2443,0,0,411,6029,0,0,411,6029,California
Monterey,2021-01-05,753,6782,327,3913,426,2869,0,0,739,6754,14,14,739,6768,California
Monterey,2021-01-06,660,7442,175,4088,485,3354,0,0,637,7368,23,37,637,7405,California
Monterey,2021-01-07,747,8189,571,4659,176,3530,0,0,424,7471,321,358,424,7829,California
Monterey,2021-01-08,1093,9282,736,5395,357,3887,0,0,399,7176,694,1052,399,8228,California
Monterey,2021-01-09,967,10249,935,6330,32,3919,0,0,314,6838,652,1704,314,8542,California
Monterey,2021-01-10,274,10523,271,6601,3,3922,0,0,9,6582,265,1969,9,8551,California
Monterey,2021-01-11,1069,11592,986,7587,83,4005,0,0,366,6245,703,2672,366,8917,California
Monterey,2021-01-12,474,12066,395,7982,79,4084,0,0,211,6193,263,2935,211,9128,California
Monterey,2021-01-13,1218,13284,593,8575,625,4709,0,0,1172,7319,46,2981,1172,10300,California
Monterey,2021-01-14,1129,14413,169,8744,960,5669,0,0,1110,8414,19,3000,1114,11414,California
Monterey,2021-01-15,1049,15462,45,8789,1004,6673,0,0,1036,9437,13,3013,1036,12450,California
Monterey,2021-01-16,366,15828,301,9090,65,6738,0,0,361,9793,5,3018,361,12811,California
Monterey,2021-01-17,314,16142,293,9383,21,6759,0,0,301,10081,13,3031,301,13112,California
Monterey,2021-01-18,403,16545,46,9429,357,7116,0,0,381,10440,22,3053,381,13493,California
Monterey,2021-01-19,578,17123,395,9824,183,7299,0,0,419,10702,157,3210,419,13912,California
Monterey,2021-01-20,538,17661,268,10092,270,7569,0,0,332,10828,206,3416,332,14244,California
Monterey,2021-01-21,851,18512,93,10185,758,8327,0,0,741,11463,110,3526,745,14989,California
Monterey,2021-01-22,1057,19569,195,10380,862,9189,0,0,1018,12442,39,3565,1018,16007,California
Monterey,2021-01-23,243,19812,175,10555,68,9257,0,0,119,12440,123,3688,121,16128,California
Monterey,2021-01-24,57,19869,38,10593,19,9276,0,0,23,12429,34,3722,23,16151,California
Monterey,2021-01-25,803,20672,175,10768,628,9904,0,0,176,11985,620,4342,176,16327,California
Monterey,2021-01-26,945,21617,225,10993,720,10624,0,0,248,11536,697,5039,248,16575,California
Monterey,2021-01-27,868,22485,314,11307,554,11178,0,0,389,11446,479,5518,389,16964,California
Monterey,2021-01-28,2031,24516,739,12046,1292,12470,0,0,1690,12797,341,5859,1692,18656,California
Monterey,2021-01-29,1237,25753,709,12755,528,12998,0,0,1119,13800,117,5976,1120,19776,California
Monterey,2021-01-30,465,26218,295,13050,170,13168,0,0,209,13753,256,6232,209,19985,California
Monterey,2021-01-31,496,26714,72,13122,424,13592,0,0,485,14228,11,6243,486,20471,California
Monterey,2021-02-01,1659,28373,1148,14270,511,14103,0,0,1091,14752,567,6810,1091,21562,California
Monterey,2021-02-02,2174,30547,462,14732,1712,15815,0,0,1566,15711,607,7417,1566,23128,California
Monterey,2021-02-03,2343,32890,1052,15784,1291,17106,0,0,1565,16502,774,8191,1565,24693,California
Monterey,2021-02-04,2793,35683,2088,17872,705,17811,0,0,2483,18677,308,8499,2483,27176,California
Monterey,2021-02-05,3674,39357,2832,20704,842,18653,0,0,3233,21474,436,8935,3233,30409,California
Monterey,2021-02-06,1109,40466,380,21084,729,19382,0,0,763,21893,344,9279,763,31172,California
Monterey,2021-02-07,317,40783,268,21352,49,19431,0,0,99,21774,218,9497,99,31271,California
Monterey,2021-02-08,521,41304,291,21643,230,19661,0,0,430,22113,91,9588,430,31701,California
Monterey,2021-02-09,882,42186,684,22327,198,19859,0,0,570,22373,312,9900,572,32273,California
Monterey,2021-02-10,2093,44279,1110,23437,983,20842,0,0,1248,22777,845,10745,1249,33522,California
Monterey,2021-02-11,2513,46792,975,24412,1538,22380,0,0,1550,23368,961,11706,1552,35074,California
Monterey,2021-02-12,2604,49396,432,24844,2172,24552,0,0,1530,23826,1073,12779,1531,36605,California
Monterey,2021-02-13,1079,50475,49,24893,1030,25582,0,0,988,24724,90,12869,988,37593,California
Monterey,2021-02-14,600,51075,73,24966,527,26109,0,0,527,25178,73,12942,527,38120,California
Monterey,2021-02-15,1375,52450,161,25127,1214,27323,0,0,984,25774,389,13331,985,39105,California
Monterey,2021-02-16,1097,53547,244,25371,853,28176,0,0,873,26423,224,13555,873,39978,California
Monterey,2021-02-17,1954,55501,1167,26538,787,28963,0,0,1649,27770,304,13859,1651,41629,California
Monterey,2021-02-18,2238,57739,1179,27717,1059,30022,0,0,914,27376,1310,15169,916,42545,California
Monterey,2021-02-19,2951,60690,1539,29256,1412,31434,0,0,1352,27131,1598,16767,1353,43898,California
Monterey,2021-02-20,1022,61712,617,29873,405,31839,0,0,963,28036,58,16825,963,44861,California
Monterey,2021-02-21,1254,62966,1225,31098,29,31868,0,0,1183,29150,69,16894,1183,46044,California
Monterey,2021-02-22,1003,63969,854,31952,149,32017,0,0,652,29453,349,17243,652,46696,California
Monterey,2021-02-23,971,64940,624,32576,347,32364,0,0,306,29096,664,17907,307,47003,California
Monterey,2021-02-24,2482,67422,1326,33902,1156,33520,0,0,1857,30334,620,18527,1858,48861,California
Monterey,2021-02-25,4432,71854,2429,36331,2003,35523,0,0,1486,28882,2939,21466,1487,50348,California
Monterey,2021-02-26,5263,77117,3087,39418,2176,37699,0,0,2635,28893,2625,24091,2636,52984,California
Monterey,2021-02-27,1029,78146,186,39604,843,38542,0,0,813,29495,211,24302,813,53797,California
Monterey,2021-02-28,1539,79685,82,39686,1457,39999,0,0,1076,30113,458,24760,1076,54873,California
Monterey,2021-03-01,1289,80974,145,39831,1141,41140,3,3,747,30327,537,25297,751,55624,California
Monterey,2021-03-02,2804,83778,1732,41563,1072,42212,0,3,1936,31399,864,26161,1936,57560,California
Monterey,2021-03-03,3222,87000,1245,42808,1977,44189,0,3,1277,30734,1943,28104,1278,58838,California
Monterey,2021-03-04,4584,91584,1474,44282,3110,47299,0,3,2959,32072,1621,29725,2959,61797,California
Monterey,2021-03-05,3677,95261,1626,45908,1774,49073,277,280,3007,34687,669,30394,3284,65081,California
Monterey,2021-03-06,5083,100344,1081,46989,3696,52769,306,586,4168,38247,912,31306,4472,69553,California
Monterey,2021-03-07,524,100868,107,47096,170,52939,247,833,234,38436,290,31596,479,70032,California
Monterey,2021-03-08,1669,102537,327,47423,953,53892,389,1222,1120,39394,549,32145,1507,71539,California
Monterey,2021-03-09,1993,104530,695,48118,1023,54915,275,1497,1491,40657,501,32646,1764,73303,California
Monterey,2021-03-10,3190,107720,1037,49155,1663,56578,490,1987,1464,40888,1722,34368,1953,75256,California
Monterey,2021-03-11,4171,111891,1415,50570,2381,58959,375,2362,2401,41901,1763,36131,2776,78032,California
Monterey,2021-03-12,4401,116292,2053,52623,2208,61167,140,2502,2702,43046,1696,37827,2841,80873,California
Monterey,2021-03-13,5287,121579,970,53593,3970,65137,347,2849,3968,46043,1318,39145,4315,85188,California
Monterey,2021-03-14,2159,123738,1335,54928,799,65936,25,2874,577,45073,1572,40717,602,85790,California
Monterey,2021-03-15,3972,127710,1274,56202,2408,68344,290,3164,2278,45950,1690,42407,2567,88357,California
Monterey,2021-03-16,3534,131244,579,56781,2578,70922,377,3541,2113,47015,1420,43827,2485,90842,California
Monterey,2021-03-17,5835,137079,2363,59144,3215,74137,257,3798,4223,49894,1606,45433,4485,95327,California
Monterey,2021-03-18,4470,141549,2169,61313,2132,76269,169,3967,3106,51848,1358,46791,3312,98639,California
Monterey,2021-03-19,5485,147034,2564,63877,2775,79044,146,4113,4198,54911,1282,48073,4345,102984,California
Monterey,2021-03-20,3366,150400,420,64297,2251,81295,695,4808,2281,56805,1082,49155,2976,105960,California
Monterey,2021-03-21,634,151034,206,64503,419,81714,9,4817,561,57303,71,49226,569,106529,California
Monterey,2021-03-22,2498,153532,1443,65946,993,82707,62,4879,2285,59439,209,49435,2345,108874,California
Monterey,2021-03-23,4027,157559,2361,68307,1623,84330,43,4922,2563,60585,1459,50894,2605,111479,California
Monterey,2021-03-24,5124,162683,2126,70433,2686,87016,312,5234,3759,63292,1361,52255,4068,115547,California
Monterey,2021-03-25,5323,168006,1226,71659,3739,90755,358,5592,2683,63702,2632,54887,3042,118589,California
Monterey,2021-03-26,5454,173460,2620,74279,2756,93511,78,5670,2791,63920,2653,57540,2871,121460,California
Monterey,2021-03-27,4861,178321,1458,75737,3147,96658,256,5926,3124,65566,1734,59274,3380,124840,California
Monterey,2021-03-28,1120,179441,346,76083,765,97423,9,5935,626,65712,489,59763,635,125475,California
Monterey,2021-03-29,3228,182669,1413,77496,1801,99224,14,5949,2006,66522,1214,60977,2024,127499,California
Monterey,2021-03-30,4529,187198,2135,79631,2346,101570,48,5997,2789,67633,1730,62707,2841,130340,California
Monterey,2021-03-31,5440,192638,2425,82056,2219,103789,796,6793,3456,69895,1981,64688,4243,134583,California
Monterey,2021-04-01,6147,198785,2065,84121,3669,107458,413,7206,3110,70391,3022,67710,3518,138101,California
Monterey,2021-04-02,4792,203577,2268,86389,2459,109917,65,7271,3239,72148,1551,69261,3308,141409,California
Monterey,2021-04-03,5936,209513,1119,87508,3786,113703,1031,8302,1238,69724,4686,73947,2262,143671,California
Monterey,2021-04-04,774,210287,162,87670,597,114300,15,8317,498,69963,276,74223,515,144186,California
Monterey,2021-04-05,4010,214297,2477,90147,1303,115603,230,8547,1490,69168,2514,76737,1719,145905,California
Monterey,2021-04-06,3423,217720,1339,91486,1611,117214,473,9020,1161,68540,2260,78997,1632,147537,California
Monterey,2021-04-07,5622,223342,1378,92864,3731,120945,513,9533,2699,68836,2912,81909,3208,150745,California
Monterey,2021-04-08,6593,229935,3468,96332,2322,123267,803,10336,3239,69531,3348,85257,4043,154788,California
Monterey,2021-04-09,5625,235560,3364,99696,1625,124892,636,10972,2261,69064,3361,88618,2894,157682,California
Monterey,2021-04-10,10105,245665,4884,104580,3068,127960,2153,13125,4906,70932,5189,93807,7057,164739,California
Monterey,2021-04-11,5418,251083,4248,108828,567,128527,603,13728,4372,74862,1040,94847,4970,169709,California
Monterey,2021-04-12,4103,255186,1849,110677,1935,130462,319,14047,927,73070,3038,97885,1246,170955,California
Monterey,2021-04-13,3185,258371,730,111407,2450,132912,5,14052,1518,72947,1648,99533,1525,172480,California
Monterey,2021-04-14,6734,265105,3138,114545,3593,136505,3,14055,1834,69901,4883,104416,1837,174317,California
Monterey,2021-04-15,5891,270996,3904,118449,1987,138492,0,14055,3868,71777,1993,106409,3869,178186,California
Monterey,2021-04-16,4843,275839,2442,120891,2387,140879,14,14069,2250,71461,2581,108990,2265,180451,California
Monterey,2021-04-17,5558,281397,1356,122247,4202,145081,0,14069,3693,73303,1851,110841,3693,184144,California
Monterey,2021-04-18,843,282240,256,122503,587,145668,0,14069,237,72938,602,111443,237,184381,California
Monterey,2021-04-19,3734,285974,1290,123793,2444,148112,0,14069,1773,72758,1953,113396,1773,186154,California
Monterey,2021-04-20,3851,289825,1582,125375,2269,150381,0,14069,1591,72112,2238,115634,1592,187746,California
Monterey,2021-04-21,5931,295756,3178,128553,2753,153134,0,14069,2860,71938,3036,118670,2862,190608,California
Monterey,2021-04-22,4831,300587,1029,129582,3802,156936,0,14069,1987,71121,2804,121474,1987,192595,California
Monterey,2021-04-23,5770,306357,2634,132216,3135,160071,1,14070,2236,69848,3514,124988,2241,194836,California
Monterey,2021-04-24,4175,310532,587,132803,3588,163659,0,14070,1540,68769,2619,127607,1540,196376,California
Monterey,2021-04-25,1243,311775,610,133413,633,164292,0,14070,793,69122,440,128047,793,197169,California
Monterey,2021-04-26,3501,315276,2178,135591,1306,165598,17,14087,881,67425,2595,130642,898,198067,California
Monterey,2021-04-27,2626,317902,898,136489,1610,167208,118,14205,1147,67214,1475,132117,1264,199331,California
Monterey,2021-04-28,3609,321511,1372,137861,2084,169292,153,14358,2227,68222,1369,133486,2377,201708,California
Monterey,2021-04-29,4516,326027,2423,140284,2017,171309,76,14434,1653,67100,2852,136338,1730,203438,California
Monterey,2021-04-30,3184,329211,1657,141941,1452,172761,75,14509,786,65570,2389,138727,859,204297,California
Monterey,2021-05-01,5614,334825,4238,146179,1336,174097,40,14549,681,61373,4916,143643,719,205016,California
Monterey,2021-05-02,4361,339186,3934,150113,400,174497,27,14576,326,57704,4022,147665,353,205369,California
Monterey,2021-05-03,2549,341735,1567,151680,866,175363,116,14692,599,56479,1940,149605,715,206084,California
Monterey,2021-05-04,1789,343524,600,152280,1099,176462,90,14782,646,56086,1130,150735,737,206821,California
Monterey,2021-05-05,3315,346839,1195,153475,2035,178497,85,14867,1044,54956,2260,152995,1130,207951,California
Monterey,2021-05-06,4175,351014,2749,156224,1209,179706,217,15084,1126,53266,3033,156028,1343,209294,California
Monterey,2021-05-07,1990,353004,973,157197,918,180624,99,15183,703,52788,1279,157307,801,210095,California
Monterey,2021-05-08,2578,355582,1367,158564,887,181511,324,15507,912,52365,1655,158962,1232,211327,California
Monterey,2021-05-09,398,355980,116,158680,256,181767,26,15533,145,52284,252,159214,171,211498,California
Monterey,2021-05-10,2591,358571,1859,160539,685,182452,47,15580,330,50410,2252,161466,378,211876,California
Monterey,2021-05-11,1759,360330,905,161444,791,183243,63,15643,728,50186,1016,162482,792,212668,California
Monterey,2021-05-12,3665,363995,1965,163409,1627,184870,73,15716,783,48171,2872,165354,857,213525,California
Monterey,2021-05-13,2285,366280,1310,164719,919,185789,56,15772,1261,48472,1014,166368,1315,214840,California
Monterey,2021-05-14,1736,368016,497,165216,1165,186954,74,15846,695,48207,1033,167401,768,215608,California
Monterey,2021-05-15,2972,370988,526,165742,2211,189165,235,16081,644,46769,2316,169717,878,216486,California
Monterey,2021-05-16,877,371865,530,166272,280,189445,67,16148,223,46410,648,170365,289,216775,California
Monterey,2021-05-17,2184,374049,1286,167558,824,190269,74,16222,1037,46386,1135,171500,1111,217886,California
Monterey,2021-05-18,1728,375777,664,168222,1021,191290,43,16265,797,46305,923,172423,842,218728,California
Monterey,2021-05-19,3554,379331,2343,170565,1125,192415,86,16351,1932,46709,1615,174038,2019,220747,California
Monterey,2021-05-20,2134,381465,772,171337,1282,193697,80,16431,691,46053,1430,175468,774,221521,California
Monterey,2021-05-21,2229,383694,951,172288,1222,194919,56,16487,591,45065,1634,177102,646,222167,California
Napa,2020-12-16,12,12,12,12,0,0,0,0,12,12,0,0,12,12,California
Napa,2020-12-17,44,56,44,56,0,0,0,0,44,56,0,0,44,56,California
Napa,2020-12-18,102,158,102,158,0,0,0,0,102,158,0,0,102,158,California
Napa,2020-12-19,221,379,221,379,0,0,0,0,221,379,0,0,221,379,California
Napa,2020-12-20,190,569,190,569,0,0,0,0,190,569,0,0,190,569,California
Napa,2020-12-21,314,883,314,883,0,0,0,0,315,884,0,0,315,884,California
Napa,2020-12-22,341,1224,332,1215,9,9,0,0,341,1225,0,0,341,1225,California
Napa,2020-12-23,430,1654,320,1535,110,119,0,0,430,1655,0,0,430,1655,California
Napa,2020-12-24,139,1793,78,1613,61,180,0,0,139,1794,0,0,139,1794,California
Napa,2020-12-25,1,1794,1,1614,0,180,0,0,1,1795,0,0,1,1795,California
Napa,2020-12-26,39,1833,11,1625,28,208,0,0,39,1834,0,0,39,1834,California
Napa,2020-12-27,32,1865,16,1641,16,224,0,0,32,1866,0,0,32,1866,California
Napa,2020-12-28,252,2117,186,1827,66,290,0,0,281,2147,0,0,281,2147,California
Napa,2020-12-29,271,2388,214,2041,57,347,0,0,304,2451,0,0,304,2451,California
Napa,2020-12-30,631,3019,486,2527,145,492,0,0,639,3090,0,0,639,3090,California
Napa,2020-12-31,460,3479,371,2898,89,581,0,0,460,3550,0,0,460,3550,California
Napa,2021-01-01,1,3480,1,2899,0,581,0,0,1,3551,0,0,1,3551,California
Napa,2021-01-02,98,3578,93,2992,5,586,0,0,98,3649,0,0,98,3649,California
Napa,2021-01-03,13,3591,11,3003,2,588,0,0,9,3658,0,0,9,3658,California
Napa,2021-01-04,106,3697,63,3066,43,631,0,0,106,3764,0,0,106,3764,California
Napa,2021-01-05,162,3859,85,3151,77,708,0,0,145,3885,24,24,145,3909,California
Napa,2021-01-06,459,4318,113,3264,346,1054,0,0,396,4220,61,85,396,4305,California
Napa,2021-01-07,499,4817,235,3499,264,1318,0,0,398,4518,100,185,398,4703,California
Napa,2021-01-08,445,5262,230,3729,215,1533,0,0,261,4596,183,368,261,4964,California
Napa,2021-01-09,327,5589,302,4031,25,1558,0,0,190,4649,137,505,190,5154,California
Napa,2021-01-10,185,5774,102,4133,83,1641,0,0,108,4680,77,582,108,5262,California
Napa,2021-01-11,881,6655,427,4560,454,2095,0,0,507,4814,375,957,509,5771,California
Napa,2021-01-12,1318,7973,373,4933,945,3040,0,0,1000,5496,318,1275,1000,6771,California
Napa,2021-01-13,1313,9286,265,5198,1048,4088,0,0,1150,6485,162,1437,1151,7922,California
Napa,2021-01-14,1051,10337,171,5369,880,4968,0,0,933,7302,116,1553,933,8855,California
Napa,2021-01-15,1457,11794,384,5753,1073,6041,0,0,1308,8454,157,1710,1309,10164,California
Napa,2021-01-16,357,12151,133,5886,224,6265,0,0,340,8777,17,1727,340,10504,California
Napa,2021-01-17,338,12489,173,6059,165,6430,0,0,328,9095,10,1737,328,10832,California
Napa,2021-01-18,1079,13568,197,6256,882,7312,0,0,988,9992,91,1828,988,11820,California
Napa,2021-01-19,1009,14577,405,6661,604,7916,0,0,766,10516,242,2070,766,12586,California
Napa,2021-01-20,827,15404,187,6848,640,8556,0,0,643,10977,182,2252,643,13229,California
Napa,2021-01-21,1335,16739,373,7221,962,9518,0,0,1080,11804,254,2506,1081,14310,California
Napa,2021-01-22,1544,18283,414,7635,1130,10648,0,0,1217,12696,326,2832,1218,15528,California
Napa,2021-01-23,398,18681,318,7953,80,10728,0,0,336,12970,62,2894,336,15864,California
Napa,2021-01-24,264,18945,187,8140,77,10805,0,0,207,13120,57,2951,207,16071,California
Napa,2021-01-25,1521,20466,229,8369,1292,12097,0,0,1431,14461,90,3041,1431,17502,California
Napa,2021-01-26,877,21343,285,8654,592,12689,0,0,785,15155,92,3133,786,18288,California
Napa,2021-01-27,628,21971,220,8874,408,13097,0,0,471,15469,158,3291,472,18760,California
Napa,2021-01-28,387,22358,175,9049,212,13309,0,0,196,15476,189,3480,196,18956,California
Napa,2021-01-29,254,22612,63,9112,191,13500,0,0,159,15540,95,3575,159,19115,California
Napa,2021-01-30,806,23418,697,9809,109,13609,0,0,640,16014,166,3741,640,19755,California
Napa,2021-01-31,652,24070,621,10430,31,13640,0,0,629,16620,23,3764,629,20384,California
Napa,2021-02-01,320,24390,112,10542,208,13848,0,0,164,16628,156,3920,164,20548,California
Napa,2021-02-02,606,24996,279,10821,327,14175,0,0,297,16619,306,4226,297,20845,California
Napa,2021-02-03,744,25740,308,11129,436,14611,0,0,429,16734,314,4540,429,21274,California
Napa,2021-02-04,787,26527,370,11499,417,15028,0,0,438,16825,347,4887,438,21712,California
Napa,2021-02-05,709,27236,308,11807,401,15429,0,0,342,16800,367,5254,342,22054,California
Napa,2021-02-06,434,27670,146,11953,288,15717,0,0,328,17022,106,5360,328,22382,California
Napa,2021-02-07,173,27843,160,12113,13,15730,0,0,71,16991,102,5462,71,22453,California
Napa,2021-02-08,835,28678,191,12304,644,16374,0,0,274,16707,558,6020,274,22727,California
Napa,2021-02-09,1083,29761,448,12752,635,17009,0,0,440,16505,642,6662,440,23167,California
Napa,2021-02-10,1724,31485,193,12945,1531,18540,0,0,451,15687,1270,7932,452,23619,California
Napa,2021-02-11,1492,32977,192,13137,1300,19840,0,0,405,15018,1074,9006,405,24024,California
Napa,2021-02-12,2170,35147,844,13981,1326,21166,0,0,729,14310,1437,10443,729,24753,California
Napa,2021-02-13,503,35650,53,14034,450,21616,0,0,317,14441,186,10629,317,25070,California
Napa,2021-02-14,354,36004,86,14120,268,21884,0,0,192,14471,162,10791,192,25262,California
Napa,2021-02-15,876,36880,182,14302,694,22578,0,0,223,14043,651,11442,223,25485,California
Napa,2021-02-16,1287,38167,596,14898,691,23269,0,0,613,13984,672,12114,613,26098,California
Napa,2021-02-17,1048,39215,531,15429,517,23786,0,0,477,13893,569,12683,478,26576,California
Napa,2021-02-18,1902,41117,485,15914,1417,25203,0,0,660,13314,1239,13922,660,27236,California
Napa,2021-02-19,1479,42596,585,16499,894,26097,0,0,675,13186,803,14725,675,27911,California
Napa,2021-02-20,821,43417,596,17095,225,26322,0,0,274,12913,547,15272,274,28185,California
Napa,2021-02-21,816,44233,752,17847,64,26386,0,0,212,12521,604,15876,212,28397,California
Napa,2021-02-22,445,44678,189,18036,256,26642,0,0,140,12356,305,16181,140,28537,California
Napa,2021-02-23,1130,45808,306,18342,824,27466,0,0,315,11856,815,16996,315,28852,California
Napa,2021-02-24,1165,46973,644,18986,521,27987,0,0,577,11847,586,17582,577,29429,California
Napa,2021-02-25,2560,49533,1224,20210,1336,29323,0,0,1848,12984,711,18293,1848,31277,California
Napa,2021-02-26,1506,51039,527,20737,979,30302,0,0,596,12672,908,19201,596,31873,California
Napa,2021-02-27,1117,52156,386,21123,731,31033,0,0,865,13287,250,19451,865,32738,California
Napa,2021-02-28,563,52719,461,21584,102,31135,0,0,463,13652,98,19549,463,33201,California
Napa,2021-03-01,1105,53824,817,22401,288,31423,0,0,832,14213,271,19820,832,34033,California
Napa,2021-03-02,1506,55330,1047,23448,459,31882,0,0,1165,15038,340,20160,1165,35198,California
Napa,2021-03-03,1562,56892,694,24142,868,32750,0,0,1375,16227,186,20346,1375,36573,California
Napa,2021-03-04,1713,58605,787,24929,926,33676,0,0,1474,17465,236,20582,1474,38047,California
Napa,2021-03-05,1897,60502,790,25719,1103,34779,4,4,1479,18532,416,20998,1483,39530,California
Napa,2021-03-06,653,61155,286,26005,336,35115,31,35,541,18994,110,21108,572,40102,California
Napa,2021-03-07,519,61674,316,26321,188,35303,15,50,375,19240,144,21252,390,40492,California
Napa,2021-03-08,712,62386,335,26656,324,35627,53,103,535,19653,175,21427,588,41080,California
Napa,2021-03-09,1682,64068,603,27259,1033,36660,46,149,1248,20516,431,21858,1294,42374,California
Napa,2021-03-10,1494,65562,921,28180,479,37139,94,243,795,20708,695,22553,887,43261,California
Napa,2021-03-11,1877,67439,1059,29239,688,37827,130,373,985,20931,892,23445,1115,44376,California
Napa,2021-03-12,1515,68954,917,30156,502,38329,96,469,808,21129,705,24150,903,45279,California
Napa,2021-03-13,1170,70124,304,30460,841,39170,25,494,830,21646,338,24488,855,46134,California
Napa,2021-03-14,618,70742,335,30795,135,39305,148,642,217,21610,400,24888,364,46498,California
Napa,2021-03-15,953,71695,410,31205,473,39778,70,712,480,21689,471,25359,550,47048,California
Napa,2021-03-16,1846,73541,392,31597,1327,41105,127,839,1378,22730,465,25824,1506,48554,California
Napa,2021-03-17,2507,76048,1849,33446,479,41584,179,1018,1595,23593,911,26735,1774,50328,California
Napa,2021-03-18,2130,78178,939,34385,1181,42765,10,1028,1301,24078,826,27561,1311,51639,California
Napa,2021-03-19,1450,79628,878,35263,544,43309,28,1056,709,24077,738,28299,737,52376,California
Napa,2021-03-20,1008,80636,530,35793,325,43634,153,1209,426,24075,581,28880,579,52955,California
Napa,2021-03-21,704,81340,681,36474,20,43654,3,1212,348,24071,355,29235,351,53306,California
Napa,2021-03-22,1298,82638,1122,37596,165,43819,11,1223,496,23781,797,30032,507,53813,California
Napa,2021-03-23,1873,84511,1180,38776,676,44495,17,1240,1003,23935,866,30898,1020,54833,California
Napa,2021-03-24,1708,86219,945,39721,755,45250,8,1248,818,23872,889,31787,826,55659,California
Napa,2021-03-25,1924,88143,1053,40774,817,46067,54,1302,767,23542,1151,32938,821,56480,California
Napa,2021-03-26,1306,89449,838,41612,462,46529,6,1308,591,23429,710,33648,597,57077,California
Napa,2021-03-27,941,90390,433,42045,481,47010,27,1335,313,23141,628,34276,340,57417,California
Napa,2021-03-28,488,90878,377,42422,104,47114,7,1342,181,23023,306,34582,188,57605,California
Napa,2021-03-29,1199,92077,874,43296,320,47434,5,1347,728,23286,470,35052,733,58338,California
Napa,2021-03-30,2559,94636,933,44229,1622,49056,4,1351,1745,24221,814,35866,1749,60087,California
Napa,2021-03-31,1972,96608,963,45192,940,49996,69,1420,803,23925,1166,37032,870,60957,California
Napa,2021-04-01,1747,98355,841,46033,788,50784,118,1538,479,23260,1262,38294,597,61554,California
Napa,2021-04-02,1862,100217,835,46868,885,51669,142,1680,477,22497,1382,39676,619,62173,California
Napa,2021-04-03,631,100848,366,47234,206,51875,59,1739,212,22348,419,40095,270,62443,California
Napa,2021-04-04,357,101205,144,47378,155,52030,58,1797,124,22298,232,40327,182,62625,California
Napa,2021-04-05,1271,102476,758,48136,294,52324,219,2016,573,22393,697,41024,792,63417,California
Napa,2021-04-06,2235,104711,559,48695,1421,53745,255,2271,512,21440,1720,42744,767,64184,California
Napa,2021-04-07,1725,106436,702,49397,802,54547,221,2492,517,20974,1203,43947,737,64921,California
Napa,2021-04-08,1852,108288,1062,50459,418,54965,372,2864,958,21413,890,44837,1329,66250,California
Napa,2021-04-09,1533,109821,920,51379,311,55276,302,3166,673,21529,858,45695,974,67224,California
Napa,2021-04-10,1028,110849,345,51724,583,55859,100,3266,238,21077,789,46484,337,67561,California
Napa,2021-04-11,384,111233,298,52022,63,55922,23,3289,156,21028,228,46712,179,67740,California
Napa,2021-04-12,788,112021,304,52326,360,56282,124,3413,290,20942,497,47209,411,68151,California
Napa,2021-04-13,2537,114558,845,53171,1692,57974,0,3413,928,20266,1604,48813,928,69079,California
Napa,2021-04-14,2069,116627,981,54152,1088,59062,0,3413,1001,20207,1060,49873,1001,70080,California
Napa,2021-04-15,2055,118682,528,54680,1527,60589,0,3413,874,19906,1175,51048,874,70954,California
Napa,2021-04-16,2899,121581,1576,56256,1323,61912,0,3413,2185,21379,712,51760,2185,73139,California
Napa,2021-04-17,1130,122711,267,56523,863,62775,0,3413,831,21912,298,52058,831,73970,California
Napa,2021-04-18,265,122976,172,56695,93,62868,0,3413,119,21885,146,52204,119,74089,California
Napa,2021-04-19,609,123585,338,57033,271,63139,0,3413,265,21807,343,52547,265,74354,California
Napa,2021-04-20,3033,126618,2060,59093,973,64112,0,3413,2081,22938,951,53498,2082,76436,California
Napa,2021-04-21,2916,129534,2155,61248,761,64873,0,3413,1851,23731,1059,54557,1852,78288,California
Napa,2021-04-22,1633,131167,1127,62375,506,65379,0,3413,835,23773,793,55350,835,79123,California
Napa,2021-04-23,1623,132790,1246,63621,375,65754,2,3415,1147,24448,472,55822,1147,80270,California
Napa,2021-04-24,558,133348,316,63937,242,65996,0,3415,284,24461,271,56093,284,80554,California
Napa,2021-04-25,250,133598,192,64129,58,66054,0,3415,130,24472,119,56212,130,80684,California
Napa,2021-04-26,507,134105,263,64392,244,66298,0,3415,263,24495,240,56452,263,80947,California
Napa,2021-04-27,1677,135782,436,64828,1230,67528,11,3426,698,24228,976,57428,709,81656,California
Napa,2021-04-28,970,136752,426,65254,527,68055,17,3443,316,23908,653,58081,333,81989,California
Napa,2021-04-29,646,137398,325,65579,302,68357,19,3462,199,23684,441,58522,217,82206,California
Napa,2021-04-30,603,138001,303,65882,236,68593,64,3526,250,23645,352,58874,313,82519,California
Napa,2021-05-01,323,138324,266,66148,46,68639,11,3537,119,23571,204,59078,130,82649,California
Napa,2021-05-02,237,138561,193,66341,38,68677,6,3543,99,23539,137,59215,105,82754,California
Napa,2021-05-03,623,139184,498,66839,90,68767,35,3578,103,23162,516,59731,139,82893,California
Napa,2021-05-04,1124,140308,716,67555,298,69065,110,3688,294,22740,826,60557,404,83297,California
Napa,2021-05-05,1017,141325,686,68241,295,69360,36,3724,256,22274,758,61315,292,83589,California
Napa,2021-05-06,711,142036,313,68554,375,69735,23,3747,367,22329,335,61650,390,83979,California
Napa,2021-05-07,559,142595,357,68911,158,69893,44,3791,174,22165,381,62031,217,84196,California
Napa,2021-05-08,254,142849,163,69074,80,69973,11,3802,89,22101,164,62195,100,84296,California
Napa,2021-05-09,108,142957,77,69151,31,70004,0,3802,50,22093,58,62253,50,84346,California
Napa,2021-05-10,417,143374,140,69291,258,70262,19,3821,108,21912,308,62561,127,84473,California
Napa,2021-05-11,2151,145525,1772,71063,353,70615,26,3847,368,20529,1777,64338,394,84867,California
Napa,2021-05-12,2153,147678,1346,72409,754,71369,53,3900,309,19052,1839,66177,362,85229,California
Napa,2021-05-13,1820,149498,1129,73538,653,72022,38,3938,766,18809,1047,67224,804,86033,California
Napa,2021-05-14,1864,151362,1100,74638,681,72703,83,4021,512,18059,1346,68570,596,86629,California
Napa,2021-05-15,1053,152415,347,74985,695,73398,11,4032,261,17544,788,69358,273,86902,California
Napa,2021-05-16,238,152653,159,75144,77,73475,2,4034,67,17442,171,69529,69,86971,California
Napa,2021-05-17,876,153529,345,75489,501,73976,30,4064,310,17273,509,70038,340,87311,California
Napa,2021-05-18,1032,154561,540,76029,435,74411,57,4121,496,17295,531,70569,553,87864,California
Napa,2021-05-19,915,155476,534,76563,351,74762,30,4151,513,17437,400,70969,542,88406,California
Napa,2021-05-20,554,156030,378,76941,151,74913,25,4176,369,17646,185,71154,394,88800,California
Napa,2021-05-21,272,156302,121,77062,127,75040,24,4200,118,17634,154,71308,142,88942,California
Nevada,2020-12-16,3,3,3,3,0,0,0,0,3,3,0,0,3,3,California
Nevada,2020-12-17,6,9,6,9,0,0,0,0,6,9,0,0,6,9,California
Nevada,2020-12-18,52,61,52,61,0,0,0,0,52,61,0,0,52,61,California
Nevada,2020-12-19,55,116,55,116,0,0,0,0,55,116,0,0,55,116,California
Nevada,2020-12-20,12,128,12,128,0,0,0,0,12,128,0,0,12,128,California
Nevada,2020-12-21,69,197,69,197,0,0,0,0,69,197,0,0,69,197,California
Nevada,2020-12-22,90,287,88,285,2,2,0,0,90,287,0,0,90,287,California
Nevada,2020-12-23,233,520,202,487,31,33,0,0,233,520,0,0,233,520,California
Nevada,2020-12-24,13,533,11,498,2,35,0,0,13,533,0,0,13,533,California
Nevada,2020-12-25,3,536,3,501,0,35,0,0,3,536,0,0,3,536,California
Nevada,2020-12-26,6,542,4,505,2,37,0,0,6,542,0,0,6,542,California
Nevada,2020-12-27,88,630,88,593,0,37,0,0,88,630,0,0,88,630,California
Nevada,2020-12-28,169,799,92,685,77,114,0,0,169,799,0,0,169,799,California
Nevada,2020-12-29,99,898,73,758,26,140,0,0,99,898,0,0,99,898,California
Nevada,2020-12-30,86,984,66,824,20,160,0,0,86,984,0,0,86,984,California
Nevada,2020-12-31,39,1023,9,833,30,190,0,0,39,1023,0,0,39,1023,California
Nevada,2021-01-01,2,1025,0,833,2,192,0,0,2,1025,0,0,2,1025,California
Nevada,2021-01-02,1,1026,1,834,0,192,0,0,1,1026,0,0,1,1026,California
Nevada,2021-01-03,129,1155,126,960,3,195,0,0,129,1155,0,0,129,1155,California
Nevada,2021-01-04,71,1226,47,1007,24,219,0,0,71,1226,0,0,71,1226,California
Nevada,2021-01-05,273,1499,132,1139,141,360,0,0,272,1497,1,1,272,1498,California
Nevada,2021-01-06,91,1590,43,1182,48,408,0,0,83,1572,8,9,83,1581,California
Nevada,2021-01-07,215,1805,43,1225,172,580,0,0,208,1775,6,15,209,1790,California
Nevada,2021-01-08,223,2028,129,1354,94,674,0,0,170,1893,53,68,171,1961,California
Nevada,2021-01-09,63,2091,56,1410,7,681,0,0,15,1860,48,116,15,1976,California
Nevada,2021-01-10,18,2109,9,1419,9,690,0,0,10,1862,8,124,10,1986,California
Nevada,2021-01-11,185,2294,131,1550,54,744,0,0,57,1791,128,252,57,2043,California
Nevada,2021-01-12,595,2889,449,1999,146,890,0,0,529,2254,66,318,529,2572,California
Nevada,2021-01-13,258,3147,145,2144,113,1003,0,0,125,2246,133,451,125,2697,California
Nevada,2021-01-14,237,3384,127,2271,110,1113,0,0,219,2448,17,468,219,2916,California
Nevada,2021-01-15,395,3779,170,2441,225,1338,0,0,297,2647,98,566,297,3213,California
Nevada,2021-01-16,297,4076,15,2456,282,1620,0,0,293,2936,4,570,293,3506,California
Nevada,2021-01-17,36,4112,32,2488,4,1624,0,0,34,2968,2,572,34,3540,California
Nevada,2021-01-18,155,4267,45,2533,110,1734,0,0,143,3099,12,584,143,3683,California
Nevada,2021-01-19,243,4510,85,2618,158,1892,0,0,223,3302,20,604,223,3906,California
Nevada,2021-01-20,269,4779,164,2782,105,1997,0,0,256,3545,13,617,256,4162,California
Nevada,2021-01-21,339,5118,207,2989,132,2129,0,0,326,3858,13,630,326,4488,California
Nevada,2021-01-22,368,5486,231,3220,137,2266,0,0,338,4166,30,660,338,4826,California
Nevada,2021-01-23,178,5664,105,3325,73,2339,0,0,178,4344,0,660,178,5004,California
Nevada,2021-01-24,105,5769,98,3423,7,2346,0,0,66,4371,39,699,66,5070,California
Nevada,2021-01-25,265,6034,136,3559,129,2475,0,0,204,4514,61,760,204,5274,California
Nevada,2021-01-26,402,6436,141,3700,261,2736,0,0,298,4708,104,864,298,5572,California
Nevada,2021-01-27,419,6855,247,3947,172,2908,0,0,395,5079,24,888,395,5967,California
Nevada,2021-01-28,470,7325,319,4266,151,3059,0,0,426,5462,43,931,426,6393,California
Nevada,2021-01-29,605,7930,394,4660,211,3270,0,0,578,6015,26,957,579,6972,California
Nevada,2021-01-30,232,8162,105,4765,127,3397,0,0,229,6241,3,960,229,7201,California
Nevada,2021-01-31,104,8266,87,4852,17,3414,0,0,102,6343,1,961,103,7304,California
Nevada,2021-02-01,291,8557,71,4923,220,3634,0,0,277,6606,14,975,277,7581,California
Nevada,2021-02-02,520,9077,182,5105,338,3972,0,0,321,6728,199,1174,321,7902,California
Nevada,2021-02-03,814,9891,573,5678,241,4213,0,0,760,7435,53,1227,760,8662,California
Nevada,2021-02-04,737,10628,388,6066,349,4562,0,0,487,7673,249,1476,487,9149,California
Nevada,2021-02-05,648,11276,368,6434,280,4842,0,0,458,7943,188,1664,458,9607,California
Nevada,2021-02-06,269,11545,82,6516,187,5029,0,0,242,8158,27,1691,242,9849,California
Nevada,2021-02-07,247,11792,194,6710,53,5082,0,0,193,8297,54,1745,193,10042,California
Nevada,2021-02-08,652,12444,407,7117,245,5327,0,0,551,8747,101,1846,551,10593,California
Nevada,2021-02-09,602,13046,337,7454,265,5592,0,0,464,9073,138,1984,464,11057,California
Nevada,2021-02-10,650,13696,325,7779,325,5917,0,0,419,9262,231,2215,420,11477,California
Nevada,2021-02-11,872,14568,505,8284,367,6284,0,0,544,9479,327,2542,544,12021,California
Nevada,2021-02-12,941,15509,438,8722,503,6787,0,0,621,9783,317,2859,621,12642,California
Nevada,2021-02-13,601,16110,236,8958,365,7152,0,0,387,9962,209,3068,388,13030,California
Nevada,2021-02-14,231,16341,120,9078,111,7263,0,0,203,10137,28,3096,203,13233,California
Nevada,2021-02-15,713,17054,438,9516,275,7538,0,0,539,10502,174,3270,539,13772,California
Nevada,2021-02-16,622,17676,199,9715,423,7961,0,0,455,10791,166,3436,455,14227,California
Nevada,2021-02-17,1184,18860,763,10478,421,8382,0,0,856,11319,328,3764,856,15083,California
Nevada,2021-02-18,1013,19873,550,11028,463,8845,0,0,604,11516,407,4171,604,15687,California
Nevada,2021-02-19,1013,20886,631,11659,382,9227,0,0,650,11805,362,4533,651,16338,California
Nevada,2021-02-20,296,21182,106,11765,190,9417,0,0,171,11852,124,4657,171,16509,California
Nevada,2021-02-21,95,21277,89,11854,6,9423,0,0,8,11774,86,4743,8,16517,California
Nevada,2021-02-22,497,21774,331,12185,166,9589,0,0,350,11978,146,4889,350,16867,California
Nevada,2021-02-23,484,22258,235,12420,249,9838,0,0,220,11937,261,5150,220,17087,California
Nevada,2021-02-24,478,22736,242,12662,236,10074,0,0,254,11969,224,5374,256,17343,California
Nevada,2021-02-25,860,23596,467,13129,393,10467,0,0,432,11975,426,5800,432,17775,California
Nevada,2021-02-26,1240,24836,883,14012,357,10824,0,0,411,11560,826,6626,411,18186,California
Nevada,2021-02-27,355,25191,111,14123,244,11068,0,0,186,11577,169,6795,186,18372,California
Nevada,2021-02-28,273,25464,159,14282,114,11182,0,0,125,11555,147,6942,125,18497,California
Nevada,2021-03-01,830,26294,434,14716,396,11578,0,0,362,11451,466,7408,362,18859,California
Nevada,2021-03-02,739,27033,292,15008,447,12025,0,0,508,11732,227,7635,508,19367,California
Nevada,2021-03-03,979,28012,502,15510,476,12501,1,1,508,11771,470,8105,509,19876,California
Nevada,2021-03-04,1107,29119,617,16127,490,12991,0,1,466,11600,637,8742,466,20342,California
Nevada,2021-03-05,836,29955,474,16601,352,13343,10,11,374,11524,460,9202,384,20726,California
Nevada,2021-03-06,360,30315,121,16722,212,13555,27,38,143,11477,217,9419,170,20896,California
Nevada,2021-03-07,212,30527,110,16832,83,13638,19,57,70,11424,142,9561,89,20985,California
Nevada,2021-03-08,825,31352,555,17387,224,13862,46,103,376,11399,448,10009,423,21408,California
Nevada,2021-03-09,790,32142,404,17791,337,14199,49,152,464,11587,324,10333,512,21920,California
Nevada,2021-03-10,1002,33144,646,18437,300,14499,56,208,340,11325,657,10990,395,22315,California
Nevada,2021-03-11,1106,34250,727,19164,354,14853,25,233,550,11352,548,11538,575,22890,California
Nevada,2021-03-12,1201,35451,729,19893,442,15295,30,263,509,11200,690,12228,538,23428,California
Nevada,2021-03-13,276,35727,55,19948,216,15511,5,268,104,11137,171,12399,108,23536,California
Nevada,2021-03-14,155,35882,21,19969,128,15639,6,274,32,11052,123,12522,38,23574,California
Nevada,2021-03-15,850,36732,459,20428,379,16018,12,286,359,10935,488,13010,371,23945,California
Nevada,2021-03-16,999,37731,469,20897,468,16486,62,348,640,11279,357,13367,701,24646,California
Nevada,2021-03-17,1021,38752,453,21350,558,17044,10,358,583,11437,435,13802,593,25239,California
Nevada,2021-03-18,982,39734,532,21882,427,17471,23,381,479,11440,499,14301,502,25741,California
Nevada,2021-03-19,759,40493,441,22323,281,17752,37,418,355,11432,400,14701,392,26133,California
Nevada,2021-03-20,821,41314,92,22415,301,18053,428,846,229,11499,586,15287,653,26786,California
Nevada,2021-03-21,58,41372,32,22447,25,18078,1,847,40,11523,17,15304,41,26827,California
Nevada,2021-03-22,800,42172,518,22965,277,18355,5,852,534,11798,264,15568,539,27366,California
Nevada,2021-03-23,858,43030,390,23355,442,18797,26,878,616,12201,239,15807,642,28008,California
Nevada,2021-03-24,1023,44053,543,23898,473,19270,7,885,641,12472,376,16183,647,28655,California
Nevada,2021-03-25,907,44960,458,24356,424,19694,25,910,496,12582,410,16593,520,29175,California
Nevada,2021-03-26,1142,46102,437,24793,666,20360,39,949,818,13117,321,16914,856,30031,California
Nevada,2021-03-27,567,46669,70,24863,481,20841,16,965,385,13336,182,17096,401,30432,California
Nevada,2021-03-28,176,46845,50,24913,113,20954,13,978,38,13252,135,17231,51,30483,California
Nevada,2021-03-29,821,47666,502,25415,297,21251,22,1000,376,13207,442,17673,397,30880,California
Nevada,2021-03-30,1054,48720,482,25897,538,21789,34,1034,487,13169,559,18232,521,31401,California
Nevada,2021-03-31,1181,49901,661,26558,503,22292,17,1051,678,13369,494,18726,694,32095,California
Nevada,2021-04-01,1238,51139,721,27279,464,22756,53,1104,545,13283,684,19410,598,32693,California
Nevada,2021-04-02,1288,52427,660,27939,592,23348,36,1140,761,13557,523,19933,797,33490,California
Nevada,2021-04-03,291,52718,92,28031,161,23509,38,1178,85,13475,205,20138,123,33613,California
Nevada,2021-04-04,129,52847,43,28074,79,23588,7,1185,78,13509,51,20189,85,33698,California
Nevada,2021-04-05,931,53778,613,28687,298,23886,20,1205,620,13840,308,20497,639,34337,California
Nevada,2021-04-06,1074,54852,665,29352,266,24152,143,1348,435,13786,632,21129,578,34915,California
Nevada,2021-04-07,1145,55997,818,30170,245,24397,82,1430,610,13949,528,21657,691,35606,California
Nevada,2021-04-08,1275,57272,887,31057,305,24702,83,1513,701,14162,571,22228,784,36390,California
Nevada,2021-04-09,1243,58515,847,31904,327,25029,69,1582,841,14672,400,22628,910,37300,California
Nevada,2021-04-10,264,58779,77,31981,111,25140,76,1658,108,14701,155,22783,184,37484,California
Nevada,2021-04-11,100,58879,32,32013,64,25204,4,1662,40,14685,60,22843,44,37528,California
Nevada,2021-04-12,744,59623,539,32552,189,25393,16,1678,315,14591,425,23268,331,37859,California
Nevada,2021-04-13,881,60504,350,32902,531,25924,0,1678,466,14644,413,23681,466,38325,California
Nevada,2021-04-14,1048,61552,568,33470,480,26404,0,1678,531,14666,509,24190,531,38856,California
Nevada,2021-04-15,1069,62621,702,34172,367,26771,0,1678,615,14839,442,24632,615,39471,California
Nevada,2021-04-16,891,63512,691,34863,200,26971,0,1678,515,14979,375,25007,515,39986,California
Nevada,2021-04-17,193,63705,49,34912,144,27115,0,1678,84,14955,108,25115,84,40070,California
Nevada,2021-04-18,185,63890,20,34932,165,27280,0,1678,103,14976,82,25197,103,40173,California
Nevada,2021-04-19,749,64639,480,35412,269,27549,0,1678,304,14843,437,25634,304,40477,California
Nevada,2021-04-20,798,65437,310,35722,488,28037,0,1678,301,14653,491,26125,301,40778,California
Nevada,2021-04-21,907,66344,495,36217,412,28449,0,1678,273,14301,625,26750,273,41051,California
Nevada,2021-04-22,996,67340,621,36838,375,28824,0,1678,342,14001,642,27392,342,41393,California
Nevada,2021-04-23,1219,68559,540,37378,679,29503,0,1678,396,13585,812,28204,396,41789,California
Nevada,2021-04-24,521,69080,72,37450,449,29952,0,1678,168,13402,351,28555,168,41957,California
Nevada,2021-04-25,116,69196,60,37510,51,30003,5,1683,51,13394,64,28619,56,42013,California
Nevada,2021-04-26,711,69907,533,38043,170,30173,8,1691,203,13107,498,29117,211,42224,California
Nevada,2021-04-27,773,70680,348,38391,420,30593,5,1696,399,13145,366,29483,404,42628,California
Nevada,2021-04-28,985,71665,579,38970,401,30994,5,1701,383,12936,597,30080,388,43016,California
Nevada,2021-04-29,1010,72675,707,39677,299,31293,4,1705,274,12481,733,30813,278,43294,California
Nevada,2021-04-30,1223,73898,724,40401,490,31783,9,1714,201,11671,1020,31833,210,43504,California
Nevada,2021-05-01,143,74041,65,40466,74,31857,4,1718,63,11660,78,31911,67,43571,California
Nevada,2021-05-02,54,74095,30,40496,20,31877,4,1722,19,11648,35,31946,23,43594,California
Nevada,2021-05-03,606,74701,404,40900,183,32060,19,1741,177,11418,425,32371,195,43789,California
Nevada,2021-05-04,584,75285,169,41069,397,32457,18,1759,331,11518,249,32620,349,44138,California
Nevada,2021-05-05,731,76016,380,41449,337,32794,14,1773,318,11446,404,33024,332,44470,California
Nevada,2021-05-06,798,76814,560,42009,227,33021,11,1784,196,11059,594,33618,207,44677,California
Nevada,2021-05-07,880,77694,488,42497,357,33378,35,1819,193,10603,684,34302,228,44905,California
Nevada,2021-05-08,172,77866,20,42517,132,33510,20,1839,81,10614,90,34392,101,45006,California
Nevada,2021-05-09,41,77907,7,42524,32,33542,2,1841,18,10611,23,34415,20,45026,California
Nevada,2021-05-10,386,78293,245,42769,117,33659,24,1865,74,10397,312,34727,98,45124,California
Nevada,2021-05-11,510,78803,150,42919,347,34006,13,1878,127,10162,375,35102,140,45264,California
Nevada,2021-05-12,531,79334,228,43147,292,34298,11,1889,149,9948,374,35476,160,45424,California
Nevada,2021-05-13,797,80131,533,43680,257,34555,7,1896,410,9987,378,35854,417,45841,California
Nevada,2021-05-14,767,80898,579,44259,171,34726,17,1913,428,10096,336,36190,445,46286,California
Nevada,2021-05-15,180,81078,82,44341,90,34816,8,1921,83,10091,96,36286,91,46377,California
Nevada,2021-05-16,154,81232,51,44392,103,34919,0,1921,53,10043,101,36387,53,46430,California
Nevada,2021-05-17,491,81723,313,44705,148,35067,30,1951,216,10024,265,36652,246,46676,California
Nevada,2021-05-18,410,82133,253,44958,153,35220,4,1955,220,10059,189,36841,224,46900,California
Nevada,2021-05-19,488,82621,356,45314,129,35349,3,1958,255,10093,224,37065,258,47158,California
Nevada,2021-05-20,553,83174,318,45632,225,35574,10,1968,197,9949,351,37416,207,47365,California
Nevada,2021-05-21,326,83500,250,45882,69,35643,7,1975,148,9928,176,37592,155,47520,California
Orange,2020-12-15,16,16,16,16,0,0,0,0,16,16,0,0,16,16,California
Orange,2020-12-16,387,403,387,403,0,0,0,0,387,403,0,0,387,403,California
Orange,2020-12-17,3734,4137,3734,4137,0,0,0,0,3733,4136,0,0,3733,4136,California
Orange,2020-12-18,5065,9202,5057,9194,8,8,0,0,5064,9200,0,0,5064,9200,California
Orange,2020-12-19,2233,11435,2226,11420,7,15,0,0,2232,11432,0,0,2232,11432,California
Orange,2020-12-20,1988,13423,1985,13405,3,18,0,0,1989,13421,0,0,1989,13421,California
Orange,2020-12-21,4258,17681,4252,17657,6,24,0,0,4258,17679,0,0,4258,17679,California
Orange,2020-12-22,3988,21669,3953,21610,35,59,0,0,3988,21667,0,0,3988,21667,California
Orange,2020-12-23,3584,25253,3220,24830,364,423,0,0,3586,25253,0,0,3586,25253,California
Orange,2020-12-24,1381,26634,1078,25908,303,726,0,0,1381,26634,0,0,1381,26634,California
Orange,2020-12-25,17,26651,12,25920,5,731,0,0,17,26651,0,0,17,26651,California
Orange,2020-12-26,1024,27675,422,26342,602,1333,0,0,1024,27675,0,0,1024,27675,California
Orange,2020-12-27,581,28256,275,26617,306,1639,0,0,581,28256,0,0,581,28256,California
Orange,2020-12-28,3612,31868,2637,29254,975,2614,0,0,3612,31868,0,0,3612,31868,California
Orange,2020-12-29,3501,35369,2488,31742,1013,3627,0,0,3500,35367,1,1,3500,35368,California
Orange,2020-12-30,5120,40489,3544,35286,1576,5203,0,0,5120,40487,0,1,5120,40488,California
Orange,2020-12-31,1500,41989,802,36088,698,5901,0,0,1499,41985,1,2,1499,41987,California
Orange,2021-01-01,561,42550,305,36393,256,6157,0,0,560,42544,1,3,560,42547,California
Orange,2021-01-02,1354,43904,840,37233,514,6671,0,0,1354,43898,0,3,1354,43901,California
Orange,2021-01-03,583,44487,323,37556,260,6931,0,0,583,44481,0,3,583,44484,California
Orange,2021-01-04,2752,47239,1562,39118,1190,8121,0,0,2753,47233,1,4,2753,47237,California
Orange,2021-01-05,3537,50776,2302,41420,1235,9356,0,0,3129,49961,404,408,3132,50369,California
Orange,2021-01-06,5005,55781,3459,44879,1546,10902,0,0,3638,52244,1355,1763,3638,54007,California
Orange,2021-01-07,9287,65068,5177,50056,4110,15012,0,0,5708,54390,3566,5329,5712,59719,California
Orange,2021-01-08,9433,74501,5275,55331,4158,19170,0,0,5661,56292,3762,9091,5664,65383,California
Orange,2021-01-09,5016,79517,1745,57076,3271,22441,0,0,3733,58742,1283,10374,3733,69116,California
Orange,2021-01-10,4244,83761,1044,58120,3200,25641,0,0,3363,61229,880,11254,3367,72483,California
Orange,2021-01-11,9452,93213,4910,63030,4542,30183,0,0,5827,63429,3628,14882,5828,78311,California
Orange,2021-01-12,8932,102145,4832,67862,4100,34283,0,0,5462,65424,3468,18350,5463,83774,California
Orange,2021-01-13,10271,112416,4927,72789,5344,39627,0,0,7062,69288,3205,21555,7069,90843,California
Orange,2021-01-14,9983,122399,3784,76573,6199,45826,0,0,8393,76099,1588,23143,8399,99242,California
Orange,2021-01-15,10191,132590,2628,79201,7563,53389,0,0,9311,84528,888,24031,9317,108559,California
Orange,2021-01-16,8712,141302,2093,81294,6619,60008,0,0,8316,92454,395,24426,8321,116880,California
Orange,2021-01-17,8162,149464,1484,82778,6678,66686,0,0,8015,100332,147,24573,8025,124905,California
Orange,2021-01-18,9701,159165,4405,87183,5296,71982,0,0,7440,105512,2263,26836,7443,132348,California
Orange,2021-01-19,7533,166698,5450,92633,2083,74065,0,0,4902,107784,2631,29467,4903,137251,California
Orange,2021-01-20,8372,175070,5899,98532,2473,76538,0,0,5323,110064,3050,32517,5330,142581,California
Orange,2021-01-21,11016,186086,4902,103434,6114,82652,0,0,10196,119452,819,33336,10207,152788,California
Orange,2021-01-22,13690,199776,5156,108590,8534,91186,0,0,12832,131441,851,34187,12840,165628,California
Orange,2021-01-23,13152,212928,6191,114781,6961,98147,0,0,12225,142749,925,35112,12233,177861,California
Orange,2021-01-24,9822,222750,4294,119075,5528,103675,0,0,9490,151914,329,35441,9494,187355,California
Orange,2021-01-25,10461,233211,5869,124944,4592,108267,0,0,7727,156918,2728,38169,7732,195087,California
Orange,2021-01-26,11903,245114,7717,132661,4186,112453,0,0,9731,164484,2168,40337,9734,204821,California
Orange,2021-01-27,13443,258557,8013,140674,5430,117883,0,0,10734,172525,2698,43035,10739,215560,California
Orange,2021-01-28,13056,271613,7220,147894,5836,123719,0,0,11173,181838,1868,44903,11181,226741,California
Orange,2021-01-29,13650,285263,8455,156349,5195,128914,0,0,10750,189707,2884,47787,10753,237494,California
Orange,2021-01-30,12974,298237,4477,160826,8497,137411,0,0,12199,201149,760,48547,12202,249696,California
Orange,2021-01-31,13704,311941,4925,165751,8779,146190,0,0,13261,213980,437,48984,13268,262964,California
Orange,2021-02-01,14805,326746,6501,172252,8304,154494,0,0,12338,223879,2445,51429,12344,275308,California
Orange,2021-02-02,15028,341774,7958,180210,7070,161564,0,0,12555,233996,2442,53871,12559,287867,California
Orange,2021-02-03,16586,358360,12402,192612,4184,165748,0,0,13630,244753,2878,56749,13635,301502,California
Orange,2021-02-04,19943,378303,13049,205661,6894,172642,0,0,14837,254522,5076,61825,14845,316347,California
Orange,2021-02-05,20746,399049,11992,217653,8754,181396,0,0,14440,262702,6265,68090,14445,330792,California
Orange,2021-02-06,16373,415422,10823,228476,5550,186946,0,0,11103,268768,5255,73345,11321,342113,California
Orange,2021-02-07,11529,426951,8101,236577,3428,190374,0,0,7550,272524,3963,77308,7719,349832,California
Orange,2021-02-08,15018,441969,8641,245218,6377,196751,0,0,8993,275519,5999,83307,8994,358826,California
Orange,2021-02-09,17740,459709,12083,257301,5657,202408,0,0,10708,279273,6959,90266,10713,369539,California
Orange,2021-02-10,20906,480615,11162,268463,9744,212152,0,0,12692,283853,8121,98387,12701,382240,California
Orange,2021-02-11,22148,502763,11522,279985,10626,222778,0,0,12401,286657,9615,108002,12419,394659,California
Orange,2021-02-12,24870,527633,11982,291967,12888,235666,0,0,14638,291132,10169,118171,14644,409303,California
Orange,2021-02-13,22009,549642,11900,303867,10109,245775,0,0,11160,292236,10698,128869,11802,421105,California
Orange,2021-02-14,16166,565808,6535,310402,9631,255406,0,0,9538,295173,6602,135471,9539,430644,California
Orange,2021-02-15,17264,583072,7400,317802,9864,265270,0,0,8899,295758,8323,143794,8908,439552,California
Orange,2021-02-16,19972,603044,9002,326804,10970,276240,0,0,10749,297358,9173,152967,10773,450325,California
Orange,2021-02-17,17950,620994,9363,336167,8587,284827,0,0,9216,297922,8683,161650,9247,459572,California
Orange,2021-02-18,15061,636055,9887,346054,5174,290001,0,0,6807,296538,8201,169851,6817,466389,California
Orange,2021-02-19,18195,654250,10877,356931,7318,297319,0,0,6933,292273,11210,181061,6945,473334,California
Orange,2021-02-20,7531,661781,5621,362552,1910,299229,0,0,3783,292340,3726,184787,3793,477127,California
Orange,2021-02-21,4576,666357,3888,366440,688,299917,0,0,934,289671,3603,188390,934,478061,California
Orange,2021-02-22,9688,676045,7904,374344,1784,301701,0,0,3913,287854,5745,194135,3928,481989,California
Orange,2021-02-23,13350,689395,7318,381662,6032,307733,0,0,3518,281616,9769,203904,3531,485520,California
Orange,2021-02-24,21167,710562,12830,394492,8337,316070,0,0,5400,271333,15701,219605,5418,490938,California
Orange,2021-02-25,22712,733274,12316,406808,10396,326466,0,0,8002,264713,14638,234243,8018,498956,California
Orange,2021-02-26,27839,761113,14087,420895,13752,340218,0,0,11258,259547,16449,250692,11283,510239,California
Orange,2021-02-27,25106,786219,10197,431092,14907,355125,2,2,7325,249215,17674,268366,7342,517581,California
Orange,2021-02-28,19116,805335,7420,438512,11696,366821,0,2,4827,239892,14167,282533,4844,522425,California
Orange,2021-03-01,18563,823898,8485,446997,10070,376891,8,10,7197,235831,11279,293812,7218,529643,California
Orange,2021-03-02,19277,843175,9298,456295,9976,386867,3,13,9442,235523,9781,303593,9473,539116,California
Orange,2021-03-03,20650,863825,9751,466046,10895,397762,4,17,11090,237161,9478,313071,11116,550232,California
Orange,2021-03-04,22446,886271,12941,478987,9491,407253,14,31,11616,238025,10792,323863,11656,561888,California
Orange,2021-03-05,21080,907351,11004,489991,10029,417282,47,78,12950,242999,8085,331948,13059,574947,California
Orange,2021-03-06,24131,931482,13290,503281,9976,427258,865,943,12760,245318,11329,343277,13648,588595,California
Orange,2021-03-07,15059,946541,8484,511765,6171,433429,404,1347,8790,248302,6230,349507,9214,597809,California
Orange,2021-03-08,16428,962969,7588,519353,7575,441004,1265,2612,10612,254437,5767,355274,11902,609711,California
Orange,2021-03-09,20896,983865,9681,529034,8773,449777,2442,5054,12368,260758,8486,363760,14807,624518,California
Orange,2021-03-10,24752,1008617,12148,541182,9154,458931,3450,8504,12509,264527,12184,375944,15953,640471,California
Orange,2021-03-11,29043,1037660,15725,556907,9102,468033,4216,12720,13467,266725,15482,391426,17680,658151,California
Orange,2021-03-12,29390,1067050,14323,571230,11203,479236,3864,16584,14786,270876,14522,405948,18673,676824,California
Orange,2021-03-13,27828,1094878,10254,581484,13638,492874,3936,20520,14095,275235,13670,419618,18029,694853,California
Orange,2021-03-14,18879,1113757,8217,589701,8134,501008,2528,23048,11793,282489,7055,426673,14309,709162,California
Orange,2021-03-15,23066,1136823,10165,599866,12138,513146,763,23811,14381,289021,8605,435278,15137,724299,California
Orange,2021-03-16,26429,1163252,11175,611041,15023,528169,231,24042,17157,297219,9195,444473,17393,741692,California
Orange,2021-03-17,27378,1190630,13584,624625,13200,541369,594,24636,19463,309433,7841,452314,20055,761747,California
Orange,2021-03-18,27810,1218440,13990,638615,13540,554909,280,24916,21625,325224,6117,458431,21908,783655,California
Orange,2021-03-19,33639,1252079,18488,657103,14704,569613,447,25363,24968,342091,8559,466990,25426,809081,California
Orange,2021-03-20,25815,1277894,13596,670699,12012,581625,207,25570,22010,360573,3741,470731,22223,831304,California
Orange,2021-03-21,18518,1296412,10700,681399,7085,588710,733,26303,15731,374279,2758,473489,16464,847768,California
Orange,2021-03-22,22762,1319174,11781,693180,10659,599369,322,26625,19196,390328,3478,476967,19527,867295,California
Orange,2021-03-23,26056,1345230,13545,706725,11869,611238,642,27267,20690,406380,5284,482251,21336,888631,California
Orange,2021-03-24,29146,1374376,16268,722993,11956,623194,922,28189,21987,422223,7069,489320,22912,911543,California
Orange,2021-03-25,32474,1406850,17271,740264,14493,637687,710,28899,24286,439123,8095,497415,24995,936538,California
Orange,2021-03-26,34920,1441770,18124,758388,15933,653620,863,29762,24879,454937,9932,507347,25746,962284,California
Orange,2021-03-27,28524,1470294,13669,772057,14540,668160,315,30077,19804,466433,8625,515972,20121,982405,California
Orange,2021-03-28,24792,1495086,12873,784930,11851,680011,68,30145,18549,478886,6167,522139,18620,1001025,California
Orange,2021-03-29,26543,1521629,12153,797083,13823,693834,567,30712,17825,488650,8632,530771,18396,1019421,California
Orange,2021-03-30,30895,1552524,13960,811043,16299,710133,636,31348,20455,499382,10359,541130,21091,1040512,California
Orange,2021-03-31,37163,1589687,19509,830552,16942,727075,712,32060,23839,510722,13216,554346,24556,1065068,California
Orange,2021-04-01,40422,1630109,21217,851769,17333,744408,1872,33932,26144,524582,14145,568491,28005,1093073,California
Orange,2021-04-02,40089,1670198,20217,871986,18062,762470,1810,35742,22662,531740,17323,585814,24481,1117554,California
Orange,2021-04-03,30107,1700305,15684,887670,12706,775176,1717,37459,14235,531888,15798,601612,15946,1133500,California
Orange,2021-04-04,18468,1718773,10730,898400,6972,782148,766,38225,8211,530660,10202,611814,8974,1142474,California
Orange,2021-04-05,30008,1748781,14006,912406,12600,794748,3402,41627,13921,531960,16009,627823,17309,1159783,California
Orange,2021-04-06,33311,1782092,15592,927998,14286,809034,3433,45060,14361,530877,18858,646681,17775,1177558,California
Orange,2021-04-07,36020,1818112,20085,948083,11355,820389,4580,49640,15828,531147,20111,666792,20381,1197939,California
Orange,2021-04-08,38818,1856930,21456,969539,11920,832309,5442,55082,18826,535497,19887,686679,24237,1222176,California
Orange,2021-04-09,40583,1897513,23615,993154,11818,844127,5150,60232,17948,536020,22546,709225,23069,1245245,California
Orange,2021-04-10,34197,1931710,18098,1011252,11897,856024,4202,64434,14181,534446,19929,729154,18355,1263600,California
Orange,2021-04-11,25460,1957170,14389,1025641,7812,863836,3259,67693,9774,531826,15638,744792,13018,1276618,California
Orange,2021-04-12,30377,1987547,15369,1041010,11464,875300,3544,71237,11950,528926,18368,763160,15468,1292086,California
Orange,2021-04-13,32294,2019841,18170,1059180,14057,889357,67,71304,15037,526839,17189,780349,15102,1307188,California
Orange,2021-04-14,34377,2054218,20115,1079295,14229,903586,33,71337,15081,522750,19206,799555,15117,1322305,California
Orange,2021-04-15,40140,2094358,24452,1103747,15675,919261,13,71350,18678,520080,21358,820913,18688,1340993,California
Orange,2021-04-16,41250,2135608,24243,1127990,16978,936239,29,71379,18619,516207,22527,843440,18654,1359647,California
Orange,2021-04-17,30372,2165980,17263,1145253,13106,949345,3,71382,13354,512665,16904,860344,13362,1373009,California
Orange,2021-04-18,21414,2187394,12954,1158207,8460,957805,0,71382,8472,508249,12891,873235,8475,1381484,California
Orange,2021-04-19,32447,2219841,17922,1176129,14523,972328,2,71384,14907,505713,17450,890685,14914,1396398,California
Orange,2021-04-20,35160,2255001,18261,1194390,16895,989223,4,71388,17581,505796,17502,908187,17585,1413983,California
Orange,2021-04-21,40614,2295615,23396,1217786,17209,1006432,9,71397,19239,503768,21277,929464,19249,1433232,California
Orange,2021-04-22,39221,2334836,20724,1238510,18488,1024920,9,71406,16309,497300,22788,952252,16320,1449552,California
Orange,2021-04-23,40120,2374956,20747,1259257,19367,1044287,6,71412,17899,493093,22115,974367,17908,1467460,California
Orange,2021-04-24,31827,2406783,16681,1275938,15111,1059398,35,71447,13384,488152,18363,992730,13422,1480882,California
Orange,2021-04-25,22976,2429759,12985,1288923,9978,1069376,13,71460,9875,485002,13043,1005773,9893,1490775,California
Orange,2021-04-26,26079,2455838,12742,1301665,13144,1082520,193,71653,11489,482187,14496,1020269,11681,1502456,California
Orange,2021-04-27,28588,2484426,13363,1315028,14724,1097244,501,72154,10979,476209,17462,1037731,11484,1513940,California
Orange,2021-04-28,30755,2515181,15392,1330420,14488,1111732,875,73029,12313,471055,18339,1056070,13185,1527125,California
Orange,2021-04-29,31419,2546600,17172,1347592,13288,1125020,959,73988,11236,463150,20093,1076163,12188,1539313,California
Orange,2021-04-30,29425,2576025,16736,1364328,11752,1136772,937,74925,12403,459551,16934,1093097,13335,1552648,California
Orange,2021-05-01,21763,2597788,14651,1378979,6126,1142898,986,75911,8666,456168,13027,1106124,9644,1562292,California
Orange,2021-05-02,15383,2613171,10229,1389208,4511,1147409,643,76554,5372,452232,9947,1116071,6011,1568303,California
Orange,2021-05-03,20533,2633704,12527,1401735,7248,1154657,758,77312,6458,445440,14006,1130077,7214,1575517,California
Orange,2021-05-04,23570,2657274,13441,1415176,9224,1163881,905,78217,8157,439176,15313,1145390,9049,1584566,California
Orange,2021-05-05,24703,2681977,13788,1428964,10021,1173902,894,79111,8081,431650,16501,1161891,8975,1593541,California
Orange,2021-05-06,26351,2708328,15941,1444905,9412,1183314,998,80109,7285,420987,18939,1180830,8276,1601817,California
Orange,2021-05-07,28094,2736422,16666,1461571,10380,1193694,1048,81157,7971,410075,19927,1200757,9015,1610832,California
Orange,2021-05-08,18353,2754775,12118,1473689,5463,1199157,772,81929,5392,403345,12889,1213646,6159,1616991,California
Orange,2021-05-09,10960,2765735,8328,1482017,2257,1201414,375,82304,2887,398584,8023,1221669,3262,1620253,California
Orange,2021-05-10,18957,2784692,11540,1493557,6642,1208056,775,83079,4258,389007,14610,1236279,5033,1625286,California
Orange,2021-05-11,21214,2805906,11703,1505260,8844,1216900,667,83746,5038,378625,16083,1252362,5701,1630987,California
Orange,2021-05-12,22526,2828432,13865,1519125,7909,1224809,752,84498,6295,369557,16114,1268476,7046,1638033,California
Orange,2021-05-13,19841,2848273,12096,1531221,7213,1232022,532,85030,7206,364755,12542,1281018,7740,1645773,California
Orange,2021-05-14,25313,2873586,16435,1547656,8075,1240097,803,85833,10246,360826,14971,1295989,11042,1656815,California
Orange,2021-05-15,19422,2893008,14120,1561776,4776,1244873,526,86359,7906,357799,11458,1307447,8431,1665246,California
Orange,2021-05-16,15072,2908080,12391,1574167,2339,1247212,342,86701,6494,356103,8533,1315980,6837,1672083,California
Orange,2021-05-17,19138,2927218,12532,1586699,5914,1253126,692,87393,7242,352185,11843,1327823,7925,1680008,California
Orange,2021-05-18,20216,2947434,11819,1598518,7748,1260874,649,88042,8389,349469,11747,1339570,9031,1689039,California
Orange,2021-05-19,22153,2969587,12633,1611151,8874,1269748,646,88688,7937,343935,14109,1353679,8575,1697614,California
Orange,2021-05-20,17499,2987086,9953,1621104,6994,1276742,552,89240,5864,338795,11555,1365234,6415,1704029,California
Orange,2021-05-21,14300,3001386,6928,1628032,6907,1283649,465,89705,3501,332023,10741,1375975,3969,1707998,California
Placer,2020-12-15,29,29,29,29,0,0,0,0,29,29,0,0,29,29,California
Placer,2020-12-16,56,85,56,85,0,0,0,0,56,85,0,0,56,85,California
Placer,2020-12-17,140,225,140,225,0,0,0,0,140,225,0,0,140,225,California
Placer,2020-12-18,332,557,332,557,0,0,0,0,332,557,0,0,332,557,California
Placer,2020-12-19,252,809,252,809,0,0,0,0,252,809,0,0,252,809,California
Placer,2020-12-20,233,1042,233,1042,0,0,0,0,233,1042,0,0,233,1042,California
Placer,2020-12-21,495,1537,493,1535,2,2,0,0,495,1537,0,0,495,1537,California
Placer,2020-12-22,675,2212,668,2203,7,9,0,0,675,2212,0,0,675,2212,California
Placer,2020-12-23,753,2965,665,2868,88,97,0,0,753,2965,0,0,753,2965,California
Placer,2020-12-24,397,3362,346,3214,51,148,0,0,397,3362,0,0,397,3362,California
Placer,2020-12-26,156,3518,112,3326,44,192,0,0,156,3518,0,0,156,3518,California
Placer,2020-12-27,186,3704,163,3489,23,215,0,0,186,3704,0,0,186,3704,California
Placer,2020-12-28,668,4372,541,4030,127,342,0,0,668,4372,0,0,668,4372,California
Placer,2020-12-29,763,5135,514,4544,249,591,0,0,763,5135,0,0,763,5135,California
Placer,2020-12-30,729,5864,456,5000,273,864,0,0,727,5862,0,0,727,5862,California
Placer,2020-12-31,530,6394,344,5344,186,1050,0,0,530,6392,0,0,530,6392,California
Placer,2021-01-01,15,6409,11,5355,4,1054,0,0,15,6407,0,0,15,6407,California
Placer,2021-01-02,185,6594,153,5508,32,1086,0,0,185,6592,0,0,185,6592,California
Placer,2021-01-03,153,6747,78,5586,75,1161,0,0,153,6745,0,0,153,6745,California
Placer,2021-01-04,620,7367,181,5767,439,1600,0,0,620,7365,0,0,620,7365,California
Placer,2021-01-05,725,8092,159,5926,566,2166,0,0,642,7926,82,82,643,8008,California
Placer,2021-01-06,761,8853,247,6173,514,2680,0,0,617,8399,144,226,617,8625,California
Placer,2021-01-07,986,9839,368,6541,618,3298,0,0,781,8975,205,431,781,9406,California
Placer,2021-01-08,1181,11020,528,7069,653,3951,0,0,852,9501,326,757,852,10258,California
Placer,2021-01-09,450,11470,321,7390,129,4080,0,0,234,9520,215,972,234,10492,California
Placer,2021-01-10,329,11799,186,7576,143,4223,0,0,164,9519,165,1137,164,10656,California
Placer,2021-01-11,1428,13227,808,8384,620,4843,0,0,838,9768,590,1727,839,11495,California
Placer,2021-01-12,1653,14880,878,9262,775,5618,0,0,1052,10219,601,2328,1052,12547,California
Placer,2021-01-13,1636,16516,822,10084,814,6432,0,0,1211,11010,423,2751,1214,13761,California
Placer,2021-01-14,1788,18304,657,10741,1131,7563,0,0,1430,12086,355,3106,1431,15192,California
Placer,2021-01-15,1932,20236,717,11458,1215,8778,0,0,1581,13318,350,3456,1582,16774,California
Placer,2021-01-16,1467,21703,716,12174,751,9529,0,0,1346,14544,121,3577,1347,18121,California
Placer,2021-01-17,562,22265,395,12569,167,9696,0,0,429,14840,133,3710,429,18550,California
Placer,2021-01-18,991,23256,553,13122,438,10134,0,0,750,15350,241,3951,751,19301,California
Placer,2021-01-19,2626,25882,1962,15084,664,10798,0,0,2172,17068,454,4405,2172,21473,California
Placer,2021-01-20,2279,28161,1707,16791,572,11370,0,0,1948,18686,331,4736,1949,23422,California
Placer,2021-01-21,2560,30721,1120,17911,1440,12810,0,0,2168,20464,391,5127,2169,25591,California
Placer,2021-01-22,2351,33072,644,18555,1707,14517,0,0,2177,22470,172,5299,2178,27769,California
Placer,2021-01-23,1189,34261,380,18935,809,15326,0,0,1034,23349,155,5454,1034,28803,California
Placer,2021-01-24,503,34764,259,19194,244,15570,0,0,431,23709,72,5526,432,29235,California
Placer,2021-01-25,1680,36444,809,20003,871,16441,0,0,1387,24804,293,5819,1388,30623,California
Placer,2021-01-26,1860,38304,1035,21038,825,17266,0,0,1595,26134,265,6084,1595,32218,California
Placer,2021-01-27,1842,40146,1156,22194,686,17952,0,0,1598,27491,242,6326,1599,33817,California
Placer,2021-01-28,1808,41954,1119,23313,689,18641,0,0,1559,28803,247,6573,1559,35376,California
Placer,2021-01-29,1898,43852,1172,24485,726,19367,0,0,1706,30320,191,6764,1708,37084,California
Placer,2021-01-30,1727,45579,972,25457,755,20122,0,0,1606,31806,120,6884,1606,38690,California
Placer,2021-01-31,783,46362,626,26083,157,20279,0,0,715,32454,68,6952,716,39406,California
Placer,2021-02-01,2073,48435,1093,27176,980,21259,0,0,1759,33899,314,7266,1759,41165,California
Placer,2021-02-02,2385,50820,1545,28721,840,22099,0,0,1892,35301,490,7756,1892,43057,California
Placer,2021-02-03,2919,53739,1879,30600,1040,23139,0,0,2294,36974,621,8377,2294,45351,California
Placer,2021-02-04,2761,56500,1191,31791,1570,24709,0,0,1936,38090,821,9198,1937,47288,California
Placer,2021-02-05,2734,59234,1215,33006,1519,26228,0,0,1403,38167,1326,10524,1403,48691,California
Placer,2021-02-06,1959,61193,1319,34325,640,26868,0,0,1412,39032,547,11071,1412,50103,California
Placer,2021-02-07,1222,62415,911,35236,311,27179,0,0,938,39687,283,11354,938,51041,California
Placer,2021-02-08,3298,65713,1764,37000,1534,28713,0,0,1942,40281,1349,12703,1943,52984,California
Placer,2021-02-09,3551,69264,2179,39179,1372,30085,0,0,1646,40024,1903,14606,1646,54630,California
Placer,2021-02-10,3766,73030,2205,41384,1561,31646,0,0,1758,39779,2005,16611,1760,56390,California
Placer,2021-02-11,3701,76731,1912,43296,1789,33435,0,0,1575,39242,2113,18724,1576,57966,California
Placer,2021-02-12,2855,79586,1330,44626,1525,34960,0,0,1667,39759,1151,19875,1668,59634,California
Placer,2021-02-13,2530,82116,1474,46100,1056,36016,0,0,1889,41007,641,20516,1889,61523,California
Placer,2021-02-14,1086,83202,678,46778,408,36424,0,0,738,41399,346,20862,738,62261,California
Placer,2021-02-15,2251,85453,1049,47827,1202,37626,0,0,1534,42217,717,21579,1535,63796,California
Placer,2021-02-16,3582,89035,1785,49612,1797,39423,0,0,1591,41827,1982,23561,1592,65388,California
Placer,2021-02-17,3546,92581,1967,51579,1579,41002,0,0,1512,41309,2030,25591,1512,66900,California
Placer,2021-02-18,3799,96380,2050,53629,1749,42751,0,0,1616,40752,2174,27765,1617,68517,California
Placer,2021-02-19,3598,99978,1919,55548,1679,44430,0,0,1337,39834,2256,30021,1338,69855,California
Placer,2021-02-20,2009,101987,1262,56810,747,45177,0,0,917,39668,1086,31107,920,70775,California
Placer,2021-02-21,975,102962,729,57539,246,45423,0,0,279,39255,693,31800,280,71055,California
Placer,2021-02-22,2526,105488,1775,59314,751,46174,0,0,604,37938,1921,33721,604,71659,California
Placer,2021-02-23,2566,108054,1590,60904,976,47150,0,0,885,37143,1680,35401,885,72544,California
Placer,2021-02-24,3298,111352,1182,62086,2116,49266,0,0,1797,37451,1491,36892,1799,74343,California
Placer,2021-02-25,3640,114992,1525,63611,2115,51381,0,0,1969,37759,1663,38555,1971,76314,California
Placer,2021-02-26,4099,119091,2372,65983,1727,53108,0,0,2352,38368,1743,40298,2352,78666,California
Placer,2021-02-27,2821,121912,1495,67478,1326,54434,0,0,1449,38454,1366,41664,1452,80118,California
Placer,2021-02-28,1405,123317,799,68277,606,55040,0,0,588,38230,812,42476,588,80706,California
Placer,2021-03-01,3003,126320,1990,70267,1013,56053,0,0,1557,38346,1441,43917,1557,82263,California
Placer,2021-03-02,2887,129207,1779,72046,1108,57161,0,0,1889,39242,993,44910,1889,84152,California
Placer,2021-03-03,3330,132537,1428,73474,1902,59063,0,0,1817,39553,1507,46417,1818,85970,California
Placer,2021-03-04,3630,136167,1457,74931,2173,61236,0,0,1894,39724,1724,48141,1895,87865,California
Placer,2021-03-05,3015,139182,1038,75969,1956,63192,21,21,1813,40359,1199,49340,1834,89699,California
Placer,2021-03-06,2433,141615,1504,77473,833,64025,96,117,937,39904,1488,50828,1033,90732,California
Placer,2021-03-07,1306,142921,759,78232,509,64534,38,155,537,39713,766,51594,575,91307,California
Placer,2021-03-08,2914,145835,1832,80064,969,65503,113,268,1651,40216,1261,52855,1764,93071,California
Placer,2021-03-09,3191,149026,1696,81760,1403,66906,92,360,1825,40770,1363,54218,1917,94988,California
Placer,2021-03-10,3297,152323,1332,83092,1858,68764,107,467,1715,41015,1577,55795,1822,96810,California
Placer,2021-03-11,3643,155966,1650,84742,1867,70631,126,593,1747,41005,1886,57681,1876,98686,California
Placer,2021-03-12,3687,159653,1492,86234,1413,72044,782,1375,1259,40625,2422,60103,2042,100728,California
Placer,2021-03-13,2114,161767,744,86978,1251,73295,119,1494,1117,40867,994,61097,1236,101964,California
Placer,2021-03-14,1641,163408,672,87650,820,74115,149,1643,892,41159,749,61846,1041,103005,California
Placer,2021-03-15,3180,166588,1534,89184,1514,75629,132,1775,1762,41637,1417,63263,1895,104900,California
Placer,2021-03-16,3570,170158,1917,91101,1520,77149,133,1908,2285,42782,1274,64537,2419,107319,California
Placer,2021-03-17,3436,173594,1736,92837,1601,78750,99,2007,2214,43878,1219,65756,2315,109634,California
Placer,2021-03-18,4099,177693,2327,95164,1733,80483,39,2046,2865,45554,1227,66983,2903,112537,California
Placer,2021-03-19,3447,181140,2074,97238,1109,81592,264,2310,2201,46780,1238,68221,2464,115001,California
Placer,2021-03-20,2143,183283,898,98136,1148,82740,97,2407,1304,47346,834,69055,1400,116401,California
Placer,2021-03-21,1257,184540,577,98713,671,83411,9,2416,948,47997,306,69361,957,117358,California
Placer,2021-03-22,3272,187812,2106,100819,1076,84487,90,2506,2188,49195,1080,70441,2278,119636,California
Placer,2021-03-23,3534,191346,2103,102922,1340,85827,91,2597,2521,50800,1008,71449,2613,122249,California
Placer,2021-03-24,3793,195139,2002,104924,1694,87521,97,2694,1949,51025,1822,73271,2047,124296,California
Placer,2021-03-25,3855,198994,1865,106789,1892,89413,98,2792,1788,50854,2056,75327,1885,126181,California
Placer,2021-03-26,3777,202771,1671,108460,1875,91288,231,3023,1590,50503,2172,77499,1821,128002,California
Placer,2021-03-27,1592,204363,470,108930,1103,92391,19,3042,648,50233,937,78436,667,128669,California
Placer,2021-03-28,1109,205472,529,109459,570,92961,10,3052,364,49867,740,79176,374,129043,California
Placer,2021-03-29,3565,209037,1992,111451,1539,94500,34,3086,1725,49796,1831,81007,1760,130803,California
Placer,2021-03-30,3974,213011,2096,113547,1835,96335,43,3129,2082,50042,1878,82885,2124,132927,California
Placer,2021-03-31,4093,217104,1831,115378,2187,98522,75,3204,1688,49406,2398,85283,1762,134689,California
Placer,2021-04-01,2983,220087,1436,116814,1500,100022,47,3251,1665,49802,1316,86599,1712,136401,California
Placer,2021-04-02,2850,222937,1459,118273,1327,101349,64,3315,1597,50216,1246,87845,1660,138061,California
Placer,2021-04-03,1850,224787,983,119256,739,102088,128,3443,888,50277,955,88800,1016,139077,California
Placer,2021-04-04,712,225499,362,119618,297,102385,53,3496,286,50194,422,89222,339,139416,California
Placer,2021-04-05,3009,228508,1904,121522,921,103306,184,3680,1752,50879,1251,90473,1936,141352,California
Placer,2021-04-06,4289,232797,2477,123999,1512,104818,300,3980,1530,49956,2753,93226,1830,143182,California
Placer,2021-04-07,4521,237318,2577,126576,1483,106301,461,4441,2066,50031,2449,95675,2524,145706,California
Placer,2021-04-08,4694,242012,2595,129171,1553,107854,546,4987,1572,49037,3111,98786,2117,147823,California
Placer,2021-04-09,4111,246123,2264,131435,1229,109083,618,5605,1225,48004,2878,101664,1845,149668,California
Placer,2021-04-10,2023,248146,877,132312,962,110045,184,5789,863,47893,1157,102821,1046,150714,California
Placer,2021-04-11,1355,249501,532,132844,790,110835,33,5822,455,47484,896,103717,487,151201,California
Placer,2021-04-12,4096,253597,2644,135488,1072,111907,380,6202,2463,48702,1624,105341,2842,154043,California
Placer,2021-04-13,4343,257940,2993,138481,1349,113256,1,6203,2188,48740,2151,107492,2189,156232,California
Placer,2021-04-14,4130,262070,2567,141048,1562,114818,1,6204,1849,48317,2272,109764,1849,158081,California
Placer,2021-04-15,4492,266562,2507,143555,1984,116802,1,6205,2346,48528,2136,111900,2347,160428,California
Placer,2021-04-16,3680,270242,2189,145744,1491,118293,0,6205,1435,47724,2239,114139,1435,161863,California
Placer,2021-04-17,2425,272667,842,146586,1583,119876,0,6205,1517,48338,903,115042,1517,163380,California
Placer,2021-04-18,1183,273850,255,146841,928,120804,0,6205,409,47975,772,115814,409,163789,California
Placer,2021-04-19,2939,276789,1809,148650,1130,121934,0,6205,1169,47378,1767,117581,1170,164959,California
Placer,2021-04-20,3796,280585,2463,151113,1333,123267,0,6205,2421,48432,1367,118948,2421,167380,California
Placer,2021-04-21,3661,284246,2399,153512,1261,124528,1,6206,2387,49549,1271,120219,2388,169768,California
Placer,2021-04-22,3655,287901,2261,155773,1394,125922,0,6206,1741,49380,1910,122129,1741,171509,California
Placer,2021-04-23,3507,291408,2329,158102,1177,127099,1,6207,1372,48625,2128,124257,1373,172882,California
Placer,2021-04-24,2086,293494,1266,159368,819,127918,1,6208,1223,48993,855,125112,1223,174105,California
Placer,2021-04-25,908,294402,501,159869,407,128325,0,6208,560,49205,348,125460,560,174665,California
Placer,2021-04-26,2351,296753,1248,161117,1080,129405,23,6231,1152,49190,1189,126649,1174,175839,California
Placer,2021-04-27,2644,299397,1376,162493,1233,130638,35,6266,1526,49640,1112,127761,1562,177401,California
Placer,2021-04-28,2915,302312,1809,164302,1069,131707,37,6303,1522,49814,1385,129146,1559,178960,California
Placer,2021-04-29,3258,305570,2069,166371,1136,132843,53,6356,1310,49235,1942,131088,1363,180323,California
Placer,2021-04-30,2984,308554,1802,168173,1133,133976,49,6405,1190,48686,1788,132876,1239,181562,California
Placer,2021-05-01,1331,309885,933,169106,374,134350,24,6429,609,48602,716,133592,632,182194,California
Placer,2021-05-02,714,310599,552,169658,141,134491,21,6450,332,48575,380,133972,353,182547,California
Placer,2021-05-03,1608,312207,992,170650,550,135041,66,6516,437,47910,1167,135139,502,183049,California
Placer,2021-05-04,2296,314503,1295,171945,834,135875,167,6683,862,47510,1429,136568,1029,184078,California
Placer,2021-05-05,3668,318171,2474,174419,1088,136963,106,6789,969,45892,2693,139261,1075,185153,California
Placer,2021-05-06,3092,321263,1893,176312,1123,138086,76,6865,812,44526,2254,141515,888,186041,California
Placer,2021-05-07,2802,324065,1885,178197,825,138911,92,6957,786,43398,2006,143521,878,186919,California
Placer,2021-05-08,1330,325395,706,178903,582,139493,42,6999,391,42892,937,144458,431,187350,California
Placer,2021-05-09,439,325834,202,179105,216,139709,21,7020,217,42907,222,144680,237,187587,California
Placer,2021-05-10,1927,327761,1030,180135,800,140509,97,7117,433,41947,1490,146170,530,188117,California
Placer,2021-05-11,2811,330572,2032,182167,675,141184,104,7221,583,40416,2218,148388,687,188804,California
Placer,2021-05-12,2761,333333,1923,184090,790,141974,48,7269,655,39020,2100,150488,704,189508,California
Placer,2021-05-13,2683,336016,1745,185835,892,142866,46,7315,951,38287,1730,152218,997,190505,California
Placer,2021-05-14,2736,338752,1805,187640,801,143667,130,7445,1333,38356,1391,153609,1460,191965,California
Placer,2021-05-15,2048,340800,1347,188987,680,144347,21,7466,907,38149,1135,154744,928,192893,California
Placer,2021-05-16,727,341527,500,189487,209,144556,18,7484,316,38073,410,155154,334,193227,California
Placer,2021-05-17,2299,343826,1545,191032,691,145247,63,7547,1025,37893,1269,156423,1089,194316,California
Placer,2021-05-18,2425,346251,1633,192665,714,145961,78,7625,1097,37744,1323,157746,1174,195490,California
Placer,2021-05-19,2466,348717,1566,194231,856,146817,44,7669,908,37143,1553,159299,952,196442,California
Placer,2021-05-20,2108,350825,1394,195625,686,147503,28,7697,808,36684,1294,160593,835,197277,California
Placer,2021-05-21,1396,352221,857,196482,411,147914,128,7825,516,36449,877,161470,642,197919,California
Plumas,2020-12-18,4,4,4,4,0,0,0,0,4,4,0,0,4,4,California
Plumas,2020-12-19,1,5,1,5,0,0,0,0,1,5,0,0,1,5,California
Plumas,2020-12-21,45,50,45,50,0,0,0,0,45,50,0,0,45,50,California
Plumas,2020-12-22,93,143,93,143,0,0,0,0,93,143,0,0,93,143,California
Plumas,2020-12-23,50,193,50,193,0,0,0,0,50,193,0,0,50,193,California
Plumas,2020-12-24,6,199,6,199,0,0,0,0,6,199,0,0,6,199,California
Plumas,2020-12-28,8,207,0,199,8,8,0,0,8,207,0,0,8,207,California
Plumas,2020-12-29,32,239,22,221,10,18,0,0,32,239,0,0,32,239,California
Plumas,2020-12-30,23,262,1,222,22,40,0,0,23,262,0,0,23,262,California
Plumas,2020-12-31,4,266,1,223,3,43,0,0,4,266,0,0,4,266,California
Plumas,2021-01-04,10,276,4,227,6,49,0,0,10,276,0,0,10,276,California
Plumas,2021-01-05,22,298,2,229,20,69,0,0,22,298,0,0,22,298,California
Plumas,2021-01-06,123,421,5,234,118,187,0,0,123,421,0,0,123,421,California
Plumas,2021-01-07,53,474,2,236,51,238,0,0,52,472,1,1,52,473,California
Plumas,2021-01-08,12,486,5,241,7,245,0,0,8,476,4,5,8,481,California
Plumas,2021-01-09,2,488,2,243,0,245,0,0,1,476,1,6,1,482,California
Plumas,2021-01-11,58,546,50,293,8,253,0,0,11,440,47,53,11,493,California
Plumas,2021-01-12,156,702,87,380,69,322,0,0,71,426,85,138,71,564,California
Plumas,2021-01-13,56,758,50,430,6,328,0,0,10,390,46,184,10,574,California
Plumas,2021-01-14,98,856,14,444,84,412,0,0,93,478,5,189,93,667,California
Plumas,2021-01-15,63,919,7,451,56,468,0,0,61,537,2,191,61,728,California
Plumas,2021-01-16,58,977,1,452,57,525,0,0,58,595,0,191,58,786,California
Plumas,2021-01-18,2,979,1,453,1,526,0,0,2,597,0,191,2,788,California
Plumas,2021-01-19,36,1015,5,458,31,557,0,0,32,625,4,195,32,820,California
Plumas,2021-01-20,121,1136,3,461,118,675,0,0,119,742,2,197,119,939,California
Plumas,2021-01-21,112,1248,2,463,110,785,0,0,112,854,0,197,112,1051,California
Plumas,2021-01-22,5,1253,1,464,4,789,0,0,5,859,0,197,5,1056,California
Plumas,2021-01-23,93,1346,2,466,91,880,0,0,93,952,0,197,93,1149,California
Plumas,2021-01-24,1,1347,1,467,0,880,0,0,1,953,0,197,1,1150,California
Plumas,2021-01-25,10,1357,7,474,3,883,0,0,7,957,3,200,7,1157,California
Plumas,2021-01-26,60,1417,2,476,58,941,0,0,52,1001,8,208,52,1209,California
Plumas,2021-01-27,25,1442,20,496,5,946,0,0,5,986,20,228,5,1214,California
Plumas,2021-01-28,23,1465,0,496,23,969,0,0,21,1005,2,230,21,1235,California
Plumas,2021-01-29,8,1473,2,498,6,975,0,0,7,1011,1,231,7,1242,California
Plumas,2021-01-30,8,1481,4,502,4,979,0,0,7,1017,1,232,7,1249,California
Plumas,2021-01-31,3,1484,3,505,0,979,0,0,3,1020,0,232,3,1252,California
Plumas,2021-02-01,16,1500,2,507,14,993,0,0,8,1020,8,240,8,1260,California
Plumas,2021-02-02,21,1521,2,509,19,1012,0,0,2,1003,19,259,2,1262,California
Plumas,2021-02-03,127,1648,8,517,119,1131,0,0,13,903,113,372,13,1275,California
Plumas,2021-02-04,102,1750,8,525,94,1225,0,0,23,847,79,451,23,1298,California
Plumas,2021-02-05,24,1774,11,536,13,1238,0,0,9,841,15,466,9,1307,California
Plumas,2021-02-06,7,1781,0,536,7,1245,0,0,7,848,0,466,7,1314,California
Plumas,2021-02-08,15,1796,6,542,9,1254,0,0,3,839,12,478,3,1317,California
Plumas,2021-02-09,172,1968,2,544,170,1424,0,0,112,891,60,538,112,1429,California
Plumas,2021-02-10,91,2059,9,553,82,1506,0,0,82,965,9,547,83,1512,California
Plumas,2021-02-11,323,2382,7,560,316,1822,0,0,263,1168,60,607,263,1775,California
Plumas,2021-02-12,124,2506,4,564,120,1942,0,0,118,1280,6,613,118,1893,California
Plumas,2021-02-13,75,2581,5,569,70,2012,0,0,15,1235,60,673,15,1908,California
Plumas,2021-02-14,8,2589,5,574,3,2015,0,0,8,1243,0,673,8,1916,California
Plumas,2021-02-15,26,2615,5,579,21,2036,0,0,23,1263,3,676,23,1939,California
Plumas,2021-02-16,77,2692,4,583,73,2109,0,0,14,1214,63,739,14,1953,California
Plumas,2021-02-17,136,2828,5,588,131,2240,0,0,12,1102,124,863,12,1965,California
Plumas,2021-02-18,129,2957,6,594,123,2363,0,0,20,1014,109,972,21,1986,California
Plumas,2021-02-19,42,2999,5,599,37,2400,0,0,7,986,35,1007,7,1993,California
Plumas,2021-02-20,105,3104,7,606,98,2498,0,0,13,907,92,1099,13,2006,California
Plumas,2021-02-21,6,3110,5,611,1,2499,0,0,2,905,4,1103,2,2008,California
Plumas,2021-02-22,3,3113,1,612,2,2501,0,0,0,902,3,1106,0,2008,California
Plumas,2021-02-23,25,3138,5,617,20,2521,0,0,17,911,8,1114,17,2025,California
Plumas,2021-02-24,458,3596,7,624,451,2972,0,0,445,1343,13,1127,445,2470,California
Plumas,2021-02-25,230,3826,10,634,220,3192,0,0,169,1451,61,1188,169,2639,California
Plumas,2021-02-26,267,4093,8,642,259,3451,0,0,259,1703,8,1196,260,2899,California
Plumas,2021-02-27,40,4133,4,646,36,3487,0,0,33,1729,7,1203,33,2932,California
Plumas,2021-02-28,1,4134,0,646,1,3488,0,0,1,1730,0,1203,1,2933,California
Plumas,2021-03-01,14,4148,3,649,11,3499,0,0,8,1733,5,1208,8,2941,California
Plumas,2021-03-02,10,4158,1,650,9,3508,0,0,7,1737,3,1211,7,2948,California
Plumas,2021-03-03,152,4310,8,658,144,3652,0,0,137,1859,15,1226,137,3085,California
Plumas,2021-03-04,252,4562,9,667,243,3895,0,0,230,2067,22,1248,230,3315,California
Plumas,2021-03-05,400,4962,7,674,388,4283,5,5,389,2450,11,1259,394,3709,California
Plumas,2021-03-06,19,4981,2,676,9,4292,8,13,3,2445,16,1275,11,3720,California
Plumas,2021-03-07,14,4995,3,679,2,4294,9,22,4,2448,10,1285,13,3733,California
Plumas,2021-03-08,29,5024,3,682,2,4296,24,46,3,2449,26,1311,27,3760,California
Plumas,2021-03-09,133,5157,2,684,116,4412,15,61,18,2367,115,1426,33,3793,California
Plumas,2021-03-10,255,5412,3,687,239,4651,13,74,107,2340,147,1573,120,3913,California
Plumas,2021-03-11,179,5591,8,695,166,4817,5,79,144,2454,35,1608,149,4062,California
Plumas,2021-03-12,594,6185,4,699,303,5120,287,366,23,2193,571,2179,310,4372,California
Plumas,2021-03-13,25,6210,4,703,10,5130,11,377,4,2187,21,2200,15,4387,California
Plumas,2021-03-14,12,6222,3,706,4,5134,5,382,1,2183,10,2210,6,4393,California
Plumas,2021-03-15,30,6252,0,706,23,5157,7,389,5,2170,25,2235,12,4405,California
Plumas,2021-03-16,60,6312,3,709,56,5213,1,390,49,2209,11,2246,50,4455,California
Plumas,2021-03-17,73,6385,9,718,63,5276,1,391,58,2254,14,2260,59,4514,California
Plumas,2021-03-18,61,6446,6,724,39,5315,16,407,12,2233,49,2309,28,4542,California
Plumas,2021-03-19,164,6610,6,730,156,5471,2,409,155,2384,7,2316,158,4700,California
Plumas,2021-03-20,695,7305,4,734,690,6161,1,410,674,3040,19,2335,675,5375,California
Plumas,2021-03-21,2,7307,1,735,1,6162,0,410,1,3041,0,2335,1,5376,California
Plumas,2021-03-22,182,7489,2,737,180,6342,0,410,175,3209,7,2342,175,5551,California
Plumas,2021-03-23,27,7516,2,739,25,6367,0,410,13,3208,14,2356,13,5564,California
Plumas,2021-03-24,655,8171,6,745,648,7015,1,411,224,3003,430,2786,225,5789,California
Plumas,2021-03-25,302,8473,7,752,293,7308,2,413,158,3017,144,2930,158,5947,California
Plumas,2021-03-26,315,8788,9,761,306,7614,0,413,46,2795,268,3198,46,5993,California
Plumas,2021-03-27,13,8801,1,762,11,7625,1,414,3,2789,10,3208,4,5997,California
Plumas,2021-03-28,6,8807,4,766,1,7626,1,415,3,2790,3,3211,4,6001,California
Plumas,2021-03-29,12,8819,4,770,7,7633,1,416,4,2787,8,3219,5,6006,California
Plumas,2021-03-30,154,8973,3,773,150,7783,1,417,24,2682,130,3349,25,6031,California
Plumas,2021-03-31,288,9261,3,776,284,8067,1,418,267,2929,21,3370,268,6299,California
Plumas,2021-04-01,298,9559,10,786,287,8354,1,419,60,2753,236,3606,60,6359,California
Plumas,2021-04-02,375,9934,4,790,370,8724,1,420,29,2448,335,3941,30,6389,California
Plumas,2021-04-03,16,9950,3,793,5,8729,8,428,4,2448,12,3953,12,6401,California
Plumas,2021-04-04,3,9953,1,794,1,8730,1,429,0,2446,3,3956,1,6402,California
Plumas,2021-04-05,11,9964,4,798,6,8736,1,430,4,2444,7,3963,5,6407,California
Plumas,2021-04-06,121,10085,6,804,89,8825,26,456,14,2377,107,4070,40,6447,California
Plumas,2021-04-07,282,10367,7,811,99,8924,176,632,28,2327,254,4324,204,6651,California
Plumas,2021-04-08,150,10517,3,814,132,9056,15,647,34,2260,115,4439,48,6699,California
Plumas,2021-04-09,51,10568,10,824,25,9081,16,663,19,2262,32,4471,34,6733,California
Plumas,2021-04-10,23,10591,2,826,5,9086,16,679,5,2265,18,4489,21,6754,California
Plumas,2021-04-11,3,10594,2,828,0,9086,1,680,2,2267,1,4490,3,6757,California
Plumas,2021-04-12,11,10605,5,833,3,9089,3,683,7,2273,4,4494,10,6767,California
Plumas,2021-04-13,207,10812,5,838,202,9291,0,683,139,2344,68,4562,139,6906,California
Plumas,2021-04-14,109,10921,8,846,101,9392,0,683,55,2345,54,4616,55,6961,California
Plumas,2021-04-15,50,10971,2,848,48,9440,0,683,32,2359,18,4634,32,6993,California
Plumas,2021-04-16,142,11113,2,850,140,9580,0,683,2,2221,140,4774,2,6995,California
Plumas,2021-04-17,668,11781,2,852,666,10246,0,683,20,1595,646,5420,20,7015,California
Plumas,2021-04-18,4,11785,3,855,1,10247,0,683,1,1593,3,5423,1,7016,California
Plumas,2021-04-19,38,11823,3,858,35,10282,0,683,5,1565,33,5456,5,7021,California
Plumas,2021-04-20,42,11865,5,863,37,10319,0,683,26,1576,15,5471,26,7047,California
Plumas,2021-04-21,310,12175,5,868,304,10623,1,684,17,1300,293,5764,17,7064,California
Plumas,2021-04-22,273,12448,7,875,266,10889,0,684,131,1289,142,5906,131,7195,California
Plumas,2021-04-23,72,12520,5,880,67,10956,0,684,16,1249,56,5962,16,7211,California
Plumas,2021-04-24,171,12691,5,885,166,11122,0,684,145,1369,25,5987,145,7356,California
Plumas,2021-04-26,29,12720,4,889,25,11147,0,684,8,1357,20,6007,8,7364,California
Plumas,2021-04-27,87,12807,3,892,84,11231,0,684,51,1372,36,6043,51,7415,California
Plumas,2021-04-28,283,13090,4,896,279,11510,0,684,37,1164,245,6288,37,7452,California
Plumas,2021-04-29,172,13262,69,965,103,11613,0,684,119,1230,53,6341,119,7571,California
Plumas,2021-04-30,23,13285,11,976,12,11625,0,684,7,1221,16,6357,7,7578,California
Plumas,2021-05-01,2,13287,1,977,0,11625,1,685,0,1220,2,6359,1,7579,California
Plumas,2021-05-02,2,13289,2,979,0,11625,0,685,1,1220,1,6360,1,7580,California
Plumas,2021-05-03,17,13306,7,986,4,11629,6,691,6,1221,11,6371,12,7592,California
Plumas,2021-05-04,28,13334,3,989,19,11648,6,697,16,1231,12,6383,22,7614,California
Plumas,2021-05-05,49,13383,6,995,42,11690,1,698,22,1227,27,6410,23,7637,California
Plumas,2021-05-06,56,13439,2,997,49,11739,5,703,15,1206,41,6451,20,7657,California
Plumas,2021-05-07,22,13461,5,1002,16,11755,1,704,8,1201,14,6465,9,7666,California
Plumas,2021-05-08,6,13467,0,1002,4,11759,2,706,4,1205,2,6467,6,7672,California
Plumas,2021-05-10,49,13516,1,1003,25,11784,23,729,22,1223,27,6494,45,7717,California
Plumas,2021-05-11,163,13679,3,1006,141,11925,19,748,14,1107,149,6643,33,7750,California
Plumas,2021-05-12,98,13777,2,1008,89,12014,7,755,37,1091,60,6703,44,7794,California
Plumas,2021-05-13,34,13811,3,1011,29,12043,2,757,12,1083,22,6725,14,7808,California
Plumas,2021-05-14,19,13830,3,1014,11,12054,5,762,9,1087,10,6735,14,7822,California
Plumas,2021-05-15,10,13840,4,1018,4,12058,2,764,4,1087,6,6741,6,7828,California
Plumas,2021-05-16,2,13842,1,1019,1,12059,0,764,1,1087,1,6742,1,7829,California
Plumas,2021-05-17,13,13855,0,1019,4,12063,9,773,4,1091,9,6751,13,7842,California
Plumas,2021-05-18,42,13897,7,1026,34,12097,1,774,22,1094,20,6771,23,7865,California
Plumas,2021-05-19,45,13942,3,1029,28,12125,14,788,11,1086,34,6805,26,7891,California
Plumas,2021-05-20,181,14123,129,1158,41,12166,11,799,73,1062,108,6913,84,7975,California
Plumas,2021-05-21,10,14133,1,1159,7,12173,2,801,5,1064,5,6918,7,7982,California
Riverside,2020-12-15,5,5,5,5,0,0,0,0,5,5,0,0,5,5,California
Riverside,2020-12-16,67,72,67,72,0,0,0,0,67,72,0,0,67,72,California
Riverside,2020-12-17,810,882,810,882,0,0,0,0,810,882,0,0,810,882,California
Riverside,2020-12-18,1728,2610,1727,2609,1,1,0,0,1728,2610,0,0,1728,2610,California
Riverside,2020-12-19,1027,3637,1024,3633,3,4,0,0,1025,3634,1,1,1025,3635,California
Riverside,2020-12-20,1084,4721,1083,4716,1,5,0,0,1084,4718,0,1,1084,4719,California
Riverside,2020-12-21,2276,6997,2274,6990,2,7,0,0,2276,6994,0,1,2276,6995,California
Riverside,2020-12-22,2259,9256,2220,9210,39,46,0,0,2258,9252,0,1,2258,9253,California
Riverside,2020-12-23,2145,11401,1805,11015,340,386,0,0,2146,11398,0,1,2146,11399,California
Riverside,2020-12-24,828,12229,626,11641,202,588,0,0,828,12226,0,1,828,12227,California
Riverside,2020-12-25,28,12257,5,11646,23,611,0,0,28,12254,0,1,28,12255,California
Riverside,2020-12-26,401,12658,257,11903,144,755,0,0,401,12655,0,1,401,12656,California
Riverside,2020-12-27,363,13021,244,12147,119,874,0,0,363,13018,0,1,363,13019,California
Riverside,2020-12-28,1631,14652,1130,13277,501,1375,0,0,1631,14649,0,1,1631,14650,California
Riverside,2020-12-29,1733,16385,967,14244,766,2141,0,0,1733,16382,0,1,1733,16383,California
Riverside,2020-12-30,2574,18959,1679,15923,895,3036,0,0,2573,18955,0,1,2573,18956,California
Riverside,2020-12-31,1022,19981,395,16318,627,3663,0,0,1024,19979,0,1,1024,19980,California
Riverside,2021-01-01,117,20098,46,16364,71,3734,0,0,117,20096,0,1,117,20097,California
Riverside,2021-01-02,833,20931,693,17057,140,3874,0,0,833,20929,0,1,833,20930,California
Riverside,2021-01-03,343,21274,298,17355,45,3919,0,0,342,21271,0,1,342,21272,California
Riverside,2021-01-04,1263,22537,793,18148,470,4389,0,0,1263,22534,0,1,1263,22535,California
Riverside,2021-01-05,1988,24525,1366,19514,622,5011,0,0,1892,24336,90,91,1892,24427,California
Riverside,2021-01-06,2502,27027,1117,20631,1385,6396,0,0,2192,26222,306,397,2192,26619,California
Riverside,2021-01-07,2779,29806,1825,22456,954,7350,0,0,1714,26878,1060,1457,1716,28335,California
Riverside,2021-01-08,4054,33860,2929,25385,1125,8475,0,0,2242,27312,1808,3265,2242,30577,California
Riverside,2021-01-09,2074,35934,844,26229,1230,9705,0,0,1726,28691,347,3612,1726,32303,California
Riverside,2021-01-10,1669,37603,737,26966,932,10637,0,0,1065,29152,604,4216,1065,33368,California
Riverside,2021-01-11,4518,42121,3093,30059,1425,12062,0,0,2783,30203,1733,5949,2784,36152,California
Riverside,2021-01-12,3420,45541,2740,32799,680,12742,0,0,1726,30240,1689,7638,1726,37878,California
Riverside,2021-01-13,4457,49998,2937,35736,1520,14262,0,0,2848,31482,1606,9244,2848,40726,California
Riverside,2021-01-14,5514,55512,1911,37647,3603,17865,0,0,4925,35819,588,9832,4925,45651,California
Riverside,2021-01-15,6089,61601,2021,39668,4068,21933,0,0,5800,41331,288,10120,5800,51451,California
Riverside,2021-01-16,3612,65213,1016,40684,2596,24529,0,0,3366,44452,246,10366,3367,54818,California
Riverside,2021-01-17,3596,68809,585,41269,3011,27540,0,0,3399,47656,195,10561,3399,58217,California
Riverside,2021-01-18,3748,72557,2039,43308,1709,29249,0,0,2740,49388,1008,11569,2740,60957,California
Riverside,2021-01-19,7413,79970,2645,45953,4768,34017,0,0,6294,54564,1119,12688,6295,67252,California
Riverside,2021-01-20,8215,88185,3131,49084,5084,39101,0,0,6557,59479,1646,14334,6561,73813,California
Riverside,2021-01-21,8349,96534,3505,52589,4844,43945,0,0,7697,66524,653,14987,7698,81511,California
Riverside,2021-01-22,8715,105249,2965,55554,5750,49695,0,0,8286,74384,427,15414,8287,89798,California
Riverside,2021-01-23,5892,111141,2360,57914,3532,53227,0,0,5172,78837,720,16134,5173,94971,California
Riverside,2021-01-24,3037,114178,1433,59347,1604,54831,0,0,2822,81447,213,16347,2823,97794,California
Riverside,2021-01-25,7874,122052,4529,63876,3345,58176,0,0,6755,87085,1118,17465,6756,104550,California
Riverside,2021-01-26,9112,131164,5717,69593,3395,61571,0,0,7603,93183,1506,18971,7604,112154,California
Riverside,2021-01-27,10912,142076,6394,75987,4518,66089,0,0,9300,100878,1608,20579,9303,121457,California
Riverside,2021-01-28,11499,153575,6788,82775,4711,70800,0,0,10338,110064,1153,21732,10339,131796,California
Riverside,2021-01-29,11936,165511,7283,90058,4653,75453,0,0,10562,119282,1348,23080,10566,142362,California
Riverside,2021-01-30,9060,174571,4611,94669,4449,79902,0,0,8596,127418,461,23541,8597,150959,California
Riverside,2021-01-31,5165,179736,4252,98921,913,80815,0,0,5035,132328,129,23670,5039,155998,California
Riverside,2021-02-01,10954,190690,6778,105699,4176,84991,0,0,9109,139602,1838,25508,9112,165110,California
Riverside,2021-02-02,9476,200166,4813,110512,4663,89654,0,0,8011,146158,1458,26966,8014,173124,California
Riverside,2021-02-03,12176,212342,5142,115654,7034,96688,0,0,9809,153610,2357,29323,9809,182933,California
Riverside,2021-02-04,13507,225849,5999,121653,7508,104196,0,0,11433,162979,2067,31390,11436,194369,California
Riverside,2021-02-05,14350,240199,5407,127060,8943,113139,0,0,11286,171212,3057,34447,11290,205659,California
Riverside,2021-02-06,7236,247435,4263,131323,2973,116112,0,0,5597,175180,1632,36079,5600,211259,California
Riverside,2021-02-07,2167,249602,798,132121,1369,117481,0,0,1848,176712,317,36396,1849,213108,California
Riverside,2021-02-08,12474,262076,5552,137673,6922,124403,0,0,10168,184593,2291,38687,10172,223280,California
Riverside,2021-02-09,9647,271723,4521,142194,5126,129529,0,0,7700,190360,1938,40625,7705,230985,California
Riverside,2021-02-10,12064,283787,6965,149159,5099,134628,0,0,8894,196103,3159,43784,8902,239887,California
Riverside,2021-02-11,16602,300389,9051,158210,7551,142179,0,0,12089,203716,4491,48275,12104,251991,California
Riverside,2021-02-12,17679,318068,10803,169013,6876,149055,0,0,12798,211690,4837,53112,12811,264802,California
Riverside,2021-02-13,6324,324392,2127,171140,4197,153252,0,0,3103,211609,3205,56317,3124,267926,California
Riverside,2021-02-14,4922,329314,1116,172256,3806,157058,0,0,2179,211049,2739,59056,2179,270105,California
Riverside,2021-02-15,9824,339138,5003,177259,4821,161879,0,0,5402,212045,4413,63469,5409,275514,California
Riverside,2021-02-16,16113,355251,10108,187367,6005,167884,0,0,9249,214445,6857,70326,9257,284771,California
Riverside,2021-02-17,15029,370280,8212,195579,6817,174701,0,0,7449,214337,7567,77893,7459,292230,California
Riverside,2021-02-18,15544,385824,8985,204564,6559,181260,0,0,8023,214875,7499,85392,8037,300267,California
Riverside,2021-02-19,15292,401116,8222,212786,7070,188330,0,0,7222,214054,8051,93443,7230,307497,California
Riverside,2021-02-20,8310,409426,4496,217282,3814,192144,0,0,2166,210096,6127,99570,2169,309666,California
Riverside,2021-02-21,4394,413820,3875,221157,519,192663,0,0,1231,208178,3149,102719,1231,310897,California
Riverside,2021-02-22,12368,426188,7768,228925,4600,197263,0,0,5113,206057,7239,109958,5118,316015,California
Riverside,2021-02-23,11118,437306,7575,236500,3543,200806,0,0,5399,205769,5691,115649,5403,321418,California
Riverside,2021-02-24,14805,452111,8101,244601,6704,207510,0,0,6298,203615,8469,124118,6315,327733,California
Riverside,2021-02-25,17357,469468,7405,252006,9952,217462,0,0,8069,202443,9266,133384,8094,335827,California
Riverside,2021-02-26,18637,488105,6733,258739,11904,229366,0,0,9311,202519,9269,142653,9345,345172,California
Riverside,2021-02-27,12078,500183,5607,264346,6471,235837,0,0,5764,202029,6281,148934,5791,350963,California
Riverside,2021-02-28,4882,505065,3219,267565,1663,237500,0,0,2408,201982,2462,151396,2415,353378,California
Riverside,2021-03-01,14349,519414,6104,273669,8243,245743,2,2,8453,204604,5861,157257,8483,361861,California
Riverside,2021-03-02,15365,534779,7509,281178,7855,253598,1,3,9018,207325,6325,163582,9046,370907,California
Riverside,2021-03-03,16909,551688,8376,289554,8533,262131,0,3,7314,205221,9545,173127,7441,378348,California
Riverside,2021-03-04,18754,570442,7465,297019,11284,273415,5,8,8912,204490,9798,182925,9067,387415,California
Riverside,2021-03-05,18902,589344,7612,304631,11246,284661,44,52,9401,204762,9451,192376,9723,397138,California
Riverside,2021-03-06,9527,598871,5073,309704,3973,288634,481,533,4748,205255,4765,197141,5258,402396,California
Riverside,2021-03-07,4250,603121,2751,312455,1110,289744,389,922,2000,205408,2240,199381,2393,404789,California
Riverside,2021-03-08,11958,615079,4757,317212,6790,296534,411,1333,5332,204590,6606,205987,5788,410577,California
Riverside,2021-03-09,14811,629890,6907,324119,7404,303938,500,1833,5912,202259,8878,214865,6547,417124,California
Riverside,2021-03-10,15913,645803,8521,332640,6466,310404,926,2759,6214,199895,9656,224521,7292,424416,California
Riverside,2021-03-11,19256,665059,9460,342100,7948,318352,1848,4607,7605,197941,11616,236137,9662,434078,California
Riverside,2021-03-12,21197,686256,7947,350047,8510,326862,4740,9347,7127,196103,14032,250169,12194,446272,California
Riverside,2021-03-13,8475,694731,2540,352587,4710,331572,1225,10572,4361,197673,4092,254261,5662,451934,California
Riverside,2021-03-14,4675,699406,1616,354203,1752,333324,1307,11879,2082,198477,2582,256843,3386,455320,California
Riverside,2021-03-15,18696,718102,7865,362068,9161,342485,1670,13549,9208,200009,9446,266289,10978,466298,California
Riverside,2021-03-16,20904,739006,10146,372214,9943,352428,815,14364,11387,202825,9479,275768,12295,478593,California
Riverside,2021-03-17,21335,760341,10957,383171,9319,361747,1059,15423,12821,208286,8478,284246,13939,492532,California
Riverside,2021-03-18,22628,782969,11786,394957,9176,370923,1666,17089,12565,212510,10015,294261,14239,506771,California
Riverside,2021-03-19,24149,807118,12682,407639,10495,381418,972,18061,14103,217964,9989,304250,15443,522214,California
Riverside,2021-03-20,10690,817808,6903,414542,2607,384025,1180,19241,6881,222245,3779,308029,8060,530274,California
Riverside,2021-03-21,3737,821545,2917,417459,554,384579,266,19507,2553,223897,1168,309197,2820,533094,California
Riverside,2021-03-22,16653,838198,9935,427394,6165,390744,553,20060,10598,229044,6002,315199,11149,544243,California
Riverside,2021-03-23,18576,856774,10521,437915,7634,398378,421,20481,11947,234855,6571,321770,12382,556625,California
Riverside,2021-03-24,18760,875534,10465,448380,8175,406553,120,20601,12879,242027,5833,327603,13005,569630,California
Riverside,2021-03-25,21168,896702,11675,460055,9312,415865,181,20782,14194,249503,6905,334508,14381,584011,California
Riverside,2021-03-26,24169,920871,11941,471996,12053,427918,175,20957,15030,255673,9037,343545,15207,599218,California
Riverside,2021-03-27,9332,930203,4904,476900,3375,431293,1053,22010,4817,257052,4492,348037,5871,605089,California
Riverside,2021-03-28,4774,934977,3139,480039,1543,432836,92,22102,2844,258073,1917,349954,2938,608027,California
Riverside,2021-03-29,17679,952656,8454,488493,9104,441940,121,22223,10948,262461,6692,356646,11080,619107,California
Riverside,2021-03-30,18366,971022,9561,498054,8598,450538,207,22430,11716,267775,6611,363257,11925,631032,California
Riverside,2021-03-31,18118,989140,8429,506483,9384,459922,305,22735,11437,272890,6637,369894,11752,642784,California
Riverside,2021-04-01,25555,1014695,12491,518974,12287,472209,777,23512,16505,281182,8989,378883,17281,660065,California
Riverside,2021-04-02,26127,1040822,14062,533036,11117,483326,948,24460,16366,289019,9705,388588,17542,677607,California
Riverside,2021-04-03,9335,1050157,5937,538973,2813,486139,585,25045,6024,292332,3294,391882,6607,684214,California
Riverside,2021-04-04,3397,1053554,2068,541041,1085,487224,244,25289,1721,292631,1667,393549,1966,686180,California
Riverside,2021-04-05,18449,1072003,9450,550491,7145,494369,1854,27143,9931,295936,8480,402029,11785,697965,California
Riverside,2021-04-06,23749,1095752,12344,562835,9275,503644,2130,29273,13238,300836,10461,412490,15361,713326,California
Riverside,2021-04-07,24689,1120441,13280,576115,8907,512551,2502,31775,13684,306065,10961,423451,16190,729516,California
Riverside,2021-04-08,26958,1147399,14796,590911,9216,521767,2946,34721,16389,314871,10509,433960,19315,748831,California
Riverside,2021-04-09,26062,1173461,15323,606234,8305,530072,2434,37155,15883,323072,10135,444095,18336,767167,California
Riverside,2021-04-10,11949,1185410,6709,612943,3852,533924,1388,38543,5214,322973,6692,450787,6593,773760,California
Riverside,2021-04-11,4603,1190013,2732,615675,1249,535173,622,39165,2164,323329,2428,453215,2784,776544,California
Riverside,2021-04-12,20063,1210076,8910,624585,8515,543688,2638,41803,10048,326036,9977,463192,12684,789228,California
Riverside,2021-04-13,19895,1229971,11127,635712,8742,552430,26,41829,11353,328914,8503,471695,11381,800609,California
Riverside,2021-04-14,22025,1251996,12102,647814,9909,562339,14,41843,10764,328501,11195,482890,10782,811391,California
Riverside,2021-04-15,21669,1273665,12172,659986,9489,571828,8,41851,11317,329541,10286,493176,11326,822717,California
Riverside,2021-04-16,24912,1298577,14420,674406,10486,582314,6,41857,11533,327757,13330,506506,11546,834263,California
Riverside,2021-04-17,9859,1308436,6496,680902,3363,585677,0,41857,4956,327831,4889,511395,4963,839226,California
Riverside,2021-04-18,3853,1312289,2806,683708,1040,586717,7,41864,1813,327626,2027,513422,1822,841048,California
Riverside,2021-04-19,19466,1331755,11586,695294,7877,594594,3,41867,6957,322123,12468,525890,6965,848013,California
Riverside,2021-04-20,18857,1350612,9947,705241,8900,603494,10,41877,7724,318766,11093,536983,7736,855749,California
Riverside,2021-04-21,19497,1370109,11079,716320,8410,611904,8,41885,7661,314668,11774,548757,7676,863425,California
Riverside,2021-04-22,23238,1393347,13553,729873,9682,621586,3,41888,8650,308805,14520,563277,8657,872082,California
Riverside,2021-04-23,23324,1416671,13725,743598,9585,631171,14,41902,9149,303859,14117,577394,9171,881253,California
Riverside,2021-04-24,10474,1427145,7310,750908,3162,634333,2,41904,4839,303100,5601,582995,4842,886095,California
Riverside,2021-04-25,4203,1431348,2817,753725,1385,635718,1,41905,2179,303273,2008,585003,2181,888276,California
Riverside,2021-04-26,16468,1447816,10352,764077,6071,641789,45,41950,5512,297914,10920,595923,5561,893837,California
Riverside,2021-04-27,17678,1465494,10139,774216,7378,649167,161,42111,6105,292649,11531,607454,6266,900103,California
Riverside,2021-04-28,16411,1481905,8853,783069,7301,656468,257,42368,5525,287601,10830,618284,5782,905885,California
Riverside,2021-04-29,18676,1500581,11422,794491,6906,663374,348,42716,5375,280082,13240,631524,5721,911606,California
Riverside,2021-04-30,19665,1520246,11330,805821,7957,671331,378,43094,6283,273413,13332,644856,6663,918269,California
Riverside,2021-05-01,6757,1527003,4871,810692,1718,673049,168,43262,2323,271492,4410,649266,2489,920758,California
Riverside,2021-05-02,3345,1530348,2179,812871,958,674007,208,43470,1069,270515,2260,651526,1283,922041,California
Riverside,2021-05-03,17959,1548307,11025,823896,6448,680455,486,43956,4137,261372,13764,665290,4621,926662,California
Riverside,2021-05-04,17232,1565539,10941,834837,5876,686331,415,44371,4863,254341,12308,677598,5277,931939,California
Riverside,2021-05-05,15737,1581276,8913,843750,6471,692802,353,44724,4540,248092,11142,688740,4893,936832,California
Riverside,2021-05-06,17750,1599026,9947,853697,7394,700196,409,45133,4519,239857,13164,701904,4929,941761,California
Riverside,2021-05-07,20265,1619291,11567,865264,8269,708465,429,45562,5334,230765,14855,716759,5763,947524,California
Riverside,2021-05-08,6808,1626099,4528,869792,2052,710517,228,45790,2554,229320,4226,720985,2781,950305,California
Riverside,2021-05-09,2307,1628406,1509,871301,643,711160,155,45945,853,228885,1443,722428,1008,951313,California
Riverside,2021-05-10,10005,1638411,5131,876432,4503,715663,371,46316,2851,225003,7104,729532,3222,954535,California
Riverside,2021-05-11,13482,1651893,8119,884551,4872,720535,491,46807,3683,219457,9721,739253,4175,958710,California
Riverside,2021-05-12,11896,1663789,5809,890360,5813,726348,274,47081,3602,215087,8245,747498,3875,962585,California
Riverside,2021-05-13,13630,1677419,8092,898452,5274,731622,264,47345,4803,211380,8778,756276,5071,967656,California
Riverside,2021-05-14,17634,1695053,11135,909587,5715,737337,784,48129,6910,208415,10658,766934,7693,975349,California
Riverside,2021-05-15,9602,1704655,6913,916500,2336,739673,353,48482,4922,209043,4648,771582,5276,980625,California
Riverside,2021-05-16,3441,1708096,2495,918995,836,740509,110,48592,1688,209099,1740,773322,1796,982421,California
Riverside,2021-05-17,11670,1719766,7540,926535,3794,744303,336,48928,5251,208303,6387,779709,5591,988012,California
Riverside,2021-05-18,14977,1734743,9295,935830,5344,749647,338,49266,6247,206205,8684,788393,6586,994598,California
Riverside,2021-05-19,11921,1746664,7521,943351,4184,753831,216,49482,5829,206206,6045,794438,6046,1000644,California
Riverside,2021-05-20,9991,1756655,6125,949476,3625,757456,241,49723,4368,205233,5586,800024,4613,1005257,California
Riverside,2021-05-21,8548,1765203,5130,954606,3211,760667,207,49930,3139,203205,5375,805399,3347,1008604,California
Sacramento,2020-12-15,315,315,315,315,0,0,0,0,315,315,0,0,315,315,California
Sacramento,2020-12-16,646,961,646,961,0,0,0,0,646,961,0,0,646,961,California
Sacramento,2020-12-17,649,1610,649,1610,0,0,0,0,649,1610,0,0,649,1610,California
Sacramento,2020-12-18,970,2580,970,2580,0,0,0,0,970,2580,0,0,970,2580,California
Sacramento,2020-12-19,610,3190,610,3190,0,0,0,0,610,3190,0,0,610,3190,California
Sacramento,2020-12-20,634,3824,634,3824,0,0,0,0,634,3824,0,0,634,3824,California
Sacramento,2020-12-21,1676,5500,1676,5500,0,0,0,0,1677,5501,0,0,1677,5501,California
Sacramento,2020-12-22,2103,7603,2070,7570,33,33,0,0,2103,7604,0,0,2103,7604,California
Sacramento,2020-12-23,2262,9865,2091,9661,171,204,0,0,2262,9866,0,0,2262,9866,California
Sacramento,2020-12-24,1045,10910,833,10494,212,416,0,0,1045,10911,0,0,1045,10911,California
Sacramento,2020-12-25,1,10911,0,10494,1,417,0,0,1,10912,0,0,1,10912,California
Sacramento,2020-12-26,509,11420,291,10785,218,635,0,0,509,11421,0,0,509,11421,California
Sacramento,2020-12-27,352,11772,248,11033,104,739,0,0,352,11773,0,0,352,11773,California
Sacramento,2020-12-28,1903,13675,1323,12356,580,1319,0,0,1902,13674,1,1,1902,13675,California
Sacramento,2020-12-29,1959,15634,1193,13549,766,2085,0,0,1959,15633,0,1,1959,15634,California
Sacramento,2020-12-30,2561,18195,1454,15003,1107,3192,0,0,2562,18195,0,1,2562,18196,California
Sacramento,2020-12-31,1233,19428,696,15699,537,3729,0,0,1234,19429,0,1,1234,19430,California
Sacramento,2021-01-01,81,19509,70,15769,11,3740,0,0,81,19510,0,1,81,19511,California
Sacramento,2021-01-02,567,20076,365,16134,202,3942,0,0,567,20077,0,1,567,20078,California
Sacramento,2021-01-03,412,20488,223,16357,189,4131,0,0,412,20489,0,1,412,20490,California
Sacramento,2021-01-04,1960,22448,847,17204,1113,5244,0,0,1958,22446,1,2,1958,22448,California
Sacramento,2021-01-05,2215,24663,989,18193,1226,6470,0,0,1861,23960,354,356,1868,24316,California
Sacramento,2021-01-06,2727,27390,1617,19810,1110,7580,0,0,1952,25140,772,1128,1952,26268,California
Sacramento,2021-01-07,2838,30228,1507,21317,1331,8911,0,0,1975,26255,860,1988,1975,28243,California
Sacramento,2021-01-08,3302,33530,2095,23412,1207,10118,0,0,2267,27492,1031,3019,2268,30511,California
Sacramento,2021-01-09,1290,34820,796,24208,494,10612,0,0,902,28008,386,3405,902,31413,California
Sacramento,2021-01-10,1247,36067,710,24918,537,11149,0,0,776,28315,470,3875,777,32190,California
Sacramento,2021-01-11,4348,40415,2959,27877,1389,12538,0,0,2409,28798,1938,5813,2421,34611,California
Sacramento,2021-01-12,4581,44996,3198,31075,1383,13921,0,0,2609,29440,1971,7784,2613,37224,California
Sacramento,2021-01-13,3833,48829,2212,33287,1621,15542,0,0,2417,30443,1415,9199,2418,39642,California
Sacramento,2021-01-14,4624,53453,2337,35624,2287,17829,0,0,3703,33229,917,10116,3703,43345,California
Sacramento,2021-01-15,4447,57900,2263,37887,2184,20013,0,0,3726,36235,721,10837,3727,47072,California
Sacramento,2021-01-16,2079,59979,1275,39162,804,20817,0,0,1862,37880,217,11054,1862,48934,California
Sacramento,2021-01-17,1670,61649,977,40139,693,21510,0,0,1491,39195,179,11233,1494,50428,California
Sacramento,2021-01-18,2818,64467,1722,41861,1096,22606,0,0,2243,40865,574,11807,2244,52672,California
Sacramento,2021-01-19,4971,69438,3023,44884,1948,24554,0,0,3737,43370,1234,13041,3739,56411,California
Sacramento,2021-01-20,4809,74247,2849,47733,1960,26514,0,0,3589,45742,1222,14263,3594,60005,California
Sacramento,2021-01-21,5206,79453,3003,50736,2203,28717,0,0,4237,49018,963,15226,4239,64244,California
Sacramento,2021-01-22,5004,84457,2672,53408,2332,31049,0,0,4702,53420,301,15527,4703,68947,California
Sacramento,2021-01-23,3741,88198,1563,54971,2178,33227,0,0,3281,56241,460,15987,3281,72228,California
Sacramento,2021-01-24,1610,89808,1003,55974,607,33834,0,0,1369,57370,241,16228,1370,73598,California
Sacramento,2021-01-25,4417,94225,2166,58140,2251,36085,0,0,2947,58849,1470,17698,2949,76547,California
Sacramento,2021-01-26,4730,98955,2143,60283,2587,38672,0,0,3529,61181,1199,18897,3531,80078,California
Sacramento,2021-01-27,5807,104762,3046,63329,2761,41433,0,0,4198,63775,1606,20503,4200,84278,California
Sacramento,2021-01-28,5381,110143,2728,66057,2653,44086,0,0,4281,66958,1099,21602,4282,88560,California
Sacramento,2021-01-29,5399,115542,2939,68996,2460,46546,0,0,4375,70318,1015,22617,4375,92935,California
Sacramento,2021-01-30,4504,120046,2196,71192,2308,48854,0,0,4075,73966,427,23044,4075,97010,California
Sacramento,2021-01-31,2316,122362,2022,73214,294,49148,0,0,2041,75736,273,23317,2043,99053,California
Sacramento,2021-02-01,5937,128299,3035,76249,2902,52050,0,0,4255,78313,1678,24995,4255,103308,California
Sacramento,2021-02-02,6926,135225,3757,80006,3169,55219,0,0,4796,80999,2112,27107,4798,108106,California
Sacramento,2021-02-03,7147,142372,3602,83608,3545,58764,0,0,5283,84429,1855,28962,5285,113391,California
Sacramento,2021-02-04,7749,150121,3667,87275,4082,62846,0,0,5505,87699,2235,31197,5505,118896,California
Sacramento,2021-02-05,7849,157970,4482,91757,3367,66213,0,0,4914,89704,2912,34109,4917,123813,California
Sacramento,2021-02-06,8478,166448,3486,95243,4992,71205,0,0,7123,95475,1353,35462,7124,130937,California
Sacramento,2021-02-07,4063,170511,2176,97419,1887,73092,0,0,2857,97133,1201,36663,2859,133796,California
Sacramento,2021-02-08,6232,176743,3241,100660,2991,76083,0,0,3898,98701,2330,38993,3898,137694,California
Sacramento,2021-02-09,6771,183514,3554,104214,3217,79300,0,0,3993,99926,2769,41762,3994,141688,California
Sacramento,2021-02-10,7698,191212,4209,108423,3489,82789,0,0,4541,101325,3144,44906,4543,146231,California
Sacramento,2021-02-11,9592,200804,5724,114147,3868,86657,0,0,5504,102758,4073,48979,5506,151737,California
Sacramento,2021-02-12,10677,211481,4142,118289,6535,93192,0,0,6406,104957,4210,53189,6409,158146,California
Sacramento,2021-02-13,7670,219151,2980,121269,4690,97882,0,0,6086,109463,1581,54770,6087,164233,California
Sacramento,2021-02-14,3170,222321,1951,123220,1219,99101,0,0,2087,110473,1081,55851,2091,166324,California
Sacramento,2021-02-15,5992,228313,2046,125266,3946,103047,0,0,4165,112819,1821,57672,4167,170491,California
Sacramento,2021-02-16,9235,237548,4206,129472,5029,108076,0,0,5318,114231,3910,61582,5322,175813,California
Sacramento,2021-02-17,8841,246389,4988,134460,3853,111929,0,0,5144,115691,3686,65268,5146,180959,California
Sacramento,2021-02-18,9555,255944,5718,140178,3837,115766,0,0,5704,117555,3843,69111,5707,186666,California
Sacramento,2021-02-19,10010,265954,6139,146317,3871,119637,0,0,5914,119390,4085,73196,5920,192586,California
Sacramento,2021-02-20,7752,273706,5726,152043,2026,121663,0,0,4694,121033,3052,76248,4695,197281,California
Sacramento,2021-02-21,2969,276675,2359,154402,610,122273,0,0,1040,120150,1923,78171,1040,198321,California
Sacramento,2021-02-22,6195,282870,3753,158155,2442,124715,0,0,2688,119346,3496,81667,2692,201013,California
Sacramento,2021-02-23,7147,290017,4443,162598,2704,127419,0,0,3469,119157,3662,85329,3473,204486,California
Sacramento,2021-02-24,9669,299686,5305,167903,4364,131783,0,0,5263,120034,4390,89719,5267,209753,California
Sacramento,2021-02-25,10931,310617,6235,174138,4696,136479,0,0,6410,121937,4507,94226,6410,216163,California
Sacramento,2021-02-26,13927,324544,6477,180615,7450,143929,0,0,9590,127223,4307,98533,9593,225756,California
Sacramento,2021-02-27,10831,335375,6732,187347,4096,148025,3,3,7960,132338,2848,101381,7963,233719,California
Sacramento,2021-02-28,5634,341009,2236,189583,3398,151423,0,3,2599,131917,3021,104402,2600,236319,California
Sacramento,2021-03-01,8069,349078,3487,193070,4581,156004,1,4,4361,132594,3687,108089,4364,240683,California
Sacramento,2021-03-02,9286,358364,4045,197115,5240,161244,1,5,5713,134755,3556,111645,5717,246400,California
Sacramento,2021-03-03,10959,369323,5015,202130,5941,167185,3,8,6540,136902,4398,116043,6545,252945,California
Sacramento,2021-03-04,13433,382756,6186,208316,7243,174428,4,12,7472,138454,5930,121973,7482,260427,California
Sacramento,2021-03-05,10609,393365,4902,213218,5677,180105,30,42,7052,142000,3536,125509,7082,267509,California
Sacramento,2021-03-06,8112,401477,3116,216334,4874,184979,122,164,4114,142252,3983,129492,4235,271744,California
Sacramento,2021-03-07,7604,409081,2210,218544,5307,190286,87,251,3744,142226,3855,133347,3829,275573,California
Sacramento,2021-03-08,9118,418199,4259,222803,4635,194921,224,475,5976,145295,3129,136476,6198,281771,California
Sacramento,2021-03-09,9595,427794,4562,227365,4743,199664,290,765,5523,147053,4056,140532,5814,287585,California
Sacramento,2021-03-10,11753,439547,7500,234865,3897,203561,356,1121,6870,149431,4849,145381,7227,294812,California
Sacramento,2021-03-11,15026,454573,9971,244836,4243,207804,812,1933,8934,153124,6052,151433,9745,304557,California
Sacramento,2021-03-12,18002,472575,8314,253150,8828,216632,860,2793,8843,153728,9108,160541,9712,314269,California
Sacramento,2021-03-13,12961,485536,3570,256720,8966,225598,425,3218,7865,156929,5085,165626,8286,322555,California
Sacramento,2021-03-14,8382,493918,3466,260186,4286,229884,630,3848,4466,158132,3892,169518,5095,327650,California
Sacramento,2021-03-15,12197,506115,4829,265015,6706,236590,662,4510,7092,160803,5084,174602,7755,335405,California
Sacramento,2021-03-16,13990,520105,6210,271225,7133,243723,647,5157,8642,164772,5315,179917,9284,344689,California
Sacramento,2021-03-17,13680,533785,6580,277805,6465,250188,635,5792,8823,169401,4833,184750,9462,354151,California
Sacramento,2021-03-18,15680,549465,8227,286032,6865,257053,588,6380,10119,174578,5530,190280,10707,364858,California
Sacramento,2021-03-19,15601,565066,7969,294001,6259,263312,1373,7753,8130,176634,7444,197724,9500,374358,California
Sacramento,2021-03-20,12898,577964,7540,301541,5018,268330,340,8093,8153,180413,4716,202440,8495,382853,California
Sacramento,2021-03-21,5597,583561,2753,304294,2805,271135,39,8132,4942,184753,643,203083,4983,387836,California
Sacramento,2021-03-22,9391,592952,4813,309107,3724,274859,854,8986,6295,188833,3069,206152,7149,394985,California
Sacramento,2021-03-23,11340,604292,6757,315864,3775,278634,808,9794,7312,192963,3988,210140,8118,403103,California
Sacramento,2021-03-24,11871,616163,7271,323135,3969,282603,631,10425,6763,195331,5027,215167,7395,410498,California
Sacramento,2021-03-25,14159,630322,8361,331496,4972,287575,826,11251,8577,199193,5538,220705,9400,419898,California
Sacramento,2021-03-26,18260,648582,8942,340438,8830,296405,488,11739,9232,199955,8960,229665,9722,429620,California
Sacramento,2021-03-27,9696,658278,3573,344011,5833,302238,290,12029,5214,201005,4450,234115,5500,435120,California
Sacramento,2021-03-28,6531,664809,3219,347230,3064,305302,248,12277,3122,200979,3399,237514,3373,438493,California
Sacramento,2021-03-29,11010,675819,5897,353127,4742,310044,371,12648,5207,200784,5775,243289,5580,444073,California
Sacramento,2021-03-30,11847,687666,6084,359211,5372,315416,391,13039,6033,201416,5792,249081,6424,450497,California
Sacramento,2021-03-31,13437,701103,7854,367065,5189,320605,394,13433,5680,199754,7729,256810,6067,456564,California
Sacramento,2021-04-01,17376,718479,10447,377512,6706,327311,223,13656,7339,197323,9999,266809,7568,464132,California
Sacramento,2021-04-02,17076,735555,9673,387185,6671,333982,732,14388,8988,198989,8057,274866,9723,473855,California
Sacramento,2021-04-03,10406,745961,6202,393387,3655,337637,549,14937,6402,201962,3976,278842,6949,480804,California
Sacramento,2021-04-04,3703,749664,1527,394914,1985,339622,191,15128,1457,201367,2241,281083,1646,482450,California
Sacramento,2021-04-05,12042,761706,7558,402472,3652,343274,832,15960,5389,200964,6618,287701,6215,488665,California
Sacramento,2021-04-06,15580,777286,8851,411323,5401,348675,1328,17288,6894,200530,8653,296354,8219,496884,California
Sacramento,2021-04-07,14748,792034,7988,419311,5181,353856,1579,18867,7138,201670,7575,303929,8715,505599,California
Sacramento,2021-04-08,14925,806959,6698,426009,5275,359131,2952,21819,5929,201574,8964,312893,8868,514467,California
Sacramento,2021-04-09,18107,825066,9260,435269,6661,365792,2186,24005,7323,200328,10747,323640,9501,523968,California
Sacramento,2021-04-10,12569,837635,3821,439090,7542,373334,1206,25211,5098,199162,7445,331085,6279,530247,California
Sacramento,2021-04-11,10719,848354,4320,443410,6175,379509,224,25435,3793,196277,6901,337986,4016,534263,California
Sacramento,2021-04-12,12897,861251,5015,448425,6020,385529,1862,27297,4930,195146,7908,345894,6777,541040,California
Sacramento,2021-04-13,16224,877475,9930,458355,6290,391819,4,27301,7550,194056,8647,354541,7557,548597,California
Sacramento,2021-04-14,14894,892369,7942,466297,6950,398769,2,27303,5893,190981,8973,363514,5898,554495,California
Sacramento,2021-04-15,16304,908673,8390,474687,7912,406681,2,27305,6610,187939,9656,373170,6614,561109,California
Sacramento,2021-04-16,17366,926039,9601,484288,7765,414446,0,27305,7867,186346,9462,382632,7869,568978,California
Sacramento,2021-04-17,15251,941290,6136,490424,9115,423561,0,27305,11039,193198,4192,386824,11044,580022,California
Sacramento,2021-04-18,8432,949722,3067,493491,5365,428926,0,27305,3735,192253,4681,391505,3736,583758,California
Sacramento,2021-04-19,10570,960292,5710,499201,4855,433781,5,27310,4691,191092,5859,397364,4698,588456,California
Sacramento,2021-04-20,11099,971391,6744,505945,4352,438133,3,27313,5909,191836,5172,402536,5916,594372,California
Sacramento,2021-04-21,11463,982854,6624,512569,4837,442970,2,27315,6209,192817,5231,407767,6212,600584,California
Sacramento,2021-04-22,14799,997653,9889,522458,4906,447876,4,27319,6813,191680,7956,415723,6819,607403,California
Sacramento,2021-04-23,15809,1013462,9991,532449,5818,453694,0,27319,7332,190572,8441,424164,7333,614736,California
Sacramento,2021-04-24,11307,1024769,7002,539451,4304,457998,1,27320,5924,191153,5345,429509,5926,620662,California
Sacramento,2021-04-25,7981,1032750,4483,543934,3498,461496,0,27320,4161,191508,3807,433316,4162,624824,California
Sacramento,2021-04-26,10222,1042972,6424,550358,3773,465269,25,27345,4692,190722,5504,438820,4718,629542,California
Sacramento,2021-04-27,11622,1054594,7634,557992,3868,469137,120,27465,5626,190502,5967,444787,5747,635289,California
Sacramento,2021-04-28,10008,1064602,5711,563703,4095,473232,202,27667,5358,191446,4622,449409,5566,640855,California
Sacramento,2021-04-29,10180,1074782,6809,570512,3067,476299,304,27971,5355,192315,4790,454199,5659,646514,California
Sacramento,2021-04-30,12416,1087198,7796,578308,4358,480657,262,28233,5862,191930,6510,460709,6125,652639,California
Sacramento,2021-05-01,7558,1094756,5466,583774,1919,482576,173,28406,2747,190074,4776,465485,2920,655559,California
Sacramento,2021-05-02,3817,1098573,3164,586938,545,483121,108,28514,2162,190705,1637,467122,2268,657827,California
Sacramento,2021-05-03,9087,1107660,7269,594207,1537,484658,281,28795,3939,189796,5124,472246,4215,662042,California
Sacramento,2021-05-04,9357,1117017,5686,599893,3360,488018,311,29106,3781,188353,5534,477780,4091,666133,California
Sacramento,2021-05-05,10953,1127970,5910,605803,4592,492610,451,29557,4417,186720,6496,484276,4863,670996,California
Sacramento,2021-05-06,11159,1139129,6188,611991,4669,497279,302,29859,4628,185425,6223,490499,4928,675924,California
Sacramento,2021-05-07,10594,1149723,6160,618151,4059,501338,375,30234,4469,184194,6076,496575,4845,680769,California
Sacramento,2021-05-08,8157,1157880,3815,621966,4113,505451,229,30463,2702,181701,5419,501994,2926,683695,California
Sacramento,2021-05-09,3164,1161044,1653,623619,1399,506850,112,30575,1189,181041,1961,503955,1301,684996,California
Sacramento,2021-05-10,8056,1169100,3726,627345,4063,510913,267,30842,1980,177242,6047,510002,2248,687244,California
Sacramento,2021-05-11,8057,1177157,5028,632373,2786,513699,243,31085,2783,175022,5244,515246,3024,690268,California
Sacramento,2021-05-12,8016,1185173,4762,637135,3017,516716,237,31322,2738,172749,5247,520493,2974,693242,California
Sacramento,2021-05-13,10849,1196022,6919,644054,3689,520405,241,31563,4093,170367,6722,527215,4340,697582,California
Sacramento,2021-05-14,12131,1208153,6859,650913,4986,525391,286,31849,5011,168597,7066,534281,5296,702878,California
Sacramento,2021-05-15,13036,1221189,7887,658800,5009,530400,140,31989,5793,167320,7207,541488,5930,708808,California
Sacramento,2021-05-16,5859,1227048,4053,662853,1700,532100,106,32095,2052,165694,3785,545273,2159,710967,California
Sacramento,2021-05-17,10248,1237296,6258,669111,3710,535810,280,32375,4031,163822,6187,551460,4315,715282,California
Sacramento,2021-05-18,9616,1246912,6063,675174,3346,539156,207,32582,3812,162078,5767,557227,4023,719305,California
Sacramento,2021-05-19,9507,1256419,6025,681199,3226,542382,256,32838,4405,161683,5060,562287,4665,723970,California
Sacramento,2021-05-20,8738,1265157,5976,687175,2564,544946,198,33036,3901,160989,4794,567081,4100,728070,California
Sacramento,2021-05-21,6544,1271701,4387,691562,1938,546884,219,33255,2975,160638,3548,570629,3197,731267,California
San Benito,2020-12-16,29,29,29,29,0,0,0,0,29,29,0,0,29,29,California
San Benito,2020-12-17,31,60,31,60,0,0,0,0,31,60,0,0,31,60,California
San Benito,2020-12-18,32,92,32,92,0,0,0,0,32,92,0,0,32,92,California
San Benito,2020-12-19,47,139,47,139,0,0,0,0,47,139,0,0,47,139,California
San Benito,2020-12-20,23,162,23,162,0,0,0,0,23,162,0,0,23,162,California
San Benito,2020-12-21,48,210,48,210,0,0,0,0,48,210,0,0,48,210,California
San Benito,2020-12-22,65,275,65,275,0,0,0,0,65,275,0,0,65,275,California
San Benito,2020-12-23,48,323,36,311,12,12,0,0,48,323,0,0,48,323,California
San Benito,2020-12-24,12,335,4,315,8,20,0,0,12,335,0,0,12,335,California
San Benito,2020-12-25,4,339,4,319,0,20,0,0,4,339,0,0,4,339,California
San Benito,2020-12-26,13,352,4,323,9,29,0,0,13,352,0,0,13,352,California
San Benito,2020-12-27,8,360,7,330,1,30,0,0,8,360,0,0,8,360,California
San Benito,2020-12-28,63,423,36,366,27,57,0,0,63,423,0,0,63,423,California
San Benito,2020-12-29,50,473,21,387,29,86,0,0,50,473,0,0,50,473,California
San Benito,2020-12-30,59,532,37,424,22,108,0,0,59,532,0,0,59,532,California
San Benito,2020-12-31,19,551,2,426,17,125,0,0,19,551,0,0,19,551,California
San Benito,2021-01-02,25,576,24,450,1,126,0,0,25,576,0,0,25,576,California
San Benito,2021-01-03,3,579,1,451,2,128,0,0,3,579,0,0,3,579,California
San Benito,2021-01-04,62,641,23,474,39,167,0,0,62,641,0,0,62,641,California
San Benito,2021-01-05,119,760,37,511,82,249,0,0,116,754,3,3,116,757,California
San Benito,2021-01-06,98,858,42,553,56,305,0,0,84,824,14,17,84,841,California
San Benito,2021-01-07,80,938,43,596,37,342,0,0,52,848,28,45,52,893,California
San Benito,2021-01-08,132,1070,68,664,64,406,0,0,88,892,44,89,88,981,California
San Benito,2021-01-09,43,1113,30,694,13,419,0,0,30,909,13,102,30,1011,California
San Benito,2021-01-10,16,1129,14,708,2,421,0,0,5,903,11,113,5,1016,California
San Benito,2021-01-11,100,1229,59,767,41,462,0,0,47,897,53,166,47,1063,California
San Benito,2021-01-12,156,1385,53,820,103,565,0,0,120,981,36,202,120,1183,California
San Benito,2021-01-13,191,1576,35,855,156,721,0,0,164,1118,27,229,164,1347,California
San Benito,2021-01-14,116,1692,23,878,93,814,0,0,99,1200,17,246,99,1446,California
San Benito,2021-01-15,216,1908,21,899,195,1009,0,0,202,1388,14,260,202,1648,California
San Benito,2021-01-16,27,1935,9,908,18,1027,0,0,21,1403,6,266,21,1669,California
San Benito,2021-01-17,11,1946,5,913,6,1033,0,0,8,1408,3,269,8,1677,California
San Benito,2021-01-18,36,1982,23,936,13,1046,0,0,21,1414,15,284,21,1698,California
San Benito,2021-01-19,152,2134,65,1001,87,1133,0,0,125,1512,27,311,125,1823,California
San Benito,2021-01-20,275,2409,94,1095,181,1314,0,0,229,1696,45,356,229,2052,California
San Benito,2021-01-21,125,2534,32,1127,93,1407,0,0,100,1771,25,381,100,2152,California
San Benito,2021-01-22,233,2767,19,1146,214,1621,0,0,223,1984,10,391,223,2375,California
San Benito,2021-01-23,31,2798,17,1163,14,1635,0,0,13,1979,18,409,13,2388,California
San Benito,2021-01-24,11,2809,3,1166,8,1643,0,0,7,1982,4,413,7,2395,California
San Benito,2021-01-25,66,2875,25,1191,41,1684,0,0,20,1956,46,459,20,2415,California
San Benito,2021-01-26,138,3013,41,1232,97,1781,0,0,85,1988,53,512,85,2500,California
San Benito,2021-01-27,229,3242,69,1301,160,1941,0,0,189,2137,40,552,189,2689,California
San Benito,2021-01-28,155,3397,32,1333,123,2064,0,0,123,2229,31,583,123,2812,California
San Benito,2021-01-29,286,3683,31,1364,255,2319,0,0,263,2470,22,605,263,3075,California
San Benito,2021-01-30,50,3733,32,1396,18,2337,0,0,27,2474,23,628,27,3102,California
San Benito,2021-01-31,16,3749,5,1401,11,2348,0,0,11,2480,5,633,11,3113,California
San Benito,2021-02-01,133,3882,28,1429,105,2453,0,0,89,2525,44,677,89,3202,California
San Benito,2021-02-02,227,4109,49,1478,178,2631,0,0,137,2572,90,767,137,3339,California
San Benito,2021-02-03,339,4448,42,1520,297,2928,0,0,274,2781,65,832,274,3613,California
San Benito,2021-02-04,164,4612,24,1544,140,3068,0,0,120,2857,44,876,120,3733,California
San Benito,2021-02-05,292,4904,40,1584,252,3320,0,0,229,3023,63,939,229,3962,California
San Benito,2021-02-06,48,4952,8,1592,40,3360,0,0,31,3037,17,956,31,3993,California
San Benito,2021-02-07,16,4968,8,1600,8,3368,0,0,15,3051,1,957,15,4008,California
San Benito,2021-02-08,139,5107,16,1616,123,3491,0,0,93,3098,46,1003,93,4101,California
San Benito,2021-02-09,326,5433,63,1679,263,3754,0,0,194,3160,132,1135,194,4295,California
San Benito,2021-02-10,322,5755,89,1768,233,3987,0,0,113,3065,208,1343,113,4408,California
San Benito,2021-02-11,299,6054,33,1801,266,4253,0,0,201,3168,98,1441,201,4609,California
San Benito,2021-02-12,414,6468,31,1832,383,4636,0,0,208,3171,205,1646,208,4817,California
San Benito,2021-02-13,56,6524,7,1839,49,4685,0,0,43,3201,13,1659,43,4860,California
San Benito,2021-02-14,40,6564,5,1844,35,4720,0,0,30,3221,10,1669,30,4890,California
San Benito,2021-02-15,106,6670,10,1854,96,4816,0,0,95,3305,11,1680,95,4985,California
San Benito,2021-02-16,207,6877,11,1865,196,5012,0,0,102,3302,105,1785,102,5087,California
San Benito,2021-02-17,328,7205,29,1894,299,5311,0,0,279,3532,49,1834,279,5366,California
San Benito,2021-02-18,293,7498,37,1931,256,5567,0,0,71,3381,222,2056,71,5437,California
San Benito,2021-02-19,346,7844,47,1978,299,5866,0,0,180,3395,166,2222,180,5617,California
San Benito,2021-02-20,45,7889,26,2004,19,5885,0,0,36,3422,9,2231,36,5653,California
San Benito,2021-02-21,24,7913,8,2012,16,5901,0,0,14,3426,10,2241,14,5667,California
San Benito,2021-02-22,135,8048,36,2048,99,6000,0,0,101,3494,33,2274,101,5768,California
San Benito,2021-02-23,379,8427,94,2142,285,6285,0,0,263,3641,116,2390,263,6031,California
San Benito,2021-02-24,378,8805,65,2207,313,6598,0,0,239,3741,139,2529,239,6270,California
San Benito,2021-02-25,394,9199,64,2271,330,6928,0,0,273,3891,123,2652,273,6543,California
San Benito,2021-02-26,642,9841,72,2343,570,7498,0,0,398,4045,244,2896,398,6941,California
San Benito,2021-02-27,100,9941,39,2382,61,7559,0,0,86,4117,14,2910,86,7027,California
San Benito,2021-02-28,247,10188,23,2405,224,7783,0,0,238,4346,9,2919,238,7265,California
San Benito,2021-03-01,225,10413,58,2463,167,7950,0,0,155,4430,71,2990,155,7420,California
San Benito,2021-03-02,279,10692,93,2556,186,8136,0,0,209,4569,70,3060,209,7629,California
San Benito,2021-03-03,402,11094,59,2615,343,8479,0,0,224,4617,176,3236,224,7853,California
San Benito,2021-03-04,616,11710,127,2742,474,8953,15,15,432,4869,184,3420,436,8289,California
San Benito,2021-03-05,585,12295,306,3048,267,9220,12,27,375,5047,209,3629,387,8676,California
San Benito,2021-03-06,194,12489,70,3118,110,9330,14,41,142,5151,52,3681,156,8832,California
San Benito,2021-03-07,649,13138,605,3723,22,9352,22,63,617,5758,32,3713,639,9471,California
San Benito,2021-03-08,289,13427,67,3790,176,9528,46,109,167,5849,122,3835,213,9684,California
San Benito,2021-03-09,425,13852,84,3874,242,9770,99,208,139,5775,285,4120,211,9895,California
San Benito,2021-03-10,403,14255,113,3987,194,9964,96,304,231,5930,172,4292,327,10222,California
San Benito,2021-03-11,472,14727,120,4107,198,10162,154,458,208,6028,264,4556,362,10584,California
San Benito,2021-03-12,514,15241,118,4225,302,10464,94,552,229,6069,283,4839,324,10908,California
San Benito,2021-03-13,203,15444,102,4327,83,10547,18,570,129,6145,71,4910,147,11055,California
San Benito,2021-03-14,232,15676,40,4367,172,10719,20,590,180,6294,51,4961,200,11255,California
San Benito,2021-03-15,324,16000,100,4467,205,10924,19,609,190,6369,134,5095,209,11464,California
San Benito,2021-03-16,500,16500,220,4687,249,11173,31,640,351,6601,149,5244,381,11845,California
San Benito,2021-03-17,791,17291,477,5164,292,11465,22,662,561,6950,226,5470,575,12420,California
San Benito,2021-03-18,789,18080,527,5691,207,11672,55,717,573,7355,214,5684,619,13039,California
San Benito,2021-03-19,781,18861,404,6095,354,12026,23,740,580,7757,201,5885,603,13642,California
San Benito,2021-03-20,246,19107,152,6247,82,12108,12,752,187,7897,59,5944,199,13841,California
San Benito,2021-03-21,109,19216,56,6303,48,12156,5,757,82,7957,27,5971,87,13928,California
San Benito,2021-03-22,351,19567,171,6474,155,12311,25,782,224,8079,127,6098,249,14177,California
San Benito,2021-03-23,480,20047,202,6676,268,12579,10,792,218,8044,262,6360,227,14404,California
San Benito,2021-03-24,575,20622,305,6981,263,12842,7,799,361,8199,213,6573,368,14772,California
San Benito,2021-03-25,743,21365,441,7422,298,13140,4,803,441,8346,298,6871,445,15217,California
San Benito,2021-03-26,1020,22385,518,7940,498,13638,4,807,340,8011,679,7550,344,15561,California
San Benito,2021-03-27,335,22720,186,8126,116,13754,33,840,215,8140,119,7669,248,15809,California
San Benito,2021-03-28,732,23452,608,8734,119,13873,5,845,128,7669,604,8273,133,15942,California
San Benito,2021-03-29,344,23796,109,8843,215,14088,20,865,149,7642,195,8468,168,16110,California
San Benito,2021-03-30,577,24373,273,9116,210,14298,94,959,292,7743,285,8753,386,16496,California
San Benito,2021-03-31,596,24969,366,9482,206,14504,24,983,342,7858,251,9004,366,16862,California
San Benito,2021-04-01,945,25914,382,9864,525,15029,38,1021,566,8078,378,9382,598,17460,California
San Benito,2021-04-02,542,26456,263,10127,144,15173,135,1156,267,8206,275,9657,403,17863,California
San Benito,2021-04-03,254,26710,88,10215,104,15277,62,1218,75,8164,179,9836,137,18000,California
San Benito,2021-04-04,143,26853,108,10323,30,15307,5,1223,106,8238,37,9873,111,18111,California
San Benito,2021-04-05,352,27205,170,10493,140,15447,42,1265,143,8213,209,10082,184,18295,California
San Benito,2021-04-06,467,27672,163,10656,126,15573,178,1443,159,8242,308,10390,337,18632,California
San Benito,2021-04-07,941,28613,527,11183,225,15798,189,1632,266,8025,673,11063,456,19088,California
San Benito,2021-04-08,859,29472,430,11613,177,15975,252,1884,224,7867,634,11697,476,19564,California
San Benito,2021-04-09,837,30309,495,12108,252,16227,90,1974,289,7698,548,12245,379,19943,California
San Benito,2021-04-10,329,30638,199,12307,72,16299,58,2032,181,7789,148,12393,239,20182,California
San Benito,2021-04-11,469,31107,269,12576,166,16465,34,2066,262,7858,207,12600,276,20458,California
San Benito,2021-04-12,530,31637,285,12861,133,16598,112,2178,278,7993,251,12851,386,20844,California
San Benito,2021-04-13,754,32391,292,13153,439,17037,23,2201,522,8308,231,13082,546,21390,California
San Benito,2021-04-14,832,33223,654,13807,178,17215,0,2201,395,8271,432,13514,395,21785,California
San Benito,2021-04-15,941,34164,733,14540,207,17422,1,2202,469,8270,471,13985,470,22255,California
San Benito,2021-04-16,703,34867,367,14907,327,17749,9,2211,295,8170,405,14390,305,22560,California
San Benito,2021-04-17,319,35186,226,15133,93,17842,0,2211,130,8109,191,14581,130,22690,California
San Benito,2021-04-18,490,35676,409,15542,81,17923,0,2211,236,8093,254,14835,238,22928,California
San Benito,2021-04-19,736,36412,590,16132,146,18069,0,2211,416,8191,319,15154,417,23345,California
San Benito,2021-04-20,768,37180,398,16530,368,18437,2,2213,486,8401,277,15431,487,23832,California
San Benito,2021-04-21,953,38133,702,17232,251,18688,0,2213,513,8488,426,15857,513,24345,California
San Benito,2021-04-22,896,39029,691,17923,205,18893,0,2213,565,8730,323,16180,565,24910,California
San Benito,2021-04-23,635,39664,397,18320,237,19130,1,2214,342,8828,244,16424,342,25252,California
San Benito,2021-04-24,359,40023,203,18523,156,19286,0,2214,168,8844,152,16576,168,25420,California
San Benito,2021-04-25,205,40228,127,18650,78,19364,0,2214,95,8847,92,16668,95,25515,California
San Benito,2021-04-26,479,40707,383,19033,96,19460,0,2214,253,8934,166,16834,253,25768,California
San Benito,2021-04-27,536,41243,277,19310,252,19712,7,2221,401,9217,125,16959,408,26176,California
San Benito,2021-04-28,540,41783,384,19694,147,19859,9,2230,378,9446,157,17116,386,26562,California
San Benito,2021-04-29,623,42406,230,19924,383,20242,10,2240,245,9341,377,17493,272,26834,California
San Benito,2021-04-30,376,42782,208,20132,161,20403,7,2247,202,9378,172,17665,209,27043,California
San Benito,2021-05-01,195,42977,143,20275,44,20447,8,2255,65,9323,128,17793,73,27116,California
San Benito,2021-05-02,189,43166,161,20436,24,20471,4,2259,58,9254,131,17924,62,27178,California
San Benito,2021-05-03,354,43520,280,20716,65,20536,9,2268,84,9079,270,18194,95,27273,California
San Benito,2021-05-04,403,43923,243,20959,152,20688,8,2276,148,8981,253,18447,155,27428,California
San Benito,2021-05-05,600,44523,422,21381,162,20850,16,2292,209,8817,389,18836,225,27653,California
San Benito,2021-05-06,611,45134,484,21865,112,20962,15,2307,221,8666,387,19223,236,27889,California
San Benito,2021-05-07,446,45580,283,22148,153,21115,10,2317,171,8577,273,19496,184,28073,California
San Benito,2021-05-08,276,45856,225,22373,46,21161,5,2322,158,8622,118,19614,163,28236,California
San Benito,2021-05-09,100,45956,75,22448,22,21183,3,2325,48,8621,52,19666,51,28287,California
San Benito,2021-05-10,409,46365,323,22771,62,21245,24,2349,51,8339,358,20024,76,28363,California
San Benito,2021-05-11,801,47166,401,23172,387,21632,13,2362,177,7908,622,20646,191,28554,California
San Benito,2021-05-12,480,47646,386,23558,82,21714,12,2374,111,7665,367,21013,124,28678,California
San Benito,2021-05-13,658,48304,564,24122,84,21798,10,2384,166,7351,489,21502,175,28853,California
San Benito,2021-05-14,594,48898,438,24560,149,21947,7,2391,231,7227,362,21864,238,29091,California
San Benito,2021-05-15,220,49118,164,24724,50,21997,6,2397,125,7263,95,21959,131,29222,California
San Benito,2021-05-16,158,49276,130,24854,26,22023,2,2399,91,7289,67,22026,93,29315,California
San Benito,2021-05-17,377,49653,307,25161,61,22084,9,2408,175,7272,201,22227,184,29499,California
San Benito,2021-05-18,662,50315,345,25506,312,22396,5,2413,206,7028,456,22683,212,29711,California
San Benito,2021-05-19,560,50875,413,25919,139,22535,8,2421,233,6943,326,23009,241,29952,California
San Benito,2021-05-20,548,51423,440,26359,97,22632,11,2432,296,6999,251,23260,307,30259,California
San Benito,2021-05-21,281,51704,133,26492,134,22766,14,2446,110,6952,171,23431,124,30383,California
San Bernardino,2020-12-15,13,13,13,13,0,0,0,0,13,13,0,0,13,13,California
San Bernardino,2020-12-16,112,125,112,125,0,0,0,0,112,125,0,0,112,125,California
San Bernardino,2020-12-17,2367,2492,2367,2492,0,0,0,0,2367,2492,0,0,2367,2492,California
San Bernardino,2020-12-18,3150,5642,3147,5639,3,3,0,0,3151,5643,0,0,3151,5643,California
San Bernardino,2020-12-19,1070,6712,1069,6708,1,4,0,0,1071,6714,0,0,1071,6714,California
San Bernardino,2020-12-20,1178,7890,1175,7883,3,7,0,0,1178,7892,0,0,1178,7892,California
San Bernardino,2020-12-21,2456,10346,2451,10334,5,12,0,0,2456,10348,0,0,2456,10348,California
San Bernardino,2020-12-22,2276,12622,2148,12482,128,140,0,0,2277,12625,0,0,2277,12625,California
San Bernardino,2020-12-23,2664,15286,1462,13944,1202,1342,0,0,2662,15287,0,0,2662,15287,California
San Bernardino,2020-12-24,1159,16445,582,14526,577,1919,0,0,1161,16448,0,0,1161,16448,California
San Bernardino,2020-12-25,75,16520,14,14540,61,1980,0,0,75,16523,0,0,75,16523,California
San Bernardino,2020-12-26,462,16982,254,14794,208,2188,0,0,462,16985,0,0,462,16985,California
San Bernardino,2020-12-27,344,17326,161,14955,183,2371,0,0,344,17329,0,0,344,17329,California
San Bernardino,2020-12-28,1570,18896,712,15667,858,3229,0,0,1571,18900,0,0,1571,18900,California
San Bernardino,2020-12-29,2212,21108,1042,16709,1170,4399,0,0,2212,21112,0,0,2212,21112,California
San Bernardino,2020-12-30,2893,24001,1458,18167,1435,5834,0,0,2894,24006,0,0,2894,24006,California
San Bernardino,2020-12-31,1357,25358,439,18606,918,6752,0,0,1355,25361,0,0,1355,25361,California
San Bernardino,2021-01-01,284,25642,151,18757,133,6885,0,0,283,25644,0,0,283,25644,California
San Bernardino,2021-01-02,475,26117,338,19095,137,7022,0,0,475,26119,0,0,475,26119,California
San Bernardino,2021-01-03,136,26253,86,19181,50,7072,0,0,136,26255,0,0,136,26255,California
San Bernardino,2021-01-04,2122,28375,1285,20466,837,7909,0,0,2121,28376,0,0,2121,28376,California
San Bernardino,2021-01-05,2334,30709,1459,21925,875,8784,0,0,2224,30491,109,109,2224,30600,California
San Bernardino,2021-01-06,3436,34145,2348,24273,1088,9872,0,0,2938,32938,492,601,2939,33539,California
San Bernardino,2021-01-07,5417,39562,4503,28776,914,10786,0,0,2467,32474,2931,3532,2467,36006,California
San Bernardino,2021-01-08,5367,44929,4446,33222,921,11707,0,0,2287,31686,3076,6608,2288,38294,California
San Bernardino,2021-01-09,1403,46332,1100,34322,303,12010,0,0,905,32093,498,7106,905,39199,California
San Bernardino,2021-01-10,1025,47357,597,34919,428,12438,0,0,576,32220,449,7555,576,39775,California
San Bernardino,2021-01-11,4985,52342,4077,38996,908,13346,0,0,2768,32775,2213,9768,2768,42543,California
San Bernardino,2021-01-12,4225,56567,3210,42206,1015,14361,0,0,2510,33571,1714,11482,2510,45053,California
San Bernardino,2021-01-13,4570,61137,2848,45054,1722,16083,0,0,3348,35710,1210,12692,3349,48402,California
San Bernardino,2021-01-14,4816,65953,2839,47893,1977,18060,0,0,4235,39368,577,13269,4235,52637,California
San Bernardino,2021-01-15,5965,71918,2952,50845,3013,21073,0,0,5567,44550,388,13657,5570,58207,California
San Bernardino,2021-01-16,2255,74173,1287,52132,968,22041,0,0,2113,46521,142,13799,2113,60320,California
San Bernardino,2021-01-17,1183,75356,508,52640,675,22716,0,0,1100,47541,82,13881,1102,61422,California
San Bernardino,2021-01-18,4266,79622,2635,55275,1631,24347,0,0,3642,50563,623,14504,3645,65067,California
San Bernardino,2021-01-19,6311,85933,3705,58980,2606,26953,0,0,5225,54706,1084,15588,5227,70294,California
San Bernardino,2021-01-20,6839,92772,3764,62744,3075,30028,0,0,4891,57659,1940,17528,4893,75187,California
San Bernardino,2021-01-21,5988,98760,3076,65820,2912,32940,0,0,4869,61421,1110,18638,4872,80059,California
San Bernardino,2021-01-22,6526,105286,3051,68871,3475,36415,0,0,5802,66502,722,19360,5803,85862,California
San Bernardino,2021-01-23,3115,108401,1894,70765,1221,37636,0,0,2725,68838,389,19749,2725,88587,California
San Bernardino,2021-01-24,1195,109596,461,71226,734,38370,0,0,1094,69831,101,19850,1094,89681,California
San Bernardino,2021-01-25,6886,116482,3407,74633,3479,41849,0,0,5049,73049,1834,21684,5052,94733,California
San Bernardino,2021-01-26,7074,123556,3533,78166,3541,45390,0,0,4976,75929,2097,23781,4977,99710,California
San Bernardino,2021-01-27,8494,132050,4143,82309,4351,49741,0,0,5701,78845,2785,26566,5701,105411,California
San Bernardino,2021-01-28,8591,140641,4078,86387,4513,54254,0,0,6271,82801,2315,28881,6271,111682,California
San Bernardino,2021-01-29,8194,148835,3769,90156,4425,58679,0,0,6222,87066,1958,30839,6223,117905,California
San Bernardino,2021-01-30,3092,151927,1900,92056,1192,59871,0,0,2803,89581,288,31127,2803,120708,California
San Bernardino,2021-01-31,923,152850,493,92549,430,60301,0,0,869,90397,53,31180,869,121577,California
San Bernardino,2021-02-01,7575,160425,4251,96800,3324,63625,0,0,4945,92716,2627,33807,4946,126523,California
San Bernardino,2021-02-02,10443,170868,3655,100455,6788,70413,0,0,8385,99048,2054,35861,8386,134909,California
San Bernardino,2021-02-03,9005,179873,4148,104603,4857,75270,0,0,6506,103064,2491,38352,6507,141416,California
San Bernardino,2021-02-04,10517,190390,5184,109787,5333,80603,0,0,7416,107390,3090,41442,7416,148832,California
San Bernardino,2021-02-05,11005,201395,5908,115695,5097,85700,0,0,7485,111367,3509,44951,7486,156318,California
San Bernardino,2021-02-06,5264,206659,2213,117908,3051,88751,0,0,3634,113398,1606,46557,3637,159955,California
San Bernardino,2021-02-07,842,207501,488,118396,354,89105,0,0,467,113494,372,46929,468,160423,California
San Bernardino,2021-02-08,7278,214779,3878,122274,3400,92505,0,0,5611,117440,1665,48594,5611,166034,California
San Bernardino,2021-02-09,10138,224917,5903,128177,4235,96740,0,0,6843,120993,3293,51887,6846,172880,California
San Bernardino,2021-02-10,12076,236993,6450,134627,5626,102366,0,0,7958,124845,4107,55994,7959,180839,California
San Bernardino,2021-02-11,12439,249432,7136,141763,5303,107669,0,0,7930,128292,4486,60480,7933,188772,California
San Bernardino,2021-02-12,10423,259855,5945,147708,4478,112147,0,0,5687,129260,4719,65199,5687,194459,California
San Bernardino,2021-02-13,6043,265898,4018,151726,2025,114172,0,0,3803,130844,2224,67423,3808,198267,California
San Bernardino,2021-02-14,1552,267450,649,152375,903,115075,0,0,874,131047,671,68094,874,199141,California
San Bernardino,2021-02-15,5475,272925,2995,155370,2480,117555,0,0,3060,131706,2401,70495,3060,202201,California
San Bernardino,2021-02-16,12611,285536,7379,162749,5232,122787,0,0,7971,135050,4628,75123,7972,210173,California
San Bernardino,2021-02-17,11798,297334,6460,169209,5338,128125,0,0,7145,137561,4636,79759,7147,217320,California
San Bernardino,2021-02-18,12476,309810,7583,176792,4893,133018,0,0,7702,140504,4760,84519,7703,225023,California
San Bernardino,2021-02-19,11511,321321,5932,182724,5579,138597,0,0,6814,142641,4677,89196,6814,231837,California
San Bernardino,2021-02-20,4521,325842,3470,186194,1051,139648,0,0,2041,142207,2477,91673,2043,233880,California
San Bernardino,2021-02-21,1128,326970,670,186864,458,140106,0,0,391,141861,737,92410,391,234271,California
San Bernardino,2021-02-22,8659,335629,5341,192205,3318,143424,0,0,4038,141290,4610,97020,4039,238310,California
San Bernardino,2021-02-23,9124,344753,5444,197649,3680,147104,0,0,4596,141382,4504,101524,4596,242906,California
San Bernardino,2021-02-24,12431,357184,7172,204821,5259,152363,0,0,6155,141282,6256,107780,6156,249062,California
San Bernardino,2021-02-25,13064,370248,6279,211100,6785,159148,0,0,7612,143462,5435,113215,7615,256677,California
San Bernardino,2021-02-26,13614,383862,6379,217479,7235,166383,0,0,7585,145082,5967,119182,7587,264264,California
San Bernardino,2021-02-27,6665,390527,3725,221204,2939,169322,1,1,4814,148055,1842,121024,4815,269079,California
San Bernardino,2021-02-28,1765,392292,732,221936,1033,170355,0,1,1138,148571,622,121646,1138,270217,California
San Bernardino,2021-03-01,8435,400727,4357,226293,4075,174430,3,4,3840,147849,4573,126219,3851,274068,California
San Bernardino,2021-03-02,13848,414575,5535,231828,8313,182743,0,4,6543,147120,7275,133494,6546,280614,California
San Bernardino,2021-03-03,12870,427445,6520,238348,6347,189090,3,7,6012,146304,6837,140331,6021,286635,California
San Bernardino,2021-03-04,13754,441199,6909,245257,6845,195935,0,7,5976,144527,7757,148088,5980,292615,California
San Bernardino,2021-03-05,14402,455601,7537,252794,6864,202799,1,8,7034,144243,7337,155425,7053,299668,California
San Bernardino,2021-03-06,9713,465314,5452,258246,4046,206845,215,223,4545,143850,5151,160576,4758,304426,California
San Bernardino,2021-03-07,1649,466963,1002,259248,590,207435,57,280,1047,144354,600,161176,1104,305530,California
San Bernardino,2021-03-08,8073,475036,3572,262820,4342,211777,159,439,3593,143637,4472,165648,3755,309285,California
San Bernardino,2021-03-09,13074,488110,7485,270305,5345,217122,244,683,5275,141372,7785,173433,5520,314805,California
San Bernardino,2021-03-10,14202,502312,7845,278150,5801,222923,556,1239,6355,140465,7821,181254,6914,321719,California
San Bernardino,2021-03-11,15569,517881,7195,285345,6787,229710,1587,2826,7384,141267,8164,189418,8966,330685,California
San Bernardino,2021-03-12,15489,533370,6876,292221,6565,236275,2048,4874,7344,142590,8115,197533,9438,340123,California
San Bernardino,2021-03-13,8373,541743,4580,296801,3281,239556,512,5386,4972,144686,3390,200923,5486,345609,California
San Bernardino,2021-03-14,3275,545018,1659,298460,1040,240596,576,5962,1830,145647,1439,202362,2400,348009,California
San Bernardino,2021-03-15,11374,556392,5368,303828,3972,244568,2034,7996,5570,147453,5790,208152,7596,355605,California
San Bernardino,2021-03-16,16198,572590,8032,311860,7221,251789,945,8941,9914,152050,6258,214410,10855,366460,California
San Bernardino,2021-03-17,17353,589943,8629,320489,7976,259765,748,9689,10526,156517,6808,221218,11275,377735,California
San Bernardino,2021-03-18,16621,606564,8227,328716,8007,267772,387,10076,9847,160001,6748,227966,10232,387967,California
San Bernardino,2021-03-19,16972,623536,8425,337141,7958,275730,589,10665,9752,163199,7195,235161,10393,398360,California
San Bernardino,2021-03-20,9441,632977,5961,343102,2891,278621,589,11254,5588,165543,3829,238990,6173,404533,California
San Bernardino,2021-03-21,2793,635770,2273,345375,470,279091,50,11304,2251,167314,530,239520,2301,406834,California
San Bernardino,2021-03-22,9619,645389,4525,349900,4657,283748,437,11741,6969,172091,2629,242149,7406,414240,California
San Bernardino,2021-03-23,15500,660889,8799,358699,6082,289830,619,12360,9597,176424,5882,248031,10215,424455,California
San Bernardino,2021-03-24,15162,676051,7835,366534,7022,296852,305,12665,10073,181749,5054,253085,10379,434834,California
San Bernardino,2021-03-25,17036,693087,8364,374898,8372,305224,300,12965,10799,186657,6187,259272,11095,445929,California
San Bernardino,2021-03-26,18204,711291,8683,383581,8751,313975,770,13735,10896,191045,7278,266550,11666,457595,California
San Bernardino,2021-03-27,10849,722140,7012,390593,3086,317061,751,14486,6194,193354,4635,271185,6944,464539,California
San Bernardino,2021-03-28,3620,725760,2550,393143,957,318018,113,14599,2510,194875,1101,272286,2622,467161,California
San Bernardino,2021-03-29,11775,737535,6121,399264,5255,323273,399,14998,7960,199436,3798,276084,8359,475520,California
San Bernardino,2021-03-30,16982,754517,9478,408742,6787,330060,717,15715,10528,204253,6419,282503,11236,486756,California
San Bernardino,2021-03-31,16575,771092,9322,418064,6615,336675,638,16353,10908,210158,5639,288142,11544,498300,California
San Bernardino,2021-04-01,19677,790769,10412,428476,7898,344573,1367,17720,12683,217247,6953,295095,14042,512342,California
San Bernardino,2021-04-02,18858,809627,9506,437982,8067,352640,1285,19005,11396,222533,7437,302532,12723,525065,California
San Bernardino,2021-04-03,11068,820695,6908,444890,3032,355672,1128,20133,6036,224678,5014,307546,7159,532224,California
San Bernardino,2021-04-04,2494,823189,1501,446391,744,356416,249,20382,1257,224952,1232,308778,1506,533730,California
San Bernardino,2021-04-05,11762,834951,5277,451668,4752,361168,1733,22115,5998,226933,5744,314522,7725,541455,California
San Bernardino,2021-04-06,19696,854647,11079,462747,6509,367677,2108,24223,10418,230215,9235,323757,12517,553972,California
San Bernardino,2021-04-07,20892,875539,11174,473921,7246,374923,2472,26695,11397,234606,9466,333223,13857,567829,California
San Bernardino,2021-04-08,21721,897260,11089,485010,8039,382962,2593,29288,11949,239393,9746,342969,14533,582362,California
San Bernardino,2021-04-09,21614,918874,10991,496001,8075,391037,2548,31836,11756,243861,9824,352793,14292,596654,California
San Bernardino,2021-04-10,15573,934447,8064,504065,3812,394849,3697,35533,7710,247411,7842,360635,11392,608046,California
San Bernardino,2021-04-11,4405,938852,2567,506632,884,395733,954,36487,2024,248009,2376,363011,2974,611020,California
San Bernardino,2021-04-12,13350,952202,6178,512810,5528,401261,1644,38131,6313,248944,7016,370027,7951,618971,California
San Bernardino,2021-04-13,19223,971425,10947,523757,8257,409518,19,38150,10997,251761,8200,378227,11017,629988,California
San Bernardino,2021-04-14,19192,990617,10259,534016,8930,418448,3,38153,10837,254279,8323,386550,10841,640829,California
San Bernardino,2021-04-15,20240,1010857,11316,545332,8918,427366,6,38159,10736,255553,9468,396018,10742,651571,California
San Bernardino,2021-04-16,18564,1029421,10534,555866,8029,435395,1,38160,9118,255269,9402,405420,9118,660689,California
San Bernardino,2021-04-17,11916,1041337,7844,563710,4072,439467,0,38160,6227,255839,5657,411077,6227,666916,California
San Bernardino,2021-04-18,2882,1044219,1977,565687,905,440372,0,38160,1264,255497,1606,412683,1264,668180,California
San Bernardino,2021-04-19,12529,1056748,6680,572367,5849,446221,0,38160,4862,252718,7645,420328,4866,673046,California
San Bernardino,2021-04-20,17592,1074340,9810,582177,7779,454000,3,38163,8037,251226,9533,429861,8041,681087,California
San Bernardino,2021-04-21,18047,1092387,10310,592487,7734,461734,3,38166,7908,249056,10081,439942,7911,688998,California
San Bernardino,2021-04-22,19127,1111514,10925,603412,8198,469932,4,38170,7784,245553,11291,451233,7788,696786,California
San Bernardino,2021-04-23,18405,1129919,10535,613947,7869,477801,1,38171,8018,243232,10342,461575,8021,704807,California
San Bernardino,2021-04-24,12804,1142723,9459,623406,3343,481144,2,38173,6900,244245,5889,467464,6902,711709,California
San Bernardino,2021-04-25,3391,1146114,2220,625626,1171,482315,0,38173,1675,244219,1702,469166,1676,713385,California
San Bernardino,2021-04-26,10476,1156590,5614,631240,4773,487088,89,38262,4433,242732,6008,475174,4521,717906,California
San Bernardino,2021-04-27,15861,1172451,9576,640816,6116,493204,169,38431,6473,240026,9347,484521,6641,724547,California
San Bernardino,2021-04-28,14645,1187096,8694,649510,5681,498885,270,38701,5250,236169,9368,493889,5511,730058,California
San Bernardino,2021-04-29,16093,1203189,9279,658789,6545,505430,269,38970,5335,231040,10730,504619,5601,735659,California
San Bernardino,2021-04-30,16455,1219644,10376,669165,5800,511230,279,39249,6025,226946,10395,515014,6301,741960,California
San Bernardino,2021-05-01,10701,1230345,8398,677563,1995,513225,308,39557,3647,223883,7015,522029,3952,745912,California
San Bernardino,2021-05-02,2922,1233267,2113,679676,677,513902,132,39689,1040,223179,1875,523904,1171,747083,California
San Bernardino,2021-05-03,10022,1243289,5763,685439,3855,517757,404,40093,2884,219354,7112,531016,3287,750370,California
San Bernardino,2021-05-04,15638,1258927,9506,694945,5680,523437,452,40545,4526,213262,11068,542084,4976,755346,California
San Bernardino,2021-05-05,15311,1274238,8801,703746,6097,529534,413,40958,4319,207049,10941,553025,4728,760074,California
San Bernardino,2021-05-06,15722,1289960,8954,712700,6356,535890,412,41370,4269,200319,11410,564435,4680,764754,California
San Bernardino,2021-05-07,15411,1305371,8662,721362,6375,542265,374,41744,4606,194550,10745,575180,4976,769730,California
San Bernardino,2021-05-08,9180,1314551,6108,727470,2828,545093,244,41988,3130,191908,6015,581195,3373,773103,California
San Bernardino,2021-05-09,1806,1316357,1109,728579,607,545700,90,42078,728,191657,1069,582264,818,773921,California
San Bernardino,2021-05-10,7404,1323761,3413,731992,3678,549378,313,42391,2268,189144,5091,587355,2578,776499,California
San Bernardino,2021-05-11,11862,1335623,6542,738534,4999,554377,321,42712,3721,185082,8105,595460,4043,780542,California
San Bernardino,2021-05-12,11983,1347606,6388,744922,5307,559684,288,43000,3422,180271,8517,603977,3706,784248,California
San Bernardino,2021-05-13,12437,1360043,7386,752308,4713,564397,338,43338,4767,177743,7628,611605,5100,789348,California
San Bernardino,2021-05-14,13540,1373583,9014,761322,4193,568590,333,43671,5628,175848,7855,619460,5960,795308,California
San Bernardino,2021-05-15,11166,1384749,8303,769625,2703,571293,160,43831,4483,173835,6651,626111,4638,799946,California
San Bernardino,2021-05-16,2761,1387510,2035,771660,665,571958,61,43892,1309,173769,1435,627546,1369,801315,California
San Bernardino,2021-05-17,9780,1397290,6658,778318,2858,574816,264,44156,4540,173367,5203,632749,4801,806116,California
San Bernardino,2021-05-18,13236,1410526,8759,787077,4226,579042,251,44407,6168,172750,7033,639782,6416,812532,California
San Bernardino,2021-05-19,11350,1421876,7153,794230,3836,582878,361,44768,5283,172362,6029,645811,5641,818173,California
San Bernardino,2021-05-20,9778,1431654,5816,800046,3680,586558,282,45050,4417,171729,5329,651140,4696,822869,California
San Bernardino,2021-05-21,7505,1439159,5298,805344,1896,588454,311,45361,2988,170539,4488,655628,3298,826167,California
San Diego,2020-12-15,119,119,119,119,0,0,0,0,119,119,0,0,119,119,California
San Diego,2020-12-16,1103,1222,1103,1222,0,0,0,0,1103,1222,0,0,1103,1222,California
San Diego,2020-12-17,2350,3572,2350,3572,0,0,0,0,2350,3572,0,0,2350,3572,California
San Diego,2020-12-18,3670,7242,3669,7241,1,1,0,0,3670,7242,0,0,3670,7242,California
San Diego,2020-12-19,2313,9555,2313,9554,0,1,0,0,2313,9555,0,0,2313,9555,California
San Diego,2020-12-20,1184,10739,1183,10737,1,2,0,0,1184,10739,0,0,1184,10739,California
San Diego,2020-12-21,3522,14261,3521,14258,1,3,0,0,3522,14261,0,0,3522,14261,California
San Diego,2020-12-22,4059,18320,3416,17674,643,646,0,0,4059,18320,0,0,4059,18320,California
San Diego,2020-12-23,3180,21500,1977,19651,1203,1849,0,0,3180,21500,0,0,3180,21500,California
San Diego,2020-12-24,2737,24237,2219,21870,518,2367,0,0,2737,24237,0,0,2737,24237,California
San Diego,2020-12-25,876,25113,875,22745,1,2368,0,0,876,25113,0,0,876,25113,California
San Diego,2020-12-26,3293,28406,2143,24888,1150,3518,0,0,3293,28406,0,0,3293,28406,California
San Diego,2020-12-27,2509,30915,1619,26507,890,4408,0,0,2508,30913,1,1,2508,30914,California
San Diego,2020-12-28,5913,36828,4226,30733,1687,6095,0,0,5913,36826,0,1,5913,36827,California
San Diego,2020-12-29,5572,42400,2999,33732,2573,8668,0,0,5572,42398,0,1,5572,42399,California
San Diego,2020-12-30,5943,48343,3099,36831,2844,11512,0,0,5943,48341,0,1,5943,48342,California
San Diego,2020-12-31,3039,51382,1055,37886,1984,13496,0,0,3039,51380,0,1,3039,51381,California
San Diego,2021-01-01,1006,52388,452,38338,554,14050,0,0,1006,52386,0,1,1006,52387,California
San Diego,2021-01-02,3745,56133,1302,39640,2443,16493,0,0,3745,56131,0,1,3745,56132,California
San Diego,2021-01-03,859,56992,632,40272,227,16720,0,0,858,56989,0,1,858,56990,California
San Diego,2021-01-04,3703,60695,2050,42322,1653,18373,0,0,3696,60685,0,1,3696,60686,California
San Diego,2021-01-05,4373,65068,2182,44504,2191,20564,0,0,3757,63842,612,613,3769,64455,California
San Diego,2021-01-06,4948,70016,2292,46796,2656,23220,0,0,3714,66349,1211,1824,3718,68173,California
San Diego,2021-01-07,5665,75681,2983,49779,2682,25902,0,0,3506,67709,2152,3976,3512,71685,California
San Diego,2021-01-08,7867,83548,4940,54719,2927,28829,0,0,4082,68039,3768,7744,4098,75783,California
San Diego,2021-01-09,3500,87048,1940,56659,1560,30389,0,0,1950,68462,1538,9282,1961,77744,California
San Diego,2021-01-10,1881,88929,1293,57952,588,30977,0,0,777,68156,1092,10374,786,78530,California
San Diego,2021-01-11,10333,99262,5860,63812,4473,35450,0,0,6804,71456,3522,13896,6822,85352,California
San Diego,2021-01-12,11199,110461,5312,69124,5887,41337,0,0,7822,76024,3368,17264,7936,93288,California
San Diego,2021-01-13,11509,121970,5053,74177,6456,47793,0,0,8965,82481,2532,19796,8989,102277,California
San Diego,2021-01-14,12366,134336,4746,78923,7620,55413,0,0,10198,90554,2160,21956,10233,112510,California
San Diego,2021-01-15,15133,149469,5354,84277,9779,65192,0,0,12488,100470,2626,24582,12542,125052,California
San Diego,2021-01-16,10770,160239,3593,87870,7177,72369,0,0,9325,108386,1440,26022,9356,134408,California
San Diego,2021-01-17,8681,168920,2497,90367,6184,78553,0,0,7840,115405,841,26863,7860,142268,California
San Diego,2021-01-18,12881,181801,6319,96686,6562,85115,0,0,10031,122678,2818,29681,10091,152359,California
San Diego,2021-01-19,14597,196398,5669,102355,8928,94043,0,0,11487,131332,3099,32780,11753,164112,California
San Diego,2021-01-20,18329,214727,6388,108743,11941,105984,0,0,15006,143220,3301,36081,15189,179301,California
San Diego,2021-01-21,17300,232027,5785,114528,11515,117499,0,0,15909,157891,1382,37463,16053,195354,California
San Diego,2021-01-22,17584,249611,4663,119191,12921,130420,0,0,15552,171505,2018,39481,15632,210986,California
San Diego,2021-01-23,14493,264104,5280,124471,9213,139633,0,0,12136,181354,2346,41827,12195,223181,California
San Diego,2021-01-24,11906,276010,3345,127816,8561,148194,0,0,10934,191355,970,42797,10971,234152,California
San Diego,2021-01-25,12271,288281,5800,133616,6471,154665,0,0,9252,197751,3012,45809,9408,243560,California
San Diego,2021-01-26,15156,303437,7857,141473,7299,161964,0,0,11769,206322,3385,49194,11956,255516,California
San Diego,2021-01-27,20578,324015,7938,149411,12640,174604,0,0,17558,221015,3011,52205,17704,273220,California
San Diego,2021-01-28,21307,345322,7650,157061,13657,188261,0,0,19038,237876,2259,54464,19120,292340,California
San Diego,2021-01-29,19725,365047,6478,163539,13247,201508,0,0,17284,252776,2431,56895,17331,309671,California
San Diego,2021-01-30,15907,380954,3668,167207,12239,213747,0,0,13225,263426,2672,59567,13322,322993,California
San Diego,2021-01-31,14811,395765,5763,172970,9048,222795,0,0,14449,277549,358,59925,14481,337474,California
San Diego,2021-02-01,21037,416802,7735,180705,13302,236097,0,0,17488,291578,3535,63460,17564,355038,California
San Diego,2021-02-02,22896,439698,8375,189080,14521,250618,0,0,19628,308116,3259,66719,19797,374835,California
San Diego,2021-02-03,27667,467365,11769,200849,15898,266516,0,0,23354,327366,4294,71013,23544,398379,California
San Diego,2021-02-04,24253,491618,9896,210745,14357,280873,0,0,19625,342661,4611,75624,19906,418285,California
San Diego,2021-02-05,24935,516553,8891,219636,16044,296917,0,0,18250,354699,6661,82285,18699,436984,California
San Diego,2021-02-06,20781,537334,8555,228191,12226,309143,0,0,17531,369204,3247,85532,17752,454736,California
San Diego,2021-02-07,12137,549471,5377,233568,6760,315903,0,0,10254,377844,1872,87404,10512,465248,California
San Diego,2021-02-08,20124,569595,8532,242100,11592,327495,0,0,12680,383775,7433,94837,13364,478612,California
San Diego,2021-02-09,20489,590084,8326,250426,12163,339658,0,0,13192,390763,7276,102113,14264,492876,California
San Diego,2021-02-10,22972,613056,9337,259763,13635,353293,0,0,13849,396924,9066,111179,15227,508103,California
San Diego,2021-02-11,23847,636903,10186,269949,13661,366954,0,0,12770,400332,11049,122228,14457,522560,California
San Diego,2021-02-12,23843,660746,7449,277398,16394,383348,0,0,11891,402553,11934,134162,14155,536715,California
San Diego,2021-02-13,20033,680779,9025,286423,11008,394356,0,0,10902,405534,9125,143287,12106,548821,California
San Diego,2021-02-14,11187,691966,7433,293856,3754,398110,0,0,6320,408507,4863,148150,7836,556657,California
San Diego,2021-02-15,15271,707237,7761,301617,7510,405620,0,0,7831,411985,7418,155568,10896,567553,California
San Diego,2021-02-16,19294,726531,11267,312884,8027,413647,0,0,9226,414138,10056,165624,12209,579762,California
San Diego,2021-02-17,23413,749944,10999,323883,12414,426061,0,0,8123,410075,15275,180899,11212,590974,California
San Diego,2021-02-18,23575,773519,12010,335893,11565,437626,0,0,7782,406155,15782,196681,11862,602836,California
San Diego,2021-02-19,15901,789420,10909,346802,4992,442618,0,0,6635,405517,9248,205929,8610,611446,California
San Diego,2021-02-20,10265,799685,6367,353169,3898,446516,0,0,5809,408779,4454,210383,7716,619162,California
San Diego,2021-02-21,11567,811252,10153,363322,1414,447930,0,0,5186,409101,6375,216758,6697,625859,California
San Diego,2021-02-22,12445,823697,10587,373909,1858,449788,0,0,5756,409810,6685,223443,7394,633253,California
San Diego,2021-02-23,25871,849568,14495,388404,11376,461164,0,0,9632,409108,16231,239674,15529,648782,California
San Diego,2021-02-24,28960,878528,12766,401170,16194,477358,0,0,6860,401326,22080,261754,14298,663080,California
San Diego,2021-02-25,33208,911736,14732,415902,18476,495834,0,0,10136,396810,23052,284806,18536,681616,California
San Diego,2021-02-26,33476,945212,12403,428305,21073,516907,0,0,12121,394707,21325,306131,19222,700838,California
San Diego,2021-02-27,21247,966459,9687,437992,11560,528467,0,0,11446,400626,9796,315927,15715,716553,California
San Diego,2021-02-28,15286,981745,9989,447981,5297,533764,0,0,9526,407183,5759,321686,12316,728869,California
San Diego,2021-03-01,24255,1006000,14316,462297,9937,543701,2,2,14733,416331,9446,331132,18594,747463,California
San Diego,2021-03-02,26182,1032182,14095,476392,12087,555788,0,2,12770,422392,13402,344534,19463,766926,California
San Diego,2021-03-03,34028,1066210,15948,492340,18077,573865,3,5,14085,423468,19921,364455,20997,787923,California
San Diego,2021-03-04,28322,1094532,14111,506451,14211,588076,0,5,12631,427181,15669,380124,19382,807305,California
San Diego,2021-03-05,29017,1123549,14914,521365,14021,602097,82,87,13537,432049,15455,395579,20323,827628,California
San Diego,2021-03-06,23435,1146984,9596,530961,13138,615235,701,788,10353,434710,13068,408647,15729,843357,California
San Diego,2021-03-07,18247,1165231,9338,540299,8338,623573,571,1359,6932,434570,11306,419953,11166,854523,California
San Diego,2021-03-08,23107,1188338,11227,551526,10973,634546,907,2266,11452,440173,11635,431588,17238,871761,California
San Diego,2021-03-09,25913,1214251,11997,563523,12157,646703,1759,4025,10145,440248,15754,447342,15829,887590,California
San Diego,2021-03-10,25566,1239817,10816,574339,12353,659056,2397,6422,10138,441441,15411,462753,16604,904194,California
San Diego,2021-03-11,28687,1268504,11029,585368,14060,673116,3598,10020,10015,440359,18649,481402,17567,921761,California
San Diego,2021-03-12,27106,1295610,9465,594833,14501,687617,3140,13160,9978,439897,17115,498517,16653,938414,California
San Diego,2021-03-13,26235,1321845,7308,602141,17138,704755,1789,14949,10144,439914,16087,514604,16104,954518,California
San Diego,2021-03-14,13882,1335727,5501,607642,7643,712398,738,15687,4824,438749,9050,523654,7885,962403,California
San Diego,2021-03-15,22033,1357760,10175,617817,11078,723476,780,16467,9024,438655,12996,536650,12902,975305,California
San Diego,2021-03-16,30009,1387769,15794,633611,13803,737279,412,16879,15744,443617,14242,550892,19204,994509,California
San Diego,2021-03-17,26351,1414120,12241,645852,13390,750669,720,17599,16796,453645,9539,560431,19567,1014076,California
San Diego,2021-03-18,31534,1445654,17815,663667,12803,763472,916,18515,17036,458660,14466,574897,19481,1033557,California
San Diego,2021-03-19,30332,1475986,14403,678070,14904,778376,1025,19540,19397,469363,10913,585810,21616,1055173,California
San Diego,2021-03-20,27883,1503869,8455,686525,17634,796010,1794,21334,21425,487242,6447,592257,24326,1079499,California
San Diego,2021-03-21,16584,1520453,12107,698632,3760,799770,717,22051,7718,488141,8852,601109,9751,1089250,California
San Diego,2021-03-22,22535,1542988,13151,711783,9118,808888,266,22317,14328,497301,8194,609303,17354,1106604,California
San Diego,2021-03-23,25993,1568981,13645,725428,12084,820972,264,22581,17141,507892,8836,618139,19427,1126031,California
San Diego,2021-03-24,29564,1598545,19782,745210,9420,830392,362,22943,17100,514953,12455,630594,19516,1145547,California
San Diego,2021-03-25,30357,1628902,18311,763521,11387,841779,659,23602,17993,523371,12347,642941,20765,1166312,California
San Diego,2021-03-26,32134,1661036,17940,781461,13636,855415,558,24160,17503,529647,14605,657546,20881,1187193,California
San Diego,2021-03-27,25508,1686544,11046,792507,14069,869484,393,24553,15692,538172,9800,667346,18325,1205518,California
San Diego,2021-03-28,15079,1701623,9235,801742,5787,875271,57,24610,9264,543152,5809,673155,10789,1216307,California
San Diego,2021-03-29,26693,1728316,12918,814660,13177,888448,598,25208,16445,552391,10239,683394,19478,1235785,California
San Diego,2021-03-30,33226,1761542,17901,832561,14551,902999,774,25982,22019,565802,11195,694589,24606,1260391,California
San Diego,2021-03-31,30445,1791987,18796,851357,10972,913971,677,26659,20639,578418,9789,704378,22405,1282796,California
San Diego,2021-04-01,34326,1826313,20059,871416,12794,926765,1473,28132,23246,593390,11055,715433,26027,1308823,California
San Diego,2021-04-02,35772,1862085,20673,892089,12325,939090,2774,30906,24118,610065,11635,727068,28310,1337133,California
San Diego,2021-04-03,30835,1892920,14442,906531,11792,950882,4601,35507,19701,624437,11121,738189,25493,1362626,California
San Diego,2021-04-04,9058,1901978,5204,911735,2926,953808,928,36435,4821,626128,4232,742421,5923,1368549,California
San Diego,2021-04-05,29729,1931707,15405,927140,11705,965513,2619,39054,19385,640286,10327,752748,24485,1393034,California
San Diego,2021-04-06,38735,1970442,20398,947538,12448,977961,5889,44943,22339,654233,16380,769128,30327,1423361,California
San Diego,2021-04-07,35808,2006250,21979,969517,9286,987247,4543,49486,20318,664817,15465,784593,26049,1449410,California
San Diego,2021-04-08,35215,2041465,21370,990887,9708,996955,4137,53623,21313,678934,13883,798476,28000,1477410,California
San Diego,2021-04-09,38288,2079753,22825,1013712,10287,1007242,5176,58799,20808,690773,17411,815887,29250,1506660,California
San Diego,2021-04-10,29178,2108931,11782,1025494,13395,1020637,4001,62800,15116,698837,14051,829938,22115,1528775,California
San Diego,2021-04-11,16258,2125189,10078,1035572,3868,1024505,2312,65112,7277,702412,8977,838915,12552,1541327,California
San Diego,2021-04-12,30813,2156002,12862,1048434,13652,1038157,4299,69411,17187,713922,13611,852526,25121,1566448,California
San Diego,2021-04-13,37202,2193204,17788,1066222,19377,1057534,37,69448,24772,729135,12409,864935,27622,1594070,California
San Diego,2021-04-14,33074,2226278,18928,1085150,14134,1071668,12,69460,17904,736222,15155,880090,22242,1616312,California
San Diego,2021-04-15,39525,2265803,20372,1105522,19149,1090817,4,69464,24102,747738,15404,895494,26920,1643232,California
San Diego,2021-04-16,33828,2299631,18587,1124109,15238,1106055,3,69467,19631,755595,14137,909631,21994,1665226,California
San Diego,2021-04-17,27878,2327509,13538,1137647,14340,1120395,0,69467,12376,755584,15407,925038,15396,1680622,California
San Diego,2021-04-18,14500,2342009,8915,1146562,5582,1125977,3,69470,6783,757598,7704,932742,9718,1690340,California
San Diego,2021-04-19,26550,2368559,13564,1160126,12985,1138962,1,69471,12485,757777,14047,946789,14226,1704566,California
San Diego,2021-04-20,39077,2407636,17779,1177905,21298,1160260,0,69471,19998,761655,19058,965847,22936,1727502,California
San Diego,2021-04-21,35026,2442662,20931,1198836,14095,1174355,0,69471,16980,763595,18011,983858,19951,1747453,California
San Diego,2021-04-22,44631,2487293,22941,1221777,21684,1196039,6,69477,22408,766819,22180,1006038,25404,1772857,California
San Diego,2021-04-23,42227,2529520,26022,1247799,16203,1212242,2,69479,15778,759304,26418,1032456,18903,1791760,California
San Diego,2021-04-24,34707,2564227,18858,1266657,15834,1228076,15,69494,15620,759007,19054,1051510,18757,1810517,California
San Diego,2021-04-25,12483,2576710,7706,1274363,4777,1232853,0,69494,5882,759633,6593,1058103,7219,1817736,California
San Diego,2021-04-26,30935,2607645,15521,1289884,15283,1248136,131,69625,10566,754227,20357,1078460,14951,1832687,California
San Diego,2021-04-27,42485,2650130,23512,1313396,18572,1266708,401,70026,18745,752581,23707,1102167,22061,1854748,California
San Diego,2021-04-28,38241,2688371,22630,1336026,14965,1281673,646,70672,17369,751958,20838,1123005,20215,1874963,California
San Diego,2021-04-29,38029,2726400,24267,1360293,13140,1294813,622,71294,15405,747078,22590,1145595,17710,1892673,California
San Diego,2021-04-30,37980,2764380,23143,1383436,13845,1308658,992,72286,14859,741631,23084,1168679,17637,1910310,California
San Diego,2021-05-01,24263,2788643,10698,1394134,12920,1321578,645,72931,9512,739163,14742,1183421,12274,1922584,California
San Diego,2021-05-02,10701,2799344,7511,1401645,2603,1324181,587,73518,3268,735913,7428,1190849,4178,1926762,California
San Diego,2021-05-03,25315,2824659,12460,1414105,11700,1335881,1155,74673,9345,731253,15944,1206793,11284,1938046,California
San Diego,2021-05-04,31828,2856487,17555,1431660,12973,1348854,1300,75973,11519,724877,20276,1227069,13900,1951946,California
San Diego,2021-05-05,27642,2884129,17021,1448681,9345,1358199,1276,77249,10592,720653,17028,1244097,12804,1964750,California
San Diego,2021-05-06,28321,2912450,18836,1467517,8587,1366786,898,78147,10831,717380,17459,1261556,14186,1978936,California
San Diego,2021-05-07,29521,2941971,19538,1487055,8941,1375727,1042,79189,11046,712214,18437,1279993,13271,1992207,California
San Diego,2021-05-08,22626,2964597,10736,1497791,11177,1386904,713,79902,7310,706297,15293,1295286,9376,2001583,California
San Diego,2021-05-09,7494,2972091,5678,1503469,1407,1388311,409,80311,2615,704861,4872,1300158,3436,2005019,California
San Diego,2021-05-10,21620,2993711,8456,1511925,12354,1400665,810,81121,5972,697254,15618,1315776,8011,2013030,California
San Diego,2021-05-11,27599,3021310,11220,1523145,15616,1416281,763,81884,9602,691226,17969,1333745,11941,2024971,California
San Diego,2021-05-12,21913,3043223,11674,1534819,9454,1425735,785,82669,8020,687158,13868,1347613,9800,2034771,California
San Diego,2021-05-13,29484,3072707,17571,1552390,11303,1437038,610,83279,12241,685230,17191,1364804,15263,2050034,California
San Diego,2021-05-14,30715,3103422,19691,1572081,10182,1447220,842,84121,14027,685489,16652,1381456,16911,2066945,California
San Diego,2021-05-15,25992,3129414,16453,1588534,8772,1455992,767,84888,10913,683044,15027,1396483,12582,2079527,California
San Diego,2021-05-16,12978,3142392,9705,1598239,2697,1458689,576,85464,6494,684004,6472,1402955,7432,2086959,California
San Diego,2021-05-17,21366,3163758,12981,1611220,7636,1466325,749,86213,9398,683054,11932,1414887,10982,2097941,California
San Diego,2021-05-18,33868,3197626,19094,1630314,13900,1480225,874,87087,13686,678873,20146,1435033,15965,2113906,California
San Diego,2021-05-19,28039,3225665,17599,1647913,9639,1489864,801,87888,12056,676863,15956,1450989,13946,2127852,California
San Diego,2021-05-20,28437,3254102,14767,1662680,12972,1502836,698,88586,9367,669090,19046,1470035,11273,2139125,California
San Diego,2021-05-21,10897,3264999,6792,1669472,3613,1506449,492,89078,4157,667637,6725,1476760,5272,2144397,California
San Francisco,2020-12-15,7,7,7,7,0,0,0,0,7,7,0,0,7,7,California
San Francisco,2020-12-16,229,236,229,236,0,0,0,0,229,236,0,0,229,236,California
San Francisco,2020-12-17,394,630,394,630,0,0,0,0,394,630,0,0,394,630,California
San Francisco,2020-12-18,878,1508,877,1507,1,1,0,0,878,1508,0,0,878,1508,California
San Francisco,2020-12-19,603,2111,603,2110,0,1,0,0,603,2111,0,0,603,2111,California
San Francisco,2020-12-20,483,2594,483,2593,0,1,0,0,483,2594,0,0,483,2594,California
San Francisco,2020-12-21,1162,3756,1162,3755,0,1,0,0,1162,3756,0,0,1162,3756,California
San Francisco,2020-12-22,1404,5160,1370,5125,34,35,0,0,1404,5160,0,0,1404,5160,California
San Francisco,2020-12-23,1344,6504,1052,6177,292,327,0,0,1344,6504,0,0,1344,6504,California
San Francisco,2020-12-24,842,7346,504,6681,338,665,0,0,842,7346,0,0,842,7346,California
San Francisco,2020-12-25,34,7380,29,6710,5,670,0,0,34,7380,0,0,34,7380,California
San Francisco,2020-12-26,245,7625,151,6861,94,764,0,0,245,7625,0,0,245,7625,California
San Francisco,2020-12-27,274,7899,60,6921,214,978,0,0,274,7899,0,0,274,7899,California
San Francisco,2020-12-28,1270,9169,686,7607,584,1562,0,0,1270,9169,0,0,1270,9169,California
San Francisco,2020-12-29,1252,10421,627,8234,625,2187,0,0,1252,10421,0,0,1252,10421,California
San Francisco,2020-12-30,1489,11910,780,9014,709,2896,0,0,1489,11910,0,0,1489,11910,California
San Francisco,2020-12-31,962,12872,410,9424,552,3448,0,0,961,12871,0,0,961,12871,California
San Francisco,2021-01-01,91,12963,72,9496,19,3467,0,0,91,12962,0,0,91,12962,California
San Francisco,2021-01-02,336,13299,303,9799,33,3500,0,0,336,13298,0,0,336,13298,California
San Francisco,2021-01-03,298,13597,105,9904,193,3693,0,0,297,13594,1,1,297,13595,California
San Francisco,2021-01-04,1839,15436,1355,11259,484,4177,0,0,1836,15427,3,4,1836,15431,California
San Francisco,2021-01-05,2235,17671,1420,12679,815,4992,0,0,2200,17594,35,39,2202,17633,California
San Francisco,2021-01-06,1870,19541,1158,13837,712,5704,0,0,1606,18939,262,301,1607,19240,California
San Francisco,2021-01-07,2064,21605,1205,15042,859,6563,0,0,1605,20088,456,757,1605,20845,California
San Francisco,2021-01-08,2331,23936,1635,16677,696,7259,0,0,1493,20748,833,1590,1493,22338,California
San Francisco,2021-01-09,1389,25325,894,17571,495,7754,0,0,884,21129,505,2095,886,23224,California
San Francisco,2021-01-10,919,26244,541,18112,378,8132,0,0,460,21131,458,2553,460,23684,California
San Francisco,2021-01-11,2502,28746,1867,19979,635,8767,0,0,1401,21430,1102,3655,1401,25085,California
San Francisco,2021-01-12,3093,31839,2057,22036,1036,9803,0,0,1898,22135,1195,4850,1900,26985,California
San Francisco,2021-01-13,2829,34668,1604,23640,1225,11028,0,0,1997,23300,832,5682,1997,28982,California
San Francisco,2021-01-14,2445,37113,1103,24743,1342,12370,0,0,1884,24623,561,6243,1884,30866,California
San Francisco,2021-01-15,2748,39861,1148,25891,1600,13970,0,0,2357,26593,389,6632,2359,33225,California
San Francisco,2021-01-16,2257,42118,964,26855,1293,15263,0,0,2090,28517,167,6799,2091,35316,California
San Francisco,2021-01-17,1923,44041,532,27387,1391,16654,0,0,1707,30008,216,7015,1707,37023,California
San Francisco,2021-01-18,1380,45421,595,27982,785,17439,0,0,1115,30861,264,7279,1117,38140,California
San Francisco,2021-01-19,2579,48000,1475,29457,1104,18543,0,0,1831,31944,748,8027,1831,39971,California
San Francisco,2021-01-20,2758,50758,1128,30585,1630,20173,0,0,2006,33202,749,8776,2007,41978,California
San Francisco,2021-01-21,3321,54079,945,31530,2376,22549,0,0,2486,34855,833,9609,2486,44464,California
San Francisco,2021-01-22,3190,57269,644,32174,2546,25095,0,0,2748,37163,440,10049,2748,47212,California
San Francisco,2021-01-23,3093,60362,611,32785,2482,27577,0,0,2725,39522,367,10416,2726,49938,California
San Francisco,2021-01-24,2429,62791,363,33148,2066,29643,0,0,2199,41494,227,10643,2199,52137,California
San Francisco,2021-01-25,4635,67426,1832,34980,2803,32446,0,0,3047,42956,1586,12229,3048,55185,California
San Francisco,2021-01-26,4705,72131,2169,37149,2536,34982,0,0,3079,44414,1623,13852,3081,58266,California
San Francisco,2021-01-27,4359,76490,2001,39150,2358,37340,0,0,3074,46205,1283,15135,3074,61340,California
San Francisco,2021-01-28,3757,80247,1553,40703,2204,39544,0,0,2597,47647,1155,16290,2597,63937,California
San Francisco,2021-01-29,4721,84968,1680,42383,3041,42585,0,0,3450,49833,1264,17554,3450,67387,California
San Francisco,2021-01-30,3781,88749,1844,44227,1937,44522,0,0,3328,52713,452,18006,3332,70719,California
San Francisco,2021-01-31,2352,91101,825,45052,1527,46049,0,0,2201,54765,150,18156,2202,72921,California
San Francisco,2021-02-01,3970,95071,1696,46748,2274,48323,0,0,2900,56596,1070,19226,2901,75822,California
San Francisco,2021-02-02,4486,99557,1795,48543,2691,51014,0,0,2893,57902,1587,20813,2893,78715,California
San Francisco,2021-02-03,5069,104626,2376,50919,2693,53707,0,0,3755,60346,1312,22125,3756,82471,California
San Francisco,2021-02-04,5023,109649,2426,53345,2597,56304,0,0,3861,63047,1160,23285,3861,86332,California
San Francisco,2021-02-05,5956,115605,3212,56557,2744,59048,0,0,4613,66320,1341,24626,4614,90946,California
San Francisco,2021-02-06,5488,121093,3667,60224,1821,60869,0,0,4589,70014,897,25523,4591,95537,California
San Francisco,2021-02-07,4341,125434,3193,63417,1148,62017,0,0,3765,73209,573,26096,3768,99305,California
San Francisco,2021-02-08,6735,132169,4641,68058,2094,64111,0,0,5513,77518,1206,27302,5515,104820,California
San Francisco,2021-02-09,5939,138108,3995,72053,1944,66055,0,0,4387,80345,1561,28863,4388,109208,California
San Francisco,2021-02-10,6884,144992,4190,76243,2694,68749,0,0,5079,83627,1800,30663,5082,114290,California
San Francisco,2021-02-11,6720,151712,3985,80228,2735,71484,0,0,4899,86711,1816,32479,4900,119190,California
San Francisco,2021-02-12,5328,157040,2674,82902,2654,74138,0,0,3494,88369,1836,34315,3494,122684,California
San Francisco,2021-02-13,4380,161420,2562,85464,1818,75956,0,0,3047,90085,1333,35648,3049,125733,California
San Francisco,2021-02-14,3428,164848,2249,87713,1179,77135,0,0,2301,91262,1126,36774,2303,128036,California
San Francisco,2021-02-15,2774,167622,1506,89219,1268,78403,0,0,1681,91852,1091,37865,1681,129717,California
San Francisco,2021-02-16,5065,172687,2791,92010,2274,80677,0,0,2974,92748,2084,39949,2980,132697,California
San Francisco,2021-02-17,5341,178028,2614,94624,2727,83404,0,0,2957,93332,2374,42323,2958,135655,California
San Francisco,2021-02-18,5368,183396,2626,97250,2742,86146,0,0,2787,93542,2580,44903,2790,138445,California
San Francisco,2021-02-19,5641,189037,2646,99896,2995,89141,0,0,2929,93767,2706,47609,2931,141376,California
San Francisco,2021-02-20,4526,193563,2180,102076,2346,91487,0,0,1700,92651,2817,50426,1701,143077,California
San Francisco,2021-02-21,2886,196449,1516,103592,1370,92857,0,0,1280,92333,1599,52025,1281,144358,California
San Francisco,2021-02-22,5116,201565,3186,106778,1930,94787,0,0,2577,92381,2531,54556,2579,146937,California
San Francisco,2021-02-23,5535,207100,3157,109935,2378,97165,0,0,2836,92524,2693,57249,2836,149773,California
San Francisco,2021-02-24,9025,216125,5116,115051,3909,101074,0,0,4823,93156,4192,61441,4824,154597,California
San Francisco,2021-02-25,9793,225918,6881,121932,2912,103986,0,0,6331,96030,3459,64900,6333,160930,California
San Francisco,2021-02-26,11968,237886,7773,129705,4195,108181,0,0,7092,98246,4877,69777,7093,168023,California
San Francisco,2021-02-27,9245,247131,5994,135699,3250,111431,1,1,4642,98300,4590,74367,4644,172667,California
San Francisco,2021-02-28,7760,254891,5577,141276,2183,113614,0,1,3857,98256,3902,78269,3858,176525,California
San Francisco,2021-03-01,11016,265907,7488,148764,3524,117138,4,5,5322,97915,5669,83938,5328,181853,California
San Francisco,2021-03-02,9959,275866,6724,155488,3235,120373,0,5,5644,99254,4306,88244,5645,187498,California
San Francisco,2021-03-03,11258,287124,6546,162034,4711,125084,1,6,6141,100295,5104,93348,6145,193643,California
San Francisco,2021-03-04,8740,295864,5503,167537,3237,128321,0,6,4926,101415,3806,97154,4926,198569,California
San Francisco,2021-03-05,9207,305071,5652,173189,3551,131872,4,10,5770,103765,3425,100579,5775,204344,California
San Francisco,2021-03-06,7114,312185,4655,177844,2250,134122,209,219,4439,105721,2689,103268,4645,208989,California
San Francisco,2021-03-07,5387,317572,4216,182060,1113,135235,58,277,3105,106589,2295,105563,3163,212152,California
San Francisco,2021-03-08,7459,325031,5467,187527,1806,137041,186,463,5888,111060,1603,107166,6074,218226,California
San Francisco,2021-03-09,8324,333355,5534,193061,2415,139456,375,838,6096,115291,2235,109401,6466,224692,California
San Francisco,2021-03-10,11130,344485,6600,199661,4030,143486,500,1338,7036,118757,4072,113473,7538,232230,California
San Francisco,2021-03-11,10082,354567,6385,206046,2732,146218,965,2303,6623,122895,3442,116915,7580,239810,California
San Francisco,2021-03-12,10861,365428,6353,212399,3168,149386,1340,3643,6050,125492,4789,121704,7386,247196,California
San Francisco,2021-03-13,6700,372128,3941,216340,1698,151084,1061,4704,4168,128196,2523,124227,5227,252423,California
San Francisco,2021-03-14,7578,379706,4929,221269,2405,153489,244,4948,3985,128845,3578,127805,4227,256650,California
San Francisco,2021-03-15,12087,391793,9247,230516,1895,155384,945,5893,8383,134473,3691,131496,9319,265969,California
San Francisco,2021-03-16,12216,404009,8330,238846,3426,158810,460,6353,8835,140406,3361,134857,9294,275263,California
San Francisco,2021-03-17,13346,417355,8284,247130,4501,163311,561,6914,9619,146884,3698,138555,10176,285439,California
San Francisco,2021-03-18,10084,427439,6862,253992,2600,165911,622,7536,5748,148937,4312,142867,6365,291804,California
San Francisco,2021-03-19,12407,439846,9073,263065,2866,168777,468,8004,6575,150171,5804,148671,7038,298842,California
San Francisco,2021-03-20,8886,448732,6543,269608,1879,170656,464,8468,5173,152128,3682,152353,5639,304481,California
San Francisco,2021-03-21,6613,455345,6056,275664,420,171076,137,8605,3736,153141,2859,155212,3872,308353,California
San Francisco,2021-03-22,9854,465199,6934,282598,2074,173150,846,9451,5112,154376,4717,159929,5952,314305,California
San Francisco,2021-03-23,11267,476466,7474,290072,3143,176293,650,10101,6313,156411,4924,164853,6959,321264,California
San Francisco,2021-03-24,12386,488852,9493,299565,2357,178650,536,10637,6280,157157,6065,170918,6811,328075,California
San Francisco,2021-03-25,11922,500774,8740,308305,2619,181269,563,11200,5890,157643,5963,176881,6449,334524,California
San Francisco,2021-03-26,12016,512790,8338,316643,3444,184713,234,11434,5898,157687,6086,182967,6130,340654,California
San Francisco,2021-03-27,8778,521568,5891,322534,2538,187251,349,11783,3758,156794,4999,187966,4106,344760,California
San Francisco,2021-03-28,6685,528253,5341,327875,1302,188553,42,11825,3003,156179,3657,191623,3042,347802,California
San Francisco,2021-03-29,11502,539755,7993,335868,3322,191875,187,12012,4855,154600,6619,198242,5040,352842,California
San Francisco,2021-03-30,11656,551411,7320,343188,4044,195919,292,12304,5516,154293,6115,204357,5808,358650,California
San Francisco,2021-03-31,12269,563680,8178,351366,3792,199711,299,12603,4951,152253,7284,211641,5244,363894,California
San Francisco,2021-04-01,13974,577654,7428,358794,4846,204557,1700,14303,6025,152050,7916,219557,7713,371607,California
San Francisco,2021-04-02,14847,592501,6552,365346,6410,210967,1885,16188,6950,153003,7875,227432,8828,380435,California
San Francisco,2021-04-03,10498,602999,4842,370188,3850,214817,1806,17994,4829,153979,5654,233086,6630,387065,California
San Francisco,2021-04-04,9043,612042,4790,374978,2595,217412,1658,19652,3567,153741,5462,238548,5224,392289,California
San Francisco,2021-04-05,15989,628031,9786,384764,4324,221736,1879,21531,6282,152217,9678,248226,8154,400443,California
San Francisco,2021-04-06,16020,644051,9496,394260,4460,226196,2064,23595,6204,150687,9792,258018,8262,408705,California
San Francisco,2021-04-07,16808,660859,10002,404262,4576,230772,2230,25825,6965,150047,9820,267838,9180,417885,California
San Francisco,2021-04-08,14140,674999,6730,410992,3009,233781,4401,30226,4598,149512,9510,277348,8975,426860,California
San Francisco,2021-04-09,15719,690718,7605,418597,4782,238563,3332,33558,6516,150172,9171,286519,9831,436691,California
San Francisco,2021-04-10,13218,703936,5660,424257,5823,244386,1735,35293,7029,152761,6163,292682,8752,445443,California
San Francisco,2021-04-11,9980,713916,7474,431731,1332,245718,1174,36467,5143,154249,4824,297506,6312,451755,California
San Francisco,2021-04-12,10587,724503,6875,438606,2564,248282,1148,37615,4842,154511,5723,303229,5985,457740,California
San Francisco,2021-04-13,10729,735232,7282,445888,3434,251716,13,37628,5393,154606,5315,308544,5410,463150,California
San Francisco,2021-04-14,13265,748497,7989,453877,5275,256991,1,37629,6378,154134,6851,315395,6379,469529,California
San Francisco,2021-04-15,13706,762203,9505,463382,4200,261191,1,37630,8051,156565,5624,321019,8055,477584,California
San Francisco,2021-04-16,12907,775110,8688,472070,4175,265366,44,37674,7618,158972,5259,326278,7666,485250,California
San Francisco,2021-04-17,10050,785160,7299,479369,2750,268116,1,37675,7085,163114,2948,329226,7090,492340,California
San Francisco,2021-04-18,6604,791764,5043,484412,1559,269675,2,37677,4085,164701,2502,331728,4089,496429,California
San Francisco,2021-04-19,10859,802623,8161,492573,2694,272369,4,37681,6986,167845,3856,335584,7000,503429,California
San Francisco,2021-04-20,12315,814938,7199,499772,5114,277483,2,37683,8493,172544,3797,339381,8496,511925,California
San Francisco,2021-04-21,10543,825481,7533,507305,3005,280488,5,37688,6426,174886,4093,343474,6435,518360,California
San Francisco,2021-04-22,10421,835902,7717,515022,2703,283191,1,37689,6015,176527,4381,347855,6022,524382,California
San Francisco,2021-04-23,10315,846217,5919,520941,4396,287587,0,37689,6129,178506,4157,352012,6136,530518,California
San Francisco,2021-04-24,7941,854158,5466,526407,2475,290062,0,37689,4705,180004,3215,355227,4713,535231,California
San Francisco,2021-04-25,5024,859182,4324,530731,694,290756,6,37695,2936,180876,2073,357300,2945,538176,California
San Francisco,2021-04-26,7898,867080,5618,536349,2268,293024,12,37707,3896,180819,3977,361277,3920,542096,California
San Francisco,2021-04-27,8430,875510,5693,542042,2609,295633,128,37835,4195,180942,4210,365487,4333,546429,California
San Francisco,2021-04-28,9230,884740,6511,548553,2528,298161,191,38026,4749,181435,4452,369939,4945,551374,California
San Francisco,2021-04-29,9096,893836,5382,553935,3521,301682,193,38219,4367,181303,4704,374643,4572,555946,California
San Francisco,2021-04-30,10836,904672,5180,559115,5456,307138,200,38419,3963,178636,6835,381478,4168,560114,California
San Francisco,2021-05-01,6928,911600,3582,562697,3232,310370,114,38533,1704,175258,5198,386676,1820,561934,California
San Francisco,2021-05-02,5315,916915,3084,565781,2133,312503,98,38631,972,171995,4336,391012,1073,563007,California
San Francisco,2021-05-03,9633,926548,6576,572357,2896,315399,161,38792,2449,167458,7155,398167,2618,565625,California
San Francisco,2021-05-04,9304,935852,5975,578332,3080,318479,249,39041,2279,162996,6995,405162,2533,568158,California
San Francisco,2021-05-05,8724,944576,6114,584446,2301,320780,309,39350,2132,158893,6549,411711,2446,570604,California
San Francisco,2021-05-06,10704,955280,8562,593008,1673,322453,469,39819,1855,152404,8816,420527,2327,572931,California
San Francisco,2021-05-07,10074,965354,6447,599455,3359,325812,268,40087,1630,145884,8418,428945,1898,574829,California
San Francisco,2021-05-08,8349,973703,3539,602994,4680,330492,130,40217,983,139662,7336,436281,1114,575943,California
San Francisco,2021-05-09,6685,980388,5826,608820,777,331269,82,40299,1219,135514,5443,441724,1295,577238,California
San Francisco,2021-05-10,6927,987315,4929,613749,1749,333018,249,40548,1037,130936,5863,447587,1285,578523,California
San Francisco,2021-05-11,7097,994412,5101,618850,1793,334811,203,40751,1368,126811,5697,453284,1572,580095,California
San Francisco,2021-05-12,7393,1001805,5323,624173,1636,336447,434,41185,1500,122873,5864,459148,1926,582021,California
San Francisco,2021-05-13,10326,1012131,7535,631708,2578,339025,213,41398,3818,120429,6481,465629,4037,586058,California
San Francisco,2021-05-14,9247,1021378,6561,638269,2521,341546,165,41563,2994,117374,6224,471853,3169,589227,California
San Francisco,2021-05-15,7709,1029087,6240,644509,1414,342960,55,41618,2993,115734,4700,476553,3060,592287,California
San Francisco,2021-05-16,4940,1034027,4167,648676,715,343675,58,41676,1838,114547,3083,479636,1896,594183,California
San Francisco,2021-05-17,7208,1041235,5380,654056,1662,345337,166,41842,2542,112611,4647,484283,2711,596894,California
San Francisco,2021-05-18,8572,1049807,4916,658972,3485,348822,171,42013,1984,108222,6545,490828,2156,599050,California
San Francisco,2021-05-19,7410,1057217,5506,664478,1674,350496,230,42243,2459,105984,4926,495754,2688,601738,California
San Francisco,2021-05-20,5239,1062456,3589,668067,1463,351959,187,42430,1497,103953,3712,499466,1681,603419,California
San Francisco,2021-05-21,5153,1067609,2658,670725,2373,354332,122,42552,998,100951,4120,503586,1118,604537,California
San Joaquin,2020-12-15,12,12,12,12,0,0,0,0,12,12,0,0,12,12,California
San Joaquin,2020-12-16,307,319,307,319,0,0,0,0,307,319,0,0,307,319,California
San Joaquin,2020-12-17,312,631,312,631,0,0,0,0,312,631,0,0,312,631,California
San Joaquin,2020-12-18,523,1154,519,1150,4,4,0,0,523,1154,0,0,523,1154,California
San Joaquin,2020-12-19,188,1342,188,1338,0,4,0,0,188,1342,0,0,188,1342,California
San Joaquin,2020-12-20,113,1455,112,1450,1,5,0,0,113,1455,0,0,113,1455,California
San Joaquin,2020-12-21,492,1947,492,1942,0,5,0,0,492,1947,0,0,492,1947,California
San Joaquin,2020-12-22,967,2914,847,2789,120,125,0,0,966,2913,0,0,966,2913,California
San Joaquin,2020-12-23,978,3892,919,3708,59,184,0,0,976,3889,0,0,976,3889,California
San Joaquin,2020-12-24,215,4107,187,3895,28,212,0,0,214,4103,0,0,214,4103,California
San Joaquin,2020-12-25,14,4121,14,3909,0,212,0,0,14,4117,0,0,14,4117,California
San Joaquin,2020-12-26,102,4223,30,3939,72,284,0,0,102,4219,0,0,102,4219,California
San Joaquin,2020-12-27,42,4265,29,3968,13,297,0,0,42,4261,0,0,42,4261,California
San Joaquin,2020-12-28,622,4887,420,4388,202,499,0,0,622,4883,0,0,622,4883,California
San Joaquin,2020-12-29,792,5679,665,5053,127,626,0,0,792,5675,0,0,792,5675,California
San Joaquin,2020-12-30,1009,6688,717,5770,292,918,0,0,1007,6682,0,0,1007,6682,California
San Joaquin,2020-12-31,452,7140,202,5972,250,1168,0,0,452,7134,0,0,452,7134,California
San Joaquin,2021-01-01,23,7163,13,5985,10,1178,0,0,23,7157,0,0,23,7157,California
San Joaquin,2021-01-02,263,7426,241,6226,22,1200,0,0,263,7420,0,0,263,7420,California
San Joaquin,2021-01-03,38,7464,20,6246,18,1218,0,0,37,7456,1,1,37,7457,California
San Joaquin,2021-01-04,476,7940,337,6583,139,1357,0,0,474,7929,1,2,474,7931,California
San Joaquin,2021-01-05,979,8919,646,7229,333,1690,0,0,809,8605,170,172,846,8777,California
San Joaquin,2021-01-06,1220,10139,707,7936,513,2203,0,0,917,9227,298,470,920,9697,California
San Joaquin,2021-01-07,1079,11218,682,8618,397,2600,0,0,790,9732,286,756,791,10488,California
San Joaquin,2021-01-08,1196,12414,820,9438,376,2976,0,0,711,9963,484,1240,715,11203,California
San Joaquin,2021-01-09,377,12791,300,9738,77,3053,0,0,248,10082,129,1369,248,11451,California
San Joaquin,2021-01-10,224,13015,116,9854,108,3161,0,0,171,10201,52,1421,171,11622,California
San Joaquin,2021-01-11,1528,14543,1321,11175,207,3368,0,0,863,10467,664,2085,930,12552,California
San Joaquin,2021-01-12,1463,16006,1053,12228,410,3778,0,0,694,10466,765,2850,764,13316,California
San Joaquin,2021-01-13,1529,17535,895,13123,634,4412,0,0,956,10856,571,3421,961,14277,California
San Joaquin,2021-01-14,1745,19280,969,14092,776,5188,0,0,1405,11958,319,3740,1421,15698,California
San Joaquin,2021-01-15,1522,20802,539,14631,983,6171,0,0,1299,13064,208,3948,1314,17012,California
San Joaquin,2021-01-16,1128,21930,179,14810,949,7120,0,0,1100,14137,27,3975,1100,18112,California
San Joaquin,2021-01-17,1618,23548,135,14945,1483,8603,0,0,1578,15677,40,4015,1580,19692,California
San Joaquin,2021-01-18,738,24286,237,15182,501,9104,0,0,618,16179,116,4131,618,20310,California
San Joaquin,2021-01-19,1871,26157,898,16080,973,10077,0,0,1189,16698,677,4808,1196,21506,California
San Joaquin,2021-01-20,2085,28242,1284,17364,801,10878,0,0,1439,17502,641,5449,1445,22951,California
San Joaquin,2021-01-21,1973,30215,896,18260,1077,11955,0,0,1577,18698,389,5838,1585,24536,California
San Joaquin,2021-01-22,1952,32167,896,19156,1056,13011,0,0,1810,20373,137,5975,1812,26348,California
San Joaquin,2021-01-23,899,33066,398,19554,501,13512,0,0,615,20707,283,6258,617,26965,California
San Joaquin,2021-01-24,351,33417,135,19689,216,13728,0,0,328,21015,20,6278,328,27293,California
San Joaquin,2021-01-25,1995,35412,1141,20830,854,14582,0,0,1430,21886,562,6840,1433,28726,California
San Joaquin,2021-01-26,2148,37560,1116,21946,1032,15614,0,0,1538,22824,605,7445,1543,30269,California
San Joaquin,2021-01-27,1729,39289,768,22714,961,16575,0,0,1233,23572,492,7937,1240,31509,California
San Joaquin,2021-01-28,2034,41323,767,23481,1267,17842,0,0,1382,24312,648,8585,1388,32897,California
San Joaquin,2021-01-29,2149,43472,1046,24527,1103,18945,0,0,1803,25782,341,8926,1811,34708,California
San Joaquin,2021-01-30,2168,45640,351,24878,1817,20762,0,0,1991,27600,175,9101,1993,36701,California
San Joaquin,2021-01-31,1559,47199,181,25059,1378,22140,0,0,1495,29033,63,9164,1496,38197,California
San Joaquin,2021-02-01,2520,49719,1337,26396,1183,23323,0,0,1764,30044,756,9920,1767,39964,California
San Joaquin,2021-02-02,2575,52294,1154,27550,1421,24744,0,0,1966,31464,550,10470,1970,41934,California
San Joaquin,2021-02-03,3073,55367,1214,28764,1859,26603,0,0,2208,32820,858,11328,2214,44148,California
San Joaquin,2021-02-04,3531,58898,1808,30572,1723,28326,0,0,2641,34582,885,12213,2647,46795,California
San Joaquin,2021-02-05,3159,62057,1799,32371,1360,29686,0,0,2340,36120,812,13025,2350,49145,California
San Joaquin,2021-02-06,1086,63143,749,33120,337,30023,0,0,944,36925,140,13165,945,50090,California
San Joaquin,2021-02-07,615,63758,486,33606,129,30152,0,0,412,37140,198,13363,413,50503,California
San Joaquin,2021-02-08,1782,65540,1034,34640,748,30900,0,0,1442,38271,317,13680,1448,51951,California
San Joaquin,2021-02-09,2115,67655,1152,35792,963,31863,0,0,1579,39386,466,14146,1581,53532,California
San Joaquin,2021-02-10,2557,70212,1247,37039,1310,33173,0,0,1340,39531,1195,15341,1340,54872,California
San Joaquin,2021-02-11,2922,73134,1495,38534,1427,34600,0,0,1708,40062,1182,16523,1713,56585,California
San Joaquin,2021-02-12,2814,75948,1126,39660,1688,36288,0,0,1592,40456,1203,17726,1597,58182,California
San Joaquin,2021-02-13,2115,78063,396,40056,1719,38007,0,0,853,40067,1248,18974,859,59041,California
San Joaquin,2021-02-14,1902,79965,260,40316,1642,39649,0,0,690,39573,1185,20159,691,59732,California
San Joaquin,2021-02-15,1985,81950,835,41151,1150,40799,0,0,1193,40008,762,20921,1197,60929,California
San Joaquin,2021-02-16,3155,85105,1372,42523,1783,42582,0,0,1746,40368,1394,22315,1754,62683,California
San Joaquin,2021-02-17,3273,88378,1265,43788,2008,44590,0,0,1865,40842,1395,23710,1869,64552,California
San Joaquin,2021-02-18,3332,91710,1370,45158,1962,46552,0,0,1898,41344,1401,25111,1903,66455,California
San Joaquin,2021-02-19,4256,95966,2406,47564,1850,48402,0,0,2382,41907,1819,26930,2382,68837,California
San Joaquin,2021-02-20,1548,97514,657,48221,891,49293,0,0,1054,42468,493,27423,1054,69891,California
San Joaquin,2021-02-21,661,98175,502,48723,159,49452,0,0,414,42640,244,27667,416,70307,California
San Joaquin,2021-02-22,3535,101710,2494,51217,1041,50493,0,0,2529,44196,977,28644,2533,72840,California
San Joaquin,2021-02-23,4296,106006,2612,53829,1684,52177,0,0,2644,45222,1622,30266,2648,75488,California
San Joaquin,2021-02-24,5726,111732,3405,57234,2321,54498,0,0,4115,47753,1586,31852,4117,79605,California
San Joaquin,2021-02-25,6321,118053,3907,61141,2414,56912,0,0,4078,49631,2210,34062,4088,83693,California
San Joaquin,2021-02-26,5458,123511,2841,63982,2617,59529,0,0,3757,51724,1670,35732,3763,87456,California
San Joaquin,2021-02-27,5452,128963,1618,65600,3834,63363,0,0,2624,51583,2777,38509,2636,90092,California
San Joaquin,2021-02-28,3081,132044,1105,66705,1976,65339,0,0,2035,52598,1022,39531,2037,92129,California
San Joaquin,2021-03-01,4097,136141,1802,68507,2294,67633,1,1,2324,53173,1757,41288,2332,94461,California
San Joaquin,2021-03-02,4197,140338,1678,70185,2519,70152,0,1,2638,54328,1538,42826,2693,97154,California
San Joaquin,2021-03-03,5766,146104,3425,73610,2339,72491,2,3,4159,56905,1583,44409,4160,101314,California
San Joaquin,2021-03-04,5706,151810,2265,75875,3438,75929,3,6,3730,58678,1961,46370,3734,105048,California
San Joaquin,2021-03-05,4431,156241,1879,77754,2547,78476,5,11,3054,60380,1361,47731,3063,108111,California
San Joaquin,2021-03-06,3290,159531,2170,79924,990,79466,130,141,2708,62642,579,48310,2841,110952,California
San Joaquin,2021-03-07,1215,160746,563,80487,605,80071,47,188,932,63341,265,48575,964,111916,California
San Joaquin,2021-03-08,3142,163888,1261,81748,1756,81827,125,313,2131,64597,999,49574,2255,114171,California
San Joaquin,2021-03-09,4015,167903,1820,83568,2067,83894,128,441,2665,66059,1335,50909,2797,116968,California
San Joaquin,2021-03-10,4637,172540,2466,86034,2033,85927,138,579,3414,68403,1209,52118,3553,120521,California
San Joaquin,2021-03-11,4934,177474,2343,88377,1991,87918,600,1179,2933,69949,1991,54109,3537,124058,California
San Joaquin,2021-03-12,6273,183747,3131,91508,2807,90725,335,1514,4154,72351,2094,56203,4496,128554,California
San Joaquin,2021-03-13,3065,186812,1454,92962,1484,92209,127,1641,2289,74005,768,56971,2422,130976,California
San Joaquin,2021-03-14,2156,188968,669,93631,1184,93393,303,1944,1026,74215,1124,58095,1334,132310,California
San Joaquin,2021-03-15,6066,195034,3493,97124,2169,95562,404,2348,3174,74944,2862,60957,3591,135901,California
San Joaquin,2021-03-16,6838,201872,3891,101015,2690,98252,257,2605,4029,76446,2791,63748,4293,140194,California
San Joaquin,2021-03-17,7783,209655,4663,105678,3050,101302,70,2675,4325,77429,3421,67169,4404,144598,California
San Joaquin,2021-03-18,7632,217287,4487,110165,2639,103941,506,3181,3774,77900,3816,70985,4287,148885,California
San Joaquin,2021-03-19,7919,225206,4641,114806,2736,106677,542,3723,4797,80187,3099,74084,5386,154271,California
San Joaquin,2021-03-20,3677,228883,2125,116931,1308,107985,244,3967,1826,80433,1836,75920,2082,156353,California
San Joaquin,2021-03-21,2105,230988,1494,118425,404,108389,207,4174,1182,80953,913,76833,1433,157786,California
San Joaquin,2021-03-22,3961,234949,2028,120453,1517,109906,416,4590,2340,82107,1607,78440,2761,160547,California
San Joaquin,2021-03-23,5375,240324,2639,123092,2569,112475,167,4757,3710,84344,1647,80087,3884,164431,California
San Joaquin,2021-03-24,6826,247150,4236,127328,2503,114978,87,4844,3022,83689,3772,83859,3117,167548,California
San Joaquin,2021-03-25,5544,252694,3290,130618,2212,117190,42,4886,3292,84799,2231,86090,3341,170889,California
San Joaquin,2021-03-26,6157,258851,2553,133171,3454,120644,150,5036,3238,85312,2894,88984,3407,174296,California
San Joaquin,2021-03-27,4657,263508,2620,135791,1965,122609,72,5108,1806,84372,2828,91812,1888,176184,California
San Joaquin,2021-03-28,2719,266227,1804,137595,890,123499,25,5133,1291,84358,1409,93221,1395,177579,California
San Joaquin,2021-03-29,4028,270255,2175,139770,1830,125329,23,5156,2015,84414,1997,95218,2053,179632,California
San Joaquin,2021-03-30,6207,276462,3158,142928,2957,128286,92,5248,3424,85192,2758,97976,3536,183168,California
San Joaquin,2021-03-31,6583,283045,4148,147076,2374,130660,61,5309,3336,85382,3230,101206,3420,186588,California
San Joaquin,2021-04-01,6397,289442,2970,150046,3341,134001,86,5395,2826,84801,3549,104755,2968,189556,California
San Joaquin,2021-04-02,6322,295764,2876,152922,2955,136956,491,5886,2526,84079,3771,108526,3049,192605,California
San Joaquin,2021-04-03,4131,299895,2327,155249,1479,138435,325,6211,1994,84286,2120,110646,2327,194932,California
San Joaquin,2021-04-04,2278,302173,1363,156612,713,139148,202,6413,1547,85328,722,111368,1764,196696,California
San Joaquin,2021-04-05,4701,306874,2821,159433,1698,140846,182,6595,2634,86096,2058,113426,2826,199522,California
San Joaquin,2021-04-06,7022,313896,4515,163948,2245,143091,262,6857,3327,86030,3669,117095,3603,203125,California
San Joaquin,2021-04-07,8312,322208,4520,168468,2210,145301,1582,8439,3495,86320,4802,121897,5092,208217,California
San Joaquin,2021-04-08,8648,330856,4693,173161,1933,147234,2022,10461,3304,86328,5318,127215,5326,213543,California
San Joaquin,2021-04-09,8848,339704,4266,177427,3026,150260,1556,12017,3211,85500,5614,132829,4786,218329,California
San Joaquin,2021-04-10,5207,344911,1625,179052,1676,151936,1906,13923,1759,85723,3438,136267,3661,221990,California
San Joaquin,2021-04-11,4072,348983,1547,180599,1359,153295,1166,15089,1766,86354,2296,138563,2927,224917,California
San Joaquin,2021-04-12,5962,354945,2374,182973,2052,155347,1536,16625,2327,86606,3616,142179,3868,228785,California
San Joaquin,2021-04-13,7448,362393,4292,187265,3149,158496,7,16632,4564,88322,2863,145042,4579,233364,California
San Joaquin,2021-04-14,7434,369827,3714,190979,3720,162216,0,16632,4450,89815,2966,148008,4459,237823,California
San Joaquin,2021-04-15,7783,377610,4588,195567,3195,165411,0,16632,4349,90770,3400,151408,4355,242178,California
San Joaquin,2021-04-16,7622,385232,4069,199636,3550,168961,3,16635,4572,92331,3024,154432,4585,246763,California
San Joaquin,2021-04-17,5136,390368,2773,202409,2361,171322,2,16637,3645,94513,1481,155913,3663,250426,California
San Joaquin,2021-04-18,2458,392826,1360,203769,1098,172420,0,16637,1307,94692,1136,157049,1315,251741,California
San Joaquin,2021-04-19,5146,397972,2788,206557,2358,174778,0,16637,2757,95094,2365,159414,2767,254508,California
San Joaquin,2021-04-20,6209,404181,3265,209822,2944,177722,0,16637,2940,94803,3242,162656,2951,257459,California
San Joaquin,2021-04-21,5635,409816,3120,212942,2515,180237,0,16637,2916,95053,2673,165329,2923,260382,California
San Joaquin,2021-04-22,5270,415086,3116,216058,2153,182390,1,16638,3050,95925,2195,167524,3067,263449,California
San Joaquin,2021-04-23,5885,420971,2831,218889,3053,185443,1,16639,3739,97542,2128,169652,3745,267194,California
San Joaquin,2021-04-24,5217,426188,3599,222488,1617,187060,1,16640,3400,99156,1793,171445,3407,270601,California
San Joaquin,2021-04-25,3039,429227,2559,225047,480,187540,0,16640,2009,100162,1010,172455,2016,272617,California
San Joaquin,2021-04-26,3901,433128,2588,227635,1311,188851,2,16642,2045,100370,1843,174298,2051,274668,California
San Joaquin,2021-04-27,4484,437612,2600,230235,1835,190686,49,16691,1885,99734,2578,176876,1942,276610,California
San Joaquin,2021-04-28,5478,443090,3286,233521,2117,192803,75,16766,2687,99745,2759,179635,2770,279380,California
San Joaquin,2021-04-29,4810,447900,2811,236332,1943,194746,56,16822,2432,99881,2358,181993,2494,281874,California
San Joaquin,2021-04-30,4898,452798,2397,238729,2434,197180,67,16889,2519,100114,2361,184354,2594,284468,California
San Joaquin,2021-05-01,3298,456096,1895,240624,1344,198524,59,16948,2091,101076,1201,185555,2163,286631,California
San Joaquin,2021-05-02,2278,458374,1585,242209,638,199162,55,17003,1159,101179,1114,186669,1217,287848,California
San Joaquin,2021-05-03,3273,461647,2207,244416,992,200154,74,17077,1364,100728,1896,188565,1445,289293,California
San Joaquin,2021-05-04,4817,466464,3279,247695,1386,201540,152,17229,1771,99635,3026,191591,1933,291226,California
San Joaquin,2021-05-05,4554,471018,3007,250702,1385,202925,162,17391,1799,98870,2733,194324,1968,293194,California
San Joaquin,2021-05-06,4610,475628,3077,253779,1405,204330,128,17519,2036,98484,2559,196883,2173,295367,California
San Joaquin,2021-05-07,5048,480676,2919,256698,1977,206307,152,17671,1871,97359,3157,200040,2032,297399,California
San Joaquin,2021-05-08,3251,483927,2091,258789,1059,207366,101,17772,1204,96640,2032,202072,1313,298712,California
San Joaquin,2021-05-09,1473,485400,835,259624,568,207934,70,17842,592,96429,878,202950,667,299379,California
San Joaquin,2021-05-10,2773,488173,1462,261086,1189,209123,122,17964,911,95618,1850,204800,1039,300418,California
San Joaquin,2021-05-11,4050,492223,2151,263237,1785,210908,114,18078,1297,94317,2739,207539,1438,301856,California
San Joaquin,2021-05-12,3929,496152,1833,265070,1999,212907,97,18175,1222,92954,2694,210233,1331,303187,California
San Joaquin,2021-05-13,4190,500342,2386,267456,1719,214626,85,18260,1561,91996,2616,212849,1658,304845,California
San Joaquin,2021-05-14,5534,505876,3280,270736,2147,216773,107,18367,2271,91142,3240,216089,2386,307231,California
San Joaquin,2021-05-15,5014,510890,2978,273714,1958,218731,78,18445,1601,89440,3384,219473,1682,308913,California
San Joaquin,2021-05-16,3408,514298,2647,276361,714,219445,47,18492,1427,88954,1968,221441,1482,310395,California
San Joaquin,2021-05-17,3736,518034,2133,278494,1508,220953,95,18587,1755,88848,1966,223407,1860,312255,California
San Joaquin,2021-05-18,3788,521822,2165,280659,1512,222465,111,18698,1785,88757,1988,225395,1897,314152,California
San Joaquin,2021-05-19,4477,526299,2561,283220,1796,224261,120,18818,2024,88484,2426,227821,2153,316305,California
San Joaquin,2021-05-20,3392,529691,2124,285344,1185,225446,83,18901,1572,88334,1804,229625,1654,317959,California
San Joaquin,2021-05-21,2317,532008,1249,286593,984,226430,84,18985,830,87777,1474,231099,917,318876,California
San Luis Obispo,2020-12-16,4,4,4,4,0,0,0,0,4,4,0,0,4,4,California
San Luis Obispo,2020-12-17,196,200,196,200,0,0,0,0,196,200,0,0,196,200,California
San Luis Obispo,2020-12-18,224,424,224,424,0,0,0,0,224,424,0,0,224,424,California
San Luis Obispo,2020-12-19,162,586,162,586,0,0,0,0,162,586,0,0,162,586,California
San Luis Obispo,2020-12-20,215,801,215,801,0,0,0,0,215,801,0,0,215,801,California
San Luis Obispo,2020-12-21,549,1350,548,1349,1,1,0,0,549,1350,0,0,549,1350,California
San Luis Obispo,2020-12-22,311,1661,307,1656,4,5,0,0,311,1661,0,0,311,1661,California
San Luis Obispo,2020-12-23,680,2341,366,2022,314,319,0,0,680,2341,0,0,680,2341,California
San Luis Obispo,2020-12-24,194,2535,19,2041,175,494,0,0,194,2535,0,0,194,2535,California
San Luis Obispo,2020-12-25,2,2537,1,2042,1,495,0,0,2,2537,0,0,2,2537,California
San Luis Obispo,2020-12-26,89,2626,12,2054,77,572,0,0,89,2626,0,0,89,2626,California
San Luis Obispo,2020-12-27,76,2702,0,2054,76,648,0,0,76,2702,0,0,76,2702,California
San Luis Obispo,2020-12-28,878,3580,428,2482,450,1098,0,0,878,3580,0,0,878,3580,California
San Luis Obispo,2020-12-29,901,4481,502,2984,399,1497,0,0,901,4481,0,0,901,4481,California
San Luis Obispo,2020-12-30,1169,5650,678,3662,491,1988,0,0,1169,5650,0,0,1169,5650,California
San Luis Obispo,2020-12-31,107,5757,4,3666,103,2091,0,0,107,5757,0,0,107,5757,California
San Luis Obispo,2021-01-01,13,5770,8,3674,5,2096,0,0,13,5770,0,0,13,5770,California
San Luis Obispo,2021-01-02,34,5804,8,3682,26,2122,0,0,34,5804,0,0,34,5804,California
San Luis Obispo,2021-01-03,16,5820,6,3688,10,2132,0,0,16,5820,0,0,16,5820,California
San Luis Obispo,2021-01-04,681,6501,525,4213,156,2288,0,0,681,6501,0,0,681,6501,California
San Luis Obispo,2021-01-05,972,7473,754,4967,218,2506,0,0,970,7469,2,2,970,7471,California
San Luis Obispo,2021-01-06,727,8200,480,5447,247,2753,0,0,719,8181,7,9,719,8190,California
San Luis Obispo,2021-01-07,1127,9327,949,6396,178,2931,0,0,684,8422,443,452,684,8874,California
San Luis Obispo,2021-01-08,882,10209,804,7200,78,3009,0,0,513,8567,368,820,513,9387,California
San Luis Obispo,2021-01-09,205,10414,195,7395,10,3019,0,0,28,8418,177,997,28,9415,California
San Luis Obispo,2021-01-10,12,10426,8,7403,4,3023,0,0,8,8422,4,1001,8,9423,California
San Luis Obispo,2021-01-11,559,10985,508,7911,51,3074,0,0,298,8460,260,1261,298,9721,California
San Luis Obispo,2021-01-12,598,11583,381,8292,217,3291,0,0,318,8498,280,1541,318,10039,California
San Luis Obispo,2021-01-13,883,12466,256,8548,627,3918,0,0,647,8911,234,1775,647,10686,California
San Luis Obispo,2021-01-14,727,13193,242,8790,485,4403,0,0,601,9399,113,1888,601,11287,California
San Luis Obispo,2021-01-15,727,13920,286,9076,441,4844,0,0,554,9785,168,2056,554,11841,California
San Luis Obispo,2021-01-16,100,14020,81,9157,19,4863,0,0,95,9875,5,2061,95,11936,California
San Luis Obispo,2021-01-17,64,14084,58,9215,6,4869,0,0,64,9939,0,2061,64,12000,California
San Luis Obispo,2021-01-18,1370,15454,387,9602,983,5852,0,0,1108,10785,262,2323,1108,13108,California
San Luis Obispo,2021-01-19,1583,17037,417,10019,1166,7018,0,0,1175,11552,408,2731,1175,14283,California
San Luis Obispo,2021-01-20,1885,18922,597,10616,1288,8306,0,0,1296,12262,587,3318,1297,15580,California
San Luis Obispo,2021-01-21,1571,20493,466,11082,1105,9411,0,0,1200,13096,367,3685,1201,16781,California
San Luis Obispo,2021-01-22,1519,22012,505,11587,1014,10425,0,0,1204,13987,313,3998,1204,17985,California
San Luis Obispo,2021-01-23,311,22323,293,11880,18,10443,0,0,295,14266,16,4014,295,18280,California
San Luis Obispo,2021-01-24,244,22567,236,12116,8,10451,0,0,238,14498,6,4020,238,18518,California
San Luis Obispo,2021-01-25,2072,24639,599,12715,1473,11924,0,0,1244,14914,828,4848,1244,19762,California
San Luis Obispo,2021-01-26,2000,26639,699,13414,1301,13225,0,0,1139,15192,861,5709,1139,20901,California
San Luis Obispo,2021-01-27,1609,28248,283,13697,1326,14551,0,0,1151,15885,458,6167,1151,22052,California
San Luis Obispo,2021-01-28,1493,29741,343,14040,1150,15701,0,0,1231,16856,260,6427,1231,23283,California
San Luis Obispo,2021-01-29,1736,31477,681,14721,1055,16756,0,0,1451,18022,285,6712,1451,24734,California
San Luis Obispo,2021-01-30,38,31515,19,14740,19,16775,0,0,26,18037,11,6723,26,24760,California
San Luis Obispo,2021-01-31,27,31542,19,14759,8,16783,0,0,25,18060,2,6725,25,24785,California
San Luis Obispo,2021-02-01,1707,33249,739,15498,968,17751,0,0,1404,19162,302,7027,1404,26189,California
San Luis Obispo,2021-02-02,1896,35145,678,16176,1218,18969,0,0,1522,20310,374,7401,1522,27711,California
San Luis Obispo,2021-02-03,1707,36852,728,16904,979,19948,0,0,1293,21189,414,7815,1293,29004,California
San Luis Obispo,2021-02-04,1659,38511,802,17706,857,20805,0,0,1093,21716,566,8381,1093,30097,California
San Luis Obispo,2021-02-05,1602,40113,715,18421,887,21692,0,0,1058,22230,545,8926,1059,31156,California
San Luis Obispo,2021-02-06,175,40288,108,18529,67,21759,0,0,95,22245,80,9006,95,31251,California
San Luis Obispo,2021-02-07,125,40413,80,18609,45,21804,0,0,72,22265,53,9059,73,31324,California
San Luis Obispo,2021-02-08,857,41270,469,19078,388,22192,0,0,499,22407,357,9416,499,31823,California
San Luis Obispo,2021-02-09,1122,42392,448,19526,674,22866,0,0,541,22380,575,9991,548,32371,California
San Luis Obispo,2021-02-10,1438,43830,489,20015,949,23815,0,0,531,22008,906,10897,534,32905,California
San Luis Obispo,2021-02-11,1330,45160,843,20858,487,24302,0,0,656,21992,672,11569,656,33561,California
San Luis Obispo,2021-02-12,786,45946,362,21220,424,24726,0,0,421,22048,365,11934,421,33982,California
San Luis Obispo,2021-02-13,394,46340,127,21347,267,24993,0,0,286,22227,107,12041,286,34268,California
San Luis Obispo,2021-02-14,318,46658,41,21388,277,25270,0,0,282,22474,36,12077,283,34551,California
San Luis Obispo,2021-02-15,727,47385,137,21525,590,25860,0,0,473,22694,253,12330,473,35024,California
San Luis Obispo,2021-02-16,2964,50349,1198,22723,1766,27626,0,0,1361,22452,1603,13933,1361,36385,California
San Luis Obispo,2021-02-17,2777,53126,1238,23961,1539,29165,0,0,1030,21744,1738,15671,1030,37415,California
San Luis Obispo,2021-02-18,2825,55951,1458,25419,1367,30532,0,0,1132,21192,1685,17356,1133,38548,California
San Luis Obispo,2021-02-19,1459,57410,1338,26757,121,30653,0,0,1135,22004,323,17679,1135,39683,California
San Luis Obispo,2021-02-20,254,57664,81,26838,173,30826,0,0,216,22182,38,17717,216,39899,California
San Luis Obispo,2021-02-21,57,57721,53,26891,4,30830,0,0,32,22189,25,17742,32,39931,California
San Luis Obispo,2021-02-22,2412,60133,1865,28756,547,31377,0,0,1466,22710,946,18688,1467,41398,California
San Luis Obispo,2021-02-23,1861,61994,1746,30502,115,31492,0,0,1368,23587,492,19180,1369,42767,California
San Luis Obispo,2021-02-24,2645,64639,1301,31803,1344,32836,0,0,835,22615,1807,20987,835,43602,California
San Luis Obispo,2021-02-25,2132,66771,1243,33046,889,33725,0,0,1206,22902,920,21907,1207,44809,California
San Luis Obispo,2021-02-26,2648,69419,1150,34196,1498,35223,0,0,1327,22916,1313,23220,1327,46136,California
San Luis Obispo,2021-02-27,575,69994,349,34545,226,35449,0,0,525,23391,50,23270,525,46661,California
San Luis Obispo,2021-02-28,196,70190,69,34614,127,35576,0,0,161,23518,34,23304,161,46822,California
San Luis Obispo,2021-03-01,2975,73165,1850,36464,1123,36699,2,2,2048,24641,928,24232,2051,48873,California
San Luis Obispo,2021-03-02,3009,76174,1894,38358,1115,37814,0,2,1861,25359,1144,25376,1862,50735,California
San Luis Obispo,2021-03-03,2286,78460,338,38696,1948,39762,0,2,837,24754,1443,26819,838,51573,California
San Luis Obispo,2021-03-04,2193,80653,1160,39856,1033,40795,0,2,1179,24923,1012,27831,1181,52754,California
San Luis Obispo,2021-03-05,2299,82952,1021,40877,1208,42003,70,72,1296,25300,989,28820,1366,54120,California
San Luis Obispo,2021-03-06,837,83789,310,41187,420,42423,107,179,617,25798,220,29040,718,54838,California
San Luis Obispo,2021-03-07,201,83990,33,41220,84,42507,84,263,72,25827,128,29168,157,54995,California
San Luis Obispo,2021-03-08,2736,86726,760,41980,1660,44167,316,579,1543,26496,1190,30358,1859,56854,California
San Luis Obispo,2021-03-09,2948,89674,968,42948,1732,45899,248,827,1524,26848,1420,31778,1772,58626,California
San Luis Obispo,2021-03-10,3195,92869,1241,44189,1672,47571,282,1109,1814,27567,1377,33155,2096,60722,California
San Luis Obispo,2021-03-11,3295,96164,1271,45460,1701,49272,323,1432,1806,28216,1479,34634,2128,62850,California
San Luis Obispo,2021-03-12,3249,99413,1282,46742,1629,50901,338,1770,1616,28548,1625,36259,1957,64807,California
San Luis Obispo,2021-03-13,794,100207,262,47004,423,51324,109,1879,431,28725,362,36621,539,65346,California
San Luis Obispo,2021-03-14,514,100721,53,47057,350,51674,111,1990,134,28591,379,37000,245,65591,California
San Luis Obispo,2021-03-15,3058,103779,1098,48155,1862,53536,98,2088,1529,28694,1525,38525,1628,67219,California
San Luis Obispo,2021-03-16,2848,106627,1510,49665,1228,54764,110,2198,1434,28829,1408,39933,1543,68762,California
San Luis Obispo,2021-03-17,3425,110052,1449,51114,1715,56479,261,2459,1978,29631,1436,41369,2238,71000,California
San Luis Obispo,2021-03-18,2810,112862,1447,52561,1149,57628,214,2673,1337,29713,1468,42837,1550,72550,California
San Luis Obispo,2021-03-19,2588,115450,1566,54127,701,58329,321,2994,956,29368,1624,44461,1279,73829,California
San Luis Obispo,2021-03-20,839,116289,501,54628,301,58630,37,3031,385,29337,453,44914,422,74251,California
San Luis Obispo,2021-03-21,187,116476,45,54673,139,58769,3,3034,157,29468,29,44943,160,74411,California
San Luis Obispo,2021-03-22,2689,119165,1170,55843,1471,60240,48,3082,1869,30569,816,45759,1917,76328,California
San Luis Obispo,2021-03-23,3375,122540,2209,58052,1135,61375,31,3113,2265,31760,1105,46864,2296,78624,California
San Luis Obispo,2021-03-24,3517,126057,2138,60190,1294,62669,85,3198,2620,33572,892,47756,2704,81328,California
San Luis Obispo,2021-03-25,3677,129734,2296,62486,1369,64038,12,3210,2636,35182,1037,48793,2647,83975,California
San Luis Obispo,2021-03-26,3181,132915,1759,64245,990,65028,432,3642,1782,36002,1394,50187,2214,86189,California
San Luis Obispo,2021-03-27,993,133908,507,64752,394,65422,92,3734,452,36007,539,50726,544,86733,California
San Luis Obispo,2021-03-28,446,134354,153,64905,237,65659,56,3790,245,36108,200,50926,301,87034,California
San Luis Obispo,2021-03-29,2578,136932,1280,66185,1165,66824,133,3923,1642,36961,922,51848,1775,88809,California
San Luis Obispo,2021-03-30,3501,140433,1910,68095,1448,68272,143,4066,2330,38267,1165,53013,2471,91280,California
San Luis Obispo,2021-03-31,3873,144306,2463,70558,1264,69536,146,4212,2500,39549,1363,54376,2645,93925,California
San Luis Obispo,2021-04-01,3846,148152,2426,72984,1301,70837,119,4331,2692,41219,1141,55517,2811,96736,California
San Luis Obispo,2021-04-02,1746,149898,688,73672,745,71582,313,4644,946,41678,798,56315,1257,97993,California
San Luis Obispo,2021-04-03,1108,151006,556,74228,425,72007,127,4771,491,41683,613,56928,618,98611,California
San Luis Obispo,2021-04-04,383,151389,131,74359,212,72219,40,4811,236,41812,147,57075,276,98887,California
San Luis Obispo,2021-04-05,3613,155002,1949,76308,1553,73772,111,4922,2026,42364,1584,58659,2136,101023,California
San Luis Obispo,2021-04-06,4031,159033,2149,78457,1559,75331,323,5245,1932,42530,2090,60749,2256,103279,California
San Luis Obispo,2021-04-07,4285,163318,2339,80796,1582,76913,364,5609,2449,43518,1822,62571,2810,106089,California
San Luis Obispo,2021-04-08,4025,167343,2191,82987,1433,78346,401,6010,2147,44195,1871,64442,2548,108637,California
San Luis Obispo,2021-04-09,3654,170997,1739,84726,1160,79506,755,6765,1500,44300,2145,66587,2250,110887,California
San Luis Obispo,2021-04-10,1572,172569,557,85283,351,79857,664,7429,483,44356,1089,67676,1145,112032,California
San Luis Obispo,2021-04-11,312,172881,63,85346,186,80043,63,7492,125,44359,185,67861,188,112220,California
San Luis Obispo,2021-04-12,3373,176254,1695,87041,1515,81558,163,7655,1409,43966,1964,69825,1571,113791,California
San Luis Obispo,2021-04-13,3641,179895,2098,89139,1542,83100,1,7656,1967,44263,1672,71497,1969,115760,California
San Luis Obispo,2021-04-14,2863,182758,1692,90831,1168,84268,3,7659,1669,44750,1182,72679,1669,117429,California
San Luis Obispo,2021-04-15,3690,186448,2402,93233,1287,85555,1,7660,1974,45028,1698,74377,1976,119405,California
San Luis Obispo,2021-04-16,3620,190068,2202,95435,1414,86969,4,7664,1797,45008,1819,76196,1799,121204,California
San Luis Obispo,2021-04-17,1090,191158,431,95866,657,87626,2,7666,708,45337,381,76577,710,121914,California
San Luis Obispo,2021-04-18,321,191479,99,95965,221,87847,1,7667,111,45241,207,76784,111,122025,California
San Luis Obispo,2021-04-19,3135,194614,1288,97253,1809,89656,38,7705,1135,44420,1996,78780,1175,123200,California
San Luis Obispo,2021-04-20,3523,198137,1937,99190,1586,91242,0,7705,1331,43571,2180,80960,1331,124531,California
San Luis Obispo,2021-04-21,3911,202048,1801,100991,2110,93352,0,7705,1596,42871,2296,83256,1596,126127,California
San Luis Obispo,2021-04-22,4574,206622,2054,103045,2520,95872,0,7705,1447,41210,3110,86366,1449,127576,California
San Luis Obispo,2021-04-23,1458,208080,842,103887,612,96484,4,7709,697,41162,756,87122,708,128284,California
San Luis Obispo,2021-04-24,1077,209157,439,104326,619,97103,19,7728,491,41091,581,87703,510,128794,California
San Luis Obispo,2021-04-25,345,209502,161,104487,184,97287,0,7728,112,40971,232,87935,112,128906,California
San Luis Obispo,2021-04-26,963,210465,336,104823,610,97897,17,7745,356,40748,595,88530,372,129278,California
San Luis Obispo,2021-04-27,3698,214163,1916,106739,1713,99610,69,7814,1430,39985,2261,90791,1498,130776,California
San Luis Obispo,2021-04-28,3727,217890,2087,108826,1568,101178,72,7886,1282,38907,2432,93223,1354,132130,California
San Luis Obispo,2021-04-29,3658,221548,2112,110938,1477,102655,69,7955,1212,37757,2432,95655,1282,133412,California
San Luis Obispo,2021-04-30,2969,224517,1665,112603,1231,103886,73,8028,929,36731,2026,97681,1000,134412,California
San Luis Obispo,2021-05-01,470,224987,159,112762,275,104161,36,8064,99,36498,367,98048,134,134546,California
San Luis Obispo,2021-05-02,170,225157,52,112814,98,104259,20,8084,42,36432,128,98176,62,134608,California
San Luis Obispo,2021-05-03,886,226043,289,113103,494,104753,103,8187,225,36098,660,98836,326,134934,California
San Luis Obispo,2021-05-04,2923,228966,1897,115000,963,105716,63,8250,865,34973,2051,100887,926,135860,California
San Luis Obispo,2021-05-05,2802,231768,1850,116850,886,106602,66,8316,692,33633,2099,102986,759,136619,California
San Luis Obispo,2021-05-06,2786,234554,1885,118735,849,107451,52,8368,730,32374,2041,105027,782,137401,California
San Luis Obispo,2021-05-07,2308,236862,1751,120486,496,107947,61,8429,608,31364,1680,106707,670,138071,California
San Luis Obispo,2021-05-08,566,237428,333,120819,209,108156,24,8453,191,31222,357,107064,215,138286,California
San Luis Obispo,2021-05-09,164,237592,41,120860,104,108260,19,8472,46,31170,117,107181,65,138351,California
San Luis Obispo,2021-05-10,718,238310,151,121011,519,108779,48,8520,154,30812,559,107740,201,138552,California
San Luis Obispo,2021-05-11,1165,239475,596,121607,499,109278,70,8590,359,30439,802,108542,429,138981,California
San Luis Obispo,2021-05-12,2358,241833,1576,123183,700,109978,82,8672,682,29542,1661,110203,764,139745,California
San Luis Obispo,2021-05-13,1033,242866,650,123833,324,110302,59,8731,442,29455,587,110790,500,140245,California
San Luis Obispo,2021-05-14,2187,245053,1617,125450,529,110831,41,8772,928,29181,1243,112033,969,141214,California
San Luis Obispo,2021-05-15,988,246041,457,125907,497,111328,34,8806,469,29168,517,112550,504,141718,California
San Luis Obispo,2021-05-16,303,246344,162,126069,135,111463,6,8812,171,29214,131,112681,177,141895,California
San Luis Obispo,2021-05-17,1655,247999,963,127032,641,112104,51,8863,670,28959,976,113657,721,142616,California
San Luis Obispo,2021-05-18,1885,249884,1150,128182,703,112807,32,8895,730,28572,1150,114807,763,143379,California
San Luis Obispo,2021-05-19,1433,251317,619,128801,752,113559,62,8957,413,28031,1015,115822,474,143853,California
San Luis Obispo,2021-05-20,945,252262,441,129242,474,114033,30,8987,267,27660,668,116490,297,144150,California
San Luis Obispo,2021-05-21,146,252408,21,129263,118,114151,7,8994,49,27623,93,116583,56,144206,California
San Mateo,2020-12-15,26,26,26,26,0,0,0,0,26,26,0,0,26,26,California
San Mateo,2020-12-16,110,136,110,136,0,0,0,0,110,136,0,0,110,136,California
San Mateo,2020-12-17,164,300,164,300,0,0,0,0,164,300,0,0,164,300,California
San Mateo,2020-12-18,740,1040,738,1038,2,2,0,0,740,1040,0,0,740,1040,California
San Mateo,2020-12-19,514,1554,514,1552,0,2,0,0,514,1554,0,0,514,1554,California
San Mateo,2020-12-20,510,2064,509,2061,1,3,0,0,510,2064,0,0,510,2064,California
San Mateo,2020-12-21,1154,3218,1154,3215,0,3,0,0,1154,3218,0,0,1154,3218,California
San Mateo,2020-12-22,1526,4744,1519,4734,7,10,0,0,1526,4744,0,0,1526,4744,California
San Mateo,2020-12-23,1581,6325,1391,6125,190,200,0,0,1581,6325,0,0,1581,6325,California
San Mateo,2020-12-24,867,7192,611,6736,256,456,0,0,867,7192,0,0,867,7192,California
San Mateo,2020-12-25,116,7308,112,6848,4,460,0,0,116,7308,0,0,116,7308,California
San Mateo,2020-12-26,562,7870,419,7267,143,603,0,0,562,7870,0,0,562,7870,California
San Mateo,2020-12-27,305,8175,175,7442,130,733,0,0,305,8175,0,0,305,8175,California
San Mateo,2020-12-28,1051,9226,705,8147,346,1079,0,0,1051,9226,0,0,1051,9226,California
San Mateo,2020-12-29,1129,10355,704,8851,425,1504,0,0,1129,10355,0,0,1129,10355,California
San Mateo,2020-12-30,1264,11619,759,9610,505,2009,0,0,1264,11619,0,0,1264,11619,California
San Mateo,2020-12-31,717,12336,230,9840,487,2496,0,0,716,12334,1,1,716,12335,California
San Mateo,2021-01-01,83,12419,55,9895,28,2524,0,0,83,12417,0,1,83,12418,California
San Mateo,2021-01-02,398,12817,268,10163,130,2654,0,0,398,12815,0,1,398,12816,California
San Mateo,2021-01-03,284,13101,209,10372,75,2729,0,0,281,13093,3,4,281,13097,California
San Mateo,2021-01-04,1048,14149,677,11049,371,3100,0,0,1048,14141,0,4,1048,14145,California
San Mateo,2021-01-05,1203,15352,707,11756,496,3596,0,0,1174,15287,29,33,1175,15320,California
San Mateo,2021-01-06,1452,16804,954,12710,498,4094,0,0,1268,16375,181,214,1269,16589,California
San Mateo,2021-01-07,1457,18261,810,13520,647,4741,0,0,1168,17262,282,496,1169,17758,California
San Mateo,2021-01-08,1843,20104,1193,14713,650,5391,0,0,1147,17721,689,1185,1148,18906,California
San Mateo,2021-01-09,1178,21282,776,15489,402,5793,0,0,720,17983,458,1643,720,19626,California
San Mateo,2021-01-10,706,21988,577,16066,129,5922,0,0,266,17809,440,2083,266,19892,California
San Mateo,2021-01-11,2597,24585,1489,17555,1108,7030,0,0,1527,18267,1071,3154,1529,21421,California
San Mateo,2021-01-12,3403,27988,1894,19449,1509,8539,0,0,2215,19300,1186,4340,2219,23640,California
San Mateo,2021-01-13,3390,31378,1652,21101,1738,10277,0,0,2356,20624,1034,5374,2358,25998,California
San Mateo,2021-01-14,3782,35160,1587,22688,2195,12472,0,0,3095,23037,687,6061,3100,29098,California
San Mateo,2021-01-15,4324,39484,1708,24396,2616,15088,0,0,3793,26303,529,6590,3795,32893,California
San Mateo,2021-01-16,3072,42556,763,25159,2309,17397,0,0,2751,28734,321,6911,2752,35645,California
San Mateo,2021-01-17,1313,43869,308,25467,1005,18402,0,0,1105,29631,208,7119,1105,36750,California
San Mateo,2021-01-18,1367,45236,534,26001,833,19235,0,0,994,30258,370,7489,997,37747,California
San Mateo,2021-01-19,2801,48037,1796,27797,1005,20240,0,0,2006,31472,792,8281,2006,39753,California
San Mateo,2021-01-20,2803,50840,1546,29343,1257,21497,0,0,1960,32593,840,9121,1961,41714,California
San Mateo,2021-01-21,2858,53698,1302,30645,1556,23053,0,0,2265,34270,591,9712,2268,43982,California
San Mateo,2021-01-22,2799,56497,1138,31783,1661,24714,0,0,2500,36474,297,10009,2501,46483,California
San Mateo,2021-01-23,2881,59378,1689,33472,1192,25906,0,0,2518,38630,363,10372,2519,49002,California
San Mateo,2021-01-24,1519,60897,375,33847,1144,27050,0,0,1208,39529,310,10682,1209,50211,California
San Mateo,2021-01-25,4433,65330,3154,37001,1279,28329,0,0,3533,42168,898,11580,3537,53748,California
San Mateo,2021-01-26,4293,69623,2979,39980,1314,29643,0,0,3381,44639,911,12491,3382,57130,California
San Mateo,2021-01-27,2784,72407,1466,41446,1318,30961,0,0,1792,45446,986,13477,1793,58923,California
San Mateo,2021-01-28,2800,75207,1355,42801,1445,32406,0,0,1947,46555,838,14315,1947,60870,California
San Mateo,2021-01-29,2985,78192,1345,44146,1640,34046,0,0,2148,47871,835,15150,2151,63021,California
San Mateo,2021-01-30,3410,81602,1482,45628,1928,35974,0,0,2951,50365,458,15608,2952,65973,California
San Mateo,2021-01-31,1679,83281,896,46524,783,36757,0,0,1517,51721,161,15769,1517,67490,California
San Mateo,2021-02-01,2935,86216,1352,47876,1583,38340,0,0,2219,53229,712,16481,2220,69710,California
San Mateo,2021-02-02,3171,89387,1730,49606,1441,39781,0,0,2157,54375,1011,17492,2157,71867,California
San Mateo,2021-02-03,4993,94380,2058,51664,2935,42716,0,0,3849,57084,1141,18633,3850,75717,California
San Mateo,2021-02-04,6195,100575,2493,54157,3702,46418,0,0,4918,60734,1272,19905,4922,80639,California
San Mateo,2021-02-05,6799,107374,2553,56710,4246,50664,0,0,4973,63898,1809,21714,4973,85612,California
San Mateo,2021-02-06,3278,110652,1913,58623,1365,52029,0,0,2623,65869,654,22368,2625,88237,California
San Mateo,2021-02-07,1905,112557,1352,59975,553,52582,0,0,1713,67390,192,22560,1713,89950,California
San Mateo,2021-02-08,5287,117844,2255,62230,3032,55614,0,0,3111,68390,2111,24671,3111,93061,California
San Mateo,2021-02-09,6188,124032,3226,65456,2962,58576,0,0,3340,68888,2842,27513,3340,96401,California
San Mateo,2021-02-10,6511,130543,3279,68735,3232,61808,0,0,3424,69235,3077,30590,3424,99825,California
San Mateo,2021-02-11,7047,137590,3573,72308,3474,65282,0,0,3788,69776,3250,33840,3791,103616,California
San Mateo,2021-02-12,6625,144215,2956,75264,3669,68951,0,0,4698,72551,1925,35765,4700,108316,California
San Mateo,2021-02-13,6118,150333,4019,79283,2099,71050,0,0,2640,71718,3473,39238,2640,110956,California
San Mateo,2021-02-14,4641,154974,3024,82307,1617,72667,0,0,1986,71057,2648,41886,1987,112943,California
San Mateo,2021-02-15,3165,158139,1456,83763,1709,74376,0,0,1791,71481,1368,43254,1792,114735,California
San Mateo,2021-02-16,7147,165286,1881,85644,5266,79642,0,0,5275,74888,1870,45124,5277,120012,California
San Mateo,2021-02-17,7076,172362,1951,87595,5125,84767,0,0,5061,77940,2011,47135,5063,125075,California
San Mateo,2021-02-18,6661,179023,4597,92192,2064,86831,0,0,4435,80156,2222,49357,4438,129513,California
San Mateo,2021-02-19,7776,186799,5583,97775,2193,89024,0,0,5778,83942,1992,51349,5778,135291,California
San Mateo,2021-02-20,3734,190533,2420,100195,1314,90338,0,0,2305,84825,1422,52771,2305,137596,California
San Mateo,2021-02-21,2609,193142,1769,101964,840,91178,0,0,1562,85347,1040,53811,1562,139158,California
San Mateo,2021-02-22,4430,197572,3213,105177,1217,92395,0,0,2799,86522,1625,55436,2800,141958,California
San Mateo,2021-02-23,4347,201919,3105,108282,1242,93637,0,0,2539,87261,1800,57236,2539,144497,California
San Mateo,2021-02-24,7307,209226,3285,111567,4022,97659,0,0,4880,89721,2421,59657,4881,149378,California
San Mateo,2021-02-25,9109,218335,4027,115594,5082,102741,0,0,6032,92694,3060,62717,6033,155411,California
San Mateo,2021-02-26,9769,228104,3720,119314,6049,108790,0,0,6847,96637,2908,65625,6851,162262,California
San Mateo,2021-02-27,6789,234893,3496,122810,3292,112082,1,1,3683,97226,3100,68725,3689,165951,California
San Mateo,2021-02-28,4133,239026,2518,125328,1615,113697,0,1,2556,98212,1571,70296,2557,168508,California
San Mateo,2021-03-01,5734,244760,3614,128942,2118,115815,2,3,2855,98203,2866,73162,2857,171365,California
San Mateo,2021-03-02,6259,251019,4449,133391,1809,117624,1,4,3632,99218,2619,75781,3634,174999,California
San Mateo,2021-03-03,8456,259475,3986,137377,4468,122092,2,6,3655,98086,4789,80570,3657,178656,California
San Mateo,2021-03-04,8492,267967,3998,141375,4491,126583,3,9,3841,97301,4631,85201,3846,182502,California
San Mateo,2021-03-05,9344,277311,6235,147610,3105,129688,4,13,6570,101124,2754,87955,6577,189079,California
San Mateo,2021-03-06,7962,285273,5550,153160,2237,131925,175,188,5846,105037,2107,90062,6020,195099,California
San Mateo,2021-03-07,3602,288875,2447,155607,1087,133012,68,256,2132,105771,1466,91528,2200,197299,California
San Mateo,2021-03-08,4543,293418,2578,158185,1748,134760,217,473,3318,108086,1218,92746,3533,200832,California
San Mateo,2021-03-09,5327,298745,2866,161051,2184,136944,277,750,3737,110516,1581,94327,4011,204843,California
San Mateo,2021-03-10,7193,305938,2910,163961,3998,140942,285,1035,4810,113240,2370,96697,5094,209937,California
San Mateo,2021-03-11,9143,315081,5753,169714,2997,143939,393,1428,3727,111973,5386,102083,4119,214056,California
San Mateo,2021-03-12,10584,325665,6676,176390,3522,147461,386,1814,3575,108943,6991,109074,3961,218017,California
San Mateo,2021-03-13,8207,333872,3506,179896,3072,150533,1629,3443,3977,110322,4218,113292,5597,223614,California
San Mateo,2021-03-14,5001,338873,3373,183269,1521,152054,107,3550,2667,110768,2327,115619,2773,226387,California
San Mateo,2021-03-15,7214,346087,4664,187933,2374,154428,176,3726,3803,111343,3405,119024,3980,230367,California
San Mateo,2021-03-16,11952,358039,4402,192335,7428,161856,122,3848,4830,109193,7105,126129,4955,235322,California
San Mateo,2021-03-17,10862,368901,4429,196764,6307,168163,126,3974,4905,108298,5930,132059,5035,240357,California
San Mateo,2021-03-18,7300,376201,4104,200868,3013,171176,183,4157,4333,109852,2961,135020,4515,244872,California
San Mateo,2021-03-19,7473,383674,4838,205706,1968,173144,667,4824,3650,110356,3813,138833,4317,249189,California
San Mateo,2021-03-20,8415,392089,6528,212234,1546,174690,341,5165,5425,113146,2975,141808,5765,254954,California
San Mateo,2021-03-21,4248,396337,3217,215451,797,175487,234,5399,2379,113898,1858,143666,2610,257564,California
San Mateo,2021-03-22,5280,401617,3599,219050,1264,176751,417,5816,2836,114721,2431,146097,3254,260818,California
San Mateo,2021-03-23,9833,411450,4499,223549,5138,181889,196,6012,4418,113949,5385,151482,4613,265431,California
San Mateo,2021-03-24,9518,420968,5513,229062,3862,185751,143,6155,4093,112829,5354,156836,4234,269665,California
San Mateo,2021-03-25,10131,431099,4972,234034,4879,190630,280,6435,4452,111988,5576,162412,4735,274400,California
San Mateo,2021-03-26,11272,442371,7775,241809,3331,193961,166,6601,4353,109629,6880,169292,4521,278921,California
San Mateo,2021-03-27,10575,452946,8099,249908,2370,196331,106,6707,4670,108516,5886,175178,4773,283694,California
San Mateo,2021-03-28,4304,457250,2792,252700,1400,197731,112,6819,2015,108364,2280,177458,2128,285822,California
San Mateo,2021-03-29,6066,463316,3786,256486,2028,199759,252,7071,2760,108089,3287,180745,3012,288834,California
San Mateo,2021-03-30,7155,470471,4089,260575,2913,202672,153,7224,3838,108780,3301,184046,3992,292826,California
San Mateo,2021-03-31,7302,477773,4624,265199,2536,205208,142,7366,3857,109352,3427,187473,3999,296825,California
San Mateo,2021-04-01,10594,488367,5234,270433,4152,209360,1208,8574,5681,111368,4869,192342,6885,303710,California
San Mateo,2021-04-02,10873,499240,5215,275648,4047,213407,1611,10185,5700,113524,5153,197495,7309,311019,California
San Mateo,2021-04-03,9779,509019,5544,281192,2471,215878,1764,11949,4925,115368,4846,202341,6690,317709,California
San Mateo,2021-04-04,5448,514467,2623,283815,1571,217449,1254,13203,1705,114597,3728,206069,2957,320666,California
San Mateo,2021-04-05,8975,523442,4787,288602,2454,219903,1734,14937,3824,115018,5135,211204,5556,326222,California
San Mateo,2021-04-06,13209,536651,8245,296847,3108,223011,1856,16793,7514,118711,5682,216886,9375,335597,California
San Mateo,2021-04-07,11400,548051,5266,302113,4448,227459,1686,18479,4834,118679,6545,223431,6513,342110,California
San Mateo,2021-04-08,10120,558171,5040,307153,2493,229952,2587,21066,4483,120116,5621,229052,7058,349168,California
San Mateo,2021-04-09,11265,569436,5482,312635,3307,233259,2476,23542,5037,121396,6226,235278,7506,356674,California
San Mateo,2021-04-10,11191,580627,5675,318310,4081,237340,1435,24977,4616,120893,6549,241827,6046,362720,California
San Mateo,2021-04-11,6620,587247,3288,321598,873,238213,2459,27436,2298,121331,4314,246141,4752,367472,California
San Mateo,2021-04-12,7310,594557,4466,326064,1883,240096,961,28397,3528,122059,3761,249902,4489,371961,California
San Mateo,2021-04-13,8155,602712,5085,331149,3061,243157,9,28406,4314,122551,3833,253735,4325,376286,California
San Mateo,2021-04-14,8306,611018,5367,336516,2938,246095,1,28407,4252,122774,4037,257772,4260,380546,California
San Mateo,2021-04-15,11095,622113,7374,343890,3719,249814,2,28409,7256,126219,3814,261586,7259,387805,California
San Mateo,2021-04-16,9971,632084,6867,350757,3088,252902,16,28425,6322,128931,3631,265217,6343,394148,California
San Mateo,2021-04-17,9754,641838,6471,357228,3280,256182,3,28428,6158,131510,3586,268803,6165,400313,California
San Mateo,2021-04-18,5426,647264,2591,359819,2835,259017,0,28428,3658,133416,1758,270561,3664,403977,California
San Mateo,2021-04-19,8380,655644,5449,365268,2931,261948,0,28428,5447,135951,2921,273482,5456,409433,California
San Mateo,2021-04-20,10251,665895,5686,370954,4564,266512,1,28429,6587,138904,3645,277127,6598,416031,California
San Mateo,2021-04-21,9001,674896,6078,377032,2923,269435,0,28429,5561,141046,3426,280553,5568,421599,California
San Mateo,2021-04-22,9584,684480,6406,383438,3177,272612,1,28430,5321,142141,4232,284785,5327,426926,California
San Mateo,2021-04-23,9438,693918,6207,389645,3231,275843,0,28430,5288,143319,4125,288910,5303,432229,California
San Mateo,2021-04-24,11251,705169,8030,397675,3221,279064,0,28430,5964,144027,5264,294174,5972,438201,California
San Mateo,2021-04-25,5530,710699,3864,401539,1664,280728,2,28432,3929,146379,1588,295762,3940,442141,California
San Mateo,2021-04-26,6318,717017,4619,406158,1691,282419,8,28440,3643,147376,2665,298427,3662,445803,California
San Mateo,2021-04-27,10993,728010,7821,413979,3067,285486,105,28545,4434,145388,6532,304959,4544,450347,California
San Mateo,2021-04-28,7666,735676,4426,418405,3036,288522,204,28749,4014,145966,3644,308603,4222,454569,California
San Mateo,2021-04-29,7921,743597,3712,422117,4035,292557,174,28923,3506,145270,4388,312991,3692,458261,California
San Mateo,2021-04-30,8071,751668,5065,427182,2853,295410,153,29076,3414,144215,4636,317627,3581,461842,California
San Mateo,2021-05-01,6146,757814,4119,431301,1909,297319,118,29194,2658,143529,3473,321100,2787,464629,California
San Mateo,2021-05-02,3175,760989,1739,433040,1365,298684,71,29265,1145,142727,2022,323122,1220,465849,California
San Mateo,2021-05-03,5981,766970,4463,437503,1374,300058,144,29409,1847,140591,4127,327249,1991,467840,California
San Mateo,2021-05-04,7225,774195,4892,442395,2162,302220,171,29580,2455,138473,4756,332005,2638,470478,California
San Mateo,2021-05-05,6762,780957,4393,446788,2208,304428,161,29741,2371,136643,4364,336369,2534,473012,California
San Mateo,2021-05-06,8513,789470,6643,453431,1696,306124,174,29915,1737,131800,6759,343128,1916,474928,California
San Mateo,2021-05-07,8185,797655,5852,459283,2048,308172,285,30200,1833,127603,6326,349454,2129,477057,California
San Mateo,2021-05-08,6644,804299,4022,463305,2383,310555,239,30439,1832,124879,4800,354254,2076,479133,California
San Mateo,2021-05-09,3112,807411,2426,465731,612,311167,74,30513,1058,123964,2047,356301,1132,480265,California
San Mateo,2021-05-10,4602,812013,3314,469045,1118,312285,170,30683,767,121083,3826,360127,945,481210,California
San Mateo,2021-05-11,6474,818487,4855,473900,1506,313791,113,30796,1658,118054,4801,364928,1772,482982,California
San Mateo,2021-05-12,6381,824868,4606,478506,1585,315376,190,30986,1530,114935,4842,369770,1723,484705,California
San Mateo,2021-05-13,8905,833773,6676,485182,2143,317519,86,31072,3280,112716,5594,375364,3375,488080,California
San Mateo,2021-05-14,8323,842096,6142,491324,2072,319591,109,31181,2698,109918,5612,380976,2814,490894,California
San Mateo,2021-05-15,10294,852390,8024,499348,2170,321761,100,31281,4486,108730,5795,386771,4607,495501,California
San Mateo,2021-05-16,7079,859469,5026,504374,1985,323746,68,31349,2135,106007,4927,391698,2204,497705,California
San Mateo,2021-05-17,7009,866478,4974,509348,1927,325673,108,31457,2191,103505,4804,396502,2302,500007,California
San Mateo,2021-05-18,8143,874621,5530,514878,2517,328190,96,31553,2884,101355,5134,401636,2984,502991,California
San Mateo,2021-05-19,7522,882143,5539,520417,1862,330052,121,31674,3401,100805,4073,405709,3523,506514,California
San Mateo,2021-05-20,4519,886662,2853,523270,1586,331638,80,31754,1901,100181,2604,408313,1980,508494,California
San Mateo,2021-05-21,4324,890986,2864,526134,1403,333041,57,31811,850,97625,3463,411776,907,509401,California
Santa Barbara,2020-12-15,2,2,2,2,0,0,0,0,2,2,0,0,2,2,California
Santa Barbara,2020-12-16,2,4,2,4,0,0,0,0,2,4,0,0,2,4,California
Santa Barbara,2020-12-17,56,60,56,60,0,0,0,0,56,60,0,0,56,60,California
Santa Barbara,2020-12-18,379,439,378,438,1,1,0,0,379,439,0,0,379,439,California
Santa Barbara,2020-12-19,325,764,325,763,0,1,0,0,325,764,0,0,325,764,California
Santa Barbara,2020-12-20,235,999,235,998,0,1,0,0,235,999,0,0,235,999,California
Santa Barbara,2020-12-21,652,1651,650,1648,2,3,0,0,652,1651,0,0,652,1651,California
Santa Barbara,2020-12-22,244,1895,242,1890,2,5,0,0,244,1895,0,0,244,1895,California
Santa Barbara,2020-12-23,322,2217,204,2094,118,123,0,0,322,2217,0,0,322,2217,California
Santa Barbara,2020-12-24,88,2305,40,2134,48,171,0,0,88,2305,0,0,88,2305,California
Santa Barbara,2020-12-26,326,2631,66,2200,260,431,0,0,326,2631,0,0,326,2631,California
Santa Barbara,2020-12-27,62,2693,1,2201,61,492,0,0,62,2693,0,0,62,2693,California
Santa Barbara,2020-12-28,356,3049,223,2424,133,625,0,0,356,3049,0,0,356,3049,California
Santa Barbara,2020-12-29,553,3602,358,2782,195,820,0,0,553,3602,0,0,553,3602,California
Santa Barbara,2020-12-30,577,4179,395,3177,182,1002,0,0,577,4179,0,0,577,4179,California
Santa Barbara,2020-12-31,240,4419,114,3291,126,1128,0,0,240,4419,0,0,240,4419,California
Santa Barbara,2021-01-01,115,4534,110,3401,5,1133,0,0,115,4534,0,0,115,4534,California
Santa Barbara,2021-01-02,588,5122,222,3623,366,1499,0,0,588,5122,0,0,588,5122,California
Santa Barbara,2021-01-03,23,5145,15,3638,8,1507,0,0,23,5145,0,0,23,5145,California
Santa Barbara,2021-01-04,305,5450,242,3880,63,1570,0,0,304,5449,0,0,304,5449,California
Santa Barbara,2021-01-05,751,6201,378,4258,373,1943,0,0,724,6146,27,27,724,6173,California
Santa Barbara,2021-01-06,656,6857,276,4534,380,2323,0,0,595,6681,60,87,595,6768,California
Santa Barbara,2021-01-07,1033,7890,710,5244,323,2646,0,0,528,6708,501,588,528,7296,California
Santa Barbara,2021-01-08,1205,9095,845,6089,360,3006,0,0,711,6925,494,1082,711,8007,California
Santa Barbara,2021-01-09,566,9661,293,6382,273,3279,0,0,320,6999,246,1328,320,8327,California
Santa Barbara,2021-01-10,62,9723,50,6432,12,3291,0,0,46,7029,16,1344,46,8373,California
Santa Barbara,2021-01-11,839,10562,670,7102,169,3460,0,0,615,7421,223,1567,615,8988,California
Santa Barbara,2021-01-12,1433,11995,640,7742,793,4253,0,0,1277,8542,156,1723,1277,10265,California
Santa Barbara,2021-01-13,1219,13214,271,8013,948,5201,0,0,1092,9507,127,1850,1092,11357,California
Santa Barbara,2021-01-14,1252,14466,135,8148,1117,6318,0,0,1197,10651,54,1904,1198,12555,California
Santa Barbara,2021-01-15,1800,16266,419,8567,1381,7699,0,0,1719,12290,80,1984,1719,14274,California
Santa Barbara,2021-01-16,1270,17536,200,8767,1070,8769,0,0,1231,13483,38,2022,1231,15505,California
Santa Barbara,2021-01-17,123,17659,20,8787,103,8872,0,0,120,13600,3,2025,120,15625,California
Santa Barbara,2021-01-18,1152,18811,418,9205,734,9606,0,0,967,14382,185,2210,967,16592,California
Santa Barbara,2021-01-19,1639,20450,570,9775,1069,10675,0,0,1361,15466,277,2487,1361,17953,California
Santa Barbara,2021-01-20,2096,22546,545,10320,1551,12226,0,0,1741,16853,354,2841,1741,19694,California
Santa Barbara,2021-01-21,3180,25726,1910,12230,1270,13496,0,0,3021,19716,159,3000,3022,22716,California
Santa Barbara,2021-01-22,2926,28652,1772,14002,1154,14650,0,0,2762,22318,161,3161,2763,25479,California
Santa Barbara,2021-01-23,1733,30385,1105,15107,628,15278,0,0,1224,23034,508,3669,1224,26703,California
Santa Barbara,2021-01-24,843,31228,751,15858,92,15370,0,0,834,23859,9,3678,834,27537,California
Santa Barbara,2021-01-25,1242,32470,498,16356,744,16114,0,0,1005,24627,237,3915,1005,28542,California
Santa Barbara,2021-01-26,2045,34515,463,16819,1582,17696,0,0,1661,25906,382,4297,1661,30203,California
Santa Barbara,2021-01-27,1163,35678,400,17219,763,18459,0,0,901,26548,261,4558,903,31106,California
Santa Barbara,2021-01-28,892,36570,294,17513,598,19057,0,0,678,27015,211,4769,678,31784,California
Santa Barbara,2021-01-29,1333,37903,536,18049,797,19854,0,0,979,27645,351,5120,981,32765,California
Santa Barbara,2021-01-30,1892,39795,1420,19469,472,20326,0,0,1488,28732,401,5521,1488,34253,California
Santa Barbara,2021-01-31,1453,41248,1215,20684,238,20564,0,0,1414,30107,39,5560,1414,35667,California
Santa Barbara,2021-02-01,953,42201,529,21213,424,20988,0,0,556,30266,397,5957,556,36223,California
Santa Barbara,2021-02-02,1808,44009,679,21892,1129,22117,0,0,1044,30549,761,6718,1044,37267,California
Santa Barbara,2021-02-03,1940,45949,1077,22969,863,22980,0,0,1500,31619,430,7148,1500,38767,California
Santa Barbara,2021-02-04,2779,48728,1865,24834,914,23894,0,0,2482,33810,291,7439,2482,41249,California
Santa Barbara,2021-02-05,2900,51628,2056,26890,844,24738,0,0,2259,35430,639,8078,2259,43508,California
Santa Barbara,2021-02-06,1204,52832,339,27229,865,25603,0,0,794,35814,410,8488,794,44302,California
Santa Barbara,2021-02-07,301,53133,263,27492,38,25641,0,0,266,36046,34,8522,266,44568,California
Santa Barbara,2021-02-08,955,54088,311,27803,644,26285,0,0,665,36421,290,8812,665,45233,California
Santa Barbara,2021-02-09,2437,56525,313,28116,2124,28409,0,0,1119,36231,1309,10121,1119,46352,California
Santa Barbara,2021-02-10,2763,59288,1496,29612,1267,29676,0,0,781,35037,1975,12096,781,47133,California
Santa Barbara,2021-02-11,4186,63474,2808,32420,1378,31054,0,0,624,32108,3553,15649,624,47757,California
Santa Barbara,2021-02-12,3308,66782,948,33368,2360,33414,0,0,774,30354,2528,18177,774,48531,California
Santa Barbara,2021-02-13,1233,68015,340,33708,893,34307,0,0,561,30245,670,18847,561,49092,California
Santa Barbara,2021-02-14,332,68347,35,33743,297,34604,0,0,287,30487,45,18892,287,49379,California
Santa Barbara,2021-02-15,967,69314,337,34080,630,35234,0,0,494,30511,470,19362,494,49873,California
Santa Barbara,2021-02-16,2108,71422,395,34475,1713,36947,0,0,719,29845,1385,20747,719,50592,California
Santa Barbara,2021-02-17,1436,72858,321,34796,1115,38062,0,0,523,29459,909,21656,523,51115,California
Santa Barbara,2021-02-18,3256,76114,2648,37444,608,38670,0,0,1519,29277,1701,23357,1519,52634,California
Santa Barbara,2021-02-19,3596,79710,2641,40085,955,39625,0,0,2329,30342,1264,24621,2329,54963,California
Santa Barbara,2021-02-20,2225,81935,1439,41524,786,40411,0,0,1669,31464,547,25168,1669,56632,California
Santa Barbara,2021-02-21,135,82070,106,41630,29,40440,0,0,60,31451,73,25241,60,56692,California
Santa Barbara,2021-02-22,939,83009,247,41877,692,41132,0,0,271,31057,665,25906,271,56963,California
Santa Barbara,2021-02-23,3189,86198,1046,42923,2143,43275,0,0,422,28716,2763,28669,422,57385,California
Santa Barbara,2021-02-24,3204,89402,1092,44015,2112,45387,0,0,722,26966,2472,31141,722,58107,California
Santa Barbara,2021-02-25,3454,92856,1921,45936,1533,46920,0,0,990,25500,2457,33598,991,59098,California
Santa Barbara,2021-02-26,3667,96523,2177,48113,1490,48410,0,0,1980,25801,1679,35277,1980,61078,California
Santa Barbara,2021-02-27,1527,98050,562,48675,965,49375,0,0,847,25974,676,35953,849,61927,California
Santa Barbara,2021-02-28,1084,99134,220,48895,864,50239,0,0,892,26680,187,36140,893,62820,California
Santa Barbara,2021-03-01,1641,100775,469,49364,1172,51411,0,0,1088,27230,539,36679,1089,63909,California
Santa Barbara,2021-03-02,2648,103423,423,49787,2225,53636,0,0,2147,28890,488,37167,2148,66057,California
Santa Barbara,2021-03-03,4627,108050,2099,51886,2526,56162,2,2,4034,32346,583,37750,4039,70096,California
Santa Barbara,2021-03-04,3421,111471,2283,54169,1138,57300,0,2,2865,34663,548,38298,2865,72961,California
Santa Barbara,2021-03-05,3818,115289,2164,56333,1595,58895,59,61,3094,37097,719,39017,3153,76114,California
Santa Barbara,2021-03-06,2431,117720,726,57059,1486,60381,219,280,1669,38226,758,39775,1887,78001,California
Santa Barbara,2021-03-07,564,118284,123,57182,310,60691,131,411,384,38563,179,39954,516,78517,California
Santa Barbara,2021-03-08,1577,119861,380,57562,856,61547,341,752,796,38925,775,40729,1137,79654,California
Santa Barbara,2021-03-09,2795,122656,344,57906,1677,63224,774,1526,738,38379,2054,42783,1508,81162,California
Santa Barbara,2021-03-10,2760,125416,553,58459,1161,64385,1046,2572,1040,38749,1715,44498,2085,83247,California
Santa Barbara,2021-03-11,5580,130996,3028,61487,1437,65822,1115,3687,2282,38855,3284,47782,3390,86637,California
Santa Barbara,2021-03-12,3676,134672,2096,63583,1150,66972,430,4117,2179,39972,1489,49271,2606,89243,California
Santa Barbara,2021-03-13,3484,138156,1930,65513,1346,68318,208,4325,2695,42089,787,50058,2904,92147,California
Santa Barbara,2021-03-14,791,138947,376,65889,358,68676,57,4382,469,42294,321,50379,526,92673,California
Santa Barbara,2021-03-15,2112,141059,697,66586,1124,69800,291,4673,1267,43012,838,51217,1556,94229,California
Santa Barbara,2021-03-16,3724,144783,1173,67759,2209,72009,342,5015,2735,45104,985,52202,3077,97306,California
Santa Barbara,2021-03-17,3307,148090,970,68729,1932,73941,405,5420,2316,46832,989,53191,2717,100023,California
Santa Barbara,2021-03-18,5229,153319,2799,71528,2228,76169,202,5622,4004,49829,1209,54400,4206,104229,California
Santa Barbara,2021-03-19,4446,157765,2769,74297,1344,77513,333,5955,3056,51831,1386,55786,3388,107617,California
Santa Barbara,2021-03-20,2179,159944,836,75133,1329,78842,14,5969,1334,52336,842,56628,1347,108964,California
Santa Barbara,2021-03-21,1164,161108,383,75516,751,79593,30,5999,837,52878,325,56953,867,109831,California
Santa Barbara,2021-03-22,2779,163887,1912,77428,823,80416,44,6043,2223,54597,548,57501,2267,112098,California
Santa Barbara,2021-03-23,4479,168366,2251,79679,2127,82543,101,6144,3706,57640,764,58265,3807,115905,California
Santa Barbara,2021-03-24,5418,173784,3157,82836,1513,84056,748,6892,2972,58934,2423,60688,3717,119622,California
Santa Barbara,2021-03-25,5559,179343,3275,86111,2095,86151,189,7081,2784,59148,2759,63447,2973,122595,California
Santa Barbara,2021-03-26,5092,184435,3227,89338,1567,87718,298,7379,2245,58860,2831,66278,2543,125138,California
Santa Barbara,2021-03-27,2949,187384,1225,90563,1681,89399,43,7422,1617,59190,1328,67606,1658,126796,California
Santa Barbara,2021-03-28,2774,190158,1652,92215,1094,90493,28,7450,1888,60226,881,68487,1917,128713,California
Santa Barbara,2021-03-29,4044,194202,2087,94302,1886,92379,71,7521,3228,62713,812,69299,3299,132012,California
Santa Barbara,2021-03-30,6800,201002,3513,97815,3137,95516,150,7671,4541,65157,2244,71543,4688,136700,California
Santa Barbara,2021-03-31,8669,209671,5522,103337,3080,98596,67,7738,5053,66681,3596,75139,5120,141820,California
Santa Barbara,2021-04-01,7032,216703,5202,108539,1570,100166,260,7998,4170,68265,2844,77983,4428,146248,California
Santa Barbara,2021-04-02,6625,223328,4543,113082,1488,101654,594,8592,3403,69048,3214,81197,3997,150245,California
Santa Barbara,2021-04-03,3803,227131,2114,115196,1621,103275,68,8660,2513,70342,1286,82483,2580,152825,California
Santa Barbara,2021-04-04,900,228031,444,115640,416,103691,40,8700,501,70486,397,82880,541,153366,California
Santa Barbara,2021-04-05,3459,231490,2286,117926,915,104606,258,8958,2164,71620,1288,84168,2422,155788,California
Santa Barbara,2021-04-06,5453,236943,2819,120745,2099,106705,535,9493,3332,73380,2105,86273,3865,159653,California
Santa Barbara,2021-04-07,5967,242910,3281,124026,2147,108852,539,10032,4063,76087,1894,88167,4601,164254,California
Santa Barbara,2021-04-08,7355,250265,5001,129027,642,109494,1712,11744,3383,77210,3969,92136,5092,169346,California
Santa Barbara,2021-04-09,7251,257516,4822,133849,1083,110577,1346,13090,3253,77815,3989,96125,4594,173940,California
Santa Barbara,2021-04-10,6628,264144,4587,138436,1425,112002,616,13706,4498,80804,2123,98248,5112,179052,California
Santa Barbara,2021-04-11,2639,266783,1931,140367,409,112411,299,14005,1819,82103,814,99062,2113,181165,California
Santa Barbara,2021-04-12,4425,271208,2847,143214,1024,113435,554,14559,1923,82083,2495,101557,2475,183640,California
Santa Barbara,2021-04-13,6307,277515,4149,147363,2152,115587,6,14565,2624,81033,3679,105236,2629,186269,California
Santa Barbara,2021-04-14,6720,284235,4395,151758,2323,117910,2,14567,4199,82723,2511,107747,4201,190470,California
Santa Barbara,2021-04-15,6937,291172,4077,155835,2859,120769,1,14568,3750,83298,3177,110924,3752,194222,California
Santa Barbara,2021-04-16,6371,297543,3742,159577,2618,123387,11,14579,4380,85712,1976,112900,4390,198612,California
Santa Barbara,2021-04-17,5302,302845,3855,163432,1447,124834,0,14579,4086,88593,1205,114105,4086,202698,California
Santa Barbara,2021-04-18,2129,304974,1476,164908,653,125487,0,14579,374,87217,1751,115856,375,203073,California
Santa Barbara,2021-04-19,3231,308205,2224,167132,1001,126488,6,14585,1029,86056,2197,118053,1036,204109,California
Santa Barbara,2021-04-20,5861,314066,3944,171076,1916,128404,1,14586,1649,83505,4200,122253,1649,205758,California
Santa Barbara,2021-04-21,5466,319532,3628,174704,1838,130242,0,14586,1731,81513,3723,125976,1731,207489,California
Santa Barbara,2021-04-22,5084,324616,2554,177258,2529,132771,1,14587,1451,79350,3617,129593,1454,208943,California
Santa Barbara,2021-04-23,5525,330141,3872,181130,1653,134424,0,14587,1944,77724,3570,133163,1944,210887,California
Santa Barbara,2021-04-24,4421,334562,2877,184007,1539,135963,5,14592,1647,76610,2766,135929,1652,212539,California
Santa Barbara,2021-04-25,1831,336393,1184,185191,647,136610,0,14592,499,75785,1324,137253,499,213038,California
Santa Barbara,2021-04-26,2929,339322,1805,186996,1103,137713,21,14613,463,73809,2460,139713,484,213522,California
Santa Barbara,2021-04-27,3678,343000,2027,189023,1564,139277,87,14700,1105,72436,2564,142277,1191,214713,California
Santa Barbara,2021-04-28,4902,347902,2861,191884,1924,141201,117,14817,1402,70471,3487,145764,1522,216235,California
Santa Barbara,2021-04-29,5243,353145,3795,195679,1221,142422,227,15044,1446,68361,3781,149545,1671,217906,California
Santa Barbara,2021-04-30,4943,358088,3694,199373,1085,143507,164,15208,1423,66441,3506,153051,1586,219492,California
Santa Barbara,2021-05-01,5233,363321,4055,203428,1145,144652,33,15241,904,63059,4321,157372,939,220431,California
Santa Barbara,2021-05-02,1130,364451,665,204093,337,144989,128,15369,308,62673,822,158194,436,220867,California
Santa Barbara,2021-05-03,2206,366657,1481,205574,586,145575,139,15508,442,61496,1758,159952,581,221448,California
Santa Barbara,2021-05-04,3278,369935,1661,207235,1546,147121,71,15579,1139,60579,2126,162078,1209,222657,California
Santa Barbara,2021-05-05,5417,375352,3669,210904,1602,148723,146,15725,627,56575,4778,166856,774,223431,California
Santa Barbara,2021-05-06,5040,380392,3904,214808,1032,149755,104,15829,960,53574,4065,170921,1064,224495,California
Santa Barbara,2021-05-07,4655,385047,3650,218458,828,150583,177,16006,1001,51106,3644,174565,1176,225671,California
Santa Barbara,2021-05-08,4210,389257,3151,221609,961,151544,98,16104,871,48749,3326,177891,969,226640,California
Santa Barbara,2021-05-09,700,389957,109,221718,551,152095,40,16144,467,49025,232,178123,508,227148,California
Santa Barbara,2021-05-10,1299,391256,620,222338,595,152690,84,16228,350,48511,947,179070,433,227581,California
Santa Barbara,2021-05-11,1788,393044,769,223107,728,153418,291,16519,382,47783,1399,180469,671,228252,California
Santa Barbara,2021-05-12,1512,394556,686,223793,624,154042,202,16721,417,47315,1087,181556,619,228871,California
Santa Barbara,2021-05-13,3536,398092,2709,226502,634,154676,193,16914,1151,46282,2376,183932,1343,230214,California
Santa Barbara,2021-05-14,4087,402179,2531,229033,1484,156160,72,16986,1612,45500,2464,186396,1682,231896,California
Santa Barbara,2021-05-15,3491,405670,2561,231594,911,157071,19,17005,1840,45719,1641,188037,1860,233756,California
Santa Barbara,2021-05-16,1060,406730,463,232057,482,157553,115,17120,468,45713,589,188626,583,234339,California
Santa Barbara,2021-05-17,1621,408351,932,232989,627,158180,62,17182,904,45968,710,189336,965,235304,California
Santa Barbara,2021-05-18,1794,410145,1146,234135,554,158734,94,17276,990,46265,788,190124,1085,236389,California
Santa Barbara,2021-05-19,1724,411869,964,235099,719,159453,41,17317,794,46177,922,191046,834,237223,California
Santa Barbara,2021-05-20,1160,413029,582,235681,474,159927,104,17421,592,46315,557,191603,695,237918,California
Santa Barbara,2021-05-21,2402,415431,1729,237410,656,160583,17,17438,814,45566,1580,193183,831,238749,California
Santa Clara,2020-12-15,65,65,65,65,0,0,0,0,65,65,0,0,65,65,California
Santa Clara,2020-12-16,141,206,141,206,0,0,0,0,141,206,0,0,141,206,California
Santa Clara,2020-12-17,395,601,395,601,0,0,0,0,395,601,0,0,395,601,California
Santa Clara,2020-12-18,1677,2278,1677,2278,0,0,0,0,1677,2278,0,0,1677,2278,California
Santa Clara,2020-12-19,2080,4358,2080,4358,0,0,0,0,2079,4357,0,0,2079,4357,California
Santa Clara,2020-12-20,1896,6254,1895,6253,1,1,0,0,1893,6250,0,0,1893,6250,California
Santa Clara,2020-12-21,2673,8927,2673,8926,0,1,0,0,2672,8922,0,0,2672,8922,California
Santa Clara,2020-12-22,3128,12055,3121,12047,7,8,0,0,3125,12047,0,0,3125,12047,California
Santa Clara,2020-12-23,3278,15333,3089,15136,189,197,0,0,3277,15324,0,0,3277,15324,California
Santa Clara,2020-12-24,1898,17231,1711,16847,187,384,0,0,1893,17216,1,1,1893,17217,California
Santa Clara,2020-12-25,342,17573,341,17188,1,385,0,0,342,17558,0,1,342,17559,California
Santa Clara,2020-12-26,1264,18837,1031,18219,233,618,0,0,1263,18821,0,1,1263,18822,California
Santa Clara,2020-12-27,649,19486,508,18727,141,759,0,0,649,19470,0,1,649,19471,California
Santa Clara,2020-12-28,2335,21821,1728,20455,607,1366,0,0,2335,21805,0,1,2335,21806,California
Santa Clara,2020-12-29,2346,24167,1486,21941,860,2226,0,0,2345,24150,0,1,2345,24151,California
Santa Clara,2020-12-30,2984,27151,1889,23830,1095,3321,0,0,2982,27130,2,3,2982,27133,California
Santa Clara,2020-12-31,1215,28366,392,24222,823,4144,0,0,1214,28343,1,4,1214,28347,California
Santa Clara,2021-01-01,145,28511,12,24234,133,4277,0,0,144,28486,1,5,144,28491,California
Santa Clara,2021-01-02,1085,29596,815,25049,270,4547,0,0,1085,29571,0,5,1085,29576,California
Santa Clara,2021-01-03,584,30180,367,25416,217,4764,0,0,579,30147,3,8,579,30155,California
Santa Clara,2021-01-04,2470,32650,1669,27085,801,5565,0,0,2467,32614,0,8,2467,32622,California
Santa Clara,2021-01-05,3066,35716,2009,29094,1057,6622,0,0,2879,35313,186,194,2885,35507,California
Santa Clara,2021-01-06,3332,39048,1965,31059,1367,7989,0,0,2756,37499,572,766,2758,38265,California
Santa Clara,2021-01-07,4218,43266,2559,33618,1659,9648,0,0,3149,39595,1059,1825,3155,41420,California
Santa Clara,2021-01-08,5848,49114,3820,37438,2028,11676,0,0,3791,41333,2053,3878,3791,45211,California
Santa Clara,2021-01-09,2977,52091,1868,39306,1109,12785,0,0,1688,41735,1289,5167,1691,46902,California
Santa Clara,2021-01-10,1957,54048,1511,40817,446,13231,0,0,747,41273,1209,6376,747,47649,California
Santa Clara,2021-01-11,5954,60002,3751,44568,2203,15434,0,0,3383,42091,2570,8946,3388,51037,California
Santa Clara,2021-01-12,6810,66812,3409,47977,3401,18835,0,0,4565,44413,2244,11190,4566,55603,California
Santa Clara,2021-01-13,7374,74186,3051,51028,4323,23158,0,0,5204,47450,2168,13358,5205,60808,California
Santa Clara,2021-01-14,8230,82416,2797,53825,5433,28591,0,0,6489,52205,1736,15094,6491,67299,California
Santa Clara,2021-01-15,9457,91873,2681,56506,6776,35367,0,0,8137,59031,1316,16410,8142,75441,California
Santa Clara,2021-01-16,4294,96167,1229,57735,3065,38432,0,0,3459,61659,831,17241,3459,78900,California
Santa Clara,2021-01-17,3212,99379,603,58338,2609,41041,0,0,2715,63877,497,17738,2715,81615,California
Santa Clara,2021-01-18,5095,104474,1157,59495,3938,44979,0,0,4541,67865,554,18292,4542,86157,California
Santa Clara,2021-01-19,8500,112974,2685,62180,5815,50794,0,0,6816,73003,1681,19973,6819,92976,California
Santa Clara,2021-01-20,8081,121055,4107,66287,3974,54768,0,0,6537,78001,1539,21512,6537,99513,California
Santa Clara,2021-01-21,8697,129752,3774,70061,4923,59691,0,0,7495,84298,1200,22712,7497,107010,California
Santa Clara,2021-01-22,8636,138388,3250,73311,5386,65077,0,0,8068,91802,567,23279,8071,115081,California
Santa Clara,2021-01-23,3781,142169,1686,74997,2095,67172,0,0,2822,93666,959,24238,2823,117904,California
Santa Clara,2021-01-24,2828,144997,1423,76420,1405,68577,0,0,2343,95527,482,24720,2343,120247,California
Santa Clara,2021-01-25,8395,153392,3798,80218,4597,73174,0,0,6324,99790,2063,26783,6326,126573,California
Santa Clara,2021-01-26,8248,161640,3777,83995,4471,77645,0,0,6132,103818,2106,28889,6134,132707,California
Santa Clara,2021-01-27,8717,170357,3830,87825,4887,82532,0,0,6797,108715,1901,30790,6798,139505,California
Santa Clara,2021-01-28,9492,179849,3815,91640,5677,88209,0,0,7532,114312,1939,32729,7536,147041,California
Santa Clara,2021-01-29,9517,189366,3947,95587,5570,93779,0,0,7344,119493,2164,34893,7345,154386,California
Santa Clara,2021-01-30,4155,193521,2071,97658,2084,95863,0,0,2948,121242,1200,36093,2949,157335,California
Santa Clara,2021-01-31,2174,195695,1304,98962,870,96733,0,0,1580,122232,590,36683,1580,158915,California
Santa Clara,2021-02-01,7853,203548,3509,102471,4344,101077,0,0,6146,126681,1699,38382,6148,165063,California
Santa Clara,2021-02-02,8546,212094,2878,105349,5668,106745,0,0,6549,131242,1991,40373,6552,171615,California
Santa Clara,2021-02-03,9207,221301,3488,108837,5719,112464,0,0,6922,135892,2278,42651,6928,178543,California
Santa Clara,2021-02-04,10946,232247,4141,112978,6805,119269,0,0,8658,142275,2278,44929,8661,187204,California
Santa Clara,2021-02-05,11938,244185,4351,117329,7587,126856,0,0,8480,147312,3444,48373,8481,195685,California
Santa Clara,2021-02-06,5203,249388,2823,120152,2380,129236,0,0,4035,150185,1164,49537,4037,199722,California
Santa Clara,2021-02-07,3478,252866,2346,122498,1132,130368,0,0,3024,152757,453,49990,3025,202747,California
Santa Clara,2021-02-08,10017,262883,3482,125980,6535,136903,0,0,7306,157366,2698,52688,7307,210054,California
Santa Clara,2021-02-09,11165,274048,3818,129798,7347,144250,0,0,7669,161554,3485,56173,7673,217727,California
Santa Clara,2021-02-10,12644,286692,4911,134709,7733,151983,0,0,6837,162596,5797,61970,6839,224566,California
Santa Clara,2021-02-11,13540,300232,4731,139440,8809,160792,0,0,7692,164456,5833,67803,7693,232259,California
Santa Clara,2021-02-12,14565,314797,4501,143941,10064,170856,0,0,6994,163901,7551,75354,6996,239255,California
Santa Clara,2021-02-13,6079,320876,1459,145400,4620,175476,0,0,2222,162275,3850,79204,2224,241479,California
Santa Clara,2021-02-14,4607,325483,1140,146540,3467,178943,0,0,1467,160606,3138,82342,1469,242948,California
Santa Clara,2021-02-15,6253,331736,2788,149328,3465,182408,0,0,2699,159758,3547,85889,2699,245647,California
Santa Clara,2021-02-16,13790,345526,4011,153339,9779,192187,0,0,6940,159865,6833,92722,6940,252587,California
Santa Clara,2021-02-17,14087,359613,5504,158843,8583,200770,0,0,7054,159909,7015,99737,7059,259646,California
Santa Clara,2021-02-18,14225,373838,8385,167228,5840,206610,0,0,7238,160203,6947,106684,7241,266887,California
Santa Clara,2021-02-19,14831,388669,9523,176751,5308,211918,0,0,8630,162652,6186,112870,8635,275522,California
Santa Clara,2021-02-20,6826,395495,5107,181858,1719,213637,0,0,3677,163190,3139,116009,3677,279199,California
Santa Clara,2021-02-21,3303,398798,2477,184335,826,214463,0,0,1215,162327,2080,118089,1217,280416,California
Santa Clara,2021-02-22,10174,408972,6092,190427,4082,218545,0,0,4727,161618,5437,123526,4728,285144,California
Santa Clara,2021-02-23,11918,420890,7736,198163,4182,222727,0,0,6766,163249,5139,128665,6770,291914,California
Santa Clara,2021-02-24,14163,435053,9120,207283,5043,227770,0,0,8762,166626,5385,134050,8762,300676,California
Santa Clara,2021-02-25,14638,449691,9266,216549,5372,233142,0,0,7897,167807,6720,140770,7901,308577,California
Santa Clara,2021-02-26,14585,464276,8447,224996,6138,239280,0,0,8013,169273,6550,147320,8016,316593,California
Santa Clara,2021-02-27,8056,472332,5518,230514,2537,241817,1,1,4477,170189,3569,150889,4485,321078,California
Santa Clara,2021-02-28,4732,477064,3078,233592,1654,243471,0,1,2211,169888,2512,153401,2211,323289,California
Santa Clara,2021-03-01,14097,491161,8004,241596,6090,249561,3,4,8731,173276,5346,158747,8734,332023,California
Santa Clara,2021-03-02,16037,507198,9525,251121,6511,256072,1,5,10255,177777,5756,164503,10257,342280,California
Santa Clara,2021-03-03,18457,525655,9068,260189,9387,265459,2,7,11463,182290,6956,171459,11469,353749,California
Santa Clara,2021-03-04,16466,542121,8968,269157,7495,272954,3,10,9578,185065,6808,178267,9583,363332,California
Santa Clara,2021-03-05,16582,558703,9221,278378,7236,280190,125,135,9203,187041,7357,185624,9333,372665,California
Santa Clara,2021-03-06,9418,568121,6308,284686,2673,282863,437,572,7084,192240,2321,187945,7520,380185,California
Santa Clara,2021-03-07,6797,574918,4470,289156,2095,284958,232,804,5420,196522,1369,189314,5651,385836,California
Santa Clara,2021-03-08,12891,587809,6730,295886,5598,290556,563,1367,8280,200772,4593,193907,8843,394679,California
Santa Clara,2021-03-09,15219,603028,6510,302396,7375,297931,1334,2701,6850,200600,8351,202258,8179,402858,California
Santa Clara,2021-03-10,15099,618127,6575,308971,6415,304346,2109,4810,6195,200004,8877,211135,8281,411139,California
Santa Clara,2021-03-11,17049,635176,7758,316729,7783,312129,1508,6318,6042,196561,10979,222114,7536,418675,California
Santa Clara,2021-03-12,17677,652853,9093,325822,7011,319140,1573,7891,5968,192416,11670,233784,7525,426200,California
Santa Clara,2021-03-13,10737,663590,6222,332044,3020,322160,1495,9386,4813,192802,5901,239685,6287,432487,California
Santa Clara,2021-03-14,6506,670096,3368,335412,1832,323992,1306,10692,3173,193954,3316,243001,4468,436955,California
Santa Clara,2021-03-15,12773,682869,6531,341943,5972,329964,270,10962,5989,193452,6761,249762,6259,443214,California
Santa Clara,2021-03-16,18184,701053,10291,352234,7684,337648,209,11171,8811,193125,9344,259106,9017,452231,California
Santa Clara,2021-03-17,19893,720946,11272,363506,8452,346100,169,11340,10277,194001,9565,268671,10441,462672,California
Santa Clara,2021-03-18,19061,740007,8928,372434,8969,355069,1164,12504,9085,194321,9921,278592,10241,472913,California
Santa Clara,2021-03-19,19266,759273,9921,382355,8343,363412,1002,13506,10002,196110,9205,287797,10994,483907,California
Santa Clara,2021-03-20,11504,770777,6341,388696,4337,367749,826,14332,6764,198986,4711,292508,7587,491494,California
Santa Clara,2021-03-21,8303,779080,3770,392466,3134,370883,1399,15731,5569,203220,2722,295230,6956,498450,California
Santa Clara,2021-03-22,16306,795386,9106,401572,6852,377735,348,16079,9297,205881,6983,302213,9644,508094,California
Santa Clara,2021-03-23,19220,814606,12228,413800,6477,384212,515,16594,11169,209561,8004,310217,11684,519778,California
Santa Clara,2021-03-24,22587,837193,14557,428357,7618,391830,412,17006,14655,216740,7890,318107,15069,534847,California
Santa Clara,2021-03-25,22905,860098,13137,441494,8789,400619,979,17985,14769,224400,8074,326181,15734,550581,California
Santa Clara,2021-03-26,21918,882016,13966,455460,7566,408185,386,18371,13510,229918,8371,334552,13889,564470,California
Santa Clara,2021-03-27,15683,897699,10444,465904,4471,412656,768,19139,8413,231866,7228,341780,9176,573646,California
Santa Clara,2021-03-28,12045,909744,8348,474252,2985,415641,712,19851,6465,233485,5555,347335,7174,580820,California
Santa Clara,2021-03-29,20569,930313,12617,486869,7225,422866,727,20578,11155,235985,9373,356708,11873,592693,California
Santa Clara,2021-03-30,25604,955917,15243,502112,8423,431289,1938,22516,16144,244636,9425,366133,18076,610769,California
Santa Clara,2021-03-31,20462,976379,11889,514001,7445,438734,1128,23644,12598,250523,7824,373957,13711,624480,California
Santa Clara,2021-04-01,31776,1008155,19837,533838,8897,447631,3042,26686,20106,262046,11604,385561,23127,647607,California
Santa Clara,2021-04-02,25077,1033232,14272,548110,8644,456275,2161,28847,16358,271872,8680,394241,18506,666113,California
Santa Clara,2021-04-03,15221,1048453,9230,557340,3497,459772,2494,31341,8472,276095,6729,400970,10952,677065,California
Santa Clara,2021-04-04,7640,1056093,4037,561377,2436,462208,1167,32508,3976,277580,3652,404622,5137,682202,California
Santa Clara,2021-04-05,21847,1077940,14561,575938,4816,467024,2470,34978,14269,286756,7553,412175,16729,698931,California
Santa Clara,2021-04-06,29397,1107337,16222,592160,7761,474785,5414,40392,17646,298089,11709,423884,23042,721973,California
Santa Clara,2021-04-07,30797,1138134,15904,608064,8418,483203,6475,46867,18808,311411,11937,435821,25259,747232,California
Santa Clara,2021-04-08,29699,1167833,16251,624315,5938,489141,7510,54377,16187,321627,13443,449264,23659,770891,California
Santa Clara,2021-04-09,27751,1195584,13755,638070,6829,495970,7167,61544,14167,329398,13529,462793,21300,792191,California
Santa Clara,2021-04-10,21246,1216830,12314,650384,3738,499708,5194,66738,11379,336092,9836,472629,16530,808721,California
Santa Clara,2021-04-11,15950,1232780,9565,659949,2642,502350,3743,70481,8275,340446,7645,480274,11999,820720,California
Santa Clara,2021-04-12,26781,1259561,18848,678797,5512,507862,2421,72902,18263,352650,8467,488741,20671,841391,California
Santa Clara,2021-04-13,34229,1293790,26946,705743,7255,515117,28,72930,26415,371374,7739,496480,26463,867854,California
Santa Clara,2021-04-14,36734,1330524,27847,733590,8883,524000,4,72934,26131,386994,10541,507021,26161,894015,California
Santa Clara,2021-04-15,43987,1374511,34129,767719,9856,533856,2,72936,33923,410980,9961,516982,33947,927962,California
Santa Clara,2021-04-16,38317,1412828,26260,793979,12055,545911,2,72938,27504,427758,10752,527734,27530,955492,California
Santa Clara,2021-04-17,21930,1434758,15003,808982,6925,552836,2,72940,15053,435995,6833,534567,15070,970562,California
Santa Clara,2021-04-18,16377,1451135,10655,819637,5722,558558,0,72940,10241,440137,6110,540677,10252,980814,California
Santa Clara,2021-04-19,28801,1479936,20858,840495,7942,566500,1,72941,17244,445923,11489,552166,17275,998089,California
Santa Clara,2021-04-20,36878,1516814,22445,862940,14433,580933,0,72941,22532,454245,14240,566406,22562,1020651,California
Santa Clara,2021-04-21,36769,1553583,21334,884274,15433,596366,2,72943,24350,466297,12331,578737,24383,1045034,California
Santa Clara,2021-04-22,37191,1590774,24814,909088,12376,608742,1,72944,17595,464457,19501,598238,17661,1062695,California
Santa Clara,2021-04-23,31963,1622737,19452,928540,12511,621253,0,72944,15046,462732,16822,615060,15097,1077792,California
Santa Clara,2021-04-24,21077,1643814,15440,943980,5636,626889,1,72945,11985,465717,9028,624088,12013,1089805,California
Santa Clara,2021-04-25,13548,1657362,9808,953788,3733,630622,7,72952,8645,469529,4862,628950,8674,1098479,California
Santa Clara,2021-04-26,24220,1681582,18941,972729,5221,635843,58,73010,10108,465699,14020,642970,10190,1108669,California
Santa Clara,2021-04-27,26650,1708232,19249,991978,7113,642956,288,73298,11693,462852,14865,657835,12018,1120687,California
Santa Clara,2021-04-28,25268,1733500,18638,1010616,6193,649149,437,73735,10392,458943,14795,672630,10886,1131573,California
Santa Clara,2021-04-29,23139,1756639,16809,1027425,5933,655082,397,74132,8339,453010,14732,687362,8799,1140372,California
Santa Clara,2021-04-30,22901,1779540,15691,1043116,6849,661931,361,74493,9731,450091,13083,700445,10164,1150536,California
Santa Clara,2021-05-01,17418,1796958,14488,1057604,2670,664601,260,74753,5479,443980,11891,712336,5780,1156316,California
Santa Clara,2021-05-02,11277,1808235,9356,1066960,1691,666292,230,74983,3494,439985,7741,720077,3746,1160062,California
Santa Clara,2021-05-03,22780,1831015,19362,1086322,2990,669282,428,75411,5141,428020,17568,737645,5603,1165665,California
Santa Clara,2021-05-04,30516,1861531,23895,1110217,6081,675363,540,75951,5479,409136,24941,762586,6057,1171722,California
Santa Clara,2021-05-05,32154,1893685,24445,1134662,7167,682530,542,76493,5435,388516,26622,789208,6002,1177724,California
Santa Clara,2021-05-06,35344,1929029,29461,1164123,5409,687939,474,76967,4673,363139,30544,819752,5167,1182891,California
Santa Clara,2021-05-07,32479,1961508,26134,1190257,5857,693796,488,77455,4636,340588,27715,847467,5164,1188055,California
Santa Clara,2021-05-08,16435,1977943,13369,1203626,2644,696440,422,77877,3474,331624,12876,860343,3912,1191967,California
Santa Clara,2021-05-09,10311,1988254,8944,1212570,1180,697620,187,78064,2447,326442,7829,868172,2647,1194614,California
Santa Clara,2021-05-10,20724,2008978,16629,1229199,3695,701315,400,78464,2733,311683,17912,886084,3153,1197767,California
Santa Clara,2021-05-11,21593,2030571,16254,1245453,4924,706239,415,78879,3892,298385,17612,903696,4314,1202081,California
Santa Clara,2021-05-12,20102,2050673,14763,1260216,4876,711115,463,79342,4169,287178,15853,919549,4646,1206727,California
Santa Clara,2021-05-13,26840,2077513,21876,1282092,4673,715788,291,79633,10675,282064,16086,935635,10972,1217699,California
Santa Clara,2021-05-14,26908,2104421,18672,1300764,7867,723655,369,80002,9090,273805,17727,953362,9468,1227167,California
Santa Clara,2021-05-15,19318,2123739,15282,1316046,3766,727421,270,80272,7299,269437,11945,965307,7577,1234744,California
Santa Clara,2021-05-16,14209,2137948,11218,1327264,2814,730235,177,80449,4195,263862,9949,975256,4374,1239118,California
Santa Clara,2021-05-17,19543,2157491,15273,1342537,3910,734145,360,80809,6744,258243,12727,987983,7108,1246226,California
Santa Clara,2021-05-18,25098,2182589,15857,1358394,8823,742968,418,81227,7063,247817,17904,1005887,7478,1253704,California
Santa Clara,2021-05-19,23654,2206243,13771,1372165,9517,752485,366,81593,7753,240146,15797,1021684,8126,1261830,California
Santa Clara,2021-05-20,16009,2222252,10800,1382965,4870,757355,339,81932,5707,235956,10233,1031917,6043,1267873,California
Santa Clara,2021-05-21,8329,2230581,4307,1387272,3820,761175,202,82134,2236,232340,6062,1037979,2446,1270319,California
Santa Cruz,2020-12-15,2,2,2,2,0,0,0,0,2,2,0,0,2,2,California
Santa Cruz,2020-12-16,58,60,58,60,0,0,0,0,58,60,0,0,58,60,California
Santa Cruz,2020-12-17,390,450,390,450,0,0,0,0,390,450,0,0,390,450,California
Santa Cruz,2020-12-18,461,911,461,911,0,0,0,0,461,911,0,0,461,911,California
Santa Cruz,2020-12-19,179,1090,178,1089,1,1,0,0,179,1090,0,0,179,1090,California
Santa Cruz,2020-12-20,95,1185,95,1184,0,1,0,0,95,1185,0,0,95,1185,California
Santa Cruz,2020-12-21,437,1622,437,1621,0,1,0,0,437,1622,0,0,437,1622,California
Santa Cruz,2020-12-22,416,2038,415,2036,1,2,0,0,416,2038,0,0,416,2038,California
Santa Cruz,2020-12-23,369,2407,326,2362,43,45,0,0,369,2407,0,0,369,2407,California
Santa Cruz,2020-12-24,126,2533,50,2412,76,121,0,0,126,2533,0,0,126,2533,California
Santa Cruz,2020-12-25,11,2544,11,2423,0,121,0,0,11,2544,0,0,11,2544,California
Santa Cruz,2020-12-26,65,2609,46,2469,19,140,0,0,65,2609,0,0,65,2609,California
Santa Cruz,2020-12-27,32,2641,27,2496,5,145,0,0,32,2641,0,0,32,2641,California
Santa Cruz,2020-12-28,480,3121,108,2604,372,517,0,0,480,3121,0,0,480,3121,California
Santa Cruz,2020-12-29,790,3911,366,2970,424,941,0,0,790,3911,0,0,790,3911,California
Santa Cruz,2020-12-30,354,4265,163,3133,191,1132,0,0,354,4265,0,0,354,4265,California
Santa Cruz,2020-12-31,312,4577,11,3144,301,1433,0,0,312,4577,0,0,312,4577,California
Santa Cruz,2021-01-01,33,4610,1,3145,32,1465,0,0,33,4610,0,0,33,4610,California
Santa Cruz,2021-01-02,68,4678,54,3199,14,1479,0,0,68,4678,0,0,68,4678,California
Santa Cruz,2021-01-03,15,4693,7,3206,8,1487,0,0,15,4693,0,0,15,4693,California
Santa Cruz,2021-01-04,281,4974,124,3330,157,1644,0,0,279,4972,0,0,279,4972,California
Santa Cruz,2021-01-05,564,5538,428,3758,136,1780,0,0,262,4932,302,302,262,5234,California
Santa Cruz,2021-01-06,799,6337,667,4425,132,1912,0,0,460,5054,338,640,460,5694,California
Santa Cruz,2021-01-07,537,6874,213,4638,324,2236,0,0,382,5282,155,795,383,6077,California
Santa Cruz,2021-01-08,930,7804,559,5197,371,2607,0,0,484,5321,446,1241,485,6562,California
Santa Cruz,2021-01-09,462,8266,123,5320,339,2946,0,0,408,5675,54,1295,408,6970,California
Santa Cruz,2021-01-10,78,8344,69,5389,9,2955,0,0,20,5637,58,1353,20,6990,California
Santa Cruz,2021-01-11,716,9060,585,5974,131,3086,0,0,186,5294,530,1883,187,7177,California
Santa Cruz,2021-01-12,718,9778,518,6492,200,3286,0,0,479,5534,239,2122,479,7656,California
Santa Cruz,2021-01-13,520,10298,227,6719,293,3579,0,0,438,5893,79,2201,438,8094,California
Santa Cruz,2021-01-14,549,10847,103,6822,446,4025,0,0,483,6310,66,2267,483,8577,California
Santa Cruz,2021-01-15,1452,12299,75,6897,1377,5402,0,0,1388,7636,64,2331,1390,9967,California
Santa Cruz,2021-01-16,424,12723,52,6949,372,5774,0,0,405,8022,19,2350,405,10372,California
Santa Cruz,2021-01-17,296,13019,41,6990,255,6029,0,0,271,8268,25,2375,271,10643,California
Santa Cruz,2021-01-18,1004,14023,104,7094,900,6929,0,0,943,9150,61,2436,943,11586,California
Santa Cruz,2021-01-19,1610,15633,520,7614,1090,8019,0,0,1261,10065,347,2783,1262,12848,California
Santa Cruz,2021-01-20,1234,16867,181,7795,1053,9072,0,0,1037,10908,194,2977,1037,13885,California
Santa Cruz,2021-01-21,1691,18558,198,7993,1493,10565,0,0,1582,12383,109,3086,1584,15469,California
Santa Cruz,2021-01-22,1782,20340,525,8518,1257,11822,0,0,1681,13967,98,3184,1682,17151,California
Santa Cruz,2021-01-23,396,20736,144,8662,252,12074,0,0,338,14248,57,3241,338,17489,California
Santa Cruz,2021-01-24,115,20851,19,8681,96,12170,0,0,97,14327,18,3259,97,17586,California
Santa Cruz,2021-01-25,1058,21909,359,9040,699,12869,0,0,552,14373,506,3765,552,18138,California
Santa Cruz,2021-01-26,1688,23597,247,9287,1441,14310,0,0,1180,15045,508,4273,1180,19318,California
Santa Cruz,2021-01-27,1643,25240,445,9732,1198,15508,0,0,1260,15924,381,4654,1260,20578,California
Santa Cruz,2021-01-28,1739,26979,289,10021,1450,16958,0,0,1462,17110,277,4931,1463,22041,California
Santa Cruz,2021-01-29,1723,28702,487,10508,1236,18194,0,0,1594,18576,128,5059,1594,23635,California
Santa Cruz,2021-01-30,1054,29756,310,10818,744,18938,0,0,920,19362,134,5193,920,24555,California
Santa Cruz,2021-01-31,221,29977,113,10931,108,19046,0,0,207,19555,14,5207,207,24762,California
Santa Cruz,2021-02-01,1219,31196,748,11679,471,19517,0,0,824,19984,395,5602,824,25586,California
Santa Cruz,2021-02-02,992,32188,125,11804,867,20384,0,0,840,20673,151,5753,840,26426,California
Santa Cruz,2021-02-03,2214,34402,955,12759,1259,21643,0,0,1902,22266,309,6062,1902,28328,California
Santa Cruz,2021-02-04,1840,36242,767,13526,1073,22716,0,0,1502,23431,337,6399,1502,29830,California
Santa Cruz,2021-02-05,3139,39381,778,14304,2361,25077,0,0,2822,25937,316,6715,2822,32652,California
Santa Cruz,2021-02-06,2567,41948,160,14464,2407,27484,0,0,2223,27816,344,7059,2223,34875,California
Santa Cruz,2021-02-07,904,42852,122,14586,782,28266,0,0,887,28686,17,7076,887,35762,California
Santa Cruz,2021-02-08,701,43553,201,14787,500,28766,0,0,506,28998,194,7270,506,36268,California
Santa Cruz,2021-02-09,2357,45910,1050,15837,1307,30073,0,0,2091,30823,266,7536,2091,38359,California
Santa Cruz,2021-02-10,2180,48090,575,16412,1605,31678,0,0,1481,31615,690,8226,1482,39841,California
Santa Cruz,2021-02-11,1825,49915,309,16721,1516,33194,0,0,1312,32416,511,8737,1312,41153,California
Santa Cruz,2021-02-12,3199,53114,415,17136,2784,35978,0,0,1795,32818,1395,10132,1797,42950,California
Santa Cruz,2021-02-13,1698,54812,123,17259,1575,37553,0,0,1286,33692,412,10544,1286,44236,California
Santa Cruz,2021-02-14,1400,56212,71,17330,1329,38882,0,0,1136,34564,264,10808,1136,45372,California
Santa Cruz,2021-02-15,1568,57780,280,17610,1288,40170,0,0,562,34121,1006,11814,563,45935,California
Santa Cruz,2021-02-16,1679,59459,204,17814,1475,41645,0,0,525,33514,1132,12946,525,46460,California
Santa Cruz,2021-02-17,2901,62360,970,18784,1931,43576,0,0,1206,33041,1682,14628,1209,47669,California
Santa Cruz,2021-02-18,2861,65221,631,19415,2230,45806,0,0,1231,32646,1626,16254,1231,48900,California
Santa Cruz,2021-02-19,3239,68460,1133,20548,2106,47912,0,0,1995,33400,1241,17495,1995,50895,California
Santa Cruz,2021-02-20,2373,70833,1490,22038,883,48795,0,0,1878,34783,495,17990,1878,52773,California
Santa Cruz,2021-02-21,834,71667,368,22406,466,49261,0,0,706,35363,126,18116,706,53479,California
Santa Cruz,2021-02-22,1243,72910,955,23361,288,49549,0,0,529,35180,712,18828,529,54008,California
Santa Cruz,2021-02-23,2093,75003,933,24294,1160,50709,0,0,706,34500,1386,20214,706,54714,California
Santa Cruz,2021-02-24,3168,78171,1655,25949,1513,52222,0,0,1202,33741,1961,22175,1202,55916,California
Santa Cruz,2021-02-25,3205,81376,1413,27362,1792,54014,0,0,1763,34071,1434,23609,1764,57680,California
Santa Cruz,2021-02-26,2705,84081,759,28121,1946,55960,0,0,1541,34454,1160,24769,1543,59223,California
Santa Cruz,2021-02-27,2620,86701,930,29051,1690,57650,0,0,1825,35486,793,25562,1825,61048,California
Santa Cruz,2021-02-28,1286,87987,358,29409,928,58578,0,0,1075,36353,208,25770,1075,62123,California
Santa Cruz,2021-03-01,1819,89806,1248,30657,571,59149,0,0,686,35908,1131,26901,686,62809,California
Santa Cruz,2021-03-02,1536,91342,364,31021,1172,60321,0,0,873,36123,661,27562,876,63685,California
Santa Cruz,2021-03-03,2347,93689,633,31654,1714,62035,0,0,1286,36351,1058,28620,1286,64971,California
Santa Cruz,2021-03-04,2994,96683,1409,33063,1584,63619,1,1,2024,37418,959,29579,2026,66997,California
Santa Cruz,2021-03-05,2611,99294,489,33552,2104,65723,18,19,1138,37104,1470,31049,1156,68153,California
Santa Cruz,2021-03-06,3835,103129,1334,34886,2399,68122,102,121,2138,37646,1697,32746,2239,70392,California
Santa Cruz,2021-03-07,1341,104470,128,35014,1142,69264,71,192,556,37489,784,33530,627,71019,California
Santa Cruz,2021-03-08,1086,105556,222,35236,735,69999,129,321,655,37842,431,33961,784,71803,California
Santa Cruz,2021-03-09,1777,107333,262,35498,1367,71366,148,469,708,37632,1066,35027,856,72659,California
Santa Cruz,2021-03-10,3846,111179,2086,37584,1614,72980,146,615,2000,37936,1844,36871,2148,74807,California
Santa Cruz,2021-03-11,2787,113966,1213,38797,1402,74382,172,787,1539,38402,1247,38118,1713,76520,California
Santa Cruz,2021-03-12,2740,116706,882,39679,1567,75949,291,1078,911,37778,1825,39943,1201,77721,California
Santa Cruz,2021-03-13,2301,119007,1325,41004,934,76883,42,1120,1175,37874,1123,41066,1219,78940,California
Santa Cruz,2021-03-14,897,119904,212,41216,671,77554,14,1134,428,37848,467,41533,441,79381,California
Santa Cruz,2021-03-15,1331,121235,473,41689,823,78377,35,1169,572,37700,756,42289,608,79989,California
Santa Cruz,2021-03-16,2306,123541,1089,42778,1177,79554,40,1209,1337,38111,965,43254,1376,81365,California
Santa Cruz,2021-03-17,3941,127482,2322,45100,1609,81163,10,1219,2599,39386,1337,44591,2612,83977,California
Santa Cruz,2021-03-18,3848,131330,2072,47172,1658,82821,118,1337,2059,39777,1786,46377,2177,86154,California
Santa Cruz,2021-03-19,3369,134699,1318,48490,1828,84649,223,1560,1757,40149,1607,47984,1979,88133,California
Santa Cruz,2021-03-20,2159,136858,1612,50102,511,85160,36,1596,1086,40200,1071,49055,1122,89255,California
Santa Cruz,2021-03-21,819,137677,439,50541,258,85418,122,1718,437,40380,380,49435,560,89815,California
Santa Cruz,2021-03-22,1363,139040,844,51385,497,85915,22,1740,940,40923,420,49855,963,90778,California
Santa Cruz,2021-03-23,2546,141586,1429,52814,1067,86982,50,1790,1682,41794,861,50716,1732,92510,California
Santa Cruz,2021-03-24,3099,144685,2111,54925,967,87949,21,1811,2066,42853,1027,51743,2086,94596,California
Santa Cruz,2021-03-25,2637,147322,1323,56248,1277,89226,37,1848,1347,42954,1283,53026,1384,95980,California
Santa Cruz,2021-03-26,3119,150441,1811,58059,1281,90507,27,1875,2144,44157,968,53994,2171,98151,California
Santa Cruz,2021-03-27,3206,153647,2000,60059,1181,91688,25,1900,1507,44001,1689,55683,1533,99684,California
Santa Cruz,2021-03-28,935,154582,577,60636,344,92032,14,1914,493,44070,438,56121,507,100191,California
Santa Cruz,2021-03-29,1985,156567,877,61513,1040,93072,68,1982,1286,44728,696,56817,1354,101545,California
Santa Cruz,2021-03-30,2690,159257,812,62325,1721,94793,157,2139,1711,45619,976,57793,1867,103412,California
Santa Cruz,2021-03-31,4172,163429,2831,65156,1293,96086,48,2187,2197,45894,1970,59763,2245,105657,California
Santa Cruz,2021-04-01,4045,167474,2165,67321,1773,97859,107,2294,2048,46059,1990,61753,2155,107812,California
Santa Cruz,2021-04-02,3282,170756,1421,68742,1683,99542,178,2472,1881,46720,1398,63151,2059,109871,California
Santa Cruz,2021-04-03,2246,173002,1224,69966,889,100431,133,2605,886,46380,1358,64509,1018,110889,California
Santa Cruz,2021-04-04,937,173939,489,70455,392,100823,56,2661,552,46603,385,64894,608,111497,California
Santa Cruz,2021-04-05,2266,176205,786,71241,1312,102135,168,2829,1402,47311,863,65757,1571,113068,California
Santa Cruz,2021-04-06,3395,179600,1650,72891,1365,103500,380,3209,1966,48234,1418,67175,2341,115409,California
Santa Cruz,2021-04-07,4161,183761,1632,74523,2168,105668,361,3570,1805,48052,2353,69528,2171,117580,California
Santa Cruz,2021-04-08,4250,188011,2331,76854,1404,107072,515,4085,2505,49334,1736,71264,3018,120598,California
Santa Cruz,2021-04-09,3679,191690,1500,78354,1782,108854,397,4482,2075,50209,1598,72862,2473,123071,California
Santa Cruz,2021-04-10,2241,193931,1079,79433,913,109767,249,4731,1048,50316,1189,74051,1296,124367,California
Santa Cruz,2021-04-11,990,194921,515,79948,383,110150,92,4823,476,50370,514,74565,568,124935,California
Santa Cruz,2021-04-12,2291,197212,821,80769,1046,111196,424,5247,1098,50713,1178,75743,1521,126456,California
Santa Cruz,2021-04-13,2883,200095,1446,82215,1435,112631,2,5249,1623,51085,1253,76996,1625,128081,California
Santa Cruz,2021-04-14,4602,204697,2242,84457,2360,114991,0,5249,2245,50982,2350,79346,2247,130328,California
Santa Cruz,2021-04-15,5000,209697,3191,87648,1809,116800,0,5249,3159,52311,1830,81176,3159,133487,California
Santa Cruz,2021-04-16,4483,214180,2484,90132,1997,118797,2,5251,2437,52712,2039,83215,2440,135927,California
Santa Cruz,2021-04-17,2246,216426,889,91021,1357,120154,0,5251,1496,53460,748,83963,1496,137423,California
Santa Cruz,2021-04-18,1056,217482,509,91530,546,120700,1,5252,585,53577,469,84432,586,138009,California
Santa Cruz,2021-04-19,2529,220011,1510,93040,1018,121718,1,5253,1605,54261,921,85353,1605,139614,California
Santa Cruz,2021-04-20,3131,223142,1667,94707,1464,123182,0,5253,1793,54726,1329,86682,1794,141408,California
Santa Cruz,2021-04-21,4257,227399,2848,97555,1409,124591,0,5253,2310,55107,1929,88611,2310,143718,California
Santa Cruz,2021-04-22,4308,231707,2905,100460,1403,125994,0,5253,2420,55649,1878,90489,2420,146138,California
Santa Cruz,2021-04-23,3195,234902,1733,102193,1461,127455,1,5254,1388,55240,1798,92287,1389,147527,California
Santa Cruz,2021-04-24,2240,237142,1086,103279,1151,128606,3,5257,702,54418,1527,93814,705,148232,California
Santa Cruz,2021-04-25,1090,238232,696,103975,382,128988,12,5269,451,54249,631,94445,462,148694,California
Santa Cruz,2021-04-26,1894,240126,930,104905,950,129938,14,5283,750,53880,1134,95579,765,149459,California
Santa Cruz,2021-04-27,2807,242933,881,105786,1859,131797,67,5350,1402,53950,1399,96978,1469,150928,California
Santa Cruz,2021-04-28,3409,246342,1886,107672,1446,133243,77,5427,1790,54206,1608,98586,1864,152792,California
Santa Cruz,2021-04-29,3706,250048,2459,110131,1184,134427,63,5490,1279,53134,2415,101001,1343,154135,California
Santa Cruz,2021-04-30,2381,252429,1208,111339,1129,135556,44,5534,1018,52841,1355,102356,1062,155197,California
Santa Cruz,2021-05-01,1284,253713,1018,112357,233,135789,33,5567,597,52786,685,103041,630,155827,California
Santa Cruz,2021-05-02,634,254347,455,112812,154,135943,25,5592,208,52594,426,103467,234,156061,California
Santa Cruz,2021-05-03,1922,256269,991,113803,864,136807,67,5659,659,52069,1252,104719,727,156788,California
Santa Cruz,2021-05-04,2685,258954,1562,115365,1053,137860,70,5729,867,51191,1814,106533,936,157724,California
Santa Cruz,2021-05-05,2738,261692,1364,116729,1312,139172,62,5791,718,49996,1979,108512,784,158508,California
Santa Cruz,2021-05-06,3834,265526,2442,119171,1174,140346,218,6009,854,48103,2962,111474,1069,159577,California
Santa Cruz,2021-05-07,2745,268271,1242,120413,1421,141767,82,6091,432,46310,2308,113782,515,160092,California
Santa Cruz,2021-05-08,1364,269635,687,121100,649,142416,28,6119,384,45744,980,114762,414,160506,California
Santa Cruz,2021-05-09,508,270143,327,121427,158,142574,23,6142,151,45564,354,115116,174,160680,California
Santa Cruz,2021-05-10,1575,271718,1213,122640,297,142871,65,6207,406,44871,1164,116280,471,161151,California
Santa Cruz,2021-05-11,1809,273527,1299,123939,431,143302,79,6286,634,44411,1172,117452,712,161863,California
Santa Cruz,2021-05-12,2536,276063,1233,125172,1229,144531,74,6360,511,42980,2017,119469,586,162449,California
Santa Cruz,2021-05-13,3185,279248,2457,127629,641,145172,87,6447,1285,42455,1898,121367,1373,163822,California
Santa Cruz,2021-05-14,2569,281817,1524,129153,1006,146178,39,6486,1063,42062,1498,122865,1105,164927,California
Santa Cruz,2021-05-15,2294,284111,1329,130482,953,147131,12,6498,1119,42021,1172,124037,1131,166058,California
Santa Cruz,2021-05-16,716,284827,369,130851,326,147457,21,6519,206,41740,509,124546,228,166286,California
Santa Cruz,2021-05-17,1270,286097,794,131645,436,147893,40,6559,579,41669,690,125236,619,166905,California
Santa Cruz,2021-05-18,2089,288186,1411,133056,655,148548,23,6582,1148,41907,933,126169,1171,168076,California
Santa Cruz,2021-05-19,2617,290803,1452,134508,1135,149683,30,6612,942,41212,1667,127836,972,169048,California
Santa Cruz,2021-05-20,2313,293116,1822,136330,353,150036,138,6750,1099,41242,1207,129043,1237,170285,California
Santa Cruz,2021-05-21,756,293872,462,136792,219,150255,75,6825,305,41173,449,129492,380,170665,California
Shasta,2020-12-16,131,131,131,131,0,0,0,0,131,131,0,0,131,131,California
Shasta,2020-12-17,420,551,420,551,0,0,0,0,420,551,0,0,420,551,California
Shasta,2020-12-18,166,717,166,717,0,0,0,0,166,717,0,0,166,717,California
Shasta,2020-12-19,1,718,1,718,0,0,0,0,1,718,0,0,1,718,California
Shasta,2020-12-21,79,797,79,797,0,0,0,0,79,797,0,0,79,797,California
Shasta,2020-12-22,192,989,187,984,5,5,0,0,192,989,0,0,192,989,California
Shasta,2020-12-23,174,1163,170,1154,4,9,0,0,174,1163,0,0,174,1163,California
Shasta,2020-12-24,18,1181,18,1172,0,9,0,0,18,1181,0,0,18,1181,California
Shasta,2020-12-26,4,1185,1,1173,3,12,0,0,4,1185,0,0,4,1185,California
Shasta,2020-12-27,1,1186,0,1173,1,13,0,0,1,1186,0,0,1,1186,California
Shasta,2020-12-28,40,1226,31,1204,9,22,0,0,40,1226,0,0,40,1226,California
Shasta,2020-12-29,186,1412,185,1389,1,23,0,0,186,1412,0,0,186,1412,California
Shasta,2020-12-30,178,1590,168,1557,10,33,0,0,178,1590,0,0,178,1590,California
Shasta,2020-12-31,83,1673,2,1559,81,114,0,0,83,1673,0,0,83,1673,California
Shasta,2021-01-02,2,1675,0,1559,2,116,0,0,2,1675,0,0,2,1675,California
Shasta,2021-01-03,1,1676,1,1560,0,116,0,0,1,1676,0,0,1,1676,California
Shasta,2021-01-04,372,2048,306,1866,66,182,0,0,373,2049,0,0,373,2049,California
Shasta,2021-01-05,335,2383,314,2180,21,203,0,0,253,2220,82,82,253,2302,California
Shasta,2021-01-06,466,2849,395,2575,71,274,0,0,203,2161,262,344,203,2505,California
Shasta,2021-01-07,125,2974,36,2611,89,363,0,0,104,2244,21,365,104,2609,California
Shasta,2021-01-08,525,3499,448,3059,77,440,0,0,317,2353,208,573,317,2926,California
Shasta,2021-01-09,73,3572,64,3123,9,449,0,0,71,2422,2,575,71,2997,California
Shasta,2021-01-10,5,3577,0,3123,5,454,0,0,4,2426,1,576,5,3002,California
Shasta,2021-01-11,405,3982,184,3307,221,675,0,0,370,2761,35,611,370,3372,California
Shasta,2021-01-12,487,4469,330,3637,157,832,0,0,312,2898,175,786,312,3684,California
Shasta,2021-01-13,599,5068,267,3904,332,1164,0,0,430,3159,169,955,430,4114,California
Shasta,2021-01-14,501,5569,52,3956,449,1613,0,0,483,3624,18,973,483,4597,California
Shasta,2021-01-15,686,6255,134,4090,552,2165,0,0,684,4306,2,975,684,5281,California
Shasta,2021-01-16,897,7152,54,4144,843,3008,0,0,894,5197,3,978,894,6175,California
Shasta,2021-01-17,27,7179,6,4150,21,3029,0,0,23,5216,4,982,23,6198,California
Shasta,2021-01-18,598,7777,128,4278,470,3499,0,0,590,5798,8,990,590,6788,California
Shasta,2021-01-19,1058,8835,398,4676,660,4159,0,0,910,6560,148,1138,910,7698,California
Shasta,2021-01-20,681,9516,413,5089,268,4427,0,0,494,6872,182,1320,494,8192,California
Shasta,2021-01-21,632,10148,280,5369,352,4779,0,0,609,7458,23,1343,609,8801,California
Shasta,2021-01-22,447,10595,173,5542,274,5053,0,0,441,7893,6,1349,441,9242,California
Shasta,2021-01-23,68,10663,5,5547,63,5116,0,0,67,7959,1,1350,67,9309,California
Shasta,2021-01-24,25,10688,2,5549,23,5139,0,0,24,7982,1,1351,24,9333,California
Shasta,2021-01-25,750,11438,491,6040,259,5398,0,0,464,8161,285,1636,464,9797,California
Shasta,2021-01-26,709,12147,333,6373,376,5774,0,0,475,8404,232,1868,475,10272,California
Shasta,2021-01-27,459,12606,179,6552,280,6054,0,0,410,8765,49,1917,410,10682,California
Shasta,2021-01-28,887,13493,576,7128,311,6365,0,0,665,9208,222,2139,665,11347,California
Shasta,2021-01-29,833,14326,332,7460,501,6866,0,0,643,9662,190,2329,644,11991,California
Shasta,2021-01-30,616,14942,15,7475,601,7467,0,0,606,10258,10,2339,606,12597,California
Shasta,2021-01-31,27,14969,3,7478,24,7491,0,0,26,10283,1,2340,26,12623,California
Shasta,2021-02-01,530,15499,148,7626,382,7873,0,0,386,10525,144,2484,386,13009,California
Shasta,2021-02-02,988,16487,500,8126,488,8361,0,0,896,11331,90,2574,896,13905,California
Shasta,2021-02-03,722,17209,211,8337,511,8872,0,0,487,11583,235,2809,487,14392,California
Shasta,2021-02-04,1098,18307,675,9012,423,9295,0,0,905,12296,192,3001,905,15297,California
Shasta,2021-02-05,1253,19560,165,9177,1088,10383,0,0,1046,13136,206,3207,1046,16343,California
Shasta,2021-02-06,1745,21305,41,9218,1704,12087,0,0,1722,14835,23,3230,1722,18065,California
Shasta,2021-02-07,25,21330,3,9221,22,12109,0,0,23,14856,2,3232,23,18088,California
Shasta,2021-02-08,596,21926,168,9389,428,12537,0,0,306,14872,290,3522,306,18394,California
Shasta,2021-02-09,1124,23050,654,10043,470,13007,0,0,731,15211,393,3915,732,19126,California
Shasta,2021-02-10,1124,24174,788,10831,336,13343,0,0,599,15285,526,4441,600,19726,California
Shasta,2021-02-11,891,25065,186,11017,705,14048,0,0,369,15137,517,4958,369,20095,California
Shasta,2021-02-12,1739,26804,1160,12177,579,14627,0,0,1188,15774,551,5509,1188,21283,California
Shasta,2021-02-13,1381,28185,368,12545,1013,15640,0,0,570,15533,812,6321,571,21854,California
Shasta,2021-02-14,150,28335,4,12549,146,15786,0,0,126,15635,24,6345,126,21980,California
Shasta,2021-02-15,377,28712,89,12638,288,16074,0,0,208,15674,169,6514,208,22188,California
Shasta,2021-02-16,1196,29908,521,13159,675,16749,0,0,422,15323,773,7287,422,22610,California
Shasta,2021-02-17,1034,30942,438,13597,596,17345,0,0,414,15117,620,7907,414,23024,California
Shasta,2021-02-18,949,31891,468,14065,481,17826,0,0,460,15089,489,8396,461,23485,California
Shasta,2021-02-19,1327,33218,935,15000,392,18218,0,0,860,15482,467,8863,860,24345,California
Shasta,2021-02-20,802,34020,89,15089,713,18931,0,0,303,15286,499,9362,303,24648,California
Shasta,2021-02-21,32,34052,3,15092,29,18960,0,0,10,15274,22,9384,10,24658,California
Shasta,2021-02-22,430,34482,77,15169,353,19313,0,0,178,15201,251,9635,178,24836,California
Shasta,2021-02-23,910,35392,469,15638,441,19754,0,0,327,14945,583,10218,327,25163,California
Shasta,2021-02-24,891,36283,509,16147,382,20136,0,0,274,14603,616,10834,274,25437,California
Shasta,2021-02-25,519,36802,163,16310,356,20492,0,0,162,14409,356,11190,162,25599,California
Shasta,2021-02-26,790,37592,94,16404,696,21188,0,0,331,14282,458,11648,331,25930,California
Shasta,2021-02-27,827,38419,27,16431,800,21988,0,0,188,13833,637,12285,188,26118,California
Shasta,2021-02-28,176,38595,4,16435,172,22160,0,0,126,13909,50,12335,126,26244,California
Shasta,2021-03-01,583,39178,58,16493,525,22685,0,0,295,13917,287,12622,295,26539,California
Shasta,2021-03-02,1027,40205,472,16965,555,23240,0,0,336,13564,689,13311,336,26875,California
Shasta,2021-03-03,668,40873,168,17133,500,23740,0,0,244,13384,424,13735,244,27119,California
Shasta,2021-03-04,3026,43899,2411,19544,615,24355,0,0,1780,13920,1245,14980,1781,28900,California
Shasta,2021-03-05,1556,45455,161,19705,1366,25721,29,29,790,13972,767,15747,819,29719,California
Shasta,2021-03-06,2742,48197,385,20090,2310,28031,47,76,855,12989,1885,17632,902,30621,California
Shasta,2021-03-07,92,48289,4,20094,56,28087,32,108,38,13005,54,17686,70,30691,California
Shasta,2021-03-08,570,48859,46,20140,385,28472,139,247,157,12890,411,18097,296,30987,California
Shasta,2021-03-09,1254,50113,595,20735,481,28953,178,425,699,13211,555,18652,876,31863,California
Shasta,2021-03-10,799,50912,257,20992,340,29293,202,627,136,12885,662,19314,336,32199,California
Shasta,2021-03-11,1558,52470,471,21463,815,30108,272,899,940,13482,615,19929,1212,33411,California
Shasta,2021-03-12,1529,53999,834,22297,446,30554,249,1148,395,12991,1133,21062,642,34053,California
Shasta,2021-03-13,758,54757,425,22722,232,30786,101,1249,475,13283,282,21344,574,34627,California
Shasta,2021-03-14,1018,55775,8,22730,988,31774,22,1271,879,14046,139,21483,902,35529,California
Shasta,2021-03-15,496,56271,35,22765,361,32135,100,1371,210,14069,286,21769,309,35838,California
Shasta,2021-03-16,1133,57404,148,22913,918,33053,67,1438,849,14701,284,22053,916,36754,California
Shasta,2021-03-17,733,58137,191,23104,484,33537,58,1496,394,14820,333,22386,452,37206,California
Shasta,2021-03-18,1542,59679,586,23690,852,34389,104,1600,1115,15616,423,22809,1219,38425,California
Shasta,2021-03-19,648,60327,196,23886,396,34785,56,1656,414,15853,233,23042,470,38895,California
Shasta,2021-03-20,747,61074,489,24375,244,35029,14,1670,599,16318,148,23190,613,39508,California
Shasta,2021-03-21,313,61387,298,24673,4,35033,11,1681,286,16589,26,23216,297,39805,California
Shasta,2021-03-22,347,61734,37,24710,274,35307,36,1717,199,16677,147,23363,235,40040,California
Shasta,2021-03-23,1311,63045,652,25362,599,35906,60,1777,757,16945,549,23912,817,40857,California
Shasta,2021-03-24,609,63654,156,25518,415,36321,38,1815,365,17105,243,24155,403,41260,California
Shasta,2021-03-25,1133,64787,449,25967,663,36984,21,1836,820,17637,310,24465,842,42102,California
Shasta,2021-03-26,1836,66623,1404,27371,402,37386,30,1866,1477,18786,359,24824,1508,43610,California
Shasta,2021-03-27,1594,68217,405,27776,317,37703,872,2738,575,19213,1017,25841,1444,45054,California
Shasta,2021-03-28,405,68622,299,28075,96,37799,10,2748,301,19422,102,25943,311,45365,California
Shasta,2021-03-29,420,69042,40,28115,368,38167,12,2760,166,19347,253,26196,178,45543,California
Shasta,2021-03-30,1245,70287,766,28881,462,38629,17,2777,625,19372,617,26813,642,46185,California
Shasta,2021-03-31,618,70905,205,29086,407,39036,6,2783,382,19529,231,27044,388,46573,California
Shasta,2021-04-01,896,71801,248,29334,636,39672,12,2795,575,19797,319,27363,587,47160,California
Shasta,2021-04-02,754,72555,200,29534,500,40172,54,2849,414,19927,338,27701,468,47628,California
Shasta,2021-04-03,514,73069,362,29896,133,40305,19,2868,389,20210,125,27826,408,48036,California
Shasta,2021-04-04,293,73362,176,30072,96,40401,21,2889,218,20374,75,27901,239,48275,California
Shasta,2021-04-05,444,73806,68,30140,312,40713,64,2953,254,20502,190,28091,318,48593,California
Shasta,2021-04-06,1161,74967,486,30626,501,41214,174,3127,538,20595,618,28709,711,49304,California
Shasta,2021-04-07,655,75622,213,30839,279,41493,163,3290,258,20622,393,29102,420,49724,California
Shasta,2021-04-08,1141,76763,260,31099,726,42219,155,3445,231,20099,908,30010,385,50109,California
Shasta,2021-04-09,2579,79342,2063,33162,307,42526,209,3654,2006,21746,566,30576,2213,52322,California
Shasta,2021-04-10,879,80221,592,33754,158,42684,129,3783,266,21527,613,31189,394,52716,California
Shasta,2021-04-11,1250,81471,396,34150,834,43518,20,3803,144,20589,1102,32291,164,52880,California
Shasta,2021-04-12,338,81809,7,34157,269,43787,62,3865,97,20507,240,32531,158,53038,California
Shasta,2021-04-13,1268,83077,366,34523,900,44687,2,3867,341,19926,923,33454,342,53380,California
Shasta,2021-04-14,592,83669,143,34666,447,45134,2,3869,221,19779,370,33824,223,53603,California
Shasta,2021-04-15,1066,84735,256,34922,810,45944,0,3869,302,19320,761,34585,302,53905,California
Shasta,2021-04-16,2340,87075,1845,36767,495,46439,0,3869,935,18852,1403,35988,935,54840,California
Shasta,2021-04-17,642,87717,411,37178,231,46670,0,3869,189,18589,453,36441,190,55030,California
Shasta,2021-04-18,265,87982,240,37418,25,46695,0,3869,32,18390,231,36672,32,55062,California
Shasta,2021-04-19,381,88363,27,37445,354,47049,0,3869,162,18333,219,36891,162,55224,California
Shasta,2021-04-20,1011,89374,256,37701,755,47804,0,3869,377,18077,633,37524,377,55601,California
Shasta,2021-04-21,605,89979,220,37921,385,48189,0,3869,304,18080,301,37825,304,55905,California
Shasta,2021-04-22,964,90943,283,38204,681,48870,0,3869,300,17718,662,38487,300,56205,California
Shasta,2021-04-23,659,91602,264,38468,395,49265,0,3869,328,17716,330,38817,328,56533,California
Shasta,2021-04-24,600,92202,357,38825,242,49507,1,3870,108,17333,491,39308,108,56641,California
Shasta,2021-04-25,211,92413,182,39007,28,49535,1,3871,37,17197,174,39482,38,56679,California
Shasta,2021-04-26,485,92898,52,39059,428,49963,5,3876,337,17392,146,39628,341,57020,California
Shasta,2021-04-27,535,93433,177,39236,322,50285,36,3912,296,17486,236,39864,330,57350,California
Shasta,2021-04-28,578,94011,158,39394,387,50672,33,3945,253,17446,325,40189,285,57635,California
Shasta,2021-04-29,782,94793,120,39514,639,51311,23,3968,183,17054,598,40787,206,57841,California
Shasta,2021-04-30,2266,97059,1840,41354,395,51706,31,3999,269,15357,1997,42784,300,58141,California
Shasta,2021-05-01,224,97283,20,41374,128,51834,76,4075,96,15401,128,42912,172,58313,California
Shasta,2021-05-02,46,97329,16,41390,17,51851,13,4088,19,15406,27,42939,32,58345,California
Shasta,2021-05-03,351,97680,94,41484,231,52082,26,4114,112,15306,238,43177,138,58483,California
Shasta,2021-05-04,506,98186,173,41657,296,52378,37,4151,244,15328,259,43436,281,58764,California
Shasta,2021-05-05,432,98618,140,41797,275,52653,17,4168,200,15313,232,43668,217,58981,California
Shasta,2021-05-06,692,99310,262,42059,390,53043,40,4208,296,15262,387,44055,336,59317,California
Shasta,2021-05-07,1112,100422,731,42790,342,53385,39,4247,302,14794,809,44864,341,59658,California
Shasta,2021-05-08,167,100589,83,42873,74,53459,10,4257,98,14833,68,44932,107,59765,California
Shasta,2021-05-09,66,100655,15,42888,46,53505,5,4262,35,14842,31,44963,40,59805,California
Shasta,2021-05-10,259,100914,21,42909,189,53694,49,4311,113,14858,144,45107,160,59965,California
Shasta,2021-05-11,505,101419,160,43069,196,53890,149,4460,174,14851,330,45437,323,60288,California
Shasta,2021-05-12,365,101784,142,43211,201,54091,22,4482,119,14747,245,45682,141,60429,California
Shasta,2021-05-13,531,102315,223,43434,292,54383,16,4498,195,14624,334,46016,211,60640,California
Shasta,2021-05-14,602,102917,258,43692,318,54701,26,4524,271,14592,330,46346,298,60938,California
Shasta,2021-05-15,393,103310,125,43817,163,54864,105,4629,163,14630,229,46575,267,61205,California
Shasta,2021-05-16,222,103532,155,43972,57,54921,10,4639,164,14746,58,46633,174,61379,California
Shasta,2021-05-17,536,104068,240,44212,236,55157,60,4699,284,14839,251,46884,344,61723,California
Shasta,2021-05-18,604,104672,288,44500,292,55449,24,4723,323,14905,281,47165,347,62070,California
Shasta,2021-05-19,577,105249,279,44779,230,55679,68,4791,284,14967,290,47455,352,62422,California
Shasta,2021-05-20,486,105735,229,45008,241,55920,16,4807,232,14964,251,47706,248,62670,California
Shasta,2021-05-21,266,106001,169,45177,94,56014,3,4810,127,14957,137,47843,130,62800,California
Sierra,2020-12-18,1,1,1,1,0,0,0,0,1,1,0,0,1,1,California
Sierra,2020-12-21,2,3,2,3,0,0,0,0,2,3,0,0,2,3,California
Sierra,2020-12-22,12,15,12,15,0,0,0,0,12,15,0,0,12,15,California
Sierra,2020-12-23,4,19,4,19,0,0,0,0,4,19,0,0,4,19,California
Sierra,2020-12-28,1,20,0,19,1,1,0,0,1,20,0,0,1,20,California
Sierra,2020-12-29,49,69,7,26,42,43,0,0,49,69,0,0,49,69,California
Sierra,2020-12-30,2,71,0,26,2,45,0,0,2,71,0,0,2,71,California
Sierra,2020-12-31,13,84,0,26,13,58,0,0,13,84,0,0,13,84,California
Sierra,2021-01-01,1,85,1,27,0,58,0,0,1,85,0,0,1,85,California
Sierra,2021-01-05,64,149,2,29,62,120,0,0,64,149,0,0,64,149,California
Sierra,2021-01-06,1,150,1,30,0,120,0,0,1,150,0,0,1,150,California
Sierra,2021-01-07,21,171,1,31,20,140,0,0,20,169,1,1,20,170,California
Sierra,2021-01-08,1,172,1,32,0,140,0,0,1,170,0,1,1,171,California
Sierra,2021-01-11,3,175,3,35,0,140,0,0,0,167,3,4,0,171,California
Sierra,2021-01-12,39,214,12,47,27,167,0,0,27,182,12,16,27,198,California
Sierra,2021-01-13,3,217,3,50,0,167,0,0,0,179,3,19,0,198,California
Sierra,2021-01-14,35,252,2,52,33,200,0,0,35,214,0,19,35,233,California
Sierra,2021-01-15,3,255,1,53,2,202,0,0,3,217,0,19,3,236,California
Sierra,2021-01-18,2,257,0,53,2,204,0,0,2,219,0,19,2,238,California
Sierra,2021-01-19,32,289,0,53,32,236,0,0,32,251,0,19,32,270,California
Sierra,2021-01-20,1,290,1,54,0,236,0,0,1,252,0,19,1,271,California
Sierra,2021-01-21,52,342,0,54,52,288,0,0,52,304,0,19,52,323,California
Sierra,2021-01-22,2,344,0,54,2,290,0,0,2,306,0,19,2,325,California
Sierra,2021-01-23,2,346,0,54,2,292,0,0,2,308,0,19,2,327,California
Sierra,2021-01-26,62,408,0,54,62,354,0,0,24,294,38,57,24,351,California
Sierra,2021-01-27,4,412,4,58,0,354,0,0,0,290,4,61,0,351,California
Sierra,2021-01-28,53,465,0,58,53,407,0,0,43,323,10,71,43,394,California
Sierra,2021-01-29,2,467,0,58,2,409,0,0,2,325,0,71,2,396,California
Sierra,2021-01-30,3,470,3,61,0,409,0,0,2,326,1,72,2,398,California
Sierra,2021-02-01,1,471,0,61,1,410,0,0,0,325,1,73,0,398,California
Sierra,2021-02-02,58,529,1,62,57,467,0,0,19,305,39,112,19,417,California
Sierra,2021-02-03,6,535,5,67,1,468,0,0,5,309,1,113,5,422,California
Sierra,2021-02-04,102,637,5,72,97,565,0,0,53,313,49,162,53,475,California
Sierra,2021-02-05,6,643,4,76,2,567,0,0,5,317,1,163,5,480,California
Sierra,2021-02-09,51,694,0,76,51,618,0,0,48,362,3,166,48,528,California
Sierra,2021-02-10,4,698,2,78,2,620,0,0,4,366,0,166,4,532,California
Sierra,2021-02-11,195,893,1,79,194,814,0,0,134,439,61,227,134,666,California
Sierra,2021-02-12,20,913,0,79,20,834,0,0,20,459,0,227,20,686,California
Sierra,2021-02-13,1,914,1,80,0,834,0,0,1,460,0,227,1,687,California
Sierra,2021-02-15,2,916,2,82,0,834,0,0,0,458,2,229,0,687,California
Sierra,2021-02-16,43,959,0,82,43,877,0,0,10,435,33,262,10,697,California
Sierra,2021-02-17,4,963,0,82,4,881,0,0,1,433,3,265,1,698,California
Sierra,2021-02-18,140,1103,0,82,140,1021,0,0,91,475,49,314,91,789,California
Sierra,2021-02-19,2,1105,1,83,1,1022,0,0,1,475,1,315,1,790,California
Sierra,2021-02-20,2,1107,2,85,0,1022,0,0,0,473,2,317,0,790,California
Sierra,2021-02-22,1,1108,1,86,0,1022,0,0,1,474,0,317,1,791,California
Sierra,2021-02-23,4,1112,0,86,4,1026,0,0,4,478,0,317,4,795,California
Sierra,2021-02-24,3,1115,2,88,1,1027,0,0,3,481,0,317,3,798,California
Sierra,2021-02-25,126,1241,2,90,124,1151,0,0,59,474,66,383,59,857,California
Sierra,2021-02-26,11,1252,6,96,5,1156,0,0,4,471,7,390,4,861,California
Sierra,2021-02-27,2,1254,2,98,0,1156,0,0,0,469,2,392,0,861,California
Sierra,2021-03-01,2,1256,2,100,0,1156,0,0,0,467,2,394,0,861,California
Sierra,2021-03-02,56,1312,0,100,56,1212,0,0,38,487,18,412,38,899,California
Sierra,2021-03-03,2,1314,2,102,0,1212,0,0,1,487,1,413,1,900,California
Sierra,2021-03-04,108,1422,0,102,108,1320,0,0,60,499,48,461,60,960,California
Sierra,2021-03-05,13,1435,1,103,12,1332,0,0,11,508,2,463,11,971,California
Sierra,2021-03-07,1,1436,1,104,0,1332,0,0,0,507,1,464,0,971,California
Sierra,2021-03-08,2,1438,2,106,0,1332,0,0,2,509,0,464,2,973,California
Sierra,2021-03-09,56,1494,0,106,56,1388,0,0,12,477,44,508,12,985,California
Sierra,2021-03-10,6,1500,0,106,6,1394,0,0,4,479,2,510,4,989,California
Sierra,2021-03-11,176,1676,0,106,176,1570,0,0,44,391,132,642,44,1033,California
Sierra,2021-03-12,20,1696,1,107,19,1589,0,0,0,371,20,662,0,1033,California
Sierra,2021-03-13,28,1724,0,107,28,1617,0,0,28,399,0,662,28,1061,California
Sierra,2021-03-14,1,1725,0,107,0,1617,1,1,0,399,1,663,1,1062,California
Sierra,2021-03-15,1,1726,1,108,0,1617,0,1,0,398,1,664,0,1062,California
Sierra,2021-03-16,35,1761,0,108,34,1651,1,2,22,408,13,677,23,1085,California
Sierra,2021-03-17,3,1764,2,110,1,1652,0,2,0,405,3,680,0,1085,California
Sierra,2021-03-18,158,1922,0,110,158,1810,0,2,65,377,93,773,65,1150,California
Sierra,2021-03-19,4,1926,2,112,2,1812,0,2,1,375,3,776,1,1151,California
Sierra,2021-03-20,1,1927,0,112,1,1813,0,2,1,376,0,776,1,1152,California
Sierra,2021-03-23,22,1949,0,112,22,1835,0,2,13,380,9,785,13,1165,California
Sierra,2021-03-24,3,1952,1,113,2,1837,0,2,1,379,2,787,1,1166,California
Sierra,2021-03-25,99,2051,1,114,98,1935,0,2,50,380,49,836,50,1216,California
Sierra,2021-03-26,12,2063,1,115,11,1946,0,2,8,384,4,840,8,1224,California
Sierra,2021-03-27,1,2064,0,115,1,1947,0,2,0,383,1,841,0,1224,California
Sierra,2021-03-29,1,2065,1,116,0,1947,0,2,0,382,1,842,0,1224,California
Sierra,2021-03-30,55,2120,1,117,54,2001,0,2,22,371,33,875,22,1246,California
Sierra,2021-03-31,8,2128,0,117,8,2009,0,2,8,379,0,875,8,1254,California
Sierra,2021-04-01,63,2191,1,118,62,2071,0,2,5,328,56,931,5,1259,California
Sierra,2021-04-02,3,2194,2,120,1,2072,0,2,2,329,1,932,2,1261,California
Sierra,2021-04-04,1,2195,0,120,1,2073,0,2,0,329,0,932,0,1261,California
Sierra,2021-04-06,11,2206,0,120,11,2084,0,2,1,320,10,942,1,1262,California
Sierra,2021-04-07,14,2220,3,123,6,2090,5,7,3,318,10,952,8,1270,California
Sierra,2021-04-08,54,2274,2,125,52,2142,0,7,16,296,38,990,16,1286,California
Sierra,2021-04-09,2,2276,2,127,0,2142,0,7,1,296,1,991,1,1287,California
Sierra,2021-04-10,27,2303,0,127,27,2169,0,7,0,269,27,1018,0,1287,California
Sierra,2021-04-12,1,2304,0,127,0,2169,1,8,0,269,1,1019,1,1288,California
Sierra,2021-04-13,45,2349,0,127,45,2214,0,8,5,234,40,1059,5,1293,California
Sierra,2021-04-14,1,2350,0,127,1,2215,0,8,1,235,0,1059,1,1294,California
Sierra,2021-04-15,49,2399,1,128,48,2263,0,8,2,190,47,1106,2,1296,California
Sierra,2021-04-17,2,2401,1,129,1,2264,0,8,1,190,1,1107,1,1297,California
Sierra,2021-04-19,1,2402,1,130,0,2264,0,8,0,189,1,1108,0,1297,California
Sierra,2021-04-20,34,2436,1,131,33,2297,0,8,7,169,27,1135,7,1304,California
Sierra,2021-04-21,2,2438,1,132,1,2298,0,8,1,169,1,1136,1,1305,California
Sierra,2021-04-22,64,2502,1,133,63,2361,0,8,5,116,58,1194,5,1310,California
Sierra,2021-04-23,11,2513,0,133,11,2372,0,8,3,111,8,1202,3,1313,California
Sierra,2021-04-24,4,2517,0,133,4,2376,0,8,4,115,0,1202,4,1317,California
Sierra,2021-04-27,28,2545,1,134,27,2403,0,8,5,97,23,1225,5,1322,California
Sierra,2021-04-28,10,2555,2,136,8,2411,0,8,1,89,9,1234,1,1323,California
Sierra,2021-04-29,20,2575,2,138,18,2429,0,8,14,97,6,1240,14,1337,California
Sierra,2021-04-30,4,2579,2,140,2,2431,0,8,2,97,2,1242,2,1339,California
Sierra,2021-05-03,1,2580,1,141,0,2431,0,8,1,98,0,1242,1,1340,California
Sierra,2021-05-04,1,2581,0,141,1,2432,0,8,0,97,1,1243,0,1340,California
Sierra,2021-05-05,22,2603,0,141,22,2454,0,8,7,89,15,1258,7,1347,California
Sierra,2021-05-06,1,2604,1,142,0,2454,0,8,0,88,1,1259,0,1347,California
Sierra,2021-05-07,1,2605,1,143,0,2454,0,8,1,89,0,1259,1,1348,California
Sierra,2021-05-08,1,2606,0,143,0,2454,1,9,0,89,1,1260,1,1349,California
Sierra,2021-05-11,11,2617,0,143,4,2458,7,16,0,85,11,1271,7,1356,California
Sierra,2021-05-12,10,2627,1,144,9,2467,0,16,7,89,3,1274,7,1363,California
Sierra,2021-05-13,3,2630,2,146,1,2468,0,16,2,90,1,1275,2,1365,California
Sierra,2021-05-14,3,2633,1,147,2,2470,0,16,3,93,0,1275,3,1368,California
Sierra,2021-05-17,1,2634,1,148,0,2470,0,16,1,94,0,1275,1,1369,California
Sierra,2021-05-18,3,2637,1,149,1,2471,1,17,0,92,3,1278,1,1370,California
Sierra,2021-05-19,6,2643,3,152,3,2474,0,17,2,90,4,1282,2,1372,California
Sierra,2021-05-20,9,2652,8,160,0,2474,1,18,8,98,1,1283,9,1381,California
Sierra,2021-05-21,2,2654,1,161,1,2475,0,18,1,98,1,1284,1,1382,California
Siskiyou,2020-12-16,2,2,2,2,0,0,0,0,2,2,0,0,2,2,California
Siskiyou,2020-12-17,4,6,4,6,0,0,0,0,4,6,0,0,4,6,California
Siskiyou,2020-12-18,2,8,2,8,0,0,0,0,2,8,0,0,2,8,California
Siskiyou,2020-12-19,4,12,4,12,0,0,0,0,4,12,0,0,4,12,California
Siskiyou,2020-12-20,1,13,1,13,0,0,0,0,1,13,0,0,1,13,California
Siskiyou,2020-12-21,132,145,132,145,0,0,0,0,132,145,0,0,132,145,California
Siskiyou,2020-12-22,158,303,158,303,0,0,0,0,158,303,0,0,158,303,California
Siskiyou,2020-12-23,142,445,142,445,0,0,0,0,142,445,0,0,142,445,California
Siskiyou,2020-12-24,5,450,5,450,0,0,0,0,5,450,0,0,5,450,California
Siskiyou,2020-12-26,2,452,0,450,2,2,0,0,2,452,0,0,2,452,California
Siskiyou,2020-12-27,2,454,0,450,2,4,0,0,2,454,0,0,2,454,California
Siskiyou,2020-12-28,3,457,1,451,2,6,0,0,3,457,0,0,3,457,California
Siskiyou,2020-12-29,6,463,2,453,4,10,0,0,6,463,0,0,6,463,California
Siskiyou,2020-12-30,98,561,3,456,95,105,0,0,98,561,0,0,98,561,California
Siskiyou,2020-12-31,12,573,0,456,12,117,0,0,12,573,0,0,12,573,California
Siskiyou,2021-01-02,1,574,1,457,0,117,0,0,1,574,0,0,1,574,California
Siskiyou,2021-01-03,1,575,0,457,1,118,0,0,1,575,0,0,1,575,California
Siskiyou,2021-01-04,130,705,3,460,127,245,0,0,130,705,0,0,130,705,California
Siskiyou,2021-01-05,116,821,4,464,112,357,0,0,115,819,1,1,115,820,California
Siskiyou,2021-01-06,59,880,6,470,53,410,0,0,55,870,4,5,55,875,California
Siskiyou,2021-01-07,175,1055,4,474,171,581,0,0,174,1043,1,6,174,1049,California
Siskiyou,2021-01-08,41,1096,3,477,38,619,0,0,39,1080,2,8,39,1088,California
Siskiyou,2021-01-09,2,1098,2,479,0,619,0,0,0,1078,2,10,0,1088,California
Siskiyou,2021-01-11,226,1324,65,544,161,780,0,0,163,1178,63,73,163,1251,California
Siskiyou,2021-01-12,322,1646,274,818,48,828,0,0,89,1035,233,306,90,1341,California
Siskiyou,2021-01-13,157,1803,137,955,20,848,0,0,23,924,134,440,23,1364,California
Siskiyou,2021-01-14,25,1828,1,956,24,872,0,0,24,947,1,441,24,1388,California
Siskiyou,2021-01-15,35,1863,3,959,32,904,0,0,35,982,0,441,35,1423,California
Siskiyou,2021-01-16,7,1870,2,961,5,909,0,0,7,989,0,441,7,1430,California
Siskiyou,2021-01-17,1,1871,1,962,0,909,0,0,0,988,1,442,0,1430,California
Siskiyou,2021-01-18,77,1948,4,966,73,982,0,0,75,1061,2,444,75,1505,California
Siskiyou,2021-01-19,21,1969,1,967,20,1002,0,0,20,1080,1,445,20,1525,California
Siskiyou,2021-01-20,47,2016,35,1002,12,1014,0,0,43,1119,4,449,43,1568,California
Siskiyou,2021-01-21,42,2058,1,1003,41,1055,0,0,42,1161,0,449,42,1610,California
Siskiyou,2021-01-22,1327,3385,1175,2178,152,1207,0,0,1327,2488,0,449,1327,2937,California
Siskiyou,2021-01-23,5,3390,1,2179,4,1211,0,0,2,2487,3,452,2,2939,California
Siskiyou,2021-01-25,182,3572,8,2187,174,1385,0,0,178,2661,4,456,178,3117,California
Siskiyou,2021-01-26,148,3720,3,2190,145,1530,0,0,140,2793,8,464,140,3257,California
Siskiyou,2021-01-27,181,3901,1,2191,180,1710,0,0,126,2864,55,519,126,3383,California
Siskiyou,2021-01-28,231,4132,117,2308,114,1824,0,0,225,3083,6,525,225,3608,California
Siskiyou,2021-01-29,249,4381,3,2311,246,2070,0,0,247,3328,2,527,247,3855,California
Siskiyou,2021-01-30,3,4384,2,2313,1,2071,0,0,3,3331,0,527,3,3858,California
Siskiyou,2021-02-01,195,4579,3,2316,192,2263,0,0,105,3346,90,617,105,3963,California
Siskiyou,2021-02-02,289,4868,45,2361,244,2507,0,0,147,3351,142,759,147,4110,California
Siskiyou,2021-02-03,314,5182,1,2362,313,2820,0,0,264,3565,50,809,264,4374,California
Siskiyou,2021-02-04,322,5504,7,2369,315,3135,0,0,200,3643,122,931,200,4574,California
Siskiyou,2021-02-05,511,6015,4,2373,507,3642,0,0,349,3830,162,1093,349,4923,California
Siskiyou,2021-02-06,15,6030,0,2373,15,3657,0,0,15,3845,0,1093,15,4938,California
Siskiyou,2021-02-07,4,6034,3,2376,1,3658,0,0,4,3849,0,1093,4,4942,California
Siskiyou,2021-02-08,221,6255,5,2381,216,3874,0,0,216,4060,5,1098,216,5158,California
Siskiyou,2021-02-09,196,6451,4,2385,192,4066,0,0,163,4190,33,1131,163,5321,California
Siskiyou,2021-02-10,370,6821,40,2425,330,4396,0,0,317,4455,52,1183,317,5638,California
Siskiyou,2021-02-11,189,7010,1,2426,188,4584,0,0,174,4614,15,1198,174,5812,California
Siskiyou,2021-02-12,1689,8699,1197,3623,492,5076,0,0,500,3925,1189,2387,500,6312,California
Siskiyou,2021-02-13,36,8735,2,3625,34,5110,0,0,32,3953,4,2391,32,6344,California
Siskiyou,2021-02-14,5,8740,1,3626,4,5114,0,0,5,3958,0,2391,5,6349,California
Siskiyou,2021-02-15,108,8848,10,3636,98,5212,0,0,106,4062,2,2393,106,6455,California
Siskiyou,2021-02-16,114,8962,2,3638,112,5324,0,0,99,4146,15,2408,99,6554,California
Siskiyou,2021-02-17,184,9146,15,3653,169,5493,0,0,170,4302,14,2422,170,6724,California
Siskiyou,2021-02-18,221,9367,88,3741,133,5626,0,0,98,4277,123,2545,98,6822,California
Siskiyou,2021-02-19,71,9438,34,3775,37,5663,0,0,34,4274,37,2582,34,6856,California
Siskiyou,2021-02-20,21,9459,3,3778,18,5681,0,0,17,4287,4,2586,17,6873,California
Siskiyou,2021-02-21,1,9460,1,3779,0,5681,0,0,1,4288,0,2586,1,6874,California
Siskiyou,2021-02-22,125,9585,2,3781,123,5804,0,0,19,4201,106,2692,19,6893,California
Siskiyou,2021-02-23,197,9782,15,3796,182,5986,0,0,53,4110,144,2836,53,6946,California
Siskiyou,2021-02-24,148,9930,5,3801,143,6129,0,0,36,4034,112,2948,36,6982,California
Siskiyou,2021-02-25,301,10231,24,3825,277,6406,0,0,155,4043,146,3094,155,7137,California
Siskiyou,2021-02-26,670,10901,11,3836,659,7065,0,0,368,4109,302,3396,368,7505,California
Siskiyou,2021-02-27,33,10934,5,3841,28,7093,0,0,28,4132,5,3401,28,7533,California
Siskiyou,2021-02-28,6,10940,5,3846,1,7094,0,0,4,4134,2,3403,4,7537,California
Siskiyou,2021-03-01,280,11220,6,3852,274,7368,0,0,50,3954,230,3633,50,7587,California
Siskiyou,2021-03-02,190,11410,1,3853,189,7557,0,0,70,3904,120,3753,70,7657,California
Siskiyou,2021-03-03,345,11755,7,3860,338,7895,0,0,155,3869,190,3943,155,7812,California
Siskiyou,2021-03-04,793,12548,620,4480,173,8068,0,0,636,4348,157,4100,636,8448,California
Siskiyou,2021-03-05,326,12874,6,4486,309,8377,11,11,105,4246,218,4318,116,8564,California
Siskiyou,2021-03-06,43,12917,3,4489,33,8410,7,18,28,4266,15,4333,35,8599,California
Siskiyou,2021-03-07,12,12929,4,4493,0,8410,8,26,3,4268,9,4342,11,8610,California
Siskiyou,2021-03-08,360,13289,30,4523,295,8705,35,61,59,4061,301,4643,94,8704,California
Siskiyou,2021-03-09,164,13453,2,4525,108,8813,54,115,57,4065,107,4750,111,8815,California
Siskiyou,2021-03-10,222,13675,7,4532,185,8998,30,145,31,3935,191,4941,61,8876,California
Siskiyou,2021-03-11,475,14150,206,4738,222,9220,47,192,275,4058,199,5140,322,9198,California
Siskiyou,2021-03-12,648,14798,141,4879,468,9688,39,231,184,3819,462,5602,223,9421,California
Siskiyou,2021-03-13,427,15225,380,5259,24,9712,23,254,381,4177,46,5648,404,9825,California
Siskiyou,2021-03-14,20,15245,1,5260,3,9715,16,270,2,4177,18,5666,18,9843,California
Siskiyou,2021-03-15,457,15702,258,5518,177,9892,22,292,322,4386,135,5801,344,10187,California
Siskiyou,2021-03-16,257,15959,34,5552,206,10098,17,309,140,4427,116,5917,157,10344,California
Siskiyou,2021-03-17,201,16160,9,5561,184,10282,8,317,34,4302,167,6084,42,10386,California
Siskiyou,2021-03-18,927,17087,789,6350,126,10408,12,329,811,5009,116,6200,823,11209,California
Siskiyou,2021-03-19,68,17155,10,6360,45,10453,13,342,20,4994,48,6248,33,11242,California
Siskiyou,2021-03-20,30,17185,7,6367,18,10471,5,347,6,4981,24,6272,11,11253,California
Siskiyou,2021-03-21,10,17195,4,6371,1,10472,5,352,4,4984,6,6278,9,11262,California
Siskiyou,2021-03-22,208,17403,21,6392,165,10637,22,374,145,5091,60,6338,167,11429,California
Siskiyou,2021-03-23,196,17599,19,6411,167,10804,10,384,141,5187,55,6393,151,11580,California
Siskiyou,2021-03-24,140,17739,47,6458,93,10897,0,384,115,5277,25,6418,115,11695,California
Siskiyou,2021-03-25,571,18310,319,6777,249,11146,3,387,400,5509,171,6589,403,12098,California
Siskiyou,2021-03-26,305,18615,35,6812,270,11416,0,387,104,5414,199,6788,104,12202,California
Siskiyou,2021-03-27,37,18652,4,6816,28,11444,5,392,9,5400,28,6816,14,12216,California
Siskiyou,2021-03-28,9,18661,8,6824,1,11445,0,392,5,5401,4,6820,5,12221,California
Siskiyou,2021-03-29,96,18757,10,6834,84,11529,2,394,46,5399,50,6870,48,12269,California
Siskiyou,2021-03-30,102,18859,7,6841,94,11623,1,395,41,5380,61,6931,42,12311,California
Siskiyou,2021-03-31,190,19049,20,6861,167,11790,3,398,48,5291,141,7072,52,12363,California
Siskiyou,2021-04-01,831,19880,673,7534,158,11948,0,398,214,4888,617,7689,214,12577,California
Siskiyou,2021-04-02,347,20227,197,7731,146,12094,4,402,66,4679,279,7968,70,12647,California
Siskiyou,2021-04-03,26,20253,5,7736,14,12108,7,409,5,4670,21,7989,12,12659,California
Siskiyou,2021-04-04,2,20255,1,7737,1,12109,0,409,1,4670,1,7990,1,12660,California
Siskiyou,2021-04-05,438,20693,332,8069,80,12189,26,435,27,4313,410,8400,53,12713,California
Siskiyou,2021-04-06,219,20912,36,8105,130,12319,53,488,125,4397,93,8493,177,12890,California
Siskiyou,2021-04-07,116,21028,11,8116,63,12382,42,530,66,4455,50,8543,108,12998,California
Siskiyou,2021-04-08,349,21377,183,8299,125,12507,41,571,62,4271,287,8830,103,13101,California
Siskiyou,2021-04-09,547,21924,379,8678,131,12638,37,608,84,3931,462,9292,122,13223,California
Siskiyou,2021-04-10,45,21969,6,8684,2,12640,37,645,6,3935,39,9331,43,13266,California
Siskiyou,2021-04-11,8,21977,5,8689,1,12641,2,647,2,3933,6,9337,4,13270,California
Siskiyou,2021-04-12,129,22106,25,8714,103,12744,1,648,49,3903,80,9417,50,13320,California
Siskiyou,2021-04-13,206,22312,36,8750,169,12913,1,649,80,3858,126,9543,81,13401,California
Siskiyou,2021-04-14,156,22468,65,8815,91,13004,0,649,85,3874,69,9612,85,13486,California
Siskiyou,2021-04-15,1118,23586,959,9774,159,13163,0,649,438,3632,680,10292,438,13924,California
Siskiyou,2021-04-16,300,23886,207,9981,93,13256,0,649,269,3871,30,10322,269,14193,California
Siskiyou,2021-04-17,11,23897,8,9989,3,13259,0,649,7,3874,4,10326,7,14200,California
Siskiyou,2021-04-18,6,23903,3,9992,3,13262,0,649,2,3872,4,10330,2,14202,California
Siskiyou,2021-04-19,128,24031,25,10017,103,13365,0,649,45,3834,83,10413,45,14247,California
Siskiyou,2021-04-20,237,24268,5,10022,232,13597,0,649,94,3785,143,10556,94,14341,California
Siskiyou,2021-04-21,94,24362,10,10032,84,13681,0,649,25,3741,69,10625,25,14366,California
Siskiyou,2021-04-22,416,24778,302,10334,114,13795,0,649,51,3427,365,10990,51,14417,California
Siskiyou,2021-04-23,180,24958,14,10348,166,13961,0,649,158,3564,21,11011,158,14575,California
Siskiyou,2021-04-24,27,24985,4,10352,23,13984,0,649,19,3575,8,11019,19,14594,California
Siskiyou,2021-04-25,2,24987,0,10352,2,13986,0,649,2,3577,0,11019,2,14596,California
Siskiyou,2021-04-26,100,25087,6,10358,89,14075,5,654,25,3532,75,11094,30,14626,California
Siskiyou,2021-04-27,101,25188,4,10362,95,14170,2,656,82,3599,17,11111,84,14710,California
Siskiyou,2021-04-28,110,25298,8,10370,94,14264,8,664,52,3601,58,11169,60,14770,California
Siskiyou,2021-04-29,105,25403,14,10384,91,14355,0,664,25,3546,80,11249,25,14795,California
Siskiyou,2021-04-30,101,25504,20,10404,80,14435,1,665,44,3536,54,11303,44,14839,California
Siskiyou,2021-05-01,11,25515,7,10411,1,14436,3,668,7,3542,4,11307,10,14849,California
Siskiyou,2021-05-02,11,25526,5,10416,6,14442,0,668,9,3549,2,11309,9,14858,California
Siskiyou,2021-05-03,110,25636,23,10439,85,14527,2,670,47,3535,63,11372,49,14907,California
Siskiyou,2021-05-04,115,25751,6,10445,107,14634,2,672,62,3547,52,11424,64,14971,California
Siskiyou,2021-05-05,117,25868,21,10466,87,14721,9,681,39,3518,77,11501,48,15019,California
Siskiyou,2021-05-06,367,26235,296,10762,65,14786,6,687,190,3537,177,11678,196,15215,California
Siskiyou,2021-05-07,309,26544,219,10981,85,14871,5,692,33,3300,275,11953,38,15253,California
Siskiyou,2021-05-08,24,26568,4,10985,19,14890,1,693,18,3313,6,11959,19,15272,California
Siskiyou,2021-05-09,1,26569,0,10985,1,14891,0,693,0,3312,1,11960,0,15272,California
Siskiyou,2021-05-10,68,26637,37,11022,30,14921,1,694,20,3285,48,12008,21,15293,California
Siskiyou,2021-05-11,82,26719,4,11026,73,14994,5,699,47,3302,35,12043,52,15345,California
Siskiyou,2021-05-12,52,26771,3,11029,45,15039,4,703,15,3284,37,12080,19,15364,California
Siskiyou,2021-05-13,76,26847,31,11060,36,15075,9,712,33,3283,43,12123,42,15406,California
Siskiyou,2021-05-14,169,27016,81,11141,87,15162,1,713,103,3322,65,12188,104,15510,California
Siskiyou,2021-05-15,45,27061,14,11155,29,15191,2,715,38,3356,6,12194,40,15550,California
Siskiyou,2021-05-16,6,27067,2,11157,4,15195,0,715,4,3358,2,12196,4,15554,California
Siskiyou,2021-05-17,66,27133,2,11159,41,15236,23,738,12,3339,54,12250,35,15589,California
Siskiyou,2021-05-18,220,27353,82,11241,134,15370,4,742,123,3370,96,12346,127,15716,California
Siskiyou,2021-05-19,137,27490,84,11325,52,15422,1,743,110,3454,27,12373,111,15827,California
Siskiyou,2021-05-20,491,27981,422,11747,67,15489,2,745,224,3413,267,12640,226,16053,California
Siskiyou,2021-05-21,78,28059,38,11785,40,15529,0,745,39,3414,38,12678,39,16092,California
Solano,2020-12-15,4,4,4,4,0,0,0,0,4,4,0,0,4,4,California
Solano,2020-12-16,71,75,71,75,0,0,0,0,71,75,0,0,71,75,California
Solano,2020-12-17,154,229,154,229,0,0,0,0,154,229,0,0,154,229,California
Solano,2020-12-18,445,674,444,673,1,1,0,0,445,674,0,0,445,674,California
Solano,2020-12-19,521,1195,521,1194,0,1,0,0,521,1195,0,0,521,1195,California
Solano,2020-12-20,355,1550,353,1547,2,3,0,0,355,1550,0,0,355,1550,California
Solano,2020-12-21,571,2121,569,2116,2,5,0,0,571,2121,0,0,571,2121,California
Solano,2020-12-22,662,2783,629,2745,33,38,0,0,662,2783,0,0,662,2783,California
Solano,2020-12-23,865,3648,775,3520,90,128,0,0,864,3647,0,0,864,3647,California
Solano,2020-12-24,423,4071,171,3691,252,380,0,0,423,4070,0,0,423,4070,California
Solano,2020-12-25,10,4081,2,3693,8,388,0,0,10,4080,0,0,10,4080,California
Solano,2020-12-26,173,4254,47,3740,126,514,0,0,173,4253,0,0,173,4253,California
Solano,2020-12-27,104,4358,29,3769,75,589,0,0,104,4357,0,0,104,4357,California
Solano,2020-12-28,862,5220,420,4189,442,1031,0,0,862,5219,0,0,862,5219,California
Solano,2020-12-29,900,6120,375,4564,525,1556,0,0,900,6119,0,0,900,6119,California
Solano,2020-12-30,1235,7355,599,5163,636,2192,0,0,1235,7354,0,0,1235,7354,California
Solano,2020-12-31,537,7892,137,5300,400,2592,0,0,537,7891,0,0,537,7891,California
Solano,2021-01-01,14,7906,13,5313,1,2593,0,0,14,7905,0,0,14,7905,California
Solano,2021-01-02,213,8119,165,5478,48,2641,0,0,213,8118,0,0,213,8118,California
Solano,2021-01-03,57,8176,40,5518,17,2658,0,0,52,8170,0,0,52,8170,California
Solano,2021-01-04,452,8628,246,5764,206,2864,0,0,442,8609,3,3,442,8612,California
Solano,2021-01-05,729,9357,376,6140,353,3217,0,0,575,9035,149,152,575,9187,California
Solano,2021-01-06,846,10203,439,6579,407,3624,0,0,581,9353,263,415,581,9768,California
Solano,2021-01-07,1068,11271,685,7264,383,4007,0,0,610,9508,456,871,611,10379,California
Solano,2021-01-08,1143,12414,778,8042,365,4372,0,0,553,9491,572,1443,555,10934,California
Solano,2021-01-09,887,13301,764,8806,123,4495,0,0,429,9465,455,1898,429,11363,California
Solano,2021-01-10,254,13555,194,9000,60,4555,0,0,152,9515,102,2000,152,11515,California
Solano,2021-01-11,1333,14888,1119,10119,214,4769,0,0,816,9814,517,2517,816,12331,California
Solano,2021-01-12,1571,16459,1172,11291,399,5168,0,0,1020,10285,550,3067,1021,13352,California
Solano,2021-01-13,1463,17922,1005,12296,458,5626,0,0,1205,11234,256,3323,1205,14557,California
Solano,2021-01-14,1892,19814,814,13110,1078,6704,0,0,1577,12496,315,3638,1577,16134,California
Solano,2021-01-15,1697,21511,1059,14169,638,7342,0,0,1400,13599,297,3935,1400,17534,California
Solano,2021-01-16,1292,22803,904,15073,388,7730,0,0,1117,14541,175,4110,1117,18651,California
Solano,2021-01-17,1042,23845,758,15831,284,8014,0,0,1022,15544,20,4130,1023,19674,California
Solano,2021-01-18,1409,25254,853,16684,556,8570,0,0,1293,16723,116,4246,1295,20969,California
Solano,2021-01-19,1652,26906,1338,18022,314,8884,0,0,1381,17834,270,4516,1381,22350,California
Solano,2021-01-20,2033,28939,1421,19443,612,9496,0,0,1546,18896,484,5000,1546,23896,California
Solano,2021-01-21,3185,32124,1015,20458,2170,11666,0,0,2833,21378,352,5352,2834,26730,California
Solano,2021-01-22,1771,33895,844,21302,927,12593,0,0,1581,22769,190,5542,1581,28311,California
Solano,2021-01-23,736,34631,242,21544,494,13087,0,0,531,23095,206,5748,532,28843,California
Solano,2021-01-24,403,35034,61,21605,342,13429,0,0,336,23364,67,5815,336,29179,California
Solano,2021-01-25,1669,36703,631,22236,1038,14467,0,0,1114,23925,554,6369,1115,30294,California
Solano,2021-01-26,1781,38484,740,22976,1041,15508,0,0,1147,24440,633,7002,1148,31442,California
Solano,2021-01-27,1784,40268,717,23693,1067,16575,0,0,1182,25024,598,7600,1182,32624,California
Solano,2021-01-28,1962,42230,708,24401,1254,17829,0,0,1370,25804,591,8191,1371,33995,California
Solano,2021-01-29,1702,43932,784,25185,918,18747,0,0,1344,26792,356,8547,1344,35339,California
Solano,2021-01-30,950,44882,456,25641,494,19241,0,0,606,27055,344,8891,607,35946,California
Solano,2021-01-31,244,45126,153,25794,91,19332,0,0,173,27157,71,8962,173,36119,California
Solano,2021-02-01,1558,46684,1036,26830,522,19854,0,0,778,27158,777,9739,778,36897,California
Solano,2021-02-02,3340,50024,1093,27923,2247,22101,0,0,2531,28884,805,10544,2531,39428,California
Solano,2021-02-03,2265,52289,1308,29231,957,23058,0,0,1165,28952,1097,11641,1165,40593,California
Solano,2021-02-04,1796,54085,900,30131,896,23954,0,0,1072,29305,719,12360,1072,41665,California
Solano,2021-02-05,3095,57180,1417,31548,1678,25632,0,0,2092,30402,995,13355,2092,43757,California
Solano,2021-02-06,3056,60236,1169,32717,1887,27519,0,0,2239,31828,813,14168,2239,45996,California
Solano,2021-02-07,847,61083,783,33500,64,27583,0,0,236,31454,610,14778,236,46232,California
Solano,2021-02-08,1755,62838,1235,34735,520,28103,0,0,713,31127,1040,15818,713,46945,California
Solano,2021-02-09,1949,64787,1484,36219,465,28568,0,0,697,30573,1251,17069,697,47642,California
Solano,2021-02-10,2264,67051,1496,37715,768,29336,0,0,823,29955,1441,18510,823,48465,California
Solano,2021-02-11,2510,69561,1491,39206,1019,30355,0,0,1198,29851,1302,19812,1198,49663,California
Solano,2021-02-12,4223,73784,1629,40835,2594,32949,0,0,2875,31385,1341,21153,2875,52538,California
Solano,2021-02-13,2868,76652,249,41084,2619,35568,0,0,2453,33426,412,21565,2453,54991,California
Solano,2021-02-14,704,77356,204,41288,500,36068,0,0,412,33549,290,21855,413,55404,California
Solano,2021-02-15,1313,78669,324,41612,989,37057,0,0,680,33597,632,22487,680,56084,California
Solano,2021-02-16,2561,81230,1387,42999,1174,38231,0,0,1664,34366,896,23383,1665,57749,California
Solano,2021-02-17,3210,84440,1455,44454,1755,39986,0,0,2169,35498,1038,24421,2170,59919,California
Solano,2021-02-18,2870,87310,842,45296,2028,42014,0,0,861,34357,2003,26424,862,60781,California
Solano,2021-02-19,2399,89709,1446,46742,953,42967,0,0,1170,34305,1224,27648,1172,61953,California
Solano,2021-02-20,2571,92280,380,47122,2191,45158,0,0,2103,35939,469,28117,2103,64056,California
Solano,2021-02-21,2191,94471,1878,49000,313,45471,0,0,1881,37514,306,28423,1881,65937,California
Solano,2021-02-22,1726,96197,1051,50051,675,46146,0,0,910,37611,814,29237,911,66848,California
Solano,2021-02-23,2857,99054,1088,51139,1769,47915,0,0,1951,38659,903,30140,1951,68799,California
Solano,2021-02-24,2484,101538,1244,52383,1240,49155,0,0,1389,38955,1093,31233,1389,70188,California
Solano,2021-02-25,2408,103946,1448,53831,960,50115,0,0,1317,39186,1086,32319,1317,71505,California
Solano,2021-02-26,3187,107133,2031,55862,1156,51271,0,0,1868,39740,1314,33633,1868,73373,California
Solano,2021-02-27,3661,110794,1381,57243,2279,53550,1,1,2961,42010,692,34325,2962,76335,California
Solano,2021-02-28,1369,112163,1038,58281,331,53881,0,1,1087,42819,279,34604,1088,77423,California
Solano,2021-03-01,2452,114615,1057,59338,1394,55275,1,2,1851,44075,596,35200,1852,79275,California
Solano,2021-03-02,2236,116851,1401,60739,835,56110,0,2,1293,44426,942,36142,1293,80568,California
Solano,2021-03-03,2232,119083,1260,61999,972,57082,0,2,1387,44977,837,36979,1388,81956,California
Solano,2021-03-04,4371,123454,3426,65425,943,58025,2,4,3149,46919,1212,38191,3154,85110,California
Solano,2021-03-05,4921,128375,1683,67108,3233,61258,5,9,3950,49913,961,39152,3955,89065,California
Solano,2021-03-06,3841,132216,833,67941,2969,64227,39,48,2643,51408,1187,40339,2682,91747,California
Solano,2021-03-07,3571,135787,760,68701,2801,67028,10,58,1968,51796,1591,41930,1979,93726,California
Solano,2021-03-08,2132,137919,1337,70038,525,67553,270,328,1611,53159,516,42446,1879,95605,California
Solano,2021-03-09,3216,141135,1568,71606,1594,69147,54,382,2317,54629,898,43344,2368,97973,California
Solano,2021-03-10,2421,143556,1762,73368,574,69721,85,467,1270,54836,1147,44491,1354,99327,California
Solano,2021-03-11,6016,149572,1754,75122,4008,73729,254,721,4964,59007,1048,45539,5219,104546,California
Solano,2021-03-12,6000,155572,1565,76687,4257,77986,178,899,3173,59536,2823,48362,3352,107898,California
Solano,2021-03-13,4572,160144,802,77489,3686,81672,84,983,2231,59520,2334,50696,2318,110216,California
Solano,2021-03-14,3999,164143,3121,80610,423,82095,455,1438,1641,59260,2353,53049,2093,112309,California
Solano,2021-03-15,4013,168156,2451,83061,1243,83338,319,1757,2515,60603,1490,54539,2833,115142,California
Solano,2021-03-16,3088,171244,1321,84382,1531,84869,236,1993,1573,60901,1511,56050,1809,116951,California
Solano,2021-03-17,6381,177625,1672,86054,4618,89487,91,2084,4905,64424,1473,57523,4996,121947,California
Solano,2021-03-18,5196,182821,1846,87900,3313,92800,37,2121,3822,66918,1366,58889,3860,125807,California
Solano,2021-03-19,3557,186378,2632,90532,851,93651,74,2195,1809,67062,1740,60629,1884,127691,California
Solano,2021-03-20,5537,191915,1672,92204,3811,97462,54,2249,2837,67262,2691,63320,2891,130582,California
Solano,2021-03-21,1681,193596,1575,93779,81,97543,25,2274,858,67323,820,64140,881,131463,California
Solano,2021-03-22,2668,196264,2038,95817,580,98123,50,2324,1666,68039,996,65136,1712,133175,California
Solano,2021-03-23,3518,199782,1667,97484,1808,99931,43,2367,1410,67387,2104,67240,1452,134627,California
Solano,2021-03-24,2827,202609,1773,99257,1019,100950,35,2402,1373,67346,1448,68688,1407,136034,California
Solano,2021-03-25,4867,207476,3989,103246,843,101793,35,2437,2280,67078,2583,71271,2315,138349,California
Solano,2021-03-26,3224,210700,2096,105342,1091,102884,37,2474,1738,67376,1477,72748,1775,140124,California
Solano,2021-03-27,4196,214896,1155,106497,3004,105888,37,2511,1792,66806,2398,75146,1828,141952,California
Solano,2021-03-28,1419,216315,1111,107608,290,106178,18,2529,551,66511,864,76010,569,142521,California
Solano,2021-03-29,3498,219813,2044,109652,1437,107615,17,2546,1580,66203,1905,77915,1597,144118,California
Solano,2021-03-30,3008,222821,2013,111665,904,108519,91,2637,1866,67019,1141,79056,1957,146075,California
Solano,2021-03-31,3136,225957,2136,113801,842,109361,158,2795,1840,67720,1293,80349,1994,148069,California
Solano,2021-04-01,5545,231502,2111,115912,3283,112644,151,2946,3505,69349,2027,82376,3656,151725,California
Solano,2021-04-02,6589,238091,2225,118137,4197,116841,167,3113,2553,68049,4021,86397,2721,154446,California
Solano,2021-04-03,1528,239619,963,119100,411,117252,154,3267,569,67815,957,87354,723,155169,California
Solano,2021-04-04,781,240400,288,119388,191,117443,302,3569,241,67822,536,87890,543,155712,California
Solano,2021-04-05,2982,243382,2038,121426,737,118180,207,3776,1513,68073,1467,89357,1718,157430,California
Solano,2021-04-06,6002,249384,1629,123055,3883,122063,490,4266,1635,65840,4360,93717,2127,159557,California
Solano,2021-04-07,5886,255270,4556,127611,937,123000,393,4659,3344,67053,2524,96241,3737,163294,California
Solano,2021-04-08,6415,261685,1782,129393,3774,126774,859,5518,1800,65117,4587,100828,2651,165945,California
Solano,2021-04-09,6251,267936,1658,131051,3749,130523,844,6362,1514,62755,4714,105542,2352,168297,California
Solano,2021-04-10,1722,269658,952,132003,448,130971,322,6684,793,62941,928,106470,1114,169411,California
Solano,2021-04-11,1230,270888,764,132767,337,131308,129,6813,637,63117,590,107060,766,170177,California
Solano,2021-04-12,3248,274136,1670,134437,1219,132527,359,7172,1339,62908,1904,108964,1695,171872,California
Solano,2021-04-13,2529,276665,1092,135529,1436,133963,1,7173,1319,63021,1207,110171,1320,173192,California
Solano,2021-04-14,6445,283110,1946,137475,4499,138462,0,7173,1848,60281,4589,114760,1849,175041,California
Solano,2021-04-15,5663,288773,2135,139610,3528,141990,0,7173,1717,58065,3933,118693,1717,176758,California
Solano,2021-04-16,3667,292440,2575,142185,1090,143080,2,7175,2278,58962,1383,120076,2280,179038,California
Solano,2021-04-17,3249,295689,1058,143243,2191,145271,0,7175,1123,57968,2118,122194,1124,180162,California
Solano,2021-04-18,1004,296693,610,143853,394,145665,0,7175,529,58023,474,122668,529,180691,California
Solano,2021-04-19,2106,298799,1157,145010,949,146614,0,7175,1172,58268,929,123597,1174,181865,California
Solano,2021-04-20,3017,301816,1842,146852,1175,147789,0,7175,1679,58613,1334,124931,1679,183544,California
Solano,2021-04-21,3561,305377,2332,149184,1229,149018,0,7175,1784,58626,1771,126702,1784,185328,California
Solano,2021-04-22,2928,308305,1479,150663,1449,150467,0,7175,1777,59254,1149,127851,1777,187105,California
Solano,2021-04-23,4144,312449,2083,152746,2061,152528,0,7175,2494,60104,1645,129496,2495,189600,California
Solano,2021-04-24,3818,316267,2287,155033,1529,154057,2,7177,2526,61427,1205,130701,2528,192128,California
Solano,2021-04-25,1427,317694,1113,156146,314,154371,0,7177,1128,62263,292,130993,1128,193256,California
Solano,2021-04-26,2463,320157,1596,157742,863,155234,4,7181,1321,62458,1130,132123,1325,194581,California
Solano,2021-04-27,2500,322657,1246,158988,1230,156464,24,7205,1434,62858,1060,133183,1460,196041,California
Solano,2021-04-28,5177,327834,4198,163186,933,157397,46,7251,3200,64137,1967,135150,3246,199287,California
Solano,2021-04-29,4151,331985,1264,164450,2856,160253,31,7282,1692,63409,2451,137601,1723,201010,California
Solano,2021-04-30,4025,336010,2186,166636,1707,161960,132,7414,1868,63267,2142,139743,2000,203010,California
Solano,2021-05-01,2172,338182,1675,168311,297,162257,200,7614,1294,63887,874,140617,1494,204504,California
Solano,2021-05-02,1195,339377,935,169246,236,162493,24,7638,668,64057,522,141139,692,205196,California
Solano,2021-05-03,1448,340825,1006,170252,355,162848,87,7725,590,63878,857,141996,678,205874,California
Solano,2021-05-04,1787,342612,1042,171294,680,163528,65,7790,801,63760,984,142980,866,206740,California
Solano,2021-05-05,2246,344858,1407,172701,728,164256,111,7901,1080,63788,1161,144141,1189,207929,California
Solano,2021-05-06,1934,346792,1172,173873,589,164845,173,8074,710,63455,1216,145357,883,208812,California
Solano,2021-05-07,2731,349523,1880,175753,736,165581,115,8189,948,62739,1777,147134,1061,209873,California
Solano,2021-05-08,1366,350889,826,176579,425,166006,115,8304,474,62439,889,148023,589,210462,California
Solano,2021-05-09,416,351305,240,176819,165,166171,11,8315,155,62348,258,148281,167,210629,California
Solano,2021-05-10,1315,352620,603,177422,609,166780,103,8418,381,61902,931,149212,485,211114,California
Solano,2021-05-11,2223,354843,1115,178537,1024,167804,84,8502,617,61002,1601,150813,701,211815,California
Solano,2021-05-12,2046,356889,1151,179688,725,168529,170,8672,683,60500,1353,152166,851,212666,California
Solano,2021-05-13,2850,359739,1955,181643,687,169216,208,8880,1499,60858,1349,153515,1707,214373,California
Solano,2021-05-14,2368,362107,1587,183230,666,169882,115,8995,996,60606,1363,154878,1111,215484,California
Solano,2021-05-15,2826,364933,2196,185426,569,170451,61,9056,1163,60178,1652,156530,1224,216708,California
Solano,2021-05-16,1474,366407,1089,186515,352,170803,33,9089,241,59221,1230,157760,273,216981,California
Solano,2021-05-17,2429,368836,1403,187918,942,171745,84,9173,934,58759,1476,159236,1014,217995,California
Solano,2021-05-18,2746,371582,1474,189392,1186,172931,86,9259,1352,58814,1382,160618,1437,219432,California
Solano,2021-05-19,4711,376293,3198,192590,1409,174340,104,9363,2201,58620,2500,163118,2306,221738,California
Solano,2021-05-20,2177,378470,1313,193903,820,175160,44,9407,937,58367,1234,164352,981,222719,California
Solano,2021-05-21,2497,380967,1140,195043,1321,176481,36,9443,884,57682,1605,165957,920,223639,California
Sonoma,2020-12-15,4,4,4,4,0,0,0,0,4,4,0,0,4,4,California
Sonoma,2020-12-16,27,31,27,31,0,0,0,0,27,31,0,0,27,31,California
Sonoma,2020-12-17,103,134,103,134,0,0,0,0,103,134,0,0,103,134,California
Sonoma,2020-12-18,423,557,423,557,0,0,0,0,423,557,0,0,423,557,California
Sonoma,2020-12-19,111,668,110,667,1,1,0,0,111,668,0,0,111,668,California
Sonoma,2020-12-20,175,843,175,842,0,1,0,0,175,843,0,0,175,843,California
Sonoma,2020-12-21,910,1753,908,1750,2,3,0,0,909,1752,0,0,909,1752,California
Sonoma,2020-12-22,1354,3107,1263,3013,91,94,0,0,1354,3106,0,0,1354,3106,California
Sonoma,2020-12-23,1608,4715,1233,4246,375,469,0,0,1609,4715,0,0,1609,4715,California
Sonoma,2020-12-24,305,5020,101,4347,204,673,0,0,305,5020,0,0,305,5020,California
Sonoma,2020-12-25,8,5028,2,4349,6,679,0,0,8,5028,0,0,8,5028,California
Sonoma,2020-12-26,268,5296,257,4606,11,690,0,0,268,5296,0,0,268,5296,California
Sonoma,2020-12-27,93,5389,80,4686,13,703,0,0,93,5389,0,0,93,5389,California
Sonoma,2020-12-28,985,6374,552,5238,433,1136,0,0,956,6345,0,0,956,6345,California
Sonoma,2020-12-29,1129,7503,777,6015,352,1488,0,0,1096,7441,0,0,1096,7441,California
Sonoma,2020-12-30,1094,8597,479,6494,615,2103,0,0,1086,8527,0,0,1086,8527,California
Sonoma,2020-12-31,517,9114,71,6565,446,2549,0,0,518,9045,0,0,518,9045,California
Sonoma,2021-01-01,12,9126,6,6571,6,2555,0,0,12,9057,0,0,12,9057,California
Sonoma,2021-01-02,131,9257,125,6696,6,2561,0,0,131,9188,0,0,131,9188,California
Sonoma,2021-01-03,24,9281,10,6706,14,2575,0,0,24,9212,0,0,24,9212,California
Sonoma,2021-01-04,343,9624,106,6812,237,2812,0,0,342,9554,0,0,342,9554,California
Sonoma,2021-01-05,435,10059,102,6914,333,3145,0,0,411,9950,15,15,411,9965,California
Sonoma,2021-01-06,950,11009,434,7348,516,3661,0,0,838,10682,106,121,838,10803,California
Sonoma,2021-01-07,1030,12039,535,7883,495,4156,0,0,860,11373,169,290,860,11663,California
Sonoma,2021-01-08,1792,13831,1234,9117,558,4714,0,0,1319,12221,471,761,1319,12982,California
Sonoma,2021-01-09,639,14470,403,9520,236,4950,0,0,591,12764,48,809,591,13573,California
Sonoma,2021-01-10,472,14942,461,9981,11,4961,0,0,277,12846,195,1004,277,13850,California
Sonoma,2021-01-11,1385,16327,1238,11219,147,5108,0,0,414,12294,966,1970,414,14264,California
Sonoma,2021-01-12,1545,17872,1292,12511,253,5361,0,0,395,11541,1148,3118,395,14659,California
Sonoma,2021-01-13,2047,19919,1368,13879,679,6040,0,0,1180,11858,864,3982,1181,15840,California
Sonoma,2021-01-14,1540,21459,808,14687,732,6772,0,0,1310,12938,230,4212,1310,17150,California
Sonoma,2021-01-15,1560,23019,628,15315,932,7704,0,0,1339,14066,212,4424,1340,18490,California
Sonoma,2021-01-16,1145,24164,618,15933,527,8231,0,0,897,14719,244,4668,897,19387,California
Sonoma,2021-01-17,668,24832,547,16480,121,8352,0,0,588,15227,80,4748,588,19975,California
Sonoma,2021-01-18,1112,25944,936,17416,176,8528,0,0,622,15360,490,5238,623,20598,California
Sonoma,2021-01-19,2100,28044,1005,18421,1095,9623,0,0,1388,16039,710,5948,1389,21987,California
Sonoma,2021-01-20,2086,30130,628,19049,1458,11081,0,0,1423,16810,653,6601,1424,23411,California
Sonoma,2021-01-21,2267,32397,646,19695,1621,12702,0,0,2047,18640,218,6819,2048,25459,California
Sonoma,2021-01-22,2742,35139,1044,20739,1698,14400,0,0,2593,21085,148,6967,2593,28052,California
Sonoma,2021-01-23,764,35903,592,21331,172,14572,0,0,657,21636,106,7073,657,28709,California
Sonoma,2021-01-24,847,36750,716,22047,131,14703,0,0,831,22451,16,7089,831,29540,California
Sonoma,2021-01-25,2174,38924,519,22566,1655,16358,0,0,1688,23653,486,7575,1688,31228,California
Sonoma,2021-01-26,2016,40940,302,22868,1714,18072,0,0,1561,24760,454,8029,1561,32789,California
Sonoma,2021-01-27,3705,44645,1278,24146,2427,20499,0,0,3133,27326,570,8599,3136,35925,California
Sonoma,2021-01-28,4121,48766,1849,25995,2272,22771,0,0,3448,30105,670,9269,3449,39374,California
Sonoma,2021-01-29,2968,51734,1410,27405,1558,24329,0,0,2131,31402,835,10104,2132,41506,California
Sonoma,2021-01-30,2591,54325,2402,29807,189,24518,0,0,2248,33308,343,10447,2249,43755,California
Sonoma,2021-01-31,809,55134,697,30504,112,24630,0,0,580,33660,228,10675,580,44335,California
Sonoma,2021-02-01,2473,57607,850,31354,1623,26253,0,0,2096,35382,374,11049,2096,46431,California
Sonoma,2021-02-02,3524,61131,1371,32725,2153,28406,0,0,2957,37774,565,11614,2957,49388,California
Sonoma,2021-02-03,4044,65175,1324,34049,2720,31126,0,0,3116,39965,925,12539,3116,52504,California
Sonoma,2021-02-04,4215,69390,1727,35776,2488,33614,0,0,3425,42603,788,13327,3426,55930,California
Sonoma,2021-02-05,4819,74209,1739,37515,3080,36694,0,0,3798,45385,1017,14344,3799,59729,California
Sonoma,2021-02-06,2638,76847,2278,39793,360,37054,0,0,2108,46964,529,14873,2108,61837,California
Sonoma,2021-02-07,1538,78385,1402,41195,136,37190,0,0,1287,48000,251,15124,1287,63124,California
Sonoma,2021-02-08,3265,81650,1038,42233,2227,39417,0,0,2680,50096,584,15708,2680,65804,California
Sonoma,2021-02-09,3573,85223,1701,43934,1872,41289,0,0,3094,52714,477,16185,3095,68899,California
Sonoma,2021-02-10,4549,89772,2483,46417,2066,43355,0,0,3543,55257,1001,17186,3544,72443,California
Sonoma,2021-02-11,5587,95359,3024,49441,2563,45918,0,0,4400,58472,1185,18371,4400,76843,California
Sonoma,2021-02-12,5904,101263,3244,52685,2660,48578,0,0,4478,61531,1422,19793,4481,81324,California
Sonoma,2021-02-13,1989,103252,1151,53836,838,49416,0,0,1205,61955,781,20574,1205,82529,California
Sonoma,2021-02-14,2312,105564,1819,55655,493,49909,0,0,1568,62780,743,21317,1568,84097,California
Sonoma,2021-02-15,2144,107708,791,56446,1353,51262,0,0,1607,63850,537,21854,1607,85704,California
Sonoma,2021-02-16,4903,112611,2054,58500,2849,54111,0,0,3643,66238,1256,23110,3644,89348,California
Sonoma,2021-02-17,5604,118215,2900,61400,2704,56815,0,0,3577,67798,2019,25129,3579,92927,California
Sonoma,2021-02-18,6933,125148,3134,64534,3799,60614,0,0,4000,68875,2924,28053,4001,96928,California
Sonoma,2021-02-19,5517,130665,1664,66198,3853,64467,0,0,3419,70202,2093,30146,3420,100348,California
Sonoma,2021-02-20,3106,133771,2829,69027,277,64744,0,0,1205,69511,1896,32042,1205,101553,California
Sonoma,2021-02-21,531,134302,426,69453,105,64849,0,0,140,69263,388,32430,140,101693,California
Sonoma,2021-02-22,2874,137176,1354,70807,1520,66369,0,0,1194,68782,1675,34105,1194,102887,California
Sonoma,2021-02-23,3375,140551,2080,72887,1295,67664,0,0,1625,68661,1746,35851,1625,104512,California
Sonoma,2021-02-24,5649,146200,2550,75437,3099,70763,0,0,2921,68860,2723,38574,2922,107434,California
Sonoma,2021-02-25,5803,152003,2240,77677,3563,74326,0,0,3113,69305,2668,41242,3113,110547,California
Sonoma,2021-02-26,6266,158269,2760,80437,3506,77832,0,0,3974,70993,2286,43528,3974,114521,California
Sonoma,2021-02-27,4059,162328,1921,82358,2138,79970,0,0,2709,72354,1348,44876,2709,117230,California
Sonoma,2021-02-28,2323,164651,1837,84195,486,80456,0,0,609,71263,1700,46576,609,117839,California
Sonoma,2021-03-01,3755,168406,1144,85339,2611,83067,0,0,1891,71301,1854,48430,1892,119731,California
Sonoma,2021-03-02,4382,172788,1509,86848,2873,85940,0,0,2560,72046,1815,50245,2560,122291,California
Sonoma,2021-03-03,5057,177845,2638,89486,2419,88359,0,0,2331,71658,2719,52964,2331,124622,California
Sonoma,2021-03-04,5941,183786,2680,92166,3261,91620,0,0,2583,70897,3344,56308,2583,127205,California
Sonoma,2021-03-05,6486,190272,2860,95026,3611,95231,15,15,2745,69931,3727,60035,2761,129966,California
Sonoma,2021-03-06,2790,193062,1219,96245,1436,96667,135,150,1919,71120,864,60899,2053,132019,California
Sonoma,2021-03-07,1711,194773,1399,97644,277,96944,35,185,381,70208,1328,62227,416,132435,California
Sonoma,2021-03-08,4064,198837,662,98306,3227,100171,175,360,2391,71110,1662,63889,2564,134999,California
Sonoma,2021-03-09,5576,204413,3085,101391,2248,102419,243,603,2750,71284,2819,66708,2993,137992,California
Sonoma,2021-03-10,5996,210409,3205,104596,2463,104882,328,931,2428,70485,3554,70262,2755,140747,California
Sonoma,2021-03-11,7543,217952,3010,107606,3713,108595,820,1751,2572,68917,4961,75223,3393,144140,California
Sonoma,2021-03-12,7397,225349,2268,109874,3767,112362,1362,3113,2108,67112,5270,80493,3465,147605,California
Sonoma,2021-03-13,3403,228752,1690,111564,1477,113839,236,3349,1998,67939,1404,81897,2231,149836,California
Sonoma,2021-03-14,1383,230135,385,111949,857,114696,141,3490,846,68391,534,82431,986,150822,California
Sonoma,2021-03-15,5241,235376,1514,113463,3342,118038,385,3875,2196,67934,3036,85467,2579,153401,California
Sonoma,2021-03-16,6287,241663,2248,115711,3808,121846,231,4106,2903,67689,3377,88844,3132,156533,California
Sonoma,2021-03-17,6756,248419,3531,119242,3045,124891,180,4286,3282,67688,3462,92306,3461,159994,California
Sonoma,2021-03-18,7132,255551,2940,122182,3577,128468,615,4901,3181,67540,3941,96247,3793,163787,California
Sonoma,2021-03-19,7500,263051,3249,125431,4020,132488,231,5132,3199,66693,4282,100529,3435,167222,California
Sonoma,2021-03-20,3712,266763,1752,127183,1130,133618,830,5962,2034,67882,1671,102200,2860,170082,California
Sonoma,2021-03-21,1384,268147,603,127786,748,134366,33,5995,1212,68959,168,102368,1245,171327,California
Sonoma,2021-03-22,4538,272685,3105,130891,1330,135696,103,6098,3426,71381,1107,103475,3529,174856,California
Sonoma,2021-03-23,5834,278519,3633,134524,2126,137822,75,6173,4410,74452,1414,104889,4485,179341,California
Sonoma,2021-03-24,6795,285314,4276,138800,2453,140275,66,6239,4163,76066,2614,107503,4228,183569,California
Sonoma,2021-03-25,7025,292339,4199,142999,2718,142993,108,6347,4250,77673,2752,110255,4359,187928,California
Sonoma,2021-03-26,7440,299779,3459,146458,3887,146880,94,6441,3915,78173,3508,113763,4008,191936,California
Sonoma,2021-03-27,3861,303640,1508,147966,1991,148871,362,6803,1121,76924,2732,116495,1483,193419,California
Sonoma,2021-03-28,1511,305151,950,148916,534,149405,27,6830,944,77331,564,117059,971,194390,California
Sonoma,2021-03-29,2903,308054,1102,150018,1768,151173,33,6863,1612,77690,1286,118345,1645,196035,California
Sonoma,2021-03-30,5820,313874,3213,153231,2545,153718,62,6925,3029,77997,2784,121129,3091,199126,California
Sonoma,2021-03-31,5603,319477,3402,156633,1987,155705,214,7139,3231,79084,2359,123488,3446,202572,California
Sonoma,2021-04-01,6763,326240,4029,160662,2394,158099,340,7479,3619,79912,3122,126610,3950,206522,California
Sonoma,2021-04-02,5947,332187,3567,164229,2271,160370,109,7588,3569,81219,2371,128981,3678,210200,California
Sonoma,2021-04-03,3650,335837,1823,166052,1602,161972,225,7813,1607,81018,2031,131012,1830,212030,California
Sonoma,2021-04-04,1063,336900,692,166744,280,162252,91,7904,658,81366,401,131413,749,212779,California
Sonoma,2021-04-05,4399,341299,620,167364,3437,165689,342,8246,1655,80625,2737,134150,1996,214775,California
Sonoma,2021-04-06,6877,348176,3482,170846,2990,168679,405,8651,3991,82148,2872,137022,4395,219170,California
Sonoma,2021-04-07,6788,354964,3835,174681,2117,170796,836,9487,3299,82799,3480,140502,4131,223301,California
Sonoma,2021-04-08,7510,362474,4104,178785,2636,173432,770,10257,4089,84242,3412,143914,4855,228156,California
Sonoma,2021-04-09,6780,369254,3772,182557,2126,175558,882,11139,3482,85316,3285,147199,4359,232515,California
Sonoma,2021-04-10,3871,373125,1683,184240,1633,177191,555,11694,1125,84254,2737,149936,1675,234190,California
Sonoma,2021-04-11,1281,374406,604,184844,595,177786,82,11776,437,83930,843,150779,519,234709,California
Sonoma,2021-04-12,4927,379333,2049,186893,2397,180183,481,12257,1839,83166,3077,153856,2313,237022,California
Sonoma,2021-04-13,7800,387133,4620,191513,3178,183361,2,12259,2958,81295,4831,158687,2960,239982,California
Sonoma,2021-04-14,6546,393679,3728,195241,2798,186159,20,12279,2527,79835,4006,162693,2546,242528,California
Sonoma,2021-04-15,7215,400894,4094,199335,3121,189280,0,12279,3561,79753,3644,166337,3562,246090,California
Sonoma,2021-04-16,6781,407675,3408,202743,3371,192651,2,12281,3839,80658,2936,169273,3841,249931,California
Sonoma,2021-04-17,3174,410849,1537,204280,1637,194288,0,12281,1529,80555,1633,170906,1530,251461,California
Sonoma,2021-04-18,1273,412122,876,205156,397,194685,0,12281,436,80155,836,171742,436,251897,California
Sonoma,2021-04-19,3307,415429,1872,207028,1434,196119,1,12282,1448,79749,1855,173597,1449,253346,California
Sonoma,2021-04-20,6258,421687,3459,210487,2799,198918,0,12282,2346,78195,3901,177498,2347,255693,California
Sonoma,2021-04-21,6501,428188,4207,214694,2292,201210,2,12284,2943,77598,3541,181039,2944,258637,California
Sonoma,2021-04-22,6188,434376,4463,219157,1725,202935,0,12284,2509,76443,3664,184703,2509,261146,California
Sonoma,2021-04-23,7410,441786,4621,223778,2783,205718,6,12290,3624,76301,3773,188476,3631,264777,California
Sonoma,2021-04-24,2765,444551,1506,225284,1245,206963,14,12304,1550,76655,1210,189686,1564,266341,California
Sonoma,2021-04-25,1085,445636,787,226071,298,207261,0,12304,435,76442,648,190334,435,266776,California
Sonoma,2021-04-26,2763,448399,1293,227364,1442,208703,28,12332,1560,76833,1197,191531,1588,268364,California
Sonoma,2021-04-27,5318,453717,3634,230998,1585,210288,99,12431,2179,75985,3126,194657,2278,270642,California
Sonoma,2021-04-28,4858,458575,3195,234193,1468,211756,195,12626,2094,75521,2748,197405,2284,272926,California
Sonoma,2021-04-29,4809,463384,3427,237620,1237,212993,145,12771,1758,74381,3043,200448,1903,274829,California
Sonoma,2021-04-30,5435,468819,3619,241239,1523,214516,293,13064,1813,72877,3609,204057,2105,276934,California
Sonoma,2021-05-01,2471,471290,1775,243014,590,215106,106,13170,1233,72982,1231,205288,1336,278270,California
Sonoma,2021-05-02,864,472154,644,243658,169,215275,51,13221,553,73276,311,205599,605,278875,California
Sonoma,2021-05-03,3177,475331,1678,245336,1354,216629,145,13366,1054,72359,2114,207713,1197,280072,California
Sonoma,2021-05-04,4575,479906,2404,247740,1994,218623,177,13543,1474,70925,3081,210794,1647,281719,California
Sonoma,2021-05-05,3662,483568,2181,249921,1288,219911,193,13736,1310,70084,2342,213136,1501,283220,California
Sonoma,2021-05-06,4502,488070,2406,252327,1969,221880,127,13863,1371,68462,3118,216254,1496,284716,California
Sonoma,2021-05-07,3585,491655,2310,254637,1153,223033,122,13985,1080,67169,2496,218750,1203,285919,California
Sonoma,2021-05-08,1844,493499,1254,255891,498,223531,92,14077,754,66929,1086,219836,846,286765,California
Sonoma,2021-05-09,510,494009,294,256185,175,223706,41,14118,182,66827,325,220161,223,286988,California
Sonoma,2021-05-10,2295,496304,1034,257219,1128,224834,133,14251,281,65237,2001,222162,411,287399,California
Sonoma,2021-05-11,3497,499801,1893,259112,1489,226323,115,14366,952,63771,2533,224695,1067,288466,California
Sonoma,2021-05-12,3907,503708,2440,261552,1330,227653,137,14503,868,61746,3030,227725,1005,289471,California
Sonoma,2021-05-13,4713,508421,2711,264263,1888,229541,114,14617,1566,60288,3136,230861,1678,291149,California
Sonoma,2021-05-14,5794,514215,3596,267859,2061,231602,137,14754,2219,59084,3561,234422,2357,293506,California
Sonoma,2021-05-15,2904,517119,2132,269991,710,232312,62,14816,1844,59937,1052,235474,1905,295411,California
Sonoma,2021-05-16,917,518036,716,270707,154,232466,47,14863,600,60270,314,235788,647,296058,California
Sonoma,2021-05-17,2429,520465,1813,272520,527,232993,89,14952,955,59844,1469,237257,1043,297101,California
Sonoma,2021-05-18,4282,524747,2828,275348,1351,234344,103,15055,1513,58709,2751,240008,1616,298717,California
Sonoma,2021-05-19,3688,528435,2382,277730,1197,235541,109,15164,1555,58252,2121,242129,1664,300381,California
Sonoma,2021-05-20,2873,531308,1954,279684,842,236383,77,15241,1246,57952,1618,243747,1318,301699,California
Sonoma,2021-05-21,3032,534340,1745,281429,1214,237597,73,15314,936,56859,2090,245837,997,302696,California
Stanislaus,2020-12-15,3,3,3,3,0,0,0,0,3,3,0,0,3,3,California
Stanislaus,2020-12-16,37,40,37,40,0,0,0,0,37,40,0,0,37,40,California
Stanislaus,2020-12-17,75,115,75,115,0,0,0,0,75,115,0,0,75,115,California
Stanislaus,2020-12-18,338,453,332,447,6,6,0,0,338,453,0,0,338,453,California
Stanislaus,2020-12-19,134,587,134,581,0,6,0,0,134,587,0,0,134,587,California
Stanislaus,2020-12-20,86,673,86,667,0,6,0,0,86,673,0,0,86,673,California
Stanislaus,2020-12-21,999,1672,998,1665,1,7,0,0,998,1671,0,0,998,1671,California
Stanislaus,2020-12-22,795,2467,783,2448,12,19,0,0,795,2466,0,0,795,2466,California
Stanislaus,2020-12-23,448,2915,430,2878,18,37,0,0,447,2913,0,0,447,2913,California
Stanislaus,2020-12-24,97,3012,88,2966,9,46,0,0,97,3010,0,0,97,3010,California
Stanislaus,2020-12-26,51,3063,8,2974,43,89,0,0,51,3061,0,0,51,3061,California
Stanislaus,2020-12-27,11,3074,6,2980,5,94,0,0,11,3072,0,0,11,3072,California
Stanislaus,2020-12-28,488,3562,395,3375,93,187,0,0,488,3560,0,0,488,3560,California
Stanislaus,2020-12-29,494,4056,415,3790,79,266,0,0,494,4054,0,0,494,4054,California
Stanislaus,2020-12-30,534,4590,279,4069,255,521,0,0,533,4586,1,1,533,4587,California
Stanislaus,2020-12-31,276,4866,157,4226,119,640,0,0,276,4862,0,1,276,4863,California
Stanislaus,2021-01-01,12,4878,4,4230,8,648,0,0,12,4874,0,1,12,4875,California
Stanislaus,2021-01-02,33,4911,26,4256,7,655,0,0,33,4907,0,1,33,4908,California
Stanislaus,2021-01-03,90,5001,87,4343,3,658,0,0,90,4997,0,1,90,4998,California
Stanislaus,2021-01-04,232,5233,152,4495,80,738,0,0,232,5229,0,1,232,5230,California
Stanislaus,2021-01-05,834,6067,343,4838,491,1229,0,0,810,6023,23,24,817,6047,California
Stanislaus,2021-01-06,1004,7071,600,5438,404,1633,0,0,931,6886,70,94,933,6980,California
Stanislaus,2021-01-07,1079,8150,703,6141,376,2009,0,0,888,7591,185,279,890,7870,California
Stanislaus,2021-01-08,1274,9424,719,6860,555,2564,0,0,932,8189,339,618,937,8807,California
Stanislaus,2021-01-09,288,9712,142,7002,146,2710,0,0,198,8297,90,708,198,9005,California
Stanislaus,2021-01-10,48,9760,21,7023,27,2737,0,0,29,8307,19,727,29,9034,California
Stanislaus,2021-01-11,1496,11256,1217,8240,279,3016,0,0,569,7972,922,1649,587,9621,California
Stanislaus,2021-01-12,1470,12726,864,9104,606,3622,0,0,831,8177,635,2284,840,10461,California
Stanislaus,2021-01-13,1443,14169,687,9791,756,4378,0,0,1121,8985,322,2606,1130,11591,California
Stanislaus,2021-01-14,2236,16405,283,10074,1953,6331,0,0,2066,10952,167,2773,2134,13725,California
Stanislaus,2021-01-15,2823,19228,1157,11231,1666,7997,0,0,2670,13553,149,2922,2750,16475,California
Stanislaus,2021-01-16,472,19700,50,11281,422,8419,0,0,455,13994,16,2938,457,16932,California
Stanislaus,2021-01-17,244,19944,202,11483,42,8461,0,0,237,14225,6,2944,237,17169,California
Stanislaus,2021-01-18,2185,22129,1022,12505,1163,9624,0,0,1797,15711,383,3327,1869,19038,California
Stanislaus,2021-01-19,1252,23381,723,13228,529,10153,0,0,806,16075,443,3770,807,19845,California
Stanislaus,2021-01-20,1010,24391,489,13717,521,10674,0,0,716,16498,293,4063,716,20561,California
Stanislaus,2021-01-21,3687,28078,2973,16690,714,11388,0,0,3363,19645,321,4384,3468,24029,California
Stanislaus,2021-01-22,1093,29171,307,16997,786,12174,0,0,1049,20657,40,4424,1052,25081,California
Stanislaus,2021-01-23,358,29529,44,17041,314,12488,0,0,300,20901,57,4481,301,25382,California
Stanislaus,2021-01-24,301,29830,100,17141,201,12689,0,0,235,21072,66,4547,237,25619,California
Stanislaus,2021-01-25,3156,32986,227,17368,2929,15618,0,0,2835,23766,285,4832,2979,28598,California
Stanislaus,2021-01-26,1725,34711,745,18113,980,16598,0,0,1300,24663,419,5251,1316,29914,California
Stanislaus,2021-01-27,1890,36601,1051,19164,839,17437,0,0,1185,25189,660,5911,1186,31100,California
Stanislaus,2021-01-28,2209,38810,1511,20675,698,18135,0,0,1722,26490,479,6390,1780,32880,California
Stanislaus,2021-01-29,2436,41246,1192,21867,1244,19379,0,0,1907,27962,484,6874,1956,34836,California
Stanislaus,2021-01-30,293,41539,132,21999,161,19540,0,0,229,28138,53,6927,229,35065,California
Stanislaus,2021-01-31,369,41908,315,22314,54,19594,0,0,354,28480,12,6939,354,35419,California
Stanislaus,2021-02-01,1295,43203,585,22899,710,20304,0,0,940,29076,344,7283,940,36359,California
Stanislaus,2021-02-02,1210,44413,348,23247,862,21166,0,0,776,29431,423,7706,778,37137,California
Stanislaus,2021-02-03,2608,47021,1226,24473,1382,22548,0,0,1914,30669,688,8394,1926,39063,California
Stanislaus,2021-02-04,2087,49108,709,25182,1378,23926,0,0,1579,31759,494,8888,1584,40647,California
Stanislaus,2021-02-05,2847,51955,1468,26650,1379,25305,0,0,1591,32167,1196,10084,1604,42251,California
Stanislaus,2021-02-06,886,52841,300,26950,586,25891,0,0,694,32673,190,10274,696,42947,California
Stanislaus,2021-02-07,233,53074,208,27158,25,25916,0,0,43,32530,187,10461,44,42991,California
Stanislaus,2021-02-08,2032,55106,1332,28490,700,26616,0,0,1102,32759,891,11352,1120,44111,California
Stanislaus,2021-02-09,1840,56946,783,29273,1057,27673,0,0,1046,33039,773,12125,1053,45164,California
Stanislaus,2021-02-10,1931,58877,532,29805,1399,29072,0,0,1010,33151,900,13025,1012,46176,California
Stanislaus,2021-02-11,5385,64262,3267,33072,2118,31190,0,0,1228,30430,3955,16980,1234,47410,California
Stanislaus,2021-02-12,3296,67558,913,33985,2383,33573,0,0,1450,30117,1769,18749,1456,48866,California
Stanislaus,2021-02-13,1352,68910,652,34637,700,34273,0,0,981,30736,366,19115,985,49851,California
Stanislaus,2021-02-14,421,69331,167,34804,254,34527,0,0,353,31023,66,19181,353,50204,California
Stanislaus,2021-02-15,1813,71144,229,35033,1584,36111,0,0,581,30489,1119,20300,585,50789,California
Stanislaus,2021-02-16,1360,72504,421,35454,939,37050,0,0,580,30301,770,21070,582,51371,California
Stanislaus,2021-02-17,2754,75258,1687,37141,1067,38117,0,0,1924,31410,825,21895,1934,53305,California
Stanislaus,2021-02-18,3359,78617,1900,39041,1459,39576,0,0,1784,31728,1492,23387,1810,55115,California
Stanislaus,2021-02-19,2756,81373,1063,40104,1693,41269,0,0,1523,32073,1192,24579,1537,56652,California
Stanislaus,2021-02-20,747,82120,379,40483,368,41637,0,0,472,32290,257,24836,474,57126,California
Stanislaus,2021-02-21,906,83026,691,41174,215,41852,0,0,545,32509,337,25173,556,57682,California
Stanislaus,2021-02-22,2342,85368,1691,42865,651,42503,0,0,1626,33439,697,25870,1627,59309,California
Stanislaus,2021-02-23,3691,89059,677,43542,3014,45517,0,0,1716,33344,1823,27693,1728,61037,California
Stanislaus,2021-02-24,4170,93229,2846,46388,1324,46841,0,0,3115,35425,1037,28730,3118,64155,California
Stanislaus,2021-02-25,3882,97111,2646,49034,1236,48077,0,0,3080,37724,784,29514,3083,67238,California
Stanislaus,2021-02-26,4189,101300,1217,50251,2972,51049,0,0,2830,39257,1307,30821,2840,70078,California
Stanislaus,2021-02-27,2089,103389,708,50959,1380,52429,1,1,1856,40910,205,31026,1858,71936,California
Stanislaus,2021-02-28,818,104207,262,51221,556,52985,0,1,769,41641,39,31065,770,72706,California
Stanislaus,2021-03-01,2769,106976,1629,52850,1139,54124,1,2,1630,42175,1106,32171,1640,74346,California
Stanislaus,2021-03-02,2389,109365,1422,54272,966,55090,1,3,1657,43113,722,32893,1660,76006,California
Stanislaus,2021-03-03,3708,113073,2227,56499,1479,56569,2,5,2904,45231,787,33680,2905,78911,California
Stanislaus,2021-03-04,5437,118510,3103,59602,2318,58887,16,21,4191,48218,1216,34896,4203,83114,California
Stanislaus,2021-03-05,4023,122533,1115,60717,2892,61779,16,37,3053,50343,944,35840,3069,86183,California
Stanislaus,2021-03-06,3573,126106,2226,62943,1254,63033,93,130,2721,52311,848,36688,2816,88999,California
Stanislaus,2021-03-07,850,126956,389,63332,425,63458,36,166,661,52825,183,36871,697,89696,California
Stanislaus,2021-03-08,1990,128946,860,64192,1041,64499,89,255,1330,53602,641,37512,1418,91114,California
Stanislaus,2021-03-09,2182,131128,905,65097,1185,65684,92,347,1639,54806,531,38043,1735,92849,California
Stanislaus,2021-03-10,5064,136192,2499,67596,2343,68027,222,569,3742,57479,1304,39347,3977,96826,California
Stanislaus,2021-03-11,5714,141906,3139,70735,2099,70126,476,1045,4124,60659,1426,40773,4606,101432,California
Stanislaus,2021-03-12,5764,147670,1229,71964,2613,72739,1922,2967,2911,62658,2830,43603,4829,106261,California
Stanislaus,2021-03-13,3380,151050,2181,74145,1131,73870,68,3035,2689,64737,683,44286,2762,109023,California
Stanislaus,2021-03-14,996,152046,595,74740,350,74220,51,3086,490,64778,503,44789,544,109567,California
Stanislaus,2021-03-15,3689,155735,1973,76713,1355,75575,361,3447,1605,64761,1989,46778,1972,111539,California
Stanislaus,2021-03-16,4917,160652,2450,79163,2057,77632,410,3857,3543,67358,1355,48133,3952,115491,California
Stanislaus,2021-03-17,4718,165370,2856,82019,1684,79316,178,4035,2883,68617,1808,49941,3067,118558,California
Stanislaus,2021-03-18,5419,170789,3419,85438,1934,81250,66,4101,2975,69370,2292,52233,3045,121603,California
Stanislaus,2021-03-19,5916,176705,1531,86969,2861,84111,1524,5625,3098,71200,2789,55022,4619,126222,California
Stanislaus,2021-03-20,3839,180544,3004,89973,767,84878,68,5693,3363,74163,469,55491,3432,129654,California
Stanislaus,2021-03-21,983,181527,883,90856,35,84913,65,5758,745,74737,236,55727,810,130464,California
Stanislaus,2021-03-22,2813,184340,1323,92179,765,85678,725,6483,1241,75155,1549,57276,1967,132431,California
Stanislaus,2021-03-23,3942,188282,2017,94196,1665,87343,260,6743,2809,77126,1117,58393,3088,135519,California
Stanislaus,2021-03-24,4541,192823,3214,97410,1259,88602,68,6811,2640,77981,1856,60249,2711,138230,California
Stanislaus,2021-03-25,4239,197062,2910,100320,1312,89914,17,6828,1814,77467,2346,62595,1832,140062,California
Stanislaus,2021-03-26,4716,201778,1334,101654,3307,93221,75,6903,2370,77612,2313,64908,2458,142520,California
Stanislaus,2021-03-27,4386,206164,2720,104374,1584,94805,82,6985,1384,76100,2986,67894,1474,143994,California
Stanislaus,2021-03-28,1103,207267,440,104814,557,95362,106,7091,320,75761,771,68665,432,144426,California
Stanislaus,2021-03-29,2977,210244,1826,106640,1112,96474,39,7130,1985,76809,982,69647,2030,146456,California
Stanislaus,2021-03-30,3665,213909,2052,108692,1586,98060,27,7157,2228,77641,1429,71076,2261,148717,California
Stanislaus,2021-03-31,5405,219314,3833,112525,1454,99514,118,7275,2767,77910,2619,73695,2888,151605,California
Stanislaus,2021-04-01,5733,225047,3833,116358,1809,101323,91,7366,2625,77546,3091,76786,2727,154332,California
Stanislaus,2021-04-02,4998,230045,1209,117567,3635,104958,154,7520,2246,77291,2666,79452,2411,156743,California
Stanislaus,2021-04-03,4543,234588,3300,120867,1206,106164,37,7557,2241,77288,2293,81745,2290,159033,California
Stanislaus,2021-04-04,1319,235907,471,121338,818,106982,30,7587,651,77311,662,82407,685,159718,California
Stanislaus,2021-04-05,3634,239541,2530,123868,855,107837,249,7836,2354,78647,1271,83678,2607,162325,California
Stanislaus,2021-04-06,5743,245284,4165,128033,1304,109141,274,8110,3074,79345,2656,86334,3354,165679,California
Stanislaus,2021-04-07,6346,251630,3599,131632,2327,111468,420,8530,2828,79097,3502,89836,3254,168933,California
Stanislaus,2021-04-08,5670,257300,3319,134951,1920,113388,431,8961,2767,79417,2883,92719,3203,172136,California
Stanislaus,2021-04-09,4815,262115,2103,137054,2341,115729,371,9332,2184,79376,2608,95327,2567,174703,California
Stanislaus,2021-04-10,6481,268596,3983,141037,859,116588,1639,10971,1998,78548,4458,99785,3630,178333,California
Stanislaus,2021-04-11,1522,270118,850,141887,539,117127,133,11104,667,78496,853,100638,801,179134,California
Stanislaus,2021-04-12,3589,273707,2042,143929,1102,118229,445,11549,1872,79120,1701,102339,2325,181459,California
Stanislaus,2021-04-13,5193,278900,3418,147347,1762,119991,13,11562,2923,79817,2232,104571,2929,184388,California
Stanislaus,2021-04-14,4648,283548,3251,150598,1396,121387,1,11563,2259,79724,2357,106928,2264,186652,California
Stanislaus,2021-04-15,5381,288929,3312,153910,2067,123454,2,11565,3237,80856,2108,109036,3240,189892,California
Stanislaus,2021-04-16,4302,293231,993,154903,3308,126762,1,11566,1826,80251,2434,111470,1829,191721,California
Stanislaus,2021-04-17,3145,296376,2110,157013,1035,127797,0,11566,1838,80797,1296,112766,1842,193563,California
Stanislaus,2021-04-18,530,296906,217,157230,313,128110,0,11566,406,81088,117,112883,408,193971,California
Stanislaus,2021-04-19,3450,300356,2446,159676,1003,129113,1,11567,1636,80950,1783,114666,1645,195616,California
Stanislaus,2021-04-20,3975,304331,2416,162092,1559,130672,0,11567,1744,80493,2203,116869,1746,197362,California
Stanislaus,2021-04-21,3816,308147,2553,164645,1262,131934,1,11568,1603,79925,2178,119047,1610,198972,California
Stanislaus,2021-04-22,3943,312090,2401,167046,1542,133476,0,11568,1571,79174,2328,121375,1577,200549,California
Stanislaus,2021-04-23,3589,315679,843,167889,2745,136221,1,11569,1476,78636,2022,123397,1484,202033,California
Stanislaus,2021-04-24,3780,319459,2927,170816,853,137074,0,11569,1787,78455,1975,125372,1794,203827,California
Stanislaus,2021-04-25,934,320393,478,171294,456,137530,0,11569,685,78900,244,125616,689,204516,California
Stanislaus,2021-04-26,3247,323640,2284,173578,957,138487,6,11575,965,77614,2265,127881,979,205495,California
Stanislaus,2021-04-27,3938,327578,2748,176326,1148,139635,42,11617,1113,75966,2804,130685,1156,206651,California
Stanislaus,2021-04-28,4132,331710,2910,179236,1160,140795,62,11679,1811,75546,2305,132990,1885,208536,California
Stanislaus,2021-04-29,3596,335306,2246,181482,1302,142097,48,11727,1417,74856,2164,135154,1474,210010,California
Stanislaus,2021-04-30,4487,339793,2045,183527,2358,144455,84,11811,1775,74021,2702,137856,1867,211877,California
Stanislaus,2021-05-01,2700,342493,1920,185447,740,145195,40,11851,1009,73396,1682,139538,1057,212934,California
Stanislaus,2021-05-02,1072,343565,613,186060,423,145618,36,11887,518,73408,548,140086,560,213494,California
Stanislaus,2021-05-03,2407,345972,1922,187982,415,146033,70,11957,907,72901,1487,141573,980,214474,California
Stanislaus,2021-05-04,3463,349435,2470,190452,905,146938,88,12045,1067,71677,2386,143959,1162,215636,California
Stanislaus,2021-05-05,3157,352592,2118,192570,965,147903,74,12119,1071,70759,2067,146026,1149,216785,California
Stanislaus,2021-05-06,3088,355680,2296,194866,686,148589,106,12225,1013,69827,2058,148084,1126,217911,California
Stanislaus,2021-05-07,2283,357963,886,195752,1254,149843,143,12368,939,69575,1336,149420,1084,218995,California
Stanislaus,2021-05-08,1956,359919,1337,197089,586,150429,33,12401,712,69096,1231,150651,752,219747,California
Stanislaus,2021-05-09,702,360621,335,197424,341,150770,26,12427,304,69029,397,151048,330,220077,California
Stanislaus,2021-05-10,1655,362276,1134,198558,443,151213,78,12505,447,68358,1197,152245,526,220603,California
Stanislaus,2021-05-11,2329,364605,1470,200028,704,151917,155,12660,656,67510,1663,153908,815,221418,California
Stanislaus,2021-05-12,2127,366732,1214,201242,813,152730,100,12760,818,67133,1297,155205,920,222338,California
Stanislaus,2021-05-13,1845,368577,1022,202264,708,153438,115,12875,839,67087,1001,156206,955,223293,California
Stanislaus,2021-05-14,2569,371146,1141,203405,1295,154733,133,13008,1180,67027,1374,157580,1314,224607,California
Stanislaus,2021-05-15,2466,373612,1767,205172,649,155382,50,13058,1202,67032,1255,158835,1260,225867,California
Stanislaus,2021-05-16,1009,374621,659,205831,342,155724,8,13066,553,67147,450,159285,565,226432,California
Stanislaus,2021-05-17,1879,376500,1252,207083,546,156270,81,13147,935,67226,939,160224,1018,227450,California
Stanislaus,2021-05-18,2190,378690,1499,208582,578,156848,113,13260,1181,67520,1000,161224,1294,228744,California
Stanislaus,2021-05-19,2971,381661,2061,210643,771,157619,139,13399,1341,67384,1621,162845,1485,230229,California
Stanislaus,2021-05-20,1767,383428,904,211547,766,158385,97,13496,716,67156,1045,163890,817,231046,California
Stanislaus,2021-05-21,1531,384959,652,212199,816,159201,63,13559,535,66762,993,164883,599,231645,California
Sutter,2020-12-15,1,1,1,1,0,0,0,0,1,1,0,0,1,1,California
Sutter,2020-12-16,4,5,4,5,0,0,0,0,4,5,0,0,4,5,California
Sutter,2020-12-17,2,7,2,7,0,0,0,0,2,7,0,0,2,7,California
Sutter,2020-12-18,20,27,20,27,0,0,0,0,20,27,0,0,20,27,California
Sutter,2020-12-19,44,71,44,71,0,0,0,0,44,71,0,0,44,71,California
Sutter,2020-12-20,42,113,42,113,0,0,0,0,42,113,0,0,42,113,California
Sutter,2020-12-21,100,213,100,213,0,0,0,0,100,213,0,0,100,213,California
Sutter,2020-12-22,172,385,172,385,0,0,0,0,172,385,0,0,172,385,California
Sutter,2020-12-23,116,501,111,496,5,5,0,0,116,501,0,0,116,501,California
Sutter,2020-12-24,17,518,11,507,6,11,0,0,17,518,0,0,17,518,California
Sutter,2020-12-26,38,556,34,541,4,15,0,0,38,556,0,0,38,556,California
Sutter,2020-12-27,24,580,23,564,1,16,0,0,24,580,0,0,24,580,California
Sutter,2020-12-28,83,663,55,619,28,44,0,0,83,663,0,0,83,663,California
Sutter,2020-12-29,101,764,14,633,87,131,0,0,101,764,0,0,101,764,California
Sutter,2020-12-30,137,901,34,667,103,234,0,0,137,901,0,0,137,901,California
Sutter,2020-12-31,70,971,6,673,64,298,0,0,70,971,0,0,70,971,California
Sutter,2021-01-01,3,974,3,676,0,298,0,0,3,974,0,0,3,974,California
Sutter,2021-01-02,131,1105,129,805,2,300,0,0,131,1105,0,0,131,1105,California
Sutter,2021-01-03,1,1106,0,805,1,301,0,0,1,1106,0,0,1,1106,California
Sutter,2021-01-04,247,1353,139,944,108,409,0,0,247,1353,0,0,247,1353,California
Sutter,2021-01-05,101,1454,57,1001,44,453,0,0,99,1450,2,2,99,1452,California
Sutter,2021-01-06,204,1658,50,1051,154,607,0,0,199,1644,5,7,199,1651,California
Sutter,2021-01-07,251,1909,151,1202,100,707,0,0,242,1878,8,15,242,1893,California
Sutter,2021-01-08,149,2058,40,1242,109,816,0,0,132,1993,17,32,132,2025,California
Sutter,2021-01-09,46,2104,43,1285,3,819,0,0,5,1957,41,73,5,2030,California
Sutter,2021-01-10,397,2501,37,1322,360,1179,0,0,359,2279,37,110,359,2389,California
Sutter,2021-01-11,132,2633,114,1436,18,1197,0,0,26,2199,106,216,26,2415,California
Sutter,2021-01-12,201,2834,164,1600,37,1234,0,0,58,2114,143,359,58,2473,California
Sutter,2021-01-13,162,2996,99,1699,63,1297,0,0,72,2097,89,448,72,2545,California
Sutter,2021-01-14,145,3141,49,1748,96,1393,0,0,126,2204,19,467,126,2671,California
Sutter,2021-01-15,438,3579,133,1881,305,1698,0,0,423,2612,15,482,423,3094,California
Sutter,2021-01-16,384,3963,41,1922,343,2041,0,0,353,2935,30,512,353,3447,California
Sutter,2021-01-17,26,3989,24,1946,2,2043,0,0,10,2929,16,528,10,3457,California
Sutter,2021-01-18,118,4107,63,2009,55,2098,0,0,70,2951,48,576,70,3527,California
Sutter,2021-01-19,103,4210,42,2051,61,2159,0,0,79,3006,24,600,79,3606,California
Sutter,2021-01-20,270,4480,206,2257,64,2223,0,0,250,3236,20,620,250,3856,California
Sutter,2021-01-21,486,4966,317,2574,169,2392,0,0,467,3684,19,639,467,4323,California
Sutter,2021-01-22,239,5205,52,2626,187,2579,0,0,230,3905,9,648,230,4553,California
Sutter,2021-01-23,396,5601,39,2665,357,2936,0,0,370,4249,26,674,370,4923,California
Sutter,2021-01-24,17,5618,14,2679,3,2939,0,0,15,4262,2,676,15,4938,California
Sutter,2021-01-25,306,5924,196,2875,110,3049,0,0,151,4259,154,830,151,5089,California
Sutter,2021-01-26,248,6172,108,2983,140,3189,0,0,144,4300,103,933,144,5233,California
Sutter,2021-01-27,386,6558,255,3238,131,3320,0,0,320,4554,66,999,320,5553,California
Sutter,2021-01-28,584,7142,361,3599,223,3543,0,0,409,4789,174,1173,409,5962,California
Sutter,2021-01-29,359,7501,86,3685,273,3816,0,0,239,4908,120,1293,239,6201,California
Sutter,2021-01-30,775,8276,38,3723,737,4553,0,0,764,5661,11,1304,764,6965,California
Sutter,2021-01-31,28,8304,27,3750,1,4554,0,0,28,5689,0,1304,28,6993,California
Sutter,2021-02-01,166,8470,50,3800,116,4670,0,0,135,5793,31,1335,135,7128,California
Sutter,2021-02-02,243,8713,26,3826,217,4887,0,0,211,5972,32,1367,211,7339,California
Sutter,2021-02-03,444,9157,39,3865,405,5292,0,0,210,5948,234,1601,210,7549,California
Sutter,2021-02-04,669,9826,365,4230,304,5596,0,0,619,6517,50,1651,619,8168,California
Sutter,2021-02-05,287,10113,32,4262,255,5851,0,0,136,6502,151,1802,136,8304,California
Sutter,2021-02-06,736,10849,29,4291,707,6558,0,0,714,7194,22,1824,714,9018,California
Sutter,2021-02-07,23,10872,20,4311,3,6561,0,0,19,7209,4,1828,19,9037,California
Sutter,2021-02-08,134,11006,29,4340,105,6666,0,0,98,7271,36,1864,98,9135,California
Sutter,2021-02-09,246,11252,45,4385,201,6867,0,0,184,7393,62,1926,184,9319,California
Sutter,2021-02-10,819,12071,380,4765,439,7306,0,0,177,6929,641,2567,177,9496,California
Sutter,2021-02-11,603,12674,275,5040,328,7634,0,0,345,7016,258,2825,345,9841,California
Sutter,2021-02-12,633,13307,67,5107,566,8200,0,0,310,7004,322,3147,310,10151,California
Sutter,2021-02-13,897,14204,48,5155,849,9049,0,0,781,7669,116,3263,781,10932,California
Sutter,2021-02-14,90,14294,25,5180,65,9114,0,0,79,7737,11,3274,79,11011,California
Sutter,2021-02-15,197,14491,72,5252,125,9239,0,0,119,7778,78,3352,119,11130,California
Sutter,2021-02-16,288,14779,45,5297,243,9482,0,0,204,7899,83,3435,204,11334,California
Sutter,2021-02-17,823,15602,428,5725,395,9877,0,0,129,7334,694,4129,129,11463,California
Sutter,2021-02-18,701,16303,55,5780,646,10523,0,0,490,7614,210,4339,490,11953,California
Sutter,2021-02-19,662,16965,377,6157,285,10808,0,0,460,7874,200,4539,460,12413,California
Sutter,2021-02-20,619,17584,55,6212,564,11372,0,0,516,8288,102,4641,516,12929,California
Sutter,2021-02-21,30,17614,27,6239,3,11375,0,0,7,8272,23,4664,7,12936,California
Sutter,2021-02-22,207,17821,122,6361,85,11460,0,0,87,8239,120,4784,87,13023,California
Sutter,2021-02-23,223,18044,33,6394,190,11650,0,0,97,8210,126,4910,97,13120,California
Sutter,2021-02-24,961,19005,349,6743,612,12262,0,0,191,7632,769,5679,191,13311,California
Sutter,2021-02-25,785,19790,498,7241,287,12549,0,0,604,8058,178,5857,604,13915,California
Sutter,2021-02-26,371,20161,60,7301,311,12860,0,0,154,7997,215,6072,154,14069,California
Sutter,2021-02-27,865,21026,45,7346,820,13680,0,0,710,8550,157,6229,710,14779,California
Sutter,2021-02-28,84,21110,38,7384,46,13726,0,0,64,8595,19,6248,64,14843,California
Sutter,2021-03-01,247,21357,61,7445,186,13912,0,0,150,8648,97,6345,150,14993,California
Sutter,2021-03-02,334,21691,57,7502,277,14189,0,0,160,8635,173,6518,160,15153,California
Sutter,2021-03-03,1384,23075,514,8016,870,15059,0,0,646,8549,732,7250,646,15799,California
Sutter,2021-03-04,1256,24331,867,8883,389,15448,0,0,948,9193,304,7554,948,16747,California
Sutter,2021-03-05,338,24669,79,8962,258,15706,1,1,206,9268,132,7686,207,16954,California
Sutter,2021-03-06,1022,25691,46,9008,971,16677,5,6,860,9971,162,7848,865,17819,California
Sutter,2021-03-07,64,25755,23,9031,40,16717,1,7,44,9996,20,7868,45,17864,California
Sutter,2021-03-08,226,25981,79,9110,135,16852,12,19,157,10096,69,7937,169,18033,California
Sutter,2021-03-09,384,26365,136,9246,235,17087,13,32,182,10089,202,8139,195,18228,California
Sutter,2021-03-10,1569,27934,681,9927,827,17914,61,93,525,9634,1041,9180,586,18814,California
Sutter,2021-03-11,894,28828,441,10368,434,18348,19,112,648,10058,243,9423,667,19481,California
Sutter,2021-03-12,673,29501,110,10478,381,18729,182,294,199,9966,471,9894,379,19860,California
Sutter,2021-03-13,985,30486,749,11227,218,18947,18,312,781,10562,202,10096,798,20658,California
Sutter,2021-03-14,130,30616,22,11249,97,19044,11,323,44,10531,86,10182,55,20713,California
Sutter,2021-03-15,320,30936,66,11315,205,19249,49,372,153,10567,166,10348,202,20915,California
Sutter,2021-03-16,392,31328,86,11401,259,19508,47,419,213,10647,179,10527,259,21174,California
Sutter,2021-03-17,1496,32824,563,11964,913,20421,20,439,313,9804,1175,11702,332,21506,California
Sutter,2021-03-18,973,33797,182,12146,589,21010,202,641,571,10176,400,12102,772,22278,California
Sutter,2021-03-19,463,34260,165,12311,269,21279,29,670,284,10312,177,12279,313,22591,California
Sutter,2021-03-20,949,35209,116,12427,822,22101,11,681,860,11094,89,12368,871,23462,California
Sutter,2021-03-21,67,35276,47,12474,17,22118,3,684,37,11104,30,12398,40,23502,California
Sutter,2021-03-22,288,35564,120,12594,142,22260,26,710,213,11269,74,12472,239,23741,California
Sutter,2021-03-23,376,35940,115,12709,229,22489,32,742,255,11434,121,12593,286,24027,California
Sutter,2021-03-24,1683,37623,772,13481,841,23330,70,812,316,10467,1353,13946,386,24413,California
Sutter,2021-03-25,1043,38666,681,14162,319,23649,43,855,370,10210,670,14616,413,24826,California
Sutter,2021-03-26,488,39154,174,14336,297,23946,17,872,295,10332,190,14806,312,25138,California
Sutter,2021-03-27,927,40081,63,14399,862,24808,2,874,820,11050,104,14910,822,25960,California
Sutter,2021-03-28,125,40206,71,14470,54,24862,0,874,77,11081,46,14956,77,26037,California
Sutter,2021-03-29,427,40633,144,14614,228,25090,55,929,225,11161,200,15156,280,26317,California
Sutter,2021-03-30,479,41112,160,14774,309,25399,10,939,319,11330,160,15316,329,26646,California
Sutter,2021-03-31,1249,42361,177,14951,1056,26455,16,955,448,11003,790,16106,463,27109,California
Sutter,2021-04-01,1378,43739,733,15684,458,26913,187,1142,424,10666,947,17053,610,27719,California
Sutter,2021-04-02,511,44250,99,15783,294,27207,118,1260,200,10672,309,17362,315,28034,California
Sutter,2021-04-03,910,45160,77,15860,210,27417,623,1883,121,10629,787,18149,744,28778,California
Sutter,2021-04-04,118,45278,22,15882,90,27507,6,1889,55,10627,63,18212,61,28839,California
Sutter,2021-04-05,369,45647,146,16028,187,27694,36,1925,178,10653,188,18400,214,29053,California
Sutter,2021-04-06,509,46156,197,16225,256,27950,56,1981,272,10746,236,18636,329,29382,California
Sutter,2021-04-07,1466,47622,868,17093,523,28473,75,2056,603,10568,856,19492,678,30060,California
Sutter,2021-04-08,1041,48663,580,17673,352,28825,109,2165,574,10787,462,19954,681,30741,California
Sutter,2021-04-09,560,49223,247,17920,249,29074,64,2229,233,10760,325,20279,298,31039,California
Sutter,2021-04-10,819,50042,106,18026,88,29162,625,2854,106,10773,710,20989,723,31762,California
Sutter,2021-04-11,112,50154,28,18054,40,29202,44,2898,33,10770,79,21068,76,31838,California
Sutter,2021-04-12,336,50490,91,18145,191,29393,54,2952,134,10756,202,21270,188,32026,California
Sutter,2021-04-13,429,50919,127,18272,302,29695,0,2952,211,10751,216,21486,211,32237,California
Sutter,2021-04-14,1291,52210,160,18432,1130,30825,1,2953,213,9893,1072,22558,214,32451,California
Sutter,2021-04-15,535,52745,174,18606,361,31186,0,2953,213,9786,320,22878,213,32664,California
Sutter,2021-04-16,394,53139,125,18731,269,31455,0,2953,181,9755,212,23090,181,32845,California
Sutter,2021-04-17,578,53717,84,18815,494,31949,0,2953,507,10192,70,23160,507,33352,California
Sutter,2021-04-18,70,53787,11,18826,59,32008,0,2953,43,10209,26,23186,43,33395,California
Sutter,2021-04-19,288,54075,110,18936,178,32186,0,2953,119,10161,167,23353,119,33514,California
Sutter,2021-04-20,413,54488,134,19070,279,32465,0,2953,200,10149,212,23565,200,33714,California
Sutter,2021-04-21,1233,55721,421,19491,812,33277,0,2953,477,9879,747,24312,477,34191,California
Sutter,2021-04-22,481,56202,165,19656,316,33593,0,2953,248,9896,231,24543,248,34439,California
Sutter,2021-04-23,399,56601,115,19771,284,33877,0,2953,187,9872,211,24754,187,34626,California
Sutter,2021-04-24,325,56926,105,19876,219,34096,1,2954,184,9917,140,24894,185,34811,California
Sutter,2021-04-25,157,57083,75,19951,82,34178,0,2954,86,9935,68,24962,86,34897,California
Sutter,2021-04-26,287,57370,87,20038,198,34376,2,2956,121,9894,164,25126,123,35020,California
Sutter,2021-04-27,527,57897,266,20304,257,34633,4,2960,243,9860,281,25407,247,35267,California
Sutter,2021-04-28,815,58712,339,20643,468,35101,8,2968,259,9576,551,25958,267,35534,California
Sutter,2021-04-29,773,59485,135,20778,637,35738,1,2969,309,9425,461,26419,310,35844,California
Sutter,2021-04-30,357,59842,109,20887,235,35973,13,2982,146,9375,208,26627,158,36002,California
Sutter,2021-05-01,295,60137,106,20993,148,36121,41,3023,125,9374,167,26794,166,36168,California
Sutter,2021-05-02,79,60216,52,21045,25,36146,2,3025,45,9387,34,26828,47,36215,California
Sutter,2021-05-03,169,60385,107,21152,53,36199,9,3034,69,9365,100,26928,78,36293,California
Sutter,2021-05-04,518,60903,236,21388,218,36417,64,3098,218,9349,297,27225,281,36574,California
Sutter,2021-05-05,534,61437,141,21529,385,36802,8,3106,158,9146,369,27594,166,36740,California
Sutter,2021-05-06,426,61863,231,21760,175,36977,20,3126,192,9124,234,27828,212,36952,California
Sutter,2021-05-07,407,62270,146,21906,239,37216,22,3148,153,9047,252,28080,175,37127,California
Sutter,2021-05-08,196,62466,49,21955,141,37357,6,3154,106,9069,90,28170,112,37239,California
Sutter,2021-05-09,81,62547,52,22007,24,37381,5,3159,56,9105,25,28195,61,37300,California
Sutter,2021-05-10,188,62735,42,22049,129,37510,17,3176,47,9030,139,28334,64,37364,California
Sutter,2021-05-11,433,63168,212,22261,203,37713,18,3194,180,8977,250,28584,197,37561,California
Sutter,2021-05-12,396,63564,211,22472,176,37889,9,3203,134,8862,258,28842,143,37704,California
Sutter,2021-05-13,441,64005,228,22700,191,38080,22,3225,170,8786,268,29110,192,37896,California
Sutter,2021-05-14,434,64439,184,22884,235,38315,15,3240,214,8800,215,29325,229,38125,California
Sutter,2021-05-15,838,65277,308,23192,499,38814,31,3271,305,8604,532,29857,336,38461,California
Sutter,2021-05-16,136,65413,82,23274,46,38860,8,3279,75,8627,60,29917,83,38544,California
Sutter,2021-05-17,287,65700,114,23388,159,39019,14,3293,153,8661,133,30050,167,38711,California
Sutter,2021-05-18,532,66232,311,23699,217,39236,4,3297,293,8722,236,30286,297,39008,California
Sutter,2021-05-19,463,66695,265,23964,191,39427,7,3304,246,8761,214,30500,253,39261,California
Sutter,2021-05-20,382,67077,214,24178,156,39583,12,3316,198,8789,182,30682,210,39471,California
Sutter,2021-05-21,270,67347,72,24250,187,39770,11,3327,117,8764,152,30834,127,39598,California
Tehama,2020-12-15,1,1,1,1,0,0,0,0,1,1,0,0,1,1,California
Tehama,2020-12-16,2,3,2,3,0,0,0,0,2,3,0,0,2,3,California
Tehama,2020-12-17,12,15,12,15,0,0,0,0,12,15,0,0,12,15,California
Tehama,2020-12-18,2,17,2,17,0,0,0,0,3,18,0,0,3,18,California
Tehama,2020-12-21,33,50,33,50,0,0,0,0,33,51,0,0,33,51,California
Tehama,2020-12-22,68,118,62,112,6,6,0,0,68,119,0,0,68,119,California
Tehama,2020-12-23,49,167,41,153,8,14,0,0,49,168,0,0,49,168,California
Tehama,2020-12-24,5,172,3,156,2,16,0,0,5,173,0,0,5,173,California
Tehama,2020-12-26,3,175,2,158,1,17,0,0,3,176,0,0,3,176,California
Tehama,2020-12-27,2,177,2,160,0,17,0,0,2,178,0,0,2,178,California
Tehama,2020-12-28,56,233,43,203,13,30,0,0,56,234,0,0,56,234,California
Tehama,2020-12-29,31,264,31,234,0,30,0,0,31,265,0,0,31,265,California
Tehama,2020-12-30,54,318,38,272,16,46,0,0,53,318,0,0,53,318,California
Tehama,2020-12-31,14,332,4,276,10,56,0,0,14,332,0,0,14,332,California
Tehama,2021-01-01,2,334,0,276,2,58,0,0,2,334,0,0,2,334,California
Tehama,2021-01-04,32,366,9,285,23,81,0,0,32,366,0,0,32,366,California
Tehama,2021-01-05,70,436,43,328,27,108,0,0,67,430,3,3,67,433,California
Tehama,2021-01-06,71,507,21,349,50,158,0,0,62,484,8,11,62,495,California
Tehama,2021-01-07,57,564,7,356,50,208,0,0,56,539,1,12,56,551,California
Tehama,2021-01-08,33,597,24,380,9,217,0,0,28,562,5,17,28,579,California
Tehama,2021-01-09,7,604,5,385,2,219,0,0,5,565,2,19,5,584,California
Tehama,2021-01-10,1,605,0,385,1,220,0,0,1,566,0,19,1,585,California
Tehama,2021-01-11,48,653,46,431,2,222,0,0,15,548,33,52,15,600,California
Tehama,2021-01-12,131,784,111,542,20,242,0,0,86,589,45,97,86,686,California
Tehama,2021-01-13,73,857,55,597,18,260,0,0,27,570,46,143,27,713,California
Tehama,2021-01-14,224,1081,50,647,174,434,0,0,222,790,2,145,222,935,California
Tehama,2021-01-15,249,1330,74,721,175,609,0,0,245,1031,4,149,245,1180,California
Tehama,2021-01-16,263,1593,19,740,244,853,0,0,260,1288,3,152,260,1440,California
Tehama,2021-01-17,6,1599,2,742,4,857,0,0,4,1290,2,154,4,1444,California
Tehama,2021-01-18,10,1609,6,748,4,861,0,0,5,1290,5,159,5,1449,California
Tehama,2021-01-19,291,1900,65,813,226,1087,0,0,236,1471,55,214,236,1685,California
Tehama,2021-01-20,301,2201,87,900,214,1301,0,0,251,1673,49,263,251,1936,California
Tehama,2021-01-21,215,2416,11,911,204,1505,0,0,205,1868,10,273,205,2141,California
Tehama,2021-01-22,223,2639,21,932,202,1707,0,0,220,2085,3,276,220,2361,California
Tehama,2021-01-23,258,2897,7,939,251,1958,0,0,257,2341,1,277,257,2618,California
Tehama,2021-01-24,1,2898,1,940,0,1958,0,0,1,2342,0,277,1,2619,California
Tehama,2021-01-25,32,2930,14,954,18,1976,0,0,14,2338,18,295,14,2633,California
Tehama,2021-01-26,324,3254,42,996,282,2258,0,0,287,2588,37,332,287,2920,California
Tehama,2021-01-27,299,3553,21,1017,278,2536,0,0,279,2847,20,352,279,3199,California
Tehama,2021-01-28,339,3892,29,1046,310,2846,0,0,324,3156,15,367,324,3523,California
Tehama,2021-01-29,321,4213,19,1065,302,3148,0,0,304,3443,17,384,304,3827,California
Tehama,2021-01-30,103,4316,2,1067,101,3249,0,0,102,3544,1,385,102,3929,California
Tehama,2021-01-31,1,4317,0,1067,1,3250,0,0,1,3545,0,385,1,3930,California
Tehama,2021-02-01,78,4395,22,1089,56,3306,0,0,36,3539,42,427,36,3966,California
Tehama,2021-02-02,349,4744,63,1152,286,3592,0,0,252,3694,97,524,252,4218,California
Tehama,2021-02-03,387,5131,12,1164,375,3967,0,0,343,3993,44,568,343,4561,California
Tehama,2021-02-04,481,5612,99,1263,382,4349,0,0,400,4313,81,649,401,4962,California
Tehama,2021-02-05,177,5789,73,1336,104,4453,0,0,115,4366,62,711,115,5077,California
Tehama,2021-02-06,28,5817,13,1349,15,4468,0,0,16,4370,12,723,16,5093,California
Tehama,2021-02-07,5,5822,4,1353,1,4469,0,0,2,4369,3,726,2,5095,California
Tehama,2021-02-08,36,5858,14,1367,22,4491,0,0,27,4387,9,735,27,5122,California
Tehama,2021-02-09,78,5936,34,1401,44,4535,0,0,44,4397,34,769,44,5166,California
Tehama,2021-02-10,233,6169,62,1463,171,4706,0,0,157,4478,76,845,157,5323,California
Tehama,2021-02-11,221,6390,16,1479,205,4911,0,0,82,4423,137,982,82,5405,California
Tehama,2021-02-12,366,6756,65,1544,301,5212,0,0,174,4405,192,1174,174,5579,California
Tehama,2021-02-13,385,7141,13,1557,372,5584,0,0,147,4314,238,1412,147,5726,California
Tehama,2021-02-14,34,7175,1,1558,33,5617,0,0,32,4344,2,1414,32,5758,California
Tehama,2021-02-15,53,7228,10,1568,43,5660,0,0,47,4385,6,1420,47,5805,California
Tehama,2021-02-16,242,7470,16,1584,226,5886,0,0,60,4263,182,1602,60,5865,California
Tehama,2021-02-17,280,7750,12,1596,268,6154,0,0,54,4091,226,1828,54,5919,California
Tehama,2021-02-18,369,8119,32,1628,337,6491,0,0,144,4010,225,2053,144,6063,California
Tehama,2021-02-19,214,8333,18,1646,196,6687,0,0,43,3882,171,2224,43,6106,California
Tehama,2021-02-20,271,8604,6,1652,265,6952,0,0,26,3663,245,2469,26,6132,California
Tehama,2021-02-21,1,8605,1,1653,0,6952,0,0,1,3664,0,2469,1,6133,California
Tehama,2021-02-22,39,8644,15,1668,24,6976,0,0,26,3677,13,2482,26,6159,California
Tehama,2021-02-23,46,8690,19,1687,27,7003,0,0,26,3683,20,2502,26,6185,California
Tehama,2021-02-24,300,8990,13,1700,287,7290,0,0,27,3437,273,2775,27,6212,California
Tehama,2021-02-25,375,9365,60,1760,315,7605,0,0,39,3140,336,3111,39,6251,California
Tehama,2021-02-26,455,9820,19,1779,436,8041,0,0,70,2825,385,3496,70,6321,California
Tehama,2021-02-27,295,10115,5,1784,290,8331,0,0,34,2598,261,3757,34,6355,California
Tehama,2021-02-28,23,10138,2,1786,21,8352,0,0,20,2615,3,3760,20,6375,California
Tehama,2021-03-01,67,10205,8,1794,59,8411,0,0,33,2614,34,3794,33,6408,California
Tehama,2021-03-02,135,10340,18,1812,117,8528,0,0,30,2539,105,3899,30,6438,California
Tehama,2021-03-03,149,10489,33,1845,116,8644,0,0,48,2486,101,4000,48,6486,California
Tehama,2021-03-04,626,11115,36,1881,590,9234,0,0,222,2311,397,4397,222,6708,California
Tehama,2021-03-05,401,11516,19,1900,382,9616,0,0,216,2343,184,4581,216,6924,California
Tehama,2021-03-06,296,11812,14,1914,282,9898,0,0,80,2209,215,4796,81,7005,California
Tehama,2021-03-07,5,11817,1,1915,4,9902,0,0,3,2211,1,4797,3,7008,California
Tehama,2021-03-08,58,11875,12,1927,31,9933,15,15,27,2223,30,4827,42,7050,California
Tehama,2021-03-09,367,12242,9,1936,339,10272,19,34,311,2497,56,4883,330,7380,California
Tehama,2021-03-10,354,12596,14,1950,319,10591,21,55,71,2307,282,5165,92,7472,California
Tehama,2021-03-11,488,13084,17,1967,425,11016,46,101,345,2555,143,5308,391,7863,California
Tehama,2021-03-12,306,13390,19,1986,222,11238,65,166,181,2676,125,5433,246,8109,California
Tehama,2021-03-13,45,13435,8,1994,31,11269,6,172,6,2649,39,5472,12,8121,California
Tehama,2021-03-14,51,13486,3,1997,37,11306,11,183,9,2627,42,5514,20,8141,California
Tehama,2021-03-15,154,13640,21,2018,113,11419,20,203,84,2661,70,5584,104,8245,California
Tehama,2021-03-16,418,14058,14,2032,366,11785,38,241,315,2912,102,5686,353,8598,California
Tehama,2021-03-17,417,14475,22,2054,363,12148,32,273,334,3197,81,5767,366,8964,California
Tehama,2021-03-18,490,14965,26,2080,440,12588,24,297,311,3355,177,5944,335,9299,California
Tehama,2021-03-19,321,15286,23,2103,285,12873,13,310,278,3603,43,5987,291,9590,California
Tehama,2021-03-20,42,15328,9,2112,31,12904,2,312,30,3623,12,5999,32,9622,California
Tehama,2021-03-21,12,15340,5,2117,7,12911,0,312,12,3635,0,5999,12,9634,California
Tehama,2021-03-22,91,15431,7,2124,67,12978,17,329,50,3661,41,6040,67,9701,California
Tehama,2021-03-23,88,15519,27,2151,54,13032,7,336,69,3718,19,6059,76,9777,California
Tehama,2021-03-24,86,15605,16,2167,68,13100,2,338,55,3744,31,6090,57,9834,California
Tehama,2021-03-25,521,16126,355,2522,153,13253,13,351,471,4179,49,6139,484,10318,California
Tehama,2021-03-26,514,16640,403,2925,99,13352,12,363,438,4554,75,6214,450,10768,California
Tehama,2021-03-27,457,17097,361,3286,71,13423,25,388,389,4901,67,6281,414,11182,California
Tehama,2021-03-28,34,17131,13,3299,21,13444,0,388,22,4911,12,6293,22,11204,California
Tehama,2021-03-29,124,17255,31,3330,92,13536,1,389,78,4943,46,6339,78,11282,California
Tehama,2021-03-30,372,17627,222,3552,148,13684,2,391,254,5081,118,6457,256,11538,California
Tehama,2021-03-31,398,18025,296,3848,99,13783,3,394,326,5338,71,6528,328,11866,California
Tehama,2021-04-01,526,18551,246,4094,274,14057,6,400,392,5603,133,6661,398,12264,California
Tehama,2021-04-02,456,19007,215,4309,235,14292,6,406,271,5694,185,6846,276,12540,California
Tehama,2021-04-03,60,19067,3,4312,52,14344,5,411,30,5699,30,6876,35,12575,California
Tehama,2021-04-04,34,19101,6,4318,27,14371,1,412,22,5710,12,6888,23,12598,California
Tehama,2021-04-05,116,19217,21,4339,69,14440,26,438,61,5742,55,6943,87,12685,California
Tehama,2021-04-06,495,19712,110,4449,333,14773,52,490,141,5581,354,7297,193,12878,California
Tehama,2021-04-07,418,20130,282,4731,92,14865,44,534,303,5813,114,7411,346,13224,California
Tehama,2021-04-08,602,20732,174,4905,390,15255,38,572,230,5710,371,7782,268,13492,California
Tehama,2021-04-09,432,21164,193,5098,206,15461,33,605,215,5742,216,7998,248,13740,California
Tehama,2021-04-10,72,21236,9,5107,37,15498,26,631,39,5774,33,8031,65,13805,California
Tehama,2021-04-11,33,21269,7,5114,15,15513,11,642,8,5768,25,8056,19,13824,California
Tehama,2021-04-12,112,21381,6,5120,87,15600,19,661,40,5755,72,8128,59,13883,California
Tehama,2021-04-13,388,21769,64,5184,324,15924,0,661,67,5501,321,8449,67,13950,California
Tehama,2021-04-14,407,22176,52,5236,355,16279,0,661,53,5202,352,8801,53,14003,California
Tehama,2021-04-15,497,22673,192,5428,305,16584,0,661,84,4873,413,9214,84,14087,California
Tehama,2021-04-16,590,23263,338,5766,252,16836,0,661,74,4431,516,9730,74,14161,California
Tehama,2021-04-17,348,23611,268,6034,80,16916,0,661,41,4167,306,10036,42,14203,California
Tehama,2021-04-18,17,23628,3,6037,14,16930,0,661,13,4176,4,10040,13,14216,California
Tehama,2021-04-19,93,23721,7,6044,86,17016,0,661,39,4161,54,10094,39,14255,California
Tehama,2021-04-20,504,24225,414,6458,90,17106,0,661,148,3957,354,10448,150,14405,California
Tehama,2021-04-21,518,24743,445,6903,73,17179,0,661,167,3774,350,10798,167,14572,California
Tehama,2021-04-22,515,25258,364,7267,151,17330,0,661,149,3559,364,11162,149,14721,California
Tehama,2021-04-23,445,25703,346,7613,99,17429,0,661,198,3511,247,11409,199,14920,California
Tehama,2021-04-24,103,25806,17,7630,86,17515,0,661,27,3462,76,11485,27,14947,California
Tehama,2021-04-25,28,25834,17,7647,11,17526,0,661,10,3454,18,11503,10,14957,California
Tehama,2021-04-26,73,25907,9,7656,64,17590,0,661,41,3463,32,11535,41,14998,California
Tehama,2021-04-27,252,26159,206,7862,46,17636,0,661,93,3397,159,11694,93,15091,California
Tehama,2021-04-28,395,26554,318,8180,60,17696,17,678,65,3149,330,12024,82,15173,California
Tehama,2021-04-29,352,26906,171,8351,175,17871,6,684,68,2940,283,12307,74,15247,California
Tehama,2021-04-30,325,27231,241,8592,78,17949,6,690,112,2845,213,12520,118,15365,California
Tehama,2021-05-01,72,27303,4,8596,65,18014,3,693,14,2804,58,12578,17,15382,California
Tehama,2021-05-02,46,27349,24,8620,10,18024,12,705,26,2822,20,12598,38,15420,California
Tehama,2021-05-03,117,27466,41,8661,68,18092,8,713,62,2837,55,12653,70,15490,California
Tehama,2021-05-04,157,27623,55,8716,95,18187,7,720,67,2821,90,12743,74,15564,California
Tehama,2021-05-05,86,27709,21,8737,55,18242,10,730,38,2821,48,12791,48,15612,California
Tehama,2021-05-06,162,27871,90,8827,57,18299,15,745,98,2870,64,12855,113,15725,California
Tehama,2021-05-07,171,28042,71,8898,89,18388,11,756,48,2808,121,12976,59,15784,California
Tehama,2021-05-08,49,28091,6,8904,42,18430,1,757,13,2786,36,13012,14,15798,California
Tehama,2021-05-09,15,28106,3,8907,12,18442,0,757,6,2783,9,13021,6,15804,California
Tehama,2021-05-10,77,28183,7,8914,64,18506,6,763,36,2785,40,13061,42,15846,California
Tehama,2021-05-11,162,28345,115,9029,36,18542,11,774,31,2696,131,13192,42,15888,California
Tehama,2021-05-12,202,28547,134,9163,58,18600,10,784,42,2589,159,13351,52,15940,California
Tehama,2021-05-13,231,28778,159,9322,64,18664,8,792,102,2571,128,13479,110,16050,California
Tehama,2021-05-14,240,29018,128,9450,91,18755,21,813,56,2465,183,13662,77,16127,California
Tehama,2021-05-15,223,29241,132,9582,56,18811,35,848,160,2598,62,13724,195,16322,California
Tehama,2021-05-16,26,29267,6,9588,17,18828,3,851,14,2603,12,13736,17,16339,California
Tehama,2021-05-17,110,29377,29,9617,66,18894,15,866,53,2615,56,13792,68,16407,California
Tehama,2021-05-18,148,29525,76,9693,57,18951,15,881,45,2574,101,13893,60,16467,California
Tehama,2021-05-19,123,29648,52,9745,61,19012,10,891,42,2545,81,13974,52,16519,California
Tehama,2021-05-20,293,29941,214,9959,59,19071,20,911,206,2684,87,14061,226,16745,California
Tehama,2021-05-21,157,30098,79,10038,68,19139,10,921,45,2629,110,14171,55,16800,California
Trinity,2020-12-17,4,4,4,4,0,0,0,0,4,4,0,0,4,4,California
Trinity,2020-12-18,2,6,2,6,0,0,0,0,2,6,0,0,2,6,California
Trinity,2020-12-21,39,45,39,45,0,0,0,0,39,45,0,0,39,45,California
Trinity,2020-12-22,5,50,5,50,0,0,0,0,5,50,0,0,5,50,California
Trinity,2020-12-23,5,55,5,55,0,0,0,0,5,55,0,0,5,55,California
Trinity,2020-12-28,30,85,30,85,0,0,0,0,30,85,0,0,30,85,California
Trinity,2020-12-29,8,93,7,92,1,1,0,0,8,93,0,0,8,93,California
Trinity,2020-12-30,10,103,8,100,2,3,0,0,10,103,0,0,10,103,California
Trinity,2020-12-31,2,105,1,101,1,4,0,0,2,105,0,0,2,105,California
Trinity,2021-01-04,28,133,0,101,28,32,0,0,26,131,0,0,26,131,California
Trinity,2021-01-05,3,136,1,102,2,34,0,0,3,134,0,0,3,134,California
Trinity,2021-01-06,24,160,4,106,20,54,0,0,20,150,4,4,20,154,California
Trinity,2021-01-08,49,209,2,108,47,101,0,0,48,196,2,6,48,202,California
Trinity,2021-01-11,42,251,39,147,3,104,0,0,4,162,38,44,4,206,California
Trinity,2021-01-12,8,259,6,153,2,106,0,0,3,160,5,49,3,209,California
Trinity,2021-01-13,7,266,4,157,3,109,0,0,4,161,3,52,4,213,California
Trinity,2021-01-14,4,270,1,158,3,112,0,0,4,165,0,52,4,217,California
Trinity,2021-01-15,4,274,0,158,4,116,0,0,4,169,0,52,4,221,California
Trinity,2021-01-16,4,278,0,158,4,120,0,0,4,173,0,52,4,225,California
Trinity,2021-01-18,31,309,31,189,0,120,0,0,1,144,30,82,1,226,California
Trinity,2021-01-19,34,343,14,203,20,140,0,0,20,150,14,96,20,246,California
Trinity,2021-01-20,19,362,3,206,16,156,0,0,17,165,2,98,17,263,California
Trinity,2021-01-21,17,379,7,213,10,166,0,0,17,182,0,98,17,280,California
Trinity,2021-01-22,5,384,1,214,4,170,0,0,5,187,0,98,5,285,California
Trinity,2021-01-23,7,391,3,217,4,174,0,0,7,194,0,98,7,292,California
Trinity,2021-01-25,14,405,1,218,13,187,0,0,13,206,1,99,13,305,California
Trinity,2021-01-26,10,415,1,219,9,196,0,0,9,214,1,100,9,314,California
Trinity,2021-01-27,12,427,0,219,12,208,0,0,12,226,0,100,12,326,California
Trinity,2021-01-28,13,440,3,222,10,218,0,0,10,233,3,103,10,336,California
Trinity,2021-01-29,2,442,0,222,2,220,0,0,1,233,1,104,1,337,California
Trinity,2021-01-30,12,454,11,233,1,221,0,0,12,245,0,104,12,349,California
Trinity,2021-02-01,2,456,1,234,1,222,0,0,1,245,1,105,1,350,California
Trinity,2021-02-02,15,471,3,237,12,234,0,0,14,258,1,106,14,364,California
Trinity,2021-02-03,6,477,1,238,5,239,0,0,3,258,3,109,3,367,California
Trinity,2021-02-04,42,519,32,270,10,249,0,0,35,286,7,116,35,402,California
Trinity,2021-02-05,350,869,0,270,350,599,0,0,320,576,30,146,320,722,California
Trinity,2021-02-06,210,1079,5,275,205,804,0,0,203,772,7,153,203,925,California
Trinity,2021-02-07,1,1080,0,275,1,805,0,0,1,773,0,153,1,926,California
Trinity,2021-02-08,25,1105,0,275,25,830,0,0,15,778,10,163,15,941,California
Trinity,2021-02-09,27,1132,2,277,25,855,0,0,11,773,16,179,11,952,California
Trinity,2021-02-10,122,1254,10,287,112,967,0,0,102,855,20,199,102,1054,California
Trinity,2021-02-11,338,1592,2,289,336,1303,0,0,331,1179,7,206,331,1385,California
Trinity,2021-02-12,16,1608,8,297,8,1311,0,0,12,1187,4,210,12,1397,California
Trinity,2021-02-13,12,1620,5,302,7,1318,0,0,5,1185,7,217,5,1402,California
Trinity,2021-02-14,2,1622,2,304,0,1318,0,0,2,1187,0,217,2,1404,California
Trinity,2021-02-15,47,1669,0,304,47,1365,0,0,47,1234,0,217,47,1451,California
Trinity,2021-02-16,4,1673,1,305,3,1368,0,0,2,1234,2,219,2,1453,California
Trinity,2021-02-17,94,1767,2,307,92,1460,0,0,84,1308,10,229,84,1537,California
Trinity,2021-02-18,4,1771,0,307,4,1464,0,0,1,1306,3,232,1,1538,California
Trinity,2021-02-19,305,2076,2,309,303,1767,0,0,291,1583,14,246,291,1829,California
Trinity,2021-02-20,141,2217,14,323,127,1894,0,0,113,1668,28,274,113,1942,California
Trinity,2021-02-21,1,2218,1,324,0,1894,0,0,1,1669,0,274,1,1943,California
Trinity,2021-02-22,8,2226,0,324,8,1902,0,0,5,1671,3,277,5,1948,California
Trinity,2021-02-23,11,2237,4,328,7,1909,0,0,6,1672,5,282,6,1954,California
Trinity,2021-02-24,30,2267,8,336,22,1931,0,0,7,1656,23,305,7,1961,California
Trinity,2021-02-25,36,2303,23,359,13,1944,0,0,5,1630,31,336,5,1966,California
Trinity,2021-02-26,11,2314,1,360,10,1954,0,0,5,1629,6,342,5,1971,California
Trinity,2021-02-27,9,2323,7,367,2,1956,0,0,4,1628,5,347,4,1975,California
Trinity,2021-03-01,9,2332,0,367,9,1965,0,0,5,1629,4,351,5,1980,California
Trinity,2021-03-02,9,2341,3,370,6,1971,0,0,2,1624,7,358,2,1982,California
Trinity,2021-03-03,5,2346,0,370,5,1976,0,0,4,1627,1,359,4,1986,California
Trinity,2021-03-04,24,2370,19,389,5,1981,0,0,12,1627,12,371,12,1998,California
Trinity,2021-03-05,388,2758,1,390,387,2368,0,0,121,1485,263,634,121,2119,California
Trinity,2021-03-06,202,2960,7,397,195,2563,0,0,27,1337,175,809,27,2146,California
Trinity,2021-03-07,4,2964,3,400,1,2564,0,0,3,1339,1,810,3,2149,California
Trinity,2021-03-08,3,2967,0,400,2,2566,1,1,1,1339,2,812,2,2151,California
Trinity,2021-03-09,94,3061,0,400,92,2658,2,3,89,1425,5,817,91,2242,California
Trinity,2021-03-10,126,3187,3,403,120,2778,3,6,38,1378,88,905,41,2283,California
Trinity,2021-03-11,16,3203,4,407,10,2788,2,8,5,1374,11,916,7,2290,California
Trinity,2021-03-12,397,3600,5,412,386,3174,6,14,96,1175,301,1217,102,2392,California
Trinity,2021-03-13,13,3613,8,420,3,3177,2,16,8,1180,5,1222,10,2402,California
Trinity,2021-03-14,3,3616,1,421,2,3179,0,16,2,1181,1,1223,2,2404,California
Trinity,2021-03-15,67,3683,0,421,66,3245,1,17,14,1143,53,1276,15,2419,California
Trinity,2021-03-16,115,3798,7,428,108,3353,0,17,102,1232,13,1289,102,2521,California
Trinity,2021-03-17,100,3898,3,431,97,3450,0,17,26,1184,74,1363,26,2547,California
Trinity,2021-03-18,10,3908,2,433,5,3455,3,20,5,1187,5,1368,8,2555,California
Trinity,2021-03-19,459,4367,4,437,345,3800,110,130,36,910,423,1791,146,2701,California
Trinity,2021-03-20,105,4472,7,444,98,3898,0,130,70,946,34,1825,70,2771,California
Trinity,2021-03-21,4,4476,0,444,3,3901,1,131,3,949,1,1826,4,2775,California
Trinity,2021-03-22,2,4478,0,444,2,3903,0,131,2,951,0,1826,2,2777,California
Trinity,2021-03-23,96,4574,2,446,94,3997,0,131,78,1011,18,1844,78,2855,California
Trinity,2021-03-24,12,4586,1,447,11,4008,0,131,9,1017,3,1847,9,2864,California
Trinity,2021-03-25,110,4696,8,455,96,4104,6,137,84,1081,26,1873,90,2954,California
Trinity,2021-03-26,85,4781,8,463,77,4181,0,137,78,1152,7,1880,78,3032,California
Trinity,2021-03-27,20,4801,4,467,7,4188,9,146,9,1159,11,1891,18,3050,California
Trinity,2021-03-28,5,4806,3,470,2,4190,0,146,1,1156,4,1895,1,3051,California
Trinity,2021-03-29,6,4812,0,470,5,4195,1,147,2,1155,4,1899,3,3054,California
Trinity,2021-03-30,77,4889,5,475,72,4267,0,147,67,1212,10,1909,67,3121,California
Trinity,2021-03-31,56,4945,5,480,19,4286,32,179,21,1229,35,1944,52,3173,California
Trinity,2021-04-01,41,4986,11,491,19,4305,11,190,21,1241,20,1964,32,3205,California
Trinity,2021-04-02,247,5233,5,496,168,4473,74,264,75,1219,171,2135,149,3354,California
Trinity,2021-04-03,17,5250,12,508,5,4478,0,264,7,1216,10,2145,7,3361,California
Trinity,2021-04-04,10,5260,8,516,2,4480,0,264,8,1222,2,2147,8,3369,California
Trinity,2021-04-05,59,5319,6,522,52,4532,1,265,55,1274,4,2151,56,3425,California
Trinity,2021-04-06,116,5435,15,537,98,4630,3,268,28,1217,88,2239,31,3456,California
Trinity,2021-04-07,24,5459,12,549,7,4637,5,273,16,1230,8,2247,21,3477,California
Trinity,2021-04-08,87,5546,10,559,75,4712,2,275,50,1245,37,2284,52,3529,California
Trinity,2021-04-09,168,5714,20,579,144,4856,4,279,90,1261,78,2362,94,3623,California
Trinity,2021-04-10,11,5725,7,586,4,4860,0,279,10,1270,1,2363,10,3633,California
Trinity,2021-04-11,9,5734,5,591,2,4862,2,281,4,1271,5,2368,6,3639,California
Trinity,2021-04-12,77,5811,5,596,71,4933,1,282,64,1323,12,2380,64,3703,California
Trinity,2021-04-13,97,5908,5,601,92,5025,0,282,9,1244,88,2468,9,3712,California
Trinity,2021-04-14,10,5918,5,606,5,5030,0,282,6,1246,4,2472,6,3718,California
Trinity,2021-04-15,43,5961,10,616,33,5063,0,282,14,1231,29,2501,14,3732,California
Trinity,2021-04-16,146,6107,13,629,133,5196,0,282,73,1232,72,2573,73,3805,California
Trinity,2021-04-17,11,6118,5,634,6,5202,0,282,9,1239,2,2575,9,3814,California
Trinity,2021-04-18,3,6121,1,635,2,5204,0,282,0,1236,3,2578,0,3814,California
Trinity,2021-04-19,69,6190,2,637,67,5271,0,282,68,1303,1,2579,68,3882,California
Trinity,2021-04-20,92,6282,8,645,84,5355,0,282,20,1251,72,2651,20,3902,California
Trinity,2021-04-21,22,6304,9,654,13,5368,0,282,9,1247,13,2664,9,3911,California
Trinity,2021-04-22,91,6395,5,659,86,5454,0,282,14,1184,77,2741,14,3925,California
Trinity,2021-04-23,182,6577,6,665,176,5630,0,282,113,1228,69,2810,113,4038,California
Trinity,2021-04-24,23,6600,13,678,10,5640,0,282,6,1217,17,2827,6,4044,California
Trinity,2021-04-25,10,6610,9,687,1,5641,0,282,3,1214,6,2833,3,4047,California
Trinity,2021-04-26,45,6655,6,693,39,5680,0,282,40,1249,5,2838,40,4087,California
Trinity,2021-04-27,85,6740,7,700,78,5758,0,282,22,1208,63,2901,22,4109,California
Trinity,2021-04-28,33,6773,11,711,22,5780,0,282,12,1199,21,2922,12,4121,California
Trinity,2021-04-29,34,6807,13,724,21,5801,0,282,12,1189,22,2944,12,4133,California
Trinity,2021-04-30,27,6834,21,745,6,5807,0,282,8,1179,18,2962,8,4141,California
Trinity,2021-05-01,14,6848,8,753,1,5808,5,287,4,1178,10,2972,9,4150,California
Trinity,2021-05-02,8,6856,5,758,1,5809,2,289,2,1176,6,2978,4,4154,California
Trinity,2021-05-03,58,6914,13,771,44,5853,1,290,9,1138,48,3026,10,4164,California
Trinity,2021-05-04,23,6937,11,782,11,5864,1,291,8,1132,15,3041,9,4173,California
Trinity,2021-05-05,10,6947,6,788,4,5868,0,291,3,1128,7,3048,3,4176,California
Trinity,2021-05-06,72,7019,10,798,60,5928,2,293,15,1088,57,3105,17,4193,California
Trinity,2021-05-07,175,7194,12,810,129,6057,34,327,14,975,161,3266,48,4241,California
Trinity,2021-05-08,6,7200,2,812,4,6061,0,327,2,973,4,3270,2,4243,California
Trinity,2021-05-09,11,7211,8,820,3,6064,0,327,7,976,4,3274,7,4250,California
Trinity,2021-05-10,15,7226,5,825,9,6073,1,328,8,978,7,3281,9,4259,California
Trinity,2021-05-11,7,7233,3,828,4,6077,0,328,5,981,2,3283,5,4264,California
Trinity,2021-05-12,17,7250,14,842,2,6079,1,329,13,991,4,3287,14,4278,California
Trinity,2021-05-13,10,7260,7,849,2,6081,1,330,7,996,3,3290,8,4286,California
Trinity,2021-05-14,129,7389,19,868,82,6163,28,358,37,969,92,3382,65,4351,California
Trinity,2021-05-15,13,7402,9,877,3,6166,1,359,7,971,6,3388,8,4359,California
Trinity,2021-05-16,7,7409,6,883,1,6167,0,359,5,974,2,3390,5,4364,California
Trinity,2021-05-17,108,7517,20,903,86,6253,2,361,42,952,66,3456,44,4408,California
Trinity,2021-05-18,37,7554,7,910,29,6282,1,362,11,938,26,3482,12,4420,California
Trinity,2021-05-19,143,7697,16,926,98,6380,29,391,28,881,114,3596,57,4477,California
Trinity,2021-05-20,12,7709,6,932,3,6383,3,394,6,884,6,3602,9,4486,California
Trinity,2021-05-21,5,7714,0,932,5,6388,0,394,2,883,3,3605,2,4488,California
Tulare,2020-12-15,1,1,1,1,0,0,0,0,1,1,0,0,1,1,California
Tulare,2020-12-16,4,5,4,5,0,0,0,0,4,5,0,0,4,5,California
Tulare,2020-12-17,109,114,109,114,0,0,0,0,109,114,0,0,109,114,California
Tulare,2020-12-18,290,404,289,403,1,1,0,0,290,404,0,0,290,404,California
Tulare,2020-12-19,327,731,327,730,0,1,0,0,327,731,0,0,327,731,California
Tulare,2020-12-20,167,898,166,896,1,2,0,0,167,898,0,0,167,898,California
Tulare,2020-12-21,422,1320,422,1318,0,2,0,0,442,1340,0,0,442,1340,California
Tulare,2020-12-22,469,1789,467,1785,2,4,0,0,468,1808,0,0,468,1808,California
Tulare,2020-12-23,327,2116,319,2104,8,12,0,0,325,2133,0,0,325,2133,California
Tulare,2020-12-24,18,2134,16,2120,2,14,0,0,18,2151,0,0,18,2151,California
Tulare,2020-12-26,8,2142,7,2127,1,15,0,0,8,2159,0,0,8,2159,California
Tulare,2020-12-27,16,2158,12,2139,4,19,0,0,16,2175,0,0,16,2175,California
Tulare,2020-12-28,478,2636,466,2605,12,31,0,0,477,2652,0,0,477,2652,California
Tulare,2020-12-29,548,3184,478,3083,70,101,0,0,548,3200,0,0,548,3200,California
Tulare,2020-12-30,465,3649,425,3508,40,141,0,0,465,3665,0,0,465,3665,California
Tulare,2020-12-31,95,3744,22,3530,73,214,0,0,95,3760,0,0,95,3760,California
Tulare,2021-01-01,2,3746,1,3531,1,215,0,0,2,3762,0,0,2,3762,California
Tulare,2021-01-02,30,3776,17,3548,13,228,0,0,30,3792,0,0,30,3792,California
Tulare,2021-01-03,23,3799,9,3557,14,242,0,0,23,3815,0,0,23,3815,California
Tulare,2021-01-04,91,3890,15,3572,76,318,0,0,91,3906,0,0,91,3906,California
Tulare,2021-01-05,462,4352,278,3850,184,502,0,0,460,4364,2,2,460,4366,California
Tulare,2021-01-06,863,5215,633,4483,230,732,0,0,853,5207,10,12,853,5219,California
Tulare,2021-01-07,782,5997,583,5066,199,931,0,0,675,5775,107,119,675,5894,California
Tulare,2021-01-08,1266,7263,574,5640,692,1623,0,0,928,6366,337,456,928,6822,California
Tulare,2021-01-09,741,8004,203,5843,538,2161,0,0,554,6733,187,643,554,7376,California
Tulare,2021-01-10,50,8054,44,5887,6,2167,0,0,11,6705,39,682,11,7387,California
Tulare,2021-01-11,1272,9326,769,6656,503,2670,0,0,836,7105,436,1118,836,8223,California
Tulare,2021-01-12,1415,10741,501,7157,914,3584,0,0,1006,7704,408,1526,1007,9230,California
Tulare,2021-01-13,428,11169,199,7356,229,3813,0,0,353,7982,75,1601,353,9583,California
Tulare,2021-01-14,491,11660,141,7497,350,4163,0,0,465,8432,15,1616,465,10048,California
Tulare,2021-01-15,1622,13282,154,7651,1468,5631,0,0,1613,10036,9,1625,1613,11661,California
Tulare,2021-01-16,1899,15181,112,7763,1787,7418,0,0,1885,11907,14,1639,1885,13546,California
Tulare,2021-01-17,141,15322,122,7885,19,7437,0,0,131,12028,10,1649,131,13677,California
Tulare,2021-01-18,694,16016,661,8546,33,7470,0,0,297,11928,397,2046,297,13974,California
Tulare,2021-01-19,1011,17027,688,9234,323,7793,0,0,584,12085,427,2473,584,14558,California
Tulare,2021-01-20,2425,19452,612,9846,1813,9606,0,0,2013,13712,386,2859,2013,16571,California
Tulare,2021-01-21,1549,21001,182,10028,1367,10973,0,0,1523,15214,21,2880,1523,18094,California
Tulare,2021-01-22,1058,22059,189,10217,869,11842,0,0,1033,16223,24,2904,1033,19127,California
Tulare,2021-01-23,437,22496,155,10372,282,12124,0,0,417,16620,20,2924,417,19544,California
Tulare,2021-01-24,30,22526,27,10399,3,12127,0,0,28,16646,2,2926,28,19572,California
Tulare,2021-01-25,1333,23859,981,11380,352,12479,0,0,1297,17907,36,2962,1297,20869,California
Tulare,2021-01-26,1495,25354,1097,12477,398,12877,0,0,1169,18751,325,3287,1169,22038,California
Tulare,2021-01-27,1499,26853,1070,13547,429,13306,0,0,921,19095,577,3864,921,22959,California
Tulare,2021-01-28,1214,28067,777,14324,437,13743,0,0,818,19517,396,4260,818,23777,California
Tulare,2021-01-29,1129,29196,719,15043,410,14153,0,0,820,20028,309,4569,820,24597,California
Tulare,2021-01-30,1675,30871,1581,16624,94,14247,0,0,1651,21656,24,4593,1652,26249,California
Tulare,2021-01-31,67,30938,62,16686,5,14252,0,0,64,21717,3,4596,64,26313,California
Tulare,2021-02-01,1185,32123,915,17601,270,14522,0,0,829,22191,355,4951,829,27142,California
Tulare,2021-02-02,696,32819,347,17948,349,14871,0,0,455,22408,239,5190,456,27598,California
Tulare,2021-02-03,566,33385,240,18188,326,15197,0,0,325,22512,221,5411,325,27923,California
Tulare,2021-02-04,556,33941,169,18357,387,15584,0,0,267,22492,288,5699,268,28191,California
Tulare,2021-02-05,1237,35178,238,18595,999,16583,0,0,416,22089,819,6518,416,28607,California
Tulare,2021-02-06,832,36010,156,18751,676,17259,0,0,265,21789,565,7083,265,28872,California
Tulare,2021-02-07,83,36093,71,18822,12,17271,0,0,23,21752,60,7143,23,28895,California
Tulare,2021-02-08,941,37034,325,19147,616,17887,0,0,241,21295,698,7841,241,29136,California
Tulare,2021-02-09,1415,38449,335,19482,1080,18967,0,0,369,20623,1041,8882,369,29505,California
Tulare,2021-02-10,2472,40921,1986,21468,486,19453,0,0,2071,22294,400,9282,2071,31576,California
Tulare,2021-02-11,1325,42246,377,21845,948,20401,0,0,906,22781,419,9701,906,32482,California
Tulare,2021-02-12,2784,45030,575,22420,2209,22610,0,0,1212,22428,1565,11266,1212,33694,California
Tulare,2021-02-13,2479,47509,157,22577,2322,24932,0,0,665,21283,1810,13076,665,34359,California
Tulare,2021-02-14,337,47846,40,22617,297,25229,0,0,300,21546,37,13113,300,34659,California
Tulare,2021-02-15,920,48766,294,22911,626,25855,0,0,663,21953,256,13369,663,35322,California
Tulare,2021-02-16,2832,51598,1593,24504,1239,27094,0,0,1079,21280,1752,15121,1079,36401,California
Tulare,2021-02-17,2698,54296,511,25015,2187,29281,0,0,461,19510,2231,17352,461,36862,California
Tulare,2021-02-18,2310,56606,456,25471,1854,31135,0,0,629,18466,1673,19025,629,37491,California
Tulare,2021-02-19,2311,58917,871,26342,1440,32575,0,0,954,18064,1356,20381,954,38445,California
Tulare,2021-02-20,2979,61896,1881,28223,1098,33673,0,0,1257,17604,1717,22098,1257,39702,California
Tulare,2021-02-21,94,61990,90,28313,4,33677,0,0,48,17607,45,22143,48,39750,California
Tulare,2021-02-22,1105,63095,699,29012,406,34083,0,0,210,16923,894,23037,210,39960,California
Tulare,2021-02-23,1959,65054,949,29961,1010,35093,0,0,1466,17897,492,23529,1466,41426,California
Tulare,2021-02-24,2483,67537,1548,31509,935,36028,0,0,2108,19632,374,23903,2109,43535,California
Tulare,2021-02-25,3508,71045,1978,33487,1530,37558,0,0,3092,22312,412,24315,3092,46627,California
Tulare,2021-02-26,3851,74896,1887,35374,1964,39522,0,0,3384,25232,465,24780,3385,50012,California
Tulare,2021-02-27,2998,77894,1490,36864,1508,41030,0,0,2865,27976,121,24901,2865,52877,California
Tulare,2021-02-28,1308,79202,1036,37900,272,41302,0,0,1288,29247,17,24918,1288,54165,California
Tulare,2021-03-01,1768,80970,798,38698,970,42272,0,0,1582,30645,184,25102,1582,55747,California
Tulare,2021-03-02,2769,83739,1267,39965,1502,43774,0,0,2595,33069,172,25274,2596,58343,California
Tulare,2021-03-03,3953,87692,2618,42583,1335,45109,0,0,2005,33131,1945,27219,2007,60350,California
Tulare,2021-03-04,2942,90634,1332,43915,1610,46719,0,0,2619,35430,320,27539,2619,62969,California
Tulare,2021-03-05,3429,94063,1760,45675,1654,48373,15,15,2920,37861,506,28045,2937,65906,California
Tulare,2021-03-06,3082,97145,1439,47114,1584,49957,59,74,2834,40507,245,28290,2891,68797,California
Tulare,2021-03-07,1137,98282,703,47817,413,50370,21,95,1096,41584,40,28330,1117,69914,California
Tulare,2021-03-08,1712,99994,1007,48824,536,50906,169,264,1390,42825,317,28647,1558,71472,California
Tulare,2021-03-09,3255,103249,2246,51070,862,51768,147,411,2847,45411,407,29054,2993,74465,California
Tulare,2021-03-10,2828,106077,1398,52468,1255,53023,175,586,2430,47625,389,29443,2603,77068,California
Tulare,2021-03-11,4167,110244,1979,54447,1887,54910,301,887,3230,50219,937,30380,3531,80599,California
Tulare,2021-03-12,4400,114644,2432,56879,1619,56529,349,1236,3127,52432,1265,31645,3478,84077,California
Tulare,2021-03-13,4134,118778,1942,58821,2087,58616,105,1341,3191,54791,937,32582,3296,87373,California
Tulare,2021-03-14,1859,120637,985,59806,655,59271,219,1560,1334,55817,524,33106,1550,88923,California
Tulare,2021-03-15,2746,123383,1627,61433,1004,60275,115,1675,1972,57133,772,33878,2088,91011,California
Tulare,2021-03-16,3436,126819,2124,63557,1234,61509,78,1753,1879,57540,1553,35431,1960,92971,California
Tulare,2021-03-17,4048,130867,2636,66193,1335,62844,77,1830,2306,58194,1736,37167,2390,95361,California
Tulare,2021-03-18,4633,135500,3380,69573,1181,64025,72,1902,2458,58558,2168,39335,2532,97893,California
Tulare,2021-03-19,5097,140597,3352,72925,1550,65575,195,2097,2730,59137,2348,41683,2927,100820,California
Tulare,2021-03-20,4479,145076,2786,75711,1321,66896,372,2469,2060,59161,2411,44094,2435,103255,California
Tulare,2021-03-21,1996,147072,1706,77417,264,67160,26,2495,1055,59304,937,45031,1080,104335,California
Tulare,2021-03-22,2564,149636,1775,79192,677,67837,112,2607,1693,60246,865,45896,1807,106142,California
Tulare,2021-03-23,3756,153392,2157,81349,1547,69384,52,2659,2062,60682,1684,47580,2120,108262,California
Tulare,2021-03-24,3204,156596,1989,83338,1173,70557,42,2701,1811,61150,1385,48965,1853,110115,California
Tulare,2021-03-25,3479,160075,1813,85151,1494,72051,172,2873,1691,61234,1781,50746,1865,111980,California
Tulare,2021-03-26,5252,165327,3135,88286,2008,74059,109,2982,2547,61204,2687,53433,2657,114637,California
Tulare,2021-03-27,3537,168864,1814,90100,1625,75684,98,3080,990,59752,2539,55972,1087,115724,California
Tulare,2021-03-28,1462,170326,1057,91157,374,76058,31,3111,675,59679,785,56757,712,116436,California
Tulare,2021-03-29,2894,173220,1675,92832,1107,77165,112,3223,1228,59360,1661,58418,1342,117778,California
Tulare,2021-03-30,4830,178050,2785,95617,1815,78980,230,3453,1531,57827,3290,61708,1757,119535,California
Tulare,2021-03-31,3950,182000,2339,97956,1498,80478,113,3566,1578,57156,2364,64072,1693,121228,California
Tulare,2021-04-01,4518,186518,2451,100407,2000,82478,67,3633,1560,55836,2948,67020,1628,122856,California
Tulare,2021-04-02,5326,191844,3051,103458,2157,84635,118,3751,1574,53793,3736,70756,1693,124549,California
Tulare,2021-04-03,3553,195397,2048,105506,1142,85777,363,4114,829,52298,2686,73442,1191,125740,California
Tulare,2021-04-04,1633,197030,1146,106652,480,86257,7,4121,359,51394,1270,74712,366,126106,California
Tulare,2021-04-05,3336,200366,2339,108991,730,86987,267,4388,847,50033,2477,77189,1116,127222,California
Tulare,2021-04-06,3420,203786,1468,110459,1459,88446,493,4881,918,48952,2495,79684,1414,128636,California
Tulare,2021-04-07,3855,207641,1818,112277,1607,90053,430,5311,1277,48084,2569,82253,1701,130337,California
Tulare,2021-04-08,4714,212355,2592,114869,1665,91718,457,5768,1505,46845,3197,85450,1958,132295,California
Tulare,2021-04-09,4776,217131,2944,117813,1402,93120,430,6198,1804,46116,2964,88414,2235,134530,California
Tulare,2021-04-10,3807,220938,2058,119871,1432,94552,317,6515,924,44480,2875,91289,1239,135769,California
Tulare,2021-04-11,1573,222511,1036,120907,466,95018,71,6586,482,43945,1088,92377,553,136322,California
Tulare,2021-04-12,3361,225872,2105,123012,663,95681,593,7179,1050,43286,2303,94680,1644,137966,California
Tulare,2021-04-13,2412,228284,1586,124598,816,96497,10,7189,901,42699,1500,96180,913,138879,California
Tulare,2021-04-14,2846,231130,1681,126279,1165,97662,0,7189,908,41672,1935,98115,908,139787,California
Tulare,2021-04-15,3270,234400,2131,128410,1139,98801,0,7189,1467,41347,1792,99907,1467,141254,California
Tulare,2021-04-16,3651,238051,2216,130626,1435,100236,0,7189,1478,40662,2163,102070,1478,142732,California
Tulare,2021-04-17,2210,240261,1297,131923,913,101149,0,7189,1175,40808,1030,103100,1176,143908,California
Tulare,2021-04-18,1521,241782,1190,133113,331,101480,0,7189,814,40916,706,103806,814,144722,California
Tulare,2021-04-19,2119,243901,1220,134333,897,102377,2,7191,895,40593,1220,105026,897,145619,California
Tulare,2021-04-20,2339,246240,1313,135646,1026,103403,0,7191,995,40257,1331,106357,995,146614,California
Tulare,2021-04-21,2204,248444,1325,136971,879,104282,0,7191,806,39705,1359,107716,807,147421,California
Tulare,2021-04-22,2102,250546,1171,138142,931,105213,0,7191,724,39070,1359,109075,724,148145,California
Tulare,2021-04-23,2575,253121,1579,139721,995,106208,1,7192,1016,38538,1548,110623,1016,149161,California
Tulare,2021-04-24,1636,254757,1051,140772,583,106791,2,7194,850,38609,781,111404,852,150013,California
Tulare,2021-04-25,693,255450,520,141292,173,106964,0,7194,264,38444,429,111833,264,150277,California
Tulare,2021-04-26,1463,256913,874,142166,570,107534,19,7213,611,38228,844,112677,628,150905,California
Tulare,2021-04-27,1592,258505,632,142798,924,108458,36,7249,670,38015,918,113595,705,151610,California
Tulare,2021-04-28,1701,260206,970,143768,690,109148,41,7290,667,37694,1029,114624,708,152318,California
Tulare,2021-04-29,1989,262195,1193,144961,759,109907,37,7327,768,37286,1211,115835,803,153121,California
Tulare,2021-04-30,2427,264622,1767,146728,610,110517,50,7377,891,36697,1529,117364,940,154061,California
Tulare,2021-05-01,1407,266029,1209,147937,186,110703,12,7389,723,36755,677,118041,735,154796,California
Tulare,2021-05-02,584,266613,496,148433,72,110775,16,7405,188,36566,393,118434,204,155000,California
Tulare,2021-05-03,1608,268221,1092,149525,391,111166,125,7530,347,35784,1254,119688,472,155472,California
Tulare,2021-05-04,1540,269761,823,150348,648,111814,69,7599,622,35562,911,120599,689,156161,California
Tulare,2021-05-05,1265,271026,610,150958,567,112381,88,7687,435,35266,819,121418,523,156684,California
Tulare,2021-05-06,1950,272976,1325,152283,576,112957,49,7736,589,34550,1354,122772,638,157322,California
Tulare,2021-05-07,1841,274817,1250,153533,523,113480,68,7804,526,33835,1308,124080,593,157915,California
Tulare,2021-05-08,1233,276050,803,154336,405,113885,25,7829,526,33686,700,124780,551,158466,California
Tulare,2021-05-09,590,276640,468,154804,101,113986,21,7850,117,33356,469,125249,139,158605,California
Tulare,2021-05-10,1014,277654,587,155391,362,114348,65,7915,307,33023,705,125954,372,158977,California
Tulare,2021-05-11,1210,278864,614,156005,520,114868,76,7991,503,32901,701,126655,579,159556,California
Tulare,2021-05-12,1500,280364,967,156972,481,115349,52,8043,397,32260,1089,127744,448,160004,California
Tulare,2021-05-13,1445,281809,902,157874,505,115854,38,8081,646,32149,795,128539,684,160688,California
Tulare,2021-05-14,1927,283736,1240,159114,625,116479,62,8143,859,32013,1057,129596,921,161609,California
Tulare,2021-05-15,1558,285294,875,159989,638,117117,45,8188,660,31826,891,130487,704,162313,California
Tulare,2021-05-16,693,285987,552,160541,129,117246,12,8200,323,31792,369,130856,335,162648,California
Tulare,2021-05-17,1530,287517,950,161491,507,117753,73,8273,741,31824,782,131638,814,163462,California
Tulare,2021-05-18,1566,289083,842,162333,672,118425,52,8325,798,31909,763,132401,848,164310,California
Tulare,2021-05-19,1445,290528,936,163269,480,118905,29,8354,760,32018,680,133081,789,165099,California
Tulare,2021-05-20,1261,291789,893,164162,316,119221,52,8406,629,32069,630,133711,681,165780,California
Tulare,2021-05-21,1113,292902,854,165016,228,119449,31,8437,665,32324,441,134152,696,166476,California
Tuolumne,2020-12-16,47,47,47,47,0,0,0,0,47,47,0,0,47,47,California
Tuolumne,2020-12-17,17,64,17,64,0,0,0,0,17,64,0,0,17,64,California
Tuolumne,2020-12-18,101,165,100,164,1,1,0,0,101,165,0,0,101,165,California
Tuolumne,2020-12-19,5,170,5,169,0,1,0,0,5,170,0,0,5,170,California
Tuolumne,2020-12-20,2,172,2,171,0,1,0,0,2,172,0,0,2,172,California
Tuolumne,2020-12-21,115,287,101,272,14,15,0,0,115,287,0,0,115,287,California
Tuolumne,2020-12-22,172,459,172,444,0,15,0,0,172,459,0,0,172,459,California
Tuolumne,2020-12-23,185,644,183,627,2,17,0,0,185,644,0,0,185,644,California
Tuolumne,2020-12-26,2,646,2,629,0,17,0,0,2,646,0,0,2,646,California
Tuolumne,2020-12-28,77,723,75,704,2,19,0,0,77,723,0,0,77,723,California
Tuolumne,2020-12-29,102,825,39,743,63,82,0,0,102,825,0,0,102,825,California
Tuolumne,2020-12-30,78,903,22,765,56,138,0,0,78,903,0,0,78,903,California
Tuolumne,2020-12-31,27,930,20,785,7,145,0,0,27,930,0,0,27,930,California
Tuolumne,2021-01-01,6,936,5,790,1,146,0,0,6,936,0,0,6,936,California
Tuolumne,2021-01-02,118,1054,115,905,3,149,0,0,118,1054,0,0,118,1054,California
Tuolumne,2021-01-03,2,1056,2,907,0,149,0,0,2,1056,0,0,2,1056,California
Tuolumne,2021-01-04,69,1125,26,933,43,192,0,0,69,1125,0,0,69,1125,California
Tuolumne,2021-01-05,93,1218,27,960,66,258,0,0,90,1213,3,3,91,1216,California
Tuolumne,2021-01-06,132,1350,72,1032,60,318,0,0,68,1217,64,67,68,1284,California
Tuolumne,2021-01-07,119,1469,63,1095,56,374,0,0,64,1226,55,122,64,1348,California
Tuolumne,2021-01-08,105,1574,81,1176,24,398,0,0,27,1177,77,199,28,1376,California
Tuolumne,2021-01-09,2,1576,0,1176,2,400,0,0,2,1179,0,199,2,1378,California
Tuolumne,2021-01-10,3,1579,1,1177,2,402,0,0,3,1182,0,199,3,1381,California
Tuolumne,2021-01-11,116,1695,90,1267,26,428,0,0,34,1134,82,281,34,1415,California
Tuolumne,2021-01-12,102,1797,86,1353,16,444,0,0,18,1068,84,365,18,1433,California
Tuolumne,2021-01-13,231,2028,125,1478,106,550,0,0,182,1202,49,414,183,1616,California
Tuolumne,2021-01-14,148,2176,108,1586,40,590,0,0,43,1141,104,518,43,1659,California
Tuolumne,2021-01-15,474,2650,72,1658,402,992,0,0,412,1493,61,579,413,2072,California
Tuolumne,2021-01-16,7,2657,3,1661,4,996,0,0,6,1498,1,580,6,2078,California
Tuolumne,2021-01-17,7,2664,4,1665,3,999,0,0,7,1505,0,580,7,2085,California
Tuolumne,2021-01-18,46,2710,38,1703,8,1007,0,0,9,1478,36,616,9,2094,California
Tuolumne,2021-01-19,477,3187,73,1776,404,1411,0,0,431,1863,46,662,431,2525,California
Tuolumne,2021-01-20,76,3263,58,1834,18,1429,0,0,24,1836,51,713,24,2549,California
Tuolumne,2021-01-21,56,3319,23,1857,33,1462,0,0,40,1860,16,729,40,2589,California
Tuolumne,2021-01-22,169,3488,16,1873,153,1615,0,0,162,2015,7,736,162,2751,California
Tuolumne,2021-01-23,652,4140,133,2006,519,2134,0,0,547,2469,105,841,559,3310,California
Tuolumne,2021-01-24,522,4662,1,2007,521,2655,0,0,520,2988,2,843,521,3831,California
Tuolumne,2021-01-25,48,4710,28,2035,20,2675,0,0,22,2985,26,869,23,3854,California
Tuolumne,2021-01-26,80,4790,68,2103,12,2687,0,0,40,2986,40,909,41,3895,California
Tuolumne,2021-01-27,61,4851,4,2107,57,2744,0,0,8,2942,52,961,8,3903,California
Tuolumne,2021-01-28,27,4878,7,2114,20,2764,0,0,18,2951,9,970,18,3921,California
Tuolumne,2021-01-29,74,4952,6,2120,68,2832,0,0,35,2947,39,1009,35,3956,California
Tuolumne,2021-01-30,711,5663,553,2673,158,2990,0,0,689,3630,22,1031,705,4661,California
Tuolumne,2021-01-31,8,5671,2,2675,6,2996,0,0,5,3632,3,1034,5,4666,California
Tuolumne,2021-02-01,25,5696,6,2681,19,3015,0,0,22,3651,3,1037,22,4688,California
Tuolumne,2021-02-02,648,6344,40,2721,608,3623,0,0,636,4277,10,1047,636,5324,California
Tuolumne,2021-02-03,240,6584,111,2832,129,3752,0,0,88,4213,152,1199,88,5412,California
Tuolumne,2021-02-04,123,6707,13,2845,110,3862,0,0,60,4210,63,1262,60,5472,California
Tuolumne,2021-02-05,99,6806,13,2858,86,3948,0,0,35,4182,63,1325,35,5507,California
Tuolumne,2021-02-06,855,7661,581,3439,274,4222,0,0,847,5026,8,1333,852,6359,California
Tuolumne,2021-02-07,8,7669,4,3443,4,4226,0,0,4,5026,4,1337,4,6363,California
Tuolumne,2021-02-08,91,7760,40,3483,51,4277,0,0,67,5069,24,1361,67,6430,California
Tuolumne,2021-02-09,862,8622,53,3536,809,5086,0,0,821,5849,41,1402,821,7251,California
Tuolumne,2021-02-10,92,8714,17,3553,75,5161,0,0,31,5820,60,1462,31,7282,California
Tuolumne,2021-02-11,143,8857,67,3620,76,5237,0,0,77,5831,66,1528,77,7359,California
Tuolumne,2021-02-12,646,9503,19,3639,627,5864,0,0,205,5596,440,1968,205,7564,California
Tuolumne,2021-02-13,150,9653,42,3681,108,5972,0,0,119,5685,30,1998,119,7683,California
Tuolumne,2021-02-14,149,9802,13,3694,136,6108,0,0,148,5832,1,1999,148,7831,California
Tuolumne,2021-02-15,186,9988,10,3704,176,6284,0,0,177,6000,9,2008,177,8008,California
Tuolumne,2021-02-16,530,10518,18,3722,512,6796,0,0,122,5720,404,2412,124,8132,California
Tuolumne,2021-02-17,111,10629,63,3785,48,6844,0,0,61,5732,49,2461,61,8193,California
Tuolumne,2021-02-18,680,11309,25,3810,655,7499,0,0,629,6311,51,2512,630,8823,California
Tuolumne,2021-02-19,143,11452,23,3833,120,7619,0,0,43,6254,100,2612,43,8866,California
Tuolumne,2021-02-20,904,12356,341,4174,563,8182,0,0,385,6135,505,3117,386,9252,California
Tuolumne,2021-02-21,975,13331,38,4212,937,9119,0,0,470,6103,504,3621,472,9724,California
Tuolumne,2021-02-22,79,13410,58,4270,21,9140,0,0,47,6119,31,3652,47,9771,California
Tuolumne,2021-02-23,48,13458,24,4294,24,9164,0,0,26,6124,21,3673,26,9797,California
Tuolumne,2021-02-24,103,13561,58,4352,45,9209,0,0,42,6106,60,3733,42,9839,California
Tuolumne,2021-02-25,1050,14611,34,4386,1016,10225,0,0,1019,7094,31,3764,1019,10858,California
Tuolumne,2021-02-26,146,14757,10,4396,136,10361,0,0,121,7190,25,3789,121,10979,California
Tuolumne,2021-02-27,953,15710,578,4974,375,10736,0,0,249,6755,687,4476,252,11231,California
Tuolumne,2021-02-28,56,15766,4,4978,52,10788,0,0,52,6804,3,4479,52,11283,California
Tuolumne,2021-03-01,112,15878,21,4999,91,10879,0,0,77,6848,34,4513,78,11361,California
Tuolumne,2021-03-02,705,16583,73,5072,632,11511,0,0,106,6355,599,5112,106,11467,California
Tuolumne,2021-03-03,90,16673,22,5094,68,11579,0,0,65,6395,25,5137,65,11532,California
Tuolumne,2021-03-04,1168,17841,74,5168,1094,12673,0,0,1105,7437,63,5200,1105,12637,California
Tuolumne,2021-03-05,86,17927,10,5178,76,12749,0,0,49,7451,36,5236,50,12687,California
Tuolumne,2021-03-06,1056,18983,605,5783,449,13198,2,2,204,6811,847,6083,207,12894,California
Tuolumne,2021-03-07,41,19024,12,5795,14,13212,15,17,18,6821,23,6106,33,12927,California
Tuolumne,2021-03-08,196,19220,90,5885,99,13311,7,24,139,6910,57,6163,146,13073,California
Tuolumne,2021-03-09,857,20077,16,5901,830,14141,11,35,68,6206,784,6947,80,13153,California
Tuolumne,2021-03-10,78,20155,12,5913,55,14196,11,46,53,6245,25,6972,64,13217,California
Tuolumne,2021-03-11,1281,21436,36,5949,1240,15436,5,51,1255,7481,26,6998,1262,14479,California
Tuolumne,2021-03-12,299,21735,36,5985,248,15684,15,66,190,7581,108,7106,208,14687,California
Tuolumne,2021-03-13,113,21848,12,5997,101,15785,0,66,84,7638,28,7134,85,14772,California
Tuolumne,2021-03-14,142,21990,8,6005,125,15910,9,75,7,7523,135,7269,20,14792,California
Tuolumne,2021-03-15,296,22286,80,6085,213,16123,3,78,101,7439,194,7463,110,14902,California
Tuolumne,2021-03-16,802,23088,40,6125,751,16874,11,89,665,7979,136,7599,676,15578,California
Tuolumne,2021-03-17,152,23240,30,6155,109,16983,13,102,79,7999,72,7671,92,15670,California
Tuolumne,2021-03-18,948,24188,27,6182,908,17891,13,115,318,7703,627,8298,331,16001,California
Tuolumne,2021-03-19,134,24322,17,6199,87,17978,30,145,74,7748,59,8357,104,16105,California
Tuolumne,2021-03-20,89,24411,7,6206,72,18050,10,155,37,7743,51,8408,46,16151,California
Tuolumne,2021-03-21,834,25245,390,6596,434,18484,10,165,41,7009,786,9194,52,16203,California
Tuolumne,2021-03-22,164,25409,73,6669,72,18556,19,184,97,7059,66,9260,116,16319,California
Tuolumne,2021-03-23,708,26117,637,7306,57,18613,14,198,671,7706,37,9297,684,17003,California
Tuolumne,2021-03-24,110,26227,20,7326,72,18685,18,216,77,7769,32,9329,95,17098,California
Tuolumne,2021-03-25,1298,27525,23,7349,1272,19957,3,219,326,7128,970,10299,329,17427,California
Tuolumne,2021-03-26,275,27800,16,7365,236,20193,23,242,117,7121,148,10447,141,17568,California
Tuolumne,2021-03-27,580,28380,53,7418,527,20720,0,242,318,7180,260,10707,319,17887,California
Tuolumne,2021-03-28,48,28428,7,7425,41,20761,0,242,8,7150,39,10746,9,17896,California
Tuolumne,2021-03-29,206,28634,83,7508,123,20884,0,242,109,7165,94,10840,109,18005,California
Tuolumne,2021-03-30,162,28796,11,7519,150,21034,1,243,120,7245,41,10881,121,18126,California
Tuolumne,2021-03-31,95,28891,14,7533,79,21113,2,245,38,7230,55,10936,40,18166,California
Tuolumne,2021-04-01,1249,30140,30,7563,1219,22332,0,245,228,6439,1019,11955,228,18394,California
Tuolumne,2021-04-02,165,30305,11,7574,128,22460,26,271,91,6484,72,12027,117,18511,California
Tuolumne,2021-04-03,426,30731,35,7609,390,22850,1,272,239,6539,187,12214,242,18753,California
Tuolumne,2021-04-04,33,30764,3,7612,30,22880,0,272,21,6549,11,12225,21,18774,California
Tuolumne,2021-04-05,130,30894,19,7631,104,22984,7,279,59,6544,71,12296,66,18840,California
Tuolumne,2021-04-06,648,31542,517,8148,104,23088,27,306,513,6951,135,12431,542,19382,California
Tuolumne,2021-04-07,128,31670,37,8185,75,23163,16,322,50,6939,78,12509,66,19448,California
Tuolumne,2021-04-08,1445,33115,32,8217,1399,24562,14,336,247,6006,1194,13703,261,19709,California
Tuolumne,2021-04-09,274,33389,41,8258,189,24751,44,380,131,6042,143,13846,179,19888,California
Tuolumne,2021-04-10,56,33445,2,8260,34,24785,20,400,23,6053,32,13878,43,19931,California
Tuolumne,2021-04-11,18,33463,3,8263,12,24797,3,403,12,6062,6,13884,15,19946,California
Tuolumne,2021-04-12,164,33627,66,8329,93,24890,5,408,90,6089,68,13952,95,20041,California
Tuolumne,2021-04-13,783,34410,35,8364,748,25638,0,408,169,5652,606,14558,169,20210,California
Tuolumne,2021-04-14,154,34564,27,8391,127,25765,0,408,78,5658,73,14631,79,20289,California
Tuolumne,2021-04-15,341,34905,20,8411,321,26086,0,408,59,5441,276,14907,59,20348,California
Tuolumne,2021-04-16,251,35156,50,8461,201,26287,0,408,141,5480,103,15010,142,20490,California
Tuolumne,2021-04-17,43,35199,6,8467,37,26324,0,408,27,5491,16,15026,27,20517,California
Tuolumne,2021-04-18,8,35207,3,8470,5,26329,0,408,4,5491,4,15030,4,20521,California
Tuolumne,2021-04-19,170,35377,79,8549,91,26420,0,408,92,5507,76,15106,92,20613,California
Tuolumne,2021-04-20,712,36089,615,9164,97,26517,0,408,76,4954,629,15735,76,20689,California
Tuolumne,2021-04-21,119,36208,26,9190,93,26610,0,408,63,4966,51,15786,63,20752,California
Tuolumne,2021-04-22,705,36913,46,9236,659,27269,0,408,426,5122,270,16056,426,21178,California
Tuolumne,2021-04-23,177,37090,31,9267,146,27415,0,408,86,5119,89,16145,86,21264,California
Tuolumne,2021-04-24,80,37170,18,9285,62,27477,0,408,52,5143,28,16173,52,21316,California
Tuolumne,2021-04-25,27,37197,10,9295,17,27494,0,408,24,5164,3,16176,24,21340,California
Tuolumne,2021-04-26,153,37350,56,9351,97,27591,0,408,70,5153,82,16258,71,21411,California
Tuolumne,2021-04-27,136,37486,23,9374,106,27697,7,415,63,5152,71,16329,70,21481,California
Tuolumne,2021-04-28,115,37601,25,9399,79,27776,11,426,64,5177,50,16379,75,21556,California
Tuolumne,2021-04-29,277,37878,16,9415,253,28029,8,434,53,5016,222,16601,61,21617,California
Tuolumne,2021-04-30,351,38229,21,9436,318,28347,12,446,67,4814,281,16882,79,21696,California
Tuolumne,2021-05-01,24,38253,7,9443,13,28360,4,450,16,4826,8,16890,20,21716,California
Tuolumne,2021-05-02,26,38279,3,9446,21,28381,2,452,19,4840,7,16897,21,21737,California
Tuolumne,2021-05-03,98,38377,14,9460,79,28460,5,457,28,4804,69,16966,33,21770,California
Tuolumne,2021-05-04,692,39069,603,10063,84,28544,5,462,205,4527,486,17452,209,21979,California
Tuolumne,2021-05-05,107,39176,25,10088,76,28620,6,468,55,4539,50,17502,62,22041,California
Tuolumne,2021-05-06,286,39462,13,10101,259,28879,14,482,40,4351,241,17743,53,22094,California
Tuolumne,2021-05-07,323,39785,25,10126,290,29169,8,490,65,4167,257,18000,73,22167,California
Tuolumne,2021-05-08,47,39832,7,10133,36,29205,4,494,29,4182,18,18018,33,22200,California
Tuolumne,2021-05-09,15,39847,2,10135,11,29216,2,496,2,4173,13,18031,4,22204,California
Tuolumne,2021-05-10,109,39956,44,10179,60,29276,5,501,30,4130,78,18109,35,22239,California
Tuolumne,2021-05-11,196,40152,63,10242,121,29397,12,513,55,4057,140,18249,67,22306,California
Tuolumne,2021-05-12,128,40280,20,10262,105,29502,3,516,50,4032,78,18327,53,22359,California
Tuolumne,2021-05-13,109,40389,18,10280,83,29585,8,524,68,4068,41,18368,77,22436,California
Tuolumne,2021-05-14,206,40595,75,10355,119,29704,12,536,106,4088,98,18466,118,22554,California
Tuolumne,2021-05-15,55,40650,13,10368,35,29739,7,543,19,4079,36,18502,27,22581,California
Tuolumne,2021-05-16,25,40675,7,10375,16,29755,2,545,12,4080,13,18515,14,22595,California
Tuolumne,2021-05-17,109,40784,29,10404,77,29832,3,548,46,4067,63,18578,50,22645,California
Tuolumne,2021-05-18,175,40959,54,10458,74,29906,47,595,58,4055,117,18695,105,22750,California
Tuolumne,2021-05-19,115,41074,21,10479,65,29971,29,624,47,4064,67,18762,76,22826,California
Tuolumne,2021-05-20,390,41464,19,10498,366,30337,5,629,56,3792,333,19095,61,22887,California
Tuolumne,2021-05-21,138,41602,76,10574,58,30395,4,633,78,3815,59,19154,82,22969,California
Ventura,2020-12-15,5,5,5,5,0,0,0,0,5,5,0,0,5,5,California
Ventura,2020-12-16,73,78,73,78,0,0,0,0,73,78,0,0,73,78,California
Ventura,2020-12-17,249,327,249,327,0,0,0,0,249,327,0,0,249,327,California
Ventura,2020-12-18,1414,1741,1414,1741,0,0,0,0,1414,1741,0,0,1414,1741,California
Ventura,2020-12-19,914,2655,914,2655,0,0,0,0,914,2655,0,0,914,2655,California
Ventura,2020-12-20,432,3087,432,3087,0,0,0,0,432,3087,0,0,432,3087,California
Ventura,2020-12-21,1468,4555,1468,4555,0,0,0,0,1468,4555,0,0,1468,4555,California
Ventura,2020-12-22,1104,5659,1099,5654,5,5,0,0,1104,5659,0,0,1104,5659,California
Ventura,2020-12-23,1034,6693,985,6639,49,54,0,0,1034,6693,0,0,1034,6693,California
Ventura,2020-12-24,477,7170,379,7018,98,152,0,0,477,7170,0,0,477,7170,California
Ventura,2020-12-25,11,7181,7,7025,4,156,0,0,11,7181,0,0,11,7181,California
Ventura,2020-12-26,112,7293,92,7117,20,176,0,0,112,7293,0,0,112,7293,California
Ventura,2020-12-27,58,7351,27,7144,31,207,0,0,58,7351,0,0,58,7351,California
Ventura,2020-12-28,1066,8417,926,8070,140,347,0,0,1066,8417,0,0,1066,8417,California
Ventura,2020-12-29,1168,9585,761,8831,407,754,0,0,1168,9585,0,0,1168,9585,California
Ventura,2020-12-30,1987,11572,1522,10353,465,1219,0,0,1987,11572,0,0,1987,11572,California
Ventura,2020-12-31,479,12051,160,10513,319,1538,0,0,479,12051,0,0,479,12051,California
Ventura,2021-01-01,25,12076,7,10520,18,1556,0,0,25,12076,0,0,25,12076,California
Ventura,2021-01-02,174,12250,79,10599,95,1651,0,0,174,12250,0,0,174,12250,California
Ventura,2021-01-03,16,12266,8,10607,8,1659,0,0,16,12266,0,0,16,12266,California
Ventura,2021-01-04,1085,13351,552,11159,533,2192,0,0,1084,13350,0,0,1084,13350,California
Ventura,2021-01-05,1375,14726,779,11938,596,2788,0,0,1332,14639,43,43,1332,14682,California
Ventura,2021-01-06,2058,16784,1180,13118,878,3666,0,0,1625,15842,424,467,1627,16309,California
Ventura,2021-01-07,2070,18854,1327,14445,743,4409,0,0,1179,16133,888,1355,1179,17488,California
Ventura,2021-01-08,2194,21048,1472,15917,722,5131,0,0,902,15746,1290,2645,903,18391,California
Ventura,2021-01-09,721,21769,500,16417,221,5352,0,0,318,15661,403,3048,318,18709,California
Ventura,2021-01-10,341,22110,325,16742,16,5368,0,0,127,15574,214,3262,127,18836,California
Ventura,2021-01-11,2448,24558,1490,18232,958,6326,0,0,1495,16119,953,4215,1498,20334,California
Ventura,2021-01-12,3047,27605,1612,19844,1435,7761,0,0,2022,17116,1025,5240,2022,22356,California
Ventura,2021-01-13,2934,30539,1431,21275,1503,9264,0,0,2050,18286,881,6121,2051,24407,California
Ventura,2021-01-14,2733,33272,1058,22333,1675,10939,0,0,2286,20127,446,6567,2287,26694,California
Ventura,2021-01-15,2881,36153,962,23295,1919,12858,0,0,2671,22589,210,6777,2672,29366,California
Ventura,2021-01-16,485,36638,187,23482,298,13156,0,0,405,22914,80,6857,405,29771,California
Ventura,2021-01-17,259,36897,137,23619,122,13278,0,0,253,23161,6,6863,253,30024,California
Ventura,2021-01-18,2206,39103,1658,25277,548,13826,0,0,1662,24281,543,7406,1663,31687,California
Ventura,2021-01-19,3048,42151,2124,27401,924,14750,0,0,2151,25538,897,8303,2154,33841,California
Ventura,2021-01-20,4098,46249,3146,30547,952,15702,0,0,3047,27538,1048,9351,3048,36889,California
Ventura,2021-01-21,3844,50093,2674,33221,1170,16872,0,0,3170,30039,671,10022,3172,40061,California
Ventura,2021-01-22,3618,53711,2497,35718,1121,17993,0,0,3457,33335,161,10183,3457,43518,California
Ventura,2021-01-23,1180,54891,646,36364,534,18527,0,0,1080,34318,99,10282,1082,44600,California
Ventura,2021-01-24,453,55344,137,36501,316,18843,0,0,440,34745,13,10295,440,45040,California
Ventura,2021-01-25,3156,58500,2031,38532,1125,19968,0,0,2599,36789,556,10851,2600,47640,California
Ventura,2021-01-26,3716,62216,2210,40742,1506,21474,0,0,2717,38509,998,11849,2718,50358,California
Ventura,2021-01-27,3462,65678,1560,42302,1902,23376,0,0,2719,40490,739,12588,2720,53078,California
Ventura,2021-01-28,3876,69554,1995,44297,1881,25257,0,0,3260,43152,599,13187,3261,56339,California
Ventura,2021-01-29,4267,73821,2522,46819,1745,27002,0,0,3766,46429,489,13676,3766,60105,California
Ventura,2021-01-30,3038,76859,1964,48783,1074,28076,0,0,2867,49130,167,13843,2868,62973,California
Ventura,2021-01-31,835,77694,447,49230,388,28464,0,0,749,49794,85,13928,749,63722,California
Ventura,2021-02-01,3948,81642,2114,51344,1834,30298,0,0,3173,52198,771,14699,3175,66897,California
Ventura,2021-02-02,4404,86046,2373,53717,2031,32329,0,0,3382,54564,1018,15717,3384,70281,California
Ventura,2021-02-03,4456,90502,2090,55807,2366,34695,0,0,3444,57002,1007,16724,3445,73726,California
Ventura,2021-02-04,4790,95292,2299,58106,2491,37186,0,0,3524,59271,1258,17982,3527,77253,California
Ventura,2021-02-05,4843,100135,2323,60429,2520,39706,0,0,3352,61147,1478,19460,3354,80607,California
Ventura,2021-02-06,2836,102971,1514,61943,1322,41028,0,0,2434,63180,401,19861,2434,83041,California
Ventura,2021-02-07,713,103684,241,62184,472,41500,0,0,588,63644,125,19986,589,83630,California
Ventura,2021-02-08,3510,107194,1630,63814,1880,43380,0,0,2436,65011,1069,21055,2436,86066,California
Ventura,2021-02-09,4727,111921,1973,65787,2754,46134,0,0,2468,65225,2257,23312,2471,88537,California
Ventura,2021-02-10,4712,116633,2233,68020,2479,48613,0,0,2387,65298,2315,25627,2388,90925,California
Ventura,2021-02-11,4668,121301,1864,69884,2804,51417,0,0,2448,65536,2213,27840,2451,93376,California
Ventura,2021-02-12,6308,127609,2662,72546,3646,55063,0,0,3225,65683,3078,30918,3225,96601,California
Ventura,2021-02-13,3305,130914,1829,74375,1476,56539,0,0,1849,66082,1452,32370,1851,98452,California
Ventura,2021-02-14,1226,132140,123,74498,1103,57642,0,0,1009,66875,217,32587,1010,99462,California
Ventura,2021-02-15,3988,136128,1799,76297,2189,59831,0,0,2120,67130,1865,34452,2120,101582,California
Ventura,2021-02-16,5558,141686,2710,79007,2848,62679,0,0,3018,67616,2532,36984,3018,104600,California
Ventura,2021-02-17,5237,146923,1923,80930,3314,65993,0,0,3268,68924,1960,38944,3268,107868,California
Ventura,2021-02-18,5783,152706,1833,82763,3950,69943,0,0,3637,70426,2135,41079,3637,111505,California
Ventura,2021-02-19,6454,159160,3770,86533,2684,72627,0,0,3013,70007,3434,44513,3015,114520,California
Ventura,2021-02-20,4941,164101,3172,89705,1769,74396,0,0,2773,70622,2162,46675,2777,117297,California
Ventura,2021-02-21,1099,165200,809,90514,290,74686,0,0,449,70426,645,47320,449,117746,California
Ventura,2021-02-22,5377,170577,2412,92926,2965,77651,0,0,3461,71980,1908,49228,3462,121208,California
Ventura,2021-02-23,5938,176515,2974,95900,2964,80615,0,0,3416,72893,2505,51733,3418,124626,California
Ventura,2021-02-24,7012,183527,2616,98516,4396,85011,0,0,4256,74408,2743,54476,4258,128884,California
Ventura,2021-02-25,7498,191025,2573,101089,4925,89936,0,0,4574,76072,2912,57388,4576,133460,California
Ventura,2021-02-26,9358,200383,2774,103863,6584,96520,0,0,6167,79077,3165,60553,6170,139630,California
Ventura,2021-02-27,10009,210392,5283,109146,4726,101246,0,0,7387,83868,2606,63159,7397,147027,California
Ventura,2021-02-28,2570,212962,1637,110783,932,102178,1,1,2096,85497,467,63626,2096,149123,California
Ventura,2021-03-01,6965,219927,2829,113612,4135,106313,1,2,4640,87838,2313,65939,4654,153777,California
Ventura,2021-03-02,7587,227514,4036,117648,3549,109862,2,4,5352,90966,2224,68163,5352,159129,California
Ventura,2021-03-03,8540,236054,3918,121566,4620,114482,2,6,6088,94623,2437,70600,6094,165223,California
Ventura,2021-03-04,8119,244173,3875,125441,4244,118726,0,6,5484,97490,2620,73220,5487,170710,California
Ventura,2021-03-05,9985,254158,4810,130251,5165,123891,10,16,7090,101718,2880,76100,7108,177818,California
Ventura,2021-03-06,7240,261398,4402,134653,2685,126576,153,169,5323,105286,1910,78010,5478,183296,California
Ventura,2021-03-07,1659,263057,613,135266,946,127522,100,269,1244,106215,415,78425,1344,184640,California
Ventura,2021-03-08,6763,269820,3436,138702,3173,130695,154,423,4653,108922,2103,80528,4810,189450,California
Ventura,2021-03-09,6763,276583,3025,141727,3538,134233,200,623,3882,110141,2867,83395,4086,193536,California
Ventura,2021-03-10,6863,283446,3017,144744,3607,137840,239,862,4540,112610,2310,85705,4779,198315,California
Ventura,2021-03-11,6381,289827,2891,147635,3176,141016,314,1176,3425,113404,2943,88648,3737,202052,California
Ventura,2021-03-12,8554,298381,3050,150685,4659,145675,845,2021,4134,113978,4404,93052,4978,207030,California
Ventura,2021-03-13,6704,305085,2510,153195,3350,149025,844,2865,3771,115667,2924,95976,4613,211643,California
Ventura,2021-03-14,2141,307226,486,153681,1158,150183,497,3362,722,115469,1418,97394,1220,212863,California
Ventura,2021-03-15,6930,314156,2050,155731,3533,153716,1347,4709,2984,115875,3922,101316,4328,217191,California
Ventura,2021-03-16,7951,322107,2462,158193,4375,158091,1114,5823,4012,117073,3926,105242,5124,222315,California
Ventura,2021-03-17,7599,329706,2776,160969,4475,162566,348,6171,4587,119020,2989,108231,4936,227251,California
Ventura,2021-03-18,7262,336968,3279,164248,3831,166397,152,6323,4740,121402,2508,110739,4890,232141,California
Ventura,2021-03-19,8478,345446,3802,168050,4563,170960,113,6436,5087,123232,3369,114108,5199,237340,California
Ventura,2021-03-20,8204,353650,5250,173300,2932,173892,22,6458,3943,122959,4239,118347,3966,241306,California
Ventura,2021-03-21,2799,356449,1523,174823,904,174796,372,6830,1323,123188,1463,119810,1692,242998,California
Ventura,2021-03-22,7370,363819,3703,178526,3564,178360,103,6933,4857,125654,2496,122306,4962,247960,California
Ventura,2021-03-23,8211,372030,3885,182411,4254,182614,72,7005,4596,126733,3588,125894,4667,252627,California
Ventura,2021-03-24,8908,380938,3420,185831,5411,188025,77,7082,4448,126828,4431,130325,4526,257153,California
Ventura,2021-03-25,8826,389764,3923,189754,4801,192826,102,7184,4462,127045,4347,134672,4564,261717,California
Ventura,2021-03-26,9878,399642,3373,193127,5851,198677,654,7838,3938,125724,5911,140583,4590,266307,California
Ventura,2021-03-27,8178,407820,3938,197065,4200,202877,40,7878,2426,122466,5730,146313,2472,268779,California
Ventura,2021-03-28,2542,410362,1424,198489,1109,203986,9,7887,1375,122692,1161,147474,1387,270166,California
Ventura,2021-03-29,8492,418854,4297,202786,4151,208137,44,7931,4230,122732,4234,151708,4274,274440,California
Ventura,2021-03-30,8998,427852,4470,207256,4398,212535,130,8061,4399,122675,4585,156293,4528,278968,California
Ventura,2021-03-31,10744,438596,4865,212121,5252,217787,627,8688,4638,121854,6084,162377,5263,284231,California
Ventura,2021-04-01,10777,449373,5274,217395,4621,222408,882,9570,5457,122895,5293,167670,6334,290565,California
Ventura,2021-04-02,11743,461116,4653,222048,5758,228166,1332,10902,5601,123723,6111,173781,6939,297504,California
Ventura,2021-04-03,8059,469175,3974,226022,2929,231095,1156,12058,3375,123574,4673,178454,4524,302028,California
Ventura,2021-04-04,1717,470892,960,226982,622,231717,135,12193,1148,124295,562,179016,1283,303311,California
Ventura,2021-04-05,9350,480242,4885,231867,3355,235072,1110,13303,4744,125554,4594,183610,5853,309164,California
Ventura,2021-04-06,10884,491126,5567,237434,3829,238901,1488,14791,5577,127341,5280,188890,7067,316231,California
Ventura,2021-04-07,11330,502456,5422,242856,4409,243310,1499,16290,5163,127849,6150,195040,6658,322889,California
Ventura,2021-04-08,10260,512716,5306,248162,4008,247318,946,17236,5115,128775,5127,200167,6053,328942,California
Ventura,2021-04-09,11105,523821,4346,252508,5044,252362,1715,18951,4823,129048,6259,206426,6532,335474,California
Ventura,2021-04-10,9142,532963,3509,256017,3477,255839,2156,21107,2998,128071,6127,212553,5150,340624,California
Ventura,2021-04-11,2418,535381,860,256877,989,256828,569,21676,680,127587,1731,214284,1247,341871,California
Ventura,2021-04-12,8886,544267,4471,261348,3605,260433,810,22486,3721,126963,5147,219431,4523,346394,California
Ventura,2021-04-13,8775,553042,4439,265787,4330,264763,6,22492,3738,125703,5004,224435,3744,350138,California
Ventura,2021-04-14,8680,561722,4073,269860,4592,269355,15,22507,3323,123722,5322,229757,3341,353479,California
Ventura,2021-04-15,9312,571034,4536,274396,4769,274124,7,22514,4062,122567,5225,234982,4070,357549,California
Ventura,2021-04-16,10122,581156,4490,278886,5631,279755,1,22515,4783,122031,5324,240306,4788,362337,California
Ventura,2021-04-17,8574,589730,5321,284207,3252,283007,1,22516,4987,123444,3575,243881,4988,367325,California
Ventura,2021-04-18,2136,591866,1014,285221,1122,284129,0,22516,908,123129,1223,245104,908,368233,California
Ventura,2021-04-19,8034,599900,4847,290068,3186,287315,1,22517,4604,124322,3413,248517,4606,372839,California
Ventura,2021-04-20,9267,609167,4916,294984,4347,291662,4,22521,4332,123742,4917,253434,4337,377176,California
Ventura,2021-04-21,8860,618027,4539,299523,4317,295979,4,22525,4188,123277,4658,258092,4193,381369,California
Ventura,2021-04-22,10038,628065,5488,305011,4550,300529,0,22525,4442,122140,5580,263672,4443,385812,California
Ventura,2021-04-23,10809,638874,5398,310409,5410,305939,1,22526,5379,122114,5406,269078,5380,391192,California
Ventura,2021-04-24,10321,649195,5893,316302,4428,310367,0,22526,6087,123980,4222,273300,6088,397280,California
Ventura,2021-04-25,2469,651664,1698,318000,771,311138,0,22526,1144,123803,1321,274621,1144,398424,California
Ventura,2021-04-26,7192,658856,4123,322123,3003,314141,66,22592,2989,122672,4181,278802,3050,401474,California
Ventura,2021-04-27,8380,667236,4639,326762,3571,317712,170,22762,3167,120808,5199,284001,3335,404809,California
Ventura,2021-04-28,8254,675490,4821,331583,3117,320829,316,23078,3233,119355,5002,289003,3549,408358,California
Ventura,2021-04-29,7758,683248,4216,335799,3278,324107,264,23342,2750,117384,4983,293986,3012,411370,California
Ventura,2021-04-30,9324,692572,5443,341242,3607,327714,274,23616,3852,116062,5440,299426,4118,415488,California
Ventura,2021-05-01,4940,697512,3626,344868,1212,328926,102,23718,1862,114970,3056,302482,1964,417452,California
Ventura,2021-05-02,2127,699639,1425,346293,613,329539,89,23807,1035,115007,1088,303570,1125,418577,California
Ventura,2021-05-03,6219,705858,3911,350204,2030,331569,278,24085,1957,112998,4242,307812,2233,420810,California
Ventura,2021-05-04,6269,712127,3317,353521,2653,334222,299,24384,2269,111579,3986,311798,2567,423377,California
Ventura,2021-05-05,5255,717382,3010,356531,1985,336207,260,24644,1895,110392,3336,315134,2149,425526,California
Ventura,2021-05-06,6112,723494,3211,359742,2631,338838,270,24914,1972,108513,4122,319256,2243,427769,California
Ventura,2021-05-07,6745,730239,3415,363157,3057,341895,273,25187,2318,106704,4400,323656,2591,430360,California
Ventura,2021-05-08,5294,735533,4112,367269,1029,342924,153,25340,1211,103998,4070,327726,1364,431724,California
Ventura,2021-05-09,1047,736580,733,368002,268,343192,46,25386,398,103801,641,328367,444,432168,California
Ventura,2021-05-10,6016,742596,4071,372073,1741,344933,204,25590,1363,100724,4643,333010,1566,433734,California
Ventura,2021-05-11,5097,747693,3205,375278,1685,346618,207,25797,1479,98800,3609,336619,1685,435419,California
Ventura,2021-05-12,4717,752410,2709,377987,1809,348427,199,25996,1453,97204,3248,339867,1652,437071,California
Ventura,2021-05-13,5648,758058,3342,381329,2106,350533,200,26196,1903,95575,3732,343599,2103,439174,California
Ventura,2021-05-14,7169,765227,4441,385770,2532,353065,196,26392,2715,94048,4435,348034,2908,442082,California
Ventura,2021-05-15,6454,771681,5320,391090,1065,354130,69,26461,2765,93211,3672,351706,2835,444917,California
Ventura,2021-05-16,2154,773835,1665,392755,437,354567,52,26513,1024,93162,1125,352831,1076,445993,California
Ventura,2021-05-17,5744,779579,3544,396299,1995,356562,205,26718,2531,92702,3195,356026,2735,448728,California
Ventura,2021-05-18,5317,784896,3167,399466,1971,358533,179,26897,2283,92148,3014,359040,2460,451188,California
Ventura,2021-05-19,5694,790590,3506,402972,1984,360517,204,27101,2405,91489,3265,362305,2606,453794,California
Ventura,2021-05-20,4144,794734,2240,405212,1766,362283,138,27239,1699,90905,2420,364725,1836,455630,California
Ventura,2021-05-21,4713,799447,2428,407640,2156,364439,129,27368,1445,89233,3246,367971,1574,457204,California
Yolo,2020-12-15,39,39,39,39,0,0,0,0,39,39,0,0,39,39,California
Yolo,2020-12-16,78,117,78,117,0,0,0,0,78,117,0,0,78,117,California
Yolo,2020-12-17,101,218,101,218,0,0,0,0,101,218,0,0,101,218,California
Yolo,2020-12-18,209,427,209,427,0,0,0,0,209,427,0,0,209,427,California
Yolo,2020-12-19,88,515,88,515,0,0,0,0,88,515,0,0,88,515,California
Yolo,2020-12-20,100,615,100,615,0,0,0,0,100,615,0,0,100,615,California
Yolo,2020-12-21,254,869,254,869,0,0,0,0,254,869,0,0,254,869,California
Yolo,2020-12-22,381,1250,380,1249,1,1,0,0,381,1250,0,0,381,1250,California
Yolo,2020-12-23,433,1683,413,1662,20,21,0,0,433,1683,0,0,433,1683,California
Yolo,2020-12-24,152,1835,95,1757,57,78,0,0,152,1835,0,0,152,1835,California
Yolo,2020-12-25,1,1836,1,1758,0,78,0,0,1,1836,0,0,1,1836,California
Yolo,2020-12-26,75,1911,25,1783,50,128,0,0,75,1911,0,0,75,1911,California
Yolo,2020-12-27,46,1957,19,1802,27,155,0,0,46,1957,0,0,46,1957,California
Yolo,2020-12-28,347,2304,180,1982,167,322,0,0,347,2304,0,0,347,2304,California
Yolo,2020-12-29,487,2791,267,2249,220,542,0,0,487,2791,0,0,487,2791,California
Yolo,2020-12-30,622,3413,254,2503,368,910,0,0,622,3413,0,0,622,3413,California
Yolo,2020-12-31,185,3598,95,2598,90,1000,0,0,185,3598,0,0,185,3598,California
Yolo,2021-01-01,58,3656,56,2654,2,1002,0,0,58,3656,0,0,58,3656,California
Yolo,2021-01-02,69,3725,26,2680,43,1045,0,0,69,3725,0,0,69,3725,California
Yolo,2021-01-03,44,3769,19,2699,25,1070,0,0,44,3769,0,0,44,3769,California
Yolo,2021-01-04,194,3963,43,2742,151,1221,0,0,194,3963,0,0,194,3963,California
Yolo,2021-01-05,614,4577,238,2980,376,1597,0,0,553,4455,61,61,553,4516,California
Yolo,2021-01-06,482,5059,183,3163,299,1896,0,0,351,4675,131,192,351,4867,California
Yolo,2021-01-07,710,5769,233,3396,477,2373,0,0,521,5008,188,380,521,5388,California
Yolo,2021-01-08,633,6402,312,3708,321,2694,0,0,417,5210,215,595,417,5805,California
Yolo,2021-01-09,409,6811,69,3777,340,3034,0,0,363,5527,46,641,363,6168,California
Yolo,2021-01-10,393,7204,80,3857,313,3347,0,0,323,5780,70,711,323,6491,California
Yolo,2021-01-11,562,7766,324,4181,238,3585,0,0,293,5806,269,980,295,6786,California
Yolo,2021-01-12,485,8251,366,4547,119,3704,0,0,177,5676,308,1288,178,6964,California
Yolo,2021-01-13,771,9022,312,4859,459,4163,0,0,521,5947,250,1538,521,7485,California
Yolo,2021-01-14,376,9398,182,5041,194,4357,0,0,272,6115,104,1642,272,7757,California
Yolo,2021-01-15,623,10021,318,5359,305,4662,0,0,544,6581,79,1721,545,8302,California
Yolo,2021-01-16,740,10761,95,5454,645,5307,0,0,709,7259,31,1752,709,9011,California
Yolo,2021-01-17,187,10948,119,5573,68,5375,0,0,180,7432,7,1759,180,9191,California
Yolo,2021-01-18,481,11429,304,5877,177,5552,0,0,378,7707,103,1862,378,9569,California
Yolo,2021-01-19,557,11986,372,6249,185,5737,0,0,385,7920,172,2034,385,9954,California
Yolo,2021-01-20,660,12646,380,6629,280,6017,0,0,475,8211,184,2218,475,10429,California
Yolo,2021-01-21,651,13297,384,7013,267,6284,0,0,463,8486,188,2406,463,10892,California
Yolo,2021-01-22,750,14047,251,7264,499,6783,0,0,632,9002,116,2522,632,11524,California
Yolo,2021-01-23,615,14662,122,7386,493,7276,0,0,567,9521,48,2570,567,12091,California
Yolo,2021-01-24,208,14870,124,7510,84,7360,0,0,167,9647,41,2611,167,12258,California
Yolo,2021-01-25,730,15600,156,7666,574,7934,0,0,513,9943,217,2828,513,12771,California
Yolo,2021-01-26,820,16420,328,7994,492,8426,0,0,428,9979,392,3220,428,13199,California
Yolo,2021-01-27,557,16977,223,8217,334,8760,0,0,381,10184,176,3396,381,13580,California
Yolo,2021-01-28,1051,18028,567,8784,484,9244,0,0,926,10986,124,3520,926,14506,California
Yolo,2021-01-29,889,18917,266,9050,623,9867,0,0,804,11706,84,3604,804,15310,California
Yolo,2021-01-30,1530,20447,928,9978,602,10469,0,0,1410,13002,114,3718,1410,16720,California
Yolo,2021-01-31,240,20687,202,10180,38,10507,0,0,213,13189,26,3744,213,16933,California
Yolo,2021-02-01,847,21534,361,10541,486,10993,0,0,614,13573,230,3974,614,17547,California
Yolo,2021-02-02,1331,22865,750,11291,581,11574,0,0,932,14107,399,4373,933,18480,California
Yolo,2021-02-03,1527,24392,400,11691,1127,12701,0,0,1187,14957,337,4710,1187,19667,California
Yolo,2021-02-04,1791,26183,283,11974,1508,14209,0,0,1240,15658,540,5250,1241,20908,California
Yolo,2021-02-05,1597,27780,906,12880,691,14900,0,0,1197,16457,399,5649,1198,22106,California
Yolo,2021-02-06,1923,29703,1253,14133,670,15570,0,0,1562,17659,361,6010,1563,23669,California
Yolo,2021-02-07,520,30223,250,14383,270,15840,0,0,171,17482,348,6358,171,23840,California
Yolo,2021-02-08,952,31175,334,14717,618,16458,0,0,605,17743,344,6702,605,24445,California
Yolo,2021-02-09,860,32035,387,15104,473,16931,0,0,577,18037,283,6985,577,25022,California
Yolo,2021-02-10,1458,33493,476,15580,982,17913,0,0,818,18217,640,7625,820,25842,California
Yolo,2021-02-11,1571,35064,803,16383,768,18681,0,0,1186,19018,385,8010,1186,27028,California
Yolo,2021-02-12,1916,36980,753,17136,1163,19844,0,0,1445,19996,467,8477,1445,28473,California
Yolo,2021-02-13,2056,39036,712,17848,1344,21188,0,0,1391,20722,665,9142,1391,29864,California
Yolo,2021-02-14,569,39605,154,18002,415,21603,0,0,445,21044,123,9265,445,30309,California
Yolo,2021-02-15,533,40138,190,18192,343,21946,0,0,267,21046,266,9531,268,30577,California
Yolo,2021-02-16,1132,41270,427,18619,705,22651,0,0,811,21537,321,9852,812,31389,California
Yolo,2021-02-17,1390,42660,698,19317,692,23343,0,0,995,22137,395,10247,995,32384,California
Yolo,2021-02-18,2497,45157,814,20131,1683,25026,0,0,1721,23084,775,11022,1722,34106,California
Yolo,2021-02-19,1746,46903,749,20880,997,26023,0,0,1125,23590,619,11641,1125,35231,California
Yolo,2021-02-20,2452,49355,956,21836,1496,27519,0,0,1370,23884,1077,12718,1371,36602,California
Yolo,2021-02-21,284,49639,227,22063,57,27576,0,0,75,23751,208,12926,75,36677,California
Yolo,2021-02-22,1363,51002,600,22663,763,28339,0,0,694,23777,668,13594,694,37371,California
Yolo,2021-02-23,1131,52133,848,23511,283,28622,0,0,436,23520,693,14287,436,37807,California
Yolo,2021-02-24,2092,54225,592,24103,1500,30122,0,0,1383,24196,707,14994,1383,39190,California
Yolo,2021-02-25,1381,55606,486,24589,895,31017,0,0,915,24646,465,15459,915,40105,California
Yolo,2021-02-26,2605,58211,1015,25604,1590,32607,0,0,1386,24816,1216,16675,1386,41491,California
Yolo,2021-02-27,1662,59873,769,26373,893,33500,0,0,1212,25578,450,17125,1212,42703,California
Yolo,2021-02-28,1774,61647,1496,27869,278,33778,0,0,674,25154,1098,18223,674,43377,California
Yolo,2021-03-01,1102,62749,366,28235,736,34514,0,0,672,25398,428,18651,672,44049,California
Yolo,2021-03-02,1471,64220,691,28926,780,35294,0,0,941,25809,530,19181,941,44990,California
Yolo,2021-03-03,1847,66067,634,29560,1213,36507,0,0,832,25628,1013,20194,832,45822,California
Yolo,2021-03-04,2918,68985,1462,31022,1456,37963,0,0,1569,25851,1346,21540,1569,47391,California
Yolo,2021-03-05,2359,71344,1407,32429,941,38904,11,11,1475,26454,883,22423,1486,48877,California
Yolo,2021-03-06,1477,72821,1128,33557,320,39224,29,40,840,26687,636,23059,869,49746,California
Yolo,2021-03-07,914,73735,678,34235,222,39446,14,54,779,27345,135,23194,793,50539,California
Yolo,2021-03-08,1094,74829,490,34725,561,40007,43,97,765,27826,328,23522,809,51348,California
Yolo,2021-03-09,1270,76099,684,35409,524,40531,62,159,775,28170,493,24015,837,52185,California
Yolo,2021-03-10,1802,77901,1053,36462,460,40991,289,448,753,28161,1045,25060,1036,53221,California
Yolo,2021-03-11,2350,80251,1602,38064,680,41671,68,516,1604,29089,745,25805,1673,54894,California
Yolo,2021-03-12,2905,83156,1354,39418,1471,43142,80,596,1372,29015,1525,27330,1451,56345,California
Yolo,2021-03-13,1846,85002,733,40151,936,44078,177,773,1001,29351,842,28172,1178,57523,California
Yolo,2021-03-14,1008,86010,213,40364,645,44723,150,923,527,29543,480,28652,672,58195,California
Yolo,2021-03-15,1322,87332,773,41137,373,45096,176,1099,707,29811,613,29265,881,59076,California
Yolo,2021-03-16,1869,89201,717,41854,1080,46176,72,1171,1104,30222,765,30030,1176,60252,California
Yolo,2021-03-17,2504,91705,976,42830,1456,47632,72,1243,1718,31260,783,30813,1821,62073,California
Yolo,2021-03-18,3028,94733,1030,43860,1774,49406,224,1467,1261,30982,1763,32576,1485,63558,California
Yolo,2021-03-19,2091,96824,868,44728,1155,50561,68,1535,1098,31161,987,33563,1166,64724,California
Yolo,2021-03-20,2770,99594,818,45546,1911,52472,41,1576,1109,30658,1655,35218,1152,65876,California
Yolo,2021-03-21,314,99908,214,45760,92,52564,8,1584,228,30809,85,35303,236,66112,California
Yolo,2021-03-22,1401,101309,488,46248,855,53419,58,1642,921,31310,477,35780,978,67090,California
Yolo,2021-03-23,1739,103048,937,47185,746,54165,56,1698,1074,31775,664,36444,1129,68219,California
Yolo,2021-03-24,2864,105912,1405,48590,1410,55575,49,1747,1412,31797,1440,37884,1462,69681,California
Yolo,2021-03-25,2549,108461,1414,50004,1106,56681,29,1776,1255,31798,1283,39167,1284,70965,California
Yolo,2021-03-26,2400,110861,1257,51261,1124,57805,19,1795,1025,31473,1368,40535,1043,72008,California
Yolo,2021-03-27,1653,112514,455,51716,1181,58986,17,1812,760,31358,892,41427,777,72785,California
Yolo,2021-03-28,1109,113623,866,52582,225,59211,18,1830,270,30811,835,42262,288,73073,California
Yolo,2021-03-29,2024,115647,822,53404,1172,60383,30,1860,979,30779,1041,43303,1009,74082,California
Yolo,2021-03-30,2278,117925,1080,54484,1176,61559,22,1882,1170,30870,1103,44406,1194,75276,California
Yolo,2021-03-31,2351,120276,1222,55706,1093,62652,36,1918,1193,30942,1157,45563,1229,76505,California
Yolo,2021-04-01,3835,124111,1850,57556,1511,64163,474,2392,1612,30808,2220,47783,2086,78591,California
Yolo,2021-04-02,3393,127504,1513,59069,1735,65898,145,2537,2102,31772,1285,49068,2249,80840,California
Yolo,2021-04-03,1796,129300,1080,60149,498,66396,218,2755,801,31797,994,50062,1019,81859,California
Yolo,2021-04-04,393,129693,156,60305,175,66571,62,2817,148,31762,245,50307,210,82069,California
Yolo,2021-04-05,1911,131604,732,61037,1079,67650,100,2917,1013,31983,893,51200,1114,83183,California
Yolo,2021-04-06,2575,134179,1307,62344,1097,68747,171,3088,1303,32195,1263,52463,1475,84658,California
Yolo,2021-04-07,2976,137155,1511,63855,1112,69859,353,3441,1921,33424,1049,53512,2278,86936,California
Yolo,2021-04-08,2413,139568,1000,64855,940,70799,473,3914,1018,33519,1392,54904,1487,88423,California
Yolo,2021-04-09,2563,142131,908,65763,1079,71878,576,4490,839,33206,1721,56625,1408,89831,California
Yolo,2021-04-10,1732,143863,818,66581,737,72615,177,4667,1022,33698,706,57331,1198,91029,California
Yolo,2021-04-11,888,144751,281,66862,563,73178,44,4711,364,33584,521,57852,407,91436,California
Yolo,2021-04-12,1758,146509,518,67380,1096,74274,144,4855,1086,34146,669,58521,1231,92667,California
Yolo,2021-04-13,1971,148480,912,68292,1059,75333,0,4855,1039,34254,931,59452,1039,93706,California
Yolo,2021-04-14,2764,151244,760,69052,2004,77337,0,4855,1368,34230,1392,60844,1368,95074,California
Yolo,2021-04-15,3315,154559,1135,70187,2180,79517,0,4855,2275,35470,1035,61879,2275,97349,California
Yolo,2021-04-16,3041,157600,1958,72145,1083,80600,0,4855,1937,36309,1098,62977,1937,99286,California
Yolo,2021-04-17,1605,159205,471,72616,1134,81734,0,4855,832,36371,770,63747,832,100118,California
Yolo,2021-04-18,630,159835,306,72922,324,82058,0,4855,352,36448,275,64022,352,100470,California
Yolo,2021-04-19,1663,161498,716,73638,946,83004,1,4856,763,36317,895,64917,764,101234,California
Yolo,2021-04-20,1994,163492,1012,74650,982,83986,0,4856,1068,36461,924,65841,1068,102302,California
Yolo,2021-04-21,1977,165469,984,75634,993,84979,0,4856,1075,36639,897,66738,1075,103377,California
Yolo,2021-04-22,1946,167415,883,76517,1063,86042,0,4856,970,36639,971,67709,971,104348,California
Yolo,2021-04-23,2617,170032,1526,78043,1091,87133,0,4856,1165,36363,1441,69150,1165,105513,California
Yolo,2021-04-24,1167,171199,641,78684,524,87657,2,4858,464,36134,695,69845,466,105979,California
Yolo,2021-04-25,949,172148,406,79090,543,88200,0,4858,728,36642,220,70065,728,106707,California
Yolo,2021-04-26,1176,173324,450,79540,723,88923,3,4861,484,36440,690,70755,488,107195,California
Yolo,2021-04-27,1489,174813,698,80238,782,89705,9,4870,574,36110,915,71670,585,107780,California
Yolo,2021-04-28,2017,176830,1000,81238,990,90695,27,4897,710,35543,1304,72974,737,108517,California
Yolo,2021-04-29,1710,178540,792,82030,836,91531,82,4979,651,35218,1058,74032,733,109250,California
Yolo,2021-04-30,2009,180549,993,83023,959,92490,57,5036,960,35192,1043,75075,1017,110267,California
Yolo,2021-05-01,1284,181833,998,84021,266,92756,20,5056,381,34691,902,75977,401,110668,California
Yolo,2021-05-02,496,182329,403,84424,70,92826,23,5079,322,34862,174,76151,345,111013,California
Yolo,2021-05-03,1122,183451,408,84832,680,93506,34,5113,303,34381,817,76968,336,111349,California
Yolo,2021-05-04,1438,184889,657,85489,757,94263,24,5137,486,33943,948,77916,510,111859,California
Yolo,2021-05-05,1551,186440,421,85910,1064,95327,66,5203,437,33339,1107,79023,503,112362,California
Yolo,2021-05-06,1505,187945,701,86611,724,96051,80,5283,497,32921,995,80018,577,112939,California
Yolo,2021-05-07,2298,190243,1373,87984,874,96925,51,5334,458,31597,1832,81850,508,113447,California
Yolo,2021-05-08,834,191077,358,88342,419,97344,57,5391,311,31444,520,82370,367,113814,California
Yolo,2021-05-09,393,191470,163,88505,217,97561,13,5404,90,31245,302,82672,103,113917,California
Yolo,2021-05-10,898,192368,355,88860,498,98059,45,5449,153,30699,743,83415,197,114114,California
Yolo,2021-05-11,1122,193490,651,89511,450,98509,21,5470,275,30151,844,84259,296,114410,California
Yolo,2021-05-12,1498,194988,663,90174,806,99315,29,5499,277,29242,1218,85477,309,114719,California
Yolo,2021-05-13,2068,197056,783,90957,1233,100548,52,5551,589,28408,1475,86952,641,115360,California
Yolo,2021-05-14,2020,199076,1503,92460,486,101034,31,5582,1151,28724,866,87818,1182,116542,California
Yolo,2021-05-15,1244,200320,704,93164,493,101527,47,5629,639,28805,605,88423,686,117228,California
Yolo,2021-05-16,1346,201666,1193,94357,147,101674,6,5635,983,29435,359,88782,989,118217,California
Yolo,2021-05-17,799,202465,392,94749,388,102062,19,5654,292,29244,502,89284,311,118528,California
Yolo,2021-05-18,1521,203986,1095,95844,405,102467,21,5675,914,29577,602,89886,935,119463,California
Yolo,2021-05-19,993,204979,584,96428,375,102842,34,5709,495,29610,496,90382,529,119992,California
Yolo,2021-05-20,852,205831,541,96969,290,103132,21,5730,360,29504,487,90869,381,120373,California
Yolo,2021-05-21,1027,206858,739,97708,276,103408,12,5742,224,28941,799,91668,236,120609,California
Yuba,2020-12-16,4,4,4,4,0,0,0,0,4,4,0,0,4,4,California
Yuba,2020-12-17,4,8,4,8,0,0,0,0,4,8,0,0,4,8,California
Yuba,2020-12-18,8,16,8,16,0,0,0,0,8,16,0,0,8,16,California
Yuba,2020-12-19,12,28,12,28,0,0,0,0,12,28,0,0,12,28,California
Yuba,2020-12-20,20,48,20,48,0,0,0,0,20,48,0,0,20,48,California
Yuba,2020-12-21,40,88,40,88,0,0,0,0,40,88,0,0,40,88,California
Yuba,2020-12-22,86,174,86,174,0,0,0,0,86,174,0,0,86,174,California
Yuba,2020-12-23,64,238,62,236,2,2,0,0,64,238,0,0,64,238,California
Yuba,2020-12-24,20,258,10,246,10,12,0,0,20,258,0,0,20,258,California
Yuba,2020-12-26,15,273,13,259,2,14,0,0,15,273,0,0,15,273,California
Yuba,2020-12-27,15,288,15,274,0,14,0,0,15,288,0,0,15,288,California
Yuba,2020-12-28,51,339,35,309,16,30,0,0,51,339,0,0,51,339,California
Yuba,2020-12-29,75,414,10,319,65,95,0,0,75,414,0,0,75,414,California
Yuba,2020-12-30,64,478,20,339,44,139,0,0,64,478,0,0,64,478,California
Yuba,2020-12-31,38,516,7,346,31,170,0,0,38,516,0,0,38,516,California
Yuba,2021-01-02,23,539,22,368,1,171,0,0,23,539,0,0,23,539,California
Yuba,2021-01-03,10,549,6,374,4,175,0,0,10,549,0,0,10,549,California
Yuba,2021-01-04,91,640,22,396,69,244,0,0,91,640,0,0,91,640,California
Yuba,2021-01-05,70,710,38,434,32,276,0,0,69,708,1,1,69,709,California
Yuba,2021-01-06,154,864,76,510,78,354,0,0,148,850,6,7,148,857,California
Yuba,2021-01-07,75,939,19,529,56,410,0,0,72,918,4,11,72,929,California
Yuba,2021-01-08,72,1011,24,553,48,458,0,0,65,976,7,18,65,994,California
Yuba,2021-01-09,19,1030,16,569,3,461,0,0,11,979,8,26,11,1005,California
Yuba,2021-01-10,117,1147,22,591,95,556,0,0,95,1052,22,48,95,1100,California
Yuba,2021-01-11,72,1219,50,641,22,578,0,0,32,1044,40,88,32,1132,California
Yuba,2021-01-12,108,1327,78,719,30,608,0,0,43,1022,65,153,43,1175,California
Yuba,2021-01-13,120,1447,72,791,48,656,0,0,55,1013,64,217,55,1230,California
Yuba,2021-01-14,110,1557,43,834,67,723,0,0,98,1099,12,229,98,1328,California
Yuba,2021-01-15,204,1761,87,921,117,840,0,0,193,1281,11,240,193,1521,California
Yuba,2021-01-16,185,1946,21,942,164,1004,0,0,173,1441,13,253,173,1694,California
Yuba,2021-01-17,13,1959,9,951,4,1008,0,0,7,1442,6,259,7,1701,California
Yuba,2021-01-18,60,2019,32,983,28,1036,0,0,35,1452,25,284,35,1736,California
Yuba,2021-01-19,81,2100,30,1013,51,1087,0,0,66,1503,15,299,66,1802,California
Yuba,2021-01-20,133,2233,87,1100,46,1133,0,0,110,1590,23,322,110,1912,California
Yuba,2021-01-21,213,2446,97,1197,116,1249,0,0,205,1787,8,330,205,2117,California
Yuba,2021-01-22,104,2550,6,1203,98,1347,0,0,95,1873,9,339,95,2212,California
Yuba,2021-01-23,200,2750,7,1210,193,1540,0,0,197,2067,3,342,197,2409,California
Yuba,2021-01-24,10,2760,7,1217,3,1543,0,0,8,2073,2,344,8,2417,California
Yuba,2021-01-25,86,2846,30,1247,56,1599,0,0,53,2094,32,376,53,2470,California
Yuba,2021-01-26,148,2994,39,1286,109,1708,0,0,90,2126,58,434,90,2560,California
Yuba,2021-01-27,184,3178,129,1415,55,1763,0,0,115,2172,69,503,115,2675,California
Yuba,2021-01-28,227,3405,89,1504,138,1901,0,0,175,2295,52,555,175,2850,California
Yuba,2021-01-29,148,3553,45,1549,103,2004,0,0,111,2369,37,592,111,2961,California
Yuba,2021-01-30,410,3963,23,1572,387,2391,0,0,399,2757,11,603,399,3360,California
Yuba,2021-01-31,18,3981,12,1584,6,2397,0,0,16,2771,2,605,16,3376,California
Yuba,2021-02-01,155,4136,75,1659,80,2477,0,0,131,2880,23,628,132,3508,California
Yuba,2021-02-02,123,4259,23,1682,100,2577,0,0,101,2959,22,650,101,3609,California
Yuba,2021-02-03,226,4485,29,1711,197,2774,0,0,114,2962,111,761,114,3723,California
Yuba,2021-02-04,296,4781,121,1832,175,2949,0,0,253,3172,43,804,253,3976,California
Yuba,2021-02-05,147,4928,32,1864,115,3064,0,0,71,3167,76,880,71,4047,California
Yuba,2021-02-06,449,5377,26,1890,423,3487,0,0,441,3600,8,888,441,4488,California
Yuba,2021-02-07,19,5396,12,1902,7,3494,0,0,15,3611,4,892,15,4503,California
Yuba,2021-02-08,96,5492,35,1937,61,3555,0,0,66,3647,30,922,66,4569,California
Yuba,2021-02-09,154,5646,56,1993,98,3653,0,0,84,3661,70,992,84,4653,California
Yuba,2021-02-10,355,6001,172,2165,183,3836,0,0,116,3539,238,1230,116,4769,California
Yuba,2021-02-11,396,6397,64,2229,332,4168,0,0,298,3741,96,1326,298,5067,California
Yuba,2021-02-12,264,6661,26,2255,238,4406,0,0,150,3777,114,1440,150,5217,California
Yuba,2021-02-13,436,7097,36,2291,400,4806,0,0,387,4115,49,1489,387,5604,California
Yuba,2021-02-14,54,7151,11,2302,43,4849,0,0,49,4159,5,1494,49,5653,California
Yuba,2021-02-15,87,7238,36,2338,51,4900,0,0,68,4208,19,1513,68,5721,California
Yuba,2021-02-16,199,7437,53,2391,146,5046,0,0,140,4290,58,1571,140,5861,California
Yuba,2021-02-17,373,7810,156,2547,217,5263,0,0,99,4116,273,1844,99,5960,California
Yuba,2021-02-18,317,8127,47,2594,270,5533,0,0,193,4185,124,1968,193,6153,California
Yuba,2021-02-19,225,8352,82,2676,143,5676,0,0,142,4244,83,2051,142,6295,California
Yuba,2021-02-20,391,8743,31,2707,360,6036,0,0,337,4527,54,2105,337,6632,California
Yuba,2021-02-21,17,8760,14,2721,3,6039,0,0,7,4524,10,2115,7,6639,California
Yuba,2021-02-22,128,8888,79,2800,49,6088,0,0,38,4473,89,2204,38,6677,California
Yuba,2021-02-23,114,9002,25,2825,89,6177,0,0,47,4454,66,2270,47,6724,California
Yuba,2021-02-24,482,9484,136,2961,346,6523,0,0,107,4186,375,2645,107,6831,California
Yuba,2021-02-25,342,9826,137,3098,205,6728,0,0,212,4268,130,2775,212,7043,California
Yuba,2021-02-26,257,10083,67,3165,190,6918,0,0,144,4301,111,2886,144,7187,California
Yuba,2021-02-27,472,10555,47,3212,425,7343,0,0,383,4597,87,2973,383,7570,California
Yuba,2021-02-28,66,10621,21,3233,45,7388,0,0,45,4621,21,2994,45,7615,California
Yuba,2021-03-01,156,10777,40,3273,116,7504,0,0,80,4626,75,3069,80,7695,California
Yuba,2021-03-02,160,10937,36,3309,124,7628,0,0,80,4626,80,3149,80,7775,California
Yuba,2021-03-03,623,11560,159,3468,464,8092,0,0,200,4404,422,3571,200,7975,California
Yuba,2021-03-04,466,12026,270,3738,196,8288,0,0,325,4589,140,3711,325,8300,California
Yuba,2021-03-05,316,12342,59,3797,256,8544,1,1,249,4772,67,3778,250,8550,California
Yuba,2021-03-06,476,12818,35,3832,437,8981,4,5,370,5040,106,3884,374,8924,California
Yuba,2021-03-07,50,12868,28,3860,21,9002,1,6,34,5059,16,3900,35,8959,California
Yuba,2021-03-08,159,13027,48,3908,95,9097,16,22,100,5116,59,3959,116,9075,California
Yuba,2021-03-09,178,13205,47,3955,111,9208,20,42,84,5126,94,4053,104,9179,California
Yuba,2021-03-10,738,13943,235,4190,473,9681,30,72,233,4885,504,4557,263,9442,California
Yuba,2021-03-11,437,14380,196,4386,229,9910,12,84,294,5048,143,4700,306,9748,California
Yuba,2021-03-12,461,14841,86,4472,321,10231,54,138,150,4941,311,5011,204,9952,California
Yuba,2021-03-13,459,15300,340,4812,104,10335,15,153,360,5218,98,5109,375,10327,California
Yuba,2021-03-14,108,15408,21,4833,77,10412,10,163,46,5214,60,5169,56,10383,California
Yuba,2021-03-15,190,15598,49,4882,124,10536,17,180,96,5233,94,5263,113,10496,California
Yuba,2021-03-16,293,15891,71,4953,197,10733,25,205,179,5324,113,5376,204,10700,California
Yuba,2021-03-17,740,16631,162,5115,549,11282,29,234,193,5001,545,5921,222,10922,California
Yuba,2021-03-18,584,17215,159,5274,312,11594,113,347,356,5241,228,6149,468,11390,California
Yuba,2021-03-19,327,17542,120,5394,158,11752,49,396,188,5340,138,6287,237,11627,California
Yuba,2021-03-20,554,18096,81,5475,455,12207,18,414,474,5753,79,6366,492,12119,California
Yuba,2021-03-21,61,18157,36,5511,25,12232,0,414,49,5790,12,6378,49,12168,California
Yuba,2021-03-22,191,18348,70,5581,114,12346,7,421,149,5904,42,6420,156,12324,California
Yuba,2021-03-23,263,18611,79,5660,157,12503,27,448,176,6022,85,6505,203,12527,California
Yuba,2021-03-24,770,19381,255,5915,434,12937,81,529,189,5712,579,7084,269,12796,California
Yuba,2021-03-25,502,19883,268,6183,212,13149,22,551,248,5728,254,7338,270,13066,California
Yuba,2021-03-26,395,20278,143,6326,225,13374,27,578,227,5815,167,7505,254,13320,California
Yuba,2021-03-27,458,20736,27,6353,428,13802,3,581,403,6166,54,7559,405,13725,California
Yuba,2021-03-28,100,20836,41,6394,55,13857,4,585,37,6144,63,7622,41,13766,California
Yuba,2021-03-29,295,21131,86,6480,177,14034,32,617,179,6239,116,7738,211,13977,California
Yuba,2021-03-30,274,21405,68,6548,198,14232,8,625,189,6351,85,7823,197,14174,California
Yuba,2021-03-31,669,22074,115,6663,542,14774,12,637,239,6173,429,8252,251,14425,California
Yuba,2021-04-01,622,22696,288,6951,305,15079,29,666,288,6156,334,8586,317,14742,California
Yuba,2021-04-02,496,23192,95,7046,318,15397,83,749,187,6117,308,8894,269,15011,California
Yuba,2021-04-03,653,23845,54,7100,117,15514,482,1231,86,6119,566,9460,568,15579,California
Yuba,2021-04-04,59,23904,11,7111,42,15556,6,1237,34,6134,25,9485,40,15619,California
Yuba,2021-04-05,244,24148,78,7189,145,15701,21,1258,123,6158,119,9604,143,15762,California
Yuba,2021-04-06,356,24504,113,7302,182,15883,61,1319,172,6207,183,9787,232,15994,California
Yuba,2021-04-07,771,25275,396,7698,322,16205,53,1372,348,6187,420,10207,400,16394,California
Yuba,2021-04-08,740,26015,288,7986,190,16395,262,1634,274,6257,465,10672,535,16929,California
Yuba,2021-04-09,395,26410,173,8159,156,16551,66,1700,161,6251,233,10905,227,17156,California
Yuba,2021-04-10,592,27002,71,8230,74,16625,447,2147,70,6247,520,11425,516,17672,California
Yuba,2021-04-11,104,27106,26,8256,66,16691,12,2159,44,6244,59,11484,56,17728,California
Yuba,2021-04-12,210,27316,45,8301,136,16827,29,2188,80,6224,129,11613,109,17837,California
Yuba,2021-04-13,394,27710,102,8403,292,17119,0,2188,201,6233,192,11805,201,18038,California
Yuba,2021-04-14,695,28405,109,8512,586,17705,0,2188,121,5781,573,12378,121,18159,California
Yuba,2021-04-15,335,28740,128,8640,207,17912,0,2188,145,5736,190,12568,145,18304,California
Yuba,2021-04-16,335,29075,99,8739,236,18148,0,2188,179,5760,155,12723,179,18483,California
Yuba,2021-04-17,401,29476,58,8797,343,18491,0,2188,330,6020,70,12793,330,18813,California
Yuba,2021-04-18,53,29529,10,8807,43,18534,0,2188,24,6015,29,12822,24,18837,California
Yuba,2021-04-19,247,29776,103,8910,144,18678,0,2188,105,5978,142,12964,105,18942,California
Yuba,2021-04-20,316,30092,78,8988,238,18916,0,2188,179,6022,136,13100,180,19122,California
Yuba,2021-04-21,699,30791,280,9268,419,19335,0,2188,297,5917,402,13502,297,19419,California
Yuba,2021-04-22,348,31139,136,9404,212,19547,0,2188,192,5953,156,13658,192,19611,California
Yuba,2021-04-23,343,31482,113,9517,230,19777,0,2188,164,5939,178,13836,164,19775,California
Yuba,2021-04-24,215,31697,68,9585,147,19924,0,2188,122,5968,93,13929,122,19897,California
Yuba,2021-04-25,72,31769,29,9614,43,19967,0,2188,35,5966,37,13966,35,19932,California
Yuba,2021-04-26,223,31992,53,9667,166,20133,4,2192,101,5949,122,14088,105,20037,California
Yuba,2021-04-27,472,32464,162,9829,300,20433,10,2202,234,5957,236,14324,244,20281,California
Yuba,2021-04-28,429,32893,175,10004,249,20682,5,2207,144,5827,279,14603,149,20430,California
Yuba,2021-04-29,426,33319,63,10067,362,21044,1,2208,144,5691,281,14884,145,20575,California
Yuba,2021-04-30,330,33649,94,10161,206,21250,30,2238,141,5675,187,15071,171,20746,California
Yuba,2021-05-01,206,33855,91,10252,96,21346,19,2257,93,5675,112,15183,112,20858,California
Yuba,2021-05-02,64,33919,34,10286,26,21372,4,2261,37,5689,27,15210,41,20899,California
Yuba,2021-05-03,140,34059,66,10352,65,21437,9,2270,45,5649,94,15304,54,20953,California
Yuba,2021-05-04,318,34377,94,10446,203,21640,21,2291,140,5632,178,15482,161,21114,California
Yuba,2021-05-05,316,34693,77,10523,232,21872,7,2298,113,5549,203,15685,120,21234,California
Yuba,2021-05-06,275,34968,103,10626,134,22006,38,2336,90,5495,182,15867,128,21362,California
Yuba,2021-05-07,358,35326,94,10720,236,22242,28,2364,122,5408,236,16103,149,21511,California
Yuba,2021-05-08,104,35430,32,10752,69,22311,3,2367,46,5399,58,16161,49,21560,California
Yuba,2021-05-09,52,35482,23,10775,26,22337,3,2370,37,5424,15,16176,40,21600,California
Yuba,2021-05-10,172,35654,56,10831,98,22435,18,2388,54,5379,117,16293,72,21672,California
Yuba,2021-05-11,367,36021,162,10993,191,22626,14,2402,135,5297,230,16523,148,21820,California
Yuba,2021-05-12,248,36269,123,11116,118,22744,7,2409,96,5248,152,16675,103,21923,California
Yuba,2021-05-13,343,36612,186,11302,114,22858,43,2452,108,5166,233,16908,151,22074,California
Yuba,2021-05-14,365,36977,140,11442,205,23063,20,2472,160,5140,205,17113,179,22253,California
Yuba,2021-05-15,433,37410,109,11551,303,23366,21,2493,110,4949,321,17434,130,22383,California
Yuba,2021-05-16,134,37544,44,11595,81,23447,9,2502,85,4995,48,17482,94,22477,California
Yuba,2021-05-17,212,37756,89,11684,103,23550,20,2522,92,4989,118,17600,112,22589,California
Yuba,2021-05-18,390,38146,160,11844,221,23771,9,2531,167,4942,223,17823,176,22765,California
Yuba,2021-05-19,265,38411,148,11992,111,23882,6,2537,138,4959,127,17950,144,22909,California
Yuba,2021-05-20,380,38791,284,12276,85,23967,11,2548,253,5097,126,18076,264,23173,California
Yuba,2021-05-21,380,39171,189,12465,187,24154,4,2552,247,5217,131,18207,251,23424,California
