county,administered_date,total_doses,cumulative_total_doses,pfizer_doses,cumulative_pfizer_doses,moderna_doses,cumulative_moderna_doses,jj_doses,cumulative_jj_doses,partially_vaccinated,total_partially_vaccinated,fully_vaccinated,cumulative_fully_vaccinated,at_least_one_dose,cumulative_at_least_one_dose,california_flag
All CA Counties,2020-12-15,1138,1138,1138,1138,0,0,0,0,1138,1138,0,0,1138,1138,
All CA Counties,2020-12-16,8430,9568,8430,9568,0,0,0,0,8430,9568,0,0,8430,9568,
All CA Counties,2020-12-17,25876,35444,25876,35444,0,0,0,0,25878,35446,0,0,25878,35446,
All CA Counties,2020-12-18,43905,79349,43849,79293,56,56,0,0,43906,79352,0,0,43906,79352,
All CA Counties,2020-12-19,25318,104667,25294,104587,24,80,0,0,25317,104668,1,1,25317,104669,
All CA Counties,2020-12-20,19013,123680,18986,123573,27,107,0,0,19012,123679,1,2,19012,123681,
All CA Counties,2020-12-21,49689,173369,49603,173176,86,193,0,0,49691,173369,2,4,49692,173373,
All CA Counties,2020-12-22,50054,223423,47927,221103,2127,2320,0,0,50052,223420,1,5,50052,223425,
All CA Counties,2020-12-23,50675,274098,41903,263006,8772,11092,0,0,50671,274090,4,9,50674,274099,
All CA Counties,2020-12-24,24094,298192,16376,279382,7718,18810,0,0,24091,298180,3,12,24093,298192,
All CA Counties,2020-12-25,2346,300538,2024,281406,322,19132,0,0,2346,300526,0,12,2346,300538,
All CA Counties,2020-12-26,14709,315247,9463,290869,5246,24378,0,0,14707,315232,1,13,14707,315245,
All CA Counties,2020-12-27,9439,324686,5590,296459,3849,28227,0,0,9438,324669,1,14,9438,324683,
All CA Counties,2020-12-28,45874,370560,29431,325890,16443,44670,0,0,45872,370538,3,17,45872,370555,
All CA Counties,2020-12-29,50995,421555,28434,354324,22561,67231,0,0,50991,421526,3,20,50991,421546,
All CA Counties,2020-12-30,62871,484426,35520,389844,27351,94582,0,0,62863,484386,6,26,62866,484412,
All CA Counties,2020-12-31,29349,513775,10859,400703,18490,113072,0,0,29340,513720,7,33,29341,513753,
All CA Counties,2021-01-01,4170,517945,1861,402564,2309,115381,0,0,4166,517883,3,36,4166,517919,
All CA Counties,2021-01-02,18435,536380,10360,412924,8075,123456,0,0,18434,536317,0,36,18434,536353,
All CA Counties,2021-01-03,6167,542547,3654,416578,2513,125969,0,0,6138,542443,12,48,6138,542491,
All CA Counties,2021-01-04,43576,586123,22209,438787,21367,147336,0,0,43497,585898,42,90,43497,585988,
All CA Counties,2021-01-05,56484,642607,30093,468880,26391,173727,0,0,51026,631614,5402,5492,51118,637106,
All CA Counties,2021-01-06,73327,715934,40631,509511,32696,206423,0,0,57938,674374,15210,20702,57970,695076,
All CA Counties,2021-01-07,91994,807928,52438,561949,39556,245979,0,0,61309,705215,30517,51219,61358,756434,
All CA Counties,2021-01-08,106667,914595,64170,626119,42497,288476,0,0,65479,729704,41054,92273,65543,821977,
All CA Counties,2021-01-09,44299,958894,25551,651670,18748,307224,0,0,27783,741022,16492,108765,27810,849787,
All CA Counties,2021-01-10,24302,983196,15013,666683,9289,316513,0,0,13071,742896,11214,119979,13088,862875,
All CA Counties,2021-01-11,104451,1087647,69498,736181,34953,351466,0,0,60617,759890,43792,163771,60786,923661,
All CA Counties,2021-01-12,113372,1201019,67125,803306,46247,397713,0,0,72373,791575,40920,204691,72605,996266,
All CA Counties,2021-01-13,119026,1320045,61772,865078,57254,454967,0,0,85332,843378,33608,238299,85411,1081677,
All CA Counties,2021-01-14,123671,1443716,49589,914667,74082,529049,0,0,104104,928181,19462,257761,104265,1185942,
All CA Counties,2021-01-15,141678,1585394,51797,966464,89881,618930,0,0,126640,1040082,14945,272706,126846,1312788,
All CA Counties,2021-01-16,80344,1665738,27321,993785,53023,671953,0,0,72791,1105396,7527,280233,72841,1385629,
All CA Counties,2021-01-17,48095,1713833,16797,1010582,31298,703251,0,0,44460,1146275,3628,283861,44507,1430136,
All CA Counties,2021-01-18,88057,1801890,45951,1056533,42106,745357,0,0,68777,1196007,19205,303066,68937,1499073,
All CA Counties,2021-01-19,141713,1943603,73569,1130102,68144,813501,0,0,110601,1275910,31020,334086,110923,1609996,
All CA Counties,2021-01-20,159977,2103580,81831,1211933,78146,891647,0,0,126438,1369283,33321,367407,126694,1736690,
All CA Counties,2021-01-21,173060,2276640,76864,1288797,96196,987843,0,0,153992,1504762,18858,386265,154337,1891027,
All CA Counties,2021-01-22,169271,2445911,69166,1357963,100105,1087948,0,0,155011,1645788,14129,400394,155155,2046182,
All CA Counties,2021-01-23,111148,2557059,49428,1407391,61720,1149668,0,0,98660,1732131,12430,412824,98773,2144955,
All CA Counties,2021-01-24,60950,2618009,29477,1436868,31473,1181141,0,0,56309,1783888,4611,417435,56368,2201323,
All CA Counties,2021-01-25,144626,2762635,65354,1502222,79272,1260413,0,0,109574,1858888,34927,452362,109927,2311250,
All CA Counties,2021-01-26,168254,2930889,82730,1584952,85524,1345937,0,0,130872,1952765,37252,489614,131129,2442379,
All CA Counties,2021-01-27,179663,3110552,87695,1672647,91968,1437905,0,0,140517,2054658,38832,528446,140725,2583104,
All CA Counties,2021-01-28,187402,3297954,86526,1759173,100876,1538781,0,0,153367,2174481,33751,562197,153574,2736678,
All CA Counties,2021-01-29,183067,3481021,88215,1847388,94852,1633633,0,0,148527,2289204,33970,596167,148693,2885371,
All CA Counties,2021-01-30,123310,3604331,55638,1903026,67672,1701305,0,0,107940,2382076,15207,611374,108079,2993450,
All CA Counties,2021-01-31,68955,3673286,38637,1941663,30318,1731623,0,0,64194,2441612,4712,616086,64248,3057698,
All CA Counties,2021-02-01,161671,3834957,75970,2017633,85701,1817324,0,0,121029,2522281,40486,656572,121155,3178853,
All CA Counties,2021-02-02,184305,4019262,77689,2095322,106616,1923940,0,0,140055,2618583,43975,700547,140277,3319130,
All CA Counties,2021-02-03,210726,4229988,95508,2190830,115218,2039158,0,0,156443,2721482,53787,754334,156686,3475816,
All CA Counties,2021-02-04,227586,4457574,99726,2290556,127860,2167018,0,0,167099,2828983,59953,814287,167454,3643270,
All CA Counties,2021-02-05,245668,4703242,106299,2396855,139369,2306387,0,0,167020,2918638,77885,892172,167540,3810810,
All CA Counties,2021-02-06,154705,4857947,74819,2471674,79886,2386273,0,0,119987,3004561,34554,926726,120477,3931287,
All CA Counties,2021-02-07,66779,4924726,43183,2514857,23596,2409869,0,0,50372,3039053,16330,943056,50822,3982109,
All CA Counties,2021-02-08,180565,5105291,88818,2603675,91747,2501616,0,0,119215,3098081,60924,1003980,119952,4102061,
All CA Counties,2021-02-09,211186,5316477,102118,2705793,109068,2610684,0,0,126713,3141904,84025,1088005,127848,4229909,
All CA Counties,2021-02-10,248189,5564666,119588,2825381,128601,2739285,0,0,137878,3171751,109502,1197507,139349,4369258,
All CA Counties,2021-02-11,265069,5829735,131270,2956651,133799,2873084,0,0,144924,3199407,119048,1316555,146704,4515962,
All CA Counties,2021-02-12,271912,6101647,119240,3075891,152672,3025756,0,0,146824,3224343,124242,1440797,149178,4665140,
All CA Counties,2021-02-13,166661,6268308,77233,3153124,89428,3115184,0,0,92152,3244302,74142,1514939,94101,4759241,
All CA Counties,2021-02-14,95222,6363530,47367,3200491,47855,3163039,0,0,51572,3253927,43487,1558426,53112,4812353,
All CA Counties,2021-02-15,142262,6505792,62398,3262889,79864,3242903,0,0,78766,3272690,63124,1621550,81887,4894240,
All CA Counties,2021-02-16,248575,6754367,117937,3380826,130638,3373541,0,0,133129,3293834,115077,1736627,136221,5030461,
All CA Counties,2021-02-17,258624,7012991,128726,3509552,129898,3503439,0,0,128960,3296862,129132,1865759,132160,5162621,
All CA Counties,2021-02-18,272278,7285269,142002,3651554,130276,3633715,0,0,131763,3293006,139824,2005583,135968,5298589,
All CA Counties,2021-02-19,252186,7537455,146279,3797833,105907,3739622,0,0,130305,3303985,121396,2126979,132375,5430964,
All CA Counties,2021-02-20,152545,7690000,97804,3895637,54741,3794363,0,0,84037,3321738,68251,2195230,86004,5516968,
All CA Counties,2021-02-21,81958,7771958,67922,3963559,14036,3808399,0,0,41297,3324173,40426,2235656,42861,5559829,
All CA Counties,2021-02-22,163578,7935536,109762,4073321,53816,3862215,0,0,82039,3326713,81225,2316881,83765,5643594,
All CA Counties,2021-02-23,225081,8160617,119270,4192591,105811,3968026,0,0,105071,3318339,119423,2436304,111049,5754643,
All CA Counties,2021-02-24,282583,8443200,142865,4335456,139718,4107744,0,0,134798,3313499,147170,2583474,142330,5896973,
All CA Counties,2021-02-25,319543,8762743,157375,4492831,162168,4269912,0,0,167989,3339144,150875,2734349,176520,6073493,
All CA Counties,2021-02-26,352932,9115675,164272,4657103,188660,4458572,0,0,198030,3390427,154005,2888354,205288,6278781,
All CA Counties,2021-02-27,250596,9366271,122001,4779104,128575,4587147,20,20,142307,3429469,107687,2996041,146729,6425510,
All CA Counties,2021-02-28,130277,9496548,77903,4857007,52369,4639516,5,25,76126,3454704,53732,3049773,78967,6504477,
All CA Counties,2021-03-01,239348,9735896,127619,4984626,111640,4751156,89,114,138196,3496554,100421,3150194,142271,6646748,
All CA Counties,2021-03-02,288508,10024404,146063,5130689,142426,4893582,19,133,174459,3564351,113554,3263748,181351,6828099,
All CA Counties,2021-03-03,331360,10355764,164480,5295169,166828,5060410,52,185,191003,3623011,139686,3403434,198346,7026445,
All CA Counties,2021-03-04,350586,10706350,177565,5472734,172932,5233342,89,274,205934,3692131,143918,3547352,213038,7239483,
All CA Counties,2021-03-05,338930,11045280,166995,5639729,170813,5404155,1122,1396,211238,3784832,126890,3674242,219591,7459074,
All CA Counties,2021-03-06,258531,11303811,132977,5772706,117756,5521911,7798,9194,160708,3860610,97413,3771655,173191,7632265,
All CA Counties,2021-03-07,127432,11431243,78425,5851131,44920,5566831,4087,13281,79896,3900911,47350,3819005,87651,7719916,
All CA Counties,2021-03-08,218468,11649711,106211,5957342,101867,5668698,10390,23671,143149,3984464,74944,3893949,158497,7878413,
All CA Counties,2021-03-09,290997,11940708,139308,6096650,135839,5804537,15850,39521,163471,4040792,127050,4020999,183378,8061791,
All CA Counties,2021-03-10,321900,12262608,160836,6257486,136671,5941208,24393,63914,174628,4097335,146632,4167631,203175,8264966,
All CA Counties,2021-03-11,375929,12638537,181824,6439310,160819,6102027,33286,97200,193250,4146314,181769,4349400,230748,8495714,
All CA Counties,2021-03-12,394200,13032737,176359,6615669,171574,6273601,46267,143467,193870,4191037,199549,4548949,244272,8739986,
All CA Counties,2021-03-13,282145,13314882,124777,6740446,126271,6399872,31097,174564,152371,4249545,129331,4678280,187839,8927825,
All CA Counties,2021-03-14,154783,13469665,83226,6823672,56478,6456350,15079,189643,78831,4270050,75673,4753953,96178,9024003,
All CA Counties,2021-03-15,290104,13759769,138690,6962362,130876,6587226,20538,210181,158132,4320831,131262,4885215,182043,9206046,
All CA Counties,2021-03-16,369722,14129491,173752,7136114,178693,6765919,17277,227458,214643,4401595,154357,5039572,235121,9441167,
All CA Counties,2021-03-17,382886,14512377,189479,7325593,174882,6940801,18525,245983,237489,4515522,144595,5184167,258522,9699689,
All CA Counties,2021-03-18,400295,14912672,205157,7530750,177175,7117976,17963,263946,238570,4613468,160650,5344817,258596,9958285,
All CA Counties,2021-03-19,410197,15322869,215806,7746556,172844,7290820,21547,285493,239425,4706605,169812,5514629,262949,10221234,
All CA Counties,2021-03-20,293993,15616862,154431,7900987,123724,7414544,15838,301331,186362,4803266,106980,5621609,203641,10424875,
All CA Counties,2021-03-21,143541,15760403,99246,8000233,36784,7451328,7511,308842,90138,4849204,53058,5674667,98996,10523871,
All CA Counties,2021-03-22,272852,16033255,159022,8159255,102644,7553972,11186,320028,178848,4948989,93255,5767922,193040,10716911,
All CA Counties,2021-03-23,356841,16390096,196452,8355707,149340,7703312,11049,331077,219669,5046002,136281,5904203,233294,10950205,
All CA Counties,2021-03-24,387040,16777136,221843,8577550,152751,7856063,12446,343523,225984,5126688,159842,6064045,240528,11190733,
All CA Counties,2021-03-25,417209,17194345,230095,8807645,172320,8028383,14794,358317,237221,5202162,178701,6242746,254175,11444908,
All CA Counties,2021-03-26,434480,17628825,232667,9040312,185753,8214136,16060,374377,235259,5258300,198035,6440781,254173,11699081,
All CA Counties,2021-03-27,311692,17940517,166216,9206528,133702,8347838,11774,386151,158116,5277659,152776,6593557,172135,11871216,
All CA Counties,2021-03-28,169060,18109577,108872,9315400,56612,8404450,3576,389727,89639,5293808,78980,6672537,95129,11966345,
All CA Counties,2021-03-29,309776,18419353,167356,9482756,133384,8537834,9036,398763,173346,5343010,135691,6808228,184893,12151238,
All CA Counties,2021-03-30,397786,18817139,201818,9684574,177784,8715618,18184,416947,224062,5414082,172964,6981192,244036,12395274,
All CA Counties,2021-03-31,425723,19242862,231839,9916413,172227,8887845,21657,438604,238256,5488573,186485,7167677,260976,12656250,
All CA Counties,2021-04-01,490293,19733155,251750,10168163,198390,9086235,40153,478757,271216,5583333,217821,7385498,312581,12968831,
All CA Counties,2021-04-02,472627,20205782,230720,10398883,198875,9285110,43032,521789,257217,5671146,214213,7599711,302026,13270857,
All CA Counties,2021-04-03,329070,20534852,167632,10566515,120071,9405181,41367,563156,164264,5713729,164188,7763899,206771,13477628,
All CA Counties,2021-04-04,132340,20667192,69056,10635571,44272,9449453,19012,582168,58169,5717171,73885,7837784,77327,13554955,
All CA Counties,2021-04-05,352682,21019874,181966,10817537,131182,9580635,39534,621702,174198,5755620,177806,8015590,216255,13771210,
All CA Counties,2021-04-06,456239,21476113,231379,11048916,159517,9740152,65343,687045,221457,5810649,233883,8249473,288912,14060122,
All CA Counties,2021-04-07,470351,21946464,244452,11293368,156187,9896339,69712,756757,229525,5871300,239922,8489395,300573,14360695,
All CA Counties,2021-04-08,497061,22443525,251037,11544405,162179,10058518,83845,840602,234291,5930479,261685,8751080,320864,14681559,
All CA Counties,2021-04-09,491921,22935446,245593,11789998,167035,10225553,79293,919895,226963,5976436,263962,9015042,309919,14991478,
All CA Counties,2021-04-10,364192,23299638,166833,11956831,123790,10349343,73569,993464,153231,5995869,210257,9225299,229690,15221168,
All CA Counties,2021-04-11,186216,23485854,104470,12061301,47774,10397117,33972,1027436,76928,6000622,108957,9334256,113710,15334878,
All CA Counties,2021-04-12,337215,23823069,173204,12234505,126209,10523326,37802,1065238,156232,6018071,180082,9514338,197531,15532409,
All CA Counties,2021-04-13,429900,24252969,240610,12475115,188358,10711684,932,1066170,240198,6073427,188754,9703092,244110,15776519,
All CA Counties,2021-04-14,447972,24700941,251479,12726594,196213,10907897,280,1066450,234459,6100212,212405,9915497,239190,16015709,
All CA Counties,2021-04-15,489060,25190001,284995,13011589,203827,11111724,238,1066688,274358,6164244,213325,10128822,277357,16293066,
All CA Counties,2021-04-16,473691,25663692,266907,13278496,206477,11318201,307,1066995,252950,6200306,219580,10348402,255642,16548708,
All CA Counties,2021-04-17,339763,26003455,190466,13468962,149256,11467457,41,1067036,193339,6251157,145641,10494043,196492,16745200,
All CA Counties,2021-04-18,153847,26157302,97678,13566640,56153,11523610,16,1067052,79176,6259038,74291,10568334,82172,16827372,
All CA Counties,2021-04-19,316817,26474119,182899,13749539,133831,11657441,87,1067139,149978,6244975,165988,10734322,151925,16979297,
All CA Counties,2021-04-20,405947,26880066,216106,13965645,189776,11847217,65,1067204,202359,6247841,202600,10936922,205466,17184763,
All CA Counties,2021-04-21,418244,27298310,237369,14203014,180615,12027832,260,1067464,200833,6235936,216066,11152988,204161,17388924,
All CA Counties,2021-04-22,445132,27743442,253809,14456823,191248,12219080,75,1067539,198876,6193101,244937,11397925,202102,17591026,
All CA Counties,2021-04-23,436472,28179914,248829,14705652,187558,12406638,85,1067624,197599,6156479,237572,11635497,200950,17791976,
All CA Counties,2021-04-24,322144,28502058,203711,14909363,118271,12524909,162,1067786,163496,6165608,157735,11793232,166864,17958840,
All CA Counties,2021-04-25,149168,28651226,98432,15007795,50670,12575579,66,1067852,80322,6178985,68416,11861648,81793,18040633,
All CA Counties,2021-04-26,279317,28930543,163965,15171760,113897,12689476,1455,1069307,121191,6148728,157217,12018865,126960,18167593,
All CA Counties,2021-04-27,348254,29278797,194098,15365858,148743,12838219,5413,1074720,140442,6090826,206751,12225616,148849,18316442,
All CA Counties,2021-04-28,346712,29625509,199073,15564931,139819,12978038,7820,1082540,141189,6037590,204526,12430142,151290,18467732,
All CA Counties,2021-04-29,354905,29980414,204654,15769585,142430,13120468,7821,1090361,127979,5949365,225840,12655982,137615,18605347,
All CA Counties,2021-04-30,370502,30350916,212988,15982573,148731,13269199,8783,1099144,139960,5870657,229357,12885339,150649,18755996,
All CA Counties,2021-05-01,245481,30596397,157154,16139727,82308,13351507,6019,1105163,89205,5812533,155543,13040882,97419,18853415,
All CA Counties,2021-05-02,115356,30711753,80289,16220016,31248,13382755,3819,1108982,40831,5783399,74149,13115031,45015,18898430,
All CA Counties,2021-05-03,250507,30962260,154743,16374759,87114,13469869,8650,1117632,75866,5694894,173861,13288892,85356,18983786,
All CA Counties,2021-05-04,324068,31286328,197695,16572454,116689,13586558,9684,1127316,95661,5573999,227379,13516271,106484,19090270,
All CA Counties,2021-05-05,327230,31613558,203474,16775928,113815,13700373,9941,1137257,92001,5442833,234074,13750345,102908,19193178,
All CA Counties,2021-05-06,346168,31959726,226113,17002041,109645,13810018,10410,1147667,88054,5287213,256570,14006915,100950,19294128,
All CA Counties,2021-05-07,342613,32302339,214972,17217013,117876,13927894,9765,1157432,93096,5143075,248225,14255140,104087,19398215,
All CA Counties,2021-05-08,222624,32524963,141206,17358219,74752,14002646,6666,1164098,61163,5051879,160442,14415582,69246,19467461,
All CA Counties,2021-05-09,92959,32617922,69881,17428100,20106,14022752,2972,1167070,25446,5013656,67066,14482648,28843,19496304,
All CA Counties,2021-05-10,199887,32817809,113837,17541937,78336,14101088,7714,1174784,49622,4922845,149398,14632046,58587,19554891,
All CA Counties,2021-05-11,258015,33075824,144575,17686512,105355,14206443,8085,1182869,67931,4811296,189203,14821249,77654,19632545,
All CA Counties,2021-05-12,251617,33327441,144516,17831028,98789,14305232,8312,1191181,68836,4707640,181839,15003088,78183,19710728,
All CA Counties,2021-05-13,288889,33616330,185581,18016609,96296,14401528,7012,1198193,107653,4644677,180125,15183213,117162,19827890,
All CA Counties,2021-05-14,330191,33946521,211245,18227854,110294,14511822,8652,1206845,130001,4586343,199059,15382272,140725,19968615,
All CA Counties,2021-05-15,272095,34218616,190343,18418197,75921,14587743,5831,1212676,111951,4545732,159342,15541614,118731,20087346,
All CA Counties,2021-05-16,133601,34352217,102084,18520281,28608,14616351,2909,1215585,53966,4523775,79211,15620825,57254,20144600,
All CA Counties,2021-05-17,235697,34587914,155423,18675704,73036,14689387,7238,1222823,98546,4494155,136319,15757144,106699,20251299,
All CA Counties,2021-05-18,275989,34863903,168678,18844382,100022,14789409,7289,1230112,113167,4454260,161725,15918869,121830,20373129,
All CA Counties,2021-05-19,270001,35133904,168749,19013131,93938,14883347,7314,1237426,115801,4425246,153209,16072078,124195,20497324,
All CA Counties,2021-05-20,221208,35355112,132432,19145563,81628,14964975,7148,1244574,88319,4390000,131961,16204039,96715,20594039,
All CA Counties,2021-05-21,238002,35593114,147382,19292945,83607,15048582,7013,1251587,92964,4346910,144047,16348086,100957,20694996,
All CA Counties,2021-05-22,165959,35759073,111630,19404575,48914,15097496,5415,1257002,73291,4334385,92086,16440172,79561,20774557,
All CA Counties,2021-05-23,60824,35819897,45781,19450356,12936,15110432,2107,1259109,28201,4332528,32372,16472544,30515,20805072,
All CA Counties,2021-05-24,163482,35983379,94794,19545150,60604,15171036,8084,1267193,64073,4306840,98666,16571210,72978,20878050,
All CA Counties,2021-05-25,183954,36167333,108285,19653435,67978,15239014,7691,1274884,72888,4278374,110131,16681341,81665,20959715,
All CA Counties,2021-05-26,173691,36341024,99913,19753348,66452,15305466,7326,1282210,69254,4252053,103473,16784814,77152,21036867,
All CA Counties,2021-05-27,94458,36435482,53071,19806419,35429,15340895,5958,1288168,35039,4234640,58960,16843774,41547,21078414,
All CA and Non-CA Counties,2020-12-15,1145,1145,1145,1145,0,0,0,0,1145,1145,0,0,1145,1145,
All CA and Non-CA Counties,2020-12-16,8702,9847,8702,9847,0,0,0,0,8702,9847,0,0,8702,9847,
All CA and Non-CA Counties,2020-12-17,27476,37323,27476,37323,0,0,0,0,27476,37323,0,0,27476,37323,
All CA and Non-CA Counties,2020-12-18,46457,83780,46394,83717,63,63,0,0,46457,83780,0,0,46457,83780,
All CA and Non-CA Counties,2020-12-19,26355,110135,26330,110047,25,88,0,0,26354,110133,1,1,26354,110134,
All CA and Non-CA Counties,2020-12-20,19695,129830,19665,129712,30,118,0,0,19694,129826,1,2,19694,129828,
All CA and Non-CA Counties,2020-12-21,51877,181707,51788,181500,89,207,0,0,51875,181700,2,4,51876,181704,
All CA and Non-CA Counties,2020-12-22,52138,233845,49938,231438,2200,2407,0,0,52136,233835,1,5,52136,233840,
All CA and Non-CA Counties,2020-12-23,52206,286051,43294,274732,8912,11319,0,0,52201,286035,4,9,52204,286044,
All CA and Non-CA Counties,2020-12-24,24899,310950,16988,291720,7911,19230,0,0,24896,310930,3,12,24898,310942,
All CA and Non-CA Counties,2020-12-25,2379,313329,2053,293773,326,19556,0,0,2379,313309,0,12,2379,313321,
All CA and Non-CA Counties,2020-12-26,15016,328345,9666,303439,5350,24906,0,0,15014,328322,1,13,15014,328335,
All CA and Non-CA Counties,2020-12-27,9628,337973,5663,309102,3965,28871,0,0,9627,337948,1,14,9627,337962,
All CA and Non-CA Counties,2020-12-28,47288,385261,30326,339428,16962,45833,0,0,47285,385230,3,17,47285,385247,
All CA and Non-CA Counties,2020-12-29,52541,437802,29449,368877,23092,68925,0,0,52537,437764,3,20,52537,437784,
All CA and Non-CA Counties,2020-12-30,64841,502643,36803,405680,28038,96963,0,0,64833,502594,6,26,64836,502620,
All CA and Non-CA Counties,2020-12-31,30468,533111,11460,417140,19008,115971,0,0,30457,533044,8,34,30458,533078,
All CA and Non-CA Counties,2021-01-01,4282,537393,1886,419026,2396,118367,0,0,4278,537319,3,37,4278,537356,
All CA and Non-CA Counties,2021-01-02,18675,556068,10492,429518,8183,126550,0,0,18673,555991,1,38,18673,556029,
All CA and Non-CA Counties,2021-01-03,6337,562405,3745,433263,2592,129142,0,0,6308,562287,12,50,6308,562337,
All CA and Non-CA Counties,2021-01-04,44729,607134,22726,455989,22003,151145,0,0,44644,606888,43,93,44644,606981,
All CA and Non-CA Counties,2021-01-05,58029,665163,30909,486898,27120,178265,0,0,52380,653770,5591,5684,52473,659454,
All CA and Non-CA Counties,2021-01-06,76034,741197,42230,529128,33804,212069,0,0,59907,697765,15944,21628,59939,719393,
All CA and Non-CA Counties,2021-01-07,96201,837398,55039,584167,41162,253231,0,0,63862,729509,32169,53797,63913,783306,
All CA and Non-CA Counties,2021-01-08,111177,948575,67087,651254,44090,297321,0,0,68118,754778,42916,96713,68185,851491,
All CA and Non-CA Counties,2021-01-09,45621,994196,26085,677339,19536,316857,0,0,28778,766766,16819,113532,28807,880298,
All CA and Non-CA Counties,2021-01-10,24606,1018802,15195,692534,9411,326268,0,0,13254,768702,11335,124867,13271,893569,
All CA and Non-CA Counties,2021-01-11,107767,1126569,71523,764057,36244,362512,0,0,62605,786357,45119,169986,62774,956343,
All CA and Non-CA Counties,2021-01-12,117254,1243823,69450,833507,47804,410316,0,0,74714,818851,42456,212442,74950,1031293,
All CA and Non-CA Counties,2021-01-13,122707,1366530,63581,897088,59126,469442,0,0,87843,871997,34779,247221,87925,1119218,
All CA and Non-CA Counties,2021-01-14,127388,1493918,50868,947956,76520,545962,0,0,107181,959252,20089,267310,107344,1226562,
All CA and Non-CA Counties,2021-01-15,145919,1639837,52793,1000749,93126,639088,0,0,130414,1074473,15399,282709,130620,1357182,
All CA and Non-CA Counties,2021-01-16,83040,1722877,27713,1028462,55327,694415,0,0,75311,1142133,7701,290410,75361,1432543,
All CA and Non-CA Counties,2021-01-17,48598,1771475,16954,1045416,31644,726059,0,0,44913,1183415,3678,294088,44960,1477503,
All CA and Non-CA Counties,2021-01-18,89303,1860778,46769,1092185,42534,768593,0,0,69567,1233482,19660,313748,69727,1547230,
All CA and Non-CA Counties,2021-01-19,145765,2006543,74912,1167097,70853,839446,0,0,113762,1315659,31910,345658,114087,1661317,
All CA and Non-CA Counties,2021-01-20,164443,2170986,83315,1250412,81128,920574,0,0,129917,1411528,34305,379963,130174,1791491,
All CA and Non-CA Counties,2021-01-21,177230,2348216,78043,1328455,99187,1019761,0,0,157600,1550066,19407,399370,157945,1949436,
All CA and Non-CA Counties,2021-01-22,173928,2522144,70285,1398740,103643,1123404,0,0,159266,1694950,14527,413897,159411,2108847,
All CA and Non-CA Counties,2021-01-23,113405,2635549,49767,1448507,63638,1187042,0,0,100755,1783226,12592,426489,100868,2209715,
All CA and Non-CA Counties,2021-01-24,61560,2697109,29725,1478232,31835,1218877,0,0,56843,1835440,4688,431177,56902,2266617,
All CA and Non-CA Counties,2021-01-25,149128,2846237,67322,1545554,81806,1300683,0,0,113173,1913140,35827,467004,113527,2380144,
All CA and Non-CA Counties,2021-01-26,174272,3020509,85699,1631253,88573,1389256,0,0,136023,2011306,38121,505125,136287,2516431,
All CA and Non-CA Counties,2021-01-27,184494,3205003,90378,1721631,94116,1483372,0,0,144710,2116760,39465,544590,144919,2661350,
All CA and Non-CA Counties,2021-01-28,192806,3397809,89523,1811154,103283,1586655,0,0,158180,2240812,34335,578925,158387,2819737,
All CA and Non-CA Counties,2021-01-29,188110,3585919,91430,1902584,96680,1683335,0,0,152784,2359009,34755,613680,152952,2972689,
All CA and Non-CA Counties,2021-01-30,127802,3713721,58086,1960670,69716,1753051,0,0,112200,2455909,15440,629120,112340,3085029,
All CA and Non-CA Counties,2021-01-31,72025,3785746,41287,2001957,30738,1783789,0,0,67211,2518410,4765,633885,67266,3152295,
All CA and Non-CA Counties,2021-02-01,167189,3952935,78577,2080534,88612,1872401,0,0,125831,2603171,41196,675081,125957,3278252,
All CA and Non-CA Counties,2021-02-02,191114,4144049,79911,2160445,111203,1983604,0,0,146136,2704834,44695,719776,146358,3424610,
All CA and Non-CA Counties,2021-02-03,218070,4362119,97620,2258065,120450,2104054,0,0,162905,2813322,54661,774437,163149,3587759,
All CA and Non-CA Counties,2021-02-04,234439,4596558,101953,2360018,132486,2236540,0,0,172948,2925678,60948,835385,173304,3761063,
All CA and Non-CA Counties,2021-02-05,252491,4849049,108544,2468562,143947,2380487,0,0,172769,3020012,78955,914340,173289,3934352,
All CA and Non-CA Counties,2021-02-06,159156,5008205,76992,2545554,82164,2462651,0,0,123965,3109451,35019,949359,124458,4058810,
All CA and Non-CA Counties,2021-02-07,69021,5077226,45037,2590591,23984,2486635,0,0,52532,3146023,16412,965771,52984,4111794,
All CA and Non-CA Counties,2021-02-08,185963,5263189,92244,2682835,93719,2580354,0,0,123517,3208268,62009,1027780,124254,4236048,
All CA and Non-CA Counties,2021-02-09,215491,5478680,104060,2786895,111431,2691785,0,0,129701,3253787,85331,1113111,130850,4366898,
All CA and Non-CA Counties,2021-02-10,253830,5732510,121560,2908455,132270,2824055,0,0,141059,3284405,111953,1225064,142571,4509469,
All CA and Non-CA Counties,2021-02-11,270002,6002512,133622,3042077,136380,2960435,0,0,148512,3314331,120384,1345448,150310,4659779,
All CA and Non-CA Counties,2021-02-12,277183,6279695,121225,3163302,155958,3116393,0,0,150242,3340848,126083,1471531,152600,4812379,
All CA and Non-CA Counties,2021-02-13,169109,6448804,77961,3241263,91148,3207541,0,0,94044,3362156,74697,1546228,96005,4908384,
All CA and Non-CA Counties,2021-02-14,96572,6545376,47788,3289051,48784,3256325,0,0,52678,3372650,43726,1589954,54220,4962604,
All CA and Non-CA Counties,2021-02-15,144852,6690228,63964,3353015,80888,3337213,0,0,80028,3391366,64437,1654391,83153,5045757,
All CA and Non-CA Counties,2021-02-16,255103,6945331,120906,3473921,134197,3471410,0,0,135778,3411297,118945,1773336,138876,5184633,
All CA and Non-CA Counties,2021-02-17,264578,7209909,131711,3605632,132867,3604277,0,0,130828,3412119,133211,1906547,134033,5318666,
All CA and Non-CA Counties,2021-02-18,278781,7488690,145794,3751426,132987,3737264,0,0,133845,3405944,144226,2050773,138051,5456717,
All CA and Non-CA Counties,2021-02-19,258100,7746790,150423,3901849,107677,3844941,0,0,132785,3415978,124823,2175596,134857,5591574,
All CA and Non-CA Counties,2021-02-20,155887,7902677,100495,4002344,55392,3900333,0,0,85283,3432886,70343,2245939,87251,5678825,
All CA and Non-CA Counties,2021-02-21,84701,7987378,70448,4072792,14253,3914586,0,0,42150,3434292,42311,2288250,43717,5722542,
All CA and Non-CA Counties,2021-02-22,167059,8154437,112310,4185102,54749,3969335,0,0,83670,3436621,83072,2371322,85401,5807943,
All CA and Non-CA Counties,2021-02-23,231151,8385588,122690,4307792,108461,4077796,0,0,107449,3426955,123107,2494429,113441,5921384,
All CA and Non-CA Counties,2021-02-24,289026,8674614,146425,4454217,142601,4220397,0,0,137313,3420712,151093,2645522,144850,6066234,
All CA and Non-CA Counties,2021-02-25,326520,9001134,160934,4615151,165586,4385983,0,0,171160,3445756,154651,2800173,179695,6245929,
All CA and Non-CA Counties,2021-02-26,359813,9360947,167920,4783071,191893,4577876,0,0,201243,3496668,157590,2957763,208502,6454431,
All CA and Non-CA Counties,2021-02-27,256109,9617056,124777,4907848,131311,4709187,21,21,144195,3533989,111300,3069063,148621,6603052,
All CA and Non-CA Counties,2021-02-28,132733,9749789,79692,4987540,53035,4762222,6,27,76935,3558392,55375,3124438,79778,6682830,
All CA and Non-CA Counties,2021-03-01,244361,9994150,130808,5118348,113463,4875685,90,117,139569,3597990,104052,3228490,143650,6826480,
All CA and Non-CA Counties,2021-03-02,295259,10289409,148560,5266908,146680,5022365,19,136,176539,3663212,118211,3346701,183433,7009913,
All CA and Non-CA Counties,2021-03-03,339238,10628647,167554,5434462,171630,5193995,54,190,193651,3719309,144903,3491604,201000,7210913,
All CA and Non-CA Counties,2021-03-04,357428,10986075,180508,5614970,176827,5370822,93,283,208247,3786235,148431,3640035,215357,7426270,
All CA and Non-CA Counties,2021-03-05,344230,11330305,169684,5784654,173410,5544232,1136,1419,213982,3879154,129438,3769473,222357,7648627,
All CA and Non-CA Counties,2021-03-06,263162,11593467,135136,5919790,120071,5664303,7955,9374,163066,3955185,99683,3869156,175714,7824341,
All CA and Non-CA Counties,2021-03-07,129037,11722504,79455,5999245,45441,5709744,4141,13515,80873,3995891,47978,3917134,88684,7913025,
All CA and Non-CA Counties,2021-03-08,221605,11944109,108075,6107320,102894,5812638,10636,24151,145359,4081008,75843,3992977,160960,8073985,
All CA and Non-CA Counties,2021-03-09,295679,12239788,141700,6249020,137808,5950446,16171,40322,166220,4138476,128980,4121957,186448,8260433,
All CA and Non-CA Counties,2021-03-10,326317,12566105,162957,6411977,138453,6088899,24907,65229,177357,4196589,148312,4270269,206425,8466858,
All CA and Non-CA Counties,2021-03-11,382122,12948227,184982,6596959,163160,6252059,33980,99209,196586,4246748,184620,4454889,234779,8701637,
All CA and Non-CA Counties,2021-03-12,400739,13348966,180297,6777256,173445,6425504,46997,146206,197484,4292905,202464,4657353,248621,8950258,
All CA and Non-CA Counties,2021-03-13,285944,13634910,126970,6904226,127401,6552905,31573,177779,154969,4353305,130524,4787877,190924,9141182,
All CA and Non-CA Counties,2021-03-14,156614,13791524,84170,6988396,57023,6609928,15421,193200,79843,4374349,76491,4864368,97535,9238717,
All CA and Non-CA Counties,2021-03-15,294201,14085725,140825,7129221,132377,6742305,20999,214199,160335,4425908,133151,4997519,184710,9423427,
All CA and Non-CA Counties,2021-03-16,377279,14463004,178146,7307367,181470,6923775,17663,231862,218837,4507889,157717,5155236,239698,9663125,
All CA and Non-CA Counties,2021-03-17,391365,14854369,194950,7502317,177513,7101288,18902,250764,242600,4623942,147958,5303194,264011,9927136,
All CA and Non-CA Counties,2021-03-18,408645,15263014,210309,7712626,179834,7281122,18502,269266,243418,4723782,164143,5467337,263983,10191119,
All CA and Non-CA Counties,2021-03-19,417559,15680573,220166,7932792,175302,7456424,22091,291357,243853,4818966,172741,5640078,267925,10459044,
All CA and Non-CA Counties,2021-03-20,298786,15979359,157586,8090378,125275,7581699,15925,307282,190033,4918271,108094,5748172,207399,10666443,
All CA and Non-CA Counties,2021-03-21,145649,16125008,100694,8191072,37357,7619056,7598,314880,91827,4965569,53474,5801646,100772,10767215,
All CA and Non-CA Counties,2021-03-22,276129,16401137,160995,8352067,103859,7722915,11275,326155,181086,5066655,94281,5895927,195367,10962582,
All CA and Non-CA Counties,2021-03-23,362922,16764059,199551,8551618,152017,7874932,11354,337509,223803,5166175,138213,6034140,237733,11200315,
All CA and Non-CA Counties,2021-03-24,394379,17158438,225618,8777236,155870,8030802,12891,350400,231084,5250172,162074,6196214,246071,11446386,
All CA and Non-CA Counties,2021-03-25,425518,17583956,233974,9011210,176227,8207029,15317,365717,243278,5329991,180938,6377152,260757,11707143,
All CA and Non-CA Counties,2021-03-26,441177,18025133,236235,9247445,188704,8395733,16238,381955,239675,5388469,200288,6577440,258766,11965909,
All CA and Non-CA Counties,2021-03-27,317266,18342399,169369,9416814,135906,8531639,11991,393946,161617,5409475,154844,6732284,175850,12141759,
All CA and Non-CA Counties,2021-03-28,172156,18514555,110530,9527344,57890,8589529,3736,397682,91640,5426696,80069,6812353,97290,12239049,
All CA and Non-CA Counties,2021-03-29,314971,18829526,169703,9697047,135881,8725410,9387,407069,176303,5476975,137923,6950276,188202,12427251,
All CA and Non-CA Counties,2021-03-30,404682,19234208,205459,9902506,180474,8905884,18749,425818,228123,5549858,175787,7126063,248670,12675921,
All CA and Non-CA Counties,2021-03-31,432084,19666292,235672,10138178,173981,9079865,22431,448249,241639,5625530,189458,7315521,265130,12941051,
All CA and Non-CA Counties,2021-04-01,497800,20164092,256272,10394450,200730,9280595,40798,489047,275561,5722121,220975,7536496,317566,13258617,
All CA and Non-CA Counties,2021-04-02,481154,20645246,235271,10629721,201697,9482292,44186,533233,261639,5811411,218311,7754807,307601,13566218,
All CA and Non-CA Counties,2021-04-03,335246,20980492,171297,10801018,121417,9603709,42532,575765,167496,5855456,167123,7921930,211168,13777386,
All CA and Non-CA Counties,2021-04-04,134136,21114628,69936,10870954,44953,9648662,19247,595012,59148,5859295,74700,7996630,78539,13855925,
All CA and Non-CA Counties,2021-04-05,356807,21471435,184017,11054971,132597,9781259,40193,635205,176165,5898218,179958,8176588,218881,14074806,
All CA and Non-CA Counties,2021-04-06,463241,21934676,235153,11290124,161151,9942410,66937,702142,224289,5953515,238040,8414628,293337,14368143,
All CA and Non-CA Counties,2021-04-07,478543,22413219,249170,11539294,157970,10100380,71403,773545,232703,6014028,244928,8659556,305441,14673584,
All CA and Non-CA Counties,2021-04-08,505162,22918381,255343,11794637,164039,10264419,85780,859325,237433,6073333,266637,8926193,325942,14999526,
All CA and Non-CA Counties,2021-04-09,499367,23417748,249465,12044102,168690,10433109,81212,940537,229829,6119507,268533,9194726,314707,15314233,
All CA and Non-CA Counties,2021-04-10,370291,23788039,169919,12214021,124951,10558060,75421,1015958,154934,6138102,214647,9409373,233242,15547475,
All CA and Non-CA Counties,2021-04-11,189033,23977072,106003,12320024,48424,10606484,34606,1050564,77880,6142579,110819,9520192,115296,15662771,
All CA and Non-CA Counties,2021-04-12,341297,24318369,175491,12495515,127465,10733949,38341,1088905,158032,6160090,182358,9702550,199869,15862640,
All CA and Non-CA Counties,2021-04-13,435612,24753981,244293,12739808,190364,10924313,955,1089860,243127,6215621,191531,9894081,247062,16109702,
All CA and Non-CA Counties,2021-04-14,453234,25207215,254807,12994615,198143,11122456,284,1090144,237304,6242842,214818,10108899,242039,16351741,
All CA and Non-CA Counties,2021-04-15,495185,25702400,288858,13283473,206082,11328538,245,1090389,277624,6307342,216131,10325030,280631,16632372,
All CA and Non-CA Counties,2021-04-16,479557,26181957,270291,13553764,208952,11537490,314,1090703,256202,6344059,222185,10547215,258902,16891274,
All CA and Non-CA Counties,2021-04-17,345110,26527067,193707,13747471,151361,11688851,42,1090745,196373,6395641,147945,10695160,199527,17090801,
All CA and Non-CA Counties,2021-04-18,155929,26682996,98832,13846303,57080,11745931,17,1090762,80147,6403389,75397,10770557,83145,17173946,
All CA and Non-CA Counties,2021-04-19,320963,27003959,184922,14031225,135953,11881884,88,1090850,152112,6389463,167989,10938546,154063,17328009,
All CA and Non-CA Counties,2021-04-20,411314,27415273,218562,14249787,192687,12074571,65,1090915,204553,6391353,205770,11144316,207660,17535669,
All CA and Non-CA Counties,2021-04-21,424619,27839892,240080,14489867,184275,12258846,264,1091179,203100,6377621,220164,11364480,206432,17742101,
All CA and Non-CA Counties,2021-04-22,451884,28291776,257294,14747161,194512,12453358,78,1091257,201323,6332943,249231,11613711,204553,17946654,
All CA and Non-CA Counties,2021-04-23,442416,28734192,251849,14999010,190481,12643839,86,1091343,200056,6295308,241044,11854755,203409,18150063,
All CA and Non-CA Counties,2021-04-24,326628,29060820,206693,15205703,119769,12763608,166,1091509,165234,6303441,160476,12015231,168609,18318672,
All CA and Non-CA Counties,2021-04-25,151381,29212201,99700,15305403,51613,12815221,68,1091577,81487,6316942,69462,12084693,82963,18401635,
All CA and Non-CA Counties,2021-04-26,282972,29495173,165608,15471011,115884,12931105,1480,1093057,122834,6286346,159224,12243917,128628,18530263,
All CA and Non-CA Counties,2021-04-27,353581,29848754,196029,15667040,151847,13082952,5705,1098762,142391,6227314,210128,12454045,151096,18681359,
All CA and Non-CA Counties,2021-04-28,351653,30200407,201208,15868248,142231,13225183,8214,1106976,143182,6173526,207467,12661512,153679,18835038,
All CA and Non-CA Counties,2021-04-29,359886,30560293,206966,16075214,144667,13369850,8253,1115229,129934,6084680,228848,12890360,140002,18975040,
All CA and Non-CA Counties,2021-04-30,375537,30935830,215480,16290694,150845,13520695,9212,1124441,141948,6005351,232395,13122755,153066,19128106,
All CA and Non-CA Counties,2021-05-01,248772,31184602,159119,16449813,83205,13603900,6448,1130889,90583,5947129,157447,13280202,99225,19227331,
All CA and Non-CA Counties,2021-05-02,117242,31301844,81389,16531202,31910,13635810,3943,1134832,41699,5917971,75165,13355367,46007,19273338,
All CA and Non-CA Counties,2021-05-03,253551,31555395,156533,16687735,88086,13723896,8932,1143764,77150,5829274,175618,13530985,86921,19360259,
All CA and Non-CA Counties,2021-05-04,328335,31883730,200143,16887878,118061,13841957,10131,1153895,97322,5707880,229981,13760966,108587,19468846,
All CA and Non-CA Counties,2021-05-05,331849,32215579,206216,17094094,115322,13957279,10311,1164206,93869,5576210,236819,13997785,105149,19573995,
All CA and Non-CA Counties,2021-05-06,350686,32566265,228979,17323073,110962,14068241,10745,1174951,89788,5419881,259348,14257133,103019,19677014,
All CA and Non-CA Counties,2021-05-07,347515,32913780,217898,17540971,119472,14187713,10145,1185096,95042,5275126,251168,14508301,106413,19783427,
All CA and Non-CA Counties,2021-05-08,226207,33139987,143680,17684651,75614,14263327,6913,1192009,62651,5183635,162473,14670774,70982,19854409,
All CA and Non-CA Counties,2021-05-09,94341,33234328,70769,17755420,20471,14283798,3101,1195110,26043,5145372,67831,14738605,29568,19883977,
All CA and Non-CA Counties,2021-05-10,202574,33436902,115096,17870516,79438,14363236,8040,1203150,50701,5054378,150988,14889593,59994,19943971,
All CA and Non-CA Counties,2021-05-11,260918,33697820,145993,18016509,106554,14469790,8371,1211521,69095,4942544,190941,15080534,79107,20023078,
All CA and Non-CA Counties,2021-05-12,254499,33952319,145859,18162368,100031,14569821,8609,1220130,69950,4838535,183602,15264136,79593,20102671,
All CA and Non-CA Counties,2021-05-13,291670,34243989,187175,18349543,97283,14667104,7212,1227342,108913,4775518,181641,15445777,118624,20221295,
All CA and Non-CA Counties,2021-05-14,333729,34577718,213280,18562823,111562,14778666,8887,1236229,131642,4717171,200949,15646726,142602,20363897,
All CA and Non-CA Counties,2021-05-15,274747,34852465,191904,18754727,76868,14855534,5975,1242204,113118,4676394,160822,15807548,120045,20483942,
All CA and Non-CA Counties,2021-05-16,135247,34987712,103132,18857859,29136,14884670,2979,1245183,54752,4654437,80068,15887616,58111,20542053,
All CA and Non-CA Counties,2021-05-17,238770,35226482,157097,19014956,74198,14958868,7475,1252658,99987,4624872,137947,16025563,108382,20650435,
All CA and Non-CA Counties,2021-05-18,279252,35505734,170370,19185326,101275,15060143,7607,1260265,114746,4585204,163397,16188960,123729,20774164,
All CA and Non-CA Counties,2021-05-19,273359,35779093,170514,19355840,95262,15155405,7583,1267848,117341,4556188,155020,16343980,126004,20900168,
All CA and Non-CA Counties,2021-05-20,223529,36002622,133853,19489693,82330,15237735,7346,1275194,89512,4521215,133081,16477061,98108,20998276,
All CA and Non-CA Counties,2021-05-21,240773,36243395,149129,19638822,84406,15322141,7238,1282432,94339,4478339,145434,16622495,102558,21100834,
All CA and Non-CA Counties,2021-05-22,168395,36411790,113297,19752119,49500,15371641,5598,1288030,74835,4466656,92970,16715465,81287,21182121,
All CA and Non-CA Counties,2021-05-23,61985,36473775,46731,19798850,13086,15384727,2168,1290198,28876,4465053,32855,16748320,31252,21213373,
All CA and Non-CA Counties,2021-05-24,166423,36640198,96370,19895220,61602,15446329,8451,1298649,65648,4439949,100025,16848345,74921,21288294,
All CA and Non-CA Counties,2021-05-25,187155,36827353,110030,20005250,69087,15515416,8038,1306687,74459,4411782,111750,16960095,83583,21371877,
All CA and Non-CA Counties,2021-05-26,176775,37004128,101565,20106815,67535,15582951,7675,1314362,70677,4385578,105128,17065223,78924,21450801,
All CA and Non-CA Counties,2021-05-27,96034,37100162,53842,20160657,35991,15618942,6201,1320563,35576,4367909,59993,17125216,42324,21493125,
Outside California,2020-12-15,7,7,7,7,0,0,0,0,7,7,0,0,7,7,Not in California
Outside California,2020-12-16,272,279,272,279,0,0,0,0,272,279,0,0,272,279,Not in California
Outside California,2020-12-17,1598,1877,1598,1877,0,0,0,0,1598,1877,0,0,1598,1877,Not in California
Outside California,2020-12-18,2551,4428,2544,4421,7,7,0,0,2551,4428,0,0,2551,4428,Not in California
Outside California,2020-12-19,1037,5465,1036,5457,1,8,0,0,1037,5465,0,0,1037,5465,Not in California
Outside California,2020-12-20,682,6147,679,6136,3,11,0,0,682,6147,0,0,682,6147,Not in California
Outside California,2020-12-21,2184,8331,2181,8317,3,14,0,0,2184,8331,0,0,2184,8331,Not in California
Outside California,2020-12-22,2084,10415,2011,10328,73,87,0,0,2084,10415,0,0,2084,10415,Not in California
Outside California,2020-12-23,1531,11946,1391,11719,140,227,0,0,1530,11945,0,0,1530,11945,Not in California
Outside California,2020-12-24,805,12751,612,12331,193,420,0,0,805,12750,0,0,805,12750,Not in California
Outside California,2020-12-25,33,12784,29,12360,4,424,0,0,33,12783,0,0,33,12783,Not in California
Outside California,2020-12-26,307,13091,203,12563,104,528,0,0,307,13090,0,0,307,13090,Not in California
Outside California,2020-12-27,189,13280,73,12636,116,644,0,0,189,13279,0,0,189,13279,Not in California
Outside California,2020-12-28,1410,14690,891,13527,519,1163,0,0,1410,14689,0,0,1410,14689,Not in California
Outside California,2020-12-29,1543,16233,1012,14539,531,1694,0,0,1543,16232,0,0,1543,16232,Not in California
Outside California,2020-12-30,1916,18149,1229,15768,687,2381,0,0,1916,18148,0,0,1916,18148,Not in California
Outside California,2020-12-31,1118,19267,601,16369,517,2898,0,0,1117,19264,1,1,1117,19265,Not in California
Outside California,2021-01-01,112,19379,25,16394,87,2985,0,0,112,19376,0,1,112,19377,Not in California
Outside California,2021-01-02,239,19618,132,16526,107,3092,0,0,238,19613,1,2,238,19615,Not in California
Outside California,2021-01-03,170,19788,91,16617,79,3171,0,0,170,19783,0,2,170,19785,Not in California
Outside California,2021-01-04,1150,20938,514,17131,636,3807,0,0,1145,20927,1,3,1145,20930,Not in California
Outside California,2021-01-05,1545,22483,816,17947,729,4536,0,0,1354,22093,189,192,1355,22285,Not in California
Outside California,2021-01-06,2701,25184,1595,19542,1106,5642,0,0,1963,23322,734,926,1963,24248,Not in California
Outside California,2021-01-07,4137,29321,2531,22073,1606,7248,0,0,2483,24155,1652,2578,2485,26733,Not in California
Outside California,2021-01-08,4509,33830,2916,24989,1593,8841,0,0,2637,24933,1862,4440,2640,29373,Not in California
Outside California,2021-01-09,1320,35150,532,25521,788,9629,0,0,992,25600,327,4767,994,30367,Not in California
Outside California,2021-01-10,304,35454,182,25703,122,9751,0,0,183,25662,121,4888,183,30550,Not in California
Outside California,2021-01-11,3297,38751,2006,27709,1291,11042,0,0,1970,26305,1327,6215,1970,32520,Not in California
Outside California,2021-01-12,3872,42623,2316,30025,1556,12598,0,0,2333,27106,1535,7750,2336,34856,Not in California
Outside California,2021-01-13,3671,46294,1799,31824,1872,14470,0,0,2500,28438,1171,8921,2503,37359,Not in California
Outside California,2021-01-14,3714,50008,1276,33100,2438,16908,0,0,3074,30887,627,9548,3076,40435,Not in California
Outside California,2021-01-15,4236,54244,992,34092,3244,20152,0,0,3769,34202,454,10002,3769,44204,Not in California
Outside California,2021-01-16,2690,56934,386,34478,2304,22456,0,0,2514,36542,174,10176,2514,46718,Not in California
Outside California,2021-01-17,500,57434,154,34632,346,22802,0,0,450,36942,50,10226,450,47168,Not in California
Outside California,2021-01-18,1195,58629,767,35399,428,23230,0,0,741,37230,453,10679,741,47909,Not in California
Outside California,2021-01-19,4030,62659,1321,36720,2709,25939,0,0,3142,39487,888,11567,3145,51054,Not in California
Outside California,2021-01-20,4387,67046,1405,38125,2982,28921,0,0,3451,42007,932,12499,3452,54506,Not in California
Outside California,2021-01-21,4114,71160,1125,39250,2989,31910,0,0,3551,45010,548,13047,3551,58057,Not in California
Outside California,2021-01-22,4623,75783,1090,40340,3533,35443,0,0,4221,48834,398,13445,4222,62279,Not in California
Outside California,2021-01-23,2246,78029,334,40674,1912,37355,0,0,2084,50756,162,13607,2084,64363,Not in California
Outside California,2021-01-24,608,78637,246,40920,362,37717,0,0,531,51210,77,13684,531,64894,Not in California
Outside California,2021-01-25,4483,83120,1951,42871,2532,40249,0,0,3583,53897,897,14581,3584,68478,Not in California
Outside California,2021-01-26,5925,89045,2876,45747,3049,43298,0,0,5055,58090,869,15450,5062,73540,Not in California
Outside California,2021-01-27,4815,93860,2667,48414,2148,45446,0,0,4179,61638,632,16082,4180,77720,Not in California
Outside California,2021-01-28,5264,99124,2859,51273,2405,47851,0,0,4730,65844,524,16606,4730,82450,Not in California
Outside California,2021-01-29,4904,104028,3076,54349,1828,49679,0,0,4114,69176,784,17390,4116,86566,Not in California
Outside California,2021-01-30,4481,108509,2439,56788,2042,51721,0,0,4247,73193,231,17621,4248,90814,Not in California
Outside California,2021-01-31,3056,111565,2636,59424,420,52141,0,0,3002,76143,53,17674,3003,93817,Not in California
Outside California,2021-02-01,5481,117046,2571,61995,2910,55051,0,0,4781,80232,692,18366,4781,98598,Not in California
Outside California,2021-02-02,6745,123791,2159,64154,4586,59637,0,0,6024,85542,714,19080,6024,104622,Not in California
Outside California,2021-02-03,7308,131099,2078,66232,5230,64867,0,0,6437,91117,863,19943,6438,111060,Not in California
Outside California,2021-02-04,6797,137896,2176,68408,4621,69488,0,0,5798,95926,990,20933,5799,116859,Not in California
Outside California,2021-02-05,6805,144701,2231,70639,4574,74062,0,0,5735,100595,1066,21999,5735,122594,Not in California
Outside California,2021-02-06,4437,149138,2159,72798,2278,76340,0,0,3969,104108,459,22458,3972,126566,Not in California
Outside California,2021-02-07,2234,151372,1846,74644,388,76728,0,0,2154,106184,80,22538,2156,128722,Not in California
Outside California,2021-02-08,5347,156719,3378,78022,1969,78697,0,0,4288,109424,1048,23586,4288,133010,Not in California
Outside California,2021-02-09,4287,161006,1924,79946,2363,81060,0,0,2984,111130,1292,24878,2998,136008,Not in California
Outside California,2021-02-10,5607,166613,1942,81888,3665,84725,0,0,3172,111917,2426,27304,3213,139221,Not in California
Outside California,2021-02-11,4848,171461,2268,84156,2580,87305,0,0,3545,114187,1293,28597,3563,142784,Not in California
Outside California,2021-02-12,5235,176696,1956,86112,3279,90584,0,0,3409,115786,1814,30411,3413,146197,Not in California
Outside California,2021-02-13,2439,179135,726,86838,1713,92297,0,0,1884,117128,554,30965,1896,148093,Not in California
Outside California,2021-02-14,1343,180478,420,87258,923,93220,0,0,1101,117993,238,31203,1103,149196,Not in California
Outside California,2021-02-15,2549,183027,1531,88789,1018,94238,0,0,1235,117931,1301,32504,1239,150435,Not in California
Outside California,2021-02-16,6427,189454,2878,91667,3549,97787,0,0,2620,116761,3796,36300,2626,153061,Not in California
Outside California,2021-02-17,5944,195398,2977,94644,2967,100754,0,0,1864,114556,4074,40374,1869,154930,Not in California
Outside California,2021-02-18,6414,201812,3708,98352,2706,103460,0,0,2066,112293,4330,44704,2067,156997,Not in California
Outside California,2021-02-19,5730,207542,3965,102317,1765,105225,0,0,2427,111425,3297,48001,2429,159426,Not in California
Outside California,2021-02-20,3335,210877,2686,105003,649,105874,0,0,1244,110583,2087,50088,1245,160671,Not in California
Outside California,2021-02-21,2729,213606,2512,107515,217,106091,0,0,852,109566,1872,51960,855,161526,Not in California
Outside California,2021-02-22,3472,217078,2539,110054,933,107024,0,0,1625,109352,1844,53804,1630,163156,Not in California
Outside California,2021-02-23,6009,223087,3371,113425,2638,109662,0,0,2363,108090,3639,57443,2377,165533,Not in California
Outside California,2021-02-24,6410,229497,3534,116959,2876,112538,0,0,2501,106692,3904,61347,2506,168039,Not in California
Outside California,2021-02-25,6910,236407,3505,120464,3405,115943,0,0,3146,106109,3733,65080,3150,171189,Not in California
Outside California,2021-02-26,6842,243249,3623,124087,3219,119162,0,0,3191,105730,3571,68651,3192,174381,Not in California
Outside California,2021-02-27,5492,248741,2761,126848,2730,121892,1,1,1877,104006,3605,72256,1881,176262,Not in California
Outside California,2021-02-28,2439,251180,1776,128624,662,122554,1,2,799,103169,1638,73894,801,177063,Not in California
Outside California,2021-03-01,4968,256148,3162,131786,1805,124359,1,3,1349,100913,3611,77505,1355,178418,Not in California
Outside California,2021-03-02,6732,262880,2490,134276,4242,128601,0,3,2068,98331,4652,82157,2070,180488,Not in California
Outside California,2021-03-03,7867,270747,3068,137344,4797,133398,2,5,2641,95764,5214,87371,2647,183135,Not in California
Outside California,2021-03-04,6799,277546,2903,140247,3892,137290,4,9,2300,93587,4483,91854,2306,185441,Not in California
Outside California,2021-03-05,5277,282823,2676,142923,2587,139877,14,23,2722,93787,2544,94398,2744,188185,Not in California
Outside California,2021-03-06,4611,287434,2147,145070,2309,142186,155,178,2342,94026,2266,96664,2505,190690,Not in California
Outside California,2021-03-07,1603,289037,1029,146099,520,142706,54,232,974,94428,628,97292,1030,191720,Not in California
Outside California,2021-03-08,3106,292143,1842,147941,1020,143726,244,476,2202,96006,875,98167,2453,194173,Not in California
Outside California,2021-03-09,4647,296790,2364,150305,1966,145692,317,793,2740,97160,1903,100070,3057,197230,Not in California
Outside California,2021-03-10,4408,301198,2115,152420,1781,147473,512,1305,2724,98728,1675,101745,3243,200473,Not in California
Outside California,2021-03-11,6165,307363,3146,155566,2339,149812,680,1985,3329,99908,2830,104575,4010,204483,Not in California
Outside California,2021-03-12,6471,313834,3886,159452,1860,151672,725,2710,3603,101381,2860,107435,4333,208816,Not in California
Outside California,2021-03-13,3783,317617,2189,161641,1122,152794,472,3182,2591,103272,1183,108618,3074,211890,Not in California
Outside California,2021-03-14,1817,319434,938,162579,539,153333,340,3522,1007,103812,810,109428,1350,213240,Not in California
Outside California,2021-03-15,4066,323500,2124,164703,1483,154816,459,3981,2183,104581,1876,111304,2645,215885,Not in California
Outside California,2021-03-16,7510,331010,4374,169077,2754,157570,382,4363,4167,105787,3340,114644,4546,220431,Not in California
Outside California,2021-03-17,8441,339451,5457,174534,2608,160178,376,4739,5078,107883,3359,118003,5455,225886,Not in California
Outside California,2021-03-18,8319,347770,5134,179668,2646,162824,539,5278,4830,109771,3481,121484,5369,231255,Not in California
Outside California,2021-03-19,7333,355103,4342,184010,2447,165271,544,5822,4406,111803,2922,124406,4954,236209,Not in California
Outside California,2021-03-20,4766,359869,3140,187150,1539,166810,87,5909,3656,114443,1103,125509,3743,239952,Not in California
Outside California,2021-03-21,2090,361959,1436,188586,567,167377,87,5996,1675,115792,413,125922,1762,241714,Not in California
Outside California,2021-03-22,3241,365200,1954,190540,1199,168576,88,6084,2220,117086,1014,126936,2308,244022,Not in California
Outside California,2021-03-23,6058,371258,3090,193630,2668,171244,300,6384,4123,119588,1921,128857,4423,248445,Not in California
Outside California,2021-03-24,7316,378574,3766,197396,3105,174349,445,6829,5082,122886,2227,131084,5525,253970,Not in California
Outside California,2021-03-25,8272,386846,3855,201251,3894,178243,523,7352,6032,127215,2228,133312,6557,260527,Not in California
Outside California,2021-03-26,6661,393507,3548,204799,2940,181183,173,7525,4398,129547,2238,135550,4570,265097,Not in California
Outside California,2021-03-27,5542,399049,3138,207937,2190,183373,214,7739,3483,131190,2051,137601,3694,268791,Not in California
Outside California,2021-03-28,3080,402129,1649,209586,1271,184644,160,7899,1990,132255,1085,138686,2150,270941,Not in California
Outside California,2021-03-29,5157,407286,2329,211915,2478,187122,350,8249,2934,133320,2220,140906,3285,274226,Not in California
Outside California,2021-03-30,6855,414141,3616,215531,2674,189796,565,8814,4036,135121,2808,143714,4609,278835,Not in California
Outside California,2021-03-31,6327,420468,3812,219343,1741,191537,774,9588,3360,136290,2962,146676,4131,282966,Not in California
Outside California,2021-04-01,7488,427956,4507,223850,2336,193873,645,10233,4332,138113,3149,149825,4972,287938,Not in California
Outside California,2021-04-02,8486,436442,4534,228384,2807,196680,1145,11378,4404,139586,4075,153900,5548,293486,Not in California
Outside California,2021-04-03,6157,442599,3656,232040,1336,198016,1165,12543,3223,141049,2925,156825,4388,297874,Not in California
Outside California,2021-04-04,1779,444378,876,232916,668,198684,235,12778,969,141442,809,157634,1202,299076,Not in California
Outside California,2021-04-05,4094,448472,2034,234950,1402,200086,658,13436,1950,141911,2139,159773,2608,301684,Not in California
Outside California,2021-04-06,6981,455453,3761,238711,1627,201713,1593,15029,2819,142175,4147,163920,4411,306095,Not in California
Outside California,2021-04-07,8160,463613,4695,243406,1774,203487,1691,16720,3154,142021,4998,168918,4844,310939,Not in California
Outside California,2021-04-08,8071,471684,4286,247692,1854,205341,1931,18651,3127,142145,4935,173853,5059,315998,Not in California
Outside California,2021-04-09,7411,479095,3847,251539,1645,206986,1919,20570,2842,142349,4560,178413,4764,320762,Not in California
Outside California,2021-04-10,6090,485185,3078,254617,1160,208146,1852,22422,1699,141513,4384,182797,3548,324310,Not in California
Outside California,2021-04-11,2806,487991,1526,256143,646,208792,634,23056,947,141237,1857,184654,1581,325891,Not in California
Outside California,2021-04-12,4045,492036,2267,258410,1240,210032,538,23594,1784,141305,2253,186907,2321,328212,Not in California
Outside California,2021-04-13,5668,497704,3657,262067,1988,212020,23,23617,2912,141490,2750,189657,2935,331147,Not in California
Outside California,2021-04-14,5235,502939,3320,265387,1911,213931,4,23621,2839,141942,2391,192048,2843,333990,Not in California
Outside California,2021-04-15,6094,509033,3847,269234,2241,216172,6,23627,3258,142423,2784,194832,3265,337255,Not in California
Outside California,2021-04-16,5841,514874,3369,272603,2465,218637,7,23634,3243,143085,2589,197421,3251,340506,Not in California
Outside California,2021-04-17,5325,520199,3228,275831,2096,220733,1,23635,3028,143824,2289,199710,3028,343534,Not in California
Outside California,2021-04-18,2062,522261,1146,276977,915,221648,1,23636,962,143694,1094,200804,964,344498,Not in California
Outside California,2021-04-19,4111,526372,2002,278979,2108,223756,1,23637,2118,143833,1983,202787,2122,346620,Not in California
Outside California,2021-04-20,5342,531714,2442,281421,2900,226656,0,23637,2185,142868,3150,205937,2185,348805,Not in California
Outside California,2021-04-21,6340,538054,2696,284117,3640,230296,4,23641,2247,141045,4074,210011,2251,351056,Not in California
Outside California,2021-04-22,6729,544783,3471,287588,3255,233551,3,23644,2440,139212,4277,214288,2444,353500,Not in California
Outside California,2021-04-23,5911,550694,3004,290592,2906,236457,1,23645,2438,138194,3458,217746,2440,355940,Not in California
Outside California,2021-04-24,4459,555153,2969,293561,1486,237943,4,23649,1720,137189,2732,220478,1727,357667,Not in California
Outside California,2021-04-25,2189,557342,1258,294819,929,238872,2,23651,1150,137309,1035,221513,1155,358822,Not in California
Outside California,2021-04-26,3635,560977,1630,296449,1980,240852,25,23676,1634,136975,1993,223506,1659,360481,Not in California
Outside California,2021-04-27,5302,566279,1919,298368,3091,243943,292,23968,1935,135850,3358,226864,2233,362714,Not in California
Outside California,2021-04-28,4914,571193,2116,300484,2405,246348,393,24361,1981,135304,2922,229786,2376,365090,Not in California
Outside California,2021-04-29,4948,576141,2290,302774,2226,248574,432,24793,1940,134688,2988,232774,2372,367462,Not in California
Outside California,2021-04-30,5007,581148,2478,305252,2105,250679,424,25217,1972,134061,3023,235797,2396,369858,Not in California
Outside California,2021-05-01,3263,584411,1944,307196,890,251569,429,25646,1359,133955,1893,237690,1787,371645,Not in California
Outside California,2021-05-02,1872,586283,1093,308289,656,252225,123,25769,862,133932,1008,238698,985,372630,Not in California
Outside California,2021-05-03,3018,589301,1772,310061,967,253192,279,26048,1276,133749,1738,240436,1555,374185,Not in California
Outside California,2021-05-04,4246,593547,2437,312498,1366,254558,443,26491,1654,133255,2586,243022,2092,376277,Not in California
Outside California,2021-05-05,4589,598136,2731,315229,1489,256047,369,26860,1849,132745,2731,245753,2221,378498,Not in California
Outside California,2021-05-06,4497,602633,2854,318083,1311,257358,332,27192,1725,132036,2766,248519,2057,380555,Not in California
Outside California,2021-05-07,4876,607509,2912,320995,1586,258944,378,27570,1935,131421,2928,251447,2313,382868,Not in California
Outside California,2021-05-08,3567,611076,2464,323459,858,259802,245,27815,1481,131125,2023,253470,1727,384595,Not in California
Outside California,2021-05-09,1364,612440,883,324342,356,260158,125,27940,589,131083,755,254225,713,385308,Not in California
Outside California,2021-05-10,2669,615109,1248,325590,1096,261254,325,28265,1076,130910,1576,255801,1403,386711,Not in California
Outside California,2021-05-11,2888,617997,1409,326999,1197,262451,282,28547,1156,130620,1731,257532,1441,388152,Not in California
Outside California,2021-05-12,2868,620865,1334,328333,1238,263689,296,28843,1108,130268,1755,259287,1403,389555,Not in California
Outside California,2021-05-13,2766,623631,1584,329917,986,264675,196,29039,1251,130207,1509,260796,1448,391003,Not in California
Outside California,2021-05-14,3514,627145,2015,331932,1265,265940,234,29273,1627,130189,1881,262677,1863,392866,Not in California
Outside California,2021-05-15,2631,629776,1542,333474,945,266885,144,29417,1155,130020,1471,264148,1302,394168,Not in California
Outside California,2021-05-16,1619,631395,1030,334504,520,267405,69,29486,770,130014,846,264994,840,395008,Not in California
Outside California,2021-05-17,3047,634442,1654,336158,1158,268563,235,29721,1424,130059,1619,266613,1664,396672,Not in California
Outside California,2021-05-18,3224,637666,1664,337822,1244,269807,316,30037,1548,130261,1664,268277,1866,398538,Not in California
Outside California,2021-05-19,3321,640987,1737,339559,1316,271123,268,30305,1520,130254,1795,270072,1788,400326,Not in California
Outside California,2021-05-20,2137,643124,1246,340805,694,271817,197,30502,1018,130359,1112,271184,1217,401543,Not in California
Outside California,2021-05-21,2577,645701,1560,342365,793,272610,224,30726,1189,130394,1379,272563,1414,402957,Not in California
Outside California,2021-05-22,2231,647932,1470,343835,580,273190,181,30907,1354,131059,869,273432,1534,404491,Not in California
Outside California,2021-05-23,1040,648972,830,344665,150,273340,60,30967,556,131194,482,273914,617,405108,Not in California
Outside California,2021-05-24,2564,651536,1303,345968,905,274245,356,31323,1221,131435,1337,275251,1578,406686,Not in California
Outside California,2021-05-25,2777,654313,1440,347408,1004,275249,333,31656,1183,131368,1583,276834,1516,408202,Not in California
Outside California,2021-05-26,2712,657025,1348,348756,1020,276269,344,32000,1077,131159,1630,278464,1421,409623,Not in California
Outside California,2021-05-27,1575,658600,771,349527,561,276830,243,32243,536,130902,1033,279497,776,410399,Not in California
Unknown,2020-12-17,2,2,2,2,0,0,0,0,0,0,0,0,0,0,Not in California
Unknown,2020-12-18,1,3,1,3,0,0,0,0,0,0,0,0,0,0,Not in California
Unknown,2020-12-21,4,7,4,7,0,0,0,0,0,0,0,0,0,0,Not in California
Unknown,2020-12-28,4,11,4,11,0,0,0,0,3,3,0,0,3,3,Not in California
Unknown,2020-12-29,3,14,3,14,0,0,0,0,3,6,0,0,3,6,Not in California
Unknown,2020-12-30,54,68,54,68,0,0,0,0,54,60,0,0,54,60,Not in California
Unknown,2020-12-31,1,69,0,68,1,1,0,0,0,60,0,0,0,60,Not in California
Unknown,2021-01-02,1,70,0,68,1,2,0,0,1,61,0,0,1,61,Not in California
Unknown,2021-01-04,3,73,3,71,0,2,0,0,2,63,0,0,2,63,Not in California
Unknown,2021-01-06,6,79,4,75,2,4,0,0,6,69,0,0,6,69,Not in California
Unknown,2021-01-07,70,149,70,145,0,4,0,0,70,139,0,0,70,139,Not in California
Unknown,2021-01-08,1,150,1,146,0,4,0,0,2,141,0,0,2,141,Not in California
Unknown,2021-01-09,2,152,2,148,0,4,0,0,3,144,0,0,3,144,Not in California
Unknown,2021-01-11,19,171,19,167,0,4,0,0,18,162,0,0,18,162,Not in California
Unknown,2021-01-12,10,181,9,176,1,5,0,0,8,170,1,1,9,171,Not in California
Unknown,2021-01-13,10,191,10,186,0,5,0,0,11,181,0,1,11,182,Not in California
Unknown,2021-01-14,3,194,3,189,0,5,0,0,3,184,0,1,3,185,Not in California
Unknown,2021-01-15,5,199,4,193,1,6,0,0,5,189,0,1,5,190,Not in California
Unknown,2021-01-16,6,205,6,199,0,6,0,0,6,195,0,1,6,196,Not in California
Unknown,2021-01-17,3,208,3,202,0,6,0,0,3,198,0,1,3,199,Not in California
Unknown,2021-01-18,51,259,51,253,0,6,0,0,49,245,2,3,49,248,Not in California
Unknown,2021-01-19,22,281,22,275,0,6,0,0,19,262,2,5,19,267,Not in California
Unknown,2021-01-20,79,360,79,354,0,6,0,0,28,238,52,57,28,295,Not in California
Unknown,2021-01-21,56,416,54,408,2,8,0,0,57,294,1,58,57,352,Not in California
Unknown,2021-01-22,34,450,29,437,5,13,0,0,34,328,0,58,34,386,Not in California
Unknown,2021-01-23,11,461,5,442,6,19,0,0,11,339,0,58,11,397,Not in California
Unknown,2021-01-24,2,463,2,444,0,19,0,0,3,342,0,58,3,400,Not in California
Unknown,2021-01-25,19,482,17,461,2,21,0,0,16,355,3,61,16,416,Not in California
Unknown,2021-01-26,93,575,93,554,0,21,0,0,96,451,0,61,96,512,Not in California
Unknown,2021-01-27,16,591,16,570,0,21,0,0,14,464,1,62,14,526,Not in California
Unknown,2021-01-28,140,731,138,708,2,23,0,0,83,487,60,122,83,609,Not in California
Unknown,2021-01-29,139,870,139,847,0,23,0,0,143,629,1,123,143,752,Not in California
Unknown,2021-01-30,11,881,9,856,2,25,0,0,13,640,2,125,13,765,Not in California
Unknown,2021-01-31,14,895,14,870,0,25,0,0,15,655,0,125,15,780,Not in California
Unknown,2021-02-01,37,932,36,906,1,26,0,0,21,658,18,143,21,801,Not in California
Unknown,2021-02-02,64,996,63,969,1,27,0,0,57,709,6,149,57,858,Not in California
Unknown,2021-02-03,36,1032,34,1003,2,29,0,0,25,723,11,160,25,883,Not in California
Unknown,2021-02-04,56,1088,51,1054,5,34,0,0,51,769,5,165,51,934,Not in California
Unknown,2021-02-05,18,1106,14,1068,4,38,0,0,14,779,4,169,14,948,Not in California
Unknown,2021-02-06,14,1120,14,1082,0,38,0,0,9,782,6,175,9,957,Not in California
Unknown,2021-02-07,8,1128,8,1090,0,38,0,0,6,786,2,177,6,963,Not in California
Unknown,2021-02-08,51,1179,48,1138,3,41,0,0,14,763,37,214,14,977,Not in California
Unknown,2021-02-09,18,1197,18,1156,0,41,0,0,4,753,14,228,4,981,Not in California
Unknown,2021-02-10,34,1231,30,1186,4,45,0,0,9,737,25,253,9,990,Not in California
Unknown,2021-02-11,85,1316,84,1270,1,46,0,0,43,737,43,296,43,1033,Not in California
Unknown,2021-02-12,36,1352,29,1299,7,53,0,0,9,719,27,323,9,1042,Not in California
Unknown,2021-02-13,9,1361,2,1301,7,60,0,0,8,726,1,324,8,1050,Not in California
Unknown,2021-02-14,7,1368,1,1302,6,66,0,0,5,730,1,325,5,1055,Not in California
Unknown,2021-02-15,41,1409,35,1337,6,72,0,0,27,745,12,337,27,1082,Not in California
Unknown,2021-02-16,101,1510,91,1428,10,82,0,0,29,702,72,409,29,1111,Not in California
Unknown,2021-02-17,10,1520,8,1436,2,84,0,0,4,701,5,414,4,1115,Not in California
Unknown,2021-02-18,89,1609,84,1520,5,89,0,0,16,645,72,486,16,1131,Not in California
Unknown,2021-02-19,184,1793,179,1699,5,94,0,0,53,568,130,616,53,1184,Not in California
Unknown,2021-02-20,7,1800,5,1704,2,96,0,0,2,565,5,621,2,1186,Not in California
Unknown,2021-02-21,14,1814,14,1718,0,96,0,0,1,553,13,634,1,1187,Not in California
Unknown,2021-02-22,9,1823,9,1727,0,96,0,0,6,556,3,637,6,1193,Not in California
Unknown,2021-02-23,61,1884,49,1776,12,108,0,0,15,526,45,682,15,1208,Not in California
Unknown,2021-02-24,33,1917,26,1802,7,115,0,0,14,521,19,701,14,1222,Not in California
Unknown,2021-02-25,67,1984,54,1856,13,128,0,0,25,503,43,744,25,1247,Not in California
Unknown,2021-02-26,39,2023,25,1881,14,142,0,0,22,511,14,758,22,1269,Not in California
Unknown,2021-02-27,21,2044,15,1896,6,148,0,0,11,514,8,766,11,1280,Not in California
Unknown,2021-02-28,17,2061,13,1909,4,152,0,0,10,519,5,771,10,1290,Not in California
Unknown,2021-03-01,45,2106,27,1936,18,170,0,0,24,523,20,791,24,1314,Not in California
Unknown,2021-03-02,19,2125,7,1943,12,182,0,0,12,530,5,796,12,1326,Not in California
Unknown,2021-03-03,11,2136,6,1949,5,187,0,0,7,534,3,799,7,1333,Not in California
Unknown,2021-03-04,43,2179,40,1989,3,190,0,0,13,517,30,829,13,1346,Not in California
Unknown,2021-03-05,23,2202,13,2002,10,200,0,0,22,535,4,833,22,1368,Not in California
Unknown,2021-03-06,20,2222,12,2014,6,206,2,2,16,549,4,837,18,1386,Not in California
Unknown,2021-03-07,2,2224,1,2015,1,207,0,2,3,552,0,837,3,1389,Not in California
Unknown,2021-03-08,31,2255,22,2037,7,214,2,4,8,538,24,861,10,1399,Not in California
Unknown,2021-03-09,35,2290,28,2065,3,217,4,8,9,524,27,888,13,1412,Not in California
Unknown,2021-03-10,9,2299,6,2071,1,218,2,10,5,526,5,893,7,1419,Not in California
Unknown,2021-03-11,28,2327,12,2083,2,220,14,24,7,526,21,914,21,1440,Not in California
Unknown,2021-03-12,68,2395,52,2135,11,231,5,29,11,487,55,969,16,1456,Not in California
Unknown,2021-03-13,16,2411,4,2139,8,239,4,33,7,488,10,979,11,1467,Not in California
Unknown,2021-03-14,14,2425,6,2145,6,245,2,35,5,487,8,987,7,1474,Not in California
Unknown,2021-03-15,31,2456,11,2156,18,263,2,37,20,496,13,1000,22,1496,Not in California
Unknown,2021-03-16,47,2503,20,2176,23,286,4,41,27,507,20,1020,31,1527,Not in California
Unknown,2021-03-17,38,2541,14,2190,23,309,1,42,33,537,4,1024,34,1561,Not in California
Unknown,2021-03-18,31,2572,18,2208,13,322,0,42,18,543,12,1036,18,1579,Not in California
Unknown,2021-03-19,29,2601,18,2226,11,333,0,42,22,558,7,1043,22,1601,Not in California
Unknown,2021-03-20,27,2628,15,2241,12,345,0,42,15,562,11,1054,15,1616,Not in California
Unknown,2021-03-21,18,2646,12,2253,6,351,0,42,14,573,3,1057,14,1630,Not in California
Unknown,2021-03-22,36,2682,19,2272,16,367,1,43,18,580,12,1069,19,1649,Not in California
Unknown,2021-03-23,23,2705,9,2281,9,376,5,48,11,585,11,1080,16,1665,Not in California
Unknown,2021-03-24,23,2728,9,2290,14,390,0,48,18,598,5,1085,18,1683,Not in California
Unknown,2021-03-25,37,2765,24,2314,13,403,0,48,25,614,9,1094,25,1708,Not in California
Unknown,2021-03-26,36,2801,20,2334,11,414,5,53,18,622,15,1109,23,1731,Not in California
Unknown,2021-03-27,32,2833,15,2349,14,428,3,56,18,626,17,1126,21,1752,Not in California
Unknown,2021-03-28,16,2849,9,2358,7,435,0,56,11,633,4,1130,11,1763,Not in California
Unknown,2021-03-29,38,2887,18,2376,19,454,1,57,23,645,12,1142,24,1787,Not in California
Unknown,2021-03-30,41,2928,25,2401,16,470,0,57,25,655,15,1157,25,1812,Not in California
Unknown,2021-03-31,34,2962,21,2422,13,483,0,57,23,667,11,1168,23,1835,Not in California
Unknown,2021-04-01,19,2981,15,2437,4,487,0,57,13,675,5,1173,13,1848,Not in California
Unknown,2021-04-02,41,3022,17,2454,15,502,9,66,18,679,23,1196,27,1875,Not in California
Unknown,2021-04-03,19,3041,9,2463,10,512,0,66,9,678,10,1206,9,1884,Not in California
Unknown,2021-04-04,17,3058,4,2467,13,525,0,66,10,682,6,1212,10,1894,Not in California
Unknown,2021-04-05,31,3089,17,2484,13,538,1,67,17,687,13,1225,18,1912,Not in California
Unknown,2021-04-06,21,3110,13,2497,7,545,1,68,13,691,10,1235,14,1926,Not in California
Unknown,2021-04-07,32,3142,23,2520,9,554,0,68,24,707,8,1243,24,1950,Not in California
Unknown,2021-04-08,30,3172,20,2540,6,560,4,72,15,709,17,1260,19,1969,Not in California
Unknown,2021-04-09,35,3207,25,2565,10,570,0,72,24,722,11,1271,24,1993,Not in California
Unknown,2021-04-10,9,3216,8,2573,1,571,0,72,4,720,6,1277,4,1997,Not in California
Unknown,2021-04-11,11,3227,7,2580,4,575,0,72,5,720,5,1282,5,2002,Not in California
Unknown,2021-04-12,37,3264,20,2600,16,591,1,73,16,714,23,1305,17,2019,Not in California
Unknown,2021-04-13,44,3308,26,2626,18,609,0,73,17,704,27,1332,17,2036,Not in California
Unknown,2021-04-14,27,3335,8,2634,19,628,0,73,6,688,22,1354,6,2042,Not in California
Unknown,2021-04-15,31,3366,16,2650,14,642,1,74,8,675,22,1376,9,2051,Not in California
Unknown,2021-04-16,25,3391,15,2665,10,652,0,74,9,668,16,1392,9,2060,Not in California
Unknown,2021-04-17,22,3413,13,2678,9,661,0,74,6,660,15,1407,7,2067,Not in California
Unknown,2021-04-18,20,3433,8,2686,12,673,0,74,9,657,12,1419,9,2076,Not in California
Unknown,2021-04-19,35,3468,21,2707,14,687,0,74,16,655,18,1437,16,2092,Not in California
Unknown,2021-04-20,25,3493,14,2721,11,698,0,74,9,644,20,1457,9,2101,Not in California
Unknown,2021-04-21,35,3528,15,2736,20,718,0,74,20,640,24,1481,20,2121,Not in California
Unknown,2021-04-22,23,3551,14,2750,9,727,0,74,7,630,17,1498,7,2128,Not in California
Unknown,2021-04-23,33,3584,16,2766,17,744,0,74,19,635,14,1512,19,2147,Not in California
Unknown,2021-04-24,25,3609,13,2779,12,756,0,74,18,644,9,1521,18,2165,Not in California
Unknown,2021-04-25,24,3633,10,2789,14,770,0,74,15,648,11,1532,15,2180,Not in California
Unknown,2021-04-26,20,3653,13,2802,7,777,0,74,9,643,14,1546,9,2189,Not in California
Unknown,2021-04-27,25,3678,12,2814,13,790,0,74,14,638,19,1565,14,2203,Not in California
Unknown,2021-04-28,27,3705,19,2833,7,797,1,75,12,632,19,1584,13,2216,Not in California
Unknown,2021-04-29,33,3738,22,2855,11,808,0,75,15,627,20,1604,15,2231,Not in California
Unknown,2021-04-30,28,3766,14,2869,9,817,5,80,16,633,15,1619,21,2252,Not in California
Unknown,2021-05-01,28,3794,21,2890,7,824,0,80,19,641,11,1630,19,2271,Not in California
Unknown,2021-05-02,14,3808,7,2897,6,830,1,81,6,640,8,1638,7,2278,Not in California
Unknown,2021-05-03,26,3834,18,2915,5,835,3,84,8,631,19,1657,10,2288,Not in California
Unknown,2021-05-04,21,3855,11,2926,6,841,4,88,7,626,16,1673,11,2299,Not in California
Unknown,2021-05-05,30,3885,11,2937,18,859,1,89,19,632,14,1687,20,2319,Not in California
Unknown,2021-05-06,21,3906,12,2949,6,865,3,92,9,632,12,1699,12,2331,Not in California
Unknown,2021-05-07,26,3932,14,2963,10,875,2,94,11,630,15,1714,13,2344,Not in California
Unknown,2021-05-08,16,3948,10,2973,4,879,2,96,7,631,8,1722,9,2353,Not in California
Unknown,2021-05-09,18,3966,5,2978,9,888,4,100,8,633,10,1732,12,2365,Not in California
Unknown,2021-05-10,18,3984,11,2989,6,894,1,101,3,623,14,1746,4,2369,Not in California
Unknown,2021-05-11,15,3999,9,2998,2,896,4,105,8,628,7,1753,12,2381,Not in California
Unknown,2021-05-12,14,4013,9,3007,4,900,1,106,6,627,8,1761,7,2388,Not in California
Unknown,2021-05-13,15,4028,10,3017,1,901,4,110,9,634,7,1768,14,2402,Not in California
Unknown,2021-05-14,24,4052,20,3037,3,904,1,111,14,639,9,1777,14,2416,Not in California
Unknown,2021-05-15,21,4073,19,3056,2,906,0,111,12,642,9,1786,12,2428,Not in California
Unknown,2021-05-16,27,4100,18,3074,8,914,1,112,16,648,11,1797,17,2445,Not in California
Unknown,2021-05-17,26,4126,20,3094,4,918,2,114,17,658,9,1806,19,2464,Not in California
Unknown,2021-05-18,39,4165,28,3122,9,927,2,116,31,683,8,1814,33,2497,Not in California
Unknown,2021-05-19,37,4202,28,3150,8,935,1,117,20,688,16,1830,21,2518,Not in California
Unknown,2021-05-20,184,4386,175,3325,8,943,1,118,175,856,8,1838,176,2694,Not in California
Unknown,2021-05-21,194,4580,187,3512,6,949,1,119,186,1035,8,1846,187,2881,Not in California
Unknown,2021-05-22,205,4785,197,3709,6,955,2,121,190,1212,15,1861,192,3073,Not in California
Unknown,2021-05-23,121,4906,120,3829,0,955,1,122,119,1331,1,1862,120,3193,Not in California
Unknown,2021-05-24,377,5283,273,4102,93,1048,11,133,354,1674,22,1884,365,3558,Not in California
Unknown,2021-05-25,424,5707,305,4407,105,1153,14,147,388,2040,36,1920,402,3960,Not in California
Unknown,2021-05-26,372,6079,304,4711,63,1216,5,152,346,2366,25,1945,351,4311,Not in California
Unknown,2021-05-27,1,6080,0,4711,1,1217,0,152,1,2367,0,1945,1,4312,Not in California
Alameda,2020-12-15,37,37,37,37,0,0,0,0,37,37,0,0,37,37,California
Alameda,2020-12-16,208,245,208,245,0,0,0,0,208,245,0,0,208,245,California
Alameda,2020-12-17,398,643,398,643,0,0,0,0,398,643,0,0,398,643,California
Alameda,2020-12-18,1791,2434,1790,2433,1,1,0,0,1791,2434,0,0,1791,2434,California
Alameda,2020-12-19,1437,3871,1437,3870,0,1,0,0,1437,3871,0,0,1437,3871,California
Alameda,2020-12-20,1189,5060,1188,5058,1,2,0,0,1188,5058,1,1,1188,5059,California
Alameda,2020-12-21,1866,6926,1864,6922,2,4,0,0,1865,6923,0,1,1865,6924,California
Alameda,2020-12-22,2107,9033,2054,8976,53,57,0,0,2107,9030,0,1,2107,9031,California
Alameda,2020-12-23,1967,11000,1709,10685,258,315,0,0,1968,10998,0,1,1968,10999,California
Alameda,2020-12-24,1219,12219,762,11447,457,772,0,0,1219,12217,0,1,1219,12218,California
Alameda,2020-12-25,167,12386,130,11577,37,809,0,0,167,12384,0,1,167,12385,California
Alameda,2020-12-26,870,13256,327,11904,543,1352,0,0,870,13254,0,1,870,13255,California
Alameda,2020-12-27,502,13758,258,12162,244,1596,0,0,502,13756,0,1,502,13757,California
Alameda,2020-12-28,1883,15641,960,13122,923,2519,0,0,1883,15639,0,1,1883,15640,California
Alameda,2020-12-29,2477,18118,1071,14193,1406,3925,0,0,2476,18115,0,1,2476,18116,California
Alameda,2020-12-30,3085,21203,1316,15509,1769,5694,0,0,3085,21200,0,1,3085,21201,California
Alameda,2020-12-31,1794,22997,443,15952,1351,7045,0,0,1792,22991,1,2,1792,22993,California
Alameda,2021-01-01,172,23169,69,16021,103,7148,0,0,171,23161,1,3,171,23164,California
Alameda,2021-01-02,726,23895,526,16547,200,7348,0,0,725,23886,0,3,725,23889,California
Alameda,2021-01-03,341,24236,221,16768,120,7468,0,0,338,24221,3,6,338,24227,California
Alameda,2021-01-04,1646,25882,943,17711,703,8171,0,0,1634,25844,11,17,1634,25861,California
Alameda,2021-01-05,2217,28099,1276,18987,941,9112,0,0,1981,27592,233,250,1981,27842,California
Alameda,2021-01-06,3276,31375,1808,20795,1468,10580,0,0,2429,29179,844,1094,2431,30273,California
Alameda,2021-01-07,3813,35188,2149,22944,1664,12244,0,0,2683,30746,1121,2215,2688,32961,California
Alameda,2021-01-08,4765,39953,2729,25673,2036,14280,0,0,3110,32211,1650,3865,3115,36076,California
Alameda,2021-01-09,2032,41985,1383,27056,649,14929,0,0,1173,32525,859,4724,1173,37249,California
Alameda,2021-01-10,1068,43053,886,27942,182,15111,0,0,427,32310,642,5366,427,37676,California
Alameda,2021-01-11,4660,47713,3522,31464,1138,16249,0,0,2861,33380,1798,7164,2868,40544,California
Alameda,2021-01-12,4837,52550,3260,34724,1577,17826,0,0,3449,35445,1387,8551,3452,43996,California
Alameda,2021-01-13,5031,57581,2658,37382,2373,20199,0,0,3840,38100,1187,9738,3842,47838,California
Alameda,2021-01-14,5643,63224,2780,40162,2863,23062,0,0,4755,41979,879,10617,4758,52596,California
Alameda,2021-01-15,5831,69055,2311,42473,3520,26582,0,0,5065,46289,759,11376,5069,57665,California
Alameda,2021-01-16,3003,72058,1409,43882,1594,28176,0,0,2733,48753,270,11646,2734,60399,California
Alameda,2021-01-17,1870,73928,1085,44967,785,28961,0,0,1663,50211,206,11852,1664,62063,California
Alameda,2021-01-18,3197,77125,2055,47022,1142,30103,0,0,2603,52227,589,12441,2605,64668,California
Alameda,2021-01-19,5532,82657,3333,50355,2199,32302,0,0,4341,55381,1189,13630,4343,69011,California
Alameda,2021-01-20,6784,89441,4111,54466,2673,34975,0,0,5492,59598,1279,14909,5496,74507,California
Alameda,2021-01-21,7789,97230,3411,57877,4378,39353,0,0,6950,65720,833,15742,6955,81462,California
Alameda,2021-01-22,6849,104079,2044,59921,4805,44158,0,0,5710,70300,1132,16874,5712,87174,California
Alameda,2021-01-23,3285,107364,951,60872,2334,46492,0,0,2729,72473,556,17430,2729,89903,California
Alameda,2021-01-24,2049,109413,656,61528,1393,47885,0,0,1772,73972,273,17703,1772,91675,California
Alameda,2021-01-25,5203,114616,1975,63503,3228,51113,0,0,3618,76014,1577,19280,3619,95294,California
Alameda,2021-01-26,7252,121868,2299,65802,4953,56066,0,0,5384,79539,1860,21140,5385,100679,California
Alameda,2021-01-27,6643,128511,2062,67864,4581,60647,0,0,4800,82506,1833,22973,4800,105479,California
Alameda,2021-01-28,7893,136404,2553,70417,5340,65987,0,0,5652,85934,2225,25198,5653,111132,California
Alameda,2021-01-29,7939,144343,3192,73609,4747,70734,0,0,6118,90242,1811,27009,6119,117251,California
Alameda,2021-01-30,3430,147773,1683,75292,1747,72481,0,0,2719,92256,705,27714,2719,119970,California
Alameda,2021-01-31,1893,149666,957,76249,936,73417,0,0,1660,93686,230,27944,1660,121630,California
Alameda,2021-02-01,6498,156164,3896,80145,2602,76019,0,0,4349,95896,2140,30084,4350,125980,California
Alameda,2021-02-02,6959,163123,3751,83896,3208,79227,0,0,4657,98258,2295,32379,4657,130637,California
Alameda,2021-02-03,7096,170219,3736,87632,3360,82587,0,0,4398,99969,2692,35071,4403,135040,California
Alameda,2021-02-04,9523,179742,4144,91776,5379,87966,0,0,6410,103284,3100,38171,6415,141455,California
Alameda,2021-02-05,10329,190071,5391,97167,4938,92904,0,0,6457,105881,3866,42037,6463,147918,California
Alameda,2021-02-06,6982,197053,4428,101595,2554,95458,0,0,5854,110608,1127,43164,5854,153772,California
Alameda,2021-02-07,3594,200647,2903,104498,691,96149,0,0,2650,112318,941,44105,2651,156423,California
Alameda,2021-02-08,8082,208729,5780,110278,2302,98451,0,0,5527,115300,2547,46652,5529,161952,California
Alameda,2021-02-09,9719,218448,5857,116135,3862,102313,0,0,6056,117714,3644,50296,6058,168010,California
Alameda,2021-02-10,11465,229913,6782,122917,4683,106996,0,0,6560,119393,4889,55185,6568,174578,California
Alameda,2021-02-11,13936,243849,8004,130921,5932,112928,0,0,8372,122224,5545,60730,8376,182954,California
Alameda,2021-02-12,12551,256400,5717,136638,6834,119762,0,0,7765,125223,4769,65499,7768,190722,California
Alameda,2021-02-13,7795,264195,4052,140690,3743,123505,0,0,5832,129099,1958,67457,5834,196556,California
Alameda,2021-02-14,4041,268236,2540,143230,1501,125006,0,0,2873,130811,1164,68621,2876,199432,California
Alameda,2021-02-15,5680,273916,3190,146420,2490,127496,0,0,3697,132530,1981,70602,3700,203132,California
Alameda,2021-02-16,12532,286448,6955,153375,5577,133073,0,0,9317,138648,3205,73807,9323,212455,California
Alameda,2021-02-17,14176,300624,8424,161799,5752,138825,0,0,10542,145575,3617,77424,10544,222999,California
Alameda,2021-02-18,15909,316533,10099,171898,5810,144635,0,0,11553,152786,4348,81772,11559,234558,California
Alameda,2021-02-19,17682,334215,11475,183373,6207,150842,0,0,11712,158556,5948,87720,11718,246276,California
Alameda,2021-02-20,11892,346107,9635,193008,2257,153099,0,0,9163,165001,2724,90444,9169,255445,California
Alameda,2021-02-21,7693,353800,6762,199770,931,154030,0,0,5206,167731,2476,92920,5206,260651,California
Alameda,2021-02-22,10808,364608,8020,207790,2788,156818,0,0,6851,170647,3944,96864,6860,267511,California
Alameda,2021-02-23,12918,377526,7912,215702,5006,161824,0,0,8116,173978,4792,101656,8123,275634,California
Alameda,2021-02-24,14789,392315,8332,224034,6457,168281,0,0,9636,178529,5091,106747,9642,285276,California
Alameda,2021-02-25,15646,407961,9140,233174,6506,174787,0,0,9983,182893,5629,112376,9993,295269,California
Alameda,2021-02-26,18129,426090,10661,243835,7468,182255,0,0,11728,188267,6358,118734,11732,307001,California
Alameda,2021-02-27,14900,440990,11005,254840,3893,186148,2,2,9280,191957,5594,124328,9284,316285,California
Alameda,2021-02-28,9184,450174,7747,262587,1437,187585,0,2,6089,194977,3070,127398,6090,322375,California
Alameda,2021-03-01,13513,463687,9439,272026,4065,191650,9,11,8418,198364,5047,132445,8434,330809,California
Alameda,2021-03-02,15067,478754,10842,282868,4224,195874,1,12,9903,203131,5144,137589,9911,340720,California
Alameda,2021-03-03,15711,494465,10278,293146,5432,201306,1,13,10729,208911,4954,142543,10734,351454,California
Alameda,2021-03-04,17447,511912,11186,304332,6259,207565,2,15,10991,213481,6423,148966,10993,362447,California
Alameda,2021-03-05,16306,528218,10683,315015,5614,213179,9,24,11017,219271,5242,154208,11032,373479,California
Alameda,2021-03-06,14564,542782,10274,325289,4025,217204,265,289,9652,224324,4865,159073,9918,383397,California
Alameda,2021-03-07,9777,552559,8510,333799,1185,218389,82,371,6983,228627,2765,161838,7068,390465,California
Alameda,2021-03-08,11987,564546,7477,341276,4130,222519,380,751,8976,235024,2959,164797,9356,399821,California
Alameda,2021-03-09,14721,579267,10334,351610,3955,226474,432,1183,8051,236877,6634,171431,8487,408308,California
Alameda,2021-03-10,17556,596823,12194,363804,4802,231276,560,1743,7935,235774,9594,181025,8491,416799,California
Alameda,2021-03-11,19835,616658,11623,375427,6506,237782,1706,3449,6767,231202,13037,194062,8465,425264,California
Alameda,2021-03-12,21432,638090,12537,387964,7191,244973,1704,5153,7515,226520,13891,207953,9209,434473,California
Alameda,2021-03-13,16099,654189,10342,398306,4760,249733,997,6150,5150,221757,10913,218866,6150,440623,California
Alameda,2021-03-14,10920,665109,8032,406338,2096,251829,792,6942,3424,218486,7476,226342,4205,444828,California
Alameda,2021-03-15,14527,679636,9511,415849,4485,256314,531,7473,6326,217169,8171,234513,6854,451682,California
Alameda,2021-03-16,17310,696946,11240,427089,5530,261844,540,8013,7428,215308,9830,244343,7969,459651,California
Alameda,2021-03-17,17546,714492,9927,437016,6897,268741,722,8735,8116,214753,9390,253733,8835,468486,California
Alameda,2021-03-18,19256,733748,10494,447510,7864,276605,898,9633,8786,214003,10438,264171,9688,478174,California
Alameda,2021-03-19,19463,753211,10686,458196,6977,283582,1800,11433,7683,211747,11733,275904,9477,487651,California
Alameda,2021-03-20,15864,769075,10392,468588,4615,288197,857,12290,6444,209658,9386,285290,7297,494948,California
Alameda,2021-03-21,9264,778339,7285,475873,1423,289620,556,12846,3788,208536,5466,290756,4344,499292,California
Alameda,2021-03-22,15122,793461,10208,486081,3905,293525,1009,13855,7028,208501,8067,298823,8032,507324,California
Alameda,2021-03-23,19410,812871,11781,497862,6814,300339,815,14670,9875,209710,9487,308310,10696,518020,California
Alameda,2021-03-24,19328,832199,11728,509590,6580,306919,1020,15690,8446,208350,10819,319129,9459,527479,California
Alameda,2021-03-25,20632,852831,11487,521077,7738,314657,1407,17097,9503,208191,11059,330188,10900,538379,California
Alameda,2021-03-26,21064,873895,12719,533796,6773,321430,1572,18669,8551,205837,12467,342655,10113,548492,California
Alameda,2021-03-27,18438,892333,12574,546370,4902,326332,962,19631,7595,203580,10796,353451,8539,557031,California
Alameda,2021-03-28,10688,903021,8703,555073,1782,328114,203,19834,3531,200177,7144,360595,3741,560772,California
Alameda,2021-03-29,14792,917813,9490,564563,4305,332419,997,20831,5999,198414,8757,369352,6994,567766,California
Alameda,2021-03-30,18691,936504,9891,574454,7078,339497,1722,22553,9329,200127,9331,378683,11044,578810,California
Alameda,2021-03-31,19497,956001,10326,584780,7065,346562,2106,24659,9171,201094,10299,388982,11266,590076,California
Alameda,2021-04-01,23437,979438,10092,594872,7659,354221,5686,30345,11108,205590,12282,401264,16778,606854,California
Alameda,2021-04-02,24190,1003628,9990,604862,8336,362557,5864,36209,11708,210691,12443,413707,17544,624398,California
Alameda,2021-04-03,20414,1024042,9846,614708,5703,368260,4865,41074,10351,215858,10043,423750,15210,639608,California
Alameda,2021-04-04,9993,1034035,3992,618700,2288,370548,3713,44787,3465,216521,6510,430260,7173,646781,California
Alameda,2021-04-05,17897,1051932,7549,626249,5538,376086,4810,49597,7281,218020,10591,440851,12090,658871,California
Alameda,2021-04-06,22262,1074194,10723,636972,5683,381769,5856,55453,10097,221832,12128,452979,15940,674811,California
Alameda,2021-04-07,22606,1096800,11605,648577,5527,387296,5474,60927,11451,227640,11109,464088,16917,691728,California
Alameda,2021-04-08,25504,1122304,11532,660109,5992,393288,7980,68907,10894,231967,14537,478625,18864,710592,California
Alameda,2021-04-09,23409,1145713,10700,670809,7483,400771,5226,74133,12071,237961,11306,489931,17300,727892,California
Alameda,2021-04-10,19035,1164748,7437,678246,5599,406370,5999,80132,8149,241233,10862,500793,14134,742026,California
Alameda,2021-04-11,10992,1175740,4793,683039,2264,408634,3935,84067,4468,243116,6507,507300,8390,750416,California
Alameda,2021-04-12,18018,1193758,11723,694762,4309,412943,1986,86053,10122,247358,7861,515161,12103,762519,California
Alameda,2021-04-13,23028,1216786,14609,709371,8363,421306,56,86109,16936,258321,6039,521200,17002,779521,California
Alameda,2021-04-14,23118,1239904,15186,724557,7931,429237,1,86110,15603,266452,7480,528680,15611,795132,California
Alameda,2021-04-15,24116,1264020,15400,739957,8714,437951,2,86112,15995,274396,8061,536741,16005,811137,California
Alameda,2021-04-16,24427,1288447,14425,754382,9997,447948,5,86117,15739,281520,8631,545372,15755,826892,California
Alameda,2021-04-17,20908,1309355,14449,768831,6459,454407,0,86117,14438,289537,6435,551807,14452,841344,California
Alameda,2021-04-18,9982,1319337,7636,776467,2346,456753,0,86117,6905,293399,3048,554855,6910,848254,California
Alameda,2021-04-19,15673,1335010,9758,786225,5914,462667,1,86118,9086,295946,6549,561404,9096,857350,California
Alameda,2021-04-20,18195,1353205,11130,797355,7063,469730,2,86120,9981,297780,8169,569573,10003,867353,California
Alameda,2021-04-21,19168,1372373,11223,808578,7935,477665,10,86130,11183,301060,7931,577504,11211,878564,California
Alameda,2021-04-22,21473,1393846,13837,822415,7632,485297,4,86134,11434,302537,9985,587489,11462,890026,California
Alameda,2021-04-23,21878,1415724,14150,836565,7725,493022,3,86137,12246,305241,9571,597060,12275,902301,California
Alameda,2021-04-24,19032,1434756,14458,851023,4566,497588,8,86145,10071,306413,8916,605976,10088,912389,California
Alameda,2021-04-25,8946,1443702,6936,857959,2009,499597,1,86146,5835,309176,3083,609059,5846,918235,California
Alameda,2021-04-26,13826,1457528,9650,867609,4152,503749,24,86170,8598,312610,5196,614255,8630,926865,California
Alameda,2021-04-27,15808,1473336,9406,877015,6097,509846,305,86475,7459,312098,8300,622555,7788,934653,California
Alameda,2021-04-28,16008,1489344,10200,887215,5342,515188,466,86941,6266,309129,9712,632267,6743,941396,California
Alameda,2021-04-29,16777,1506121,10061,897276,6392,521580,324,87265,6008,304762,10719,642986,6352,947748,California
Alameda,2021-04-30,19492,1525613,12014,909290,7137,528717,341,87606,7896,301517,11521,654507,8276,956024,California
Alameda,2021-05-01,13986,1539599,9336,918626,4446,533163,204,87810,5222,298246,8726,663233,5455,961479,California
Alameda,2021-05-02,7041,1546640,4897,923523,1975,535138,169,87979,2875,297144,4151,667384,3049,964528,California
Alameda,2021-05-03,14420,1561060,10913,934436,3187,538325,320,88299,2822,288758,11556,678940,3170,967698,California
Alameda,2021-05-04,18258,1579318,13095,947531,4805,543130,358,88657,3642,278247,14542,693482,4031,971729,California
Alameda,2021-05-05,18318,1597636,13303,960834,4508,547638,507,89164,3751,268016,14504,707986,4273,976002,California
Alameda,2021-05-06,18611,1616247,14049,974883,3866,551504,696,89860,3607,257403,14929,722915,4316,980318,California
Alameda,2021-05-07,19102,1635349,12862,987745,5826,557330,414,90274,4359,247522,14675,737590,4794,985112,California
Alameda,2021-05-08,16459,1651808,11255,999000,4991,562321,213,90487,3097,237523,13324,750914,3325,988437,California
Alameda,2021-05-09,8515,1660323,6959,1005959,1413,563734,143,90630,1455,232085,7039,757953,1601,990038,California
Alameda,2021-05-10,10096,1670419,6891,1012850,2878,566612,327,90957,2483,227322,7581,765534,2818,992856,California
Alameda,2021-05-11,14983,1685402,8006,1020856,6678,573290,299,91256,2710,218132,12231,777765,3041,995897,California
Alameda,2021-05-12,12612,1698014,8266,1029122,3932,577222,414,91670,2622,211245,9949,787714,3062,998959,California
Alameda,2021-05-13,16754,1714768,11968,1041090,4267,581489,519,92189,5159,205399,11554,799268,5708,1004667,California
Alameda,2021-05-14,20442,1735210,13846,1054936,6146,587635,450,92639,7018,199533,13347,812615,7481,1012148,California
Alameda,2021-05-15,17048,1752258,12405,1067341,4416,592051,227,92866,5787,194333,11221,823836,6021,1018169,California
Alameda,2021-05-16,8378,1760636,7155,1074496,1131,593182,92,92958,2793,191669,5555,829391,2891,1021060,California
Alameda,2021-05-17,13344,1773980,9925,1084421,2890,596072,529,93487,4331,187565,8979,838370,4875,1025935,California
Alameda,2021-05-18,14082,1788062,10209,1094630,3449,599521,424,93911,5167,184283,8876,847246,5594,1031529,California
Alameda,2021-05-19,14318,1802380,9775,1104405,4211,603732,332,94243,6116,182581,8152,855398,6450,1037979,California
Alameda,2021-05-20,11491,1813871,7662,1112067,3398,607130,431,94674,5368,182299,6083,861481,5801,1043780,California
Alameda,2021-05-21,13522,1827393,8908,1120975,4386,611516,228,94902,4566,178193,8899,870380,4793,1048573,California
Alameda,2021-05-22,8927,1836320,6582,1127557,2201,613717,144,95046,3715,176866,5187,875567,3860,1052433,California
Alameda,2021-05-23,3775,1840095,3075,1130632,631,614348,69,95115,1174,175519,2591,878158,1244,1053677,California
Alameda,2021-05-24,6983,1847078,3984,1134616,2738,617086,261,95376,2808,174445,4146,882304,3072,1056749,California
Alameda,2021-05-25,7835,1854913,5022,1139638,2560,619646,253,95629,3531,173952,4276,886580,3783,1060532,California
Alameda,2021-05-26,8042,1862955,5004,1144642,2748,622394,290,95919,3720,173654,4305,890885,4007,1064539,California
Alameda,2021-05-27,5337,1868292,3037,1147679,2034,624428,266,96185,2177,172955,3140,894025,2441,1066980,California
Alpine,2020-12-18,2,2,2,2,0,0,0,0,2,2,0,0,2,2,California
Alpine,2020-12-19,2,4,2,4,0,0,0,0,2,4,0,0,2,4,California
Alpine,2020-12-21,2,6,2,6,0,0,0,0,2,6,0,0,2,6,California
Alpine,2020-12-30,14,20,0,6,14,14,0,0,14,20,0,0,14,20,California
Alpine,2020-12-31,1,21,0,6,1,15,0,0,1,21,0,0,1,21,California
Alpine,2021-01-01,1,22,0,6,1,16,0,0,1,22,0,0,1,22,California
Alpine,2021-01-02,1,23,1,7,0,16,0,0,1,23,0,0,1,23,California
Alpine,2021-01-04,10,33,0,7,10,26,0,0,10,33,0,0,10,33,California
Alpine,2021-01-05,9,42,1,8,8,34,0,0,9,42,0,0,9,42,California
Alpine,2021-01-06,31,73,0,8,31,65,0,0,31,73,0,0,31,73,California
Alpine,2021-01-07,8,81,0,8,8,73,0,0,8,81,0,0,8,81,California
Alpine,2021-01-08,4,85,2,10,2,75,0,0,2,81,2,2,2,83,California
Alpine,2021-01-09,2,87,2,12,0,75,0,0,0,79,2,4,0,83,California
Alpine,2021-01-11,32,119,1,13,31,106,0,0,31,109,1,5,31,114,California
Alpine,2021-01-13,35,154,0,13,35,141,0,0,35,144,0,5,35,149,California
Alpine,2021-01-14,1,155,0,13,1,142,0,0,1,145,0,5,1,150,California
Alpine,2021-01-15,1,156,0,13,1,143,0,0,1,146,0,5,1,151,California
Alpine,2021-01-20,21,177,0,13,21,164,0,0,21,167,0,5,21,172,California
Alpine,2021-01-21,1,178,0,13,1,165,0,0,1,168,0,5,1,173,California
Alpine,2021-01-22,33,211,0,13,33,198,0,0,33,201,0,5,33,206,California
Alpine,2021-01-23,1,212,1,14,0,198,0,0,0,200,1,6,0,206,California
Alpine,2021-01-25,16,228,0,14,16,214,0,0,16,216,0,6,16,222,California
Alpine,2021-01-27,1,229,1,15,0,214,0,0,0,215,1,7,0,222,California
Alpine,2021-01-28,1,230,0,15,1,215,0,0,0,214,1,8,0,222,California
Alpine,2021-01-29,1,231,0,15,1,216,0,0,1,215,0,8,1,223,California
Alpine,2021-02-01,25,256,0,15,25,241,0,0,7,204,18,26,7,230,California
Alpine,2021-02-03,34,290,0,15,34,275,0,0,10,190,24,50,10,240,California
Alpine,2021-02-04,8,298,0,15,8,283,0,0,3,188,5,55,3,243,California
Alpine,2021-02-05,31,329,0,15,31,314,0,0,12,181,19,74,12,255,California
Alpine,2021-02-08,32,361,0,15,32,346,0,0,4,157,28,102,4,259,California
Alpine,2021-02-10,34,395,0,15,34,380,0,0,0,123,34,136,0,259,California
Alpine,2021-02-11,6,401,0,15,6,386,0,0,3,123,3,139,3,262,California
Alpine,2021-02-12,1,402,0,15,1,387,0,0,0,122,1,140,0,262,California
Alpine,2021-02-17,23,425,0,15,23,410,0,0,3,105,20,160,3,265,California
Alpine,2021-02-18,2,427,0,15,2,412,0,0,1,105,1,161,1,266,California
Alpine,2021-02-19,34,461,1,16,33,445,0,0,2,75,32,193,2,268,California
Alpine,2021-02-22,27,488,0,16,27,472,0,0,8,64,19,212,8,276,California
Alpine,2021-02-24,1,489,1,17,0,472,0,0,1,65,0,212,1,277,California
Alpine,2021-02-25,6,495,1,18,5,477,0,0,6,71,0,212,6,283,California
Alpine,2021-02-26,30,525,1,19,29,506,0,0,29,99,1,213,29,312,California
Alpine,2021-02-27,1,526,0,19,1,507,0,0,1,100,0,213,1,313,California
Alpine,2021-03-01,36,562,0,19,36,543,0,0,26,116,10,223,26,339,California
Alpine,2021-03-03,29,591,0,19,29,572,0,0,18,123,11,234,18,357,California
Alpine,2021-03-04,11,602,1,20,10,582,0,0,11,134,0,234,11,368,California
Alpine,2021-03-05,30,632,0,20,30,612,0,0,22,148,8,242,22,390,California
Alpine,2021-03-08,31,663,0,20,31,643,0,0,29,175,2,244,29,419,California
Alpine,2021-03-10,73,736,0,20,73,716,0,0,73,248,0,244,73,492,California
Alpine,2021-03-11,35,771,0,20,35,751,0,0,31,275,4,248,31,523,California
Alpine,2021-03-12,19,790,0,20,19,770,0,0,17,290,2,250,17,540,California
Alpine,2021-03-15,21,811,1,21,20,790,0,0,20,309,1,251,20,560,California
Alpine,2021-03-17,23,834,0,21,22,812,1,1,19,325,4,255,20,580,California
Alpine,2021-03-18,38,872,3,24,35,847,0,1,35,357,3,258,35,615,California
Alpine,2021-03-19,2,874,1,25,1,848,0,1,1,357,1,259,1,616,California
Alpine,2021-03-22,24,898,0,25,24,872,0,1,15,363,9,268,15,631,California
Alpine,2021-03-24,19,917,0,25,19,891,0,1,8,360,11,279,8,639,California
Alpine,2021-03-25,35,952,1,26,33,924,1,2,28,382,7,286,29,668,California
Alpine,2021-03-27,1,953,0,26,1,925,0,2,0,381,1,287,0,668,California
Alpine,2021-03-28,1,954,1,27,0,925,0,2,1,382,0,287,1,669,California
Alpine,2021-03-29,19,973,0,27,18,943,1,3,2,368,17,304,3,672,California
Alpine,2021-04-01,18,991,0,27,18,961,0,3,8,366,10,314,8,680,California
Alpine,2021-04-02,101,1092,1,28,100,1061,0,3,46,358,54,368,46,726,California
Alpine,2021-04-05,4,1096,1,29,3,1064,0,3,0,354,4,372,0,726,California
Alpine,2021-04-06,3,1099,2,31,1,1065,0,3,2,355,1,373,2,728,California
Alpine,2021-04-07,117,1216,0,31,116,1181,1,4,30,300,86,459,31,759,California
Alpine,2021-04-08,36,1252,0,31,35,1216,1,5,10,285,26,485,11,770,California
Alpine,2021-04-09,2,1254,0,31,2,1218,0,5,2,287,0,485,2,772,California
Alpine,2021-04-14,47,1301,0,31,47,1265,0,5,10,260,37,522,10,782,California
Alpine,2021-04-15,35,1336,0,31,35,1300,0,5,3,231,32,554,3,785,California
Alpine,2021-04-16,1,1337,0,31,1,1301,0,5,1,232,0,554,1,786,California
Alpine,2021-04-19,1,1338,0,31,1,1302,0,5,1,233,0,554,1,787,California
Alpine,2021-04-21,31,1369,0,31,31,1333,0,5,15,232,16,570,15,802,California
Alpine,2021-04-22,24,1393,0,31,24,1357,0,5,1,210,23,593,1,803,California
Alpine,2021-04-24,2,1395,2,33,0,1357,0,5,0,209,2,595,1,804,California
Alpine,2021-04-25,1,1396,1,34,0,1357,0,5,0,208,1,596,0,804,California
Alpine,2021-04-27,2,1398,1,35,1,1358,0,5,1,208,1,597,1,805,California
Alpine,2021-04-28,36,1434,0,35,36,1394,0,5,6,184,30,627,6,811,California
Alpine,2021-04-29,7,1441,1,36,6,1400,0,5,1,179,6,633,1,812,California
Alpine,2021-04-30,2,1443,1,37,0,1400,1,6,1,180,1,634,2,814,California
Alpine,2021-05-02,1,1444,0,37,0,1400,1,7,0,180,1,635,1,815,California
Alpine,2021-05-05,17,1461,0,37,17,1417,0,7,4,171,13,648,4,819,California
Alpine,2021-05-06,8,1469,0,37,8,1425,0,7,0,163,8,656,0,819,California
Alpine,2021-05-07,1,1470,0,37,1,1426,0,7,0,162,1,657,0,819,California
Alpine,2021-05-10,1,1471,0,37,1,1427,0,7,1,163,0,657,1,820,California
Alpine,2021-05-12,1,1472,0,37,0,1427,1,8,0,163,1,658,1,821,California
Alpine,2021-05-13,3,1475,0,37,3,1430,0,8,0,160,3,661,0,821,California
Alpine,2021-05-17,2,1477,0,37,2,1432,0,8,1,160,1,662,1,822,California
Alpine,2021-05-18,1,1478,0,37,1,1433,0,8,1,161,0,662,1,823,California
Alpine,2021-05-19,15,1493,0,37,15,1448,0,8,0,146,15,677,0,823,California
Alpine,2021-05-20,1,1494,1,38,0,1448,0,8,0,145,1,678,0,823,California
Alpine,2021-05-21,1,1495,1,39,0,1448,0,8,0,144,1,679,0,823,California
Alpine,2021-05-25,2,1497,0,39,2,1450,0,8,0,142,2,681,0,823,California
Amador,2020-12-16,2,2,2,2,0,0,0,0,2,2,0,0,2,2,California
Amador,2020-12-17,5,7,5,7,0,0,0,0,5,7,0,0,5,7,California
Amador,2020-12-18,45,52,45,52,0,0,0,0,45,52,0,0,45,52,California
Amador,2020-12-19,17,69,17,69,0,0,0,0,17,69,0,0,17,69,California
Amador,2020-12-20,4,73,4,73,0,0,0,0,4,73,0,0,4,73,California
Amador,2020-12-21,31,104,31,104,0,0,0,0,31,104,0,0,31,104,California
Amador,2020-12-22,35,139,34,138,1,1,0,0,35,139,0,0,35,139,California
Amador,2020-12-23,39,178,38,176,1,2,0,0,39,178,0,0,39,178,California
Amador,2020-12-24,5,183,3,179,2,4,0,0,5,183,0,0,5,183,California
Amador,2020-12-26,5,188,4,183,1,5,0,0,5,188,0,0,5,188,California
Amador,2020-12-27,1,189,0,183,1,6,0,0,1,189,0,0,1,189,California
Amador,2020-12-28,31,220,27,210,4,10,0,0,31,220,0,0,31,220,California
Amador,2020-12-29,26,246,19,229,7,17,0,0,26,246,0,0,26,246,California
Amador,2020-12-30,124,370,78,307,46,63,0,0,124,370,0,0,124,370,California
Amador,2020-12-31,192,562,167,474,25,88,0,0,192,562,0,0,192,562,California
Amador,2021-01-01,2,564,0,474,2,90,0,0,2,564,0,0,2,564,California
Amador,2021-01-02,56,620,56,530,0,90,0,0,56,620,0,0,56,620,California
Amador,2021-01-03,65,685,17,547,48,138,0,0,65,685,0,0,65,685,California
Amador,2021-01-04,124,809,1,548,123,261,0,0,124,809,0,0,124,809,California
Amador,2021-01-05,33,842,3,551,30,291,0,0,31,839,2,2,32,841,California
Amador,2021-01-06,40,882,10,561,30,321,0,0,36,871,4,6,36,877,California
Amador,2021-01-07,230,1112,69,630,161,482,0,0,218,1077,12,18,218,1095,California
Amador,2021-01-08,85,1197,70,700,15,497,0,0,41,1075,44,62,42,1137,California
Amador,2021-01-09,11,1208,11,711,0,497,0,0,2,1068,9,71,2,1139,California
Amador,2021-01-10,6,1214,4,715,2,499,0,0,2,1066,4,75,2,1141,California
Amador,2021-01-11,125,1339,44,759,81,580,0,0,88,1118,37,112,89,1230,California
Amador,2021-01-12,64,1403,49,808,15,595,0,0,40,1134,24,136,40,1270,California
Amador,2021-01-13,40,1443,24,832,16,611,0,0,28,1150,12,148,28,1298,California
Amador,2021-01-14,150,1593,22,854,128,739,0,0,140,1281,10,158,141,1439,California
Amador,2021-01-15,60,1653,25,879,35,774,0,0,52,1325,8,166,52,1491,California
Amador,2021-01-16,18,1671,11,890,7,781,0,0,12,1332,6,172,13,1504,California
Amador,2021-01-17,25,1696,5,895,20,801,0,0,25,1357,0,172,25,1529,California
Amador,2021-01-18,31,1727,27,922,4,805,0,0,9,1344,22,194,9,1538,California
Amador,2021-01-19,125,1852,100,1022,25,830,0,0,81,1381,44,238,81,1619,California
Amador,2021-01-20,184,2036,34,1056,150,980,0,0,168,1534,15,253,168,1787,California
Amador,2021-01-21,259,2295,228,1284,31,1011,0,0,148,1572,111,364,149,1936,California
Amador,2021-01-22,137,2432,74,1358,63,1074,0,0,130,1695,7,371,130,2066,California
Amador,2021-01-23,52,2484,32,1390,20,1094,0,0,50,1743,2,373,50,2116,California
Amador,2021-01-24,29,2513,12,1402,17,1111,0,0,26,1766,3,376,26,2142,California
Amador,2021-01-25,59,2572,28,1430,31,1142,0,0,42,1791,17,393,42,2184,California
Amador,2021-01-26,245,2817,17,1447,228,1370,0,0,235,2016,10,403,235,2419,California
Amador,2021-01-27,301,3118,32,1479,269,1639,0,0,254,2226,45,448,255,2674,California
Amador,2021-01-28,369,3487,97,1576,272,1911,0,0,288,2434,81,529,289,2963,California
Amador,2021-01-29,97,3584,32,1608,65,1976,0,0,82,2501,15,544,82,3045,California
Amador,2021-01-30,169,3753,37,1645,132,2108,0,0,164,2660,5,549,164,3209,California
Amador,2021-01-31,32,3785,28,1673,4,2112,0,0,31,2690,1,550,31,3240,California
Amador,2021-02-01,63,3848,23,1696,40,2152,0,0,36,2699,27,577,36,3276,California
Amador,2021-02-02,213,4061,64,1760,149,2301,0,0,127,2743,83,660,127,3403,California
Amador,2021-02-03,142,4203,39,1799,103,2404,0,0,91,2784,50,710,91,3494,California
Amador,2021-02-04,251,4454,74,1873,177,2581,0,0,164,2863,87,797,166,3660,California
Amador,2021-02-05,332,4786,64,1937,268,2849,0,0,316,3163,16,813,316,3976,California
Amador,2021-02-06,99,4885,80,2017,19,2868,0,0,95,3254,4,817,95,4071,California
Amador,2021-02-07,39,4924,35,2052,4,2872,0,0,35,3286,4,821,36,4107,California
Amador,2021-02-08,90,5014,62,2114,28,2900,0,0,73,3342,17,838,73,4180,California
Amador,2021-02-09,175,5189,82,2196,93,2993,0,0,109,3385,66,904,109,4289,California
Amador,2021-02-10,980,6169,80,2276,900,3893,0,0,946,4297,34,938,946,5235,California
Amador,2021-02-11,310,6479,120,2396,190,4083,0,0,199,4387,109,1047,199,5434,California
Amador,2021-02-12,331,6810,122,2518,209,4292,0,0,257,4570,74,1121,257,5691,California
Amador,2021-02-13,168,6978,82,2600,86,4378,0,0,142,4686,26,1147,142,5833,California
Amador,2021-02-14,123,7101,54,2654,69,4447,0,0,106,4775,17,1164,106,5939,California
Amador,2021-02-15,188,7289,61,2715,127,4574,0,0,171,4930,16,1180,171,6110,California
Amador,2021-02-16,465,7754,53,2768,412,4986,0,0,426,5318,39,1219,427,6537,California
Amador,2021-02-17,263,8017,84,2852,179,5165,0,0,166,5387,97,1316,166,6703,California
Amador,2021-02-18,397,8414,99,2951,298,5463,0,0,333,5656,64,1380,333,7036,California
Amador,2021-02-19,195,8609,77,3028,118,5581,0,0,111,5683,84,1464,111,7147,California
Amador,2021-02-20,95,8704,33,3061,62,5643,0,0,67,5722,28,1492,67,7214,California
Amador,2021-02-21,45,8749,34,3095,11,5654,0,0,14,5705,31,1523,14,7228,California
Amador,2021-02-22,65,8814,25,3120,40,5694,0,0,32,5705,32,1555,32,7260,California
Amador,2021-02-23,320,9134,54,3174,266,5960,0,0,140,5665,180,1735,140,7400,California
Amador,2021-02-24,397,9531,58,3232,339,6299,0,0,264,5800,129,1864,264,7664,California
Amador,2021-02-25,524,10055,119,3351,405,6704,0,0,278,5833,245,2109,278,7942,California
Amador,2021-02-26,623,10678,76,3427,547,7251,0,0,509,6229,114,2223,510,8452,California
Amador,2021-02-27,292,10970,93,3520,199,7450,0,0,101,6142,190,2413,103,8555,California
Amador,2021-02-28,104,11074,53,3573,51,7501,0,0,58,6156,46,2459,60,8615,California
Amador,2021-03-01,190,11264,67,3640,123,7624,0,0,121,6209,69,2528,122,8737,California
Amador,2021-03-02,381,11645,63,3703,318,7942,0,0,332,6493,49,2577,333,9070,California
Amador,2021-03-03,243,11888,79,3782,164,8106,0,0,167,6586,75,2652,168,9238,California
Amador,2021-03-04,497,12385,116,3898,381,8487,0,0,394,6878,102,2754,394,9632,California
Amador,2021-03-05,513,12898,77,3975,436,8923,0,0,294,6956,218,2972,296,9928,California
Amador,2021-03-06,99,12997,46,4021,52,8975,1,1,54,6966,45,3017,55,9983,California
Amador,2021-03-07,65,13062,44,4065,21,8996,0,1,22,6945,43,3060,22,10005,California
Amador,2021-03-08,153,13215,71,4136,81,9077,1,2,92,6977,61,3121,93,10098,California
Amador,2021-03-09,373,13588,50,4186,323,9400,0,2,293,7193,77,3198,293,10391,California
Amador,2021-03-10,515,14103,77,4263,436,9836,2,4,111,6904,404,3602,115,10506,California
Amador,2021-03-11,475,14578,118,4381,346,10182,11,15,300,7044,174,3776,314,10820,California
Amador,2021-03-12,568,15146,66,4447,495,10677,7,22,337,7163,230,4006,349,11169,California
Amador,2021-03-13,115,15261,18,4465,90,10767,7,29,74,7207,41,4047,85,11254,California
Amador,2021-03-14,89,15350,19,4484,67,10834,3,32,21,7163,68,4115,24,11278,California
Amador,2021-03-15,180,15530,26,4510,147,10981,7,39,55,7101,125,4240,63,11341,California
Amador,2021-03-16,452,15982,54,4564,388,11369,10,49,138,6937,312,4552,148,11489,California
Amador,2021-03-17,196,16178,43,4607,150,11519,3,52,117,6979,79,4631,121,11610,California
Amador,2021-03-18,478,16656,101,4708,373,11892,4,56,252,7013,226,4857,260,11870,California
Amador,2021-03-19,541,17197,56,4764,468,12360,17,73,391,7276,148,5005,411,12281,California
Amador,2021-03-20,110,17307,46,4810,63,12423,1,74,46,7262,63,5068,49,12330,California
Amador,2021-03-21,48,17355,36,4846,11,12434,1,75,31,7280,16,5084,34,12364,California
Amador,2021-03-22,116,17471,34,4880,53,12487,29,104,52,7297,64,5148,81,12445,California
Amador,2021-03-23,434,17905,47,4927,380,12867,7,111,275,7422,158,5306,283,12728,California
Amador,2021-03-24,343,18248,36,4963,54,12921,253,364,35,7403,307,5613,288,13016,California
Amador,2021-03-25,607,18855,85,5048,516,13437,6,370,395,7593,211,5824,401,13417,California
Amador,2021-03-26,745,19600,44,5092,695,14132,6,376,281,7421,462,6286,290,13707,California
Amador,2021-03-27,90,19690,15,5107,73,14205,2,378,27,7389,63,6349,31,13738,California
Amador,2021-03-28,70,19760,16,5123,52,14257,2,380,12,7347,57,6406,15,13753,California
Amador,2021-03-29,182,19942,27,5150,154,14411,1,381,81,7335,99,6505,87,13840,California
Amador,2021-03-30,535,20477,28,5178,506,14917,1,382,294,7390,240,6745,295,14135,California
Amador,2021-03-31,199,20676,57,5235,137,15054,5,387,43,7283,155,6900,48,14183,California
Amador,2021-04-01,614,21290,87,5322,527,15581,0,387,263,7199,349,7249,265,14448,California
Amador,2021-04-02,607,21897,38,5360,557,16138,12,399,381,7369,225,7474,395,14843,California
Amador,2021-04-03,84,21981,21,5381,43,16181,20,419,21,7349,63,7537,43,14886,California
Amador,2021-04-04,38,22019,3,5384,29,16210,6,425,15,7347,23,7560,21,14907,California
Amador,2021-04-05,145,22164,52,5436,76,16286,17,442,49,7320,95,7655,68,14975,California
Amador,2021-04-06,502,22666,38,5474,446,16732,18,460,222,7282,278,7933,240,15215,California
Amador,2021-04-07,98,22764,34,5508,45,16777,19,479,42,7289,54,7987,61,15276,California
Amador,2021-04-08,496,23260,86,5594,389,17166,21,500,222,7259,273,8260,243,15519,California
Amador,2021-04-09,481,23741,20,5614,442,17608,19,519,211,7218,269,8529,228,15747,California
Amador,2021-04-10,50,23791,14,5628,27,17635,9,528,22,7221,28,8557,31,15778,California
Amador,2021-04-11,50,23841,25,5653,21,17656,4,532,23,7222,26,8583,27,15805,California
Amador,2021-04-12,98,23939,26,5679,62,17718,10,542,42,7218,56,8639,52,15857,California
Amador,2021-04-13,344,24283,50,5729,294,18012,0,542,68,7011,275,8914,68,15925,California
Amador,2021-04-14,281,24564,27,5756,254,18266,0,542,176,7085,102,9016,176,16101,California
Amador,2021-04-15,332,24896,74,5830,258,18524,0,542,72,6902,255,9271,72,16173,California
Amador,2021-04-16,482,25378,29,5859,453,18977,0,542,385,7191,96,9367,385,16558,California
Amador,2021-04-17,60,25438,34,5893,26,19003,0,542,25,7181,35,9402,25,16583,California
Amador,2021-04-18,26,25464,6,5899,20,19023,0,542,11,7178,14,9416,11,16594,California
Amador,2021-04-19,69,25533,27,5926,42,19065,0,542,30,7172,38,9454,32,16626,California
Amador,2021-04-20,436,25969,55,5981,381,19446,0,542,111,6967,318,9772,113,16739,California
Amador,2021-04-21,85,26054,33,6014,52,19498,0,542,43,6969,41,9813,43,16782,California
Amador,2021-04-22,497,26551,78,6092,418,19916,1,543,104,6688,386,10199,105,16887,California
Amador,2021-04-23,358,26909,46,6138,312,20228,0,543,286,6905,71,10270,288,17175,California
Amador,2021-04-24,48,26957,24,6162,24,20252,0,543,27,6912,20,10290,27,17202,California
Amador,2021-04-25,41,26998,19,6181,22,20274,0,543,29,6929,12,10302,29,17231,California
Amador,2021-04-26,86,27084,26,6207,59,20333,1,544,40,6925,45,10347,41,17272,California
Amador,2021-04-27,489,27573,38,6245,451,20784,0,544,87,6613,400,10747,88,17360,California
Amador,2021-04-28,67,27640,29,6274,34,20818,4,548,39,6628,28,10775,43,17403,California
Amador,2021-04-29,222,27862,69,6343,44,20862,109,657,64,6642,158,10933,172,17575,California
Amador,2021-04-30,338,28200,26,6369,308,21170,4,661,95,6498,243,11176,99,17674,California
Amador,2021-05-01,42,28242,16,6385,22,21192,4,665,22,6506,18,11194,26,17700,California
Amador,2021-05-02,26,28268,14,6399,9,21201,3,668,9,6502,17,11211,13,17713,California
Amador,2021-05-03,67,28335,33,6432,24,21225,10,678,27,6499,40,11251,37,17750,California
Amador,2021-05-04,465,28800,26,6458,432,21657,7,685,68,6177,397,11648,75,17825,California
Amador,2021-05-05,201,29001,153,6611,39,21696,9,694,162,6309,39,11687,171,17996,California
Amador,2021-05-06,108,29109,54,6665,49,21745,5,699,63,6334,43,11730,68,18064,California
Amador,2021-05-07,126,29235,29,6694,90,21835,7,706,66,6347,60,11790,73,18137,California
Amador,2021-05-08,41,29276,8,6702,30,21865,3,709,20,6349,21,11811,23,18160,California
Amador,2021-05-09,15,29291,0,6702,9,21874,6,715,4,6348,11,11822,10,18170,California
Amador,2021-05-10,62,29353,15,6717,44,21918,3,718,26,6341,36,11858,29,18199,California
Amador,2021-05-11,102,29455,34,6751,42,21960,26,744,45,6355,57,11915,71,18270,California
Amador,2021-05-12,63,29518,21,6772,41,22001,1,745,29,6351,34,11949,30,18300,California
Amador,2021-05-13,73,29591,39,6811,28,22029,6,751,36,6358,35,11984,42,18342,California
Amador,2021-05-14,395,29986,35,6846,356,22385,4,755,87,6141,308,12292,91,18433,California
Amador,2021-05-15,51,30037,20,6866,20,22405,11,766,23,6148,28,12320,35,18468,California
Amador,2021-05-16,38,30075,15,6881,23,22428,0,766,17,6144,21,12341,17,18485,California
Amador,2021-05-17,75,30150,22,6903,51,22479,2,768,36,6144,38,12379,38,18523,California
Amador,2021-05-18,247,30397,169,7072,43,22522,35,803,163,6259,83,12462,198,18721,California
Amador,2021-05-19,73,30470,22,7094,47,22569,4,807,33,6259,39,12501,39,18760,California
Amador,2021-05-20,79,30549,45,7139,31,22600,3,810,31,6246,47,12548,34,18794,California
Amador,2021-05-21,265,30814,29,7168,234,22834,2,812,40,6063,225,12773,42,18836,California
Amador,2021-05-22,39,30853,14,7182,20,22854,5,817,14,6057,25,12798,19,18855,California
Amador,2021-05-23,21,30874,5,7187,15,22869,1,818,6,6049,15,12813,7,18862,California
Amador,2021-05-24,86,30960,28,7215,46,22915,12,830,40,6056,45,12858,52,18914,California
Amador,2021-05-25,139,31099,87,7302,27,22942,25,855,81,6106,56,12914,106,19020,California
Amador,2021-05-26,188,31287,157,7459,27,22969,4,859,37,5996,150,13064,40,19060,California
Amador,2021-05-27,36,31323,21,7480,14,22983,1,860,14,5989,22,13086,15,19075,California
Butte,2020-12-16,3,3,3,3,0,0,0,0,3,3,0,0,3,3,California
Butte,2020-12-17,21,24,21,24,0,0,0,0,21,24,0,0,21,24,California
Butte,2020-12-18,50,74,50,74,0,0,0,0,50,74,0,0,50,74,California
Butte,2020-12-19,7,81,7,81,0,0,0,0,7,81,0,0,7,81,California
Butte,2020-12-20,10,91,10,91,0,0,0,0,10,91,0,0,10,91,California
Butte,2020-12-21,634,725,634,725,0,0,0,0,634,725,0,0,634,725,California
Butte,2020-12-22,619,1344,617,1342,2,2,0,0,619,1344,0,0,619,1344,California
Butte,2020-12-23,878,2222,862,2204,16,18,0,0,878,2222,0,0,878,2222,California
Butte,2020-12-24,159,2381,155,2359,4,22,0,0,159,2381,0,0,159,2381,California
Butte,2020-12-26,93,2474,91,2450,2,24,0,0,93,2474,0,0,93,2474,California
Butte,2020-12-27,35,2509,34,2484,1,25,0,0,35,2509,0,0,35,2509,California
Butte,2020-12-28,279,2788,273,2757,6,31,0,0,279,2788,0,0,279,2788,California
Butte,2020-12-29,202,2990,178,2935,24,55,0,0,202,2990,0,0,202,2990,California
Butte,2020-12-30,514,3504,291,3226,223,278,0,0,514,3504,0,0,514,3504,California
Butte,2020-12-31,211,3715,18,3244,193,471,0,0,211,3715,0,0,211,3715,California
Butte,2021-01-01,8,3723,1,3245,7,478,0,0,8,3723,0,0,8,3723,California
Butte,2021-01-02,41,3764,38,3283,3,481,0,0,41,3764,0,0,41,3764,California
Butte,2021-01-03,3,3767,0,3283,3,484,0,0,3,3767,0,0,3,3767,California
Butte,2021-01-04,208,3975,175,3458,33,517,0,0,208,3975,0,0,208,3975,California
Butte,2021-01-05,197,4172,152,3610,45,562,0,0,196,4170,1,1,196,4171,California
Butte,2021-01-06,624,4796,397,4007,227,789,0,0,619,4785,5,6,620,4791,California
Butte,2021-01-07,761,5557,369,4376,392,1181,0,0,741,5506,20,26,741,5532,California
Butte,2021-01-08,670,6227,530,4906,140,1321,0,0,624,6084,46,72,624,6156,California
Butte,2021-01-09,12,6239,7,4913,5,1326,0,0,7,6086,5,77,7,6163,California
Butte,2021-01-10,19,6258,5,4918,14,1340,0,0,14,6095,5,82,14,6177,California
Butte,2021-01-11,985,7243,949,5867,36,1376,0,0,357,5827,628,710,360,6537,California
Butte,2021-01-12,698,7941,653,6520,45,1421,0,0,274,5677,424,1134,274,6811,California
Butte,2021-01-13,1569,9510,1075,7595,494,1915,0,0,731,5572,838,1972,733,7544,California
Butte,2021-01-14,1633,11143,892,8487,741,2656,0,0,1437,6814,195,2167,1437,8981,California
Butte,2021-01-15,1054,12197,813,9300,241,2897,0,0,945,7649,110,2277,945,9926,California
Butte,2021-01-16,586,12783,300,9600,286,3183,0,0,541,8145,45,2322,541,10467,California
Butte,2021-01-17,238,13021,64,9664,174,3357,0,0,201,8309,37,2359,201,10668,California
Butte,2021-01-18,344,13365,302,9966,42,3399,0,0,276,8518,67,2426,276,10944,California
Butte,2021-01-19,495,13860,432,10398,63,3462,0,0,223,8469,272,2698,223,11167,California
Butte,2021-01-20,1368,15228,688,11086,680,4142,0,0,1065,9231,303,3001,1065,12232,California
Butte,2021-01-21,1475,16703,867,11953,608,4750,0,0,1367,10491,107,3108,1367,13599,California
Butte,2021-01-22,1137,17840,478,12431,659,5409,0,0,1084,11522,53,3161,1084,14683,California
Butte,2021-01-23,127,17967,85,12516,42,5451,0,0,101,11597,26,3187,101,14784,California
Butte,2021-01-24,9,17976,7,12523,2,5453,0,0,9,11606,0,3187,9,14793,California
Butte,2021-01-25,655,18631,335,12858,320,5773,0,0,492,11935,163,3350,492,15285,California
Butte,2021-01-26,1469,20100,377,13235,1092,6865,0,0,1332,13130,137,3487,1332,16617,California
Butte,2021-01-27,2097,22197,705,13940,1392,8257,0,0,1366,13766,730,4217,1366,17983,California
Butte,2021-01-28,2263,24460,262,14202,2001,10258,0,0,1951,15406,311,4528,1951,19934,California
Butte,2021-01-29,1685,26145,486,14688,1199,11457,0,0,1308,16338,376,4904,1308,21242,California
Butte,2021-01-30,31,26176,8,14696,23,11480,0,0,29,16365,2,4906,29,21271,California
Butte,2021-01-31,16,26192,14,14710,2,11482,0,0,15,16379,1,4907,15,21286,California
Butte,2021-02-01,1749,27941,406,15116,1343,12825,0,0,1361,17354,386,5293,1361,22647,California
Butte,2021-02-02,1931,29872,363,15479,1568,14393,0,0,1628,18678,304,5597,1628,24275,California
Butte,2021-02-03,2741,32613,777,16256,1964,16357,0,0,1849,19637,890,6487,1849,26124,California
Butte,2021-02-04,2958,35571,324,16580,2634,18991,0,0,2402,21485,554,7041,2402,28526,California
Butte,2021-02-05,1272,36843,667,17247,605,19596,0,0,552,21318,720,7761,553,29079,California
Butte,2021-02-06,145,36988,104,17351,41,19637,0,0,63,21299,82,7843,63,29142,California
Butte,2021-02-07,37,37025,33,17384,4,19641,0,0,13,21288,24,7867,13,29155,California
Butte,2021-02-08,699,37724,548,17932,151,19792,0,0,242,21073,457,8324,242,29397,California
Butte,2021-02-09,953,38677,459,18391,494,20286,0,0,723,21566,230,8554,723,30120,California
Butte,2021-02-10,1706,40383,1190,19581,516,20802,0,0,675,21212,1029,9583,675,30795,California
Butte,2021-02-11,2202,42585,1347,20928,855,21657,0,0,1005,21020,1197,10780,1005,31800,California
Butte,2021-02-12,1003,43588,436,21364,567,22224,0,0,330,20678,672,11452,330,32130,California
Butte,2021-02-13,251,43839,43,21407,208,22432,0,0,150,20727,101,11553,150,32280,California
Butte,2021-02-14,160,43999,9,21416,151,22583,0,0,156,20879,4,11557,156,32436,California
Butte,2021-02-15,263,44262,47,21463,216,22799,0,0,198,21012,65,11622,198,32634,California
Butte,2021-02-16,732,44994,432,21895,300,23099,0,0,276,20831,457,12079,276,32910,California
Butte,2021-02-17,1516,46510,849,22744,667,23766,0,0,842,21001,672,12751,842,33752,California
Butte,2021-02-18,1559,48069,763,23507,796,24562,0,0,749,20940,810,13561,749,34501,California
Butte,2021-02-19,1169,49238,389,23896,780,25342,0,0,402,20582,760,14321,402,34903,California
Butte,2021-02-20,478,49716,32,23928,446,25788,0,0,125,20355,352,14673,125,35028,California
Butte,2021-02-21,18,49734,16,23944,2,25790,0,0,13,20363,5,14678,13,35041,California
Butte,2021-02-22,1501,51235,297,24241,1204,26994,0,0,378,19621,1120,15798,378,35419,California
Butte,2021-02-23,1635,52870,297,24538,1338,28332,0,0,463,18917,1167,16965,463,35882,California
Butte,2021-02-24,2138,55008,598,25136,1540,29872,0,0,726,18239,1404,18369,726,36608,California
Butte,2021-02-25,2076,57084,577,25713,1499,31371,0,0,656,17481,1415,19784,657,37265,California
Butte,2021-02-26,920,58004,311,26024,609,31980,0,0,396,17356,521,20305,396,37661,California
Butte,2021-02-27,237,58241,50,26074,187,32167,0,0,186,17493,49,20354,186,37847,California
Butte,2021-02-28,139,58380,16,26090,123,32290,0,0,131,17616,8,20362,131,37978,California
Butte,2021-03-01,1629,60009,177,26267,1451,33741,1,1,329,16649,1297,21659,330,38308,California
Butte,2021-03-02,1749,61758,198,26465,1551,35292,0,1,312,15528,1433,23092,312,38620,California
Butte,2021-03-03,2788,64546,851,27316,1937,37229,0,1,482,13707,2304,25396,483,39103,California
Butte,2021-03-04,3152,67698,683,27999,2469,39698,0,1,628,11812,2523,27919,628,39731,California
Butte,2021-03-05,1353,69051,616,28615,736,40434,1,2,737,11938,612,28531,738,40469,California
Butte,2021-03-06,247,69298,27,28642,197,40631,23,25,186,12087,60,28591,209,40678,California
Butte,2021-03-07,54,69352,3,28645,34,40665,17,42,29,12108,25,28616,46,40724,California
Butte,2021-03-08,1267,70619,129,28774,1060,41725,78,120,1101,13124,163,28779,1179,41903,California
Butte,2021-03-09,1902,72521,284,29058,1515,43240,103,223,1412,14152,487,29266,1515,43418,California
Butte,2021-03-10,2318,74839,966,30024,1251,44491,101,324,1577,15093,736,30002,1677,45095,California
Butte,2021-03-11,2812,77651,1319,31343,1367,45858,126,450,1982,16382,819,30821,2108,47203,California
Butte,2021-03-12,1147,78798,330,31673,468,46326,349,799,356,16303,785,31606,706,47909,California
Butte,2021-03-13,255,79053,69,31742,137,46463,49,848,62,16221,193,31799,111,48020,California
Butte,2021-03-14,162,79215,16,31758,104,46567,42,890,20,16142,141,31940,62,48082,California
Butte,2021-03-15,1742,80957,359,32117,1089,47656,294,1184,1147,16995,588,32528,1441,49523,California
Butte,2021-03-16,1653,82610,416,32533,1159,48815,78,1262,1113,17648,537,33065,1190,50713,California
Butte,2021-03-17,1956,84566,1358,33891,517,49332,81,1343,1137,18054,811,33876,1217,51930,California
Butte,2021-03-18,1811,86377,1466,35357,216,49548,129,1472,1065,18507,740,34616,1193,53123,California
Butte,2021-03-19,702,87079,314,35671,304,49852,84,1556,348,18595,344,34960,432,53555,California
Butte,2021-03-20,207,87286,32,35703,159,50011,16,1572,95,18594,112,35072,111,53666,California
Butte,2021-03-21,58,87344,27,35730,2,50013,29,1601,15,18595,43,35115,44,53710,California
Butte,2021-03-22,1484,88828,352,36082,1038,51051,94,1695,1220,19647,262,35377,1314,55024,California
Butte,2021-03-23,1826,90654,493,36575,1219,52270,114,1809,1476,20890,347,35724,1590,56614,California
Butte,2021-03-24,2266,92920,1269,37844,871,53141,126,1935,1717,22187,545,36269,1842,58456,California
Butte,2021-03-25,1485,94405,1201,39045,192,53333,92,2027,1018,22834,463,36732,1110,59566,California
Butte,2021-03-26,1208,95613,441,39486,521,53854,246,2273,560,23000,640,37372,806,60372,California
Butte,2021-03-27,302,95915,85,39571,193,54047,24,2297,136,22995,163,37535,158,60530,California
Butte,2021-03-28,227,96142,44,39615,175,54222,8,2305,103,22984,121,37656,110,60640,California
Butte,2021-03-29,1759,97901,381,39996,1308,55530,70,2375,1342,23984,412,38068,1412,62052,California
Butte,2021-03-30,1040,98941,471,40467,479,56009,90,2465,493,24026,541,38609,583,62635,California
Butte,2021-03-31,1779,100720,1304,41771,408,56417,67,2532,1088,24496,685,39294,1155,63790,California
Butte,2021-04-01,3329,104049,2706,44477,496,56913,127,2659,2259,25819,1064,40358,2387,66177,California
Butte,2021-04-02,1003,105052,419,44896,464,57377,120,2779,566,26074,429,40787,684,66861,California
Butte,2021-04-03,347,105399,46,44942,226,57603,75,2854,164,26130,183,40970,239,67100,California
Butte,2021-04-04,188,105587,24,44966,141,57744,23,2877,110,26187,76,41046,133,67233,California
Butte,2021-04-05,1971,107558,420,45386,1379,59123,172,3049,594,25595,1368,42414,776,68009,California
Butte,2021-04-06,2200,109758,616,46002,1161,60284,423,3472,798,25418,1396,43810,1219,69228,California
Butte,2021-04-07,3031,112789,1313,47315,1325,61609,393,3865,706,24206,2319,46129,1107,70335,California
Butte,2021-04-08,2732,115521,1190,48505,1276,62885,266,4131,443,22633,2286,48415,713,71048,California
Butte,2021-04-09,1373,116894,352,48857,541,63426,480,4611,328,22398,1041,49456,806,71854,California
Butte,2021-04-10,223,117117,48,48905,77,63503,98,4709,100,22472,123,49579,197,72051,California
Butte,2021-04-11,106,117223,44,48949,52,63555,10,4719,82,22541,23,49602,92,72143,California
Butte,2021-04-12,1407,118630,314,49263,960,64515,133,4852,233,21733,1174,50776,366,72509,California
Butte,2021-04-13,1642,120272,572,49835,1064,65579,6,4858,336,20776,1299,52075,342,72851,California
Butte,2021-04-14,2821,123093,2335,52170,486,66065,0,4858,1305,20572,1510,53585,1306,74157,California
Butte,2021-04-15,642,123735,397,52567,245,66310,0,4858,485,20903,154,53739,485,74642,California
Butte,2021-04-16,810,124545,414,52981,396,66706,0,4858,475,21045,333,54072,475,75117,California
Butte,2021-04-17,342,124887,61,53042,281,66987,0,4858,238,21181,102,54174,238,75355,California
Butte,2021-04-18,42,124929,11,53053,31,67018,0,4858,38,21215,4,54178,38,75393,California
Butte,2021-04-19,1561,126490,381,53434,1180,68198,0,4858,428,20513,1130,55308,428,75821,California
Butte,2021-04-20,1969,128459,717,54151,1252,69450,0,4858,750,20052,1211,56519,750,76571,California
Butte,2021-04-21,2049,130508,1165,55316,884,70334,0,4858,465,18939,1578,58097,465,77036,California
Butte,2021-04-22,2219,132727,1941,57257,278,70612,0,4858,610,17943,1606,59703,610,77646,California
Butte,2021-04-23,942,133669,445,57702,497,71109,0,4858,489,17979,453,60156,489,78135,California
Butte,2021-04-24,345,134014,138,57840,207,71316,0,4858,190,18014,155,60311,190,78325,California
Butte,2021-04-25,172,134186,67,57907,105,71421,0,4858,63,17968,109,60420,63,78388,California
Butte,2021-04-26,1488,135674,428,58335,1055,72476,5,4863,383,17254,1102,61522,388,78776,California
Butte,2021-04-27,935,136609,639,58974,269,72745,27,4890,563,17477,367,61889,590,79366,California
Butte,2021-04-28,1393,138002,937,59911,431,73176,25,4915,504,17118,888,62777,529,79895,California
Butte,2021-04-29,885,138887,543,60454,317,73493,25,4940,298,16860,581,63358,323,80218,California
Butte,2021-04-30,894,139781,387,60841,486,73979,21,4961,451,16894,437,63795,471,80689,California
Butte,2021-05-01,239,140020,64,60905,156,74135,19,4980,69,16813,169,63964,88,80777,California
Butte,2021-05-02,147,140167,61,60966,73,74208,13,4993,42,16763,105,64069,55,80832,California
Butte,2021-05-03,606,140773,250,61216,325,74533,31,5024,155,16509,440,64509,186,81018,California
Butte,2021-05-04,816,141589,315,61531,469,75002,32,5056,211,16152,599,65108,242,81260,California
Butte,2021-05-05,1338,142927,1090,62621,212,75214,36,5092,275,15406,1057,66165,311,81571,California
Butte,2021-05-06,927,143854,670,63291,220,75434,37,5129,359,15237,565,66730,396,81967,California
Butte,2021-05-07,563,144417,291,63582,235,75669,37,5166,288,15290,272,67002,325,82292,California
Butte,2021-05-08,170,144587,36,63618,125,75794,9,5175,90,15310,79,67081,99,82391,California
Butte,2021-05-09,94,144681,20,63638,71,75865,3,5178,50,15319,44,67125,53,82444,California
Butte,2021-05-10,520,145201,307,63945,170,76035,43,5221,214,15273,303,67428,257,82701,California
Butte,2021-05-11,862,146063,641,64586,164,76199,57,5278,275,15021,584,68012,332,83033,California
Butte,2021-05-12,732,146795,472,65058,214,76413,46,5324,328,14995,400,68412,374,83407,California
Butte,2021-05-13,847,147642,569,65627,219,76632,59,5383,295,14806,541,68953,352,83759,California
Butte,2021-05-14,834,148476,522,66149,282,76914,30,5413,361,14727,469,69422,390,84149,California
Butte,2021-05-15,477,148953,222,66371,223,77137,32,5445,221,14725,255,69677,253,84402,California
Butte,2021-05-16,169,149122,83,66454,68,77205,18,5463,98,14771,70,69747,116,84518,California
Butte,2021-05-17,758,149880,486,66940,225,77430,47,5510,338,14738,417,70164,384,84902,California
Butte,2021-05-18,1058,150938,726,67666,284,77714,48,5558,480,14694,572,70736,528,85430,California
Butte,2021-05-19,833,151771,543,68209,246,77960,44,5602,335,14578,494,71230,378,85808,California
Butte,2021-05-20,836,152607,574,68783,160,78120,102,5704,333,14512,501,71731,435,86243,California
Butte,2021-05-21,777,153384,490,69273,260,78380,27,5731,261,14287,512,72243,287,86530,California
Butte,2021-05-22,217,153601,104,69377,108,78488,5,5736,107,14292,107,72350,112,86642,California
Butte,2021-05-23,75,153676,46,69423,26,78514,3,5739,43,14306,32,72382,46,86688,California
Butte,2021-05-24,327,154003,138,69561,145,78659,44,5783,168,14360,158,72540,212,86900,California
Butte,2021-05-25,673,154676,426,69987,213,78872,34,5817,334,14395,332,72872,367,87267,California
Butte,2021-05-26,545,155221,176,70163,350,79222,19,5836,243,14363,294,73166,262,87529,California
Butte,2021-05-27,592,155813,481,70644,99,79321,12,5848,249,14285,339,73505,261,87790,California
Calaveras,2020-12-16,5,5,5,5,0,0,0,0,5,5,0,0,5,5,California
Calaveras,2020-12-17,3,8,3,8,0,0,0,0,3,8,0,0,3,8,California
Calaveras,2020-12-18,39,47,39,47,0,0,0,0,39,47,0,0,39,47,California
Calaveras,2020-12-19,3,50,3,50,0,0,0,0,3,50,0,0,3,50,California
Calaveras,2020-12-20,4,54,4,54,0,0,0,0,4,54,0,0,4,54,California
Calaveras,2020-12-21,55,109,48,102,7,7,0,0,55,109,0,0,55,109,California
Calaveras,2020-12-22,82,191,78,180,4,11,0,0,83,192,0,0,83,192,California
Calaveras,2020-12-23,76,267,74,254,2,13,0,0,76,268,0,0,76,268,California
Calaveras,2020-12-24,2,269,2,256,0,13,0,0,2,270,0,0,2,270,California
Calaveras,2020-12-26,3,272,3,259,0,13,0,0,3,273,0,0,3,273,California
Calaveras,2020-12-28,21,293,17,276,4,17,0,0,20,292,1,1,20,293,California
Calaveras,2020-12-29,158,451,138,414,20,37,0,0,158,450,0,1,158,451,California
Calaveras,2020-12-30,94,545,82,496,12,49,0,0,94,544,0,1,94,545,California
Calaveras,2020-12-31,37,582,26,522,11,60,0,0,37,581,0,1,37,582,California
Calaveras,2021-01-02,11,593,11,533,0,60,0,0,11,592,0,1,11,593,California
Calaveras,2021-01-03,10,603,4,537,6,66,0,0,10,602,0,1,10,603,California
Calaveras,2021-01-04,33,636,5,542,28,94,0,0,33,635,0,1,33,636,California
Calaveras,2021-01-05,40,676,9,551,31,125,0,0,31,662,9,10,36,672,California
Calaveras,2021-01-06,107,783,30,581,77,202,0,0,97,749,10,20,97,769,California
Calaveras,2021-01-07,105,888,26,607,79,281,0,0,92,831,11,31,93,862,California
Calaveras,2021-01-08,69,957,39,646,30,311,0,0,45,853,24,55,46,908,California
Calaveras,2021-01-09,5,962,5,651,0,311,0,0,2,852,3,58,2,910,California
Calaveras,2021-01-10,2,964,0,651,2,313,0,0,2,854,0,58,2,912,California
Calaveras,2021-01-11,65,1029,59,710,6,319,0,0,27,846,37,95,29,941,California
Calaveras,2021-01-12,86,1115,53,763,33,352,0,0,52,865,34,129,53,994,California
Calaveras,2021-01-13,111,1226,45,808,66,418,0,0,77,909,34,163,78,1072,California
Calaveras,2021-01-14,140,1366,43,851,97,515,0,0,107,985,32,195,108,1180,California
Calaveras,2021-01-15,92,1458,28,879,64,579,0,0,72,1037,20,215,72,1252,California
Calaveras,2021-01-16,13,1471,2,881,11,590,0,0,12,1048,1,216,12,1264,California
Calaveras,2021-01-17,9,1480,1,882,8,598,0,0,9,1057,0,216,9,1273,California
Calaveras,2021-01-18,133,1613,20,902,113,711,0,0,119,1165,14,230,122,1395,California
Calaveras,2021-01-19,206,1819,175,1077,31,742,0,0,69,1099,136,366,70,1465,California
Calaveras,2021-01-20,378,2197,82,1159,296,1038,0,0,291,1315,86,452,302,1767,California
Calaveras,2021-01-21,464,2661,41,1200,423,1461,0,0,428,1719,36,488,440,2207,California
Calaveras,2021-01-22,402,3063,23,1223,379,1840,0,0,392,2108,10,498,399,2606,California
Calaveras,2021-01-23,20,3083,8,1231,12,1852,0,0,19,2126,1,499,19,2625,California
Calaveras,2021-01-24,14,3097,8,1239,6,1858,0,0,12,2136,2,501,12,2637,California
Calaveras,2021-01-25,86,3183,8,1247,78,1936,0,0,81,2212,5,506,81,2718,California
Calaveras,2021-01-26,47,3230,15,1262,32,1968,0,0,39,2243,8,514,39,2757,California
Calaveras,2021-01-27,131,3361,44,1306,87,2055,0,0,102,2317,28,542,102,2859,California
Calaveras,2021-01-28,165,3526,25,1331,140,2195,0,0,140,2436,25,567,144,3003,California
Calaveras,2021-01-29,375,3901,12,1343,363,2558,0,0,346,2766,29,596,359,3362,California
Calaveras,2021-01-30,27,3928,10,1353,17,2575,0,0,25,2791,0,596,25,3387,California
Calaveras,2021-01-31,6,3934,4,1357,2,2577,0,0,5,2795,1,597,5,3392,California
Calaveras,2021-02-01,25,3959,11,1368,14,2591,0,0,17,2804,8,605,17,3409,California
Calaveras,2021-02-02,109,4068,22,1390,87,2678,0,0,71,2843,33,638,72,3481,California
Calaveras,2021-02-03,434,4502,44,1434,390,3068,0,0,349,3110,84,722,351,3832,California
Calaveras,2021-02-04,381,4883,25,1459,356,3424,0,0,296,3324,85,807,299,4131,California
Calaveras,2021-02-05,79,4962,22,1481,57,3481,0,0,41,3328,38,845,42,4173,California
Calaveras,2021-02-06,21,4983,12,1493,9,3490,0,0,21,3349,0,845,21,4194,California
Calaveras,2021-02-07,4,4987,1,1494,3,3493,0,0,2,3349,2,847,2,4196,California
Calaveras,2021-02-08,39,5026,18,1512,21,3514,0,0,31,3374,6,853,31,4227,California
Calaveras,2021-02-09,193,5219,77,1589,116,3630,0,0,131,3446,60,913,132,4359,California
Calaveras,2021-02-10,515,5734,31,1620,484,4114,0,0,443,3822,72,985,448,4807,California
Calaveras,2021-02-11,583,6317,81,1701,502,4616,0,0,472,4190,108,1093,476,5283,California
Calaveras,2021-02-12,569,6886,324,2025,245,4861,0,0,492,4610,75,1168,495,5778,California
Calaveras,2021-02-13,201,7087,45,2070,156,5017,0,0,186,4781,15,1183,186,5964,California
Calaveras,2021-02-14,221,7308,71,2141,150,5167,0,0,206,4973,14,1197,206,6170,California
Calaveras,2021-02-15,382,7690,23,2164,359,5526,0,0,262,5118,117,1314,262,6432,California
Calaveras,2021-02-16,268,7958,144,2308,124,5650,0,0,229,5311,39,1353,232,6664,California
Calaveras,2021-02-17,512,8470,38,2346,474,6124,0,0,209,5230,293,1646,212,6876,California
Calaveras,2021-02-18,499,8969,91,2437,408,6532,0,0,96,4942,385,2031,97,6973,California
Calaveras,2021-02-19,440,9409,43,2480,397,6929,0,0,98,4708,332,2363,98,7071,California
Calaveras,2021-02-20,59,9468,15,2495,44,6973,0,0,48,4745,11,2374,48,7119,California
Calaveras,2021-02-21,24,9492,14,2509,10,6983,0,0,18,4758,5,2379,18,7137,California
Calaveras,2021-02-22,62,9554,38,2547,24,7007,0,0,33,4762,29,2408,33,7170,California
Calaveras,2021-02-23,127,9681,42,2589,85,7092,0,0,91,4818,36,2444,92,7262,California
Calaveras,2021-02-24,97,9778,48,2637,49,7141,0,0,67,4856,29,2473,67,7329,California
Calaveras,2021-02-25,550,10328,100,2737,450,7591,0,0,354,5024,191,2664,359,7688,California
Calaveras,2021-02-26,749,11077,46,2783,703,8294,0,0,397,5090,332,2996,398,8086,California
Calaveras,2021-02-27,204,11281,22,2805,182,8476,0,0,180,5246,24,3020,180,8266,California
Calaveras,2021-02-28,97,11378,15,2820,82,8558,0,0,91,5332,5,3025,91,8357,California
Calaveras,2021-03-01,229,11607,41,2861,188,8746,0,0,146,5399,80,3105,147,8504,California
Calaveras,2021-03-02,250,11857,97,2958,153,8899,0,0,204,5561,43,3148,205,8709,California
Calaveras,2021-03-03,514,12371,104,3062,410,9309,0,0,212,5477,296,3444,212,8921,California
Calaveras,2021-03-04,746,13117,69,3131,676,9985,1,1,354,5450,383,3827,356,9277,California
Calaveras,2021-03-05,454,13571,271,3402,179,10164,4,5,140,5285,309,4136,144,9421,California
Calaveras,2021-03-06,154,13725,42,3444,106,10270,6,11,114,5365,40,4176,120,9541,California
Calaveras,2021-03-07,75,13800,32,3476,36,10306,7,18,34,5365,41,4217,41,9582,California
Calaveras,2021-03-08,164,13964,28,3504,128,10434,8,26,130,5470,33,4250,138,9720,California
Calaveras,2021-03-09,360,14324,136,3640,218,10652,6,32,32,5186,322,4572,38,9758,California
Calaveras,2021-03-10,420,14744,31,3671,386,11038,3,35,58,4891,356,4928,61,9819,California
Calaveras,2021-03-11,851,15595,423,4094,415,11453,13,48,433,4926,413,5341,448,10267,California
Calaveras,2021-03-12,402,15997,213,4307,179,11632,10,58,326,5193,75,5416,342,10609,California
Calaveras,2021-03-13,177,16174,16,4323,153,11785,8,66,140,5308,36,5452,151,10760,California
Calaveras,2021-03-14,156,16330,11,4334,144,11929,1,67,18,5196,138,5590,26,10786,California
Calaveras,2021-03-15,330,16660,48,4382,256,12185,26,93,52,5001,277,5867,82,10868,California
Calaveras,2021-03-16,689,17349,553,4935,116,12301,20,113,546,5426,141,6008,566,11434,California
Calaveras,2021-03-17,281,17630,53,4988,214,12515,14,127,50,5264,227,6235,65,11499,California
Calaveras,2021-03-18,666,18296,570,5558,80,12595,16,143,549,5714,117,6352,567,12066,California
Calaveras,2021-03-19,232,18528,51,5609,107,12702,74,217,58,5674,170,6522,130,12196,California
Calaveras,2021-03-20,81,18609,22,5631,58,12760,1,218,23,5641,58,6580,25,12221,California
Calaveras,2021-03-21,47,18656,30,5661,6,12766,11,229,12,5629,35,6615,23,12244,California
Calaveras,2021-03-22,79,18735,35,5696,23,12789,21,250,25,5621,54,6669,46,12290,California
Calaveras,2021-03-23,295,19030,204,5900,81,12870,10,260,117,5580,168,6837,127,12417,California
Calaveras,2021-03-24,134,19164,51,5951,73,12943,10,270,43,5544,89,6926,53,12470,California
Calaveras,2021-03-25,743,19907,103,6054,636,13579,4,274,446,5705,289,7215,450,12920,California
Calaveras,2021-03-26,428,20335,28,6082,394,13973,6,280,88,5464,337,7552,96,13016,California
Calaveras,2021-03-27,212,20547,19,6101,189,14162,4,284,37,5335,172,7724,43,13059,California
Calaveras,2021-03-28,111,20658,12,6113,97,14259,2,286,8,5244,102,7826,11,13070,California
Calaveras,2021-03-29,178,20836,24,6137,151,14410,3,289,58,5188,118,7944,62,13132,California
Calaveras,2021-03-30,539,21375,25,6162,497,14907,17,306,361,5389,177,8121,378,13510,California
Calaveras,2021-03-31,323,21698,141,6303,172,15079,10,316,156,5389,167,8288,167,13677,California
Calaveras,2021-04-01,685,22383,443,6746,241,15320,1,317,187,5084,496,8784,191,13868,California
Calaveras,2021-04-02,393,22776,231,6977,154,15474,8,325,117,4937,273,9057,126,13994,California
Calaveras,2021-04-03,144,22920,34,7011,106,15580,4,329,40,4877,104,9161,44,14038,California
Calaveras,2021-04-04,78,22998,25,7036,53,15633,0,329,49,4897,29,9190,49,14087,California
Calaveras,2021-04-05,212,23210,81,7117,121,15754,10,339,100,4895,112,9302,110,14197,California
Calaveras,2021-04-06,651,23861,573,7690,64,15818,14,353,111,4484,536,9838,125,14322,California
Calaveras,2021-04-07,754,24615,658,8348,60,15878,36,389,617,5001,137,9975,654,14976,California
Calaveras,2021-04-08,946,25561,855,9203,70,15948,21,410,436,4952,507,10482,458,15434,California
Calaveras,2021-04-09,154,25715,58,9261,48,15996,48,458,57,4962,96,10578,106,15540,California
Calaveras,2021-04-10,192,25907,44,9305,130,16126,18,476,150,5090,41,10619,169,15709,California
Calaveras,2021-04-11,69,25976,44,9349,23,16149,2,478,48,5119,21,10640,50,15759,California
Calaveras,2021-04-12,104,26080,47,9396,38,16187,19,497,55,5145,49,10689,75,15834,California
Calaveras,2021-04-13,423,26503,368,9764,55,16242,0,497,364,5453,58,10747,366,16200,California
Calaveras,2021-04-14,181,26684,28,9792,153,16395,0,497,135,5543,46,10793,136,16336,California
Calaveras,2021-04-15,336,27020,287,10079,49,16444,0,497,253,5716,80,10873,253,16589,California
Calaveras,2021-04-16,99,27119,25,10104,74,16518,0,497,47,5715,48,10921,47,16636,California
Calaveras,2021-04-17,332,27451,127,10231,205,16723,0,497,289,5961,43,10964,289,16925,California
Calaveras,2021-04-18,17,27468,5,10236,12,16735,0,497,10,5964,7,10971,10,16935,California
Calaveras,2021-04-19,72,27540,27,10263,45,16780,0,497,45,5984,26,10997,46,16981,California
Calaveras,2021-04-20,263,27803,93,10356,170,16950,0,497,196,6115,65,11062,196,17177,California
Calaveras,2021-04-21,217,28020,146,10502,71,17021,0,497,85,6071,130,11192,86,17263,California
Calaveras,2021-04-22,542,28562,96,10598,446,17467,0,497,141,5815,399,11591,143,17406,California
Calaveras,2021-04-23,159,28721,81,10679,78,17545,0,497,65,5789,91,11682,65,17471,California
Calaveras,2021-04-24,173,28894,37,10716,136,17681,0,497,130,5878,42,11724,131,17602,California
Calaveras,2021-04-25,43,28937,28,10744,15,17696,0,497,22,5881,21,11745,24,17626,California
Calaveras,2021-04-26,96,29033,59,10803,37,17733,0,497,28,5842,68,11813,29,17655,California
Calaveras,2021-04-27,426,29459,59,10862,353,18086,14,511,53,5538,371,12184,67,17722,California
Calaveras,2021-04-28,642,30101,574,11436,37,18123,31,542,52,5038,590,12774,90,17812,California
Calaveras,2021-04-29,510,30611,440,11876,51,18174,19,561,72,4697,437,13211,96,17908,California
Calaveras,2021-04-30,147,30758,59,11935,83,18257,5,566,66,4693,81,13292,77,17985,California
Calaveras,2021-05-01,198,30956,110,12045,86,18343,2,568,131,4764,66,13358,137,18122,California
Calaveras,2021-05-02,52,31008,35,12080,16,18359,1,569,20,4755,31,13389,22,18144,California
Calaveras,2021-05-03,93,31101,69,12149,19,18378,5,574,29,4729,64,13453,38,18182,California
Calaveras,2021-05-04,414,31515,329,12478,48,18426,37,611,42,4438,371,13824,80,18262,California
Calaveras,2021-05-05,110,31625,57,12535,21,18447,32,643,48,4456,61,13885,79,18341,California
Calaveras,2021-05-06,253,31878,194,12729,36,18483,23,666,47,4321,206,14091,71,18412,California
Calaveras,2021-05-07,84,31962,24,12753,54,18537,6,672,54,4351,30,14121,60,18472,California
Calaveras,2021-05-08,290,32252,141,12894,147,18684,2,674,92,4249,196,14317,94,18566,California
Calaveras,2021-05-09,28,32280,12,12906,13,18697,3,677,12,4248,16,14333,15,18581,California
Calaveras,2021-05-10,54,32334,24,12930,29,18726,1,678,23,4244,29,14362,25,18606,California
Calaveras,2021-05-11,128,32462,85,13015,31,18757,12,690,89,4308,38,14400,102,18708,California
Calaveras,2021-05-12,157,32619,37,13052,120,18877,0,690,44,4240,112,14512,44,18752,California
Calaveras,2021-05-13,113,32732,60,13112,38,18915,15,705,59,4261,53,14565,74,18826,California
Calaveras,2021-05-14,150,32882,93,13205,54,18969,3,708,101,4317,48,14613,104,18930,California
Calaveras,2021-05-15,266,33148,93,13298,170,19139,3,711,105,4270,155,14768,108,19038,California
Calaveras,2021-05-16,28,33176,11,13309,17,19156,0,711,13,4269,15,14783,14,19052,California
Calaveras,2021-05-17,88,33264,41,13350,40,19196,7,718,48,4286,39,14822,56,19108,California
Calaveras,2021-05-18,224,33488,60,13410,142,19338,22,740,72,4229,151,14973,94,19202,California
Calaveras,2021-05-19,147,33635,59,13469,83,19421,5,745,71,4231,75,15048,77,19279,California
Calaveras,2021-05-20,180,33815,71,13540,87,19508,22,767,60,4195,117,15165,81,19360,California
Calaveras,2021-05-21,77,33892,48,13588,26,19534,3,770,49,4220,27,15192,52,19412,California
Calaveras,2021-05-22,261,34153,135,13723,126,19660,0,770,122,4205,137,15329,122,19534,California
Calaveras,2021-05-23,10,34163,7,13730,3,19663,0,770,2,4199,8,15337,2,19536,California
Calaveras,2021-05-24,67,34230,32,13762,20,19683,15,785,28,4204,39,15376,44,19580,California
Calaveras,2021-05-25,117,34347,46,13808,55,19738,16,801,56,4215,61,15437,72,19652,California
Calaveras,2021-05-26,117,34464,86,13894,27,19765,4,805,80,4262,36,15473,83,19735,California
Calaveras,2021-05-27,41,34505,29,13923,10,19775,2,807,15,4256,23,15496,17,19752,California
Colusa,2020-12-18,1,1,1,1,0,0,0,0,1,1,0,0,1,1,California
Colusa,2020-12-21,2,3,2,3,0,0,0,0,2,3,0,0,2,3,California
Colusa,2020-12-22,10,13,10,13,0,0,0,0,10,13,0,0,10,13,California
Colusa,2020-12-23,10,23,10,23,0,0,0,0,10,23,0,0,10,23,California
Colusa,2020-12-24,2,25,1,24,1,1,0,0,2,25,0,0,2,25,California
Colusa,2020-12-27,1,26,1,25,0,1,0,0,1,26,0,0,1,26,California
Colusa,2020-12-28,7,33,3,28,4,5,0,0,7,33,0,0,7,33,California
Colusa,2020-12-29,11,44,8,36,3,8,0,0,11,44,0,0,11,44,California
Colusa,2020-12-30,50,94,13,49,37,45,0,0,50,94,0,0,50,94,California
Colusa,2020-12-31,18,112,1,50,17,62,0,0,18,112,0,0,18,112,California
Colusa,2021-01-04,4,116,0,50,4,66,0,0,4,116,0,0,4,116,California
Colusa,2021-01-05,67,183,1,51,66,132,0,0,67,183,0,0,67,183,California
Colusa,2021-01-06,15,198,9,60,6,138,0,0,15,198,0,0,15,198,California
Colusa,2021-01-07,38,236,4,64,34,172,0,0,37,234,1,1,37,235,California
Colusa,2021-01-08,9,245,7,71,2,174,0,0,8,241,1,2,8,243,California
Colusa,2021-01-09,2,247,1,72,1,175,0,0,2,243,0,2,2,245,California
Colusa,2021-01-10,1,248,0,72,1,176,0,0,1,244,0,2,1,246,California
Colusa,2021-01-11,12,260,6,78,6,182,0,0,7,246,5,7,7,253,California
Colusa,2021-01-12,11,271,9,87,2,184,0,0,6,247,5,12,6,259,California
Colusa,2021-01-13,21,292,13,100,8,192,0,0,13,252,8,20,13,272,California
Colusa,2021-01-14,35,327,28,128,7,199,0,0,33,283,2,22,33,305,California
Colusa,2021-01-15,42,369,5,133,37,236,0,0,40,321,2,24,40,345,California
Colusa,2021-01-16,12,381,1,134,11,247,0,0,11,331,1,25,11,356,California
Colusa,2021-01-17,3,384,2,136,1,248,0,0,2,332,1,26,2,358,California
Colusa,2021-01-18,4,388,0,136,4,252,0,0,4,336,0,26,4,362,California
Colusa,2021-01-19,9,397,8,144,1,253,0,0,5,337,4,30,5,367,California
Colusa,2021-01-20,115,512,101,245,14,267,0,0,102,426,13,43,102,469,California
Colusa,2021-01-21,56,568,41,286,15,282,0,0,55,480,1,44,55,524,California
Colusa,2021-01-22,40,608,17,303,23,305,0,0,35,510,5,49,35,559,California
Colusa,2021-01-23,35,643,6,309,29,334,0,0,35,545,0,49,35,594,California
Colusa,2021-01-25,7,650,0,309,7,341,0,0,7,552,0,49,7,601,California
Colusa,2021-01-26,8,658,5,314,3,344,0,0,5,554,3,52,5,606,California
Colusa,2021-01-27,109,767,31,345,78,422,0,0,107,659,2,54,107,713,California
Colusa,2021-01-28,79,846,46,391,33,455,0,0,72,724,7,61,72,785,California
Colusa,2021-01-29,41,887,7,398,34,489,0,0,40,763,1,62,40,825,California
Colusa,2021-01-30,27,914,4,402,23,512,0,0,27,790,0,62,27,852,California
Colusa,2021-01-31,7,921,7,409,0,512,0,0,7,797,0,62,7,859,California
Colusa,2021-02-01,27,948,10,419,17,529,0,0,22,814,5,67,22,881,California
Colusa,2021-02-02,43,991,9,428,34,563,0,0,37,845,6,73,37,918,California
Colusa,2021-02-03,69,1060,10,438,59,622,0,0,59,894,10,83,59,977,California
Colusa,2021-02-04,143,1203,81,519,62,684,0,0,115,981,28,111,115,1092,California
Colusa,2021-02-05,32,1235,8,527,24,708,0,0,29,1007,3,114,29,1121,California
Colusa,2021-02-06,285,1520,9,536,276,984,0,0,274,1270,11,125,274,1395,California
Colusa,2021-02-07,2,1522,1,537,1,985,0,0,0,1268,2,127,0,1395,California
Colusa,2021-02-08,40,1562,5,542,35,1020,0,0,37,1302,3,130,37,1432,California
Colusa,2021-02-09,231,1793,14,556,217,1237,0,0,176,1423,55,185,176,1608,California
Colusa,2021-02-10,116,1909,41,597,75,1312,0,0,73,1453,43,228,73,1681,California
Colusa,2021-02-11,98,2007,36,633,62,1374,0,0,73,1501,25,253,73,1754,California
Colusa,2021-02-12,118,2125,9,642,109,1483,0,0,79,1540,40,293,79,1833,California
Colusa,2021-02-13,60,2185,8,650,52,1535,0,0,52,1584,8,301,52,1885,California
Colusa,2021-02-14,21,2206,8,658,13,1548,0,0,15,1593,6,307,15,1900,California
Colusa,2021-02-15,46,2252,10,668,36,1584,0,0,39,1625,7,314,39,1939,California
Colusa,2021-02-16,67,2319,4,672,63,1647,0,0,66,1690,1,315,66,2005,California
Colusa,2021-02-17,206,2525,143,815,63,1710,0,0,60,1604,146,461,60,2065,California
Colusa,2021-02-18,135,2660,35,850,100,1810,0,0,112,1693,23,484,112,2177,California
Colusa,2021-02-19,155,2815,19,869,136,1946,0,0,129,1796,26,510,129,2306,California
Colusa,2021-02-20,28,2843,6,875,22,1968,0,0,12,1792,16,526,12,2318,California
Colusa,2021-02-21,1,2844,1,876,0,1968,0,0,0,1791,1,527,0,2318,California
Colusa,2021-02-22,43,2887,26,902,17,1985,0,0,29,1806,14,541,29,2347,California
Colusa,2021-02-23,23,2910,7,909,16,2001,0,0,18,1819,5,546,18,2365,California
Colusa,2021-02-24,302,3212,54,963,248,2249,0,0,160,1837,142,688,160,2525,California
Colusa,2021-02-25,102,3314,55,1018,47,2296,0,0,66,1867,36,724,66,2591,California
Colusa,2021-02-26,99,3413,14,1032,85,2381,0,0,60,1888,39,763,60,2651,California
Colusa,2021-02-27,55,3468,4,1036,51,2432,0,0,40,1913,15,778,40,2691,California
Colusa,2021-02-28,26,3494,14,1050,12,2444,0,0,17,1921,9,787,17,2708,California
Colusa,2021-03-01,46,3540,15,1065,31,2475,0,0,29,1933,17,804,29,2737,California
Colusa,2021-03-02,49,3589,13,1078,36,2511,0,0,26,1936,23,827,26,2763,California
Colusa,2021-03-03,242,3831,43,1121,199,2710,0,0,185,2064,57,884,185,2948,California
Colusa,2021-03-04,138,3969,58,1179,80,2790,0,0,79,2084,59,943,79,3027,California
Colusa,2021-03-05,98,4067,25,1204,64,2854,9,9,53,2101,45,988,62,3089,California
Colusa,2021-03-06,274,4341,9,1213,265,3119,0,9,37,1901,237,1225,37,3126,California
Colusa,2021-03-07,8,4349,5,1218,3,3122,0,9,6,1905,2,1227,6,3132,California
Colusa,2021-03-08,89,4438,21,1239,33,3155,35,44,45,1941,44,1271,80,3212,California
Colusa,2021-03-09,277,4715,75,1314,179,3334,23,67,86,1859,191,1462,109,3321,California
Colusa,2021-03-10,289,5004,37,1351,216,3550,36,103,203,2012,86,1548,239,3560,California
Colusa,2021-03-11,420,5424,60,1411,339,3889,21,124,339,2289,81,1629,358,3918,California
Colusa,2021-03-12,109,5533,18,1429,78,3967,13,137,19,2231,90,1719,32,3950,California
Colusa,2021-03-13,61,5594,16,1445,36,4003,9,146,18,2215,43,1762,27,3977,California
Colusa,2021-03-14,20,5614,0,1445,18,4021,2,148,6,2210,13,1775,8,3985,California
Colusa,2021-03-15,71,5685,27,1472,36,4057,8,156,15,2177,56,1831,23,4008,California
Colusa,2021-03-16,297,5982,16,1488,235,4292,46,202,189,2304,108,1939,235,4243,California
Colusa,2021-03-17,194,6176,49,1537,145,4437,0,202,108,2326,86,2025,108,4351,California
Colusa,2021-03-18,324,6500,37,1574,216,4653,71,273,201,2475,123,2148,272,4623,California
Colusa,2021-03-19,78,6578,20,1594,56,4709,2,275,53,2505,25,2173,55,4678,California
Colusa,2021-03-20,49,6627,7,1601,41,4750,1,276,36,2529,13,2186,37,4715,California
Colusa,2021-03-21,6,6633,4,1605,2,4752,0,276,4,2531,2,2188,4,4719,California
Colusa,2021-03-22,62,6695,10,1615,43,4795,9,285,40,2558,22,2210,49,4768,California
Colusa,2021-03-23,82,6777,16,1631,64,4859,2,287,55,2588,27,2237,57,4825,California
Colusa,2021-03-24,340,7117,57,1688,277,5136,6,293,68,2389,272,2509,73,4898,California
Colusa,2021-03-25,107,7224,58,1746,44,5180,5,298,51,2389,56,2565,56,4954,California
Colusa,2021-03-26,300,7524,47,1793,249,5429,4,302,247,2587,53,2618,251,5205,California
Colusa,2021-03-27,63,7587,5,1798,58,5487,0,302,25,2574,38,2656,25,5230,California
Colusa,2021-03-28,16,7603,7,1805,9,5496,0,302,8,2574,8,2664,8,5238,California
Colusa,2021-03-29,72,7675,20,1825,46,5542,6,308,32,2572,40,2704,38,5276,California
Colusa,2021-03-30,152,7827,83,1908,67,5609,2,310,72,2567,80,2784,75,5351,California
Colusa,2021-03-31,234,8061,42,1950,192,5801,0,310,74,2482,159,2943,74,5425,California
Colusa,2021-04-01,430,8491,72,2022,304,6105,54,364,308,2722,121,3064,361,5786,California
Colusa,2021-04-02,82,8573,13,2035,55,6160,14,378,38,2730,44,3108,52,5838,California
Colusa,2021-04-03,61,8634,10,2045,28,6188,23,401,14,2719,47,3155,36,5874,California
Colusa,2021-04-04,18,8652,0,2045,8,6196,10,411,3,2717,15,3170,13,5887,California
Colusa,2021-04-05,96,8748,26,2071,55,6251,15,426,39,2714,57,3227,54,5941,California
Colusa,2021-04-06,129,8877,34,2105,45,6296,50,476,43,2721,86,3313,93,6034,California
Colusa,2021-04-07,356,9233,39,2144,294,6590,23,499,130,2649,226,3539,154,6188,California
Colusa,2021-04-08,430,9663,34,2178,369,6959,27,526,123,2496,304,3843,151,6339,California
Colusa,2021-04-09,77,9740,21,2199,32,6991,24,550,28,2499,49,3892,52,6391,California
Colusa,2021-04-10,45,9785,9,2208,15,7006,21,571,12,2499,33,3925,33,6424,California
Colusa,2021-04-11,16,9801,3,2211,11,7017,2,573,8,2501,8,3933,10,6434,California
Colusa,2021-04-12,31,9832,3,2214,28,7045,0,573,24,2518,7,3940,24,6458,California
Colusa,2021-04-13,279,10111,22,2236,257,7302,0,573,94,2428,184,4124,94,6552,California
Colusa,2021-04-14,95,10206,19,2255,76,7378,0,573,35,2402,61,4185,35,6587,California
Colusa,2021-04-15,323,10529,45,2300,278,7656,0,573,132,2343,191,4376,132,6719,California
Colusa,2021-04-16,79,10608,11,2311,68,7724,0,573,35,2335,43,4419,35,6754,California
Colusa,2021-04-17,51,10659,7,2318,44,7768,0,573,29,2342,22,4441,29,6783,California
Colusa,2021-04-18,9,10668,2,2320,7,7775,0,573,7,2347,2,4443,7,6790,California
Colusa,2021-04-19,61,10729,22,2342,39,7814,0,573,17,2320,44,4487,17,6807,California
Colusa,2021-04-20,176,10905,32,2374,144,7958,0,573,129,2400,49,4536,129,6936,California
Colusa,2021-04-21,170,11075,59,2433,111,8069,0,573,110,2450,60,4596,110,7046,California
Colusa,2021-04-22,420,11495,27,2460,392,8461,1,574,216,2463,203,4799,216,7262,California
Colusa,2021-04-23,91,11586,17,2477,74,8535,0,574,35,2442,56,4855,35,7297,California
Colusa,2021-04-24,237,11823,19,2496,217,8752,1,575,205,2615,32,4887,205,7502,California
Colusa,2021-04-25,12,11835,6,2502,6,8758,0,575,8,2619,4,4891,8,7510,California
Colusa,2021-04-26,23,11858,5,2507,17,8775,1,576,6,2609,16,4907,6,7516,California
Colusa,2021-04-27,94,11952,23,2530,67,8842,4,580,43,2605,51,4958,47,7563,California
Colusa,2021-04-28,187,12139,26,2556,158,9000,3,583,138,2698,48,5006,141,7704,California
Colusa,2021-04-29,317,12456,27,2583,286,9286,4,587,48,2483,267,5273,52,7756,California
Colusa,2021-04-30,65,12521,18,2601,47,9333,0,587,41,2500,24,5297,41,7797,California
Colusa,2021-05-01,19,12540,8,2609,8,9341,3,590,9,2502,10,5307,12,7809,California
Colusa,2021-05-02,3,12543,0,2609,2,9343,1,591,2,2504,1,5308,3,7812,California
Colusa,2021-05-03,21,12564,7,2616,14,9357,0,591,6,2495,15,5323,6,7818,California
Colusa,2021-05-04,86,12650,51,2667,34,9391,1,592,64,2538,22,5345,65,7883,California
Colusa,2021-05-05,68,12718,16,2683,51,9442,1,593,33,2537,35,5380,34,7917,California
Colusa,2021-05-06,253,12971,16,2699,235,9677,2,595,110,2506,143,5523,112,8029,California
Colusa,2021-05-07,67,13038,5,2704,58,9735,4,599,31,2505,36,5559,35,8064,California
Colusa,2021-05-08,18,13056,5,2709,13,9748,0,599,9,2505,9,5568,9,8073,California
Colusa,2021-05-09,13,13069,5,2714,5,9753,3,602,6,2507,7,5575,9,8082,California
Colusa,2021-05-10,16,13085,7,2721,9,9762,0,602,6,2503,10,5585,6,8088,California
Colusa,2021-05-11,93,13178,34,2755,59,9821,0,602,50,2510,43,5628,50,8138,California
Colusa,2021-05-12,73,13251,32,2787,37,9858,4,606,21,2483,52,5680,25,8163,California
Colusa,2021-05-13,241,13492,22,2809,218,10076,1,607,76,2395,165,5845,77,8240,California
Colusa,2021-05-14,85,13577,18,2827,52,10128,15,622,33,2392,51,5896,48,8288,California
Colusa,2021-05-15,38,13615,9,2836,27,10155,2,624,20,2396,18,5914,22,8310,California
Colusa,2021-05-16,23,13638,6,2842,10,10165,7,631,11,2402,12,5926,18,8328,California
Colusa,2021-05-17,24,13662,4,2846,18,10183,2,633,12,2404,12,5938,14,8342,California
Colusa,2021-05-18,99,13761,24,2870,73,10256,2,635,43,2393,56,5994,45,8387,California
Colusa,2021-05-19,217,13978,44,2914,153,10409,20,655,68,2332,149,6143,88,8475,California
Colusa,2021-05-20,277,14255,32,2946,241,10650,4,659,68,2196,209,6352,73,8548,California
Colusa,2021-05-21,62,14317,21,2967,39,10689,2,661,31,2198,31,6383,33,8581,California
Colusa,2021-05-22,209,14526,19,2986,190,10879,0,661,27,2043,182,6565,27,8608,California
Colusa,2021-05-23,18,14544,8,2994,6,10885,4,665,6,2041,12,6577,10,8618,California
Colusa,2021-05-24,28,14572,4,2998,19,10904,5,670,17,2052,11,6588,22,8640,California
Colusa,2021-05-25,118,14690,60,3058,55,10959,3,673,43,2023,75,6663,46,8686,California
Colusa,2021-05-26,69,14759,25,3083,44,11003,0,673,31,2016,38,6701,31,8717,California
Colusa,2021-05-27,23,14782,6,3089,17,11020,0,673,10,2013,13,6714,10,8727,California
Contra Costa,2020-12-15,18,18,18,18,0,0,0,0,18,18,0,0,18,18,California
Contra Costa,2020-12-16,521,539,521,539,0,0,0,0,521,539,0,0,521,539,California
Contra Costa,2020-12-17,913,1452,913,1452,0,0,0,0,913,1452,0,0,913,1452,California
Contra Costa,2020-12-18,1597,3049,1596,3048,1,1,0,0,1597,3049,0,0,1597,3049,California
Contra Costa,2020-12-19,1105,4154,1104,4152,1,2,0,0,1105,4154,0,0,1105,4154,California
Contra Costa,2020-12-20,583,4737,582,4734,1,3,0,0,583,4737,0,0,583,4737,California
Contra Costa,2020-12-21,1659,6396,1657,6391,2,5,0,0,1659,6396,0,0,1659,6396,California
Contra Costa,2020-12-22,1676,8072,1570,7961,106,111,0,0,1676,8072,0,0,1676,8072,California
Contra Costa,2020-12-23,1618,9690,1370,9331,248,359,0,0,1618,9690,0,0,1618,9690,California
Contra Costa,2020-12-24,659,10349,337,9668,322,681,0,0,659,10349,0,0,659,10349,California
Contra Costa,2020-12-25,39,10388,17,9685,22,703,0,0,39,10388,0,0,39,10388,California
Contra Costa,2020-12-26,646,11034,133,9818,513,1216,0,0,646,11034,0,0,646,11034,California
Contra Costa,2020-12-27,240,11274,86,9904,154,1370,0,0,240,11274,0,0,240,11274,California
Contra Costa,2020-12-28,1842,13116,867,10771,975,2345,0,0,1842,13116,0,0,1842,13116,California
Contra Costa,2020-12-29,1832,14948,822,11593,1010,3355,0,0,1832,14948,0,0,1832,14948,California
Contra Costa,2020-12-30,2394,17342,1213,12806,1181,4536,0,0,2393,17341,1,1,2394,17342,California
Contra Costa,2020-12-31,917,18259,307,13113,610,5146,0,0,916,18257,0,1,916,18258,California
Contra Costa,2021-01-01,62,18321,24,13137,38,5184,0,0,62,18319,0,1,62,18320,California
Contra Costa,2021-01-02,339,18660,174,13311,165,5349,0,0,339,18658,0,1,339,18659,California
Contra Costa,2021-01-03,179,18839,121,13432,58,5407,0,0,178,18836,0,1,178,18837,California
Contra Costa,2021-01-04,1908,20747,1251,14683,657,6064,0,0,1888,20706,18,19,1888,20725,California
Contra Costa,2021-01-05,2106,22853,1258,15941,848,6912,0,0,1847,22296,258,277,1848,22573,California
Contra Costa,2021-01-06,3290,26143,2254,18195,1036,7948,0,0,2527,24069,757,1034,2530,25103,California
Contra Costa,2021-01-07,3102,29245,2062,20257,1040,8988,0,0,1887,24744,1212,2246,1887,26990,California
Contra Costa,2021-01-08,3393,32638,2394,22651,999,9987,0,0,1828,25015,1560,3806,1831,28821,California
Contra Costa,2021-01-09,1587,34225,1136,23787,451,10438,0,0,747,24925,839,4645,749,29570,California
Contra Costa,2021-01-10,362,34587,291,24078,71,10509,0,0,155,24873,207,4852,155,29725,California
Contra Costa,2021-01-11,3837,38424,3146,27224,691,11200,0,0,2231,25501,1606,6458,2234,31959,California
Contra Costa,2021-01-12,3921,42345,2943,30167,978,12178,0,0,2592,26768,1329,7787,2596,34555,California
Contra Costa,2021-01-13,4735,47080,2942,33109,1793,13971,0,0,3783,29604,948,8735,3784,38339,California
Contra Costa,2021-01-14,4327,51407,1565,34674,2762,16733,0,0,3944,33165,383,9118,3944,42283,California
Contra Costa,2021-01-15,5348,56755,2463,37137,2885,19618,0,0,5022,37866,325,9443,5026,47309,California
Contra Costa,2021-01-16,1726,58481,557,37694,1169,20787,0,0,1651,39442,75,9518,1651,48960,California
Contra Costa,2021-01-17,1639,60120,975,38669,664,21451,0,0,1517,40840,122,9640,1520,50480,California
Contra Costa,2021-01-18,3214,63334,1266,39935,1948,23399,0,0,2589,42811,619,10259,2590,53070,California
Contra Costa,2021-01-19,7063,70397,3156,43091,3907,27306,0,0,6058,47872,1002,11261,6063,59133,California
Contra Costa,2021-01-20,6689,77086,4124,47215,2565,29871,0,0,5455,52102,1230,12491,5460,64593,California
Contra Costa,2021-01-21,6978,84064,3106,50321,3872,33743,0,0,6250,57638,722,13213,6258,70851,California
Contra Costa,2021-01-22,6395,90459,2719,53040,3676,37419,0,0,5534,62323,852,14065,5537,76388,California
Contra Costa,2021-01-23,2038,92497,360,53400,1678,39097,0,0,1778,63845,258,14323,1780,78168,California
Contra Costa,2021-01-24,1591,94088,218,53618,1373,40470,0,0,1444,65146,147,14470,1448,79616,California
Contra Costa,2021-01-25,6692,100780,3043,56661,3649,44119,0,0,5122,68703,1568,16038,5125,84741,California
Contra Costa,2021-01-26,8103,108883,4687,61348,3416,47535,0,0,6253,73119,1842,17880,6258,90999,California
Contra Costa,2021-01-27,8168,117051,5409,66757,2759,50294,0,0,6328,77623,1828,19708,6332,97331,California
Contra Costa,2021-01-28,7470,124521,4091,70848,3379,53673,0,0,5858,81879,1606,21314,5862,103193,California
Contra Costa,2021-01-29,7449,131970,3892,74740,3557,57230,0,0,6137,86710,1308,22622,6139,109332,California
Contra Costa,2021-01-30,2144,134114,660,75400,1484,58714,0,0,1738,88049,399,23021,1738,111070,California
Contra Costa,2021-01-31,648,134762,428,75828,220,58934,0,0,556,88516,89,23110,556,111626,California
Contra Costa,2021-02-01,5874,140636,4099,79927,1775,60709,0,0,3968,90589,1898,25008,3971,115597,California
Contra Costa,2021-02-02,7575,148211,5080,85007,2495,63204,0,0,5878,94772,1696,26704,5879,121476,California
Contra Costa,2021-02-03,8291,156502,5479,90486,2812,66016,0,0,5629,97749,2653,29357,5630,127106,California
Contra Costa,2021-02-04,7514,164016,3586,94072,3928,69944,0,0,5747,101734,1765,31122,5750,132856,California
Contra Costa,2021-02-05,8440,172456,4816,98888,3624,73568,0,0,5747,104795,2686,33808,5747,138603,California
Contra Costa,2021-02-06,3488,175944,2164,101052,1324,74892,0,0,2834,106977,653,34461,2835,141438,California
Contra Costa,2021-02-07,984,176928,713,101765,271,75163,0,0,605,107204,378,34839,605,142043,California
Contra Costa,2021-02-08,5860,182788,3470,105235,2390,77553,0,0,4373,110097,1481,36320,4374,146417,California
Contra Costa,2021-02-09,8687,191475,4795,110030,3892,81445,0,0,5794,113005,2887,39207,5795,152212,California
Contra Costa,2021-02-10,8652,200127,4659,114689,3993,85438,0,0,5364,115101,3272,42479,5368,157580,California
Contra Costa,2021-02-11,9339,209466,4218,118907,5121,90559,0,0,5270,116313,4063,46542,5275,162855,California
Contra Costa,2021-02-12,10099,219565,4628,123535,5471,96030,0,0,5465,117154,4627,51169,5468,168323,California
Contra Costa,2021-02-13,4891,224456,1369,124904,3522,99552,0,0,3405,119077,1483,52652,3406,171729,California
Contra Costa,2021-02-14,2098,226554,867,125771,1231,100783,0,0,1232,119445,864,53516,1232,172961,California
Contra Costa,2021-02-15,4470,231024,2476,128247,1994,102777,0,0,2342,119666,2122,55638,2343,175304,California
Contra Costa,2021-02-16,10429,241453,4915,133162,5514,108291,0,0,4648,118545,5773,61411,4652,179956,California
Contra Costa,2021-02-17,12308,253761,6153,139315,6155,114446,0,0,5647,117547,6646,68057,5648,185604,California
Contra Costa,2021-02-18,11492,265253,5979,145294,5513,119959,0,0,5335,116738,6146,74203,5337,190941,California
Contra Costa,2021-02-19,11422,276675,7116,152410,4306,124265,0,0,5185,115701,6223,80426,5186,196127,California
Contra Costa,2021-02-20,6471,283146,2915,155325,3556,127821,0,0,4580,118408,1875,82301,4582,200709,California
Contra Costa,2021-02-21,2277,285423,1723,157048,554,128375,0,0,1547,119226,729,83030,1547,202256,California
Contra Costa,2021-02-22,7598,293021,5147,162195,2451,130826,0,0,3504,118652,4080,87110,3506,205762,California
Contra Costa,2021-02-23,12106,305127,7439,169634,4667,135493,0,0,6105,118775,5987,93097,6110,211872,California
Contra Costa,2021-02-24,10596,315723,7776,177410,2820,138313,0,0,5122,118442,5457,98554,5124,216996,California
Contra Costa,2021-02-25,11530,327253,7256,184666,4274,142587,0,0,5238,117413,6271,104825,5242,222238,California
Contra Costa,2021-02-26,10773,338026,6800,191466,3973,146560,0,0,5341,117338,5417,110242,5342,227580,California
Contra Costa,2021-02-27,6796,344822,4371,195837,2425,148985,0,0,4260,119072,2528,112770,4262,231842,California
Contra Costa,2021-02-28,3813,348635,3136,198973,677,149662,0,0,3213,121689,597,113367,3214,235056,California
Contra Costa,2021-03-01,8243,356878,6209,205182,2029,151691,5,5,5081,123631,3146,116513,5088,240144,California
Contra Costa,2021-03-02,10654,367532,6816,211998,3837,155528,1,6,5711,124417,4927,121440,5713,245857,California
Contra Costa,2021-03-03,11318,378850,7111,219109,4206,159734,1,7,6380,125877,4923,126363,6383,252240,California
Contra Costa,2021-03-04,11980,390830,7164,226273,4815,164549,1,8,6226,126370,5734,132097,6227,258467,California
Contra Costa,2021-03-05,11500,402330,6913,233186,4580,169129,7,15,6610,128115,4872,136969,6617,265084,California
Contra Costa,2021-03-06,7504,409834,4206,237392,2988,172117,310,325,4911,130754,2580,139549,5219,270303,California
Contra Costa,2021-03-07,3831,413665,2459,239851,1310,173427,62,387,3151,133289,678,140227,3213,273516,California
Contra Costa,2021-03-08,8240,421905,3926,243777,4010,177437,304,691,5533,136434,2696,142923,5841,279357,California
Contra Costa,2021-03-09,11174,433079,5931,249708,4947,182384,296,987,5854,137276,5310,148233,6152,285509,California
Contra Costa,2021-03-10,12440,445519,6216,255924,4721,187105,1503,2490,5675,137690,6753,154986,7167,292676,California
Contra Costa,2021-03-11,12517,458036,6589,262513,5362,192467,566,3056,6386,138534,6108,161094,6952,299628,California
Contra Costa,2021-03-12,12658,470694,5226,267739,6869,199336,563,3619,6319,139090,6324,167418,6880,306508,California
Contra Costa,2021-03-13,7862,478556,3157,270896,4278,203614,427,4046,3114,137899,4729,172147,3538,310046,California
Contra Costa,2021-03-14,4451,483007,2638,273534,1325,204939,488,4534,1719,137381,2724,174871,2206,312252,California
Contra Costa,2021-03-15,9477,492484,5147,278681,3573,208512,757,5291,4759,138195,4701,179572,5515,317767,California
Contra Costa,2021-03-16,14348,506832,8550,287231,5398,213910,400,5691,7152,138573,7173,186745,7551,325318,California
Contra Costa,2021-03-17,15083,521915,10417,297648,4451,218361,215,5906,8549,140832,6511,193256,8770,334088,California
Contra Costa,2021-03-18,15475,537390,8633,306281,6358,224719,484,6390,8809,143491,6632,199888,9291,343379,California
Contra Costa,2021-03-19,15692,553082,9074,315355,5216,229935,1402,7792,8324,145872,7350,207238,9731,353110,California
Contra Costa,2021-03-20,10745,563827,6452,321807,3981,233916,312,8104,5153,145765,5573,212811,5466,358576,California
Contra Costa,2021-03-21,4562,568389,3988,325795,476,234392,98,8202,2098,145506,2454,215265,2195,360771,California
Contra Costa,2021-03-22,11649,580038,8799,334594,2595,236987,255,8457,7018,148163,4615,219880,7272,368043,California
Contra Costa,2021-03-23,15702,595740,10835,345429,4695,241682,172,8629,9121,150905,6552,226432,9294,377337,California
Contra Costa,2021-03-24,15082,610822,11770,357199,3098,244780,214,8843,9138,154349,5912,232344,9356,386693,California
Contra Costa,2021-03-25,15387,626209,12007,369206,3093,247873,287,9130,9425,158134,5925,238269,9710,396403,California
Contra Costa,2021-03-26,15116,641325,10863,380069,3851,251724,402,9532,8689,160820,6400,244669,9086,405489,California
Contra Costa,2021-03-27,10572,651897,6879,386948,3180,254904,513,10045,5623,162010,4939,249608,6129,411618,California
Contra Costa,2021-03-28,4235,656132,3027,389975,1155,256059,53,10098,1616,161072,2607,252215,1669,413287,California
Contra Costa,2021-03-29,10932,667064,8537,398512,2279,258338,116,10214,6956,164189,3957,256172,7074,420361,California
Contra Costa,2021-03-30,16823,683887,9207,407719,6262,264600,1354,11568,10378,169491,6426,262598,11728,432089,California
Contra Costa,2021-03-31,18063,701950,12653,420372,3967,268567,1443,13011,11384,175678,6637,269235,12824,444913,California
Contra Costa,2021-04-01,17622,719572,12318,432690,3915,272482,1389,14400,11442,182357,6150,275385,12829,457742,California
Contra Costa,2021-04-02,17529,737101,12922,445612,3579,276061,1028,15428,11619,189107,5898,281283,12648,470390,California
Contra Costa,2021-04-03,10882,747983,6501,452113,2827,278888,1554,16982,6220,192232,4648,285931,7773,478163,California
Contra Costa,2021-04-04,3348,751331,1327,453440,1425,280313,596,17578,847,191182,2493,288424,1443,479606,California
Contra Costa,2021-04-05,12132,763463,7918,461358,3235,283548,979,18557,6600,193245,5518,293942,7581,487187,California
Contra Costa,2021-04-06,17329,780792,12004,473362,3033,286581,2292,20849,9724,197676,7584,301526,12015,499202,California
Contra Costa,2021-04-07,18607,799399,12599,485961,3186,289767,2822,23671,10567,203082,8019,309545,13425,512627,California
Contra Costa,2021-04-08,18719,818118,12482,498443,3317,293084,2920,26591,10052,207409,8640,318185,12967,525594,California
Contra Costa,2021-04-09,18865,836983,12046,510489,4321,297405,2498,29089,10112,211291,8727,326912,12609,538203,California
Contra Costa,2021-04-10,10540,847523,3809,514298,2167,299572,4564,33653,3281,211882,7242,334154,7833,546036,California
Contra Costa,2021-04-11,3330,850853,1988,516286,686,300258,656,34309,1116,211445,2208,336362,1771,547807,California
Contra Costa,2021-04-12,11892,862745,7854,524140,2974,303232,1064,35373,5578,211793,6299,342661,6647,554454,California
Contra Costa,2021-04-13,17787,880532,10913,535053,6867,310099,7,35380,11854,217749,5910,348571,11866,566320,California
Contra Costa,2021-04-14,17579,898111,11039,546092,6539,316638,1,35381,9715,219628,7840,356411,9719,576039,California
Contra Costa,2021-04-15,17504,915615,10744,556836,6759,323397,1,35382,8096,218365,9379,365790,8116,584155,California
Contra Costa,2021-04-16,16869,932484,10530,567366,6337,329734,2,35384,7569,216667,9276,375066,7578,591733,California
Contra Costa,2021-04-17,11440,943924,6289,573655,5151,334885,0,35384,6130,217509,5295,380361,6137,597870,California
Contra Costa,2021-04-18,2748,946672,2119,575774,629,335514,0,35384,1780,218330,959,381320,1780,599650,California
Contra Costa,2021-04-19,11381,958053,8508,584282,2873,338387,0,35384,3574,214125,7781,389101,3576,603226,California
Contra Costa,2021-04-20,16658,974711,10825,595107,5833,344220,0,35384,6240,209982,10387,399488,6244,609470,California
Contra Costa,2021-04-21,17329,992040,14137,609244,3191,347411,1,35385,6156,205009,11137,410625,6164,615634,California
Contra Costa,2021-04-22,17150,1009190,13881,623125,3267,350678,2,35387,6051,200003,11068,421693,6062,621696,California
Contra Costa,2021-04-23,16993,1026183,13500,636625,3493,354171,0,35387,5481,194013,11479,433172,5489,627185,California
Contra Costa,2021-04-24,10926,1037109,8424,645049,2501,356672,1,35388,4176,191464,6729,439901,4180,631365,California
Contra Costa,2021-04-25,3248,1040357,2190,647239,1056,357728,2,35390,2056,192333,1192,441093,2061,633426,California
Contra Costa,2021-04-26,9796,1050153,8204,655443,1568,359296,24,35414,2866,188323,6912,448005,2902,636328,California
Contra Costa,2021-04-27,14471,1064624,10597,666040,3716,363012,158,35572,3882,181805,10568,458573,4050,640378,California
Contra Costa,2021-04-28,13847,1078471,10765,676805,2795,365807,287,35859,3457,175200,10356,468929,3751,644129,California
Contra Costa,2021-04-29,13029,1091500,10082,686887,2777,368584,170,36029,2837,168046,10167,479096,3013,647142,California
Contra Costa,2021-04-30,13686,1105186,10788,697675,2641,371225,257,36286,3094,160839,10562,489658,3355,650497,California
Contra Costa,2021-05-01,8025,1113211,5853,703528,1848,373073,324,36610,1915,156988,6090,495748,2239,652736,California
Contra Costa,2021-05-02,2333,1115544,1585,705113,668,373741,80,36690,992,156731,1329,497077,1072,653808,California
Contra Costa,2021-05-03,9113,1124657,8016,713129,922,374663,175,36865,1927,151666,7171,504248,2106,655914,California
Contra Costa,2021-05-04,14071,1138728,12141,725270,1602,376265,328,37193,2289,142525,11758,516006,2617,658531,California
Contra Costa,2021-05-05,12505,1151233,10783,736053,1522,377787,200,37393,2399,135045,10080,526086,2600,661131,California
Contra Costa,2021-05-06,10282,1161515,8537,744590,1415,379202,330,37723,1946,129018,8311,534397,2284,663415,California
Contra Costa,2021-05-07,9617,1171132,7731,752321,1662,380864,224,37947,2215,124085,7369,541766,2436,665851,California
Contra Costa,2021-05-08,5284,1176416,3978,756299,1138,382002,168,38115,1247,121484,4020,545786,1419,667270,California
Contra Costa,2021-05-09,2102,1178518,1772,758071,270,382272,60,38175,454,120357,1644,547430,517,667787,California
Contra Costa,2021-05-10,4927,1183445,3947,762018,762,383034,218,38393,1344,118357,3561,550991,1561,669348,California
Contra Costa,2021-05-11,8695,1192140,4523,766541,3943,386977,229,38622,1709,113335,6966,557957,1944,671292,California
Contra Costa,2021-05-12,9000,1201140,4568,771109,4186,391163,246,38868,1549,107708,7427,565384,1800,673092,California
Contra Costa,2021-05-13,11306,1212446,7468,778577,3655,394818,183,39051,3938,104486,7343,572727,4121,677213,California
Contra Costa,2021-05-14,12107,1224553,8056,786633,3772,398590,279,39330,5010,102705,7070,579797,5289,682502,California
Contra Costa,2021-05-15,9945,1234498,7215,793848,2611,401201,119,39449,4388,101671,5543,585340,4509,687011,California
Contra Costa,2021-05-16,2427,1236925,2118,795966,264,401465,45,39494,1087,101469,1334,586674,1132,688143,California
Contra Costa,2021-05-17,7003,1243928,5651,801617,1182,402647,170,39664,3594,101845,3389,590063,3765,691908,California
Contra Costa,2021-05-18,10182,1254110,6958,808575,3008,405655,216,39880,4485,100879,5670,595733,4704,696612,California
Contra Costa,2021-05-19,8422,1262532,6814,815389,1417,407072,191,40071,4078,100829,4325,600058,4275,700887,California
Contra Costa,2021-05-20,6552,1269084,5189,820578,1186,408258,177,40248,3265,101002,3268,603326,3441,704328,California
Contra Costa,2021-05-21,6413,1275497,4893,825471,1328,409586,192,40440,2917,100642,3470,606796,3110,707438,California
Contra Costa,2021-05-22,4495,1279992,3548,829019,791,410377,156,40596,2135,100591,2345,609141,2294,709732,California
Contra Costa,2021-05-23,921,1280913,608,829627,267,410644,46,40642,431,100582,487,609628,478,710210,California
Contra Costa,2021-05-24,4605,1285518,3801,833428,626,411270,178,40820,2167,100502,2428,612056,2348,712558,California
Contra Costa,2021-05-25,6192,1291710,5052,838480,898,412168,242,41062,2648,99863,3528,615584,2889,715447,California
Contra Costa,2021-05-26,5524,1297234,3538,842018,1804,413972,182,41244,1939,98424,3561,619145,2122,717569,California
Contra Costa,2021-05-27,2540,1299774,1884,843902,537,414509,119,41363,1087,98188,1443,620588,1207,718776,California
Del Norte,2020-12-21,23,23,23,23,0,0,0,0,23,23,0,0,23,23,California
Del Norte,2020-12-22,45,68,45,68,0,0,0,0,45,68,0,0,45,68,California
Del Norte,2020-12-23,58,126,48,116,10,10,0,0,56,124,0,0,56,124,California
Del Norte,2020-12-28,34,160,34,150,0,10,0,0,34,158,0,0,34,158,California
Del Norte,2020-12-29,4,164,4,154,0,10,0,0,4,162,0,0,4,162,California
Del Norte,2020-12-30,67,231,55,209,12,22,0,0,68,230,0,0,68,230,California
Del Norte,2020-12-31,16,247,13,222,3,25,0,0,16,246,0,0,16,246,California
Del Norte,2021-01-04,102,349,49,271,53,78,0,0,102,348,0,0,102,348,California
Del Norte,2021-01-05,33,382,0,271,33,111,0,0,32,380,1,1,33,381,California
Del Norte,2021-01-06,77,459,18,289,59,170,0,0,77,457,0,1,77,458,California
Del Norte,2021-01-07,21,480,1,290,20,190,0,0,21,478,0,1,21,479,California
Del Norte,2021-01-08,77,557,7,297,70,260,0,0,77,555,0,1,77,556,California
Del Norte,2021-01-11,40,597,21,318,19,279,0,0,18,552,22,23,19,575,California
Del Norte,2021-01-12,50,647,31,349,19,298,0,0,30,562,20,43,30,605,California
Del Norte,2021-01-13,86,733,40,389,46,344,0,0,53,582,33,76,53,658,California
Del Norte,2021-01-14,52,785,14,403,38,382,0,0,46,622,6,82,46,704,California
Del Norte,2021-01-15,107,892,18,421,89,471,0,0,95,705,12,94,95,799,California
Del Norte,2021-01-17,1,893,1,422,0,471,0,0,1,706,0,94,1,800,California
Del Norte,2021-01-18,2,895,0,422,2,473,0,0,2,708,0,94,2,802,California
Del Norte,2021-01-19,119,1014,56,478,63,536,0,0,77,743,42,136,77,879,California
Del Norte,2021-01-20,159,1173,84,562,75,611,0,0,96,777,62,198,96,975,California
Del Norte,2021-01-21,43,1216,40,602,3,614,0,0,32,798,11,209,32,1007,California
Del Norte,2021-01-22,20,1236,17,619,3,617,0,0,13,804,7,216,13,1020,California
Del Norte,2021-01-23,1,1237,0,619,1,618,0,0,1,805,0,216,1,1021,California
Del Norte,2021-01-24,1,1238,0,619,1,619,0,0,1,806,0,216,1,1022,California
Del Norte,2021-01-25,100,1338,82,701,18,637,0,0,56,818,44,260,56,1078,California
Del Norte,2021-01-26,18,1356,11,712,7,644,0,0,7,814,11,271,7,1085,California
Del Norte,2021-01-27,64,1420,21,733,43,687,0,0,61,872,3,274,61,1146,California
Del Norte,2021-01-28,292,1712,20,753,272,959,0,0,287,1154,5,279,287,1433,California
Del Norte,2021-01-29,61,1773,21,774,40,999,0,0,43,1179,18,297,43,1476,California
Del Norte,2021-01-30,8,1781,1,775,7,1006,0,0,8,1187,0,297,8,1484,California
Del Norte,2021-02-01,41,1822,1,776,40,1046,0,0,26,1198,15,312,26,1510,California
Del Norte,2021-02-02,141,1963,34,810,107,1153,0,0,73,1204,67,379,73,1583,California
Del Norte,2021-02-03,126,2089,40,850,86,1239,0,0,71,1220,55,434,71,1654,California
Del Norte,2021-02-04,71,2160,29,879,42,1281,0,0,42,1233,29,463,42,1696,California
Del Norte,2021-02-05,184,2344,22,901,162,1443,0,0,119,1288,64,527,119,1815,California
Del Norte,2021-02-06,310,2654,4,905,306,1749,0,0,310,1598,0,527,310,2125,California
Del Norte,2021-02-07,1,2655,0,905,1,1750,0,0,1,1599,0,527,1,2126,California
Del Norte,2021-02-08,36,2691,1,906,35,1785,0,0,32,1627,4,531,32,2158,California
Del Norte,2021-02-09,8,2699,5,911,3,1788,0,0,2,1623,6,537,2,2160,California
Del Norte,2021-02-10,142,2841,20,931,122,1910,0,0,85,1652,56,593,85,2245,California
Del Norte,2021-02-11,177,3018,59,990,118,2028,0,0,64,1603,113,706,64,2309,California
Del Norte,2021-02-12,121,3139,14,1004,107,2135,0,0,67,1616,54,760,67,2376,California
Del Norte,2021-02-13,2,3141,1,1005,1,2136,0,0,2,1618,0,760,2,2378,California
Del Norte,2021-02-14,3,3144,1,1006,2,2138,0,0,2,1619,1,761,2,2380,California
Del Norte,2021-02-15,4,3148,0,1006,4,2142,0,0,2,1619,2,763,2,2382,California
Del Norte,2021-02-16,132,3280,1,1007,131,2273,0,0,13,1513,119,882,13,2395,California
Del Norte,2021-02-17,92,3372,20,1027,72,2345,0,0,25,1471,67,949,25,2420,California
Del Norte,2021-02-18,77,3449,24,1051,53,2398,0,0,51,1496,26,975,51,2471,California
Del Norte,2021-02-19,43,3492,17,1068,26,2424,0,0,33,1519,10,985,33,2504,California
Del Norte,2021-02-20,8,3500,5,1073,3,2427,0,0,6,1523,2,987,6,2510,California
Del Norte,2021-02-22,2,3502,0,1073,2,2429,0,0,2,1525,0,987,2,2512,California
Del Norte,2021-02-23,107,3609,89,1162,18,2447,0,0,31,1481,76,1063,32,2544,California
Del Norte,2021-02-24,152,3761,98,1260,54,2501,0,0,79,1487,73,1136,79,2623,California
Del Norte,2021-02-25,477,4238,131,1391,346,2847,0,0,213,1438,262,1398,213,2836,California
Del Norte,2021-02-26,213,4451,176,1567,37,2884,0,0,167,1559,46,1444,167,3003,California
Del Norte,2021-02-27,149,4600,143,1710,5,2889,1,1,141,1693,8,1452,142,3145,California
Del Norte,2021-02-28,3,4603,0,1710,3,2892,0,1,3,1696,0,1452,3,3148,California
Del Norte,2021-03-01,29,4632,2,1712,27,2919,0,1,4,1676,24,1476,4,3152,California
Del Norte,2021-03-02,222,4854,142,1854,80,2999,0,1,188,1830,34,1510,188,3340,California
Del Norte,2021-03-03,167,5021,99,1953,68,3067,0,1,126,1915,41,1551,126,3466,California
Del Norte,2021-03-04,120,5141,83,2036,37,3104,0,1,91,1978,28,1579,91,3557,California
Del Norte,2021-03-05,121,5262,11,2047,110,3214,0,1,73,2003,48,1627,73,3630,California
Del Norte,2021-03-06,464,5726,77,2124,338,3552,49,50,163,1872,301,1928,170,3800,California
Del Norte,2021-03-07,2,5728,1,2125,1,3553,0,50,1,1872,1,1929,1,3801,California
Del Norte,2021-03-08,28,5756,1,2126,25,3578,2,52,5,1856,23,1952,7,3808,California
Del Norte,2021-03-09,194,5950,113,2239,78,3656,3,55,183,2031,11,1963,186,3994,California
Del Norte,2021-03-10,233,6183,96,2335,109,3765,28,83,134,2094,99,2062,162,4156,California
Del Norte,2021-03-11,151,6334,55,2390,91,3856,5,88,103,2154,48,2110,108,4264,California
Del Norte,2021-03-12,178,6512,89,2479,89,3945,0,88,125,2226,53,2163,125,4389,California
Del Norte,2021-03-13,94,6606,93,2572,1,3946,0,88,91,2314,3,2166,91,4480,California
Del Norte,2021-03-14,1,6607,0,2572,1,3947,0,88,1,2314,1,2167,1,4481,California
Del Norte,2021-03-15,39,6646,0,2572,38,3985,1,89,34,2344,5,2172,35,4516,California
Del Norte,2021-03-16,281,6927,135,2707,146,4131,0,89,260,2583,21,2193,260,4776,California
Del Norte,2021-03-17,282,7209,95,2802,185,4316,2,91,168,2639,114,2307,170,4946,California
Del Norte,2021-03-18,285,7494,107,2909,175,4491,3,94,149,2656,135,2442,152,5098,California
Del Norte,2021-03-19,267,7761,159,3068,102,4593,6,100,91,2577,176,2618,97,5195,California
Del Norte,2021-03-20,157,7918,154,3222,3,4596,0,100,15,2450,142,2760,15,5210,California
Del Norte,2021-03-21,4,7922,2,3224,2,4598,0,100,2,2450,2,2762,2,5212,California
Del Norte,2021-03-22,43,7965,3,3227,39,4637,1,101,39,2487,3,2765,40,5252,California
Del Norte,2021-03-23,335,8300,164,3391,153,4790,18,119,164,2499,169,2934,181,5433,California
Del Norte,2021-03-24,396,8696,107,3498,249,5039,40,159,235,2613,161,3095,275,5708,California
Del Norte,2021-03-25,192,8888,88,3586,104,5143,0,159,84,2590,107,3202,84,5792,California
Del Norte,2021-03-26,234,9122,113,3699,121,5264,0,159,197,2750,37,3239,197,5989,California
Del Norte,2021-03-27,107,9229,86,3785,4,5268,17,176,17,2694,90,3329,34,6023,California
Del Norte,2021-03-28,4,9233,2,3787,2,5270,0,176,1,2692,3,3332,1,6024,California
Del Norte,2021-03-29,57,9290,6,3793,34,5304,17,193,32,2716,25,3357,49,6073,California
Del Norte,2021-03-30,340,9630,119,3912,210,5514,11,204,128,2643,212,3569,139,6212,California
Del Norte,2021-03-31,353,9983,100,4012,236,5750,17,221,198,2705,153,3722,215,6427,California
Del Norte,2021-04-01,164,10147,58,4070,72,5822,34,255,69,2714,94,3816,103,6530,California
Del Norte,2021-04-02,232,10379,79,4149,104,5926,49,304,49,2630,183,3999,99,6629,California
Del Norte,2021-04-03,108,10487,83,4232,2,5928,23,327,5,2556,102,4101,28,6657,California
Del Norte,2021-04-04,4,10491,0,4232,0,5928,4,331,0,2556,4,4105,4,6661,California
Del Norte,2021-04-05,47,10538,5,4237,38,5966,4,335,40,2593,7,4112,44,6705,California
Del Norte,2021-04-06,379,10917,120,4357,222,6188,37,372,146,2548,229,4341,184,6889,California
Del Norte,2021-04-07,436,11353,115,4472,260,6448,61,433,290,2753,146,4487,351,7240,California
Del Norte,2021-04-08,228,11581,54,4526,106,6554,68,501,105,2804,123,4610,174,7414,California
Del Norte,2021-04-09,206,11787,46,4572,83,6637,77,578,99,2872,106,4716,174,7588,California
Del Norte,2021-04-10,47,11834,26,4598,4,6641,17,595,27,2896,20,4736,44,7632,California
Del Norte,2021-04-11,12,11846,3,4601,2,6643,7,602,2,2895,10,4746,9,7641,California
Del Norte,2021-04-12,27,11873,1,4602,9,6652,17,619,1,2888,25,4771,18,7659,California
Del Norte,2021-04-13,298,12171,50,4652,248,6900,0,619,155,2900,143,4914,155,7814,California
Del Norte,2021-04-14,327,12498,23,4675,304,7204,0,619,138,2854,189,5103,143,7957,California
Del Norte,2021-04-15,164,12662,31,4706,133,7337,0,619,45,2781,119,5222,46,8003,California
Del Norte,2021-04-16,161,12823,40,4746,121,7458,0,619,59,2739,102,5324,60,8063,California
Del Norte,2021-04-17,103,12926,71,4817,32,7490,0,619,98,2832,5,5329,98,8161,California
Del Norte,2021-04-18,5,12931,4,4821,1,7491,0,619,4,2835,1,5330,4,8165,California
Del Norte,2021-04-19,50,12981,6,4827,44,7535,0,619,8,2801,42,5372,8,8173,California
Del Norte,2021-04-20,208,13189,40,4867,168,7703,0,619,73,2739,135,5507,73,8246,California
Del Norte,2021-04-21,288,13477,23,4890,265,7968,0,619,63,2581,224,5731,66,8312,California
Del Norte,2021-04-22,114,13591,15,4905,99,8067,0,619,62,2591,52,5783,62,8374,California
Del Norte,2021-04-23,153,13744,22,4927,131,8198,0,619,40,2518,113,5896,40,8414,California
Del Norte,2021-04-24,25,13769,14,4941,11,8209,0,619,20,2533,5,5901,20,8434,California
Del Norte,2021-04-25,2,13771,0,4941,2,8211,0,619,2,2535,0,5901,2,8436,California
Del Norte,2021-04-26,31,13802,0,4941,31,8242,0,619,9,2522,22,5923,9,8445,California
Del Norte,2021-04-27,181,13983,19,4960,157,8399,5,624,49,2444,132,6055,54,8499,California
Del Norte,2021-04-28,351,14334,100,5060,246,8645,5,629,63,2226,287,6342,69,8568,California
Del Norte,2021-04-29,93,14427,6,5066,83,8728,4,633,26,2189,67,6409,30,8598,California
Del Norte,2021-04-30,83,14510,6,5072,67,8795,10,643,44,2204,39,6448,54,8652,California
Del Norte,2021-05-01,8,14518,3,5075,5,8800,0,643,6,2208,2,6450,6,8658,California
Del Norte,2021-05-02,8,14526,0,5075,8,8808,0,643,8,2216,0,6450,8,8666,California
Del Norte,2021-05-03,40,14566,3,5078,34,8842,3,646,2,2184,37,6487,5,8671,California
Del Norte,2021-05-04,221,14787,36,5114,180,9022,5,651,46,2061,174,6661,51,8722,California
Del Norte,2021-05-05,231,15018,19,5133,204,9226,8,659,56,1950,175,6836,64,8786,California
Del Norte,2021-05-06,111,15129,24,5157,74,9300,13,672,26,1904,85,6921,39,8825,California
Del Norte,2021-05-07,152,15281,29,5186,119,9419,4,676,32,1820,120,7041,36,8861,California
Del Norte,2021-05-08,64,15345,55,5241,7,9426,2,678,7,1772,57,7098,9,8870,California
Del Norte,2021-05-09,9,15354,3,5244,3,9429,3,681,2,1770,7,7105,5,8875,California
Del Norte,2021-05-10,25,15379,3,5247,18,9447,4,685,15,1779,10,7115,19,8894,California
Del Norte,2021-05-11,170,15549,49,5296,119,9566,2,687,33,1677,137,7252,35,8929,California
Del Norte,2021-05-12,148,15697,23,5319,115,9681,10,697,27,1594,120,7372,37,8966,California
Del Norte,2021-05-13,60,15757,29,5348,30,9711,1,698,32,1599,28,7400,33,8999,California
Del Norte,2021-05-14,77,15834,27,5375,49,9760,1,699,42,1607,35,7435,43,9042,California
Del Norte,2021-05-15,81,15915,53,5428,28,9788,0,699,53,1632,28,7463,53,9095,California
Del Norte,2021-05-16,11,15926,0,5428,11,9799,0,699,11,1643,0,7463,11,9106,California
Del Norte,2021-05-17,27,15953,3,5431,20,9819,4,703,15,1650,12,7475,19,9125,California
Del Norte,2021-05-18,126,16079,68,5499,57,9876,1,704,80,1685,46,7521,81,9206,California
Del Norte,2021-05-19,96,16175,14,5513,66,9942,16,720,38,1681,58,7579,54,9260,California
Del Norte,2021-05-20,98,16273,31,5544,64,10006,3,723,39,1665,58,7637,42,9302,California
Del Norte,2021-05-21,78,16351,32,5576,42,10048,4,727,41,1673,37,7674,45,9347,California
Del Norte,2021-05-22,21,16372,7,5583,14,10062,0,727,8,1668,13,7687,8,9355,California
Del Norte,2021-05-23,11,16383,4,5587,7,10069,0,727,4,1665,7,7694,4,9359,California
Del Norte,2021-05-24,29,16412,11,5598,17,10086,1,728,18,1674,10,7704,19,9378,California
Del Norte,2021-05-25,45,16457,7,5605,30,10116,8,736,14,1667,29,7733,22,9400,California
Del Norte,2021-05-26,112,16569,36,5641,70,10186,6,742,51,1664,60,7793,57,9457,California
Del Norte,2021-05-27,46,16615,16,5657,29,10215,1,743,22,1663,24,7817,23,9480,California
El Dorado,2020-12-15,12,12,12,12,0,0,0,0,12,12,0,0,12,12,California
El Dorado,2020-12-16,40,52,40,52,0,0,0,0,40,52,0,0,40,52,California
El Dorado,2020-12-17,31,83,31,83,0,0,0,0,31,83,0,0,31,83,California
El Dorado,2020-12-18,238,321,238,321,0,0,0,0,238,321,0,0,238,321,California
El Dorado,2020-12-19,116,437,116,437,0,0,0,0,116,437,0,0,116,437,California
El Dorado,2020-12-20,85,522,85,522,0,0,0,0,85,522,0,0,85,522,California
El Dorado,2020-12-21,309,831,308,830,1,1,0,0,309,831,0,0,309,831,California
El Dorado,2020-12-22,238,1069,214,1044,24,25,0,0,238,1069,0,0,238,1069,California
El Dorado,2020-12-23,190,1259,141,1185,49,74,0,0,190,1259,0,0,190,1259,California
El Dorado,2020-12-24,88,1347,67,1252,21,95,0,0,88,1347,0,0,88,1347,California
El Dorado,2020-12-25,8,1355,8,1260,0,95,0,0,8,1355,0,0,8,1355,California
El Dorado,2020-12-26,45,1400,27,1287,18,113,0,0,45,1400,0,0,45,1400,California
El Dorado,2020-12-27,37,1437,33,1320,4,117,0,0,37,1437,0,0,37,1437,California
El Dorado,2020-12-28,213,1650,166,1486,47,164,0,0,213,1650,0,0,213,1650,California
El Dorado,2020-12-29,460,2110,143,1629,317,481,0,0,460,2110,0,0,460,2110,California
El Dorado,2020-12-30,505,2615,136,1765,369,850,0,0,505,2615,0,0,505,2615,California
El Dorado,2020-12-31,110,2725,70,1835,40,890,0,0,110,2725,0,0,110,2725,California
El Dorado,2021-01-01,7,2732,4,1839,3,893,0,0,7,2732,0,0,7,2732,California
El Dorado,2021-01-02,153,2885,141,1980,12,905,0,0,153,2885,0,0,153,2885,California
El Dorado,2021-01-03,92,2977,17,1997,75,980,0,0,92,2977,0,0,92,2977,California
El Dorado,2021-01-04,190,3167,62,2059,128,1108,0,0,190,3167,0,0,190,3167,California
El Dorado,2021-01-05,228,3395,72,2131,156,1264,0,0,212,3363,16,16,212,3379,California
El Dorado,2021-01-06,239,3634,167,2298,72,1336,0,0,175,3474,64,80,175,3554,California
El Dorado,2021-01-07,332,3966,137,2435,195,1531,0,0,261,3664,71,151,261,3815,California
El Dorado,2021-01-08,977,4943,503,2938,474,2005,0,0,772,4232,205,356,773,4588,California
El Dorado,2021-01-09,193,5136,156,3094,37,2042,0,0,125,4289,68,424,125,4713,California
El Dorado,2021-01-10,179,5315,128,3222,51,2093,0,0,109,4329,70,494,110,4823,California
El Dorado,2021-01-11,659,5974,293,3515,366,2459,0,0,459,4590,199,693,460,5283,California
El Dorado,2021-01-12,806,6780,423,3938,383,2842,0,0,557,4898,249,942,557,5840,California
El Dorado,2021-01-13,702,7482,298,4236,404,3246,0,0,541,5278,161,1103,541,6381,California
El Dorado,2021-01-14,792,8274,220,4456,572,3818,0,0,697,5880,95,1198,697,7078,California
El Dorado,2021-01-15,790,9064,184,4640,606,4424,0,0,718,6526,72,1270,718,7796,California
El Dorado,2021-01-16,173,9237,103,4743,70,4494,0,0,146,6645,27,1297,146,7942,California
El Dorado,2021-01-17,99,9336,46,4789,53,4547,0,0,82,6710,17,1314,82,8024,California
El Dorado,2021-01-18,423,9759,140,4929,283,4830,0,0,354,6995,69,1383,354,8378,California
El Dorado,2021-01-19,754,10513,453,5382,301,5131,0,0,604,7450,150,1533,605,8983,California
El Dorado,2021-01-20,1014,11527,689,6071,325,5456,0,0,901,8239,112,1645,901,9884,California
El Dorado,2021-01-21,1265,12792,678,6749,587,6043,0,0,1057,9129,167,1812,1057,10941,California
El Dorado,2021-01-22,1228,14020,833,7582,395,6438,0,0,1174,10250,53,1865,1174,12115,California
El Dorado,2021-01-23,737,14757,615,8197,122,6560,0,0,626,10765,111,1976,626,12741,California
El Dorado,2021-01-24,126,14883,76,8273,50,6610,0,0,107,10853,19,1995,107,12848,California
El Dorado,2021-01-25,700,15583,293,8566,407,7017,0,0,613,11379,87,2082,613,13461,California
El Dorado,2021-01-26,676,16259,365,8931,311,7328,0,0,573,11849,103,2185,573,14034,California
El Dorado,2021-01-27,991,17250,389,9320,602,7930,0,0,653,12163,339,2524,653,14687,California
El Dorado,2021-01-28,1106,18356,452,9772,654,8584,0,0,745,12547,361,2885,745,15432,California
El Dorado,2021-01-29,1044,19400,556,10328,488,9072,0,0,752,13009,291,3176,753,16185,California
El Dorado,2021-01-30,542,19942,290,10618,252,9324,0,0,445,13358,96,3272,445,16630,California
El Dorado,2021-01-31,235,20177,214,10832,21,9345,0,0,183,13490,51,3323,183,16813,California
El Dorado,2021-02-01,798,20975,368,11200,430,9775,0,0,653,13998,145,3468,653,17466,California
El Dorado,2021-02-02,839,21814,367,11567,472,10247,0,0,676,14511,163,3631,676,18142,California
El Dorado,2021-02-03,902,22716,476,12043,426,10673,0,0,690,14989,212,3843,690,18832,California
El Dorado,2021-02-04,1244,23960,701,12744,543,11216,0,0,872,15489,372,4215,872,19704,California
El Dorado,2021-02-05,1485,25445,599,13343,886,12102,0,0,862,15765,586,4801,862,20566,California
El Dorado,2021-02-06,637,26082,331,13674,306,12408,0,0,531,16191,106,4907,532,21098,California
El Dorado,2021-02-07,259,26341,177,13851,82,12490,0,0,195,16322,64,4971,195,21293,California
El Dorado,2021-02-08,883,27224,418,14269,465,12955,0,0,609,16657,274,5245,609,21902,California
El Dorado,2021-02-09,970,28194,546,14815,424,13379,0,0,539,16765,431,5676,539,22441,California
El Dorado,2021-02-10,1257,29451,735,15550,522,13901,0,0,664,16837,592,6268,664,23105,California
El Dorado,2021-02-11,2151,31602,889,16439,1262,15163,0,0,757,16204,1391,7659,758,23863,California
El Dorado,2021-02-12,1574,33176,824,17263,750,15913,0,0,674,15980,899,8558,675,24538,California
El Dorado,2021-02-13,979,34155,667,17930,312,16225,0,0,435,15874,541,9099,435,24973,California
El Dorado,2021-02-14,486,34641,155,18085,331,16556,0,0,399,16186,87,9186,399,25372,California
El Dorado,2021-02-15,1180,35821,382,18467,798,17354,0,0,817,16644,363,9549,821,26193,California
El Dorado,2021-02-16,1206,37027,532,18999,674,18028,0,0,671,16782,534,10083,672,26865,California
El Dorado,2021-02-17,952,37979,419,19418,533,18561,0,0,459,16750,493,10576,461,27326,California
El Dorado,2021-02-18,2094,40073,1020,20438,1074,19635,0,0,1059,16775,1034,11610,1059,28385,California
El Dorado,2021-02-19,1210,41283,643,21081,567,20202,0,0,676,16918,533,12143,676,29061,California
El Dorado,2021-02-20,924,42207,440,21521,484,20686,0,0,671,17341,248,12391,671,29732,California
El Dorado,2021-02-21,284,42491,227,21748,57,20743,0,0,100,17257,184,12575,100,29832,California
El Dorado,2021-02-22,875,43366,439,22187,436,21179,0,0,273,16929,601,13176,273,30105,California
El Dorado,2021-02-23,846,44212,473,22660,373,21552,0,0,338,16760,507,13683,338,30443,California
El Dorado,2021-02-24,1027,45239,438,23098,589,22141,0,0,425,16584,602,14285,426,30869,California
El Dorado,2021-02-25,1891,47130,1140,24238,751,22892,0,0,674,16050,1210,15495,676,31545,California
El Dorado,2021-02-26,2356,49486,1481,25719,875,23767,0,0,1585,16867,768,16263,1585,33130,California
El Dorado,2021-02-27,1663,51149,440,26159,1223,24990,0,0,1222,17651,438,16701,1222,34352,California
El Dorado,2021-02-28,592,51741,206,26365,386,25376,0,0,435,17930,157,16858,436,34788,California
El Dorado,2021-03-01,1134,52875,448,26813,684,26060,2,2,624,18047,509,17367,626,35414,California
El Dorado,2021-03-02,924,53799,269,27082,655,26715,0,2,484,18093,438,17805,484,35898,California
El Dorado,2021-03-03,1691,55490,465,27547,1226,27941,0,2,1154,18720,530,18335,1157,37055,California
El Dorado,2021-03-04,2514,58004,1549,29096,965,28906,0,2,1195,18599,1316,19651,1195,38250,California
El Dorado,2021-03-05,1580,59584,426,29522,1149,30055,5,7,1044,19118,530,20181,1049,39299,California
El Dorado,2021-03-06,741,60325,213,29735,493,30548,35,42,393,19199,347,20528,428,39727,California
El Dorado,2021-03-07,406,60731,197,29932,191,30739,18,60,242,19297,162,20690,260,39987,California
El Dorado,2021-03-08,1329,62060,365,30297,892,31631,72,132,860,19762,466,21156,931,40918,California
El Dorado,2021-03-09,989,63049,231,30528,691,32322,67,199,587,20029,387,21543,654,41572,California
El Dorado,2021-03-10,951,64000,345,30873,550,32872,56,255,548,20236,396,21939,603,42175,California
El Dorado,2021-03-11,3019,67019,1833,32706,1004,33876,182,437,1285,19989,1713,23652,1466,43641,California
El Dorado,2021-03-12,1785,68804,620,33326,918,34794,247,684,744,19958,1023,24675,992,44633,California
El Dorado,2021-03-13,1066,69870,344,33670,440,35234,282,966,375,19925,688,25363,655,45288,California
El Dorado,2021-03-14,794,70664,208,33878,474,35708,112,1078,279,19801,515,25878,391,45679,California
El Dorado,2021-03-15,1401,72065,304,34182,971,36679,126,1204,612,19755,785,26663,739,46418,California
El Dorado,2021-03-16,1220,73285,412,34594,663,37342,145,1349,571,19828,643,27306,716,47134,California
El Dorado,2021-03-17,1109,74394,349,34943,665,38007,95,1444,723,20261,385,27691,818,47952,California
El Dorado,2021-03-18,2997,77391,1773,36716,1179,39186,45,1489,1976,21269,1013,28704,2021,49973,California
El Dorado,2021-03-19,1119,78510,365,37081,607,39793,147,1636,641,21579,478,29182,788,50761,California
El Dorado,2021-03-20,949,79459,269,37350,663,40456,17,1653,369,21397,568,29750,386,51147,California
El Dorado,2021-03-21,1025,80484,418,37768,602,41058,5,1658,934,22247,89,29839,939,52086,California
El Dorado,2021-03-22,1507,81991,489,38257,936,41994,82,1740,1196,23219,306,30145,1278,53364,California
El Dorado,2021-03-23,1149,83140,452,38709,602,42596,95,1835,733,23642,405,30550,828,54192,California
El Dorado,2021-03-24,1459,84599,624,39333,639,43235,196,2031,665,23737,766,31316,861,55053,California
El Dorado,2021-03-25,2511,87110,1685,41018,723,43958,103,2134,1381,24098,1124,32440,1485,56538,California
El Dorado,2021-03-26,1820,88930,698,41716,1012,44970,110,2244,945,24301,853,33293,1056,57594,California
El Dorado,2021-03-27,1320,90250,188,41904,1128,46098,4,2248,334,23659,980,34273,338,57932,California
El Dorado,2021-03-28,635,90885,182,42086,443,46541,10,2258,203,23444,428,34701,213,58145,California
El Dorado,2021-03-29,1320,92205,433,42519,871,47412,16,2274,830,23803,487,35188,846,58991,California
El Dorado,2021-03-30,1364,93569,413,42932,858,48270,93,2367,684,23906,672,35860,775,59766,California
El Dorado,2021-03-31,1561,95130,582,43514,916,49186,63,2430,700,23809,859,36719,762,60528,California
El Dorado,2021-04-01,3239,98369,1769,45283,1387,50573,83,2513,1542,23741,1695,38414,1627,62155,California
El Dorado,2021-04-02,1889,100258,563,45846,1231,51804,95,2608,752,23458,1131,39545,848,63003,California
El Dorado,2021-04-03,752,101010,295,46141,335,52139,122,2730,231,23293,518,40063,353,63356,California
El Dorado,2021-04-04,272,101282,85,46226,140,52279,47,2777,98,23265,173,40236,145,63501,California
El Dorado,2021-04-05,1425,102707,425,46651,906,53185,94,2871,593,23124,827,41063,686,64187,California
El Dorado,2021-04-06,1415,104122,524,47175,670,53855,221,3092,454,22839,958,42021,673,64860,California
El Dorado,2021-04-07,1587,105709,557,47732,577,54432,453,3545,557,22819,1027,43048,1007,65867,California
El Dorado,2021-04-08,2680,108389,1729,49461,716,55148,235,3780,1117,22624,1554,44602,1359,67226,California
El Dorado,2021-04-09,1434,109823,452,49913,761,55909,221,4001,573,22560,858,45460,794,68020,California
El Dorado,2021-04-10,819,110642,224,50137,485,56394,110,4111,471,22796,345,45805,581,68601,California
El Dorado,2021-04-11,702,111344,454,50591,232,56626,16,4127,207,22525,494,46299,223,68824,California
El Dorado,2021-04-12,1277,112621,498,51089,630,57256,149,4276,559,22521,711,47010,707,69531,California
El Dorado,2021-04-13,1118,113739,609,51698,509,57765,0,4276,507,22421,607,47617,507,70038,California
El Dorado,2021-04-14,1085,114824,459,52157,625,58390,1,4277,386,22122,686,48303,387,70425,California
El Dorado,2021-04-15,2489,117313,1671,53828,818,59208,0,4277,953,21543,1533,49836,954,71379,California
El Dorado,2021-04-16,1467,118780,521,54349,946,60154,0,4277,603,21287,860,50696,604,71983,California
El Dorado,2021-04-17,791,119571,202,54551,589,60743,0,4277,491,21481,297,50993,491,72474,California
El Dorado,2021-04-18,991,120562,89,54640,902,61645,0,4277,395,21281,595,51588,395,72869,California
El Dorado,2021-04-19,1715,122277,438,55078,1277,62922,0,4277,690,20952,1019,52607,690,73559,California
El Dorado,2021-04-20,1110,123387,360,55438,750,63672,0,4277,461,20769,644,53251,461,74020,California
El Dorado,2021-04-21,1159,124546,466,55904,689,64361,4,4281,591,20801,560,53811,592,74612,California
El Dorado,2021-04-22,2549,127095,1679,57583,870,65231,0,4281,1067,20389,1479,55290,1067,75679,California
El Dorado,2021-04-23,1398,128493,491,58074,907,66138,0,4281,708,20411,687,55977,709,76388,California
El Dorado,2021-04-24,969,129462,516,58590,453,66591,0,4281,734,20912,233,56210,734,77122,California
El Dorado,2021-04-25,653,130115,449,59039,204,66795,0,4281,466,21191,187,56397,466,77588,California
El Dorado,2021-04-26,1140,131255,450,59489,673,67468,17,4298,537,21144,600,56997,553,78141,California
El Dorado,2021-04-27,1052,132307,375,59864,649,68117,28,4326,472,21070,574,57571,500,78641,California
El Dorado,2021-04-28,1032,133339,346,60210,646,68763,40,4366,403,20885,628,58199,443,79084,California
El Dorado,2021-04-29,1929,135268,1303,61513,594,69357,32,4398,538,20066,1389,59588,570,79654,California
El Dorado,2021-04-30,2120,137388,1331,62844,748,70105,41,4439,1360,20718,748,60336,1400,81054,California
El Dorado,2021-05-01,616,138004,282,63126,307,70412,27,4466,278,20692,331,60667,305,81359,California
El Dorado,2021-05-02,298,138302,212,63338,57,70469,29,4495,101,20627,194,60861,129,81488,California
El Dorado,2021-05-03,821,139123,402,63740,369,70838,50,4545,276,20411,543,61404,327,81815,California
El Dorado,2021-05-04,875,139998,431,64171,386,71224,58,4603,308,20214,563,61967,366,82181,California
El Dorado,2021-05-05,872,140870,430,64601,369,71593,73,4676,414,20245,456,62423,487,82668,California
El Dorado,2021-05-06,1113,141983,482,65083,584,72177,47,4723,475,20129,634,63057,518,83186,California
El Dorado,2021-05-07,978,142961,373,65456,547,72724,58,4781,399,20006,579,63636,456,83642,California
El Dorado,2021-05-08,484,143445,149,65605,298,73022,37,4818,186,19933,296,63932,223,83865,California
El Dorado,2021-05-09,218,143663,79,65684,112,73134,27,4845,100,19943,117,64049,127,83992,California
El Dorado,2021-05-10,828,144491,274,65958,495,73629,59,4904,241,19664,577,64626,298,84290,California
El Dorado,2021-05-11,660,145151,286,66244,320,73949,54,4958,290,19642,367,64993,345,84635,California
El Dorado,2021-05-12,585,145736,307,66551,243,74192,35,4993,235,19563,350,65343,271,84906,California
El Dorado,2021-05-13,1141,146877,732,67283,373,74565,36,5029,396,19254,740,66083,431,85337,California
El Dorado,2021-05-14,1398,148275,804,68087,510,75075,84,5113,679,19303,714,66797,763,86100,California
El Dorado,2021-05-15,895,149170,553,68640,286,75361,56,5169,312,19088,583,67380,368,86468,California
El Dorado,2021-05-16,654,149824,456,69096,172,75533,26,5195,228,18916,426,67806,254,86722,California
El Dorado,2021-05-17,1565,151389,662,69758,855,76388,48,5243,568,18538,993,68799,615,87337,California
El Dorado,2021-05-18,1011,152400,507,70265,450,76838,54,5297,444,18470,566,69365,498,87835,California
El Dorado,2021-05-19,810,153210,328,70593,430,77268,52,5349,315,18347,489,69854,366,88201,California
El Dorado,2021-05-20,1041,154251,602,71195,390,77658,49,5398,448,18254,590,70444,497,88698,California
El Dorado,2021-05-21,2169,156420,1661,72856,483,78141,25,5423,742,17599,1422,71866,767,89465,California
El Dorado,2021-05-22,566,156986,155,73011,394,78535,17,5440,190,17431,375,72241,207,89672,California
El Dorado,2021-05-23,190,157176,87,73098,84,78619,19,5459,61,17383,128,72369,80,89752,California
El Dorado,2021-05-24,866,158042,436,73534,363,78982,67,5526,305,17195,557,72926,369,90121,California
El Dorado,2021-05-25,584,158626,236,73770,315,79297,33,5559,223,17092,359,73285,256,90377,California
El Dorado,2021-05-26,741,159367,372,74142,349,79646,20,5579,282,16937,457,73742,302,90679,California
El Dorado,2021-05-27,233,159600,106,74248,123,79769,4,5583,97,16904,134,73876,101,90780,California
Fresno,2020-12-15,2,2,2,2,0,0,0,0,2,2,0,0,2,2,California
Fresno,2020-12-16,125,127,125,127,0,0,0,0,125,127,0,0,125,127,California
Fresno,2020-12-17,121,248,121,248,0,0,0,0,121,248,0,0,121,248,California
Fresno,2020-12-18,346,594,346,594,0,0,0,0,346,594,0,0,346,594,California
Fresno,2020-12-19,159,753,159,753,0,0,0,0,159,753,0,0,159,753,California
Fresno,2020-12-20,258,1011,256,1009,2,2,0,0,258,1011,0,0,258,1011,California
Fresno,2020-12-21,927,1938,925,1934,2,4,0,0,958,1969,0,0,958,1969,California
Fresno,2020-12-22,905,2843,875,2809,30,34,0,0,909,2878,0,0,909,2878,California
Fresno,2020-12-23,1091,3934,1049,3858,42,76,0,0,1092,3970,0,0,1092,3970,California
Fresno,2020-12-24,588,4522,563,4421,25,101,0,0,588,4558,0,0,588,4558,California
Fresno,2020-12-25,2,4524,1,4422,1,102,0,0,2,4560,0,0,2,4560,California
Fresno,2020-12-26,724,5248,715,5137,9,111,0,0,724,5284,0,0,724,5284,California
Fresno,2020-12-27,307,5555,208,5345,99,210,0,0,307,5591,0,0,307,5591,California
Fresno,2020-12-28,1090,6645,800,6145,290,500,0,0,1091,6682,0,0,1091,6682,California
Fresno,2020-12-29,1736,8381,991,7136,745,1245,0,0,1734,8415,1,1,1734,8416,California
Fresno,2020-12-30,955,9336,444,7580,511,1756,0,0,955,9370,0,1,955,9371,California
Fresno,2020-12-31,901,10237,309,7889,592,2348,0,0,900,10270,0,1,900,10271,California
Fresno,2021-01-01,9,10246,3,7892,6,2354,0,0,9,10279,0,1,9,10280,California
Fresno,2021-01-02,1029,11275,715,8607,314,2668,0,0,1029,11308,0,1,1029,11309,California
Fresno,2021-01-03,153,11428,128,8735,25,2693,0,0,153,11461,0,1,153,11462,California
Fresno,2021-01-04,620,12048,376,9111,244,2937,0,0,620,12081,0,1,620,12082,California
Fresno,2021-01-05,781,12829,313,9424,468,3405,0,0,707,12714,74,75,707,12789,California
Fresno,2021-01-06,986,13815,348,9772,638,4043,0,0,810,13348,176,251,810,13599,California
Fresno,2021-01-07,1895,15710,917,10689,978,5021,0,0,1642,14740,253,504,1645,15244,California
Fresno,2021-01-08,1788,17498,613,11302,1175,6196,0,0,1424,15802,362,866,1424,16668,California
Fresno,2021-01-09,634,18132,388,11690,246,6442,0,0,359,15886,275,1141,359,17027,California
Fresno,2021-01-10,518,18650,488,12178,30,6472,0,0,204,15776,314,1455,204,17231,California
Fresno,2021-01-11,2219,20869,1811,13989,408,6880,0,0,1525,16610,694,2149,1528,18759,California
Fresno,2021-01-12,2529,23398,1830,15819,699,7579,0,0,1678,17437,853,3002,1680,20439,California
Fresno,2021-01-13,3555,26953,2435,18254,1120,8699,0,0,2705,19295,850,3852,2708,23147,California
Fresno,2021-01-14,4137,31090,2183,20437,1954,10653,0,0,3666,22491,470,4322,3666,26813,California
Fresno,2021-01-15,3661,34751,2530,22967,1131,11784,0,0,3303,25440,358,4680,3307,30120,California
Fresno,2021-01-16,3152,37903,2309,25276,843,12627,0,0,2687,27664,464,5144,2688,32808,California
Fresno,2021-01-17,976,38879,555,25831,421,13048,0,0,778,28244,198,5342,778,33586,California
Fresno,2021-01-18,3077,41956,2369,28200,708,13756,0,0,2421,30013,654,5996,2423,36009,California
Fresno,2021-01-19,4406,46362,2620,30820,1786,15542,0,0,3692,32995,714,6710,3696,39705,California
Fresno,2021-01-20,3020,49382,1208,32028,1812,17354,0,0,2707,35394,311,7021,2710,42415,California
Fresno,2021-01-21,4395,53777,2033,34061,2362,19716,0,0,4034,39096,338,7359,4040,46455,California
Fresno,2021-01-22,3313,57090,1349,35410,1964,21680,0,0,2922,41645,374,7733,2923,49378,California
Fresno,2021-01-23,3049,60139,1974,37384,1075,22755,0,0,2326,43254,722,8455,2331,51709,California
Fresno,2021-01-24,559,60698,377,37761,182,22937,0,0,353,43403,206,8661,355,52064,California
Fresno,2021-01-25,2423,63121,865,38626,1558,24495,0,0,1871,44725,552,9213,1874,53938,California
Fresno,2021-01-26,2065,65186,586,39212,1479,25974,0,0,1319,45301,744,9957,1320,55258,California
Fresno,2021-01-27,2319,67505,1158,40370,1161,27135,0,0,1755,46496,563,10520,1758,57016,California
Fresno,2021-01-28,4507,72012,3048,43418,1459,28594,0,0,3468,48931,1036,11556,3471,60487,California
Fresno,2021-01-29,1709,73721,983,44401,726,29320,0,0,1410,50047,295,11851,1411,61898,California
Fresno,2021-01-30,1452,75173,550,44951,902,30222,0,0,1035,50665,417,12268,1035,62933,California
Fresno,2021-01-31,228,75401,219,45170,9,30231,0,0,74,50585,154,12422,74,63007,California
Fresno,2021-02-01,3346,78747,1672,46842,1674,31905,0,0,1787,50823,1558,13980,1796,64803,California
Fresno,2021-02-02,2723,81470,552,47394,2171,34076,0,0,1581,51292,1127,15107,1596,66399,California
Fresno,2021-02-03,3555,85025,2101,49495,1454,35530,0,0,1547,50840,2000,17107,1548,67947,California
Fresno,2021-02-04,4198,89223,1897,51392,2301,37831,0,0,1930,50537,2238,19345,1935,69882,California
Fresno,2021-02-05,5344,94567,2729,54121,2615,40446,0,0,2309,49820,3030,22375,2313,72195,California
Fresno,2021-02-06,2939,97506,2048,56169,891,41337,0,0,974,48835,1960,24335,975,73170,California
Fresno,2021-02-07,466,97972,284,56453,182,41519,0,0,272,48914,193,24528,272,73442,California
Fresno,2021-02-08,4278,102250,2291,58744,1987,43506,0,0,1815,48287,2451,26979,1824,75266,California
Fresno,2021-02-09,5342,107592,2090,60834,3252,46758,0,0,3126,49280,2142,29121,3135,78401,California
Fresno,2021-02-10,3892,111484,1233,62067,2659,49417,0,0,1995,49444,1845,30966,2009,80410,California
Fresno,2021-02-11,6459,117943,2095,64162,4364,53781,0,0,3360,49728,3081,34047,3365,83775,California
Fresno,2021-02-12,5398,123341,1383,65545,4015,57796,0,0,2738,49833,2641,36688,2746,86521,California
Fresno,2021-02-13,3756,127097,1561,67106,2195,59991,0,0,2086,50266,1659,38347,2092,88613,California
Fresno,2021-02-14,1563,128660,283,67389,1280,61271,0,0,838,50381,725,39072,840,89453,California
Fresno,2021-02-15,2895,131555,267,67656,2628,63899,0,0,1791,51076,1100,40172,1795,91248,California
Fresno,2021-02-16,6700,138255,2406,70062,4294,68193,0,0,4248,52895,2435,42607,4254,95502,California
Fresno,2021-02-17,5340,143595,2452,72514,2888,71081,0,0,2991,53586,2304,44911,2995,98497,California
Fresno,2021-02-18,6856,150451,2893,75407,3963,75044,0,0,2584,51953,4228,49139,2595,101092,California
Fresno,2021-02-19,3842,154293,1100,76507,2742,77786,0,0,1825,51775,2006,51145,1828,102920,California
Fresno,2021-02-20,4538,158831,2492,78999,2046,79832,0,0,3054,53357,1478,52623,3060,105980,California
Fresno,2021-02-21,191,159022,172,79171,19,79851,0,0,127,53434,50,52673,127,106107,California
Fresno,2021-02-22,2253,161275,1004,80175,1249,81100,0,0,1238,53669,1005,53678,1240,107347,California
Fresno,2021-02-23,4691,165966,2265,82440,2426,83526,0,0,3814,56620,865,54543,3816,111163,California
Fresno,2021-02-24,4212,170178,1503,83943,2709,86235,0,0,3457,59335,743,55286,3458,114621,California
Fresno,2021-02-25,8709,178887,3734,87677,4975,91210,0,0,7219,65136,1426,56712,7227,121848,California
Fresno,2021-02-26,9019,187906,3702,91379,5317,96527,0,0,7703,71553,1292,58004,7709,129557,California
Fresno,2021-02-27,7291,195197,3159,94538,4131,100658,1,1,6579,77439,696,58700,6582,136139,California
Fresno,2021-02-28,1654,196851,534,95072,1120,101778,0,1,1565,78928,77,58777,1566,137705,California
Fresno,2021-03-01,5078,201929,1310,96382,3768,105546,0,1,3676,81219,1389,60166,3680,141385,California
Fresno,2021-03-02,9858,211787,3384,99766,6474,112020,0,1,8475,88358,1359,61525,8498,149883,California
Fresno,2021-03-03,6943,218730,1700,101466,5242,117262,1,2,5930,93403,1000,62525,6045,155928,California
Fresno,2021-03-04,10450,229180,4119,105585,6331,123593,0,2,8712,100413,1710,64235,8720,164648,California
Fresno,2021-03-05,9130,238310,3633,109218,5495,129088,2,4,8007,107507,990,65225,8084,172732,California
Fresno,2021-03-06,6938,245248,3878,113096,2942,132030,118,122,5946,112590,985,66210,6068,178800,California
Fresno,2021-03-07,1489,246737,681,113777,772,132802,36,158,1259,113659,227,66437,1296,180096,California
Fresno,2021-03-08,5275,252012,2026,115803,3098,135900,151,309,3987,116531,1277,67714,4149,184245,California
Fresno,2021-03-09,8603,260615,3792,119595,4540,140440,271,580,4648,117552,3934,71648,4955,189200,California
Fresno,2021-03-10,6800,267415,2862,122457,3546,143986,392,972,5360,121882,1431,73079,5761,194961,California
Fresno,2021-03-11,11620,279035,4584,127041,6470,150456,566,1538,6310,123550,5284,78363,6952,201913,California
Fresno,2021-03-12,12054,291089,5135,132176,6466,156922,453,1991,9040,130192,2994,81357,9636,211549,California
Fresno,2021-03-13,8359,299448,4058,136234,3268,160190,1033,3024,4041,131042,4297,85654,5147,216696,California
Fresno,2021-03-14,1769,301217,477,136711,1003,161193,289,3313,670,130913,1087,86741,958,217654,California
Fresno,2021-03-15,7134,308351,3180,139891,3781,164974,173,3486,4947,134047,2172,88913,5306,222960,California
Fresno,2021-03-16,10214,318565,4530,144421,5288,170262,396,3882,5422,135200,4760,93673,5913,228873,California
Fresno,2021-03-17,8667,327232,3929,148350,4047,174309,691,4573,5875,139376,2770,96443,6946,235819,California
Fresno,2021-03-18,12453,339685,6728,155078,5091,179400,634,5207,7064,142159,5340,101783,8123,243942,California
Fresno,2021-03-19,11195,350880,5882,160960,4699,184099,614,5821,6952,145806,4214,105997,7861,251803,California
Fresno,2021-03-20,7610,358490,4606,165566,2692,186791,312,6133,3805,146424,3775,109772,4393,256196,California
Fresno,2021-03-21,1777,360267,1204,166770,204,186995,369,6502,959,146939,814,110586,1329,257525,California
Fresno,2021-03-22,5670,365937,2895,169665,2179,189174,596,7098,3842,149765,1812,112398,4638,262163,California
Fresno,2021-03-23,10564,376501,5249,174914,4818,193992,497,7595,5069,150286,5474,117872,5995,268158,California
Fresno,2021-03-24,8871,385372,3836,178750,4203,198195,832,8427,4980,152298,3853,121725,5865,274023,California
Fresno,2021-03-25,12208,397580,5682,184432,5737,203932,789,9216,4766,150541,7395,129120,5638,279661,California
Fresno,2021-03-26,12246,409826,5457,189889,6142,210074,647,9863,4481,147979,7712,136832,5150,284811,California
Fresno,2021-03-27,9580,419406,4299,194188,4192,214266,1089,10952,2939,145407,6604,143436,4032,288843,California
Fresno,2021-03-28,3404,422810,1316,195504,1400,215666,688,11640,1280,145535,2116,145552,2244,291087,California
Fresno,2021-03-29,5999,428809,2008,197512,3440,219106,551,12191,2898,145921,3074,148626,3460,294547,California
Fresno,2021-03-30,10897,439706,4266,201778,5733,224839,898,13089,3847,143643,7023,155649,4745,299292,California
Fresno,2021-03-31,9697,449403,3385,205163,5324,230163,988,14077,3745,142465,5912,161561,4734,304026,California
Fresno,2021-04-01,11917,461320,4201,209364,6851,237014,865,14942,3991,139461,7823,169384,4819,308845,California
Fresno,2021-04-02,11749,473069,4566,213930,6398,243412,785,15727,4186,137050,7405,176789,4994,313839,California
Fresno,2021-04-03,6417,479486,3538,217468,2622,246034,257,15984,2165,135274,4235,181024,2459,316298,California
Fresno,2021-04-04,1490,480976,535,218003,910,246944,45,16029,547,134931,935,181959,592,316890,California
Fresno,2021-04-05,8338,489314,4472,222475,3064,250008,802,16831,2448,132383,5873,187832,3325,320215,California
Fresno,2021-04-06,9598,498912,4021,226496,4392,254400,1185,18016,3542,131118,6017,193849,4752,324967,California
Fresno,2021-04-07,10382,509294,5332,231828,3844,258244,1206,19222,3527,129082,6812,200661,4776,329743,California
Fresno,2021-04-08,10849,520143,5121,236949,4575,262819,1153,20375,3413,126315,7389,208050,4622,334365,California
Fresno,2021-04-09,11175,531318,5328,242277,4461,267280,1386,21761,3599,123809,7531,215581,5025,339390,California
Fresno,2021-04-10,7879,539197,5155,247432,2202,269482,522,22283,3669,123801,4198,219779,4190,343580,California
Fresno,2021-04-11,1387,540584,926,248358,372,269854,89,22372,446,123401,936,220715,536,344116,California
Fresno,2021-04-12,7162,547746,3766,252124,2475,272329,921,23293,2315,121813,4823,225538,3235,347351,California
Fresno,2021-04-13,8911,556657,4242,256366,4599,276928,70,23363,3461,120019,5416,230954,3622,350973,California
Fresno,2021-04-14,9447,566104,5735,262101,3711,280639,1,23364,3718,118096,5688,236642,3765,354738,California
Fresno,2021-04-15,8387,574491,4181,266282,4203,284842,3,23367,3154,116051,5205,241847,3160,357898,California
Fresno,2021-04-16,9375,583866,4629,270911,4744,289586,2,23369,3870,114460,5468,247315,3877,361775,California
Fresno,2021-04-17,5563,589429,3719,274630,1844,291430,0,23369,2644,114207,2899,250214,2646,364421,California
Fresno,2021-04-18,1028,590457,560,275190,468,291898,0,23369,472,114128,551,250765,472,364893,California
Fresno,2021-04-19,5530,595987,3017,278207,2510,294408,3,23372,2255,113150,3238,254003,2260,367153,California
Fresno,2021-04-20,6950,602937,3436,281643,3506,297914,8,23380,2621,111473,4307,258310,2630,369783,California
Fresno,2021-04-21,6384,609321,3529,285172,2847,300761,8,23388,2666,110466,3685,261995,2678,372461,California
Fresno,2021-04-22,6347,615668,3148,288320,3198,303959,1,23389,2305,108788,3987,265982,2309,374770,California
Fresno,2021-04-23,7051,622719,3777,292097,3256,307215,18,23407,2705,107196,4303,270285,2711,377481,California
Fresno,2021-04-24,4157,626876,2479,294576,1678,308893,0,23407,1912,106876,2232,272517,1912,379393,California
Fresno,2021-04-25,1372,628248,557,295133,813,309706,2,23409,689,106888,678,273195,690,380083,California
Fresno,2021-04-26,3931,632179,1973,297106,1914,311620,44,23453,1670,106370,2231,275426,1713,381796,California
Fresno,2021-04-27,4529,636708,2294,299400,2124,313744,111,23564,1792,105555,2718,278144,1903,383699,California
Fresno,2021-04-28,4710,641418,2623,302023,1960,315704,127,23691,1939,104872,2750,280894,2067,385766,California
Fresno,2021-04-29,4725,646143,2642,304665,1950,317654,133,23824,1765,103839,2931,283825,1898,387664,California
Fresno,2021-04-30,5385,651528,3282,307947,1968,319622,135,23959,2135,102890,3218,287043,2269,389933,California
Fresno,2021-05-01,4188,655716,3469,311416,580,320202,139,24098,1224,101305,2946,289989,1361,391294,California
Fresno,2021-05-02,1234,656950,770,312186,413,320615,51,24149,601,101335,621,290610,651,391945,California
Fresno,2021-05-03,3999,660949,2694,314880,1119,321734,186,24335,1288,100120,2685,293295,1470,393415,California
Fresno,2021-05-04,4824,665773,2500,317380,2172,323906,152,24487,1552,98579,3247,296542,1706,395121,California
Fresno,2021-05-05,4812,670585,2883,320263,1703,325609,226,24713,1454,96924,3332,299874,1677,396798,California
Fresno,2021-05-06,4068,674653,2486,322749,1477,327086,105,24818,1353,95694,2688,302562,1458,398256,California
Fresno,2021-05-07,4972,679625,3260,326009,1548,328634,164,24982,1529,93963,3422,305984,1691,399947,California
Fresno,2021-05-08,3864,683489,2466,328475,1253,329887,145,25127,1153,92570,2692,308676,1299,401246,California
Fresno,2021-05-09,680,684169,350,328825,287,330174,43,25170,338,92614,336,309012,380,401626,California
Fresno,2021-05-10,2947,687116,1579,330404,1227,331401,141,25311,920,91655,2020,311032,1061,402687,California
Fresno,2021-05-11,3608,690724,1842,332246,1676,333077,90,25401,1155,90459,2442,313474,1246,403933,California
Fresno,2021-05-12,3717,694441,2353,334599,1217,334294,147,25548,1343,89599,2351,315825,1491,405424,California
Fresno,2021-05-13,3604,698045,1952,336551,1545,335839,107,25655,1591,89322,1975,317800,1698,407122,California
Fresno,2021-05-14,5018,703063,3030,339581,1810,337649,178,25833,2143,88799,2844,320644,2321,409443,California
Fresno,2021-05-15,3569,706632,2668,342249,772,338421,129,25962,1816,88999,1744,322388,1944,411387,California
Fresno,2021-05-16,1430,708062,938,343187,458,338879,34,25996,797,89202,628,323016,831,412218,California
Fresno,2021-05-17,4066,712128,2722,345909,1182,340061,162,26158,2250,89828,1789,324805,2415,414633,California
Fresno,2021-05-18,4047,716175,2492,348401,1415,341476,140,26298,2113,90167,1912,326717,2251,416884,California
Fresno,2021-05-19,4137,720312,2606,351007,1400,342876,131,26429,2060,90302,2055,328772,2190,419074,California
Fresno,2021-05-20,3458,723770,2007,353014,1295,344171,156,26585,1607,90232,1832,330604,1762,420836,California
Fresno,2021-05-21,3754,727524,2409,355423,1252,345423,93,26678,1660,89914,2070,332674,1752,422588,California
Fresno,2021-05-22,3242,730766,2436,357859,644,346067,162,26840,1902,90650,1327,334001,2063,424651,California
Fresno,2021-05-23,535,731301,350,358209,155,346222,30,26870,296,90743,231,334232,324,424975,California
Fresno,2021-05-24,3160,734461,1985,360194,1058,347280,117,26987,1482,90689,1653,335885,1599,426574,California
Fresno,2021-05-25,3016,737477,1763,361957,1133,348413,120,27107,1357,90520,1647,337532,1478,428052,California
Fresno,2021-05-26,3184,740661,2114,364071,964,349377,106,27213,1626,90714,1535,339067,1729,429781,California
Fresno,2021-05-27,1807,742468,1042,365113,685,350062,80,27293,680,90358,1116,340183,760,430541,California
Glenn,2020-12-17,1,1,1,1,0,0,0,0,1,1,0,0,1,1,California
Glenn,2020-12-19,1,2,1,2,0,0,0,0,1,2,0,0,1,2,California
Glenn,2020-12-20,1,3,1,3,0,0,0,0,1,3,0,0,1,3,California
Glenn,2020-12-21,11,14,11,14,0,0,0,0,11,14,0,0,11,14,California
Glenn,2020-12-22,59,73,59,73,0,0,0,0,59,73,0,0,59,73,California
Glenn,2020-12-23,28,101,28,101,0,0,0,0,28,101,0,0,28,101,California
Glenn,2020-12-24,9,110,9,110,0,0,0,0,9,110,0,0,9,110,California
Glenn,2020-12-26,2,112,2,112,0,0,0,0,2,112,0,0,2,112,California
Glenn,2020-12-27,4,116,4,116,0,0,0,0,4,116,0,0,4,116,California
Glenn,2020-12-28,21,137,21,137,0,0,0,0,21,137,0,0,21,137,California
Glenn,2020-12-29,82,219,82,219,0,0,0,0,82,219,0,0,82,219,California
Glenn,2020-12-30,129,348,106,325,23,23,0,0,129,348,0,0,129,348,California
Glenn,2020-12-31,38,386,9,334,29,52,0,0,38,386,0,0,38,386,California
Glenn,2021-01-02,2,388,2,336,0,52,0,0,2,388,0,0,2,388,California
Glenn,2021-01-04,7,395,5,341,2,54,0,0,7,395,0,0,7,395,California
Glenn,2021-01-05,9,404,8,349,1,55,0,0,9,404,0,0,9,404,California
Glenn,2021-01-06,60,464,8,357,52,107,0,0,60,464,0,0,60,464,California
Glenn,2021-01-07,67,531,12,369,55,162,0,0,65,527,2,2,65,529,California
Glenn,2021-01-08,12,543,9,378,3,165,0,0,12,539,0,2,12,541,California
Glenn,2021-01-10,1,544,1,379,0,165,0,0,0,538,1,3,0,541,California
Glenn,2021-01-11,30,574,30,409,0,165,0,0,12,532,18,21,12,553,California
Glenn,2021-01-12,42,616,37,446,5,170,0,0,14,518,28,49,14,567,California
Glenn,2021-01-13,221,837,156,602,65,235,0,0,177,651,44,93,177,744,California
Glenn,2021-01-14,117,954,28,630,89,324,0,0,107,748,10,103,107,851,California
Glenn,2021-01-15,42,996,35,665,7,331,0,0,37,780,5,108,37,888,California
Glenn,2021-01-16,33,1029,14,679,19,350,0,0,23,793,10,118,23,911,California
Glenn,2021-01-17,4,1033,2,681,2,352,0,0,2,793,2,120,2,913,California
Glenn,2021-01-18,17,1050,16,697,1,353,0,0,9,794,8,128,9,922,California
Glenn,2021-01-19,30,1080,20,717,10,363,0,0,13,790,17,145,13,935,California
Glenn,2021-01-20,163,1243,94,811,69,432,0,0,82,791,81,226,82,1017,California
Glenn,2021-01-21,124,1367,98,909,26,458,0,0,30,727,94,320,30,1047,California
Glenn,2021-01-22,338,1705,64,973,274,732,0,0,331,1051,7,327,331,1378,California
Glenn,2021-01-23,14,1719,7,980,7,739,0,0,12,1061,2,329,12,1390,California
Glenn,2021-01-24,2,1721,2,982,0,739,0,0,2,1063,0,329,2,1392,California
Glenn,2021-01-25,27,1748,9,991,18,757,0,0,24,1084,3,332,24,1416,California
Glenn,2021-01-26,29,1777,13,1004,16,773,0,0,23,1101,6,338,23,1439,California
Glenn,2021-01-27,188,1965,13,1017,175,948,0,0,166,1245,22,360,166,1605,California
Glenn,2021-01-28,146,2111,8,1025,138,1086,0,0,116,1331,30,390,116,1721,California
Glenn,2021-01-29,296,2407,12,1037,284,1370,0,0,282,1599,14,404,282,2003,California
Glenn,2021-01-30,4,2411,0,1037,4,1374,0,0,4,1603,0,404,4,2007,California
Glenn,2021-01-31,1,2412,0,1037,1,1375,0,0,1,1604,0,404,1,2008,California
Glenn,2021-02-01,28,2440,10,1047,18,1393,0,0,16,1608,12,416,16,2024,California
Glenn,2021-02-02,28,2468,13,1060,15,1408,0,0,19,1618,9,425,19,2043,California
Glenn,2021-02-03,274,2742,125,1185,149,1557,0,0,129,1603,145,570,130,2173,California
Glenn,2021-02-04,82,2824,16,1201,66,1623,0,0,27,1575,55,625,27,2200,California
Glenn,2021-02-05,320,3144,25,1226,295,1918,0,0,299,1853,21,646,299,2499,California
Glenn,2021-02-06,14,3158,2,1228,12,1930,0,0,13,1865,1,647,13,2512,California
Glenn,2021-02-07,2,3160,2,1230,0,1930,0,0,2,1867,0,647,2,2514,California
Glenn,2021-02-08,21,3181,17,1247,4,1934,0,0,4,1854,17,664,4,2518,California
Glenn,2021-02-09,49,3230,20,1267,29,1963,0,0,36,1877,13,677,36,2554,California
Glenn,2021-02-10,138,3368,19,1286,119,2082,0,0,65,1869,73,750,65,2619,California
Glenn,2021-02-11,233,3601,133,1419,100,2182,0,0,151,1937,83,833,151,2770,California
Glenn,2021-02-12,420,4021,99,1518,321,2503,0,0,355,2227,65,898,355,3125,California
Glenn,2021-02-13,34,4055,7,1525,27,2530,0,0,16,2225,18,916,16,3141,California
Glenn,2021-02-14,1,4056,0,1525,1,2531,0,0,1,2226,0,916,1,3142,California
Glenn,2021-02-15,8,4064,0,1525,8,2539,0,0,8,2234,0,916,8,3150,California
Glenn,2021-02-16,39,4103,9,1534,30,2569,0,0,21,2237,18,934,21,3171,California
Glenn,2021-02-17,380,4483,14,1548,366,2935,0,0,302,2461,78,1012,302,3473,California
Glenn,2021-02-18,134,4617,99,1647,35,2970,0,0,110,2547,24,1036,110,3583,California
Glenn,2021-02-19,303,4920,17,1664,286,3256,0,0,29,2302,274,1310,29,3612,California
Glenn,2021-02-20,8,4928,0,1664,8,3264,0,0,0,2294,8,1318,0,3612,California
Glenn,2021-02-21,1,4929,1,1665,0,3264,0,0,1,2295,0,1318,1,3613,California
Glenn,2021-02-22,33,4962,14,1679,19,3283,0,0,17,2296,16,1334,17,3630,California
Glenn,2021-02-23,40,5002,10,1689,30,3313,0,0,28,2312,12,1346,28,3658,California
Glenn,2021-02-24,243,5245,37,1726,206,3519,0,0,47,2163,196,1542,47,3705,California
Glenn,2021-02-25,234,5479,120,1846,114,3633,0,0,118,2165,116,1658,118,3823,California
Glenn,2021-02-26,304,5783,24,1870,280,3913,0,0,20,1902,283,1941,20,3843,California
Glenn,2021-02-27,15,5798,5,1875,10,3923,0,0,5,1898,9,1950,5,3848,California
Glenn,2021-02-28,6,5804,3,1878,3,3926,0,0,3,1899,2,1952,3,3851,California
Glenn,2021-03-01,28,5832,6,1884,22,3948,0,0,12,1895,16,1968,12,3863,California
Glenn,2021-03-02,35,5867,7,1891,28,3976,0,0,17,1894,18,1986,17,3880,California
Glenn,2021-03-03,192,6059,37,1928,155,4131,0,0,101,1906,89,2075,101,3981,California
Glenn,2021-03-04,521,6580,175,2103,346,4477,0,0,375,2135,146,2221,375,4356,California
Glenn,2021-03-05,357,6937,49,2152,308,4785,0,0,35,1848,322,2543,35,4391,California
Glenn,2021-03-06,26,6963,3,2155,22,4807,1,1,9,1841,17,2560,10,4401,California
Glenn,2021-03-07,5,6968,0,2155,5,4812,0,1,3,1843,1,2561,3,4404,California
Glenn,2021-03-08,20,6988,2,2157,17,4829,1,2,18,1860,2,2563,19,4423,California
Glenn,2021-03-09,82,7070,11,2168,68,4897,3,5,54,1888,28,2591,56,4479,California
Glenn,2021-03-10,172,7242,69,2237,101,4998,2,7,95,1908,77,2668,97,4576,California
Glenn,2021-03-11,583,7825,169,2406,391,5389,23,30,454,2256,129,2797,477,5053,California
Glenn,2021-03-12,418,8243,14,2420,342,5731,62,92,41,1982,377,3174,103,5156,California
Glenn,2021-03-13,12,8255,1,2421,3,5734,8,100,1,1980,11,3185,9,5165,California
Glenn,2021-03-14,3,8258,1,2422,2,5736,0,100,1,1979,2,3187,1,5166,California
Glenn,2021-03-15,76,8334,15,2437,56,5792,5,105,61,2030,15,3202,66,5232,California
Glenn,2021-03-16,110,8444,34,2471,65,5857,11,116,69,2069,41,3243,80,5312,California
Glenn,2021-03-17,417,8861,97,2568,313,6170,7,123,116,1889,301,3544,121,5433,California
Glenn,2021-03-18,521,9382,215,2783,50,6220,256,379,145,1913,376,3920,400,5833,California
Glenn,2021-03-19,96,9478,16,2799,74,6294,6,385,75,1974,20,3940,81,5914,California
Glenn,2021-03-20,132,9610,2,2801,129,6423,1,386,130,2103,2,3942,131,6045,California
Glenn,2021-03-21,6,9616,5,2806,0,6423,1,387,3,2105,2,3944,4,6049,California
Glenn,2021-03-22,123,9739,54,2860,61,6484,8,395,103,2198,18,3962,111,6160,California
Glenn,2021-03-23,176,9915,66,2926,59,6543,51,446,103,2280,72,4034,154,6314,California
Glenn,2021-03-24,208,10123,100,3026,103,6646,5,451,136,2350,71,4105,141,6455,California
Glenn,2021-03-25,470,10593,229,3255,147,6793,94,545,342,2659,127,4232,436,6891,California
Glenn,2021-03-26,237,10830,37,3292,164,6957,36,581,186,2830,51,4283,222,7113,California
Glenn,2021-03-27,166,10996,22,3314,138,7095,6,587,155,2980,11,4294,161,7274,California
Glenn,2021-03-28,15,11011,10,3324,5,7100,0,587,10,2985,5,4299,10,7284,California
Glenn,2021-03-29,61,11072,20,3344,38,7138,3,590,47,3021,14,4313,50,7334,California
Glenn,2021-03-30,75,11147,43,3387,31,7169,1,591,43,3035,30,4343,44,7378,California
Glenn,2021-03-31,125,11272,35,3422,89,7258,1,592,54,3020,70,4413,55,7433,California
Glenn,2021-04-01,656,11928,189,3611,458,7716,9,601,244,2863,410,4823,253,7686,California
Glenn,2021-04-02,169,12097,26,3637,131,7847,12,613,133,2972,36,4859,145,7831,California
Glenn,2021-04-03,95,12192,4,3641,84,7931,7,620,84,3052,11,4870,91,7922,California
Glenn,2021-04-04,9,12201,3,3644,4,7935,2,622,5,3055,4,4874,7,7929,California
Glenn,2021-04-05,65,12266,25,3669,27,7962,13,635,28,3059,37,4911,41,7970,California
Glenn,2021-04-06,144,12410,52,3721,53,8015,39,674,37,3028,106,5017,75,8045,California
Glenn,2021-04-07,160,12570,46,3767,60,8075,54,728,74,3070,86,5103,128,8173,California
Glenn,2021-04-08,641,13211,189,3956,418,8493,34,762,139,2743,500,5603,173,8346,California
Glenn,2021-04-09,158,13369,57,4013,85,8578,16,778,101,2804,57,5660,118,8464,California
Glenn,2021-04-10,74,13443,1,4014,61,8639,12,790,59,2861,14,5674,71,8535,California
Glenn,2021-04-11,17,13460,8,4022,4,8643,5,795,7,2863,10,5684,12,8547,California
Glenn,2021-04-12,114,13574,25,4047,60,8703,29,824,19,2816,95,5779,48,8595,California
Glenn,2021-04-13,118,13692,63,4110,55,8758,0,824,29,2757,88,5867,29,8624,California
Glenn,2021-04-14,123,13815,47,4157,76,8834,0,824,68,2770,55,5922,68,8692,California
Glenn,2021-04-15,362,14177,275,4432,87,8921,0,824,124,2656,238,6160,124,8816,California
Glenn,2021-04-16,166,14343,42,4474,124,9045,0,824,77,2644,89,6249,77,8893,California
Glenn,2021-04-17,165,14508,18,4492,147,9192,0,824,26,2538,132,6381,26,8919,California
Glenn,2021-04-18,16,14524,3,4495,13,9205,0,824,13,2548,3,6384,13,8932,California
Glenn,2021-04-19,83,14607,17,4512,66,9271,0,824,22,2510,60,6444,22,8954,California
Glenn,2021-04-20,126,14733,82,4594,44,9315,0,824,53,2490,73,6517,53,9007,California
Glenn,2021-04-21,412,15145,309,4903,103,9418,0,824,280,2638,132,6649,280,9287,California
Glenn,2021-04-22,208,15353,48,4951,160,9578,0,824,33,2497,174,6823,33,9320,California
Glenn,2021-04-23,178,15531,24,4975,154,9732,0,824,41,2402,136,6959,41,9361,California
Glenn,2021-04-24,179,15710,32,5007,147,9879,0,824,30,2283,149,7108,30,9391,California
Glenn,2021-04-25,30,15740,18,5025,12,9891,0,824,22,2297,8,7116,22,9413,California
Glenn,2021-04-26,46,15786,11,5036,35,9926,0,824,18,2287,28,7144,18,9431,California
Glenn,2021-04-27,59,15845,46,5082,8,9934,5,829,30,2292,29,7173,34,9465,California
Glenn,2021-04-28,260,16105,182,5264,67,10001,11,840,127,2301,129,7302,138,9603,California
Glenn,2021-04-29,181,16286,22,5286,157,10158,2,842,35,2192,146,7448,37,9640,California
Glenn,2021-04-30,156,16442,35,5321,119,10277,2,844,38,2114,118,7566,40,9680,California
Glenn,2021-05-01,108,16550,13,5334,94,10371,1,845,26,2059,82,7648,27,9707,California
Glenn,2021-05-02,30,16580,12,5346,9,10380,9,854,15,2068,15,7663,24,9731,California
Glenn,2021-05-03,36,16616,23,5369,12,10392,1,855,14,2061,22,7685,15,9746,California
Glenn,2021-05-04,57,16673,33,5402,19,10411,5,860,28,2065,29,7714,33,9779,California
Glenn,2021-05-05,122,16795,35,5437,77,10488,10,870,51,2055,71,7785,61,9840,California
Glenn,2021-05-06,106,16901,41,5478,60,10548,5,875,40,2034,66,7851,45,9885,California
Glenn,2021-05-07,120,17021,33,5511,78,10626,9,884,31,1986,88,7939,40,9925,California
Glenn,2021-05-08,66,17087,12,5523,50,10676,4,888,21,1967,44,7983,25,9950,California
Glenn,2021-05-09,17,17104,11,5534,6,10682,0,888,13,1976,4,7987,13,9963,California
Glenn,2021-05-10,36,17140,15,5549,16,10698,5,893,15,1975,21,8008,20,9983,California
Glenn,2021-05-11,76,17216,53,5602,14,10712,9,902,16,1940,60,8068,25,10008,California
Glenn,2021-05-12,327,17543,246,5848,67,10779,14,916,45,1717,282,8350,59,10067,California
Glenn,2021-05-13,151,17694,56,5904,77,10856,18,934,65,1714,86,8436,83,10150,California
Glenn,2021-05-14,106,17800,25,5929,76,10932,5,939,42,1697,64,8500,47,10197,California
Glenn,2021-05-15,68,17868,40,5969,25,10957,3,942,35,1702,32,8532,37,10234,California
Glenn,2021-05-16,30,17898,18,5987,12,10969,0,942,9,1690,21,8553,9,10243,California
Glenn,2021-05-17,78,17976,53,6040,21,10990,4,946,53,1722,25,8578,57,10300,California
Glenn,2021-05-18,65,18041,47,6087,13,11003,5,951,21,1704,44,8622,26,10326,California
Glenn,2021-05-19,193,18234,112,6199,69,11072,12,963,71,1665,121,8743,82,10408,California
Glenn,2021-05-20,111,18345,70,6269,39,11111,2,965,79,1714,32,8775,81,10489,California
Glenn,2021-05-21,66,18411,23,6292,43,11154,0,965,29,1706,37,8812,29,10518,California
Glenn,2021-05-22,48,18459,17,6309,31,11185,0,965,23,1704,25,8837,23,10541,California
Glenn,2021-05-23,25,18484,14,6323,11,11196,0,965,11,1702,13,8850,11,10552,California
Glenn,2021-05-24,34,18518,12,6335,17,11213,5,970,13,1700,20,8870,18,10570,California
Glenn,2021-05-25,48,18566,37,6372,9,11222,2,972,25,1704,23,8893,27,10597,California
Glenn,2021-05-26,75,18641,14,6386,57,11279,4,976,26,1685,49,8942,30,10627,California
Glenn,2021-05-27,77,18718,48,6434,29,11308,0,976,31,1672,44,8986,31,10658,California
Humboldt,2020-12-15,2,2,2,2,0,0,0,0,2,2,0,0,2,2,California
Humboldt,2020-12-16,16,18,16,18,0,0,0,0,16,18,0,0,16,18,California
Humboldt,2020-12-17,117,135,117,135,0,0,0,0,117,135,0,0,117,135,California
Humboldt,2020-12-18,177,312,177,312,0,0,0,0,177,312,0,0,177,312,California
Humboldt,2020-12-19,10,322,10,322,0,0,0,0,10,322,0,0,10,322,California
Humboldt,2020-12-20,28,350,28,350,0,0,0,0,28,350,0,0,28,350,California
Humboldt,2020-12-21,166,516,166,516,0,0,0,0,166,516,0,0,166,516,California
Humboldt,2020-12-22,297,813,297,813,0,0,0,0,297,813,0,0,297,813,California
Humboldt,2020-12-23,311,1124,263,1076,48,48,0,0,313,1126,0,0,313,1126,California
Humboldt,2020-12-24,25,1149,2,1078,23,71,0,0,25,1151,0,0,25,1151,California
Humboldt,2020-12-25,2,1151,2,1080,0,71,0,0,2,1153,0,0,2,1153,California
Humboldt,2020-12-26,6,1157,5,1085,1,72,0,0,6,1159,0,0,6,1159,California
Humboldt,2020-12-28,160,1317,148,1233,12,84,0,0,160,1319,0,0,160,1319,California
Humboldt,2020-12-29,171,1488,123,1356,48,132,0,0,171,1490,0,0,171,1490,California
Humboldt,2020-12-30,226,1714,124,1480,102,234,0,0,226,1716,0,0,226,1716,California
Humboldt,2020-12-31,241,1955,79,1559,162,396,0,0,241,1957,0,0,241,1957,California
Humboldt,2021-01-01,2,1957,1,1560,1,397,0,0,2,1959,0,0,2,1959,California
Humboldt,2021-01-02,38,1995,1,1561,37,434,0,0,38,1997,0,0,38,1997,California
Humboldt,2021-01-04,218,2213,142,1703,76,510,0,0,220,2217,0,0,220,2217,California
Humboldt,2021-01-05,130,2343,18,1721,112,622,0,0,130,2346,1,1,130,2347,California
Humboldt,2021-01-06,304,2647,205,1926,99,721,0,0,231,2516,61,62,231,2578,California
Humboldt,2021-01-07,423,3070,311,2237,112,833,0,0,309,2726,99,161,309,2887,California
Humboldt,2021-01-08,420,3490,281,2518,139,972,0,0,283,2878,131,292,283,3170,California
Humboldt,2021-01-09,69,3559,45,2563,24,996,0,0,66,2942,3,295,67,3237,California
Humboldt,2021-01-10,84,3643,84,2647,0,996,0,0,4,2866,80,375,4,3241,California
Humboldt,2021-01-11,289,3932,278,2925,11,1007,0,0,72,2725,213,588,72,3313,California
Humboldt,2021-01-12,483,4415,320,3245,163,1170,0,0,299,2862,162,750,299,3612,California
Humboldt,2021-01-13,493,4908,278,3523,215,1385,0,0,315,3003,175,925,316,3928,California
Humboldt,2021-01-14,524,5432,166,3689,358,1743,0,0,468,3416,56,981,469,4397,California
Humboldt,2021-01-15,375,5807,39,3728,336,2079,0,0,358,3757,17,998,358,4755,California
Humboldt,2021-01-16,170,5977,6,3734,164,2243,0,0,169,3925,1,999,169,4924,California
Humboldt,2021-01-17,6,5983,4,3738,2,2245,0,0,6,3931,0,999,6,4930,California
Humboldt,2021-01-18,295,6278,260,3998,35,2280,0,0,145,3926,150,1149,145,5075,California
Humboldt,2021-01-19,634,6912,390,4388,244,2524,0,0,507,4312,121,1270,507,5582,California
Humboldt,2021-01-20,899,7811,387,4775,512,3036,0,0,750,4923,141,1411,752,6334,California
Humboldt,2021-01-21,959,8770,261,5036,698,3734,0,0,917,5798,42,1453,917,7251,California
Humboldt,2021-01-22,676,9446,376,5412,300,4034,0,0,667,6457,9,1462,668,7919,California
Humboldt,2021-01-23,827,10273,273,5685,554,4588,0,0,818,7267,9,1471,819,8738,California
Humboldt,2021-01-24,229,10502,1,5686,228,4816,0,0,228,7494,1,1472,228,8966,California
Humboldt,2021-01-25,305,10807,233,5919,72,4888,0,0,149,7487,156,1628,149,9115,California
Humboldt,2021-01-26,527,11334,142,6061,385,5273,0,0,476,7912,51,1679,476,9591,California
Humboldt,2021-01-27,1260,12594,587,6648,673,5946,0,0,1193,9047,60,1739,1195,10786,California
Humboldt,2021-01-28,1457,14051,634,7282,823,6769,0,0,1320,10235,134,1873,1322,12108,California
Humboldt,2021-01-29,1147,15198,547,7829,600,7369,0,0,704,10497,443,2316,705,12813,California
Humboldt,2021-01-30,974,16172,456,8285,518,7887,0,0,961,11446,13,2329,962,13775,California
Humboldt,2021-01-31,315,16487,313,8598,2,7889,0,0,314,11759,1,2330,314,14089,California
Humboldt,2021-02-01,334,16821,192,8790,142,8031,0,0,187,11800,146,2476,187,14276,California
Humboldt,2021-02-02,445,17266,74,8864,371,8402,0,0,340,12040,102,2578,342,14618,California
Humboldt,2021-02-03,663,17929,258,9122,405,8807,0,0,511,12399,152,2730,511,15129,California
Humboldt,2021-02-04,639,18568,263,9385,376,9183,0,0,441,12645,195,2925,441,15570,California
Humboldt,2021-02-05,812,19380,94,9479,718,9901,0,0,625,13083,187,3112,625,16195,California
Humboldt,2021-02-06,1058,20438,447,9926,611,10512,0,0,1015,14057,42,3154,1016,17211,California
Humboldt,2021-02-07,379,20817,9,9935,370,10882,0,0,374,14428,4,3158,375,17586,California
Humboldt,2021-02-08,325,21142,142,10077,183,11065,0,0,184,14472,140,3298,184,17770,California
Humboldt,2021-02-09,494,21636,220,10297,274,11339,0,0,179,14336,315,3613,179,17949,California
Humboldt,2021-02-10,563,22199,370,10667,193,11532,0,0,233,14244,325,3938,233,18182,California
Humboldt,2021-02-11,1300,23499,396,11063,904,12436,0,0,502,13952,795,4733,503,18685,California
Humboldt,2021-02-12,1147,24646,737,11800,410,12846,0,0,707,14219,440,5173,707,19392,California
Humboldt,2021-02-13,1506,26152,557,12357,949,13795,0,0,915,14545,589,5762,915,20307,California
Humboldt,2021-02-14,112,26264,5,12362,107,13902,0,0,109,14652,2,5764,109,20416,California
Humboldt,2021-02-15,293,26557,78,12440,215,14117,0,0,196,14752,96,5860,196,20612,California
Humboldt,2021-02-16,535,27092,119,12559,416,14533,0,0,254,14726,281,6141,255,20867,California
Humboldt,2021-02-17,450,27542,278,12837,172,14705,0,0,134,14545,315,6456,134,21001,California
Humboldt,2021-02-18,971,28513,596,13433,375,15080,0,0,230,14036,739,7195,230,21231,California
Humboldt,2021-02-19,476,28989,434,13867,42,15122,0,0,89,13741,384,7579,89,21320,California
Humboldt,2021-02-20,1611,30600,987,14854,624,15746,0,0,474,13084,1134,8713,477,21797,California
Humboldt,2021-02-21,479,31079,471,15325,8,15754,0,0,182,12970,297,9010,183,21980,California
Humboldt,2021-02-22,129,31208,92,15417,37,15791,0,0,29,12901,98,9108,29,22009,California
Humboldt,2021-02-23,176,31384,71,15488,105,15896,0,0,41,12809,133,9241,41,22050,California
Humboldt,2021-02-24,1166,32550,706,16194,460,16356,0,0,587,12818,578,9819,587,22637,California
Humboldt,2021-02-25,834,33384,318,16512,516,16872,0,0,230,12446,602,10421,230,22867,California
Humboldt,2021-02-26,2147,35531,106,16618,2041,18913,0,0,449,11204,1692,12113,450,23317,California
Humboldt,2021-02-27,1695,37226,1077,17695,618,19531,0,0,869,11253,824,12937,873,24190,California
Humboldt,2021-02-28,122,37348,10,17705,112,19643,0,0,116,11363,6,12943,116,24306,California
Humboldt,2021-03-01,259,37607,47,17752,212,19855,0,0,184,11472,75,13018,184,24490,California
Humboldt,2021-03-02,292,37899,50,17802,242,20097,0,0,161,11502,131,13149,161,24651,California
Humboldt,2021-03-03,1661,39560,1100,18902,561,20658,0,0,1221,12290,434,13583,1222,25873,California
Humboldt,2021-03-04,904,40464,112,19014,792,21450,0,0,284,11956,620,14203,286,26159,California
Humboldt,2021-03-05,949,41413,188,19202,750,22200,11,11,392,11806,553,14756,403,26562,California
Humboldt,2021-03-06,1700,43113,842,20044,809,23009,49,60,715,11586,984,15740,764,27326,California
Humboldt,2021-03-07,365,43478,296,20340,51,23060,18,78,157,11553,208,15948,175,27501,California
Humboldt,2021-03-08,277,43755,7,20347,192,23252,78,156,183,11720,94,16042,261,27762,California
Humboldt,2021-03-09,492,44247,211,20558,133,23385,148,304,240,11857,250,16292,387,28149,California
Humboldt,2021-03-10,690,44937,466,21024,70,23455,154,458,421,12162,268,16560,573,28722,California
Humboldt,2021-03-11,1465,46402,461,21485,904,24359,100,558,642,12085,818,17378,741,29463,California
Humboldt,2021-03-12,1748,48150,1084,22569,442,24801,222,780,1055,12681,685,18063,1281,30744,California
Humboldt,2021-03-13,1571,49721,1023,23592,496,25297,52,832,676,12520,889,18952,728,31472,California
Humboldt,2021-03-14,143,49864,19,23611,115,25412,9,841,29,12444,114,19066,38,31510,California
Humboldt,2021-03-15,278,50142,51,23662,206,25618,21,862,59,12305,219,19285,80,31590,California
Humboldt,2021-03-16,638,50780,201,23863,176,25794,261,1123,262,12451,375,19660,521,32111,California
Humboldt,2021-03-17,732,51512,396,24259,228,26022,108,1231,340,12508,391,20051,448,32559,California
Humboldt,2021-03-18,1735,53247,1165,25424,527,26549,43,1274,1039,12899,691,20742,1082,33641,California
Humboldt,2021-03-19,1075,54322,60,25484,701,27250,314,1588,440,13020,632,21374,753,34394,California
Humboldt,2021-03-20,1378,55700,753,26237,612,27862,13,1601,426,12510,950,22324,440,34834,California
Humboldt,2021-03-21,249,55949,32,26269,188,28050,29,1630,204,12697,45,22369,232,35066,California
Humboldt,2021-03-22,119,56068,16,26285,53,28103,50,1680,62,12754,55,22424,112,35178,California
Humboldt,2021-03-23,412,56480,42,26327,327,28430,43,1723,319,13025,91,22515,362,35540,California
Humboldt,2021-03-24,1415,57895,389,26716,978,29408,48,1771,1038,13741,369,22884,1085,36625,California
Humboldt,2021-03-25,1836,59731,1210,27926,564,29972,62,1833,947,13863,887,23771,1009,37634,California
Humboldt,2021-03-26,2041,61772,437,28363,1547,31519,57,1890,1594,15072,441,24212,1650,39284,California
Humboldt,2021-03-27,2022,63794,1446,29809,405,31924,171,2061,1147,15520,871,25083,1319,40603,California
Humboldt,2021-03-28,266,64060,81,29890,114,32038,71,2132,85,15496,181,25264,157,40760,California
Humboldt,2021-03-29,470,64530,127,30017,248,32286,95,2227,201,15523,268,25532,295,41055,California
Humboldt,2021-03-30,942,65472,304,30321,524,32810,114,2341,562,15823,375,25907,675,41730,California
Humboldt,2021-03-31,1865,67337,521,30842,1248,34058,96,2437,1411,16881,451,26358,1509,43239,California
Humboldt,2021-04-01,2110,69447,705,31547,1311,35369,94,2531,1479,17831,624,26982,1574,44813,California
Humboldt,2021-04-02,1726,71173,1111,32658,510,35879,105,2636,622,17459,1099,28081,727,45540,California
Humboldt,2021-04-03,1667,72840,1507,34165,145,36024,15,2651,672,17161,985,29066,687,46227,California
Humboldt,2021-04-04,484,73324,371,34536,104,36128,9,2660,405,17497,79,29145,415,46642,California
Humboldt,2021-04-05,775,74099,461,34997,266,36394,48,2708,441,17654,332,29477,489,47131,California
Humboldt,2021-04-06,841,74940,317,35314,390,36784,134,2842,587,18126,248,29725,720,47851,California
Humboldt,2021-04-07,1492,76432,1061,36375,291,37075,140,2982,988,18752,502,30227,1128,48979,California
Humboldt,2021-04-08,1742,78174,1091,37466,493,37568,158,3140,739,18651,1001,31228,900,49879,California
Humboldt,2021-04-09,1438,79612,436,37902,847,38415,155,3295,1151,19662,287,31515,1298,51177,California
Humboldt,2021-04-10,934,80546,137,38039,621,39036,176,3471,733,20370,199,31714,907,52084,California
Humboldt,2021-04-11,640,81186,138,38177,35,39071,467,3938,127,20451,513,32227,594,52678,California
Humboldt,2021-04-12,432,81618,224,38401,83,39154,125,4063,274,20692,158,32385,399,53077,California
Humboldt,2021-04-13,584,82202,321,38722,260,39414,3,4066,550,21213,31,32416,552,53629,California
Humboldt,2021-04-14,1428,83630,1032,39754,396,39810,0,4066,1315,22417,111,32527,1315,54944,California
Humboldt,2021-04-15,1817,85447,1196,40950,617,40427,4,4070,1249,23118,550,33077,1251,56195,California
Humboldt,2021-04-16,1124,86571,520,41470,604,41031,0,4070,538,23074,582,33659,538,56733,California
Humboldt,2021-04-17,1602,88173,1279,42749,323,41354,0,4070,1009,23496,587,34246,1009,57742,California
Humboldt,2021-04-18,657,88830,344,43093,312,41666,1,4071,94,23033,557,34803,94,57836,California
Humboldt,2021-04-19,198,89028,84,43177,114,41780,0,4071,83,23003,113,34916,83,57919,California
Humboldt,2021-04-20,477,89505,129,43306,348,42128,0,4071,231,22989,245,35161,231,58150,California
Humboldt,2021-04-21,1090,90595,380,43686,710,42838,0,4071,429,22768,651,35812,430,58580,California
Humboldt,2021-04-22,876,91471,523,44209,351,43189,2,4073,442,22778,432,36244,442,59022,California
Humboldt,2021-04-23,2157,93628,304,44513,1853,45042,0,4073,312,21249,1841,38085,312,59334,California
Humboldt,2021-04-24,1085,94713,880,45393,200,45242,5,4078,362,20895,721,38806,367,59701,California
Humboldt,2021-04-25,374,95087,239,45632,135,45377,0,4078,190,20904,181,38987,190,59891,California
Humboldt,2021-04-26,307,95394,213,45845,90,45467,4,4082,87,20775,218,39205,89,59980,California
Humboldt,2021-04-27,704,96098,226,46071,460,45927,18,4100,144,20379,558,39763,162,60142,California
Humboldt,2021-04-28,1540,97638,796,46867,699,46626,45,4145,399,19684,1139,40902,444,60586,California
Humboldt,2021-04-29,1722,99360,578,47445,1106,47732,38,4183,278,18560,1440,42342,316,60902,California
Humboldt,2021-04-30,1251,100611,395,47840,822,48554,34,4217,196,17739,1049,43391,228,61130,California
Humboldt,2021-05-01,460,101071,379,48219,59,48613,22,4239,283,17868,176,43567,305,61435,California
Humboldt,2021-05-02,227,101298,182,48401,36,48649,9,4248,113,17878,113,43680,123,61558,California
Humboldt,2021-05-03,609,101907,376,48777,209,48858,24,4272,97,17490,510,44190,122,61680,California
Humboldt,2021-05-04,820,102727,482,49259,292,49150,46,4318,248,17214,569,44759,293,61973,California
Humboldt,2021-05-05,1685,104412,1075,50334,553,49703,57,4375,179,15949,1499,46258,234,62207,California
Humboldt,2021-05-06,1689,106101,1073,51407,364,50067,252,4627,138,14792,1548,47806,391,62598,California
Humboldt,2021-05-07,1421,107522,304,51711,1058,51125,59,4686,236,13902,1183,48989,293,62891,California
Humboldt,2021-05-08,740,108262,146,51857,571,51696,23,4709,91,13369,647,49636,114,63005,California
Humboldt,2021-05-09,907,109169,855,52712,42,51738,10,4719,48,12568,859,50495,58,63063,California
Humboldt,2021-05-10,214,109383,36,52748,140,51878,38,4757,81,12554,133,50628,119,63182,California
Humboldt,2021-05-11,490,109873,147,52895,272,52150,71,4828,184,12503,306,50934,255,63437,California
Humboldt,2021-05-12,577,110450,122,53017,413,52563,42,4870,203,12375,373,51307,245,63682,California
Humboldt,2021-05-13,499,110949,239,53256,235,52798,25,4895,209,12321,288,51595,234,63916,California
Humboldt,2021-05-14,688,111637,134,53390,451,53249,103,4998,227,12192,458,52053,329,64245,California
Humboldt,2021-05-15,780,112417,641,54031,131,53380,8,5006,209,11839,570,52623,217,64462,California
Humboldt,2021-05-16,128,112545,57,54088,67,53447,4,5010,73,11861,55,52678,77,64539,California
Humboldt,2021-05-17,395,112940,213,54301,160,53607,22,5032,220,11929,173,52851,241,64780,California
Humboldt,2021-05-18,659,113599,327,54628,303,53910,29,5061,367,12034,291,53142,396,65176,California
Humboldt,2021-05-19,949,114548,528,55156,378,54288,43,5104,336,11802,609,53751,377,65553,California
Humboldt,2021-05-20,690,115238,516,55672,161,54449,13,5117,515,12159,172,53923,529,66082,California
Humboldt,2021-05-21,762,116000,218,55890,484,54933,60,5177,296,12049,466,54389,356,66438,California
Humboldt,2021-05-22,347,116347,265,56155,74,55007,8,5185,98,11907,248,54637,106,66544,California
Humboldt,2021-05-23,344,116691,297,56452,44,55051,3,5188,58,11682,286,54923,61,66605,California
Humboldt,2021-05-24,309,117000,167,56619,113,55164,29,5217,181,11766,126,55049,210,66815,California
Humboldt,2021-05-25,536,117536,354,56973,158,55322,24,5241,310,11877,223,55272,334,67149,California
Humboldt,2021-05-26,628,118164,312,57285,293,55615,23,5264,303,11878,325,55597,326,67475,California
Humboldt,2021-05-27,244,118408,160,57445,68,55683,16,5280,155,11960,89,55686,171,67646,California
Imperial,2020-12-16,1,1,1,1,0,0,0,0,1,1,0,0,1,1,California
Imperial,2020-12-17,5,6,5,6,0,0,0,0,5,6,0,0,5,6,California
Imperial,2020-12-18,12,18,12,18,0,0,0,0,12,18,0,0,12,18,California
Imperial,2020-12-20,2,20,2,20,0,0,0,0,2,20,0,0,2,20,California
Imperial,2020-12-21,186,206,186,206,0,0,0,0,186,206,0,0,186,206,California
Imperial,2020-12-22,241,447,239,445,2,2,0,0,241,447,0,0,241,447,California
Imperial,2020-12-23,211,658,210,655,1,3,0,0,210,657,0,0,210,657,California
Imperial,2020-12-24,5,663,5,660,0,3,0,0,5,662,0,0,5,662,California
Imperial,2020-12-26,1,664,0,660,1,4,0,0,1,663,0,0,1,663,California
Imperial,2020-12-27,62,726,0,660,62,66,0,0,62,725,0,0,62,725,California
Imperial,2020-12-28,214,940,114,774,100,166,0,0,214,939,0,0,214,939,California
Imperial,2020-12-29,189,1129,36,810,153,319,0,0,189,1128,0,0,189,1128,California
Imperial,2020-12-30,366,1495,50,860,316,635,0,0,366,1494,0,0,366,1494,California
Imperial,2020-12-31,197,1692,26,886,171,806,0,0,197,1691,0,0,197,1691,California
Imperial,2021-01-01,47,1739,5,891,42,848,0,0,47,1738,0,0,47,1738,California
Imperial,2021-01-02,4,1743,0,891,4,852,0,0,4,1742,0,0,4,1742,California
Imperial,2021-01-03,90,1833,0,891,90,942,0,0,90,1832,0,0,90,1832,California
Imperial,2021-01-04,85,1918,5,896,80,1022,0,0,85,1917,0,0,85,1917,California
Imperial,2021-01-05,174,2092,14,910,160,1182,0,0,174,2091,0,0,174,2091,California
Imperial,2021-01-06,190,2282,25,935,165,1347,0,0,189,2279,1,1,189,2280,California
Imperial,2021-01-07,323,2605,11,946,312,1659,0,0,319,2594,4,5,319,2599,California
Imperial,2021-01-08,192,2797,52,998,140,1799,0,0,182,2766,10,15,182,2781,California
Imperial,2021-01-09,24,2821,21,1019,3,1802,0,0,24,2790,0,15,24,2805,California
Imperial,2021-01-10,1,2822,0,1019,1,1803,0,0,1,2791,0,15,1,2806,California
Imperial,2021-01-11,403,3225,244,1263,159,1962,0,0,175,2738,228,243,175,2981,California
Imperial,2021-01-12,404,3629,302,1565,102,2064,0,0,142,2619,261,504,142,3123,California
Imperial,2021-01-13,379,4008,133,1698,246,2310,0,0,280,2800,99,603,280,3403,California
Imperial,2021-01-14,261,4269,151,1849,110,2420,0,0,255,3050,5,608,255,3658,California
Imperial,2021-01-15,241,4510,182,2031,59,2479,0,0,234,3277,7,615,234,3892,California
Imperial,2021-01-16,78,4588,74,2105,4,2483,0,0,77,3353,1,616,77,3969,California
Imperial,2021-01-17,10,4598,2,2107,8,2491,0,0,10,3363,0,616,10,3979,California
Imperial,2021-01-18,1058,5656,399,2506,659,3150,0,0,960,4226,98,714,961,4940,California
Imperial,2021-01-19,165,5821,129,2635,36,3186,0,0,118,4297,47,761,118,5058,California
Imperial,2021-01-20,293,6114,196,2831,97,3283,0,0,255,4514,38,799,255,5313,California
Imperial,2021-01-21,416,6530,183,3014,233,3516,0,0,396,4890,20,819,396,5709,California
Imperial,2021-01-22,457,6987,189,3203,268,3784,0,0,448,5329,9,828,448,6157,California
Imperial,2021-01-23,1040,8027,290,3493,750,4534,0,0,1039,6367,1,829,1039,7196,California
Imperial,2021-01-24,11,8038,4,3497,7,4541,0,0,11,6378,0,829,11,7207,California
Imperial,2021-01-25,214,8252,5,3502,209,4750,0,0,34,6234,178,1007,34,7241,California
Imperial,2021-01-26,364,8616,185,3687,179,4929,0,0,221,6312,143,1150,221,7462,California
Imperial,2021-01-27,570,9186,162,3849,408,5337,0,0,237,6216,333,1483,237,7699,California
Imperial,2021-01-28,635,9821,160,4009,475,5812,0,0,527,6635,108,1591,527,8226,California
Imperial,2021-01-29,425,10246,296,4305,129,5941,0,0,375,6960,50,1641,375,8601,California
Imperial,2021-01-30,56,10302,31,4336,25,5966,0,0,39,6982,17,1658,39,8640,California
Imperial,2021-01-31,17,10319,7,4343,10,5976,0,0,16,6997,1,1659,16,8656,California
Imperial,2021-02-01,422,10741,55,4398,367,6343,0,0,211,6999,209,1868,211,8867,California
Imperial,2021-02-02,684,11425,56,4454,628,6971,0,0,503,7321,181,2049,503,9370,California
Imperial,2021-02-03,459,11884,51,4505,408,7379,0,0,263,7389,195,2244,263,9633,California
Imperial,2021-02-04,1722,13606,1200,5705,522,7901,0,0,1407,8483,313,2557,1407,11040,California
Imperial,2021-02-05,391,13997,243,5948,148,8049,0,0,157,8405,235,2792,157,11197,California
Imperial,2021-02-06,862,14859,837,6785,25,8074,0,0,826,9194,37,2829,826,12023,California
Imperial,2021-02-07,21,14880,9,6794,12,8086,0,0,20,9213,1,2830,20,12043,California
Imperial,2021-02-08,249,15129,42,6836,207,8293,0,0,181,9326,68,2898,181,12224,California
Imperial,2021-02-09,464,15593,147,6983,317,8610,0,0,306,9474,158,3056,306,12530,California
Imperial,2021-02-10,459,16052,56,7039,403,9013,0,0,96,9208,363,3419,97,12627,California
Imperial,2021-02-11,1024,17076,367,7406,657,9670,0,0,146,8481,873,4292,146,12773,California
Imperial,2021-02-12,2131,19207,1410,8816,721,10391,0,0,1781,9910,353,4645,1782,14555,California
Imperial,2021-02-13,47,19254,18,8834,29,10420,0,0,42,9945,8,4653,43,14598,California
Imperial,2021-02-14,24,19278,12,8846,12,10432,0,0,21,9963,3,4656,21,14619,California
Imperial,2021-02-15,95,19373,11,8857,84,10516,0,0,84,10036,11,4667,84,14703,California
Imperial,2021-02-16,514,19887,267,9124,247,10763,0,0,293,10108,221,4888,293,14996,California
Imperial,2021-02-17,439,20326,285,9409,154,10917,0,0,83,9835,356,5244,83,15079,California
Imperial,2021-02-18,646,20972,308,9717,338,11255,0,0,140,9470,505,5749,140,15219,California
Imperial,2021-02-19,770,21742,383,10100,387,11642,0,0,195,9091,574,6323,195,15414,California
Imperial,2021-02-20,1041,22783,191,10291,850,12492,0,0,327,8708,712,7035,329,15743,California
Imperial,2021-02-21,591,23374,557,10848,34,12526,0,0,580,9278,10,7045,580,16323,California
Imperial,2021-02-22,806,24180,567,11415,239,12765,0,0,757,9986,49,7094,757,17080,California
Imperial,2021-02-23,963,25143,395,11810,568,13333,0,0,908,10840,55,7149,909,17989,California
Imperial,2021-02-24,718,25861,302,12112,416,13749,0,0,621,11365,96,7245,621,18610,California
Imperial,2021-02-25,857,26718,341,12453,516,14265,0,0,487,11488,369,7614,492,19102,California
Imperial,2021-02-26,2277,28995,1351,13804,926,15191,0,0,1800,12813,476,8090,1801,20903,California
Imperial,2021-02-27,867,29862,812,14616,55,15246,0,0,131,12207,738,8828,132,21035,California
Imperial,2021-02-28,32,29894,20,14636,12,15258,0,0,22,12219,10,8838,22,21057,California
Imperial,2021-03-01,502,30396,297,14933,203,15461,2,2,434,12591,65,8903,437,21494,California
Imperial,2021-03-02,678,31074,246,15179,432,15893,0,2,387,12691,289,9192,389,21883,California
Imperial,2021-03-03,927,32001,49,15228,877,16770,1,3,558,12895,366,9558,570,22453,California
Imperial,2021-03-04,756,32757,85,15313,670,17440,1,4,493,13157,261,9819,523,22976,California
Imperial,2021-03-05,2991,35748,2201,17514,790,18230,0,4,1651,13467,1343,11162,1653,24629,California
Imperial,2021-03-06,704,36452,238,17752,466,18696,0,4,659,14088,42,11204,663,25292,California
Imperial,2021-03-07,85,36537,41,17793,44,18740,0,4,60,14125,24,11228,61,25353,California
Imperial,2021-03-08,415,36952,331,18124,49,18789,35,39,362,14470,52,11280,397,25750,California
Imperial,2021-03-09,682,37634,311,18435,124,18913,247,286,398,14830,284,11564,644,26394,California
Imperial,2021-03-10,685,38319,313,18748,267,19180,105,391,322,14895,362,11926,427,26821,California
Imperial,2021-03-11,1794,40113,479,19227,1123,20303,192,583,1192,15691,599,12525,1395,28216,California
Imperial,2021-03-12,4699,44812,3441,22668,1071,21374,187,770,3006,17196,1688,14213,3193,31409,California
Imperial,2021-03-13,1157,45969,94,22762,838,22212,225,995,861,17994,293,14506,1091,32500,California
Imperial,2021-03-14,176,46145,36,22798,126,22338,14,1009,140,18113,36,14542,155,32655,California
Imperial,2021-03-15,687,46832,227,23025,201,22539,259,1268,390,18467,295,14837,649,33304,California
Imperial,2021-03-16,1102,47934,275,23300,360,22899,467,1735,551,18935,549,15386,1017,34321,California
Imperial,2021-03-17,1600,49534,692,23992,771,23670,137,1872,1014,19509,578,15964,1152,35473,California
Imperial,2021-03-18,1805,51339,1193,25185,552,24222,60,1932,1271,20311,531,16495,1333,36806,California
Imperial,2021-03-19,3743,55082,2745,27930,994,25216,4,1936,1887,20355,1848,18343,1892,38698,California
Imperial,2021-03-20,1762,56844,553,28483,1204,26420,5,1941,1314,21238,442,18785,1325,40023,California
Imperial,2021-03-21,217,57061,35,28518,178,26598,4,1945,159,21347,58,18843,167,40190,California
Imperial,2021-03-22,1047,58108,339,28857,701,27299,7,1952,622,21554,424,19267,631,40821,California
Imperial,2021-03-23,1422,59530,436,29293,979,28278,7,1959,921,21986,498,19765,930,41751,California
Imperial,2021-03-24,2128,61658,565,29858,1138,29416,425,2384,1152,22589,973,20738,1576,43327,California
Imperial,2021-03-25,3198,64856,690,30548,889,30305,1619,4003,1198,23402,1994,22732,2807,46134,California
Imperial,2021-03-26,3175,68031,1173,31721,1024,31329,978,4981,905,23025,2259,24991,1882,48016,California
Imperial,2021-03-27,613,68644,284,32005,277,31606,52,5033,445,23357,165,25156,497,48513,California
Imperial,2021-03-28,210,68854,51,32056,157,31763,2,5035,172,23494,37,25193,174,48687,California
Imperial,2021-03-29,1456,70310,348,32404,393,32156,715,5750,320,23394,1134,26327,1034,49721,California
Imperial,2021-03-30,2085,72395,686,33090,593,32749,806,6556,684,23484,1401,27728,1491,51212,California
Imperial,2021-03-31,1542,73937,728,33818,808,33557,6,6562,1022,23994,517,28245,1027,52239,California
Imperial,2021-04-01,1955,75892,421,34239,1292,34849,242,6804,869,24023,1081,29326,1110,53349,California
Imperial,2021-04-02,1930,77822,475,34714,1381,36230,74,6878,1318,24806,607,29933,1390,54739,California
Imperial,2021-04-03,1519,79341,430,35144,1010,37240,79,6957,702,24773,814,30747,781,55520,California
Imperial,2021-04-04,85,79426,40,35184,28,37268,17,6974,23,24751,62,30809,40,55560,California
Imperial,2021-04-05,3399,82825,2319,37503,915,38183,165,7139,805,23137,2584,33393,970,56530,California
Imperial,2021-04-06,1309,84134,527,38030,592,38775,190,7329,682,23387,623,34016,873,57403,California
Imperial,2021-04-07,2159,86293,555,38585,1227,40002,377,7706,1558,24717,606,34622,1936,59339,California
Imperial,2021-04-08,2200,88493,1076,39661,827,40829,297,8003,1068,24955,1129,35751,1367,60706,California
Imperial,2021-04-09,3200,91693,1656,41317,927,41756,617,8620,1500,25385,1694,37445,2124,62830,California
Imperial,2021-04-10,1279,92972,184,41501,822,42578,273,8893,215,24808,1062,38507,485,63315,California
Imperial,2021-04-11,219,93191,30,41531,157,42735,32,8925,75,24771,144,38651,107,63422,California
Imperial,2021-04-12,1435,94626,767,42298,447,43182,221,9146,814,25189,617,39268,1035,64457,California
Imperial,2021-04-13,2903,97529,1891,44189,1010,44192,2,9148,2026,26342,873,40141,2026,66483,California
Imperial,2021-04-14,2023,99552,944,45133,1079,45271,0,9148,1391,27108,626,40767,1392,67875,California
Imperial,2021-04-15,1977,101529,908,46041,1069,46340,0,9148,1354,27845,619,41386,1356,69231,California
Imperial,2021-04-16,3442,104971,1795,47836,1647,47987,0,9148,2150,28718,1278,42664,2151,71382,California
Imperial,2021-04-17,1816,106787,933,48769,881,48868,2,9150,1417,29744,394,43058,1420,72802,California
Imperial,2021-04-18,253,107040,71,48840,182,49050,0,9150,88,29669,163,43221,88,72890,California
Imperial,2021-04-19,837,107877,267,49107,570,49620,0,9150,467,29773,367,43588,471,73361,California
Imperial,2021-04-20,1321,109198,528,49635,793,50413,0,9150,739,29934,579,44167,740,74101,California
Imperial,2021-04-21,1371,110569,338,49973,1033,51446,0,9150,796,30160,570,44737,796,74897,California
Imperial,2021-04-22,2212,112781,806,50779,1406,52852,0,9150,1509,30978,693,45430,1511,76408,California
Imperial,2021-04-23,2802,115583,533,51312,2269,55121,0,9150,1083,30375,1690,47120,1087,77495,California
Imperial,2021-04-24,549,116132,326,51638,223,55344,0,9150,199,30227,347,47467,199,77694,California
Imperial,2021-04-25,264,116396,97,51735,167,55511,0,9150,134,30233,128,47595,134,77828,California
Imperial,2021-04-26,1159,117555,460,52195,695,56206,4,9154,685,30453,468,48063,688,78516,California
Imperial,2021-04-27,1045,118600,342,52537,693,56899,10,9164,529,30480,511,48574,538,79054,California
Imperial,2021-04-28,1486,120086,645,53182,812,57711,29,9193,674,30375,808,49382,703,79757,California
Imperial,2021-04-29,1805,121891,857,54039,902,58613,46,9239,810,30246,986,50368,857,80614,California
Imperial,2021-04-30,3213,125104,1671,55710,1509,60122,33,9272,1567,30213,1634,52002,1601,82215,California
Imperial,2021-05-01,316,125420,124,55834,189,60311,3,9275,160,30221,156,52158,164,82379,California
Imperial,2021-05-02,83,125503,25,55859,56,60367,2,9277,51,30243,32,52190,54,82433,California
Imperial,2021-05-03,1621,127124,542,56401,1032,61399,47,9324,372,29424,1239,53429,420,82853,California
Imperial,2021-05-04,1746,128870,954,57355,765,62164,27,9351,533,28779,1205,54634,560,83413,California
Imperial,2021-05-05,1504,130374,891,58246,592,62756,21,9372,440,28189,1052,55686,462,83875,California
Imperial,2021-05-06,1670,132044,1107,59353,528,63284,35,9407,536,27632,1128,56814,571,84446,California
Imperial,2021-05-07,2342,134386,1314,60667,983,64267,45,9452,805,26963,1522,58336,853,85299,California
Imperial,2021-05-08,554,134940,415,61082,131,64398,8,9460,160,26744,387,58723,168,85467,California
Imperial,2021-05-09,94,135034,63,61145,30,64428,1,9461,28,26710,63,58786,29,85496,California
Imperial,2021-05-10,1041,136075,265,61410,653,65081,123,9584,298,26394,736,59522,420,85916,California
Imperial,2021-05-11,1397,137472,456,61866,922,66003,19,9603,473,25975,915,60437,496,86412,California
Imperial,2021-05-12,832,138304,265,62131,529,66532,38,9641,283,25754,542,60979,321,86733,California
Imperial,2021-05-13,1496,139800,944,63075,481,67013,71,9712,635,25608,852,61831,706,87439,California
Imperial,2021-05-14,1715,141515,953,64028,710,67723,52,9764,1132,26219,573,62404,1184,88623,California
Imperial,2021-05-15,1211,142726,463,64491,728,68451,20,9784,458,25951,747,63151,479,89102,California
Imperial,2021-05-16,118,142844,80,64571,36,68487,2,9786,47,25930,70,63221,49,89151,California
Imperial,2021-05-17,1830,144674,659,65230,1132,69619,39,9825,644,25433,1181,64402,684,89835,California
Imperial,2021-05-18,1511,146185,785,66015,655,70274,71,9896,849,25697,656,65058,920,90755,California
Imperial,2021-05-19,1252,147437,592,66607,593,70867,67,9963,594,25705,653,65711,661,91416,California
Imperial,2021-05-20,1340,148777,893,67500,382,71249,65,10028,639,25719,691,66402,705,92121,California
Imperial,2021-05-21,1689,150466,1071,68571,557,71806,61,10089,871,25839,812,67214,932,93053,California
Imperial,2021-05-22,243,150709,162,68733,64,71870,17,10106,128,25873,111,67325,145,93198,California
Imperial,2021-05-23,67,150776,20,68753,39,71909,8,10114,22,25861,42,67367,30,93228,California
Imperial,2021-05-24,1195,151971,591,69344,551,72460,53,10167,491,25708,697,68064,544,93772,California
Imperial,2021-05-25,1051,153022,382,69726,639,73099,30,10197,408,25509,637,68701,438,94210,California
Imperial,2021-05-26,915,153937,478,70204,396,73495,41,10238,389,25417,521,69222,429,94639,California
Imperial,2021-05-27,976,154913,587,70791,337,73832,52,10290,481,25460,490,69712,533,95172,California
Inyo,2020-12-19,85,85,85,85,0,0,0,0,85,85,0,0,85,85,California
Inyo,2020-12-20,58,143,58,143,0,0,0,0,58,143,0,0,58,143,California
Inyo,2020-12-21,88,231,85,228,3,3,0,0,88,231,0,0,88,231,California
Inyo,2020-12-22,105,336,105,333,0,3,0,0,105,336,0,0,105,336,California
Inyo,2020-12-23,70,406,67,400,3,6,0,0,70,406,0,0,70,406,California
Inyo,2020-12-24,16,422,16,416,0,6,0,0,16,422,0,0,16,422,California
Inyo,2020-12-25,1,423,0,416,1,7,0,0,1,423,0,0,1,423,California
Inyo,2020-12-26,74,497,74,490,0,7,0,0,74,497,0,0,74,497,California
Inyo,2020-12-28,48,545,36,526,12,19,0,0,48,545,0,0,48,545,California
Inyo,2020-12-29,19,564,19,545,0,19,0,0,19,564,0,0,19,564,California
Inyo,2020-12-30,56,620,54,599,2,21,0,0,56,620,0,0,56,620,California
Inyo,2020-12-31,29,649,0,599,29,50,0,0,29,649,0,0,29,649,California
Inyo,2021-01-01,1,650,0,599,1,51,0,0,1,650,0,0,1,650,California
Inyo,2021-01-03,1,651,0,599,1,52,0,0,1,651,0,0,1,651,California
Inyo,2021-01-04,2,653,1,600,1,53,0,0,2,653,0,0,2,653,California
Inyo,2021-01-05,34,687,0,600,34,87,0,0,34,687,0,0,34,687,California
Inyo,2021-01-06,68,755,0,600,68,155,0,0,68,755,0,0,68,755,California
Inyo,2021-01-07,31,786,1,601,30,185,0,0,31,786,0,0,31,786,California
Inyo,2021-01-08,9,795,8,609,1,186,0,0,4,786,5,5,5,791,California
Inyo,2021-01-09,87,882,86,695,1,187,0,0,1,701,86,91,1,792,California
Inyo,2021-01-10,52,934,52,747,0,187,0,0,0,649,52,143,0,792,California
Inyo,2021-01-11,97,1031,82,829,15,202,0,0,16,584,81,224,16,808,California
Inyo,2021-01-12,139,1170,118,947,21,223,0,0,28,501,111,335,28,836,California
Inyo,2021-01-13,86,1256,68,1015,18,241,0,0,21,458,65,400,22,858,California
Inyo,2021-01-14,59,1315,13,1028,46,287,0,0,49,497,10,410,49,907,California
Inyo,2021-01-15,163,1478,28,1056,135,422,0,0,163,660,0,410,163,1070,California
Inyo,2021-01-16,74,1552,73,1129,1,423,0,0,1,588,73,483,1,1071,California
Inyo,2021-01-18,58,1610,36,1165,22,445,0,0,19,568,39,522,19,1090,California
Inyo,2021-01-19,114,1724,72,1237,42,487,0,0,97,648,17,539,97,1187,California
Inyo,2021-01-20,147,1871,71,1308,76,563,0,0,93,687,54,593,93,1280,California
Inyo,2021-01-21,120,1991,57,1365,63,626,0,0,119,805,1,594,119,1399,California
Inyo,2021-01-22,62,2053,0,1365,62,688,0,0,61,865,1,595,61,1460,California
Inyo,2021-01-23,52,2105,52,1417,0,688,0,0,52,917,0,595,52,1512,California
Inyo,2021-01-25,49,2154,6,1423,43,731,0,0,37,942,12,607,37,1549,California
Inyo,2021-01-26,135,2289,54,1477,81,812,0,0,129,1065,6,613,129,1678,California
Inyo,2021-01-27,24,2313,2,1479,22,834,0,0,23,1087,1,614,23,1701,California
Inyo,2021-01-28,92,2405,2,1481,90,924,0,0,63,1121,29,643,63,1764,California
Inyo,2021-01-29,25,2430,3,1484,22,946,0,0,23,1142,2,645,23,1787,California
Inyo,2021-01-30,11,2441,1,1485,10,956,0,0,11,1153,0,645,11,1798,California
Inyo,2021-01-31,32,2473,4,1489,28,984,0,0,4,1129,28,673,4,1802,California
Inyo,2021-02-01,10,2483,9,1498,1,985,0,0,0,1119,10,683,0,1802,California
Inyo,2021-02-02,130,2613,14,1512,116,1101,0,0,104,1197,26,709,104,1906,California
Inyo,2021-02-03,116,2729,0,1512,116,1217,0,0,74,1229,42,751,74,1980,California
Inyo,2021-02-04,151,2880,33,1545,118,1335,0,0,92,1262,59,810,92,2072,California
Inyo,2021-02-05,117,2997,61,1606,56,1391,0,0,115,1375,2,812,115,2187,California
Inyo,2021-02-06,4,3001,2,1608,2,1393,0,0,3,1377,1,813,3,2190,California
Inyo,2021-02-07,4,3005,2,1610,2,1395,0,0,4,1381,0,813,4,2194,California
Inyo,2021-02-08,117,3122,7,1617,110,1505,0,0,97,1458,20,833,97,2291,California
Inyo,2021-02-09,196,3318,52,1669,144,1649,0,0,125,1512,71,904,125,2416,California
Inyo,2021-02-10,141,3459,17,1686,124,1773,0,0,107,1585,34,938,107,2523,California
Inyo,2021-02-11,220,3679,56,1742,164,1937,0,0,126,1617,94,1032,126,2649,California
Inyo,2021-02-12,299,3978,51,1793,248,2185,0,0,167,1652,132,1164,167,2816,California
Inyo,2021-02-13,60,4038,55,1848,5,2190,0,0,8,1608,52,1216,8,2824,California
Inyo,2021-02-14,1,4039,0,1848,1,2191,0,0,1,1609,0,1216,1,2825,California
Inyo,2021-02-15,29,4068,9,1857,20,2211,0,0,5,1590,24,1240,5,2830,California
Inyo,2021-02-16,179,4247,50,1907,129,2340,0,0,92,1596,86,1326,92,2922,California
Inyo,2021-02-17,38,4285,4,1911,34,2374,0,0,8,1574,30,1356,8,2930,California
Inyo,2021-02-18,122,4407,6,1917,116,2490,0,0,79,1610,43,1399,79,3009,California
Inyo,2021-02-19,52,4459,4,1921,48,2538,0,0,9,1576,43,1442,9,3018,California
Inyo,2021-02-20,507,4966,503,2424,4,2542,0,0,505,2079,2,1444,505,3523,California
Inyo,2021-02-21,441,5407,441,2865,0,2542,0,0,441,2520,0,1444,441,3964,California
Inyo,2021-02-22,61,5468,19,2884,42,2584,0,0,27,2513,34,1478,27,3991,California
Inyo,2021-02-23,199,5667,20,2904,179,2763,0,0,95,2505,103,1581,95,4086,California
Inyo,2021-02-24,118,5785,0,2904,118,2881,0,0,57,2501,61,1642,57,4143,California
Inyo,2021-02-25,132,5917,5,2909,127,3008,0,0,62,2493,70,1712,62,4205,California
Inyo,2021-02-26,103,6020,60,2969,43,3051,0,0,19,2428,84,1796,19,4224,California
Inyo,2021-02-27,14,6034,3,2972,11,3062,0,0,2,2418,12,1808,2,4226,California
Inyo,2021-02-28,3,6037,1,2973,2,3064,0,0,2,2419,1,1809,2,4228,California
Inyo,2021-03-01,19,6056,2,2975,17,3081,0,0,17,2434,2,1811,17,4245,California
Inyo,2021-03-02,196,6252,1,2976,195,3276,0,0,111,2460,85,1896,111,4356,California
Inyo,2021-03-03,84,6336,3,2979,81,3357,0,0,41,2458,43,1939,41,4397,California
Inyo,2021-03-04,128,6464,4,2983,124,3481,0,0,46,2422,82,2021,46,4443,California
Inyo,2021-03-05,141,6605,56,3039,85,3566,0,0,38,2357,103,2124,38,4481,California
Inyo,2021-03-06,30,6635,1,3040,29,3595,0,0,29,2385,1,2125,29,4510,California
Inyo,2021-03-07,7,6642,4,3044,3,3598,0,0,5,2388,2,2127,5,4515,California
Inyo,2021-03-08,182,6824,5,3049,177,3775,0,0,91,2388,91,2218,91,4606,California
Inyo,2021-03-09,190,7014,3,3052,187,3962,0,0,74,2346,116,2334,74,4680,California
Inyo,2021-03-10,70,7084,8,3060,61,4023,1,1,30,2337,40,2374,31,4711,California
Inyo,2021-03-11,204,7288,1,3061,198,4221,5,6,74,2286,130,2504,79,4790,California
Inyo,2021-03-12,175,7463,4,3065,166,4387,5,11,77,2270,98,2602,82,4872,California
Inyo,2021-03-13,584,8047,549,3614,25,4412,10,21,72,1841,511,3113,82,4954,California
Inyo,2021-03-14,439,8486,438,4052,1,4413,0,21,5,1412,434,3547,5,4959,California
Inyo,2021-03-15,51,8537,15,4067,34,4447,2,23,30,1423,21,3568,32,4991,California
Inyo,2021-03-16,164,8701,4,4071,154,4601,6,29,64,1394,99,3667,70,5061,California
Inyo,2021-03-17,108,8809,3,4074,98,4699,7,36,92,1477,16,3683,99,5160,California
Inyo,2021-03-18,185,8994,16,4090,162,4861,7,43,104,1507,81,3764,111,5271,California
Inyo,2021-03-19,46,9040,4,4094,38,4899,4,47,36,1537,10,3774,40,5311,California
Inyo,2021-03-20,20,9060,1,4095,10,4909,9,56,1,1528,19,3793,10,5321,California
Inyo,2021-03-22,58,9118,2,4097,51,4960,5,61,38,1551,20,3813,43,5364,California
Inyo,2021-03-23,195,9313,4,4101,187,5147,4,65,105,1570,90,3903,109,5473,California
Inyo,2021-03-24,140,9453,3,4104,133,5280,4,69,86,1606,54,3957,90,5563,California
Inyo,2021-03-25,331,9784,110,4214,218,5498,3,72,265,1808,66,4023,268,5831,California
Inyo,2021-03-26,91,9875,3,4217,84,5582,4,76,71,1863,20,4043,75,5906,California
Inyo,2021-03-27,53,9928,45,4262,5,5587,3,79,47,1907,6,4049,50,5956,California
Inyo,2021-03-28,4,9932,1,4263,2,5589,1,80,1,1906,3,4052,2,5958,California
Inyo,2021-03-29,109,10041,2,4265,102,5691,5,85,82,1967,26,4078,87,6045,California
Inyo,2021-03-30,220,10261,2,4267,213,5904,5,90,108,1968,112,4190,113,6158,California
Inyo,2021-03-31,149,10410,4,4271,140,6044,5,95,108,2040,41,4231,113,6271,California
Inyo,2021-04-01,166,10576,4,4275,161,6205,1,96,117,2109,49,4280,118,6389,California
Inyo,2021-04-02,80,10656,1,4276,77,6282,2,98,51,2133,29,4309,53,6442,California
Inyo,2021-04-03,93,10749,47,4323,32,6314,14,112,5,2065,86,4395,18,6460,California
Inyo,2021-04-04,5,10754,4,4327,0,6314,1,113,1,2063,4,4399,2,6462,California
Inyo,2021-04-05,117,10871,1,4328,112,6426,4,117,29,2008,88,4487,33,6495,California
Inyo,2021-04-06,235,11106,5,4333,167,6593,63,180,103,2042,132,4619,166,6661,California
Inyo,2021-04-07,203,11309,2,4335,74,6667,127,307,47,2059,157,4776,174,6835,California
Inyo,2021-04-08,180,11489,15,4350,148,6815,17,324,80,2056,100,4876,97,6932,California
Inyo,2021-04-09,125,11614,7,4357,95,6910,23,347,38,2031,86,4962,61,6993,California
Inyo,2021-04-10,42,11656,1,4358,24,6934,17,364,3,2012,39,5001,20,7013,California
Inyo,2021-04-11,1,11657,0,4358,1,6935,0,364,1,2013,0,5001,1,7014,California
Inyo,2021-04-12,79,11736,0,4358,74,7009,5,369,41,2021,38,5039,46,7060,California
Inyo,2021-04-13,120,11856,4,4362,113,7122,3,372,61,2027,58,5097,64,7124,California
Inyo,2021-04-14,127,11983,2,4364,125,7247,0,372,42,1984,85,5182,42,7166,California
Inyo,2021-04-15,275,12258,117,4481,158,7405,0,372,79,1867,196,5378,79,7245,California
Inyo,2021-04-16,47,12305,5,4486,42,7447,0,372,19,1858,28,5406,19,7264,California
Inyo,2021-04-17,2,12307,1,4487,1,7448,0,372,1,1858,1,5407,1,7265,California
Inyo,2021-04-19,128,12435,43,4530,85,7533,0,372,43,1816,85,5492,43,7308,California
Inyo,2021-04-20,163,12598,2,4532,161,7694,0,372,79,1811,84,5576,79,7387,California
Inyo,2021-04-21,113,12711,4,4536,109,7803,0,372,32,1762,81,5657,32,7419,California
Inyo,2021-04-22,196,12907,1,4537,195,7998,0,372,51,1668,145,5802,51,7470,California
Inyo,2021-04-23,95,13002,4,4541,91,8089,0,372,22,1617,73,5875,22,7492,California
Inyo,2021-04-24,309,13311,308,4849,1,8090,0,372,304,1916,5,5880,304,7796,California
Inyo,2021-04-25,135,13446,134,4983,1,8091,0,372,135,2051,0,5880,135,7931,California
Inyo,2021-04-26,91,13537,0,4983,90,8181,1,373,10,1981,81,5961,11,7942,California
Inyo,2021-04-27,181,13718,6,4989,170,8351,5,378,44,1894,136,6097,49,7991,California
Inyo,2021-04-28,121,13839,2,4991,117,8468,2,380,20,1815,101,6198,22,8013,California
Inyo,2021-04-29,172,14011,56,5047,116,8584,0,380,77,1798,94,6292,77,8090,California
Inyo,2021-04-30,85,14096,5,5052,79,8663,1,381,24,1762,61,6353,25,8115,California
Inyo,2021-05-01,11,14107,3,5055,8,8671,0,381,9,1769,2,6355,9,8124,California
Inyo,2021-05-02,7,14114,3,5058,2,8673,2,383,4,1772,3,6358,6,8130,California
Inyo,2021-05-03,38,14152,1,5059,33,8706,4,387,5,1748,33,6391,9,8139,California
Inyo,2021-05-04,123,14275,2,5061,117,8823,4,391,22,1673,101,6492,26,8165,California
Inyo,2021-05-05,35,14310,0,5061,33,8856,2,393,11,1662,24,6516,13,8178,California
Inyo,2021-05-06,93,14403,5,5066,80,8936,8,401,13,1603,80,6596,21,8199,California
Inyo,2021-05-07,48,14451,4,5070,36,8972,8,409,24,1612,23,6619,32,8231,California
Inyo,2021-05-08,11,14462,2,5072,4,8976,5,414,4,1614,7,6626,9,8240,California
Inyo,2021-05-09,1,14463,0,5072,1,8977,0,414,0,1613,1,6627,0,8240,California
Inyo,2021-05-10,69,14532,1,5073,66,9043,2,416,30,1607,39,6666,33,8273,California
Inyo,2021-05-11,86,14618,1,5074,82,9125,3,419,20,1564,66,6732,23,8296,California
Inyo,2021-05-12,43,14661,1,5075,40,9165,2,421,11,1545,32,6764,13,8309,California
Inyo,2021-05-13,74,14735,1,5076,72,9237,1,422,11,1494,63,6827,12,8321,California
Inyo,2021-05-14,26,14761,3,5079,18,9255,5,427,12,1497,14,6841,17,8338,California
Inyo,2021-05-15,380,15141,367,5446,11,9266,2,429,87,1293,293,7134,89,8427,California
Inyo,2021-05-16,198,15339,198,5644,0,9266,0,429,71,1237,127,7261,71,8498,California
Inyo,2021-05-17,62,15401,2,5646,56,9322,4,433,19,1217,43,7304,23,8521,California
Inyo,2021-05-18,82,15483,2,5648,79,9401,1,434,17,1170,65,7369,18,8539,California
Inyo,2021-05-19,48,15531,2,5650,41,9442,5,439,14,1155,34,7403,19,8558,California
Inyo,2021-05-20,144,15675,81,5731,62,9504,1,440,34,1080,110,7513,35,8593,California
Inyo,2021-05-21,46,15721,17,5748,24,9528,5,445,17,1073,29,7542,22,8615,California
Inyo,2021-05-22,24,15745,14,5762,7,9535,3,448,17,1086,7,7549,20,8635,California
Inyo,2021-05-23,4,15749,3,5765,0,9535,1,449,2,1087,2,7551,3,8638,California
Inyo,2021-05-24,33,15782,5,5770,25,9560,3,452,13,1083,20,7571,16,8654,California
Inyo,2021-05-25,83,15865,40,5810,42,9602,1,453,49,1099,34,7605,50,8704,California
Inyo,2021-05-26,34,15899,7,5817,24,9626,3,456,10,1088,23,7628,12,8716,California
Inyo,2021-05-27,23,15922,0,5817,16,9642,7,463,1,1074,22,7650,8,8724,California
Kern,2020-12-15,1,1,1,1,0,0,0,0,1,1,0,0,1,1,California
Kern,2020-12-16,18,19,18,19,0,0,0,0,18,19,0,0,18,19,California
Kern,2020-12-17,164,183,164,183,0,0,0,0,164,183,0,0,164,183,California
Kern,2020-12-18,322,505,322,505,0,0,0,0,322,505,0,0,322,505,California
Kern,2020-12-19,98,603,98,603,0,0,0,0,99,604,0,0,99,604,California
Kern,2020-12-20,61,664,61,664,0,0,0,0,61,665,0,0,61,665,California
Kern,2020-12-21,671,1335,670,1334,1,1,0,0,671,1336,0,0,671,1336,California
Kern,2020-12-22,530,1865,527,1861,3,4,0,0,530,1866,0,0,530,1866,California
Kern,2020-12-23,558,2423,420,2281,138,142,0,0,558,2424,0,0,558,2424,California
Kern,2020-12-24,123,2546,44,2325,79,221,0,0,123,2547,0,0,123,2547,California
Kern,2020-12-25,1,2547,1,2326,0,221,0,0,1,2548,0,0,1,2548,California
Kern,2020-12-26,33,2580,1,2327,32,253,0,0,33,2581,0,0,33,2581,California
Kern,2020-12-27,35,2615,3,2330,32,285,0,0,35,2616,0,0,35,2616,California
Kern,2020-12-28,828,3443,664,2994,164,449,0,0,828,3444,0,0,828,3444,California
Kern,2020-12-29,745,4188,452,3446,293,742,0,0,744,4187,1,1,744,4188,California
Kern,2020-12-30,1204,5392,911,4357,293,1035,0,0,1204,5391,0,1,1204,5392,California
Kern,2020-12-31,277,5669,99,4456,178,1213,0,0,277,5668,0,1,277,5669,California
Kern,2021-01-01,16,5685,9,4465,7,1220,0,0,16,5684,0,1,16,5685,California
Kern,2021-01-02,79,5764,18,4483,61,1281,0,0,79,5763,0,1,79,5764,California
Kern,2021-01-03,23,5787,4,4487,19,1300,0,0,23,5786,0,1,23,5787,California
Kern,2021-01-04,556,6343,361,4848,195,1495,0,0,556,6342,0,1,556,6343,California
Kern,2021-01-05,1133,7476,738,5586,395,1890,0,0,1121,7451,12,13,1121,7464,California
Kern,2021-01-06,1162,8638,451,6037,711,2601,0,0,1132,8553,30,43,1132,8596,California
Kern,2021-01-07,1401,10039,489,6526,912,3513,0,0,1232,9617,168,211,1232,9828,California
Kern,2021-01-08,1627,11666,768,7294,859,4372,0,0,1329,10648,299,510,1330,11158,California
Kern,2021-01-09,227,11893,77,7371,150,4522,0,0,193,10807,34,544,193,11351,California
Kern,2021-01-10,194,12087,148,7519,46,4568,0,0,153,10919,41,585,153,11504,California
Kern,2021-01-11,1557,13644,985,8504,572,5140,0,0,1001,11364,556,1141,1001,12505,California
Kern,2021-01-12,1869,15513,811,9315,1058,6198,0,0,1358,12211,511,1652,1358,13863,California
Kern,2021-01-13,1851,17364,869,10184,982,7180,0,0,1431,13222,420,2072,1431,15294,California
Kern,2021-01-14,2187,19551,646,10830,1541,8721,0,0,2142,15318,46,2118,2142,17436,California
Kern,2021-01-15,2708,22259,857,11687,1851,10572,0,0,2611,17835,95,2213,2612,20048,California
Kern,2021-01-16,670,22929,211,11898,459,11031,0,0,635,18435,35,2248,635,20683,California
Kern,2021-01-17,73,23002,7,11905,66,11097,0,0,71,18504,2,2250,71,20754,California
Kern,2021-01-18,1647,24649,660,12565,987,12084,0,0,1480,19817,167,2417,1480,22234,California
Kern,2021-01-19,1855,26504,1034,13599,821,12905,0,0,1388,20739,467,2884,1389,23623,California
Kern,2021-01-20,2613,29117,1678,15277,935,13840,0,0,1910,21953,698,3582,1912,25535,California
Kern,2021-01-21,2115,31232,869,16146,1246,15086,0,0,1919,23677,195,3777,1919,27454,California
Kern,2021-01-22,2716,33948,1299,17445,1417,16503,0,0,2438,25838,277,4054,2438,29892,California
Kern,2021-01-23,1251,35199,542,17987,709,17212,0,0,1205,26997,46,4100,1205,31097,California
Kern,2021-01-24,154,35353,12,17999,142,17354,0,0,148,27139,6,4106,148,31245,California
Kern,2021-01-25,2386,37739,1086,19085,1300,18654,0,0,1901,28557,484,4590,1902,33147,California
Kern,2021-01-26,2769,40508,1127,20212,1642,20296,0,0,1912,29613,856,5446,1912,35059,California
Kern,2021-01-27,3562,44070,1905,22117,1657,21953,0,0,2861,31776,698,6144,2861,37920,California
Kern,2021-01-28,2871,46941,1358,23475,1513,23466,0,0,2442,33797,424,6568,2445,40365,California
Kern,2021-01-29,3783,50724,1801,25276,1982,25448,0,0,3237,36491,543,7111,3237,43602,California
Kern,2021-01-30,1329,52053,498,25774,831,26279,0,0,1279,37722,48,7159,1279,44881,California
Kern,2021-01-31,405,52458,277,26051,128,26407,0,0,270,37857,135,7294,270,45151,California
Kern,2021-02-01,2598,55056,991,27042,1607,28014,0,0,1885,39033,710,8004,1886,47037,California
Kern,2021-02-02,2752,57808,798,27840,1954,29968,0,0,2049,40380,703,8707,2050,49087,California
Kern,2021-02-03,3665,61473,1552,29392,2113,32081,0,0,2696,42114,962,9669,2696,51783,California
Kern,2021-02-04,3801,65274,1452,30844,2349,34430,0,0,2586,43495,1205,10874,2586,54369,California
Kern,2021-02-05,4855,70129,1990,32834,2865,37295,0,0,3095,44849,1741,12615,3095,57464,California
Kern,2021-02-06,1738,71867,768,33602,970,38265,0,0,1512,46138,223,12838,1512,58976,California
Kern,2021-02-07,283,72150,150,33752,133,38398,0,0,267,46391,14,12852,267,59243,California
Kern,2021-02-08,2571,74721,790,34542,1781,40179,0,0,1258,46356,1295,14147,1260,60503,California
Kern,2021-02-09,3038,77759,986,35528,2052,42231,0,0,1466,46259,1563,15710,1466,61969,California
Kern,2021-02-10,3793,81552,1661,37189,2132,44363,0,0,1875,46233,1902,17612,1876,63845,California
Kern,2021-02-11,4267,85819,1536,38725,2731,47094,0,0,2223,46426,2031,19643,2224,66069,California
Kern,2021-02-12,4957,90776,1893,40618,3064,50158,0,0,2477,46437,2466,22109,2477,68546,California
Kern,2021-02-13,2009,92785,728,41346,1281,51439,0,0,1164,46758,843,22952,1164,69710,California
Kern,2021-02-14,351,93136,12,41358,339,51778,0,0,269,46946,81,23033,269,69979,California
Kern,2021-02-15,2744,95880,896,42254,1848,53626,0,0,1211,46633,1524,24557,1211,71190,California
Kern,2021-02-16,2938,98818,712,42966,2226,55852,0,0,1649,47003,1280,25837,1650,72840,California
Kern,2021-02-17,4069,102887,2078,45044,1991,57843,0,0,1927,46795,2136,27973,1928,74768,California
Kern,2021-02-18,3764,106651,1487,46531,2277,60120,0,0,1627,46295,2127,30100,1627,76395,California
Kern,2021-02-19,4199,110850,1915,48446,2284,62404,0,0,1740,45583,2452,32552,1740,78135,California
Kern,2021-02-20,2581,113431,967,49413,1614,64018,0,0,1351,45708,1226,33778,1351,79486,California
Kern,2021-02-21,259,113690,153,49566,106,64124,0,0,90,45631,167,33945,90,79576,California
Kern,2021-02-22,2669,116359,1153,50719,1516,65640,0,0,1429,45827,1235,35180,1431,81007,California
Kern,2021-02-23,3557,119916,1128,51847,2429,68069,0,0,1982,46237,1573,36753,1983,82990,California
Kern,2021-02-24,5197,125113,2289,54136,2908,70977,0,0,3103,47250,2090,38843,3103,86093,California
Kern,2021-02-25,5372,130485,2456,56592,2916,73893,0,0,3190,48277,2163,41006,3190,89283,California
Kern,2021-02-26,6904,137389,3531,60123,3373,77266,0,0,4357,50095,2540,43546,4358,93641,California
Kern,2021-02-27,3956,141345,1986,62109,1970,79236,0,0,2616,51379,1332,44878,2616,96257,California
Kern,2021-02-28,916,142261,503,62612,412,79648,1,1,696,51858,218,45096,697,96954,California
Kern,2021-03-01,4002,146263,1819,64431,2180,81828,3,4,2686,53240,1307,46403,2689,99643,California
Kern,2021-03-02,4470,150733,1414,65845,3055,84883,1,5,2949,54679,1510,47913,2949,102592,California
Kern,2021-03-03,5928,156661,2811,68656,3117,88000,0,5,3832,56430,2082,49995,3833,106425,California
Kern,2021-03-04,5596,162257,2196,70852,3397,91397,3,8,3600,58050,1982,51977,3602,110027,California
Kern,2021-03-05,6665,168922,2859,73711,3787,95184,19,27,4230,59873,2426,54403,4249,114276,California
Kern,2021-03-06,4729,173651,1926,75637,2703,97887,100,127,3461,62172,1261,55664,3560,117836,California
Kern,2021-03-07,2055,175706,1591,77228,413,98300,51,178,1861,63891,193,55857,1912,119748,California
Kern,2021-03-08,2887,178593,922,78150,1752,100052,213,391,1524,64266,1360,57217,1735,121483,California
Kern,2021-03-09,3717,182310,808,78958,2526,102578,383,774,2317,65571,1392,58609,2697,124180,California
Kern,2021-03-10,6133,188443,2564,81522,2498,105076,1071,1845,3594,67710,2524,61133,4663,128843,California
Kern,2021-03-11,6338,194781,2444,83966,2868,107944,1026,2871,3778,69962,2549,63682,4801,133644,California
Kern,2021-03-12,7827,202608,3070,87036,3405,111349,1352,4223,4314,72118,3500,67182,5656,139300,California
Kern,2021-03-13,4660,207268,2526,89562,1799,113148,335,4558,3240,74275,1414,68596,3571,142871,California
Kern,2021-03-14,2297,209565,1522,91084,534,113682,241,4799,1776,75768,521,69117,2014,144885,California
Kern,2021-03-15,4266,213831,1100,92184,2453,116135,713,5512,2198,76616,2056,71173,2904,147789,California
Kern,2021-03-16,4345,218176,1014,93198,2799,118934,532,6044,2336,77482,1999,73172,2865,150654,California
Kern,2021-03-17,7477,225653,4048,97246,2879,121813,550,6594,4516,79597,2950,76122,5065,155719,California
Kern,2021-03-18,7274,232927,3680,100926,3009,124822,585,7179,4402,81727,2853,78975,4983,160702,California
Kern,2021-03-19,8980,241907,4981,105907,3344,128166,655,7834,4713,82837,4252,83227,5362,166064,California
Kern,2021-03-20,6176,248083,3821,109728,2181,130347,174,8008,3912,84670,2254,85481,4087,170151,California
Kern,2021-03-21,3045,251128,1929,111657,236,130583,880,8888,1846,86202,1193,86674,2725,172876,California
Kern,2021-03-22,3990,255118,1566,113223,2067,132650,357,9245,1938,86460,2037,88711,2295,175171,California
Kern,2021-03-23,4735,259853,1676,114899,2860,135510,199,9444,2485,86921,2221,90932,2682,177853,California
Kern,2021-03-24,7182,267035,3674,118573,3031,138541,477,9921,3657,87547,3507,94439,4133,181986,California
Kern,2021-03-25,6757,273792,2996,121569,3430,141971,331,10252,3279,87693,3461,97900,3607,185593,California
Kern,2021-03-26,9872,283664,4416,125985,4200,146171,1256,11508,4742,88577,5112,103012,5996,191589,California
Kern,2021-03-27,5701,289365,3996,129981,1577,147748,128,11636,3445,89895,2254,105266,3572,195161,California
Kern,2021-03-28,4683,294048,4192,134173,477,148225,14,11650,2954,91135,1728,106994,2968,198129,California
Kern,2021-03-29,4253,298301,1680,135853,2294,150519,279,11929,2610,92391,1630,108624,2886,201015,California
Kern,2021-03-30,5601,303902,1873,137726,3343,153862,385,12314,3075,93328,2522,111146,3459,204474,California
Kern,2021-03-31,8405,312307,4544,142270,3212,157074,649,12963,4348,94283,4041,115187,4996,209470,California
Kern,2021-04-01,7883,320190,3874,146144,3711,160785,298,13261,4223,95162,3639,118826,4518,213988,California
Kern,2021-04-02,8435,328625,4454,150598,3374,164159,607,13868,4215,95774,4204,123030,4816,218804,California
Kern,2021-04-03,5986,334611,3671,154269,2132,166291,183,14051,2662,95300,3316,126346,2842,221646,California
Kern,2021-04-04,1338,335949,875,155144,379,166670,84,14135,476,95001,859,127205,560,222206,California
Kern,2021-04-05,5372,341321,2223,157367,2379,169049,770,14905,2907,96205,2453,129658,3657,225863,California
Kern,2021-04-06,7103,348424,2470,159837,3263,172312,1370,16275,3566,97627,3513,133171,4935,230798,California
Kern,2021-04-07,9362,357786,5461,165298,2939,175251,962,17237,4569,98392,4774,137945,5539,236337,California
Kern,2021-04-08,8626,366412,4778,170076,2943,178194,905,18142,3701,98096,4903,142848,4607,240944,California
Kern,2021-04-09,10188,376600,5121,175197,4081,182275,986,19128,4325,97577,5838,148686,5319,246263,California
Kern,2021-04-10,6539,383139,3429,178626,1869,184144,1241,20369,2123,96531,4406,153092,3360,249623,California
Kern,2021-04-11,3831,386970,2892,181518,356,184500,583,20952,1249,95789,2570,155662,1828,251451,California
Kern,2021-04-12,4381,391351,984,182502,2426,186926,971,21923,1568,95531,2796,158458,2538,253989,California
Kern,2021-04-13,4280,395631,1409,183911,2846,189772,25,21948,2111,95510,2158,160616,2137,256126,California
Kern,2021-04-14,6040,401671,2964,186875,3054,192826,22,21970,2988,95482,3037,163653,3009,259135,California
Kern,2021-04-15,5267,406938,2468,189343,2797,195623,2,21972,2502,95238,2748,166401,2504,261639,California
Kern,2021-04-16,7243,414181,3435,192778,3807,199430,1,21973,2953,93927,4266,170667,2955,264594,California
Kern,2021-04-17,5888,420069,3854,196632,2034,201464,0,21973,2091,92237,3782,174449,2092,266686,California
Kern,2021-04-18,3738,423807,3501,200133,237,201701,0,21973,905,90317,2825,177274,905,267591,California
Kern,2021-04-19,3815,427622,1725,201858,2088,203789,2,21975,1411,89344,2384,179658,1411,269002,California
Kern,2021-04-20,4333,431955,1557,203415,2775,206564,1,21976,1629,88285,2690,182348,1631,270633,California
Kern,2021-04-21,5856,437811,3125,206540,2726,209290,5,21981,2130,86713,3705,186053,2133,272766,California
Kern,2021-04-22,4779,442590,2308,208848,2471,211761,0,21981,1688,85332,3070,189123,1689,274455,California
Kern,2021-04-23,6051,448641,2936,211784,3114,214875,1,21982,1890,83098,4125,193248,1891,276346,California
Kern,2021-04-24,3991,452632,2786,214570,1194,216069,11,21993,1437,82009,2536,195784,1447,277793,California
Kern,2021-04-25,1339,453971,1061,215631,278,216347,0,21993,764,82204,569,196353,764,278557,California
Kern,2021-04-26,3787,457758,1820,217451,1915,218262,52,22045,1035,80551,2742,199095,1089,279646,California
Kern,2021-04-27,4637,462395,2275,219726,2261,220523,101,22146,1406,78836,3219,202314,1504,281150,California
Kern,2021-04-28,6249,468644,3676,223402,2450,222973,123,22269,1775,76273,4458,206772,1895,283045,California
Kern,2021-04-29,5513,474157,3063,226465,2350,225323,100,22369,1622,74125,3871,210643,1723,284768,California
Kern,2021-04-30,5597,479754,3130,229595,2307,227630,160,22529,1620,71940,3964,214607,1779,286547,California
Kern,2021-05-01,2581,482335,1804,231399,717,228347,60,22589,955,71338,1616,216223,1014,287561,California
Kern,2021-05-02,1885,484220,1601,233000,263,228610,21,22610,692,70863,1188,217411,713,288274,California
Kern,2021-05-03,2485,486705,987,233987,1366,229976,132,22742,760,70045,1711,219122,893,289167,California
Kern,2021-05-04,3610,490315,1284,235271,2217,232193,109,22851,1257,69071,2338,221460,1364,290531,California
Kern,2021-05-05,4136,494451,2131,237402,1855,234048,150,23001,1366,67829,2757,224217,1515,292046,California
Kern,2021-05-06,3522,497973,1565,238967,1814,235862,143,23144,1078,66621,2426,226643,1218,293264,California
Kern,2021-05-07,4555,502528,2284,241251,2096,237958,175,23319,1272,64809,3257,229900,1445,294709,California
Kern,2021-05-08,2879,505407,1822,243073,942,238900,115,23434,899,63855,1966,231866,1012,295721,California
Kern,2021-05-09,1297,506704,1122,244195,145,239045,30,23464,448,63491,842,232708,478,296199,California
Kern,2021-05-10,2207,508911,844,245039,1264,240309,99,23563,641,62680,1549,234257,738,296937,California
Kern,2021-05-11,2600,511511,909,245948,1568,241877,123,23686,942,62098,1648,235905,1066,298003,California
Kern,2021-05-12,3509,515020,1394,247342,1966,243843,149,23835,1108,60966,2389,238294,1257,299260,California
Kern,2021-05-13,3334,518354,1733,249075,1459,245302,142,23977,1551,60884,1771,240065,1689,300949,California
Kern,2021-05-14,4259,522613,2525,251600,1517,246819,217,24194,1970,60799,2271,242336,2186,303135,California
Kern,2021-05-15,2905,525518,1898,253498,920,247739,87,24281,1545,61084,1347,243683,1632,304767,California
Kern,2021-05-16,1540,527058,1319,254817,183,247922,38,24319,885,61357,650,244333,923,305690,California
Kern,2021-05-17,2294,529352,988,255805,1162,249084,144,24463,1180,61578,1102,245435,1323,307013,California
Kern,2021-05-18,3122,532474,1419,257224,1575,250659,128,24591,1602,61803,1504,246939,1729,308742,California
Kern,2021-05-19,3780,536254,2365,259589,1294,251953,121,24712,1829,61813,1939,248878,1949,310691,California
Kern,2021-05-20,2909,539163,1580,261169,1200,253153,129,24841,1331,61714,1557,250435,1458,312149,California
Kern,2021-05-21,3364,542527,2066,263235,1181,254334,117,24958,1699,61891,1639,252074,1816,313965,California
Kern,2021-05-22,2579,545106,2011,265246,531,254865,37,24995,1218,61793,1352,253426,1254,315219,California
Kern,2021-05-23,1152,546258,1004,266250,131,254996,17,25012,611,61885,535,253961,627,315846,California
Kern,2021-05-24,1788,548046,757,267007,916,255912,115,25127,857,61931,923,254884,969,316815,California
Kern,2021-05-25,2313,550359,1067,268074,1167,257079,79,25206,1110,61929,1191,256075,1189,318004,California
Kern,2021-05-26,2651,553010,1538,269612,1022,258101,91,25297,1141,61662,1497,257572,1230,319234,California
Kern,2021-05-27,1348,554358,659,270271,620,258721,69,25366,597,61591,736,258308,665,319899,California
Kings,2020-12-16,1,1,1,1,0,0,0,0,1,1,0,0,1,1,California
Kings,2020-12-17,8,9,8,9,0,0,0,0,8,9,0,0,8,9,California
Kings,2020-12-18,12,21,12,21,0,0,0,0,12,21,0,0,12,21,California
Kings,2020-12-19,11,32,11,32,0,0,0,0,11,32,0,0,11,32,California
Kings,2020-12-20,13,45,13,45,0,0,0,0,13,45,0,0,13,45,California
Kings,2020-12-21,156,201,156,201,0,0,0,0,269,314,0,0,269,314,California
Kings,2020-12-22,143,344,143,344,0,0,0,0,140,454,0,0,140,454,California
Kings,2020-12-23,136,480,123,467,13,13,0,0,137,591,0,0,137,591,California
Kings,2020-12-24,11,491,9,476,2,15,0,0,11,602,0,0,11,602,California
Kings,2020-12-26,7,498,4,480,3,18,0,0,7,609,0,0,7,609,California
Kings,2020-12-27,4,502,4,484,0,18,0,0,4,613,0,0,4,613,California
Kings,2020-12-28,131,633,103,587,28,46,0,0,132,745,0,0,132,745,California
Kings,2020-12-29,77,710,50,637,27,73,0,0,78,823,0,0,78,823,California
Kings,2020-12-30,149,859,109,746,40,113,0,0,149,972,0,0,149,972,California
Kings,2020-12-31,45,904,6,752,39,152,0,0,45,1017,0,0,45,1017,California
Kings,2021-01-01,1,905,0,752,1,153,0,0,1,1018,0,0,1,1018,California
Kings,2021-01-02,10,915,9,761,1,154,0,0,10,1028,0,0,10,1028,California
Kings,2021-01-04,111,1026,41,802,70,224,0,0,111,1139,0,0,111,1139,California
Kings,2021-01-05,195,1221,39,841,156,380,0,0,195,1334,0,0,195,1334,California
Kings,2021-01-06,277,1498,178,1019,99,479,0,0,274,1605,3,3,274,1608,California
Kings,2021-01-07,181,1679,82,1101,99,578,0,0,173,1770,8,11,173,1781,California
Kings,2021-01-08,248,1927,54,1155,194,772,0,0,229,1980,19,30,229,2010,California
Kings,2021-01-09,63,1990,9,1164,54,826,0,0,55,2027,8,38,55,2065,California
Kings,2021-01-10,15,2005,3,1167,12,838,0,0,12,2036,3,41,12,2077,California
Kings,2021-01-11,518,2523,354,1521,164,1002,0,0,276,2071,242,283,277,2354,California
Kings,2021-01-12,349,2872,252,1773,97,1099,0,0,215,2155,131,414,215,2569,California
Kings,2021-01-13,422,3294,275,2048,147,1246,0,0,330,2393,92,506,330,2899,California
Kings,2021-01-14,208,3502,30,2078,178,1424,0,0,198,2571,21,527,199,3098,California
Kings,2021-01-15,418,3920,30,2108,388,1812,0,0,406,2965,12,539,406,3504,California
Kings,2021-01-16,28,3948,9,2117,19,1831,0,0,27,2991,1,540,27,3531,California
Kings,2021-01-17,9,3957,6,2123,3,1834,0,0,7,2996,2,542,7,3538,California
Kings,2021-01-18,172,4129,40,2163,132,1966,0,0,146,3116,26,568,146,3684,California
Kings,2021-01-19,379,4508,160,2323,219,2185,0,0,251,3239,128,696,251,3935,California
Kings,2021-01-20,237,4745,146,2469,91,2276,0,0,127,3261,105,801,127,4062,California
Kings,2021-01-21,212,4957,57,2526,155,2431,0,0,197,3441,17,818,197,4259,California
Kings,2021-01-22,102,5059,16,2542,86,2517,0,0,102,3538,5,823,102,4361,California
Kings,2021-01-23,26,5085,14,2556,12,2529,0,0,20,3552,6,829,20,4381,California
Kings,2021-01-24,4,5089,4,2560,0,2529,0,0,2,3552,2,831,2,4383,California
Kings,2021-01-25,126,5215,27,2587,99,2628,0,0,91,3608,35,866,91,4474,California
Kings,2021-01-26,153,5368,34,2621,119,2747,0,0,114,3683,39,905,114,4588,California
Kings,2021-01-27,322,5690,34,2655,288,3035,0,0,248,3858,73,978,248,4836,California
Kings,2021-01-28,328,6018,46,2701,282,3317,0,0,272,4074,56,1034,272,5108,California
Kings,2021-01-29,86,6104,26,2727,60,3377,0,0,69,4126,17,1051,69,5177,California
Kings,2021-01-30,1557,7661,31,2758,1526,4903,0,0,1554,5679,3,1054,1556,6733,California
Kings,2021-02-01,199,7860,64,2822,135,5038,0,0,72,5626,125,1179,72,6805,California
Kings,2021-02-02,232,8092,14,2836,218,5256,0,0,82,5559,149,1328,82,6887,California
Kings,2021-02-03,357,8449,191,3027,166,5422,0,0,201,5605,155,1483,201,7088,California
Kings,2021-02-04,398,8847,99,3126,299,5721,0,0,200,5608,197,1680,200,7288,California
Kings,2021-02-05,260,9107,15,3141,245,5966,0,0,101,5552,157,1837,101,7389,California
Kings,2021-02-06,61,9168,10,3151,51,6017,0,0,28,5547,33,1870,28,7417,California
Kings,2021-02-07,5,9173,3,3154,2,6019,0,0,3,5548,2,1872,3,7420,California
Kings,2021-02-08,174,9347,29,3183,145,6164,0,0,68,5510,106,1978,68,7488,California
Kings,2021-02-09,254,9601,57,3240,197,6361,0,0,110,5478,142,2120,110,7598,California
Kings,2021-02-10,286,9887,113,3353,173,6534,0,0,169,5530,117,2237,169,7767,California
Kings,2021-02-11,432,10319,65,3418,367,6901,0,0,316,5731,115,2352,316,8083,California
Kings,2021-02-12,622,10941,36,3454,586,7487,0,0,346,5802,275,2627,346,8429,California
Kings,2021-02-13,104,11045,6,3460,98,7585,0,0,78,5854,26,2653,78,8507,California
Kings,2021-02-14,102,11147,4,3464,98,7683,0,0,94,5940,8,2661,94,8601,California
Kings,2021-02-15,246,11393,5,3469,241,7924,0,0,137,5969,108,2769,137,8738,California
Kings,2021-02-16,488,11881,33,3502,455,8379,0,0,251,5984,236,3005,251,8989,California
Kings,2021-02-17,380,12261,23,3525,357,8736,0,0,243,6091,137,3142,244,9233,California
Kings,2021-02-18,156,12417,23,3548,133,8869,0,0,98,6131,58,3200,98,9331,California
Kings,2021-02-19,159,12576,24,3572,135,9004,0,0,103,6181,53,3253,103,9434,California
Kings,2021-02-20,171,12747,40,3612,131,9135,0,0,134,6278,37,3290,134,9568,California
Kings,2021-02-21,3,12750,2,3614,1,9136,0,0,3,6281,0,3290,3,9571,California
Kings,2021-02-22,110,12860,19,3633,91,9227,0,0,51,6273,59,3349,51,9622,California
Kings,2021-02-23,297,13157,70,3703,227,9454,0,0,180,6336,117,3466,180,9802,California
Kings,2021-02-24,597,13754,154,3857,443,9897,0,0,385,6509,212,3678,385,10187,California
Kings,2021-02-25,685,14439,131,3988,554,10451,0,0,466,6758,217,3895,466,10653,California
Kings,2021-02-26,667,15106,137,4125,530,10981,0,0,605,7301,62,3957,605,11258,California
Kings,2021-02-27,1516,16622,65,4190,1451,12432,0,0,580,6946,935,4892,580,11838,California
Kings,2021-02-28,1171,17793,597,4787,574,13006,0,0,674,7126,494,5386,674,12512,California
Kings,2021-03-01,262,18055,79,4866,183,13189,0,0,215,7294,47,5433,215,12727,California
Kings,2021-03-02,508,18563,242,5108,266,13455,0,0,458,7703,50,5483,459,13186,California
Kings,2021-03-03,640,19203,314,5422,326,13781,0,0,449,7963,189,5672,449,13635,California
Kings,2021-03-04,732,19935,352,5774,380,14161,0,0,632,8496,100,5772,633,14268,California
Kings,2021-03-05,1083,21018,368,6142,706,14867,9,9,964,9351,119,5891,974,15242,California
Kings,2021-03-06,514,21532,187,6329,314,15181,13,22,484,9818,30,5921,497,15739,California
Kings,2021-03-07,366,21898,224,6553,138,15319,4,26,358,10172,8,5929,362,16101,California
Kings,2021-03-08,374,22272,96,6649,225,15544,53,79,263,10376,111,6040,315,16416,California
Kings,2021-03-09,551,22823,252,6901,244,15788,55,134,443,10768,107,6147,499,16915,California
Kings,2021-03-10,574,23397,128,7029,355,16143,91,225,389,11063,184,6331,479,17394,California
Kings,2021-03-11,1034,24431,307,7336,617,16760,110,335,628,11397,404,6735,738,18132,California
Kings,2021-03-12,1379,25810,445,7781,840,17600,94,429,976,12069,401,7136,1073,19205,California
Kings,2021-03-13,681,26491,333,8114,304,17904,44,473,556,12545,125,7261,601,19806,California
Kings,2021-03-14,675,27166,101,8215,185,18089,389,862,201,12661,474,7735,590,20396,California
Kings,2021-03-15,703,27869,266,8481,322,18411,115,977,466,13008,236,7971,583,20979,California
Kings,2021-03-16,1058,28927,446,8927,550,18961,62,1039,720,13452,338,8309,782,21761,California
Kings,2021-03-17,1098,30025,418,9345,619,19580,61,1100,780,13981,319,8628,848,22609,California
Kings,2021-03-18,1123,31148,474,9819,426,20006,223,1323,773,14631,349,8977,999,23608,California
Kings,2021-03-19,964,32112,469,10288,410,20416,85,1408,738,15242,225,9202,836,24444,California
Kings,2021-03-20,640,32752,255,10543,354,20770,31,1439,465,15572,173,9375,503,24947,California
Kings,2021-03-21,1417,34169,1087,11630,319,21089,11,1450,863,15892,554,9929,874,25821,California
Kings,2021-03-22,447,34616,199,11829,164,21253,84,1534,273,16079,174,10103,361,26182,California
Kings,2021-03-23,916,35532,508,12337,345,21598,63,1597,556,16343,358,10461,622,26804,California
Kings,2021-03-24,957,36489,487,12824,447,22045,23,1620,506,16424,450,10911,531,27335,California
Kings,2021-03-25,918,37407,465,13289,427,22472,26,1646,447,16428,469,11380,473,27808,California
Kings,2021-03-26,1294,38701,379,13668,830,23302,85,1731,515,16253,774,12154,599,28407,California
Kings,2021-03-27,641,39342,258,13926,371,23673,12,1743,158,15942,481,12635,170,28577,California
Kings,2021-03-28,672,40014,601,14527,64,23737,7,1750,405,16095,267,12902,420,28997,California
Kings,2021-03-29,467,40481,210,14737,196,23933,61,1811,259,16208,206,13108,319,29316,California
Kings,2021-03-30,858,41339,473,15210,347,24280,38,1849,425,16239,432,13540,463,29779,California
Kings,2021-03-31,767,42106,378,15588,316,24596,73,1922,423,16399,336,13876,496,30275,California
Kings,2021-04-01,773,42879,388,15976,295,24891,90,2012,350,16422,417,14293,440,30715,California
Kings,2021-04-02,1009,43888,448,16424,437,25328,124,2136,392,16326,612,14905,516,31231,California
Kings,2021-04-03,489,44377,345,16769,135,25463,9,2145,166,16185,317,15222,176,31407,California
Kings,2021-04-04,156,44533,82,16851,68,25531,6,2151,42,16120,113,15335,48,31455,California
Kings,2021-04-05,1053,45586,325,17176,476,26007,252,2403,235,15789,817,16152,486,31941,California
Kings,2021-04-06,1202,46788,450,17626,440,26447,312,2715,280,15462,919,17071,592,32533,California
Kings,2021-04-07,1355,48143,646,18272,524,26971,185,2900,357,15014,995,18066,547,33080,California
Kings,2021-04-08,1606,49749,630,18902,725,27696,251,3151,361,14394,1238,19304,618,33698,California
Kings,2021-04-09,1152,50901,544,19446,430,28126,178,3329,232,13884,918,20222,408,34106,California
Kings,2021-04-10,589,51490,328,19774,159,28285,102,3431,167,13734,420,20642,270,34376,California
Kings,2021-04-11,351,51841,74,19848,271,28556,6,3437,194,13778,156,20798,200,34576,California
Kings,2021-04-12,698,52539,311,20159,187,28743,200,3637,193,13667,504,21302,393,34969,California
Kings,2021-04-13,903,53442,515,20674,388,29131,0,3637,287,13344,615,21917,292,35261,California
Kings,2021-04-14,1039,54481,575,21249,464,29595,0,3637,376,13058,663,22580,377,35638,California
Kings,2021-04-15,1048,55529,520,21769,527,30122,1,3638,450,12912,597,23177,451,36089,California
Kings,2021-04-16,770,56299,360,22129,410,30532,0,3638,257,12657,512,23689,257,36346,California
Kings,2021-04-17,458,56757,244,22373,214,30746,0,3638,186,12572,271,23960,186,36532,California
Kings,2021-04-18,562,57319,239,22612,323,31069,0,3638,43,12096,519,24479,43,36575,California
Kings,2021-04-19,531,57850,294,22906,237,31306,0,3638,285,12137,244,24723,285,36860,California
Kings,2021-04-20,738,58588,447,23353,291,31597,0,3638,236,11872,501,25224,236,37096,California
Kings,2021-04-21,642,59230,308,23661,334,31931,0,3638,222,11681,413,25637,222,37318,California
Kings,2021-04-22,553,59783,276,23937,277,32208,0,3638,202,11536,348,25985,203,37521,California
Kings,2021-04-23,664,60447,289,24226,375,32583,0,3638,327,11528,335,26320,327,37848,California
Kings,2021-04-24,246,60693,178,24404,67,32650,1,3639,118,11520,127,26447,119,37967,California
Kings,2021-04-25,200,60893,181,24585,19,32669,0,3639,164,11648,36,26483,164,38131,California
Kings,2021-04-26,300,61193,158,24743,139,32808,3,3642,189,11730,110,26593,192,38323,California
Kings,2021-04-27,408,61601,178,24921,211,33019,19,3661,170,11682,237,26830,189,38512,California
Kings,2021-04-28,510,62111,253,25174,237,33256,20,3681,263,11718,247,27077,283,38795,California
Kings,2021-04-29,287,62398,112,25286,164,33420,11,3692,135,11714,150,27227,146,38941,California
Kings,2021-04-30,366,62764,164,25450,185,33605,17,3709,153,11675,209,27436,170,39111,California
Kings,2021-05-01,230,62994,167,25617,53,33658,10,3719,74,11605,154,27590,84,39195,California
Kings,2021-05-02,168,63162,146,25763,22,33680,0,3719,126,11689,42,27632,126,39321,California
Kings,2021-05-03,473,63635,256,26019,204,33884,13,3732,123,11476,349,27981,136,39457,California
Kings,2021-05-04,519,64154,260,26279,239,34123,20,3752,161,11299,358,28339,181,39638,California
Kings,2021-05-05,551,64705,286,26565,245,34368,20,3772,137,11042,414,28753,157,39795,California
Kings,2021-05-06,541,65246,270,26835,248,34616,23,3795,121,10768,418,29171,144,39939,California
Kings,2021-05-07,365,65611,209,27044,142,34758,14,3809,147,10713,216,29387,161,40100,California
Kings,2021-05-08,229,65840,166,27210,52,34810,11,3820,74,10643,155,29542,85,40185,California
Kings,2021-05-09,192,66032,64,27274,128,34938,0,3820,40,10531,152,29694,40,40225,California
Kings,2021-05-10,339,66371,263,27537,66,35004,10,3830,115,10432,223,29917,124,40349,California
Kings,2021-05-11,373,66744,230,27767,115,35119,28,3858,117,10322,256,30173,146,40495,California
Kings,2021-05-12,372,67116,140,27907,219,35338,13,3871,160,10285,210,30383,173,40668,California
Kings,2021-05-13,385,67501,135,28042,232,35570,18,3889,149,10216,236,30619,167,40835,California
Kings,2021-05-14,463,67964,316,28358,116,35686,31,3920,241,10267,221,30840,272,41107,California
Kings,2021-05-15,348,68312,249,28607,82,35768,17,3937,194,10324,154,30994,211,41318,California
Kings,2021-05-16,250,68562,222,28829,27,35795,1,3938,79,10233,171,31165,80,41398,California
Kings,2021-05-17,405,68967,323,29152,65,35860,17,3955,218,10283,185,31350,235,41633,California
Kings,2021-05-18,389,69356,273,29425,103,35963,13,3968,225,10358,164,31514,239,41872,California
Kings,2021-05-19,574,69930,282,29707,270,36233,22,3990,231,10270,341,31855,253,42125,California
Kings,2021-05-20,398,70328,193,29900,178,36411,27,4017,241,10382,157,32012,269,42394,California
Kings,2021-05-21,449,70777,218,30118,221,36632,10,4027,225,10397,220,32232,235,42629,California
Kings,2021-05-22,254,71031,204,30322,39,36671,11,4038,192,10540,60,32292,203,42832,California
Kings,2021-05-23,200,71231,198,30520,2,36673,0,4038,97,10534,103,32395,97,42929,California
Kings,2021-05-24,248,71479,163,30683,71,36744,14,4052,122,10544,126,32521,136,43065,California
Kings,2021-05-25,381,71860,259,30942,101,36845,21,4073,235,10655,145,32666,256,43321,California
Kings,2021-05-26,304,72164,124,31066,162,37007,18,4091,131,10631,173,32839,149,43470,California
Kings,2021-05-27,129,72293,22,31088,92,37099,15,4106,37,10593,90,32929,52,43522,California
Lake,2020-12-17,4,4,4,4,0,0,0,0,4,4,0,0,4,4,California
Lake,2020-12-18,51,55,51,55,0,0,0,0,51,55,0,0,51,55,California
Lake,2020-12-19,3,58,3,58,0,0,0,0,3,58,0,0,3,58,California
Lake,2020-12-20,6,64,6,64,0,0,0,0,6,64,0,0,6,64,California
Lake,2020-12-21,86,150,86,150,0,0,0,0,86,150,0,0,86,150,California
Lake,2020-12-22,63,213,60,210,3,3,0,0,63,213,0,0,63,213,California
Lake,2020-12-23,123,336,114,324,9,12,0,0,123,336,0,0,123,336,California
Lake,2020-12-24,2,338,0,324,2,14,0,0,2,338,0,0,2,338,California
Lake,2020-12-26,2,340,2,326,0,14,0,0,2,340,0,0,2,340,California
Lake,2020-12-27,2,342,2,328,0,14,0,0,2,342,0,0,2,342,California
Lake,2020-12-28,52,394,43,371,9,23,0,0,52,394,0,0,52,394,California
Lake,2020-12-29,50,444,45,416,5,28,0,0,50,444,0,0,50,444,California
Lake,2020-12-30,126,570,119,535,7,35,0,0,126,570,0,0,126,570,California
Lake,2020-12-31,67,637,64,599,3,38,0,0,67,637,0,0,67,637,California
Lake,2021-01-01,1,638,0,599,1,39,0,0,1,638,0,0,1,638,California
Lake,2021-01-02,2,640,1,600,1,40,0,0,2,640,0,0,2,640,California
Lake,2021-01-04,88,728,21,621,67,107,0,0,88,728,0,0,88,728,California
Lake,2021-01-05,120,848,59,680,61,168,0,0,118,844,2,2,118,846,California
Lake,2021-01-06,105,953,65,745,40,208,0,0,103,945,2,4,103,949,California
Lake,2021-01-07,108,1061,85,830,23,231,0,0,99,1035,9,13,99,1048,California
Lake,2021-01-08,152,1213,124,954,28,259,0,0,100,1083,52,65,100,1148,California
Lake,2021-01-09,63,1276,61,1015,2,261,0,0,59,1138,4,69,59,1207,California
Lake,2021-01-10,3,1279,3,1018,0,261,0,0,0,1135,3,72,0,1207,California
Lake,2021-01-11,192,1471,151,1169,41,302,0,0,112,1167,80,152,112,1319,California
Lake,2021-01-12,81,1552,48,1217,33,335,0,0,57,1200,24,176,57,1376,California
Lake,2021-01-13,165,1717,112,1329,53,388,0,0,108,1251,57,233,108,1484,California
Lake,2021-01-14,147,1864,46,1375,101,489,0,0,125,1354,22,255,125,1609,California
Lake,2021-01-15,218,2082,92,1467,126,615,0,0,191,1518,27,282,191,1800,California
Lake,2021-01-16,134,2216,81,1548,53,668,0,0,132,1648,2,284,132,1932,California
Lake,2021-01-17,18,2234,6,1554,12,680,0,0,12,1654,6,290,12,1944,California
Lake,2021-01-18,246,2480,227,1781,19,699,0,0,125,1658,121,411,125,2069,California
Lake,2021-01-19,312,2792,118,1899,194,893,0,0,267,1881,45,456,268,2337,California
Lake,2021-01-20,422,3214,80,1979,342,1235,0,0,358,2176,63,519,358,2695,California
Lake,2021-01-21,434,3648,49,2028,385,1620,0,0,399,2540,35,554,399,3094,California
Lake,2021-01-22,318,3966,46,2074,272,1892,0,0,282,2786,36,590,282,3376,California
Lake,2021-01-23,122,4088,5,2079,117,2009,0,0,121,2906,1,591,121,3497,California
Lake,2021-01-24,5,4093,2,2081,3,2012,0,0,5,2911,0,591,5,3502,California
Lake,2021-01-25,258,4351,95,2176,163,2175,0,0,177,3007,81,672,177,3679,California
Lake,2021-01-26,430,4781,36,2212,394,2569,0,0,407,3391,23,695,407,4086,California
Lake,2021-01-27,359,5140,41,2253,318,2887,0,0,331,3695,28,723,332,4418,California
Lake,2021-01-28,498,5638,161,2414,337,3224,0,0,368,3933,130,853,368,4786,California
Lake,2021-01-29,639,6277,86,2500,553,3777,0,0,579,4452,60,913,579,5365,California
Lake,2021-01-30,553,6830,44,2544,509,4286,0,0,547,4993,6,919,547,5912,California
Lake,2021-01-31,14,6844,8,2552,6,4292,0,0,12,5003,2,921,12,5924,California
Lake,2021-02-01,180,7024,18,2570,162,4454,0,0,166,5155,14,935,166,6090,California
Lake,2021-02-02,564,7588,152,2722,412,4866,0,0,398,5387,166,1101,398,6488,California
Lake,2021-02-03,445,8033,33,2755,412,5278,0,0,340,5622,105,1206,340,6828,California
Lake,2021-02-04,119,8152,68,2823,51,5329,0,0,72,5647,47,1253,72,6900,California
Lake,2021-02-05,379,8531,70,2893,309,5638,0,0,288,5846,89,1342,288,7188,California
Lake,2021-02-06,275,8806,40,2933,235,5873,0,0,264,6099,11,1353,264,7452,California
Lake,2021-02-07,2,8808,1,2934,1,5874,0,0,2,6101,0,1353,2,7454,California
Lake,2021-02-08,279,9087,207,3141,72,5946,0,0,159,6140,120,1473,159,7613,California
Lake,2021-02-09,345,9432,24,3165,321,6267,0,0,301,6398,43,1516,301,7914,California
Lake,2021-02-10,352,9784,54,3219,298,6565,0,0,274,6594,78,1594,274,8188,California
Lake,2021-02-11,176,9960,18,3237,158,6723,0,0,58,6534,118,1712,58,8246,California
Lake,2021-02-12,374,10334,29,3266,345,7068,0,0,286,6733,87,1799,286,8532,California
Lake,2021-02-13,247,10581,7,3273,240,7308,0,0,236,6958,11,1810,236,8768,California
Lake,2021-02-14,20,10601,5,3278,15,7323,0,0,6,6950,14,1824,6,8774,California
Lake,2021-02-15,171,10772,13,3291,158,7481,0,0,8,6796,162,1986,8,8782,California
Lake,2021-02-16,424,11196,23,3314,401,7882,0,0,176,6724,248,2234,176,8958,California
Lake,2021-02-17,351,11547,54,3368,297,8179,0,0,70,6514,280,2514,70,9028,California
Lake,2021-02-18,459,12006,70,3438,389,8568,0,0,115,6285,344,2858,115,9143,California
Lake,2021-02-19,420,12426,27,3465,393,8961,0,0,94,6053,326,3184,94,9237,California
Lake,2021-02-20,295,12721,61,3526,234,9195,0,0,252,6263,42,3226,252,9489,California
Lake,2021-02-21,6,12727,6,3532,0,9195,0,0,0,6257,6,3232,0,9489,California
Lake,2021-02-22,141,12868,24,3556,117,9312,0,0,43,6202,98,3330,43,9532,California
Lake,2021-02-23,214,13082,14,3570,200,9512,0,0,28,6044,186,3516,28,9560,California
Lake,2021-02-24,957,14039,378,3948,579,10091,0,0,417,5922,539,4055,417,9977,California
Lake,2021-02-25,731,14770,466,4414,265,10356,0,0,471,6136,257,4312,471,10448,California
Lake,2021-02-26,995,15765,304,4718,691,11047,0,0,350,5844,642,4954,350,10798,California
Lake,2021-02-27,410,16175,98,4816,312,11359,0,0,328,6090,82,5036,328,11126,California
Lake,2021-02-28,17,16192,11,4827,6,11365,0,0,10,6093,7,5043,10,11136,California
Lake,2021-03-01,596,16788,53,4880,543,11908,0,0,443,6383,153,5196,443,11579,California
Lake,2021-03-02,744,17532,17,4897,727,12635,0,0,289,6217,455,5651,289,11868,California
Lake,2021-03-03,369,17901,196,5093,173,12808,0,0,146,6140,223,5874,146,12014,California
Lake,2021-03-04,579,18480,507,5600,72,12880,0,0,562,6685,17,5891,562,12576,California
Lake,2021-03-05,1048,19528,52,5652,996,13876,0,0,186,6013,858,6749,186,12762,California
Lake,2021-03-06,34,19562,9,5661,24,13900,1,1,21,6022,13,6762,22,12784,California
Lake,2021-03-07,7,19569,5,5666,2,13902,0,1,4,6023,3,6765,4,12788,California
Lake,2021-03-08,339,19908,267,5933,63,13965,9,10,299,6291,40,6805,308,13096,California
Lake,2021-03-09,930,20838,42,5975,871,14836,17,27,406,6191,523,7328,423,13519,California
Lake,2021-03-10,204,21042,60,6035,131,14967,13,40,135,6271,69,7397,149,13668,California
Lake,2021-03-11,585,21627,48,6083,62,15029,475,515,47,6255,538,7935,522,14190,California
Lake,2021-03-12,851,22478,203,6286,623,15652,25,540,362,6154,488,8423,387,14577,California
Lake,2021-03-13,278,22756,22,6308,20,15672,236,776,16,6144,261,8684,251,14828,California
Lake,2021-03-14,11,22767,2,6310,9,15681,0,776,7,6147,4,8688,7,14835,California
Lake,2021-03-15,642,23409,14,6324,611,16292,17,793,482,6486,160,8848,499,15334,California
Lake,2021-03-16,1113,24522,834,7158,262,16554,17,810,444,6281,665,9513,460,15794,California
Lake,2021-03-17,248,24770,121,7279,105,16659,22,832,92,6239,156,9669,114,15908,California
Lake,2021-03-18,748,25518,373,7652,338,16997,37,869,372,6272,375,10044,408,16316,California
Lake,2021-03-19,582,26100,315,7967,247,17244,20,889,475,6661,106,10150,495,16811,California
Lake,2021-03-20,250,26350,9,7976,238,17482,3,892,31,6478,217,10367,34,16845,California
Lake,2021-03-21,16,26366,11,7987,4,17486,1,893,11,6485,5,10372,12,16857,California
Lake,2021-03-22,337,26703,256,8243,67,17553,14,907,251,6664,86,10458,265,17122,California
Lake,2021-03-23,429,27132,21,8264,395,17948,13,920,364,6977,64,10522,377,17499,California
Lake,2021-03-24,423,27555,62,8326,353,18301,8,928,326,7216,96,10618,335,17834,California
Lake,2021-03-25,676,28231,485,8811,185,18486,6,934,178,6901,498,11116,183,18017,California
Lake,2021-03-26,68,28299,33,8844,34,18520,1,935,32,6898,36,11152,33,18050,California
Lake,2021-03-27,309,28608,7,8851,299,18819,3,938,17,6628,290,11442,20,18070,California
Lake,2021-03-28,17,28625,8,8859,9,18828,0,938,11,6633,6,11448,11,18081,California
Lake,2021-03-29,989,29614,286,9145,701,19529,2,940,205,6058,782,12230,207,18288,California
Lake,2021-03-30,464,30078,315,9460,147,19676,2,942,366,6329,97,12327,368,18656,California
Lake,2021-03-31,616,30694,60,9520,556,20232,0,942,434,6590,173,12500,434,19090,California
Lake,2021-04-01,447,31141,234,9754,201,20433,12,954,186,6531,257,12757,198,19288,California
Lake,2021-04-02,222,31363,41,9795,153,20586,28,982,97,6531,125,12882,125,19413,California
Lake,2021-04-03,32,31395,6,9801,23,20609,3,985,13,6528,19,12901,16,19429,California
Lake,2021-04-04,20,31415,11,9812,7,20616,2,987,15,6540,5,12906,17,19446,California
Lake,2021-04-05,642,32057,70,9882,553,21169,19,1006,402,6724,237,13143,421,19867,California
Lake,2021-04-06,477,32534,17,9899,434,21603,26,1032,304,6882,172,13315,330,20197,California
Lake,2021-04-07,521,33055,56,9955,414,22017,51,1083,352,7119,167,13482,404,20601,California
Lake,2021-04-08,602,33657,492,10447,45,22062,65,1148,102,6793,497,13979,171,20772,California
Lake,2021-04-09,281,33938,39,10486,173,22235,69,1217,48,6679,230,14209,116,20888,California
Lake,2021-04-10,254,34192,15,10501,14,22249,225,1442,10,6670,244,14453,235,21123,California
Lake,2021-04-11,22,34214,17,10518,3,22252,2,1444,7,6664,15,14468,9,21132,California
Lake,2021-04-12,1068,35282,232,10750,803,23055,33,1477,237,6104,830,15298,270,21402,California
Lake,2021-04-13,180,35462,109,10859,71,23126,0,1477,54,6032,126,15424,54,21456,California
Lake,2021-04-14,614,36076,38,10897,576,23702,0,1477,549,6517,64,15488,549,22005,California
Lake,2021-04-15,640,36716,192,11089,448,24150,0,1477,331,6539,309,15797,331,22336,California
Lake,2021-04-16,265,36981,30,11119,234,24384,1,1478,74,6424,190,15987,75,22411,California
Lake,2021-04-17,43,37024,12,11131,31,24415,0,1478,33,6447,10,15997,33,22444,California
Lake,2021-04-18,8,37032,5,11136,3,24418,0,1478,0,6439,8,16005,0,22444,California
Lake,2021-04-19,297,37329,38,11174,259,24677,0,1478,246,6634,51,16056,246,22690,California
Lake,2021-04-20,691,38020,277,11451,414,25091,0,1478,91,6127,599,16655,92,22782,California
Lake,2021-04-21,533,38553,64,11515,469,25560,0,1478,199,5992,334,16989,199,22981,California
Lake,2021-04-22,467,39020,50,11565,417,25977,0,1478,318,6162,148,17137,318,23299,California
Lake,2021-04-23,115,39135,60,11625,55,26032,0,1478,69,6185,46,17183,69,23368,California
Lake,2021-04-24,53,39188,9,11634,44,26076,0,1478,39,6210,14,17197,39,23407,California
Lake,2021-04-25,36,39224,19,11653,17,26093,0,1478,24,6222,12,17209,24,23431,California
Lake,2021-04-26,289,39513,80,11733,208,26301,1,1479,85,6104,204,17413,86,23517,California
Lake,2021-04-27,244,39757,22,11755,204,26505,18,1497,81,6040,163,17576,99,23616,California
Lake,2021-04-28,508,40265,48,11803,445,26950,15,1512,89,5726,417,17993,103,23719,California
Lake,2021-04-29,212,40477,83,11886,113,27063,16,1528,113,5756,99,18092,129,23848,California
Lake,2021-04-30,289,40766,46,11932,212,27275,31,1559,149,5796,140,18232,180,24028,California
Lake,2021-05-01,47,40813,26,11958,19,27294,2,1561,32,5815,15,18247,34,24062,California
Lake,2021-05-02,18,40831,9,11967,8,27302,1,1562,9,5816,9,18256,10,24072,California
Lake,2021-05-03,411,41242,27,11994,349,27651,35,1597,64,5569,346,18602,99,24171,California
Lake,2021-05-04,404,41646,216,12210,140,27791,48,1645,124,5462,279,18881,172,24343,California
Lake,2021-05-05,630,42276,45,12255,573,28364,12,1657,87,5020,540,19421,98,24441,California
Lake,2021-05-06,142,42418,19,12274,94,28458,29,1686,73,5052,69,19490,101,24542,California
Lake,2021-05-07,166,42584,30,12304,116,28574,20,1706,102,5112,62,19552,122,24664,California
Lake,2021-05-08,43,42627,8,12312,35,28609,0,1706,36,5141,7,19559,36,24700,California
Lake,2021-05-09,17,42644,2,12314,10,28619,5,1711,10,5149,7,19566,15,24715,California
Lake,2021-05-10,244,42888,12,12326,205,28824,27,1738,59,5051,184,19750,86,24801,California
Lake,2021-05-11,193,43081,27,12353,151,28975,15,1753,117,5108,76,19826,133,24934,California
Lake,2021-05-12,540,43621,31,12384,489,29464,20,1773,54,4695,486,20312,73,25007,California
Lake,2021-05-13,301,43922,58,12442,230,29694,13,1786,65,4539,234,20546,78,25085,California
Lake,2021-05-14,264,44186,81,12523,164,29858,19,1805,161,4617,101,20647,179,25264,California
Lake,2021-05-15,45,44231,18,12541,24,29882,3,1808,27,4629,18,20665,30,25294,California
Lake,2021-05-16,31,44262,17,12558,13,29895,1,1809,16,4631,15,20680,17,25311,California
Lake,2021-05-17,315,44577,44,12602,256,30151,15,1824,84,4502,228,20908,99,25410,California
Lake,2021-05-18,303,44880,67,12669,217,30368,19,1843,175,4569,127,21035,194,25604,California
Lake,2021-05-19,302,45182,57,12726,230,30598,15,1858,78,4439,223,21258,93,25697,California
Lake,2021-05-20,226,45408,60,12786,155,30753,11,1869,89,4402,137,21395,100,25797,California
Lake,2021-05-21,251,45659,53,12839,175,30928,23,1892,98,4372,151,21546,121,25918,California
Lake,2021-05-22,87,45746,51,12890,34,30962,2,1894,45,4377,42,21588,47,25965,California
Lake,2021-05-23,51,45797,27,12917,23,30985,1,1895,27,4381,24,21612,28,25993,California
Lake,2021-05-24,151,45948,36,12953,102,31087,13,1908,69,4381,82,21694,82,26075,California
Lake,2021-05-25,192,46140,51,13004,127,31214,14,1922,68,4340,123,21817,82,26157,California
Lake,2021-05-26,137,46277,37,13041,90,31304,10,1932,44,4303,91,21908,54,26211,California
Lake,2021-05-27,95,46372,26,13067,66,31370,3,1935,39,4290,55,21963,42,26253,California
Lassen,2020-12-16,8,8,8,8,0,0,0,0,8,8,0,0,8,8,California
Lassen,2020-12-17,6,14,6,14,0,0,0,0,6,14,0,0,6,14,California
Lassen,2020-12-18,1,15,1,15,0,0,0,0,1,15,0,0,1,15,California
Lassen,2020-12-19,5,20,5,20,0,0,0,0,5,20,0,0,5,20,California
Lassen,2020-12-20,2,22,2,22,0,0,0,0,2,22,0,0,2,22,California
Lassen,2020-12-21,11,33,11,33,0,0,0,0,11,33,0,0,11,33,California
Lassen,2020-12-22,22,55,22,55,0,0,0,0,22,55,0,0,22,55,California
Lassen,2020-12-23,6,61,6,61,0,0,0,0,6,61,0,0,6,61,California
Lassen,2020-12-24,11,72,11,72,0,0,0,0,11,72,0,0,11,72,California
Lassen,2020-12-28,3,75,2,74,1,1,0,0,3,75,0,0,3,75,California
Lassen,2020-12-29,35,110,35,109,0,1,0,0,35,110,0,0,35,110,California
Lassen,2020-12-30,36,146,35,144,1,2,0,0,36,146,0,0,36,146,California
Lassen,2020-12-31,49,195,42,186,7,9,0,0,49,195,0,0,49,195,California
Lassen,2021-01-02,1,196,0,186,1,10,0,0,1,196,0,0,1,196,California
Lassen,2021-01-04,15,211,2,188,13,23,0,0,15,211,0,0,15,211,California
Lassen,2021-01-05,193,404,52,240,141,164,0,0,193,404,0,0,193,404,California
Lassen,2021-01-06,95,499,44,284,51,215,0,0,87,484,8,8,88,492,California
Lassen,2021-01-07,43,542,7,291,36,251,0,0,37,515,6,14,37,529,California
Lassen,2021-01-08,50,592,2,293,48,299,0,0,50,565,0,14,50,579,California
Lassen,2021-01-09,12,604,6,299,6,305,0,0,12,577,0,14,12,591,California
Lassen,2021-01-11,27,631,5,304,22,327,0,0,27,604,0,14,27,618,California
Lassen,2021-01-12,48,679,28,332,20,347,0,0,30,616,18,32,30,648,California
Lassen,2021-01-13,162,841,19,351,143,490,0,0,147,748,15,47,147,795,California
Lassen,2021-01-14,162,1003,18,369,144,634,0,0,150,886,12,59,150,945,California
Lassen,2021-01-15,32,1035,6,375,26,660,0,0,32,918,0,59,32,977,California
Lassen,2021-01-16,34,1069,33,408,1,661,0,0,34,952,0,59,34,1011,California
Lassen,2021-01-17,1,1070,0,408,1,662,0,0,1,953,0,59,1,1012,California
Lassen,2021-01-18,5,1075,2,410,3,665,0,0,4,956,1,60,4,1016,California
Lassen,2021-01-19,186,1261,36,446,150,815,0,0,158,1086,28,88,158,1174,California
Lassen,2021-01-20,188,1449,100,546,88,903,0,0,105,1123,68,156,105,1279,California
Lassen,2021-01-21,145,1594,93,639,52,955,0,0,121,1226,18,174,121,1400,California
Lassen,2021-01-22,31,1625,18,657,13,968,0,0,21,1237,10,184,21,1421,California
Lassen,2021-01-23,2,1627,0,657,2,970,0,0,2,1239,0,184,2,1423,California
Lassen,2021-01-24,1,1628,0,657,1,971,0,0,1,1240,0,184,1,1424,California
Lassen,2021-01-25,12,1640,1,658,11,982,0,0,11,1250,1,185,11,1435,California
Lassen,2021-01-26,126,1766,12,670,114,1096,0,0,122,1368,4,189,122,1557,California
Lassen,2021-01-27,87,1853,35,705,52,1148,0,0,69,1419,18,207,69,1626,California
Lassen,2021-01-28,85,1938,15,720,70,1218,0,0,84,1502,1,208,84,1710,California
Lassen,2021-01-29,23,1961,7,727,16,1234,0,0,22,1523,1,209,22,1732,California
Lassen,2021-02-01,61,2022,4,731,57,1291,0,0,36,1534,25,234,36,1768,California
Lassen,2021-02-02,177,2199,12,743,165,1456,0,0,44,1445,133,367,44,1812,California
Lassen,2021-02-03,96,2295,21,764,75,1531,0,0,50,1449,46,413,50,1862,California
Lassen,2021-02-04,112,2407,15,779,97,1628,0,0,63,1463,49,462,63,1925,California
Lassen,2021-02-05,66,2473,12,791,54,1682,0,0,24,1445,42,504,24,1949,California
Lassen,2021-02-06,69,2542,34,825,35,1717,0,0,36,1449,32,536,36,1985,California
Lassen,2021-02-07,1,2543,1,826,0,1717,0,0,1,1450,0,536,1,1986,California
Lassen,2021-02-08,44,2587,4,830,40,1757,0,0,18,1442,26,562,18,2004,California
Lassen,2021-02-09,128,2715,7,837,121,1878,0,0,49,1412,79,641,49,2053,California
Lassen,2021-02-10,182,2897,21,858,161,2039,0,0,74,1378,108,749,74,2127,California
Lassen,2021-02-11,183,3080,16,874,167,2206,0,0,80,1356,102,851,80,2207,California
Lassen,2021-02-12,42,3122,11,885,31,2237,0,0,15,1344,27,878,15,2222,California
Lassen,2021-02-13,11,3133,3,888,8,2245,0,0,9,1351,2,880,9,2231,California
Lassen,2021-02-14,13,3146,0,888,13,2258,0,0,12,1362,1,881,12,2243,California
Lassen,2021-02-15,22,3168,3,891,19,2277,0,0,17,1375,4,885,17,2260,California
Lassen,2021-02-16,192,3360,4,895,188,2465,0,0,30,1245,160,1045,30,2290,California
Lassen,2021-02-17,183,3543,94,989,89,2554,0,0,10,1082,173,1218,10,2300,California
Lassen,2021-02-18,79,3622,22,1011,57,2611,0,0,19,1041,60,1278,19,2319,California
Lassen,2021-02-19,80,3702,60,1071,20,2631,0,0,17,995,63,1341,17,2336,California
Lassen,2021-02-20,8,3710,0,1071,8,2639,0,0,6,999,2,1343,6,2342,California
Lassen,2021-02-21,22,3732,2,1073,20,2659,0,0,18,1013,4,1347,18,2360,California
Lassen,2021-02-22,24,3756,10,1083,14,2673,0,0,6,1001,18,1365,6,2366,California
Lassen,2021-02-23,155,3911,11,1094,144,2817,0,0,43,932,112,1477,43,2409,California
Lassen,2021-02-24,164,4075,16,1110,148,2965,0,0,106,981,57,1534,106,2515,California
Lassen,2021-02-25,158,4233,21,1131,137,3102,0,0,99,1021,59,1593,99,2614,California
Lassen,2021-02-26,73,4306,16,1147,57,3159,0,0,36,1020,37,1630,36,2650,California
Lassen,2021-02-27,8,4314,7,1154,1,3160,0,0,3,1018,5,1635,3,2653,California
Lassen,2021-02-28,5,4319,0,1154,5,3165,0,0,3,1019,2,1637,3,2656,California
Lassen,2021-03-01,42,4361,4,1158,38,3203,0,0,8,994,33,1670,8,2664,California
Lassen,2021-03-02,106,4467,7,1165,99,3302,0,0,80,1049,25,1695,80,2744,California
Lassen,2021-03-03,167,4634,12,1177,155,3457,0,0,110,1102,57,1752,110,2854,California
Lassen,2021-03-04,149,4783,17,1194,132,3589,0,0,98,1150,50,1802,98,2952,California
Lassen,2021-03-05,49,4832,7,1201,18,3607,24,24,11,1147,38,1840,35,2987,California
Lassen,2021-03-06,55,4887,4,1205,29,3636,22,46,5,1124,50,1890,27,3014,California
Lassen,2021-03-07,57,4944,2,1207,0,3636,55,101,2,1126,55,1945,57,3071,California
Lassen,2021-03-08,89,5033,2,1209,7,3643,80,181,3,1123,86,2031,83,3154,California
Lassen,2021-03-09,137,5170,11,1220,109,3752,17,198,89,1181,48,2079,106,3260,California
Lassen,2021-03-10,173,5343,10,1230,161,3913,2,200,79,1169,93,2172,81,3341,California
Lassen,2021-03-11,183,5526,15,1245,161,4074,7,207,111,1218,69,2241,118,3459,California
Lassen,2021-03-12,34,5560,17,1262,13,4087,4,211,12,1212,22,2263,16,3475,California
Lassen,2021-03-13,48,5608,0,1262,2,4089,46,257,1,1211,47,2310,46,3521,California
Lassen,2021-03-14,14,5622,2,1264,11,4100,1,258,2,1202,12,2322,3,3524,California
Lassen,2021-03-15,34,5656,3,1267,31,4131,0,258,16,1200,18,2340,16,3540,California
Lassen,2021-03-16,93,5749,2,1269,85,4216,6,264,74,1261,19,2359,80,3620,California
Lassen,2021-03-17,1083,6832,9,1278,1069,5285,5,269,1064,2311,19,2378,1069,4689,California
Lassen,2021-03-18,93,6925,9,1287,83,5368,1,270,80,2379,13,2391,81,4770,California
Lassen,2021-03-19,17,6942,11,1298,2,5370,4,274,7,2380,10,2401,11,4781,California
Lassen,2021-03-20,28,6970,3,1301,22,5392,3,277,21,2397,7,2408,24,4805,California
Lassen,2021-03-21,34,7004,0,1301,34,5426,0,277,14,2392,19,2427,14,4819,California
Lassen,2021-03-22,58,7062,1,1302,57,5483,0,277,55,2444,3,2430,55,4874,California
Lassen,2021-03-23,120,7182,11,1313,108,5591,1,278,67,2459,53,2483,68,4942,California
Lassen,2021-03-24,213,7395,13,1326,199,5790,1,279,107,2463,104,2587,108,5050,California
Lassen,2021-03-25,152,7547,21,1347,131,5921,0,279,69,2449,83,2670,69,5119,California
Lassen,2021-03-26,78,7625,13,1360,26,5947,39,318,19,2448,58,2728,57,5176,California
Lassen,2021-03-27,19,7644,3,1363,1,5948,15,333,2,2448,17,2745,17,5193,California
Lassen,2021-03-28,18,7662,3,1366,5,5953,10,343,3,2446,15,2760,13,5206,California
Lassen,2021-03-29,52,7714,0,1366,27,5980,25,368,20,2460,31,2791,45,5251,California
Lassen,2021-03-30,197,7911,10,1376,161,6141,26,394,52,2393,145,2936,78,5329,California
Lassen,2021-03-31,147,8058,12,1388,113,6254,22,416,62,2393,84,3020,84,5413,California
Lassen,2021-04-01,165,8223,15,1403,131,6385,19,435,48,2344,116,3136,67,5480,California
Lassen,2021-04-02,30,8253,4,1407,3,6388,23,458,2,2341,28,3164,25,5505,California
Lassen,2021-04-03,12,8265,0,1407,2,6390,10,468,0,2339,12,3176,10,5515,California
Lassen,2021-04-04,7,8272,2,1409,0,6390,5,473,1,2339,6,3182,6,5521,California
Lassen,2021-04-05,22,8294,4,1413,11,6401,7,480,11,2346,11,3193,18,5539,California
Lassen,2021-04-06,183,8477,9,1422,144,6545,30,510,52,2297,131,3324,82,5621,California
Lassen,2021-04-07,134,8611,6,1428,91,6636,37,547,32,2266,102,3426,71,5692,California
Lassen,2021-04-08,166,8777,8,1436,102,6738,56,603,31,2222,131,3557,87,5779,California
Lassen,2021-04-09,51,8828,6,1442,10,6748,35,638,8,2222,42,3599,42,5821,California
Lassen,2021-04-10,9,8837,0,1442,2,6750,7,645,0,2221,8,3607,7,5828,California
Lassen,2021-04-11,5,8842,2,1444,0,6750,3,648,2,2223,3,3610,5,5833,California
Lassen,2021-04-12,31,8873,3,1447,15,6765,13,661,3,2211,28,3638,16,5849,California
Lassen,2021-04-13,129,9002,6,1453,123,6888,0,661,40,2163,88,3726,40,5889,California
Lassen,2021-04-14,987,9989,16,1469,971,7859,0,661,50,1277,936,4662,50,5939,California
Lassen,2021-04-15,147,10136,14,1483,133,7992,0,661,19,1168,128,4790,19,5958,California
Lassen,2021-04-16,12,10148,4,1487,8,8000,0,661,5,1166,7,4797,5,5963,California
Lassen,2021-04-17,22,10170,2,1489,20,8020,0,661,4,1152,18,4815,4,5967,California
Lassen,2021-04-18,5,10175,2,1491,3,8023,0,661,2,1151,3,4818,2,5969,California
Lassen,2021-04-19,32,10207,0,1491,32,8055,0,661,16,1151,16,4834,16,5985,California
Lassen,2021-04-20,138,10345,7,1498,131,8186,0,661,52,1117,86,4920,52,6037,California
Lassen,2021-04-21,164,10509,10,1508,154,8340,0,661,32,1019,130,5050,32,6069,California
Lassen,2021-04-22,103,10612,17,1525,86,8426,0,661,33,982,70,5120,33,6102,California
Lassen,2021-04-23,26,10638,1,1526,25,8451,0,661,20,996,6,5126,20,6122,California
Lassen,2021-04-24,9,10647,5,1531,4,8455,0,661,3,993,6,5132,3,6125,California
Lassen,2021-04-25,5,10652,0,1531,4,8459,1,662,3,995,2,5134,4,6129,California
Lassen,2021-04-26,40,10692,0,1531,36,8495,4,666,7,973,33,5167,11,6140,California
Lassen,2021-04-27,123,10815,9,1540,111,8606,3,669,70,993,53,5220,73,6213,California
Lassen,2021-04-28,84,10899,8,1548,74,8680,2,671,31,973,53,5273,33,6246,California
Lassen,2021-04-29,65,10964,6,1554,56,8736,3,674,22,956,42,5315,25,6271,California
Lassen,2021-04-30,13,10977,8,1562,2,8738,3,677,4,954,9,5324,7,6278,California
Lassen,2021-05-01,4,10981,0,1562,3,8741,1,678,3,957,1,5325,4,6282,California
Lassen,2021-05-02,11,10992,7,1569,4,8745,0,678,7,960,4,5329,7,6289,California
Lassen,2021-05-03,18,11010,1,1570,10,8755,7,685,3,955,15,5344,10,6299,California
Lassen,2021-05-04,71,11081,4,1574,59,8814,8,693,20,932,51,5395,28,6327,California
Lassen,2021-05-05,81,11162,4,1578,67,8881,10,703,26,914,54,5449,36,6363,California
Lassen,2021-05-06,83,11245,21,1599,40,8921,22,725,24,901,59,5508,46,6409,California
Lassen,2021-05-07,47,11292,32,1631,10,8931,5,730,39,937,8,5516,44,6453,California
Lassen,2021-05-08,11,11303,0,1631,5,8936,6,736,4,940,7,5523,10,6463,California
Lassen,2021-05-09,3,11306,1,1632,0,8936,2,738,0,939,3,5526,2,6465,California
Lassen,2021-05-10,13,11319,1,1633,9,8945,3,741,7,943,6,5532,10,6475,California
Lassen,2021-05-11,70,11389,1,1634,60,9005,9,750,19,920,51,5583,28,6503,California
Lassen,2021-05-12,41,11430,4,1638,32,9037,5,755,12,908,29,5612,17,6520,California
Lassen,2021-05-13,37,11467,11,1649,21,9058,5,760,12,900,25,5637,17,6537,California
Lassen,2021-05-14,23,11490,5,1654,10,9068,8,768,12,909,11,5648,20,6557,California
Lassen,2021-05-15,16,11506,2,1656,4,9072,10,778,4,911,12,5660,14,6571,California
Lassen,2021-05-16,7,11513,2,1658,3,9075,2,780,2,911,4,5664,4,6575,California
Lassen,2021-05-17,35,11548,3,1661,20,9095,12,792,11,910,24,5688,23,6598,California
Lassen,2021-05-18,95,11643,12,1673,70,9165,13,805,31,890,64,5752,44,6642,California
Lassen,2021-05-19,64,11707,6,1679,47,9212,11,816,11,859,52,5804,21,6663,California
Lassen,2021-05-20,30,11737,5,1684,16,9228,9,825,9,856,21,5825,18,6681,California
Lassen,2021-05-21,65,11802,31,1715,21,9249,13,838,35,874,30,5855,48,6729,California
Lassen,2021-05-22,16,11818,1,1716,7,9256,8,846,6,878,10,5865,14,6743,California
Lassen,2021-05-23,7,11825,4,1720,2,9258,1,847,1,874,6,5871,2,6745,California
Lassen,2021-05-24,13,11838,1,1721,9,9267,3,850,6,877,6,5877,9,6754,California
Lassen,2021-05-25,98,11936,5,1726,86,9353,7,857,32,850,66,5943,39,6793,California
Lassen,2021-05-26,59,11995,2,1728,43,9396,14,871,12,829,47,5990,26,6819,California
Lassen,2021-05-27,33,12028,15,1743,11,9407,7,878,5,814,27,6017,12,6831,California
Los Angeles,2020-12-15,395,395,395,395,0,0,0,0,395,395,0,0,395,395,California
Los Angeles,2020-12-16,3585,3980,3585,3980,0,0,0,0,3585,3980,0,0,3585,3980,California
Los Angeles,2020-12-17,10290,14270,10290,14270,0,0,0,0,10291,14271,0,0,10291,14271,California
Los Angeles,2020-12-18,14556,28826,14533,28803,23,23,0,0,14556,28827,0,0,14556,28827,California
Los Angeles,2020-12-19,7233,36059,7225,36028,8,31,0,0,7234,36061,0,0,7234,36061,California
Los Angeles,2020-12-20,4604,40663,4596,40624,8,39,0,0,4606,40667,0,0,4606,40667,California
Los Angeles,2020-12-21,13729,54392,13712,54336,17,56,0,0,13729,54395,1,1,13729,54396,California
Los Angeles,2020-12-22,11549,65941,11159,65495,390,446,0,0,11550,65944,1,2,11550,65946,California
Los Angeles,2020-12-23,11968,77909,10199,75694,1769,2215,0,0,11968,77912,0,2,11968,77914,California
Los Angeles,2020-12-24,7040,84949,4267,79961,2773,4988,0,0,7042,84954,0,2,7042,84956,California
Los Angeles,2020-12-25,528,85477,422,80383,106,5094,0,0,528,85482,0,2,528,85484,California
Los Angeles,2020-12-26,2542,88019,2190,82573,352,5446,0,0,2541,88022,1,3,2541,88025,California
Los Angeles,2020-12-27,1773,89792,1036,83609,737,6183,0,0,1773,89795,0,3,1773,89798,California
Los Angeles,2020-12-28,10331,100123,6404,90013,3927,10110,0,0,10328,100122,1,4,10328,100126,California
Los Angeles,2020-12-29,11613,111736,6086,96099,5527,15637,0,0,11614,111736,0,4,11614,111740,California
Los Angeles,2020-12-30,14884,126620,8096,104195,6788,22425,0,0,14883,126619,0,4,14883,126623,California
Los Angeles,2020-12-31,7956,134576,2763,106958,5193,27618,0,0,7953,134570,2,6,7953,134576,California
Los Angeles,2021-01-01,1027,135603,285,107243,742,28360,0,0,1027,135597,0,6,1027,135603,California
Los Angeles,2021-01-02,4481,140084,1825,109068,2656,31016,0,0,4481,140078,0,6,4481,140084,California
Los Angeles,2021-01-03,957,141041,377,109445,580,31596,0,0,956,141033,1,7,956,141040,California
Los Angeles,2021-01-04,12732,153773,5013,114458,7719,39315,0,0,12717,153747,3,10,12717,153757,California
Los Angeles,2021-01-05,16082,169855,7406,121864,8676,47991,0,0,14170,166036,1885,1895,14174,167931,California
Los Angeles,2021-01-06,22717,192572,12239,134103,10478,58469,0,0,17085,177567,5563,7458,17094,185025,California
Los Angeles,2021-01-07,29414,221986,15946,150049,13468,71937,0,0,18861,185938,10505,17963,18876,203901,California
Los Angeles,2021-01-08,33185,255171,18020,168069,15165,87102,0,0,20917,194623,12242,30205,20927,224828,California
Los Angeles,2021-01-09,12392,267563,7157,175226,5235,92337,0,0,7510,197261,4879,35084,7517,232345,California
Los Angeles,2021-01-10,4694,272257,3730,178956,964,93301,0,0,1960,196488,2734,37818,1961,234306,California
Los Angeles,2021-01-11,25846,298103,16276,195232,9570,102871,0,0,14893,200449,10942,48760,14903,249209,California
Los Angeles,2021-01-12,29373,327476,16229,211461,13144,116015,0,0,19227,209560,10128,58888,19239,268448,California
Los Angeles,2021-01-13,29307,356783,15674,227135,13633,129648,0,0,20349,220974,8940,67828,20354,288802,California
Los Angeles,2021-01-14,29281,386064,12722,239857,16559,146207,0,0,23754,239232,5508,73336,23766,312568,California
Los Angeles,2021-01-15,33841,419905,12398,252255,21443,167650,0,0,30258,265941,3557,76893,30266,342834,California
Los Angeles,2021-01-16,17576,437481,4963,257218,12613,180263,0,0,15794,279966,1774,78667,15799,358633,California
Los Angeles,2021-01-17,5203,442684,2315,259533,2888,183151,0,0,4955,284676,247,78914,4957,363590,California
Los Angeles,2021-01-18,15644,458328,10101,269634,5543,188694,0,0,10917,290880,4715,83629,10919,374509,California
Los Angeles,2021-01-19,38536,496864,20620,290254,17916,206610,0,0,30723,313843,7772,91401,30735,405244,California
Los Angeles,2021-01-20,46178,543042,24169,314423,22009,228619,0,0,38689,345083,7459,98860,38699,443943,California
Los Angeles,2021-01-21,48710,591752,22452,336875,26258,254877,0,0,44426,385305,4219,103079,44441,488384,California
Los Angeles,2021-01-22,48080,639832,22349,359224,25731,280608,0,0,44641,426564,3394,106473,44653,533037,California
Los Angeles,2021-01-23,34020,673852,15726,374950,18294,298902,0,0,31960,456510,2027,108500,31973,565010,California
Los Angeles,2021-01-24,15740,689592,12214,387164,3526,302428,0,0,15191,471162,542,109042,15194,580204,California
Los Angeles,2021-01-25,39002,728594,16620,403784,22382,324810,0,0,30373,492952,8599,117641,30389,610593,California
Los Angeles,2021-01-26,49443,778037,24564,428348,24879,349689,0,0,41215,525992,8194,125835,41234,651827,California
Los Angeles,2021-01-27,48745,826782,25895,454243,22850,372539,0,0,39413,556234,9193,135028,39435,691262,California
Los Angeles,2021-01-28,48756,875538,23372,477615,25384,397923,0,0,40305,588225,8329,143357,40320,731582,California
Los Angeles,2021-01-29,49433,924971,25591,503206,23842,421765,0,0,39334,617829,9746,153103,39350,770932,California
Los Angeles,2021-01-30,30196,955167,15579,518785,14617,436382,0,0,25903,639522,4215,157318,25908,796840,California
Los Angeles,2021-01-31,12979,968146,10330,529115,2649,439031,0,0,12160,650881,805,158123,12164,809004,California
Los Angeles,2021-02-01,38599,1006745,16541,545656,22058,461089,0,0,28047,668422,10516,168639,28057,837061,California
Los Angeles,2021-02-02,44473,1051218,17921,563577,26552,487641,0,0,32284,688565,12148,180787,32291,869352,California
Los Angeles,2021-02-03,52185,1103403,19565,583142,32620,520261,0,0,37290,711212,14649,195436,37296,906648,California
Los Angeles,2021-02-04,57193,1160596,20668,603810,36525,556786,0,0,39126,732594,17758,213194,39140,945788,California
Los Angeles,2021-02-05,61381,1221977,21133,624943,40248,597034,0,0,39397,750437,21563,234757,39406,985194,California
Los Angeles,2021-02-06,35636,1257613,13394,638337,22242,619276,0,0,27171,769242,8388,243145,27193,1012387,California
Los Angeles,2021-02-07,10895,1268508,8463,646800,2432,621708,0,0,8499,775367,2381,245526,8506,1020893,California
Los Angeles,2021-02-08,46987,1315495,21726,668526,25261,646969,0,0,30752,790020,16101,261627,30754,1051647,California
Los Angeles,2021-02-09,56003,1371498,24757,693283,31246,678215,0,0,28543,791191,27379,289006,28550,1080197,California
Los Angeles,2021-02-10,66944,1438442,29385,722668,37559,715774,0,0,30751,786140,35812,324818,30761,1110958,California
Los Angeles,2021-02-11,58397,1496839,31222,753890,27175,742949,0,0,28237,784668,29713,354531,28241,1139199,California
Los Angeles,2021-02-12,59680,1556519,29887,783777,29793,772742,0,0,26029,777409,33304,387835,26045,1165244,California
Los Angeles,2021-02-13,33946,1590465,19755,803532,14191,786933,0,0,15538,774663,18322,406157,15576,1180820,California
Los Angeles,2021-02-14,21812,1612277,14890,818422,6922,793855,0,0,8764,770445,12985,419142,8767,1189587,California
Los Angeles,2021-02-15,32878,1645155,15967,834389,16911,810766,0,0,18062,773764,14749,433891,18068,1207655,California
Los Angeles,2021-02-16,64340,1709495,32674,867063,31666,842432,0,0,29989,769510,34256,468147,30002,1237657,California
Los Angeles,2021-02-17,64960,1774455,34602,901665,30358,872790,0,0,26611,757969,38158,506305,26617,1264274,California
Los Angeles,2021-02-18,68649,1843104,34857,936522,33792,906582,0,0,28727,746971,39736,546041,28738,1293012,California
Los Angeles,2021-02-19,58396,1901500,36066,972588,22330,928912,0,0,28639,745972,29654,575695,28655,1321667,California
Los Angeles,2021-02-20,32937,1934437,23974,996562,8963,937875,0,0,15877,744845,17012,592707,15885,1337552,California
Los Angeles,2021-02-21,22210,1956647,20544,1017106,1666,939541,0,0,11089,744889,11064,603771,11108,1348660,California
Los Angeles,2021-02-22,34609,1991256,25211,1042317,9398,948939,0,0,17891,746163,16638,620409,17912,1366572,California
Los Angeles,2021-02-23,54916,2046172,23714,1066031,31202,980141,0,0,21704,734790,33089,653498,21716,1388288,California
Los Angeles,2021-02-24,65052,2111224,28957,1094988,36095,1016236,0,0,28591,727115,36285,689783,28610,1416898,California
Los Angeles,2021-02-25,74181,2185405,33961,1128949,40220,1056456,0,0,39022,731158,34992,724775,39035,1455933,California
Los Angeles,2021-02-26,83749,2269154,38768,1167717,44981,1101437,0,0,48137,743945,35381,760156,48168,1504101,California
Los Angeles,2021-02-27,60273,2329427,26510,1194227,33759,1135196,4,4,31024,745903,29093,789249,31051,1535152,California
Los Angeles,2021-02-28,26883,2356310,18550,1212777,8330,1143526,3,7,18880,756894,7898,797147,18889,1554041,California
Los Angeles,2021-03-01,56889,2413199,32320,1245097,24543,1168069,26,33,34202,768625,22513,819660,34244,1588285,California
Los Angeles,2021-03-02,77587,2490786,37717,1282814,39867,1207936,3,36,48997,789176,28461,848121,49012,1637297,California
Los Angeles,2021-03-03,84553,2575339,43110,1325924,41430,1249366,13,49,53461,811750,30926,879047,53500,1690797,California
Los Angeles,2021-03-04,90643,2665982,46549,1372473,44082,1293448,12,61,57216,835748,33249,912296,57247,1748044,California
Los Angeles,2021-03-05,89945,2755927,44406,1416879,45509,1338957,30,91,60290,866642,29463,941759,60357,1808401,California
Los Angeles,2021-03-06,67283,2823210,34299,1451178,31165,1370122,1819,1910,43387,888101,23752,965511,45211,1853612,California
Los Angeles,2021-03-07,27199,2850409,20761,1471939,5624,1375746,814,2724,21055,903849,6115,971626,21863,1875475,California
Los Angeles,2021-03-08,52750,2903159,27909,1499848,22892,1398638,1949,4673,39882,932910,12766,984392,41827,1917302,California
Los Angeles,2021-03-09,81394,2984553,38676,1538524,39441,1438079,3277,7950,51863,958659,29381,1013773,55130,1972432,California
Los Angeles,2021-03-10,83042,3067595,40878,1579402,37283,1475362,4881,12831,52570,985766,30305,1044078,57412,2029844,California
Los Angeles,2021-03-11,92775,3160370,45291,1624693,40795,1516157,6689,19520,54344,1008506,38248,1082326,60988,2090832,California
Los Angeles,2021-03-12,98914,3259284,44547,1669240,40454,1556611,13913,33433,57670,1039041,41046,1123372,71581,2162413,California
Los Angeles,2021-03-13,75563,3334847,35776,1705016,27816,1584427,11971,45404,45109,1065784,30345,1153717,57088,2219501,California
Los Angeles,2021-03-14,39074,3373921,26287,1731303,10241,1594668,2546,47950,23993,1077291,15015,1168732,26522,2246023,California
Los Angeles,2021-03-15,74903,3448824,36505,1767808,32947,1627615,5451,53401,45386,1098761,29341,1198073,50811,2296834,California
Los Angeles,2021-03-16,99869,3548693,43666,1811474,50323,1677938,5880,59281,64689,1134303,34990,1233063,70532,2367366,California
Los Angeles,2021-03-17,97132,3645825,44010,1855484,44812,1722750,8310,67591,64993,1175535,31937,1265000,73169,2440535,California
Los Angeles,2021-03-18,101842,3747667,48705,1904189,47813,1770563,5324,72915,64645,1208576,36912,1301912,69953,2510488,California
Los Angeles,2021-03-19,109137,3856804,56922,1961111,47446,1818009,4769,77684,67303,1239030,41566,1343478,72020,2582508,California
Los Angeles,2021-03-20,76304,3933108,37689,1998800,34029,1852038,4586,82270,51788,1271052,24334,1367812,56356,2638864,California
Los Angeles,2021-03-21,34607,3967715,25743,2024543,7963,1860001,901,83171,22214,1281890,12275,1380087,23113,2661977,California
Los Angeles,2021-03-22,70768,4038483,41555,2066098,27062,1887063,2151,85322,49682,1312891,20829,1400916,51830,2713807,California
Los Angeles,2021-03-23,96335,4134818,52096,2118194,41012,1928075,3227,88549,58362,1336757,37712,1438628,61578,2775385,California
Los Angeles,2021-03-24,104848,4239666,55734,2173928,45967,1974042,3147,91696,60807,1356974,43725,1482353,63942,2839327,California
Los Angeles,2021-03-25,110524,4350190,59293,2233221,47344,2021386,3887,95583,62149,1374914,48079,1530432,66019,2905346,California
Los Angeles,2021-03-26,115179,4465369,63289,2296510,47714,2069100,4176,99759,63564,1391296,51334,1581766,67716,2973062,California
Los Angeles,2021-03-27,83499,4548868,44276,2340786,37091,2106191,2132,101891,42681,1395555,40558,1622324,44817,3017879,California
Los Angeles,2021-03-28,42153,4591021,28590,2369376,12978,2119169,585,102476,20047,1394209,21978,1644302,20632,3038511,California
Los Angeles,2021-03-29,82936,4673957,47119,2416495,34046,2153215,1771,104247,46075,1405406,36660,1680962,47857,3086368,California
Los Angeles,2021-03-30,108862,4782819,52005,2468500,50926,2204141,5931,110178,56910,1416503,51719,1732681,62816,3149184,California
Los Angeles,2021-03-31,122514,4905333,62023,2530523,51658,2255799,8833,119011,68544,1440178,53670,1786351,77345,3226529,California
Los Angeles,2021-04-01,133154,5038487,62502,2593025,55286,2311085,15366,134377,71862,1466380,60974,1847325,87176,3313705,California
Los Angeles,2021-04-02,132002,5170489,58775,2651800,57741,2368826,15486,149863,70263,1490743,61408,1908733,85771,3399476,California
Los Angeles,2021-04-03,98491,5268980,45101,2696901,39786,2408612,13604,163467,48465,1502909,49843,1958576,62009,3461485,California
Los Angeles,2021-04-04,39174,5308154,20507,2717408,12037,2420649,6630,170097,16361,1503128,22737,1981313,22956,3484441,California
Los Angeles,2021-04-05,93774,5401928,44415,2761823,39148,2459797,10211,180308,44517,1508770,49052,2030365,54694,3539135,California
Los Angeles,2021-04-06,120903,5522831,56932,2818755,43684,2503481,20287,200595,55390,1519118,65265,2095630,75613,3614748,California
Los Angeles,2021-04-07,119900,5642731,54562,2873317,44239,2547720,21099,221694,54233,1529003,65417,2161047,75302,3690050,California
Los Angeles,2021-04-08,132547,5775278,58454,2931771,50070,2597790,24023,245717,59875,1540492,72390,2233437,83879,3773929,California
Los Angeles,2021-04-09,131078,5906356,56825,2988596,50405,2648195,23848,269565,56103,1545777,74688,2308125,79973,3853902,California
Los Angeles,2021-04-10,101022,6007378,42862,3031458,34216,2682411,23944,293509,36991,1542874,63802,2371927,60899,3914801,California
Los Angeles,2021-04-11,41644,6049022,22504,3053962,9612,2692023,9528,303037,14101,1538987,27462,2399389,23575,3938376,California
Los Angeles,2021-04-12,78566,6127588,38434,3092396,33858,2725881,6274,309311,32116,1531072,46250,2445639,38335,3976711,California
Los Angeles,2021-04-13,116968,6244556,58903,3151299,57640,2783521,425,309736,61607,1537980,55131,2500770,62039,4038750,California
Los Angeles,2021-04-14,118568,6363124,59439,3210738,58998,2842519,131,309867,64283,1548364,54024,2554794,64408,4103158,California
Los Angeles,2021-04-15,129701,6492825,70186,3280924,59343,2901862,172,310039,74251,1567469,55183,2609977,74288,4177446,California
Los Angeles,2021-04-16,129963,6622788,68741,3349665,61080,2962942,142,310181,68389,1574634,61296,2671273,68461,4245907,California
Los Angeles,2021-04-17,98018,6720806,51283,3400948,46710,3009652,25,310206,55871,1588592,41937,2713210,55895,4301802,California
Los Angeles,2021-04-18,33843,6754649,22447,3423395,11395,3021047,1,310207,18447,1591724,15322,2728532,18454,4320256,California
Los Angeles,2021-04-19,74823,6829472,39597,3462992,35214,3056261,12,310219,33225,1583549,41421,2769953,33246,4353502,California
Los Angeles,2021-04-20,102811,6932283,50191,3513183,52598,3108859,22,310241,51059,1583116,51516,2821469,51083,4404585,California
Los Angeles,2021-04-21,109275,7041558,52575,3565758,56512,3165371,188,310429,48176,1570697,60783,2882252,48364,4452949,California
Los Angeles,2021-04-22,116157,7157715,59674,3625432,56450,3221821,33,310462,51220,1557315,64639,2946891,51257,4504206,California
Los Angeles,2021-04-23,114085,7271800,62547,3687979,51519,3273340,19,310481,54092,1551727,59698,3006589,54110,4558316,California
Los Angeles,2021-04-24,88187,7359987,56842,3744821,31319,3304659,26,310507,49096,1561988,38868,3045457,49129,4607445,California
Los Angeles,2021-04-25,37814,7397801,25139,3769960,12670,3317329,5,310512,20426,1565133,17286,3062743,20431,4627876,California
Los Angeles,2021-04-26,69372,7467173,37167,3807127,31756,3349085,449,310961,34103,1564610,35068,3097811,34545,4662421,California
Los Angeles,2021-04-27,86339,7553512,41804,3848931,42845,3391930,1690,312651,32925,1546065,53148,3150959,34603,4697024,California
Los Angeles,2021-04-28,84674,7638186,40894,3889825,41750,3433680,2030,314681,33024,1529752,51356,3202315,35043,4732067,California
Los Angeles,2021-04-29,91145,7729331,45429,3935254,43587,3477267,2129,316810,32316,1505733,58458,3260773,34439,4766506,California
Los Angeles,2021-04-30,98833,7828164,49140,3984394,47299,3524566,2394,319204,35627,1480923,62815,3323588,38005,4804511,California
Los Angeles,2021-05-01,74833,7902997,42140,4026534,31197,3555763,1496,320700,28160,1464178,46395,3369983,29650,4834161,California
Los Angeles,2021-05-02,27893,7930890,17895,4044429,9265,3565028,733,321433,10095,1457316,17687,3387670,10825,4844986,California
Los Angeles,2021-05-03,60370,7991260,29680,4074109,28536,3593564,2154,323587,21260,1441844,38873,3426543,23401,4868387,California
Los Angeles,2021-05-04,85120,8076380,46950,4121059,35955,3629519,2215,325802,25988,1411205,58824,3485367,28185,4896572,California
Los Angeles,2021-05-05,88025,8164405,51378,4172437,34317,3663836,2330,328132,23959,1373730,63752,3549119,26277,4922849,California
Los Angeles,2021-05-06,95731,8260136,57761,4230198,35484,3699320,2486,330618,22710,1326268,72641,3621760,25179,4948028,California
Los Angeles,2021-05-07,95018,8355154,56633,4286831,36060,3735380,2325,332943,25776,1285433,68917,3690677,28082,4976110,California
Los Angeles,2021-05-08,63317,8418471,41745,4328576,19962,3755342,1610,334553,17097,1258385,45746,3736423,18698,4994808,California
Los Angeles,2021-05-09,23702,8442173,17917,4346493,5054,3760396,731,335284,6063,1247744,17430,3753853,6789,5001597,California
Los Angeles,2021-05-10,48261,8490434,25351,4371844,21072,3781468,1838,337122,14450,1230512,33512,3787365,16280,5017877,California
Los Angeles,2021-05-11,66694,8557128,35774,4407618,28922,3810390,1998,339120,16993,1200023,49459,3836824,18970,5036847,California
Los Angeles,2021-05-12,66825,8623953,36039,4443657,28671,3839061,2115,341235,18767,1173111,47780,3884604,20868,5057715,California
Los Angeles,2021-05-13,69367,8693320,41975,4485632,25768,3864829,1624,342859,24331,1154445,44609,3929213,25943,5083658,California
Los Angeles,2021-05-14,86587,8779907,55153,4540785,29641,3894470,1793,344652,32682,1135316,53598,3982811,34469,5118127,California
Los Angeles,2021-05-15,73498,8853405,52004,4592789,20025,3914495,1469,346121,28520,1120570,44723,4027534,29977,5148104,California
Los Angeles,2021-05-16,30331,8883736,23994,4616783,5734,3920229,603,346724,12127,1115180,18116,4045650,12726,5160830,California
Los Angeles,2021-05-17,60834,8944570,39757,4656540,19357,3939586,1720,348444,26172,1108635,34444,4080094,27899,5188729,California
Los Angeles,2021-05-18,63527,9008097,38148,4694688,23612,3963198,1767,350211,26886,1100885,36371,4116465,28621,5217350,California
Los Angeles,2021-05-19,66581,9074678,40366,4735054,24409,3987607,1806,352017,29335,1095015,36993,4153458,31123,5248473,California
Los Angeles,2021-05-20,52568,9127246,29644,4764698,21133,4008740,1791,353808,20595,1085717,31681,4185139,22383,5270856,California
Los Angeles,2021-05-21,55121,9182367,34271,4798969,19075,4027815,1775,355583,22922,1078483,31928,4217067,24694,5295550,California
Los Angeles,2021-05-22,44147,9226514,29487,4828456,13202,4041017,1458,357041,19078,1074108,24903,4241970,20528,5316078,California
Los Angeles,2021-05-23,14420,9240934,11327,4839783,2438,4043455,655,357696,7443,1075286,6917,4248887,8095,5324173,California
Los Angeles,2021-05-24,47038,9287972,25776,4865559,19464,4062919,1798,359494,18723,1067682,28112,4276999,20508,5344681,California
Los Angeles,2021-05-25,48481,9336453,28204,4893763,18548,4081467,1729,361223,19814,1060773,28432,4305431,21523,5366204,California
Los Angeles,2021-05-26,44350,9380803,25042,4918805,17585,4099052,1723,362946,19044,1056513,24911,4330342,20651,5386855,California
Los Angeles,2021-05-27,24698,9405501,14474,4933279,9003,4108055,1221,364167,9761,1052677,14801,4345143,10965,5397820,California
Madera,2020-12-16,21,21,21,21,0,0,0,0,21,21,0,0,21,21,California
Madera,2020-12-17,13,34,13,34,0,0,0,0,13,34,0,0,13,34,California
Madera,2020-12-18,60,94,60,94,0,0,0,0,60,94,0,0,60,94,California
Madera,2020-12-19,5,99,5,99,0,0,0,0,5,99,0,0,5,99,California
Madera,2020-12-20,14,113,14,113,0,0,0,0,14,113,0,0,14,113,California
Madera,2020-12-21,59,172,59,172,0,0,0,0,59,172,0,0,59,172,California
Madera,2020-12-22,97,269,95,267,2,2,0,0,97,269,0,0,97,269,California
Madera,2020-12-23,68,337,68,335,0,2,0,0,68,337,0,0,68,337,California
Madera,2020-12-24,45,382,40,375,5,7,0,0,45,382,0,0,45,382,California
Madera,2020-12-26,28,410,26,401,2,9,0,0,28,410,0,0,28,410,California
Madera,2020-12-27,29,439,12,413,17,26,0,0,29,439,0,0,29,439,California
Madera,2020-12-28,106,545,36,449,70,96,0,0,106,545,0,0,106,545,California
Madera,2020-12-29,172,717,37,486,135,231,0,0,172,717,0,0,172,717,California
Madera,2020-12-30,220,937,87,573,133,364,0,0,220,937,0,0,220,937,California
Madera,2020-12-31,201,1138,80,653,121,485,0,0,201,1138,0,0,201,1138,California
Madera,2021-01-01,1,1139,1,654,0,485,0,0,1,1139,0,0,1,1139,California
Madera,2021-01-02,89,1228,33,687,56,541,0,0,89,1228,0,0,89,1228,California
Madera,2021-01-03,5,1233,5,692,0,541,0,0,5,1233,0,0,5,1233,California
Madera,2021-01-04,129,1362,65,757,64,605,0,0,129,1362,0,0,129,1362,California
Madera,2021-01-05,279,1641,143,900,136,741,0,0,275,1633,4,4,275,1637,California
Madera,2021-01-06,183,1824,26,926,157,898,0,0,164,1778,19,23,164,1801,California
Madera,2021-01-07,399,2223,116,1042,283,1181,0,0,377,2133,22,45,377,2178,California
Madera,2021-01-08,418,2641,72,1114,346,1527,0,0,363,2443,54,99,364,2542,California
Madera,2021-01-09,36,2677,14,1128,22,1549,0,0,27,2461,9,108,27,2569,California
Madera,2021-01-10,17,2694,14,1142,3,1552,0,0,5,2454,12,120,5,2574,California
Madera,2021-01-11,238,2932,190,1332,48,1600,0,0,197,2610,41,161,197,2771,California
Madera,2021-01-12,392,3324,159,1491,233,1833,0,0,287,2792,105,266,287,3058,California
Madera,2021-01-13,184,3508,92,1583,92,1925,0,0,127,2863,57,323,128,3186,California
Madera,2021-01-14,554,4062,81,1664,473,2398,0,0,520,3349,34,357,520,3706,California
Madera,2021-01-15,599,4661,160,1824,439,2837,0,0,578,3906,21,378,578,4284,California
Madera,2021-01-16,382,5043,48,1872,334,3171,0,0,354,4232,28,406,354,4638,California
Madera,2021-01-17,335,5378,15,1887,320,3491,0,0,331,4559,4,410,331,4969,California
Madera,2021-01-18,77,5455,60,1947,17,3508,0,0,58,4599,18,428,58,5027,California
Madera,2021-01-19,572,6027,136,2083,436,3944,0,0,544,5116,28,456,545,5572,California
Madera,2021-01-20,235,6262,80,2163,155,4099,0,0,207,5296,27,483,207,5779,California
Madera,2021-01-21,239,6501,131,2294,108,4207,0,0,206,5471,31,514,206,5985,California
Madera,2021-01-22,257,6758,83,2377,174,4381,0,0,242,5698,15,529,242,6227,California
Madera,2021-01-23,100,6858,52,2429,48,4429,0,0,76,5750,24,553,76,6303,California
Madera,2021-01-24,100,6958,82,2511,18,4447,0,0,78,5806,22,575,78,6381,California
Madera,2021-01-25,264,7222,126,2637,138,4585,0,0,145,5832,119,694,145,6526,California
Madera,2021-01-26,486,7708,189,2826,297,4882,0,0,295,5938,190,884,296,6822,California
Madera,2021-01-27,738,8446,63,2889,675,5557,0,0,601,6404,137,1021,603,7425,California
Madera,2021-01-28,544,8990,108,2997,436,5993,0,0,441,6742,103,1124,441,7866,California
Madera,2021-01-29,466,9456,94,3091,372,6365,0,0,411,7098,55,1179,411,8277,California
Madera,2021-01-30,505,9961,16,3107,489,6854,0,0,451,7495,54,1233,451,8728,California
Madera,2021-01-31,9,9970,6,3113,3,6857,0,0,8,7502,1,1234,8,8736,California
Madera,2021-02-01,332,10302,148,3261,184,7041,0,0,206,7582,126,1360,206,8942,California
Madera,2021-02-02,252,10554,88,3349,164,7205,0,0,161,7654,90,1450,162,9104,California
Madera,2021-02-03,595,11149,461,3810,134,7339,0,0,475,8012,118,1568,476,9580,California
Madera,2021-02-04,392,11541,124,3934,268,7607,0,0,114,7850,277,1845,115,9695,California
Madera,2021-02-05,975,12516,297,4231,678,8285,0,0,369,7619,601,2446,370,10065,California
Madera,2021-02-06,360,12876,326,4557,34,8319,0,0,320,7900,39,2485,320,10385,California
Madera,2021-02-07,34,12910,6,4563,28,8347,0,0,29,7924,5,2490,29,10414,California
Madera,2021-02-08,383,13293,307,4870,76,8423,0,0,269,8080,113,2603,269,10683,California
Madera,2021-02-09,479,13772,118,4988,361,8784,0,0,197,7999,279,2882,198,10881,California
Madera,2021-02-10,430,14202,149,5137,281,9065,0,0,325,8219,105,2987,325,11206,California
Madera,2021-02-11,939,15141,308,5445,631,9696,0,0,408,8098,530,3517,409,11615,California
Madera,2021-02-12,842,15983,120,5565,722,10418,0,0,311,7887,525,4042,314,11929,California
Madera,2021-02-13,484,16467,43,5608,441,10859,0,0,138,7683,345,4387,141,12070,California
Madera,2021-02-14,399,16866,75,5683,324,11183,0,0,135,7555,264,4651,136,12206,California
Madera,2021-02-15,246,17112,100,5783,146,11329,0,0,175,7660,70,4721,175,12381,California
Madera,2021-02-16,774,17886,183,5966,591,11920,0,0,228,7345,544,5265,229,12610,California
Madera,2021-02-17,610,18496,274,6240,336,12256,0,0,340,7422,265,5530,342,12952,California
Madera,2021-02-18,1300,19796,540,6780,760,13016,0,0,1121,8365,179,5709,1122,14074,California
Madera,2021-02-19,858,20654,543,7323,315,13331,0,0,716,8940,142,5851,717,14791,California
Madera,2021-02-20,1070,21724,979,8302,91,13422,0,0,998,9868,71,5922,999,15790,California
Madera,2021-02-21,962,22686,819,9121,143,13565,0,0,957,10820,5,5927,957,16747,California
Madera,2021-02-22,912,23598,834,9955,78,13643,0,0,856,11620,56,5983,856,17603,California
Madera,2021-02-23,774,24372,501,10456,273,13916,0,0,546,11941,225,6208,546,18149,California
Madera,2021-02-24,909,25281,299,10755,610,14526,0,0,379,11791,529,6737,379,18528,California
Madera,2021-02-25,1032,26313,317,11072,715,15241,0,0,599,11959,431,7168,599,19127,California
Madera,2021-02-26,1087,27400,197,11269,890,16131,0,0,710,12294,375,7543,710,19837,California
Madera,2021-02-27,893,28293,261,11530,632,16763,0,0,469,12345,421,7964,472,20309,California
Madera,2021-02-28,188,28481,28,11558,160,16923,0,0,183,12523,5,7969,183,20492,California
Madera,2021-03-01,378,28859,119,11677,259,17182,0,0,196,12539,180,8149,196,20688,California
Madera,2021-03-02,744,29603,351,12028,393,17575,0,0,631,13059,112,8261,632,21320,California
Madera,2021-03-03,1347,30950,720,12748,627,18202,0,0,943,13627,401,8662,969,22289,California
Madera,2021-03-04,1205,32155,527,13275,678,18880,0,0,954,14332,252,8914,957,23246,California
Madera,2021-03-05,1354,33509,421,13696,920,19800,13,13,1080,15164,272,9186,1104,24350,California
Madera,2021-03-06,814,34323,633,14329,149,19949,32,45,496,15376,317,9503,529,24879,California
Madera,2021-03-07,154,34477,28,14357,104,20053,22,67,104,15452,50,9553,126,25005,California
Madera,2021-03-08,600,35077,335,14692,206,20259,59,126,306,15525,294,9847,367,25372,California
Madera,2021-03-09,594,35671,296,14988,264,20523,34,160,407,15789,185,10032,449,25821,California
Madera,2021-03-10,1186,36857,560,15548,548,21071,78,238,756,16198,426,10458,835,26656,California
Madera,2021-03-11,1687,38544,865,16413,490,21561,332,570,768,16393,917,11375,1112,27768,California
Madera,2021-03-12,1568,40112,811,17224,602,22163,155,725,793,16593,773,12148,973,28741,California
Madera,2021-03-13,1875,41987,1329,18553,348,22511,198,923,808,16552,1063,13211,1022,29763,California
Madera,2021-03-14,584,42571,449,19002,103,22614,32,955,294,16592,287,13498,327,30090,California
Madera,2021-03-15,738,43309,222,19224,469,23083,47,1002,513,16955,222,13720,585,30675,California
Madera,2021-03-16,930,44239,525,19749,358,23441,47,1049,740,17572,187,13907,804,31479,California
Madera,2021-03-17,1463,45702,979,20728,421,23862,63,1112,909,18088,546,14453,1062,32541,California
Madera,2021-03-18,1945,47647,683,21411,1202,25064,60,1172,973,18238,967,15420,1117,33658,California
Madera,2021-03-19,1583,49230,589,22000,910,25974,84,1256,1041,18890,539,15959,1191,34849,California
Madera,2021-03-20,1181,50411,775,22775,355,26329,51,1307,619,19047,561,16520,718,35567,California
Madera,2021-03-21,1100,51511,898,23673,156,26485,46,1353,382,18761,715,17235,429,35996,California
Madera,2021-03-22,1361,52872,852,24525,441,26926,68,1421,686,18885,672,17907,796,36792,California
Madera,2021-03-23,1419,54291,862,25387,467,27393,90,1511,677,18994,740,18647,849,37641,California
Madera,2021-03-24,947,55238,508,25895,408,27801,31,1542,618,19321,326,18973,653,38294,California
Madera,2021-03-25,1167,56405,528,26423,615,28416,24,1566,645,19491,512,19485,682,38976,California
Madera,2021-03-26,1519,57924,579,27002,808,29224,132,1698,711,19533,804,20289,846,39822,California
Madera,2021-03-27,919,58843,599,27601,296,29520,24,1722,416,19475,499,20788,441,40263,California
Madera,2021-03-28,435,59278,152,27753,222,29742,61,1783,242,19639,192,20980,356,40619,California
Madera,2021-03-29,685,59963,179,27932,477,30219,29,1812,491,19973,190,21170,524,41143,California
Madera,2021-03-30,1072,61035,605,28537,435,30654,32,1844,480,19898,589,21759,514,41657,California
Madera,2021-03-31,1395,62430,544,29081,717,31371,134,1978,428,19501,961,22720,564,42221,California
Madera,2021-04-01,1344,63774,620,29701,673,32044,51,2029,472,19157,865,23585,521,42742,California
Madera,2021-04-02,1599,65373,459,30160,1082,33126,58,2087,475,18579,1113,24698,535,43277,California
Madera,2021-04-03,958,66331,761,30921,177,33303,20,2107,395,18442,561,25259,424,43701,California
Madera,2021-04-04,187,66518,65,30986,120,33423,2,2109,88,18433,99,25358,90,43791,California
Madera,2021-04-05,737,67255,255,31241,424,33847,58,2167,343,18455,393,25751,415,44206,California
Madera,2021-04-06,1703,68958,889,32130,464,34311,350,2517,532,18168,1170,26921,883,45089,California
Madera,2021-04-07,1210,70168,376,32506,684,34995,150,2667,419,17957,788,27709,577,45666,California
Madera,2021-04-08,1704,71872,660,33166,787,35782,257,2924,546,17615,1152,28861,810,46476,California
Madera,2021-04-09,1627,73499,684,33850,795,36577,148,3072,941,18027,681,29542,1093,47569,California
Madera,2021-04-10,957,74456,679,34529,210,36787,68,3140,705,18548,253,29795,774,48343,California
Madera,2021-04-11,800,75256,648,35177,74,36861,78,3218,282,18391,515,30310,358,48701,California
Madera,2021-04-12,781,76037,268,35445,436,37297,77,3295,302,18292,479,30789,380,49081,California
Madera,2021-04-13,1234,77271,607,36052,586,37883,41,3336,717,18545,515,31304,768,49849,California
Madera,2021-04-14,1380,78651,854,36906,526,38409,0,3336,568,18307,812,32116,574,50423,California
Madera,2021-04-15,1154,79805,500,37406,653,39062,1,3337,419,18005,723,32839,421,50844,California
Madera,2021-04-16,1307,81112,535,37941,772,39834,0,3337,365,17440,931,33770,366,51210,California
Madera,2021-04-17,1268,82380,1070,39011,198,40032,0,3337,757,17686,511,34281,757,51967,California
Madera,2021-04-18,245,82625,207,39218,38,40070,0,3337,88,17619,155,34436,88,52055,California
Madera,2021-04-19,804,83429,236,39454,567,40637,1,3338,277,17375,521,34957,277,52332,California
Madera,2021-04-20,871,84300,427,39881,444,41081,0,3338,215,16939,653,35610,217,52549,California
Madera,2021-04-21,857,85157,452,40333,405,41486,0,3338,289,16662,568,36178,291,52840,California
Madera,2021-04-22,1059,86216,510,40843,549,42035,0,3338,372,16352,683,36861,373,53213,California
Madera,2021-04-23,960,87176,306,41149,654,42689,0,3338,334,16065,621,37482,334,53547,California
Madera,2021-04-24,705,87881,463,41612,242,42931,0,3338,246,15857,455,37937,247,53794,California
Madera,2021-04-25,265,88146,161,41773,101,43032,3,3341,118,15836,143,38080,122,53916,California
Madera,2021-04-26,518,88664,97,41870,415,43447,6,3347,111,15549,404,38484,117,54033,California
Madera,2021-04-27,566,89230,265,42135,279,43726,22,3369,298,15603,267,38751,321,54354,California
Madera,2021-04-28,490,89720,196,42331,275,44001,19,3388,241,15615,247,38998,259,54613,California
Madera,2021-04-29,538,90258,241,42572,270,44271,27,3415,251,15613,280,39278,278,54891,California
Madera,2021-04-30,921,91179,501,43073,404,44675,16,3431,256,15226,659,39937,272,55163,California
Madera,2021-05-01,959,92138,865,43938,81,44756,13,3444,384,15050,573,40510,397,55560,California
Madera,2021-05-02,400,92538,351,44289,45,44801,4,3448,148,14950,252,40762,152,55712,California
Madera,2021-05-03,503,93041,201,44490,262,45063,40,3488,101,14692,399,41161,141,55853,California
Madera,2021-05-04,882,93923,433,44923,409,45472,40,3528,211,14272,671,41832,251,56104,California
Madera,2021-05-05,994,94917,473,45396,462,45934,59,3587,273,13885,719,42551,332,56436,California
Madera,2021-05-06,696,95613,248,45644,417,46351,31,3618,154,13533,537,43088,185,56621,California
Madera,2021-05-07,806,96419,279,45923,506,46857,21,3639,194,13140,607,43695,214,56835,California
Madera,2021-05-08,968,97387,756,46679,202,47059,10,3649,186,12555,781,44476,196,57031,California
Madera,2021-05-09,145,97532,19,46698,115,47174,11,3660,34,12490,110,44586,45,57076,California
Madera,2021-05-10,343,97875,73,46771,258,47432,12,3672,99,12358,243,44829,111,57187,California
Madera,2021-05-11,525,98400,174,46945,343,47775,8,3680,172,12187,351,45180,180,57367,California
Madera,2021-05-12,491,98891,222,47167,233,48008,36,3716,119,11972,370,45550,155,57522,California
Madera,2021-05-13,477,99368,287,47454,158,48166,32,3748,155,11839,320,45870,187,57709,California
Madera,2021-05-14,523,99891,261,47715,239,48405,23,3771,230,11802,290,46160,253,57962,California
Madera,2021-05-15,560,100451,475,48190,77,48482,8,3779,363,11978,195,46355,371,58333,California
Madera,2021-05-16,255,100706,186,48376,37,48519,32,3811,103,11961,152,46507,135,58468,California
Madera,2021-05-17,451,101157,186,48562,236,48755,29,3840,206,11955,242,46749,236,58704,California
Madera,2021-05-18,542,101699,363,48925,158,48913,21,3861,286,12010,252,47001,307,59011,California
Madera,2021-05-19,482,102181,223,49148,237,49150,22,3883,215,11981,266,47267,237,59248,California
Madera,2021-05-20,541,102722,241,49389,262,49412,38,3921,204,11892,331,47598,242,59490,California
Madera,2021-05-21,450,103172,166,49555,259,49671,25,3946,164,11800,281,47879,189,59679,California
Madera,2021-05-22,852,104024,777,50332,61,49732,14,3960,499,11961,352,48231,513,60192,California
Madera,2021-05-23,241,104265,227,50559,5,49737,9,3969,128,11986,112,48343,137,60329,California
Madera,2021-05-24,292,104557,140,50699,113,49850,39,4008,125,11983,167,48510,164,60493,California
Madera,2021-05-25,368,104925,165,50864,176,50026,27,4035,148,11942,216,48726,175,60668,California
Madera,2021-05-26,420,105345,256,51120,142,50168,22,4057,231,12007,188,48914,253,60921,California
Madera,2021-05-27,243,105588,84,51204,128,50296,31,4088,69,11935,172,49086,100,61021,California
Marin,2020-12-15,2,2,2,2,0,0,0,0,2,2,0,0,2,2,California
Marin,2020-12-16,109,111,109,111,0,0,0,0,109,111,0,0,109,111,California
Marin,2020-12-17,262,373,262,373,0,0,0,0,262,373,0,0,262,373,California
Marin,2020-12-18,376,749,376,749,0,0,0,0,376,749,0,0,376,749,California
Marin,2020-12-19,348,1097,347,1096,1,1,0,0,348,1097,0,0,348,1097,California
Marin,2020-12-20,166,1263,165,1261,1,2,0,0,166,1263,0,0,166,1263,California
Marin,2020-12-21,238,1501,235,1496,3,5,0,0,238,1501,0,0,238,1501,California
Marin,2020-12-22,523,2024,319,1815,204,209,0,0,523,2024,0,0,523,2024,California
Marin,2020-12-23,735,2759,321,2136,414,623,0,0,735,2759,0,0,735,2759,California
Marin,2020-12-24,357,3116,159,2295,198,821,0,0,357,3116,0,0,357,3116,California
Marin,2020-12-25,27,3143,0,2295,27,848,0,0,27,3143,0,0,27,3143,California
Marin,2020-12-26,144,3287,94,2389,50,898,0,0,144,3287,0,0,144,3287,California
Marin,2020-12-27,92,3379,55,2444,37,935,0,0,92,3379,0,0,92,3379,California
Marin,2020-12-28,408,3787,99,2543,309,1244,0,0,408,3787,0,0,408,3787,California
Marin,2020-12-29,403,4190,88,2631,315,1559,0,0,403,4190,0,0,403,4190,California
Marin,2020-12-30,626,4816,389,3020,237,1796,0,0,626,4816,0,0,626,4816,California
Marin,2020-12-31,198,5014,34,3054,164,1960,0,0,198,5014,0,0,198,5014,California
Marin,2021-01-01,19,5033,9,3063,10,1970,0,0,19,5033,0,0,19,5033,California
Marin,2021-01-02,113,5146,107,3170,6,1976,0,0,113,5146,0,0,113,5146,California
Marin,2021-01-03,49,5195,31,3201,18,1994,0,0,46,5192,0,0,46,5192,California
Marin,2021-01-04,295,5490,192,3393,103,2097,0,0,294,5485,1,1,294,5486,California
Marin,2021-01-05,369,5859,222,3615,147,2244,0,0,326,5768,43,44,326,5812,California
Marin,2021-01-06,818,6677,318,3933,500,2744,0,0,638,6226,180,224,638,6450,California
Marin,2021-01-07,887,7564,500,4433,387,3131,0,0,543,6425,344,568,543,6993,California
Marin,2021-01-08,971,8535,516,4949,455,3586,0,0,593,6641,377,945,593,7586,California
Marin,2021-01-09,620,9155,223,5172,397,3983,0,0,488,6997,132,1077,488,8074,California
Marin,2021-01-10,128,9283,99,5271,29,4012,0,0,55,6979,73,1150,55,8129,California
Marin,2021-01-11,469,9752,327,5598,142,4154,0,0,248,7008,221,1371,250,8379,California
Marin,2021-01-12,938,10690,543,6141,395,4549,0,0,570,7213,365,1736,570,8949,California
Marin,2021-01-13,1177,11867,497,6638,680,5229,0,0,939,7914,238,1974,939,9888,California
Marin,2021-01-14,1071,12938,318,6956,753,5982,0,0,921,8687,148,2122,921,10809,California
Marin,2021-01-15,1156,14094,353,7309,803,6785,0,0,1026,9585,129,2251,1027,11836,California
Marin,2021-01-16,1123,15217,914,8223,209,6994,0,0,1049,10560,74,2325,1049,12885,California
Marin,2021-01-17,1231,16448,1113,9336,118,7112,0,0,1202,11737,28,2353,1205,14090,California
Marin,2021-01-18,360,16808,158,9494,202,7314,0,0,309,11995,51,2404,309,14399,California
Marin,2021-01-19,1156,17964,913,10407,243,7557,0,0,983,12806,172,2576,983,15382,California
Marin,2021-01-20,1794,19758,1210,11617,584,8141,0,0,1064,13151,719,3295,1064,16446,California
Marin,2021-01-21,1683,21441,1061,12678,622,8763,0,0,1329,14131,351,3646,1331,17777,California
Marin,2021-01-22,1703,23144,1091,13769,612,9375,0,0,1531,15491,172,3818,1532,19309,California
Marin,2021-01-23,1847,24991,1344,15113,503,9878,0,0,1758,17161,88,3906,1758,21067,California
Marin,2021-01-24,614,25605,165,15278,449,10327,0,0,582,17711,32,3938,582,21649,California
Marin,2021-01-25,1133,26738,231,15509,902,11229,0,0,695,17969,438,4376,696,22345,California
Marin,2021-01-26,1508,28246,784,16293,724,11953,0,0,1133,18728,374,4750,1133,23478,California
Marin,2021-01-27,1715,29961,888,17181,827,12780,0,0,1355,19726,358,5108,1356,24834,California
Marin,2021-01-28,2085,32046,1071,18252,1014,13794,0,0,1821,21285,263,5371,1822,26656,California
Marin,2021-01-29,2192,34238,1444,19696,748,14542,0,0,1988,23082,192,5563,1989,28645,California
Marin,2021-01-30,1721,35959,906,20602,815,15357,0,0,1642,24646,79,5642,1643,30288,California
Marin,2021-01-31,458,36417,321,20923,137,15494,0,0,432,25052,26,5668,432,30720,California
Marin,2021-02-01,1092,37509,418,21341,674,16168,0,0,894,25750,197,5865,895,31615,California
Marin,2021-02-02,1378,38887,487,21828,891,17059,0,0,723,25829,644,6509,723,32338,California
Marin,2021-02-03,1774,40661,421,22249,1353,18412,0,0,1272,26600,501,7010,1272,33610,California
Marin,2021-02-04,1524,42185,498,22747,1026,19438,0,0,922,26923,599,7609,922,34532,California
Marin,2021-02-05,2172,44357,679,23426,1493,20931,0,0,1336,27427,832,8441,1336,35868,California
Marin,2021-02-06,1429,45786,851,24277,578,21509,0,0,607,27213,821,9262,607,36475,California
Marin,2021-02-07,1291,47077,1009,25286,282,21791,0,0,489,26901,801,10063,489,36964,California
Marin,2021-02-08,1521,48598,751,26037,770,22561,0,0,723,26828,796,10859,723,37687,California
Marin,2021-02-09,1778,50376,1121,27158,657,23218,0,0,832,26714,946,11805,832,38519,California
Marin,2021-02-10,2337,52713,1489,28647,848,24066,0,0,1214,26808,1121,12926,1215,39734,California
Marin,2021-02-11,2865,55578,1639,30286,1226,25292,0,0,1447,26845,1413,14339,1450,41184,California
Marin,2021-02-12,3064,58642,1540,31826,1524,26816,0,0,1559,26903,1502,15841,1560,42744,California
Marin,2021-02-13,2342,60984,1244,33070,1098,27914,0,0,1132,26827,1208,17049,1132,43876,California
Marin,2021-02-14,814,61798,302,33372,512,28426,0,0,721,27456,93,17142,722,44598,California
Marin,2021-02-15,1214,63012,355,33727,859,29285,0,0,834,27912,379,17521,835,45433,California
Marin,2021-02-16,2469,65481,1058,34785,1411,30696,0,0,1506,28456,962,18483,1506,46939,California
Marin,2021-02-17,2108,67589,947,35732,1161,31857,0,0,1090,28531,1016,19499,1091,48030,California
Marin,2021-02-18,2418,70007,1584,37316,834,32691,0,0,1058,28231,1358,20857,1058,49088,California
Marin,2021-02-19,2763,72770,2157,39473,606,33297,0,0,1221,27924,1529,22386,1222,50310,California
Marin,2021-02-20,2565,75335,2111,41584,454,33751,0,0,1216,27800,1341,23727,1217,51527,California
Marin,2021-02-21,1309,76644,1115,42699,194,33945,0,0,930,28355,375,24102,930,52457,California
Marin,2021-02-22,1834,78478,1412,44111,422,34367,0,0,1219,28962,613,24715,1220,53677,California
Marin,2021-02-23,2861,81339,1640,45751,1221,35588,0,0,1927,29967,923,25638,1928,55605,California
Marin,2021-02-24,3514,84853,1615,47366,1899,37487,0,0,2253,30967,1254,26892,2254,57859,California
Marin,2021-02-25,3941,88794,1814,49180,2127,39614,0,0,2779,32592,1155,28047,2780,60639,California
Marin,2021-02-26,3495,92289,1892,51072,1603,41217,0,0,2538,34186,945,28992,2539,63178,California
Marin,2021-02-27,2627,94916,1510,52582,1117,42334,0,0,1788,35140,836,29828,1790,64968,California
Marin,2021-02-28,1377,96293,916,53498,461,42795,0,0,1042,35850,332,30160,1042,66010,California
Marin,2021-03-01,2508,98801,1557,55055,950,43745,1,1,1685,36720,816,30976,1686,67696,California
Marin,2021-03-02,2524,101325,1682,56737,841,44586,1,2,1753,37707,767,31743,1754,69450,California
Marin,2021-03-03,4337,105662,2411,59148,1922,46508,4,6,2808,38996,1523,33266,2812,72262,California
Marin,2021-03-04,3388,109050,1665,60813,1722,48230,1,7,2369,40357,1012,34278,2373,74635,California
Marin,2021-03-05,3076,112126,1177,61990,1887,50117,12,19,1803,40904,1268,35546,1815,76450,California
Marin,2021-03-06,3243,115369,2327,64317,838,50955,78,97,2667,43077,571,36117,2744,79194,California
Marin,2021-03-07,1389,116758,1169,65486,196,51151,24,121,998,43713,386,36503,1022,80216,California
Marin,2021-03-08,1896,118654,1391,66877,388,51539,117,238,1426,44789,467,36970,1543,81759,California
Marin,2021-03-09,2225,120879,1343,68220,774,52313,108,346,1549,45771,674,37644,1656,83415,California
Marin,2021-03-10,4448,125327,2504,70724,1661,53974,283,629,3212,48037,1231,38875,3497,86912,California
Marin,2021-03-11,4570,129897,1880,72604,2554,56528,136,765,3274,50158,1289,40164,3410,90322,California
Marin,2021-03-12,3986,133883,1546,74150,2084,58612,356,1121,1574,49687,2401,42565,1930,92252,California
Marin,2021-03-13,4099,137982,2857,77007,1170,59782,72,1193,2421,50500,1676,44241,2489,94741,California
Marin,2021-03-14,2283,140265,1104,78111,1061,60843,118,1311,710,49756,1571,45812,827,95568,California
Marin,2021-03-15,3244,143509,1777,79888,1418,62261,49,1360,1229,49029,2004,47816,1277,96845,California
Marin,2021-03-16,4308,147817,2321,82209,1623,63884,364,1724,1501,48088,2804,50620,1863,98708,California
Marin,2021-03-17,4193,152010,2278,84487,1868,65752,47,1771,2060,48073,2121,52741,2106,100814,California
Marin,2021-03-18,4496,156506,2270,86757,2151,67903,75,1846,2251,48167,2229,54970,2323,103137,California
Marin,2021-03-19,4480,160986,2297,89054,1964,69867,219,2065,2433,48779,2037,57007,2649,105786,California
Marin,2021-03-20,3593,164579,1994,91048,1485,71352,114,2179,2032,49374,1552,58559,2147,107933,California
Marin,2021-03-21,1546,166125,1141,92189,381,71733,24,2203,805,49464,739,59298,829,108762,California
Marin,2021-03-22,2484,168609,2146,94335,171,71904,167,2370,996,49143,1484,60782,1163,109925,California
Marin,2021-03-23,4249,172858,2204,96539,1915,73819,130,2500,1875,48780,2368,63150,2005,111930,California
Marin,2021-03-24,4447,177305,2906,99445,1436,75255,105,2605,1817,48083,2617,65767,1920,113850,California
Marin,2021-03-25,4649,181954,2842,102287,1739,76994,68,2673,2258,48030,2377,68144,2324,116174,California
Marin,2021-03-26,4308,186262,2345,104632,1749,78743,214,2887,2413,48778,1879,70023,2627,118801,California
Marin,2021-03-27,3720,189982,2673,107305,1028,79771,19,2906,1141,47368,2569,72592,1159,119960,California
Marin,2021-03-28,2386,192368,1726,109031,654,80425,6,2912,1088,47171,1291,73883,1094,121054,California
Marin,2021-03-29,2695,195063,2099,111130,571,80996,25,2937,1165,46835,1527,75410,1191,122245,California
Marin,2021-03-30,4673,199736,3656,114786,983,81979,34,2971,2956,48111,1714,77124,2990,125235,California
Marin,2021-03-31,5830,205566,4132,118918,1649,83628,49,3020,2550,47441,3269,80393,2599,127834,California
Marin,2021-04-01,4445,210011,2283,121201,1906,85534,256,3276,2114,47491,2319,82712,2369,130203,California
Marin,2021-04-02,3739,213750,1859,123060,1509,87043,371,3647,2001,48125,1730,84442,2364,132567,California
Marin,2021-04-03,3901,217651,2551,125611,972,88015,378,4025,1488,47594,2399,86841,1868,134435,California
Marin,2021-04-04,1651,219302,1241,126852,207,88222,203,4228,1202,48552,447,87288,1405,135840,California
Marin,2021-04-05,2208,221510,1528,128380,304,88526,376,4604,1262,49248,940,88228,1636,137476,California
Marin,2021-04-06,3976,225486,2118,130498,1306,89832,552,5156,2211,50251,1760,89988,2763,140239,California
Marin,2021-04-07,3963,229449,2003,132501,1319,91151,641,5797,1456,49857,2499,92487,2105,142344,California
Marin,2021-04-08,5030,234479,1964,134465,2458,93609,608,6405,2299,50042,2722,95209,2907,145251,California
Marin,2021-04-09,3992,238471,1555,136020,1706,95315,731,7136,1319,49426,2668,97877,2052,147303,California
Marin,2021-04-10,3203,241674,1468,137488,1301,96616,434,7570,1439,49546,1749,99626,1869,149172,California
Marin,2021-04-11,1057,242731,803,138291,92,96708,162,7732,470,49592,585,100211,631,149803,California
Marin,2021-04-12,1735,244466,1235,139526,340,97048,160,7892,915,49852,816,101027,1076,150879,California
Marin,2021-04-13,3713,248179,2274,141800,1432,98480,7,7899,1348,48852,2355,103382,1355,152234,California
Marin,2021-04-14,4155,252334,2478,144278,1674,100154,3,7902,1706,48120,2439,105821,1707,153941,California
Marin,2021-04-15,5568,257902,3945,148223,1623,101777,0,7902,3191,48947,2365,108186,3192,157133,California
Marin,2021-04-16,4250,262152,2236,150459,2011,103788,3,7905,2067,48849,2169,110355,2071,159204,California
Marin,2021-04-17,3528,265680,2154,152613,1374,105162,0,7905,1760,48846,1763,112118,1760,160964,California
Marin,2021-04-18,3170,268850,3068,155681,102,105264,0,7905,2535,50749,632,112750,2535,163499,California
Marin,2021-04-19,2043,270893,1871,157552,172,105436,0,7905,1160,51033,878,113628,1162,164661,California
Marin,2021-04-20,3690,274583,2549,160101,1141,106577,0,7905,1467,50284,2217,115845,1468,166129,California
Marin,2021-04-21,4006,278589,2943,163044,1060,107637,3,7908,1355,49004,2636,118481,1356,167485,California
Marin,2021-04-22,4215,282804,3214,166258,1001,108638,0,7908,1484,47767,2724,121205,1487,168972,California
Marin,2021-04-23,3223,286027,1818,168076,1405,110043,0,7908,1226,47004,1990,123195,1227,170199,California
Marin,2021-04-24,2518,288545,1683,169759,834,110877,1,7909,918,46329,1594,124789,919,171118,California
Marin,2021-04-25,1383,289928,1265,171024,118,110995,0,7909,306,45565,1070,125859,306,171424,California
Marin,2021-04-26,1549,291477,1352,172376,194,111189,3,7912,353,44729,1193,127052,357,171781,California
Marin,2021-04-27,2979,294456,2177,174553,764,111953,38,7950,969,43731,2001,129053,1003,172784,California
Marin,2021-04-28,2300,296756,1586,176139,664,112617,50,8000,722,42927,1574,130627,770,173554,California
Marin,2021-04-29,2880,299636,1973,178112,845,113462,62,8062,789,41696,2082,132709,851,174405,California
Marin,2021-04-30,1955,301591,1278,179390,589,114051,88,8150,700,41237,1247,133956,788,175193,California
Marin,2021-05-01,1821,303412,1012,180402,786,114837,23,8173,531,40508,1282,135238,553,175746,California
Marin,2021-05-02,723,304135,586,180988,108,114945,29,8202,200,40217,519,135757,228,175974,California
Marin,2021-05-03,1211,305346,988,181976,167,115112,56,8258,261,39585,948,136705,316,176290,California
Marin,2021-05-04,2918,308264,1963,183939,865,115977,90,8348,470,37704,2441,139146,560,176850,California
Marin,2021-05-05,2720,310984,1996,185935,602,116579,122,8470,442,35996,2272,141418,564,177414,California
Marin,2021-05-06,3258,314242,2531,188466,638,117217,89,8559,425,33683,2825,144243,512,177926,California
Marin,2021-05-07,2032,316274,1545,190011,401,117618,86,8645,379,32500,1646,145889,463,178389,California
Marin,2021-05-08,2466,318740,1860,191871,484,118102,122,8767,338,30840,2120,148009,460,178849,California
Marin,2021-05-09,984,319724,899,192770,65,118167,20,8787,118,30117,862,148871,139,178988,California
Marin,2021-05-10,1405,321129,1150,193920,185,118352,70,8857,200,29185,1201,150072,269,179257,California
Marin,2021-05-11,2284,323413,1833,195753,398,118750,53,8910,295,27545,1987,152059,347,179604,California
Marin,2021-05-12,1392,324805,1029,196782,296,119046,67,8977,274,26771,1114,153173,340,179944,California
Marin,2021-05-13,2501,327306,2166,198948,280,119326,55,9032,1346,27023,1148,154321,1400,181344,California
Marin,2021-05-14,2201,329507,1452,200400,649,119975,100,9132,883,26694,1312,155633,983,182327,California
Marin,2021-05-15,2712,332219,2246,202646,386,120361,80,9212,1641,27345,1070,156703,1721,184048,California
Marin,2021-05-16,1643,333862,1588,204234,50,120411,5,9217,1327,28363,313,157016,1331,185379,California
Marin,2021-05-17,2129,335991,1981,206215,105,120516,43,9260,1717,29718,405,157421,1760,187139,California
Marin,2021-05-18,1520,337511,1185,207400,280,120796,55,9315,801,29860,713,158134,855,187994,California
Marin,2021-05-19,1536,339047,1239,208639,228,121024,69,9384,782,29962,748,158882,850,188844,California
Marin,2021-05-20,1705,340752,1412,210051,212,121236,81,9465,712,29769,986,159868,793,189637,California
Marin,2021-05-21,1350,342102,776,210827,527,121763,47,9512,389,29250,955,160823,436,190073,California
Marin,2021-05-22,1334,343436,1010,211837,268,122031,56,9568,918,29811,413,161236,974,191047,California
Marin,2021-05-23,420,343856,381,212218,29,122060,10,9578,196,29796,221,161457,206,191253,California
Marin,2021-05-24,649,344505,497,212715,109,122169,43,9621,360,29913,285,161742,402,191655,California
Marin,2021-05-25,992,345497,621,213336,324,122493,47,9668,315,29604,668,162410,359,192014,California
Marin,2021-05-26,713,346210,488,213824,174,122667,51,9719,266,29478,443,162853,317,192331,California
Marin,2021-05-27,776,346986,543,214367,181,122848,52,9771,235,29226,539,163392,287,192618,California
Mariposa,2020-12-17,36,36,36,36,0,0,0,0,38,38,0,0,38,38,California
Mariposa,2020-12-18,55,91,55,91,0,0,0,0,56,94,0,0,56,94,California
Mariposa,2020-12-20,2,93,2,93,0,0,0,0,2,96,0,0,2,96,California
Mariposa,2020-12-21,49,142,49,142,0,0,0,0,53,149,0,0,53,149,California
Mariposa,2020-12-22,5,147,5,147,0,0,0,0,5,154,0,0,5,154,California
Mariposa,2020-12-23,16,163,16,163,0,0,0,0,16,170,0,0,16,170,California
Mariposa,2020-12-24,1,164,0,163,1,1,0,0,0,170,1,1,1,171,California
Mariposa,2020-12-26,1,165,1,164,0,1,0,0,1,171,0,1,1,172,California
Mariposa,2020-12-27,1,166,0,164,1,2,0,0,1,172,0,1,1,173,California
Mariposa,2020-12-28,6,172,3,167,3,5,0,0,6,178,0,1,6,179,California
Mariposa,2020-12-29,33,205,3,170,30,35,0,0,33,211,0,1,33,212,California
Mariposa,2020-12-30,25,230,4,174,21,56,0,0,25,236,0,1,25,237,California
Mariposa,2020-12-31,16,246,0,174,16,72,0,0,16,252,0,1,16,253,California
Mariposa,2021-01-02,1,247,1,175,0,72,0,0,1,253,0,1,1,254,California
Mariposa,2021-01-04,8,255,1,176,7,79,0,0,8,261,0,1,8,262,California
Mariposa,2021-01-05,24,279,14,190,10,89,0,0,14,265,10,11,14,276,California
Mariposa,2021-01-06,6,285,3,193,3,92,0,0,3,265,3,14,3,279,California
Mariposa,2021-01-07,50,335,45,238,5,97,0,0,5,225,45,59,5,284,California
Mariposa,2021-01-08,108,443,79,317,29,126,0,0,33,183,75,134,33,317,California
Mariposa,2021-01-09,1,444,0,317,1,127,0,0,1,184,0,134,1,318,California
Mariposa,2021-01-11,31,475,10,327,21,148,0,0,23,199,8,142,23,341,California
Mariposa,2021-01-12,19,494,4,331,15,163,0,0,15,210,4,146,15,356,California
Mariposa,2021-01-13,21,515,4,335,17,180,0,0,18,225,3,149,18,374,California
Mariposa,2021-01-14,73,588,7,342,66,246,0,0,67,286,6,155,67,441,California
Mariposa,2021-01-15,68,656,27,369,41,287,0,0,58,334,10,165,58,499,California
Mariposa,2021-01-16,14,670,2,371,12,299,0,0,13,346,1,166,13,512,California
Mariposa,2021-01-17,2,672,0,371,2,301,0,0,2,348,0,166,2,514,California
Mariposa,2021-01-18,3,675,3,374,0,301,0,0,1,347,2,168,1,515,California
Mariposa,2021-01-19,8,683,4,378,4,305,0,0,5,350,2,170,5,520,California
Mariposa,2021-01-20,23,706,1,379,22,327,0,0,22,371,1,171,22,542,California
Mariposa,2021-01-21,66,772,8,387,58,385,0,0,62,429,4,175,62,604,California
Mariposa,2021-01-22,56,828,2,389,54,439,0,0,56,485,0,175,56,660,California
Mariposa,2021-01-23,116,944,2,391,114,553,0,0,114,597,2,177,114,774,California
Mariposa,2021-01-24,2,946,2,393,0,553,0,0,2,599,0,177,2,776,California
Mariposa,2021-01-25,4,950,1,394,3,556,0,0,0,595,4,181,0,776,California
Mariposa,2021-01-26,36,986,4,398,32,588,0,0,4,571,32,213,8,784,California
Mariposa,2021-01-27,23,1009,1,399,22,610,0,0,12,573,10,223,12,796,California
Mariposa,2021-01-28,126,1135,3,402,123,733,0,0,113,674,12,235,113,909,California
Mariposa,2021-01-29,84,1219,22,424,62,795,0,0,83,756,1,236,83,992,California
Mariposa,2021-01-30,9,1228,1,425,8,803,0,0,8,763,1,237,8,1000,California
Mariposa,2021-01-31,1,1229,0,425,1,804,0,0,1,764,0,237,1,1001,California
Mariposa,2021-02-01,87,1316,30,455,57,861,0,0,66,809,21,258,66,1067,California
Mariposa,2021-02-02,15,1331,3,458,12,873,0,0,9,812,6,264,9,1076,California
Mariposa,2021-02-03,20,1351,1,459,19,892,0,0,14,820,6,270,14,1090,California
Mariposa,2021-02-04,99,1450,8,467,91,983,0,0,94,911,4,274,95,1185,California
Mariposa,2021-02-05,191,1641,5,472,186,1169,0,0,165,1050,26,300,165,1350,California
Mariposa,2021-02-06,11,1652,4,476,7,1176,0,0,10,1059,1,301,10,1360,California
Mariposa,2021-02-07,1,1653,0,476,1,1177,0,0,1,1060,0,301,1,1361,California
Mariposa,2021-02-08,40,1693,2,478,38,1215,0,0,21,1062,19,320,21,1382,California
Mariposa,2021-02-09,42,1735,24,502,18,1233,0,0,36,1092,6,326,36,1418,California
Mariposa,2021-02-10,28,1763,5,507,23,1256,0,0,17,1105,10,336,23,1441,California
Mariposa,2021-02-11,374,2137,5,512,369,1625,0,0,360,1454,14,350,363,1804,California
Mariposa,2021-02-12,185,2322,8,520,177,1802,0,0,141,1551,44,394,141,1945,California
Mariposa,2021-02-13,11,2333,3,523,8,1810,0,0,9,1558,2,396,9,1954,California
Mariposa,2021-02-14,8,2341,4,527,4,1814,0,0,5,1560,3,399,5,1959,California
Mariposa,2021-02-15,9,2350,3,530,6,1820,0,0,7,1565,2,401,7,1966,California
Mariposa,2021-02-16,57,2407,34,564,23,1843,0,0,34,1576,23,424,34,2000,California
Mariposa,2021-02-17,37,2444,9,573,28,1871,0,0,27,1595,9,433,28,2028,California
Mariposa,2021-02-18,57,2501,7,580,50,1921,0,0,20,1578,37,470,20,2048,California
Mariposa,2021-02-19,82,2583,3,583,79,2000,0,0,76,1648,6,476,76,2124,California
Mariposa,2021-02-20,253,2836,4,587,249,2249,0,0,223,1842,29,505,223,2347,California
Mariposa,2021-02-21,237,3073,4,591,233,2482,0,0,235,2076,1,506,235,2582,California
Mariposa,2021-02-22,23,3096,7,598,16,2498,0,0,21,2095,2,508,21,2603,California
Mariposa,2021-02-23,43,3139,37,635,6,2504,0,0,26,2104,17,525,26,2629,California
Mariposa,2021-02-24,20,3159,3,638,17,2521,0,0,8,2101,11,536,8,2637,California
Mariposa,2021-02-25,18,3177,9,647,9,2530,0,0,12,2107,6,542,12,2649,California
Mariposa,2021-02-26,424,3601,7,654,417,2947,0,0,363,2410,61,603,364,3013,California
Mariposa,2021-02-27,169,3770,5,659,164,3111,0,0,158,2557,11,614,158,3171,California
Mariposa,2021-02-28,2,3772,1,660,1,3112,0,0,0,2555,2,616,0,3171,California
Mariposa,2021-03-01,81,3853,26,686,55,3167,0,0,16,2507,64,680,16,3187,California
Mariposa,2021-03-02,20,3873,13,699,7,3174,0,0,11,2510,8,688,11,3198,California
Mariposa,2021-03-03,71,3944,5,704,66,3240,0,0,65,2570,6,694,66,3264,California
Mariposa,2021-03-04,39,3983,9,713,30,3270,0,0,20,2572,19,713,21,3285,California
Mariposa,2021-03-05,57,4040,9,722,48,3318,0,0,40,2600,17,730,45,3330,California
Mariposa,2021-03-06,15,4055,6,728,9,3327,0,0,7,2599,8,738,7,3337,California
Mariposa,2021-03-07,1,4056,1,729,0,3327,0,0,0,2598,1,739,0,3337,California
Mariposa,2021-03-08,38,4094,4,733,23,3350,11,11,9,2589,29,768,20,3357,California
Mariposa,2021-03-09,45,4139,18,751,17,3367,10,21,14,2582,31,799,24,3381,California
Mariposa,2021-03-10,31,4170,9,760,12,3379,10,31,10,2581,21,820,20,3401,California
Mariposa,2021-03-11,467,4637,6,766,442,3821,19,50,226,2589,240,1060,248,3649,California
Mariposa,2021-03-12,255,4892,8,774,220,4041,27,77,115,2590,140,1200,141,3790,California
Mariposa,2021-03-13,32,4924,6,780,11,4052,15,92,11,2594,21,1221,25,3815,California
Mariposa,2021-03-14,17,4941,2,782,4,4056,11,103,3,2594,14,1235,14,3829,California
Mariposa,2021-03-15,76,5017,7,789,31,4087,38,141,31,2618,45,1280,69,3898,California
Mariposa,2021-03-16,82,5099,33,822,14,4101,35,176,23,2617,59,1339,58,3956,California
Mariposa,2021-03-17,71,5170,10,832,53,4154,8,184,51,2657,19,1358,59,4015,California
Mariposa,2021-03-18,66,5236,15,847,41,4195,10,194,40,2681,26,1384,50,4065,California
Mariposa,2021-03-19,338,5574,11,858,322,4517,5,199,303,2954,35,1419,308,4373,California
Mariposa,2021-03-20,426,6000,5,863,419,4936,2,201,46,2623,380,1799,49,4422,California
Mariposa,2021-03-21,15,6015,9,872,5,4941,1,202,10,2630,4,1803,11,4433,California
Mariposa,2021-03-22,38,6053,7,879,23,4964,8,210,26,2653,12,1815,35,4468,California
Mariposa,2021-03-23,53,6106,33,912,10,4974,10,220,32,2674,21,1836,42,4510,California
Mariposa,2021-03-24,55,6161,5,917,48,5022,2,222,50,2721,5,1841,52,4562,California
Mariposa,2021-03-25,76,6237,15,932,53,5075,8,230,54,2763,20,1861,62,4624,California
Mariposa,2021-03-26,488,6725,9,941,478,5553,1,231,252,2780,236,2097,253,4877,California
Mariposa,2021-03-27,224,6949,8,949,216,5769,0,231,90,2738,134,2231,92,4969,California
Mariposa,2021-03-28,5,6954,0,949,2,5771,3,234,1,2738,4,2235,4,4973,California
Mariposa,2021-03-29,19,6973,6,955,13,5784,0,234,12,2743,7,2242,12,4985,California
Mariposa,2021-03-30,36,7009,13,968,7,5791,16,250,13,2749,23,2265,29,5014,California
Mariposa,2021-03-31,88,7097,15,983,66,5857,7,257,68,2804,20,2285,75,5089,California
Mariposa,2021-04-01,54,7151,10,993,36,5893,8,265,34,2826,20,2305,42,5131,California
Mariposa,2021-04-02,347,7498,11,1004,334,6227,2,267,305,3092,41,2346,307,5438,California
Mariposa,2021-04-03,10,7508,7,1011,3,6230,0,267,5,3092,5,2351,5,5443,California
Mariposa,2021-04-04,2,7510,1,1012,0,6230,1,268,0,3091,2,2353,1,5444,California
Mariposa,2021-04-05,33,7543,22,1034,7,6237,4,272,16,3094,17,2370,20,5464,California
Mariposa,2021-04-06,43,7586,20,1054,7,6244,16,288,13,3094,29,2399,29,5493,California
Mariposa,2021-04-07,98,7684,6,1060,73,6317,19,307,28,3071,70,2469,47,5540,California
Mariposa,2021-04-08,279,7963,14,1074,246,6563,19,326,143,3100,134,2603,163,5703,California
Mariposa,2021-04-09,38,8001,9,1083,14,6577,15,341,11,3099,27,2630,26,5729,California
Mariposa,2021-04-10,201,8202,3,1086,188,6765,10,351,186,3281,13,2643,195,5924,California
Mariposa,2021-04-11,124,8326,4,1090,118,6883,2,353,57,3274,67,2710,60,5984,California
Mariposa,2021-04-12,42,8368,13,1103,27,6910,2,355,13,3260,29,2739,15,5999,California
Mariposa,2021-04-13,52,8420,45,1148,7,6917,0,355,34,3276,18,2757,34,6033,California
Mariposa,2021-04-14,112,8532,7,1155,105,7022,0,355,58,3281,53,2810,58,6091,California
Mariposa,2021-04-15,57,8589,15,1170,42,7064,0,355,43,3313,11,2821,43,6134,California
Mariposa,2021-04-16,382,8971,11,1181,371,7435,0,355,106,3143,276,3097,106,6240,California
Mariposa,2021-04-17,10,8981,6,1187,4,7439,0,355,7,3147,3,3100,7,6247,California
Mariposa,2021-04-18,7,8988,0,1187,7,7446,0,355,3,3146,4,3104,3,6250,California
Mariposa,2021-04-19,57,9045,25,1212,32,7478,0,355,29,3149,26,3130,29,6279,California
Mariposa,2021-04-20,62,9107,49,1261,13,7491,0,355,39,3167,21,3151,39,6318,California
Mariposa,2021-04-21,90,9197,13,1274,77,7568,0,355,42,3162,47,3198,42,6360,California
Mariposa,2021-04-22,47,9244,8,1282,39,7607,0,355,37,3190,9,3207,37,6397,California
Mariposa,2021-04-23,315,9559,70,1352,245,7852,0,355,144,3165,171,3378,146,6543,California
Mariposa,2021-04-24,105,9664,10,1362,95,7947,0,355,42,3145,62,3440,42,6585,California
Mariposa,2021-04-26,14,9678,10,1372,4,7951,0,355,4,3139,10,3450,4,6589,California
Mariposa,2021-04-27,31,9709,16,1388,14,7965,1,356,15,3142,13,3463,16,6605,California
Mariposa,2021-04-28,74,9783,13,1401,54,8019,7,363,29,3133,45,3508,36,6641,California
Mariposa,2021-04-29,84,9867,12,1413,71,8090,1,364,79,3208,5,3513,80,6721,California
Mariposa,2021-04-30,209,10076,5,1418,199,8289,5,369,63,3130,146,3659,68,6789,California
Mariposa,2021-05-01,2,10078,2,1420,0,8289,0,369,0,3128,2,3661,0,6789,California
Mariposa,2021-05-02,3,10081,2,1422,0,8289,1,370,0,3126,3,3664,1,6790,California
Mariposa,2021-05-03,16,10097,12,1434,3,8292,1,371,7,3126,8,3672,8,6798,California
Mariposa,2021-05-04,50,10147,31,1465,15,8307,4,375,36,3152,14,3686,40,6838,California
Mariposa,2021-05-05,56,10203,8,1473,46,8353,2,377,17,3132,39,3725,19,6857,California
Mariposa,2021-05-06,55,10258,36,1509,14,8367,5,382,39,3160,16,3741,44,6901,California
Mariposa,2021-05-07,27,10285,7,1516,17,8384,3,385,13,3162,14,3755,16,6917,California
Mariposa,2021-05-08,281,10566,5,1521,276,8660,0,385,34,2951,247,4002,36,6953,California
Mariposa,2021-05-09,2,10568,1,1522,1,8661,0,385,0,2949,2,4004,0,6953,California
Mariposa,2021-05-10,19,10587,8,1530,9,8670,2,387,4,2940,15,4019,6,6959,California
Mariposa,2021-05-11,28,10615,19,1549,9,8679,0,387,20,2953,7,4026,20,6979,California
Mariposa,2021-05-12,66,10681,4,1553,59,8738,3,390,6,2902,60,4086,9,6988,California
Mariposa,2021-05-13,48,10729,8,1561,38,8776,2,392,14,2884,34,4120,16,7004,California
Mariposa,2021-05-14,251,10980,123,1684,121,8897,7,399,119,2878,132,4252,126,7130,California
Mariposa,2021-05-15,17,10997,8,1692,8,8905,1,400,10,2882,7,4259,11,7141,California
Mariposa,2021-05-16,3,11000,1,1693,1,8906,1,401,1,2882,2,4261,2,7143,California
Mariposa,2021-05-17,16,11016,7,1700,6,8912,3,404,7,2883,9,4270,10,7153,California
Mariposa,2021-05-18,61,11077,41,1741,15,8927,5,409,44,2916,16,4286,49,7202,California
Mariposa,2021-05-19,70,11147,32,1773,37,8964,1,410,51,2950,18,4304,52,7254,California
Mariposa,2021-05-20,34,11181,19,1792,13,8977,2,412,13,2944,21,4325,15,7269,California
Mariposa,2021-05-21,92,11273,8,1800,82,9059,2,414,42,2939,49,4374,44,7313,California
Mariposa,2021-05-22,47,11320,6,1806,40,9099,1,415,17,2927,30,4404,18,7331,California
Mariposa,2021-05-23,3,11323,2,1808,0,9099,1,416,2,2929,1,4405,3,7334,California
Mariposa,2021-05-24,12,11335,7,1815,3,9102,2,418,8,2935,4,4409,10,7344,California
Mariposa,2021-05-25,26,11361,17,1832,9,9111,0,418,18,2945,8,4417,18,7362,California
Mariposa,2021-05-26,12,11373,3,1835,5,9116,4,422,4,2945,8,4425,8,7370,California
Mariposa,2021-05-27,104,11477,60,1895,44,9160,0,422,54,2949,50,4475,54,7424,California
Mendocino,2020-12-17,70,70,70,70,0,0,0,0,70,70,0,0,70,70,California
Mendocino,2020-12-18,85,155,84,154,1,1,0,0,84,154,0,0,84,154,California
Mendocino,2020-12-19,4,159,4,158,0,1,0,0,4,158,0,0,4,158,California
Mendocino,2020-12-20,7,166,7,165,0,1,0,0,7,165,0,0,7,165,California
Mendocino,2020-12-21,241,407,241,406,0,1,0,0,77,242,0,0,77,242,California
Mendocino,2020-12-22,252,659,191,597,61,62,0,0,252,494,0,0,252,494,California
Mendocino,2020-12-23,270,929,47,644,223,285,0,0,269,763,0,0,269,763,California
Mendocino,2020-12-24,49,978,8,652,41,326,0,0,49,812,0,0,49,812,California
Mendocino,2020-12-25,1,979,0,652,1,327,0,0,1,813,0,0,1,813,California
Mendocino,2020-12-26,2,981,2,654,0,327,0,0,2,815,0,0,2,815,California
Mendocino,2020-12-27,1,982,0,654,1,328,0,0,1,816,0,0,1,816,California
Mendocino,2020-12-28,74,1056,9,663,65,393,0,0,74,890,0,0,74,890,California
Mendocino,2020-12-29,122,1178,61,724,61,454,0,0,122,1012,0,0,122,1012,California
Mendocino,2020-12-30,121,1299,67,791,54,508,0,0,121,1133,0,0,121,1133,California
Mendocino,2020-12-31,132,1431,97,888,35,543,0,0,132,1265,0,0,132,1265,California
Mendocino,2021-01-01,8,1439,6,894,2,545,0,0,8,1273,0,0,8,1273,California
Mendocino,2021-01-04,838,2277,18,912,820,1365,0,0,838,2111,0,0,838,2111,California
Mendocino,2021-01-05,74,2351,36,948,38,1403,0,0,61,2159,13,13,61,2172,California
Mendocino,2021-01-06,155,2506,133,1081,22,1425,0,0,145,2294,10,23,145,2317,California
Mendocino,2021-01-07,361,2867,238,1319,123,1548,0,0,298,2529,63,86,298,2615,California
Mendocino,2021-01-08,95,2962,82,1401,13,1561,0,0,41,2517,54,140,42,2657,California
Mendocino,2021-01-09,10,2972,6,1407,4,1565,0,0,8,2523,2,142,8,2665,California
Mendocino,2021-01-10,9,2981,8,1415,1,1566,0,0,2,2518,7,149,2,2667,California
Mendocino,2021-01-11,101,3082,92,1507,9,1575,0,0,43,2504,57,206,43,2710,California
Mendocino,2021-01-12,387,3469,377,1884,10,1585,0,0,270,2657,117,323,270,2980,California
Mendocino,2021-01-13,491,3960,145,2029,346,1931,0,0,449,3067,40,363,450,3430,California
Mendocino,2021-01-14,652,4612,20,2049,632,2563,0,0,643,3701,9,372,643,4073,California
Mendocino,2021-01-15,1872,6484,861,2910,1011,3574,0,0,1867,5564,5,377,1868,5941,California
Mendocino,2021-01-16,792,7276,50,2960,742,4316,0,0,790,6352,2,379,790,6731,California
Mendocino,2021-01-17,554,7830,1,2961,553,4869,0,0,553,6904,1,380,553,7284,California
Mendocino,2021-01-18,487,8317,462,3423,25,4894,0,0,476,7369,11,391,476,7760,California
Mendocino,2021-01-19,334,8651,148,3571,186,5080,0,0,158,7351,176,567,158,7918,California
Mendocino,2021-01-20,555,9206,407,3978,148,5228,0,0,449,7697,104,671,450,8368,California
Mendocino,2021-01-21,538,9744,225,4203,313,5541,0,0,352,7864,185,856,352,8720,California
Mendocino,2021-01-22,149,9893,58,4261,91,5632,0,0,110,7935,39,895,110,8830,California
Mendocino,2021-01-23,156,10049,84,4345,72,5704,0,0,150,8079,6,901,150,8980,California
Mendocino,2021-01-24,5,10054,3,4348,2,5706,0,0,5,8084,0,901,5,8985,California
Mendocino,2021-01-25,192,10246,18,4366,174,5880,0,0,122,8136,70,971,122,9107,California
Mendocino,2021-01-26,153,10399,53,4419,100,5980,0,0,94,8171,59,1030,94,9201,California
Mendocino,2021-01-27,441,10840,371,4790,70,6050,0,0,176,8089,258,1288,176,9377,California
Mendocino,2021-01-28,593,11433,529,5319,64,6114,0,0,498,8493,94,1382,498,9875,California
Mendocino,2021-01-29,394,11827,352,5671,42,6156,0,0,365,8830,29,1411,366,10241,California
Mendocino,2021-01-30,50,11877,31,5702,19,6175,0,0,43,8866,7,1418,43,10284,California
Mendocino,2021-01-31,275,12152,2,5704,273,6448,0,0,4,8599,271,1689,4,10288,California
Mendocino,2021-02-01,381,12533,52,5756,329,6777,0,0,59,8336,322,2011,59,10347,California
Mendocino,2021-02-02,737,13270,516,6272,221,6998,0,0,377,8353,360,2371,377,10724,California
Mendocino,2021-02-03,392,13662,207,6479,185,7183,0,0,222,8407,168,2539,222,10946,California
Mendocino,2021-02-04,625,14287,530,7009,95,7278,0,0,500,8782,125,2664,500,11446,California
Mendocino,2021-02-05,1304,15591,1214,8223,90,7368,0,0,584,8648,718,3382,584,12030,California
Mendocino,2021-02-06,558,16149,157,8380,401,7769,0,0,543,9176,15,3397,543,12573,California
Mendocino,2021-02-07,32,16181,28,8408,4,7773,0,0,32,9208,0,3397,32,12605,California
Mendocino,2021-02-08,747,16928,716,9124,31,7804,0,0,284,9029,463,3860,284,12889,California
Mendocino,2021-02-09,141,17069,58,9182,83,7887,0,0,89,9066,52,3912,89,12978,California
Mendocino,2021-02-10,1490,18559,924,10106,566,8453,0,0,743,9069,740,4652,743,13721,California
Mendocino,2021-02-11,1210,19769,208,10314,1002,9455,0,0,299,8457,911,5563,299,14020,California
Mendocino,2021-02-12,1455,21224,163,10477,1292,10747,0,0,656,8315,798,6361,656,14676,California
Mendocino,2021-02-13,502,21726,15,10492,487,11234,0,0,106,8031,395,6756,111,14787,California
Mendocino,2021-02-14,695,22421,3,10495,692,11926,0,0,135,7606,560,7316,135,14922,California
Mendocino,2021-02-15,330,22751,42,10537,288,12214,0,0,175,7626,155,7471,175,15097,California
Mendocino,2021-02-16,201,22952,51,10588,150,12364,0,0,130,7685,71,7542,130,15227,California
Mendocino,2021-02-17,1354,24306,1191,11779,163,12527,0,0,877,8087,475,8017,877,16104,California
Mendocino,2021-02-18,1791,26097,646,12425,1145,13672,0,0,1224,8745,566,8583,1224,17328,California
Mendocino,2021-02-19,756,26853,148,12573,608,14280,0,0,616,9221,140,8723,616,17944,California
Mendocino,2021-02-20,575,27428,549,13122,26,14306,0,0,544,9736,29,8752,544,18488,California
Mendocino,2021-02-21,326,27754,6,13128,320,14626,0,0,314,10039,11,8763,314,18802,California
Mendocino,2021-02-22,161,27915,29,13157,132,14758,0,0,69,10018,90,8853,69,18871,California
Mendocino,2021-02-23,857,28772,843,14000,14,14772,0,0,645,10453,210,9063,645,19516,California
Mendocino,2021-02-24,1848,30620,1766,15766,82,14854,0,0,1436,11484,407,9470,1438,20954,California
Mendocino,2021-02-25,1709,32329,533,16299,1176,16030,0,0,1287,12350,421,9891,1287,22241,California
Mendocino,2021-02-26,1416,33745,748,17047,668,16698,0,0,1050,13037,363,10254,1050,23291,California
Mendocino,2021-02-27,200,33945,151,17198,49,16747,0,0,77,12992,122,10376,77,23368,California
Mendocino,2021-02-28,36,33981,14,17212,22,16769,0,0,24,13004,12,10388,24,23392,California
Mendocino,2021-03-01,589,34570,547,17759,42,16811,0,0,549,13516,37,10425,549,23941,California
Mendocino,2021-03-02,75,34645,27,17786,48,16859,0,0,41,13524,33,10458,41,23982,California
Mendocino,2021-03-03,2034,36679,1333,19119,701,17560,0,0,1384,14260,648,11106,1384,25366,California
Mendocino,2021-03-04,1849,38528,148,19267,1701,19261,0,0,1631,15677,215,11321,1632,26998,California
Mendocino,2021-03-05,475,39003,416,19683,50,19311,9,9,372,15959,99,11420,381,27379,California
Mendocino,2021-03-06,246,39249,23,19706,198,19509,25,34,203,16145,42,11462,228,27607,California
Mendocino,2021-03-07,506,39755,8,19714,478,19987,20,54,118,15895,387,11849,137,27744,California
Mendocino,2021-03-08,123,39878,28,19742,57,20044,38,92,63,15938,58,11907,101,27845,California
Mendocino,2021-03-09,941,40819,601,20343,299,20343,41,133,834,16706,107,12014,875,28720,California
Mendocino,2021-03-10,1147,41966,984,21327,98,20441,65,198,272,16175,871,12885,340,29060,California
Mendocino,2021-03-11,842,42808,626,21953,162,20603,54,252,400,16190,439,13324,454,29514,California
Mendocino,2021-03-12,2063,44871,1051,23004,899,21502,113,365,1232,16711,824,14148,1345,30859,California
Mendocino,2021-03-13,702,45573,570,23574,74,21576,58,423,106,16284,592,14740,165,31024,California
Mendocino,2021-03-14,106,45679,4,23578,95,21671,7,430,12,16213,90,14830,19,31043,California
Mendocino,2021-03-15,599,46278,50,23628,491,22162,58,488,210,16092,388,15218,267,31310,California
Mendocino,2021-03-16,583,46861,386,24014,151,22313,46,534,121,15799,460,15678,167,31477,California
Mendocino,2021-03-17,1583,48444,1379,25393,55,22368,149,683,218,14811,1361,17039,373,31850,California
Mendocino,2021-03-18,1313,49757,248,25641,1027,23395,38,721,284,14111,1021,18060,321,32171,California
Mendocino,2021-03-19,1781,51538,855,26496,865,24260,61,782,333,13063,1444,19504,396,32567,California
Mendocino,2021-03-20,69,51607,10,26506,38,24298,21,803,12,13039,57,19561,33,32600,California
Mendocino,2021-03-21,8,51615,1,26507,2,24300,5,808,3,13042,5,19566,8,32608,California
Mendocino,2021-03-22,657,52272,613,27120,15,24315,29,837,146,12709,507,20073,174,32782,California
Mendocino,2021-03-23,165,52437,33,27153,102,24417,30,867,114,12802,51,20124,144,32926,California
Mendocino,2021-03-24,916,53353,841,27994,28,24445,47,914,113,12161,801,20925,160,33086,California
Mendocino,2021-03-25,2018,55371,52,28046,1946,26391,20,934,176,10519,1836,22761,194,33280,California
Mendocino,2021-03-26,546,55917,395,28441,126,26517,25,959,114,10226,432,23193,139,33419,California
Mendocino,2021-03-27,142,56059,13,28454,117,26634,12,971,80,10256,61,23254,91,33510,California
Mendocino,2021-03-28,25,56084,5,28459,16,26650,4,975,3,10242,21,23275,7,33517,California
Mendocino,2021-03-29,189,56273,100,28559,45,26695,44,1019,95,10287,94,23369,139,33656,California
Mendocino,2021-03-30,719,56992,634,29193,48,26743,37,1056,106,9819,611,23980,143,33799,California
Mendocino,2021-03-31,915,57907,280,29473,574,27317,61,1117,153,9273,760,24740,214,34013,California
Mendocino,2021-04-01,1742,59649,416,29889,1245,28562,81,1198,378,8381,1355,26095,463,34476,California
Mendocino,2021-04-02,1303,60952,1072,30961,158,28720,73,1271,158,7470,1142,27237,231,34707,California
Mendocino,2021-04-03,708,61660,10,30971,677,29397,21,1292,85,6958,619,27856,107,34814,California
Mendocino,2021-04-04,70,61730,34,31005,30,29427,6,1298,54,7002,16,27872,60,34874,California
Mendocino,2021-04-05,211,61941,141,31146,46,29473,24,1322,125,7062,86,27958,146,35020,California
Mendocino,2021-04-06,398,62339,123,31269,180,29653,95,1417,106,6972,292,28250,202,35222,California
Mendocino,2021-04-07,487,62826,177,31446,65,29718,245,1662,114,6961,370,28620,359,35581,California
Mendocino,2021-04-08,1498,64324,919,32365,464,30182,115,1777,1006,7597,486,29106,1122,36703,California
Mendocino,2021-04-09,758,65082,426,32791,171,30353,161,1938,396,7793,361,29467,557,37260,California
Mendocino,2021-04-10,405,65487,91,32882,268,30621,46,1984,99,7632,306,29773,145,37405,California
Mendocino,2021-04-11,122,65609,47,32929,19,30640,56,2040,59,7684,63,29836,115,37520,California
Mendocino,2021-04-12,621,66230,513,33442,48,30688,60,2100,407,7937,214,30050,467,37987,California
Mendocino,2021-04-13,291,66521,227,33669,64,30752,0,2100,222,8090,69,30119,222,38209,California
Mendocino,2021-04-14,520,67041,428,34097,92,30844,0,2100,417,8404,103,30222,417,38626,California
Mendocino,2021-04-15,658,67699,328,34425,330,31174,0,2100,387,8525,266,30488,387,39013,California
Mendocino,2021-04-16,126,67825,53,34478,72,31246,1,2101,78,8556,47,30535,78,39091,California
Mendocino,2021-04-17,196,68021,12,34490,184,31430,0,2101,67,8496,127,30662,67,39158,California
Mendocino,2021-04-18,13,68034,6,34496,7,31437,0,2101,8,8500,4,30666,8,39166,California
Mendocino,2021-04-19,539,68573,515,35011,23,31460,1,2102,427,8817,111,30777,428,39594,California
Mendocino,2021-04-20,419,68992,292,35303,127,31587,0,2102,262,8923,156,30933,262,39856,California
Mendocino,2021-04-21,192,69184,133,35436,58,31645,1,2103,113,8959,77,31010,113,39969,California
Mendocino,2021-04-22,489,69673,313,35749,175,31820,1,2104,317,9107,169,31179,317,40286,California
Mendocino,2021-04-23,846,70519,704,36453,142,31962,0,2104,688,9640,155,31334,688,40974,California
Mendocino,2021-04-24,109,70628,15,36468,94,32056,0,2104,102,9735,7,31341,102,41076,California
Mendocino,2021-04-25,56,70684,32,36500,20,32076,4,2108,18,9719,38,31379,22,41098,California
Mendocino,2021-04-26,303,70987,237,36737,61,32137,5,2113,196,9814,106,31485,201,41299,California
Mendocino,2021-04-27,201,71188,89,36826,85,32222,27,2140,92,9824,108,31593,118,41417,California
Mendocino,2021-04-28,220,71408,148,36974,53,32275,19,2159,125,9874,95,31688,145,41562,California
Mendocino,2021-04-29,1141,72549,844,37818,282,32557,15,2174,105,8961,1033,32721,120,41682,California
Mendocino,2021-04-30,607,73156,385,38203,212,32769,10,2184,228,8821,378,33099,238,41920,California
Mendocino,2021-05-01,472,73628,434,38637,32,32801,6,2190,367,9090,104,33203,373,42293,California
Mendocino,2021-05-02,55,73683,46,38683,6,32807,3,2193,8,9055,46,33249,11,42304,California
Mendocino,2021-05-03,147,73830,86,38769,39,32846,22,2215,43,9018,102,33351,65,42369,California
Mendocino,2021-05-04,378,74208,253,39022,92,32938,33,2248,140,8953,238,33589,173,42542,California
Mendocino,2021-05-05,871,75079,787,39809,69,33007,15,2263,219,8536,651,34240,234,42776,California
Mendocino,2021-05-06,628,75707,381,40190,225,33232,22,2285,151,8234,475,34715,173,42949,California
Mendocino,2021-05-07,179,75886,35,40225,120,33352,24,2309,115,8310,63,34778,139,43088,California
Mendocino,2021-05-08,125,76011,4,40229,120,33472,1,2310,109,8405,15,34793,110,43198,California
Mendocino,2021-05-09,20,76031,5,40234,14,33486,1,2311,3,8392,17,34810,4,43202,California
Mendocino,2021-05-10,244,76275,161,40395,78,33564,5,2316,150,8453,94,34904,155,43357,California
Mendocino,2021-05-11,276,76551,143,40538,116,33680,17,2333,127,8447,149,35053,143,43500,California
Mendocino,2021-05-12,129,76680,79,40617,42,33722,8,2341,37,8402,90,35143,45,43545,California
Mendocino,2021-05-13,1208,77888,1107,41724,85,33807,16,2357,307,7825,900,36043,323,43868,California
Mendocino,2021-05-14,705,78593,485,42209,157,33964,63,2420,237,7663,463,36506,301,44169,California
Mendocino,2021-05-15,85,78678,29,42238,52,34016,4,2424,40,7662,45,36551,44,44213,California
Mendocino,2021-05-16,115,78793,102,42340,11,34027,2,2426,99,7747,16,36567,101,44314,California
Mendocino,2021-05-17,172,78965,83,42423,73,34100,16,2442,97,7785,75,36642,113,44427,California
Mendocino,2021-05-18,243,79208,117,42540,98,34198,28,2470,109,7788,133,36775,136,44563,California
Mendocino,2021-05-19,322,79530,189,42729,112,34310,21,2491,239,7967,81,36856,260,44823,California
Mendocino,2021-05-20,278,79808,105,42834,131,34441,42,2533,98,7930,177,37033,140,44963,California
Mendocino,2021-05-21,591,80399,449,43283,132,34573,10,2543,475,8300,115,37148,485,45448,California
Mendocino,2021-05-22,590,80989,519,43802,65,34638,6,2549,193,8103,396,37544,199,45647,California
Mendocino,2021-05-23,18,81007,11,43813,1,34639,6,2555,10,8112,7,37551,16,45663,California
Mendocino,2021-05-24,114,81121,42,43855,56,34695,16,2571,54,8123,59,37610,70,45733,California
Mendocino,2021-05-25,276,81397,166,44021,88,34783,22,2593,127,8123,149,37759,149,45882,California
Mendocino,2021-05-26,290,81687,227,44248,59,34842,4,2597,114,8066,175,37934,118,46000,California
Mendocino,2021-05-27,148,81835,84,44332,54,34896,10,2607,45,8019,102,38036,55,46055,California
Merced,2020-12-16,3,3,3,3,0,0,0,0,3,3,0,0,3,3,California
Merced,2020-12-17,6,9,6,9,0,0,0,0,6,9,0,0,6,9,California
Merced,2020-12-18,143,152,143,152,0,0,0,0,143,152,0,0,143,152,California
Merced,2020-12-19,39,191,39,191,0,0,0,0,39,191,0,0,39,191,California
Merced,2020-12-20,18,209,18,209,0,0,0,0,18,209,0,0,18,209,California
Merced,2020-12-21,125,334,122,331,3,3,0,0,125,334,0,0,125,334,California
Merced,2020-12-22,152,486,152,483,0,3,0,0,152,486,0,0,152,486,California
Merced,2020-12-23,249,735,243,726,6,9,0,0,249,735,0,0,249,735,California
Merced,2020-12-24,72,807,72,798,0,9,0,0,72,807,0,0,72,807,California
Merced,2020-12-25,4,811,4,802,0,9,0,0,4,811,0,0,4,811,California
Merced,2020-12-26,6,817,3,805,3,12,0,0,6,817,0,0,6,817,California
Merced,2020-12-27,12,829,11,816,1,13,0,0,12,829,0,0,12,829,California
Merced,2020-12-28,123,952,98,914,25,38,0,0,123,952,0,0,123,952,California
Merced,2020-12-29,179,1131,123,1037,56,94,0,0,179,1131,0,0,179,1131,California
Merced,2020-12-30,215,1346,89,1126,126,220,0,0,215,1346,0,0,215,1346,California
Merced,2020-12-31,103,1449,34,1160,69,289,0,0,103,1449,0,0,103,1449,California
Merced,2021-01-01,5,1454,1,1161,4,293,0,0,5,1454,0,0,5,1454,California
Merced,2021-01-02,129,1583,118,1279,11,304,0,0,129,1583,0,0,129,1583,California
Merced,2021-01-03,9,1592,5,1284,4,308,0,0,9,1592,0,0,9,1592,California
Merced,2021-01-04,80,1672,42,1326,38,346,0,0,80,1672,0,0,80,1672,California
Merced,2021-01-05,321,1993,232,1558,89,435,0,0,315,1983,6,6,317,1989,California
Merced,2021-01-06,255,2248,105,1663,150,585,0,0,249,2226,6,12,249,2238,California
Merced,2021-01-07,187,2435,83,1746,104,689,0,0,176,2390,12,24,176,2414,California
Merced,2021-01-08,526,2961,392,2138,134,823,0,0,375,2615,150,174,375,2789,California
Merced,2021-01-09,23,2984,10,2148,13,836,0,0,17,2626,6,180,17,2806,California
Merced,2021-01-10,11,2995,7,2155,4,840,0,0,7,2629,4,184,7,2813,California
Merced,2021-01-11,228,3223,169,2324,59,899,0,0,102,2607,126,310,104,2917,California
Merced,2021-01-12,294,3517,171,2495,123,1022,0,0,244,2800,51,361,244,3161,California
Merced,2021-01-13,377,3894,175,2670,202,1224,0,0,225,2876,152,513,228,3389,California
Merced,2021-01-14,323,4217,200,2870,123,1347,0,0,158,2871,164,677,159,3548,California
Merced,2021-01-15,587,4804,131,3001,456,1803,0,0,548,3382,40,717,551,4099,California
Merced,2021-01-16,213,5017,130,3131,83,1886,0,0,196,3561,17,734,196,4295,California
Merced,2021-01-17,50,5067,12,3143,38,1924,0,0,49,3609,1,735,49,4344,California
Merced,2021-01-18,261,5328,126,3269,135,2059,0,0,239,3829,22,757,242,4586,California
Merced,2021-01-19,711,6039,587,3856,124,2183,0,0,540,4202,171,928,544,5130,California
Merced,2021-01-20,572,6611,467,4323,105,2288,0,0,515,4663,57,985,518,5648,California
Merced,2021-01-21,1010,7621,649,4972,361,2649,0,0,910,5476,100,1085,913,6561,California
Merced,2021-01-22,1313,8934,693,5665,620,3269,0,0,1285,6746,27,1112,1297,7858,California
Merced,2021-01-23,324,9258,197,5862,127,3396,0,0,217,6856,107,1219,217,8075,California
Merced,2021-01-24,37,9295,15,5877,22,3418,0,0,28,6876,8,1227,28,8103,California
Merced,2021-01-25,729,10024,241,6118,488,3906,0,0,670,7489,58,1285,671,8774,California
Merced,2021-01-26,917,10941,487,6605,430,4336,0,0,675,7950,215,1500,676,9450,California
Merced,2021-01-27,981,11922,584,7189,397,4733,0,0,813,8597,166,1666,813,10263,California
Merced,2021-01-28,1140,13062,594,7783,546,5279,0,0,1016,9491,123,1789,1017,11280,California
Merced,2021-01-29,851,13913,324,8107,527,5806,0,0,599,9853,240,2029,602,11882,California
Merced,2021-01-30,261,14174,28,8135,233,6039,0,0,244,10080,17,2046,244,12126,California
Merced,2021-01-31,47,14221,11,8146,36,6075,0,0,46,10125,1,2047,46,12172,California
Merced,2021-02-01,376,14597,53,8199,323,6398,0,0,326,10403,49,2096,327,12499,California
Merced,2021-02-02,298,14895,181,8380,117,6515,0,0,176,10461,119,2215,177,12676,California
Merced,2021-02-03,348,15243,72,8452,276,6791,0,0,168,10449,180,2395,168,12844,California
Merced,2021-02-04,371,15614,145,8597,226,7017,0,0,240,10560,130,2525,241,13085,California
Merced,2021-02-05,511,16125,171,8768,340,7357,0,0,270,10592,240,2765,272,13357,California
Merced,2021-02-06,388,16513,218,8986,170,7527,0,0,245,10697,141,2906,246,13603,California
Merced,2021-02-07,21,16534,13,8999,8,7535,0,0,14,10704,7,2913,14,13617,California
Merced,2021-02-08,281,16815,198,9197,83,7618,0,0,171,10767,109,3022,172,13789,California
Merced,2021-02-09,1215,18030,955,10152,260,7878,0,0,772,11105,435,3457,773,14562,California
Merced,2021-02-10,1857,19887,1433,11585,424,8302,0,0,1274,11806,573,4030,1274,15836,California
Merced,2021-02-11,2506,22393,2007,13592,499,8801,0,0,1814,12940,680,4710,1814,17650,California
Merced,2021-02-12,1717,24110,1015,14607,702,9503,0,0,745,12732,955,5665,747,18397,California
Merced,2021-02-13,361,24471,206,14813,155,9658,0,0,262,12901,95,5760,264,18661,California
Merced,2021-02-14,117,24588,26,14839,91,9749,0,0,95,12975,22,5782,96,18757,California
Merced,2021-02-15,273,24861,41,14880,232,9981,0,0,168,13045,99,5881,169,18926,California
Merced,2021-02-16,1216,26077,844,15724,372,10353,0,0,835,13521,363,6244,839,19765,California
Merced,2021-02-17,1880,27957,1635,17359,245,10598,0,0,1310,14284,556,6800,1319,21084,California
Merced,2021-02-18,1213,29170,823,18182,390,10988,0,0,404,13903,788,7588,407,21491,California
Merced,2021-02-19,1265,30435,414,18596,851,11839,0,0,538,13722,721,8309,540,22031,California
Merced,2021-02-20,277,30712,31,18627,246,12085,0,0,139,13725,136,8445,139,22170,California
Merced,2021-02-21,77,30789,62,18689,15,12100,0,0,31,13711,45,8490,31,22201,California
Merced,2021-02-22,832,31621,294,18983,538,12638,0,0,482,13845,348,8838,482,22683,California
Merced,2021-02-23,1084,32705,423,19406,661,13299,0,0,640,14048,438,9276,641,23324,California
Merced,2021-02-24,818,33523,302,19708,516,13815,0,0,446,14132,363,9639,447,23771,California
Merced,2021-02-25,1768,35291,875,20583,893,14708,0,0,1315,15000,450,10089,1318,25089,California
Merced,2021-02-26,2153,37444,1378,21961,775,15483,0,0,1741,16336,407,10496,1743,26832,California
Merced,2021-02-27,2571,40015,1145,23106,1426,16909,0,0,2286,18339,283,10779,2286,29118,California
Merced,2021-02-28,308,40323,73,23179,235,17144,0,0,253,18541,51,10830,253,29371,California
Merced,2021-03-01,1120,41443,280,23459,839,17983,1,1,778,18987,333,11163,779,30150,California
Merced,2021-03-02,1755,43198,910,24369,844,18827,1,2,1364,19970,384,11547,1367,31517,California
Merced,2021-03-03,2227,45425,1731,26100,495,19322,1,3,1468,20700,740,12287,1470,32987,California
Merced,2021-03-04,2895,48320,2275,28375,618,19940,2,5,1923,21672,954,13241,1926,34913,California
Merced,2021-03-05,2068,50388,1193,29568,851,20791,24,29,1528,22699,526,13767,1553,36466,California
Merced,2021-03-06,1166,51554,662,30230,482,21273,22,51,910,23376,255,14022,932,37398,California
Merced,2021-03-07,230,51784,66,30296,139,21412,25,76,201,23573,29,14051,226,37624,California
Merced,2021-03-08,1407,53191,808,31104,534,21946,65,141,1192,24614,215,14266,1256,38880,California
Merced,2021-03-09,1699,54890,1003,32107,589,22535,107,248,1099,25227,594,14860,1207,40087,California
Merced,2021-03-10,2700,57590,1870,33977,630,23165,200,448,1624,25994,1061,15921,1828,41915,California
Merced,2021-03-11,1945,59535,694,34671,1046,24211,205,653,1225,26741,705,16626,1452,43367,California
Merced,2021-03-12,2211,61746,902,35573,1041,25252,268,921,1496,27807,710,17336,1776,45143,California
Merced,2021-03-13,730,62476,310,35883,178,25430,242,1163,423,28174,299,17635,666,45809,California
Merced,2021-03-14,249,62725,136,36019,83,25513,30,1193,149,28255,99,17734,180,45989,California
Merced,2021-03-15,1517,64242,495,36514,767,26280,255,1448,1000,28999,510,18244,1254,47243,California
Merced,2021-03-16,1467,65709,714,37228,527,26807,226,1674,978,29724,478,18722,1203,48446,California
Merced,2021-03-17,1969,67678,1063,38291,727,27534,179,1853,1513,30971,447,19169,1694,50140,California
Merced,2021-03-18,2109,69787,1239,39530,723,28257,147,2000,1394,31824,701,19870,1554,51694,California
Merced,2021-03-19,2667,72454,1454,40984,1020,29277,193,2193,1386,32134,1270,21140,1580,53274,California
Merced,2021-03-20,2439,74893,1510,42494,534,29811,395,2588,955,32008,1480,22620,1354,54628,California
Merced,2021-03-21,557,75450,343,42837,201,30012,13,2601,437,32340,120,22740,452,55080,California
Merced,2021-03-22,1263,76713,630,43467,557,30569,76,2677,886,32934,370,23110,964,56044,California
Merced,2021-03-23,1833,78546,1106,44573,663,31232,64,2741,1350,33871,478,23588,1415,57459,California
Merced,2021-03-24,1466,80012,926,45499,505,31737,35,2776,988,34421,473,24061,1023,58482,California
Merced,2021-03-25,3319,83331,2278,47777,1018,32755,23,2799,2080,35300,1227,25288,2106,60588,California
Merced,2021-03-26,1938,85269,1089,48866,814,33569,35,2834,891,35188,1037,26325,925,61513,California
Merced,2021-03-27,3561,88830,1906,50772,1238,34807,417,3251,1553,35164,1995,28320,1971,63484,California
Merced,2021-03-28,520,89350,215,50987,297,35104,8,3259,215,35084,303,28623,223,63707,California
Merced,2021-03-29,1829,91179,780,51767,882,35986,167,3426,671,34776,1150,29773,842,64549,California
Merced,2021-03-30,2149,93328,802,52569,1288,37274,59,3485,991,34676,1152,30925,1052,65601,California
Merced,2021-03-31,2142,95470,1409,53978,695,37969,38,3523,954,34496,1173,32098,993,66594,California
Merced,2021-04-01,2201,97671,1024,55002,1051,39020,126,3649,1000,34429,1195,33293,1128,67722,California
Merced,2021-04-02,2341,100012,640,55642,1296,40316,405,4054,786,34083,1538,34831,1192,68914,California
Merced,2021-04-03,910,100922,431,56073,464,40780,15,4069,500,34194,406,35237,517,69431,California
Merced,2021-04-04,371,101293,143,56216,224,41004,4,4073,142,34114,228,35465,148,69579,California
Merced,2021-04-05,1270,102563,605,56821,453,41457,212,4285,418,33898,845,36310,629,70208,California
Merced,2021-04-06,2425,104988,898,57719,699,42156,828,5113,891,34087,1529,37839,1718,71926,California
Merced,2021-04-07,1655,106643,888,58607,660,42816,107,5220,586,33728,1054,38893,695,72621,California
Merced,2021-04-08,2307,108950,1180,59787,912,43728,215,5435,822,33309,1454,40347,1035,73656,California
Merced,2021-04-09,1692,110642,471,60258,645,44373,576,6011,565,33342,1111,41458,1144,74800,California
Merced,2021-04-10,698,111340,364,60622,146,44519,188,6199,176,33188,516,41974,362,75162,California
Merced,2021-04-11,488,111828,281,60903,72,44591,135,6334,147,33132,339,42313,283,75445,California
Merced,2021-04-12,1453,113281,944,61847,387,44978,122,6456,827,33491,590,42903,949,76394,California
Merced,2021-04-13,2033,115314,1454,63301,576,45554,3,6459,935,33426,1007,43910,942,77336,California
Merced,2021-04-14,2045,117359,1211,64512,834,46388,0,6459,901,33317,1012,44922,903,78239,California
Merced,2021-04-15,3020,120379,1980,66492,1040,47428,0,6459,957,32444,1835,46757,962,79201,California
Merced,2021-04-16,2381,122760,1165,67657,1216,48644,0,6459,971,32104,1311,48068,971,80172,California
Merced,2021-04-17,1851,124611,1196,68853,654,49298,1,6460,541,31345,1302,49370,543,80715,California
Merced,2021-04-18,469,125080,247,69100,222,49520,0,6460,191,31285,251,49621,191,80906,California
Merced,2021-04-19,1338,126418,752,69852,586,50106,0,6460,708,31459,535,50156,709,81615,California
Merced,2021-04-20,1469,127887,737,70589,732,50838,0,6460,800,31660,599,50755,800,82415,California
Merced,2021-04-21,1478,129365,890,71479,588,51426,0,6460,753,31799,614,51369,753,83168,California
Merced,2021-04-22,1611,130976,741,72220,870,52296,0,6460,779,31828,751,52120,780,83948,California
Merced,2021-04-23,1646,132622,684,72904,962,53258,0,6460,888,32005,712,52832,889,84837,California
Merced,2021-04-24,573,133195,404,73308,169,53427,0,6460,391,32219,178,53010,392,85229,California
Merced,2021-04-25,327,133522,187,73495,140,53567,0,6460,193,32280,132,53142,193,85422,California
Merced,2021-04-26,1186,134708,517,74012,669,54236,0,6460,620,32369,533,53675,622,86044,California
Merced,2021-04-27,1742,136450,882,74894,850,55086,10,6470,696,32096,980,54655,707,86751,California
Merced,2021-04-28,1371,137821,680,75574,682,55768,9,6479,783,32323,566,55221,793,87544,California
Merced,2021-04-29,1406,139227,600,76174,781,56549,25,6504,652,32258,744,55965,679,88223,California
Merced,2021-04-30,1449,140676,609,76783,796,57345,44,6548,747,32352,698,56663,792,89015,California
Merced,2021-05-01,556,141232,241,77024,310,57655,5,6553,258,32319,295,56958,262,89277,California
Merced,2021-05-02,293,141525,118,77142,160,57815,15,6568,129,32301,163,57121,145,89422,California
Merced,2021-05-03,839,142364,545,77687,223,58038,71,6639,298,32132,539,57660,370,89792,California
Merced,2021-05-04,1014,143378,541,78228,421,58459,52,6691,372,31918,638,58298,424,90216,California
Merced,2021-05-05,1207,144585,714,78942,417,58876,76,6767,531,31859,666,58964,607,90823,California
Merced,2021-05-06,904,145489,471,79413,384,59260,49,6816,303,31617,594,59558,352,91175,California
Merced,2021-05-07,925,146414,289,79702,595,59855,41,6857,392,31523,529,60087,435,91610,California
Merced,2021-05-08,396,146810,201,79903,159,60014,36,6893,180,31524,215,60302,216,91826,California
Merced,2021-05-09,213,147023,107,80010,99,60113,7,6900,102,31523,110,60412,109,91935,California
Merced,2021-05-10,690,147713,353,80363,301,60414,36,6936,189,31248,500,60912,225,92160,California
Merced,2021-05-11,1106,148819,651,81014,402,60816,53,6989,424,31049,676,61588,477,92637,California
Merced,2021-05-12,984,149803,525,81539,420,61236,39,7028,312,30731,669,62257,351,92988,California
Merced,2021-05-13,795,150598,395,81934,358,61594,42,7070,292,30566,500,62757,335,93323,California
Merced,2021-05-14,1004,151602,616,82550,348,61942,40,7110,524,30658,472,63229,564,93887,California
Merced,2021-05-15,746,152348,564,83114,163,62105,19,7129,441,30821,298,63527,461,94348,California
Merced,2021-05-16,346,152694,231,83345,107,62212,8,7137,199,30885,144,63671,208,94556,California
Merced,2021-05-17,1045,153739,665,84010,351,62563,29,7166,505,30884,536,64207,535,95091,California
Merced,2021-05-18,1264,155003,846,84856,387,62950,31,7197,720,31098,537,64744,751,95842,California
Merced,2021-05-19,1085,156088,737,85593,341,63291,7,7204,608,31244,473,65217,619,96461,California
Merced,2021-05-20,906,156994,466,86059,385,63676,55,7259,339,31073,565,65782,394,96855,California
Merced,2021-05-21,1051,158045,599,86658,426,64102,26,7285,426,30909,616,66398,452,97307,California
Merced,2021-05-22,591,158636,409,87067,170,64272,12,7297,342,31016,247,66645,354,97661,California
Merced,2021-05-23,271,158907,200,87267,60,64332,11,7308,194,31144,77,66722,205,97866,California
Merced,2021-05-24,510,159417,224,87491,255,64587,31,7339,207,31082,300,67022,238,98104,California
Merced,2021-05-25,746,160163,419,87910,293,64880,34,7373,398,31172,344,67366,434,98538,California
Merced,2021-05-26,804,160967,488,88398,290,65170,26,7399,300,30995,503,67869,326,98864,California
Merced,2021-05-27,457,161424,317,88715,123,65293,17,7416,315,31189,138,68007,332,99196,California
Modoc,2020-12-16,1,1,1,1,0,0,0,0,1,1,0,0,1,1,California
Modoc,2020-12-21,99,100,99,100,0,0,0,0,99,100,0,0,99,100,California
Modoc,2020-12-22,14,114,14,114,0,0,0,0,14,114,0,0,14,114,California
Modoc,2020-12-23,4,118,4,118,0,0,0,0,4,118,0,0,4,118,California
Modoc,2020-12-24,1,119,1,119,0,0,0,0,1,119,0,0,1,119,California
Modoc,2020-12-28,2,121,2,121,0,0,0,0,2,121,0,0,2,121,California
Modoc,2020-12-29,10,131,1,122,9,9,0,0,10,131,0,0,10,131,California
Modoc,2020-12-30,7,138,0,122,7,16,0,0,7,138,0,0,7,138,California
Modoc,2021-01-02,3,141,1,123,2,18,0,0,3,141,0,0,3,141,California
Modoc,2021-01-04,8,149,0,123,8,26,0,0,8,149,0,0,8,149,California
Modoc,2021-01-05,3,152,2,125,1,27,0,0,3,152,0,0,3,152,California
Modoc,2021-01-06,3,155,2,127,1,28,0,0,2,153,1,1,2,154,California
Modoc,2021-01-07,72,227,0,127,72,100,0,0,72,225,0,1,72,226,California
Modoc,2021-01-08,105,332,0,127,105,205,0,0,105,330,0,1,105,331,California
Modoc,2021-01-10,1,333,1,128,0,205,0,0,0,329,1,2,0,331,California
Modoc,2021-01-11,90,423,81,209,9,214,0,0,19,277,71,73,19,350,California
Modoc,2021-01-12,94,517,25,234,69,283,0,0,68,319,26,99,68,418,California
Modoc,2021-01-13,24,541,4,238,20,303,0,0,22,339,2,101,22,440,California
Modoc,2021-01-14,129,670,6,244,123,426,0,0,124,458,5,106,124,564,California
Modoc,2021-01-15,6,676,1,245,5,431,0,0,6,464,0,106,6,570,California
Modoc,2021-01-16,1,677,1,246,0,431,0,0,1,465,0,106,1,571,California
Modoc,2021-01-18,1,678,1,247,0,431,0,0,1,466,0,106,1,572,California
Modoc,2021-01-19,5,683,3,250,2,433,0,0,3,467,2,108,3,575,California
Modoc,2021-01-20,11,694,1,251,10,443,0,0,11,478,0,108,11,586,California
Modoc,2021-01-21,157,851,2,253,155,598,0,0,157,635,0,108,157,743,California
Modoc,2021-01-22,2,853,0,253,2,600,0,0,2,637,0,108,2,745,California
Modoc,2021-01-25,11,864,0,253,11,611,0,0,11,648,0,108,11,756,California
Modoc,2021-01-26,65,929,1,254,64,675,0,0,65,713,0,108,65,821,California
Modoc,2021-01-27,41,970,2,256,39,714,0,0,25,722,16,124,25,846,California
Modoc,2021-01-28,146,1116,2,258,144,858,0,0,145,866,1,125,145,991,California
Modoc,2021-01-29,3,1119,1,259,2,860,0,0,3,869,0,125,3,994,California
Modoc,2021-02-01,26,1145,13,272,13,873,0,0,12,867,14,139,12,1006,California
Modoc,2021-02-02,170,1315,2,274,168,1041,0,0,167,1031,3,142,167,1173,California
Modoc,2021-02-03,18,1333,13,287,5,1046,0,0,11,1035,7,149,11,1184,California
Modoc,2021-02-04,154,1487,3,290,151,1197,0,0,26,933,128,277,26,1210,California
Modoc,2021-02-05,3,1490,2,292,1,1198,0,0,2,934,1,278,2,1212,California
Modoc,2021-02-08,9,1499,2,294,7,1205,0,0,8,941,1,279,8,1220,California
Modoc,2021-02-09,197,1696,13,307,184,1389,0,0,65,874,132,411,65,1285,California
Modoc,2021-02-10,5,1701,2,309,3,1392,0,0,4,877,1,412,4,1289,California
Modoc,2021-02-11,201,1902,3,312,198,1590,0,0,83,842,118,530,83,1372,California
Modoc,2021-02-12,4,1906,0,312,4,1594,0,0,2,842,2,532,2,1374,California
Modoc,2021-02-13,1,1907,0,312,1,1595,0,0,1,843,0,532,1,1375,California
Modoc,2021-02-16,147,2054,6,318,141,1736,0,0,143,982,4,536,143,1518,California
Modoc,2021-02-17,24,2078,1,319,23,1759,0,0,12,982,12,548,12,1530,California
Modoc,2021-02-18,188,2266,2,321,186,1945,0,0,25,846,162,710,26,1556,California
Modoc,2021-02-19,4,2270,4,325,0,1945,0,0,3,848,1,711,3,1559,California
Modoc,2021-02-20,1,2271,1,326,0,1945,0,0,0,847,1,712,0,1559,California
Modoc,2021-02-22,17,2288,9,335,8,1953,0,0,3,836,14,726,3,1562,California
Modoc,2021-02-23,20,2308,2,337,18,1971,0,0,1,818,19,745,1,1563,California
Modoc,2021-02-24,91,2399,1,338,90,2061,0,0,31,789,60,805,31,1594,California
Modoc,2021-02-25,169,2568,0,338,169,2230,0,0,12,644,157,962,12,1606,California
Modoc,2021-02-26,3,2571,0,338,3,2233,0,0,1,643,2,964,1,1607,California
Modoc,2021-02-27,3,2574,3,341,0,2233,0,0,2,644,1,965,2,1609,California
Modoc,2021-03-01,5,2579,0,341,5,2238,0,0,0,640,4,969,0,1609,California
Modoc,2021-03-02,193,2772,12,353,181,2419,0,0,26,499,167,1136,26,1635,California
Modoc,2021-03-03,12,2784,6,359,6,2425,0,0,2,491,10,1146,2,1637,California
Modoc,2021-03-04,174,2958,2,361,172,2597,0,0,147,611,27,1173,147,1784,California
Modoc,2021-03-05,4,2962,3,364,1,2598,0,0,2,611,2,1175,2,1786,California
Modoc,2021-03-06,11,2973,0,364,1,2599,10,10,1,612,10,1185,11,1797,California
Modoc,2021-03-07,8,2981,2,366,0,2599,6,16,2,614,6,1191,8,1805,California
Modoc,2021-03-08,8,2989,1,367,3,2602,4,20,1,613,6,1197,5,1810,California
Modoc,2021-03-09,126,3115,10,377,108,2710,8,28,61,617,65,1262,69,1879,California
Modoc,2021-03-10,9,3124,3,380,2,2712,4,32,4,620,5,1267,8,1887,California
Modoc,2021-03-11,207,3331,0,380,99,2811,108,140,22,565,185,1452,130,2017,California
Modoc,2021-03-12,11,3342,2,382,4,2815,5,145,4,567,7,1459,9,2026,California
Modoc,2021-03-13,4,3346,0,382,1,2816,3,148,1,568,3,1462,4,2030,California
Modoc,2021-03-15,12,3358,1,383,10,2826,1,149,10,577,2,1464,11,2041,California
Modoc,2021-03-16,173,3531,1,384,168,2994,4,153,42,491,131,1595,45,2086,California
Modoc,2021-03-17,10,3541,1,385,4,2998,5,158,2,490,8,1603,7,2093,California
Modoc,2021-03-18,68,3609,2,387,59,3057,7,165,36,501,32,1635,43,2136,California
Modoc,2021-03-19,5,3614,0,387,0,3057,5,170,0,501,5,1640,5,2141,California
Modoc,2021-03-20,5,3619,2,389,0,3057,3,173,0,499,5,1645,3,2144,California
Modoc,2021-03-21,4,3623,1,390,1,3058,2,175,2,501,2,1647,4,2148,California
Modoc,2021-03-22,17,3640,1,391,11,3069,5,180,12,513,5,1652,17,2165,California
Modoc,2021-03-23,37,3677,7,398,27,3096,3,183,28,535,9,1661,31,2196,California
Modoc,2021-03-24,29,3706,1,399,18,3114,10,193,1,518,28,1689,11,2207,California
Modoc,2021-03-25,77,3783,1,400,74,3188,2,195,45,533,32,1721,47,2254,California
Modoc,2021-03-26,7,3790,2,402,2,3190,3,198,2,533,5,1726,5,2259,California
Modoc,2021-03-27,2,3792,0,402,1,3191,1,199,1,534,1,1727,2,2261,California
Modoc,2021-03-28,2,3794,1,403,0,3191,1,200,0,533,2,1729,1,2262,California
Modoc,2021-03-29,14,3808,1,404,5,3196,8,208,5,537,9,1738,13,2275,California
Modoc,2021-03-30,55,3863,10,414,38,3234,7,215,21,531,34,1772,28,2303,California
Modoc,2021-03-31,9,3872,3,417,2,3236,4,219,3,532,6,1778,7,2310,California
Modoc,2021-04-01,167,4039,2,419,160,3396,5,224,32,434,135,1913,37,2347,California
Modoc,2021-04-02,5,4044,0,419,2,3398,3,227,1,435,3,1916,4,2351,California
Modoc,2021-04-03,5,4049,2,421,0,3398,3,230,2,437,2,1918,4,2355,California
Modoc,2021-04-05,9,4058,0,421,9,3407,0,230,9,446,0,1918,9,2364,California
Modoc,2021-04-06,24,4082,5,426,9,3416,10,240,6,444,18,1936,16,2380,California
Modoc,2021-04-07,12,4094,1,427,4,3420,7,247,3,445,9,1945,10,2390,California
Modoc,2021-04-08,96,4190,1,428,92,3512,3,250,26,404,70,2015,29,2419,California
Modoc,2021-04-09,11,4201,2,430,6,3518,3,253,2,399,9,2024,4,2423,California
Modoc,2021-04-10,5,4206,0,430,1,3519,4,257,0,398,5,2029,4,2427,California
Modoc,2021-04-11,2,4208,2,432,0,3519,0,257,1,398,1,2030,1,2428,California
Modoc,2021-04-12,14,4222,0,432,10,3529,4,261,1,392,11,2041,5,2433,California
Modoc,2021-04-13,30,4252,29,461,1,3530,0,261,21,404,9,2050,21,2454,California
Modoc,2021-04-14,2,4254,2,463,0,3530,0,261,1,404,1,2051,1,2455,California
Modoc,2021-04-15,100,4354,0,463,100,3630,0,261,27,358,73,2124,27,2482,California
Modoc,2021-04-16,4,4358,4,467,0,3630,0,261,3,360,1,2125,3,2485,California
Modoc,2021-04-17,2,4360,2,469,0,3630,0,261,2,362,0,2125,2,2487,California
Modoc,2021-04-18,1,4361,0,469,1,3631,0,261,1,363,0,2125,1,2488,California
Modoc,2021-04-19,6,4367,0,469,6,3637,0,261,1,359,5,2130,1,2489,California
Modoc,2021-04-20,26,4393,2,471,24,3661,0,261,8,349,18,2148,8,2497,California
Modoc,2021-04-21,4,4397,4,475,0,3661,0,261,1,347,3,2151,1,2498,California
Modoc,2021-04-22,97,4494,3,478,94,3755,0,261,40,330,57,2208,40,2538,California
Modoc,2021-04-23,4,4498,0,478,4,3759,0,261,3,332,1,2209,3,2541,California
Modoc,2021-04-24,3,4501,1,479,1,3760,1,262,2,334,1,2210,3,2544,California
Modoc,2021-04-25,1,4502,1,480,0,3760,0,262,1,335,0,2210,1,2545,California
Modoc,2021-04-26,8,4510,1,481,7,3767,0,262,3,333,5,2215,3,2548,California
Modoc,2021-04-27,6,4516,4,485,1,3768,1,263,1,330,5,2220,2,2550,California
Modoc,2021-04-28,6,4522,1,486,4,3772,1,264,2,329,4,2224,3,2553,California
Modoc,2021-04-29,66,4588,2,488,64,3836,0,264,24,311,42,2266,24,2577,California
Modoc,2021-04-30,5,4593,4,492,1,3837,0,264,3,312,2,2268,3,2580,California
Modoc,2021-05-01,1,4594,1,493,0,3837,0,264,0,311,1,2269,0,2580,California
Modoc,2021-05-02,4,4598,3,496,1,3838,0,264,3,313,1,2270,3,2583,California
Modoc,2021-05-03,10,4608,0,496,9,3847,1,265,0,304,10,2280,1,2584,California
Modoc,2021-05-04,11,4619,3,499,6,3853,2,267,5,305,6,2286,7,2591,California
Modoc,2021-05-05,27,4646,24,523,2,3855,1,268,8,295,19,2305,9,2600,California
Modoc,2021-05-06,54,4700,3,526,49,3904,2,270,21,285,33,2338,23,2623,California
Modoc,2021-05-07,8,4708,3,529,3,3907,2,272,2,283,6,2344,4,2627,California
Modoc,2021-05-08,3,4711,2,531,0,3907,1,273,1,283,2,2346,2,2629,California
Modoc,2021-05-09,2,4713,2,533,0,3907,0,273,1,283,1,2347,1,2630,California
Modoc,2021-05-10,2,4715,0,533,1,3908,1,274,1,284,1,2348,2,2632,California
Modoc,2021-05-11,3,4718,2,535,0,3908,1,275,0,282,3,2351,1,2633,California
Modoc,2021-05-12,2,4720,0,535,0,3908,2,277,0,282,2,2353,2,2635,California
Modoc,2021-05-13,43,4763,1,536,38,3946,4,281,14,271,29,2382,18,2653,California
Modoc,2021-05-14,10,4773,4,540,1,3947,5,286,4,274,6,2388,9,2662,California
Modoc,2021-05-15,4,4777,3,543,1,3948,0,286,4,278,0,2388,4,2666,California
Modoc,2021-05-16,3,4780,2,545,1,3949,0,286,0,275,3,2391,0,2666,California
Modoc,2021-05-17,5,4785,3,548,2,3951,0,286,4,278,1,2392,4,2670,California
Modoc,2021-05-18,22,4807,11,559,9,3960,2,288,13,284,9,2401,15,2685,California
Modoc,2021-05-19,9,4816,2,561,3,3963,4,292,5,289,4,2405,9,2694,California
Modoc,2021-05-20,58,4874,2,563,47,4010,9,301,7,254,51,2456,16,2710,California
Modoc,2021-05-21,8,4882,6,569,1,4011,1,302,1,249,7,2463,2,2712,California
Modoc,2021-05-22,1,4883,1,570,0,4011,0,302,0,248,1,2464,0,2712,California
Modoc,2021-05-23,2,4885,2,572,0,4011,0,302,0,246,2,2466,0,2712,California
Modoc,2021-05-24,3,4888,1,573,0,4011,2,304,1,247,2,2468,3,2715,California
Modoc,2021-05-25,3,4891,1,574,2,4013,0,304,1,246,2,2470,1,2716,California
Modoc,2021-05-26,32,4923,29,603,3,4016,0,304,22,259,10,2480,23,2739,California
Modoc,2021-05-27,28,4951,1,604,23,4039,4,308,6,247,22,2502,10,2749,California
Mono,2020-12-18,1,1,1,1,0,0,0,0,1,1,0,0,1,1,California
Mono,2020-12-19,5,6,5,6,0,0,0,0,5,6,0,0,5,6,California
Mono,2020-12-20,7,13,7,13,0,0,0,0,7,13,0,0,7,13,California
Mono,2020-12-21,24,37,17,30,7,7,0,0,24,37,0,0,24,37,California
Mono,2020-12-22,66,103,65,95,1,8,0,0,66,103,0,0,66,103,California
Mono,2020-12-23,70,173,42,137,28,36,0,0,70,173,0,0,70,173,California
Mono,2020-12-24,3,176,1,138,2,38,0,0,3,176,0,0,3,176,California
Mono,2020-12-26,3,179,3,141,0,38,0,0,3,179,0,0,3,179,California
Mono,2020-12-27,1,180,0,141,1,39,0,0,1,180,0,0,1,180,California
Mono,2020-12-28,94,274,63,204,31,70,0,0,94,274,0,0,94,274,California
Mono,2020-12-29,29,303,29,233,0,70,0,0,29,303,0,0,29,303,California
Mono,2020-12-30,77,380,36,269,41,111,0,0,77,380,0,0,77,380,California
Mono,2020-12-31,4,384,1,270,3,114,0,0,4,384,0,0,4,384,California
Mono,2021-01-01,4,388,4,274,0,114,0,0,4,388,0,0,4,388,California
Mono,2021-01-02,2,390,2,276,0,114,0,0,2,390,0,0,2,390,California
Mono,2021-01-04,2,392,0,276,2,116,0,0,2,392,0,0,2,392,California
Mono,2021-01-05,45,437,2,278,43,159,0,0,44,435,1,1,44,436,California
Mono,2021-01-06,44,481,0,278,44,203,0,0,44,479,0,1,44,480,California
Mono,2021-01-07,55,536,3,281,52,255,0,0,54,532,1,2,54,534,California
Mono,2021-01-08,2,538,1,282,1,256,0,0,1,532,1,3,1,535,California
Mono,2021-01-09,4,542,4,286,0,256,0,0,0,528,4,7,0,535,California
Mono,2021-01-10,5,547,5,291,0,256,0,0,0,523,5,12,0,535,California
Mono,2021-01-11,8,555,5,296,3,259,0,0,4,523,4,16,4,539,California
Mono,2021-01-12,283,838,75,371,208,467,0,0,219,679,63,79,219,758,California
Mono,2021-01-13,233,1071,73,444,160,627,0,0,178,802,55,134,178,936,California
Mono,2021-01-14,73,1144,71,515,2,629,0,0,73,875,0,134,73,1009,California
Mono,2021-01-15,62,1206,2,517,60,689,0,0,62,937,0,134,62,1071,California
Mono,2021-01-16,4,1210,3,520,1,690,0,0,1,935,3,137,1,1072,California
Mono,2021-01-18,64,1274,55,575,9,699,0,0,2,875,62,199,2,1074,California
Mono,2021-01-19,210,1484,208,783,2,701,0,0,172,1010,38,237,173,1247,California
Mono,2021-01-20,230,1714,198,981,32,733,0,0,169,1118,61,298,169,1416,California
Mono,2021-01-21,3,1717,3,984,0,733,0,0,3,1121,0,298,3,1419,California
Mono,2021-01-22,4,1721,0,984,4,737,0,0,4,1125,0,298,4,1423,California
Mono,2021-01-23,594,2315,594,1578,0,737,0,0,593,1717,1,299,593,2016,California
Mono,2021-01-24,1,2316,0,1578,1,738,0,0,0,1716,1,300,0,2016,California
Mono,2021-01-25,201,2517,163,1741,38,776,0,0,162,1839,39,339,162,2178,California
Mono,2021-01-26,505,3022,503,2244,2,778,0,0,499,2332,6,345,499,2677,California
Mono,2021-01-27,5,3027,1,2245,4,782,0,0,5,2337,0,345,5,2682,California
Mono,2021-01-28,6,3033,2,2247,4,786,0,0,2,2335,4,349,2,2684,California
Mono,2021-01-30,200,3233,198,2445,2,788,0,0,199,2533,1,350,199,2883,California
Mono,2021-01-31,242,3475,137,2582,105,893,0,0,138,2567,104,454,138,3021,California
Mono,2021-02-01,27,3502,27,2609,0,893,0,0,0,2540,27,481,0,3021,California
Mono,2021-02-02,5,3507,0,2609,5,898,0,0,2,2539,3,484,2,3023,California
Mono,2021-02-03,4,3511,2,2611,2,900,0,0,2,2539,2,486,2,3025,California
Mono,2021-02-04,211,3722,158,2769,53,953,0,0,90,2508,121,607,90,3115,California
Mono,2021-02-05,617,4339,611,3380,6,959,0,0,614,3119,3,610,614,3729,California
Mono,2021-02-06,138,4477,137,3517,1,960,0,0,137,3255,1,611,137,3866,California
Mono,2021-02-07,2,4479,0,3517,2,962,0,0,2,3257,0,611,2,3868,California
Mono,2021-02-08,172,4651,172,3689,0,962,0,0,15,3116,156,767,15,3883,California
Mono,2021-02-09,226,4877,6,3695,220,1182,0,0,13,2916,213,980,13,3896,California
Mono,2021-02-10,536,5413,186,3881,350,1532,0,0,193,2767,343,1323,194,4090,California
Mono,2021-02-11,7,5420,4,3885,3,1535,0,0,2,2764,5,1328,2,4092,California
Mono,2021-02-12,84,5504,20,3905,64,1599,0,0,26,2732,58,1386,26,4118,California
Mono,2021-02-13,585,6089,585,4490,0,1599,0,0,25,2198,559,1945,25,4143,California
Mono,2021-02-15,165,6254,163,4653,2,1601,0,0,3,2041,160,2105,3,4146,California
Mono,2021-02-16,517,6771,514,5167,3,1604,0,0,45,1617,469,2574,45,4191,California
Mono,2021-02-17,7,6778,2,5169,5,1609,0,0,2,1614,5,2579,2,4193,California
Mono,2021-02-18,3,6781,2,5171,1,1610,0,0,2,1615,1,2580,2,4195,California
Mono,2021-02-19,54,6835,53,5224,1,1611,0,0,54,1669,0,2580,54,4249,California
Mono,2021-02-20,4,6839,4,5228,0,1611,0,0,4,1673,0,2580,4,4253,California
Mono,2021-02-21,6,6845,6,5234,0,1611,0,0,4,1675,2,2582,4,4257,California
Mono,2021-02-22,283,7128,282,5516,1,1612,0,0,24,1441,258,2840,24,4281,California
Mono,2021-02-23,137,7265,117,5633,20,1632,0,0,22,1348,115,2955,22,4303,California
Mono,2021-02-24,10,7275,3,5636,7,1639,0,0,4,1346,6,2961,4,4307,California
Mono,2021-02-25,5,7280,2,5638,3,1642,0,0,3,1348,1,2962,3,4310,California
Mono,2021-02-26,598,7878,596,6234,2,1644,0,0,21,793,576,3538,21,4331,California
Mono,2021-02-27,141,8019,137,6371,4,1648,0,0,4,662,135,3673,4,4335,California
Mono,2021-03-01,2,8021,2,6373,0,1648,0,0,1,663,0,3673,1,4336,California
Mono,2021-03-02,6,8027,4,6377,2,1650,0,0,4,665,2,3675,4,4340,California
Mono,2021-03-03,112,8139,2,6379,110,1760,0,0,109,772,2,3677,109,4449,California
Mono,2021-03-04,5,8144,1,6380,4,1764,0,0,3,773,2,3679,3,4452,California
Mono,2021-03-05,37,8181,27,6407,10,1774,0,0,14,764,23,3702,14,4466,California
Mono,2021-03-06,507,8688,17,6424,490,2264,0,0,499,1258,6,3708,500,4966,California
Mono,2021-03-07,1,8689,0,6424,1,2265,0,0,0,1257,1,3709,0,4966,California
Mono,2021-03-08,536,9225,11,6435,522,2787,3,3,527,1778,9,3718,530,5496,California
Mono,2021-03-09,6,9231,2,6437,3,2790,1,4,3,1780,2,3720,4,5500,California
Mono,2021-03-10,286,9517,90,6527,193,2983,3,7,9,1518,274,3994,12,5512,California
Mono,2021-03-11,10,9527,0,6527,1,2984,9,16,0,1517,10,4004,9,5521,California
Mono,2021-03-12,7,9534,1,6528,1,2985,5,21,0,1515,7,4011,5,5526,California
Mono,2021-03-13,823,10357,386,6914,437,3422,0,21,815,2322,8,4019,815,6341,California
Mono,2021-03-14,4,10361,4,6918,0,3422,0,21,0,2318,4,4023,0,6341,California
Mono,2021-03-15,31,10392,23,6941,3,3425,5,26,14,2321,16,4039,19,6360,California
Mono,2021-03-16,16,10408,6,6947,4,3429,6,32,8,2327,8,4047,14,6374,California
Mono,2021-03-17,33,10441,5,6952,20,3449,8,40,21,2344,12,4059,29,6403,California
Mono,2021-03-18,21,10462,2,6954,11,3460,8,48,9,2349,12,4071,17,6420,California
Mono,2021-03-19,21,10483,1,6955,17,3477,3,51,17,2366,3,4074,20,6440,California
Mono,2021-03-20,5,10488,3,6958,1,3478,1,52,4,2370,1,4075,5,6445,California
Mono,2021-03-21,1,10489,1,6959,0,3478,0,52,1,2371,0,4075,1,6446,California
Mono,2021-03-22,11,10500,0,6959,6,3484,5,57,5,2375,6,4081,10,6456,California
Mono,2021-03-23,43,10543,6,6965,32,3516,5,62,17,2371,26,4107,22,6478,California
Mono,2021-03-24,13,10556,1,6966,7,3523,5,67,5,2373,8,4115,10,6488,California
Mono,2021-03-25,19,10575,3,6969,12,3535,4,71,12,2382,7,4122,16,6504,California
Mono,2021-03-26,19,10594,3,6972,11,3546,5,76,10,2389,8,4130,15,6519,California
Mono,2021-03-27,356,10950,353,7325,3,3549,0,76,329,2691,27,4157,329,6848,California
Mono,2021-03-29,10,10960,3,7328,6,3555,1,77,8,2698,2,4159,9,6857,California
Mono,2021-03-30,12,10972,0,7328,8,3563,4,81,7,2704,5,4164,11,6868,California
Mono,2021-03-31,132,11104,7,7335,124,3687,1,82,22,2618,109,4273,23,6891,California
Mono,2021-04-01,8,11112,0,7335,7,3694,1,83,3,2617,5,4278,4,6895,California
Mono,2021-04-02,18,11130,2,7337,16,3710,0,83,7,2613,11,4289,7,6902,California
Mono,2021-04-03,867,11997,372,7709,495,4205,0,83,50,1848,815,5104,50,6952,California
Mono,2021-04-05,533,12530,18,7727,514,4719,1,84,34,1387,498,5602,37,6989,California
Mono,2021-04-06,19,12549,1,7728,5,4724,13,97,1,1383,18,5620,14,7003,California
Mono,2021-04-07,26,12575,3,7731,3,4727,20,117,4,1385,22,5642,24,7027,California
Mono,2021-04-08,22,12597,3,7734,2,4729,17,134,4,1388,18,5660,21,7048,California
Mono,2021-04-09,37,12634,4,7738,4,4733,29,163,7,1394,30,5690,36,7084,California
Mono,2021-04-10,451,13085,2,7740,442,5175,7,170,30,1013,421,6111,40,7124,California
Mono,2021-04-11,1,13086,1,7741,0,5175,0,170,0,1012,1,6112,0,7124,California
Mono,2021-04-12,6,13092,0,7741,3,5178,3,173,3,1015,3,6115,6,7130,California
Mono,2021-04-13,20,13112,2,7743,17,5195,1,174,14,1024,6,6121,15,7145,California
Mono,2021-04-14,25,13137,1,7744,24,5219,0,174,7,1013,18,6139,7,7152,California
Mono,2021-04-15,18,13155,3,7747,15,5234,0,174,9,1013,9,6148,9,7161,California
Mono,2021-04-16,17,13172,1,7748,16,5250,0,174,6,1008,11,6159,6,7167,California
Mono,2021-04-17,51,13223,2,7750,49,5299,0,174,44,1045,7,6166,44,7211,California
Mono,2021-04-18,1,13224,0,7750,1,5300,0,174,1,1046,0,6166,1,7212,California
Mono,2021-04-19,526,13750,319,8069,207,5507,0,174,201,924,323,6489,201,7413,California
Mono,2021-04-20,16,13766,2,8071,14,5521,0,174,11,930,5,6494,11,7424,California
Mono,2021-04-21,8,13774,1,8072,7,5528,0,174,3,928,5,6499,3,7427,California
Mono,2021-04-22,25,13799,11,8083,14,5542,0,174,11,925,14,6513,11,7438,California
Mono,2021-04-23,22,13821,2,8085,20,5562,0,174,12,927,10,6523,12,7450,California
Mono,2021-04-24,35,13856,22,8107,13,5575,0,174,20,932,15,6538,20,7470,California
Mono,2021-04-25,3,13859,2,8109,1,5576,0,174,3,935,0,6538,3,7473,California
Mono,2021-04-26,10,13869,1,8110,9,5585,0,174,2,929,8,6546,2,7475,California
Mono,2021-04-27,66,13935,40,8150,19,5604,7,181,50,970,16,6562,57,7532,California
Mono,2021-04-28,63,13998,41,8191,18,5622,4,185,48,1009,13,6575,52,7584,California
Mono,2021-04-29,8,14006,1,8192,4,5626,3,188,2,1008,6,6581,5,7589,California
Mono,2021-04-30,16,14022,3,8195,10,5636,3,191,8,1011,8,6589,11,7600,California
Mono,2021-05-01,110,14132,4,8199,106,5742,0,191,98,1097,12,6601,98,7698,California
Mono,2021-05-03,1,14133,0,8199,1,5743,0,191,0,1096,1,6602,0,7698,California
Mono,2021-05-04,19,14152,0,8199,13,5756,6,197,10,1103,9,6611,16,7714,California
Mono,2021-05-05,54,14206,8,8207,42,5798,4,201,46,1145,8,6619,50,7764,California
Mono,2021-05-06,13,14219,3,8210,9,5807,1,202,9,1151,4,6623,10,7774,California
Mono,2021-05-07,29,14248,22,8232,7,5814,0,202,25,1172,4,6627,25,7799,California
Mono,2021-05-08,50,14298,5,8237,45,5859,0,202,22,1166,28,6655,22,7821,California
Mono,2021-05-10,17,14315,1,8238,12,5871,4,206,9,1171,8,6663,13,7834,California
Mono,2021-05-11,16,14331,2,8240,11,5882,3,209,5,1168,11,6674,8,7842,California
Mono,2021-05-12,12,14343,0,8240,11,5893,1,210,4,1165,8,6682,5,7847,California
Mono,2021-05-13,45,14388,32,8272,13,5906,0,210,36,1192,9,6691,36,7883,California
Mono,2021-05-14,9,14397,1,8273,7,5913,1,211,4,1192,5,6696,5,7888,California
Mono,2021-05-15,66,14463,25,8298,34,5947,7,218,18,1169,48,6744,25,7913,California
Mono,2021-05-16,6,14469,5,8303,1,5948,0,218,3,1169,3,6747,3,7916,California
Mono,2021-05-17,246,14715,33,8336,206,6154,7,225,54,1040,191,6938,62,7978,California
Mono,2021-05-18,133,14848,109,8445,23,6177,1,226,87,1082,46,6984,88,8066,California
Mono,2021-05-19,118,14966,112,8557,1,6178,5,231,75,1119,43,7027,80,8146,California
Mono,2021-05-20,70,15036,54,8611,10,6188,6,237,53,1161,17,7044,59,8205,California
Mono,2021-05-21,26,15062,5,8616,19,6207,2,239,12,1161,14,7058,14,8219,California
Mono,2021-05-22,19,15081,10,8626,7,6214,2,241,13,1170,6,7064,15,8234,California
Mono,2021-05-23,4,15085,1,8627,3,6217,0,241,3,1172,1,7065,3,8237,California
Mono,2021-05-24,10,15095,1,8628,9,6226,0,241,7,1176,3,7068,7,8244,California
Mono,2021-05-25,15,15110,6,8634,9,6235,0,241,8,1177,7,7075,8,8252,California
Mono,2021-05-26,18,15128,3,8637,14,6249,1,242,8,1176,10,7085,9,8261,California
Mono,2021-05-27,1,15129,0,8637,1,6250,0,242,0,1175,1,7086,0,8261,California
Monterey,2020-12-16,5,5,5,5,0,0,0,0,5,5,0,0,5,5,California
Monterey,2020-12-17,89,94,89,94,0,0,0,0,89,94,0,0,89,94,California
Monterey,2020-12-18,486,580,486,580,0,0,0,0,486,580,0,0,486,580,California
Monterey,2020-12-19,582,1162,581,1161,1,1,0,0,582,1162,0,0,582,1162,California
Monterey,2020-12-20,422,1584,422,1583,0,1,0,0,422,1584,0,0,422,1584,California
Monterey,2020-12-21,723,2307,723,2306,0,1,0,0,723,2307,0,0,723,2307,California
Monterey,2020-12-22,538,2845,525,2831,13,14,0,0,538,2845,0,0,538,2845,California
Monterey,2020-12-23,441,3286,266,3097,175,189,0,0,441,3286,0,0,441,3286,California
Monterey,2020-12-24,84,3370,10,3107,74,263,0,0,84,3370,0,0,84,3370,California
Monterey,2020-12-25,6,3376,0,3107,6,269,0,0,6,3376,0,0,6,3376,California
Monterey,2020-12-26,92,3468,5,3112,87,356,0,0,92,3468,0,0,92,3468,California
Monterey,2020-12-27,7,3475,4,3116,3,359,0,0,7,3475,0,0,7,3475,California
Monterey,2020-12-28,479,3954,25,3141,454,813,0,0,479,3954,0,0,479,3954,California
Monterey,2020-12-29,902,4856,168,3309,734,1547,0,0,902,4856,0,0,902,4856,California
Monterey,2020-12-30,568,5424,97,3406,471,2018,0,0,568,5424,0,0,568,5424,California
Monterey,2020-12-31,33,5457,11,3417,22,2040,0,0,33,5457,0,0,33,5457,California
Monterey,2021-01-01,13,5470,3,3420,10,2050,0,0,13,5470,0,0,13,5470,California
Monterey,2021-01-02,137,5607,134,3554,3,2053,0,0,137,5607,0,0,137,5607,California
Monterey,2021-01-03,30,5637,29,3583,1,2054,0,0,30,5637,0,0,30,5637,California
Monterey,2021-01-04,411,6048,18,3601,393,2447,0,0,411,6048,0,0,411,6048,California
Monterey,2021-01-05,753,6801,327,3928,426,2873,0,0,739,6773,14,14,739,6787,California
Monterey,2021-01-06,660,7461,175,4103,485,3358,0,0,637,7387,23,37,637,7424,California
Monterey,2021-01-07,750,8211,574,4677,176,3534,0,0,424,7487,324,361,424,7848,California
Monterey,2021-01-08,1095,9306,737,5414,358,3892,0,0,400,7192,695,1056,400,8248,California
Monterey,2021-01-09,967,10273,935,6349,32,3924,0,0,314,6854,652,1708,314,8562,California
Monterey,2021-01-10,274,10547,271,6620,3,3927,0,0,9,6598,265,1973,9,8571,California
Monterey,2021-01-11,1074,11621,988,7608,86,4013,0,0,369,6262,705,2678,369,8940,California
Monterey,2021-01-12,474,12095,395,8003,79,4092,0,0,211,6210,263,2941,211,9151,California
Monterey,2021-01-13,1218,13313,593,8596,625,4717,0,0,1172,7336,46,2987,1172,10323,California
Monterey,2021-01-14,1129,14442,169,8765,960,5677,0,0,1110,8431,19,3006,1114,11437,California
Monterey,2021-01-15,1049,15491,45,8810,1004,6681,0,0,1036,9454,13,3019,1036,12473,California
Monterey,2021-01-16,366,15857,301,9111,65,6746,0,0,361,9810,5,3024,361,12834,California
Monterey,2021-01-17,314,16171,293,9404,21,6767,0,0,301,10098,13,3037,301,13135,California
Monterey,2021-01-18,403,16574,46,9450,357,7124,0,0,381,10457,22,3059,381,13516,California
Monterey,2021-01-19,578,17152,395,9845,183,7307,0,0,419,10719,157,3216,419,13935,California
Monterey,2021-01-20,539,17691,268,10113,271,7578,0,0,333,10846,206,3422,333,14268,California
Monterey,2021-01-21,851,18542,93,10206,758,8336,0,0,741,11481,110,3532,745,15013,California
Monterey,2021-01-22,1057,19599,195,10401,862,9198,0,0,1018,12460,39,3571,1018,16031,California
Monterey,2021-01-23,243,19842,175,10576,68,9266,0,0,119,12458,123,3694,121,16152,California
Monterey,2021-01-24,57,19899,38,10614,19,9285,0,0,23,12447,34,3728,23,16175,California
Monterey,2021-01-25,803,20702,175,10789,628,9913,0,0,176,12003,620,4348,176,16351,California
Monterey,2021-01-26,946,21648,225,11014,721,10634,0,0,249,11555,697,5045,249,16600,California
Monterey,2021-01-27,871,22519,315,11329,556,11190,0,0,390,11464,481,5526,390,16990,California
Monterey,2021-01-28,2031,24550,739,12068,1292,12482,0,0,1690,12815,341,5867,1692,18682,California
Monterey,2021-01-29,1277,25827,709,12777,568,13050,0,0,1159,13858,117,5984,1160,19842,California
Monterey,2021-01-30,466,26293,295,13072,171,13221,0,0,210,13812,256,6240,210,20052,California
Monterey,2021-01-31,496,26789,72,13144,424,13645,0,0,485,14287,11,6251,486,20538,California
Monterey,2021-02-01,1659,28448,1148,14292,511,14156,0,0,1091,14811,567,6818,1091,21629,California
Monterey,2021-02-02,2174,30622,462,14754,1712,15868,0,0,1566,15770,607,7425,1566,23195,California
Monterey,2021-02-03,2343,32965,1052,15806,1291,17159,0,0,1565,16561,774,8199,1565,24760,California
Monterey,2021-02-04,2793,35758,2088,17894,705,17864,0,0,2483,18736,308,8507,2483,27243,California
Monterey,2021-02-05,3674,39432,2832,20726,842,18706,0,0,3233,21533,436,8943,3233,30476,California
Monterey,2021-02-06,1109,40541,380,21106,729,19435,0,0,762,21950,345,9288,762,31238,California
Monterey,2021-02-07,317,40858,268,21374,49,19484,0,0,99,21831,218,9506,99,31337,California
Monterey,2021-02-08,521,41379,291,21665,230,19714,0,0,430,22170,91,9597,430,31767,California
Monterey,2021-02-09,882,42261,684,22349,198,19912,0,0,570,22430,312,9909,572,32339,California
Monterey,2021-02-10,2093,44354,1110,23459,983,20895,0,0,1247,22832,846,10755,1248,33587,California
Monterey,2021-02-11,2513,46867,975,24434,1538,22433,0,0,1550,23423,961,11716,1552,35139,California
Monterey,2021-02-12,2604,49471,432,24866,2172,24605,0,0,1530,23881,1073,12789,1531,36670,California
Monterey,2021-02-13,1079,50550,49,24915,1030,25635,0,0,988,24779,90,12879,988,37658,California
Monterey,2021-02-14,600,51150,73,24988,527,26162,0,0,527,25233,73,12952,527,38185,California
Monterey,2021-02-15,1375,52525,161,25149,1214,27376,0,0,984,25829,389,13341,985,39170,California
Monterey,2021-02-16,1097,53622,244,25393,853,28229,0,0,873,26478,224,13565,873,40043,California
Monterey,2021-02-17,1956,55578,1167,26560,789,29018,0,0,1651,27827,304,13869,1653,41696,California
Monterey,2021-02-18,2238,57816,1179,27739,1059,30077,0,0,913,27431,1311,15180,915,42611,California
Monterey,2021-02-19,2952,60768,1539,29278,1413,31490,0,0,1353,27187,1598,16778,1354,43965,California
Monterey,2021-02-20,1023,61791,617,29895,406,31896,0,0,964,28093,58,16836,964,44929,California
Monterey,2021-02-21,1254,63045,1225,31120,29,31925,0,0,1183,29207,69,16905,1183,46112,California
Monterey,2021-02-22,1003,64048,854,31974,149,32074,0,0,652,29510,349,17254,652,46764,California
Monterey,2021-02-23,971,65019,624,32598,347,32421,0,0,305,29151,665,17919,306,47070,California
Monterey,2021-02-24,2482,67501,1326,33924,1156,33577,0,0,1857,30389,620,18539,1858,48928,California
Monterey,2021-02-25,4433,71934,2429,36353,2004,35581,0,0,1486,28936,2940,21479,1487,50415,California
Monterey,2021-02-26,5304,77238,3088,39441,2216,37797,0,0,2636,28908,2665,24144,2637,53052,California
Monterey,2021-02-27,1030,78268,186,39627,844,38641,0,0,813,29509,212,24356,813,53865,California
Monterey,2021-02-28,1539,79807,82,39709,1457,40098,0,0,1076,30127,458,24814,1076,54941,California
Monterey,2021-03-01,1290,81097,146,39855,1141,41239,3,3,748,30342,537,25351,752,55693,California
Monterey,2021-03-02,2806,83903,1733,41588,1073,42312,0,3,1938,31416,864,26215,1938,57631,California
Monterey,2021-03-03,3223,87126,1246,42834,1977,44289,0,3,1278,30752,1943,28158,1279,58910,California
Monterey,2021-03-04,4584,91710,1474,44308,3110,47399,0,3,2958,32088,1622,29780,2958,61868,California
Monterey,2021-03-05,3677,95387,1626,45934,1774,49173,277,280,3007,34703,669,30449,3284,65152,California
Monterey,2021-03-06,5089,100476,1081,47015,3702,52875,306,586,4174,38269,912,31361,4478,69630,California
Monterey,2021-03-07,524,101000,107,47122,170,53045,247,833,234,38458,290,31651,479,70109,California
Monterey,2021-03-08,1669,102669,327,47449,953,53998,389,1222,1120,39416,549,32200,1507,71616,California
Monterey,2021-03-09,1994,104663,696,48145,1023,55021,275,1497,1492,40680,501,32701,1765,73381,California
Monterey,2021-03-10,3193,107856,1037,49182,1666,56687,490,1987,1466,40913,1723,34424,1956,75337,California
Monterey,2021-03-11,4173,112029,1415,50597,2383,59070,375,2362,2401,41924,1765,36189,2776,78113,California
Monterey,2021-03-12,4407,116436,2053,52650,2214,61284,140,2502,2707,43074,1697,37886,2847,80960,California
Monterey,2021-03-13,5298,121734,970,53620,3981,65265,347,2849,3976,46077,1321,39207,4324,85284,California
Monterey,2021-03-14,2162,123896,1336,54956,801,66066,25,2874,579,45108,1573,40780,604,85888,California
Monterey,2021-03-15,3974,127870,1274,56230,2410,68476,290,3164,2278,45983,1692,42472,2567,88455,California
Monterey,2021-03-16,3534,131404,579,56809,2578,71054,377,3541,2113,47048,1420,43892,2485,90940,California
Monterey,2021-03-17,5835,137239,2363,59172,3215,74269,257,3798,4223,49927,1606,45498,4485,95425,California
Monterey,2021-03-18,4472,141711,2170,61342,2133,76402,169,3967,3108,51883,1358,46856,3314,98739,California
Monterey,2021-03-19,5496,147207,2564,63906,2785,79187,147,4114,4207,54954,1284,48140,4355,103094,California
Monterey,2021-03-20,3369,150576,420,64326,2254,81441,695,4809,2283,56850,1082,49222,2978,106072,California
Monterey,2021-03-21,634,151210,206,64532,419,81860,9,4818,561,57348,71,49293,569,106641,California
Monterey,2021-03-22,2498,153708,1443,65975,993,82853,62,4880,2285,59484,209,49502,2345,108986,California
Monterey,2021-03-23,4028,157736,2362,68337,1623,84476,43,4923,2562,60627,1461,50963,2604,111590,California
Monterey,2021-03-24,5126,162862,2126,70463,2686,87162,314,5237,3759,63334,1363,52326,4070,115660,California
Monterey,2021-03-25,5324,168186,1226,71689,3739,90901,359,5596,2683,63744,2633,54959,3043,118703,California
Monterey,2021-03-26,5455,173641,2620,74309,2757,93658,78,5674,2790,63960,2654,57613,2870,121573,California
Monterey,2021-03-27,4867,178508,1458,75767,3153,96811,256,5930,3129,65610,1735,59348,3385,124958,California
Monterey,2021-03-28,1120,179628,346,76113,765,97576,9,5939,626,65756,489,59837,635,125593,California
Monterey,2021-03-29,3230,182858,1414,77527,1802,99378,14,5953,2008,66568,1214,61051,2026,127619,California
Monterey,2021-03-30,4530,187388,2136,79663,2346,101724,48,6001,2789,67678,1731,62782,2841,130460,California
Monterey,2021-03-31,5447,192835,2426,82089,2222,103946,799,6800,3459,69943,1985,64767,4250,134710,California
Monterey,2021-04-01,6152,198987,2065,84154,3674,107620,413,7213,3114,70443,3023,67790,3523,138233,California
Monterey,2021-04-02,4804,203791,2275,86429,2464,110084,65,7278,3250,72211,1551,69341,3319,141552,California
Monterey,2021-04-03,5948,209739,1120,87549,3786,113870,1042,8320,1236,69781,4700,74041,2270,143822,California
Monterey,2021-04-04,774,210513,162,87711,597,114467,15,8335,498,70020,276,74317,515,144337,California
Monterey,2021-04-05,4020,214533,2482,90193,1306,115773,232,8567,1495,69230,2519,76836,1729,146066,California
Monterey,2021-04-06,3437,217970,1341,91534,1621,117394,475,9042,1172,68613,2263,79099,1646,147712,California
Monterey,2021-04-07,5698,223668,1388,92922,3795,121189,515,9557,2764,68973,2922,82021,3282,150994,California
Monterey,2021-04-08,6667,230335,3509,96431,2351,123540,807,10364,3289,69717,3372,85393,4116,155110,California
Monterey,2021-04-09,5750,236085,3454,99885,1658,125198,638,11002,2325,69313,3422,88815,3018,158128,California
Monterey,2021-04-10,10184,246269,4949,104834,3077,128275,2158,13160,4975,71247,5198,94013,7132,165260,California
Monterey,2021-04-11,5421,251690,4251,109085,567,128842,603,13763,4375,75180,1040,95053,4973,170233,California
Monterey,2021-04-12,4103,255793,1849,110934,1935,130777,319,14082,927,73388,3038,98091,1246,171479,California
Monterey,2021-04-13,3185,258978,730,111664,2450,133227,5,14087,1518,73265,1648,99739,1525,173004,California
Monterey,2021-04-14,6736,265714,3139,114803,3594,136821,3,14090,1835,70220,4883,104622,1838,174842,California
Monterey,2021-04-15,5893,271607,3904,118707,1989,138810,0,14090,3869,72096,1994,106616,3870,178712,California
Monterey,2021-04-16,4854,276461,2442,121149,2398,141208,14,14104,2249,71767,2593,109209,2264,180976,California
Monterey,2021-04-17,5621,282082,1358,122507,4263,145471,0,14104,3723,73606,1884,111093,3723,184699,California
Monterey,2021-04-18,843,282925,256,122763,587,146058,0,14104,237,73241,602,111695,237,184936,California
Monterey,2021-04-19,3734,286659,1290,124053,2444,148502,0,14104,1772,73059,1954,113649,1772,186708,California
Monterey,2021-04-20,3852,290511,1583,125636,2269,150771,0,14104,1590,72411,2239,115888,1591,188299,California
Monterey,2021-04-21,5932,296443,3179,128815,2753,153524,0,14104,2860,72237,3036,118924,2862,191161,California
Monterey,2021-04-22,4833,301276,1029,129844,3804,157328,0,14104,1988,71421,2804,121728,1988,193149,California
Monterey,2021-04-23,5771,307047,2634,132478,3136,160464,1,14105,2237,70149,3514,125242,2242,195391,California
Monterey,2021-04-24,4176,311223,587,133065,3589,164053,0,14105,1540,69070,2619,127861,1540,196931,California
Monterey,2021-04-25,1243,312466,610,133675,633,164686,0,14105,793,69423,440,128301,793,197724,California
Monterey,2021-04-26,3501,315967,2178,135853,1306,165992,17,14122,881,67726,2595,130896,898,198622,California
Monterey,2021-04-27,2627,318594,898,136751,1611,167603,118,14240,1147,67514,1476,132372,1264,199886,California
Monterey,2021-04-28,3613,322207,1373,138124,2087,169690,153,14393,2233,68527,1367,133739,2380,202266,California
Monterey,2021-04-29,4518,326725,2423,140547,2019,171709,76,14469,1655,67407,2852,136591,1732,203998,California
Monterey,2021-04-30,3184,329909,1657,142204,1452,173161,75,14544,786,65877,2389,138980,859,204857,California
Monterey,2021-05-01,5616,335525,4240,146444,1336,174497,40,14584,681,61679,4917,143897,719,205576,California
Monterey,2021-05-02,4362,339887,3935,150379,400,174897,27,14611,325,58007,4024,147921,352,205928,California
Monterey,2021-05-03,2550,342437,1567,151946,867,175764,116,14727,599,56781,1941,149862,715,206643,California
Monterey,2021-05-04,1789,344226,600,152546,1099,176863,90,14817,645,56386,1131,150993,736,207379,California
Monterey,2021-05-05,3316,347542,1196,153742,2035,178898,85,14902,1044,55255,2261,153254,1130,208509,California
Monterey,2021-05-06,4176,351718,2749,156491,1210,180108,217,15119,1126,53564,3034,156288,1343,209852,California
Monterey,2021-05-07,1991,353709,973,157464,919,181027,99,15218,704,53087,1279,157567,802,210654,California
Monterey,2021-05-08,2578,356287,1367,158831,887,181914,324,15542,912,52664,1655,159222,1232,211886,California
Monterey,2021-05-09,398,356685,116,158947,256,182170,26,15568,145,52583,252,159474,171,212057,California
Monterey,2021-05-10,2596,359281,1859,160806,690,182860,47,15615,330,50705,2256,161730,378,212435,California
Monterey,2021-05-11,1768,361049,906,161712,798,183658,64,15679,731,50479,1022,162752,796,213231,California
Monterey,2021-05-12,3677,364726,1965,163677,1639,185297,73,15752,787,48460,2880,165632,861,214092,California
Monterey,2021-05-13,2299,367025,1314,164991,928,186225,57,15809,1266,48758,1023,166655,1321,215413,California
Monterey,2021-05-14,1754,368779,501,165492,1176,187401,77,15886,695,48479,1050,167705,771,216184,California
Monterey,2021-05-15,3007,371786,527,166019,2245,189646,235,16121,647,47012,2348,170053,881,217065,California
Monterey,2021-05-16,878,372664,530,166549,281,189927,67,16188,223,46652,649,170702,289,217354,California
Monterey,2021-05-17,2192,374856,1288,167837,829,190756,75,16263,1038,46625,1141,171843,1114,218468,California
Monterey,2021-05-18,1732,376588,666,168503,1022,191778,44,16307,797,46542,926,172769,843,219311,California
Monterey,2021-05-19,3583,380171,2345,170848,1151,192929,87,16394,1938,46930,1638,174407,2026,221337,California
Monterey,2021-05-20,2312,382483,810,171658,1396,194325,106,16500,740,46221,1557,175964,848,222185,California
Monterey,2021-05-21,2841,385324,1213,172871,1537,195862,91,16591,885,45248,1949,177913,976,223161,California
Monterey,2021-05-22,1701,387025,609,173480,814,196676,278,16869,639,45104,1059,178972,915,224076,California
Monterey,2021-05-23,552,387577,410,173890,127,196803,15,16884,389,45350,158,179130,404,224480,California
Monterey,2021-05-24,1652,389229,495,174385,1093,197896,64,16948,590,44948,1056,180186,654,225134,California
Monterey,2021-05-25,1394,390623,523,174908,803,198699,68,17016,590,44818,788,180974,658,225792,California
Monterey,2021-05-26,2284,392907,989,175897,1242,199941,53,17069,927,44451,1347,182321,980,226772,California
Monterey,2021-05-27,1807,394714,1084,176981,697,200638,26,17095,611,43904,1184,183505,637,227409,California
Napa,2020-12-16,12,12,12,12,0,0,0,0,12,12,0,0,12,12,California
Napa,2020-12-17,44,56,44,56,0,0,0,0,44,56,0,0,44,56,California
Napa,2020-12-18,102,158,102,158,0,0,0,0,102,158,0,0,102,158,California
Napa,2020-12-19,221,379,221,379,0,0,0,0,221,379,0,0,221,379,California
Napa,2020-12-20,190,569,190,569,0,0,0,0,190,569,0,0,190,569,California
Napa,2020-12-21,314,883,314,883,0,0,0,0,315,884,0,0,315,884,California
Napa,2020-12-22,341,1224,332,1215,9,9,0,0,341,1225,0,0,341,1225,California
Napa,2020-12-23,431,1655,321,1536,110,119,0,0,431,1656,0,0,431,1656,California
Napa,2020-12-24,139,1794,78,1614,61,180,0,0,139,1795,0,0,139,1795,California
Napa,2020-12-25,1,1795,1,1615,0,180,0,0,1,1796,0,0,1,1796,California
Napa,2020-12-26,39,1834,11,1626,28,208,0,0,39,1835,0,0,39,1835,California
Napa,2020-12-27,32,1866,16,1642,16,224,0,0,32,1867,0,0,32,1867,California
Napa,2020-12-28,252,2118,186,1828,66,290,0,0,281,2148,0,0,281,2148,California
Napa,2020-12-29,271,2389,214,2042,57,347,0,0,304,2452,0,0,304,2452,California
Napa,2020-12-30,631,3020,486,2528,145,492,0,0,639,3091,0,0,639,3091,California
Napa,2020-12-31,460,3480,371,2899,89,581,0,0,460,3551,0,0,460,3551,California
Napa,2021-01-01,1,3481,1,2900,0,581,0,0,1,3552,0,0,1,3552,California
Napa,2021-01-02,98,3579,93,2993,5,586,0,0,98,3650,0,0,98,3650,California
Napa,2021-01-03,13,3592,11,3004,2,588,0,0,9,3659,0,0,9,3659,California
Napa,2021-01-04,106,3698,63,3067,43,631,0,0,106,3765,0,0,106,3765,California
Napa,2021-01-05,162,3860,85,3152,77,708,0,0,145,3886,24,24,145,3910,California
Napa,2021-01-06,459,4319,113,3265,346,1054,0,0,396,4221,61,85,396,4306,California
Napa,2021-01-07,499,4818,235,3500,264,1318,0,0,398,4519,100,185,398,4704,California
Napa,2021-01-08,445,5263,230,3730,215,1533,0,0,261,4597,183,368,261,4965,California
Napa,2021-01-09,327,5590,302,4032,25,1558,0,0,190,4650,137,505,190,5155,California
Napa,2021-01-10,185,5775,102,4134,83,1641,0,0,108,4681,77,582,108,5263,California
Napa,2021-01-11,881,6656,427,4561,454,2095,0,0,507,4815,375,957,509,5772,California
Napa,2021-01-12,1318,7974,373,4934,945,3040,0,0,1000,5497,318,1275,1000,6772,California
Napa,2021-01-13,1313,9287,265,5199,1048,4088,0,0,1150,6486,162,1437,1151,7923,California
Napa,2021-01-14,1051,10338,171,5370,880,4968,0,0,933,7303,116,1553,933,8856,California
Napa,2021-01-15,1457,11795,384,5754,1073,6041,0,0,1308,8455,157,1710,1309,10165,California
Napa,2021-01-16,357,12152,133,5887,224,6265,0,0,340,8778,17,1727,340,10505,California
Napa,2021-01-17,338,12490,173,6060,165,6430,0,0,328,9096,10,1737,328,10833,California
Napa,2021-01-18,1080,13570,197,6257,883,7313,0,0,989,9994,91,1828,989,11822,California
Napa,2021-01-19,1009,14579,405,6662,604,7917,0,0,766,10518,242,2070,766,12588,California
Napa,2021-01-20,827,15406,187,6849,640,8557,0,0,643,10979,182,2252,643,13231,California
Napa,2021-01-21,1336,16742,374,7223,962,9519,0,0,1081,11807,254,2506,1082,14313,California
Napa,2021-01-22,1544,18286,414,7637,1130,10649,0,0,1217,12699,326,2832,1218,15531,California
Napa,2021-01-23,398,18684,318,7955,80,10729,0,0,336,12973,62,2894,336,15867,California
Napa,2021-01-24,264,18948,187,8142,77,10806,0,0,207,13123,57,2951,207,16074,California
Napa,2021-01-25,1521,20469,229,8371,1292,12098,0,0,1431,14464,90,3041,1431,17505,California
Napa,2021-01-26,877,21346,285,8656,592,12690,0,0,785,15158,92,3133,786,18291,California
Napa,2021-01-27,628,21974,220,8876,408,13098,0,0,471,15472,158,3291,472,18763,California
Napa,2021-01-28,387,22361,175,9051,212,13310,0,0,196,15479,189,3480,196,18959,California
Napa,2021-01-29,255,22616,63,9114,192,13502,0,0,160,15544,95,3575,160,19119,California
Napa,2021-01-30,807,23423,697,9811,110,13612,0,0,640,16017,167,3742,640,19759,California
Napa,2021-01-31,652,24075,621,10432,31,13643,0,0,629,16623,23,3765,629,20388,California
Napa,2021-02-01,320,24395,112,10544,208,13851,0,0,164,16631,156,3921,164,20552,California
Napa,2021-02-02,606,25001,279,10823,327,14178,0,0,297,16622,306,4227,297,20849,California
Napa,2021-02-03,744,25745,308,11131,436,14614,0,0,429,16737,314,4541,429,21278,California
Napa,2021-02-04,787,26532,370,11501,417,15031,0,0,438,16828,347,4888,438,21716,California
Napa,2021-02-05,709,27241,308,11809,401,15432,0,0,342,16803,367,5255,342,22058,California
Napa,2021-02-06,434,27675,146,11955,288,15720,0,0,328,17025,106,5361,328,22386,California
Napa,2021-02-07,173,27848,160,12115,13,15733,0,0,71,16994,102,5463,71,22457,California
Napa,2021-02-08,835,28683,191,12306,644,16377,0,0,274,16710,558,6021,274,22731,California
Napa,2021-02-09,1083,29766,448,12754,635,17012,0,0,440,16508,642,6663,440,23171,California
Napa,2021-02-10,1725,31491,193,12947,1532,18544,0,0,452,15691,1270,7933,453,23624,California
Napa,2021-02-11,1492,32983,192,13139,1300,19844,0,0,404,15020,1075,9008,404,24028,California
Napa,2021-02-12,2170,35153,844,13983,1326,21170,0,0,729,14312,1437,10445,729,24757,California
Napa,2021-02-13,503,35656,53,14036,450,21620,0,0,317,14443,186,10631,317,25074,California
Napa,2021-02-14,354,36010,86,14122,268,21888,0,0,192,14473,162,10793,192,25266,California
Napa,2021-02-15,876,36886,182,14304,694,22582,0,0,223,14045,651,11444,223,25489,California
Napa,2021-02-16,1287,38173,596,14900,691,23273,0,0,613,13986,672,12116,613,26102,California
Napa,2021-02-17,1048,39221,531,15431,517,23790,0,0,477,13895,569,12685,478,26580,California
Napa,2021-02-18,1903,41124,485,15916,1418,25208,0,0,661,13317,1239,13924,661,27241,California
Napa,2021-02-19,1480,42604,585,16501,895,26103,0,0,675,13188,804,14728,675,27916,California
Napa,2021-02-20,822,43426,597,17098,225,26328,0,0,275,12916,547,15275,275,28191,California
Napa,2021-02-21,816,44242,752,17850,64,26392,0,0,212,12524,604,15879,212,28403,California
Napa,2021-02-22,447,44689,190,18040,257,26649,0,0,141,12359,306,16185,141,28544,California
Napa,2021-02-23,1132,45821,306,18346,826,27475,0,0,316,11859,816,17001,316,28860,California
Napa,2021-02-24,1165,46986,644,18990,521,27996,0,0,577,11850,586,17587,577,29437,California
Napa,2021-02-25,2560,49546,1224,20214,1336,29332,0,0,1848,12987,711,18298,1848,31285,California
Napa,2021-02-26,1507,51053,527,20741,980,30312,0,0,596,12674,909,19207,596,31881,California
Napa,2021-02-27,1117,52170,386,21127,731,31043,0,0,865,13289,250,19457,865,32746,California
Napa,2021-02-28,563,52733,461,21588,102,31145,0,0,463,13654,98,19555,463,33209,California
Napa,2021-03-01,1107,53840,817,22405,290,31435,0,0,832,14214,272,19827,832,34041,California
Napa,2021-03-02,1507,55347,1048,23453,459,31894,0,0,1166,15040,340,20167,1166,35207,California
Napa,2021-03-03,1564,56911,694,24147,870,32764,0,0,1376,16229,187,20354,1376,36583,California
Napa,2021-03-04,1713,58624,787,24934,926,33690,0,0,1474,17467,236,20590,1474,38057,California
Napa,2021-03-05,1899,60523,790,25724,1105,34795,4,4,1481,18536,416,21006,1485,39542,California
Napa,2021-03-06,653,61176,286,26010,336,35131,31,35,541,18998,110,21116,572,40114,California
Napa,2021-03-07,519,61695,316,26326,188,35319,15,50,375,19244,144,21260,390,40504,California
Napa,2021-03-08,713,62408,335,26661,325,35644,53,103,536,19658,175,21435,589,41093,California
Napa,2021-03-09,1683,64091,603,27264,1034,36678,46,149,1249,20522,431,21866,1295,42388,California
Napa,2021-03-10,1496,65587,921,28185,481,37159,94,243,795,20712,697,22563,887,43275,California
Napa,2021-03-11,1878,67465,1060,29245,688,37847,130,373,987,20937,891,23454,1116,44391,California
Napa,2021-03-12,1515,68980,917,30162,502,38349,96,469,809,21136,704,24158,903,45294,California
Napa,2021-03-13,1171,70151,305,30467,841,39190,25,494,830,21652,339,24497,855,46149,California
Napa,2021-03-14,619,70770,336,30803,135,39325,148,642,218,21617,400,24897,365,46514,California
Napa,2021-03-15,954,71724,411,31214,473,39798,70,712,480,21695,472,25369,550,47064,California
Napa,2021-03-16,1846,73570,392,31606,1327,41125,127,839,1378,22736,465,25834,1506,48570,California
Napa,2021-03-17,2510,76080,1851,33457,480,41605,179,1018,1598,23602,911,26745,1777,50347,California
Napa,2021-03-18,2131,78211,939,34396,1182,42787,10,1028,1301,24086,827,27572,1311,51658,California
Napa,2021-03-19,1450,79661,878,35274,544,43331,28,1056,709,24085,738,28310,737,52395,California
Napa,2021-03-20,1010,80671,530,35804,327,43658,153,1209,427,24083,582,28892,580,52975,California
Napa,2021-03-21,704,81375,681,36485,20,43678,3,1212,348,24079,355,29247,351,53326,California
Napa,2021-03-22,1298,82673,1122,37607,165,43843,11,1223,495,23787,798,30045,506,53832,California
Napa,2021-03-23,1873,84546,1180,38787,676,44519,17,1240,1002,23939,867,30912,1019,54851,California
Napa,2021-03-24,1708,86254,945,39732,755,45274,8,1248,817,23874,890,31802,825,55676,California
Napa,2021-03-25,1925,88179,1053,40785,818,46092,54,1302,768,23545,1151,32953,822,56498,California
Napa,2021-03-26,1306,89485,838,41623,462,46554,6,1308,591,23432,710,33663,597,57095,California
Napa,2021-03-27,942,90427,434,42057,481,47035,27,1335,314,23145,628,34291,341,57436,California
Napa,2021-03-28,489,90916,378,42435,104,47139,7,1342,181,23027,306,34597,188,57624,California
Napa,2021-03-29,1201,92117,874,43309,322,47461,5,1347,729,23291,470,35067,734,58358,California
Napa,2021-03-30,2635,94752,933,44242,1698,49159,4,1351,1819,24299,816,35883,1824,60182,California
Napa,2021-03-31,1976,96728,963,45205,944,50103,69,1420,807,24007,1166,37049,874,61056,California
Napa,2021-04-01,1751,98479,843,46048,790,50893,118,1538,481,23343,1264,38313,600,61656,California
Napa,2021-04-02,1865,100344,836,46884,887,51780,142,1680,477,22579,1385,39698,621,62277,California
Napa,2021-04-03,634,100978,369,47253,206,51986,59,1739,214,22431,420,40118,272,62549,California
Napa,2021-04-04,358,101336,144,47397,156,52142,58,1797,124,22380,233,40351,182,62731,California
Napa,2021-04-05,1274,102610,758,48155,297,52439,219,2016,575,22476,698,41049,794,63525,California
Napa,2021-04-06,2244,104854,559,48714,1429,53868,256,2272,516,21526,1725,42774,775,64300,California
Napa,2021-04-07,1729,106583,703,49417,805,54673,221,2493,520,21063,1204,43978,741,65041,California
Napa,2021-04-08,1862,108445,1068,50485,420,55093,374,2867,963,21507,895,44873,1339,66380,California
Napa,2021-04-09,1541,109986,926,51411,313,55406,302,3169,677,21627,862,45735,982,67362,California
Napa,2021-04-10,1041,111027,347,51758,594,56000,100,3269,243,21180,797,46532,350,67712,California
Napa,2021-04-11,384,111411,298,52056,63,56063,23,3292,156,21131,228,46760,179,67891,California
Napa,2021-04-12,788,112199,304,52360,360,56423,124,3416,290,21045,497,47257,411,68302,California
Napa,2021-04-13,2537,114736,845,53205,1692,58115,0,3416,928,20369,1604,48861,928,69230,California
Napa,2021-04-14,2083,116819,982,54187,1101,59216,0,3416,1013,20320,1062,49923,1013,70243,California
Napa,2021-04-15,2057,118876,528,54715,1529,60745,0,3416,876,20021,1175,51098,876,71119,California
Napa,2021-04-16,2903,121779,1577,56292,1326,62071,0,3416,2189,21498,712,51810,2189,73308,California
Napa,2021-04-17,1131,122910,267,56559,864,62935,0,3416,832,22032,298,52108,832,74140,California
Napa,2021-04-18,265,123175,172,56731,93,63028,0,3416,119,22005,146,52254,119,74259,California
Napa,2021-04-19,609,123784,338,57069,271,63299,0,3416,265,21927,343,52597,265,74524,California
Napa,2021-04-20,3034,126818,2061,59130,973,64272,0,3416,2082,23059,951,53548,2083,76607,California
Napa,2021-04-21,2917,129735,2156,61286,761,65033,0,3416,1852,23853,1059,54607,1853,78460,California
Napa,2021-04-22,1637,131372,1129,62415,508,65541,0,3416,838,23897,794,55401,838,79298,California
Napa,2021-04-23,1623,132995,1246,63661,375,65916,2,3418,1147,24572,472,55873,1147,80445,California
Napa,2021-04-24,559,133554,317,63978,242,66158,0,3418,285,24586,271,56144,285,80730,California
Napa,2021-04-25,250,133804,192,64170,58,66216,0,3418,130,24597,119,56263,130,80860,California
Napa,2021-04-26,507,134311,263,64433,244,66460,0,3418,263,24620,240,56503,263,81123,California
Napa,2021-04-27,1677,135988,436,64869,1230,67690,11,3429,649,24255,1025,57528,660,81783,California
Napa,2021-04-28,982,136970,438,65307,527,68217,17,3446,324,23939,657,58185,341,82124,California
Napa,2021-04-29,648,137618,326,65633,303,68520,19,3465,200,23715,442,58627,218,82342,California
Napa,2021-04-30,603,138221,303,65936,236,68756,64,3529,249,23674,353,58980,312,82654,California
Napa,2021-05-01,323,138544,266,66202,46,68802,11,3540,119,23600,204,59184,130,82784,California
Napa,2021-05-02,237,138781,193,66395,38,68840,6,3546,99,23568,137,59321,105,82889,California
Napa,2021-05-03,624,139405,499,66894,90,68930,35,3581,103,23191,516,59837,139,83028,California
Napa,2021-05-04,1125,140530,717,67611,298,69228,110,3691,294,22768,827,60664,404,83432,California
Napa,2021-05-05,1017,141547,686,68297,295,69523,36,3727,256,22302,758,61422,292,83724,California
Napa,2021-05-06,716,142263,318,68615,375,69898,23,3750,372,22362,335,61757,395,84119,California
Napa,2021-05-07,785,143048,571,69186,158,70056,56,3806,187,22022,582,62339,242,84361,California
Napa,2021-05-08,255,143303,164,69350,80,70136,11,3817,90,21959,164,62503,101,84462,California
Napa,2021-05-09,108,143411,77,69427,31,70167,0,3817,50,21951,58,62561,50,84512,California
Napa,2021-05-10,418,143829,141,69568,258,70425,19,3836,108,21769,309,62870,127,84639,California
Napa,2021-05-11,2157,145986,1776,71344,355,70780,26,3862,371,20386,1780,64650,397,85036,California
Napa,2021-05-12,2154,148140,1346,72690,754,71534,54,3916,296,18883,1853,66503,350,85386,California
Napa,2021-05-13,1822,149962,1130,73820,654,72188,38,3954,765,18636,1050,67553,803,86189,California
Napa,2021-05-14,1906,151868,1138,74958,681,72869,87,4041,519,17862,1381,68934,607,86796,California
Napa,2021-05-15,1053,152921,347,75305,695,73564,11,4052,261,17347,788,69722,273,87069,California
Napa,2021-05-16,239,153160,159,75464,78,73642,2,4054,67,17244,172,69894,69,87138,California
Napa,2021-05-17,877,154037,346,75810,501,74143,30,4084,311,17076,509,70403,341,87479,California
Napa,2021-05-18,1035,155072,541,76351,436,74579,58,4142,498,17100,532,70935,556,88035,California
Napa,2021-05-19,922,155994,541,76892,351,74930,30,4172,520,17249,400,71335,549,88584,California
Napa,2021-05-20,576,156570,381,77273,169,75099,26,4198,375,17449,201,71536,401,88985,California
Napa,2021-05-21,429,156999,211,77484,187,75286,31,4229,186,17423,243,71779,217,89202,California
Napa,2021-05-22,392,157391,215,77699,170,75456,7,4236,158,17354,234,72013,165,89367,California
Napa,2021-05-23,351,157742,320,78019,21,75477,10,4246,272,17558,78,72091,282,89649,California
Napa,2021-05-24,363,158105,174,78193,169,75646,20,4266,148,17514,213,72304,169,89818,California
Napa,2021-05-25,394,158499,164,78357,168,75814,62,4328,136,17456,256,72560,198,90016,California
Napa,2021-05-26,533,159032,350,78707,159,75973,24,4352,317,17584,213,72773,341,90357,California
Napa,2021-05-27,216,159248,70,78777,132,76105,14,4366,94,17570,122,72895,108,90465,California
Nevada,2020-12-16,3,3,3,3,0,0,0,0,3,3,0,0,3,3,California
Nevada,2020-12-17,6,9,6,9,0,0,0,0,6,9,0,0,6,9,California
Nevada,2020-12-18,52,61,52,61,0,0,0,0,52,61,0,0,52,61,California
Nevada,2020-12-19,55,116,55,116,0,0,0,0,55,116,0,0,55,116,California
Nevada,2020-12-20,12,128,12,128,0,0,0,0,12,128,0,0,12,128,California
Nevada,2020-12-21,69,197,69,197,0,0,0,0,69,197,0,0,69,197,California
Nevada,2020-12-22,91,288,89,286,2,2,0,0,91,288,0,0,91,288,California
Nevada,2020-12-23,234,522,203,489,31,33,0,0,234,522,0,0,234,522,California
Nevada,2020-12-24,13,535,11,500,2,35,0,0,13,535,0,0,13,535,California
Nevada,2020-12-25,3,538,3,503,0,35,0,0,3,538,0,0,3,538,California
Nevada,2020-12-26,6,544,4,507,2,37,0,0,6,544,0,0,6,544,California
Nevada,2020-12-27,88,632,88,595,0,37,0,0,88,632,0,0,88,632,California
Nevada,2020-12-28,169,801,92,687,77,114,0,0,169,801,0,0,169,801,California
Nevada,2020-12-29,99,900,73,760,26,140,0,0,99,900,0,0,99,900,California
Nevada,2020-12-30,86,986,66,826,20,160,0,0,86,986,0,0,86,986,California
Nevada,2020-12-31,39,1025,9,835,30,190,0,0,39,1025,0,0,39,1025,California
Nevada,2021-01-01,2,1027,0,835,2,192,0,0,2,1027,0,0,2,1027,California
Nevada,2021-01-02,1,1028,1,836,0,192,0,0,1,1028,0,0,1,1028,California
Nevada,2021-01-03,129,1157,126,962,3,195,0,0,129,1157,0,0,129,1157,California
Nevada,2021-01-04,71,1228,47,1009,24,219,0,0,71,1228,0,0,71,1228,California
Nevada,2021-01-05,273,1501,132,1141,141,360,0,0,272,1499,1,1,272,1500,California
Nevada,2021-01-06,91,1592,43,1184,48,408,0,0,83,1574,8,9,83,1583,California
Nevada,2021-01-07,215,1807,43,1227,172,580,0,0,208,1777,6,15,209,1792,California
Nevada,2021-01-08,223,2030,129,1356,94,674,0,0,170,1895,53,68,171,1963,California
Nevada,2021-01-09,63,2093,56,1412,7,681,0,0,15,1862,48,116,15,1978,California
Nevada,2021-01-10,18,2111,9,1421,9,690,0,0,10,1864,8,124,10,1988,California
Nevada,2021-01-11,185,2296,131,1552,54,744,0,0,57,1793,128,252,57,2045,California
Nevada,2021-01-12,595,2891,449,2001,146,890,0,0,529,2256,66,318,529,2574,California
Nevada,2021-01-13,259,3150,146,2147,113,1003,0,0,125,2247,134,452,125,2699,California
Nevada,2021-01-14,237,3387,127,2274,110,1113,0,0,219,2449,17,469,219,2918,California
Nevada,2021-01-15,396,3783,170,2444,226,1339,0,0,298,2649,98,567,298,3216,California
Nevada,2021-01-16,297,4080,15,2459,282,1621,0,0,293,2938,4,571,293,3509,California
Nevada,2021-01-17,36,4116,32,2491,4,1625,0,0,34,2970,2,573,34,3543,California
Nevada,2021-01-18,155,4271,45,2536,110,1735,0,0,143,3101,12,585,143,3686,California
Nevada,2021-01-19,243,4514,85,2621,158,1893,0,0,223,3304,20,605,223,3909,California
Nevada,2021-01-20,269,4783,164,2785,105,1998,0,0,256,3547,13,618,256,4165,California
Nevada,2021-01-21,339,5122,207,2992,132,2130,0,0,326,3860,13,631,326,4491,California
Nevada,2021-01-22,368,5490,231,3223,137,2267,0,0,338,4168,30,661,338,4829,California
Nevada,2021-01-23,178,5668,105,3328,73,2340,0,0,178,4346,0,661,178,5007,California
Nevada,2021-01-24,105,5773,98,3426,7,2347,0,0,66,4373,39,700,66,5073,California
Nevada,2021-01-25,265,6038,136,3562,129,2476,0,0,204,4516,61,761,204,5277,California
Nevada,2021-01-26,402,6440,141,3703,261,2737,0,0,298,4710,104,865,298,5575,California
Nevada,2021-01-27,421,6861,248,3951,173,2910,0,0,397,5083,24,889,397,5972,California
Nevada,2021-01-28,470,7331,319,4270,151,3061,0,0,426,5466,43,932,426,6398,California
Nevada,2021-01-29,605,7936,394,4664,211,3272,0,0,578,6019,26,958,579,6977,California
Nevada,2021-01-30,232,8168,105,4769,127,3399,0,0,229,6245,3,961,229,7206,California
Nevada,2021-01-31,104,8272,87,4856,17,3416,0,0,102,6347,1,962,103,7309,California
Nevada,2021-02-01,291,8563,71,4927,220,3636,0,0,277,6610,14,976,277,7586,California
Nevada,2021-02-02,520,9083,182,5109,338,3974,0,0,321,6732,199,1175,321,7907,California
Nevada,2021-02-03,814,9897,573,5682,241,4215,0,0,760,7439,53,1228,760,8667,California
Nevada,2021-02-04,737,10634,388,6070,349,4564,0,0,487,7677,249,1477,487,9154,California
Nevada,2021-02-05,649,11283,369,6439,280,4844,0,0,459,7948,188,1665,459,9613,California
Nevada,2021-02-06,269,11552,82,6521,187,5031,0,0,242,8163,27,1692,242,9855,California
Nevada,2021-02-07,247,11799,194,6715,53,5084,0,0,193,8302,54,1746,193,10048,California
Nevada,2021-02-08,653,12452,407,7122,246,5330,0,0,552,8753,101,1847,552,10600,California
Nevada,2021-02-09,603,13055,337,7459,266,5596,0,0,464,9078,139,1986,464,11064,California
Nevada,2021-02-10,650,13705,325,7784,325,5921,0,0,419,9267,231,2217,420,11484,California
Nevada,2021-02-11,873,14578,505,8289,368,6289,0,0,544,9483,328,2545,544,12028,California
Nevada,2021-02-12,942,15520,438,8727,504,6793,0,0,621,9786,318,2863,621,12649,California
Nevada,2021-02-13,601,16121,236,8963,365,7158,0,0,387,9965,209,3072,388,13037,California
Nevada,2021-02-14,231,16352,120,9083,111,7269,0,0,203,10140,28,3100,203,13240,California
Nevada,2021-02-15,713,17065,438,9521,275,7544,0,0,539,10505,174,3274,539,13779,California
Nevada,2021-02-16,622,17687,199,9720,423,7967,0,0,455,10794,166,3440,455,14234,California
Nevada,2021-02-17,1184,18871,763,10483,421,8388,0,0,856,11322,328,3768,856,15090,California
Nevada,2021-02-18,1014,19885,551,11034,463,8851,0,0,604,11518,408,4176,604,15694,California
Nevada,2021-02-19,1013,20898,631,11665,382,9233,0,0,650,11807,362,4538,651,16345,California
Nevada,2021-02-20,298,21196,107,11772,191,9424,0,0,173,11856,124,4662,173,16518,California
Nevada,2021-02-21,95,21291,89,11861,6,9430,0,0,8,11778,86,4748,8,16526,California
Nevada,2021-02-22,498,21789,332,12193,166,9596,0,0,351,11983,146,4894,351,16877,California
Nevada,2021-02-23,484,22273,235,12428,249,9845,0,0,220,11942,261,5155,220,17097,California
Nevada,2021-02-24,478,22751,242,12670,236,10081,0,0,253,11972,225,5380,255,17352,California
Nevada,2021-02-25,860,23611,467,13137,393,10474,0,0,432,11978,426,5806,432,17784,California
Nevada,2021-02-26,1240,24851,883,14020,357,10831,0,0,411,11563,826,6632,411,18195,California
Nevada,2021-02-27,356,25207,111,14131,245,11076,0,0,187,11581,169,6801,187,18382,California
Nevada,2021-02-28,273,25480,159,14290,114,11190,0,0,125,11559,147,6948,125,18507,California
Nevada,2021-03-01,831,26311,435,14725,396,11586,0,0,362,11454,467,7415,362,18869,California
Nevada,2021-03-02,743,27054,293,15018,450,12036,0,0,510,11736,228,7643,510,19379,California
Nevada,2021-03-03,979,28033,502,15520,476,12512,1,1,508,11775,470,8113,509,19888,California
Nevada,2021-03-04,1107,29140,617,16137,490,13002,0,1,466,11604,637,8750,466,20354,California
Nevada,2021-03-05,836,29976,474,16611,352,13354,10,11,374,11528,460,9210,384,20738,California
Nevada,2021-03-06,360,30336,121,16732,212,13566,27,38,144,11482,216,9426,170,20908,California
Nevada,2021-03-07,212,30548,110,16842,83,13649,19,57,70,11429,142,9568,89,20997,California
Nevada,2021-03-08,826,31374,556,17398,224,13873,46,103,376,11403,449,10017,423,21420,California
Nevada,2021-03-09,790,32164,404,17802,337,14210,49,152,464,11591,324,10341,512,21932,California
Nevada,2021-03-10,1002,33166,646,18448,300,14510,56,208,340,11329,657,10998,395,22327,California
Nevada,2021-03-11,1106,34272,727,19175,354,14864,25,233,550,11356,548,11546,575,22902,California
Nevada,2021-03-12,1202,35474,729,19904,443,15307,30,263,509,11204,690,12236,538,23440,California
Nevada,2021-03-13,280,35754,56,19960,219,15526,5,268,106,11142,172,12408,110,23550,California
Nevada,2021-03-14,155,35909,21,19981,128,15654,6,274,32,11057,123,12531,38,23588,California
Nevada,2021-03-15,852,36761,460,20441,380,16034,12,286,360,10940,489,13020,372,23960,California
Nevada,2021-03-16,999,37760,469,20910,468,16502,62,348,640,11284,357,13377,701,24661,California
Nevada,2021-03-17,1021,38781,453,21363,558,17060,10,358,583,11442,435,13812,593,25254,California
Nevada,2021-03-18,983,39764,533,21896,427,17487,23,381,479,11444,500,14312,502,25756,California
Nevada,2021-03-19,759,40523,441,22337,281,17768,37,418,355,11436,400,14712,392,26148,California
Nevada,2021-03-20,822,41345,92,22429,302,18070,428,846,229,11502,587,15299,653,26801,California
Nevada,2021-03-21,58,41403,32,22461,25,18095,1,847,40,11526,17,15316,41,26842,California
Nevada,2021-03-22,800,42203,518,22979,277,18372,5,852,534,11801,264,15580,539,27381,California
Nevada,2021-03-23,858,43061,390,23369,442,18814,26,878,616,12204,239,15819,642,28023,California
Nevada,2021-03-24,1023,44084,543,23912,473,19287,7,885,641,12475,376,16195,647,28670,California
Nevada,2021-03-25,907,44991,458,24370,424,19711,25,910,496,12585,410,16605,520,29190,California
Nevada,2021-03-26,1142,46133,437,24807,666,20377,39,949,818,13120,321,16926,856,30046,California
Nevada,2021-03-27,567,46700,70,24877,481,20858,16,965,385,13339,182,17108,401,30447,California
Nevada,2021-03-28,176,46876,50,24927,113,20971,13,978,38,13255,135,17243,51,30498,California
Nevada,2021-03-29,821,47697,502,25429,297,21268,22,1000,376,13210,442,17685,397,30895,California
Nevada,2021-03-30,1055,48752,482,25911,539,21807,34,1034,486,13169,561,18246,520,31415,California
Nevada,2021-03-31,1181,49933,661,26572,503,22310,17,1051,678,13369,494,18740,694,32109,California
Nevada,2021-04-01,1239,51172,722,27294,464,22774,53,1104,546,13284,684,19424,599,32708,California
Nevada,2021-04-02,1289,52461,661,27955,592,23366,36,1140,761,13558,524,19948,798,33506,California
Nevada,2021-04-03,292,52753,92,28047,161,23527,39,1179,85,13476,206,20154,124,33630,California
Nevada,2021-04-04,129,52882,43,28090,79,23606,7,1186,78,13510,51,20205,85,33715,California
Nevada,2021-04-05,934,53816,615,28705,299,23905,20,1206,621,13842,309,20514,641,34356,California
Nevada,2021-04-06,1076,54892,667,29372,266,24171,143,1349,435,13788,634,21148,580,34936,California
Nevada,2021-04-07,1147,56039,819,30191,245,24416,83,1432,611,13952,529,21677,693,35629,California
Nevada,2021-04-08,1280,57319,892,31083,305,24721,83,1515,705,14168,572,22249,788,36417,California
Nevada,2021-04-09,1244,58563,847,31930,328,25049,69,1584,842,14679,400,22649,911,37328,California
Nevada,2021-04-10,265,58828,77,32007,112,25161,76,1660,108,14707,156,22805,184,37512,California
Nevada,2021-04-11,100,58928,32,32039,64,25225,4,1664,39,14689,61,22866,43,37555,California
Nevada,2021-04-12,745,59673,539,32578,190,25415,16,1680,315,14594,426,23292,331,37886,California
Nevada,2021-04-13,881,60554,350,32928,531,25946,0,1680,466,14647,413,23705,466,38352,California
Nevada,2021-04-14,1048,61602,568,33496,480,26426,0,1680,531,14669,509,24214,531,38883,California
Nevada,2021-04-15,1069,62671,702,34198,367,26793,0,1680,615,14842,442,24656,615,39498,California
Nevada,2021-04-16,891,63562,691,34889,200,26993,0,1680,515,14982,375,25031,515,40013,California
Nevada,2021-04-17,193,63755,49,34938,144,27137,0,1680,84,14958,108,25139,84,40097,California
Nevada,2021-04-18,185,63940,20,34958,165,27302,0,1680,102,14977,83,25222,102,40199,California
Nevada,2021-04-19,749,64689,480,35438,269,27571,0,1680,304,14844,437,25659,304,40503,California
Nevada,2021-04-20,798,65487,310,35748,488,28059,0,1680,301,14654,491,26150,301,40804,California
Nevada,2021-04-21,907,66394,495,36243,412,28471,0,1680,273,14302,625,26775,273,41077,California
Nevada,2021-04-22,996,67390,621,36864,375,28846,0,1680,342,14001,643,27418,342,41419,California
Nevada,2021-04-23,1220,68610,540,37404,680,29526,0,1680,396,13584,813,28231,396,41815,California
Nevada,2021-04-24,521,69131,72,37476,449,29975,0,1680,168,13401,351,28582,168,41983,California
Nevada,2021-04-25,116,69247,60,37536,51,30026,5,1685,52,13394,63,28645,56,42039,California
Nevada,2021-04-26,712,69959,533,38069,171,30197,8,1693,204,13108,498,29143,212,42251,California
Nevada,2021-04-27,773,70732,348,38417,420,30617,5,1698,398,13145,366,29509,403,42654,California
Nevada,2021-04-28,985,71717,579,38996,401,31018,5,1703,383,12936,597,30106,388,43042,California
Nevada,2021-04-29,1010,72727,707,39703,299,31317,4,1707,274,12481,733,30839,278,43320,California
Nevada,2021-04-30,1223,73950,724,40427,490,31807,9,1716,201,11671,1020,31859,210,43530,California
Nevada,2021-05-01,143,74093,65,40492,74,31881,4,1720,63,11660,78,31937,67,43597,California
Nevada,2021-05-02,54,74147,30,40522,20,31901,4,1724,19,11648,35,31972,23,43620,California
Nevada,2021-05-03,606,74753,404,40926,183,32084,19,1743,177,11418,425,32397,195,43815,California
Nevada,2021-05-04,584,75337,169,41095,397,32481,18,1761,331,11518,249,32646,349,44164,California
Nevada,2021-05-05,731,76068,380,41475,337,32818,14,1775,318,11446,404,33050,332,44496,California
Nevada,2021-05-06,799,76867,560,42035,228,33046,11,1786,196,11059,594,33644,207,44703,California
Nevada,2021-05-07,880,77747,488,42523,357,33403,35,1821,193,10603,684,34328,228,44931,California
Nevada,2021-05-08,172,77919,20,42543,132,33535,20,1841,81,10614,90,34418,101,45032,California
Nevada,2021-05-09,41,77960,7,42550,32,33567,2,1843,18,10611,23,34441,20,45052,California
Nevada,2021-05-10,389,78349,247,42797,118,33685,24,1867,75,10397,313,34754,99,45151,California
Nevada,2021-05-11,510,78859,150,42947,347,34032,13,1880,127,10162,375,35129,140,45291,California
Nevada,2021-05-12,531,79390,228,43175,292,34324,11,1891,149,9948,374,35503,160,45451,California
Nevada,2021-05-13,799,80189,534,43709,257,34581,8,1899,411,9988,379,35882,419,45870,California
Nevada,2021-05-14,767,80956,579,44288,171,34752,17,1916,428,10097,336,36218,445,46315,California
Nevada,2021-05-15,181,81137,82,44370,91,34843,8,1924,83,10091,97,36315,91,46406,California
Nevada,2021-05-16,155,81292,51,44421,104,34947,0,1924,53,10042,102,36417,53,46459,California
Nevada,2021-05-17,492,81784,313,44734,149,35096,30,1954,216,10023,265,36682,246,46705,California
Nevada,2021-05-18,410,82194,253,44987,153,35249,4,1958,219,10057,189,36871,223,46928,California
Nevada,2021-05-19,489,82683,356,45343,129,35378,4,1962,255,10091,225,37096,259,47187,California
Nevada,2021-05-20,562,83245,321,45664,230,35608,11,1973,198,9941,359,37455,209,47396,California
Nevada,2021-05-21,447,83692,284,45948,155,35763,8,1981,197,9900,246,37701,205,47601,California
Nevada,2021-05-22,201,83893,16,45964,96,35859,89,2070,27,9842,174,37875,116,47717,California
Nevada,2021-05-23,25,83918,5,45969,20,35879,0,2070,7,9831,18,37893,7,47724,California
Nevada,2021-05-24,303,84221,213,46182,77,35956,13,2083,103,9750,197,38090,116,47840,California
Nevada,2021-05-25,333,84554,79,46261,243,36199,11,2094,82,9597,246,38336,93,47933,California
Nevada,2021-05-26,428,84982,180,46441,240,36439,8,2102,114,9412,307,38643,122,48055,California
Nevada,2021-05-27,307,85289,172,46613,127,36566,8,2110,108,9333,195,38838,116,48171,California
Orange,2020-12-15,16,16,16,16,0,0,0,0,16,16,0,0,16,16,California
Orange,2020-12-16,392,408,392,408,0,0,0,0,392,408,0,0,392,408,California
Orange,2020-12-17,3739,4147,3739,4147,0,0,0,0,3738,4146,0,0,3738,4146,California
Orange,2020-12-18,5067,9214,5059,9206,8,8,0,0,5066,9212,0,0,5066,9212,California
Orange,2020-12-19,2233,11447,2226,11432,7,15,0,0,2232,11444,0,0,2232,11444,California
Orange,2020-12-20,1989,13436,1986,13418,3,18,0,0,1990,13434,0,0,1990,13434,California
Orange,2020-12-21,4260,17696,4254,17672,6,24,0,0,4260,17694,0,0,4260,17694,California
Orange,2020-12-22,3993,21689,3958,21630,35,59,0,0,3993,21687,0,0,3993,21687,California
Orange,2020-12-23,3591,25280,3225,24855,366,425,0,0,3593,25280,0,0,3593,25280,California
Orange,2020-12-24,1381,26661,1078,25933,303,728,0,0,1381,26661,0,0,1381,26661,California
Orange,2020-12-25,17,26678,12,25945,5,733,0,0,17,26678,0,0,17,26678,California
Orange,2020-12-26,1081,27759,424,26369,657,1390,0,0,1081,27759,0,0,1081,27759,California
Orange,2020-12-27,582,28341,276,26645,306,1696,0,0,582,28341,0,0,582,28341,California
Orange,2020-12-28,3616,31957,2638,29283,978,2674,0,0,3616,31957,0,0,3616,31957,California
Orange,2020-12-29,3503,35460,2490,31773,1013,3687,0,0,3502,35458,1,1,3502,35459,California
Orange,2020-12-30,5122,40582,3546,35319,1576,5263,0,0,5122,40580,0,1,5122,40581,California
Orange,2020-12-31,1501,42083,803,36122,698,5961,0,0,1500,42079,1,2,1500,42081,California
Orange,2021-01-01,604,42687,329,36451,275,6236,0,0,603,42681,1,3,603,42684,California
Orange,2021-01-02,1355,44042,850,37301,505,6741,0,0,1355,44036,0,3,1355,44039,California
Orange,2021-01-03,584,44626,325,37626,259,7000,0,0,584,44620,0,3,584,44623,California
Orange,2021-01-04,2756,47382,1574,39200,1182,8182,0,0,2757,47376,1,4,2757,47380,California
Orange,2021-01-05,3539,50921,2318,41518,1221,9403,0,0,3131,50106,404,408,3134,50514,California
Orange,2021-01-06,5008,55929,3477,44995,1531,10934,0,0,3640,52390,1356,1764,3640,54154,California
Orange,2021-01-07,9293,65222,5186,50181,4107,15041,0,0,5711,54536,3569,5333,5715,59869,California
Orange,2021-01-08,9440,74662,5286,55467,4154,19195,0,0,5666,56441,3764,9097,5669,65538,California
Orange,2021-01-09,5019,79681,1755,57222,3264,22459,0,0,3735,58892,1284,10381,3735,69273,California
Orange,2021-01-10,4247,83928,1048,58270,3199,25658,0,0,3366,61382,880,11261,3370,72643,California
Orange,2021-01-11,9455,93383,4910,63180,4545,30203,0,0,5829,63583,3629,14890,5830,78473,California
Orange,2021-01-12,8933,102316,4835,68015,4098,34301,0,0,5461,65575,3470,18360,5462,83935,California
Orange,2021-01-13,10274,112590,4932,72947,5342,39643,0,0,7065,69442,3205,21565,7072,91007,California
Orange,2021-01-14,9987,122577,3785,76732,6202,45845,0,0,8396,76255,1589,23154,8402,99409,California
Orange,2021-01-15,10196,132773,2633,79365,7563,53408,0,0,9315,84687,889,24043,9321,108730,California
Orange,2021-01-16,8713,141486,2092,81457,6621,60029,0,0,8316,92612,396,24439,8321,117051,California
Orange,2021-01-17,8165,149651,1485,82942,6680,66709,0,0,8017,100491,148,24587,8027,125078,California
Orange,2021-01-18,9708,159359,4410,87352,5298,72007,0,0,7444,105673,2265,26852,7447,132525,California
Orange,2021-01-19,7535,166894,5452,92804,2083,74090,0,0,4903,107945,2632,29484,4904,137429,California
Orange,2021-01-20,8378,175272,5904,98708,2474,76564,0,0,5326,110226,3052,32536,5333,142762,California
Orange,2021-01-21,11021,186293,4907,103615,6114,82678,0,0,10199,119615,821,33357,10210,152972,California
Orange,2021-01-22,13691,199984,5158,108773,8533,91211,0,0,12832,131603,852,34209,12840,165812,California
Orange,2021-01-23,13156,213140,6192,114965,6964,98175,0,0,12225,142907,929,35138,12233,178045,California
Orange,2021-01-24,9823,222963,4295,119260,5528,103703,0,0,9490,152072,329,35467,9494,187539,California
Orange,2021-01-25,10468,233431,5874,125134,4594,108297,0,0,7730,157076,2731,38198,7735,195274,California
Orange,2021-01-26,11906,245337,7718,132852,4188,112485,0,0,9733,164643,2169,40367,9736,205010,California
Orange,2021-01-27,13448,258785,8015,140867,5433,117918,0,0,10737,172685,2700,43067,10742,215752,California
Orange,2021-01-28,13060,271845,7223,148090,5837,123755,0,0,11176,182000,1869,44936,11184,226936,California
Orange,2021-01-29,13654,285499,8468,156558,5186,128941,0,0,10754,189873,2884,47820,10757,237693,California
Orange,2021-01-30,12976,298475,4478,161036,8498,137439,0,0,12198,201311,763,48583,12201,249894,California
Orange,2021-01-31,13707,312182,4928,165964,8779,146218,0,0,13263,214143,438,49021,13270,263164,California
Orange,2021-02-01,14820,327002,6510,172474,8310,154528,0,0,12350,224051,2448,51469,12356,275520,California
Orange,2021-02-02,15034,342036,7963,180437,7071,161599,0,0,12560,234172,2443,53912,12564,288084,California
Orange,2021-02-03,16589,358625,12402,192839,4187,165786,0,0,13631,244928,2880,56792,13636,301720,California
Orange,2021-02-04,19947,378572,13052,205891,6895,172681,0,0,14835,254689,5082,61874,14843,316563,California
Orange,2021-02-05,20759,399331,11998,217889,8761,181442,0,0,14444,262865,6273,68147,14449,331012,California
Orange,2021-02-06,16378,415709,10825,228714,5553,186995,0,0,11106,268932,5257,73404,11324,342336,California
Orange,2021-02-07,11532,427241,8102,236816,3430,190425,0,0,7551,272687,3965,77369,7720,350056,California
Orange,2021-02-08,15023,442264,8642,245458,6381,196806,0,0,8989,275669,6008,83377,8990,359046,California
Orange,2021-02-09,17745,460009,12085,257543,5660,202466,0,0,10709,279420,6963,90340,10714,369760,California
Orange,2021-02-10,20911,480920,11165,268708,9746,212212,0,0,12696,284003,8122,98462,12705,382465,California
Orange,2021-02-11,22156,503076,11526,280234,10630,222842,0,0,12404,286804,9621,108083,12422,394887,California
Orange,2021-02-12,24876,527952,11984,292218,12892,235734,0,0,14641,291279,10172,118255,14647,409534,California
Orange,2021-02-13,22012,549964,11901,304119,10111,245845,0,0,11160,292383,10698,128953,11802,421336,California
Orange,2021-02-14,16172,566136,6537,310656,9635,255480,0,0,9539,295317,6606,135559,9540,430876,California
Orange,2021-02-15,17271,583407,7401,318057,9870,265350,0,0,8899,295896,8329,143888,8908,439784,California
Orange,2021-02-16,19982,603389,9005,327062,10977,276327,0,0,10755,297499,9177,153065,10780,450564,California
Orange,2021-02-17,17954,621343,9365,336427,8589,284916,0,0,9217,298062,8685,161750,9248,459812,California
Orange,2021-02-18,15068,636411,9893,346320,5175,290091,0,0,6811,296679,8204,169954,6821,466633,California
Orange,2021-02-19,18207,654618,10882,357202,7325,297416,0,0,6933,292403,11221,181175,6945,473578,California
Orange,2021-02-20,7535,662153,5623,362825,1912,299328,0,0,3784,292471,3727,184902,3795,477373,California
Orange,2021-02-21,4586,666739,3895,366720,691,300019,0,0,935,289798,3612,188514,939,478312,California
Orange,2021-02-22,9705,676444,7912,374632,1793,301812,0,0,3913,287969,5761,194275,3932,482244,California
Orange,2021-02-23,13354,689798,7319,381951,6035,307847,0,0,3516,281726,9772,204047,3529,485773,California
Orange,2021-02-24,21181,710979,12838,394789,8343,316190,0,0,5403,271437,15710,219757,5421,491194,California
Orange,2021-02-25,22722,733701,12318,407107,10404,326594,0,0,8006,264818,14641,234398,8022,499216,California
Orange,2021-02-26,27849,761550,14094,421201,13755,340349,0,0,11262,259651,16454,250852,11287,510503,California
Orange,2021-02-27,25118,786668,10201,431402,14914,355263,3,3,7329,249319,17679,268531,7347,517850,California
Orange,2021-02-28,19126,805794,7424,438826,11702,366965,0,3,4827,239987,14176,282707,4844,522694,California
Orange,2021-03-01,18603,824397,8504,447330,10090,377055,9,12,7215,235932,11292,293999,7237,529931,California
Orange,2021-03-02,19309,843706,9315,456645,9991,387046,3,15,9454,235616,9801,303800,9485,539416,California
Orange,2021-03-03,20671,864377,9759,466404,10908,397954,4,19,11103,237260,9485,313285,11129,550545,California
Orange,2021-03-04,22469,886846,12954,479358,9501,407455,14,33,11628,238126,10802,324087,11668,562213,California
Orange,2021-03-05,21105,907951,11015,490373,10042,417497,48,81,12960,243097,8098,332185,13069,575282,California
Orange,2021-03-06,24150,932101,13300,503673,9984,427481,866,947,12764,245408,11342,343527,13653,588935,California
Orange,2021-03-07,15069,947170,8489,512162,6176,433657,404,1351,8797,248398,6231,349758,9221,598156,California
Orange,2021-03-08,16445,963615,7597,519759,7581,441238,1267,2618,10619,254534,5775,355533,11911,610067,California
Orange,2021-03-09,20914,984529,9688,529447,8782,450020,2444,5062,12374,260851,8497,364030,14814,624881,California
Orange,2021-03-10,24763,1009292,12153,541600,9160,459180,3450,8512,12514,264622,12187,376217,15958,640839,California
Orange,2021-03-11,29058,1038350,15732,557332,9106,468286,4220,12732,13467,266812,15495,391712,17685,658524,California
Orange,2021-03-12,29447,1067797,14356,571688,11226,479512,3865,16597,14819,270993,14545,406257,18726,677250,California
Orange,2021-03-13,27855,1095652,10258,581946,13660,493172,3937,20534,14108,275364,13684,419941,18055,695305,California
Orange,2021-03-14,18908,1114560,8224,590170,8139,501311,2545,23079,11806,282631,7070,427011,14337,709642,California
Orange,2021-03-15,23079,1137639,10173,600343,12143,513454,763,23842,14390,289172,8604,435615,15145,724787,California
Orange,2021-03-16,26439,1164078,11178,611521,15030,528484,231,24073,17157,297364,9202,444817,17394,742181,California
Orange,2021-03-17,27392,1191470,13593,625114,13205,541689,594,24667,19474,309586,7844,452661,20066,762247,California
Orange,2021-03-18,27832,1219302,14000,639114,13551,555240,281,24948,21641,325388,6123,458784,21925,784172,California
Orange,2021-03-19,33652,1252954,18498,657612,14707,569947,447,25395,24970,342249,8567,467351,25428,809600,California
Orange,2021-03-20,25825,1278779,13598,671210,12019,581966,208,25603,22016,360734,3745,471096,22230,831830,California
Orange,2021-03-21,18521,1297300,10700,681910,7088,589054,733,26336,15731,374437,2761,473857,16464,848294,California
Orange,2021-03-22,22778,1320078,11791,693701,10665,599719,322,26658,19198,390478,3489,477346,19530,867824,California
Orange,2021-03-23,26063,1346141,13548,707249,11873,611592,642,27300,20691,406526,5290,482636,21338,889162,California
Orange,2021-03-24,29160,1375301,16274,723523,11964,623556,922,28222,21993,422370,7074,489710,22918,912080,California
Orange,2021-03-25,32487,1407788,17275,740798,14502,638058,710,28932,24284,439255,8108,497818,24993,937073,California
Orange,2021-03-26,34936,1442724,18134,758932,15938,653996,864,29796,24883,455065,9942,507760,25752,962825,California
Orange,2021-03-27,28540,1471264,13676,772608,14549,668545,315,30111,19811,466561,8633,516393,20129,982954,California
Orange,2021-03-28,24804,1496068,12878,785486,11858,680403,68,30179,18554,479015,6171,522564,18625,1001579,California
Orange,2021-03-29,26559,1522627,12160,797646,13832,694235,567,30746,17825,488768,8643,531207,18396,1019975,California
Orange,2021-03-30,30913,1553540,13970,811616,16306,710541,637,31383,20460,499499,10366,541573,21097,1041072,California
Orange,2021-03-31,37206,1590746,19534,831150,16960,727501,712,32095,23859,510843,13238,554811,24582,1065654,California
Orange,2021-04-01,40495,1631241,21268,852418,17351,744852,1876,33971,26191,524736,14165,568976,28058,1093712,California
Orange,2021-04-02,40199,1671440,20294,872712,18086,762938,1819,35790,22726,531940,17366,586342,24570,1118282,California
Orange,2021-04-03,30228,1701668,15735,888447,12742,775680,1751,37541,14287,532107,15865,602207,16032,1134314,California
Orange,2021-04-04,18477,1720145,10735,899182,6975,782655,767,38308,8215,530881,10205,612412,8979,1143293,California
Orange,2021-04-05,30056,1750201,14033,913215,12616,795271,3407,41715,13942,532190,16033,628445,17342,1160635,California
Orange,2021-04-06,33433,1783634,15644,928859,14352,809623,3437,45152,14431,531167,18910,647355,17887,1178522,California
Orange,2021-04-07,36085,1819719,20128,948987,11369,820992,4588,49740,15863,531462,20139,667494,20434,1198956,California
Orange,2021-04-08,39072,1858791,21611,970598,11999,832991,5462,55202,18950,535927,20016,687510,24481,1223437,California
Orange,2021-04-09,40934,1899725,23853,994451,11905,844896,5176,60378,18101,536595,22742,710252,23410,1246847,California
Orange,2021-04-10,34303,1934028,18153,1012604,11940,856836,4210,64588,14229,535065,19986,730238,18456,1265303,California
Orange,2021-04-11,25464,1959492,14390,1026994,7814,864650,3260,67848,9775,532445,15639,745877,13019,1278322,California
Orange,2021-04-12,30390,1989882,15377,1042371,11467,876117,3546,71394,11954,529540,18377,764254,15472,1293794,California
Orange,2021-04-13,32305,2022187,18180,1060551,14058,890175,67,71461,15045,527459,17190,781444,15109,1308903,California
Orange,2021-04-14,34425,2056612,20159,1080710,14233,904408,33,71494,15107,523377,19225,800669,15143,1324046,California
Orange,2021-04-15,40180,2096792,24483,1105193,15683,920091,14,71508,18703,520721,21370,822039,18714,1342760,California
Orange,2021-04-16,41268,2138060,24251,1129444,16988,937079,29,71537,18626,516845,22537,844576,18661,1361421,California
Orange,2021-04-17,30398,2168458,17266,1146710,13129,950208,3,71540,13370,513311,16912,861488,13378,1374799,California
Orange,2021-04-18,21428,2189886,12963,1159673,8465,958673,0,71540,8476,508890,12900,874388,8479,1383278,California
Orange,2021-04-19,32467,2222353,17932,1177605,14533,973206,2,71542,14915,506353,17459,891847,14922,1398200,California
Orange,2021-04-20,35191,2257544,18276,1195881,16911,990117,4,71546,17593,506431,17519,909366,17597,1415797,California
Orange,2021-04-21,40642,2298186,23410,1219291,17223,1007340,9,71555,19253,504410,21284,930650,19263,1435060,California
Orange,2021-04-22,39250,2337436,20738,1240029,18503,1025843,9,71564,16326,497950,22797,953447,16337,1451397,California
Orange,2021-04-23,40146,2377582,20760,1260789,19380,1045223,6,71570,17915,493751,22123,975570,17924,1469321,California
Orange,2021-04-24,31958,2409540,16692,1277481,15231,1060454,35,71605,13388,488689,18488,994058,13426,1482747,California
Orange,2021-04-25,22982,2432522,12987,1290468,9981,1070435,14,71619,9871,485528,13051,1007109,9890,1492637,California
Orange,2021-04-26,26106,2458628,12754,1303222,13159,1083594,193,71812,11508,482724,14504,1021613,11700,1504337,California
Orange,2021-04-27,28630,2487258,13370,1316592,14758,1098352,502,72314,11005,476761,17472,1039085,11509,1515846,California
Orange,2021-04-28,30800,2518058,15417,1332009,14508,1112860,875,73189,12350,471638,18345,1057430,13222,1529068,California
Orange,2021-04-29,31453,2549511,17183,1349192,13311,1126171,959,74148,11253,463733,20110,1077540,12205,1541273,California
Orange,2021-04-30,29670,2579181,16968,1366160,11765,1137936,937,75085,12626,460341,16950,1094490,13558,1554831,California
Orange,2021-05-01,21999,2601180,14860,1381020,6153,1144089,986,76071,8685,456765,13237,1107727,9661,1564492,California
Orange,2021-05-02,15390,2616570,10234,1391254,4513,1148602,643,76714,5373,452826,9951,1117678,6012,1570504,California
Orange,2021-05-03,20547,2637117,12535,1403789,7254,1155856,758,77472,6462,446030,14014,1131692,7218,1577722,California
Orange,2021-05-04,23600,2660717,13457,1417246,9234,1165090,909,78381,8170,439765,15331,1147023,9066,1586788,California
Orange,2021-05-05,24721,2685438,13800,1431046,10027,1175117,894,79275,8085,432232,16512,1163535,8979,1595767,California
Orange,2021-05-06,26382,2711820,15961,1447007,9421,1184538,1000,80275,7286,421542,18969,1182504,8279,1604046,California
Orange,2021-05-07,28120,2739940,16683,1463690,10388,1194926,1049,81324,7971,410612,19948,1202452,9018,1613064,California
Orange,2021-05-08,18393,2758333,12155,1475845,5465,1200391,773,82097,5426,403912,12894,1215346,6194,1619258,California
Orange,2021-05-09,10961,2769294,8328,1484173,2257,1202648,376,82473,2886,399150,8024,1223370,3262,1622520,California
Orange,2021-05-10,18984,2788278,11557,1495730,6652,1209300,775,83248,4264,389558,14631,1238001,5039,1627559,California
Orange,2021-05-11,21232,2809510,11716,1507446,8849,1218149,667,83915,5036,379158,16099,1254100,5699,1633258,California
Orange,2021-05-12,22549,2832059,13876,1521322,7921,1226070,752,84667,6298,370073,16134,1270234,7049,1640307,California
Orange,2021-05-13,19874,2851933,12118,1533440,7224,1233294,532,85199,7210,365247,12570,1282804,7744,1648051,California
Orange,2021-05-14,25348,2877281,16460,1549900,8085,1241379,803,86002,10258,361309,14992,1297796,11054,1659105,California
Orange,2021-05-15,19798,2897079,14331,1564231,4921,1246300,546,86548,8022,358159,11716,1309512,8566,1667671,California
Orange,2021-05-16,15089,2912168,12402,1576633,2345,1248645,342,86890,6502,356465,8539,1318051,6845,1674516,California
Orange,2021-05-17,19253,2931421,12613,1589246,5947,1254592,693,87583,7282,352526,11914,1329965,7975,1682491,California
Orange,2021-05-18,20397,2951818,11926,1601172,7808,1262400,663,88246,8466,349797,11849,1341814,9120,1691611,California
Orange,2021-05-19,22315,2974133,12719,1613891,8931,1271331,665,88911,8033,344316,14171,1355985,8690,1700301,California
Orange,2021-05-20,18030,2992163,10302,1624193,7154,1278485,574,89485,6101,339144,11846,1367831,6674,1706975,California
Orange,2021-05-21,20803,3012966,11563,1635756,8639,1287124,601,90086,6650,332334,14065,1381896,7255,1714230,California
Orange,2021-05-22,14289,3027255,9663,1645419,4156,1291280,470,90556,5541,329658,8681,1390577,6005,1720235,California
Orange,2021-05-23,6723,3033978,4784,1650203,1729,1293009,210,90766,2263,327700,4430,1395007,2472,1722707,California
Orange,2021-05-24,15076,3049054,8839,1659042,5634,1298643,603,91369,5715,324734,9282,1404289,6316,1729023,California
Orange,2021-05-25,15122,3064176,8844,1667886,5791,1304434,487,91856,5678,321539,9353,1413642,6158,1735181,California
Orange,2021-05-26,14522,3078698,8034,1675920,6013,1310447,475,92331,5317,318199,9126,1422768,5786,1740967,California
Orange,2021-05-27,6595,3085293,3376,1679296,2958,1313405,261,92592,2387,316667,4177,1426945,2645,1743612,California
Placer,2020-12-15,29,29,29,29,0,0,0,0,29,29,0,0,29,29,California
Placer,2020-12-16,56,85,56,85,0,0,0,0,56,85,0,0,56,85,California
Placer,2020-12-17,140,225,140,225,0,0,0,0,140,225,0,0,140,225,California
Placer,2020-12-18,332,557,332,557,0,0,0,0,332,557,0,0,332,557,California
Placer,2020-12-19,252,809,252,809,0,0,0,0,252,809,0,0,252,809,California
Placer,2020-12-20,234,1043,234,1043,0,0,0,0,234,1043,0,0,234,1043,California
Placer,2020-12-21,495,1538,493,1536,2,2,0,0,495,1538,0,0,495,1538,California
Placer,2020-12-22,676,2214,669,2205,7,9,0,0,676,2214,0,0,676,2214,California
Placer,2020-12-23,753,2967,665,2870,88,97,0,0,753,2967,0,0,753,2967,California
Placer,2020-12-24,398,3365,347,3217,51,148,0,0,398,3365,0,0,398,3365,California
Placer,2020-12-26,156,3521,112,3329,44,192,0,0,156,3521,0,0,156,3521,California
Placer,2020-12-27,187,3708,164,3493,23,215,0,0,187,3708,0,0,187,3708,California
Placer,2020-12-28,670,4378,543,4036,127,342,0,0,670,4378,0,0,670,4378,California
Placer,2020-12-29,763,5141,514,4550,249,591,0,0,763,5141,0,0,763,5141,California
Placer,2020-12-30,729,5870,456,5006,273,864,0,0,727,5868,0,0,727,5868,California
Placer,2020-12-31,530,6400,344,5350,186,1050,0,0,530,6398,0,0,530,6398,California
Placer,2021-01-01,15,6415,11,5361,4,1054,0,0,15,6413,0,0,15,6413,California
Placer,2021-01-02,185,6600,153,5514,32,1086,0,0,185,6598,0,0,185,6598,California
Placer,2021-01-03,153,6753,78,5592,75,1161,0,0,153,6751,0,0,153,6751,California
Placer,2021-01-04,620,7373,181,5773,439,1600,0,0,620,7371,0,0,620,7371,California
Placer,2021-01-05,725,8098,159,5932,566,2166,0,0,642,7932,82,82,643,8014,California
Placer,2021-01-06,761,8859,247,6179,514,2680,0,0,617,8405,144,226,617,8631,California
Placer,2021-01-07,986,9845,368,6547,618,3298,0,0,781,8981,205,431,781,9412,California
Placer,2021-01-08,1181,11026,528,7075,653,3951,0,0,852,9507,326,757,852,10264,California
Placer,2021-01-09,450,11476,321,7396,129,4080,0,0,234,9526,215,972,234,10498,California
Placer,2021-01-10,329,11805,186,7582,143,4223,0,0,164,9525,165,1137,164,10662,California
Placer,2021-01-11,1428,13233,808,8390,620,4843,0,0,838,9774,590,1727,839,11501,California
Placer,2021-01-12,1655,14888,878,9268,777,5620,0,0,1054,10227,601,2328,1054,12555,California
Placer,2021-01-13,1636,16524,822,10090,814,6434,0,0,1211,11018,423,2751,1214,13769,California
Placer,2021-01-14,1791,18315,658,10748,1133,7567,0,0,1433,12097,355,3106,1434,15203,California
Placer,2021-01-15,1933,20248,717,11465,1216,8783,0,0,1582,13330,350,3456,1583,16786,California
Placer,2021-01-16,1467,21715,716,12181,751,9534,0,0,1346,14556,121,3577,1347,18133,California
Placer,2021-01-17,562,22277,395,12576,167,9701,0,0,429,14852,133,3710,429,18562,California
Placer,2021-01-18,992,23269,554,13130,438,10139,0,0,751,15363,241,3951,752,19314,California
Placer,2021-01-19,2626,25895,1962,15092,664,10803,0,0,2172,17081,454,4405,2172,21486,California
Placer,2021-01-20,2279,28174,1707,16799,572,11375,0,0,1948,18699,331,4736,1949,23435,California
Placer,2021-01-21,2561,30735,1120,17919,1441,12816,0,0,2169,20478,391,5127,2170,25605,California
Placer,2021-01-22,2352,33087,645,18564,1707,14523,0,0,2178,22485,172,5299,2179,27784,California
Placer,2021-01-23,1189,34276,380,18944,809,15332,0,0,1034,23364,155,5454,1034,28818,California
Placer,2021-01-24,503,34779,259,19203,244,15576,0,0,431,23724,72,5526,432,29250,California
Placer,2021-01-25,1680,36459,809,20012,871,16447,0,0,1387,24819,293,5819,1388,30638,California
Placer,2021-01-26,1860,38319,1035,21047,825,17272,0,0,1595,26149,265,6084,1595,32233,California
Placer,2021-01-27,1843,40162,1157,22204,686,17958,0,0,1599,27507,242,6326,1600,33833,California
Placer,2021-01-28,1808,41970,1119,23323,689,18647,0,0,1559,28819,247,6573,1559,35392,California
Placer,2021-01-29,1898,43868,1172,24495,726,19373,0,0,1706,30336,191,6764,1708,37100,California
Placer,2021-01-30,1727,45595,972,25467,755,20128,0,0,1606,31822,120,6884,1606,38706,California
Placer,2021-01-31,783,46378,626,26093,157,20285,0,0,715,32470,68,6952,716,39422,California
Placer,2021-02-01,2074,48452,1094,27187,980,21265,0,0,1760,33916,314,7266,1760,41182,California
Placer,2021-02-02,2386,50838,1546,28733,840,22105,0,0,1893,35319,490,7756,1893,43075,California
Placer,2021-02-03,2922,53760,1881,30614,1041,23146,0,0,2296,36993,622,8378,2296,45371,California
Placer,2021-02-04,2761,56521,1191,31805,1570,24716,0,0,1936,38109,821,9199,1937,47308,California
Placer,2021-02-05,2734,59255,1215,33020,1519,26235,0,0,1403,38186,1326,10525,1403,48711,California
Placer,2021-02-06,1964,61219,1323,34343,641,26876,0,0,1417,39056,547,11072,1417,50128,California
Placer,2021-02-07,1222,62441,911,35254,311,27187,0,0,938,39711,283,11355,938,51066,California
Placer,2021-02-08,3299,65740,1765,37019,1534,28721,0,0,1942,40304,1350,12705,1943,53009,California
Placer,2021-02-09,3553,69293,2179,39198,1374,30095,0,0,1646,40045,1905,14610,1646,54655,California
Placer,2021-02-10,3766,73059,2205,41403,1561,31656,0,0,1758,39800,2005,16615,1760,56415,California
Placer,2021-02-11,3703,76762,1912,43315,1791,33447,0,0,1575,39261,2115,18730,1576,57991,California
Placer,2021-02-12,2856,79618,1330,44645,1526,34973,0,0,1666,39775,1153,19883,1667,59658,California
Placer,2021-02-13,2531,82149,1474,46119,1057,36030,0,0,1890,41024,641,20524,1890,61548,California
Placer,2021-02-14,1086,83235,678,46797,408,36438,0,0,738,41416,346,20870,738,62286,California
Placer,2021-02-15,2254,85489,1049,47846,1205,37643,0,0,1537,42237,717,21587,1538,63824,California
Placer,2021-02-16,3583,89072,1786,49632,1797,39440,0,0,1592,41848,1982,23569,1593,65417,California
Placer,2021-02-17,3547,92619,1968,51600,1579,41019,0,0,1513,41331,2030,25599,1513,66930,California
Placer,2021-02-18,3801,96420,2052,53652,1749,42768,0,0,1616,40772,2176,27775,1617,68547,California
Placer,2021-02-19,3601,100021,1920,55572,1681,44449,0,0,1339,39855,2257,30032,1340,69887,California
Placer,2021-02-20,2010,102031,1263,56835,747,45196,0,0,917,39688,1087,31119,920,70807,California
Placer,2021-02-21,975,103006,729,57564,246,45442,0,0,279,39275,693,31812,280,71087,California
Placer,2021-02-22,2528,105534,1777,59341,751,46193,0,0,605,37958,1922,33734,605,71692,California
Placer,2021-02-23,2569,108103,1592,60933,977,47170,0,0,885,37160,1683,35417,885,72577,California
Placer,2021-02-24,3299,111402,1182,62115,2117,49287,0,0,1797,37467,1492,36909,1799,74376,California
Placer,2021-02-25,3641,115043,1525,63640,2116,51403,0,0,1970,37776,1663,38572,1972,76348,California
Placer,2021-02-26,4100,119143,2373,66013,1727,53130,0,0,2352,38384,1744,40316,2352,78700,California
Placer,2021-02-27,2822,121965,1496,67509,1326,54456,0,0,1447,38465,1369,41685,1450,80150,California
Placer,2021-02-28,1405,123370,799,68308,606,55062,0,0,588,38241,812,42497,588,80738,California
Placer,2021-03-01,3006,126376,1993,70301,1013,56075,0,0,1560,38360,1441,43938,1560,82298,California
Placer,2021-03-02,2888,129264,1780,72081,1108,57183,0,0,1890,39257,993,44931,1890,84188,California
Placer,2021-03-03,3333,132597,1430,73511,1903,59086,0,0,1819,39569,1508,46439,1820,86008,California
Placer,2021-03-04,3634,136231,1460,74971,2174,61260,0,0,1897,39742,1725,48164,1898,87906,California
Placer,2021-03-05,3016,139247,1039,76010,1956,63216,21,21,1813,40376,1200,49364,1834,89740,California
Placer,2021-03-06,2437,141684,1507,77517,834,64050,96,117,938,39920,1490,50854,1034,90774,California
Placer,2021-03-07,1306,142990,759,78276,509,64559,38,155,537,39729,766,51620,575,91349,California
Placer,2021-03-08,2914,145904,1832,80108,969,65528,113,268,1651,40232,1261,52881,1764,93113,California
Placer,2021-03-09,3191,149095,1696,81804,1403,66931,92,360,1825,40786,1363,54244,1917,95030,California
Placer,2021-03-10,3301,152396,1335,83139,1859,68790,107,467,1717,41031,1579,55823,1824,96854,California
Placer,2021-03-11,3645,156041,1652,84791,1867,70657,126,593,1748,41021,1887,57710,1877,98731,California
Placer,2021-03-12,3688,159729,1492,86283,1414,72071,782,1375,1259,40641,2423,60133,2043,100774,California
Placer,2021-03-13,2116,161845,744,87027,1253,73324,119,1494,1117,40883,996,61129,1238,102012,California
Placer,2021-03-14,1643,163488,674,87701,820,74144,149,1643,894,41177,749,61878,1043,103055,California
Placer,2021-03-15,3188,166676,1537,89238,1519,75663,132,1775,1765,41654,1421,63299,1898,104953,California
Placer,2021-03-16,3571,170247,1917,91155,1521,77184,133,1908,2284,42796,1276,64575,2418,107371,California
Placer,2021-03-17,3439,173686,1738,92893,1602,78786,99,2007,2217,43895,1219,65794,2318,109689,California
Placer,2021-03-18,4100,177786,2328,95221,1733,80519,39,2046,2866,45572,1227,67021,2904,112593,California
Placer,2021-03-19,3448,181234,2074,97295,1110,81629,264,2310,2200,46795,1240,68261,2463,115056,California
Placer,2021-03-20,2146,183380,900,98195,1149,82778,97,2407,1305,47360,836,69097,1401,116457,California
Placer,2021-03-21,1258,184638,577,98772,671,83449,10,2417,948,48011,307,69404,958,117415,California
Placer,2021-03-22,3274,187912,2107,100879,1077,84526,90,2507,2188,49207,1082,70486,2278,119693,California
Placer,2021-03-23,3534,191446,2103,102982,1340,85866,91,2598,2521,50812,1008,71494,2613,122306,California
Placer,2021-03-24,3794,195240,2002,104984,1695,87561,97,2695,1950,51038,1822,73316,2048,124354,California
Placer,2021-03-25,3856,199096,1865,106849,1893,89454,98,2793,1789,50868,2056,75372,1886,126240,California
Placer,2021-03-26,3779,202875,1673,108522,1875,91329,231,3024,1589,50513,2175,77547,1820,128060,California
Placer,2021-03-27,1593,204468,471,108993,1103,92432,19,3043,648,50242,938,78485,667,128727,California
Placer,2021-03-28,1110,205578,530,109523,570,93002,10,3053,364,49875,741,79226,374,129101,California
Placer,2021-03-29,3580,209158,2000,111523,1546,94548,34,3087,1736,49815,1835,81061,1775,130876,California
Placer,2021-03-30,3975,213133,2096,113619,1836,96384,43,3130,2082,50060,1879,82940,2124,133000,California
Placer,2021-03-31,4098,217231,1831,115450,2192,98576,75,3205,1691,49425,2400,85340,1765,134765,California
Placer,2021-04-01,2984,220215,1437,116887,1500,100076,47,3252,1666,49822,1316,86656,1713,136478,California
Placer,2021-04-02,2853,223068,1461,118348,1328,101404,64,3316,1599,50237,1247,87903,1662,138140,California
Placer,2021-04-03,1856,224924,988,119336,739,102143,129,3445,892,50302,956,88859,1021,139161,California
Placer,2021-04-04,712,225636,362,119698,297,102440,53,3498,286,50219,422,89281,339,139500,California
Placer,2021-04-05,3012,228648,1904,121602,924,103364,184,3682,1754,50906,1252,90533,1939,141439,California
Placer,2021-04-06,4294,232942,2480,124082,1513,104877,301,3983,1532,49983,2756,93289,1833,143272,California
Placer,2021-04-07,4537,237479,2586,126668,1490,106367,461,4444,2076,50065,2455,95744,2537,145809,California
Placer,2021-04-08,4713,242192,2602,129270,1565,107932,546,4990,1584,49084,3117,98861,2136,147945,California
Placer,2021-04-09,4131,246323,2274,131544,1237,109169,620,5610,1237,48063,2886,101747,1865,149810,California
Placer,2021-04-10,2027,248350,880,132424,963,110132,184,5794,867,47956,1157,102904,1050,150860,California
Placer,2021-04-11,1355,249705,532,132956,790,110922,33,5827,455,47547,896,103800,487,151347,California
Placer,2021-04-12,4096,253801,2644,135600,1072,111994,380,6207,2459,48757,1628,105428,2838,154185,California
Placer,2021-04-13,4343,258144,2993,138593,1349,113343,1,6208,2188,48795,2151,107579,2189,156374,California
Placer,2021-04-14,4133,262277,2569,141162,1563,114906,1,6209,1849,48369,2275,109854,1849,158223,California
Placer,2021-04-15,4492,266769,2507,143669,1984,116890,1,6210,2346,48580,2136,111990,2347,160570,California
Placer,2021-04-16,3681,270450,2190,145859,1491,118381,0,6210,1436,47777,2239,114229,1436,162006,California
Placer,2021-04-17,2426,272876,842,146701,1584,119965,0,6210,1518,48392,903,115132,1518,163524,California
Placer,2021-04-18,1183,274059,255,146956,928,120893,0,6210,409,48029,772,115904,409,163933,California
Placer,2021-04-19,2941,277000,1810,148766,1131,122024,0,6210,1171,47434,1767,117671,1172,165105,California
Placer,2021-04-20,3796,280796,2463,151229,1333,123357,0,6210,2421,48488,1367,119038,2421,167526,California
Placer,2021-04-21,3663,284459,2401,153630,1261,124618,1,6211,2388,49605,1272,120310,2389,169915,California
Placer,2021-04-22,3659,288118,2262,155892,1397,126015,0,6211,1743,49436,1912,122222,1743,171658,California
Placer,2021-04-23,3512,291630,2329,158221,1182,127197,1,6212,1374,48680,2131,124353,1375,173033,California
Placer,2021-04-24,2087,293717,1267,159488,819,128016,1,6213,1224,49049,855,125208,1224,174257,California
Placer,2021-04-25,910,294627,501,159989,409,128425,0,6213,562,49263,348,125556,562,174819,California
Placer,2021-04-26,2354,296981,1248,161237,1083,129508,23,6236,1155,49251,1189,126745,1177,175996,California
Placer,2021-04-27,2644,299625,1376,162613,1233,130741,35,6271,1526,49699,1114,127859,1562,177558,California
Placer,2021-04-28,2918,302543,1811,164424,1070,131811,37,6308,1522,49871,1387,129246,1559,179117,California
Placer,2021-04-29,3260,305803,2070,166494,1137,132948,53,6361,1310,49290,1944,131190,1363,180480,California
Placer,2021-04-30,2986,308789,1804,168298,1133,134081,49,6410,1190,48739,1790,132980,1239,181719,California
Placer,2021-05-01,1334,310123,936,169234,374,134455,24,6434,611,48656,717,133697,634,182353,California
Placer,2021-05-02,714,310837,552,169786,141,134596,21,6455,331,48627,381,134078,352,182705,California
Placer,2021-05-03,1608,312445,992,170778,550,135146,66,6521,437,47962,1167,135245,502,183207,California
Placer,2021-05-04,2297,314742,1296,172074,834,135980,167,6688,862,47562,1429,136674,1029,184236,California
Placer,2021-05-05,3669,318411,2475,174549,1088,137068,106,6794,970,45945,2693,139367,1076,185312,California
Placer,2021-05-06,3092,321503,1893,176442,1123,138191,76,6870,812,44579,2254,141621,888,186200,California
Placer,2021-05-07,2804,324307,1886,178328,826,139017,92,6962,787,43451,2007,143628,879,187079,California
Placer,2021-05-08,1330,325637,706,179034,582,139599,42,7004,391,42945,937,144565,431,187510,California
Placer,2021-05-09,439,326076,202,179236,216,139815,21,7025,217,42960,222,144787,237,187747,California
Placer,2021-05-10,1929,328005,1030,180266,802,140617,97,7122,433,41998,1492,146279,530,188277,California
Placer,2021-05-11,2812,330817,2033,182299,675,141292,104,7226,582,40464,2220,148499,686,188963,California
Placer,2021-05-12,2773,333590,1925,184224,800,142092,48,7274,659,39064,2108,150607,708,189671,California
Placer,2021-05-13,2700,336290,1748,185972,904,142996,48,7322,954,38321,1744,152351,1001,190672,California
Placer,2021-05-14,2743,339033,1807,187779,806,143802,130,7452,1334,38385,1397,153748,1461,192133,California
Placer,2021-05-15,2054,341087,1347,189126,684,144486,23,7475,908,38176,1140,154888,931,193064,California
Placer,2021-05-16,1003,342090,520,189646,465,144951,18,7493,338,37869,663,155551,356,193420,California
Placer,2021-05-17,2333,344423,1552,191198,715,145666,66,7559,1032,37671,1296,156847,1098,194518,California
Placer,2021-05-18,2483,346906,1661,192859,742,146408,80,7639,1127,37526,1351,158198,1206,195724,California
Placer,2021-05-19,2503,349409,1584,194443,874,147282,45,7684,929,36931,1569,159767,974,196698,California
Placer,2021-05-20,2253,351662,1486,195929,735,148017,32,7716,857,36428,1390,161157,887,197585,California
Placer,2021-05-21,2164,353826,1367,197296,659,148676,138,7854,952,36312,1204,162361,1088,198673,California
Placer,2021-05-22,1377,355203,961,198257,379,149055,37,7891,691,36358,682,163043,728,199401,California
Placer,2021-05-23,369,355572,223,198480,132,149187,14,7905,206,36417,161,163204,220,199621,California
Placer,2021-05-24,1463,357035,734,199214,613,149800,116,8021,467,36009,991,164195,583,200204,California
Placer,2021-05-25,1779,358814,944,200158,735,150535,100,8121,659,35652,1116,165311,759,200963,California
Placer,2021-05-26,1460,360274,848,201006,582,151117,30,8151,563,35354,892,166203,594,201557,California
Placer,2021-05-27,555,360829,229,201235,304,151421,22,8173,168,35163,381,166584,190,201747,California
Plumas,2020-12-18,4,4,4,4,0,0,0,0,4,4,0,0,4,4,California
Plumas,2020-12-19,1,5,1,5,0,0,0,0,1,5,0,0,1,5,California
Plumas,2020-12-21,45,50,45,50,0,0,0,0,45,50,0,0,45,50,California
Plumas,2020-12-22,93,143,93,143,0,0,0,0,93,143,0,0,93,143,California
Plumas,2020-12-23,50,193,50,193,0,0,0,0,50,193,0,0,50,193,California
Plumas,2020-12-24,6,199,6,199,0,0,0,0,6,199,0,0,6,199,California
Plumas,2020-12-28,8,207,0,199,8,8,0,0,8,207,0,0,8,207,California
Plumas,2020-12-29,32,239,22,221,10,18,0,0,32,239,0,0,32,239,California
Plumas,2020-12-30,23,262,1,222,22,40,0,0,23,262,0,0,23,262,California
Plumas,2020-12-31,4,266,1,223,3,43,0,0,4,266,0,0,4,266,California
Plumas,2021-01-04,10,276,4,227,6,49,0,0,10,276,0,0,10,276,California
Plumas,2021-01-05,22,298,2,229,20,69,0,0,22,298,0,0,22,298,California
Plumas,2021-01-06,123,421,5,234,118,187,0,0,123,421,0,0,123,421,California
Plumas,2021-01-07,53,474,2,236,51,238,0,0,52,472,1,1,52,473,California
Plumas,2021-01-08,12,486,5,241,7,245,0,0,8,476,4,5,8,481,California
Plumas,2021-01-09,2,488,2,243,0,245,0,0,1,476,1,6,1,482,California
Plumas,2021-01-11,58,546,50,293,8,253,0,0,11,440,47,53,11,493,California
Plumas,2021-01-12,156,702,87,380,69,322,0,0,71,426,85,138,71,564,California
Plumas,2021-01-13,56,758,50,430,6,328,0,0,10,390,46,184,10,574,California
Plumas,2021-01-14,98,856,14,444,84,412,0,0,93,478,5,189,93,667,California
Plumas,2021-01-15,63,919,7,451,56,468,0,0,61,537,2,191,61,728,California
Plumas,2021-01-16,58,977,1,452,57,525,0,0,58,595,0,191,58,786,California
Plumas,2021-01-18,2,979,1,453,1,526,0,0,2,597,0,191,2,788,California
Plumas,2021-01-19,36,1015,5,458,31,557,0,0,32,625,4,195,32,820,California
Plumas,2021-01-20,121,1136,3,461,118,675,0,0,119,742,2,197,119,939,California
Plumas,2021-01-21,112,1248,2,463,110,785,0,0,112,854,0,197,112,1051,California
Plumas,2021-01-22,5,1253,1,464,4,789,0,0,5,859,0,197,5,1056,California
Plumas,2021-01-23,93,1346,2,466,91,880,0,0,93,952,0,197,93,1149,California
Plumas,2021-01-24,1,1347,1,467,0,880,0,0,1,953,0,197,1,1150,California
Plumas,2021-01-25,10,1357,7,474,3,883,0,0,7,957,3,200,7,1157,California
Plumas,2021-01-26,60,1417,2,476,58,941,0,0,52,1001,8,208,52,1209,California
Plumas,2021-01-27,25,1442,20,496,5,946,0,0,5,986,20,228,5,1214,California
Plumas,2021-01-28,23,1465,0,496,23,969,0,0,21,1005,2,230,21,1235,California
Plumas,2021-01-29,8,1473,2,498,6,975,0,0,7,1011,1,231,7,1242,California
Plumas,2021-01-30,8,1481,4,502,4,979,0,0,7,1017,1,232,7,1249,California
Plumas,2021-01-31,3,1484,3,505,0,979,0,0,3,1020,0,232,3,1252,California
Plumas,2021-02-01,16,1500,2,507,14,993,0,0,8,1020,8,240,8,1260,California
Plumas,2021-02-02,21,1521,2,509,19,1012,0,0,2,1003,19,259,2,1262,California
Plumas,2021-02-03,128,1649,8,517,120,1132,0,0,13,902,114,373,13,1275,California
Plumas,2021-02-04,102,1751,8,525,94,1226,0,0,23,846,79,452,23,1298,California
Plumas,2021-02-05,24,1775,11,536,13,1239,0,0,9,840,15,467,9,1307,California
Plumas,2021-02-06,7,1782,0,536,7,1246,0,0,7,847,0,467,7,1314,California
Plumas,2021-02-08,15,1797,6,542,9,1255,0,0,3,838,12,479,3,1317,California
Plumas,2021-02-09,172,1969,2,544,170,1425,0,0,112,890,60,539,112,1429,California
Plumas,2021-02-10,91,2060,9,553,82,1507,0,0,82,964,9,548,83,1512,California
Plumas,2021-02-11,323,2383,7,560,316,1823,0,0,263,1167,60,608,263,1775,California
Plumas,2021-02-12,124,2507,4,564,120,1943,0,0,118,1279,6,614,118,1893,California
Plumas,2021-02-13,75,2582,5,569,70,2013,0,0,15,1234,60,674,15,1908,California
Plumas,2021-02-14,8,2590,5,574,3,2016,0,0,8,1242,0,674,8,1916,California
Plumas,2021-02-15,26,2616,5,579,21,2037,0,0,23,1262,3,677,23,1939,California
Plumas,2021-02-16,77,2693,4,583,73,2110,0,0,14,1213,63,740,14,1953,California
Plumas,2021-02-17,136,2829,5,588,131,2241,0,0,12,1101,124,864,12,1965,California
Plumas,2021-02-18,129,2958,6,594,123,2364,0,0,20,1013,109,973,21,1986,California
Plumas,2021-02-19,42,3000,5,599,37,2401,0,0,7,985,35,1008,7,1993,California
Plumas,2021-02-20,105,3105,7,606,98,2499,0,0,13,906,92,1100,13,2006,California
Plumas,2021-02-21,6,3111,5,611,1,2500,0,0,2,904,4,1104,2,2008,California
Plumas,2021-02-22,3,3114,1,612,2,2502,0,0,0,901,3,1107,0,2008,California
Plumas,2021-02-23,25,3139,5,617,20,2522,0,0,17,910,8,1115,17,2025,California
Plumas,2021-02-24,458,3597,7,624,451,2973,0,0,445,1342,13,1128,445,2470,California
Plumas,2021-02-25,230,3827,10,634,220,3193,0,0,169,1450,61,1189,169,2639,California
Plumas,2021-02-26,267,4094,8,642,259,3452,0,0,259,1702,8,1197,260,2899,California
Plumas,2021-02-27,40,4134,4,646,36,3488,0,0,33,1728,7,1204,33,2932,California
Plumas,2021-02-28,1,4135,0,646,1,3489,0,0,1,1729,0,1204,1,2933,California
Plumas,2021-03-01,14,4149,3,649,11,3500,0,0,8,1732,5,1209,8,2941,California
Plumas,2021-03-02,10,4159,1,650,9,3509,0,0,7,1736,3,1212,7,2948,California
Plumas,2021-03-03,152,4311,8,658,144,3653,0,0,137,1858,15,1227,137,3085,California
Plumas,2021-03-04,252,4563,9,667,243,3896,0,0,230,2066,22,1249,230,3315,California
Plumas,2021-03-05,400,4963,7,674,388,4284,5,5,389,2449,11,1260,394,3709,California
Plumas,2021-03-06,19,4982,2,676,9,4293,8,13,3,2444,16,1276,11,3720,California
Plumas,2021-03-07,14,4996,3,679,2,4295,9,22,4,2447,10,1286,13,3733,California
Plumas,2021-03-08,29,5025,3,682,2,4297,24,46,3,2448,26,1312,27,3760,California
Plumas,2021-03-09,133,5158,2,684,116,4413,15,61,18,2366,115,1427,33,3793,California
Plumas,2021-03-10,255,5413,3,687,239,4652,13,74,107,2339,147,1574,120,3913,California
Plumas,2021-03-11,179,5592,8,695,166,4818,5,79,144,2453,35,1609,149,4062,California
Plumas,2021-03-12,594,6186,4,699,303,5121,287,366,23,2192,571,2180,310,4372,California
Plumas,2021-03-13,25,6211,4,703,10,5131,11,377,4,2186,21,2201,15,4387,California
Plumas,2021-03-14,12,6223,3,706,4,5135,5,382,1,2182,10,2211,6,4393,California
Plumas,2021-03-15,30,6253,0,706,23,5158,7,389,5,2169,25,2236,12,4405,California
Plumas,2021-03-16,60,6313,3,709,56,5214,1,390,49,2208,11,2247,50,4455,California
Plumas,2021-03-17,73,6386,9,718,63,5277,1,391,58,2253,14,2261,59,4514,California
Plumas,2021-03-18,61,6447,6,724,39,5316,16,407,12,2232,49,2310,28,4542,California
Plumas,2021-03-19,164,6611,6,730,156,5472,2,409,155,2383,7,2317,158,4700,California
Plumas,2021-03-20,695,7306,4,734,690,6162,1,410,674,3039,19,2336,675,5375,California
Plumas,2021-03-21,2,7308,1,735,1,6163,0,410,1,3040,0,2336,1,5376,California
Plumas,2021-03-22,182,7490,2,737,180,6343,0,410,175,3208,7,2343,175,5551,California
Plumas,2021-03-23,27,7517,2,739,25,6368,0,410,13,3207,14,2357,13,5564,California
Plumas,2021-03-24,655,8172,6,745,648,7016,1,411,224,3002,430,2787,225,5789,California
Plumas,2021-03-25,302,8474,7,752,293,7309,2,413,158,3016,144,2931,158,5947,California
Plumas,2021-03-26,315,8789,9,761,306,7615,0,413,46,2794,268,3199,46,5993,California
Plumas,2021-03-27,13,8802,1,762,11,7626,1,414,3,2788,10,3209,4,5997,California
Plumas,2021-03-28,6,8808,4,766,1,7627,1,415,3,2789,3,3212,4,6001,California
Plumas,2021-03-29,12,8820,4,770,7,7634,1,416,4,2786,8,3220,5,6006,California
Plumas,2021-03-30,154,8974,3,773,150,7784,1,417,24,2681,130,3350,25,6031,California
Plumas,2021-03-31,289,9263,3,776,285,8069,1,418,268,2929,21,3371,269,6300,California
Plumas,2021-04-01,298,9561,10,786,287,8356,1,419,60,2753,236,3607,60,6360,California
Plumas,2021-04-02,375,9936,4,790,370,8726,1,420,29,2448,335,3942,30,6390,California
Plumas,2021-04-03,16,9952,3,793,5,8731,8,428,4,2448,12,3954,12,6402,California
Plumas,2021-04-04,3,9955,1,794,1,8732,1,429,0,2446,3,3957,1,6403,California
Plumas,2021-04-05,11,9966,4,798,6,8738,1,430,4,2444,7,3964,5,6408,California
Plumas,2021-04-06,121,10087,6,804,89,8827,26,456,14,2377,107,4071,40,6448,California
Plumas,2021-04-07,282,10369,7,811,99,8926,176,632,28,2327,254,4325,204,6652,California
Plumas,2021-04-08,150,10519,3,814,132,9058,15,647,34,2260,115,4440,48,6700,California
Plumas,2021-04-09,51,10570,10,824,25,9083,16,663,19,2262,32,4472,34,6734,California
Plumas,2021-04-10,23,10593,2,826,5,9088,16,679,5,2265,18,4490,21,6755,California
Plumas,2021-04-11,3,10596,2,828,0,9088,1,680,2,2267,1,4491,3,6758,California
Plumas,2021-04-12,11,10607,5,833,3,9091,3,683,7,2273,4,4495,10,6768,California
Plumas,2021-04-13,207,10814,5,838,202,9293,0,683,139,2344,68,4563,139,6907,California
Plumas,2021-04-14,109,10923,8,846,101,9394,0,683,55,2345,54,4617,55,6962,California
Plumas,2021-04-15,50,10973,2,848,48,9442,0,683,32,2359,18,4635,32,6994,California
Plumas,2021-04-16,142,11115,2,850,140,9582,0,683,2,2221,140,4775,2,6996,California
Plumas,2021-04-17,668,11783,2,852,666,10248,0,683,20,1595,646,5421,20,7016,California
Plumas,2021-04-18,4,11787,3,855,1,10249,0,683,1,1593,3,5424,1,7017,California
Plumas,2021-04-19,38,11825,3,858,35,10284,0,683,5,1565,33,5457,5,7022,California
Plumas,2021-04-20,42,11867,5,863,37,10321,0,683,26,1576,15,5472,26,7048,California
Plumas,2021-04-21,310,12177,5,868,304,10625,1,684,17,1300,293,5765,17,7065,California
Plumas,2021-04-22,273,12450,7,875,266,10891,0,684,131,1289,142,5907,131,7196,California
Plumas,2021-04-23,72,12522,5,880,67,10958,0,684,16,1249,56,5963,16,7212,California
Plumas,2021-04-24,172,12694,5,885,167,11125,0,684,146,1370,25,5988,146,7358,California
Plumas,2021-04-26,29,12723,4,889,25,11150,0,684,8,1358,20,6008,8,7366,California
Plumas,2021-04-27,87,12810,3,892,84,11234,0,684,51,1373,36,6044,51,7417,California
Plumas,2021-04-28,284,13094,4,896,280,11514,0,684,38,1166,245,6289,38,7455,California
Plumas,2021-04-29,172,13266,69,965,103,11617,0,684,118,1230,54,6343,118,7573,California
Plumas,2021-04-30,23,13289,11,976,12,11629,0,684,7,1221,16,6359,7,7580,California
Plumas,2021-05-01,2,13291,1,977,0,11629,1,685,0,1220,2,6361,1,7581,California
Plumas,2021-05-02,2,13293,2,979,0,11629,0,685,1,1220,1,6362,1,7582,California
Plumas,2021-05-03,17,13310,7,986,4,11633,6,691,6,1221,11,6373,12,7594,California
Plumas,2021-05-04,29,13339,3,989,20,11653,6,697,16,1231,12,6385,22,7616,California
Plumas,2021-05-05,49,13388,6,995,42,11695,1,698,22,1227,27,6412,23,7639,California
Plumas,2021-05-06,56,13444,2,997,49,11744,5,703,15,1206,41,6453,20,7659,California
Plumas,2021-05-07,22,13466,5,1002,16,11760,1,704,8,1201,14,6467,9,7668,California
Plumas,2021-05-08,6,13472,0,1002,4,11764,2,706,4,1205,2,6469,6,7674,California
Plumas,2021-05-10,50,13522,1,1003,26,11790,23,729,22,1222,28,6497,45,7719,California
Plumas,2021-05-11,163,13685,3,1006,141,11931,19,748,14,1106,149,6646,33,7752,California
Plumas,2021-05-12,98,13783,2,1008,89,12020,7,755,37,1090,60,6706,44,7796,California
Plumas,2021-05-13,35,13818,4,1012,29,12049,2,757,13,1083,22,6728,15,7811,California
Plumas,2021-05-14,19,13837,3,1015,11,12060,5,762,9,1087,10,6738,14,7825,California
Plumas,2021-05-15,10,13847,4,1019,4,12064,2,764,4,1087,6,6744,6,7831,California
Plumas,2021-05-16,2,13849,1,1020,1,12065,0,764,1,1087,1,6745,1,7832,California
Plumas,2021-05-17,13,13862,0,1020,4,12069,9,773,4,1091,9,6754,13,7845,California
Plumas,2021-05-18,42,13904,7,1027,34,12103,1,774,22,1094,20,6774,23,7868,California
Plumas,2021-05-19,45,13949,3,1030,28,12131,14,788,11,1086,34,6808,26,7894,California
Plumas,2021-05-20,188,14137,133,1163,44,12175,11,799,78,1065,110,6918,89,7983,California
Plumas,2021-05-21,28,14165,8,1171,15,12190,5,804,15,1072,13,6931,20,8003,California
Plumas,2021-05-22,136,14301,1,1172,135,12325,0,804,5,947,130,7061,5,8008,California
Plumas,2021-05-23,2,14303,2,1174,0,12325,0,804,1,947,1,7062,1,8009,California
Plumas,2021-05-24,52,14355,39,1213,12,12337,1,805,42,980,10,7072,43,8052,California
Plumas,2021-05-25,63,14418,4,1217,58,12395,1,806,16,950,47,7119,17,8069,California
Plumas,2021-05-26,38,14456,5,1222,26,12421,7,813,16,951,22,7141,23,8092,California
Plumas,2021-05-27,81,14537,23,1245,48,12469,10,823,29,940,51,7192,40,8132,California
Riverside,2020-12-15,5,5,5,5,0,0,0,0,5,5,0,0,5,5,California
Riverside,2020-12-16,69,74,69,74,0,0,0,0,69,74,0,0,69,74,California
Riverside,2020-12-17,810,884,810,884,0,0,0,0,810,884,0,0,810,884,California
Riverside,2020-12-18,1729,2613,1728,2612,1,1,0,0,1729,2613,0,0,1729,2613,California
Riverside,2020-12-19,1027,3640,1024,3636,3,4,0,0,1025,3637,1,1,1025,3638,California
Riverside,2020-12-20,1084,4724,1083,4719,1,5,0,0,1084,4721,0,1,1084,4722,California
Riverside,2020-12-21,2278,7002,2276,6995,2,7,0,0,2278,6999,0,1,2278,7000,California
Riverside,2020-12-22,2260,9262,2221,9216,39,46,0,0,2259,9258,0,1,2259,9259,California
Riverside,2020-12-23,2150,11412,1808,11024,342,388,0,0,2151,11409,0,1,2151,11410,California
Riverside,2020-12-24,828,12240,626,11650,202,590,0,0,828,12237,0,1,828,12238,California
Riverside,2020-12-25,28,12268,5,11655,23,613,0,0,28,12265,0,1,28,12266,California
Riverside,2020-12-26,404,12672,257,11912,147,760,0,0,404,12669,0,1,404,12670,California
Riverside,2020-12-27,367,13039,245,12157,122,882,0,0,367,13036,0,1,367,13037,California
Riverside,2020-12-28,1635,14674,1130,13287,505,1387,0,0,1636,14672,0,1,1636,14673,California
Riverside,2020-12-29,1735,16409,968,14255,767,2154,0,0,1735,16407,0,1,1735,16408,California
Riverside,2020-12-30,2574,18983,1679,15934,895,3049,0,0,2573,18980,0,1,2573,18981,California
Riverside,2020-12-31,1022,20005,395,16329,627,3676,0,0,1024,20004,0,1,1024,20005,California
Riverside,2021-01-01,118,20123,46,16375,72,3748,0,0,118,20122,0,1,118,20123,California
Riverside,2021-01-02,833,20956,693,17068,140,3888,0,0,833,20955,0,1,833,20956,California
Riverside,2021-01-03,344,21300,299,17367,45,3933,0,0,343,21298,0,1,343,21299,California
Riverside,2021-01-04,1264,22564,794,18161,470,4403,0,0,1264,22562,0,1,1264,22563,California
Riverside,2021-01-05,1988,24552,1367,19528,621,5024,0,0,1892,24364,90,91,1892,24455,California
Riverside,2021-01-06,2502,27054,1120,20648,1382,6406,0,0,2192,26250,306,397,2192,26647,California
Riverside,2021-01-07,2779,29833,1825,22473,954,7360,0,0,1714,26906,1060,1457,1716,28363,California
Riverside,2021-01-08,4057,33890,2931,25404,1126,8486,0,0,2244,27341,1809,3266,2244,30607,California
Riverside,2021-01-09,2076,35966,845,26249,1231,9717,0,0,1727,28720,348,3614,1727,32334,California
Riverside,2021-01-10,1669,37635,740,26989,929,10646,0,0,1065,29181,604,4218,1065,33399,California
Riverside,2021-01-11,4522,42157,3097,30086,1425,12071,0,0,2786,30234,1734,5952,2787,36186,California
Riverside,2021-01-12,3420,45577,2740,32826,680,12751,0,0,1726,30271,1689,7641,1726,37912,California
Riverside,2021-01-13,4458,50035,2937,35763,1521,14272,0,0,2847,31510,1608,9249,2847,40759,California
Riverside,2021-01-14,5517,55552,1913,37676,3604,17876,0,0,4927,35848,589,9838,4927,45686,California
Riverside,2021-01-15,6094,61646,2023,39699,4071,21947,0,0,5805,41365,288,10126,5805,51491,California
Riverside,2021-01-16,3612,65258,1016,40715,2596,24543,0,0,3366,44486,246,10372,3367,54858,California
Riverside,2021-01-17,3597,68855,585,41300,3012,27555,0,0,3400,47691,195,10567,3400,58258,California
Riverside,2021-01-18,3749,72604,2040,43340,1709,29264,0,0,2741,49424,1008,11575,2741,60999,California
Riverside,2021-01-19,7417,80021,2647,45987,4770,34034,0,0,6297,54602,1120,12695,6298,67297,California
Riverside,2021-01-20,8216,88237,3131,49118,5085,39119,0,0,6557,59516,1647,14342,6561,73858,California
Riverside,2021-01-21,8352,96589,3508,52626,4844,43963,0,0,7700,66564,653,14995,7701,81559,California
Riverside,2021-01-22,8717,105306,2966,55592,5751,49714,0,0,8287,74424,428,15423,8288,89847,California
Riverside,2021-01-23,5893,111199,2360,57952,3533,53247,0,0,5173,78878,720,16143,5174,95021,California
Riverside,2021-01-24,3037,114236,1433,59385,1604,54851,0,0,2822,81488,213,16356,2823,97844,California
Riverside,2021-01-25,7878,122114,4530,63915,3348,58199,0,0,6758,87128,1119,17475,6759,104603,California
Riverside,2021-01-26,9129,131243,5717,69632,3412,61611,0,0,7619,93241,1507,18982,7620,112223,California
Riverside,2021-01-27,10922,142165,6395,76027,4527,66138,0,0,9308,100942,1610,20592,9311,121534,California
Riverside,2021-01-28,11504,153669,6788,82815,4716,70854,0,0,10339,110125,1157,21749,10340,131874,California
Riverside,2021-01-29,11940,165609,7283,90098,4657,75511,0,0,10566,119347,1348,23097,10570,142444,California
Riverside,2021-01-30,9062,174671,4612,94710,4450,79961,0,0,8598,127485,461,23558,8599,151043,California
Riverside,2021-01-31,5165,179836,4252,98962,913,80874,0,0,5035,132395,129,23687,5039,156082,California
Riverside,2021-02-01,10963,190799,6781,105743,4182,85056,0,0,9114,139670,1842,25529,9117,165199,California
Riverside,2021-02-02,9478,200277,4815,110558,4663,89719,0,0,8010,146223,1460,26989,8013,173212,California
Riverside,2021-02-03,12179,212456,5142,115700,7037,96756,0,0,9812,153678,2357,29346,9812,183024,California
Riverside,2021-02-04,13509,225965,5999,121699,7510,104266,0,0,11434,163049,2066,31412,11437,194461,California
Riverside,2021-02-05,14351,240316,5407,127106,8944,113210,0,0,11286,171281,3058,34470,11290,205751,California
Riverside,2021-02-06,7236,247552,4263,131369,2973,116183,0,0,5597,175249,1632,36102,5600,211351,California
Riverside,2021-02-07,2167,249719,798,132167,1369,117552,0,0,1848,176781,317,36419,1849,213200,California
Riverside,2021-02-08,12480,262199,5555,137722,6925,124477,0,0,10173,184666,2292,38711,10177,223377,California
Riverside,2021-02-09,9648,271847,4522,142244,5126,129603,0,0,7700,190432,1939,40650,7705,231082,California
Riverside,2021-02-10,12073,283920,6970,149214,5103,134706,0,0,8902,196182,3160,43810,8910,239992,California
Riverside,2021-02-11,16610,300530,9053,158267,7557,142263,0,0,12089,203787,4499,48309,12104,252096,California
Riverside,2021-02-12,17683,318213,10804,169071,6879,149142,0,0,12797,211754,4842,53151,12809,264905,California
Riverside,2021-02-13,6327,324540,2127,171198,4200,153342,0,0,3105,211674,3206,56357,3126,268031,California
Riverside,2021-02-14,4923,329463,1116,172314,3807,157149,0,0,2179,211113,2740,59097,2179,270210,California
Riverside,2021-02-15,9828,339291,5006,177320,4822,161971,0,0,5404,212109,4415,63512,5411,275621,California
Riverside,2021-02-16,16117,355408,10109,187429,6008,167979,0,0,9250,214508,6859,70371,9258,284879,California
Riverside,2021-02-17,15034,370442,8212,195641,6822,174801,0,0,7449,214395,7572,77943,7459,292338,California
Riverside,2021-02-18,15547,385989,8986,204627,6561,181362,0,0,8022,214928,7503,85446,8036,300374,California
Riverside,2021-02-19,15297,401286,8222,212849,7075,188437,0,0,7222,214102,8056,93502,7230,307604,California
Riverside,2021-02-20,8312,409598,4497,217346,3815,192252,0,0,2167,210144,6128,99630,2170,309774,California
Riverside,2021-02-21,4397,413995,3876,221222,521,192773,0,0,1232,208227,3150,102780,1233,311007,California
Riverside,2021-02-22,12376,426371,7771,228993,4605,197378,0,0,5114,206101,7246,110026,5120,316127,California
Riverside,2021-02-23,11122,437493,7577,236570,3545,200923,0,0,5402,205815,5692,115718,5406,321533,California
Riverside,2021-02-24,14813,452306,8103,244673,6710,207633,0,0,6300,203657,8475,124193,6317,327850,California
Riverside,2021-02-25,17365,469671,7405,252078,9960,217593,0,0,8071,202483,9270,133463,8096,335946,California
Riverside,2021-02-26,18640,488311,6733,258811,11907,229500,0,0,9309,202553,9273,142736,9343,345289,California
Riverside,2021-02-27,12082,500393,5609,264420,6473,235973,0,0,5764,202059,6285,149021,5791,351080,California
Riverside,2021-02-28,4885,505278,3221,267641,1664,237637,0,0,2408,202010,2464,151485,2415,353495,California
Riverside,2021-03-01,14364,519642,6110,273751,8252,245889,2,2,8461,204635,5866,157351,8491,361986,California
Riverside,2021-03-02,15376,535018,7513,281264,7862,253751,1,3,9022,207354,6331,163682,9050,371036,California
Riverside,2021-03-03,16931,551949,8389,289653,8542,262293,0,3,7321,205248,9559,173241,7453,378489,California
Riverside,2021-03-04,18762,570711,7467,297120,11290,273583,5,8,8916,204518,9801,183042,9071,387560,California
Riverside,2021-03-05,18934,589645,7615,304735,11275,284858,44,52,9396,204749,9487,192529,9718,397278,California
Riverside,2021-03-06,9529,599174,5074,309809,3974,288832,481,533,4750,205244,4765,197294,5260,402538,California
Riverside,2021-03-07,4252,603426,2751,312560,1112,289944,389,922,2002,205399,2240,199534,2395,404933,California
Riverside,2021-03-08,11966,615392,4761,317321,6794,296738,411,1333,5335,204581,6611,206145,5793,410726,California
Riverside,2021-03-09,14814,630206,6908,324229,7406,304144,500,1833,5910,202243,8883,215028,6545,417271,California
Riverside,2021-03-10,15919,646125,8522,332751,6470,310614,927,2760,6216,199878,9660,224688,7295,424566,California
Riverside,2021-03-11,19263,665388,9466,342217,7948,318562,1849,4609,7607,197923,11620,236308,9665,434231,California
Riverside,2021-03-12,21214,686602,7953,350170,8521,327083,4740,9349,7130,196081,14046,250354,12204,446435,California
Riverside,2021-03-13,8492,695094,2542,352712,4722,331805,1228,10577,4363,197650,4107,254461,5676,452111,California
Riverside,2021-03-14,4742,699836,1617,354329,1757,333562,1368,11945,2084,198453,2647,257108,3450,455561,California
Riverside,2021-03-15,18703,718539,7867,362196,9166,342728,1670,13615,9212,199987,9448,266556,10982,466543,California
Riverside,2021-03-16,20913,739452,10148,372344,9950,352678,815,14430,11391,202803,9483,276039,12299,478842,California
Riverside,2021-03-17,21342,760794,10959,383303,9324,362002,1059,15489,12824,208264,8481,284520,13942,492784,California
Riverside,2021-03-18,22632,783426,11788,395091,9178,371180,1666,17155,12566,212486,10018,294538,14240,507024,California
Riverside,2021-03-19,24152,807578,12682,407773,10498,381678,972,18127,14104,217939,9991,304529,15444,522468,California
Riverside,2021-03-20,10695,818273,6907,414680,2608,384286,1180,19307,6882,222218,3782,308311,8061,530529,California
Riverside,2021-03-21,3744,822017,2919,417599,559,384845,266,19573,2554,223866,1173,309484,2821,533350,California
Riverside,2021-03-22,16657,838674,9936,427535,6168,391013,553,20126,10599,229012,6004,315488,11150,544500,California
Riverside,2021-03-23,18583,857257,10526,438061,7636,398649,421,20547,11949,234822,6574,322062,12384,556884,California
Riverside,2021-03-24,18770,876027,10471,448532,8179,406828,120,20667,12882,241992,5838,327900,13008,569892,California
Riverside,2021-03-25,21178,897205,11679,460211,9318,416146,181,20848,14197,249466,6910,334810,14384,584276,California
Riverside,2021-03-26,24176,921381,11946,472157,12055,428201,175,21023,15035,255641,9037,343847,15212,599488,California
Riverside,2021-03-27,9335,930716,4905,477062,3377,431578,1053,22076,4819,257021,4493,348340,5873,605361,California
Riverside,2021-03-28,4775,935491,3139,480201,1544,433122,92,22168,2844,258041,1918,350258,2938,608299,California
Riverside,2021-03-29,17688,953179,8456,488657,9111,442233,121,22289,10949,262424,6698,356956,11081,619380,California
Riverside,2021-03-30,18374,971553,9569,498226,8598,450831,207,22496,11720,267739,6614,363570,11929,631309,California
Riverside,2021-03-31,18132,989685,8436,506662,9391,460222,305,22801,11450,272867,6637,370207,11765,643074,California
Riverside,2021-04-01,25576,1015261,12501,519163,12298,472520,777,23578,16516,281163,8997,379204,17293,660367,California
Riverside,2021-04-02,26155,1041416,14081,533244,11125,483645,949,24527,16383,289012,9714,388918,17563,677930,California
Riverside,2021-04-03,9380,1050796,5970,539214,2822,486467,588,25115,6048,292333,3313,392231,6634,684564,California
Riverside,2021-04-04,3398,1054194,2069,541283,1085,487552,244,25359,1720,292630,1668,393899,1965,686529,California
Riverside,2021-04-05,18475,1072669,9462,550745,7153,494705,1860,27219,9946,295949,8489,402388,11808,698337,California
Riverside,2021-04-06,23781,1096450,12364,563109,9285,503990,2132,29351,13259,300866,10471,412859,15388,713725,California
Riverside,2021-04-07,24736,1121186,13298,576407,8927,512917,2511,31862,13714,306123,10978,423837,16235,729960,California
Riverside,2021-04-08,27162,1148348,14927,591334,9267,522184,2968,34830,16544,315082,10557,434394,19516,749476,California
Riverside,2021-04-09,26149,1174497,15373,606707,8334,530518,2442,37272,15943,323342,10162,444556,18422,767898,California
Riverside,2021-04-10,11976,1186473,6725,613432,3858,534376,1393,38665,5228,323256,6705,451261,6619,774517,California
Riverside,2021-04-11,4605,1191078,2734,616166,1249,535625,622,39287,2166,323614,2428,453689,2786,777303,California
Riverside,2021-04-12,20064,1211142,8912,625078,8514,544139,2638,41925,10050,326322,9976,463665,12684,789987,California
Riverside,2021-04-13,19896,1231038,11127,636205,8743,552882,26,41951,11353,329199,8504,472169,11381,801368,California
Riverside,2021-04-14,22031,1253069,12103,648308,9914,562796,14,41965,10761,328775,11203,483372,10779,812147,California
Riverside,2021-04-15,21679,1274748,12177,660485,9494,572290,8,41973,11320,329813,10291,493663,11329,823476,California
Riverside,2021-04-16,24918,1299666,14423,674908,10489,582779,6,41979,11535,328029,13332,506995,11548,835024,California
Riverside,2021-04-17,9860,1309526,6497,681405,3363,586142,0,41979,4956,328102,4890,511885,4963,839987,California
Riverside,2021-04-18,3855,1313381,2807,684212,1041,587183,7,41986,1812,327894,2030,513915,1822,841809,California
Riverside,2021-04-19,19471,1332852,11588,695800,7880,595063,3,41989,6958,322388,12472,526387,6966,848775,California
Riverside,2021-04-20,18875,1351727,9950,705750,8915,603978,10,41999,7729,319024,11105,537492,7741,856516,California
Riverside,2021-04-21,19508,1371235,11085,716835,8414,612392,9,42008,7665,314927,11778,549270,7681,864197,California
Riverside,2021-04-22,23254,1394489,13561,730396,9690,622082,3,42011,8656,309059,14531,563801,8663,872860,California
Riverside,2021-04-23,23334,1417823,13729,744125,9591,631673,14,42025,9149,304104,14126,577927,9171,882031,California
Riverside,2021-04-24,10479,1428302,7310,751435,3167,634840,2,42027,4828,303319,5615,583542,4830,886861,California
Riverside,2021-04-25,4208,1432510,2817,754252,1390,636230,1,42028,2182,303494,2009,585551,2184,889045,California
Riverside,2021-04-26,16486,1448996,10356,764608,6085,642315,45,42073,5522,298139,10926,596477,5571,894616,California
Riverside,2021-04-27,17685,1466681,10144,774752,7379,649694,162,42235,6106,292871,11536,608013,6268,900884,California
Riverside,2021-04-28,16424,1483105,8854,783606,7313,657007,257,42492,5538,287835,10831,618844,5795,906679,California
Riverside,2021-04-29,18684,1501789,11426,795032,6910,663917,348,42840,5376,280310,13247,632091,5722,912401,California
Riverside,2021-04-30,19678,1521467,11337,806369,7962,671879,379,43219,6290,273643,13338,645429,6671,919072,California
Riverside,2021-05-01,6761,1528228,4874,811243,1719,673598,168,43387,2326,271723,4412,649841,2492,921564,California
Riverside,2021-05-02,3346,1531574,2179,813422,959,674557,208,43595,1069,270746,2260,652101,1283,922847,California
Riverside,2021-05-03,17980,1549554,11041,824463,6452,681009,487,44082,4153,261615,13769,665870,4638,927485,California
Riverside,2021-05-04,17250,1566804,10957,835420,5878,686887,415,44497,4880,254602,12307,678177,5294,932779,California
Riverside,2021-05-05,15748,1582552,8917,844337,6478,693365,353,44850,4544,248354,11145,689322,4897,937676,California
Riverside,2021-05-06,17768,1600320,9952,854289,7407,700772,409,45259,4521,240107,13178,702500,4931,942607,California
Riverside,2021-05-07,20292,1620612,11587,865876,8275,709047,430,45689,5352,231022,14864,717364,5779,948386,California
Riverside,2021-05-08,6810,1627422,4529,870405,2053,711100,228,45917,2554,229576,4227,721591,2781,951167,California
Riverside,2021-05-09,2308,1629730,1509,871914,644,711744,155,46072,852,229138,1445,723036,1007,952174,California
Riverside,2021-05-10,10014,1639744,5133,877047,4510,716254,371,46443,2855,225255,7109,730145,3226,955400,California
Riverside,2021-05-11,13539,1653283,8123,885170,4923,721177,493,46936,3690,219668,9771,739916,4184,959584,California
Riverside,2021-05-12,11915,1665198,5810,890980,5829,727006,276,47212,3608,215294,8256,748172,3882,963466,California
Riverside,2021-05-13,13697,1678895,8138,899118,5295,732301,264,47476,4846,211607,8801,756973,5114,968580,California
Riverside,2021-05-14,17706,1696601,11187,910305,5729,738030,790,48266,6920,208595,10720,767693,7708,976288,California
Riverside,2021-05-15,9670,1706271,6925,917230,2350,740380,395,48661,4934,209220,4704,772397,5329,981617,California
Riverside,2021-05-16,3444,1709715,2496,919726,838,741218,110,48771,1688,209273,1743,774140,1796,983413,California
Riverside,2021-05-17,11714,1721429,7560,927286,3816,745034,338,49109,5272,208484,6409,780549,5620,989033,California
Riverside,2021-05-18,15012,1736441,9300,936586,5371,750405,341,49450,6261,206381,8704,789253,6601,995634,California
Riverside,2021-05-19,12112,1748553,7673,944259,4223,754628,216,49666,6008,206550,6056,795309,6225,1001859,California
Riverside,2021-05-20,10146,1758699,6204,950463,3687,758315,255,49921,4456,205615,5649,800958,4714,1006573,California
Riverside,2021-05-21,12340,1771039,7496,957959,4544,762859,300,50221,5207,204036,7087,808045,5508,1012081,California
Riverside,2021-05-22,5497,1776536,3791,961750,1530,764389,176,50397,3067,204879,2401,810446,3244,1015325,California
Riverside,2021-05-23,1477,1778013,1033,962783,372,764761,72,50469,815,205113,653,811099,887,1016212,California
Riverside,2021-05-24,8266,1786279,5296,968079,2664,767425,306,50775,3642,204465,4595,815694,3947,1020159,California
Riverside,2021-05-25,9413,1795692,5632,973711,3528,770953,253,51028,3826,202996,5547,821241,4078,1024237,California
Riverside,2021-05-26,8199,1803891,4968,978679,2929,773882,302,51330,3512,202172,4643,825884,3819,1028056,California
Riverside,2021-05-27,4329,1808220,2263,980942,1914,775796,152,51482,1709,201429,2600,828484,1857,1029913,California
Sacramento,2020-12-15,315,315,315,315,0,0,0,0,315,315,0,0,315,315,California
Sacramento,2020-12-16,646,961,646,961,0,0,0,0,646,961,0,0,646,961,California
Sacramento,2020-12-17,649,1610,649,1610,0,0,0,0,649,1610,0,0,649,1610,California
Sacramento,2020-12-18,970,2580,970,2580,0,0,0,0,970,2580,0,0,970,2580,California
Sacramento,2020-12-19,610,3190,610,3190,0,0,0,0,610,3190,0,0,610,3190,California
Sacramento,2020-12-20,634,3824,634,3824,0,0,0,0,634,3824,0,0,634,3824,California
Sacramento,2020-12-21,1677,5501,1677,5501,0,0,0,0,1678,5502,0,0,1678,5502,California
Sacramento,2020-12-22,2104,7605,2071,7572,33,33,0,0,2104,7606,0,0,2104,7606,California
Sacramento,2020-12-23,2263,9868,2092,9664,171,204,0,0,2263,9869,0,0,2263,9869,California
Sacramento,2020-12-24,1046,10914,834,10498,212,416,0,0,1046,10915,0,0,1046,10915,California
Sacramento,2020-12-25,1,10915,0,10498,1,417,0,0,1,10916,0,0,1,10916,California
Sacramento,2020-12-26,510,11425,291,10789,219,636,0,0,510,11426,0,0,510,11426,California
Sacramento,2020-12-27,355,11780,249,11038,106,742,0,0,355,11781,0,0,355,11781,California
Sacramento,2020-12-28,1909,13689,1328,12366,581,1323,0,0,1908,13688,1,1,1908,13689,California
Sacramento,2020-12-29,1959,15648,1193,13559,766,2089,0,0,1959,15647,0,1,1959,15648,California
Sacramento,2020-12-30,2563,18211,1456,15015,1107,3196,0,0,2564,18211,0,1,2564,18212,California
Sacramento,2020-12-31,1233,19444,696,15711,537,3733,0,0,1234,19445,0,1,1234,19446,California
Sacramento,2021-01-01,81,19525,70,15781,11,3744,0,0,81,19526,0,1,81,19527,California
Sacramento,2021-01-02,568,20093,366,16147,202,3946,0,0,568,20094,0,1,568,20095,California
Sacramento,2021-01-03,412,20505,223,16370,189,4135,0,0,412,20506,0,1,412,20507,California
Sacramento,2021-01-04,1960,22465,847,17217,1113,5248,0,0,1958,22463,1,2,1958,22465,California
Sacramento,2021-01-05,2215,24680,989,18206,1226,6474,0,0,1861,23977,354,356,1868,24333,California
Sacramento,2021-01-06,2727,27407,1617,19823,1110,7584,0,0,1952,25157,772,1128,1952,26285,California
Sacramento,2021-01-07,2839,30246,1508,21331,1331,8915,0,0,1976,26273,860,1988,1976,28261,California
Sacramento,2021-01-08,3303,33549,2095,23426,1208,10123,0,0,2268,27511,1031,3019,2269,30530,California
Sacramento,2021-01-09,1291,34840,796,24222,495,10618,0,0,903,28028,386,3405,903,31433,California
Sacramento,2021-01-10,1247,36087,711,24933,536,11154,0,0,776,28335,470,3875,777,32210,California
Sacramento,2021-01-11,4350,40437,2960,27893,1390,12544,0,0,2410,28818,1939,5814,2422,34632,California
Sacramento,2021-01-12,4583,45020,3199,31092,1384,13928,0,0,2610,29460,1972,7786,2614,37246,California
Sacramento,2021-01-13,3833,48853,2212,33304,1621,15549,0,0,2417,30463,1415,9201,2418,39664,California
Sacramento,2021-01-14,4626,53479,2337,35641,2289,17838,0,0,3705,33251,917,10118,3705,43369,California
Sacramento,2021-01-15,4450,57929,2263,37904,2187,20025,0,0,3729,36260,721,10839,3730,47099,California
Sacramento,2021-01-16,2080,60009,1276,39180,804,20829,0,0,1862,37904,218,11057,1862,48961,California
Sacramento,2021-01-17,1671,61680,977,40157,694,21523,0,0,1492,39220,179,11236,1495,50456,California
Sacramento,2021-01-18,2818,64498,1722,41879,1096,22619,0,0,2243,40890,574,11810,2244,52700,California
Sacramento,2021-01-19,4972,69470,3024,44903,1948,24567,0,0,3738,43396,1234,13044,3740,56440,California
Sacramento,2021-01-20,4812,74282,2849,47752,1963,26530,0,0,3590,45768,1224,14268,3596,60036,California
Sacramento,2021-01-21,5207,79489,3003,50755,2204,28734,0,0,4238,49045,963,15231,4240,64276,California
Sacramento,2021-01-22,5006,84495,2673,53428,2333,31067,0,0,4703,53447,302,15533,4704,68980,California
Sacramento,2021-01-23,3742,88237,1563,54991,2179,33246,0,0,3282,56269,460,15993,3282,72262,California
Sacramento,2021-01-24,1613,89850,1004,55995,609,33855,0,0,1372,57401,241,16234,1373,73635,California
Sacramento,2021-01-25,4422,94272,2167,58162,2255,36110,0,0,2949,58879,1473,17707,2951,76586,California
Sacramento,2021-01-26,4733,99005,2145,60307,2588,38698,0,0,3532,61214,1199,18906,3534,80120,California
Sacramento,2021-01-27,5811,104816,3046,63353,2765,41463,0,0,4200,63808,1608,20514,4202,84322,California
Sacramento,2021-01-28,5386,110202,2729,66082,2657,44120,0,0,4284,66992,1101,21615,4285,88607,California
Sacramento,2021-01-29,5402,115604,2939,69021,2463,46583,0,0,4378,70355,1015,22630,4378,92985,California
Sacramento,2021-01-30,4506,120110,2198,71219,2308,48891,0,0,4077,74005,427,23057,4077,97062,California
Sacramento,2021-01-31,2318,122428,2024,73243,294,49185,0,0,2043,75777,273,23330,2045,99107,California
Sacramento,2021-02-01,5941,128369,3036,76279,2905,52090,0,0,4257,78354,1680,25010,4257,103364,California
Sacramento,2021-02-02,6929,135298,3759,80038,3170,55260,0,0,4799,81043,2112,27122,4801,108165,California
Sacramento,2021-02-03,7148,142446,3603,83641,3545,58805,0,0,5284,84474,1855,28977,5286,113451,California
Sacramento,2021-02-04,7754,150200,3667,87308,4087,62892,0,0,5510,87749,2235,31212,5510,118961,California
Sacramento,2021-02-05,7855,158055,4485,91793,3370,66262,0,0,4918,89756,2914,34126,4921,123882,California
Sacramento,2021-02-06,8482,166537,3487,95280,4995,71257,0,0,7126,95529,1354,35480,7127,131009,California
Sacramento,2021-02-07,4069,170606,2182,97462,1887,73144,0,0,2863,97193,1201,36681,2865,133874,California
Sacramento,2021-02-08,6233,176839,3241,100703,2992,76136,0,0,3897,98758,2332,39013,3897,137771,California
Sacramento,2021-02-09,6773,183612,3556,104259,3217,79353,0,0,3994,99983,2770,41783,3995,141766,California
Sacramento,2021-02-10,7700,191312,4210,108469,3490,82843,0,0,4542,101383,3144,44927,4544,146310,California
Sacramento,2021-02-11,9599,200911,5727,114196,3872,86715,0,0,5509,102819,4075,49002,5511,151821,California
Sacramento,2021-02-12,10682,211593,4143,118339,6539,93254,0,0,6408,105017,4213,53215,6411,158232,California
Sacramento,2021-02-13,7671,219264,2980,121319,4691,97945,0,0,6087,109524,1581,54796,6088,164320,California
Sacramento,2021-02-14,3177,222441,1954,123273,1223,99168,0,0,2087,110527,1088,55884,2091,166411,California
Sacramento,2021-02-15,5994,228435,2046,125319,3948,103116,0,0,4165,112872,1823,57707,4168,170579,California
Sacramento,2021-02-16,9237,237672,4206,129525,5031,108147,0,0,5319,114284,3911,61618,5323,175902,California
Sacramento,2021-02-17,8845,246517,4991,134516,3854,112001,0,0,5146,115744,3688,65306,5148,181050,California
Sacramento,2021-02-18,9560,256077,5721,140237,3839,115840,0,0,5706,117607,3846,69152,5709,186759,California
Sacramento,2021-02-19,10012,266089,6140,146377,3872,119712,0,0,5916,119444,4085,73237,5922,192681,California
Sacramento,2021-02-20,7757,273846,5730,152107,2027,121739,0,0,4696,121087,3055,76292,4698,197379,California
Sacramento,2021-02-21,2977,276823,2365,154472,612,122351,0,0,1043,120202,1928,78220,1043,198422,California
Sacramento,2021-02-22,6198,283021,3754,158226,2444,124795,0,0,2689,119397,3498,81718,2693,201115,California
Sacramento,2021-02-23,7157,290178,4447,162673,2710,127505,0,0,3472,119204,3669,85387,3476,204591,California
Sacramento,2021-02-24,9675,299853,5307,167980,4368,131873,0,0,5266,120081,4393,89780,5270,209861,California
Sacramento,2021-02-25,10935,310788,6237,174217,4698,136571,0,0,6411,121982,4510,94290,6411,216272,California
Sacramento,2021-02-26,13933,324721,6481,180698,7452,144023,0,0,9592,127266,4311,98601,9595,225867,California
Sacramento,2021-02-27,10842,335563,6741,187439,4098,148121,3,3,7970,132390,2849,101450,7973,233840,California
Sacramento,2021-02-28,5644,341207,2245,189684,3399,151520,0,3,2602,131965,3028,104478,2603,236443,California
Sacramento,2021-03-01,8074,349281,3489,193173,4584,156104,1,4,4365,132645,3688,108166,4368,240811,California
Sacramento,2021-03-02,9295,358576,4047,197220,5247,161351,1,5,5720,134811,3558,111724,5724,246535,California
Sacramento,2021-03-03,10967,369543,5020,202240,5944,167295,3,8,6545,136960,4401,116125,6550,253085,California
Sacramento,2021-03-04,13449,382992,6195,208435,7250,174545,4,12,7477,138507,5940,122065,7487,260572,California
Sacramento,2021-03-05,10611,393603,4902,213337,5679,180224,30,42,7054,142055,3536,125601,7084,267656,California
Sacramento,2021-03-06,8116,401719,3116,216453,4878,185102,122,164,4116,142307,3985,129586,4237,271893,California
Sacramento,2021-03-07,7608,409327,2211,218664,5308,190410,89,253,3745,142281,3858,133444,3832,275725,California
Sacramento,2021-03-08,9123,418450,4260,222924,4638,195048,225,478,5978,145349,3133,136577,6201,281926,California
Sacramento,2021-03-09,9601,428051,4563,227487,4747,199795,291,769,5526,147109,4058,140635,5818,287744,California
Sacramento,2021-03-10,11759,439810,7500,234987,3903,203698,356,1125,6872,149485,4853,145488,7229,294973,California
Sacramento,2021-03-11,15042,454852,9979,244966,4246,207944,817,1942,8937,153173,6065,151553,9753,304726,California
Sacramento,2021-03-12,18017,472869,8320,253286,8836,216780,861,2803,8851,153779,9116,160669,9722,314448,California
Sacramento,2021-03-13,12971,485840,3572,256858,8973,225753,426,3229,7870,156983,5090,165759,8294,322742,California
Sacramento,2021-03-14,8386,494226,3468,260326,4287,230040,631,3860,4469,158189,3893,169652,5099,327841,California
Sacramento,2021-03-15,12202,506428,4832,265158,6708,236748,662,4522,7096,160863,5085,174737,7759,335600,California
Sacramento,2021-03-16,13997,520425,6211,271369,7138,243886,648,5170,8644,164830,5319,180056,9286,344886,California
Sacramento,2021-03-17,13691,534116,6583,277952,6473,250359,635,5805,8831,169465,4835,184891,9470,354356,California
Sacramento,2021-03-18,15685,549801,8231,286183,6866,257225,588,6393,10119,174637,5535,190426,10707,365063,California
Sacramento,2021-03-19,15605,565406,7970,294153,6261,263486,1374,7767,8133,176696,7445,197871,9504,374567,California
Sacramento,2021-03-20,12918,578324,7544,301697,5034,268520,340,8107,8168,180485,4721,202592,8510,383077,California
Sacramento,2021-03-21,5597,583921,2753,304450,2805,271325,39,8146,4942,184825,643,203235,4983,388060,California
Sacramento,2021-03-22,9394,593315,4814,309264,3726,275051,854,9000,6295,188902,3072,206307,7149,395209,California
Sacramento,2021-03-23,11348,604663,6760,316024,3780,278831,808,9808,7317,193035,3990,210297,8123,403332,California
Sacramento,2021-03-24,11877,616540,7275,323299,3970,282801,632,10440,6758,195388,5038,215335,7391,410723,California
Sacramento,2021-03-25,14162,630702,8362,331661,4974,287775,826,11266,8577,199247,5540,220875,9399,420122,California
Sacramento,2021-03-26,18268,648970,8944,340605,8836,296611,488,11754,9234,200006,8965,229840,9724,429846,California
Sacramento,2021-03-27,9704,658674,3575,344180,5838,302449,291,12045,5219,201059,4453,234293,5506,435352,California
Sacramento,2021-03-28,6534,665208,3221,347401,3065,305514,248,12293,3122,201030,3402,237695,3373,438725,California
Sacramento,2021-03-29,11015,676223,5899,353300,4744,310258,372,12665,5209,200836,5778,243473,5584,444309,California
Sacramento,2021-03-30,11849,688072,6084,359384,5373,315631,392,13057,6028,201457,5799,249272,6420,450729,California
Sacramento,2021-03-31,13451,701523,7862,367246,5194,320825,395,13452,5688,199798,7735,257007,6076,456805,California
Sacramento,2021-04-01,17392,718915,10456,377702,6712,327537,224,13676,7346,197368,10008,267015,7578,464383,California
Sacramento,2021-04-02,17108,736023,9691,387393,6682,334219,735,14411,9011,199052,8067,275082,9751,474134,California
Sacramento,2021-04-03,10429,746452,6217,393610,3660,337879,552,14963,6416,202033,3985,279067,6966,481100,California
Sacramento,2021-04-04,3706,750158,1528,395138,1987,339866,191,15154,1458,201437,2243,281310,1647,482747,California
Sacramento,2021-04-05,12055,762213,7565,402703,3658,343524,832,15986,5399,201042,6621,287931,6226,488973,California
Sacramento,2021-04-06,15600,777813,8860,411563,5409,348933,1331,17317,6906,200617,8661,296592,8236,497209,California
Sacramento,2021-04-07,14800,792613,8010,419573,5205,354138,1585,18902,7166,201778,7599,304191,8760,505969,California
Sacramento,2021-04-08,14991,807604,6732,426305,5299,359437,2960,21862,5965,201716,8993,313184,8931,514900,California
Sacramento,2021-04-09,18197,825801,9308,435613,6698,366135,2191,24053,7382,200526,10778,323962,9588,524488,California
Sacramento,2021-04-10,12806,838607,3831,439444,7761,373896,1214,25267,5318,199579,7462,331424,6515,531003,California
Sacramento,2021-04-11,10732,849339,4328,443772,6180,380076,224,25491,3801,196697,6906,338330,4024,535027,California
Sacramento,2021-04-12,12899,862238,5016,448788,6021,386097,1862,27353,4929,195562,7911,346241,6776,541803,California
Sacramento,2021-04-13,16229,878467,9933,458721,6292,392389,4,27357,7553,194474,8649,354890,7561,549364,California
Sacramento,2021-04-14,14901,893368,7943,466664,6956,399345,2,27359,5898,191402,8975,363865,5903,555267,California
Sacramento,2021-04-15,16308,909676,8392,475056,7914,407259,2,27361,6613,188362,9657,373522,6617,561884,California
Sacramento,2021-04-16,17371,927047,9604,484660,7767,415026,0,27361,7865,186760,9469,382991,7867,569751,California
Sacramento,2021-04-17,15256,942303,6138,490798,9118,424144,0,27361,11042,193613,4194,387185,11047,580798,California
Sacramento,2021-04-18,8436,950739,3069,493867,5367,429511,0,27361,3736,192667,4683,391868,3737,584535,California
Sacramento,2021-04-19,10572,961311,5711,499578,4856,434367,5,27366,4692,191507,5859,397727,4699,589234,California
Sacramento,2021-04-20,11110,972421,6750,506328,4357,438724,3,27369,5912,192248,5178,402905,5919,595153,California
Sacramento,2021-04-21,11472,983893,6628,512956,4842,443566,2,27371,6214,193229,5236,408141,6217,601370,California
Sacramento,2021-04-22,14807,998700,9894,522850,4909,448475,4,27375,6818,192095,7958,416099,6824,608194,California
Sacramento,2021-04-23,15811,1014511,9992,532842,5819,454294,0,27375,7328,190977,8447,424546,7329,615523,California
Sacramento,2021-04-24,11317,1025828,7003,539845,4313,458607,1,27376,5933,191565,5347,429893,5935,621458,California
Sacramento,2021-04-25,7985,1033813,4483,544328,3502,462109,0,27376,4162,191917,3811,433704,4163,625621,California
Sacramento,2021-04-26,10229,1044042,6429,550757,3775,465884,25,27401,4696,191132,5506,439210,4721,630342,California
Sacramento,2021-04-27,11636,1055678,7639,558396,3876,469760,121,27522,5639,190924,5969,445179,5761,636103,California
Sacramento,2021-04-28,10014,1065692,5713,564109,4099,473859,202,27724,5364,191874,4622,449801,5572,641675,California
Sacramento,2021-04-29,10189,1075881,6813,570922,3071,476930,305,28029,5357,192738,4798,454599,5662,647337,California
Sacramento,2021-04-30,12423,1088304,7802,578724,4359,481289,262,28291,5866,192353,6514,461113,6129,653466,California
Sacramento,2021-05-01,7565,1095869,5469,584193,1922,483211,174,28465,2752,190499,4779,465892,2925,656391,California
Sacramento,2021-05-02,3829,1099698,3175,587368,546,483757,108,28573,2166,191127,1644,467536,2272,658663,California
Sacramento,2021-05-03,9094,1108792,7274,594642,1538,485295,282,28855,3942,190218,5128,472664,4219,662882,California
Sacramento,2021-05-04,9361,1118153,5690,600332,3360,488655,311,29166,3784,188777,5535,478199,4094,666976,California
Sacramento,2021-05-05,10957,1129110,5914,606246,4592,493247,451,29617,4421,187148,6496,484695,4867,671843,California
Sacramento,2021-05-06,11164,1140274,6190,612436,4672,497919,302,29919,4625,185844,6229,490924,4925,676768,California
Sacramento,2021-05-07,10596,1150870,6161,618597,4060,501979,375,30294,4470,184613,6077,497001,4846,681614,California
Sacramento,2021-05-08,8161,1159031,3816,622413,4116,506095,229,30523,2702,182115,5424,502425,2926,684540,California
Sacramento,2021-05-09,3165,1162196,1653,624066,1399,507494,113,30636,1188,181453,1963,504388,1301,685841,California
Sacramento,2021-05-10,8065,1170261,3729,627795,4069,511563,267,30903,1979,177644,6056,510444,2247,688088,California
Sacramento,2021-05-11,8058,1178319,5028,632823,2787,514350,243,31146,2778,175413,5250,515694,3019,691107,California
Sacramento,2021-05-12,8040,1186359,4767,637590,3035,517385,238,31384,2739,173119,5270,520964,2976,694083,California
Sacramento,2021-05-13,10884,1197243,6929,644519,3698,521083,257,31641,4088,170708,6762,527726,4351,698434,California
Sacramento,2021-05-14,12148,1209391,6862,651381,4998,526081,288,31929,5012,168925,7082,534808,5299,703733,California
Sacramento,2021-05-15,13056,1222447,7889,659270,5024,531105,143,32072,5796,167637,7224,542032,5936,709669,California
Sacramento,2021-05-16,7780,1230227,4063,663333,3604,534709,113,32185,2092,164179,5664,547696,2206,711875,California
Sacramento,2021-05-17,10372,1240599,6314,669647,3778,538487,280,32465,4109,162341,6233,553929,4395,716270,California
Sacramento,2021-05-18,9684,1250283,6084,675731,3391,541878,209,32674,3841,160591,5804,559733,4054,720324,California
Sacramento,2021-05-19,9753,1260036,6252,681983,3238,545116,263,32937,4623,160393,5088,564821,4890,725214,California
Sacramento,2021-05-20,8914,1268950,6073,688056,2620,547736,221,33158,3968,159682,4900,569721,4189,729403,California
Sacramento,2021-05-21,9307,1278257,6075,694131,2969,550705,263,33421,4227,159131,5049,574770,4498,733901,California
Sacramento,2021-05-22,6249,1284506,3986,698117,2131,552836,132,33553,3149,159329,3082,577852,3280,737181,California
Sacramento,2021-05-23,3322,1287828,2464,700581,785,553621,73,33626,1737,159569,1569,579421,1809,738990,California
Sacramento,2021-05-24,7560,1295388,4531,705112,2721,556342,308,33934,2471,157304,5042,584463,2777,741767,California
Sacramento,2021-05-25,6563,1301951,3813,708925,2462,558804,288,34222,2419,155890,4119,588582,2705,744472,California
Sacramento,2021-05-26,8196,1310147,4599,713524,3295,562099,302,34524,2946,153932,5203,593785,3245,747717,California
Sacramento,2021-05-27,3715,1313862,1999,715523,1569,563668,147,34671,1329,153049,2357,596142,1474,749191,California
San Benito,2020-12-16,30,30,30,30,0,0,0,0,30,30,0,0,30,30,California
San Benito,2020-12-17,38,68,38,68,0,0,0,0,38,68,0,0,38,68,California
San Benito,2020-12-18,72,140,72,140,0,0,0,0,72,140,0,0,72,140,California
San Benito,2020-12-19,47,187,47,187,0,0,0,0,47,187,0,0,47,187,California
San Benito,2020-12-20,23,210,23,210,0,0,0,0,23,210,0,0,23,210,California
San Benito,2020-12-21,76,286,76,286,0,0,0,0,76,286,0,0,76,286,California
San Benito,2020-12-22,100,386,100,386,0,0,0,0,100,386,0,0,100,386,California
San Benito,2020-12-23,85,471,73,459,12,12,0,0,85,471,0,0,85,471,California
San Benito,2020-12-24,13,484,5,464,8,20,0,0,13,484,0,0,13,484,California
San Benito,2020-12-25,4,488,4,468,0,20,0,0,4,488,0,0,4,488,California
San Benito,2020-12-26,13,501,4,472,9,29,0,0,13,501,0,0,13,501,California
San Benito,2020-12-27,8,509,7,479,1,30,0,0,8,509,0,0,8,509,California
San Benito,2020-12-28,65,574,36,515,29,59,0,0,65,574,0,0,65,574,California
San Benito,2020-12-29,50,624,21,536,29,88,0,0,50,624,0,0,50,624,California
San Benito,2020-12-30,59,683,37,573,22,110,0,0,59,683,0,0,59,683,California
San Benito,2020-12-31,19,702,2,575,17,127,0,0,19,702,0,0,19,702,California
San Benito,2021-01-02,25,727,24,599,1,128,0,0,25,727,0,0,25,727,California
San Benito,2021-01-03,3,730,1,600,2,130,0,0,3,730,0,0,3,730,California
San Benito,2021-01-04,62,792,23,623,39,169,0,0,62,792,0,0,62,792,California
San Benito,2021-01-05,119,911,37,660,82,251,0,0,116,905,3,3,116,908,California
San Benito,2021-01-06,100,1011,43,703,57,308,0,0,85,975,15,18,85,993,California
San Benito,2021-01-07,97,1108,60,763,37,345,0,0,52,982,45,63,52,1045,California
San Benito,2021-01-08,173,1281,88,851,85,430,0,0,108,1025,65,128,108,1153,California
San Benito,2021-01-09,43,1324,30,881,13,443,0,0,30,1042,13,141,30,1183,California
San Benito,2021-01-10,16,1340,14,895,2,445,0,0,5,1036,11,152,5,1188,California
San Benito,2021-01-11,169,1509,107,1002,62,507,0,0,69,1005,100,252,69,1257,California
San Benito,2021-01-12,158,1667,55,1057,103,610,0,0,120,1087,38,290,120,1377,California
San Benito,2021-01-13,216,1883,60,1117,156,766,0,0,172,1215,44,334,172,1549,California
San Benito,2021-01-14,116,1999,23,1140,93,859,0,0,98,1295,18,352,98,1647,California
San Benito,2021-01-15,216,2215,21,1161,195,1054,0,0,202,1483,14,366,202,1849,California
San Benito,2021-01-16,27,2242,9,1170,18,1072,0,0,21,1498,6,372,21,1870,California
San Benito,2021-01-17,11,2253,5,1175,6,1078,0,0,8,1503,3,375,8,1878,California
San Benito,2021-01-18,36,2289,23,1198,13,1091,0,0,21,1509,15,390,21,1899,California
San Benito,2021-01-19,152,2441,65,1263,87,1178,0,0,125,1607,27,417,125,2024,California
San Benito,2021-01-20,275,2716,94,1357,181,1359,0,0,229,1791,45,462,229,2253,California
San Benito,2021-01-21,125,2841,32,1389,93,1452,0,0,100,1866,25,487,100,2353,California
San Benito,2021-01-22,233,3074,19,1408,214,1666,0,0,223,2079,10,497,223,2576,California
San Benito,2021-01-23,31,3105,17,1425,14,1680,0,0,13,2074,18,515,13,2589,California
San Benito,2021-01-24,11,3116,3,1428,8,1688,0,0,7,2077,4,519,7,2596,California
San Benito,2021-01-25,67,3183,25,1453,42,1730,0,0,20,2050,47,566,20,2616,California
San Benito,2021-01-26,138,3321,41,1494,97,1827,0,0,85,2082,53,619,85,2701,California
San Benito,2021-01-27,229,3550,69,1563,160,1987,0,0,189,2231,40,659,189,2890,California
San Benito,2021-01-28,155,3705,32,1595,123,2110,0,0,123,2323,31,690,123,3013,California
San Benito,2021-01-29,289,3994,31,1626,258,2368,0,0,266,2567,22,712,266,3279,California
San Benito,2021-01-30,50,4044,32,1658,18,2386,0,0,27,2571,23,735,27,3306,California
San Benito,2021-01-31,16,4060,5,1663,11,2397,0,0,11,2577,5,740,11,3317,California
San Benito,2021-02-01,133,4193,28,1691,105,2502,0,0,89,2622,44,784,89,3406,California
San Benito,2021-02-02,227,4420,49,1740,178,2680,0,0,137,2669,90,874,137,3543,California
San Benito,2021-02-03,340,4760,42,1782,298,2978,0,0,274,2877,66,940,274,3817,California
San Benito,2021-02-04,164,4924,24,1806,140,3118,0,0,120,2953,44,984,120,3937,California
San Benito,2021-02-05,292,5216,40,1846,252,3370,0,0,229,3119,63,1047,229,4166,California
San Benito,2021-02-06,48,5264,8,1854,40,3410,0,0,31,3133,17,1064,31,4197,California
San Benito,2021-02-07,16,5280,8,1862,8,3418,0,0,15,3147,1,1065,15,4212,California
San Benito,2021-02-08,139,5419,16,1878,123,3541,0,0,93,3194,46,1111,93,4305,California
San Benito,2021-02-09,326,5745,63,1941,263,3804,0,0,194,3256,132,1243,194,4499,California
San Benito,2021-02-10,322,6067,89,2030,233,4037,0,0,113,3161,208,1451,113,4612,California
San Benito,2021-02-11,299,6366,33,2063,266,4303,0,0,201,3264,98,1549,201,4813,California
San Benito,2021-02-12,414,6780,31,2094,383,4686,0,0,208,3267,205,1754,208,5021,California
San Benito,2021-02-13,56,6836,7,2101,49,4735,0,0,43,3297,13,1767,43,5064,California
San Benito,2021-02-14,41,6877,5,2106,36,4771,0,0,31,3318,10,1777,31,5095,California
San Benito,2021-02-15,106,6983,10,2116,96,4867,0,0,95,3402,11,1788,95,5190,California
San Benito,2021-02-16,207,7190,11,2127,196,5063,0,0,102,3399,105,1893,102,5292,California
San Benito,2021-02-17,328,7518,29,2156,299,5362,0,0,279,3629,49,1942,279,5571,California
San Benito,2021-02-18,293,7811,37,2193,256,5618,0,0,71,3478,222,2164,71,5642,California
San Benito,2021-02-19,346,8157,47,2240,299,5917,0,0,180,3492,166,2330,180,5822,California
San Benito,2021-02-20,45,8202,26,2266,19,5936,0,0,36,3519,9,2339,36,5858,California
San Benito,2021-02-21,24,8226,8,2274,16,5952,0,0,14,3523,10,2349,14,5872,California
San Benito,2021-02-22,135,8361,36,2310,99,6051,0,0,101,3591,33,2382,101,5973,California
San Benito,2021-02-23,379,8740,94,2404,285,6336,0,0,263,3738,116,2498,263,6236,California
San Benito,2021-02-24,378,9118,65,2469,313,6649,0,0,239,3838,139,2637,239,6475,California
San Benito,2021-02-25,394,9512,64,2533,330,6979,0,0,273,3988,123,2760,273,6748,California
San Benito,2021-02-26,645,10157,72,2605,573,7552,0,0,398,4139,247,3007,398,7146,California
San Benito,2021-02-27,100,10257,39,2644,61,7613,0,0,86,4211,14,3021,86,7232,California
San Benito,2021-02-28,247,10504,23,2667,224,7837,0,0,238,4440,9,3030,238,7470,California
San Benito,2021-03-01,226,10730,58,2725,168,8005,0,0,156,4525,71,3101,156,7626,California
San Benito,2021-03-02,279,11009,93,2818,186,8191,0,0,209,4664,70,3171,209,7835,California
San Benito,2021-03-03,402,11411,59,2877,343,8534,0,0,224,4712,176,3347,224,8059,California
San Benito,2021-03-04,616,12027,127,3004,474,9008,15,15,431,4962,185,3532,435,8494,California
San Benito,2021-03-05,585,12612,306,3310,267,9275,12,27,375,5140,209,3741,387,8881,California
San Benito,2021-03-06,194,12806,70,3380,110,9385,14,41,142,5244,52,3793,156,9037,California
San Benito,2021-03-07,649,13455,605,3985,22,9407,22,63,617,5851,32,3825,639,9676,California
San Benito,2021-03-08,289,13744,67,4052,176,9583,46,109,167,5942,122,3947,213,9889,California
San Benito,2021-03-09,425,14169,84,4136,242,9825,99,208,138,5866,286,4233,210,10099,California
San Benito,2021-03-10,404,14573,113,4249,194,10019,97,305,231,6021,173,4406,328,10427,California
San Benito,2021-03-11,472,15045,120,4369,198,10217,154,459,208,6119,264,4670,362,10789,California
San Benito,2021-03-12,515,15560,119,4488,302,10519,94,553,230,6161,283,4953,325,11114,California
San Benito,2021-03-13,203,15763,102,4590,83,10602,18,571,129,6237,71,5024,147,11261,California
San Benito,2021-03-14,232,15995,40,4630,172,10774,20,591,179,6384,52,5076,199,11460,California
San Benito,2021-03-15,324,16319,100,4730,205,10979,19,610,190,6459,134,5210,209,11669,California
San Benito,2021-03-16,500,16819,220,4950,249,11228,31,641,351,6691,149,5359,381,12050,California
San Benito,2021-03-17,791,17610,477,5427,292,11520,22,663,561,7040,226,5585,575,12625,California
San Benito,2021-03-18,789,18399,527,5954,207,11727,55,718,573,7445,214,5799,619,13244,California
San Benito,2021-03-19,781,19180,404,6358,354,12081,23,741,580,7847,201,6000,603,13847,California
San Benito,2021-03-20,247,19427,152,6510,83,12164,12,753,188,7988,59,6059,200,14047,California
San Benito,2021-03-21,109,19536,56,6566,48,12212,5,758,82,8048,27,6086,87,14134,California
San Benito,2021-03-22,351,19887,171,6737,155,12367,25,783,224,8170,127,6213,249,14383,California
San Benito,2021-03-23,480,20367,202,6939,268,12635,10,793,218,8135,262,6475,227,14610,California
San Benito,2021-03-24,575,20942,305,7244,263,12898,7,800,361,8290,213,6688,368,14978,California
San Benito,2021-03-25,743,21685,441,7685,298,13196,4,804,441,8437,298,6986,445,15423,California
San Benito,2021-03-26,1020,22705,518,8203,498,13694,4,808,340,8102,679,7665,344,15767,California
San Benito,2021-03-27,335,23040,186,8389,116,13810,33,841,215,8231,119,7784,248,16015,California
San Benito,2021-03-28,732,23772,608,8997,119,13929,5,846,128,7760,604,8388,133,16148,California
San Benito,2021-03-29,344,24116,109,9106,215,14144,20,866,148,7731,196,8584,167,16315,California
San Benito,2021-03-30,577,24693,273,9379,210,14354,94,960,292,7832,285,8869,386,16701,California
San Benito,2021-03-31,596,25289,366,9745,206,14560,24,984,342,7947,251,9120,366,17067,California
San Benito,2021-04-01,946,26235,383,10128,525,15085,38,1022,567,8168,378,9498,599,17666,California
San Benito,2021-04-02,542,26777,263,10391,144,15229,135,1157,267,8296,275,9773,403,18069,California
San Benito,2021-04-03,255,27032,88,10479,104,15333,63,1220,75,8254,180,9953,138,18207,California
San Benito,2021-04-04,143,27175,108,10587,30,15363,5,1225,106,8328,37,9990,111,18318,California
San Benito,2021-04-05,352,27527,170,10757,140,15503,42,1267,143,8303,209,10199,184,18502,California
San Benito,2021-04-06,469,27996,164,10921,126,15629,179,1446,159,8331,310,10509,338,18840,California
San Benito,2021-04-07,946,28942,530,11451,227,15856,189,1635,268,8115,676,11185,460,19300,California
San Benito,2021-04-08,861,29803,431,11882,178,16034,252,1887,226,7959,634,11819,478,19778,California
San Benito,2021-04-09,840,30643,498,12380,252,16286,90,1977,290,7791,550,12369,382,20160,California
San Benito,2021-04-10,333,30976,200,12580,75,16361,58,2035,185,7886,148,12517,243,20403,California
San Benito,2021-04-11,470,31446,269,12849,167,16528,34,2069,262,7955,208,12725,277,20680,California
San Benito,2021-04-12,530,31976,285,13134,133,16661,112,2181,278,8090,251,12976,386,21066,California
San Benito,2021-04-13,754,32730,292,13426,439,17100,23,2204,522,8405,231,13207,546,21612,California
San Benito,2021-04-14,832,33562,654,14080,178,17278,0,2204,395,8368,432,13639,395,22007,California
San Benito,2021-04-15,941,34503,733,14813,207,17485,1,2205,469,8367,471,14110,470,22477,California
San Benito,2021-04-16,704,35207,368,15181,327,17812,9,2214,296,8268,405,14515,306,22783,California
San Benito,2021-04-17,320,35527,226,15407,94,17906,0,2214,130,8206,192,14707,130,22913,California
San Benito,2021-04-18,491,36018,410,15817,81,17987,0,2214,236,8189,255,14962,238,23151,California
San Benito,2021-04-19,736,36754,590,16407,146,18133,0,2214,416,8287,319,15281,417,23568,California
San Benito,2021-04-20,768,37522,398,16805,368,18501,2,2216,486,8497,277,15558,487,24055,California
San Benito,2021-04-21,953,38475,702,17507,251,18752,0,2216,513,8584,426,15984,513,24568,California
San Benito,2021-04-22,896,39371,691,18198,205,18957,0,2216,565,8826,323,16307,565,25133,California
San Benito,2021-04-23,635,40006,397,18595,237,19194,1,2217,342,8924,244,16551,342,25475,California
San Benito,2021-04-24,359,40365,203,18798,156,19350,0,2217,168,8940,152,16703,168,25643,California
San Benito,2021-04-25,205,40570,127,18925,78,19428,0,2217,95,8943,92,16795,95,25738,California
San Benito,2021-04-26,479,41049,383,19308,96,19524,0,2217,253,9030,166,16961,253,25991,California
San Benito,2021-04-27,538,41587,277,19585,254,19778,7,2224,402,9314,125,17086,409,26400,California
San Benito,2021-04-28,541,42128,384,19969,148,19926,9,2233,379,9544,157,17243,387,26787,California
San Benito,2021-04-29,628,42756,231,20200,387,20313,10,2243,249,9441,379,17622,276,27063,California
San Benito,2021-04-30,376,43132,208,20408,161,20474,7,2250,202,9478,172,17794,209,27272,California
San Benito,2021-05-01,195,43327,143,20551,44,20518,8,2258,65,9423,128,17922,73,27345,California
San Benito,2021-05-02,189,43516,161,20712,24,20542,4,2262,58,9354,131,18053,62,27407,California
San Benito,2021-05-03,354,43870,280,20992,65,20607,9,2271,84,9179,270,18323,95,27502,California
San Benito,2021-05-04,403,44273,243,21235,152,20759,8,2279,148,9081,253,18576,155,27657,California
San Benito,2021-05-05,600,44873,422,21657,162,20921,16,2295,209,8917,389,18965,225,27882,California
San Benito,2021-05-06,611,45484,484,22141,112,21033,15,2310,221,8767,386,19351,236,28118,California
San Benito,2021-05-07,446,45930,283,22424,153,21186,10,2320,171,8678,273,19624,184,28302,California
San Benito,2021-05-08,276,46206,225,22649,46,21232,5,2325,158,8723,118,19742,163,28465,California
San Benito,2021-05-09,101,46307,76,22725,22,21254,3,2328,48,8722,52,19794,51,28516,California
San Benito,2021-05-10,410,46717,323,23048,63,21317,24,2352,51,8439,359,20153,76,28592,California
San Benito,2021-05-11,806,47523,401,23449,392,21709,13,2365,177,8003,627,20780,191,28783,California
San Benito,2021-05-12,482,48005,386,23835,84,21793,12,2377,111,7758,369,21149,124,28907,California
San Benito,2021-05-13,660,48665,564,24399,86,21879,10,2387,166,7442,491,21640,175,29082,California
San Benito,2021-05-14,595,49260,439,24838,149,22028,7,2394,230,7315,364,22004,237,29319,California
San Benito,2021-05-15,229,49489,172,25010,50,22078,7,2401,127,7347,102,22106,134,29453,California
San Benito,2021-05-16,160,49649,132,25142,26,22104,2,2403,91,7371,69,22175,93,29546,California
San Benito,2021-05-17,377,50026,307,25449,61,22165,9,2412,175,7354,201,22376,184,29730,California
San Benito,2021-05-18,664,50690,345,25794,314,22479,5,2417,207,7110,457,22833,213,29943,California
San Benito,2021-05-19,564,51254,414,26208,142,22621,8,2425,234,7023,329,23162,242,30185,California
San Benito,2021-05-20,563,51817,454,26662,98,22719,11,2436,309,7090,253,23415,320,30505,California
San Benito,2021-05-21,433,52250,257,26919,162,22881,14,2450,201,7075,231,23646,216,30721,California
San Benito,2021-05-22,273,52523,214,27133,55,22936,4,2454,176,7160,96,23742,181,30902,California
San Benito,2021-05-23,68,52591,46,27179,17,22953,5,2459,24,7144,44,23786,28,30930,California
San Benito,2021-05-24,279,52870,236,27415,39,22992,4,2463,172,7213,107,23893,176,31106,California
San Benito,2021-05-25,518,53388,232,27647,279,23271,7,2470,166,7036,350,24243,173,31279,California
San Benito,2021-05-26,273,53661,175,27822,92,23363,6,2476,110,6989,162,24405,115,31394,California
San Benito,2021-05-27,247,53908,175,27997,49,23412,23,2499,87,6943,159,24564,113,31507,California
San Bernardino,2020-12-15,13,13,13,13,0,0,0,0,13,13,0,0,13,13,California
San Bernardino,2020-12-16,113,126,113,126,0,0,0,0,113,126,0,0,113,126,California
San Bernardino,2020-12-17,2369,2495,2369,2495,0,0,0,0,2369,2495,0,0,2369,2495,California
San Bernardino,2020-12-18,3150,5645,3147,5642,3,3,0,0,3151,5646,0,0,3151,5646,California
San Bernardino,2020-12-19,1070,6715,1069,6711,1,4,0,0,1071,6717,0,0,1071,6717,California
San Bernardino,2020-12-20,1178,7893,1175,7886,3,7,0,0,1178,7895,0,0,1178,7895,California
San Bernardino,2020-12-21,2457,10350,2452,10338,5,12,0,0,2457,10352,0,0,2457,10352,California
San Bernardino,2020-12-22,2278,12628,2149,12487,129,141,0,0,2279,12631,0,0,2279,12631,California
San Bernardino,2020-12-23,2669,15297,1464,13951,1205,1346,0,0,2667,15298,0,0,2667,15298,California
San Bernardino,2020-12-24,1163,16460,583,14534,580,1926,0,0,1165,16463,0,0,1165,16463,California
San Bernardino,2020-12-25,75,16535,14,14548,61,1987,0,0,75,16538,0,0,75,16538,California
San Bernardino,2020-12-26,462,16997,254,14802,208,2195,0,0,462,17000,0,0,462,17000,California
San Bernardino,2020-12-27,348,17345,162,14964,186,2381,0,0,348,17348,0,0,348,17348,California
San Bernardino,2020-12-28,1571,18916,712,15676,859,3240,0,0,1572,18920,0,0,1572,18920,California
San Bernardino,2020-12-29,2213,21129,1042,16718,1171,4411,0,0,2213,21133,0,0,2213,21133,California
San Bernardino,2020-12-30,2894,24023,1458,18176,1436,5847,0,0,2895,24028,0,0,2895,24028,California
San Bernardino,2020-12-31,1359,25382,439,18615,920,6767,0,0,1357,25385,0,0,1357,25385,California
San Bernardino,2021-01-01,284,25666,151,18766,133,6900,0,0,283,25668,0,0,283,25668,California
San Bernardino,2021-01-02,477,26143,340,19106,137,7037,0,0,477,26145,0,0,477,26145,California
San Bernardino,2021-01-03,136,26279,88,19194,48,7085,0,0,136,26281,0,0,136,26281,California
San Bernardino,2021-01-04,2124,28403,1287,20481,837,7922,0,0,2123,28404,0,0,2123,28404,California
San Bernardino,2021-01-05,2334,30737,1463,21944,871,8793,0,0,2224,30519,109,109,2224,30628,California
San Bernardino,2021-01-06,3437,34174,2350,24294,1087,9880,0,0,2939,32967,492,601,2940,33568,California
San Bernardino,2021-01-07,5418,39592,4506,28800,912,10792,0,0,2468,32504,2931,3532,2468,36036,California
San Bernardino,2021-01-08,5368,44960,4448,33248,920,11712,0,0,2288,31717,3076,6608,2289,38325,California
San Bernardino,2021-01-09,1403,46363,1100,34348,303,12015,0,0,905,32124,498,7106,905,39230,California
San Bernardino,2021-01-10,1026,47389,610,34958,416,12431,0,0,577,32252,449,7555,577,39807,California
San Bernardino,2021-01-11,4985,52374,4077,39035,908,13339,0,0,2768,32807,2213,9768,2768,42575,California
San Bernardino,2021-01-12,4227,56601,3211,42246,1016,14355,0,0,2512,33605,1714,11482,2512,45087,California
San Bernardino,2021-01-13,4571,61172,2849,45095,1722,16077,0,0,3349,35745,1210,12692,3350,48437,California
San Bernardino,2021-01-14,4817,65989,2840,47935,1977,18054,0,0,4236,39404,577,13269,4236,52673,California
San Bernardino,2021-01-15,5967,71956,2954,50889,3013,21067,0,0,5569,44588,388,13657,5572,58245,California
San Bernardino,2021-01-16,2255,74211,1287,52176,968,22035,0,0,2113,46559,142,13799,2113,60358,California
San Bernardino,2021-01-17,1184,75395,508,52684,676,22711,0,0,1101,47580,82,13881,1103,61461,California
San Bernardino,2021-01-18,4267,79662,2636,55320,1631,24342,0,0,3643,50603,623,14504,3646,65107,California
San Bernardino,2021-01-19,6317,85979,3706,59026,2611,26953,0,0,5231,54752,1084,15588,5233,70340,California
San Bernardino,2021-01-20,6842,92821,3766,62792,3076,30029,0,0,4894,57708,1940,17528,4896,75236,California
San Bernardino,2021-01-21,5989,98810,3079,65871,2910,32939,0,0,4870,61471,1110,18638,4873,80109,California
San Bernardino,2021-01-22,6528,105338,3052,68923,3476,36415,0,0,5803,66552,723,19361,5804,85913,California
San Bernardino,2021-01-23,3119,108457,1896,70819,1223,37638,0,0,2728,68890,390,19751,2728,88641,California
San Bernardino,2021-01-24,1195,109652,461,71280,734,38372,0,0,1094,69883,101,19852,1094,89735,California
San Bernardino,2021-01-25,6888,116540,3407,74687,3481,41853,0,0,5050,73101,1835,21687,5053,94788,California
San Bernardino,2021-01-26,7074,123614,3533,78220,3541,45394,0,0,4976,75981,2097,23784,4977,99765,California
San Bernardino,2021-01-27,8500,132114,4143,82363,4357,49751,0,0,5701,78891,2791,26575,5701,105466,California
San Bernardino,2021-01-28,8595,140709,4078,86441,4517,54268,0,0,6273,82847,2317,28892,6273,111739,California
San Bernardino,2021-01-29,8197,148906,3771,90212,4426,58694,0,0,6222,87109,1961,30853,6223,117962,California
San Bernardino,2021-01-30,3094,152000,1900,92112,1194,59888,0,0,2805,89626,288,31141,2805,120767,California
San Bernardino,2021-01-31,924,152924,493,92605,431,60319,0,0,870,90443,53,31194,870,121637,California
San Bernardino,2021-02-01,7577,160501,4251,96856,3326,63645,0,0,4946,92762,2628,33822,4947,126584,California
San Bernardino,2021-02-02,10447,170948,3656,100512,6791,70436,0,0,8388,99096,2055,35877,8389,134973,California
San Bernardino,2021-02-03,9007,179955,4148,104660,4859,75295,0,0,6506,103110,2493,38370,6507,141480,California
San Bernardino,2021-02-04,10524,190479,5186,109846,5338,80633,0,0,7423,107443,3090,41460,7423,148903,California
San Bernardino,2021-02-05,11009,201488,5908,115754,5101,85734,0,0,7488,111422,3510,44970,7489,156392,California
San Bernardino,2021-02-06,5265,206753,2213,117967,3052,88786,0,0,3635,113454,1606,46576,3638,160030,California
San Bernardino,2021-02-07,843,207596,489,118456,354,89140,0,0,468,113551,372,46948,469,160499,California
San Bernardino,2021-02-08,7282,214878,3882,122338,3400,92540,0,0,5614,117499,1666,48614,5614,166113,California
San Bernardino,2021-02-09,10140,225018,5905,128243,4235,96775,0,0,6842,121048,3296,51910,6845,172958,California
San Bernardino,2021-02-10,12082,237100,6452,134695,5630,102405,0,0,7964,124906,4107,56017,7965,180923,California
San Bernardino,2021-02-11,12445,249545,7138,141833,5307,107712,0,0,7934,128355,4488,60505,7937,188860,California
San Bernardino,2021-02-12,10425,259970,5945,147778,4480,112192,0,0,5687,129321,4721,65226,5687,194547,California
San Bernardino,2021-02-13,6049,266019,4021,151799,2028,114220,0,0,3809,130911,2224,67450,3814,198361,California
San Bernardino,2021-02-14,1552,267571,649,152448,903,115123,0,0,873,131112,672,68122,873,199234,California
San Bernardino,2021-02-15,5477,273048,2995,155443,2482,117605,0,0,3061,131771,2402,70524,3061,202295,California
San Bernardino,2021-02-16,12625,285673,7381,162824,5244,122849,0,0,7973,135105,4640,75164,7974,210269,California
San Bernardino,2021-02-17,11810,297483,6461,169285,5349,128198,0,0,7146,137606,4647,79811,7148,217417,California
San Bernardino,2021-02-18,12488,309971,7584,176869,4904,133102,0,0,7703,140539,4771,84582,7704,225121,California
San Bernardino,2021-02-19,11531,321502,5933,182802,5598,138700,0,0,6815,142658,4696,89278,6815,231936,California
San Bernardino,2021-02-20,4522,326024,3470,186272,1052,139752,0,0,2041,142223,2478,91756,2043,233979,California
San Bernardino,2021-02-21,1131,327155,673,186945,458,140210,0,0,392,141878,739,92495,394,234373,California
San Bernardino,2021-02-22,8674,335829,5342,192287,3332,143542,0,0,4043,141303,4620,97115,4045,238418,California
San Bernardino,2021-02-23,9131,344960,5449,197736,3682,147224,0,0,4599,141395,4507,101622,4599,243017,California
San Bernardino,2021-02-24,12449,357409,7176,204912,5273,152497,0,0,6157,141281,6272,107894,6158,249175,California
San Bernardino,2021-02-25,13078,370487,6280,211192,6798,159295,0,0,7615,143453,5446,113340,7618,256793,California
San Bernardino,2021-02-26,13616,384103,6380,217572,7236,166531,0,0,7585,145071,5969,119309,7587,264380,California
San Bernardino,2021-02-27,6666,390769,3725,221297,2940,169471,1,1,4813,148041,1844,121153,4814,269194,California
San Bernardino,2021-02-28,1765,392534,732,222029,1033,170504,0,1,1138,148557,622,121775,1138,270332,California
San Bernardino,2021-03-01,8452,400986,4359,226388,4090,174594,3,4,3838,147814,4592,126367,3849,274181,California
San Bernardino,2021-03-02,13856,414842,5538,231926,8318,182912,0,4,6547,147085,7279,133646,6550,280731,California
San Bernardino,2021-03-03,12882,427724,6526,238452,6353,189265,3,7,6018,146270,6843,140489,6028,286759,California
San Bernardino,2021-03-04,13762,441486,6912,245364,6850,196115,0,7,5979,144491,7762,148251,5983,292742,California
San Bernardino,2021-03-05,14413,455899,7540,252904,6872,202987,1,8,7040,144209,7341,155592,7059,299801,California
San Bernardino,2021-03-06,9718,465617,5456,258360,4047,207034,215,223,4547,143815,5154,160746,4760,304561,California
San Bernardino,2021-03-07,1651,467268,1002,259362,592,207626,57,280,1048,144319,601,161347,1105,305666,California
San Bernardino,2021-03-08,8076,475344,3574,262936,4343,211969,159,439,3593,143599,4475,165822,3755,309421,California
San Bernardino,2021-03-09,13076,488420,7486,270422,5346,217315,244,683,5274,141330,7788,173610,5519,314940,California
San Bernardino,2021-03-10,14209,502629,7848,278270,5805,223120,556,1239,6359,140424,7824,181434,6918,321858,California
San Bernardino,2021-03-11,15619,518248,7239,285509,6793,229913,1587,2826,7396,141200,8202,189636,8978,330836,California
San Bernardino,2021-03-12,15511,533759,6891,292400,6572,236485,2048,4874,7348,142512,8133,197769,9445,340281,California
San Bernardino,2021-03-13,8383,542142,4581,296981,3290,239775,512,5386,4976,144611,3396,201165,5495,345776,California
San Bernardino,2021-03-14,3283,545425,1660,298641,1042,240817,581,5967,1832,145574,1444,202609,2407,348183,California
San Bernardino,2021-03-15,11388,556813,5371,304012,3983,244800,2034,8001,5580,147386,5794,208403,7606,355789,California
San Bernardino,2021-03-16,16222,573035,8033,312045,7244,252044,945,8946,9917,151965,6279,214682,10858,366647,California
San Bernardino,2021-03-17,17384,590419,8645,320690,7990,260034,749,9695,10540,156430,6825,221507,11290,377937,California
San Bernardino,2021-03-18,16627,607046,8230,328920,8010,268044,387,10082,9849,159912,6752,228259,10234,388171,California
San Bernardino,2021-03-19,16974,624020,8425,337345,7960,276004,589,10671,9754,163112,7195,235454,10395,398566,California
San Bernardino,2021-03-20,9444,633464,5961,343306,2893,278897,590,11261,5589,165457,3830,239284,6175,404741,California
San Bernardino,2021-03-21,2794,636258,2274,345580,470,279367,50,11311,2250,167226,531,239815,2300,407041,California
San Bernardino,2021-03-22,9625,645883,4527,350107,4660,284027,438,11749,6972,172004,2632,242447,7410,414451,California
San Bernardino,2021-03-23,15500,661383,8799,358906,6082,290109,619,12368,9597,176337,5882,248329,10215,424666,California
San Bernardino,2021-03-24,15168,676551,7840,366746,7023,297132,305,12673,10077,181664,5056,253385,10383,435049,California
San Bernardino,2021-03-25,17039,693590,8366,375112,8373,305505,300,12973,10798,186567,6191,259576,11094,446143,California
San Bernardino,2021-03-26,18208,711798,8684,383796,8753,314258,771,13744,10897,190954,7281,266857,11668,457811,California
San Bernardino,2021-03-27,10853,722651,7015,390811,3086,317344,752,14496,6192,193256,4641,271498,6943,464754,California
San Bernardino,2021-03-28,3620,726271,2550,393361,957,318301,113,14609,2510,194777,1101,272599,2622,467376,California
San Bernardino,2021-03-29,11777,738048,6121,399482,5257,323558,399,15008,7962,199341,3797,276396,8361,475737,California
San Bernardino,2021-03-30,16995,755043,9486,408968,6792,330350,717,15725,10537,204165,6421,282817,11245,486982,California
San Bernardino,2021-03-31,16596,771639,9331,418299,6627,336977,638,16363,10920,210077,5647,288464,11559,498541,California
San Bernardino,2021-04-01,19785,791424,10456,428755,7916,344893,1413,17776,12737,217213,7006,295470,14142,512683,California
San Bernardino,2021-04-02,18914,810338,9538,438293,8082,352975,1294,19070,11430,222525,7455,302925,12767,525450,California
San Bernardino,2021-04-03,11165,821503,6985,445278,3041,356016,1139,20209,6068,224649,5079,308004,7203,532653,California
San Bernardino,2021-04-04,2498,824001,1504,446782,745,356761,249,20458,1259,224924,1233,309237,1508,534161,California
San Bernardino,2021-04-05,11786,835787,5294,452076,4757,361518,1735,22193,6015,226919,5751,314988,7746,541907,California
San Bernardino,2021-04-06,19736,855523,11107,463183,6515,368033,2114,24307,10436,230215,9256,324244,12552,554459,California
San Bernardino,2021-04-07,20953,876476,11210,474393,7265,375298,2478,26785,11435,234642,9488,333732,13915,568374,California
San Bernardino,2021-04-08,21878,898354,11202,485595,8075,383373,2601,29386,12041,239514,9812,343544,14684,583058,California
San Bernardino,2021-04-09,21729,920083,11064,496659,8105,391478,2560,31946,11822,244045,9873,353417,14404,597462,California
San Bernardino,2021-04-10,15653,935736,8108,504767,3824,395302,3721,35667,7749,247634,7884,361301,11473,608935,California
San Bernardino,2021-04-11,4407,940143,2568,507335,885,396187,954,36621,2024,248231,2377,363678,2974,611909,California
San Bernardino,2021-04-12,13365,953508,6180,513515,5534,401721,1651,38272,6316,249165,7028,370706,7962,619871,California
San Bernardino,2021-04-13,19227,972735,10947,524462,8261,409982,19,38291,10998,251980,8203,378909,11018,630889,California
San Bernardino,2021-04-14,19197,991932,10262,534724,8932,418914,3,38294,10835,254490,8330,387239,10840,641729,California
San Bernardino,2021-04-15,20255,1012187,11317,546041,8932,427846,6,38300,10740,255758,9478,396717,10746,652475,California
San Bernardino,2021-04-16,18574,1030761,10538,556579,8035,435881,1,38301,9124,255476,9406,406123,9124,661599,California
San Bernardino,2021-04-17,11920,1042681,7846,564425,4074,439955,0,38301,6229,256047,5658,411781,6229,667828,California
San Bernardino,2021-04-18,2885,1045566,1980,566405,905,440860,0,38301,1265,255704,1608,413389,1265,669093,California
San Bernardino,2021-04-19,12531,1058097,6681,573086,5850,446710,0,38301,4859,252917,7650,421039,4863,673956,California
San Bernardino,2021-04-20,17603,1075700,9813,582899,7787,454497,3,38304,8039,251422,9538,430577,8043,681999,California
San Bernardino,2021-04-21,18051,1093751,10312,593211,7736,462233,3,38307,7907,249247,10085,440662,7910,689909,California
San Bernardino,2021-04-22,19147,1112898,10933,604144,8210,470443,4,38311,7790,245740,11301,451963,7794,697703,California
San Bernardino,2021-04-23,18429,1131327,10542,614686,7886,478329,1,38312,8029,243417,10355,462318,8032,705735,California
San Bernardino,2021-04-24,12811,1144138,9463,624149,3346,481675,2,38314,6888,244399,5908,468226,6890,712625,California
San Bernardino,2021-04-25,3393,1147531,2222,626371,1171,482846,0,38314,1676,244373,1703,469929,1677,714302,California
San Bernardino,2021-04-26,10480,1158011,5615,631986,4776,487622,89,38403,4433,242882,6012,475941,4521,718823,California
San Bernardino,2021-04-27,15871,1173882,9583,641569,6119,493741,169,38572,6475,240171,9354,485295,6643,725466,California
San Bernardino,2021-04-28,14659,1188541,8697,650266,5687,499428,275,38847,5254,236313,9378,494673,5520,730986,California
San Bernardino,2021-04-29,16104,1204645,9285,659551,6550,505978,269,39116,5339,231182,10735,505408,5604,736590,California
San Bernardino,2021-04-30,16470,1221115,10382,669933,5809,511787,279,39395,6031,227087,10402,515810,6307,742897,California
San Bernardino,2021-05-01,10708,1231823,8403,678336,1996,513783,309,39704,3684,224056,7021,522831,3990,746887,California
San Bernardino,2021-05-02,2925,1234748,2115,680451,678,514461,132,39836,1042,223354,1875,524706,1173,748060,California
San Bernardino,2021-05-03,10026,1244774,5765,686216,3856,518317,405,40241,2898,219540,7115,531821,3301,751361,California
San Bernardino,2021-05-04,15650,1260424,9514,695730,5682,523999,454,40695,4540,213461,11070,542891,4991,756352,California
San Bernardino,2021-05-05,15315,1275739,8804,704534,6098,530097,413,41108,4327,207254,10943,553834,4736,761088,California
San Bernardino,2021-05-06,15739,1291478,8966,713500,6358,536455,415,41523,4281,200527,11422,565256,4695,765783,California
San Bernardino,2021-05-07,15430,1306908,8666,722166,6389,542844,375,41898,4617,194762,10753,576009,4988,770771,California
San Bernardino,2021-05-08,9180,1316088,6108,728274,2828,545672,244,42142,3130,192120,6015,582024,3373,774144,California
San Bernardino,2021-05-09,1808,1317896,1111,729385,607,546279,90,42232,726,191864,1072,583096,816,774960,California
San Bernardino,2021-05-10,7412,1325308,3413,732798,3684,549963,315,42547,2270,189351,5095,588191,2582,777542,California
San Bernardino,2021-05-11,11874,1337182,6543,739341,5005,554968,326,42873,3721,185283,8116,596307,4048,781590,California
San Bernardino,2021-05-12,12001,1349183,6390,745731,5322,560290,289,43162,3435,180482,8521,604828,3720,785310,California
San Bernardino,2021-05-13,12452,1361635,7390,753121,4721,565011,341,43503,4769,177947,7640,612468,5105,790415,California
San Bernardino,2021-05-14,13574,1375209,9025,762146,4215,569226,334,43837,5650,176063,7867,620335,5983,796398,California
San Bernardino,2021-05-15,11218,1386427,8319,770465,2711,571937,188,44025,4501,174062,6685,627020,4684,801082,California
San Bernardino,2021-05-16,2764,1389191,2038,772503,665,572602,61,44086,1310,173995,1437,628457,1370,802452,California
San Bernardino,2021-05-17,9858,1399049,6717,779220,2875,575477,266,44352,4599,173639,5222,633679,4866,807318,California
San Bernardino,2021-05-18,13279,1412328,8765,787985,4259,579736,255,44607,6182,173010,7062,640741,6433,813751,California
San Bernardino,2021-05-19,11407,1423735,7177,795162,3865,583601,365,44972,5324,172652,6044,646785,5686,819437,California
San Bernardino,2021-05-20,9888,1433623,5848,801010,3750,587351,290,45262,4459,172004,5394,652179,4746,824183,California
San Bernardino,2021-05-21,10738,1444361,7133,808143,3258,590609,347,45609,4699,171053,5996,658175,5045,829228,California
San Bernardino,2021-05-22,7297,1451658,5558,813701,1547,592156,192,45801,3643,171267,3619,661794,3833,833061,California
San Bernardino,2021-05-23,1284,1452942,827,814528,385,592541,72,45873,650,171361,628,662422,722,833783,California
San Bernardino,2021-05-24,6562,1459504,4119,818647,2151,594692,292,46165,2968,171068,3552,665974,3259,837042,California
San Bernardino,2021-05-25,9167,1468671,5623,824270,3287,597979,257,46422,4141,170468,4998,670972,4398,841440,California
San Bernardino,2021-05-26,7874,1476545,5040,829310,2607,600586,227,46649,3652,170152,4188,675160,3872,845312,California
San Bernardino,2021-05-27,4195,1480740,2626,831936,1395,601981,174,46823,1622,169396,2550,677710,1794,847106,California
San Diego,2020-12-15,119,119,119,119,0,0,0,0,119,119,0,0,119,119,California
San Diego,2020-12-16,1103,1222,1103,1222,0,0,0,0,1103,1222,0,0,1103,1222,California
San Diego,2020-12-17,2350,3572,2350,3572,0,0,0,0,2350,3572,0,0,2350,3572,California
San Diego,2020-12-18,3670,7242,3669,7241,1,1,0,0,3670,7242,0,0,3670,7242,California
San Diego,2020-12-19,2313,9555,2313,9554,0,1,0,0,2313,9555,0,0,2313,9555,California
San Diego,2020-12-20,1184,10739,1183,10737,1,2,0,0,1184,10739,0,0,1184,10739,California
San Diego,2020-12-21,3522,14261,3521,14258,1,3,0,0,3522,14261,0,0,3522,14261,California
San Diego,2020-12-22,4060,18321,3417,17675,643,646,0,0,4060,18321,0,0,4060,18321,California
San Diego,2020-12-23,3182,21503,1978,19653,1204,1850,0,0,3182,21503,0,0,3182,21503,California
San Diego,2020-12-24,2736,24239,2219,21872,517,2367,0,0,2736,24239,0,0,2736,24239,California
San Diego,2020-12-25,876,25115,875,22747,1,2368,0,0,876,25115,0,0,876,25115,California
San Diego,2020-12-26,3294,28409,2143,24890,1151,3519,0,0,3294,28409,0,0,3294,28409,California
San Diego,2020-12-27,2510,30919,1619,26509,891,4410,0,0,2509,30917,1,1,2509,30918,California
San Diego,2020-12-28,5913,36832,4226,30735,1687,6097,0,0,5913,36830,0,1,5913,36831,California
San Diego,2020-12-29,5572,42404,2999,33734,2573,8670,0,0,5572,42402,0,1,5572,42403,California
San Diego,2020-12-30,5944,48348,3099,36833,2845,11515,0,0,5944,48346,0,1,5944,48347,California
San Diego,2020-12-31,3040,51388,1055,37888,1985,13500,0,0,3040,51386,0,1,3040,51387,California
San Diego,2021-01-01,1006,52394,452,38340,554,14054,0,0,1006,52392,0,1,1006,52393,California
San Diego,2021-01-02,3745,56139,1303,39643,2442,16496,0,0,3745,56137,0,1,3745,56138,California
San Diego,2021-01-03,859,56998,633,40276,226,16722,0,0,858,56995,0,1,858,56996,California
San Diego,2021-01-04,3702,60700,2049,42325,1653,18375,0,0,3695,60690,0,1,3695,60691,California
San Diego,2021-01-05,4376,65076,2185,44510,2191,20566,0,0,3759,63848,613,614,3771,64462,California
San Diego,2021-01-06,4947,70023,2290,46800,2657,23223,0,0,3713,66354,1211,1825,3717,68179,California
San Diego,2021-01-07,5665,75688,2983,49783,2682,25905,0,0,3506,67714,2152,3977,3512,71691,California
San Diego,2021-01-08,7868,83556,4941,54724,2927,28832,0,0,4082,68044,3769,7746,4099,75790,California
San Diego,2021-01-09,3500,87056,1940,56664,1560,30392,0,0,1950,68467,1538,9284,1961,77751,California
San Diego,2021-01-10,1881,88937,1293,57957,588,30980,0,0,778,68163,1091,10375,787,78538,California
San Diego,2021-01-11,10333,99270,5860,63817,4473,35453,0,0,6803,71461,3523,13898,6821,85359,California
San Diego,2021-01-12,11200,110470,5313,69130,5887,41340,0,0,7822,76028,3369,17267,7936,93295,California
San Diego,2021-01-13,11509,121979,5053,74183,6456,47796,0,0,8965,82485,2532,19799,8989,102284,California
San Diego,2021-01-14,12365,134344,4746,78929,7619,55415,0,0,10196,90556,2161,21960,10232,112516,California
San Diego,2021-01-15,15133,149477,5355,84284,9778,65193,0,0,12487,100471,2627,24587,12542,125058,California
San Diego,2021-01-16,10773,160250,3594,87878,7179,72372,0,0,9327,108388,1441,26028,9358,134416,California
San Diego,2021-01-17,8682,168932,2497,90375,6185,78557,0,0,7841,115408,841,26869,7861,142277,California
San Diego,2021-01-18,12879,181811,6317,96692,6562,85119,0,0,10029,122679,2818,29687,10089,152366,California
San Diego,2021-01-19,14597,196408,5669,102361,8928,94047,0,0,11487,131333,3099,32786,11753,164119,California
San Diego,2021-01-20,18330,214738,6388,108749,11942,105989,0,0,15008,143224,3301,36087,15192,179311,California
San Diego,2021-01-21,17300,232038,5785,114534,11515,117504,0,0,15911,157898,1380,37467,16054,195365,California
San Diego,2021-01-22,17584,249622,4662,119196,12922,130426,0,0,15551,171511,2019,39486,15632,210997,California
San Diego,2021-01-23,14491,264113,5280,124476,9211,139637,0,0,12133,181357,2347,41833,12193,223190,California
San Diego,2021-01-24,11906,276019,3345,127821,8561,148198,0,0,10932,191356,972,42805,10971,234161,California
San Diego,2021-01-25,12273,288292,5802,133623,6471,154669,0,0,9253,197751,3013,45818,9408,243569,California
San Diego,2021-01-26,15157,303449,7858,141481,7299,161968,0,0,11770,206323,3385,49203,11957,255526,California
San Diego,2021-01-27,20580,324029,7939,149420,12641,174609,0,0,17561,221018,3010,52213,17705,273231,California
San Diego,2021-01-28,21308,345337,7650,157070,13658,188267,0,0,19035,237875,2263,54476,19120,292351,California
San Diego,2021-01-29,19727,365064,6479,163549,13248,201515,0,0,17284,252775,2433,56909,17333,309684,California
San Diego,2021-01-30,15906,380970,3668,167217,12238,213753,0,0,13223,263423,2673,59582,13321,323005,California
San Diego,2021-01-31,14812,395782,5764,172981,9048,222801,0,0,14450,277547,358,59940,14482,337487,California
San Diego,2021-02-01,21037,416819,7735,180716,13302,236103,0,0,17484,291571,3539,63479,17563,355050,California
San Diego,2021-02-02,22898,439717,8375,189091,14523,250626,0,0,19628,308108,3261,66740,19798,374848,California
San Diego,2021-02-03,27669,467386,11770,200861,15899,266525,0,0,23356,327360,4294,71034,23546,398394,California
San Diego,2021-02-04,24253,491639,9896,210757,14357,280882,0,0,19623,342653,4613,75647,19906,418300,California
San Diego,2021-02-05,24934,516573,8890,219647,16044,296926,0,0,18246,354686,6664,82311,18697,436997,California
San Diego,2021-02-06,20782,537355,8555,228202,12227,309153,0,0,17531,369192,3248,85559,17754,454751,California
San Diego,2021-02-07,12137,549492,5377,233579,6760,315913,0,0,10253,377831,1873,87432,10512,465263,California
San Diego,2021-02-08,20123,569615,8532,242111,11591,327504,0,0,12678,383760,7434,94866,13363,478626,California
San Diego,2021-02-09,20493,590108,8327,250438,12166,339670,0,0,13197,390752,7275,102141,14267,492893,California
San Diego,2021-02-10,22974,613082,9338,259776,13636,353306,0,0,13848,396909,9069,111210,15226,508119,California
San Diego,2021-02-11,23846,636928,10186,269962,13660,366966,0,0,12770,400317,11049,122259,14457,522576,California
San Diego,2021-02-12,23840,660768,7447,277409,16393,383359,0,0,11886,402534,11937,134196,14154,536730,California
San Diego,2021-02-13,20033,680801,9026,286435,11007,394366,0,0,10901,405513,9126,143322,12105,548835,California
San Diego,2021-02-14,11187,691988,7433,293868,3754,398120,0,0,6320,408485,4863,148185,7835,556670,California
San Diego,2021-02-15,15272,707260,7761,301629,7511,405631,0,0,7829,411961,7421,155606,10897,567567,California
San Diego,2021-02-16,19293,726553,11267,312896,8026,413657,0,0,9221,414108,10060,165666,12207,579774,California
San Diego,2021-02-17,23414,749967,10999,323895,12415,426072,0,0,8121,410041,15278,180944,11211,590985,California
San Diego,2021-02-18,23575,773542,12010,335905,11565,437637,0,0,7778,406117,15786,196730,11862,602847,California
San Diego,2021-02-19,15904,789446,10909,346814,4995,442632,0,0,6635,405476,9251,205981,8610,611457,California
San Diego,2021-02-20,10265,799711,6367,353181,3898,446530,0,0,5808,408737,4455,210436,7716,619173,California
San Diego,2021-02-21,11569,811280,10155,363336,1414,447944,0,0,5185,409057,6378,216814,6698,625871,California
San Diego,2021-02-22,12451,823731,10592,373928,1859,449803,0,0,5758,409769,6688,223502,7400,633271,California
San Diego,2021-02-23,25870,849601,14494,388422,11376,461179,0,0,9628,409064,16234,239736,15529,648800,California
San Diego,2021-02-24,28961,878562,12766,401188,16195,477374,0,0,6856,401276,22085,261821,14297,663097,California
San Diego,2021-02-25,33210,911772,14732,415920,18478,495852,0,0,10132,396757,23058,284879,18539,681636,California
San Diego,2021-02-26,33478,945250,12403,428323,21075,516927,0,0,12113,394645,21335,306214,19223,700859,California
San Diego,2021-02-27,21249,966499,9689,438012,11560,528487,0,0,11442,400560,9802,316016,15717,716576,California
San Diego,2021-02-28,15286,981785,9989,448001,5297,533784,0,0,9523,407114,5762,321778,12316,728892,California
San Diego,2021-03-01,24257,1006042,14317,462318,9938,543722,2,2,14728,416259,9451,331229,18596,747488,California
San Diego,2021-03-02,26184,1032226,14095,476413,12089,555811,0,2,12766,422315,13408,344637,19464,766952,California
San Diego,2021-03-03,34025,1066251,15950,492363,18072,573883,3,5,14074,423378,19930,364567,20993,787945,California
San Diego,2021-03-04,28319,1094570,14111,506474,14208,588091,0,5,12619,427079,15678,380245,19379,807324,California
San Diego,2021-03-05,29018,1123588,14919,521393,14017,602108,82,87,13531,431940,15462,395707,20323,827647,California
San Diego,2021-03-06,23437,1147025,9598,530991,13138,615246,701,788,10354,434602,13069,408776,15731,843378,California
San Diego,2021-03-07,18247,1165272,9338,540329,8338,623584,571,1359,6930,434460,11308,420084,11166,854544,California
San Diego,2021-03-08,23107,1188379,11227,551556,10973,634557,907,2266,11448,440059,11639,431723,17238,871782,California
San Diego,2021-03-09,25915,1214294,11998,563554,12158,646715,1759,4025,10143,440132,15757,447480,15830,887612,California
San Diego,2021-03-10,25565,1239859,10815,574369,12353,659068,2397,6422,10138,441322,15411,462891,16601,904213,California
San Diego,2021-03-11,28663,1268522,11024,585393,14041,673109,3598,10020,9989,440215,18651,481542,17544,921757,California
San Diego,2021-03-12,27068,1295590,9461,594854,14467,687576,3140,13160,9936,439712,17119,498661,16616,938373,California
San Diego,2021-03-13,26234,1321824,7308,602162,17137,704713,1789,14949,10139,439725,16091,514752,16104,954477,California
San Diego,2021-03-14,13882,1335706,5500,607662,7643,712356,739,15688,4820,438557,9053,523805,7885,962362,California
San Diego,2021-03-15,22034,1357740,10176,617838,11078,723434,780,16468,9021,438460,13000,536805,12903,975265,California
San Diego,2021-03-16,30011,1387751,15796,633634,13803,737237,412,16880,15739,443416,14249,551054,19205,994470,California
San Diego,2021-03-17,26352,1414103,12241,645875,13391,750628,720,17600,16796,453443,9539,560593,19566,1014036,California
San Diego,2021-03-18,31535,1445638,17816,663691,12803,763431,916,18516,17039,458461,14463,575056,19481,1033517,California
San Diego,2021-03-19,30336,1475974,14405,678096,14907,778338,1024,19540,19400,469168,10913,585969,21620,1055137,California
San Diego,2021-03-20,27887,1503861,8457,686553,17636,795974,1794,21334,21427,487048,6448,592417,24328,1079465,California
San Diego,2021-03-21,16583,1520444,12106,698659,3760,799734,717,22051,7716,487945,8853,601270,9750,1089215,California
San Diego,2021-03-22,22545,1542989,13151,711810,9118,808852,276,22327,14330,497107,8202,609472,17364,1106579,California
San Diego,2021-03-23,26006,1568995,13643,725453,12084,820936,279,22606,17135,507691,8856,618328,19440,1126019,California
San Diego,2021-03-24,29586,1598581,19781,745234,9423,830359,382,22988,17101,514754,12474,630802,19537,1145556,California
San Diego,2021-03-25,30384,1628965,18313,763547,11387,841746,684,23672,17990,523170,12375,643177,20791,1166347,California
San Diego,2021-03-26,32156,1661121,17944,781491,13639,855385,573,24245,17503,529443,14628,657805,20901,1187248,California
San Diego,2021-03-27,25513,1686634,11048,792539,14072,869457,393,24638,15691,537967,9804,667609,18328,1205576,California
San Diego,2021-03-28,15083,1701717,9238,801777,5788,875245,57,24695,9265,542945,5812,673421,10790,1216366,California
San Diego,2021-03-29,26733,1728450,12921,814698,13179,888424,633,25328,16447,552185,10276,683697,19516,1235882,California
San Diego,2021-03-30,33242,1761692,17901,832599,14552,902976,789,26117,22018,565594,11212,694909,24621,1260503,California
San Diego,2021-03-31,30480,1792172,18800,851399,10973,913949,707,26824,20638,578206,9825,704734,22437,1282940,California
San Diego,2021-04-01,34356,1826528,20061,871460,12795,926744,1500,28324,23245,593176,11088,715822,26058,1308998,California
San Diego,2021-04-02,35798,1862326,20674,892134,12326,939070,2798,31122,24118,609851,11661,727483,28336,1337334,California
San Diego,2021-04-03,30853,1893179,14458,906592,11794,950864,4601,35723,19720,624241,11120,738603,25510,1362844,California
San Diego,2021-04-04,9058,1902237,5204,911796,2926,953790,928,36651,4821,625932,4232,742835,5923,1368767,California
San Diego,2021-04-05,29761,1931998,15405,927201,11705,965495,2651,39302,19382,640087,10361,753196,24516,1393283,California
San Diego,2021-04-06,38760,1970758,20397,947598,12449,977944,5914,45216,22332,654025,16412,769608,30350,1423633,California
San Diego,2021-04-07,35837,2006595,21981,969579,9287,987231,4569,49785,20320,664609,15493,785101,26077,1449710,California
San Diego,2021-04-08,35246,2041841,21372,990951,9711,996942,4163,53948,21314,678726,13914,799015,28031,1477741,California
San Diego,2021-04-09,38318,2080159,22826,1013777,10289,1007231,5203,59151,20803,690555,17449,816464,29278,1507019,California
San Diego,2021-04-10,29181,2109340,11785,1025562,13395,1020626,4001,63152,15099,698599,14072,830536,22116,1529135,California
San Diego,2021-04-11,16261,2125601,10079,1035641,3868,1024494,2314,65466,7268,702165,8989,839525,12555,1541690,California
San Diego,2021-04-12,30852,2156453,12863,1048504,13658,1038152,4331,69797,17187,713673,13650,853175,25158,1566848,California
San Diego,2021-04-13,37213,2193666,17790,1066294,19387,1057539,36,69833,24784,728898,12408,865583,27633,1594481,California
San Diego,2021-04-14,33085,2226751,18929,1085223,14143,1071682,13,69846,17911,735989,15160,880743,22251,1616732,California
San Diego,2021-04-15,39563,2266314,20376,1105599,19183,1090865,4,69850,24135,747538,15409,896152,26958,1643690,California
San Diego,2021-04-16,33839,2300153,18590,1124189,15246,1106111,3,69853,19638,755401,14140,910292,22003,1665693,California
San Diego,2021-04-17,27889,2328042,13541,1137730,14348,1120459,0,69853,12382,755392,15413,925705,15404,1681097,California
San Diego,2021-04-18,14503,2342545,8916,1146646,5584,1126043,3,69856,6787,757410,7703,933408,9721,1690818,California
San Diego,2021-04-19,26597,2369142,13570,1160216,13026,1139069,1,69857,12523,757622,14055,947463,14267,1705085,California
San Diego,2021-04-20,39052,2408194,17779,1177995,21272,1160341,1,69858,19968,761467,19064,966527,22909,1727994,California
San Diego,2021-04-21,35042,2443236,20933,1198928,14109,1174450,0,69858,16992,763417,18016,984543,19966,1747960,California
San Diego,2021-04-22,44667,2487903,22946,1221874,21717,1196167,4,69862,22438,766666,22186,1006729,25435,1773395,California
San Diego,2021-04-23,42244,2530147,26022,1247896,16220,1212387,2,69864,15787,759155,26428,1033157,18917,1792312,California
San Diego,2021-04-24,34975,2565122,18869,1266765,16091,1228478,15,69879,15666,758688,19276,1052433,18809,1811121,California
San Diego,2021-04-25,12640,2577762,7707,1274472,4933,1233411,0,69879,5931,759258,6700,1059133,7270,1818391,California
San Diego,2021-04-26,31127,2608889,15528,1290000,15468,1248879,131,70010,10697,753919,20418,1079551,15079,1833470,California
San Diego,2021-04-27,42594,2651483,23522,1313522,18652,1267531,420,70430,18785,752270,23777,1103328,22128,1855598,California
San Diego,2021-04-28,38338,2689821,22631,1336153,15033,1282564,674,71104,17390,751627,20915,1124243,20272,1875870,California
San Diego,2021-04-29,38086,2727907,24275,1360428,13157,1295721,654,71758,15417,746749,22634,1146877,17756,1893626,California
San Diego,2021-04-30,38111,2766018,23145,1383573,13950,1309671,1016,72774,14959,741402,23115,1169992,17768,1911394,California
San Diego,2021-05-01,24341,2790359,10735,1394308,12961,1322632,645,73419,9582,738997,14750,1184742,12345,1923739,California
San Diego,2021-05-02,10730,2801089,7540,1401848,2603,1325235,587,74006,3298,735777,7427,1192169,4207,1927946,California
San Diego,2021-05-03,25345,2826434,12488,1414336,11699,1336934,1158,75164,9373,731143,15948,1208117,11314,1939260,California
San Diego,2021-05-04,31931,2858365,17604,1431940,12999,1349933,1328,76492,11566,724788,20335,1228452,13980,1953240,California
San Diego,2021-05-05,27738,2886103,17040,1448980,9409,1359342,1289,77781,10615,720530,17103,1245555,12845,1966085,California
San Diego,2021-05-06,28463,2914566,18841,1467821,8708,1368050,914,78695,10865,717203,17568,1263123,14241,1980326,California
San Diego,2021-05-07,29553,2944119,19541,1487362,8962,1377012,1050,79745,11050,712020,18465,1281588,13282,1993608,California
San Diego,2021-05-08,22663,2966782,10774,1498136,11176,1388188,713,80458,7309,706098,15331,1296919,9409,2003017,California
San Diego,2021-05-09,7494,2974276,5678,1503814,1407,1389595,409,80867,2616,704663,4871,1301790,3436,2006453,California
San Diego,2021-05-10,21676,2995952,8459,1512273,12403,1401998,814,81681,5978,697021,15666,1317456,8024,2014477,California
San Diego,2021-05-11,27668,3023620,11221,1523494,15671,1417669,776,82457,9646,691027,17997,1335453,12003,2026480,California
San Diego,2021-05-12,21936,3045556,11677,1535171,9469,1427138,790,83247,8021,686946,13890,1349343,9809,2036289,California
San Diego,2021-05-13,29644,3075200,17694,1552865,11340,1438478,610,83857,12314,685043,17277,1366620,15374,2051663,California
San Diego,2021-05-14,30735,3105935,19696,1572561,10192,1448670,847,84704,14028,685295,16671,1383291,16923,2068586,California
San Diego,2021-05-15,26159,3132094,16499,1589060,8838,1457508,822,85526,10939,682796,15169,1398460,12670,2081256,California
San Diego,2021-05-16,12985,3145079,9711,1598771,2698,1460206,576,86102,6495,683751,6479,1404939,7434,2088690,California
San Diego,2021-05-17,21445,3166524,13033,1611804,7661,1467867,751,86853,9448,682834,11961,1416900,11044,2099734,California
San Diego,2021-05-18,34239,3200763,19395,1631199,13968,1481835,876,87729,13928,678777,20276,1437176,16219,2115953,California
San Diego,2021-05-19,28474,3229237,17937,1649136,9730,1491565,807,88536,12332,676884,16113,1453289,14220,2130173,California
San Diego,2021-05-20,30522,3259759,16335,1665471,13423,1504988,764,89300,10285,668983,20205,1473494,12304,2142477,California
San Diego,2021-05-21,22798,3282557,14363,1679834,7502,1512490,933,90233,9409,666937,13360,1486854,11314,2153791,California
San Diego,2021-05-22,17363,3299920,9614,1689448,6671,1519161,1078,91311,7405,666338,9941,1496795,9342,2163133,California
San Diego,2021-05-23,4712,3304632,3555,1693003,884,1520045,273,91584,2528,667168,2179,1498974,3009,2166142,California
San Diego,2021-05-24,17608,3322240,8967,1701970,6752,1526797,1889,93473,6512,665319,11079,1510053,9230,2175372,California
San Diego,2021-05-25,24122,3346362,13219,1715189,9081,1535878,1822,95295,8734,661647,15356,1525409,11684,2187056,California
San Diego,2021-05-26,18636,3364998,10255,1725444,6423,1542301,1958,97253,6507,658731,12097,1537506,9181,2196237,California
San Diego,2021-05-27,9220,3374218,4864,1730308,2220,1544521,2136,99389,2653,657538,6556,1544062,5363,2201600,California
San Francisco,2020-12-15,7,7,7,7,0,0,0,0,7,7,0,0,7,7,California
San Francisco,2020-12-16,230,237,230,237,0,0,0,0,230,237,0,0,230,237,California
San Francisco,2020-12-17,394,631,394,631,0,0,0,0,394,631,0,0,394,631,California
San Francisco,2020-12-18,879,1510,878,1509,1,1,0,0,879,1510,0,0,879,1510,California
San Francisco,2020-12-19,603,2113,603,2112,0,1,0,0,603,2113,0,0,603,2113,California
San Francisco,2020-12-20,483,2596,483,2595,0,1,0,0,483,2596,0,0,483,2596,California
San Francisco,2020-12-21,1162,3758,1162,3757,0,1,0,0,1162,3758,0,0,1162,3758,California
San Francisco,2020-12-22,1406,5164,1372,5129,34,35,0,0,1406,5164,0,0,1406,5164,California
San Francisco,2020-12-23,1352,6516,1057,6186,295,330,0,0,1352,6516,0,0,1352,6516,California
San Francisco,2020-12-24,843,7359,505,6691,338,668,0,0,843,7359,0,0,843,7359,California
San Francisco,2020-12-25,34,7393,29,6720,5,673,0,0,34,7393,0,0,34,7393,California
San Francisco,2020-12-26,247,7640,152,6872,95,768,0,0,247,7640,0,0,247,7640,California
San Francisco,2020-12-27,274,7914,60,6932,214,982,0,0,274,7914,0,0,274,7914,California
San Francisco,2020-12-28,1273,9187,689,7621,584,1566,0,0,1273,9187,0,0,1273,9187,California
San Francisco,2020-12-29,1253,10440,628,8249,625,2191,0,0,1253,10440,0,0,1253,10440,California
San Francisco,2020-12-30,1489,11929,780,9029,709,2900,0,0,1489,11929,0,0,1489,11929,California
San Francisco,2020-12-31,964,12893,410,9439,554,3454,0,0,963,12892,0,0,963,12892,California
San Francisco,2021-01-01,92,12985,72,9511,20,3474,0,0,92,12984,0,0,92,12984,California
San Francisco,2021-01-02,336,13321,303,9814,33,3507,0,0,336,13320,0,0,336,13320,California
San Francisco,2021-01-03,298,13619,105,9919,193,3700,0,0,297,13616,1,1,297,13617,California
San Francisco,2021-01-04,1839,15458,1355,11274,484,4184,0,0,1836,15449,3,4,1836,15453,California
San Francisco,2021-01-05,2235,17693,1420,12694,815,4999,0,0,2200,17616,35,39,2202,17655,California
San Francisco,2021-01-06,1872,19565,1160,13854,712,5711,0,0,1608,18963,262,301,1609,19264,California
San Francisco,2021-01-07,2067,21632,1207,15061,860,6571,0,0,1607,20113,457,758,1607,20871,California
San Francisco,2021-01-08,2335,23967,1638,16699,697,7268,0,0,1496,20775,834,1592,1496,22367,California
San Francisco,2021-01-09,1389,25356,894,17593,495,7763,0,0,884,21156,505,2097,886,23253,California
San Francisco,2021-01-10,919,26275,541,18134,378,8141,0,0,460,21158,458,2555,460,23713,California
San Francisco,2021-01-11,2505,28780,1870,20004,635,8776,0,0,1403,21458,1103,3658,1403,25116,California
San Francisco,2021-01-12,3093,31873,2071,22075,1022,9798,0,0,1898,22163,1195,4853,1900,27016,California
San Francisco,2021-01-13,2832,34705,1617,23692,1215,11013,0,0,1999,23329,833,5686,1999,29015,California
San Francisco,2021-01-14,2445,37150,1103,24795,1342,12355,0,0,1884,24652,561,6247,1884,30899,California
San Francisco,2021-01-15,2748,39898,1148,25943,1600,13955,0,0,2357,26622,389,6636,2359,33258,California
San Francisco,2021-01-16,2258,42156,965,26908,1293,15248,0,0,2091,28547,167,6803,2092,35350,California
San Francisco,2021-01-17,1926,44082,533,27441,1393,16641,0,0,1710,30041,216,7019,1710,37060,California
San Francisco,2021-01-18,1380,45462,595,28036,785,17426,0,0,1114,30891,265,7284,1115,38175,California
San Francisco,2021-01-19,2581,48043,1476,29512,1105,18531,0,0,1830,31970,751,8035,1830,40005,California
San Francisco,2021-01-20,2760,50803,1129,30641,1631,20162,0,0,2007,33228,750,8785,2008,42013,California
San Francisco,2021-01-21,3322,54125,946,31587,2376,22538,0,0,2486,34880,834,9619,2486,44499,California
San Francisco,2021-01-22,3190,57315,644,32231,2546,25084,0,0,2748,37188,440,10059,2748,47247,California
San Francisco,2021-01-23,3093,60408,611,32842,2482,27566,0,0,2725,39547,367,10426,2726,49973,California
San Francisco,2021-01-24,2430,62838,364,33206,2066,29632,0,0,2199,41518,228,10654,2199,52172,California
San Francisco,2021-01-25,4637,67475,1833,35039,2804,32436,0,0,3049,42982,1586,12240,3050,55222,California
San Francisco,2021-01-26,4709,72184,2172,37211,2537,34973,0,0,3080,44438,1626,13866,3082,58304,California
San Francisco,2021-01-27,4359,76543,2001,39212,2358,37331,0,0,3073,46227,1284,15150,3073,61377,California
San Francisco,2021-01-28,3759,80302,1554,40766,2205,39536,0,0,2598,47669,1156,16306,2598,63975,California
San Francisco,2021-01-29,4722,85024,1681,42447,3041,42577,0,0,3449,49852,1266,17572,3449,67424,California
San Francisco,2021-01-30,3783,88807,1845,44292,1938,44515,0,0,3328,52730,454,18026,3332,70756,California
San Francisco,2021-01-31,2352,91159,825,45117,1527,46042,0,0,2201,54782,150,18176,2202,72958,California
San Francisco,2021-02-01,3973,95132,1698,46815,2275,48317,0,0,2902,56614,1071,19247,2903,75861,California
San Francisco,2021-02-02,4487,99619,1795,48610,2692,51009,0,0,2893,57919,1588,20835,2893,78754,California
San Francisco,2021-02-03,5070,104689,2377,50987,2693,53702,0,0,3755,60362,1313,22148,3756,82510,California
San Francisco,2021-02-04,5024,109713,2427,53414,2597,56299,0,0,3862,63064,1160,23308,3862,86372,California
San Francisco,2021-02-05,5959,115672,3214,56628,2745,59044,0,0,4616,66340,1341,24649,4617,90989,California
San Francisco,2021-02-06,5491,121163,3670,60298,1821,60865,0,0,4591,70035,898,25547,4593,95582,California
San Francisco,2021-02-07,4344,125507,3195,63493,1149,62014,0,0,3767,73231,574,26121,3770,99352,California
San Francisco,2021-02-08,6735,132242,4641,68134,2094,64108,0,0,5513,77540,1206,27327,5515,104867,California
San Francisco,2021-02-09,5939,138181,3995,72129,1944,66052,0,0,4387,80367,1561,28888,4388,109255,California
San Francisco,2021-02-10,6886,145067,4191,76320,2695,68747,0,0,5079,83647,1802,30690,5082,114337,California
San Francisco,2021-02-11,6722,151789,3987,80307,2735,71482,0,0,4900,86731,1817,32507,4901,119238,California
San Francisco,2021-02-12,5330,157119,2674,82981,2656,74138,0,0,3495,88389,1837,34344,3495,122733,California
San Francisco,2021-02-13,4382,161501,2563,85544,1819,75957,0,0,3048,90105,1334,35678,3050,125783,California
San Francisco,2021-02-14,3428,164929,2249,87793,1179,77136,0,0,2299,91278,1128,36806,2301,128084,California
San Francisco,2021-02-15,2775,167704,1507,89300,1268,78404,0,0,1681,91867,1092,37898,1681,129765,California
San Francisco,2021-02-16,5066,172770,2791,92091,2275,80679,0,0,2974,92762,2085,39983,2980,132745,California
San Francisco,2021-02-17,5342,178112,2615,94706,2727,83406,0,0,2957,93345,2375,42358,2958,135703,California
San Francisco,2021-02-18,5368,183480,2626,97332,2742,86148,0,0,2786,93553,2581,44939,2789,138492,California
San Francisco,2021-02-19,5643,189123,2648,99980,2995,89143,0,0,2930,93778,2707,47646,2932,141424,California
San Francisco,2021-02-20,4527,193650,2180,102160,2347,91490,0,0,1699,92659,2819,50465,1700,143124,California
San Francisco,2021-02-21,2889,196539,1518,103678,1371,92861,0,0,1280,92339,1601,52066,1281,144405,California
San Francisco,2021-02-22,5121,201660,3190,106868,1931,94792,0,0,2578,92384,2535,54601,2580,146985,California
San Francisco,2021-02-23,5537,207197,3158,110026,2379,97171,0,0,2838,92529,2693,57294,2838,149823,California
San Francisco,2021-02-24,9032,216229,5120,115146,3912,101083,0,0,4829,93166,4193,61487,4830,154653,California
San Francisco,2021-02-25,9796,226025,6882,122028,2914,103997,0,0,6333,96041,3460,64947,6335,160988,California
San Francisco,2021-02-26,11982,238007,7779,129807,4203,108200,0,0,7100,98260,4882,69829,7101,168089,California
San Francisco,2021-02-27,9253,247260,6000,135807,3252,111452,1,1,4646,98314,4594,74423,4648,172737,California
San Francisco,2021-02-28,7767,255027,5582,141389,2185,113637,0,1,3860,98269,3906,78329,3861,176598,California
San Francisco,2021-03-01,11022,266049,7491,148880,3527,117164,4,5,5325,97928,5672,84001,5331,181929,California
San Francisco,2021-03-02,9965,276014,6727,155607,3238,120402,0,5,5648,99269,4308,88309,5649,187578,California
San Francisco,2021-03-03,11264,287278,6550,162157,4713,125115,1,6,6145,100312,5106,93415,6149,193727,California
San Francisco,2021-03-04,8747,296025,5507,167664,3240,128355,0,6,4930,101433,3809,97224,4930,198657,California
San Francisco,2021-03-05,9215,305240,5654,173318,3557,131912,4,10,5775,103785,3428,100652,5780,204437,California
San Francisco,2021-03-06,7118,312358,4658,177976,2251,134163,209,219,4442,105743,2690,103342,4648,209085,California
San Francisco,2021-03-07,5391,317749,4218,182194,1115,135278,58,277,3105,106607,2299,105641,3163,212248,California
San Francisco,2021-03-08,7470,325219,5473,187667,1811,137089,186,463,5895,111081,1607,107248,6081,218329,California
San Francisco,2021-03-09,8327,333546,5536,193203,2416,139505,375,838,6098,115314,2235,109483,6468,224797,California
San Francisco,2021-03-10,11143,344689,6604,199807,4039,143544,500,1338,7039,118773,4082,113565,7541,232338,California
San Francisco,2021-03-11,10086,354775,6387,206194,2734,146278,965,2303,6625,122913,3443,117008,7583,239921,California
San Francisco,2021-03-12,10868,365643,6355,212549,3171,149449,1342,3645,6053,125511,4793,121801,7391,247312,California
San Francisco,2021-03-13,6706,372349,3942,216491,1703,151152,1061,4706,4172,128219,2525,124326,5233,252545,California
San Francisco,2021-03-14,7578,379927,4929,221420,2405,153557,244,4950,3985,128868,3578,127904,4227,256772,California
San Francisco,2021-03-15,12090,392017,9250,230670,1895,155452,945,5895,8386,134497,3691,131595,9320,266092,California
San Francisco,2021-03-16,12223,404240,8336,239006,3427,158879,460,6355,8838,140431,3363,134958,9297,275389,California
San Francisco,2021-03-17,13351,417591,8286,247292,4503,163382,562,6917,9620,146907,3702,138660,10178,285567,California
San Francisco,2021-03-18,10088,427679,6864,254156,2601,165983,623,7540,5752,148964,4312,142972,6369,291936,California
San Francisco,2021-03-19,12409,440088,9074,263230,2867,168850,468,8008,6576,150198,5805,148777,7039,298975,California
San Francisco,2021-03-20,8890,448978,6545,269775,1880,170730,465,8473,5174,152154,3685,152462,5641,304616,California
San Francisco,2021-03-21,6615,455593,6058,275833,420,171150,137,8610,3735,153163,2862,155324,3871,308487,California
San Francisco,2021-03-22,9857,465450,6937,282770,2074,173224,846,9456,5115,154400,4717,160041,5954,314441,California
San Francisco,2021-03-23,11274,476724,7479,290249,3145,176369,650,10106,6314,156431,4930,164971,6961,321402,California
San Francisco,2021-03-24,12392,489116,9496,299745,2360,178729,536,10642,6281,157173,6069,171040,6811,328213,California
San Francisco,2021-03-25,11926,501042,8743,308488,2620,181349,563,11205,5891,157657,5966,177006,6450,334663,California
San Francisco,2021-03-26,12021,513063,8340,316828,3447,184796,234,11439,5896,157694,6091,183097,6128,340791,California
San Francisco,2021-03-27,8784,521847,5892,322720,2543,187339,349,11788,3761,156801,5002,188099,4109,344900,California
San Francisco,2021-03-28,6686,528533,5342,328062,1302,188641,42,11830,3003,156185,3658,191757,3042,347942,California
San Francisco,2021-03-29,11511,540044,7995,336057,3329,191970,187,12017,4859,154605,6624,198381,5044,352986,California
San Francisco,2021-03-30,11665,551709,7325,343382,4047,196017,293,12310,5523,154304,6117,204498,5816,358802,California
San Francisco,2021-03-31,12282,563991,8182,351564,3800,199817,300,12610,4958,152266,7290,211788,5252,364054,California
San Francisco,2021-04-01,13986,577977,7433,358997,4851,204668,1702,14312,6029,152062,7920,219708,7716,371770,California
San Francisco,2021-04-02,14860,592837,6561,365558,6413,211081,1886,16198,6955,153013,7883,227591,8834,380604,California
San Francisco,2021-04-03,10564,603401,4889,370447,3851,214932,1824,18022,4835,153954,5713,233304,6654,387258,California
San Francisco,2021-04-04,9044,612445,4791,375238,2595,217527,1658,19680,3570,153719,5460,238764,5225,392483,California
San Francisco,2021-04-05,16033,628478,9821,385059,4326,221853,1886,21566,6313,152222,9691,248455,8194,400677,California
San Francisco,2021-04-06,16053,644531,9509,394568,4477,226330,2067,23633,6229,150716,9798,258253,8292,408969,California
San Francisco,2021-04-07,16846,661377,10024,404592,4590,230920,2232,25865,6991,150100,9831,268084,9215,418184,California
San Francisco,2021-04-08,14178,675555,6744,411336,3020,233940,4414,30279,4620,149586,9526,277610,9012,427196,California
San Francisco,2021-04-09,15799,691354,7639,418975,4808,238748,3352,33631,6574,150304,9193,286803,9911,437107,California
San Francisco,2021-04-10,13267,704621,5686,424661,5845,244593,1736,35367,7070,152931,6171,292974,8798,445905,California
San Francisco,2021-04-11,9982,714603,7476,432137,1332,245925,1174,36541,5144,154419,4825,297799,6313,452218,California
San Francisco,2021-04-12,10591,725194,6877,439014,2565,248490,1149,37690,4843,154680,5726,303525,5987,458205,California
San Francisco,2021-04-13,10742,735936,7286,446300,3443,251933,13,37703,5393,154763,5327,308852,5410,463615,California
San Francisco,2021-04-14,13269,749205,7990,454290,5278,257211,1,37704,6379,154289,6854,315706,6380,469995,California
San Francisco,2021-04-15,13709,762914,9507,463797,4201,261412,1,37705,8052,156719,5626,321332,8056,478051,California
San Francisco,2021-04-16,12911,775825,8689,472486,4178,265590,44,37749,7621,159128,5260,326592,7669,485720,California
San Francisco,2021-04-17,10055,785880,7299,479785,2755,268345,1,37750,7088,163271,2950,329542,7093,492813,California
San Francisco,2021-04-18,6605,792485,5044,484829,1559,269904,2,37752,4086,164859,2502,332044,4090,496903,California
San Francisco,2021-04-19,10865,803350,8167,492996,2694,272598,4,37756,6987,167999,3861,335905,7001,503904,California
San Francisco,2021-04-20,12328,815678,7210,500206,5116,277714,2,37758,8502,172704,3800,339705,8505,512409,California
San Francisco,2021-04-21,10553,826231,7539,507745,3009,280723,5,37763,6430,175047,4096,343801,6439,518848,California
San Francisco,2021-04-22,10433,836664,7719,515464,2713,283436,1,37764,6020,176685,4389,348190,6027,524875,California
San Francisco,2021-04-23,10325,846989,5921,521385,4404,287840,0,37764,6134,178664,4162,352352,6141,531016,California
San Francisco,2021-04-24,7943,854932,5466,526851,2477,290317,0,37764,4704,180158,3218,355570,4712,535728,California
San Francisco,2021-04-25,5026,859958,4326,531177,694,291011,6,37770,2937,181030,2074,357644,2946,538674,California
San Francisco,2021-04-26,7937,867895,5620,536797,2305,293316,12,37782,3910,180962,4002,361646,3934,542608,California
San Francisco,2021-04-27,8440,876335,5700,542497,2612,295928,128,37910,4200,181084,4216,365862,4338,546946,California
San Francisco,2021-04-28,9244,885579,6518,549015,2535,298463,191,38101,4752,181571,4460,370322,4947,551893,California
San Francisco,2021-04-29,9104,894683,5384,554399,3527,301990,193,38294,4371,181439,4708,375030,4576,556469,California
San Francisco,2021-04-30,10865,905548,5182,559581,5483,307473,200,38494,3976,178769,6851,381881,4181,560650,California
San Francisco,2021-05-01,6931,912479,3582,563163,3235,310708,114,38608,1704,175387,5202,387083,1820,562470,California
San Francisco,2021-05-02,5318,917797,3087,566250,2133,312841,98,38706,973,172123,4338,391421,1074,563544,California
San Francisco,2021-05-03,9660,927457,6579,572829,2920,315761,161,38867,2462,167585,7168,398589,2630,566174,California
San Francisco,2021-05-04,9340,936797,5979,578808,3112,318873,249,39116,2289,163107,7021,405610,2543,568717,California
San Francisco,2021-05-05,8757,945554,6118,584926,2330,321203,309,39425,2147,159000,6567,412177,2460,571177,California
San Francisco,2021-05-06,10710,956264,8563,593489,1677,322880,470,39895,1856,152507,8821,420998,2328,573505,California
San Francisco,2021-05-07,10085,966349,6454,599943,3362,326242,269,40164,1635,145987,8424,429422,1904,575409,California
San Francisco,2021-05-08,8356,974705,3545,603488,4681,330923,130,40294,984,139761,7341,436763,1115,576524,California
San Francisco,2021-05-09,6686,981391,5827,609315,777,331700,82,40376,1219,135613,5443,442206,1295,577819,California
San Francisco,2021-05-10,6968,988359,4929,614244,1789,333489,250,40626,1043,131007,5898,448104,1292,579111,California
San Francisco,2021-05-11,7135,995494,5111,619355,1821,335310,203,40829,1378,126865,5724,453828,1582,580693,California
San Francisco,2021-05-12,7416,1002910,5328,624683,1654,336964,434,41263,1503,122911,5883,459711,1929,582622,California
San Francisco,2021-05-13,10360,1013270,7544,632227,2603,339567,213,41476,3832,120461,6501,466212,4051,586673,California
San Francisco,2021-05-14,9264,1022534,6567,638794,2527,342094,170,41646,2995,117396,6240,472452,3175,589848,California
San Francisco,2021-05-15,7780,1030314,6246,645040,1477,343571,57,41703,3001,115704,4762,477214,3070,592918,California
San Francisco,2021-05-16,4950,1035264,4170,649210,722,344293,58,41761,1837,114506,3093,480307,1895,594813,California
San Francisco,2021-05-17,7227,1042491,5383,654593,1678,345971,166,41927,2551,112569,4657,484964,2720,597533,California
San Francisco,2021-05-18,8634,1051125,4962,659555,3498,349469,174,42101,2031,108215,6560,491524,2206,599739,California
San Francisco,2021-05-19,7435,1058560,5524,665079,1680,351149,231,42332,2473,105983,4935,496459,2703,602442,California
San Francisco,2021-05-20,5328,1063888,3623,668702,1510,352659,195,42527,1546,103971,3750,500209,1738,604180,California
San Francisco,2021-05-21,6637,1070525,3756,672458,2732,355391,149,42676,1737,100996,4858,505067,1883,606063,California
San Francisco,2021-05-22,4339,1074864,3370,675828,922,356313,47,42723,2105,100932,2217,507284,2153,608216,California
San Francisco,2021-05-23,1537,1076401,1250,677078,255,356568,32,42755,784,101007,743,508027,818,609034,California
San Francisco,2021-05-24,4066,1080467,2870,679948,1029,357597,167,42922,1263,99658,2779,510806,1430,610464,California
San Francisco,2021-05-25,3728,1084195,2412,682360,1086,358683,230,43152,1160,98494,2549,513355,1385,611849,California
San Francisco,2021-05-26,3949,1088144,2566,684926,1232,359915,151,43303,1260,97241,2664,516019,1411,613260,California
San Francisco,2021-05-27,2634,1090778,1438,686364,1054,360969,142,43445,945,96642,1685,517704,1086,614346,California
San Joaquin,2020-12-15,12,12,12,12,0,0,0,0,12,12,0,0,12,12,California
San Joaquin,2020-12-16,308,320,308,320,0,0,0,0,308,320,0,0,308,320,California
San Joaquin,2020-12-17,311,631,311,631,0,0,0,0,311,631,0,0,311,631,California
San Joaquin,2020-12-18,523,1154,519,1150,4,4,0,0,523,1154,0,0,523,1154,California
San Joaquin,2020-12-19,188,1342,188,1338,0,4,0,0,188,1342,0,0,188,1342,California
San Joaquin,2020-12-20,114,1456,113,1451,1,5,0,0,114,1456,0,0,114,1456,California
San Joaquin,2020-12-21,492,1948,492,1943,0,5,0,0,492,1948,0,0,492,1948,California
San Joaquin,2020-12-22,970,2918,850,2793,120,125,0,0,969,2917,0,0,969,2917,California
San Joaquin,2020-12-23,984,3902,925,3718,59,184,0,0,982,3899,2,2,984,3901,California
San Joaquin,2020-12-24,215,4117,187,3905,28,212,0,0,214,4113,1,3,215,4116,California
San Joaquin,2020-12-25,14,4131,14,3919,0,212,0,0,14,4127,0,3,14,4130,California
San Joaquin,2020-12-26,102,4233,30,3949,72,284,0,0,102,4229,0,3,102,4232,California
San Joaquin,2020-12-27,42,4275,29,3978,13,297,0,0,42,4271,0,3,42,4274,California
San Joaquin,2020-12-28,623,4898,421,4399,202,499,0,0,623,4894,0,3,623,4897,California
San Joaquin,2020-12-29,792,5690,665,5064,127,626,0,0,792,5686,0,3,792,5689,California
San Joaquin,2020-12-30,1009,6699,717,5781,292,918,0,0,1007,6693,2,5,1009,6698,California
San Joaquin,2020-12-31,453,7152,202,5983,251,1169,0,0,453,7146,1,6,454,7152,California
San Joaquin,2021-01-01,23,7175,13,5996,10,1179,0,0,23,7169,0,6,23,7175,California
San Joaquin,2021-01-02,265,7440,243,6239,22,1201,0,0,265,7434,0,6,265,7440,California
San Joaquin,2021-01-03,38,7478,20,6259,18,1219,0,0,37,7470,1,7,37,7477,California
San Joaquin,2021-01-04,477,7955,338,6597,139,1358,0,0,475,7944,1,8,475,7952,California
San Joaquin,2021-01-05,980,8935,647,7244,333,1691,0,0,810,8621,170,178,847,8799,California
San Joaquin,2021-01-06,1220,10155,707,7951,513,2204,0,0,917,9243,298,476,920,9719,California
San Joaquin,2021-01-07,1080,11235,683,8634,397,2601,0,0,790,9747,287,763,791,10510,California
San Joaquin,2021-01-08,1198,12433,820,9454,378,2979,0,0,713,9980,484,1247,717,11227,California
San Joaquin,2021-01-09,379,12812,300,9754,79,3058,0,0,249,10100,130,1377,250,11477,California
San Joaquin,2021-01-10,224,13036,118,9872,106,3164,0,0,171,10219,52,1429,171,11648,California
San Joaquin,2021-01-11,1529,14565,1322,11194,207,3371,0,0,863,10484,665,2094,930,12578,California
San Joaquin,2021-01-12,1464,16029,1053,12247,411,3782,0,0,695,10484,765,2859,765,13343,California
San Joaquin,2021-01-13,1530,17559,896,13143,634,4416,0,0,957,10875,571,3430,962,14305,California
San Joaquin,2021-01-14,1748,19307,971,14114,777,5193,0,0,1406,11976,321,3751,1422,15727,California
San Joaquin,2021-01-15,1527,20834,540,14654,987,6180,0,0,1302,13085,210,3961,1319,17046,California
San Joaquin,2021-01-16,1128,21962,179,14833,949,7129,0,0,1099,14156,28,3989,1099,18145,California
San Joaquin,2021-01-17,1619,23581,135,14968,1484,8613,0,0,1578,15695,41,4030,1580,19725,California
San Joaquin,2021-01-18,739,24320,237,15205,502,9115,0,0,618,16196,117,4147,618,20343,California
San Joaquin,2021-01-19,1871,26191,898,16103,973,10088,0,0,1189,16716,677,4824,1197,21540,California
San Joaquin,2021-01-20,2087,28278,1284,17387,803,10891,0,0,1439,17520,641,5465,1445,22985,California
San Joaquin,2021-01-21,1973,30251,894,18281,1079,11970,0,0,1577,18716,389,5854,1585,24570,California
San Joaquin,2021-01-22,1954,32205,896,19177,1058,13028,0,0,1812,20393,137,5991,1814,26384,California
San Joaquin,2021-01-23,899,33104,398,19575,501,13529,0,0,615,20727,283,6274,617,27001,California
San Joaquin,2021-01-24,351,33455,135,19710,216,13745,0,0,328,21035,20,6294,328,27329,California
San Joaquin,2021-01-25,1997,35452,1143,20853,854,14599,0,0,1432,21907,562,6856,1434,28763,California
San Joaquin,2021-01-26,2149,37601,1116,21969,1033,15632,0,0,1537,22843,606,7462,1542,30305,California
San Joaquin,2021-01-27,1730,39331,768,22737,962,16594,0,0,1234,23592,492,7954,1241,31546,California
San Joaquin,2021-01-28,2039,41370,767,23504,1272,17866,0,0,1386,24335,649,8603,1392,32938,California
San Joaquin,2021-01-29,2152,43522,1047,24551,1105,18971,0,0,1805,25807,341,8944,1813,34751,California
San Joaquin,2021-01-30,2170,45692,352,24903,1818,20789,0,0,1992,27624,177,9121,1994,36745,California
San Joaquin,2021-01-31,1559,47251,181,25084,1378,22167,0,0,1494,29055,64,9185,1495,38240,California
San Joaquin,2021-02-01,2524,49775,1339,26423,1185,23352,0,0,1767,30068,757,9942,1770,40010,California
San Joaquin,2021-02-02,2579,52354,1154,27577,1425,24777,0,0,1969,31491,550,10492,1973,41983,California
San Joaquin,2021-02-03,3074,55428,1213,28790,1861,26638,0,0,2209,32848,858,11350,2215,44198,California
San Joaquin,2021-02-04,3537,58965,1812,30602,1725,28363,0,0,2645,34612,887,12237,2651,46849,California
San Joaquin,2021-02-05,3163,62128,1802,32404,1361,29724,0,0,2342,36153,813,13050,2354,49203,California
San Joaquin,2021-02-06,1085,63213,746,33150,339,30063,0,0,942,36955,141,13191,943,50146,California
San Joaquin,2021-02-07,618,63831,489,33639,129,30192,0,0,414,37171,199,13390,415,50561,California
San Joaquin,2021-02-08,1784,65615,1034,34673,750,30942,0,0,1444,38304,317,13707,1450,52011,California
San Joaquin,2021-02-09,2119,67734,1152,35825,967,31909,0,0,1580,39417,469,14176,1582,53593,California
San Joaquin,2021-02-10,2557,70291,1246,37071,1311,33220,0,0,1339,39560,1196,15372,1339,54932,California
San Joaquin,2021-02-11,2910,73201,1482,38553,1428,34648,0,0,1697,40082,1181,16553,1703,56635,California
San Joaquin,2021-02-12,2816,76017,1127,39680,1689,36337,0,0,1594,40480,1201,17754,1599,58234,California
San Joaquin,2021-02-13,2117,78134,396,40076,1721,38058,0,0,855,40093,1248,19002,861,59095,California
San Joaquin,2021-02-14,1902,80036,260,40336,1642,39700,0,0,690,39601,1183,20185,691,59786,California
San Joaquin,2021-02-15,1987,82023,836,41172,1151,40851,0,0,1194,40037,763,20948,1199,60985,California
San Joaquin,2021-02-16,3157,85180,1372,42544,1785,42636,0,0,1746,40398,1396,22344,1757,62742,California
San Joaquin,2021-02-17,3275,88455,1265,43809,2010,44646,0,0,1865,40870,1397,23741,1869,64611,California
San Joaquin,2021-02-18,3335,91790,1370,45179,1965,46611,0,0,1898,41369,1404,25145,1903,66514,California
San Joaquin,2021-02-19,4263,96053,2407,47586,1856,48467,0,0,2386,41933,1822,26967,2386,68900,California
San Joaquin,2021-02-20,1549,97602,657,48243,892,49359,0,0,1055,42495,493,27460,1055,69955,California
San Joaquin,2021-02-21,664,98266,504,48747,160,49519,0,0,416,42669,245,27705,419,70374,California
San Joaquin,2021-02-22,3535,101801,2494,51241,1041,50560,0,0,2527,44221,979,28684,2531,72905,California
San Joaquin,2021-02-23,4300,106101,2615,53856,1685,52245,0,0,2647,45248,1625,30309,2652,75557,California
San Joaquin,2021-02-24,5742,111843,3411,57267,2331,54576,0,0,4125,47785,1592,31901,4129,79686,California
San Joaquin,2021-02-25,6328,118171,3911,61178,2417,56993,0,0,4082,49666,2211,34112,4092,83778,California
San Joaquin,2021-02-26,5470,123641,2846,64024,2624,59617,0,0,3765,51764,1673,35785,3771,87549,California
San Joaquin,2021-02-27,5458,129099,1618,65642,3840,63457,0,0,2628,51629,2775,38560,2640,90189,California
San Joaquin,2021-02-28,3082,132181,1106,66748,1976,65433,0,0,2035,52644,1022,39582,2037,92226,California
San Joaquin,2021-03-01,4104,136285,1804,68552,2298,67731,2,2,2326,53218,1761,41343,2335,94561,California
San Joaquin,2021-03-02,4203,140488,1679,70231,2524,70255,0,2,2641,54373,1541,42884,2696,97257,California
San Joaquin,2021-03-03,5778,146266,3432,73663,2344,72599,2,4,4168,56956,1586,44470,4169,101426,California
San Joaquin,2021-03-04,5712,151978,2267,75930,3442,76041,3,7,3734,58731,1963,46433,3738,105164,California
San Joaquin,2021-03-05,4449,156427,1896,77826,2548,78589,5,12,3069,60445,1364,47797,3078,108242,California
San Joaquin,2021-03-06,3297,159724,2171,79997,996,79585,130,142,2714,62713,579,48376,2847,111089,California
San Joaquin,2021-03-07,1220,160944,563,80560,609,80194,48,190,935,63414,267,48643,968,112057,California
San Joaquin,2021-03-08,3145,164089,1261,81821,1759,81953,125,315,2131,64667,1002,49645,2255,114312,California
San Joaquin,2021-03-09,4019,168108,1821,83642,2070,84023,128,443,2668,66131,1337,50982,2801,117113,California
San Joaquin,2021-03-10,4639,172747,2465,86107,2035,86058,139,582,3414,68474,1211,52193,3554,120667,California
San Joaquin,2021-03-11,4936,177683,2344,88451,1991,88049,601,1183,2934,70021,1992,54185,3539,124206,California
San Joaquin,2021-03-12,6277,183960,3133,91584,2809,90858,335,1518,4155,72422,2096,56281,4497,128703,California
San Joaquin,2021-03-13,3067,187027,1454,93038,1487,92345,126,1644,2288,74073,771,57052,2422,131125,California
San Joaquin,2021-03-14,2161,189188,671,93709,1187,93532,303,1947,1028,74283,1126,58178,1336,132461,California
San Joaquin,2021-03-15,6070,195258,3495,97204,2170,95702,405,2352,3176,75015,2862,61040,3594,136055,California
San Joaquin,2021-03-16,6849,202107,3897,101101,2694,98396,258,2610,4034,76519,2794,63834,4298,140353,California
San Joaquin,2021-03-17,7799,209906,4672,105773,3057,101453,70,2680,4338,77512,3424,67258,4417,144770,California
San Joaquin,2021-03-18,7633,217539,4488,110261,2639,104092,506,3186,3772,77980,3818,71076,4286,149056,California
San Joaquin,2021-03-19,7931,225470,4648,114909,2741,106833,542,3728,4804,80269,3104,74180,5393,154449,California
San Joaquin,2021-03-20,3678,229148,2126,117035,1308,108141,244,3972,1827,80515,1836,76016,2082,156531,California
San Joaquin,2021-03-21,2106,231254,1494,118529,405,108546,207,4179,1183,81036,913,76929,1434,157965,California
San Joaquin,2021-03-22,3967,235221,2032,120561,1519,110065,416,4595,2343,82193,1608,78537,2765,160730,California
San Joaquin,2021-03-23,5379,240600,2642,123203,2570,112635,167,4762,3710,84426,1651,80188,3884,164614,California
San Joaquin,2021-03-24,6833,247433,4241,127444,2505,115140,87,4849,3018,83761,3778,83966,3113,167727,California
San Joaquin,2021-03-25,5556,252989,3300,130744,2214,117354,42,4891,3293,84862,2241,86207,3342,171069,California
San Joaquin,2021-03-26,6171,259160,2558,133302,3463,120817,150,5041,3232,85349,2914,89121,3401,174470,California
San Joaquin,2021-03-27,4661,263821,2623,135925,1966,122783,72,5113,1807,84408,2831,91952,1890,176360,California
San Joaquin,2021-03-28,2722,266543,1807,137732,890,123673,25,5138,1294,84398,1408,93360,1398,177758,California
San Joaquin,2021-03-29,4036,270579,2178,139910,1835,125508,23,5161,2018,84452,2002,95362,2056,179814,California
San Joaquin,2021-03-30,6218,276797,3163,143073,2963,128471,92,5253,3428,85229,2763,98125,3540,183354,California
San Joaquin,2021-03-31,6585,283382,4148,147221,2376,130847,61,5314,3338,85421,3230,101355,3422,186776,California
San Joaquin,2021-04-01,6408,289790,2972,150193,3349,134196,87,5401,2830,84840,3555,104910,2974,189750,California
San Joaquin,2021-04-02,6330,296120,2879,153072,2960,137156,491,5892,2531,84120,3774,108684,3054,192804,California
San Joaquin,2021-04-03,4137,300257,2330,155402,1482,138638,325,6217,1996,84326,2124,110808,2330,195134,California
San Joaquin,2021-04-04,2280,302537,1364,156766,714,139352,202,6419,1547,85367,725,111533,1766,196900,California
San Joaquin,2021-04-05,4710,307247,2828,159594,1700,141052,182,6601,2632,86125,2066,113599,2824,199724,California
San Joaquin,2021-04-06,7038,314285,4525,164119,2247,143299,266,6867,3330,86054,3682,117281,3611,203335,California
San Joaquin,2021-04-07,8323,322608,4524,168643,2212,145511,1587,8454,3493,86335,4814,122095,5095,208430,California
San Joaquin,2021-04-08,8696,331304,4698,173341,1934,147445,2064,10518,3305,86340,5364,127459,5369,213799,California
San Joaquin,2021-04-09,8857,340161,4272,177613,3027,150472,1558,12076,3207,85498,5627,133086,4785,218584,California
San Joaquin,2021-04-10,5211,345372,1626,179239,1678,152150,1907,13983,1759,85719,3441,136527,3662,222246,California
San Joaquin,2021-04-11,4074,349446,1546,180785,1362,153512,1166,15149,1768,86352,2296,138823,2929,225175,California
San Joaquin,2021-04-12,5968,355414,2378,183163,2054,155566,1536,16685,2332,86609,3616,142439,3873,229048,California
San Joaquin,2021-04-13,7455,362869,4295,187458,3153,158719,7,16692,4568,88328,2864,145303,4583,233631,California
San Joaquin,2021-04-14,7450,370319,3720,191178,3729,162448,1,16693,4462,89830,2970,148273,4472,238103,California
San Joaquin,2021-04-15,7797,378116,4598,195776,3199,165647,0,16693,4353,90779,3410,151683,4359,242462,California
San Joaquin,2021-04-16,7626,385742,4071,199847,3552,169199,3,16696,4572,92338,3027,154710,4586,247048,California
San Joaquin,2021-04-17,5148,390890,2781,202628,2365,171564,2,16698,3654,94526,1484,156194,3672,250720,California
San Joaquin,2021-04-18,2463,393353,1365,203993,1098,172662,0,16698,1307,94700,1141,157335,1315,252035,California
San Joaquin,2021-04-19,5157,398510,2798,206791,2359,175021,0,16698,2762,95102,2370,159705,2772,254807,California
San Joaquin,2021-04-20,6220,404730,3274,210065,2946,177967,0,16698,2948,94814,3246,162951,2958,257765,California
San Joaquin,2021-04-21,5642,410372,3126,213191,2516,180483,0,16698,2917,95059,2679,165630,2924,260689,California
San Joaquin,2021-04-22,5289,415661,3129,216320,2158,182641,2,16700,3065,95946,2197,167827,3084,263773,California
San Joaquin,2021-04-23,5901,421562,2835,219155,3065,185706,1,16701,3749,97568,2132,169959,3754,267527,California
San Joaquin,2021-04-24,5231,426793,3606,222761,1624,187330,1,16702,3411,99191,1796,171755,3419,270946,California
San Joaquin,2021-04-25,3043,429836,2561,225322,482,187812,0,16702,2013,100201,1010,172765,2020,272966,California
San Joaquin,2021-04-26,3916,433752,2592,227914,1320,189132,4,16706,2057,100419,1847,174612,2065,275031,California
San Joaquin,2021-04-27,4499,438251,2607,230521,1842,190974,50,16756,1896,99789,2582,177194,1952,276983,California
San Joaquin,2021-04-28,5523,443774,3327,233848,2121,193095,75,16831,2725,99831,2766,179960,2808,279791,California
San Joaquin,2021-04-29,4819,448593,2817,236665,1946,195041,56,16887,2438,99969,2362,182322,2500,282291,California
San Joaquin,2021-04-30,4908,453501,2406,239071,2435,197476,67,16954,2527,100208,2363,184685,2602,284893,California
San Joaquin,2021-05-01,3311,456812,1906,240977,1346,198822,59,17013,2103,101182,1201,185886,2175,287068,California
San Joaquin,2021-05-02,2288,459100,1591,242568,641,199463,56,17069,1168,101293,1115,187001,1226,288294,California
San Joaquin,2021-05-03,3287,462387,2220,244788,992,200455,75,17144,1374,100849,1900,188901,1456,289750,California
San Joaquin,2021-05-04,4831,467218,3289,248077,1386,201841,156,17300,1779,99762,3032,191933,1945,291695,California
San Joaquin,2021-05-05,4712,471930,3159,251236,1391,203232,162,17462,1941,99125,2747,194680,2110,293805,California
San Joaquin,2021-05-06,4620,476550,3086,254322,1406,204638,128,17590,2038,98736,2565,197245,2176,295981,California
San Joaquin,2021-05-07,5072,481622,2941,257263,1979,206617,152,17742,1888,97623,3162,200407,2049,298030,California
San Joaquin,2021-05-08,3260,484882,2097,259360,1062,207679,101,17843,1205,96897,2040,202447,1314,299344,California
San Joaquin,2021-05-09,1473,486355,836,260196,567,208246,70,17913,592,96686,878,203325,667,300011,California
San Joaquin,2021-05-10,2796,489151,1465,261661,1208,209454,123,18036,917,95867,1865,205190,1046,301057,California
San Joaquin,2021-05-11,4073,493224,2153,263814,1805,211259,115,18151,1300,94551,2758,207948,1442,302499,California
San Joaquin,2021-05-12,4081,497305,1887,265701,2080,213339,114,18265,1293,93197,2774,210722,1420,303919,California
San Joaquin,2021-05-13,4263,501568,2401,268102,1777,215116,85,18350,1579,92203,2670,213392,1676,305595,California
San Joaquin,2021-05-14,5689,507257,3374,271476,2207,217323,108,18458,2377,91410,3286,216678,2493,308088,California
San Joaquin,2021-05-15,5183,512440,3065,274541,2040,219363,78,18536,1629,89597,3523,220201,1710,309798,California
San Joaquin,2021-05-16,3534,515974,2762,277303,723,220086,49,18585,1431,88995,2090,222291,1488,311286,California
San Joaquin,2021-05-17,3972,519946,2329,279632,1546,221632,97,18682,1791,88730,2166,224457,1901,313187,California
San Joaquin,2021-05-18,3912,523858,2260,281892,1539,223171,113,18795,1894,88736,2001,226458,2007,315194,California
San Joaquin,2021-05-19,4699,528557,2718,284610,1849,225020,132,18927,2068,88345,2600,229058,2209,317403,California
San Joaquin,2021-05-20,3489,532046,2155,286765,1251,226271,83,19010,1604,88165,1867,230925,1687,319090,California
San Joaquin,2021-05-21,4252,536298,2493,289258,1655,227926,104,19114,1938,87929,2286,233211,2050,321140,California
San Joaquin,2021-05-22,3420,539718,2155,291413,1187,229113,78,19192,1614,87836,1793,235004,1700,322840,California
San Joaquin,2021-05-23,2082,541800,1804,293217,247,229360,31,19223,1296,88384,780,235784,1328,324168,California
San Joaquin,2021-05-24,2922,544722,1672,294889,1162,230522,88,19311,1395,88364,1510,237294,1490,325658,California
San Joaquin,2021-05-25,2978,547700,1887,296776,994,231516,97,19408,1460,88424,1498,238792,1558,327216,California
San Joaquin,2021-05-26,3027,550727,1577,298353,1379,232895,71,19479,1250,87981,1769,240561,1326,328542,California
San Joaquin,2021-05-27,1382,552109,643,298996,707,233602,32,19511,457,87554,921,241482,494,329036,California
San Luis Obispo,2020-12-16,4,4,4,4,0,0,0,0,4,4,0,0,4,4,California
San Luis Obispo,2020-12-17,196,200,196,200,0,0,0,0,196,200,0,0,196,200,California
San Luis Obispo,2020-12-18,224,424,224,424,0,0,0,0,224,424,0,0,224,424,California
San Luis Obispo,2020-12-19,162,586,162,586,0,0,0,0,162,586,0,0,162,586,California
San Luis Obispo,2020-12-20,215,801,215,801,0,0,0,0,215,801,0,0,215,801,California
San Luis Obispo,2020-12-21,550,1351,549,1350,1,1,0,0,550,1351,0,0,550,1351,California
San Luis Obispo,2020-12-22,311,1662,307,1657,4,5,0,0,311,1662,0,0,311,1662,California
San Luis Obispo,2020-12-23,680,2342,366,2023,314,319,0,0,680,2342,0,0,680,2342,California
San Luis Obispo,2020-12-24,195,2537,19,2042,176,495,0,0,195,2537,0,0,195,2537,California
San Luis Obispo,2020-12-25,2,2539,1,2043,1,496,0,0,2,2539,0,0,2,2539,California
San Luis Obispo,2020-12-26,90,2629,12,2055,78,574,0,0,90,2629,0,0,90,2629,California
San Luis Obispo,2020-12-27,76,2705,0,2055,76,650,0,0,76,2705,0,0,76,2705,California
San Luis Obispo,2020-12-28,879,3584,429,2484,450,1100,0,0,879,3584,0,0,879,3584,California
San Luis Obispo,2020-12-29,903,4487,504,2988,399,1499,0,0,903,4487,0,0,903,4487,California
San Luis Obispo,2020-12-30,1170,5657,679,3667,491,1990,0,0,1170,5657,0,0,1170,5657,California
San Luis Obispo,2020-12-31,107,5764,4,3671,103,2093,0,0,107,5764,0,0,107,5764,California
San Luis Obispo,2021-01-01,13,5777,8,3679,5,2098,0,0,13,5777,0,0,13,5777,California
San Luis Obispo,2021-01-02,34,5811,8,3687,26,2124,0,0,34,5811,0,0,34,5811,California
San Luis Obispo,2021-01-03,16,5827,6,3693,10,2134,0,0,16,5827,0,0,16,5827,California
San Luis Obispo,2021-01-04,681,6508,525,4218,156,2290,0,0,681,6508,0,0,681,6508,California
San Luis Obispo,2021-01-05,972,7480,754,4972,218,2508,0,0,970,7476,2,2,970,7478,California
San Luis Obispo,2021-01-06,727,8207,480,5452,247,2755,0,0,719,8188,7,9,719,8197,California
San Luis Obispo,2021-01-07,1127,9334,949,6401,178,2933,0,0,684,8429,443,452,684,8881,California
San Luis Obispo,2021-01-08,882,10216,804,7205,78,3011,0,0,513,8574,368,820,513,9394,California
San Luis Obispo,2021-01-09,205,10421,195,7400,10,3021,0,0,28,8425,177,997,28,9422,California
San Luis Obispo,2021-01-10,12,10433,8,7408,4,3025,0,0,8,8429,4,1001,8,9430,California
San Luis Obispo,2021-01-11,560,10993,509,7917,51,3076,0,0,298,8466,261,1262,298,9728,California
San Luis Obispo,2021-01-12,598,11591,381,8298,217,3293,0,0,318,8504,280,1542,318,10046,California
San Luis Obispo,2021-01-13,884,12475,256,8554,628,3921,0,0,648,8918,234,1776,648,10694,California
San Luis Obispo,2021-01-14,728,13203,242,8796,486,4407,0,0,602,9407,113,1889,602,11296,California
San Luis Obispo,2021-01-15,727,13930,286,9082,441,4848,0,0,554,9793,168,2057,554,11850,California
San Luis Obispo,2021-01-16,100,14030,81,9163,19,4867,0,0,95,9883,5,2062,95,11945,California
San Luis Obispo,2021-01-17,64,14094,58,9221,6,4873,0,0,64,9947,0,2062,64,12009,California
San Luis Obispo,2021-01-18,1371,15465,388,9609,983,5856,0,0,1108,10792,263,2325,1108,13117,California
San Luis Obispo,2021-01-19,1583,17048,417,10026,1166,7022,0,0,1175,11559,408,2733,1175,14292,California
San Luis Obispo,2021-01-20,1887,18935,598,10624,1289,8311,0,0,1297,12269,588,3321,1298,15590,California
San Luis Obispo,2021-01-21,1572,20507,467,11091,1105,9416,0,0,1200,13102,368,3689,1201,16791,California
San Luis Obispo,2021-01-22,1519,22026,505,11596,1014,10430,0,0,1204,13993,313,4002,1204,17995,California
San Luis Obispo,2021-01-23,311,22337,293,11889,18,10448,0,0,295,14272,16,4018,295,18290,California
San Luis Obispo,2021-01-24,244,22581,236,12125,8,10456,0,0,238,14504,6,4024,238,18528,California
San Luis Obispo,2021-01-25,2075,24656,600,12725,1475,11931,0,0,1246,14921,829,4853,1246,19774,California
San Luis Obispo,2021-01-26,2000,26656,699,13424,1301,13232,0,0,1139,15199,861,5714,1139,20913,California
San Luis Obispo,2021-01-27,1609,28265,283,13707,1326,14558,0,0,1151,15892,458,6172,1151,22064,California
San Luis Obispo,2021-01-28,1496,29761,344,14051,1152,15710,0,0,1234,16866,260,6432,1234,23298,California
San Luis Obispo,2021-01-29,1737,31498,681,14732,1056,16766,0,0,1452,18033,285,6717,1452,24750,California
San Luis Obispo,2021-01-30,38,31536,19,14751,19,16785,0,0,26,18048,11,6728,26,24776,California
San Luis Obispo,2021-01-31,27,31563,19,14770,8,16793,0,0,25,18071,2,6730,25,24801,California
San Luis Obispo,2021-02-01,1708,33271,739,15509,969,17762,0,0,1405,19174,302,7032,1405,26206,California
San Luis Obispo,2021-02-02,1897,35168,679,16188,1218,18980,0,0,1522,20321,375,7407,1522,27728,California
San Luis Obispo,2021-02-03,1708,36876,729,16917,979,19959,0,0,1294,21201,414,7821,1294,29022,California
San Luis Obispo,2021-02-04,1659,38535,802,17719,857,20816,0,0,1093,21728,566,8387,1093,30115,California
San Luis Obispo,2021-02-05,1604,40139,715,18434,889,21705,0,0,1060,22244,545,8932,1061,31176,California
San Luis Obispo,2021-02-06,175,40314,108,18542,67,21772,0,0,95,22259,80,9012,95,31271,California
San Luis Obispo,2021-02-07,125,40439,80,18622,45,21817,0,0,72,22279,53,9065,73,31344,California
San Luis Obispo,2021-02-08,857,41296,469,19091,388,22205,0,0,499,22421,357,9422,499,31843,California
San Luis Obispo,2021-02-09,1123,42419,448,19539,675,22880,0,0,542,22395,575,9997,549,32392,California
San Luis Obispo,2021-02-10,1438,43857,489,20028,949,23829,0,0,530,22021,907,10904,533,32925,California
San Luis Obispo,2021-02-11,1330,45187,843,20871,487,24316,0,0,656,22005,672,11576,656,33581,California
San Luis Obispo,2021-02-12,786,45973,362,21233,424,24740,0,0,421,22061,365,11941,421,34002,California
San Luis Obispo,2021-02-13,394,46367,127,21360,267,25007,0,0,286,22240,107,12048,286,34288,California
San Luis Obispo,2021-02-14,318,46685,41,21401,277,25284,0,0,282,22487,36,12084,283,34571,California
San Luis Obispo,2021-02-15,728,47413,138,21539,590,25874,0,0,474,22708,253,12337,474,35045,California
San Luis Obispo,2021-02-16,2965,50378,1198,22737,1767,27641,0,0,1359,22461,1606,13943,1359,36404,California
San Luis Obispo,2021-02-17,2779,53157,1238,23975,1541,29182,0,0,1029,21749,1741,15684,1029,37433,California
San Luis Obispo,2021-02-18,2828,55985,1461,25436,1367,30549,0,0,1135,21200,1685,17369,1136,38569,California
San Luis Obispo,2021-02-19,1459,57444,1338,26774,121,30670,0,0,1135,22012,323,17692,1135,39704,California
San Luis Obispo,2021-02-20,254,57698,81,26855,173,30843,0,0,216,22190,38,17730,216,39920,California
San Luis Obispo,2021-02-21,57,57755,53,26908,4,30847,0,0,32,22197,25,17755,32,39952,California
San Luis Obispo,2021-02-22,2412,60167,1865,28773,547,31394,0,0,1466,22718,946,18701,1467,41419,California
San Luis Obispo,2021-02-23,1861,62028,1746,30519,115,31509,0,0,1367,23593,493,19194,1368,42787,California
San Luis Obispo,2021-02-24,2645,64673,1301,31820,1344,32853,0,0,835,22621,1807,21001,835,43622,California
San Luis Obispo,2021-02-25,2132,66805,1243,33063,889,33742,0,0,1206,22908,920,21921,1207,44829,California
San Luis Obispo,2021-02-26,2649,69454,1150,34213,1499,35241,0,0,1326,22920,1314,23235,1326,46155,California
San Luis Obispo,2021-02-27,575,70029,349,34562,226,35467,0,0,525,23395,50,23285,525,46680,California
San Luis Obispo,2021-02-28,196,70225,69,34631,127,35594,0,0,161,23522,34,23319,161,46841,California
San Luis Obispo,2021-03-01,2977,73202,1850,36481,1125,36719,2,2,2048,24643,930,24249,2051,48892,California
San Luis Obispo,2021-03-02,3026,76228,1909,38390,1117,37836,0,2,1874,25371,1147,25396,1875,50767,California
San Luis Obispo,2021-03-03,2341,78569,338,38728,2003,39839,0,2,848,24733,1487,26883,849,51616,California
San Luis Obispo,2021-03-04,2196,80765,1160,39888,1036,40875,0,2,1181,24903,1013,27896,1183,52799,California
San Luis Obispo,2021-03-05,2300,83065,1021,40909,1209,42084,70,72,1296,25279,990,28886,1366,54165,California
San Luis Obispo,2021-03-06,837,83902,310,41219,420,42504,107,179,617,25777,220,29106,718,54883,California
San Luis Obispo,2021-03-07,201,84103,33,41252,84,42588,84,263,73,25807,127,29233,157,55040,California
San Luis Obispo,2021-03-08,2737,86840,760,42012,1661,44249,316,579,1542,26474,1191,30424,1858,56898,California
San Luis Obispo,2021-03-09,2949,89789,968,42980,1733,45982,248,827,1525,26827,1420,31844,1773,58671,California
San Luis Obispo,2021-03-10,3195,92984,1241,44221,1672,47654,282,1109,1814,27546,1377,33221,2096,60767,California
San Luis Obispo,2021-03-11,3296,96280,1271,45492,1702,49356,323,1432,1804,28190,1482,34703,2126,62893,California
San Luis Obispo,2021-03-12,3250,99530,1282,46774,1630,50986,338,1770,1616,28521,1626,36329,1957,64850,California
San Luis Obispo,2021-03-13,797,100327,262,47036,426,51412,109,1879,431,28698,365,36694,542,65392,California
San Luis Obispo,2021-03-14,514,100841,53,47089,350,51762,111,1990,134,28564,379,37073,245,65637,California
San Luis Obispo,2021-03-15,3058,103899,1098,48187,1862,53624,98,2088,1529,28667,1525,38598,1628,67265,California
San Luis Obispo,2021-03-16,2848,106747,1510,49697,1228,54852,110,2198,1434,28802,1408,40006,1543,68808,California
San Luis Obispo,2021-03-17,3427,110174,1449,51146,1717,56569,261,2459,1980,29606,1436,41442,2240,71048,California
San Luis Obispo,2021-03-18,2810,112984,1447,52593,1149,57718,214,2673,1337,29688,1468,42910,1550,72598,California
San Luis Obispo,2021-03-19,2589,115573,1567,54160,701,58419,321,2994,957,29344,1624,44534,1280,73878,California
San Luis Obispo,2021-03-20,839,116412,501,54661,301,58720,37,3031,385,29313,453,44987,422,74300,California
San Luis Obispo,2021-03-21,187,116599,45,54706,139,58859,3,3034,157,29444,29,45016,160,74460,California
San Luis Obispo,2021-03-22,2691,119290,1171,55877,1472,60331,48,3082,1871,30547,816,45832,1919,76379,California
San Luis Obispo,2021-03-23,3378,122668,2211,58088,1135,61466,32,3114,2266,31738,1107,46939,2298,78677,California
San Luis Obispo,2021-03-24,3522,126190,2143,60231,1294,62760,85,3199,2623,33551,894,47833,2707,81384,California
San Luis Obispo,2021-03-25,3682,129872,2299,62530,1371,64131,12,3211,2636,35156,1042,48875,2647,84031,California
San Luis Obispo,2021-03-26,3202,133074,1772,64302,997,65128,433,3644,1796,35987,1401,50276,2232,86263,California
San Luis Obispo,2021-03-27,993,134067,507,64809,394,65522,92,3736,452,35992,539,50815,544,86807,California
San Luis Obispo,2021-03-28,446,134513,153,64962,237,65759,56,3792,245,36093,200,51015,301,87108,California
San Luis Obispo,2021-03-29,2596,137109,1295,66257,1168,66927,133,3925,1657,36958,925,51940,1790,88898,California
San Luis Obispo,2021-03-30,3511,140620,1920,68177,1448,68375,143,4068,2336,38266,1169,53109,2477,91375,California
San Luis Obispo,2021-03-31,3877,144497,2467,70644,1264,69639,146,4214,2501,39546,1366,54475,2646,94021,California
San Luis Obispo,2021-04-01,3855,148352,2435,73079,1301,70940,119,4333,2698,41221,1144,55619,2819,96840,California
San Luis Obispo,2021-04-02,1750,150102,689,73768,748,71688,313,4646,950,41684,798,56417,1261,98101,California
San Luis Obispo,2021-04-03,1109,151211,557,74325,425,72113,127,4773,492,41690,613,57030,619,98720,California
San Luis Obispo,2021-04-04,383,151594,131,74456,212,72325,40,4813,236,41819,147,57177,276,98996,California
San Luis Obispo,2021-04-05,3617,155211,1949,76405,1557,73882,111,4924,2025,42369,1589,58766,2139,101135,California
San Luis Obispo,2021-04-06,4051,159262,2155,78560,1573,75455,323,5247,1937,42536,2105,60871,2272,103407,California
San Luis Obispo,2021-04-07,4299,163561,2343,80903,1591,77046,365,5612,2454,43528,1830,62701,2822,106229,California
San Luis Obispo,2021-04-08,4041,167602,2198,83101,1439,78485,404,6016,2153,44210,1881,64582,2563,108792,California
San Luis Obispo,2021-04-09,3663,171265,1745,84846,1162,79647,756,6772,1507,44321,2146,66728,2257,111049,California
San Luis Obispo,2021-04-10,1579,172844,560,85406,355,80002,664,7436,490,44384,1089,67817,1152,112201,California
San Luis Obispo,2021-04-11,312,173156,63,85469,186,80188,63,7499,125,44387,185,68002,188,112389,California
San Luis Obispo,2021-04-12,3374,176530,1696,87165,1515,81703,163,7662,1410,43995,1964,69966,1572,113961,California
San Luis Obispo,2021-04-13,3642,180172,2101,89266,1540,83243,1,7663,1966,44289,1674,71640,1968,115929,California
San Luis Obispo,2021-04-14,2870,183042,1698,90964,1169,84412,3,7666,1672,44775,1186,72826,1672,117601,California
San Luis Obispo,2021-04-15,3697,186739,2407,93371,1289,85701,1,7667,1978,45054,1701,74527,1980,119581,California
San Luis Obispo,2021-04-16,3630,190369,2212,95583,1414,87115,4,7671,1791,45012,1835,76362,1793,121374,California
San Luis Obispo,2021-04-17,1090,191459,431,96014,657,87772,2,7673,708,45341,381,76743,710,122084,California
San Luis Obispo,2021-04-18,321,191780,99,96113,221,87993,1,7674,111,45245,207,76950,111,122195,California
San Luis Obispo,2021-04-19,3154,194934,1306,97419,1810,89803,38,7712,1126,44387,2024,78974,1166,123361,California
San Luis Obispo,2021-04-20,3571,198505,1977,99396,1594,91397,0,7712,1345,43519,2214,81188,1346,124707,California
San Luis Obispo,2021-04-21,3911,202416,1801,101197,2110,93507,0,7712,1590,42807,2302,83490,1590,126297,California
San Luis Obispo,2021-04-22,4576,206992,2054,103251,2522,96029,0,7712,1431,41112,3128,86618,1433,127730,California
San Luis Obispo,2021-04-23,1459,208451,842,104093,613,96642,4,7716,699,41066,756,87374,710,128440,California
San Luis Obispo,2021-04-24,1078,209529,439,104532,620,97262,19,7735,504,41008,581,87955,523,128963,California
San Luis Obispo,2021-04-25,346,209875,161,104693,185,97447,0,7735,113,40889,232,88187,113,129076,California
San Luis Obispo,2021-04-26,963,210838,336,105029,610,98057,17,7752,356,40666,595,88782,372,129448,California
San Luis Obispo,2021-04-27,3699,214537,1916,106945,1714,99771,69,7821,1430,39902,2262,91044,1498,130946,California
San Luis Obispo,2021-04-28,3729,218266,2089,109034,1568,101339,72,7893,1282,38822,2434,93478,1354,132300,California
San Luis Obispo,2021-04-29,3660,221926,2112,111146,1479,102818,69,7962,1214,37674,2432,95910,1284,133584,California
San Luis Obispo,2021-04-30,2971,224897,1667,112813,1231,104049,73,8035,929,36647,2027,97937,1000,134584,California
San Luis Obispo,2021-05-01,471,225368,160,112973,275,104324,36,8071,100,36415,367,98304,135,134719,California
San Luis Obispo,2021-05-02,170,225538,52,113025,98,104422,20,8091,42,36349,128,98432,62,134781,California
San Luis Obispo,2021-05-03,887,226425,290,113315,494,104916,103,8194,225,36014,661,99093,326,135107,California
San Luis Obispo,2021-05-04,2923,229348,1897,115212,963,105879,63,8257,865,34889,2051,101144,926,136033,California
San Luis Obispo,2021-05-05,2803,232151,1850,117062,887,106766,66,8323,691,33546,2101,103245,758,136791,California
San Luis Obispo,2021-05-06,2787,234938,1886,118948,849,107615,52,8375,730,32286,2042,105287,782,137573,California
San Luis Obispo,2021-05-07,2310,237248,1753,120701,496,108111,61,8436,608,31274,1682,106969,670,138243,California
San Luis Obispo,2021-05-08,566,237814,333,121034,209,108320,24,8460,191,31132,357,107326,215,138458,California
San Luis Obispo,2021-05-09,164,237978,41,121075,104,108424,19,8479,46,31080,117,107443,65,138523,California
San Luis Obispo,2021-05-10,720,238698,151,121226,521,108945,48,8527,154,30720,561,108004,201,138724,California
San Luis Obispo,2021-05-11,1165,239863,596,121822,499,109444,70,8597,359,30347,802,108806,429,139153,California
San Luis Obispo,2021-05-12,2365,242228,1576,123398,707,110151,82,8679,675,29429,1675,110481,757,139910,California
San Luis Obispo,2021-05-13,1038,243266,650,124048,329,110480,59,8738,445,29343,589,111070,503,140413,California
San Luis Obispo,2021-05-14,2190,245456,1618,125666,531,111011,41,8779,921,29053,1252,112322,962,141375,California
San Luis Obispo,2021-05-15,991,246447,459,126125,498,111509,34,8813,472,29043,517,112839,507,141882,California
San Luis Obispo,2021-05-16,305,246752,163,126288,136,111645,6,8819,172,29089,132,112971,178,142060,California
San Luis Obispo,2021-05-17,1657,248409,963,127251,642,112287,52,8871,668,28830,980,113951,721,142781,California
San Luis Obispo,2021-05-18,1888,250297,1150,128401,706,112993,32,8903,730,28440,1153,115104,763,143544,California
San Luis Obispo,2021-05-19,1444,251741,623,129024,759,113752,62,8965,418,27898,1021,116125,479,144023,California
San Luis Obispo,2021-05-20,970,252711,442,129466,497,114249,31,8996,272,27514,687,116812,303,144326,California
San Luis Obispo,2021-05-21,854,253565,487,129953,333,114582,34,9030,404,27511,441,117253,438,144764,California
San Luis Obispo,2021-05-22,531,254096,281,130234,225,114807,25,9055,283,27577,241,117494,307,145071,California
San Luis Obispo,2021-05-23,74,254170,43,130277,27,114834,4,9059,33,27573,41,117535,37,145108,California
San Luis Obispo,2021-05-24,562,254732,261,130538,266,115100,35,9094,220,27488,340,117875,255,145363,California
San Luis Obispo,2021-05-25,846,255578,423,130961,401,115501,22,9116,356,27382,484,118359,378,145741,California
San Luis Obispo,2021-05-26,1975,257553,911,131872,1010,116511,54,9170,612,26687,1359,119718,664,146405,California
San Luis Obispo,2021-05-27,1280,258833,441,132313,833,117344,6,9176,323,26064,953,120671,330,146735,California
San Mateo,2020-12-15,26,26,26,26,0,0,0,0,26,26,0,0,26,26,California
San Mateo,2020-12-16,110,136,110,136,0,0,0,0,110,136,0,0,110,136,California
San Mateo,2020-12-17,164,300,164,300,0,0,0,0,164,300,0,0,164,300,California
San Mateo,2020-12-18,741,1041,739,1039,2,2,0,0,741,1041,0,0,741,1041,California
San Mateo,2020-12-19,514,1555,514,1553,0,2,0,0,514,1555,0,0,514,1555,California
San Mateo,2020-12-20,512,2067,511,2064,1,3,0,0,512,2067,0,0,512,2067,California
San Mateo,2020-12-21,1163,3230,1163,3227,0,3,0,0,1163,3230,0,0,1163,3230,California
San Mateo,2020-12-22,1537,4767,1529,4756,8,11,0,0,1537,4767,0,0,1537,4767,California
San Mateo,2020-12-23,1593,6360,1403,6159,190,201,0,0,1593,6360,0,0,1593,6360,California
San Mateo,2020-12-24,873,7233,616,6775,257,458,0,0,873,7233,0,0,873,7233,California
San Mateo,2020-12-25,117,7350,113,6888,4,462,0,0,117,7350,0,0,117,7350,California
San Mateo,2020-12-26,562,7912,419,7307,143,605,0,0,562,7912,0,0,562,7912,California
San Mateo,2020-12-27,305,8217,175,7482,130,735,0,0,305,8217,0,0,305,8217,California
San Mateo,2020-12-28,1057,9274,711,8193,346,1081,0,0,1057,9274,0,0,1057,9274,California
San Mateo,2020-12-29,1130,10404,705,8898,425,1506,0,0,1130,10404,0,0,1130,10404,California
San Mateo,2020-12-30,1264,11668,759,9657,505,2011,0,0,1264,11668,0,0,1264,11668,California
San Mateo,2020-12-31,718,12386,231,9888,487,2498,0,0,717,12384,1,1,717,12385,California
San Mateo,2021-01-01,86,12472,57,9945,29,2527,0,0,86,12470,0,1,86,12471,California
San Mateo,2021-01-02,398,12870,268,10213,130,2657,0,0,398,12868,0,1,398,12869,California
San Mateo,2021-01-03,284,13154,209,10422,75,2732,0,0,281,13146,3,4,281,13150,California
San Mateo,2021-01-04,1051,14205,678,11100,373,3105,0,0,1051,14197,0,4,1051,14201,California
San Mateo,2021-01-05,1206,15411,710,11810,496,3601,0,0,1177,15346,29,33,1178,15379,California
San Mateo,2021-01-06,1453,16864,954,12764,499,4100,0,0,1269,16435,181,214,1270,16649,California
San Mateo,2021-01-07,1458,18322,810,13574,648,4748,0,0,1169,17323,282,496,1170,17819,California
San Mateo,2021-01-08,1846,20168,1195,14769,651,5399,0,0,1149,17783,690,1186,1150,18969,California
San Mateo,2021-01-09,1178,21346,776,15545,402,5801,0,0,720,18045,458,1644,720,19689,California
San Mateo,2021-01-10,706,22052,580,16125,126,5927,0,0,266,17871,440,2084,266,19955,California
San Mateo,2021-01-11,2600,24652,1492,17617,1108,7035,0,0,1527,18326,1074,3158,1529,21484,California
San Mateo,2021-01-12,3404,28056,1896,19513,1508,8543,0,0,2215,19358,1187,4345,2219,23703,California
San Mateo,2021-01-13,3392,31448,1658,21171,1734,10277,0,0,2356,20680,1036,5381,2358,26061,California
San Mateo,2021-01-14,3782,35230,1587,22758,2195,12472,0,0,3095,23093,687,6068,3100,29161,California
San Mateo,2021-01-15,4326,39556,1708,24466,2618,15090,0,0,3795,26361,529,6597,3797,32958,California
San Mateo,2021-01-16,3073,42629,764,25230,2309,17399,0,0,2751,28791,322,6919,2752,35710,California
San Mateo,2021-01-17,1315,43944,308,25538,1007,18406,0,0,1107,29690,208,7127,1107,36817,California
San Mateo,2021-01-18,1372,45316,538,26076,834,19240,0,0,994,30309,375,7502,994,37811,California
San Mateo,2021-01-19,2803,48119,1798,27874,1005,20245,0,0,2006,31521,794,8296,2006,39817,California
San Mateo,2021-01-20,2804,50923,1547,29421,1257,21502,0,0,1960,32641,841,9137,1961,41778,California
San Mateo,2021-01-21,2859,53782,1302,30723,1557,23059,0,0,2266,34319,591,9728,2269,44047,California
San Mateo,2021-01-22,2802,56584,1138,31861,1664,24723,0,0,2502,36524,298,10026,2503,46550,California
San Mateo,2021-01-23,2882,59466,1689,33550,1193,25916,0,0,2519,38681,363,10389,2520,49070,California
San Mateo,2021-01-24,1519,60985,375,33925,1144,27060,0,0,1208,39580,310,10699,1209,50279,California
San Mateo,2021-01-25,4434,65419,3155,37080,1279,28339,0,0,3533,42218,899,11598,3537,53816,California
San Mateo,2021-01-26,4297,69716,2983,40063,1314,29653,0,0,3379,44681,917,12515,3380,57196,California
San Mateo,2021-01-27,2784,72500,1466,41529,1318,30971,0,0,1792,45488,986,13501,1793,58989,California
San Mateo,2021-01-28,2800,75300,1355,42884,1445,32416,0,0,1946,46595,839,14340,1946,60935,California
San Mateo,2021-01-29,2989,78289,1347,44231,1642,34058,0,0,2150,47911,837,15177,2153,63088,California
San Mateo,2021-01-30,3410,81699,1482,45713,1928,35986,0,0,2951,50405,458,15635,2952,66040,California
San Mateo,2021-01-31,1679,83378,896,46609,783,36769,0,0,1517,51761,161,15796,1517,67557,California
San Mateo,2021-02-01,2938,86316,1354,47963,1584,38353,0,0,2221,53270,713,16509,2222,69779,California
San Mateo,2021-02-02,3173,89489,1732,49695,1441,39794,0,0,2159,54418,1011,17520,2159,71938,California
San Mateo,2021-02-03,4995,94484,2059,51754,2936,42730,0,0,3850,57127,1142,18662,3851,75789,California
San Mateo,2021-02-04,6198,100682,2494,54248,3704,46434,0,0,4920,60778,1273,19935,4924,80713,California
San Mateo,2021-02-05,6802,107484,2556,56804,4246,50680,0,0,4974,63941,1811,21746,4974,85687,California
San Mateo,2021-02-06,3280,110764,1914,58718,1366,52046,0,0,2625,65914,654,22400,2627,88314,California
San Mateo,2021-02-07,1905,112669,1352,60070,553,52599,0,0,1713,67435,192,22592,1713,90027,California
San Mateo,2021-02-08,5287,117956,2255,62325,3032,55631,0,0,3111,68435,2111,24703,3111,93138,California
San Mateo,2021-02-09,6188,124144,3226,65551,2962,58593,0,0,3340,68933,2842,27545,3340,96478,California
San Mateo,2021-02-10,6512,130656,3279,68830,3233,61826,0,0,3424,69280,3077,30622,3424,99902,California
San Mateo,2021-02-11,7048,137704,3574,72404,3474,65300,0,0,3789,69822,3250,33872,3792,103694,California
San Mateo,2021-02-12,6631,144335,2960,75364,3671,68971,0,0,4701,72597,1928,35800,4703,108397,California
San Mateo,2021-02-13,6118,150453,4019,79383,2099,71070,0,0,2639,71762,3474,39274,2639,111036,California
San Mateo,2021-02-14,4642,155095,3024,82407,1618,72688,0,0,1985,71098,2650,41924,1986,113022,California
San Mateo,2021-02-15,3166,158261,1456,83863,1710,74398,0,0,1790,71519,1370,43294,1791,114813,California
San Mateo,2021-02-16,7150,165411,1882,85745,5268,79666,0,0,5277,74927,1871,45165,5279,120092,California
San Mateo,2021-02-17,7079,172490,1951,87696,5128,84794,0,0,5062,77978,2013,47178,5064,125156,California
San Mateo,2021-02-18,6663,179153,4599,92295,2064,86858,0,0,4437,80196,2222,49400,4440,129596,California
San Mateo,2021-02-19,7779,186932,5585,97880,2194,89052,0,0,5777,83978,1995,51395,5777,135373,California
San Mateo,2021-02-20,3737,190669,2423,100303,1314,90366,0,0,2307,84862,1423,52818,2307,137680,California
San Mateo,2021-02-21,2610,193279,1770,102073,840,91206,0,0,1563,85385,1040,53858,1563,139243,California
San Mateo,2021-02-22,4430,197709,3213,105286,1217,92423,0,0,2799,86560,1625,55483,2800,142043,California
San Mateo,2021-02-23,4351,202060,3108,108394,1243,93666,0,0,2539,87295,1804,57287,2539,144582,California
San Mateo,2021-02-24,7310,209370,3286,111680,4024,97690,0,0,4881,89756,2421,59708,4882,149464,California
San Mateo,2021-02-25,9114,218484,4029,115709,5085,102775,0,0,6036,92731,3062,62770,6037,155501,California
San Mateo,2021-02-26,9777,228261,3724,119433,6053,108828,0,0,6851,96674,2912,65682,6855,162356,California
San Mateo,2021-02-27,6792,235053,3498,122931,3293,112121,1,1,3684,97262,3102,68784,3690,166046,California
San Mateo,2021-02-28,4135,239188,2520,125451,1615,113736,0,1,2557,98248,1572,70356,2558,168604,California
San Mateo,2021-03-01,5744,244932,3621,129072,2121,115857,2,3,2864,98247,2867,73223,2866,171470,California
San Mateo,2021-03-02,6266,251198,4456,133528,1809,117666,1,4,3635,99261,2623,75846,3637,175107,California
San Mateo,2021-03-03,8459,259657,3986,137514,4471,122137,2,6,3656,98128,4791,80637,3658,178765,California
San Mateo,2021-03-04,8500,268157,4000,141514,4497,126634,3,9,3843,97339,4637,85274,3848,182613,California
San Mateo,2021-03-05,9356,277513,6243,147757,3109,129743,4,13,6578,101166,2758,88032,6585,189198,California
San Mateo,2021-03-06,7964,285477,5551,153308,2238,131981,175,188,5845,105075,2110,90142,6019,195217,California
San Mateo,2021-03-07,3603,289080,2447,155755,1088,133069,68,256,2132,105808,1467,91609,2200,197417,California
San Mateo,2021-03-08,4543,293623,2578,158333,1748,134817,217,473,3318,108123,1218,92827,3533,200950,California
San Mateo,2021-03-09,5332,298955,2868,161201,2187,137004,277,750,3743,110560,1579,94406,4016,204966,California
San Mateo,2021-03-10,7197,306152,2911,164112,4001,141005,285,1035,4811,113282,2373,96779,5095,210061,California
San Mateo,2021-03-11,9146,315298,5755,169867,2998,144003,393,1428,3728,112015,5387,102166,4120,214181,California
San Mateo,2021-03-12,10598,325896,6684,176551,3528,147531,386,1814,3583,108990,6997,109163,3972,218153,California
San Mateo,2021-03-13,8212,334108,3508,180059,3073,150604,1631,3445,3977,110367,4223,113386,5600,223753,California
San Mateo,2021-03-14,5004,339112,3375,183434,1522,152126,107,3552,2668,110813,2329,115715,2775,226528,California
San Mateo,2021-03-15,7215,346327,4664,188098,2375,154501,176,3728,3804,111389,3405,119120,3981,230509,California
San Mateo,2021-03-16,11957,358284,4404,192502,7431,161932,122,3850,4833,109240,7107,126227,4958,235467,California
San Mateo,2021-03-17,10868,369152,4430,196932,6311,168243,127,3977,4908,108346,5933,132160,5039,240506,California
San Mateo,2021-03-18,7307,376459,4108,201040,3016,171259,183,4160,4338,109903,2963,135123,4520,245026,California
San Mateo,2021-03-19,7475,383934,4840,205880,1968,173227,667,4827,3652,110409,3813,138936,4319,249345,California
San Mateo,2021-03-20,8419,392353,6532,212412,1546,174773,341,5168,5430,113203,2976,141912,5770,255115,California
San Mateo,2021-03-21,4250,396603,3219,215631,797,175570,234,5402,2379,113953,1860,143772,2610,257725,California
San Mateo,2021-03-22,5284,401887,3603,219234,1264,176834,417,5819,2837,114774,2434,146206,3255,260980,California
San Mateo,2021-03-23,9840,411727,4504,223738,5140,181974,196,6015,4421,114001,5389,151595,4616,265596,California
San Mateo,2021-03-24,9524,421251,5517,229255,3864,185838,143,6158,4096,112881,5357,156952,4237,269833,California
San Mateo,2021-03-25,10138,431389,4975,234230,4883,190721,280,6438,4455,112039,5580,162532,4738,274571,California
San Mateo,2021-03-26,11288,442677,7779,242009,3343,194064,166,6604,4352,109668,6897,169429,4526,279097,California
San Mateo,2021-03-27,10579,453256,8102,250111,2370,196434,107,6711,4673,108558,5887,175316,4777,283874,California
San Mateo,2021-03-28,4306,457562,2794,252905,1400,197834,112,6823,2017,108409,2279,177595,2130,286004,California
San Mateo,2021-03-29,6069,463631,3787,256692,2030,199864,252,7075,2762,108136,3288,180883,3015,289019,California
San Mateo,2021-03-30,7162,470793,4093,260785,2916,202780,153,7228,3844,108832,3302,184185,3998,293017,California
San Mateo,2021-03-31,7307,478100,4626,265411,2539,205319,142,7370,3859,109404,3430,187615,4002,297019,California
San Mateo,2021-04-01,10614,488714,5244,270655,4161,209480,1209,8579,5696,111434,4872,192487,6902,303921,California
San Mateo,2021-04-02,10893,499607,5221,275876,4057,213537,1615,10194,5710,113597,5163,197650,7326,311247,California
San Mateo,2021-04-03,10004,509611,5751,281627,2474,216011,1779,11973,5119,115618,4877,202527,6898,318145,California
San Mateo,2021-04-04,5453,515064,2627,284254,1572,217583,1254,13227,1708,114849,3730,206257,2961,321106,California
San Mateo,2021-04-05,8993,524057,4799,289053,2457,220040,1737,14964,3839,115283,5138,211395,5572,326678,California
San Mateo,2021-04-06,13221,537278,8250,297303,3111,223151,1860,16824,7516,118971,5692,217087,9380,336058,California
San Mateo,2021-04-07,11432,548710,5280,302583,4459,227610,1693,18517,4851,118953,6560,223647,6542,342600,California
San Mateo,2021-04-08,10172,558882,5066,307649,2506,230116,2600,21117,4513,120415,5642,229289,7104,349704,California
San Mateo,2021-04-09,11311,570193,5503,313152,3331,233447,2477,23594,5070,121726,6239,235528,7550,357254,California
San Mateo,2021-04-10,11227,581420,5700,318852,4089,237536,1438,25032,4638,121241,6563,242091,6078,363332,California
San Mateo,2021-04-11,6623,588043,3290,322142,873,238409,2460,27492,2300,121681,4315,246406,4755,368087,California
San Mateo,2021-04-12,7311,595354,4467,326609,1883,240292,961,28453,3528,122408,3762,250168,4489,372576,California
San Mateo,2021-04-13,8163,603517,5092,331701,3062,243354,9,28462,4318,122900,3837,254005,4329,376905,California
San Mateo,2021-04-14,8311,611828,5369,337070,2941,246295,1,28463,4253,123120,4041,258046,4261,381166,California
San Mateo,2021-04-15,11104,622932,7382,344452,3720,250015,2,28465,7260,126564,3819,261865,7263,388429,California
San Mateo,2021-04-16,9976,632908,6870,351322,3090,253105,16,28481,6322,129271,3636,265501,6343,394772,California
San Mateo,2021-04-17,9761,642669,6477,357799,3282,256387,2,28483,6162,131851,3589,269090,6169,400941,California
San Mateo,2021-04-18,5430,648099,2594,360393,2836,259223,0,28483,3660,133757,1760,270850,3666,404607,California
San Mateo,2021-04-19,8382,656481,5451,365844,2931,262154,0,28483,5449,136294,2921,273771,5458,410065,California
San Mateo,2021-04-20,10311,666792,5742,371586,4568,266722,1,28484,6636,139287,3654,277425,6647,416712,California
San Mateo,2021-04-21,9009,675801,6084,377670,2925,269647,0,28484,5565,141429,3429,280854,5571,422283,California
San Mateo,2021-04-22,9592,685393,6409,384079,3182,272829,1,28485,5324,142521,4237,285091,5329,427612,California
San Mateo,2021-04-23,9452,694845,6210,390289,3242,276071,0,28485,5299,143707,4128,289219,5314,432926,California
San Mateo,2021-04-24,11269,706114,8034,398323,3235,279306,0,28485,5810,144088,5437,294656,5818,438744,California
San Mateo,2021-04-25,5532,711646,3865,402188,1665,280971,2,28487,3931,146442,1588,296244,3942,442686,California
San Mateo,2021-04-26,6324,717970,4622,406810,1694,282665,8,28495,3645,147438,2668,298912,3664,446350,California
San Mateo,2021-04-27,11008,728978,7830,414640,3072,285737,106,28601,4437,145445,6541,305453,4548,450898,California
San Mateo,2021-04-28,7679,736657,4434,419074,3041,288778,204,28805,4021,146024,3650,309103,4229,455127,California
San Mateo,2021-04-29,7931,744588,3718,422792,4039,292817,174,28979,3511,145329,4392,313495,3697,458824,California
San Mateo,2021-04-30,8077,752665,5067,427859,2856,295673,154,29133,3412,144266,4643,318138,3580,462404,California
San Mateo,2021-05-01,6152,758817,4124,431983,1910,297583,118,29251,2661,143580,3476,321614,2790,465194,California
San Mateo,2021-05-02,3177,761994,1741,433724,1365,298948,71,29322,1147,142780,2022,323636,1222,466416,California
San Mateo,2021-05-03,5983,767977,4464,438188,1375,300323,144,29466,1846,140641,4129,327765,1990,468406,California
San Mateo,2021-05-04,7233,775210,4898,443086,2164,302487,171,29637,2466,138530,4760,332525,2649,471055,California
San Mateo,2021-05-05,6801,782011,4427,447513,2213,304700,161,29798,2377,136674,4396,336921,2540,473595,California
San Mateo,2021-05-06,8532,790543,6656,454169,1701,306401,175,29973,1740,131820,6773,343694,1919,475514,California
San Mateo,2021-05-07,8192,798735,5859,460028,2048,308449,285,30258,1833,127616,6333,350027,2129,477643,California
San Mateo,2021-05-08,6646,805381,4024,464052,2383,310832,239,30497,1832,124890,4802,354829,2076,479719,California
San Mateo,2021-05-09,3115,808496,2429,466481,612,311444,74,30571,1057,123970,2051,356880,1131,480850,California
San Mateo,2021-05-10,4615,813111,3317,469798,1128,312572,170,30741,767,121076,3839,360719,945,481795,California
San Mateo,2021-05-11,6492,819603,4862,474660,1517,314089,113,30854,1663,118039,4814,365533,1777,483572,California
San Mateo,2021-05-12,6400,826003,4612,479272,1598,315687,190,31044,1533,114907,4858,370391,1726,485298,California
San Mateo,2021-05-13,8927,834930,6682,485954,2159,317846,86,31130,3285,112676,5611,376002,3380,488678,California
San Mateo,2021-05-14,8331,843261,6146,492100,2074,319920,111,31241,2700,109876,5618,381620,2818,491496,California
San Mateo,2021-05-15,10388,853649,8097,500197,2190,322110,101,31342,4550,108725,5824,387444,4673,496169,California
San Mateo,2021-05-16,7119,860768,5060,505257,1990,324100,69,31411,2162,106018,4939,392383,2232,498401,California
San Mateo,2021-05-17,7036,867804,4976,510233,1951,326051,109,31520,2209,103526,4813,397196,2321,500722,California
San Mateo,2021-05-18,8438,876242,5811,516044,2529,328580,98,31618,3165,101645,5148,402344,3267,503989,California
San Mateo,2021-05-19,7575,883817,5589,521633,1865,330445,121,31739,3444,101128,4083,406427,3566,507555,California
San Mateo,2021-05-20,4765,888582,3061,524694,1612,332057,92,31831,2029,100531,2717,409144,2120,509675,California
San Mateo,2021-05-21,6104,894686,4329,529023,1677,333734,98,31929,1769,98077,4319,413463,1865,511540,California
San Mateo,2021-05-22,5367,900053,3752,532775,1577,335311,38,31967,2185,97134,3167,416630,2224,513764,California
San Mateo,2021-05-23,2402,902455,1406,534181,940,336251,56,32023,969,96733,1426,418056,1025,514789,California
San Mateo,2021-05-24,3267,905722,2095,536276,1029,337280,143,32166,1057,95743,2188,420244,1198,515987,California
San Mateo,2021-05-25,4679,910401,2967,539243,1556,338836,156,32322,1689,94621,2969,423213,1847,517834,California
San Mateo,2021-05-26,5237,915638,2702,541945,2433,341269,102,32424,1583,92667,3638,426851,1684,519518,California
San Mateo,2021-05-27,2346,917984,1388,543333,912,342181,46,32470,790,91949,1551,428402,833,520351,California
Santa Barbara,2020-12-15,2,2,2,2,0,0,0,0,2,2,0,0,2,2,California
Santa Barbara,2020-12-16,2,4,2,4,0,0,0,0,2,4,0,0,2,4,California
Santa Barbara,2020-12-17,56,60,56,60,0,0,0,0,56,60,0,0,56,60,California
Santa Barbara,2020-12-18,379,439,378,438,1,1,0,0,379,439,0,0,379,439,California
Santa Barbara,2020-12-19,325,764,325,763,0,1,0,0,325,764,0,0,325,764,California
Santa Barbara,2020-12-20,235,999,235,998,0,1,0,0,235,999,0,0,235,999,California
Santa Barbara,2020-12-21,653,1652,651,1649,2,3,0,0,653,1652,0,0,653,1652,California
Santa Barbara,2020-12-22,245,1897,243,1892,2,5,0,0,245,1897,0,0,245,1897,California
Santa Barbara,2020-12-23,322,2219,204,2096,118,123,0,0,322,2219,0,0,322,2219,California
Santa Barbara,2020-12-24,88,2307,40,2136,48,171,0,0,88,2307,0,0,88,2307,California
Santa Barbara,2020-12-26,326,2633,66,2202,260,431,0,0,326,2633,0,0,326,2633,California
Santa Barbara,2020-12-27,62,2695,1,2203,61,492,0,0,62,2695,0,0,62,2695,California
Santa Barbara,2020-12-28,356,3051,223,2426,133,625,0,0,356,3051,0,0,356,3051,California
Santa Barbara,2020-12-29,553,3604,358,2784,195,820,0,0,553,3604,0,0,553,3604,California
Santa Barbara,2020-12-30,578,4182,395,3179,183,1003,0,0,578,4182,0,0,578,4182,California
Santa Barbara,2020-12-31,240,4422,114,3293,126,1129,0,0,240,4422,0,0,240,4422,California
Santa Barbara,2021-01-01,116,4538,110,3403,6,1135,0,0,116,4538,0,0,116,4538,California
Santa Barbara,2021-01-02,588,5126,223,3626,365,1500,0,0,588,5126,0,0,588,5126,California
Santa Barbara,2021-01-03,23,5149,15,3641,8,1508,0,0,23,5149,0,0,23,5149,California
Santa Barbara,2021-01-04,305,5454,242,3883,63,1571,0,0,304,5453,0,0,304,5453,California
Santa Barbara,2021-01-05,751,6205,378,4261,373,1944,0,0,724,6150,27,27,724,6177,California
Santa Barbara,2021-01-06,656,6861,276,4537,380,2324,0,0,595,6685,60,87,595,6772,California
Santa Barbara,2021-01-07,1034,7895,710,5247,324,2648,0,0,529,6713,501,588,529,7301,California
Santa Barbara,2021-01-08,1205,9100,845,6092,360,3008,0,0,711,6930,494,1082,711,8012,California
Santa Barbara,2021-01-09,566,9666,293,6385,273,3281,0,0,320,7004,246,1328,320,8332,California
Santa Barbara,2021-01-10,62,9728,50,6435,12,3293,0,0,46,7034,16,1344,46,8378,California
Santa Barbara,2021-01-11,839,10567,670,7105,169,3462,0,0,615,7426,223,1567,615,8993,California
Santa Barbara,2021-01-12,1434,12001,640,7745,794,4256,0,0,1278,8548,156,1723,1278,10271,California
Santa Barbara,2021-01-13,1220,13221,271,8016,949,5205,0,0,1093,9514,127,1850,1093,11364,California
Santa Barbara,2021-01-14,1253,14474,135,8151,1118,6323,0,0,1198,10659,54,1904,1199,12563,California
Santa Barbara,2021-01-15,1801,16275,419,8570,1382,7705,0,0,1720,12299,80,1984,1720,14283,California
Santa Barbara,2021-01-16,1270,17545,200,8770,1070,8775,0,0,1231,13492,38,2022,1231,15514,California
Santa Barbara,2021-01-17,123,17668,20,8790,103,8878,0,0,120,13609,3,2025,120,15634,California
Santa Barbara,2021-01-18,1152,18820,418,9208,734,9612,0,0,967,14391,185,2210,967,16601,California
Santa Barbara,2021-01-19,1639,20459,570,9778,1069,10681,0,0,1361,15475,277,2487,1361,17962,California
Santa Barbara,2021-01-20,2096,22555,545,10323,1551,12232,0,0,1741,16862,354,2841,1741,19703,California
Santa Barbara,2021-01-21,3182,25737,1910,12233,1272,13504,0,0,3023,19727,159,3000,3024,22727,California
Santa Barbara,2021-01-22,2926,28663,1772,14005,1154,14658,0,0,2762,22329,161,3161,2763,25490,California
Santa Barbara,2021-01-23,1734,30397,1106,15111,628,15286,0,0,1225,23046,508,3669,1225,26715,California
Santa Barbara,2021-01-24,843,31240,751,15862,92,15378,0,0,834,23871,9,3678,834,27549,California
Santa Barbara,2021-01-25,1242,32482,498,16360,744,16122,0,0,1005,24639,237,3915,1005,28554,California
Santa Barbara,2021-01-26,2045,34527,463,16823,1582,17704,0,0,1661,25918,382,4297,1661,30215,California
Santa Barbara,2021-01-27,1163,35690,400,17223,763,18467,0,0,901,26560,261,4558,903,31118,California
Santa Barbara,2021-01-28,892,36582,295,17518,597,19064,0,0,678,27027,211,4769,678,31796,California
Santa Barbara,2021-01-29,1333,37915,536,18054,797,19861,0,0,979,27657,351,5120,981,32777,California
Santa Barbara,2021-01-30,1892,39807,1420,19474,472,20333,0,0,1487,28742,402,5522,1487,34264,California
Santa Barbara,2021-01-31,1453,41260,1215,20689,238,20571,0,0,1414,30117,39,5561,1414,35678,California
Santa Barbara,2021-02-01,954,42214,529,21218,425,20996,0,0,556,30275,398,5959,556,36234,California
Santa Barbara,2021-02-02,1808,44022,679,21897,1129,22125,0,0,1044,30558,761,6720,1044,37278,California
Santa Barbara,2021-02-03,1940,45962,1077,22974,863,22988,0,0,1500,31628,430,7150,1500,38778,California
Santa Barbara,2021-02-04,2780,48742,1865,24839,915,23903,0,0,2482,33818,292,7442,2482,41260,California
Santa Barbara,2021-02-05,2900,51642,2057,26896,843,24746,0,0,2259,35438,639,8081,2259,43519,California
Santa Barbara,2021-02-06,1204,52846,339,27235,865,25611,0,0,794,35822,410,8491,794,44313,California
Santa Barbara,2021-02-07,301,53147,263,27498,38,25649,0,0,266,36054,34,8525,266,44579,California
Santa Barbara,2021-02-08,955,54102,311,27809,644,26293,0,0,665,36429,290,8815,665,45244,California
Santa Barbara,2021-02-09,2438,56540,313,28122,2125,28418,0,0,1119,36238,1310,10125,1119,46363,California
Santa Barbara,2021-02-10,2763,59303,1496,29618,1267,29685,0,0,780,35042,1976,12101,780,47143,California
Santa Barbara,2021-02-11,4187,63490,2808,32426,1379,31064,0,0,623,32111,3554,15655,623,47766,California
Santa Barbara,2021-02-12,3308,66798,948,33374,2360,33424,0,0,774,30357,2528,18183,774,48540,California
Santa Barbara,2021-02-13,1234,68032,341,33715,893,34317,0,0,561,30247,671,18854,561,49101,California
Santa Barbara,2021-02-14,332,68364,35,33750,297,34614,0,0,287,30489,45,18899,287,49388,California
Santa Barbara,2021-02-15,968,69332,337,34087,631,35245,0,0,494,30512,471,19370,494,49882,California
Santa Barbara,2021-02-16,2108,71440,395,34482,1713,36958,0,0,719,29846,1385,20755,719,50601,California
Santa Barbara,2021-02-17,1436,72876,321,34803,1115,38073,0,0,523,29460,909,21664,523,51124,California
Santa Barbara,2021-02-18,3256,76132,2648,37451,608,38681,0,0,1519,29278,1701,23365,1519,52643,California
Santa Barbara,2021-02-19,3596,79728,2641,40092,955,39636,0,0,2329,30343,1264,24629,2329,54972,California
Santa Barbara,2021-02-20,2225,81953,1439,41531,786,40422,0,0,1669,31466,546,25175,1669,56641,California
Santa Barbara,2021-02-21,135,82088,106,41637,29,40451,0,0,60,31453,73,25248,60,56701,California
Santa Barbara,2021-02-22,940,83028,248,41885,692,41143,0,0,271,31059,666,25914,272,56973,California
Santa Barbara,2021-02-23,3189,86217,1046,42931,2143,43286,0,0,422,28718,2763,28677,422,57395,California
Santa Barbara,2021-02-24,3207,89424,1093,44024,2114,45400,0,0,723,26967,2474,31151,723,58118,California
Santa Barbara,2021-02-25,3455,92879,1921,45945,1534,46934,0,0,990,25501,2457,33608,991,59109,California
Santa Barbara,2021-02-26,3668,96547,2177,48122,1491,48425,0,0,1981,25803,1679,35287,1981,61090,California
Santa Barbara,2021-02-27,1527,98074,562,48684,965,49390,0,0,847,25976,676,35963,849,61939,California
Santa Barbara,2021-02-28,1084,99158,220,48904,864,50254,0,0,892,26682,187,36150,893,62832,California
Santa Barbara,2021-03-01,1644,100802,470,49374,1173,51427,1,1,1088,27232,540,36690,1090,63922,California
Santa Barbara,2021-03-02,2649,103451,423,49797,2226,53653,0,1,2148,28893,488,37178,2149,66071,California
Santa Barbara,2021-03-03,4630,108081,2101,51898,2527,56180,2,3,4034,32348,585,37763,4040,70111,California
Santa Barbara,2021-03-04,3421,111502,2283,54181,1138,57318,0,3,2865,34665,548,38311,2865,72976,California
Santa Barbara,2021-03-05,3819,115321,2164,56345,1596,58914,59,62,3095,37100,719,39030,3154,76130,California
Santa Barbara,2021-03-06,2431,117752,726,57071,1486,60400,219,281,1670,38230,757,39787,1887,78017,California
Santa Barbara,2021-03-07,564,118316,123,57194,310,60710,131,412,384,38567,179,39966,516,78533,California
Santa Barbara,2021-03-08,1580,119896,381,57575,856,61566,343,755,797,38930,777,40743,1140,79673,California
Santa Barbara,2021-03-09,2796,122692,344,57919,1678,63244,774,1529,738,38383,2055,42798,1508,81181,California
Santa Barbara,2021-03-10,2762,125454,553,58472,1162,64406,1047,2576,1041,38753,1716,44514,2086,83267,California
Santa Barbara,2021-03-11,5580,131034,3028,61500,1437,65843,1115,3691,2282,38859,3284,47798,3390,86657,California
Santa Barbara,2021-03-12,3678,134712,2098,63598,1150,66993,430,4121,2181,39978,1489,49287,2608,89265,California
Santa Barbara,2021-03-13,3489,138201,1934,65532,1347,68340,208,4329,2696,42092,791,50078,2905,92170,California
Santa Barbara,2021-03-14,793,138994,378,65910,358,68698,57,4386,471,42299,321,50399,528,92698,California
Santa Barbara,2021-03-15,2113,141107,697,66607,1125,69823,291,4677,1268,43018,838,51237,1557,94255,California
Santa Barbara,2021-03-16,3724,144831,1173,67780,2209,72032,342,5019,2735,45110,985,52222,3077,97332,California
Santa Barbara,2021-03-17,3307,148138,970,68750,1932,73964,405,5424,2316,46838,989,53211,2717,100049,California
Santa Barbara,2021-03-18,5230,153368,2800,71550,2228,76192,202,5626,4005,49836,1209,54420,4207,104256,California
Santa Barbara,2021-03-19,4448,157816,2769,74319,1346,77538,333,5959,3057,51838,1387,55807,3389,107645,California
Santa Barbara,2021-03-20,2179,159995,836,75155,1329,78867,14,5973,1334,52343,842,56649,1347,108992,California
Santa Barbara,2021-03-21,1165,161160,383,75538,752,79619,30,6003,838,52886,325,56974,868,109860,California
Santa Barbara,2021-03-22,2779,163939,1912,77450,823,80442,44,6047,2223,54605,548,57522,2267,112127,California
Santa Barbara,2021-03-23,4480,168419,2252,79702,2127,82569,101,6148,3707,57648,764,58286,3807,115934,California
Santa Barbara,2021-03-24,5419,173838,3157,82859,1513,84082,749,6897,2972,58942,2423,60709,3717,119651,California
Santa Barbara,2021-03-25,5563,179401,3276,86135,2097,86179,190,7087,2787,59159,2760,63469,2977,122628,California
Santa Barbara,2021-03-26,5092,184493,3227,89362,1567,87746,298,7385,2244,58869,2832,66301,2542,125170,California
Santa Barbara,2021-03-27,2953,187446,1225,90587,1685,89431,43,7428,1621,59203,1328,67629,1662,126832,California
Santa Barbara,2021-03-28,2779,190225,1657,92244,1094,90525,28,7456,1893,60244,881,68510,1922,128754,California
Santa Barbara,2021-03-29,4044,194269,2087,94331,1886,92411,71,7527,3228,62731,812,69322,3299,132053,California
Santa Barbara,2021-03-30,6801,201070,3513,97844,3137,95548,151,7678,4540,65173,2246,71568,4688,136741,California
Santa Barbara,2021-03-31,8675,209745,5524,103368,3084,98632,67,7745,5056,66698,3598,75166,5123,141864,California
Santa Barbara,2021-04-01,7038,216783,5207,108575,1570,100202,261,8006,4174,68285,2846,78012,4433,146297,California
Santa Barbara,2021-04-02,6646,223429,4560,113135,1491,101693,595,8601,3420,69084,3218,81230,4017,150314,California
Santa Barbara,2021-04-03,3810,227239,2114,115249,1628,103321,68,8669,2517,70379,1289,82519,2584,152898,California
Santa Barbara,2021-04-04,900,228139,444,115693,416,103737,40,8709,501,70523,397,82916,541,153439,California
Santa Barbara,2021-04-05,3464,231603,2290,117983,916,104653,258,8967,2168,71660,1289,84205,2426,155865,California
Santa Barbara,2021-04-06,5482,237085,2831,120814,2113,106766,538,9505,3356,73444,2110,86315,3894,159759,California
Santa Barbara,2021-04-07,5989,243074,3282,124096,2166,108932,541,10046,4071,76159,1908,88223,4623,164382,California
Santa Barbara,2021-04-08,7402,250476,5031,129127,644,109576,1727,11773,3412,77310,3986,92209,5137,169519,California
Santa Barbara,2021-04-09,7278,257754,4838,133965,1091,110667,1349,13122,3272,77934,3997,96206,4621,174140,California
Santa Barbara,2021-04-10,6689,264443,4632,138597,1437,112104,620,13742,4547,80972,2135,98341,5173,179313,California
Santa Barbara,2021-04-11,2639,267082,1931,140528,409,112513,299,14041,1819,82271,814,99155,2113,181426,California
Santa Barbara,2021-04-12,4426,271508,2848,143376,1024,113537,554,14595,1923,82250,2496,101651,2475,183901,California
Santa Barbara,2021-04-13,6308,277816,4149,147525,2153,115690,6,14601,2624,81200,3679,105330,2629,186530,California
Santa Barbara,2021-04-14,6723,284539,4396,151921,2325,118015,2,14603,4201,82892,2511,107841,4203,190733,California
Santa Barbara,2021-04-15,6938,291477,4077,155998,2860,120875,1,14604,3751,83468,3177,111018,3753,194486,California
Santa Barbara,2021-04-16,6371,297848,3742,159740,2618,123493,11,14615,4380,85882,1976,112994,4390,198876,California
Santa Barbara,2021-04-17,5301,303149,3855,163595,1446,124939,0,14615,4084,88761,1205,114199,4084,202960,California
Santa Barbara,2021-04-18,2130,305279,1477,165072,653,125592,0,14615,373,87382,1753,115952,374,203334,California
Santa Barbara,2021-04-19,3235,308514,2225,167297,1004,126596,6,14621,1031,86221,2199,118151,1038,204372,California
Santa Barbara,2021-04-20,5863,314377,3946,171243,1916,128512,1,14622,1650,83671,4201,122352,1651,206023,California
Santa Barbara,2021-04-21,5469,319846,3629,174872,1840,130352,0,14622,1733,81680,3724,126076,1733,207756,California
Santa Barbara,2021-04-22,5091,324937,2560,177432,2530,132882,1,14623,1453,79514,3622,129698,1456,209212,California
Santa Barbara,2021-04-23,5572,330509,3873,181305,1699,134581,0,14623,1956,77867,3603,133301,1956,211168,California
Santa Barbara,2021-04-24,4422,334931,2877,184182,1540,136121,5,14628,1635,76739,2768,136069,1640,212808,California
Santa Barbara,2021-04-25,1831,336762,1184,185366,647,136768,0,14628,499,75914,1324,137393,499,213307,California
Santa Barbara,2021-04-26,2931,339693,1805,187171,1105,137873,21,14649,463,73936,2462,139855,484,213791,California
Santa Barbara,2021-04-27,3678,343371,2027,189198,1564,139437,87,14736,1104,72562,2564,142419,1190,214981,California
Santa Barbara,2021-04-28,4902,348273,2861,192059,1924,141361,117,14853,1402,70597,3487,145906,1522,216503,California
Santa Barbara,2021-04-29,5245,353518,3797,195856,1221,142582,227,15080,1446,68485,3783,149689,1671,218174,California
Santa Barbara,2021-04-30,4945,358463,3695,199551,1086,143668,164,15244,1423,66563,3508,153197,1586,219760,California
Santa Barbara,2021-05-01,5233,363696,4055,203606,1145,144813,33,15277,900,63173,4325,157522,935,220695,California
Santa Barbara,2021-05-02,1130,364826,665,204271,337,145150,128,15405,308,62787,822,158344,436,221131,California
Santa Barbara,2021-05-03,2206,367032,1481,205752,586,145736,139,15544,444,61612,1756,160100,581,221712,California
Santa Barbara,2021-05-04,3278,370310,1661,207413,1546,147282,71,15615,1139,60695,2126,162226,1209,222921,California
Santa Barbara,2021-05-05,5418,375728,3669,211082,1603,148885,146,15761,628,56692,4778,167004,775,223696,California
Santa Barbara,2021-05-06,5043,380771,3906,214988,1033,149918,104,15865,961,53691,4066,171070,1065,224761,California
Santa Barbara,2021-05-07,4659,385430,3650,218638,831,150749,178,16043,1001,51220,3648,174718,1177,225938,California
Santa Barbara,2021-05-08,4210,389640,3151,221789,961,151710,98,16141,871,48863,3326,178044,969,226907,California
Santa Barbara,2021-05-09,700,390340,109,221898,551,152261,40,16181,467,49139,232,178276,508,227415,California
Santa Barbara,2021-05-10,1320,391660,621,222519,615,152876,84,16265,366,48636,952,179228,449,227864,California
Santa Barbara,2021-05-11,1828,393488,769,223288,768,153644,291,16556,412,47928,1409,180637,701,228565,California
Santa Barbara,2021-05-12,1545,395033,686,223974,657,154301,202,16758,442,47477,1095,181732,644,229209,California
Santa Barbara,2021-05-13,3567,398600,2711,226685,663,154964,193,16951,1175,46463,2381,184113,1367,230576,California
Santa Barbara,2021-05-14,4148,402748,2532,229217,1522,156486,94,17045,1638,45697,2496,186609,1730,232306,California
Santa Barbara,2021-05-15,3505,406253,2568,231785,918,157404,19,17064,1841,45905,1653,188262,1861,234167,California
Santa Barbara,2021-05-16,1063,407316,465,232250,483,157887,115,17179,468,45897,591,188853,583,234750,California
Santa Barbara,2021-05-17,1635,408951,933,233183,640,158527,62,17241,912,46157,716,189569,976,235726,California
Santa Barbara,2021-05-18,1837,410788,1157,234340,586,159113,94,17335,1014,46459,807,190376,1109,236835,California
Santa Barbara,2021-05-19,1756,412544,972,235312,743,159856,41,17376,819,46389,929,191305,859,237694,California
Santa Barbara,2021-05-20,1264,413808,649,235961,498,160354,117,17493,668,46589,584,191889,784,238478,California
Santa Barbara,2021-05-21,2968,416776,2001,237962,914,161268,53,17546,1096,45881,1858,193747,1150,239628,California
Santa Barbara,2021-05-22,2174,418950,1533,239495,596,161864,45,17591,1290,46337,880,194627,1336,240964,California
Santa Barbara,2021-05-23,564,419514,214,239709,323,162187,27,17618,324,46448,240,194867,351,241315,California
Santa Barbara,2021-05-24,1007,420521,593,240302,356,162543,58,17676,515,46536,486,195353,574,241889,California
Santa Barbara,2021-05-25,1388,421909,568,240870,751,163294,69,17745,468,46155,915,196268,534,242423,California
Santa Barbara,2021-05-26,2944,424853,1671,242541,1162,164456,111,17856,811,44958,2118,198386,921,243344,California
Santa Barbara,2021-05-27,1297,426150,856,243397,344,164800,97,17953,518,44798,775,199161,615,243959,California
Santa Clara,2020-12-15,65,65,65,65,0,0,0,0,65,65,0,0,65,65,California
Santa Clara,2020-12-16,142,207,142,207,0,0,0,0,142,207,0,0,142,207,California
Santa Clara,2020-12-17,399,606,399,606,0,0,0,0,399,606,0,0,399,606,California
Santa Clara,2020-12-18,1680,2286,1680,2286,0,0,0,0,1680,2286,0,0,1680,2286,California
Santa Clara,2020-12-19,2080,4366,2080,4366,0,0,0,0,2079,4365,0,0,2079,4365,California
Santa Clara,2020-12-20,1905,6271,1904,6270,1,1,0,0,1902,6267,0,0,1902,6267,California
Santa Clara,2020-12-21,2703,8974,2703,8973,0,1,0,0,2702,8969,0,0,2702,8969,California
Santa Clara,2020-12-22,3164,12138,3157,12130,7,8,0,0,3161,12130,0,0,3161,12130,California
Santa Clara,2020-12-23,3314,15452,3125,15255,189,197,0,0,3313,15443,0,0,3313,15443,California
Santa Clara,2020-12-24,1915,17367,1728,16983,187,384,0,0,1910,17352,1,1,1910,17353,California
Santa Clara,2020-12-25,346,17713,345,17328,1,385,0,0,346,17698,0,1,346,17699,California
Santa Clara,2020-12-26,1268,18981,1035,18363,233,618,0,0,1267,18965,0,1,1267,18966,California
Santa Clara,2020-12-27,650,19631,508,18871,142,760,0,0,650,19615,0,1,650,19616,California
Santa Clara,2020-12-28,2336,21967,1729,20600,607,1367,0,0,2336,21951,0,1,2336,21952,California
Santa Clara,2020-12-29,2351,24318,1491,22091,860,2227,0,0,2350,24301,0,1,2350,24302,California
Santa Clara,2020-12-30,2984,27302,1889,23980,1095,3322,0,0,2982,27281,2,3,2982,27284,California
Santa Clara,2020-12-31,1217,28519,392,24372,825,4147,0,0,1216,28496,1,4,1216,28500,California
Santa Clara,2021-01-01,145,28664,12,24384,133,4280,0,0,144,28639,1,5,144,28644,California
Santa Clara,2021-01-02,1085,29749,815,25199,270,4550,0,0,1085,29724,0,5,1085,29729,California
Santa Clara,2021-01-03,584,30333,367,25566,217,4767,0,0,579,30300,3,8,579,30308,California
Santa Clara,2021-01-04,2471,32804,1670,27236,801,5568,0,0,2468,32768,0,8,2468,32776,California
Santa Clara,2021-01-05,3069,35873,2011,29247,1058,6626,0,0,2882,35470,186,194,2888,35664,California
Santa Clara,2021-01-06,3335,39208,1967,31214,1368,7994,0,0,2759,37659,572,766,2761,38425,California
Santa Clara,2021-01-07,4222,43430,2562,33776,1660,9654,0,0,3150,39753,1062,1828,3156,41581,California
Santa Clara,2021-01-08,5854,49284,3824,37600,2030,11684,0,0,3794,41491,2056,3884,3794,45375,California
Santa Clara,2021-01-09,2978,52262,1868,39468,1110,12794,0,0,1689,41894,1289,5173,1692,47067,California
Santa Clara,2021-01-10,1958,54220,1514,40982,444,13238,0,0,748,41433,1209,6382,748,47815,California
Santa Clara,2021-01-11,5960,60180,3754,44736,2206,15444,0,0,3385,42249,2574,8956,3390,51205,California
Santa Clara,2021-01-12,6811,66991,3410,48146,3401,18845,0,0,4565,44570,2245,11201,4566,55771,California
Santa Clara,2021-01-13,7380,74371,3057,51203,4323,23168,0,0,5207,47607,2171,13372,5208,60979,California
Santa Clara,2021-01-14,8233,82604,2799,54002,5434,28602,0,0,6492,52365,1736,15108,6494,67473,California
Santa Clara,2021-01-15,9457,92061,2681,56683,6776,35378,0,0,8136,59189,1317,16425,8141,75614,California
Santa Clara,2021-01-16,4295,96356,1230,57913,3065,38443,0,0,3460,61818,831,17256,3460,79074,California
Santa Clara,2021-01-17,3213,99569,603,58516,2610,41053,0,0,2716,64037,497,17753,2716,81790,California
Santa Clara,2021-01-18,5096,104665,1157,59673,3939,44992,0,0,4541,68024,555,18308,4542,86332,California
Santa Clara,2021-01-19,8504,113169,2688,62361,5816,50808,0,0,6817,73160,1684,19992,6820,93152,California
Santa Clara,2021-01-20,8084,121253,4110,66471,3974,54782,0,0,6538,78157,1541,21533,6538,99690,California
Santa Clara,2021-01-21,8698,129951,3775,70246,4923,59705,0,0,7495,84453,1201,22734,7497,107187,California
Santa Clara,2021-01-22,8637,138588,3251,73497,5386,65091,0,0,8069,91958,567,23301,8072,115259,California
Santa Clara,2021-01-23,3781,142369,1686,75183,2095,67186,0,0,2822,93822,959,24260,2823,118082,California
Santa Clara,2021-01-24,2829,145198,1423,76606,1406,68592,0,0,2344,95684,482,24742,2344,120426,California
Santa Clara,2021-01-25,8399,153597,3800,80406,4599,73191,0,0,6326,99947,2065,26807,6328,126754,California
Santa Clara,2021-01-26,8253,161850,3779,84185,4474,77665,0,0,6136,103978,2107,28914,6138,132892,California
Santa Clara,2021-01-27,8719,170569,3831,88016,4888,82553,0,0,6799,108876,1902,30816,6800,139692,California
Santa Clara,2021-01-28,9495,180064,3816,91832,5679,88232,0,0,7533,114472,1941,32757,7537,147229,California
Santa Clara,2021-01-29,9520,189584,3949,95781,5571,93803,0,0,7346,119654,2165,34922,7347,154576,California
Santa Clara,2021-01-30,4155,193739,2071,97852,2084,95887,0,0,2948,121403,1200,36122,2949,157525,California
Santa Clara,2021-01-31,2176,195915,1306,99158,870,96757,0,0,1582,122395,590,36712,1582,159107,California
Santa Clara,2021-02-01,7857,203772,3513,102671,4344,101101,0,0,6150,126848,1699,38411,6152,165259,California
Santa Clara,2021-02-02,8546,212318,2878,105549,5668,106769,0,0,6549,131409,1991,40402,6552,171811,California
Santa Clara,2021-02-03,9210,221528,3490,109039,5720,112489,0,0,6923,136058,2280,42682,6929,178740,California
Santa Clara,2021-02-04,10950,232478,4143,113182,6807,119296,0,0,8659,142439,2281,44963,8662,187402,California
Santa Clara,2021-02-05,11941,244419,4352,117534,7589,126885,0,0,8483,147479,3444,48407,8484,195886,California
Santa Clara,2021-02-06,5206,249625,2826,120360,2380,129265,0,0,4037,150353,1165,49572,4039,199925,California
Santa Clara,2021-02-07,3479,253104,2347,122707,1132,130397,0,0,3025,152926,453,50025,3026,202951,California
Santa Clara,2021-02-08,10020,263124,3483,126190,6537,136934,0,0,7306,157532,2701,52726,7307,210258,California
Santa Clara,2021-02-09,11166,274290,3819,130009,7347,144281,0,0,7669,161719,3486,56212,7673,217931,California
Santa Clara,2021-02-10,12644,286934,4911,134920,7733,152014,0,0,6835,162757,5799,62011,6837,224768,California
Santa Clara,2021-02-11,13545,300479,4732,139652,8813,160827,0,0,7693,164614,5837,67848,7694,232462,California
Santa Clara,2021-02-12,14566,315045,4502,144154,10064,170891,0,0,6993,164056,7553,75401,6995,239457,California
Santa Clara,2021-02-13,6079,321124,1459,145613,4620,175511,0,0,2222,162430,3850,79251,2224,241681,California
Santa Clara,2021-02-14,4607,325731,1140,146753,3467,178978,0,0,1467,160761,3138,82389,1469,243150,California
Santa Clara,2021-02-15,6255,331986,2788,149541,3467,182445,0,0,2700,159913,3548,85937,2700,245850,California
Santa Clara,2021-02-16,13793,345779,4012,153553,9781,192226,0,0,6938,160013,6838,92775,6938,252788,California
Santa Clara,2021-02-17,14091,359870,5507,159060,8584,200810,0,0,7055,160055,7018,99793,7060,259848,California
Santa Clara,2021-02-18,14228,374098,8386,167446,5842,206652,0,0,7241,160352,6947,106740,7244,267092,California
Santa Clara,2021-02-19,14836,388934,9528,176974,5308,211960,0,0,8633,162802,6188,112928,8638,275730,California
Santa Clara,2021-02-20,6826,395760,5107,182081,1719,213679,0,0,3677,163340,3139,116067,3677,279407,California
Santa Clara,2021-02-21,3306,399066,2480,184561,826,214505,0,0,1216,162476,2082,118149,1218,280625,California
Santa Clara,2021-02-22,10178,409244,6095,190656,4083,218588,0,0,4728,161765,5440,123589,4729,285354,California
Santa Clara,2021-02-23,11922,421166,7738,198394,4184,222772,0,0,6769,163398,5140,128729,6773,292127,California
Santa Clara,2021-02-24,14171,435337,9127,207521,5044,227816,0,0,8768,166779,5387,134116,8768,300895,California
Santa Clara,2021-02-25,14645,449982,9271,216792,5374,233190,0,0,7902,167963,6722,140838,7906,308801,California
Santa Clara,2021-02-26,14591,464573,8452,225244,6139,239329,0,0,8019,169435,6550,147388,8022,316823,California
Santa Clara,2021-02-27,8060,472633,5521,230765,2538,241867,1,1,4478,170349,3572,150960,4486,321309,California
Santa Clara,2021-02-28,4735,477368,3081,233846,1654,243521,0,1,2211,170045,2515,153475,2211,323520,California
Santa Clara,2021-03-01,14105,491473,8006,241852,6096,249617,3,4,8736,173435,5349,158824,8739,332259,California
Santa Clara,2021-03-02,16044,507517,9527,251379,6516,256133,1,5,10261,177941,5757,164581,10263,342522,California
Santa Clara,2021-03-03,18466,525983,9073,260452,9390,265523,3,8,11466,182453,6962,171543,11474,353996,California
Santa Clara,2021-03-04,16475,542458,8971,269423,7501,273024,3,11,9585,185233,6810,178353,9590,363586,California
Santa Clara,2021-03-05,16591,559049,9226,278649,7239,280263,126,137,9208,187211,7361,185714,9339,372925,California
Santa Clara,2021-03-06,9422,568471,6312,284961,2673,282936,437,574,7086,192410,2323,188037,7522,380447,California
Santa Clara,2021-03-07,6800,575271,4471,289432,2096,285032,233,807,5422,196693,1370,189407,5653,386100,California
Santa Clara,2021-03-08,12895,588166,6732,296164,5600,290632,563,1370,8283,200945,4594,194001,8846,394946,California
Santa Clara,2021-03-09,15223,603389,6512,302676,7377,298009,1334,2704,6853,200776,8351,202352,8182,403128,California
Santa Clara,2021-03-10,15104,618493,6580,309256,6415,304424,2109,4813,6199,200183,8878,211230,8285,411413,California
Santa Clara,2021-03-11,17053,635546,7758,317014,7786,312210,1509,6322,6044,196741,10981,222211,7539,418952,California
Santa Clara,2021-03-12,17688,653234,9100,326114,7014,319224,1574,7896,5975,192599,11674,233885,7532,426484,California
Santa Clara,2021-03-13,10747,663981,6229,332343,3023,322247,1495,9391,4823,192993,5901,239786,6295,432779,California
Santa Clara,2021-03-14,6511,670492,3372,335715,1833,324080,1306,10697,3174,194142,3320,243106,4469,437248,California
Santa Clara,2021-03-15,12777,683269,6532,342247,5974,330054,271,10968,5992,193643,6762,249868,6263,443511,California
Santa Clara,2021-03-16,18191,701460,10295,352542,7687,337741,209,11177,8813,193313,9349,259217,9019,452530,California
Santa Clara,2021-03-17,19900,721360,11274,363816,8457,346198,169,11346,10284,194195,9565,268782,10447,462977,California
Santa Clara,2021-03-18,19072,740432,8933,372749,8975,355173,1164,12510,9091,194516,9926,278708,10247,473224,California
Santa Clara,2021-03-19,19272,759704,9926,382675,8343,363516,1003,13513,10003,196302,9210,287918,10996,484220,California
Santa Clara,2021-03-20,11509,771213,6345,389020,4337,367853,827,14340,6766,199178,4714,292632,7590,491810,California
Santa Clara,2021-03-21,8304,779517,3770,392790,3135,370988,1399,15739,5569,203410,2723,295355,6955,498765,California
Santa Clara,2021-03-22,16313,795830,9111,401901,6853,377841,349,16088,9302,206077,6983,302338,9650,508415,California
Santa Clara,2021-03-23,19231,815061,12232,414133,6480,384321,519,16607,11173,209759,8011,310349,11693,520108,California
Santa Clara,2021-03-24,22593,837654,14560,428693,7620,391941,413,17020,14658,216939,7893,318242,15073,535181,California
Santa Clara,2021-03-25,22927,860581,13145,441838,8802,400743,980,18000,14786,224612,8079,326321,15752,550933,California
Santa Clara,2021-03-26,21925,882506,13970,455808,7569,408312,386,18386,13513,230129,8375,334696,13892,564825,California
Santa Clara,2021-03-27,15698,898204,10452,466260,4478,412790,768,19154,8420,232079,7236,341932,9186,574011,California
Santa Clara,2021-03-28,12051,910255,8353,474613,2985,415775,713,19867,6470,233702,5556,347488,7179,581190,California
Santa Clara,2021-03-29,20579,930834,12622,487235,7230,423005,727,20594,11160,236203,9378,356866,11879,593069,California
Santa Clara,2021-03-30,25619,956453,15251,502486,8426,431431,1942,22536,16149,244854,9434,366300,18085,611154,California
Santa Clara,2021-03-31,20486,976939,11901,514387,7455,438886,1130,23666,12610,250747,7836,374136,13729,624883,California
Santa Clara,2021-04-01,31810,1008749,19849,534236,8904,447790,3057,26723,20123,262283,11621,385757,23157,648040,California
Santa Clara,2021-04-02,25181,1033930,14339,548575,8674,456464,2168,28891,16452,272203,8689,394446,18609,666649,California
Santa Clara,2021-04-03,15282,1049212,9261,557836,3505,459969,2516,31407,8497,276438,6765,401211,11000,677649,California
Santa Clara,2021-04-04,7643,1056855,4040,561876,2436,462405,1167,32574,3978,277924,3653,404864,5139,682788,California
Santa Clara,2021-04-05,21874,1078729,14572,576448,4826,467231,2476,35050,14284,287110,7564,412428,16750,699538,California
Santa Clara,2021-04-06,29479,1108208,16250,592698,7795,475026,5434,40484,17701,298493,11734,424162,23117,722655,California
Santa Clara,2021-04-07,30857,1139065,15931,608629,8434,483460,6492,46976,18840,311844,11964,436126,25315,747970,California
Santa Clara,2021-04-08,29888,1168953,16334,624963,5974,489434,7580,54556,16296,322165,13523,449649,23844,771814,California
Santa Clara,2021-04-09,27961,1196914,13849,638812,6877,496311,7235,61791,14302,330069,13603,463252,21507,793321,California
Santa Clara,2021-04-10,21329,1218243,12336,651148,3749,500060,5244,67035,11414,336796,9884,473136,16611,809932,California
Santa Clara,2021-04-11,15955,1234198,9567,660715,2644,502704,3744,70779,8278,341151,7647,480783,12002,821934,California
Santa Clara,2021-04-12,26787,1260985,18852,679567,5512,508216,2423,73202,18267,353358,8469,489252,20676,842610,California
Santa Clara,2021-04-13,34240,1295225,26950,706517,7261,515477,29,73231,26421,372084,7744,496996,26470,869080,California
Santa Clara,2021-04-14,36744,1331969,27853,734370,8887,524364,4,73235,26134,387701,10547,507543,26164,895244,California
Santa Clara,2021-04-15,44002,1375971,34135,768505,9865,534229,2,73237,33932,411692,9965,517508,33956,929200,California
Santa Clara,2021-04-16,38330,1414301,26271,794776,12057,546286,2,73239,27510,428469,10759,528267,27536,956736,California
Santa Clara,2021-04-17,21941,1436242,15006,809782,6933,553219,2,73241,15058,436706,6838,535105,15075,971811,California
Santa Clara,2021-04-18,16385,1452627,10660,820442,5725,558944,0,73241,10247,440852,6112,541217,10258,982069,California
Santa Clara,2021-04-19,28807,1481434,20859,841301,7947,566891,1,73242,17249,446642,11489,552706,17279,999348,California
Santa Clara,2021-04-20,36887,1518321,22450,863751,14436,581327,1,73243,22537,454965,14245,566951,22568,1021916,California
Santa Clara,2021-04-21,36783,1555104,21342,885093,15439,596766,2,73245,24359,467022,12335,579286,24392,1046308,California
Santa Clara,2021-04-22,37207,1592311,24818,909911,12388,609154,1,73246,17610,465196,19502,598788,17676,1063984,California
Santa Clara,2021-04-23,31994,1624305,19459,929370,12534,621688,1,73247,15062,463474,16835,615623,15113,1079097,California
Santa Clara,2021-04-24,21090,1645395,15442,944812,5647,627335,1,73248,11978,466438,9042,624665,12006,1091103,California
Santa Clara,2021-04-25,13579,1658974,9817,954629,3755,631090,7,73255,8672,470273,4866,629531,8701,1099804,California
Santa Clara,2021-04-26,24240,1683214,18951,973580,5231,636321,58,73313,10119,466445,14029,643560,10201,1110005,California
Santa Clara,2021-04-27,26671,1709885,19258,992838,7124,643445,289,73602,11706,463602,14875,658435,12032,1122037,California
Santa Clara,2021-04-28,25293,1735178,18656,1011494,6200,649645,437,74039,10410,459704,14802,673237,10904,1132941,California
Santa Clara,2021-04-29,23156,1758334,16821,1028315,5938,655583,397,74436,8349,453774,14739,687976,8809,1141750,California
Santa Clara,2021-04-30,22935,1781269,15714,1044029,6857,662440,364,74800,9747,450856,13101,701077,10183,1151933,California
Santa Clara,2021-05-01,17437,1798706,14503,1058532,2674,665114,260,75060,5493,444754,11896,712973,5794,1157727,California
Santa Clara,2021-05-02,11283,1809989,9360,1067892,1693,666807,230,75290,3497,440759,7744,720717,3749,1161476,California
Santa Clara,2021-05-03,22794,1832783,19371,1087263,2991,669798,432,75722,5145,428790,17580,738297,5611,1167087,California
Santa Clara,2021-05-04,30536,1863319,23909,1111172,6087,675885,540,76262,5490,409910,24950,763247,6070,1173157,California
Santa Clara,2021-05-05,32168,1895487,24455,1135627,7170,683055,543,76805,5439,389283,26632,789879,6005,1179162,California
Santa Clara,2021-05-06,35360,1930847,29474,1165101,5411,688466,475,77280,4677,363900,30554,820433,5171,1184333,California
Santa Clara,2021-05-07,32492,1963339,26144,1191245,5858,694324,490,77770,4638,341344,27724,848157,5168,1189501,California
Santa Clara,2021-05-08,16444,1979783,13376,1204621,2645,696969,423,78193,3478,332380,12881,861038,3917,1193418,California
Santa Clara,2021-05-09,10315,1990098,8948,1213569,1180,698149,187,78380,2448,327197,7831,868869,2648,1196066,California
Santa Clara,2021-05-10,20751,2010849,16631,1230200,3720,701869,400,78780,2733,312412,17938,886807,3153,1199219,California
Santa Clara,2021-05-11,21633,2032482,16271,1246471,4946,706815,416,79196,3900,299091,17644,904451,4323,1203542,California
Santa Clara,2021-05-12,20150,2052632,14776,1261247,4911,711726,463,79659,4170,287838,15900,920351,4647,1208189,California
Santa Clara,2021-05-13,26894,2079526,21900,1283147,4703,716429,291,79950,10689,282698,16126,936477,10986,1219175,California
Santa Clara,2021-05-14,27001,2106527,18711,1301858,7908,724337,382,80332,9138,274455,17772,954249,9529,1228704,California
Santa Clara,2021-05-15,20125,2126652,16059,1317917,3787,728124,279,80611,7703,270097,12347,966596,7989,1236693,California
Santa Clara,2021-05-16,14898,2141550,11899,1329816,2822,730946,177,80788,4550,264556,10270,976866,4729,1241422,California
Santa Clara,2021-05-17,19814,2161364,15526,1345342,3925,734871,363,81151,6777,258737,12964,989830,7145,1248567,California
Santa Clara,2021-05-18,25379,2186743,16039,1361381,8922,743793,418,81569,7194,248297,18049,1007879,7609,1256176,California
Santa Clara,2021-05-19,23880,2210623,13815,1375196,9698,753491,367,81936,7827,240549,15949,1023828,8201,1264377,California
Santa Clara,2021-05-20,16555,2227178,11061,1386257,5109,758600,385,82321,5917,236281,10567,1034395,6299,1270676,California
Santa Clara,2021-05-21,20402,2247580,13731,1399988,6235,764835,436,82757,6938,230281,13386,1047781,7386,1278062,California
Santa Clara,2021-05-22,11268,2258848,8767,1408755,2213,767048,288,83045,4788,228934,6426,1054207,5079,1283141,California
Santa Clara,2021-05-23,6696,2265544,5175,1413930,1373,768421,148,83193,2429,227280,4235,1058442,2581,1285722,California
Santa Clara,2021-05-24,10106,2275650,7116,1421046,2544,770965,446,83639,3633,224947,6411,1064853,4078,1289800,California
Santa Clara,2021-05-25,10827,2286477,7363,1428409,3049,774014,415,84054,4263,223124,6503,1071356,4680,1294480,California
Santa Clara,2021-05-26,9680,2296157,6450,1434859,2938,776952,292,84346,3897,221582,5726,1077082,4184,1298664,California
Santa Clara,2021-05-27,5502,2301659,3549,1438408,1668,778620,285,84631,2060,220522,3404,1080486,2344,1301008,California
Santa Cruz,2020-12-15,2,2,2,2,0,0,0,0,2,2,0,0,2,2,California
Santa Cruz,2020-12-16,58,60,58,60,0,0,0,0,58,60,0,0,58,60,California
Santa Cruz,2020-12-17,391,451,391,451,0,0,0,0,391,451,0,0,391,451,California
Santa Cruz,2020-12-18,462,913,462,913,0,0,0,0,462,913,0,0,462,913,California
Santa Cruz,2020-12-19,179,1092,178,1091,1,1,0,0,179,1092,0,0,179,1092,California
Santa Cruz,2020-12-20,96,1188,96,1187,0,1,0,0,96,1188,0,0,96,1188,California
Santa Cruz,2020-12-21,437,1625,437,1624,0,1,0,0,437,1625,0,0,437,1625,California
Santa Cruz,2020-12-22,416,2041,415,2039,1,2,0,0,416,2041,0,0,416,2041,California
Santa Cruz,2020-12-23,369,2410,326,2365,43,45,0,0,369,2410,0,0,369,2410,California
Santa Cruz,2020-12-24,126,2536,50,2415,76,121,0,0,126,2536,0,0,126,2536,California
Santa Cruz,2020-12-25,11,2547,11,2426,0,121,0,0,11,2547,0,0,11,2547,California
Santa Cruz,2020-12-26,66,2613,47,2473,19,140,0,0,66,2613,0,0,66,2613,California
Santa Cruz,2020-12-27,32,2645,27,2500,5,145,0,0,32,2645,0,0,32,2645,California
Santa Cruz,2020-12-28,487,3132,108,2608,379,524,0,0,487,3132,0,0,487,3132,California
Santa Cruz,2020-12-29,790,3922,366,2974,424,948,0,0,790,3922,0,0,790,3922,California
Santa Cruz,2020-12-30,354,4276,163,3137,191,1139,0,0,354,4276,0,0,354,4276,California
Santa Cruz,2020-12-31,312,4588,11,3148,301,1440,0,0,312,4588,0,0,312,4588,California
Santa Cruz,2021-01-01,33,4621,1,3149,32,1472,0,0,33,4621,0,0,33,4621,California
Santa Cruz,2021-01-02,68,4689,54,3203,14,1486,0,0,68,4689,0,0,68,4689,California
Santa Cruz,2021-01-03,15,4704,7,3210,8,1494,0,0,15,4704,0,0,15,4704,California
Santa Cruz,2021-01-04,281,4985,124,3334,157,1651,0,0,279,4983,0,0,279,4983,California
Santa Cruz,2021-01-05,565,5550,429,3763,136,1787,0,0,263,4944,302,302,263,5246,California
Santa Cruz,2021-01-06,799,6349,667,4430,132,1919,0,0,460,5066,338,640,460,5706,California
Santa Cruz,2021-01-07,538,6887,214,4644,324,2243,0,0,382,5293,156,796,383,6089,California
Santa Cruz,2021-01-08,931,7818,559,5203,372,2615,0,0,485,5333,446,1242,486,6575,California
Santa Cruz,2021-01-09,462,8280,123,5326,339,2954,0,0,408,5687,54,1296,408,6983,California
Santa Cruz,2021-01-10,78,8358,70,5396,8,2962,0,0,20,5649,58,1354,20,7003,California
Santa Cruz,2021-01-11,716,9074,585,5981,131,3093,0,0,186,5306,530,1884,187,7190,California
Santa Cruz,2021-01-12,718,9792,518,6499,200,3293,0,0,479,5546,239,2123,479,7669,California
Santa Cruz,2021-01-13,520,10312,227,6726,293,3586,0,0,438,5905,79,2202,438,8107,California
Santa Cruz,2021-01-14,549,10861,103,6829,446,4032,0,0,483,6322,66,2268,483,8590,California
Santa Cruz,2021-01-15,1452,12313,75,6904,1377,5409,0,0,1388,7648,64,2332,1390,9980,California
Santa Cruz,2021-01-16,424,12737,52,6956,372,5781,0,0,405,8034,19,2351,405,10385,California
Santa Cruz,2021-01-17,296,13033,41,6997,255,6036,0,0,271,8280,25,2376,271,10656,California
Santa Cruz,2021-01-18,1004,14037,104,7101,900,6936,0,0,943,9162,61,2437,943,11599,California
Santa Cruz,2021-01-19,1610,15647,520,7621,1090,8026,0,0,1261,10077,347,2784,1262,12861,California
Santa Cruz,2021-01-20,1234,16881,181,7802,1053,9079,0,0,1037,10920,194,2978,1037,13898,California
Santa Cruz,2021-01-21,1691,18572,198,8000,1493,10572,0,0,1582,12395,109,3087,1584,15482,California
Santa Cruz,2021-01-22,1783,20355,525,8525,1258,11830,0,0,1680,13976,100,3187,1681,17163,California
Santa Cruz,2021-01-23,396,20751,144,8669,252,12082,0,0,338,14257,57,3244,338,17501,California
Santa Cruz,2021-01-24,115,20866,19,8688,96,12178,0,0,97,14336,18,3262,97,17598,California
Santa Cruz,2021-01-25,1058,21924,359,9047,699,12877,0,0,552,14382,506,3768,552,18150,California
Santa Cruz,2021-01-26,1688,23612,247,9294,1441,14318,0,0,1180,15054,508,4276,1180,19330,California
Santa Cruz,2021-01-27,1643,25255,445,9739,1198,15516,0,0,1260,15933,381,4657,1260,20590,California
Santa Cruz,2021-01-28,1739,26994,289,10028,1450,16966,0,0,1462,17119,277,4934,1463,22053,California
Santa Cruz,2021-01-29,1725,28719,487,10515,1238,18204,0,0,1596,18587,128,5062,1596,23649,California
Santa Cruz,2021-01-30,1054,29773,310,10825,744,18948,0,0,920,19373,134,5196,920,24569,California
Santa Cruz,2021-01-31,221,29994,113,10938,108,19056,0,0,207,19566,14,5210,207,24776,California
Santa Cruz,2021-02-01,1219,31213,748,11686,471,19527,0,0,824,19995,395,5605,824,25600,California
Santa Cruz,2021-02-02,992,32205,125,11811,867,20394,0,0,840,20684,151,5756,840,26440,California
Santa Cruz,2021-02-03,2215,34420,956,12767,1259,21653,0,0,1903,22278,309,6065,1903,28343,California
Santa Cruz,2021-02-04,1840,36260,767,13534,1073,22726,0,0,1502,23443,337,6402,1502,29845,California
Santa Cruz,2021-02-05,3140,39400,778,14312,2362,25088,0,0,2822,25948,317,6719,2822,32667,California
Santa Cruz,2021-02-06,2567,41967,160,14472,2407,27495,0,0,2223,27827,344,7063,2223,34890,California
Santa Cruz,2021-02-07,904,42871,122,14594,782,28277,0,0,887,28697,17,7080,887,35777,California
Santa Cruz,2021-02-08,702,43573,201,14795,501,28778,0,0,507,29010,194,7274,507,36284,California
Santa Cruz,2021-02-09,2357,45930,1050,15845,1307,30085,0,0,2091,30835,266,7540,2091,38375,California
Santa Cruz,2021-02-10,2180,48110,575,16420,1605,31690,0,0,1481,31628,689,8229,1482,39857,California
Santa Cruz,2021-02-11,1825,49935,309,16729,1516,33206,0,0,1312,32429,511,8740,1312,41169,California
Santa Cruz,2021-02-12,3199,53134,415,17144,2784,35990,0,0,1795,32831,1395,10135,1797,42966,California
Santa Cruz,2021-02-13,1699,54833,123,17267,1576,37566,0,0,1287,33706,412,10547,1287,44253,California
Santa Cruz,2021-02-14,1400,56233,71,17338,1329,38895,0,0,1136,34578,264,10811,1136,45389,California
Santa Cruz,2021-02-15,1568,57801,280,17618,1288,40183,0,0,562,34135,1006,11817,563,45952,California
Santa Cruz,2021-02-16,1680,59481,204,17822,1476,41659,0,0,525,33527,1133,12950,525,46477,California
Santa Cruz,2021-02-17,2901,62382,970,18792,1931,43590,0,0,1206,33054,1682,14632,1209,47686,California
Santa Cruz,2021-02-18,2861,65243,631,19423,2230,45820,0,0,1231,32659,1626,16258,1231,48917,California
Santa Cruz,2021-02-19,3239,68482,1133,20556,2106,47926,0,0,1995,33413,1241,17499,1995,50912,California
Santa Cruz,2021-02-20,2372,70854,1490,22046,882,48808,0,0,1877,34795,495,17994,1877,52789,California
Santa Cruz,2021-02-21,836,71690,369,22415,467,49275,0,0,707,35376,127,18121,708,53497,California
Santa Cruz,2021-02-22,1243,72933,955,23370,288,49563,0,0,528,35191,713,18834,528,54025,California
Santa Cruz,2021-02-23,2093,75026,933,24303,1160,50723,0,0,706,34511,1386,20220,706,54731,California
Santa Cruz,2021-02-24,3168,78194,1655,25958,1513,52236,0,0,1202,33752,1961,22181,1202,55933,California
Santa Cruz,2021-02-25,3208,81402,1416,27374,1792,54028,0,0,1766,34085,1434,23615,1767,57700,California
Santa Cruz,2021-02-26,2707,84109,759,28133,1948,55976,0,0,1541,34466,1162,24777,1543,59243,California
Santa Cruz,2021-02-27,2620,86729,930,29063,1690,57666,0,0,1825,35498,793,25570,1825,61068,California
Santa Cruz,2021-02-28,1286,88015,358,29421,928,58594,0,0,1075,36365,208,25778,1075,62143,California
Santa Cruz,2021-03-01,1819,89834,1248,30669,571,59165,0,0,686,35920,1131,26909,686,62829,California
Santa Cruz,2021-03-02,1536,91370,364,31033,1172,60337,0,0,873,36135,661,27570,876,63705,California
Santa Cruz,2021-03-03,2348,93718,633,31666,1715,62052,0,0,1287,36364,1058,28628,1287,64992,California
Santa Cruz,2021-03-04,2994,96712,1409,33075,1584,63636,1,1,2024,37431,959,29587,2026,67018,California
Santa Cruz,2021-03-05,2611,99323,489,33564,2104,65740,18,19,1138,37117,1470,31057,1156,68174,California
Santa Cruz,2021-03-06,3838,103161,1336,34900,2400,68140,102,121,2141,37662,1697,32754,2242,70416,California
Santa Cruz,2021-03-07,1341,104502,128,35028,1142,69282,71,192,556,37505,784,33538,627,71043,California
Santa Cruz,2021-03-08,1089,105591,222,35250,738,70020,129,321,657,37859,432,33970,786,71829,California
Santa Cruz,2021-03-09,1777,107368,262,35512,1367,71387,148,469,708,37649,1066,35036,856,72685,California
Santa Cruz,2021-03-10,3847,111215,2086,37598,1615,73002,146,615,2001,37954,1844,36880,2149,74834,California
Santa Cruz,2021-03-11,2787,114002,1213,38811,1402,74404,172,787,1539,38420,1247,38127,1713,76547,California
Santa Cruz,2021-03-12,2742,116744,882,39693,1568,75972,292,1079,912,37797,1826,39953,1203,77750,California
Santa Cruz,2021-03-13,2303,119047,1325,41018,936,76908,42,1121,1176,37893,1124,41077,1220,78970,California
Santa Cruz,2021-03-14,897,119944,212,41230,671,77579,14,1135,428,37867,467,41544,441,79411,California
Santa Cruz,2021-03-15,1333,121277,474,41704,824,78403,35,1170,573,37720,756,42300,609,80020,California
Santa Cruz,2021-03-16,2307,123584,1090,42794,1177,79580,40,1210,1337,38130,966,43266,1376,81396,California
Santa Cruz,2021-03-17,3942,127526,2322,45116,1610,81190,10,1220,2599,39404,1338,44604,2612,84008,California
Santa Cruz,2021-03-18,3848,131374,2072,47188,1658,82848,118,1338,2059,39795,1786,46390,2177,86185,California
Santa Cruz,2021-03-19,3372,134746,1318,48506,1830,84678,224,1562,1759,40169,1608,47998,1982,88167,California
Santa Cruz,2021-03-20,2161,136907,1613,50119,512,85190,36,1598,1086,40218,1073,49071,1122,89289,California
Santa Cruz,2021-03-21,820,137727,440,50559,258,85448,122,1720,438,40399,380,49451,561,89850,California
Santa Cruz,2021-03-22,1364,139091,845,51404,497,85945,22,1742,941,40943,420,49871,964,90814,California
Santa Cruz,2021-03-23,2549,141640,1432,52836,1067,87012,50,1792,1685,41817,861,50732,1735,92549,California
Santa Cruz,2021-03-24,3099,144739,2111,54947,967,87979,21,1813,2066,42876,1027,51759,2086,94635,California
Santa Cruz,2021-03-25,2637,147376,1323,56270,1277,89256,37,1850,1346,42975,1284,53043,1383,96018,California
Santa Cruz,2021-03-26,3120,150496,1812,58082,1281,90537,27,1877,2146,44180,967,54010,2172,98190,California
Santa Cruz,2021-03-27,3208,153704,2002,60084,1181,91718,25,1902,1508,44024,1690,55700,1534,99724,California
Santa Cruz,2021-03-28,935,154639,577,60661,344,92062,14,1916,493,44093,438,56138,507,100231,California
Santa Cruz,2021-03-29,1985,156624,877,61538,1040,93102,68,1984,1286,44751,696,56834,1354,101585,California
Santa Cruz,2021-03-30,2692,159316,812,62350,1723,94825,157,2141,1712,45643,977,57811,1869,103454,California
Santa Cruz,2021-03-31,4174,163490,2833,65183,1293,96118,48,2189,2199,45920,1970,59781,2247,105701,California
Santa Cruz,2021-04-01,4049,167539,2166,67349,1775,97893,108,2297,2051,46088,1991,61772,2159,107860,California
Santa Cruz,2021-04-02,3288,170827,1424,68773,1686,99579,178,2475,1886,46753,1399,63171,2064,109924,California
Santa Cruz,2021-04-03,2249,173076,1226,69999,889,100468,134,2609,887,46413,1360,64531,1020,110944,California
Santa Cruz,2021-04-04,937,174013,489,70488,392,100860,56,2665,552,46636,385,64916,608,111552,California
Santa Cruz,2021-04-05,2270,176283,790,71278,1312,102172,168,2833,1405,47346,864,65780,1574,113126,California
Santa Cruz,2021-04-06,3397,179680,1650,72928,1367,103539,380,3213,1968,48271,1418,67198,2343,115469,California
Santa Cruz,2021-04-07,4172,183852,1634,74562,2176,105715,362,3575,1811,48093,2358,69556,2180,117649,California
Santa Cruz,2021-04-08,4272,188124,2346,76908,1411,107126,515,4090,2525,49395,1738,71294,3040,120689,California
Santa Cruz,2021-04-09,3695,191819,1508,78416,1788,108914,399,4489,2088,50283,1601,72895,2489,123178,California
Santa Cruz,2021-04-10,2247,194066,1081,79497,917,109831,249,4738,1053,50395,1190,74085,1302,124480,California
Santa Cruz,2021-04-11,990,195056,515,80012,383,110214,92,4830,476,50449,514,74599,568,125048,California
Santa Cruz,2021-04-12,2291,197347,821,80833,1046,111260,424,5254,1098,50791,1179,75778,1521,126569,California
Santa Cruz,2021-04-13,2883,200230,1446,82279,1435,112695,2,5256,1623,51162,1254,77032,1625,128194,California
Santa Cruz,2021-04-14,4602,204832,2242,84521,2360,115055,0,5256,2245,51059,2350,79382,2247,130441,California
Santa Cruz,2021-04-15,5003,209835,3192,87713,1811,116866,0,5256,3159,52385,1833,81215,3159,133600,California
Santa Cruz,2021-04-16,4486,214321,2485,90198,1999,118865,2,5258,2438,52786,2040,83255,2441,136041,California
Santa Cruz,2021-04-17,2247,216568,889,91087,1358,120223,0,5258,1495,53531,750,84005,1495,137536,California
Santa Cruz,2021-04-18,1057,217625,510,91597,546,120769,1,5259,586,53649,469,84474,587,138123,California
Santa Cruz,2021-04-19,2536,220161,1516,93113,1019,121788,1,5260,1609,54334,924,85398,1609,139732,California
Santa Cruz,2021-04-20,3132,223293,1668,94781,1464,123252,0,5260,1793,54798,1330,86728,1794,141526,California
Santa Cruz,2021-04-21,4257,227550,2848,97629,1409,124661,0,5260,2310,55179,1929,88657,2310,143836,California
Santa Cruz,2021-04-22,4308,231858,2905,100534,1403,126064,0,5260,2420,55720,1879,90536,2420,146256,California
Santa Cruz,2021-04-23,3197,235055,1734,102268,1462,127526,1,5261,1390,55312,1798,92334,1390,147646,California
Santa Cruz,2021-04-24,2242,237297,1086,103354,1153,128679,3,5264,702,54488,1529,93863,705,148351,California
Santa Cruz,2021-04-25,1090,238387,696,104050,382,129061,12,5276,450,54317,632,94495,461,148812,California
Santa Cruz,2021-04-26,1895,240282,931,104981,950,130011,14,5290,751,53949,1134,95629,766,149578,California
Santa Cruz,2021-04-27,2807,243089,881,105862,1859,131870,67,5357,1402,54019,1399,97028,1469,151047,California
Santa Cruz,2021-04-28,3411,246500,1888,107750,1446,133316,77,5434,1791,54275,1609,98637,1865,152912,California
Santa Cruz,2021-04-29,3707,250207,2459,110209,1185,134501,63,5497,1280,53203,2416,101053,1344,154256,California
Santa Cruz,2021-04-30,2382,252589,1209,111418,1129,135630,44,5541,1019,52911,1355,102408,1063,155319,California
Santa Cruz,2021-05-01,1285,253874,1019,112437,233,135863,33,5574,598,52857,685,103093,631,155950,California
Santa Cruz,2021-05-02,640,254514,455,112892,160,136023,25,5599,213,52669,427,103520,239,156189,California
Santa Cruz,2021-05-03,1926,256440,993,113885,866,136889,67,5666,660,52142,1255,104775,728,156917,California
Santa Cruz,2021-05-04,2685,259125,1562,115447,1053,137942,70,5736,868,51265,1813,106588,936,157853,California
Santa Cruz,2021-05-05,2754,261879,1377,116824,1315,139257,62,5798,730,50078,1983,108571,796,158649,California
Santa Cruz,2021-05-06,3837,265716,2444,119268,1174,140431,219,6017,854,48183,2965,111536,1070,159719,California
Santa Cruz,2021-05-07,2751,268467,1247,120515,1422,141853,82,6099,433,46386,2313,113849,516,160235,California
Santa Cruz,2021-05-08,1367,269834,687,121202,652,142505,28,6127,387,45823,980,114829,417,160652,California
Santa Cruz,2021-05-09,509,270343,327,121529,159,142664,23,6150,152,45644,354,115183,175,160827,California
Santa Cruz,2021-05-10,2029,272372,1220,122749,744,143408,65,6215,412,44513,1608,116791,477,161304,California
Santa Cruz,2021-05-11,2299,274671,1303,124052,917,144325,79,6294,643,43583,1651,118442,721,162025,California
Santa Cruz,2021-05-12,3018,277689,1293,125345,1651,145976,74,6368,524,41696,2486,120928,599,162624,California
Santa Cruz,2021-05-13,3694,281383,2538,127883,1069,147045,87,6455,1311,40717,2379,123307,1400,164024,California
Santa Cruz,2021-05-14,2829,284212,1582,129465,1207,148252,40,6495,1089,40117,1732,125039,1132,165156,California
Santa Cruz,2021-05-15,2295,286507,1330,130795,953,149205,12,6507,1119,40075,1173,126212,1131,166287,California
Santa Cruz,2021-05-16,723,287230,374,131169,328,149533,21,6528,206,39787,516,126728,228,166515,California
Santa Cruz,2021-05-17,1527,288757,807,131976,649,150182,71,6599,591,39514,935,127663,662,167177,California
Santa Cruz,2021-05-18,2296,291053,1423,133399,850,151032,23,6622,1168,39585,1120,128783,1191,168368,California
Santa Cruz,2021-05-19,2913,293966,1704,135103,1179,152211,30,6652,1186,39082,1719,130502,1216,169584,California
Santa Cruz,2021-05-20,2651,296617,1923,137026,588,152799,140,6792,1190,38964,1454,131956,1336,170920,California
Santa Cruz,2021-05-21,1378,297995,733,137759,556,153355,89,6881,527,38734,847,132803,617,171537,California
Santa Cruz,2021-05-22,1421,299416,1198,138957,215,153570,8,6889,536,38396,882,133685,544,172081,California
Santa Cruz,2021-05-23,214,299630,166,139123,33,153603,15,6904,91,38382,120,133805,106,172187,California
Santa Cruz,2021-05-24,1171,300801,670,139793,422,154025,79,6983,357,38013,803,134608,434,172621,California
Santa Cruz,2021-05-25,2215,303016,1247,141040,929,154954,39,7022,504,36995,1560,136168,542,173163,California
Santa Cruz,2021-05-26,1623,304639,733,141773,848,155802,42,7064,474,36377,1135,137303,517,173680,California
Santa Cruz,2021-05-27,799,305438,474,142247,268,156070,57,7121,275,36190,519,137822,332,174012,California
Shasta,2020-12-16,131,131,131,131,0,0,0,0,131,131,0,0,131,131,California
Shasta,2020-12-17,420,551,420,551,0,0,0,0,420,551,0,0,420,551,California
Shasta,2020-12-18,166,717,166,717,0,0,0,0,166,717,0,0,166,717,California
Shasta,2020-12-19,1,718,1,718,0,0,0,0,1,718,0,0,1,718,California
Shasta,2020-12-21,79,797,79,797,0,0,0,0,79,797,0,0,79,797,California
Shasta,2020-12-22,192,989,187,984,5,5,0,0,192,989,0,0,192,989,California
Shasta,2020-12-23,174,1163,170,1154,4,9,0,0,174,1163,0,0,174,1163,California
Shasta,2020-12-24,18,1181,18,1172,0,9,0,0,18,1181,0,0,18,1181,California
Shasta,2020-12-26,4,1185,1,1173,3,12,0,0,4,1185,0,0,4,1185,California
Shasta,2020-12-27,1,1186,0,1173,1,13,0,0,1,1186,0,0,1,1186,California
Shasta,2020-12-28,40,1226,31,1204,9,22,0,0,40,1226,0,0,40,1226,California
Shasta,2020-12-29,186,1412,185,1389,1,23,0,0,186,1412,0,0,186,1412,California
Shasta,2020-12-30,178,1590,168,1557,10,33,0,0,178,1590,0,0,178,1590,California
Shasta,2020-12-31,83,1673,2,1559,81,114,0,0,83,1673,0,0,83,1673,California
Shasta,2021-01-02,2,1675,0,1559,2,116,0,0,2,1675,0,0,2,1675,California
Shasta,2021-01-03,1,1676,1,1560,0,116,0,0,1,1676,0,0,1,1676,California
Shasta,2021-01-04,372,2048,306,1866,66,182,0,0,373,2049,0,0,373,2049,California
Shasta,2021-01-05,335,2383,314,2180,21,203,0,0,253,2220,82,82,253,2302,California
Shasta,2021-01-06,466,2849,395,2575,71,274,0,0,203,2161,262,344,203,2505,California
Shasta,2021-01-07,125,2974,36,2611,89,363,0,0,104,2244,21,365,104,2609,California
Shasta,2021-01-08,525,3499,448,3059,77,440,0,0,317,2353,208,573,317,2926,California
Shasta,2021-01-09,73,3572,64,3123,9,449,0,0,71,2422,2,575,71,2997,California
Shasta,2021-01-10,5,3577,0,3123,5,454,0,0,4,2426,1,576,5,3002,California
Shasta,2021-01-11,405,3982,184,3307,221,675,0,0,370,2761,35,611,370,3372,California
Shasta,2021-01-12,487,4469,330,3637,157,832,0,0,312,2898,175,786,312,3684,California
Shasta,2021-01-13,599,5068,267,3904,332,1164,0,0,430,3159,169,955,430,4114,California
Shasta,2021-01-14,501,5569,52,3956,449,1613,0,0,483,3624,18,973,483,4597,California
Shasta,2021-01-15,686,6255,134,4090,552,2165,0,0,684,4306,2,975,684,5281,California
Shasta,2021-01-16,897,7152,54,4144,843,3008,0,0,894,5197,3,978,894,6175,California
Shasta,2021-01-17,27,7179,6,4150,21,3029,0,0,23,5216,4,982,23,6198,California
Shasta,2021-01-18,598,7777,128,4278,470,3499,0,0,590,5798,8,990,590,6788,California
Shasta,2021-01-19,1058,8835,398,4676,660,4159,0,0,910,6560,148,1138,910,7698,California
Shasta,2021-01-20,681,9516,413,5089,268,4427,0,0,494,6872,182,1320,494,8192,California
Shasta,2021-01-21,633,10149,280,5369,353,4780,0,0,610,7459,23,1343,610,8802,California
Shasta,2021-01-22,447,10596,173,5542,274,5054,0,0,441,7894,6,1349,441,9243,California
Shasta,2021-01-23,68,10664,5,5547,63,5117,0,0,67,7960,1,1350,67,9310,California
Shasta,2021-01-24,25,10689,2,5549,23,5140,0,0,24,7983,1,1351,24,9334,California
Shasta,2021-01-25,750,11439,491,6040,259,5399,0,0,464,8162,285,1636,464,9798,California
Shasta,2021-01-26,709,12148,333,6373,376,5775,0,0,475,8405,232,1868,475,10273,California
Shasta,2021-01-27,459,12607,179,6552,280,6055,0,0,410,8766,49,1917,410,10683,California
Shasta,2021-01-28,887,13494,576,7128,311,6366,0,0,665,9209,222,2139,665,11348,California
Shasta,2021-01-29,833,14327,332,7460,501,6867,0,0,643,9663,190,2329,644,11992,California
Shasta,2021-01-30,616,14943,15,7475,601,7468,0,0,606,10259,10,2339,606,12598,California
Shasta,2021-01-31,27,14970,3,7478,24,7492,0,0,26,10284,1,2340,26,12624,California
Shasta,2021-02-01,530,15500,148,7626,382,7874,0,0,386,10526,144,2484,386,13010,California
Shasta,2021-02-02,988,16488,500,8126,488,8362,0,0,896,11332,90,2574,896,13906,California
Shasta,2021-02-03,723,17211,211,8337,512,8874,0,0,488,11585,235,2809,488,14394,California
Shasta,2021-02-04,1098,18309,675,9012,423,9297,0,0,905,12298,192,3001,905,15299,California
Shasta,2021-02-05,1253,19562,165,9177,1088,10385,0,0,1046,13138,206,3207,1046,16345,California
Shasta,2021-02-06,1745,21307,41,9218,1704,12089,0,0,1722,14837,23,3230,1722,18067,California
Shasta,2021-02-07,25,21332,3,9221,22,12111,0,0,23,14858,2,3232,23,18090,California
Shasta,2021-02-08,596,21928,168,9389,428,12539,0,0,306,14874,290,3522,306,18396,California
Shasta,2021-02-09,1124,23052,654,10043,470,13009,0,0,731,15213,393,3915,732,19128,California
Shasta,2021-02-10,1124,24176,788,10831,336,13345,0,0,599,15287,526,4441,600,19728,California
Shasta,2021-02-11,891,25067,186,11017,705,14050,0,0,369,15139,517,4958,369,20097,California
Shasta,2021-02-12,1778,26845,1199,12216,579,14629,0,0,1227,15815,551,5509,1227,21324,California
Shasta,2021-02-13,1381,28226,368,12584,1013,15642,0,0,570,15574,812,6321,571,21895,California
Shasta,2021-02-14,150,28376,4,12588,146,15788,0,0,126,15676,24,6345,126,22021,California
Shasta,2021-02-15,377,28753,89,12677,288,16076,0,0,208,15715,169,6514,208,22229,California
Shasta,2021-02-16,1196,29949,521,13198,675,16751,0,0,422,15364,773,7287,422,22651,California
Shasta,2021-02-17,1034,30983,438,13636,596,17347,0,0,414,15158,620,7907,414,23065,California
Shasta,2021-02-18,949,31932,468,14104,481,17828,0,0,459,15128,490,8397,460,23525,California
Shasta,2021-02-19,1338,33270,946,15050,392,18220,0,0,871,15532,467,8864,871,24396,California
Shasta,2021-02-20,803,34073,90,15140,713,18933,0,0,304,15337,499,9363,304,24700,California
Shasta,2021-02-21,32,34105,3,15143,29,18962,0,0,10,15325,22,9385,10,24710,California
Shasta,2021-02-22,430,34535,77,15220,353,19315,0,0,178,15252,251,9636,178,24888,California
Shasta,2021-02-23,910,35445,469,15689,441,19756,0,0,327,14996,583,10219,327,25215,California
Shasta,2021-02-24,891,36336,509,16198,382,20138,0,0,274,14654,616,10835,274,25489,California
Shasta,2021-02-25,519,36855,163,16361,356,20494,0,0,162,14460,356,11191,162,25651,California
Shasta,2021-02-26,791,37646,94,16455,697,21191,0,0,332,14334,458,11649,332,25983,California
Shasta,2021-02-27,827,38473,27,16482,800,21991,0,0,188,13885,637,12286,188,26171,California
Shasta,2021-02-28,176,38649,4,16486,172,22163,0,0,126,13961,50,12336,126,26297,California
Shasta,2021-03-01,583,39232,58,16544,525,22688,0,0,295,13969,287,12623,295,26592,California
Shasta,2021-03-02,1030,40262,474,17018,556,23244,0,0,339,13619,689,13312,339,26931,California
Shasta,2021-03-03,673,40935,171,17189,502,23746,0,0,244,13434,429,13741,244,27175,California
Shasta,2021-03-04,3034,43969,2419,19608,615,24361,0,0,1749,13900,1284,15025,1750,28925,California
Shasta,2021-03-05,1558,45527,161,19769,1368,25729,29,29,790,13950,769,15794,819,29744,California
Shasta,2021-03-06,2743,48270,385,20154,2311,28040,47,76,856,12968,1885,17679,903,30647,California
Shasta,2021-03-07,92,48362,4,20158,56,28096,32,108,38,12984,54,17733,70,30717,California
Shasta,2021-03-08,570,48932,46,20204,385,28481,139,247,157,12869,411,18144,296,31013,California
Shasta,2021-03-09,1254,50186,595,20799,481,28962,178,425,699,13190,555,18699,876,31889,California
Shasta,2021-03-10,799,50985,257,21056,340,29302,202,627,136,12864,662,19361,336,32225,California
Shasta,2021-03-11,1558,52543,471,21527,815,30117,272,899,940,13461,615,19976,1212,33437,California
Shasta,2021-03-12,1560,54103,848,22375,463,30580,249,1148,412,12973,1147,21123,659,34096,California
Shasta,2021-03-13,758,54861,425,22800,232,30812,101,1249,474,13263,283,21406,573,34669,California
Shasta,2021-03-14,1018,55879,8,22808,988,31800,22,1271,879,14026,139,21545,902,35571,California
Shasta,2021-03-15,496,56375,35,22843,361,32161,100,1371,210,14049,286,21831,309,35880,California
Shasta,2021-03-16,1135,57510,149,22992,919,33080,67,1438,851,14683,284,22115,918,36798,California
Shasta,2021-03-17,734,58244,191,23183,485,33565,58,1496,394,14802,333,22448,452,37250,California
Shasta,2021-03-18,1545,59789,586,23769,855,34420,104,1600,1118,15601,423,22871,1222,38472,California
Shasta,2021-03-19,648,60437,196,23965,396,34816,56,1656,414,15838,233,23104,470,38942,California
Shasta,2021-03-20,747,61184,489,24454,244,35060,14,1670,599,16303,148,23252,613,39555,California
Shasta,2021-03-21,313,61497,298,24752,4,35064,11,1681,286,16574,26,23278,297,39852,California
Shasta,2021-03-22,347,61844,37,24789,274,35338,36,1717,199,16662,147,23425,235,40087,California
Shasta,2021-03-23,1312,63156,653,25442,599,35937,60,1777,757,16929,550,23975,817,40904,California
Shasta,2021-03-24,611,63767,156,25598,417,36354,38,1815,367,17091,243,24218,405,41309,California
Shasta,2021-03-25,1134,64901,449,26047,664,37018,21,1836,820,17622,311,24529,842,42151,California
Shasta,2021-03-26,1836,66737,1404,27451,402,37420,30,1866,1477,18771,359,24888,1508,43659,California
Shasta,2021-03-27,1594,68331,405,27856,317,37737,872,2738,575,19198,1017,25905,1444,45103,California
Shasta,2021-03-28,405,68736,299,28155,96,37833,10,2748,300,19405,103,26008,310,45413,California
Shasta,2021-03-29,420,69156,40,28195,368,38201,12,2760,166,19330,253,26261,178,45591,California
Shasta,2021-03-30,1247,70403,766,28961,464,38665,17,2777,625,19353,619,26880,642,46233,California
Shasta,2021-03-31,620,71023,206,29167,408,39073,6,2783,384,19512,231,27111,390,46623,California
Shasta,2021-04-01,897,71920,248,29415,637,39710,12,2795,576,19781,319,27430,588,47211,California
Shasta,2021-04-02,755,72675,200,29615,501,40211,54,2849,415,19912,338,27768,469,47680,California
Shasta,2021-04-03,514,73189,362,29977,133,40344,19,2868,389,20195,125,27893,408,48088,California
Shasta,2021-04-04,293,73482,176,30153,96,40440,21,2889,218,20359,75,27968,239,48327,California
Shasta,2021-04-05,444,73926,68,30221,312,40752,64,2953,253,20485,191,28159,317,48644,California
Shasta,2021-04-06,1164,75090,487,30708,503,41255,174,3127,539,20578,620,28779,713,49357,California
Shasta,2021-04-07,656,75746,213,30921,280,41535,163,3290,258,20605,394,29173,421,49778,California
Shasta,2021-04-08,1151,76897,262,31183,733,42268,156,3446,223,20058,926,30099,379,50157,California
Shasta,2021-04-09,2589,79486,2071,33254,307,42575,211,3657,2008,21701,574,30673,2217,52374,California
Shasta,2021-04-10,881,80367,594,33848,158,42733,129,3786,268,21484,613,31286,396,52770,California
Shasta,2021-04-11,1251,81618,397,34245,834,43567,20,3806,144,20545,1103,32389,164,52934,California
Shasta,2021-04-12,338,81956,7,34252,269,43836,62,3868,97,20463,240,32629,158,53092,California
Shasta,2021-04-13,1268,83224,366,34618,900,44736,2,3870,338,19876,926,33555,339,53431,California
Shasta,2021-04-14,593,83817,143,34761,448,45184,2,3872,222,19730,370,33925,224,53655,California
Shasta,2021-04-15,1072,84889,258,35019,814,45998,0,3872,299,19259,770,34695,299,53954,California
Shasta,2021-04-16,2340,87229,1845,36864,495,46493,0,3872,935,18791,1403,36098,935,54889,California
Shasta,2021-04-17,642,87871,411,37275,231,46724,0,3872,189,18528,453,36551,190,55079,California
Shasta,2021-04-18,265,88136,240,37515,25,46749,0,3872,32,18329,231,36782,32,55111,California
Shasta,2021-04-19,381,88517,27,37542,354,47103,0,3872,162,18272,219,37001,162,55273,California
Shasta,2021-04-20,1011,89528,256,37798,755,47858,0,3872,377,18016,633,37634,377,55650,California
Shasta,2021-04-21,605,90133,220,38018,385,48243,0,3872,304,18019,301,37935,304,55954,California
Shasta,2021-04-22,965,91098,283,38301,682,48925,0,3872,299,17654,664,38599,299,56253,California
Shasta,2021-04-23,659,91757,264,38565,395,49320,0,3872,328,17652,330,38929,328,56581,California
Shasta,2021-04-24,600,92357,357,38922,242,49562,1,3873,108,17270,490,39419,108,56689,California
Shasta,2021-04-25,211,92568,182,39104,28,49590,1,3874,37,17134,174,39593,38,56727,California
Shasta,2021-04-26,485,93053,52,39156,428,50018,5,3879,337,17329,146,39739,341,57068,California
Shasta,2021-04-27,536,93589,178,39334,322,50340,36,3915,296,17422,237,39976,330,57398,California
Shasta,2021-04-28,578,94167,158,39492,387,50727,33,3948,253,17382,325,40301,285,57683,California
Shasta,2021-04-29,783,94950,120,39612,640,51367,23,3971,182,16987,600,40901,205,57888,California
Shasta,2021-04-30,2268,97218,1842,41454,395,51762,31,4002,270,15291,1997,42898,301,58189,California
Shasta,2021-05-01,224,97442,20,41474,128,51890,76,4078,96,15335,128,43026,172,58361,California
Shasta,2021-05-02,46,97488,16,41490,17,51907,13,4091,19,15340,27,43053,32,58393,California
Shasta,2021-05-03,351,97839,94,41584,231,52138,26,4117,112,15240,238,43291,138,58531,California
Shasta,2021-05-04,528,98367,193,41777,296,52434,39,4156,254,15262,271,43562,293,58824,California
Shasta,2021-05-05,432,98799,140,41917,275,52709,17,4173,200,15247,232,43794,217,59041,California
Shasta,2021-05-06,695,99494,265,42182,390,53099,40,4213,296,15193,390,44184,336,59377,California
Shasta,2021-05-07,1116,100610,735,42917,342,53441,39,4252,304,14725,811,44995,343,59720,California
Shasta,2021-05-08,167,100777,83,43000,74,53515,10,4262,98,14764,68,45063,107,59827,California
Shasta,2021-05-09,66,100843,15,43015,46,53561,5,4267,35,14773,31,45094,40,59867,California
Shasta,2021-05-10,260,101103,21,43036,189,53750,50,4317,113,14789,144,45238,160,60027,California
Shasta,2021-05-11,507,101610,160,43196,198,53948,149,4466,174,14780,332,45570,323,60350,California
Shasta,2021-05-12,369,101979,142,43338,205,54153,22,4488,119,14672,249,45819,141,60491,California
Shasta,2021-05-13,534,102513,224,43562,294,54447,16,4504,197,14550,335,46154,213,60704,California
Shasta,2021-05-14,630,103143,260,43822,344,54791,26,4530,281,14510,348,46502,308,61012,California
Shasta,2021-05-15,394,103537,125,43947,164,54955,105,4635,163,14547,230,46732,267,61279,California
Shasta,2021-05-16,223,103760,155,44102,58,55013,10,4645,164,14662,59,46791,174,61453,California
Shasta,2021-05-17,539,104299,243,44345,236,55249,60,4705,286,14756,252,47043,346,61799,California
Shasta,2021-05-18,609,104908,293,44638,292,55541,24,4729,326,14823,283,47326,350,62149,California
Shasta,2021-05-19,578,105486,280,44918,230,55771,68,4797,285,14886,290,47616,353,62502,California
Shasta,2021-05-20,510,105996,233,45151,260,56031,17,4814,242,14880,265,47881,259,62761,California
Shasta,2021-05-21,533,106529,257,45408,257,56288,19,4833,272,14912,259,48140,291,63052,California
Shasta,2021-05-22,190,106719,112,45520,71,56359,7,4840,121,14973,67,48207,128,63180,California
Shasta,2021-05-23,94,106813,43,45563,40,56399,11,4851,59,15008,35,48242,70,63250,California
Shasta,2021-05-24,521,107334,158,45721,332,56731,31,4882,185,14889,335,48577,216,63466,California
Shasta,2021-05-25,421,107755,170,45891,208,56939,43,4925,155,14823,263,48840,197,63663,California
Shasta,2021-05-26,349,108104,139,46030,185,57124,25,4950,147,14793,202,49042,172,63835,California
Shasta,2021-05-27,230,108334,91,46121,138,57262,1,4951,59,14685,168,49210,60,63895,California
Sierra,2020-12-18,1,1,1,1,0,0,0,0,1,1,0,0,1,1,California
Sierra,2020-12-21,2,3,2,3,0,0,0,0,2,3,0,0,2,3,California
Sierra,2020-12-22,12,15,12,15,0,0,0,0,12,15,0,0,12,15,California
Sierra,2020-12-23,4,19,4,19,0,0,0,0,4,19,0,0,4,19,California
Sierra,2020-12-28,1,20,0,19,1,1,0,0,1,20,0,0,1,20,California
Sierra,2020-12-29,49,69,7,26,42,43,0,0,49,69,0,0,49,69,California
Sierra,2020-12-30,2,71,0,26,2,45,0,0,2,71,0,0,2,71,California
Sierra,2020-12-31,13,84,0,26,13,58,0,0,13,84,0,0,13,84,California
Sierra,2021-01-01,1,85,1,27,0,58,0,0,1,85,0,0,1,85,California
Sierra,2021-01-05,64,149,2,29,62,120,0,0,64,149,0,0,64,149,California
Sierra,2021-01-06,1,150,1,30,0,120,0,0,1,150,0,0,1,150,California
Sierra,2021-01-07,21,171,1,31,20,140,0,0,20,169,1,1,20,170,California
Sierra,2021-01-08,1,172,1,32,0,140,0,0,1,170,0,1,1,171,California
Sierra,2021-01-11,3,175,3,35,0,140,0,0,0,167,3,4,0,171,California
Sierra,2021-01-12,39,214,12,47,27,167,0,0,27,182,12,16,27,198,California
Sierra,2021-01-13,3,217,3,50,0,167,0,0,0,179,3,19,0,198,California
Sierra,2021-01-14,35,252,2,52,33,200,0,0,35,214,0,19,35,233,California
Sierra,2021-01-15,3,255,1,53,2,202,0,0,3,217,0,19,3,236,California
Sierra,2021-01-18,2,257,0,53,2,204,0,0,2,219,0,19,2,238,California
Sierra,2021-01-19,32,289,0,53,32,236,0,0,32,251,0,19,32,270,California
Sierra,2021-01-20,1,290,1,54,0,236,0,0,1,252,0,19,1,271,California
Sierra,2021-01-21,52,342,0,54,52,288,0,0,52,304,0,19,52,323,California
Sierra,2021-01-22,2,344,0,54,2,290,0,0,2,306,0,19,2,325,California
Sierra,2021-01-23,2,346,0,54,2,292,0,0,2,308,0,19,2,327,California
Sierra,2021-01-26,62,408,0,54,62,354,0,0,24,294,38,57,24,351,California
Sierra,2021-01-27,4,412,4,58,0,354,0,0,0,290,4,61,0,351,California
Sierra,2021-01-28,53,465,0,58,53,407,0,0,43,323,10,71,43,394,California
Sierra,2021-01-29,2,467,0,58,2,409,0,0,2,325,0,71,2,396,California
Sierra,2021-01-30,3,470,3,61,0,409,0,0,2,326,1,72,2,398,California
Sierra,2021-02-01,1,471,0,61,1,410,0,0,0,325,1,73,0,398,California
Sierra,2021-02-02,58,529,1,62,57,467,0,0,19,305,39,112,19,417,California
Sierra,2021-02-03,6,535,5,67,1,468,0,0,5,309,1,113,5,422,California
Sierra,2021-02-04,102,637,5,72,97,565,0,0,53,313,49,162,53,475,California
Sierra,2021-02-05,6,643,4,76,2,567,0,0,5,317,1,163,5,480,California
Sierra,2021-02-09,51,694,0,76,51,618,0,0,48,362,3,166,48,528,California
Sierra,2021-02-10,4,698,2,78,2,620,0,0,4,366,0,166,4,532,California
Sierra,2021-02-11,195,893,1,79,194,814,0,0,134,439,61,227,134,666,California
Sierra,2021-02-12,20,913,0,79,20,834,0,0,20,459,0,227,20,686,California
Sierra,2021-02-13,1,914,1,80,0,834,0,0,1,460,0,227,1,687,California
Sierra,2021-02-15,2,916,2,82,0,834,0,0,0,458,2,229,0,687,California
Sierra,2021-02-16,43,959,0,82,43,877,0,0,10,435,33,262,10,697,California
Sierra,2021-02-17,4,963,0,82,4,881,0,0,1,433,3,265,1,698,California
Sierra,2021-02-18,140,1103,0,82,140,1021,0,0,91,475,49,314,91,789,California
Sierra,2021-02-19,2,1105,1,83,1,1022,0,0,1,475,1,315,1,790,California
Sierra,2021-02-20,2,1107,2,85,0,1022,0,0,0,473,2,317,0,790,California
Sierra,2021-02-22,1,1108,1,86,0,1022,0,0,1,474,0,317,1,791,California
Sierra,2021-02-23,4,1112,0,86,4,1026,0,0,4,478,0,317,4,795,California
Sierra,2021-02-24,3,1115,2,88,1,1027,0,0,3,481,0,317,3,798,California
Sierra,2021-02-25,126,1241,2,90,124,1151,0,0,59,474,66,383,59,857,California
Sierra,2021-02-26,11,1252,6,96,5,1156,0,0,4,471,7,390,4,861,California
Sierra,2021-02-27,2,1254,2,98,0,1156,0,0,0,469,2,392,0,861,California
Sierra,2021-03-01,2,1256,2,100,0,1156,0,0,0,467,2,394,0,861,California
Sierra,2021-03-02,56,1312,0,100,56,1212,0,0,38,487,18,412,38,899,California
Sierra,2021-03-03,2,1314,2,102,0,1212,0,0,1,487,1,413,1,900,California
Sierra,2021-03-04,108,1422,0,102,108,1320,0,0,60,499,48,461,60,960,California
Sierra,2021-03-05,13,1435,1,103,12,1332,0,0,11,508,2,463,11,971,California
Sierra,2021-03-07,1,1436,1,104,0,1332,0,0,0,507,1,464,0,971,California
Sierra,2021-03-08,2,1438,2,106,0,1332,0,0,2,509,0,464,2,973,California
Sierra,2021-03-09,56,1494,0,106,56,1388,0,0,12,477,44,508,12,985,California
Sierra,2021-03-10,6,1500,0,106,6,1394,0,0,4,479,2,510,4,989,California
Sierra,2021-03-11,176,1676,0,106,176,1570,0,0,44,391,132,642,44,1033,California
Sierra,2021-03-12,20,1696,1,107,19,1589,0,0,0,371,20,662,0,1033,California
Sierra,2021-03-13,28,1724,0,107,28,1617,0,0,28,399,0,662,28,1061,California
Sierra,2021-03-14,1,1725,0,107,0,1617,1,1,0,399,1,663,1,1062,California
Sierra,2021-03-15,2,1727,1,108,0,1617,1,2,0,398,2,665,1,1063,California
Sierra,2021-03-16,35,1762,0,108,34,1651,1,3,22,408,13,678,23,1086,California
Sierra,2021-03-17,3,1765,2,110,1,1652,0,3,0,405,3,681,0,1086,California
Sierra,2021-03-18,158,1923,0,110,158,1810,0,3,65,377,93,774,65,1151,California
Sierra,2021-03-19,4,1927,2,112,2,1812,0,3,1,375,3,777,1,1152,California
Sierra,2021-03-20,1,1928,0,112,1,1813,0,3,1,376,0,777,1,1153,California
Sierra,2021-03-23,22,1950,0,112,22,1835,0,3,13,380,9,786,13,1166,California
Sierra,2021-03-24,3,1953,1,113,2,1837,0,3,1,379,2,788,1,1167,California
Sierra,2021-03-25,99,2052,1,114,98,1935,0,3,50,380,49,837,50,1217,California
Sierra,2021-03-26,12,2064,1,115,11,1946,0,3,8,384,4,841,8,1225,California
Sierra,2021-03-27,1,2065,0,115,1,1947,0,3,0,383,1,842,0,1225,California
Sierra,2021-03-29,1,2066,1,116,0,1947,0,3,0,382,1,843,0,1225,California
Sierra,2021-03-30,55,2121,1,117,54,2001,0,3,22,371,33,876,22,1247,California
Sierra,2021-03-31,8,2129,0,117,8,2009,0,3,8,379,0,876,8,1255,California
Sierra,2021-04-01,63,2192,1,118,62,2071,0,3,5,328,56,932,5,1260,California
Sierra,2021-04-02,3,2195,2,120,1,2072,0,3,2,329,1,933,2,1262,California
Sierra,2021-04-04,1,2196,0,120,1,2073,0,3,0,329,0,933,0,1262,California
Sierra,2021-04-06,11,2207,0,120,11,2084,0,3,1,320,10,943,1,1263,California
Sierra,2021-04-07,14,2221,3,123,6,2090,5,8,3,318,10,953,8,1271,California
Sierra,2021-04-08,54,2275,2,125,52,2142,0,8,16,296,38,991,16,1287,California
Sierra,2021-04-09,2,2277,2,127,0,2142,0,8,1,296,1,992,1,1288,California
Sierra,2021-04-10,27,2304,0,127,27,2169,0,8,0,269,27,1019,0,1288,California
Sierra,2021-04-12,1,2305,0,127,0,2169,1,9,0,269,1,1020,1,1289,California
Sierra,2021-04-13,45,2350,0,127,45,2214,0,9,5,234,40,1060,5,1294,California
Sierra,2021-04-14,1,2351,0,127,1,2215,0,9,1,235,0,1060,1,1295,California
Sierra,2021-04-15,49,2400,1,128,48,2263,0,9,2,190,47,1107,2,1297,California
Sierra,2021-04-17,2,2402,1,129,1,2264,0,9,1,190,1,1108,1,1298,California
Sierra,2021-04-18,1,2403,0,129,1,2265,0,9,0,190,0,1108,0,1298,California
Sierra,2021-04-19,1,2404,1,130,0,2265,0,9,0,189,1,1109,0,1298,California
Sierra,2021-04-20,34,2438,1,131,33,2298,0,9,7,169,27,1136,7,1305,California
Sierra,2021-04-21,2,2440,1,132,1,2299,0,9,1,169,1,1137,1,1306,California
Sierra,2021-04-22,64,2504,1,133,63,2362,0,9,5,116,58,1195,5,1311,California
Sierra,2021-04-23,11,2515,0,133,11,2373,0,9,3,111,8,1203,3,1314,California
Sierra,2021-04-24,4,2519,0,133,4,2377,0,9,4,115,0,1203,4,1318,California
Sierra,2021-04-27,28,2547,1,134,27,2404,0,9,5,97,23,1226,5,1323,California
Sierra,2021-04-28,10,2557,2,136,8,2412,0,9,1,89,9,1235,1,1324,California
Sierra,2021-04-29,20,2577,2,138,18,2430,0,9,14,97,6,1241,14,1338,California
Sierra,2021-04-30,4,2581,2,140,2,2432,0,9,2,97,2,1243,2,1340,California
Sierra,2021-05-03,1,2582,1,141,0,2432,0,9,1,98,0,1243,1,1341,California
Sierra,2021-05-04,1,2583,0,141,1,2433,0,9,0,97,1,1244,0,1341,California
Sierra,2021-05-05,22,2605,0,141,22,2455,0,9,7,89,15,1259,7,1348,California
Sierra,2021-05-06,1,2606,1,142,0,2455,0,9,0,88,1,1260,0,1348,California
Sierra,2021-05-07,1,2607,1,143,0,2455,0,9,1,89,0,1260,1,1349,California
Sierra,2021-05-08,1,2608,0,143,0,2455,1,10,0,89,1,1261,1,1350,California
Sierra,2021-05-11,11,2619,0,143,4,2459,7,17,0,85,11,1272,7,1357,California
Sierra,2021-05-12,10,2629,1,144,9,2468,0,17,7,89,3,1275,7,1364,California
Sierra,2021-05-13,3,2632,2,146,1,2469,0,17,2,90,1,1276,2,1366,California
Sierra,2021-05-14,3,2635,1,147,2,2471,0,17,3,93,0,1276,3,1369,California
Sierra,2021-05-17,1,2636,1,148,0,2471,0,17,1,94,0,1276,1,1370,California
Sierra,2021-05-18,3,2639,1,149,1,2472,1,18,0,92,3,1279,1,1371,California
Sierra,2021-05-19,6,2645,3,152,3,2475,0,18,2,90,4,1283,2,1373,California
Sierra,2021-05-20,9,2654,8,160,0,2475,1,19,8,98,1,1284,9,1382,California
Sierra,2021-05-21,4,2658,2,162,2,2477,0,19,1,96,3,1287,1,1383,California
Sierra,2021-05-22,4,2662,0,162,4,2481,0,19,0,92,4,1291,0,1383,California
Sierra,2021-05-23,1,2663,0,162,1,2482,0,19,1,93,0,1291,1,1384,California
Sierra,2021-05-24,2,2665,1,163,1,2483,0,19,1,93,1,1292,1,1385,California
Sierra,2021-05-25,2,2667,0,163,2,2485,0,19,0,91,2,1294,0,1385,California
Sierra,2021-05-26,8,2675,0,163,8,2493,0,19,4,91,4,1298,4,1389,California
Sierra,2021-05-27,8,2683,1,164,6,2499,1,20,2,88,6,1304,3,1392,California
Siskiyou,2020-12-16,2,2,2,2,0,0,0,0,2,2,0,0,2,2,California
Siskiyou,2020-12-17,4,6,4,6,0,0,0,0,4,6,0,0,4,6,California
Siskiyou,2020-12-18,2,8,2,8,0,0,0,0,2,8,0,0,2,8,California
Siskiyou,2020-12-19,4,12,4,12,0,0,0,0,4,12,0,0,4,12,California
Siskiyou,2020-12-20,1,13,1,13,0,0,0,0,1,13,0,0,1,13,California
Siskiyou,2020-12-21,132,145,132,145,0,0,0,0,132,145,0,0,132,145,California
Siskiyou,2020-12-22,158,303,158,303,0,0,0,0,158,303,0,0,158,303,California
Siskiyou,2020-12-23,142,445,142,445,0,0,0,0,142,445,0,0,142,445,California
Siskiyou,2020-12-24,5,450,5,450,0,0,0,0,5,450,0,0,5,450,California
Siskiyou,2020-12-26,2,452,0,450,2,2,0,0,2,452,0,0,2,452,California
Siskiyou,2020-12-27,2,454,0,450,2,4,0,0,2,454,0,0,2,454,California
Siskiyou,2020-12-28,3,457,1,451,2,6,0,0,3,457,0,0,3,457,California
Siskiyou,2020-12-29,6,463,2,453,4,10,0,0,6,463,0,0,6,463,California
Siskiyou,2020-12-30,98,561,3,456,95,105,0,0,98,561,0,0,98,561,California
Siskiyou,2020-12-31,12,573,0,456,12,117,0,0,12,573,0,0,12,573,California
Siskiyou,2021-01-02,1,574,1,457,0,117,0,0,1,574,0,0,1,574,California
Siskiyou,2021-01-03,1,575,0,457,1,118,0,0,1,575,0,0,1,575,California
Siskiyou,2021-01-04,130,705,3,460,127,245,0,0,130,705,0,0,130,705,California
Siskiyou,2021-01-05,116,821,4,464,112,357,0,0,115,819,1,1,115,820,California
Siskiyou,2021-01-06,59,880,6,470,53,410,0,0,55,870,4,5,55,875,California
Siskiyou,2021-01-07,175,1055,4,474,171,581,0,0,174,1043,1,6,174,1049,California
Siskiyou,2021-01-08,41,1096,3,477,38,619,0,0,39,1080,2,8,39,1088,California
Siskiyou,2021-01-09,2,1098,2,479,0,619,0,0,0,1078,2,10,0,1088,California
Siskiyou,2021-01-11,226,1324,65,544,161,780,0,0,163,1178,63,73,163,1251,California
Siskiyou,2021-01-12,322,1646,274,818,48,828,0,0,89,1035,233,306,90,1341,California
Siskiyou,2021-01-13,157,1803,137,955,20,848,0,0,23,924,134,440,23,1364,California
Siskiyou,2021-01-14,25,1828,1,956,24,872,0,0,24,947,1,441,24,1388,California
Siskiyou,2021-01-15,35,1863,3,959,32,904,0,0,35,982,0,441,35,1423,California
Siskiyou,2021-01-16,7,1870,2,961,5,909,0,0,7,989,0,441,7,1430,California
Siskiyou,2021-01-17,1,1871,1,962,0,909,0,0,0,988,1,442,0,1430,California
Siskiyou,2021-01-18,77,1948,4,966,73,982,0,0,75,1061,2,444,75,1505,California
Siskiyou,2021-01-19,21,1969,1,967,20,1002,0,0,20,1080,1,445,20,1525,California
Siskiyou,2021-01-20,47,2016,35,1002,12,1014,0,0,43,1119,4,449,43,1568,California
Siskiyou,2021-01-21,42,2058,1,1003,41,1055,0,0,42,1161,0,449,42,1610,California
Siskiyou,2021-01-22,1327,3385,1175,2178,152,1207,0,0,1327,2488,0,449,1327,2937,California
Siskiyou,2021-01-23,5,3390,1,2179,4,1211,0,0,2,2487,3,452,2,2939,California
Siskiyou,2021-01-25,182,3572,8,2187,174,1385,0,0,178,2661,4,456,178,3117,California
Siskiyou,2021-01-26,148,3720,3,2190,145,1530,0,0,140,2793,8,464,140,3257,California
Siskiyou,2021-01-27,181,3901,1,2191,180,1710,0,0,126,2864,55,519,126,3383,California
Siskiyou,2021-01-28,231,4132,117,2308,114,1824,0,0,225,3083,6,525,225,3608,California
Siskiyou,2021-01-29,249,4381,3,2311,246,2070,0,0,247,3328,2,527,247,3855,California
Siskiyou,2021-01-30,4,4385,3,2314,1,2071,0,0,4,3332,0,527,4,3859,California
Siskiyou,2021-02-01,195,4580,3,2317,192,2263,0,0,105,3347,90,617,105,3964,California
Siskiyou,2021-02-02,289,4869,45,2362,244,2507,0,0,147,3352,142,759,147,4111,California
Siskiyou,2021-02-03,314,5183,1,2363,313,2820,0,0,264,3566,50,809,264,4375,California
Siskiyou,2021-02-04,322,5505,7,2370,315,3135,0,0,200,3644,122,931,200,4575,California
Siskiyou,2021-02-05,511,6016,4,2374,507,3642,0,0,349,3831,162,1093,349,4924,California
Siskiyou,2021-02-06,15,6031,0,2374,15,3657,0,0,15,3846,0,1093,15,4939,California
Siskiyou,2021-02-07,3,6034,2,2376,1,3658,0,0,3,3849,0,1093,3,4942,California
Siskiyou,2021-02-08,221,6255,5,2381,216,3874,0,0,216,4060,5,1098,216,5158,California
Siskiyou,2021-02-09,197,6452,4,2385,193,4067,0,0,164,4191,33,1131,164,5322,California
Siskiyou,2021-02-10,370,6822,40,2425,330,4397,0,0,317,4456,52,1183,317,5639,California
Siskiyou,2021-02-11,189,7011,1,2426,188,4585,0,0,174,4615,15,1198,174,5813,California
Siskiyou,2021-02-12,1690,8701,1198,3624,492,5077,0,0,501,3927,1189,2387,501,6314,California
Siskiyou,2021-02-13,36,8737,2,3626,34,5111,0,0,32,3955,4,2391,32,6346,California
Siskiyou,2021-02-14,5,8742,1,3627,4,5115,0,0,5,3960,0,2391,5,6351,California
Siskiyou,2021-02-15,108,8850,10,3637,98,5213,0,0,106,4064,2,2393,106,6457,California
Siskiyou,2021-02-16,114,8964,2,3639,112,5325,0,0,99,4148,15,2408,99,6556,California
Siskiyou,2021-02-17,184,9148,15,3654,169,5494,0,0,170,4304,14,2422,170,6726,California
Siskiyou,2021-02-18,221,9369,88,3742,133,5627,0,0,98,4279,123,2545,98,6824,California
Siskiyou,2021-02-19,71,9440,34,3776,37,5664,0,0,34,4276,37,2582,34,6858,California
Siskiyou,2021-02-20,21,9461,3,3779,18,5682,0,0,16,4287,5,2587,16,6874,California
Siskiyou,2021-02-21,1,9462,1,3780,0,5682,0,0,1,4288,0,2587,1,6875,California
Siskiyou,2021-02-22,125,9587,2,3782,123,5805,0,0,19,4201,106,2693,19,6894,California
Siskiyou,2021-02-23,197,9784,15,3797,182,5987,0,0,53,4110,144,2837,53,6947,California
Siskiyou,2021-02-24,149,9933,5,3802,144,6131,0,0,37,4035,112,2949,37,6984,California
Siskiyou,2021-02-25,301,10234,24,3826,277,6408,0,0,155,4044,146,3095,155,7139,California
Siskiyou,2021-02-26,671,10905,11,3837,660,7068,0,0,369,4111,302,3397,369,7508,California
Siskiyou,2021-02-27,32,10937,5,3842,27,7095,0,0,28,4135,4,3401,28,7536,California
Siskiyou,2021-02-28,6,10943,5,3847,1,7096,0,0,4,4137,2,3403,4,7540,California
Siskiyou,2021-03-01,280,11223,6,3853,274,7370,0,0,50,3957,230,3633,50,7590,California
Siskiyou,2021-03-02,190,11413,1,3854,189,7559,0,0,70,3907,120,3753,70,7660,California
Siskiyou,2021-03-03,348,11761,10,3864,338,7897,0,0,155,3869,193,3946,155,7815,California
Siskiyou,2021-03-04,793,12554,620,4484,173,8070,0,0,635,4346,158,4104,635,8450,California
Siskiyou,2021-03-05,326,12880,6,4490,309,8379,11,11,105,4244,218,4322,116,8566,California
Siskiyou,2021-03-06,43,12923,3,4493,33,8412,7,18,28,4264,15,4337,35,8601,California
Siskiyou,2021-03-07,12,12935,4,4497,0,8412,8,26,3,4266,9,4346,11,8612,California
Siskiyou,2021-03-08,360,13295,30,4527,295,8707,35,61,59,4059,301,4647,94,8706,California
Siskiyou,2021-03-09,164,13459,2,4529,108,8815,54,115,57,4063,107,4754,111,8817,California
Siskiyou,2021-03-10,222,13681,7,4536,185,9000,30,145,30,3931,192,4946,60,8877,California
Siskiyou,2021-03-11,476,14157,206,4742,223,9223,47,192,276,4055,199,5145,323,9200,California
Siskiyou,2021-03-12,650,14807,141,4883,470,9693,39,231,184,3816,464,5609,225,9425,California
Siskiyou,2021-03-13,428,15235,380,5263,25,9718,23,254,381,4174,47,5656,405,9830,California
Siskiyou,2021-03-14,20,15255,1,5264,3,9721,16,270,2,4174,18,5674,18,9848,California
Siskiyou,2021-03-15,457,15712,258,5522,177,9898,22,292,322,4383,135,5809,344,10192,California
Siskiyou,2021-03-16,257,15969,34,5556,206,10104,17,309,140,4424,116,5925,157,10349,California
Siskiyou,2021-03-17,201,16170,9,5565,184,10288,8,317,34,4299,167,6092,42,10391,California
Siskiyou,2021-03-18,929,17099,791,6356,126,10414,12,329,813,5008,116,6208,825,11216,California
Siskiyou,2021-03-19,68,17167,10,6366,45,10459,13,342,20,4993,48,6256,33,11249,California
Siskiyou,2021-03-20,30,17197,7,6373,18,10477,5,347,6,4980,24,6280,11,11260,California
Siskiyou,2021-03-21,10,17207,4,6377,1,10478,5,352,4,4983,6,6286,9,11269,California
Siskiyou,2021-03-22,208,17415,21,6398,165,10643,22,374,145,5090,60,6346,167,11436,California
Siskiyou,2021-03-23,196,17611,19,6417,167,10810,10,384,141,5186,55,6401,151,11587,California
Siskiyou,2021-03-24,141,17752,47,6464,94,10904,0,384,115,5275,26,6427,115,11702,California
Siskiyou,2021-03-25,571,18323,319,6783,249,11153,3,387,400,5507,171,6598,403,12105,California
Siskiyou,2021-03-26,305,18628,35,6818,270,11423,0,387,104,5412,199,6797,104,12209,California
Siskiyou,2021-03-27,37,18665,4,6822,28,11451,5,392,9,5398,28,6825,14,12223,California
Siskiyou,2021-03-28,9,18674,8,6830,1,11452,0,392,5,5399,4,6829,5,12228,California
Siskiyou,2021-03-29,96,18770,10,6840,84,11536,2,394,46,5397,50,6879,48,12276,California
Siskiyou,2021-03-30,102,18872,7,6847,94,11630,1,395,41,5378,61,6940,42,12318,California
Siskiyou,2021-03-31,190,19062,20,6867,167,11797,3,398,48,5289,141,7081,52,12370,California
Siskiyou,2021-04-01,831,19893,673,7540,158,11955,0,398,214,4886,617,7698,214,12584,California
Siskiyou,2021-04-02,347,20240,197,7737,146,12101,4,402,66,4677,279,7977,70,12654,California
Siskiyou,2021-04-03,26,20266,5,7742,14,12115,7,409,5,4668,21,7998,12,12666,California
Siskiyou,2021-04-04,2,20268,1,7743,1,12116,0,409,1,4668,1,7999,1,12667,California
Siskiyou,2021-04-05,439,20707,332,8075,81,12197,26,435,27,4310,411,8410,53,12720,California
Siskiyou,2021-04-06,219,20926,36,8111,130,12327,53,488,125,4394,93,8503,177,12897,California
Siskiyou,2021-04-07,116,21042,11,8122,63,12390,42,530,66,4452,50,8553,108,13005,California
Siskiyou,2021-04-08,354,21396,186,8308,127,12517,41,571,64,4267,290,8843,105,13110,California
Siskiyou,2021-04-09,548,21944,379,8687,131,12648,38,609,84,3927,463,9306,123,13233,California
Siskiyou,2021-04-10,45,21989,6,8693,2,12650,37,646,6,3931,39,9345,43,13276,California
Siskiyou,2021-04-11,8,21997,5,8698,1,12651,2,648,2,3929,6,9351,4,13280,California
Siskiyou,2021-04-12,129,22126,25,8723,103,12754,1,649,49,3899,80,9431,50,13330,California
Siskiyou,2021-04-13,207,22333,37,8760,169,12923,1,650,81,3855,126,9557,82,13412,California
Siskiyou,2021-04-14,156,22489,65,8825,91,13014,0,650,85,3871,69,9626,85,13497,California
Siskiyou,2021-04-15,1118,23607,959,9784,159,13173,0,650,438,3629,680,10306,438,13935,California
Siskiyou,2021-04-16,301,23908,207,9991,94,13267,0,650,270,3869,30,10336,270,14205,California
Siskiyou,2021-04-17,11,23919,8,9999,3,13270,0,650,7,3872,4,10340,7,14212,California
Siskiyou,2021-04-18,6,23925,3,10002,3,13273,0,650,2,3870,4,10344,2,14214,California
Siskiyou,2021-04-19,128,24053,25,10027,103,13376,0,650,45,3832,83,10427,45,14259,California
Siskiyou,2021-04-20,237,24290,5,10032,232,13608,0,650,94,3783,143,10570,94,14353,California
Siskiyou,2021-04-21,94,24384,10,10042,84,13692,0,650,25,3739,69,10639,25,14378,California
Siskiyou,2021-04-22,416,24800,302,10344,114,13806,0,650,51,3425,365,11004,51,14429,California
Siskiyou,2021-04-23,181,24981,15,10359,166,13972,0,650,159,3563,21,11025,159,14588,California
Siskiyou,2021-04-24,27,25008,4,10363,23,13995,0,650,19,3574,8,11033,19,14607,California
Siskiyou,2021-04-25,2,25010,0,10363,2,13997,0,650,2,3576,0,11033,2,14609,California
Siskiyou,2021-04-26,100,25110,6,10369,89,14086,5,655,25,3531,75,11108,30,14639,California
Siskiyou,2021-04-27,102,25212,4,10373,96,14182,2,657,83,3599,17,11125,85,14724,California
Siskiyou,2021-04-28,110,25322,8,10381,94,14276,8,665,52,3601,58,11183,60,14784,California
Siskiyou,2021-04-29,105,25427,14,10395,91,14367,0,665,25,3546,80,11263,25,14809,California
Siskiyou,2021-04-30,101,25528,20,10415,80,14447,1,666,44,3536,54,11317,44,14853,California
Siskiyou,2021-05-01,11,25539,7,10422,1,14448,3,669,7,3542,4,11321,10,14863,California
Siskiyou,2021-05-02,11,25550,5,10427,6,14454,0,669,9,3549,2,11323,9,14872,California
Siskiyou,2021-05-03,110,25660,23,10450,85,14539,2,671,47,3535,63,11386,49,14921,California
Siskiyou,2021-05-04,123,25783,6,10456,115,14654,2,673,62,3539,60,11446,64,14985,California
Siskiyou,2021-05-05,117,25900,21,10477,87,14741,9,682,39,3510,77,11523,48,15033,California
Siskiyou,2021-05-06,367,26267,296,10773,65,14806,6,688,190,3529,177,11700,196,15229,California
Siskiyou,2021-05-07,309,26576,219,10992,85,14891,5,693,33,3292,275,11975,38,15267,California
Siskiyou,2021-05-08,24,26600,4,10996,19,14910,1,694,18,3305,6,11981,19,15286,California
Siskiyou,2021-05-09,1,26601,0,10996,1,14911,0,694,0,3304,1,11982,0,15286,California
Siskiyou,2021-05-10,98,26699,67,11063,30,14941,1,695,20,3247,78,12060,21,15307,California
Siskiyou,2021-05-11,82,26781,4,11067,73,15014,5,700,47,3264,35,12095,52,15359,California
Siskiyou,2021-05-12,52,26833,3,11070,45,15059,4,704,15,3246,37,12132,19,15378,California
Siskiyou,2021-05-13,76,26909,31,11101,36,15095,9,713,33,3245,43,12175,42,15420,California
Siskiyou,2021-05-14,170,27079,82,11183,87,15182,1,714,103,3283,66,12241,104,15524,California
Siskiyou,2021-05-15,45,27124,14,11197,29,15211,2,716,38,3317,6,12247,40,15564,California
Siskiyou,2021-05-16,6,27130,2,11199,4,15215,0,716,4,3319,2,12249,4,15568,California
Siskiyou,2021-05-17,66,27196,2,11201,41,15256,23,739,12,3300,54,12303,35,15603,California
Siskiyou,2021-05-18,220,27416,82,11283,134,15390,4,743,123,3331,96,12399,127,15730,California
Siskiyou,2021-05-19,156,27572,96,11379,59,15449,1,744,124,3424,32,12431,125,15855,California
Siskiyou,2021-05-20,496,28068,425,11804,69,15518,2,746,228,3386,268,12699,230,16085,California
Siskiyou,2021-05-21,172,28240,86,11890,85,15603,1,747,98,3412,73,12772,99,16184,California
Siskiyou,2021-05-22,40,28280,19,11909,21,15624,0,747,24,3420,16,12788,24,16208,California
Siskiyou,2021-05-23,3,28283,3,11912,0,15624,0,747,1,3419,2,12790,1,16209,California
Siskiyou,2021-05-24,22,28305,5,11917,17,15641,0,747,10,3418,11,12801,10,16219,California
Siskiyou,2021-05-25,143,28448,13,11930,114,15755,16,763,43,3378,99,12900,59,16278,California
Siskiyou,2021-05-26,75,28523,20,11950,55,15810,0,763,42,3387,33,12933,42,16320,California
Siskiyou,2021-05-27,101,28624,84,12034,14,15824,3,766,38,3366,63,12996,42,16362,California
Solano,2020-12-15,4,4,4,4,0,0,0,0,4,4,0,0,4,4,California
Solano,2020-12-16,71,75,71,75,0,0,0,0,71,75,0,0,71,75,California
Solano,2020-12-17,154,229,154,229,0,0,0,0,154,229,0,0,154,229,California
Solano,2020-12-18,446,675,445,674,1,1,0,0,446,675,0,0,446,675,California
Solano,2020-12-19,522,1197,522,1196,0,1,0,0,522,1197,0,0,522,1197,California
Solano,2020-12-20,356,1553,354,1550,2,3,0,0,356,1553,0,0,356,1553,California
Solano,2020-12-21,572,2125,570,2120,2,5,0,0,572,2125,0,0,572,2125,California
Solano,2020-12-22,663,2788,630,2750,33,38,0,0,663,2788,0,0,663,2788,California
Solano,2020-12-23,869,3657,778,3528,91,129,0,0,868,3655,1,1,868,3656,California
Solano,2020-12-24,423,4080,171,3699,252,381,0,0,423,4078,0,1,423,4079,California
Solano,2020-12-25,10,4090,2,3701,8,389,0,0,10,4088,0,1,10,4089,California
Solano,2020-12-26,173,4263,47,3748,126,515,0,0,173,4261,0,1,173,4262,California
Solano,2020-12-27,105,4368,29,3777,76,591,0,0,105,4366,0,1,105,4367,California
Solano,2020-12-28,866,5234,422,4199,444,1035,0,0,866,5232,0,1,866,5233,California
Solano,2020-12-29,902,6136,375,4574,527,1562,0,0,902,6134,0,1,902,6135,California
Solano,2020-12-30,1235,7371,599,5173,636,2198,0,0,1235,7369,0,1,1235,7370,California
Solano,2020-12-31,538,7909,137,5310,401,2599,0,0,538,7907,0,1,538,7908,California
Solano,2021-01-01,14,7923,13,5323,1,2600,0,0,14,7921,0,1,14,7922,California
Solano,2021-01-02,213,8136,165,5488,48,2648,0,0,213,8134,0,1,213,8135,California
Solano,2021-01-03,57,8193,40,5528,17,2665,0,0,52,8186,0,1,52,8187,California
Solano,2021-01-04,452,8645,246,5774,206,2871,0,0,442,8625,3,4,442,8629,California
Solano,2021-01-05,729,9374,376,6150,353,3224,0,0,575,9051,149,153,575,9204,California
Solano,2021-01-06,846,10220,439,6589,407,3631,0,0,581,9369,263,416,581,9785,California
Solano,2021-01-07,1068,11288,685,7274,383,4014,0,0,609,9522,457,873,610,10395,California
Solano,2021-01-08,1143,12431,778,8052,365,4379,0,0,553,9505,572,1445,555,10950,California
Solano,2021-01-09,887,13318,764,8816,123,4502,0,0,428,9477,456,1901,428,11378,California
Solano,2021-01-10,254,13572,194,9010,60,4562,0,0,152,9527,102,2003,152,11530,California
Solano,2021-01-11,1334,14906,1120,10130,214,4776,0,0,817,9827,517,2520,817,12347,California
Solano,2021-01-12,1571,16477,1173,11303,398,5174,0,0,1020,10298,550,3070,1021,13368,California
Solano,2021-01-13,1463,17940,1006,12309,457,5631,0,0,1204,11245,257,3327,1204,14572,California
Solano,2021-01-14,1892,19832,814,13123,1078,6709,0,0,1577,12508,314,3641,1577,16149,California
Solano,2021-01-15,1698,21530,1059,14182,639,7348,0,0,1401,13612,297,3938,1401,17550,California
Solano,2021-01-16,1292,22822,904,15086,388,7736,0,0,1117,14554,175,4113,1117,18667,California
Solano,2021-01-17,1042,23864,758,15844,284,8020,0,0,1022,15557,20,4133,1023,19690,California
Solano,2021-01-18,1409,25273,853,16697,556,8576,0,0,1292,16733,117,4250,1293,20983,California
Solano,2021-01-19,1652,26925,1338,18035,314,8890,0,0,1381,17844,270,4520,1381,22364,California
Solano,2021-01-20,2033,28958,1421,19456,612,9502,0,0,1546,18906,484,5004,1546,23910,California
Solano,2021-01-21,3186,32144,1015,20471,2171,11673,0,0,2834,21389,352,5356,2835,26745,California
Solano,2021-01-22,1772,33916,845,21316,927,12600,0,0,1579,22775,193,5549,1579,28324,California
Solano,2021-01-23,737,34653,242,21558,495,13095,0,0,532,23102,206,5755,533,28857,California
Solano,2021-01-24,403,35056,61,21619,342,13437,0,0,336,23371,67,5822,336,29193,California
Solano,2021-01-25,1670,36726,631,22250,1039,14476,0,0,1114,23931,555,6377,1115,30308,California
Solano,2021-01-26,1783,38509,741,22991,1042,15518,0,0,1149,24448,633,7010,1150,31458,California
Solano,2021-01-27,1786,40295,719,23710,1067,16585,0,0,1182,25030,600,7610,1182,32640,California
Solano,2021-01-28,1963,42258,709,24419,1254,17839,0,0,1371,25811,591,8201,1372,34012,California
Solano,2021-01-29,1702,43960,784,25203,918,18757,0,0,1342,26795,358,8559,1342,35354,California
Solano,2021-01-30,952,44912,457,25660,495,19252,0,0,608,27060,344,8903,609,35963,California
Solano,2021-01-31,245,45157,153,25813,92,19344,0,0,174,27163,71,8974,174,36137,California
Solano,2021-02-01,1558,46715,1036,26849,522,19866,0,0,777,27162,778,9752,777,36914,California
Solano,2021-02-02,3343,50058,1094,27943,2249,22115,0,0,2534,28891,805,10557,2534,39448,California
Solano,2021-02-03,2266,52324,1308,29251,958,23073,0,0,1166,28960,1097,11654,1166,40614,California
Solano,2021-02-04,1796,54120,900,30151,896,23969,0,0,1072,29313,719,12373,1072,41686,California
Solano,2021-02-05,3098,57218,1417,31568,1681,25650,0,0,2094,30411,996,13369,2094,43780,California
Solano,2021-02-06,3060,60278,1169,32737,1891,27541,0,0,2243,31841,813,14182,2243,46023,California
Solano,2021-02-07,848,61126,784,33521,64,27605,0,0,237,31468,610,14792,237,46260,California
Solano,2021-02-08,1757,62883,1235,34756,522,28127,0,0,715,31143,1040,15832,715,46975,California
Solano,2021-02-09,1950,64833,1484,36240,466,28593,0,0,698,30590,1251,17083,698,47673,California
Solano,2021-02-10,2266,67099,1496,37736,770,29363,0,0,825,29974,1441,18524,825,48498,California
Solano,2021-02-11,2515,69614,1491,39227,1024,30387,0,0,1197,29864,1307,19831,1197,49695,California
Solano,2021-02-12,4228,73842,1630,40857,2598,32985,0,0,2878,31399,1343,21174,2878,52573,California
Solano,2021-02-13,2869,76711,250,41107,2619,35604,0,0,2454,33441,412,21586,2454,55027,California
Solano,2021-02-14,726,77437,204,41311,522,36126,0,0,416,33550,308,21894,417,55444,California
Solano,2021-02-15,1328,78765,324,41635,1004,37130,0,0,694,33611,633,22527,694,56138,California
Solano,2021-02-16,2561,81326,1387,43022,1174,38304,0,0,1664,34380,896,23423,1665,57803,California
Solano,2021-02-17,3214,84540,1455,44477,1759,40063,0,0,2171,35512,1040,24463,2172,59975,California
Solano,2021-02-18,2879,87419,843,45320,2036,42099,0,0,865,34370,2008,26471,866,60841,California
Solano,2021-02-19,2400,89819,1446,46766,954,43053,0,0,1170,34317,1225,27696,1172,62013,California
Solano,2021-02-20,2576,92395,383,47149,2193,45246,0,0,2106,35952,471,28167,2106,64119,California
Solano,2021-02-21,2191,94586,1878,49027,313,45559,0,0,1881,37527,306,28473,1881,66000,California
Solano,2021-02-22,1736,96322,1053,50080,683,46242,0,0,914,37623,820,29293,916,66916,California
Solano,2021-02-23,2863,99185,1088,51168,1775,48017,0,0,1957,38677,903,30196,1957,68873,California
Solano,2021-02-24,2486,101671,1244,52412,1242,49259,0,0,1391,38975,1093,31289,1391,70264,California
Solano,2021-02-25,2411,104082,1450,53862,961,50220,0,0,1319,39207,1087,32376,1319,71583,California
Solano,2021-02-26,3188,107270,2031,55893,1157,51377,0,0,1869,39762,1314,33690,1869,73452,California
Solano,2021-02-27,3661,110931,1381,57274,2279,53656,1,1,2961,42032,692,34382,2962,76414,California
Solano,2021-02-28,1369,112300,1038,58312,331,53987,0,1,1087,42841,279,34661,1088,77502,California
Solano,2021-03-01,2456,114756,1057,59369,1398,55385,1,2,1855,44101,596,35257,1856,79358,California
Solano,2021-03-02,2238,116994,1401,60770,837,56222,0,2,1293,44450,944,36201,1293,80651,California
Solano,2021-03-03,2238,119232,1260,62030,978,57200,0,2,1389,44999,841,37042,1390,82041,California
Solano,2021-03-04,4381,123613,3431,65461,948,58148,2,4,3158,46949,1213,38255,3163,85204,California
Solano,2021-03-05,4924,128537,1684,67145,3235,61383,5,9,3953,49946,961,39216,3958,89162,California
Solano,2021-03-06,3844,132381,833,67978,2972,64355,39,48,2642,51436,1191,40407,2681,91843,California
Solano,2021-03-07,3574,135955,760,68738,2804,67159,10,58,1966,51817,1596,42003,1977,93820,California
Solano,2021-03-08,2134,138089,1337,70075,527,67686,270,328,1612,53180,517,42520,1880,95700,California
Solano,2021-03-09,3221,141310,1569,71644,1598,69284,54,382,2322,54655,898,43418,2373,98073,California
Solano,2021-03-10,2426,143736,1764,73408,577,69861,85,467,1271,54861,1150,44568,1356,99429,California
Solano,2021-03-11,6020,149756,1756,75164,4010,73871,254,721,4967,59034,1049,45617,5222,104651,California
Solano,2021-03-12,6015,155771,1567,76731,4270,78141,178,899,3181,59564,2830,48447,3360,108011,California
Solano,2021-03-13,4575,160346,803,77534,3688,81829,84,983,2231,59546,2337,50784,2319,110330,California
Solano,2021-03-14,3999,164345,3121,80655,423,82252,455,1438,1640,59284,2354,53138,2092,112422,California
Solano,2021-03-15,4016,168361,2452,83107,1244,83496,320,1758,2516,60627,1492,54630,2835,115257,California
Solano,2021-03-16,3090,171451,1323,84430,1531,85027,236,1994,1575,60927,1511,56141,1811,117068,California
Solano,2021-03-17,6421,177872,1674,86104,4656,89683,91,2085,4937,64474,1481,57622,5028,122096,California
Solano,2021-03-18,5198,183070,1846,87950,3315,92998,37,2122,3824,66970,1366,58988,3862,125958,California
Solano,2021-03-19,3562,186632,2633,90583,855,93853,74,2196,1812,67115,1742,60730,1887,127845,California
Solano,2021-03-20,5552,192184,1672,92255,3826,97679,54,2250,2843,67312,2700,63430,2897,130742,California
Solano,2021-03-21,1681,193865,1575,93830,81,97760,25,2275,858,67373,820,64250,881,131623,California
Solano,2021-03-22,2670,196535,2038,95868,582,98342,50,2325,1665,68085,999,65249,1711,133334,California
Solano,2021-03-23,3520,200055,1667,97535,1810,100152,43,2368,1408,67427,2108,67357,1450,134784,California
Solano,2021-03-24,2830,202885,1773,99308,1022,101174,35,2403,1371,67379,1453,68810,1405,136189,California
Solano,2021-03-25,4870,207755,3991,103299,844,102018,35,2438,2278,67104,2588,71398,2313,138502,California
Solano,2021-03-26,3228,210983,2097,105396,1094,103112,37,2475,1741,67404,1478,72876,1778,140280,California
Solano,2021-03-27,4200,215183,1157,106553,3006,106118,37,2512,1794,66835,2400,75276,1831,142111,California
Solano,2021-03-28,1419,216602,1111,107664,290,106408,18,2530,551,66540,864,76140,569,142680,California
Solano,2021-03-29,3510,220112,2044,109708,1449,107857,17,2547,1582,66228,1915,78055,1603,144283,California
Solano,2021-03-30,3014,223126,2014,111722,909,108766,91,2638,1871,67048,1142,79197,1962,146245,California
Solano,2021-03-31,3141,226267,2138,113860,843,109609,160,2798,1841,67749,1297,80494,1998,148243,California
Solano,2021-04-01,5551,231818,2112,115972,3288,112897,151,2949,3511,69384,2027,82521,3662,151905,California
Solano,2021-04-02,6604,238422,2229,118201,4208,117105,167,3116,2559,68087,4030,86551,2733,154638,California
Solano,2021-04-03,1532,239954,966,119167,411,117516,155,3271,571,67854,959,87510,726,155364,California
Solano,2021-04-04,781,240735,288,119455,191,117707,302,3573,241,67861,536,88046,543,155907,California
Solano,2021-04-05,2990,243725,2043,121498,740,118447,207,3780,1516,68111,1472,89518,1722,157629,California
Solano,2021-04-06,6038,249763,1636,123134,3911,122358,491,4271,1644,65877,4387,93905,2153,159782,California
Solano,2021-04-07,5919,255682,4579,127713,942,123300,398,4669,3362,67106,2538,96443,3767,163549,California
Solano,2021-04-08,6449,262131,1792,129505,3794,127094,863,5532,1817,65186,4604,101047,2684,166233,California
Solano,2021-04-09,6275,268406,1662,131167,3765,130859,848,6380,1519,62821,4732,105779,2367,168600,California
Solano,2021-04-10,1732,270138,955,132122,452,131311,325,6705,800,63014,931,106710,1124,169724,California
Solano,2021-04-11,1231,271369,765,132887,337,131648,129,6834,638,63191,590,107300,767,170491,California
Solano,2021-04-12,3249,274618,1671,134558,1219,132867,359,7193,1339,62981,1905,109205,1695,172186,California
Solano,2021-04-13,2531,277149,1092,135650,1438,134305,1,7194,1319,63093,1208,110413,1320,173506,California
Solano,2021-04-14,6450,283599,1946,137596,4504,138809,0,7194,1825,60302,4617,115030,1826,175332,California
Solano,2021-04-15,5667,289266,2138,139734,3529,142338,0,7194,1718,58085,3935,118965,1718,177050,California
Solano,2021-04-16,3671,292937,2577,142311,1092,143430,2,7196,2280,58981,1386,120351,2282,179332,California
Solano,2021-04-17,3251,296188,1060,143371,2191,145621,0,7196,1118,57975,2125,122476,1119,180451,California
Solano,2021-04-18,1004,297192,610,143981,394,146015,0,7196,529,58030,474,122950,529,180980,California
Solano,2021-04-19,2107,299299,1158,145139,949,146964,0,7196,1173,58276,929,123879,1175,182155,California
Solano,2021-04-20,3022,302321,1844,146983,1178,148142,0,7196,1683,58624,1335,125214,1683,183838,California
Solano,2021-04-21,3563,305884,2333,149316,1230,149372,0,7196,1788,58642,1770,126984,1788,185626,California
Solano,2021-04-22,2934,308818,1483,150799,1451,150823,0,7196,1780,59270,1152,128136,1780,187406,California
Solano,2021-04-23,4151,312969,2086,152885,2065,152888,0,7196,2498,60122,1647,129783,2499,189905,California
Solano,2021-04-24,3823,316792,2292,155177,1529,154417,2,7198,2530,61447,1207,130990,2532,192437,California
Solano,2021-04-25,1427,318219,1113,156290,314,154731,0,7198,1128,62283,292,131282,1128,193565,California
Solano,2021-04-26,2469,320688,1598,157888,867,155598,4,7202,1323,62476,1134,132416,1327,194892,California
Solano,2021-04-27,2500,323188,1246,159134,1230,156828,24,7226,1432,62872,1061,133477,1457,196349,California
Solano,2021-04-28,5571,328759,4588,163722,937,157765,46,7272,3429,64215,2132,135609,3475,199824,California
Solano,2021-04-29,4157,332916,1265,164987,2860,160625,32,7304,1692,63482,2457,138066,1724,201548,California
Solano,2021-04-30,4030,336946,2189,167176,1709,162334,132,7436,1869,63337,2146,140212,2001,203549,California
Solano,2021-05-01,2174,339120,1676,168852,298,162632,200,7636,1295,63958,874,141086,1495,205044,California
Solano,2021-05-02,1196,340316,936,169788,236,162868,24,7660,668,64127,523,141609,692,205736,California
Solano,2021-05-03,1450,341766,1008,170796,355,163223,87,7747,592,63950,857,142466,680,206416,California
Solano,2021-05-04,1792,343558,1046,171842,681,163904,65,7812,805,63835,985,143451,870,207286,California
Solano,2021-05-05,2250,345808,1408,173250,729,164633,113,7925,1082,63864,1164,144615,1193,208479,California
Solano,2021-05-06,1946,347754,1183,174433,590,165223,173,8098,722,63543,1216,145831,895,209374,California
Solano,2021-05-07,2761,350515,1908,176341,736,165959,117,8215,959,62822,1795,147626,1074,210448,California
Solano,2021-05-08,1370,351885,830,177171,425,166384,115,8330,477,62524,890,148516,592,211040,California
Solano,2021-05-09,417,352302,241,177412,165,166549,11,8341,155,62432,259,148775,167,211207,California
Solano,2021-05-10,1316,353618,604,178016,609,167158,103,8444,382,61987,931,149706,486,211693,California
Solano,2021-05-11,2241,355859,1132,179148,1025,168183,84,8528,629,61093,1607,151313,713,212406,California
Solano,2021-05-12,2047,357906,1152,180300,725,168908,170,8698,680,60584,1357,152670,848,213254,California
Solano,2021-05-13,2875,360781,1976,182276,691,169599,208,8906,1521,60962,1351,154021,1729,214983,California
Solano,2021-05-14,2410,363191,1622,183898,668,170267,120,9026,1009,60699,1392,155413,1129,216112,California
Solano,2021-05-15,2863,366054,2232,186130,569,170836,62,9088,1177,60263,1675,157088,1239,217351,California
Solano,2021-05-16,1486,367540,1090,187220,363,171199,33,9121,241,59294,1242,158330,273,217624,California
Solano,2021-05-17,2453,369993,1405,188625,963,172162,85,9206,935,58812,1498,159828,1016,218640,California
Solano,2021-05-18,2800,372793,1512,190137,1199,173361,89,9295,1389,58890,1399,161227,1477,220117,California
Solano,2021-05-19,4890,377683,3362,193499,1422,174783,106,9401,2276,58670,2603,163830,2383,222500,California
Solano,2021-05-20,2232,379915,1340,194839,842,175625,50,9451,963,58421,1262,165092,1013,223513,California
Solano,2021-05-21,3130,383045,1584,196423,1486,177111,60,9511,1246,57854,1873,166965,1306,224819,California
Solano,2021-05-22,2130,385175,1647,198070,425,177536,58,9569,907,57603,1216,168181,965,225784,California
Solano,2021-05-23,1197,386372,1037,199107,150,177686,10,9579,663,57744,532,168713,673,226457,California
Solano,2021-05-24,1821,388193,1030,200137,721,178407,70,9649,634,57265,1182,169895,703,227160,California
Solano,2021-05-25,1604,389797,812,200949,736,179143,56,9705,589,56903,1007,170902,645,227805,California
Solano,2021-05-26,1842,391639,1058,202007,732,179875,52,9757,750,56621,1084,171986,802,228607,California
Solano,2021-05-27,1293,392932,498,202505,746,180621,49,9806,580,56540,709,172695,628,229235,California
Sonoma,2020-12-15,4,4,4,4,0,0,0,0,4,4,0,0,4,4,California
Sonoma,2020-12-16,27,31,27,31,0,0,0,0,27,31,0,0,27,31,California
Sonoma,2020-12-17,105,136,105,136,0,0,0,0,105,136,0,0,105,136,California
Sonoma,2020-12-18,423,559,423,559,0,0,0,0,423,559,0,0,423,559,California
Sonoma,2020-12-19,112,671,111,670,1,1,0,0,112,671,0,0,112,671,California
Sonoma,2020-12-20,175,846,175,845,0,1,0,0,175,846,0,0,175,846,California
Sonoma,2020-12-21,910,1756,908,1753,2,3,0,0,909,1755,0,0,909,1755,California
Sonoma,2020-12-22,1354,3110,1263,3016,91,94,0,0,1354,3109,0,0,1354,3109,California
Sonoma,2020-12-23,1608,4718,1233,4249,375,469,0,0,1609,4718,0,0,1609,4718,California
Sonoma,2020-12-24,305,5023,101,4350,204,673,0,0,305,5023,0,0,305,5023,California
Sonoma,2020-12-25,8,5031,2,4352,6,679,0,0,8,5031,0,0,8,5031,California
Sonoma,2020-12-26,268,5299,257,4609,11,690,0,0,268,5299,0,0,268,5299,California
Sonoma,2020-12-27,94,5393,80,4689,14,704,0,0,94,5393,0,0,94,5393,California
Sonoma,2020-12-28,985,6378,552,5241,433,1137,0,0,956,6349,0,0,956,6349,California
Sonoma,2020-12-29,1129,7507,777,6018,352,1489,0,0,1096,7445,0,0,1096,7445,California
Sonoma,2020-12-30,1094,8601,479,6497,615,2104,0,0,1086,8531,0,0,1086,8531,California
Sonoma,2020-12-31,517,9118,71,6568,446,2550,0,0,518,9049,0,0,518,9049,California
Sonoma,2021-01-01,15,9133,8,6576,7,2557,0,0,15,9064,0,0,15,9064,California
Sonoma,2021-01-02,132,9265,125,6701,7,2564,0,0,132,9196,0,0,132,9196,California
Sonoma,2021-01-03,24,9289,10,6711,14,2578,0,0,24,9220,0,0,24,9220,California
Sonoma,2021-01-04,343,9632,106,6817,237,2815,0,0,342,9562,0,0,342,9562,California
Sonoma,2021-01-05,435,10067,102,6919,333,3148,0,0,410,9957,15,15,410,9972,California
Sonoma,2021-01-06,952,11019,435,7354,517,3665,0,0,840,10691,106,121,840,10812,California
Sonoma,2021-01-07,1031,12050,536,7890,495,4160,0,0,860,11381,170,291,860,11672,California
Sonoma,2021-01-08,1794,13844,1234,9124,560,4720,0,0,1321,12231,471,762,1321,12993,California
Sonoma,2021-01-09,640,14484,404,9528,236,4956,0,0,591,12773,49,811,591,13584,California
Sonoma,2021-01-10,472,14956,461,9989,11,4967,0,0,277,12855,195,1006,277,13861,California
Sonoma,2021-01-11,1385,16341,1238,11227,147,5114,0,0,414,12303,966,1972,414,14275,California
Sonoma,2021-01-12,1545,17886,1292,12519,253,5367,0,0,395,11550,1148,3120,395,14670,California
Sonoma,2021-01-13,2048,19934,1368,13887,680,6047,0,0,1181,11868,864,3984,1182,15852,California
Sonoma,2021-01-14,1541,21475,808,14695,733,6780,0,0,1311,12949,230,4214,1311,17163,California
Sonoma,2021-01-15,1560,23035,628,15323,932,7712,0,0,1339,14077,212,4426,1340,18503,California
Sonoma,2021-01-16,1146,24181,618,15941,528,8240,0,0,898,14731,244,4670,898,19401,California
Sonoma,2021-01-17,669,24850,548,16489,121,8361,0,0,589,15240,80,4750,589,19990,California
Sonoma,2021-01-18,1114,25964,938,17427,176,8537,0,0,624,15375,490,5240,625,20615,California
Sonoma,2021-01-19,2100,28064,1005,18432,1095,9632,0,0,1388,16054,710,5950,1389,22004,California
Sonoma,2021-01-20,2087,30151,628,19060,1459,11091,0,0,1423,16824,654,6604,1424,23428,California
Sonoma,2021-01-21,2269,32420,647,19707,1622,12713,0,0,2048,18654,219,6823,2049,25477,California
Sonoma,2021-01-22,2743,35163,1045,20752,1698,14411,0,0,2594,21100,148,6971,2594,28071,California
Sonoma,2021-01-23,765,35928,593,21345,172,14583,0,0,658,21652,106,7077,658,28729,California
Sonoma,2021-01-24,847,36775,716,22061,131,14714,0,0,831,22467,16,7093,831,29560,California
Sonoma,2021-01-25,2176,38951,519,22580,1657,16371,0,0,1690,23671,486,7579,1690,31250,California
Sonoma,2021-01-26,2016,40967,302,22882,1714,18085,0,0,1561,24778,454,8033,1561,32811,California
Sonoma,2021-01-27,3708,44675,1279,24161,2429,20514,0,0,3134,27343,572,8605,3137,35948,California
Sonoma,2021-01-28,4122,48797,1850,26011,2272,22786,0,0,3448,30121,671,9276,3449,39397,California
Sonoma,2021-01-29,2970,51767,1411,27422,1559,24345,0,0,2133,31420,835,10111,2134,41531,California
Sonoma,2021-01-30,2591,54358,2402,29824,189,24534,0,0,2248,33326,343,10454,2249,43780,California
Sonoma,2021-01-31,809,55167,697,30521,112,24646,0,0,580,33678,228,10682,580,44360,California
Sonoma,2021-02-01,2474,57641,851,31372,1623,26269,0,0,2097,35401,374,11056,2097,46457,California
Sonoma,2021-02-02,3526,61167,1372,32744,2154,28423,0,0,2958,37794,565,11621,2958,49415,California
Sonoma,2021-02-03,4047,65214,1325,34069,2722,31145,0,0,3115,39981,928,12549,3115,52530,California
Sonoma,2021-02-04,4216,69430,1728,35797,2488,33633,0,0,3426,42620,788,13337,3427,55957,California
Sonoma,2021-02-05,4822,74252,1741,37538,3081,36714,0,0,3800,45403,1018,14355,3801,59758,California
Sonoma,2021-02-06,2639,76891,2278,39816,361,37075,0,0,2108,46981,530,14885,2108,61866,California
Sonoma,2021-02-07,1539,78430,1403,41219,136,37211,0,0,1287,48016,252,15137,1287,63153,California
Sonoma,2021-02-08,3267,81697,1039,42258,2228,39439,0,0,2678,50106,588,15725,2678,65831,California
Sonoma,2021-02-09,3576,85273,1704,43962,1872,41311,0,0,3097,52727,477,16202,3098,68929,California
Sonoma,2021-02-10,4552,89825,2484,46446,2068,43379,0,0,3545,55271,1002,17204,3546,72475,California
Sonoma,2021-02-11,5591,95416,3026,49472,2565,45944,0,0,4402,58486,1187,18391,4402,76877,California
Sonoma,2021-02-12,5909,101325,3247,52719,2662,48606,0,0,4480,61544,1425,19816,4483,81360,California
Sonoma,2021-02-13,1989,103314,1151,53870,838,49444,0,0,1204,61966,782,20598,1204,82564,California
Sonoma,2021-02-14,2312,105626,1819,55689,493,49937,0,0,1568,62791,743,21341,1568,84132,California
Sonoma,2021-02-15,2147,107773,792,56481,1355,51292,0,0,1608,63860,539,21880,1608,85740,California
Sonoma,2021-02-16,4906,112679,2056,58537,2850,54142,0,0,3645,66249,1257,23137,3646,89386,California
Sonoma,2021-02-17,5608,118287,2904,61441,2704,56846,0,0,3578,67808,2021,25158,3580,92966,California
Sonoma,2021-02-18,6938,125225,3138,64579,3800,60646,0,0,4001,68884,2927,28085,4003,96969,California
Sonoma,2021-02-19,5518,130743,1664,66243,3854,64500,0,0,3419,70210,2094,30179,3420,100389,California
Sonoma,2021-02-20,3107,133850,2830,69073,277,64777,0,0,1206,69520,1896,32075,1206,101595,California
Sonoma,2021-02-21,533,134383,428,69501,105,64882,0,0,141,69272,389,32464,141,101736,California
Sonoma,2021-02-22,2875,137258,1355,70856,1520,66402,0,0,1193,68789,1677,34141,1194,102930,California
Sonoma,2021-02-23,3378,140636,2082,72938,1296,67698,0,0,1627,68669,1747,35888,1627,104557,California
Sonoma,2021-02-24,5650,146286,2550,75488,3100,70798,0,0,2921,68867,2724,38612,2922,107479,California
Sonoma,2021-02-25,5807,152093,2240,77728,3567,74365,0,0,3115,69313,2669,41281,3115,110594,California
Sonoma,2021-02-26,6270,158363,2763,80491,3507,77872,0,0,3975,70999,2289,43570,3975,114569,California
Sonoma,2021-02-27,4061,162424,1922,82413,2139,80011,0,0,2711,72362,1348,44918,2711,117280,California
Sonoma,2021-02-28,2325,164749,1838,84251,487,80498,0,0,610,71271,1701,46619,610,117890,California
Sonoma,2021-03-01,3762,168511,1149,85400,2612,83110,1,1,1895,71311,1857,48476,1897,119787,California
Sonoma,2021-03-02,4385,172896,1511,86911,2874,85984,0,1,2562,72057,1816,50292,2562,122349,California
Sonoma,2021-03-03,5061,177957,2639,89550,2422,88406,0,1,2332,71667,2722,53014,2332,124681,California
Sonoma,2021-03-04,5950,183907,2683,92233,3267,91673,0,1,2586,70903,3350,56364,2586,127267,California
Sonoma,2021-03-05,6490,190397,2862,95095,3613,95286,15,16,2747,69937,3729,60093,2763,130030,California
Sonoma,2021-03-06,2792,193189,1219,96314,1438,96724,135,151,1920,71126,865,60958,2054,132084,California
Sonoma,2021-03-07,1711,194900,1399,97713,277,97001,35,186,381,70214,1328,62286,416,132500,California
Sonoma,2021-03-08,4064,198964,662,98375,3227,100228,175,361,2391,71116,1662,63948,2564,135064,California
Sonoma,2021-03-09,5576,204540,3085,101460,2248,102476,243,604,2749,71288,2820,66768,2992,138056,California
Sonoma,2021-03-10,5999,210539,3206,104666,2465,104941,328,932,2428,70486,3557,70325,2755,140811,California
Sonoma,2021-03-11,7545,218084,3012,107678,3713,108654,820,1752,2571,68914,4964,75289,3392,144203,California
Sonoma,2021-03-12,7404,225488,2269,109947,3772,112426,1363,3115,2108,67104,5277,80566,3467,147670,California
Sonoma,2021-03-13,3407,228895,1690,111637,1481,113907,236,3351,1999,67931,1407,81973,2234,149904,California
Sonoma,2021-03-14,1384,230279,385,112022,858,114765,141,3492,847,68384,534,82507,987,150891,California
Sonoma,2021-03-15,5246,235525,1515,113537,3345,118110,386,3878,2197,67927,3038,85545,2581,153472,California
Sonoma,2021-03-16,6288,241813,2248,115785,3809,121919,231,4109,2904,67683,3377,88922,3133,156605,California
Sonoma,2021-03-17,6759,248572,3531,119316,3048,124967,180,4289,3282,67679,3465,92387,3461,160066,California
Sonoma,2021-03-18,7133,255705,2940,122256,3578,128545,615,4904,3181,67531,3941,96328,3793,163859,California
Sonoma,2021-03-19,7503,263208,3251,125507,4021,132566,231,5135,3201,66685,4283,100611,3437,167296,California
Sonoma,2021-03-20,3713,266921,1753,127260,1130,133696,830,5965,2035,67875,1670,102281,2860,170156,California
Sonoma,2021-03-21,1384,268305,603,127863,748,134444,33,5998,1212,68952,168,102449,1245,171401,California
Sonoma,2021-03-22,4549,272854,3110,130973,1336,135780,103,6101,3433,71378,1110,103559,3536,174937,California
Sonoma,2021-03-23,5837,278691,3634,134607,2128,137908,75,6176,4412,74450,1415,104974,4487,179424,California
Sonoma,2021-03-24,6798,285489,4276,138883,2455,140363,67,6243,4163,76064,2615,107589,4229,183653,California
Sonoma,2021-03-25,7115,292604,4200,143083,2805,143168,110,6353,4327,77739,2763,110352,4438,188091,California
Sonoma,2021-03-26,7451,300055,3466,146549,3891,147059,94,6447,3922,78245,3510,113862,4016,192107,California
Sonoma,2021-03-27,3862,303917,1509,148058,1991,149050,362,6809,1122,76998,2731,116593,1484,193591,California
Sonoma,2021-03-28,1511,305428,950,149008,534,149584,27,6836,944,77405,564,117157,971,194562,California
Sonoma,2021-03-29,2959,308387,1104,150112,1822,151406,33,6869,1666,77817,1287,118444,1699,196261,California
Sonoma,2021-03-30,5838,314225,3214,153326,2562,153968,62,6931,3045,78139,2786,121230,3108,199369,California
Sonoma,2021-03-31,5615,319840,3406,156732,1995,155963,214,7145,3242,79237,2360,123590,3458,202827,California
Sonoma,2021-04-01,6775,326615,4037,160769,2398,158361,340,7485,3627,80072,3124,126714,3959,206786,California
Sonoma,2021-04-02,5957,332572,3570,164339,2278,160639,109,7594,3576,81384,2373,129087,3685,210471,California
Sonoma,2021-04-03,3655,336227,1827,166166,1603,162242,225,7819,1611,81186,2032,131119,1834,212305,California
Sonoma,2021-04-04,1063,337290,692,166858,280,162522,91,7910,658,81534,401,131520,749,213054,California
Sonoma,2021-04-05,4404,341694,623,167481,3438,165960,343,8253,1657,80793,2740,134260,1999,215053,California
Sonoma,2021-04-06,6889,348583,3490,170971,2993,168953,406,8659,4003,82329,2872,137132,4408,219461,California
Sonoma,2021-04-07,6823,355406,3849,174820,2134,171087,840,9499,3324,83005,3490,140622,4166,223627,California
Sonoma,2021-04-08,7575,362981,4123,178943,2681,173768,771,10270,4150,84509,3416,144038,4920,228547,California
Sonoma,2021-04-09,6812,369793,3791,182734,2137,175905,884,11154,3509,85609,3290,147328,4390,232937,California
Sonoma,2021-04-10,3877,373670,1688,184422,1634,177539,555,11709,1130,84552,2738,150066,1681,234618,California
Sonoma,2021-04-11,1282,374952,605,185027,595,178134,82,11791,437,84227,844,150910,519,235137,California
Sonoma,2021-04-12,4930,379882,2050,187077,2398,180532,482,12273,1839,83461,3080,153990,2314,237451,California
Sonoma,2021-04-13,7806,387688,4622,191699,3182,183714,2,12275,2964,81596,4831,158821,2966,240417,California
Sonoma,2021-04-14,6549,394237,3728,195427,2801,186515,20,12295,2529,80137,4007,162828,2548,242965,California
Sonoma,2021-04-15,7222,401459,4096,199523,3126,189641,0,12295,3563,80054,3647,166475,3564,246529,California
Sonoma,2021-04-16,6784,408243,3409,202932,3373,193014,2,12297,3839,80957,2938,169413,3841,250370,California
Sonoma,2021-04-17,3191,411434,1554,204486,1637,194651,0,12297,1545,80869,1634,171047,1546,251916,California
Sonoma,2021-04-18,1290,412724,893,205379,397,195048,0,12297,453,80486,836,171883,453,252369,California
Sonoma,2021-04-19,3308,416032,1872,207251,1435,196483,1,12298,1447,80077,1857,173740,1448,253817,California
Sonoma,2021-04-20,6259,422291,3459,210710,2800,199283,0,12298,2346,78522,3902,177642,2347,256164,California
Sonoma,2021-04-21,6526,428817,4212,214922,2312,201595,2,12300,2965,77945,3543,181185,2966,259130,California
Sonoma,2021-04-22,6215,435032,4465,219387,1750,203345,0,12300,2507,76759,3693,184878,2507,261637,California
Sonoma,2021-04-23,7418,442450,4622,224009,2790,206135,6,12306,3626,76613,3779,188657,3633,265270,California
Sonoma,2021-04-24,2775,445225,1511,225520,1250,207385,14,12320,1546,76949,1224,189881,1560,266830,California
Sonoma,2021-04-25,1086,446311,788,226308,298,207683,0,12320,435,76736,648,190529,435,267265,California
Sonoma,2021-04-26,2777,449088,1293,227601,1456,209139,28,12348,1517,77028,1253,191782,1545,268810,California
Sonoma,2021-04-27,5320,454408,3634,231235,1587,210726,99,12447,2163,76145,3144,194926,2261,271071,California
Sonoma,2021-04-28,4867,459275,3199,234434,1473,212199,195,12642,2097,75678,2754,197680,2287,273358,California
Sonoma,2021-04-29,4820,464095,3434,237868,1241,213440,145,12787,1764,74540,3047,200727,1909,275267,California
Sonoma,2021-04-30,5437,469532,3621,241489,1523,214963,293,13080,1814,73036,3610,204337,2106,277373,California
Sonoma,2021-05-01,2478,472010,1779,243268,593,215556,106,13186,1234,73137,1236,205573,1337,278710,California
Sonoma,2021-05-02,864,472874,644,243912,169,215725,51,13237,553,73431,311,205884,605,279315,California
Sonoma,2021-05-03,3179,476053,1680,245592,1354,217079,145,13382,1054,72512,2116,208000,1197,280512,California
Sonoma,2021-05-04,4579,480632,2408,248000,1994,219073,177,13559,1475,71076,3084,211084,1648,282160,California
Sonoma,2021-05-05,3664,484296,2182,250182,1289,220362,193,13752,1308,70229,2346,213430,1499,283659,California
Sonoma,2021-05-06,4503,488799,2406,252588,1970,222332,127,13879,1344,68552,3146,216576,1469,285128,California
Sonoma,2021-05-07,3589,492388,2313,254901,1154,223486,122,14001,1084,67263,2495,219071,1206,286334,California
Sonoma,2021-05-08,1847,494235,1256,256157,499,223985,92,14093,752,67016,1091,220162,844,287178,California
Sonoma,2021-05-09,510,494745,294,256451,175,224160,41,14134,182,66914,325,220487,223,287401,California
Sonoma,2021-05-10,2297,497042,1034,257485,1129,225289,134,14268,281,65324,2002,222489,412,287813,California
Sonoma,2021-05-11,3503,500545,1896,259381,1492,226781,115,14383,955,63858,2536,225025,1070,288883,California
Sonoma,2021-05-12,3919,504464,2446,261827,1335,228116,138,14521,854,61795,3055,228080,992,289875,California
Sonoma,2021-05-13,4719,509183,2713,264540,1892,230008,114,14635,1565,60329,3143,231223,1677,291552,California
Sonoma,2021-05-14,5800,514983,3601,268141,2062,232070,137,14772,2221,59123,3565,234788,2359,293911,California
Sonoma,2021-05-15,2916,517899,2144,270285,710,232780,62,14834,1837,59950,1071,235859,1898,295809,California
Sonoma,2021-05-16,1034,518933,818,271103,157,232937,59,14893,699,60377,331,236190,758,296567,California
Sonoma,2021-05-17,2443,521376,1818,272921,531,233468,94,14987,962,59956,1476,237666,1055,297622,California
Sonoma,2021-05-18,4313,525689,2849,275770,1356,234824,108,15095,1519,58806,2776,240442,1626,299248,California
Sonoma,2021-05-19,3714,529403,2394,278164,1206,236030,114,15209,1553,58324,2149,242591,1667,300915,California
Sonoma,2021-05-20,3028,532431,2070,280234,866,236896,92,15301,1365,58122,1654,244245,1452,302367,California
Sonoma,2021-05-21,3770,536201,2129,282363,1513,238409,128,15429,1338,57163,2412,246657,1453,303820,California
Sonoma,2021-05-22,2026,538227,1084,283447,903,239312,39,15468,555,56298,1459,248116,594,304414,California
Sonoma,2021-05-23,1110,539337,961,284408,136,239448,13,15481,575,56357,529,248645,588,305002,California
Sonoma,2021-05-24,1904,541241,1200,285608,577,240025,127,15608,637,55884,1236,249881,763,305765,California
Sonoma,2021-05-25,2885,544126,1784,287392,1019,241044,82,15690,773,54638,2099,251980,853,306618,California
Sonoma,2021-05-26,2407,546533,1708,289100,606,241650,93,15783,990,54311,1406,253386,1079,307697,California
Sonoma,2021-05-27,1468,548001,843,289943,566,242216,59,15842,457,53819,1007,254393,515,308212,California
Stanislaus,2020-12-15,3,3,3,3,0,0,0,0,3,3,0,0,3,3,California
Stanislaus,2020-12-16,37,40,37,40,0,0,0,0,37,40,0,0,37,40,California
Stanislaus,2020-12-17,75,115,75,115,0,0,0,0,75,115,0,0,75,115,California
Stanislaus,2020-12-18,338,453,332,447,6,6,0,0,338,453,0,0,338,453,California
Stanislaus,2020-12-19,134,587,134,581,0,6,0,0,134,587,0,0,134,587,California
Stanislaus,2020-12-20,86,673,86,667,0,6,0,0,86,673,0,0,86,673,California
Stanislaus,2020-12-21,1000,1673,999,1666,1,7,0,0,999,1672,1,1,1000,1673,California
Stanislaus,2020-12-22,795,2468,783,2449,12,19,0,0,795,2467,0,1,795,2468,California
Stanislaus,2020-12-23,450,2918,432,2881,18,37,0,0,449,2916,1,2,450,2918,California
Stanislaus,2020-12-24,98,3016,89,2970,9,46,0,0,98,3014,0,2,98,3016,California
Stanislaus,2020-12-26,52,3068,9,2979,43,89,0,0,52,3066,0,2,52,3068,California
Stanislaus,2020-12-27,11,3079,6,2985,5,94,0,0,11,3077,0,2,11,3079,California
Stanislaus,2020-12-28,488,3567,395,3380,93,187,0,0,488,3565,0,2,488,3567,California
Stanislaus,2020-12-29,494,4061,415,3795,79,266,0,0,494,4059,0,2,494,4061,California
Stanislaus,2020-12-30,535,4596,280,4075,255,521,0,0,534,4592,1,3,534,4595,California
Stanislaus,2020-12-31,275,4871,156,4231,119,640,0,0,275,4867,0,3,275,4870,California
Stanislaus,2021-01-01,13,4884,5,4236,8,648,0,0,13,4880,0,3,13,4883,California
Stanislaus,2021-01-02,34,4918,26,4262,8,656,0,0,34,4914,0,3,34,4917,California
Stanislaus,2021-01-03,90,5008,87,4349,3,659,0,0,90,5004,0,3,90,5007,California
Stanislaus,2021-01-04,232,5240,152,4501,80,739,0,0,232,5236,0,3,232,5239,California
Stanislaus,2021-01-05,835,6075,344,4845,491,1230,0,0,810,6030,24,27,818,6057,California
Stanislaus,2021-01-06,1004,7079,600,5445,404,1634,0,0,931,6893,70,97,933,6990,California
Stanislaus,2021-01-07,1079,8158,703,6148,376,2010,0,0,888,7598,185,282,890,7880,California
Stanislaus,2021-01-08,1276,9434,720,6868,556,2566,0,0,932,8195,341,623,938,8818,California
Stanislaus,2021-01-09,288,9722,142,7010,146,2712,0,0,198,8303,90,713,198,9016,California
Stanislaus,2021-01-10,48,9770,22,7032,26,2738,0,0,29,8313,19,732,29,9045,California
Stanislaus,2021-01-11,1498,11268,1218,8250,280,3018,0,0,569,7977,923,1655,587,9632,California
Stanislaus,2021-01-12,1470,12738,864,9114,606,3624,0,0,830,8181,636,2291,840,10472,California
Stanislaus,2021-01-13,1447,14185,689,9803,758,4382,0,0,1123,8991,323,2614,1133,11605,California
Stanislaus,2021-01-14,2238,16423,283,10086,1955,6337,0,0,2067,10959,168,2782,2136,13741,California
Stanislaus,2021-01-15,2828,19251,1161,11247,1667,8004,0,0,2674,13564,150,2932,2755,16496,California
Stanislaus,2021-01-16,472,19723,50,11297,422,8426,0,0,455,14005,16,2948,457,16953,California
Stanislaus,2021-01-17,244,19967,202,11499,42,8468,0,0,237,14236,6,2954,237,17190,California
Stanislaus,2021-01-18,2187,22154,1022,12521,1165,9633,0,0,1798,15723,384,3338,1871,19061,California
Stanislaus,2021-01-19,1255,23409,724,13245,531,10164,0,0,806,16085,445,3783,807,19868,California
Stanislaus,2021-01-20,1012,24421,490,13735,522,10686,0,0,717,16508,294,4077,717,20585,California
Stanislaus,2021-01-21,3692,28113,2976,16711,716,11402,0,0,3367,19660,321,4398,3473,24058,California
Stanislaus,2021-01-22,1094,29207,308,17019,786,12188,0,0,1049,20671,41,4439,1052,25110,California
Stanislaus,2021-01-23,358,29565,44,17063,314,12502,0,0,299,20913,58,4497,300,25410,California
Stanislaus,2021-01-24,302,29867,100,17163,202,12704,0,0,236,21085,66,4563,238,25648,California
Stanislaus,2021-01-25,3158,33025,227,17390,2931,15635,0,0,2832,23775,290,4853,2980,28628,California
Stanislaus,2021-01-26,1728,34753,746,18136,982,16617,0,0,1300,24671,421,5274,1317,29945,California
Stanislaus,2021-01-27,1893,36646,1054,19190,839,17456,0,0,1188,25200,660,5934,1189,31134,California
Stanislaus,2021-01-28,2209,38855,1511,20701,698,18154,0,0,1719,26498,482,6416,1780,32914,California
Stanislaus,2021-01-29,2442,41297,1195,21896,1247,19401,0,0,1910,27971,486,6902,1959,34873,California
Stanislaus,2021-01-30,294,41591,133,22029,161,19562,0,0,230,28148,53,6955,230,35103,California
Stanislaus,2021-01-31,369,41960,315,22344,54,19616,0,0,354,28490,12,6967,354,35457,California
Stanislaus,2021-02-01,1297,43257,586,22930,711,20327,0,0,942,29088,345,7312,943,36400,California
Stanislaus,2021-02-02,1210,44467,348,23278,862,21189,0,0,776,29443,423,7735,778,37178,California
Stanislaus,2021-02-03,2611,47078,1229,24507,1382,22571,0,0,1914,30679,691,8426,1927,39105,California
Stanislaus,2021-02-04,2090,49168,709,25216,1381,23952,0,0,1581,31770,495,8921,1586,40691,California
Stanislaus,2021-02-05,2854,52022,1472,26688,1382,25334,0,0,1592,32173,1202,10123,1605,42296,California
Stanislaus,2021-02-06,886,52908,300,26988,586,25920,0,0,694,32679,190,10313,696,42992,California
Stanislaus,2021-02-07,233,53141,208,27196,25,25945,0,0,43,32536,187,10500,44,43036,California
Stanislaus,2021-02-08,2036,55177,1335,28531,701,26646,0,0,1101,32762,895,11395,1121,44157,California
Stanislaus,2021-02-09,1841,57018,784,29315,1057,27703,0,0,1045,33042,773,12168,1053,45210,California
Stanislaus,2021-02-10,1933,58951,533,29848,1400,29103,0,0,1011,33154,901,13069,1013,46223,California
Stanislaus,2021-02-11,5395,64346,3273,33121,2122,31225,0,0,1232,30436,3956,17025,1238,47461,California
Stanislaus,2021-02-12,3303,67649,916,34037,2387,33612,0,0,1452,30125,1771,18796,1460,48921,California
Stanislaus,2021-02-13,1352,69001,652,34689,700,34312,0,0,981,30744,366,19162,985,49906,California
Stanislaus,2021-02-14,421,69422,167,34856,254,34566,0,0,353,31031,66,19228,353,50259,California
Stanislaus,2021-02-15,1817,71239,230,35086,1587,36153,0,0,582,30496,1121,20349,586,50845,California
Stanislaus,2021-02-16,1362,72601,423,35509,939,37092,0,0,580,30307,771,21120,582,51427,California
Stanislaus,2021-02-17,2755,75356,1688,37197,1067,38159,0,0,1921,31410,829,21949,1932,53359,California
Stanislaus,2021-02-18,3359,78715,1900,39097,1459,39618,0,0,1779,31727,1494,23443,1811,55170,California
Stanislaus,2021-02-19,2763,81478,1068,40165,1695,41313,0,0,1516,32063,1204,24647,1540,56710,California
Stanislaus,2021-02-20,751,82229,382,40547,369,41682,0,0,474,32282,257,24904,476,57186,California
Stanislaus,2021-02-21,905,83134,691,41238,214,41896,0,0,544,32500,337,25241,555,57741,California
Stanislaus,2021-02-22,2347,85481,1696,42934,651,42547,0,0,1631,33437,696,25937,1633,59374,California
Stanislaus,2021-02-23,3743,89224,678,43612,3065,45612,0,0,1739,33340,1847,27784,1750,61124,California
Stanislaus,2021-02-24,4183,93407,2849,46461,1334,46946,0,0,3124,35427,1040,28824,3127,64251,California
Stanislaus,2021-02-25,3953,97360,2716,49177,1237,48183,0,0,3149,37794,785,29609,3152,67403,California
Stanislaus,2021-02-26,4206,101566,1219,50396,2987,51170,0,0,2839,39332,1311,30920,2849,70252,California
Stanislaus,2021-02-27,2090,103656,709,51105,1380,52550,1,1,1857,40986,205,31125,1859,72111,California
Stanislaus,2021-02-28,819,104475,262,51367,557,53107,0,1,769,41716,40,31165,770,72881,California
Stanislaus,2021-03-01,2774,107249,1631,52998,1141,54248,2,3,1630,42252,1106,32271,1642,74523,California
Stanislaus,2021-03-02,2397,109646,1426,54424,970,55218,1,4,1662,43194,723,32994,1665,76188,California
Stanislaus,2021-03-03,3713,113359,2229,56653,1480,56698,4,8,2907,45315,789,33783,2910,79098,California
Stanislaus,2021-03-04,5444,118803,3106,59759,2322,59020,16,24,4194,48302,1219,35002,4206,83304,California
Stanislaus,2021-03-05,4085,122888,1119,60878,2950,61970,16,40,3089,50439,967,35969,3104,86408,California
Stanislaus,2021-03-06,3577,126465,2229,63107,1255,63225,93,133,2723,52407,850,36819,2818,89226,California
Stanislaus,2021-03-07,852,127317,390,63497,426,63651,36,169,663,52923,183,37002,699,89925,California
Stanislaus,2021-03-08,1993,129310,862,64359,1042,64693,89,258,1332,53701,642,37644,1420,91345,California
Stanislaus,2021-03-09,2179,131489,903,65262,1184,65877,92,350,1637,54904,530,38174,1733,93078,California
Stanislaus,2021-03-10,5074,136563,2508,67770,2343,68220,223,573,3745,57575,1310,39484,3981,97059,California
Stanislaus,2021-03-11,5719,142282,3142,70912,2101,70321,476,1049,4125,60754,1426,40910,4605,101664,California
Stanislaus,2021-03-12,5769,148051,1231,72143,2616,72937,1922,2971,2913,62755,2831,43741,4832,106496,California
Stanislaus,2021-03-13,3383,151434,2182,74325,1131,74068,70,3041,2689,64834,686,44427,2765,109261,California
Stanislaus,2021-03-14,996,152430,595,74920,350,74418,51,3092,490,64875,503,44930,544,109805,California
Stanislaus,2021-03-15,3695,156125,1977,76897,1357,75775,361,3453,1606,64855,1993,46923,1973,111778,California
Stanislaus,2021-03-16,4927,161052,2455,79352,2060,77835,412,3865,3548,67456,1358,48281,3959,115737,California
Stanislaus,2021-03-17,4720,165772,2855,82207,1687,79522,178,4043,2884,68716,1808,50089,3068,118805,California
Stanislaus,2021-03-18,5426,171198,3425,85632,1935,81457,66,4109,2932,69378,2341,52430,3003,121808,California
Stanislaus,2021-03-19,5919,177117,1532,87164,2863,84320,1524,5633,3098,71215,2782,55212,4619,126427,California
Stanislaus,2021-03-20,3840,180957,3006,90170,766,85086,68,5701,3364,74180,468,55680,3433,129860,California
Stanislaus,2021-03-21,1003,181960,902,91072,36,85122,65,5766,761,74767,239,55919,826,130686,California
Stanislaus,2021-03-22,2814,184774,1323,92395,766,85888,725,6491,1240,75185,1549,57468,1967,132653,California
Stanislaus,2021-03-23,3947,188721,2020,94415,1667,87555,260,6751,2805,77144,1126,58594,3085,135738,California
Stanislaus,2021-03-24,4555,193276,3223,97638,1264,88819,68,6819,2639,77985,1869,60463,2710,138448,California
Stanislaus,2021-03-25,4251,197527,2922,100560,1312,90131,17,6836,1817,77464,2356,62819,1835,140283,California
Stanislaus,2021-03-26,4752,202279,1336,101896,3341,93472,75,6911,2380,77593,2339,65158,2468,142751,California
Stanislaus,2021-03-27,4413,206692,2742,104638,1589,95061,82,6993,1392,76071,3004,68162,1482,144233,California
Stanislaus,2021-03-28,1106,207798,442,105080,557,95618,107,7100,322,75734,772,68934,435,144668,California
Stanislaus,2021-03-29,2981,210779,1829,106909,1113,96731,39,7139,1986,76780,985,69919,2031,146699,California
Stanislaus,2021-03-30,3681,214460,2067,108976,1587,98318,27,7166,2237,77615,1435,71354,2270,148969,California
Stanislaus,2021-03-31,5423,219883,3850,112826,1455,99773,118,7284,2772,77877,2632,73986,2894,151863,California
Stanislaus,2021-04-01,5740,225623,3836,116662,1813,101586,91,7375,2629,77515,3093,77079,2731,154594,California
Stanislaus,2021-04-02,5003,230626,1211,117873,3638,105224,154,7529,2231,77227,2684,79763,2396,156990,California
Stanislaus,2021-04-03,4546,235172,3303,121176,1206,106430,37,7566,2242,77224,2294,82057,2291,159281,California
Stanislaus,2021-04-04,1319,236491,471,121647,818,107248,30,7596,651,77247,662,82719,685,159966,California
Stanislaus,2021-04-05,3638,240129,2532,124179,856,108104,250,7846,2356,78585,1272,83991,2610,162576,California
Stanislaus,2021-04-06,5748,245877,4168,128347,1304,109408,276,8122,3072,79276,2663,86654,3354,165930,California
Stanislaus,2021-04-07,6349,252226,3600,131947,2327,111735,422,8544,2829,79029,3504,90158,3257,169187,California
Stanislaus,2021-04-08,5674,257900,3320,135267,1923,113658,431,8975,2769,79350,2883,93041,3204,172391,California
Stanislaus,2021-04-09,4819,262719,2107,137374,2341,115999,371,9346,2185,79308,2611,95652,2569,174960,California
Stanislaus,2021-04-10,6481,269200,3983,141357,859,116858,1639,10985,1998,78480,4458,100110,3630,178590,California
Stanislaus,2021-04-11,1523,270723,850,142207,540,117398,133,11118,668,78429,853,100963,802,179392,California
Stanislaus,2021-04-12,3593,274316,2045,144252,1102,118500,446,11564,1870,79049,1704,102667,2324,181716,California
Stanislaus,2021-04-13,5193,279509,3418,147670,1762,120262,13,11577,2919,79739,2235,104902,2925,184641,California
Stanislaus,2021-04-14,4652,284161,3253,150923,1398,121660,1,11578,2257,79638,2363,107265,2262,186903,California
Stanislaus,2021-04-15,5386,289547,3314,154237,2070,123730,2,11580,3238,80769,2110,109375,3241,190144,California
Stanislaus,2021-04-16,4308,293855,995,155232,3312,127042,1,11581,1827,80160,2439,111814,1830,191974,California
Stanislaus,2021-04-17,3156,297011,2120,157352,1036,128078,0,11581,1837,80692,1308,113122,1840,193814,California
Stanislaus,2021-04-18,535,297546,221,157573,314,128392,0,11581,410,80986,118,113240,412,194226,California
Stanislaus,2021-04-19,3454,301000,2449,160022,1004,129396,1,11582,1637,80845,1786,115026,1645,195871,California
Stanislaus,2021-04-20,3977,304977,2417,162439,1560,130956,0,11582,1734,80367,2214,117240,1736,197607,California
Stanislaus,2021-04-21,3826,308803,2558,164997,1267,132223,1,11583,1600,79786,2188,119428,1607,199214,California
Stanislaus,2021-04-22,3944,312747,2401,167398,1543,133766,0,11583,1569,79029,2331,121759,1574,200788,California
Stanislaus,2021-04-23,3591,316338,843,168241,2747,136513,1,11584,1462,78461,2038,123797,1470,202258,California
Stanislaus,2021-04-24,3783,320121,2928,171169,855,137368,0,11584,1789,78278,1977,125774,1794,204052,California
Stanislaus,2021-04-25,934,321055,478,171647,456,137824,0,11584,685,78723,244,126018,689,204741,California
Stanislaus,2021-04-26,3251,324306,2288,173935,957,138781,6,11590,964,77429,2268,128286,974,205715,California
Stanislaus,2021-04-27,3951,328257,2754,176689,1155,139936,42,11632,1119,75783,2808,131094,1162,206877,California
Stanislaus,2021-04-28,4237,332494,3009,179698,1166,141102,62,11694,1820,75275,2398,133492,1890,208767,California
Stanislaus,2021-04-29,3601,336095,2249,181947,1304,142406,48,11742,1419,74585,2166,135658,1476,210243,California
Stanislaus,2021-04-30,4491,340586,2046,183993,2361,144767,84,11826,1774,73746,2705,138363,1866,212109,California
Stanislaus,2021-05-01,2702,343288,1922,185915,740,145507,40,11866,1010,73120,1684,140047,1058,213167,California
Stanislaus,2021-05-02,1078,344366,618,186533,424,145931,36,11902,524,73138,548,140595,566,213733,California
Stanislaus,2021-05-03,2407,346773,1922,188455,415,146346,70,11972,907,72632,1486,142081,980,214713,California
Stanislaus,2021-05-04,3460,350233,2466,190921,906,147252,88,12060,1065,71407,2384,144465,1159,215872,California
Stanislaus,2021-05-05,3172,353405,2126,193047,972,148224,74,12134,1077,70488,2074,146539,1155,217027,California
Stanislaus,2021-05-06,3091,356496,2297,195344,688,148912,106,12240,1013,69553,2061,148600,1126,218153,California
Stanislaus,2021-05-07,2284,358780,886,196230,1255,150167,143,12383,939,69299,1338,149938,1084,219237,California
Stanislaus,2021-05-08,1959,360739,1339,197569,587,150754,33,12416,711,68817,1233,151171,751,219988,California
Stanislaus,2021-05-09,706,361445,337,197906,343,151097,26,12442,305,68748,400,151571,331,220319,California
Stanislaus,2021-05-10,1657,363102,1135,199041,444,151541,78,12520,447,68075,1199,152770,526,220845,California
Stanislaus,2021-05-11,2331,365433,1471,200512,704,152245,156,12676,658,67230,1663,154433,818,221663,California
Stanislaus,2021-05-12,2138,367571,1215,201727,823,153068,100,12776,822,66851,1303,155736,924,222587,California
Stanislaus,2021-05-13,1849,369420,1024,202751,710,153778,115,12891,841,66805,1003,156739,957,223544,California
Stanislaus,2021-05-14,2585,372005,1149,203900,1303,155081,133,13024,1190,66749,1380,158119,1324,224868,California
Stanislaus,2021-05-15,2477,374482,1773,205673,654,155735,50,13074,1203,66745,1265,159384,1261,226129,California
Stanislaus,2021-05-16,1015,375497,661,206334,346,156081,8,13082,553,66854,456,159840,565,226694,California
Stanislaus,2021-05-17,1924,377421,1291,207625,552,156633,81,13163,975,66970,943,160783,1059,227753,California
Stanislaus,2021-05-18,2197,379618,1501,209126,582,157215,114,13277,1182,67262,1003,161786,1295,229048,California
Stanislaus,2021-05-19,3016,382634,2065,211191,801,158016,150,13427,1350,67109,1657,163443,1504,230552,California
Stanislaus,2021-05-20,1832,384466,962,212153,771,158787,99,13526,760,66906,1066,164509,863,231415,California
Stanislaus,2021-05-21,2061,386527,965,213118,1004,159791,92,13618,848,66646,1201,165710,941,232356,California
Stanislaus,2021-05-22,1666,388193,1002,214120,597,160388,67,13685,741,66535,918,166628,807,233163,California
Stanislaus,2021-05-23,862,389055,560,214680,290,160678,12,13697,402,66492,457,167085,414,233577,California
Stanislaus,2021-05-24,1551,390606,1063,215743,412,161090,76,13773,600,66229,948,168033,685,234262,California
Stanislaus,2021-05-25,1672,392278,1151,216894,433,161523,88,13861,822,66291,848,168881,910,235172,California
Stanislaus,2021-05-26,1812,394090,1164,218058,603,162126,45,13906,872,66277,931,169812,917,236089,California
Stanislaus,2021-05-27,1000,395090,497,218555,444,162570,59,13965,239,65821,754,170566,298,236387,California
Sutter,2020-12-15,1,1,1,1,0,0,0,0,1,1,0,0,1,1,California
Sutter,2020-12-16,4,5,4,5,0,0,0,0,4,5,0,0,4,5,California
Sutter,2020-12-17,2,7,2,7,0,0,0,0,2,7,0,0,2,7,California
Sutter,2020-12-18,20,27,20,27,0,0,0,0,20,27,0,0,20,27,California
Sutter,2020-12-19,44,71,44,71,0,0,0,0,44,71,0,0,44,71,California
Sutter,2020-12-20,42,113,42,113,0,0,0,0,42,113,0,0,42,113,California
Sutter,2020-12-21,100,213,100,213,0,0,0,0,100,213,0,0,100,213,California
Sutter,2020-12-22,172,385,172,385,0,0,0,0,172,385,0,0,172,385,California
Sutter,2020-12-23,116,501,111,496,5,5,0,0,116,501,0,0,116,501,California
Sutter,2020-12-24,17,518,11,507,6,11,0,0,17,518,0,0,17,518,California
Sutter,2020-12-26,38,556,34,541,4,15,0,0,38,556,0,0,38,556,California
Sutter,2020-12-27,24,580,23,564,1,16,0,0,24,580,0,0,24,580,California
Sutter,2020-12-28,83,663,55,619,28,44,0,0,83,663,0,0,83,663,California
Sutter,2020-12-29,101,764,14,633,87,131,0,0,101,764,0,0,101,764,California
Sutter,2020-12-30,137,901,34,667,103,234,0,0,137,901,0,0,137,901,California
Sutter,2020-12-31,70,971,6,673,64,298,0,0,70,971,0,0,70,971,California
Sutter,2021-01-01,3,974,3,676,0,298,0,0,3,974,0,0,3,974,California
Sutter,2021-01-02,131,1105,129,805,2,300,0,0,131,1105,0,0,131,1105,California
Sutter,2021-01-03,1,1106,0,805,1,301,0,0,1,1106,0,0,1,1106,California
Sutter,2021-01-04,247,1353,139,944,108,409,0,0,247,1353,0,0,247,1353,California
Sutter,2021-01-05,101,1454,57,1001,44,453,0,0,99,1450,2,2,99,1452,California
Sutter,2021-01-06,204,1658,50,1051,154,607,0,0,199,1644,5,7,199,1651,California
Sutter,2021-01-07,251,1909,151,1202,100,707,0,0,242,1878,8,15,242,1893,California
Sutter,2021-01-08,149,2058,40,1242,109,816,0,0,132,1993,17,32,132,2025,California
Sutter,2021-01-09,46,2104,43,1285,3,819,0,0,5,1957,41,73,5,2030,California
Sutter,2021-01-10,397,2501,37,1322,360,1179,0,0,359,2279,37,110,359,2389,California
Sutter,2021-01-11,132,2633,114,1436,18,1197,0,0,26,2199,106,216,26,2415,California
Sutter,2021-01-12,201,2834,164,1600,37,1234,0,0,58,2114,143,359,58,2473,California
Sutter,2021-01-13,162,2996,99,1699,63,1297,0,0,72,2097,89,448,72,2545,California
Sutter,2021-01-14,147,3143,51,1750,96,1393,0,0,128,2206,19,467,128,2673,California
Sutter,2021-01-15,438,3581,133,1883,305,1698,0,0,423,2614,15,482,423,3096,California
Sutter,2021-01-16,384,3965,41,1924,343,2041,0,0,353,2937,30,512,353,3449,California
Sutter,2021-01-17,26,3991,24,1948,2,2043,0,0,10,2931,16,528,10,3459,California
Sutter,2021-01-18,118,4109,63,2011,55,2098,0,0,70,2953,48,576,70,3529,California
Sutter,2021-01-19,103,4212,42,2053,61,2159,0,0,79,3008,24,600,79,3608,California
Sutter,2021-01-20,270,4482,206,2259,64,2223,0,0,250,3238,20,620,250,3858,California
Sutter,2021-01-21,486,4968,317,2576,169,2392,0,0,467,3686,19,639,467,4325,California
Sutter,2021-01-22,239,5207,52,2628,187,2579,0,0,230,3907,9,648,230,4555,California
Sutter,2021-01-23,396,5603,39,2667,357,2936,0,0,370,4251,26,674,370,4925,California
Sutter,2021-01-24,17,5620,14,2681,3,2939,0,0,15,4264,2,676,15,4940,California
Sutter,2021-01-25,306,5926,196,2877,110,3049,0,0,151,4261,154,830,151,5091,California
Sutter,2021-01-26,248,6174,108,2985,140,3189,0,0,144,4302,103,933,144,5235,California
Sutter,2021-01-27,386,6560,255,3240,131,3320,0,0,320,4556,66,999,320,5555,California
Sutter,2021-01-28,584,7144,361,3601,223,3543,0,0,409,4791,174,1173,409,5964,California
Sutter,2021-01-29,360,7504,86,3687,274,3817,0,0,240,4911,120,1293,240,6204,California
Sutter,2021-01-30,775,8279,38,3725,737,4554,0,0,764,5664,11,1304,764,6968,California
Sutter,2021-01-31,28,8307,27,3752,1,4555,0,0,28,5692,0,1304,28,6996,California
Sutter,2021-02-01,166,8473,50,3802,116,4671,0,0,135,5796,31,1335,135,7131,California
Sutter,2021-02-02,243,8716,26,3828,217,4888,0,0,211,5975,32,1367,211,7342,California
Sutter,2021-02-03,444,9160,39,3867,405,5293,0,0,210,5951,234,1601,210,7552,California
Sutter,2021-02-04,669,9829,365,4232,304,5597,0,0,619,6520,50,1651,619,8171,California
Sutter,2021-02-05,287,10116,32,4264,255,5852,0,0,136,6505,151,1802,136,8307,California
Sutter,2021-02-06,736,10852,29,4293,707,6559,0,0,714,7197,22,1824,714,9021,California
Sutter,2021-02-07,23,10875,20,4313,3,6562,0,0,19,7212,4,1828,19,9040,California
Sutter,2021-02-08,134,11009,29,4342,105,6667,0,0,98,7274,36,1864,98,9138,California
Sutter,2021-02-09,246,11255,45,4387,201,6868,0,0,184,7396,62,1926,184,9322,California
Sutter,2021-02-10,819,12074,380,4767,439,7307,0,0,177,6932,641,2567,177,9499,California
Sutter,2021-02-11,603,12677,275,5042,328,7635,0,0,345,7019,258,2825,345,9844,California
Sutter,2021-02-12,633,13310,67,5109,566,8201,0,0,310,7007,322,3147,310,10154,California
Sutter,2021-02-13,897,14207,48,5157,849,9050,0,0,781,7672,116,3263,781,10935,California
Sutter,2021-02-14,90,14297,25,5182,65,9115,0,0,79,7740,11,3274,79,11014,California
Sutter,2021-02-15,197,14494,72,5254,125,9240,0,0,118,7779,79,3353,118,11132,California
Sutter,2021-02-16,288,14782,45,5299,243,9483,0,0,204,7900,83,3436,204,11336,California
Sutter,2021-02-17,823,15605,428,5727,395,9878,0,0,129,7335,694,4130,129,11465,California
Sutter,2021-02-18,701,16306,55,5782,646,10524,0,0,489,7613,211,4341,489,11954,California
Sutter,2021-02-19,662,16968,377,6159,285,10809,0,0,460,7873,200,4541,460,12414,California
Sutter,2021-02-20,620,17588,55,6214,565,11374,0,0,517,8288,102,4643,517,12931,California
Sutter,2021-02-21,30,17618,27,6241,3,11377,0,0,7,8272,23,4666,7,12938,California
Sutter,2021-02-22,207,17825,122,6363,85,11462,0,0,87,8239,120,4786,87,13025,California
Sutter,2021-02-23,223,18048,33,6396,190,11652,0,0,97,8210,126,4912,97,13122,California
Sutter,2021-02-24,965,19013,349,6745,616,12268,0,0,194,7634,770,5682,194,13316,California
Sutter,2021-02-25,785,19798,498,7243,287,12555,0,0,604,8060,178,5860,604,13920,California
Sutter,2021-02-26,372,20170,60,7303,312,12867,0,0,154,7998,216,6076,154,14074,California
Sutter,2021-02-27,865,21035,45,7348,820,13687,0,0,710,8551,157,6233,710,14784,California
Sutter,2021-02-28,84,21119,38,7386,46,13733,0,0,64,8596,19,6252,64,14848,California
Sutter,2021-03-01,247,21366,61,7447,186,13919,0,0,150,8649,97,6349,150,14998,California
Sutter,2021-03-02,334,21700,57,7504,277,14196,0,0,160,8636,173,6522,160,15158,California
Sutter,2021-03-03,1385,23085,514,8018,871,15067,0,0,646,8549,733,7255,646,15804,California
Sutter,2021-03-04,1256,24341,867,8885,389,15456,0,0,948,9193,304,7559,948,16752,California
Sutter,2021-03-05,338,24679,79,8964,258,15714,1,1,206,9268,132,7691,207,16959,California
Sutter,2021-03-06,1022,25701,46,9010,971,16685,5,6,860,9971,162,7853,865,17824,California
Sutter,2021-03-07,64,25765,23,9033,40,16725,1,7,44,9996,20,7873,45,17869,California
Sutter,2021-03-08,226,25991,79,9112,135,16860,12,19,157,10096,69,7942,169,18038,California
Sutter,2021-03-09,386,26377,138,9250,235,17095,13,32,184,10091,202,8144,197,18235,California
Sutter,2021-03-10,1569,27946,681,9931,827,17922,61,93,525,9636,1041,9185,586,18821,California
Sutter,2021-03-11,894,28840,441,10372,434,18356,19,112,648,10060,243,9428,667,19488,California
Sutter,2021-03-12,673,29513,110,10482,381,18737,182,294,199,9968,471,9899,379,19867,California
Sutter,2021-03-13,985,30498,749,11231,218,18955,18,312,781,10564,202,10101,798,20665,California
Sutter,2021-03-14,130,30628,22,11253,97,19052,11,323,44,10533,86,10187,55,20720,California
Sutter,2021-03-15,320,30948,66,11319,205,19257,49,372,153,10570,165,10352,202,20922,California
Sutter,2021-03-16,392,31340,86,11405,259,19516,47,419,213,10650,179,10531,259,21181,California
Sutter,2021-03-17,1497,32837,563,11968,914,20430,20,439,313,9807,1175,11706,332,21513,California
Sutter,2021-03-18,973,33810,182,12150,589,21019,202,641,571,10179,400,12106,772,22285,California
Sutter,2021-03-19,463,34273,165,12315,269,21288,29,670,284,10315,177,12283,313,22598,California
Sutter,2021-03-20,949,35222,116,12431,822,22110,11,681,860,11097,89,12372,871,23469,California
Sutter,2021-03-21,67,35289,47,12478,17,22127,3,684,37,11107,30,12402,40,23509,California
Sutter,2021-03-22,288,35577,120,12598,142,22269,26,710,213,11272,74,12476,239,23748,California
Sutter,2021-03-23,377,35954,115,12713,230,22499,32,742,256,11438,121,12597,287,24035,California
Sutter,2021-03-24,1685,37639,772,13485,843,23342,70,812,314,10465,1357,13954,384,24419,California
Sutter,2021-03-25,1042,38681,680,14165,319,23661,43,855,370,10209,669,14623,413,24832,California
Sutter,2021-03-26,490,39171,174,14339,299,23960,17,872,296,10331,191,14814,313,25145,California
Sutter,2021-03-27,928,40099,63,14402,863,24823,2,874,821,11050,104,14918,823,25968,California
Sutter,2021-03-28,125,40224,71,14473,54,24877,0,874,77,11081,46,14964,77,26045,California
Sutter,2021-03-29,428,40652,145,14618,228,25105,55,929,226,11162,200,15164,281,26326,California
Sutter,2021-03-30,479,41131,160,14778,309,25414,10,939,317,11327,162,15326,327,26653,California
Sutter,2021-03-31,1249,42380,177,14955,1056,26470,16,955,447,10998,791,16117,462,27115,California
Sutter,2021-04-01,1382,43762,737,15692,458,26928,187,1142,426,10663,949,17066,614,27729,California
Sutter,2021-04-02,511,44273,99,15791,294,27222,118,1260,201,10670,308,17374,315,28044,California
Sutter,2021-04-03,910,45183,77,15868,210,27432,623,1883,121,10627,787,18161,744,28788,California
Sutter,2021-04-04,118,45301,22,15890,90,27522,6,1889,55,10625,63,18224,61,28849,California
Sutter,2021-04-05,369,45670,146,16036,187,27709,36,1925,178,10651,188,18412,214,29063,California
Sutter,2021-04-06,510,46180,198,16234,256,27965,56,1981,273,10745,236,18648,330,29393,California
Sutter,2021-04-07,1481,47661,881,17115,525,28490,75,2056,614,10578,860,19508,693,30086,California
Sutter,2021-04-08,1050,48711,582,17697,355,28845,113,2169,576,10798,470,19978,690,30776,California
Sutter,2021-04-09,566,49277,249,17946,252,29097,65,2234,237,10775,327,20305,304,31080,California
Sutter,2021-04-10,825,50102,108,18054,88,29185,629,2863,108,10790,714,21019,729,31809,California
Sutter,2021-04-11,112,50214,28,18082,40,29225,44,2907,33,10787,79,21098,76,31885,California
Sutter,2021-04-12,336,50550,91,18173,191,29416,54,2961,134,10773,202,21300,188,32073,California
Sutter,2021-04-13,429,50979,127,18300,302,29718,0,2961,211,10768,216,21516,211,32284,California
Sutter,2021-04-14,1291,52270,160,18460,1130,30848,1,2962,213,9910,1072,22588,214,32498,California
Sutter,2021-04-15,535,52805,174,18634,361,31209,0,2962,213,9803,320,22908,213,32711,California
Sutter,2021-04-16,394,53199,125,18759,269,31478,0,2962,181,9772,212,23120,181,32892,California
Sutter,2021-04-17,578,53777,84,18843,494,31972,0,2962,507,10209,70,23190,507,33399,California
Sutter,2021-04-18,70,53847,11,18854,59,32031,0,2962,43,10226,26,23216,43,33442,California
Sutter,2021-04-19,289,54136,111,18965,178,32209,0,2962,119,10177,168,23384,119,33561,California
Sutter,2021-04-20,413,54549,134,19099,279,32488,0,2962,200,10165,212,23596,200,33761,California
Sutter,2021-04-21,1233,55782,420,19519,813,33301,0,2962,477,9895,747,24343,477,34238,California
Sutter,2021-04-22,483,56265,165,19684,318,33619,0,2962,250,9914,231,24574,250,34488,California
Sutter,2021-04-23,399,56664,115,19799,284,33903,0,2962,187,9890,211,24785,187,34675,California
Sutter,2021-04-24,326,56990,105,19904,220,34123,1,2963,185,9935,140,24925,185,34860,California
Sutter,2021-04-25,157,57147,75,19979,82,34205,0,2963,86,9952,69,24994,86,34946,California
Sutter,2021-04-26,287,57434,87,20066,198,34403,2,2965,121,9911,164,25158,123,35069,California
Sutter,2021-04-27,527,57961,266,20332,257,34660,4,2969,242,9875,282,25440,246,35315,California
Sutter,2021-04-28,818,58779,342,20674,468,35128,8,2977,260,9590,553,25993,268,35583,California
Sutter,2021-04-29,773,59552,135,20809,637,35765,1,2978,309,9439,461,26454,310,35893,California
Sutter,2021-04-30,358,59910,109,20918,236,36001,13,2991,146,9388,209,26663,158,36051,California
Sutter,2021-05-01,295,60205,106,21024,148,36149,41,3032,125,9387,167,26830,166,36217,California
Sutter,2021-05-02,80,60285,52,21076,26,36175,2,3034,46,9401,34,26864,48,36265,California
Sutter,2021-05-03,169,60454,107,21183,53,36228,9,3043,69,9379,100,26964,78,36343,California
Sutter,2021-05-04,518,60972,236,21419,218,36446,64,3107,218,9363,297,27261,281,36624,California
Sutter,2021-05-05,535,61507,142,21561,385,36831,8,3115,158,9159,370,27631,166,36790,California
Sutter,2021-05-06,426,61933,231,21792,175,37006,20,3135,192,9137,234,27865,212,37002,California
Sutter,2021-05-07,407,62340,146,21938,239,37245,22,3157,153,9060,252,28117,175,37177,California
Sutter,2021-05-08,196,62536,49,21987,141,37386,6,3163,106,9082,90,28207,112,37289,California
Sutter,2021-05-09,81,62617,52,22039,24,37410,5,3168,56,9118,25,28232,61,37350,California
Sutter,2021-05-10,188,62805,42,22081,129,37539,17,3185,47,9043,139,28371,64,37414,California
Sutter,2021-05-11,433,63238,212,22293,203,37742,18,3203,180,8990,250,28621,197,37611,California
Sutter,2021-05-12,397,63635,211,22504,177,37919,9,3212,134,8874,259,28880,143,37754,California
Sutter,2021-05-13,442,64077,228,22732,192,38111,22,3234,170,8797,269,29149,192,37946,California
Sutter,2021-05-14,435,64512,184,22916,235,38346,16,3250,214,8811,216,29365,230,38176,California
Sutter,2021-05-15,838,65350,308,23224,499,38845,31,3281,305,8615,532,29897,336,38512,California
Sutter,2021-05-16,137,65487,82,23306,47,38892,8,3289,75,8637,61,29958,83,38595,California
Sutter,2021-05-17,289,65776,114,23420,161,39053,14,3303,154,8671,134,30092,168,38763,California
Sutter,2021-05-18,537,66313,311,23731,222,39275,4,3307,294,8729,240,30332,298,39061,California
Sutter,2021-05-19,463,66776,265,23996,191,39466,7,3314,246,8768,214,30546,253,39314,California
Sutter,2021-05-20,404,67180,219,24215,173,39639,12,3326,201,8780,201,30747,213,39527,California
Sutter,2021-05-21,451,67631,211,24426,228,39867,12,3338,220,8782,229,30976,231,39758,California
Sutter,2021-05-22,308,67939,175,24601,130,39997,3,3341,151,8781,154,31130,153,39911,California
Sutter,2021-05-23,154,68093,73,24674,74,40071,7,3348,77,8794,71,31201,84,39995,California
Sutter,2021-05-24,233,68326,89,24763,123,40194,21,3369,103,8792,126,31327,124,40119,California
Sutter,2021-05-25,402,68728,195,24958,192,40386,15,3384,171,8752,226,31553,186,40305,California
Sutter,2021-05-26,337,69065,172,25130,154,40540,11,3395,133,8697,199,31752,144,40449,California
Sutter,2021-05-27,308,69373,30,25160,260,40800,18,3413,56,8522,249,32001,74,40523,California
Tehama,2020-12-15,1,1,1,1,0,0,0,0,1,1,0,0,1,1,California
Tehama,2020-12-16,2,3,2,3,0,0,0,0,2,3,0,0,2,3,California
Tehama,2020-12-17,12,15,12,15,0,0,0,0,12,15,0,0,12,15,California
Tehama,2020-12-18,2,17,2,17,0,0,0,0,3,18,0,0,3,18,California
Tehama,2020-12-21,33,50,33,50,0,0,0,0,33,51,0,0,33,51,California
Tehama,2020-12-22,68,118,62,112,6,6,0,0,68,119,0,0,68,119,California
Tehama,2020-12-23,49,167,41,153,8,14,0,0,49,168,0,0,49,168,California
Tehama,2020-12-24,5,172,3,156,2,16,0,0,5,173,0,0,5,173,California
Tehama,2020-12-26,3,175,2,158,1,17,0,0,3,176,0,0,3,176,California
Tehama,2020-12-27,2,177,2,160,0,17,0,0,2,178,0,0,2,178,California
Tehama,2020-12-28,56,233,43,203,13,30,0,0,56,234,0,0,56,234,California
Tehama,2020-12-29,31,264,31,234,0,30,0,0,31,265,0,0,31,265,California
Tehama,2020-12-30,54,318,38,272,16,46,0,0,53,318,0,0,53,318,California
Tehama,2020-12-31,14,332,4,276,10,56,0,0,14,332,0,0,14,332,California
Tehama,2021-01-01,2,334,0,276,2,58,0,0,2,334,0,0,2,334,California
Tehama,2021-01-04,32,366,9,285,23,81,0,0,32,366,0,0,32,366,California
Tehama,2021-01-05,70,436,43,328,27,108,0,0,67,430,3,3,67,433,California
Tehama,2021-01-06,71,507,21,349,50,158,0,0,62,484,8,11,62,495,California
Tehama,2021-01-07,57,564,7,356,50,208,0,0,56,539,1,12,56,551,California
Tehama,2021-01-08,33,597,24,380,9,217,0,0,28,562,5,17,28,579,California
Tehama,2021-01-09,7,604,5,385,2,219,0,0,5,565,2,19,5,584,California
Tehama,2021-01-10,1,605,0,385,1,220,0,0,1,566,0,19,1,585,California
Tehama,2021-01-11,48,653,46,431,2,222,0,0,15,548,33,52,15,600,California
Tehama,2021-01-12,131,784,111,542,20,242,0,0,86,589,45,97,86,686,California
Tehama,2021-01-13,73,857,55,597,18,260,0,0,27,570,46,143,27,713,California
Tehama,2021-01-14,224,1081,50,647,174,434,0,0,222,790,2,145,222,935,California
Tehama,2021-01-15,249,1330,74,721,175,609,0,0,245,1031,4,149,245,1180,California
Tehama,2021-01-16,263,1593,19,740,244,853,0,0,260,1288,3,152,260,1440,California
Tehama,2021-01-17,6,1599,2,742,4,857,0,0,4,1290,2,154,4,1444,California
Tehama,2021-01-18,10,1609,6,748,4,861,0,0,5,1290,5,159,5,1449,California
Tehama,2021-01-19,291,1900,65,813,226,1087,0,0,236,1471,55,214,236,1685,California
Tehama,2021-01-20,301,2201,87,900,214,1301,0,0,251,1673,49,263,251,1936,California
Tehama,2021-01-21,215,2416,11,911,204,1505,0,0,205,1868,10,273,205,2141,California
Tehama,2021-01-22,223,2639,21,932,202,1707,0,0,220,2085,3,276,220,2361,California
Tehama,2021-01-23,258,2897,7,939,251,1958,0,0,257,2341,1,277,257,2618,California
Tehama,2021-01-24,1,2898,1,940,0,1958,0,0,1,2342,0,277,1,2619,California
Tehama,2021-01-25,32,2930,14,954,18,1976,0,0,14,2338,18,295,14,2633,California
Tehama,2021-01-26,324,3254,42,996,282,2258,0,0,287,2588,37,332,287,2920,California
Tehama,2021-01-27,299,3553,21,1017,278,2536,0,0,279,2847,20,352,279,3199,California
Tehama,2021-01-28,339,3892,29,1046,310,2846,0,0,324,3156,15,367,324,3523,California
Tehama,2021-01-29,321,4213,19,1065,302,3148,0,0,304,3443,17,384,304,3827,California
Tehama,2021-01-30,103,4316,2,1067,101,3249,0,0,102,3544,1,385,102,3929,California
Tehama,2021-01-31,1,4317,0,1067,1,3250,0,0,1,3545,0,385,1,3930,California
Tehama,2021-02-01,78,4395,22,1089,56,3306,0,0,36,3539,42,427,36,3966,California
Tehama,2021-02-02,350,4745,63,1152,287,3593,0,0,253,3695,97,524,253,4219,California
Tehama,2021-02-03,389,5134,12,1164,377,3970,0,0,345,3996,44,568,345,4564,California
Tehama,2021-02-04,485,5619,99,1263,386,4356,0,0,404,4320,81,649,405,4969,California
Tehama,2021-02-05,177,5796,73,1336,104,4460,0,0,115,4373,62,711,115,5084,California
Tehama,2021-02-06,28,5824,13,1349,15,4475,0,0,16,4377,12,723,16,5100,California
Tehama,2021-02-07,5,5829,4,1353,1,4476,0,0,2,4376,3,726,2,5102,California
Tehama,2021-02-08,36,5865,14,1367,22,4498,0,0,27,4394,9,735,27,5129,California
Tehama,2021-02-09,78,5943,34,1401,44,4542,0,0,44,4404,34,769,44,5173,California
Tehama,2021-02-10,233,6176,62,1463,171,4713,0,0,157,4485,76,845,157,5330,California
Tehama,2021-02-11,221,6397,16,1479,205,4918,0,0,82,4430,137,982,82,5412,California
Tehama,2021-02-12,367,6764,66,1545,301,5219,0,0,175,4413,192,1174,175,5587,California
Tehama,2021-02-13,385,7149,13,1558,372,5591,0,0,147,4322,238,1412,147,5734,California
Tehama,2021-02-14,35,7184,2,1560,33,5624,0,0,33,4353,2,1414,33,5767,California
Tehama,2021-02-15,53,7237,10,1570,43,5667,0,0,47,4394,6,1420,47,5814,California
Tehama,2021-02-16,242,7479,16,1586,226,5893,0,0,60,4272,182,1602,60,5874,California
Tehama,2021-02-17,280,7759,12,1598,268,6161,0,0,54,4100,226,1828,54,5928,California
Tehama,2021-02-18,370,8129,32,1630,338,6499,0,0,145,4020,225,2053,145,6073,California
Tehama,2021-02-19,214,8343,18,1648,196,6695,0,0,43,3892,171,2224,43,6116,California
Tehama,2021-02-20,272,8615,7,1655,265,6960,0,0,27,3674,245,2469,27,6143,California
Tehama,2021-02-21,1,8616,1,1656,0,6960,0,0,1,3675,0,2469,1,6144,California
Tehama,2021-02-22,39,8655,15,1671,24,6984,0,0,26,3688,13,2482,26,6170,California
Tehama,2021-02-23,46,8701,19,1690,27,7011,0,0,26,3694,20,2502,26,6196,California
Tehama,2021-02-24,300,9001,13,1703,287,7298,0,0,27,3448,273,2775,27,6223,California
Tehama,2021-02-25,375,9376,60,1763,315,7613,0,0,39,3151,336,3111,39,6262,California
Tehama,2021-02-26,455,9831,19,1782,436,8049,0,0,70,2836,385,3496,70,6332,California
Tehama,2021-02-27,295,10126,5,1787,290,8339,0,0,34,2609,261,3757,34,6366,California
Tehama,2021-02-28,23,10149,2,1789,21,8360,0,0,20,2626,3,3760,20,6386,California
Tehama,2021-03-01,67,10216,8,1797,59,8419,0,0,33,2625,34,3794,33,6419,California
Tehama,2021-03-02,138,10354,18,1815,120,8539,0,0,30,2547,108,3902,30,6449,California
Tehama,2021-03-03,151,10505,33,1848,118,8657,0,0,48,2492,103,4005,48,6497,California
Tehama,2021-03-04,632,11137,36,1884,596,9253,0,0,221,2309,404,4409,221,6718,California
Tehama,2021-03-05,401,11538,19,1903,382,9635,0,0,216,2341,184,4593,216,6934,California
Tehama,2021-03-06,297,11835,15,1918,282,9917,0,0,80,2206,216,4809,81,7015,California
Tehama,2021-03-07,5,11840,1,1919,4,9921,0,0,3,2208,1,4810,3,7018,California
Tehama,2021-03-08,58,11898,12,1931,31,9952,15,15,27,2220,30,4840,42,7060,California
Tehama,2021-03-09,368,12266,9,1940,340,10292,19,34,312,2495,56,4896,331,7391,California
Tehama,2021-03-10,354,12620,14,1954,319,10611,21,55,71,2305,282,5178,92,7483,California
Tehama,2021-03-11,488,13108,17,1971,425,11036,46,101,345,2553,143,5321,391,7874,California
Tehama,2021-03-12,306,13414,19,1990,222,11258,65,166,181,2674,125,5446,246,8120,California
Tehama,2021-03-13,45,13459,8,1998,31,11289,6,172,5,2645,40,5486,11,8131,California
Tehama,2021-03-14,51,13510,3,2001,37,11326,11,183,9,2623,42,5528,20,8151,California
Tehama,2021-03-15,154,13664,21,2022,113,11439,20,203,84,2657,70,5598,104,8255,California
Tehama,2021-03-16,418,14082,14,2036,366,11805,38,241,315,2908,102,5700,353,8608,California
Tehama,2021-03-17,423,14505,22,2058,369,12174,32,273,340,3199,81,5781,372,8980,California
Tehama,2021-03-18,499,15004,26,2084,449,12623,24,297,320,3366,177,5958,344,9324,California
Tehama,2021-03-19,321,15325,23,2107,285,12908,13,310,278,3614,43,6001,291,9615,California
Tehama,2021-03-20,42,15367,9,2116,31,12939,2,312,30,3634,12,6013,32,9647,California
Tehama,2021-03-21,12,15379,5,2121,7,12946,0,312,12,3646,0,6013,12,9659,California
Tehama,2021-03-22,91,15470,7,2128,67,13013,17,329,50,3672,41,6054,67,9726,California
Tehama,2021-03-23,88,15558,27,2155,54,13067,7,336,69,3729,19,6073,76,9802,California
Tehama,2021-03-24,86,15644,16,2171,68,13135,2,338,55,3755,31,6104,57,9859,California
Tehama,2021-03-25,521,16165,355,2526,153,13288,13,351,471,4190,49,6153,484,10343,California
Tehama,2021-03-26,515,16680,403,2929,100,13388,12,363,439,4566,75,6228,451,10794,California
Tehama,2021-03-27,457,17137,361,3290,71,13459,25,388,389,4913,67,6295,414,11208,California
Tehama,2021-03-28,34,17171,13,3303,21,13480,0,388,22,4923,12,6307,22,11230,California
Tehama,2021-03-29,124,17295,31,3334,92,13572,1,389,78,4955,46,6353,78,11308,California
Tehama,2021-03-30,372,17667,222,3556,148,13720,2,391,254,5093,118,6471,256,11564,California
Tehama,2021-03-31,398,18065,296,3852,99,13819,3,394,326,5350,71,6542,328,11892,California
Tehama,2021-04-01,526,18591,246,4098,274,14093,6,400,392,5615,133,6675,398,12290,California
Tehama,2021-04-02,459,19050,215,4313,238,14331,6,406,272,5705,187,6862,277,12567,California
Tehama,2021-04-03,60,19110,3,4316,52,14383,5,411,30,5710,30,6892,35,12602,California
Tehama,2021-04-04,34,19144,6,4322,27,14410,1,412,22,5721,12,6904,23,12625,California
Tehama,2021-04-05,117,19261,21,4343,69,14479,27,439,61,5753,56,6960,88,12713,California
Tehama,2021-04-06,495,19756,110,4453,333,14812,52,491,140,5590,355,7315,192,12905,California
Tehama,2021-04-07,418,20174,282,4735,92,14904,44,535,303,5822,114,7429,346,13251,California
Tehama,2021-04-08,604,20778,175,4910,390,15294,39,574,230,5718,373,7802,269,13520,California
Tehama,2021-04-09,432,21210,193,5103,206,15500,33,607,215,5750,216,8018,248,13768,California
Tehama,2021-04-10,72,21282,9,5112,37,15537,26,633,39,5782,33,8051,65,13833,California
Tehama,2021-04-11,33,21315,7,5119,15,15552,11,644,8,5776,25,8076,19,13852,California
Tehama,2021-04-12,112,21427,6,5125,87,15639,19,663,40,5763,72,8148,59,13911,California
Tehama,2021-04-13,388,21815,64,5189,324,15963,0,663,67,5509,321,8469,67,13978,California
Tehama,2021-04-14,407,22222,52,5241,355,16318,0,663,48,5200,357,8826,48,14026,California
Tehama,2021-04-15,513,22735,193,5434,320,16638,0,663,79,4845,434,9260,79,14105,California
Tehama,2021-04-16,598,23333,343,5777,255,16893,0,663,75,4397,523,9783,75,14180,California
Tehama,2021-04-17,348,23681,268,6045,80,16973,0,663,41,4133,306,10089,42,14222,California
Tehama,2021-04-18,17,23698,3,6048,14,16987,0,663,13,4142,4,10093,13,14235,California
Tehama,2021-04-19,93,23791,7,6055,86,17073,0,663,39,4127,54,10147,39,14274,California
Tehama,2021-04-20,514,24305,423,6478,91,17164,0,663,150,3917,362,10509,152,14426,California
Tehama,2021-04-21,518,24823,445,6923,73,17237,0,663,167,3735,349,10858,167,14593,California
Tehama,2021-04-22,515,25338,364,7287,151,17388,0,663,148,3519,364,11222,148,14741,California
Tehama,2021-04-23,445,25783,346,7633,99,17487,0,663,197,3470,247,11469,198,14939,California
Tehama,2021-04-24,103,25886,17,7650,86,17573,0,663,27,3421,76,11545,27,14966,California
Tehama,2021-04-25,28,25914,17,7667,11,17584,0,663,10,3413,18,11563,10,14976,California
Tehama,2021-04-26,73,25987,9,7676,64,17648,0,663,41,3422,32,11595,41,15017,California
Tehama,2021-04-27,251,26238,206,7882,45,17693,0,663,93,3356,159,11754,93,15110,California
Tehama,2021-04-28,395,26633,318,8200,60,17753,17,680,65,3108,330,12084,82,15192,California
Tehama,2021-04-29,352,26985,171,8371,175,17928,6,686,68,2899,283,12367,74,15266,California
Tehama,2021-04-30,325,27310,241,8612,78,18006,6,692,112,2804,213,12580,118,15384,California
Tehama,2021-05-01,72,27382,4,8616,65,18071,3,695,14,2763,58,12638,17,15401,California
Tehama,2021-05-02,47,27429,24,8640,11,18082,12,707,27,2782,20,12658,39,15440,California
Tehama,2021-05-03,117,27546,41,8681,68,18150,8,715,62,2797,55,12713,70,15510,California
Tehama,2021-05-04,158,27704,56,8737,95,18245,7,722,67,2780,91,12804,74,15584,California
Tehama,2021-05-05,86,27790,21,8758,55,18300,10,732,38,2780,48,12852,48,15632,California
Tehama,2021-05-06,162,27952,90,8848,57,18357,15,747,98,2829,64,12916,113,15745,California
Tehama,2021-05-07,171,28123,71,8919,89,18446,11,758,47,2765,122,13038,58,15803,California
Tehama,2021-05-08,49,28172,6,8925,42,18488,1,759,13,2743,36,13074,14,15817,California
Tehama,2021-05-09,15,28187,3,8928,12,18500,0,759,6,2740,9,13083,6,15823,California
Tehama,2021-05-10,77,28264,7,8935,64,18564,6,765,36,2742,40,13123,42,15865,California
Tehama,2021-05-11,164,28428,116,9051,37,18601,11,776,30,2649,134,13257,41,15906,California
Tehama,2021-05-12,203,28631,134,9185,59,18660,10,786,42,2541,160,13417,52,15958,California
Tehama,2021-05-13,234,28865,162,9347,64,18724,8,794,105,2526,128,13545,113,16071,California
Tehama,2021-05-14,242,29107,130,9477,91,18815,21,815,57,2420,184,13729,78,16149,California
Tehama,2021-05-15,224,29331,133,9610,56,18871,35,850,161,2554,62,13791,196,16345,California
Tehama,2021-05-16,26,29357,6,9616,17,18888,3,853,14,2559,12,13803,17,16362,California
Tehama,2021-05-17,111,29468,29,9645,67,18955,15,868,53,2571,56,13859,68,16430,California
Tehama,2021-05-18,148,29616,76,9721,57,19012,15,883,45,2530,101,13960,60,16490,California
Tehama,2021-05-19,123,29739,52,9773,61,19073,10,893,42,2501,81,14041,52,16542,California
Tehama,2021-05-20,299,30038,217,9990,59,19132,23,916,209,2643,90,14131,232,16774,California
Tehama,2021-05-21,195,30233,94,10084,91,19223,10,926,69,2598,124,14255,79,16853,California
Tehama,2021-05-22,57,30290,31,10115,22,19245,4,930,35,2615,22,14277,39,16892,California
Tehama,2021-05-23,40,30330,23,10138,8,19253,9,939,12,2608,28,14305,21,16913,California
Tehama,2021-05-24,96,30426,30,10168,59,19312,7,946,35,2589,61,14366,42,16955,California
Tehama,2021-05-25,76,30502,20,10188,48,19360,8,954,47,2615,29,14395,55,17010,California
Tehama,2021-05-26,73,30575,27,10215,42,19402,4,958,46,2639,26,14421,50,17060,California
Tehama,2021-05-27,117,30692,88,10303,25,19427,4,962,29,2585,87,14508,33,17093,California
Trinity,2020-12-17,4,4,4,4,0,0,0,0,4,4,0,0,4,4,California
Trinity,2020-12-18,2,6,2,6,0,0,0,0,2,6,0,0,2,6,California
Trinity,2020-12-21,39,45,39,45,0,0,0,0,39,45,0,0,39,45,California
Trinity,2020-12-22,5,50,5,50,0,0,0,0,5,50,0,0,5,50,California
Trinity,2020-12-23,5,55,5,55,0,0,0,0,5,55,0,0,5,55,California
Trinity,2020-12-28,31,86,31,86,0,0,0,0,31,86,0,0,31,86,California
Trinity,2020-12-29,8,94,7,93,1,1,0,0,8,94,0,0,8,94,California
Trinity,2020-12-30,10,104,8,101,2,3,0,0,10,104,0,0,10,104,California
Trinity,2020-12-31,2,106,1,102,1,4,0,0,2,106,0,0,2,106,California
Trinity,2021-01-04,28,134,0,102,28,32,0,0,26,132,0,0,26,132,California
Trinity,2021-01-05,3,137,1,103,2,34,0,0,3,135,0,0,3,135,California
Trinity,2021-01-06,24,161,4,107,20,54,0,0,20,151,4,4,20,155,California
Trinity,2021-01-08,49,210,2,109,47,101,0,0,48,197,2,6,48,203,California
Trinity,2021-01-11,42,252,39,148,3,104,0,0,4,163,38,44,4,207,California
Trinity,2021-01-12,8,260,6,154,2,106,0,0,3,161,5,49,3,210,California
Trinity,2021-01-13,7,267,4,158,3,109,0,0,4,162,3,52,4,214,California
Trinity,2021-01-14,4,271,1,159,3,112,0,0,4,166,0,52,4,218,California
Trinity,2021-01-15,4,275,0,159,4,116,0,0,4,170,0,52,4,222,California
Trinity,2021-01-16,4,279,0,159,4,120,0,0,4,174,0,52,4,226,California
Trinity,2021-01-18,31,310,31,190,0,120,0,0,0,143,31,83,0,226,California
Trinity,2021-01-19,34,344,14,204,20,140,0,0,20,149,14,97,20,246,California
Trinity,2021-01-20,19,363,3,207,16,156,0,0,17,164,2,99,17,263,California
Trinity,2021-01-21,17,380,7,214,10,166,0,0,17,181,0,99,17,280,California
Trinity,2021-01-22,5,385,1,215,4,170,0,0,5,186,0,99,5,285,California
Trinity,2021-01-23,7,392,3,218,4,174,0,0,7,193,0,99,7,292,California
Trinity,2021-01-25,14,406,1,219,13,187,0,0,13,205,1,100,13,305,California
Trinity,2021-01-26,10,416,1,220,9,196,0,0,9,213,1,101,9,314,California
Trinity,2021-01-27,12,428,0,220,12,208,0,0,12,225,0,101,12,326,California
Trinity,2021-01-28,13,441,3,223,10,218,0,0,10,232,3,104,10,336,California
Trinity,2021-01-29,2,443,0,223,2,220,0,0,1,232,1,105,1,337,California
Trinity,2021-01-30,12,455,11,234,1,221,0,0,12,244,0,105,12,349,California
Trinity,2021-02-01,2,457,1,235,1,222,0,0,1,244,1,106,1,350,California
Trinity,2021-02-02,15,472,3,238,12,234,0,0,14,257,1,107,14,364,California
Trinity,2021-02-03,6,478,1,239,5,239,0,0,3,257,3,110,3,367,California
Trinity,2021-02-04,42,520,32,271,10,249,0,0,35,285,7,117,35,402,California
Trinity,2021-02-05,350,870,0,271,350,599,0,0,320,575,30,147,320,722,California
Trinity,2021-02-06,210,1080,5,276,205,804,0,0,203,771,7,154,203,925,California
Trinity,2021-02-07,1,1081,0,276,1,805,0,0,1,772,0,154,1,926,California
Trinity,2021-02-08,25,1106,0,276,25,830,0,0,15,777,10,164,15,941,California
Trinity,2021-02-09,27,1133,2,278,25,855,0,0,11,772,16,180,11,952,California
Trinity,2021-02-10,122,1255,10,288,112,967,0,0,102,854,20,200,102,1054,California
Trinity,2021-02-11,338,1593,2,290,336,1303,0,0,331,1178,7,207,331,1385,California
Trinity,2021-02-12,18,1611,10,300,8,1311,0,0,14,1188,4,211,14,1399,California
Trinity,2021-02-13,12,1623,5,305,7,1318,0,0,5,1186,7,218,5,1404,California
Trinity,2021-02-14,2,1625,2,307,0,1318,0,0,2,1188,0,218,2,1406,California
Trinity,2021-02-15,47,1672,0,307,47,1365,0,0,47,1235,0,218,47,1453,California
Trinity,2021-02-16,4,1676,1,308,3,1368,0,0,2,1235,2,220,2,1455,California
Trinity,2021-02-17,94,1770,2,310,92,1460,0,0,84,1309,10,230,84,1539,California
Trinity,2021-02-18,4,1774,0,310,4,1464,0,0,1,1307,3,233,1,1540,California
Trinity,2021-02-19,305,2079,2,312,303,1767,0,0,291,1584,14,247,291,1831,California
Trinity,2021-02-20,141,2220,14,326,127,1894,0,0,113,1669,28,275,113,1944,California
Trinity,2021-02-21,1,2221,1,327,0,1894,0,0,1,1670,0,275,1,1945,California
Trinity,2021-02-22,8,2229,0,327,8,1902,0,0,5,1672,3,278,5,1950,California
Trinity,2021-02-23,11,2240,4,331,7,1909,0,0,6,1673,5,283,6,1956,California
Trinity,2021-02-24,30,2270,8,339,22,1931,0,0,7,1657,23,306,7,1963,California
Trinity,2021-02-25,36,2306,23,362,13,1944,0,0,5,1631,31,337,5,1968,California
Trinity,2021-02-26,11,2317,1,363,10,1954,0,0,5,1630,6,343,5,1973,California
Trinity,2021-02-27,9,2326,7,370,2,1956,0,0,4,1629,5,348,4,1977,California
Trinity,2021-03-01,9,2335,0,370,9,1965,0,0,5,1630,4,352,5,1982,California
Trinity,2021-03-02,9,2344,3,373,6,1971,0,0,2,1625,7,359,2,1984,California
Trinity,2021-03-03,5,2349,0,373,5,1976,0,0,4,1628,1,360,4,1988,California
Trinity,2021-03-04,24,2373,19,392,5,1981,0,0,10,1624,14,374,10,1998,California
Trinity,2021-03-05,388,2761,1,393,387,2368,0,0,121,1482,263,637,121,2119,California
Trinity,2021-03-06,202,2963,7,400,195,2563,0,0,27,1334,175,812,27,2146,California
Trinity,2021-03-07,4,2967,3,403,1,2564,0,0,3,1336,1,813,3,2149,California
Trinity,2021-03-08,3,2970,0,403,2,2566,1,1,1,1336,2,815,2,2151,California
Trinity,2021-03-09,94,3064,0,403,92,2658,2,3,89,1422,5,820,91,2242,California
Trinity,2021-03-10,126,3190,3,406,120,2778,3,6,38,1375,88,908,41,2283,California
Trinity,2021-03-11,16,3206,4,410,10,2788,2,8,5,1371,11,919,7,2290,California
Trinity,2021-03-12,397,3603,5,415,386,3174,6,14,96,1172,301,1220,102,2392,California
Trinity,2021-03-13,13,3616,8,423,3,3177,2,16,8,1177,5,1225,10,2402,California
Trinity,2021-03-14,3,3619,1,424,2,3179,0,16,2,1178,1,1226,2,2404,California
Trinity,2021-03-15,67,3686,0,424,66,3245,1,17,14,1140,53,1279,15,2419,California
Trinity,2021-03-16,115,3801,7,431,108,3353,0,17,102,1229,13,1292,102,2521,California
Trinity,2021-03-17,100,3901,3,434,97,3450,0,17,26,1181,74,1366,26,2547,California
Trinity,2021-03-18,10,3911,2,436,5,3455,3,20,5,1184,5,1371,8,2555,California
Trinity,2021-03-19,459,4370,4,440,345,3800,110,130,36,907,423,1794,146,2701,California
Trinity,2021-03-20,105,4475,7,447,98,3898,0,130,70,943,34,1828,70,2771,California
Trinity,2021-03-21,4,4479,0,447,3,3901,1,131,3,946,1,1829,4,2775,California
Trinity,2021-03-22,2,4481,0,447,2,3903,0,131,2,948,0,1829,2,2777,California
Trinity,2021-03-23,96,4577,2,449,94,3997,0,131,78,1008,18,1847,78,2855,California
Trinity,2021-03-24,12,4589,1,450,11,4008,0,131,9,1014,3,1850,9,2864,California
Trinity,2021-03-25,110,4699,8,458,96,4104,6,137,84,1078,26,1876,90,2954,California
Trinity,2021-03-26,85,4784,8,466,77,4181,0,137,78,1149,7,1883,78,3032,California
Trinity,2021-03-27,20,4804,4,470,7,4188,9,146,9,1156,11,1894,18,3050,California
Trinity,2021-03-28,5,4809,3,473,2,4190,0,146,1,1153,4,1898,1,3051,California
Trinity,2021-03-29,6,4815,0,473,5,4195,1,147,2,1152,4,1902,3,3054,California
Trinity,2021-03-30,77,4892,5,478,72,4267,0,147,67,1209,10,1912,67,3121,California
Trinity,2021-03-31,56,4948,5,483,19,4286,32,179,21,1226,35,1947,52,3173,California
Trinity,2021-04-01,41,4989,11,494,19,4305,11,190,21,1238,20,1967,32,3205,California
Trinity,2021-04-02,247,5236,5,499,168,4473,74,264,75,1216,171,2138,149,3354,California
Trinity,2021-04-03,17,5253,12,511,5,4478,0,264,7,1213,10,2148,7,3361,California
Trinity,2021-04-04,10,5263,8,519,2,4480,0,264,8,1219,2,2150,8,3369,California
Trinity,2021-04-05,59,5322,6,525,52,4532,1,265,55,1271,4,2154,56,3425,California
Trinity,2021-04-06,117,5439,15,540,99,4631,3,268,28,1214,89,2243,32,3457,California
Trinity,2021-04-07,24,5463,12,552,7,4638,5,273,16,1227,8,2251,21,3478,California
Trinity,2021-04-08,89,5552,10,562,77,4715,2,275,52,1244,37,2288,54,3532,California
Trinity,2021-04-09,168,5720,20,582,144,4859,4,279,90,1260,78,2366,94,3626,California
Trinity,2021-04-10,11,5731,7,589,4,4863,0,279,10,1269,1,2367,10,3636,California
Trinity,2021-04-11,9,5740,5,594,2,4865,2,281,4,1270,5,2372,6,3642,California
Trinity,2021-04-12,77,5817,5,599,71,4936,1,282,64,1322,12,2384,64,3706,California
Trinity,2021-04-13,97,5914,5,604,92,5028,0,282,9,1243,88,2472,9,3715,California
Trinity,2021-04-14,10,5924,5,609,5,5033,0,282,6,1245,4,2476,6,3721,California
Trinity,2021-04-15,43,5967,10,619,33,5066,0,282,14,1230,29,2505,14,3735,California
Trinity,2021-04-16,146,6113,13,632,133,5199,0,282,73,1231,72,2577,73,3808,California
Trinity,2021-04-17,11,6124,5,637,6,5205,0,282,9,1238,2,2579,9,3817,California
Trinity,2021-04-18,3,6127,1,638,2,5207,0,282,0,1235,3,2582,0,3817,California
Trinity,2021-04-19,69,6196,2,640,67,5274,0,282,68,1302,1,2583,68,3885,California
Trinity,2021-04-20,92,6288,8,648,84,5358,0,282,20,1250,72,2655,20,3905,California
Trinity,2021-04-21,22,6310,9,657,13,5371,0,282,9,1246,13,2668,9,3914,California
Trinity,2021-04-22,91,6401,5,662,86,5457,0,282,14,1183,77,2745,14,3928,California
Trinity,2021-04-23,182,6583,6,668,176,5633,0,282,113,1227,69,2814,113,4041,California
Trinity,2021-04-24,23,6606,13,681,10,5643,0,282,6,1216,17,2831,6,4047,California
Trinity,2021-04-25,10,6616,9,690,1,5644,0,282,3,1213,6,2837,3,4050,California
Trinity,2021-04-26,45,6661,6,696,39,5683,0,282,40,1248,5,2842,40,4090,California
Trinity,2021-04-27,85,6746,7,703,78,5761,0,282,22,1207,63,2905,22,4112,California
Trinity,2021-04-28,33,6779,11,714,22,5783,0,282,12,1198,21,2926,12,4124,California
Trinity,2021-04-29,34,6813,13,727,21,5804,0,282,12,1188,22,2948,12,4136,California
Trinity,2021-04-30,27,6840,21,748,6,5810,0,282,8,1178,18,2966,8,4144,California
Trinity,2021-05-01,14,6854,8,756,1,5811,5,287,4,1177,10,2976,9,4153,California
Trinity,2021-05-02,8,6862,5,761,1,5812,2,289,2,1175,6,2982,4,4157,California
Trinity,2021-05-03,58,6920,13,774,44,5856,1,290,9,1137,48,3030,10,4167,California
Trinity,2021-05-04,23,6943,11,785,11,5867,1,291,8,1131,15,3045,9,4176,California
Trinity,2021-05-05,10,6953,6,791,4,5871,0,291,3,1127,7,3052,3,4179,California
Trinity,2021-05-06,72,7025,10,801,60,5931,2,293,15,1087,57,3109,17,4196,California
Trinity,2021-05-07,175,7200,12,813,129,6060,34,327,14,974,161,3270,48,4244,California
Trinity,2021-05-08,6,7206,2,815,4,6064,0,327,2,972,4,3274,2,4246,California
Trinity,2021-05-09,11,7217,8,823,3,6067,0,327,7,975,4,3278,7,4253,California
Trinity,2021-05-10,15,7232,5,828,9,6076,1,328,8,977,7,3285,9,4262,California
Trinity,2021-05-11,7,7239,3,831,4,6080,0,328,5,980,2,3287,5,4267,California
Trinity,2021-05-12,17,7256,14,845,2,6082,1,329,13,990,4,3291,14,4281,California
Trinity,2021-05-13,10,7266,7,852,2,6084,1,330,7,995,3,3294,8,4289,California
Trinity,2021-05-14,129,7395,19,871,82,6166,28,358,37,968,92,3386,65,4354,California
Trinity,2021-05-15,13,7408,9,880,3,6169,1,359,7,970,6,3392,8,4362,California
Trinity,2021-05-16,7,7415,6,886,1,6170,0,359,5,973,2,3394,5,4367,California
Trinity,2021-05-17,108,7523,20,906,86,6256,2,361,42,951,66,3460,44,4411,California
Trinity,2021-05-18,37,7560,7,913,29,6285,1,362,11,937,26,3486,12,4423,California
Trinity,2021-05-19,143,7703,16,929,98,6383,29,391,28,880,114,3600,57,4480,California
Trinity,2021-05-20,12,7715,6,935,3,6386,3,394,6,883,6,3606,9,4489,California
Trinity,2021-05-21,7,7722,2,937,5,6391,0,394,4,884,3,3609,4,4493,California
Trinity,2021-05-22,3,7725,2,939,1,6392,0,394,2,885,1,3610,2,4495,California
Trinity,2021-05-23,5,7730,4,943,1,6393,0,394,3,886,2,3612,3,4498,California
Trinity,2021-05-24,110,7840,12,955,97,6490,1,395,9,796,100,3712,10,4508,California
Trinity,2021-05-25,41,7881,12,967,29,6519,0,395,17,789,24,3736,17,4525,California
Trinity,2021-05-26,10,7891,4,971,6,6525,0,395,3,785,7,3743,3,4528,California
Trinity,2021-05-27,16,7907,2,973,11,6536,3,398,3,778,13,3756,6,4534,California
Tulare,2020-12-15,1,1,1,1,0,0,0,0,1,1,0,0,1,1,California
Tulare,2020-12-16,4,5,4,5,0,0,0,0,4,5,0,0,4,5,California
Tulare,2020-12-17,109,114,109,114,0,0,0,0,109,114,0,0,109,114,California
Tulare,2020-12-18,290,404,289,403,1,1,0,0,290,404,0,0,290,404,California
Tulare,2020-12-19,327,731,327,730,0,1,0,0,327,731,0,0,327,731,California
Tulare,2020-12-20,167,898,166,896,1,2,0,0,167,898,0,0,167,898,California
Tulare,2020-12-21,422,1320,422,1318,0,2,0,0,442,1340,0,0,442,1340,California
Tulare,2020-12-22,470,1790,468,1786,2,4,0,0,469,1809,0,0,469,1809,California
Tulare,2020-12-23,327,2117,319,2105,8,12,0,0,325,2134,0,0,325,2134,California
Tulare,2020-12-24,18,2135,16,2121,2,14,0,0,18,2152,0,0,18,2152,California
Tulare,2020-12-26,9,2144,8,2129,1,15,0,0,9,2161,0,0,9,2161,California
Tulare,2020-12-27,17,2161,12,2141,5,20,0,0,17,2178,0,0,17,2178,California
Tulare,2020-12-28,478,2639,466,2607,12,32,0,0,477,2655,0,0,477,2655,California
Tulare,2020-12-29,548,3187,478,3085,70,102,0,0,548,3203,0,0,548,3203,California
Tulare,2020-12-30,465,3652,425,3510,40,142,0,0,465,3668,0,0,465,3668,California
Tulare,2020-12-31,95,3747,22,3532,73,215,0,0,95,3763,0,0,95,3763,California
Tulare,2021-01-01,2,3749,1,3533,1,216,0,0,2,3765,0,0,2,3765,California
Tulare,2021-01-02,30,3779,17,3550,13,229,0,0,30,3795,0,0,30,3795,California
Tulare,2021-01-03,23,3802,9,3559,14,243,0,0,23,3818,0,0,23,3818,California
Tulare,2021-01-04,91,3893,15,3574,76,319,0,0,91,3909,0,0,91,3909,California
Tulare,2021-01-05,463,4356,278,3852,185,504,0,0,461,4368,2,2,461,4370,California
Tulare,2021-01-06,864,5220,634,4486,230,734,0,0,854,5212,10,12,854,5224,California
Tulare,2021-01-07,783,6003,584,5070,199,933,0,0,676,5781,107,119,676,5900,California
Tulare,2021-01-08,1277,7280,574,5644,703,1636,0,0,939,6383,337,456,939,6839,California
Tulare,2021-01-09,798,8078,203,5847,595,2231,0,0,611,6807,187,643,611,7450,California
Tulare,2021-01-10,50,8128,44,5891,6,2237,0,0,11,6779,39,682,11,7461,California
Tulare,2021-01-11,1272,9400,769,6660,503,2740,0,0,836,7179,436,1118,836,8297,California
Tulare,2021-01-12,1415,10815,501,7161,914,3654,0,0,1005,7776,409,1527,1006,9303,California
Tulare,2021-01-13,428,11243,199,7360,229,3883,0,0,353,8054,75,1602,353,9656,California
Tulare,2021-01-14,491,11734,141,7501,350,4233,0,0,465,8504,15,1617,465,10121,California
Tulare,2021-01-15,1625,13359,154,7655,1471,5704,0,0,1616,10111,9,1626,1616,11737,California
Tulare,2021-01-16,1899,15258,112,7767,1787,7491,0,0,1885,11982,14,1640,1885,13622,California
Tulare,2021-01-17,142,15400,122,7889,20,7511,0,0,132,12104,10,1650,132,13754,California
Tulare,2021-01-18,694,16094,661,8550,33,7544,0,0,297,12004,397,2047,297,14051,California
Tulare,2021-01-19,1011,17105,688,9238,323,7867,0,0,584,12161,427,2474,584,14635,California
Tulare,2021-01-20,2425,19530,612,9850,1813,9680,0,0,2013,13788,386,2860,2013,16648,California
Tulare,2021-01-21,1550,21080,182,10032,1368,11048,0,0,1524,15291,21,2881,1524,18172,California
Tulare,2021-01-22,1058,22138,189,10221,869,11917,0,0,1033,16300,24,2905,1033,19205,California
Tulare,2021-01-23,437,22575,155,10376,282,12199,0,0,417,16697,20,2925,417,19622,California
Tulare,2021-01-24,30,22605,27,10403,3,12202,0,0,28,16723,2,2927,28,19650,California
Tulare,2021-01-25,1342,23947,981,11384,361,12563,0,0,1299,17979,43,2970,1299,20949,California
Tulare,2021-01-26,1503,25450,1097,12481,406,12969,0,0,1170,18817,332,3302,1170,22119,California
Tulare,2021-01-27,1500,26950,1070,13551,430,13399,0,0,921,19160,578,3880,921,23040,California
Tulare,2021-01-28,1215,28165,777,14328,438,13837,0,0,817,19579,398,4278,817,23857,California
Tulare,2021-01-29,1129,29294,719,15047,410,14247,0,0,820,20090,309,4587,820,24677,California
Tulare,2021-01-30,1675,30969,1581,16628,94,14341,0,0,1651,21718,24,4611,1652,26329,California
Tulare,2021-01-31,67,31036,62,16690,5,14346,0,0,64,21779,3,4614,64,26393,California
Tulare,2021-02-01,1185,32221,915,17605,270,14616,0,0,829,22253,355,4969,829,27222,California
Tulare,2021-02-02,696,32917,347,17952,349,14965,0,0,455,22470,239,5208,456,27678,California
Tulare,2021-02-03,568,33485,241,18193,327,15292,0,0,327,22576,221,5429,327,28005,California
Tulare,2021-02-04,556,34041,169,18362,387,15679,0,0,267,22556,288,5717,268,28273,California
Tulare,2021-02-05,1239,35280,238,18600,1001,16680,0,0,408,22135,829,6546,408,28681,California
Tulare,2021-02-06,832,36112,156,18756,676,17356,0,0,211,21727,619,7165,211,28892,California
Tulare,2021-02-07,83,36195,71,18827,12,17368,0,0,23,21690,60,7225,23,28915,California
Tulare,2021-02-08,941,37136,325,19152,616,17984,0,0,240,21231,699,7924,240,29155,California
Tulare,2021-02-09,1415,38551,335,19487,1080,19064,0,0,369,20559,1041,8965,369,29524,California
Tulare,2021-02-10,2473,41024,1986,21473,487,19551,0,0,2072,22231,400,9365,2072,31596,California
Tulare,2021-02-11,1326,42350,377,21850,949,20500,0,0,907,22719,419,9784,907,32503,California
Tulare,2021-02-12,2784,45134,575,22425,2209,22709,0,0,1208,22358,1569,11353,1208,33711,California
Tulare,2021-02-13,2479,47613,157,22582,2322,25031,0,0,664,21211,1811,13164,664,34375,California
Tulare,2021-02-14,337,47950,40,22622,297,25328,0,0,300,21474,37,13201,300,34675,California
Tulare,2021-02-15,920,48870,294,22916,626,25954,0,0,663,21881,256,13457,663,35338,California
Tulare,2021-02-16,2832,51702,1593,24509,1239,27193,0,0,1079,21208,1752,15209,1079,36417,California
Tulare,2021-02-17,2698,54400,511,25020,2187,29380,0,0,461,19438,2231,17440,461,36878,California
Tulare,2021-02-18,2311,56711,456,25476,1855,31235,0,0,629,18393,1674,19114,629,37507,California
Tulare,2021-02-19,2311,59022,871,26347,1440,32675,0,0,953,17989,1357,20471,953,38460,California
Tulare,2021-02-20,2979,62001,1881,28228,1098,33773,0,0,1257,17529,1717,22188,1257,39717,California
Tulare,2021-02-21,94,62095,90,28318,4,33777,0,0,48,17532,45,22233,48,39765,California
Tulare,2021-02-22,1105,63200,699,29017,406,34183,0,0,210,16848,894,23127,210,39975,California
Tulare,2021-02-23,1959,65159,949,29966,1010,35193,0,0,1466,17822,492,23619,1466,41441,California
Tulare,2021-02-24,2485,67644,1549,31515,936,36129,0,0,2108,19555,376,23995,2109,43550,California
Tulare,2021-02-25,3510,71154,1979,33494,1531,37660,0,0,3094,22237,412,24407,3094,46644,California
Tulare,2021-02-26,3854,75008,1887,35381,1967,39627,0,0,3387,25160,465,24872,3388,50032,California
Tulare,2021-02-27,2998,78006,1490,36871,1508,41135,0,0,2865,27904,121,24993,2865,52897,California
Tulare,2021-02-28,1308,79314,1036,37907,272,41407,0,0,1288,29175,17,25010,1288,54185,California
Tulare,2021-03-01,1775,81089,798,38705,977,42384,0,0,1584,30570,189,25199,1584,55769,California
Tulare,2021-03-02,2775,83864,1269,39974,1505,43889,1,1,2599,32997,174,25373,2601,58370,California
Tulare,2021-03-03,3955,87819,2619,42593,1336,45225,0,1,2006,33059,1946,27319,2008,60378,California
Tulare,2021-03-04,2948,90767,1332,43925,1616,46841,0,1,2621,35357,323,27642,2621,62999,California
Tulare,2021-03-05,3436,94203,1760,45685,1661,48502,15,16,2922,37785,511,28153,2939,65938,California
Tulare,2021-03-06,3085,97288,1440,47125,1586,50088,59,75,2837,40434,245,28398,2894,68832,California
Tulare,2021-03-07,1137,98425,703,47828,413,50501,21,96,1096,41511,40,28438,1117,69949,California
Tulare,2021-03-08,1722,100147,1007,48835,546,51047,169,265,1394,42750,323,28761,1562,71511,California
Tulare,2021-03-09,3259,103406,2246,51081,866,51913,147,412,2850,45338,408,29169,2996,74507,California
Tulare,2021-03-10,2931,106337,1398,52479,1358,53271,175,587,2529,47647,393,29562,2702,77209,California
Tulare,2021-03-11,4178,110515,1979,54458,1898,55169,301,888,3238,50246,940,30502,3539,80748,California
Tulare,2021-03-12,4404,114919,2432,56890,1623,56792,349,1237,3130,52462,1266,31768,3482,84230,California
Tulare,2021-03-13,4140,119059,1943,58833,2092,58884,105,1342,3193,54823,941,32709,3302,87532,California
Tulare,2021-03-14,1859,120918,985,59818,655,59539,219,1561,1334,55849,524,33233,1550,89082,California
Tulare,2021-03-15,2747,123665,1628,61446,1004,60543,115,1676,1973,57166,772,34005,2089,91171,California
Tulare,2021-03-16,3436,127101,2124,63570,1234,61777,78,1754,1879,57573,1553,35558,1960,93131,California
Tulare,2021-03-17,4048,131149,2636,66206,1335,63112,77,1831,2304,58224,1737,37295,2388,95519,California
Tulare,2021-03-18,4633,135782,3380,69586,1181,64293,72,1903,2458,58588,2168,39463,2532,98051,California
Tulare,2021-03-19,5097,140879,3352,72938,1550,65843,195,2098,2730,59167,2348,41811,2927,100978,California
Tulare,2021-03-20,4479,145358,2786,75724,1321,67164,372,2470,2060,59191,2411,44222,2435,103413,California
Tulare,2021-03-21,1996,147354,1706,77430,264,67428,26,2496,1055,59334,937,45159,1080,104493,California
Tulare,2021-03-22,2564,149918,1775,79205,677,68105,112,2608,1693,60276,865,46024,1807,106300,California
Tulare,2021-03-23,3756,153674,2157,81362,1547,69652,52,2660,2061,60710,1685,47709,2119,108419,California
Tulare,2021-03-24,3204,156878,1989,83351,1173,70825,42,2702,1811,61178,1385,49094,1853,110272,California
Tulare,2021-03-25,3481,160359,1814,85165,1495,72320,172,2874,1692,61262,1782,50876,1866,112138,California
Tulare,2021-03-26,5254,165613,3136,88301,2009,74329,109,2983,2545,61226,2691,53567,2655,114793,California
Tulare,2021-03-27,3538,169151,1815,90116,1625,75954,98,3081,991,59775,2539,56106,1088,115881,California
Tulare,2021-03-28,1468,170619,1063,91179,374,76328,31,3112,677,59700,789,56895,714,116595,California
Tulare,2021-03-29,2895,173514,1675,92854,1108,77436,112,3224,1229,59382,1661,58556,1343,117938,California
Tulare,2021-03-30,4831,178345,2785,95639,1816,79252,230,3454,1530,57845,3292,61848,1755,119693,California
Tulare,2021-03-31,3955,182300,2339,97978,1503,80755,113,3567,1577,57169,2370,64218,1694,121387,California
Tulare,2021-04-01,4520,186820,2451,100429,2001,82756,68,3635,1558,55845,2952,67170,1628,123015,California
Tulare,2021-04-02,5333,192153,3054,103483,2161,84917,118,3753,1576,53802,3741,70911,1698,124713,California
Tulare,2021-04-03,3624,195777,2096,105579,1157,86074,371,4124,835,52256,2751,73662,1205,125918,California
Tulare,2021-04-04,1633,197410,1146,106725,480,86554,7,4131,359,51352,1270,74932,366,126284,California
Tulare,2021-04-05,3367,200777,2354,109079,743,87297,270,4401,861,50001,2494,77426,1143,127427,California
Tulare,2021-04-06,3429,204206,1469,110548,1466,88763,494,4895,921,48920,2501,79927,1420,128847,California
Tulare,2021-04-07,3884,208090,1833,112381,1618,90381,433,5328,1209,47902,2665,82592,1647,130494,California
Tulare,2021-04-08,4732,212822,2597,114978,1675,92056,460,5788,1509,46660,3211,85803,1969,132463,California
Tulare,2021-04-09,4810,217632,2970,117948,1408,93464,432,6220,1819,45945,2983,88786,2268,134731,California
Tulare,2021-04-10,3826,221458,2059,120007,1450,94914,317,6537,940,44325,2878,91664,1258,135989,California
Tulare,2021-04-11,1573,223031,1036,121043,466,95380,71,6608,482,43790,1088,92752,553,136542,California
Tulare,2021-04-12,3362,226393,2106,123149,663,96043,593,7201,1050,43130,2304,95056,1644,138186,California
Tulare,2021-04-13,2413,228806,1586,124735,817,96860,10,7211,901,42542,1501,96557,913,139099,California
Tulare,2021-04-14,2847,231653,1681,126416,1166,98026,0,7211,908,41514,1936,98493,908,140007,California
Tulare,2021-04-15,3272,234925,2133,128549,1139,99165,0,7211,1468,41189,1793,100286,1468,141475,California
Tulare,2021-04-16,3652,238577,2216,130765,1436,100601,0,7211,1478,40503,2164,102450,1478,142953,California
Tulare,2021-04-17,2212,240789,1299,132064,913,101514,0,7211,1175,40647,1032,103482,1176,144129,California
Tulare,2021-04-18,1521,242310,1190,133254,331,101845,0,7211,814,40755,706,104188,814,144943,California
Tulare,2021-04-19,2121,244431,1220,134474,899,102744,2,7213,896,40432,1221,105409,898,145841,California
Tulare,2021-04-20,2342,246773,1314,135788,1028,103772,0,7213,995,40095,1332,106741,995,146836,California
Tulare,2021-04-21,2205,248978,1325,137113,880,104652,0,7213,807,39544,1359,108100,808,147644,California
Tulare,2021-04-22,2108,251086,1171,138284,937,105589,0,7213,727,38910,1361,109461,727,148371,California
Tulare,2021-04-23,2578,253664,1581,139865,996,106585,1,7214,1019,38381,1548,111009,1019,149390,California
Tulare,2021-04-24,1637,255301,1051,140916,584,107169,2,7216,849,38449,783,111792,851,150241,California
Tulare,2021-04-25,693,255994,520,141436,173,107342,0,7216,264,38284,429,112221,264,150505,California
Tulare,2021-04-26,1463,257457,874,142310,570,107912,19,7235,610,38066,845,113066,627,151132,California
Tulare,2021-04-27,1593,259050,633,142943,924,108836,36,7271,671,37854,918,113984,706,151838,California
Tulare,2021-04-28,1702,260752,971,143914,690,109526,41,7312,668,37534,1029,115013,709,152547,California
Tulare,2021-04-29,1989,262741,1193,145107,759,110285,37,7349,768,37126,1211,116224,803,153350,California
Tulare,2021-04-30,2430,265171,1770,146877,610,110895,50,7399,894,36540,1529,117753,943,154293,California
Tulare,2021-05-01,1410,266581,1211,148088,187,111082,12,7411,721,36593,680,118433,733,155026,California
Tulare,2021-05-02,584,267165,496,148584,72,111154,16,7427,188,36404,393,118826,204,155230,California
Tulare,2021-05-03,1618,268783,1093,149677,400,111554,125,7552,348,35614,1263,120089,473,155703,California
Tulare,2021-05-04,1550,270333,826,150503,655,112209,69,7621,625,35388,918,121007,692,156395,California
Tulare,2021-05-05,1267,271600,611,151114,568,112777,88,7709,436,35092,820,121827,524,156919,California
Tulare,2021-05-06,1950,273550,1325,152439,576,113353,49,7758,588,34375,1354,123181,637,157556,California
Tulare,2021-05-07,1841,275391,1250,153689,523,113876,68,7826,526,33660,1308,124489,593,158149,California
Tulare,2021-05-08,1233,276624,803,154492,405,114281,25,7851,526,33511,700,125189,551,158700,California
Tulare,2021-05-09,590,277214,468,154960,101,114382,21,7872,117,33181,469,125658,139,158839,California
Tulare,2021-05-10,1015,278229,587,155547,363,114745,65,7937,308,32849,705,126363,373,159212,California
Tulare,2021-05-11,1210,279439,614,156161,520,115265,76,8013,502,32725,702,127065,578,159790,California
Tulare,2021-05-12,1501,280940,967,157128,482,115747,52,8065,397,32083,1090,128155,448,160238,California
Tulare,2021-05-13,1448,282388,902,158030,508,116255,38,8103,646,31969,798,128953,684,160922,California
Tulare,2021-05-14,1927,284315,1240,159270,625,116880,62,8165,859,31833,1057,130010,921,161843,California
Tulare,2021-05-15,1559,285874,875,160145,638,117518,46,8211,660,31646,892,130902,705,162548,California
Tulare,2021-05-16,693,286567,552,160697,129,117647,12,8223,323,31612,369,131271,335,162883,California
Tulare,2021-05-17,1536,288103,952,161649,511,118158,73,8296,744,31644,785,132056,817,163700,California
Tulare,2021-05-18,1578,289681,851,162500,674,118832,53,8349,805,31732,768,132824,856,164556,California
Tulare,2021-05-19,1465,291146,942,163442,489,119321,34,8383,767,31840,693,133517,801,165357,California
Tulare,2021-05-20,1346,292492,918,164360,344,119665,84,8467,656,31892,688,134205,740,166097,California
Tulare,2021-05-21,1638,294130,1248,165608,349,120014,41,8508,927,32157,703,134908,968,167065,California
Tulare,2021-05-22,1407,295537,1024,166632,358,120372,25,8533,534,31849,868,135776,560,167625,California
Tulare,2021-05-23,293,295830,248,166880,36,120408,9,8542,146,31858,146,135922,155,167780,California
Tulare,2021-05-24,916,296746,553,167433,303,120711,60,8602,424,31855,487,136409,484,168264,California
Tulare,2021-05-25,1187,297933,701,168134,450,121161,36,8638,528,31766,653,137062,564,168828,California
Tulare,2021-05-26,850,298783,475,168609,336,121497,39,8677,391,31739,456,137518,429,169257,California
Tulare,2021-05-27,637,299420,367,168976,244,121741,26,8703,300,31734,333,137851,328,169585,California
Tuolumne,2020-12-16,47,47,47,47,0,0,0,0,47,47,0,0,47,47,California
Tuolumne,2020-12-17,18,65,18,65,0,0,0,0,18,65,0,0,18,65,California
Tuolumne,2020-12-18,101,166,100,165,1,1,0,0,101,166,0,0,101,166,California
Tuolumne,2020-12-19,5,171,5,170,0,1,0,0,5,171,0,0,5,171,California
Tuolumne,2020-12-20,2,173,2,172,0,1,0,0,2,173,0,0,2,173,California
Tuolumne,2020-12-21,115,288,101,273,14,15,0,0,115,288,0,0,115,288,California
Tuolumne,2020-12-22,172,460,172,445,0,15,0,0,172,460,0,0,172,460,California
Tuolumne,2020-12-23,185,645,183,628,2,17,0,0,185,645,0,0,185,645,California
Tuolumne,2020-12-26,2,647,2,630,0,17,0,0,2,647,0,0,2,647,California
Tuolumne,2020-12-28,77,724,75,705,2,19,0,0,77,724,0,0,77,724,California
Tuolumne,2020-12-29,102,826,39,744,63,82,0,0,102,826,0,0,102,826,California
Tuolumne,2020-12-30,78,904,22,766,56,138,0,0,78,904,0,0,78,904,California
Tuolumne,2020-12-31,27,931,20,786,7,145,0,0,27,931,0,0,27,931,California
Tuolumne,2021-01-01,6,937,5,791,1,146,0,0,6,937,0,0,6,937,California
Tuolumne,2021-01-02,118,1055,115,906,3,149,0,0,118,1055,0,0,118,1055,California
Tuolumne,2021-01-03,2,1057,2,908,0,149,0,0,2,1057,0,0,2,1057,California
Tuolumne,2021-01-04,69,1126,26,934,43,192,0,0,69,1126,0,0,69,1126,California
Tuolumne,2021-01-05,93,1219,27,961,66,258,0,0,90,1214,3,3,91,1217,California
Tuolumne,2021-01-06,132,1351,72,1033,60,318,0,0,68,1218,64,67,68,1285,California
Tuolumne,2021-01-07,120,1471,64,1097,56,374,0,0,64,1226,56,123,64,1349,California
Tuolumne,2021-01-08,105,1576,81,1178,24,398,0,0,27,1177,77,200,28,1377,California
Tuolumne,2021-01-09,2,1578,0,1178,2,400,0,0,2,1179,0,200,2,1379,California
Tuolumne,2021-01-10,3,1581,1,1179,2,402,0,0,3,1182,0,200,3,1382,California
Tuolumne,2021-01-11,116,1697,90,1269,26,428,0,0,34,1134,82,282,34,1416,California
Tuolumne,2021-01-12,102,1799,86,1355,16,444,0,0,18,1068,84,366,18,1434,California
Tuolumne,2021-01-13,231,2030,125,1480,106,550,0,0,182,1202,49,415,183,1617,California
Tuolumne,2021-01-14,148,2178,108,1588,40,590,0,0,43,1141,104,519,43,1660,California
Tuolumne,2021-01-15,474,2652,72,1660,402,992,0,0,412,1493,61,580,413,2073,California
Tuolumne,2021-01-16,7,2659,3,1663,4,996,0,0,6,1498,1,581,6,2079,California
Tuolumne,2021-01-17,7,2666,4,1667,3,999,0,0,7,1505,0,581,7,2086,California
Tuolumne,2021-01-18,46,2712,38,1705,8,1007,0,0,9,1478,36,617,9,2095,California
Tuolumne,2021-01-19,478,3190,73,1778,405,1412,0,0,432,1864,46,663,432,2527,California
Tuolumne,2021-01-20,76,3266,58,1836,18,1430,0,0,24,1837,51,714,24,2551,California
Tuolumne,2021-01-21,56,3322,23,1859,33,1463,0,0,40,1861,16,730,40,2591,California
Tuolumne,2021-01-22,169,3491,16,1875,153,1616,0,0,162,2016,7,737,162,2753,California
Tuolumne,2021-01-23,653,4144,134,2009,519,2135,0,0,548,2471,105,842,560,3313,California
Tuolumne,2021-01-24,522,4666,1,2010,521,2656,0,0,520,2990,2,844,521,3834,California
Tuolumne,2021-01-25,50,4716,28,2038,22,2678,0,0,24,2989,26,870,25,3859,California
Tuolumne,2021-01-26,80,4796,68,2106,12,2690,0,0,40,2990,40,910,41,3900,California
Tuolumne,2021-01-27,61,4857,4,2110,57,2747,0,0,8,2946,52,962,8,3908,California
Tuolumne,2021-01-28,27,4884,7,2117,20,2767,0,0,18,2955,9,971,18,3926,California
Tuolumne,2021-01-29,73,4957,6,2123,67,2834,0,0,34,2950,39,1010,34,3960,California
Tuolumne,2021-01-30,711,5668,553,2676,158,2992,0,0,689,3633,22,1032,705,4665,California
Tuolumne,2021-01-31,8,5676,2,2678,6,2998,0,0,5,3635,3,1035,5,4670,California
Tuolumne,2021-02-01,25,5701,7,2685,18,3016,0,0,22,3654,3,1038,22,4692,California
Tuolumne,2021-02-02,647,6348,40,2725,607,3623,0,0,635,4279,10,1048,635,5327,California
Tuolumne,2021-02-03,241,6589,112,2837,129,3752,0,0,88,4214,153,1201,88,5415,California
Tuolumne,2021-02-04,123,6712,13,2850,110,3862,0,0,60,4211,63,1264,60,5475,California
Tuolumne,2021-02-05,99,6811,13,2863,86,3948,0,0,35,4183,63,1327,35,5510,California
Tuolumne,2021-02-06,857,7668,583,3446,274,4222,0,0,849,5029,8,1335,854,6364,California
Tuolumne,2021-02-07,8,7676,4,3450,4,4226,0,0,4,5029,4,1339,4,6368,California
Tuolumne,2021-02-08,91,7767,40,3490,51,4277,0,0,67,5072,24,1363,67,6435,California
Tuolumne,2021-02-09,863,8630,53,3543,810,5087,0,0,822,5853,41,1404,822,7257,California
Tuolumne,2021-02-10,92,8722,17,3560,75,5162,0,0,31,5824,60,1464,31,7288,California
Tuolumne,2021-02-11,143,8865,67,3627,76,5238,0,0,77,5835,66,1530,77,7365,California
Tuolumne,2021-02-12,646,9511,19,3646,627,5865,0,0,205,5600,440,1970,205,7570,California
Tuolumne,2021-02-13,150,9661,42,3688,108,5973,0,0,119,5689,30,2000,119,7689,California
Tuolumne,2021-02-14,150,9811,13,3701,137,6110,0,0,149,5837,1,2001,149,7838,California
Tuolumne,2021-02-15,186,9997,10,3711,176,6286,0,0,177,6005,9,2010,177,8015,California
Tuolumne,2021-02-16,531,10528,18,3729,513,6799,0,0,122,5724,405,2415,124,8139,California
Tuolumne,2021-02-17,111,10639,63,3792,48,6847,0,0,61,5736,49,2464,61,8200,California
Tuolumne,2021-02-18,680,11319,25,3817,655,7502,0,0,629,6315,51,2515,630,8830,California
Tuolumne,2021-02-19,143,11462,23,3840,120,7622,0,0,43,6258,100,2615,43,8873,California
Tuolumne,2021-02-20,904,12366,341,4181,563,8185,0,0,384,6137,506,3121,385,9258,California
Tuolumne,2021-02-21,976,13342,38,4219,938,9123,0,0,470,6105,505,3626,473,9731,California
Tuolumne,2021-02-22,81,13423,58,4277,23,9146,0,0,47,6119,33,3659,47,9778,California
Tuolumne,2021-02-23,48,13471,24,4301,24,9170,0,0,26,6124,21,3680,26,9804,California
Tuolumne,2021-02-24,105,13576,59,4360,46,9216,0,0,44,6108,60,3740,44,9848,California
Tuolumne,2021-02-25,1051,14627,35,4395,1016,10232,0,0,1020,7097,31,3771,1020,10868,California
Tuolumne,2021-02-26,148,14775,10,4405,138,10370,0,0,122,7194,26,3797,123,10991,California
Tuolumne,2021-02-27,954,15729,579,4984,375,10745,0,0,249,6758,688,4485,252,11243,California
Tuolumne,2021-02-28,56,15785,4,4988,52,10797,0,0,52,6807,3,4488,52,11295,California
Tuolumne,2021-03-01,112,15897,22,5010,90,10887,0,0,77,6851,34,4522,78,11373,California
Tuolumne,2021-03-02,705,16602,73,5083,632,11519,0,0,106,6358,599,5121,106,11479,California
Tuolumne,2021-03-03,89,16691,21,5104,68,11587,0,0,64,6397,25,5146,64,11543,California
Tuolumne,2021-03-04,1168,17859,75,5179,1093,12680,0,0,1105,7439,63,5209,1105,12648,California
Tuolumne,2021-03-05,86,17945,10,5189,76,12756,0,0,49,7453,36,5245,50,12698,California
Tuolumne,2021-03-06,1057,19002,606,5795,449,13205,2,2,203,6811,849,6094,207,12905,California
Tuolumne,2021-03-07,42,19044,13,5808,14,13219,15,17,19,6822,23,6117,34,12939,California
Tuolumne,2021-03-08,196,19240,90,5898,99,13318,7,24,139,6911,57,6174,146,13085,California
Tuolumne,2021-03-09,857,20097,16,5914,830,14148,11,35,68,6207,784,6958,80,13165,California
Tuolumne,2021-03-10,78,20175,12,5926,55,14203,11,46,53,6246,25,6983,64,13229,California
Tuolumne,2021-03-11,1281,21456,36,5962,1240,15443,5,51,1255,7482,26,7009,1262,14491,California
Tuolumne,2021-03-12,299,21755,36,5998,248,15691,15,66,190,7582,108,7117,208,14699,California
Tuolumne,2021-03-13,114,21869,13,6011,101,15792,0,66,85,7640,28,7145,86,14785,California
Tuolumne,2021-03-14,143,22012,8,6019,126,15918,9,75,6,7522,137,7282,19,14804,California
Tuolumne,2021-03-15,297,22309,80,6099,214,16132,3,78,102,7439,194,7476,111,14915,California
Tuolumne,2021-03-16,803,23112,40,6139,752,16884,11,89,666,7980,136,7612,677,15592,California
Tuolumne,2021-03-17,153,23265,33,6172,107,16991,13,102,79,7999,73,7685,92,15684,California
Tuolumne,2021-03-18,948,24213,27,6199,908,17899,13,115,317,7701,628,8313,330,16014,California
Tuolumne,2021-03-19,134,24347,17,6216,87,17986,30,145,74,7746,59,8372,104,16118,California
Tuolumne,2021-03-20,90,24437,7,6223,73,18059,10,155,37,7740,52,8424,46,16164,California
Tuolumne,2021-03-21,833,25270,389,6612,434,18493,10,165,41,7008,784,9208,52,16216,California
Tuolumne,2021-03-22,164,25434,73,6685,72,18565,19,184,97,7058,66,9274,116,16332,California
Tuolumne,2021-03-23,707,26141,637,7322,56,18621,14,198,669,7702,38,9312,682,17014,California
Tuolumne,2021-03-24,110,26251,19,7341,73,18694,18,216,77,7765,32,9344,95,17109,California
Tuolumne,2021-03-25,1298,27549,23,7364,1272,19966,3,219,326,7124,970,10314,329,17438,California
Tuolumne,2021-03-26,275,27824,16,7380,236,20202,23,242,117,7117,148,10462,141,17579,California
Tuolumne,2021-03-27,580,28404,53,7433,527,20729,0,242,317,7175,261,10723,319,17898,California
Tuolumne,2021-03-28,48,28452,7,7440,41,20770,0,242,8,7145,39,10762,9,17907,California
Tuolumne,2021-03-29,206,28658,83,7523,123,20893,0,242,109,7160,94,10856,109,18016,California
Tuolumne,2021-03-30,164,28822,11,7534,152,21045,1,243,122,7242,41,10897,123,18139,California
Tuolumne,2021-03-31,95,28917,14,7548,79,21124,2,245,38,7227,55,10952,40,18179,California
Tuolumne,2021-04-01,1249,30166,30,7578,1219,22343,0,245,228,6437,1018,11970,228,18407,California
Tuolumne,2021-04-02,165,30331,12,7590,127,22470,26,271,91,6482,72,12042,117,18524,California
Tuolumne,2021-04-03,426,30757,35,7625,390,22860,1,272,239,6538,186,12228,242,18766,California
Tuolumne,2021-04-04,33,30790,3,7628,30,22890,0,272,21,6548,11,12239,21,18787,California
Tuolumne,2021-04-05,131,30921,19,7647,105,22995,7,279,59,6542,72,12311,66,18853,California
Tuolumne,2021-04-06,648,31569,517,8164,104,23099,27,306,513,6949,135,12446,542,19395,California
Tuolumne,2021-04-07,128,31697,37,8201,75,23174,16,322,50,6937,78,12524,66,19461,California
Tuolumne,2021-04-08,1445,33142,32,8233,1398,24572,15,337,246,6003,1195,13719,261,19722,California
Tuolumne,2021-04-09,274,33416,41,8274,189,24761,44,381,131,6039,143,13862,179,19901,California
Tuolumne,2021-04-10,56,33472,2,8276,34,24795,20,401,23,6050,32,13894,43,19944,California
Tuolumne,2021-04-11,18,33490,3,8279,12,24807,3,404,12,6059,6,13900,15,19959,California
Tuolumne,2021-04-12,164,33654,66,8345,93,24900,5,409,90,6086,68,13968,95,20054,California
Tuolumne,2021-04-13,784,34438,35,8380,749,25649,0,409,169,5648,607,14575,169,20223,California
Tuolumne,2021-04-14,154,34592,29,8409,125,25774,0,409,78,5654,73,14648,79,20302,California
Tuolumne,2021-04-15,341,34933,20,8429,321,26095,0,409,59,5437,276,14924,59,20361,California
Tuolumne,2021-04-16,251,35184,50,8479,201,26296,0,409,141,5476,103,15027,142,20503,California
Tuolumne,2021-04-17,43,35227,6,8485,37,26333,0,409,27,5487,16,15043,27,20530,California
Tuolumne,2021-04-18,9,35236,3,8488,6,26339,0,409,4,5487,5,15048,5,20535,California
Tuolumne,2021-04-19,170,35406,79,8567,91,26430,0,409,92,5503,76,15124,92,20627,California
Tuolumne,2021-04-20,712,36118,616,9183,96,26526,0,409,76,4950,629,15753,76,20703,California
Tuolumne,2021-04-21,119,36237,26,9209,93,26619,0,409,63,4962,51,15804,63,20766,California
Tuolumne,2021-04-22,710,36947,46,9255,664,27283,0,409,431,5123,270,16074,431,21197,California
Tuolumne,2021-04-23,177,37124,31,9286,146,27429,0,409,86,5120,89,16163,86,21283,California
Tuolumne,2021-04-24,80,37204,18,9304,62,27491,0,409,52,5144,28,16191,52,21335,California
Tuolumne,2021-04-25,27,37231,10,9314,17,27508,0,409,24,5165,3,16194,24,21359,California
Tuolumne,2021-04-26,155,37386,56,9370,99,27607,0,409,72,5156,82,16276,73,21432,California
Tuolumne,2021-04-27,136,37522,23,9393,106,27713,7,416,63,5155,71,16347,70,21502,California
Tuolumne,2021-04-28,118,37640,26,9419,81,27794,11,427,66,5181,51,16398,77,21579,California
Tuolumne,2021-04-29,277,37917,16,9435,253,28047,8,435,53,5020,222,16620,61,21640,California
Tuolumne,2021-04-30,353,38270,22,9457,319,28366,12,447,67,4817,282,16902,79,21719,California
Tuolumne,2021-05-01,25,38295,7,9464,13,28379,5,452,16,4829,9,16911,21,21740,California
Tuolumne,2021-05-02,26,38321,3,9467,21,28400,2,454,19,4843,7,16918,21,21761,California
Tuolumne,2021-05-03,100,38421,14,9481,81,28481,5,459,29,4807,70,16988,34,21795,California
Tuolumne,2021-05-04,694,39115,601,10082,88,28569,5,464,207,4532,486,17474,211,22006,California
Tuolumne,2021-05-05,107,39222,25,10107,76,28645,6,470,55,4544,50,17524,62,22068,California
Tuolumne,2021-05-06,285,39507,13,10120,258,28903,14,484,40,4357,240,17764,53,22121,California
Tuolumne,2021-05-07,323,39830,25,10145,290,29193,8,492,65,4173,257,18021,73,22194,California
Tuolumne,2021-05-08,47,39877,7,10152,36,29229,4,496,29,4188,18,18039,33,22227,California
Tuolumne,2021-05-09,15,39892,2,10154,11,29240,2,498,2,4179,13,18052,4,22231,California
Tuolumne,2021-05-10,111,40003,44,10198,62,29302,5,503,31,4136,79,18131,36,22267,California
Tuolumne,2021-05-11,196,40199,62,10260,122,29424,12,515,55,4063,140,18271,67,22334,California
Tuolumne,2021-05-12,128,40327,20,10280,105,29529,3,518,50,4038,78,18349,53,22387,California
Tuolumne,2021-05-13,109,40436,18,10298,83,29612,8,526,68,4074,41,18390,77,22464,California
Tuolumne,2021-05-14,207,40643,75,10373,120,29732,12,538,106,4093,99,18489,118,22582,California
Tuolumne,2021-05-15,56,40699,14,10387,35,29767,7,545,19,4083,37,18526,27,22609,California
Tuolumne,2021-05-16,26,40725,8,10395,16,29783,2,547,12,4083,14,18540,14,22623,California
Tuolumne,2021-05-17,110,40835,29,10424,78,29861,3,550,47,4071,63,18603,51,22674,California
Tuolumne,2021-05-18,176,41011,54,10478,75,29936,47,597,58,4058,118,18721,105,22779,California
Tuolumne,2021-05-19,120,41131,22,10500,65,30001,33,630,47,4066,72,18793,80,22859,California
Tuolumne,2021-05-20,396,41527,20,10520,371,30372,5,635,52,3780,343,19136,57,22916,California
Tuolumne,2021-05-21,192,41719,88,10608,99,30471,5,640,116,3826,75,19211,121,23037,California
Tuolumne,2021-05-22,52,41771,15,10623,32,30503,5,645,21,3821,30,19241,25,23062,California
Tuolumne,2021-05-23,14,41785,3,10626,11,30514,0,645,5,3817,9,19250,5,23067,California
Tuolumne,2021-05-24,125,41910,41,10667,78,30592,6,651,52,3803,72,19322,58,23125,California
Tuolumne,2021-05-25,280,42190,215,10882,59,30651,6,657,107,3743,173,19495,113,23238,California
Tuolumne,2021-05-26,70,42260,20,10902,48,30699,2,659,31,3737,39,19534,33,23271,California
Tuolumne,2021-05-27,31,42291,9,10911,20,30719,2,661,13,3734,18,19552,15,23286,California
Ventura,2020-12-15,5,5,5,5,0,0,0,0,5,5,0,0,5,5,California
Ventura,2020-12-16,73,78,73,78,0,0,0,0,73,78,0,0,73,78,California
Ventura,2020-12-17,249,327,249,327,0,0,0,0,249,327,0,0,249,327,California
Ventura,2020-12-18,1415,1742,1415,1742,0,0,0,0,1415,1742,0,0,1415,1742,California
Ventura,2020-12-19,914,2656,914,2656,0,0,0,0,914,2656,0,0,914,2656,California
Ventura,2020-12-20,432,3088,432,3088,0,0,0,0,432,3088,0,0,432,3088,California
Ventura,2020-12-21,1468,4556,1468,4556,0,0,0,0,1468,4556,0,0,1468,4556,California
Ventura,2020-12-22,1108,5664,1103,5659,5,5,0,0,1108,5664,0,0,1108,5664,California
Ventura,2020-12-23,1036,6700,987,6646,49,54,0,0,1036,6700,0,0,1036,6700,California
Ventura,2020-12-24,478,7178,380,7026,98,152,0,0,478,7178,0,0,478,7178,California
Ventura,2020-12-25,12,7190,7,7033,5,157,0,0,12,7190,0,0,12,7190,California
Ventura,2020-12-26,113,7303,92,7125,21,178,0,0,113,7303,0,0,113,7303,California
Ventura,2020-12-27,58,7361,27,7152,31,209,0,0,58,7361,0,0,58,7361,California
Ventura,2020-12-28,1068,8429,927,8079,141,350,0,0,1068,8429,0,0,1068,8429,California
Ventura,2020-12-29,1169,9598,762,8841,407,757,0,0,1169,9598,0,0,1169,9598,California
Ventura,2020-12-30,1988,11586,1522,10363,466,1223,0,0,1988,11586,0,0,1988,11586,California
Ventura,2020-12-31,479,12065,160,10523,319,1542,0,0,479,12065,0,0,479,12065,California
Ventura,2021-01-01,31,12096,11,10534,20,1562,0,0,31,12096,0,0,31,12096,California
Ventura,2021-01-02,174,12270,83,10617,91,1653,0,0,174,12270,0,0,174,12270,California
Ventura,2021-01-03,16,12286,8,10625,8,1661,0,0,16,12286,0,0,16,12286,California
Ventura,2021-01-04,1085,13371,552,11177,533,2194,0,0,1084,13370,0,0,1084,13370,California
Ventura,2021-01-05,1375,14746,786,11963,589,2783,0,0,1332,14659,43,43,1332,14702,California
Ventura,2021-01-06,2063,16809,1181,13144,882,3665,0,0,1630,15867,424,467,1632,16334,California
Ventura,2021-01-07,2072,18881,1327,14471,745,4410,0,0,1181,16160,888,1355,1181,17515,California
Ventura,2021-01-08,2195,21076,1472,15943,723,5133,0,0,903,15774,1290,2645,904,18419,California
Ventura,2021-01-09,721,21797,500,16443,221,5354,0,0,318,15689,403,3048,318,18737,California
Ventura,2021-01-10,341,22138,330,16773,11,5365,0,0,127,15602,214,3262,127,18864,California
Ventura,2021-01-11,2449,24587,1490,18263,959,6324,0,0,1496,16148,953,4215,1499,20363,California
Ventura,2021-01-12,3049,27636,1613,19876,1436,7760,0,0,2024,17147,1025,5240,2024,22387,California
Ventura,2021-01-13,2937,30573,1431,21307,1506,9266,0,0,2053,18320,881,6121,2054,24441,California
Ventura,2021-01-14,2734,33307,1059,22366,1675,10941,0,0,2287,20162,446,6567,2288,26729,California
Ventura,2021-01-15,2884,36191,964,23330,1920,12861,0,0,2674,22627,210,6777,2675,29404,California
Ventura,2021-01-16,485,36676,187,23517,298,13159,0,0,405,22952,80,6857,405,29809,California
Ventura,2021-01-17,259,36935,137,23654,122,13281,0,0,253,23199,6,6863,253,30062,California
Ventura,2021-01-18,2207,39142,1658,25312,549,13830,0,0,1662,24318,544,7407,1663,31725,California
Ventura,2021-01-19,3050,42192,2125,27437,925,14755,0,0,2153,25577,897,8304,2156,33881,California
Ventura,2021-01-20,4099,46291,3148,30585,951,15706,0,0,3048,27578,1048,9352,3049,36930,California
Ventura,2021-01-21,3851,50142,2678,33263,1173,16879,0,0,3176,30084,672,10024,3178,40108,California
Ventura,2021-01-22,3622,53764,2498,35761,1124,18003,0,0,3460,33382,162,10186,3460,43568,California
Ventura,2021-01-23,1182,54946,647,36408,535,18538,0,0,1082,34367,99,10285,1084,44652,California
Ventura,2021-01-24,456,55402,137,36545,319,18857,0,0,443,34797,13,10298,443,45095,California
Ventura,2021-01-25,3158,58560,2032,38577,1126,19983,0,0,2601,36843,556,10854,2602,47697,California
Ventura,2021-01-26,3721,62281,2213,40790,1508,21491,0,0,2719,38562,1001,11855,2720,50417,California
Ventura,2021-01-27,3463,65744,1560,42350,1903,23394,0,0,2719,40542,740,12595,2720,53137,California
Ventura,2021-01-28,3881,69625,1999,44349,1882,25276,0,0,3264,43205,602,13197,3265,56402,California
Ventura,2021-01-29,4267,73892,2523,46872,1744,27020,0,0,3766,46482,489,13686,3766,60168,California
Ventura,2021-01-30,3041,76933,1966,48838,1075,28095,0,0,2868,49182,169,13855,2869,63037,California
Ventura,2021-01-31,836,77769,447,49285,389,28484,0,0,750,49847,85,13940,750,63787,California
Ventura,2021-02-01,3956,81725,2116,51401,1840,30324,0,0,3180,52258,771,14711,3182,66969,California
Ventura,2021-02-02,4406,86131,2373,53774,2033,32357,0,0,3384,54626,1018,15729,3386,70355,California
Ventura,2021-02-03,4458,90589,2090,55864,2368,34725,0,0,3443,57060,1010,16739,3444,73799,California
Ventura,2021-02-04,4792,95381,2300,58164,2492,37217,0,0,3524,59327,1260,17999,3527,77326,California
Ventura,2021-02-05,4845,100226,2323,60487,2522,39739,0,0,3352,61201,1480,19479,3354,80680,California
Ventura,2021-02-06,2836,103062,1514,62001,1322,41061,0,0,2434,63234,401,19880,2434,83114,California
Ventura,2021-02-07,713,103775,241,62242,472,41533,0,0,588,63698,125,20005,589,83703,California
Ventura,2021-02-08,3511,107286,1632,63874,1879,43412,0,0,2436,65064,1070,21075,2436,86139,California
Ventura,2021-02-09,4729,112015,1975,65849,2754,46166,0,0,2468,65276,2259,23334,2471,88610,California
Ventura,2021-02-10,4717,116732,2233,68082,2484,48650,0,0,2391,65352,2316,25650,2392,91002,California
Ventura,2021-02-11,4672,121404,1866,69948,2806,51456,0,0,2450,65591,2214,27864,2453,93455,California
Ventura,2021-02-12,6313,127717,2665,72613,3648,55104,0,0,3225,65733,3083,30947,3225,96680,California
Ventura,2021-02-13,3305,131022,1829,74442,1476,56580,0,0,1848,66130,1453,32400,1850,98530,California
Ventura,2021-02-14,1226,132248,123,74565,1103,57683,0,0,1009,66923,217,32617,1010,99540,California
Ventura,2021-02-15,3990,136238,1801,76366,2189,59872,0,0,2118,67172,1869,34486,2118,101658,California
Ventura,2021-02-16,5558,141796,2710,79076,2848,62720,0,0,3016,67656,2532,37018,3016,104674,California
Ventura,2021-02-17,5237,147033,1923,80999,3314,66034,0,0,3266,68960,1962,38980,3266,107940,California
Ventura,2021-02-18,5784,152817,1834,82833,3950,69984,0,0,3637,70461,2136,41116,3637,111577,California
Ventura,2021-02-19,6455,159272,3771,86604,2684,72668,0,0,3012,70039,3436,44552,3014,114591,California
Ventura,2021-02-20,4942,164214,3172,89776,1770,74438,0,0,2774,70655,2162,46714,2778,117369,California
Ventura,2021-02-21,1103,165317,812,90588,291,74729,0,0,451,70461,647,47361,453,117822,California
Ventura,2021-02-22,5377,170694,2412,93000,2965,77694,0,0,3460,72014,1908,49269,3461,121283,California
Ventura,2021-02-23,5939,176633,2975,95975,2964,80658,0,0,3415,72924,2507,51776,3417,124700,California
Ventura,2021-02-24,7014,183647,2617,98592,4397,85055,0,0,4256,74440,2742,54518,4258,128958,California
Ventura,2021-02-25,7502,191149,2575,101167,4927,89982,0,0,4573,76098,2917,57435,4575,133533,California
Ventura,2021-02-26,9359,200508,2775,103942,6584,96566,0,0,6167,79102,3166,60601,6170,139703,California
Ventura,2021-02-27,10013,210521,5286,109228,4727,101293,0,0,7389,83894,2607,63208,7399,147102,California
Ventura,2021-02-28,2571,213092,1637,110865,933,102226,1,1,2096,85522,468,63676,2096,149198,California
Ventura,2021-03-01,6974,220066,2834,113699,4139,106365,1,2,4643,87862,2317,65993,4657,153855,California
Ventura,2021-03-02,7589,227655,4036,117735,3551,109916,2,4,5352,90988,2226,68219,5352,159207,California
Ventura,2021-03-03,8542,236197,3920,121655,4620,114536,2,6,6089,94645,2438,70657,6095,165302,California
Ventura,2021-03-04,8125,244322,3878,125533,4247,118783,0,6,5486,97510,2624,73281,5489,170791,California
Ventura,2021-03-05,9988,254310,4812,130345,5166,123949,10,16,7093,101741,2880,76161,7111,177902,California
Ventura,2021-03-06,7240,261550,4402,134747,2685,126634,153,169,5323,105309,1910,78071,5478,183380,California
Ventura,2021-03-07,1661,263211,614,135361,947,127581,100,269,1246,106240,415,78486,1346,184726,California
Ventura,2021-03-08,6763,269974,3436,138797,3173,130754,154,423,4653,108947,2103,80589,4810,189536,California
Ventura,2021-03-09,6765,276739,3026,141823,3539,134293,200,623,3884,110168,2867,83456,4088,193624,California
Ventura,2021-03-10,6868,283607,3018,144841,3611,137904,239,862,4541,112634,2314,85770,4780,198404,California
Ventura,2021-03-11,6384,289991,2893,147734,3177,141081,314,1176,3426,113428,2944,88714,3738,202142,California
Ventura,2021-03-12,8558,298549,3051,150785,4661,145742,846,2022,4133,113998,4409,93123,4979,207121,California
Ventura,2021-03-13,6706,305255,2510,153295,3352,149094,844,2866,3771,115687,2926,96049,4615,211736,California
Ventura,2021-03-14,2143,307398,486,153781,1160,150254,497,3363,723,115490,1419,97468,1222,212958,California
Ventura,2021-03-15,6931,314329,2050,155831,3534,153788,1347,4710,2985,115897,3922,101390,4329,217287,California
Ventura,2021-03-16,7955,322284,2465,158296,4376,158164,1114,5824,4014,117095,3928,105318,5126,222413,California
Ventura,2021-03-17,7601,329885,2777,161073,4476,162640,348,6172,4589,119044,2989,108307,4938,227351,California
Ventura,2021-03-18,7264,337149,3279,164352,3833,166473,152,6324,4740,121424,2510,110817,4890,232241,California
Ventura,2021-03-19,8479,345628,3803,168155,4563,171036,113,6437,5087,123253,3370,114187,5199,237440,California
Ventura,2021-03-20,8206,353834,5251,173406,2933,173969,22,6459,3943,122978,4241,118428,3966,241406,California
Ventura,2021-03-21,2799,356633,1523,174929,904,174873,372,6831,1323,123207,1463,119891,1692,243098,California
Ventura,2021-03-22,7371,364004,3704,178633,3564,178437,103,6934,4857,125672,2497,122388,4962,248060,California
Ventura,2021-03-23,8213,372217,3885,182518,4256,182693,72,7006,4596,126750,3589,125977,4667,252727,California
Ventura,2021-03-24,8909,381126,3421,185939,5411,188104,77,7083,4448,126845,4431,130408,4526,257253,California
Ventura,2021-03-25,8831,389957,3926,189865,4803,192907,102,7185,4465,127064,4348,134756,4567,261820,California
Ventura,2021-03-26,9880,399837,3373,193238,5853,198760,654,7839,3935,125738,5914,140670,4588,266408,California
Ventura,2021-03-27,8180,408017,3939,197177,4201,202961,40,7879,2426,122478,5732,146402,2472,268880,California
Ventura,2021-03-28,2545,410562,1427,198604,1109,204070,9,7888,1375,122704,1164,147566,1390,270270,California
Ventura,2021-03-29,8506,419068,4298,202902,4163,208233,45,7933,4239,122751,4239,151805,4286,274556,California
Ventura,2021-03-30,9004,428072,4472,207374,4401,212634,131,8064,4402,122695,4588,156393,4532,279088,California
Ventura,2021-03-31,10761,438833,4869,212243,5264,217898,628,8692,4653,121888,6086,162479,5279,284367,California
Ventura,2021-04-01,10798,449631,5285,217528,4630,222528,883,9575,5469,122938,5298,167777,6348,290715,California
Ventura,2021-04-02,11764,461395,4659,222187,5765,228293,1340,10915,5613,123777,6119,173896,6958,297673,California
Ventura,2021-04-03,8134,469529,4028,226215,2931,231224,1175,12090,3428,123678,4695,178591,4596,302269,California
Ventura,2021-04-04,1717,471246,960,227175,622,231846,135,12225,1148,124399,562,179153,1283,303552,California
Ventura,2021-04-05,9378,480624,4907,232082,3357,235203,1114,13339,4766,125679,4600,183753,5880,309432,California
Ventura,2021-04-06,10916,491540,5587,237669,3837,239040,1492,14831,5596,127483,5293,189046,7097,316529,California
Ventura,2021-04-07,11394,502934,5455,243124,4434,243474,1505,16336,5195,128021,6182,195228,6720,323249,California
Ventura,2021-04-08,10324,513258,5342,248466,4032,247506,950,17286,5144,128976,5161,200389,6116,329365,California
Ventura,2021-04-09,11203,524461,4370,252836,5114,252620,1719,19005,4866,129292,6314,206703,6630,335995,California
Ventura,2021-04-10,9185,533646,3522,256358,3501,256121,2162,21167,3013,128329,6155,212858,5192,341187,California
Ventura,2021-04-11,2419,536065,860,257218,990,257111,569,21736,680,127844,1732,214590,1247,342434,California
Ventura,2021-04-12,8892,544957,4471,261689,3605,260716,816,22552,3719,127216,5155,219745,4527,346961,California
Ventura,2021-04-13,8775,553732,4439,266128,4330,265046,6,22558,3737,125954,5005,224750,3743,350704,California
Ventura,2021-04-14,8684,562416,4075,270203,4594,269640,15,22573,3323,123970,5325,230075,3341,354045,California
Ventura,2021-04-15,9316,571732,4538,274741,4771,274411,7,22580,4064,122815,5227,235302,4072,358117,California
Ventura,2021-04-16,10125,581857,4492,279233,5632,280043,1,22581,4784,122279,5325,240627,4789,362906,California
Ventura,2021-04-17,8576,590433,5323,284556,3252,283295,1,22582,4988,123692,3576,244203,4989,367895,California
Ventura,2021-04-18,2137,592570,1015,285571,1122,284417,0,22582,910,123379,1223,245426,910,368805,California
Ventura,2021-04-19,8035,600605,4847,290418,3187,287604,1,22583,4605,124574,3412,248838,4607,373412,California
Ventura,2021-04-20,9272,609877,4917,295335,4351,291955,4,22587,4336,123996,4918,253756,4340,377752,California
Ventura,2021-04-21,8861,618738,4539,299874,4317,296272,5,22592,4188,123531,4659,258415,4194,381946,California
Ventura,2021-04-22,10042,628780,5491,305365,4551,300823,0,22592,4443,122392,5583,263998,4444,386390,California
Ventura,2021-04-23,10810,639590,5399,310764,5410,306233,1,22593,5379,122365,5407,269405,5380,391770,California
Ventura,2021-04-24,10322,649912,5893,316657,4429,310662,0,22593,6044,124144,4266,273671,6045,397815,California
Ventura,2021-04-25,2471,652383,1700,318357,771,311433,0,22593,1145,123967,1322,274993,1145,398960,California
Ventura,2021-04-26,7201,659584,4126,322483,3009,314442,66,22659,2990,122831,4187,279180,3051,402011,California
Ventura,2021-04-27,8382,667966,4639,327122,3572,318014,171,22830,3166,120964,5202,284382,3335,405346,California
Ventura,2021-04-28,8257,676223,4821,331943,3120,321134,316,23146,3234,119510,5004,289386,3550,408896,California
Ventura,2021-04-29,7764,683987,4217,336160,3283,324417,264,23410,2753,117539,4986,294372,3015,411911,California
Ventura,2021-04-30,9330,693317,5446,341606,3610,328027,274,23684,3854,116217,5442,299814,4120,416031,California
Ventura,2021-05-01,4947,698264,3628,345234,1217,329244,102,23786,1866,115127,3058,302872,1968,417999,California
Ventura,2021-05-02,2129,700393,1426,346660,614,329858,89,23875,1038,115167,1088,303960,1128,419127,California
Ventura,2021-05-03,6223,706616,3911,350571,2033,331891,279,24154,1958,113157,4245,308205,2235,421362,California
Ventura,2021-05-04,6270,712886,3318,353889,2653,334544,299,24453,2270,111739,3986,312191,2568,423930,California
Ventura,2021-05-05,5256,718142,3010,356899,1986,336530,260,24713,1896,110552,3336,315527,2149,426079,California
Ventura,2021-05-06,6113,724255,3211,360110,2632,339162,270,24983,1972,108672,4123,319650,2243,428322,California
Ventura,2021-05-07,6749,731004,3419,363529,3057,342219,273,25256,2320,106864,4401,324051,2593,430915,California
Ventura,2021-05-08,5300,736304,4118,367647,1029,343248,153,25409,1212,104155,4074,328125,1365,432280,California
Ventura,2021-05-09,1047,737351,733,368380,268,343516,46,25455,398,103957,641,328766,443,432723,California
Ventura,2021-05-10,6019,743370,4073,372453,1742,345258,204,25659,1364,100879,4645,333411,1567,434290,California
Ventura,2021-05-11,5110,748480,3205,375658,1698,346956,207,25866,1479,98943,3621,337032,1685,435975,California
Ventura,2021-05-12,4724,753204,2713,378371,1811,348767,200,26066,1455,97345,3253,340285,1655,437630,California
Ventura,2021-05-13,5662,758866,3349,381720,2111,350878,202,26268,1909,95716,3740,344025,2111,439741,California
Ventura,2021-05-14,7176,766042,4441,386161,2537,353415,198,26466,2715,94185,4441,348466,2910,442651,California
Ventura,2021-05-15,6519,772561,5367,391528,1067,354482,85,26551,2774,93318,3727,352193,2860,445511,California
Ventura,2021-05-16,2155,774716,1666,393194,437,354919,52,26603,1025,93270,1125,353318,1077,446588,California
Ventura,2021-05-17,5772,780488,3562,396756,2003,356922,207,26810,2543,92808,3211,356529,2749,449337,California
Ventura,2021-05-18,5325,785813,3169,399925,1976,358898,180,26990,2285,92251,3020,359549,2463,451800,California
Ventura,2021-05-19,5756,791569,3519,403444,2030,360928,207,27197,2414,91551,3318,362867,2618,454418,California
Ventura,2021-05-20,4310,795879,2288,405732,1867,362795,155,27352,1769,90958,2516,365383,1923,456341,California
Ventura,2021-05-21,6705,802584,3654,409386,2877,365672,174,27526,2171,88796,4506,369889,2344,458685,California
Ventura,2021-05-22,4756,807340,2311,411697,2371,368043,74,27600,1548,87216,3202,373091,1622,460307,California
Ventura,2021-05-23,1266,808606,1059,412756,138,368181,69,27669,491,87003,773,373864,560,460867,California
Ventura,2021-05-24,4492,813098,2454,415210,1882,370063,156,27825,1568,85816,2911,376775,1724,462591,California
Ventura,2021-05-25,4235,817333,2197,417407,1890,371953,148,27973,1486,84718,2730,379505,1632,464223,California
Ventura,2021-05-26,3994,821327,2166,419573,1697,373650,131,28104,1567,84007,2409,381914,1698,465921,California
Ventura,2021-05-27,2070,823397,891,420464,1108,374758,71,28175,698,83410,1366,383280,769,466690,California
Yolo,2020-12-15,39,39,39,39,0,0,0,0,39,39,0,0,39,39,California
Yolo,2020-12-16,78,117,78,117,0,0,0,0,78,117,0,0,78,117,California
Yolo,2020-12-17,101,218,101,218,0,0,0,0,101,218,0,0,101,218,California
Yolo,2020-12-18,209,427,209,427,0,0,0,0,209,427,0,0,209,427,California
Yolo,2020-12-19,88,515,88,515,0,0,0,0,88,515,0,0,88,515,California
Yolo,2020-12-20,100,615,100,615,0,0,0,0,100,615,0,0,100,615,California
Yolo,2020-12-21,254,869,254,869,0,0,0,0,254,869,0,0,254,869,California
Yolo,2020-12-22,381,1250,380,1249,1,1,0,0,381,1250,0,0,381,1250,California
Yolo,2020-12-23,433,1683,413,1662,20,21,0,0,433,1683,0,0,433,1683,California
Yolo,2020-12-24,153,1836,96,1758,57,78,0,0,153,1836,0,0,153,1836,California
Yolo,2020-12-25,1,1837,1,1759,0,78,0,0,1,1837,0,0,1,1837,California
Yolo,2020-12-26,75,1912,25,1784,50,128,0,0,75,1912,0,0,75,1912,California
Yolo,2020-12-27,46,1958,19,1803,27,155,0,0,46,1958,0,0,46,1958,California
Yolo,2020-12-28,348,2306,180,1983,168,323,0,0,348,2306,0,0,348,2306,California
Yolo,2020-12-29,489,2795,267,2250,222,545,0,0,489,2795,0,0,489,2795,California
Yolo,2020-12-30,623,3418,255,2505,368,913,0,0,623,3418,0,0,623,3418,California
Yolo,2020-12-31,185,3603,95,2600,90,1003,0,0,185,3603,0,0,185,3603,California
Yolo,2021-01-01,58,3661,56,2656,2,1005,0,0,58,3661,0,0,58,3661,California
Yolo,2021-01-02,69,3730,26,2682,43,1048,0,0,69,3730,0,0,69,3730,California
Yolo,2021-01-03,44,3774,19,2701,25,1073,0,0,44,3774,0,0,44,3774,California
Yolo,2021-01-04,194,3968,43,2744,151,1224,0,0,194,3968,0,0,194,3968,California
Yolo,2021-01-05,615,4583,238,2982,377,1601,0,0,554,4461,61,61,554,4522,California
Yolo,2021-01-06,483,5066,183,3165,300,1901,0,0,352,4682,131,192,352,4874,California
Yolo,2021-01-07,710,5776,233,3398,477,2378,0,0,521,5015,188,380,521,5395,California
Yolo,2021-01-08,634,6410,312,3710,322,2700,0,0,418,5218,215,595,418,5813,California
Yolo,2021-01-09,409,6819,69,3779,340,3040,0,0,363,5535,46,641,363,6176,California
Yolo,2021-01-10,393,7212,80,3859,313,3353,0,0,323,5788,70,711,323,6499,California
Yolo,2021-01-11,562,7774,324,4183,238,3591,0,0,293,5814,269,980,295,6794,California
Yolo,2021-01-12,486,8260,367,4550,119,3710,0,0,178,5685,308,1288,179,6973,California
Yolo,2021-01-13,772,9032,312,4862,460,4170,0,0,522,5957,250,1538,522,7495,California
Yolo,2021-01-14,378,9410,183,5045,195,4365,0,0,274,6127,104,1642,274,7769,California
Yolo,2021-01-15,624,10034,319,5364,305,4670,0,0,545,6594,79,1721,546,8315,California
Yolo,2021-01-16,741,10775,95,5459,646,5316,0,0,710,7273,31,1752,710,9025,California
Yolo,2021-01-17,187,10962,119,5578,68,5384,0,0,180,7446,7,1759,180,9205,California
Yolo,2021-01-18,481,11443,304,5882,177,5561,0,0,378,7721,103,1862,378,9583,California
Yolo,2021-01-19,558,12001,373,6255,185,5746,0,0,385,7933,173,2035,385,9968,California
Yolo,2021-01-20,661,12662,381,6636,280,6026,0,0,475,8223,185,2220,475,10443,California
Yolo,2021-01-21,652,13314,385,7021,267,6293,0,0,464,8499,188,2408,464,10907,California
Yolo,2021-01-22,751,14065,252,7273,499,6792,0,0,633,9016,116,2524,633,11540,California
Yolo,2021-01-23,615,14680,122,7395,493,7285,0,0,567,9535,48,2572,567,12107,California
Yolo,2021-01-24,208,14888,124,7519,84,7369,0,0,167,9661,41,2613,167,12274,California
Yolo,2021-01-25,731,15619,156,7675,575,7944,0,0,513,9956,218,2831,513,12787,California
Yolo,2021-01-26,822,16441,328,8003,494,8438,0,0,427,9988,395,3226,427,13214,California
Yolo,2021-01-27,557,16998,223,8226,334,8772,0,0,381,10193,176,3402,381,13595,California
Yolo,2021-01-28,1051,18049,567,8793,484,9256,0,0,926,10995,124,3526,926,14521,California
Yolo,2021-01-29,891,18940,266,9059,625,9881,0,0,806,11717,84,3610,806,15327,California
Yolo,2021-01-30,1531,20471,928,9987,603,10484,0,0,1410,13012,115,3725,1410,16737,California
Yolo,2021-01-31,240,20711,202,10189,38,10522,0,0,213,13199,26,3751,213,16950,California
Yolo,2021-02-01,847,21558,361,10550,486,11008,0,0,614,13583,230,3981,614,17564,California
Yolo,2021-02-02,1336,22894,751,11301,585,11593,0,0,929,14106,407,4388,930,18494,California
Yolo,2021-02-03,1531,24425,400,11701,1131,12724,0,0,1190,14958,338,4726,1190,19684,California
Yolo,2021-02-04,1796,26221,283,11984,1513,14237,0,0,1244,15662,541,5267,1245,20929,California
Yolo,2021-02-05,1599,27820,908,12892,691,14928,0,0,1199,16463,399,5666,1200,22129,California
Yolo,2021-02-06,1923,29743,1253,14145,670,15598,0,0,1562,17665,361,6027,1563,23692,California
Yolo,2021-02-07,520,30263,250,14395,270,15868,0,0,171,17488,348,6375,171,23863,California
Yolo,2021-02-08,952,31215,334,14729,618,16486,0,0,605,17749,344,6719,605,24468,California
Yolo,2021-02-09,860,32075,387,15116,473,16959,0,0,577,18043,283,7002,577,25045,California
Yolo,2021-02-10,1462,33537,477,15593,985,17944,0,0,821,18225,641,7643,823,25868,California
Yolo,2021-02-11,1573,35110,804,16397,769,18713,0,0,1186,19024,387,8030,1186,27054,California
Yolo,2021-02-12,1919,37029,756,17153,1163,19876,0,0,1445,19999,470,8500,1445,28499,California
Yolo,2021-02-13,2056,39085,712,17865,1344,21220,0,0,1390,20723,666,9166,1390,29889,California
Yolo,2021-02-14,569,39654,154,18019,415,21635,0,0,445,21045,123,9289,445,30334,California
Yolo,2021-02-15,533,40187,190,18209,343,21978,0,0,267,21047,266,9555,268,30602,California
Yolo,2021-02-16,1132,41319,427,18636,705,22683,0,0,811,21538,321,9876,812,31414,California
Yolo,2021-02-17,1392,42711,700,19336,692,23375,0,0,997,22140,395,10271,997,32411,California
Yolo,2021-02-18,2500,45211,816,20152,1684,25059,0,0,1723,23088,776,11047,1724,34135,California
Yolo,2021-02-19,1749,46960,751,20903,998,26057,0,0,1128,23597,619,11666,1128,35263,California
Yolo,2021-02-20,2455,49415,957,21860,1498,27555,0,0,1372,23892,1078,12744,1373,36636,California
Yolo,2021-02-21,285,49700,228,22088,57,27612,0,0,76,23760,208,12952,76,36712,California
Yolo,2021-02-22,1364,51064,600,22688,764,28376,0,0,694,23785,669,13621,694,37406,California
Yolo,2021-02-23,1132,52196,849,23537,283,28659,0,0,437,23529,693,14314,437,37843,California
Yolo,2021-02-24,2093,54289,592,24129,1501,30160,0,0,1384,24206,707,15021,1384,39227,California
Yolo,2021-02-25,1382,55671,487,24616,895,31055,0,0,916,24657,465,15486,916,40143,California
Yolo,2021-02-26,2610,58281,1017,25633,1593,32648,0,0,1385,24820,1222,16708,1385,41528,California
Yolo,2021-02-27,1663,59944,769,26402,894,33542,0,0,1213,25583,450,17158,1213,42741,California
Yolo,2021-02-28,1776,61720,1498,27900,278,33820,0,0,675,25159,1099,18257,675,43416,California
Yolo,2021-03-01,1103,62823,366,28266,737,34557,0,0,673,25404,428,18685,673,44089,California
Yolo,2021-03-02,1473,64296,693,28959,780,35337,0,0,943,25817,530,19215,943,45032,California
Yolo,2021-03-03,1853,66149,637,29596,1216,36553,0,0,830,25626,1021,20236,830,45862,California
Yolo,2021-03-04,2927,69076,1467,31063,1460,38013,0,0,1565,25832,1359,21595,1565,47427,California
Yolo,2021-03-05,2362,71438,1409,32472,942,38955,11,11,1475,26432,886,22481,1486,48913,California
Yolo,2021-03-06,1482,72920,1133,33605,320,39275,29,40,842,26665,638,23119,871,49784,California
Yolo,2021-03-07,914,73834,678,34283,222,39497,14,54,779,27323,135,23254,793,50577,California
Yolo,2021-03-08,1097,74931,490,34773,564,40061,43,97,768,27807,328,23582,812,51389,California
Yolo,2021-03-09,1277,76208,689,35462,526,40587,62,159,781,28156,494,24076,843,52232,California
Yolo,2021-03-10,1812,78020,1060,36522,462,41049,290,449,754,28139,1054,25130,1037,53269,California
Yolo,2021-03-11,2351,80371,1603,38125,680,41729,68,517,1605,29068,745,25875,1674,54943,California
Yolo,2021-03-12,2907,83278,1354,39479,1473,43202,80,597,1372,28992,1527,27402,1451,56394,California
Yolo,2021-03-13,1848,85126,735,40214,936,44138,177,774,1003,29330,842,28244,1180,57574,California
Yolo,2021-03-14,1009,86135,213,40427,646,44784,150,924,527,29522,481,28725,673,58247,California
Yolo,2021-03-15,1323,87458,773,41200,373,45157,177,1101,707,29790,614,29339,882,59129,California
Yolo,2021-03-16,1869,89327,717,41917,1080,46237,72,1173,1104,30201,765,30104,1176,60305,California
Yolo,2021-03-17,2508,91835,977,42894,1459,47696,72,1245,1721,31242,784,30888,1825,62130,California
Yolo,2021-03-18,3033,94868,1033,43927,1775,49471,225,1470,1259,30956,1770,32658,1484,63614,California
Yolo,2021-03-19,2094,96962,871,44798,1155,50626,68,1538,1098,31132,990,33648,1166,64780,California
Yolo,2021-03-20,2772,99734,819,45617,1912,52538,41,1579,1108,30625,1658,35306,1151,65931,California
Yolo,2021-03-21,314,100048,214,45831,92,52630,8,1587,228,30776,85,35391,236,66167,California
Yolo,2021-03-22,1402,101450,489,46320,855,53485,58,1645,922,31278,477,35868,979,67146,California
Yolo,2021-03-23,1739,103189,938,47258,745,54230,56,1701,1071,31737,667,36535,1126,68272,California
Yolo,2021-03-24,2876,106065,1408,48666,1419,55649,49,1750,1407,31737,1457,37992,1457,69729,California
Yolo,2021-03-25,2552,108617,1417,50083,1106,56755,29,1779,1255,31735,1286,39278,1284,71013,California
Yolo,2021-03-26,2401,111018,1258,51341,1124,57879,19,1798,1025,31409,1369,40647,1043,72056,California
Yolo,2021-03-27,1653,112671,455,51796,1181,59060,17,1815,759,31292,893,41540,776,72832,California
Yolo,2021-03-28,1109,113780,866,52662,225,59285,18,1833,270,30745,835,42375,288,73120,California
Yolo,2021-03-29,2024,115804,822,53484,1172,60457,30,1863,978,30711,1042,43417,1008,74128,California
Yolo,2021-03-30,2279,118083,1081,54565,1176,61633,22,1885,1168,30797,1106,44523,1192,75320,California
Yolo,2021-03-31,2354,120437,1224,55789,1094,62727,36,1921,1193,30866,1160,45683,1229,76549,California
Yolo,2021-04-01,3838,124275,1853,57642,1511,64238,474,2395,1613,30731,2222,47905,2087,78636,California
Yolo,2021-04-02,3403,127678,1521,59163,1735,65973,147,2542,2110,31703,1287,49192,2259,80895,California
Yolo,2021-04-03,1810,129488,1092,60255,499,66472,219,2761,807,31727,1002,50194,1026,81921,California
Yolo,2021-04-04,393,129881,156,60411,175,66647,62,2823,147,31690,246,50440,209,82130,California
Yolo,2021-04-05,1917,131798,735,61146,1082,67729,100,2923,1018,31915,894,51334,1119,83249,California
Yolo,2021-04-06,2574,134372,1306,62452,1097,68826,171,3094,1301,32124,1264,52598,1473,84722,California
Yolo,2021-04-07,2994,137366,1521,63973,1119,69945,354,3448,1934,33363,1054,53652,2293,87015,California
Yolo,2021-04-08,2416,139782,1002,64975,941,70886,473,3921,1021,33461,1392,55044,1490,88505,California
Yolo,2021-04-09,2572,142354,913,65888,1083,71969,576,4497,844,33151,1725,56769,1415,89920,California
Yolo,2021-04-10,1746,144100,821,66709,745,72714,180,4677,1032,33652,710,57479,1211,91131,California
Yolo,2021-04-11,888,144988,281,66990,563,73277,44,4721,364,33538,521,58000,407,91538,California
Yolo,2021-04-12,1759,146747,518,67508,1097,74374,144,4865,1086,34100,669,58669,1231,92769,California
Yolo,2021-04-13,1971,148718,912,68420,1059,75433,0,4865,1039,34208,931,59600,1039,93808,California
Yolo,2021-04-14,2765,151483,760,69180,2005,77438,0,4865,1366,34180,1394,60994,1366,95174,California
Yolo,2021-04-15,3316,154799,1136,70316,2180,79618,0,4865,2275,35420,1035,62029,2275,97449,California
Yolo,2021-04-16,3042,157841,1959,72275,1083,80701,0,4865,1938,36260,1098,63127,1938,99387,California
Yolo,2021-04-17,1605,159446,471,72746,1134,81835,0,4865,832,36322,770,63897,832,100219,California
Yolo,2021-04-18,631,160077,306,73052,325,82160,0,4865,351,36397,276,64173,351,100570,California
Yolo,2021-04-19,1663,161740,716,73768,946,83106,1,4866,762,36264,896,65069,763,101333,California
Yolo,2021-04-20,1997,163737,1013,74781,984,84090,0,4866,1071,36411,924,65993,1071,102404,California
Yolo,2021-04-21,1978,165715,985,75766,993,85083,0,4866,1075,36588,898,66891,1075,103479,California
Yolo,2021-04-22,1949,167664,885,76651,1064,86147,0,4866,971,36587,973,67864,972,104451,California
Yolo,2021-04-23,2617,170281,1526,78177,1091,87238,0,4866,1163,36307,1443,69307,1163,105614,California
Yolo,2021-04-24,1167,171448,641,78818,524,87762,2,4868,463,36075,697,70004,465,106079,California
Yolo,2021-04-25,949,172397,406,79224,543,88305,0,4868,728,36583,220,70224,728,106807,California
Yolo,2021-04-26,1176,173573,450,79674,723,89028,3,4871,484,36381,690,70914,488,107295,California
Yolo,2021-04-27,1489,175062,698,80372,782,89810,9,4880,574,36051,915,71829,585,107880,California
Yolo,2021-04-28,2019,177081,1002,81374,990,90800,27,4907,711,35484,1305,73134,738,108618,California
Yolo,2021-04-29,1710,178791,792,82166,836,91636,82,4989,651,35159,1058,74192,733,109351,California
Yolo,2021-04-30,2011,180802,993,83159,960,92596,58,5047,959,35131,1045,75237,1017,110368,California
Yolo,2021-05-01,1284,182086,998,84157,266,92862,20,5067,381,34630,902,76139,401,110769,California
Yolo,2021-05-02,496,182582,403,84560,70,92932,23,5090,322,34801,174,76313,345,111114,California
Yolo,2021-05-03,1122,183704,408,84968,680,93612,34,5124,303,34320,817,77130,336,111450,California
Yolo,2021-05-04,1437,185141,656,85624,757,94369,24,5148,486,33883,947,78077,510,111960,California
Yolo,2021-05-05,1552,186693,421,86045,1065,95434,66,5214,437,33278,1108,79185,503,112463,California
Yolo,2021-05-06,1508,188201,704,86749,724,96158,80,5294,497,32857,998,80183,577,113040,California
Yolo,2021-05-07,2299,190500,1374,88123,874,97032,51,5345,458,31532,1833,82016,508,113548,California
Yolo,2021-05-08,835,191335,358,88481,420,97452,57,5402,311,31378,521,82537,367,113915,California
Yolo,2021-05-09,393,191728,163,88644,217,97669,13,5415,90,31179,302,82839,103,114018,California
Yolo,2021-05-10,900,192628,355,88999,500,98169,45,5460,153,30631,745,83584,197,114215,California
Yolo,2021-05-11,1123,193751,651,89650,451,98620,21,5481,274,30080,846,84430,295,114510,California
Yolo,2021-05-12,1503,195254,665,90315,809,99429,29,5510,279,29170,1221,85651,311,114821,California
Yolo,2021-05-13,2073,197327,783,91098,1238,100667,52,5562,589,28331,1480,87131,641,115462,California
Yolo,2021-05-14,2025,199352,1506,92604,488,101155,31,5593,1151,28642,871,88002,1182,116644,California
Yolo,2021-05-15,1245,200597,704,93308,494,101649,47,5640,639,28722,606,88608,686,117330,California
Yolo,2021-05-16,1403,202000,1194,94502,203,101852,6,5646,984,29297,415,89023,990,118320,California
Yolo,2021-05-17,1073,203073,392,94894,662,102514,19,5665,330,28908,738,89761,349,118669,California
Yolo,2021-05-18,1679,204752,1101,95995,557,103071,21,5686,937,29129,737,90498,958,119627,California
Yolo,2021-05-19,1004,205756,590,96585,379,103450,35,5721,499,29160,503,91001,534,120161,California
Yolo,2021-05-20,940,206696,625,97210,293,103743,22,5743,377,29002,557,91558,399,120560,California
Yolo,2021-05-21,1247,207943,839,98049,390,104133,18,5761,310,28398,931,92489,327,120887,California
Yolo,2021-05-22,672,208615,469,98518,195,104328,8,5769,260,28257,409,92898,268,121155,California
Yolo,2021-05-23,509,209124,107,98625,387,104715,15,5784,91,27946,416,93314,105,121260,California
Yolo,2021-05-24,704,209828,352,98977,334,105049,18,5802,227,27716,475,93789,245,121505,California
Yolo,2021-05-25,838,210666,472,99449,343,105392,23,5825,335,27576,498,94287,358,121863,California
Yolo,2021-05-26,806,211472,259,99708,516,105908,31,5856,270,27348,530,94817,302,122165,California
Yolo,2021-05-27,501,211973,277,99985,194,106102,30,5886,180,27240,318,95135,210,122375,California
Yuba,2020-12-16,4,4,4,4,0,0,0,0,4,4,0,0,4,4,California
Yuba,2020-12-17,4,8,4,8,0,0,0,0,4,8,0,0,4,8,California
Yuba,2020-12-18,8,16,8,16,0,0,0,0,8,16,0,0,8,16,California
Yuba,2020-12-19,12,28,12,28,0,0,0,0,12,28,0,0,12,28,California
Yuba,2020-12-20,20,48,20,48,0,0,0,0,20,48,0,0,20,48,California
Yuba,2020-12-21,40,88,40,88,0,0,0,0,40,88,0,0,40,88,California
Yuba,2020-12-22,86,174,86,174,0,0,0,0,86,174,0,0,86,174,California
Yuba,2020-12-23,64,238,62,236,2,2,0,0,64,238,0,0,64,238,California
Yuba,2020-12-24,20,258,10,246,10,12,0,0,20,258,0,0,20,258,California
Yuba,2020-12-26,15,273,13,259,2,14,0,0,15,273,0,0,15,273,California
Yuba,2020-12-27,15,288,15,274,0,14,0,0,15,288,0,0,15,288,California
Yuba,2020-12-28,51,339,35,309,16,30,0,0,51,339,0,0,51,339,California
Yuba,2020-12-29,75,414,10,319,65,95,0,0,75,414,0,0,75,414,California
Yuba,2020-12-30,64,478,20,339,44,139,0,0,64,478,0,0,64,478,California
Yuba,2020-12-31,38,516,7,346,31,170,0,0,38,516,0,0,38,516,California
Yuba,2021-01-02,23,539,22,368,1,171,0,0,23,539,0,0,23,539,California
Yuba,2021-01-03,10,549,6,374,4,175,0,0,10,549,0,0,10,549,California
Yuba,2021-01-04,91,640,22,396,69,244,0,0,91,640,0,0,91,640,California
Yuba,2021-01-05,70,710,38,434,32,276,0,0,69,708,1,1,69,709,California
Yuba,2021-01-06,154,864,76,510,78,354,0,0,148,850,6,7,148,857,California
Yuba,2021-01-07,75,939,19,529,56,410,0,0,72,918,4,11,72,929,California
Yuba,2021-01-08,72,1011,24,553,48,458,0,0,65,976,7,18,65,994,California
Yuba,2021-01-09,19,1030,16,569,3,461,0,0,11,979,8,26,11,1005,California
Yuba,2021-01-10,117,1147,22,591,95,556,0,0,95,1052,22,48,95,1100,California
Yuba,2021-01-11,72,1219,50,641,22,578,0,0,32,1044,40,88,32,1132,California
Yuba,2021-01-12,108,1327,78,719,30,608,0,0,43,1022,65,153,43,1175,California
Yuba,2021-01-13,120,1447,72,791,48,656,0,0,55,1013,64,217,55,1230,California
Yuba,2021-01-14,110,1557,43,834,67,723,0,0,98,1099,12,229,98,1328,California
Yuba,2021-01-15,204,1761,87,921,117,840,0,0,193,1281,11,240,193,1521,California
Yuba,2021-01-16,185,1946,21,942,164,1004,0,0,173,1441,13,253,173,1694,California
Yuba,2021-01-17,13,1959,9,951,4,1008,0,0,7,1442,6,259,7,1701,California
Yuba,2021-01-18,60,2019,32,983,28,1036,0,0,35,1452,25,284,35,1736,California
Yuba,2021-01-19,81,2100,30,1013,51,1087,0,0,66,1503,15,299,66,1802,California
Yuba,2021-01-20,133,2233,87,1100,46,1133,0,0,110,1590,23,322,110,1912,California
Yuba,2021-01-21,213,2446,97,1197,116,1249,0,0,205,1787,8,330,205,2117,California
Yuba,2021-01-22,105,2551,6,1203,99,1348,0,0,96,1874,9,339,96,2213,California
Yuba,2021-01-23,200,2751,7,1210,193,1541,0,0,197,2068,3,342,197,2410,California
Yuba,2021-01-24,10,2761,7,1217,3,1544,0,0,8,2074,2,344,8,2418,California
Yuba,2021-01-25,86,2847,30,1247,56,1600,0,0,53,2095,32,376,53,2471,California
Yuba,2021-01-26,148,2995,39,1286,109,1709,0,0,90,2127,58,434,90,2561,California
Yuba,2021-01-27,184,3179,129,1415,55,1764,0,0,115,2173,69,503,115,2676,California
Yuba,2021-01-28,227,3406,89,1504,138,1902,0,0,175,2296,52,555,175,2851,California
Yuba,2021-01-29,148,3554,45,1549,103,2005,0,0,111,2370,37,592,111,2962,California
Yuba,2021-01-30,410,3964,23,1572,387,2392,0,0,399,2758,11,603,399,3361,California
Yuba,2021-01-31,18,3982,12,1584,6,2398,0,0,16,2772,2,605,16,3377,California
Yuba,2021-02-01,155,4137,75,1659,80,2478,0,0,131,2881,23,628,132,3509,California
Yuba,2021-02-02,123,4260,23,1682,100,2578,0,0,101,2960,22,650,101,3610,California
Yuba,2021-02-03,226,4486,29,1711,197,2775,0,0,114,2963,111,761,114,3724,California
Yuba,2021-02-04,296,4782,121,1832,175,2950,0,0,253,3173,43,804,253,3977,California
Yuba,2021-02-05,147,4929,32,1864,115,3065,0,0,71,3168,76,880,71,4048,California
Yuba,2021-02-06,449,5378,26,1890,423,3488,0,0,441,3601,8,888,441,4489,California
Yuba,2021-02-07,20,5398,13,1903,7,3495,0,0,16,3613,4,892,16,4505,California
Yuba,2021-02-08,96,5494,35,1938,61,3556,0,0,66,3649,30,922,66,4571,California
Yuba,2021-02-09,154,5648,56,1994,98,3654,0,0,84,3663,70,992,84,4655,California
Yuba,2021-02-10,355,6003,172,2166,183,3837,0,0,116,3541,238,1230,116,4771,California
Yuba,2021-02-11,396,6399,64,2230,332,4169,0,0,298,3743,96,1326,298,5069,California
Yuba,2021-02-12,264,6663,26,2256,238,4407,0,0,150,3779,114,1440,150,5219,California
Yuba,2021-02-13,436,7099,36,2292,400,4807,0,0,387,4117,49,1489,387,5606,California
Yuba,2021-02-14,54,7153,11,2303,43,4850,0,0,49,4161,5,1494,49,5655,California
Yuba,2021-02-15,87,7240,36,2339,51,4901,0,0,68,4210,19,1513,68,5723,California
Yuba,2021-02-16,199,7439,53,2392,146,5047,0,0,140,4292,58,1571,140,5863,California
Yuba,2021-02-17,373,7812,156,2548,217,5264,0,0,99,4118,273,1844,99,5962,California
Yuba,2021-02-18,317,8129,47,2595,270,5534,0,0,193,4187,124,1968,193,6155,California
Yuba,2021-02-19,226,8355,82,2677,144,5678,0,0,142,4245,84,2052,142,6297,California
Yuba,2021-02-20,391,8746,31,2708,360,6038,0,0,337,4528,54,2106,337,6634,California
Yuba,2021-02-21,17,8763,14,2722,3,6041,0,0,7,4525,10,2116,7,6641,California
Yuba,2021-02-22,128,8891,79,2801,49,6090,0,0,38,4474,89,2205,38,6679,California
Yuba,2021-02-23,115,9006,25,2826,90,6180,0,0,48,4456,66,2271,48,6727,California
Yuba,2021-02-24,482,9488,136,2962,346,6526,0,0,107,4188,375,2646,107,6834,California
Yuba,2021-02-25,342,9830,137,3099,205,6731,0,0,212,4270,130,2776,212,7046,California
Yuba,2021-02-26,257,10087,67,3166,190,6921,0,0,144,4303,111,2887,144,7190,California
Yuba,2021-02-27,473,10560,47,3213,426,7347,0,0,384,4600,87,2974,384,7574,California
Yuba,2021-02-28,67,10627,22,3235,45,7392,0,0,45,4623,22,2996,45,7619,California
Yuba,2021-03-01,156,10783,40,3275,116,7508,0,0,80,4628,75,3071,80,7699,California
Yuba,2021-03-02,160,10943,36,3311,124,7632,0,0,80,4628,80,3151,80,7779,California
Yuba,2021-03-03,623,11566,159,3470,464,8096,0,0,200,4406,422,3573,200,7979,California
Yuba,2021-03-04,466,12032,270,3740,196,8292,0,0,325,4591,140,3713,325,8304,California
Yuba,2021-03-05,316,12348,59,3799,256,8548,1,1,249,4774,67,3780,250,8554,California
Yuba,2021-03-06,476,12824,35,3834,437,8985,4,5,370,5042,106,3886,374,8928,California
Yuba,2021-03-07,50,12874,28,3862,21,9006,1,6,34,5061,16,3902,35,8963,California
Yuba,2021-03-08,160,13034,49,3911,95,9101,16,22,101,5119,59,3961,117,9080,California
Yuba,2021-03-09,178,13212,47,3958,111,9212,20,42,84,5129,94,4055,104,9184,California
Yuba,2021-03-10,738,13950,235,4193,473,9685,30,72,233,4888,504,4559,263,9447,California
Yuba,2021-03-11,437,14387,196,4389,229,9914,12,84,294,5051,143,4702,306,9753,California
Yuba,2021-03-12,461,14848,86,4475,321,10235,54,138,150,4944,311,5013,204,9957,California
Yuba,2021-03-13,459,15307,340,4815,104,10339,15,153,360,5221,98,5111,375,10332,California
Yuba,2021-03-14,108,15415,21,4836,77,10416,10,163,46,5217,60,5171,56,10388,California
Yuba,2021-03-15,190,15605,49,4885,124,10540,17,180,96,5236,94,5265,113,10501,California
Yuba,2021-03-16,296,15901,71,4956,200,10740,25,205,182,5330,113,5378,207,10708,California
Yuba,2021-03-17,740,16641,162,5118,549,11289,29,234,193,5007,545,5923,222,10930,California
Yuba,2021-03-18,584,17225,159,5277,312,11601,113,347,356,5247,228,6151,468,11398,California
Yuba,2021-03-19,327,17552,120,5397,158,11759,49,396,188,5346,138,6289,237,11635,California
Yuba,2021-03-20,554,18106,81,5478,455,12214,18,414,474,5759,79,6368,492,12127,California
Yuba,2021-03-21,61,18167,36,5514,25,12239,0,414,49,5796,12,6380,49,12176,California
Yuba,2021-03-22,191,18358,70,5584,114,12353,7,421,149,5910,42,6422,156,12332,California
Yuba,2021-03-23,264,18622,79,5663,158,12511,27,448,176,6027,86,6508,203,12535,California
Yuba,2021-03-24,771,19393,255,5918,435,12946,81,529,188,5714,581,7089,268,12803,California
Yuba,2021-03-25,504,19897,269,6187,213,13159,22,551,250,5732,254,7343,272,13075,California
Yuba,2021-03-26,395,20292,143,6330,225,13384,27,578,227,5819,167,7510,254,13329,California
Yuba,2021-03-27,459,20751,28,6358,428,13812,3,581,404,6171,54,7564,406,13735,California
Yuba,2021-03-28,100,20851,41,6399,55,13867,4,585,37,6149,63,7627,41,13776,California
Yuba,2021-03-29,296,21147,87,6486,177,14044,32,617,180,6245,116,7743,212,13988,California
Yuba,2021-03-30,275,21422,69,6555,198,14242,8,625,189,6356,86,7829,197,14185,California
Yuba,2021-03-31,673,22095,116,6671,545,14787,12,637,242,6181,430,8259,255,14440,California
Yuba,2021-04-01,623,22718,289,6960,305,15092,29,666,289,6165,334,8593,318,14758,California
Yuba,2021-04-02,496,23214,95,7055,318,15410,83,749,187,6126,308,8901,269,15027,California
Yuba,2021-04-03,653,23867,54,7109,117,15527,482,1231,86,6128,566,9467,568,15595,California
Yuba,2021-04-04,59,23926,11,7120,42,15569,6,1237,34,6143,25,9492,40,15635,California
Yuba,2021-04-05,245,24171,78,7198,146,15715,21,1258,123,6167,120,9612,144,15779,California
Yuba,2021-04-06,356,24527,113,7311,182,15897,61,1319,172,6216,183,9795,232,16011,California
Yuba,2021-04-07,772,25299,397,7708,322,16219,53,1372,349,6197,420,10215,401,16412,California
Yuba,2021-04-08,747,26046,289,7997,194,16413,264,1636,278,6271,468,10683,542,16954,California
Yuba,2021-04-09,401,26447,173,8170,162,16575,66,1702,167,6271,233,10916,233,17187,California
Yuba,2021-04-10,595,27042,71,8241,75,16650,449,2151,70,6266,523,11439,518,17705,California
Yuba,2021-04-11,104,27146,26,8267,66,16716,12,2163,44,6263,59,11498,56,17761,California
Yuba,2021-04-12,210,27356,45,8312,136,16852,29,2192,80,6243,129,11627,109,17870,California
Yuba,2021-04-13,395,27751,102,8414,293,17145,0,2192,201,6251,193,11820,201,18071,California
Yuba,2021-04-14,695,28446,109,8523,586,17731,0,2192,121,5799,573,12393,121,18192,California
Yuba,2021-04-15,336,28782,129,8652,207,17938,0,2192,145,5753,191,12584,145,18337,California
Yuba,2021-04-16,335,29117,99,8751,236,18174,0,2192,179,5777,155,12739,179,18516,California
Yuba,2021-04-17,402,29519,59,8810,343,18517,0,2192,330,6036,71,12810,330,18846,California
Yuba,2021-04-18,53,29572,10,8820,43,18560,0,2192,24,6031,29,12839,24,18870,California
Yuba,2021-04-19,247,29819,103,8923,144,18704,0,2192,105,5994,142,12981,105,18975,California
Yuba,2021-04-20,316,30135,78,9001,238,18942,0,2192,179,6038,136,13117,180,19155,California
Yuba,2021-04-21,700,30835,281,9282,419,19361,0,2192,297,5932,403,13520,297,19452,California
Yuba,2021-04-22,352,31187,137,9419,215,19576,0,2192,196,5972,156,13676,196,19648,California
Yuba,2021-04-23,344,31531,114,9533,230,19806,0,2192,164,5958,178,13854,164,19812,California
Yuba,2021-04-24,215,31746,68,9601,147,19953,0,2192,122,5987,93,13947,122,19934,California
Yuba,2021-04-25,72,31818,29,9630,43,19996,0,2192,35,5985,37,13984,35,19969,California
Yuba,2021-04-26,223,32041,53,9683,166,20162,4,2196,101,5968,122,14106,105,20074,California
Yuba,2021-04-27,472,32513,162,9845,300,20462,10,2206,234,5976,236,14342,244,20318,California
Yuba,2021-04-28,429,32942,175,10020,249,20711,5,2211,144,5846,279,14621,149,20467,California
Yuba,2021-04-29,427,33369,64,10084,362,21073,1,2212,145,5711,281,14902,146,20613,California
Yuba,2021-04-30,330,33699,94,10178,206,21279,30,2242,141,5695,187,15089,171,20784,California
Yuba,2021-05-01,206,33905,91,10269,96,21375,19,2261,93,5695,112,15201,112,20896,California
Yuba,2021-05-02,64,33969,34,10303,26,21401,4,2265,37,5709,27,15228,41,20937,California
Yuba,2021-05-03,140,34109,66,10369,65,21466,9,2274,45,5669,94,15322,54,20991,California
Yuba,2021-05-04,318,34427,94,10463,203,21669,21,2295,140,5652,178,15500,161,21152,California
Yuba,2021-05-05,316,34743,77,10540,232,21901,7,2302,113,5569,203,15703,120,21272,California
Yuba,2021-05-06,275,35018,103,10643,134,22035,38,2340,90,5515,182,15885,128,21400,California
Yuba,2021-05-07,358,35376,94,10737,236,22271,28,2368,122,5428,236,16121,149,21549,California
Yuba,2021-05-08,104,35480,32,10769,69,22340,3,2371,46,5419,58,16179,49,21598,California
Yuba,2021-05-09,52,35532,23,10792,26,22366,3,2374,37,5444,15,16194,40,21638,California
Yuba,2021-05-10,172,35704,56,10848,98,22464,18,2392,54,5399,117,16311,72,21710,California
Yuba,2021-05-11,367,36071,162,11010,191,22655,14,2406,135,5317,230,16541,148,21858,California
Yuba,2021-05-12,248,36319,123,11133,118,22773,7,2413,96,5268,152,16693,103,21961,California
Yuba,2021-05-13,343,36662,186,11319,114,22887,43,2456,108,5186,233,16926,151,22112,California
Yuba,2021-05-14,365,37027,140,11459,205,23092,20,2476,160,5160,205,17131,179,22291,California
Yuba,2021-05-15,433,37460,109,11568,303,23395,21,2497,110,4969,321,17452,130,22421,California
Yuba,2021-05-16,137,37597,44,11612,84,23479,9,2506,85,5012,51,17503,94,22515,California
Yuba,2021-05-17,214,37811,89,11701,105,23584,20,2526,93,5006,119,17622,113,22628,California
Yuba,2021-05-18,391,38202,161,11862,221,23805,9,2535,168,4960,223,17845,177,22805,California
Yuba,2021-05-19,265,38467,148,12010,111,23916,6,2541,138,4977,127,17972,144,22949,California
Yuba,2021-05-20,397,38864,285,12295,101,24017,11,2552,254,5100,142,18114,265,23214,California
Yuba,2021-05-21,475,39339,254,12549,215,24232,6,2558,299,5231,174,18288,305,23519,California
Yuba,2021-05-22,197,39536,111,12660,77,24309,9,2567,83,5209,114,18402,92,23611,California
Yuba,2021-05-23,37,39573,25,12685,12,24321,0,2567,29,5230,8,18410,29,23640,California
Yuba,2021-05-24,150,39723,47,12732,90,24411,13,2580,48,5190,101,18511,61,23701,California
Yuba,2021-05-25,309,40032,106,12838,188,24599,15,2595,115,5127,193,18704,130,23831,California
Yuba,2021-05-26,216,40248,92,12930,112,24711,12,2607,86,5097,128,18832,98,23929,California
Yuba,2021-05-27,136,40384,21,12951,110,24821,5,2612,38,5043,97,18929,43,23972,California
