county,administered_date,total_doses,cumulative_total_doses,pfizer_doses,cumulative_pfizer_doses,moderna_doses,cumulative_moderna_doses,jj_doses,cumulative_jj_doses,partially_vaccinated,total_partially_vaccinated,fully_vaccinated,cumulative_fully_vaccinated,at_least_one_dose,cumulative_at_least_one_dose,california_flag
All CA Counties,2020-12-15,1128,1128,1128,1128,0,0,0,0,1128,1128,0,0,1128,1128,
All CA Counties,2020-12-16,8235,9363,8235,9363,0,0,0,0,8235,9363,0,0,8235,9363,
All CA Counties,2020-12-17,25714,35077,25714,35077,0,0,0,0,25750,35113,0,0,25750,35113,
All CA Counties,2020-12-18,43854,78931,43776,78853,78,78,0,0,43904,79016,1,1,43904,79017,
All CA Counties,2020-12-19,25312,104243,25292,104145,20,98,0,0,25311,104326,1,2,25311,104328,
All CA Counties,2020-12-20,18958,123201,18929,123074,29,127,0,0,18957,123282,1,3,18957,123285,
All CA Counties,2020-12-21,49580,172781,49497,172571,83,210,0,0,49620,172901,1,4,49620,172905,
All CA Counties,2020-12-22,49932,222713,47791,220362,2141,2351,0,0,49930,222830,1,5,49930,222835,
All CA Counties,2020-12-23,50199,272912,41518,261880,8681,11032,0,0,50195,273025,0,5,50195,273030,
All CA Counties,2020-12-24,23969,296881,16293,278173,7676,18708,0,0,23966,296990,1,6,23966,296996,
All CA Counties,2020-12-25,2320,299201,2001,280174,319,19027,0,0,2319,299308,1,7,2319,299315,
All CA Counties,2020-12-26,14542,313743,9414,289588,5128,24155,0,0,14540,313847,1,8,14540,313855,
All CA Counties,2020-12-27,9339,323082,5551,295139,3788,27943,0,0,9338,323184,1,9,9338,323193,
All CA Counties,2020-12-28,45533,368615,29199,324338,16334,44277,0,0,45530,368711,3,12,45530,368723,
All CA Counties,2020-12-29,50869,419484,28473,352811,22396,66673,0,0,50865,419573,3,15,50865,419588,
All CA Counties,2020-12-30,62745,482229,35556,388367,27189,93862,0,0,62737,482307,3,18,62737,482325,
All CA Counties,2020-12-31,29083,511312,10734,399101,18349,112211,0,0,29075,511377,5,23,29075,511400,
All CA Counties,2021-01-01,3671,514983,1603,400704,2068,114279,0,0,3668,515044,1,24,3668,515068,
All CA Counties,2021-01-02,18321,533304,10161,410865,8160,122439,0,0,18320,533364,0,24,18320,533388,
All CA Counties,2021-01-03,6086,539390,3451,414316,2635,125074,0,0,6058,539410,12,36,6058,539446,
All CA Counties,2021-01-04,43152,582542,21820,436136,21332,146406,0,0,43075,582442,43,79,43075,582521,
All CA Counties,2021-01-05,56076,638618,29574,465710,26502,172908,0,0,50578,627667,5430,5509,50655,633176,
All CA Counties,2021-01-06,72793,711411,40333,506043,32460,205368,0,0,57470,670031,15134,20643,57498,690674,
All CA Counties,2021-01-07,91391,802802,52023,558066,39368,244736,0,0,60954,700749,30276,50919,60994,751668,
All CA Counties,2021-01-08,106057,908859,64073,622139,41984,286720,0,0,64936,724749,40989,91908,64989,816657,
All CA Counties,2021-01-09,43478,952337,24996,647135,18482,305202,0,0,27406,736124,16052,107960,27427,844084,
All CA Counties,2021-01-10,24153,976490,14791,661926,9362,314564,0,0,12949,737900,11188,119148,12964,857048,
All CA Counties,2021-01-11,103813,1080303,69122,731048,34691,349255,0,0,60233,754662,43542,162690,60304,917352,
All CA Counties,2021-01-12,112195,1192498,66339,797387,45856,395111,0,0,71338,785361,40782,203472,71481,988833,
All CA Counties,2021-01-13,118113,1310611,61188,858575,56925,452036,0,0,84596,836593,33428,236900,84660,1073493,
All CA Counties,2021-01-14,122660,1433271,49198,907773,73462,525498,0,0,103200,920561,19348,256248,103316,1176809,
All CA Counties,2021-01-15,141096,1574367,51859,959632,89237,614735,0,0,126153,1032015,14837,271085,126291,1303100,
All CA Counties,2021-01-16,80289,1654656,27307,986939,52982,667717,0,0,72793,1097377,7471,278556,72833,1375933,
All CA Counties,2021-01-17,47946,1702602,16700,1003639,31246,698963,0,0,44345,1138162,3597,282153,44382,1420315,
All CA Counties,2021-01-18,87492,1790094,45485,1049124,42007,740970,0,0,68437,1187744,18979,301132,68561,1488876,
All CA Counties,2021-01-19,140581,1930675,73134,1122258,67447,808417,0,0,109624,1266796,30865,331997,109917,1598793,
All CA Counties,2021-01-20,157558,2088233,79870,1202128,77688,886105,0,0,124593,1358807,32800,364797,124811,1723604,
All CA Counties,2021-01-21,171522,2259755,75955,1278083,95567,981672,0,0,152756,1493288,18568,383365,153049,1876653,
All CA Counties,2021-01-22,168213,2427968,68570,1346653,99643,1081315,0,0,154122,1633560,13969,397334,154241,2030894,
All CA Counties,2021-01-23,110715,2538683,49268,1395921,61447,1142762,0,0,98297,1719578,12363,409697,98381,2129275,
All CA Counties,2021-01-24,60463,2599146,29184,1425105,31279,1174041,0,0,55905,1770979,4533,414230,55934,2185209,
All CA Counties,2021-01-25,143209,2742355,64581,1489686,78628,1252669,0,0,108753,1845679,34357,448587,109057,2294266,
All CA Counties,2021-01-26,166442,2908797,81611,1571297,84831,1337500,0,0,129581,1938771,36719,485306,129811,2424077,
All CA Counties,2021-01-27,177583,3086380,86790,1658087,90793,1428293,0,0,138954,2039638,38238,523544,139105,2563182,
All CA Counties,2021-01-28,185484,3271864,85090,1743177,100394,1528687,0,0,151907,2158434,33285,556829,152081,2715263,
All CA Counties,2021-01-29,181696,3453560,87325,1830502,94371,1623058,0,0,147540,2272506,33597,590426,147669,2862932,
All CA Counties,2021-01-30,122417,3575977,54716,1885218,67701,1690759,0,0,107581,2365535,14678,605104,107707,2970639,
All CA Counties,2021-01-31,68691,3644668,38463,1923681,30228,1720987,0,0,63716,2424358,4932,610036,63755,3034394,
All CA Counties,2021-02-01,156961,3801629,71976,1995657,84985,1805972,0,0,119112,2505867,37720,647756,119229,3153623,
All CA Counties,2021-02-02,183616,3985245,78478,2074135,105138,1911110,0,0,138166,2599125,45118,692874,138376,3291999,
All CA Counties,2021-02-03,208440,4193685,93785,2167920,114655,2025765,0,0,155139,2701641,52835,745709,155351,3447350,
All CA Counties,2021-02-04,225673,4419358,98788,2266708,126885,2152650,0,0,165587,2807982,59556,805265,165897,3613247,
All CA Counties,2021-02-05,244274,4663632,105788,2372496,138486,2291136,0,0,166388,2897728,77140,882405,166886,3780133,
All CA Counties,2021-02-06,153943,4817575,74302,2446798,79641,2370777,0,0,119478,2983377,34301,916706,119950,3900083,
All CA Counties,2021-02-07,65549,4883124,42225,2489023,23324,2394101,0,0,49263,3016877,16202,932908,49702,3949785,
All CA Counties,2021-02-08,178729,5061853,87574,2576597,91155,2485256,0,0,118068,3075395,60252,993160,118770,4068555,
All CA Counties,2021-02-09,208545,5270398,100857,2677454,107688,2592944,0,0,125073,3118443,83143,1076303,126191,4194746,
All CA Counties,2021-02-10,245850,5516248,118837,2796291,127013,2719957,0,0,137132,3149029,107954,1184257,138540,4333286,
All CA Counties,2021-02-11,260291,5776539,128804,2925095,131487,2851444,0,0,142758,3176965,116559,1300816,144495,4477781,
All CA Counties,2021-02-12,269526,6046065,117947,3043042,151579,3003023,0,0,145904,3202238,122920,1423736,148193,4625974,
All CA Counties,2021-02-13,165135,6211200,76037,3119079,89098,3092121,0,0,91225,3221901,73513,1497249,93176,4719150,
All CA Counties,2021-02-14,94230,6305430,46666,3165745,47564,3139685,0,0,51071,3231476,43024,1540273,52599,4771749,
All CA Counties,2021-02-15,140438,6445868,61685,3227430,78753,3218438,0,0,77973,3250393,62144,1602417,81061,4852810,
All CA Counties,2021-02-16,245466,6691334,116683,3344113,128783,3347221,0,0,131866,3272090,113280,1715697,134977,4987787,
All CA Counties,2021-02-17,254828,6946162,126667,3470780,128161,3475382,0,0,127725,3276409,126648,1842345,130967,5118754,
All CA Counties,2021-02-18,268018,7214180,139644,3610424,128374,3603756,0,0,130469,3274225,136881,1979226,134697,5253451,
All CA Counties,2021-02-19,249106,7463286,144708,3755132,104398,3708154,0,0,129792,3287349,118900,2098126,132024,5385475,
All CA Counties,2021-02-20,149946,7613232,96436,3851568,53510,3761664,0,0,83063,3305716,66679,2164805,85046,5470521,
All CA Counties,2021-02-21,68487,7681719,54837,3906405,13650,3775314,0,0,34462,3307596,33862,2198667,35742,5506263,
All CA Counties,2021-02-22,161027,7842746,108031,4014436,52996,3828310,0,0,82104,3312782,78652,2277319,83838,5590101,
All CA Counties,2021-02-23,219290,8062036,115686,4130122,103604,3931914,0,0,103048,3306010,115762,2393081,108990,5699091,
All CA Counties,2021-02-24,279242,8341278,140905,4271027,138337,4070251,0,0,135094,3305058,143606,2536687,142654,5841745,
All CA Counties,2021-02-25,313290,8654568,153800,4424827,159490,4229741,0,0,165271,3331491,147406,2684093,173839,6015584,
All CA Counties,2021-02-26,347544,9002112,162265,4587092,185279,4415020,0,0,195079,3382073,151683,2835776,202265,6217849,
All CA Counties,2021-02-27,244873,9246985,116590,4703682,128270,4543290,13,13,138955,3420004,105422,2941198,143353,6361202,
All CA Counties,2021-02-28,128403,9375388,76414,4780096,51988,4595278,1,14,76237,3447275,51885,2993083,79156,6440358,
All CA Counties,2021-03-01,233910,9609298,123857,4903953,110034,4705312,19,33,135974,3489870,97414,3090497,140009,6580367,
All CA Counties,2021-03-02,264111,9873409,128973,5032926,135128,4840440,10,43,160283,3553828,103426,3193923,167384,6747751,
All CA Counties,2021-03-03,314257,10187666,155726,5188652,158505,4998945,26,69,178546,3604621,135133,3329056,185926,6933677,
All CA Counties,2021-03-04,333702,10521368,167649,5356301,165979,5164924,74,143,197516,3673606,135601,3464657,204586,7138263,
All CA Counties,2021-03-05,323485,10844853,157402,5513703,165003,5329927,1080,1223,201729,3762633,121069,3585726,210096,7348359,
All CA Counties,2021-03-06,245372,11090225,125900,5639603,111873,5441800,7599,8822,153877,3837709,91180,3676906,166256,7514615,
All CA Counties,2021-03-07,122726,11212951,74646,5714249,44110,5485910,3970,12792,77953,3878790,44639,3721545,85720,7600335,
All CA Counties,2021-03-08,208926,11421877,100712,5814961,98127,5584037,10087,22879,136472,3958103,72184,3793729,151497,7751832,
All CA Counties,2021-03-09,257691,11679568,111015,5925976,131108,5715145,15568,38447,141621,4003786,115699,3909428,161382,7913214,
All CA Counties,2021-03-10,306549,11986117,149882,6075858,133526,5848671,23141,61588,167960,4061088,138097,4047525,195399,8108613,
All CA Counties,2021-03-11,361892,12348009,174986,6250844,156192,6004863,30714,92302,189002,4112995,172153,4219678,224060,8332673,
All CA Counties,2021-03-12,371911,12719920,166654,6417498,161580,6166443,43677,135979,183336,4156084,187963,4407641,231052,8563725,
All CA Counties,2021-03-13,262404,12982324,117447,6534945,115056,6281499,29901,165880,142340,4212872,119730,4527371,176518,8740243,
All CA Counties,2021-03-14,134629,13116953,75638,6610583,44548,6326047,14443,180323,73776,4242672,60662,4588033,90462,8830705,
All CA Counties,2021-03-15,284570,13401523,135545,6746128,128800,6454847,20225,200548,157558,4297483,126455,4714488,181266,9011971,
All CA Counties,2021-03-16,362359,13763882,170922,6917050,174470,6629317,16967,217515,214172,4384333,147593,4862081,234443,9246414,
All CA Counties,2021-03-17,374101,14137983,186510,7103560,169779,6799096,17812,235327,232813,4496940,140675,5002756,253282,9499696,
All CA Counties,2021-03-18,387279,14525262,198508,7302068,171228,6970324,17543,252870,234798,4599945,151593,5154349,254598,9754294,
All CA Counties,2021-03-19,398033,14923295,208783,7510851,168081,7138405,21169,274039,234050,4694121,163196,5317545,257372,10011666,
All CA Counties,2021-03-20,285484,15208779,150133,7660984,120178,7258583,15173,289212,184444,4794725,100486,5418031,201090,10212756,
All CA Counties,2021-03-21,140505,15349284,96801,7757785,36340,7294923,7364,296576,91729,4846706,48556,5466587,100537,10313293,
All CA Counties,2021-03-22,265821,15615105,155311,7913096,99725,7394648,10785,307361,178049,4951383,87233,5553820,191910,10505203,
All CA Counties,2021-03-23,347138,15962243,191574,8104670,145384,7540032,10180,317541,228185,5074153,118248,5672068,241018,10746221,
All CA Counties,2021-03-24,376748,16338991,217288,8321958,147785,7687817,11675,329216,227376,5166905,148485,5820553,241237,10987458,
All CA Counties,2021-03-25,401414,16740405,221560,8543518,166418,7854235,13436,342652,234748,5251669,165639,5986192,250403,11237861,
All CA Counties,2021-03-26,419611,17160016,223899,8767417,180193,8034428,15519,358171,234707,5321101,183949,6170141,253381,11491242,
All CA Counties,2021-03-27,301271,17461287,159803,8927220,130420,8164848,11048,369219,154890,5343565,145750,6315891,168214,11659456,
All CA Counties,2021-03-28,164716,17626003,105471,9032691,55722,8220570,3523,372742,90599,5365731,73857,6389748,96023,11755479,
All CA Counties,2021-03-29,299898,17925901,162428,9195119,129318,8349888,8152,380894,174667,5426517,124655,6514403,185441,11940920,
All CA Counties,2021-03-30,385181,18311082,196221,9391340,173177,8523065,15783,396677,240835,5541201,143797,6658200,258481,12199401,
All CA Counties,2021-03-31,409514,18720596,223116,9614456,166280,8689345,20118,416795,241486,5636588,167316,6825516,262703,12462104,
All CA Counties,2021-04-01,464831,19185427,237193,9851649,190914,8880259,36724,453519,265286,5741228,198756,7024272,303396,12765500,
All CA Counties,2021-04-02,445749,19631176,217712,10069361,188141,9068400,39896,493415,250603,5839289,194184,7218456,292245,13057745,
All CA Counties,2021-04-03,312283,19943459,158201,10227562,116751,9185151,37331,530746,162678,5891411,149132,7367588,201254,13258999,
All CA Counties,2021-04-04,126589,20070048,65689,10293251,43328,9228479,17572,548318,58964,5900652,67463,7435051,76704,13335703,
All CA Counties,2021-04-05,333717,20403765,172153,10465404,124807,9353286,36757,585075,169581,5945814,163688,7598739,208850,13544553,
All CA Counties,2021-04-06,394203,20797968,200954,10666358,143751,9497037,49498,634573,196469,5996801,197072,7795811,248059,13792612,
All CA Counties,2021-04-07,267073,21065041,137305,10803663,94243,9591280,35525,670098,132388,6030738,134224,7930035,168161,13960773,
All CA and Non-CA Counties,2020-12-15,1135,1135,1135,1135,0,0,0,0,1135,1135,0,0,1135,1135,
All CA and Non-CA Counties,2020-12-16,8366,9501,8366,9501,0,0,0,0,8366,9501,0,0,8366,9501,
All CA and Non-CA Counties,2020-12-17,27282,36783,27282,36783,0,0,0,0,27282,36783,0,0,27282,36783,
All CA and Non-CA Counties,2020-12-18,46270,83053,46188,82971,82,82,0,0,46269,83051,1,1,46269,83052,
All CA and Non-CA Counties,2020-12-19,26293,109346,26272,109243,21,103,0,0,26292,109342,1,2,26292,109344,
All CA and Non-CA Counties,2020-12-20,19600,128946,19570,128813,30,133,0,0,19599,128940,1,3,19599,128943,
All CA and Non-CA Counties,2020-12-21,51683,180629,51600,180413,83,216,0,0,51681,180620,1,4,51681,180624,
All CA and Non-CA Counties,2020-12-22,51857,232486,49682,230095,2175,2391,0,0,51855,232474,1,5,51855,232479,
All CA and Non-CA Counties,2020-12-23,51621,284107,42823,272918,8798,11189,0,0,51617,284091,0,5,51617,284096,
All CA and Non-CA Counties,2020-12-24,24771,308878,16903,289821,7868,19057,0,0,24768,308858,1,6,24768,308864,
All CA and Non-CA Counties,2020-12-25,2352,311230,2029,291850,323,19380,0,0,2351,311208,1,7,2351,311215,
All CA and Non-CA Counties,2020-12-26,14850,326080,9618,301468,5232,24612,0,0,14848,326055,1,8,14848,326063,
All CA and Non-CA Counties,2020-12-27,9525,335605,5622,307090,3903,28515,0,0,9524,335578,1,9,9524,335587,
All CA and Non-CA Counties,2020-12-28,46928,382533,30080,337170,16848,45363,0,0,46925,382500,3,12,46925,382512,
All CA and Non-CA Counties,2020-12-29,52323,434856,29402,366572,22921,68284,0,0,52319,434816,3,15,52319,434831,
All CA and Non-CA Counties,2020-12-30,64646,499502,36803,403375,27843,96127,0,0,64639,499452,3,18,64639,499470,
All CA and Non-CA Counties,2020-12-31,30153,529655,11320,414695,18833,114960,0,0,30144,529591,5,23,30144,529614,
All CA and Non-CA Counties,2021-01-01,3781,533436,1625,416320,2156,117116,0,0,3778,533368,1,24,3778,533392,
All CA and Non-CA Counties,2021-01-02,18561,551997,10293,426613,8268,125384,0,0,18559,551926,1,25,18559,551951,
All CA and Non-CA Counties,2021-01-03,6258,558255,3543,430156,2715,128099,0,0,6230,558144,12,37,6230,558181,
All CA and Non-CA Counties,2021-01-04,44276,602531,22324,452480,21952,150051,0,0,44193,602294,43,80,44193,602374,
All CA and Non-CA Counties,2021-01-05,57514,660045,30324,482804,27190,177241,0,0,51880,648687,5564,5644,51957,654331,
All CA and Non-CA Counties,2021-01-06,75374,735419,41859,524663,33515,210756,0,0,59382,692288,15809,21453,59410,713741,
All CA and Non-CA Counties,2021-01-07,95542,830961,54592,579255,40950,251706,0,0,63479,723908,31901,53354,63521,777262,
All CA and Non-CA Counties,2021-01-08,110323,941284,66772,646027,43551,295257,0,0,67465,748712,42717,96071,67521,844783,
All CA and Non-CA Counties,2021-01-09,44808,986092,25529,671556,19279,314536,0,0,28408,760764,16379,112450,28431,873214,
All CA and Non-CA Counties,2021-01-10,24454,1010546,14969,686525,9485,324021,0,0,13131,762603,11307,123757,13146,886360,
All CA and Non-CA Counties,2021-01-11,107066,1117612,71103,757628,35963,359984,0,0,62167,779980,44861,168618,62238,948598,
All CA and Non-CA Counties,2021-01-12,115968,1233580,68597,826225,47371,407355,0,0,73630,811498,42257,210875,73775,1022373,
All CA and Non-CA Counties,2021-01-13,121622,1355202,62921,889146,58701,466056,0,0,87015,864054,34524,245399,87080,1109453,
All CA and Non-CA Counties,2021-01-14,126297,1481499,50443,939589,75854,541910,0,0,106224,950435,19959,265358,106340,1215793,
All CA and Non-CA Counties,2021-01-15,145093,1626592,52777,992366,92316,634226,0,0,129720,1065028,15265,280623,129858,1345651,
All CA and Non-CA Counties,2021-01-16,82823,1709415,27665,1020031,55158,689384,0,0,75154,1132581,7641,288264,75194,1420845,
All CA and Non-CA Counties,2021-01-17,48395,1757810,16847,1036878,31548,720932,0,0,44744,1173716,3646,291910,44781,1465626,
All CA and Non-CA Counties,2021-01-18,88630,1846440,46273,1083151,42357,763289,0,0,69118,1223524,19435,311345,69243,1534869,
All CA and Non-CA Counties,2021-01-19,144564,1991004,74449,1157600,70115,833404,0,0,112762,1304871,31710,343055,113057,1647926,
All CA and Non-CA Counties,2021-01-20,161916,2152920,81281,1238881,80635,914039,0,0,128025,1399392,33723,376778,128244,1776170,
All CA and Non-CA Counties,2021-01-21,175502,2328422,76994,1315875,98508,1012547,0,0,156221,1536836,19070,395848,156514,1932684,
All CA and Non-CA Counties,2021-01-22,172633,2501055,69598,1385473,103035,1115582,0,0,158147,1680745,14358,410206,158267,2090951,
All CA and Non-CA Counties,2021-01-23,112936,2613991,49604,1435077,63332,1178914,0,0,100352,1768653,12528,422734,100436,2191387,
All CA and Non-CA Counties,2021-01-24,61158,2675149,29521,1464598,31637,1210551,0,0,56523,1820594,4611,427345,56552,2247939,
All CA and Non-CA Counties,2021-01-25,147555,2822704,66516,1531114,81039,1291590,0,0,112266,1897961,35204,462549,112571,2360510,
All CA and Non-CA Counties,2021-01-26,172647,2995351,84823,1615937,87824,1379414,0,0,135001,1995673,37526,500075,135238,2495748,
All CA and Non-CA Counties,2021-01-27,182549,3177900,89752,1705689,92797,1472211,0,0,143378,2100402,38801,538876,143530,2639278,
All CA and Non-CA Counties,2021-01-28,190796,3368696,88190,1793879,102606,1574817,0,0,156742,2223537,33781,572657,156916,2796194,
All CA and Non-CA Counties,2021-01-29,186452,3555148,90403,1884282,96049,1670866,0,0,151591,2340945,34313,606970,151721,2947915,
All CA and Non-CA Counties,2021-01-30,126692,3681840,57214,1941496,69478,1740344,0,0,111639,2437810,14900,621870,111765,3059680,
All CA and Non-CA Counties,2021-01-31,72225,3754065,41589,1983085,30636,1770980,0,0,67198,2500063,4984,626854,67237,3126917,
All CA and Non-CA Counties,2021-02-01,162782,3916847,74932,2058017,87850,1858830,0,0,124280,2586084,38376,665230,124397,3251314,
All CA and Non-CA Counties,2021-02-02,190970,4107817,81255,2139272,109715,1968545,0,0,144822,2685308,45808,711038,145032,3396346,
All CA and Non-CA Counties,2021-02-03,216511,4324328,96599,2235871,119912,2088457,0,0,162395,2794276,53640,764678,162608,3558954,
All CA and Non-CA Counties,2021-02-04,233135,4557463,101583,2337454,131552,2220009,0,0,172103,2906200,60489,825167,172413,3731367,
All CA and Non-CA Counties,2021-02-05,250991,4808454,107941,2445395,143050,2363059,0,0,172123,3000693,78128,903295,172621,3903988,
All CA and Non-CA Counties,2021-02-06,158448,4966902,76621,2522016,81827,2444886,0,0,123552,3089996,34726,938021,124029,4028017,
All CA and Non-CA Counties,2021-02-07,68511,5035413,44638,2566654,23873,2468759,0,0,52146,3126302,16281,954302,52587,4080604,
All CA and Non-CA Counties,2021-02-08,184534,5219947,91355,2658009,93179,2561938,0,0,122803,3188502,61305,1015607,123505,4204109,
All CA and Non-CA Counties,2021-02-09,213284,5433231,103150,2761159,110134,2672072,0,0,128527,3233748,84413,1100020,129659,4333768,
All CA and Non-CA Counties,2021-02-10,251739,5684970,121028,2882187,130711,2802783,0,0,140659,3265549,110308,1210328,142109,4475877,
All CA and Non-CA Counties,2021-02-11,265130,5950100,130948,3013135,134182,2936965,0,0,146445,3296045,117703,1328031,148199,4624076,
All CA and Non-CA Counties,2021-02-12,274213,6224313,119600,3132735,154613,3091578,0,0,148971,3322773,124536,1452567,151264,4775340,
All CA and Non-CA Counties,2021-02-13,167365,6391678,76651,3209386,90714,3182292,0,0,93026,3343817,73943,1526510,94987,4870327,
All CA and Non-CA Counties,2021-02-14,95652,6487330,47128,3256514,48524,3230816,0,0,52222,3354309,43290,1569800,53782,4924109,
All CA and Non-CA Counties,2021-02-15,142943,6630273,63240,3319754,79703,3310519,0,0,79134,3373098,63469,1633269,82258,5006367,
All CA and Non-CA Counties,2021-02-16,251794,6882067,119608,3439362,132186,3442705,0,0,134401,3393558,117065,1750334,137525,5143892,
All CA and Non-CA Counties,2021-02-17,260483,7142550,129464,3568826,131019,3573724,0,0,129396,3395580,130623,1880957,132645,5276537,
All CA and Non-CA Counties,2021-02-18,274086,7416636,143216,3712042,130870,3704594,0,0,132296,3390996,141111,2022068,136527,5413064,
All CA and Non-CA Counties,2021-02-19,254280,7670916,148338,3860380,105942,3810536,0,0,131722,3402811,122140,2144208,133955,5547019,
All CA and Non-CA Counties,2021-02-20,153062,7823978,99053,3959433,54009,3864545,0,0,84158,3420259,68695,2212903,86143,5633162,
All CA and Non-CA Counties,2021-02-21,70266,7894244,56410,4015843,13856,3878401,0,0,35060,3421560,35039,2247942,36340,5669502,
All CA and Non-CA Counties,2021-02-22,163730,8057974,109916,4125759,53814,3932215,0,0,83058,3425955,80401,2328343,84796,5754298,
All CA and Non-CA Counties,2021-02-23,224338,8282312,118227,4243986,106111,4038326,0,0,104615,3417281,119238,2447581,110564,5864862,
All CA and Non-CA Counties,2021-02-24,284432,8566744,143461,4387447,140971,4179297,0,0,136571,3414102,147314,2594895,144135,6008997,
All CA and Non-CA Counties,2021-02-25,319062,8885806,156351,4543798,162711,4342008,0,0,167365,3438976,151064,2745959,175938,6184935,
All CA and Non-CA Counties,2021-02-26,353426,9239232,165209,4709007,188217,4530225,0,0,197488,3488576,155075,2901034,204675,6389610,
All CA and Non-CA Counties,2021-02-27,249340,9488572,118811,4827818,130515,4660740,14,14,140153,3524453,108677,3009711,144554,6534164,
All CA and Non-CA Counties,2021-02-28,131032,9619604,78429,4906247,52602,4713342,1,15,77244,3551114,53503,3063214,80164,6614328,
All CA and Non-CA Counties,2021-03-01,238389,9857993,126817,5033064,111553,4824895,19,34,137107,3591516,100753,3163967,141155,6755483,
All CA and Non-CA Counties,2021-03-02,270025,10128018,130908,5163972,139107,4964002,10,44,161913,3652907,107713,3271680,169104,6924587,
All CA and Non-CA Counties,2021-03-03,320950,10448968,157909,5321881,163014,5127016,27,71,180237,3700394,140141,3411821,187628,7112215,
All CA and Non-CA Counties,2021-03-04,339662,10788630,169946,5491827,169641,5296657,75,146,199327,3767080,139729,3551550,206415,7318630,
All CA and Non-CA Counties,2021-03-05,327681,11116311,159190,5651017,167400,5464057,1091,1237,203790,3856043,123213,3674763,212176,7530806,
All CA and Non-CA Counties,2021-03-06,249358,11365669,127561,5778578,114046,5578103,7751,8988,155756,3931129,93277,3768040,168363,7699169,
All CA and Non-CA Counties,2021-03-07,124255,11489924,75631,5854209,44601,5622704,4023,13011,78846,3972539,45273,3813313,86683,7785852,
All CA and Non-CA Counties,2021-03-08,211561,11701485,102252,5956461,98973,5721677,10336,23347,138324,4053202,72936,3886249,153599,7939451,
All CA and Non-CA Counties,2021-03-09,261563,11963048,112847,6069308,132835,5854512,15881,39228,143786,4099677,117404,4003653,163879,8103330,
All CA and Non-CA Counties,2021-03-10,310047,12273095,151275,6220583,135143,5989655,23629,62857,169943,4157952,139602,4143255,197877,8301207,
All CA and Non-CA Counties,2021-03-11,367341,12640436,177632,6398215,158326,6147981,31383,94240,191854,4210790,174748,4318003,227586,8528793,
All CA and Non-CA Counties,2021-03-12,376969,13017405,169460,6567675,163180,6311161,44329,138569,186151,4255111,190199,4508202,234520,8763313,
All CA and Non-CA Counties,2021-03-13,265558,13282963,119267,6686942,115936,6427097,30355,168924,144468,4313459,120753,4628955,179101,8942414,
All CA and Non-CA Counties,2021-03-14,136175,13419138,76448,6763390,44959,6472056,14768,183692,74706,4343905,61278,4690233,91724,9034138,
All CA and Non-CA Counties,2021-03-15,287698,13706836,136909,6900299,130181,6602237,20608,204300,159419,4399700,127720,4817953,183515,9217653,
All CA and Non-CA Counties,2021-03-16,368465,14075301,174015,7074314,177139,6779376,17311,221611,217695,4487836,150173,4968126,238309,9455962,
All CA and Non-CA Counties,2021-03-17,380470,14455771,189994,7264308,172318,6951694,18158,239769,236702,4602203,143152,5111278,257519,9713481,
All CA and Non-CA Counties,2021-03-18,393926,14849697,202182,7466490,173690,7125384,18054,257823,238917,4707356,154112,5265390,259265,9972746,
All CA and Non-CA Counties,2021-03-19,403738,15253435,211985,7678475,170052,7295436,21701,279524,237595,4803455,165354,5430744,261453,10234199,
All CA and Non-CA Counties,2021-03-20,289160,15542595,152636,7831111,121273,7416709,15251,294775,187444,4906466,101157,5531901,204168,10438367,
All CA and Non-CA Counties,2021-03-21,142235,15684830,97991,7929102,36791,7453500,7453,302228,93072,4959494,48942,5580843,101970,10540337,
All CA and Non-CA Counties,2021-03-22,268504,15953334,156795,8085897,100851,7554351,10858,313086,179823,5065115,88136,5668979,193757,10734094,
All CA and Non-CA Counties,2021-03-23,352616,16305950,194222,8280119,147948,7702299,10446,323532,232028,5190370,119872,5788851,245127,10979221,
All CA and Non-CA Counties,2021-03-24,383036,16688986,220248,8500367,150699,7852998,12089,335621,232188,5286875,149955,5938806,246460,11225681,
All CA and Non-CA Counties,2021-03-25,408584,17097570,224568,8724935,170101,8023099,13915,349536,240299,5376061,167248,6106054,256434,11482115,
All CA and Non-CA Counties,2021-03-26,425582,17523152,226987,8951922,182903,8206002,15692,365228,238945,5448183,185670,6291724,257792,11739907,
All CA and Non-CA Counties,2021-03-27,305441,17828593,162244,9114166,132109,8338111,11088,376316,157818,5472378,146984,6438708,171179,11911086,
All CA and Non-CA Counties,2021-03-28,167233,17995826,106724,9220890,56914,8395025,3595,379911,92253,5495413,74714,6513422,97749,12008835,
All CA and Non-CA Counties,2021-03-29,304313,18300139,164347,9385237,131561,8526586,8405,388316,177408,5557522,126327,6639749,188436,12197271,
All CA and Non-CA Counties,2021-03-30,391176,18691315,199253,9584490,175618,8702204,16305,404621,244595,5674273,146021,6785770,262772,12460043,
All CA and Non-CA Counties,2021-03-31,414730,19106045,226055,9810545,167837,8870041,20838,425459,244647,5771488,169368,6955138,266583,12726626,
All CA and Non-CA Counties,2021-04-01,470887,19576932,240561,10051106,192986,9063027,37340,462799,268908,5877936,201185,7156323,307633,13034259,
All CA and Non-CA Counties,2021-04-02,452907,20029839,221624,10272730,190477,9253504,40806,503605,254642,5977833,197299,7353622,297196,13331455,
All CA and Non-CA Counties,2021-04-03,317932,20347771,161484,10434214,117972,9371476,38476,542081,165680,6031460,151774,7505396,205401,13536856,
All CA and Non-CA Counties,2021-04-04,128178,20475949,66486,10500700,43895,9415371,17797,559878,59888,6041186,68127,7573523,77853,13614709,
All CA and Non-CA Counties,2021-04-05,337363,20813312,174032,10674732,126036,9541407,37295,597173,171436,6086955,165475,7738998,211244,13825953,
All CA and Non-CA Counties,2021-04-06,399105,21212417,203414,10878146,145434,9686841,50257,647430,198873,6138614,199558,7938556,251217,14077170,
All CA and Non-CA Counties,2021-04-07,270775,21483192,139318,11017464,95389,9782230,36068,683498,134066,6172750,136241,8074797,170377,14247547,
Outside California,2020-12-15,7,7,7,7,0,0,0,0,7,7,0,0,7,7,Not in California
Outside California,2020-12-16,131,138,131,138,0,0,0,0,131,138,0,0,131,138,Not in California
Outside California,2020-12-17,1531,1669,1531,1669,0,0,0,0,1531,1669,0,0,1531,1669,Not in California
Outside California,2020-12-18,2364,4033,2360,4029,4,4,0,0,2363,4032,0,0,2363,4032,Not in California
Outside California,2020-12-19,981,5014,980,5009,1,5,0,0,981,5013,0,0,981,5013,Not in California
Outside California,2020-12-20,642,5656,641,5650,1,6,0,0,642,5655,0,0,642,5655,Not in California
Outside California,2020-12-21,2062,7718,2062,7712,0,6,0,0,2061,7716,0,0,2061,7716,Not in California
Outside California,2020-12-22,1925,9643,1891,9603,34,40,0,0,1925,9641,0,0,1925,9641,Not in California
Outside California,2020-12-23,1422,11065,1305,10908,117,157,0,0,1422,11063,0,0,1422,11063,Not in California
Outside California,2020-12-24,802,11867,610,11518,192,349,0,0,802,11865,0,0,802,11865,Not in California
Outside California,2020-12-25,32,11899,28,11546,4,353,0,0,32,11897,0,0,32,11897,Not in California
Outside California,2020-12-26,307,12206,203,11749,104,457,0,0,307,12204,0,0,307,12204,Not in California
Outside California,2020-12-27,186,12392,71,11820,115,572,0,0,186,12390,0,0,186,12390,Not in California
Outside California,2020-12-28,1391,13783,877,12697,514,1086,0,0,1391,13781,0,0,1391,13781,Not in California
Outside California,2020-12-29,1451,15234,926,13623,525,1611,0,0,1451,15232,0,0,1451,15232,Not in California
Outside California,2020-12-30,1846,17080,1192,14815,654,2265,0,0,1847,17079,0,0,1847,17079,Not in California
Outside California,2020-12-31,1068,18148,586,15401,482,2747,0,0,1069,18148,0,0,1069,18148,Not in California
Outside California,2021-01-01,110,18258,22,15423,88,2835,0,0,110,18258,0,0,110,18258,Not in California
Outside California,2021-01-02,239,18497,132,15555,107,2942,0,0,238,18495,1,1,238,18496,Not in California
Outside California,2021-01-03,172,18669,92,15647,80,3022,0,0,172,18667,0,1,172,18668,Not in California
Outside California,2021-01-04,1121,19790,501,16148,620,3642,0,0,1116,19783,0,1,1116,19784,Not in California
Outside California,2021-01-05,1436,21226,750,16898,686,4328,0,0,1300,20949,134,135,1300,21084,Not in California
Outside California,2021-01-06,2576,23802,1522,18420,1054,5382,0,0,1908,22182,675,810,1908,22992,Not in California
Outside California,2021-01-07,4082,27884,2501,20921,1581,6963,0,0,2456,23015,1625,2435,2458,25450,Not in California
Outside California,2021-01-08,4266,32150,2699,23620,1567,8530,0,0,2528,23818,1728,4163,2531,27981,Not in California
Outside California,2021-01-09,1328,33478,531,24151,797,9327,0,0,999,24492,327,4490,1001,28982,Not in California
Outside California,2021-01-10,301,33779,178,24329,123,9450,0,0,182,24555,119,4609,182,29164,Not in California
Outside California,2021-01-11,3234,37013,1962,26291,1272,10722,0,0,1916,25152,1319,5928,1916,31080,Not in California
Outside California,2021-01-12,3763,40776,2249,28540,1514,12236,0,0,2284,25963,1474,7402,2285,33365,Not in California
Outside California,2021-01-13,3498,44274,1722,30262,1776,14012,0,0,2407,27275,1096,8498,2408,35773,Not in California
Outside California,2021-01-14,3634,47908,1242,31504,2392,16404,0,0,3021,29685,611,9109,3021,38794,Not in California
Outside California,2021-01-15,3993,51901,915,32419,3078,19482,0,0,3562,32819,428,9537,3562,42356,Not in California
Outside California,2021-01-16,2527,54428,351,32770,2176,21658,0,0,2355,35005,169,9706,2355,44711,Not in California
Outside California,2021-01-17,446,54874,144,32914,302,21960,0,0,396,35352,49,9755,396,45107,Not in California
Outside California,2021-01-18,1081,55955,731,33645,350,22310,0,0,626,35525,454,10209,627,45734,Not in California
Outside California,2021-01-19,3958,59913,1290,34935,2668,24978,0,0,3115,37798,844,11053,3117,48851,Not in California
Outside California,2021-01-20,4279,64192,1332,36267,2947,27925,0,0,3405,40333,871,11924,3406,52257,Not in California
Outside California,2021-01-21,3920,68112,981,37248,2939,30864,0,0,3403,43234,502,12426,3403,55660,Not in California
Outside California,2021-01-22,4379,72491,993,38241,3386,34250,0,0,3985,46831,389,12815,3986,59646,Not in California
Outside California,2021-01-23,2208,74699,329,38570,1879,36129,0,0,2042,48708,165,12980,2042,61688,Not in California
Outside California,2021-01-24,693,75392,335,38905,358,36487,0,0,615,49245,78,13058,615,62303,Not in California
Outside California,2021-01-25,4326,79718,1917,40822,2409,38896,0,0,3496,51898,844,13902,3497,65800,Not in California
Outside California,2021-01-26,6109,85827,3116,43938,2993,41889,0,0,5321,56419,807,14709,5328,71128,Not in California
Outside California,2021-01-27,4948,90775,2944,46882,2004,43893,0,0,4407,60265,562,15271,4408,75536,Not in California
Outside California,2021-01-28,5158,95933,2948,49830,2210,46103,0,0,4737,64565,437,15708,4737,80273,Not in California
Outside California,2021-01-29,4608,100541,2930,52760,1678,47781,0,0,3898,67749,715,16423,3899,84172,Not in California
Outside California,2021-01-30,4265,104806,2490,55250,1775,49556,0,0,4045,71573,221,16644,4045,88217,Not in California
Outside California,2021-01-31,3517,108323,3109,58359,408,49964,0,0,3465,74987,51,16695,3465,91682,Not in California
Outside California,2021-02-01,5783,114106,2920,61279,2863,52827,0,0,5145,79493,639,17334,5145,96827,Not in California
Outside California,2021-02-02,7282,121388,2707,63986,4575,57402,0,0,6591,85400,684,18018,6591,103418,Not in California
Outside California,2021-02-03,8022,129410,2766,66752,5256,62658,0,0,7219,91826,794,18812,7220,110638,Not in California
Outside California,2021-02-04,7398,136808,2735,69487,4663,67321,0,0,6456,97353,929,19741,6456,117094,Not in California
Outside California,2021-02-05,6701,143509,2142,71629,4559,71880,0,0,5721,102091,983,20724,5721,122815,Not in California
Outside California,2021-02-06,4488,147997,2305,73934,2183,74063,0,0,4060,105735,419,21143,4063,126878,Not in California
Outside California,2021-02-07,2952,150949,2403,76337,549,74612,0,0,2875,108535,77,21220,2877,129755,Not in California
Outside California,2021-02-08,5747,156696,3726,80063,2021,76633,0,0,4719,112243,1011,22231,4719,134474,Not in California
Outside California,2021-02-09,4717,161413,2271,82334,2446,79079,0,0,3449,114453,1253,23484,3463,137937,Not in California
Outside California,2021-02-10,5851,167264,2158,84492,3693,82772,0,0,3515,115682,2328,25812,3557,141494,Not in California
Outside California,2021-02-11,4744,172008,2050,86542,2694,85466,0,0,3642,118248,1093,26905,3659,145153,Not in California
Outside California,2021-02-12,4640,176648,1615,88157,3025,88491,0,0,3049,119718,1583,28488,3053,148206,Not in California
Outside California,2021-02-13,2216,178864,611,88768,1605,90096,0,0,1785,121084,429,28917,1795,150001,Not in California
Outside California,2021-02-14,1414,180278,461,89229,953,91049,0,0,1145,121996,265,29182,1177,151178,Not in California
Outside California,2021-02-15,2463,182741,1518,90747,945,91994,0,0,1132,121850,1314,30496,1168,152346,Not in California
Outside California,2021-02-16,6223,188964,2829,93576,3394,95388,0,0,2504,120656,3711,34207,2517,154863,Not in California
Outside California,2021-02-17,5644,194608,2788,96364,2856,98244,0,0,1666,118359,3970,38177,1673,156536,Not in California
Outside California,2021-02-18,5964,200572,3473,99837,2491,100735,0,0,1807,116023,4146,42323,1810,158346,Not in California
Outside California,2021-02-19,4975,205547,3436,103273,1539,102274,0,0,1871,114794,3101,45424,1872,160218,Not in California
Outside California,2021-02-20,3104,208651,2612,105885,492,102766,0,0,1090,113875,2011,47435,1092,161310,Not in California
Outside California,2021-02-21,1764,210415,1558,107443,206,102972,0,0,594,113303,1166,48601,594,161904,Not in California
Outside California,2021-02-22,2695,213110,1877,109320,818,103790,0,0,949,112510,1746,50347,953,162857,Not in California
Outside California,2021-02-23,4986,218096,2491,111811,2495,106285,0,0,1552,110640,3429,53776,1559,164416,Not in California
Outside California,2021-02-24,5146,223242,2520,114331,2626,108911,0,0,1463,108429,3678,57454,1467,165883,Not in California
Outside California,2021-02-25,5696,228938,2489,116820,3207,112118,0,0,2067,106892,3609,61063,2072,167955,Not in California
Outside California,2021-02-26,5840,234778,2918,119738,2922,115040,0,0,2382,105896,3379,64442,2383,170338,Not in California
Outside California,2021-02-27,4440,239218,2208,121946,2231,117271,1,1,1178,103830,3247,67689,1181,171519,Not in California
Outside California,2021-02-28,2610,241828,2000,123946,610,117881,0,1,995,103213,1613,69302,996,172515,Not in California
Outside California,2021-03-01,4433,246261,2932,126878,1501,119382,0,1,1106,101012,3320,72622,1119,173634,Not in California
Outside California,2021-03-02,5897,252158,1929,128807,3968,123350,0,1,1621,98442,4281,76903,1711,175345,Not in California
Outside California,2021-03-03,6681,258839,2177,130984,4503,127853,1,2,1682,95130,5005,81908,1693,177038,Not in California
Outside California,2021-03-04,5905,264744,2246,133230,3658,131511,1,3,1785,92836,4097,86005,1803,178841,Not in California
Outside California,2021-03-05,4168,268912,1775,135005,2382,133893,11,14,2035,92752,2138,88143,2054,180895,Not in California
Outside California,2021-03-06,3955,272867,1651,136656,2154,136047,150,164,1857,92747,2088,90231,2083,182978,Not in California
Outside California,2021-03-07,1520,274387,984,137640,483,136530,53,217,888,93074,631,90862,958,183936,Not in California
Outside California,2021-03-08,2601,276988,1516,139156,838,137368,247,464,1843,94439,726,91588,2091,186027,Not in California
Outside California,2021-03-09,3833,280821,1800,140956,1724,139092,309,773,2154,95246,1675,93263,2482,188509,Not in California
Outside California,2021-03-10,3489,284310,1387,142343,1616,140708,486,1259,1979,96218,1500,94763,2472,190981,Not in California
Outside California,2021-03-11,5414,289724,2635,144978,2124,142832,655,1914,2835,97137,2576,97339,3495,194476,Not in California
Outside California,2021-03-12,5003,294727,2774,147752,1581,144413,648,2562,2798,98386,2198,99537,3447,197923,Not in California
Outside California,2021-03-13,3134,297861,1817,149569,867,145280,450,3012,2120,99947,1010,100547,2571,200494,Not in California
Outside California,2021-03-14,1532,299393,802,150371,407,145687,323,3335,925,100595,607,101154,1255,201749,Not in California
Outside California,2021-03-15,3098,302491,1352,151723,1365,147052,381,3716,1842,101571,1252,102406,2228,203977,Not in California
Outside California,2021-03-16,6046,308537,3072,154795,2633,149685,341,4057,3482,102831,2562,104968,3822,207799,Not in California
Outside California,2021-03-17,6324,314861,3472,158267,2507,152192,345,4402,3849,104554,2473,107441,4196,211995,Not in California
Outside California,2021-03-18,6602,321463,3652,161919,2439,154631,511,4913,4088,106684,2506,109947,4636,216631,Not in California
Outside California,2021-03-19,5676,327139,3181,165100,1963,156594,532,5445,3527,108600,2147,112094,4063,220694,Not in California
Outside California,2021-03-20,3648,330787,2490,167590,1080,157674,78,5523,2983,111001,660,112754,3061,223755,Not in California
Outside California,2021-03-21,1709,332496,1174,168764,446,158120,89,5612,1325,112033,383,113137,1415,225170,Not in California
Outside California,2021-03-22,2654,335150,1468,170232,1114,159234,72,5684,1757,112971,891,114028,1829,226999,Not in California
Outside California,2021-03-23,5453,340603,2638,172870,2554,161788,261,5945,3829,115448,1613,115641,4090,231089,Not in California
Outside California,2021-03-24,6264,346867,2953,175823,2897,164685,414,6359,4793,119187,1465,117106,5204,236293,Not in California
Outside California,2021-03-25,7126,353993,2978,178801,3669,168354,479,6838,5520,123591,1596,118702,6000,242293,Not in California
Outside California,2021-03-26,5935,359928,3071,181872,2696,171050,168,7006,4217,126270,1706,120408,4385,246678,Not in California
Outside California,2021-03-27,4135,364063,2431,184303,1664,172714,40,7046,2911,128002,1216,121624,2948,249626,Not in California
Outside California,2021-03-28,2501,366564,1245,185548,1184,173898,72,7118,1642,128863,853,122477,1714,251340,Not in California
Outside California,2021-03-29,4365,370929,1889,187437,2223,176121,253,7371,2704,130162,1659,124136,2958,254298,Not in California
Outside California,2021-03-30,5951,376880,3003,190440,2426,178547,522,7893,3728,132209,2212,126348,4259,258557,Not in California
Outside California,2021-03-31,5179,382059,2916,193356,1543,180090,720,8613,3134,134020,2042,128390,3853,262410,Not in California
Outside California,2021-04-01,6032,388091,3354,196710,2062,182152,616,9229,3603,135814,2424,130814,4218,266628,Not in California
Outside California,2021-04-02,7123,395214,3896,200606,2320,184472,907,10136,4019,137642,3100,133914,4928,271556,Not in California
Outside California,2021-04-03,5631,400845,3274,203880,1212,185684,1145,11281,2994,139149,2632,136546,4139,275695,Not in California
Outside California,2021-04-04,1573,402418,792,204672,556,186240,225,11506,914,139629,659,137205,1139,276834,Not in California
Outside California,2021-04-05,3462,405880,1732,206404,1216,187456,514,12020,1710,140106,1749,138954,2226,279060,Not in California
Outside California,2021-04-06,4599,410479,2303,208707,1559,189015,737,12757,2134,140518,2454,141408,2866,281926,Not in California
Outside California,2021-04-07,3697,414176,2009,210716,1146,190161,542,13299,1674,140713,2016,143424,2211,284137,Not in California
Unknown,2020-12-17,37,37,37,37,0,0,0,0,1,1,0,0,1,1,Not in California
Unknown,2020-12-18,52,89,52,89,0,0,0,0,2,3,0,0,2,3,Not in California
Unknown,2020-12-21,41,130,41,130,0,0,0,0,0,3,0,0,0,3,Not in California
Unknown,2020-12-26,1,131,1,131,0,0,0,0,1,4,0,0,1,4,Not in California
Unknown,2020-12-28,4,135,4,135,0,0,0,0,4,8,0,0,4,8,Not in California
Unknown,2020-12-29,3,138,3,138,0,0,0,0,3,11,0,0,3,11,Not in California
Unknown,2020-12-30,55,193,55,193,0,0,0,0,55,66,0,0,55,66,Not in California
Unknown,2020-12-31,2,195,0,193,2,2,0,0,0,66,0,0,0,66,Not in California
Unknown,2021-01-02,1,196,0,193,1,3,0,0,1,67,0,0,1,67,Not in California
Unknown,2021-01-04,3,199,3,196,0,3,0,0,2,69,0,0,2,69,Not in California
Unknown,2021-01-05,2,201,0,196,2,5,0,0,2,71,0,0,2,71,Not in California
Unknown,2021-01-06,5,206,4,200,1,6,0,0,4,75,0,0,4,75,Not in California
Unknown,2021-01-07,69,275,68,268,1,7,0,0,69,144,0,0,69,144,Not in California
Unknown,2021-01-09,2,277,2,270,0,7,0,0,3,147,0,0,3,147,Not in California
Unknown,2021-01-11,19,296,19,289,0,7,0,0,18,165,0,0,18,165,Not in California
Unknown,2021-01-12,10,306,9,298,1,8,0,0,8,173,1,1,9,174,Not in California
Unknown,2021-01-13,11,317,11,309,0,8,0,0,12,185,0,1,12,186,Not in California
Unknown,2021-01-14,3,320,3,312,0,8,0,0,3,188,0,1,3,189,Not in California
Unknown,2021-01-15,4,324,3,315,1,9,0,0,5,193,0,1,5,194,Not in California
Unknown,2021-01-16,7,331,7,322,0,9,0,0,6,198,1,2,6,200,Not in California
Unknown,2021-01-17,3,334,3,325,0,9,0,0,3,201,0,2,3,203,Not in California
Unknown,2021-01-18,57,391,57,382,0,9,0,0,55,254,2,4,55,258,Not in California
Unknown,2021-01-19,25,416,25,407,0,9,0,0,23,276,1,5,23,281,Not in California
Unknown,2021-01-20,79,495,79,486,0,9,0,0,27,251,52,57,27,308,Not in California
Unknown,2021-01-21,60,555,58,544,2,11,0,0,62,313,0,57,62,370,Not in California
Unknown,2021-01-22,41,596,35,579,6,17,0,0,40,353,0,57,40,410,Not in California
Unknown,2021-01-23,13,609,7,586,6,23,0,0,13,366,0,57,13,423,Not in California
Unknown,2021-01-24,2,611,2,588,0,23,0,0,3,369,0,57,3,426,Not in California
Unknown,2021-01-25,20,631,18,606,2,25,0,0,17,383,3,60,17,443,Not in California
Unknown,2021-01-26,96,727,96,702,0,25,0,0,99,482,0,60,99,542,Not in California
Unknown,2021-01-27,18,745,18,720,0,25,0,0,17,498,1,61,17,559,Not in California
Unknown,2021-01-28,154,899,152,872,2,27,0,0,98,537,59,120,98,657,Not in California
Unknown,2021-01-29,148,1047,148,1020,0,27,0,0,153,689,1,121,153,810,Not in California
Unknown,2021-01-30,10,1057,8,1028,2,29,0,0,13,701,1,122,13,823,Not in California
Unknown,2021-01-31,17,1074,17,1045,0,29,0,0,17,717,1,123,17,840,Not in California
Unknown,2021-02-01,38,1112,36,1081,2,31,0,0,23,723,17,140,23,863,Not in California
Unknown,2021-02-02,72,1184,70,1151,2,33,0,0,65,782,6,146,65,928,Not in California
Unknown,2021-02-03,49,1233,48,1199,1,34,0,0,37,808,11,157,37,965,Not in California
Unknown,2021-02-04,64,1297,60,1259,4,38,0,0,60,864,4,161,60,1025,Not in California
Unknown,2021-02-05,16,1313,11,1270,5,43,0,0,14,873,5,166,14,1039,Not in California
Unknown,2021-02-06,17,1330,14,1284,3,46,0,0,14,883,6,172,16,1055,Not in California
Unknown,2021-02-07,10,1340,10,1294,0,46,0,0,8,889,2,174,8,1063,Not in California
Unknown,2021-02-08,58,1398,55,1349,3,49,0,0,16,863,42,216,16,1079,Not in California
Unknown,2021-02-09,22,1420,22,1371,0,49,0,0,5,851,17,233,5,1084,Not in California
Unknown,2021-02-10,38,1458,33,1404,5,54,0,0,12,837,26,259,12,1096,Not in California
Unknown,2021-02-11,95,1553,94,1498,1,55,0,0,45,831,51,310,45,1141,Not in California
Unknown,2021-02-12,47,1600,38,1536,9,64,0,0,18,816,33,343,18,1159,Not in California
Unknown,2021-02-13,14,1614,3,1539,11,75,0,0,16,831,1,344,16,1175,Not in California
Unknown,2021-02-14,8,1622,1,1540,7,82,0,0,6,836,1,345,6,1181,Not in California
Unknown,2021-02-15,42,1664,37,1577,5,87,0,0,29,854,11,356,29,1210,Not in California
Unknown,2021-02-16,105,1769,96,1673,9,96,0,0,31,811,74,430,31,1241,Not in California
Unknown,2021-02-17,11,1780,9,1682,2,98,0,0,5,811,5,435,5,1246,Not in California
Unknown,2021-02-18,104,1884,99,1781,5,103,0,0,20,747,84,519,20,1266,Not in California
Unknown,2021-02-19,199,2083,194,1975,5,108,0,0,59,667,139,658,59,1325,Not in California
Unknown,2021-02-20,12,2095,5,1980,7,115,0,0,5,667,5,663,5,1330,Not in California
Unknown,2021-02-21,15,2110,15,1995,0,115,0,0,4,660,11,674,4,1334,Not in California
Unknown,2021-02-22,8,2118,8,2003,0,115,0,0,5,662,3,677,5,1339,Not in California
Unknown,2021-02-23,62,2180,50,2053,12,127,0,0,15,630,47,724,15,1354,Not in California
Unknown,2021-02-24,44,2224,36,2089,8,135,0,0,14,614,30,754,14,1368,Not in California
Unknown,2021-02-25,76,2300,62,2151,14,149,0,0,27,592,49,803,27,1395,Not in California
Unknown,2021-02-26,42,2342,26,2177,16,165,0,0,27,606,13,816,27,1422,Not in California
Unknown,2021-02-27,27,2369,13,2190,14,179,0,0,20,618,8,824,20,1442,Not in California
Unknown,2021-02-28,19,2388,15,2205,4,183,0,0,12,625,5,829,12,1454,Not in California
Unknown,2021-03-01,46,2434,28,2233,18,201,0,0,27,633,19,848,27,1481,Not in California
Unknown,2021-03-02,17,2451,6,2239,11,212,0,0,9,636,6,854,9,1490,Not in California
Unknown,2021-03-03,12,2463,6,2245,6,218,0,0,9,642,3,857,9,1499,Not in California
Unknown,2021-03-04,55,2518,51,2296,4,222,0,0,26,637,31,888,26,1525,Not in California
Unknown,2021-03-05,28,2546,13,2309,15,237,0,0,26,657,6,894,26,1551,Not in California
Unknown,2021-03-06,31,2577,10,2319,19,256,2,2,22,672,9,903,24,1575,Not in California
Unknown,2021-03-07,9,2586,1,2320,8,264,0,2,5,674,3,906,5,1580,Not in California
Unknown,2021-03-08,34,2620,24,2344,8,272,2,4,9,659,26,932,11,1591,Not in California
Unknown,2021-03-09,39,2659,32,2376,3,275,4,8,11,644,30,962,15,1606,Not in California
Unknown,2021-03-10,9,2668,6,2382,1,276,2,10,4,645,5,967,6,1612,Not in California
Unknown,2021-03-11,35,2703,11,2393,10,286,14,24,17,657,19,986,31,1643,Not in California
Unknown,2021-03-12,55,2758,32,2425,19,305,4,28,17,640,38,1024,21,1664,Not in California
Unknown,2021-03-13,20,2778,3,2428,13,318,4,32,8,639,13,1037,12,1676,Not in California
Unknown,2021-03-14,14,2792,8,2436,4,322,2,34,5,637,9,1046,7,1683,Not in California
Unknown,2021-03-15,30,2822,12,2448,16,338,2,36,19,645,13,1059,21,1704,Not in California
Unknown,2021-03-16,60,2882,21,2469,36,374,3,39,41,671,18,1077,44,1748,Not in California
Unknown,2021-03-17,45,2927,12,2481,32,406,1,40,40,708,4,1081,41,1789,Not in California
Unknown,2021-03-18,45,2972,22,2503,23,429,0,40,31,726,13,1094,31,1820,Not in California
Unknown,2021-03-19,29,3001,21,2524,8,437,0,40,18,733,11,1105,18,1838,Not in California
Unknown,2021-03-20,28,3029,13,2537,15,452,0,40,17,739,11,1116,17,1855,Not in California
Unknown,2021-03-21,21,3050,16,2553,5,457,0,40,18,754,3,1119,18,1873,Not in California
Unknown,2021-03-22,29,3079,16,2569,12,469,1,41,17,760,12,1131,18,1891,Not in California
Unknown,2021-03-23,25,3104,10,2579,10,479,5,46,14,768,11,1142,19,1910,Not in California
Unknown,2021-03-24,24,3128,7,2586,17,496,0,46,19,782,5,1147,19,1929,Not in California
Unknown,2021-03-25,44,3172,30,2616,14,510,0,46,31,800,13,1160,31,1960,Not in California
Unknown,2021-03-26,36,3208,17,2633,14,524,5,51,21,811,15,1175,26,1986,Not in California
Unknown,2021-03-27,35,3243,10,2643,25,549,0,51,17,810,18,1193,17,2003,Not in California
Unknown,2021-03-28,16,3259,8,2651,8,557,0,51,12,818,4,1197,12,2015,Not in California
Unknown,2021-03-29,50,3309,30,2681,20,577,0,51,37,842,13,1210,37,2052,Not in California
Unknown,2021-03-30,44,3353,29,2710,15,592,0,51,32,862,12,1222,32,2084,Not in California
Unknown,2021-03-31,37,3390,23,2733,14,606,0,51,27,879,10,1232,27,2111,Not in California
Unknown,2021-04-01,24,3414,14,2747,10,616,0,51,19,893,5,1237,19,2130,Not in California
Unknown,2021-04-02,35,3449,16,2763,16,632,3,54,20,901,15,1252,23,2153,Not in California
Unknown,2021-04-03,18,3467,9,2772,9,641,0,54,8,899,10,1262,8,2161,Not in California
Unknown,2021-04-04,16,3483,5,2777,11,652,0,54,10,904,5,1267,10,2171,Not in California
Unknown,2021-04-05,184,3667,147,2924,13,665,24,78,145,1034,38,1305,168,2339,Not in California
Unknown,2021-04-06,303,3970,157,3081,124,789,22,100,270,1294,32,1337,292,2631,Not in California
Unknown,2021-04-07,5,3975,4,3085,0,789,1,101,4,1298,1,1338,5,2636,Not in California
Alameda,2020-12-15,36,36,36,36,0,0,0,0,36,36,0,0,36,36,California
Alameda,2020-12-16,201,237,201,237,0,0,0,0,201,237,0,0,201,237,California
Alameda,2020-12-17,396,633,396,633,0,0,0,0,396,633,0,0,396,633,California
Alameda,2020-12-18,1775,2408,1774,2407,1,1,0,0,1775,2408,0,0,1775,2408,California
Alameda,2020-12-19,1440,3848,1440,3847,0,1,0,0,1440,3848,0,0,1440,3848,California
Alameda,2020-12-20,1181,5029,1180,5027,1,2,0,0,1180,5027,1,1,1180,5028,California
Alameda,2020-12-21,1855,6884,1854,6881,1,3,0,0,1854,6881,0,1,1854,6882,California
Alameda,2020-12-22,2094,8978,2043,8924,51,54,0,0,2094,8975,0,1,2094,8976,California
Alameda,2020-12-23,1923,10901,1668,10592,255,309,0,0,1923,10898,0,1,1923,10899,California
Alameda,2020-12-24,1218,12119,759,11351,459,768,0,0,1218,12116,0,1,1218,12117,California
Alameda,2020-12-25,166,12285,129,11480,37,805,0,0,166,12282,0,1,166,12283,California
Alameda,2020-12-26,866,13151,323,11803,543,1348,0,0,866,13148,0,1,866,13149,California
Alameda,2020-12-27,500,13651,256,12059,244,1592,0,0,500,13648,0,1,500,13649,California
Alameda,2020-12-28,1866,15517,940,12999,926,2518,0,0,1866,15514,0,1,1866,15515,California
Alameda,2020-12-29,2419,17936,1019,14018,1400,3918,0,0,2418,17932,0,1,2418,17933,California
Alameda,2020-12-30,3126,21062,1360,15378,1766,5684,0,0,3126,21058,0,1,3126,21059,California
Alameda,2020-12-31,1785,22847,439,15817,1346,7030,0,0,1784,22841,1,2,1784,22843,California
Alameda,2021-01-01,166,23013,66,15883,100,7130,0,0,166,23007,0,2,166,23009,California
Alameda,2021-01-02,716,23729,519,16402,197,7327,0,0,715,23722,0,2,715,23724,California
Alameda,2021-01-03,340,24069,219,16621,121,7448,0,0,337,24056,3,5,337,24061,California
Alameda,2021-01-04,1649,25718,945,17566,704,8152,0,0,1637,25682,11,16,1637,25698,California
Alameda,2021-01-05,2197,27915,1262,18828,935,9087,0,0,1960,27408,234,250,1960,27658,California
Alameda,2021-01-06,3250,31165,1787,20615,1463,10550,0,0,2415,28993,832,1082,2417,30075,California
Alameda,2021-01-07,3781,34946,2136,22751,1645,12195,0,0,2655,30535,1117,2199,2659,32734,California
Alameda,2021-01-08,4745,39691,2716,25467,2029,14224,0,0,3104,32007,1636,3835,3108,35842,California
Alameda,2021-01-09,2033,41724,1390,26857,643,14867,0,0,1169,32312,864,4699,1169,37011,California
Alameda,2021-01-10,1057,42781,839,27696,218,15085,0,0,422,32098,636,5335,422,37433,California
Alameda,2021-01-11,4626,47407,3498,31194,1128,16213,0,0,2840,33158,1786,7121,2846,40279,California
Alameda,2021-01-12,4811,52218,3237,34431,1574,17787,0,0,3423,35196,1387,8508,3425,43704,California
Alameda,2021-01-13,5010,57228,2648,37079,2362,20149,0,0,3834,37859,1172,9680,3835,47539,California
Alameda,2021-01-14,5599,62827,2735,39814,2864,23013,0,0,4713,41697,877,10557,4715,52254,California
Alameda,2021-01-15,5806,68633,2306,42120,3500,26513,0,0,5045,45990,754,11311,5047,57301,California
Alameda,2021-01-16,3006,71639,1412,43532,1594,28107,0,0,2735,48455,271,11582,2736,60037,California
Alameda,2021-01-17,1861,73500,1078,44610,783,28890,0,0,1658,49911,203,11785,1659,61696,California
Alameda,2021-01-18,3186,76686,2046,46656,1140,30030,0,0,2607,51948,575,12360,2612,64308,California
Alameda,2021-01-19,5511,82197,3326,49982,2185,32215,0,0,4327,55095,1182,13542,4329,68637,California
Alameda,2021-01-20,6615,88812,4022,54004,2593,34808,0,0,5322,59140,1281,14823,5326,73963,California
Alameda,2021-01-21,7725,96537,3381,57385,4344,39152,0,0,6900,65224,819,15642,6903,80866,California
Alameda,2021-01-22,6897,103434,2029,59414,4868,44020,0,0,5759,69854,1131,16773,5761,86627,California
Alameda,2021-01-23,3276,106710,941,60355,2335,46355,0,0,2726,72032,550,17323,2728,89355,California
Alameda,2021-01-24,2050,108760,656,61011,1394,47749,0,0,1774,73534,272,17595,1774,91129,California
Alameda,2021-01-25,5205,113965,1987,62998,3218,50967,0,0,3624,75585,1573,19168,3624,94753,California
Alameda,2021-01-26,7211,121176,2265,65263,4946,55913,0,0,5363,79108,1841,21009,5364,100117,California
Alameda,2021-01-27,6664,127840,2078,67341,4586,60499,0,0,4825,82106,1827,22836,4825,104942,California
Alameda,2021-01-28,7810,135650,2494,69835,5316,65815,0,0,5609,85530,2186,25022,5610,110552,California
Alameda,2021-01-29,7888,143538,3173,73008,4715,70530,0,0,6069,89789,1810,26832,6069,116621,California
Alameda,2021-01-30,3402,146940,1662,74670,1740,72270,0,0,2703,91798,694,27526,2703,119324,California
Alameda,2021-01-31,1904,148844,965,75635,939,73209,0,0,1663,93222,239,27765,1663,120987,California
Alameda,2021-02-01,5937,154781,3346,78981,2591,75800,0,0,4305,95902,1626,29391,4306,125293,California
Alameda,2021-02-02,7436,162217,4237,83218,3199,78999,0,0,4653,97784,2772,32163,4654,129947,California
Alameda,2021-02-03,7072,169289,3727,86945,3345,82344,0,0,4406,99536,2660,34823,4412,134359,California
Alameda,2021-02-04,9474,178763,4130,91075,5344,87688,0,0,6436,102956,3021,37844,6441,140800,California
Alameda,2021-02-05,10304,189067,5381,96456,4923,92611,0,0,6445,105554,3853,41697,6451,147251,California
Alameda,2021-02-06,6995,196062,4435,100891,2560,95171,0,0,5875,110310,1120,42817,5876,153127,California
Alameda,2021-02-07,3580,199642,2894,103785,686,95857,0,0,2645,112025,932,43749,2647,155774,California
Alameda,2021-02-08,8076,207718,5776,109561,2300,98157,0,0,5541,115043,2525,46274,5543,161317,California
Alameda,2021-02-09,9690,217408,5850,115411,3840,101997,0,0,6047,117455,3637,49911,6049,167366,California
Alameda,2021-02-10,11437,228845,6767,122178,4670,106667,0,0,6635,119313,4785,54696,6643,174009,California
Alameda,2021-02-11,13823,242668,7902,130080,5921,112588,0,0,8366,122240,5443,60139,8370,182379,California
Alameda,2021-02-12,12484,255152,5679,135759,6805,119393,0,0,7735,125243,4734,64873,7737,190116,California
Alameda,2021-02-13,7791,262943,4060,139819,3731,123124,0,0,5834,129126,1953,66826,5836,195952,California
Alameda,2021-02-14,4018,266961,2535,142354,1483,124607,0,0,2863,130839,1152,67978,2865,198817,California
Alameda,2021-02-15,5684,272645,3211,145565,2473,127080,0,0,3686,132532,1996,69974,3689,202506,California
Alameda,2021-02-16,12496,285141,6939,152504,5557,132637,0,0,9305,138660,3182,73156,9310,211816,California
Alameda,2021-02-17,14084,299225,8341,160845,5743,138380,0,0,10477,145550,3589,76745,10479,222295,California
Alameda,2021-02-18,15820,315045,10046,170891,5774,144154,0,0,11505,152745,4312,81057,11507,233802,California
Alameda,2021-02-19,17564,332609,11381,182272,6183,150337,0,0,11661,158525,5882,86939,11662,245464,California
Alameda,2021-02-20,11834,344443,9592,191864,2242,152579,0,0,9137,164972,2695,89634,9142,254606,California
Alameda,2021-02-21,6126,350569,5198,197062,928,153507,0,0,3689,166233,2428,92062,3689,258295,California
Alameda,2021-02-22,10585,361154,7817,204879,2768,156275,0,0,6688,169046,3884,95946,6697,264992,California
Alameda,2021-02-23,12676,373830,7700,212579,4976,161251,0,0,7898,172181,4769,100715,7904,272896,California
Alameda,2021-02-24,14623,388453,8188,220767,6435,167686,0,0,9484,176587,5083,105798,9489,282385,California
Alameda,2021-02-25,15581,404034,9124,229891,6457,174143,0,0,9934,180911,5616,111414,9940,292325,California
Alameda,2021-02-26,18030,422064,10607,240498,7423,181566,0,0,11680,186286,6308,117722,11683,304008,California
Alameda,2021-02-27,14667,436731,10795,251293,3870,185436,2,2,9087,189819,5557,123279,9090,313098,California
Alameda,2021-02-28,9144,445875,7706,258999,1438,186874,0,2,6080,192855,3045,126324,6081,319179,California
Alameda,2021-03-01,13179,459054,9170,268169,4009,190883,0,2,8192,196103,4949,131273,8197,327376,California
Alameda,2021-03-02,13680,472734,9520,277689,4160,195043,0,2,8799,200049,4862,136135,8808,336184,California
Alameda,2021-03-03,14749,487483,9646,287335,5103,200146,0,2,9993,205314,4730,140865,9995,346179,California
Alameda,2021-03-04,17197,504680,11009,298344,6188,206334,0,2,10833,209817,6330,147195,10833,357012,California
Alameda,2021-03-05,15758,520438,10184,308528,5568,211902,6,8,10576,215261,5143,152338,10587,367599,California
Alameda,2021-03-06,14164,534602,9918,318446,3987,215889,259,267,9304,220010,4815,157153,9564,377163,California
Alameda,2021-03-07,9235,543837,8037,326483,1118,217007,80,347,6521,223923,2690,159843,6603,383766,California
Alameda,2021-03-08,11483,555320,7122,333605,4016,221023,345,692,8572,229980,2860,162703,8917,392683,California
Alameda,2021-03-09,11189,566509,6929,340534,3833,224856,427,1119,6204,231660,4954,167657,6634,399317,California
Alameda,2021-03-10,16549,583058,11264,351798,4738,229594,547,1666,7492,230663,9034,176691,8037,407354,California
Alameda,2021-03-11,19589,602647,11461,363259,6463,236057,1665,3331,6684,226131,12881,189572,8349,415703,California
Alameda,2021-03-12,20323,622970,11861,375120,6912,242969,1550,4881,7200,221775,13103,202675,8747,424450,California
Alameda,2021-03-13,15341,638311,9933,385053,4473,247442,935,5816,4903,217207,10405,213080,5837,430287,California
Alameda,2021-03-14,10134,648445,7635,392688,1734,249176,765,6581,4476,216799,5644,218724,5236,435523,California
Alameda,2021-03-15,14229,662674,9302,401990,4415,253591,512,7093,6346,215799,7856,226580,6856,442379,California
Alameda,2021-03-16,17005,679679,11052,413042,5434,259025,519,7612,7471,214302,9489,236069,7992,450371,California
Alameda,2021-03-17,17200,696879,9683,422725,6828,265853,689,8301,8044,213907,9129,245198,8734,459105,California
Alameda,2021-03-18,18914,715793,10278,433003,7763,273616,873,9174,8671,213237,10216,255414,9546,468651,California
Alameda,2021-03-19,18926,734719,10250,443253,6888,280504,1788,10962,7550,211237,11334,266748,9334,477985,California
Alameda,2021-03-20,15499,750218,10136,453389,4552,285056,811,11773,6471,209515,9004,275752,7282,485267,California
Alameda,2021-03-21,8988,759206,7056,460445,1403,286459,529,12302,3732,208530,5247,280999,4262,489529,California
Alameda,2021-03-22,14786,773992,9957,470402,3854,290313,975,13277,7143,209022,7626,288625,8118,497647,California
Alameda,2021-03-23,18938,792930,11405,481807,6751,297064,782,14059,10659,212226,8242,296867,11446,509093,California
Alameda,2021-03-24,18799,811729,11301,493108,6524,303588,974,15033,8611,211666,10138,307005,9578,518671,California
Alameda,2021-03-25,20137,831866,11115,504223,7675,311263,1347,16380,9498,211922,10580,317585,10836,529507,California
Alameda,2021-03-26,20531,852397,12295,516518,6712,317975,1524,17904,8813,210575,11677,329262,10330,539837,California
Alameda,2021-03-27,18065,870462,12266,528784,4845,322820,954,18858,7795,209082,10228,339490,8735,548572,California
Alameda,2021-03-28,10403,880865,8431,537215,1771,324591,201,19059,3838,206570,6557,346047,4045,552617,California
Alameda,2021-03-29,14498,895363,9241,546456,4281,328872,976,20035,6258,205589,8213,354260,7232,559849,California
Alameda,2021-03-30,18262,913625,9606,556062,7023,335895,1633,21668,10795,210572,7443,361703,12426,572275,California
Alameda,2021-03-31,18927,932552,9922,565984,6983,342878,2022,23690,9582,212854,9319,371022,11601,583876,California
Alameda,2021-04-01,22493,955045,9806,575790,7353,350231,5334,29024,10830,217378,11640,382662,16164,600040,California
Alameda,2021-04-02,23201,978246,9679,585469,8145,358376,5377,34401,11546,222662,11631,394293,16915,616955,California
Alameda,2021-04-03,19860,998106,9626,595095,5635,364011,4599,39000,10288,227996,9555,403848,14889,631844,California
Alameda,2021-04-04,9569,1007675,3821,598916,2273,366284,3475,42475,3494,228893,6069,409917,6966,638810,California
Alameda,2021-04-05,17292,1024967,7142,606058,5477,371761,4673,47148,6994,230276,10283,420200,11666,650476,California
Alameda,2021-04-06,20423,1045390,9434,615492,5534,377295,5455,52603,9131,233598,11264,431464,14586,665062,California
Alameda,2021-04-07,15789,1061179,8290,623782,4218,381513,3281,55884,8594,238301,7174,438638,11877,676939,California
Alpine,2020-12-18,2,2,2,2,0,0,0,0,2,2,0,0,2,2,California
Alpine,2020-12-19,2,4,2,4,0,0,0,0,2,4,0,0,2,4,California
Alpine,2020-12-21,2,6,2,6,0,0,0,0,2,6,0,0,2,6,California
Alpine,2020-12-30,15,21,0,6,15,15,0,0,15,21,0,0,15,21,California
Alpine,2020-12-31,1,22,0,6,1,16,0,0,1,22,0,0,1,22,California
Alpine,2021-01-01,1,23,0,6,1,17,0,0,1,23,0,0,1,23,California
Alpine,2021-01-02,1,24,1,7,0,17,0,0,1,24,0,0,1,24,California
Alpine,2021-01-04,10,34,0,7,10,27,0,0,10,34,0,0,10,34,California
Alpine,2021-01-05,9,43,1,8,8,35,0,0,9,43,0,0,9,43,California
Alpine,2021-01-06,31,74,0,8,31,66,0,0,31,74,0,0,31,74,California
Alpine,2021-01-07,8,82,0,8,8,74,0,0,8,82,0,0,8,82,California
Alpine,2021-01-08,4,86,2,10,2,76,0,0,2,82,2,2,2,84,California
Alpine,2021-01-09,2,88,2,12,0,76,0,0,0,80,2,4,0,84,California
Alpine,2021-01-11,32,120,1,13,31,107,0,0,31,110,1,5,31,115,California
Alpine,2021-01-13,35,155,0,13,35,142,0,0,35,145,0,5,35,150,California
Alpine,2021-01-14,2,157,0,13,2,144,0,0,2,147,0,5,2,152,California
Alpine,2021-01-15,1,158,0,13,1,145,0,0,1,148,0,5,1,153,California
Alpine,2021-01-20,21,179,0,13,21,166,0,0,21,169,0,5,21,174,California
Alpine,2021-01-21,3,182,0,13,3,169,0,0,3,172,0,5,3,177,California
Alpine,2021-01-22,32,214,0,13,32,201,0,0,32,204,0,5,32,209,California
Alpine,2021-01-23,1,215,1,14,0,201,0,0,0,203,1,6,0,209,California
Alpine,2021-01-25,16,231,0,14,16,217,0,0,16,219,0,6,16,225,California
Alpine,2021-01-27,1,232,1,15,0,217,0,0,0,218,1,7,0,225,California
Alpine,2021-01-28,12,244,0,15,12,229,0,0,11,228,1,8,11,236,California
Alpine,2021-01-29,1,245,0,15,1,230,0,0,1,229,0,8,1,237,California
Alpine,2021-02-01,26,271,0,15,26,256,0,0,7,217,19,27,7,244,California
Alpine,2021-02-03,34,305,0,15,34,290,0,0,10,203,24,51,10,254,California
Alpine,2021-02-04,9,314,0,15,9,299,0,0,4,202,5,56,4,258,California
Alpine,2021-02-05,31,345,0,15,31,330,0,0,12,195,19,75,12,270,California
Alpine,2021-02-06,1,346,1,16,0,330,0,0,1,196,0,75,1,271,California
Alpine,2021-02-07,1,347,1,17,0,330,0,0,1,197,0,75,1,272,California
Alpine,2021-02-08,32,379,0,17,32,362,0,0,4,173,28,103,4,276,California
Alpine,2021-02-10,34,413,0,17,34,396,0,0,0,139,34,137,0,276,California
Alpine,2021-02-11,6,419,0,17,6,402,0,0,3,139,3,140,3,279,California
Alpine,2021-02-12,1,420,0,17,1,403,0,0,0,138,1,141,0,279,California
Alpine,2021-02-17,23,443,0,17,23,426,0,0,3,121,20,161,3,282,California
Alpine,2021-02-18,4,447,0,17,4,430,0,0,1,119,3,164,1,283,California
Alpine,2021-02-19,34,481,1,18,33,463,0,0,2,89,32,196,2,285,California
Alpine,2021-02-22,28,509,0,18,28,491,0,0,9,79,19,215,9,294,California
Alpine,2021-02-24,1,510,1,19,0,491,0,0,1,80,0,215,1,295,California
Alpine,2021-02-25,17,527,1,20,16,507,0,0,6,75,11,226,6,301,California
Alpine,2021-02-26,29,556,1,21,28,535,0,0,28,102,1,227,28,329,California
Alpine,2021-03-01,35,591,0,21,35,570,0,0,25,117,10,237,25,354,California
Alpine,2021-03-02,1,592,1,22,0,570,0,0,0,116,1,238,0,354,California
Alpine,2021-03-03,29,621,1,23,28,598,0,0,17,121,12,250,17,371,California
Alpine,2021-03-04,13,634,1,24,12,610,0,0,12,132,1,251,12,383,California
Alpine,2021-03-05,30,664,0,24,30,640,0,0,22,146,8,259,22,405,California
Alpine,2021-03-08,31,695,0,24,31,671,0,0,29,173,2,261,29,434,California
Alpine,2021-03-10,75,770,0,24,75,746,0,0,75,248,0,261,75,509,California
Alpine,2021-03-11,36,806,0,24,36,782,0,0,32,277,3,264,32,541,California
Alpine,2021-03-12,21,827,0,24,21,803,0,0,19,294,2,266,19,560,California
Alpine,2021-03-15,21,848,1,25,20,823,0,0,20,313,1,267,20,580,California
Alpine,2021-03-17,22,870,0,25,21,844,1,1,18,328,4,271,19,599,California
Alpine,2021-03-18,40,910,3,28,37,881,0,1,37,362,3,274,37,636,California
Alpine,2021-03-19,2,912,1,29,1,882,0,1,1,362,1,275,1,637,California
Alpine,2021-03-22,25,937,0,29,25,907,0,1,15,367,10,285,15,652,California
Alpine,2021-03-24,19,956,0,29,19,926,0,1,9,366,10,295,9,661,California
Alpine,2021-03-25,38,994,1,30,36,962,1,2,31,391,7,302,32,693,California
Alpine,2021-03-28,1,995,1,31,0,962,0,2,1,392,0,302,1,694,California
Alpine,2021-03-29,20,1015,0,31,19,981,1,3,3,379,17,319,4,698,California
Alpine,2021-04-01,18,1033,0,31,18,999,0,3,8,377,10,329,8,706,California
Alpine,2021-04-02,101,1134,1,32,100,1099,0,3,48,373,52,381,48,754,California
Alpine,2021-04-05,4,1138,1,33,3,1102,0,3,0,369,4,385,0,754,California
Alpine,2021-04-06,2,1140,1,34,1,1103,0,3,1,369,1,386,1,755,California
Alpine,2021-04-07,1,1141,0,34,1,1104,0,3,0,369,1,387,1,756,California
Amador,2020-12-16,2,2,2,2,0,0,0,0,2,2,0,0,2,2,California
Amador,2020-12-17,5,7,5,7,0,0,0,0,5,7,0,0,5,7,California
Amador,2020-12-18,44,51,44,51,0,0,0,0,44,51,0,0,44,51,California
Amador,2020-12-19,17,68,17,68,0,0,0,0,17,68,0,0,17,68,California
Amador,2020-12-20,4,72,4,72,0,0,0,0,4,72,0,0,4,72,California
Amador,2020-12-21,33,105,33,105,0,0,0,0,33,105,0,0,33,105,California
Amador,2020-12-22,35,140,34,139,1,1,0,0,35,140,0,0,35,140,California
Amador,2020-12-23,39,179,38,177,1,2,0,0,39,179,0,0,39,179,California
Amador,2020-12-24,5,184,3,180,2,4,0,0,5,184,0,0,5,184,California
Amador,2020-12-26,6,190,5,185,1,5,0,0,6,190,0,0,6,190,California
Amador,2020-12-27,1,191,0,185,1,6,0,0,1,191,0,0,1,191,California
Amador,2020-12-28,31,222,27,212,4,10,0,0,31,222,0,0,31,222,California
Amador,2020-12-29,26,248,19,231,7,17,0,0,26,248,0,0,26,248,California
Amador,2020-12-30,121,369,75,306,46,63,0,0,121,369,0,0,121,369,California
Amador,2020-12-31,192,561,167,473,25,88,0,0,192,561,0,0,192,561,California
Amador,2021-01-01,1,562,0,473,1,89,0,0,1,562,0,0,1,562,California
Amador,2021-01-02,56,618,56,529,0,89,0,0,56,618,0,0,56,618,California
Amador,2021-01-03,65,683,17,546,48,137,0,0,65,683,0,0,65,683,California
Amador,2021-01-04,125,808,1,547,124,261,0,0,124,806,1,1,124,807,California
Amador,2021-01-05,33,841,3,550,30,291,0,0,31,836,2,3,32,839,California
Amador,2021-01-06,40,881,10,560,30,321,0,0,36,868,4,7,36,875,California
Amador,2021-01-07,227,1108,68,628,159,480,0,0,215,1071,12,19,215,1090,California
Amador,2021-01-08,84,1192,70,698,14,494,0,0,40,1068,44,63,41,1131,California
Amador,2021-01-09,11,1203,11,709,0,494,0,0,2,1061,9,72,2,1133,California
Amador,2021-01-10,7,1210,5,714,2,496,0,0,3,1060,4,76,3,1136,California
Amador,2021-01-11,124,1334,44,758,80,576,0,0,89,1114,35,111,89,1225,California
Amador,2021-01-12,62,1396,48,806,14,590,0,0,39,1130,23,134,39,1264,California
Amador,2021-01-13,39,1435,24,830,15,605,0,0,26,1143,13,147,26,1290,California
Amador,2021-01-14,146,1581,20,850,126,731,0,0,136,1269,10,157,136,1426,California
Amador,2021-01-15,54,1635,23,873,31,762,0,0,47,1309,7,164,47,1473,California
Amador,2021-01-16,19,1654,12,885,7,769,0,0,13,1317,6,170,14,1487,California
Amador,2021-01-17,25,1679,5,890,20,789,0,0,25,1342,0,170,25,1512,California
Amador,2021-01-18,31,1710,27,917,4,793,0,0,9,1329,22,192,9,1521,California
Amador,2021-01-19,120,1830,96,1013,24,817,0,0,77,1363,43,235,77,1598,California
Amador,2021-01-20,181,2011,32,1045,149,966,0,0,166,1515,14,249,166,1764,California
Amador,2021-01-21,253,2264,222,1267,31,997,0,0,144,1550,109,358,144,1908,California
Amador,2021-01-22,132,2396,71,1338,61,1058,0,0,126,1670,6,364,126,2034,California
Amador,2021-01-23,52,2448,32,1370,20,1078,0,0,50,1718,2,366,50,2084,California
Amador,2021-01-24,29,2477,12,1382,17,1095,0,0,26,1741,3,369,26,2110,California
Amador,2021-01-25,58,2535,28,1410,30,1125,0,0,41,1765,17,386,41,2151,California
Amador,2021-01-26,243,2778,16,1426,227,1352,0,0,233,1988,10,396,233,2384,California
Amador,2021-01-27,296,3074,29,1455,267,1619,0,0,249,2193,45,441,250,2634,California
Amador,2021-01-28,346,3420,76,1531,270,1889,0,0,285,2418,61,502,286,2920,California
Amador,2021-01-29,96,3516,30,1561,66,1955,0,0,81,2484,15,517,81,3001,California
Amador,2021-01-30,166,3682,32,1593,134,2089,0,0,161,2640,5,522,161,3162,California
Amador,2021-01-31,32,3714,28,1621,4,2093,0,0,31,2670,1,523,31,3193,California
Amador,2021-02-01,63,3777,23,1644,40,2133,0,0,36,2679,27,550,36,3229,California
Amador,2021-02-02,215,3992,65,1709,150,2283,0,0,127,2722,84,634,127,3356,California
Amador,2021-02-03,143,4135,38,1747,105,2388,0,0,92,2764,50,684,92,3448,California
Amador,2021-02-04,248,4383,71,1818,177,2565,0,0,163,2844,85,769,165,3613,California
Amador,2021-02-05,328,4711,61,1879,267,2832,0,0,313,3142,15,784,313,3926,California
Amador,2021-02-06,98,4809,79,1958,19,2851,0,0,94,3232,4,788,94,4020,California
Amador,2021-02-07,38,4847,35,1993,3,2854,0,0,35,3264,3,791,35,4055,California
Amador,2021-02-08,91,4938,63,2056,28,2882,0,0,73,3319,18,809,73,4128,California
Amador,2021-02-09,172,5110,82,2138,90,2972,0,0,109,3365,63,872,109,4237,California
Amador,2021-02-10,716,5826,78,2216,638,3610,0,0,683,4015,33,905,683,4920,California
Amador,2021-02-11,306,6132,120,2336,186,3796,0,0,201,4112,104,1009,201,5121,California
Amador,2021-02-12,322,6454,118,2454,204,4000,0,0,251,4292,71,1080,251,5372,California
Amador,2021-02-13,164,6618,81,2535,83,4083,0,0,138,4404,26,1106,138,5510,California
Amador,2021-02-14,123,6741,54,2589,69,4152,0,0,106,4493,17,1123,106,5616,California
Amador,2021-02-15,186,6927,60,2649,126,4278,0,0,169,4646,16,1139,169,5785,California
Amador,2021-02-16,409,7336,51,2700,358,4636,0,0,370,4978,39,1178,371,6156,California
Amador,2021-02-17,258,7594,80,2780,178,4814,0,0,163,5046,95,1273,163,6319,California
Amador,2021-02-18,399,7993,99,2879,300,5114,0,0,337,5322,62,1335,338,6657,California
Amador,2021-02-19,192,8185,77,2956,115,5229,0,0,110,5351,82,1417,111,6768,California
Amador,2021-02-20,92,8277,29,2985,63,5292,0,0,64,5387,28,1445,64,6832,California
Amador,2021-02-21,46,8323,34,3019,12,5304,0,0,16,5373,30,1475,16,6848,California
Amador,2021-02-22,65,8388,24,3043,41,5345,0,0,34,5377,30,1505,34,6882,California
Amador,2021-02-23,319,8707,56,3099,263,5608,0,0,139,5337,180,1685,140,7022,California
Amador,2021-02-24,397,9104,55,3154,342,5950,0,0,269,5482,124,1809,269,7291,California
Amador,2021-02-25,518,9622,111,3265,407,6357,0,0,279,5524,237,2046,279,7570,California
Amador,2021-02-26,608,10230,75,3340,533,6890,0,0,504,5926,103,2149,505,8075,California
Amador,2021-02-27,289,10519,91,3431,198,7088,0,0,103,5846,185,2334,105,8180,California
Amador,2021-02-28,101,10620,52,3483,49,7137,0,0,56,5860,45,2379,59,8239,California
Amador,2021-03-01,193,10813,66,3549,127,7264,0,0,124,5916,69,2448,125,8364,California
Amador,2021-03-02,385,11198,61,3610,324,7588,0,0,334,6200,51,2499,335,8699,California
Amador,2021-03-03,240,11438,78,3688,162,7750,0,0,164,6290,75,2574,165,8864,California
Amador,2021-03-04,500,11938,118,3806,382,8132,0,0,398,6586,102,2676,398,9262,California
Amador,2021-03-05,511,12449,75,3881,436,8568,0,0,299,6676,211,2887,301,9563,California
Amador,2021-03-06,97,12546,43,3924,53,8621,1,1,54,6688,43,2930,55,9618,California
Amador,2021-03-07,61,12607,42,3966,19,8640,0,1,18,6663,43,2973,18,9636,California
Amador,2021-03-08,157,12764,72,4038,84,8724,1,2,95,6697,62,3035,96,9732,California
Amador,2021-03-09,375,13139,47,4085,328,9052,0,2,316,6957,56,3091,316,10048,California
Amador,2021-03-10,507,13646,74,4159,432,9484,1,3,243,6939,264,3355,246,10294,California
Amador,2021-03-11,471,14117,113,4272,347,9831,11,14,329,7141,141,3496,343,10637,California
Amador,2021-03-12,547,14664,64,4336,475,10306,8,22,336,7280,210,3706,349,10986,California
Amador,2021-03-13,88,14752,17,4353,64,10370,7,29,53,7309,35,3741,64,11050,California
Amador,2021-03-14,61,14813,18,4371,40,10410,3,32,19,7289,42,3783,22,11072,California
Amador,2021-03-15,187,15000,23,4394,151,10561,13,45,58,7233,129,3912,73,11145,California
Amador,2021-03-16,459,15459,57,4451,392,10953,10,55,194,7175,262,4174,204,11349,California
Amador,2021-03-17,192,15651,40,4491,149,11102,3,58,120,7227,72,4246,124,11473,California
Amador,2021-03-18,473,16124,97,4588,372,11474,4,62,253,7267,219,4465,259,11732,California
Amador,2021-03-19,546,16670,57,4645,471,11945,18,80,397,7538,147,4612,418,12150,California
Amador,2021-03-20,111,16781,48,4693,62,12007,1,81,46,7523,64,4676,49,12199,California
Amador,2021-03-21,48,16829,34,4727,13,12020,1,82,31,7541,16,4692,34,12233,California
Amador,2021-03-22,115,16944,34,4761,52,12072,29,111,50,7555,65,4757,79,12312,California
Amador,2021-03-23,439,17383,47,4808,384,12456,8,119,283,7692,154,4911,291,12603,California
Amador,2021-03-24,346,17729,36,4844,57,12513,253,372,39,7677,305,5216,290,12893,California
Amador,2021-03-25,603,18332,82,4926,515,13028,6,378,391,7865,209,5425,397,13290,California
Amador,2021-03-26,737,19069,40,4966,692,13720,5,383,289,7716,447,5872,298,13588,California
Amador,2021-03-27,91,19160,14,4980,75,13795,2,385,27,7683,64,5936,31,13619,California
Amador,2021-03-28,68,19228,15,4995,51,13846,2,387,14,7645,54,5990,16,13635,California
Amador,2021-03-29,186,19414,28,5023,157,14003,1,388,82,7633,100,6090,88,13723,California
Amador,2021-03-30,536,19950,26,5049,509,14512,1,389,301,7701,234,6324,302,14025,California
Amador,2021-03-31,211,20161,59,5108,147,14659,5,394,48,7591,163,6487,53,14078,California
Amador,2021-04-01,611,20772,83,5191,528,15187,0,394,266,7517,342,6829,268,14346,California
Amador,2021-04-02,605,21377,32,5223,561,15748,12,406,383,7692,221,7050,396,14742,California
Amador,2021-04-03,80,21457,17,5240,43,15791,20,426,22,7677,58,7108,43,14785,California
Amador,2021-04-04,38,21495,2,5242,30,15821,6,432,16,7677,22,7130,22,14807,California
Amador,2021-04-05,139,21634,43,5285,79,15900,17,449,43,7642,96,7226,61,14868,California
Amador,2021-04-06,105,21739,36,5321,51,15951,18,467,38,7632,67,7293,57,14925,California
Amador,2021-04-07,72,21811,28,5349,32,15983,12,479,30,7633,41,7334,42,14967,California
Butte,2020-12-16,3,3,3,3,0,0,0,0,3,3,0,0,3,3,California
Butte,2020-12-17,21,24,21,24,0,0,0,0,21,24,0,0,21,24,California
Butte,2020-12-18,50,74,50,74,0,0,0,0,50,74,0,0,50,74,California
Butte,2020-12-19,7,81,7,81,0,0,0,0,7,81,0,0,7,81,California
Butte,2020-12-20,10,91,10,91,0,0,0,0,10,91,0,0,10,91,California
Butte,2020-12-21,632,723,632,723,0,0,0,0,632,723,0,0,632,723,California
Butte,2020-12-22,618,1341,616,1339,2,2,0,0,618,1341,0,0,618,1341,California
Butte,2020-12-23,870,2211,854,2193,16,18,0,0,870,2211,0,0,870,2211,California
Butte,2020-12-24,160,2371,157,2350,3,21,0,0,160,2371,0,0,160,2371,California
Butte,2020-12-26,93,2464,91,2441,2,23,0,0,93,2464,0,0,93,2464,California
Butte,2020-12-27,35,2499,34,2475,1,24,0,0,35,2499,0,0,35,2499,California
Butte,2020-12-28,279,2778,273,2748,6,30,0,0,279,2778,0,0,279,2778,California
Butte,2020-12-29,204,2982,180,2928,24,54,0,0,204,2982,0,0,204,2982,California
Butte,2020-12-30,500,3482,289,3217,211,265,0,0,500,3482,0,0,500,3482,California
Butte,2020-12-31,212,3694,18,3235,194,459,0,0,212,3694,0,0,212,3694,California
Butte,2021-01-01,8,3702,1,3236,7,466,0,0,8,3702,0,0,8,3702,California
Butte,2021-01-02,37,3739,36,3272,1,467,0,0,37,3739,0,0,37,3739,California
Butte,2021-01-03,4,3743,1,3273,3,470,0,0,4,3743,0,0,4,3743,California
Butte,2021-01-04,207,3950,174,3447,33,503,0,0,207,3950,0,0,207,3950,California
Butte,2021-01-05,193,4143,150,3597,43,546,0,0,192,4141,1,1,192,4142,California
Butte,2021-01-06,623,4766,396,3993,227,773,0,0,618,4755,5,6,619,4761,California
Butte,2021-01-07,759,5525,369,4362,390,1163,0,0,739,5474,20,26,739,5500,California
Butte,2021-01-08,570,6095,529,4891,41,1204,0,0,524,5952,46,72,524,6024,California
Butte,2021-01-09,12,6107,7,4898,5,1209,0,0,7,5954,5,77,7,6031,California
Butte,2021-01-10,19,6126,5,4903,14,1223,0,0,14,5963,5,82,14,6045,California
Butte,2021-01-11,986,7112,950,5853,36,1259,0,0,358,5696,628,710,361,6406,California
Butte,2021-01-12,696,7808,651,6504,45,1304,0,0,273,5546,423,1133,273,6679,California
Butte,2021-01-13,1451,9259,956,7460,495,1799,0,0,616,5329,835,1968,618,7297,California
Butte,2021-01-14,1637,10896,896,8356,741,2540,0,0,1440,6573,196,2164,1440,8737,California
Butte,2021-01-15,1170,12066,926,9282,244,2784,0,0,1060,7522,111,2275,1060,9797,California
Butte,2021-01-16,585,12651,300,9582,285,3069,0,0,540,8017,45,2320,540,10337,California
Butte,2021-01-17,239,12890,64,9646,175,3244,0,0,202,8182,37,2357,202,10539,California
Butte,2021-01-18,343,13233,303,9949,40,3284,0,0,274,8388,68,2425,274,10813,California
Butte,2021-01-19,489,13722,426,10375,63,3347,0,0,217,8333,272,2697,217,11030,California
Butte,2021-01-20,1345,15067,663,11038,682,4029,0,0,1045,9078,300,2997,1045,12075,California
Butte,2021-01-21,1473,16540,865,11903,608,4637,0,0,1367,10340,105,3102,1367,13442,California
Butte,2021-01-22,990,17530,333,12236,657,5294,0,0,937,11224,53,3155,937,14379,California
Butte,2021-01-23,125,17655,82,12318,43,5337,0,0,100,11299,25,3180,100,14479,California
Butte,2021-01-24,8,17663,6,12324,2,5339,0,0,8,11307,0,3180,8,14487,California
Butte,2021-01-25,651,18314,335,12659,316,5655,0,0,488,11632,163,3343,488,14975,California
Butte,2021-01-26,1460,19774,376,13035,1084,6739,0,0,1324,12820,136,3479,1324,16299,California
Butte,2021-01-27,2078,21852,705,13740,1373,8112,0,0,1362,13467,715,4194,1362,17661,California
Butte,2021-01-28,2257,24109,258,13998,1999,10111,0,0,1947,15105,309,4503,1947,19608,California
Butte,2021-01-29,1673,25782,487,14485,1186,11297,0,0,1294,16021,378,4881,1294,20902,California
Butte,2021-01-30,31,25813,9,14494,22,11319,0,0,28,16046,3,4884,28,20930,California
Butte,2021-01-31,17,25830,15,14509,2,11321,0,0,16,16061,1,4885,16,20946,California
Butte,2021-02-01,1742,27572,405,14914,1337,12658,0,0,1357,17035,383,5268,1357,22303,California
Butte,2021-02-02,1930,29502,362,15276,1568,14226,0,0,1627,18358,304,5572,1627,23930,California
Butte,2021-02-03,2733,32235,772,16048,1961,16187,0,0,1844,19315,887,6459,1844,25774,California
Butte,2021-02-04,2955,35190,325,16373,2630,18817,0,0,2400,21162,553,7012,2400,28174,California
Butte,2021-02-05,1164,36354,661,17034,503,19320,0,0,536,21071,628,7640,537,28711,California
Butte,2021-02-06,144,36498,102,17136,42,19362,0,0,62,21051,82,7722,62,28773,California
Butte,2021-02-07,38,36536,34,17170,4,19366,0,0,14,21041,24,7746,14,28787,California
Butte,2021-02-08,690,37226,541,17711,149,19515,0,0,239,20829,451,8197,239,29026,California
Butte,2021-02-09,947,38173,455,18166,492,20007,0,0,721,21324,226,8423,721,29747,California
Butte,2021-02-10,1706,39879,1189,19355,517,20524,0,0,697,21013,1008,9431,697,30444,California
Butte,2021-02-11,2197,42076,1347,20702,850,21374,0,0,1003,20822,1194,10625,1003,31447,California
Butte,2021-02-12,864,42940,299,21001,565,21939,0,0,317,20593,546,11171,317,31764,California
Butte,2021-02-13,249,43189,45,21046,204,22143,0,0,147,20638,102,11273,147,31911,California
Butte,2021-02-14,160,43349,9,21055,151,22294,0,0,155,20788,5,11278,155,32066,California
Butte,2021-02-15,261,43610,48,21103,213,22507,0,0,199,20925,62,11340,199,32265,California
Butte,2021-02-16,731,44341,428,21531,303,22810,0,0,274,20742,457,11797,274,32539,California
Butte,2021-02-17,1513,45854,846,22377,667,23477,0,0,840,20911,671,12468,840,33379,California
Butte,2021-02-18,1549,47403,758,23135,791,24268,0,0,746,20854,803,13271,746,34125,California
Butte,2021-02-19,1164,48567,387,23522,777,25045,0,0,400,20495,759,14030,400,34525,California
Butte,2021-02-20,473,49040,28,23550,445,25490,0,0,120,20263,352,14382,120,34645,California
Butte,2021-02-21,15,49055,13,23563,2,25492,0,0,11,20270,4,14386,11,34656,California
Butte,2021-02-22,1488,50543,292,23855,1196,26688,0,0,385,19553,1102,15488,385,35041,California
Butte,2021-02-23,1632,52175,298,24153,1334,28022,0,0,462,18850,1165,16653,462,35503,California
Butte,2021-02-24,2128,54303,595,24748,1533,29555,0,0,730,18190,1390,18043,730,36233,California
Butte,2021-02-25,2074,56377,577,25325,1497,31052,0,0,656,17432,1415,19458,657,36890,California
Butte,2021-02-26,920,57297,312,25637,608,31660,0,0,399,17313,518,19976,399,37289,California
Butte,2021-02-27,233,57530,47,25684,186,31846,0,0,186,17454,45,20021,186,37475,California
Butte,2021-02-28,142,57672,19,25703,123,31969,0,0,133,17578,9,20030,133,37608,California
Butte,2021-03-01,1618,59290,177,25880,1441,33410,0,0,327,16615,1290,21320,327,37935,California
Butte,2021-03-02,1730,61020,191,26071,1539,34949,0,0,301,15490,1426,22746,301,38236,California
Butte,2021-03-03,2726,63746,816,26887,1910,36859,0,0,453,13671,2272,25018,453,38689,California
Butte,2021-03-04,3116,66862,658,27545,2458,39317,0,0,609,11774,2506,27524,609,39298,California
Butte,2021-03-05,1323,68185,601,28146,721,40038,1,1,718,11891,602,28126,719,40017,California
Butte,2021-03-06,244,68429,27,28173,194,40232,23,24,184,12039,59,28185,207,40224,California
Butte,2021-03-07,56,68485,3,28176,36,40268,17,41,30,12060,26,28211,47,40271,California
Butte,2021-03-08,1261,69746,127,28303,1057,41325,77,118,1098,13074,161,28372,1175,41446,California
Butte,2021-03-09,1890,71636,276,28579,1511,42836,103,221,1408,14104,481,28853,1511,42957,California
Butte,2021-03-10,2316,73952,965,29544,1251,44087,100,321,1580,15052,731,29584,1679,44636,California
Butte,2021-03-11,2795,76747,1307,30851,1365,45452,123,444,1976,16342,809,30393,2099,46735,California
Butte,2021-03-12,1088,77835,319,31170,428,45880,341,785,350,16301,732,31125,691,47426,California
Butte,2021-03-13,214,78049,60,31230,109,45989,45,830,57,16246,157,31282,102,47528,California
Butte,2021-03-14,124,78173,14,31244,68,46057,42,872,20,16205,103,31385,62,47590,California
Butte,2021-03-15,1714,79887,359,31603,1061,47118,294,1166,1124,17034,589,31974,1418,49008,California
Butte,2021-03-16,1623,81510,415,32018,1130,48248,78,1244,1081,17653,539,32513,1158,50166,California
Butte,2021-03-17,1937,83447,1351,33369,505,48753,81,1325,1121,18043,811,33324,1201,51367,California
Butte,2021-03-18,1789,85236,1445,34814,213,48966,131,1456,1045,18479,740,34064,1176,52543,California
Butte,2021-03-19,690,85926,311,35125,295,49261,84,1540,341,18560,344,34408,425,52968,California
Butte,2021-03-20,198,86124,33,35158,149,49410,16,1556,88,18554,110,34518,104,53072,California
Butte,2021-03-21,57,86181,25,35183,3,49413,29,1585,15,18556,42,34560,44,53116,California
Butte,2021-03-22,1458,87639,352,35535,1012,50425,94,1679,1194,19583,261,34821,1288,54404,California
Butte,2021-03-23,1792,89431,487,36022,1191,51616,114,1793,1453,20812,338,35159,1567,55971,California
Butte,2021-03-24,2236,91667,1255,37277,855,52471,126,1919,1696,22098,535,35694,1821,57792,California
Butte,2021-03-25,1457,93124,1178,38455,190,52661,89,2008,997,22727,457,36151,1086,58878,California
Butte,2021-03-26,1198,94322,434,38889,518,53179,246,2254,559,22900,632,36783,805,59683,California
Butte,2021-03-27,300,94622,84,38973,192,53371,24,2278,133,22892,164,36947,156,59839,California
Butte,2021-03-28,223,94845,43,39016,172,53543,8,2286,99,22877,121,37068,106,59945,California
Butte,2021-03-29,1718,96563,379,39395,1269,54812,70,2356,1307,23846,408,37476,1377,61322,California
Butte,2021-03-30,1029,97592,465,39860,473,55285,91,2447,493,23898,532,38008,584,61906,California
Butte,2021-03-31,1769,99361,1300,41160,403,55688,66,2513,1099,24396,667,38675,1165,63071,California
Butte,2021-04-01,3268,102629,2654,43814,487,56175,127,2640,2205,25671,1058,39733,2333,65404,California
Butte,2021-04-02,994,103623,413,44227,463,56638,118,2758,570,25943,415,40148,687,66091,California
Butte,2021-04-03,342,103965,46,44273,222,56860,74,2832,169,26013,173,40321,243,66334,California
Butte,2021-04-04,185,104150,22,44295,140,57000,23,2855,108,26068,76,40397,131,66465,California
Butte,2021-04-05,1926,106076,412,44707,1368,58368,146,3001,602,25497,1318,41715,747,67212,California
Butte,2021-04-06,2066,108142,569,45276,1129,59497,368,3369,732,25268,1327,43042,1098,68310,California
Butte,2021-04-07,2100,110242,1116,46392,906,60403,78,3447,493,24233,1606,44648,571,68881,California
Calaveras,2020-12-16,5,5,5,5,0,0,0,0,5,5,0,0,5,5,California
Calaveras,2020-12-17,3,8,3,8,0,0,0,0,3,8,0,0,3,8,California
Calaveras,2020-12-18,38,46,38,46,0,0,0,0,38,46,0,0,38,46,California
Calaveras,2020-12-19,3,49,3,49,0,0,0,0,3,49,0,0,3,49,California
Calaveras,2020-12-20,3,52,3,52,0,0,0,0,3,52,0,0,3,52,California
Calaveras,2020-12-21,55,107,48,100,7,7,0,0,55,107,0,0,55,107,California
Calaveras,2020-12-22,81,188,77,177,4,11,0,0,82,189,0,0,82,189,California
Calaveras,2020-12-23,77,265,75,252,2,13,0,0,86,275,0,0,86,275,California
Calaveras,2020-12-24,2,267,2,254,0,13,0,0,2,277,0,0,2,277,California
Calaveras,2020-12-26,3,270,3,257,0,13,0,0,3,280,0,0,3,280,California
Calaveras,2020-12-28,22,292,18,275,4,17,0,0,21,300,1,1,21,301,California
Calaveras,2020-12-29,166,458,147,422,19,36,0,0,166,466,0,1,166,467,California
Calaveras,2020-12-30,94,552,82,504,12,48,0,0,94,560,0,1,94,561,California
Calaveras,2020-12-31,36,588,26,530,10,58,0,0,36,596,0,1,36,597,California
Calaveras,2021-01-02,11,599,11,541,0,58,0,0,11,607,0,1,11,608,California
Calaveras,2021-01-03,8,607,3,544,5,63,0,0,8,615,0,1,8,616,California
Calaveras,2021-01-04,33,640,5,549,28,91,0,0,33,648,0,1,33,649,California
Calaveras,2021-01-05,41,681,10,559,31,122,0,0,35,680,8,9,40,689,California
Calaveras,2021-01-06,109,790,30,589,79,201,0,0,99,769,10,19,99,788,California
Calaveras,2021-01-07,107,897,26,615,81,282,0,0,94,852,12,31,95,883,California
Calaveras,2021-01-08,69,966,38,653,31,313,0,0,46,876,23,54,47,930,California
Calaveras,2021-01-09,5,971,5,658,0,313,0,0,2,875,3,57,2,932,California
Calaveras,2021-01-10,2,973,0,658,2,315,0,0,2,877,0,57,2,934,California
Calaveras,2021-01-11,64,1037,59,717,5,320,0,0,28,870,35,92,28,962,California
Calaveras,2021-01-12,86,1123,53,770,33,353,0,0,54,892,32,124,54,1016,California
Calaveras,2021-01-13,108,1231,44,814,64,417,0,0,74,933,34,158,75,1091,California
Calaveras,2021-01-14,136,1367,41,855,95,512,0,0,102,1002,33,191,102,1193,California
Calaveras,2021-01-15,113,1480,51,906,62,574,0,0,87,1063,26,217,87,1280,California
Calaveras,2021-01-16,12,1492,2,908,10,584,0,0,11,1073,1,218,11,1291,California
Calaveras,2021-01-17,10,1502,1,909,9,593,0,0,10,1083,0,218,10,1301,California
Calaveras,2021-01-18,132,1634,20,929,112,705,0,0,119,1192,13,231,122,1423,California
Calaveras,2021-01-19,201,1835,172,1101,29,734,0,0,61,1115,138,369,61,1484,California
Calaveras,2021-01-20,393,2228,79,1180,314,1048,0,0,309,1349,83,452,317,1801,California
Calaveras,2021-01-21,463,2691,40,1220,423,1471,0,0,436,1764,27,479,442,2243,California
Calaveras,2021-01-22,430,3121,22,1242,408,1879,0,0,420,2181,10,489,427,2670,California
Calaveras,2021-01-23,22,3143,10,1252,12,1891,0,0,18,2195,4,493,18,2688,California
Calaveras,2021-01-24,16,3159,9,1261,7,1898,0,0,14,2207,2,495,14,2702,California
Calaveras,2021-01-25,120,3279,7,1268,113,2011,0,0,115,2317,5,500,115,2817,California
Calaveras,2021-01-26,49,3328,18,1286,31,2042,0,0,38,2344,11,511,38,2855,California
Calaveras,2021-01-27,160,3488,44,1330,116,2158,0,0,133,2451,26,537,133,2988,California
Calaveras,2021-01-28,165,3653,22,1352,143,2301,0,0,141,2571,24,561,144,3132,California
Calaveras,2021-01-29,444,4097,34,1386,410,2711,0,0,424,2982,20,581,431,3563,California
Calaveras,2021-01-30,28,4125,10,1396,18,2729,0,0,26,3008,0,581,26,3589,California
Calaveras,2021-01-31,5,4130,2,1398,3,2732,0,0,4,3011,1,582,4,3593,California
Calaveras,2021-02-01,55,4185,41,1439,14,2746,0,0,36,3028,19,601,36,3629,California
Calaveras,2021-02-02,109,4294,24,1463,85,2831,0,0,71,3066,34,635,72,3701,California
Calaveras,2021-02-03,443,4737,44,1507,399,3230,0,0,359,3343,83,718,360,4061,California
Calaveras,2021-02-04,380,5117,24,1531,356,3586,0,0,296,3557,82,800,296,4357,California
Calaveras,2021-02-05,80,5197,22,1553,58,3644,0,0,41,3560,39,839,42,4399,California
Calaveras,2021-02-06,22,5219,13,1566,9,3653,0,0,22,3582,0,839,22,4421,California
Calaveras,2021-02-07,4,5223,1,1567,3,3656,0,0,2,3582,2,841,2,4423,California
Calaveras,2021-02-08,38,5261,18,1585,20,3676,0,0,31,3607,6,847,31,4454,California
Calaveras,2021-02-09,209,5470,93,1678,116,3792,0,0,148,3699,56,903,148,4602,California
Calaveras,2021-02-10,507,5977,28,1706,479,4271,0,0,441,4075,66,969,442,5044,California
Calaveras,2021-02-11,581,6558,75,1781,506,4777,0,0,474,4445,105,1074,475,5519,California
Calaveras,2021-02-12,565,7123,323,2104,242,5019,0,0,492,4866,72,1146,493,6012,California
Calaveras,2021-02-13,192,7315,37,2141,155,5174,0,0,177,5028,15,1161,177,6189,California
Calaveras,2021-02-14,216,7531,72,2213,144,5318,0,0,202,5216,14,1175,202,6391,California
Calaveras,2021-02-15,375,7906,21,2234,354,5672,0,0,258,5360,114,1289,258,6649,California
Calaveras,2021-02-16,298,8204,173,2407,125,5797,0,0,242,5546,56,1345,242,6891,California
Calaveras,2021-02-17,525,8729,35,2442,490,6287,0,0,210,5449,308,1653,211,7102,California
Calaveras,2021-02-18,495,9224,89,2531,406,6693,0,0,98,5159,388,2041,98,7200,California
Calaveras,2021-02-19,439,9663,44,2575,395,7088,0,0,98,4925,332,2373,98,7298,California
Calaveras,2021-02-20,58,9721,14,2589,44,7132,0,0,47,4961,11,2384,47,7345,California
Calaveras,2021-02-21,21,9742,12,2601,9,7141,0,0,18,4976,3,2387,18,7363,California
Calaveras,2021-02-22,65,9807,40,2641,25,7166,0,0,35,4981,30,2417,35,7398,California
Calaveras,2021-02-23,151,9958,69,2710,82,7248,0,0,102,5035,49,2466,103,7501,California
Calaveras,2021-02-24,97,10055,46,2756,51,7299,0,0,67,5072,30,2496,67,7568,California
Calaveras,2021-02-25,552,10607,97,2853,455,7754,0,0,359,5241,190,2686,359,7927,California
Calaveras,2021-02-26,672,11279,44,2897,628,8382,0,0,369,5322,290,2976,371,8298,California
Calaveras,2021-02-27,203,11482,21,2918,182,8564,0,0,179,5477,24,3000,179,8477,California
Calaveras,2021-02-28,97,11579,15,2933,82,8646,0,0,92,5564,5,3005,92,8569,California
Calaveras,2021-03-01,255,11834,59,2992,196,8842,0,0,145,5600,109,3114,145,8714,California
Calaveras,2021-03-02,243,12077,93,3085,150,8992,0,0,202,5763,40,3154,203,8917,California
Calaveras,2021-03-03,481,12558,94,3179,387,9379,0,0,188,5660,291,3445,188,9105,California
Calaveras,2021-03-04,757,13315,60,3239,697,10076,0,0,343,5595,410,3855,345,9450,California
Calaveras,2021-03-05,458,13773,269,3508,184,10260,5,5,144,5432,312,4167,149,9599,California
Calaveras,2021-03-06,155,13928,43,3551,106,10366,6,11,121,5525,34,4201,127,9726,California
Calaveras,2021-03-07,77,14005,33,3584,36,10402,8,19,34,5526,42,4243,43,9769,California
Calaveras,2021-03-08,158,14163,25,3609,126,10528,7,26,126,5627,32,4275,133,9902,California
Calaveras,2021-03-09,375,14538,150,3759,219,10747,6,32,39,5339,333,4608,45,9947,California
Calaveras,2021-03-10,398,14936,24,3783,371,11118,3,35,42,5030,354,4962,45,9992,California
Calaveras,2021-03-11,841,15777,412,4195,416,11534,13,48,424,5052,415,5377,437,10429,California
Calaveras,2021-03-12,336,16113,209,4404,118,11652,9,57,274,5276,62,5439,286,10715,California
Calaveras,2021-03-13,106,16219,16,4420,82,11734,8,65,77,5333,29,5468,86,10801,California
Calaveras,2021-03-14,91,16310,9,4429,81,11815,1,66,13,5275,77,5545,19,10820,California
Calaveras,2021-03-15,329,16639,47,4476,256,12071,26,92,54,5085,274,5819,84,10904,California
Calaveras,2021-03-16,709,17348,572,5048,117,12188,20,112,555,5507,153,5972,575,11479,California
Calaveras,2021-03-17,276,17624,51,5099,213,12401,12,124,51,5347,224,6196,64,11543,California
Calaveras,2021-03-18,666,18290,571,5670,80,12481,15,139,550,5797,116,6312,566,12109,California
Calaveras,2021-03-19,230,18520,47,5717,109,12590,74,213,55,5753,172,6484,128,12237,California
Calaveras,2021-03-20,82,18602,21,5738,60,12650,1,214,27,5727,55,6539,29,12266,California
Calaveras,2021-03-21,48,18650,31,5769,6,12656,11,225,13,5716,35,6574,24,12290,California
Calaveras,2021-03-22,80,18730,37,5806,22,12678,21,246,27,5711,53,6627,48,12338,California
Calaveras,2021-03-23,302,19032,218,6024,74,12752,10,256,124,5672,173,6800,134,12472,California
Calaveras,2021-03-24,133,19165,49,6073,74,12826,10,266,53,5655,80,6880,63,12535,California
Calaveras,2021-03-25,734,19899,100,6173,632,13458,2,268,444,5816,286,7166,447,12982,California
Calaveras,2021-03-26,423,20322,25,6198,392,13850,6,274,90,5585,330,7496,99,13081,California
Calaveras,2021-03-27,211,20533,18,6216,189,14039,4,278,36,5457,172,7668,44,13125,California
Calaveras,2021-03-28,109,20642,11,6227,96,14135,2,280,7,5366,101,7769,10,13135,California
Calaveras,2021-03-29,176,20818,22,6249,152,14287,2,282,60,5317,115,7884,66,13201,California
Calaveras,2021-03-30,529,21347,31,6280,482,14769,16,298,365,5536,163,8047,382,13583,California
Calaveras,2021-03-31,320,21667,140,6420,170,14939,10,308,168,5563,151,8198,178,13761,California
Calaveras,2021-04-01,669,22336,436,6856,232,15171,1,309,185,5269,482,8680,188,13949,California
Calaveras,2021-04-02,390,22726,228,7084,154,15325,8,317,118,5128,270,8950,129,14078,California
Calaveras,2021-04-03,138,22864,28,7112,107,15432,3,320,37,5067,101,9051,40,14118,California
Calaveras,2021-04-04,78,22942,25,7137,53,15485,0,320,51,5091,27,9078,51,14169,California
Calaveras,2021-04-05,213,23155,87,7224,119,15604,7,327,99,5084,114,9192,107,14276,California
Calaveras,2021-04-06,618,23773,559,7783,48,15652,11,338,87,4654,528,9720,98,14374,California
Calaveras,2021-04-07,624,24397,584,8367,36,15688,4,342,566,5166,58,9778,570,14944,California
Colusa,2020-12-18,1,1,1,1,0,0,0,0,1,1,0,0,1,1,California
Colusa,2020-12-21,2,3,2,3,0,0,0,0,2,3,0,0,2,3,California
Colusa,2020-12-22,10,13,10,13,0,0,0,0,10,13,0,0,10,13,California
Colusa,2020-12-23,10,23,10,23,0,0,0,0,10,23,0,0,10,23,California
Colusa,2020-12-24,2,25,1,24,1,1,0,0,2,25,0,0,2,25,California
Colusa,2020-12-27,1,26,1,25,0,1,0,0,1,26,0,0,1,26,California
Colusa,2020-12-28,7,33,3,28,4,5,0,0,7,33,0,0,7,33,California
Colusa,2020-12-29,10,43,7,35,3,8,0,0,10,43,0,0,10,43,California
Colusa,2020-12-30,50,93,13,48,37,45,0,0,50,93,0,0,50,93,California
Colusa,2020-12-31,18,111,1,49,17,62,0,0,18,111,0,0,18,111,California
Colusa,2021-01-04,4,115,0,49,4,66,0,0,4,115,0,0,4,115,California
Colusa,2021-01-05,67,182,1,50,66,132,0,0,67,182,0,0,67,182,California
Colusa,2021-01-06,15,197,9,59,6,138,0,0,15,197,0,0,15,197,California
Colusa,2021-01-07,38,235,4,63,34,172,0,0,37,233,1,1,37,234,California
Colusa,2021-01-08,9,244,7,70,2,174,0,0,8,240,1,2,8,242,California
Colusa,2021-01-09,2,246,1,71,1,175,0,0,2,242,0,2,2,244,California
Colusa,2021-01-10,1,247,0,71,1,176,0,0,1,243,0,2,1,245,California
Colusa,2021-01-11,12,259,6,77,6,182,0,0,7,245,5,7,7,252,California
Colusa,2021-01-12,11,270,9,86,2,184,0,0,6,246,5,12,6,258,California
Colusa,2021-01-13,21,291,13,99,8,192,0,0,13,251,8,20,13,271,California
Colusa,2021-01-14,35,326,28,127,7,199,0,0,33,282,2,22,33,304,California
Colusa,2021-01-15,41,367,5,132,36,235,0,0,39,319,2,24,39,343,California
Colusa,2021-01-16,12,379,1,133,11,246,0,0,11,329,1,25,11,354,California
Colusa,2021-01-17,3,382,2,135,1,247,0,0,2,330,1,26,2,356,California
Colusa,2021-01-18,4,386,0,135,4,251,0,0,4,334,0,26,4,360,California
Colusa,2021-01-19,9,395,8,143,1,252,0,0,5,335,4,30,5,365,California
Colusa,2021-01-20,115,510,101,244,14,266,0,0,102,424,13,43,102,467,California
Colusa,2021-01-21,56,566,41,285,15,281,0,0,55,478,1,44,55,522,California
Colusa,2021-01-22,40,606,17,302,23,304,0,0,35,508,5,49,35,557,California
Colusa,2021-01-23,35,641,6,308,29,333,0,0,35,543,0,49,35,592,California
Colusa,2021-01-25,7,648,0,308,7,340,0,0,7,550,0,49,7,599,California
Colusa,2021-01-26,8,656,5,313,3,343,0,0,5,552,3,52,5,604,California
Colusa,2021-01-27,107,763,31,344,76,419,0,0,105,655,2,54,105,709,California
Colusa,2021-01-28,78,841,45,389,33,452,0,0,72,721,6,60,72,781,California
Colusa,2021-01-29,40,881,7,396,33,485,0,0,39,759,1,61,39,820,California
Colusa,2021-01-30,27,908,4,400,23,508,0,0,27,786,0,61,27,847,California
Colusa,2021-01-31,7,915,7,407,0,508,0,0,7,793,0,61,7,854,California
Colusa,2021-02-01,27,942,10,417,17,525,0,0,22,810,5,66,22,876,California
Colusa,2021-02-02,42,984,8,425,34,559,0,0,36,840,6,72,36,912,California
Colusa,2021-02-03,69,1053,10,435,59,618,0,0,59,889,10,82,59,971,California
Colusa,2021-02-04,143,1196,81,516,62,680,0,0,115,976,28,110,115,1086,California
Colusa,2021-02-05,32,1228,8,524,24,704,0,0,29,1002,3,113,29,1115,California
Colusa,2021-02-06,284,1512,8,532,276,980,0,0,273,1264,11,124,273,1388,California
Colusa,2021-02-07,2,1514,1,533,1,981,0,0,0,1262,2,126,0,1388,California
Colusa,2021-02-08,40,1554,5,538,35,1016,0,0,37,1296,3,129,37,1425,California
Colusa,2021-02-09,231,1785,14,552,217,1233,0,0,176,1417,55,184,176,1601,California
Colusa,2021-02-10,116,1901,41,593,75,1308,0,0,73,1447,43,227,73,1674,California
Colusa,2021-02-11,97,1998,36,629,61,1369,0,0,72,1494,25,252,72,1746,California
Colusa,2021-02-12,118,2116,9,638,109,1478,0,0,80,1535,39,291,80,1826,California
Colusa,2021-02-13,60,2176,8,646,52,1530,0,0,52,1579,8,299,52,1878,California
Colusa,2021-02-14,20,2196,8,654,12,1542,0,0,14,1588,5,304,14,1892,California
Colusa,2021-02-15,45,2241,10,664,35,1577,0,0,38,1619,7,311,38,1930,California
Colusa,2021-02-16,67,2308,4,668,63,1640,0,0,66,1684,1,312,66,1996,California
Colusa,2021-02-17,206,2514,143,811,63,1703,0,0,60,1598,146,458,60,2056,California
Colusa,2021-02-18,135,2649,35,846,100,1803,0,0,112,1687,23,481,112,2168,California
Colusa,2021-02-19,155,2804,19,865,136,1939,0,0,129,1790,26,507,129,2297,California
Colusa,2021-02-20,28,2832,6,871,22,1961,0,0,12,1786,16,523,12,2309,California
Colusa,2021-02-21,1,2833,1,872,0,1961,0,0,0,1785,1,524,0,2309,California
Colusa,2021-02-22,42,2875,25,897,17,1978,0,0,28,1799,14,538,28,2337,California
Colusa,2021-02-23,21,2896,5,902,16,1994,0,0,17,1812,4,542,17,2354,California
Colusa,2021-02-24,300,3196,54,956,246,2240,0,0,158,1828,142,684,158,2512,California
Colusa,2021-02-25,100,3296,54,1010,46,2286,0,0,65,1858,35,719,65,2577,California
Colusa,2021-02-26,96,3392,12,1022,84,2370,0,0,58,1878,38,757,58,2635,California
Colusa,2021-02-27,55,3447,4,1026,51,2421,0,0,40,1903,15,772,40,2675,California
Colusa,2021-02-28,26,3473,14,1040,12,2433,0,0,17,1911,9,781,17,2692,California
Colusa,2021-03-01,46,3519,15,1055,31,2464,0,0,29,1923,17,798,29,2721,California
Colusa,2021-03-02,47,3566,13,1068,34,2498,0,0,24,1924,23,821,24,2745,California
Colusa,2021-03-03,237,3803,38,1106,199,2697,0,0,180,2047,57,878,180,2925,California
Colusa,2021-03-04,136,3939,58,1164,78,2775,0,0,80,2071,56,934,80,3005,California
Colusa,2021-03-05,97,4036,24,1188,64,2839,9,9,52,2087,45,979,61,3066,California
Colusa,2021-03-06,274,4310,9,1197,265,3104,0,9,37,1887,237,1216,37,3103,California
Colusa,2021-03-07,8,4318,5,1202,3,3107,0,9,6,1891,2,1218,6,3109,California
Colusa,2021-03-08,88,4406,20,1222,33,3140,35,44,44,1926,44,1262,79,3188,California
Colusa,2021-03-09,272,4678,70,1292,179,3319,23,67,83,1843,189,1451,106,3294,California
Colusa,2021-03-10,286,4964,35,1327,215,3534,36,103,200,1993,86,1537,236,3530,California
Colusa,2021-03-11,414,5378,58,1385,335,3869,21,124,331,2262,83,1620,352,3882,California
Colusa,2021-03-12,101,5479,18,1403,70,3939,13,137,20,2214,81,1701,33,3915,California
Colusa,2021-03-13,59,5538,15,1418,35,3974,9,146,17,2198,42,1743,26,3941,California
Colusa,2021-03-14,17,5555,0,1418,15,3989,2,148,7,2197,10,1753,9,3950,California
Colusa,2021-03-15,68,5623,26,1444,34,4023,8,156,14,2165,54,1807,22,3972,California
Colusa,2021-03-16,273,5896,14,1458,213,4236,46,202,166,2270,107,1914,212,4184,California
Colusa,2021-03-17,171,6067,48,1506,123,4359,0,202,88,2275,83,1997,88,4272,California
Colusa,2021-03-18,319,6386,33,1539,215,4574,71,273,196,2419,123,2120,267,4539,California
Colusa,2021-03-19,74,6460,17,1556,55,4629,2,275,51,2449,23,2143,53,4592,California
Colusa,2021-03-20,48,6508,7,1563,40,4669,1,276,35,2472,13,2156,36,4628,California
Colusa,2021-03-21,6,6514,4,1567,2,4671,0,276,4,2474,2,2158,4,4632,California
Colusa,2021-03-22,63,6577,10,1577,44,4715,9,285,41,2502,22,2180,50,4682,California
Colusa,2021-03-23,79,6656,16,1593,61,4776,2,287,53,2531,26,2206,55,4737,California
Colusa,2021-03-24,334,6990,56,1649,272,5048,6,293,69,2340,265,2471,74,4811,California
Colusa,2021-03-25,107,7097,59,1708,43,5091,5,298,50,2338,57,2528,55,4866,California
Colusa,2021-03-26,298,7395,47,1755,247,5338,4,302,245,2534,53,2581,249,5115,California
Colusa,2021-03-27,62,7457,5,1760,57,5395,0,302,24,2520,38,2619,24,5139,California
Colusa,2021-03-28,15,7472,6,1766,9,5404,0,302,7,2519,8,2627,7,5146,California
Colusa,2021-03-29,68,7540,19,1785,44,5448,5,307,30,2516,38,2665,35,5181,California
Colusa,2021-03-30,145,7685,77,1862,66,5514,2,309,76,2525,69,2734,78,5259,California
Colusa,2021-03-31,226,7911,35,1897,191,5705,0,309,72,2444,153,2887,72,5331,California
Colusa,2021-04-01,421,8332,64,1961,302,6007,55,364,300,2679,120,3007,355,5686,California
Colusa,2021-04-02,81,8413,14,1975,54,6061,13,377,40,2691,41,3048,53,5739,California
Colusa,2021-04-03,59,8472,7,1982,29,6090,23,400,13,2681,46,3094,36,5775,California
Colusa,2021-04-04,18,8490,0,1982,8,6098,10,410,3,2679,15,3109,13,5788,California
Colusa,2021-04-05,97,8587,25,2007,57,6155,15,425,40,2677,57,3166,55,5843,California
Colusa,2021-04-06,116,8703,27,2034,41,6196,48,473,37,2683,79,3245,85,5928,California
Colusa,2021-04-07,85,8788,9,2043,73,6269,3,476,53,2707,32,3277,56,5984,California
Contra Costa,2020-12-15,19,19,19,19,0,0,0,0,19,19,0,0,19,19,California
Contra Costa,2020-12-16,523,542,523,542,0,0,0,0,523,542,0,0,523,542,California
Contra Costa,2020-12-17,907,1449,907,1449,0,0,0,0,907,1449,0,0,907,1449,California
Contra Costa,2020-12-18,1590,3039,1589,3038,1,1,0,0,1590,3039,0,0,1590,3039,California
Contra Costa,2020-12-19,1100,4139,1099,4137,1,2,0,0,1100,4139,0,0,1100,4139,California
Contra Costa,2020-12-20,582,4721,581,4718,1,3,0,0,582,4721,0,0,582,4721,California
Contra Costa,2020-12-21,1651,6372,1649,6367,2,5,0,0,1651,6372,0,0,1651,6372,California
Contra Costa,2020-12-22,1669,8041,1564,7931,105,110,0,0,1669,8041,0,0,1669,8041,California
Contra Costa,2020-12-23,1572,9613,1327,9258,245,355,0,0,1572,9613,0,0,1572,9613,California
Contra Costa,2020-12-24,652,10265,335,9593,317,672,0,0,652,10265,0,0,652,10265,California
Contra Costa,2020-12-25,38,10303,16,9609,22,694,0,0,38,10303,0,0,38,10303,California
Contra Costa,2020-12-26,639,10942,130,9739,509,1203,0,0,639,10942,0,0,639,10942,California
Contra Costa,2020-12-27,240,11182,86,9825,154,1357,0,0,240,11182,0,0,240,11182,California
Contra Costa,2020-12-28,1826,13008,860,10685,966,2323,0,0,1826,13008,0,0,1826,13008,California
Contra Costa,2020-12-29,1823,14831,823,11508,1000,3323,0,0,1823,14831,0,0,1823,14831,California
Contra Costa,2020-12-30,2384,17215,1208,12716,1176,4499,0,0,2383,17214,0,0,2383,17214,California
Contra Costa,2020-12-31,910,18125,306,13022,604,5103,0,0,909,18123,0,0,909,18123,California
Contra Costa,2021-01-01,57,18182,23,13045,34,5137,0,0,57,18180,0,0,57,18180,California
Contra Costa,2021-01-02,331,18513,171,13216,160,5297,0,0,331,18511,0,0,331,18511,California
Contra Costa,2021-01-03,174,18687,116,13332,58,5355,0,0,173,18684,0,0,173,18684,California
Contra Costa,2021-01-04,1894,20581,1245,14577,649,6004,0,0,1873,20538,19,19,1873,20557,California
Contra Costa,2021-01-05,2095,22676,1255,15832,840,6844,0,0,1836,22117,258,277,1837,22394,California
Contra Costa,2021-01-06,3263,25939,2240,18072,1023,7867,0,0,2504,23871,753,1030,2507,24901,California
Contra Costa,2021-01-07,3087,29026,2056,20128,1031,8898,0,0,1877,24541,1207,2237,1877,26778,California
Contra Costa,2021-01-08,3364,32390,2377,22505,987,9885,0,0,1806,24798,1552,3789,1809,28587,California
Contra Costa,2021-01-09,1581,33971,1130,23635,451,10336,0,0,747,24713,833,4622,748,29335,California
Contra Costa,2021-01-10,361,34332,288,23923,73,10409,0,0,150,24652,211,4833,150,29485,California
Contra Costa,2021-01-11,3833,38165,3118,27041,715,11124,0,0,2231,25283,1602,6435,2233,31718,California
Contra Costa,2021-01-12,3902,42067,2928,29969,974,12098,0,0,2578,26539,1324,7759,2580,34298,California
Contra Costa,2021-01-13,4662,46729,2878,32847,1784,13882,0,0,3732,29345,926,8685,3732,38030,California
Contra Costa,2021-01-14,4290,51019,1550,34397,2740,16622,0,0,3908,32871,382,9067,3908,41938,California
Contra Costa,2021-01-15,5310,56329,2448,36845,2862,19484,0,0,4989,37544,320,9387,4993,46931,California
Contra Costa,2021-01-16,1703,58032,545,37390,1158,20642,0,0,1629,39099,74,9461,1629,48560,California
Contra Costa,2021-01-17,1630,59662,971,38361,659,21301,0,0,1508,40488,122,9583,1511,50071,California
Contra Costa,2021-01-18,3180,62842,1249,39610,1931,23232,0,0,2558,42431,616,10199,2559,52630,California
Contra Costa,2021-01-19,7050,69892,3150,42760,3900,27132,0,0,6048,47486,999,11198,6054,58684,California
Contra Costa,2021-01-20,6587,76479,4035,46795,2552,29684,0,0,5362,51631,1221,12419,5366,64050,California
Contra Costa,2021-01-21,6945,83424,3084,49879,3861,33545,0,0,6225,57148,715,13134,6232,70282,California
Contra Costa,2021-01-22,6350,89774,2692,52571,3658,37203,0,0,5495,61801,845,13979,5498,75780,California
Contra Costa,2021-01-23,2022,91796,358,52929,1664,38867,0,0,1767,63317,253,14232,1769,77549,California
Contra Costa,2021-01-24,1575,93371,214,53143,1361,40228,0,0,1431,64608,144,14376,1435,78984,California
Contra Costa,2021-01-25,6606,99977,3008,56151,3598,43826,0,0,5051,68108,1554,15930,5054,84038,California
Contra Costa,2021-01-26,8039,108016,4661,60812,3378,47204,0,0,6214,72506,1818,17748,6216,90254,California
Contra Costa,2021-01-27,8214,116230,5486,66298,2728,49932,0,0,6323,77030,1803,19551,6327,96581,California
Contra Costa,2021-01-28,7372,123602,4048,70346,3324,53256,0,0,5785,81238,1581,21132,5789,102370,California
Contra Costa,2021-01-29,7416,131018,3877,74223,3539,56795,0,0,6114,86056,1299,22431,6117,108487,California
Contra Costa,2021-01-30,2080,133098,596,74819,1484,58279,0,0,1715,87413,358,22789,1715,110202,California
Contra Costa,2021-01-31,700,133798,481,75300,219,58498,0,0,574,87864,123,22912,574,110776,California
Contra Costa,2021-02-01,5507,139305,3758,79058,1749,60247,0,0,3882,90129,1620,24532,3885,114661,California
Contra Costa,2021-02-02,7745,147050,5274,84332,2471,62718,0,0,5898,94183,1845,26377,5899,120560,California
Contra Costa,2021-02-03,8263,155313,5458,89790,2805,65523,0,0,5633,97197,2620,28997,5634,126194,California
Contra Costa,2021-02-04,7438,162751,3529,93319,3909,69432,0,0,5726,101216,1709,30706,5728,131922,California
Contra Costa,2021-02-05,8416,171167,4819,98138,3597,73029,0,0,5721,104248,2689,33395,5721,137643,California
Contra Costa,2021-02-06,3460,174627,2149,100287,1311,74340,0,0,2813,106416,646,34041,2814,140457,California
Contra Costa,2021-02-07,975,175602,704,100991,271,74611,0,0,602,106646,372,34413,602,141059,California
Contra Costa,2021-02-08,5787,181389,3430,104421,2357,76968,0,0,4315,109495,1467,35880,4316,145375,California
Contra Costa,2021-02-09,8620,190009,4751,109172,3869,80837,0,0,5751,112384,2864,38744,5753,151128,California
Contra Costa,2021-02-10,8585,198594,4631,113803,3954,84791,0,0,5395,114607,3176,41920,5399,156527,California
Contra Costa,2021-02-11,9203,207797,4189,117992,5014,89805,0,0,5245,115904,3952,45872,5249,161776,California
Contra Costa,2021-02-12,10054,217851,4605,122597,5449,95254,0,0,5461,116782,4586,50458,5464,167240,California
Contra Costa,2021-02-13,4860,222711,1356,123953,3504,98758,0,0,3398,118722,1459,51917,3399,170639,California
Contra Costa,2021-02-14,2078,224789,862,124815,1216,99974,0,0,1220,119085,857,52774,1220,171859,California
Contra Costa,2021-02-15,4424,229213,2458,127273,1966,101940,0,0,2341,119350,2077,54851,2342,174201,California
Contra Costa,2021-02-16,10380,239593,4888,132161,5492,107432,0,0,4629,118238,5744,60595,4632,178833,California
Contra Costa,2021-02-17,12251,251844,6111,138272,6140,113572,0,0,5617,117235,6620,67215,5617,184450,California
Contra Costa,2021-02-18,11426,263270,5942,144214,5484,119056,0,0,5303,116428,6112,73327,5305,189755,California
Contra Costa,2021-02-19,11379,274649,7094,151308,4285,123341,0,0,5166,115396,6199,79526,5167,194922,California
Contra Costa,2021-02-20,6434,281083,2885,154193,3549,126890,0,0,4565,118110,1853,81379,4567,199489,California
Contra Costa,2021-02-21,1767,282850,1221,155414,546,127436,0,0,1071,118486,695,82074,1071,200560,California
Contra Costa,2021-02-22,7490,290340,5060,160474,2430,129866,0,0,3470,117944,4013,86087,3471,204031,California
Contra Costa,2021-02-23,11848,302188,7224,167698,4624,134490,0,0,5901,117915,5934,92021,5905,209936,California
Contra Costa,2021-02-24,10447,312635,7664,175362,2783,137273,0,0,5040,117566,5391,97412,5042,214978,California
Contra Costa,2021-02-25,11420,324055,7189,182551,4231,141504,0,0,5182,116533,6219,103631,5186,220164,California
Contra Costa,2021-02-26,10670,334725,6730,189281,3940,145444,0,0,5289,116457,5366,108997,5290,225454,California
Contra Costa,2021-02-27,6594,341319,4191,193472,2403,147847,0,0,4095,118060,2493,111490,4096,229550,California
Contra Costa,2021-02-28,3784,345103,3121,196593,663,148510,0,0,3192,120663,590,112080,3193,232743,California
Contra Costa,2021-03-01,8062,353165,6066,202659,1996,150506,0,0,4958,122530,3093,115173,4960,237703,California
Contra Costa,2021-03-02,10011,363176,6258,208917,3752,154258,1,1,5174,122883,4823,119996,5176,242879,California
Contra Costa,2021-03-03,10627,373803,6695,215612,3931,158189,1,2,5790,123852,4823,124819,5792,248671,California
Contra Costa,2021-03-04,11831,385634,7053,222665,4778,162967,0,2,6124,124287,5689,130508,6124,254795,California
Contra Costa,2021-03-05,11167,396801,6630,229295,4533,167500,4,6,6346,125829,4808,135316,6350,261145,California
Contra Costa,2021-03-06,7243,404044,3979,233274,2957,170457,307,313,4680,128262,2553,137869,4986,266131,California
Contra Costa,2021-03-07,3592,407636,2250,235524,1284,171741,58,371,2923,130575,668,138537,2981,269112,California
Contra Costa,2021-03-08,8023,415659,3750,239274,3971,175712,302,673,5355,133579,2657,141194,5661,274773,California
Contra Costa,2021-03-09,10123,425782,4965,244239,4864,180576,294,967,5010,133775,5108,146302,5304,280077,California
Contra Costa,2021-03-10,12063,437845,5934,250173,4644,185220,1485,2452,5451,134105,6605,152907,6935,287012,California
Contra Costa,2021-03-11,12337,450182,6489,256662,5317,190537,531,2983,6295,134913,6021,158928,6829,293841,California
Contra Costa,2021-03-12,12122,462304,4928,261590,6739,197276,455,3438,6122,135504,5986,164914,6577,300418,California
Contra Costa,2021-03-13,7413,469717,2940,264530,4083,201359,390,3828,2913,134317,4486,169400,3299,303717,California
Contra Costa,2021-03-14,4020,473737,2428,266958,1134,202493,458,4286,1946,134652,2069,171469,2404,306121,California
Contra Costa,2021-03-15,9357,483094,5040,271998,3567,206060,750,5036,4753,135566,4590,176059,5504,311625,California
Contra Costa,2021-03-16,14221,497315,8447,280445,5380,211440,394,5430,7266,136288,6938,182997,7660,319285,California
Contra Costa,2021-03-17,14931,512246,10322,290767,4400,215840,209,5639,8549,138687,6364,189361,8763,328048,California
Contra Costa,2021-03-18,15319,527565,8516,299283,6326,222166,477,6116,8780,141429,6514,195875,9256,337304,California
Contra Costa,2021-03-19,15451,543016,8856,308139,5205,227371,1390,7506,8283,143949,7157,203032,9677,346981,California
Contra Costa,2021-03-20,10561,553577,6310,314449,3951,231322,300,7806,5211,144125,5334,208366,5510,352491,California
Contra Costa,2021-03-21,4437,558014,3882,318331,470,231792,85,7891,2093,143962,2341,210707,2178,354669,California
Contra Costa,2021-03-22,11473,569487,8641,326972,2585,234377,247,8138,7064,146874,4400,215107,7312,361981,California
Contra Costa,2021-03-23,15561,585048,10726,337698,4669,239046,166,8304,9539,150583,5999,221106,9708,371689,California
Contra Costa,2021-03-24,14878,599926,11622,349320,3045,242091,211,8515,9256,154453,5599,226705,9469,381158,California
Contra Costa,2021-03-25,15135,615061,11800,361120,3064,245155,271,8786,9386,158396,5714,232419,9657,390815,California
Contra Costa,2021-03-26,14866,629927,10666,371786,3806,248961,394,9180,8808,161556,6039,238458,9199,400014,California
Contra Costa,2021-03-27,10386,640313,6721,378507,3158,252119,507,9687,5772,163226,4606,243064,6276,406290,California
Contra Costa,2021-03-28,4105,644418,2911,381418,1141,253260,53,9740,1771,162725,2326,245390,1825,408115,California
Contra Costa,2021-03-29,10815,655233,8455,389873,2246,255506,114,9854,7100,166237,3703,249093,7215,415330,California
Contra Costa,2021-03-30,16672,671905,9103,398976,6241,261747,1328,11182,11096,173099,5561,254654,12423,427753,California
Contra Costa,2021-03-31,17826,689731,12487,411463,3907,265654,1432,12614,11668,180073,6129,260783,13103,440856,California
Contra Costa,2021-04-01,17317,707048,12164,423627,3809,269463,1344,13958,11372,186862,5929,266712,12718,453574,California
Contra Costa,2021-04-02,17204,724252,12769,436396,3447,272910,988,14946,11629,193916,5565,272277,12619,466193,California
Contra Costa,2021-04-03,10702,734954,6382,442778,2809,275719,1511,16457,6253,197243,4437,276714,7764,473957,California
Contra Costa,2021-04-04,3202,738156,1226,444004,1416,277135,560,17017,885,196375,2313,279027,1445,475402,California
Contra Costa,2021-04-05,11886,750042,7805,451809,3192,280327,889,17906,6587,198563,5289,284316,7477,482879,California
Contra Costa,2021-04-06,16210,766252,11277,463086,2922,283249,2011,19917,9184,202750,7010,291326,11197,494076,California
Contra Costa,2021-04-07,14787,781039,10282,473368,2473,285722,2032,21949,8615,207274,6163,297489,10687,504763,California
Del Norte,2020-12-21,23,23,23,23,0,0,0,0,23,23,0,0,23,23,California
Del Norte,2020-12-22,46,69,46,69,0,0,0,0,46,69,0,0,46,69,California
Del Norte,2020-12-23,58,127,48,117,10,10,0,0,57,126,0,0,57,126,California
Del Norte,2020-12-28,34,161,34,151,0,10,0,0,34,160,0,0,34,160,California
Del Norte,2020-12-29,4,165,4,155,0,10,0,0,4,164,0,0,4,164,California
Del Norte,2020-12-30,67,232,55,210,12,22,0,0,68,232,0,0,68,232,California
Del Norte,2020-12-31,16,248,13,223,3,25,0,0,16,248,0,0,16,248,California
Del Norte,2021-01-04,102,350,49,272,53,78,0,0,102,350,0,0,102,350,California
Del Norte,2021-01-05,33,383,0,272,33,111,0,0,33,383,0,0,33,383,California
Del Norte,2021-01-06,77,460,18,290,59,170,0,0,77,460,0,0,77,460,California
Del Norte,2021-01-07,21,481,1,291,20,190,0,0,21,481,0,0,21,481,California
Del Norte,2021-01-08,77,558,7,298,70,260,0,0,77,558,0,0,77,558,California
Del Norte,2021-01-11,40,598,21,319,19,279,0,0,18,555,22,22,19,577,California
Del Norte,2021-01-12,50,648,32,351,18,297,0,0,29,563,21,43,29,606,California
Del Norte,2021-01-13,85,733,40,391,45,342,0,0,52,582,33,76,52,658,California
Del Norte,2021-01-14,52,785,14,405,38,380,0,0,46,622,6,82,46,704,California
Del Norte,2021-01-15,107,892,18,423,89,469,0,0,95,705,12,94,95,799,California
Del Norte,2021-01-17,1,893,1,424,0,469,0,0,1,706,0,94,1,800,California
Del Norte,2021-01-18,2,895,0,424,2,471,0,0,2,708,0,94,2,802,California
Del Norte,2021-01-19,119,1014,56,480,63,534,0,0,77,743,42,136,77,879,California
Del Norte,2021-01-20,157,1171,83,563,74,608,0,0,96,778,61,197,96,975,California
Del Norte,2021-01-21,43,1214,40,603,3,611,0,0,32,799,11,208,32,1007,California
Del Norte,2021-01-22,19,1233,16,619,3,614,0,0,12,804,7,215,12,1019,California
Del Norte,2021-01-23,1,1234,0,619,1,615,0,0,1,805,0,215,1,1020,California
Del Norte,2021-01-24,1,1235,0,619,1,616,0,0,1,806,0,215,1,1021,California
Del Norte,2021-01-25,97,1332,79,698,18,634,0,0,53,815,44,259,53,1074,California
Del Norte,2021-01-26,18,1350,11,709,7,641,0,0,7,811,11,270,7,1081,California
Del Norte,2021-01-27,64,1414,21,730,43,684,0,0,61,869,3,273,61,1142,California
Del Norte,2021-01-28,291,1705,20,750,271,955,0,0,287,1152,4,277,287,1429,California
Del Norte,2021-01-29,50,1755,19,769,31,986,0,0,41,1184,9,286,41,1470,California
Del Norte,2021-01-30,8,1763,1,770,7,993,0,0,8,1192,0,286,8,1478,California
Del Norte,2021-02-01,41,1804,1,771,40,1033,0,0,26,1203,15,301,26,1504,California
Del Norte,2021-02-02,142,1946,34,805,108,1141,0,0,73,1208,68,369,73,1577,California
Del Norte,2021-02-03,125,2071,40,845,85,1226,0,0,71,1225,54,423,71,1648,California
Del Norte,2021-02-04,70,2141,29,874,41,1267,0,0,41,1237,29,452,41,1689,California
Del Norte,2021-02-05,181,2322,22,896,159,1426,0,0,118,1293,62,514,118,1807,California
Del Norte,2021-02-06,310,2632,6,902,304,1730,0,0,310,1603,0,514,310,2117,California
Del Norte,2021-02-07,2,2634,1,903,1,1731,0,0,2,1605,0,514,2,2119,California
Del Norte,2021-02-08,36,2670,1,904,35,1766,0,0,32,1633,4,518,32,2151,California
Del Norte,2021-02-09,8,2678,5,909,3,1769,0,0,2,1629,6,524,2,2153,California
Del Norte,2021-02-10,143,2821,20,929,123,1892,0,0,86,1659,56,580,86,2239,California
Del Norte,2021-02-11,175,2996,58,987,117,2009,0,0,63,1610,112,692,63,2302,California
Del Norte,2021-02-12,120,3116,14,1001,106,2115,0,0,66,1622,54,746,66,2368,California
Del Norte,2021-02-13,2,3118,1,1002,1,2116,0,0,2,1624,0,746,2,2370,California
Del Norte,2021-02-14,3,3121,1,1003,2,2118,0,0,2,1625,1,747,2,2372,California
Del Norte,2021-02-15,4,3125,0,1003,4,2122,0,0,2,1625,2,749,2,2374,California
Del Norte,2021-02-16,132,3257,1,1004,131,2253,0,0,13,1519,119,868,13,2387,California
Del Norte,2021-02-17,91,3348,20,1024,71,2324,0,0,24,1476,67,935,24,2411,California
Del Norte,2021-02-18,77,3425,24,1048,53,2377,0,0,51,1501,26,961,51,2462,California
Del Norte,2021-02-19,43,3468,17,1065,26,2403,0,0,33,1524,10,971,33,2495,California
Del Norte,2021-02-20,9,3477,6,1071,3,2406,0,0,7,1529,2,973,7,2502,California
Del Norte,2021-02-22,2,3479,0,1071,2,2408,0,0,2,1531,0,973,2,2504,California
Del Norte,2021-02-23,102,3581,84,1155,18,2426,0,0,31,1491,71,1044,31,2535,California
Del Norte,2021-02-24,152,3733,98,1253,54,2480,0,0,79,1497,73,1117,79,2614,California
Del Norte,2021-02-25,473,4206,130,1383,343,2823,0,0,210,1445,262,1379,210,2824,California
Del Norte,2021-02-26,211,4417,175,1558,36,2859,0,0,165,1564,46,1425,165,2989,California
Del Norte,2021-02-27,150,4567,145,1703,5,2864,0,0,141,1696,9,1434,141,3130,California
Del Norte,2021-02-28,4,4571,1,1704,3,2867,0,0,3,1698,1,1435,3,3133,California
Del Norte,2021-03-01,27,4598,2,1706,25,2892,0,0,4,1679,23,1458,4,3137,California
Del Norte,2021-03-02,218,4816,140,1846,78,2970,0,0,185,1831,33,1491,185,3322,California
Del Norte,2021-03-03,158,4974,90,1936,68,3038,0,0,117,1907,41,1532,117,3439,California
Del Norte,2021-03-04,120,5094,83,2019,37,3075,0,0,91,1970,28,1560,91,3530,California
Del Norte,2021-03-05,92,5186,9,2028,83,3158,0,0,44,1966,48,1608,44,3574,California
Del Norte,2021-03-06,433,5619,74,2102,309,3467,50,50,154,1848,279,1887,161,3735,California
Del Norte,2021-03-07,2,5621,1,2103,1,3468,0,50,1,1848,1,1888,1,3736,California
Del Norte,2021-03-08,28,5649,1,2104,25,3493,2,52,5,1832,23,1911,7,3743,California
Del Norte,2021-03-09,193,5842,112,2216,78,3571,3,55,182,2006,11,1922,185,3928,California
Del Norte,2021-03-10,218,6060,97,2313,93,3664,28,83,132,2080,86,2008,160,4088,California
Del Norte,2021-03-11,146,6206,55,2368,91,3755,0,83,103,2140,43,2051,103,4191,California
Del Norte,2021-03-12,177,6383,91,2459,86,3841,0,83,126,2215,51,2102,126,4317,California
Del Norte,2021-03-13,95,6478,94,2553,1,3842,0,83,91,2302,4,2106,91,4408,California
Del Norte,2021-03-15,39,6517,0,2553,38,3880,1,84,34,2332,5,2111,35,4443,California
Del Norte,2021-03-16,276,6793,135,2688,141,4021,0,84,255,2566,21,2132,255,4698,California
Del Norte,2021-03-17,284,7077,97,2785,185,4206,2,86,170,2624,114,2246,172,4870,California
Del Norte,2021-03-18,286,7363,109,2894,174,4380,3,89,150,2642,135,2381,153,5023,California
Del Norte,2021-03-19,264,7627,158,3052,100,4480,6,95,90,2564,174,2555,96,5119,California
Del Norte,2021-03-20,158,7785,156,3208,2,4482,0,95,16,2438,142,2697,16,5135,California
Del Norte,2021-03-21,4,7789,2,3210,2,4484,0,95,2,2438,2,2699,2,5137,California
Del Norte,2021-03-22,41,7830,2,3212,38,4522,1,96,38,2474,3,2702,39,5176,California
Del Norte,2021-03-23,329,8159,162,3374,149,4671,18,114,160,2485,167,2869,178,5354,California
Del Norte,2021-03-24,392,8551,107,3481,244,4915,41,155,238,2610,154,3023,279,5633,California
Del Norte,2021-03-25,194,8745,90,3571,104,5019,0,155,87,2591,106,3129,87,5720,California
Del Norte,2021-03-26,227,8972,108,3679,119,5138,0,155,194,2752,33,3162,194,5914,California
Del Norte,2021-03-27,108,9080,87,3766,4,5142,17,172,19,2699,89,3251,36,5950,California
Del Norte,2021-03-28,4,9084,2,3768,2,5144,0,172,1,2697,3,3254,1,5951,California
Del Norte,2021-03-29,56,9140,6,3774,33,5177,17,189,31,2720,25,3279,48,5999,California
Del Norte,2021-03-30,334,9474,118,3892,205,5382,11,200,128,2653,206,3485,139,6138,California
Del Norte,2021-03-31,346,9820,100,3992,229,5611,17,217,190,2706,154,3639,207,6345,California
Del Norte,2021-04-01,165,9985,60,4052,71,5682,34,251,70,2716,94,3733,104,6449,California
Del Norte,2021-04-02,232,10217,80,4132,104,5786,48,299,76,2685,156,3889,125,6574,California
Del Norte,2021-04-03,103,10320,82,4214,2,5788,19,318,4,2610,98,3987,23,6597,California
Del Norte,2021-04-04,4,10324,0,4214,0,5788,4,322,0,2610,4,3991,4,6601,California
Del Norte,2021-04-05,53,10377,5,4219,44,5832,4,326,46,2653,7,3998,50,6651,California
Del Norte,2021-04-06,284,10661,122,4341,143,5975,19,345,94,2580,186,4184,113,6764,California
Del Norte,2021-04-07,119,10780,3,4344,107,6082,9,354,83,2636,36,4220,92,6856,California
El Dorado,2020-12-15,12,12,12,12,0,0,0,0,12,12,0,0,12,12,California
El Dorado,2020-12-16,40,52,40,52,0,0,0,0,40,52,0,0,40,52,California
El Dorado,2020-12-17,30,82,30,82,0,0,0,0,30,82,0,0,30,82,California
El Dorado,2020-12-18,236,318,236,318,0,0,0,0,236,318,0,0,236,318,California
El Dorado,2020-12-19,116,434,116,434,0,0,0,0,116,434,0,0,116,434,California
El Dorado,2020-12-20,84,518,84,518,0,0,0,0,84,518,0,0,84,518,California
El Dorado,2020-12-21,306,824,305,823,1,1,0,0,306,824,0,0,306,824,California
El Dorado,2020-12-22,239,1063,215,1038,24,25,0,0,239,1063,0,0,239,1063,California
El Dorado,2020-12-23,189,1252,139,1177,50,75,0,0,189,1252,0,0,189,1252,California
El Dorado,2020-12-24,86,1338,65,1242,21,96,0,0,86,1338,0,0,86,1338,California
El Dorado,2020-12-25,8,1346,8,1250,0,96,0,0,8,1346,0,0,8,1346,California
El Dorado,2020-12-26,43,1389,25,1275,18,114,0,0,43,1389,0,0,43,1389,California
El Dorado,2020-12-27,37,1426,33,1308,4,118,0,0,37,1426,0,0,37,1426,California
El Dorado,2020-12-28,216,1642,170,1478,46,164,0,0,216,1642,0,0,216,1642,California
El Dorado,2020-12-29,454,2096,140,1618,314,478,0,0,454,2096,0,0,454,2096,California
El Dorado,2020-12-30,504,2600,136,1754,368,846,0,0,504,2600,0,0,504,2600,California
El Dorado,2020-12-31,108,2708,68,1822,40,886,0,0,108,2708,0,0,108,2708,California
El Dorado,2021-01-01,6,2714,4,1826,2,888,0,0,6,2714,0,0,6,2714,California
El Dorado,2021-01-02,150,2864,139,1965,11,899,0,0,150,2864,0,0,150,2864,California
El Dorado,2021-01-03,90,2954,16,1981,74,973,0,0,90,2954,0,0,90,2954,California
El Dorado,2021-01-04,190,3144,63,2044,127,1100,0,0,190,3144,0,0,190,3144,California
El Dorado,2021-01-05,202,3346,48,2092,154,1254,0,0,186,3314,16,16,186,3330,California
El Dorado,2021-01-06,261,3607,188,2280,73,1327,0,0,198,3449,63,79,198,3528,California
El Dorado,2021-01-07,325,3932,133,2413,192,1519,0,0,255,3634,70,149,255,3783,California
El Dorado,2021-01-08,971,4903,500,2913,471,1990,0,0,768,4200,203,352,769,4552,California
El Dorado,2021-01-09,192,5095,156,3069,36,2026,0,0,124,4256,68,420,124,4676,California
El Dorado,2021-01-10,180,5275,129,3198,51,2077,0,0,111,4298,69,489,111,4787,California
El Dorado,2021-01-11,656,5931,292,3490,364,2441,0,0,458,4559,197,686,458,5245,California
El Dorado,2021-01-12,689,6620,418,3908,271,2712,0,0,441,4752,248,934,441,5686,California
El Dorado,2021-01-13,693,7313,295,4203,398,3110,0,0,534,5127,159,1093,534,6220,California
El Dorado,2021-01-14,677,7990,217,4420,460,3570,0,0,582,5614,95,1188,582,6802,California
El Dorado,2021-01-15,673,8663,184,4604,489,4059,0,0,601,6143,72,1260,601,7403,California
El Dorado,2021-01-16,170,8833,103,4707,67,4126,0,0,143,6259,27,1287,143,7546,California
El Dorado,2021-01-17,98,8931,46,4753,52,4178,0,0,81,6323,17,1304,81,7627,California
El Dorado,2021-01-18,418,9349,138,4891,280,4458,0,0,350,6605,68,1372,350,7977,California
El Dorado,2021-01-19,635,9984,350,5241,285,4743,0,0,486,6943,149,1521,487,8464,California
El Dorado,2021-01-20,1010,10994,685,5926,325,5068,0,0,898,7730,111,1632,898,9362,California
El Dorado,2021-01-21,1151,12145,569,6495,582,5650,0,0,945,8511,164,1796,945,10307,California
El Dorado,2021-01-22,1089,13234,702,7197,387,6037,0,0,1038,9499,50,1846,1038,11345,California
El Dorado,2021-01-23,736,13970,617,7814,119,6156,0,0,625,10013,111,1957,625,11970,California
El Dorado,2021-01-24,126,14096,76,7890,50,6206,0,0,107,10101,19,1976,107,12077,California
El Dorado,2021-01-25,610,14706,203,8093,407,6613,0,0,521,10533,89,2065,521,12598,California
El Dorado,2021-01-26,669,15375,361,8454,308,6921,0,0,567,10999,102,2167,568,13166,California
El Dorado,2021-01-27,925,16300,331,8785,594,7515,0,0,591,11255,335,2502,591,13757,California
El Dorado,2021-01-28,1096,17396,448,9233,648,8163,0,0,739,11637,357,2859,739,14496,California
El Dorado,2021-01-29,965,18361,487,9720,478,8641,0,0,736,12146,228,3087,737,15233,California
El Dorado,2021-01-30,612,18973,361,10081,251,8892,0,0,451,12436,161,3248,451,15684,California
El Dorado,2021-01-31,207,19180,186,10267,21,8913,0,0,178,12585,29,3277,178,15862,California
El Dorado,2021-02-01,785,19965,368,10635,417,9330,0,0,642,13085,142,3419,642,16504,California
El Dorado,2021-02-02,822,20787,363,10998,459,9789,0,0,665,13593,157,3576,665,17169,California
El Dorado,2021-02-03,896,21683,474,11472,422,10211,0,0,685,14067,211,3787,685,17854,California
El Dorado,2021-02-04,1263,22946,720,12192,543,10754,0,0,871,14546,392,4179,871,18725,California
El Dorado,2021-02-05,1475,24421,595,12787,880,11634,0,0,865,14835,576,4755,865,19590,California
El Dorado,2021-02-06,638,25059,334,13121,304,11938,0,0,530,15258,108,4863,531,20121,California
El Dorado,2021-02-07,254,25313,175,13296,79,12017,0,0,190,15384,64,4927,190,20311,California
El Dorado,2021-02-08,877,26190,416,13712,461,12478,0,0,604,15715,273,5200,604,20915,California
El Dorado,2021-02-09,903,27093,488,14200,415,12893,0,0,482,15776,421,5621,482,21397,California
El Dorado,2021-02-10,1238,28331,728,14928,510,13403,0,0,647,15833,590,6211,647,22044,California
El Dorado,2021-02-11,2120,30451,880,15808,1240,14643,0,0,950,15615,1169,7380,951,22995,California
El Dorado,2021-02-12,1557,32008,822,16630,735,15378,0,0,677,15413,880,8260,678,23673,California
El Dorado,2021-02-13,973,32981,668,17298,305,15683,0,0,430,15303,540,8800,430,24103,California
El Dorado,2021-02-14,480,33461,153,17451,327,16010,0,0,397,15617,83,8883,397,24500,California
El Dorado,2021-02-15,1174,34635,386,17837,788,16798,0,0,821,16088,353,9236,824,25324,California
El Dorado,2021-02-16,1171,35806,527,18364,644,17442,0,0,666,16251,504,9740,667,25991,California
El Dorado,2021-02-17,896,36702,371,18735,525,17967,0,0,421,16199,475,10215,423,26414,California
El Dorado,2021-02-18,2072,38774,1004,19739,1068,19035,0,0,1351,16830,720,10935,1351,27765,California
El Dorado,2021-02-19,1153,39927,598,20337,555,19590,0,0,645,16968,508,11443,646,28411,California
El Dorado,2021-02-20,910,40837,432,20769,478,20068,0,0,663,17389,242,11685,663,29074,California
El Dorado,2021-02-21,277,41114,221,20990,56,20124,0,0,98,17308,179,11864,98,29172,California
El Dorado,2021-02-22,860,41974,436,21426,424,20548,0,0,277,17003,582,12446,277,29449,California
El Dorado,2021-02-23,809,42783,469,21895,340,20888,0,0,329,16852,480,12926,329,29778,California
El Dorado,2021-02-24,990,43773,439,22334,551,21439,0,0,399,16661,591,13517,400,30178,California
El Dorado,2021-02-25,1593,45366,878,23212,715,22154,0,0,693,16461,894,14411,694,30872,California
El Dorado,2021-02-26,2319,47685,1480,24692,839,22993,0,0,1568,17280,749,15160,1568,32440,California
El Dorado,2021-02-27,1643,49328,435,25127,1208,24201,0,0,1204,18048,436,15596,1204,33644,California
El Dorado,2021-02-28,567,49895,203,25330,364,24565,0,0,417,18316,150,15746,418,34062,California
El Dorado,2021-03-01,1094,50989,450,25780,644,25209,0,0,601,18425,492,16238,601,34663,California
El Dorado,2021-03-02,876,51865,262,26042,614,25823,0,0,451,18453,423,16661,451,35114,California
El Dorado,2021-03-03,1555,53420,423,26465,1132,26955,0,0,1056,19018,493,17154,1058,36172,California
El Dorado,2021-03-04,2432,55852,1530,27995,902,27857,0,0,1192,18973,1237,18391,1192,37364,California
El Dorado,2021-03-05,1517,57369,420,28415,1092,28949,5,5,1020,19505,493,18884,1025,38389,California
El Dorado,2021-03-06,718,58087,200,28615,485,29434,33,38,376,19572,342,19226,409,38798,California
El Dorado,2021-03-07,395,58482,197,28812,180,29614,18,56,233,19663,160,19386,251,39049,California
El Dorado,2021-03-08,1300,59782,364,29176,865,30479,71,127,840,20115,459,19845,911,39960,California
El Dorado,2021-03-09,936,60718,225,29401,644,31123,67,194,554,20364,372,20217,621,40581,California
El Dorado,2021-03-10,880,61598,341,29742,484,31607,55,249,524,20591,352,20569,579,41160,California
El Dorado,2021-03-11,2958,64556,1827,31569,951,32558,180,429,1362,20549,1583,22152,1541,42701,California
El Dorado,2021-03-12,1641,66197,619,32188,782,33340,240,669,686,20534,941,23093,926,43627,California
El Dorado,2021-03-13,979,67176,339,32527,364,33704,276,945,349,20529,628,23721,623,44250,California
El Dorado,2021-03-14,690,67866,205,32732,373,34077,112,1057,255,20461,435,24156,367,44617,California
El Dorado,2021-03-15,1315,69181,297,33029,891,34968,127,1184,549,20375,762,24918,676,45293,California
El Dorado,2021-03-16,1176,70357,401,33430,631,35599,144,1328,538,20425,632,25550,682,45975,California
El Dorado,2021-03-17,1053,71410,351,33781,607,36206,95,1423,677,20820,376,25926,771,46746,California
El Dorado,2021-03-18,2899,74309,1743,35524,1112,37318,44,1467,1919,21810,974,26900,1964,48710,California
El Dorado,2021-03-19,1060,75369,352,35876,563,37881,145,1612,588,22072,472,27372,734,49444,California
El Dorado,2021-03-20,923,76292,261,36137,645,38526,17,1629,351,21879,561,27933,368,49812,California
El Dorado,2021-03-21,1020,77312,414,36551,601,39127,5,1634,934,22733,85,28018,939,50751,California
El Dorado,2021-03-22,1469,78781,486,37037,902,40029,81,1715,1174,23697,291,28309,1255,52006,California
El Dorado,2021-03-23,1083,79864,451,37488,541,40570,91,1806,699,24111,376,28685,790,52796,California
El Dorado,2021-03-24,1397,81261,624,38112,579,41149,194,2000,676,24269,712,29397,870,53666,California
El Dorado,2021-03-25,2410,83671,1658,39770,650,41799,102,2102,1354,24673,1052,30449,1456,55122,California
El Dorado,2021-03-26,1714,85385,680,40450,925,42724,109,2211,915,24912,785,31234,1024,56146,California
El Dorado,2021-03-27,1285,86670,183,40633,1098,43822,4,2215,320,24277,959,32193,324,56470,California
El Dorado,2021-03-28,611,87281,183,40816,419,44241,9,2224,196,24070,412,32605,205,56675,California
El Dorado,2021-03-29,1297,88578,432,41248,851,45092,14,2238,831,24452,463,33068,845,57520,California
El Dorado,2021-03-30,1323,89901,411,41659,822,45914,90,2328,688,24599,630,33698,777,58297,California
El Dorado,2021-03-31,1507,91408,570,42229,874,46788,63,2391,732,24621,772,34470,794,59091,California
El Dorado,2021-04-01,3158,94566,1739,43968,1337,48125,82,2473,1516,24581,1640,36110,1600,60691,California
El Dorado,2021-04-02,1803,96369,549,44517,1162,49287,92,2565,716,24305,1084,37194,808,61499,California
El Dorado,2021-04-03,718,97087,275,44792,328,49615,115,2680,211,24124,507,37701,326,61825,California
El Dorado,2021-04-04,257,97344,77,44869,134,49749,46,2726,91,24096,165,37866,137,61962,California
El Dorado,2021-04-05,1311,98655,412,45281,815,50564,84,2810,537,23946,771,38637,621,62583,California
El Dorado,2021-04-06,1217,99872,473,45754,567,51131,177,2987,376,23659,839,39476,552,63135,California
El Dorado,2021-04-07,654,100526,341,46095,227,51358,86,3073,200,23493,452,39928,286,63421,California
Fresno,2020-12-15,2,2,2,2,0,0,0,0,2,2,0,0,2,2,California
Fresno,2020-12-16,120,122,120,122,0,0,0,0,120,122,0,0,120,122,California
Fresno,2020-12-17,120,242,120,242,0,0,0,0,120,242,0,0,120,242,California
Fresno,2020-12-18,345,587,345,587,0,0,0,0,345,587,0,0,345,587,California
Fresno,2020-12-19,157,744,157,744,0,0,0,0,157,744,0,0,157,744,California
Fresno,2020-12-20,255,999,253,997,2,2,0,0,255,999,0,0,255,999,California
Fresno,2020-12-21,925,1924,924,1921,1,3,0,0,957,1956,0,0,957,1956,California
Fresno,2020-12-22,900,2824,872,2793,28,31,0,0,904,2860,0,0,904,2860,California
Fresno,2020-12-23,1082,3906,1049,3842,33,64,0,0,1083,3943,0,0,1083,3943,California
Fresno,2020-12-24,577,4483,562,4404,15,79,0,0,577,4520,0,0,577,4520,California
Fresno,2020-12-25,2,4485,1,4405,1,80,0,0,2,4522,0,0,2,4522,California
Fresno,2020-12-26,720,5205,712,5117,8,88,0,0,720,5242,0,0,720,5242,California
Fresno,2020-12-27,298,5503,204,5321,94,182,0,0,298,5540,0,0,298,5540,California
Fresno,2020-12-28,1059,6562,774,6095,285,467,0,0,1059,6599,0,0,1059,6599,California
Fresno,2020-12-29,1768,8330,1040,7135,728,1195,0,0,1766,8364,1,1,1766,8365,California
Fresno,2020-12-30,974,9304,474,7609,500,1695,0,0,974,9338,0,1,974,9339,California
Fresno,2020-12-31,893,10197,310,7919,583,2278,0,0,892,10230,0,1,892,10231,California
Fresno,2021-01-01,9,10206,3,7922,6,2284,0,0,9,10239,0,1,9,10240,California
Fresno,2021-01-02,1029,11235,717,8639,312,2596,0,0,1029,11268,0,1,1029,11269,California
Fresno,2021-01-03,154,11389,129,8768,25,2621,0,0,154,11422,0,1,154,11423,California
Fresno,2021-01-04,606,11995,373,9141,233,2854,0,0,606,12028,0,1,606,12029,California
Fresno,2021-01-05,776,12771,311,9452,465,3319,0,0,702,12656,74,75,702,12731,California
Fresno,2021-01-06,970,13741,345,9797,625,3944,0,0,798,13282,172,247,798,13529,California
Fresno,2021-01-07,1880,15621,914,10711,966,4910,0,0,1628,14661,252,499,1631,15160,California
Fresno,2021-01-08,1778,17399,616,11327,1162,6072,0,0,1412,15709,364,863,1412,16572,California
Fresno,2021-01-09,628,18027,387,11714,241,6313,0,0,354,15789,274,1137,354,16926,California
Fresno,2021-01-10,514,18541,485,12199,29,6342,0,0,201,15677,313,1450,201,17127,California
Fresno,2021-01-11,2141,20682,1737,13936,404,6746,0,0,1447,16433,694,2144,1450,18577,California
Fresno,2021-01-12,2503,23185,1810,15746,693,7439,0,0,1656,17242,849,2993,1658,20235,California
Fresno,2021-01-13,3521,26706,2412,18158,1109,8548,0,0,2666,19055,855,3848,2668,22903,California
Fresno,2021-01-14,4135,30841,2199,20357,1936,10484,0,0,3664,22249,470,4318,3664,26567,California
Fresno,2021-01-15,3624,34465,2518,22875,1106,11590,0,0,3268,25164,356,4674,3271,29838,California
Fresno,2021-01-16,3132,37597,2290,25165,842,12432,0,0,2669,27372,462,5136,2670,32508,California
Fresno,2021-01-17,975,38572,553,25718,422,12854,0,0,777,27951,198,5334,777,33285,California
Fresno,2021-01-18,3073,41645,2365,28083,708,13562,0,0,2411,29704,660,5994,2413,35698,California
Fresno,2021-01-19,4303,45948,2536,30619,1767,15329,0,0,3659,32722,644,6638,3662,39360,California
Fresno,2021-01-20,2991,48939,1183,31802,1808,17137,0,0,2697,35127,295,6933,2700,42060,California
Fresno,2021-01-21,4340,53279,2000,33802,2340,19477,0,0,3996,38802,326,7259,4001,46061,California
Fresno,2021-01-22,3303,56582,1343,35145,1960,21437,0,0,2916,41349,370,7629,2917,48978,California
Fresno,2021-01-23,3030,59612,1958,37103,1072,22509,0,0,2307,42941,723,8352,2315,51293,California
Fresno,2021-01-24,549,60161,372,37475,177,22686,0,0,346,43087,203,8555,349,51642,California
Fresno,2021-01-25,2332,62493,860,38335,1472,24158,0,0,1848,44456,484,9039,1853,53495,California
Fresno,2021-01-26,2009,64502,581,38916,1428,25586,0,0,1309,45068,698,9737,1310,54805,California
Fresno,2021-01-27,2239,66741,1154,40070,1085,26671,0,0,1721,46275,517,10254,1724,56529,California
Fresno,2021-01-28,4454,71195,3027,43097,1427,28098,0,0,3450,48728,1000,11254,3453,59982,California
Fresno,2021-01-29,1697,72892,983,44080,714,28812,0,0,1400,49835,294,11548,1401,61383,California
Fresno,2021-01-30,1424,74316,535,44615,889,29701,0,0,1012,50435,412,11960,1012,62395,California
Fresno,2021-01-31,226,74542,217,44832,9,29710,0,0,72,50353,154,12114,72,62467,California
Fresno,2021-02-01,3318,77860,1652,46484,1666,31376,0,0,1811,50676,1506,13620,1829,64296,California
Fresno,2021-02-02,2720,80580,547,47031,2173,33549,0,0,1599,51181,1107,14727,1612,65908,California
Fresno,2021-02-03,3479,84059,2039,49070,1440,34989,0,0,1521,50760,1943,16670,1522,67430,California
Fresno,2021-02-04,4200,88259,1902,50972,2298,37287,0,0,1934,50463,2236,18906,1939,69369,California
Fresno,2021-02-05,5202,93461,2595,53567,2607,39894,0,0,2185,49640,3010,21916,2187,71556,California
Fresno,2021-02-06,2918,96379,2033,55600,885,40779,0,0,964,48656,1950,23866,966,72522,California
Fresno,2021-02-07,463,96842,284,55884,179,40958,0,0,271,48736,191,24057,271,72793,California
Fresno,2021-02-08,4280,101122,2300,58184,1980,42938,0,0,1817,48122,2440,26497,1826,74619,California
Fresno,2021-02-09,5325,106447,2083,60267,3242,46180,0,0,3125,49130,2125,28622,3133,77752,California
Fresno,2021-02-10,3675,110122,1236,61503,2439,48619,0,0,1971,49460,1649,30271,1979,79731,California
Fresno,2021-02-11,6445,116567,2090,63593,4355,52974,0,0,3396,49825,3035,33306,3400,83131,California
Fresno,2021-02-12,5368,121935,1382,64975,3986,56960,0,0,2750,49980,2601,35907,2756,85887,California
Fresno,2021-02-13,3723,125658,1544,66519,2179,59139,0,0,2075,50424,1636,37543,2080,87967,California
Fresno,2021-02-14,1558,127216,281,66800,1277,60416,0,0,848,50564,709,38252,849,88816,California
Fresno,2021-02-15,2871,130087,267,67067,2604,63020,0,0,1768,51237,1099,39351,1772,90588,California
Fresno,2021-02-16,6672,136759,2397,69464,4275,67295,0,0,4245,53077,2411,41762,4251,94839,California
Fresno,2021-02-17,5320,142079,2447,71911,2873,70168,0,0,2985,53777,2290,44052,2990,97829,California
Fresno,2021-02-18,6848,148927,2900,74811,3948,74116,0,0,2574,52137,4226,48278,2586,100415,California
Fresno,2021-02-19,3827,152754,1094,75905,2733,76849,0,0,1830,51983,1987,50265,1833,102248,California
Fresno,2021-02-20,4528,157282,2493,78398,2035,78884,0,0,3068,53603,1453,51718,3073,105321,California
Fresno,2021-02-21,180,157462,164,78562,16,78900,0,0,129,53692,40,51758,129,105450,California
Fresno,2021-02-22,2191,159653,971,79533,1220,80120,0,0,1218,53946,967,52725,1221,106671,California
Fresno,2021-02-23,3850,163503,1447,80980,2403,82523,0,0,3000,56106,843,53568,3003,109674,California
Fresno,2021-02-24,4157,167660,1490,82470,2667,85190,0,0,3414,58791,733,54301,3418,113092,California
Fresno,2021-02-25,7434,175094,2486,84956,4948,90138,0,0,5988,63403,1381,55682,5993,119085,California
Fresno,2021-02-26,8255,183349,2995,87951,5260,95398,0,0,6990,69155,1243,56925,6995,126080,California
Fresno,2021-02-27,6260,189609,2182,90133,4078,99476,0,0,5584,74078,667,57592,5590,131670,California
Fresno,2021-02-28,1627,191236,527,90660,1100,100576,0,0,1544,75550,72,57664,1544,133214,California
Fresno,2021-03-01,4856,196092,1280,91940,3576,104152,0,0,3583,77879,1262,58926,3591,136805,California
Fresno,2021-03-02,8326,204418,2283,94223,6043,110195,0,0,6983,83566,1320,60246,7007,143812,California
Fresno,2021-03-03,6436,210854,1524,95747,4911,115106,1,1,5421,88098,1003,61249,5535,149347,California
Fresno,2021-03-04,8363,219217,2487,98234,5876,120982,0,1,6867,93503,1471,62720,6876,156223,California
Fresno,2021-03-05,7706,226923,2638,100872,5066,126048,2,3,6700,99407,873,63593,6777,163000,California
Fresno,2021-03-06,6375,233298,3482,104354,2776,128824,117,120,5441,104039,930,64523,5562,168562,California
Fresno,2021-03-07,1358,234656,565,104919,760,129584,33,153,1136,104987,221,64744,1169,169731,California
Fresno,2021-03-08,4767,239423,1755,106674,2859,132443,153,306,3604,107598,1156,65900,3767,173498,California
Fresno,2021-03-09,6742,246165,2279,108953,4196,136639,267,573,3853,108879,2875,68775,4156,177654,California
Fresno,2021-03-10,6420,252585,2596,111549,3438,140077,386,959,5043,112950,1367,70142,5438,183092,California
Fresno,2021-03-11,11126,263711,4470,116019,6105,146182,551,1510,6155,114789,4942,75084,6781,189873,California
Fresno,2021-03-12,11031,274742,4810,120829,5805,151987,416,1926,8322,120972,2695,77779,8878,198751,California
Fresno,2021-03-13,7705,282447,3831,124660,2872,154859,1002,2928,3728,121816,3960,81739,4804,203555,California
Fresno,2021-03-14,1258,283705,393,125053,587,155446,278,3206,505,121849,748,82487,781,204336,California
Fresno,2021-03-15,6791,290496,2912,127965,3709,159155,170,3376,4656,124737,2123,84610,5011,209347,California
Fresno,2021-03-16,9985,300481,4390,132355,5205,164360,390,3766,6133,127529,3830,88440,6622,215969,California
Fresno,2021-03-17,8392,308873,3856,136211,3843,168203,693,4459,5631,131488,2746,91186,6705,222674,California
Fresno,2021-03-18,12096,320969,6530,142741,4936,173139,630,5089,7941,136363,4119,95305,8994,231668,California
Fresno,2021-03-19,10790,331759,5581,148322,4595,177734,614,5703,7378,141260,3388,98693,8285,239953,California
Fresno,2021-03-20,7307,339066,4378,152700,2618,180352,311,6014,4488,143527,2805,101498,5072,245025,California
Fresno,2021-03-21,1766,340832,1196,153896,198,180550,372,6386,959,144059,803,102301,1335,246360,California
Fresno,2021-03-22,5576,346408,2873,156769,2109,182659,594,6980,3788,146870,1771,104072,4582,250942,California
Fresno,2021-03-23,10520,356928,5224,161993,4844,187503,452,7432,6142,149534,4358,108430,7022,257964,California
Fresno,2021-03-24,8555,365483,3625,165618,4102,191605,828,8260,4764,151418,3762,112192,5646,263610,California
Fresno,2021-03-25,11875,377358,5543,171161,5637,197242,695,8955,6164,152681,5679,117871,6942,270552,California
Fresno,2021-03-26,11826,389184,5295,176456,5890,203132,641,9596,5273,152110,6508,124379,5937,276489,California
Fresno,2021-03-27,9342,398526,4116,180572,4142,207274,1084,10680,2942,149773,6369,130748,4032,280521,California
Fresno,2021-03-28,3168,401694,1185,181757,1391,208665,592,11272,1346,150156,1815,132563,2198,282719,California
Fresno,2021-03-29,5993,407687,1980,183737,3472,212137,541,11813,2930,150595,3045,135608,3484,286203,California
Fresno,2021-03-30,10579,418266,4127,187864,5583,217720,869,12682,4453,149818,6102,141710,5325,291528,California
Fresno,2021-03-31,8690,426956,3271,191135,4445,222165,974,13656,3808,149757,4846,146556,4785,296313,California
Fresno,2021-04-01,10728,437684,3940,195075,5943,228108,845,14501,3764,147430,6894,153450,4567,300880,California
Fresno,2021-04-02,10244,447928,4372,199447,5142,233250,730,15231,4146,146362,5952,159402,4884,305764,California
Fresno,2021-04-03,6045,453973,3336,202783,2472,235722,237,15468,2225,145055,3807,163209,2500,308264,California
Fresno,2021-04-04,1480,455453,527,203310,911,236633,42,15510,615,144853,859,164068,657,308921,California
Fresno,2021-04-05,7306,462759,3713,207023,2883,239516,710,16220,2395,143127,4902,168970,3176,312097,California
Fresno,2021-04-06,8037,470796,2971,209994,4002,243518,1064,17284,3154,142505,4855,173825,4233,316330,California
Fresno,2021-04-07,4735,475531,2211,212205,1865,245383,659,17943,1683,141852,3032,176857,2379,318709,California
Glenn,2020-12-17,1,1,1,1,0,0,0,0,1,1,0,0,1,1,California
Glenn,2020-12-19,1,2,1,2,0,0,0,0,1,2,0,0,1,2,California
Glenn,2020-12-20,1,3,1,3,0,0,0,0,1,3,0,0,1,3,California
Glenn,2020-12-21,11,14,11,14,0,0,0,0,11,14,0,0,11,14,California
Glenn,2020-12-22,59,73,59,73,0,0,0,0,59,73,0,0,59,73,California
Glenn,2020-12-23,26,99,26,99,0,0,0,0,26,99,0,0,26,99,California
Glenn,2020-12-24,9,108,9,108,0,0,0,0,9,108,0,0,9,108,California
Glenn,2020-12-26,2,110,2,110,0,0,0,0,2,110,0,0,2,110,California
Glenn,2020-12-27,4,114,4,114,0,0,0,0,4,114,0,0,4,114,California
Glenn,2020-12-28,21,135,21,135,0,0,0,0,21,135,0,0,21,135,California
Glenn,2020-12-29,82,217,82,217,0,0,0,0,82,217,0,0,82,217,California
Glenn,2020-12-30,128,345,106,323,22,22,0,0,128,345,0,0,128,345,California
Glenn,2020-12-31,38,383,9,332,29,51,0,0,38,383,0,0,38,383,California
Glenn,2021-01-02,2,385,2,334,0,51,0,0,2,385,0,0,2,385,California
Glenn,2021-01-04,7,392,5,339,2,53,0,0,7,392,0,0,7,392,California
Glenn,2021-01-05,9,401,8,347,1,54,0,0,9,401,0,0,9,401,California
Glenn,2021-01-06,61,462,9,356,52,106,0,0,61,462,0,0,61,462,California
Glenn,2021-01-07,66,528,12,368,54,160,0,0,64,524,2,2,64,526,California
Glenn,2021-01-08,11,539,9,377,2,162,0,0,11,535,0,2,11,537,California
Glenn,2021-01-10,1,540,1,378,0,162,0,0,0,534,1,3,0,537,California
Glenn,2021-01-11,30,570,30,408,0,162,0,0,12,528,18,21,12,549,California
Glenn,2021-01-12,42,612,37,445,5,167,0,0,14,514,28,49,14,563,California
Glenn,2021-01-13,152,764,87,532,65,232,0,0,109,580,43,92,109,672,California
Glenn,2021-01-14,184,948,96,628,88,320,0,0,174,744,10,102,174,846,California
Glenn,2021-01-15,42,990,34,662,8,328,0,0,37,776,5,107,37,883,California
Glenn,2021-01-16,34,1024,14,676,20,348,0,0,24,790,10,117,24,907,California
Glenn,2021-01-17,4,1028,2,678,2,350,0,0,2,790,2,119,2,909,California
Glenn,2021-01-18,17,1045,16,694,1,351,0,0,9,791,8,127,9,918,California
Glenn,2021-01-19,30,1075,20,714,10,361,0,0,13,787,17,144,13,931,California
Glenn,2021-01-20,163,1238,94,808,69,430,0,0,82,788,81,225,82,1013,California
Glenn,2021-01-21,124,1362,98,906,26,456,0,0,30,724,94,319,30,1043,California
Glenn,2021-01-22,337,1699,63,969,274,730,0,0,330,1047,7,326,330,1373,California
Glenn,2021-01-23,14,1713,7,976,7,737,0,0,12,1057,2,328,12,1385,California
Glenn,2021-01-24,2,1715,2,978,0,737,0,0,2,1059,0,328,2,1387,California
Glenn,2021-01-25,27,1742,9,987,18,755,0,0,24,1080,3,331,24,1411,California
Glenn,2021-01-26,29,1771,13,1000,16,771,0,0,23,1097,6,337,23,1434,California
Glenn,2021-01-27,188,1959,14,1014,174,945,0,0,166,1241,22,359,166,1600,California
Glenn,2021-01-28,146,2105,8,1022,138,1083,0,0,116,1327,30,389,116,1716,California
Glenn,2021-01-29,297,2402,12,1034,285,1368,0,0,283,1596,14,403,283,1999,California
Glenn,2021-01-30,5,2407,0,1034,5,1373,0,0,5,1601,0,403,5,2004,California
Glenn,2021-01-31,1,2408,0,1034,1,1374,0,0,1,1602,0,403,1,2005,California
Glenn,2021-02-01,28,2436,10,1044,18,1392,0,0,16,1606,12,415,16,2021,California
Glenn,2021-02-02,27,2463,12,1056,15,1407,0,0,18,1615,9,424,18,2039,California
Glenn,2021-02-03,207,2670,58,1114,149,1556,0,0,112,1632,95,519,112,2151,California
Glenn,2021-02-04,149,2819,84,1198,65,1621,0,0,45,1573,104,623,45,2196,California
Glenn,2021-02-05,320,3139,24,1222,296,1917,0,0,301,1855,19,642,301,2497,California
Glenn,2021-02-06,14,3153,2,1224,12,1929,0,0,13,1867,1,643,13,2510,California
Glenn,2021-02-07,2,3155,2,1226,0,1929,0,0,2,1869,0,643,2,2512,California
Glenn,2021-02-08,21,3176,17,1243,4,1933,0,0,4,1856,17,660,4,2516,California
Glenn,2021-02-09,49,3225,20,1263,29,1962,0,0,36,1879,13,673,36,2552,California
Glenn,2021-02-10,138,3363,19,1282,119,2081,0,0,64,1869,74,747,64,2616,California
Glenn,2021-02-11,231,3594,132,1414,99,2180,0,0,149,1936,82,829,149,2765,California
Glenn,2021-02-12,420,4014,99,1513,321,2501,0,0,356,2228,64,893,356,3121,California
Glenn,2021-02-13,34,4048,7,1520,27,2528,0,0,16,2226,18,911,16,3137,California
Glenn,2021-02-14,1,4049,0,1520,1,2529,0,0,1,2227,0,911,1,3138,California
Glenn,2021-02-15,8,4057,0,1520,8,2537,0,0,8,2235,0,911,8,3146,California
Glenn,2021-02-16,39,4096,9,1529,30,2567,0,0,21,2238,18,929,21,3167,California
Glenn,2021-02-17,379,4475,15,1544,364,2931,0,0,301,2461,78,1007,301,3468,California
Glenn,2021-02-18,134,4609,99,1643,35,2966,0,0,110,2547,24,1031,110,3578,California
Glenn,2021-02-19,304,4913,17,1660,287,3253,0,0,30,2303,274,1305,30,3608,California
Glenn,2021-02-20,8,4921,0,1660,8,3261,0,0,0,2295,8,1313,0,3608,California
Glenn,2021-02-22,33,4954,14,1674,19,3280,0,0,17,2296,16,1329,17,3625,California
Glenn,2021-02-23,40,4994,10,1684,30,3310,0,0,28,2312,12,1341,28,3653,California
Glenn,2021-02-24,222,5216,16,1700,206,3516,0,0,48,2186,174,1515,48,3701,California
Glenn,2021-02-25,260,5476,146,1846,114,3630,0,0,116,2158,144,1659,116,3817,California
Glenn,2021-02-26,305,5781,24,1870,281,3911,0,0,20,1894,284,1943,20,3837,California
Glenn,2021-02-27,15,5796,5,1875,10,3921,0,0,5,1890,9,1952,5,3842,California
Glenn,2021-02-28,6,5802,3,1878,3,3924,0,0,3,1891,2,1954,3,3845,California
Glenn,2021-03-01,28,5830,6,1884,22,3946,0,0,12,1887,16,1970,12,3857,California
Glenn,2021-03-02,35,5865,7,1891,28,3974,0,0,17,1886,18,1988,17,3874,California
Glenn,2021-03-03,182,6047,26,1917,156,4130,0,0,90,1885,91,2079,90,3964,California
Glenn,2021-03-04,520,6567,175,2092,345,4475,0,0,376,2117,144,2223,376,4340,California
Glenn,2021-03-05,353,6920,44,2136,309,4784,0,0,34,1832,319,2542,34,4374,California
Glenn,2021-03-06,26,6946,3,2139,22,4806,1,1,9,1825,17,2559,10,4384,California
Glenn,2021-03-07,5,6951,0,2139,5,4811,0,1,3,1827,1,2560,3,4387,California
Glenn,2021-03-08,20,6971,2,2141,17,4828,1,2,18,1844,2,2562,19,4406,California
Glenn,2021-03-09,74,7045,11,2152,60,4888,3,5,50,1872,24,2586,52,4458,California
Glenn,2021-03-10,171,7216,68,2220,101,4989,2,7,95,1893,76,2662,97,4555,California
Glenn,2021-03-11,582,7798,169,2389,389,5378,24,31,452,2239,130,2792,476,5031,California
Glenn,2021-03-12,412,8210,13,2402,338,5716,61,92,37,1962,375,3167,98,5129,California
Glenn,2021-03-13,11,8221,2,2404,1,5717,8,100,1,1961,10,3177,9,5138,California
Glenn,2021-03-14,3,8224,1,2405,2,5719,0,100,2,1962,1,3178,2,5140,California
Glenn,2021-03-15,75,8299,15,2420,55,5774,5,105,60,2012,15,3193,65,5205,California
Glenn,2021-03-16,104,8403,32,2452,61,5835,11,116,63,2045,41,3234,74,5279,California
Glenn,2021-03-17,412,8815,97,2549,308,6143,7,123,110,1859,302,3536,116,5395,California
Glenn,2021-03-18,518,9333,214,2763,49,6192,255,378,145,1886,373,3909,400,5795,California
Glenn,2021-03-19,91,9424,16,2779,69,6261,6,384,70,1942,20,3929,76,5871,California
Glenn,2021-03-20,120,9544,1,2780,118,6379,1,385,118,2059,2,3931,119,5990,California
Glenn,2021-03-21,6,9550,5,2785,0,6379,1,386,3,2061,2,3933,4,5994,California
Glenn,2021-03-22,115,9665,52,2837,55,6434,8,394,95,2146,18,3951,103,6097,California
Glenn,2021-03-23,168,9833,67,2904,50,6484,51,445,95,2220,72,4023,146,6243,California
Glenn,2021-03-24,204,10037,99,3003,100,6584,5,450,139,2300,64,4087,144,6387,California
Glenn,2021-03-25,455,10492,230,3233,131,6715,94,544,326,2592,128,4215,420,6807,California
Glenn,2021-03-26,225,10717,34,3267,155,6870,36,580,175,2753,50,4265,211,7018,California
Glenn,2021-03-27,152,10869,21,3288,126,6996,5,585,142,2890,10,4275,147,7165,California
Glenn,2021-03-28,15,10884,10,3298,5,7001,0,585,10,2895,5,4280,10,7175,California
Glenn,2021-03-29,58,10942,19,3317,36,7037,3,588,44,2928,14,4294,47,7222,California
Glenn,2021-03-30,73,11015,41,3358,31,7068,1,589,43,2943,29,4323,44,7266,California
Glenn,2021-03-31,125,11140,36,3394,88,7156,1,590,55,2929,70,4393,56,7322,California
Glenn,2021-04-01,640,11780,186,3580,445,7601,9,599,231,2760,409,4802,240,7562,California
Glenn,2021-04-02,156,11936,25,3605,119,7720,12,611,122,2860,34,4836,134,7696,California
Glenn,2021-04-03,90,12026,4,3609,79,7799,7,618,79,2935,11,4847,86,7782,California
Glenn,2021-04-04,8,12034,3,3612,3,7802,2,620,4,2937,4,4851,6,7788,California
Glenn,2021-04-05,61,12095,23,3635,27,7829,11,631,27,2941,34,4885,38,7826,California
Glenn,2021-04-06,131,12226,45,3680,47,7876,39,670,30,2909,101,4986,69,7895,California
Glenn,2021-04-07,95,12321,23,3703,25,7901,47,717,28,2917,67,5053,75,7970,California
Humboldt,2020-12-15,2,2,2,2,0,0,0,0,2,2,0,0,2,2,California
Humboldt,2020-12-16,15,17,15,17,0,0,0,0,15,17,0,0,15,17,California
Humboldt,2020-12-17,115,132,115,132,0,0,0,0,115,132,0,0,115,132,California
Humboldt,2020-12-18,175,307,175,307,0,0,0,0,175,307,0,0,175,307,California
Humboldt,2020-12-19,10,317,10,317,0,0,0,0,10,317,0,0,10,317,California
Humboldt,2020-12-20,28,345,28,345,0,0,0,0,28,345,0,0,28,345,California
Humboldt,2020-12-21,165,510,165,510,0,0,0,0,165,510,0,0,165,510,California
Humboldt,2020-12-22,290,800,290,800,0,0,0,0,290,800,0,0,290,800,California
Humboldt,2020-12-23,308,1108,260,1060,48,48,0,0,309,1109,0,0,309,1109,California
Humboldt,2020-12-24,25,1133,2,1062,23,71,0,0,25,1134,0,0,25,1134,California
Humboldt,2020-12-25,2,1135,2,1064,0,71,0,0,2,1136,0,0,2,1136,California
Humboldt,2020-12-26,6,1141,5,1069,1,72,0,0,6,1142,0,0,6,1142,California
Humboldt,2020-12-28,153,1294,144,1213,9,81,0,0,153,1295,0,0,153,1295,California
Humboldt,2020-12-29,165,1459,122,1335,43,124,0,0,165,1460,0,0,165,1460,California
Humboldt,2020-12-30,222,1681,123,1458,99,223,0,0,222,1682,0,0,222,1682,California
Humboldt,2020-12-31,241,1922,79,1537,162,385,0,0,241,1923,0,0,241,1923,California
Humboldt,2021-01-01,1,1923,1,1538,0,385,0,0,1,1924,0,0,1,1924,California
Humboldt,2021-01-02,38,1961,1,1539,37,422,0,0,38,1962,0,0,38,1962,California
Humboldt,2021-01-04,213,2174,140,1679,73,495,0,0,214,2176,0,0,214,2176,California
Humboldt,2021-01-05,126,2300,18,1697,108,603,0,0,125,2300,1,1,125,2301,California
Humboldt,2021-01-06,300,2600,203,1900,97,700,0,0,228,2467,61,62,228,2529,California
Humboldt,2021-01-07,417,3017,304,2204,113,813,0,0,306,2677,96,158,306,2835,California
Humboldt,2021-01-08,417,3434,279,2483,138,951,0,0,283,2830,130,288,283,3118,California
Humboldt,2021-01-09,69,3503,45,2528,24,975,0,0,66,2894,3,291,67,3185,California
Humboldt,2021-01-10,84,3587,84,2612,0,975,0,0,4,2818,80,371,4,3189,California
Humboldt,2021-01-11,288,3875,277,2889,11,986,0,0,74,2682,210,581,74,3263,California
Humboldt,2021-01-12,479,4354,316,3205,163,1149,0,0,298,2821,159,740,298,3561,California
Humboldt,2021-01-13,475,4829,272,3477,203,1352,0,0,300,2950,172,912,301,3862,California
Humboldt,2021-01-14,516,5345,161,3638,355,1707,0,0,460,3355,56,968,461,4323,California
Humboldt,2021-01-15,374,5719,40,3678,334,2041,0,0,356,3694,17,985,356,4679,California
Humboldt,2021-01-16,169,5888,6,3684,163,2204,0,0,168,3861,1,986,168,4847,California
Humboldt,2021-01-17,6,5894,4,3688,2,2206,0,0,6,3867,0,986,6,4853,California
Humboldt,2021-01-18,291,6185,256,3944,35,2241,0,0,142,3860,149,1135,142,4995,California
Humboldt,2021-01-19,615,6800,370,4314,245,2486,0,0,489,4229,120,1255,489,5484,California
Humboldt,2021-01-20,881,7681,371,4685,510,2996,0,0,763,4878,116,1371,765,6249,California
Humboldt,2021-01-21,954,8635,260,4945,694,3690,0,0,913,5750,41,1412,913,7162,California
Humboldt,2021-01-22,673,9308,374,5319,299,3989,0,0,665,6407,8,1420,665,7827,California
Humboldt,2021-01-23,795,10103,267,5586,528,4517,0,0,788,7189,7,1427,789,8616,California
Humboldt,2021-01-24,223,10326,1,5587,222,4739,0,0,223,7412,0,1427,223,8839,California
Humboldt,2021-01-25,302,10628,232,5819,70,4809,0,0,148,7406,154,1581,148,8987,California
Humboldt,2021-01-26,522,11150,140,5959,382,5191,0,0,475,7834,47,1628,475,9462,California
Humboldt,2021-01-27,1253,12403,585,6544,668,5859,0,0,1189,8966,57,1685,1189,10651,California
Humboldt,2021-01-28,1443,13846,625,7169,818,6677,0,0,1308,10144,132,1817,1310,11961,California
Humboldt,2021-01-29,1125,14971,541,7710,584,7261,0,0,709,10438,416,2233,710,12671,California
Humboldt,2021-01-30,968,15939,456,8166,512,7773,0,0,958,11387,10,2243,959,13630,California
Humboldt,2021-01-31,307,16246,306,8472,1,7774,0,0,306,11692,1,2244,306,13936,California
Humboldt,2021-02-01,329,16575,189,8661,140,7914,0,0,187,11738,141,2385,187,14123,California
Humboldt,2021-02-02,438,17013,72,8733,366,8280,0,0,336,11976,100,2485,338,14461,California
Humboldt,2021-02-03,643,17656,258,8991,385,8665,0,0,496,12325,147,2632,496,14957,California
Humboldt,2021-02-04,638,18294,261,9252,377,9042,0,0,442,12574,193,2825,442,15399,California
Humboldt,2021-02-05,806,19100,95,9347,711,9753,0,0,623,13014,183,3008,623,16022,California
Humboldt,2021-02-06,1053,20153,442,9789,611,10364,0,0,1012,13987,40,3048,1013,17035,California
Humboldt,2021-02-07,377,20530,7,9796,370,10734,0,0,373,14357,4,3052,374,17409,California
Humboldt,2021-02-08,320,20850,139,9935,181,10915,0,0,180,14398,139,3191,180,17589,California
Humboldt,2021-02-09,490,21340,216,10151,274,11189,0,0,177,14262,313,3504,177,17766,California
Humboldt,2021-02-10,559,21899,367,10518,192,11381,0,0,231,14170,323,3827,231,17997,California
Humboldt,2021-02-11,1289,23188,391,10909,898,12279,0,0,510,13904,776,4603,510,18507,California
Humboldt,2021-02-12,1141,24329,731,11640,410,12689,0,0,704,14171,437,5040,704,19211,California
Humboldt,2021-02-13,1486,25815,543,12183,943,13632,0,0,901,14489,583,5623,901,20112,California
Humboldt,2021-02-14,113,25928,5,12188,108,13740,0,0,110,14597,2,5625,110,20222,California
Humboldt,2021-02-15,291,26219,77,12265,214,13954,0,0,194,14694,97,5722,194,20416,California
Humboldt,2021-02-16,531,26750,116,12381,415,14369,0,0,250,14664,281,6003,251,20667,California
Humboldt,2021-02-17,448,27198,279,12660,169,14538,0,0,136,14488,312,6315,136,20803,California
Humboldt,2021-02-18,963,28161,595,13255,368,14906,0,0,227,13979,736,7051,227,21030,California
Humboldt,2021-02-19,476,28637,435,13690,41,14947,0,0,90,13686,383,7434,90,21120,California
Humboldt,2021-02-20,1568,30205,964,14654,604,15551,0,0,465,13053,1100,8534,467,21587,California
Humboldt,2021-02-21,477,30682,469,15123,8,15559,0,0,187,12951,290,8824,188,21775,California
Humboldt,2021-02-22,117,30799,83,15206,34,15593,0,0,25,12886,90,8914,25,21800,California
Humboldt,2021-02-23,169,30968,69,15275,100,15693,0,0,39,12797,128,9042,39,21839,California
Humboldt,2021-02-24,1142,32110,684,15959,458,16151,0,0,567,12790,574,9616,567,22406,California
Humboldt,2021-02-25,826,32936,315,16274,511,16662,0,0,225,12416,599,10215,225,22631,California
Humboldt,2021-02-26,2136,35072,105,16379,2031,18693,0,0,453,11191,1678,11893,453,23084,California
Humboldt,2021-02-27,1683,36755,1070,17449,613,19306,0,0,865,11244,816,12709,869,23953,California
Humboldt,2021-02-28,122,36877,12,17461,110,19416,0,0,116,11354,6,12715,116,24069,California
Humboldt,2021-03-01,252,37129,46,17507,206,19622,0,0,177,11456,75,12790,177,24246,California
Humboldt,2021-03-02,282,37411,49,17556,232,19854,1,1,152,11479,130,12920,153,24399,California
Humboldt,2021-03-03,1555,38966,1073,18629,482,20336,0,1,1141,12212,408,13328,1141,25540,California
Humboldt,2021-03-04,878,39844,108,18737,770,21106,0,1,263,11862,615,13943,265,25805,California
Humboldt,2021-03-05,917,40761,177,18914,729,21835,11,12,370,11700,543,14486,381,26186,California
Humboldt,2021-03-06,1675,42436,831,19745,798,22633,46,58,706,11484,968,15454,752,26938,California
Humboldt,2021-03-07,362,42798,295,20040,49,22682,18,76,157,11454,205,15659,175,27113,California
Humboldt,2021-03-08,253,43051,7,20047,169,22851,77,153,161,11600,92,15751,238,27351,California
Humboldt,2021-03-09,451,43502,200,20247,107,22958,144,297,210,11715,239,15990,354,27705,California
Humboldt,2021-03-10,680,44182,463,20710,64,23022,153,450,411,12009,268,16258,562,28267,California
Humboldt,2021-03-11,1317,45499,456,21166,761,23783,100,550,505,11803,810,17068,604,28871,California
Humboldt,2021-03-12,1682,47181,1083,22249,389,24172,210,760,1041,12422,634,17702,1253,30124,California
Humboldt,2021-03-13,1525,48706,1021,23270,456,24628,48,808,684,12319,835,18537,732,30856,California
Humboldt,2021-03-14,93,48799,15,23285,71,24699,7,815,20,12273,73,18610,27,30883,California
Humboldt,2021-03-15,265,49064,50,23335,195,24894,20,835,49,12126,216,18826,69,30952,California
Humboldt,2021-03-16,630,49694,200,23535,170,25064,260,1095,256,12268,373,19199,515,31467,California
Humboldt,2021-03-17,725,50419,396,23931,221,25285,108,1203,332,12316,392,19591,440,31907,California
Humboldt,2021-03-18,1714,52133,1163,25094,509,25794,42,1245,1035,12719,674,20265,1077,32984,California
Humboldt,2021-03-19,1071,53204,58,25152,699,26493,314,1559,439,12844,628,20893,753,33737,California
Humboldt,2021-03-20,1372,54576,752,25904,607,27100,13,1572,431,12350,939,21832,445,34182,California
Humboldt,2021-03-21,243,54819,31,25935,184,27284,28,1600,197,12529,46,21878,225,34407,California
Humboldt,2021-03-22,110,54929,16,25951,45,27329,49,1649,55,12579,54,21932,104,34511,California
Humboldt,2021-03-23,403,55332,39,25990,321,27650,43,1692,314,12849,87,22019,357,34868,California
Humboldt,2021-03-24,1379,56711,356,26346,976,28626,47,1739,1033,13588,339,22358,1078,35946,California
Humboldt,2021-03-25,1767,58478,1169,27515,535,29161,63,1802,892,13671,872,23230,955,36901,California
Humboldt,2021-03-26,2021,60499,424,27939,1541,30702,56,1858,1582,14876,433,23663,1638,38539,California
Humboldt,2021-03-27,1901,62400,1417,29356,316,31018,168,2026,1045,15236,853,24516,1213,39752,California
Humboldt,2021-03-28,261,62661,78,29434,112,31130,71,2097,83,15212,178,24694,154,39906,California
Humboldt,2021-03-29,464,63125,123,29557,246,31376,95,2192,199,15241,264,24958,293,40199,California
Humboldt,2021-03-30,909,64034,299,29856,517,31893,93,2285,561,15550,345,25303,654,40853,California
Humboldt,2021-03-31,1797,65831,469,30325,1234,33127,94,2379,1399,16648,396,25699,1494,42347,California
Humboldt,2021-04-01,2040,67871,655,30980,1300,34427,85,2464,1461,17621,574,26273,1547,43894,California
Humboldt,2021-04-02,1642,69513,1060,32040,480,34907,102,2566,568,17223,1068,27341,670,44564,California
Humboldt,2021-04-03,1636,71149,1484,33524,136,35043,16,2582,665,16943,961,28302,681,45245,California
Humboldt,2021-04-04,465,71614,356,33880,100,35143,9,2591,396,17279,69,28371,405,45650,California
Humboldt,2021-04-05,645,72259,416,34296,213,35356,16,2607,370,17390,275,28646,386,46036,California
Humboldt,2021-04-06,647,72906,215,34511,348,35704,84,2691,468,17765,176,28822,551,46587,California
Humboldt,2021-04-07,762,73668,574,35085,167,35871,21,2712,470,17966,290,29112,491,47078,California
Imperial,2020-12-16,1,1,1,1,0,0,0,0,1,1,0,0,1,1,California
Imperial,2020-12-17,4,5,4,5,0,0,0,0,4,5,0,0,4,5,California
Imperial,2020-12-18,11,16,11,16,0,0,0,0,11,16,0,0,11,16,California
Imperial,2020-12-20,2,18,2,18,0,0,0,0,2,18,0,0,2,18,California
Imperial,2020-12-21,186,204,186,204,0,0,0,0,186,204,0,0,186,204,California
Imperial,2020-12-22,241,445,239,443,2,2,0,0,241,445,0,0,241,445,California
Imperial,2020-12-23,211,656,210,653,1,3,0,0,210,655,0,0,210,655,California
Imperial,2020-12-24,5,661,5,658,0,3,0,0,5,660,0,0,5,660,California
Imperial,2020-12-26,1,662,0,658,1,4,0,0,1,661,0,0,1,661,California
Imperial,2020-12-27,62,724,0,658,62,66,0,0,62,723,0,0,62,723,California
Imperial,2020-12-28,214,938,114,772,100,166,0,0,214,937,0,0,214,937,California
Imperial,2020-12-29,189,1127,36,808,153,319,0,0,189,1126,0,0,189,1126,California
Imperial,2020-12-30,366,1493,50,858,316,635,0,0,366,1492,0,0,366,1492,California
Imperial,2020-12-31,197,1690,26,884,171,806,0,0,197,1689,0,0,197,1689,California
Imperial,2021-01-01,46,1736,5,889,41,847,0,0,46,1735,0,0,46,1735,California
Imperial,2021-01-02,4,1740,0,889,4,851,0,0,4,1739,0,0,4,1739,California
Imperial,2021-01-03,90,1830,0,889,90,941,0,0,90,1829,0,0,90,1829,California
Imperial,2021-01-04,84,1914,4,893,80,1021,0,0,84,1913,0,0,84,1913,California
Imperial,2021-01-05,172,2086,13,906,159,1180,0,0,172,2085,0,0,172,2085,California
Imperial,2021-01-06,190,2276,25,931,165,1345,0,0,189,2273,1,1,189,2274,California
Imperial,2021-01-07,319,2595,9,940,310,1655,0,0,316,2586,3,4,316,2590,California
Imperial,2021-01-08,190,2785,50,990,140,1795,0,0,181,2758,9,13,181,2771,California
Imperial,2021-01-09,24,2809,21,1011,3,1798,0,0,24,2782,0,13,24,2795,California
Imperial,2021-01-10,1,2810,0,1011,1,1799,0,0,1,2783,0,13,1,2796,California
Imperial,2021-01-11,402,3212,244,1255,158,1957,0,0,174,2729,228,241,174,2970,California
Imperial,2021-01-12,404,3616,301,1556,103,2060,0,0,142,2610,261,502,142,3112,California
Imperial,2021-01-13,379,3995,131,1687,248,2308,0,0,280,2791,99,601,280,3392,California
Imperial,2021-01-14,259,4254,151,1838,108,2416,0,0,253,3039,5,606,253,3645,California
Imperial,2021-01-15,239,4493,182,2020,57,2473,0,0,232,3264,7,613,232,3877,California
Imperial,2021-01-16,76,4569,72,2092,4,2477,0,0,75,3338,1,614,75,3952,California
Imperial,2021-01-17,8,4577,2,2094,6,2483,0,0,8,3346,0,614,8,3960,California
Imperial,2021-01-18,1057,5634,402,2496,655,3138,0,0,958,4206,99,713,959,4919,California
Imperial,2021-01-19,164,5798,128,2624,36,3174,0,0,117,4276,47,760,117,5036,California
Imperial,2021-01-20,290,6088,194,2818,96,3270,0,0,252,4490,38,798,252,5288,California
Imperial,2021-01-21,414,6502,183,3001,231,3501,0,0,394,4864,20,818,394,5682,California
Imperial,2021-01-22,456,6958,189,3190,267,3768,0,0,447,5302,9,827,447,6129,California
Imperial,2021-01-23,1041,7999,290,3480,751,4519,0,0,1040,6341,1,828,1040,7169,California
Imperial,2021-01-24,10,8009,3,3483,7,4526,0,0,10,6351,0,828,10,7179,California
Imperial,2021-01-25,213,8222,5,3488,208,4734,0,0,34,6207,178,1006,34,7213,California
Imperial,2021-01-26,359,8581,184,3672,175,4909,0,0,216,6280,143,1149,216,7429,California
Imperial,2021-01-27,571,9152,163,3835,408,5317,0,0,238,6185,333,1482,238,7667,California
Imperial,2021-01-28,632,9784,159,3994,473,5790,0,0,525,6603,107,1589,525,8192,California
Imperial,2021-01-29,420,10204,294,4288,126,5916,0,0,371,6925,49,1638,371,8563,California
Imperial,2021-01-30,55,10259,30,4318,25,5941,0,0,38,6946,17,1655,38,8601,California
Imperial,2021-01-31,16,10275,6,4324,10,5951,0,0,15,6960,1,1656,15,8616,California
Imperial,2021-02-01,419,10694,54,4378,365,6316,0,0,209,6960,209,1865,209,8825,California
Imperial,2021-02-02,677,11371,54,4432,623,6939,0,0,496,7275,181,2046,496,9321,California
Imperial,2021-02-03,459,11830,50,4482,409,7348,0,0,266,7349,192,2238,266,9587,California
Imperial,2021-02-04,1718,13548,1199,5681,519,7867,0,0,1405,8442,312,2550,1405,10992,California
Imperial,2021-02-05,389,13937,241,5922,148,8015,0,0,153,8361,234,2784,153,11145,California
Imperial,2021-02-06,862,14799,839,6761,23,8038,0,0,825,9150,36,2820,825,11970,California
Imperial,2021-02-07,23,14822,11,6772,12,8050,0,0,22,9171,1,2821,22,11992,California
Imperial,2021-02-08,251,15073,42,6814,209,8259,0,0,183,9286,68,2889,183,12175,California
Imperial,2021-02-09,463,15536,146,6960,317,8576,0,0,306,9435,157,3046,306,12481,California
Imperial,2021-02-10,382,15918,53,7013,329,8905,0,0,94,9242,288,3334,95,12576,California
Imperial,2021-02-11,458,16376,257,7270,201,9106,0,0,89,8962,369,3703,89,12665,California
Imperial,2021-02-12,2116,18492,1406,8676,710,9816,0,0,1764,10375,351,4054,1764,14429,California
Imperial,2021-02-13,41,18533,18,8694,23,9839,0,0,34,10403,7,4061,35,14464,California
Imperial,2021-02-14,23,18556,12,8706,11,9850,0,0,21,10422,2,4063,21,14485,California
Imperial,2021-02-15,30,18586,11,8717,19,9869,0,0,23,10438,7,4070,23,14508,California
Imperial,2021-02-16,515,19101,268,8985,247,10116,0,0,295,10513,220,4290,295,14803,California
Imperial,2021-02-17,440,19541,286,9271,154,10270,0,0,85,10243,355,4645,85,14888,California
Imperial,2021-02-18,649,20190,313,9584,336,10606,0,0,145,9885,503,5148,145,15033,California
Imperial,2021-02-19,764,20954,381,9965,383,10989,0,0,191,9504,572,5720,191,15224,California
Imperial,2021-02-20,1044,21998,196,10161,848,11837,0,0,330,9123,713,6433,332,15556,California
Imperial,2021-02-21,590,22588,556,10717,34,11871,0,0,579,9692,10,6443,579,16135,California
Imperial,2021-02-22,808,23396,569,11286,239,12110,0,0,758,10400,50,6493,758,16893,California
Imperial,2021-02-23,938,24334,377,11663,561,12671,0,0,888,11238,50,6543,888,17781,California
Imperial,2021-02-24,708,25042,293,11956,415,13086,0,0,611,11753,96,6639,611,18392,California
Imperial,2021-02-25,816,25858,340,12296,476,13562,0,0,451,11845,364,7003,456,18848,California
Imperial,2021-02-26,1768,27626,1373,13669,395,13957,0,0,1595,13269,171,7174,1595,20443,California
Imperial,2021-02-27,917,28543,869,14538,48,14005,0,0,179,12711,738,7912,180,20623,California
Imperial,2021-02-28,75,28618,66,14604,9,14014,0,0,66,12768,9,7921,66,20689,California
Imperial,2021-03-01,508,29126,312,14916,196,14210,0,0,446,13155,60,7981,447,21136,California
Imperial,2021-03-02,689,29815,264,15180,425,14635,0,0,401,13271,288,8269,404,21540,California
Imperial,2021-03-03,919,30734,45,15225,873,15508,1,1,550,13467,366,8635,562,22102,California
Imperial,2021-03-04,761,31495,93,15318,668,16176,0,1,501,13739,258,8893,530,22632,California
Imperial,2021-03-05,2573,34068,1944,17262,629,16805,0,1,1250,13671,1320,10213,1252,23884,California
Imperial,2021-03-06,688,34756,238,17500,450,17255,0,1,645,14281,40,10253,650,24534,California
Imperial,2021-03-07,74,34830,43,17543,31,17286,0,1,54,14316,20,10273,55,24589,California
Imperial,2021-03-08,413,35243,333,17876,47,17333,33,34,363,14662,50,10323,396,24985,California
Imperial,2021-03-09,686,35929,316,18192,122,17455,248,282,400,15025,286,10609,649,25634,California
Imperial,2021-03-10,678,36607,311,18503,263,17718,104,386,313,15079,364,10973,418,26052,California
Imperial,2021-03-11,1781,38388,476,18979,1112,18830,193,579,1183,15867,599,11572,1387,27439,California
Imperial,2021-03-12,3691,42079,2536,21515,973,19803,182,761,2106,16575,1581,13153,2289,29728,California
Imperial,2021-03-13,1092,43171,87,21602,782,20585,223,984,814,17339,276,13429,1040,30768,California
Imperial,2021-03-14,123,43294,29,21631,82,20667,12,996,97,17423,26,13455,110,30878,California
Imperial,2021-03-15,672,43966,216,21847,197,20864,259,1255,377,17765,294,13749,636,31514,California
Imperial,2021-03-16,1064,45030,274,22121,337,21201,453,1708,528,18211,535,14284,981,32495,California
Imperial,2021-03-17,1545,46575,662,22783,747,21948,136,1844,970,18746,572,14856,1107,33602,California
Imperial,2021-03-18,1774,48349,1175,23958,539,22487,60,1904,1246,19529,526,15382,1309,34911,California
Imperial,2021-03-19,3338,51687,2444,26402,890,23377,4,1908,1502,19207,1829,17211,1507,36418,California
Imperial,2021-03-20,860,52547,551,26953,304,23681,5,1913,417,19195,440,17651,428,36846,California
Imperial,2021-03-21,215,52762,33,26986,178,23859,4,1917,157,19301,58,17709,164,37010,California
Imperial,2021-03-22,1021,53783,316,27302,698,24557,7,1924,603,19495,417,18126,611,37621,California
Imperial,2021-03-23,1378,55161,405,27707,968,25525,5,1929,884,19894,492,18618,891,38512,California
Imperial,2021-03-24,1868,57029,539,28246,903,26428,426,2355,897,20249,970,19588,1325,39837,California
Imperial,2021-03-25,2645,59674,496,28742,868,27296,1281,3636,993,20871,1651,21239,2273,42110,California
Imperial,2021-03-26,2287,61961,765,29507,652,27948,870,4506,743,20947,1538,22777,1614,43724,California
Imperial,2021-03-27,571,62532,261,29768,259,28207,51,4557,414,21258,154,22931,465,44189,California
Imperial,2021-03-28,206,62738,50,29818,154,28361,2,4559,171,21396,35,22966,173,44362,California
Imperial,2021-03-29,1047,63785,345,30163,388,28749,314,4873,311,21288,734,23700,626,44988,California
Imperial,2021-03-30,1394,65179,678,30841,580,29329,136,5009,665,21362,729,24429,803,45791,California
Imperial,2021-03-31,1503,66682,709,31550,788,30117,6,5015,1000,21866,502,24931,1006,46797,California
Imperial,2021-04-01,1609,68291,327,31877,1041,31158,241,5256,755,22011,851,25782,996,47793,California
Imperial,2021-04-02,1213,69504,443,32320,698,31856,72,5328,705,22280,507,26289,776,48569,California
Imperial,2021-04-03,1415,70919,404,32724,986,32842,25,5353,668,22230,743,27032,693,49262,California
Imperial,2021-04-04,82,71001,39,32763,27,32869,16,5369,26,22216,56,27088,42,49304,California
Imperial,2021-04-05,1625,72626,856,33619,715,33584,54,5423,332,21315,1287,28375,386,49690,California
Imperial,2021-04-06,1042,73668,505,34124,504,34088,33,5456,638,21587,401,28776,673,50363,California
Imperial,2021-04-07,1303,74971,319,34443,787,34875,197,5653,1065,22616,234,29010,1263,51626,California
Inyo,2020-12-19,85,85,85,85,0,0,0,0,85,85,0,0,85,85,California
Inyo,2020-12-20,58,143,58,143,0,0,0,0,58,143,0,0,58,143,California
Inyo,2020-12-21,88,231,85,228,3,3,0,0,88,231,0,0,88,231,California
Inyo,2020-12-22,105,336,105,333,0,3,0,0,105,336,0,0,105,336,California
Inyo,2020-12-23,70,406,67,400,3,6,0,0,70,406,0,0,70,406,California
Inyo,2020-12-24,16,422,16,416,0,6,0,0,16,422,0,0,16,422,California
Inyo,2020-12-25,1,423,0,416,1,7,0,0,1,423,0,0,1,423,California
Inyo,2020-12-26,74,497,74,490,0,7,0,0,74,497,0,0,74,497,California
Inyo,2020-12-28,48,545,36,526,12,19,0,0,48,545,0,0,48,545,California
Inyo,2020-12-29,20,565,20,546,0,19,0,0,20,565,0,0,20,565,California
Inyo,2020-12-30,56,621,54,600,2,21,0,0,56,621,0,0,56,621,California
Inyo,2020-12-31,29,650,0,600,29,50,0,0,29,650,0,0,29,650,California
Inyo,2021-01-01,1,651,0,600,1,51,0,0,1,651,0,0,1,651,California
Inyo,2021-01-03,1,652,0,600,1,52,0,0,1,652,0,0,1,652,California
Inyo,2021-01-04,1,653,1,601,0,52,0,0,1,653,0,0,1,653,California
Inyo,2021-01-05,34,687,0,601,34,86,0,0,34,687,0,0,34,687,California
Inyo,2021-01-06,68,755,0,601,68,154,0,0,68,755,0,0,68,755,California
Inyo,2021-01-07,31,786,1,602,30,184,0,0,31,786,0,0,31,786,California
Inyo,2021-01-08,9,795,8,610,1,185,0,0,4,786,5,5,5,791,California
Inyo,2021-01-09,87,882,86,696,1,186,0,0,1,701,86,91,1,792,California
Inyo,2021-01-10,52,934,52,748,0,186,0,0,0,649,52,143,0,792,California
Inyo,2021-01-11,97,1031,82,830,15,201,0,0,16,584,81,224,16,808,California
Inyo,2021-01-12,139,1170,118,948,21,222,0,0,28,501,111,335,28,836,California
Inyo,2021-01-13,86,1256,68,1016,18,240,0,0,21,458,65,400,22,858,California
Inyo,2021-01-14,59,1315,13,1029,46,286,0,0,49,497,10,410,49,907,California
Inyo,2021-01-15,162,1477,28,1057,134,420,0,0,162,659,0,410,162,1069,California
Inyo,2021-01-16,74,1551,73,1130,1,421,0,0,1,587,73,483,1,1070,California
Inyo,2021-01-18,58,1609,36,1166,22,443,0,0,19,567,39,522,19,1089,California
Inyo,2021-01-19,116,1725,73,1239,43,486,0,0,100,651,16,538,100,1189,California
Inyo,2021-01-20,144,1869,69,1308,75,561,0,0,90,687,54,592,90,1279,California
Inyo,2021-01-21,120,1989,57,1365,63,624,0,0,119,805,1,593,119,1398,California
Inyo,2021-01-22,62,2051,0,1365,62,686,0,0,61,865,1,594,61,1459,California
Inyo,2021-01-23,52,2103,52,1417,0,686,0,0,52,917,0,594,52,1511,California
Inyo,2021-01-25,49,2152,6,1423,43,729,0,0,37,942,12,606,37,1548,California
Inyo,2021-01-26,133,2285,51,1474,82,811,0,0,127,1063,6,612,127,1675,California
Inyo,2021-01-27,23,2308,2,1476,21,832,0,0,22,1084,1,613,22,1697,California
Inyo,2021-01-28,92,2400,2,1478,90,922,0,0,63,1118,29,642,63,1760,California
Inyo,2021-01-29,25,2425,3,1481,22,944,0,0,23,1139,2,644,23,1783,California
Inyo,2021-01-30,11,2436,1,1482,10,954,0,0,11,1150,0,644,11,1794,California
Inyo,2021-01-31,32,2468,4,1486,28,982,0,0,4,1126,28,672,4,1798,California
Inyo,2021-02-01,11,2479,9,1495,2,984,0,0,1,1117,10,682,1,1799,California
Inyo,2021-02-02,130,2609,15,1510,115,1099,0,0,104,1195,26,708,104,1903,California
Inyo,2021-02-03,116,2725,0,1510,116,1215,0,0,74,1227,42,750,74,1977,California
Inyo,2021-02-04,149,2874,31,1541,118,1333,0,0,90,1258,59,809,90,2067,California
Inyo,2021-02-05,118,2992,62,1603,56,1389,0,0,116,1372,2,811,116,2183,California
Inyo,2021-02-06,4,2996,2,1605,2,1391,0,0,3,1374,1,812,3,2186,California
Inyo,2021-02-07,4,3000,2,1607,2,1393,0,0,4,1378,0,812,4,2190,California
Inyo,2021-02-08,117,3117,7,1614,110,1503,0,0,97,1455,20,832,97,2287,California
Inyo,2021-02-09,193,3310,51,1665,142,1645,0,0,122,1506,71,903,122,2409,California
Inyo,2021-02-10,143,3453,17,1682,126,1771,0,0,109,1581,34,937,109,2518,California
Inyo,2021-02-11,219,3672,56,1738,163,1934,0,0,125,1612,94,1031,125,2643,California
Inyo,2021-02-12,299,3971,52,1790,247,2181,0,0,168,1649,131,1162,168,2811,California
Inyo,2021-02-13,60,4031,55,1845,5,2186,0,0,8,1605,52,1214,8,2819,California
Inyo,2021-02-14,1,4032,0,1845,1,2187,0,0,1,1606,0,1214,1,2820,California
Inyo,2021-02-15,29,4061,9,1854,20,2207,0,0,5,1587,24,1238,5,2825,California
Inyo,2021-02-16,180,4241,49,1903,131,2338,0,0,93,1593,87,1325,93,2918,California
Inyo,2021-02-17,37,4278,4,1907,33,2371,0,0,7,1570,30,1355,7,2925,California
Inyo,2021-02-18,121,4399,5,1912,116,2487,0,0,78,1605,43,1398,78,3003,California
Inyo,2021-02-19,52,4451,4,1916,48,2535,0,0,9,1571,43,1441,9,3012,California
Inyo,2021-02-20,503,4954,499,2415,4,2539,0,0,501,2070,2,1443,501,3513,California
Inyo,2021-02-21,267,5221,267,2682,0,2539,0,0,267,2337,0,1443,267,3780,California
Inyo,2021-02-22,61,5282,19,2701,42,2581,0,0,27,2330,34,1477,27,3807,California
Inyo,2021-02-23,197,5479,20,2721,177,2758,0,0,94,2322,102,1579,94,3901,California
Inyo,2021-02-24,116,5595,0,2721,116,2874,0,0,57,2320,59,1638,57,3958,California
Inyo,2021-02-25,131,5726,3,2724,128,3002,0,0,63,2315,68,1706,63,4021,California
Inyo,2021-02-26,104,5830,61,2785,43,3045,0,0,19,2249,85,1791,19,4040,California
Inyo,2021-02-27,15,5845,4,2789,11,3056,0,0,3,2240,12,1803,3,4043,California
Inyo,2021-02-28,3,5848,1,2790,2,3058,0,0,2,2241,1,1804,2,4045,California
Inyo,2021-03-01,20,5868,2,2792,18,3076,0,0,17,2255,3,1807,17,4062,California
Inyo,2021-03-02,191,6059,1,2793,190,3266,0,0,108,2280,83,1890,108,4170,California
Inyo,2021-03-03,84,6143,3,2796,81,3347,0,0,41,2278,43,1933,41,4211,California
Inyo,2021-03-04,127,6270,4,2800,123,3470,0,0,46,2243,81,2014,46,4257,California
Inyo,2021-03-05,142,6412,57,2857,85,3555,0,0,38,2177,104,2118,38,4295,California
Inyo,2021-03-06,31,6443,1,2858,30,3585,0,0,30,2206,1,2119,30,4325,California
Inyo,2021-03-07,7,6450,4,2862,3,3588,0,0,5,2209,2,2121,5,4330,California
Inyo,2021-03-08,181,6631,5,2867,176,3764,0,0,91,2210,90,2211,91,4421,California
Inyo,2021-03-09,185,6816,2,2869,183,3947,0,0,70,2165,115,2326,70,4491,California
Inyo,2021-03-10,69,6885,8,2877,60,4007,1,1,30,2157,39,2365,31,4522,California
Inyo,2021-03-11,203,7088,1,2878,197,4204,5,6,73,2106,129,2494,78,4600,California
Inyo,2021-03-12,172,7260,4,2882,163,4367,5,11,75,2089,97,2591,80,4680,California
Inyo,2021-03-13,575,7835,540,3422,25,4392,10,21,77,1679,497,3088,87,4767,California
Inyo,2021-03-14,431,8266,429,3851,2,4394,0,21,168,1585,262,3350,168,4935,California
Inyo,2021-03-15,51,8317,15,3866,34,4428,2,23,30,1596,21,3371,32,4967,California
Inyo,2021-03-16,163,8480,3,3869,154,4582,6,29,62,1564,100,3471,68,5035,California
Inyo,2021-03-17,107,8587,3,3872,97,4679,7,36,92,1648,15,3486,99,5134,California
Inyo,2021-03-18,182,8769,14,3886,161,4840,7,43,102,1677,80,3566,109,5243,California
Inyo,2021-03-19,45,8814,3,3889,38,4878,4,47,35,1706,10,3576,39,5282,California
Inyo,2021-03-20,21,8835,1,3890,11,4889,9,56,2,1698,19,3595,11,5293,California
Inyo,2021-03-22,60,8895,2,3892,53,4942,5,61,40,1723,20,3615,45,5338,California
Inyo,2021-03-23,189,9084,4,3896,181,5123,4,65,100,1738,89,3704,104,5442,California
Inyo,2021-03-24,137,9221,3,3899,130,5253,4,69,85,1775,52,3756,89,5531,California
Inyo,2021-03-25,324,9545,104,4003,216,5469,4,73,259,1973,65,3821,263,5794,California
Inyo,2021-03-26,90,9635,2,4005,84,5553,4,77,70,2027,20,3841,74,5868,California
Inyo,2021-03-27,51,9686,44,4049,4,5557,3,80,45,2069,6,3847,48,5916,California
Inyo,2021-03-28,4,9690,1,4050,2,5559,1,81,1,2068,3,3850,2,5918,California
Inyo,2021-03-29,109,9799,2,4052,102,5661,5,86,82,2129,26,3876,87,6005,California
Inyo,2021-03-30,209,10008,3,4055,201,5862,5,91,102,2129,107,3983,107,6112,California
Inyo,2021-03-31,144,10152,4,4059,135,5997,5,96,104,2198,40,4023,109,6221,California
Inyo,2021-04-01,159,10311,5,4064,153,6150,1,97,110,2260,49,4072,111,6332,California
Inyo,2021-04-02,81,10392,1,4065,78,6228,2,99,52,2285,29,4101,54,6386,California
Inyo,2021-04-03,94,10486,46,4111,34,6262,14,113,6,2218,86,4187,19,6405,California
Inyo,2021-04-04,5,10491,4,4115,0,6262,1,114,1,2216,4,4191,2,6407,California
Inyo,2021-04-05,117,10608,1,4116,112,6374,4,118,29,2161,88,4279,33,6440,California
Inyo,2021-04-06,195,10803,3,4119,130,6504,62,180,79,2186,116,4395,141,6581,California
Inyo,2021-04-07,132,10935,0,4119,21,6525,111,291,0,2165,132,4527,111,6692,California
Kern,2020-12-15,1,1,1,1,0,0,0,0,1,1,0,0,1,1,California
Kern,2020-12-16,19,20,19,20,0,0,0,0,19,20,0,0,19,20,California
Kern,2020-12-17,164,184,164,184,0,0,0,0,164,184,0,0,164,184,California
Kern,2020-12-18,319,503,319,503,0,0,0,0,319,503,0,0,319,503,California
Kern,2020-12-19,98,601,98,601,0,0,0,0,99,602,0,0,99,602,California
Kern,2020-12-20,61,662,61,662,0,0,0,0,61,663,0,0,61,663,California
Kern,2020-12-21,669,1331,669,1331,0,0,0,0,669,1332,0,0,669,1332,California
Kern,2020-12-22,530,1861,527,1858,3,3,0,0,530,1862,0,0,530,1862,California
Kern,2020-12-23,557,2418,418,2276,139,142,0,0,557,2419,0,0,557,2419,California
Kern,2020-12-24,122,2540,43,2319,79,221,0,0,122,2541,0,0,122,2541,California
Kern,2020-12-25,1,2541,1,2320,0,221,0,0,1,2542,0,0,1,2542,California
Kern,2020-12-26,33,2574,1,2321,32,253,0,0,33,2575,0,0,33,2575,California
Kern,2020-12-27,35,2609,3,2324,32,285,0,0,35,2610,0,0,35,2610,California
Kern,2020-12-28,824,3433,660,2984,164,449,0,0,824,3434,0,0,824,3434,California
Kern,2020-12-29,745,4178,452,3436,293,742,0,0,745,4179,0,0,745,4179,California
Kern,2020-12-30,1198,5376,907,4343,291,1033,0,0,1198,5377,0,0,1198,5377,California
Kern,2020-12-31,276,5652,98,4441,178,1211,0,0,276,5653,0,0,276,5653,California
Kern,2021-01-01,10,5662,6,4447,4,1215,0,0,10,5663,0,0,10,5663,California
Kern,2021-01-02,77,5739,18,4465,59,1274,0,0,77,5740,0,0,77,5740,California
Kern,2021-01-03,23,5762,4,4469,19,1293,0,0,23,5763,0,0,23,5763,California
Kern,2021-01-04,552,6314,359,4828,193,1486,0,0,552,6315,0,0,552,6315,California
Kern,2021-01-05,1128,7442,735,5563,393,1879,0,0,1116,7419,12,12,1116,7431,California
Kern,2021-01-06,1166,8608,455,6018,711,2590,0,0,1135,8523,31,43,1135,8566,California
Kern,2021-01-07,1403,10011,493,6511,910,3500,0,0,1234,9589,168,211,1234,9800,California
Kern,2021-01-08,1627,11638,766,7277,861,4361,0,0,1331,10623,298,509,1332,11132,California
Kern,2021-01-09,225,11863,76,7353,149,4510,0,0,191,10780,34,543,191,11323,California
Kern,2021-01-10,192,12055,146,7499,46,4556,0,0,151,10890,41,584,151,11474,California
Kern,2021-01-11,1550,13605,981,8480,569,5125,0,0,998,11336,552,1136,998,12472,California
Kern,2021-01-12,1870,15475,810,9290,1060,6185,0,0,1360,12186,510,1646,1360,13832,California
Kern,2021-01-13,1856,17331,867,10157,989,7174,0,0,1434,13198,422,2068,1434,15266,California
Kern,2021-01-14,2178,19509,645,10802,1533,8707,0,0,2133,15285,46,2114,2133,17399,California
Kern,2021-01-15,2702,22211,858,11660,1844,10551,0,0,2604,17795,95,2209,2605,20004,California
Kern,2021-01-16,668,22879,212,11872,456,11007,0,0,634,18395,34,2243,634,20638,California
Kern,2021-01-17,72,22951,7,11879,65,11072,0,0,70,18463,2,2245,70,20708,California
Kern,2021-01-18,1641,24592,658,12537,983,12055,0,0,1472,19766,169,2414,1472,22180,California
Kern,2021-01-19,1847,26439,1027,13564,820,12875,0,0,1380,20679,467,2881,1380,23560,California
Kern,2021-01-20,2440,28879,1508,15072,932,13807,0,0,1816,21878,619,3500,1818,25378,California
Kern,2021-01-21,2160,31039,916,15988,1244,15051,0,0,1966,23651,193,3693,1966,27344,California
Kern,2021-01-22,2707,33746,1290,17278,1417,16468,0,0,2432,25809,274,3967,2432,29776,California
Kern,2021-01-23,1245,34991,533,17811,712,17180,0,0,1199,26962,46,4013,1199,30975,California
Kern,2021-01-24,159,35150,19,17830,140,17320,0,0,154,27111,5,4018,154,31129,California
Kern,2021-01-25,2374,37524,1079,18909,1295,18615,0,0,1892,28523,481,4499,1893,33022,California
Kern,2021-01-26,2749,40273,1114,20023,1635,20250,0,0,1898,29571,850,5349,1898,34920,California
Kern,2021-01-27,3549,43822,1896,21919,1653,21903,0,0,2852,31728,695,6044,2852,37772,California
Kern,2021-01-28,2855,46677,1347,23266,1508,23411,0,0,2425,33730,426,6470,2428,40200,California
Kern,2021-01-29,3767,50444,1799,25065,1968,25379,0,0,3228,36422,536,7006,3228,43428,California
Kern,2021-01-30,1321,51765,496,25561,825,26204,0,0,1274,37651,45,7051,1274,44702,California
Kern,2021-01-31,403,52168,277,25838,126,26330,0,0,269,37786,134,7185,269,44971,California
Kern,2021-02-01,2402,54570,813,26651,1589,27919,0,0,1854,39095,546,7731,1855,46826,California
Kern,2021-02-02,2916,57486,972,27623,1944,29863,0,0,2056,40292,860,8591,2057,48883,California
Kern,2021-02-03,3652,61138,1548,29171,2104,31967,0,0,2686,42019,959,9550,2686,51569,California
Kern,2021-02-04,3793,64931,1447,30618,2346,34313,0,0,2581,43399,1201,10751,2581,54150,California
Kern,2021-02-05,4845,69776,1989,32607,2856,37169,0,0,3088,44749,1738,12489,3088,57238,California
Kern,2021-02-06,1734,71510,765,33372,969,38138,0,0,1511,46040,220,12709,1511,58749,California
Kern,2021-02-07,283,71793,150,33522,133,38271,0,0,267,46293,14,12723,267,59016,California
Kern,2021-02-08,2559,74352,788,34310,1771,40042,0,0,1257,46266,1284,14007,1257,60273,California
Kern,2021-02-09,3021,77373,982,35292,2039,42081,0,0,1465,46182,1549,15556,1465,61738,California
Kern,2021-02-10,3778,81151,1653,36945,2125,44206,0,0,1893,46207,1869,17425,1894,63632,California
Kern,2021-02-11,4250,85401,1537,38482,2713,46919,0,0,2231,46432,2006,19431,2231,65863,California
Kern,2021-02-12,4948,90349,1891,40373,3057,49976,0,0,2481,46460,2453,21884,2481,68344,California
Kern,2021-02-13,2004,92353,724,41097,1280,51256,0,0,1164,46786,838,22722,1164,69508,California
Kern,2021-02-14,350,92703,13,41110,337,51593,0,0,269,46975,80,22802,269,69777,California
Kern,2021-02-15,2721,95424,882,41992,1839,53432,0,0,1201,46664,1512,24314,1201,70978,California
Kern,2021-02-16,2945,98369,719,42711,2226,55658,0,0,1660,47050,1275,25589,1661,72639,California
Kern,2021-02-17,4055,102424,2070,44781,1985,57643,0,0,1930,46861,2120,27709,1931,74570,California
Kern,2021-02-18,3744,106168,1470,46251,2274,59917,0,0,1619,46368,2112,29821,1619,76189,California
Kern,2021-02-19,4191,110359,1916,48167,2275,62192,0,0,1737,45659,2447,32268,1738,77927,California
Kern,2021-02-20,2569,112928,968,49135,1601,63793,0,0,1338,45769,1228,33496,1338,79265,California
Kern,2021-02-21,228,113156,122,49257,106,63899,0,0,81,45705,145,33641,81,79346,California
Kern,2021-02-22,2629,115785,1122,50379,1507,65406,0,0,1422,45925,1202,34843,1422,80768,California
Kern,2021-02-23,3529,119314,1116,51495,2413,67819,0,0,1972,46342,1555,36398,1972,82740,California
Kern,2021-02-24,5152,124466,2265,53760,2887,70706,0,0,3072,47338,2076,38474,3072,85812,California
Kern,2021-02-25,5344,129810,2443,56203,2901,73607,0,0,3170,48352,2156,40630,3170,88982,California
Kern,2021-02-26,6879,136689,3517,59720,3362,76969,0,0,4356,50191,2518,43148,4357,93339,California
Kern,2021-02-27,3845,140534,1888,61608,1957,78926,0,0,2512,51378,1325,44473,2512,95851,California
Kern,2021-02-28,907,141441,498,62106,409,79335,0,0,692,51857,213,44686,692,96543,California
Kern,2021-03-01,3968,145409,1801,63907,2167,81502,0,0,2683,53260,1280,45966,2683,99226,California
Kern,2021-03-02,4348,149757,1367,65274,2980,84482,1,1,2851,54623,1488,47454,2851,102077,California
Kern,2021-03-03,5660,155417,2657,67931,3003,87485,0,1,3593,56164,2053,49507,3594,105671,California
Kern,2021-03-04,5500,160917,2118,70049,3380,90865,2,3,3513,57704,1974,51481,3514,109185,California
Kern,2021-03-05,6425,167342,2647,72696,3761,94626,17,20,4014,59331,2404,53885,4031,113216,California
Kern,2021-03-06,4609,171951,1879,74575,2635,97261,95,115,3364,61555,1236,55121,3460,116676,California
Kern,2021-03-07,2035,173986,1583,76158,407,97668,45,160,1848,63262,186,55307,1893,118569,California
Kern,2021-03-08,2761,176747,850,77008,1699,99367,212,372,1432,63578,1326,56633,1642,120211,California
Kern,2021-03-09,3472,180219,754,77762,2385,101752,333,705,2132,64706,1336,57969,2464,122675,California
Kern,2021-03-10,5938,186157,2458,80220,2475,104227,1005,1710,3488,66761,2438,60407,4493,127168,California
Kern,2021-03-11,6235,192392,2390,82610,2834,107061,1011,2721,3711,68966,2516,62923,4721,131889,California
Kern,2021-03-12,7449,199841,2889,85499,3233,110294,1327,4048,4093,71036,3346,66269,5416,137305,California
Kern,2021-03-13,4237,204078,2289,87788,1623,111917,325,4373,2919,72962,1314,67583,3240,140545,California
Kern,2021-03-14,2121,206199,1397,89185,484,112401,240,4613,1687,74456,433,68016,1927,142472,California
Kern,2021-03-15,4119,210318,1037,90222,2392,114793,690,5303,2126,75285,1985,70001,2814,145286,California
Kern,2021-03-16,4264,214582,986,91208,2763,117556,515,5818,2301,76146,1952,71953,2813,148099,California
Kern,2021-03-17,7093,221675,3751,94959,2827,120383,515,6333,4229,78036,2852,74805,4742,152841,California
Kern,2021-03-18,6914,228589,3351,98310,2989,123372,574,6907,4100,79913,2796,77601,4673,157514,California
Kern,2021-03-19,8576,237165,4650,102960,3278,126650,648,7555,4422,80842,4141,81742,5070,162584,California
Kern,2021-03-20,5812,242977,3480,106440,2158,128808,174,7729,3784,82783,2018,83760,3959,166543,California
Kern,2021-03-21,2854,245831,1738,108178,241,129049,875,8604,1687,84185,1161,84921,2563,169106,California
Kern,2021-03-22,3901,249732,1519,109697,2025,131074,357,8961,1892,84431,2003,86924,2249,171355,California
Kern,2021-03-23,4542,254274,1587,111284,2779,133853,176,9137,2432,84958,2080,89004,2607,173962,California
Kern,2021-03-24,6926,261200,3492,114776,2970,136823,464,9601,3641,85791,3272,92276,4105,178067,California
Kern,2021-03-25,6566,267766,2860,117636,3386,140209,320,9921,3285,86128,3268,95544,3605,181672,California
Kern,2021-03-26,9307,277073,4129,121765,3998,144207,1180,11101,4656,87335,4630,100174,5837,187509,California
Kern,2021-03-27,5402,282475,3712,125477,1573,145780,117,11218,3319,88696,2075,102249,3436,190945,California
Kern,2021-03-28,4128,286603,3647,129124,467,146247,14,11232,2587,89762,1535,103784,2601,193546,California
Kern,2021-03-29,4160,290763,1620,130744,2261,148508,279,11511,2603,91098,1545,105329,2881,196427,California
Kern,2021-03-30,5408,296171,1797,132541,3306,151814,305,11816,3081,92162,2320,107649,3384,199811,California
Kern,2021-03-31,7967,304138,4148,136689,3174,154988,645,12461,4213,93280,3740,111389,4858,204669,California
Kern,2021-04-01,7509,311647,3581,140270,3632,158620,296,12757,4048,94177,3444,114833,4341,209010,California
Kern,2021-04-02,8072,319719,4169,144439,3303,161923,600,13357,4083,94884,3973,118806,4680,213690,California
Kern,2021-04-03,5401,325120,3354,147793,1869,163792,178,13535,2551,94770,2842,121648,2728,216418,California
Kern,2021-04-04,1220,326340,764,148557,372,164164,84,13619,450,94535,769,122417,534,216952,California
Kern,2021-04-05,5141,331481,2152,150709,2280,166444,709,14328,2812,95735,2319,124736,3519,220471,California
Kern,2021-04-06,5744,337225,2197,152906,2801,169245,746,15074,3402,97554,2330,127066,4149,224620,California
Kern,2021-04-07,5511,342736,3254,156160,1773,171018,484,15558,2727,97989,2777,129843,3212,227832,California
Kings,2020-12-16,1,1,1,1,0,0,0,0,1,1,0,0,1,1,California
Kings,2020-12-17,8,9,8,9,0,0,0,0,8,9,0,0,8,9,California
Kings,2020-12-18,12,21,12,21,0,0,0,0,12,21,0,0,12,21,California
Kings,2020-12-19,11,32,11,32,0,0,0,0,11,32,0,0,11,32,California
Kings,2020-12-20,13,45,13,45,0,0,0,0,13,45,0,0,13,45,California
Kings,2020-12-21,155,200,155,200,0,0,0,0,271,316,0,0,271,316,California
Kings,2020-12-22,143,343,143,343,0,0,0,0,140,456,0,0,140,456,California
Kings,2020-12-23,134,477,122,465,12,12,0,0,135,591,0,0,135,591,California
Kings,2020-12-24,11,488,9,474,2,14,0,0,11,602,0,0,11,602,California
Kings,2020-12-26,7,495,4,478,3,17,0,0,7,609,0,0,7,609,California
Kings,2020-12-27,4,499,4,482,0,17,0,0,4,613,0,0,4,613,California
Kings,2020-12-28,131,630,103,585,28,45,0,0,132,745,0,0,132,745,California
Kings,2020-12-29,78,708,51,636,27,72,0,0,79,824,0,0,79,824,California
Kings,2020-12-30,147,855,108,744,39,111,0,0,147,971,0,0,147,971,California
Kings,2020-12-31,43,898,6,750,37,148,0,0,43,1014,0,0,43,1014,California
Kings,2021-01-01,1,899,0,750,1,149,0,0,1,1015,0,0,1,1015,California
Kings,2021-01-02,10,909,9,759,1,150,0,0,10,1025,0,0,10,1025,California
Kings,2021-01-04,112,1021,41,800,71,221,0,0,112,1137,0,0,112,1137,California
Kings,2021-01-05,197,1218,39,839,158,379,0,0,197,1334,0,0,197,1334,California
Kings,2021-01-06,276,1494,177,1016,99,478,0,0,273,1604,3,3,273,1607,California
Kings,2021-01-07,178,1672,81,1097,97,575,0,0,170,1766,8,11,170,1777,California
Kings,2021-01-08,247,1919,54,1151,193,768,0,0,228,1975,19,30,228,2005,California
Kings,2021-01-09,63,1982,9,1160,54,822,0,0,55,2022,8,38,55,2060,California
Kings,2021-01-10,15,1997,3,1163,12,834,0,0,12,2031,3,41,12,2072,California
Kings,2021-01-11,518,2515,356,1519,162,996,0,0,274,2062,244,285,275,2347,California
Kings,2021-01-12,349,2864,252,1771,97,1093,0,0,215,2146,131,416,215,2562,California
Kings,2021-01-13,413,3277,266,2037,147,1240,0,0,322,2377,91,507,322,2884,California
Kings,2021-01-14,208,3485,31,2068,177,1417,0,0,198,2555,21,528,199,3083,California
Kings,2021-01-15,413,3898,28,2096,385,1802,0,0,401,2944,12,540,401,3484,California
Kings,2021-01-16,31,3929,12,2108,19,1821,0,0,30,2973,1,541,30,3514,California
Kings,2021-01-17,8,3937,5,2113,3,1824,0,0,6,2977,2,543,6,3520,California
Kings,2021-01-18,172,4109,40,2153,132,1956,0,0,146,3097,26,569,146,3666,California
Kings,2021-01-19,376,4485,158,2311,218,2174,0,0,248,3217,128,697,248,3914,California
Kings,2021-01-20,225,4710,135,2446,90,2264,0,0,120,3236,101,798,120,4034,California
Kings,2021-01-21,185,4895,32,2478,153,2417,0,0,171,3391,16,814,171,4205,California
Kings,2021-01-22,125,5020,38,2516,87,2504,0,0,125,3511,5,819,125,4330,California
Kings,2021-01-23,26,5046,14,2530,12,2516,0,0,20,3525,6,825,20,4350,California
Kings,2021-01-24,3,5049,3,2533,0,2516,0,0,1,3524,2,827,1,4351,California
Kings,2021-01-25,123,5172,25,2558,98,2614,0,0,90,3581,33,860,90,4441,California
Kings,2021-01-26,153,5325,34,2592,119,2733,0,0,114,3656,39,899,114,4555,California
Kings,2021-01-27,318,5643,34,2626,284,3017,0,0,248,3835,69,968,248,4803,California
Kings,2021-01-28,324,5967,46,2672,278,3295,0,0,271,4053,53,1021,271,5074,California
Kings,2021-01-29,86,6053,26,2698,60,3355,0,0,69,4105,17,1038,69,5143,California
Kings,2021-01-30,1556,7609,31,2729,1525,4880,0,0,1553,5657,3,1041,1555,6698,California
Kings,2021-02-01,199,7808,64,2793,135,5015,0,0,71,5602,126,1167,71,6769,California
Kings,2021-02-02,226,8034,14,2807,212,5227,0,0,81,5539,144,1311,81,6850,California
Kings,2021-02-03,356,8390,192,2999,164,5391,0,0,202,5588,153,1464,202,7052,California
Kings,2021-02-04,391,8781,96,3095,295,5686,0,0,196,5590,194,1658,196,7248,California
Kings,2021-02-05,254,9035,12,3107,242,5928,0,0,100,5538,152,1810,100,7348,California
Kings,2021-02-06,60,9095,10,3117,50,5978,0,0,27,5532,33,1843,27,7375,California
Kings,2021-02-07,5,9100,3,3120,2,5980,0,0,3,5533,2,1845,3,7378,California
Kings,2021-02-08,170,9270,29,3149,141,6121,0,0,69,5501,101,1946,69,7447,California
Kings,2021-02-09,252,9522,57,3206,195,6316,0,0,109,5469,141,2087,109,7556,California
Kings,2021-02-10,285,9807,113,3319,172,6488,0,0,174,5532,111,2198,174,7730,California
Kings,2021-02-11,429,10236,65,3384,364,6852,0,0,318,5740,110,2308,318,8048,California
Kings,2021-02-12,609,10845,36,3420,573,7425,0,0,341,5813,268,2576,341,8389,California
Kings,2021-02-13,102,10947,6,3426,96,7521,0,0,77,5865,25,2601,77,8466,California
Kings,2021-02-14,103,11050,5,3431,98,7619,0,0,96,5954,7,2608,96,8562,California
Kings,2021-02-15,246,11296,5,3436,241,7860,0,0,137,5983,108,2716,137,8699,California
Kings,2021-02-16,482,11778,31,3467,451,8311,0,0,249,6000,232,2948,249,8948,California
Kings,2021-02-17,378,12156,22,3489,356,8667,0,0,241,6105,137,3085,242,9190,California
Kings,2021-02-18,153,12309,23,3512,130,8797,0,0,99,6150,54,3139,99,9289,California
Kings,2021-02-19,157,12466,22,3534,135,8932,0,0,101,6198,53,3192,101,9390,California
Kings,2021-02-20,171,12637,40,3574,131,9063,0,0,134,6295,37,3229,134,9524,California
Kings,2021-02-21,2,12639,1,3575,1,9064,0,0,2,6297,0,3229,2,9526,California
Kings,2021-02-22,110,12749,19,3594,91,9155,0,0,51,6289,59,3288,51,9577,California
Kings,2021-02-23,290,13039,69,3663,221,9376,0,0,173,6345,117,3405,173,9750,California
Kings,2021-02-24,590,13629,152,3815,438,9814,0,0,378,6511,212,3617,378,10128,California
Kings,2021-02-25,662,14291,113,3928,549,10363,0,0,443,6737,217,3834,443,10571,California
Kings,2021-02-26,655,14946,130,4058,525,10888,0,0,592,7267,62,3896,592,11163,California
Kings,2021-02-27,1498,16444,62,4120,1436,12324,0,0,565,6900,932,4828,565,11728,California
Kings,2021-02-28,1169,17613,594,4714,575,12899,0,0,671,7076,495,5323,671,12399,California
Kings,2021-03-01,256,17869,77,4791,179,13078,0,0,212,7244,44,5367,212,12611,California
Kings,2021-03-02,466,18335,204,4995,262,13340,0,0,417,7613,49,5416,418,13029,California
Kings,2021-03-03,595,18930,293,5288,302,13642,0,0,410,7839,184,5600,410,13439,California
Kings,2021-03-04,709,19639,341,5629,368,14010,0,0,615,8361,94,5694,616,14055,California
Kings,2021-03-05,998,20637,348,5977,641,14651,9,9,882,9137,116,5810,892,14947,California
Kings,2021-03-06,508,21145,183,6160,312,14963,13,22,479,9600,29,5839,492,15439,California
Kings,2021-03-07,359,21504,218,6378,137,15100,4,26,351,9947,8,5847,355,15794,California
Kings,2021-03-08,347,21851,95,6473,199,15299,53,79,239,10130,108,5955,291,16085,California
Kings,2021-03-09,447,22298,172,6645,220,15519,55,134,343,10425,104,6059,399,16484,California
Kings,2021-03-10,488,22786,119,6764,278,15797,91,225,307,10642,180,6239,397,16881,California
Kings,2021-03-11,1002,23788,305,7069,587,16384,110,335,598,10948,402,6641,708,17589,California
Kings,2021-03-12,1228,25016,380,7449,759,17143,89,424,866,11544,361,7002,957,18546,California
Kings,2021-03-13,630,25646,328,7777,259,17402,43,467,533,12024,97,7099,577,19123,California
Kings,2021-03-14,590,26236,74,7851,138,17540,378,845,168,12148,422,7521,546,19669,California
Kings,2021-03-15,598,26834,172,8023,311,17851,115,960,362,12392,235,7756,479,20148,California
Kings,2021-03-16,1039,27873,437,8460,541,18392,61,1021,705,12826,332,8088,766,20914,California
Kings,2021-03-17,1082,28955,416,8876,605,18997,61,1082,768,13348,314,8402,836,21750,California
Kings,2021-03-18,1083,30038,465,9341,398,19395,220,1302,754,13997,328,8730,977,22727,California
Kings,2021-03-19,926,30964,467,9808,374,19769,85,1387,709,14587,217,8947,807,23534,California
Kings,2021-03-20,622,31586,253,10061,339,20108,30,1417,450,14904,170,9117,487,24021,California
Kings,2021-03-21,1376,32962,1088,11149,277,20385,11,1428,823,15185,553,9670,834,24855,California
Kings,2021-03-22,446,33408,201,11350,162,20547,83,1511,275,15376,171,9841,362,25217,California
Kings,2021-03-23,879,34287,488,11838,332,20879,59,1570,567,15695,310,10151,629,25846,California
Kings,2021-03-24,902,35189,465,12303,414,21293,23,1593,500,15820,400,10551,525,26371,California
Kings,2021-03-25,875,36064,442,12745,408,21701,25,1618,439,15850,434,10985,464,26835,California
Kings,2021-03-26,1280,37344,375,13120,820,22521,85,1703,529,15718,746,11731,614,27449,California
Kings,2021-03-27,616,37960,246,13366,358,22879,12,1715,173,15462,441,12172,185,27634,California
Kings,2021-03-28,539,38499,468,13834,64,22943,7,1722,340,15618,199,12371,355,27989,California
Kings,2021-03-29,451,38950,196,14030,195,23138,60,1782,247,15722,202,12573,306,28295,California
Kings,2021-03-30,816,39766,445,14475,333,23471,38,1820,473,15891,342,12915,511,28806,California
Kings,2021-03-31,703,40469,364,14839,274,23745,65,1885,418,16093,281,13196,483,29289,California
Kings,2021-04-01,721,41190,349,15188,292,24037,80,1965,331,16120,384,13580,411,29700,California
Kings,2021-04-02,915,42105,407,15595,388,24425,120,2085,422,16172,489,14069,541,30241,California
Kings,2021-04-03,448,42553,309,15904,135,24560,4,2089,160,16056,282,14351,166,30407,California
Kings,2021-04-04,156,42709,82,15986,68,24628,6,2095,64,16035,91,14442,70,30477,California
Kings,2021-04-05,1033,43742,317,16303,466,25094,250,2345,259,15771,773,15215,509,30986,California
Kings,2021-04-06,1100,44842,383,16686,415,25509,302,2647,265,15505,832,16047,566,31552,California
Kings,2021-04-07,673,45515,258,16944,319,25828,96,2743,252,15433,420,16467,348,31900,California
Lake,2020-12-17,4,4,4,4,0,0,0,0,4,4,0,0,4,4,California
Lake,2020-12-18,51,55,51,55,0,0,0,0,51,55,0,0,51,55,California
Lake,2020-12-19,3,58,3,58,0,0,0,0,3,58,0,0,3,58,California
Lake,2020-12-20,6,64,6,64,0,0,0,0,6,64,0,0,6,64,California
Lake,2020-12-21,50,114,50,114,0,0,0,0,50,114,0,0,50,114,California
Lake,2020-12-22,63,177,60,174,3,3,0,0,63,177,0,0,63,177,California
Lake,2020-12-23,92,269,83,257,9,12,0,0,92,269,0,0,92,269,California
Lake,2020-12-24,2,271,0,257,2,14,0,0,2,271,0,0,2,271,California
Lake,2020-12-26,2,273,2,259,0,14,0,0,2,273,0,0,2,273,California
Lake,2020-12-27,2,275,2,261,0,14,0,0,2,275,0,0,2,275,California
Lake,2020-12-28,52,327,43,304,9,23,0,0,52,327,0,0,52,327,California
Lake,2020-12-29,14,341,9,313,5,28,0,0,14,341,0,0,14,341,California
Lake,2020-12-30,88,429,81,394,7,35,0,0,88,429,0,0,88,429,California
Lake,2020-12-31,67,496,64,458,3,38,0,0,67,496,0,0,67,496,California
Lake,2021-01-01,1,497,0,458,1,39,0,0,1,497,0,0,1,497,California
Lake,2021-01-02,2,499,1,459,1,40,0,0,2,499,0,0,2,499,California
Lake,2021-01-04,66,565,1,460,65,105,0,0,66,565,0,0,66,565,California
Lake,2021-01-05,80,645,59,519,21,126,0,0,78,641,2,2,78,643,California
Lake,2021-01-06,82,727,65,584,17,143,0,0,80,719,2,4,80,723,California
Lake,2021-01-07,69,796,48,632,21,164,0,0,65,780,4,8,65,788,California
Lake,2021-01-08,143,939,124,756,19,183,0,0,91,819,52,60,91,879,California
Lake,2021-01-09,62,1001,60,816,2,185,0,0,58,873,4,64,58,937,California
Lake,2021-01-10,3,1004,3,819,0,185,0,0,0,870,3,67,0,937,California
Lake,2021-01-11,160,1164,119,938,41,226,0,0,112,934,48,115,112,1049,California
Lake,2021-01-12,80,1244,48,986,32,258,0,0,56,966,24,139,56,1105,California
Lake,2021-01-13,125,1369,73,1059,52,310,0,0,95,1031,30,169,95,1200,California
Lake,2021-01-14,135,1504,35,1094,100,410,0,0,114,1124,21,190,114,1314,California
Lake,2021-01-15,216,1720,92,1186,124,534,0,0,189,1286,27,217,189,1503,California
Lake,2021-01-16,137,1857,83,1269,54,588,0,0,135,1419,2,219,135,1638,California
Lake,2021-01-17,18,1875,6,1275,12,600,0,0,12,1425,6,225,12,1650,California
Lake,2021-01-18,245,2120,224,1499,21,621,0,0,127,1434,118,343,127,1777,California
Lake,2021-01-19,278,2398,84,1583,194,815,0,0,264,1685,14,357,265,2042,California
Lake,2021-01-20,384,2782,44,1627,340,1155,0,0,355,2011,29,386,355,2397,California
Lake,2021-01-21,317,3099,47,1674,270,1425,0,0,284,2262,33,419,284,2681,California
Lake,2021-01-22,315,3414,45,1719,270,1695,0,0,279,2505,36,455,279,2960,California
Lake,2021-01-23,122,3536,5,1724,117,1812,0,0,121,2625,1,456,121,3081,California
Lake,2021-01-24,4,3540,1,1725,3,1815,0,0,4,2629,0,456,4,3085,California
Lake,2021-01-25,233,3773,72,1797,161,1976,0,0,175,2746,58,514,175,3260,California
Lake,2021-01-26,427,4200,35,1832,392,2368,0,0,404,3127,23,537,404,3664,California
Lake,2021-01-27,355,4555,39,1871,316,2684,0,0,328,3429,27,564,329,3993,California
Lake,2021-01-28,468,5023,129,2000,339,3023,0,0,368,3697,100,664,368,4361,California
Lake,2021-01-29,636,5659,83,2083,553,3576,0,0,576,4213,60,724,576,4937,California
Lake,2021-01-30,557,6216,45,2128,512,4088,0,0,550,4757,6,730,550,5487,California
Lake,2021-01-31,13,6229,8,2136,5,4093,0,0,12,4768,1,731,12,5499,California
Lake,2021-02-01,178,6407,17,2153,161,4254,0,0,167,4924,11,742,167,5666,California
Lake,2021-02-02,536,6943,154,2307,382,4636,0,0,399,5186,137,879,399,6065,California
Lake,2021-02-03,411,7354,25,2332,386,5022,0,0,338,5451,73,952,338,6403,California
Lake,2021-02-04,100,7454,55,2387,45,5067,0,0,70,5491,30,982,70,6473,California
Lake,2021-02-05,366,7820,68,2455,298,5365,0,0,286,5699,78,1060,286,6759,California
Lake,2021-02-06,279,8099,42,2497,237,5602,0,0,267,5954,12,1072,267,7026,California
Lake,2021-02-07,2,8101,1,2498,1,5603,0,0,2,5956,0,1072,2,7028,California
Lake,2021-02-08,279,8380,206,2704,73,5676,0,0,160,5997,119,1191,160,7188,California
Lake,2021-02-09,342,8722,22,2726,320,5996,0,0,302,6259,40,1231,302,7490,California
Lake,2021-02-10,352,9074,54,2780,298,6294,0,0,276,6459,76,1307,276,7766,California
Lake,2021-02-11,166,9240,17,2797,149,6443,0,0,55,6403,111,1418,55,7821,California
Lake,2021-02-12,373,9613,28,2825,345,6788,0,0,287,6604,86,1504,287,8108,California
Lake,2021-02-13,248,9861,9,2834,239,7027,0,0,237,6830,11,1515,237,8345,California
Lake,2021-02-14,19,9880,4,2838,15,7042,0,0,6,6823,13,1528,6,8351,California
Lake,2021-02-15,171,10051,13,2851,158,7200,0,0,8,6669,162,1690,8,8359,California
Lake,2021-02-16,418,10469,20,2871,398,7598,0,0,175,6601,243,1933,175,8534,California
Lake,2021-02-17,349,10818,51,2922,298,7896,0,0,71,6395,277,2210,71,8605,California
Lake,2021-02-18,456,11274,69,2991,387,8283,0,0,120,6180,336,2546,121,8726,California
Lake,2021-02-19,413,11687,25,3016,388,8671,0,0,89,5945,324,2870,89,8815,California
Lake,2021-02-20,295,11982,60,3076,235,8906,0,0,252,6155,42,2912,252,9067,California
Lake,2021-02-21,6,11988,6,3082,0,8906,0,0,0,6149,6,2918,0,9067,California
Lake,2021-02-22,138,12126,23,3105,115,9021,0,0,43,6097,95,3013,43,9110,California
Lake,2021-02-23,212,12338,15,3120,197,9218,0,0,26,5937,186,3199,26,9136,California
Lake,2021-02-24,955,13293,378,3498,577,9795,0,0,418,5819,536,3735,418,9554,California
Lake,2021-02-25,731,14024,462,3960,269,10064,0,0,474,6038,255,3990,474,10028,California
Lake,2021-02-26,990,15014,302,4262,688,10752,0,0,345,5741,642,4632,345,10373,California
Lake,2021-02-27,409,15423,97,4359,312,11064,0,0,326,5984,83,4715,326,10699,California
Lake,2021-02-28,19,15442,13,4372,6,11070,0,0,10,5985,9,4724,10,10709,California
Lake,2021-03-01,593,16035,52,4424,541,11611,0,0,441,6274,152,4876,441,11150,California
Lake,2021-03-02,744,16779,18,4442,726,12337,0,0,290,6110,454,5330,290,11440,California
Lake,2021-03-03,356,17135,196,4638,160,12497,0,0,132,6018,224,5554,132,11572,California
Lake,2021-03-04,576,17711,508,5146,68,12565,0,0,562,6566,14,5568,562,12134,California
Lake,2021-03-05,1037,18748,38,5184,999,13564,0,0,175,5882,859,6427,175,12309,California
Lake,2021-03-06,36,18784,11,5195,24,13588,1,1,21,5889,15,6442,22,12331,California
Lake,2021-03-07,7,18791,5,5200,2,13590,0,1,4,5890,3,6445,4,12335,California
Lake,2021-03-08,339,19130,268,5468,62,13652,9,10,299,6158,40,6485,308,12643,California
Lake,2021-03-09,917,20047,27,5495,873,14525,17,27,395,6049,521,7006,412,13055,California
Lake,2021-03-10,201,20248,58,5553,130,14655,13,40,134,6129,67,7073,147,13202,California
Lake,2021-03-11,587,20835,47,5600,64,14719,476,516,51,6120,536,7609,527,13729,California
Lake,2021-03-12,854,21689,205,5805,625,15344,24,540,366,6023,487,8096,390,14119,California
Lake,2021-03-13,273,21962,20,5825,16,15360,237,777,14,6016,257,8353,250,14369,California
Lake,2021-03-14,10,21972,2,5827,8,15368,0,777,7,6020,3,8356,7,14376,California
Lake,2021-03-15,641,22613,14,5841,610,15978,17,794,483,6362,158,8514,500,14876,California
Lake,2021-03-16,1105,23718,829,6670,259,16237,17,811,448,6173,653,9167,464,15340,California
Lake,2021-03-17,245,23963,119,6789,104,16341,22,833,88,6126,157,9324,110,15450,California
Lake,2021-03-18,748,24711,368,7157,343,16684,37,870,374,6163,373,9697,410,15860,California
Lake,2021-03-19,587,25298,321,7478,246,16930,20,890,486,6569,100,9797,506,16366,California
Lake,2021-03-20,244,25542,8,7486,233,17163,3,893,30,6390,212,10009,33,16399,California
Lake,2021-03-21,17,25559,11,7497,5,17168,1,894,12,6398,5,10014,13,16412,California
Lake,2021-03-22,318,25877,239,7736,65,17233,14,908,233,6560,85,10099,247,16659,California
Lake,2021-03-23,412,26289,18,7754,381,17614,13,921,351,6864,60,10159,364,17023,California
Lake,2021-03-24,412,26701,60,7814,344,17958,8,929,317,7096,94,10253,326,17349,California
Lake,2021-03-25,657,27358,469,8283,182,18140,6,935,174,6793,483,10736,180,17529,California
Lake,2021-03-26,70,27428,33,8316,36,18176,1,936,48,6820,22,10758,49,17578,California
Lake,2021-03-27,309,27737,7,8323,299,18475,3,939,18,6552,289,11047,21,17599,California
Lake,2021-03-28,14,27751,5,8328,9,18484,0,939,8,6554,6,11053,8,17607,California
Lake,2021-03-29,899,28650,269,8597,628,19112,2,941,194,6047,703,11756,196,17803,California
Lake,2021-03-30,449,29099,303,8900,144,19256,2,943,364,6328,85,11841,366,18169,California
Lake,2021-03-31,569,29668,61,8961,508,19764,0,943,409,6585,152,11993,409,18578,California
Lake,2021-04-01,425,30093,224,9185,190,19954,11,954,178,6530,244,12237,189,18767,California
Lake,2021-04-02,223,30316,42,9227,153,20107,28,982,101,6537,122,12359,129,18896,California
Lake,2021-04-03,29,30345,7,9234,20,20127,2,984,11,6532,18,12377,13,18909,California
Lake,2021-04-04,19,30364,10,9244,7,20134,2,986,14,6543,5,12382,16,18925,California
Lake,2021-04-05,635,30999,68,9312,546,20680,21,1007,395,6721,237,12619,415,19340,California
Lake,2021-04-06,452,31451,21,9333,409,21089,22,1029,294,6880,157,12776,316,19656,California
Lake,2021-04-07,391,31842,23,9356,347,21436,21,1050,266,7043,124,12900,287,19943,California
Lassen,2020-12-16,8,8,8,8,0,0,0,0,8,8,0,0,8,8,California
Lassen,2020-12-17,6,14,6,14,0,0,0,0,6,14,0,0,6,14,California
Lassen,2020-12-18,1,15,1,15,0,0,0,0,1,15,0,0,1,15,California
Lassen,2020-12-19,5,20,5,20,0,0,0,0,5,20,0,0,5,20,California
Lassen,2020-12-20,2,22,2,22,0,0,0,0,2,22,0,0,2,22,California
Lassen,2020-12-21,11,33,11,33,0,0,0,0,11,33,0,0,11,33,California
Lassen,2020-12-22,23,56,23,56,0,0,0,0,23,56,0,0,23,56,California
Lassen,2020-12-23,6,62,6,62,0,0,0,0,6,62,0,0,6,62,California
Lassen,2020-12-24,11,73,11,73,0,0,0,0,11,73,0,0,11,73,California
Lassen,2020-12-28,3,76,2,75,1,1,0,0,3,76,0,0,3,76,California
Lassen,2020-12-29,35,111,35,110,0,1,0,0,35,111,0,0,35,111,California
Lassen,2020-12-30,37,148,36,146,1,2,0,0,37,148,0,0,37,148,California
Lassen,2020-12-31,49,197,42,188,7,9,0,0,49,197,0,0,49,197,California
Lassen,2021-01-02,1,198,0,188,1,10,0,0,1,198,0,0,1,198,California
Lassen,2021-01-04,15,213,1,189,14,24,0,0,15,213,0,0,15,213,California
Lassen,2021-01-05,194,407,53,242,141,165,0,0,194,407,0,0,194,407,California
Lassen,2021-01-06,95,502,43,285,52,217,0,0,87,487,8,8,88,495,California
Lassen,2021-01-07,43,545,7,292,36,253,0,0,37,518,6,14,37,532,California
Lassen,2021-01-08,50,595,2,294,48,301,0,0,50,568,0,14,50,582,California
Lassen,2021-01-09,12,607,6,300,6,307,0,0,12,580,0,14,12,594,California
Lassen,2021-01-11,27,634,5,305,22,329,0,0,27,607,0,14,27,621,California
Lassen,2021-01-12,49,683,29,334,20,349,0,0,30,618,19,33,30,651,California
Lassen,2021-01-13,161,844,18,352,143,492,0,0,146,749,15,48,146,797,California
Lassen,2021-01-14,163,1007,18,370,145,637,0,0,151,888,12,60,151,948,California
Lassen,2021-01-15,33,1040,6,376,27,664,0,0,33,921,0,60,33,981,California
Lassen,2021-01-16,34,1074,33,409,1,665,0,0,34,955,0,60,34,1015,California
Lassen,2021-01-17,1,1075,0,409,1,666,0,0,1,956,0,60,1,1016,California
Lassen,2021-01-18,5,1080,2,411,3,669,0,0,4,959,1,61,4,1020,California
Lassen,2021-01-19,185,1265,36,447,149,818,0,0,157,1088,28,89,157,1177,California
Lassen,2021-01-20,188,1453,100,547,88,906,0,0,104,1123,69,158,104,1281,California
Lassen,2021-01-21,145,1598,94,641,51,957,0,0,120,1225,18,176,120,1401,California
Lassen,2021-01-22,31,1629,18,659,13,970,0,0,21,1236,10,186,21,1422,California
Lassen,2021-01-23,1,1630,0,659,1,971,0,0,1,1237,0,186,1,1423,California
Lassen,2021-01-24,1,1631,0,659,1,972,0,0,1,1238,0,186,1,1424,California
Lassen,2021-01-25,11,1642,0,659,11,983,0,0,11,1249,0,186,11,1435,California
Lassen,2021-01-26,126,1768,12,671,114,1097,0,0,122,1367,4,190,122,1557,California
Lassen,2021-01-27,82,1850,30,701,52,1149,0,0,67,1419,15,205,67,1624,California
Lassen,2021-01-28,85,1935,14,715,71,1220,0,0,84,1502,1,206,84,1708,California
Lassen,2021-01-29,23,1958,7,722,16,1236,0,0,22,1523,1,207,22,1730,California
Lassen,2021-02-01,62,2020,4,726,58,1294,0,0,36,1533,26,233,36,1766,California
Lassen,2021-02-02,177,2197,11,737,166,1460,0,0,43,1442,134,367,43,1809,California
Lassen,2021-02-03,96,2293,21,758,75,1535,0,0,51,1448,45,412,51,1860,California
Lassen,2021-02-04,112,2405,15,773,97,1632,0,0,63,1462,49,461,63,1923,California
Lassen,2021-02-05,65,2470,12,785,53,1685,0,0,23,1443,42,503,23,1946,California
Lassen,2021-02-06,69,2539,34,819,35,1720,0,0,36,1447,32,535,36,1982,California
Lassen,2021-02-07,1,2540,1,820,0,1720,0,0,1,1448,0,535,1,1983,California
Lassen,2021-02-08,43,2583,4,824,39,1759,0,0,18,1441,25,560,18,2001,California
Lassen,2021-02-09,128,2711,8,832,120,1879,0,0,49,1411,79,639,49,2050,California
Lassen,2021-02-10,182,2893,20,852,162,2041,0,0,75,1379,107,746,75,2125,California
Lassen,2021-02-11,183,3076,16,868,167,2208,0,0,79,1355,103,849,79,2204,California
Lassen,2021-02-12,43,3119,12,880,31,2239,0,0,15,1342,28,877,15,2219,California
Lassen,2021-02-13,11,3130,3,883,8,2247,0,0,9,1349,2,879,9,2228,California
Lassen,2021-02-14,13,3143,0,883,13,2260,0,0,12,1360,1,880,12,2240,California
Lassen,2021-02-15,20,3163,1,884,19,2279,0,0,16,1372,4,884,16,2256,California
Lassen,2021-02-16,192,3355,4,888,188,2467,0,0,31,1244,159,1043,31,2287,California
Lassen,2021-02-17,184,3539,94,982,90,2557,0,0,11,1082,173,1216,11,2298,California
Lassen,2021-02-18,79,3618,22,1004,57,2614,0,0,20,1043,59,1275,20,2318,California
Lassen,2021-02-19,82,3700,62,1066,20,2634,0,0,18,997,64,1339,18,2336,California
Lassen,2021-02-20,7,3707,0,1066,7,2641,0,0,5,1000,2,1341,5,2341,California
Lassen,2021-02-21,22,3729,2,1068,20,2661,0,0,18,1014,4,1345,18,2359,California
Lassen,2021-02-22,23,3752,8,1076,15,2676,0,0,5,1001,18,1363,5,2364,California
Lassen,2021-02-23,151,3903,8,1084,143,2819,0,0,40,930,111,1474,40,2404,California
Lassen,2021-02-24,165,4068,16,1100,149,2968,0,0,107,980,57,1531,107,2511,California
Lassen,2021-02-25,156,4224,19,1119,137,3105,0,0,100,1024,56,1587,100,2611,California
Lassen,2021-02-26,73,4297,16,1135,57,3162,0,0,36,1023,37,1624,36,2647,California
Lassen,2021-02-27,7,4304,7,1142,0,3162,0,0,3,1022,4,1628,3,2650,California
Lassen,2021-02-28,6,4310,1,1143,5,3167,0,0,3,1022,3,1631,3,2653,California
Lassen,2021-03-01,40,4350,4,1147,36,3203,0,0,7,996,33,1664,7,2660,California
Lassen,2021-03-02,103,4453,6,1153,97,3300,0,0,78,1049,25,1689,78,2738,California
Lassen,2021-03-03,168,4621,12,1165,156,3456,0,0,111,1103,57,1746,111,2849,California
Lassen,2021-03-04,147,4768,14,1179,133,3589,0,0,98,1153,48,1794,98,2947,California
Lassen,2021-03-05,47,4815,7,1186,17,3606,23,23,11,1151,36,1830,34,2981,California
Lassen,2021-03-06,51,4866,4,1190,28,3634,19,42,4,1127,47,1877,23,3004,California
Lassen,2021-03-07,56,4922,1,1191,0,3634,55,97,1,1128,55,1932,56,3060,California
Lassen,2021-03-08,89,5011,1,1192,8,3642,80,177,3,1126,85,2017,83,3143,California
Lassen,2021-03-09,136,5147,11,1203,108,3750,17,194,89,1185,47,2064,106,3249,California
Lassen,2021-03-10,172,5319,10,1213,161,3911,1,195,79,1172,93,2157,80,3329,California
Lassen,2021-03-11,184,5503,16,1229,161,4072,7,202,112,1222,69,2226,119,3448,California
Lassen,2021-03-12,33,5536,18,1247,11,4083,4,206,12,1217,21,2247,16,3464,California
Lassen,2021-03-13,48,5584,0,1247,2,4085,46,252,1,1216,47,2294,46,3510,California
Lassen,2021-03-14,8,5592,2,1249,5,4090,1,253,1,1211,7,2301,2,3512,California
Lassen,2021-03-15,31,5623,0,1249,31,4121,0,253,15,1210,16,2317,15,3527,California
Lassen,2021-03-16,90,5713,1,1250,83,4204,6,259,73,1272,17,2334,79,3606,California
Lassen,2021-03-17,1079,6792,7,1257,1067,5271,5,264,1060,2319,18,2352,1065,4671,California
Lassen,2021-03-18,95,6887,9,1266,85,5356,1,265,82,2389,13,2365,83,4754,California
Lassen,2021-03-19,17,6904,11,1277,2,5358,4,269,7,2390,10,2375,11,4765,California
Lassen,2021-03-20,9,6913,3,1280,3,5361,3,272,3,2390,6,2381,6,4771,California
Lassen,2021-03-21,34,6947,0,1280,34,5395,0,272,14,2385,19,2400,14,4785,California
Lassen,2021-03-22,55,7002,0,1280,55,5450,0,272,52,2434,3,2403,52,4837,California
Lassen,2021-03-23,118,7120,8,1288,109,5559,1,273,69,2455,49,2452,70,4907,California
Lassen,2021-03-24,210,7330,12,1300,198,5757,0,273,106,2458,103,2555,106,5013,California
Lassen,2021-03-25,150,7480,21,1321,129,5886,0,273,68,2444,82,2637,68,5081,California
Lassen,2021-03-26,74,7554,12,1333,23,5909,39,312,15,2439,59,2696,54,5135,California
Lassen,2021-03-27,19,7573,3,1336,1,5910,15,327,3,2441,16,2712,18,5153,California
Lassen,2021-03-28,18,7591,3,1339,5,5915,10,337,4,2441,14,2726,14,5167,California
Lassen,2021-03-29,52,7643,1,1340,26,5941,25,362,21,2456,31,2757,46,5213,California
Lassen,2021-03-30,197,7840,9,1349,163,6104,25,387,50,2384,147,2904,75,5288,California
Lassen,2021-03-31,145,7985,12,1361,112,6216,21,408,62,2384,83,2987,83,5371,California
Lassen,2021-04-01,156,8141,16,1377,121,6337,19,427,49,2346,106,3093,68,5439,California
Lassen,2021-04-02,27,8168,3,1380,3,6340,21,448,1,2342,26,3119,22,5461,California
Lassen,2021-04-03,12,8180,0,1380,2,6342,10,458,0,2340,12,3131,10,5471,California
Lassen,2021-04-04,7,8187,2,1382,0,6342,5,463,1,2340,6,3137,6,5477,California
Lassen,2021-04-05,23,8210,5,1387,12,6354,6,469,12,2348,10,3147,18,5495,California
Lassen,2021-04-06,174,8384,7,1394,141,6495,26,495,49,2298,125,3272,75,5570,California
Lassen,2021-04-07,113,8497,6,1400,90,6585,17,512,35,2273,77,3349,52,5622,California
Los Angeles,2020-12-15,391,391,391,391,0,0,0,0,391,391,0,0,391,391,California
Los Angeles,2020-12-16,3360,3751,3360,3751,0,0,0,0,3360,3751,0,0,3360,3751,California
Los Angeles,2020-12-17,10227,13978,10227,13978,0,0,0,0,10228,13979,0,0,10228,13979,California
Los Angeles,2020-12-18,14496,28474,14475,28453,21,21,0,0,14496,28475,0,0,14496,28475,California
Los Angeles,2020-12-19,7210,35684,7204,35657,6,27,0,0,7211,35686,0,0,7211,35686,California
Los Angeles,2020-12-20,4572,40256,4565,40222,7,34,0,0,4574,40260,0,0,4574,40260,California
Los Angeles,2020-12-21,13664,53920,13652,53874,12,46,0,0,13665,53924,1,1,13665,53925,California
Los Angeles,2020-12-22,11491,65411,11112,64986,379,425,0,0,11492,65415,1,2,11492,65417,California
Los Angeles,2020-12-23,11861,77272,10107,75093,1754,2179,0,0,11862,77277,0,2,11862,77279,California
Los Angeles,2020-12-24,7003,84275,4238,79331,2765,4944,0,0,7006,84283,0,2,7006,84285,California
Los Angeles,2020-12-25,521,84796,416,79747,105,5049,0,0,521,84804,0,2,521,84806,California
Los Angeles,2020-12-26,2523,87319,2178,81925,345,5394,0,0,2523,87326,1,3,2523,87329,California
Los Angeles,2020-12-27,1750,89069,1021,82946,729,6123,0,0,1750,89076,0,3,1750,89079,California
Los Angeles,2020-12-28,10248,99317,6353,89299,3895,10018,0,0,10246,99321,1,4,10246,99325,California
Los Angeles,2020-12-29,11513,110830,6053,95352,5460,15478,0,0,11515,110836,0,4,11515,110840,California
Los Angeles,2020-12-30,14808,125638,8075,103427,6733,22211,0,0,14807,125643,0,4,14807,125647,California
Los Angeles,2020-12-31,7854,133492,2741,106168,5113,27324,0,0,7852,133494,1,5,7852,133499,California
Los Angeles,2021-01-01,931,134423,244,106412,687,28011,0,0,931,134425,0,5,931,134430,California
Los Angeles,2021-01-02,4429,138852,1646,108058,2783,30794,0,0,4429,138854,0,5,4429,138859,California
Los Angeles,2021-01-03,915,139767,203,108261,712,31506,0,0,914,139767,1,6,914,139773,California
Los Angeles,2021-01-04,12617,152384,4832,113093,7785,39291,0,0,12603,152367,3,9,12603,152376,California
Los Angeles,2021-01-05,15966,168350,7055,120148,8911,48202,0,0,14060,164555,1873,1882,14061,166437,California
Los Angeles,2021-01-06,22440,190790,12030,132178,10410,58612,0,0,16863,175917,5508,7390,16870,183307,California
Los Angeles,2021-01-07,29287,220077,15775,147953,13512,72124,0,0,18807,184300,10434,17824,18817,202124,California
Los Angeles,2021-01-08,32977,253054,17847,165800,15130,87254,0,0,20793,192942,12159,29983,20801,222925,California
Los Angeles,2021-01-09,12313,265367,7043,172843,5270,92524,0,0,7457,195550,4855,34838,7463,230388,California
Los Angeles,2021-01-10,4643,270010,3626,176469,1017,93541,0,0,1917,194742,2726,37564,1918,232306,California
Los Angeles,2021-01-11,25700,295710,16203,192672,9497,103038,0,0,14788,198634,10902,48466,14794,247100,California
Los Angeles,2021-01-12,29010,324720,16017,208689,12993,116031,0,0,18914,207477,10078,58544,18921,266021,California
Los Angeles,2021-01-13,29158,353878,15581,224270,13577,129608,0,0,20235,218811,8906,67450,20240,286261,California
Los Angeles,2021-01-14,29182,383060,12686,236956,16496,146104,0,0,23693,237042,5471,72921,23702,309963,California
Los Angeles,2021-01-15,33636,416696,12301,249257,21335,167439,0,0,30082,263602,3529,76450,30089,340052,California
Los Angeles,2021-01-16,17490,434186,4951,254208,12539,179978,0,0,15714,277553,1768,78218,15719,355771,California
Los Angeles,2021-01-17,5166,439352,2288,256496,2878,182856,0,0,4922,282234,243,78461,4924,360695,California
Los Angeles,2021-01-18,15538,454890,10037,266533,5501,188357,0,0,10841,288391,4685,83146,10842,371537,California
Los Angeles,2021-01-19,38351,493241,20507,287040,17844,206201,0,0,30591,311271,7719,90865,30599,402136,California
Los Angeles,2021-01-20,45460,538701,23680,310720,21780,227981,0,0,37984,341816,7446,98311,37991,440127,California
Los Angeles,2021-01-21,48410,587111,22308,333028,26102,254083,0,0,44178,381836,4170,102481,44190,484317,California
Los Angeles,2021-01-22,47525,634636,22161,355189,25364,279447,0,0,44135,422629,3348,105829,44141,528458,California
Los Angeles,2021-01-23,33806,668442,15652,370841,18154,297601,0,0,31790,452441,1987,107816,31799,560257,California
Los Angeles,2021-01-24,15659,684101,12153,382994,3506,301107,0,0,15115,467019,538,108354,15116,575373,California
Los Angeles,2021-01-25,38465,722566,16320,399314,22145,323252,0,0,30056,488710,8380,116734,30071,605444,California
Los Angeles,2021-01-26,48924,771490,24263,423577,24661,347913,0,0,40821,521477,8071,124805,40838,646282,California
Los Angeles,2021-01-27,48109,819599,25647,449224,22462,370375,0,0,38993,551505,8982,133787,39010,685292,California
Los Angeles,2021-01-28,48270,867869,22969,472193,25301,395676,0,0,39953,583269,8203,141990,39967,725259,California
Los Angeles,2021-01-29,48998,916867,25266,497459,23732,419408,0,0,39024,612681,9623,151613,39035,764294,California
Los Angeles,2021-01-30,29864,946731,15328,512787,14536,433944,0,0,25774,634442,4016,155629,25777,790071,California
Los Angeles,2021-01-31,12951,959682,10333,523120,2618,436562,0,0,12041,645587,899,156528,12044,802115,California
Los Angeles,2021-02-01,37754,997436,16029,539149,21725,458287,0,0,27564,662999,10161,166689,27573,829688,California
Los Angeles,2021-02-02,44007,1041443,17799,556948,26208,484495,0,0,31887,682807,12083,178772,31891,861579,California
Los Angeles,2021-02-03,51892,1093335,19410,576358,32482,516977,0,0,37270,705694,14389,193161,37276,898855,California
Los Angeles,2021-02-04,56978,1150313,20603,596961,36375,553352,0,0,38994,727019,17680,210841,39005,937860,California
Los Angeles,2021-02-05,60854,1211167,20918,617879,39936,593288,0,0,39114,744814,21328,232169,39123,976983,California
Los Angeles,2021-02-06,35361,1246528,13233,631112,22128,615416,0,0,26981,763508,8308,240477,27002,1003985,California
Los Angeles,2021-02-07,10756,1257284,8346,639458,2410,617826,0,0,8392,769557,2349,242826,8398,1012383,California
Los Angeles,2021-02-08,46547,1303831,21401,660859,25146,642972,0,0,30478,784098,15940,258766,30481,1042864,California
Los Angeles,2021-02-09,55566,1359397,24525,685384,31041,674013,0,0,28341,785273,27171,285937,28346,1071210,California
Los Angeles,2021-02-10,66642,1426039,29307,714691,37335,711348,0,0,30894,780794,35380,321317,30901,1102111,California
Los Angeles,2021-02-11,57713,1483752,30744,745435,26969,738317,0,0,27910,779333,29374,350691,27913,1130024,California
Los Angeles,2021-02-12,59275,1543027,29723,775158,29552,767869,0,0,25897,772195,33052,383743,25914,1155938,California
Los Angeles,2021-02-13,33711,1576738,19565,794723,14146,782015,0,0,15468,769543,18165,401908,15513,1171451,California
Los Angeles,2021-02-14,21848,1598586,14955,809678,6893,788908,0,0,8780,765317,13010,414918,8784,1180235,California
Los Angeles,2021-02-15,32232,1630818,15768,825446,16464,805372,0,0,17716,768578,14461,429379,17722,1197957,California
Los Angeles,2021-02-16,63725,1694543,32400,857846,31325,836697,0,0,29867,764674,33782,463161,29878,1227835,California
Los Angeles,2021-02-17,63721,1758264,34105,891951,29616,866313,0,0,26329,753774,37234,500395,26334,1254169,California
Los Angeles,2021-02-18,67865,1826129,34538,926489,33327,899640,0,0,28548,743255,39076,539471,28557,1282726,California
Los Angeles,2021-02-19,56753,1882882,34877,961366,21876,921516,0,0,28290,743185,28374,567845,28304,1311030,California
Los Angeles,2021-02-20,31900,1914782,23717,985083,8183,929699,0,0,15591,742508,16276,584121,15599,1326629,California
Los Angeles,2021-02-21,15660,1930442,14037,999120,1623,931322,0,0,8158,743188,7480,591601,8160,1334789,California
Los Angeles,2021-02-22,33721,1964163,24571,1023691,9150,940472,0,0,17547,744635,16110,607711,17557,1352346,California
Los Angeles,2021-02-23,53098,2017261,22592,1046283,30506,970978,0,0,21034,733708,31973,639684,21046,1373392,California
Los Angeles,2021-02-24,63529,2080790,27894,1074177,35635,1006613,0,0,27952,726250,35426,675110,27968,1401360,California
Los Angeles,2021-02-25,72773,2153563,33371,1107548,39402,1046015,0,0,38295,730221,34334,709444,38305,1439665,California
Los Angeles,2021-02-26,82203,2235766,38313,1145861,43890,1089905,0,0,47163,742574,34832,744276,47185,1486850,California
Los Angeles,2021-02-27,58325,2294091,24792,1170653,33531,1123436,2,2,29870,744142,28326,772602,29894,1516744,California
Los Angeles,2021-02-28,26702,2320793,18455,1189108,8247,1131683,0,2,18873,755252,7767,780369,18877,1535621,California
Los Angeles,2021-03-01,54927,2375720,30732,1219840,24186,1155869,9,11,33290,767054,21512,801881,33314,1568935,California
Los Angeles,2021-03-02,69976,2445696,30962,1250802,39013,1194882,1,12,42815,782822,27057,828938,42825,1611760,California
Los Angeles,2021-03-03,78829,2524525,39646,1290448,39178,1234060,5,17,48983,802127,29705,858643,49010,1660770,California
Los Angeles,2021-03-04,88097,2612622,45465,1335913,42624,1276684,8,25,55561,825328,32381,891024,55582,1716352,California
Los Angeles,2021-03-05,86478,2699100,42046,1377959,44412,1321096,20,45,57712,854480,28610,919634,57762,1774114,California
Los Angeles,2021-03-06,64960,2764060,32511,1410470,30652,1351748,1797,1842,41840,875132,22996,942630,43648,1817762,California
Los Angeles,2021-03-07,25420,2789480,19184,1429654,5459,1357207,777,2619,19616,889739,5788,948418,20395,1838157,California
Los Angeles,2021-03-08,50848,2840328,26418,1456072,22500,1379707,1930,4549,38268,917439,12500,960918,40200,1878357,California
Los Angeles,2021-03-09,67751,2908079,25506,1481578,38982,1418689,3263,7812,40554,934187,27071,987989,43819,1922176,California
Los Angeles,2021-03-10,78096,2986175,36839,1518417,36643,1455332,4614,12426,49078,958969,28891,1016880,53673,1975849,California
Los Angeles,2021-03-11,90234,3076409,43889,1562306,40259,1495591,6086,18512,53114,981168,36985,1053865,59184,2035033,California
Los Angeles,2021-03-12,92851,3169260,41434,1603740,38242,1533833,13175,31687,54639,1010890,38069,1091934,67791,2102824,California
Los Angeles,2021-03-13,69154,3238414,32604,1636344,24821,1558654,11729,43416,41375,1036294,27692,1119626,53096,2155920,California
Los Angeles,2021-03-14,33062,3271476,23525,1659869,7186,1565840,2351,45767,22878,1051371,10143,1129769,25220,2181140,California
Los Angeles,2021-03-15,72613,3344089,34952,1694821,32359,1598199,5302,51069,44556,1073308,27919,1157688,49856,2230996,California
Los Angeles,2021-03-16,96167,3440256,41829,1736650,48631,1646830,5707,56776,62621,1108234,33394,1191082,68320,2299316,California
Los Angeles,2021-03-17,92925,3533181,42077,1778727,42931,1689761,7917,64693,62335,1148028,30440,1221522,70234,2369550,California
Los Angeles,2021-03-18,96946,3630127,46047,1824774,45782,1735543,5117,69810,61639,1179702,35076,1256598,66750,2436300,California
Los Angeles,2021-03-19,104141,3734268,54218,1878992,45357,1780900,4566,74376,64719,1209804,39194,1295792,69296,2505596,California
Los Angeles,2021-03-20,73701,3807969,35889,1914881,33570,1814470,4242,78618,51284,1243057,22268,1318060,55521,2561117,California
Los Angeles,2021-03-21,33337,3841306,24637,1939518,7861,1822331,839,79457,21696,1254017,11574,1329634,22534,2583651,California
Los Angeles,2021-03-22,67267,3908573,39940,1979458,25379,1847710,1948,81405,48031,1284943,19054,1348688,49980,2633631,California
Los Angeles,2021-03-23,91957,4000530,49951,2029409,39108,1886818,2898,84303,61375,1318825,30391,1379079,64273,2697904,California
Los Angeles,2021-03-24,100493,4101023,53749,2083158,43902,1930720,2842,87145,59949,1341312,40300,1419379,62787,2760691,California
Los Angeles,2021-03-25,105202,4206225,56491,2139649,45200,1975920,3511,90656,60499,1360831,44483,1463862,64002,2824693,California
Los Angeles,2021-03-26,110380,4316605,60309,2199958,46021,2021941,4050,94706,63213,1381110,46978,1510840,67257,2891950,California
Los Angeles,2021-03-27,79482,4396087,41601,2241559,35797,2057738,2084,96790,41509,1386929,37777,1548617,43596,2935546,California
Los Angeles,2021-03-28,40520,4436607,27131,2268690,12807,2070545,582,97372,20650,1388349,19812,1568429,21232,2956778,California
Los Angeles,2021-03-29,80412,4517019,45463,2314153,33385,2103930,1564,98936,46303,1402238,33977,1602406,47866,3004644,California
Los Angeles,2021-03-30,104030,4621049,49374,2363527,48992,2152922,5664,104600,65109,1434232,38769,1641175,70763,3075407,California
Los Angeles,2021-03-31,116603,4737652,58773,2422300,49699,2202621,8131,112731,70215,1466364,46192,1687367,78324,3153731,California
Los Angeles,2021-04-01,125172,4862824,56773,2479073,54050,2256671,14349,127080,70131,1495972,54847,1742214,84455,3238186,California
Los Angeles,2021-04-02,124163,4986987,53789,2532862,55780,2312451,14594,141674,68324,1523305,55592,1797806,82925,3321111,California
Los Angeles,2021-04-03,92402,5079389,40895,2573757,38723,2351174,12784,154458,47026,1537841,45251,1843057,59787,3380898,California
Los Angeles,2021-04-04,37440,5116829,19545,2593302,11954,2363128,5941,160399,17112,1540602,20279,1863336,23040,3403938,California
Los Angeles,2021-04-05,88512,5205341,42882,2636184,36009,2399137,9621,170020,43760,1549361,44618,1907954,53377,3457315,California
Los Angeles,2021-04-06,99214,5304555,46513,2682697,39854,2438991,12847,182867,46434,1556030,52572,1960526,59241,3516556,California
Los Angeles,2021-04-07,63904,5368459,27088,2709785,26342,2465333,10474,193341,27345,1557398,36421,1996947,37789,3554345,California
Madera,2020-12-16,22,22,22,22,0,0,0,0,22,22,0,0,22,22,California
Madera,2020-12-17,13,35,13,35,0,0,0,0,13,35,0,0,13,35,California
Madera,2020-12-18,61,96,61,96,0,0,0,0,61,96,0,0,61,96,California
Madera,2020-12-19,6,102,6,102,0,0,0,0,6,102,0,0,6,102,California
Madera,2020-12-20,14,116,14,116,0,0,0,0,14,116,0,0,14,116,California
Madera,2020-12-21,60,176,60,176,0,0,0,0,60,176,0,0,60,176,California
Madera,2020-12-22,98,274,96,272,2,2,0,0,98,274,0,0,98,274,California
Madera,2020-12-23,68,342,68,340,0,2,0,0,68,342,0,0,68,342,California
Madera,2020-12-24,44,386,39,379,5,7,0,0,44,386,0,0,44,386,California
Madera,2020-12-26,28,414,26,405,2,9,0,0,28,414,0,0,28,414,California
Madera,2020-12-27,30,444,12,417,18,27,0,0,30,444,0,0,30,444,California
Madera,2020-12-28,106,550,36,453,70,97,0,0,106,550,0,0,106,550,California
Madera,2020-12-29,173,723,40,493,133,230,0,0,173,723,0,0,173,723,California
Madera,2020-12-30,217,940,86,579,131,361,0,0,217,940,0,0,217,940,California
Madera,2020-12-31,202,1142,80,659,122,483,0,0,202,1142,0,0,202,1142,California
Madera,2021-01-02,76,1218,21,680,55,538,0,0,76,1218,0,0,76,1218,California
Madera,2021-01-03,5,1223,5,685,0,538,0,0,5,1223,0,0,5,1223,California
Madera,2021-01-04,128,1351,64,749,64,602,0,0,128,1351,0,0,128,1351,California
Madera,2021-01-05,274,1625,138,887,136,738,0,0,269,1615,5,5,269,1620,California
Madera,2021-01-06,183,1808,27,914,156,894,0,0,163,1758,20,25,163,1783,California
Madera,2021-01-07,339,2147,57,971,282,1176,0,0,317,2053,22,47,317,2100,California
Madera,2021-01-08,415,2562,70,1041,345,1521,0,0,360,2360,54,101,361,2461,California
Madera,2021-01-09,37,2599,14,1055,23,1544,0,0,28,2379,9,110,28,2489,California
Madera,2021-01-10,17,2616,14,1069,3,1547,0,0,5,2372,12,122,5,2494,California
Madera,2021-01-11,226,2842,178,1247,48,1595,0,0,183,2512,43,165,183,2677,California
Madera,2021-01-12,392,3234,159,1406,233,1828,0,0,285,2690,107,272,285,2962,California
Madera,2021-01-13,186,3420,92,1498,94,1922,0,0,129,2763,57,329,130,3092,California
Madera,2021-01-14,555,3975,82,1580,473,2395,0,0,521,3250,34,363,521,3613,California
Madera,2021-01-15,594,4569,158,1738,436,2831,0,0,575,3806,19,382,575,4188,California
Madera,2021-01-16,378,4947,47,1785,331,3162,0,0,349,4126,29,411,349,4537,California
Madera,2021-01-17,327,5274,7,1792,320,3482,0,0,323,4445,4,415,323,4860,California
Madera,2021-01-18,76,5350,59,1851,17,3499,0,0,57,4484,18,433,57,4917,California
Madera,2021-01-19,565,5915,130,1981,435,3934,0,0,538,4996,27,460,539,5456,California
Madera,2021-01-20,234,6149,80,2061,154,4088,0,0,206,5175,27,487,206,5662,California
Madera,2021-01-21,235,6384,126,2187,109,4197,0,0,201,5344,32,519,201,5863,California
Madera,2021-01-22,255,6639,83,2270,172,4369,0,0,242,5573,13,532,242,6105,California
Madera,2021-01-23,100,6739,52,2322,48,4417,0,0,76,5625,24,556,76,6181,California
Madera,2021-01-24,100,6839,81,2403,19,4436,0,0,77,5679,23,579,77,6258,California
Madera,2021-01-25,253,7092,121,2524,132,4568,0,0,141,5708,112,691,141,6399,California
Madera,2021-01-26,479,7571,188,2712,291,4859,0,0,291,5814,187,878,293,6692,California
Madera,2021-01-27,736,8307,63,2775,673,5532,0,0,601,6281,135,1013,602,7294,California
Madera,2021-01-28,533,8840,101,2876,432,5964,0,0,429,6606,104,1117,429,7723,California
Madera,2021-01-29,467,9307,96,2972,371,6335,0,0,411,6961,56,1173,411,8134,California
Madera,2021-01-30,503,9810,15,2987,488,6823,0,0,449,7356,54,1227,449,8583,California
Madera,2021-01-31,9,9819,6,2993,3,6826,0,0,8,7363,1,1228,8,8591,California
Madera,2021-02-01,257,10076,71,3064,186,7012,0,0,200,7506,57,1285,200,8791,California
Madera,2021-02-02,246,10322,84,3148,162,7174,0,0,157,7575,88,1373,157,8948,California
Madera,2021-02-03,588,10910,453,3601,135,7309,0,0,473,7936,113,1486,474,9422,California
Madera,2021-02-04,385,11295,121,3722,264,7573,0,0,111,7775,273,1759,112,9534,California
Madera,2021-02-05,967,12262,293,4015,674,8247,0,0,362,7538,600,2359,363,9897,California
Madera,2021-02-06,357,12619,322,4337,35,8282,0,0,318,7818,38,2397,318,10215,California
Madera,2021-02-07,35,12654,7,4344,28,8310,0,0,30,7843,5,2402,30,10245,California
Madera,2021-02-08,383,13037,307,4651,76,8386,0,0,270,8001,112,2514,270,10515,California
Madera,2021-02-09,472,13509,115,4766,357,8743,0,0,193,7919,276,2790,194,10709,California
Madera,2021-02-10,425,13934,151,4917,274,9017,0,0,324,8142,101,2891,324,11033,California
Madera,2021-02-11,933,14867,303,5220,630,9647,0,0,405,8021,527,3418,406,11439,California
Madera,2021-02-12,839,15706,118,5338,721,10368,0,0,306,7803,527,3945,309,11748,California
Madera,2021-02-13,485,16191,46,5384,439,10807,0,0,142,7605,342,4287,144,11892,California
Madera,2021-02-14,397,16588,75,5459,322,11129,0,0,135,7479,262,4549,136,12028,California
Madera,2021-02-15,239,16827,96,5555,143,11272,0,0,173,7587,65,4614,173,12201,California
Madera,2021-02-16,774,17601,184,5739,590,11862,0,0,230,7277,541,5155,231,12432,California
Madera,2021-02-17,608,18209,272,6011,336,12198,0,0,338,7352,265,5420,340,12772,California
Madera,2021-02-18,1289,19498,533,6544,756,12954,0,0,1114,8293,175,5595,1116,13888,California
Madera,2021-02-19,862,20360,547,7091,315,13269,0,0,719,8871,143,5738,721,14609,California
Madera,2021-02-20,1074,21434,982,8073,92,13361,0,0,1002,9803,71,5809,1003,15612,California
Madera,2021-02-21,960,22394,817,8890,143,13504,0,0,954,10751,6,5815,954,16566,California
Madera,2021-02-22,904,23298,828,9718,76,13580,0,0,850,11547,54,5869,850,17416,California
Madera,2021-02-23,768,24066,496,10214,272,13852,0,0,551,11882,216,6085,551,17967,California
Madera,2021-02-24,907,24973,301,10515,606,14458,0,0,378,11731,529,6614,378,18345,California
Madera,2021-02-25,1016,25989,306,10821,710,15168,0,0,588,11893,426,7040,588,18933,California
Madera,2021-02-26,1068,27057,186,11007,882,16050,0,0,695,12216,372,7412,695,19628,California
Madera,2021-02-27,867,27924,244,11251,623,16673,0,0,447,12249,417,7829,450,20078,California
Madera,2021-02-28,188,28112,29,11280,159,16832,0,0,182,12425,6,7835,182,20260,California
Madera,2021-03-01,369,28481,119,11399,250,17082,0,0,191,12439,177,8012,191,20451,California
Madera,2021-03-02,644,29125,267,11666,377,17459,0,0,534,12864,110,8122,535,20986,California
Madera,2021-03-03,1284,30409,691,12357,593,18052,0,0,885,13376,396,8518,908,21894,California
Madera,2021-03-04,1158,31567,502,12859,656,18708,0,0,917,14054,242,8760,920,22814,California
Madera,2021-03-05,1316,32883,402,13261,902,19610,12,12,1056,14875,258,9018,1079,23893,California
Madera,2021-03-06,800,33683,621,13882,148,19758,31,43,482,15071,318,9336,514,24407,California
Madera,2021-03-07,153,33836,27,13909,104,19862,22,65,103,15146,50,9386,125,24532,California
Madera,2021-03-08,574,34410,317,14226,199,20061,58,123,285,15202,289,9675,345,24877,California
Madera,2021-03-09,433,34843,157,14383,243,20304,33,156,271,15353,161,9836,312,25189,California
Madera,2021-03-10,1119,35962,498,14881,544,20848,77,233,695,15706,420,10256,773,25962,California
Madera,2021-03-11,1644,37606,836,15717,478,21326,330,563,751,15906,892,11148,1092,27054,California
Madera,2021-03-12,1482,39088,774,16491,558,21884,150,713,741,16084,739,11887,917,27971,California
Madera,2021-03-13,1766,40854,1267,17758,301,22185,198,911,722,15979,1042,12929,937,28908,California
Madera,2021-03-14,529,41383,443,18201,54,22239,32,943,277,16039,250,13179,310,29218,California
Madera,2021-03-15,716,42099,210,18411,461,22700,45,988,497,16391,217,13396,569,29787,California
Madera,2021-03-16,817,42916,423,18834,347,23047,47,1035,639,16919,176,13572,704,30491,California
Madera,2021-03-17,1406,44322,929,19763,416,23463,61,1096,853,17379,544,14116,1004,31495,California
Madera,2021-03-18,1860,46182,643,20406,1157,24620,60,1156,907,17482,948,15064,1051,32546,California
Madera,2021-03-19,1494,47676,586,20992,824,25444,84,1240,967,18073,524,15588,1115,33661,California
Madera,2021-03-20,1116,48792,762,21754,308,25752,46,1286,573,18197,542,16130,666,34327,California
Madera,2021-03-21,1064,49856,865,22619,154,25906,45,1331,353,17888,708,16838,399,34726,California
Madera,2021-03-22,1350,51206,850,23469,432,26338,68,1399,679,18009,668,17506,789,35515,California
Madera,2021-03-23,1394,52600,841,24310,463,26801,90,1489,739,18267,653,18159,911,36426,California
Madera,2021-03-24,893,53493,464,24774,398,27199,31,1520,595,18599,297,18456,629,37055,California
Madera,2021-03-25,1091,54584,487,25261,584,27783,20,1540,622,18795,459,18915,655,37710,California
Madera,2021-03-26,1422,56006,507,25768,784,28567,131,1671,672,18854,747,19662,806,38516,California
Madera,2021-03-27,824,56830,525,26293,278,28845,21,1692,374,18803,446,20108,395,38911,California
Madera,2021-03-28,414,57244,136,26429,222,29067,56,1748,230,18958,183,20291,338,39249,California
Madera,2021-03-29,680,57924,179,26608,474,29541,27,1775,493,19298,184,20475,524,39773,California
Madera,2021-03-30,1011,58935,556,27164,423,29964,32,1807,556,19434,454,20929,590,40363,California
Madera,2021-03-31,1252,60187,457,27621,684,30648,111,1918,432,19162,816,21745,544,40907,California
Madera,2021-04-01,1200,61387,527,28148,624,31272,49,1967,425,18865,770,22515,473,41380,California
Madera,2021-04-02,1471,62858,408,28556,1009,32281,54,2021,457,18372,1005,23520,512,41892,California
Madera,2021-04-03,866,63724,676,29232,170,32451,20,2041,378,18292,487,24007,407,42299,California
Madera,2021-04-04,183,63907,64,29296,117,32568,2,2043,89,18289,94,24101,91,42390,California
Madera,2021-04-05,700,64607,225,29521,420,32988,55,2098,330,18319,369,24470,399,42789,California
Madera,2021-04-06,1566,66173,789,30310,449,33437,328,2426,600,18284,964,25434,929,43718,California
Madera,2021-04-07,658,66831,188,30498,397,33834,73,2499,275,18256,382,25816,354,44072,California
Marin,2020-12-15,2,2,2,2,0,0,0,0,2,2,0,0,2,2,California
Marin,2020-12-16,107,109,107,109,0,0,0,0,107,109,0,0,107,109,California
Marin,2020-12-17,259,368,259,368,0,0,0,0,259,368,0,0,259,368,California
Marin,2020-12-18,370,738,370,738,0,0,0,0,370,738,0,0,370,738,California
Marin,2020-12-19,348,1086,347,1085,1,1,0,0,348,1086,0,0,348,1086,California
Marin,2020-12-20,167,1253,166,1251,1,2,0,0,167,1253,0,0,167,1253,California
Marin,2020-12-21,238,1491,235,1486,3,5,0,0,238,1491,0,0,238,1491,California
Marin,2020-12-22,521,2012,318,1804,203,208,0,0,521,2012,0,0,521,2012,California
Marin,2020-12-23,731,2743,323,2127,408,616,0,0,731,2743,0,0,731,2743,California
Marin,2020-12-24,357,3100,160,2287,197,813,0,0,357,3100,0,0,357,3100,California
Marin,2020-12-25,27,3127,0,2287,27,840,0,0,27,3127,0,0,27,3127,California
Marin,2020-12-26,142,3269,93,2380,49,889,0,0,142,3269,0,0,142,3269,California
Marin,2020-12-27,93,3362,56,2436,37,926,0,0,93,3362,0,0,93,3362,California
Marin,2020-12-28,408,3770,99,2535,309,1235,0,0,408,3770,0,0,408,3770,California
Marin,2020-12-29,399,4169,87,2622,312,1547,0,0,399,4169,0,0,399,4169,California
Marin,2020-12-30,624,4793,388,3010,236,1783,0,0,624,4793,0,0,624,4793,California
Marin,2020-12-31,198,4991,33,3043,165,1948,0,0,198,4991,0,0,198,4991,California
Marin,2021-01-01,11,5002,5,3048,6,1954,0,0,11,5002,0,0,11,5002,California
Marin,2021-01-02,103,5105,97,3145,6,1960,0,0,103,5105,0,0,103,5105,California
Marin,2021-01-03,54,5159,36,3181,18,1978,0,0,51,5156,0,0,51,5156,California
Marin,2021-01-04,290,5449,187,3368,103,2081,0,0,289,5444,1,1,289,5445,California
Marin,2021-01-05,366,5815,223,3591,143,2224,0,0,323,5724,43,44,323,5768,California
Marin,2021-01-06,819,6634,317,3908,502,2726,0,0,643,6191,176,220,643,6411,California
Marin,2021-01-07,893,7527,503,4411,390,3116,0,0,545,6388,348,568,545,6956,California
Marin,2021-01-08,968,8495,513,4924,455,3571,0,0,594,6609,373,941,594,7550,California
Marin,2021-01-09,618,9113,222,5146,396,3967,0,0,487,6965,131,1072,487,8037,California
Marin,2021-01-10,128,9241,99,5245,29,3996,0,0,54,6945,74,1146,54,8091,California
Marin,2021-01-11,467,9708,326,5571,141,4137,0,0,250,6979,217,1363,251,8342,California
Marin,2021-01-12,939,10647,541,6112,398,4535,0,0,567,7177,369,1732,567,8909,California
Marin,2021-01-13,1175,11822,499,6611,676,5211,0,0,937,7876,238,1970,937,9846,California
Marin,2021-01-14,1067,12889,319,6930,748,5959,0,0,917,8645,148,2118,917,10763,California
Marin,2021-01-15,1153,14042,354,7284,799,6758,0,0,1023,9540,129,2247,1024,11787,California
Marin,2021-01-16,1109,15151,907,8191,202,6960,0,0,1034,10499,75,2322,1034,12821,California
Marin,2021-01-17,1234,16385,1115,9306,119,7079,0,0,1206,11681,27,2349,1209,14030,California
Marin,2021-01-18,360,16745,159,9465,201,7280,0,0,309,11939,51,2400,309,14339,California
Marin,2021-01-19,1154,17899,913,10378,241,7521,0,0,982,12751,171,2571,983,15322,California
Marin,2021-01-20,1780,19679,1202,11580,578,8099,0,0,1051,13084,718,3289,1051,16373,California
Marin,2021-01-21,1681,21360,1062,12642,619,8718,0,0,1329,14066,349,3638,1331,17704,California
Marin,2021-01-22,1694,23054,1085,13727,609,9327,0,0,1529,15430,165,3803,1529,19233,California
Marin,2021-01-23,1842,24896,1341,15068,501,9828,0,0,1758,17105,83,3886,1758,20991,California
Marin,2021-01-24,611,25507,164,15232,447,10275,0,0,579,17652,32,3918,579,21570,California
Marin,2021-01-25,1118,26625,225,15457,893,11168,0,0,686,17908,431,4349,687,22257,California
Marin,2021-01-26,1497,28122,778,16235,719,11887,0,0,1121,18654,375,4724,1121,23378,California
Marin,2021-01-27,1694,29816,867,17102,827,12714,0,0,1343,19649,349,5073,1344,24722,California
Marin,2021-01-28,2066,31882,1062,18164,1004,13718,0,0,1800,21185,265,5338,1801,26523,California
Marin,2021-01-29,2181,34063,1434,19598,747,14465,0,0,1981,22978,189,5527,1982,28505,California
Marin,2021-01-30,1714,35777,899,20497,815,15280,0,0,1636,24537,78,5605,1637,30142,California
Marin,2021-01-31,451,36228,314,20811,137,15417,0,0,427,24940,24,5629,427,30569,California
Marin,2021-02-01,1087,37315,418,21229,669,16086,0,0,887,25628,200,5829,888,31457,California
Marin,2021-02-02,1352,38667,463,21692,889,16975,0,0,724,25734,618,6447,724,32181,California
Marin,2021-02-03,1775,40442,426,22118,1349,18324,0,0,1250,26461,523,6970,1250,33431,California
Marin,2021-02-04,1537,41979,514,22632,1023,19347,0,0,934,26795,600,7570,934,34365,California
Marin,2021-02-05,2168,44147,678,23310,1490,20837,0,0,1331,27293,833,8403,1331,35696,California
Marin,2021-02-06,1426,45573,851,24161,575,21412,0,0,603,27075,822,9225,604,36300,California
Marin,2021-02-07,1286,46859,1005,25166,281,21693,0,0,486,26762,799,10024,486,36786,California
Marin,2021-02-08,1515,48374,754,25920,761,22454,0,0,724,26697,790,10814,725,37511,California
Marin,2021-02-09,1780,50154,1122,27042,658,23112,0,0,834,26585,946,11760,834,38345,California
Marin,2021-02-10,2334,52488,1488,28530,846,23958,0,0,1220,26694,1112,12872,1221,39566,California
Marin,2021-02-11,2859,55347,1642,30172,1217,25175,0,0,1450,26742,1404,14276,1452,41018,California
Marin,2021-02-12,3057,58404,1537,31709,1520,26695,0,0,1563,26813,1492,15768,1563,42581,California
Marin,2021-02-13,2332,60736,1241,32950,1091,27786,0,0,1129,26741,1201,16969,1129,43710,California
Marin,2021-02-14,811,61547,302,33252,509,28295,0,0,719,27369,92,17061,720,44430,California
Marin,2021-02-15,1204,62751,352,33604,852,29147,0,0,828,27822,375,17436,828,45258,California
Marin,2021-02-16,2460,65211,1055,34659,1405,30552,0,0,1502,28367,957,18393,1502,46760,California
Marin,2021-02-17,2080,67291,926,35585,1154,31706,0,0,1083,28455,996,19389,1084,47844,California
Marin,2021-02-18,2410,69701,1575,37160,835,32541,0,0,1060,28166,1349,20738,1060,48904,California
Marin,2021-02-19,2747,72448,2148,39308,599,33140,0,0,1215,27861,1521,22259,1216,50120,California
Marin,2021-02-20,2563,75011,2109,41417,454,33594,0,0,1216,27733,1344,23603,1216,51336,California
Marin,2021-02-21,1265,76276,1073,42490,192,33786,0,0,903,28277,359,23962,903,52239,California
Marin,2021-02-22,1799,78075,1385,43875,414,34200,0,0,1210,28899,588,24550,1210,53449,California
Marin,2021-02-23,2826,80901,1612,45487,1214,35414,0,0,1904,29890,914,25464,1905,55354,California
Marin,2021-02-24,3493,84394,1597,47084,1896,37310,0,0,2247,30899,1239,26703,2248,57602,California
Marin,2021-02-25,3923,88317,1811,48895,2112,39422,0,0,2768,32520,1148,27851,2769,60371,California
Marin,2021-02-26,3475,91792,1876,50771,1599,41021,0,0,2529,34114,935,28786,2529,62900,California
Marin,2021-02-27,2608,94400,1494,52265,1114,42135,0,0,1776,35063,829,29615,1778,64678,California
Marin,2021-02-28,1380,95780,920,53185,460,42595,0,0,1046,35777,332,29947,1046,65724,California
Marin,2021-03-01,2464,98244,1528,54713,936,43531,0,0,1654,36626,805,30752,1654,67378,California
Marin,2021-03-02,2416,100660,1592,56305,823,44354,1,1,1674,37562,739,31491,1675,69053,California
Marin,2021-03-03,4187,104847,2345,58650,1842,46196,0,1,2688,38756,1494,32985,2688,71741,California
Marin,2021-03-04,3324,108171,1637,60287,1687,47883,0,1,2323,40087,995,33980,2326,74067,California
Marin,2021-03-05,3010,111181,1120,61407,1878,49761,12,13,1769,40629,1239,35219,1781,75848,California
Marin,2021-03-06,3213,114394,2312,63719,822,50583,79,92,2643,42785,565,35784,2721,78569,California
Marin,2021-03-07,1367,115761,1153,64872,191,50774,23,115,982,43408,382,36166,1005,79574,California
Marin,2021-03-08,1847,117608,1362,66234,384,51158,101,216,1400,44464,445,36611,1501,81075,California
Marin,2021-03-09,2094,119702,1211,67445,777,51935,106,322,1425,45327,668,37279,1531,82606,California
Marin,2021-03-10,4397,124099,2457,69902,1658,53593,282,604,3176,47567,1218,38497,3458,86064,California
Marin,2021-03-11,4525,128624,1854,71756,2547,56140,124,728,3253,49679,1265,39762,3377,89441,California
Marin,2021-03-12,3826,132450,1503,73259,1982,58122,341,1069,1515,49232,2302,42064,1855,91296,California
Marin,2021-03-13,3964,136414,2832,76091,1072,59194,60,1129,2389,50105,1571,43635,2444,93740,California
Marin,2021-03-14,2114,138528,1063,77154,944,60138,107,1236,700,49498,1414,45049,807,94547,California
Marin,2021-03-15,3206,141734,1757,78911,1402,61540,47,1283,1204,48755,1993,47042,1250,95797,California
Marin,2021-03-16,4297,146031,2312,81223,1621,63161,364,1647,1523,47871,2771,49813,1887,97684,California
Marin,2021-03-17,4112,150143,2245,83468,1823,64984,44,1691,1999,47811,2103,51916,2043,99727,California
Marin,2021-03-18,4446,154589,2238,85706,2137,67121,71,1762,2217,47882,2216,54132,2287,102014,California
Marin,2021-03-19,4421,159010,2266,87972,1938,69059,217,1979,2405,48495,2009,56141,2622,104636,California
Marin,2021-03-20,3572,162582,1978,89950,1479,70538,115,2094,2032,49109,1534,57675,2148,106784,California
Marin,2021-03-21,1524,164106,1122,91072,377,70915,25,2119,791,49194,731,58406,816,107600,California
Marin,2021-03-22,2460,166566,2125,93197,170,71085,165,2284,989,48881,1467,59873,1154,108754,California
Marin,2021-03-23,4222,170788,2182,95379,1911,72996,129,2413,1940,48674,2276,62149,2069,110823,California
Marin,2021-03-24,4395,175183,2883,98262,1408,74404,104,2517,1805,48002,2580,64729,1908,112731,California
Marin,2021-03-25,4606,179789,2812,101074,1725,76129,69,2586,2260,47996,2333,67062,2327,115058,California
Marin,2021-03-26,4267,184056,2312,103386,1741,77870,214,2800,2409,48776,1843,68905,2623,117681,California
Marin,2021-03-27,3676,187732,2641,106027,1018,78888,17,2817,1141,47409,2525,71430,1158,118839,California
Marin,2021-03-28,2371,190103,1720,107747,645,79533,6,2823,1100,47248,1267,72697,1106,119945,California
Marin,2021-03-29,2673,192776,2082,109829,567,80100,24,2847,1180,46962,1490,74187,1204,121149,California
Marin,2021-03-30,4641,197417,3644,113473,964,81064,33,2880,3070,48496,1569,75756,3103,124252,California
Marin,2021-03-31,5721,203138,4050,117523,1622,82686,49,2929,2573,47977,3141,78897,2622,126874,California
Marin,2021-04-01,4258,207396,2162,119685,1859,84545,237,3166,2034,48030,2218,81115,2271,129145,California
Marin,2021-04-02,3634,211030,1799,121484,1476,86021,359,3525,1953,48667,1675,82790,2312,131457,California
Marin,2021-04-03,3815,214845,2509,123993,944,86965,362,3887,1483,48190,2322,85112,1845,133302,California
Marin,2021-04-04,1620,216465,1221,125214,202,87167,197,4084,1192,49152,427,85539,1389,134691,California
Marin,2021-04-05,2159,218624,1506,126720,289,87456,364,4448,1257,49871,901,86440,1620,136311,California
Marin,2021-04-06,3643,222267,1953,128673,1266,88722,424,4872,2080,50816,1558,87998,2503,138814,California
Marin,2021-04-07,2312,224579,1293,129966,798,89520,221,5093,1050,50832,1256,89254,1272,140086,California
Mariposa,2020-12-17,2,2,2,2,0,0,0,0,38,38,0,0,38,38,California
Mariposa,2020-12-18,5,7,5,7,0,0,0,0,56,94,0,0,56,94,California
Mariposa,2020-12-20,2,9,2,9,0,0,0,0,2,96,0,0,2,96,California
Mariposa,2020-12-21,3,12,3,12,0,0,0,0,45,141,0,0,45,141,California
Mariposa,2020-12-22,2,14,2,14,0,0,0,0,2,143,0,0,2,143,California
Mariposa,2020-12-23,10,24,10,24,0,0,0,0,1,144,0,0,1,144,California
Mariposa,2020-12-24,1,25,0,24,1,1,0,0,0,144,0,0,0,144,California
Mariposa,2020-12-26,1,26,1,25,0,1,0,0,1,145,0,0,1,145,California
Mariposa,2020-12-27,1,27,0,25,1,2,0,0,1,146,0,0,1,146,California
Mariposa,2020-12-28,3,30,1,26,2,4,0,0,3,149,0,0,3,149,California
Mariposa,2020-12-29,33,63,1,27,32,36,0,0,33,182,0,0,33,182,California
Mariposa,2020-12-30,21,84,0,27,21,57,0,0,19,201,0,0,19,201,California
Mariposa,2020-12-31,22,106,0,27,22,79,0,0,22,223,0,0,22,223,California
Mariposa,2021-01-04,9,115,1,28,8,87,0,0,9,232,0,0,9,232,California
Mariposa,2021-01-05,24,139,14,42,10,97,0,0,12,234,10,10,12,244,California
Mariposa,2021-01-06,5,144,3,45,2,99,0,0,2,233,3,13,2,246,California
Mariposa,2021-01-07,49,193,47,92,2,101,0,0,2,188,47,60,2,248,California
Mariposa,2021-01-08,109,302,81,173,28,129,0,0,33,145,76,136,33,281,California
Mariposa,2021-01-09,1,303,0,173,1,130,0,0,1,146,0,136,1,282,California
Mariposa,2021-01-11,24,327,3,176,21,151,0,0,22,166,2,138,22,304,California
Mariposa,2021-01-12,21,348,3,179,18,169,0,0,18,181,3,141,18,322,California
Mariposa,2021-01-13,22,370,1,180,21,190,0,0,21,201,1,142,21,343,California
Mariposa,2021-01-14,94,464,1,181,93,283,0,0,94,295,0,142,94,437,California
Mariposa,2021-01-15,46,510,1,182,45,328,0,0,45,339,1,143,45,482,California
Mariposa,2021-01-16,19,529,2,184,17,345,0,0,18,356,1,144,18,500,California
Mariposa,2021-01-17,2,531,0,184,2,347,0,0,2,358,0,144,2,502,California
Mariposa,2021-01-18,2,533,2,186,0,347,0,0,1,358,1,145,1,503,California
Mariposa,2021-01-19,1,534,0,186,1,348,0,0,1,359,0,145,1,504,California
Mariposa,2021-01-20,26,560,0,186,26,374,0,0,25,384,0,145,25,529,California
Mariposa,2021-01-21,87,647,1,187,86,460,0,0,87,471,0,145,87,616,California
Mariposa,2021-01-22,77,724,1,188,76,536,0,0,77,548,0,145,77,693,California
Mariposa,2021-01-23,125,849,0,188,125,661,0,0,124,672,0,145,124,817,California
Mariposa,2021-01-25,3,852,1,189,2,663,0,0,0,669,3,148,0,817,California
Mariposa,2021-01-26,32,884,2,191,30,693,0,0,3,647,29,177,7,824,California
Mariposa,2021-01-27,34,918,1,192,33,726,0,0,26,665,8,185,26,850,California
Mariposa,2021-01-28,149,1067,2,194,147,873,0,0,135,787,13,198,135,985,California
Mariposa,2021-01-29,58,1125,0,194,58,931,0,0,58,845,0,198,58,1043,California
Mariposa,2021-01-30,3,1128,1,195,2,933,0,0,2,846,1,199,2,1045,California
Mariposa,2021-01-31,1,1129,0,195,1,934,0,0,1,847,0,199,1,1046,California
Mariposa,2021-02-01,55,1184,0,195,55,989,0,0,48,888,7,206,48,1094,California
Mariposa,2021-02-02,8,1192,0,195,8,997,0,0,2,884,6,212,2,1096,California
Mariposa,2021-02-03,26,1218,1,196,25,1022,0,0,22,902,4,216,22,1118,California
Mariposa,2021-02-04,115,1333,7,203,108,1130,0,0,108,1007,4,220,109,1227,California
Mariposa,2021-02-05,239,1572,4,207,235,1365,0,0,217,1202,22,242,217,1444,California
Mariposa,2021-02-06,2,1574,1,208,1,1366,0,0,1,1202,1,243,1,1445,California
Mariposa,2021-02-08,39,1613,1,209,38,1404,0,0,20,1203,19,262,20,1465,California
Mariposa,2021-02-09,11,1624,3,212,8,1412,0,0,6,1204,5,267,6,1471,California
Mariposa,2021-02-10,17,1641,1,213,16,1428,0,0,9,1211,8,275,15,1486,California
Mariposa,2021-02-11,378,2019,4,217,374,1802,0,0,367,1571,9,284,369,1855,California
Mariposa,2021-02-12,173,2192,1,218,172,1974,0,0,129,1656,44,328,129,1984,California
Mariposa,2021-02-13,5,2197,3,221,2,1976,0,0,4,1659,1,329,4,1988,California
Mariposa,2021-02-14,5,2202,2,223,3,1979,0,0,4,1662,1,330,4,1992,California
Mariposa,2021-02-15,8,2210,2,225,6,1985,0,0,7,1668,1,331,7,1999,California
Mariposa,2021-02-16,20,2230,2,227,18,2003,0,0,19,1686,1,332,19,2018,California
Mariposa,2021-02-17,19,2249,1,228,18,2021,0,0,15,1698,3,335,15,2033,California
Mariposa,2021-02-18,55,2304,2,230,53,2074,0,0,12,1667,43,378,12,2045,California
Mariposa,2021-02-19,75,2379,0,230,75,2149,0,0,74,1740,1,379,74,2119,California
Mariposa,2021-02-20,253,2632,4,234,249,2398,0,0,221,1929,32,411,221,2340,California
Mariposa,2021-02-21,231,2863,2,236,229,2627,0,0,230,2158,1,412,230,2570,California
Mariposa,2021-02-22,14,2877,2,238,12,2639,0,0,14,2172,0,412,14,2584,California
Mariposa,2021-02-23,5,2882,2,240,3,2642,0,0,4,2175,1,413,4,2588,California
Mariposa,2021-02-24,18,2900,1,241,17,2659,0,0,2,2161,16,429,2,2590,California
Mariposa,2021-02-25,5,2905,3,244,2,2661,0,0,2,2160,3,432,2,2592,California
Mariposa,2021-02-26,409,3314,3,247,406,3067,0,0,353,2457,56,488,353,2945,California
Mariposa,2021-02-27,154,3468,3,250,151,3218,0,0,151,2605,3,491,151,3096,California
Mariposa,2021-02-28,2,3470,1,251,1,3219,0,0,0,2603,2,493,0,3096,California
Mariposa,2021-03-01,55,3525,1,252,54,3273,0,0,7,2562,48,541,7,3103,California
Mariposa,2021-03-02,6,3531,5,257,1,3274,0,0,3,2562,3,544,3,3106,California
Mariposa,2021-03-03,68,3599,1,258,67,3341,0,0,66,2626,2,546,66,3172,California
Mariposa,2021-03-04,15,3614,5,263,10,3351,0,0,8,2627,7,553,8,3180,California
Mariposa,2021-03-05,40,3654,6,269,34,3385,0,0,33,2657,7,560,37,3217,California
Mariposa,2021-03-06,4,3658,2,271,2,3387,0,0,4,2661,0,560,4,3221,California
Mariposa,2021-03-08,35,3693,3,274,21,3408,11,11,6,2649,29,589,17,3238,California
Mariposa,2021-03-09,24,3717,2,276,12,3420,10,21,9,2653,15,604,19,3257,California
Mariposa,2021-03-10,14,3731,1,277,3,3423,10,31,2,2653,12,616,12,3269,California
Mariposa,2021-03-11,456,4187,6,283,432,3855,18,49,221,2661,234,850,242,3511,California
Mariposa,2021-03-12,241,4428,3,286,209,4064,29,78,108,2665,133,983,137,3648,California
Mariposa,2021-03-13,26,4454,3,289,8,4072,15,93,7,2668,19,1002,22,3670,California
Mariposa,2021-03-14,14,4468,0,289,3,4075,11,104,1,2667,13,1015,12,3682,California
Mariposa,2021-03-15,75,4543,6,295,31,4106,38,142,31,2692,44,1059,69,3751,California
Mariposa,2021-03-16,42,4585,4,299,4,4110,34,176,5,2694,37,1096,39,3790,California
Mariposa,2021-03-17,53,4638,4,303,43,4153,6,182,45,2738,8,1104,52,3842,California
Mariposa,2021-03-18,45,4683,5,308,31,4184,9,191,33,2768,12,1116,42,3884,California
Mariposa,2021-03-19,331,5014,4,312,318,4502,9,200,297,3040,34,1150,306,4190,California
Mariposa,2021-03-20,419,5433,4,316,414,4916,1,201,46,2716,373,1523,49,4239,California
Mariposa,2021-03-21,8,5441,7,323,0,4916,1,202,5,2719,3,1526,6,4245,California
Mariposa,2021-03-22,33,5474,3,326,19,4935,11,213,21,2740,12,1538,33,4278,California
Mariposa,2021-03-23,21,5495,3,329,4,4939,14,227,3,2739,18,1556,17,4295,California
Mariposa,2021-03-24,49,5544,1,330,46,4985,2,229,47,2786,2,1558,49,4344,California
Mariposa,2021-03-25,58,5602,7,337,43,5028,8,237,46,2828,12,1570,54,4398,California
Mariposa,2021-03-26,471,6073,7,344,462,5490,2,239,243,2845,228,1798,245,4643,California
Mariposa,2021-03-27,214,6287,3,347,211,5701,0,239,85,2802,129,1927,86,4729,California
Mariposa,2021-03-28,4,6291,0,347,1,5702,3,242,0,2801,4,1931,3,4732,California
Mariposa,2021-03-29,13,6304,2,349,11,5713,0,242,7,2802,6,1937,7,4739,California
Mariposa,2021-03-30,19,6323,1,350,2,5715,16,258,1,2801,18,1955,17,4756,California
Mariposa,2021-03-31,71,6394,5,355,65,5780,1,259,61,2853,10,1965,62,4818,California
Mariposa,2021-04-01,6,6400,2,357,3,5783,1,260,2,2852,4,1969,3,4821,California
Mariposa,2021-04-02,32,6432,4,361,27,5810,1,261,9,2839,23,1992,10,4831,California
Mariposa,2021-04-03,5,6437,3,364,2,5812,0,261,3,2840,2,1994,3,4834,California
Mariposa,2021-04-04,2,6439,1,365,0,5812,1,262,1,2841,1,1995,2,4836,California
Mariposa,2021-04-05,11,6450,7,372,2,5814,2,264,5,2842,6,2001,7,4843,California
Mariposa,2021-04-06,23,6473,8,380,1,5815,14,278,1,2836,21,2022,15,4858,California
Mariposa,2021-04-07,5,6478,2,382,3,5818,0,278,1,2833,4,2026,1,4859,California
Mendocino,2020-12-17,70,70,70,70,0,0,0,0,70,70,0,0,70,70,California
Mendocino,2020-12-18,85,155,84,154,1,1,0,0,84,154,0,0,84,154,California
Mendocino,2020-12-19,4,159,4,158,0,1,0,0,4,158,0,0,4,158,California
Mendocino,2020-12-20,7,166,7,165,0,1,0,0,7,165,0,0,7,165,California
Mendocino,2020-12-21,244,410,244,409,0,1,0,0,76,241,0,0,76,241,California
Mendocino,2020-12-22,249,659,189,598,60,61,0,0,249,490,0,0,249,490,California
Mendocino,2020-12-23,270,929,47,645,223,284,0,0,269,759,0,0,269,759,California
Mendocino,2020-12-24,49,978,8,653,41,325,0,0,49,808,0,0,49,808,California
Mendocino,2020-12-25,1,979,0,653,1,326,0,0,1,809,0,0,1,809,California
Mendocino,2020-12-26,2,981,2,655,0,326,0,0,2,811,0,0,2,811,California
Mendocino,2020-12-27,1,982,0,655,1,327,0,0,1,812,0,0,1,812,California
Mendocino,2020-12-28,73,1055,8,663,65,392,0,0,73,885,0,0,73,885,California
Mendocino,2020-12-29,120,1175,60,723,60,452,0,0,120,1005,0,0,120,1005,California
Mendocino,2020-12-30,122,1297,67,790,55,507,0,0,122,1127,0,0,122,1127,California
Mendocino,2020-12-31,130,1427,95,885,35,542,0,0,130,1257,0,0,130,1257,California
Mendocino,2021-01-01,4,1431,2,887,2,544,0,0,4,1261,0,0,4,1261,California
Mendocino,2021-01-02,1,1432,1,888,0,544,0,0,1,1262,0,0,1,1262,California
Mendocino,2021-01-04,839,2271,17,905,822,1366,0,0,839,2101,0,0,839,2101,California
Mendocino,2021-01-05,71,2342,35,940,36,1402,0,0,58,2146,13,13,58,2159,California
Mendocino,2021-01-06,150,2492,129,1069,21,1423,0,0,140,2276,10,23,140,2299,California
Mendocino,2021-01-07,358,2850,237,1306,121,1544,0,0,295,2508,63,86,295,2594,California
Mendocino,2021-01-08,95,2945,82,1388,13,1557,0,0,41,2496,54,140,42,2636,California
Mendocino,2021-01-09,10,2955,6,1394,4,1561,0,0,8,2502,2,142,8,2644,California
Mendocino,2021-01-10,8,2963,8,1402,0,1561,0,0,1,2496,7,149,1,2645,California
Mendocino,2021-01-11,100,3063,91,1493,9,1570,0,0,43,2483,56,205,43,2688,California
Mendocino,2021-01-12,386,3449,376,1869,10,1580,0,0,270,2637,116,321,270,2958,California
Mendocino,2021-01-13,480,3929,144,2013,336,1916,0,0,440,3040,38,359,441,3399,California
Mendocino,2021-01-14,634,4563,20,2033,614,2530,0,0,625,3656,9,368,625,4024,California
Mendocino,2021-01-15,1857,6420,859,2892,998,3528,0,0,1853,5505,4,372,1853,5877,California
Mendocino,2021-01-16,791,7211,50,2942,741,4269,0,0,789,6292,2,374,789,6666,California
Mendocino,2021-01-17,554,7765,1,2943,553,4822,0,0,553,6844,1,375,553,7219,California
Mendocino,2021-01-18,488,8253,463,3406,25,4847,0,0,476,7308,12,387,476,7695,California
Mendocino,2021-01-19,329,8582,145,3551,184,5031,0,0,154,7287,175,562,154,7849,California
Mendocino,2021-01-20,551,9133,404,3955,147,5178,0,0,446,7631,103,665,447,8296,California
Mendocino,2021-01-21,533,9666,221,4176,312,5490,0,0,349,7797,183,848,349,8645,California
Mendocino,2021-01-22,149,9815,58,4234,91,5581,0,0,110,7868,39,887,110,8755,California
Mendocino,2021-01-23,155,9970,83,4317,72,5653,0,0,149,8011,6,893,149,8904,California
Mendocino,2021-01-24,5,9975,3,4320,2,5655,0,0,5,8016,0,893,5,8909,California
Mendocino,2021-01-25,189,10164,16,4336,173,5828,0,0,121,8069,68,961,121,9030,California
Mendocino,2021-01-26,155,10319,57,4393,98,5926,0,0,95,8104,60,1021,95,9125,California
Mendocino,2021-01-27,433,10752,363,4756,70,5996,0,0,173,8024,253,1274,173,9298,California
Mendocino,2021-01-28,584,11336,520,5276,64,6060,0,0,491,8422,93,1367,491,9789,California
Mendocino,2021-01-29,388,11724,348,5624,40,6100,0,0,359,8753,29,1396,360,10149,California
Mendocino,2021-01-30,48,11772,30,5654,18,6118,0,0,41,8787,7,1403,41,10190,California
Mendocino,2021-01-31,274,12046,2,5656,272,6390,0,0,3,8519,271,1674,3,10193,California
Mendocino,2021-02-01,375,12421,50,5706,325,6715,0,0,55,8254,320,1994,55,10248,California
Mendocino,2021-02-02,720,13141,501,6207,219,6934,0,0,363,8260,357,2351,363,10611,California
Mendocino,2021-02-03,390,13531,205,6412,185,7119,0,0,221,8314,167,2518,221,10832,California
Mendocino,2021-02-04,626,14157,530,6942,96,7215,0,0,502,8692,124,2642,502,11334,California
Mendocino,2021-02-05,1300,15457,1212,8154,88,7303,0,0,585,8563,714,3356,585,11919,California
Mendocino,2021-02-06,557,16014,157,8311,400,7703,0,0,542,9090,15,3371,542,12461,California
Mendocino,2021-02-07,27,16041,23,8334,4,7707,0,0,27,9117,0,3371,27,12488,California
Mendocino,2021-02-08,745,16786,714,9048,31,7738,0,0,284,8940,461,3832,284,12772,California
Mendocino,2021-02-09,141,16927,58,9106,83,7821,0,0,89,8977,52,3884,89,12861,California
Mendocino,2021-02-10,1475,18402,921,10027,554,8375,0,0,742,8992,727,4611,742,13603,California
Mendocino,2021-02-11,1132,19534,209,10236,923,9298,0,0,286,8432,846,5457,286,13889,California
Mendocino,2021-02-12,1399,20933,157,10393,1242,10540,0,0,634,8302,764,6221,634,14523,California
Mendocino,2021-02-13,495,21428,12,10405,483,11023,0,0,102,8016,393,6614,107,14630,California
Mendocino,2021-02-14,695,22123,2,10407,693,11716,0,0,136,7593,559,7173,136,14766,California
Mendocino,2021-02-15,327,22450,43,10450,284,12000,0,0,172,7610,155,7328,172,14938,California
Mendocino,2021-02-16,198,22648,50,10500,148,12148,0,0,131,7674,67,7395,131,15069,California
Mendocino,2021-02-17,1349,23997,1187,11687,162,12310,0,0,877,8081,470,7865,877,15946,California
Mendocino,2021-02-18,1778,25775,637,12324,1141,13451,0,0,1213,8729,565,8430,1213,17159,California
Mendocino,2021-02-19,747,26522,145,12469,602,14053,0,0,608,9198,139,8569,608,17767,California
Mendocino,2021-02-20,572,27094,546,13015,26,14079,0,0,542,9712,28,8597,542,18309,California
Mendocino,2021-02-21,326,27420,5,13020,321,14400,0,0,314,10015,11,8608,314,18623,California
Mendocino,2021-02-22,161,27581,29,13049,132,14532,0,0,71,9996,90,8698,71,18694,California
Mendocino,2021-02-23,665,28246,653,13702,12,14544,0,0,609,10550,55,8753,609,19303,California
Mendocino,2021-02-24,1836,30082,1758,15460,78,14622,0,0,1428,11575,405,9158,1430,20733,California
Mendocino,2021-02-25,1703,31785,532,15992,1171,15793,0,0,1285,12443,417,9575,1285,22018,California
Mendocino,2021-02-26,1399,33184,746,16738,653,16446,0,0,1038,13122,359,9934,1038,23056,California
Mendocino,2021-02-27,197,33381,150,16888,47,16493,0,0,76,13078,120,10054,76,23132,California
Mendocino,2021-02-28,35,33416,13,16901,22,16515,0,0,25,13093,10,10064,25,23157,California
Mendocino,2021-03-01,577,33993,534,17435,43,16558,0,0,540,13596,37,10101,540,23697,California
Mendocino,2021-03-02,70,34063,24,17459,46,16604,0,0,41,13609,28,10129,41,23738,California
Mendocino,2021-03-03,1685,35748,1322,18781,363,16967,0,0,1055,14035,629,10758,1055,24793,California
Mendocino,2021-03-04,1764,37512,146,18927,1618,18585,0,0,1548,15370,214,10972,1549,26342,California
Mendocino,2021-03-05,205,37717,142,19069,54,18639,9,9,114,15404,89,11061,123,26465,California
Mendocino,2021-03-06,238,37955,20,19089,195,18834,23,32,201,15591,37,11098,224,26689,California
Mendocino,2021-03-07,501,38456,6,19095,475,19309,20,52,115,15340,385,11483,134,26823,California
Mendocino,2021-03-08,124,38580,29,19124,59,19368,36,88,65,15383,58,11541,101,26924,California
Mendocino,2021-03-09,441,39021,224,19348,176,19544,41,129,346,15675,95,11636,387,27311,California
Mendocino,2021-03-10,1108,40129,980,20328,62,19606,66,195,267,15172,839,12475,336,27647,California
Mendocino,2021-03-11,816,40945,607,20935,156,19762,53,248,397,15206,416,12891,450,28097,California
Mendocino,2021-03-12,1968,42913,1026,21961,848,20610,94,342,1210,15758,752,13643,1304,29401,California
Mendocino,2021-03-13,622,43535,524,22485,41,20651,57,399,96,15389,522,14165,153,29554,California
Mendocino,2021-03-14,63,43598,2,22487,54,20705,7,406,6,15347,55,14220,13,29567,California
Mendocino,2021-03-15,595,44193,51,22538,487,21192,57,463,209,15228,385,14605,266,29833,California
Mendocino,2021-03-16,572,44765,374,22912,153,21345,45,508,141,14985,429,15034,186,30019,California
Mendocino,2021-03-17,1559,46324,1357,24269,55,21400,147,655,213,14008,1344,16378,367,30386,California
Mendocino,2021-03-18,1303,47627,246,24515,1019,22419,38,693,283,13316,1012,17390,320,30706,California
Mendocino,2021-03-19,1756,49383,857,25372,838,23257,61,754,336,12299,1416,18806,399,31105,California
Mendocino,2021-03-20,71,49454,12,25384,38,23295,21,775,15,12279,56,18862,36,31141,California
Mendocino,2021-03-21,9,49463,1,25385,3,23298,5,780,4,12283,5,18867,9,31150,California
Mendocino,2021-03-22,627,50090,583,25968,15,23313,29,809,148,11983,476,19343,176,31326,California
Mendocino,2021-03-23,167,50257,34,26002,103,23416,30,839,117,12080,50,19393,147,31473,California
Mendocino,2021-03-24,897,51154,826,26828,24,23440,47,886,114,11460,781,20174,161,31634,California
Mendocino,2021-03-25,1973,53127,51,26879,1903,25343,19,905,165,9837,1806,21980,183,31817,California
Mendocino,2021-03-26,506,53633,359,27238,123,25466,24,929,330,10015,176,22156,354,32171,California
Mendocino,2021-03-27,141,53774,12,27250,118,25584,11,940,83,10051,57,22213,93,32264,California
Mendocino,2021-03-28,26,53800,5,27255,17,25601,4,944,4,10037,22,22235,8,32272,California
Mendocino,2021-03-29,187,53987,98,27353,47,25648,42,986,96,10084,91,22326,138,32410,California
Mendocino,2021-03-30,683,54670,598,27951,48,25696,37,1023,420,10279,262,22588,457,32867,California
Mendocino,2021-03-31,848,55518,270,28221,519,26215,59,1082,411,10314,435,23023,470,33337,California
Mendocino,2021-04-01,1594,57112,375,28596,1161,27376,58,1140,353,9490,1234,24257,410,33747,California
Mendocino,2021-04-02,1256,58368,1029,29625,154,27530,73,1213,200,8710,1053,25310,273,34020,California
Mendocino,2021-04-03,706,59074,7,29632,678,28208,21,1234,88,8205,614,25924,109,34129,California
Mendocino,2021-04-04,68,59142,33,29665,29,28237,6,1240,53,8249,15,25939,59,34188,California
Mendocino,2021-04-05,194,59336,131,29796,41,28278,22,1262,123,8321,71,26010,143,34331,California
Mendocino,2021-04-06,301,59637,97,29893,139,28417,65,1327,79,8243,222,26232,144,34475,California
Mendocino,2021-04-07,151,59788,25,29918,51,28468,75,1402,34,8235,117,26349,109,34584,California
Merced,2020-12-16,3,3,3,3,0,0,0,0,3,3,0,0,3,3,California
Merced,2020-12-17,6,9,6,9,0,0,0,0,6,9,0,0,6,9,California
Merced,2020-12-18,144,153,144,153,0,0,0,0,144,153,0,0,144,153,California
Merced,2020-12-19,38,191,38,191,0,0,0,0,38,191,0,0,38,191,California
Merced,2020-12-20,18,209,17,208,1,1,0,0,18,209,0,0,18,209,California
Merced,2020-12-21,129,338,126,334,3,4,0,0,129,338,0,0,129,338,California
Merced,2020-12-22,163,501,163,497,0,4,0,0,163,501,0,0,163,501,California
Merced,2020-12-23,304,805,289,786,15,19,0,0,304,805,0,0,304,805,California
Merced,2020-12-24,71,876,71,857,0,19,0,0,71,876,0,0,71,876,California
Merced,2020-12-25,5,881,5,862,0,19,0,0,5,881,0,0,5,881,California
Merced,2020-12-26,7,888,4,866,3,22,0,0,7,888,0,0,7,888,California
Merced,2020-12-27,12,900,11,877,1,23,0,0,12,900,0,0,12,900,California
Merced,2020-12-28,124,1024,100,977,24,47,0,0,124,1024,0,0,124,1024,California
Merced,2020-12-29,188,1212,134,1111,54,101,0,0,188,1212,0,0,188,1212,California
Merced,2020-12-30,239,1451,93,1204,146,247,0,0,239,1451,0,0,239,1451,California
Merced,2020-12-31,126,1577,39,1243,87,334,0,0,123,1574,0,0,123,1574,California
Merced,2021-01-01,1,1578,0,1243,1,335,0,0,1,1575,0,0,1,1575,California
Merced,2021-01-02,127,1705,116,1359,11,346,0,0,128,1703,0,0,128,1703,California
Merced,2021-01-03,9,1714,5,1364,4,350,0,0,9,1712,0,0,9,1712,California
Merced,2021-01-04,83,1797,40,1404,43,393,0,0,83,1795,0,0,83,1795,California
Merced,2021-01-05,319,2116,230,1634,89,482,0,0,320,2111,6,6,322,2117,California
Merced,2021-01-06,273,2389,97,1731,176,658,0,0,267,2372,6,12,267,2384,California
Merced,2021-01-07,192,2581,80,1811,112,770,0,0,191,2551,12,24,191,2575,California
Merced,2021-01-08,541,3122,399,2210,142,912,0,0,396,2797,150,174,396,2971,California
Merced,2021-01-09,23,3145,10,2220,13,925,0,0,17,2808,6,180,17,2988,California
Merced,2021-01-10,10,3155,6,2226,4,929,0,0,6,2810,4,184,6,2994,California
Merced,2021-01-11,246,3401,171,2397,75,1004,0,0,118,2803,126,310,119,3113,California
Merced,2021-01-12,312,3713,163,2560,149,1153,0,0,258,3004,57,367,258,3371,California
Merced,2021-01-13,450,4163,232,2792,218,1371,0,0,237,3036,207,574,239,3610,California
Merced,2021-01-14,353,4516,213,3005,140,1511,0,0,182,3050,170,744,184,3794,California
Merced,2021-01-15,688,5204,150,3155,538,2049,0,0,665,3678,39,783,667,4461,California
Merced,2021-01-16,242,5446,152,3307,90,2139,0,0,237,3910,5,788,237,4698,California
Merced,2021-01-17,48,5494,11,3318,37,2176,0,0,47,3956,1,789,47,4745,California
Merced,2021-01-18,331,5825,155,3473,176,2352,0,0,309,4246,22,811,312,5057,California
Merced,2021-01-19,736,6561,583,4056,153,2505,0,0,554,4622,182,993,558,5615,California
Merced,2021-01-20,594,7155,485,4541,109,2614,0,0,530,5090,64,1057,532,6147,California
Merced,2021-01-21,1058,8213,687,5228,371,2985,0,0,958,5950,101,1158,961,7108,California
Merced,2021-01-22,1395,9608,713,5941,682,3667,0,0,1371,7307,26,1184,1383,8491,California
Merced,2021-01-23,309,9917,184,6125,125,3792,0,0,205,7407,105,1289,205,8696,California
Merced,2021-01-24,33,9950,16,6141,17,3809,0,0,24,7423,8,1297,24,8720,California
Merced,2021-01-25,783,10733,269,6410,514,4323,0,0,707,8072,58,1355,707,9427,California
Merced,2021-01-26,946,11679,480,6890,466,4789,0,0,690,8554,209,1564,691,10118,California
Merced,2021-01-27,1033,12712,583,7473,450,5239,0,0,843,9234,163,1727,843,10961,California
Merced,2021-01-28,1205,13917,588,8061,617,5856,0,0,1047,10148,134,1861,1048,12009,California
Merced,2021-01-29,909,14826,337,8398,572,6428,0,0,655,10564,241,2102,657,12666,California
Merced,2021-01-30,288,15114,27,8425,261,6689,0,0,272,10820,16,2118,272,12938,California
Merced,2021-01-31,47,15161,10,8435,37,6726,0,0,46,10865,1,2119,46,12984,California
Merced,2021-02-01,375,15536,51,8486,324,7050,0,0,325,11141,49,2168,325,13309,California
Merced,2021-02-02,300,15836,182,8668,118,7168,0,0,181,11206,117,2285,182,13491,California
Merced,2021-02-03,403,16239,73,8741,330,7498,0,0,206,11215,197,2482,206,13697,California
Merced,2021-02-04,434,16673,158,8899,276,7774,0,0,279,11343,152,2634,280,13977,California
Merced,2021-02-05,630,17303,218,9117,412,8186,0,0,327,11381,290,2924,328,14305,California
Merced,2021-02-06,444,17747,249,9366,195,8381,0,0,271,11481,171,3095,271,14576,California
Merced,2021-02-07,20,17767,12,9378,8,8389,0,0,13,11487,7,3102,13,14589,California
Merced,2021-02-08,328,18095,222,9600,106,8495,0,0,188,11539,137,3239,189,14778,California
Merced,2021-02-09,1281,19376,964,10564,317,8812,0,0,808,11892,456,3695,809,15587,California
Merced,2021-02-10,1923,21299,1438,12002,485,9297,0,0,1337,12650,579,4274,1337,16924,California
Merced,2021-02-11,2618,23917,2047,14049,571,9868,0,0,1862,13762,750,5024,1862,18786,California
Merced,2021-02-12,1896,25813,1063,15112,833,10701,0,0,840,13559,1043,6067,840,19626,California
Merced,2021-02-13,365,26178,205,15317,160,10861,0,0,270,13735,95,6162,271,19897,California
Merced,2021-02-14,118,26296,28,15345,90,10951,0,0,95,13808,23,6185,96,19993,California
Merced,2021-02-15,274,26570,40,15385,234,11185,0,0,169,13878,100,6285,170,20163,California
Merced,2021-02-16,1295,27865,866,16251,429,11614,0,0,865,14336,410,6695,868,21031,California
Merced,2021-02-17,1951,29816,1681,17932,270,11884,0,0,1373,15148,563,7258,1375,22406,California
Merced,2021-02-18,1317,31133,856,18788,461,12345,0,0,459,14775,832,8090,459,22865,California
Merced,2021-02-19,1323,32456,438,19226,885,13230,0,0,575,14611,741,8831,577,23442,California
Merced,2021-02-20,276,32732,32,19258,244,13474,0,0,141,14620,132,8963,141,23583,California
Merced,2021-02-21,73,32805,58,19316,15,13489,0,0,28,14603,45,9008,28,23611,California
Merced,2021-02-22,929,33734,376,19692,553,14042,0,0,579,14833,349,9357,579,24190,California
Merced,2021-02-23,1194,34928,491,20183,703,14745,0,0,741,15127,447,9804,741,24931,California
Merced,2021-02-24,855,35783,303,20486,552,15297,0,0,470,15220,377,10181,470,25401,California
Merced,2021-02-25,1873,37656,906,21392,967,16264,0,0,1396,16155,462,10643,1397,26798,California
Merced,2021-02-26,2360,40016,1509,22901,851,17115,0,0,1925,17646,435,11078,1926,28724,California
Merced,2021-02-27,2628,42644,1038,23939,1589,18704,1,1,2320,19658,309,11387,2321,31045,California
Merced,2021-02-28,333,42977,69,24008,264,18968,0,1,286,19899,45,11432,286,31331,California
Merced,2021-03-01,1190,44167,282,24290,908,19876,0,1,857,20427,329,11761,857,32188,California
Merced,2021-03-02,1811,45978,920,25210,891,20767,0,1,1406,21446,387,12148,1406,33594,California
Merced,2021-03-03,2338,48316,1808,27018,529,21296,1,2,1543,22229,762,12910,1545,35139,California
Merced,2021-03-04,3101,51417,2436,29454,663,21959,2,4,2194,23451,974,13884,2196,37335,California
Merced,2021-03-05,2485,53902,1538,30992,924,22883,23,27,1871,24759,587,14471,1895,39230,California
Merced,2021-03-06,1226,55128,692,31684,513,23396,21,48,950,25452,278,14749,971,40201,California
Merced,2021-03-07,277,55405,62,31746,190,23586,25,73,247,25694,30,14779,272,40473,California
Merced,2021-03-08,1258,56663,625,32371,568,24154,65,138,1045,26590,213,14992,1109,41582,California
Merced,2021-03-09,1722,58385,1043,33414,566,24720,113,251,1157,27300,561,15553,1271,42853,California
Merced,2021-03-10,2904,61289,2016,35430,674,25394,214,465,1817,28257,1080,16633,2037,44890,California
Merced,2021-03-11,1929,63218,646,36076,1080,26474,203,668,1368,29299,554,17187,1596,46486,California
Merced,2021-03-12,2418,65636,1094,37170,1064,27538,260,928,1663,30478,753,17940,1932,48418,California
Merced,2021-03-13,699,66335,334,37504,122,27660,243,1171,394,30817,298,18238,637,49055,California
Merced,2021-03-14,172,66507,98,37602,44,27704,30,1201,103,30882,68,18306,133,49188,California
Merced,2021-03-15,1567,68074,531,38133,771,28475,265,1466,1037,31663,520,18826,1301,50489,California
Merced,2021-03-16,1562,69636,794,38927,545,29020,223,1689,1069,32469,485,19311,1291,51780,California
Merced,2021-03-17,2228,71864,1283,40210,764,29784,181,1870,1766,33964,454,19765,1949,53729,California
Merced,2021-03-18,2050,73914,1141,41351,751,30535,158,2028,1390,34876,648,20413,1560,55289,California
Merced,2021-03-19,3139,77053,1864,43215,1081,31616,194,2222,1732,35411,1395,21808,1930,57219,California
Merced,2021-03-20,2151,79204,1290,44505,534,32150,327,2549,1170,35933,976,22784,1498,58717,California
Merced,2021-03-21,674,79878,340,44845,320,32470,14,2563,555,36386,118,22902,571,59288,California
Merced,2021-03-22,1123,81001,485,45330,554,33024,84,2647,731,36820,382,23284,816,60104,California
Merced,2021-03-23,1883,82884,1170,46500,649,33673,64,2711,1415,37834,466,23750,1480,61584,California
Merced,2021-03-24,1401,84285,842,47342,515,34188,44,2755,1056,38599,334,24084,1099,62683,California
Merced,2021-03-25,3330,87615,2300,49642,1008,35196,22,2777,2079,39458,1245,25329,2104,64787,California
Merced,2021-03-26,2140,89755,1281,50923,830,36026,29,2806,915,39188,1214,26543,944,65731,California
Merced,2021-03-27,2471,92226,1104,52027,1300,37326,67,2873,843,38480,1618,28161,910,66641,California
Merced,2021-03-28,574,92800,207,52234,361,37687,6,2879,253,38420,321,28482,261,66902,California
Merced,2021-03-29,1642,94442,454,52688,941,38628,247,3126,656,38346,981,29463,907,67809,California
Merced,2021-03-30,2292,96734,856,53544,1378,40006,58,3184,1047,38211,1240,30703,1105,68914,California
Merced,2021-03-31,2211,98945,1476,55020,704,40710,31,3215,877,37798,1322,32025,909,69823,California
Merced,2021-04-01,2075,101020,1082,56102,891,41601,102,3317,724,37279,1347,33372,828,70651,California
Merced,2021-04-02,2206,103226,731,56833,1339,42940,136,3453,959,37141,1235,34607,1097,71748,California
Merced,2021-04-03,893,104119,404,57237,481,43421,8,3461,485,37227,408,35015,494,72242,California
Merced,2021-04-04,427,104546,140,57377,285,43706,2,3463,210,37224,217,35232,214,72456,California
Merced,2021-04-05,1025,105571,517,57894,392,44098,116,3579,401,37120,621,35853,517,72973,California
Merced,2021-04-06,1363,106934,605,58499,653,44751,105,3684,598,37061,763,36616,704,73677,California
Merced,2021-04-07,629,107563,151,58650,392,45143,86,3770,205,36933,419,37035,291,73968,California
Modoc,2020-12-16,1,1,1,1,0,0,0,0,1,1,0,0,1,1,California
Modoc,2020-12-21,100,101,100,101,0,0,0,0,100,101,0,0,100,101,California
Modoc,2020-12-22,14,115,14,115,0,0,0,0,14,115,0,0,14,115,California
Modoc,2020-12-23,4,119,4,119,0,0,0,0,4,119,0,0,4,119,California
Modoc,2020-12-24,1,120,1,120,0,0,0,0,1,120,0,0,1,120,California
Modoc,2020-12-28,2,122,2,122,0,0,0,0,2,122,0,0,2,122,California
Modoc,2020-12-29,10,132,1,123,9,9,0,0,10,132,0,0,10,132,California
Modoc,2020-12-30,7,139,0,123,7,16,0,0,7,139,0,0,7,139,California
Modoc,2021-01-02,2,141,0,123,2,18,0,0,2,141,0,0,2,141,California
Modoc,2021-01-04,8,149,0,123,8,26,0,0,8,149,0,0,8,149,California
Modoc,2021-01-05,2,151,1,124,1,27,0,0,2,151,0,0,2,151,California
Modoc,2021-01-06,3,154,2,126,1,28,0,0,2,152,1,1,2,153,California
Modoc,2021-01-07,72,226,0,126,72,100,0,0,72,224,0,1,72,225,California
Modoc,2021-01-08,105,331,0,126,105,205,0,0,105,329,0,1,105,330,California
Modoc,2021-01-10,1,332,1,127,0,205,0,0,0,328,1,2,0,330,California
Modoc,2021-01-11,92,424,83,210,9,214,0,0,19,274,73,75,19,349,California
Modoc,2021-01-12,94,518,25,235,69,283,0,0,68,316,26,101,68,417,California
Modoc,2021-01-13,24,542,4,239,20,303,0,0,22,336,2,103,22,439,California
Modoc,2021-01-14,129,671,6,245,123,426,0,0,124,455,5,108,124,563,California
Modoc,2021-01-15,6,677,1,246,5,431,0,0,6,461,0,108,6,569,California
Modoc,2021-01-16,1,678,1,247,0,431,0,0,1,462,0,108,1,570,California
Modoc,2021-01-18,1,679,1,248,0,431,0,0,1,463,0,108,1,571,California
Modoc,2021-01-19,5,684,3,251,2,433,0,0,3,464,2,110,3,574,California
Modoc,2021-01-20,11,695,1,252,10,443,0,0,11,475,0,110,11,585,California
Modoc,2021-01-21,158,853,2,254,156,599,0,0,158,633,0,110,158,743,California
Modoc,2021-01-22,2,855,0,254,2,601,0,0,2,635,0,110,2,745,California
Modoc,2021-01-25,11,866,0,254,11,612,0,0,11,646,0,110,11,756,California
Modoc,2021-01-26,65,931,1,255,64,676,0,0,65,711,0,110,65,821,California
Modoc,2021-01-27,41,972,2,257,39,715,0,0,25,720,16,126,25,846,California
Modoc,2021-01-28,144,1116,1,258,143,858,0,0,144,864,0,126,144,990,California
Modoc,2021-01-29,3,1119,1,259,2,860,0,0,3,867,0,126,3,993,California
Modoc,2021-02-01,25,1144,12,271,13,873,0,0,11,864,14,140,11,1004,California
Modoc,2021-02-02,170,1314,2,273,168,1041,0,0,167,1028,3,143,167,1171,California
Modoc,2021-02-03,18,1332,13,286,5,1046,0,0,11,1032,7,150,11,1182,California
Modoc,2021-02-04,155,1487,4,290,151,1197,0,0,27,931,128,278,27,1209,California
Modoc,2021-02-05,4,1491,3,293,1,1198,0,0,3,933,1,279,3,1212,California
Modoc,2021-02-08,9,1500,2,295,7,1205,0,0,8,940,1,280,8,1220,California
Modoc,2021-02-09,197,1697,13,308,184,1389,0,0,66,875,131,411,66,1286,California
Modoc,2021-02-10,5,1702,2,310,3,1392,0,0,4,878,1,412,4,1290,California
Modoc,2021-02-11,200,1902,3,313,197,1589,0,0,82,842,118,530,82,1372,California
Modoc,2021-02-12,5,1907,1,314,4,1593,0,0,3,843,2,532,3,1375,California
Modoc,2021-02-13,1,1908,0,314,1,1594,0,0,1,844,0,532,1,1376,California
Modoc,2021-02-16,147,2055,6,320,141,1735,0,0,143,983,4,536,143,1519,California
Modoc,2021-02-17,24,2079,1,321,23,1758,0,0,12,983,12,548,12,1531,California
Modoc,2021-02-18,189,2268,2,323,187,1945,0,0,25,846,163,711,26,1557,California
Modoc,2021-02-19,2,2270,2,325,0,1945,0,0,2,848,0,711,2,1559,California
Modoc,2021-02-20,1,2271,1,326,0,1945,0,0,1,849,0,711,1,1560,California
Modoc,2021-02-22,16,2287,8,334,8,1953,0,0,3,839,13,724,3,1563,California
Modoc,2021-02-23,21,2308,3,337,18,1971,0,0,1,820,20,744,1,1564,California
Modoc,2021-02-24,90,2398,1,338,89,2060,0,0,30,790,60,804,30,1594,California
Modoc,2021-02-25,168,2566,0,338,168,2228,0,0,12,646,156,960,12,1606,California
Modoc,2021-02-26,3,2569,0,338,3,2231,0,0,1,645,2,962,1,1607,California
Modoc,2021-02-27,5,2574,5,343,0,2231,0,0,2,644,3,965,2,1609,California
Modoc,2021-03-01,4,2578,0,343,4,2235,0,0,0,640,4,969,0,1609,California
Modoc,2021-03-02,193,2771,12,355,181,2416,0,0,26,499,167,1136,26,1635,California
Modoc,2021-03-03,12,2783,6,361,6,2422,0,0,2,491,10,1146,2,1637,California
Modoc,2021-03-04,175,2958,2,363,173,2595,0,0,148,612,27,1173,148,1785,California
Modoc,2021-03-05,4,2962,3,366,1,2596,0,0,2,612,2,1175,2,1787,California
Modoc,2021-03-06,10,2972,0,366,0,2596,10,10,0,612,10,1185,10,1797,California
Modoc,2021-03-07,6,2978,1,367,0,2596,5,15,1,613,5,1190,6,1803,California
Modoc,2021-03-08,7,2985,1,368,2,2598,4,19,1,612,6,1196,5,1808,California
Modoc,2021-03-09,126,3111,10,378,108,2706,8,27,60,614,66,1262,68,1876,California
Modoc,2021-03-10,9,3120,3,381,2,2708,4,31,4,617,5,1267,8,1884,California
Modoc,2021-03-11,205,3325,0,381,98,2806,107,138,22,563,183,1450,129,2013,California
Modoc,2021-03-12,10,3335,1,382,4,2810,5,143,4,566,6,1456,9,2022,California
Modoc,2021-03-13,4,3339,0,382,1,2811,3,146,1,567,3,1459,4,2026,California
Modoc,2021-03-15,12,3351,1,383,10,2821,1,147,10,576,2,1461,11,2037,California
Modoc,2021-03-16,172,3523,0,383,168,2989,4,151,41,490,131,1592,45,2082,California
Modoc,2021-03-17,10,3533,1,384,4,2993,5,156,2,489,8,1600,7,2089,California
Modoc,2021-03-18,66,3599,1,385,58,3051,7,163,34,498,32,1632,41,2130,California
Modoc,2021-03-19,5,3604,0,385,0,3051,5,168,0,498,5,1637,5,2135,California
Modoc,2021-03-20,6,3610,2,387,1,3052,3,171,1,497,5,1642,4,2139,California
Modoc,2021-03-21,4,3614,1,388,1,3053,2,173,2,499,2,1644,4,2143,California
Modoc,2021-03-22,18,3632,1,389,11,3064,6,179,12,511,6,1650,18,2161,California
Modoc,2021-03-23,32,3664,4,393,25,3089,3,182,24,530,8,1658,27,2188,California
Modoc,2021-03-24,29,3693,1,394,18,3107,10,192,2,515,27,1685,12,2200,California
Modoc,2021-03-25,64,3757,1,395,61,3168,2,194,32,517,32,1717,34,2234,California
Modoc,2021-03-26,7,3764,2,397,2,3170,3,197,2,517,5,1722,5,2239,California
Modoc,2021-03-27,2,3766,0,397,1,3171,1,198,1,518,1,1723,2,2241,California
Modoc,2021-03-28,2,3768,1,398,0,3171,1,199,0,517,2,1725,1,2242,California
Modoc,2021-03-29,14,3782,1,399,5,3176,8,207,5,521,9,1734,13,2255,California
Modoc,2021-03-30,56,3838,11,410,39,3215,6,213,23,517,33,1767,29,2284,California
Modoc,2021-03-31,9,3847,3,413,2,3217,4,217,3,518,6,1773,7,2291,California
Modoc,2021-04-01,170,4017,3,416,162,3379,5,222,35,423,135,1908,40,2331,California
Modoc,2021-04-02,5,4022,0,416,2,3381,3,225,1,424,3,1911,4,2335,California
Modoc,2021-04-03,4,4026,2,418,0,3381,2,227,2,426,2,1913,4,2339,California
Modoc,2021-04-05,9,4035,0,418,9,3390,0,227,9,435,0,1913,9,2348,California
Modoc,2021-04-06,21,4056,5,423,7,3397,9,236,4,431,17,1930,13,2361,California
Modoc,2021-04-07,3,4059,0,423,1,3398,2,238,1,432,2,1932,3,2364,California
Mono,2020-12-18,1,1,1,1,0,0,0,0,1,1,0,0,1,1,California
Mono,2020-12-19,5,6,5,6,0,0,0,0,5,6,0,0,5,6,California
Mono,2020-12-20,7,13,7,13,0,0,0,0,7,13,0,0,7,13,California
Mono,2020-12-21,24,37,17,30,7,7,0,0,24,37,0,0,24,37,California
Mono,2020-12-22,65,102,64,94,1,8,0,0,65,102,0,0,65,102,California
Mono,2020-12-23,70,172,42,136,28,36,0,0,70,172,0,0,70,172,California
Mono,2020-12-24,3,175,1,137,2,38,0,0,3,175,0,0,3,175,California
Mono,2020-12-26,3,178,3,140,0,38,0,0,3,178,0,0,3,178,California
Mono,2020-12-28,94,272,63,203,31,69,0,0,94,272,0,0,94,272,California
Mono,2020-12-29,29,301,29,232,0,69,0,0,29,301,0,0,29,301,California
Mono,2020-12-30,76,377,35,267,41,110,0,0,76,377,0,0,76,377,California
Mono,2020-12-31,4,381,1,268,3,113,0,0,4,381,0,0,4,381,California
Mono,2021-01-01,3,384,3,271,0,113,0,0,3,384,0,0,3,384,California
Mono,2021-01-02,1,385,1,272,0,113,0,0,1,385,0,0,1,385,California
Mono,2021-01-04,1,386,0,272,1,114,0,0,1,386,0,0,1,386,California
Mono,2021-01-05,45,431,2,274,43,157,0,0,44,429,1,1,44,430,California
Mono,2021-01-06,44,475,0,274,44,201,0,0,44,473,0,1,44,474,California
Mono,2021-01-07,55,530,3,277,52,253,0,0,54,526,1,2,54,528,California
Mono,2021-01-08,2,532,1,278,1,254,0,0,1,526,1,3,1,529,California
Mono,2021-01-09,4,536,4,282,0,254,0,0,0,522,4,7,0,529,California
Mono,2021-01-10,5,541,5,287,0,254,0,0,0,517,5,12,0,529,California
Mono,2021-01-11,7,548,4,291,3,257,0,0,3,516,4,16,3,532,California
Mono,2021-01-12,283,831,75,366,208,465,0,0,219,672,63,79,219,751,California
Mono,2021-01-13,233,1064,73,439,160,625,0,0,178,795,55,134,178,929,California
Mono,2021-01-14,73,1137,71,510,2,627,0,0,73,868,0,134,73,1002,California
Mono,2021-01-15,60,1197,2,512,58,685,0,0,60,928,0,134,60,1062,California
Mono,2021-01-16,4,1201,3,515,1,686,0,0,1,926,3,137,1,1063,California
Mono,2021-01-18,63,1264,54,569,9,695,0,0,2,867,61,198,2,1065,California
Mono,2021-01-19,209,1473,207,776,2,697,0,0,171,1001,38,236,172,1237,California
Mono,2021-01-20,231,1704,200,976,31,728,0,0,170,1110,61,297,170,1407,California
Mono,2021-01-21,3,1707,3,979,0,728,0,0,3,1113,0,297,3,1410,California
Mono,2021-01-22,4,1711,0,979,4,732,0,0,4,1117,0,297,4,1414,California
Mono,2021-01-23,597,2308,597,1576,0,732,0,0,597,1714,0,297,597,2011,California
Mono,2021-01-25,205,2513,167,1743,38,770,0,0,166,1841,39,336,166,2177,California
Mono,2021-01-26,504,3017,502,2245,2,772,0,0,500,2337,4,340,500,2677,California
Mono,2021-01-27,5,3022,1,2246,4,776,0,0,5,2342,0,340,5,2682,California
Mono,2021-01-28,7,3029,3,2249,4,780,0,0,3,2341,4,344,3,2685,California
Mono,2021-01-30,201,3230,199,2448,2,782,0,0,201,2542,0,344,201,2886,California
Mono,2021-01-31,243,3473,138,2586,105,887,0,0,139,2577,104,448,139,3025,California
Mono,2021-02-01,27,3500,27,2613,0,887,0,0,0,2550,27,475,0,3025,California
Mono,2021-02-02,5,3505,0,2613,5,892,0,0,2,2549,3,478,2,3027,California
Mono,2021-02-03,3,3508,1,2614,2,894,0,0,1,2548,2,480,1,3028,California
Mono,2021-02-04,211,3719,158,2772,53,947,0,0,90,2517,121,601,90,3118,California
Mono,2021-02-05,623,4342,617,3389,6,953,0,0,620,3134,3,604,620,3738,California
Mono,2021-02-06,140,4482,139,3528,1,954,0,0,138,3270,2,606,138,3876,California
Mono,2021-02-07,2,4484,0,3528,2,956,0,0,2,3272,0,606,2,3878,California
Mono,2021-02-08,172,4656,172,3700,0,956,0,0,15,3131,156,762,15,3893,California
Mono,2021-02-09,226,4882,5,3705,221,1177,0,0,14,2933,212,974,14,3907,California
Mono,2021-02-10,535,5417,184,3889,351,1528,0,0,196,2790,339,1313,196,4103,California
Mono,2021-02-11,6,5423,4,3893,2,1530,0,0,1,2786,5,1318,1,4104,California
Mono,2021-02-12,83,5506,19,3912,64,1594,0,0,25,2753,58,1376,25,4129,California
Mono,2021-02-13,588,6094,588,4500,0,1594,0,0,25,2215,563,1939,25,4154,California
Mono,2021-02-15,168,6262,166,4666,2,1596,0,0,4,2056,163,2102,4,4158,California
Mono,2021-02-16,520,6782,517,5183,3,1599,0,0,44,1625,475,2577,44,4202,California
Mono,2021-02-17,5,6787,1,5184,4,1603,0,0,1,1622,4,2581,1,4203,California
Mono,2021-02-18,2,6789,2,5186,0,1603,0,0,1,1622,1,2582,1,4204,California
Mono,2021-02-19,54,6843,53,5239,1,1604,0,0,54,1676,0,2582,54,4258,California
Mono,2021-02-20,4,6847,4,5243,0,1604,0,0,4,1680,0,2582,4,4262,California
Mono,2021-02-21,3,6850,3,5246,0,1604,0,0,3,1683,0,2582,3,4265,California
Mono,2021-02-22,285,7135,284,5530,1,1605,0,0,24,1447,260,2842,24,4289,California
Mono,2021-02-23,135,7270,115,5645,20,1625,0,0,22,1356,113,2955,22,4311,California
Mono,2021-02-24,7,7277,2,5647,5,1630,0,0,2,1353,5,2960,2,4313,California
Mono,2021-02-25,6,7283,3,5650,3,1633,0,0,3,1355,1,2961,3,4316,California
Mono,2021-02-26,602,7885,602,6252,0,1633,0,0,20,793,582,3543,20,4336,California
Mono,2021-02-27,142,8027,138,6390,4,1637,0,0,4,662,135,3678,4,4340,California
Mono,2021-02-28,1,8028,1,6391,0,1637,0,0,1,663,0,3678,1,4341,California
Mono,2021-03-01,2,8030,2,6393,0,1637,0,0,1,664,0,3678,1,4342,California
Mono,2021-03-02,5,8035,3,6396,2,1639,0,0,3,665,2,3680,3,4345,California
Mono,2021-03-03,81,8116,2,6398,79,1718,0,0,78,741,2,3682,78,4423,California
Mono,2021-03-04,4,8120,0,6398,4,1722,0,0,2,741,2,3684,2,4425,California
Mono,2021-03-05,37,8157,27,6425,10,1732,0,0,15,734,22,3706,15,4440,California
Mono,2021-03-06,510,8667,16,6441,494,2226,0,0,504,1233,5,3711,504,4944,California
Mono,2021-03-07,1,8668,0,6441,1,2227,0,0,0,1232,1,3712,0,4944,California
Mono,2021-03-08,544,9212,11,6452,530,2757,3,3,535,1761,9,3721,538,5482,California
Mono,2021-03-09,7,9219,2,6454,4,2761,1,4,4,1764,2,3723,5,5487,California
Mono,2021-03-10,286,9505,91,6545,192,2953,3,7,10,1502,275,3998,13,5500,California
Mono,2021-03-11,10,9515,0,6545,1,2954,9,16,0,1501,10,4008,9,5509,California
Mono,2021-03-12,6,9521,1,6546,1,2955,4,20,0,1499,6,4014,4,5513,California
Mono,2021-03-13,828,10349,392,6938,436,3391,0,20,820,2311,8,4022,820,6333,California
Mono,2021-03-14,4,10353,4,6942,0,3391,0,20,1,2309,3,4025,1,6334,California
Mono,2021-03-15,29,10382,23,6965,1,3392,5,25,13,2311,16,4041,18,6352,California
Mono,2021-03-16,16,10398,6,6971,4,3396,6,31,8,2317,8,4049,14,6366,California
Mono,2021-03-17,33,10431,4,6975,21,3417,8,39,22,2336,11,4060,30,6396,California
Mono,2021-03-18,19,10450,2,6977,9,3426,8,47,8,2341,11,4071,16,6412,California
Mono,2021-03-19,21,10471,1,6978,17,3443,3,50,18,2359,3,4074,21,6433,California
Mono,2021-03-20,5,10476,4,6982,0,3443,1,51,4,2363,1,4075,5,6438,California
Mono,2021-03-21,1,10477,1,6983,0,3443,0,51,1,2364,0,4075,1,6439,California
Mono,2021-03-22,11,10488,0,6983,6,3449,5,56,5,2368,6,4081,10,6449,California
Mono,2021-03-23,42,10530,5,6988,32,3481,5,61,19,2369,23,4104,24,6473,California
Mono,2021-03-24,12,10542,1,6989,6,3487,5,66,6,2374,6,4110,11,6484,California
Mono,2021-03-25,18,10560,2,6991,12,3499,4,70,12,2384,6,4116,16,6500,California
Mono,2021-03-26,21,10581,3,6994,13,3512,5,75,12,2393,8,4124,17,6517,California
Mono,2021-03-27,354,10935,351,7345,3,3515,0,75,329,2697,25,4149,329,6846,California
Mono,2021-03-28,1,10936,1,7346,0,3515,0,75,1,2698,0,4149,1,6847,California
Mono,2021-03-29,10,10946,3,7349,6,3521,1,76,9,2707,1,4150,10,6857,California
Mono,2021-03-30,15,10961,0,7349,11,3532,4,80,10,2716,5,4155,14,6871,California
Mono,2021-03-31,121,11082,7,7356,113,3645,1,81,45,2687,75,4230,46,6917,California
Mono,2021-04-01,7,11089,0,7356,6,3651,1,82,2,2685,5,4235,3,6920,California
Mono,2021-04-02,17,11106,2,7358,15,3666,0,82,6,2680,11,4246,6,6926,California
Mono,2021-04-03,850,11956,367,7725,483,4149,0,82,35,1901,814,5060,35,6961,California
Mono,2021-04-05,535,12491,17,7742,517,4666,1,83,32,1433,501,5561,33,6994,California
Mono,2021-04-06,21,12512,2,7744,8,4674,11,94,6,1435,15,5576,17,7011,California
Mono,2021-04-07,7,12519,4,7748,2,4676,1,95,4,1437,3,5579,5,7016,California
Monterey,2020-12-16,4,4,4,4,0,0,0,0,4,4,0,0,4,4,California
Monterey,2020-12-17,82,86,82,86,0,0,0,0,82,86,0,0,82,86,California
Monterey,2020-12-18,481,567,481,567,0,0,0,0,481,567,0,0,481,567,California
Monterey,2020-12-19,579,1146,579,1146,0,0,0,0,579,1146,0,0,579,1146,California
Monterey,2020-12-20,422,1568,422,1568,0,0,0,0,422,1568,0,0,422,1568,California
Monterey,2020-12-21,720,2288,720,2288,0,0,0,0,720,2288,0,0,720,2288,California
Monterey,2020-12-22,533,2821,520,2808,13,13,0,0,533,2821,0,0,533,2821,California
Monterey,2020-12-23,434,3255,258,3066,176,189,0,0,434,3255,0,0,434,3255,California
Monterey,2020-12-24,84,3339,10,3076,74,263,0,0,84,3339,0,0,84,3339,California
Monterey,2020-12-25,6,3345,0,3076,6,269,0,0,6,3345,0,0,6,3345,California
Monterey,2020-12-26,92,3437,5,3081,87,356,0,0,92,3437,0,0,92,3437,California
Monterey,2020-12-27,7,3444,4,3085,3,359,0,0,7,3444,0,0,7,3444,California
Monterey,2020-12-28,477,3921,25,3110,452,811,0,0,477,3921,0,0,477,3921,California
Monterey,2020-12-29,899,4820,167,3277,732,1543,0,0,899,4820,0,0,899,4820,California
Monterey,2020-12-30,568,5388,98,3375,470,2013,0,0,568,5388,0,0,568,5388,California
Monterey,2020-12-31,35,5423,11,3386,24,2037,0,0,35,5423,0,0,35,5423,California
Monterey,2021-01-01,11,5434,2,3388,9,2046,0,0,11,5434,0,0,11,5434,California
Monterey,2021-01-02,137,5571,134,3522,3,2049,0,0,137,5571,0,0,137,5571,California
Monterey,2021-01-03,30,5601,29,3551,1,2050,0,0,30,5601,0,0,30,5601,California
Monterey,2021-01-04,410,6011,18,3569,392,2442,0,0,410,6011,0,0,410,6011,California
Monterey,2021-01-05,750,6761,326,3895,424,2866,0,0,736,6733,14,14,736,6747,California
Monterey,2021-01-06,655,7416,172,4067,483,3349,0,0,633,7344,22,36,633,7380,California
Monterey,2021-01-07,743,8159,570,4637,173,3522,0,0,420,7443,321,357,420,7800,California
Monterey,2021-01-08,1085,9244,733,5370,352,3874,0,0,393,7144,692,1049,393,8193,California
Monterey,2021-01-09,963,10207,935,6305,28,3902,0,0,313,6807,650,1699,313,8506,California
Monterey,2021-01-10,272,10479,269,6574,3,3905,0,0,7,6549,265,1964,7,8513,California
Monterey,2021-01-11,1064,11543,984,7558,80,3985,0,0,361,6207,703,2667,361,8874,California
Monterey,2021-01-12,463,12006,387,7945,76,4061,0,0,202,6148,261,2928,202,9076,California
Monterey,2021-01-13,1216,13222,589,8534,627,4688,0,0,1173,7278,43,2971,1173,10249,California
Monterey,2021-01-14,1046,14268,93,8627,953,5641,0,0,1028,8291,18,2989,1031,11280,California
Monterey,2021-01-15,1036,15304,43,8670,993,6634,0,0,1023,9301,13,3002,1023,12303,California
Monterey,2021-01-16,359,15663,296,8966,63,6697,0,0,354,9650,5,3007,354,12657,California
Monterey,2021-01-17,312,15975,290,9256,22,6719,0,0,299,9936,13,3020,299,12956,California
Monterey,2021-01-18,401,16376,50,9306,351,7070,0,0,380,10295,21,3041,380,13336,California
Monterey,2021-01-19,573,16949,394,9700,179,7249,0,0,416,10556,155,3196,416,13752,California
Monterey,2021-01-20,530,17479,268,9968,262,7511,0,0,324,10674,206,3402,324,14076,California
Monterey,2021-01-21,839,18318,92,10060,747,8258,0,0,729,11297,110,3512,733,14809,California
Monterey,2021-01-22,1046,19364,191,10251,855,9113,0,0,1007,12265,39,3551,1007,15816,California
Monterey,2021-01-23,240,19604,174,10425,66,9179,0,0,117,12261,122,3673,118,15934,California
Monterey,2021-01-24,55,19659,37,10462,18,9197,0,0,21,12248,34,3707,21,15955,California
Monterey,2021-01-25,781,20440,173,10635,608,9805,0,0,154,11782,620,4327,154,16109,California
Monterey,2021-01-26,923,21363,221,10856,702,10507,0,0,233,11325,690,5017,233,16342,California
Monterey,2021-01-27,858,22221,307,11163,551,11058,0,0,376,11219,482,5499,376,16718,California
Monterey,2021-01-28,2004,24225,734,11897,1270,12328,0,0,1663,12543,341,5840,1665,18383,California
Monterey,2021-01-29,1224,25449,704,12601,520,12848,0,0,1109,13539,114,5954,1110,19493,California
Monterey,2021-01-30,432,25881,285,12886,147,12995,0,0,181,13469,251,6205,181,19674,California
Monterey,2021-01-31,491,26372,69,12955,422,13417,0,0,482,13943,9,6214,483,20157,California
Monterey,2021-02-01,1658,28030,1146,14101,512,13929,0,0,1097,14480,560,6774,1097,21254,California
Monterey,2021-02-02,2144,30174,454,14555,1690,15619,0,0,1538,15412,606,7380,1538,22792,California
Monterey,2021-02-03,2328,32502,1046,15601,1282,16901,0,0,1553,16194,771,8151,1553,24345,California
Monterey,2021-02-04,2699,35201,2021,17622,678,17579,0,0,2438,18373,259,8410,2438,26783,California
Monterey,2021-02-05,3634,38835,2818,20440,816,18395,0,0,3204,21152,425,8835,3204,29987,California
Monterey,2021-02-06,1096,39931,379,20819,717,19112,0,0,755,21568,339,9174,755,30742,California
Monterey,2021-02-07,316,40247,272,21091,44,19156,0,0,95,21442,221,9395,95,30837,California
Monterey,2021-02-08,514,40761,289,21380,225,19381,0,0,429,21786,85,9480,429,31266,California
Monterey,2021-02-09,856,41617,673,22053,183,19564,0,0,546,22024,310,9790,548,31814,California
Monterey,2021-02-10,2009,43626,1041,23094,968,20532,0,0,1160,22335,849,10639,1160,32974,California
Monterey,2021-02-11,2490,46116,964,24058,1526,22058,0,0,1538,22925,950,11589,1540,34514,California
Monterey,2021-02-12,2582,48698,426,24484,2156,24214,0,0,1522,23388,1059,12648,1522,36036,California
Monterey,2021-02-13,1069,49767,49,24533,1020,25234,0,0,978,24275,91,12739,978,37014,California
Monterey,2021-02-14,584,50351,72,24605,512,25746,0,0,511,24713,73,12812,511,37525,California
Monterey,2021-02-15,1341,51692,138,24743,1203,26949,0,0,971,25316,369,13181,972,38497,California
Monterey,2021-02-16,1086,52778,241,24984,845,27794,0,0,866,25962,220,13401,866,39363,California
Monterey,2021-02-17,1932,54710,1160,26144,772,28566,0,0,1634,27303,296,13697,1637,41000,California
Monterey,2021-02-18,2218,56928,1174,27318,1044,29610,0,0,904,26906,1304,15001,907,41907,California
Monterey,2021-02-19,2928,59856,1529,28847,1399,31009,0,0,1340,26658,1588,16589,1340,43247,California
Monterey,2021-02-20,999,60855,601,29448,398,31407,0,0,947,27554,51,16640,947,44194,California
Monterey,2021-02-21,1217,62072,1189,30637,28,31435,0,0,1165,28668,51,16691,1165,45359,California
Monterey,2021-02-22,942,63014,814,31451,128,31563,0,0,634,28995,307,16998,634,45993,California
Monterey,2021-02-23,946,63960,616,32067,330,31893,0,0,300,28651,645,17643,301,46294,California
Monterey,2021-02-24,2450,66410,1308,33375,1142,33035,0,0,1844,29894,602,18245,1845,48139,California
Monterey,2021-02-25,4337,70747,2393,35768,1944,34979,0,0,1445,28455,2885,21130,1446,49585,California
Monterey,2021-02-26,5240,75987,3081,38849,2159,37138,0,0,2620,28460,2616,23746,2621,52206,California
Monterey,2021-02-27,990,76977,180,39029,810,37948,0,0,802,29078,184,23930,802,53008,California
Monterey,2021-02-28,1525,78502,82,39111,1443,39391,0,0,1066,29689,455,24385,1066,54074,California
Monterey,2021-03-01,1271,79773,137,39248,1131,40522,3,3,741,29905,528,24913,744,54818,California
Monterey,2021-03-02,2715,82488,1713,40961,1002,41524,0,3,1871,30936,840,25753,1871,56689,California
Monterey,2021-03-03,3039,85527,1222,42183,1817,43341,0,3,1154,30208,1883,27636,1155,57844,California
Monterey,2021-03-04,4534,90061,1461,43644,3073,46414,0,3,2973,31624,1557,29193,2973,60817,California
Monterey,2021-03-05,3245,93306,1417,45061,1555,47969,273,276,2622,33897,622,29815,2895,63712,California
Monterey,2021-03-06,4886,98192,1063,46124,3571,51540,252,528,4032,37330,852,30667,4285,67997,California
Monterey,2021-03-07,515,98707,106,46230,163,51703,246,774,226,37512,289,30956,471,68468,California
Monterey,2021-03-08,1596,100303,324,46554,926,52629,346,1120,1100,38461,496,31452,1445,69913,California
Monterey,2021-03-09,1890,102193,673,47227,944,53573,273,1393,1409,39663,480,31932,1682,71595,California
Monterey,2021-03-10,2904,105097,869,48096,1551,55124,484,1877,1356,39959,1544,33476,1840,73435,California
Monterey,2021-03-11,4079,109176,1399,49495,2322,57446,358,2235,2333,40911,1739,35215,2691,76126,California
Monterey,2021-03-12,4067,113243,1988,51483,1989,59435,90,2325,2577,42089,1488,36703,2666,78792,California
Monterey,2021-03-13,4612,117855,950,52433,3316,62751,346,2671,3479,44781,1133,37836,3825,82617,California
Monterey,2021-03-14,1741,119596,1299,53732,419,63170,23,2694,396,43864,1336,39172,419,83036,California
Monterey,2021-03-15,3925,123521,1262,54994,2373,65543,290,2984,2248,44728,1673,40845,2537,85573,California
Monterey,2021-03-16,3452,126973,566,55560,2514,68057,372,3356,2054,45757,1397,42242,2426,87999,California
Monterey,2021-03-17,5641,132614,2305,57865,3087,71144,249,3605,4070,48519,1563,43805,4325,92324,California
Monterey,2021-03-18,4303,136917,2144,60009,1991,73135,168,3773,2985,50400,1312,45117,3193,95517,California
Monterey,2021-03-19,5316,142233,2542,62551,2632,75767,142,3915,4073,53377,1238,46355,4215,99732,California
Monterey,2021-03-20,3110,145343,417,62968,1999,77766,694,4609,2036,55039,1068,47423,2730,102462,California
Monterey,2021-03-21,618,145961,198,63166,413,78179,7,4616,553,55535,64,47487,560,103022,California
Monterey,2021-03-22,2434,148395,1421,64587,952,79131,61,4677,2242,57648,189,47676,2302,105324,California
Monterey,2021-03-23,3958,152353,2344,66931,1572,80703,42,4719,2508,58753,1445,49121,2550,107874,California
Monterey,2021-03-24,4913,157266,2058,68989,2547,83250,308,5027,3609,61370,1300,50421,3917,111791,California
Monterey,2021-03-25,5128,162394,1202,70191,3569,86819,357,5384,2583,61775,2536,52957,2941,114732,California
Monterey,2021-03-26,5278,167672,2595,72786,2617,89436,66,5450,2844,62262,2425,55382,2912,117644,California
Monterey,2021-03-27,4625,172297,1410,74196,2959,92395,256,5706,2921,63739,1700,57082,3177,120821,California
Monterey,2021-03-28,1101,173398,336,74532,757,93152,8,5714,625,63901,471,57553,633,121454,California
Monterey,2021-03-29,3186,176584,1426,75958,1746,94898,14,5728,1973,64684,1207,58760,1990,123444,California
Monterey,2021-03-30,4427,181011,2130,78088,2260,97158,37,5765,2747,65803,1669,60429,2788,126232,California
Monterey,2021-03-31,5254,186265,2361,80449,2102,99260,791,6556,3403,68150,1848,62277,4195,130427,California
Monterey,2021-04-01,6007,192272,2068,82517,3543,102803,396,6952,3046,68643,2948,65225,3441,133868,California
Monterey,2021-04-02,4666,196938,2254,84771,2355,105158,57,7009,3322,70683,1341,66566,3381,137249,California
Monterey,2021-04-03,4735,201673,1113,85884,3506,108664,116,7125,1228,68531,3496,70062,1344,138593,California
Monterey,2021-04-04,757,202430,162,86046,583,109247,12,7137,508,68804,249,70311,522,139115,California
Monterey,2021-04-05,3929,206359,2478,88524,1279,110526,172,7309,1519,68090,2406,72717,1692,140807,California
Monterey,2021-04-06,2794,209153,1272,89796,1210,111736,312,7621,1059,67732,1728,74445,1370,142177,California
Monterey,2021-04-07,3270,212423,767,90563,2430,114166,73,7694,1510,67562,1754,76199,1584,143761,California
Napa,2020-12-16,12,12,12,12,0,0,0,0,12,12,0,0,12,12,California
Napa,2020-12-17,44,56,44,56,0,0,0,0,44,56,0,0,44,56,California
Napa,2020-12-18,102,158,102,158,0,0,0,0,102,158,0,0,102,158,California
Napa,2020-12-19,221,379,221,379,0,0,0,0,221,379,0,0,221,379,California
Napa,2020-12-20,189,568,189,568,0,0,0,0,189,568,0,0,189,568,California
Napa,2020-12-21,307,875,307,875,0,0,0,0,308,876,0,0,308,876,California
Napa,2020-12-22,338,1213,329,1204,9,9,0,0,338,1214,0,0,338,1214,California
Napa,2020-12-23,426,1639,317,1521,109,118,0,0,426,1640,0,0,426,1640,California
Napa,2020-12-24,138,1777,77,1598,61,179,0,0,138,1778,0,0,138,1778,California
Napa,2020-12-25,1,1778,1,1599,0,179,0,0,1,1779,0,0,1,1779,California
Napa,2020-12-26,39,1817,11,1610,28,207,0,0,39,1818,0,0,39,1818,California
Napa,2020-12-27,32,1849,16,1626,16,223,0,0,32,1850,0,0,32,1850,California
Napa,2020-12-28,249,2098,184,1810,65,288,0,0,277,2127,0,0,277,2127,California
Napa,2020-12-29,271,2369,212,2022,59,347,0,0,305,2432,0,0,305,2432,California
Napa,2020-12-30,628,2997,484,2506,144,491,0,0,636,3068,0,0,636,3068,California
Napa,2020-12-31,461,3458,373,2879,88,579,0,0,461,3529,0,0,461,3529,California
Napa,2021-01-01,1,3459,1,2880,0,579,0,0,1,3530,0,0,1,3530,California
Napa,2021-01-02,97,3556,92,2972,5,584,0,0,97,3627,0,0,97,3627,California
Napa,2021-01-03,12,3568,10,2982,2,586,0,0,9,3636,0,0,9,3636,California
Napa,2021-01-04,105,3673,62,3044,43,629,0,0,105,3741,0,0,105,3741,California
Napa,2021-01-05,152,3825,85,3129,67,696,0,0,135,3852,24,24,135,3876,California
Napa,2021-01-06,455,4280,114,3243,341,1037,0,0,391,4181,62,86,391,4267,California
Napa,2021-01-07,484,4764,221,3464,263,1300,0,0,384,4466,99,185,384,4651,California
Napa,2021-01-08,442,5206,227,3691,215,1515,0,0,262,4549,179,364,262,4913,California
Napa,2021-01-09,325,5531,299,3990,26,1541,0,0,188,4600,137,501,188,5101,California
Napa,2021-01-10,184,5715,101,4091,83,1624,0,0,109,4634,75,576,109,5210,California
Napa,2021-01-11,875,6590,419,4510,456,2080,0,0,506,4771,370,946,507,5717,California
Napa,2021-01-12,1309,7899,370,4880,939,3019,0,0,994,5450,315,1261,994,6711,California
Napa,2021-01-13,1307,9206,262,5142,1045,4064,0,0,1146,6437,160,1421,1147,7858,California
Napa,2021-01-14,1048,10254,171,5313,877,4941,0,0,932,7255,114,1535,932,8790,California
Napa,2021-01-15,1449,11703,382,5695,1067,6008,0,0,1301,8401,156,1691,1302,10092,California
Napa,2021-01-16,354,12057,133,5828,221,6229,0,0,336,8719,18,1709,336,10428,California
Napa,2021-01-17,339,12396,175,6003,164,6393,0,0,329,9038,10,1719,329,10757,California
Napa,2021-01-18,1081,13477,196,6199,885,7278,0,0,990,9937,91,1810,990,11747,California
Napa,2021-01-19,1005,14482,402,6601,603,7881,0,0,766,10465,238,2048,766,12513,California
Napa,2021-01-20,823,15305,183,6784,640,8521,0,0,643,10930,178,2226,643,13156,California
Napa,2021-01-21,1330,16635,373,7157,957,9478,0,0,1075,11752,254,2480,1076,14232,California
Napa,2021-01-22,1538,18173,411,7568,1127,10605,0,0,1211,12638,326,2806,1212,15444,California
Napa,2021-01-23,396,18569,316,7884,80,10685,0,0,335,12912,61,2867,335,15779,California
Napa,2021-01-24,265,18834,189,8073,76,10761,0,0,207,13061,58,2925,207,15986,California
Napa,2021-01-25,1519,20353,230,8303,1289,12050,0,0,1430,14402,89,3014,1430,17416,California
Napa,2021-01-26,876,21229,282,8585,594,12644,0,0,782,15091,94,3108,783,18199,California
Napa,2021-01-27,623,21852,219,8804,404,13048,0,0,468,15404,155,3263,468,18667,California
Napa,2021-01-28,378,22230,166,8970,212,13260,0,0,199,15425,178,3441,199,18866,California
Napa,2021-01-29,252,22482,64,9034,188,13448,0,0,157,15487,95,3536,157,19023,California
Napa,2021-01-30,804,23286,695,9729,109,13557,0,0,640,15963,164,3700,640,19663,California
Napa,2021-01-31,656,23942,626,10355,30,13587,0,0,630,16567,26,3726,630,20293,California
Napa,2021-02-01,312,24254,108,10463,204,13791,0,0,160,16575,152,3878,160,20453,California
Napa,2021-02-02,586,24840,279,10742,307,14098,0,0,287,16565,297,4175,287,20740,California
Napa,2021-02-03,733,25573,309,11051,424,14522,0,0,425,16682,308,4483,425,21165,California
Napa,2021-02-04,790,26363,374,11425,416,14938,0,0,442,16778,346,4829,442,21607,California
Napa,2021-02-05,702,27065,312,11737,390,15328,0,0,337,16750,365,5194,337,21944,California
Napa,2021-02-06,429,27494,143,11880,286,15614,0,0,325,16971,104,5298,325,22269,California
Napa,2021-02-07,173,27667,160,12040,13,15627,0,0,70,16938,103,5401,70,22339,California
Napa,2021-02-08,830,28497,190,12230,640,16267,0,0,269,16649,558,5959,269,22608,California
Napa,2021-02-09,1072,29569,440,12670,632,16899,0,0,432,16441,640,6599,432,23040,California
Napa,2021-02-10,1712,31281,189,12859,1523,18422,0,0,447,15626,1262,7861,447,23487,California
Napa,2021-02-11,1494,32775,194,13053,1300,19722,0,0,410,14965,1072,8933,411,23898,California
Napa,2021-02-12,2151,34926,833,13886,1318,21040,0,0,717,14251,1431,10364,717,24615,California
Napa,2021-02-13,491,35417,51,13937,440,21480,0,0,311,14382,180,10544,311,24926,California
Napa,2021-02-14,354,35771,91,14028,263,21743,0,0,195,14418,159,10703,195,25121,California
Napa,2021-02-15,876,36647,185,14213,691,22434,0,0,223,13991,650,11353,223,25344,California
Napa,2021-02-16,1286,37933,599,14812,687,23121,0,0,614,13934,671,12024,614,25958,California
Napa,2021-02-17,1043,38976,527,15339,516,23637,0,0,477,13846,565,12589,477,26435,California
Napa,2021-02-18,1896,40872,484,15823,1412,25049,0,0,660,13273,1233,13822,660,27095,California
Napa,2021-02-19,1478,42350,586,16409,892,25941,0,0,678,13152,799,14621,678,27773,California
Napa,2021-02-20,810,43160,587,16996,223,26164,0,0,269,12880,541,15162,269,28042,California
Napa,2021-02-21,795,43955,734,17730,61,26225,0,0,193,12471,602,15764,193,28235,California
Napa,2021-02-22,440,44395,185,17915,255,26480,0,0,138,12307,302,16066,138,28373,California
Napa,2021-02-23,1124,45519,301,18216,823,27303,0,0,307,11797,817,16883,307,28680,California
Napa,2021-02-24,1160,46679,641,18857,519,27822,0,0,573,11786,585,17468,574,29254,California
Napa,2021-02-25,2538,49217,1211,20068,1327,29149,0,0,1824,12898,712,18180,1824,31078,California
Napa,2021-02-26,1490,50707,514,20582,976,30125,0,0,584,12578,904,19084,584,31662,California
Napa,2021-02-27,1098,51805,361,20943,737,30862,0,0,846,13174,250,19334,846,32508,California
Napa,2021-02-28,560,52365,459,21402,101,30963,0,0,461,13538,97,19431,461,32969,California
Napa,2021-03-01,1097,53462,815,22217,282,31245,0,0,831,14104,265,19696,831,33800,California
Napa,2021-03-02,1478,54940,1023,23240,455,31700,0,0,1145,14917,332,20028,1145,34945,California
Napa,2021-03-03,1502,56442,675,23915,827,32527,0,0,1326,16068,175,20203,1326,36271,California
Napa,2021-03-04,1701,58143,777,24692,924,33451,0,0,1465,17300,233,20436,1465,37736,California
Napa,2021-03-05,1885,60028,778,25470,1103,34554,4,4,1473,18367,410,20846,1477,39213,California
Napa,2021-03-06,624,60652,279,25749,315,34869,30,34,516,18807,106,20952,546,39759,California
Napa,2021-03-07,517,61169,320,26069,182,35051,15,49,366,19037,151,21103,381,40140,California
Napa,2021-03-08,690,61859,319,26388,319,35370,52,101,516,19433,172,21275,568,40708,California
Napa,2021-03-09,1630,63489,570,26958,1014,36384,46,147,1202,20256,425,21700,1248,41956,California
Napa,2021-03-10,1465,64954,911,27869,462,36846,92,239,774,20434,688,22388,866,42822,California
Napa,2021-03-11,1804,66758,1034,28903,651,37497,119,358,918,20587,884,23272,1037,43859,California
Napa,2021-03-12,1451,68209,888,29791,472,37969,91,449,777,20781,673,23945,867,44726,California
Napa,2021-03-13,1117,69326,294,30085,801,38770,22,471,815,21318,300,24245,837,45563,California
Napa,2021-03-14,552,69878,314,30399,89,38859,149,620,209,21334,342,24587,358,45921,California
Napa,2021-03-15,941,70819,402,30801,471,39330,68,688,476,21415,463,25050,544,46465,California
Napa,2021-03-16,1802,72621,389,31190,1287,40617,126,814,1342,22428,456,25506,1469,47934,California
Napa,2021-03-17,2459,75080,1835,33025,445,41062,179,993,1558,23264,901,26407,1737,49671,California
Napa,2021-03-18,2090,77170,904,33929,1176,42238,10,1003,1284,23754,804,27211,1294,50965,California
Napa,2021-03-19,1424,78594,853,34782,544,42782,27,1030,707,23774,714,27925,734,51699,California
Napa,2021-03-20,992,79586,530,35312,310,43092,152,1182,421,23777,570,28495,573,52272,California
Napa,2021-03-21,704,80290,682,35994,20,43112,2,1184,354,23784,349,28844,356,52628,California
Napa,2021-03-22,1072,81362,894,36888,167,43279,11,1195,472,23669,598,29442,483,53111,California
Napa,2021-03-23,1500,82862,813,37701,670,43949,17,1212,998,24184,500,29942,1015,54126,California
Napa,2021-03-24,1685,84547,932,38633,745,44694,8,1220,816,24140,868,30810,824,54950,California
Napa,2021-03-25,1582,86129,1035,39668,493,45187,54,1274,734,24081,847,31657,788,55738,California
Napa,2021-03-26,1226,87355,800,40468,420,45607,6,1280,534,23932,689,32346,540,56278,California
Napa,2021-03-27,945,88300,434,40902,484,46091,27,1307,315,23644,630,32976,342,56620,California
Napa,2021-03-28,481,88781,372,41274,103,46194,6,1313,182,23534,299,33275,189,56809,California
Napa,2021-03-29,1158,89939,856,42130,297,46491,5,1318,710,23802,447,33722,715,57524,California
Napa,2021-03-30,2325,92264,926,43056,1396,47887,3,1321,1549,24578,776,34498,1552,59076,California
Napa,2021-03-31,1945,94209,952,44008,925,48812,68,1389,824,24349,1120,35618,891,59967,California
Napa,2021-04-01,1688,95897,809,44817,764,49576,115,1504,461,23703,1223,36841,577,60544,California
Napa,2021-04-02,1723,97620,802,45619,779,50355,142,1646,438,23002,1281,38122,580,61124,California
Napa,2021-04-03,622,98242,360,45979,203,50558,59,1705,219,22877,403,38525,278,61402,California
Napa,2021-04-04,347,98589,139,46118,150,50708,58,1763,125,22838,222,38747,183,61585,California
Napa,2021-04-05,1251,99840,751,46869,283,50991,217,1980,568,22941,682,39429,785,62370,California
Napa,2021-04-06,1511,101351,546,47415,734,51725,231,2211,500,22664,1008,40437,731,63101,California
Napa,2021-04-07,980,102331,386,47801,487,52212,107,2318,317,22428,660,41097,424,63525,California
Nevada,2020-12-16,3,3,3,3,0,0,0,0,3,3,0,0,3,3,California
Nevada,2020-12-17,6,9,6,9,0,0,0,0,6,9,0,0,6,9,California
Nevada,2020-12-18,51,60,51,60,0,0,0,0,51,60,0,0,51,60,California
Nevada,2020-12-19,55,115,55,115,0,0,0,0,55,115,0,0,55,115,California
Nevada,2020-12-20,12,127,12,127,0,0,0,0,12,127,0,0,12,127,California
Nevada,2020-12-21,69,196,69,196,0,0,0,0,69,196,0,0,69,196,California
Nevada,2020-12-22,91,287,89,285,2,2,0,0,91,287,0,0,91,287,California
Nevada,2020-12-23,234,521,202,487,32,34,0,0,234,521,0,0,234,521,California
Nevada,2020-12-24,13,534,11,498,2,36,0,0,13,534,0,0,13,534,California
Nevada,2020-12-25,2,536,2,500,0,36,0,0,2,536,0,0,2,536,California
Nevada,2020-12-26,6,542,4,504,2,38,0,0,6,542,0,0,6,542,California
Nevada,2020-12-27,88,630,88,592,0,38,0,0,88,630,0,0,88,630,California
Nevada,2020-12-28,170,800,93,685,77,115,0,0,170,800,0,0,170,800,California
Nevada,2020-12-29,100,900,74,759,26,141,0,0,100,900,0,0,100,900,California
Nevada,2020-12-30,85,985,66,825,19,160,0,0,85,985,0,0,85,985,California
Nevada,2020-12-31,39,1024,9,834,30,190,0,0,39,1024,0,0,39,1024,California
Nevada,2021-01-01,1,1025,0,834,1,191,0,0,1,1025,0,0,1,1025,California
Nevada,2021-01-02,1,1026,1,835,0,191,0,0,1,1026,0,0,1,1026,California
Nevada,2021-01-03,129,1155,126,961,3,194,0,0,129,1155,0,0,129,1155,California
Nevada,2021-01-04,71,1226,47,1008,24,218,0,0,71,1226,0,0,71,1226,California
Nevada,2021-01-05,272,1498,130,1138,142,360,0,0,271,1496,1,1,271,1497,California
Nevada,2021-01-06,91,1589,43,1181,48,408,0,0,83,1571,8,9,83,1580,California
Nevada,2021-01-07,215,1804,43,1224,172,580,0,0,208,1774,6,15,209,1789,California
Nevada,2021-01-08,220,2024,126,1350,94,674,0,0,169,1892,51,66,169,1958,California
Nevada,2021-01-09,63,2087,56,1406,7,681,0,0,15,1859,48,114,15,1973,California
Nevada,2021-01-10,17,2104,9,1415,8,689,0,0,9,1860,8,122,9,1982,California
Nevada,2021-01-11,185,2289,131,1546,54,743,0,0,57,1789,128,250,57,2039,California
Nevada,2021-01-12,599,2888,453,1999,146,889,0,0,533,2256,66,316,533,2572,California
Nevada,2021-01-13,259,3147,146,2145,113,1002,0,0,124,2245,135,451,124,2696,California
Nevada,2021-01-14,232,3379,124,2269,108,1110,0,0,214,2442,17,468,214,2910,California
Nevada,2021-01-15,392,3771,168,2437,224,1334,0,0,294,2638,98,566,294,3204,California
Nevada,2021-01-16,295,4066,15,2452,280,1614,0,0,291,2925,4,570,291,3495,California
Nevada,2021-01-17,35,4101,31,2483,4,1618,0,0,33,2956,2,572,33,3528,California
Nevada,2021-01-18,148,4249,40,2523,108,1726,0,0,139,3086,9,581,139,3667,California
Nevada,2021-01-19,234,4483,85,2608,149,1875,0,0,215,3282,19,600,215,3882,California
Nevada,2021-01-20,258,4741,153,2761,105,1980,0,0,245,3514,13,613,245,4127,California
Nevada,2021-01-21,336,5077,207,2968,129,2109,0,0,323,3824,13,626,323,4450,California
Nevada,2021-01-22,342,5419,209,3177,133,2242,0,0,311,4104,31,657,311,4761,California
Nevada,2021-01-23,176,5595,104,3281,72,2314,0,0,176,4280,0,657,176,4937,California
Nevada,2021-01-24,105,5700,98,3379,7,2321,0,0,66,4307,39,696,66,5003,California
Nevada,2021-01-25,264,5964,136,3515,128,2449,0,0,203,4449,61,757,203,5206,California
Nevada,2021-01-26,397,6361,141,3656,256,2705,0,0,296,4644,101,858,296,5502,California
Nevada,2021-01-27,409,6770,242,3898,167,2872,0,0,385,5005,24,882,385,5887,California
Nevada,2021-01-28,459,7229,312,4210,147,3019,0,0,417,5381,41,923,417,6304,California
Nevada,2021-01-29,593,7822,388,4598,205,3224,0,0,570,5929,23,946,571,6875,California
Nevada,2021-01-30,230,8052,103,4701,127,3351,0,0,227,6153,3,949,227,7102,California
Nevada,2021-01-31,103,8155,87,4788,16,3367,0,0,103,6256,0,949,103,7205,California
Nevada,2021-02-01,290,8445,70,4858,220,3587,0,0,276,6518,14,963,276,7481,California
Nevada,2021-02-02,508,8953,171,5029,337,3924,0,0,319,6648,189,1152,319,7800,California
Nevada,2021-02-03,805,9758,569,5598,236,4160,0,0,755,7354,49,1201,755,8555,California
Nevada,2021-02-04,742,10500,393,5991,349,4509,0,0,494,7601,247,1448,494,9049,California
Nevada,2021-02-05,640,11140,361,6352,279,4788,0,0,454,7871,184,1632,454,9503,California
Nevada,2021-02-06,270,11410,84,6436,186,4974,0,0,243,8087,27,1659,243,9746,California
Nevada,2021-02-07,244,11654,191,6627,53,5027,0,0,190,8223,54,1713,190,9936,California
Nevada,2021-02-08,649,12303,407,7034,242,5269,0,0,550,8674,99,1812,550,10486,California
Nevada,2021-02-09,604,12907,338,7372,266,5535,0,0,466,9002,138,1950,466,10952,California
Nevada,2021-02-10,646,13553,323,7695,323,5858,0,0,417,9191,229,2179,418,11370,California
Nevada,2021-02-11,867,14420,501,8196,366,6224,0,0,539,9403,327,2506,539,11909,California
Nevada,2021-02-12,925,15345,433,8629,492,6716,0,0,611,9701,313,2819,611,12520,California
Nevada,2021-02-13,592,15937,233,8862,359,7075,0,0,386,9886,202,3021,387,12907,California
Nevada,2021-02-14,227,16164,118,8980,109,7184,0,0,199,10057,28,3049,199,13106,California
Nevada,2021-02-15,701,16865,437,9417,264,7448,0,0,533,10422,168,3217,533,13639,California
Nevada,2021-02-16,612,17477,198,9615,414,7862,0,0,453,10717,158,3375,453,14092,California
Nevada,2021-02-17,1177,18654,761,10376,416,8278,0,0,860,11260,317,3692,860,14952,California
Nevada,2021-02-18,994,19648,544,10920,450,8728,0,0,598,11463,395,4087,598,15550,California
Nevada,2021-02-19,1002,20650,627,11547,375,9103,0,0,651,11764,351,4438,652,16202,California
Nevada,2021-02-20,294,20944,103,11650,191,9294,0,0,172,11815,121,4559,172,16374,California
Nevada,2021-02-21,88,21032,83,11733,5,9299,0,0,8,11743,80,4639,8,16382,California
Nevada,2021-02-22,491,21523,326,12059,165,9464,0,0,347,11947,143,4782,347,16729,California
Nevada,2021-02-23,450,21973,204,12263,246,9710,0,0,206,11912,241,5023,206,16935,California
Nevada,2021-02-24,473,22446,236,12499,237,9947,0,0,251,11943,222,5245,253,17188,California
Nevada,2021-02-25,856,23302,465,12964,391,10338,0,0,429,11947,425,5670,429,17617,California
Nevada,2021-02-26,1231,24533,881,13845,350,10688,0,0,409,11537,819,6489,409,18026,California
Nevada,2021-02-27,348,24881,108,13953,240,10928,0,0,178,11545,170,6659,178,18204,California
Nevada,2021-02-28,256,25137,145,14098,111,11039,0,0,120,11529,136,6795,120,18324,California
Nevada,2021-03-01,808,25945,417,14515,391,11430,0,0,346,11414,461,7256,346,18670,California
Nevada,2021-03-02,696,26641,259,14774,437,11867,0,0,476,11674,216,7472,476,19146,California
Nevada,2021-03-03,911,27552,481,15255,430,12297,0,0,447,11658,463,7935,447,19593,California
Nevada,2021-03-04,1091,28643,612,15867,479,12776,0,0,459,11488,629,8564,459,20052,California
Nevada,2021-03-05,795,29438,440,16307,345,13121,10,10,346,11397,447,9011,356,20408,California
Nevada,2021-03-06,343,29781,112,16419,208,13329,23,33,135,11347,208,9219,158,20566,California
Nevada,2021-03-07,207,29988,109,16528,78,13407,20,53,66,11292,140,9359,85,20651,California
Nevada,2021-03-08,798,30786,538,17066,217,13624,43,96,354,11248,443,9802,399,21050,California
Nevada,2021-03-09,650,31436,310,17376,290,13914,50,146,355,11358,294,10096,404,21454,California
Nevada,2021-03-10,950,32386,602,17978,291,14205,57,203,317,11102,630,10726,374,21828,California
Nevada,2021-03-11,1083,33469,712,18690,346,14551,25,228,534,11118,543,11269,559,22387,California
Nevada,2021-03-12,1141,34610,724,19414,389,14940,28,256,505,11016,635,11904,533,22920,California
Nevada,2021-03-13,218,34828,49,19463,164,15104,5,261,86,10975,131,12035,90,23010,California
Nevada,2021-03-14,109,34937,21,19484,83,15187,5,266,28,10927,81,12116,33,23043,California
Nevada,2021-03-15,837,35774,451,19935,374,15561,12,278,356,10816,479,12595,368,23411,California
Nevada,2021-03-16,991,36765,464,20399,466,16027,61,339,645,11177,345,12940,706,24117,California
Nevada,2021-03-17,1005,37770,444,20843,551,16578,10,349,578,11341,424,13364,588,24705,California
Nevada,2021-03-18,963,38733,526,21369,414,16992,23,372,475,11355,484,13848,498,25203,California
Nevada,2021-03-19,743,39476,436,21805,276,17268,31,403,349,11342,393,14241,380,25583,California
Nevada,2021-03-20,808,40284,91,21896,296,17564,421,824,225,11410,576,14817,644,26227,California
Nevada,2021-03-21,58,40342,31,21927,26,17590,1,825,41,11435,17,14834,42,26269,California
Nevada,2021-03-22,799,41141,515,22442,279,17869,5,830,544,11731,253,15087,549,26818,California
Nevada,2021-03-23,850,41991,384,22826,440,18309,26,856,643,12196,204,15291,669,27487,California
Nevada,2021-03-24,1011,43002,536,23362,468,18777,7,863,645,12486,362,15653,652,28139,California
Nevada,2021-03-25,885,43887,447,23809,412,19189,26,889,487,12599,398,16051,511,28650,California
Nevada,2021-03-26,1136,45023,431,24240,669,19858,36,925,827,13156,306,16357,863,29513,California
Nevada,2021-03-27,558,45581,69,24309,473,20331,16,941,387,13388,171,16528,403,29916,California
Nevada,2021-03-28,169,45750,49,24358,107,20438,13,954,40,13313,128,16656,53,29969,California
Nevada,2021-03-29,819,46569,503,24861,294,20732,22,976,393,13304,424,17080,415,30384,California
Nevada,2021-03-30,1036,47605,470,25331,532,21264,34,1010,540,13387,491,17571,574,30958,California
Nevada,2021-03-31,1158,48763,655,25986,486,21750,17,1027,725,13705,424,17995,742,31700,California
Nevada,2021-04-01,1223,49986,715,26701,455,22205,53,1080,556,13650,664,18659,609,32309,California
Nevada,2021-04-02,1265,51251,643,27344,586,22791,36,1116,764,13952,498,19157,800,33109,California
Nevada,2021-04-03,272,51523,75,27419,159,22950,38,1154,79,13876,193,19350,117,33226,California
Nevada,2021-04-04,126,51649,41,27460,78,23028,7,1161,77,13911,49,19399,84,33310,California
Nevada,2021-04-05,725,52374,406,27866,298,23326,21,1182,469,14147,254,19653,490,33800,California
Nevada,2021-04-06,995,53369,613,28479,250,23576,132,1314,454,14197,536,20189,586,34386,California
Nevada,2021-04-07,739,54108,563,29042,163,23739,13,1327,383,14242,350,20539,395,34781,California
Orange,2020-12-15,16,16,16,16,0,0,0,0,16,16,0,0,16,16,California
Orange,2020-12-16,367,383,367,383,0,0,0,0,367,383,0,0,367,383,California
Orange,2020-12-17,3713,4096,3713,4096,0,0,0,0,3712,4095,0,0,3712,4095,California
Orange,2020-12-18,5029,9125,5022,9118,7,7,0,0,5028,9123,0,0,5028,9123,California
Orange,2020-12-19,2224,11349,2217,11335,7,14,0,0,2223,11346,0,0,2223,11346,California
Orange,2020-12-20,1970,13319,1968,13303,2,16,0,0,1971,13317,0,0,1971,13317,California
Orange,2020-12-21,4238,17557,4232,17535,6,22,0,0,4238,17555,0,0,4238,17555,California
Orange,2020-12-22,3972,21529,3939,21474,33,55,0,0,3972,21527,0,0,3972,21527,California
Orange,2020-12-23,3546,25075,3193,24667,353,408,0,0,3548,25075,0,0,3548,25075,California
Orange,2020-12-24,1371,26446,1075,25742,296,704,0,0,1371,26446,0,0,1371,26446,California
Orange,2020-12-25,16,26462,11,25753,5,709,0,0,16,26462,0,0,16,26462,California
Orange,2020-12-26,1016,27478,421,26174,595,1304,0,0,1016,27478,0,0,1016,27478,California
Orange,2020-12-27,580,28058,274,26448,306,1610,0,0,580,28058,0,0,580,28058,California
Orange,2020-12-28,3529,31587,2561,29009,968,2578,0,0,3529,31587,0,0,3529,31587,California
Orange,2020-12-29,3561,35148,2564,31573,997,3575,0,0,3560,35146,1,1,3560,35147,California
Orange,2020-12-30,5114,40262,3552,35125,1562,5137,0,0,5114,40260,0,1,5114,40261,California
Orange,2020-12-31,1454,41716,757,35882,697,5834,0,0,1454,41714,0,1,1454,41715,California
Orange,2021-01-01,433,42149,242,36124,191,6025,0,0,432,42145,1,2,432,42147,California
Orange,2021-01-02,1393,43542,892,37016,501,6526,0,0,1393,43538,0,2,1393,43540,California
Orange,2021-01-03,562,44104,311,37327,251,6777,0,0,562,44100,0,2,562,44102,California
Orange,2021-01-04,2707,46811,1556,38883,1151,7928,0,0,2708,46807,1,3,2708,46810,California
Orange,2021-01-05,3498,50309,2285,41168,1213,9141,0,0,3086,49491,405,408,3089,49899,California
Orange,2021-01-06,4968,55277,3454,44622,1514,10655,0,0,3600,51736,1355,1763,3600,53499,California
Orange,2021-01-07,9218,64495,5140,49762,4078,14733,0,0,5662,53858,3543,5306,5665,59164,California
Orange,2021-01-08,9363,73858,5226,54988,4137,18870,0,0,5631,55769,3722,9028,5633,64797,California
Orange,2021-01-09,4977,78835,1728,56716,3249,22119,0,0,3702,58196,1275,10303,3702,68499,California
Orange,2021-01-10,4227,83062,1039,57755,3188,25307,0,0,3348,60670,878,11181,3352,71851,California
Orange,2021-01-11,9403,92465,4874,62629,4529,29836,0,0,5801,62867,3605,14786,5802,77653,California
Orange,2021-01-12,8765,101230,4707,67336,4058,33894,0,0,5311,64726,3452,18238,5311,82964,California
Orange,2021-01-13,10197,111427,4878,72214,5319,39213,0,0,7009,68558,3184,21422,7016,89980,California
Orange,2021-01-14,9931,121358,3758,75972,6173,45386,0,0,8349,75332,1580,23002,8354,98334,California
Orange,2021-01-15,10124,131482,2608,78580,7516,52902,0,0,9254,83714,877,23879,9259,107593,California
Orange,2021-01-16,8689,140171,2088,80668,6601,59503,0,0,8304,91637,385,24264,8308,115901,California
Orange,2021-01-17,8146,148317,1486,82154,6660,66163,0,0,8003,99506,143,24407,8012,123913,California
Orange,2021-01-18,9737,158054,4452,86606,5285,71448,0,0,7498,104764,2242,26649,7500,131413,California
Orange,2021-01-19,7456,165510,5406,92012,2050,73498,0,0,4832,106973,2624,29273,4833,136246,California
Orange,2021-01-20,8239,173749,5796,97808,2443,75941,0,0,5193,109125,3047,32320,5199,141445,California
Orange,2021-01-21,10822,184571,4799,102607,6023,81964,0,0,10036,118384,785,33105,10044,151489,California
Orange,2021-01-22,13551,198122,5068,107675,8483,90447,0,0,12727,130303,816,33921,12735,164224,California
Orange,2021-01-23,13090,211212,6165,113840,6925,97372,0,0,12124,141471,964,34885,12132,176356,California
Orange,2021-01-24,9795,221007,4280,118120,5515,102887,0,0,9481,150643,312,35197,9484,185840,California
Orange,2021-01-25,10393,231400,5833,123953,4560,107447,0,0,7689,155638,2699,37896,7694,193534,California
Orange,2021-01-26,11817,243217,7675,131628,4142,111589,0,0,9689,163204,2125,40021,9691,203225,California
Orange,2021-01-27,13348,256565,7977,139605,5371,116960,0,0,10686,171242,2651,42672,10689,213914,California
Orange,2021-01-28,12959,269524,7154,146759,5805,122765,0,0,11120,180541,1828,44500,11127,225041,California
Orange,2021-01-29,13533,283057,8387,155146,5146,127911,0,0,10695,188413,2827,47327,10699,235740,California
Orange,2021-01-30,12900,295957,4437,159583,8463,136374,0,0,12182,199893,704,48031,12184,247924,California
Orange,2021-01-31,13708,309665,4948,164531,8760,145134,0,0,13283,212760,420,48451,13287,261211,California
Orange,2021-02-01,13941,323606,5729,170260,8212,153346,0,0,11979,222797,1946,50397,11983,273194,California
Orange,2021-02-02,15362,338968,8357,178617,7005,160351,0,0,12631,232810,2621,53018,12634,285828,California
Orange,2021-02-03,16681,355649,12539,191156,4142,164493,0,0,13691,243592,2914,55932,13696,299524,California
Orange,2021-02-04,19693,375342,12858,204014,6835,171328,0,0,14638,253214,5023,60955,14645,314169,California
Orange,2021-02-05,20682,396024,11966,215980,8716,180044,0,0,14440,261452,6204,67159,14442,328611,California
Orange,2021-02-06,16280,412304,10756,226736,5524,185568,0,0,11037,267480,5227,72386,11255,339866,California
Orange,2021-02-07,11512,423816,8086,234822,3426,188994,0,0,7543,271240,3954,76340,7714,347580,California
Orange,2021-02-08,14784,438600,8453,243275,6331,195325,0,0,8822,274128,5936,82276,8824,356404,California
Orange,2021-02-09,17580,456180,11988,255263,5592,200917,0,0,10731,278085,6778,89054,10735,367139,California
Orange,2021-02-10,20861,477041,11137,266400,9724,210641,0,0,12673,282669,8095,97149,12679,379818,California
Orange,2021-02-11,21932,498973,11350,277750,10582,221223,0,0,12349,285579,9457,106606,12367,392185,California
Orange,2021-02-12,24685,523658,11873,289623,12812,234035,0,0,14599,290150,10033,116639,14604,406789,California
Orange,2021-02-13,21637,545295,11565,301188,10072,244107,0,0,11092,291542,10344,126983,11736,418525,California
Orange,2021-02-14,16163,561458,6578,307766,9585,253692,0,0,9551,294508,6587,133570,9553,428078,California
Orange,2021-02-15,17108,578566,7381,315147,9727,263419,0,0,8883,295214,8186,141756,8892,436970,California
Orange,2021-02-16,19856,598422,8947,324094,10909,274328,0,0,10720,296859,9100,150856,10745,447715,California
Orange,2021-02-17,17635,616057,9198,333292,8437,282765,0,0,9164,297621,8432,159288,9194,456909,California
Orange,2021-02-18,14575,630632,9569,342861,5006,287771,0,0,6756,296610,7775,167063,6764,463673,California
Orange,2021-02-19,17642,648274,10710,353571,6932,294703,0,0,6874,292771,10724,177787,6885,470558,California
Orange,2021-02-20,7362,655636,5555,359126,1807,296510,0,0,3729,292893,3616,181403,3738,474296,California
Orange,2021-02-21,4130,659766,3457,362583,673,297183,0,0,731,290254,3372,184775,733,475029,California
Orange,2021-02-22,9455,669221,7716,370299,1739,298922,0,0,3845,288526,5587,190362,3859,478888,California
Orange,2021-02-23,13089,682310,7113,377412,5976,304898,0,0,3520,282536,9520,199882,3530,482418,California
Orange,2021-02-24,20855,703165,12576,389988,8279,313177,0,0,5356,272465,15446,215328,5375,487793,California
Orange,2021-02-25,22382,725547,12077,402065,10305,323482,0,0,8026,266209,14298,229626,8042,495835,California
Orange,2021-02-26,27499,753046,13919,415984,13580,337062,0,0,11135,261105,16264,245890,11160,506995,California
Orange,2021-02-27,24877,777923,10038,426022,14837,351899,2,2,7297,250925,17493,263383,7313,514308,California
Orange,2021-02-28,18899,796822,7285,433307,11614,363513,0,2,4831,241786,13986,277369,4847,519155,California
Orange,2021-03-01,18212,815034,8315,441622,9895,373408,2,4,7045,237733,11112,288481,7059,526214,California
Orange,2021-03-02,14682,829716,7131,448753,7550,380958,1,5,8650,240407,6002,294483,8676,534890,California
Orange,2021-03-03,18806,848522,8872,457625,9933,390891,1,6,9671,241025,9073,303556,9691,544581,California
Orange,2021-03-04,20846,869368,12055,469680,8779,399670,12,18,11002,242251,9811,313367,11037,555618,California
Orange,2021-03-05,19220,888588,9906,479586,9272,408942,42,60,11923,247002,7267,320634,12018,567636,California
Orange,2021-03-06,19083,907671,10350,489936,7877,416819,856,916,10108,249035,8955,329589,10988,578624,California
Orange,2021-03-07,14667,922338,8259,498195,6036,422855,372,1288,8554,251897,6084,335673,8946,587570,California
Orange,2021-03-08,15992,938330,7341,505536,7396,430251,1255,2543,10307,257840,5652,341325,11595,599165,California
Orange,2021-03-09,19448,957778,8446,513982,8583,438834,2419,4962,11201,263255,8213,349538,13628,612793,California
Orange,2021-03-10,23692,981470,11619,525601,8937,447771,3136,8098,11977,266698,11671,361209,15114,627907,California
Orange,2021-03-11,28316,1009786,15444,541045,8913,456684,3959,12057,13196,268804,15051,376260,17157,645064,California
Orange,2021-03-12,27668,1037454,13601,554646,10484,467168,3583,15640,14059,272914,13551,389811,17661,662725,California
Orange,2021-03-13,25866,1063320,9721,564367,12310,479478,3835,19475,12914,276754,12914,402725,16754,679479,California
Orange,2021-03-14,16511,1079831,7384,571751,6650,486128,2477,21952,10526,283799,5960,408685,13005,692484,California
Orange,2021-03-15,22533,1102364,9815,581566,11968,498096,750,22702,14221,290504,8263,416948,14968,707452,California
Orange,2021-03-16,26058,1128422,10998,592564,14841,512937,219,22921,16948,298632,9047,425995,17175,724627,California
Orange,2021-03-17,26919,1155341,13412,605976,13039,525976,468,23389,19242,310723,7623,433618,19714,744341,California
Orange,2021-03-18,27413,1182754,13791,619767,13356,539332,266,23655,21403,326439,5958,439576,21674,766015,California
Orange,2021-03-19,32850,1215604,18054,637821,14375,553707,421,24076,24585,343281,8179,447755,25021,791036,California
Orange,2021-03-20,25456,1241060,13405,651226,11848,565555,203,24279,21808,361701,3591,451346,22011,813047,California
Orange,2021-03-21,18211,1259271,10571,661797,6914,572469,726,25005,15497,375229,2695,454041,16223,829270,California
Orange,2021-03-22,22447,1281718,11594,673391,10534,583003,319,25324,19042,391246,3351,457392,19368,848638,California
Orange,2021-03-23,25621,1307339,13320,686711,11675,594678,626,25950,20642,407597,4920,462312,21271,869909,California
Orange,2021-03-24,28690,1336029,16043,702754,11767,606445,880,26830,22009,423861,6625,468937,22889,892798,California
Orange,2021-03-25,31231,1367260,16453,719207,14126,620571,652,27482,23970,441286,7199,476136,24624,917422,California
Orange,2021-03-26,34064,1401324,17554,736761,15668,636239,842,28324,24758,457660,9226,485362,25600,943022,California
Orange,2021-03-27,27986,1429310,13406,750167,14266,650505,314,28638,20109,470267,7818,493180,20425,963447,California
Orange,2021-03-28,24490,1453800,12659,762826,11765,662270,66,28704,18540,482966,5910,499090,18609,982056,California
Orange,2021-03-29,26147,1479947,11971,774797,13654,675924,522,29226,17862,493134,8219,507309,18387,1000443,California
Orange,2021-03-30,30078,1510025,13736,788533,15964,691888,378,29604,21492,506464,8542,515851,21872,1022315,California
Orange,2021-03-31,36017,1546042,18783,807316,16677,708565,557,30161,24281,519634,11674,527525,24844,1047159,California
Orange,2021-04-01,38098,1584140,19897,827213,16737,725302,1464,31625,25661,534373,12384,539909,27123,1074282,California
Orange,2021-04-02,37906,1622046,18797,846010,17538,742840,1571,33196,22691,543500,15145,555054,24272,1098554,California
Orange,2021-04-03,28982,1651028,14963,860973,12491,755331,1528,34724,15728,547557,13200,568254,17257,1115811,California
Orange,2021-04-04,17547,1668575,10534,871507,6408,761739,605,35329,8157,546960,9358,577612,8761,1124572,California
Orange,2021-04-05,28647,1697222,13550,885057,11985,773724,3112,38441,13595,548658,15007,592619,16705,1141277,California
Orange,2021-04-06,29970,1727192,13531,898588,13644,787368,2795,41236,13100,547731,16815,609434,15888,1157165,California
Orange,2021-04-07,19757,1746949,9997,908585,7339,794707,2421,43657,7220,544869,12494,621928,9632,1166797,California
Placer,2020-12-15,29,29,29,29,0,0,0,0,29,29,0,0,29,29,California
Placer,2020-12-16,53,82,53,82,0,0,0,0,53,82,0,0,53,82,California
Placer,2020-12-17,139,221,139,221,0,0,0,0,139,221,0,0,139,221,California
Placer,2020-12-18,330,551,330,551,0,0,0,0,330,551,0,0,330,551,California
Placer,2020-12-19,251,802,251,802,0,0,0,0,251,802,0,0,251,802,California
Placer,2020-12-20,234,1036,234,1036,0,0,0,0,234,1036,0,0,234,1036,California
Placer,2020-12-21,492,1528,491,1527,1,1,0,0,492,1528,0,0,492,1528,California
Placer,2020-12-22,676,2204,669,2196,7,8,0,0,676,2204,0,0,676,2204,California
Placer,2020-12-23,742,2946,657,2853,85,93,0,0,742,2946,0,0,742,2946,California
Placer,2020-12-24,398,3344,346,3199,52,145,0,0,398,3344,0,0,398,3344,California
Placer,2020-12-26,158,3502,113,3312,45,190,0,0,158,3502,0,0,158,3502,California
Placer,2020-12-27,186,3688,163,3475,23,213,0,0,186,3688,0,0,186,3688,California
Placer,2020-12-28,665,4353,538,4013,127,340,0,0,665,4353,0,0,665,4353,California
Placer,2020-12-29,760,5113,512,4525,248,588,0,0,760,5113,0,0,760,5113,California
Placer,2020-12-30,729,5842,453,4978,276,864,0,0,727,5840,0,0,727,5840,California
Placer,2020-12-31,527,6369,343,5321,184,1048,0,0,527,6367,0,0,527,6367,California
Placer,2021-01-01,14,6383,10,5331,4,1052,0,0,14,6381,0,0,14,6381,California
Placer,2021-01-02,184,6567,152,5483,32,1084,0,0,184,6565,0,0,184,6565,California
Placer,2021-01-03,155,6722,79,5562,76,1160,0,0,155,6720,0,0,155,6720,California
Placer,2021-01-04,618,7340,178,5740,440,1600,0,0,618,7338,0,0,618,7338,California
Placer,2021-01-05,722,8062,159,5899,563,2163,0,0,639,7896,82,82,640,7978,California
Placer,2021-01-06,755,8817,243,6142,512,2675,0,0,614,8369,141,223,614,8592,California
Placer,2021-01-07,981,9798,366,6508,615,3290,0,0,776,8940,205,428,776,9368,California
Placer,2021-01-08,1181,10979,527,7035,654,3944,0,0,855,9472,323,751,855,10223,California
Placer,2021-01-09,448,11427,320,7355,128,4072,0,0,232,9489,215,966,232,10455,California
Placer,2021-01-10,329,11756,186,7541,143,4215,0,0,164,9488,165,1131,164,10619,California
Placer,2021-01-11,1421,13177,806,8347,615,4830,0,0,834,9736,587,1718,835,11454,California
Placer,2021-01-12,1642,14819,870,9217,772,5602,0,0,1039,10172,603,2321,1039,12493,California
Placer,2021-01-13,1625,16444,817,10034,808,6410,0,0,1206,10963,417,2738,1208,13701,California
Placer,2021-01-14,1736,18180,653,10687,1083,7493,0,0,1380,11991,353,3091,1381,15082,California
Placer,2021-01-15,1902,20082,721,11408,1181,8674,0,0,1550,13191,351,3442,1551,16633,California
Placer,2021-01-16,1468,21550,718,12126,750,9424,0,0,1347,14418,121,3563,1348,17981,California
Placer,2021-01-17,559,22109,394,12520,165,9589,0,0,427,14713,132,3695,427,18408,California
Placer,2021-01-18,975,23084,538,13058,437,10026,0,0,746,15231,229,3924,747,19155,California
Placer,2021-01-19,2557,25641,1946,15004,611,10637,0,0,2106,16886,451,4375,2106,21261,California
Placer,2021-01-20,2234,27875,1686,16690,548,11185,0,0,1907,18467,327,4702,1908,23169,California
Placer,2021-01-21,2526,30401,1111,17801,1415,12600,0,0,2132,20207,393,5095,2133,25302,California
Placer,2021-01-22,2274,32675,588,18389,1686,14286,0,0,2101,22138,171,5266,2102,27404,California
Placer,2021-01-23,1189,33864,380,18769,809,15095,0,0,1034,23017,155,5421,1034,28438,California
Placer,2021-01-24,508,34372,265,19034,243,15338,0,0,433,23376,75,5496,434,28872,California
Placer,2021-01-25,1646,36018,798,19832,848,16186,0,0,1361,24453,285,5781,1362,30234,California
Placer,2021-01-26,1823,37841,1021,20853,802,16988,0,0,1560,25750,263,6044,1560,31794,California
Placer,2021-01-27,1813,39654,1155,22008,658,17646,0,0,1571,27082,240,6284,1572,33366,California
Placer,2021-01-28,1776,41430,1106,23114,670,18316,0,0,1530,28368,244,6528,1530,34896,California
Placer,2021-01-29,1854,43284,1164,24278,690,19006,0,0,1663,29843,190,6718,1665,36561,California
Placer,2021-01-30,1723,45007,970,25248,753,19759,0,0,1604,31329,118,6836,1604,38165,California
Placer,2021-01-31,778,45785,621,25869,157,19916,0,0,709,31970,69,6905,710,38875,California
Placer,2021-02-01,2063,47848,1087,26956,976,20892,0,0,1748,33403,315,7220,1748,40623,California
Placer,2021-02-02,2364,50212,1536,28492,828,21720,0,0,1882,34806,479,7699,1882,42505,California
Placer,2021-02-03,2904,53116,1870,30362,1034,22754,0,0,2289,36484,611,8310,2289,44794,California
Placer,2021-02-04,2752,55868,1185,31547,1567,24321,0,0,1933,37602,816,9126,1934,46728,California
Placer,2021-02-05,2725,58593,1201,32748,1524,25845,0,0,1398,37678,1322,10448,1398,48126,California
Placer,2021-02-06,1933,60526,1297,34045,636,26481,0,0,1386,38517,547,10995,1386,49512,California
Placer,2021-02-07,1216,61742,906,34951,310,26791,0,0,939,39180,276,11271,939,50451,California
Placer,2021-02-08,3297,65039,1766,36717,1531,28322,0,0,1979,39850,1310,12581,1980,52431,California
Placer,2021-02-09,3527,68566,2158,38875,1369,29691,0,0,1626,39577,1899,14480,1626,54057,California
Placer,2021-02-10,3732,72298,2178,41053,1554,31245,0,0,1743,39336,1986,16466,1745,55802,California
Placer,2021-02-11,3620,75918,1893,42946,1727,32972,0,0,1584,38893,2028,18494,1585,57387,California
Placer,2021-02-12,2751,78669,1316,44262,1435,34407,0,0,1665,39490,1069,19563,1666,59053,California
Placer,2021-02-13,2530,81199,1487,45749,1043,35450,0,0,1879,40718,651,20214,1879,60932,California
Placer,2021-02-14,1074,82273,675,46424,399,35849,0,0,734,41115,337,20551,734,61666,California
Placer,2021-02-15,2173,84446,1041,47465,1132,36981,0,0,1520,41982,654,21205,1521,63187,California
Placer,2021-02-16,3507,87953,1778,49243,1729,38710,0,0,1577,41639,1921,23126,1578,64765,California
Placer,2021-02-17,3485,91438,1957,51200,1528,40238,0,0,1490,41138,1991,25117,1490,66255,California
Placer,2021-02-18,3633,95071,1966,53166,1667,41905,0,0,1534,40585,2089,27206,1536,67791,California
Placer,2021-02-19,3529,98600,1901,55067,1628,43533,0,0,1309,39679,2216,29422,1310,69101,California
Placer,2021-02-20,1954,100554,1217,56284,737,44270,0,0,872,39477,1077,30499,875,69976,California
Placer,2021-02-21,949,101503,724,57008,225,44495,0,0,260,39052,686,31185,261,70237,California
Placer,2021-02-22,2481,103984,1759,58767,722,45217,0,0,596,37766,1882,33067,596,70833,California
Placer,2021-02-23,2495,106479,1554,60321,941,46158,0,0,867,37006,1627,34694,867,71700,California
Placer,2021-02-24,3223,109702,1169,61490,2054,48212,0,0,1777,37349,1436,36130,1779,73479,California
Placer,2021-02-25,3434,113136,1413,62903,2021,50233,0,0,1824,37570,1604,37734,1825,75304,California
Placer,2021-02-26,4050,117186,2371,65274,1679,51912,0,0,2332,38189,1713,39447,2332,77636,California
Placer,2021-02-27,2805,119991,1483,66757,1322,53234,0,0,1450,38293,1349,40796,1453,79089,California
Placer,2021-02-28,1383,121374,793,67550,590,53824,0,0,575,38065,803,41599,575,79664,California
Placer,2021-03-01,2973,124347,1985,69535,988,54812,0,0,1527,38151,1441,43040,1527,81191,California
Placer,2021-03-02,2817,127164,1756,71291,1061,55873,0,0,1853,39045,959,43999,1853,83044,California
Placer,2021-03-03,3160,130324,1363,72654,1797,57670,0,0,1707,39306,1447,45446,1708,84752,California
Placer,2021-03-04,3515,133839,1418,74072,2097,59767,0,0,1839,39482,1664,47110,1840,86592,California
Placer,2021-03-05,2934,136773,1003,75075,1909,61676,22,22,1774,40120,1158,48268,1796,88388,California
Placer,2021-03-06,2320,139093,1432,76507,812,62488,76,98,874,39630,1440,49708,950,89338,California
Placer,2021-03-07,1286,140379,749,77256,498,62986,39,137,519,39424,764,50472,558,89896,California
Placer,2021-03-08,2867,143246,1826,79082,930,63916,111,248,1641,39951,1225,51697,1752,91648,California
Placer,2021-03-09,3111,146357,1673,80755,1349,65265,89,337,1770,40472,1338,53035,1859,93507,California
Placer,2021-03-10,3238,149595,1308,82063,1824,67089,106,443,1691,40726,1542,54577,1796,95303,California
Placer,2021-03-11,3490,153085,1555,83618,1814,68903,121,564,1679,40724,1804,56381,1802,97105,California
Placer,2021-03-12,3503,156588,1454,85072,1286,70189,763,1327,1195,40377,2306,58687,1959,99064,California
Placer,2021-03-13,1989,158577,724,85796,1155,71344,110,1437,1116,40734,870,59557,1227,100291,California
Placer,2021-03-14,1506,160083,662,86458,709,72053,135,1572,868,41098,638,60195,1002,101293,California
Placer,2021-03-15,3137,163220,1520,87978,1486,73539,131,1703,1743,41583,1391,61586,1876,103169,California
Placer,2021-03-16,3522,166742,1898,89876,1491,75030,133,1836,2261,42724,1254,62840,2395,105564,California
Placer,2021-03-17,3388,170130,1726,91602,1562,76592,100,1936,2200,43843,1183,64023,2302,107866,California
Placer,2021-03-18,3932,174062,2197,93799,1698,78290,37,1973,2825,45603,1103,65126,2863,110729,California
Placer,2021-03-19,3402,177464,2067,95866,1073,79363,262,2235,2173,46818,1220,66346,2435,113164,California
Placer,2021-03-20,2121,179585,891,96757,1132,80495,98,2333,1298,47394,819,67165,1395,114559,California
Placer,2021-03-21,1241,180826,567,97324,665,81160,9,2342,951,48067,287,67452,960,115519,California
Placer,2021-03-22,3249,184075,2084,99408,1078,82238,87,2429,2185,49280,1060,68512,2273,117792,California
Placer,2021-03-23,3475,187550,2077,101485,1307,83545,91,2520,2497,50896,973,69485,2589,120381,California
Placer,2021-03-24,3737,191287,1988,103473,1652,85197,97,2617,1958,51184,1767,71252,2055,122436,California
Placer,2021-03-25,3739,195026,1788,105261,1854,87051,97,2714,1723,50995,2008,73260,1819,124255,California
Placer,2021-03-26,3696,198722,1646,106907,1819,88870,231,2945,1576,50691,2111,75371,1807,126062,California
Placer,2021-03-27,1584,200306,467,107374,1097,89967,20,2965,663,50459,915,76286,683,126745,California
Placer,2021-03-28,1070,201376,508,107882,552,90519,10,2975,364,50132,701,76987,374,127119,California
Placer,2021-03-29,3543,204919,1988,109870,1523,92042,32,3007,1735,50103,1797,78784,1768,128887,California
Placer,2021-03-30,3934,208853,2069,111939,1822,93864,43,3050,2101,50425,1821,80605,2143,131030,California
Placer,2021-03-31,3975,212828,1806,113745,2096,95960,73,3123,1681,49890,2288,82893,1753,132783,California
Placer,2021-04-01,2767,215595,1313,115058,1410,97370,44,3167,1536,50242,1228,84121,1580,134363,California
Placer,2021-04-02,2731,218326,1426,116484,1243,98613,62,3229,1548,50675,1177,85298,1610,135973,California
Placer,2021-04-03,1782,220108,926,117410,729,99342,127,3356,856,50738,919,86217,982,136955,California
Placer,2021-04-04,660,220768,314,117724,293,99635,53,3409,248,50628,411,86628,301,137256,California
Placer,2021-04-05,2837,223605,1781,119505,899,100534,157,3566,1639,51229,1195,87823,1796,139052,California
Placer,2021-04-06,3878,227483,2238,121743,1389,101923,251,3817,1312,50231,2561,90384,1563,140615,California
Placer,2021-04-07,2152,229635,1376,123119,630,102553,146,3963,911,50046,1241,91625,1056,141671,California
Plumas,2020-12-18,4,4,4,4,0,0,0,0,4,4,0,0,4,4,California
Plumas,2020-12-19,1,5,1,5,0,0,0,0,1,5,0,0,1,5,California
Plumas,2020-12-21,45,50,45,50,0,0,0,0,45,50,0,0,45,50,California
Plumas,2020-12-22,92,142,92,142,0,0,0,0,92,142,0,0,92,142,California
Plumas,2020-12-23,50,192,50,192,0,0,0,0,50,192,0,0,50,192,California
Plumas,2020-12-24,6,198,6,198,0,0,0,0,6,198,0,0,6,198,California
Plumas,2020-12-28,8,206,0,198,8,8,0,0,8,206,0,0,8,206,California
Plumas,2020-12-29,32,238,22,220,10,18,0,0,32,238,0,0,32,238,California
Plumas,2020-12-30,22,260,1,221,21,39,0,0,22,260,0,0,22,260,California
Plumas,2020-12-31,4,264,1,222,3,42,0,0,4,264,0,0,4,264,California
Plumas,2021-01-04,9,273,3,225,6,48,0,0,9,273,0,0,9,273,California
Plumas,2021-01-05,22,295,2,227,20,68,0,0,22,295,0,0,22,295,California
Plumas,2021-01-06,125,420,6,233,119,187,0,0,125,420,0,0,125,420,California
Plumas,2021-01-07,54,474,2,235,52,239,0,0,53,472,1,1,53,473,California
Plumas,2021-01-08,12,486,5,240,7,246,0,0,8,476,4,5,8,481,California
Plumas,2021-01-09,2,488,2,242,0,246,0,0,1,476,1,6,1,482,California
Plumas,2021-01-11,59,547,50,292,9,255,0,0,12,441,47,53,12,494,California
Plumas,2021-01-12,154,701,86,378,68,323,0,0,70,427,84,137,70,564,California
Plumas,2021-01-13,55,756,50,428,5,328,0,0,9,390,46,183,9,573,California
Plumas,2021-01-14,96,852,14,442,82,410,0,0,91,476,5,188,91,664,California
Plumas,2021-01-15,62,914,7,449,55,465,0,0,60,534,2,190,60,724,California
Plumas,2021-01-16,58,972,1,450,57,522,0,0,58,592,0,190,58,782,California
Plumas,2021-01-18,2,974,1,451,1,523,0,0,2,594,0,190,2,784,California
Plumas,2021-01-19,36,1010,5,456,31,554,0,0,32,622,4,194,32,816,California
Plumas,2021-01-20,121,1131,3,459,118,672,0,0,119,739,2,196,119,935,California
Plumas,2021-01-21,113,1244,2,461,111,783,0,0,113,852,0,196,113,1048,California
Plumas,2021-01-22,3,1247,0,461,3,786,0,0,3,855,0,196,3,1051,California
Plumas,2021-01-23,92,1339,1,462,91,877,0,0,92,947,0,196,92,1143,California
Plumas,2021-01-24,1,1340,1,463,0,877,0,0,1,948,0,196,1,1144,California
Plumas,2021-01-25,8,1348,5,468,3,880,0,0,5,950,3,199,5,1149,California
Plumas,2021-01-26,60,1408,2,470,58,938,0,0,52,994,8,207,52,1201,California
Plumas,2021-01-27,25,1433,20,490,5,943,0,0,5,979,20,227,5,1206,California
Plumas,2021-01-28,23,1456,0,490,23,966,0,0,21,998,2,229,21,1227,California
Plumas,2021-01-29,7,1463,2,492,5,971,0,0,6,1003,1,230,6,1233,California
Plumas,2021-01-30,8,1471,4,496,4,975,0,0,7,1009,1,231,7,1240,California
Plumas,2021-01-31,3,1474,3,499,0,975,0,0,3,1012,0,231,3,1243,California
Plumas,2021-02-01,15,1489,2,501,13,988,0,0,7,1011,8,239,7,1250,California
Plumas,2021-02-02,20,1509,1,502,19,1007,0,0,1,993,19,258,1,1251,California
Plumas,2021-02-03,126,1635,6,508,120,1127,0,0,12,892,113,371,12,1263,California
Plumas,2021-02-04,102,1737,8,516,94,1221,0,0,23,836,79,450,23,1286,California
Plumas,2021-02-05,24,1761,11,527,13,1234,0,0,9,830,15,465,9,1295,California
Plumas,2021-02-06,7,1768,0,527,7,1241,0,0,7,837,0,465,7,1302,California
Plumas,2021-02-08,16,1784,8,535,8,1249,0,0,4,829,12,477,4,1306,California
Plumas,2021-02-09,170,1954,1,536,169,1418,0,0,111,881,59,536,111,1417,California
Plumas,2021-02-10,90,2044,9,545,81,1499,0,0,82,955,8,544,82,1499,California
Plumas,2021-02-11,321,2365,7,552,314,1813,0,0,262,1158,59,603,262,1761,California
Plumas,2021-02-12,123,2488,3,555,120,1933,0,0,119,1273,4,607,119,1880,California
Plumas,2021-02-13,71,2559,3,558,68,2001,0,0,12,1226,59,666,12,1892,California
Plumas,2021-02-14,7,2566,4,562,3,2004,0,0,7,1233,0,666,7,1899,California
Plumas,2021-02-15,26,2592,3,565,23,2027,0,0,25,1257,1,667,25,1924,California
Plumas,2021-02-16,75,2667,4,569,71,2098,0,0,14,1210,61,728,14,1938,California
Plumas,2021-02-17,136,2803,5,574,131,2229,0,0,11,1096,125,853,11,1949,California
Plumas,2021-02-18,126,2929,6,580,120,2349,0,0,17,1004,109,962,17,1966,California
Plumas,2021-02-19,40,2969,4,584,36,2385,0,0,6,976,34,996,6,1972,California
Plumas,2021-02-20,103,3072,6,590,97,2482,0,0,11,895,92,1088,11,1983,California
Plumas,2021-02-21,6,3078,5,595,1,2483,0,0,2,893,4,1092,2,1985,California
Plumas,2021-02-22,3,3081,1,596,2,2485,0,0,0,890,3,1095,0,1985,California
Plumas,2021-02-23,21,3102,4,600,17,2502,0,0,13,895,8,1103,13,1998,California
Plumas,2021-02-24,455,3557,6,606,449,2951,0,0,444,1328,11,1114,444,2442,California
Plumas,2021-02-25,226,3783,9,615,217,3168,0,0,166,1434,60,1174,166,2608,California
Plumas,2021-02-26,258,4041,7,622,251,3419,0,0,253,1683,5,1179,254,2862,California
Plumas,2021-02-27,38,4079,4,626,34,3453,0,0,31,1707,7,1186,31,2893,California
Plumas,2021-03-01,9,4088,3,629,6,3459,0,0,5,1708,4,1190,5,2898,California
Plumas,2021-03-02,9,4097,0,629,9,3468,0,0,6,1711,3,1193,6,2904,California
Plumas,2021-03-03,151,4248,10,639,141,3609,0,0,135,1830,16,1209,135,3039,California
Plumas,2021-03-04,244,4492,9,648,235,3844,0,0,224,2034,20,1229,224,3263,California
Plumas,2021-03-05,396,4888,6,654,385,4229,5,5,385,2413,11,1240,390,3653,California
Plumas,2021-03-06,16,4904,1,655,7,4236,8,13,3,2411,13,1253,11,3664,California
Plumas,2021-03-07,13,4917,2,657,2,4238,9,22,3,2413,10,1263,12,3676,California
Plumas,2021-03-08,29,4946,3,660,2,4240,24,46,3,2414,26,1289,27,3703,California
Plumas,2021-03-09,132,5078,1,661,116,4356,15,61,17,2331,115,1404,32,3735,California
Plumas,2021-03-10,254,5332,3,664,237,4593,14,75,106,2303,148,1552,120,3855,California
Plumas,2021-03-11,175,5507,8,672,162,4755,5,80,141,2415,34,1586,146,4001,California
Plumas,2021-03-12,589,6096,2,674,300,5055,287,367,23,2159,566,2152,310,4311,California
Plumas,2021-03-13,20,6116,4,678,5,5060,11,378,3,2156,17,2169,14,4325,California
Plumas,2021-03-14,10,6126,2,680,3,5063,5,383,1,2153,9,2178,6,4331,California
Plumas,2021-03-15,31,6157,1,681,25,5088,5,388,6,2139,25,2203,11,4342,California
Plumas,2021-03-16,32,6189,2,683,29,5117,1,389,22,2152,10,2213,23,4365,California
Plumas,2021-03-17,74,6263,10,693,63,5180,1,390,60,2199,14,2227,61,4426,California
Plumas,2021-03-18,53,6316,6,699,30,5210,17,407,6,2175,47,2274,23,4449,California
Plumas,2021-03-19,162,6478,5,704,155,5365,2,409,153,2323,8,2282,156,4605,California
Plumas,2021-03-20,19,6497,4,708,14,5379,1,410,10,2325,9,2291,11,4616,California
Plumas,2021-03-21,1,6498,1,709,0,5379,0,410,1,2326,0,2291,1,4617,California
Plumas,2021-03-22,179,6677,1,710,178,5557,0,410,173,2493,6,2297,173,4790,California
Plumas,2021-03-23,25,6702,2,712,23,5580,0,410,13,2494,12,2309,13,4803,California
Plumas,2021-03-24,640,7342,7,719,632,6212,1,411,210,2275,430,2739,211,5014,California
Plumas,2021-03-25,187,7529,5,724,180,6392,2,413,50,2188,137,2876,50,5064,California
Plumas,2021-03-26,308,7837,9,733,299,6691,0,413,47,1975,260,3136,47,5111,California
Plumas,2021-03-27,11,7848,1,734,9,6700,1,414,2,1969,9,3145,3,5114,California
Plumas,2021-03-28,5,7853,3,737,1,6701,1,415,3,1971,2,3147,4,5118,California
Plumas,2021-03-29,13,7866,4,741,8,6709,1,416,5,1969,8,3155,6,5124,California
Plumas,2021-03-30,148,8014,3,744,144,6853,1,417,24,1870,124,3279,25,5149,California
Plumas,2021-03-31,274,8288,2,746,271,7124,1,418,255,2107,19,3298,256,5405,California
Plumas,2021-04-01,288,8576,12,758,276,7400,0,418,59,1937,229,3527,59,5464,California
Plumas,2021-04-02,371,8947,4,762,366,7766,1,419,26,1631,333,3860,27,5491,California
Plumas,2021-04-03,12,8959,0,762,4,7770,8,427,1,1629,11,3871,9,5500,California
Plumas,2021-04-04,3,8962,1,763,1,7771,1,428,0,1627,3,3874,1,5501,California
Plumas,2021-04-05,14,8976,3,766,10,7781,1,429,7,1628,7,3881,8,5509,California
Plumas,2021-04-06,116,9092,5,771,83,7864,28,457,13,1561,103,3984,36,5545,California
Plumas,2021-04-07,158,9250,7,778,96,7960,55,512,27,1512,131,4115,82,5627,California
Riverside,2020-12-15,4,4,4,4,0,0,0,0,4,4,0,0,4,4,California
Riverside,2020-12-16,63,67,63,67,0,0,0,0,63,67,0,0,63,67,California
Riverside,2020-12-17,805,872,805,872,0,0,0,0,805,872,0,0,805,872,California
Riverside,2020-12-18,1723,2595,1721,2593,2,2,0,0,1723,2595,0,0,1723,2595,California
Riverside,2020-12-19,1021,3616,1019,3612,2,4,0,0,1019,3613,1,1,1019,3614,California
Riverside,2020-12-20,1084,4700,1083,4695,1,5,0,0,1084,4697,0,1,1084,4698,California
Riverside,2020-12-21,2271,6971,2269,6964,2,7,0,0,2271,6968,0,1,2271,6969,California
Riverside,2020-12-22,2248,9219,2209,9173,39,46,0,0,2247,9215,0,1,2247,9216,California
Riverside,2020-12-23,2120,11339,1784,10957,336,382,0,0,2121,11336,0,1,2121,11337,California
Riverside,2020-12-24,826,12165,624,11581,202,584,0,0,826,12162,0,1,826,12163,California
Riverside,2020-12-25,28,12193,5,11586,23,607,0,0,28,12190,0,1,28,12191,California
Riverside,2020-12-26,400,12593,257,11843,143,750,0,0,400,12590,0,1,400,12591,California
Riverside,2020-12-27,361,12954,243,12086,118,868,0,0,361,12951,0,1,361,12952,California
Riverside,2020-12-28,1619,14573,1122,13208,497,1365,0,0,1619,14570,0,1,1619,14571,California
Riverside,2020-12-29,1738,16311,972,14180,766,2131,0,0,1738,16308,0,1,1738,16309,California
Riverside,2020-12-30,2569,18880,1681,15861,888,3019,0,0,2568,18876,0,1,2568,18877,California
Riverside,2020-12-31,1019,19899,394,16255,625,3644,0,0,1021,19897,0,1,1021,19898,California
Riverside,2021-01-01,102,20001,38,16293,64,3708,0,0,102,19999,0,1,102,20000,California
Riverside,2021-01-02,829,20830,691,16984,138,3846,0,0,829,20828,0,1,829,20829,California
Riverside,2021-01-03,345,21175,299,17283,46,3892,0,0,344,21172,0,1,344,21173,California
Riverside,2021-01-04,1257,22432,793,18076,464,4356,0,0,1257,22429,0,1,1257,22430,California
Riverside,2021-01-05,1981,24413,1365,19441,616,4972,0,0,1883,24221,91,92,1883,24313,California
Riverside,2021-01-06,2469,26882,1099,20540,1370,6342,0,0,2164,26084,301,393,2164,26477,California
Riverside,2021-01-07,2761,29643,1810,22350,951,7293,0,0,1701,26731,1056,1449,1703,28180,California
Riverside,2021-01-08,4033,33676,2931,25281,1102,8395,0,0,2227,27156,1802,3251,2227,30407,California
Riverside,2021-01-09,2070,35746,844,26125,1226,9621,0,0,1725,28537,344,3595,1725,32132,California
Riverside,2021-01-10,1660,37406,731,26856,929,10550,0,0,1058,28993,602,4197,1058,33190,California
Riverside,2021-01-11,4509,41915,3087,29943,1422,11972,0,0,2782,30051,1725,5922,2783,35973,California
Riverside,2021-01-12,3391,45306,2723,32666,668,12640,0,0,1707,30079,1679,7601,1707,37680,California
Riverside,2021-01-13,4378,49684,2867,35533,1511,14151,0,0,2777,31258,1598,9199,2777,40457,California
Riverside,2021-01-14,5449,55133,1861,37394,3588,17739,0,0,4864,35537,585,9784,4864,45321,California
Riverside,2021-01-15,6112,61245,2086,39480,4026,21765,0,0,5826,41078,285,10069,5826,51147,California
Riverside,2021-01-16,3602,64847,1015,40495,2587,24352,0,0,3357,44191,245,10314,3358,54505,California
Riverside,2021-01-17,3593,68440,582,41077,3011,27363,0,0,3398,47395,194,10508,3398,57903,California
Riverside,2021-01-18,3707,72147,2010,43087,1697,29060,0,0,2702,49092,1005,11513,2702,60605,California
Riverside,2021-01-19,7394,79541,2636,45723,4758,33818,0,0,6275,54250,1119,12632,6277,66882,California
Riverside,2021-01-20,7950,87491,2865,48588,5085,38903,0,0,6471,59254,1470,14102,6474,73356,California
Riverside,2021-01-21,8189,95680,3360,51948,4829,43732,0,0,7575,66214,615,14717,7575,80931,California
Riverside,2021-01-22,8694,104374,2962,54910,5732,49464,0,0,8268,74057,425,15142,8268,89199,California
Riverside,2021-01-23,5923,110297,2396,57306,3527,52991,0,0,5195,78525,728,15870,5196,94395,California
Riverside,2021-01-24,3035,113332,1435,58741,1600,54591,0,0,2822,81138,210,16080,2823,97218,California
Riverside,2021-01-25,7873,121205,4538,63279,3335,57926,0,0,6751,86770,1120,17200,6752,103970,California
Riverside,2021-01-26,9088,130293,5717,68996,3371,61297,0,0,7584,92853,1502,18702,7585,111555,California
Riverside,2021-01-27,10490,140783,6170,75166,4320,65617,0,0,8983,100335,1504,20206,8986,120541,California
Riverside,2021-01-28,11381,152164,6696,81862,4685,70302,0,0,10231,109425,1142,21348,10232,130773,California
Riverside,2021-01-29,11829,163993,7221,89083,4608,74910,0,0,10463,118553,1339,22687,10467,141240,California
Riverside,2021-01-30,9038,173031,4600,93683,4438,79348,0,0,8579,126677,456,23143,8580,149820,California
Riverside,2021-01-31,5149,178180,4248,97931,901,80249,0,0,5022,131576,126,23269,5025,154845,California
Riverside,2021-02-01,10819,188999,6679,104610,4140,84389,0,0,9045,138855,1768,25037,9047,163892,California
Riverside,2021-02-02,9381,198380,4779,109389,4602,88991,0,0,7906,145295,1468,26505,7908,171800,California
Riverside,2021-02-03,12005,210385,4984,114373,7021,96012,0,0,9777,152855,2217,28722,9777,181577,California
Riverside,2021-02-04,13557,223942,6062,120435,7495,103507,0,0,11473,162253,2077,30799,11475,193052,California
Riverside,2021-02-05,14313,238255,5393,125828,8920,112427,0,0,11283,170518,3022,33821,11287,204339,California
Riverside,2021-02-06,7253,245508,4284,130112,2969,115396,0,0,5620,174515,1626,35447,5623,209962,California
Riverside,2021-02-07,2187,247695,806,130918,1381,116777,0,0,1873,176076,313,35760,1874,211836,California
Riverside,2021-02-08,12444,260139,5531,136449,6913,123690,0,0,10164,183982,2262,38022,10168,222004,California
Riverside,2021-02-09,9652,269791,4530,140979,5122,128812,0,0,7742,189828,1902,39924,7748,229752,California
Riverside,2021-02-10,12027,281818,6990,147969,5037,133849,0,0,8924,195669,3091,43015,8932,238684,California
Riverside,2021-02-11,16489,298307,8984,156953,7505,141354,0,0,12126,203468,4341,47356,12140,250824,California
Riverside,2021-02-12,17637,315944,10800,167753,6837,148191,0,0,12806,211495,4789,52145,12816,263640,California
Riverside,2021-02-13,6299,322243,2109,169862,4190,152381,0,0,3078,211397,3203,55348,3105,266745,California
Riverside,2021-02-14,4943,327186,1141,171003,3802,156183,0,0,2191,210842,2748,58096,2193,268938,California
Riverside,2021-02-15,9826,337012,5024,176027,4802,160985,0,0,5428,211886,4391,62487,5435,274373,California
Riverside,2021-02-16,16155,353167,10163,186190,5992,166977,0,0,9306,214356,6843,69330,9313,283686,California
Riverside,2021-02-17,15014,368181,8218,194408,6796,173773,0,0,7595,214554,7407,76737,7605,291291,California
Riverside,2021-02-18,15448,383629,8924,203332,6524,180297,0,0,8056,215246,7375,84112,8067,299358,California
Riverside,2021-02-19,15221,398850,8209,211541,7012,187309,0,0,7212,214477,7989,92101,7220,306578,California
Riverside,2021-02-20,8052,406902,4253,215794,3799,191108,0,0,2095,210632,5943,98044,2098,308676,California
Riverside,2021-02-21,3312,410214,2802,218596,510,191618,0,0,1012,209354,2290,100334,1012,309688,California
Riverside,2021-02-22,12225,422439,7652,226248,4573,196191,0,0,5084,207315,7128,107462,5089,314777,California
Riverside,2021-02-23,11055,433494,7545,233793,3510,199701,0,0,5425,207138,5606,113068,5429,320206,California
Riverside,2021-02-24,14701,448195,8033,241826,6668,206369,0,0,6416,205323,8247,121315,6432,326638,California
Riverside,2021-02-25,17148,465343,7309,249135,9839,216208,0,0,8020,204259,9107,130422,8043,334681,California
Riverside,2021-02-26,18244,483587,6704,255839,11540,227748,0,0,9131,204358,9061,139483,9160,343841,California
Riverside,2021-02-27,11345,494932,4918,260757,6427,234175,0,0,5688,204448,5624,145107,5714,349555,California
Riverside,2021-02-28,4657,499589,2994,263751,1663,235838,0,0,2431,204670,2217,147324,2439,351994,California
Riverside,2021-03-01,14254,513843,6084,269835,8169,244007,1,1,8428,207328,5798,153122,8456,360450,California
Riverside,2021-03-02,14826,528669,7245,277080,7580,251587,1,2,8803,210162,6002,159124,8836,369286,California
Riverside,2021-03-03,16243,544912,7938,285018,8305,259892,0,2,6865,207818,9333,168457,6989,376275,California
Riverside,2021-03-04,16399,561311,5978,290996,10417,270309,4,6,7966,207540,8392,176849,8114,384389,California
Riverside,2021-03-05,17377,578688,6854,297850,10480,280789,43,49,8736,207998,8594,185443,9052,393441,California
Riverside,2021-03-06,8973,587661,4678,302528,3838,284627,457,506,4586,208697,4374,189817,5073,398514,California
Riverside,2021-03-07,4159,591820,2700,305228,1074,285701,385,891,1958,208853,2193,192010,2349,400863,California
Riverside,2021-03-08,10251,602071,4662,309890,5191,290892,398,1289,4364,207774,5871,197881,4792,405655,California
Riverside,2021-03-09,12772,614843,6017,315907,6302,297194,453,1742,5209,206006,7549,205430,5781,411436,California
Riverside,2021-03-10,13352,628195,6676,322583,5865,303059,811,2553,5532,204706,7791,213221,6491,417927,California
Riverside,2021-03-11,17074,645269,8437,331020,6958,310017,1679,4232,6798,203144,10247,223468,8685,426612,California
Riverside,2021-03-12,20369,665638,7648,338668,8132,318149,4589,8821,6836,201393,13508,236976,11757,438369,California
Riverside,2021-03-13,7587,673225,2311,340979,4157,322306,1119,9940,4020,203058,3554,240530,5219,443588,California
Riverside,2021-03-14,3723,676948,1265,342244,1192,323498,1266,11206,1663,203931,2053,242583,2926,446514,California
Riverside,2021-03-15,18488,695436,7809,350053,9015,332513,1664,12870,9059,205365,9394,251977,10828,457342,California
Riverside,2021-03-16,20807,716243,10083,360136,9910,342423,814,13684,11328,208161,9443,261420,12239,469581,California
Riverside,2021-03-17,21110,737353,10814,370950,9250,351673,1046,14730,12661,213512,8417,269837,13768,483349,California
Riverside,2021-03-18,22437,759790,11656,382606,9132,360805,1649,16379,12453,217683,9940,279777,14111,497460,California
Riverside,2021-03-19,23868,783658,12518,395124,10407,371212,943,17322,13934,223036,9886,289663,15239,512699,California
Riverside,2021-03-20,10500,794158,6802,401926,2544,373756,1154,18476,6748,227213,3727,293390,7904,520603,California
Riverside,2021-03-21,3645,797803,2848,404774,546,374302,251,18727,2501,228836,1132,294522,2755,523358,California
Riverside,2021-03-22,16554,814357,9872,414646,6126,380428,556,19283,10565,234006,5951,300473,11121,534479,California
Riverside,2021-03-23,18474,832831,10458,425104,7596,388024,420,19703,11989,239993,6439,306912,12426,546905,California
Riverside,2021-03-24,18522,851353,10334,435438,8071,396095,117,19820,12902,247441,5579,312491,13027,559932,California
Riverside,2021-03-25,20952,872305,11598,447036,9179,405274,175,19995,14254,255237,6637,319128,14433,574365,California
Riverside,2021-03-26,23885,896190,11779,458815,11944,417218,162,20157,15019,261640,8783,327911,15186,589551,California
Riverside,2021-03-27,8949,905139,4597,463412,3299,420517,1053,21210,4514,262789,4419,332330,5568,595119,California
Riverside,2021-03-28,4704,909843,3100,466512,1514,422031,90,21300,2836,263855,1861,334191,2927,598046,California
Riverside,2021-03-29,15549,925392,7895,474407,7541,429572,113,21413,10035,268524,5489,339680,10158,608204,California
Riverside,2021-03-30,18151,943543,9495,483902,8455,438027,201,21614,11882,274370,6240,345920,12086,620290,California
Riverside,2021-03-31,17740,961283,8234,492136,9212,447239,294,21908,11618,280212,6079,351999,11921,632211,California
Riverside,2021-04-01,24833,986116,12093,504229,12036,459275,704,22612,16613,289359,8172,360171,17319,649530,California
Riverside,2021-04-02,25571,1011687,13740,517969,10933,470208,898,23510,16369,297700,9155,369326,17496,667026,California
Riverside,2021-04-03,8932,1020619,5644,523613,2764,472972,524,24034,5909,301121,3011,372337,6432,673458,California
Riverside,2021-04-04,3249,1023868,1977,525590,1070,474042,202,24236,1861,301800,1384,373721,2063,675521,California
Riverside,2021-04-05,17617,1041485,9049,534639,6832,480874,1736,25972,10337,306620,7255,380976,12075,687596,California
Riverside,2021-04-06,20315,1061800,10764,545403,8151,489025,1400,27372,11882,311506,8393,389369,13279,700875,California
Riverside,2021-04-07,15721,1077521,8598,554001,6176,495201,947,28319,9520,315799,6177,395546,10470,711345,California
Sacramento,2020-12-15,314,314,314,314,0,0,0,0,314,314,0,0,314,314,California
Sacramento,2020-12-16,645,959,645,959,0,0,0,0,645,959,0,0,645,959,California
Sacramento,2020-12-17,645,1604,645,1604,0,0,0,0,645,1604,0,0,645,1604,California
Sacramento,2020-12-18,972,2576,969,2573,3,3,0,0,972,2576,0,0,972,2576,California
Sacramento,2020-12-19,613,3189,613,3186,0,3,0,0,613,3189,0,0,613,3189,California
Sacramento,2020-12-20,633,3822,633,3819,0,3,0,0,633,3822,0,0,633,3822,California
Sacramento,2020-12-21,1675,5497,1674,5493,1,4,0,0,1676,5498,0,0,1676,5498,California
Sacramento,2020-12-22,2093,7590,2063,7556,30,34,0,0,2093,7591,0,0,2093,7591,California
Sacramento,2020-12-23,2243,9833,2078,9634,165,199,0,0,2243,9834,0,0,2243,9834,California
Sacramento,2020-12-24,1045,10878,834,10468,211,410,0,0,1045,10879,0,0,1045,10879,California
Sacramento,2020-12-25,1,10879,0,10468,1,411,0,0,1,10880,0,0,1,10880,California
Sacramento,2020-12-26,508,11387,291,10759,217,628,0,0,508,11388,0,0,508,11388,California
Sacramento,2020-12-27,350,11737,247,11006,103,731,0,0,350,11738,0,0,350,11738,California
Sacramento,2020-12-28,1898,13635,1320,12326,578,1309,0,0,1897,13634,1,1,1897,13635,California
Sacramento,2020-12-29,1950,15585,1187,13513,763,2072,0,0,1950,15584,0,1,1950,15585,California
Sacramento,2020-12-30,2564,18149,1463,14976,1101,3173,0,0,2565,18149,0,1,2565,18150,California
Sacramento,2020-12-31,1224,19373,694,15670,530,3703,0,0,1224,19373,0,1,1224,19374,California
Sacramento,2021-01-01,69,19442,60,15730,9,3712,0,0,69,19442,0,1,69,19443,California
Sacramento,2021-01-02,565,20007,363,16093,202,3914,0,0,565,20007,0,1,565,20008,California
Sacramento,2021-01-03,410,20417,221,16314,189,4103,0,0,410,20417,0,1,410,20418,California
Sacramento,2021-01-04,1960,22377,846,17160,1114,5217,0,0,1958,22374,1,2,1958,22376,California
Sacramento,2021-01-05,2207,24584,984,18144,1223,6440,0,0,1853,23880,354,356,1860,24236,California
Sacramento,2021-01-06,2729,27313,1624,19768,1105,7545,0,0,1953,25060,773,1129,1953,26189,California
Sacramento,2021-01-07,2832,30145,1507,21275,1325,8870,0,0,1973,26177,856,1985,1973,28162,California
Sacramento,2021-01-08,3285,33430,2089,23364,1196,10066,0,0,2248,27393,1033,3018,2249,30411,California
Sacramento,2021-01-09,1286,34716,797,24161,489,10555,0,0,896,27901,388,3406,896,31307,California
Sacramento,2021-01-10,1245,35961,712,24873,533,11088,0,0,772,28202,472,3878,773,32080,California
Sacramento,2021-01-11,4336,40297,2944,27817,1392,12480,0,0,2412,28693,1923,5801,2414,34494,California
Sacramento,2021-01-12,4411,44708,3032,30849,1379,13859,0,0,2450,29183,1960,7761,2450,36944,California
Sacramento,2021-01-13,3761,48469,2158,33007,1603,15462,0,0,2351,30127,1409,9170,2353,39297,California
Sacramento,2021-01-14,4589,53058,2359,35366,2230,17692,0,0,3666,32874,919,10089,3666,42963,California
Sacramento,2021-01-15,4394,57452,2255,37621,2139,19831,0,0,3672,35827,720,10809,3673,46636,California
Sacramento,2021-01-16,2091,59543,1291,38912,800,20631,0,0,1874,37484,217,11026,1874,48510,California
Sacramento,2021-01-17,1633,61176,951,39863,682,21313,0,0,1456,38765,177,11203,1458,49968,California
Sacramento,2021-01-18,2854,64030,1763,41626,1091,22404,0,0,2331,40574,523,11726,2332,52300,California
Sacramento,2021-01-19,4614,68644,3053,44679,1561,23965,0,0,3350,42661,1264,12990,3351,55651,California
Sacramento,2021-01-20,4758,73402,2816,47495,1942,25907,0,0,3547,45000,1213,14203,3552,59203,California
Sacramento,2021-01-21,5171,78573,2980,50475,2191,28098,0,0,4210,48256,955,15158,4211,63414,California
Sacramento,2021-01-22,4967,83540,2646,53121,2321,30419,0,0,4662,52615,304,15462,4663,68077,California
Sacramento,2021-01-23,3724,87264,1559,54680,2165,32584,0,0,3269,55429,455,15917,3269,71346,California
Sacramento,2021-01-24,1559,88823,979,55659,580,33164,0,0,1321,56513,238,16155,1322,72668,California
Sacramento,2021-01-25,4341,93164,2108,57767,2233,35397,0,0,2926,58026,1415,17570,2928,75596,California
Sacramento,2021-01-26,4686,97850,2123,59890,2563,37960,0,0,3488,60320,1196,18766,3490,79086,California
Sacramento,2021-01-27,5783,103633,3042,62932,2741,40701,0,0,4181,62904,1599,20365,4183,83269,California
Sacramento,2021-01-28,5341,108974,2706,65638,2635,43336,0,0,4246,66057,1094,21459,4247,87516,California
Sacramento,2021-01-29,5375,114349,2926,68564,2449,45785,0,0,4358,69407,1008,22467,4358,91874,California
Sacramento,2021-01-30,4497,118846,2195,70759,2302,48087,0,0,4063,73038,432,22899,4063,95937,California
Sacramento,2021-01-31,2287,121133,1995,72754,292,48379,0,0,2015,74785,270,23169,2017,97954,California
Sacramento,2021-02-01,5895,127028,3009,75763,2886,51265,0,0,4240,77372,1653,24822,4240,102194,California
Sacramento,2021-02-02,6841,133869,3752,79515,3089,54354,0,0,4768,80085,2057,26879,4770,106964,California
Sacramento,2021-02-03,7071,140940,3540,83055,3531,57885,0,0,5219,83463,1843,28722,5221,112185,California
Sacramento,2021-02-04,7682,148622,3620,86675,4062,61947,0,0,5478,86746,2195,30917,5478,117663,California
Sacramento,2021-02-05,7708,156330,4362,91037,3346,65293,0,0,4806,88676,2879,33796,4809,122472,California
Sacramento,2021-02-06,8398,164728,3432,94469,4966,70259,0,0,7067,94418,1327,35123,7069,129541,California
Sacramento,2021-02-07,4016,168744,2138,96607,1878,72137,0,0,2799,96009,1209,36332,2800,132341,California
Sacramento,2021-02-08,6180,174924,3195,99802,2985,75122,0,0,3871,97576,2305,38637,3872,136213,California
Sacramento,2021-02-09,6702,181626,3501,103303,3201,78323,0,0,3920,98721,2777,41414,3922,140135,California
Sacramento,2021-02-10,7633,189259,4175,107478,3458,81781,0,0,4530,100163,3090,44504,4532,144667,California
Sacramento,2021-02-11,8753,198012,4964,112442,3789,85570,0,0,4783,100991,3957,48461,4785,149452,California
Sacramento,2021-02-12,10536,208548,4126,116568,6410,91980,0,0,6359,103214,4139,52600,6362,155814,California
Sacramento,2021-02-13,7583,216131,2983,119551,4600,96580,0,0,6004,107640,1578,54178,6004,161818,California
Sacramento,2021-02-14,3081,219212,1914,121465,1167,97747,0,0,2056,108678,1023,55201,2061,163879,California
Sacramento,2021-02-15,5923,225135,2028,123493,3895,101642,0,0,4134,111031,1783,56984,4136,168015,California
Sacramento,2021-02-16,8839,233974,4194,127687,4645,106287,0,0,5267,112738,3565,60549,5272,173287,California
Sacramento,2021-02-17,8783,242757,4966,132653,3817,110104,0,0,5117,114202,3654,64203,5118,178405,California
Sacramento,2021-02-18,8783,251540,5027,137680,3756,113860,0,0,5053,115534,3724,67927,5056,183461,California
Sacramento,2021-02-19,9966,261506,6116,143796,3850,117710,0,0,5893,117371,4060,71987,5897,189358,California
Sacramento,2021-02-20,7321,268827,5343,149139,1978,119688,0,0,4286,118630,3028,75015,4287,193645,California
Sacramento,2021-02-21,2792,271619,2217,151356,575,120263,0,0,954,117752,1832,76847,954,194599,California
Sacramento,2021-02-22,6128,277747,3709,155065,2419,122682,0,0,2658,116951,3463,80310,2662,197261,California
Sacramento,2021-02-23,7081,284828,4403,159468,2678,125360,0,0,3462,116812,3604,83914,3465,200726,California
Sacramento,2021-02-24,9532,294360,5266,164734,4266,129626,0,0,5230,117759,4288,88202,5235,205961,California
Sacramento,2021-02-25,9933,304293,5368,170102,4565,134191,0,0,5487,118813,4433,92635,5487,211448,California
Sacramento,2021-02-26,13811,318104,6439,176541,7372,141563,0,0,9507,124051,4274,96909,9512,220960,California
Sacramento,2021-02-27,10760,328864,6697,183238,4061,145624,2,2,7920,129151,2823,99732,7923,228883,California
Sacramento,2021-02-28,5522,334386,2166,185404,3356,148980,0,2,2561,128765,2948,102680,2562,231445,California
Sacramento,2021-03-01,7927,342313,3410,188814,4517,153497,0,2,4262,129385,3644,106324,4264,235709,California
Sacramento,2021-03-02,8754,351067,3980,192794,4773,158270,1,3,5466,131580,3274,109598,5469,241178,California
Sacramento,2021-03-03,10416,361483,4848,197642,5566,163836,2,5,6059,133303,4340,113938,6063,247241,California
Sacramento,2021-03-04,12115,373598,5062,202704,7049,170885,4,9,7030,135288,5057,118995,7042,254283,California
Sacramento,2021-03-05,10369,383967,4845,207549,5495,176380,29,38,6920,138809,3429,122424,6950,261233,California
Sacramento,2021-03-06,7950,391917,3054,210603,4774,181154,122,160,3992,138983,3941,126365,4115,265348,California
Sacramento,2021-03-07,7527,399444,2177,212780,5267,186421,83,243,3698,138937,3826,130191,3780,269128,California
Sacramento,2021-03-08,8998,408442,4217,216997,4558,190979,223,466,5923,142015,3066,133257,6144,275272,California
Sacramento,2021-03-09,9415,417857,4493,221490,4654,195633,268,734,5416,143718,3982,137239,5685,280957,California
Sacramento,2021-03-10,11490,429347,7445,228935,3719,199352,326,1060,6734,146051,4729,141968,7062,288019,California
Sacramento,2021-03-11,13606,442953,8757,237692,4087,203439,762,1822,8092,149429,5475,147443,8853,296872,California
Sacramento,2021-03-12,16642,459595,8130,245822,7734,211173,778,2600,7903,149431,8688,156131,8690,305562,California
Sacramento,2021-03-13,12445,472040,3495,249317,8555,219728,395,2995,7907,153208,4527,160658,8304,313866,California
Sacramento,2021-03-14,7769,479809,3286,252603,3860,223588,623,3618,4257,154596,3491,164149,4879,318745,California
Sacramento,2021-03-15,11723,491532,4787,257390,6300,229888,636,4254,6828,157185,4876,169025,7465,326210,California
Sacramento,2021-03-16,13748,505280,6174,263564,6936,236824,638,4892,8453,161014,5260,174285,9089,335299,California
Sacramento,2021-03-17,13325,518605,6522,270086,6195,243019,608,5500,8595,165514,4702,178987,9202,344501,California
Sacramento,2021-03-18,13659,532264,6488,276574,6611,249630,560,6060,8995,170431,4636,183623,9553,354054,California
Sacramento,2021-03-19,14661,546925,7386,283960,5916,255546,1359,7419,7301,171755,7339,190962,8663,362717,California
Sacramento,2021-03-20,12647,559572,7515,291475,4792,260338,340,7759,7956,175385,4667,195629,8297,371014,California
Sacramento,2021-03-21,5527,565099,2748,294223,2740,263078,39,7798,4893,179695,624,196253,4934,375948,California
Sacramento,2021-03-22,9170,574269,4745,298968,3659,266737,766,8564,6194,183707,2950,199203,6962,382910,California
Sacramento,2021-03-23,11101,585370,6688,305656,3605,270342,808,9372,7144,187739,3920,203123,7952,390862,California
Sacramento,2021-03-24,11521,596891,7196,312852,3697,274039,628,10000,6692,190263,4799,207922,7323,398185,California
Sacramento,2021-03-25,12138,609029,6716,319568,4618,278657,804,10804,7043,193048,5062,212984,7847,406032,California
Sacramento,2021-03-26,17144,626173,8241,327809,8422,287079,481,11285,8354,193152,8734,221718,8838,414870,California
Sacramento,2021-03-27,9468,635641,3520,331329,5667,292746,281,11566,5127,194245,4315,226033,5408,420278,California
Sacramento,2021-03-28,6384,642025,3202,334531,2936,295682,246,11812,3051,194222,3325,229358,3302,423580,California
Sacramento,2021-03-29,10660,652685,5866,340397,4599,300281,195,12007,5127,194039,5508,234866,5325,428905,California
Sacramento,2021-03-30,11461,664146,6029,346426,5120,305401,312,12319,5993,194894,5450,240316,6305,435210,California
Sacramento,2021-03-31,12998,677144,7693,354119,4916,310317,389,12708,5719,193744,7256,247572,6106,441316,California
Sacramento,2021-04-01,15056,692200,8516,362635,6329,316646,211,12919,5699,190329,9332,256904,5917,447233,California
Sacramento,2021-04-02,15439,707639,8493,371128,6265,322911,681,13600,7736,191074,7675,264579,8420,455653,California
Sacramento,2021-04-03,10209,717848,6073,377201,3595,326506,541,14141,6367,194161,3818,268397,6905,462558,California
Sacramento,2021-04-04,3538,721386,1434,378635,1922,328428,182,14323,1406,193618,2128,270525,1585,464143,California
Sacramento,2021-04-05,11519,732905,7259,385894,3488,331916,772,15095,5153,193197,6343,276868,5922,470065,California
Sacramento,2021-04-06,14373,747278,8101,393995,5154,337070,1118,16213,6383,192742,7961,284829,7506,477571,California
Sacramento,2021-04-07,9819,757097,5364,399359,3394,340464,1061,17274,4912,193820,4890,289719,5968,483539,California
San Benito,2020-12-16,2,2,2,2,0,0,0,0,2,2,0,0,2,2,California
San Benito,2020-12-17,8,10,8,10,0,0,0,0,8,10,0,0,8,10,California
San Benito,2020-12-18,32,42,32,42,0,0,0,0,32,42,0,0,32,42,California
San Benito,2020-12-19,47,89,47,89,0,0,0,0,47,89,0,0,47,89,California
San Benito,2020-12-20,22,111,21,110,1,1,0,0,22,111,0,0,22,111,California
San Benito,2020-12-21,48,159,48,158,0,1,0,0,48,159,0,0,48,159,California
San Benito,2020-12-22,63,222,63,221,0,1,0,0,63,222,0,0,63,222,California
San Benito,2020-12-23,48,270,36,257,12,13,0,0,48,270,0,0,48,270,California
San Benito,2020-12-24,12,282,4,261,8,21,0,0,12,282,0,0,12,282,California
San Benito,2020-12-25,4,286,4,265,0,21,0,0,4,286,0,0,4,286,California
San Benito,2020-12-26,13,299,4,269,9,30,0,0,13,299,0,0,13,299,California
San Benito,2020-12-27,8,307,7,276,1,31,0,0,8,307,0,0,8,307,California
San Benito,2020-12-28,63,370,36,312,27,58,0,0,63,370,0,0,63,370,California
San Benito,2020-12-29,49,419,20,332,29,87,0,0,49,419,0,0,49,419,California
San Benito,2020-12-30,60,479,37,369,23,110,0,0,60,479,0,0,60,479,California
San Benito,2020-12-31,19,498,2,371,17,127,0,0,19,498,0,0,19,498,California
San Benito,2021-01-02,24,522,23,394,1,128,0,0,24,522,0,0,24,522,California
San Benito,2021-01-03,3,525,1,395,2,130,0,0,3,525,0,0,3,525,California
San Benito,2021-01-04,62,587,23,418,39,169,0,0,62,587,0,0,62,587,California
San Benito,2021-01-05,118,705,36,454,82,251,0,0,115,699,3,3,115,702,California
San Benito,2021-01-06,97,802,42,496,55,306,0,0,83,768,14,17,83,785,California
San Benito,2021-01-07,79,881,43,539,36,342,0,0,51,791,28,45,51,836,California
San Benito,2021-01-08,130,1011,67,606,63,405,0,0,87,835,43,88,87,923,California
San Benito,2021-01-09,44,1055,31,637,13,418,0,0,30,851,14,102,30,953,California
San Benito,2021-01-10,15,1070,13,650,2,420,0,0,5,846,10,112,5,958,California
San Benito,2021-01-11,101,1171,58,708,43,463,0,0,49,843,52,164,49,1007,California
San Benito,2021-01-12,153,1324,51,759,102,565,0,0,118,926,35,199,118,1125,California
San Benito,2021-01-13,190,1514,35,794,155,720,0,0,163,1062,27,226,163,1288,California
San Benito,2021-01-14,113,1627,23,817,90,810,0,0,96,1141,17,243,96,1384,California
San Benito,2021-01-15,213,1840,21,838,192,1002,0,0,199,1326,14,257,199,1583,California
San Benito,2021-01-16,27,1867,9,847,18,1020,0,0,21,1341,6,263,21,1604,California
San Benito,2021-01-17,10,1877,5,852,5,1025,0,0,7,1345,3,266,7,1611,California
San Benito,2021-01-18,36,1913,23,875,13,1038,0,0,21,1351,15,281,21,1632,California
San Benito,2021-01-19,150,2063,63,938,87,1125,0,0,124,1449,26,307,124,1756,California
San Benito,2021-01-20,260,2323,80,1018,180,1305,0,0,214,1618,45,352,214,1970,California
San Benito,2021-01-21,124,2447,31,1049,93,1398,0,0,100,1694,24,376,100,2070,California
San Benito,2021-01-22,231,2678,19,1068,212,1610,0,0,221,1905,10,386,221,2291,California
San Benito,2021-01-23,30,2708,16,1084,14,1624,0,0,13,1901,17,403,13,2304,California
San Benito,2021-01-24,11,2719,3,1087,8,1632,0,0,7,1904,4,407,7,2311,California
San Benito,2021-01-25,67,2786,25,1112,42,1674,0,0,22,1881,45,452,22,2333,California
San Benito,2021-01-26,134,2920,41,1153,93,1767,0,0,81,1909,53,505,81,2414,California
San Benito,2021-01-27,231,3151,69,1222,162,1929,0,0,190,2058,41,546,190,2604,California
San Benito,2021-01-28,156,3307,32,1254,124,2053,0,0,124,2151,31,577,124,2728,California
San Benito,2021-01-29,285,3592,32,1286,253,2306,0,0,261,2389,23,600,261,2989,California
San Benito,2021-01-30,49,3641,31,1317,18,2324,0,0,27,2394,22,622,27,3016,California
San Benito,2021-01-31,17,3658,5,1322,12,2336,0,0,12,2401,5,627,12,3028,California
San Benito,2021-02-01,133,3791,28,1350,105,2441,0,0,89,2446,44,671,89,3117,California
San Benito,2021-02-02,224,4015,48,1398,176,2617,0,0,134,2490,90,761,134,3251,California
San Benito,2021-02-03,336,4351,41,1439,295,2912,0,0,272,2698,64,825,272,3523,California
San Benito,2021-02-04,159,4510,24,1463,135,3047,0,0,116,2771,43,868,116,3639,California
San Benito,2021-02-05,289,4799,40,1503,249,3296,0,0,227,2936,62,930,227,3866,California
San Benito,2021-02-06,49,4848,9,1512,40,3336,0,0,32,2951,17,947,32,3898,California
San Benito,2021-02-07,15,4863,7,1519,8,3344,0,0,14,2964,1,948,14,3912,California
San Benito,2021-02-08,137,5000,15,1534,122,3466,0,0,91,3009,46,994,91,4003,California
San Benito,2021-02-09,324,5324,64,1598,260,3726,0,0,194,3073,130,1124,194,4197,California
San Benito,2021-02-10,318,5642,88,1686,230,3956,0,0,124,3003,194,1318,124,4321,California
San Benito,2021-02-11,288,5930,31,1717,257,4213,0,0,192,3099,96,1414,192,4513,California
San Benito,2021-02-12,412,6342,31,1748,381,4594,0,0,208,3104,203,1617,208,4721,California
San Benito,2021-02-13,57,6399,8,1756,49,4643,0,0,43,3133,14,1631,43,4764,California
San Benito,2021-02-14,40,6439,5,1761,35,4678,0,0,30,3153,10,1641,30,4794,California
San Benito,2021-02-15,106,6545,9,1770,97,4775,0,0,95,3237,11,1652,95,4889,California
San Benito,2021-02-16,203,6748,11,1781,192,4967,0,0,103,3240,100,1752,103,4992,California
San Benito,2021-02-17,325,7073,30,1811,295,5262,0,0,277,3469,48,1800,277,5269,California
San Benito,2021-02-18,291,7364,38,1849,253,5515,0,0,70,3318,221,2021,70,5339,California
San Benito,2021-02-19,325,7689,45,1894,280,5795,0,0,158,3309,167,2188,158,5497,California
San Benito,2021-02-20,45,7734,26,1920,19,5814,0,0,36,3336,9,2197,36,5533,California
San Benito,2021-02-21,23,7757,8,1928,15,5829,0,0,14,3341,9,2206,14,5547,California
San Benito,2021-02-22,131,7888,36,1964,95,5924,0,0,97,3405,33,2239,97,5644,California
San Benito,2021-02-23,375,8263,93,2057,282,6206,0,0,264,3558,111,2350,264,5908,California
San Benito,2021-02-24,371,8634,61,2118,310,6516,0,0,235,3657,136,2486,235,6143,California
San Benito,2021-02-25,391,9025,63,2181,328,6844,0,0,270,3804,123,2609,270,6413,California
San Benito,2021-02-26,640,9665,73,2254,567,7411,0,0,398,3960,242,2851,398,6811,California
San Benito,2021-02-27,98,9763,36,2290,62,7473,0,0,83,4028,15,2866,83,6894,California
San Benito,2021-02-28,244,10007,23,2313,221,7694,0,0,235,4254,9,2875,235,7129,California
San Benito,2021-03-01,225,10232,60,2373,165,7859,0,0,156,4340,70,2945,156,7285,California
San Benito,2021-03-02,254,10486,74,2447,180,8039,0,0,186,4458,68,3013,186,7471,California
San Benito,2021-03-03,377,10863,53,2500,324,8363,0,0,204,4491,171,3184,204,7675,California
San Benito,2021-03-04,600,11463,122,2622,464,8827,14,14,422,4739,178,3362,426,8101,California
San Benito,2021-03-05,582,12045,305,2927,264,9091,13,27,373,4917,208,3570,386,8487,California
San Benito,2021-03-06,186,12231,64,2991,108,9199,14,41,136,5017,50,3620,150,8637,California
San Benito,2021-03-07,646,12877,602,3593,22,9221,22,63,614,5621,32,3652,636,9273,California
San Benito,2021-03-08,267,13144,65,3658,174,9395,28,91,165,5712,102,3754,193,9466,California
San Benito,2021-03-09,275,13419,85,3743,120,9515,70,161,134,5777,140,3894,205,9671,California
San Benito,2021-03-10,401,13820,114,3857,193,9708,94,255,232,5934,169,4063,326,9997,California
San Benito,2021-03-11,430,14250,119,3976,197,9905,114,369,209,6036,221,4284,323,10320,California
San Benito,2021-03-12,493,14743,112,4088,290,10195,91,460,223,6083,268,4552,315,10635,California
San Benito,2021-03-13,192,14935,99,4187,75,10270,18,478,124,6159,66,4618,142,10777,California
San Benito,2021-03-14,209,15144,38,4225,151,10421,20,498,170,6311,38,4656,190,10967,California
San Benito,2021-03-15,323,15467,99,4324,205,10626,19,517,189,6385,134,4790,208,11175,California
San Benito,2021-03-16,478,15945,216,4540,231,10857,31,548,338,6613,140,4930,368,11543,California
San Benito,2021-03-17,682,16627,473,5013,196,11053,13,561,553,7054,125,5055,566,12109,California
San Benito,2021-03-18,691,17318,522,5535,123,11176,46,607,564,7539,125,5180,610,12719,California
San Benito,2021-03-19,742,18060,402,5937,317,11493,23,630,566,7952,176,5356,589,13308,California
San Benito,2021-03-20,235,18295,146,6083,77,11570,12,642,179,8087,56,5412,191,13499,California
San Benito,2021-03-21,104,18399,53,6136,46,11616,5,647,77,8142,27,5439,82,13581,California
San Benito,2021-03-22,327,18726,169,6305,133,11749,25,672,225,8290,102,5541,250,13831,California
San Benito,2021-03-23,468,19194,197,6502,266,12015,5,677,222,8270,246,5787,226,14057,California
San Benito,2021-03-24,547,19741,305,6807,236,12251,6,683,358,8444,189,5976,363,14420,California
San Benito,2021-03-25,700,20441,410,7217,287,12538,3,686,410,8568,289,6265,413,14833,California
San Benito,2021-03-26,992,21433,515,7732,474,13012,3,689,327,8234,664,6929,330,15163,California
San Benito,2021-03-27,320,21753,179,7911,109,13121,32,721,206,8359,113,7042,238,15401,California
San Benito,2021-03-28,690,22443,571,8482,114,13235,5,726,127,7928,563,7605,132,15533,California
San Benito,2021-03-29,340,22783,106,8588,214,13449,20,746,146,7899,194,7799,165,15698,California
San Benito,2021-03-30,556,23339,260,8848,208,13657,88,834,280,7991,276,8075,368,16066,California
San Benito,2021-03-31,564,23903,344,9192,196,13853,24,858,324,8101,238,8313,348,16414,California
San Benito,2021-04-01,906,24809,367,9559,512,14365,27,885,551,8324,354,8667,577,16991,California
San Benito,2021-04-02,534,25343,258,9817,141,14506,135,1020,265,8455,269,8936,400,17391,California
San Benito,2021-04-03,215,25558,89,9906,104,14610,22,1042,78,8418,137,9073,100,17491,California
San Benito,2021-04-04,142,25700,107,10013,30,14640,5,1047,109,8499,33,9106,114,17605,California
San Benito,2021-04-05,339,26039,165,10178,137,14777,37,1084,136,8468,203,9309,172,17777,California
San Benito,2021-04-06,297,26336,143,10321,115,14892,39,1123,147,8504,150,9459,186,17963,California
San Benito,2021-04-07,581,26917,381,10702,167,15059,33,1156,99,8155,481,9940,132,18095,California
San Bernardino,2020-12-15,13,13,13,13,0,0,0,0,13,13,0,0,13,13,California
San Bernardino,2020-12-16,107,120,107,120,0,0,0,0,107,120,0,0,107,120,California
San Bernardino,2020-12-17,2347,2467,2347,2467,0,0,0,0,2347,2467,0,0,2347,2467,California
San Bernardino,2020-12-18,3142,5609,3139,5606,3,3,0,0,3143,5610,0,0,3143,5610,California
San Bernardino,2020-12-19,1066,6675,1065,6671,1,4,0,0,1067,6677,0,0,1067,6677,California
San Bernardino,2020-12-20,1172,7847,1171,7842,1,5,0,0,1172,7849,0,0,1172,7849,California
San Bernardino,2020-12-21,2454,10301,2449,10291,5,10,0,0,2454,10303,0,0,2454,10303,California
San Bernardino,2020-12-22,2268,12569,2143,12434,125,135,0,0,2269,12572,0,0,2269,12572,California
San Bernardino,2020-12-23,2644,15213,1453,13887,1191,1326,0,0,2643,15215,0,0,2643,15215,California
San Bernardino,2020-12-24,1159,16372,585,14472,574,1900,0,0,1161,16376,0,0,1161,16376,California
San Bernardino,2020-12-25,74,16446,14,14486,60,1960,0,0,74,16450,0,0,74,16450,California
San Bernardino,2020-12-26,461,16907,253,14739,208,2168,0,0,461,16911,0,0,461,16911,California
San Bernardino,2020-12-27,343,17250,160,14899,183,2351,0,0,343,17254,0,0,343,17254,California
San Bernardino,2020-12-28,1559,18809,709,15608,850,3201,0,0,1560,18814,0,0,1560,18814,California
San Bernardino,2020-12-29,2206,21015,1041,16649,1165,4366,0,0,2205,21018,1,1,2205,21019,California
San Bernardino,2020-12-30,2887,23902,1459,18108,1428,5794,0,0,2888,23906,0,1,2888,23907,California
San Bernardino,2020-12-31,1351,25253,439,18547,912,6706,0,0,1349,25255,0,1,1349,25256,California
San Bernardino,2021-01-01,274,25527,148,18695,126,6832,0,0,273,25528,0,1,273,25529,California
San Bernardino,2021-01-02,476,26003,339,19034,137,6969,0,0,476,26004,0,1,476,26005,California
San Bernardino,2021-01-03,135,26138,85,19119,50,7019,0,0,135,26139,0,1,135,26140,California
San Bernardino,2021-01-04,2114,28252,1286,20405,828,7847,0,0,2113,28252,0,1,2113,28253,California
San Bernardino,2021-01-05,2329,30581,1459,21864,870,8717,0,0,2215,30357,110,111,2215,30468,California
San Bernardino,2021-01-06,3423,34004,2352,24216,1071,9788,0,0,2932,32805,485,596,2933,33401,California
San Bernardino,2021-01-07,5396,39400,4490,28706,906,10694,0,0,2471,32370,2906,3502,2471,35872,California
San Bernardino,2021-01-08,5352,44752,4439,33145,913,11607,0,0,2279,31583,3067,6569,2280,38152,California
San Bernardino,2021-01-09,1398,46150,1100,34245,298,11905,0,0,902,31989,496,7065,902,39054,California
San Bernardino,2021-01-10,1020,47170,598,34843,422,12327,0,0,573,32115,447,7512,573,39627,California
San Bernardino,2021-01-11,4983,52153,4081,38924,902,13229,0,0,2768,32671,2212,9724,2768,42395,California
San Bernardino,2021-01-12,4227,56380,3222,42146,1005,14234,0,0,2513,33471,1713,11437,2513,44908,California
San Bernardino,2021-01-13,4551,60931,2847,44993,1704,15938,0,0,3328,35590,1210,12647,3329,48237,California
San Bernardino,2021-01-14,4743,65674,2774,47767,1969,17907,0,0,4161,39173,578,13225,4161,52398,California
San Bernardino,2021-01-15,5948,71622,2960,50727,2988,20895,0,0,5553,44344,385,13610,5556,57954,California
San Bernardino,2021-01-16,2253,73875,1287,52014,966,21861,0,0,2112,46315,141,13751,2112,60066,California
San Bernardino,2021-01-17,1186,75061,515,52529,671,22532,0,0,1096,47324,89,13840,1098,61164,California
San Bernardino,2021-01-18,4264,79325,2636,55165,1628,24160,0,0,3646,50355,617,14457,3648,64812,California
San Bernardino,2021-01-19,6292,85617,3704,58869,2588,26748,0,0,5203,54475,1087,15544,5207,70019,California
San Bernardino,2021-01-20,6792,92409,3724,62593,3068,29816,0,0,4866,57425,1918,17462,4868,74887,California
San Bernardino,2021-01-21,5981,98390,3074,65667,2907,32723,0,0,4868,61191,1104,18566,4870,79757,California
San Bernardino,2021-01-22,6494,104884,3036,68703,3458,36181,0,0,5774,66247,719,19285,5775,85532,California
San Bernardino,2021-01-23,3097,107981,1886,70589,1211,37392,0,0,2711,68573,385,19670,2711,88243,California
San Bernardino,2021-01-24,1192,109173,461,71050,731,38123,0,0,1093,69567,99,19769,1093,89336,California
San Bernardino,2021-01-25,6857,116030,3396,74446,3461,41584,0,0,5016,72747,1839,21608,5019,94355,California
San Bernardino,2021-01-26,7075,123105,3551,77997,3524,45108,0,0,4996,75664,2079,23687,4996,99351,California
San Bernardino,2021-01-27,8224,131329,4103,82100,4121,49229,0,0,5538,78526,2676,26363,5538,104889,California
San Bernardino,2021-01-28,8529,139858,4043,86143,4486,53715,0,0,6228,82457,2297,28660,6228,111117,California
San Bernardino,2021-01-29,8123,147981,3729,89872,4394,58109,0,0,6177,86702,1933,30593,6178,117295,California
San Bernardino,2021-01-30,3074,151055,1895,91767,1179,59288,0,0,2792,89213,281,30874,2792,120087,California
San Bernardino,2021-01-31,924,151979,495,92262,429,59717,0,0,870,90030,53,30927,870,120957,California
San Bernardino,2021-02-01,7518,159497,4223,96485,3295,63012,0,0,4902,92319,2613,33540,4902,125859,California
San Bernardino,2021-02-02,10362,169859,3648,100133,6714,69726,0,0,8312,98585,2047,35587,8313,134172,California
San Bernardino,2021-02-03,8954,178813,4141,104274,4813,74539,0,0,6476,102592,2470,38057,6477,140649,California
San Bernardino,2021-02-04,10499,189312,5197,109471,5302,79841,0,0,7437,106978,3051,41108,7437,148086,California
San Bernardino,2021-02-05,10934,200246,5895,115366,5039,84880,0,0,7424,110904,3499,44607,7425,155511,California
San Bernardino,2021-02-06,5243,205489,2204,117570,3039,87919,0,0,3614,112917,1604,46211,3617,159128,California
San Bernardino,2021-02-07,852,206341,498,118068,354,88273,0,0,475,113019,374,46585,476,159604,California
San Bernardino,2021-02-08,7260,213601,3867,121935,3393,91666,0,0,5600,116963,1656,48241,5600,165204,California
San Bernardino,2021-02-09,9894,223495,5821,127756,4073,95739,0,0,6680,120436,3211,51452,6684,171888,California
San Bernardino,2021-02-10,11984,235479,6527,134283,5457,101196,0,0,7828,124120,4145,55597,7829,179717,California
San Bernardino,2021-02-11,12244,247723,7046,141329,5198,106394,0,0,7817,127535,4405,60002,7820,187537,California
San Bernardino,2021-02-12,10322,258045,5919,147248,4403,110797,0,0,5672,128573,4636,64638,5674,193211,California
San Bernardino,2021-02-13,5994,264039,3981,151229,2013,112810,0,0,3765,130131,2214,66852,3772,196983,California
San Bernardino,2021-02-14,1544,265583,650,151879,894,113704,0,0,868,130332,667,67519,868,197851,California
San Bernardino,2021-02-15,5441,271024,2989,154868,2452,116156,0,0,3046,130997,2381,69900,3046,200897,California
San Bernardino,2021-02-16,12577,283601,7373,162241,5204,121360,0,0,7970,134375,4594,74494,7972,208869,California
San Bernardino,2021-02-17,11773,295374,6453,168694,5320,126680,0,0,7164,136945,4595,79089,7165,216034,California
San Bernardino,2021-02-18,12440,307814,7575,176269,4865,131545,0,0,7711,139945,4713,83802,7713,223747,California
San Bernardino,2021-02-19,11453,319267,5895,182164,5558,137103,0,0,6780,142070,4655,88457,6780,230527,California
San Bernardino,2021-02-20,4487,323754,3451,185615,1036,138139,0,0,2044,141674,2441,90898,2045,232572,California
San Bernardino,2021-02-21,917,324671,458,186073,459,138598,0,0,283,141325,632,91530,283,232855,California
San Bernardino,2021-02-22,8443,333114,5155,191228,3288,141886,0,0,4012,140916,4422,95952,4013,236868,California
San Bernardino,2021-02-23,8766,341880,5176,196404,3590,145476,0,0,4519,141217,4218,100170,4519,241387,California
San Bernardino,2021-02-24,11950,353830,6840,203244,5110,150586,0,0,6079,141450,5847,106017,6080,247467,California
San Bernardino,2021-02-25,12865,366695,6252,209496,6613,157199,0,0,7522,143648,5327,111344,7525,254992,California
San Bernardino,2021-02-26,13316,380011,6374,215870,6942,164141,0,0,7510,145413,5746,117090,7511,262503,California
San Bernardino,2021-02-27,6572,386583,3650,219520,2922,167063,0,0,4766,148381,1798,118888,4766,267269,California
San Bernardino,2021-02-28,1743,388326,719,220239,1024,168087,0,0,1134,148913,603,119491,1135,268404,California
San Bernardino,2021-03-01,8362,396688,4314,224553,4047,172134,1,1,3835,148249,4507,123998,3843,272247,California
San Bernardino,2021-03-02,13460,410148,5316,229869,8144,180278,0,1,6407,147633,7026,131024,6410,278657,California
San Bernardino,2021-03-03,12231,422379,6174,236043,6056,186334,1,2,5588,146599,6627,137651,5593,284250,California
San Bernardino,2021-03-04,12727,435106,6484,242527,6242,192576,1,3,5767,145427,6942,144593,5770,290020,California
San Bernardino,2021-03-05,13310,448416,6690,249217,6619,199195,1,4,6764,145690,6519,151112,6782,296802,California
San Bernardino,2021-03-06,9447,457863,5259,254476,3973,203168,215,219,4405,145280,5029,156141,4619,301421,California
San Bernardino,2021-03-07,1522,459385,925,255401,542,203710,55,274,980,145775,540,156681,1035,302456,California
San Bernardino,2021-03-08,7204,466589,3102,258503,3941,207651,161,435,3450,145638,3751,160432,3614,306070,California
San Bernardino,2021-03-09,11887,478476,6537,265040,5115,212766,235,670,4773,143546,7102,167534,5010,311080,California
San Bernardino,2021-03-10,13266,491742,7246,272286,5629,218395,391,1061,6129,142959,7113,174647,6526,317606,California
San Bernardino,2021-03-11,13573,505315,6420,278706,6375,224770,778,1839,7101,144388,6452,181099,7881,325487,California
San Bernardino,2021-03-12,14732,520047,6605,285311,6169,230939,1958,3797,7113,145915,7593,188692,9120,334607,California
San Bernardino,2021-03-13,7725,527772,4338,289649,2926,233865,461,4258,4647,147951,3073,191765,5109,339716,California
San Bernardino,2021-03-14,2656,530428,1381,291030,735,234600,540,4798,1576,148988,1077,192842,2114,341830,California
San Bernardino,2021-03-15,11198,541626,5299,296329,3900,238500,1999,6797,5491,150778,5699,198541,7489,349319,California
San Bernardino,2021-03-16,15939,557565,7892,304221,7105,245605,942,7739,9725,155253,6191,204732,10666,359985,California
San Bernardino,2021-03-17,16643,574208,8430,312651,7468,253073,745,8484,9969,159310,6659,211391,10716,370701,California
San Bernardino,2021-03-18,16209,590417,8045,320696,7781,260854,383,8867,9527,162566,6655,218046,9911,380612,California
San Bernardino,2021-03-19,16560,606977,8169,328865,7808,268662,583,9450,9483,165633,7053,225099,10120,390732,California
San Bernardino,2021-03-20,9346,616323,5901,334766,2864,271526,581,10031,5560,168014,3759,228858,6140,396872,California
San Bernardino,2021-03-21,2731,619054,2228,336994,456,271982,47,10078,2215,169770,506,229364,2262,399134,California
San Bernardino,2021-03-22,9518,628572,4481,341475,4604,276586,433,10511,6924,174550,2578,231942,7358,406492,California
San Bernardino,2021-03-23,15208,643780,8635,350110,5955,282541,618,11129,9510,178996,5680,237622,10126,416618,California
San Bernardino,2021-03-24,14795,658575,7698,357808,6799,289340,298,11427,9956,184441,4810,242432,10255,426873,California
San Bernardino,2021-03-25,16551,675126,8163,365971,8100,297440,288,11715,10532,189278,5980,248412,10817,437690,California
San Bernardino,2021-03-26,17755,692881,8532,374503,8468,305908,755,12470,10841,193991,6886,255298,11599,449289,California
San Bernardino,2021-03-27,10648,703529,6859,381362,3043,308951,746,13216,6112,196327,4522,259820,6858,456147,California
San Bernardino,2021-03-28,3498,707027,2462,383824,927,309878,109,13325,2470,197882,1024,260844,2579,458726,California
San Bernardino,2021-03-29,11232,718259,5936,389760,4900,314778,396,13721,7624,202305,3597,264441,8020,466746,California
San Bernardino,2021-03-30,16673,734932,9378,399138,6589,321367,706,14427,10794,207952,5850,270291,11497,478243,California
San Bernardino,2021-03-31,15775,750707,8851,407989,6330,327697,594,15021,10713,214213,5044,275335,11305,489548,California
San Bernardino,2021-04-01,19110,769817,10098,418087,7691,335388,1321,16342,12519,221486,6564,281899,13837,503385,California
San Bernardino,2021-04-02,18043,787860,8958,427045,7843,343231,1242,17584,11033,226815,6986,288885,12315,515700,California
San Bernardino,2021-04-03,10667,798527,6612,433657,2945,346176,1110,18694,5893,229053,4762,293647,7000,522700,California
San Bernardino,2021-04-04,2370,800897,1415,435072,714,346890,241,18935,1314,229554,1054,294701,1555,524255,California
San Bernardino,2021-04-05,11095,811992,4957,440029,4591,351481,1547,20482,5788,231597,5288,299989,7331,531586,California
San Bernardino,2021-04-06,17051,829043,9391,449420,6079,357560,1581,22063,9487,235114,7547,307536,11064,542650,California
San Bernardino,2021-04-07,11875,840918,6014,455434,4270,361830,1591,23654,6111,237065,5744,313280,7695,550345,California
San Diego,2020-12-15,119,119,119,119,0,0,0,0,119,119,0,0,119,119,California
San Diego,2020-12-16,1101,1220,1101,1220,0,0,0,0,1101,1220,0,0,1101,1220,California
San Diego,2020-12-17,2348,3568,2348,3568,0,0,0,0,2348,3568,0,0,2348,3568,California
San Diego,2020-12-18,3671,7239,3670,7238,1,1,0,0,3671,7239,0,0,3671,7239,California
San Diego,2020-12-19,2311,9550,2311,9549,0,1,0,0,2311,9550,0,0,2311,9550,California
San Diego,2020-12-20,1184,10734,1182,10731,2,3,0,0,1184,10734,0,0,1184,10734,California
San Diego,2020-12-21,3521,14255,3520,14251,1,4,0,0,3521,14255,0,0,3521,14255,California
San Diego,2020-12-22,4056,18311,3413,17664,643,647,0,0,4056,18311,0,0,4056,18311,California
San Diego,2020-12-23,3176,21487,1974,19638,1202,1849,0,0,3176,21487,0,0,3176,21487,California
San Diego,2020-12-24,2723,24210,2206,21844,517,2366,0,0,2723,24210,0,0,2723,24210,California
San Diego,2020-12-25,869,25079,868,22712,1,2367,0,0,868,25077,1,1,868,25078,California
San Diego,2020-12-26,3249,28328,2134,24846,1115,3482,0,0,3248,28325,0,1,3248,28326,California
San Diego,2020-12-27,2475,30803,1611,26457,864,4346,0,0,2474,30798,1,2,2474,30800,California
San Diego,2020-12-28,5853,36656,4184,30641,1669,6015,0,0,5853,36651,0,2,5853,36653,California
San Diego,2020-12-29,5534,42190,2972,33613,2562,8577,0,0,5534,42185,0,2,5534,42187,California
San Diego,2020-12-30,5891,48081,3071,36684,2820,11397,0,0,5891,48076,0,2,5891,48078,California
San Diego,2020-12-31,2936,51017,997,37681,1939,13336,0,0,2935,51010,1,3,2935,51013,California
San Diego,2021-01-01,993,52010,440,38121,553,13889,0,0,992,52002,0,3,992,52005,California
San Diego,2021-01-02,3745,55755,1310,39431,2435,16324,0,0,3745,55747,0,3,3745,55750,California
San Diego,2021-01-03,857,56612,630,40061,227,16551,0,0,856,56603,0,3,856,56606,California
San Diego,2021-01-04,3684,60296,2036,42097,1648,18199,0,0,3677,60280,0,3,3677,60283,California
San Diego,2021-01-05,4281,64577,2096,44193,2185,20384,0,0,3664,63344,613,616,3677,63960,California
San Diego,2021-01-06,4914,69491,2286,46479,2628,23012,0,0,3679,65815,1212,1828,3683,67643,California
San Diego,2021-01-07,5547,75038,2976,49455,2571,25583,0,0,3392,67065,2148,3976,3398,71041,California
San Diego,2021-01-08,7688,82726,4956,54411,2732,28315,0,0,3900,67209,3771,7747,3915,74956,California
San Diego,2021-01-09,2926,85652,1550,55961,1376,29691,0,0,1758,67818,1157,8904,1766,76722,California
San Diego,2021-01-10,1868,87520,1292,57253,576,30267,0,0,767,67504,1089,9993,775,77497,California
San Diego,2021-01-11,10304,97824,5854,63107,4450,34717,0,0,6780,70780,3517,13510,6793,84290,California
San Diego,2021-01-12,11154,108978,5312,68419,5842,40559,0,0,7784,75315,3361,16871,7896,92186,California
San Diego,2021-01-13,11434,120412,5012,73431,6422,46981,0,0,8894,81701,2527,19398,8913,101099,California
San Diego,2021-01-14,12319,132731,4735,78166,7584,54565,0,0,10163,89741,2147,21545,10187,111286,California
San Diego,2021-01-15,15007,147738,5281,83447,9726,64291,0,0,12390,99559,2598,24143,12416,123702,California
San Diego,2021-01-16,10748,158486,3580,87027,7168,71459,0,0,9309,107458,1434,25577,9333,133035,California
San Diego,2021-01-17,8658,167144,2485,89512,6173,77632,0,0,7825,114463,833,26410,7838,140873,California
San Diego,2021-01-18,12430,179574,5903,95415,6527,84159,0,0,9624,121350,2767,29177,9654,150527,California
San Diego,2021-01-19,14700,194274,5778,101193,8922,93081,0,0,11592,130088,3094,32271,11832,162359,California
San Diego,2021-01-20,18307,212581,6369,107562,11938,105019,0,0,15028,142014,3260,35531,15186,177545,California
San Diego,2021-01-21,17369,229950,5883,113445,11486,116505,0,0,15990,156770,1368,36899,16124,193669,California
San Diego,2021-01-22,17596,247546,4725,118170,12871,129376,0,0,15573,170398,2010,38909,15638,209307,California
San Diego,2021-01-23,14419,261965,5256,123426,9163,138539,0,0,12084,180190,2322,41231,12114,221421,California
San Diego,2021-01-24,11780,273745,3253,126679,8527,147066,0,0,10844,190110,936,42167,10856,232277,California
San Diego,2021-01-25,12127,285872,5689,132368,6438,153504,0,0,9139,196396,2980,45147,9266,241543,California
San Diego,2021-01-26,14571,300443,7309,139677,7262,160766,0,0,11312,204623,3254,48401,11481,253024,California
San Diego,2021-01-27,20245,320688,7657,147334,12588,173354,0,0,17195,218883,3036,51437,17296,270320,California
San Diego,2021-01-28,20882,341570,7249,154583,13633,186987,0,0,18630,235341,2242,53679,18700,289020,California
San Diego,2021-01-29,19396,360966,6170,160753,13226,200213,0,0,16984,249956,2402,56081,17017,306037,California
San Diego,2021-01-30,15688,376654,3460,164213,12228,212441,0,0,13018,260405,2661,58742,13110,319147,California
San Diego,2021-01-31,14429,391083,5400,169613,9029,221470,0,0,14077,274156,348,59090,14099,333246,California
San Diego,2021-02-01,20008,411091,6727,176340,13281,234751,0,0,16824,287881,3170,62260,16895,350141,California
San Diego,2021-02-02,22464,433555,7985,184325,14479,249230,0,0,18935,303462,3519,65779,19100,369241,California
San Diego,2021-02-03,26440,459995,10695,195020,15745,264975,0,0,22282,321774,4140,69919,22452,391693,California
San Diego,2021-02-04,23468,483463,9253,204273,14215,279190,0,0,18795,336169,4655,74574,19050,410743,California
San Diego,2021-02-05,24726,508189,8859,213132,15867,295057,0,0,18219,348355,6483,81057,18669,429412,California
San Diego,2021-02-06,20492,528681,8364,221496,12128,307185,0,0,17312,362694,3174,84231,17513,446925,California
San Diego,2021-02-07,11232,539913,4678,226174,6554,313739,0,0,9370,370470,1842,86073,9618,456543,California
San Diego,2021-02-08,19364,559277,7976,234150,11388,325127,0,0,11972,375734,7374,93447,12638,469181,California
San Diego,2021-02-09,19671,578948,7762,241912,11909,337036,0,0,12480,382106,7172,100619,13544,482725,California
San Diego,2021-02-10,22238,601186,8911,250823,13327,350363,0,0,13160,387551,9051,109670,14496,497221,California
San Diego,2021-02-11,22988,624174,9823,260646,13165,363528,0,0,11965,390176,10997,120667,13622,510843,California
San Diego,2021-02-12,23266,647440,6941,267587,16325,379853,0,0,11393,391936,11854,132521,13614,524457,California
San Diego,2021-02-13,19420,666860,8413,276000,11007,390860,0,0,10299,394314,9113,141634,11491,535948,California
San Diego,2021-02-14,10486,677346,6732,282732,3754,394614,0,0,5821,396974,4663,146297,7323,543271,California
San Diego,2021-02-15,14860,692206,7362,290094,7498,402112,0,0,7624,400418,7218,153515,10662,553933,California
San Diego,2021-02-16,18503,710709,10607,300701,7896,410008,0,0,8814,402576,9675,163190,11833,565766,California
San Diego,2021-02-17,22443,733152,10037,310738,12406,422414,0,0,7665,398623,14769,177959,10816,576582,California
San Diego,2021-02-18,22926,756078,11640,322378,11286,433700,0,0,7527,394901,15392,193351,11670,588252,California
San Diego,2021-02-19,15847,771925,10862,333240,4985,438685,0,0,6682,394599,9145,202496,8843,597095,California
San Diego,2021-02-20,9928,781853,6282,339522,3646,442331,0,0,5704,398017,4222,206718,7640,604735,California
San Diego,2021-02-21,10229,792082,8986,348508,1243,443574,0,0,4936,398946,5269,211987,6198,610933,California
San Diego,2021-02-22,12185,804267,10336,358844,1849,445423,0,0,6352,401146,5828,217815,8028,618961,California
San Diego,2021-02-23,25046,829313,13872,372716,11174,456597,0,0,9910,401806,15130,232945,15790,634751,California
San Diego,2021-02-24,28575,857888,12431,385147,16144,472741,0,0,7709,396136,20848,253793,15178,649929,California
San Diego,2021-02-25,32617,890505,14316,399463,18301,491042,0,0,10603,393211,21995,275788,19070,668999,California
San Diego,2021-02-26,33158,923663,12110,411573,21048,512090,0,0,12028,391200,21102,296890,19091,688090,California
San Diego,2021-02-27,20845,944508,9275,420848,11570,523660,0,0,11273,397166,9570,306460,15536,703626,California
San Diego,2021-02-28,14509,959017,9213,430061,5296,528956,0,0,9733,404999,4776,311236,12609,716235,California
San Diego,2021-03-01,23600,982617,13680,443741,9919,538875,1,1,15053,415482,8472,319708,18955,735190,California
San Diego,2021-03-02,25135,1007752,13406,457147,11729,550604,0,1,12682,422626,12447,332155,19591,754781,California
San Diego,2021-03-03,33434,1041186,15409,472556,18022,568626,3,4,14487,425195,18934,351089,21503,776284,California
San Diego,2021-03-04,27724,1068910,13764,486320,13960,582586,0,4,12738,429719,14969,366058,19493,795777,California
San Diego,2021-03-05,28463,1097373,14449,500769,13932,596518,82,86,13925,435995,14525,380583,20801,816578,California
San Diego,2021-03-06,22825,1120198,9329,510098,12794,609312,702,788,10639,439913,12179,392762,16097,832675,California
San Diego,2021-03-07,17885,1138083,9023,519121,8297,617609,565,1353,8378,443132,9503,402265,12722,845397,California
San Diego,2021-03-08,22153,1160236,10377,529498,10893,628502,883,2236,10686,448101,11454,413719,16423,861820,California
San Diego,2021-03-09,25202,1185438,11541,541039,11923,640425,1738,3974,11684,452034,13506,427225,17439,879259,California
San Diego,2021-03-10,24611,1210049,10184,551223,12062,652487,2365,6339,11116,456174,13487,440712,17627,896886,California
San Diego,2021-03-11,28236,1238285,10754,561977,13978,666465,3504,9843,11407,458291,16813,457525,18930,915816,California
San Diego,2021-03-12,25604,1263889,8787,570764,13887,680352,2930,12773,9376,457855,16215,473740,15779,931595,California
San Diego,2021-03-13,24297,1288186,6644,577408,16113,696465,1540,14313,9201,457621,15090,488830,14856,946451,California
San Diego,2021-03-14,11964,1300150,4555,581963,6708,703173,701,15014,3929,456484,8029,496859,6892,953343,California
San Diego,2021-03-15,21862,1322012,10122,592085,10969,714142,771,15785,10893,460336,10956,507815,14808,968151,California
San Diego,2021-03-16,29749,1351761,15697,607782,13664,727806,388,16173,17986,470053,11746,519561,21463,989614,California
San Diego,2021-03-17,26091,1377852,12153,619935,13235,741041,703,16876,17372,481502,8709,528270,20158,1009772,California
San Diego,2021-03-18,31128,1408980,17643,637578,12590,753631,895,17771,20338,493635,10773,539043,22906,1032678,California
San Diego,2021-03-19,30068,1439048,14266,651844,14824,768455,978,18749,19884,505609,10168,549211,22142,1054820,California
San Diego,2021-03-20,27577,1466625,8330,660174,17457,785912,1790,20539,21970,524894,5599,554810,24884,1079704,California
San Diego,2021-03-21,16451,1483076,11980,672154,3756,789668,715,21254,10497,531551,5946,560756,12603,1092307,California
San Diego,2021-03-22,22333,1505409,13082,685236,9012,798680,239,21493,16117,544507,6206,566962,19162,1111469,California
San Diego,2021-03-23,25748,1531157,13571,698807,11916,810596,261,21754,19593,560307,6144,573106,21944,1133413,California
San Diego,2021-03-24,29317,1560474,19630,718437,9335,819931,352,22106,20069,573612,9240,582346,22545,1155958,California
San Diego,2021-03-25,29946,1590420,18061,736498,11230,831161,655,22761,19743,585950,10193,592539,22531,1178489,California
San Diego,2021-03-26,31615,1622035,17687,754185,13396,844557,532,23293,19074,596138,12516,605055,22704,1201193,California
San Diego,2021-03-27,24889,1646924,10953,765138,13543,858100,393,23686,15220,604350,9654,614709,17866,1219059,California
San Diego,2021-03-28,14817,1661741,9154,774292,5607,863707,56,23742,9128,609303,5682,620391,10635,1229694,California
San Diego,2021-03-29,26270,1688011,12584,786876,13093,876800,593,24335,18487,623148,7777,628168,21622,1251316,California
San Diego,2021-03-30,32971,1720982,17760,804636,14430,891230,781,25116,23296,639400,9661,637829,25913,1277229,California
San Diego,2021-03-31,29840,1750822,18456,823092,10750,901980,634,25750,20343,651967,9480,647309,22047,1299276,California
San Diego,2021-04-01,33580,1784402,19733,842825,12501,914481,1346,27096,24352,669819,9205,656514,27057,1326333,California
San Diego,2021-04-02,34948,1819350,20309,863134,12140,926621,2499,29595,24271,687319,10660,667174,28160,1354493,California
San Diego,2021-04-03,30215,1849565,14028,877162,11743,938364,4444,34039,20180,703104,10025,677199,25810,1380303,California
San Diego,2021-04-04,8801,1858366,4985,882147,2926,941290,890,34929,5114,705595,3685,680884,6176,1386479,California
San Diego,2021-04-05,28909,1887275,14816,896963,11656,952946,2437,37366,19173,719917,9722,690606,24044,1410523,California
San Diego,2021-04-06,36560,1923835,19495,916458,12132,965078,4933,42299,21628,733653,14920,705526,28656,1439179,California
San Diego,2021-04-07,16676,1940511,11193,927651,3201,968279,2282,44581,10325,740139,6337,711863,12823,1452002,California
San Francisco,2020-12-15,7,7,7,7,0,0,0,0,7,7,0,0,7,7,California
San Francisco,2020-12-16,229,236,229,236,0,0,0,0,229,236,0,0,229,236,California
San Francisco,2020-12-17,395,631,395,631,0,0,0,0,395,631,0,0,395,631,California
San Francisco,2020-12-18,877,1508,877,1508,0,0,0,0,877,1508,0,0,877,1508,California
San Francisco,2020-12-19,601,2109,601,2109,0,0,0,0,601,2109,0,0,601,2109,California
San Francisco,2020-12-20,484,2593,484,2593,0,0,0,0,484,2593,0,0,484,2593,California
San Francisco,2020-12-21,1163,3756,1163,3756,0,0,0,0,1163,3756,0,0,1163,3756,California
San Francisco,2020-12-22,1400,5156,1366,5122,34,34,0,0,1400,5156,0,0,1400,5156,California
San Francisco,2020-12-23,1328,6484,1040,6162,288,322,0,0,1328,6484,0,0,1328,6484,California
San Francisco,2020-12-24,837,7321,502,6664,335,657,0,0,837,7321,0,0,837,7321,California
San Francisco,2020-12-25,33,7354,28,6692,5,662,0,0,33,7354,0,0,33,7354,California
San Francisco,2020-12-26,245,7599,151,6843,94,756,0,0,245,7599,0,0,245,7599,California
San Francisco,2020-12-27,273,7872,60,6903,213,969,0,0,273,7872,0,0,273,7872,California
San Francisco,2020-12-28,1269,9141,686,7589,583,1552,0,0,1269,9141,0,0,1269,9141,California
San Francisco,2020-12-29,1245,10386,622,8211,623,2175,0,0,1245,10386,0,0,1245,10386,California
San Francisco,2020-12-30,1480,11866,776,8987,704,2879,0,0,1480,11866,0,0,1480,11866,California
San Francisco,2020-12-31,962,12828,410,9397,552,3431,0,0,961,12827,0,0,961,12827,California
San Francisco,2021-01-01,66,12894,58,9455,8,3439,0,0,66,12893,0,0,66,12893,California
San Francisco,2021-01-02,334,13228,302,9757,32,3471,0,0,334,13227,0,0,334,13227,California
San Francisco,2021-01-03,292,13520,100,9857,192,3663,0,0,291,13517,1,1,291,13518,California
San Francisco,2021-01-04,1834,15354,1354,11211,480,4143,0,0,1831,15345,3,4,1831,15349,California
San Francisco,2021-01-05,2231,17585,1414,12625,817,4960,0,0,2196,17508,35,39,2198,17547,California
San Francisco,2021-01-06,1871,19456,1165,13790,706,5666,0,0,1606,18852,263,302,1607,19154,California
San Francisco,2021-01-07,2062,21518,1201,14991,861,6527,0,0,1607,20007,452,754,1607,20761,California
San Francisco,2021-01-08,2328,23846,1634,16625,694,7221,0,0,1490,20664,833,1587,1490,22251,California
San Francisco,2021-01-09,1386,25232,892,17517,494,7715,0,0,883,21046,503,2090,885,23136,California
San Francisco,2021-01-10,920,26152,542,18059,378,8093,0,0,460,21047,459,2549,460,23596,California
San Francisco,2021-01-11,2504,28656,1873,19932,631,8724,0,0,1403,21348,1102,3651,1403,24999,California
San Francisco,2021-01-12,3084,31740,2056,21988,1028,9752,0,0,1891,22047,1193,4844,1892,26891,California
San Francisco,2021-01-13,2813,34553,1598,23586,1215,10967,0,0,1986,23206,827,5671,1986,28877,California
San Francisco,2021-01-14,2427,36980,1092,24678,1335,12302,0,0,1869,24517,558,6229,1869,30746,California
San Francisco,2021-01-15,2736,39716,1144,25822,1592,13894,0,0,2345,26475,389,6618,2347,33093,California
San Francisco,2021-01-16,2245,41961,964,26786,1281,15175,0,0,2081,28392,164,6782,2081,35174,California
San Francisco,2021-01-17,1918,43879,532,27318,1386,16561,0,0,1703,29880,215,6997,1703,36877,California
San Francisco,2021-01-18,1374,45253,590,27908,784,17345,0,0,1110,30729,263,7260,1112,37989,California
San Francisco,2021-01-19,2566,47819,1470,29378,1096,18441,0,0,1824,31811,742,8002,1824,39813,California
San Francisco,2021-01-20,2698,50517,1083,30461,1615,20056,0,0,1953,33023,742,8744,1954,41767,California
San Francisco,2021-01-21,3288,53805,928,31389,2360,22416,0,0,2467,34671,819,9563,2467,44234,California
San Francisco,2021-01-22,3162,56967,629,32018,2533,24949,0,0,2723,36957,437,10000,2723,46957,California
San Francisco,2021-01-23,3089,60056,608,32626,2481,27430,0,0,2722,39314,366,10366,2723,49680,California
San Francisco,2021-01-24,2422,62478,358,32984,2064,29494,0,0,2195,41285,224,10590,2195,51875,California
San Francisco,2021-01-25,4563,67041,1772,34756,2791,32285,0,0,3023,42771,1538,12128,3024,54899,California
San Francisco,2021-01-26,4647,71688,2125,36881,2522,34807,0,0,3059,44247,1585,13713,3061,57960,California
San Francisco,2021-01-27,4418,76106,2079,38960,2339,37146,0,0,3069,45972,1344,15057,3069,61029,California
San Francisco,2021-01-28,3745,79851,1550,40510,2195,39341,0,0,2581,47394,1159,16216,2581,63610,California
San Francisco,2021-01-29,4709,84560,1677,42187,3032,42373,0,0,3441,49574,1261,17477,3441,67051,California
San Francisco,2021-01-30,3765,88325,1838,44025,1927,44300,0,0,3322,52458,441,17918,3325,70376,California
San Francisco,2021-01-31,2347,90672,821,44846,1526,45826,0,0,2196,54505,150,18068,2197,72573,California
San Francisco,2021-02-01,3770,94442,1512,46358,2258,48084,0,0,2874,56484,896,18964,2875,75448,California
San Francisco,2021-02-02,4637,99079,1957,48315,2680,50764,0,0,2873,57599,1758,20722,2873,78321,California
San Francisco,2021-02-03,5043,104122,2360,50675,2683,53447,0,0,3749,60057,1292,22014,3750,82071,California
San Francisco,2021-02-04,5015,109137,2432,53107,2583,56030,0,0,3853,62750,1160,23174,3853,85924,California
San Francisco,2021-02-05,5913,115050,3192,56299,2721,58751,0,0,4585,66011,1325,24499,4586,90510,California
San Francisco,2021-02-06,5457,120507,3643,59942,1814,60565,0,0,4558,69675,897,25396,4561,95071,California
San Francisco,2021-02-07,4322,124829,3174,63116,1148,61713,0,0,3748,72853,573,25969,3751,98822,California
San Francisco,2021-02-08,6681,131510,4600,67716,2081,63794,0,0,5476,77143,1188,27157,5478,104300,California
San Francisco,2021-02-09,5913,137423,3983,71699,1930,65724,0,0,4360,79954,1550,28707,4361,108661,California
San Francisco,2021-02-10,6825,144248,4167,75866,2658,68382,0,0,5064,83268,1753,30460,5067,113728,California
San Francisco,2021-02-11,6673,150921,3954,79820,2719,71101,0,0,4866,86330,1805,32265,4867,118595,California
San Francisco,2021-02-12,5296,156217,2659,82479,2637,73738,0,0,3472,87979,1823,34088,3472,122067,California
San Francisco,2021-02-13,4352,160569,2550,85029,1802,75540,0,0,3030,89689,1322,35410,3032,125099,California
San Francisco,2021-02-14,3410,163979,2235,87264,1175,76715,0,0,2290,90861,1119,36529,2291,127390,California
San Francisco,2021-02-15,2763,166742,1501,88765,1262,77977,0,0,1672,91444,1089,37618,1672,129062,California
San Francisco,2021-02-16,4974,171716,2722,91487,2252,80229,0,0,2955,92392,2013,39631,2961,132023,California
San Francisco,2021-02-17,5388,177104,2677,94164,2711,82940,0,0,2952,92918,2427,42058,2953,134976,California
San Francisco,2021-02-18,5359,182463,2621,96785,2738,85678,0,0,2807,93177,2551,44609,2810,137786,California
San Francisco,2021-02-19,5613,188076,2637,99422,2976,88654,0,0,2922,93416,2685,47294,2924,140710,California
San Francisco,2021-02-20,4509,192585,2170,101592,2339,90993,0,0,1700,92316,2801,50095,1701,142411,California
San Francisco,2021-02-21,2713,195298,1344,102936,1369,92362,0,0,1127,91861,1583,51678,1128,143539,California
San Francisco,2021-02-22,5073,200371,3157,106093,1916,94278,0,0,2545,91888,2520,54198,2547,146086,California
San Francisco,2021-02-23,5425,205796,3069,109162,2356,96634,0,0,2757,91982,2664,56862,2758,148844,California
San Francisco,2021-02-24,8939,214735,5062,114224,3877,100511,0,0,4769,92591,4161,61023,4770,153614,California
San Francisco,2021-02-25,9722,224457,6845,121069,2877,103388,0,0,6279,95429,3443,64466,6281,159895,California
San Francisco,2021-02-26,11870,236327,7714,128783,4156,107544,0,0,7036,97629,4837,69303,7037,166932,California
San Francisco,2021-02-27,8850,245177,5629,134412,3220,110764,1,1,4492,97774,4349,73652,4494,171426,California
San Francisco,2021-02-28,7694,252871,5522,139934,2172,112936,0,1,3832,97745,3862,77514,3833,175259,California
San Francisco,2021-03-01,10608,263479,7122,147056,3486,116422,0,1,5131,97418,5461,82975,5134,180393,California
San Francisco,2021-03-02,8780,272259,5597,152653,3183,119605,0,1,5099,98843,3675,86650,5100,185493,California
San Francisco,2021-03-03,10601,282860,6107,158760,4493,124098,1,2,5648,99551,4944,91594,5652,191145,California
San Francisco,2021-03-04,8573,291433,5397,164157,3176,127274,0,2,4838,100659,3730,95324,4838,195983,California
San Francisco,2021-03-05,8555,299988,5070,169227,3483,130757,2,4,5369,102854,3176,98500,5371,201354,California
San Francisco,2021-03-06,6823,306811,4397,173624,2220,132977,206,210,4185,104592,2651,101151,4389,205743,California
San Francisco,2021-03-07,5078,311889,3952,177576,1070,134047,56,266,2851,105259,2241,103392,2908,208651,California
San Francisco,2021-03-08,7076,318965,5135,182711,1759,135806,182,448,5544,109421,1565,104957,5727,214378,California
San Francisco,2021-03-09,6638,325603,3885,186596,2381,138187,372,820,4535,112215,2110,107067,4904,219282,California
San Francisco,2021-03-10,10250,335853,5847,192443,3915,142102,488,1308,6279,115031,3952,111019,6768,226050,California
San Francisco,2021-03-11,9874,345727,6297,198740,2640,144742,937,2245,6484,119072,3376,114395,7417,233467,California
San Francisco,2021-03-12,10426,356153,6132,204872,3044,147786,1250,3495,5844,121605,4560,118955,7093,240560,California
San Francisco,2021-03-13,6352,362505,3771,208643,1583,149369,998,4493,3989,124235,2356,121311,4986,245546,California
San Francisco,2021-03-14,7308,369813,4773,213416,2309,151678,226,4719,3963,125089,3335,124646,4189,249735,California
San Francisco,2021-03-15,11887,381700,9060,222476,1895,153573,932,5651,8242,130623,3633,128279,9167,258902,California
San Francisco,2021-03-16,11957,393657,8153,230629,3349,156922,455,6106,8695,136523,3248,131527,9148,268050,California
San Francisco,2021-03-17,13070,406727,8110,238739,4420,161342,540,6646,9479,142974,3564,135091,10015,278065,California
San Francisco,2021-03-18,9843,416570,6714,245453,2543,163885,586,7232,5615,144972,4202,139293,6200,284265,California
San Francisco,2021-03-19,11933,428503,8692,254145,2778,166663,463,7695,6366,146254,5546,144839,6828,291093,California
San Francisco,2021-03-20,8543,437046,6383,260528,1803,168466,357,8052,5148,148391,3370,148209,5507,296600,California
San Francisco,2021-03-21,6432,443478,5884,266412,414,168880,134,8186,3681,149465,2741,150950,3815,300415,California
San Francisco,2021-03-22,9641,453119,6809,273221,1991,170871,841,9027,5081,150846,4540,155490,5921,306336,California
San Francisco,2021-03-23,11047,464166,7341,280562,3061,173932,645,9672,6710,153890,4309,159799,7353,313689,California
San Francisco,2021-03-24,12206,476372,9365,289927,2307,176239,534,10206,6377,155003,5796,165595,6909,320598,California
San Francisco,2021-03-25,11701,488073,8612,298539,2545,178784,544,10750,5903,155707,5741,171336,6445,327043,California
San Francisco,2021-03-26,11731,499804,8162,306701,3343,182127,226,10976,6102,156431,5601,176937,6325,333368,California
San Francisco,2021-03-27,8451,508255,5723,312424,2499,184626,229,11205,3889,156003,4546,181483,4118,337486,California
San Francisco,2021-03-28,6536,514791,5218,317642,1277,185903,41,11246,3157,155838,3361,184844,3196,340682,California
San Francisco,2021-03-29,11339,526130,7869,325511,3293,189196,177,11423,5159,155017,6157,191001,5336,346018,California
San Francisco,2021-03-30,11396,537526,7145,332656,3970,193166,281,11704,6869,157662,4505,195506,7150,353168,California
San Francisco,2021-03-31,11970,549496,7925,340581,3761,196927,284,11988,5703,157406,6238,201744,5982,359150,California
San Francisco,2021-04-01,13436,562932,7123,347704,4700,201627,1613,13601,5831,157275,7573,209317,7442,366592,California
San Francisco,2021-04-02,14409,577341,6361,354065,6257,207884,1791,15392,6894,158462,7497,216814,8684,375276,California
San Francisco,2021-04-03,10117,587458,4677,358742,3675,211559,1765,17157,4666,159451,5440,222254,6429,381705,California
San Francisco,2021-04-04,8795,596253,4613,363355,2578,214137,1604,18761,3486,159244,5299,227553,5092,386797,California
San Francisco,2021-04-05,15525,611778,9508,372863,4193,218330,1824,20585,6211,157988,9288,236841,8032,394829,California
San Francisco,2021-04-06,14373,626151,8147,381010,4372,222702,1854,22439,5343,156171,9012,245853,7195,402024,California
San Francisco,2021-04-07,11128,637279,6232,387242,3732,226434,1164,23603,4684,155585,6430,252283,5844,407868,California
San Joaquin,2020-12-15,12,12,12,12,0,0,0,0,12,12,0,0,12,12,California
San Joaquin,2020-12-16,437,449,437,449,0,0,0,0,437,449,0,0,437,449,California
San Joaquin,2020-12-17,385,834,385,834,0,0,0,0,385,834,0,0,385,834,California
San Joaquin,2020-12-18,572,1406,546,1380,26,26,0,0,572,1406,0,0,572,1406,California
San Joaquin,2020-12-19,199,1605,199,1579,0,26,0,0,199,1605,0,0,199,1605,California
San Joaquin,2020-12-20,112,1717,112,1691,0,26,0,0,112,1717,0,0,112,1717,California
San Joaquin,2020-12-21,554,2271,550,2241,4,30,0,0,554,2271,0,0,554,2271,California
San Joaquin,2020-12-22,1054,3325,895,3136,159,189,0,0,1053,3324,0,0,1053,3324,California
San Joaquin,2020-12-23,1027,4352,960,4096,67,256,0,0,1025,4349,0,0,1025,4349,California
San Joaquin,2020-12-24,220,4572,192,4288,28,284,0,0,219,4568,0,0,219,4568,California
San Joaquin,2020-12-25,14,4586,14,4302,0,284,0,0,14,4582,0,0,14,4582,California
San Joaquin,2020-12-26,101,4687,29,4331,72,356,0,0,101,4683,0,0,101,4683,California
San Joaquin,2020-12-27,40,4727,29,4360,11,367,0,0,40,4723,0,0,40,4723,California
San Joaquin,2020-12-28,651,5378,444,4804,207,574,0,0,651,5374,0,0,651,5374,California
San Joaquin,2020-12-29,876,6254,739,5543,137,711,0,0,876,6250,0,0,876,6250,California
San Joaquin,2020-12-30,1054,7308,747,6290,307,1018,0,0,1053,7303,0,0,1053,7303,California
San Joaquin,2020-12-31,450,7758,200,6490,250,1268,0,0,451,7754,0,0,451,7754,California
San Joaquin,2021-01-01,17,7775,10,6500,7,1275,0,0,17,7771,0,0,17,7771,California
San Joaquin,2021-01-02,250,8025,229,6729,21,1296,0,0,249,8020,0,0,249,8020,California
San Joaquin,2021-01-03,36,8061,19,6748,17,1313,0,0,35,8054,1,1,35,8055,California
San Joaquin,2021-01-04,484,8545,341,7089,143,1456,0,0,481,8535,0,1,481,8536,California
San Joaquin,2021-01-05,1039,9584,711,7800,328,1784,0,0,824,9175,216,217,856,9392,California
San Joaquin,2021-01-06,1306,10890,787,8587,519,2303,0,0,941,9760,359,576,944,10336,California
San Joaquin,2021-01-07,1132,12022,723,9310,409,2712,0,0,807,10247,321,897,808,11144,California
San Joaquin,2021-01-08,1337,13359,945,10255,392,3104,0,0,804,10523,529,1426,805,11949,California
San Joaquin,2021-01-09,378,13737,301,10556,77,3181,0,0,248,10641,130,1556,248,12197,California
San Joaquin,2021-01-10,220,13957,114,10670,106,3287,0,0,168,10757,52,1608,168,12365,California
San Joaquin,2021-01-11,1581,15538,1376,12046,205,3492,0,0,921,11026,659,2267,928,13293,California
San Joaquin,2021-01-12,1508,17046,1071,13117,437,3929,0,0,757,11042,749,3016,765,14058,California
San Joaquin,2021-01-13,1503,18549,851,13968,652,4581,0,0,976,11493,528,3544,979,15037,California
San Joaquin,2021-01-14,1614,20163,904,14872,710,5291,0,0,1254,12424,329,3873,1260,16297,California
San Joaquin,2021-01-15,1605,21768,669,15541,936,6227,0,0,1361,13564,223,4096,1363,17660,California
San Joaquin,2021-01-16,1173,22941,191,15732,982,7209,0,0,1149,14689,24,4120,1149,18809,California
San Joaquin,2021-01-17,1650,24591,129,15861,1521,8730,0,0,1617,16275,33,4153,1619,20428,California
San Joaquin,2021-01-18,767,25358,235,16096,532,9262,0,0,649,16810,114,4267,649,21077,California
San Joaquin,2021-01-19,1904,27262,892,16988,1012,10274,0,0,1201,17317,699,4966,1206,22283,California
San Joaquin,2021-01-20,2149,29411,1319,18307,830,11104,0,0,1468,18110,680,5646,1473,23756,California
San Joaquin,2021-01-21,2047,31458,938,19245,1109,12213,0,0,1624,19322,418,6064,1630,25386,California
San Joaquin,2021-01-22,2033,33491,966,20211,1067,13280,0,0,1891,21077,139,6203,1894,27280,California
San Joaquin,2021-01-23,937,34428,402,20613,535,13815,0,0,663,21470,272,6475,665,27945,California
San Joaquin,2021-01-24,337,34765,130,20743,207,14022,0,0,317,21769,18,6493,317,28262,California
San Joaquin,2021-01-25,2046,36811,1174,21917,872,14894,0,0,1468,22665,576,7069,1472,29734,California
San Joaquin,2021-01-26,2223,39034,1165,23082,1058,15952,0,0,1581,23611,639,7708,1585,31319,California
San Joaquin,2021-01-27,1818,40852,821,23903,997,16949,0,0,1306,24414,509,8217,1312,32631,California
San Joaquin,2021-01-28,2153,43005,859,24762,1294,18243,0,0,1465,25196,686,8903,1468,34099,California
San Joaquin,2021-01-29,2269,45274,1139,25901,1130,19373,0,0,1896,26731,368,9271,1903,36002,California
San Joaquin,2021-01-30,2400,47674,344,26245,2056,21429,0,0,2210,28772,171,9442,2212,38214,California
San Joaquin,2021-01-31,1570,49244,175,26420,1395,22824,0,0,1502,30222,53,9495,1503,39717,California
San Joaquin,2021-02-01,2635,51879,1413,27833,1222,24046,0,0,1865,31322,767,10262,1867,41584,California
San Joaquin,2021-02-02,2710,54589,1244,29077,1466,25512,0,0,2078,32822,581,10843,2081,43665,California
San Joaquin,2021-02-03,3204,57793,1315,30392,1889,27401,0,0,2315,34256,885,11728,2319,45984,California
San Joaquin,2021-02-04,3566,61359,1813,32205,1753,29154,0,0,2754,36203,809,12537,2756,48740,California
San Joaquin,2021-02-05,3380,64739,1965,34170,1415,30569,0,0,2510,37847,869,13406,2513,51253,California
San Joaquin,2021-02-06,1139,65878,791,34961,348,30917,0,0,965,38642,172,13578,967,52220,California
San Joaquin,2021-02-07,611,66489,485,35446,126,31043,0,0,416,38870,188,13766,416,52636,California
San Joaquin,2021-02-08,1820,68309,1077,36523,743,31786,0,0,1515,40083,308,14074,1521,54157,California
San Joaquin,2021-02-09,2098,70407,1176,37699,922,32708,0,0,1642,41271,455,14529,1643,55800,California
San Joaquin,2021-02-10,2668,73075,1309,39008,1359,34067,0,0,1406,41441,1236,15765,1406,57206,California
San Joaquin,2021-02-11,2974,76049,1569,40577,1405,35472,0,0,1807,42105,1148,16913,1812,59018,California
San Joaquin,2021-02-12,2866,78915,1203,41780,1663,37135,0,0,1699,42644,1163,18076,1702,60720,California
San Joaquin,2021-02-13,2128,81043,403,42183,1725,38860,0,0,853,42237,1266,19342,859,61579,California
San Joaquin,2021-02-14,1891,82934,259,42442,1632,40492,0,0,683,41727,1194,20536,684,62263,California
San Joaquin,2021-02-15,1973,84907,828,43270,1145,41637,0,0,1196,42173,754,21290,1200,63463,California
San Joaquin,2021-02-16,3200,88107,1456,44726,1744,43381,0,0,1743,42475,1446,22736,1748,65211,California
San Joaquin,2021-02-17,3414,91521,1371,46097,2043,45424,0,0,1949,42975,1453,24189,1953,67164,California
San Joaquin,2021-02-18,3530,95051,1502,47599,2028,47452,0,0,2022,43519,1485,25674,2029,69193,California
San Joaquin,2021-02-19,4702,99753,2784,50383,1918,49370,0,0,2826,44505,1841,27515,2827,72020,California
San Joaquin,2021-02-20,1665,101418,640,51023,1025,50395,0,0,1153,45149,509,28024,1153,73173,California
San Joaquin,2021-02-21,620,102038,459,51482,161,50556,0,0,399,45328,221,28245,400,73573,California
San Joaquin,2021-02-22,4099,106137,3016,54498,1083,51639,0,0,3066,47392,1006,29251,3070,76643,California
San Joaquin,2021-02-23,4893,111030,3277,57775,1616,53255,0,0,3290,49108,1580,30831,3296,79939,California
San Joaquin,2021-02-24,6736,117766,4301,62076,2435,55690,0,0,5037,52473,1677,32508,5042,84981,California
San Joaquin,2021-02-25,7186,124952,4789,66865,2397,58087,0,0,4892,55107,2268,34776,4902,89883,California
San Joaquin,2021-02-26,6037,130989,3374,70239,2663,60750,0,0,4264,57637,1741,36517,4271,94154,California
San Joaquin,2021-02-27,5603,136592,1611,71850,3992,64742,0,0,2650,57385,2916,39433,2664,96818,California
San Joaquin,2021-02-28,3032,139624,1089,72939,1943,66685,0,0,1999,58366,1021,40454,2002,98820,California
San Joaquin,2021-03-01,4144,143768,1821,74760,2323,69008,0,0,2323,58892,1806,42260,2332,101152,California
San Joaquin,2021-03-02,4200,147968,1687,76447,2513,71521,0,0,2604,59977,1581,43841,2666,103818,California
San Joaquin,2021-03-03,6129,154097,3884,80331,2243,73764,2,2,4484,62838,1623,45464,4484,108302,California
San Joaquin,2021-03-04,5290,159387,2471,82802,2818,76582,1,3,3210,64065,1989,47453,3216,111518,California
San Joaquin,2021-03-05,4502,163889,1955,84757,2545,79127,2,5,3065,65708,1425,48878,3068,114586,California
San Joaquin,2021-03-06,3587,167476,2460,87217,1000,80127,127,132,2996,68248,587,49465,3127,117713,California
San Joaquin,2021-03-07,1221,168697,551,87768,627,80754,43,175,948,68968,257,49722,977,118690,California
San Joaquin,2021-03-08,3137,171834,1253,89021,1763,82517,121,296,2115,70189,1014,50736,2235,120925,California
San Joaquin,2021-03-09,4131,175965,1864,90885,2140,84657,127,423,2726,71649,1394,52130,2854,123779,California
San Joaquin,2021-03-10,4931,180896,2669,93554,2123,86780,139,562,3661,74192,1257,53387,3800,127579,California
San Joaquin,2021-03-11,5036,185932,2420,95974,2030,88810,586,1148,2929,75612,2098,55485,3518,131097,California
San Joaquin,2021-03-12,6423,192355,3437,99411,2688,91498,298,1446,4038,77582,2367,57852,4337,135434,California
San Joaquin,2021-03-13,2933,195288,1511,100922,1303,92801,119,1565,2217,79211,710,58562,2339,137773,California
San Joaquin,2021-03-14,1845,197133,594,101516,955,93756,296,1861,952,79571,890,59452,1250,139023,California
San Joaquin,2021-03-15,6617,203750,4067,105583,2153,95909,397,2258,3307,79997,3294,62746,3720,142743,California
San Joaquin,2021-03-16,7675,211425,4714,110297,2714,98623,247,2505,4303,81196,3361,66107,4560,147303,California
San Joaquin,2021-03-17,8861,220286,5774,116071,3013,101636,74,2579,4667,81774,4175,70282,4753,152056,California
San Joaquin,2021-03-18,8561,228847,5422,121493,2633,104269,506,3085,3907,81571,4620,74902,4417,156473,California
San Joaquin,2021-03-19,8479,237326,5085,126578,2853,107122,541,3626,4877,83455,3580,78482,5464,161937,California
San Joaquin,2021-03-20,3782,241108,2106,128684,1434,108556,242,3868,1874,83689,1892,80374,2126,164063,California
San Joaquin,2021-03-21,2311,243419,1678,130362,427,108983,206,4074,1412,84456,895,81269,1662,165725,California
San Joaquin,2021-03-22,4307,247726,2352,132714,1539,110522,416,4490,2697,85978,1598,82867,3120,168845,California
San Joaquin,2021-03-23,5595,253321,2868,135582,2564,113086,163,4653,3970,88501,1613,84480,4136,172981,California
San Joaquin,2021-03-24,7428,260749,4786,140368,2556,115642,86,4739,3271,87726,4140,88620,3365,176346,California
San Joaquin,2021-03-25,5839,266588,3555,143923,2247,117889,37,4776,3592,89134,2227,90847,3635,179981,California
San Joaquin,2021-03-26,6329,272917,2640,146563,3543,121432,146,4922,3364,89729,2937,93784,3532,183513,California
San Joaquin,2021-03-27,5025,277942,2848,149411,2136,123568,41,4963,2015,88809,2991,96775,2071,185584,California
San Joaquin,2021-03-28,2991,280933,2085,151496,881,124449,25,4988,1598,89140,1380,98155,1711,187295,California
San Joaquin,2021-03-29,4145,285078,2298,153794,1824,126273,23,5011,2184,89426,1949,100104,2235,189530,California
San Joaquin,2021-03-30,6309,291387,3305,157099,2970,129243,34,5045,3675,90544,2618,102722,3736,193266,California
San Joaquin,2021-03-31,6119,297506,3665,160764,2398,131641,56,5101,3256,91033,2851,105573,3340,196606,California
San Joaquin,2021-04-01,5827,303333,2714,163478,3040,134681,73,5174,3521,92404,2295,107868,3666,200272,California
San Joaquin,2021-04-02,4984,308317,1927,165405,2589,137270,468,5642,2253,92460,2712,110580,2768,203040,California
San Joaquin,2021-04-03,3705,312022,1927,167332,1475,138745,303,5945,1611,92300,2085,112665,1925,204965,California
San Joaquin,2021-04-04,1595,313617,694,168026,717,139462,184,6129,993,92881,597,113262,1178,206143,California
San Joaquin,2021-04-05,3717,317334,2134,170160,1448,140910,135,6264,2113,93543,1599,114861,2261,208404,California
San Joaquin,2021-04-06,5565,322899,3621,173781,1724,142634,220,6484,3078,94388,2469,117330,3314,211718,California
San Joaquin,2021-04-07,3718,326617,1662,175443,1143,143777,913,7397,1677,94953,2035,119365,2600,214318,California
San Luis Obispo,2020-12-16,4,4,4,4,0,0,0,0,4,4,0,0,4,4,California
San Luis Obispo,2020-12-17,196,200,196,200,0,0,0,0,196,200,0,0,196,200,California
San Luis Obispo,2020-12-18,224,424,224,424,0,0,0,0,224,424,0,0,224,424,California
San Luis Obispo,2020-12-19,162,586,162,586,0,0,0,0,162,586,0,0,162,586,California
San Luis Obispo,2020-12-20,215,801,215,801,0,0,0,0,215,801,0,0,215,801,California
San Luis Obispo,2020-12-21,550,1351,550,1351,0,0,0,0,550,1351,0,0,550,1351,California
San Luis Obispo,2020-12-22,307,1658,303,1654,4,4,0,0,307,1658,0,0,307,1658,California
San Luis Obispo,2020-12-23,681,2339,368,2022,313,317,0,0,681,2339,0,0,681,2339,California
San Luis Obispo,2020-12-24,195,2534,19,2041,176,493,0,0,195,2534,0,0,195,2534,California
San Luis Obispo,2020-12-25,2,2536,1,2042,1,494,0,0,2,2536,0,0,2,2536,California
San Luis Obispo,2020-12-26,90,2626,12,2054,78,572,0,0,90,2626,0,0,90,2626,California
San Luis Obispo,2020-12-27,76,2702,0,2054,76,648,0,0,76,2702,0,0,76,2702,California
San Luis Obispo,2020-12-28,879,3581,430,2484,449,1097,0,0,879,3581,0,0,879,3581,California
San Luis Obispo,2020-12-29,903,4484,502,2986,401,1498,0,0,903,4484,0,0,903,4484,California
San Luis Obispo,2020-12-30,1174,5658,681,3667,493,1991,0,0,1174,5658,0,0,1174,5658,California
San Luis Obispo,2020-12-31,106,5764,4,3671,102,2093,0,0,106,5764,0,0,106,5764,California
San Luis Obispo,2021-01-01,11,5775,7,3678,4,2097,0,0,11,5775,0,0,11,5775,California
San Luis Obispo,2021-01-02,33,5808,8,3686,25,2122,0,0,33,5808,0,0,33,5808,California
San Luis Obispo,2021-01-03,16,5824,6,3692,10,2132,0,0,16,5824,0,0,16,5824,California
San Luis Obispo,2021-01-04,675,6499,524,4216,151,2283,0,0,675,6499,0,0,675,6499,California
San Luis Obispo,2021-01-05,976,7475,758,4974,218,2501,0,0,974,7471,2,2,974,7473,California
San Luis Obispo,2021-01-06,727,8202,482,5456,245,2746,0,0,719,8183,7,9,719,8192,California
San Luis Obispo,2021-01-07,1128,9330,950,6406,178,2924,0,0,686,8427,442,451,686,8878,California
San Luis Obispo,2021-01-08,881,10211,805,7211,76,3000,0,0,512,8571,368,819,512,9390,California
San Luis Obispo,2021-01-09,205,10416,196,7407,9,3009,0,0,28,8422,177,996,28,9418,California
San Luis Obispo,2021-01-10,12,10428,8,7415,4,3013,0,0,8,8426,4,1000,8,9426,California
San Luis Obispo,2021-01-11,524,10952,474,7889,50,3063,0,0,263,8429,260,1260,263,9689,California
San Luis Obispo,2021-01-12,598,11550,380,8269,218,3281,0,0,320,8471,278,1538,320,10009,California
San Luis Obispo,2021-01-13,880,12430,253,8522,627,3908,0,0,642,8877,236,1774,642,10651,California
San Luis Obispo,2021-01-14,729,13159,243,8765,486,4394,0,0,604,9369,112,1886,604,11255,California
San Luis Obispo,2021-01-15,729,13888,288,9053,441,4835,0,0,553,9751,171,2057,553,11808,California
San Luis Obispo,2021-01-16,99,13987,81,9134,18,4853,0,0,94,9840,5,2062,94,11902,California
San Luis Obispo,2021-01-17,66,14053,60,9194,6,4859,0,0,66,9906,0,2062,66,11968,California
San Luis Obispo,2021-01-18,1372,15425,389,9583,983,5842,0,0,1110,10754,262,2324,1110,13078,California
San Luis Obispo,2021-01-19,1584,17009,418,10001,1166,7008,0,0,1177,11524,407,2731,1177,14255,California
San Luis Obispo,2021-01-20,1880,18889,595,10596,1285,8293,0,0,1290,12227,588,3319,1291,15546,California
San Luis Obispo,2021-01-21,1571,20460,466,11062,1105,9398,0,0,1197,13055,370,3689,1198,16744,California
San Luis Obispo,2021-01-22,1520,21980,508,11570,1012,10410,0,0,1205,13947,313,4002,1205,17949,California
San Luis Obispo,2021-01-23,310,22290,292,11862,18,10428,0,0,294,14225,16,4018,294,18243,California
San Luis Obispo,2021-01-24,242,22532,236,12098,6,10434,0,0,236,14455,6,4024,236,18479,California
San Luis Obispo,2021-01-25,2072,24604,607,12705,1465,11899,0,0,1245,14873,827,4851,1245,19724,California
San Luis Obispo,2021-01-26,2003,26607,703,13408,1300,13199,0,0,1136,15143,866,5717,1136,20860,California
San Luis Obispo,2021-01-27,1612,28219,282,13690,1330,14529,0,0,1150,15831,462,6179,1150,22010,California
San Luis Obispo,2021-01-28,1477,29696,334,14024,1143,15672,0,0,1216,16787,260,6439,1216,23226,California
San Luis Obispo,2021-01-29,1728,31424,677,14701,1051,16723,0,0,1444,17947,284,6723,1444,24670,California
San Luis Obispo,2021-01-30,37,31461,18,14719,19,16742,0,0,26,17963,10,6733,26,24696,California
San Luis Obispo,2021-01-31,26,31487,20,14739,6,16748,0,0,23,17983,3,6736,23,24719,California
San Luis Obispo,2021-02-01,1660,33147,703,15442,957,17705,0,0,1391,19106,268,7004,1391,26110,California
San Luis Obispo,2021-02-02,1893,35040,675,16117,1218,18923,0,0,1519,20251,374,7378,1519,27629,California
San Luis Obispo,2021-02-03,1697,36737,727,16844,970,19893,0,0,1286,21126,411,7789,1286,28915,California
San Luis Obispo,2021-02-04,1653,38390,799,17643,854,20747,0,0,1087,21647,566,8355,1087,30002,California
San Luis Obispo,2021-02-05,1593,39983,717,18360,876,21623,0,0,1050,22154,544,8899,1051,31053,California
San Luis Obispo,2021-02-06,159,40142,92,18452,67,21690,0,0,94,22183,65,8964,94,31147,California
San Luis Obispo,2021-02-07,143,40285,98,18550,45,21735,0,0,73,22187,70,9034,74,31221,California
San Luis Obispo,2021-02-08,853,41138,468,19018,385,22120,0,0,495,22325,357,9391,495,31716,California
San Luis Obispo,2021-02-09,1123,42261,447,19465,676,22796,0,0,541,22297,576,9967,548,32264,California
San Luis Obispo,2021-02-10,1423,43684,485,19950,938,23734,0,0,520,21920,900,10867,523,32787,California
San Luis Obispo,2021-02-11,1328,45012,842,20792,486,24220,0,0,654,21903,671,11538,654,33441,California
San Luis Obispo,2021-02-12,777,45789,362,21154,415,24635,0,0,413,21951,365,11903,413,33854,California
San Luis Obispo,2021-02-13,386,46175,124,21278,262,24897,0,0,280,22126,105,12008,280,34134,California
San Luis Obispo,2021-02-14,316,46491,42,21320,274,25171,0,0,279,22369,37,12045,280,34414,California
San Luis Obispo,2021-02-15,707,47198,136,21456,571,25742,0,0,455,22575,249,12294,455,34869,California
San Luis Obispo,2021-02-16,2961,50159,1194,22650,1767,27509,0,0,1359,22338,1596,13890,1359,36228,California
San Luis Obispo,2021-02-17,2768,52927,1237,23887,1531,29040,0,0,1026,21629,1735,15625,1026,37254,California
San Luis Obispo,2021-02-18,2808,55735,1444,25331,1364,30404,0,0,1119,21068,1681,17306,1120,38374,California
San Luis Obispo,2021-02-19,1450,57185,1332,26663,118,30522,0,0,1129,21877,320,17626,1129,39503,California
San Luis Obispo,2021-02-20,247,57432,79,26742,168,30690,0,0,212,22054,35,17661,212,39715,California
San Luis Obispo,2021-02-21,40,57472,37,26779,3,30693,0,0,25,22064,15,17676,25,39740,California
San Luis Obispo,2021-02-22,2401,59873,1857,28636,544,31237,0,0,1460,22584,941,18617,1461,41201,California
San Luis Obispo,2021-02-23,1854,61727,1741,30377,113,31350,0,0,1366,23463,487,19104,1366,42567,California
San Luis Obispo,2021-02-24,2640,64367,1297,31674,1343,32693,0,0,834,22493,1804,20908,834,43401,California
San Luis Obispo,2021-02-25,2120,66487,1237,32911,883,33576,0,0,1202,22785,911,21819,1203,44604,California
San Luis Obispo,2021-02-26,2611,69098,1132,34043,1479,35055,0,0,1307,22792,1300,23119,1307,45911,California
San Luis Obispo,2021-02-27,567,69665,344,34387,223,35278,0,0,520,23265,47,23166,520,46431,California
San Luis Obispo,2021-02-28,196,69861,74,34461,122,35400,0,0,164,23401,28,23194,164,46595,California
San Luis Obispo,2021-03-01,2951,72812,1838,36299,1112,36512,1,1,2034,24520,917,24111,2036,48631,California
San Luis Obispo,2021-03-02,2941,75753,1855,38154,1086,37598,0,1,1825,25232,1114,25225,1826,50457,California
San Luis Obispo,2021-03-03,2191,77944,310,38464,1881,39479,0,1,764,24575,1424,26649,767,51224,California
San Luis Obispo,2021-03-04,2156,80100,1140,39604,1016,40495,0,1,1167,24757,987,27636,1169,52393,California
San Luis Obispo,2021-03-05,2285,82385,1012,40616,1203,41698,70,71,1290,25136,981,28617,1360,53753,California
San Luis Obispo,2021-03-06,806,83191,296,40912,415,42113,95,166,600,25619,206,28823,689,54442,California
San Luis Obispo,2021-03-07,198,83389,31,40943,83,42196,84,250,69,25645,128,28951,154,54596,California
San Luis Obispo,2021-03-08,2721,86110,752,41695,1655,43851,314,564,1540,26320,1179,30130,1854,56450,California
San Luis Obispo,2021-03-09,2905,89015,951,42646,1718,45569,236,800,1506,26667,1396,31526,1743,58193,California
San Luis Obispo,2021-03-10,3154,92169,1239,43885,1646,47215,269,1069,1795,27374,1357,32883,2064,60257,California
San Luis Obispo,2021-03-11,3032,95201,1257,45142,1476,48691,299,1368,1664,27973,1363,34246,1962,62219,California
San Luis Obispo,2021-03-12,2979,98180,1264,46406,1390,50081,325,1693,1486,28301,1486,35732,1814,64033,California
San Luis Obispo,2021-03-13,629,98809,243,46649,282,50363,104,1797,382,28539,247,35979,485,64518,California
San Luis Obispo,2021-03-14,331,99140,36,46685,184,50547,111,1908,79,28477,252,36231,190,64708,California
San Luis Obispo,2021-03-15,3045,102185,1096,47781,1852,52399,97,2005,1530,28592,1512,37743,1627,66335,California
San Luis Obispo,2021-03-16,2808,104993,1498,49279,1211,53610,99,2104,1429,28745,1374,39117,1527,67862,California
San Luis Obispo,2021-03-17,3393,108386,1450,50729,1683,55293,260,2364,1955,29528,1432,40549,2215,70077,California
San Luis Obispo,2021-03-18,2694,111080,1438,52167,1062,56355,194,2558,1250,29529,1443,41992,1444,71521,California
San Luis Obispo,2021-03-19,2555,113635,1562,53729,671,57026,322,2880,939,29179,1613,43605,1263,72784,California
San Luis Obispo,2021-03-20,825,114460,494,54223,295,57321,36,2916,378,29147,446,44051,414,73198,California
San Luis Obispo,2021-03-21,180,114640,42,54265,135,57456,3,2919,152,29274,28,44079,155,73353,California
San Luis Obispo,2021-03-22,2673,117313,1169,55434,1457,58913,47,2966,1862,30374,809,44888,1909,75262,California
San Luis Obispo,2021-03-23,3352,120665,2212,57646,1123,60036,17,2983,2261,31565,1087,45975,2278,77540,California
San Luis Obispo,2021-03-24,3388,124053,2075,59721,1243,61279,70,3053,2548,33347,836,46811,2618,80158,California
San Luis Obispo,2021-03-25,3572,127625,2278,61999,1283,62562,11,3064,2565,34917,1006,47817,2576,82734,California
San Luis Obispo,2021-03-26,3096,130721,1743,63742,932,63494,421,3485,1730,35706,1362,49179,2151,84885,California
San Luis Obispo,2021-03-27,984,131705,503,64245,385,63879,96,3581,454,35727,529,49708,550,85435,California
San Luis Obispo,2021-03-28,442,132147,152,64397,234,64113,56,3637,244,35829,198,49906,300,85735,California
San Luis Obispo,2021-03-29,2576,134723,1274,65671,1168,65281,134,3771,1658,36714,907,50813,1792,87527,California
San Luis Obispo,2021-03-30,3493,138216,1907,67578,1443,66724,143,3914,2350,38065,1140,51953,2491,90018,California
San Luis Obispo,2021-03-31,3798,142014,2442,70020,1213,67937,143,4057,2482,39383,1307,53260,2625,92643,California
San Luis Obispo,2021-04-01,3764,145778,2408,72428,1273,69210,83,4140,2677,41062,1080,54340,2759,95402,California
San Luis Obispo,2021-04-02,1695,147473,678,73106,715,69925,302,4442,922,41513,773,55113,1224,96626,California
San Luis Obispo,2021-04-03,1075,148548,551,73657,407,70332,117,4559,483,41526,587,55700,600,97226,California
San Luis Obispo,2021-04-04,377,148925,130,73787,208,70540,39,4598,239,41666,138,55838,278,97504,California
San Luis Obispo,2021-04-05,3562,152487,1942,75729,1519,72059,101,4699,2045,42295,1516,57354,2145,99649,California
San Luis Obispo,2021-04-06,2699,155186,1351,77080,1086,73145,262,4961,1208,42281,1484,58838,1470,101119,California
San Luis Obispo,2021-04-07,671,155857,58,77138,552,73697,61,5022,319,42311,350,59188,380,101499,California
San Mateo,2020-12-15,25,25,25,25,0,0,0,0,25,25,0,0,25,25,California
San Mateo,2020-12-16,106,131,106,131,0,0,0,0,106,131,0,0,106,131,California
San Mateo,2020-12-17,160,291,160,291,0,0,0,0,160,291,0,0,160,291,California
San Mateo,2020-12-18,741,1032,739,1030,2,2,0,0,740,1030,1,1,740,1031,California
San Mateo,2020-12-19,508,1540,508,1538,0,2,0,0,508,1538,0,1,508,1539,California
San Mateo,2020-12-20,507,2047,506,2044,1,3,0,0,507,2045,0,1,507,2046,California
San Mateo,2020-12-21,1151,3198,1151,3195,0,3,0,0,1151,3196,0,1,1151,3197,California
San Mateo,2020-12-22,1512,4710,1505,4700,7,10,0,0,1512,4708,0,1,1512,4709,California
San Mateo,2020-12-23,1571,6281,1385,6085,186,196,0,0,1571,6279,0,1,1571,6280,California
San Mateo,2020-12-24,867,7148,610,6695,257,453,0,0,867,7146,0,1,867,7147,California
San Mateo,2020-12-25,114,7262,110,6805,4,457,0,0,114,7260,0,1,114,7261,California
San Mateo,2020-12-26,560,7822,417,7222,143,600,0,0,560,7820,0,1,560,7821,California
San Mateo,2020-12-27,305,8127,175,7397,130,730,0,0,305,8125,0,1,305,8126,California
San Mateo,2020-12-28,1048,9175,702,8099,346,1076,0,0,1048,9173,0,1,1048,9174,California
San Mateo,2020-12-29,1125,10300,704,8803,421,1497,0,0,1125,10298,0,1,1125,10299,California
San Mateo,2020-12-30,1264,11564,763,9566,501,1998,0,0,1264,11562,0,1,1264,11563,California
San Mateo,2020-12-31,718,12282,233,9799,485,2483,0,0,717,12278,1,2,717,12280,California
San Mateo,2021-01-01,34,12316,30,9829,4,2487,0,0,34,12312,0,2,34,12314,California
San Mateo,2021-01-02,397,12713,268,10097,129,2616,0,0,397,12709,0,2,397,12711,California
San Mateo,2021-01-03,283,12996,208,10305,75,2691,0,0,280,12986,3,5,280,12991,California
San Mateo,2021-01-04,1054,14050,681,10986,373,3064,0,0,1054,14040,0,5,1054,14045,California
San Mateo,2021-01-05,1193,15243,703,11689,490,3554,0,0,1165,15178,28,33,1166,15211,California
San Mateo,2021-01-06,1443,16686,947,12636,496,4050,0,0,1265,16269,175,208,1266,16477,California
San Mateo,2021-01-07,1446,18132,802,13438,644,4694,0,0,1162,17155,277,485,1163,17640,California
San Mateo,2021-01-08,1833,19965,1187,14625,646,5340,0,0,1136,17602,690,1175,1137,18777,California
San Mateo,2021-01-09,1174,21139,773,15398,401,5741,0,0,720,17868,454,1629,720,19497,California
San Mateo,2021-01-10,697,21836,569,15967,128,5869,0,0,262,17695,435,2064,262,19759,California
San Mateo,2021-01-11,2580,24416,1477,17444,1103,6972,0,0,1522,18159,1059,3123,1523,21282,California
San Mateo,2021-01-12,3276,27692,1771,19215,1505,8477,0,0,2095,19077,1179,4302,2097,23379,California
San Mateo,2021-01-13,3464,31156,1746,20961,1718,10195,0,0,2433,20482,1031,5333,2436,25815,California
San Mateo,2021-01-14,3769,34925,1577,22538,2192,12387,0,0,3086,22890,683,6016,3091,28906,California
San Mateo,2021-01-15,4318,39243,1708,24246,2610,14997,0,0,3792,26159,524,6540,3793,32699,California
San Mateo,2021-01-16,3071,42314,774,25020,2297,17294,0,0,2752,28592,319,6859,2752,35451,California
San Mateo,2021-01-17,1309,43623,309,25329,1000,18294,0,0,1101,29485,208,7067,1101,36552,California
San Mateo,2021-01-18,1361,44984,530,25859,831,19125,0,0,988,30107,370,7437,992,37544,California
San Mateo,2021-01-19,2796,47780,1781,27640,1015,20140,0,0,2007,31327,787,8224,2007,39551,California
San Mateo,2021-01-20,2652,50432,1402,29042,1250,21390,0,0,1805,32289,844,9068,1806,41357,California
San Mateo,2021-01-21,2820,53252,1280,30322,1540,22930,0,0,2239,33951,580,9648,2242,43599,California
San Mateo,2021-01-22,2791,56043,1128,31450,1663,24593,0,0,2492,36147,297,9945,2493,46092,California
San Mateo,2021-01-23,2879,58922,1686,33136,1193,25786,0,0,2518,38305,361,10306,2519,48611,California
San Mateo,2021-01-24,1522,60444,375,33511,1147,26933,0,0,1212,39208,309,10615,1212,49823,California
San Mateo,2021-01-25,4424,64868,3145,36656,1279,28212,0,0,3532,41852,890,11505,3534,53357,California
San Mateo,2021-01-26,4284,69152,2980,39636,1304,29516,0,0,3385,44339,898,12403,3385,56742,California
San Mateo,2021-01-27,2770,71922,1455,41091,1315,30831,0,0,1780,45136,984,13387,1781,58523,California
San Mateo,2021-01-28,2779,74701,1342,42433,1437,32268,0,0,1935,46242,829,14216,1935,60458,California
San Mateo,2021-01-29,2966,77667,1327,43760,1639,33907,0,0,2137,47556,826,15042,2140,62598,California
San Mateo,2021-01-30,3370,81037,1472,45232,1898,35805,0,0,2914,50016,455,15497,2915,65513,California
San Mateo,2021-01-31,1682,82719,896,46128,786,36591,0,0,1520,51376,160,15657,1520,67033,California
San Mateo,2021-02-01,2914,85633,1337,47465,1577,38168,0,0,2208,52882,703,16360,2209,69242,California
San Mateo,2021-02-02,3156,88789,1723,49188,1433,39601,0,0,2147,54023,1006,17366,2147,71389,California
San Mateo,2021-02-03,4868,93657,1940,51128,2928,42529,0,0,3821,56801,1044,18410,3822,75211,California
San Mateo,2021-02-04,6266,99923,2577,53705,3689,46218,0,0,4914,60372,1346,19756,4917,80128,California
San Mateo,2021-02-05,6776,106699,2548,56253,4228,50446,0,0,4952,63516,1808,21564,4952,85080,California
San Mateo,2021-02-06,3281,109980,1919,58172,1362,51808,0,0,2619,65479,661,22225,2624,87704,California
San Mateo,2021-02-07,1895,111875,1342,59514,553,52361,0,0,1708,67001,187,22412,1709,89413,California
San Mateo,2021-02-08,5270,117145,2241,61755,3029,55390,0,0,3100,67994,2107,24519,3100,92513,California
San Mateo,2021-02-09,6163,123308,3215,64970,2948,58338,0,0,3331,68497,2828,27347,3331,95844,California
San Mateo,2021-02-10,6484,129792,3270,68240,3214,61552,0,0,3535,69092,2940,30287,3535,99379,California
San Mateo,2021-02-11,7015,136807,3562,71802,3453,65005,0,0,3807,69702,3200,33487,3810,103189,California
San Mateo,2021-02-12,6601,143408,2946,74748,3655,68660,0,0,4699,72505,1898,35385,4701,107890,California
San Mateo,2021-02-13,6078,149486,3989,78737,2089,70749,0,0,2636,71703,3438,38823,2636,110526,California
San Mateo,2021-02-14,4626,154112,3014,81751,1612,72361,0,0,1977,71035,2646,41469,1978,112504,California
San Mateo,2021-02-15,3154,157266,1454,83205,1700,74061,0,0,1783,71451,1368,42837,1784,114288,California
San Mateo,2021-02-16,7133,164399,1866,85071,5267,79328,0,0,5271,74863,1861,44698,5273,119561,California
San Mateo,2021-02-17,7042,171441,1928,86999,5114,84442,0,0,5060,77948,1977,46675,5062,124623,California
San Mateo,2021-02-18,6670,178111,4618,91617,2052,86494,0,0,4436,80155,2231,48906,4438,129061,California
San Mateo,2021-02-19,7804,185915,5604,97221,2200,88694,0,0,5821,83999,1977,50883,5821,134882,California
San Mateo,2021-02-20,3727,189642,2410,99631,1317,90011,0,0,2308,84894,1413,52296,2308,137190,California
San Mateo,2021-02-21,2227,191869,1387,101018,840,90851,0,0,1231,85131,994,53290,1231,138421,California
San Mateo,2021-02-22,4392,196261,3172,104190,1220,92071,0,0,2774,86293,1612,54902,2774,141195,California
San Mateo,2021-02-23,4277,200538,3038,107228,1239,93310,0,0,2481,86983,1791,56693,2481,143676,California
San Mateo,2021-02-24,7267,207805,3247,110475,4020,97330,0,0,4851,89423,2411,59104,4851,148527,California
San Mateo,2021-02-25,9041,216846,4000,114475,5041,102371,0,0,6004,92405,3022,62126,6004,154531,California
San Mateo,2021-02-26,9725,226571,3696,118171,6029,108400,0,0,6813,96319,2900,65026,6814,161345,California
San Mateo,2021-02-27,6677,233248,3411,121582,3265,111665,1,1,3632,96918,3040,68066,3639,164984,California
San Mateo,2021-02-28,4119,237367,2498,124080,1621,113286,0,1,2556,97915,1560,69626,2557,167541,California
San Mateo,2021-03-01,5616,242983,3510,127590,2106,115392,0,1,2780,97868,2827,72453,2780,170321,California
San Mateo,2021-03-02,5715,248698,3938,131528,1776,117168,1,2,3288,98743,2415,74868,3290,173611,California
San Mateo,2021-03-03,8006,256704,3803,135331,4202,121370,1,3,3344,97435,4653,79521,3345,176956,California
San Mateo,2021-03-04,8320,265024,3919,139250,4399,125769,2,5,3775,96684,4531,84052,3780,180736,California
San Mateo,2021-03-05,9020,274044,5952,145202,3066,128835,2,7,6376,100442,2624,86676,6382,187118,California
San Mateo,2021-03-06,7789,281833,5396,150598,2217,131052,176,183,5689,104213,2093,88769,5864,192982,California
San Mateo,2021-03-07,3415,285248,2264,152862,1084,132136,67,250,1957,104782,1455,90224,2024,195006,California
San Mateo,2021-03-08,4337,289585,2415,155277,1725,133861,197,447,3145,106939,1186,91410,3343,198349,California
San Mateo,2021-03-09,4496,294081,2098,157375,2128,135989,270,717,2967,108654,1522,92932,3237,201586,California
San Mateo,2021-03-10,6920,301001,2625,160000,4012,140001,283,1000,4587,111203,2321,95253,4870,206456,California
San Mateo,2021-03-11,9071,310072,5687,165687,3021,143022,363,1363,3710,109938,5338,100591,4073,210529,California
San Mateo,2021-03-12,10124,320196,6467,172154,3335,146357,322,1685,3395,106940,6716,107307,3718,214247,California
San Mateo,2021-03-13,7791,327987,3354,175508,2836,149193,1601,3286,3789,108331,3995,111302,5386,219633,California
San Mateo,2021-03-14,4614,332601,3225,178733,1289,150482,100,3386,2817,109456,1792,113094,2917,222550,California
San Mateo,2021-03-15,7084,339685,4558,183291,2352,152834,174,3560,3755,110061,3324,116418,3929,226479,California
San Mateo,2021-03-16,11830,351515,4331,187622,7377,160211,122,3682,4810,107993,7003,123421,4935,231414,California
San Mateo,2021-03-17,10710,362225,4341,191963,6245,166456,124,3806,4825,107080,5867,129288,4954,236368,California
San Mateo,2021-03-18,7155,369380,3997,195960,2975,169431,183,3989,4248,108609,2904,132192,4433,240801,California
San Mateo,2021-03-19,7306,376686,4693,200653,1949,171380,664,4653,3576,109127,3723,135915,4241,245042,California
San Mateo,2021-03-20,8199,384885,6401,207054,1473,172853,325,4978,5344,111956,2840,138755,5669,250711,California
San Mateo,2021-03-21,4121,389006,3117,210171,773,173626,231,5209,2329,112729,1783,140538,2556,253267,California
San Mateo,2021-03-22,5165,394171,3516,213687,1230,174856,419,5628,2818,113631,2336,142874,3238,256505,California
San Mateo,2021-03-23,9708,403879,4411,218098,5106,179962,191,5819,4635,113407,5051,147925,4827,261332,California
San Mateo,2021-03-24,9380,413259,5403,223501,3839,183801,138,5957,4132,112475,5200,153125,4268,265600,California
San Mateo,2021-03-25,9849,423108,4818,228319,4780,188581,251,6208,4330,111638,5420,158545,4583,270183,California
San Mateo,2021-03-26,11049,434157,7626,235945,3261,191842,162,6370,4412,109610,6602,165147,4574,274757,California
San Mateo,2021-03-27,10330,444487,7900,243845,2330,194172,100,6470,4636,108668,5675,170822,4733,279490,California
San Mateo,2021-03-28,4184,448671,2698,246543,1375,195547,111,6581,2088,108779,2089,172911,2200,281690,California
San Mateo,2021-03-29,5960,454631,3718,250261,1992,197539,250,6831,2820,108725,3124,176035,3070,284760,California
San Mateo,2021-03-30,6989,461620,3957,254218,2888,200427,144,6975,4451,110795,2526,178561,4596,289356,California
San Mateo,2021-03-31,7100,468720,4497,258715,2469,202896,134,7109,4137,112115,2951,181512,4271,293627,California
San Mateo,2021-04-01,10101,478821,4884,263599,4059,206955,1158,8267,5421,114044,4649,186161,6578,300205,California
San Mateo,2021-04-02,10411,489232,4990,268589,3865,210820,1556,9823,5542,116290,4852,191013,7098,307303,California
San Mateo,2021-04-03,9486,498718,5382,273971,2387,213207,1717,11540,4793,118117,4685,195698,6512,313815,California
San Mateo,2021-04-04,5246,503964,2518,276489,1527,214734,1201,12741,1654,117390,3582,199280,2855,316670,California
San Mateo,2021-04-05,8575,512539,4503,280992,2370,217104,1702,14443,3631,117787,4936,204216,5333,322003,California
San Mateo,2021-04-06,11887,524426,7160,288152,3009,220113,1718,16161,6571,120773,5306,209522,8292,330295,California
San Mateo,2021-04-07,6277,530703,3118,291270,2349,222462,810,16971,3162,121638,3106,212628,3971,334266,California
Santa Barbara,2020-12-15,2,2,2,2,0,0,0,0,2,2,0,0,2,2,California
Santa Barbara,2020-12-16,2,4,2,4,0,0,0,0,2,4,0,0,2,4,California
Santa Barbara,2020-12-17,52,56,52,56,0,0,0,0,52,56,0,0,52,56,California
Santa Barbara,2020-12-18,378,434,377,433,1,1,0,0,378,434,0,0,378,434,California
Santa Barbara,2020-12-19,325,759,325,758,0,1,0,0,325,759,0,0,325,759,California
Santa Barbara,2020-12-20,235,994,235,993,0,1,0,0,235,994,0,0,235,994,California
Santa Barbara,2020-12-21,651,1645,649,1642,2,3,0,0,651,1645,0,0,651,1645,California
Santa Barbara,2020-12-22,243,1888,241,1883,2,5,0,0,243,1888,0,0,243,1888,California
Santa Barbara,2020-12-23,320,2208,202,2085,118,123,0,0,320,2208,0,0,320,2208,California
Santa Barbara,2020-12-24,87,2295,40,2125,47,170,0,0,87,2295,0,0,87,2295,California
Santa Barbara,2020-12-26,326,2621,66,2191,260,430,0,0,326,2621,0,0,326,2621,California
Santa Barbara,2020-12-27,62,2683,1,2192,61,491,0,0,62,2683,0,0,62,2683,California
Santa Barbara,2020-12-28,352,3035,219,2411,133,624,0,0,352,3035,0,0,352,3035,California
Santa Barbara,2020-12-29,552,3587,360,2771,192,816,0,0,552,3587,0,0,552,3587,California
Santa Barbara,2020-12-30,584,4171,404,3175,180,996,0,0,584,4171,0,0,584,4171,California
Santa Barbara,2020-12-31,238,4409,112,3287,126,1122,0,0,238,4409,0,0,238,4409,California
Santa Barbara,2021-01-01,107,4516,106,3393,1,1123,0,0,107,4516,0,0,107,4516,California
Santa Barbara,2021-01-02,585,5101,223,3616,362,1485,0,0,585,5101,0,0,585,5101,California
Santa Barbara,2021-01-03,23,5124,15,3631,8,1493,0,0,23,5124,0,0,23,5124,California
Santa Barbara,2021-01-04,307,5431,244,3875,63,1556,0,0,306,5430,0,0,306,5430,California
Santa Barbara,2021-01-05,751,6182,378,4253,373,1929,0,0,724,6127,27,27,724,6154,California
Santa Barbara,2021-01-06,654,6836,274,4527,380,2309,0,0,596,6666,57,84,596,6750,California
Santa Barbara,2021-01-07,1029,7865,706,5233,323,2632,0,0,524,6689,501,585,524,7274,California
Santa Barbara,2021-01-08,1202,9067,839,6072,363,2995,0,0,708,6903,494,1079,708,7982,California
Santa Barbara,2021-01-09,567,9634,293,6365,274,3269,0,0,321,6978,246,1325,321,8303,California
Santa Barbara,2021-01-10,62,9696,50,6415,12,3281,0,0,46,7008,16,1341,46,8349,California
Santa Barbara,2021-01-11,837,10533,668,7083,169,3450,0,0,614,7400,222,1563,614,8963,California
Santa Barbara,2021-01-12,1427,11960,634,7717,793,4243,0,0,1271,8515,156,1719,1271,10234,California
Santa Barbara,2021-01-13,1226,13186,280,7997,946,5189,0,0,1100,9489,126,1845,1100,11334,California
Santa Barbara,2021-01-14,1245,14431,132,8129,1113,6302,0,0,1191,10628,53,1898,1192,12526,California
Santa Barbara,2021-01-15,1797,16228,418,8547,1379,7681,0,0,1717,12266,79,1977,1717,14243,California
Santa Barbara,2021-01-16,1272,17500,202,8749,1070,8751,0,0,1233,13461,38,2015,1233,15476,California
Santa Barbara,2021-01-17,123,17623,20,8769,103,8854,0,0,120,13578,3,2018,120,15596,California
Santa Barbara,2021-01-18,1147,18770,417,9186,730,9584,0,0,963,14357,184,2202,963,16559,California
Santa Barbara,2021-01-19,1635,20405,566,9752,1069,10653,0,0,1356,15435,278,2480,1356,17915,California
Santa Barbara,2021-01-20,1986,22391,444,10196,1542,12195,0,0,1694,16838,291,2771,1694,19609,California
Santa Barbara,2021-01-21,3084,25475,1816,12012,1268,13463,0,0,2931,19617,153,2924,2932,22541,California
Santa Barbara,2021-01-22,2998,28473,1850,13862,1148,14611,0,0,2853,22328,142,3066,2853,25394,California
Santa Barbara,2021-01-23,1734,30207,1107,14969,627,15238,0,0,1225,23045,508,3574,1225,26619,California
Santa Barbara,2021-01-24,844,31051,753,15722,91,15329,0,0,836,23873,8,3582,836,27455,California
Santa Barbara,2021-01-25,1234,32285,495,16217,739,16068,0,0,998,24635,236,3818,998,28453,California
Santa Barbara,2021-01-26,2034,34319,460,16677,1574,17642,0,0,1650,25903,382,4200,1650,30103,California
Santa Barbara,2021-01-27,1153,35472,398,17075,755,18397,0,0,898,26548,254,4454,899,31002,California
Santa Barbara,2021-01-28,887,36359,292,17367,595,18992,0,0,677,27018,207,4661,677,31679,California
Santa Barbara,2021-01-29,1333,37692,539,17906,794,19786,0,0,980,27650,350,5011,982,32661,California
Santa Barbara,2021-01-30,1888,39580,1417,19323,471,20257,0,0,1484,28734,401,5412,1485,34146,California
Santa Barbara,2021-01-31,1459,41039,1221,20544,238,20495,0,0,1420,30115,39,5451,1420,35566,California
Santa Barbara,2021-02-01,931,41970,517,21061,414,20909,0,0,544,30272,387,5838,544,36110,California
Santa Barbara,2021-02-02,1813,43783,697,21758,1116,22025,0,0,1039,30539,772,6610,1039,37149,California
Santa Barbara,2021-02-03,1941,45724,1077,22835,864,22889,0,0,1501,31610,430,7040,1501,38650,California
Santa Barbara,2021-02-04,2772,48496,1857,24692,915,23804,0,0,2478,33799,289,7329,2478,41128,California
Santa Barbara,2021-02-05,2903,51399,2057,26749,846,24650,0,0,2260,35417,642,7971,2260,43388,California
Santa Barbara,2021-02-06,1208,52607,339,27088,869,25519,0,0,797,35803,411,8382,797,44185,California
Santa Barbara,2021-02-07,298,52905,262,27350,36,25555,0,0,264,36034,33,8415,264,44449,California
Santa Barbara,2021-02-08,956,53861,312,27662,644,26199,0,0,670,36418,286,8701,670,45119,California
Santa Barbara,2021-02-09,2443,56304,315,27977,2128,28327,0,0,1123,36230,1311,10012,1123,46242,California
Santa Barbara,2021-02-10,2756,59060,1494,29471,1262,29589,0,0,801,35082,1949,11961,801,47043,California
Santa Barbara,2021-02-11,4172,63232,2802,32273,1370,30959,0,0,617,32149,3550,15511,617,47660,California
Santa Barbara,2021-02-12,3302,66534,947,33220,2355,33314,0,0,769,30390,2528,18039,769,48429,California
Santa Barbara,2021-02-13,1238,67772,341,33561,897,34211,0,0,564,30283,671,18710,564,48993,California
Santa Barbara,2021-02-14,330,68102,34,33595,296,34507,0,0,284,30521,46,18756,284,49277,California
Santa Barbara,2021-02-15,954,69056,335,33930,619,35126,0,0,487,30545,463,19219,487,49764,California
Santa Barbara,2021-02-16,2110,71166,395,34325,1715,36841,0,0,720,29879,1386,20605,720,50484,California
Santa Barbara,2021-02-17,1431,72597,317,34642,1114,37955,0,0,516,29482,913,21518,516,51000,California
Santa Barbara,2021-02-18,3251,75848,2647,37289,604,38559,0,0,1522,29309,1695,23213,1522,52522,California
Santa Barbara,2021-02-19,3603,79451,2649,39938,954,39513,0,0,2334,30377,1266,24479,2334,54856,California
Santa Barbara,2021-02-20,2223,81674,1436,41374,787,40300,0,0,1672,31507,542,25021,1672,56528,California
Santa Barbara,2021-02-21,105,81779,78,41452,27,40327,0,0,51,31504,54,25075,51,56579,California
Santa Barbara,2021-02-22,916,82695,226,41678,690,41017,0,0,254,31103,655,25730,254,56833,California
Santa Barbara,2021-02-23,3178,85873,1043,42721,2135,43152,0,0,424,28775,2752,28482,424,57257,California
Santa Barbara,2021-02-24,3188,89061,1088,43809,2100,45252,0,0,720,27036,2459,30941,720,57977,California
Santa Barbara,2021-02-25,3446,92507,1914,45723,1532,46784,0,0,986,25569,2454,33395,987,58964,California
Santa Barbara,2021-02-26,3652,96159,2168,47891,1484,48268,0,0,1977,25877,1669,35064,1977,60941,California
Santa Barbara,2021-02-27,1526,97685,562,48453,964,49232,0,0,847,26052,674,35738,849,61790,California
Santa Barbara,2021-02-28,1076,98761,216,48669,860,50092,0,0,886,26753,186,35924,887,62677,California
Santa Barbara,2021-03-01,1614,100375,459,49128,1155,51247,0,0,1079,27301,532,36456,1080,63757,California
Santa Barbara,2021-03-02,2512,102887,398,49526,2114,53361,0,0,2030,28858,474,36930,2031,65788,California
Santa Barbara,2021-03-03,4484,107371,2069,51595,2413,55774,2,2,3910,32207,564,37494,3913,69701,California
Santa Barbara,2021-03-04,3390,110761,2271,53866,1119,56893,0,2,2843,34509,541,38035,2843,72544,California
Santa Barbara,2021-03-05,3791,114552,2142,56008,1590,58483,59,61,3079,36941,706,38741,3138,75682,California
Santa Barbara,2021-03-06,2407,116959,709,56717,1491,59974,207,268,1657,38056,748,39489,1863,77545,California
Santa Barbara,2021-03-07,558,117517,123,56840,307,60281,128,396,383,38393,175,39664,512,78057,California
Santa Barbara,2021-03-08,1566,119083,369,57209,855,61136,342,738,787,38748,774,40438,1129,79186,California
Santa Barbara,2021-03-09,2764,121847,323,57532,1672,62808,769,1507,717,38187,2044,42482,1483,80669,California
Santa Barbara,2021-03-10,2743,124590,537,58069,1159,63967,1047,2554,1028,38552,1710,44192,2075,82744,California
Santa Barbara,2021-03-11,5536,130126,3025,61094,1418,65385,1093,3647,2265,38646,3262,47454,3356,86100,California
Santa Barbara,2021-03-12,3480,133606,2063,63157,1040,66425,377,4024,2157,39862,1319,48773,2535,88635,California
Santa Barbara,2021-03-13,3294,136900,1872,65029,1222,67647,200,4224,2636,42042,657,49430,2837,91472,California
Santa Barbara,2021-03-14,515,137415,260,65289,202,67849,53,4277,311,42202,204,49634,364,91836,California
Santa Barbara,2021-03-15,2087,139502,687,65976,1111,68960,289,4566,1259,42923,825,50459,1546,93382,California
Santa Barbara,2021-03-16,3709,143211,1163,67139,2205,71165,341,4907,2727,45013,978,51437,3068,96450,California
Santa Barbara,2021-03-17,3268,146479,963,68102,1905,73070,400,5307,2283,46712,983,52420,2682,99132,California
Santa Barbara,2021-03-18,4314,150793,2779,70881,1335,74405,200,5507,3116,48840,1188,53608,3316,102448,California
Santa Barbara,2021-03-19,4414,155207,2754,73635,1329,75734,331,5838,3022,50808,1386,54994,3354,105802,California
Santa Barbara,2021-03-20,2142,157349,818,74453,1316,77050,8,5846,1309,51294,831,55825,1317,107119,California
Santa Barbara,2021-03-21,1142,158491,374,74827,739,77789,29,5875,821,51825,319,56144,850,107969,California
Santa Barbara,2021-03-22,2760,161251,1901,76728,816,78605,43,5918,2212,53538,542,56686,2255,110224,California
Santa Barbara,2021-03-23,4443,165694,2236,78964,2112,80717,95,6013,3688,56575,746,57432,3783,114007,California
Santa Barbara,2021-03-24,5355,171049,3134,82098,1489,82206,732,6745,2940,57849,2397,59829,3671,117678,California
Santa Barbara,2021-03-25,5475,176524,3257,85355,2037,84243,181,6926,2729,58026,2733,62562,2910,120588,California
Santa Barbara,2021-03-26,5056,181580,3214,88569,1545,85788,297,7223,2225,57733,2815,65377,2522,123110,California
Santa Barbara,2021-03-27,2924,184504,1219,89788,1663,87451,42,7265,1609,58073,1310,66687,1650,124760,California
Santa Barbara,2021-03-28,2756,187260,1644,91432,1085,88536,27,7292,1878,59103,875,67562,1905,126665,California
Santa Barbara,2021-03-29,4037,191297,2088,93520,1880,90416,69,7361,3237,61614,795,68357,3306,129971,California
Santa Barbara,2021-03-30,6772,198069,3499,97019,3126,93542,147,7508,4555,64111,2204,70561,4701,134672,California
Santa Barbara,2021-03-31,8592,206661,5466,102485,3063,96605,63,7571,5125,65847,3453,74014,5189,139861,California
Santa Barbara,2021-04-01,6858,213519,5066,107551,1546,98151,246,7817,4056,67358,2789,76803,4300,144161,California
Santa Barbara,2021-04-02,6562,220081,4527,112078,1464,99615,571,8388,3399,68171,3156,79959,3969,148130,California
Santa Barbara,2021-04-03,3770,223851,2098,114176,1606,101221,66,8454,2500,69470,1266,81225,2565,150695,California
Santa Barbara,2021-04-04,891,224742,440,114616,413,101634,38,8492,547,69713,342,81567,585,151280,California
Santa Barbara,2021-04-05,3387,228129,2230,116846,907,102541,250,8742,2134,70848,1249,82816,2384,153664,California
Santa Barbara,2021-04-06,4853,232982,2657,119503,1780,104321,416,9158,2990,72401,1851,84667,3404,157068,California
Santa Barbara,2021-04-07,2596,235578,1962,121465,449,104770,185,9343,2015,74013,576,85243,2188,159256,California
Santa Clara,2020-12-15,64,64,64,64,0,0,0,0,64,64,0,0,64,64,California
Santa Clara,2020-12-16,135,199,135,199,0,0,0,0,135,199,0,0,135,199,California
Santa Clara,2020-12-17,388,587,388,587,0,0,0,0,388,587,0,0,388,587,California
Santa Clara,2020-12-18,1667,2254,1667,2254,0,0,0,0,1667,2254,0,0,1667,2254,California
Santa Clara,2020-12-19,2073,4327,2073,4327,0,0,0,0,2072,4326,0,0,2072,4326,California
Santa Clara,2020-12-20,1897,6224,1891,6218,6,6,0,0,1894,6220,0,0,1894,6220,California
Santa Clara,2020-12-21,2668,8892,2668,8886,0,6,0,0,2666,8886,0,0,2666,8886,California
Santa Clara,2020-12-22,3126,12018,3117,12003,9,15,0,0,3123,12009,0,0,3123,12009,California
Santa Clara,2020-12-23,3256,15274,3071,15074,185,200,0,0,3254,15263,0,0,3254,15263,California
Santa Clara,2020-12-24,1898,17172,1711,16785,187,387,0,0,1892,17154,1,1,1892,17155,California
Santa Clara,2020-12-25,343,17515,342,17127,1,388,0,0,343,17497,0,1,343,17498,California
Santa Clara,2020-12-26,1263,18778,1031,18158,232,620,0,0,1262,18759,0,1,1262,18760,California
Santa Clara,2020-12-27,645,19423,507,18665,138,758,0,0,645,19404,0,1,645,19405,California
Santa Clara,2020-12-28,2333,21756,1730,20395,603,1361,0,0,2333,21737,0,1,2333,21738,California
Santa Clara,2020-12-29,2323,24079,1462,21857,861,2222,0,0,2321,24058,0,1,2321,24059,California
Santa Clara,2020-12-30,2988,27067,1898,23755,1090,3312,0,0,2986,27042,2,3,2986,27045,California
Santa Clara,2020-12-31,1207,28274,389,24144,818,4130,0,0,1206,28247,1,4,1206,28251,California
Santa Clara,2021-01-01,134,28408,5,24149,129,4259,0,0,134,28381,0,4,134,28385,California
Santa Clara,2021-01-02,1079,29487,811,24960,268,4527,0,0,1079,29460,0,4,1079,29464,California
Santa Clara,2021-01-03,585,30072,370,25330,215,4742,0,0,580,30037,3,7,580,30044,California
Santa Clara,2021-01-04,2464,32536,1663,26993,801,5543,0,0,2462,32499,0,7,2462,32506,California
Santa Clara,2021-01-05,3056,35592,2001,28994,1055,6598,0,0,2869,35186,186,193,2873,35379,California
Santa Clara,2021-01-06,3314,38906,1953,30947,1361,7959,0,0,2740,37357,570,763,2741,38120,California
Santa Clara,2021-01-07,4210,43116,2551,33498,1659,9618,0,0,3147,39456,1053,1816,3152,41272,California
Santa Clara,2021-01-08,5840,48956,3820,37318,2020,11638,0,0,3790,41200,2046,3862,3790,45062,California
Santa Clara,2021-01-09,2965,51921,1859,39177,1106,12744,0,0,1685,41607,1280,5142,1687,46749,California
Santa Clara,2021-01-10,1950,53871,1505,40682,445,13189,0,0,741,41140,1208,6350,741,47490,California
Santa Clara,2021-01-11,5933,59804,3730,44412,2203,15392,0,0,3373,41959,2559,8909,3378,50868,California
Santa Clara,2021-01-12,6790,66594,3392,47804,3398,18790,0,0,4551,44274,2237,11146,4552,55420,California
Santa Clara,2021-01-13,7356,73950,3033,50837,4323,23113,0,0,5191,47304,2162,13308,5192,60612,California
Santa Clara,2021-01-14,8225,82175,2790,53627,5435,28548,0,0,6486,52057,1734,15042,6487,67099,California
Santa Clara,2021-01-15,9427,91602,2679,56306,6748,35296,0,0,8114,58865,1310,16352,8118,75217,California
Santa Clara,2021-01-16,4281,95883,1214,57520,3067,38363,0,0,3449,61487,827,17179,3449,78666,California
Santa Clara,2021-01-17,3210,99093,600,58120,2610,40973,0,0,2714,63705,496,17675,2714,81380,California
Santa Clara,2021-01-18,5090,104183,1150,59270,3940,44913,0,0,4537,67690,553,18228,4538,85918,California
Santa Clara,2021-01-19,8444,112627,2647,61917,5797,50710,0,0,6773,72802,1668,19896,6780,92698,California
Santa Clara,2021-01-20,7986,120613,4014,65931,3972,54682,0,0,6450,77721,1531,21427,6450,99148,California
Santa Clara,2021-01-21,8538,129151,3629,69560,4909,59591,0,0,7388,83963,1148,22575,7390,106538,California
Santa Clara,2021-01-22,8573,137724,3200,72760,5373,64964,0,0,8008,91409,564,23139,8010,114548,California
Santa Clara,2021-01-23,3778,141502,1684,74444,2094,67058,0,0,2821,93274,957,24096,2822,117370,California
Santa Clara,2021-01-24,2821,144323,1421,75865,1400,68458,0,0,2335,95125,484,24580,2335,119705,California
Santa Clara,2021-01-25,8350,152673,3773,79638,4577,73035,0,0,6297,99380,2046,26626,6301,126006,California
Santa Clara,2021-01-26,8200,160873,3737,83375,4463,77498,0,0,6097,103387,2093,28719,6100,132106,California
Santa Clara,2021-01-27,8652,169525,3792,87167,4860,82358,0,0,6743,108243,1888,30607,6744,138850,California
Santa Clara,2021-01-28,9405,178930,3762,90929,5643,88001,0,0,7459,113780,1926,32533,7463,146313,California
Santa Clara,2021-01-29,9469,188399,3919,94848,5550,93551,0,0,7311,118941,2150,34683,7311,153624,California
Santa Clara,2021-01-30,4156,192555,2055,96903,2101,95652,0,0,2956,120702,1196,35879,2957,156581,California
Santa Clara,2021-01-31,2163,194718,1299,98202,864,96516,0,0,1575,121692,585,36464,1575,158156,California
Santa Clara,2021-02-01,7823,202541,3475,101677,4348,100864,0,0,6138,126152,1679,38143,6139,164295,California
Santa Clara,2021-02-02,8066,210607,2866,104543,5200,106064,0,0,6082,130257,1980,40123,6085,170380,California
Santa Clara,2021-02-03,9190,219797,3481,108024,5709,111773,0,0,6926,134930,2259,42382,6932,177312,California
Santa Clara,2021-02-04,10549,230346,4108,112132,6441,118214,0,0,8275,140943,2265,44647,8278,185590,California
Santa Clara,2021-02-05,11891,242237,4335,116467,7556,125770,0,0,8436,145944,3440,48087,8441,194031,California
Santa Clara,2021-02-06,5163,247400,2801,119268,2362,128132,0,0,4007,148801,1152,49239,4009,198040,California
Santa Clara,2021-02-07,3473,250873,2348,121616,1125,129257,0,0,3024,151379,447,49686,3025,201065,California
Santa Clara,2021-02-08,9998,260871,3474,125090,6524,135781,0,0,7289,155974,2695,52381,7290,208355,California
Santa Clara,2021-02-09,10759,271630,3798,128888,6961,142742,0,0,7291,159810,3458,55839,7294,215649,California
Santa Clara,2021-02-10,12617,284247,4889,133777,7728,150470,0,0,6902,161011,5703,61542,6904,222553,California
Santa Clara,2021-02-11,13151,297398,4629,138406,8522,158992,0,0,7421,162716,5717,67259,7422,229975,California
Santa Clara,2021-02-12,14514,311912,4473,142879,10041,169033,0,0,7012,162246,7485,74744,7015,236990,California
Santa Clara,2021-02-13,6064,317976,1445,144324,4619,173652,0,0,2213,160615,3846,78590,2215,239205,California
Santa Clara,2021-02-14,4615,322591,1140,145464,3475,177127,0,0,1477,158957,3137,81727,1479,240684,California
Santa Clara,2021-02-15,6220,328811,2775,148239,3445,180572,0,0,2690,158123,3524,85251,2690,243374,California
Santa Clara,2021-02-16,13558,342369,3982,152221,9576,190148,0,0,6739,158059,6803,92054,6739,250113,California
Santa Clara,2021-02-17,14042,356411,5482,157703,8560,198708,0,0,7037,158112,6989,99043,7042,257155,California
Santa Clara,2021-02-18,13678,370089,8340,166043,5338,204046,0,0,7006,158470,6651,105694,7009,264164,California
Santa Clara,2021-02-19,14664,384753,9512,175555,5152,209198,0,0,8493,160811,6157,111851,8498,272662,California
Santa Clara,2021-02-20,6803,391556,5091,180646,1712,210910,0,0,3673,161362,3122,114973,3673,276335,California
Santa Clara,2021-02-21,3220,394776,2406,183052,814,211724,0,0,1152,160454,2062,117035,1154,277489,California
Santa Clara,2021-02-22,10071,404847,6019,189071,4052,215776,0,0,4726,159846,5335,122370,4727,282216,California
Santa Clara,2021-02-23,11812,416659,7681,196752,4131,219907,0,0,6696,161442,5105,127475,6701,288917,California
Santa Clara,2021-02-24,14080,430739,9077,205829,5003,224910,0,0,8725,164827,5340,132815,8725,297642,California
Santa Clara,2021-02-25,14050,444789,9206,215035,4844,229754,0,0,7642,166085,6389,139204,7647,305289,California
Santa Clara,2021-02-26,14515,459304,8417,223452,6098,235852,0,0,7992,167582,6497,145701,7994,313283,California
Santa Clara,2021-02-27,8033,467337,5487,228939,2545,238397,1,1,4446,168459,3577,149278,4454,317737,California
Santa Clara,2021-02-28,4713,472050,3068,232007,1645,240042,0,1,2211,168176,2494,151772,2211,319948,California
Santa Clara,2021-03-01,14023,486073,7957,239964,6065,246107,1,2,8679,171529,5327,157099,8680,328628,California
Santa Clara,2021-03-02,13681,499754,8192,248156,5489,251596,0,2,9148,176165,4514,161613,9150,337778,California
Santa Clara,2021-03-03,17663,517417,8772,256928,8890,260486,1,3,10794,180134,6832,168445,10801,348579,California
Santa Clara,2021-03-04,15664,533081,8884,265812,6777,267263,3,6,9211,182933,6416,174861,9215,357794,California
Santa Clara,2021-03-05,16141,549222,9092,274904,6924,274187,125,131,8852,184641,7272,182133,8980,366774,California
Santa Clara,2021-03-06,9309,558531,6252,281156,2623,276810,434,565,7031,189838,2266,184399,7463,374237,California
Santa Clara,2021-03-07,6683,565214,4380,285536,2075,278885,228,793,5327,194046,1348,185747,5556,379793,California
Santa Clara,2021-03-08,12776,577990,6663,292199,5593,284478,520,1313,8207,198222,4554,190301,8730,388523,California
Santa Clara,2021-03-09,14251,592241,6198,298397,6724,291202,1329,2642,6236,197789,7998,198299,7565,396088,California
Santa Clara,2021-03-10,14758,606999,6449,304846,6390,297592,1919,4561,6057,197080,8677,206976,7968,404056,California
Santa Clara,2021-03-11,16289,623288,7676,312522,7170,304762,1443,6004,5610,193472,10657,217633,7049,411105,California
Santa Clara,2021-03-12,17052,640340,8833,321355,6743,311505,1476,7480,5731,189392,11285,228918,7205,418310,California
Santa Clara,2021-03-13,10165,650505,5994,327349,2740,314245,1431,8911,4433,189536,5714,234632,5858,424168,California
Santa Clara,2021-03-14,6039,656544,3200,330549,1549,315794,1290,10201,2921,190635,3107,237739,4206,428374,California
Santa Clara,2021-03-15,12659,669203,6434,336983,5960,321754,265,10466,5911,190084,6728,244467,6177,434551,California
Santa Clara,2021-03-16,17270,686473,10222,347205,6843,328597,205,10671,8283,189607,8964,253431,8487,443038,California
Santa Clara,2021-03-17,19536,706009,11174,358379,8201,336798,161,10832,10066,190409,9425,262856,10227,453265,California
Santa Clara,2021-03-18,18040,724049,8822,367201,8062,344860,1156,11988,8363,190299,9629,272485,9519,462784,California
Santa Clara,2021-03-19,18592,742641,9755,376956,7840,352700,997,12985,9594,191939,8945,281430,10585,473369,California
Santa Clara,2021-03-20,11400,754041,6252,383208,4319,357019,829,13814,6695,194784,4676,286106,7521,480890,California
Santa Clara,2021-03-21,8219,762260,3698,386906,3121,360140,1400,15214,5504,198981,2705,288811,6902,487792,California
Santa Clara,2021-03-22,15934,778194,9001,395907,6590,366730,343,15557,9118,201648,6794,295605,9461,497253,California
Santa Clara,2021-03-23,18581,796775,12107,408014,6268,372998,206,15763,11406,206130,7132,302737,11614,508867,California
Santa Clara,2021-03-24,21643,818418,14351,422365,7145,380143,147,15910,14313,213302,7291,310028,14463,523330,California
Santa Clara,2021-03-25,21900,840318,12789,435154,8323,388466,788,16698,14244,220730,7601,317629,15029,538359,California
Santa Clara,2021-03-26,21426,861744,13803,448957,7239,395705,384,17082,13206,226125,8190,325819,13585,551944,California
Santa Clara,2021-03-27,14924,876668,9954,458911,4211,399916,759,17841,7782,227554,7112,332931,8541,560485,California
Santa Clara,2021-03-28,11936,888604,8249,467160,2973,402889,714,18555,6467,229286,5449,338380,7181,567666,California
Santa Clara,2021-03-29,19918,908522,12320,479480,6874,409763,724,19279,10803,231731,9080,347460,11525,579191,California
Santa Clara,2021-03-30,24458,932980,15101,494581,8141,417904,1216,20495,16401,241324,8023,355483,17616,596807,California
Santa Clara,2021-03-31,19366,952346,11638,506219,6892,424796,836,21331,12517,247850,6823,362306,13349,610156,California
Santa Clara,2021-04-01,29617,981963,19239,525458,8144,432940,2234,23565,19351,259217,10213,372519,21580,631736,California
Santa Clara,2021-04-02,24330,1006293,13945,539403,8312,441252,2073,25638,16187,269361,8112,380631,18256,649992,California
Santa Clara,2021-04-03,13937,1020230,8923,548326,3431,444683,1583,27221,8249,273524,5668,386299,9831,659823,California
Santa Clara,2021-04-04,7369,1027599,3852,552178,2403,447086,1114,28335,3880,275035,3482,389781,4993,664816,California
Santa Clara,2021-04-05,20682,1048281,13738,565916,4595,451681,2349,30684,13404,283532,7254,397035,15751,680567,California
Santa Clara,2021-04-06,24882,1073163,14051,579967,6293,457974,4538,35222,14748,292712,10101,407136,19281,699848,California
Santa Clara,2021-04-07,20841,1094004,10977,590944,6250,464224,3614,38836,13349,302209,7465,414601,16962,716810,California
Santa Cruz,2020-12-15,2,2,2,2,0,0,0,0,2,2,0,0,2,2,California
Santa Cruz,2020-12-16,57,59,57,59,0,0,0,0,57,59,0,0,57,59,California
Santa Cruz,2020-12-17,389,448,389,448,0,0,0,0,389,448,0,0,389,448,California
Santa Cruz,2020-12-18,465,913,465,913,0,0,0,0,465,913,0,0,465,913,California
Santa Cruz,2020-12-19,178,1091,177,1090,1,1,0,0,178,1091,0,0,178,1091,California
Santa Cruz,2020-12-20,95,1186,95,1185,0,1,0,0,95,1186,0,0,95,1186,California
Santa Cruz,2020-12-21,433,1619,433,1618,0,1,0,0,433,1619,0,0,433,1619,California
Santa Cruz,2020-12-22,423,2042,422,2040,1,2,0,0,423,2042,0,0,423,2042,California
Santa Cruz,2020-12-23,370,2412,328,2368,42,44,0,0,370,2412,0,0,370,2412,California
Santa Cruz,2020-12-24,125,2537,50,2418,75,119,0,0,125,2537,0,0,125,2537,California
Santa Cruz,2020-12-25,11,2548,11,2429,0,119,0,0,11,2548,0,0,11,2548,California
Santa Cruz,2020-12-26,64,2612,45,2474,19,138,0,0,64,2612,0,0,64,2612,California
Santa Cruz,2020-12-27,32,2644,27,2501,5,143,0,0,32,2644,0,0,32,2644,California
Santa Cruz,2020-12-28,483,3127,108,2609,375,518,0,0,483,3127,0,0,483,3127,California
Santa Cruz,2020-12-29,796,3923,370,2979,426,944,0,0,796,3923,0,0,796,3923,California
Santa Cruz,2020-12-30,356,4279,164,3143,192,1136,0,0,356,4279,0,0,356,4279,California
Santa Cruz,2020-12-31,312,4591,11,3154,301,1437,0,0,312,4591,0,0,312,4591,California
Santa Cruz,2021-01-01,32,4623,0,3154,32,1469,0,0,32,4623,0,0,32,4623,California
Santa Cruz,2021-01-02,71,4694,57,3211,14,1483,0,0,71,4694,0,0,71,4694,California
Santa Cruz,2021-01-03,15,4709,7,3218,8,1491,0,0,15,4709,0,0,15,4709,California
Santa Cruz,2021-01-04,281,4990,123,3341,158,1649,0,0,279,4988,0,0,279,4988,California
Santa Cruz,2021-01-05,566,5556,428,3769,138,1787,0,0,264,4950,302,302,264,5252,California
Santa Cruz,2021-01-06,803,6359,670,4439,133,1920,0,0,465,5078,337,639,465,5717,California
Santa Cruz,2021-01-07,539,6898,212,4651,327,2247,0,0,386,5312,153,792,387,6104,California
Santa Cruz,2021-01-08,935,7833,561,5212,374,2621,0,0,487,5352,448,1240,488,6592,California
Santa Cruz,2021-01-09,463,8296,123,5335,340,2961,0,0,409,5707,54,1294,409,7001,California
Santa Cruz,2021-01-10,80,8376,70,5405,10,2971,0,0,21,5669,59,1353,21,7022,California
Santa Cruz,2021-01-11,722,9098,587,5992,135,3106,0,0,192,5331,530,1883,192,7214,California
Santa Cruz,2021-01-12,735,9833,531,6523,204,3310,0,0,493,5582,242,2125,493,7707,California
Santa Cruz,2021-01-13,521,10354,228,6751,293,3603,0,0,437,5938,81,2206,437,8144,California
Santa Cruz,2021-01-14,553,10907,101,6852,452,4055,0,0,487,6359,66,2272,487,8631,California
Santa Cruz,2021-01-15,1456,12363,77,6929,1379,5434,0,0,1392,7689,63,2335,1393,10024,California
Santa Cruz,2021-01-16,427,12790,54,6983,373,5807,0,0,408,8078,19,2354,408,10432,California
Santa Cruz,2021-01-17,297,13087,41,7024,256,6063,0,0,272,8325,25,2379,272,10704,California
Santa Cruz,2021-01-18,1016,14103,105,7129,911,6974,0,0,954,9217,62,2441,954,11658,California
Santa Cruz,2021-01-19,1623,15726,524,7653,1099,8073,0,0,1270,10137,351,2792,1271,12929,California
Santa Cruz,2021-01-20,1235,16961,184,7837,1051,9124,0,0,1038,10981,194,2986,1038,13967,California
Santa Cruz,2021-01-21,1707,18668,200,8037,1507,10631,0,0,1602,12478,106,3092,1603,15570,California
Santa Cruz,2021-01-22,1795,20463,531,8568,1264,11895,0,0,1695,14077,97,3189,1696,17266,California
Santa Cruz,2021-01-23,401,20864,146,8714,255,12150,0,0,341,14359,59,3248,341,17607,California
Santa Cruz,2021-01-24,115,20979,20,8734,95,12245,0,0,97,14438,18,3266,97,17704,California
Santa Cruz,2021-01-25,1057,22036,359,9093,698,12943,0,0,548,14477,509,3775,548,18252,California
Santa Cruz,2021-01-26,1679,23715,245,9338,1434,14377,0,0,1169,15136,510,4285,1169,19421,California
Santa Cruz,2021-01-27,1648,25363,446,9784,1202,15579,0,0,1265,16020,381,4666,1265,20686,California
Santa Cruz,2021-01-28,1745,27108,292,10076,1453,17032,0,0,1469,17214,276,4942,1470,22156,California
Santa Cruz,2021-01-29,1736,28844,490,10566,1246,18278,0,0,1606,18691,129,5071,1606,23762,California
Santa Cruz,2021-01-30,1060,29904,308,10874,752,19030,0,0,927,19485,133,5204,927,24689,California
Santa Cruz,2021-01-31,217,30121,111,10985,106,19136,0,0,203,19674,14,5218,203,24892,California
Santa Cruz,2021-02-01,1232,31353,759,11744,473,19609,0,0,826,20094,406,5624,826,25718,California
Santa Cruz,2021-02-02,1006,32359,130,11874,876,20485,0,0,851,20791,154,5778,851,26569,California
Santa Cruz,2021-02-03,2218,34577,945,12819,1273,21758,0,0,1906,22389,308,6086,1906,28475,California
Santa Cruz,2021-02-04,1834,36411,771,13590,1063,22821,0,0,1497,23550,336,6422,1497,29972,California
Santa Cruz,2021-02-05,3172,39583,794,14384,2378,25199,0,0,2852,26083,319,6741,2852,32824,California
Santa Cruz,2021-02-06,2583,42166,164,14548,2419,27618,0,0,2235,27970,348,7089,2235,35059,California
Santa Cruz,2021-02-07,906,43072,121,14669,785,28403,0,0,888,28840,18,7107,888,35947,California
Santa Cruz,2021-02-08,717,43789,204,14873,513,28916,0,0,517,29158,199,7306,517,36464,California
Santa Cruz,2021-02-09,2375,46164,1057,15930,1318,30234,0,0,2110,31007,261,7567,2110,38574,California
Santa Cruz,2021-02-10,2199,48363,580,16510,1619,31853,0,0,1506,31824,690,8257,1507,40081,California
Santa Cruz,2021-02-11,1851,50214,316,16826,1535,33388,0,0,1326,32627,523,8780,1326,41407,California
Santa Cruz,2021-02-12,3213,53427,421,17247,2792,36180,0,0,1808,33040,1397,10177,1810,43217,California
Santa Cruz,2021-02-13,1709,55136,123,17370,1586,37766,0,0,1296,33923,413,10590,1296,44513,California
Santa Cruz,2021-02-14,1399,56535,70,17440,1329,39095,0,0,1136,34796,263,10853,1136,45649,California
Santa Cruz,2021-02-15,1581,58116,278,17718,1303,40398,0,0,564,34344,1017,11870,565,46214,California
Santa Cruz,2021-02-16,1692,59808,202,17920,1490,41888,0,0,535,33743,1136,13006,535,46749,California
Santa Cruz,2021-02-17,2916,62724,974,18894,1942,43830,0,0,1219,33281,1684,14690,1222,47971,California
Santa Cruz,2021-02-18,2877,65601,637,19531,2240,46070,0,0,1228,32863,1646,16336,1228,49199,California
Santa Cruz,2021-02-19,3264,68865,1145,20676,2119,48189,0,0,2010,33620,1253,17589,2010,51209,California
Santa Cruz,2021-02-20,2381,71246,1496,22172,885,49074,0,0,1888,35015,493,18082,1888,53097,California
Santa Cruz,2021-02-21,793,72039,327,22499,466,49540,0,0,691,35606,100,18182,691,53788,California
Santa Cruz,2021-02-22,1242,73281,960,23459,282,49822,0,0,534,35434,706,18888,534,54322,California
Santa Cruz,2021-02-23,2093,75374,937,24396,1156,50978,0,0,709,34760,1383,20271,709,55031,California
Santa Cruz,2021-02-24,3174,78548,1655,26051,1519,52497,0,0,1209,34008,1961,22232,1209,56240,California
Santa Cruz,2021-02-25,3237,81785,1433,27484,1804,54301,0,0,1783,34344,1447,23679,1783,58023,California
Santa Cruz,2021-02-26,2717,84502,760,28244,1957,56258,0,0,1545,34723,1168,24847,1547,59570,California
Santa Cruz,2021-02-27,2636,87138,930,29174,1706,57964,0,0,1836,35760,799,25646,1836,61406,California
Santa Cruz,2021-02-28,1296,88434,360,29534,936,58900,0,0,1086,36639,207,25853,1086,62492,California
Santa Cruz,2021-03-01,1827,90261,1253,30787,574,59474,0,0,686,36187,1138,26991,686,63178,California
Santa Cruz,2021-03-02,1504,91765,339,31126,1165,60639,0,0,835,36358,667,27658,838,64016,California
Santa Cruz,2021-03-03,2292,94057,596,31722,1696,62335,0,0,1229,36527,1060,28718,1229,65245,California
Santa Cruz,2021-03-04,2997,97054,1402,33124,1594,63929,1,1,2030,37601,958,29676,2032,67277,California
Santa Cruz,2021-03-05,2599,99653,476,33600,2105,66034,18,19,1122,37267,1474,31150,1140,68417,California
Santa Cruz,2021-03-06,3863,103516,1346,34946,2414,68448,103,122,2160,37826,1703,32853,2262,70679,California
Santa Cruz,2021-03-07,1340,104856,127,35073,1139,69587,74,196,551,37663,788,33641,625,71304,California
Santa Cruz,2021-03-08,1046,105902,221,35294,725,70312,100,296,653,38024,392,34033,753,72057,California
Santa Cruz,2021-03-09,1760,107662,235,35529,1379,71691,146,442,696,37805,1061,35094,842,72899,California
Santa Cruz,2021-03-10,3844,111506,2081,37610,1615,73306,148,590,1986,38086,1856,36950,2137,75036,California
Santa Cruz,2021-03-11,2778,114284,1209,38819,1407,74713,162,752,1537,38547,1240,38190,1701,76737,California
Santa Cruz,2021-03-12,2677,116961,875,39694,1526,76239,276,1028,888,37925,1786,39976,1164,77901,California
Santa Cruz,2021-03-13,2206,119167,1312,41006,850,77089,44,1072,1120,38005,1085,41061,1165,79066,California
Santa Cruz,2021-03-14,741,119908,160,41166,567,77656,14,1086,360,37999,379,41440,373,79439,California
Santa Cruz,2021-03-15,1342,121250,474,41640,833,78489,35,1121,574,37843,766,42206,610,80049,California
Santa Cruz,2021-03-16,2309,123559,1086,42726,1183,79672,40,1161,1336,38248,970,43176,1375,81424,California
Santa Cruz,2021-03-17,3856,127415,2231,44957,1615,81287,10,1171,2513,39434,1339,44515,2525,83949,California
Santa Cruz,2021-03-18,3854,131269,2092,47049,1645,82932,117,1288,2067,39834,1784,46299,2184,86133,California
Santa Cruz,2021-03-19,3274,134543,1322,48371,1727,84659,225,1513,1652,40094,1617,47916,1877,88010,California
Santa Cruz,2021-03-20,2163,136706,1617,49988,511,85170,35,1548,1094,40157,1066,48982,1129,89139,California
Santa Cruz,2021-03-21,822,137528,436,50424,265,85435,121,1669,441,40341,379,49361,563,89702,California
Santa Cruz,2021-03-22,1359,138887,844,51268,493,85928,22,1691,938,40884,418,49779,961,90663,California
Santa Cruz,2021-03-23,2551,141438,1436,52704,1069,86997,46,1737,1719,41819,830,50609,1765,92428,California
Santa Cruz,2021-03-24,2993,144431,2006,54710,966,87963,21,1758,1982,42815,1006,51615,2002,94430,California
Santa Cruz,2021-03-25,2605,147036,1326,56036,1247,89210,32,1790,1353,42956,1244,52859,1385,95815,California
Santa Cruz,2021-03-26,3031,150067,1821,57857,1184,90394,26,1816,2062,44082,962,53821,2088,97903,California
Santa Cruz,2021-03-27,3211,153278,2010,59867,1176,91570,25,1841,1508,43923,1693,55514,1534,99437,California
Santa Cruz,2021-03-28,920,154198,567,60434,340,91910,13,1854,488,43997,428,55942,502,99939,California
Santa Cruz,2021-03-29,1940,156138,869,61303,1004,92914,67,1921,1241,44613,692,56634,1308,101247,California
Santa Cruz,2021-03-30,2697,158835,819,62122,1720,94634,158,2079,1738,45551,958,57592,1896,103143,California
Santa Cruz,2021-03-31,4002,162837,2693,64815,1269,95903,40,2119,2077,45747,1921,59513,2117,105260,California
Santa Cruz,2021-04-01,4003,166840,2141,66956,1760,97663,102,2221,2029,45909,1969,61482,2131,107391,California
Santa Cruz,2021-04-02,3148,169988,1434,68390,1535,99198,179,2400,1768,46481,1375,62857,1947,109338,California
Santa Cruz,2021-04-03,2200,172188,1232,69622,890,100088,78,2478,902,46166,1295,64152,980,110318,California
Santa Cruz,2021-04-04,938,173126,492,70114,391,100479,55,2533,581,46445,357,64509,636,110954,California
Santa Cruz,2021-04-05,2229,175355,794,70908,1290,101769,145,2678,1407,47177,820,65329,1552,112506,California
Santa Cruz,2021-04-06,3180,178535,1580,72488,1298,103067,302,2980,1943,48189,1232,66561,2244,114750,California
Santa Cruz,2021-04-07,2794,181329,965,73453,1759,104826,70,3050,1308,48083,1484,68045,1378,116128,California
Shasta,2020-12-16,131,131,131,131,0,0,0,0,131,131,0,0,131,131,California
Shasta,2020-12-17,417,548,417,548,0,0,0,0,417,548,0,0,417,548,California
Shasta,2020-12-18,166,714,166,714,0,0,0,0,166,714,0,0,166,714,California
Shasta,2020-12-19,1,715,1,715,0,0,0,0,1,715,0,0,1,715,California
Shasta,2020-12-21,78,793,78,793,0,0,0,0,78,793,0,0,78,793,California
Shasta,2020-12-22,191,984,186,979,5,5,0,0,191,984,0,0,191,984,California
Shasta,2020-12-23,174,1158,170,1149,4,9,0,0,174,1158,0,0,174,1158,California
Shasta,2020-12-24,18,1176,18,1167,0,9,0,0,18,1176,0,0,18,1176,California
Shasta,2020-12-26,4,1180,1,1168,3,12,0,0,4,1180,0,0,4,1180,California
Shasta,2020-12-27,1,1181,0,1168,1,13,0,0,1,1181,0,0,1,1181,California
Shasta,2020-12-28,40,1221,31,1199,9,22,0,0,40,1221,0,0,40,1221,California
Shasta,2020-12-29,186,1407,185,1384,1,23,0,0,186,1407,0,0,186,1407,California
Shasta,2020-12-30,178,1585,168,1552,10,33,0,0,178,1585,0,0,178,1585,California
Shasta,2020-12-31,83,1668,2,1554,81,114,0,0,83,1668,0,0,83,1668,California
Shasta,2021-01-02,2,1670,0,1554,2,116,0,0,2,1670,0,0,2,1670,California
Shasta,2021-01-03,1,1671,1,1555,0,116,0,0,1,1671,0,0,1,1671,California
Shasta,2021-01-04,346,2017,306,1861,40,156,0,0,347,2018,0,0,347,2018,California
Shasta,2021-01-05,334,2351,314,2175,20,176,0,0,253,2190,81,81,253,2271,California
Shasta,2021-01-06,437,2788,395,2570,42,218,0,0,175,2104,261,342,175,2446,California
Shasta,2021-01-07,116,2904,35,2605,81,299,0,0,95,2178,21,363,95,2541,California
Shasta,2021-01-08,507,3411,447,3052,60,359,0,0,299,2269,208,571,299,2840,California
Shasta,2021-01-09,72,3483,63,3115,9,368,0,0,70,2337,2,573,70,2910,California
Shasta,2021-01-10,5,3488,0,3115,5,373,0,0,4,2341,1,574,5,2915,California
Shasta,2021-01-11,351,3839,184,3299,167,540,0,0,316,2622,35,609,316,3231,California
Shasta,2021-01-12,452,4291,327,3626,125,665,0,0,278,2726,174,783,278,3509,California
Shasta,2021-01-13,541,4832,268,3894,273,938,0,0,371,2927,170,953,371,3880,California
Shasta,2021-01-14,446,5278,50,3944,396,1334,0,0,429,3339,17,970,429,4309,California
Shasta,2021-01-15,634,5912,136,4080,498,1832,0,0,632,3969,2,972,632,4941,California
Shasta,2021-01-16,899,6811,55,4135,844,2676,0,0,896,4862,3,975,896,5837,California
Shasta,2021-01-17,27,6838,6,4141,21,2697,0,0,23,4881,4,979,23,5860,California
Shasta,2021-01-18,600,7438,130,4271,470,3167,0,0,592,5465,8,987,592,6452,California
Shasta,2021-01-19,1018,8456,397,4668,621,3788,0,0,870,6187,148,1135,870,7322,California
Shasta,2021-01-20,675,9131,407,5075,268,4056,0,0,493,6502,178,1313,493,7815,California
Shasta,2021-01-21,629,9760,277,5352,352,4408,0,0,606,7085,23,1336,606,8421,California
Shasta,2021-01-22,445,10205,171,5523,274,4682,0,0,439,7518,6,1342,439,8860,California
Shasta,2021-01-23,68,10273,5,5528,63,4745,0,0,67,7584,1,1343,67,8927,California
Shasta,2021-01-24,25,10298,2,5530,23,4768,0,0,24,7607,1,1344,24,8951,California
Shasta,2021-01-25,749,11047,491,6021,258,5026,0,0,463,7785,285,1629,463,9414,California
Shasta,2021-01-26,707,11754,331,6352,376,5402,0,0,474,8028,231,1860,474,9888,California
Shasta,2021-01-27,458,12212,179,6531,279,5681,0,0,409,8388,49,1909,409,10297,California
Shasta,2021-01-28,854,13066,576,7107,278,5959,0,0,632,8798,222,2131,632,10929,California
Shasta,2021-01-29,831,13897,331,7438,500,6459,0,0,641,9250,190,2321,642,11571,California
Shasta,2021-01-30,618,14515,14,7452,604,7063,0,0,609,9850,9,2330,609,12180,California
Shasta,2021-01-31,28,14543,4,7456,24,7087,0,0,26,9874,2,2332,26,12206,California
Shasta,2021-02-01,502,15045,141,7597,361,7448,0,0,383,10138,119,2451,383,12589,California
Shasta,2021-02-02,934,15979,492,8089,442,7890,0,0,845,10895,88,2539,845,13434,California
Shasta,2021-02-03,674,16653,210,8299,464,8354,0,0,478,11177,196,2735,478,13912,California
Shasta,2021-02-04,1067,17720,662,8961,405,8759,0,0,876,11863,190,2925,876,14788,California
Shasta,2021-02-05,1212,18932,163,9124,1049,9808,0,0,1023,12698,188,3113,1023,15811,California
Shasta,2021-02-06,1729,20661,42,9166,1687,11495,0,0,1705,14379,24,3137,1705,17516,California
Shasta,2021-02-07,25,20686,2,9168,23,11518,0,0,23,14400,2,3139,23,17539,California
Shasta,2021-02-08,541,21227,168,9336,373,11891,0,0,303,14465,238,3377,303,17842,California
Shasta,2021-02-09,1026,22253,651,9987,375,12266,0,0,676,14791,350,3727,676,18518,California
Shasta,2021-02-10,1083,23336,782,10769,301,12567,0,0,593,14894,491,4218,594,19112,California
Shasta,2021-02-11,785,24121,187,10956,598,13165,0,0,304,14722,476,4694,304,19416,California
Shasta,2021-02-12,1663,25784,1144,12100,519,13684,0,0,1170,15399,493,5187,1170,20586,California
Shasta,2021-02-13,1384,27168,368,12468,1016,14700,0,0,572,15158,813,6000,572,21158,California
Shasta,2021-02-14,148,27316,4,12472,144,14844,0,0,124,15258,24,6024,124,21282,California
Shasta,2021-02-15,380,27696,91,12563,289,15133,0,0,211,15300,169,6193,211,21493,California
Shasta,2021-02-16,1084,28780,512,13075,572,15705,0,0,319,14855,764,6957,319,21812,California
Shasta,2021-02-17,993,29773,437,13512,556,16261,0,0,375,14612,618,7575,375,22187,California
Shasta,2021-02-18,874,30647,441,13953,433,16694,0,0,427,14592,447,8022,427,22614,California
Shasta,2021-02-19,1326,31973,934,14887,392,17086,0,0,859,14984,467,8489,859,23473,California
Shasta,2021-02-20,799,32772,87,14974,712,17798,0,0,300,14785,499,8988,300,23773,California
Shasta,2021-02-21,31,32803,2,14976,29,17827,0,0,9,14772,22,9010,9,23782,California
Shasta,2021-02-22,343,33146,69,15045,274,18101,0,0,98,14625,245,9255,98,23880,California
Shasta,2021-02-23,802,33948,467,15512,335,18436,0,0,218,14259,584,9839,218,24098,California
Shasta,2021-02-24,882,34830,504,16016,378,18814,0,0,269,13916,612,10451,269,24367,California
Shasta,2021-02-25,477,35307,157,16173,320,19134,0,0,157,13755,318,10769,157,24524,California
Shasta,2021-02-26,787,36094,90,16263,697,19831,0,0,326,13622,459,11228,326,24850,California
Shasta,2021-02-27,826,36920,29,16292,797,20628,0,0,187,13172,637,11865,187,25037,California
Shasta,2021-02-28,177,37097,4,16296,173,20801,0,0,127,13249,50,11915,127,25164,California
Shasta,2021-03-01,559,37656,61,16357,498,21299,0,0,267,13226,290,12205,267,25431,California
Shasta,2021-03-02,929,38585,465,16822,464,21763,0,0,266,12831,661,12866,266,25697,California
Shasta,2021-03-03,588,39173,123,16945,465,22228,0,0,191,12625,397,13263,191,25888,California
Shasta,2021-03-04,1051,40224,504,17449,547,22775,0,0,646,12868,404,13667,647,26535,California
Shasta,2021-03-05,977,41201,160,17609,788,23563,29,29,321,12561,657,14324,350,26885,California
Shasta,2021-03-06,829,42030,387,17996,395,23958,47,76,195,12169,634,14958,242,27127,California
Shasta,2021-03-07,90,42120,3,17999,55,24013,32,108,36,12183,54,15012,68,27195,California
Shasta,2021-03-08,558,42678,46,18045,373,24386,139,247,145,12056,411,15423,284,27479,California
Shasta,2021-03-09,604,43282,45,18090,381,24767,178,425,231,12092,373,15796,409,27888,California
Shasta,2021-03-10,797,44079,259,18349,335,25102,203,628,133,11764,663,16459,335,28223,California
Shasta,2021-03-11,1038,45117,173,18522,624,25726,241,869,643,12253,395,16854,884,29107,California
Shasta,2021-03-12,718,45835,122,18644,366,26092,230,1099,282,12329,435,17289,511,29618,California
Shasta,2021-03-13,694,46529,414,19058,181,26273,99,1198,472,12678,222,17511,571,30189,California
Shasta,2021-03-14,303,46832,8,19066,273,26546,22,1220,223,12843,80,17591,245,30434,California
Shasta,2021-03-15,493,47325,34,19100,359,26905,100,1320,211,12872,281,17872,310,30744,California
Shasta,2021-03-16,1076,48401,143,19243,866,27771,67,1387,797,13457,279,18151,864,31608,California
Shasta,2021-03-17,687,49088,190,19433,439,28210,58,1445,392,13618,289,18440,450,32058,California
Shasta,2021-03-18,1069,50157,235,19668,731,28941,103,1548,797,14250,268,18708,900,32958,California
Shasta,2021-03-19,624,50781,191,19859,377,29318,56,1604,396,14475,227,18935,452,33410,California
Shasta,2021-03-20,745,51526,488,20347,243,29561,14,1618,598,14940,147,19082,612,34022,California
Shasta,2021-03-21,312,51838,296,20643,4,29565,12,1630,286,15212,26,19108,298,34320,California
Shasta,2021-03-22,341,52179,36,20679,275,29840,30,1660,200,15302,140,19248,230,34550,California
Shasta,2021-03-23,817,52996,156,20835,603,30443,58,1718,626,15800,186,19434,684,35234,California
Shasta,2021-03-24,511,53507,154,20989,320,30763,37,1755,375,16077,135,19569,412,35646,California
Shasta,2021-03-25,758,54265,186,21175,555,31318,17,1772,618,16574,138,19707,635,36281,California
Shasta,2021-03-26,682,54947,256,21431,396,31714,30,1802,330,16583,352,20059,361,36642,California
Shasta,2021-03-27,1556,56503,404,21835,315,32029,837,2639,571,17005,983,21042,1405,38047,California
Shasta,2021-03-28,405,56908,299,22134,96,32125,10,2649,302,17216,101,21143,312,38359,California
Shasta,2021-03-29,413,57321,41,22175,360,32485,12,2661,160,17136,252,21395,172,38531,California
Shasta,2021-03-30,526,57847,185,22360,334,32819,7,2668,321,17262,202,21597,328,38859,California
Shasta,2021-03-31,620,58467,206,22566,409,33228,5,2673,408,17467,208,21805,413,39272,California
Shasta,2021-04-01,773,59240,246,22812,521,33749,6,2679,549,17799,224,22029,556,39828,California
Shasta,2021-04-02,744,59984,202,23014,491,34240,51,2730,420,17948,322,22351,471,40299,California
Shasta,2021-04-03,520,60504,368,23382,133,34373,19,2749,398,18243,122,22473,417,40716,California
Shasta,2021-04-04,281,60785,177,23559,84,34457,20,2769,217,18416,64,22537,237,40953,California
Shasta,2021-04-05,414,61199,50,23609,303,34760,61,2830,247,18557,167,22704,308,41261,California
Shasta,2021-04-06,575,61774,148,23757,272,35032,155,2985,213,18563,362,23066,368,41629,California
Shasta,2021-04-07,231,62005,69,23826,134,35166,28,3013,111,18586,115,23181,138,41767,California
Sierra,2020-12-18,1,1,1,1,0,0,0,0,1,1,0,0,1,1,California
Sierra,2020-12-21,2,3,2,3,0,0,0,0,2,3,0,0,2,3,California
Sierra,2020-12-22,12,15,12,15,0,0,0,0,12,15,0,0,12,15,California
Sierra,2020-12-23,4,19,4,19,0,0,0,0,4,19,0,0,4,19,California
Sierra,2020-12-28,1,20,0,19,1,1,0,0,1,20,0,0,1,20,California
Sierra,2020-12-29,49,69,7,26,42,43,0,0,49,69,0,0,49,69,California
Sierra,2020-12-30,2,71,0,26,2,45,0,0,2,71,0,0,2,71,California
Sierra,2020-12-31,12,83,0,26,12,57,0,0,12,83,0,0,12,83,California
Sierra,2021-01-05,65,148,3,29,62,119,0,0,65,148,0,0,65,148,California
Sierra,2021-01-06,1,149,1,30,0,119,0,0,1,149,0,0,1,149,California
Sierra,2021-01-07,20,169,1,31,19,138,0,0,19,167,1,1,19,168,California
Sierra,2021-01-08,1,170,1,32,0,138,0,0,1,168,0,1,1,169,California
Sierra,2021-01-11,3,173,3,35,0,138,0,0,0,165,3,4,0,169,California
Sierra,2021-01-12,39,212,12,47,27,165,0,0,27,180,12,16,27,196,California
Sierra,2021-01-13,4,216,3,50,1,166,0,0,1,178,3,19,1,197,California
Sierra,2021-01-14,35,251,2,52,33,199,0,0,35,213,0,19,35,232,California
Sierra,2021-01-15,2,253,1,53,1,200,0,0,2,215,0,19,2,234,California
Sierra,2021-01-18,2,255,0,53,2,202,0,0,2,217,0,19,2,236,California
Sierra,2021-01-19,32,287,0,53,32,234,0,0,32,249,0,19,32,268,California
Sierra,2021-01-20,1,288,1,54,0,234,0,0,1,250,0,19,1,269,California
Sierra,2021-01-21,54,342,0,54,54,288,0,0,54,304,0,19,54,323,California
Sierra,2021-01-22,1,343,0,54,1,289,0,0,1,305,0,19,1,324,California
Sierra,2021-01-23,2,345,0,54,2,291,0,0,2,307,0,19,2,326,California
Sierra,2021-01-26,62,407,0,54,62,353,0,0,24,293,38,57,24,350,California
Sierra,2021-01-27,4,411,4,58,0,353,0,0,0,289,4,61,0,350,California
Sierra,2021-01-28,53,464,0,58,53,406,0,0,44,324,9,70,44,394,California
Sierra,2021-01-29,1,465,0,58,1,407,0,0,1,325,0,70,1,395,California
Sierra,2021-01-30,3,468,3,61,0,407,0,0,2,326,1,71,2,397,California
Sierra,2021-02-01,1,469,0,61,1,408,0,0,0,325,1,72,0,397,California
Sierra,2021-02-02,57,526,0,61,57,465,0,0,18,304,39,111,18,415,California
Sierra,2021-02-03,6,532,5,66,1,466,0,0,5,308,1,112,5,420,California
Sierra,2021-02-04,105,637,6,72,99,565,0,0,57,317,48,160,57,477,California
Sierra,2021-02-05,6,643,4,76,2,567,0,0,5,321,1,161,5,482,California
Sierra,2021-02-09,51,694,0,76,51,618,0,0,49,368,2,163,49,531,California
Sierra,2021-02-10,5,699,2,78,3,621,0,0,4,371,1,164,4,535,California
Sierra,2021-02-11,196,895,1,79,195,816,0,0,134,443,62,226,134,669,California
Sierra,2021-02-12,20,915,0,79,20,836,0,0,20,463,0,226,20,689,California
Sierra,2021-02-13,1,916,1,80,0,836,0,0,1,464,0,226,1,690,California
Sierra,2021-02-14,1,917,0,80,1,837,0,0,1,465,0,226,1,691,California
Sierra,2021-02-15,1,918,1,81,0,837,0,0,0,464,1,227,0,691,California
Sierra,2021-02-16,43,961,0,81,43,880,0,0,10,441,33,260,10,701,California
Sierra,2021-02-17,3,964,0,81,3,883,0,0,1,440,2,262,1,702,California
Sierra,2021-02-18,143,1107,0,81,143,1026,0,0,92,481,51,313,92,794,California
Sierra,2021-02-19,1,1108,1,82,0,1026,0,0,1,482,0,313,1,795,California
Sierra,2021-02-20,2,1110,2,84,0,1026,0,0,0,480,2,315,0,795,California
Sierra,2021-02-22,1,1111,1,85,0,1026,0,0,1,481,0,315,1,796,California
Sierra,2021-02-23,4,1115,0,85,4,1030,0,0,4,485,0,315,4,800,California
Sierra,2021-02-24,5,1120,3,88,2,1032,0,0,4,488,1,316,4,804,California
Sierra,2021-02-25,124,1244,1,89,123,1155,0,0,58,480,66,382,58,862,California
Sierra,2021-02-26,9,1253,6,95,3,1158,0,0,4,479,5,387,4,866,California
Sierra,2021-02-27,2,1255,2,97,0,1158,0,0,0,477,2,389,0,866,California
Sierra,2021-03-01,2,1257,2,99,0,1158,0,0,0,475,2,391,0,866,California
Sierra,2021-03-02,56,1313,0,99,56,1214,0,0,38,495,18,409,38,904,California
Sierra,2021-03-03,2,1315,2,101,0,1214,0,0,1,495,1,410,1,905,California
Sierra,2021-03-04,108,1423,0,101,108,1322,0,0,57,501,51,461,57,962,California
Sierra,2021-03-05,13,1436,1,102,12,1334,0,0,11,510,2,463,11,973,California
Sierra,2021-03-07,1,1437,1,103,0,1334,0,0,0,509,1,464,0,973,California
Sierra,2021-03-08,2,1439,2,105,0,1334,0,0,2,511,0,464,2,975,California
Sierra,2021-03-09,56,1495,0,105,56,1390,0,0,11,477,45,509,11,986,California
Sierra,2021-03-10,6,1501,0,105,6,1396,0,0,4,479,2,511,4,990,California
Sierra,2021-03-11,176,1677,0,105,176,1572,0,0,44,391,132,643,44,1034,California
Sierra,2021-03-12,20,1697,1,106,19,1591,0,0,0,371,20,663,0,1034,California
Sierra,2021-03-13,28,1725,0,106,28,1619,0,0,28,399,0,663,28,1062,California
Sierra,2021-03-14,1,1726,0,106,0,1619,1,1,0,399,1,664,1,1063,California
Sierra,2021-03-15,2,1728,1,107,1,1620,0,1,0,397,2,666,0,1063,California
Sierra,2021-03-16,37,1765,0,107,36,1656,1,2,24,409,13,679,25,1088,California
Sierra,2021-03-17,4,1769,3,110,1,1657,0,2,1,407,3,682,1,1089,California
Sierra,2021-03-18,160,1929,0,110,160,1817,0,2,66,379,94,776,66,1155,California
Sierra,2021-03-19,4,1933,2,112,2,1819,0,2,1,377,3,779,1,1156,California
Sierra,2021-03-23,24,1957,0,112,24,1843,0,2,15,383,9,788,15,1171,California
Sierra,2021-03-24,2,1959,1,113,1,1844,0,2,0,381,2,790,0,1171,California
Sierra,2021-03-25,90,2049,0,113,90,1934,0,2,46,383,44,834,46,1217,California
Sierra,2021-03-26,13,2062,1,114,12,1946,0,2,10,390,3,837,10,1227,California
Sierra,2021-03-27,2,2064,1,115,1,1947,0,2,0,388,2,839,0,1227,California
Sierra,2021-03-29,1,2065,1,116,0,1947,0,2,0,387,1,840,0,1227,California
Sierra,2021-03-30,54,2119,0,116,54,2001,0,2,21,375,33,873,21,1248,California
Sierra,2021-03-31,8,2127,0,116,8,2009,0,2,8,383,0,873,8,1256,California
Sierra,2021-04-01,60,2187,2,118,58,2067,0,2,6,335,54,927,6,1262,California
Sierra,2021-04-02,2,2189,2,120,0,2067,0,2,1,335,1,928,1,1263,California
Sierra,2021-04-05,1,2190,1,121,0,2067,0,2,0,334,1,929,0,1263,California
Sierra,2021-04-06,10,2200,0,121,10,2077,0,2,0,324,10,939,0,1263,California
Sierra,2021-04-07,7,2207,0,121,5,2082,2,4,1,321,6,945,3,1266,California
Siskiyou,2020-12-16,2,2,2,2,0,0,0,0,2,2,0,0,2,2,California
Siskiyou,2020-12-17,4,6,4,6,0,0,0,0,4,6,0,0,4,6,California
Siskiyou,2020-12-18,2,8,2,8,0,0,0,0,2,8,0,0,2,8,California
Siskiyou,2020-12-19,4,12,4,12,0,0,0,0,4,12,0,0,4,12,California
Siskiyou,2020-12-20,1,13,1,13,0,0,0,0,1,13,0,0,1,13,California
Siskiyou,2020-12-21,132,145,132,145,0,0,0,0,132,145,0,0,132,145,California
Siskiyou,2020-12-22,159,304,159,304,0,0,0,0,159,304,0,0,159,304,California
Siskiyou,2020-12-23,142,446,142,446,0,0,0,0,142,446,0,0,142,446,California
Siskiyou,2020-12-24,5,451,5,451,0,0,0,0,5,451,0,0,5,451,California
Siskiyou,2020-12-26,2,453,0,451,2,2,0,0,2,453,0,0,2,453,California
Siskiyou,2020-12-27,2,455,0,451,2,4,0,0,2,455,0,0,2,455,California
Siskiyou,2020-12-28,3,458,1,452,2,6,0,0,3,458,0,0,3,458,California
Siskiyou,2020-12-29,6,464,2,454,4,10,0,0,6,464,0,0,6,464,California
Siskiyou,2020-12-30,98,562,3,457,95,105,0,0,98,562,0,0,98,562,California
Siskiyou,2020-12-31,12,574,0,457,12,117,0,0,12,574,0,0,12,574,California
Siskiyou,2021-01-02,1,575,1,458,0,117,0,0,1,575,0,0,1,575,California
Siskiyou,2021-01-03,1,576,0,458,1,118,0,0,1,576,0,0,1,576,California
Siskiyou,2021-01-04,130,706,3,461,127,245,0,0,130,706,0,0,130,706,California
Siskiyou,2021-01-05,117,823,4,465,113,358,0,0,116,821,1,1,116,822,California
Siskiyou,2021-01-06,59,882,6,471,53,411,0,0,55,872,4,5,55,877,California
Siskiyou,2021-01-07,175,1057,3,474,172,583,0,0,174,1045,1,6,174,1051,California
Siskiyou,2021-01-08,41,1098,3,477,38,621,0,0,39,1082,2,8,39,1090,California
Siskiyou,2021-01-09,2,1100,2,479,0,621,0,0,0,1080,2,10,0,1090,California
Siskiyou,2021-01-11,226,1326,65,544,161,782,0,0,163,1180,63,73,163,1253,California
Siskiyou,2021-01-12,320,1646,273,817,47,829,0,0,87,1034,233,306,87,1340,California
Siskiyou,2021-01-13,157,1803,137,954,20,849,0,0,23,923,134,440,23,1363,California
Siskiyou,2021-01-14,26,1829,1,955,25,874,0,0,25,947,1,441,25,1388,California
Siskiyou,2021-01-15,35,1864,3,958,32,906,0,0,35,982,0,441,35,1423,California
Siskiyou,2021-01-16,7,1871,2,960,5,911,0,0,7,989,0,441,7,1430,California
Siskiyou,2021-01-17,1,1872,1,961,0,911,0,0,0,988,1,442,0,1430,California
Siskiyou,2021-01-18,75,1947,4,965,71,982,0,0,73,1059,2,444,73,1503,California
Siskiyou,2021-01-19,21,1968,1,966,20,1002,0,0,20,1078,1,445,20,1523,California
Siskiyou,2021-01-20,47,2015,35,1001,12,1014,0,0,43,1117,4,449,43,1566,California
Siskiyou,2021-01-21,42,2057,1,1002,41,1055,0,0,42,1159,0,449,42,1608,California
Siskiyou,2021-01-22,1331,3388,1179,2181,152,1207,0,0,1331,2490,0,449,1331,2939,California
Siskiyou,2021-01-23,5,3393,1,2182,4,1211,0,0,2,2489,3,452,2,2941,California
Siskiyou,2021-01-25,182,3575,8,2190,174,1385,0,0,178,2663,4,456,178,3119,California
Siskiyou,2021-01-26,149,3724,4,2194,145,1530,0,0,141,2796,8,464,141,3260,California
Siskiyou,2021-01-27,179,3903,0,2194,179,1709,0,0,125,2867,54,518,125,3385,California
Siskiyou,2021-01-28,232,4135,118,2312,114,1823,0,0,226,3087,6,524,226,3611,California
Siskiyou,2021-01-29,248,4383,2,2314,246,2069,0,0,246,3331,2,526,246,3857,California
Siskiyou,2021-01-30,3,4386,2,2316,1,2070,0,0,3,3334,0,526,3,3860,California
Siskiyou,2021-02-01,194,4580,3,2319,191,2261,0,0,104,3348,90,616,104,3964,California
Siskiyou,2021-02-02,288,4868,45,2364,243,2504,0,0,147,3354,141,757,147,4111,California
Siskiyou,2021-02-03,313,5181,1,2365,312,2816,0,0,264,3569,49,806,264,4375,California
Siskiyou,2021-02-04,318,5499,7,2372,311,3127,0,0,199,3649,119,925,199,4574,California
Siskiyou,2021-02-05,511,6010,4,2376,507,3634,0,0,346,3830,165,1090,346,4920,California
Siskiyou,2021-02-06,15,6025,0,2376,15,3649,0,0,15,3845,0,1090,15,4935,California
Siskiyou,2021-02-07,3,6028,2,2378,1,3650,0,0,3,3848,0,1090,3,4938,California
Siskiyou,2021-02-08,221,6249,5,2383,216,3866,0,0,216,4059,5,1095,216,5154,California
Siskiyou,2021-02-09,194,6443,3,2386,191,4057,0,0,161,4187,33,1128,161,5315,California
Siskiyou,2021-02-10,370,6813,40,2426,330,4387,0,0,316,4450,53,1181,316,5631,California
Siskiyou,2021-02-11,191,7004,1,2427,190,4577,0,0,175,4609,16,1197,175,5806,California
Siskiyou,2021-02-12,1694,8698,1202,3629,492,5069,0,0,501,3917,1193,2390,501,6307,California
Siskiyou,2021-02-13,36,8734,2,3631,34,5103,0,0,32,3945,4,2394,32,6339,California
Siskiyou,2021-02-14,5,8739,1,3632,4,5107,0,0,5,3950,0,2394,5,6344,California
Siskiyou,2021-02-15,107,8846,10,3642,97,5204,0,0,105,4053,2,2396,105,6449,California
Siskiyou,2021-02-16,114,8960,2,3644,112,5316,0,0,99,4137,15,2411,99,6548,California
Siskiyou,2021-02-17,182,9142,15,3659,167,5483,0,0,168,4291,14,2425,168,6716,California
Siskiyou,2021-02-18,221,9363,89,3748,132,5615,0,0,98,4266,123,2548,98,6814,California
Siskiyou,2021-02-19,69,9432,32,3780,37,5652,0,0,34,4265,35,2583,34,6848,California
Siskiyou,2021-02-20,21,9453,3,3783,18,5670,0,0,17,4278,4,2587,17,6865,California
Siskiyou,2021-02-21,2,9455,2,3785,0,5670,0,0,2,4280,0,2587,2,6867,California
Siskiyou,2021-02-22,124,9579,1,3786,123,5793,0,0,18,4192,106,2693,18,6885,California
Siskiyou,2021-02-23,195,9774,15,3801,180,5973,0,0,51,4099,144,2837,51,6936,California
Siskiyou,2021-02-24,146,9920,4,3805,142,6115,0,0,34,4021,112,2949,34,6970,California
Siskiyou,2021-02-25,300,10220,24,3829,276,6391,0,0,154,4029,146,3095,154,7124,California
Siskiyou,2021-02-26,667,10887,9,3838,658,7049,0,0,366,4094,301,3396,366,7490,California
Siskiyou,2021-02-27,32,10919,5,3843,27,7076,0,0,27,4116,5,3401,27,7517,California
Siskiyou,2021-02-28,4,10923,4,3847,0,7076,0,0,3,4118,1,3402,3,7520,California
Siskiyou,2021-03-01,281,11204,7,3854,274,7350,0,0,51,3939,230,3632,51,7571,California
Siskiyou,2021-03-02,189,11393,1,3855,188,7538,0,0,71,3892,118,3750,71,7642,California
Siskiyou,2021-03-03,340,11733,6,3861,334,7872,0,0,151,3854,189,3939,151,7793,California
Siskiyou,2021-03-04,771,12504,600,4461,171,8043,0,0,620,4323,151,4090,620,8413,California
Siskiyou,2021-03-05,322,12826,7,4468,304,8347,11,11,103,4221,216,4306,114,8527,California
Siskiyou,2021-03-06,34,12860,2,4470,27,8374,5,16,26,4244,8,4314,31,8558,California
Siskiyou,2021-03-07,12,12872,4,4474,0,8374,8,24,3,4246,9,4323,11,8569,California
Siskiyou,2021-03-08,359,13231,31,4505,293,8667,35,59,57,4036,302,4625,92,8661,California
Siskiyou,2021-03-09,157,13388,0,4505,104,8771,53,112,52,4036,105,4730,105,8766,California
Siskiyou,2021-03-10,220,13608,7,4512,183,8954,30,142,32,3909,188,4918,61,8827,California
Siskiyou,2021-03-11,467,14075,201,4713,219,9173,47,189,268,4026,198,5116,315,9142,California
Siskiyou,2021-03-12,605,14680,127,4840,439,9612,39,228,177,3816,426,5542,216,9358,California
Siskiyou,2021-03-13,414,15094,379,5219,12,9624,23,251,379,4183,35,5577,402,9760,California
Siskiyou,2021-03-14,21,15115,2,5221,3,9627,16,267,3,4184,18,5595,19,9779,California
Siskiyou,2021-03-15,452,15567,256,5477,177,9804,19,286,320,4391,132,5727,339,10118,California
Siskiyou,2021-03-16,260,15827,37,5514,206,10010,17,303,145,4439,114,5841,162,10280,California
Siskiyou,2021-03-17,196,16023,6,5520,182,10192,8,311,31,4313,165,6006,39,10319,California
Siskiyou,2021-03-18,926,16949,789,6309,125,10317,12,323,810,5019,116,6122,822,11141,California
Siskiyou,2021-03-19,66,17015,9,6318,44,10361,13,336,20,5006,46,6168,33,11174,California
Siskiyou,2021-03-20,30,17045,7,6325,18,10379,5,341,6,4993,24,6192,11,11185,California
Siskiyou,2021-03-21,9,17054,3,6328,1,10380,5,346,3,4995,6,6198,8,11193,California
Siskiyou,2021-03-22,205,17259,19,6347,164,10544,22,368,142,5099,60,6258,164,11357,California
Siskiyou,2021-03-23,190,17449,19,6366,161,10705,10,378,136,5191,54,6312,146,11503,California
Siskiyou,2021-03-24,143,17592,51,6417,92,10797,0,378,119,5286,24,6336,119,11622,California
Siskiyou,2021-03-25,542,18134,292,6709,247,11044,3,381,372,5491,170,6506,375,11997,California
Siskiyou,2021-03-26,294,18428,27,6736,267,11311,0,381,95,5388,198,6704,95,12092,California
Siskiyou,2021-03-27,37,18465,4,6740,28,11339,5,386,9,5374,28,6732,14,12106,California
Siskiyou,2021-03-28,6,18471,6,6746,0,11339,0,386,4,5376,2,6734,4,12110,California
Siskiyou,2021-03-29,105,18576,11,6757,92,11431,2,388,47,5376,49,6783,49,12159,California
Siskiyou,2021-03-30,99,18675,3,6760,95,11526,1,389,38,5354,61,6844,39,12198,California
Siskiyou,2021-03-31,187,18862,22,6782,164,11690,1,390,51,5272,135,6979,53,12251,California
Siskiyou,2021-04-01,817,19679,670,7452,147,11837,0,390,210,4875,607,7586,210,12461,California
Siskiyou,2021-04-02,340,20019,194,7646,142,11979,4,394,64,4668,275,7861,68,12529,California
Siskiyou,2021-04-03,25,20044,4,7650,14,11993,7,401,5,4660,20,7881,12,12541,California
Siskiyou,2021-04-04,2,20046,2,7652,0,11993,0,401,1,4660,1,7882,1,12542,California
Siskiyou,2021-04-05,429,20475,326,7978,77,12070,26,427,25,4307,404,8286,51,12593,California
Siskiyou,2021-04-06,202,20677,35,8013,125,12195,42,469,120,4387,82,8368,162,12755,California
Siskiyou,2021-04-07,58,20735,7,8020,50,12245,1,470,52,4434,6,8374,53,12808,California
Solano,2020-12-15,4,4,4,4,0,0,0,0,4,4,0,0,4,4,California
Solano,2020-12-16,71,75,71,75,0,0,0,0,71,75,0,0,71,75,California
Solano,2020-12-17,151,226,151,226,0,0,0,0,151,226,0,0,151,226,California
Solano,2020-12-18,448,674,447,673,1,1,0,0,448,674,0,0,448,674,California
Solano,2020-12-19,516,1190,516,1189,0,1,0,0,516,1190,0,0,516,1190,California
Solano,2020-12-20,353,1543,352,1541,1,2,0,0,353,1543,0,0,353,1543,California
Solano,2020-12-21,571,2114,569,2110,2,4,0,0,571,2114,0,0,571,2114,California
Solano,2020-12-22,662,2776,629,2739,33,37,0,0,662,2776,0,0,662,2776,California
Solano,2020-12-23,855,3631,771,3510,84,121,0,0,854,3630,0,0,854,3630,California
Solano,2020-12-24,420,4051,169,3679,251,372,0,0,420,4050,0,0,420,4050,California
Solano,2020-12-25,10,4061,2,3681,8,380,0,0,10,4060,0,0,10,4060,California
Solano,2020-12-26,175,4236,48,3729,127,507,0,0,175,4235,0,0,175,4235,California
Solano,2020-12-27,103,4339,29,3758,74,581,0,0,103,4338,0,0,103,4338,California
Solano,2020-12-28,857,5196,418,4176,439,1020,0,0,857,5195,0,0,857,5195,California
Solano,2020-12-29,888,6084,374,4550,514,1534,0,0,888,6083,0,0,888,6083,California
Solano,2020-12-30,1206,7290,598,5148,608,2142,0,0,1206,7289,0,0,1206,7289,California
Solano,2020-12-31,533,7823,135,5283,398,2540,0,0,533,7822,0,0,533,7822,California
Solano,2021-01-01,12,7835,11,5294,1,2541,0,0,12,7834,0,0,12,7834,California
Solano,2021-01-02,212,8047,164,5458,48,2589,0,0,212,8046,0,0,212,8046,California
Solano,2021-01-03,57,8104,40,5498,17,2606,0,0,52,8098,0,0,52,8098,California
Solano,2021-01-04,451,8555,246,5744,205,2811,0,0,441,8536,3,3,441,8539,California
Solano,2021-01-05,693,9248,376,6120,317,3128,0,0,539,8926,149,152,539,9078,California
Solano,2021-01-06,821,10069,436,6556,385,3513,0,0,559,9225,260,412,559,9637,California
Solano,2021-01-07,1047,11116,696,7252,351,3864,0,0,591,9363,454,866,592,10229,California
Solano,2021-01-08,1115,12231,774,8026,341,4205,0,0,522,9312,575,1441,524,10753,California
Solano,2021-01-09,885,13116,763,8789,122,4327,0,0,428,9286,454,1895,428,11181,California
Solano,2021-01-10,253,13369,193,8982,60,4387,0,0,152,9337,101,1996,152,11333,California
Solano,2021-01-11,1321,14690,1108,10090,213,4600,0,0,807,9630,514,2510,807,12140,California
Solano,2021-01-12,1556,16246,1160,11250,396,4996,0,0,1009,10094,546,3056,1010,13150,California
Solano,2021-01-13,1426,17672,1000,12250,426,5422,0,0,1166,11002,258,3314,1166,14316,California
Solano,2021-01-14,1849,19521,795,13045,1054,6476,0,0,1536,12225,313,3627,1536,15852,California
Solano,2021-01-15,1684,21205,1057,14102,627,7103,0,0,1386,13313,298,3925,1386,17238,California
Solano,2021-01-16,1290,22495,905,15007,385,7488,0,0,1115,14253,175,4100,1115,18353,California
Solano,2021-01-17,1036,23531,755,15762,281,7769,0,0,1019,15255,17,4117,1019,19372,California
Solano,2021-01-18,1405,24936,856,16618,549,8318,0,0,1290,16433,115,4232,1293,20665,California
Solano,2021-01-19,1640,26576,1337,17955,303,8621,0,0,1369,17532,270,4502,1369,22034,California
Solano,2021-01-20,2027,28603,1420,19375,607,9228,0,0,1545,18598,479,4981,1545,23579,California
Solano,2021-01-21,3101,31704,998,20373,2103,11331,0,0,2758,21014,343,5324,2759,26338,California
Solano,2021-01-22,1749,33453,842,21215,907,12238,0,0,1559,22383,190,5514,1559,27897,California
Solano,2021-01-23,729,34182,236,21451,493,12731,0,0,527,22708,203,5717,528,28425,California
Solano,2021-01-24,375,34557,60,21511,315,13046,0,0,310,22953,65,5782,310,28735,California
Solano,2021-01-25,1614,36171,620,22131,994,14040,0,0,1068,23476,546,6328,1069,29804,California
Solano,2021-01-26,1673,37844,737,22868,936,14976,0,0,1045,23895,627,6955,1046,30850,California
Solano,2021-01-27,1761,39605,727,23595,1034,16010,0,0,1174,24495,574,7529,1174,32024,California
Solano,2021-01-28,1841,41446,715,24310,1126,17136,0,0,1238,25132,602,8131,1239,33263,California
Solano,2021-01-29,1646,43092,781,25091,865,18001,0,0,1294,26076,350,8481,1294,34557,California
Solano,2021-01-30,712,43804,222,25313,490,18491,0,0,551,26466,161,8642,551,35108,California
Solano,2021-01-31,485,44289,393,25706,92,18583,0,0,230,26442,255,8897,231,35339,California
Solano,2021-02-01,1470,45759,971,26677,499,19082,0,0,739,26451,730,9627,739,36078,California
Solano,2021-02-02,3253,49012,1063,27740,2190,21272,0,0,2462,28126,787,10414,2462,38540,California
Solano,2021-02-03,2222,51234,1300,29040,922,22194,0,0,1149,28206,1069,11483,1149,39689,California
Solano,2021-02-04,1754,52988,904,29944,850,23044,0,0,1043,28544,705,12188,1043,40732,California
Solano,2021-02-05,3045,56033,1407,31351,1638,24682,0,0,2055,29618,981,13169,2055,42787,California
Solano,2021-02-06,3019,59052,1169,32520,1850,26532,0,0,2207,31017,809,13978,2208,44995,California
Solano,2021-02-07,845,59897,784,33304,61,26593,0,0,231,30634,614,14592,231,45226,California
Solano,2021-02-08,1705,61602,1232,34536,473,27066,0,0,676,30283,1027,15619,676,45902,California
Solano,2021-02-09,1890,63492,1467,36003,423,27489,0,0,672,29738,1217,16836,672,46574,California
Solano,2021-02-10,2246,65738,1497,37500,749,28238,0,0,826,29144,1420,18256,826,47400,California
Solano,2021-02-11,2389,68127,1439,38939,950,29188,0,0,1121,29007,1258,19514,1121,48521,California
Solano,2021-02-12,4041,72168,1550,40489,2491,31679,0,0,2733,30439,1301,20815,2733,51254,California
Solano,2021-02-13,2813,74981,240,40729,2573,34252,0,0,2432,32493,378,21193,2432,53686,California
Solano,2021-02-14,687,75668,201,40930,486,34738,0,0,411,32630,274,21467,411,54097,California
Solano,2021-02-15,1286,76954,321,41251,965,35703,0,0,666,32678,618,22085,666,54763,California
Solano,2021-02-16,2382,79336,1222,42473,1160,36863,0,0,1621,33539,760,22845,1621,56384,California
Solano,2021-02-17,2688,82024,1216,43689,1472,38335,0,0,1900,34655,785,23630,1901,58285,California
Solano,2021-02-18,2562,84586,695,44384,1867,40202,0,0,804,33709,1751,25381,805,59090,California
Solano,2021-02-19,2198,86784,1258,45642,940,41142,0,0,1120,33757,1074,26455,1122,60212,California
Solano,2021-02-20,2538,89322,378,46020,2160,43302,0,0,2073,35364,466,26921,2073,62285,California
Solano,2021-02-21,2132,91454,1853,47873,279,43581,0,0,1853,36941,276,27197,1853,64138,California
Solano,2021-02-22,1567,93021,903,48776,664,44245,0,0,812,37001,753,27950,813,64951,California
Solano,2021-02-23,2476,95497,967,49743,1509,45754,0,0,1632,37792,841,28791,1632,66583,California
Solano,2021-02-24,2326,97823,1130,50873,1196,46950,0,0,1299,38066,1025,29816,1299,67882,California
Solano,2021-02-25,2279,100102,1344,52217,935,47885,0,0,1256,38305,1017,30833,1256,69138,California
Solano,2021-02-26,2621,102723,1518,53735,1103,48988,0,0,1374,38436,1243,32076,1374,70512,California
Solano,2021-02-27,3636,106359,1371,55106,2265,51253,0,0,2947,40700,683,32759,2947,73459,California
Solano,2021-02-28,1353,107712,1039,56145,314,51567,0,0,1084,41518,266,33025,1084,74543,California
Solano,2021-03-01,2196,109908,1057,57202,1139,52706,0,0,1590,42508,601,33626,1591,76134,California
Solano,2021-03-02,1917,111825,1223,58425,694,53400,0,0,1200,42991,717,34343,1200,77334,California
Solano,2021-03-03,2041,113866,1154,59579,887,54287,0,0,1247,43451,787,35130,1247,78581,California
Solano,2021-03-04,4194,118060,3277,62856,915,55202,2,2,3113,45493,1076,36206,3118,81699,California
Solano,2021-03-05,4674,122734,1600,64456,3071,58273,3,5,3775,48374,897,37103,3778,85477,California
Solano,2021-03-06,3738,126472,822,65278,2877,61150,39,44,2574,49831,1156,38259,2613,88090,California
Solano,2021-03-07,3469,129941,735,66013,2724,63874,10,54,1926,50234,1534,39793,1937,90027,California
Solano,2021-03-08,1583,131524,813,66826,499,64373,271,325,1087,51097,494,40287,1357,91384,California
Solano,2021-03-09,2881,134405,1329,68155,1500,65873,52,377,2066,52397,815,41102,2115,93499,California
Solano,2021-03-10,2183,136588,1551,69706,548,66421,84,461,1092,52484,1088,42190,1175,94674,California
Solano,2021-03-11,5488,142076,1395,71101,3840,70261,253,714,4504,56259,982,43172,4757,99431,California
Solano,2021-03-12,5613,147689,1352,72453,4113,74374,148,862,2972,56741,2637,45809,3119,102550,California
Solano,2021-03-13,4474,152163,783,73236,3615,77989,76,938,2208,56770,2259,48068,2288,104838,California
Solano,2021-03-14,3851,156014,3069,76305,332,78321,450,1388,1634,56638,2213,50281,2081,106919,California
Solano,2021-03-15,3753,159767,2235,78540,1202,79523,316,1704,2405,58018,1341,51622,2721,109640,California
Solano,2021-03-16,2843,162610,1134,79674,1474,80997,235,1939,1430,58274,1408,53030,1664,111304,California
Solano,2021-03-17,5911,168521,1474,81148,4347,85344,90,2029,4581,61618,1327,54357,4671,115975,California
Solano,2021-03-18,4996,173517,1673,82821,3286,88630,37,2066,3693,64053,1295,55652,3730,119705,California
Solano,2021-03-19,2446,175963,1635,84456,738,89368,73,2139,1303,64291,1139,56791,1377,121082,California
Solano,2021-03-20,5447,181410,1668,86124,3726,93094,53,2192,2795,64497,2642,59433,2848,123930,California
Solano,2021-03-21,1660,183070,1567,87691,70,93164,23,2215,851,64561,808,60241,872,124802,California
Solano,2021-03-22,2216,185286,1605,89296,562,93726,49,2264,1280,64959,931,61172,1329,126131,California
Solano,2021-03-23,2978,188264,1493,90789,1445,95171,40,2304,1341,64707,1633,62805,1381,127512,California
Solano,2021-03-24,2645,190909,1633,92422,978,96149,34,2338,1277,64656,1362,64167,1311,128823,California
Solano,2021-03-25,4466,195375,3664,96086,767,96916,35,2373,2008,64247,2453,66620,2044,130867,California
Solano,2021-03-26,2757,198132,1660,97746,1061,97977,36,2409,1493,64519,1257,67877,1529,132396,California
Solano,2021-03-27,4149,202281,1151,98897,2964,100941,34,2443,1792,63994,2351,70228,1826,134222,California
Solano,2021-03-28,1344,203625,1101,99998,225,101166,18,2461,552,63776,789,71017,571,134793,California
Solano,2021-03-29,2742,206367,1487,101485,1239,102405,16,2477,1543,64141,1194,72211,1559,136352,California
Solano,2021-03-30,2769,209136,1824,103309,860,103265,85,2562,1739,64937,1028,73239,1824,138176,California
Solano,2021-03-31,2814,211950,1912,105221,760,104025,142,2704,1649,65564,1162,74401,1789,139965,California
Solano,2021-04-01,4877,216827,1665,106886,3070,107095,142,2846,3248,67336,1618,76019,3390,143355,California
Solano,2021-04-02,4276,221103,1654,108540,2463,109558,159,3005,1864,66958,2401,78420,2023,145378,California
Solano,2021-04-03,1489,222592,951,109491,398,109956,140,3145,580,66771,907,79327,720,146098,California
Solano,2021-04-04,770,223362,284,109775,186,110142,300,3445,251,66806,516,79843,551,146649,California
Solano,2021-04-05,2774,226136,1878,111653,707,110849,189,3634,1401,67023,1372,81215,1589,148238,California
Solano,2021-04-06,4322,230458,1373,113026,2513,113362,436,4070,1348,65838,2968,84183,1783,150021,California
Solano,2021-04-07,2220,232678,1610,114636,383,113745,227,4297,1230,66309,986,85169,1457,151478,California
Sonoma,2020-12-15,4,4,4,4,0,0,0,0,4,4,0,0,4,4,California
Sonoma,2020-12-16,27,31,27,31,0,0,0,0,27,31,0,0,27,31,California
Sonoma,2020-12-17,102,133,102,133,0,0,0,0,102,133,0,0,102,133,California
Sonoma,2020-12-18,421,554,421,554,0,0,0,0,421,554,0,0,421,554,California
Sonoma,2020-12-19,111,665,110,664,1,1,0,0,111,665,0,0,111,665,California
Sonoma,2020-12-20,174,839,174,838,0,1,0,0,174,839,0,0,174,839,California
Sonoma,2020-12-21,911,1750,909,1747,2,3,0,0,910,1749,0,0,910,1749,California
Sonoma,2020-12-22,1357,3107,1265,3012,92,95,0,0,1357,3106,0,0,1357,3106,California
Sonoma,2020-12-23,1599,4706,1225,4237,374,469,0,0,1600,4706,0,0,1600,4706,California
Sonoma,2020-12-24,305,5011,101,4338,204,673,0,0,305,5011,0,0,305,5011,California
Sonoma,2020-12-25,8,5019,2,4340,6,679,0,0,8,5019,0,0,8,5019,California
Sonoma,2020-12-26,266,5285,255,4595,11,690,0,0,266,5285,0,0,266,5285,California
Sonoma,2020-12-27,93,5378,80,4675,13,703,0,0,93,5378,0,0,93,5378,California
Sonoma,2020-12-28,990,6368,554,5229,436,1139,0,0,962,6340,0,0,962,6340,California
Sonoma,2020-12-29,1129,7497,776,6005,353,1492,0,0,1095,7435,0,0,1095,7435,California
Sonoma,2020-12-30,1091,8588,478,6483,613,2105,0,0,1083,8518,0,0,1083,8518,California
Sonoma,2020-12-31,517,9105,71,6554,446,2551,0,0,518,9036,0,0,518,9036,California
Sonoma,2021-01-01,10,9115,5,6559,5,2556,0,0,10,9046,0,0,10,9046,California
Sonoma,2021-01-02,132,9247,126,6685,6,2562,0,0,132,9178,0,0,132,9178,California
Sonoma,2021-01-03,25,9272,11,6696,14,2576,0,0,25,9203,0,0,25,9203,California
Sonoma,2021-01-04,340,9612,104,6800,236,2812,0,0,339,9542,0,0,339,9542,California
Sonoma,2021-01-05,439,10051,102,6902,337,3149,0,0,415,9942,15,15,415,9957,California
Sonoma,2021-01-06,946,10997,431,7333,515,3664,0,0,834,10671,105,120,834,10791,California
Sonoma,2021-01-07,1018,12015,526,7859,492,4156,0,0,848,11350,169,289,848,11639,California
Sonoma,2021-01-08,1782,13797,1227,9086,555,4711,0,0,1312,12194,468,757,1312,12951,California
Sonoma,2021-01-09,637,14434,401,9487,236,4947,0,0,589,12735,48,805,589,13540,California
Sonoma,2021-01-10,473,14907,462,9949,11,4958,0,0,280,12822,193,998,280,13820,California
Sonoma,2021-01-11,1380,16287,1234,11183,146,5104,0,0,412,12270,964,1962,412,14232,California
Sonoma,2021-01-12,1546,17833,1293,12476,253,5357,0,0,395,11516,1149,3111,395,14627,California
Sonoma,2021-01-13,2063,19896,1421,13897,642,5999,0,0,1202,11860,858,3969,1202,15829,California
Sonoma,2021-01-14,1526,21422,805,14702,721,6720,0,0,1297,12928,229,4198,1297,17126,California
Sonoma,2021-01-15,1562,22984,634,15336,928,7648,0,0,1342,14060,211,4409,1343,18469,California
Sonoma,2021-01-16,1141,24125,612,15948,529,8177,0,0,896,14715,241,4650,896,19365,California
Sonoma,2021-01-17,666,24791,547,16495,119,8296,0,0,585,15219,81,4731,585,19950,California
Sonoma,2021-01-18,1105,25896,932,17427,173,8469,0,0,614,15343,491,5222,615,20565,California
Sonoma,2021-01-19,2094,27990,1006,18433,1088,9557,0,0,1384,16020,708,5930,1385,21950,California
Sonoma,2021-01-20,2072,30062,623,19056,1449,11006,0,0,1414,16786,649,6579,1415,23365,California
Sonoma,2021-01-21,2217,32279,616,19672,1601,12607,0,0,1998,18568,217,6796,1999,25364,California
Sonoma,2021-01-22,2724,35003,1032,20704,1692,14299,0,0,2576,20997,147,6943,2576,27940,California
Sonoma,2021-01-23,764,35767,593,21297,171,14470,0,0,657,21548,106,7049,657,28597,California
Sonoma,2021-01-24,766,36533,632,21929,134,14604,0,0,751,22284,15,7064,751,29348,California
Sonoma,2021-01-25,2163,38696,517,22446,1646,16250,0,0,1677,23475,486,7550,1677,31025,California
Sonoma,2021-01-26,1996,40692,295,22741,1701,17951,0,0,1541,24562,454,8004,1541,32566,California
Sonoma,2021-01-27,3672,44364,1261,24002,2411,20362,0,0,3101,27097,569,8573,3104,35670,California
Sonoma,2021-01-28,4082,48446,1814,25816,2268,22630,0,0,3424,29867,655,9228,3425,39095,California
Sonoma,2021-01-29,2955,51401,1403,27219,1552,24182,0,0,2127,31169,826,10054,2128,41223,California
Sonoma,2021-01-30,2565,53966,2379,29598,186,24368,0,0,2231,33067,334,10388,2232,43455,California
Sonoma,2021-01-31,775,54741,663,30261,112,24480,0,0,578,33449,196,10584,578,44033,California
Sonoma,2021-02-01,2484,57225,866,31127,1618,26098,0,0,2087,35141,395,10979,2087,46120,California
Sonoma,2021-02-02,3439,60664,1361,32488,2078,28176,0,0,2873,37450,564,11543,2873,48993,California
Sonoma,2021-02-03,4019,64683,1316,33804,2703,30879,0,0,3096,39625,921,12464,3096,52089,California
Sonoma,2021-02-04,4171,68854,1691,35495,2480,33359,0,0,3405,42266,764,13228,3405,55494,California
Sonoma,2021-02-05,4791,73645,1732,37227,3059,36418,0,0,3780,45040,1007,14235,3781,59275,California
Sonoma,2021-02-06,2644,76289,2286,39513,358,36776,0,0,2087,46572,556,14791,2088,61363,California
Sonoma,2021-02-07,1521,77810,1387,40900,134,36910,0,0,1275,47601,246,15037,1275,62638,California
Sonoma,2021-02-08,3242,81052,1025,41925,2217,39127,0,0,2667,49694,574,15611,2667,65305,California
Sonoma,2021-02-09,3544,84596,1694,43619,1850,40977,0,0,3067,52286,475,16086,3067,68372,California
Sonoma,2021-02-10,4397,88993,2357,45976,2040,43017,0,0,3365,54626,1026,17112,3366,71738,California
Sonoma,2021-02-11,5322,94315,2782,48758,2540,45557,0,0,4154,57614,1166,18278,4154,75892,California
Sonoma,2021-02-12,5626,99941,2970,51728,2656,48213,0,0,4214,60421,1409,19687,4216,80108,California
Sonoma,2021-02-13,1978,101919,1151,52879,827,49040,0,0,1203,60853,772,20459,1204,81312,California
Sonoma,2021-02-14,2274,104193,1778,54657,496,49536,0,0,1630,61840,643,21102,1630,82942,California
Sonoma,2021-02-15,2125,106318,785,55442,1340,50876,0,0,1607,62930,517,21619,1607,84549,California
Sonoma,2021-02-16,4607,110925,2045,57487,2562,53438,0,0,3359,65045,1244,22863,3359,87908,California
Sonoma,2021-02-17,5292,116217,2860,60347,2432,55870,0,0,3337,66437,1946,24809,3338,91246,California
Sonoma,2021-02-18,6732,122949,2963,63310,3769,59639,0,0,3863,67438,2862,27671,3863,95109,California
Sonoma,2021-02-19,5343,128292,1646,64956,3697,63336,0,0,3260,68620,2078,29749,3260,98369,California
Sonoma,2021-02-20,3094,131386,2818,67774,276,63612,0,0,1218,67968,1870,31619,1218,99587,California
Sonoma,2021-02-21,443,131829,339,68113,104,63716,0,0,122,67772,318,31937,122,99709,California
Sonoma,2021-02-22,2698,134527,1344,69457,1354,65070,0,0,1039,67157,1654,33591,1039,100748,California
Sonoma,2021-02-23,3068,137595,2043,71500,1025,66095,0,0,1353,66798,1712,35303,1353,102101,California
Sonoma,2021-02-24,5439,143034,2525,74025,2914,69009,0,0,2732,66829,2703,38006,2734,104835,California
Sonoma,2021-02-25,5625,148659,2213,76238,3412,72421,0,0,2963,67151,2641,40647,2963,107798,California
Sonoma,2021-02-26,5986,154645,2727,78965,3259,75680,0,0,3723,68616,2258,42905,3723,111521,California
Sonoma,2021-02-27,3994,158639,1902,80867,2092,77772,0,0,2666,69956,1326,44231,2666,114187,California
Sonoma,2021-02-28,2320,160959,1838,82705,482,78254,0,0,611,68863,1704,45935,611,114798,California
Sonoma,2021-03-01,3652,164611,1122,83827,2530,80784,0,0,1809,68838,1835,47770,1810,116608,California
Sonoma,2021-03-02,4198,168809,1453,85280,2745,83529,0,0,2475,69598,1715,49485,2475,119083,California
Sonoma,2021-03-03,4679,173488,2483,87763,2196,85725,0,0,2107,69140,2565,52050,2107,121190,California
Sonoma,2021-03-04,5662,179150,2428,90191,3234,88959,0,0,2556,68603,3093,55143,2556,123746,California
Sonoma,2021-03-05,6131,185281,2538,92729,3578,92537,15,15,2700,67900,3419,58562,2716,126462,California
Sonoma,2021-03-06,2741,188022,1203,93932,1410,93947,128,143,1890,69071,846,59408,2017,128479,California
Sonoma,2021-03-07,1670,189692,1387,95319,250,94197,33,176,358,68152,1310,60718,391,128870,California
Sonoma,2021-03-08,3874,193566,651,95970,3049,97246,174,350,2216,68893,1648,62366,2389,131259,California
Sonoma,2021-03-09,5388,198954,2992,98962,2156,99402,240,590,2655,69061,2727,65093,2895,134154,California
Sonoma,2021-03-10,5918,204872,3160,102122,2434,101836,324,914,2394,68269,3510,68603,2718,136872,California
Sonoma,2021-03-11,7427,212299,2958,105080,3671,105507,798,1712,2623,66894,4796,73399,3421,140293,California
Sonoma,2021-03-12,7213,219512,2223,107303,3673,109180,1317,3029,2066,65144,5130,78529,3380,143673,California
Sonoma,2021-03-13,3064,222576,1519,108822,1318,110498,227,3256,1769,65845,1294,79823,1995,145668,California
Sonoma,2021-03-14,1166,223742,291,109113,737,111235,138,3394,751,66321,412,80235,888,146556,California
Sonoma,2021-03-15,5181,228923,1466,110579,3330,114565,385,3779,2187,65906,2986,83221,2571,149127,California
Sonoma,2021-03-16,6242,235165,2217,112796,3794,118359,231,4010,3157,66213,3081,86302,3388,152515,California
Sonoma,2021-03-17,6718,241883,3508,116304,3031,121390,179,4189,3536,66756,3173,89475,3716,156231,California
Sonoma,2021-03-18,7055,248938,2913,119217,3532,124922,610,4799,3152,66619,3897,93372,3760,159991,California
Sonoma,2021-03-19,7428,256366,3199,122416,3998,128920,231,5030,3302,66048,4108,97480,3537,163528,California
Sonoma,2021-03-20,3615,259981,1735,124151,1050,129970,830,5860,1960,67190,1648,99128,2790,166318,California
Sonoma,2021-03-21,1372,261353,603,124754,736,130706,33,5893,1207,68268,162,99290,1240,167558,California
Sonoma,2021-03-22,4471,265824,3075,127829,1296,132002,100,5993,3530,70961,938,100228,3631,171189,California
Sonoma,2021-03-23,5746,271570,3565,131394,2106,134108,75,6068,4637,74572,1102,101330,4713,175902,California
Sonoma,2021-03-24,6571,278141,4257,135651,2249,136357,65,6133,4162,76407,2391,103721,4226,180128,California
Sonoma,2021-03-25,6855,284996,4117,139768,2636,138993,102,6235,4270,78216,2563,106284,4372,184500,California
Sonoma,2021-03-26,7202,292198,3413,143181,3702,142695,87,6322,3983,79080,3206,109490,4070,188570,California
Sonoma,2021-03-27,3768,295966,1491,144672,1915,144610,362,6684,1124,77926,2639,112129,1485,190055,California
Sonoma,2021-03-28,1497,297463,943,145615,527,145137,27,6711,944,78345,552,112681,971,191026,California
Sonoma,2021-03-29,2819,300282,1083,146698,1703,146840,33,6744,1614,78793,1199,113880,1647,192673,California
Sonoma,2021-03-30,5625,305907,3110,149808,2454,149294,61,6805,3044,79323,2576,116456,3106,195779,California
Sonoma,2021-03-31,5457,311364,3324,153132,1922,151216,211,7016,3346,80778,2102,118558,3557,199336,California
Sonoma,2021-04-01,6633,317997,3953,157085,2352,153568,328,7344,3584,81649,3037,121595,3908,203244,California
Sonoma,2021-04-02,5869,323866,3529,160614,2232,155800,108,7452,3583,83059,2282,123877,3692,206936,California
Sonoma,2021-04-03,3348,327214,1638,162252,1493,157293,217,7669,1490,82918,1848,125725,1707,208643,California
Sonoma,2021-04-04,1050,328264,681,162933,279,157572,90,7759,714,83387,335,126060,804,209447,California
Sonoma,2021-04-05,4321,332585,573,163506,3428,161000,320,8079,1807,83005,2509,128569,2127,211574,California
Sonoma,2021-04-06,6548,339133,3405,166911,2878,163878,265,8344,3905,84543,2631,131200,4169,215743,California
Sonoma,2021-04-07,4218,343351,2358,169269,1640,165518,220,8564,2138,84824,2075,133275,2356,218099,California
Stanislaus,2020-12-15,2,2,2,2,0,0,0,0,2,2,0,0,2,2,California
Stanislaus,2020-12-16,37,39,37,39,0,0,0,0,37,39,0,0,37,39,California
Stanislaus,2020-12-17,73,112,73,112,0,0,0,0,73,112,0,0,73,112,California
Stanislaus,2020-12-18,429,541,422,534,7,7,0,0,429,541,0,0,429,541,California
Stanislaus,2020-12-19,192,733,192,726,0,7,0,0,192,733,0,0,192,733,California
Stanislaus,2020-12-20,126,859,126,852,0,7,0,0,126,859,0,0,126,859,California
Stanislaus,2020-12-21,1124,1983,1121,1973,3,10,0,0,1123,1982,0,0,1123,1982,California
Stanislaus,2020-12-22,850,2833,838,2811,12,22,0,0,850,2832,0,0,850,2832,California
Stanislaus,2020-12-23,460,3293,443,3254,17,39,0,0,459,3291,0,0,459,3291,California
Stanislaus,2020-12-24,97,3390,88,3342,9,48,0,0,97,3388,0,0,97,3388,California
Stanislaus,2020-12-26,50,3440,8,3350,42,90,0,0,50,3438,0,0,50,3438,California
Stanislaus,2020-12-27,10,3450,5,3355,5,95,0,0,10,3448,0,0,10,3448,California
Stanislaus,2020-12-28,501,3951,404,3759,97,192,0,0,501,3949,0,0,501,3949,California
Stanislaus,2020-12-29,505,4456,429,4188,76,268,0,0,505,4454,0,0,505,4454,California
Stanislaus,2020-12-30,539,4995,283,4471,256,524,0,0,539,4992,1,1,539,4993,California
Stanislaus,2020-12-31,314,5309,171,4642,143,667,0,0,316,5308,0,1,316,5309,California
Stanislaus,2021-01-01,8,5317,1,4643,7,674,0,0,8,5316,0,1,8,5317,California
Stanislaus,2021-01-02,31,5348,24,4667,7,681,0,0,31,5347,0,1,31,5348,California
Stanislaus,2021-01-03,88,5436,85,4752,3,684,0,0,88,5435,0,1,88,5436,California
Stanislaus,2021-01-04,116,5552,32,4784,84,768,0,0,119,5554,0,1,119,5555,California
Stanislaus,2021-01-05,853,6405,336,5120,517,1285,0,0,824,6361,21,22,828,6383,California
Stanislaus,2021-01-06,977,7382,546,5666,431,1716,0,0,902,7200,64,86,903,7286,California
Stanislaus,2021-01-07,1092,8474,701,6367,391,2107,0,0,966,8054,113,199,967,8253,California
Stanislaus,2021-01-08,1321,9795,756,7123,565,2672,0,0,948,8638,368,567,952,9205,California
Stanislaus,2021-01-09,284,10079,141,7264,143,2815,0,0,194,8742,90,657,194,9399,California
Stanislaus,2021-01-10,49,10128,22,7286,27,2842,0,0,29,8751,20,677,29,9428,California
Stanislaus,2021-01-11,1548,11676,1261,8547,287,3129,0,0,605,8430,939,1616,618,10046,California
Stanislaus,2021-01-12,1492,13168,890,9437,602,3731,0,0,835,8615,653,2269,838,10884,California
Stanislaus,2021-01-13,1445,14613,677,10114,768,4499,0,0,1120,9417,324,2593,1126,12010,California
Stanislaus,2021-01-14,2217,16830,280,10394,1937,6436,0,0,2066,11388,149,2742,2120,14130,California
Stanislaus,2021-01-15,2887,19717,1147,11541,1740,8176,0,0,2731,14053,134,2876,2799,16929,California
Stanislaus,2021-01-16,566,20283,49,11590,517,8693,0,0,551,14592,14,2890,553,17482,California
Stanislaus,2021-01-17,242,20525,200,11790,42,8735,0,0,237,14824,5,2895,237,17719,California
Stanislaus,2021-01-18,2176,22701,1019,12809,1157,9892,0,0,1808,16327,365,3260,1868,19587,California
Stanislaus,2021-01-19,1270,23971,737,13546,533,10425,0,0,810,16681,457,3717,811,20398,California
Stanislaus,2021-01-20,995,24966,479,14025,516,10941,0,0,703,17093,291,4008,703,21101,California
Stanislaus,2021-01-21,3679,28645,2960,16985,719,11660,0,0,3361,20225,316,4324,3448,24549,California
Stanislaus,2021-01-22,1099,29744,307,17292,792,12452,0,0,1053,21240,42,4366,1057,25606,California
Stanislaus,2021-01-23,349,30093,38,17330,311,12763,0,0,295,21485,54,4420,299,25905,California
Stanislaus,2021-01-24,288,30381,99,17429,189,12952,0,0,222,21643,66,4486,224,26129,California
Stanislaus,2021-01-25,3148,33529,218,17647,2930,15882,0,0,2847,24315,302,4788,2974,29103,California
Stanislaus,2021-01-26,1735,35264,739,18386,996,16878,0,0,1318,25235,412,5200,1332,30435,California
Stanislaus,2021-01-27,1832,37096,971,19357,861,17739,0,0,1176,25763,649,5849,1177,31612,California
Stanislaus,2021-01-28,2253,39349,1498,20855,755,18494,0,0,1764,27099,477,6326,1813,33425,California
Stanislaus,2021-01-29,2490,41839,1202,22057,1288,19782,0,0,1961,28619,482,6808,2002,35427,California
Stanislaus,2021-01-30,301,42140,120,22177,181,19963,0,0,250,28816,53,6861,250,35677,California
Stanislaus,2021-01-31,364,42504,311,22488,53,20016,0,0,363,29169,10,6871,363,36040,California
Stanislaus,2021-02-01,1273,43777,541,23029,732,20748,0,0,933,29775,327,7198,933,36973,California
Stanislaus,2021-02-02,1263,45040,373,23402,890,21638,0,0,805,30135,449,7647,809,37782,California
Stanislaus,2021-02-03,2520,47560,1076,24478,1444,23082,0,0,1841,31308,673,8320,1846,39628,California
Stanislaus,2021-02-04,2112,49672,721,25199,1391,24473,0,0,1597,32404,505,8825,1601,41229,California
Stanislaus,2021-02-05,2857,52529,1456,26655,1401,25874,0,0,1615,32829,1193,10018,1618,42847,California
Stanislaus,2021-02-06,1013,53542,291,26946,722,26596,0,0,823,33465,188,10206,824,43671,California
Stanislaus,2021-02-07,211,53753,187,27133,24,26620,0,0,41,33338,169,10375,42,43713,California
Stanislaus,2021-02-08,2031,55784,1312,28445,719,27339,0,0,1127,33591,876,11251,1129,44842,California
Stanislaus,2021-02-09,1872,57656,790,29235,1082,28421,0,0,1101,33925,770,12021,1104,45946,California
Stanislaus,2021-02-10,1987,59643,566,29801,1421,29842,0,0,1075,34108,894,12915,1077,47023,California
Stanislaus,2021-02-11,5557,65200,3419,33220,2138,31980,0,0,1426,31570,3968,16883,1430,48453,California
Stanislaus,2021-02-12,3540,68740,1103,34323,2437,34417,0,0,1673,31426,1818,18701,1674,50127,California
Stanislaus,2021-02-13,1544,70284,756,35079,788,35205,0,0,1094,32078,447,19148,1099,51226,California
Stanislaus,2021-02-14,422,70706,171,35250,251,35456,0,0,357,32371,64,19212,357,51583,California
Stanislaus,2021-02-15,1839,72545,254,35504,1585,37041,0,0,630,31894,1112,20324,635,52218,California
Stanislaus,2021-02-16,1390,73935,417,35921,973,38014,0,0,616,31745,769,21093,620,52838,California
Stanislaus,2021-02-17,2754,76689,1667,37588,1087,39101,0,0,1981,32958,775,21868,1988,54826,California
Stanislaus,2021-02-18,3402,80091,1887,39475,1515,40616,0,0,1848,33333,1482,23350,1857,56683,California
Stanislaus,2021-02-19,2787,82878,1046,40521,1741,42357,0,0,1571,33722,1190,24540,1579,58262,California
Stanislaus,2021-02-20,758,83636,369,40890,389,42746,0,0,498,33970,251,24791,499,58761,California
Stanislaus,2021-02-21,809,84445,599,41489,210,42956,0,0,472,34126,324,25115,480,59241,California
Stanislaus,2021-02-22,2378,86823,1677,43166,701,43657,0,0,1670,35115,683,25798,1672,60913,California
Stanislaus,2021-02-23,3705,90528,682,43848,3023,46680,0,0,1758,35059,1816,27614,1760,62673,California
Stanislaus,2021-02-24,4210,94738,2852,46700,1358,48038,0,0,3207,37281,988,28602,3210,65883,California
Stanislaus,2021-02-25,3951,98689,2657,49357,1294,49332,0,0,3144,39637,791,29393,3147,69030,California
Stanislaus,2021-02-26,4259,102948,1216,50573,3043,52375,0,0,2890,41205,1331,30724,2899,71929,California
Stanislaus,2021-02-27,2210,105158,691,51264,1518,53893,1,1,1952,42926,232,30956,1953,73882,California
Stanislaus,2021-02-28,819,105977,266,51530,553,54446,0,1,768,43648,47,31003,769,74651,California
Stanislaus,2021-03-01,2792,108769,1600,53130,1192,55638,0,1,1655,44189,1118,32121,1659,76310,California
Stanislaus,2021-03-02,2416,111185,1428,54558,988,56626,0,1,1673,45127,735,32856,1673,77983,California
Stanislaus,2021-03-03,3721,114906,2235,56793,1483,58109,3,4,2868,47155,840,33696,2868,80851,California
Stanislaus,2021-03-04,5607,120513,3244,60037,2345,60454,18,22,4261,50101,1327,35023,4273,85124,California
Stanislaus,2021-03-05,4282,124795,1306,61343,2960,63414,16,38,3152,52155,1113,36136,3167,88291,California
Stanislaus,2021-03-06,3771,128566,2273,63616,1406,64820,92,130,2749,53975,1022,37158,2842,91133,California
Stanislaus,2021-03-07,845,129411,386,64002,422,65242,37,167,655,54482,184,37342,691,91824,California
Stanislaus,2021-03-08,2061,131472,929,64931,1044,66286,88,255,1327,55172,725,38067,1415,93239,California
Stanislaus,2021-03-09,2265,133737,951,65882,1222,67508,92,347,1707,56423,550,38617,1801,95040,California
Stanislaus,2021-03-10,5100,138837,2511,68393,2368,69876,221,568,3772,59118,1311,39928,4006,99046,California
Stanislaus,2021-03-11,5811,144648,3158,71551,2174,72050,479,1047,4219,62386,1432,41360,4700,103746,California
Stanislaus,2021-03-12,5665,150313,1197,72748,2555,74605,1913,2960,2830,64304,2823,44183,4741,108487,California
Stanislaus,2021-03-13,3347,153660,2132,74880,1148,75753,67,3027,2679,66393,662,44845,2751,111238,California
Stanislaus,2021-03-14,826,154486,519,75399,256,76009,51,3078,421,66463,403,45248,473,111711,California
Stanislaus,2021-03-15,3750,158236,1977,77376,1397,77406,376,3454,1650,66491,2006,47254,2034,113745,California
Stanislaus,2021-03-16,4967,163203,2432,79808,2093,79499,442,3896,3547,69076,1403,48657,3988,117733,California
Stanislaus,2021-03-17,4960,168163,3017,82825,1762,81261,181,4077,3106,70532,1837,50494,3293,121026,California
Stanislaus,2021-03-18,5746,173909,3552,86377,2123,83384,71,4148,3274,71550,2332,52826,3350,124376,California
Stanislaus,2021-03-19,6368,180277,1742,88119,3093,86477,1533,5681,3483,73706,2859,55685,5015,129391,California
Stanislaus,2021-03-20,3968,184245,2929,91048,970,87447,69,5750,3510,76835,450,56135,3579,132970,California
Stanislaus,2021-03-21,994,185239,887,91935,42,87489,65,5815,754,77418,234,56369,817,133787,California
Stanislaus,2021-03-22,2845,188084,1330,93265,788,88277,727,6542,1253,77818,1580,57949,1980,135767,California
Stanislaus,2021-03-23,3942,192026,2001,95266,1680,89957,261,6803,2809,79784,1117,59066,3083,138850,California
Stanislaus,2021-03-24,4544,196570,3199,98465,1277,91234,68,6871,2671,80692,1832,60898,2740,141590,California
Stanislaus,2021-03-25,4439,201009,3040,101505,1382,92616,17,6888,1981,80308,2383,63281,1999,143589,California
Stanislaus,2021-03-26,4799,205808,1388,102893,3336,95952,75,6963,2431,80489,2337,65618,2518,146107,California
Stanislaus,2021-03-27,4390,210198,2700,105593,1667,97619,23,6986,1349,78850,3024,68642,1385,147492,California
Stanislaus,2021-03-28,1181,211379,444,106037,551,98170,186,7172,349,78572,827,69469,549,148041,California
Stanislaus,2021-03-29,3024,214403,1810,107847,1176,99346,38,7210,2025,79652,990,70459,2070,150111,California
Stanislaus,2021-03-30,3670,218073,2066,109913,1576,100922,28,7238,2241,80509,1422,71881,2279,152390,California
Stanislaus,2021-03-31,5436,223509,3814,113727,1487,102409,135,7373,2762,80761,2660,74541,2912,155302,California
Stanislaus,2021-04-01,5733,229242,3807,117534,1841,104250,85,7458,2652,80453,3072,77613,2764,158066,California
Stanislaus,2021-04-02,4883,234125,1248,118782,3516,107766,119,7577,2214,80215,2586,80199,2348,160414,California
Stanislaus,2021-04-03,4419,238544,3215,121997,1168,108934,36,7613,2186,80239,2225,82424,2249,162663,California
Stanislaus,2021-04-04,1310,239854,481,122478,807,109741,22,7635,703,80370,604,83028,735,163398,California
Stanislaus,2021-04-05,3647,243501,2503,124981,852,110593,292,7927,2364,81751,1281,84309,2662,166060,California
Stanislaus,2021-04-06,5556,249057,4068,129049,1253,111846,235,8162,2965,82392,2580,86889,3221,169281,California
Stanislaus,2021-04-07,4734,253791,2725,131774,1717,113563,292,8454,2073,82114,2652,89541,2374,171655,California
Sutter,2020-12-15,1,1,1,1,0,0,0,0,1,1,0,0,1,1,California
Sutter,2020-12-16,4,5,4,5,0,0,0,0,4,5,0,0,4,5,California
Sutter,2020-12-17,2,7,2,7,0,0,0,0,2,7,0,0,2,7,California
Sutter,2020-12-18,20,27,20,27,0,0,0,0,20,27,0,0,20,27,California
Sutter,2020-12-19,44,71,44,71,0,0,0,0,44,71,0,0,44,71,California
Sutter,2020-12-20,42,113,42,113,0,0,0,0,42,113,0,0,42,113,California
Sutter,2020-12-21,100,213,100,213,0,0,0,0,100,213,0,0,100,213,California
Sutter,2020-12-22,172,385,172,385,0,0,0,0,172,385,0,0,172,385,California
Sutter,2020-12-23,114,499,110,495,4,4,0,0,114,499,0,0,114,499,California
Sutter,2020-12-24,17,516,11,506,6,10,0,0,17,516,0,0,17,516,California
Sutter,2020-12-26,39,555,35,541,4,14,0,0,39,555,0,0,39,555,California
Sutter,2020-12-27,24,579,23,564,1,15,0,0,24,579,0,0,24,579,California
Sutter,2020-12-28,83,662,55,619,28,43,0,0,83,662,0,0,83,662,California
Sutter,2020-12-29,100,762,14,633,86,129,0,0,100,762,0,0,100,762,California
Sutter,2020-12-30,135,897,33,666,102,231,0,0,135,897,0,0,135,897,California
Sutter,2020-12-31,70,967,6,672,64,295,0,0,70,967,0,0,70,967,California
Sutter,2021-01-01,3,970,3,675,0,295,0,0,3,970,0,0,3,970,California
Sutter,2021-01-02,133,1103,131,806,2,297,0,0,133,1103,0,0,133,1103,California
Sutter,2021-01-03,1,1104,0,806,1,298,0,0,1,1104,0,0,1,1104,California
Sutter,2021-01-04,249,1353,140,946,109,407,0,0,249,1353,0,0,249,1353,California
Sutter,2021-01-05,99,1452,56,1002,43,450,0,0,97,1448,2,2,97,1450,California
Sutter,2021-01-06,205,1657,51,1053,154,604,0,0,200,1643,5,7,200,1650,California
Sutter,2021-01-07,253,1910,151,1204,102,706,0,0,244,1879,8,15,244,1894,California
Sutter,2021-01-08,146,2056,40,1244,106,812,0,0,129,1991,17,32,129,2023,California
Sutter,2021-01-09,44,2100,43,1287,1,813,0,0,3,1953,41,73,3,2026,California
Sutter,2021-01-10,397,2497,37,1324,360,1173,0,0,359,2275,37,110,359,2385,California
Sutter,2021-01-11,132,2629,114,1438,18,1191,0,0,26,2195,106,216,26,2411,California
Sutter,2021-01-12,200,2829,163,1601,37,1228,0,0,57,2109,143,359,57,2468,California
Sutter,2021-01-13,160,2989,98,1699,62,1290,0,0,72,2093,88,447,72,2540,California
Sutter,2021-01-14,144,3133,49,1748,95,1385,0,0,125,2199,19,466,125,2665,California
Sutter,2021-01-15,432,3565,130,1878,302,1687,0,0,417,2601,15,481,417,3082,California
Sutter,2021-01-16,387,3952,42,1920,345,2032,0,0,355,2925,31,512,355,3437,California
Sutter,2021-01-17,25,3977,23,1943,2,2034,0,0,9,2918,16,528,9,3446,California
Sutter,2021-01-18,116,4093,61,2004,55,2089,0,0,69,2940,47,575,69,3515,California
Sutter,2021-01-19,101,4194,41,2045,60,2149,0,0,77,2993,24,599,77,3592,California
Sutter,2021-01-20,255,4449,191,2236,64,2213,0,0,235,3208,20,619,235,3827,California
Sutter,2021-01-21,434,4883,265,2501,169,2382,0,0,415,3604,19,638,415,4242,California
Sutter,2021-01-22,268,5151,82,2583,186,2568,0,0,259,3854,9,647,259,4501,California
Sutter,2021-01-23,396,5547,40,2623,356,2924,0,0,370,4198,26,673,370,4871,California
Sutter,2021-01-24,17,5564,14,2637,3,2927,0,0,15,4211,2,675,15,4886,California
Sutter,2021-01-25,301,5865,195,2832,106,3033,0,0,148,4207,152,827,148,5034,California
Sutter,2021-01-26,243,6108,103,2935,140,3173,0,0,145,4255,97,924,145,5179,California
Sutter,2021-01-27,384,6492,254,3189,130,3303,0,0,319,4509,65,989,319,5498,California
Sutter,2021-01-28,521,7013,299,3488,222,3525,0,0,392,4772,129,1118,392,5890,California
Sutter,2021-01-29,416,7429,144,3632,272,3797,0,0,252,4860,164,1282,252,6142,California
Sutter,2021-01-30,775,8204,38,3670,737,4534,0,0,764,5613,11,1293,764,6906,California
Sutter,2021-01-31,27,8231,27,3697,0,4534,0,0,27,5640,0,1293,27,6933,California
Sutter,2021-02-01,162,8393,47,3744,115,4649,0,0,131,5740,31,1324,131,7064,California
Sutter,2021-02-02,241,8634,26,3770,215,4864,0,0,211,5921,30,1354,211,7275,California
Sutter,2021-02-03,444,9078,38,3808,406,5270,0,0,209,5895,235,1589,209,7484,California
Sutter,2021-02-04,667,9745,365,4173,302,5572,0,0,617,6462,50,1639,617,8101,California
Sutter,2021-02-05,284,10029,31,4204,253,5825,0,0,134,6446,150,1789,134,8235,California
Sutter,2021-02-06,735,10764,27,4231,708,6533,0,0,716,7143,19,1808,716,8951,California
Sutter,2021-02-07,22,10786,19,4250,3,6536,0,0,19,7159,3,1811,19,8970,California
Sutter,2021-02-08,133,10919,28,4278,105,6641,0,0,97,7220,36,1847,97,9067,California
Sutter,2021-02-09,245,11164,45,4323,200,6841,0,0,184,7343,61,1908,184,9251,California
Sutter,2021-02-10,801,11965,380,4703,421,7262,0,0,175,6893,625,2533,175,9426,California
Sutter,2021-02-11,600,12565,272,4975,328,7590,0,0,373,7039,227,2760,373,9799,California
Sutter,2021-02-12,625,13190,67,5042,558,8148,0,0,309,7032,316,3076,309,10108,California
Sutter,2021-02-13,898,14088,49,5091,849,8997,0,0,782,7698,116,3192,782,10890,California
Sutter,2021-02-14,90,14178,24,5115,66,9063,0,0,80,7768,10,3202,80,10970,California
Sutter,2021-02-15,195,14373,69,5184,126,9189,0,0,121,7815,74,3276,121,11091,California
Sutter,2021-02-16,287,14660,44,5228,243,9432,0,0,204,7937,82,3358,204,11295,California
Sutter,2021-02-17,827,15487,432,5660,395,9827,0,0,127,7364,700,4058,127,11422,California
Sutter,2021-02-18,695,16182,50,5710,645,10472,0,0,485,7640,209,4267,485,11907,California
Sutter,2021-02-19,658,16840,375,6085,283,10755,0,0,460,7904,196,4463,460,12367,California
Sutter,2021-02-20,615,17455,52,6137,563,11318,0,0,513,8315,102,4565,513,12880,California
Sutter,2021-02-21,27,17482,24,6161,3,11321,0,0,6,8300,21,4586,6,12886,California
Sutter,2021-02-22,200,17682,116,6277,84,11405,0,0,86,8272,114,4700,86,12972,California
Sutter,2021-02-23,219,17901,32,6309,187,11592,0,0,96,8245,123,4823,96,13068,California
Sutter,2021-02-24,953,18854,348,6657,605,12197,0,0,187,7667,765,5588,187,13255,California
Sutter,2021-02-25,767,19621,486,7143,281,12478,0,0,590,8083,174,5762,590,13845,California
Sutter,2021-02-26,365,19986,59,7202,306,12784,0,0,151,8022,212,5974,151,13996,California
Sutter,2021-02-27,863,20849,42,7244,821,13605,0,0,707,8572,157,6131,707,14703,California
Sutter,2021-02-28,82,20931,37,7281,45,13650,0,0,65,8620,17,6148,65,14768,California
Sutter,2021-03-01,246,21177,61,7342,185,13835,0,0,150,8674,96,6244,150,14918,California
Sutter,2021-03-02,333,21510,56,7398,277,14112,0,0,160,8662,172,6416,160,15078,California
Sutter,2021-03-03,1362,22872,502,7900,860,14972,0,0,625,8556,731,7147,625,15703,California
Sutter,2021-03-04,1242,24114,854,8754,388,15360,0,0,950,9218,288,7435,950,16653,California
Sutter,2021-03-05,327,24441,71,8825,255,15615,1,1,193,9279,133,7568,194,16847,California
Sutter,2021-03-06,1013,25454,42,8867,966,16581,5,6,854,9979,159,7727,859,17706,California
Sutter,2021-03-07,62,25516,23,8890,38,16619,1,7,42,10002,20,7747,43,17749,California
Sutter,2021-03-08,224,25740,76,8966,135,16754,13,20,157,10105,67,7814,170,17919,California
Sutter,2021-03-09,381,26121,133,9099,235,16989,13,33,179,10096,201,8015,192,18111,California
Sutter,2021-03-10,1562,27683,680,9779,821,17810,61,94,520,9638,1039,9054,581,18692,California
Sutter,2021-03-11,888,28571,437,10216,434,18244,17,111,645,10059,241,9295,662,19354,California
Sutter,2021-03-12,633,29204,107,10323,344,18588,182,293,190,9989,441,9736,371,19725,California
Sutter,2021-03-13,956,30160,749,11072,190,18778,17,310,780,10612,174,9910,797,20522,California
Sutter,2021-03-14,106,30266,20,11092,75,18853,11,321,40,10597,66,9976,51,20573,California
Sutter,2021-03-15,318,30584,68,11160,201,19054,49,370,150,10629,167,10143,199,20772,California
Sutter,2021-03-16,356,30940,86,11246,224,19278,46,416,183,10685,173,10316,229,21001,California
Sutter,2021-03-17,1478,32418,554,11800,905,20183,19,435,304,9842,1166,11482,323,21324,California
Sutter,2021-03-18,957,33375,165,11965,594,20777,198,633,572,10227,384,11866,769,22093,California
Sutter,2021-03-19,445,33820,148,12113,268,21045,29,662,269,10352,173,12039,298,22391,California
Sutter,2021-03-20,945,34765,114,12227,820,21865,11,673,859,11136,86,12125,870,23261,California
Sutter,2021-03-21,63,34828,45,12272,15,21880,3,676,34,11144,29,12154,37,23298,California
Sutter,2021-03-22,286,35114,119,12391,141,22021,26,702,210,11304,76,12230,236,23534,California
Sutter,2021-03-23,334,35448,117,12508,185,22206,32,734,228,11458,106,12336,260,23794,California
Sutter,2021-03-24,1624,37072,719,13227,836,23042,69,803,312,10539,1300,13636,381,24175,California
Sutter,2021-03-25,1010,38082,668,13895,301,23343,41,844,350,10272,658,14294,391,24566,California
Sutter,2021-03-26,477,38559,169,14064,291,23634,17,861,290,10394,185,14479,307,24873,California
Sutter,2021-03-27,930,39489,64,14128,864,24498,2,863,822,11114,104,14583,824,25697,California
Sutter,2021-03-28,125,39614,71,14199,54,24552,0,863,79,11148,45,14628,79,25776,California
Sutter,2021-03-29,418,40032,140,14339,223,24775,55,918,222,11230,195,14823,277,26053,California
Sutter,2021-03-30,474,40506,159,14498,306,25081,9,927,319,11403,155,14978,328,26381,California
Sutter,2021-03-31,1231,41737,171,14669,1043,26124,17,944,462,11121,760,15738,478,26859,California
Sutter,2021-04-01,1359,43096,722,15391,450,26574,187,1131,406,10768,947,16685,594,27453,California
Sutter,2021-04-02,486,43582,92,15483,292,26866,102,1233,205,10792,280,16965,304,27757,California
Sutter,2021-04-03,893,44475,56,15539,209,27075,628,1861,109,10746,783,17748,737,28494,California
Sutter,2021-04-04,116,44591,21,15560,89,27164,6,1867,56,10748,60,17808,62,28556,California
Sutter,2021-04-05,356,44947,139,15699,182,27346,35,1902,169,10768,184,17992,204,28760,California
Sutter,2021-04-06,373,45320,92,15791,227,27573,54,1956,186,10821,187,18179,240,29000,California
Sutter,2021-04-07,500,45820,31,15822,435,28008,34,1990,389,11135,109,18288,423,29423,California
Tehama,2020-12-15,1,1,1,1,0,0,0,0,1,1,0,0,1,1,California
Tehama,2020-12-16,2,3,2,3,0,0,0,0,2,3,0,0,2,3,California
Tehama,2020-12-17,12,15,12,15,0,0,0,0,12,15,0,0,12,15,California
Tehama,2020-12-18,2,17,2,17,0,0,0,0,3,18,0,0,3,18,California
Tehama,2020-12-21,33,50,33,50,0,0,0,0,33,51,0,0,33,51,California
Tehama,2020-12-22,68,118,62,112,6,6,0,0,68,119,0,0,68,119,California
Tehama,2020-12-23,48,166,40,152,8,14,0,0,48,167,0,0,48,167,California
Tehama,2020-12-24,5,171,3,155,2,16,0,0,5,172,0,0,5,172,California
Tehama,2020-12-26,3,174,2,157,1,17,0,0,3,175,0,0,3,175,California
Tehama,2020-12-27,2,176,2,159,0,17,0,0,2,177,0,0,2,177,California
Tehama,2020-12-28,56,232,43,202,13,30,0,0,56,233,0,0,56,233,California
Tehama,2020-12-29,31,263,31,233,0,30,0,0,31,264,0,0,31,264,California
Tehama,2020-12-30,54,317,38,271,16,46,0,0,53,317,0,0,53,317,California
Tehama,2020-12-31,14,331,4,275,10,56,0,0,14,331,0,0,14,331,California
Tehama,2021-01-01,2,333,0,275,2,58,0,0,2,333,0,0,2,333,California
Tehama,2021-01-04,31,364,8,283,23,81,0,0,31,364,0,0,31,364,California
Tehama,2021-01-05,71,435,44,327,27,108,0,0,68,429,3,3,68,432,California
Tehama,2021-01-06,71,506,21,348,50,158,0,0,62,483,8,11,62,494,California
Tehama,2021-01-07,56,562,7,355,49,207,0,0,55,537,1,12,55,549,California
Tehama,2021-01-08,30,592,24,379,6,213,0,0,25,557,5,17,25,574,California
Tehama,2021-01-09,7,599,5,384,2,215,0,0,5,560,2,19,5,579,California
Tehama,2021-01-10,1,600,0,384,1,216,0,0,1,561,0,19,1,580,California
Tehama,2021-01-11,47,647,46,430,1,217,0,0,14,542,33,52,14,594,California
Tehama,2021-01-12,115,762,95,525,20,237,0,0,70,567,45,97,70,664,California
Tehama,2021-01-13,72,834,55,580,17,254,0,0,26,547,46,143,26,690,California
Tehama,2021-01-14,224,1058,50,630,174,428,0,0,222,767,2,145,222,912,California
Tehama,2021-01-15,246,1304,74,704,172,600,0,0,242,1005,4,149,242,1154,California
Tehama,2021-01-16,274,1578,27,731,247,847,0,0,271,1273,3,152,271,1425,California
Tehama,2021-01-17,13,1591,9,740,4,851,0,0,11,1282,2,154,11,1436,California
Tehama,2021-01-18,10,1601,6,746,4,855,0,0,5,1282,5,159,5,1441,California
Tehama,2021-01-19,287,1888,61,807,226,1081,0,0,232,1459,55,214,232,1673,California
Tehama,2021-01-20,302,2190,87,894,215,1296,0,0,252,1662,49,263,252,1925,California
Tehama,2021-01-21,214,2404,11,905,203,1499,0,0,204,1856,10,273,204,2129,California
Tehama,2021-01-22,214,2618,12,917,202,1701,0,0,211,2064,3,276,211,2340,California
Tehama,2021-01-23,263,2881,10,927,253,1954,0,0,262,2325,1,277,262,2602,California
Tehama,2021-01-25,30,2911,13,940,17,1971,0,0,13,2321,17,294,13,2615,California
Tehama,2021-01-26,324,3235,42,982,282,2253,0,0,287,2571,37,331,287,2902,California
Tehama,2021-01-27,299,3534,21,1003,278,2531,0,0,279,2830,20,351,279,3181,California
Tehama,2021-01-28,340,3874,29,1032,311,2842,0,0,325,3140,15,366,325,3506,California
Tehama,2021-01-29,321,4195,19,1051,302,3144,0,0,304,3427,17,383,304,3810,California
Tehama,2021-01-30,103,4298,2,1053,101,3245,0,0,102,3528,1,384,102,3912,California
Tehama,2021-01-31,1,4299,0,1053,1,3246,0,0,1,3529,0,384,1,3913,California
Tehama,2021-02-01,77,4376,22,1075,55,3301,0,0,36,3524,41,425,36,3949,California
Tehama,2021-02-02,336,4712,63,1138,273,3574,0,0,239,3669,94,519,239,4188,California
Tehama,2021-02-03,366,5078,12,1150,354,3928,0,0,322,3947,44,563,322,4510,California
Tehama,2021-02-04,457,5535,99,1249,358,4286,0,0,378,4247,79,642,379,4889,California
Tehama,2021-02-05,161,5696,73,1322,88,4374,0,0,102,4290,59,701,102,4991,California
Tehama,2021-02-06,28,5724,13,1335,15,4389,0,0,16,4294,12,713,16,5007,California
Tehama,2021-02-07,5,5729,4,1339,1,4390,0,0,2,4293,3,716,2,5009,California
Tehama,2021-02-08,35,5764,14,1353,21,4411,0,0,27,4312,8,724,27,5036,California
Tehama,2021-02-09,76,5840,33,1386,43,4454,0,0,42,4320,34,758,42,5078,California
Tehama,2021-02-10,232,6072,61,1447,171,4625,0,0,158,4404,74,832,158,5236,California
Tehama,2021-02-11,219,6291,16,1463,203,4828,0,0,80,4347,137,969,80,5316,California
Tehama,2021-02-12,354,6645,57,1520,297,5125,0,0,173,4339,181,1150,173,5489,California
Tehama,2021-02-13,388,7033,13,1533,375,5500,0,0,147,4245,241,1391,147,5636,California
Tehama,2021-02-14,34,7067,0,1533,34,5534,0,0,33,4277,1,1392,33,5669,California
Tehama,2021-02-15,51,7118,9,1542,42,5576,0,0,45,4316,6,1398,45,5714,California
Tehama,2021-02-16,240,7358,16,1558,224,5800,0,0,58,4192,182,1580,58,5772,California
Tehama,2021-02-17,279,7637,11,1569,268,6068,0,0,53,4019,226,1806,53,5825,California
Tehama,2021-02-18,369,8006,33,1602,336,6404,0,0,145,3940,224,2030,145,5970,California
Tehama,2021-02-19,214,8220,19,1621,195,6599,0,0,43,3812,171,2201,43,6013,California
Tehama,2021-02-20,273,8493,6,1627,267,6866,0,0,26,3591,247,2448,26,6039,California
Tehama,2021-02-22,36,8529,13,1640,23,6889,0,0,24,3603,12,2460,24,6063,California
Tehama,2021-02-23,46,8575,19,1659,27,6916,0,0,26,3609,20,2480,26,6089,California
Tehama,2021-02-24,299,8874,12,1671,287,7203,0,0,26,3362,273,2753,26,6115,California
Tehama,2021-02-25,377,9251,61,1732,316,7519,0,0,37,3059,340,3093,37,6152,California
Tehama,2021-02-26,455,9706,19,1751,436,7955,0,0,70,2744,385,3478,70,6222,California
Tehama,2021-02-27,294,10000,5,1756,289,8244,0,0,34,2518,260,3738,34,6256,California
Tehama,2021-02-28,23,10023,2,1758,21,8265,0,0,20,2535,3,3741,20,6276,California
Tehama,2021-03-01,62,10085,8,1766,54,8319,0,0,28,2529,34,3775,28,6304,California
Tehama,2021-03-02,111,10196,18,1784,93,8412,0,0,29,2476,82,3857,29,6333,California
Tehama,2021-03-03,105,10301,29,1813,76,8488,0,0,37,2445,68,3925,37,6370,California
Tehama,2021-03-04,578,10879,22,1835,556,9044,0,0,218,2309,354,4279,218,6588,California
Tehama,2021-03-05,383,11262,18,1853,365,9409,0,0,214,2355,168,4447,214,6802,California
Tehama,2021-03-06,295,11557,17,1870,278,9687,0,0,80,2222,214,4661,81,6883,California
Tehama,2021-03-07,5,11562,1,1871,4,9691,0,0,3,2224,1,4662,3,6886,California
Tehama,2021-03-08,56,11618,12,1883,29,9720,15,15,25,2234,30,4692,40,6926,California
Tehama,2021-03-09,312,11930,5,1888,288,10008,19,34,257,2455,55,4747,276,7202,California
Tehama,2021-03-10,348,12278,11,1899,316,10324,21,55,67,2263,280,5027,88,7290,California
Tehama,2021-03-11,478,12756,16,1915,416,10740,46,101,335,2501,143,5170,381,7671,California
Tehama,2021-03-12,263,13019,12,1927,188,10928,63,164,164,2629,99,5269,227,7898,California
Tehama,2021-03-13,34,13053,8,1935,20,10948,6,170,5,2611,29,5298,11,7909,California
Tehama,2021-03-14,29,13082,3,1938,15,10963,11,181,2,2597,27,5325,13,7922,California
Tehama,2021-03-15,154,13236,21,1959,113,11076,20,201,87,2637,67,5392,107,8029,California
Tehama,2021-03-16,397,13633,14,1973,345,11421,38,239,298,2875,98,5490,336,8365,California
Tehama,2021-03-17,415,14048,22,1995,361,11782,32,271,331,3156,82,5572,363,8728,California
Tehama,2021-03-18,478,14526,24,2019,430,12212,24,295,300,3304,176,5748,324,9052,California
Tehama,2021-03-19,301,14827,23,2042,265,12477,13,308,259,3534,42,5790,272,9324,California
Tehama,2021-03-20,40,14867,8,2050,30,12507,2,310,28,3552,12,5802,30,9354,California
Tehama,2021-03-21,12,14879,5,2055,7,12514,0,310,12,3564,0,5802,12,9366,California
Tehama,2021-03-22,90,14969,7,2062,66,12580,17,327,49,3589,41,5843,66,9432,California
Tehama,2021-03-23,84,15053,23,2085,54,12634,7,334,65,3642,19,5862,72,9504,California
Tehama,2021-03-24,82,15135,15,2100,64,12698,3,337,53,3669,29,5891,56,9560,California
Tehama,2021-03-25,501,15636,340,2440,148,12846,13,350,454,4090,47,5938,468,10028,California
Tehama,2021-03-26,460,16096,352,2792,96,12942,12,362,385,4412,75,6013,397,10425,California
Tehama,2021-03-27,436,16532,347,3139,68,13010,21,383,373,4744,62,6075,394,10819,California
Tehama,2021-03-28,34,16566,13,3152,21,13031,0,383,22,4754,12,6087,22,10841,California
Tehama,2021-03-29,120,16686,30,3182,90,13121,0,383,76,4787,43,6130,76,10917,California
Tehama,2021-03-30,354,17040,206,3388,146,13267,2,385,240,4915,114,6244,242,11159,California
Tehama,2021-03-31,368,17408,267,3655,98,13365,3,388,297,5145,70,6314,300,11459,California
Tehama,2021-04-01,512,17920,237,3892,269,13634,6,394,382,5403,130,6444,388,11847,California
Tehama,2021-04-02,442,18362,204,4096,232,13866,6,400,260,5487,182,6626,266,12113,California
Tehama,2021-04-03,61,18423,3,4099,53,13919,5,405,30,5491,31,6657,35,12148,California
Tehama,2021-04-04,33,18456,6,4105,26,13945,1,406,22,5503,11,6668,23,12171,California
Tehama,2021-04-05,112,18568,19,4124,68,14013,25,431,58,5532,54,6722,83,12254,California
Tehama,2021-04-06,442,19010,98,4222,310,14323,34,465,157,5438,285,7007,191,12445,California
Tehama,2021-04-07,319,19329,232,4454,71,14394,16,481,241,5618,77,7084,257,12702,California
Trinity,2020-12-17,4,4,4,4,0,0,0,0,4,4,0,0,4,4,California
Trinity,2020-12-18,2,6,2,6,0,0,0,0,2,6,0,0,2,6,California
Trinity,2020-12-21,38,44,38,44,0,0,0,0,38,44,0,0,38,44,California
Trinity,2020-12-22,5,49,5,49,0,0,0,0,5,49,0,0,5,49,California
Trinity,2020-12-23,5,54,5,54,0,0,0,0,5,54,0,0,5,54,California
Trinity,2020-12-28,30,84,30,84,0,0,0,0,30,84,0,0,30,84,California
Trinity,2020-12-29,8,92,7,91,1,1,0,0,8,92,0,0,8,92,California
Trinity,2020-12-30,10,102,8,99,2,3,0,0,10,102,0,0,10,102,California
Trinity,2020-12-31,2,104,1,100,1,4,0,0,2,104,0,0,2,104,California
Trinity,2021-01-04,27,131,1,101,26,30,0,0,26,130,0,0,26,130,California
Trinity,2021-01-05,2,133,1,102,1,31,0,0,2,132,0,0,2,132,California
Trinity,2021-01-06,23,156,4,106,19,50,0,0,19,147,4,4,19,151,California
Trinity,2021-01-08,49,205,2,108,47,97,0,0,48,193,2,6,48,199,California
Trinity,2021-01-11,39,244,38,146,1,98,0,0,2,158,37,43,2,201,California
Trinity,2021-01-12,9,253,7,153,2,100,0,0,4,157,5,48,4,205,California
Trinity,2021-01-13,7,260,4,157,3,103,0,0,4,158,3,51,4,209,California
Trinity,2021-01-14,4,264,1,158,3,106,0,0,4,162,0,51,4,213,California
Trinity,2021-01-16,4,268,0,158,4,110,0,0,4,166,0,51,4,217,California
Trinity,2021-01-18,31,299,31,189,0,110,0,0,1,137,30,81,1,218,California
Trinity,2021-01-19,31,330,14,203,17,127,0,0,17,140,14,95,17,235,California
Trinity,2021-01-20,19,349,3,206,16,143,0,0,17,155,2,97,17,252,California
Trinity,2021-01-21,17,366,7,213,10,153,0,0,17,172,0,97,17,269,California
Trinity,2021-01-22,5,371,1,214,4,157,0,0,5,177,0,97,5,274,California
Trinity,2021-01-23,7,378,3,217,4,161,0,0,7,184,0,97,7,281,California
Trinity,2021-01-25,14,392,1,218,13,174,0,0,13,196,1,98,13,294,California
Trinity,2021-01-26,10,402,1,219,9,183,0,0,9,204,1,99,9,303,California
Trinity,2021-01-27,12,414,0,219,12,195,0,0,12,216,0,99,12,315,California
Trinity,2021-01-28,13,427,3,222,10,205,0,0,10,223,3,102,10,325,California
Trinity,2021-01-29,3,430,1,223,2,207,0,0,2,224,1,103,2,327,California
Trinity,2021-01-30,12,442,11,234,1,208,0,0,12,236,0,103,12,339,California
Trinity,2021-01-31,1,443,1,235,0,208,0,0,1,237,0,103,1,340,California
Trinity,2021-02-01,2,445,1,236,1,209,0,0,1,237,1,104,1,341,California
Trinity,2021-02-02,13,458,3,239,10,219,0,0,12,248,1,105,12,353,California
Trinity,2021-02-03,6,464,1,240,5,224,0,0,3,248,3,108,3,356,California
Trinity,2021-02-04,36,500,32,272,4,228,0,0,34,280,2,110,34,390,California
Trinity,2021-02-05,348,848,0,272,348,576,0,0,318,568,30,140,318,708,California
Trinity,2021-02-06,209,1057,5,277,204,780,0,0,202,763,7,147,202,910,California
Trinity,2021-02-07,1,1058,0,277,1,781,0,0,1,764,0,147,1,911,California
Trinity,2021-02-08,23,1081,0,277,23,804,0,0,15,771,8,155,15,926,California
Trinity,2021-02-09,21,1102,2,279,19,823,0,0,6,762,15,170,6,932,California
Trinity,2021-02-10,123,1225,10,289,113,936,0,0,103,845,20,190,103,1035,California
Trinity,2021-02-11,334,1559,2,291,332,1268,0,0,328,1167,6,196,328,1363,California
Trinity,2021-02-12,9,1568,6,297,3,1271,0,0,9,1176,0,196,9,1372,California
Trinity,2021-02-13,12,1580,5,302,7,1278,0,0,5,1174,7,203,5,1377,California
Trinity,2021-02-14,2,1582,2,304,0,1278,0,0,2,1176,0,203,2,1379,California
Trinity,2021-02-15,46,1628,0,304,46,1324,0,0,46,1222,0,203,46,1425,California
Trinity,2021-02-16,7,1635,2,306,5,1329,0,0,4,1223,3,206,4,1429,California
Trinity,2021-02-17,94,1729,2,308,92,1421,0,0,84,1297,10,216,84,1513,California
Trinity,2021-02-18,5,1734,0,308,5,1426,0,0,1,1295,3,219,1,1514,California
Trinity,2021-02-19,211,1945,3,311,208,1634,0,0,198,1480,13,232,198,1712,California
Trinity,2021-02-20,143,2088,14,325,129,1763,0,0,115,1567,28,260,115,1827,California
Trinity,2021-02-22,3,2091,0,325,3,1766,0,0,0,1564,3,263,0,1827,California
Trinity,2021-02-23,8,2099,4,329,4,1770,0,0,3,1562,5,268,3,1830,California
Trinity,2021-02-24,30,2129,8,337,22,1792,0,0,7,1546,23,291,7,1837,California
Trinity,2021-02-25,36,2165,23,360,13,1805,0,0,5,1520,31,322,5,1842,California
Trinity,2021-02-26,11,2176,1,361,10,1815,0,0,5,1519,6,328,5,1847,California
Trinity,2021-02-27,9,2185,7,368,2,1817,0,0,4,1518,5,333,4,1851,California
Trinity,2021-03-01,8,2193,0,368,8,1825,0,0,5,1520,3,336,5,1856,California
Trinity,2021-03-02,8,2201,3,371,5,1830,0,0,1,1514,7,343,1,1857,California
Trinity,2021-03-03,5,2206,0,371,5,1835,0,0,4,1517,1,344,4,1861,California
Trinity,2021-03-04,15,2221,10,381,5,1840,0,0,13,1528,2,346,13,1874,California
Trinity,2021-03-05,284,2505,1,382,283,2123,0,0,32,1313,247,593,32,1906,California
Trinity,2021-03-06,185,2690,6,388,179,2302,0,0,20,1168,165,758,20,1926,California
Trinity,2021-03-07,3,2693,3,391,0,2302,0,0,2,1169,1,759,2,1928,California
Trinity,2021-03-08,3,2696,0,391,2,2304,1,1,1,1169,2,761,2,1930,California
Trinity,2021-03-09,93,2789,0,391,91,2395,2,3,89,1256,4,765,91,2021,California
Trinity,2021-03-10,127,2916,3,394,121,2516,3,6,38,1208,89,854,41,2062,California
Trinity,2021-03-11,7,2923,3,397,2,2518,2,8,3,1209,4,858,5,2067,California
Trinity,2021-03-12,333,3256,3,400,325,2843,5,13,45,971,288,1146,50,2117,California
Trinity,2021-03-13,12,3268,7,407,3,2846,2,15,7,975,5,1151,9,2126,California
Trinity,2021-03-15,67,3335,0,407,66,2912,1,16,15,939,52,1203,16,2142,California
Trinity,2021-03-16,114,3449,6,413,108,3020,0,16,100,1025,14,1217,100,2242,California
Trinity,2021-03-17,100,3549,3,416,97,3117,0,16,26,977,74,1291,26,2268,California
Trinity,2021-03-18,10,3559,2,418,5,3122,3,19,5,980,5,1296,8,2276,California
Trinity,2021-03-19,359,3918,6,424,246,3368,107,126,29,786,330,1626,136,2412,California
Trinity,2021-03-20,103,4021,6,430,97,3465,0,126,66,815,37,1663,66,2478,California
Trinity,2021-03-21,4,4025,0,430,2,3467,2,128,2,817,2,1665,4,2482,California
Trinity,2021-03-22,2,4027,0,430,2,3469,0,128,2,819,0,1665,2,2484,California
Trinity,2021-03-23,96,4123,1,431,95,3564,0,128,79,881,17,1682,79,2563,California
Trinity,2021-03-24,9,4132,1,432,8,3572,0,128,9,890,0,1682,9,2572,California
Trinity,2021-03-25,105,4237,6,438,93,3665,6,134,82,955,23,1705,88,2660,California
Trinity,2021-03-26,14,4251,1,439,13,3678,0,134,8,957,6,1711,8,2668,California
Trinity,2021-03-27,15,4266,3,442,3,3681,9,143,5,961,10,1721,14,2682,California
Trinity,2021-03-28,6,4272,4,446,2,3683,0,143,1,957,5,1726,1,2683,California
Trinity,2021-03-29,4,4276,0,446,4,3687,0,143,1,955,3,1729,1,2684,California
Trinity,2021-03-30,75,4351,4,450,71,3758,0,143,67,1014,8,1737,67,2751,California
Trinity,2021-03-31,52,4403,5,455,19,3777,28,171,21,1031,31,1768,48,2799,California
Trinity,2021-04-01,38,4441,11,466,16,3793,11,182,19,1042,19,1787,30,2829,California
Trinity,2021-04-02,164,4605,6,472,84,3877,74,256,71,1095,92,1879,145,2974,California
Trinity,2021-04-03,19,4624,14,486,5,3882,0,256,9,1094,10,1889,9,2983,California
Trinity,2021-04-04,10,4634,8,494,2,3884,0,256,10,1104,0,1889,10,2993,California
Trinity,2021-04-05,59,4693,7,501,51,3935,1,257,55,1156,4,1893,56,3049,California
Trinity,2021-04-06,106,4799,10,511,93,4028,3,260,19,1091,87,1980,22,3071,California
Trinity,2021-04-07,9,4808,3,514,3,4031,3,263,5,1095,4,1984,8,3079,California
Tulare,2020-12-16,3,3,3,3,0,0,0,0,3,3,0,0,3,3,California
Tulare,2020-12-17,110,113,110,113,0,0,0,0,110,113,0,0,110,113,California
Tulare,2020-12-18,290,403,290,403,0,0,0,0,290,403,0,0,290,403,California
Tulare,2020-12-19,327,730,327,730,0,0,0,0,327,730,0,0,327,730,California
Tulare,2020-12-20,167,897,166,896,1,1,0,0,167,897,0,0,167,897,California
Tulare,2020-12-21,422,1319,422,1318,0,1,0,0,442,1339,0,0,442,1339,California
Tulare,2020-12-22,470,1789,468,1786,2,3,0,0,469,1808,0,0,469,1808,California
Tulare,2020-12-23,328,2117,320,2106,8,11,0,0,326,2134,0,0,326,2134,California
Tulare,2020-12-24,18,2135,16,2122,2,13,0,0,18,2152,0,0,18,2152,California
Tulare,2020-12-26,8,2143,7,2129,1,14,0,0,8,2160,0,0,8,2160,California
Tulare,2020-12-27,16,2159,12,2141,4,18,0,0,16,2176,0,0,16,2176,California
Tulare,2020-12-28,484,2643,472,2613,12,30,0,0,483,2659,0,0,483,2659,California
Tulare,2020-12-29,544,3187,477,3090,67,97,0,0,544,3203,0,0,544,3203,California
Tulare,2020-12-30,473,3660,434,3524,39,136,0,0,473,3676,0,0,473,3676,California
Tulare,2020-12-31,94,3754,22,3546,72,208,0,0,94,3770,0,0,94,3770,California
Tulare,2021-01-01,1,3755,0,3546,1,209,0,0,1,3771,0,0,1,3771,California
Tulare,2021-01-02,27,3782,17,3563,10,219,0,0,27,3798,0,0,27,3798,California
Tulare,2021-01-03,22,3804,9,3572,13,232,0,0,22,3820,0,0,22,3820,California
Tulare,2021-01-04,91,3895,16,3588,75,307,0,0,91,3911,0,0,91,3911,California
Tulare,2021-01-05,461,4356,279,3867,182,489,0,0,459,4368,2,2,459,4370,California
Tulare,2021-01-06,865,5221,636,4503,229,718,0,0,855,5213,10,12,855,5225,California
Tulare,2021-01-07,782,6003,584,5087,198,916,0,0,676,5783,106,118,676,5901,California
Tulare,2021-01-08,1263,7266,574,5661,689,1605,0,0,925,6371,337,455,925,6826,California
Tulare,2021-01-09,741,8007,203,5864,538,2143,0,0,554,6738,187,642,554,7380,California
Tulare,2021-01-10,49,8056,43,5907,6,2149,0,0,10,6709,39,681,10,7390,California
Tulare,2021-01-11,1202,9258,765,6672,437,2586,0,0,767,7041,435,1116,767,8157,California
Tulare,2021-01-12,1399,10657,487,7159,912,3498,0,0,992,7627,407,1523,993,9150,California
Tulare,2021-01-13,457,11114,227,7386,230,3728,0,0,383,7936,74,1597,383,9533,California
Tulare,2021-01-14,491,11605,141,7527,350,4078,0,0,465,8386,15,1612,465,9998,California
Tulare,2021-01-15,1617,13222,149,7676,1468,5546,0,0,1608,9985,9,1621,1608,11606,California
Tulare,2021-01-16,1899,15121,114,7790,1785,7331,0,0,1885,11856,14,1635,1885,13491,California
Tulare,2021-01-17,139,15260,120,7910,19,7350,0,0,129,11975,10,1645,129,13620,California
Tulare,2021-01-18,696,15956,662,8572,34,7384,0,0,296,11871,400,2045,296,13916,California
Tulare,2021-01-19,1005,16961,682,9254,323,7707,0,0,578,12022,427,2472,578,14494,California
Tulare,2021-01-20,2374,19335,562,9816,1812,9519,0,0,1990,13628,384,2856,1990,16484,California
Tulare,2021-01-21,1507,20842,150,9966,1357,10876,0,0,1481,15088,21,2877,1481,17965,California
Tulare,2021-01-22,1052,21894,186,10152,866,11742,0,0,1028,16093,23,2900,1028,18993,California
Tulare,2021-01-23,437,22331,156,10308,281,12023,0,0,416,16488,21,2921,416,19409,California
Tulare,2021-01-24,30,22361,27,10335,3,12026,0,0,28,16514,2,2923,28,19437,California
Tulare,2021-01-25,1324,23685,979,11314,345,12371,0,0,1295,17780,29,2952,1295,20732,California
Tulare,2021-01-26,1497,25182,1099,12413,398,12769,0,0,1174,18632,322,3274,1174,21906,California
Tulare,2021-01-27,1457,26639,1070,13483,387,13156,0,0,879,18933,578,3852,879,22785,California
Tulare,2021-01-28,1197,27836,768,14251,429,13585,0,0,801,19338,396,4248,801,23586,California
Tulare,2021-01-29,1127,28963,718,14969,409,13994,0,0,818,19847,309,4557,818,24404,California
Tulare,2021-01-30,1672,30635,1579,16548,93,14087,0,0,1648,21472,24,4581,1649,26053,California
Tulare,2021-01-31,51,30686,47,16595,4,14091,0,0,48,21517,3,4584,48,26101,California
Tulare,2021-02-01,1165,31851,901,17496,264,14355,0,0,816,21985,348,4932,816,26917,California
Tulare,2021-02-02,674,32525,327,17823,347,14702,0,0,443,22200,229,5161,444,27361,California
Tulare,2021-02-03,609,33134,284,18107,325,15027,0,0,335,22263,272,5433,335,27696,California
Tulare,2021-02-04,551,33685,165,18272,386,15413,0,0,266,22245,285,5718,267,27963,California
Tulare,2021-02-05,1228,34913,231,18503,997,16410,0,0,415,21849,811,6529,415,28378,California
Tulare,2021-02-06,834,35747,155,18658,679,17089,0,0,269,21556,563,7092,270,28648,California
Tulare,2021-02-07,78,35825,65,18723,13,17102,0,0,24,21526,54,7146,24,28672,California
Tulare,2021-02-08,947,36772,334,19057,613,17715,0,0,307,21196,637,7783,307,28979,California
Tulare,2021-02-09,1403,38175,325,19382,1078,18793,0,0,360,20518,1038,8821,360,29339,California
Tulare,2021-02-10,2468,40643,1987,21369,481,19274,0,0,2072,22197,393,9214,2072,31411,California
Tulare,2021-02-11,1321,41964,376,21745,945,20219,0,0,937,22750,384,9598,937,32348,California
Tulare,2021-02-12,2779,44743,578,22323,2201,22420,0,0,1218,22414,1554,11152,1218,33566,California
Tulare,2021-02-13,2478,47221,158,22481,2320,24740,0,0,667,21273,1808,12960,667,34233,California
Tulare,2021-02-14,329,47550,36,22517,293,25033,0,0,296,21536,33,12993,296,34529,California
Tulare,2021-02-15,910,48460,290,22807,620,25653,0,0,654,21935,255,13248,654,35183,California
Tulare,2021-02-16,2832,51292,1597,24404,1235,26888,0,0,1082,21267,1750,14998,1082,36265,California
Tulare,2021-02-17,2696,53988,509,24913,2187,29075,0,0,462,19500,2229,17227,462,36727,California
Tulare,2021-02-18,2298,56286,454,25367,1844,30919,0,0,637,18484,1653,18880,637,37364,California
Tulare,2021-02-19,2295,58581,855,26222,1440,32359,0,0,946,18083,1347,20227,946,38310,California
Tulare,2021-02-20,2988,61569,1891,28113,1097,33456,0,0,1267,17634,1716,21943,1267,39577,California
Tulare,2021-02-21,65,61634,61,28174,4,33460,0,0,41,17651,24,21967,41,39618,California
Tulare,2021-02-22,1102,62736,698,28872,404,33864,0,0,219,16988,882,22849,219,39837,California
Tulare,2021-02-23,1943,64679,940,29812,1003,34867,0,0,1458,17962,484,23333,1458,41295,California
Tulare,2021-02-24,2471,67150,1545,31357,926,35793,0,0,2090,19673,380,23713,2091,43386,California
Tulare,2021-02-25,3484,70634,1947,33304,1537,37330,0,0,3069,22331,411,24124,3069,46455,California
Tulare,2021-02-26,3832,74466,1876,35180,1956,39286,0,0,3377,25255,453,24577,3377,49832,California
Tulare,2021-02-27,2891,77357,1385,36565,1506,40792,0,0,2761,27897,119,24696,2761,52593,California
Tulare,2021-02-28,1307,78664,1035,37600,272,41064,0,0,1287,29167,17,24713,1287,53880,California
Tulare,2021-03-01,1730,80394,770,38370,960,42024,0,0,1551,30540,178,24891,1551,55431,California
Tulare,2021-03-02,2664,83058,1186,39556,1478,43502,0,0,2501,32882,160,25051,2502,57933,California
Tulare,2021-03-03,3712,86770,2438,41994,1274,44776,0,0,1779,32731,1932,26983,1781,59714,California
Tulare,2021-03-04,2851,89621,1289,43283,1562,46338,0,0,2541,34965,307,27290,2541,62255,California
Tulare,2021-03-05,3256,92877,1675,44958,1568,47906,13,13,2755,37238,497,27787,2770,65025,California
Tulare,2021-03-06,3041,95918,1421,46379,1561,49467,59,72,2793,39843,245,28032,2850,67875,California
Tulare,2021-03-07,1078,96996,675,47054,383,49850,20,92,1039,40863,39,28071,1059,68934,California
Tulare,2021-03-08,1661,98657,980,48034,513,50363,168,260,1351,42073,308,28379,1518,70452,California
Tulare,2021-03-09,2449,101106,1465,49499,838,51201,146,406,2093,43955,356,28735,2238,72690,California
Tulare,2021-03-10,2769,103875,1378,50877,1216,52417,175,581,2391,46150,369,29104,2564,75254,California
Tulare,2021-03-11,4053,107928,1926,52803,1832,54249,295,876,3126,48649,923,30027,3422,78676,California
Tulare,2021-03-12,4012,111940,2230,55033,1448,55697,334,1210,2886,50757,1114,31141,3222,81898,California
Tulare,2021-03-13,3832,115772,1798,56831,1929,57626,105,1315,3034,53101,794,31935,3138,85036,California
Tulare,2021-03-14,1613,117385,911,57742,483,58109,219,1534,1226,54159,386,32321,1444,86480,California
Tulare,2021-03-15,2660,120045,1548,59290,997,59106,115,1649,1894,55404,765,33086,2010,88490,California
Tulare,2021-03-16,3346,123391,2057,61347,1212,60318,77,1726,1815,55771,1528,34614,1895,90385,California
Tulare,2021-03-17,3885,127276,2532,63879,1276,61594,77,1803,2162,56299,1718,36332,2246,92631,California
Tulare,2021-03-18,4439,131715,3254,67133,1114,62708,71,1874,2340,56620,2093,38425,2414,95045,California
Tulare,2021-03-19,4927,136642,3202,70335,1529,64237,196,2070,2638,57181,2276,40701,2837,97882,California
Tulare,2021-03-20,4263,140905,2611,72946,1281,65518,371,2441,1982,57262,2275,42976,2356,100238,California
Tulare,2021-03-21,1857,142762,1588,74534,243,65761,26,2467,953,57340,901,43877,979,101217,California
Tulare,2021-03-22,2454,145216,1680,76214,663,66424,111,2578,1637,58280,810,44687,1750,102967,California
Tulare,2021-03-23,3635,148851,2057,78271,1528,67952,50,2628,2016,58743,1609,46296,2072,105039,California
Tulare,2021-03-24,3085,151936,1897,80168,1146,69098,42,2670,1840,59386,1239,47535,1882,106921,California
Tulare,2021-03-25,3359,155295,1730,81898,1467,70565,162,2832,1649,59495,1704,49239,1813,108734,California
Tulare,2021-03-26,5070,160365,2999,84897,1962,72527,109,2941,2473,59498,2579,51818,2582,111316,California
Tulare,2021-03-27,3395,163760,1725,86622,1574,74101,96,3037,929,58063,2459,54277,1024,112340,California
Tulare,2021-03-28,1408,165168,1021,87643,363,74464,24,3061,661,58008,746,55023,691,113031,California
Tulare,2021-03-29,2837,168005,1619,89262,1106,75570,112,3173,1212,57713,1621,56644,1326,114357,California
Tulare,2021-03-30,4501,172506,2574,91836,1697,77267,230,3403,2004,57452,2491,59135,2230,116587,California
Tulare,2021-03-31,3662,176168,2129,93965,1423,78690,110,3513,1519,56948,2135,61270,1631,118218,California
Tulare,2021-04-01,4272,180440,2310,96275,1899,80589,63,3576,1506,55757,2761,64031,1570,119788,California
Tulare,2021-04-02,5040,185480,2914,99189,2021,82610,105,3681,1677,54195,3346,67377,1784,121572,California
Tulare,2021-04-03,3167,188647,1991,101180,865,83475,311,3992,844,53065,2285,69662,1155,122727,California
Tulare,2021-04-04,1576,190223,1115,102295,454,83929,7,3999,408,52314,1166,70828,415,123142,California
Tulare,2021-04-05,3252,193475,2292,104587,707,84636,253,4252,889,51105,2351,73179,1142,124284,California
Tulare,2021-04-06,2924,196399,1316,105903,1155,85791,453,4705,877,50396,2043,75222,1334,125618,California
Tulare,2021-04-07,1403,197802,594,106497,662,86453,147,4852,367,49875,1034,76256,513,126131,California
Tuolumne,2020-12-16,46,46,46,46,0,0,0,0,46,46,0,0,46,46,California
Tuolumne,2020-12-17,22,68,22,68,0,0,0,0,22,68,0,0,22,68,California
Tuolumne,2020-12-18,174,242,173,241,1,1,0,0,174,242,0,0,174,242,California
Tuolumne,2020-12-19,7,249,7,248,0,1,0,0,7,249,0,0,7,249,California
Tuolumne,2020-12-20,1,250,1,249,0,1,0,0,1,250,0,0,1,250,California
Tuolumne,2020-12-21,116,366,102,351,14,15,0,0,116,366,0,0,116,366,California
Tuolumne,2020-12-22,169,535,169,520,0,15,0,0,169,535,0,0,169,535,California
Tuolumne,2020-12-23,192,727,190,710,2,17,0,0,192,727,0,0,192,727,California
Tuolumne,2020-12-26,3,730,3,713,0,17,0,0,3,730,0,0,3,730,California
Tuolumne,2020-12-28,78,808,77,790,1,18,0,0,78,808,0,0,78,808,California
Tuolumne,2020-12-29,111,919,40,830,71,89,0,0,111,919,0,0,111,919,California
Tuolumne,2020-12-30,82,1001,22,852,60,149,0,0,82,1001,0,0,82,1001,California
Tuolumne,2020-12-31,27,1028,20,872,7,156,0,0,27,1028,0,0,27,1028,California
Tuolumne,2021-01-01,6,1034,5,877,1,157,0,0,6,1034,0,0,6,1034,California
Tuolumne,2021-01-02,118,1152,115,992,3,160,0,0,118,1152,0,0,118,1152,California
Tuolumne,2021-01-03,3,1155,2,994,1,161,0,0,3,1155,0,0,3,1155,California
Tuolumne,2021-01-04,70,1225,27,1021,43,204,0,0,70,1225,0,0,70,1225,California
Tuolumne,2021-01-05,95,1320,26,1047,69,273,0,0,93,1316,2,2,93,1318,California
Tuolumne,2021-01-06,112,1432,52,1099,60,333,0,0,68,1340,44,46,68,1386,California
Tuolumne,2021-01-07,119,1551,61,1160,58,391,0,0,65,1351,54,100,65,1451,California
Tuolumne,2021-01-08,179,1730,153,1313,26,417,0,0,28,1231,150,250,30,1481,California
Tuolumne,2021-01-09,2,1732,1,1314,1,418,0,0,1,1232,1,251,2,1483,California
Tuolumne,2021-01-10,3,1735,1,1315,2,420,0,0,3,1235,0,251,3,1486,California
Tuolumne,2021-01-11,117,1852,90,1405,27,447,0,0,34,1186,83,334,34,1520,California
Tuolumne,2021-01-12,103,1955,87,1492,16,463,0,0,17,1118,86,420,18,1538,California
Tuolumne,2021-01-13,239,2194,129,1621,110,573,0,0,185,1250,54,474,186,1724,California
Tuolumne,2021-01-14,128,2322,91,1712,37,610,0,0,41,1205,86,560,41,1765,California
Tuolumne,2021-01-15,476,2798,72,1784,404,1014,0,0,413,1557,62,622,414,2179,California
Tuolumne,2021-01-16,7,2805,3,1787,4,1018,0,0,6,1562,1,623,6,2185,California
Tuolumne,2021-01-17,5,2810,2,1789,3,1021,0,0,5,1567,0,623,5,2190,California
Tuolumne,2021-01-18,46,2856,38,1827,8,1029,0,0,8,1538,37,660,8,2198,California
Tuolumne,2021-01-19,473,3329,71,1898,402,1431,0,0,430,1925,43,703,430,2628,California
Tuolumne,2021-01-20,77,3406,60,1958,17,1448,0,0,24,1896,53,756,24,2652,California
Tuolumne,2021-01-21,57,3463,22,1980,35,1483,0,0,42,1923,15,771,42,2694,California
Tuolumne,2021-01-22,181,3644,13,1993,168,1651,0,0,175,2092,6,777,175,2869,California
Tuolumne,2021-01-23,666,4310,146,2139,520,2171,0,0,553,2542,113,890,563,3432,California
Tuolumne,2021-01-24,524,4834,1,2140,523,2694,0,0,520,3060,3,893,521,3953,California
Tuolumne,2021-01-25,48,4882,27,2167,21,2715,0,0,22,3057,26,919,23,3976,California
Tuolumne,2021-01-26,80,4962,68,2235,12,2727,0,0,40,3058,40,959,41,4017,California
Tuolumne,2021-01-27,61,5023,4,2239,57,2784,0,0,7,3012,53,1012,7,4024,California
Tuolumne,2021-01-28,27,5050,7,2246,20,2804,0,0,18,3021,9,1021,18,4042,California
Tuolumne,2021-01-29,71,5121,6,2252,65,2869,0,0,33,3016,38,1059,33,4075,California
Tuolumne,2021-01-30,711,5832,554,2806,157,3026,0,0,691,3700,20,1079,704,4779,California
Tuolumne,2021-01-31,8,5840,2,2808,6,3032,0,0,5,3702,3,1082,5,4784,California
Tuolumne,2021-02-01,25,5865,6,2814,19,3051,0,0,22,3721,3,1085,22,4806,California
Tuolumne,2021-02-02,649,6514,36,2850,613,3664,0,0,639,4351,9,1094,639,5445,California
Tuolumne,2021-02-03,239,6753,108,2958,131,3795,0,0,85,4282,154,1248,85,5530,California
Tuolumne,2021-02-04,127,6880,14,2972,113,3908,0,0,66,4285,63,1311,66,5596,California
Tuolumne,2021-02-05,102,6982,13,2985,89,3997,0,0,37,4259,63,1374,37,5633,California
Tuolumne,2021-02-06,854,7836,582,3567,272,4269,0,0,851,5107,3,1377,851,6484,California
Tuolumne,2021-02-07,7,7843,4,3571,3,4272,0,0,3,5106,4,1381,3,6487,California
Tuolumne,2021-02-08,90,7933,39,3610,51,4323,0,0,67,5150,23,1404,67,6554,California
Tuolumne,2021-02-09,867,8800,48,3658,819,5142,0,0,830,5943,37,1441,830,7384,California
Tuolumne,2021-02-10,92,8892,14,3672,78,5220,0,0,30,5913,60,1501,30,7414,California
Tuolumne,2021-02-11,138,9030,65,3737,73,5293,0,0,75,5925,63,1564,75,7489,California
Tuolumne,2021-02-12,642,9672,13,3750,629,5922,0,0,202,5689,439,2003,203,7692,California
Tuolumne,2021-02-13,146,9818,41,3791,105,6027,0,0,115,5779,25,2028,115,7807,California
Tuolumne,2021-02-14,148,9966,12,3803,136,6163,0,0,147,5925,1,2029,147,7954,California
Tuolumne,2021-02-15,183,10149,10,3813,173,6336,0,0,174,6090,9,2038,174,8128,California
Tuolumne,2021-02-16,525,10674,17,3830,508,6844,0,0,122,5813,401,2439,124,8252,California
Tuolumne,2021-02-17,109,10783,63,3893,46,6890,0,0,63,5831,45,2484,63,8315,California
Tuolumne,2021-02-18,681,11464,22,3915,659,7549,0,0,632,6414,49,2533,632,8947,California
Tuolumne,2021-02-19,131,11595,20,3935,111,7660,0,0,42,6367,89,2622,42,8989,California
Tuolumne,2021-02-20,907,12502,343,4278,564,8224,0,0,387,6247,508,3130,388,9377,California
Tuolumne,2021-02-21,976,13478,32,4310,944,9168,0,0,473,6220,500,3630,473,9850,California
Tuolumne,2021-02-22,79,13557,57,4367,22,9190,0,0,48,6238,30,3660,48,9898,California
Tuolumne,2021-02-23,44,13601,22,4389,22,9212,0,0,23,6241,20,3680,23,9921,California
Tuolumne,2021-02-24,92,13693,59,4448,33,9245,0,0,44,6239,46,3726,44,9965,California
Tuolumne,2021-02-25,1054,14747,31,4479,1023,10268,0,0,1023,7231,31,3757,1023,10988,California
Tuolumne,2021-02-26,145,14892,10,4489,135,10403,0,0,122,7330,23,3780,122,11110,California
Tuolumne,2021-02-27,950,15842,576,5065,374,10777,0,0,247,6888,689,4469,247,11357,California
Tuolumne,2021-02-28,55,15897,4,5069,51,10828,0,0,52,6938,2,4471,52,11409,California
Tuolumne,2021-03-01,105,16002,19,5088,86,10914,0,0,72,6979,32,4503,73,11482,California
Tuolumne,2021-03-02,708,16710,73,5161,635,11549,0,0,107,6485,601,5104,107,11589,California
Tuolumne,2021-03-03,82,16792,20,5181,62,11611,0,0,58,6519,24,5128,58,11647,California
Tuolumne,2021-03-04,1168,17960,68,5249,1100,12711,0,0,1105,7561,63,5191,1105,12752,California
Tuolumne,2021-03-05,81,18041,9,5258,72,12783,0,0,47,7576,33,5224,48,12800,California
Tuolumne,2021-03-06,1053,19094,605,5863,446,13229,2,2,204,6934,848,6072,206,13006,California
Tuolumne,2021-03-07,39,19133,12,5875,13,13242,14,16,17,6943,22,6094,31,13037,California
Tuolumne,2021-03-08,210,19343,89,5964,114,13356,7,23,154,7048,56,6150,161,13198,California
Tuolumne,2021-03-09,862,20205,11,5975,840,14196,11,34,77,6352,784,6934,88,13286,California
Tuolumne,2021-03-10,83,20288,13,5988,59,14255,11,45,60,6400,23,6957,71,13357,California
Tuolumne,2021-03-11,1249,21537,35,6023,1210,15465,4,49,1225,7608,23,6980,1231,14588,California
Tuolumne,2021-03-12,256,21793,29,6052,212,15677,15,64,152,7676,102,7082,170,14758,California
Tuolumne,2021-03-13,69,21862,11,6063,58,15735,0,64,53,7714,16,7098,54,14812,California
Tuolumne,2021-03-14,84,21946,8,6071,67,15802,9,73,5,7650,79,7177,15,14827,California
Tuolumne,2021-03-15,306,22252,79,6150,225,16027,2,75,114,7581,192,7369,123,14950,California
Tuolumne,2021-03-16,811,23063,40,6190,760,16787,11,86,675,8132,136,7505,687,15637,California
Tuolumne,2021-03-17,157,23220,30,6220,112,16899,15,101,82,8154,74,7579,96,15733,California
Tuolumne,2021-03-18,962,24182,23,6243,922,17821,17,118,328,7866,634,8213,346,16079,California
Tuolumne,2021-03-19,140,24322,13,6256,94,17915,33,151,78,7916,60,8273,110,16189,California
Tuolumne,2021-03-20,86,24408,6,6262,71,17986,9,160,36,7911,49,8322,44,16233,California
Tuolumne,2021-03-21,836,25244,392,6654,435,18421,9,169,43,7171,792,9114,52,16285,California
Tuolumne,2021-03-22,173,25417,71,6725,83,18504,19,188,107,7231,66,9180,126,16411,California
Tuolumne,2021-03-23,722,26139,636,7361,72,18576,14,202,686,7895,35,9215,699,17110,California
Tuolumne,2021-03-24,118,26257,18,7379,82,18658,18,220,86,7969,30,9245,104,17214,California
Tuolumne,2021-03-25,1291,27548,17,7396,1271,19929,3,223,321,7324,969,10214,324,17538,California
Tuolumne,2021-03-26,287,27835,12,7408,252,20181,23,246,132,7343,136,10350,155,17693,California
Tuolumne,2021-03-27,578,28413,51,7459,527,20708,0,246,317,7400,261,10611,318,18011,California
Tuolumne,2021-03-28,49,28462,7,7466,42,20750,0,246,10,7374,38,10649,12,18023,California
Tuolumne,2021-03-29,216,28678,71,7537,145,20895,0,246,116,7408,82,10731,116,18139,California
Tuolumne,2021-03-30,168,28846,12,7549,155,21050,1,247,125,7492,42,10773,126,18265,California
Tuolumne,2021-03-31,95,28941,12,7561,81,21131,2,249,43,7488,51,10824,47,18312,California
Tuolumne,2021-04-01,1248,30189,22,7583,1226,22357,0,249,233,6708,1014,11838,234,18546,California
Tuolumne,2021-04-02,172,30361,9,7592,138,22495,25,274,105,6771,67,11905,130,18676,California
Tuolumne,2021-04-03,414,30775,32,7624,382,22877,0,274,231,6821,183,12088,233,18909,California
Tuolumne,2021-04-04,31,30806,0,7624,31,22908,0,274,21,6833,9,12097,21,18930,California
Tuolumne,2021-04-05,131,30937,18,7642,107,23015,6,280,57,6822,74,12171,63,18993,California
Tuolumne,2021-04-06,509,31446,394,8036,92,23107,23,303,385,7108,123,12294,409,19402,California
Tuolumne,2021-04-07,62,31508,30,8066,31,23138,1,304,31,7109,31,12325,32,19434,California
Ventura,2020-12-15,5,5,5,5,0,0,0,0,5,5,0,0,5,5,California
Ventura,2020-12-16,72,77,72,77,0,0,0,0,72,77,0,0,72,77,California
Ventura,2020-12-17,249,326,249,326,0,0,0,0,249,326,0,0,249,326,California
Ventura,2020-12-18,1409,1735,1409,1735,0,0,0,0,1409,1735,0,0,1409,1735,California
Ventura,2020-12-19,911,2646,911,2646,0,0,0,0,911,2646,0,0,911,2646,California
Ventura,2020-12-20,430,3076,430,3076,0,0,0,0,430,3076,0,0,430,3076,California
Ventura,2020-12-21,1469,4545,1469,4545,0,0,0,0,1469,4545,0,0,1469,4545,California
Ventura,2020-12-22,1105,5650,1100,5645,5,5,0,0,1105,5650,0,0,1105,5650,California
Ventura,2020-12-23,1026,6676,979,6624,47,52,0,0,1026,6676,0,0,1026,6676,California
Ventura,2020-12-24,477,7153,379,7003,98,150,0,0,477,7153,0,0,477,7153,California
Ventura,2020-12-25,11,7164,7,7010,4,154,0,0,11,7164,0,0,11,7164,California
Ventura,2020-12-26,110,7274,89,7099,21,175,0,0,110,7274,0,0,110,7274,California
Ventura,2020-12-27,58,7332,27,7126,31,206,0,0,58,7332,0,0,58,7332,California
Ventura,2020-12-28,1065,8397,927,8053,138,344,0,0,1065,8397,0,0,1065,8397,California
Ventura,2020-12-29,1166,9563,761,8814,405,749,0,0,1166,9563,0,0,1166,9563,California
Ventura,2020-12-30,1984,11547,1517,10331,467,1216,0,0,1984,11547,0,0,1984,11547,California
Ventura,2020-12-31,477,12024,162,10493,315,1531,0,0,477,12024,0,0,477,12024,California
Ventura,2021-01-01,17,12041,4,10497,13,1544,0,0,17,12041,0,0,17,12041,California
Ventura,2021-01-02,170,12211,78,10575,92,1636,0,0,170,12211,0,0,170,12211,California
Ventura,2021-01-03,15,12226,8,10583,7,1643,0,0,15,12226,0,0,15,12226,California
Ventura,2021-01-04,1077,13303,547,11130,530,2173,0,0,1076,13302,0,0,1076,13302,California
Ventura,2021-01-05,1372,14675,777,11907,595,2768,0,0,1332,14594,40,40,1332,14634,California
Ventura,2021-01-06,2051,16726,1178,13085,873,3641,0,0,1620,15794,422,462,1622,16256,California
Ventura,2021-01-07,2069,18795,1328,14413,741,4382,0,0,1184,16095,883,1345,1184,17440,California
Ventura,2021-01-08,2198,20993,1475,15888,723,5105,0,0,906,15712,1290,2635,907,18347,California
Ventura,2021-01-09,722,21715,501,16389,221,5326,0,0,319,15628,403,3038,319,18666,California
Ventura,2021-01-10,336,22051,324,16713,12,5338,0,0,122,15536,214,3252,122,18788,California
Ventura,2021-01-11,2446,24497,1489,18202,957,6295,0,0,1493,16078,953,4205,1495,20283,California
Ventura,2021-01-12,3032,27529,1602,19804,1430,7725,0,0,2010,17066,1022,5227,2010,22293,California
Ventura,2021-01-13,2925,30454,1421,21225,1504,9229,0,0,2042,18228,881,6108,2043,24336,California
Ventura,2021-01-14,2725,33179,1057,22282,1668,10897,0,0,2280,20065,444,6552,2281,26617,California
Ventura,2021-01-15,2867,36046,960,23242,1907,12804,0,0,2656,22511,211,6763,2657,29274,California
Ventura,2021-01-16,484,36530,186,23428,298,13102,0,0,403,22833,81,6844,403,29677,California
Ventura,2021-01-17,260,36790,137,23565,123,13225,0,0,254,23081,6,6850,254,29931,California
Ventura,2021-01-18,2217,39007,1671,25236,546,13771,0,0,1667,24200,549,7399,1668,31599,California
Ventura,2021-01-19,3029,42036,2114,27350,915,14686,0,0,2137,25447,892,8291,2139,33738,California
Ventura,2021-01-20,4052,46088,3103,30453,949,15635,0,0,3017,27433,1032,9323,3018,36756,California
Ventura,2021-01-21,3827,49915,2664,33117,1163,16798,0,0,3159,29928,665,9988,3160,39916,California
Ventura,2021-01-22,3599,53514,2480,35597,1119,17917,0,0,3438,33205,161,10149,3438,43354,California
Ventura,2021-01-23,1183,54697,649,36246,534,18451,0,0,1082,34189,100,10249,1084,44438,California
Ventura,2021-01-24,449,55146,134,36380,315,18766,0,0,436,34612,13,10262,436,44874,California
Ventura,2021-01-25,3142,58288,2023,38403,1119,19885,0,0,2593,36657,548,10810,2593,47467,California
Ventura,2021-01-26,3681,61969,2181,40584,1500,21385,0,0,2690,38358,990,11800,2691,50158,California
Ventura,2021-01-27,3438,65407,1545,42129,1893,23278,0,0,2700,40323,735,12535,2700,52858,California
Ventura,2021-01-28,3849,69256,1977,44106,1872,25150,0,0,3238,42968,594,13129,3239,56097,California
Ventura,2021-01-29,4232,73488,2504,46610,1728,26878,0,0,3739,46226,481,13610,3739,59836,California
Ventura,2021-01-30,3027,76515,1957,48567,1070,27948,0,0,2858,48919,166,13776,2859,62695,California
Ventura,2021-01-31,831,77346,448,49015,383,28331,0,0,747,49582,84,13860,747,63442,California
Ventura,2021-02-01,3915,81261,2100,51115,1815,30146,0,0,3153,51976,760,14620,3154,66596,California
Ventura,2021-02-02,4395,85656,2370,53485,2025,32171,0,0,3376,54338,1015,15635,3377,69973,California
Ventura,2021-02-03,4447,90103,2089,55574,2358,34529,0,0,3439,56775,1003,16638,3440,73413,California
Ventura,2021-02-04,4754,94857,2275,57849,2479,37008,0,0,3507,59044,1240,17878,3509,76922,California
Ventura,2021-02-05,4826,99683,2310,60159,2516,39524,0,0,3335,60903,1478,19356,3337,80259,California
Ventura,2021-02-06,2830,102513,1513,61672,1317,40841,0,0,2430,62933,400,19756,2430,82689,California
Ventura,2021-02-07,708,103221,241,61913,467,41308,0,0,583,63392,125,19881,584,83273,California
Ventura,2021-02-08,3497,106718,1623,63536,1874,43182,0,0,2429,64758,1063,20944,2429,85702,California
Ventura,2021-02-09,4709,111427,1968,65504,2741,45923,0,0,2465,64982,2243,23187,2467,88169,California
Ventura,2021-02-10,4697,116124,2229,67733,2468,48391,0,0,2395,65086,2292,25479,2396,90565,California
Ventura,2021-02-11,4640,120764,1853,69586,2787,51178,0,0,2435,65326,2198,27677,2438,93003,California
Ventura,2021-02-12,6283,127047,2646,72232,3637,54815,0,0,3211,65467,3070,30747,3211,96214,California
Ventura,2021-02-13,3290,130337,1826,74058,1464,56279,0,0,1840,65863,1446,32193,1842,98056,California
Ventura,2021-02-14,1225,131562,123,74181,1102,57381,0,0,1010,66659,215,32408,1011,99067,California
Ventura,2021-02-15,3979,135541,1792,75973,2187,59568,0,0,2112,66907,1864,34272,2112,101179,California
Ventura,2021-02-16,5524,141065,2699,78672,2825,62393,0,0,3016,67421,2502,36774,3016,104195,California
Ventura,2021-02-17,5224,146289,1917,80589,3307,65700,0,0,3266,68737,1950,38724,3266,107461,California
Ventura,2021-02-18,5763,152052,1826,82415,3937,69637,0,0,3627,70238,2126,40850,3627,111088,California
Ventura,2021-02-19,6432,158484,3761,86176,2671,72308,0,0,3003,69820,3422,44272,3004,114092,California
Ventura,2021-02-20,4909,163393,3153,89329,1756,74064,0,0,2760,70437,2145,46417,2762,116854,California
Ventura,2021-02-21,990,164383,705,90034,285,74349,0,0,415,70281,571,46988,415,117269,California
Ventura,2021-02-22,5329,169712,2375,92409,2954,77303,0,0,3444,71849,1876,48864,3444,120713,California
Ventura,2021-02-23,5922,175634,2965,95374,2957,80260,0,0,3421,72788,2484,51348,3423,124136,California
Ventura,2021-02-24,6975,182609,2602,97976,4373,84633,0,0,4237,74302,2724,54072,4238,128374,California
Ventura,2021-02-25,7465,190074,2564,100540,4901,89534,0,0,4572,75994,2881,56953,4573,132947,California
Ventura,2021-02-26,9324,199398,2762,103302,6562,96096,0,0,6165,79025,3137,60090,6168,139115,California
Ventura,2021-02-27,9975,209373,5263,108565,4712,100808,0,0,7365,83801,2595,62685,7371,146486,California
Ventura,2021-02-28,2559,211932,1634,110199,924,101732,1,1,2100,85446,455,63140,2100,148586,California
Ventura,2021-03-01,6915,218847,2799,112998,4116,105848,0,1,4610,87772,2298,65438,4624,153210,California
Ventura,2021-03-02,7359,226206,3924,116922,3434,109282,1,2,5144,90708,2208,67646,5144,158354,California
Ventura,2021-03-03,8358,234564,3871,120793,4487,113769,0,2,5942,94249,2404,70050,5945,164299,California
Ventura,2021-03-04,8030,242594,3866,124659,4164,117933,0,2,5422,97075,2597,72647,5423,169722,California
Ventura,2021-03-05,9952,252546,4792,129451,5150,123083,10,12,7083,101319,2856,75503,7100,176822,California
Ventura,2021-03-06,7208,259754,4392,133843,2662,125745,154,166,5311,104890,1895,77398,5466,182288,California
Ventura,2021-03-07,1649,261403,604,134447,944,126689,101,267,1233,105808,416,77814,1334,183622,California
Ventura,2021-03-08,6720,268123,3412,137859,3156,129845,152,419,4626,108497,2092,79906,4781,188403,California
Ventura,2021-03-09,6498,274621,2809,140668,3493,133338,196,615,3647,109502,2840,82746,3845,192248,California
Ventura,2021-03-10,6729,281350,2962,143630,3529,136867,238,853,4445,111910,2276,85022,4684,196932,California
Ventura,2021-03-11,6215,287565,2867,146497,3148,140015,200,1053,3402,112709,2803,87825,3602,200534,California
Ventura,2021-03-12,8203,295768,2962,149459,4435,144450,806,1859,4026,113381,4161,91986,4833,205367,California
Ventura,2021-03-13,6334,302102,2416,151875,3105,147555,813,2672,3651,115166,2678,94664,4463,209830,California
Ventura,2021-03-14,1716,303818,363,152238,868,148423,485,3157,554,115046,1161,95825,1041,210871,California
Ventura,2021-03-15,6891,310709,2039,154277,3505,151928,1347,4504,2969,115458,3904,99729,4316,215187,California
Ventura,2021-03-16,7825,318534,2434,156711,4281,156209,1110,5614,3928,116611,3883,103612,5036,220223,California
Ventura,2021-03-17,7295,325829,2735,159446,4215,160424,345,5959,4355,118386,2925,106537,4700,224923,California
Ventura,2021-03-18,7150,332979,3253,162699,3745,164169,152,6111,4652,120703,2486,109023,4803,229726,California
Ventura,2021-03-19,8247,341226,3738,166437,4400,168569,109,6220,4916,122410,3316,112339,5023,234749,California
Ventura,2021-03-20,8095,349321,5224,171661,2851,171420,20,6240,3872,122099,4204,116543,3893,238642,California
Ventura,2021-03-21,2754,352075,1502,173163,883,172303,369,6609,1307,122333,1442,117985,1676,240318,California
Ventura,2021-03-22,7258,359333,3656,176819,3500,175803,102,6711,4792,124774,2453,120438,4894,245212,California
Ventura,2021-03-23,8057,367390,3858,180677,4154,179957,45,6756,4619,126018,3419,123857,4663,249875,California
Ventura,2021-03-24,8764,376154,3386,184063,5304,185261,74,6830,4364,126085,4372,128229,4439,254314,California
Ventura,2021-03-25,8675,384829,3885,187948,4725,189986,65,6895,4401,126293,4258,132487,4466,258780,California
Ventura,2021-03-26,9614,394443,3312,191260,5651,195637,651,7546,3743,124837,5849,138336,4393,263173,California
Ventura,2021-03-27,8072,402515,3892,195152,4141,199778,39,7585,2380,121581,5677,144013,2421,265594,California
Ventura,2021-03-28,2488,405003,1384,196536,1095,200873,9,7594,1361,121825,1126,145139,1370,266964,California
Ventura,2021-03-29,8402,413405,4251,200787,4106,204979,45,7639,4199,121891,4178,149317,4244,271208,California
Ventura,2021-03-30,8846,422251,4378,205165,4345,209324,123,7762,4568,122313,4268,153585,4690,275898,California
Ventura,2021-03-31,10503,432754,4756,209921,5140,214464,607,8369,4622,121679,5863,159448,5229,281127,California
Ventura,2021-04-01,10458,443212,5134,215055,4485,218949,839,9208,5336,122744,5106,164554,6171,287298,California
Ventura,2021-04-02,11119,454331,4518,219573,5426,224375,1175,10383,5251,123331,5844,170398,6431,293729,California
Ventura,2021-04-03,7872,462203,3871,223444,2925,227300,1076,11459,3315,123173,4549,174947,4391,298120,California
Ventura,2021-04-04,1693,463896,947,224391,619,227919,127,11586,1203,124016,487,175434,1330,299450,California
Ventura,2021-04-05,8925,472821,4727,229118,3250,231169,948,12534,4552,125149,4365,179799,5498,304948,California
Ventura,2021-04-06,10041,482862,5278,234396,3571,234740,1192,13726,5237,126791,4788,184587,6430,311378,California
Ventura,2021-04-07,6090,488952,3322,237718,1976,236716,792,14518,2489,126477,3592,188179,3278,314656,California
Yolo,2020-12-15,39,39,39,39,0,0,0,0,39,39,0,0,39,39,California
Yolo,2020-12-16,78,117,78,117,0,0,0,0,78,117,0,0,78,117,California
Yolo,2020-12-17,101,218,101,218,0,0,0,0,101,218,0,0,101,218,California
Yolo,2020-12-18,209,427,209,427,0,0,0,0,209,427,0,0,209,427,California
Yolo,2020-12-19,86,513,86,513,0,0,0,0,86,513,0,0,86,513,California
Yolo,2020-12-20,100,613,100,613,0,0,0,0,100,613,0,0,100,613,California
Yolo,2020-12-21,253,866,253,866,0,0,0,0,253,866,0,0,253,866,California
Yolo,2020-12-22,382,1248,381,1247,1,1,0,0,382,1248,0,0,382,1248,California
Yolo,2020-12-23,431,1679,412,1659,19,20,0,0,431,1679,0,0,431,1679,California
Yolo,2020-12-24,151,1830,94,1753,57,77,0,0,151,1830,0,0,151,1830,California
Yolo,2020-12-25,1,1831,1,1754,0,77,0,0,1,1831,0,0,1,1831,California
Yolo,2020-12-26,75,1906,25,1779,50,127,0,0,75,1906,0,0,75,1906,California
Yolo,2020-12-27,46,1952,19,1798,27,154,0,0,46,1952,0,0,46,1952,California
Yolo,2020-12-28,345,2297,177,1975,168,322,0,0,345,2297,0,0,345,2297,California
Yolo,2020-12-29,482,2779,267,2242,215,537,0,0,482,2779,0,0,482,2779,California
Yolo,2020-12-30,621,3400,254,2496,367,904,0,0,621,3400,0,0,621,3400,California
Yolo,2020-12-31,183,3583,94,2590,89,993,0,0,183,3583,0,0,183,3583,California
Yolo,2021-01-01,55,3638,54,2644,1,994,0,0,55,3638,0,0,55,3638,California
Yolo,2021-01-02,68,3706,25,2669,43,1037,0,0,68,3706,0,0,68,3706,California
Yolo,2021-01-03,43,3749,19,2688,24,1061,0,0,43,3749,0,0,43,3749,California
Yolo,2021-01-04,193,3942,43,2731,150,1211,0,0,193,3942,0,0,193,3942,California
Yolo,2021-01-05,610,4552,236,2967,374,1585,0,0,549,4430,61,61,549,4491,California
Yolo,2021-01-06,480,5032,183,3150,297,1882,0,0,349,4648,131,192,349,4840,California
Yolo,2021-01-07,710,5742,234,3384,476,2358,0,0,521,4981,188,380,521,5361,California
Yolo,2021-01-08,628,6370,308,3692,320,2678,0,0,413,5180,214,594,413,5774,California
Yolo,2021-01-09,409,6779,67,3759,342,3020,0,0,364,5499,45,639,364,6138,California
Yolo,2021-01-10,391,7170,80,3839,311,3331,0,0,321,5750,70,709,321,6459,California
Yolo,2021-01-11,559,7729,323,4162,236,3567,0,0,291,5773,268,977,291,6750,California
Yolo,2021-01-12,478,8207,360,4522,118,3685,0,0,173,5641,305,1282,173,6923,California
Yolo,2021-01-13,763,8970,309,4831,454,4139,0,0,514,5906,249,1531,514,7437,California
Yolo,2021-01-14,374,9344,181,5012,193,4332,0,0,270,6072,104,1635,270,7707,California
Yolo,2021-01-15,621,9965,320,5332,301,4633,0,0,543,6537,78,1713,543,8250,California
Yolo,2021-01-16,738,10703,95,5427,643,5276,0,0,707,7213,31,1744,707,8957,California
Yolo,2021-01-17,185,10888,117,5544,68,5344,0,0,178,7384,7,1751,178,9135,California
Yolo,2021-01-18,477,11365,303,5847,174,5518,0,0,380,7667,97,1848,380,9515,California
Yolo,2021-01-19,539,11904,370,6217,169,5687,0,0,365,7858,174,2022,365,9880,California
Yolo,2021-01-20,655,12559,378,6595,277,5964,0,0,472,8148,182,2204,472,10352,California
Yolo,2021-01-21,641,13200,380,6975,261,6225,0,0,454,8415,187,2391,454,10806,California
Yolo,2021-01-22,745,13945,249,7224,496,6721,0,0,628,8928,115,2506,628,11434,California
Yolo,2021-01-23,613,14558,124,7348,489,7210,0,0,566,9447,47,2553,566,12000,California
Yolo,2021-01-24,207,14765,124,7472,83,7293,0,0,166,9572,41,2594,166,12166,California
Yolo,2021-01-25,728,15493,152,7624,576,7869,0,0,514,9872,214,2808,514,12680,California
Yolo,2021-01-26,811,16304,326,7950,485,8354,0,0,426,9913,385,3193,426,13106,California
Yolo,2021-01-27,552,16856,222,8172,330,8684,0,0,380,10121,172,3365,380,13486,California
Yolo,2021-01-28,1045,17901,565,8737,480,9164,0,0,922,10921,122,3487,922,14408,California
Yolo,2021-01-29,863,18764,260,8997,603,9767,0,0,782,11623,80,3567,782,15190,California
Yolo,2021-01-30,1515,20279,917,9914,598,10365,0,0,1408,12930,101,3668,1408,16598,California
Yolo,2021-01-31,248,20527,210,10124,38,10403,0,0,213,13109,34,3702,213,16811,California
Yolo,2021-02-01,838,21365,358,10482,480,10883,0,0,610,13494,225,3927,610,17421,California
Yolo,2021-02-02,1318,22683,745,11227,573,11456,0,0,928,14033,390,4317,929,18350,California
Yolo,2021-02-03,1513,24196,395,11622,1118,12574,0,0,1185,14893,325,4642,1185,19535,California
Yolo,2021-02-04,1790,25986,280,11902,1510,14084,0,0,1241,15597,538,5180,1242,20777,California
Yolo,2021-02-05,1590,27576,896,12798,694,14778,0,0,1192,16392,398,5578,1193,21970,California
Yolo,2021-02-06,1915,29491,1245,14043,670,15448,0,0,1554,17586,361,5939,1555,23525,California
Yolo,2021-02-07,514,30005,247,14290,267,15715,0,0,168,17409,345,6284,168,23693,California
Yolo,2021-02-08,953,30958,331,14621,622,16337,0,0,610,17679,340,6624,610,24303,California
Yolo,2021-02-09,851,31809,381,15002,470,16807,0,0,572,17972,279,6903,572,24875,California
Yolo,2021-02-10,1448,33257,472,15474,976,17783,0,0,815,18156,632,7535,816,25691,California
Yolo,2021-02-11,1536,34793,774,16248,762,18545,0,0,1161,18942,375,7910,1161,26852,California
Yolo,2021-02-12,1897,36690,747,16995,1150,19695,0,0,1434,19916,460,8370,1434,28286,California
Yolo,2021-02-13,2051,38741,710,17705,1341,21036,0,0,1388,20641,663,9033,1388,29674,California
Yolo,2021-02-14,569,39310,152,17857,417,21453,0,0,445,20963,123,9156,445,30119,California
Yolo,2021-02-15,524,39834,187,18044,337,21790,0,0,262,20964,262,9418,263,30382,California
Yolo,2021-02-16,1113,40947,426,18470,687,22477,0,0,809,21469,304,9722,809,31191,California
Yolo,2021-02-17,1377,42324,696,19166,681,23158,0,0,987,22066,390,10112,987,32178,California
Yolo,2021-02-18,2436,44760,757,19923,1679,24837,0,0,1675,22980,761,10873,1675,33853,California
Yolo,2021-02-19,1734,46494,743,20666,991,25828,0,0,1120,23488,612,11485,1120,34973,California
Yolo,2021-02-20,2428,48922,938,21604,1490,27318,0,0,1358,23781,1065,12550,1358,36331,California
Yolo,2021-02-21,277,49199,223,21827,54,27372,0,0,73,23651,203,12753,73,36404,California
Yolo,2021-02-22,1357,50556,597,22424,760,28132,0,0,692,23679,664,13417,692,37096,California
Yolo,2021-02-23,1118,51674,838,23262,280,28412,0,0,438,23439,678,14095,438,37534,California
Yolo,2021-02-24,2091,53765,592,23854,1499,29911,0,0,1386,24122,703,14798,1386,38920,California
Yolo,2021-02-25,1336,55101,440,24294,896,30807,0,0,873,24533,462,15260,873,39793,California
Yolo,2021-02-26,2527,57628,977,25271,1550,32357,0,0,1335,24679,1189,16449,1335,41128,California
Yolo,2021-02-27,1643,59271,765,26036,878,33235,0,0,1194,25424,449,16898,1194,42322,California
Yolo,2021-02-28,1775,61046,1490,27526,285,33520,0,0,685,25021,1088,17986,685,43007,California
Yolo,2021-03-01,1072,62118,350,27876,722,34242,0,0,647,25245,423,18409,647,43654,California
Yolo,2021-03-02,1418,63536,676,28552,742,34984,0,0,901,25629,517,18926,901,44555,California
Yolo,2021-03-03,1774,65310,591,29143,1183,36167,0,0,782,25421,990,19916,782,45337,California
Yolo,2021-03-04,2755,68065,1381,30524,1374,37541,0,0,1508,25684,1245,21161,1508,46845,California
Yolo,2021-03-05,2295,70360,1378,31902,906,38447,11,11,1434,26269,860,22021,1445,48290,California
Yolo,2021-03-06,1459,71819,1120,33022,310,38757,29,40,830,26501,627,22648,859,49149,California
Yolo,2021-03-07,901,72720,670,33692,217,38974,14,54,768,27150,133,22781,782,49931,California
Yolo,2021-03-08,1017,73737,477,34169,498,39472,42,96,746,27669,270,23051,789,50720,California
Yolo,2021-03-09,1150,74887,627,34796,463,39935,60,156,755,28091,393,23444,815,51535,California
Yolo,2021-03-10,1709,76596,982,35778,437,40372,290,446,738,28144,970,24414,1023,52558,California
Yolo,2021-03-11,2263,78859,1533,37311,668,41040,62,508,1561,29067,701,25115,1624,54182,California
Yolo,2021-03-12,2813,81672,1311,38622,1434,42474,68,576,1344,29015,1463,26578,1411,55593,California
Yolo,2021-03-13,1809,83481,725,39347,909,43383,175,751,1000,29383,807,27385,1175,56768,California
Yolo,2021-03-14,951,84432,182,39529,620,44003,149,900,491,29564,459,27844,640,57408,California
Yolo,2021-03-15,1315,85747,772,40301,368,44371,175,1075,702,29830,611,28455,877,58285,California
Yolo,2021-03-16,1862,87609,718,41019,1071,45442,73,1148,1101,30243,761,29216,1174,59459,California
Yolo,2021-03-17,2468,90077,960,41979,1435,46877,73,1221,1723,31296,742,29958,1795,61254,California
Yolo,2021-03-18,2869,92946,885,42864,1760,48637,224,1445,1161,30975,1706,31664,1385,62639,California
Yolo,2021-03-19,2016,94962,801,43665,1147,49784,68,1513,1061,31155,949,32613,1129,63768,California
Yolo,2021-03-20,2744,97706,814,44479,1889,51673,41,1554,1117,30694,1621,34234,1160,64928,California
Yolo,2021-03-21,315,98021,217,44696,90,51763,8,1562,227,30842,87,34321,235,65163,California
Yolo,2021-03-22,1369,99390,469,45165,848,52611,52,1614,896,31318,471,34792,947,66110,California
Yolo,2021-03-23,1722,101112,927,46092,739,53350,56,1670,1063,31778,659,35451,1119,67229,California
Yolo,2021-03-24,2836,103948,1403,47495,1384,54734,49,1719,1433,31867,1393,36844,1482,68711,California
Yolo,2021-03-25,2389,106337,1271,48766,1091,55825,27,1746,1159,31832,1221,38065,1186,69897,California
Yolo,2021-03-26,2355,108692,1225,49991,1111,56936,19,1765,1011,31525,1336,39401,1029,70926,California
Yolo,2021-03-27,1619,110311,450,50441,1153,58089,16,1781,753,31429,865,40266,769,71695,California
Yolo,2021-03-28,1097,111408,858,51299,221,58310,18,1799,269,30892,824,41090,287,71982,California
Yolo,2021-03-29,1977,113385,810,52109,1153,59463,14,1813,993,30919,980,42070,1007,72989,California
Yolo,2021-03-30,2265,115650,1065,53174,1175,60638,25,1838,1210,31104,1050,43120,1235,74224,California
Yolo,2021-03-31,2315,117965,1195,54369,1086,61724,34,1872,1223,31270,1091,44211,1257,75481,California
Yolo,2021-04-01,3699,121664,1726,56095,1501,63225,472,2344,1558,31162,2138,46349,2030,77511,California
Yolo,2021-04-02,3040,124704,1457,57552,1523,64748,60,2404,2047,32281,988,47337,2107,79618,California
Yolo,2021-04-03,1763,126467,1064,58616,488,65236,211,2615,794,32318,968,48305,1005,80623,California
Yolo,2021-04-04,377,126844,145,58761,170,65406,62,2677,152,32307,225,48530,214,80837,California
Yolo,2021-04-05,1858,128702,715,59476,1073,66479,70,2747,1021,32565,833,49363,1091,81928,California
Yolo,2021-04-06,2322,131024,1177,60653,1004,67483,141,2888,1230,32853,1084,50447,1372,83300,California
Yolo,2021-04-07,1530,132554,594,61247,838,68321,98,2986,1101,33627,424,50871,1198,84498,California
Yuba,2020-12-16,4,4,4,4,0,0,0,0,4,4,0,0,4,4,California
Yuba,2020-12-17,4,8,4,8,0,0,0,0,4,8,0,0,4,8,California
Yuba,2020-12-18,8,16,8,16,0,0,0,0,8,16,0,0,8,16,California
Yuba,2020-12-19,12,28,12,28,0,0,0,0,12,28,0,0,12,28,California
Yuba,2020-12-20,20,48,20,48,0,0,0,0,20,48,0,0,20,48,California
Yuba,2020-12-21,40,88,40,88,0,0,0,0,40,88,0,0,40,88,California
Yuba,2020-12-22,86,174,86,174,0,0,0,0,86,174,0,0,86,174,California
Yuba,2020-12-23,63,237,61,235,2,2,0,0,63,237,0,0,63,237,California
Yuba,2020-12-24,20,257,10,245,10,12,0,0,20,257,0,0,20,257,California
Yuba,2020-12-26,15,272,13,258,2,14,0,0,15,272,0,0,15,272,California
Yuba,2020-12-27,15,287,15,273,0,14,0,0,15,287,0,0,15,287,California
Yuba,2020-12-28,51,338,35,308,16,30,0,0,51,338,0,0,51,338,California
Yuba,2020-12-29,77,415,10,318,67,97,0,0,77,415,0,0,77,415,California
Yuba,2020-12-30,64,479,21,339,43,140,0,0,64,479,0,0,64,479,California
Yuba,2020-12-31,36,515,6,345,30,170,0,0,36,515,0,0,36,515,California
Yuba,2021-01-02,23,538,22,367,1,171,0,0,23,538,0,0,23,538,California
Yuba,2021-01-03,10,548,6,373,4,175,0,0,10,548,0,0,10,548,California
Yuba,2021-01-04,90,638,21,394,69,244,0,0,90,638,0,0,90,638,California
Yuba,2021-01-05,68,706,36,430,32,276,0,0,67,704,1,1,67,705,California
Yuba,2021-01-06,152,858,75,505,77,353,0,0,146,844,6,7,146,851,California
Yuba,2021-01-07,74,932,19,524,55,408,0,0,71,911,4,11,71,922,California
Yuba,2021-01-08,73,1005,25,549,48,456,0,0,66,970,7,18,66,988,California
Yuba,2021-01-09,19,1024,16,565,3,459,0,0,11,973,8,26,11,999,California
Yuba,2021-01-10,117,1141,22,587,95,554,0,0,95,1046,22,48,95,1094,California
Yuba,2021-01-11,73,1214,50,637,23,577,0,0,33,1039,40,88,33,1127,California
Yuba,2021-01-12,109,1323,79,716,30,607,0,0,44,1018,65,153,44,1171,California
Yuba,2021-01-13,118,1441,71,787,47,654,0,0,54,1009,63,216,54,1225,California
Yuba,2021-01-14,109,1550,43,830,66,720,0,0,97,1094,12,228,97,1322,California
Yuba,2021-01-15,206,1756,88,918,118,838,0,0,195,1278,11,239,195,1517,California
Yuba,2021-01-16,185,1941,21,939,164,1002,0,0,173,1438,13,252,173,1690,California
Yuba,2021-01-17,13,1954,9,948,4,1006,0,0,7,1439,6,258,7,1697,California
Yuba,2021-01-18,60,2014,32,980,28,1034,0,0,35,1449,25,283,35,1732,California
Yuba,2021-01-19,80,2094,29,1009,51,1085,0,0,65,1499,15,298,65,1797,California
Yuba,2021-01-20,132,2226,87,1096,45,1130,0,0,109,1585,23,321,109,1906,California
Yuba,2021-01-21,212,2438,96,1192,116,1246,0,0,203,1779,9,330,203,2109,California
Yuba,2021-01-22,103,2541,6,1198,97,1343,0,0,94,1864,9,339,94,2203,California
Yuba,2021-01-23,199,2740,7,1205,192,1535,0,0,196,2057,3,342,196,2399,California
Yuba,2021-01-24,9,2749,6,1211,3,1538,0,0,7,2062,2,344,7,2406,California
Yuba,2021-01-25,83,2832,27,1238,56,1594,0,0,52,2084,30,374,52,2458,California
Yuba,2021-01-26,148,2980,39,1277,109,1703,0,0,92,2120,56,430,92,2550,California
Yuba,2021-01-27,182,3162,128,1405,54,1757,0,0,115,2168,67,497,115,2665,California
Yuba,2021-01-28,214,3376,78,1483,136,1893,0,0,174,2302,40,537,174,2839,California
Yuba,2021-01-29,158,3534,55,1538,103,1996,0,0,111,2366,47,584,111,2950,California
Yuba,2021-01-30,409,3943,23,1561,386,2382,0,0,398,2753,11,595,398,3348,California
Yuba,2021-01-31,17,3960,12,1573,5,2387,0,0,15,2766,2,597,15,3363,California
Yuba,2021-02-01,152,4112,73,1646,79,2466,0,0,129,2874,22,619,130,3493,California
Yuba,2021-02-02,123,4235,23,1669,100,2566,0,0,101,2953,22,641,101,3594,California
Yuba,2021-02-03,226,4461,29,1698,197,2763,0,0,114,2956,111,752,114,3708,California
Yuba,2021-02-04,295,4756,121,1819,174,2937,0,0,253,3167,42,794,253,3961,California
Yuba,2021-02-05,147,4903,32,1851,115,3052,0,0,71,3162,76,870,71,4032,California
Yuba,2021-02-06,446,5349,25,1876,421,3473,0,0,438,3592,8,878,438,4470,California
Yuba,2021-02-07,18,5367,11,1887,7,3480,0,0,15,3604,3,881,15,4485,California
Yuba,2021-02-08,96,5463,35,1922,61,3541,0,0,66,3640,30,911,66,4551,California
Yuba,2021-02-09,153,5616,55,1977,98,3639,0,0,84,3655,69,980,84,4635,California
Yuba,2021-02-10,347,5963,172,2149,175,3814,0,0,113,3535,233,1213,113,4748,California
Yuba,2021-02-11,396,6359,62,2211,334,4148,0,0,300,3741,94,1307,300,5048,California
Yuba,2021-02-12,265,6624,27,2238,238,4386,0,0,152,3780,113,1420,152,5200,California
Yuba,2021-02-13,436,7060,35,2273,401,4787,0,0,388,4120,48,1468,388,5588,California
Yuba,2021-02-14,53,7113,10,2283,43,4830,0,0,49,4165,4,1472,49,5637,California
Yuba,2021-02-15,87,7200,36,2319,51,4881,0,0,68,4214,19,1491,68,5705,California
Yuba,2021-02-16,194,7394,48,2367,146,5027,0,0,136,4293,57,1548,136,5841,California
Yuba,2021-02-17,369,7763,155,2522,214,5241,0,0,98,4120,271,1819,98,5939,California
Yuba,2021-02-18,305,8068,33,2555,272,5513,0,0,181,4177,124,1943,181,6120,California
Yuba,2021-02-19,224,8292,84,2639,140,5653,0,0,141,4235,83,2026,141,6261,California
Yuba,2021-02-20,387,8679,29,2668,358,6011,0,0,334,4516,53,2079,334,6595,California
Yuba,2021-02-21,16,8695,14,2682,2,6013,0,0,6,4512,10,2089,6,6601,California
Yuba,2021-02-22,128,8823,79,2761,49,6062,0,0,39,4463,88,2177,39,6640,California
Yuba,2021-02-23,114,8937,25,2786,89,6151,0,0,46,4442,67,2244,46,6686,California
Yuba,2021-02-24,477,9414,136,2922,341,6492,0,0,105,4175,372,2616,105,6791,California
Yuba,2021-02-25,331,9745,132,3054,199,6691,0,0,203,4250,128,2744,203,6994,California
Yuba,2021-02-26,253,9998,67,3121,186,6877,0,0,140,4279,111,2855,140,7134,California
Yuba,2021-02-27,471,10469,46,3167,425,7302,0,0,384,4577,86,2941,384,7518,California
Yuba,2021-02-28,65,10534,21,3188,44,7346,0,0,44,4600,21,2962,44,7562,California
Yuba,2021-03-01,151,10685,38,3226,113,7459,0,0,75,4600,75,3037,75,7637,California
Yuba,2021-03-02,150,10835,35,3261,115,7574,0,0,74,4598,76,3113,74,7711,California
Yuba,2021-03-03,611,11446,155,3416,456,8030,0,0,191,4370,419,3532,191,7902,California
Yuba,2021-03-04,463,11909,269,3685,194,8224,0,0,323,4554,139,3671,323,8225,California
Yuba,2021-03-05,313,12222,58,3743,254,8478,1,1,248,4738,65,3736,249,8474,California
Yuba,2021-03-06,480,12702,34,3777,442,8920,4,5,374,5010,106,3842,378,8852,California
Yuba,2021-03-07,51,12753,27,3804,23,8943,1,6,34,5028,17,3859,35,8887,California
Yuba,2021-03-08,158,12911,49,3853,93,9036,16,22,99,5084,59,3918,115,9002,California
Yuba,2021-03-09,177,13088,47,3900,111,9147,19,41,85,5096,92,4010,104,9106,California
Yuba,2021-03-10,733,13821,231,4131,472,9619,30,71,229,4852,503,4513,259,9365,California
Yuba,2021-03-11,427,14248,184,4315,231,9850,12,83,295,5027,132,4645,307,9672,California
Yuba,2021-03-12,434,14682,85,4400,296,10146,53,136,145,4936,289,4934,198,9870,California
Yuba,2021-03-13,445,15127,332,4732,98,10244,15,151,362,5231,82,5016,377,10247,California
Yuba,2021-03-14,87,15214,21,4753,56,10300,10,161,43,5241,43,5059,53,10300,California
Yuba,2021-03-15,194,15408,49,4802,128,10428,17,178,99,5262,95,5154,116,10416,California
Yuba,2021-03-16,256,15664,71,4873,160,10588,25,203,145,5322,110,5264,170,10586,California
Yuba,2021-03-17,724,16388,159,5032,536,11124,29,232,184,4997,538,5802,213,10799,California
Yuba,2021-03-18,559,16947,147,5179,299,11423,113,345,336,5223,223,6025,449,11248,California
Yuba,2021-03-19,321,17268,117,5296,155,11578,49,394,183,5318,137,6162,232,11480,California
Yuba,2021-03-20,550,17818,80,5376,452,12030,18,412,469,5725,80,6242,487,11967,California
Yuba,2021-03-21,59,17877,36,5412,23,12053,0,412,47,5760,12,6254,47,12014,California
Yuba,2021-03-22,189,18066,70,5482,112,12165,7,419,147,5872,42,6296,154,12168,California
Yuba,2021-03-23,236,18302,79,5561,130,12295,27,446,161,5985,75,6371,188,12356,California
Yuba,2021-03-24,747,19049,239,5800,427,12722,81,527,185,5691,560,6931,266,12622,California
Yuba,2021-03-25,483,19532,263,6063,198,12920,22,549,239,5708,244,7175,261,12883,California
Yuba,2021-03-26,382,19914,142,6205,214,13134,26,575,221,5795,160,7335,247,13130,California
Yuba,2021-03-27,457,20371,26,6231,429,13563,2,577,405,6150,52,7387,407,13537,California
Yuba,2021-03-28,98,20469,40,6271,54,13617,4,581,37,6130,61,7448,41,13578,California
Yuba,2021-03-29,290,20759,84,6355,175,13792,31,612,178,6227,112,7560,209,13787,California
Yuba,2021-03-30,270,21029,67,6422,195,13987,8,620,191,6347,79,7639,199,13986,California
Yuba,2021-03-31,668,21697,112,6534,544,14531,12,632,248,6188,419,8058,260,14246,California
Yuba,2021-04-01,601,22298,279,6813,293,14824,29,661,273,6162,328,8386,302,14548,California
Yuba,2021-04-02,468,22766,88,6901,299,15123,81,742,178,6132,289,8675,259,14807,California
Yuba,2021-04-03,647,23413,51,6952,115,15238,481,1223,83,6133,563,9238,564,15371,California
Yuba,2021-04-04,56,23469,10,6962,40,15278,6,1229,31,6145,25,9263,37,15408,California
Yuba,2021-04-05,227,23696,73,7035,135,15413,19,1248,111,6160,114,9377,129,15537,California
Yuba,2021-04-06,259,23955,77,7112,135,15548,47,1295,120,6188,139,9516,167,15704,California
Yuba,2021-04-07,324,24279,38,7150,258,15806,28,1323,236,6363,88,9604,263,15967,California
