county,administered_date,total_doses,cumulative_total_doses,pfizer_doses,cumulative_pfizer_doses,moderna_doses,cumulative_moderna_doses,jj_doses,cumulative_jj_doses,partially_vaccinated,total_partially_vaccinated,fully_vaccinated,cumulative_fully_vaccinated,at_least_one_dose,cumulative_at_least_one_dose,california_flag
All CA Counties,2020-12-15,1137,1137,1137,1137,0,0,0,0,1137,1137,0,0,1137,1137,
All CA Counties,2020-12-16,8426,9563,8426,9563,0,0,0,0,8426,9563,0,0,8426,9563,
All CA Counties,2020-12-17,25872,35435,25872,35435,0,0,0,0,25874,35437,0,0,25874,35437,
All CA Counties,2020-12-18,43896,79331,43840,79275,56,56,0,0,43897,79334,0,0,43897,79334,
All CA Counties,2020-12-19,25317,104648,25293,104568,24,80,0,0,25316,104649,1,1,25316,104650,
All CA Counties,2020-12-20,18994,123642,18967,123535,27,107,0,0,18993,123641,1,2,18993,123643,
All CA Counties,2020-12-21,49642,173284,49557,173092,85,192,0,0,49644,173284,1,3,49644,173287,
All CA Counties,2020-12-22,50000,223284,47873,220965,2127,2319,0,0,49998,223281,1,4,49998,223285,
All CA Counties,2020-12-23,50616,273900,41851,262816,8765,11084,0,0,50612,273893,0,4,50612,273897,
All CA Counties,2020-12-24,24071,297971,16354,279170,7717,18801,0,0,24068,297960,1,5,24068,297965,
All CA Counties,2020-12-25,2340,300311,2019,281189,321,19122,0,0,2340,300300,0,5,2340,300305,
All CA Counties,2020-12-26,14692,315003,9463,290652,5229,24351,0,0,14690,314989,1,6,14690,314995,
All CA Counties,2020-12-27,9435,324438,5589,296241,3846,28197,0,0,9434,324422,1,7,9434,324429,
All CA Counties,2020-12-28,45820,370258,29413,325654,16407,44604,0,0,45818,370237,3,10,45818,370247,
All CA Counties,2020-12-29,50987,421245,28428,354082,22559,67163,0,0,50983,421217,3,13,50983,421230,
All CA Counties,2020-12-30,62866,484111,35516,389598,27350,94513,0,0,62858,484072,3,16,62858,484088,
All CA Counties,2020-12-31,29345,513456,10858,400456,18487,113000,0,0,29336,513402,6,22,29336,513424,
All CA Counties,2021-01-01,4133,517589,1836,402292,2297,115297,0,0,4129,517528,3,25,4129,517553,
All CA Counties,2021-01-02,18431,536020,10357,412649,8074,123371,0,0,18430,535958,0,25,18430,535983,
All CA Counties,2021-01-03,6163,542183,3652,416301,2511,125882,0,0,6134,542080,12,37,6134,542117,
All CA Counties,2021-01-04,43573,585756,22207,438508,21366,147248,0,0,43494,585532,42,79,43494,585611,
All CA Counties,2021-01-05,56473,642229,30087,468595,26386,173634,0,0,51016,631239,5401,5480,51108,636719,
All CA Counties,2021-01-06,73314,715543,40626,509221,32688,206322,0,0,57929,673994,15206,20686,57961,694680,
All CA Counties,2021-01-07,91963,807506,52417,561638,39546,245868,0,0,61300,704848,30495,51181,61349,756029,
All CA Counties,2021-01-08,106584,914090,64130,625768,42454,288322,0,0,65433,729325,41018,92199,65495,821524,
All CA Counties,2021-01-09,44294,958384,25549,651317,18745,307067,0,0,27782,740645,16488,108687,27808,849332,
All CA Counties,2021-01-10,24298,982682,15010,666327,9288,316355,0,0,13066,742513,11215,119902,13083,862415,
All CA Counties,2021-01-11,104353,1087035,69435,735762,34918,351273,0,0,60580,759529,43733,163635,60749,923164,
All CA Counties,2021-01-12,113356,1200391,67115,802877,46241,397514,0,0,72367,791217,40910,204545,72598,995762,
All CA Counties,2021-01-13,118974,1319365,61731,864608,57243,454757,0,0,85312,843030,33577,238122,85390,1081152,
All CA Counties,2021-01-14,123627,1442992,49574,914182,74053,528810,0,0,104065,927797,19458,257580,104225,1185377,
All CA Counties,2021-01-15,141654,1584646,51791,965973,89863,618673,0,0,126622,1039682,14939,272519,126824,1312201,
All CA Counties,2021-01-16,80338,1664984,27318,993291,53020,671693,0,0,72786,1104992,7526,280045,72836,1385037,
All CA Counties,2021-01-17,48088,1713072,16794,1010085,31294,702987,0,0,44454,1145866,3627,283672,44501,1429538,
All CA Counties,2021-01-18,88039,1801111,45940,1056025,42099,745086,0,0,68768,1195597,19196,302868,68927,1498465,
All CA Counties,2021-01-19,141692,1942803,73559,1129584,68133,813219,0,0,110590,1275498,31010,333878,110911,1609376,
All CA Counties,2021-01-20,159947,2102750,81813,1211397,78134,891353,0,0,126419,1368861,33312,367190,126675,1736051,
All CA Counties,2021-01-21,173033,2275783,76854,1288251,96179,987532,0,0,153968,1504320,18855,386045,154314,1890365,
All CA Counties,2021-01-22,169245,2445028,69156,1357407,100089,1087621,0,0,154990,1645330,14124,400169,155134,2045499,
All CA Counties,2021-01-23,111137,2556165,49422,1406829,61715,1149336,0,0,98657,1731677,12422,412591,98769,2144268,
All CA Counties,2021-01-24,60945,2617110,29474,1436303,31471,1180807,0,0,56307,1783433,4608,417199,56364,2200632,
All CA Counties,2021-01-25,144594,2761704,65344,1501647,79250,1260057,0,0,109553,1858421,34917,452116,109905,2310537,
All CA Counties,2021-01-26,168202,2929906,82706,1584353,85496,1345553,0,0,130838,1952280,37235,489351,131094,2441631,
All CA Counties,2021-01-27,179542,3109448,87674,1672027,91868,1437421,0,0,140483,2054224,38748,528099,140692,2582323,
All CA Counties,2021-01-28,187357,3296805,86519,1758546,100838,1538259,0,0,153351,2174058,33722,561821,153556,2735879,
All CA Counties,2021-01-29,183018,3479823,88207,1846753,94811,1633070,0,0,148492,2288757,33957,595778,148656,2884535,
All CA Counties,2021-01-30,123293,3603116,55628,1902381,67665,1700735,0,0,107931,2381628,15198,610976,108069,2992604,
All CA Counties,2021-01-31,68949,3672065,38633,1941014,30316,1731051,0,0,64193,2441168,4707,615683,64247,3056851,
All CA Counties,2021-02-01,161632,3833697,75949,2016963,85683,1816734,0,0,121000,2521815,40475,656158,121122,3177973,
All CA Counties,2021-02-02,184269,4017966,77677,2094640,106592,1923326,0,0,140030,2618101,43965,700123,140251,3318224,
All CA Counties,2021-02-03,210699,4228665,95499,2190139,115200,2038526,0,0,156434,2721008,53769,753892,156676,3474900,
All CA Counties,2021-02-04,227551,4456216,99715,2289854,127836,2166362,0,0,167086,2828514,59933,813825,167439,3642339,
All CA Counties,2021-02-05,245633,4701849,106284,2396138,139349,2305711,0,0,167008,2918175,77863,891688,167524,3809863,
All CA Counties,2021-02-06,154677,4856526,74808,2470946,79869,2385580,0,0,119969,3004088,34545,926233,120458,3930321,
All CA Counties,2021-02-07,66768,4923294,43174,2514120,23594,2409174,0,0,50365,3038576,16326,942559,50814,3981135,
All CA Counties,2021-02-08,180530,5103824,88805,2602925,91725,2500899,0,0,119208,3097620,60897,1003456,119941,4101076,
All CA Counties,2021-02-09,211151,5314975,102101,2705026,109050,2609949,0,0,126701,3141453,84004,1087460,127837,4228913,
All CA Counties,2021-02-10,248128,5563103,119567,2824593,128561,2738510,0,0,137847,3171296,109474,1196934,139317,4368230,
All CA Counties,2021-02-11,265033,5828136,131265,2955858,133768,2872278,0,0,144929,3198992,119013,1315947,146709,4514939,
All CA Counties,2021-02-12,271861,6099997,119218,3075076,152643,3024921,0,0,146804,3223935,124212,1440159,149155,4664094,
All CA Counties,2021-02-13,166635,6266632,77222,3152298,89413,3114334,0,0,92142,3243898,74128,1514287,94091,4758185,
All CA Counties,2021-02-14,95207,6361839,47360,3199658,47847,3162181,0,0,51569,3253531,43477,1557764,53110,4811295,
All CA Counties,2021-02-15,142234,6504073,62386,3262044,79848,3242029,0,0,78757,3272299,63108,1620872,81876,4893171,
All CA Counties,2021-02-16,248542,6752615,117924,3379968,130618,3372647,0,0,133124,3293461,115050,1735922,136212,5029383,
All CA Counties,2021-02-17,258583,7011198,128707,3508675,129876,3502523,0,0,128950,3296506,129104,1865026,132149,5161532,
All CA Counties,2021-02-18,272231,7283429,141979,3650654,130252,3632775,0,0,131751,3292665,139792,2004818,135951,5297483,
All CA Counties,2021-02-19,252140,7535569,146263,3796917,105877,3738652,0,0,130303,3303674,121353,2126171,132362,5429845,
All CA Counties,2021-02-20,152521,7688090,97787,3894704,54734,3793386,0,0,84023,3321418,68245,2194416,85989,5515834,
All CA Counties,2021-02-21,81935,7770025,67903,3962607,14032,3807418,0,0,41289,3323853,40414,2234830,42849,5558683,
All CA Counties,2021-02-22,163536,7933561,109745,4072352,53791,3861209,0,0,82026,3326405,81199,2316029,83751,5642434,
All CA Counties,2021-02-23,224974,8158535,119247,4191599,105727,3966936,0,0,105030,3318049,119361,2435390,111005,5753439,
All CA Counties,2021-02-24,282506,8441041,142841,4334440,139665,4106601,0,0,134763,3313203,147136,2582526,142290,5895729,
All CA Counties,2021-02-25,319398,8760439,157279,4491719,162119,4268720,0,0,167898,3338795,150830,2733356,176422,6072151,
All CA Counties,2021-02-26,352763,9113202,164239,4655958,188524,4457244,0,0,197959,3390092,153913,2887269,205210,6277361,
All CA Counties,2021-02-27,250491,9363693,121934,4777892,128537,4585781,20,20,142236,3429087,107660,2994929,146655,6424016,
All CA Counties,2021-02-28,130251,9493944,77892,4855784,52354,4638135,5,25,76127,3454344,53708,3048637,78965,6502981,
All CA Counties,2021-03-01,239205,9733149,127564,4983348,111554,4749689,87,112,138128,3496174,100367,3149004,142197,6645178,
All CA Counties,2021-03-02,288370,10021519,146010,5129358,142342,4892031,18,130,174375,3563933,113502,3262506,181261,6826439,
All CA Counties,2021-03-03,331241,10352760,164419,5293777,166774,5058805,48,178,190941,3622579,139631,3402137,198277,7024716,
All CA Counties,2021-03-04,350488,10703248,177514,5471291,172886,5231691,88,266,205883,3691685,143874,3546011,212980,7237696,
All CA Counties,2021-03-05,338637,11041885,166933,5638224,170584,5402275,1120,1386,211097,3784384,126747,3672758,219446,7457142,
All CA Counties,2021-03-06,258384,11300269,132857,5771081,117729,5520004,7798,9184,160592,3860073,97383,3770141,173072,7630214,
All CA Counties,2021-03-07,127396,11427665,78415,5849496,44901,5564905,4080,13264,79881,3900370,47330,3817471,87627,7717841,
All CA Counties,2021-03-08,218266,11645931,106190,5955686,101690,5666595,10386,23650,143090,3983997,74805,3892276,158432,7876273,
All CA Counties,2021-03-09,290900,11936831,139286,6094972,135764,5802359,15850,39500,163440,4040351,126988,4019264,183342,8059615,
All CA Counties,2021-03-10,321640,12258471,160796,6255768,136456,5938815,24388,63888,174472,4096832,146535,4165799,203016,8262631,
All CA Counties,2021-03-11,375709,12634180,181788,6437556,160642,6099457,33279,97167,193143,4145806,181664,4347463,230638,8493269,
All CA Counties,2021-03-12,394063,13028243,176309,6613865,171491,6270948,46263,143430,193793,4190506,199490,4546953,244190,8737459,
All CA Counties,2021-03-13,282075,13310318,124752,6738617,126233,6397181,31090,174520,152338,4249001,129294,4676247,187789,8925248,
All CA Counties,2021-03-14,154698,13465016,83217,6821834,56468,6453649,15013,189533,78828,4269513,75593,4751840,96105,9021353,
All CA Counties,2021-03-15,290028,13755044,138665,6960499,130830,6584479,20533,210066,158093,4320277,131235,4883075,181999,9203352,
All CA Counties,2021-03-16,369609,14124653,173721,7134220,178615,6763094,17273,227339,214606,4401063,154289,5037364,235075,9438427,
All CA Counties,2021-03-17,382762,14507415,189446,7323666,174794,6937888,18522,245861,237420,4514967,144546,5181910,258450,9696877,
All CA Counties,2021-03-18,400157,14907572,205057,7528723,177137,7115025,17963,263824,238570,4613046,160520,5342430,258599,9955476,
All CA Counties,2021-03-19,410115,15317687,215768,7744491,172803,7287828,21544,285368,239382,4706162,169786,5512216,262902,10218378,
All CA Counties,2021-03-20,293917,15611604,154385,7898876,123699,7411527,15833,301201,186340,4802849,106929,5619145,203616,10421994,
All CA Counties,2021-03-21,143503,15755107,99219,7998095,36775,7448302,7509,308710,90118,4848777,53046,5672191,98974,10520968,
All CA Counties,2021-03-22,272792,16027899,158994,8157089,102624,7550926,11174,319884,178835,4948576,93215,5765406,193014,10713982,
All CA Counties,2021-03-23,356763,16384662,196422,8353511,149309,7700235,11032,330916,219664,5045629,136212,5901618,233265,10947247,
All CA Counties,2021-03-24,386938,16771600,221802,8575313,152712,7852947,12424,343340,225977,5126369,159757,6061375,240497,11187744,
All CA Counties,2021-03-25,417066,17188666,230031,8805344,172268,8025215,14767,358107,237181,5201867,178609,6239984,254107,11441851,
All CA Counties,2021-03-26,434305,17622971,232604,9037948,185659,8210874,16042,374149,235220,5258066,197904,6437888,254103,11695954,
All CA Counties,2021-03-27,311577,17934548,166145,9204093,133663,8344537,11769,385918,158085,5277457,152698,6590586,172089,11868043,
All CA Counties,2021-03-28,168932,18103480,108757,9312850,56600,8401137,3575,389493,89589,5293624,78909,6669495,95076,11963119,
All CA Counties,2021-03-29,309619,18413099,167296,9480146,133325,8534462,8998,398491,173298,5342824,135588,6805083,184788,12147907,
All CA Counties,2021-03-30,397638,18810737,201752,9681898,177722,8712184,18164,416655,224016,5413923,172871,6977954,243970,12391877,
All CA Counties,2021-03-31,425490,19236227,231759,9913657,172111,8884295,21620,438275,238182,5488440,186331,7164285,260848,12652725,
All CA Counties,2021-04-01,489945,19726172,251624,10165281,198221,9082516,40100,478375,271069,5583147,217642,7381927,312349,12965074,
All CA Counties,2021-04-02,471962,20198134,230421,10395702,198553,9281069,42988,521363,256855,5670818,213917,7595844,301588,13266662,
All CA Counties,2021-04-03,328827,20526961,167568,10563270,119914,9400983,41345,562708,164079,5713249,164137,7759981,206568,13473230,
All CA Counties,2021-04-04,132311,20659272,69041,10632311,44260,9445243,19010,581718,58164,5716703,73864,7833845,77318,13550548,
All CA Counties,2021-04-05,352192,21011464,181686,10813997,131101,9576344,39405,621123,173946,5754941,177579,8011424,215817,13766365,
All CA Counties,2021-04-06,455871,21467335,231263,11045260,159337,9735681,65271,686394,221284,5809853,233694,8245118,288606,14054971,
All CA Counties,2021-04-07,470024,21937359,244316,11289576,156079,9891760,69629,756023,229480,5870589,239650,8484768,300386,14355357,
All CA Counties,2021-04-08,495562,22432921,250220,11539796,161730,10053490,83612,839635,233515,5929146,260968,8745736,319525,14674882,
All CA Counties,2021-04-09,490386,22923307,244772,11784568,166489,10219979,79125,918760,226086,5974281,263307,9009043,308442,14983324,
All CA Counties,2021-04-10,363075,23286382,166410,11950978,123417,10343396,73248,992008,152664,5993164,209711,9218754,228594,15211918,
All CA Counties,2021-04-11,186171,23472553,104451,12055429,47761,10391157,33959,1025967,76911,5997909,108929,9327683,113674,15325592,
All CA Counties,2021-04-12,337118,23809671,173168,12228597,126186,10517343,37764,1063731,156212,6015373,180011,9507694,197475,15523067,
All CA Counties,2021-04-13,429831,24239502,240583,12469180,188317,10705660,931,1064662,240183,6070760,188705,9696399,244092,15767159,
All CA Counties,2021-04-14,447870,24687372,251430,12720610,196161,10901821,279,1064941,234449,6097610,212327,9908726,239177,16006336,
All CA Counties,2021-04-15,488914,25176286,284946,13005556,203731,11105552,237,1065178,274318,6161690,213231,10121957,277311,16283647,
All CA Counties,2021-04-16,473558,25649844,266838,13272394,206413,11311965,307,1065485,252918,6197810,219487,10341444,255607,16539254,
All CA Counties,2021-04-17,339536,25989380,190263,13462657,149232,11461197,41,1065526,193236,6248674,145523,10486967,196387,16735641,
All CA Counties,2021-04-18,153792,26143172,97636,13560293,56140,11517337,16,1065542,79151,6256556,74263,10561230,82145,16817786,
All CA Counties,2021-04-19,316716,26459888,182856,13743149,133773,11651110,87,1065629,149923,6242474,165951,10727181,151869,16969655,
All CA Counties,2021-04-20,405884,26865772,216063,13959212,189758,11840868,63,1065692,202378,6245427,202528,10929709,205481,17175136,
All CA Counties,2021-04-21,418101,27283873,237301,14196513,180542,12021410,258,1065950,200776,6233532,215995,11145704,204100,17379236,
All CA Counties,2021-04-22,445001,27728874,253761,14450274,191169,12212579,71,1066021,198828,6190721,244859,11390563,202048,17581284,
All CA Counties,2021-04-23,436084,28164958,248729,14699003,187271,12399850,84,1066105,197476,6154226,237321,11627884,200826,17782110,
All CA Counties,2021-04-24,321917,28486875,203641,14902644,118115,12517965,161,1066266,163426,6163423,157590,11785474,166787,17948897,
All CA Counties,2021-04-25,149021,28635896,98408,15001052,50548,12568513,65,1066331,80277,6176848,68320,11853794,81745,18030642,
All CA Counties,2021-04-26,278905,28914801,163884,15164936,113571,12682084,1450,1067781,121008,6146620,157003,12010797,126775,18157417,
All CA Counties,2021-04-27,347985,29262786,194016,15358952,148589,12830673,5380,1073161,140355,6088763,206584,12217381,148727,18306144,
All CA Counties,2021-04-28,346039,29608825,198637,15557589,139612,12970285,7790,1080951,140855,6035492,204196,12421577,150925,18457069,
All CA Counties,2021-04-29,354525,29963350,204575,15762164,142160,13112445,7790,1088741,127837,5947324,225609,12647186,137441,18594510,
All CA Counties,2021-04-30,370232,30333582,212919,15975083,148564,13261009,8749,1097490,140012,5868938,229048,12876234,150662,18745172,
All CA Counties,2021-05-01,245132,30578714,156885,16131968,82238,13343247,6009,1103499,89237,5811207,155175,13031409,97444,18842616,
All CA Counties,2021-05-02,115320,30694034,80265,16212233,31237,13374484,3818,1107317,40819,5782082,74129,13105538,45004,18887620,
All CA Counties,2021-05-03,250428,30944462,154698,16366931,87085,13461569,8645,1115962,75830,5693577,173823,13279361,85318,18972938,
All CA Counties,2021-05-04,323858,31268320,197571,16564502,116636,13578205,9651,1125613,95569,5572662,227272,13506633,106357,19079295,
All CA Counties,2021-05-05,326842,31595162,203220,16767722,113702,13691907,9920,1135533,91783,5441416,233913,13740546,102667,19181962,
All CA Counties,2021-05-06,345859,31941021,226012,16993734,109462,13801369,10385,1145918,87976,5285912,256351,13996897,100847,19282809,
All CA Counties,2021-05-07,342053,32283074,214644,17208378,117667,13919036,9742,1155660,92987,5142077,247794,14244691,103959,19386768,
All CA Counties,2021-05-08,222503,32505577,141097,17349475,74743,13993779,6663,1162323,61123,5050881,160367,14405058,69171,19455939,
All CA Counties,2021-05-09,92934,32598511,69862,17419337,20102,14013881,2970,1165293,25447,5012683,67041,14472099,28843,19484782,
All CA Counties,2021-05-10,199212,32797723,113795,17533132,77713,14091594,7704,1172997,49567,4922422,148782,14620881,58521,19543303,
All CA Counties,2021-05-11,257141,33054864,144494,17677626,104597,14196191,8050,1181047,67792,4811423,188475,14809356,77476,19620779,
All CA Counties,2021-05-12,250501,33305365,144392,17822018,97816,14294007,8293,1189340,68602,4708384,180967,14990323,77928,19698707,
All CA Counties,2021-05-13,287656,33593021,185273,18007291,95384,14389391,6999,1196339,107356,4646037,179197,15169520,116850,19815557,
All CA Counties,2021-05-14,329099,33922120,210893,18218184,109627,14499018,8579,1204918,129713,4588130,198269,15367789,140362,19955919,
All CA Counties,2021-05-15,271585,34193705,190053,18408237,75717,14574735,5815,1210733,111822,4547744,158967,15526756,118581,20074500,
All CA Counties,2021-05-16,130716,34324421,101583,18509820,26240,14600975,2893,1213626,53494,4527704,76805,15603561,56765,20131265,
All CA Counties,2021-05-17,234190,34558611,154914,18664734,72116,14673091,7160,1220786,98145,4498634,135226,15738787,106156,20237421,
All CA Counties,2021-05-18,274635,34833246,168075,18832809,99303,14772394,7257,1228043,112563,4458838,160983,15899770,121187,20358608,
All CA Counties,2021-05-19,269023,35102269,168215,19001024,93532,14865926,7276,1235319,115326,4429795,152716,16052486,123673,20482281,
All CA Counties,2021-05-20,219579,35321848,131569,19132593,80938,14946864,7072,1242391,87645,4394709,131026,16183512,95940,20578221,
All CA Counties,2021-05-21,235301,35557149,146129,19278722,82264,15029128,6908,1249299,91713,4351666,142626,16326138,99583,20677804,
All CA Counties,2021-05-22,164091,35721240,110728,19389450,47984,15077112,5379,1254678,72467,4339295,91062,16417200,78691,20756495,
All CA Counties,2021-05-23,59919,35781159,45228,19434678,12623,15089735,2068,1256746,27813,4337497,31858,16449058,30060,20786555,
All CA Counties,2021-05-24,147889,35929048,87200,19521878,53192,15142927,7497,1264243,57697,4313595,89499,16538557,65597,20852152,
All CA Counties,2021-05-25,88960,36018008,53845,19575723,30819,15173746,4296,1268539,29872,4289190,58672,16597229,34267,20886419,
All CA and Non-CA Counties,2020-12-15,1144,1144,1144,1144,0,0,0,0,1144,1144,0,0,1144,1144,
All CA and Non-CA Counties,2020-12-16,8698,9842,8698,9842,0,0,0,0,8698,9842,0,0,8698,9842,
All CA and Non-CA Counties,2020-12-17,27472,37314,27472,37314,0,0,0,0,27472,37314,0,0,27472,37314,
All CA and Non-CA Counties,2020-12-18,46448,83762,46385,83699,63,63,0,0,46448,83762,0,0,46448,83762,
All CA and Non-CA Counties,2020-12-19,26354,110116,26329,110028,25,88,0,0,26353,110114,1,1,26353,110115,
All CA and Non-CA Counties,2020-12-20,19675,129791,19645,129673,30,118,0,0,19674,129787,1,2,19674,129789,
All CA and Non-CA Counties,2020-12-21,51830,181621,51742,181415,88,206,0,0,51828,181614,1,3,51828,181617,
All CA and Non-CA Counties,2020-12-22,52083,233704,49883,231298,2200,2406,0,0,52081,233694,1,4,52081,233698,
All CA and Non-CA Counties,2020-12-23,52146,285850,43241,274539,8905,11311,0,0,52141,285835,0,4,52141,285839,
All CA and Non-CA Counties,2020-12-24,24875,310725,16965,291504,7910,19221,0,0,24872,310706,1,5,24872,310711,
All CA and Non-CA Counties,2020-12-25,2373,313098,2048,293552,325,19546,0,0,2373,313079,0,5,2373,313084,
All CA and Non-CA Counties,2020-12-26,14999,328097,9666,303218,5333,24879,0,0,14997,328075,1,6,14997,328081,
All CA and Non-CA Counties,2020-12-27,9624,337721,5662,308880,3962,28841,0,0,9623,337697,1,7,9623,337704,
All CA and Non-CA Counties,2020-12-28,47235,384956,30309,339189,16926,45767,0,0,47232,384926,3,10,47232,384936,
All CA and Non-CA Counties,2020-12-29,52532,437488,29443,368632,23089,68856,0,0,52528,437451,3,13,52528,437464,
All CA and Non-CA Counties,2020-12-30,64836,502324,36799,405431,28037,96893,0,0,64828,502276,3,16,64828,502292,
All CA and Non-CA Counties,2020-12-31,30462,532786,11458,416889,19004,115897,0,0,30451,532720,7,23,30451,532743,
All CA and Non-CA Counties,2021-01-01,4245,537031,1861,418750,2384,118281,0,0,4241,536958,3,26,4241,536984,
All CA and Non-CA Counties,2021-01-02,18671,555702,10489,429239,8182,126463,0,0,18669,555626,1,27,18669,555653,
All CA and Non-CA Counties,2021-01-03,6333,562035,3743,432982,2590,129053,0,0,6304,561918,12,39,6304,561957,
All CA and Non-CA Counties,2021-01-04,44726,606761,22724,455706,22002,151055,0,0,44641,606516,43,82,44641,606598,
All CA and Non-CA Counties,2021-01-05,58016,664777,30902,486608,27114,178169,0,0,52369,653389,5589,5671,52462,659060,
All CA and Non-CA Counties,2021-01-06,76020,740797,42224,528832,33796,211965,0,0,59898,697379,15940,21611,59930,718990,
All CA and Non-CA Counties,2021-01-07,96169,836966,55017,583849,41152,253117,0,0,63853,729137,32146,53757,63904,782894,
All CA and Non-CA Counties,2021-01-08,111092,948058,67045,650894,44047,297164,0,0,68072,754396,42878,96635,68137,851031,
All CA and Non-CA Counties,2021-01-09,45615,993673,26083,676977,19532,316696,0,0,28776,766385,16815,113450,28804,879835,
All CA and Non-CA Counties,2021-01-10,24602,1018275,15192,692169,9410,326106,0,0,13249,768315,11336,124786,13266,893101,
All CA and Non-CA Counties,2021-01-11,107665,1125940,71456,763625,36209,362315,0,0,62568,785996,45056,169842,62737,955838,
All CA and Non-CA Counties,2021-01-12,117236,1243176,69439,833064,47797,410112,0,0,74708,818494,42444,212286,74942,1030780,
All CA and Non-CA Counties,2021-01-13,122654,1365830,63539,896603,59115,469227,0,0,87823,871651,34747,247033,87904,1118684,
All CA and Non-CA Counties,2021-01-14,127344,1493174,50853,947456,76491,545718,0,0,107141,958868,20086,267119,107303,1225987,
All CA and Non-CA Counties,2021-01-15,145892,1639066,52785,1000241,93107,638825,0,0,130393,1074070,15393,282512,130595,1356582,
All CA and Non-CA Counties,2021-01-16,83031,1722097,27708,1027949,55323,694148,0,0,75303,1141723,7700,290212,75353,1431935,
All CA and Non-CA Counties,2021-01-17,48590,1770687,16950,1044899,31640,725788,0,0,44906,1182999,3677,293889,44953,1476888,
All CA and Non-CA Counties,2021-01-18,89284,1859971,46757,1091656,42527,768315,0,0,69557,1233064,19651,313540,69716,1546604,
All CA and Non-CA Counties,2021-01-19,145744,2005715,74902,1166558,70842,839157,0,0,113751,1315239,31900,345440,114075,1660679,
All CA and Non-CA Counties,2021-01-20,164413,2170128,83297,1249855,81116,920273,0,0,129898,1411098,34296,379736,130155,1790834,
All CA and Non-CA Counties,2021-01-21,177201,2347329,78031,1327886,99170,1019443,0,0,157575,1549616,19403,399139,157921,1948755,
All CA and Non-CA Counties,2021-01-22,173903,2521232,70275,1398161,103628,1123071,0,0,159246,1694485,14522,413661,159391,2108146,
All CA and Non-CA Counties,2021-01-23,113394,2634626,49761,1447922,63633,1186704,0,0,100752,1782765,12584,426245,100864,2209010,
All CA and Non-CA Counties,2021-01-24,61555,2696181,29722,1477644,31833,1218537,0,0,56841,1834978,4685,430930,56898,2265908,
All CA and Non-CA Counties,2021-01-25,149096,2845277,67312,1544956,81784,1300321,0,0,113152,1912666,35817,466747,113505,2379413,
All CA and Non-CA Counties,2021-01-26,174217,3019494,85672,1630628,88545,1388866,0,0,135990,2010819,38100,504847,136253,2515666,
All CA and Non-CA Counties,2021-01-27,184364,3203858,90355,1720983,94009,1482875,0,0,144679,2116339,39369,544216,144889,2660555,
All CA and Non-CA Counties,2021-01-28,192751,3396609,89515,1810498,103236,1586111,0,0,158163,2240410,34297,578513,158368,2818923,
All CA and Non-CA Counties,2021-01-29,188071,3584680,91421,1901919,96650,1682761,0,0,152760,2358595,34741,613254,152926,2971849,
All CA and Non-CA Counties,2021-01-30,127783,3712463,58074,1959993,69709,1752470,0,0,112190,2455494,15430,628684,112329,3084178,
All CA and Non-CA Counties,2021-01-31,72019,3784482,41283,2001276,30736,1783206,0,0,67210,2517999,4760,633444,67265,3151443,
All CA and Non-CA Counties,2021-02-01,167151,3951633,78556,2079832,88595,1871801,0,0,125803,2602739,41185,674629,125925,3277368,
All CA and Non-CA Counties,2021-02-02,191078,4142711,79899,2159731,111179,1982980,0,0,146111,2704386,44685,719314,146332,3423700,
All CA and Non-CA Counties,2021-02-03,218043,4360754,97611,2257342,120432,2103412,0,0,162897,2812884,54642,773956,163140,3586840,
All CA and Non-CA Counties,2021-02-04,234405,4595159,101942,2359284,132463,2235875,0,0,172936,2925246,60928,834884,173290,3760130,
All CA and Non-CA Counties,2021-02-05,252452,4847611,108526,2467810,143926,2379801,0,0,172755,3019586,78931,913815,173271,3933401,
All CA and Non-CA Counties,2021-02-06,159125,5006736,76978,2544788,82147,2461948,0,0,123945,3109014,35009,948824,124437,4057838,
All CA and Non-CA Counties,2021-02-07,69010,5075746,45028,2589816,23982,2485930,0,0,52525,3145582,16408,965232,52976,4110814,
All CA and Non-CA Counties,2021-02-08,185926,5261672,92229,2682045,93697,2579627,0,0,123509,3207843,61981,1027213,124242,4235056,
All CA and Non-CA Counties,2021-02-09,215453,5477125,104041,2786086,111412,2691039,0,0,129687,3253371,85309,1112522,130837,4365893,
All CA and Non-CA Counties,2021-02-10,253767,5730892,121538,2907624,132229,2823268,0,0,141026,3283983,111926,1224448,142538,4508431,
All CA and Non-CA Counties,2021-02-11,269957,6000849,133610,3041234,136347,2959615,0,0,148509,3313942,120348,1344796,150307,4658738,
All CA and Non-CA Counties,2021-02-12,277131,6277980,121204,3162438,155927,3115542,0,0,150222,3340467,126052,1470848,152577,4811315,
All CA and Non-CA Counties,2021-02-13,169081,6447061,77950,3240388,91131,3206673,0,0,94033,3361779,74682,1545530,95994,4907309,
All CA and Non-CA Counties,2021-02-14,96557,6543618,47781,3288169,48776,3255449,0,0,52675,3372281,43716,1589246,54218,4961527,
All CA and Non-CA Counties,2021-02-15,144824,6688442,63952,3352121,80872,3336321,0,0,80019,3391002,64421,1653667,83142,5044669,
All CA and Non-CA Counties,2021-02-16,255067,6943509,120893,3473014,134174,3470495,0,0,135772,3410952,118916,1772583,138866,5183535,
All CA and Non-CA Counties,2021-02-17,264537,7208046,131692,3604706,132845,3603340,0,0,130818,3411791,133183,1905766,134022,5317557,
All CA and Non-CA Counties,2021-02-18,278732,7486778,145769,3750475,132963,3736303,0,0,133832,3405631,144193,2049959,138033,5455590,
All CA and Non-CA Counties,2021-02-19,258053,7744831,150406,3900881,107647,3843950,0,0,132784,3415697,124778,2174737,134844,5590434,
All CA and Non-CA Counties,2021-02-20,155863,7900694,100478,4001359,55385,3899335,0,0,85269,3432596,70337,2245074,87236,5677670,
All CA and Non-CA Counties,2021-02-21,84674,7985368,70425,4071784,14249,3913584,0,0,42140,3434000,42297,2287371,43701,5721371,
All CA and Non-CA Counties,2021-02-22,167017,8152385,112293,4184077,54724,3968308,0,0,83657,3436341,83046,2370417,85387,5806758,
All CA and Non-CA Counties,2021-02-23,231047,8383432,122667,4306744,108380,4076688,0,0,107411,3426696,123045,2493462,113400,5920158,
All CA and Non-CA Counties,2021-02-24,288948,8672380,146401,4453145,142547,4219235,0,0,137278,3420448,151058,2644520,144810,6064968,
All CA and Non-CA Counties,2021-02-25,326378,8998758,160839,4613984,165539,4384774,0,0,171071,3445441,154606,2799126,179599,6244567,
All CA and Non-CA Counties,2021-02-26,359622,9358380,167886,4781870,191736,4576510,0,0,201155,3496355,157493,2956619,208407,6452974,
All CA and Non-CA Counties,2021-02-27,256015,9614395,124721,4906591,131273,4707783,21,21,144138,3533646,111270,3067889,148561,6601535,
All CA and Non-CA Counties,2021-02-28,132707,9747102,79681,4986272,53020,4760803,6,27,76936,3558071,55351,3123240,79776,6681311,
All CA and Non-CA Counties,2021-03-01,244218,9991320,130751,5117023,113379,4874182,88,115,139502,3597651,103997,3227237,143577,6824888,
All CA and Non-CA Counties,2021-03-02,295119,10286439,148505,5265528,146596,5020778,18,133,176456,3662839,118156,3345393,183344,7008232,
All CA and Non-CA Counties,2021-03-03,339114,10625553,167492,5433020,171572,5192350,50,183,193585,3718919,144847,3490240,200927,7209159,
All CA and Non-CA Counties,2021-03-04,357322,10982875,180449,5613469,176781,5369131,92,275,208193,3785833,148382,3638622,215296,7424455,
All CA and Non-CA Counties,2021-03-05,343934,11326809,169622,5783091,173178,5542309,1134,1409,213837,3878745,129296,3767918,222208,7646663,
All CA and Non-CA Counties,2021-03-06,263013,11589822,135015,5918106,120043,5662352,7955,9364,162949,3954687,99652,3867570,175594,7822257,
All CA and Non-CA Counties,2021-03-07,128997,11718819,79442,5997548,45421,5707773,4134,13498,80854,3995385,47958,3915528,88656,7910913,
All CA and Non-CA Counties,2021-03-08,221402,11940221,108055,6105603,102715,5810488,10632,24130,145300,4080577,75703,3991231,160895,8071808,
All CA and Non-CA Counties,2021-03-09,295576,12235797,141673,6247276,137732,5948220,16171,40301,166183,4138065,128918,4120149,186406,8258214,
All CA and Non-CA Counties,2021-03-10,326055,12561852,162916,6410192,138237,6086457,24902,65203,177200,4196116,148214,4268363,206265,8464479,
All CA and Non-CA Counties,2021-03-11,381900,12943752,184947,6595139,162980,6249437,33973,99176,196477,4246268,184515,4452878,234667,8699146,
All CA and Non-CA Counties,2021-03-12,400599,13344351,180246,6775385,173361,6422798,46992,146168,197405,4292400,202404,4655282,248536,8947682,
All CA and Non-CA Counties,2021-03-13,285873,13630224,126944,6902329,127363,6550161,31566,177734,154935,4352786,130487,4785769,190873,9138555,
All CA and Non-CA Counties,2021-03-14,156524,13786748,84159,6986488,57012,6607173,15353,193087,79838,4373836,76408,4862177,97458,9236013,
All CA and Non-CA Counties,2021-03-15,294118,14080866,140799,7127287,132326,6739499,20993,214080,160291,4425373,133123,4995300,184660,9420673,
All CA and Non-CA Counties,2021-03-16,377155,14458021,178115,7305402,181385,6920884,17655,231735,218794,4507371,157644,5152944,239642,9660315,
All CA and Non-CA Counties,2021-03-17,391235,14849256,194916,7500318,177422,7098306,18897,250632,242527,4623397,147907,5300851,263933,9924248,
All CA and Non-CA Counties,2021-03-18,408478,15257734,210182,7710500,179794,7278100,18502,269134,243407,4723377,163995,5464846,263975,10188223,
All CA and Non-CA Counties,2021-03-19,417472,15675206,220126,7930626,175259,7453359,22087,291221,243807,4818537,172714,5637560,267874,10456097,
All CA and Non-CA Counties,2021-03-20,298722,15973928,157554,8088180,125248,7578607,15920,307141,190010,4917854,108056,5745616,207373,10663470,
All CA and Non-CA Counties,2021-03-21,145610,16119538,100667,8188847,37347,7615954,7596,314737,91806,4965141,53462,5799078,100749,10764219,
All CA and Non-CA Counties,2021-03-22,276066,16395604,160966,8349813,103837,7719791,11263,326000,181069,5066236,94242,5893320,195337,10959556,
All CA and Non-CA Counties,2021-03-23,362837,16758441,199517,8549330,151983,7871774,11337,337337,223791,5165789,138144,6031464,237697,11197253,
All CA and Non-CA Counties,2021-03-24,394274,17152715,225574,8774904,155831,8027605,12869,350206,231075,5249839,161988,6193452,246038,11443291,
All CA and Non-CA Counties,2021-03-25,425365,17578080,233903,9008807,176173,8203778,15289,365495,243231,5329676,180843,6374295,260680,11703971,
All CA and Non-CA Counties,2021-03-26,440997,18019077,236166,9244973,188611,8392389,16220,381715,239632,5388212,200156,6574451,258692,11962663,
All CA and Non-CA Counties,2021-03-27,317150,18336227,169299,9414272,135864,8528253,11987,393702,161584,5409249,154766,6729217,175803,12138466,
All CA and Non-CA Counties,2021-03-28,172023,18508250,110412,9524684,57878,8586131,3733,397435,91588,5426487,79995,6809212,97233,12235699,
All CA and Non-CA Counties,2021-03-29,314805,18823055,169634,9694318,135822,8721953,9349,406784,176248,5476759,137818,6947030,188090,12423789,
All CA and Non-CA Counties,2021-03-30,404527,19227582,205387,9899705,180412,8902365,18728,425512,228076,5549671,175689,7122719,248601,12672390,
All CA and Non-CA Counties,2021-03-31,431841,19659423,235584,10135289,173864,9076229,22393,447905,241558,5625364,189301,7312020,264994,12937384,
All CA and Non-CA Counties,2021-04-01,497440,20156863,256137,10391426,200559,9276788,40744,488649,275404,5721892,220794,7532814,317322,13254706,
All CA and Non-CA Counties,2021-04-02,480447,20637310,234957,10626383,201352,9478140,44138,532787,261242,5811007,218008,7750822,307123,13561829,
All CA and Non-CA Counties,2021-04-03,334985,20972295,171228,10797611,121248,9599388,42509,575296,167293,5854882,167072,7917894,210947,13772776,
All CA and Non-CA Counties,2021-04-04,134107,21106402,69921,10867532,44941,9644329,19245,594541,59144,5858735,74678,7992572,78531,13851307,
All CA and Non-CA Counties,2021-04-05,356310,21462712,183733,11051265,132513,9776842,40064,634605,175910,5897448,179727,8172299,218440,14069747,
All CA and Non-CA Counties,2021-04-06,462833,21925545,235014,11286279,160966,9937808,66853,701458,224094,5952610,237834,8410133,292996,14362743,
All CA and Non-CA Counties,2021-04-07,478200,22403745,249028,11535307,157859,10095667,71313,772771,232652,6013204,244646,8654779,305240,14667983,
All CA and Non-CA Counties,2021-04-08,503617,22907362,254507,11789814,163575,10259242,85535,858306,236625,6071856,265906,8920685,324558,14992541,
All CA and Non-CA Counties,2021-04-09,497817,23405179,248641,12038455,168135,10427377,81041,939347,228943,6117201,267872,9188557,313217,15305758,
All CA and Non-CA Counties,2021-04-10,369151,23774330,169485,12207940,124573,10551950,75093,1014440,154357,6135239,214088,9402645,232126,15537884,
All CA and Non-CA Counties,2021-04-11,188986,23963316,105982,12313922,48411,10600361,34593,1049033,77862,6139708,110790,9513435,115259,15653143,
All CA and Non-CA Counties,2021-04-12,341174,24304490,175433,12489355,127440,10727801,38301,1087334,157992,6157218,182281,9695716,199791,15852934,
All CA and Non-CA Counties,2021-04-13,435538,24740028,244265,12733620,190319,10918120,954,1088288,243114,6212789,191475,9887191,247046,16099980,
All CA and Non-CA Counties,2021-04-14,453088,25193116,254715,12988335,198090,11116210,283,1088571,237272,6240075,214718,10101909,242004,16341984,
All CA and Non-CA Counties,2021-04-15,495000,25688116,288771,13277106,205985,11322195,244,1088815,277564,6304622,216018,10317927,280565,16622549,
All CA and Non-CA Counties,2021-04-16,479365,26167481,270166,13547272,208885,11531080,314,1089129,256142,6341400,222061,10539988,258839,16881388,
All CA and Non-CA Counties,2021-04-17,344771,26512252,193392,13740664,151337,11682417,42,1089171,196188,6392943,147797,10687785,199340,17080728,
All CA and Non-CA Counties,2021-04-18,155871,26668123,98787,13839451,57067,11739484,17,1089188,80121,6400693,75367,10763152,83117,17163845,
All CA and Non-CA Counties,2021-04-19,320855,26988978,184872,14024323,135895,11875379,88,1089276,152058,6386756,167944,10931096,154007,17317852,
All CA and Non-CA Counties,2021-04-20,411239,27400217,218516,14242839,192660,12068039,63,1089339,204568,6388740,205687,11136783,207671,17525523,
All CA and Non-CA Counties,2021-04-21,424415,27824632,239953,14482792,184200,12252239,262,1089601,203012,6375020,220061,11356844,206341,17731864,
All CA and Non-CA Counties,2021-04-22,451708,28276340,257205,14739997,194429,12446668,74,1089675,201256,6330373,249127,11605971,204480,17936344,
All CA and Non-CA Counties,2021-04-23,441959,28718299,251681,14991678,190193,12636861,85,1089760,199913,6292895,240743,11846714,203265,18139609,
All CA and Non-CA Counties,2021-04-24,326338,29044637,206561,15198239,119612,12756473,165,1089925,165133,6301099,160297,12007011,168501,18308110,
All CA and Non-CA Counties,2021-04-25,151176,29195813,99676,15297915,51433,12807906,67,1089992,81383,6314589,69366,12076377,82856,18390966,
All CA and Non-CA Counties,2021-04-26,282560,29478373,165526,15463441,115561,12923467,1473,1091465,122657,6284033,159003,12235380,128447,18519413,
All CA and Non-CA Counties,2021-04-27,353303,29831676,195935,15659376,151696,13075163,5672,1097137,142303,6225059,209946,12445326,150972,18670385,
All CA and Non-CA Counties,2021-04-28,350925,30182601,200718,15860094,142023,13217186,8184,1105321,142821,6171237,207109,12652435,153287,18823672,
All CA and Non-CA Counties,2021-04-29,359473,30542074,206849,16066943,144402,13361588,8222,1113543,129778,6082455,228596,12881031,139814,18963486,
All CA and Non-CA Counties,2021-04-30,375260,30917334,215408,16282351,150674,13512262,9178,1122721,142013,6003483,232064,13113095,153092,19116578,
All CA and Non-CA Counties,2021-05-01,248416,31165750,158842,16441193,83136,13595398,6438,1129159,90622,5945674,157066,13270161,99257,19215835,
All CA and Non-CA Counties,2021-05-02,117205,31282955,81365,16522558,31898,13627296,3942,1133101,41687,5916526,75144,13345305,45996,19261831,
All CA and Non-CA Counties,2021-05-03,253467,31536422,156485,16679043,88055,13715351,8927,1142028,77110,5827827,175578,13520883,86879,19348710,
All CA and Non-CA Counties,2021-05-04,328121,31864543,200016,16879059,118007,13833358,10098,1152126,97230,5706419,229868,13750751,108460,19457170,
All CA and Non-CA Counties,2021-05-05,331454,32195997,205957,17085016,115208,13948566,10289,1162415,93666,5574708,236633,13987384,104922,19562092,
All CA and Non-CA Counties,2021-05-06,350374,32546371,228875,17313891,110779,14059345,10720,1173135,89727,5418532,259109,14246493,102933,19665025,
All CA and Non-CA Counties,2021-05-07,346952,32893323,217567,17531458,119263,14178608,10122,1183257,94952,5274121,250715,14497208,106304,19771329,
All CA and Non-CA Counties,2021-05-08,226084,33119407,143570,17675028,75604,14254212,6910,1190167,62653,5182716,162354,14659562,70949,19842278,
All CA and Non-CA Counties,2021-05-09,94314,33213721,70748,17745776,20467,14274679,3099,1193266,26044,5144480,67804,14727366,29568,19871846,
All CA and Non-CA Counties,2021-05-10,201891,33415612,115051,17860827,78810,14353489,8030,1201296,50641,5054034,150369,14877735,59923,19931769,
All CA and Non-CA Counties,2021-05-11,260028,33675640,145906,18006733,105789,14459278,8333,1209629,68954,4942759,190199,15067934,78924,20010693,
All CA and Non-CA Counties,2021-05-12,253374,33929014,145732,18152465,99052,14558330,8590,1218219,69731,4839406,182706,15250640,79353,20090046,
All CA and Non-CA Counties,2021-05-13,290415,34219429,186853,18339318,96363,14654693,7199,1225418,108614,4777023,180693,15431333,118310,20208356,
All CA and Non-CA Counties,2021-05-14,332618,34552047,212923,18552241,110882,14765575,8813,1234231,131359,4719130,200135,15631468,142242,20350598,
All CA and Non-CA Counties,2021-05-15,274234,34826281,191611,18743852,76664,14842239,5959,1240190,113000,4678603,160433,15791901,119906,20470504,
All CA and Non-CA Counties,2021-05-16,132351,34958632,102627,18846479,26762,14869001,2962,1243152,54281,4658575,77650,15869551,57622,20528126,
All CA and Non-CA Counties,2021-05-17,237241,35195873,156577,19003056,73267,14942268,7397,1250549,99578,4629561,136840,16006391,107826,20635952,
All CA and Non-CA Counties,2021-05-18,277884,35473757,169757,19172813,100552,15042820,7575,1258124,114134,4589990,162649,16169040,123078,20759030,
All CA and Non-CA Counties,2021-05-19,272368,35746125,169971,19342784,94852,15137672,7545,1265669,116885,4560996,154495,16323535,125501,20884531,
All CA and Non-CA Counties,2021-05-20,221878,35968003,132978,19475762,81636,15219308,7264,1272933,88841,4526205,132121,16455656,97330,20981861,
All CA and Non-CA Counties,2021-05-21,238025,36206028,147848,19623610,83044,15302352,7133,1280066,93060,4483367,143994,16599650,101156,21083017,
All CA and Non-CA Counties,2021-05-22,166446,36372474,112339,19735949,48546,15350898,5561,1285627,73938,4471771,91939,16691589,80343,21163360,
All CA and Non-CA Counties,2021-05-23,61068,36433542,46170,19782119,12769,15363667,2129,1287756,28483,4470229,32334,16723923,30792,21194152,
All CA and Non-CA Counties,2021-05-24,150753,36584295,88752,19870871,54146,15417813,7855,1295611,59241,4446916,90813,16814736,67500,21261652,
All CA and Non-CA Counties,2021-05-25,90747,36675042,54538,19925409,31311,15449124,4898,1300509,30342,4422274,59981,16874717,35339,21296991,
Outside California,2020-12-15,7,7,7,7,0,0,0,0,7,7,0,0,7,7,Not in California
Outside California,2020-12-16,272,279,272,279,0,0,0,0,272,279,0,0,272,279,Not in California
Outside California,2020-12-17,1598,1877,1598,1877,0,0,0,0,1598,1877,0,0,1598,1877,Not in California
Outside California,2020-12-18,2551,4428,2544,4421,7,7,0,0,2551,4428,0,0,2551,4428,Not in California
Outside California,2020-12-19,1037,5465,1036,5457,1,8,0,0,1037,5465,0,0,1037,5465,Not in California
Outside California,2020-12-20,681,6146,678,6135,3,11,0,0,681,6146,0,0,681,6146,Not in California
Outside California,2020-12-21,2184,8330,2181,8316,3,14,0,0,2184,8330,0,0,2184,8330,Not in California
Outside California,2020-12-22,2083,10413,2010,10326,73,87,0,0,2083,10413,0,0,2083,10413,Not in California
Outside California,2020-12-23,1530,11943,1390,11716,140,227,0,0,1529,11942,0,0,1529,11942,Not in California
Outside California,2020-12-24,804,12747,611,12327,193,420,0,0,804,12746,0,0,804,12746,Not in California
Outside California,2020-12-25,33,12780,29,12356,4,424,0,0,33,12779,0,0,33,12779,Not in California
Outside California,2020-12-26,307,13087,203,12559,104,528,0,0,307,13086,0,0,307,13086,Not in California
Outside California,2020-12-27,189,13276,73,12632,116,644,0,0,189,13275,0,0,189,13275,Not in California
Outside California,2020-12-28,1411,14687,892,13524,519,1163,0,0,1411,14686,0,0,1411,14686,Not in California
Outside California,2020-12-29,1542,16229,1012,14536,530,1693,0,0,1542,16228,0,0,1542,16228,Not in California
Outside California,2020-12-30,1916,18145,1229,15765,687,2380,0,0,1916,18144,0,0,1916,18144,Not in California
Outside California,2020-12-31,1116,19261,600,16365,516,2896,0,0,1115,19258,1,1,1115,19259,Not in California
Outside California,2021-01-01,112,19373,25,16390,87,2983,0,0,112,19370,0,1,112,19371,Not in California
Outside California,2021-01-02,239,19612,132,16522,107,3090,0,0,238,19607,1,2,238,19609,Not in California
Outside California,2021-01-03,170,19782,91,16613,79,3169,0,0,170,19777,0,2,170,19779,Not in California
Outside California,2021-01-04,1150,20932,514,17127,636,3805,0,0,1145,20921,1,3,1145,20924,Not in California
Outside California,2021-01-05,1543,22475,815,17942,728,4533,0,0,1353,22087,188,191,1354,22278,Not in California
Outside California,2021-01-06,2700,25175,1594,19536,1106,5639,0,0,1963,23316,734,925,1963,24241,Not in California
Outside California,2021-01-07,4136,29311,2530,22066,1606,7245,0,0,2483,24150,1651,2576,2485,26726,Not in California
Outside California,2021-01-08,4507,33818,2914,24980,1593,8838,0,0,2637,24930,1860,4436,2640,29366,Not in California
Outside California,2021-01-09,1319,35137,532,25512,787,9625,0,0,991,25596,327,4763,993,30359,Not in California
Outside California,2021-01-10,304,35441,182,25694,122,9747,0,0,183,25658,121,4884,183,30542,Not in California
Outside California,2021-01-11,3293,38734,2002,27696,1291,11038,0,0,1970,26305,1323,6207,1970,32512,Not in California
Outside California,2021-01-12,3870,42604,2315,30011,1555,12593,0,0,2333,27107,1533,7740,2335,34847,Not in California
Outside California,2021-01-13,3670,46274,1798,31809,1872,14465,0,0,2500,28440,1170,8910,2503,37350,Not in California
Outside California,2021-01-14,3714,49988,1276,33085,2438,16903,0,0,3073,30887,628,9538,3075,40425,Not in California
Outside California,2021-01-15,4233,54221,990,34075,3243,20146,0,0,3766,34199,454,9992,3766,44191,Not in California
Outside California,2021-01-16,2687,56908,384,34459,2303,22449,0,0,2511,36536,174,10166,2511,46702,Not in California
Outside California,2021-01-17,499,57407,153,34612,346,22795,0,0,449,36935,50,10216,449,47151,Not in California
Outside California,2021-01-18,1194,58601,766,35378,428,23223,0,0,740,37222,453,10669,740,47891,Not in California
Outside California,2021-01-19,4030,62631,1321,36699,2709,25932,0,0,3142,39479,888,11557,3145,51036,Not in California
Outside California,2021-01-20,4387,67018,1405,38104,2982,28914,0,0,3451,41999,932,12489,3452,54488,Not in California
Outside California,2021-01-21,4112,71130,1123,39227,2989,31903,0,0,3550,45002,547,13036,3550,58038,Not in California
Outside California,2021-01-22,4624,75754,1090,40317,3534,35437,0,0,4222,48827,398,13434,4223,62261,Not in California
Outside California,2021-01-23,2246,78000,334,40651,1912,37349,0,0,2084,50749,162,13596,2084,64345,Not in California
Outside California,2021-01-24,608,78608,246,40897,362,37711,0,0,531,51203,77,13673,531,64876,Not in California
Outside California,2021-01-25,4483,83091,1951,42848,2532,40243,0,0,3583,53890,897,14570,3584,68460,Not in California
Outside California,2021-01-26,5922,89013,2873,45721,3049,43292,0,0,5056,58088,865,15435,5063,73523,Not in California
Outside California,2021-01-27,4806,93819,2665,48386,2141,45433,0,0,4182,61651,620,16055,4183,77706,Not in California
Outside California,2021-01-28,5254,99073,2858,51244,2396,47829,0,0,4729,65865,515,16570,4729,82435,Not in California
Outside California,2021-01-29,4914,103987,3075,54319,1839,49668,0,0,4125,69209,783,17353,4127,86562,Not in California
Outside California,2021-01-30,4479,108466,2437,56756,2042,51710,0,0,4246,73226,230,17583,4247,90809,Not in California
Outside California,2021-01-31,3056,111522,2636,59392,420,52130,0,0,3002,76176,53,17636,3003,93812,Not in California
Outside California,2021-02-01,5482,117004,2571,61963,2911,55041,0,0,4782,80266,692,18328,4782,98594,Not in California
Outside California,2021-02-02,6745,123749,2159,64122,4586,59627,0,0,6024,85576,714,19042,6024,104618,Not in California
Outside California,2021-02-03,7308,131057,2078,66200,5230,64857,0,0,6438,91153,862,19904,6439,111057,Not in California
Outside California,2021-02-04,6798,137855,2176,68376,4622,69479,0,0,5799,95963,990,20894,5800,116857,Not in California
Outside California,2021-02-05,6801,144656,2228,70604,4573,74052,0,0,5733,100632,1064,21958,5733,122590,Not in California
Outside California,2021-02-06,4434,149090,2156,72760,2278,76330,0,0,3967,104144,458,22416,3970,126560,Not in California
Outside California,2021-02-07,2234,151324,1846,74606,388,76718,0,0,2154,106220,80,22496,2156,128716,Not in California
Outside California,2021-02-08,5345,156669,3376,77982,1969,78687,0,0,4287,109460,1047,23543,4287,133003,Not in California
Outside California,2021-02-09,4284,160953,1922,79904,2362,81049,0,0,2982,111165,1291,24834,2996,135999,Not in California
Outside California,2021-02-10,5605,166558,1941,81845,3664,84713,0,0,3170,111950,2427,27261,3212,139211,Not in California
Outside California,2021-02-11,4839,171397,2261,84106,2578,87291,0,0,3537,114213,1292,28553,3555,142766,Not in California
Outside California,2021-02-12,5234,176631,1957,86063,3277,90568,0,0,3409,115813,1813,30366,3413,146179,Not in California
Outside California,2021-02-13,2437,179068,726,86789,1711,92279,0,0,1883,117155,553,30919,1895,148074,Not in California
Outside California,2021-02-14,1343,180411,420,87209,923,93202,0,0,1101,118020,238,31157,1103,149177,Not in California
Outside California,2021-02-15,2549,182960,1531,88740,1018,94220,0,0,1235,117958,1301,32458,1239,150416,Not in California
Outside California,2021-02-16,6424,189384,2878,91618,3546,97766,0,0,2619,116789,3794,36252,2625,153041,Not in California
Outside California,2021-02-17,5944,195328,2977,94595,2967,100733,0,0,1864,114584,4074,40326,1869,154910,Not in California
Outside California,2021-02-18,6412,201740,3706,98301,2706,103439,0,0,2065,112321,4329,44655,2066,156976,Not in California
Outside California,2021-02-19,5729,207469,3964,102265,1765,105204,0,0,2428,111455,3295,47950,2429,159405,Not in California
Outside California,2021-02-20,3335,210804,2686,104951,649,105853,0,0,1244,110613,2087,50037,1245,160650,Not in California
Outside California,2021-02-21,2725,213529,2508,107459,217,106070,0,0,850,109594,1870,51907,851,161501,Not in California
Outside California,2021-02-22,3472,217001,2539,109998,933,107003,0,0,1625,109380,1844,53751,1630,163131,Not in California
Outside California,2021-02-23,6012,223013,3371,113369,2641,109644,0,0,2366,108121,3639,57390,2380,165511,Not in California
Outside California,2021-02-24,6409,229422,3534,116903,2875,112519,0,0,2501,106724,3903,61293,2506,168017,Not in California
Outside California,2021-02-25,6913,236335,3506,120409,3407,115926,0,0,3149,106144,3733,65026,3153,171170,Not in California
Outside California,2021-02-26,6820,243155,3622,124031,3198,119124,0,0,3174,105753,3566,68592,3175,174345,Not in California
Outside California,2021-02-27,5503,248658,2772,126803,2730,121854,1,1,1891,104046,3602,72194,1895,176240,Not in California
Outside California,2021-02-28,2439,251097,1776,128579,662,122516,1,2,799,103209,1638,73832,801,177041,Not in California
Outside California,2021-03-01,4968,256065,3160,131739,1807,124323,1,3,1350,100955,3610,77442,1356,178397,Not in California
Outside California,2021-03-02,6730,262795,2488,134227,4242,128565,0,3,2069,98377,4649,82091,2071,180468,Not in California
Outside California,2021-03-03,7862,270657,3067,137294,4793,133358,2,5,2637,95807,5213,87304,2643,183111,Not in California
Outside California,2021-03-04,6791,277448,2895,140189,3892,137250,4,9,2297,93632,4478,91782,2303,185414,Not in California
Outside California,2021-03-05,5274,282722,2676,142865,2584,139834,14,23,2718,93827,2545,94327,2740,188154,Not in California
Outside California,2021-03-06,4609,287331,2146,145011,2308,142142,155,178,2341,94066,2265,96592,2504,190658,Not in California
Outside California,2021-03-07,1599,288930,1026,146037,519,142661,54,232,970,94464,628,97220,1026,191684,Not in California
Outside California,2021-03-08,3105,292035,1843,147880,1018,143679,244,476,2202,96043,874,98094,2453,194137,Not in California
Outside California,2021-03-09,4641,296676,2359,150239,1965,145644,317,793,2734,97191,1903,99997,3051,197188,Not in California
Outside California,2021-03-10,4406,301082,2114,152353,1780,147424,512,1305,2723,98759,1674,101671,3242,200430,Not in California
Outside California,2021-03-11,6163,307245,3147,155500,2336,149760,680,1985,3327,99937,2830,104501,4008,204438,Not in California
Outside California,2021-03-12,6468,313713,3885,159385,1859,151619,724,2709,3601,101408,2859,107360,4330,208768,Not in California
Outside California,2021-03-13,3782,317495,2188,161573,1122,152741,472,3181,2590,103298,1183,108543,3073,211841,Not in California
Outside California,2021-03-14,1812,319307,936,162509,538,153279,338,3519,1005,103837,807,109350,1346,213187,Not in California
Outside California,2021-03-15,4059,323366,2123,164632,1478,154757,458,3977,2178,104601,1875,111225,2639,215826,Not in California
Outside California,2021-03-16,7499,330865,4374,169006,2747,157504,378,4355,4161,105802,3335,114560,4536,220362,Not in California
Outside California,2021-03-17,8435,339300,5456,174462,2605,160109,374,4729,5074,107894,3357,117917,5449,225811,Not in California
Outside California,2021-03-18,8291,347591,5108,179570,2644,162753,539,5268,4819,109788,3464,121381,5358,231169,Not in California
Outside California,2021-03-19,7328,354919,4340,183910,2445,165198,543,5811,4403,111817,2921,124302,4950,236119,Not in California
Outside California,2021-03-20,4778,359697,3154,187064,1537,166735,87,5898,3655,114443,1116,125418,3742,239861,Not in California
Outside California,2021-03-21,2089,361786,1436,188500,566,167301,87,5985,1674,115791,413,125831,1761,241622,Not in California
Outside California,2021-03-22,3238,365024,1953,190453,1197,168498,88,6073,2216,117080,1015,126846,2304,243926,Not in California
Outside California,2021-03-23,6051,371075,3086,193539,2665,171163,300,6373,4116,119575,1921,128767,4416,248342,Not in California
Outside California,2021-03-24,7313,378388,3763,197302,3105,174268,445,6818,5080,122872,2226,130993,5523,253865,Not in California
Outside California,2021-03-25,8262,386650,3848,201150,3892,178160,522,7340,6025,127195,2225,133218,6548,260413,Not in California
Outside California,2021-03-26,6656,393306,3542,204692,2941,181101,173,7513,4394,129524,2237,135455,4566,264979,Not in California
Outside California,2021-03-27,5541,398847,3139,207831,2187,183288,215,7728,3481,131166,2051,137506,3693,268672,Not in California
Outside California,2021-03-28,3075,401922,1646,209477,1271,184559,158,7886,1988,132230,1082,138588,2146,270818,Not in California
Outside California,2021-03-29,5148,407070,2320,211797,2478,187037,350,8236,2927,133290,2218,140806,3278,274096,Not in California
Outside California,2021-03-30,6848,413918,3610,215407,2674,189711,564,8800,4035,135093,2803,143609,4606,278702,Not in California
Outside California,2021-03-31,6317,420235,3804,219211,1740,191451,773,9573,3353,136257,2959,146568,4123,282825,Not in California
Outside California,2021-04-01,7476,427711,4498,223709,2334,193785,644,10217,4322,138070,3147,149715,4960,287785,Not in California
Outside California,2021-04-02,8444,436155,4519,228228,2784,196569,1141,11358,4369,139510,4068,153783,5508,293293,Not in California
Outside California,2021-04-03,6139,442294,3651,231879,1324,197893,1164,12522,3205,140955,2925,156708,4370,297663,Not in California
Outside California,2021-04-04,1779,444073,876,232755,668,198561,235,12757,970,141350,808,157516,1203,298866,Not in California
Outside California,2021-04-05,4087,448160,2030,234785,1399,199960,658,13415,1947,141820,2135,159651,2605,301471,Not in California
Outside California,2021-04-06,6941,455101,3738,238523,1622,201582,1581,14996,2797,142066,4130,163781,4376,305847,Not in California
Outside California,2021-04-07,8144,463245,4689,243212,1771,203353,1684,16680,3148,141908,4988,168769,4830,310677,Not in California
Outside California,2021-04-08,8025,471270,4267,247479,1839,205192,1919,18599,3095,142001,4921,173690,5014,315691,Not in California
Outside California,2021-04-09,7396,478666,3844,251323,1636,206828,1916,20515,2833,142198,4554,178244,4751,320442,Not in California
Outside California,2021-04-10,6067,484733,3067,254390,1155,207983,1845,22360,1689,141355,4371,182615,3528,323970,Not in California
Outside California,2021-04-11,2804,487537,1524,255914,646,208629,634,22994,946,141079,1856,184471,1580,325550,Not in California
Outside California,2021-04-12,4019,491556,2245,258159,1238,209867,536,23530,1764,141131,2247,186718,2299,327849,Not in California
Outside California,2021-04-13,5663,497219,3656,261815,1984,211851,23,23553,2914,141325,2743,189461,2937,330786,Not in California
Outside California,2021-04-14,5191,502410,3277,265092,1910,213761,4,23557,2817,141777,2369,191830,2821,333607,Not in California
Outside California,2021-04-15,6055,508465,3809,268901,2240,216001,6,23563,3238,142257,2765,194595,3245,336852,Not in California
Outside California,2021-04-16,5782,514247,3313,272214,2462,218463,7,23570,3215,142922,2558,197153,3223,340075,Not in California
Outside California,2021-04-17,5213,519460,3116,275330,2096,220559,1,23571,2946,143609,2259,199412,2946,343021,Not in California
Outside California,2021-04-18,2059,521519,1143,276473,915,221474,1,23572,961,143480,1092,200504,963,343984,Not in California
Outside California,2021-04-19,4104,525623,1995,278468,2108,223582,1,23573,2119,143627,1975,202479,2122,346106,Not in California
Outside California,2021-04-20,5330,530953,2439,280907,2891,226473,0,23573,2184,142672,3139,205618,2184,348290,Not in California
Outside California,2021-04-21,6279,537232,2637,283544,3638,230111,4,23577,2218,140853,4042,209660,2223,350513,Not in California
Outside California,2021-04-22,6684,543916,3430,286974,3251,233362,3,23580,2421,139027,4251,213911,2425,352938,Not in California
Outside California,2021-04-23,5842,549758,2936,289910,2905,236267,1,23581,2419,138040,3408,217319,2421,355359,Not in California
Outside California,2021-04-24,4396,554154,2907,292817,1485,237752,4,23585,1691,137040,2698,220017,1698,357057,Not in California
Outside California,2021-04-25,2131,556285,1258,294075,871,238623,2,23587,1092,137102,1035,221052,1097,358154,Not in California
Outside California,2021-04-26,3635,559920,1629,295704,1983,240606,23,23610,1641,136780,1986,223038,1664,359818,Not in California
Outside California,2021-04-27,5293,565213,1907,297611,3094,243700,292,23902,1941,135675,3343,226381,2238,362056,Not in California
Outside California,2021-04-28,4859,570072,2062,299673,2404,246104,393,24295,1954,135130,2894,229275,2349,364405,Not in California
Outside California,2021-04-29,4915,574987,2252,301925,2231,248335,432,24727,1928,134523,2967,232242,2360,366765,Not in California
Outside California,2021-04-30,5000,579987,2475,304400,2101,250436,424,25151,1987,133933,3001,235243,2411,369176,Not in California
Outside California,2021-05-01,3256,583243,1936,306336,891,251327,429,25580,1366,133847,1880,237123,1794,370970,Not in California
Outside California,2021-05-02,1871,585114,1093,307429,655,251982,123,25703,862,133825,1007,238130,985,371955,Not in California
Outside California,2021-05-03,3013,588127,1769,309198,965,252947,279,25982,1273,133641,1736,239866,1552,373507,Not in California
Outside California,2021-05-04,4242,592369,2434,311632,1365,254312,443,26425,1656,133155,2580,242446,2094,375601,Not in California
Outside California,2021-05-05,4582,596951,2726,314358,1488,255800,368,26793,1867,132687,2706,245152,2238,377839,Not in California
Outside California,2021-05-06,4494,601445,2851,317209,1311,257111,332,27125,1742,132015,2746,247898,2074,379913,Not in California
Outside California,2021-05-07,4873,606318,2909,320118,1586,258697,378,27503,1954,131441,2906,250804,2332,382245,Not in California
Outside California,2021-05-08,3565,609883,2463,322581,857,259554,245,27748,1523,131231,1979,252783,1769,384014,Not in California
Outside California,2021-05-09,1362,611245,881,323462,356,259910,125,27873,589,131191,753,253536,713,384727,Not in California
Outside California,2021-05-10,2661,613906,1245,324707,1091,261001,325,28198,1071,131016,1573,255109,1398,386125,Not in California
Outside California,2021-05-11,2872,616778,1403,326110,1190,262191,279,28477,1154,130735,1717,256826,1436,387561,Not in California
Outside California,2021-05-12,2859,619637,1331,327441,1232,263423,296,28773,1123,130422,1731,258557,1418,388979,Not in California
Outside California,2021-05-13,2744,622381,1570,329011,978,264401,196,28969,1249,130379,1489,260046,1446,390425,Not in California
Outside California,2021-05-14,3495,625876,2010,331021,1252,265653,233,29202,1632,130388,1857,261903,1866,392291,Not in California
Outside California,2021-05-15,2628,628504,1539,332560,945,266598,144,29346,1166,130244,1457,263360,1313,393604,Not in California
Outside California,2021-05-16,1608,630112,1026,333586,514,267112,68,29414,771,130250,834,264194,840,394444,Not in California
Outside California,2021-05-17,3027,633139,1645,335231,1147,268259,235,29649,1418,130298,1605,265799,1653,396097,Not in California
Outside California,2021-05-18,3210,636349,1654,336885,1240,269499,316,29965,1540,130498,1658,267457,1858,397955,Not in California
Outside California,2021-05-19,3308,639657,1728,338613,1312,270811,268,30233,1539,130542,1763,269220,1807,399762,Not in California
Outside California,2021-05-20,2115,641772,1234,339847,690,271501,191,30424,1021,130669,1087,270307,1214,400976,Not in California
Outside California,2021-05-21,2531,644303,1533,341380,774,272275,224,30648,1162,130696,1360,271667,1387,402363,Not in California
Outside California,2021-05-22,2150,646453,1414,342794,556,272831,180,30828,1281,131294,862,272529,1460,403823,Not in California
Outside California,2021-05-23,1028,647481,822,343616,146,272977,60,30888,551,131431,475,273004,612,404435,Not in California
Outside California,2021-05-24,2487,649968,1279,344895,861,273838,347,31235,1190,131677,1292,274296,1538,405973,Not in California
Outside California,2021-05-25,1785,651753,693,345588,490,274328,602,31837,468,131438,1309,275605,1070,407043,Not in California
Unknown,2020-12-17,2,2,2,2,0,0,0,0,0,0,0,0,0,0,Not in California
Unknown,2020-12-18,1,3,1,3,0,0,0,0,0,0,0,0,0,0,Not in California
Unknown,2020-12-21,4,7,4,7,0,0,0,0,0,0,0,0,0,0,Not in California
Unknown,2020-12-28,4,11,4,11,0,0,0,0,3,3,0,0,3,3,Not in California
Unknown,2020-12-29,3,14,3,14,0,0,0,0,3,6,0,0,3,6,Not in California
Unknown,2020-12-30,54,68,54,68,0,0,0,0,54,60,0,0,54,60,Not in California
Unknown,2020-12-31,1,69,0,68,1,1,0,0,0,60,0,0,0,60,Not in California
Unknown,2021-01-02,1,70,0,68,1,2,0,0,1,61,0,0,1,61,Not in California
Unknown,2021-01-04,3,73,3,71,0,2,0,0,2,63,0,0,2,63,Not in California
Unknown,2021-01-06,6,79,4,75,2,4,0,0,6,69,0,0,6,69,Not in California
Unknown,2021-01-07,70,149,70,145,0,4,0,0,70,139,0,0,70,139,Not in California
Unknown,2021-01-08,1,150,1,146,0,4,0,0,2,141,0,0,2,141,Not in California
Unknown,2021-01-09,2,152,2,148,0,4,0,0,3,144,0,0,3,144,Not in California
Unknown,2021-01-11,19,171,19,167,0,4,0,0,18,162,0,0,18,162,Not in California
Unknown,2021-01-12,10,181,9,176,1,5,0,0,8,170,1,1,9,171,Not in California
Unknown,2021-01-13,10,191,10,186,0,5,0,0,11,181,0,1,11,182,Not in California
Unknown,2021-01-14,3,194,3,189,0,5,0,0,3,184,0,1,3,185,Not in California
Unknown,2021-01-15,5,199,4,193,1,6,0,0,5,189,0,1,5,190,Not in California
Unknown,2021-01-16,6,205,6,199,0,6,0,0,6,195,0,1,6,196,Not in California
Unknown,2021-01-17,3,208,3,202,0,6,0,0,3,198,0,1,3,199,Not in California
Unknown,2021-01-18,51,259,51,253,0,6,0,0,49,245,2,3,49,248,Not in California
Unknown,2021-01-19,22,281,22,275,0,6,0,0,19,262,2,5,19,267,Not in California
Unknown,2021-01-20,79,360,79,354,0,6,0,0,28,238,52,57,28,295,Not in California
Unknown,2021-01-21,56,416,54,408,2,8,0,0,57,294,1,58,57,352,Not in California
Unknown,2021-01-22,34,450,29,437,5,13,0,0,34,328,0,58,34,386,Not in California
Unknown,2021-01-23,11,461,5,442,6,19,0,0,11,339,0,58,11,397,Not in California
Unknown,2021-01-24,2,463,2,444,0,19,0,0,3,342,0,58,3,400,Not in California
Unknown,2021-01-25,19,482,17,461,2,21,0,0,16,355,3,61,16,416,Not in California
Unknown,2021-01-26,93,575,93,554,0,21,0,0,96,451,0,61,96,512,Not in California
Unknown,2021-01-27,16,591,16,570,0,21,0,0,14,464,1,62,14,526,Not in California
Unknown,2021-01-28,140,731,138,708,2,23,0,0,83,487,60,122,83,609,Not in California
Unknown,2021-01-29,139,870,139,847,0,23,0,0,143,629,1,123,143,752,Not in California
Unknown,2021-01-30,11,881,9,856,2,25,0,0,13,640,2,125,13,765,Not in California
Unknown,2021-01-31,14,895,14,870,0,25,0,0,15,655,0,125,15,780,Not in California
Unknown,2021-02-01,37,932,36,906,1,26,0,0,21,658,18,143,21,801,Not in California
Unknown,2021-02-02,64,996,63,969,1,27,0,0,57,709,6,149,57,858,Not in California
Unknown,2021-02-03,36,1032,34,1003,2,29,0,0,25,723,11,160,25,883,Not in California
Unknown,2021-02-04,56,1088,51,1054,5,34,0,0,51,769,5,165,51,934,Not in California
Unknown,2021-02-05,18,1106,14,1068,4,38,0,0,14,779,4,169,14,948,Not in California
Unknown,2021-02-06,14,1120,14,1082,0,38,0,0,9,782,6,175,9,957,Not in California
Unknown,2021-02-07,8,1128,8,1090,0,38,0,0,6,786,2,177,6,963,Not in California
Unknown,2021-02-08,51,1179,48,1138,3,41,0,0,14,763,37,214,14,977,Not in California
Unknown,2021-02-09,18,1197,18,1156,0,41,0,0,4,753,14,228,4,981,Not in California
Unknown,2021-02-10,34,1231,30,1186,4,45,0,0,9,737,25,253,9,990,Not in California
Unknown,2021-02-11,85,1316,84,1270,1,46,0,0,43,737,43,296,43,1033,Not in California
Unknown,2021-02-12,36,1352,29,1299,7,53,0,0,9,719,27,323,9,1042,Not in California
Unknown,2021-02-13,9,1361,2,1301,7,60,0,0,8,726,1,324,8,1050,Not in California
Unknown,2021-02-14,7,1368,1,1302,6,66,0,0,5,730,1,325,5,1055,Not in California
Unknown,2021-02-15,41,1409,35,1337,6,72,0,0,27,745,12,337,27,1082,Not in California
Unknown,2021-02-16,101,1510,91,1428,10,82,0,0,29,702,72,409,29,1111,Not in California
Unknown,2021-02-17,10,1520,8,1436,2,84,0,0,4,701,5,414,4,1115,Not in California
Unknown,2021-02-18,89,1609,84,1520,5,89,0,0,16,645,72,486,16,1131,Not in California
Unknown,2021-02-19,184,1793,179,1699,5,94,0,0,53,568,130,616,53,1184,Not in California
Unknown,2021-02-20,7,1800,5,1704,2,96,0,0,2,565,5,621,2,1186,Not in California
Unknown,2021-02-21,14,1814,14,1718,0,96,0,0,1,553,13,634,1,1187,Not in California
Unknown,2021-02-22,9,1823,9,1727,0,96,0,0,6,556,3,637,6,1193,Not in California
Unknown,2021-02-23,61,1884,49,1776,12,108,0,0,15,526,45,682,15,1208,Not in California
Unknown,2021-02-24,33,1917,26,1802,7,115,0,0,14,521,19,701,14,1222,Not in California
Unknown,2021-02-25,67,1984,54,1856,13,128,0,0,24,502,43,744,24,1246,Not in California
Unknown,2021-02-26,39,2023,25,1881,14,142,0,0,22,510,14,758,22,1268,Not in California
Unknown,2021-02-27,21,2044,15,1896,6,148,0,0,11,513,8,766,11,1279,Not in California
Unknown,2021-02-28,17,2061,13,1909,4,152,0,0,10,518,5,771,10,1289,Not in California
Unknown,2021-03-01,45,2106,27,1936,18,170,0,0,24,522,20,791,24,1313,Not in California
Unknown,2021-03-02,19,2125,7,1943,12,182,0,0,12,529,5,796,12,1325,Not in California
Unknown,2021-03-03,11,2136,6,1949,5,187,0,0,7,533,3,799,7,1332,Not in California
Unknown,2021-03-04,43,2179,40,1989,3,190,0,0,13,516,30,829,13,1345,Not in California
Unknown,2021-03-05,23,2202,13,2002,10,200,0,0,22,534,4,833,22,1367,Not in California
Unknown,2021-03-06,20,2222,12,2014,6,206,2,2,16,548,4,837,18,1385,Not in California
Unknown,2021-03-07,2,2224,1,2015,1,207,0,2,3,551,0,837,3,1388,Not in California
Unknown,2021-03-08,31,2255,22,2037,7,214,2,4,8,537,24,861,10,1398,Not in California
Unknown,2021-03-09,35,2290,28,2065,3,217,4,8,9,523,27,888,13,1411,Not in California
Unknown,2021-03-10,9,2299,6,2071,1,218,2,10,5,525,5,893,7,1418,Not in California
Unknown,2021-03-11,28,2327,12,2083,2,220,14,24,7,525,21,914,21,1439,Not in California
Unknown,2021-03-12,68,2395,52,2135,11,231,5,29,11,486,55,969,16,1455,Not in California
Unknown,2021-03-13,16,2411,4,2139,8,239,4,33,7,487,10,979,11,1466,Not in California
Unknown,2021-03-14,14,2425,6,2145,6,245,2,35,5,486,8,987,7,1473,Not in California
Unknown,2021-03-15,31,2456,11,2156,18,263,2,37,20,495,13,1000,22,1495,Not in California
Unknown,2021-03-16,47,2503,20,2176,23,286,4,41,27,506,20,1020,31,1526,Not in California
Unknown,2021-03-17,38,2541,14,2190,23,309,1,42,33,536,4,1024,34,1560,Not in California
Unknown,2021-03-18,30,2571,17,2207,13,322,0,42,18,543,11,1035,18,1578,Not in California
Unknown,2021-03-19,29,2600,18,2225,11,333,0,42,22,558,7,1042,22,1600,Not in California
Unknown,2021-03-20,27,2627,15,2240,12,345,0,42,15,562,11,1053,15,1615,Not in California
Unknown,2021-03-21,18,2645,12,2252,6,351,0,42,14,573,3,1056,14,1629,Not in California
Unknown,2021-03-22,36,2681,19,2271,16,367,1,43,18,580,12,1068,19,1648,Not in California
Unknown,2021-03-23,23,2704,9,2280,9,376,5,48,11,585,11,1079,16,1664,Not in California
Unknown,2021-03-24,23,2727,9,2289,14,390,0,48,18,598,5,1084,18,1682,Not in California
Unknown,2021-03-25,37,2764,24,2313,13,403,0,48,25,614,9,1093,25,1707,Not in California
Unknown,2021-03-26,36,2800,20,2333,11,414,5,53,18,622,15,1108,23,1730,Not in California
Unknown,2021-03-27,32,2832,15,2348,14,428,3,56,18,626,17,1125,21,1751,Not in California
Unknown,2021-03-28,16,2848,9,2357,7,435,0,56,11,633,4,1129,11,1762,Not in California
Unknown,2021-03-29,38,2886,18,2375,19,454,1,57,23,645,12,1141,24,1786,Not in California
Unknown,2021-03-30,41,2927,25,2400,16,470,0,57,25,655,15,1156,25,1811,Not in California
Unknown,2021-03-31,34,2961,21,2421,13,483,0,57,23,667,11,1167,23,1834,Not in California
Unknown,2021-04-01,19,2980,15,2436,4,487,0,57,13,675,5,1172,13,1847,Not in California
Unknown,2021-04-02,41,3021,17,2453,15,502,9,66,18,679,23,1195,27,1874,Not in California
Unknown,2021-04-03,19,3040,9,2462,10,512,0,66,9,678,10,1205,9,1883,Not in California
Unknown,2021-04-04,17,3057,4,2466,13,525,0,66,10,682,6,1211,10,1893,Not in California
Unknown,2021-04-05,31,3088,17,2483,13,538,1,67,17,687,13,1224,18,1911,Not in California
Unknown,2021-04-06,21,3109,13,2496,7,545,1,68,13,691,10,1234,14,1925,Not in California
Unknown,2021-04-07,32,3141,23,2519,9,554,0,68,24,707,8,1242,24,1949,Not in California
Unknown,2021-04-08,30,3171,20,2539,6,560,4,72,15,709,17,1259,19,1968,Not in California
Unknown,2021-04-09,35,3206,25,2564,10,570,0,72,24,722,11,1270,24,1992,Not in California
Unknown,2021-04-10,9,3215,8,2572,1,571,0,72,4,720,6,1276,4,1996,Not in California
Unknown,2021-04-11,11,3226,7,2579,4,575,0,72,5,720,5,1281,5,2001,Not in California
Unknown,2021-04-12,37,3263,20,2599,16,591,1,73,16,714,23,1304,17,2018,Not in California
Unknown,2021-04-13,44,3307,26,2625,18,609,0,73,17,704,27,1331,17,2035,Not in California
Unknown,2021-04-14,27,3334,8,2633,19,628,0,73,6,688,22,1353,6,2041,Not in California
Unknown,2021-04-15,31,3365,16,2649,14,642,1,74,8,675,22,1375,9,2050,Not in California
Unknown,2021-04-16,25,3390,15,2664,10,652,0,74,9,668,16,1391,9,2059,Not in California
Unknown,2021-04-17,22,3412,13,2677,9,661,0,74,6,660,15,1406,7,2066,Not in California
Unknown,2021-04-18,20,3432,8,2685,12,673,0,74,9,657,12,1418,9,2075,Not in California
Unknown,2021-04-19,35,3467,21,2706,14,687,0,74,16,655,18,1436,16,2091,Not in California
Unknown,2021-04-20,25,3492,14,2720,11,698,0,74,6,641,20,1456,6,2097,Not in California
Unknown,2021-04-21,35,3527,15,2735,20,718,0,74,18,635,24,1480,18,2115,Not in California
Unknown,2021-04-22,23,3550,14,2749,9,727,0,74,7,625,17,1497,7,2122,Not in California
Unknown,2021-04-23,33,3583,16,2765,17,744,0,74,18,629,14,1511,18,2140,Not in California
Unknown,2021-04-24,25,3608,13,2778,12,756,0,74,16,636,9,1520,16,2156,Not in California
Unknown,2021-04-25,24,3632,10,2788,14,770,0,74,14,639,11,1531,14,2170,Not in California
Unknown,2021-04-26,20,3652,13,2801,7,777,0,74,8,633,14,1545,8,2178,Not in California
Unknown,2021-04-27,25,3677,12,2813,13,790,0,74,7,621,19,1564,7,2185,Not in California
Unknown,2021-04-28,27,3704,19,2832,7,797,1,75,12,615,19,1583,13,2198,Not in California
Unknown,2021-04-29,33,3737,22,2854,11,808,0,75,13,608,20,1603,13,2211,Not in California
Unknown,2021-04-30,28,3765,14,2868,9,817,5,80,14,612,15,1618,19,2230,Not in California
Unknown,2021-05-01,28,3793,21,2889,7,824,0,80,19,620,11,1629,19,2249,Not in California
Unknown,2021-05-02,14,3807,7,2896,6,830,1,81,6,619,8,1637,7,2256,Not in California
Unknown,2021-05-03,26,3833,18,2914,5,835,3,84,7,609,19,1656,9,2265,Not in California
Unknown,2021-05-04,21,3854,11,2925,6,841,4,88,5,602,16,1672,9,2274,Not in California
Unknown,2021-05-05,30,3884,11,2936,18,859,1,89,16,605,14,1686,17,2291,Not in California
Unknown,2021-05-06,21,3905,12,2948,6,865,3,92,9,605,12,1698,12,2303,Not in California
Unknown,2021-05-07,26,3931,14,2962,10,875,2,94,11,603,15,1713,13,2316,Not in California
Unknown,2021-05-08,16,3947,10,2972,4,879,2,96,7,604,8,1721,9,2325,Not in California
Unknown,2021-05-09,18,3965,5,2977,9,888,4,100,8,606,10,1731,12,2337,Not in California
Unknown,2021-05-10,18,3983,11,2988,6,894,1,101,3,596,14,1745,4,2341,Not in California
Unknown,2021-05-11,15,3998,9,2997,2,896,4,105,8,601,7,1752,12,2353,Not in California
Unknown,2021-05-12,14,4012,9,3006,4,900,1,106,6,600,8,1760,7,2360,Not in California
Unknown,2021-05-13,15,4027,10,3016,1,901,4,110,9,607,7,1767,14,2374,Not in California
Unknown,2021-05-14,24,4051,20,3036,3,904,1,111,14,612,9,1776,14,2388,Not in California
Unknown,2021-05-15,21,4072,19,3055,2,906,0,111,12,615,9,1785,12,2400,Not in California
Unknown,2021-05-16,27,4099,18,3073,8,914,1,112,16,621,11,1796,17,2417,Not in California
Unknown,2021-05-17,24,4123,18,3091,4,918,2,114,15,629,9,1805,17,2434,Not in California
Unknown,2021-05-18,39,4162,28,3119,9,927,2,116,31,654,8,1813,33,2467,Not in California
Unknown,2021-05-19,37,4199,28,3147,8,935,1,117,20,659,16,1829,21,2488,Not in California
Unknown,2021-05-20,184,4383,175,3322,8,943,1,118,175,827,8,1837,176,2664,Not in California
Unknown,2021-05-21,193,4576,186,3508,6,949,1,119,185,1005,8,1845,186,2850,Not in California
Unknown,2021-05-22,205,4781,197,3705,6,955,2,121,190,1182,15,1860,192,3042,Not in California
Unknown,2021-05-23,121,4902,120,3825,0,955,1,122,119,1301,1,1861,120,3162,Not in California
Unknown,2021-05-24,377,5279,273,4098,93,1048,11,133,354,1644,22,1883,365,3527,Not in California
Unknown,2021-05-25,2,5281,0,4098,2,1050,0,133,2,1646,0,1883,2,3529,Not in California
Alameda,2020-12-15,36,36,36,36,0,0,0,0,36,36,0,0,36,36,California
Alameda,2020-12-16,208,244,208,244,0,0,0,0,208,244,0,0,208,244,California
Alameda,2020-12-17,397,641,397,641,0,0,0,0,397,641,0,0,397,641,California
Alameda,2020-12-18,1791,2432,1790,2431,1,1,0,0,1791,2432,0,0,1791,2432,California
Alameda,2020-12-19,1437,3869,1437,3868,0,1,0,0,1437,3869,0,0,1437,3869,California
Alameda,2020-12-20,1186,5055,1185,5053,1,2,0,0,1185,5053,1,1,1185,5054,California
Alameda,2020-12-21,1861,6916,1859,6912,2,4,0,0,1860,6913,0,1,1860,6914,California
Alameda,2020-12-22,2102,9018,2049,8961,53,57,0,0,2102,9015,0,1,2102,9016,California
Alameda,2020-12-23,1961,10979,1703,10664,258,315,0,0,1962,10977,0,1,1962,10978,California
Alameda,2020-12-24,1217,12196,760,11424,457,772,0,0,1217,12194,0,1,1217,12195,California
Alameda,2020-12-25,167,12363,130,11554,37,809,0,0,167,12361,0,1,167,12362,California
Alameda,2020-12-26,870,13233,327,11881,543,1352,0,0,870,13231,0,1,870,13232,California
Alameda,2020-12-27,502,13735,258,12139,244,1596,0,0,502,13733,0,1,502,13734,California
Alameda,2020-12-28,1883,15618,960,13099,923,2519,0,0,1883,15616,0,1,1883,15617,California
Alameda,2020-12-29,2477,18095,1071,14170,1406,3925,0,0,2476,18092,0,1,2476,18093,California
Alameda,2020-12-30,3085,21180,1316,15486,1769,5694,0,0,3085,21177,0,1,3085,21178,California
Alameda,2020-12-31,1794,22974,443,15929,1351,7045,0,0,1792,22968,1,2,1792,22970,California
Alameda,2021-01-01,172,23146,69,15998,103,7148,0,0,171,23138,1,3,171,23141,California
Alameda,2021-01-02,726,23872,526,16524,200,7348,0,0,725,23863,0,3,725,23866,California
Alameda,2021-01-03,341,24213,221,16745,120,7468,0,0,338,24198,3,6,338,24204,California
Alameda,2021-01-04,1645,25858,942,17687,703,8171,0,0,1633,25820,11,17,1633,25837,California
Alameda,2021-01-05,2217,28075,1276,18963,941,9112,0,0,1981,27568,233,250,1981,27818,California
Alameda,2021-01-06,3275,31350,1807,20770,1468,10580,0,0,2428,29154,844,1094,2430,30248,California
Alameda,2021-01-07,3811,35161,2149,22919,1662,12242,0,0,2681,30719,1121,2215,2686,32934,California
Alameda,2021-01-08,4764,39925,2728,25647,2036,14278,0,0,3110,32185,1649,3864,3115,36049,California
Alameda,2021-01-09,2032,41957,1383,27030,649,14927,0,0,1173,32499,859,4723,1173,37222,California
Alameda,2021-01-10,1068,43025,886,27916,182,15109,0,0,427,32284,642,5365,427,37649,California
Alameda,2021-01-11,4658,47683,3520,31436,1138,16247,0,0,2861,33356,1796,7161,2868,40517,California
Alameda,2021-01-12,4835,52518,3258,34694,1577,17824,0,0,3448,35421,1386,8547,3451,43968,California
Alameda,2021-01-13,5030,57548,2657,37351,2373,20197,0,0,3840,38077,1186,9733,3842,47810,California
Alameda,2021-01-14,5643,63191,2780,40131,2863,23060,0,0,4755,41956,879,10612,4758,52568,California
Alameda,2021-01-15,5831,69022,2311,42442,3520,26580,0,0,5065,46266,759,11371,5069,57637,California
Alameda,2021-01-16,3003,72025,1409,43851,1594,28174,0,0,2733,48730,270,11641,2734,60371,California
Alameda,2021-01-17,1870,73895,1085,44936,785,28959,0,0,1663,50188,206,11847,1664,62035,California
Alameda,2021-01-18,3195,77090,2053,46989,1142,30101,0,0,2602,52204,588,12435,2604,64639,California
Alameda,2021-01-19,5532,82622,3333,50322,2199,32300,0,0,4341,55358,1189,13624,4343,68982,California
Alameda,2021-01-20,6783,89405,4110,54432,2673,34973,0,0,5492,59576,1278,14902,5496,74478,California
Alameda,2021-01-21,7786,97191,3410,57842,4376,39349,0,0,6947,65695,833,15735,6952,81430,California
Alameda,2021-01-22,6847,104038,2042,59884,4805,44154,0,0,5708,70273,1132,16867,5710,87140,California
Alameda,2021-01-23,3285,107323,951,60835,2334,46488,0,0,2729,72446,556,17423,2729,89869,California
Alameda,2021-01-24,2049,109372,656,61491,1393,47881,0,0,1772,73945,273,17696,1772,91641,California
Alameda,2021-01-25,5202,114574,1974,63465,3228,51109,0,0,3618,75988,1576,19272,3619,95260,California
Alameda,2021-01-26,7251,121825,2298,65763,4953,56062,0,0,5383,79512,1860,21132,5384,100644,California
Alameda,2021-01-27,6641,128466,2062,67825,4579,60641,0,0,4798,82477,1833,22965,4798,105442,California
Alameda,2021-01-28,7893,136359,2553,70378,5340,65981,0,0,5652,85905,2225,25190,5653,111095,California
Alameda,2021-01-29,7939,144298,3192,73570,4747,70728,0,0,6118,90213,1811,27001,6119,117214,California
Alameda,2021-01-30,3430,147728,1683,75253,1747,72475,0,0,2719,92227,705,27706,2719,119933,California
Alameda,2021-01-31,1893,149621,957,76210,936,73411,0,0,1660,93657,230,27936,1660,121593,California
Alameda,2021-02-01,6497,156118,3896,80106,2601,76012,0,0,4348,95866,2140,30076,4349,125942,California
Alameda,2021-02-02,6957,163075,3750,83856,3207,79219,0,0,4656,98228,2294,32370,4656,130598,California
Alameda,2021-02-03,7094,170169,3735,87591,3359,82578,0,0,4397,99939,2691,35061,4402,135000,California
Alameda,2021-02-04,9519,179688,4143,91734,5376,87954,0,0,6408,103254,3098,38159,6413,141413,California
Alameda,2021-02-05,10329,190017,5391,97125,4938,92892,0,0,6457,105851,3866,42025,6463,147876,California
Alameda,2021-02-06,6979,196996,4426,101551,2553,95445,0,0,5853,110579,1125,43150,5853,153729,California
Alameda,2021-02-07,3591,200587,2900,104451,691,96136,0,0,2647,112286,941,44091,2648,156377,California
Alameda,2021-02-08,8082,208669,5780,110231,2302,98438,0,0,5527,115268,2547,46638,5529,161906,California
Alameda,2021-02-09,9718,218387,5857,116088,3861,102299,0,0,6055,117681,3644,50282,6057,167963,California
Alameda,2021-02-10,11462,229849,6780,122868,4682,106981,0,0,6559,119360,4888,55170,6567,174530,California
Alameda,2021-02-11,13936,243785,8004,130872,5932,112913,0,0,8372,122191,5545,60715,8376,182906,California
Alameda,2021-02-12,12548,256333,5714,136586,6834,119747,0,0,7763,125189,4768,65483,7766,190672,California
Alameda,2021-02-13,7794,264127,4051,140637,3743,123490,0,0,5831,129064,1958,67441,5833,196505,California
Alameda,2021-02-14,4040,268167,2539,143176,1501,124991,0,0,2873,130777,1163,68604,2876,199381,California
Alameda,2021-02-15,5680,273847,3190,146366,2490,127481,0,0,3697,132496,1981,70585,3700,203081,California
Alameda,2021-02-16,12530,286377,6954,153320,5576,133057,0,0,9316,138614,3204,73789,9322,212403,California
Alameda,2021-02-17,14175,300552,8423,161743,5752,138809,0,0,10541,145540,3617,77406,10543,222946,California
Alameda,2021-02-18,15906,316458,10099,171842,5807,144616,0,0,11551,152750,4347,81753,11557,234503,California
Alameda,2021-02-19,17680,334138,11473,183315,6207,150823,0,0,11711,158519,5947,87700,11716,246219,California
Alameda,2021-02-20,11891,346029,9634,192949,2257,153080,0,0,9162,164963,2724,90424,9168,255387,California
Alameda,2021-02-21,7691,353720,6760,199709,931,154011,0,0,5205,167693,2475,92899,5205,260592,California
Alameda,2021-02-22,10806,364526,8020,207729,2786,156797,0,0,6851,170611,3942,96841,6860,267452,California
Alameda,2021-02-23,12914,377440,7910,215639,5004,161801,0,0,8115,173944,4789,101630,8122,275574,California
Alameda,2021-02-24,14786,392226,8332,223971,6454,168255,0,0,9634,178494,5090,106720,9640,285214,California
Alameda,2021-02-25,15642,407868,9139,233110,6503,174758,0,0,9983,182860,5626,112346,9992,295206,California
Alameda,2021-02-26,18127,425995,10660,243770,7467,182225,0,0,11727,188234,6357,118703,11731,306937,California
Alameda,2021-02-27,14897,440892,11004,254774,3891,186116,2,2,9280,191927,5591,124294,9284,316221,California
Alameda,2021-02-28,9183,450075,7746,262520,1437,187553,0,2,6090,194950,3068,127362,6091,322312,California
Alameda,2021-03-01,13506,463581,9435,271955,4062,191615,9,11,8413,198333,5046,132408,8429,330741,California
Alameda,2021-03-02,15064,478645,10841,282796,4222,195837,1,12,9900,203097,5144,137552,9908,340649,California
Alameda,2021-03-03,15706,494351,10277,293073,5428,201265,1,13,10727,208878,4951,142503,10732,351381,California
Alameda,2021-03-04,17443,511794,11184,304257,6257,207522,2,15,10989,213448,6421,148924,10991,362372,California
Alameda,2021-03-05,16299,528093,10679,314936,5611,213133,9,24,11013,219237,5239,154163,11028,373400,California
Alameda,2021-03-06,14557,542650,10270,325206,4022,217155,265,289,9648,224289,4862,159025,9914,383314,California
Alameda,2021-03-07,9774,552424,8509,333715,1184,218339,81,370,6983,228593,2762,161787,7066,390380,California
Alameda,2021-03-08,11982,564406,7475,341190,4128,222467,379,749,8974,234989,2957,164744,9353,399733,California
Alameda,2021-03-09,14718,579124,10334,351524,3952,226419,432,1181,8049,236840,6633,171377,8484,408217,California
Alameda,2021-03-10,17548,596672,12189,363713,4799,231218,560,1741,7932,235738,9590,180967,8488,416705,California
Alameda,2021-03-11,19831,616503,11621,375334,6504,237722,1706,3447,6763,231164,13037,194004,8463,425168,California
Alameda,2021-03-12,21429,637932,12535,387869,7191,244913,1703,5150,7515,226485,13888,207892,9209,434377,California
Alameda,2021-03-13,16097,654029,10341,398210,4759,249672,997,6147,5149,221722,10912,218804,6149,440526,California
Alameda,2021-03-14,10919,664948,8031,406241,2096,251768,792,6939,3424,218452,7475,226279,4205,444731,California
Alameda,2021-03-15,14526,679474,9510,415751,4485,256253,531,7470,6325,217134,8171,234450,6853,451584,California
Alameda,2021-03-16,17308,696782,11239,426990,5529,261782,540,8010,7427,215273,9829,244279,7968,459552,California
Alameda,2021-03-17,17544,714326,9926,436916,6897,268679,721,8731,8115,214717,9389,253668,8833,468385,California
Alameda,2021-03-18,19253,733579,10493,447409,7862,276541,898,9629,8784,213966,10437,264105,9686,478071,California
Alameda,2021-03-19,19461,753040,10684,458093,6977,283518,1800,11429,7683,211712,11731,275836,9477,487548,California
Alameda,2021-03-20,15862,768902,10390,468483,4615,288133,857,12286,6441,209620,9387,285223,7295,494843,California
Alameda,2021-03-21,9262,778164,7285,475768,1422,289555,555,12841,3787,208497,5465,290688,4342,499185,California
Alameda,2021-03-22,15118,793282,10205,485973,3904,293459,1009,13850,7026,208462,8065,298753,8030,507215,California
Alameda,2021-03-23,19409,812691,11781,497754,6813,300272,815,14665,9876,209674,9485,308238,10697,517912,California
Alameda,2021-03-24,19323,832014,11725,509479,6579,306851,1019,15684,8447,208319,10812,319050,9457,527369,California
Alameda,2021-03-25,20629,852643,11484,520963,7738,314589,1407,17091,9502,208161,11057,330107,10899,538268,California
Alameda,2021-03-26,21058,873701,12715,533678,6772,321361,1571,18662,8548,205806,12464,342571,10109,548377,California
Alameda,2021-03-27,18434,892135,12570,546248,4902,326263,962,19624,7593,203549,10794,353365,8537,556914,California
Alameda,2021-03-28,10687,902822,8703,554951,1781,328044,203,19827,3531,200147,7143,360508,3741,560655,California
Alameda,2021-03-29,14789,917611,9489,564440,4304,332348,996,20823,5999,198386,8754,369262,6993,567648,California
Alameda,2021-03-30,18688,936299,9891,574331,7075,339423,1722,22545,9329,200102,9328,378590,11044,578692,California
Alameda,2021-03-31,19491,955790,10324,584655,7061,346484,2106,24651,9170,201073,10294,388884,11265,589957,California
Alameda,2021-04-01,23423,979213,10083,594738,7656,354140,5684,30335,11098,205561,12280,401164,16768,606725,California
Alameda,2021-04-02,24175,1003388,9980,604718,8332,362472,5863,36198,11695,210651,12441,413605,17531,624256,California
Alameda,2021-04-03,20410,1023798,9843,614561,5702,368174,4865,41063,10350,215821,10041,423646,15211,639467,California
Alameda,2021-04-04,9991,1033789,3991,618552,2287,370461,3713,44776,3465,216485,6509,430155,7173,646640,California
Alameda,2021-04-05,17850,1051639,7540,626092,5533,375994,4777,49553,7272,217978,10553,440708,12046,658686,California
Alameda,2021-04-06,22226,1073865,10712,636804,5667,381661,5847,55400,10076,221773,12113,452821,15908,674594,California
Alameda,2021-04-07,22598,1096463,11601,648405,5526,387187,5471,60871,11450,227584,11102,463923,16913,691507,California
Alameda,2021-04-08,25465,1121928,11518,659923,5981,393168,7966,68837,10876,231894,14516,478439,18826,710333,California
Alameda,2021-04-09,23333,1145261,10656,670579,7459,400627,5218,74055,12008,237827,11293,489732,17226,727559,California
Alameda,2021-04-10,18849,1164110,7428,678007,5597,406224,5824,79879,8140,241090,10685,500417,13948,741507,California
Alameda,2021-04-11,10992,1175102,4793,682800,2264,408488,3935,83814,4469,242975,6506,506923,8391,749898,California
Alameda,2021-04-12,18013,1193115,11719,694519,4308,412796,1986,85800,10118,247214,7860,514783,12099,761997,California
Alameda,2021-04-13,23027,1216142,14610,709129,8361,421157,56,85856,16935,258176,6039,520822,17001,778998,California
Alameda,2021-04-14,23116,1239258,15185,724314,7930,429087,1,85857,15604,266309,7479,528301,15612,794610,California
Alameda,2021-04-15,24110,1263368,15398,739712,8710,437797,2,85859,15992,274253,8058,536359,16002,810612,California
Alameda,2021-04-16,24423,1287791,14423,754135,9995,447792,5,85864,15736,281374,8631,544990,15752,826364,California
Alameda,2021-04-17,20905,1308696,14446,768581,6459,454251,0,85864,14436,289390,6434,551424,14450,840814,California
Alameda,2021-04-18,9979,1318675,7633,776214,2346,456597,0,85864,6905,293255,3045,554469,6910,847724,California
Alameda,2021-04-19,15671,1334346,9758,785972,5912,462509,1,85865,9086,295803,6548,561017,9096,856820,California
Alameda,2021-04-20,18192,1352538,11129,797101,7061,469570,2,85867,9980,297638,8167,569184,10002,866822,California
Alameda,2021-04-21,19165,1371703,11220,808321,7935,477505,10,85877,11184,300922,7928,577112,11212,878034,California
Alameda,2021-04-22,21464,1393167,13833,822154,7628,485133,3,85880,11429,302397,9981,587093,11456,889490,California
Alameda,2021-04-23,21810,1414977,14147,836301,7660,492793,3,85883,12216,305109,9533,596626,12245,901735,California
Alameda,2021-04-24,19023,1434000,14452,850753,4564,497357,7,85890,10064,306275,8915,605541,10081,911816,California
Alameda,2021-04-25,8945,1442945,6934,857687,2010,499367,1,85891,5834,309037,3083,608624,5845,917661,California
Alameda,2021-04-26,13820,1456765,9645,867332,4152,503519,23,85914,8596,312471,5194,613818,8628,926289,California
Alameda,2021-04-27,15803,1472568,9402,876734,6096,509615,305,86219,7457,311960,8297,622115,7786,934075,California
Alameda,2021-04-28,16000,1488568,10194,886928,5340,514955,466,86685,6263,308992,9708,631823,6740,940815,California
Alameda,2021-04-29,16770,1505338,10058,896986,6387,521342,325,87010,6007,304630,10714,642537,6352,947167,California
Alameda,2021-04-30,19488,1524826,12012,908998,7136,528478,340,87350,7894,301384,11519,654056,8273,955440,California
Alameda,2021-05-01,13981,1538807,9332,918330,4445,532923,204,87554,5220,298114,8723,662779,5453,960893,California
Alameda,2021-05-02,7034,1545841,4892,923222,1973,534896,169,87723,2872,297013,4147,666926,3046,963939,California
Alameda,2021-05-03,14413,1560254,10908,934130,3185,538081,320,88043,2820,288630,11551,678477,3168,967107,California
Alameda,2021-05-04,18254,1578508,13092,947222,4804,542885,358,88401,3649,278127,14541,693018,4038,971145,California
Alameda,2021-05-05,18307,1596815,13292,960514,4508,547393,507,88908,3743,267891,14501,707519,4265,975410,California
Alameda,2021-05-06,18582,1615397,14044,974558,3844,551237,694,89602,3599,257287,14910,722429,4306,979716,California
Alameda,2021-05-07,19091,1634488,12859,987417,5819,557056,413,90015,4352,247403,14671,737100,4787,984503,California
Alameda,2021-05-08,16458,1650946,11254,998671,4991,562047,213,90228,3097,237404,13323,750423,3324,987827,California
Alameda,2021-05-09,8508,1659454,6953,1005624,1412,563459,143,90371,1452,231967,7035,757458,1598,989425,California
Alameda,2021-05-10,10084,1669538,6890,1012514,2867,566326,327,90698,2484,227218,7568,765026,2819,992244,California
Alameda,2021-05-11,14974,1684512,8002,1020516,6673,572999,299,90997,2708,218033,12224,777250,3039,995283,California
Alameda,2021-05-12,12585,1697097,8261,1028777,3910,576909,414,91411,2620,211169,9924,787174,3060,998343,California
Alameda,2021-05-13,16716,1713813,11963,1040740,4234,581143,519,91930,5155,205353,11520,798694,5704,1004047,California
Alameda,2021-05-14,20406,1734219,13844,1054584,6141,587284,421,92351,7019,199496,13310,812004,7453,1011500,California
Alameda,2021-05-15,17018,1751237,12376,1066960,4415,591699,227,92578,5784,194320,11194,823198,6018,1017518,California
Alameda,2021-05-16,8348,1759585,7134,1074094,1122,592821,92,92670,2785,191670,5533,828731,2883,1020401,California
Alameda,2021-05-17,13272,1772857,9863,1083957,2882,595703,527,93197,4330,187634,8909,837640,4873,1025274,California
Alameda,2021-05-18,14052,1786909,10186,1094143,3444,599147,422,93619,5145,184336,8868,846508,5570,1030844,California
Alameda,2021-05-19,14308,1801217,9766,1103909,4210,603357,332,93951,6115,182641,8144,854652,6449,1037293,California
Alameda,2021-05-20,11465,1812682,7653,1111562,3384,606741,428,94379,5362,182370,6063,860715,5792,1043085,California
Alameda,2021-05-21,13474,1826156,8878,1120440,4368,611109,228,94607,4545,178269,8873,869588,4772,1047857,California
Alameda,2021-05-22,8896,1835052,6562,1127002,2190,613299,144,94751,3710,176963,5161,874749,3855,1051712,California
Alameda,2021-05-23,3749,1838801,3068,1130070,613,613912,68,94819,1170,175633,2569,877318,1239,1052951,California
Alameda,2021-05-24,6844,1845645,3926,1133996,2663,616575,255,95074,2751,174572,4066,881384,3005,1055956,California
Alameda,2021-05-25,4721,1850366,3045,1137041,1532,618107,144,95218,1908,173827,2796,884180,2051,1058007,California
Alpine,2020-12-18,2,2,2,2,0,0,0,0,2,2,0,0,2,2,California
Alpine,2020-12-19,2,4,2,4,0,0,0,0,2,4,0,0,2,4,California
Alpine,2020-12-21,2,6,2,6,0,0,0,0,2,6,0,0,2,6,California
Alpine,2020-12-30,14,20,0,6,14,14,0,0,14,20,0,0,14,20,California
Alpine,2020-12-31,1,21,0,6,1,15,0,0,1,21,0,0,1,21,California
Alpine,2021-01-01,1,22,0,6,1,16,0,0,1,22,0,0,1,22,California
Alpine,2021-01-02,1,23,1,7,0,16,0,0,1,23,0,0,1,23,California
Alpine,2021-01-04,10,33,0,7,10,26,0,0,10,33,0,0,10,33,California
Alpine,2021-01-05,9,42,1,8,8,34,0,0,9,42,0,0,9,42,California
Alpine,2021-01-06,31,73,0,8,31,65,0,0,31,73,0,0,31,73,California
Alpine,2021-01-07,8,81,0,8,8,73,0,0,8,81,0,0,8,81,California
Alpine,2021-01-08,4,85,2,10,2,75,0,0,2,81,2,2,2,83,California
Alpine,2021-01-09,2,87,2,12,0,75,0,0,0,79,2,4,0,83,California
Alpine,2021-01-11,32,119,1,13,31,106,0,0,31,109,1,5,31,114,California
Alpine,2021-01-13,35,154,0,13,35,141,0,0,35,144,0,5,35,149,California
Alpine,2021-01-14,1,155,0,13,1,142,0,0,1,145,0,5,1,150,California
Alpine,2021-01-15,1,156,0,13,1,143,0,0,1,146,0,5,1,151,California
Alpine,2021-01-20,21,177,0,13,21,164,0,0,21,167,0,5,21,172,California
Alpine,2021-01-21,1,178,0,13,1,165,0,0,1,168,0,5,1,173,California
Alpine,2021-01-22,33,211,0,13,33,198,0,0,33,201,0,5,33,206,California
Alpine,2021-01-23,1,212,1,14,0,198,0,0,0,200,1,6,0,206,California
Alpine,2021-01-25,16,228,0,14,16,214,0,0,16,216,0,6,16,222,California
Alpine,2021-01-27,1,229,1,15,0,214,0,0,0,215,1,7,0,222,California
Alpine,2021-01-28,1,230,0,15,1,215,0,0,0,214,1,8,0,222,California
Alpine,2021-01-29,1,231,0,15,1,216,0,0,1,215,0,8,1,223,California
Alpine,2021-02-01,25,256,0,15,25,241,0,0,7,204,18,26,7,230,California
Alpine,2021-02-03,34,290,0,15,34,275,0,0,10,190,24,50,10,240,California
Alpine,2021-02-04,8,298,0,15,8,283,0,0,3,188,5,55,3,243,California
Alpine,2021-02-05,31,329,0,15,31,314,0,0,12,181,19,74,12,255,California
Alpine,2021-02-08,32,361,0,15,32,346,0,0,4,157,28,102,4,259,California
Alpine,2021-02-10,34,395,0,15,34,380,0,0,0,123,34,136,0,259,California
Alpine,2021-02-11,6,401,0,15,6,386,0,0,3,123,3,139,3,262,California
Alpine,2021-02-12,1,402,0,15,1,387,0,0,0,122,1,140,0,262,California
Alpine,2021-02-17,23,425,0,15,23,410,0,0,3,105,20,160,3,265,California
Alpine,2021-02-18,2,427,0,15,2,412,0,0,1,105,1,161,1,266,California
Alpine,2021-02-19,34,461,1,16,33,445,0,0,2,75,32,193,2,268,California
Alpine,2021-02-22,27,488,0,16,27,472,0,0,8,64,19,212,8,276,California
Alpine,2021-02-24,1,489,1,17,0,472,0,0,1,65,0,212,1,277,California
Alpine,2021-02-25,6,495,1,18,5,477,0,0,6,71,0,212,6,283,California
Alpine,2021-02-26,30,525,1,19,29,506,0,0,29,99,1,213,29,312,California
Alpine,2021-02-27,1,526,0,19,1,507,0,0,1,100,0,213,1,313,California
Alpine,2021-03-01,36,562,0,19,36,543,0,0,26,116,10,223,26,339,California
Alpine,2021-03-03,29,591,0,19,29,572,0,0,18,123,11,234,18,357,California
Alpine,2021-03-04,11,602,1,20,10,582,0,0,11,134,0,234,11,368,California
Alpine,2021-03-05,30,632,0,20,30,612,0,0,22,148,8,242,22,390,California
Alpine,2021-03-08,31,663,0,20,31,643,0,0,29,175,2,244,29,419,California
Alpine,2021-03-10,73,736,0,20,73,716,0,0,73,248,0,244,73,492,California
Alpine,2021-03-11,35,771,0,20,35,751,0,0,31,275,4,248,31,523,California
Alpine,2021-03-12,19,790,0,20,19,770,0,0,17,290,2,250,17,540,California
Alpine,2021-03-15,21,811,1,21,20,790,0,0,20,309,1,251,20,560,California
Alpine,2021-03-17,23,834,0,21,22,812,1,1,19,325,4,255,20,580,California
Alpine,2021-03-18,38,872,3,24,35,847,0,1,35,357,3,258,35,615,California
Alpine,2021-03-19,2,874,1,25,1,848,0,1,1,357,1,259,1,616,California
Alpine,2021-03-22,24,898,0,25,24,872,0,1,15,363,9,268,15,631,California
Alpine,2021-03-24,19,917,0,25,19,891,0,1,8,360,11,279,8,639,California
Alpine,2021-03-25,35,952,1,26,33,924,1,2,28,382,7,286,29,668,California
Alpine,2021-03-27,1,953,0,26,1,925,0,2,0,381,1,287,0,668,California
Alpine,2021-03-28,1,954,1,27,0,925,0,2,1,382,0,287,1,669,California
Alpine,2021-03-29,19,973,0,27,18,943,1,3,2,368,17,304,3,672,California
Alpine,2021-04-01,18,991,0,27,18,961,0,3,8,366,10,314,8,680,California
Alpine,2021-04-02,101,1092,1,28,100,1061,0,3,46,358,54,368,46,726,California
Alpine,2021-04-05,4,1096,1,29,3,1064,0,3,0,354,4,372,0,726,California
Alpine,2021-04-06,3,1099,2,31,1,1065,0,3,2,355,1,373,2,728,California
Alpine,2021-04-07,117,1216,0,31,116,1181,1,4,30,300,86,459,31,759,California
Alpine,2021-04-08,36,1252,0,31,35,1216,1,5,10,285,26,485,11,770,California
Alpine,2021-04-09,2,1254,0,31,2,1218,0,5,2,287,0,485,2,772,California
Alpine,2021-04-14,47,1301,0,31,47,1265,0,5,10,260,37,522,10,782,California
Alpine,2021-04-15,35,1336,0,31,35,1300,0,5,3,231,32,554,3,785,California
Alpine,2021-04-16,1,1337,0,31,1,1301,0,5,1,232,0,554,1,786,California
Alpine,2021-04-19,1,1338,0,31,1,1302,0,5,1,233,0,554,1,787,California
Alpine,2021-04-21,31,1369,0,31,31,1333,0,5,15,232,16,570,15,802,California
Alpine,2021-04-22,24,1393,0,31,24,1357,0,5,1,210,23,593,1,803,California
Alpine,2021-04-24,2,1395,2,33,0,1357,0,5,0,209,2,595,1,804,California
Alpine,2021-04-25,1,1396,1,34,0,1357,0,5,0,208,1,596,0,804,California
Alpine,2021-04-27,2,1398,1,35,1,1358,0,5,1,208,1,597,1,805,California
Alpine,2021-04-28,36,1434,0,35,36,1394,0,5,6,184,30,627,6,811,California
Alpine,2021-04-29,7,1441,1,36,6,1400,0,5,1,179,6,633,1,812,California
Alpine,2021-04-30,2,1443,1,37,0,1400,1,6,1,180,1,634,2,814,California
Alpine,2021-05-02,1,1444,0,37,0,1400,1,7,0,180,1,635,1,815,California
Alpine,2021-05-05,17,1461,0,37,17,1417,0,7,4,171,13,648,4,819,California
Alpine,2021-05-06,8,1469,0,37,8,1425,0,7,0,163,8,656,0,819,California
Alpine,2021-05-07,1,1470,0,37,1,1426,0,7,0,162,1,657,0,819,California
Alpine,2021-05-10,1,1471,0,37,1,1427,0,7,1,163,0,657,1,820,California
Alpine,2021-05-12,1,1472,0,37,0,1427,1,8,0,163,1,658,1,821,California
Alpine,2021-05-13,3,1475,0,37,3,1430,0,8,0,160,3,661,0,821,California
Alpine,2021-05-17,2,1477,0,37,2,1432,0,8,1,160,1,662,1,822,California
Alpine,2021-05-18,1,1478,0,37,1,1433,0,8,1,161,0,662,1,823,California
Alpine,2021-05-19,15,1493,0,37,15,1448,0,8,0,146,15,677,0,823,California
Alpine,2021-05-20,1,1494,1,38,0,1448,0,8,0,145,1,678,0,823,California
Alpine,2021-05-21,1,1495,1,39,0,1448,0,8,0,144,1,679,0,823,California
Alpine,2021-05-25,2,1497,0,39,2,1450,0,8,0,142,2,681,0,823,California
Amador,2020-12-16,2,2,2,2,0,0,0,0,2,2,0,0,2,2,California
Amador,2020-12-17,5,7,5,7,0,0,0,0,5,7,0,0,5,7,California
Amador,2020-12-18,45,52,45,52,0,0,0,0,45,52,0,0,45,52,California
Amador,2020-12-19,17,69,17,69,0,0,0,0,17,69,0,0,17,69,California
Amador,2020-12-20,4,73,4,73,0,0,0,0,4,73,0,0,4,73,California
Amador,2020-12-21,31,104,31,104,0,0,0,0,31,104,0,0,31,104,California
Amador,2020-12-22,35,139,34,138,1,1,0,0,35,139,0,0,35,139,California
Amador,2020-12-23,39,178,38,176,1,2,0,0,39,178,0,0,39,178,California
Amador,2020-12-24,5,183,3,179,2,4,0,0,5,183,0,0,5,183,California
Amador,2020-12-26,5,188,4,183,1,5,0,0,5,188,0,0,5,188,California
Amador,2020-12-27,1,189,0,183,1,6,0,0,1,189,0,0,1,189,California
Amador,2020-12-28,31,220,27,210,4,10,0,0,31,220,0,0,31,220,California
Amador,2020-12-29,26,246,19,229,7,17,0,0,26,246,0,0,26,246,California
Amador,2020-12-30,124,370,78,307,46,63,0,0,124,370,0,0,124,370,California
Amador,2020-12-31,192,562,167,474,25,88,0,0,192,562,0,0,192,562,California
Amador,2021-01-01,2,564,0,474,2,90,0,0,2,564,0,0,2,564,California
Amador,2021-01-02,56,620,56,530,0,90,0,0,56,620,0,0,56,620,California
Amador,2021-01-03,65,685,17,547,48,138,0,0,65,685,0,0,65,685,California
Amador,2021-01-04,124,809,1,548,123,261,0,0,124,809,0,0,124,809,California
Amador,2021-01-05,33,842,3,551,30,291,0,0,31,839,2,2,32,841,California
Amador,2021-01-06,40,882,10,561,30,321,0,0,36,871,4,6,36,877,California
Amador,2021-01-07,230,1112,69,630,161,482,0,0,218,1077,12,18,218,1095,California
Amador,2021-01-08,85,1197,70,700,15,497,0,0,41,1075,44,62,42,1137,California
Amador,2021-01-09,11,1208,11,711,0,497,0,0,2,1068,9,71,2,1139,California
Amador,2021-01-10,6,1214,4,715,2,499,0,0,2,1066,4,75,2,1141,California
Amador,2021-01-11,125,1339,44,759,81,580,0,0,88,1118,37,112,89,1230,California
Amador,2021-01-12,64,1403,49,808,15,595,0,0,40,1134,24,136,40,1270,California
Amador,2021-01-13,40,1443,24,832,16,611,0,0,28,1150,12,148,28,1298,California
Amador,2021-01-14,149,1592,21,853,128,739,0,0,139,1280,10,158,140,1438,California
Amador,2021-01-15,60,1652,25,878,35,774,0,0,52,1324,8,166,52,1490,California
Amador,2021-01-16,18,1670,11,889,7,781,0,0,12,1331,6,172,13,1503,California
Amador,2021-01-17,25,1695,5,894,20,801,0,0,25,1356,0,172,25,1528,California
Amador,2021-01-18,31,1726,27,921,4,805,0,0,9,1343,22,194,9,1537,California
Amador,2021-01-19,125,1851,100,1021,25,830,0,0,81,1380,44,238,81,1618,California
Amador,2021-01-20,184,2035,34,1055,150,980,0,0,168,1533,15,253,168,1786,California
Amador,2021-01-21,259,2294,228,1283,31,1011,0,0,148,1571,111,364,149,1935,California
Amador,2021-01-22,136,2430,73,1356,63,1074,0,0,129,1693,7,371,129,2064,California
Amador,2021-01-23,52,2482,32,1388,20,1094,0,0,50,1741,2,373,50,2114,California
Amador,2021-01-24,29,2511,12,1400,17,1111,0,0,26,1764,3,376,26,2140,California
Amador,2021-01-25,59,2570,28,1428,31,1142,0,0,42,1789,17,393,42,2182,California
Amador,2021-01-26,245,2815,17,1445,228,1370,0,0,235,2014,10,403,235,2417,California
Amador,2021-01-27,303,3118,32,1477,271,1641,0,0,256,2226,45,448,257,2674,California
Amador,2021-01-28,369,3487,97,1574,272,1913,0,0,288,2434,81,529,289,2963,California
Amador,2021-01-29,98,3585,32,1606,66,1979,0,0,83,2502,15,544,83,3046,California
Amador,2021-01-30,169,3754,36,1642,133,2112,0,0,164,2661,5,549,164,3210,California
Amador,2021-01-31,32,3786,28,1670,4,2116,0,0,31,2691,1,550,31,3241,California
Amador,2021-02-01,63,3849,23,1693,40,2156,0,0,36,2700,27,577,36,3277,California
Amador,2021-02-02,213,4062,64,1757,149,2305,0,0,127,2744,83,660,127,3404,California
Amador,2021-02-03,142,4204,39,1796,103,2408,0,0,91,2785,50,710,91,3495,California
Amador,2021-02-04,251,4455,74,1870,177,2585,0,0,164,2864,87,797,166,3661,California
Amador,2021-02-05,332,4787,64,1934,268,2853,0,0,316,3164,16,813,316,3977,California
Amador,2021-02-06,99,4886,80,2014,19,2872,0,0,95,3255,4,817,95,4072,California
Amador,2021-02-07,39,4925,35,2049,4,2876,0,0,35,3287,4,821,36,4108,California
Amador,2021-02-08,90,5015,62,2111,28,2904,0,0,73,3343,17,838,73,4181,California
Amador,2021-02-09,175,5190,82,2193,93,2997,0,0,109,3386,66,904,109,4290,California
Amador,2021-02-10,980,6170,80,2273,900,3897,0,0,946,4298,34,938,946,5236,California
Amador,2021-02-11,309,6479,119,2392,190,4087,0,0,199,4389,108,1046,199,5435,California
Amador,2021-02-12,330,6809,121,2513,209,4296,0,0,257,4573,73,1119,257,5692,California
Amador,2021-02-13,167,6976,82,2595,85,4381,0,0,141,4688,26,1145,141,5833,California
Amador,2021-02-14,123,7099,54,2649,69,4450,0,0,106,4777,17,1162,106,5939,California
Amador,2021-02-15,188,7287,61,2710,127,4577,0,0,171,4932,16,1178,171,6110,California
Amador,2021-02-16,465,7752,53,2763,412,4989,0,0,426,5320,39,1217,427,6537,California
Amador,2021-02-17,263,8015,84,2847,179,5168,0,0,166,5389,97,1314,166,6703,California
Amador,2021-02-18,398,8413,99,2946,299,5467,0,0,333,5658,65,1379,334,7037,California
Amador,2021-02-19,195,8608,77,3023,118,5585,0,0,111,5685,84,1463,111,7148,California
Amador,2021-02-20,95,8703,33,3056,62,5647,0,0,67,5724,28,1491,67,7215,California
Amador,2021-02-21,45,8748,34,3090,11,5658,0,0,14,5707,31,1522,14,7229,California
Amador,2021-02-22,65,8813,25,3115,40,5698,0,0,32,5707,32,1554,32,7261,California
Amador,2021-02-23,320,9133,54,3169,266,5964,0,0,140,5668,180,1734,141,7402,California
Amador,2021-02-24,397,9530,58,3227,339,6303,0,0,264,5803,129,1863,264,7666,California
Amador,2021-02-25,524,10054,119,3346,405,6708,0,0,278,5836,245,2108,278,7944,California
Amador,2021-02-26,620,10674,76,3422,544,7252,0,0,505,6227,115,2223,506,8450,California
Amador,2021-02-27,291,10965,92,3514,199,7451,0,0,101,6141,189,2412,103,8553,California
Amador,2021-02-28,104,11069,53,3567,51,7502,0,0,58,6155,46,2458,60,8613,California
Amador,2021-03-01,188,11257,67,3634,121,7623,0,0,119,6206,69,2527,120,8733,California
Amador,2021-03-02,381,11638,63,3697,318,7941,0,0,332,6490,49,2576,333,9066,California
Amador,2021-03-03,243,11881,79,3776,164,8105,0,0,167,6583,75,2651,168,9234,California
Amador,2021-03-04,497,12378,116,3892,381,8486,0,0,394,6875,102,2753,394,9628,California
Amador,2021-03-05,513,12891,77,3969,436,8922,0,0,294,6953,218,2971,296,9924,California
Amador,2021-03-06,99,12990,46,4015,52,8974,1,1,54,6963,45,3016,55,9979,California
Amador,2021-03-07,65,13055,44,4059,21,8995,0,1,22,6942,43,3059,22,10001,California
Amador,2021-03-08,152,13207,71,4130,80,9075,1,2,91,6973,61,3120,92,10093,California
Amador,2021-03-09,373,13580,50,4180,323,9398,0,2,293,7189,77,3197,293,10386,California
Amador,2021-03-10,512,14092,77,4257,433,9831,2,4,111,6902,401,3598,114,10500,California
Amador,2021-03-11,474,14566,118,4375,345,10176,11,15,299,7041,174,3772,313,10813,California
Amador,2021-03-12,568,15134,66,4441,495,10671,7,22,337,7160,230,4002,349,11162,California
Amador,2021-03-13,114,15248,18,4459,89,10760,7,29,74,7205,40,4042,85,11247,California
Amador,2021-03-14,89,15337,19,4478,67,10827,3,32,21,7161,68,4110,24,11271,California
Amador,2021-03-15,180,15517,26,4504,147,10974,7,39,55,7099,125,4235,63,11334,California
Amador,2021-03-16,452,15969,54,4558,388,11362,10,49,138,6935,312,4547,148,11482,California
Amador,2021-03-17,195,16164,43,4601,149,11511,3,52,117,6978,78,4625,121,11603,California
Amador,2021-03-18,478,16642,101,4702,373,11884,4,56,252,7012,226,4851,260,11863,California
Amador,2021-03-19,541,17183,56,4758,468,12352,17,73,391,7275,148,4999,411,12274,California
Amador,2021-03-20,109,17292,45,4803,63,12415,1,74,45,7260,63,5062,48,12322,California
Amador,2021-03-21,48,17340,36,4839,11,12426,1,75,31,7278,16,5078,34,12356,California
Amador,2021-03-22,116,17456,34,4873,53,12479,29,104,52,7295,64,5142,81,12437,California
Amador,2021-03-23,434,17890,47,4920,380,12859,7,111,275,7420,158,5300,283,12720,California
Amador,2021-03-24,343,18233,36,4956,54,12913,253,364,35,7401,307,5607,288,13008,California
Amador,2021-03-25,607,18840,85,5041,516,13429,6,370,395,7591,211,5818,401,13409,California
Amador,2021-03-26,744,19584,44,5085,694,14123,6,376,280,7418,462,6280,289,13698,California
Amador,2021-03-27,90,19674,15,5100,73,14196,2,378,27,7386,63,6343,31,13729,California
Amador,2021-03-28,70,19744,16,5116,52,14248,2,380,12,7344,57,6400,15,13744,California
Amador,2021-03-29,181,19925,27,5143,153,14401,1,381,82,7335,97,6497,88,13832,California
Amador,2021-03-30,535,20460,28,5171,506,14907,1,382,294,7390,240,6737,295,14127,California
Amador,2021-03-31,199,20659,57,5228,137,15044,5,387,43,7283,155,6892,48,14175,California
Amador,2021-04-01,614,21273,87,5315,527,15571,0,387,263,7199,349,7241,265,14440,California
Amador,2021-04-02,607,21880,38,5353,557,16128,12,399,381,7369,225,7466,395,14835,California
Amador,2021-04-03,84,21964,21,5374,43,16171,20,419,21,7349,63,7529,43,14878,California
Amador,2021-04-04,38,22002,3,5377,29,16200,6,425,15,7347,23,7552,21,14899,California
Amador,2021-04-05,144,22146,52,5429,75,16275,17,442,49,7321,94,7646,68,14967,California
Amador,2021-04-06,503,22649,38,5467,446,16721,19,461,222,7283,279,7925,241,15208,California
Amador,2021-04-07,99,22748,34,5501,46,16767,19,480,43,7291,54,7979,62,15270,California
Amador,2021-04-08,496,23244,86,5587,389,17156,21,501,222,7261,273,8252,243,15513,California
Amador,2021-04-09,481,23725,20,5607,442,17598,19,520,211,7220,269,8521,228,15741,California
Amador,2021-04-10,50,23775,14,5621,27,17625,9,529,22,7223,28,8549,31,15772,California
Amador,2021-04-11,50,23825,25,5646,21,17646,4,533,23,7224,26,8575,27,15799,California
Amador,2021-04-12,98,23923,26,5672,62,17708,10,543,42,7220,56,8631,52,15851,California
Amador,2021-04-13,344,24267,50,5722,294,18002,0,543,68,7013,275,8906,68,15919,California
Amador,2021-04-14,280,24547,27,5749,253,18255,0,543,177,7088,102,9008,177,16096,California
Amador,2021-04-15,331,24878,74,5823,257,18512,0,543,72,6906,254,9262,72,16168,California
Amador,2021-04-16,482,25360,29,5852,453,18965,0,543,385,7195,96,9358,385,16553,California
Amador,2021-04-17,60,25420,34,5886,26,18991,0,543,26,7187,34,9392,26,16579,California
Amador,2021-04-18,26,25446,6,5892,20,19011,0,543,11,7184,14,9406,11,16590,California
Amador,2021-04-19,69,25515,27,5919,42,19053,0,543,30,7178,38,9444,32,16622,California
Amador,2021-04-20,436,25951,55,5974,381,19434,0,543,111,6973,318,9762,113,16735,California
Amador,2021-04-21,85,26036,33,6007,52,19486,0,543,43,6975,41,9803,43,16778,California
Amador,2021-04-22,497,26533,78,6085,418,19904,1,544,105,6696,385,10188,106,16884,California
Amador,2021-04-23,358,26891,46,6131,312,20216,0,544,286,6913,71,10259,288,17172,California
Amador,2021-04-24,47,26938,24,6155,23,20239,0,544,26,6919,20,10279,26,17198,California
Amador,2021-04-25,41,26979,19,6174,22,20261,0,544,29,6936,12,10291,29,17227,California
Amador,2021-04-26,86,27065,26,6200,59,20320,1,545,40,6932,45,10336,41,17268,California
Amador,2021-04-27,489,27554,38,6238,451,20771,0,545,87,6620,400,10736,88,17356,California
Amador,2021-04-28,67,27621,29,6267,34,20805,4,549,39,6635,28,10764,43,17399,California
Amador,2021-04-29,222,27843,69,6336,44,20849,109,658,64,6649,158,10922,172,17571,California
Amador,2021-04-30,338,28181,26,6362,308,21157,4,662,95,6505,243,11165,99,17670,California
Amador,2021-05-01,42,28223,16,6378,22,21179,4,666,22,6513,18,11183,26,17696,California
Amador,2021-05-02,26,28249,14,6392,9,21188,3,669,9,6509,17,11200,13,17709,California
Amador,2021-05-03,67,28316,33,6425,24,21212,10,679,27,6506,40,11240,37,17746,California
Amador,2021-05-04,465,28781,26,6451,432,21644,7,686,68,6184,397,11637,75,17821,California
Amador,2021-05-05,201,28982,153,6604,39,21683,9,695,162,6316,39,11676,171,17992,California
Amador,2021-05-06,108,29090,54,6658,49,21732,5,700,63,6341,43,11719,68,18060,California
Amador,2021-05-07,126,29216,29,6687,90,21822,7,707,66,6354,60,11779,73,18133,California
Amador,2021-05-08,41,29257,8,6695,30,21852,3,710,20,6356,21,11800,23,18156,California
Amador,2021-05-09,15,29272,0,6695,9,21861,6,716,4,6355,11,11811,10,18166,California
Amador,2021-05-10,62,29334,15,6710,44,21905,3,719,26,6348,36,11847,29,18195,California
Amador,2021-05-11,102,29436,34,6744,42,21947,26,745,45,6362,57,11904,71,18266,California
Amador,2021-05-12,63,29499,21,6765,41,21988,1,746,29,6358,34,11938,30,18296,California
Amador,2021-05-13,73,29572,39,6804,28,22016,6,752,36,6365,35,11973,42,18338,California
Amador,2021-05-14,394,29966,34,6838,356,22372,4,756,86,6147,308,12281,90,18428,California
Amador,2021-05-15,51,30017,20,6858,20,22392,11,767,23,6154,28,12309,35,18463,California
Amador,2021-05-16,38,30055,15,6873,23,22415,0,767,17,6150,21,12330,17,18480,California
Amador,2021-05-17,75,30130,22,6895,51,22466,2,769,36,6150,38,12368,38,18518,California
Amador,2021-05-18,246,30376,168,7063,43,22509,35,804,163,6266,82,12450,198,18716,California
Amador,2021-05-19,73,30449,22,7085,47,22556,4,808,33,6266,39,12489,39,18755,California
Amador,2021-05-20,79,30528,45,7130,31,22587,3,811,31,6253,47,12536,34,18789,California
Amador,2021-05-21,207,30735,28,7158,179,22766,0,811,32,6110,175,12711,32,18821,California
Amador,2021-05-22,39,30774,14,7172,20,22786,5,816,14,6104,25,12736,19,18840,California
Amador,2021-05-23,9,30783,5,7177,3,22789,1,817,5,6106,4,12740,6,18846,California
Amador,2021-05-24,56,30839,26,7203,28,22817,2,819,31,6115,24,12764,33,18879,California
Amador,2021-05-25,12,30851,10,7213,2,22819,0,819,3,6109,9,12773,3,18882,California
Butte,2020-12-16,3,3,3,3,0,0,0,0,3,3,0,0,3,3,California
Butte,2020-12-17,21,24,21,24,0,0,0,0,21,24,0,0,21,24,California
Butte,2020-12-18,50,74,50,74,0,0,0,0,50,74,0,0,50,74,California
Butte,2020-12-19,7,81,7,81,0,0,0,0,7,81,0,0,7,81,California
Butte,2020-12-20,10,91,10,91,0,0,0,0,10,91,0,0,10,91,California
Butte,2020-12-21,634,725,634,725,0,0,0,0,634,725,0,0,634,725,California
Butte,2020-12-22,619,1344,617,1342,2,2,0,0,619,1344,0,0,619,1344,California
Butte,2020-12-23,878,2222,862,2204,16,18,0,0,878,2222,0,0,878,2222,California
Butte,2020-12-24,159,2381,155,2359,4,22,0,0,159,2381,0,0,159,2381,California
Butte,2020-12-26,93,2474,91,2450,2,24,0,0,93,2474,0,0,93,2474,California
Butte,2020-12-27,35,2509,34,2484,1,25,0,0,35,2509,0,0,35,2509,California
Butte,2020-12-28,279,2788,273,2757,6,31,0,0,279,2788,0,0,279,2788,California
Butte,2020-12-29,202,2990,178,2935,24,55,0,0,202,2990,0,0,202,2990,California
Butte,2020-12-30,514,3504,291,3226,223,278,0,0,514,3504,0,0,514,3504,California
Butte,2020-12-31,211,3715,18,3244,193,471,0,0,211,3715,0,0,211,3715,California
Butte,2021-01-01,8,3723,1,3245,7,478,0,0,8,3723,0,0,8,3723,California
Butte,2021-01-02,41,3764,38,3283,3,481,0,0,41,3764,0,0,41,3764,California
Butte,2021-01-03,3,3767,0,3283,3,484,0,0,3,3767,0,0,3,3767,California
Butte,2021-01-04,208,3975,175,3458,33,517,0,0,208,3975,0,0,208,3975,California
Butte,2021-01-05,197,4172,152,3610,45,562,0,0,196,4170,1,1,196,4171,California
Butte,2021-01-06,624,4796,397,4007,227,789,0,0,619,4785,5,6,620,4791,California
Butte,2021-01-07,761,5557,369,4376,392,1181,0,0,741,5506,20,26,741,5532,California
Butte,2021-01-08,669,6226,530,4906,139,1320,0,0,623,6083,46,72,623,6155,California
Butte,2021-01-09,12,6238,7,4913,5,1325,0,0,7,6085,5,77,7,6162,California
Butte,2021-01-10,19,6257,5,4918,14,1339,0,0,14,6094,5,82,14,6176,California
Butte,2021-01-11,985,7242,949,5867,36,1375,0,0,357,5826,628,710,360,6536,California
Butte,2021-01-12,698,7940,653,6520,45,1420,0,0,274,5676,424,1134,274,6810,California
Butte,2021-01-13,1569,9509,1075,7595,494,1914,0,0,731,5571,838,1972,733,7543,California
Butte,2021-01-14,1633,11142,892,8487,741,2655,0,0,1437,6813,195,2167,1437,8980,California
Butte,2021-01-15,1054,12196,813,9300,241,2896,0,0,945,7648,110,2277,945,9925,California
Butte,2021-01-16,586,12782,300,9600,286,3182,0,0,541,8144,45,2322,541,10466,California
Butte,2021-01-17,238,13020,64,9664,174,3356,0,0,201,8308,37,2359,201,10667,California
Butte,2021-01-18,344,13364,302,9966,42,3398,0,0,276,8517,67,2426,276,10943,California
Butte,2021-01-19,495,13859,432,10398,63,3461,0,0,223,8468,272,2698,223,11166,California
Butte,2021-01-20,1368,15227,688,11086,680,4141,0,0,1065,9230,303,3001,1065,12231,California
Butte,2021-01-21,1475,16702,867,11953,608,4749,0,0,1367,10490,107,3108,1367,13598,California
Butte,2021-01-22,1137,17839,478,12431,659,5408,0,0,1084,11521,53,3161,1084,14682,California
Butte,2021-01-23,127,17966,85,12516,42,5450,0,0,101,11596,26,3187,101,14783,California
Butte,2021-01-24,9,17975,7,12523,2,5452,0,0,9,11605,0,3187,9,14792,California
Butte,2021-01-25,655,18630,335,12858,320,5772,0,0,492,11934,163,3350,492,15284,California
Butte,2021-01-26,1469,20099,377,13235,1092,6864,0,0,1332,13129,137,3487,1332,16616,California
Butte,2021-01-27,2097,22196,705,13940,1392,8256,0,0,1366,13765,730,4217,1366,17982,California
Butte,2021-01-28,2263,24459,262,14202,2001,10257,0,0,1951,15405,311,4528,1951,19933,California
Butte,2021-01-29,1685,26144,486,14688,1199,11456,0,0,1308,16337,376,4904,1308,21241,California
Butte,2021-01-30,31,26175,8,14696,23,11479,0,0,29,16364,2,4906,29,21270,California
Butte,2021-01-31,16,26191,14,14710,2,11481,0,0,15,16378,1,4907,15,21285,California
Butte,2021-02-01,1749,27940,406,15116,1343,12824,0,0,1361,17353,386,5293,1361,22646,California
Butte,2021-02-02,1931,29871,363,15479,1568,14392,0,0,1628,18677,304,5597,1628,24274,California
Butte,2021-02-03,2741,32612,777,16256,1964,16356,0,0,1849,19636,890,6487,1849,26123,California
Butte,2021-02-04,2958,35570,324,16580,2634,18990,0,0,2402,21484,554,7041,2402,28525,California
Butte,2021-02-05,1272,36842,667,17247,605,19595,0,0,552,21317,720,7761,553,29078,California
Butte,2021-02-06,145,36987,104,17351,41,19636,0,0,63,21298,82,7843,63,29141,California
Butte,2021-02-07,37,37024,33,17384,4,19640,0,0,13,21287,24,7867,13,29154,California
Butte,2021-02-08,698,37722,548,17932,150,19790,0,0,242,21073,456,8323,242,29396,California
Butte,2021-02-09,953,38675,459,18391,494,20284,0,0,723,21566,230,8553,723,30119,California
Butte,2021-02-10,1706,40381,1190,19581,516,20800,0,0,675,21212,1029,9582,675,30794,California
Butte,2021-02-11,2202,42583,1347,20928,855,21655,0,0,1005,21020,1197,10779,1005,31799,California
Butte,2021-02-12,1003,43586,436,21364,567,22222,0,0,330,20678,672,11451,330,32129,California
Butte,2021-02-13,251,43837,43,21407,208,22430,0,0,150,20727,101,11552,150,32279,California
Butte,2021-02-14,160,43997,9,21416,151,22581,0,0,156,20879,4,11556,156,32435,California
Butte,2021-02-15,263,44260,47,21463,216,22797,0,0,198,21012,65,11621,198,32633,California
Butte,2021-02-16,732,44992,432,21895,300,23097,0,0,276,20831,457,12078,276,32909,California
Butte,2021-02-17,1516,46508,849,22744,667,23764,0,0,842,21001,672,12750,842,33751,California
Butte,2021-02-18,1557,48065,763,23507,794,24558,0,0,747,20938,810,13560,747,34498,California
Butte,2021-02-19,1168,49233,389,23896,779,25337,0,0,402,20581,759,14319,402,34900,California
Butte,2021-02-20,478,49711,32,23928,446,25783,0,0,125,20354,352,14671,125,35025,California
Butte,2021-02-21,18,49729,16,23944,2,25785,0,0,13,20362,5,14676,13,35038,California
Butte,2021-02-22,1501,51230,297,24241,1204,26989,0,0,378,19620,1120,15796,378,35416,California
Butte,2021-02-23,1633,52863,296,24537,1337,28326,0,0,461,18914,1167,16963,461,35877,California
Butte,2021-02-24,2138,55001,598,25135,1540,29866,0,0,726,18236,1404,18367,726,36603,California
Butte,2021-02-25,2075,57076,577,25712,1498,31364,0,0,656,17479,1414,19781,657,37260,California
Butte,2021-02-26,920,57996,311,26023,609,31973,0,0,396,17354,521,20302,396,37656,California
Butte,2021-02-27,236,58232,49,26072,187,32160,0,0,185,17490,49,20351,185,37841,California
Butte,2021-02-28,139,58371,16,26088,123,32283,0,0,131,17613,8,20359,131,37972,California
Butte,2021-03-01,1629,60000,177,26265,1451,33734,1,1,329,16646,1297,21656,330,38302,California
Butte,2021-03-02,1748,61748,198,26463,1550,35284,0,1,312,15526,1432,23088,312,38614,California
Butte,2021-03-03,2788,64536,851,27314,1937,37221,0,1,482,13705,2304,25392,483,39097,California
Butte,2021-03-04,3152,67688,683,27997,2469,39690,0,1,628,11810,2523,27915,628,39725,California
Butte,2021-03-05,1353,69041,616,28613,736,40426,1,2,737,11936,612,28527,738,40463,California
Butte,2021-03-06,247,69288,27,28640,197,40623,23,25,186,12085,60,28587,209,40672,California
Butte,2021-03-07,54,69342,3,28643,34,40657,17,42,29,12106,25,28612,46,40718,California
Butte,2021-03-08,1267,70609,129,28772,1060,41717,78,120,1101,13122,163,28775,1179,41897,California
Butte,2021-03-09,1902,72511,284,29056,1515,43232,103,223,1412,14150,487,29262,1515,43412,California
Butte,2021-03-10,2318,74829,966,30022,1251,44483,101,324,1577,15091,736,29998,1677,45089,California
Butte,2021-03-11,2810,77639,1318,31340,1366,45849,126,450,1981,16380,818,30816,2107,47196,California
Butte,2021-03-12,1147,78786,330,31670,468,46317,349,799,356,16301,785,31601,706,47902,California
Butte,2021-03-13,255,79041,69,31739,137,46454,49,848,62,16219,193,31794,111,48013,California
Butte,2021-03-14,162,79203,16,31755,104,46558,42,890,20,16140,141,31935,62,48075,California
Butte,2021-03-15,1742,80945,359,32114,1089,47647,294,1184,1147,16993,588,32523,1441,49516,California
Butte,2021-03-16,1653,82598,416,32530,1159,48806,78,1262,1113,17646,537,33060,1190,50706,California
Butte,2021-03-17,1955,84553,1358,33888,516,49322,81,1343,1136,18051,811,33871,1216,51922,California
Butte,2021-03-18,1809,86362,1466,35354,214,49536,129,1472,1065,18506,738,34609,1193,53115,California
Butte,2021-03-19,702,87064,314,35668,304,49840,84,1556,348,18594,344,34953,432,53547,California
Butte,2021-03-20,207,87271,32,35700,159,49999,16,1572,95,18593,112,35065,111,53658,California
Butte,2021-03-21,58,87329,27,35727,2,50001,29,1601,15,18594,43,35108,44,53702,California
Butte,2021-03-22,1484,88813,352,36079,1038,51039,94,1695,1220,19646,262,35370,1314,55016,California
Butte,2021-03-23,1826,90639,493,36572,1219,52258,114,1809,1476,20889,347,35717,1590,56606,California
Butte,2021-03-24,2266,92905,1269,37841,871,53129,126,1935,1717,22186,545,36262,1842,58448,California
Butte,2021-03-25,1485,94390,1201,39042,192,53321,92,2027,1018,22833,463,36725,1110,59558,California
Butte,2021-03-26,1208,95598,441,39483,521,53842,246,2273,561,23001,639,37364,807,60365,California
Butte,2021-03-27,302,95900,85,39568,193,54035,24,2297,136,22996,163,37527,158,60523,California
Butte,2021-03-28,226,96126,44,39612,174,54209,8,2305,102,22984,121,37648,109,60632,California
Butte,2021-03-29,1759,97885,381,39993,1308,55517,70,2375,1342,23984,412,38060,1412,62044,California
Butte,2021-03-30,1040,98925,471,40464,479,55996,90,2465,493,24026,541,38601,583,62627,California
Butte,2021-03-31,1779,100704,1304,41768,408,56404,67,2532,1088,24496,685,39286,1155,63782,California
Butte,2021-04-01,3329,104033,2706,44474,496,56900,127,2659,2259,25819,1064,40350,2387,66169,California
Butte,2021-04-02,1003,105036,419,44893,464,57364,120,2779,566,26074,429,40779,684,66853,California
Butte,2021-04-03,347,105383,46,44939,226,57590,75,2854,164,26130,183,40962,239,67092,California
Butte,2021-04-04,188,105571,24,44963,141,57731,23,2877,110,26187,76,41038,133,67225,California
Butte,2021-04-05,1956,107527,420,45383,1364,59095,172,3049,591,25592,1356,42394,761,67986,California
Butte,2021-04-06,2200,109727,616,45999,1161,60256,423,3472,798,25415,1396,43790,1219,69205,California
Butte,2021-04-07,3030,112757,1313,47312,1325,61581,392,3864,706,24203,2318,46108,1106,70311,California
Butte,2021-04-08,2726,115483,1190,48502,1270,62851,266,4130,441,22629,2282,48390,708,71019,California
Butte,2021-04-09,1368,116851,351,48853,537,63388,480,4610,326,22392,1038,49428,801,71820,California
Butte,2021-04-10,223,117074,48,48901,77,63465,98,4708,99,22465,123,49551,196,72016,California
Butte,2021-04-11,106,117180,44,48945,52,63517,10,4718,82,22534,23,49574,92,72108,California
Butte,2021-04-12,1407,118587,314,49259,960,64477,133,4851,233,21726,1174,50748,366,72474,California
Butte,2021-04-13,1642,120229,572,49831,1064,65541,6,4857,336,20769,1299,52047,342,72816,California
Butte,2021-04-14,2821,123050,2335,52166,486,66027,0,4857,1306,20566,1510,53557,1307,74123,California
Butte,2021-04-15,642,123692,397,52563,245,66272,0,4857,485,20897,154,53711,485,74608,California
Butte,2021-04-16,810,124502,414,52977,396,66668,0,4857,475,21039,333,54044,475,75083,California
Butte,2021-04-17,342,124844,61,53038,281,66949,0,4857,238,21175,102,54146,238,75321,California
Butte,2021-04-18,42,124886,11,53049,31,66980,0,4857,38,21209,4,54150,38,75359,California
Butte,2021-04-19,1561,126447,381,53430,1180,68160,0,4857,428,20507,1130,55280,428,75787,California
Butte,2021-04-20,1969,128416,717,54147,1252,69412,0,4857,751,20047,1211,56491,751,76538,California
Butte,2021-04-21,2049,130465,1165,55312,884,70296,0,4857,465,18934,1578,58069,465,77003,California
Butte,2021-04-22,2219,132684,1941,57253,278,70574,0,4857,609,17937,1606,59675,609,77612,California
Butte,2021-04-23,942,133626,445,57698,497,71071,0,4857,489,17973,453,60128,489,78101,California
Butte,2021-04-24,345,133971,138,57836,207,71278,0,4857,190,18008,155,60283,190,78291,California
Butte,2021-04-25,172,134143,67,57903,105,71383,0,4857,63,17962,109,60392,63,78354,California
Butte,2021-04-26,1487,135630,428,58331,1054,72437,5,4862,383,17249,1101,61493,388,78742,California
Butte,2021-04-27,935,136565,639,58970,269,72706,27,4889,563,17472,367,61860,590,79332,California
Butte,2021-04-28,1392,137957,936,59906,431,73137,25,4914,503,17112,888,62748,528,79860,California
Butte,2021-04-29,882,138839,542,60448,315,73452,25,4939,296,16852,581,63329,321,80181,California
Butte,2021-04-30,893,139732,387,60835,485,73937,21,4960,450,16885,437,63766,470,80651,California
Butte,2021-05-01,239,139971,64,60899,156,74093,19,4979,69,16804,169,63935,88,80739,California
Butte,2021-05-02,147,140118,61,60960,73,74166,13,4992,42,16754,105,64040,55,80794,California
Butte,2021-05-03,606,140724,250,61210,325,74491,31,5023,156,16501,440,64480,187,80981,California
Butte,2021-05-04,816,141540,315,61525,469,74960,32,5055,211,16144,599,65079,242,81223,California
Butte,2021-05-05,1338,142878,1090,62615,212,75172,36,5091,276,15399,1057,66136,312,81535,California
Butte,2021-05-06,925,143803,670,63285,218,75390,37,5128,360,15234,562,66698,397,81932,California
Butte,2021-05-07,563,144366,291,63576,235,75625,37,5165,288,15287,272,66970,325,82257,California
Butte,2021-05-08,170,144536,36,63612,125,75750,9,5174,90,15307,79,67049,99,82356,California
Butte,2021-05-09,94,144630,20,63632,71,75821,3,5177,50,15316,44,67093,53,82409,California
Butte,2021-05-10,520,145150,307,63939,170,75991,43,5220,214,15270,303,67396,257,82666,California
Butte,2021-05-11,862,146012,641,64580,164,76155,57,5277,275,15018,584,67980,332,82998,California
Butte,2021-05-12,730,146742,472,65052,212,76367,46,5323,327,14992,399,68379,373,83371,California
Butte,2021-05-13,846,147588,568,65620,219,76586,59,5382,294,14802,541,68920,351,83722,California
Butte,2021-05-14,834,148422,522,66142,282,76868,30,5412,361,14723,469,69389,390,84112,California
Butte,2021-05-15,476,148898,221,66363,223,77091,32,5444,220,14720,255,69644,252,84364,California
Butte,2021-05-16,167,149065,83,66446,66,77157,18,5462,98,14768,68,69712,116,84480,California
Butte,2021-05-17,756,149821,486,66932,223,77380,47,5509,336,14733,417,70129,382,84862,California
Butte,2021-05-18,1058,150879,726,67658,284,77664,48,5557,480,14689,572,70701,528,85390,California
Butte,2021-05-19,831,151710,541,68199,246,77910,44,5601,333,14571,494,71195,376,85766,California
Butte,2021-05-20,834,152544,574,68773,159,78069,101,5702,332,14504,500,71695,433,86199,California
Butte,2021-05-21,773,153317,489,69262,258,78327,26,5728,260,14280,509,72204,285,86484,California
Butte,2021-05-22,217,153534,104,69366,108,78435,5,5733,107,14285,107,72311,112,86596,California
Butte,2021-05-23,75,153609,46,69412,26,78461,3,5736,43,14299,32,72343,46,86642,California
Butte,2021-05-24,319,153928,136,69548,140,78601,43,5779,165,14354,153,72496,208,86850,California
Butte,2021-05-25,382,154310,271,69819,91,78692,20,5799,181,14360,194,72690,200,87050,California
Calaveras,2020-12-16,5,5,5,5,0,0,0,0,5,5,0,0,5,5,California
Calaveras,2020-12-17,3,8,3,8,0,0,0,0,3,8,0,0,3,8,California
Calaveras,2020-12-18,38,46,38,46,0,0,0,0,38,46,0,0,38,46,California
Calaveras,2020-12-19,3,49,3,49,0,0,0,0,3,49,0,0,3,49,California
Calaveras,2020-12-20,4,53,4,53,0,0,0,0,4,53,0,0,4,53,California
Calaveras,2020-12-21,55,108,48,101,7,7,0,0,55,108,0,0,55,108,California
Calaveras,2020-12-22,82,190,78,179,4,11,0,0,83,191,0,0,83,191,California
Calaveras,2020-12-23,76,266,74,253,2,13,0,0,76,267,0,0,76,267,California
Calaveras,2020-12-24,2,268,2,255,0,13,0,0,2,269,0,0,2,269,California
Calaveras,2020-12-26,3,271,3,258,0,13,0,0,3,272,0,0,3,272,California
Calaveras,2020-12-28,21,292,17,275,4,17,0,0,20,291,1,1,20,292,California
Calaveras,2020-12-29,158,450,138,413,20,37,0,0,158,449,0,1,158,450,California
Calaveras,2020-12-30,94,544,82,495,12,49,0,0,94,543,0,1,94,544,California
Calaveras,2020-12-31,37,581,26,521,11,60,0,0,37,580,0,1,37,581,California
Calaveras,2021-01-02,11,592,11,532,0,60,0,0,11,591,0,1,11,592,California
Calaveras,2021-01-03,10,602,4,536,6,66,0,0,10,601,0,1,10,602,California
Calaveras,2021-01-04,33,635,5,541,28,94,0,0,33,634,0,1,33,635,California
Calaveras,2021-01-05,40,675,9,550,31,125,0,0,31,661,9,10,36,671,California
Calaveras,2021-01-06,107,782,30,580,77,202,0,0,97,748,10,20,97,768,California
Calaveras,2021-01-07,105,887,26,606,79,281,0,0,92,830,11,31,93,861,California
Calaveras,2021-01-08,68,955,38,644,30,311,0,0,45,853,23,54,46,907,California
Calaveras,2021-01-09,5,960,5,649,0,311,0,0,2,852,3,57,2,909,California
Calaveras,2021-01-10,2,962,0,649,2,313,0,0,2,854,0,57,2,911,California
Calaveras,2021-01-11,65,1027,59,708,6,319,0,0,27,846,37,94,29,940,California
Calaveras,2021-01-12,86,1113,53,761,33,352,0,0,52,865,34,128,53,993,California
Calaveras,2021-01-13,111,1224,45,806,66,418,0,0,77,909,34,162,78,1071,California
Calaveras,2021-01-14,140,1364,43,849,97,515,0,0,107,985,32,194,108,1179,California
Calaveras,2021-01-15,92,1456,28,877,64,579,0,0,72,1037,20,214,72,1251,California
Calaveras,2021-01-16,13,1469,2,879,11,590,0,0,12,1048,1,215,12,1263,California
Calaveras,2021-01-17,9,1478,1,880,8,598,0,0,9,1057,0,215,9,1272,California
Calaveras,2021-01-18,133,1611,20,900,113,711,0,0,119,1165,14,229,122,1394,California
Calaveras,2021-01-19,205,1816,175,1075,30,741,0,0,68,1098,136,365,69,1463,California
Calaveras,2021-01-20,378,2194,82,1157,296,1037,0,0,291,1314,86,451,302,1765,California
Calaveras,2021-01-21,463,2657,41,1198,422,1459,0,0,429,1720,34,485,440,2205,California
Calaveras,2021-01-22,401,3058,23,1221,378,1837,0,0,391,2108,10,495,398,2603,California
Calaveras,2021-01-23,20,3078,8,1229,12,1849,0,0,19,2126,1,496,19,2622,California
Calaveras,2021-01-24,14,3092,8,1237,6,1855,0,0,12,2136,2,498,12,2634,California
Calaveras,2021-01-25,86,3178,8,1245,78,1933,0,0,81,2212,5,503,81,2715,California
Calaveras,2021-01-26,47,3225,15,1260,32,1965,0,0,39,2243,8,511,39,2754,California
Calaveras,2021-01-27,135,3360,43,1303,92,2057,0,0,107,2323,27,538,107,2861,California
Calaveras,2021-01-28,165,3525,25,1328,140,2197,0,0,140,2442,25,563,144,3005,California
Calaveras,2021-01-29,390,3915,12,1340,378,2575,0,0,362,2788,28,591,374,3379,California
Calaveras,2021-01-30,27,3942,10,1350,17,2592,0,0,25,2813,0,591,25,3404,California
Calaveras,2021-01-31,6,3948,4,1354,2,2594,0,0,5,2817,1,592,5,3409,California
Calaveras,2021-02-01,25,3973,11,1365,14,2608,0,0,17,2826,8,600,17,3426,California
Calaveras,2021-02-02,109,4082,22,1387,87,2695,0,0,71,2865,33,633,72,3498,California
Calaveras,2021-02-03,434,4516,44,1431,390,3085,0,0,349,3132,84,717,351,3849,California
Calaveras,2021-02-04,381,4897,25,1456,356,3441,0,0,296,3346,85,802,299,4148,California
Calaveras,2021-02-05,79,4976,22,1478,57,3498,0,0,41,3350,38,840,42,4190,California
Calaveras,2021-02-06,21,4997,12,1490,9,3507,0,0,21,3371,0,840,21,4211,California
Calaveras,2021-02-07,4,5001,1,1491,3,3510,0,0,2,3371,2,842,2,4213,California
Calaveras,2021-02-08,39,5040,18,1509,21,3531,0,0,31,3396,6,848,31,4244,California
Calaveras,2021-02-09,193,5233,77,1586,116,3647,0,0,131,3468,60,908,132,4376,California
Calaveras,2021-02-10,515,5748,31,1617,484,4131,0,0,443,3844,72,980,448,4824,California
Calaveras,2021-02-11,584,6332,82,1699,502,4633,0,0,473,4213,108,1088,477,5301,California
Calaveras,2021-02-12,570,6902,325,2024,245,4878,0,0,493,4634,75,1163,496,5797,California
Calaveras,2021-02-13,201,7103,45,2069,156,5034,0,0,186,4805,15,1178,186,5983,California
Calaveras,2021-02-14,221,7324,71,2140,150,5184,0,0,206,4997,14,1192,206,6189,California
Calaveras,2021-02-15,382,7706,23,2163,359,5543,0,0,262,5142,117,1309,262,6451,California
Calaveras,2021-02-16,268,7974,144,2307,124,5667,0,0,230,5336,38,1347,232,6683,California
Calaveras,2021-02-17,512,8486,38,2345,474,6141,0,0,209,5255,293,1640,212,6895,California
Calaveras,2021-02-18,499,8985,91,2436,408,6549,0,0,96,4966,386,2026,97,6992,California
Calaveras,2021-02-19,440,9425,43,2479,397,6946,0,0,98,4731,333,2359,98,7090,California
Calaveras,2021-02-20,59,9484,15,2494,44,6990,0,0,48,4768,11,2370,48,7138,California
Calaveras,2021-02-21,24,9508,14,2508,10,7000,0,0,18,4781,5,2375,18,7156,California
Calaveras,2021-02-22,62,9570,38,2546,24,7024,0,0,33,4785,29,2404,33,7189,California
Calaveras,2021-02-23,127,9697,42,2588,85,7109,0,0,91,4841,36,2440,92,7281,California
Calaveras,2021-02-24,97,9794,48,2636,49,7158,0,0,67,4879,29,2469,67,7348,California
Calaveras,2021-02-25,550,10344,99,2735,451,7609,0,0,355,5048,190,2659,359,7707,California
Calaveras,2021-02-26,720,11064,48,2783,672,8281,0,0,371,5091,330,2989,373,8080,California
Calaveras,2021-02-27,204,11268,22,2805,182,8463,0,0,180,5247,24,3013,180,8260,California
Calaveras,2021-02-28,97,11365,15,2820,82,8545,0,0,91,5333,5,3018,91,8351,California
Calaveras,2021-03-01,229,11594,41,2861,188,8733,0,0,146,5400,80,3098,147,8498,California
Calaveras,2021-03-02,250,11844,97,2958,153,8886,0,0,204,5562,43,3141,205,8703,California
Calaveras,2021-03-03,514,12358,104,3062,410,9296,0,0,212,5478,296,3437,212,8915,California
Calaveras,2021-03-04,745,13103,69,3131,675,9971,1,1,354,5451,382,3819,355,9270,California
Calaveras,2021-03-05,455,13558,272,3403,179,10150,4,5,140,5285,310,4129,144,9414,California
Calaveras,2021-03-06,154,13712,42,3445,106,10256,6,11,114,5365,40,4169,120,9534,California
Calaveras,2021-03-07,75,13787,32,3477,36,10292,7,18,34,5365,41,4210,41,9575,California
Calaveras,2021-03-08,162,13949,27,3504,127,10419,8,26,128,5468,33,4243,136,9711,California
Calaveras,2021-03-09,360,14309,136,3640,218,10637,6,32,32,5183,323,4566,38,9749,California
Calaveras,2021-03-10,420,14729,31,3671,386,11023,3,35,58,4888,356,4922,61,9810,California
Calaveras,2021-03-11,851,15580,423,4094,415,11438,13,48,433,4923,413,5335,448,10258,California
Calaveras,2021-03-12,402,15982,213,4307,179,11617,10,58,326,5190,75,5410,342,10600,California
Calaveras,2021-03-13,177,16159,16,4323,153,11770,8,66,140,5305,36,5446,151,10751,California
Calaveras,2021-03-14,156,16315,11,4334,144,11914,1,67,18,5193,138,5584,26,10777,California
Calaveras,2021-03-15,330,16645,48,4382,256,12170,26,93,52,4998,277,5861,82,10859,California
Calaveras,2021-03-16,689,17334,553,4935,116,12286,20,113,546,5423,141,6002,566,11425,California
Calaveras,2021-03-17,281,17615,53,4988,214,12500,14,127,50,5261,227,6229,65,11490,California
Calaveras,2021-03-18,666,18281,570,5558,80,12580,16,143,549,5711,117,6346,567,12057,California
Calaveras,2021-03-19,232,18513,51,5609,107,12687,74,217,58,5671,170,6516,130,12187,California
Calaveras,2021-03-20,81,18594,22,5631,58,12745,1,218,23,5638,58,6574,25,12212,California
Calaveras,2021-03-21,47,18641,30,5661,6,12751,11,229,12,5626,35,6609,23,12235,California
Calaveras,2021-03-22,79,18720,35,5696,23,12774,21,250,25,5618,54,6663,46,12281,California
Calaveras,2021-03-23,294,19014,204,5900,80,12854,10,260,116,5576,168,6831,126,12407,California
Calaveras,2021-03-24,134,19148,51,5951,73,12927,10,270,43,5540,89,6920,53,12460,California
Calaveras,2021-03-25,743,19891,103,6054,636,13563,4,274,446,5700,290,7210,450,12910,California
Calaveras,2021-03-26,427,20318,28,6082,393,13956,6,280,88,5460,336,7546,96,13006,California
Calaveras,2021-03-27,212,20530,19,6101,189,14145,4,284,37,5331,172,7718,43,13049,California
Calaveras,2021-03-28,111,20641,12,6113,97,14242,2,286,8,5240,102,7820,11,13060,California
Calaveras,2021-03-29,178,20819,23,6136,152,14394,3,289,58,5184,118,7938,62,13122,California
Calaveras,2021-03-30,532,21351,24,6160,491,14885,17,306,356,5382,175,8113,373,13495,California
Calaveras,2021-03-31,321,21672,139,6299,172,15057,10,316,155,5382,166,8279,166,13661,California
Calaveras,2021-04-01,685,22357,443,6742,241,15298,1,317,186,5074,498,8777,190,13851,California
Calaveras,2021-04-02,393,22750,231,6973,154,15452,8,325,117,4927,273,9050,126,13977,California
Calaveras,2021-04-03,144,22894,34,7007,106,15558,4,329,40,4867,104,9154,44,14021,California
Calaveras,2021-04-04,78,22972,25,7032,53,15611,0,329,49,4887,29,9183,49,14070,California
Calaveras,2021-04-05,211,23183,81,7113,121,15732,9,338,100,4886,111,9294,110,14180,California
Calaveras,2021-04-06,650,23833,573,7686,64,15796,13,351,111,4475,535,9829,124,14304,California
Calaveras,2021-04-07,754,24587,658,8344,60,15856,36,387,617,4992,137,9966,654,14958,California
Calaveras,2021-04-08,947,25534,856,9200,70,15926,21,408,437,4944,507,10473,459,15417,California
Calaveras,2021-04-09,154,25688,58,9258,48,15974,48,456,57,4954,96,10569,106,15523,California
Calaveras,2021-04-10,190,25878,42,9300,130,16104,18,474,148,5080,41,10610,167,15690,California
Calaveras,2021-04-11,69,25947,44,9344,23,16127,2,476,48,5109,21,10631,50,15740,California
Calaveras,2021-04-12,104,26051,47,9391,38,16165,19,495,55,5135,49,10680,75,15815,California
Calaveras,2021-04-13,422,26473,367,9758,55,16220,0,495,363,5442,58,10738,365,16180,California
Calaveras,2021-04-14,181,26654,28,9786,153,16373,0,495,135,5532,46,10784,136,16316,California
Calaveras,2021-04-15,336,26990,287,10073,49,16422,0,495,253,5705,80,10864,253,16569,California
Calaveras,2021-04-16,99,27089,25,10098,74,16496,0,495,47,5704,48,10912,47,16616,California
Calaveras,2021-04-17,331,27420,127,10225,204,16700,0,495,288,5949,43,10955,288,16904,California
Calaveras,2021-04-18,17,27437,5,10230,12,16712,0,495,10,5952,7,10962,10,16914,California
Calaveras,2021-04-19,71,27508,27,10257,44,16756,0,495,44,5971,26,10988,45,16959,California
Calaveras,2021-04-20,262,27770,93,10350,169,16925,0,495,196,6103,64,11052,196,17155,California
Calaveras,2021-04-21,217,27987,146,10496,71,16996,0,495,86,6061,129,11181,87,17242,California
Calaveras,2021-04-22,542,28529,96,10592,446,17442,0,495,141,5805,399,11580,143,17385,California
Calaveras,2021-04-23,158,28687,80,10672,78,17520,0,495,65,5779,91,11671,65,17450,California
Calaveras,2021-04-24,173,28860,37,10709,136,17656,0,495,130,5868,42,11713,131,17581,California
Calaveras,2021-04-25,43,28903,28,10737,15,17671,0,495,22,5871,21,11734,24,17605,California
Calaveras,2021-04-26,96,28999,59,10796,37,17708,0,495,28,5832,68,11802,29,17634,California
Calaveras,2021-04-27,425,29424,59,10855,352,18060,14,509,58,5539,365,12167,72,17706,California
Calaveras,2021-04-28,642,30066,574,11429,37,18097,31,540,52,5039,590,12757,90,17796,California
Calaveras,2021-04-29,511,30577,441,11870,51,18148,19,559,72,4697,438,13195,96,17892,California
Calaveras,2021-04-30,147,30724,59,11929,83,18231,5,564,66,4693,81,13276,77,17969,California
Calaveras,2021-05-01,198,30922,110,12039,86,18317,2,566,131,4764,66,13342,137,18106,California
Calaveras,2021-05-02,52,30974,35,12074,16,18333,1,567,20,4755,31,13373,22,18128,California
Calaveras,2021-05-03,94,31068,70,12144,19,18352,5,572,30,4730,64,13437,39,18167,California
Calaveras,2021-05-04,413,31481,328,12472,48,18400,37,609,42,4440,370,13807,80,18247,California
Calaveras,2021-05-05,110,31591,56,12528,22,18422,32,641,48,4458,61,13868,79,18326,California
Calaveras,2021-05-06,253,31844,194,12722,36,18458,23,664,47,4324,205,14073,71,18397,California
Calaveras,2021-05-07,84,31928,24,12746,54,18512,6,670,54,4354,30,14103,60,18457,California
Calaveras,2021-05-08,289,32217,140,12886,147,18659,2,672,92,4253,195,14298,94,18551,California
Calaveras,2021-05-09,28,32245,12,12898,13,18672,3,675,12,4252,16,14314,15,18566,California
Calaveras,2021-05-10,53,32298,24,12922,28,18700,1,676,23,4249,28,14342,25,18591,California
Calaveras,2021-05-11,129,32427,86,13008,31,18731,12,688,90,4314,38,14380,103,18694,California
Calaveras,2021-05-12,157,32584,37,13045,120,18851,0,688,44,4246,112,14492,44,18738,California
Calaveras,2021-05-13,113,32697,60,13105,38,18889,15,703,59,4267,53,14545,74,18812,California
Calaveras,2021-05-14,149,32846,92,13197,54,18943,3,706,100,4322,48,14593,103,18915,California
Calaveras,2021-05-15,264,33110,93,13290,168,19111,3,709,105,4277,153,14746,108,19023,California
Calaveras,2021-05-16,26,33136,11,13301,15,19126,0,709,13,4278,13,14759,14,19037,California
Calaveras,2021-05-17,87,33223,40,13341,40,19166,7,716,47,4294,39,14798,55,19092,California
Calaveras,2021-05-18,224,33447,60,13401,142,19308,22,738,72,4237,151,14949,94,19186,California
Calaveras,2021-05-19,147,33594,58,13459,83,19391,6,744,70,4238,76,15025,77,19263,California
Calaveras,2021-05-20,180,33774,71,13530,87,19478,22,766,60,4202,117,15142,81,19344,California
Calaveras,2021-05-21,44,33818,23,13553,18,19496,3,769,24,4210,19,15161,27,19371,California
Calaveras,2021-05-22,261,34079,135,13688,126,19622,0,769,122,4195,137,15298,122,19493,California
Calaveras,2021-05-23,10,34089,7,13695,3,19625,0,769,2,4189,8,15306,2,19495,California
Calaveras,2021-05-24,52,34141,32,13727,19,19644,1,770,27,4193,25,15331,29,19524,California
Calaveras,2021-05-25,3,34144,2,13729,1,19645,0,770,1,4192,2,15333,1,19525,California
Colusa,2020-12-18,1,1,1,1,0,0,0,0,1,1,0,0,1,1,California
Colusa,2020-12-21,2,3,2,3,0,0,0,0,2,3,0,0,2,3,California
Colusa,2020-12-22,10,13,10,13,0,0,0,0,10,13,0,0,10,13,California
Colusa,2020-12-23,10,23,10,23,0,0,0,0,10,23,0,0,10,23,California
Colusa,2020-12-24,2,25,1,24,1,1,0,0,2,25,0,0,2,25,California
Colusa,2020-12-27,1,26,1,25,0,1,0,0,1,26,0,0,1,26,California
Colusa,2020-12-28,7,33,3,28,4,5,0,0,7,33,0,0,7,33,California
Colusa,2020-12-29,11,44,8,36,3,8,0,0,11,44,0,0,11,44,California
Colusa,2020-12-30,50,94,13,49,37,45,0,0,50,94,0,0,50,94,California
Colusa,2020-12-31,18,112,1,50,17,62,0,0,18,112,0,0,18,112,California
Colusa,2021-01-04,4,116,0,50,4,66,0,0,4,116,0,0,4,116,California
Colusa,2021-01-05,67,183,1,51,66,132,0,0,67,183,0,0,67,183,California
Colusa,2021-01-06,15,198,9,60,6,138,0,0,15,198,0,0,15,198,California
Colusa,2021-01-07,38,236,4,64,34,172,0,0,37,234,1,1,37,235,California
Colusa,2021-01-08,9,245,7,71,2,174,0,0,8,241,1,2,8,243,California
Colusa,2021-01-09,2,247,1,72,1,175,0,0,2,243,0,2,2,245,California
Colusa,2021-01-10,1,248,0,72,1,176,0,0,1,244,0,2,1,246,California
Colusa,2021-01-11,12,260,6,78,6,182,0,0,7,246,5,7,7,253,California
Colusa,2021-01-12,11,271,9,87,2,184,0,0,6,247,5,12,6,259,California
Colusa,2021-01-13,21,292,13,100,8,192,0,0,13,252,8,20,13,272,California
Colusa,2021-01-14,35,327,28,128,7,199,0,0,33,283,2,22,33,305,California
Colusa,2021-01-15,42,369,5,133,37,236,0,0,40,321,2,24,40,345,California
Colusa,2021-01-16,12,381,1,134,11,247,0,0,11,331,1,25,11,356,California
Colusa,2021-01-17,3,384,2,136,1,248,0,0,2,332,1,26,2,358,California
Colusa,2021-01-18,4,388,0,136,4,252,0,0,4,336,0,26,4,362,California
Colusa,2021-01-19,9,397,8,144,1,253,0,0,5,337,4,30,5,367,California
Colusa,2021-01-20,115,512,101,245,14,267,0,0,102,426,13,43,102,469,California
Colusa,2021-01-21,56,568,41,286,15,282,0,0,55,480,1,44,55,524,California
Colusa,2021-01-22,40,608,17,303,23,305,0,0,35,510,5,49,35,559,California
Colusa,2021-01-23,35,643,6,309,29,334,0,0,35,545,0,49,35,594,California
Colusa,2021-01-25,7,650,0,309,7,341,0,0,7,552,0,49,7,601,California
Colusa,2021-01-26,8,658,5,314,3,344,0,0,5,554,3,52,5,606,California
Colusa,2021-01-27,109,767,31,345,78,422,0,0,107,659,2,54,107,713,California
Colusa,2021-01-28,79,846,46,391,33,455,0,0,72,724,7,61,72,785,California
Colusa,2021-01-29,41,887,7,398,34,489,0,0,40,763,1,62,40,825,California
Colusa,2021-01-30,27,914,4,402,23,512,0,0,27,790,0,62,27,852,California
Colusa,2021-01-31,7,921,7,409,0,512,0,0,7,797,0,62,7,859,California
Colusa,2021-02-01,27,948,10,419,17,529,0,0,22,814,5,67,22,881,California
Colusa,2021-02-02,43,991,9,428,34,563,0,0,37,845,6,73,37,918,California
Colusa,2021-02-03,69,1060,10,438,59,622,0,0,59,894,10,83,59,977,California
Colusa,2021-02-04,143,1203,81,519,62,684,0,0,115,981,28,111,115,1092,California
Colusa,2021-02-05,32,1235,8,527,24,708,0,0,29,1007,3,114,29,1121,California
Colusa,2021-02-06,285,1520,9,536,276,984,0,0,274,1270,11,125,274,1395,California
Colusa,2021-02-07,2,1522,1,537,1,985,0,0,0,1268,2,127,0,1395,California
Colusa,2021-02-08,40,1562,5,542,35,1020,0,0,37,1302,3,130,37,1432,California
Colusa,2021-02-09,231,1793,14,556,217,1237,0,0,176,1423,55,185,176,1608,California
Colusa,2021-02-10,116,1909,41,597,75,1312,0,0,73,1453,43,228,73,1681,California
Colusa,2021-02-11,98,2007,36,633,62,1374,0,0,73,1501,25,253,73,1754,California
Colusa,2021-02-12,118,2125,9,642,109,1483,0,0,79,1540,40,293,79,1833,California
Colusa,2021-02-13,60,2185,8,650,52,1535,0,0,52,1584,8,301,52,1885,California
Colusa,2021-02-14,21,2206,8,658,13,1548,0,0,15,1593,6,307,15,1900,California
Colusa,2021-02-15,46,2252,10,668,36,1584,0,0,39,1625,7,314,39,1939,California
Colusa,2021-02-16,67,2319,4,672,63,1647,0,0,66,1690,1,315,66,2005,California
Colusa,2021-02-17,206,2525,143,815,63,1710,0,0,60,1604,146,461,60,2065,California
Colusa,2021-02-18,135,2660,35,850,100,1810,0,0,112,1693,23,484,112,2177,California
Colusa,2021-02-19,155,2815,19,869,136,1946,0,0,129,1796,26,510,129,2306,California
Colusa,2021-02-20,28,2843,6,875,22,1968,0,0,12,1792,16,526,12,2318,California
Colusa,2021-02-21,1,2844,1,876,0,1968,0,0,0,1791,1,527,0,2318,California
Colusa,2021-02-22,43,2887,26,902,17,1985,0,0,29,1806,14,541,29,2347,California
Colusa,2021-02-23,23,2910,7,909,16,2001,0,0,18,1819,5,546,18,2365,California
Colusa,2021-02-24,302,3212,54,963,248,2249,0,0,160,1837,142,688,160,2525,California
Colusa,2021-02-25,102,3314,55,1018,47,2296,0,0,66,1867,36,724,66,2591,California
Colusa,2021-02-26,99,3413,14,1032,85,2381,0,0,60,1888,39,763,60,2651,California
Colusa,2021-02-27,55,3468,4,1036,51,2432,0,0,40,1913,15,778,40,2691,California
Colusa,2021-02-28,26,3494,14,1050,12,2444,0,0,17,1921,9,787,17,2708,California
Colusa,2021-03-01,46,3540,15,1065,31,2475,0,0,29,1933,17,804,29,2737,California
Colusa,2021-03-02,49,3589,13,1078,36,2511,0,0,26,1936,23,827,26,2763,California
Colusa,2021-03-03,242,3831,43,1121,199,2710,0,0,185,2064,57,884,185,2948,California
Colusa,2021-03-04,138,3969,58,1179,80,2790,0,0,79,2084,59,943,79,3027,California
Colusa,2021-03-05,98,4067,25,1204,64,2854,9,9,53,2101,45,988,62,3089,California
Colusa,2021-03-06,274,4341,9,1213,265,3119,0,9,37,1901,237,1225,37,3126,California
Colusa,2021-03-07,8,4349,5,1218,3,3122,0,9,6,1905,2,1227,6,3132,California
Colusa,2021-03-08,89,4438,21,1239,33,3155,35,44,45,1941,44,1271,80,3212,California
Colusa,2021-03-09,277,4715,75,1314,179,3334,23,67,86,1859,191,1462,109,3321,California
Colusa,2021-03-10,289,5004,37,1351,216,3550,36,103,203,2012,86,1548,239,3560,California
Colusa,2021-03-11,420,5424,60,1411,339,3889,21,124,339,2289,81,1629,358,3918,California
Colusa,2021-03-12,109,5533,18,1429,78,3967,13,137,19,2231,90,1719,32,3950,California
Colusa,2021-03-13,61,5594,16,1445,36,4003,9,146,18,2215,43,1762,27,3977,California
Colusa,2021-03-14,20,5614,0,1445,18,4021,2,148,6,2210,13,1775,8,3985,California
Colusa,2021-03-15,71,5685,27,1472,36,4057,8,156,15,2177,56,1831,23,4008,California
Colusa,2021-03-16,297,5982,16,1488,235,4292,46,202,189,2304,108,1939,235,4243,California
Colusa,2021-03-17,194,6176,49,1537,145,4437,0,202,108,2326,86,2025,108,4351,California
Colusa,2021-03-18,324,6500,37,1574,216,4653,71,273,201,2475,123,2148,272,4623,California
Colusa,2021-03-19,78,6578,20,1594,56,4709,2,275,53,2505,25,2173,55,4678,California
Colusa,2021-03-20,49,6627,7,1601,41,4750,1,276,36,2529,13,2186,37,4715,California
Colusa,2021-03-21,6,6633,4,1605,2,4752,0,276,4,2531,2,2188,4,4719,California
Colusa,2021-03-22,62,6695,10,1615,43,4795,9,285,40,2558,22,2210,49,4768,California
Colusa,2021-03-23,82,6777,16,1631,64,4859,2,287,55,2588,27,2237,57,4825,California
Colusa,2021-03-24,340,7117,57,1688,277,5136,6,293,68,2389,272,2509,73,4898,California
Colusa,2021-03-25,108,7225,59,1747,44,5180,5,298,52,2390,56,2565,57,4955,California
Colusa,2021-03-26,300,7525,47,1794,249,5429,4,302,247,2588,53,2618,251,5206,California
Colusa,2021-03-27,63,7588,5,1799,58,5487,0,302,25,2575,38,2656,25,5231,California
Colusa,2021-03-28,16,7604,7,1806,9,5496,0,302,8,2575,8,2664,8,5239,California
Colusa,2021-03-29,72,7676,20,1826,46,5542,6,308,32,2573,40,2704,38,5277,California
Colusa,2021-03-30,152,7828,83,1909,67,5609,2,310,72,2568,80,2784,75,5352,California
Colusa,2021-03-31,234,8062,42,1951,192,5801,0,310,74,2483,159,2943,74,5426,California
Colusa,2021-04-01,429,8491,71,2022,304,6105,54,364,307,2722,121,3064,360,5786,California
Colusa,2021-04-02,82,8573,13,2035,55,6160,14,378,38,2730,44,3108,52,5838,California
Colusa,2021-04-03,61,8634,10,2045,28,6188,23,401,14,2719,47,3155,36,5874,California
Colusa,2021-04-04,18,8652,0,2045,8,6196,10,411,3,2717,15,3170,13,5887,California
Colusa,2021-04-05,96,8748,26,2071,55,6251,15,426,39,2714,57,3227,54,5941,California
Colusa,2021-04-06,129,8877,34,2105,45,6296,50,476,43,2721,86,3313,93,6034,California
Colusa,2021-04-07,356,9233,39,2144,294,6590,23,499,130,2649,226,3539,154,6188,California
Colusa,2021-04-08,428,9661,34,2178,367,6957,27,526,122,2495,303,3842,149,6337,California
Colusa,2021-04-09,76,9737,21,2199,32,6989,23,549,28,2498,48,3890,51,6388,California
Colusa,2021-04-10,44,9781,9,2208,15,7004,20,569,12,2498,32,3922,32,6420,California
Colusa,2021-04-11,16,9797,3,2211,11,7015,2,571,8,2500,8,3930,10,6430,California
Colusa,2021-04-12,31,9828,3,2214,28,7043,0,571,24,2517,7,3937,24,6454,California
Colusa,2021-04-13,279,10107,22,2236,257,7300,0,571,94,2427,184,4121,94,6548,California
Colusa,2021-04-14,95,10202,19,2255,76,7376,0,571,34,2400,61,4182,34,6582,California
Colusa,2021-04-15,324,10526,46,2301,278,7654,0,571,132,2340,192,4374,132,6714,California
Colusa,2021-04-16,79,10605,11,2312,68,7722,0,571,35,2332,43,4417,35,6749,California
Colusa,2021-04-17,51,10656,7,2319,44,7766,0,571,29,2339,22,4439,29,6778,California
Colusa,2021-04-18,9,10665,2,2321,7,7773,0,571,7,2344,2,4441,7,6785,California
Colusa,2021-04-19,61,10726,22,2343,39,7812,0,571,17,2317,44,4485,17,6802,California
Colusa,2021-04-20,176,10902,32,2375,144,7956,0,571,129,2397,49,4534,129,6931,California
Colusa,2021-04-21,170,11072,59,2434,111,8067,0,571,110,2447,60,4594,110,7041,California
Colusa,2021-04-22,419,11491,27,2461,391,8458,1,572,215,2459,203,4797,215,7256,California
Colusa,2021-04-23,91,11582,17,2478,74,8532,0,572,35,2438,56,4853,35,7291,California
Colusa,2021-04-24,237,11819,19,2497,217,8749,1,573,205,2611,32,4885,205,7496,California
Colusa,2021-04-25,12,11831,6,2503,6,8755,0,573,8,2615,4,4889,8,7504,California
Colusa,2021-04-26,23,11854,5,2508,17,8772,1,574,6,2605,16,4905,6,7510,California
Colusa,2021-04-27,94,11948,23,2531,67,8839,4,578,43,2601,51,4956,47,7557,California
Colusa,2021-04-28,187,12135,26,2557,158,8997,3,581,138,2694,48,5004,141,7698,California
Colusa,2021-04-29,317,12452,27,2584,286,9283,4,585,48,2479,267,5271,52,7750,California
Colusa,2021-04-30,65,12517,18,2602,47,9330,0,585,41,2496,24,5295,41,7791,California
Colusa,2021-05-01,19,12536,8,2610,8,9338,3,588,9,2498,10,5305,12,7803,California
Colusa,2021-05-02,3,12539,0,2610,2,9340,1,589,2,2500,1,5306,3,7806,California
Colusa,2021-05-03,21,12560,7,2617,14,9354,0,589,6,2491,15,5321,6,7812,California
Colusa,2021-05-04,85,12645,43,2660,41,9395,1,590,63,2533,22,5343,64,7876,California
Colusa,2021-05-05,68,12713,16,2676,51,9446,1,591,33,2532,35,5378,34,7910,California
Colusa,2021-05-06,253,12966,16,2692,235,9681,2,593,110,2501,143,5521,112,8022,California
Colusa,2021-05-07,66,13032,5,2697,57,9738,4,597,30,2499,36,5557,34,8056,California
Colusa,2021-05-08,18,13050,5,2702,13,9751,0,597,9,2499,9,5566,9,8065,California
Colusa,2021-05-09,13,13063,5,2707,5,9756,3,600,6,2501,7,5573,9,8074,California
Colusa,2021-05-10,16,13079,7,2714,9,9765,0,600,6,2497,10,5583,6,8080,California
Colusa,2021-05-11,93,13172,34,2748,59,9824,0,600,50,2504,43,5626,50,8130,California
Colusa,2021-05-12,73,13245,32,2780,37,9861,4,604,21,2477,52,5678,25,8155,California
Colusa,2021-05-13,241,13486,22,2802,218,10079,1,605,76,2389,165,5843,77,8232,California
Colusa,2021-05-14,85,13571,18,2820,52,10131,15,620,33,2386,51,5894,48,8280,California
Colusa,2021-05-15,38,13609,9,2829,27,10158,2,622,20,2390,18,5912,22,8302,California
Colusa,2021-05-16,23,13632,6,2835,10,10168,7,629,11,2396,12,5924,18,8320,California
Colusa,2021-05-17,19,13651,4,2839,13,10181,2,631,12,2403,7,5931,14,8334,California
Colusa,2021-05-18,98,13749,24,2863,72,10253,2,633,42,2391,56,5987,44,8378,California
Colusa,2021-05-19,217,13966,44,2907,153,10406,20,653,68,2330,149,6136,88,8466,California
Colusa,2021-05-20,270,14236,25,2932,241,10647,4,657,66,2197,204,6340,71,8537,California
Colusa,2021-05-21,62,14298,21,2953,39,10686,2,659,31,2199,31,6371,33,8570,California
Colusa,2021-05-22,113,14411,19,2972,94,10780,0,659,24,2134,89,6460,24,8594,California
Colusa,2021-05-23,18,14429,8,2980,6,10786,4,663,6,2132,12,6472,10,8604,California
Colusa,2021-05-24,28,14457,4,2984,19,10805,5,668,17,2143,11,6483,22,8626,California
Colusa,2021-05-25,42,14499,8,2992,32,10837,2,670,16,2135,26,6509,18,8644,California
Contra Costa,2020-12-15,18,18,18,18,0,0,0,0,18,18,0,0,18,18,California
Contra Costa,2020-12-16,520,538,520,538,0,0,0,0,520,538,0,0,520,538,California
Contra Costa,2020-12-17,912,1450,912,1450,0,0,0,0,912,1450,0,0,912,1450,California
Contra Costa,2020-12-18,1597,3047,1596,3046,1,1,0,0,1597,3047,0,0,1597,3047,California
Contra Costa,2020-12-19,1105,4152,1104,4150,1,2,0,0,1105,4152,0,0,1105,4152,California
Contra Costa,2020-12-20,583,4735,582,4732,1,3,0,0,583,4735,0,0,583,4735,California
Contra Costa,2020-12-21,1659,6394,1657,6389,2,5,0,0,1659,6394,0,0,1659,6394,California
Contra Costa,2020-12-22,1674,8068,1568,7957,106,111,0,0,1674,8068,0,0,1674,8068,California
Contra Costa,2020-12-23,1616,9684,1368,9325,248,359,0,0,1616,9684,0,0,1616,9684,California
Contra Costa,2020-12-24,659,10343,337,9662,322,681,0,0,659,10343,0,0,659,10343,California
Contra Costa,2020-12-25,39,10382,17,9679,22,703,0,0,39,10382,0,0,39,10382,California
Contra Costa,2020-12-26,646,11028,133,9812,513,1216,0,0,646,11028,0,0,646,11028,California
Contra Costa,2020-12-27,240,11268,86,9898,154,1370,0,0,240,11268,0,0,240,11268,California
Contra Costa,2020-12-28,1841,13109,866,10764,975,2345,0,0,1841,13109,0,0,1841,13109,California
Contra Costa,2020-12-29,1832,14941,822,11586,1010,3355,0,0,1832,14941,0,0,1832,14941,California
Contra Costa,2020-12-30,2394,17335,1213,12799,1181,4536,0,0,2393,17334,0,0,2393,17334,California
Contra Costa,2020-12-31,917,18252,307,13106,610,5146,0,0,916,18250,0,0,916,18250,California
Contra Costa,2021-01-01,61,18313,23,13129,38,5184,0,0,61,18311,0,0,61,18311,California
Contra Costa,2021-01-02,339,18652,174,13303,165,5349,0,0,339,18650,0,0,339,18650,California
Contra Costa,2021-01-03,178,18830,120,13423,58,5407,0,0,177,18827,0,0,177,18827,California
Contra Costa,2021-01-04,1908,20738,1251,14674,657,6064,0,0,1888,20697,18,18,1888,20715,California
Contra Costa,2021-01-05,2106,22844,1258,15932,848,6912,0,0,1847,22287,258,276,1848,22563,California
Contra Costa,2021-01-06,3288,26132,2252,18184,1036,7948,0,0,2526,24060,756,1032,2529,25092,California
Contra Costa,2021-01-07,3101,29233,2062,20246,1039,8987,0,0,1886,24734,1212,2244,1886,26978,California
Contra Costa,2021-01-08,3393,32626,2394,22640,999,9986,0,0,1828,25005,1560,3804,1831,28809,California
Contra Costa,2021-01-09,1587,34213,1136,23776,451,10437,0,0,747,24915,839,4643,749,29558,California
Contra Costa,2021-01-10,362,34575,291,24067,71,10508,0,0,155,24863,207,4850,155,29713,California
Contra Costa,2021-01-11,3837,38412,3146,27213,691,11199,0,0,2231,25491,1606,6456,2234,31947,California
Contra Costa,2021-01-12,3921,42333,2943,30156,978,12177,0,0,2592,26758,1329,7785,2596,34543,California
Contra Costa,2021-01-13,4735,47068,2942,33098,1793,13970,0,0,3784,29596,947,8732,3785,38328,California
Contra Costa,2021-01-14,4327,51395,1565,34663,2762,16732,0,0,3944,33157,383,9115,3944,42272,California
Contra Costa,2021-01-15,5348,56743,2463,37126,2885,19617,0,0,5022,37858,325,9440,5026,47298,California
Contra Costa,2021-01-16,1725,58468,556,37682,1169,20786,0,0,1650,39433,75,9515,1650,48948,California
Contra Costa,2021-01-17,1638,60106,974,38656,664,21450,0,0,1516,40830,122,9637,1519,50467,California
Contra Costa,2021-01-18,3214,63320,1266,39922,1948,23398,0,0,2589,42801,619,10256,2590,53057,California
Contra Costa,2021-01-19,7062,70382,3156,43078,3906,27304,0,0,6057,47861,1002,11258,6062,59119,California
Contra Costa,2021-01-20,6688,77070,4123,47201,2565,29869,0,0,5454,52090,1230,12488,5459,64578,California
Contra Costa,2021-01-21,6978,84048,3106,50307,3872,33741,0,0,6250,57626,722,13210,6258,70836,California
Contra Costa,2021-01-22,6395,90443,2719,53026,3676,37417,0,0,5534,62311,852,14062,5537,76373,California
Contra Costa,2021-01-23,2038,92481,360,53386,1678,39095,0,0,1778,63833,258,14320,1780,78153,California
Contra Costa,2021-01-24,1591,94072,218,53604,1373,40468,0,0,1444,65134,147,14467,1448,79601,California
Contra Costa,2021-01-25,6691,100763,3043,56647,3648,44116,0,0,5121,68690,1568,16035,5124,84725,California
Contra Costa,2021-01-26,8102,108865,4686,61333,3416,47532,0,0,6252,73105,1842,17877,6257,90982,California
Contra Costa,2021-01-27,8166,117031,5407,66740,2759,50291,0,0,6329,77612,1826,19703,6333,97315,California
Contra Costa,2021-01-28,7468,124499,4091,70831,3377,53668,0,0,5856,81866,1606,21309,5860,103175,California
Contra Costa,2021-01-29,7449,131948,3892,74723,3557,57225,0,0,6137,86697,1308,22617,6139,109314,California
Contra Costa,2021-01-30,2142,134090,658,75381,1484,58709,0,0,1737,88036,398,23015,1737,111051,California
Contra Costa,2021-01-31,648,134738,428,75809,220,58929,0,0,556,88503,89,23104,556,111607,California
Contra Costa,2021-02-01,5873,140611,4099,79908,1774,60703,0,0,3967,90575,1898,25002,3970,115577,California
Contra Costa,2021-02-02,7575,148186,5080,84988,2495,63198,0,0,5878,94758,1696,26698,5879,121456,California
Contra Costa,2021-02-03,8291,156477,5479,90467,2812,66010,0,0,5629,97735,2653,29351,5630,127086,California
Contra Costa,2021-02-04,7513,163990,3586,94053,3927,69937,0,0,5746,101719,1765,31116,5749,132835,California
Contra Costa,2021-02-05,8438,172428,4814,98867,3624,73561,0,0,5745,104778,2686,33802,5745,138580,California
Contra Costa,2021-02-06,3487,175915,2163,101030,1324,74885,0,0,2833,106959,653,34455,2834,141414,California
Contra Costa,2021-02-07,984,176899,713,101743,271,75156,0,0,605,107186,378,34833,605,142019,California
Contra Costa,2021-02-08,5859,182758,3469,105212,2390,77546,0,0,4372,110078,1481,36314,4373,146392,California
Contra Costa,2021-02-09,8686,191444,4794,110006,3892,81438,0,0,5793,112985,2887,39201,5794,152186,California
Contra Costa,2021-02-10,8651,200095,4658,114664,3993,85431,0,0,5364,115082,3271,42472,5368,157554,California
Contra Costa,2021-02-11,9339,209434,4218,118882,5121,90552,0,0,5271,116296,4062,46534,5276,162830,California
Contra Costa,2021-02-12,10096,219530,4628,123510,5468,96020,0,0,5462,117134,4627,51161,5465,168295,California
Contra Costa,2021-02-13,4890,224420,1368,124878,3522,99542,0,0,3405,119058,1482,52643,3406,171701,California
Contra Costa,2021-02-14,2098,226518,867,125745,1231,100773,0,0,1232,119426,864,53507,1232,172933,California
Contra Costa,2021-02-15,4470,230988,2476,128221,1994,102767,0,0,2342,119647,2122,55629,2343,175276,California
Contra Costa,2021-02-16,10429,241417,4915,133136,5514,108281,0,0,4648,118526,5773,61402,4652,179928,California
Contra Costa,2021-02-17,12307,253724,6152,139288,6155,114436,0,0,5648,117531,6644,68046,5649,185577,California
Contra Costa,2021-02-18,11492,265216,5979,145267,5513,119949,0,0,5336,116724,6145,74191,5338,190915,California
Contra Costa,2021-02-19,11421,276637,7115,152382,4306,124255,0,0,5184,115686,6223,80414,5185,196100,California
Contra Costa,2021-02-20,6470,283107,2914,155296,3556,127811,0,0,4580,118394,1874,82288,4582,200682,California
Contra Costa,2021-02-21,2277,285384,1723,157019,554,128365,0,0,1547,119212,729,83017,1547,202229,California
Contra Costa,2021-02-22,7597,292981,5147,162166,2450,130815,0,0,3504,118639,4079,87096,3506,205735,California
Contra Costa,2021-02-23,12104,305085,7438,169604,4666,135481,0,0,6106,118766,5984,93080,6111,211846,California
Contra Costa,2021-02-24,10595,315680,7776,177380,2819,138300,0,0,5122,118434,5456,98536,5124,216970,California
Contra Costa,2021-02-25,11528,327208,7255,184635,4273,142573,0,0,5236,117403,6271,104807,5240,222210,California
Contra Costa,2021-02-26,10771,337979,6798,191433,3973,146546,0,0,5341,117330,5415,110222,5342,227552,California
Contra Costa,2021-02-27,6794,344773,4369,195802,2425,148971,0,0,4258,119062,2528,112750,4260,231812,California
Contra Costa,2021-02-28,3813,348586,3136,198938,677,149648,0,0,3213,121679,597,113347,3214,235026,California
Contra Costa,2021-03-01,8242,356828,6209,205147,2028,151676,5,5,5081,123622,3145,116492,5088,240114,California
Contra Costa,2021-03-02,10651,367479,6814,211961,3836,155512,1,6,5710,124409,4925,121417,5712,245826,California
Contra Costa,2021-03-03,11318,378797,7111,219072,4206,159718,1,7,6380,125869,4923,126340,6383,252209,California
Contra Costa,2021-03-04,11978,390775,7164,226236,4813,164531,1,8,6225,126361,5734,132074,6226,258435,California
Contra Costa,2021-03-05,11492,402267,6908,233144,4578,169109,6,14,6604,128100,4871,136945,6610,265045,California
Contra Costa,2021-03-06,7503,409770,4205,237349,2988,172097,310,324,4911,130740,2579,139524,5219,270264,California
Contra Costa,2021-03-07,3830,413600,2459,239808,1310,173407,61,385,3151,133275,677,140201,3212,273476,California
Contra Costa,2021-03-08,8240,421840,3926,243734,4010,177417,304,689,5534,136422,2695,142896,5842,279318,California
Contra Costa,2021-03-09,11171,433011,5929,249663,4946,182363,296,985,5852,137263,5309,148205,6150,285468,California
Contra Costa,2021-03-10,12432,445443,6214,255877,4716,187079,1502,2487,5672,137677,6749,154954,7163,292631,California
Contra Costa,2021-03-11,12514,457957,6587,262464,5361,192440,566,3053,6385,138521,6107,161061,6951,299582,California
Contra Costa,2021-03-12,12654,470611,5224,267688,6867,199307,563,3616,6318,139079,6321,167382,6879,306461,California
Contra Costa,2021-03-13,7861,478472,3157,270845,4277,203584,427,4043,3113,137887,4729,172111,3537,309998,California
Contra Costa,2021-03-14,4451,482923,2638,273483,1325,204909,488,4531,1719,137369,2724,174835,2206,312204,California
Contra Costa,2021-03-15,9477,492400,5147,278630,3573,208482,757,5288,4759,138183,4701,179536,5515,317719,California
Contra Costa,2021-03-16,14346,506746,8549,287179,5397,213879,400,5688,7150,138558,7174,186710,7549,325268,California
Contra Costa,2021-03-17,15082,521828,10417,297596,4450,218329,215,5903,8549,140818,6510,193220,8770,334038,California
Contra Costa,2021-03-18,15473,537301,8631,306227,6358,224687,484,6387,8808,143475,6633,199853,9290,343328,California
Contra Costa,2021-03-19,15691,552992,9073,315300,5216,229903,1402,7789,8324,145857,7349,207202,9731,353059,California
Contra Costa,2021-03-20,10744,563736,6452,321752,3981,233884,311,8100,5154,145752,5571,212773,5466,358525,California
Contra Costa,2021-03-21,4562,568298,3988,325740,476,234360,98,8198,2098,145493,2454,215227,2195,360720,California
Contra Costa,2021-03-22,11649,579947,8799,334539,2595,236955,255,8453,7018,148150,4615,219842,7272,367992,California
Contra Costa,2021-03-23,15702,595649,10835,345374,4695,241650,172,8625,9121,150892,6552,226394,9294,377286,California
Contra Costa,2021-03-24,15082,610731,11770,357144,3098,244748,214,8839,9138,154336,5912,232306,9356,386642,California
Contra Costa,2021-03-25,15383,626114,12003,369147,3093,247841,287,9126,9422,158119,5924,238230,9707,396349,California
Contra Costa,2021-03-26,15115,641229,10862,380009,3851,251692,402,9528,8691,160810,6397,244627,9088,405437,California
Contra Costa,2021-03-27,10571,651800,6878,386887,3180,254872,513,10041,5623,162001,4938,249565,6129,411566,California
Contra Costa,2021-03-28,4235,656035,3027,389914,1155,256027,53,10094,1616,161063,2607,252172,1669,413235,California
Contra Costa,2021-03-29,10930,666965,8535,398449,2279,258306,116,10210,6954,164178,3957,256129,7072,420307,California
Contra Costa,2021-03-30,16820,683785,9205,407654,6261,264567,1354,11564,10377,169481,6424,262553,11727,432034,California
Contra Costa,2021-03-31,18060,701845,12652,420306,3965,268532,1443,13007,11384,175670,6634,269187,12823,444857,California
Contra Costa,2021-04-01,17615,719460,12317,432623,3909,272441,1389,14396,11439,182347,6149,275336,12826,457683,California
Contra Costa,2021-04-02,17517,736977,12912,445535,3577,276018,1028,15424,11611,189092,5894,281230,12639,470322,California
Contra Costa,2021-04-03,10880,747857,6500,452035,2827,278845,1553,16977,6219,192216,4647,285877,7771,478093,California
Contra Costa,2021-04-04,3347,751204,1327,453362,1424,280269,596,17573,847,191166,2493,288370,1443,479536,California
Contra Costa,2021-04-05,12128,763332,7916,461278,3235,283504,977,18550,6598,193227,5516,293886,7577,487113,California
Contra Costa,2021-04-06,17324,780656,12002,473280,3031,286535,2291,20841,9721,197655,7582,301468,12010,499123,California
Contra Costa,2021-04-07,18602,799258,12598,485878,3185,289720,2819,23660,10565,203059,8017,309485,13421,512544,California
Contra Costa,2021-04-08,18692,817950,12465,498343,3311,293031,2916,26576,10034,207369,8631,318116,12941,525485,California
Contra Costa,2021-04-09,18770,836720,11987,510330,4297,297328,2486,29062,10030,211170,8714,326830,12515,538000,California
Contra Costa,2021-04-10,10526,847246,3804,514134,2161,299489,4561,33623,3271,211751,7238,334068,7819,545819,California
Contra Costa,2021-04-11,3329,850575,1988,516122,685,300174,656,34279,1116,211315,2207,336275,1771,547590,California
Contra Costa,2021-04-12,11892,862467,7854,523976,2974,303148,1064,35343,5579,211665,6298,342573,6648,554238,California
Contra Costa,2021-04-13,17785,880252,10912,534888,6866,310014,7,35350,11854,217623,5908,348481,11866,566104,California
Contra Costa,2021-04-14,17578,897830,11038,545926,6539,316553,1,35351,9714,219501,7840,356321,9718,575822,California
Contra Costa,2021-04-15,17502,915332,10742,556668,6759,323312,1,35352,8096,218240,9377,365698,8116,583938,California
Contra Costa,2021-04-16,16869,932201,10530,567198,6337,329649,2,35354,7569,216542,9276,374974,7578,591516,California
Contra Costa,2021-04-17,11437,943638,6286,573484,5151,334800,0,35354,6129,217384,5294,380268,6136,597652,California
Contra Costa,2021-04-18,2746,946384,2117,575601,629,335429,0,35354,1779,218205,958,381226,1779,599431,California
Contra Costa,2021-04-19,11377,957761,8505,584106,2872,338301,0,35354,3572,214000,7779,389005,3574,603005,California
Contra Costa,2021-04-20,16656,974417,10824,594930,5832,344133,0,35354,6239,209856,10387,399392,6243,609248,California
Contra Costa,2021-04-21,17327,991744,14136,609066,3191,347324,0,35354,6154,204881,11137,410529,6162,615410,California
Contra Costa,2021-04-22,17146,1008890,13879,622945,3266,350590,1,35355,6049,199873,11067,421596,6059,621469,California
Contra Costa,2021-04-23,16983,1025873,13496,636441,3487,354077,0,35355,5476,193883,11474,433070,5484,626953,California
Contra Costa,2021-04-24,10924,1036797,8422,644863,2501,356578,1,35356,4174,191332,6729,439799,4178,631131,California
Contra Costa,2021-04-25,3244,1040041,2186,647049,1056,357634,2,35358,2054,192201,1190,440989,2059,633190,California
Contra Costa,2021-04-26,9791,1049832,8200,655249,1567,359201,24,35382,2862,188188,6911,447900,2898,636088,California
Contra Costa,2021-04-27,14457,1064289,10595,665844,3710,362911,152,35534,3875,181664,10561,458461,4037,640125,California
Contra Costa,2021-04-28,13841,1078130,10761,676605,2793,365704,287,35821,3455,175060,10352,468813,3748,643873,California
Contra Costa,2021-04-29,13025,1091155,10078,686683,2777,368481,170,35991,2834,167905,10165,478978,3010,646883,California
Contra Costa,2021-04-30,13676,1104831,10787,697470,2640,371121,249,36240,3095,160700,10553,489531,3348,650231,California
Contra Costa,2021-05-01,8017,1112848,5853,703323,1845,372966,319,36559,1914,156849,6084,495615,2233,652464,California
Contra Costa,2021-05-02,2333,1115181,1585,704908,668,373634,80,36639,992,156592,1329,496944,1072,653536,California
Contra Costa,2021-05-03,9112,1124293,8016,712924,921,374555,175,36814,1925,151524,7172,504116,2104,655640,California
Contra Costa,2021-05-04,14069,1138362,12139,725063,1602,376157,328,37142,2287,142381,11758,515874,2615,658255,California
Contra Costa,2021-05-05,12500,1150862,10780,735843,1520,377677,200,37342,2395,134899,10079,525953,2597,660852,California
Contra Costa,2021-05-06,10272,1161134,8531,744374,1412,379089,329,37671,1939,128867,8308,534261,2276,663128,California
Contra Costa,2021-05-07,9610,1170744,7726,752100,1660,380749,224,37895,2213,123936,7365,541626,2434,665562,California
Contra Costa,2021-05-08,5281,1176025,3975,756075,1138,381887,168,38063,1244,121332,4020,545646,1416,666978,California
Contra Costa,2021-05-09,2100,1178125,1770,757845,270,382157,60,38123,454,120207,1642,547288,517,667495,California
Contra Costa,2021-05-10,4926,1183051,3947,761792,761,382918,218,38341,1344,118208,3560,550848,1561,669056,California
Contra Costa,2021-05-11,8688,1191739,4519,766311,3940,386858,229,38570,1706,113186,6963,557811,1941,670997,California
Contra Costa,2021-05-12,8987,1200726,4566,770877,4175,391033,246,38816,1547,107568,7416,565227,1798,672795,California
Contra Costa,2021-05-13,11299,1212025,7467,778344,3649,394682,183,38999,3938,104353,7336,572563,4121,676916,California
Contra Costa,2021-05-14,12102,1224127,8052,786396,3771,398453,279,39278,5007,102571,7068,579631,5286,682202,California
Contra Costa,2021-05-15,9942,1234069,7212,793608,2611,401064,119,39397,4387,101538,5541,585172,4508,686710,California
Contra Costa,2021-05-16,2413,1236482,2110,795718,258,401322,45,39442,1086,101348,1321,586493,1131,687841,California
Contra Costa,2021-05-17,6989,1243471,5639,801357,1180,402502,170,39612,3592,101733,3378,589871,3763,691604,California
Contra Costa,2021-05-18,10173,1253644,6952,808309,3005,405507,216,39828,4476,100758,5670,595541,4695,696299,California
Contra Costa,2021-05-19,8417,1262061,6811,815120,1415,406922,191,40019,4075,100707,4323,599864,4272,700571,California
Contra Costa,2021-05-20,6537,1268598,5178,820298,1182,408104,177,40196,3257,100878,3262,603126,3433,704004,California
Contra Costa,2021-05-21,6393,1274991,4880,825178,1322,409426,191,40387,2906,100515,3461,606587,3098,707102,California
Contra Costa,2021-05-22,4482,1279473,3538,828716,788,410214,156,40543,2130,100467,2337,608924,2289,709391,California
Contra Costa,2021-05-23,915,1280388,607,829323,262,410476,46,40589,429,100460,483,609407,476,709867,California
Contra Costa,2021-05-24,4523,1284911,3752,833075,597,411073,174,40763,2120,100363,2394,611801,2297,712164,California
Contra Costa,2021-05-25,4697,1289608,4094,837169,419,411492,184,40947,1791,99442,2896,614697,1975,714139,California
Del Norte,2020-12-21,23,23,23,23,0,0,0,0,23,23,0,0,23,23,California
Del Norte,2020-12-22,45,68,45,68,0,0,0,0,45,68,0,0,45,68,California
Del Norte,2020-12-23,58,126,48,116,10,10,0,0,56,124,0,0,56,124,California
Del Norte,2020-12-28,34,160,34,150,0,10,0,0,34,158,0,0,34,158,California
Del Norte,2020-12-29,4,164,4,154,0,10,0,0,4,162,0,0,4,162,California
Del Norte,2020-12-30,67,231,55,209,12,22,0,0,68,230,0,0,68,230,California
Del Norte,2020-12-31,16,247,13,222,3,25,0,0,16,246,0,0,16,246,California
Del Norte,2021-01-04,102,349,49,271,53,78,0,0,102,348,0,0,102,348,California
Del Norte,2021-01-05,33,382,0,271,33,111,0,0,32,380,1,1,33,381,California
Del Norte,2021-01-06,77,459,18,289,59,170,0,0,77,457,0,1,77,458,California
Del Norte,2021-01-07,21,480,1,290,20,190,0,0,21,478,0,1,21,479,California
Del Norte,2021-01-08,77,557,7,297,70,260,0,0,77,555,0,1,77,556,California
Del Norte,2021-01-11,40,597,21,318,19,279,0,0,18,552,22,23,19,575,California
Del Norte,2021-01-12,50,647,31,349,19,298,0,0,30,562,20,43,30,605,California
Del Norte,2021-01-13,86,733,40,389,46,344,0,0,53,582,33,76,53,658,California
Del Norte,2021-01-14,52,785,14,403,38,382,0,0,46,622,6,82,46,704,California
Del Norte,2021-01-15,107,892,18,421,89,471,0,0,95,705,12,94,95,799,California
Del Norte,2021-01-17,1,893,1,422,0,471,0,0,1,706,0,94,1,800,California
Del Norte,2021-01-18,2,895,0,422,2,473,0,0,2,708,0,94,2,802,California
Del Norte,2021-01-19,119,1014,56,478,63,536,0,0,77,743,42,136,77,879,California
Del Norte,2021-01-20,159,1173,84,562,75,611,0,0,96,777,62,198,96,975,California
Del Norte,2021-01-21,43,1216,40,602,3,614,0,0,32,798,11,209,32,1007,California
Del Norte,2021-01-22,20,1236,17,619,3,617,0,0,13,804,7,216,13,1020,California
Del Norte,2021-01-23,1,1237,0,619,1,618,0,0,1,805,0,216,1,1021,California
Del Norte,2021-01-24,1,1238,0,619,1,619,0,0,1,806,0,216,1,1022,California
Del Norte,2021-01-25,100,1338,82,701,18,637,0,0,56,818,44,260,56,1078,California
Del Norte,2021-01-26,18,1356,11,712,7,644,0,0,7,814,11,271,7,1085,California
Del Norte,2021-01-27,64,1420,21,733,43,687,0,0,61,872,3,274,61,1146,California
Del Norte,2021-01-28,292,1712,20,753,272,959,0,0,287,1154,5,279,287,1433,California
Del Norte,2021-01-29,61,1773,21,774,40,999,0,0,43,1179,18,297,43,1476,California
Del Norte,2021-01-30,8,1781,1,775,7,1006,0,0,8,1187,0,297,8,1484,California
Del Norte,2021-02-01,41,1822,1,776,40,1046,0,0,26,1198,15,312,26,1510,California
Del Norte,2021-02-02,141,1963,34,810,107,1153,0,0,73,1204,67,379,73,1583,California
Del Norte,2021-02-03,126,2089,40,850,86,1239,0,0,71,1220,55,434,71,1654,California
Del Norte,2021-02-04,71,2160,29,879,42,1281,0,0,42,1233,29,463,42,1696,California
Del Norte,2021-02-05,184,2344,22,901,162,1443,0,0,119,1288,64,527,119,1815,California
Del Norte,2021-02-06,310,2654,4,905,306,1749,0,0,310,1598,0,527,310,2125,California
Del Norte,2021-02-07,1,2655,0,905,1,1750,0,0,1,1599,0,527,1,2126,California
Del Norte,2021-02-08,36,2691,1,906,35,1785,0,0,32,1627,4,531,32,2158,California
Del Norte,2021-02-09,8,2699,5,911,3,1788,0,0,2,1623,6,537,2,2160,California
Del Norte,2021-02-10,142,2841,20,931,122,1910,0,0,85,1652,56,593,85,2245,California
Del Norte,2021-02-11,177,3018,59,990,118,2028,0,0,64,1603,113,706,64,2309,California
Del Norte,2021-02-12,121,3139,14,1004,107,2135,0,0,67,1616,54,760,67,2376,California
Del Norte,2021-02-13,2,3141,1,1005,1,2136,0,0,2,1618,0,760,2,2378,California
Del Norte,2021-02-14,3,3144,1,1006,2,2138,0,0,2,1619,1,761,2,2380,California
Del Norte,2021-02-15,4,3148,0,1006,4,2142,0,0,2,1619,2,763,2,2382,California
Del Norte,2021-02-16,132,3280,1,1007,131,2273,0,0,13,1513,119,882,13,2395,California
Del Norte,2021-02-17,92,3372,20,1027,72,2345,0,0,25,1471,67,949,25,2420,California
Del Norte,2021-02-18,77,3449,24,1051,53,2398,0,0,51,1496,26,975,51,2471,California
Del Norte,2021-02-19,43,3492,17,1068,26,2424,0,0,33,1519,10,985,33,2504,California
Del Norte,2021-02-20,8,3500,5,1073,3,2427,0,0,6,1523,2,987,6,2510,California
Del Norte,2021-02-22,2,3502,0,1073,2,2429,0,0,2,1525,0,987,2,2512,California
Del Norte,2021-02-23,107,3609,89,1162,18,2447,0,0,31,1481,76,1063,32,2544,California
Del Norte,2021-02-24,152,3761,98,1260,54,2501,0,0,79,1487,73,1136,79,2623,California
Del Norte,2021-02-25,477,4238,131,1391,346,2847,0,0,213,1438,262,1398,213,2836,California
Del Norte,2021-02-26,213,4451,176,1567,37,2884,0,0,167,1559,46,1444,167,3003,California
Del Norte,2021-02-27,149,4600,143,1710,5,2889,1,1,141,1693,8,1452,142,3145,California
Del Norte,2021-02-28,3,4603,0,1710,3,2892,0,1,3,1696,0,1452,3,3148,California
Del Norte,2021-03-01,29,4632,2,1712,27,2919,0,1,4,1676,24,1476,4,3152,California
Del Norte,2021-03-02,222,4854,142,1854,80,2999,0,1,188,1830,34,1510,188,3340,California
Del Norte,2021-03-03,167,5021,99,1953,68,3067,0,1,126,1915,41,1551,126,3466,California
Del Norte,2021-03-04,120,5141,83,2036,37,3104,0,1,91,1978,28,1579,91,3557,California
Del Norte,2021-03-05,121,5262,11,2047,110,3214,0,1,73,2003,48,1627,73,3630,California
Del Norte,2021-03-06,464,5726,77,2124,338,3552,49,50,163,1872,301,1928,170,3800,California
Del Norte,2021-03-07,2,5728,1,2125,1,3553,0,50,1,1872,1,1929,1,3801,California
Del Norte,2021-03-08,28,5756,1,2126,25,3578,2,52,5,1856,23,1952,7,3808,California
Del Norte,2021-03-09,194,5950,113,2239,78,3656,3,55,183,2031,11,1963,186,3994,California
Del Norte,2021-03-10,233,6183,96,2335,109,3765,28,83,134,2094,99,2062,162,4156,California
Del Norte,2021-03-11,151,6334,55,2390,91,3856,5,88,103,2154,48,2110,108,4264,California
Del Norte,2021-03-12,178,6512,89,2479,89,3945,0,88,125,2226,53,2163,125,4389,California
Del Norte,2021-03-13,94,6606,93,2572,1,3946,0,88,91,2314,3,2166,91,4480,California
Del Norte,2021-03-14,1,6607,0,2572,1,3947,0,88,1,2314,1,2167,1,4481,California
Del Norte,2021-03-15,39,6646,0,2572,38,3985,1,89,34,2344,5,2172,35,4516,California
Del Norte,2021-03-16,281,6927,135,2707,146,4131,0,89,260,2583,21,2193,260,4776,California
Del Norte,2021-03-17,282,7209,95,2802,185,4316,2,91,168,2639,114,2307,170,4946,California
Del Norte,2021-03-18,285,7494,107,2909,175,4491,3,94,149,2656,135,2442,152,5098,California
Del Norte,2021-03-19,267,7761,159,3068,102,4593,6,100,91,2577,176,2618,97,5195,California
Del Norte,2021-03-20,157,7918,154,3222,3,4596,0,100,15,2450,142,2760,15,5210,California
Del Norte,2021-03-21,4,7922,2,3224,2,4598,0,100,2,2450,2,2762,2,5212,California
Del Norte,2021-03-22,43,7965,3,3227,39,4637,1,101,39,2487,3,2765,40,5252,California
Del Norte,2021-03-23,335,8300,164,3391,153,4790,18,119,164,2499,169,2934,181,5433,California
Del Norte,2021-03-24,396,8696,107,3498,249,5039,40,159,235,2613,161,3095,275,5708,California
Del Norte,2021-03-25,192,8888,88,3586,104,5143,0,159,84,2590,107,3202,84,5792,California
Del Norte,2021-03-26,234,9122,113,3699,121,5264,0,159,197,2750,37,3239,197,5989,California
Del Norte,2021-03-27,107,9229,86,3785,4,5268,17,176,17,2694,90,3329,34,6023,California
Del Norte,2021-03-28,4,9233,2,3787,2,5270,0,176,1,2692,3,3332,1,6024,California
Del Norte,2021-03-29,57,9290,6,3793,34,5304,17,193,32,2716,25,3357,49,6073,California
Del Norte,2021-03-30,340,9630,119,3912,210,5514,11,204,128,2643,212,3569,139,6212,California
Del Norte,2021-03-31,353,9983,100,4012,236,5750,17,221,198,2705,153,3722,215,6427,California
Del Norte,2021-04-01,164,10147,58,4070,72,5822,34,255,69,2714,94,3816,103,6530,California
Del Norte,2021-04-02,232,10379,79,4149,104,5926,49,304,49,2630,183,3999,99,6629,California
Del Norte,2021-04-03,108,10487,83,4232,2,5928,23,327,5,2556,102,4101,28,6657,California
Del Norte,2021-04-04,4,10491,0,4232,0,5928,4,331,0,2556,4,4105,4,6661,California
Del Norte,2021-04-05,47,10538,5,4237,38,5966,4,335,40,2593,7,4112,44,6705,California
Del Norte,2021-04-06,379,10917,120,4357,222,6188,37,372,146,2548,229,4341,184,6889,California
Del Norte,2021-04-07,436,11353,115,4472,260,6448,61,433,290,2753,146,4487,351,7240,California
Del Norte,2021-04-08,227,11580,54,4526,105,6553,68,501,105,2804,122,4609,173,7413,California
Del Norte,2021-04-09,205,11785,46,4572,82,6635,77,578,98,2871,106,4715,173,7586,California
Del Norte,2021-04-10,47,11832,26,4598,4,6639,17,595,27,2895,20,4735,44,7630,California
Del Norte,2021-04-11,12,11844,3,4601,2,6641,7,602,2,2894,10,4745,9,7639,California
Del Norte,2021-04-12,27,11871,1,4602,9,6650,17,619,1,2887,25,4770,18,7657,California
Del Norte,2021-04-13,298,12169,50,4652,248,6898,0,619,155,2899,143,4913,155,7812,California
Del Norte,2021-04-14,327,12496,23,4675,304,7202,0,619,138,2853,189,5102,143,7955,California
Del Norte,2021-04-15,164,12660,31,4706,133,7335,0,619,45,2780,119,5221,46,8001,California
Del Norte,2021-04-16,161,12821,40,4746,121,7456,0,619,59,2738,102,5323,60,8061,California
Del Norte,2021-04-17,103,12924,71,4817,32,7488,0,619,98,2831,5,5328,98,8159,California
Del Norte,2021-04-18,5,12929,4,4821,1,7489,0,619,4,2834,1,5329,4,8163,California
Del Norte,2021-04-19,50,12979,6,4827,44,7533,0,619,8,2800,42,5371,8,8171,California
Del Norte,2021-04-20,208,13187,40,4867,168,7701,0,619,73,2738,135,5506,73,8244,California
Del Norte,2021-04-21,288,13475,23,4890,265,7966,0,619,63,2580,224,5730,66,8310,California
Del Norte,2021-04-22,114,13589,15,4905,99,8065,0,619,62,2590,52,5782,62,8372,California
Del Norte,2021-04-23,153,13742,22,4927,131,8196,0,619,40,2517,113,5895,40,8412,California
Del Norte,2021-04-24,25,13767,14,4941,11,8207,0,619,20,2532,5,5900,20,8432,California
Del Norte,2021-04-25,2,13769,0,4941,2,8209,0,619,2,2534,0,5900,2,8434,California
Del Norte,2021-04-26,31,13800,0,4941,31,8240,0,619,9,2521,22,5922,9,8443,California
Del Norte,2021-04-27,181,13981,19,4960,157,8397,5,624,49,2443,132,6054,54,8497,California
Del Norte,2021-04-28,351,14332,100,5060,246,8643,5,629,63,2225,287,6341,69,8566,California
Del Norte,2021-04-29,93,14425,6,5066,83,8726,4,633,26,2188,67,6408,30,8596,California
Del Norte,2021-04-30,83,14508,6,5072,67,8793,10,643,44,2203,39,6447,54,8650,California
Del Norte,2021-05-01,8,14516,3,5075,5,8798,0,643,6,2207,2,6449,6,8656,California
Del Norte,2021-05-02,8,14524,0,5075,8,8806,0,643,8,2215,0,6449,8,8664,California
Del Norte,2021-05-03,40,14564,3,5078,34,8840,3,646,2,2183,37,6486,5,8669,California
Del Norte,2021-05-04,221,14785,36,5114,180,9020,5,651,47,2061,174,6660,52,8721,California
Del Norte,2021-05-05,231,15016,19,5133,204,9224,8,659,56,1950,175,6835,64,8785,California
Del Norte,2021-05-06,111,15127,24,5157,74,9298,13,672,26,1904,85,6920,39,8824,California
Del Norte,2021-05-07,152,15279,29,5186,119,9417,4,676,32,1820,120,7040,36,8860,California
Del Norte,2021-05-08,64,15343,55,5241,7,9424,2,678,7,1772,57,7097,9,8869,California
Del Norte,2021-05-09,9,15352,3,5244,3,9427,3,681,2,1770,7,7104,5,8874,California
Del Norte,2021-05-10,25,15377,3,5247,18,9445,4,685,15,1779,10,7114,19,8893,California
Del Norte,2021-05-11,170,15547,49,5296,119,9564,2,687,33,1677,137,7251,35,8928,California
Del Norte,2021-05-12,148,15695,23,5319,115,9679,10,697,27,1594,120,7371,37,8965,California
Del Norte,2021-05-13,60,15755,29,5348,30,9709,1,698,32,1599,28,7399,33,8998,California
Del Norte,2021-05-14,77,15832,27,5375,49,9758,1,699,42,1607,35,7434,43,9041,California
Del Norte,2021-05-15,81,15913,53,5428,28,9786,0,699,53,1632,28,7462,53,9094,California
Del Norte,2021-05-16,11,15924,0,5428,11,9797,0,699,11,1643,0,7462,11,9105,California
Del Norte,2021-05-17,27,15951,3,5431,20,9817,4,703,15,1650,12,7474,19,9124,California
Del Norte,2021-05-18,126,16077,68,5499,57,9874,1,704,80,1685,46,7520,81,9205,California
Del Norte,2021-05-19,96,16173,14,5513,66,9940,16,720,38,1681,58,7578,54,9259,California
Del Norte,2021-05-20,98,16271,31,5544,64,10004,3,723,39,1665,58,7636,42,9301,California
Del Norte,2021-05-21,78,16349,32,5576,42,10046,4,727,41,1673,37,7673,45,9346,California
Del Norte,2021-05-22,21,16370,7,5583,14,10060,0,727,8,1668,13,7686,8,9354,California
Del Norte,2021-05-23,11,16381,4,5587,7,10067,0,727,4,1665,7,7693,4,9358,California
Del Norte,2021-05-24,29,16410,11,5598,17,10084,1,728,18,1674,10,7703,19,9377,California
Del Norte,2021-05-25,33,16443,0,5598,29,10113,4,732,6,1659,25,7728,10,9387,California
El Dorado,2020-12-15,12,12,12,12,0,0,0,0,12,12,0,0,12,12,California
El Dorado,2020-12-16,40,52,40,52,0,0,0,0,40,52,0,0,40,52,California
El Dorado,2020-12-17,31,83,31,83,0,0,0,0,31,83,0,0,31,83,California
El Dorado,2020-12-18,237,320,237,320,0,0,0,0,237,320,0,0,237,320,California
El Dorado,2020-12-19,116,436,116,436,0,0,0,0,116,436,0,0,116,436,California
El Dorado,2020-12-20,85,521,85,521,0,0,0,0,85,521,0,0,85,521,California
El Dorado,2020-12-21,309,830,308,829,1,1,0,0,309,830,0,0,309,830,California
El Dorado,2020-12-22,238,1068,214,1043,24,25,0,0,238,1068,0,0,238,1068,California
El Dorado,2020-12-23,190,1258,141,1184,49,74,0,0,190,1258,0,0,190,1258,California
El Dorado,2020-12-24,88,1346,67,1251,21,95,0,0,88,1346,0,0,88,1346,California
El Dorado,2020-12-25,8,1354,8,1259,0,95,0,0,8,1354,0,0,8,1354,California
El Dorado,2020-12-26,45,1399,27,1286,18,113,0,0,45,1399,0,0,45,1399,California
El Dorado,2020-12-27,37,1436,33,1319,4,117,0,0,37,1436,0,0,37,1436,California
El Dorado,2020-12-28,213,1649,166,1485,47,164,0,0,213,1649,0,0,213,1649,California
El Dorado,2020-12-29,460,2109,143,1628,317,481,0,0,460,2109,0,0,460,2109,California
El Dorado,2020-12-30,505,2614,136,1764,369,850,0,0,505,2614,0,0,505,2614,California
El Dorado,2020-12-31,110,2724,70,1834,40,890,0,0,110,2724,0,0,110,2724,California
El Dorado,2021-01-01,7,2731,4,1838,3,893,0,0,7,2731,0,0,7,2731,California
El Dorado,2021-01-02,153,2884,141,1979,12,905,0,0,153,2884,0,0,153,2884,California
El Dorado,2021-01-03,92,2976,17,1996,75,980,0,0,92,2976,0,0,92,2976,California
El Dorado,2021-01-04,190,3166,62,2058,128,1108,0,0,190,3166,0,0,190,3166,California
El Dorado,2021-01-05,228,3394,72,2130,156,1264,0,0,212,3362,16,16,212,3378,California
El Dorado,2021-01-06,239,3633,167,2297,72,1336,0,0,175,3473,64,80,175,3553,California
El Dorado,2021-01-07,332,3965,137,2434,195,1531,0,0,261,3663,71,151,261,3814,California
El Dorado,2021-01-08,976,4941,502,2936,474,2005,0,0,772,4232,204,355,773,4587,California
El Dorado,2021-01-09,193,5134,156,3092,37,2042,0,0,125,4289,68,423,125,4712,California
El Dorado,2021-01-10,179,5313,128,3220,51,2093,0,0,109,4329,70,493,110,4822,California
El Dorado,2021-01-11,659,5972,293,3513,366,2459,0,0,459,4590,199,692,460,5282,California
El Dorado,2021-01-12,806,6778,423,3936,383,2842,0,0,557,4898,249,941,557,5839,California
El Dorado,2021-01-13,702,7480,298,4234,404,3246,0,0,541,5278,161,1102,541,6380,California
El Dorado,2021-01-14,792,8272,220,4454,572,3818,0,0,697,5880,95,1197,697,7077,California
El Dorado,2021-01-15,790,9062,184,4638,606,4424,0,0,718,6526,72,1269,718,7795,California
El Dorado,2021-01-16,173,9235,103,4741,70,4494,0,0,146,6645,27,1296,146,7941,California
El Dorado,2021-01-17,99,9334,46,4787,53,4547,0,0,82,6710,17,1313,82,8023,California
El Dorado,2021-01-18,423,9757,140,4927,283,4830,0,0,354,6995,69,1382,354,8377,California
El Dorado,2021-01-19,754,10511,453,5380,301,5131,0,0,604,7450,150,1532,605,8982,California
El Dorado,2021-01-20,1014,11525,689,6069,325,5456,0,0,901,8239,112,1644,901,9883,California
El Dorado,2021-01-21,1265,12790,678,6747,587,6043,0,0,1057,9129,167,1811,1057,10940,California
El Dorado,2021-01-22,1228,14018,833,7580,395,6438,0,0,1174,10250,53,1864,1174,12114,California
El Dorado,2021-01-23,737,14755,615,8195,122,6560,0,0,626,10765,111,1975,626,12740,California
El Dorado,2021-01-24,126,14881,76,8271,50,6610,0,0,107,10853,19,1994,107,12847,California
El Dorado,2021-01-25,700,15581,293,8564,407,7017,0,0,613,11379,87,2081,613,13460,California
El Dorado,2021-01-26,676,16257,365,8929,311,7328,0,0,573,11849,103,2184,573,14033,California
El Dorado,2021-01-27,990,17247,389,9318,601,7929,0,0,653,12164,338,2522,653,14686,California
El Dorado,2021-01-28,1106,18353,452,9770,654,8583,0,0,745,12548,361,2883,745,15431,California
El Dorado,2021-01-29,1044,19397,556,10326,488,9071,0,0,752,13010,291,3174,753,16184,California
El Dorado,2021-01-30,542,19939,290,10616,252,9323,0,0,445,13359,96,3270,445,16629,California
El Dorado,2021-01-31,235,20174,214,10830,21,9344,0,0,183,13491,51,3321,183,16812,California
El Dorado,2021-02-01,798,20972,368,11198,430,9774,0,0,653,13999,145,3466,653,17465,California
El Dorado,2021-02-02,839,21811,367,11565,472,10246,0,0,676,14512,163,3629,676,18141,California
El Dorado,2021-02-03,901,22712,476,12041,425,10671,0,0,689,14989,212,3841,689,18830,California
El Dorado,2021-02-04,1244,23956,701,12742,543,11214,0,0,872,15489,372,4213,872,19702,California
El Dorado,2021-02-05,1485,25441,599,13341,886,12100,0,0,862,15765,586,4799,862,20564,California
El Dorado,2021-02-06,637,26078,331,13672,306,12406,0,0,531,16191,106,4905,532,21096,California
El Dorado,2021-02-07,259,26337,177,13849,82,12488,0,0,195,16322,64,4969,195,21291,California
El Dorado,2021-02-08,883,27220,418,14267,465,12953,0,0,609,16657,274,5243,609,21900,California
El Dorado,2021-02-09,970,28190,546,14813,424,13377,0,0,539,16765,431,5674,539,22439,California
El Dorado,2021-02-10,1257,29447,735,15548,522,13899,0,0,664,16837,592,6266,664,23103,California
El Dorado,2021-02-11,2151,31598,889,16437,1262,15161,0,0,757,16204,1391,7657,758,23861,California
El Dorado,2021-02-12,1574,33172,824,17261,750,15911,0,0,674,15980,899,8556,675,24536,California
El Dorado,2021-02-13,979,34151,667,17928,312,16223,0,0,435,15874,541,9097,435,24971,California
El Dorado,2021-02-14,486,34637,155,18083,331,16554,0,0,399,16186,87,9184,399,25370,California
El Dorado,2021-02-15,1180,35817,382,18465,798,17352,0,0,817,16644,363,9547,821,26191,California
El Dorado,2021-02-16,1206,37023,532,18997,674,18026,0,0,671,16782,534,10081,672,26863,California
El Dorado,2021-02-17,952,37975,419,19416,533,18559,0,0,459,16750,493,10574,461,27324,California
El Dorado,2021-02-18,2094,40069,1020,20436,1074,19633,0,0,1059,16775,1034,11608,1059,28383,California
El Dorado,2021-02-19,1210,41279,643,21079,567,20200,0,0,676,16918,533,12141,676,29059,California
El Dorado,2021-02-20,924,42203,440,21519,484,20684,0,0,671,17341,248,12389,671,29730,California
El Dorado,2021-02-21,284,42487,227,21746,57,20741,0,0,100,17257,184,12573,100,29830,California
El Dorado,2021-02-22,874,43361,439,22185,435,21176,0,0,272,16928,601,13174,272,30102,California
El Dorado,2021-02-23,846,44207,473,22658,373,21549,0,0,338,16759,507,13681,338,30440,California
El Dorado,2021-02-24,1027,45234,438,23096,589,22138,0,0,425,16583,602,14283,426,30866,California
El Dorado,2021-02-25,1891,47125,1140,24236,751,22889,0,0,674,16049,1210,15493,676,31542,California
El Dorado,2021-02-26,2356,49481,1481,25717,875,23764,0,0,1585,16866,768,16261,1585,33127,California
El Dorado,2021-02-27,1663,51144,440,26157,1223,24987,0,0,1222,17650,438,16699,1222,34349,California
El Dorado,2021-02-28,592,51736,206,26363,386,25373,0,0,435,17929,157,16856,436,34785,California
El Dorado,2021-03-01,1133,52869,448,26811,684,26057,1,1,624,18046,508,17364,625,35410,California
El Dorado,2021-03-02,924,53793,269,27080,655,26712,0,1,484,18092,438,17802,484,35894,California
El Dorado,2021-03-03,1690,55483,464,27544,1226,27938,0,1,1154,18720,529,18331,1157,37051,California
El Dorado,2021-03-04,2514,57997,1549,29093,965,28903,0,1,1195,18599,1316,19647,1195,38246,California
El Dorado,2021-03-05,1579,59576,425,29518,1149,30052,5,6,1044,19119,529,20176,1049,39295,California
El Dorado,2021-03-06,741,60317,213,29731,493,30545,35,41,393,19200,347,20523,428,39723,California
El Dorado,2021-03-07,406,60723,197,29928,191,30736,18,59,242,19298,162,20685,260,39983,California
El Dorado,2021-03-08,1329,62052,365,30293,892,31628,72,131,860,19763,466,21151,931,40914,California
El Dorado,2021-03-09,989,63041,231,30524,691,32319,67,198,587,20030,387,21538,654,41568,California
El Dorado,2021-03-10,951,63992,345,30869,550,32869,56,254,548,20237,396,21934,603,42171,California
El Dorado,2021-03-11,3019,67011,1833,32702,1004,33873,182,436,1285,19990,1713,23647,1466,43637,California
El Dorado,2021-03-12,1785,68796,620,33322,918,34791,247,683,744,19959,1023,24670,992,44629,California
El Dorado,2021-03-13,1066,69862,344,33666,440,35231,282,965,375,19926,688,25358,655,45284,California
El Dorado,2021-03-14,794,70656,208,33874,474,35705,112,1077,279,19802,515,25873,391,45675,California
El Dorado,2021-03-15,1401,72057,304,34178,971,36676,126,1203,612,19756,785,26658,739,46414,California
El Dorado,2021-03-16,1220,73277,412,34590,663,37339,145,1348,571,19829,643,27301,716,47130,California
El Dorado,2021-03-17,1109,74386,349,34939,665,38004,95,1443,723,20262,385,27686,818,47948,California
El Dorado,2021-03-18,2996,77382,1772,36711,1179,39183,45,1488,1975,21269,1013,28699,2020,49968,California
El Dorado,2021-03-19,1118,78500,365,37076,607,39790,146,1634,641,21579,477,29176,787,50755,California
El Dorado,2021-03-20,948,79448,269,37345,662,40452,17,1651,369,21397,568,29744,386,51141,California
El Dorado,2021-03-21,1025,80473,418,37763,602,41054,5,1656,934,22247,89,29833,939,52080,California
El Dorado,2021-03-22,1506,81979,489,38252,935,41989,82,1738,1196,23220,305,30138,1278,53358,California
El Dorado,2021-03-23,1149,83128,452,38704,602,42591,95,1833,733,23643,405,30543,828,54186,California
El Dorado,2021-03-24,1459,84587,624,39328,639,43230,196,2029,665,23738,766,31309,861,55047,California
El Dorado,2021-03-25,2510,87097,1685,41013,722,43952,103,2132,1380,24098,1124,32433,1484,56531,California
El Dorado,2021-03-26,1820,88917,698,41711,1012,44964,110,2242,945,24301,853,33286,1056,57587,California
El Dorado,2021-03-27,1320,90237,188,41899,1128,46092,4,2246,334,23659,980,34266,338,57925,California
El Dorado,2021-03-28,635,90872,182,42081,443,46535,10,2256,203,23444,428,34694,213,58138,California
El Dorado,2021-03-29,1320,92192,433,42514,871,47406,16,2272,830,23803,487,35181,846,58984,California
El Dorado,2021-03-30,1363,93555,412,42926,858,48264,93,2365,684,23907,671,35852,775,59759,California
El Dorado,2021-03-31,1561,95116,582,43508,916,49180,63,2428,700,23810,859,36711,762,60521,California
El Dorado,2021-04-01,3238,98354,1769,45277,1386,50566,83,2511,1542,23742,1694,38405,1626,62147,California
El Dorado,2021-04-02,1888,100242,563,45840,1230,51796,95,2606,751,23458,1131,39536,847,62994,California
El Dorado,2021-04-03,752,100994,295,46135,335,52131,122,2728,231,23293,518,40054,353,63347,California
El Dorado,2021-04-04,272,101266,85,46220,140,52271,47,2775,98,23265,173,40227,145,63492,California
El Dorado,2021-04-05,1425,102691,425,46645,906,53177,94,2869,593,23124,827,41054,686,64178,California
El Dorado,2021-04-06,1415,104106,524,47169,670,53847,221,3090,454,22839,958,42012,673,64851,California
El Dorado,2021-04-07,1583,105689,556,47725,577,54424,450,3540,556,22818,1024,43036,1003,65854,California
El Dorado,2021-04-08,2670,108359,1721,49446,715,55139,234,3774,1111,22617,1550,44586,1349,67203,California
El Dorado,2021-04-09,1426,109785,452,49898,754,55893,220,3994,569,22549,854,45440,786,67989,California
El Dorado,2021-04-10,819,110604,224,50122,485,56378,110,4104,471,22785,345,45785,581,68570,California
El Dorado,2021-04-11,703,111307,454,50576,233,56611,16,4120,208,22515,494,46279,224,68794,California
El Dorado,2021-04-12,1276,112583,498,51074,630,57241,148,4268,559,22511,710,46989,706,69500,California
El Dorado,2021-04-13,1118,113701,609,51683,509,57750,0,4268,507,22411,607,47596,507,70007,California
El Dorado,2021-04-14,1085,114786,459,52142,625,58375,1,4269,386,22112,686,48282,387,70394,California
El Dorado,2021-04-15,2489,117275,1671,53813,818,59193,0,4269,954,21535,1532,49814,955,71349,California
El Dorado,2021-04-16,1466,118741,520,54333,946,60139,0,4269,602,21278,860,50674,603,71952,California
El Dorado,2021-04-17,791,119532,202,54535,589,60728,0,4269,491,21472,297,50971,491,72443,California
El Dorado,2021-04-18,990,120522,88,54623,902,61630,0,4269,394,21271,595,51566,394,72837,California
El Dorado,2021-04-19,1715,122237,438,55061,1277,62907,0,4269,690,20942,1019,52585,690,73527,California
El Dorado,2021-04-20,1110,123347,360,55421,750,63657,0,4269,461,20759,644,53229,461,73988,California
El Dorado,2021-04-21,1157,124504,465,55886,688,64345,4,4273,589,20789,560,53789,590,74578,California
El Dorado,2021-04-22,2549,127053,1679,57565,870,65215,0,4273,1067,20377,1479,55268,1067,75645,California
El Dorado,2021-04-23,1398,128451,491,58056,907,66122,0,4273,708,20399,687,55955,709,76354,California
El Dorado,2021-04-24,968,129419,516,58572,452,66574,0,4273,733,20899,233,56188,733,77087,California
El Dorado,2021-04-25,653,130072,449,59021,204,66778,0,4273,466,21178,187,56375,466,77553,California
El Dorado,2021-04-26,1139,131211,450,59471,673,67451,16,4289,538,21132,600,56975,554,78107,California
El Dorado,2021-04-27,1050,132261,374,59845,648,68099,28,4317,471,21058,573,57548,499,78606,California
El Dorado,2021-04-28,1031,133292,346,60191,645,68744,40,4357,402,20872,628,58176,442,79048,California
El Dorado,2021-04-29,1929,135221,1303,61494,594,69338,32,4389,538,20053,1389,59565,570,79618,California
El Dorado,2021-04-30,2118,137339,1329,62823,748,70086,41,4430,1359,20705,747,60312,1399,81017,California
El Dorado,2021-05-01,615,137954,282,63105,306,70392,27,4457,277,20678,331,60643,304,81321,California
El Dorado,2021-05-02,298,138252,212,63317,57,70449,29,4486,101,20613,194,60837,129,81450,California
El Dorado,2021-05-03,820,139072,402,63719,368,70817,50,4536,275,20396,543,61380,326,81776,California
El Dorado,2021-05-04,875,139947,431,64150,386,71203,58,4594,308,20199,563,61943,366,82142,California
El Dorado,2021-05-05,872,140819,430,64580,369,71572,73,4667,414,20230,456,62399,487,82629,California
El Dorado,2021-05-06,1112,141931,481,65061,584,72156,47,4714,474,20113,634,63033,517,83146,California
El Dorado,2021-05-07,977,142908,372,65433,547,72703,58,4772,399,19991,578,63611,456,83602,California
El Dorado,2021-05-08,484,143392,149,65582,298,73001,37,4809,186,19918,296,63907,223,83825,California
El Dorado,2021-05-09,217,143609,78,65660,112,73113,27,4836,100,19929,116,64023,127,83952,California
El Dorado,2021-05-10,828,144437,274,65934,495,73608,59,4895,241,19650,577,64600,298,84250,California
El Dorado,2021-05-11,660,145097,286,66220,320,73928,54,4949,290,19628,367,64967,345,84595,California
El Dorado,2021-05-12,584,145681,306,66526,243,74171,35,4984,235,19550,349,65316,271,84866,California
El Dorado,2021-05-13,1140,146821,732,67258,373,74544,35,5019,396,19241,739,66055,430,85296,California
El Dorado,2021-05-14,1398,148219,804,68062,510,75054,84,5103,679,19290,714,66769,763,86059,California
El Dorado,2021-05-15,895,149114,553,68615,286,75340,56,5159,312,19075,583,67352,368,86427,California
El Dorado,2021-05-16,589,149703,455,69070,108,75448,26,5185,227,18966,362,67714,253,86680,California
El Dorado,2021-05-17,1545,151248,657,69727,840,76288,48,5233,561,18594,980,68694,608,87288,California
El Dorado,2021-05-18,1010,152258,506,70233,450,76738,54,5287,444,18527,565,69259,498,87786,California
El Dorado,2021-05-19,810,153068,328,70561,430,77168,52,5339,315,18404,489,69748,366,88152,California
El Dorado,2021-05-20,1035,154103,600,71161,389,77557,46,5385,448,18314,584,70332,494,88646,California
El Dorado,2021-05-21,2159,156262,1658,72819,476,78033,25,5410,739,17663,1415,71747,764,89410,California
El Dorado,2021-05-22,564,156826,155,72974,393,78426,16,5426,190,17496,373,72120,206,89616,California
El Dorado,2021-05-23,185,157011,86,73060,80,78506,19,5445,61,17453,123,72243,80,89696,California
El Dorado,2021-05-24,800,157811,422,73482,311,78817,67,5512,277,17275,519,72762,341,90037,California
El Dorado,2021-05-25,140,157951,77,73559,52,78869,11,5523,51,17248,89,72851,62,90099,California
Fresno,2020-12-15,2,2,2,2,0,0,0,0,2,2,0,0,2,2,California
Fresno,2020-12-16,125,127,125,127,0,0,0,0,125,127,0,0,125,127,California
Fresno,2020-12-17,121,248,121,248,0,0,0,0,121,248,0,0,121,248,California
Fresno,2020-12-18,346,594,346,594,0,0,0,0,346,594,0,0,346,594,California
Fresno,2020-12-19,159,753,159,753,0,0,0,0,159,753,0,0,159,753,California
Fresno,2020-12-20,258,1011,256,1009,2,2,0,0,258,1011,0,0,258,1011,California
Fresno,2020-12-21,927,1938,925,1934,2,4,0,0,958,1969,0,0,958,1969,California
Fresno,2020-12-22,905,2843,875,2809,30,34,0,0,909,2878,0,0,909,2878,California
Fresno,2020-12-23,1091,3934,1049,3858,42,76,0,0,1092,3970,0,0,1092,3970,California
Fresno,2020-12-24,588,4522,563,4421,25,101,0,0,588,4558,0,0,588,4558,California
Fresno,2020-12-25,2,4524,1,4422,1,102,0,0,2,4560,0,0,2,4560,California
Fresno,2020-12-26,724,5248,715,5137,9,111,0,0,724,5284,0,0,724,5284,California
Fresno,2020-12-27,307,5555,208,5345,99,210,0,0,307,5591,0,0,307,5591,California
Fresno,2020-12-28,1090,6645,800,6145,290,500,0,0,1091,6682,0,0,1091,6682,California
Fresno,2020-12-29,1736,8381,991,7136,745,1245,0,0,1734,8415,1,1,1734,8416,California
Fresno,2020-12-30,955,9336,444,7580,511,1756,0,0,955,9370,0,1,955,9371,California
Fresno,2020-12-31,901,10237,309,7889,592,2348,0,0,900,10270,0,1,900,10271,California
Fresno,2021-01-01,9,10246,3,7892,6,2354,0,0,9,10279,0,1,9,10280,California
Fresno,2021-01-02,1029,11275,715,8607,314,2668,0,0,1029,11308,0,1,1029,11309,California
Fresno,2021-01-03,153,11428,128,8735,25,2693,0,0,153,11461,0,1,153,11462,California
Fresno,2021-01-04,620,12048,376,9111,244,2937,0,0,620,12081,0,1,620,12082,California
Fresno,2021-01-05,781,12829,313,9424,468,3405,0,0,707,12714,74,75,707,12789,California
Fresno,2021-01-06,986,13815,348,9772,638,4043,0,0,810,13348,176,251,810,13599,California
Fresno,2021-01-07,1894,15709,917,10689,977,5020,0,0,1641,14739,253,504,1644,15243,California
Fresno,2021-01-08,1787,17496,613,11302,1174,6194,0,0,1423,15800,362,866,1423,16666,California
Fresno,2021-01-09,634,18130,388,11690,246,6440,0,0,359,15884,275,1141,359,17025,California
Fresno,2021-01-10,518,18648,488,12178,30,6470,0,0,204,15774,314,1455,204,17229,California
Fresno,2021-01-11,2218,20866,1810,13988,408,6878,0,0,1525,16609,693,2148,1528,18757,California
Fresno,2021-01-12,2528,23394,1829,15817,699,7577,0,0,1678,17437,852,3000,1680,20437,California
Fresno,2021-01-13,3554,26948,2434,18251,1120,8697,0,0,2705,19296,849,3849,2708,23145,California
Fresno,2021-01-14,4137,31085,2183,20434,1954,10651,0,0,3666,22492,470,4319,3666,26811,California
Fresno,2021-01-15,3659,34744,2530,22964,1129,11780,0,0,3301,25439,358,4677,3305,30116,California
Fresno,2021-01-16,3152,37896,2309,25273,843,12623,0,0,2687,27663,464,5141,2688,32804,California
Fresno,2021-01-17,976,38872,555,25828,421,13044,0,0,778,28243,198,5339,778,33582,California
Fresno,2021-01-18,3077,41949,2369,28197,708,13752,0,0,2421,30012,654,5993,2423,36005,California
Fresno,2021-01-19,4406,46355,2620,30817,1786,15538,0,0,3692,32994,714,6707,3696,39701,California
Fresno,2021-01-20,3020,49375,1208,32025,1812,17350,0,0,2707,35393,311,7018,2710,42411,California
Fresno,2021-01-21,4395,53770,2033,34058,2362,19712,0,0,4034,39095,338,7356,4040,46451,California
Fresno,2021-01-22,3312,57082,1348,35406,1964,21676,0,0,2921,41643,374,7730,2922,49373,California
Fresno,2021-01-23,3049,60131,1974,37380,1075,22751,0,0,2326,43252,722,8452,2331,51704,California
Fresno,2021-01-24,559,60690,377,37757,182,22933,0,0,353,43401,206,8658,355,52059,California
Fresno,2021-01-25,2423,63113,865,38622,1558,24491,0,0,1871,44723,552,9210,1874,53933,California
Fresno,2021-01-26,2065,65178,586,39208,1479,25970,0,0,1319,45299,744,9954,1320,55253,California
Fresno,2021-01-27,2294,67472,1157,40365,1137,27107,0,0,1744,46497,549,10503,1747,57000,California
Fresno,2021-01-28,4494,71966,3048,43413,1446,28553,0,0,3465,48939,1026,11529,3468,60468,California
Fresno,2021-01-29,1709,73675,983,44396,726,29279,0,0,1410,50055,295,11824,1411,61879,California
Fresno,2021-01-30,1452,75127,550,44946,902,30181,0,0,1035,50673,417,12241,1035,62914,California
Fresno,2021-01-31,228,75355,219,45165,9,30190,0,0,74,50593,154,12395,74,62988,California
Fresno,2021-02-01,3345,78700,1672,46837,1673,31863,0,0,1786,50830,1558,13953,1795,64783,California
Fresno,2021-02-02,2723,81423,552,47389,2171,34034,0,0,1581,51299,1127,15080,1596,66379,California
Fresno,2021-02-03,3555,84978,2101,49490,1454,35488,0,0,1547,50847,2000,17080,1548,67927,California
Fresno,2021-02-04,4198,89176,1897,51387,2301,37789,0,0,1931,50546,2237,19317,1936,69863,California
Fresno,2021-02-05,5343,94519,2729,54116,2614,40403,0,0,2310,49832,3028,22345,2314,72177,California
Fresno,2021-02-06,2938,97457,2048,56164,890,41293,0,0,974,48847,1960,24305,975,73152,California
Fresno,2021-02-07,466,97923,284,56448,182,41475,0,0,272,48926,193,24498,272,73424,California
Fresno,2021-02-08,4277,102200,2291,58739,1986,43461,0,0,1815,48300,2450,26948,1824,75248,California
Fresno,2021-02-09,5339,107539,2089,60828,3250,46711,0,0,3123,49290,2142,29090,3132,78380,California
Fresno,2021-02-10,3890,111429,1232,62060,2658,49369,0,0,1994,49453,1844,30934,2007,80387,California
Fresno,2021-02-11,6459,117888,2095,64155,4364,53733,0,0,3361,49739,3080,34014,3366,83753,California
Fresno,2021-02-12,5395,123283,1383,65538,4012,57745,0,0,2737,49845,2639,36653,2745,86498,California
Fresno,2021-02-13,3754,127037,1560,67098,2194,59939,0,0,2086,50280,1657,38310,2092,88590,California
Fresno,2021-02-14,1563,128600,283,67381,1280,61219,0,0,838,50395,725,39035,840,89430,California
Fresno,2021-02-15,2892,131492,267,67648,2625,63844,0,0,1788,51087,1100,40135,1792,91222,California
Fresno,2021-02-16,6698,138190,2404,70052,4294,68138,0,0,4246,52904,2435,42570,4252,95474,California
Fresno,2021-02-17,5340,143530,2452,72504,2888,71026,0,0,2991,53595,2304,44874,2995,98469,California
Fresno,2021-02-18,6855,150385,2892,75396,3963,74989,0,0,2583,51961,4228,49102,2594,101063,California
Fresno,2021-02-19,3841,154226,1100,76496,2741,77730,0,0,1825,51784,2005,51107,1828,102891,California
Fresno,2021-02-20,4537,158763,2491,78987,2046,79776,0,0,3054,53368,1476,52583,3060,105951,California
Fresno,2021-02-21,191,158954,172,79159,19,79795,0,0,127,53445,50,52633,127,106078,California
Fresno,2021-02-22,2252,161206,1004,80163,1248,81043,0,0,1237,53679,1005,53638,1239,107317,California
Fresno,2021-02-23,4691,165897,2265,82428,2426,83469,0,0,3814,56630,865,54503,3816,111133,California
Fresno,2021-02-24,4212,170109,1503,83931,2709,86178,0,0,3457,59345,743,55246,3458,114591,California
Fresno,2021-02-25,8709,178818,3734,87665,4975,91153,0,0,7219,65146,1426,56672,7227,121818,California
Fresno,2021-02-26,9017,187835,3700,91365,5317,96470,0,0,7709,71577,1284,57956,7715,129533,California
Fresno,2021-02-27,7283,195118,3158,94523,4124,100594,1,1,6571,77455,696,58652,6574,136107,California
Fresno,2021-02-28,1653,196771,534,95057,1119,101713,0,1,1564,78943,77,58729,1565,137672,California
Fresno,2021-03-01,5076,201847,1310,96367,3766,105479,0,1,3675,81234,1388,60117,3679,141351,California
Fresno,2021-03-02,9857,211704,3384,99751,6473,111952,0,1,8474,88372,1359,61476,8497,149848,California
Fresno,2021-03-03,6940,218644,1700,101451,5239,117191,1,2,5928,93416,999,62475,6043,155891,California
Fresno,2021-03-04,10448,229092,4118,105569,6330,123521,0,2,8710,100424,1710,64185,8718,164609,California
Fresno,2021-03-05,9073,238165,3633,109202,5438,128959,2,4,7997,107555,943,65128,8074,172683,California
Fresno,2021-03-06,6854,245019,3794,112996,2942,131901,118,122,5863,112556,984,66112,5985,178668,California
Fresno,2021-03-07,1489,246508,681,113677,772,132673,36,158,1259,113625,227,66339,1296,179964,California
Fresno,2021-03-08,5144,251652,2026,115703,2967,135640,151,309,3961,116574,1174,67513,4123,184087,California
Fresno,2021-03-09,8568,260220,3792,119495,4505,140145,271,580,4646,117626,3901,71414,4953,189040,California
Fresno,2021-03-10,6755,266975,2861,122356,3502,143647,392,972,5349,121979,1397,72811,5750,194790,California
Fresno,2021-03-11,11490,278465,4583,126939,6341,149988,566,1538,6237,123631,5227,78038,6879,201669,California
Fresno,2021-03-12,12005,290470,5135,132074,6417,156405,453,1991,8995,130231,2990,81028,9590,211259,California
Fresno,2021-03-13,8357,298827,4056,136130,3268,159673,1033,3024,4040,131082,4296,85324,5147,216406,California
Fresno,2021-03-14,1769,300596,477,136607,1003,160676,289,3313,670,130953,1087,86411,958,217364,California
Fresno,2021-03-15,7132,307728,3180,139787,3780,164456,172,3485,4949,134092,2168,88579,5307,222671,California
Fresno,2021-03-16,10210,317938,4530,144317,5284,169740,396,3881,5422,135249,4756,93335,5913,228584,California
Fresno,2021-03-17,8666,326604,3929,148246,4046,173786,691,4572,5875,139426,2769,96104,6946,235530,California
Fresno,2021-03-18,12452,339056,6727,154973,5091,178877,634,5206,7064,142210,5339,101443,8123,243653,California
Fresno,2021-03-19,11194,350250,5881,160854,4699,183576,614,5820,6952,145858,4213,105656,7861,251514,California
Fresno,2021-03-20,7608,357858,4605,165459,2691,186267,312,6132,3805,146478,3773,109429,4393,255907,California
Fresno,2021-03-21,1777,359635,1204,166663,204,186471,369,6501,959,146993,814,110243,1329,257236,California
Fresno,2021-03-22,5669,365304,2895,169558,2179,188650,595,7096,3842,149819,1811,112054,4637,261873,California
Fresno,2021-03-23,10562,375866,5248,174806,4817,193467,497,7593,5068,150339,5473,117527,5993,267866,California
Fresno,2021-03-24,8870,384736,3835,178641,4203,197670,832,8425,4979,152350,3853,121380,5864,273730,California
Fresno,2021-03-25,12205,396941,5681,184322,5735,203405,789,9214,4763,150590,7395,128775,5635,279365,California
Fresno,2021-03-26,12243,409184,5456,189778,6141,209546,646,9860,4480,148027,7710,136485,5147,284512,California
Fresno,2021-03-27,9576,418760,4297,194075,4190,213736,1089,10949,2943,145467,6596,143081,4036,288548,California
Fresno,2021-03-28,3397,422157,1310,195385,1399,215135,688,11637,1277,145596,2112,145193,2241,290789,California
Fresno,2021-03-29,5999,428156,2008,197393,3440,218575,551,12188,2898,145982,3074,148267,3460,294249,California
Fresno,2021-03-30,10894,439050,4265,201658,5731,224306,898,13086,3845,143703,7022,155289,4743,298992,California
Fresno,2021-03-31,9651,448701,3385,205043,5278,229584,988,14074,3734,142545,5878,161167,4720,303712,California
Fresno,2021-04-01,11872,460573,4199,209242,6808,236392,865,14939,3980,139562,7790,168957,4807,308519,California
Fresno,2021-04-02,11735,472308,4564,213806,6386,242778,785,15724,4182,137149,7395,176352,4982,313501,California
Fresno,2021-04-03,6415,478723,3536,217342,2622,245400,257,15981,2163,135371,4235,180587,2457,315958,California
Fresno,2021-04-04,1489,480212,535,217877,909,246309,45,16026,546,135027,935,181522,591,316549,California
Fresno,2021-04-05,8325,488537,4461,222338,3064,249373,800,16826,2444,132475,5864,187386,3312,319861,California
Fresno,2021-04-06,9594,498131,4018,226356,4392,253765,1184,18010,3541,131208,6015,193401,4748,324609,California
Fresno,2021-04-07,10368,508499,5322,231678,3841,257606,1205,19215,3524,129172,6801,200202,4765,329374,California
Fresno,2021-04-08,10828,519327,5111,236789,4567,262173,1150,20365,3402,126396,7379,207581,4603,333977,California
Fresno,2021-04-09,11144,530471,5315,242104,4444,266617,1385,21750,3586,123881,7513,215094,4998,338975,California
Fresno,2021-04-10,7868,538339,5146,247250,2200,268817,522,22272,3660,123864,4197,219291,4180,343155,California
Fresno,2021-04-11,1387,539726,926,248176,372,269189,89,22361,447,123466,935,220226,537,343692,California
Fresno,2021-04-12,7161,546887,3765,251941,2475,271664,921,23282,2315,121879,4822,225048,3235,346927,California
Fresno,2021-04-13,8911,555798,4242,256183,4599,276263,70,23352,3462,120087,5415,230463,3623,350550,California
Fresno,2021-04-14,9442,565240,5731,261914,3710,279973,1,23353,3716,118165,5685,236148,3763,354313,California
Fresno,2021-04-15,8385,573625,4180,266094,4202,284175,3,23356,3155,116124,5202,241350,3161,357474,California
Fresno,2021-04-16,9374,582999,4629,270723,4743,288918,2,23358,3869,114532,5468,246818,3876,361350,California
Fresno,2021-04-17,5562,588561,3718,274441,1844,290762,0,23358,2643,114278,2899,249717,2645,363995,California
Fresno,2021-04-18,1028,589589,560,275001,468,291230,0,23358,472,114199,551,250268,472,364467,California
Fresno,2021-04-19,5530,595119,3017,278018,2510,293740,3,23361,2255,113221,3238,253506,2260,366727,California
Fresno,2021-04-20,6947,602066,3434,281452,3505,297245,8,23369,2620,111545,4305,257811,2629,369356,California
Fresno,2021-04-21,6381,608447,3528,284980,2845,300090,8,23377,2664,110537,3684,261495,2676,372032,California
Fresno,2021-04-22,6344,614791,3147,288127,3196,303286,1,23378,2306,108864,3983,265478,2310,374342,California
Fresno,2021-04-23,7051,621842,3776,291903,3257,306543,18,23396,2707,107275,4302,269780,2713,377055,California
Fresno,2021-04-24,4157,625999,2479,294382,1678,308221,0,23396,1912,106955,2232,272012,1912,378967,California
Fresno,2021-04-25,1371,627370,556,294938,813,309034,2,23398,688,106966,678,272690,689,379656,California
Fresno,2021-04-26,3931,631301,1973,296911,1914,310948,44,23442,1670,106448,2231,274921,1713,381369,California
Fresno,2021-04-27,4528,635829,2293,299204,2124,313072,111,23553,1792,105634,2717,277638,1903,383272,California
Fresno,2021-04-28,4706,640535,2623,301827,1956,315028,127,23680,1936,104949,2749,280387,2064,385336,California
Fresno,2021-04-29,4724,645259,2642,304469,1949,316977,133,23813,1763,103915,2930,283317,1896,387232,California
Fresno,2021-04-30,5380,650639,3281,307750,1964,318941,135,23948,2130,102961,3218,286535,2264,389496,California
Fresno,2021-05-01,4183,654822,3466,311216,580,319521,137,24085,1224,101378,2943,289478,1360,390856,California
Fresno,2021-05-02,1233,656055,769,311985,413,319934,51,24136,601,101408,621,290099,651,391507,California
Fresno,2021-05-03,3998,660053,2693,314678,1119,321053,186,24322,1289,100196,2683,292782,1471,392978,California
Fresno,2021-05-04,4820,664873,2497,317175,2171,323224,152,24474,1549,98653,3246,296028,1703,394681,California
Fresno,2021-05-05,4811,669684,2883,320058,1702,324926,226,24700,1455,96999,3332,299360,1678,396359,California
Fresno,2021-05-06,4064,673748,2484,322542,1475,326401,105,24805,1351,95769,2686,302046,1456,397815,California
Fresno,2021-05-07,4972,678720,3260,325802,1548,327949,164,24969,1529,94038,3422,305468,1691,399506,California
Fresno,2021-05-08,3864,682584,2466,328268,1253,329202,145,25114,1153,92645,2692,308160,1299,400805,California
Fresno,2021-05-09,680,683264,350,328618,287,329489,43,25157,338,92689,336,308496,380,401185,California
Fresno,2021-05-10,2946,686210,1578,330196,1227,330716,141,25298,920,91731,2019,310515,1061,402246,California
Fresno,2021-05-11,3608,689818,1842,332038,1676,332392,90,25388,1155,90535,2442,312957,1246,403492,California
Fresno,2021-05-12,3716,693534,2353,334391,1216,333608,147,25535,1342,89674,2351,315308,1490,404982,California
Fresno,2021-05-13,3601,697135,1950,336341,1544,335152,107,25642,1591,89399,1973,317281,1698,406680,California
Fresno,2021-05-14,5016,702151,3030,339371,1808,336960,178,25820,2142,88876,2843,320124,2320,409000,California
Fresno,2021-05-15,3569,705720,2668,342039,772,337732,129,25949,1816,89076,1744,321868,1944,410944,California
Fresno,2021-05-16,1428,707148,937,342976,457,338189,34,25983,797,89281,626,322494,831,411775,California
Fresno,2021-05-17,4056,711204,2719,345695,1177,339366,160,26143,2246,89904,1783,324277,2406,414181,California
Fresno,2021-05-18,3986,715190,2432,348127,1414,340780,140,26283,2112,90302,1852,326129,2250,416431,California
Fresno,2021-05-19,4131,719321,2606,350733,1394,342174,131,26414,2057,90437,2052,328181,2187,418618,California
Fresno,2021-05-20,3419,722740,1999,352732,1274,343448,146,26560,1592,90366,1808,329989,1737,420355,California
Fresno,2021-05-21,3721,726461,2384,355116,1244,344692,93,26653,1644,90048,2054,332043,1736,422091,California
Fresno,2021-05-22,3210,729671,2414,357530,635,345327,161,26814,1882,90775,1315,333358,2042,424133,California
Fresno,2021-05-23,528,730199,345,357875,153,345480,30,26844,293,90869,227,333585,321,424454,California
Fresno,2021-05-24,3086,733285,1946,359821,1038,346518,102,26946,1434,90778,1627,335212,1536,425990,California
Fresno,2021-05-25,1612,734897,895,360716,643,347161,74,27020,625,90498,979,336191,699,426689,California
Glenn,2020-12-17,1,1,1,1,0,0,0,0,1,1,0,0,1,1,California
Glenn,2020-12-19,1,2,1,2,0,0,0,0,1,2,0,0,1,2,California
Glenn,2020-12-20,1,3,1,3,0,0,0,0,1,3,0,0,1,3,California
Glenn,2020-12-21,11,14,11,14,0,0,0,0,11,14,0,0,11,14,California
Glenn,2020-12-22,59,73,59,73,0,0,0,0,59,73,0,0,59,73,California
Glenn,2020-12-23,28,101,28,101,0,0,0,0,28,101,0,0,28,101,California
Glenn,2020-12-24,9,110,9,110,0,0,0,0,9,110,0,0,9,110,California
Glenn,2020-12-26,2,112,2,112,0,0,0,0,2,112,0,0,2,112,California
Glenn,2020-12-27,4,116,4,116,0,0,0,0,4,116,0,0,4,116,California
Glenn,2020-12-28,21,137,21,137,0,0,0,0,21,137,0,0,21,137,California
Glenn,2020-12-29,82,219,82,219,0,0,0,0,82,219,0,0,82,219,California
Glenn,2020-12-30,129,348,106,325,23,23,0,0,129,348,0,0,129,348,California
Glenn,2020-12-31,38,386,9,334,29,52,0,0,38,386,0,0,38,386,California
Glenn,2021-01-02,2,388,2,336,0,52,0,0,2,388,0,0,2,388,California
Glenn,2021-01-04,7,395,5,341,2,54,0,0,7,395,0,0,7,395,California
Glenn,2021-01-05,9,404,8,349,1,55,0,0,9,404,0,0,9,404,California
Glenn,2021-01-06,60,464,8,357,52,107,0,0,60,464,0,0,60,464,California
Glenn,2021-01-07,67,531,12,369,55,162,0,0,65,527,2,2,65,529,California
Glenn,2021-01-08,12,543,9,378,3,165,0,0,12,539,0,2,12,541,California
Glenn,2021-01-10,1,544,1,379,0,165,0,0,0,538,1,3,0,541,California
Glenn,2021-01-11,30,574,30,409,0,165,0,0,12,532,18,21,12,553,California
Glenn,2021-01-12,42,616,37,446,5,170,0,0,14,518,28,49,14,567,California
Glenn,2021-01-13,221,837,156,602,65,235,0,0,177,651,44,93,177,744,California
Glenn,2021-01-14,117,954,28,630,89,324,0,0,107,748,10,103,107,851,California
Glenn,2021-01-15,42,996,35,665,7,331,0,0,37,780,5,108,37,888,California
Glenn,2021-01-16,33,1029,14,679,19,350,0,0,23,793,10,118,23,911,California
Glenn,2021-01-17,4,1033,2,681,2,352,0,0,2,793,2,120,2,913,California
Glenn,2021-01-18,17,1050,16,697,1,353,0,0,9,794,8,128,9,922,California
Glenn,2021-01-19,30,1080,20,717,10,363,0,0,13,790,17,145,13,935,California
Glenn,2021-01-20,163,1243,94,811,69,432,0,0,82,791,81,226,82,1017,California
Glenn,2021-01-21,124,1367,98,909,26,458,0,0,30,727,94,320,30,1047,California
Glenn,2021-01-22,338,1705,64,973,274,732,0,0,331,1051,7,327,331,1378,California
Glenn,2021-01-23,14,1719,7,980,7,739,0,0,12,1061,2,329,12,1390,California
Glenn,2021-01-24,2,1721,2,982,0,739,0,0,2,1063,0,329,2,1392,California
Glenn,2021-01-25,27,1748,9,991,18,757,0,0,24,1084,3,332,24,1416,California
Glenn,2021-01-26,29,1777,13,1004,16,773,0,0,23,1101,6,338,23,1439,California
Glenn,2021-01-27,188,1965,13,1017,175,948,0,0,166,1245,22,360,166,1605,California
Glenn,2021-01-28,146,2111,8,1025,138,1086,0,0,116,1331,30,390,116,1721,California
Glenn,2021-01-29,296,2407,12,1037,284,1370,0,0,282,1599,14,404,282,2003,California
Glenn,2021-01-30,4,2411,0,1037,4,1374,0,0,4,1603,0,404,4,2007,California
Glenn,2021-01-31,1,2412,0,1037,1,1375,0,0,1,1604,0,404,1,2008,California
Glenn,2021-02-01,28,2440,10,1047,18,1393,0,0,16,1608,12,416,16,2024,California
Glenn,2021-02-02,28,2468,13,1060,15,1408,0,0,19,1618,9,425,19,2043,California
Glenn,2021-02-03,274,2742,125,1185,149,1557,0,0,129,1603,145,570,130,2173,California
Glenn,2021-02-04,82,2824,16,1201,66,1623,0,0,27,1575,55,625,27,2200,California
Glenn,2021-02-05,320,3144,25,1226,295,1918,0,0,299,1853,21,646,299,2499,California
Glenn,2021-02-06,14,3158,2,1228,12,1930,0,0,13,1865,1,647,13,2512,California
Glenn,2021-02-07,2,3160,2,1230,0,1930,0,0,2,1867,0,647,2,2514,California
Glenn,2021-02-08,21,3181,17,1247,4,1934,0,0,4,1854,17,664,4,2518,California
Glenn,2021-02-09,49,3230,20,1267,29,1963,0,0,36,1877,13,677,36,2554,California
Glenn,2021-02-10,138,3368,19,1286,119,2082,0,0,65,1869,73,750,65,2619,California
Glenn,2021-02-11,233,3601,133,1419,100,2182,0,0,151,1937,83,833,151,2770,California
Glenn,2021-02-12,420,4021,99,1518,321,2503,0,0,355,2227,65,898,355,3125,California
Glenn,2021-02-13,34,4055,7,1525,27,2530,0,0,16,2225,18,916,16,3141,California
Glenn,2021-02-14,1,4056,0,1525,1,2531,0,0,1,2226,0,916,1,3142,California
Glenn,2021-02-15,8,4064,0,1525,8,2539,0,0,8,2234,0,916,8,3150,California
Glenn,2021-02-16,39,4103,9,1534,30,2569,0,0,21,2237,18,934,21,3171,California
Glenn,2021-02-17,380,4483,14,1548,366,2935,0,0,302,2461,78,1012,302,3473,California
Glenn,2021-02-18,134,4617,99,1647,35,2970,0,0,110,2547,24,1036,110,3583,California
Glenn,2021-02-19,303,4920,17,1664,286,3256,0,0,29,2302,274,1310,29,3612,California
Glenn,2021-02-20,8,4928,0,1664,8,3264,0,0,0,2294,8,1318,0,3612,California
Glenn,2021-02-21,1,4929,1,1665,0,3264,0,0,1,2295,0,1318,1,3613,California
Glenn,2021-02-22,33,4962,14,1679,19,3283,0,0,17,2296,16,1334,17,3630,California
Glenn,2021-02-23,40,5002,10,1689,30,3313,0,0,28,2312,12,1346,28,3658,California
Glenn,2021-02-24,243,5245,37,1726,206,3519,0,0,47,2163,196,1542,47,3705,California
Glenn,2021-02-25,234,5479,120,1846,114,3633,0,0,118,2165,116,1658,118,3823,California
Glenn,2021-02-26,304,5783,24,1870,280,3913,0,0,20,1902,283,1941,20,3843,California
Glenn,2021-02-27,15,5798,5,1875,10,3923,0,0,5,1898,9,1950,5,3848,California
Glenn,2021-02-28,6,5804,3,1878,3,3926,0,0,3,1899,2,1952,3,3851,California
Glenn,2021-03-01,28,5832,6,1884,22,3948,0,0,12,1895,16,1968,12,3863,California
Glenn,2021-03-02,35,5867,7,1891,28,3976,0,0,17,1894,18,1986,17,3880,California
Glenn,2021-03-03,192,6059,37,1928,155,4131,0,0,101,1906,89,2075,101,3981,California
Glenn,2021-03-04,521,6580,175,2103,346,4477,0,0,375,2135,146,2221,375,4356,California
Glenn,2021-03-05,357,6937,49,2152,308,4785,0,0,35,1848,322,2543,35,4391,California
Glenn,2021-03-06,26,6963,3,2155,22,4807,1,1,9,1841,17,2560,10,4401,California
Glenn,2021-03-07,5,6968,0,2155,5,4812,0,1,3,1843,1,2561,3,4404,California
Glenn,2021-03-08,20,6988,2,2157,17,4829,1,2,18,1860,2,2563,19,4423,California
Glenn,2021-03-09,82,7070,11,2168,68,4897,3,5,54,1888,28,2591,56,4479,California
Glenn,2021-03-10,172,7242,69,2237,101,4998,2,7,95,1908,77,2668,97,4576,California
Glenn,2021-03-11,583,7825,169,2406,391,5389,23,30,454,2256,129,2797,477,5053,California
Glenn,2021-03-12,418,8243,14,2420,342,5731,62,92,41,1982,377,3174,103,5156,California
Glenn,2021-03-13,12,8255,1,2421,3,5734,8,100,1,1980,11,3185,9,5165,California
Glenn,2021-03-14,3,8258,1,2422,2,5736,0,100,1,1979,2,3187,1,5166,California
Glenn,2021-03-15,76,8334,15,2437,56,5792,5,105,61,2030,15,3202,66,5232,California
Glenn,2021-03-16,110,8444,34,2471,65,5857,11,116,69,2069,41,3243,80,5312,California
Glenn,2021-03-17,417,8861,97,2568,313,6170,7,123,116,1889,301,3544,121,5433,California
Glenn,2021-03-18,521,9382,215,2783,50,6220,256,379,145,1913,376,3920,400,5833,California
Glenn,2021-03-19,96,9478,16,2799,74,6294,6,385,75,1974,20,3940,81,5914,California
Glenn,2021-03-20,132,9610,2,2801,129,6423,1,386,130,2103,2,3942,131,6045,California
Glenn,2021-03-21,6,9616,5,2806,0,6423,1,387,3,2105,2,3944,4,6049,California
Glenn,2021-03-22,123,9739,54,2860,61,6484,8,395,103,2198,18,3962,111,6160,California
Glenn,2021-03-23,176,9915,66,2926,59,6543,51,446,103,2280,72,4034,154,6314,California
Glenn,2021-03-24,208,10123,100,3026,103,6646,5,451,136,2350,71,4105,141,6455,California
Glenn,2021-03-25,470,10593,229,3255,147,6793,94,545,342,2659,127,4232,436,6891,California
Glenn,2021-03-26,237,10830,37,3292,164,6957,36,581,186,2830,51,4283,222,7113,California
Glenn,2021-03-27,166,10996,22,3314,138,7095,6,587,155,2980,11,4294,161,7274,California
Glenn,2021-03-28,15,11011,10,3324,5,7100,0,587,10,2985,5,4299,10,7284,California
Glenn,2021-03-29,61,11072,20,3344,38,7138,3,590,47,3021,14,4313,50,7334,California
Glenn,2021-03-30,74,11146,42,3386,31,7169,1,591,42,3034,30,4343,43,7377,California
Glenn,2021-03-31,125,11271,35,3421,89,7258,1,592,54,3019,70,4413,55,7432,California
Glenn,2021-04-01,656,11927,189,3610,458,7716,9,601,244,2862,410,4823,253,7685,California
Glenn,2021-04-02,169,12096,26,3636,131,7847,12,613,133,2971,36,4859,145,7830,California
Glenn,2021-04-03,95,12191,4,3640,84,7931,7,620,84,3051,11,4870,91,7921,California
Glenn,2021-04-04,9,12200,3,3643,4,7935,2,622,5,3054,4,4874,7,7928,California
Glenn,2021-04-05,65,12265,25,3668,27,7962,13,635,28,3058,37,4911,41,7969,California
Glenn,2021-04-06,144,12409,52,3720,53,8015,39,674,37,3027,106,5017,75,8044,California
Glenn,2021-04-07,159,12568,46,3766,59,8074,54,728,73,3068,86,5103,127,8171,California
Glenn,2021-04-08,641,13209,189,3955,418,8492,34,762,139,2741,500,5603,173,8344,California
Glenn,2021-04-09,157,13366,57,4012,84,8576,16,778,101,2802,56,5659,117,8461,California
Glenn,2021-04-10,74,13440,1,4013,61,8637,12,790,60,2860,14,5673,72,8533,California
Glenn,2021-04-11,17,13457,8,4021,4,8641,5,795,7,2862,10,5683,12,8545,California
Glenn,2021-04-12,114,13571,25,4046,60,8701,29,824,19,2815,95,5778,48,8593,California
Glenn,2021-04-13,118,13689,63,4109,55,8756,0,824,29,2756,88,5866,29,8622,California
Glenn,2021-04-14,123,13812,47,4156,76,8832,0,824,68,2769,55,5921,68,8690,California
Glenn,2021-04-15,361,14173,275,4431,86,8918,0,824,124,2656,237,6158,124,8814,California
Glenn,2021-04-16,165,14338,41,4472,124,9042,0,824,77,2645,88,6246,77,8891,California
Glenn,2021-04-17,165,14503,18,4490,147,9189,0,824,26,2539,132,6378,26,8917,California
Glenn,2021-04-18,16,14519,3,4493,13,9202,0,824,13,2549,3,6381,13,8930,California
Glenn,2021-04-19,83,14602,17,4510,66,9268,0,824,22,2511,60,6441,22,8952,California
Glenn,2021-04-20,125,14727,81,4591,44,9312,0,824,53,2492,72,6513,53,9005,California
Glenn,2021-04-21,411,15138,308,4899,103,9415,0,824,279,2639,132,6645,279,9284,California
Glenn,2021-04-22,208,15346,48,4947,160,9575,0,824,33,2498,174,6819,33,9317,California
Glenn,2021-04-23,178,15524,24,4971,154,9729,0,824,41,2403,136,6955,41,9358,California
Glenn,2021-04-24,179,15703,32,5003,147,9876,0,824,30,2284,149,7104,30,9388,California
Glenn,2021-04-25,30,15733,18,5021,12,9888,0,824,22,2298,8,7112,22,9410,California
Glenn,2021-04-26,46,15779,11,5032,35,9923,0,824,18,2288,28,7140,18,9428,California
Glenn,2021-04-27,59,15838,46,5078,8,9931,5,829,30,2293,29,7169,34,9462,California
Glenn,2021-04-28,260,16098,182,5260,67,9998,11,840,127,2302,129,7298,138,9600,California
Glenn,2021-04-29,181,16279,22,5282,157,10155,2,842,35,2193,146,7444,37,9637,California
Glenn,2021-04-30,156,16435,35,5317,119,10274,2,844,38,2115,118,7562,40,9677,California
Glenn,2021-05-01,108,16543,13,5330,94,10368,1,845,26,2060,82,7644,27,9704,California
Glenn,2021-05-02,30,16573,12,5342,9,10377,9,854,15,2069,15,7659,24,9728,California
Glenn,2021-05-03,36,16609,23,5365,12,10389,1,855,14,2062,22,7681,15,9743,California
Glenn,2021-05-04,57,16666,33,5398,19,10408,5,860,28,2066,29,7710,33,9776,California
Glenn,2021-05-05,122,16788,35,5433,77,10485,10,870,51,2056,71,7781,61,9837,California
Glenn,2021-05-06,106,16894,41,5474,60,10545,5,875,40,2035,66,7847,45,9882,California
Glenn,2021-05-07,120,17014,33,5507,78,10623,9,884,31,1987,88,7935,40,9922,California
Glenn,2021-05-08,66,17080,12,5519,50,10673,4,888,21,1968,44,7979,25,9947,California
Glenn,2021-05-09,17,17097,11,5530,6,10679,0,888,13,1977,4,7983,13,9960,California
Glenn,2021-05-10,36,17133,15,5545,16,10695,5,893,15,1976,21,8004,20,9980,California
Glenn,2021-05-11,76,17209,53,5598,14,10709,9,902,16,1941,60,8064,25,10005,California
Glenn,2021-05-12,327,17536,246,5844,67,10776,14,916,46,1720,281,8345,60,10065,California
Glenn,2021-05-13,151,17687,56,5900,77,10853,18,934,65,1717,86,8431,83,10148,California
Glenn,2021-05-14,106,17793,25,5925,76,10929,5,939,42,1700,64,8495,47,10195,California
Glenn,2021-05-15,68,17861,40,5965,25,10954,3,942,35,1705,32,8527,37,10232,California
Glenn,2021-05-16,30,17891,18,5983,12,10966,0,942,9,1693,21,8548,9,10241,California
Glenn,2021-05-17,78,17969,53,6036,21,10987,4,946,53,1725,25,8573,57,10298,California
Glenn,2021-05-18,65,18034,47,6083,13,11000,5,951,21,1707,44,8617,26,10324,California
Glenn,2021-05-19,193,18227,112,6195,69,11069,12,963,71,1668,121,8738,82,10406,California
Glenn,2021-05-20,110,18337,69,6264,39,11108,2,965,79,1718,31,8769,81,10487,California
Glenn,2021-05-21,66,18403,23,6287,43,11151,0,965,29,1710,37,8806,29,10516,California
Glenn,2021-05-22,48,18451,17,6304,31,11182,0,965,23,1708,25,8831,23,10539,California
Glenn,2021-05-23,25,18476,14,6318,11,11193,0,965,11,1706,13,8844,11,10550,California
Glenn,2021-05-24,33,18509,12,6330,17,11210,4,969,13,1704,19,8863,17,10567,California
Glenn,2021-05-25,20,18529,10,6340,8,11218,2,971,12,1710,8,8871,14,10581,California
Humboldt,2020-12-15,2,2,2,2,0,0,0,0,2,2,0,0,2,2,California
Humboldt,2020-12-16,16,18,16,18,0,0,0,0,16,18,0,0,16,18,California
Humboldt,2020-12-17,117,135,117,135,0,0,0,0,117,135,0,0,117,135,California
Humboldt,2020-12-18,177,312,177,312,0,0,0,0,177,312,0,0,177,312,California
Humboldt,2020-12-19,10,322,10,322,0,0,0,0,10,322,0,0,10,322,California
Humboldt,2020-12-20,28,350,28,350,0,0,0,0,28,350,0,0,28,350,California
Humboldt,2020-12-21,166,516,166,516,0,0,0,0,166,516,0,0,166,516,California
Humboldt,2020-12-22,297,813,297,813,0,0,0,0,297,813,0,0,297,813,California
Humboldt,2020-12-23,311,1124,263,1076,48,48,0,0,313,1126,0,0,313,1126,California
Humboldt,2020-12-24,25,1149,2,1078,23,71,0,0,25,1151,0,0,25,1151,California
Humboldt,2020-12-25,2,1151,2,1080,0,71,0,0,2,1153,0,0,2,1153,California
Humboldt,2020-12-26,6,1157,5,1085,1,72,0,0,6,1159,0,0,6,1159,California
Humboldt,2020-12-28,159,1316,147,1232,12,84,0,0,159,1318,0,0,159,1318,California
Humboldt,2020-12-29,171,1487,123,1355,48,132,0,0,171,1489,0,0,171,1489,California
Humboldt,2020-12-30,226,1713,124,1479,102,234,0,0,226,1715,0,0,226,1715,California
Humboldt,2020-12-31,241,1954,79,1558,162,396,0,0,241,1956,0,0,241,1956,California
Humboldt,2021-01-01,2,1956,1,1559,1,397,0,0,2,1958,0,0,2,1958,California
Humboldt,2021-01-02,38,1994,1,1560,37,434,0,0,38,1996,0,0,38,1996,California
Humboldt,2021-01-04,218,2212,142,1702,76,510,0,0,220,2216,0,0,220,2216,California
Humboldt,2021-01-05,130,2342,18,1720,112,622,0,0,129,2344,1,1,129,2345,California
Humboldt,2021-01-06,303,2645,204,1924,99,721,0,0,230,2513,61,62,230,2575,California
Humboldt,2021-01-07,423,3068,311,2235,112,833,0,0,309,2723,99,161,309,2884,California
Humboldt,2021-01-08,420,3488,281,2516,139,972,0,0,284,2876,131,292,284,3168,California
Humboldt,2021-01-09,69,3557,45,2561,24,996,0,0,66,2940,3,295,67,3235,California
Humboldt,2021-01-10,84,3641,84,2645,0,996,0,0,4,2864,80,375,4,3239,California
Humboldt,2021-01-11,289,3930,278,2923,11,1007,0,0,72,2723,213,588,72,3311,California
Humboldt,2021-01-12,483,4413,320,3243,163,1170,0,0,299,2860,162,750,299,3610,California
Humboldt,2021-01-13,492,4905,277,3520,215,1385,0,0,315,3002,174,924,316,3926,California
Humboldt,2021-01-14,523,5428,165,3685,358,1743,0,0,467,3414,56,980,468,4394,California
Humboldt,2021-01-15,375,5803,39,3724,336,2079,0,0,358,3755,17,997,358,4752,California
Humboldt,2021-01-16,170,5973,6,3730,164,2243,0,0,169,3923,1,998,169,4921,California
Humboldt,2021-01-17,6,5979,4,3734,2,2245,0,0,6,3929,0,998,6,4927,California
Humboldt,2021-01-18,295,6274,260,3994,35,2280,0,0,145,3924,150,1148,145,5072,California
Humboldt,2021-01-19,634,6908,390,4384,244,2524,0,0,507,4310,121,1269,507,5579,California
Humboldt,2021-01-20,899,7807,387,4771,512,3036,0,0,750,4921,141,1410,752,6331,California
Humboldt,2021-01-21,959,8766,261,5032,698,3734,0,0,917,5796,42,1452,917,7248,California
Humboldt,2021-01-22,676,9442,376,5408,300,4034,0,0,667,6455,9,1461,668,7916,California
Humboldt,2021-01-23,827,10269,273,5681,554,4588,0,0,818,7265,9,1470,819,8735,California
Humboldt,2021-01-24,229,10498,1,5682,228,4816,0,0,228,7492,1,1471,228,8963,California
Humboldt,2021-01-25,305,10803,233,5915,72,4888,0,0,149,7485,156,1627,149,9112,California
Humboldt,2021-01-26,526,11329,142,6057,384,5272,0,0,475,7909,51,1678,475,9587,California
Humboldt,2021-01-27,1260,12589,587,6644,673,5945,0,0,1193,9044,60,1738,1195,10782,California
Humboldt,2021-01-28,1457,14046,634,7278,823,6768,0,0,1320,10232,134,1872,1322,12104,California
Humboldt,2021-01-29,1147,15193,547,7825,600,7368,0,0,705,10496,442,2314,706,12810,California
Humboldt,2021-01-30,973,16166,456,8281,517,7885,0,0,960,11444,13,2327,961,13771,California
Humboldt,2021-01-31,315,16481,313,8594,2,7887,0,0,314,11757,1,2328,314,14085,California
Humboldt,2021-02-01,334,16815,192,8786,142,8029,0,0,187,11798,146,2474,187,14272,California
Humboldt,2021-02-02,444,17259,74,8860,370,8399,0,0,339,12037,102,2576,341,14613,California
Humboldt,2021-02-03,663,17922,258,9118,405,8804,0,0,511,12396,152,2728,511,15124,California
Humboldt,2021-02-04,638,18560,262,9380,376,9180,0,0,440,12641,195,2923,440,15564,California
Humboldt,2021-02-05,812,19372,94,9474,718,9898,0,0,625,13079,187,3110,625,16189,California
Humboldt,2021-02-06,1058,20430,447,9921,611,10509,0,0,1015,14053,42,3152,1016,17205,California
Humboldt,2021-02-07,378,20808,9,9930,369,10878,0,0,373,14423,4,3156,374,17579,California
Humboldt,2021-02-08,325,21133,142,10072,183,11061,0,0,184,14467,140,3296,184,17763,California
Humboldt,2021-02-09,494,21627,220,10292,274,11335,0,0,179,14331,315,3611,179,17942,California
Humboldt,2021-02-10,563,22190,370,10662,193,11528,0,0,233,14239,325,3936,233,18175,California
Humboldt,2021-02-11,1300,23490,396,11058,904,12432,0,0,502,13947,795,4731,503,18678,California
Humboldt,2021-02-12,1146,24636,736,11794,410,12842,0,0,706,14213,440,5171,706,19384,California
Humboldt,2021-02-13,1506,26142,557,12351,949,13791,0,0,915,14539,589,5760,915,20299,California
Humboldt,2021-02-14,112,26254,5,12356,107,13898,0,0,109,14646,2,5762,109,20408,California
Humboldt,2021-02-15,293,26547,78,12434,215,14113,0,0,196,14746,96,5858,196,20604,California
Humboldt,2021-02-16,535,27082,119,12553,416,14529,0,0,254,14720,281,6139,255,20859,California
Humboldt,2021-02-17,450,27532,278,12831,172,14701,0,0,134,14539,315,6454,134,20993,California
Humboldt,2021-02-18,971,28503,596,13427,375,15076,0,0,230,14030,739,7193,230,21223,California
Humboldt,2021-02-19,476,28979,434,13861,42,15118,0,0,89,13735,384,7577,89,21312,California
Humboldt,2021-02-20,1611,30590,987,14848,624,15742,0,0,474,13078,1134,8711,477,21789,California
Humboldt,2021-02-21,479,31069,471,15319,8,15750,0,0,182,12964,297,9008,183,21972,California
Humboldt,2021-02-22,129,31198,92,15411,37,15787,0,0,29,12895,98,9106,29,22001,California
Humboldt,2021-02-23,176,31374,71,15482,105,15892,0,0,41,12803,133,9239,41,22042,California
Humboldt,2021-02-24,1166,32540,706,16188,460,16352,0,0,587,12812,578,9817,587,22629,California
Humboldt,2021-02-25,834,33374,318,16506,516,16868,0,0,230,12440,602,10419,230,22859,California
Humboldt,2021-02-26,2147,35521,106,16612,2041,18909,0,0,449,11198,1692,12111,450,23309,California
Humboldt,2021-02-27,1694,37215,1077,17689,617,19526,0,0,869,11248,823,12934,873,24182,California
Humboldt,2021-02-28,122,37337,10,17699,112,19638,0,0,116,11358,6,12940,116,24298,California
Humboldt,2021-03-01,259,37596,47,17746,212,19850,0,0,184,11467,75,13015,184,24482,California
Humboldt,2021-03-02,290,37886,50,17796,240,20090,0,0,160,11497,130,13145,160,24642,California
Humboldt,2021-03-03,1659,39545,1099,18895,560,20650,0,0,1219,12283,434,13579,1220,25862,California
Humboldt,2021-03-04,903,40448,112,19007,791,21441,0,0,283,11948,620,14199,285,26147,California
Humboldt,2021-03-05,949,41397,188,19195,750,22191,11,11,392,11798,553,14752,403,26550,California
Humboldt,2021-03-06,1700,43097,842,20037,809,23000,49,60,715,11578,984,15736,764,27314,California
Humboldt,2021-03-07,365,43462,296,20333,51,23051,18,78,158,11547,207,15943,176,27490,California
Humboldt,2021-03-08,277,43739,7,20340,192,23243,78,156,183,11714,94,16037,261,27751,California
Humboldt,2021-03-09,492,44231,211,20551,133,23376,148,304,240,11851,250,16287,387,28138,California
Humboldt,2021-03-10,690,44921,466,21017,70,23446,154,458,421,12156,268,16555,573,28711,California
Humboldt,2021-03-11,1465,46386,461,21478,904,24350,100,558,643,12081,817,17372,742,29453,California
Humboldt,2021-03-12,1747,48133,1083,22561,442,24792,222,780,1054,12676,685,18057,1280,30733,California
Humboldt,2021-03-13,1571,49704,1023,23584,496,25288,52,832,676,12515,889,18946,728,31461,California
Humboldt,2021-03-14,143,49847,19,23603,115,25403,9,841,29,12439,114,19060,38,31499,California
Humboldt,2021-03-15,277,50124,51,23654,205,25608,21,862,59,12301,218,19278,80,31579,California
Humboldt,2021-03-16,638,50762,201,23855,176,25784,261,1123,262,12447,375,19653,521,32100,California
Humboldt,2021-03-17,732,51494,396,24251,228,26012,108,1231,340,12504,391,20044,448,32548,California
Humboldt,2021-03-18,1735,53229,1165,25416,527,26539,43,1274,1039,12895,691,20735,1082,33630,California
Humboldt,2021-03-19,1075,54304,60,25476,701,27240,314,1588,440,13016,632,21367,753,34383,California
Humboldt,2021-03-20,1377,55681,752,26228,612,27852,13,1601,426,12507,949,22316,440,34823,California
Humboldt,2021-03-21,249,55930,32,26260,188,28040,29,1630,204,12694,45,22361,232,35055,California
Humboldt,2021-03-22,119,56049,16,26276,53,28093,50,1680,62,12751,55,22416,112,35167,California
Humboldt,2021-03-23,411,56460,41,26317,327,28420,43,1723,319,13023,90,22506,362,35529,California
Humboldt,2021-03-24,1415,57875,389,26706,978,29398,48,1771,1038,13739,369,22875,1085,36614,California
Humboldt,2021-03-25,1835,59710,1210,27916,563,29961,62,1833,947,13862,886,23761,1009,37623,California
Humboldt,2021-03-26,2041,61751,437,28353,1547,31508,57,1890,1594,15071,441,24202,1650,39273,California
Humboldt,2021-03-27,2019,63770,1443,29796,405,31913,171,2061,1145,15517,870,25072,1316,40589,California
Humboldt,2021-03-28,266,64036,81,29877,114,32027,71,2132,85,15493,181,25253,157,40746,California
Humboldt,2021-03-29,470,64506,127,30004,248,32275,95,2227,201,15520,268,25521,295,41041,California
Humboldt,2021-03-30,941,65447,304,30308,523,32798,114,2341,561,15819,375,25896,674,41715,California
Humboldt,2021-03-31,1861,67308,517,30825,1248,34046,96,2437,1408,16875,450,26346,1506,43221,California
Humboldt,2021-04-01,2110,69418,705,31530,1311,35357,94,2531,1479,17825,624,26970,1574,44795,California
Humboldt,2021-04-02,1725,71143,1110,32640,510,35867,105,2636,623,17456,1097,28067,728,45523,California
Humboldt,2021-04-03,1667,72810,1507,34147,145,36012,15,2651,672,17158,985,29052,687,46210,California
Humboldt,2021-04-04,483,73293,371,34518,103,36115,9,2660,405,17495,78,29130,415,46625,California
Humboldt,2021-04-05,775,74068,461,34979,266,36381,48,2708,441,17652,332,29462,489,47114,California
Humboldt,2021-04-06,841,74909,317,35296,390,36771,134,2842,587,18124,248,29710,720,47834,California
Humboldt,2021-04-07,1492,76401,1061,36357,291,37062,140,2982,988,18750,502,30212,1128,48962,California
Humboldt,2021-04-08,1737,78138,1086,37443,493,37555,158,3140,737,18647,998,31210,895,49857,California
Humboldt,2021-04-09,1434,79572,434,37877,846,38401,154,3294,1148,19655,286,31496,1294,51151,California
Humboldt,2021-04-10,934,80506,137,38014,621,39022,176,3470,733,20363,199,31695,907,52058,California
Humboldt,2021-04-11,639,81145,137,38151,35,39057,467,3937,127,20444,512,32207,593,52651,California
Humboldt,2021-04-12,432,81577,224,38375,83,39140,125,4062,274,20685,158,32365,399,53050,California
Humboldt,2021-04-13,584,82161,321,38696,260,39400,3,4065,550,21206,31,32396,552,53602,California
Humboldt,2021-04-14,1426,83587,1030,39726,396,39796,0,4065,1313,22408,111,32507,1313,54915,California
Humboldt,2021-04-15,1816,85403,1196,40922,616,40412,4,4069,1248,23108,550,33057,1250,56165,California
Humboldt,2021-04-16,1124,86527,520,41442,604,41016,0,4069,538,23064,582,33639,538,56703,California
Humboldt,2021-04-17,1602,88129,1279,42721,323,41339,0,4069,1010,23488,586,34225,1010,57713,California
Humboldt,2021-04-18,657,88786,344,43065,312,41651,1,4070,94,23025,557,34782,94,57807,California
Humboldt,2021-04-19,198,88984,84,43149,114,41765,0,4070,83,22995,113,34895,83,57890,California
Humboldt,2021-04-20,477,89461,129,43278,348,42113,0,4070,231,22981,245,35140,231,58121,California
Humboldt,2021-04-21,1086,90547,376,43654,710,42823,0,4070,429,22764,647,35787,430,58551,California
Humboldt,2021-04-22,876,91423,523,44177,351,43174,2,4072,442,22774,432,36219,442,58993,California
Humboldt,2021-04-23,2156,93579,304,44481,1852,45026,0,4072,312,21245,1841,38060,312,59305,California
Humboldt,2021-04-24,1083,94662,880,45361,198,45224,5,4077,362,20893,719,38779,367,59672,California
Humboldt,2021-04-25,374,95036,239,45600,135,45359,0,4077,190,20902,181,38960,190,59862,California
Humboldt,2021-04-26,307,95343,213,45813,90,45449,4,4081,87,20773,218,39178,89,59951,California
Humboldt,2021-04-27,698,96041,226,46039,454,45903,18,4099,143,20381,553,39731,161,60112,California
Humboldt,2021-04-28,1538,97579,796,46835,697,46600,45,4144,398,19686,1138,40869,443,60555,California
Humboldt,2021-04-29,1722,99301,578,47413,1106,47706,38,4182,278,18562,1440,42309,316,60871,California
Humboldt,2021-04-30,1248,100549,392,47805,822,48528,34,4216,195,17742,1047,43356,227,61098,California
Humboldt,2021-05-01,460,101009,379,48184,59,48587,22,4238,283,17871,176,43532,305,61403,California
Humboldt,2021-05-02,227,101236,182,48366,36,48623,9,4247,113,17881,113,43645,123,61526,California
Humboldt,2021-05-03,609,101845,376,48742,209,48832,24,4271,97,17493,510,44155,122,61648,California
Humboldt,2021-05-04,820,102665,482,49224,292,49124,46,4317,248,17217,569,44724,293,61941,California
Humboldt,2021-05-05,1684,104349,1074,50298,553,49677,57,4374,180,15955,1497,46221,235,62176,California
Humboldt,2021-05-06,1689,106038,1073,51371,364,50041,252,4626,138,14798,1548,47769,391,62567,California
Humboldt,2021-05-07,1421,107459,304,51675,1058,51099,59,4685,236,13908,1183,48952,293,62860,California
Humboldt,2021-05-08,740,108199,146,51821,571,51670,23,4708,91,13375,647,49599,114,62974,California
Humboldt,2021-05-09,907,109106,855,52676,42,51712,10,4718,48,12574,859,50458,58,63032,California
Humboldt,2021-05-10,213,109319,36,52712,140,51852,37,4755,81,12560,132,50590,118,63150,California
Humboldt,2021-05-11,489,109808,147,52859,271,52123,71,4826,184,12510,305,50895,255,63405,California
Humboldt,2021-05-12,576,110384,121,52980,413,52536,42,4868,203,12383,372,51267,245,63650,California
Humboldt,2021-05-13,499,110883,239,53219,235,52771,25,4893,209,12329,288,51555,234,63884,California
Humboldt,2021-05-14,688,111571,134,53353,451,53222,103,4996,227,12200,458,52013,329,64213,California
Humboldt,2021-05-15,780,112351,641,53994,131,53353,8,5004,209,11847,570,52583,217,64430,California
Humboldt,2021-05-16,127,112478,56,54050,67,53420,4,5008,72,11868,55,52638,76,64506,California
Humboldt,2021-05-17,394,112872,212,54262,160,53580,22,5030,219,11935,173,52811,240,64746,California
Humboldt,2021-05-18,657,113529,326,54588,302,53882,29,5059,366,12040,290,53101,395,65141,California
Humboldt,2021-05-19,949,114478,528,55116,378,54260,43,5102,336,11808,609,53710,377,65518,California
Humboldt,2021-05-20,683,115161,511,55627,159,54419,13,5115,512,12165,168,53878,525,66043,California
Humboldt,2021-05-21,730,115891,191,55818,480,54899,59,5174,267,12028,463,54341,326,66369,California
Humboldt,2021-05-22,341,116232,264,56082,69,54968,8,5182,96,11888,244,54585,104,66473,California
Humboldt,2021-05-23,342,116574,297,56379,42,55010,3,5185,56,11661,286,54871,59,66532,California
Humboldt,2021-05-24,297,116871,167,56546,109,55119,21,5206,177,11741,118,54989,198,66730,California
Humboldt,2021-05-25,273,117144,194,56740,66,55185,13,5219,143,11768,129,55118,156,66886,California
Imperial,2020-12-16,1,1,1,1,0,0,0,0,1,1,0,0,1,1,California
Imperial,2020-12-17,5,6,5,6,0,0,0,0,5,6,0,0,5,6,California
Imperial,2020-12-18,12,18,12,18,0,0,0,0,12,18,0,0,12,18,California
Imperial,2020-12-20,2,20,2,20,0,0,0,0,2,20,0,0,2,20,California
Imperial,2020-12-21,186,206,186,206,0,0,0,0,186,206,0,0,186,206,California
Imperial,2020-12-22,241,447,239,445,2,2,0,0,241,447,0,0,241,447,California
Imperial,2020-12-23,211,658,210,655,1,3,0,0,210,657,0,0,210,657,California
Imperial,2020-12-24,5,663,5,660,0,3,0,0,5,662,0,0,5,662,California
Imperial,2020-12-26,1,664,0,660,1,4,0,0,1,663,0,0,1,663,California
Imperial,2020-12-27,62,726,0,660,62,66,0,0,62,725,0,0,62,725,California
Imperial,2020-12-28,214,940,114,774,100,166,0,0,214,939,0,0,214,939,California
Imperial,2020-12-29,189,1129,36,810,153,319,0,0,189,1128,0,0,189,1128,California
Imperial,2020-12-30,366,1495,50,860,316,635,0,0,366,1494,0,0,366,1494,California
Imperial,2020-12-31,197,1692,26,886,171,806,0,0,197,1691,0,0,197,1691,California
Imperial,2021-01-01,47,1739,5,891,42,848,0,0,47,1738,0,0,47,1738,California
Imperial,2021-01-02,4,1743,0,891,4,852,0,0,4,1742,0,0,4,1742,California
Imperial,2021-01-03,90,1833,0,891,90,942,0,0,90,1832,0,0,90,1832,California
Imperial,2021-01-04,85,1918,5,896,80,1022,0,0,85,1917,0,0,85,1917,California
Imperial,2021-01-05,174,2092,14,910,160,1182,0,0,174,2091,0,0,174,2091,California
Imperial,2021-01-06,190,2282,25,935,165,1347,0,0,189,2279,1,1,189,2280,California
Imperial,2021-01-07,323,2605,11,946,312,1659,0,0,319,2594,4,5,319,2599,California
Imperial,2021-01-08,192,2797,52,998,140,1799,0,0,182,2766,10,15,182,2781,California
Imperial,2021-01-09,24,2821,21,1019,3,1802,0,0,24,2790,0,15,24,2805,California
Imperial,2021-01-10,1,2822,0,1019,1,1803,0,0,1,2791,0,15,1,2806,California
Imperial,2021-01-11,403,3225,244,1263,159,1962,0,0,175,2738,228,243,175,2981,California
Imperial,2021-01-12,404,3629,302,1565,102,2064,0,0,142,2619,261,504,142,3123,California
Imperial,2021-01-13,379,4008,133,1698,246,2310,0,0,280,2800,99,603,280,3403,California
Imperial,2021-01-14,261,4269,151,1849,110,2420,0,0,255,3050,5,608,255,3658,California
Imperial,2021-01-15,241,4510,182,2031,59,2479,0,0,234,3277,7,615,234,3892,California
Imperial,2021-01-16,78,4588,74,2105,4,2483,0,0,77,3353,1,616,77,3969,California
Imperial,2021-01-17,10,4598,2,2107,8,2491,0,0,10,3363,0,616,10,3979,California
Imperial,2021-01-18,1058,5656,399,2506,659,3150,0,0,960,4226,98,714,961,4940,California
Imperial,2021-01-19,165,5821,129,2635,36,3186,0,0,118,4297,47,761,118,5058,California
Imperial,2021-01-20,293,6114,196,2831,97,3283,0,0,255,4514,38,799,255,5313,California
Imperial,2021-01-21,416,6530,183,3014,233,3516,0,0,396,4890,20,819,396,5709,California
Imperial,2021-01-22,457,6987,189,3203,268,3784,0,0,448,5329,9,828,448,6157,California
Imperial,2021-01-23,1040,8027,290,3493,750,4534,0,0,1039,6367,1,829,1039,7196,California
Imperial,2021-01-24,11,8038,4,3497,7,4541,0,0,11,6378,0,829,11,7207,California
Imperial,2021-01-25,214,8252,5,3502,209,4750,0,0,34,6234,178,1007,34,7241,California
Imperial,2021-01-26,364,8616,185,3687,179,4929,0,0,221,6312,143,1150,221,7462,California
Imperial,2021-01-27,570,9186,162,3849,408,5337,0,0,237,6216,333,1483,237,7699,California
Imperial,2021-01-28,635,9821,160,4009,475,5812,0,0,527,6635,108,1591,527,8226,California
Imperial,2021-01-29,425,10246,296,4305,129,5941,0,0,375,6960,50,1641,375,8601,California
Imperial,2021-01-30,56,10302,31,4336,25,5966,0,0,39,6982,17,1658,39,8640,California
Imperial,2021-01-31,17,10319,7,4343,10,5976,0,0,16,6997,1,1659,16,8656,California
Imperial,2021-02-01,421,10740,55,4398,366,6342,0,0,210,6998,209,1868,210,8866,California
Imperial,2021-02-02,683,11423,56,4454,627,6969,0,0,502,7319,181,2049,502,9368,California
Imperial,2021-02-03,459,11882,51,4505,408,7377,0,0,263,7387,195,2244,263,9631,California
Imperial,2021-02-04,1722,13604,1200,5705,522,7899,0,0,1407,8481,313,2557,1407,11038,California
Imperial,2021-02-05,391,13995,243,5948,148,8047,0,0,157,8403,235,2792,157,11195,California
Imperial,2021-02-06,862,14857,837,6785,25,8072,0,0,826,9192,37,2829,826,12021,California
Imperial,2021-02-07,21,14878,9,6794,12,8084,0,0,20,9211,1,2830,20,12041,California
Imperial,2021-02-08,249,15127,42,6836,207,8291,0,0,181,9324,68,2898,181,12222,California
Imperial,2021-02-09,464,15591,147,6983,317,8608,0,0,306,9472,158,3056,306,12528,California
Imperial,2021-02-10,459,16050,56,7039,403,9011,0,0,96,9206,363,3419,97,12625,California
Imperial,2021-02-11,1024,17074,367,7406,657,9668,0,0,146,8479,873,4292,146,12771,California
Imperial,2021-02-12,2131,19205,1410,8816,721,10389,0,0,1781,9908,353,4645,1782,14553,California
Imperial,2021-02-13,47,19252,18,8834,29,10418,0,0,42,9943,8,4653,43,14596,California
Imperial,2021-02-14,24,19276,12,8846,12,10430,0,0,21,9961,3,4656,21,14617,California
Imperial,2021-02-15,95,19371,11,8857,84,10514,0,0,84,10034,11,4667,84,14701,California
Imperial,2021-02-16,514,19885,267,9124,247,10761,0,0,293,10106,221,4888,293,14994,California
Imperial,2021-02-17,439,20324,285,9409,154,10915,0,0,83,9833,356,5244,83,15077,California
Imperial,2021-02-18,646,20970,308,9717,338,11253,0,0,140,9468,505,5749,140,15217,California
Imperial,2021-02-19,770,21740,383,10100,387,11640,0,0,195,9089,574,6323,195,15412,California
Imperial,2021-02-20,1041,22781,191,10291,850,12490,0,0,327,8706,712,7035,329,15741,California
Imperial,2021-02-21,591,23372,557,10848,34,12524,0,0,580,9276,10,7045,580,16321,California
Imperial,2021-02-22,806,24178,567,11415,239,12763,0,0,757,9984,49,7094,757,17078,California
Imperial,2021-02-23,963,25141,395,11810,568,13331,0,0,908,10838,55,7149,909,17987,California
Imperial,2021-02-24,718,25859,302,12112,416,13747,0,0,621,11363,96,7245,621,18608,California
Imperial,2021-02-25,857,26716,341,12453,516,14263,0,0,487,11486,369,7614,492,19100,California
Imperial,2021-02-26,2277,28993,1351,13804,926,15189,0,0,1800,12811,476,8090,1801,20901,California
Imperial,2021-02-27,867,29860,812,14616,55,15244,0,0,131,12205,738,8828,132,21033,California
Imperial,2021-02-28,32,29892,20,14636,12,15256,0,0,22,12217,10,8838,22,21055,California
Imperial,2021-03-01,500,30392,296,14932,202,15458,2,2,433,12589,64,8902,436,21491,California
Imperial,2021-03-02,677,31069,246,15178,431,15889,0,2,387,12690,288,9190,389,21880,California
Imperial,2021-03-03,927,31996,49,15227,877,16766,1,3,558,12894,366,9556,570,22450,California
Imperial,2021-03-04,756,32752,85,15312,670,17436,1,4,493,13156,261,9817,523,22973,California
Imperial,2021-03-05,2951,35703,2201,17513,750,18186,0,4,1611,13426,1343,11160,1613,24586,California
Imperial,2021-03-06,704,36407,238,17751,466,18652,0,4,659,14047,42,11202,663,25249,California
Imperial,2021-03-07,85,36492,41,17792,44,18696,0,4,60,14084,24,11226,61,25310,California
Imperial,2021-03-08,415,36907,331,18123,49,18745,35,39,362,14429,52,11278,397,25707,California
Imperial,2021-03-09,682,37589,311,18434,124,18869,247,286,398,14789,284,11562,644,26351,California
Imperial,2021-03-10,685,38274,313,18747,267,19136,105,391,322,14854,362,11924,427,26778,California
Imperial,2021-03-11,1794,40068,479,19226,1123,20259,192,583,1192,15650,599,12523,1395,28173,California
Imperial,2021-03-12,4699,44767,3441,22667,1071,21330,187,770,3006,17155,1688,14211,3193,31366,California
Imperial,2021-03-13,1157,45924,94,22761,838,22168,225,995,861,17953,293,14504,1091,32457,California
Imperial,2021-03-14,176,46100,36,22797,126,22294,14,1009,140,18072,36,14540,155,32612,California
Imperial,2021-03-15,686,46786,227,23024,200,22494,259,1268,389,18425,295,14835,648,33260,California
Imperial,2021-03-16,1102,47888,275,23299,360,22854,467,1735,551,18893,549,15384,1017,34277,California
Imperial,2021-03-17,1600,49488,692,23991,771,23625,137,1872,1015,19468,578,15962,1153,35430,California
Imperial,2021-03-18,1805,51293,1193,25184,552,24177,60,1932,1271,20270,531,16493,1333,36763,California
Imperial,2021-03-19,3738,55031,2742,27926,993,25170,3,1935,1886,20316,1844,18337,1890,38653,California
Imperial,2021-03-20,1762,56793,553,28479,1204,26374,5,1940,1314,21199,442,18779,1325,39978,California
Imperial,2021-03-21,217,57010,35,28514,178,26552,4,1944,159,21308,58,18837,167,40145,California
Imperial,2021-03-22,1047,58057,339,28853,701,27253,7,1951,622,21515,424,19261,631,40776,California
Imperial,2021-03-23,1422,59479,436,29289,979,28232,7,1958,921,21947,498,19759,930,41706,California
Imperial,2021-03-24,2128,61607,565,29854,1138,29370,425,2383,1152,22550,973,20732,1576,43282,California
Imperial,2021-03-25,3196,64803,690,30544,887,30257,1619,4002,1196,23361,1994,22726,2805,46087,California
Imperial,2021-03-26,3175,67978,1173,31717,1024,31281,978,4980,905,22984,2259,24985,1882,47969,California
Imperial,2021-03-27,613,68591,284,32001,277,31558,52,5032,445,23316,165,25150,497,48466,California
Imperial,2021-03-28,210,68801,51,32052,157,31715,2,5034,172,23453,37,25187,174,48640,California
Imperial,2021-03-29,1456,70257,348,32400,393,32108,715,5749,320,23353,1134,26321,1034,49674,California
Imperial,2021-03-30,2085,72342,686,33086,593,32701,806,6555,684,23443,1401,27722,1491,51165,California
Imperial,2021-03-31,1542,73884,728,33814,808,33509,6,6561,1022,23953,517,28239,1027,52192,California
Imperial,2021-04-01,1953,75837,420,34234,1291,34800,242,6803,868,23982,1080,29319,1109,53301,California
Imperial,2021-04-02,1930,77767,475,34709,1381,36181,74,6877,1318,24765,607,29926,1390,54691,California
Imperial,2021-04-03,1519,79286,430,35139,1010,37191,79,6956,703,24734,813,30739,782,55473,California
Imperial,2021-04-04,85,79371,40,35179,28,37219,17,6973,23,24712,62,30801,40,55513,California
Imperial,2021-04-05,3397,82768,2318,37497,914,38133,165,7138,803,23096,2584,33385,968,56481,California
Imperial,2021-04-06,1308,84076,527,38024,592,38725,189,7327,682,23346,622,34007,872,57353,California
Imperial,2021-04-07,2158,86234,555,38579,1226,39951,377,7704,1558,24676,605,34612,1935,59288,California
Imperial,2021-04-08,2198,88432,1075,39654,826,40777,297,8001,1067,24913,1128,35740,1365,60653,California
Imperial,2021-04-09,3196,91628,1652,41306,927,41704,617,8618,1500,25343,1690,37430,2120,62773,California
Imperial,2021-04-10,1278,92906,184,41490,822,42526,272,8890,215,24766,1061,38491,484,63257,California
Imperial,2021-04-11,218,93124,30,41520,157,42683,31,8921,75,24729,143,38634,106,63363,California
Imperial,2021-04-12,1435,94559,767,42287,447,43130,221,9142,814,25147,617,39251,1035,64398,California
Imperial,2021-04-13,2903,97462,1891,44178,1010,44140,2,9144,2026,26300,873,40124,2026,66424,California
Imperial,2021-04-14,2023,99485,944,45122,1079,45219,0,9144,1391,27066,626,40750,1392,67816,California
Imperial,2021-04-15,1976,101461,908,46030,1068,46287,0,9144,1354,27804,618,41368,1356,69172,California
Imperial,2021-04-16,3442,104903,1795,47825,1647,47934,0,9144,2151,28678,1278,42646,2152,71324,California
Imperial,2021-04-17,1816,106719,933,48758,881,48815,2,9146,1417,29704,394,43040,1420,72744,California
Imperial,2021-04-18,252,106971,70,48828,182,48997,0,9146,88,29630,162,43202,88,72832,California
Imperial,2021-04-19,837,107808,267,49095,570,49567,0,9146,467,29733,368,43570,471,73303,California
Imperial,2021-04-20,1320,109128,527,49622,793,50360,0,9146,738,29893,579,44149,739,74042,California
Imperial,2021-04-21,1371,110499,338,49960,1033,51393,0,9146,796,30119,570,44719,796,74838,California
Imperial,2021-04-22,2210,112709,806,50766,1404,52797,0,9146,1507,30935,693,45412,1509,76347,California
Imperial,2021-04-23,2800,115509,533,51299,2267,55064,0,9146,1083,30334,1688,47100,1087,77434,California
Imperial,2021-04-24,549,116058,326,51625,223,55287,0,9146,199,30186,347,47447,199,77633,California
Imperial,2021-04-25,264,116322,97,51722,167,55454,0,9146,134,30192,128,47575,134,77767,California
Imperial,2021-04-26,1157,117479,459,52181,695,56149,3,9149,685,30412,468,48043,688,78455,California
Imperial,2021-04-27,1045,118524,342,52523,693,56842,10,9159,529,30439,511,48554,538,78993,California
Imperial,2021-04-28,1484,120008,643,53166,812,57654,29,9188,672,30333,807,49361,701,79694,California
Imperial,2021-04-29,1792,121800,856,54022,890,58544,46,9234,811,30219,972,50333,858,80552,California
Imperial,2021-04-30,3213,125013,1671,55693,1509,60053,33,9267,1567,30186,1634,51967,1601,82153,California
Imperial,2021-05-01,315,125328,123,55816,189,60242,3,9270,159,30193,156,52123,163,82316,California
Imperial,2021-05-02,83,125411,25,55841,56,60298,2,9272,51,30215,32,52155,54,82370,California
Imperial,2021-05-03,1618,127029,542,56383,1029,61327,47,9319,370,29394,1239,53394,418,82788,California
Imperial,2021-05-04,1736,128765,953,57336,756,62083,27,9346,532,28757,1196,54590,559,83347,California
Imperial,2021-05-05,1502,130267,891,58227,590,62673,21,9367,440,28168,1051,55641,462,83809,California
Imperial,2021-05-06,1662,131929,1107,59334,520,63193,35,9402,531,27609,1125,56766,566,84375,California
Imperial,2021-05-07,2239,134168,1312,60646,882,64075,45,9447,802,27036,1422,58188,849,85224,California
Imperial,2021-05-08,553,134721,414,61060,131,64206,8,9455,160,26819,385,58573,168,85392,California
Imperial,2021-05-09,94,134815,63,61123,30,64236,1,9456,28,26785,63,58636,29,85421,California
Imperial,2021-05-10,1033,135848,258,61381,652,64888,123,9579,290,26461,736,59372,412,85833,California
Imperial,2021-05-11,1359,137207,454,61835,886,65774,19,9598,467,26068,883,60255,490,86323,California
Imperial,2021-05-12,726,137933,261,62096,427,66201,38,9636,268,25920,454,60709,306,86629,California
Imperial,2021-05-13,1398,139331,929,63025,398,66599,71,9707,622,25846,767,61476,693,87322,California
Imperial,2021-05-14,1621,140952,918,63943,651,67250,52,9759,1095,26476,517,61993,1147,88469,California
Imperial,2021-05-15,1166,142118,460,64403,686,67936,20,9779,453,26243,707,62700,474,88943,California
Imperial,2021-05-16,118,142236,80,64483,36,67972,2,9781,47,26222,70,62770,49,88992,California
Imperial,2021-05-17,1771,144007,653,65136,1081,69053,37,9818,631,25755,1136,63906,669,89661,California
Imperial,2021-05-18,1471,145478,777,65913,623,69676,71,9889,841,26043,624,64530,912,90573,California
Imperial,2021-05-19,1248,146726,591,66504,590,70266,67,9956,590,26047,653,65183,657,91230,California
Imperial,2021-05-20,1273,147999,838,67342,375,70641,60,10016,586,26016,678,65861,647,91877,California
Imperial,2021-05-21,1641,149640,1041,68383,541,71182,59,10075,841,26122,794,66655,900,92777,California
Imperial,2021-05-22,210,149850,131,68514,62,71244,17,10092,97,26126,110,66765,114,92891,California
Imperial,2021-05-23,66,149916,19,68533,39,71283,8,10100,22,26115,41,66806,30,92921,California
Imperial,2021-05-24,1166,151082,573,69106,540,71823,53,10153,467,25943,692,67498,520,93441,California
Imperial,2021-05-25,544,151626,243,69349,284,72107,17,10170,225,25868,317,67815,242,93683,California
Inyo,2020-12-19,85,85,85,85,0,0,0,0,85,85,0,0,85,85,California
Inyo,2020-12-20,58,143,58,143,0,0,0,0,58,143,0,0,58,143,California
Inyo,2020-12-21,88,231,85,228,3,3,0,0,88,231,0,0,88,231,California
Inyo,2020-12-22,105,336,105,333,0,3,0,0,105,336,0,0,105,336,California
Inyo,2020-12-23,70,406,67,400,3,6,0,0,70,406,0,0,70,406,California
Inyo,2020-12-24,16,422,16,416,0,6,0,0,16,422,0,0,16,422,California
Inyo,2020-12-25,1,423,0,416,1,7,0,0,1,423,0,0,1,423,California
Inyo,2020-12-26,74,497,74,490,0,7,0,0,74,497,0,0,74,497,California
Inyo,2020-12-28,48,545,36,526,12,19,0,0,48,545,0,0,48,545,California
Inyo,2020-12-29,19,564,19,545,0,19,0,0,19,564,0,0,19,564,California
Inyo,2020-12-30,56,620,54,599,2,21,0,0,56,620,0,0,56,620,California
Inyo,2020-12-31,29,649,0,599,29,50,0,0,29,649,0,0,29,649,California
Inyo,2021-01-01,1,650,0,599,1,51,0,0,1,650,0,0,1,650,California
Inyo,2021-01-03,1,651,0,599,1,52,0,0,1,651,0,0,1,651,California
Inyo,2021-01-04,2,653,1,600,1,53,0,0,2,653,0,0,2,653,California
Inyo,2021-01-05,34,687,0,600,34,87,0,0,34,687,0,0,34,687,California
Inyo,2021-01-06,68,755,0,600,68,155,0,0,68,755,0,0,68,755,California
Inyo,2021-01-07,31,786,1,601,30,185,0,0,31,786,0,0,31,786,California
Inyo,2021-01-08,9,795,8,609,1,186,0,0,4,786,5,5,5,791,California
Inyo,2021-01-09,87,882,86,695,1,187,0,0,1,701,86,91,1,792,California
Inyo,2021-01-10,52,934,52,747,0,187,0,0,0,649,52,143,0,792,California
Inyo,2021-01-11,97,1031,82,829,15,202,0,0,16,584,81,224,16,808,California
Inyo,2021-01-12,139,1170,118,947,21,223,0,0,28,501,111,335,28,836,California
Inyo,2021-01-13,86,1256,68,1015,18,241,0,0,21,458,65,400,22,858,California
Inyo,2021-01-14,59,1315,13,1028,46,287,0,0,49,497,10,410,49,907,California
Inyo,2021-01-15,163,1478,28,1056,135,422,0,0,163,660,0,410,163,1070,California
Inyo,2021-01-16,74,1552,73,1129,1,423,0,0,1,588,73,483,1,1071,California
Inyo,2021-01-18,58,1610,36,1165,22,445,0,0,19,568,39,522,19,1090,California
Inyo,2021-01-19,114,1724,72,1237,42,487,0,0,97,648,17,539,97,1187,California
Inyo,2021-01-20,147,1871,71,1308,76,563,0,0,93,687,54,593,93,1280,California
Inyo,2021-01-21,120,1991,57,1365,63,626,0,0,119,805,1,594,119,1399,California
Inyo,2021-01-22,62,2053,0,1365,62,688,0,0,61,865,1,595,61,1460,California
Inyo,2021-01-23,52,2105,52,1417,0,688,0,0,52,917,0,595,52,1512,California
Inyo,2021-01-25,49,2154,6,1423,43,731,0,0,37,942,12,607,37,1549,California
Inyo,2021-01-26,135,2289,54,1477,81,812,0,0,129,1065,6,613,129,1678,California
Inyo,2021-01-27,24,2313,2,1479,22,834,0,0,23,1087,1,614,23,1701,California
Inyo,2021-01-28,92,2405,2,1481,90,924,0,0,63,1121,29,643,63,1764,California
Inyo,2021-01-29,25,2430,3,1484,22,946,0,0,23,1142,2,645,23,1787,California
Inyo,2021-01-30,11,2441,1,1485,10,956,0,0,11,1153,0,645,11,1798,California
Inyo,2021-01-31,32,2473,4,1489,28,984,0,0,4,1129,28,673,4,1802,California
Inyo,2021-02-01,10,2483,9,1498,1,985,0,0,0,1119,10,683,0,1802,California
Inyo,2021-02-02,130,2613,14,1512,116,1101,0,0,104,1197,26,709,104,1906,California
Inyo,2021-02-03,116,2729,0,1512,116,1217,0,0,74,1229,42,751,74,1980,California
Inyo,2021-02-04,151,2880,33,1545,118,1335,0,0,92,1262,59,810,92,2072,California
Inyo,2021-02-05,117,2997,61,1606,56,1391,0,0,115,1375,2,812,115,2187,California
Inyo,2021-02-06,4,3001,2,1608,2,1393,0,0,3,1377,1,813,3,2190,California
Inyo,2021-02-07,4,3005,2,1610,2,1395,0,0,4,1381,0,813,4,2194,California
Inyo,2021-02-08,117,3122,7,1617,110,1505,0,0,97,1458,20,833,97,2291,California
Inyo,2021-02-09,196,3318,52,1669,144,1649,0,0,125,1512,71,904,125,2416,California
Inyo,2021-02-10,141,3459,17,1686,124,1773,0,0,107,1585,34,938,107,2523,California
Inyo,2021-02-11,220,3679,56,1742,164,1937,0,0,126,1617,94,1032,126,2649,California
Inyo,2021-02-12,299,3978,51,1793,248,2185,0,0,167,1652,132,1164,167,2816,California
Inyo,2021-02-13,60,4038,55,1848,5,2190,0,0,8,1608,52,1216,8,2824,California
Inyo,2021-02-14,1,4039,0,1848,1,2191,0,0,1,1609,0,1216,1,2825,California
Inyo,2021-02-15,29,4068,9,1857,20,2211,0,0,5,1590,24,1240,5,2830,California
Inyo,2021-02-16,179,4247,50,1907,129,2340,0,0,92,1596,86,1326,92,2922,California
Inyo,2021-02-17,38,4285,4,1911,34,2374,0,0,8,1574,30,1356,8,2930,California
Inyo,2021-02-18,122,4407,6,1917,116,2490,0,0,79,1610,43,1399,79,3009,California
Inyo,2021-02-19,52,4459,4,1921,48,2538,0,0,9,1576,43,1442,9,3018,California
Inyo,2021-02-20,507,4966,503,2424,4,2542,0,0,505,2079,2,1444,505,3523,California
Inyo,2021-02-21,441,5407,441,2865,0,2542,0,0,441,2520,0,1444,441,3964,California
Inyo,2021-02-22,61,5468,19,2884,42,2584,0,0,27,2513,34,1478,27,3991,California
Inyo,2021-02-23,199,5667,20,2904,179,2763,0,0,95,2505,103,1581,95,4086,California
Inyo,2021-02-24,118,5785,0,2904,118,2881,0,0,57,2501,61,1642,57,4143,California
Inyo,2021-02-25,132,5917,5,2909,127,3008,0,0,62,2493,70,1712,62,4205,California
Inyo,2021-02-26,103,6020,60,2969,43,3051,0,0,19,2428,84,1796,19,4224,California
Inyo,2021-02-27,14,6034,3,2972,11,3062,0,0,2,2418,12,1808,2,4226,California
Inyo,2021-02-28,3,6037,1,2973,2,3064,0,0,2,2419,1,1809,2,4228,California
Inyo,2021-03-01,19,6056,2,2975,17,3081,0,0,17,2434,2,1811,17,4245,California
Inyo,2021-03-02,196,6252,1,2976,195,3276,0,0,111,2460,85,1896,111,4356,California
Inyo,2021-03-03,84,6336,3,2979,81,3357,0,0,41,2458,43,1939,41,4397,California
Inyo,2021-03-04,128,6464,4,2983,124,3481,0,0,46,2422,82,2021,46,4443,California
Inyo,2021-03-05,141,6605,56,3039,85,3566,0,0,38,2357,103,2124,38,4481,California
Inyo,2021-03-06,30,6635,1,3040,29,3595,0,0,29,2385,1,2125,29,4510,California
Inyo,2021-03-07,7,6642,4,3044,3,3598,0,0,5,2388,2,2127,5,4515,California
Inyo,2021-03-08,182,6824,5,3049,177,3775,0,0,91,2388,91,2218,91,4606,California
Inyo,2021-03-09,190,7014,3,3052,187,3962,0,0,74,2346,116,2334,74,4680,California
Inyo,2021-03-10,70,7084,8,3060,61,4023,1,1,30,2337,40,2374,31,4711,California
Inyo,2021-03-11,204,7288,1,3061,198,4221,5,6,74,2286,130,2504,79,4790,California
Inyo,2021-03-12,175,7463,4,3065,166,4387,5,11,77,2270,98,2602,82,4872,California
Inyo,2021-03-13,584,8047,549,3614,25,4412,10,21,72,1841,511,3113,82,4954,California
Inyo,2021-03-14,439,8486,438,4052,1,4413,0,21,5,1412,434,3547,5,4959,California
Inyo,2021-03-15,51,8537,15,4067,34,4447,2,23,30,1423,21,3568,32,4991,California
Inyo,2021-03-16,164,8701,4,4071,154,4601,6,29,64,1394,99,3667,70,5061,California
Inyo,2021-03-17,108,8809,3,4074,98,4699,7,36,92,1477,16,3683,99,5160,California
Inyo,2021-03-18,185,8994,16,4090,162,4861,7,43,104,1507,81,3764,111,5271,California
Inyo,2021-03-19,46,9040,4,4094,38,4899,4,47,36,1537,10,3774,40,5311,California
Inyo,2021-03-20,20,9060,1,4095,10,4909,9,56,1,1528,19,3793,10,5321,California
Inyo,2021-03-22,58,9118,2,4097,51,4960,5,61,38,1551,20,3813,43,5364,California
Inyo,2021-03-23,195,9313,4,4101,187,5147,4,65,105,1570,90,3903,109,5473,California
Inyo,2021-03-24,140,9453,3,4104,133,5280,4,69,86,1606,54,3957,90,5563,California
Inyo,2021-03-25,331,9784,110,4214,218,5498,3,72,265,1808,66,4023,268,5831,California
Inyo,2021-03-26,91,9875,3,4217,84,5582,4,76,71,1863,20,4043,75,5906,California
Inyo,2021-03-27,53,9928,45,4262,5,5587,3,79,47,1907,6,4049,50,5956,California
Inyo,2021-03-28,4,9932,1,4263,2,5589,1,80,1,1906,3,4052,2,5958,California
Inyo,2021-03-29,109,10041,2,4265,102,5691,5,85,82,1967,26,4078,87,6045,California
Inyo,2021-03-30,220,10261,2,4267,213,5904,5,90,108,1968,112,4190,113,6158,California
Inyo,2021-03-31,149,10410,4,4271,140,6044,5,95,108,2040,41,4231,113,6271,California
Inyo,2021-04-01,166,10576,4,4275,161,6205,1,96,117,2109,49,4280,118,6389,California
Inyo,2021-04-02,80,10656,1,4276,77,6282,2,98,51,2133,29,4309,53,6442,California
Inyo,2021-04-03,93,10749,47,4323,32,6314,14,112,5,2065,86,4395,18,6460,California
Inyo,2021-04-04,5,10754,4,4327,0,6314,1,113,1,2063,4,4399,2,6462,California
Inyo,2021-04-05,117,10871,1,4328,112,6426,4,117,29,2008,88,4487,33,6495,California
Inyo,2021-04-06,235,11106,5,4333,167,6593,63,180,103,2042,132,4619,166,6661,California
Inyo,2021-04-07,203,11309,2,4335,74,6667,127,307,47,2059,157,4776,174,6835,California
Inyo,2021-04-08,180,11489,15,4350,148,6815,17,324,80,2056,100,4876,97,6932,California
Inyo,2021-04-09,125,11614,7,4357,95,6910,23,347,38,2031,86,4962,61,6993,California
Inyo,2021-04-10,42,11656,1,4358,24,6934,17,364,3,2012,39,5001,20,7013,California
Inyo,2021-04-11,1,11657,0,4358,1,6935,0,364,1,2013,0,5001,1,7014,California
Inyo,2021-04-12,79,11736,0,4358,74,7009,5,369,41,2021,38,5039,46,7060,California
Inyo,2021-04-13,120,11856,4,4362,113,7122,3,372,61,2027,58,5097,64,7124,California
Inyo,2021-04-14,127,11983,2,4364,125,7247,0,372,42,1984,85,5182,42,7166,California
Inyo,2021-04-15,275,12258,117,4481,158,7405,0,372,79,1867,196,5378,79,7245,California
Inyo,2021-04-16,47,12305,5,4486,42,7447,0,372,19,1858,28,5406,19,7264,California
Inyo,2021-04-17,2,12307,1,4487,1,7448,0,372,1,1858,1,5407,1,7265,California
Inyo,2021-04-19,128,12435,43,4530,85,7533,0,372,43,1816,85,5492,43,7308,California
Inyo,2021-04-20,163,12598,2,4532,161,7694,0,372,79,1811,84,5576,79,7387,California
Inyo,2021-04-21,113,12711,4,4536,109,7803,0,372,32,1762,81,5657,32,7419,California
Inyo,2021-04-22,196,12907,1,4537,195,7998,0,372,51,1668,145,5802,51,7470,California
Inyo,2021-04-23,95,13002,4,4541,91,8089,0,372,22,1617,73,5875,22,7492,California
Inyo,2021-04-24,309,13311,308,4849,1,8090,0,372,304,1916,5,5880,304,7796,California
Inyo,2021-04-25,135,13446,134,4983,1,8091,0,372,135,2051,0,5880,135,7931,California
Inyo,2021-04-26,91,13537,0,4983,90,8181,1,373,10,1981,81,5961,11,7942,California
Inyo,2021-04-27,180,13717,6,4989,169,8350,5,378,43,1893,136,6097,48,7990,California
Inyo,2021-04-28,121,13838,2,4991,117,8467,2,380,20,1814,101,6198,22,8012,California
Inyo,2021-04-29,172,14010,56,5047,116,8583,0,380,77,1797,94,6292,77,8089,California
Inyo,2021-04-30,85,14095,5,5052,79,8662,1,381,24,1761,61,6353,25,8114,California
Inyo,2021-05-01,11,14106,3,5055,8,8670,0,381,9,1768,2,6355,9,8123,California
Inyo,2021-05-02,7,14113,3,5058,2,8672,2,383,4,1771,3,6358,6,8129,California
Inyo,2021-05-03,38,14151,1,5059,33,8705,4,387,5,1747,33,6391,9,8138,California
Inyo,2021-05-04,123,14274,2,5061,117,8822,4,391,22,1672,101,6492,26,8164,California
Inyo,2021-05-05,35,14309,0,5061,33,8855,2,393,11,1661,24,6516,13,8177,California
Inyo,2021-05-06,93,14402,5,5066,80,8935,8,401,13,1602,80,6596,21,8198,California
Inyo,2021-05-07,48,14450,4,5070,36,8971,8,409,24,1611,23,6619,32,8230,California
Inyo,2021-05-08,11,14461,2,5072,4,8975,5,414,4,1613,7,6626,9,8239,California
Inyo,2021-05-09,1,14462,0,5072,1,8976,0,414,0,1612,1,6627,0,8239,California
Inyo,2021-05-10,69,14531,1,5073,66,9042,2,416,30,1606,39,6666,33,8272,California
Inyo,2021-05-11,86,14617,1,5074,82,9124,3,419,20,1563,66,6732,23,8295,California
Inyo,2021-05-12,43,14660,1,5075,40,9164,2,421,11,1544,32,6764,13,8308,California
Inyo,2021-05-13,74,14734,1,5076,72,9236,1,422,11,1493,63,6827,12,8320,California
Inyo,2021-05-14,26,14760,3,5079,18,9254,5,427,12,1496,14,6841,17,8337,California
Inyo,2021-05-15,380,15140,367,5446,11,9265,2,429,87,1292,293,7134,89,8426,California
Inyo,2021-05-16,198,15338,198,5644,0,9265,0,429,71,1236,127,7261,71,8497,California
Inyo,2021-05-17,62,15400,2,5646,56,9321,4,433,19,1216,43,7304,23,8520,California
Inyo,2021-05-18,82,15482,2,5648,79,9400,1,434,17,1169,65,7369,18,8538,California
Inyo,2021-05-19,48,15530,2,5650,41,9441,5,439,14,1154,34,7403,19,8557,California
Inyo,2021-05-20,144,15674,81,5731,62,9503,1,440,34,1079,110,7513,35,8592,California
Inyo,2021-05-21,44,15718,16,5747,23,9526,5,445,16,1072,28,7541,21,8613,California
Inyo,2021-05-22,24,15742,14,5761,7,9533,3,448,17,1085,7,7548,20,8633,California
Inyo,2021-05-23,4,15746,3,5764,0,9533,1,449,2,1086,2,7550,3,8636,California
Inyo,2021-05-24,33,15779,5,5769,25,9558,3,452,13,1082,20,7570,16,8652,California
Inyo,2021-05-25,53,15832,30,5799,22,9580,1,453,32,1094,21,7591,33,8685,California
Kern,2020-12-15,1,1,1,1,0,0,0,0,1,1,0,0,1,1,California
Kern,2020-12-16,18,19,18,19,0,0,0,0,18,19,0,0,18,19,California
Kern,2020-12-17,164,183,164,183,0,0,0,0,164,183,0,0,164,183,California
Kern,2020-12-18,322,505,322,505,0,0,0,0,322,505,0,0,322,505,California
Kern,2020-12-19,98,603,98,603,0,0,0,0,99,604,0,0,99,604,California
Kern,2020-12-20,61,664,61,664,0,0,0,0,61,665,0,0,61,665,California
Kern,2020-12-21,671,1335,670,1334,1,1,0,0,671,1336,0,0,671,1336,California
Kern,2020-12-22,530,1865,527,1861,3,4,0,0,530,1866,0,0,530,1866,California
Kern,2020-12-23,558,2423,420,2281,138,142,0,0,558,2424,0,0,558,2424,California
Kern,2020-12-24,123,2546,44,2325,79,221,0,0,123,2547,0,0,123,2547,California
Kern,2020-12-25,1,2547,1,2326,0,221,0,0,1,2548,0,0,1,2548,California
Kern,2020-12-26,33,2580,1,2327,32,253,0,0,33,2581,0,0,33,2581,California
Kern,2020-12-27,35,2615,3,2330,32,285,0,0,35,2616,0,0,35,2616,California
Kern,2020-12-28,827,3442,663,2993,164,449,0,0,827,3443,0,0,827,3443,California
Kern,2020-12-29,745,4187,452,3445,293,742,0,0,744,4186,1,1,744,4187,California
Kern,2020-12-30,1204,5391,911,4356,293,1035,0,0,1204,5390,0,1,1204,5391,California
Kern,2020-12-31,277,5668,99,4455,178,1213,0,0,277,5667,0,1,277,5668,California
Kern,2021-01-01,14,5682,7,4462,7,1220,0,0,14,5681,0,1,14,5682,California
Kern,2021-01-02,79,5761,18,4480,61,1281,0,0,79,5760,0,1,79,5761,California
Kern,2021-01-03,23,5784,4,4484,19,1300,0,0,23,5783,0,1,23,5784,California
Kern,2021-01-04,556,6340,361,4845,195,1495,0,0,556,6339,0,1,556,6340,California
Kern,2021-01-05,1133,7473,738,5583,395,1890,0,0,1121,7448,12,13,1121,7461,California
Kern,2021-01-06,1162,8635,451,6034,711,2601,0,0,1132,8550,30,43,1132,8593,California
Kern,2021-01-07,1401,10036,489,6523,912,3513,0,0,1232,9614,168,211,1232,9825,California
Kern,2021-01-08,1627,11663,768,7291,859,4372,0,0,1329,10645,299,510,1330,11155,California
Kern,2021-01-09,227,11890,77,7368,150,4522,0,0,193,10804,34,544,193,11348,California
Kern,2021-01-10,194,12084,148,7516,46,4568,0,0,153,10916,41,585,153,11501,California
Kern,2021-01-11,1557,13641,985,8501,572,5140,0,0,1001,11361,556,1141,1001,12502,California
Kern,2021-01-12,1869,15510,811,9312,1058,6198,0,0,1358,12208,511,1652,1358,13860,California
Kern,2021-01-13,1851,17361,869,10181,982,7180,0,0,1431,13219,420,2072,1431,15291,California
Kern,2021-01-14,2187,19548,646,10827,1541,8721,0,0,2142,15315,46,2118,2142,17433,California
Kern,2021-01-15,2707,22255,857,11684,1850,10571,0,0,2610,17831,95,2213,2611,20044,California
Kern,2021-01-16,670,22925,211,11895,459,11030,0,0,635,18431,35,2248,635,20679,California
Kern,2021-01-17,73,22998,7,11902,66,11096,0,0,71,18500,2,2250,71,20750,California
Kern,2021-01-18,1647,24645,660,12562,987,12083,0,0,1480,19813,167,2417,1480,22230,California
Kern,2021-01-19,1855,26500,1034,13596,821,12904,0,0,1388,20735,467,2884,1389,23619,California
Kern,2021-01-20,2613,29113,1678,15274,935,13839,0,0,1910,21949,698,3582,1912,25531,California
Kern,2021-01-21,2115,31228,869,16143,1246,15085,0,0,1919,23673,195,3777,1919,27450,California
Kern,2021-01-22,2716,33944,1299,17442,1417,16502,0,0,2438,25834,277,4054,2438,29888,California
Kern,2021-01-23,1251,35195,542,17984,709,17211,0,0,1205,26993,46,4100,1205,31093,California
Kern,2021-01-24,154,35349,12,17996,142,17353,0,0,148,27135,6,4106,148,31241,California
Kern,2021-01-25,2386,37735,1086,19082,1300,18653,0,0,1901,28553,484,4590,1902,33143,California
Kern,2021-01-26,2769,40504,1127,20209,1642,20295,0,0,1912,29609,856,5446,1912,35055,California
Kern,2021-01-27,3562,44066,1905,22114,1657,21952,0,0,2861,31772,698,6144,2861,37916,California
Kern,2021-01-28,2870,46936,1358,23472,1512,23464,0,0,2442,33794,423,6567,2445,40361,California
Kern,2021-01-29,3783,50719,1801,25273,1982,25446,0,0,3237,36488,543,7110,3237,43598,California
Kern,2021-01-30,1329,52048,498,25771,831,26277,0,0,1280,37721,47,7157,1280,44878,California
Kern,2021-01-31,405,52453,277,26048,128,26405,0,0,270,37856,135,7292,270,45148,California
Kern,2021-02-01,2598,55051,991,27039,1607,28012,0,0,1885,39032,710,8002,1886,47034,California
Kern,2021-02-02,2752,57803,799,27838,1953,29965,0,0,2049,40379,703,8705,2050,49084,California
Kern,2021-02-03,3665,61468,1552,29390,2113,32078,0,0,2696,42113,962,9667,2696,51780,California
Kern,2021-02-04,3801,65269,1452,30842,2349,34427,0,0,2586,43494,1205,10872,2586,54366,California
Kern,2021-02-05,4854,70123,1989,32831,2865,37292,0,0,3094,44847,1741,12613,3094,57460,California
Kern,2021-02-06,1738,71861,768,33599,970,38262,0,0,1512,46136,223,12836,1512,58972,California
Kern,2021-02-07,283,72144,150,33749,133,38395,0,0,267,46389,14,12850,267,59239,California
Kern,2021-02-08,2570,74714,790,34539,1780,40175,0,0,1258,46354,1294,14144,1259,60498,California
Kern,2021-02-09,3038,77752,986,35525,2052,42227,0,0,1466,46257,1563,15707,1466,61964,California
Kern,2021-02-10,3793,81545,1661,37186,2132,44359,0,0,1875,46231,1902,17609,1876,63840,California
Kern,2021-02-11,4266,85811,1536,38722,2730,47089,0,0,2222,46423,2031,19640,2223,66063,California
Kern,2021-02-12,4956,90767,1893,40615,3063,50152,0,0,2477,46435,2465,22105,2477,68540,California
Kern,2021-02-13,2009,92776,728,41343,1281,51433,0,0,1164,46756,843,22948,1164,69704,California
Kern,2021-02-14,351,93127,12,41355,339,51772,0,0,269,46944,81,23029,269,69973,California
Kern,2021-02-15,2744,95871,896,42251,1848,53620,0,0,1211,46631,1524,24553,1211,71184,California
Kern,2021-02-16,2938,98809,712,42963,2226,55846,0,0,1649,47001,1280,25833,1650,72834,California
Kern,2021-02-17,4069,102878,2078,45041,1991,57837,0,0,1927,46793,2136,27969,1928,74762,California
Kern,2021-02-18,3764,106642,1487,46528,2277,60114,0,0,1627,46293,2127,30096,1627,76389,California
Kern,2021-02-19,4199,110841,1915,48443,2284,62398,0,0,1740,45581,2452,32548,1740,78129,California
Kern,2021-02-20,2581,113422,967,49410,1614,64012,0,0,1351,45705,1227,33775,1351,79480,California
Kern,2021-02-21,259,113681,153,49563,106,64118,0,0,90,45628,167,33942,90,79570,California
Kern,2021-02-22,2668,116349,1152,50715,1516,65634,0,0,1429,45824,1234,35176,1430,81000,California
Kern,2021-02-23,3556,119905,1128,51843,2428,68062,0,0,1981,46233,1573,36749,1982,82982,California
Kern,2021-02-24,5196,125101,2289,54132,2907,70969,0,0,3102,47245,2090,38839,3102,86084,California
Kern,2021-02-25,5372,130473,2456,56588,2916,73885,0,0,3190,48272,2163,41002,3190,89274,California
Kern,2021-02-26,6903,137376,3530,60118,3373,77258,0,0,4356,50089,2540,43542,4357,93631,California
Kern,2021-02-27,3956,141332,1986,62104,1970,79228,0,0,2616,51373,1332,44874,2616,96247,California
Kern,2021-02-28,915,142247,503,62607,411,79639,1,1,695,51851,218,45092,696,96943,California
Kern,2021-03-01,4000,146247,1817,64424,2180,81819,3,4,2684,53231,1307,46399,2687,99630,California
Kern,2021-03-02,4462,150709,1412,65836,3049,84868,1,5,2941,54662,1510,47909,2941,102571,California
Kern,2021-03-03,5927,156636,2811,68647,3116,87984,0,5,3832,56414,2081,49990,3833,106404,California
Kern,2021-03-04,5595,162231,2196,70843,3396,91380,3,8,3600,58035,1981,51971,3602,110006,California
Kern,2021-03-05,6665,168896,2859,73702,3787,95167,19,27,4230,59858,2426,54397,4249,114255,California
Kern,2021-03-06,4729,173625,1926,75628,2703,97870,100,127,3461,62157,1261,55658,3560,117815,California
Kern,2021-03-07,2054,175679,1591,77219,413,98283,50,177,1861,63876,192,55850,1911,119726,California
Kern,2021-03-08,2883,178562,922,78141,1748,100031,213,390,1521,64249,1359,57209,1732,121458,California
Kern,2021-03-09,3714,182276,806,78947,2525,102556,383,773,2314,65551,1392,58601,2694,124152,California
Kern,2021-03-10,6130,188406,2562,81509,2497,105053,1071,1844,3593,67691,2522,61123,4662,128814,California
Kern,2021-03-11,6336,194742,2444,83953,2866,107919,1026,2870,3776,69942,2549,63672,4800,133614,California
Kern,2021-03-12,7824,202566,3068,87021,3405,111324,1351,4221,4312,72097,3499,67171,5654,139268,California
Kern,2021-03-13,4659,207225,2526,89547,1798,113122,335,4556,3240,74254,1413,68584,3570,142838,California
Kern,2021-03-14,2297,209522,1522,91069,534,113656,241,4797,1776,75747,521,69105,2014,144852,California
Kern,2021-03-15,4264,213786,1099,92168,2452,116108,713,5510,2196,76593,2056,71161,2902,147754,California
Kern,2021-03-16,4342,218128,1013,93181,2798,118906,531,6041,2334,77457,1998,73159,2862,150616,California
Kern,2021-03-17,7472,225600,4045,97226,2877,121783,550,6591,4512,79569,2949,76108,5061,155677,California
Kern,2021-03-18,7274,232874,3680,100906,3009,124792,585,7176,4402,81699,2853,78961,4983,160660,California
Kern,2021-03-19,8978,241852,4980,105886,3343,128135,655,7831,4711,82807,4252,83213,5360,166020,California
Kern,2021-03-20,6174,248026,3821,109707,2179,130314,174,8005,3910,84638,2254,85467,4085,170105,California
Kern,2021-03-21,3045,251071,1929,111636,236,130550,880,8885,1846,86170,1193,86660,2725,172830,California
Kern,2021-03-22,3990,255061,1566,113202,2067,132617,357,9242,1940,86432,2035,88695,2297,175127,California
Kern,2021-03-23,4735,259796,1676,114878,2860,135477,199,9441,2487,86897,2219,90914,2684,177811,California
Kern,2021-03-24,7181,266977,3674,118552,3030,138507,477,9918,3657,87524,3506,94420,4133,181944,California
Kern,2021-03-25,6756,273733,2996,121548,3429,141936,331,10249,3278,87669,3461,97881,3606,185550,California
Kern,2021-03-26,9872,283605,4416,125964,4200,146136,1256,11505,4742,88553,5112,102993,5996,191546,California
Kern,2021-03-27,5699,289304,3996,129960,1575,147711,128,11633,3445,89873,2252,105245,3572,195118,California
Kern,2021-03-28,4682,293986,4191,134151,477,148188,14,11647,2954,91114,1727,106972,2968,198086,California
Kern,2021-03-29,4252,298238,1680,135831,2294,150482,278,11925,2610,92370,1629,108601,2885,200971,California
Kern,2021-03-30,5599,303837,1872,137703,3342,153824,385,12310,3081,93321,2514,111115,3465,204436,California
Kern,2021-03-31,8401,312238,4542,142245,3211,157035,648,12958,4347,94277,4038,115153,4994,209430,California
Kern,2021-04-01,7881,320119,3874,146119,3709,160744,298,13256,4222,95155,3638,118791,4516,213946,California
Kern,2021-04-02,8434,328553,4453,150572,3374,164118,607,13863,4214,95765,4205,122996,4815,218761,California
Kern,2021-04-03,5985,334538,3671,154243,2131,166249,183,14046,2661,95290,3316,126312,2841,221602,California
Kern,2021-04-04,1338,335876,875,155118,379,166628,84,14130,476,94991,859,127171,560,222162,California
Kern,2021-04-05,5351,341227,2205,157323,2377,169005,769,14899,2891,96181,2448,129619,3638,225800,California
Kern,2021-04-06,7099,348326,2470,159793,3260,172265,1369,16268,3565,97604,3510,133129,4933,230733,California
Kern,2021-04-07,9356,357682,5455,165248,2939,175204,962,17230,4565,98365,4773,137902,5534,236267,California
Kern,2021-04-08,8602,366284,4761,170009,2937,178141,904,18134,3688,98058,4892,142794,4585,240852,California
Kern,2021-04-09,10156,376440,5104,175113,4068,182209,984,19118,4304,97518,5827,148621,5287,246139,California
Kern,2021-04-10,6531,382971,3426,178539,1866,184075,1239,20357,2119,96468,4402,153023,3352,249491,California
Kern,2021-04-11,3830,386801,2892,181431,356,184431,582,20939,1249,95726,2569,155592,1827,251318,California
Kern,2021-04-12,4380,391181,984,182415,2425,186856,971,21910,1569,95471,2794,158386,2539,253857,California
Kern,2021-04-13,4279,395460,1409,183824,2845,189701,25,21935,2111,95451,2157,160543,2137,255994,California
Kern,2021-04-14,6037,401497,2962,186786,3053,192754,22,21957,2985,95420,3037,163580,3006,259000,California
Kern,2021-04-15,5267,406764,2468,189254,2797,195551,2,21959,2503,95178,2747,166327,2505,261505,California
Kern,2021-04-16,7242,414006,3435,192689,3806,199357,1,21960,2953,93868,4265,170592,2955,264460,California
Kern,2021-04-17,5888,419894,3854,196543,2034,201391,0,21960,2092,92179,3782,174374,2093,266553,California
Kern,2021-04-18,3737,423631,3500,200043,237,201628,0,21960,905,90260,2824,177198,905,267458,California
Kern,2021-04-19,3814,427445,1725,201768,2087,203715,2,21962,1410,89286,2384,179582,1410,268868,California
Kern,2021-04-20,4331,431776,1557,203325,2773,206488,1,21963,1629,88228,2689,182271,1631,270499,California
Kern,2021-04-21,5856,437632,3125,206450,2726,209214,5,21968,2130,86656,3705,185976,2133,272632,California
Kern,2021-04-22,4778,442410,2307,208757,2471,211685,0,21968,1688,85276,3069,189045,1689,274321,California
Kern,2021-04-23,6050,448460,2935,211692,3114,214799,1,21969,1890,83043,4125,193170,1892,276213,California
Kern,2021-04-24,3973,452433,2768,214460,1194,215993,11,21980,1419,81936,2536,195706,1429,277642,California
Kern,2021-04-25,1339,453772,1061,215521,278,216271,0,21980,764,82131,569,196275,764,278406,California
Kern,2021-04-26,3787,457559,1820,217341,1915,218186,52,22032,1035,80478,2742,199017,1089,279495,California
Kern,2021-04-27,4636,462195,2275,219616,2260,220446,101,22133,1406,78764,3218,202235,1504,280999,California
Kern,2021-04-28,6247,468442,3676,223292,2448,222894,123,22256,1774,76200,4458,206693,1894,282893,California
Kern,2021-04-29,5510,473952,3062,226354,2348,225242,100,22356,1621,74053,3869,210562,1722,284615,California
Kern,2021-04-30,5596,479548,3129,229483,2307,227549,160,22516,1619,71867,3964,214526,1778,286393,California
Kern,2021-05-01,2580,482128,1804,231287,717,228266,59,22575,955,71265,1615,216141,1013,287406,California
Kern,2021-05-02,1885,484013,1601,232888,263,228529,21,22596,692,70790,1188,217329,713,288119,California
Kern,2021-05-03,2485,486498,987,233875,1366,229895,132,22728,760,69972,1711,219040,893,289012,California
Kern,2021-05-04,3610,490108,1284,235159,2217,232112,109,22837,1257,68998,2338,221378,1364,290376,California
Kern,2021-05-05,4135,494243,2130,237289,1855,233967,150,22987,1367,67759,2755,224133,1516,291892,California
Kern,2021-05-06,3522,497765,1565,238854,1814,235781,143,23130,1077,66550,2426,226559,1217,293109,California
Kern,2021-05-07,4554,502319,2284,241138,2095,237876,175,23305,1272,64739,3256,229815,1445,294554,California
Kern,2021-05-08,2878,505197,1822,242960,942,238818,114,23419,899,63785,1966,231781,1012,295566,California
Kern,2021-05-09,1297,506494,1122,244082,145,238963,30,23449,448,63421,842,232623,478,296044,California
Kern,2021-05-10,2207,508701,844,244926,1264,240227,99,23548,641,62610,1549,234172,738,296782,California
Kern,2021-05-11,2600,511301,909,245835,1568,241795,123,23671,942,62028,1648,235820,1066,297848,California
Kern,2021-05-12,3487,514788,1394,247229,1944,243739,149,23820,1099,60900,2376,238196,1248,299096,California
Kern,2021-05-13,3297,518085,1726,248955,1429,245168,142,23962,1547,60847,1738,239934,1685,300781,California
Kern,2021-05-14,4255,522340,2523,251478,1515,246683,217,24179,1968,60762,2269,242203,2184,302965,California
Kern,2021-05-15,2904,525244,1898,253376,920,247603,86,24265,1545,61047,1346,243549,1631,304596,California
Kern,2021-05-16,1539,526783,1319,254695,182,247785,38,24303,885,61321,649,244198,923,305519,California
Kern,2021-05-17,2291,529074,988,255683,1159,248944,144,24447,1179,61542,1101,245299,1322,306841,California
Kern,2021-05-18,3119,532193,1417,257100,1574,250518,128,24575,1601,61767,1503,246802,1728,308569,California
Kern,2021-05-19,3756,535949,2363,259463,1272,251790,121,24696,1820,61782,1925,248727,1940,310509,California
Kern,2021-05-20,2893,538842,1570,261033,1195,252985,128,24824,1328,61691,1545,250272,1454,311963,California
Kern,2021-05-21,3335,542177,2060,263093,1158,254143,117,24941,1685,61869,1624,251896,1802,313765,California
Kern,2021-05-22,2576,544753,2010,265103,529,254672,37,24978,1217,61772,1350,253246,1253,315018,California
Kern,2021-05-23,1150,545903,1002,266105,131,254803,17,24995,609,61862,535,253781,625,315643,California
Kern,2021-05-24,1777,547680,753,266858,909,255712,115,25110,849,61903,920,254701,961,316604,California
Kern,2021-05-25,1167,548847,422,267280,688,256400,57,25167,494,61788,665,255366,550,317154,California
Kings,2020-12-16,1,1,1,1,0,0,0,0,1,1,0,0,1,1,California
Kings,2020-12-17,8,9,8,9,0,0,0,0,8,9,0,0,8,9,California
Kings,2020-12-18,12,21,12,21,0,0,0,0,12,21,0,0,12,21,California
Kings,2020-12-19,11,32,11,32,0,0,0,0,11,32,0,0,11,32,California
Kings,2020-12-20,13,45,13,45,0,0,0,0,13,45,0,0,13,45,California
Kings,2020-12-21,156,201,156,201,0,0,0,0,269,314,0,0,269,314,California
Kings,2020-12-22,143,344,143,344,0,0,0,0,140,454,0,0,140,454,California
Kings,2020-12-23,136,480,123,467,13,13,0,0,137,591,0,0,137,591,California
Kings,2020-12-24,11,491,9,476,2,15,0,0,11,602,0,0,11,602,California
Kings,2020-12-26,7,498,4,480,3,18,0,0,7,609,0,0,7,609,California
Kings,2020-12-27,4,502,4,484,0,18,0,0,4,613,0,0,4,613,California
Kings,2020-12-28,131,633,103,587,28,46,0,0,132,745,0,0,132,745,California
Kings,2020-12-29,77,710,50,637,27,73,0,0,78,823,0,0,78,823,California
Kings,2020-12-30,149,859,109,746,40,113,0,0,149,972,0,0,149,972,California
Kings,2020-12-31,45,904,6,752,39,152,0,0,45,1017,0,0,45,1017,California
Kings,2021-01-01,1,905,0,752,1,153,0,0,1,1018,0,0,1,1018,California
Kings,2021-01-02,10,915,9,761,1,154,0,0,10,1028,0,0,10,1028,California
Kings,2021-01-04,111,1026,41,802,70,224,0,0,111,1139,0,0,111,1139,California
Kings,2021-01-05,195,1221,39,841,156,380,0,0,195,1334,0,0,195,1334,California
Kings,2021-01-06,277,1498,178,1019,99,479,0,0,274,1605,3,3,274,1608,California
Kings,2021-01-07,181,1679,82,1101,99,578,0,0,173,1770,8,11,173,1781,California
Kings,2021-01-08,248,1927,54,1155,194,772,0,0,229,1980,19,30,229,2010,California
Kings,2021-01-09,63,1990,9,1164,54,826,0,0,55,2027,8,38,55,2065,California
Kings,2021-01-10,15,2005,3,1167,12,838,0,0,12,2036,3,41,12,2077,California
Kings,2021-01-11,518,2523,354,1521,164,1002,0,0,276,2071,242,283,277,2354,California
Kings,2021-01-12,349,2872,252,1773,97,1099,0,0,215,2155,131,414,215,2569,California
Kings,2021-01-13,422,3294,275,2048,147,1246,0,0,330,2393,92,506,330,2899,California
Kings,2021-01-14,208,3502,30,2078,178,1424,0,0,198,2571,21,527,199,3098,California
Kings,2021-01-15,418,3920,30,2108,388,1812,0,0,406,2965,12,539,406,3504,California
Kings,2021-01-16,28,3948,9,2117,19,1831,0,0,27,2991,1,540,27,3531,California
Kings,2021-01-17,9,3957,6,2123,3,1834,0,0,7,2996,2,542,7,3538,California
Kings,2021-01-18,172,4129,40,2163,132,1966,0,0,146,3116,26,568,146,3684,California
Kings,2021-01-19,379,4508,160,2323,219,2185,0,0,251,3239,128,696,251,3935,California
Kings,2021-01-20,237,4745,146,2469,91,2276,0,0,127,3261,105,801,127,4062,California
Kings,2021-01-21,212,4957,57,2526,155,2431,0,0,197,3441,17,818,197,4259,California
Kings,2021-01-22,102,5059,16,2542,86,2517,0,0,102,3538,5,823,102,4361,California
Kings,2021-01-23,26,5085,14,2556,12,2529,0,0,20,3552,6,829,20,4381,California
Kings,2021-01-24,4,5089,4,2560,0,2529,0,0,2,3552,2,831,2,4383,California
Kings,2021-01-25,126,5215,27,2587,99,2628,0,0,91,3608,35,866,91,4474,California
Kings,2021-01-26,153,5368,34,2621,119,2747,0,0,114,3683,39,905,114,4588,California
Kings,2021-01-27,321,5689,34,2655,287,3034,0,0,248,3859,72,977,248,4836,California
Kings,2021-01-28,327,6016,46,2701,281,3315,0,0,271,4074,56,1033,271,5107,California
Kings,2021-01-29,86,6102,26,2727,60,3375,0,0,69,4126,17,1050,69,5176,California
Kings,2021-01-30,1557,7659,31,2758,1526,4901,0,0,1554,5679,3,1053,1556,6732,California
Kings,2021-02-01,199,7858,64,2822,135,5036,0,0,72,5626,125,1178,72,6804,California
Kings,2021-02-02,232,8090,14,2836,218,5254,0,0,82,5559,149,1327,82,6886,California
Kings,2021-02-03,357,8447,191,3027,166,5420,0,0,201,5605,155,1482,201,7087,California
Kings,2021-02-04,398,8845,99,3126,299,5719,0,0,200,5608,197,1679,200,7287,California
Kings,2021-02-05,260,9105,15,3141,245,5964,0,0,101,5552,157,1836,101,7388,California
Kings,2021-02-06,61,9166,10,3151,51,6015,0,0,28,5547,33,1869,28,7416,California
Kings,2021-02-07,5,9171,3,3154,2,6017,0,0,3,5548,2,1871,3,7419,California
Kings,2021-02-08,172,9343,29,3183,143,6160,0,0,68,5512,104,1975,68,7487,California
Kings,2021-02-09,254,9597,57,3240,197,6357,0,0,110,5480,142,2117,110,7597,California
Kings,2021-02-10,286,9883,113,3353,173,6530,0,0,169,5532,117,2234,169,7766,California
Kings,2021-02-11,432,10315,65,3418,367,6897,0,0,316,5733,115,2349,316,8082,California
Kings,2021-02-12,622,10937,36,3454,586,7483,0,0,346,5804,275,2624,346,8428,California
Kings,2021-02-13,104,11041,6,3460,98,7581,0,0,78,5856,26,2650,78,8506,California
Kings,2021-02-14,102,11143,4,3464,98,7679,0,0,94,5942,8,2658,94,8600,California
Kings,2021-02-15,246,11389,5,3469,241,7920,0,0,137,5971,108,2766,137,8737,California
Kings,2021-02-16,487,11876,33,3502,454,8374,0,0,251,5987,235,3001,251,8988,California
Kings,2021-02-17,380,12256,23,3525,357,8731,0,0,243,6094,137,3138,244,9232,California
Kings,2021-02-18,155,12411,23,3548,132,8863,0,0,98,6135,57,3195,98,9330,California
Kings,2021-02-19,159,12570,24,3572,135,8998,0,0,103,6185,53,3248,103,9433,California
Kings,2021-02-20,171,12741,40,3612,131,9129,0,0,134,6282,37,3285,134,9567,California
Kings,2021-02-21,3,12744,2,3614,1,9130,0,0,3,6285,0,3285,3,9570,California
Kings,2021-02-22,110,12854,19,3633,91,9221,0,0,51,6277,59,3344,51,9621,California
Kings,2021-02-23,297,13151,70,3703,227,9448,0,0,180,6340,117,3461,180,9801,California
Kings,2021-02-24,597,13748,154,3857,443,9891,0,0,385,6513,212,3673,385,10186,California
Kings,2021-02-25,685,14433,131,3988,554,10445,0,0,466,6762,217,3890,466,10652,California
Kings,2021-02-26,667,15100,137,4125,530,10975,0,0,605,7305,62,3952,605,11257,California
Kings,2021-02-27,1516,16616,65,4190,1451,12426,0,0,580,6950,935,4887,580,11837,California
Kings,2021-02-28,1171,17787,597,4787,574,13000,0,0,674,7130,494,5381,674,12511,California
Kings,2021-03-01,262,18049,79,4866,183,13183,0,0,215,7298,47,5428,215,12726,California
Kings,2021-03-02,508,18557,242,5108,266,13449,0,0,458,7707,50,5478,459,13185,California
Kings,2021-03-03,640,19197,314,5422,326,13775,0,0,449,7967,189,5667,449,13634,California
Kings,2021-03-04,732,19929,352,5774,380,14155,0,0,632,8500,100,5767,633,14267,California
Kings,2021-03-05,1082,21011,368,6142,705,14860,9,9,964,9356,118,5885,974,15241,California
Kings,2021-03-06,514,21525,187,6329,314,15174,13,22,484,9823,30,5915,497,15738,California
Kings,2021-03-07,366,21891,224,6553,138,15312,4,26,358,10177,8,5923,362,16100,California
Kings,2021-03-08,371,22262,96,6649,222,15534,53,79,263,10384,108,6031,315,16415,California
Kings,2021-03-09,551,22813,252,6901,244,15778,55,134,443,10776,107,6138,499,16914,California
Kings,2021-03-10,572,23385,128,7029,353,16131,91,225,387,11069,184,6322,477,17391,California
Kings,2021-03-11,1033,24418,307,7336,616,16747,110,335,627,11402,404,6726,737,18128,California
Kings,2021-03-12,1375,25793,445,7781,836,17583,94,429,972,12070,401,7127,1069,19197,California
Kings,2021-03-13,681,26474,333,8114,304,17887,44,473,556,12546,125,7252,601,19798,California
Kings,2021-03-14,671,27145,101,8215,184,18071,386,859,200,12661,471,7723,586,20384,California
Kings,2021-03-15,703,27848,266,8481,322,18393,115,974,466,13008,236,7959,583,20967,California
Kings,2021-03-16,1057,28905,445,8926,550,18943,62,1036,719,13451,338,8297,781,21748,California
Kings,2021-03-17,1097,30002,417,9343,619,19562,61,1097,778,13978,319,8616,846,22594,California
Kings,2021-03-18,1123,31125,474,9817,426,19988,223,1320,773,14628,349,8965,999,23593,California
Kings,2021-03-19,964,32089,469,10286,410,20398,85,1405,738,15239,225,9190,836,24429,California
Kings,2021-03-20,640,32729,255,10541,354,20752,31,1436,465,15569,173,9363,503,24932,California
Kings,2021-03-21,1417,34146,1087,11628,319,21071,11,1447,863,15889,554,9917,874,25806,California
Kings,2021-03-22,447,34593,199,11827,164,21235,84,1531,273,16076,174,10091,361,26167,California
Kings,2021-03-23,916,35509,508,12335,345,21580,63,1594,556,16340,358,10449,622,26789,California
Kings,2021-03-24,957,36466,487,12822,447,22027,23,1617,506,16421,450,10899,531,27320,California
Kings,2021-03-25,917,37383,465,13287,426,22453,26,1643,446,16424,469,11368,472,27792,California
Kings,2021-03-26,1294,38677,379,13666,830,23283,85,1728,515,16249,774,12142,599,28391,California
Kings,2021-03-27,641,39318,258,13924,371,23654,12,1740,158,15938,481,12623,170,28561,California
Kings,2021-03-28,588,39906,517,14441,64,23718,7,1747,372,16109,216,12839,387,28948,California
Kings,2021-03-29,467,40373,210,14651,196,23914,61,1808,259,16222,206,13045,319,29267,California
Kings,2021-03-30,858,41231,473,15124,347,24261,38,1846,425,16253,432,13477,463,29730,California
Kings,2021-03-31,766,41997,378,15502,315,24576,73,1919,422,16412,336,13813,495,30225,California
Kings,2021-04-01,773,42770,388,15890,295,24871,90,2009,350,16435,417,14230,440,30665,California
Kings,2021-04-02,1007,43777,448,16338,435,25306,124,2133,391,16338,611,14841,514,31179,California
Kings,2021-04-03,489,44266,345,16683,135,25441,9,2142,166,16197,317,15158,176,31355,California
Kings,2021-04-04,156,44422,82,16765,68,25509,6,2148,42,16132,113,15271,48,31403,California
Kings,2021-04-05,1051,45473,325,17090,474,25983,252,2400,233,15799,817,16088,484,31887,California
Kings,2021-04-06,1202,46675,450,17540,440,26423,312,2712,281,15474,918,17006,593,32480,California
Kings,2021-04-07,1355,48030,646,18186,524,26947,185,2897,358,15028,994,18000,548,33028,California
Kings,2021-04-08,1594,49624,629,18815,715,27662,250,3147,356,14404,1231,19231,607,33635,California
Kings,2021-04-09,1147,50771,540,19355,430,28092,177,3324,232,13896,913,20144,405,34040,California
Kings,2021-04-10,588,51359,327,19682,159,28251,102,3426,167,13746,419,20563,269,34309,California
Kings,2021-04-11,351,51710,74,19756,271,28522,6,3432,195,13792,155,20718,201,34510,California
Kings,2021-04-12,698,52408,311,20067,187,28709,200,3632,193,13681,504,21222,393,34903,California
Kings,2021-04-13,903,53311,515,20582,388,29097,0,3632,287,13358,615,21837,292,35195,California
Kings,2021-04-14,1039,54350,575,21157,464,29561,0,3632,376,13072,663,22500,377,35572,California
Kings,2021-04-15,1048,55398,520,21677,527,30088,1,3633,450,12926,597,23097,451,36023,California
Kings,2021-04-16,769,56167,360,22037,409,30497,0,3633,257,12672,511,23608,257,36280,California
Kings,2021-04-17,458,56625,244,22281,214,30711,0,3633,186,12587,271,23879,186,36466,California
Kings,2021-04-18,562,57187,239,22520,323,31034,0,3633,43,12111,519,24398,43,36509,California
Kings,2021-04-19,531,57718,294,22814,237,31271,0,3633,285,12152,244,24642,285,36794,California
Kings,2021-04-20,738,58456,447,23261,291,31562,0,3633,236,11887,501,25143,236,37030,California
Kings,2021-04-21,642,59098,308,23569,334,31896,0,3633,222,11696,413,25556,222,37252,California
Kings,2021-04-22,553,59651,276,23845,277,32173,0,3633,202,11551,348,25904,203,37455,California
Kings,2021-04-23,663,60314,289,24134,374,32547,0,3633,327,11544,334,26238,327,37782,California
Kings,2021-04-24,246,60560,178,24312,67,32614,1,3634,118,11536,127,26365,119,37901,California
Kings,2021-04-25,200,60760,181,24493,19,32633,0,3634,164,11664,36,26401,164,38065,California
Kings,2021-04-26,300,61060,158,24651,139,32772,3,3637,189,11746,110,26511,192,38257,California
Kings,2021-04-27,407,61467,178,24829,210,32982,19,3656,169,11697,237,26748,188,38445,California
Kings,2021-04-28,510,61977,253,25082,237,33219,20,3676,263,11733,247,26995,283,38728,California
Kings,2021-04-29,287,62264,112,25194,164,33383,11,3687,135,11729,150,27145,146,38874,California
Kings,2021-04-30,366,62630,164,25358,185,33568,17,3704,153,11690,209,27354,170,39044,California
Kings,2021-05-01,230,62860,167,25525,53,33621,10,3714,74,11620,154,27508,84,39128,California
Kings,2021-05-02,168,63028,146,25671,22,33643,0,3714,126,11704,42,27550,126,39254,California
Kings,2021-05-03,473,63501,256,25927,204,33847,13,3727,123,11491,349,27899,136,39390,California
Kings,2021-05-04,519,64020,260,26187,239,34086,20,3747,161,11314,358,28257,181,39571,California
Kings,2021-05-05,551,64571,286,26473,245,34331,20,3767,137,11057,414,28671,157,39728,California
Kings,2021-05-06,541,65112,270,26743,248,34579,23,3790,122,10785,417,29088,145,39873,California
Kings,2021-05-07,365,65477,209,26952,142,34721,14,3804,147,10730,216,29304,161,40034,California
Kings,2021-05-08,229,65706,166,27118,52,34773,11,3815,74,10660,155,29459,85,40119,California
Kings,2021-05-09,192,65898,64,27182,128,34901,0,3815,40,10548,152,29611,40,40159,California
Kings,2021-05-10,339,66237,263,27445,66,34967,10,3825,115,10449,223,29834,124,40283,California
Kings,2021-05-11,373,66610,230,27675,115,35082,28,3853,117,10339,256,30090,146,40429,California
Kings,2021-05-12,372,66982,140,27815,219,35301,13,3866,160,10302,210,30300,173,40602,California
Kings,2021-05-13,385,67367,135,27950,232,35533,18,3884,149,10233,236,30536,167,40769,California
Kings,2021-05-14,463,67830,316,28266,116,35649,31,3915,241,10284,221,30757,272,41041,California
Kings,2021-05-15,348,68178,249,28515,82,35731,17,3932,194,10341,154,30911,211,41252,California
Kings,2021-05-16,250,68428,222,28737,27,35758,1,3933,79,10250,171,31082,80,41332,California
Kings,2021-05-17,405,68833,323,29060,65,35823,17,3950,218,10300,185,31267,235,41567,California
Kings,2021-05-18,387,69220,272,29332,102,35925,13,3963,224,10375,163,31430,238,41805,California
Kings,2021-05-19,572,69792,282,29614,268,36193,22,3985,231,10289,339,31769,253,42058,California
Kings,2021-05-20,398,70190,193,29807,178,36371,27,4012,241,10401,157,31926,269,42327,California
Kings,2021-05-21,448,70638,218,30025,220,36591,10,4022,225,10417,219,32145,235,42562,California
Kings,2021-05-22,253,70891,204,30229,38,36629,11,4033,192,10560,60,32205,203,42765,California
Kings,2021-05-23,200,71091,198,30427,2,36631,0,4033,97,10554,103,32308,97,42862,California
Kings,2021-05-24,247,71338,163,30590,70,36701,14,4047,121,10563,126,32434,135,42997,California
Kings,2021-05-25,134,71472,77,30667,42,36743,15,4062,54,10552,80,32514,69,43066,California
Lake,2020-12-17,4,4,4,4,0,0,0,0,4,4,0,0,4,4,California
Lake,2020-12-18,51,55,51,55,0,0,0,0,51,55,0,0,51,55,California
Lake,2020-12-19,3,58,3,58,0,0,0,0,3,58,0,0,3,58,California
Lake,2020-12-20,6,64,6,64,0,0,0,0,6,64,0,0,6,64,California
Lake,2020-12-21,86,150,86,150,0,0,0,0,86,150,0,0,86,150,California
Lake,2020-12-22,63,213,60,210,3,3,0,0,63,213,0,0,63,213,California
Lake,2020-12-23,123,336,114,324,9,12,0,0,123,336,0,0,123,336,California
Lake,2020-12-24,2,338,0,324,2,14,0,0,2,338,0,0,2,338,California
Lake,2020-12-26,2,340,2,326,0,14,0,0,2,340,0,0,2,340,California
Lake,2020-12-27,2,342,2,328,0,14,0,0,2,342,0,0,2,342,California
Lake,2020-12-28,52,394,43,371,9,23,0,0,52,394,0,0,52,394,California
Lake,2020-12-29,50,444,45,416,5,28,0,0,50,444,0,0,50,444,California
Lake,2020-12-30,126,570,119,535,7,35,0,0,126,570,0,0,126,570,California
Lake,2020-12-31,67,637,64,599,3,38,0,0,67,637,0,0,67,637,California
Lake,2021-01-01,1,638,0,599,1,39,0,0,1,638,0,0,1,638,California
Lake,2021-01-02,2,640,1,600,1,40,0,0,2,640,0,0,2,640,California
Lake,2021-01-04,88,728,21,621,67,107,0,0,88,728,0,0,88,728,California
Lake,2021-01-05,120,848,59,680,61,168,0,0,118,844,2,2,118,846,California
Lake,2021-01-06,105,953,65,745,40,208,0,0,103,945,2,4,103,949,California
Lake,2021-01-07,108,1061,85,830,23,231,0,0,99,1035,9,13,99,1048,California
Lake,2021-01-08,152,1213,124,954,28,259,0,0,100,1083,52,65,100,1148,California
Lake,2021-01-09,63,1276,61,1015,2,261,0,0,59,1138,4,69,59,1207,California
Lake,2021-01-10,3,1279,3,1018,0,261,0,0,0,1135,3,72,0,1207,California
Lake,2021-01-11,192,1471,151,1169,41,302,0,0,112,1167,80,152,112,1319,California
Lake,2021-01-12,81,1552,48,1217,33,335,0,0,57,1200,24,176,57,1376,California
Lake,2021-01-13,165,1717,112,1329,53,388,0,0,108,1251,57,233,108,1484,California
Lake,2021-01-14,147,1864,46,1375,101,489,0,0,125,1354,22,255,125,1609,California
Lake,2021-01-15,218,2082,92,1467,126,615,0,0,191,1518,27,282,191,1800,California
Lake,2021-01-16,134,2216,81,1548,53,668,0,0,132,1648,2,284,132,1932,California
Lake,2021-01-17,18,2234,6,1554,12,680,0,0,12,1654,6,290,12,1944,California
Lake,2021-01-18,246,2480,227,1781,19,699,0,0,125,1658,121,411,125,2069,California
Lake,2021-01-19,312,2792,118,1899,194,893,0,0,267,1881,45,456,268,2337,California
Lake,2021-01-20,422,3214,80,1979,342,1235,0,0,358,2176,63,519,358,2695,California
Lake,2021-01-21,434,3648,49,2028,385,1620,0,0,399,2540,35,554,399,3094,California
Lake,2021-01-22,318,3966,46,2074,272,1892,0,0,282,2786,36,590,282,3376,California
Lake,2021-01-23,122,4088,5,2079,117,2009,0,0,121,2906,1,591,121,3497,California
Lake,2021-01-24,5,4093,2,2081,3,2012,0,0,5,2911,0,591,5,3502,California
Lake,2021-01-25,258,4351,95,2176,163,2175,0,0,177,3007,81,672,177,3679,California
Lake,2021-01-26,430,4781,36,2212,394,2569,0,0,407,3391,23,695,407,4086,California
Lake,2021-01-27,359,5140,41,2253,318,2887,0,0,331,3695,28,723,332,4418,California
Lake,2021-01-28,498,5638,161,2414,337,3224,0,0,368,3933,130,853,368,4786,California
Lake,2021-01-29,639,6277,86,2500,553,3777,0,0,579,4452,60,913,579,5365,California
Lake,2021-01-30,553,6830,44,2544,509,4286,0,0,547,4993,6,919,547,5912,California
Lake,2021-01-31,14,6844,8,2552,6,4292,0,0,12,5003,2,921,12,5924,California
Lake,2021-02-01,180,7024,18,2570,162,4454,0,0,166,5155,14,935,166,6090,California
Lake,2021-02-02,564,7588,152,2722,412,4866,0,0,398,5387,166,1101,398,6488,California
Lake,2021-02-03,445,8033,33,2755,412,5278,0,0,340,5622,105,1206,340,6828,California
Lake,2021-02-04,119,8152,68,2823,51,5329,0,0,72,5647,47,1253,72,6900,California
Lake,2021-02-05,379,8531,70,2893,309,5638,0,0,288,5846,89,1342,288,7188,California
Lake,2021-02-06,275,8806,40,2933,235,5873,0,0,264,6099,11,1353,264,7452,California
Lake,2021-02-07,2,8808,1,2934,1,5874,0,0,2,6101,0,1353,2,7454,California
Lake,2021-02-08,279,9087,207,3141,72,5946,0,0,159,6140,120,1473,159,7613,California
Lake,2021-02-09,345,9432,24,3165,321,6267,0,0,301,6398,43,1516,301,7914,California
Lake,2021-02-10,352,9784,54,3219,298,6565,0,0,274,6594,78,1594,274,8188,California
Lake,2021-02-11,175,9959,18,3237,157,6722,0,0,57,6533,118,1712,57,8245,California
Lake,2021-02-12,374,10333,29,3266,345,7067,0,0,286,6732,87,1799,286,8531,California
Lake,2021-02-13,247,10580,7,3273,240,7307,0,0,236,6957,11,1810,236,8767,California
Lake,2021-02-14,20,10600,5,3278,15,7322,0,0,6,6949,14,1824,6,8773,California
Lake,2021-02-15,171,10771,13,3291,158,7480,0,0,8,6795,162,1986,8,8781,California
Lake,2021-02-16,424,11195,23,3314,401,7881,0,0,176,6723,248,2234,176,8957,California
Lake,2021-02-17,351,11546,54,3368,297,8178,0,0,70,6513,280,2514,70,9027,California
Lake,2021-02-18,459,12005,70,3438,389,8567,0,0,115,6284,344,2858,115,9142,California
Lake,2021-02-19,420,12425,27,3465,393,8960,0,0,94,6052,326,3184,94,9236,California
Lake,2021-02-20,295,12720,61,3526,234,9194,0,0,252,6262,42,3226,252,9488,California
Lake,2021-02-21,6,12726,6,3532,0,9194,0,0,0,6256,6,3232,0,9488,California
Lake,2021-02-22,141,12867,24,3556,117,9311,0,0,43,6201,98,3330,43,9531,California
Lake,2021-02-23,214,13081,14,3570,200,9511,0,0,28,6043,186,3516,28,9559,California
Lake,2021-02-24,956,14037,377,3947,579,10090,0,0,416,5920,539,4055,416,9975,California
Lake,2021-02-25,731,14768,466,4413,265,10355,0,0,471,6134,257,4312,471,10446,California
Lake,2021-02-26,995,15763,304,4717,691,11046,0,0,350,5842,642,4954,350,10796,California
Lake,2021-02-27,410,16173,98,4815,312,11358,0,0,328,6088,82,5036,328,11124,California
Lake,2021-02-28,17,16190,11,4826,6,11364,0,0,10,6091,7,5043,10,11134,California
Lake,2021-03-01,596,16786,53,4879,543,11907,0,0,443,6381,153,5196,443,11577,California
Lake,2021-03-02,744,17530,17,4896,727,12634,0,0,289,6215,455,5651,289,11866,California
Lake,2021-03-03,369,17899,196,5092,173,12807,0,0,146,6138,223,5874,146,12012,California
Lake,2021-03-04,579,18478,507,5599,72,12879,0,0,562,6683,17,5891,562,12574,California
Lake,2021-03-05,1048,19526,52,5651,996,13875,0,0,186,6011,858,6749,186,12760,California
Lake,2021-03-06,34,19560,9,5660,24,13899,1,1,21,6020,13,6762,22,12782,California
Lake,2021-03-07,7,19567,5,5665,2,13901,0,1,4,6021,3,6765,4,12786,California
Lake,2021-03-08,339,19906,267,5932,63,13964,9,10,299,6289,40,6805,308,13094,California
Lake,2021-03-09,930,20836,42,5974,871,14835,17,27,406,6189,523,7328,423,13517,California
Lake,2021-03-10,204,21040,60,6034,131,14966,13,40,135,6269,69,7397,149,13666,California
Lake,2021-03-11,585,21625,48,6082,62,15028,475,515,48,6255,537,7934,523,14189,California
Lake,2021-03-12,851,22476,203,6285,623,15651,25,540,362,6154,488,8422,387,14576,California
Lake,2021-03-13,278,22754,22,6307,20,15671,236,776,16,6144,261,8683,251,14827,California
Lake,2021-03-14,11,22765,2,6309,9,15680,0,776,7,6147,4,8687,7,14834,California
Lake,2021-03-15,642,23407,14,6323,611,16291,17,793,482,6486,160,8847,499,15333,California
Lake,2021-03-16,1113,24520,834,7157,262,16553,17,810,445,6283,664,9511,461,15794,California
Lake,2021-03-17,248,24768,121,7278,105,16658,22,832,92,6241,156,9667,114,15908,California
Lake,2021-03-18,748,25516,373,7651,338,16996,37,869,372,6274,375,10042,408,16316,California
Lake,2021-03-19,582,26098,315,7966,247,17243,20,889,475,6663,106,10148,495,16811,California
Lake,2021-03-20,249,26347,8,7974,238,17481,3,892,30,6479,217,10365,33,16844,California
Lake,2021-03-21,16,26363,11,7985,4,17485,1,893,11,6486,5,10370,12,16856,California
Lake,2021-03-22,337,26700,256,8241,67,17552,14,907,251,6665,86,10456,265,17121,California
Lake,2021-03-23,429,27129,21,8262,395,17947,13,920,364,6978,64,10520,377,17498,California
Lake,2021-03-24,423,27552,62,8324,353,18300,8,928,326,7217,96,10616,335,17833,California
Lake,2021-03-25,676,28228,485,8809,185,18485,6,934,178,6902,498,11114,183,18016,California
Lake,2021-03-26,68,28296,33,8842,34,18519,1,935,32,6899,36,11150,33,18049,California
Lake,2021-03-27,309,28605,7,8849,299,18818,3,938,17,6629,290,11440,20,18069,California
Lake,2021-03-28,17,28622,8,8857,9,18827,0,938,11,6634,6,11446,11,18080,California
Lake,2021-03-29,989,29611,286,9143,701,19528,2,940,205,6059,782,12228,207,18287,California
Lake,2021-03-30,464,30075,315,9458,147,19675,2,942,366,6330,97,12325,368,18655,California
Lake,2021-03-31,616,30691,60,9518,556,20231,0,942,434,6591,173,12498,434,19089,California
Lake,2021-04-01,447,31138,234,9752,201,20432,12,954,186,6532,257,12755,198,19287,California
Lake,2021-04-02,222,31360,41,9793,153,20585,28,982,97,6532,125,12880,125,19412,California
Lake,2021-04-03,32,31392,6,9799,23,20608,3,985,13,6529,19,12899,16,19428,California
Lake,2021-04-04,20,31412,11,9810,7,20615,2,987,15,6541,5,12904,17,19445,California
Lake,2021-04-05,639,32051,70,9880,550,21165,19,1006,400,6723,236,13140,418,19863,California
Lake,2021-04-06,477,32528,17,9897,434,21599,26,1032,304,6881,172,13312,330,20193,California
Lake,2021-04-07,520,33048,56,9953,413,22012,51,1083,352,7118,166,13478,403,20596,California
Lake,2021-04-08,599,33647,489,10442,45,22057,65,1148,101,6791,495,13973,168,20764,California
Lake,2021-04-09,281,33928,39,10481,173,22230,69,1217,48,6677,230,14203,116,20880,California
Lake,2021-04-10,253,34181,14,10495,14,22244,225,1442,10,6669,243,14446,235,21115,California
Lake,2021-04-11,22,34203,17,10512,3,22247,2,1444,7,6663,15,14461,9,21124,California
Lake,2021-04-12,1068,35271,232,10744,803,23050,33,1477,237,6103,830,15291,270,21394,California
Lake,2021-04-13,180,35451,109,10853,71,23121,0,1477,54,6031,126,15417,54,21448,California
Lake,2021-04-14,614,36065,38,10891,576,23697,0,1477,549,6516,64,15481,549,21997,California
Lake,2021-04-15,640,36705,192,11083,448,24145,0,1477,331,6538,309,15790,331,22328,California
Lake,2021-04-16,265,36970,30,11113,234,24379,1,1478,74,6423,190,15980,75,22403,California
Lake,2021-04-17,43,37013,12,11125,31,24410,0,1478,33,6446,10,15990,33,22436,California
Lake,2021-04-18,8,37021,5,11130,3,24413,0,1478,0,6438,8,15998,0,22436,California
Lake,2021-04-19,297,37318,38,11168,259,24672,0,1478,246,6633,51,16049,246,22682,California
Lake,2021-04-20,691,38009,277,11445,414,25086,0,1478,91,6126,599,16648,92,22774,California
Lake,2021-04-21,533,38542,64,11509,469,25555,0,1478,199,5991,334,16982,199,22973,California
Lake,2021-04-22,466,39008,50,11559,416,25971,0,1478,318,6162,147,17129,318,23291,California
Lake,2021-04-23,115,39123,60,11619,55,26026,0,1478,69,6185,46,17175,69,23360,California
Lake,2021-04-24,53,39176,9,11628,44,26070,0,1478,39,6210,14,17189,39,23399,California
Lake,2021-04-25,36,39212,19,11647,17,26087,0,1478,24,6222,12,17201,24,23423,California
Lake,2021-04-26,289,39501,80,11727,208,26295,1,1479,85,6104,204,17405,86,23509,California
Lake,2021-04-27,244,39745,22,11749,204,26499,18,1497,81,6040,163,17568,99,23608,California
Lake,2021-04-28,508,40253,48,11797,445,26944,15,1512,89,5726,417,17985,103,23711,California
Lake,2021-04-29,212,40465,83,11880,113,27057,16,1528,113,5756,99,18084,129,23840,California
Lake,2021-04-30,289,40754,46,11926,212,27269,31,1559,149,5796,140,18224,180,24020,California
Lake,2021-05-01,47,40801,26,11952,19,27288,2,1561,32,5815,15,18239,34,24054,California
Lake,2021-05-02,18,40819,9,11961,8,27296,1,1562,9,5816,9,18248,10,24064,California
Lake,2021-05-03,411,41230,27,11988,349,27645,35,1597,64,5569,346,18594,99,24163,California
Lake,2021-05-04,404,41634,216,12204,140,27785,48,1645,124,5462,279,18873,172,24335,California
Lake,2021-05-05,630,42264,45,12249,573,28358,12,1657,87,5020,540,19413,98,24433,California
Lake,2021-05-06,142,42406,19,12268,94,28452,29,1686,73,5052,69,19482,101,24534,California
Lake,2021-05-07,164,42570,28,12296,116,28568,20,1706,102,5114,60,19542,122,24656,California
Lake,2021-05-08,43,42613,8,12304,35,28603,0,1706,36,5143,7,19549,36,24692,California
Lake,2021-05-09,17,42630,2,12306,10,28613,5,1711,10,5151,7,19556,15,24707,California
Lake,2021-05-10,244,42874,12,12318,205,28818,27,1738,59,5053,184,19740,86,24793,California
Lake,2021-05-11,193,43067,27,12345,151,28969,15,1753,117,5110,76,19816,133,24926,California
Lake,2021-05-12,540,43607,31,12376,489,29458,20,1773,54,4697,486,20302,73,24999,California
Lake,2021-05-13,301,43908,58,12434,230,29688,13,1786,65,4541,234,20536,78,25077,California
Lake,2021-05-14,264,44172,81,12515,164,29852,19,1805,161,4619,101,20637,179,25256,California
Lake,2021-05-15,45,44217,18,12533,24,29876,3,1808,27,4631,18,20655,30,25286,California
Lake,2021-05-16,30,44247,17,12550,12,29888,1,1809,16,4634,14,20669,17,25303,California
Lake,2021-05-17,315,44562,44,12594,256,30144,15,1824,84,4505,228,20897,99,25402,California
Lake,2021-05-18,303,44865,67,12661,217,30361,19,1843,175,4572,127,21024,194,25596,California
Lake,2021-05-19,301,45166,57,12718,229,30590,15,1858,78,4443,222,21246,93,25689,California
Lake,2021-05-20,225,45391,59,12777,155,30745,11,1869,89,4407,136,21382,100,25789,California
Lake,2021-05-21,250,45641,52,12829,175,30920,23,1892,98,4378,150,21532,121,25910,California
Lake,2021-05-22,87,45728,51,12880,34,30954,2,1894,45,4383,42,21574,47,25957,California
Lake,2021-05-23,51,45779,27,12907,23,30977,1,1895,27,4387,24,21598,28,25985,California
Lake,2021-05-24,150,45929,36,12943,101,31078,13,1908,69,4388,81,21679,82,26067,California
Lake,2021-05-25,110,46039,13,12956,92,31170,5,1913,28,4340,81,21760,33,26100,California
Lassen,2020-12-16,8,8,8,8,0,0,0,0,8,8,0,0,8,8,California
Lassen,2020-12-17,6,14,6,14,0,0,0,0,6,14,0,0,6,14,California
Lassen,2020-12-18,1,15,1,15,0,0,0,0,1,15,0,0,1,15,California
Lassen,2020-12-19,5,20,5,20,0,0,0,0,5,20,0,0,5,20,California
Lassen,2020-12-20,2,22,2,22,0,0,0,0,2,22,0,0,2,22,California
Lassen,2020-12-21,11,33,11,33,0,0,0,0,11,33,0,0,11,33,California
Lassen,2020-12-22,22,55,22,55,0,0,0,0,22,55,0,0,22,55,California
Lassen,2020-12-23,6,61,6,61,0,0,0,0,6,61,0,0,6,61,California
Lassen,2020-12-24,11,72,11,72,0,0,0,0,11,72,0,0,11,72,California
Lassen,2020-12-28,3,75,2,74,1,1,0,0,3,75,0,0,3,75,California
Lassen,2020-12-29,35,110,35,109,0,1,0,0,35,110,0,0,35,110,California
Lassen,2020-12-30,36,146,35,144,1,2,0,0,36,146,0,0,36,146,California
Lassen,2020-12-31,49,195,42,186,7,9,0,0,49,195,0,0,49,195,California
Lassen,2021-01-02,1,196,0,186,1,10,0,0,1,196,0,0,1,196,California
Lassen,2021-01-04,15,211,2,188,13,23,0,0,15,211,0,0,15,211,California
Lassen,2021-01-05,193,404,52,240,141,164,0,0,193,404,0,0,193,404,California
Lassen,2021-01-06,95,499,44,284,51,215,0,0,87,484,8,8,88,492,California
Lassen,2021-01-07,43,542,7,291,36,251,0,0,37,515,6,14,37,529,California
Lassen,2021-01-08,50,592,2,293,48,299,0,0,50,565,0,14,50,579,California
Lassen,2021-01-09,12,604,6,299,6,305,0,0,12,577,0,14,12,591,California
Lassen,2021-01-11,27,631,5,304,22,327,0,0,27,604,0,14,27,618,California
Lassen,2021-01-12,48,679,28,332,20,347,0,0,30,616,18,32,30,648,California
Lassen,2021-01-13,161,840,18,350,143,490,0,0,146,747,15,47,146,794,California
Lassen,2021-01-14,162,1002,18,368,144,634,0,0,150,885,12,59,150,944,California
Lassen,2021-01-15,32,1034,6,374,26,660,0,0,32,917,0,59,32,976,California
Lassen,2021-01-16,34,1068,33,407,1,661,0,0,34,951,0,59,34,1010,California
Lassen,2021-01-17,1,1069,0,407,1,662,0,0,1,952,0,59,1,1011,California
Lassen,2021-01-18,5,1074,2,409,3,665,0,0,4,955,1,60,4,1015,California
Lassen,2021-01-19,186,1260,36,445,150,815,0,0,158,1085,28,88,158,1173,California
Lassen,2021-01-20,188,1448,100,545,88,903,0,0,105,1122,68,156,105,1278,California
Lassen,2021-01-21,145,1593,93,638,52,955,0,0,121,1225,18,174,121,1399,California
Lassen,2021-01-22,31,1624,18,656,13,968,0,0,21,1236,10,184,21,1420,California
Lassen,2021-01-23,2,1626,0,656,2,970,0,0,2,1238,0,184,2,1422,California
Lassen,2021-01-24,1,1627,0,656,1,971,0,0,1,1239,0,184,1,1423,California
Lassen,2021-01-25,12,1639,1,657,11,982,0,0,11,1249,1,185,11,1434,California
Lassen,2021-01-26,126,1765,12,669,114,1096,0,0,122,1367,4,189,122,1556,California
Lassen,2021-01-27,87,1852,35,704,52,1148,0,0,69,1418,18,207,69,1625,California
Lassen,2021-01-28,85,1937,15,719,70,1218,0,0,84,1501,1,208,84,1709,California
Lassen,2021-01-29,23,1960,7,726,16,1234,0,0,22,1522,1,209,22,1731,California
Lassen,2021-02-01,61,2021,4,730,57,1291,0,0,36,1533,25,234,36,1767,California
Lassen,2021-02-02,177,2198,12,742,165,1456,0,0,44,1444,133,367,44,1811,California
Lassen,2021-02-03,96,2294,21,763,75,1531,0,0,51,1450,45,412,51,1862,California
Lassen,2021-02-04,112,2406,15,778,97,1628,0,0,63,1464,49,461,63,1925,California
Lassen,2021-02-05,66,2472,12,790,54,1682,0,0,24,1446,42,503,24,1949,California
Lassen,2021-02-06,69,2541,34,824,35,1717,0,0,36,1450,32,535,36,1985,California
Lassen,2021-02-07,1,2542,1,825,0,1717,0,0,1,1451,0,535,1,1986,California
Lassen,2021-02-08,44,2586,4,829,40,1757,0,0,18,1443,26,561,18,2004,California
Lassen,2021-02-09,128,2714,7,836,121,1878,0,0,49,1413,79,640,49,2053,California
Lassen,2021-02-10,182,2896,21,857,161,2039,0,0,74,1379,108,748,74,2127,California
Lassen,2021-02-11,183,3079,16,873,167,2206,0,0,80,1357,102,850,80,2207,California
Lassen,2021-02-12,42,3121,11,884,31,2237,0,0,15,1345,27,877,15,2222,California
Lassen,2021-02-13,11,3132,3,887,8,2245,0,0,9,1352,2,879,9,2231,California
Lassen,2021-02-14,13,3145,0,887,13,2258,0,0,12,1363,1,880,12,2243,California
Lassen,2021-02-15,22,3167,3,890,19,2277,0,0,17,1376,4,884,17,2260,California
Lassen,2021-02-16,192,3359,4,894,188,2465,0,0,30,1246,160,1044,30,2290,California
Lassen,2021-02-17,183,3542,94,988,89,2554,0,0,10,1083,173,1217,10,2300,California
Lassen,2021-02-18,79,3621,22,1010,57,2611,0,0,19,1042,60,1277,19,2319,California
Lassen,2021-02-19,80,3701,60,1070,20,2631,0,0,17,996,63,1340,17,2336,California
Lassen,2021-02-20,8,3709,0,1070,8,2639,0,0,6,1000,2,1342,6,2342,California
Lassen,2021-02-21,22,3731,2,1072,20,2659,0,0,18,1014,4,1346,18,2360,California
Lassen,2021-02-22,24,3755,10,1082,14,2673,0,0,6,1002,18,1364,6,2366,California
Lassen,2021-02-23,155,3910,11,1093,144,2817,0,0,43,933,112,1476,43,2409,California
Lassen,2021-02-24,164,4074,16,1109,148,2965,0,0,106,982,57,1533,106,2515,California
Lassen,2021-02-25,158,4232,21,1130,137,3102,0,0,99,1022,59,1592,99,2614,California
Lassen,2021-02-26,73,4305,16,1146,57,3159,0,0,36,1021,37,1629,36,2650,California
Lassen,2021-02-27,8,4313,7,1153,1,3160,0,0,3,1019,5,1634,3,2653,California
Lassen,2021-02-28,5,4318,0,1153,5,3165,0,0,3,1020,2,1636,3,2656,California
Lassen,2021-03-01,42,4360,4,1157,38,3203,0,0,8,995,33,1669,8,2664,California
Lassen,2021-03-02,106,4466,7,1164,99,3302,0,0,80,1050,25,1694,80,2744,California
Lassen,2021-03-03,167,4633,12,1176,155,3457,0,0,110,1103,57,1751,110,2854,California
Lassen,2021-03-04,149,4782,17,1193,132,3589,0,0,98,1151,50,1801,98,2952,California
Lassen,2021-03-05,49,4831,7,1200,18,3607,24,24,11,1148,38,1839,35,2987,California
Lassen,2021-03-06,55,4886,4,1204,29,3636,22,46,5,1125,50,1889,27,3014,California
Lassen,2021-03-07,57,4943,2,1206,0,3636,55,101,2,1127,55,1944,57,3071,California
Lassen,2021-03-08,89,5032,2,1208,7,3643,80,181,3,1124,86,2030,83,3154,California
Lassen,2021-03-09,137,5169,11,1219,109,3752,17,198,89,1182,48,2078,106,3260,California
Lassen,2021-03-10,173,5342,10,1229,161,3913,2,200,79,1170,93,2171,81,3341,California
Lassen,2021-03-11,183,5525,15,1244,161,4074,7,207,111,1219,69,2240,118,3459,California
Lassen,2021-03-12,34,5559,17,1261,13,4087,4,211,12,1213,22,2262,16,3475,California
Lassen,2021-03-13,48,5607,0,1261,2,4089,46,257,1,1212,47,2309,46,3521,California
Lassen,2021-03-14,14,5621,2,1263,11,4100,1,258,2,1203,12,2321,3,3524,California
Lassen,2021-03-15,34,5655,3,1266,31,4131,0,258,16,1201,18,2339,16,3540,California
Lassen,2021-03-16,93,5748,2,1268,85,4216,6,264,74,1262,19,2358,80,3620,California
Lassen,2021-03-17,1083,6831,9,1277,1069,5285,5,269,1064,2312,19,2377,1069,4689,California
Lassen,2021-03-18,93,6924,9,1286,83,5368,1,270,80,2380,13,2390,81,4770,California
Lassen,2021-03-19,17,6941,11,1297,2,5370,4,274,7,2381,10,2400,11,4781,California
Lassen,2021-03-20,28,6969,3,1300,22,5392,3,277,21,2398,7,2407,24,4805,California
Lassen,2021-03-21,34,7003,0,1300,34,5426,0,277,14,2393,19,2426,14,4819,California
Lassen,2021-03-22,58,7061,1,1301,57,5483,0,277,55,2445,3,2429,55,4874,California
Lassen,2021-03-23,120,7181,11,1312,108,5591,1,278,67,2460,53,2482,68,4942,California
Lassen,2021-03-24,213,7394,13,1325,199,5790,1,279,107,2464,104,2586,108,5050,California
Lassen,2021-03-25,152,7546,21,1346,131,5921,0,279,69,2450,83,2669,69,5119,California
Lassen,2021-03-26,78,7624,13,1359,26,5947,39,318,19,2449,58,2727,57,5176,California
Lassen,2021-03-27,19,7643,3,1362,1,5948,15,333,2,2449,17,2744,17,5193,California
Lassen,2021-03-28,18,7661,3,1365,5,5953,10,343,3,2447,15,2759,13,5206,California
Lassen,2021-03-29,52,7713,0,1365,27,5980,25,368,20,2461,31,2790,45,5251,California
Lassen,2021-03-30,197,7910,10,1375,161,6141,26,394,52,2394,145,2935,78,5329,California
Lassen,2021-03-31,146,8056,12,1387,112,6253,22,416,62,2394,84,3019,84,5413,California
Lassen,2021-04-01,165,8221,15,1402,131,6384,19,435,48,2345,116,3135,67,5480,California
Lassen,2021-04-02,30,8251,4,1406,3,6387,23,458,2,2342,28,3163,25,5505,California
Lassen,2021-04-03,12,8263,0,1406,2,6389,10,468,0,2340,12,3175,10,5515,California
Lassen,2021-04-04,7,8270,2,1408,0,6389,5,473,1,2340,6,3181,6,5521,California
Lassen,2021-04-05,22,8292,4,1412,11,6400,7,480,11,2347,11,3192,18,5539,California
Lassen,2021-04-06,183,8475,9,1421,144,6544,30,510,52,2298,131,3323,82,5621,California
Lassen,2021-04-07,134,8609,6,1427,91,6635,37,547,32,2267,102,3425,71,5692,California
Lassen,2021-04-08,166,8775,8,1435,102,6737,56,603,31,2223,131,3556,87,5779,California
Lassen,2021-04-09,51,8826,6,1441,10,6747,35,638,8,2223,42,3598,42,5821,California
Lassen,2021-04-10,9,8835,0,1441,2,6749,7,645,0,2222,8,3606,7,5828,California
Lassen,2021-04-11,5,8840,2,1443,0,6749,3,648,2,2224,3,3609,5,5833,California
Lassen,2021-04-12,31,8871,3,1446,15,6764,13,661,3,2212,28,3637,16,5849,California
Lassen,2021-04-13,129,9000,6,1452,123,6887,0,661,40,2164,88,3725,40,5889,California
Lassen,2021-04-14,987,9987,16,1468,971,7858,0,661,50,1278,936,4661,50,5939,California
Lassen,2021-04-15,147,10134,14,1482,133,7991,0,661,19,1169,128,4789,19,5958,California
Lassen,2021-04-16,11,10145,4,1486,7,7998,0,661,5,1168,6,4795,5,5963,California
Lassen,2021-04-17,22,10167,2,1488,20,8018,0,661,4,1154,18,4813,4,5967,California
Lassen,2021-04-18,5,10172,2,1490,3,8021,0,661,2,1153,3,4816,2,5969,California
Lassen,2021-04-19,32,10204,0,1490,32,8053,0,661,16,1153,16,4832,16,5985,California
Lassen,2021-04-20,138,10342,7,1497,131,8184,0,661,52,1119,86,4918,52,6037,California
Lassen,2021-04-21,164,10506,10,1507,154,8338,0,661,32,1021,130,5048,32,6069,California
Lassen,2021-04-22,103,10609,17,1524,86,8424,0,661,33,984,70,5118,33,6102,California
Lassen,2021-04-23,26,10635,1,1525,25,8449,0,661,20,998,6,5124,20,6122,California
Lassen,2021-04-24,9,10644,5,1530,4,8453,0,661,3,995,6,5130,3,6125,California
Lassen,2021-04-25,5,10649,0,1530,4,8457,1,662,3,997,2,5132,4,6129,California
Lassen,2021-04-26,40,10689,0,1530,36,8493,4,666,7,975,33,5165,11,6140,California
Lassen,2021-04-27,122,10811,9,1539,110,8603,3,669,69,994,53,5218,72,6212,California
Lassen,2021-04-28,84,10895,8,1547,74,8677,2,671,31,974,53,5271,33,6245,California
Lassen,2021-04-29,65,10960,6,1553,56,8733,3,674,22,957,42,5313,25,6270,California
Lassen,2021-04-30,13,10973,8,1561,2,8735,3,677,4,955,9,5322,7,6277,California
Lassen,2021-05-01,4,10977,0,1561,3,8738,1,678,3,958,1,5323,4,6281,California
Lassen,2021-05-02,11,10988,7,1568,4,8742,0,678,7,961,4,5327,7,6288,California
Lassen,2021-05-03,18,11006,1,1569,10,8752,7,685,3,956,15,5342,10,6298,California
Lassen,2021-05-04,71,11077,4,1573,59,8811,8,693,20,933,51,5393,28,6326,California
Lassen,2021-05-05,81,11158,4,1577,67,8878,10,703,26,915,54,5447,36,6362,California
Lassen,2021-05-06,83,11241,21,1598,40,8918,22,725,24,902,59,5506,46,6408,California
Lassen,2021-05-07,47,11288,32,1630,10,8928,5,730,39,938,8,5514,44,6452,California
Lassen,2021-05-08,11,11299,0,1630,5,8933,6,736,4,941,7,5521,10,6462,California
Lassen,2021-05-09,3,11302,1,1631,0,8933,2,738,0,940,3,5524,2,6464,California
Lassen,2021-05-10,13,11315,1,1632,9,8942,3,741,7,944,6,5530,10,6474,California
Lassen,2021-05-11,70,11385,1,1633,60,9002,9,750,19,921,51,5581,28,6502,California
Lassen,2021-05-12,41,11426,4,1637,32,9034,5,755,12,909,29,5610,17,6519,California
Lassen,2021-05-13,37,11463,11,1648,21,9055,5,760,12,901,25,5635,17,6536,California
Lassen,2021-05-14,23,11486,5,1653,10,9065,8,768,12,910,11,5646,20,6556,California
Lassen,2021-05-15,16,11502,2,1655,4,9069,10,778,4,912,12,5658,14,6570,California
Lassen,2021-05-16,7,11509,2,1657,3,9072,2,780,2,912,4,5662,4,6574,California
Lassen,2021-05-17,35,11544,3,1660,20,9092,12,792,11,911,24,5686,23,6597,California
Lassen,2021-05-18,95,11639,12,1672,70,9162,13,805,31,891,64,5750,44,6641,California
Lassen,2021-05-19,64,11703,6,1678,47,9209,11,816,11,860,52,5802,21,6662,California
Lassen,2021-05-20,30,11733,5,1683,16,9225,9,825,9,857,21,5823,18,6680,California
Lassen,2021-05-21,65,11798,31,1714,21,9246,13,838,35,875,30,5853,48,6728,California
Lassen,2021-05-22,16,11814,1,1715,7,9253,8,846,6,879,10,5863,14,6742,California
Lassen,2021-05-23,7,11821,4,1719,2,9255,1,847,1,875,6,5869,2,6744,California
Lassen,2021-05-24,13,11834,1,1720,9,9264,3,850,6,878,6,5875,9,6753,California
Lassen,2021-05-25,66,11900,1,1721,61,9325,4,854,17,850,49,5924,21,6774,California
Los Angeles,2020-12-15,395,395,395,395,0,0,0,0,395,395,0,0,395,395,California
Los Angeles,2020-12-16,3584,3979,3584,3979,0,0,0,0,3584,3979,0,0,3584,3979,California
Los Angeles,2020-12-17,10289,14268,10289,14268,0,0,0,0,10290,14269,0,0,10290,14269,California
Los Angeles,2020-12-18,14553,28821,14530,28798,23,23,0,0,14553,28822,0,0,14553,28822,California
Los Angeles,2020-12-19,7233,36054,7225,36023,8,31,0,0,7234,36056,0,0,7234,36056,California
Los Angeles,2020-12-20,4603,40657,4595,40618,8,39,0,0,4605,40661,0,0,4605,40661,California
Los Angeles,2020-12-21,13725,54382,13709,54327,16,55,0,0,13725,54385,1,1,13725,54386,California
Los Angeles,2020-12-22,11548,65930,11158,65485,390,445,0,0,11549,65933,1,2,11549,65935,California
Los Angeles,2020-12-23,11963,77893,10197,75682,1766,2211,0,0,11963,77896,0,2,11963,77898,California
Los Angeles,2020-12-24,7039,84932,4266,79948,2773,4984,0,0,7041,84937,0,2,7041,84939,California
Los Angeles,2020-12-25,527,85459,421,80369,106,5090,0,0,527,85464,0,2,527,85466,California
Los Angeles,2020-12-26,2541,88000,2190,82559,351,5441,0,0,2540,88003,1,3,2540,88006,California
Los Angeles,2020-12-27,1771,89771,1035,83594,736,6177,0,0,1771,89774,0,3,1771,89777,California
Los Angeles,2020-12-28,10314,100085,6400,89994,3914,10091,0,0,10311,100084,1,4,10311,100088,California
Los Angeles,2020-12-29,11611,111696,6085,96079,5526,15617,0,0,11612,111696,0,4,11612,111700,California
Los Angeles,2020-12-30,14883,126579,8095,104174,6788,22405,0,0,14882,126578,0,4,14882,126582,California
Los Angeles,2020-12-31,7956,134535,2763,106937,5193,27598,0,0,7953,134529,2,6,7953,134535,California
Los Angeles,2021-01-01,1024,135559,283,107220,741,28339,0,0,1024,135553,0,6,1024,135559,California
Los Angeles,2021-01-02,4481,140040,1825,109045,2656,30995,0,0,4481,140034,0,6,4481,140040,California
Los Angeles,2021-01-03,956,140996,376,109421,580,31575,0,0,955,140988,1,7,955,140995,California
Los Angeles,2021-01-04,12732,153728,5013,114434,7719,39294,0,0,12717,153702,3,10,12717,153712,California
Los Angeles,2021-01-05,16079,169807,7405,121839,8674,47968,0,0,14168,165990,1884,1894,14172,167884,California
Los Angeles,2021-01-06,22711,192518,12239,134078,10472,58440,0,0,17081,177519,5561,7455,17090,184974,California
Los Angeles,2021-01-07,29412,221930,15945,150023,13467,71907,0,0,18861,185892,10503,17958,18876,203850,California
Los Angeles,2021-01-08,33178,255108,18014,168037,15164,87071,0,0,20913,194576,12239,30197,20923,224773,California
Los Angeles,2021-01-09,12391,267499,7156,175193,5235,92306,0,0,7510,197215,4878,35075,7517,232290,California
Los Angeles,2021-01-10,4693,272192,3729,178922,964,93270,0,0,1959,196441,2734,37809,1960,234250,California
Los Angeles,2021-01-11,25841,298033,16275,195197,9566,102836,0,0,14889,200398,10942,48751,14899,249149,California
Los Angeles,2021-01-12,29368,327401,16226,211423,13142,115978,0,0,19223,209506,10127,58878,19235,268384,California
Los Angeles,2021-01-13,29304,356705,15674,227097,13630,129608,0,0,20346,220917,8940,67818,20351,288735,California
Los Angeles,2021-01-14,29256,385961,12717,239814,16539,146147,0,0,23730,239152,5507,73325,23742,312477,California
Los Angeles,2021-01-15,33836,419797,12395,252209,21441,167588,0,0,30254,265858,3556,76881,30262,342739,California
Los Angeles,2021-01-16,17574,437371,4962,257171,12612,180200,0,0,15793,279883,1773,78654,15798,358537,California
Los Angeles,2021-01-17,5202,442573,2314,259485,2888,183088,0,0,4954,284592,247,78901,4956,363493,California
Los Angeles,2021-01-18,15642,458215,10101,269586,5541,188629,0,0,10915,290794,4715,83616,10917,374410,California
Los Angeles,2021-01-19,38530,496745,20616,290202,17914,206543,0,0,30719,313755,7770,91386,30731,405141,California
Los Angeles,2021-01-20,46164,542909,24160,314362,22004,228547,0,0,38676,344983,7458,98844,38686,443827,California
Los Angeles,2021-01-21,48703,591612,22451,336813,26252,254799,0,0,44419,385198,4219,103063,44434,488261,California
Los Angeles,2021-01-22,48069,639681,22346,359159,25723,280522,0,0,44630,426446,3394,106457,44642,532903,California
Los Angeles,2021-01-23,34014,673695,15724,374883,18290,298812,0,0,31954,456386,2027,108484,31967,564870,California
Los Angeles,2021-01-24,15739,689434,12213,387096,3526,302338,0,0,15189,471036,542,109026,15192,580062,California
Los Angeles,2021-01-25,38994,728428,16619,403715,22375,324713,0,0,30365,492818,8599,117625,30381,610443,California
Los Angeles,2021-01-26,49426,777854,24554,428269,24872,349585,0,0,41204,525853,8188,125813,41223,651666,California
Los Angeles,2021-01-27,48679,826533,25889,454158,22790,372375,0,0,39401,556136,9140,134953,39423,691089,California
Los Angeles,2021-01-28,48749,875282,23370,477528,25379,397754,0,0,40302,588128,8325,143278,40317,731406,California
Los Angeles,2021-01-29,49420,924702,25590,503118,23830,421584,0,0,39328,617733,9739,153017,39344,770750,California
Los Angeles,2021-01-30,30191,954893,15577,518695,14614,436198,0,0,25899,639423,4214,157231,25904,796654,California
Los Angeles,2021-01-31,12978,967871,10330,529025,2648,438846,0,0,12161,650785,803,158034,12165,808819,California
Los Angeles,2021-02-01,38589,1006460,16534,545559,22055,460901,0,0,28039,668320,10514,168548,28049,836868,California
Los Angeles,2021-02-02,44458,1050918,17915,563474,26543,487444,0,0,32272,688454,12145,180693,32279,869147,California
Los Angeles,2021-02-03,52179,1103097,19562,583036,32617,520061,0,0,37290,711107,14643,195336,37296,906443,California
Los Angeles,2021-02-04,57185,1160282,20665,603701,36520,556581,0,0,39123,732491,17753,213089,39137,945580,California
Los Angeles,2021-02-05,61373,1221655,21132,624833,40241,596822,0,0,39393,750334,21559,234648,39402,984982,California
Los Angeles,2021-02-06,35630,1257285,13391,638224,22239,619061,0,0,27168,769139,8385,243033,27190,1012172,California
Los Angeles,2021-02-07,10894,1268179,8462,646686,2432,621493,0,0,8498,775263,2381,245414,8505,1020677,California
Los Angeles,2021-02-08,46980,1315159,21725,668411,25255,646748,0,0,30749,789917,16097,261511,30751,1051428,California
Los Angeles,2021-02-09,55990,1371149,24750,693161,31240,677988,0,0,28543,791101,27366,288877,28550,1079978,California
Los Angeles,2021-02-10,66921,1438070,29376,722537,37545,715533,0,0,30743,786057,35797,324674,30753,1110731,California
Los Angeles,2021-02-11,58385,1496455,31216,753753,27169,742702,0,0,28240,784603,29698,354372,28244,1138975,California
Los Angeles,2021-02-12,59664,1556119,29880,783633,29784,772486,0,0,26021,777344,33296,387668,26037,1165012,California
Los Angeles,2021-02-13,33939,1590058,19752,803385,14187,786673,0,0,15536,774601,18317,405985,15574,1180586,California
Los Angeles,2021-02-14,21809,1611867,14889,818274,6920,793593,0,0,8763,770384,12983,418968,8766,1189352,California
Los Angeles,2021-02-15,32871,1644738,15963,834237,16908,810501,0,0,18059,773703,14746,433714,18065,1207417,California
Los Angeles,2021-02-16,64329,1709067,32671,866908,31658,842159,0,0,29991,769464,34243,467957,30004,1237421,California
Los Angeles,2021-02-17,64941,1774008,34594,901502,30347,872506,0,0,26605,757929,38146,506103,26611,1264032,California
Los Angeles,2021-02-18,68636,1842644,34850,936352,33786,906292,0,0,28724,746938,39726,545829,28735,1292767,California
Los Angeles,2021-02-19,58384,1901028,36064,972416,22320,928612,0,0,28639,745951,29642,575471,28655,1321422,California
Los Angeles,2021-02-20,32929,1933957,23969,996385,8960,937572,0,0,15872,744820,17011,592482,15880,1337302,California
Los Angeles,2021-02-21,22202,1956159,20536,1016921,1666,939238,0,0,11085,744860,11062,603544,11102,1348404,California
Los Angeles,2021-02-22,34601,1990760,25208,1042129,9393,948631,0,0,17892,746143,16630,620174,17913,1366317,California
Los Angeles,2021-02-23,54895,2045655,23706,1065835,31189,979820,0,0,21700,734782,33073,653247,21712,1388029,California
Los Angeles,2021-02-24,65036,2110691,28953,1094788,36083,1015903,0,0,28589,727117,36273,689520,28608,1416637,California
Los Angeles,2021-02-25,74167,2184858,33955,1128743,40212,1056115,0,0,39024,731176,34978,724498,39037,1455674,California
Los Angeles,2021-02-26,83716,2268574,38758,1167501,44958,1101073,0,0,48121,743964,35364,759862,48152,1503826,California
Los Angeles,2021-02-27,60261,2328835,26507,1194008,33750,1134823,4,4,31023,745932,29082,788944,31050,1534876,California
Los Angeles,2021-02-28,26877,2355712,18548,1212556,8326,1143149,3,7,18881,756930,7892,796836,18890,1553766,California
Los Angeles,2021-03-01,56854,2412566,32307,1244863,24521,1167670,26,33,34179,768647,22504,819340,34221,1587987,California
Los Angeles,2021-03-02,77550,2490116,37708,1282571,39839,1207509,3,36,48976,789192,28446,847786,48991,1636978,California
Los Angeles,2021-03-03,84512,2574628,43086,1325657,41414,1248923,12,48,53438,811760,30908,878694,53476,1690454,California
Los Angeles,2021-03-04,90621,2665249,46536,1372193,44074,1292997,11,59,57201,835749,33242,911936,57231,1747685,California
Los Angeles,2021-03-05,89916,2755165,44397,1416590,45489,1338486,30,89,60283,866654,29444,941380,60349,1808034,California
Los Angeles,2021-03-06,67269,2822434,34287,1450877,31163,1369649,1819,1908,43378,888107,23747,965127,45200,1853234,California
Los Angeles,2021-03-07,27191,2849625,20758,1471635,5619,1375268,814,2722,21049,903851,6113,971240,21857,1875091,California
Los Angeles,2021-03-08,52735,2902360,27900,1499535,22886,1398154,1949,4671,39871,932903,12764,984004,41816,1916907,California
Los Angeles,2021-03-09,81371,2983731,38666,1538201,39428,1437582,3277,7948,51848,958644,29374,1013378,55115,1972022,California
Los Angeles,2021-03-10,83017,3066748,40870,1579071,37267,1474849,4880,12828,52560,985755,30290,1043668,57401,2029423,California
Los Angeles,2021-03-11,92745,3159493,45278,1624349,40781,1515630,6686,19514,54333,1008499,38230,1081898,60974,2090397,California
Los Angeles,2021-03-12,98895,3258388,44536,1668885,40446,1556076,13913,33427,57661,1039035,41036,1122934,71572,2161969,California
Los Angeles,2021-03-13,75546,3333934,35768,1704653,27809,1583885,11969,45396,45099,1065770,30338,1153272,57073,2219042,California
Los Angeles,2021-03-14,39064,3372998,26286,1730939,10240,1594125,2538,47934,23993,1077279,15005,1168277,26514,2245556,California
Los Angeles,2021-03-15,74887,3447885,36498,1767437,32939,1627064,5450,53384,45378,1098748,29334,1197611,50803,2296359,California
Los Angeles,2021-03-16,99836,3547721,43654,1811091,50303,1677367,5879,59263,64676,1134291,34971,1232582,70514,2366873,California
Los Angeles,2021-03-17,97111,3644832,44000,1855091,44801,1722168,8310,67573,64979,1175516,31931,1264513,73156,2440029,California
Los Angeles,2021-03-18,101826,3746658,48694,1903785,47808,1769976,5324,72897,64635,1208552,36909,1301422,69945,2509974,California
Los Angeles,2021-03-19,109113,3855771,56909,1960694,47436,1817412,4768,77665,67288,1239000,41557,1342979,72005,2581979,California
Los Angeles,2021-03-20,76293,3932064,37683,1998377,34024,1851436,4586,82251,51782,1271021,24329,1367308,56350,2638329,California
Los Angeles,2021-03-21,34599,3966663,25738,2024115,7960,1859396,901,83152,22210,1281857,12273,1379581,23109,2661438,California
Los Angeles,2021-03-22,70758,4037421,41549,2065664,27059,1886455,2150,85302,49682,1312866,20820,1400401,51829,2713267,California
Los Angeles,2021-03-23,96313,4133734,52088,2117752,40998,1927453,3227,88529,58352,1336730,37703,1438104,61567,2774834,California
Los Angeles,2021-03-24,104814,4238548,55716,2173468,45952,1973405,3146,91675,60790,1356943,43711,1481815,63924,2838758,California
Los Angeles,2021-03-25,110486,4349034,59275,2232743,47325,2020730,3886,95561,62133,1374883,48061,1529876,66001,2904759,California
Los Angeles,2021-03-26,115139,4464173,63267,2296010,47696,2068426,4176,99737,63540,1391253,51319,1581195,67689,2972448,California
Los Angeles,2021-03-27,83472,4547645,44258,2340268,37083,2105509,2131,101868,42673,1395516,40542,1621737,44805,3017253,California
Los Angeles,2021-03-28,42143,4589788,28584,2368852,12974,2118483,585,102453,20043,1394168,21975,1643712,20627,3037880,California
Los Angeles,2021-03-29,82903,4672691,47099,2415951,34033,2152516,1771,104224,46068,1405374,36634,1680346,47840,3085720,California
Los Angeles,2021-03-30,108829,4781520,51991,2467942,50908,2203424,5930,110154,56899,1416480,51698,1732044,62804,3148524,California
Los Angeles,2021-03-31,122463,4903983,62001,2529943,51633,2255057,8829,118983,68522,1440149,53642,1785686,77311,3225835,California
Los Angeles,2021-04-01,133055,5037038,62454,2592397,55248,2310305,15353,134336,71815,1466325,60931,1846617,87107,3312942,California
Los Angeles,2021-04-02,131559,5168597,58584,2650981,57501,2367806,15474,149810,70007,1490596,61221,1907838,85492,3398434,California
Los Angeles,2021-04-03,98336,5266933,45076,2696057,39659,2407465,13601,163411,48326,1502635,49828,1957666,61867,3460301,California
Los Angeles,2021-04-04,39163,5306096,20501,2716558,12033,2419498,6629,170040,16362,1502864,22727,1980393,22956,3483257,California
Los Angeles,2021-04-05,93597,5399693,44292,2760850,39126,2458624,10179,180219,44401,1508395,48995,2029388,54526,3537783,California
Los Angeles,2021-04-06,120852,5520545,56913,2817763,43656,2502280,20283,200502,55362,1518726,65244,2094632,75575,3613358,California
Los Angeles,2021-04-07,119816,5640361,54525,2872288,44204,2546484,21087,221589,54189,1528575,65378,2160010,75227,3688585,California
Los Angeles,2021-04-08,132117,5772478,58181,2930469,49972,2596456,23964,245553,59705,1540011,72134,2232144,83570,3772155,California
Los Angeles,2021-04-09,130700,5903178,56651,2987120,50246,2646702,23803,269356,55890,1545100,74525,2306669,79614,3851769,California
Los Angeles,2021-04-10,100787,6003965,42762,3029882,34116,2680818,23909,293265,36873,1542083,63685,2370354,60668,3912437,California
Los Angeles,2021-04-11,41626,6045591,22495,3052377,9609,2690427,9522,302787,14090,1538186,27455,2397809,23558,3935995,California
Los Angeles,2021-04-12,78555,6124146,38432,3090809,33851,2724278,6272,309059,32112,1530270,46245,2444054,38329,3974324,California
Los Angeles,2021-04-13,116942,6241088,58894,3149703,57624,2781902,424,309483,61595,1537178,55118,2499172,62026,4036350,California
Los Angeles,2021-04-14,118536,6359624,59424,3209127,58981,2840883,131,309614,64274,1547574,54003,2553175,64399,4100749,California
Los Angeles,2021-04-15,129676,6489300,70178,3279305,59327,2900210,171,309785,74242,1566682,55170,2608345,74278,4175027,California
Los Angeles,2021-04-16,129920,6619220,68721,3348026,61057,2961267,142,309927,68372,1573854,61273,2669618,68445,4243472,California
Los Angeles,2021-04-17,98005,6717225,51277,3399303,46703,3007970,25,309952,55871,1587822,41927,2711545,55895,4299367,California
Los Angeles,2021-04-18,33836,6751061,22444,3421747,11391,3019361,1,309953,18445,1590956,15318,2726863,18452,4317819,California
Los Angeles,2021-04-19,74810,6825871,39589,3461336,35209,3054570,12,309965,33218,1582778,41417,2768280,33239,4351058,California
Los Angeles,2021-04-20,102789,6928660,50181,3511517,52586,3107156,22,309987,51047,1582341,51508,2819788,51071,4402129,California
Los Angeles,2021-04-21,109221,7037881,52559,3564076,56474,3163630,188,310175,48144,1569908,60765,2880553,48332,4450461,California
Los Angeles,2021-04-22,116104,7153985,59661,3623737,56411,3220041,32,310207,51191,1556522,64614,2945167,51228,4501689,California
Los Angeles,2021-04-23,113924,7267909,62500,3686237,51405,3271446,19,310226,54040,1550989,59591,3004758,54058,4555747,California
Los Angeles,2021-04-24,88133,7356042,56814,3743051,31293,3302739,26,310252,49071,1561251,38842,3043600,49104,4604851,California
Los Angeles,2021-04-25,37805,7393847,25134,3768185,12666,3315405,5,310257,20426,1564405,17277,3060877,20431,4625282,California
Los Angeles,2021-04-26,69214,7463061,37128,3805313,31637,3347042,449,310706,34067,1563963,34952,3095829,34510,4659792,California
Los Angeles,2021-04-27,86293,7549354,41781,3847094,42823,3389865,1689,312395,32913,1545432,53121,3148950,34590,4694382,California
Los Angeles,2021-04-28,84552,7633906,40877,3887971,41645,3431510,2030,314425,32959,1529105,51305,3200255,34978,4729360,California
Los Angeles,2021-04-29,90952,7724858,45415,3933386,43408,3474918,2129,316554,32243,1505128,58344,3258599,34367,4763727,California
Los Angeles,2021-04-30,98791,7823649,49126,3982512,47272,3522190,2393,318947,35815,1480731,62589,3321188,38192,4801919,California
Los Angeles,2021-05-01,74791,7898440,42107,4024619,31189,3553379,1495,320442,28255,1464214,46261,3367449,29744,4831663,California
Los Angeles,2021-05-02,27886,7926326,17892,4042511,9261,3562640,733,321175,10096,1457361,17679,3385128,10826,4842489,California
Los Angeles,2021-05-03,60351,7986677,29669,4072180,28528,3591168,2154,323329,21253,1441892,38863,3423991,23394,4865883,California
Los Angeles,2021-05-04,85071,8071748,46917,4119097,35941,3627109,2213,325542,25970,1411262,58796,3482787,28166,4894049,California
Los Angeles,2021-05-05,87989,8159737,51354,4170451,34310,3661419,2325,327867,23954,1373800,63730,3546517,26268,4920317,California
Los Angeles,2021-05-06,95698,8255435,57741,4228192,35471,3696890,2486,330353,22699,1326340,72631,3619148,25171,4945488,California
Los Angeles,2021-05-07,94972,8350407,56624,4284816,36024,3732914,2324,332677,25758,1285512,68891,3688039,28063,4973551,California
Los Angeles,2021-05-08,63309,8413716,41739,4326555,19961,3752875,1609,334286,17098,1258471,45740,3733779,18699,4992250,California
Los Angeles,2021-05-09,23701,8437417,17917,4344472,5053,3757928,731,335017,6063,1247832,17428,3751207,6789,4999039,California
Los Angeles,2021-05-10,48210,8485627,25334,4369806,21044,3778972,1832,336849,14429,1230604,33482,3784689,16254,5015293,California
Los Angeles,2021-05-11,66638,8552265,35756,4405562,28892,3807864,1990,338839,16984,1200144,49413,3834102,18953,5034246,California
Los Angeles,2021-05-12,66770,8619035,36019,4441581,28646,3836510,2105,340944,18749,1173238,47746,3881848,20840,5055086,California
Los Angeles,2021-05-13,69167,8688202,41839,4483420,25708,3862218,1620,342564,24176,1154458,44564,3926412,25784,5080870,California
Los Angeles,2021-05-14,86426,8774628,55134,4538554,29502,3891720,1790,344354,32671,1135463,53450,3979862,34455,5115325,California
Los Angeles,2021-05-15,73472,8848100,51998,4590552,20014,3911734,1460,345814,28519,1120731,44699,4024561,29967,5145292,California
Los Angeles,2021-05-16,30318,8878418,23991,4614543,5726,3917460,601,346415,12123,1115344,18107,4042668,12720,5158012,California
Los Angeles,2021-05-17,60636,8939054,39692,4654235,19255,3936715,1689,348104,26067,1108729,34354,4077022,27739,5185751,California
Los Angeles,2021-05-18,63383,9002437,38098,4692333,23523,3960238,1762,349866,26823,1100989,36293,4113315,28553,5214304,California
Los Angeles,2021-05-19,66438,9068875,40271,4732604,24365,3984603,1802,351668,29244,1095075,36942,4150257,31028,5245332,California
Los Angeles,2021-05-20,52329,9121204,29567,4762171,20981,4005584,1781,353449,20465,1085742,31576,4181833,22243,5267575,California
Los Angeles,2021-05-21,54632,9175836,34051,4796222,18813,4024397,1768,355217,22660,1078460,31706,4213539,24424,5291999,California
Los Angeles,2021-05-22,43588,9219424,29151,4825373,12990,4037387,1447,356664,18728,1073928,24699,4238238,20167,5312166,California
Los Angeles,2021-05-23,14260,9233684,11239,4836612,2379,4039766,642,357306,7353,1075072,6848,4245086,7992,5320158,California
Los Angeles,2021-05-24,44916,9278600,25154,4861766,18032,4057798,1730,359036,18096,1068253,26629,4271715,19810,5339968,California
Los Angeles,2021-05-25,26463,9305063,16460,4878226,8837,4066635,1166,360202,9209,1061499,17116,4288831,10362,5350330,California
Madera,2020-12-16,21,21,21,21,0,0,0,0,21,21,0,0,21,21,California
Madera,2020-12-17,13,34,13,34,0,0,0,0,13,34,0,0,13,34,California
Madera,2020-12-18,60,94,60,94,0,0,0,0,60,94,0,0,60,94,California
Madera,2020-12-19,5,99,5,99,0,0,0,0,5,99,0,0,5,99,California
Madera,2020-12-20,14,113,14,113,0,0,0,0,14,113,0,0,14,113,California
Madera,2020-12-21,59,172,59,172,0,0,0,0,59,172,0,0,59,172,California
Madera,2020-12-22,97,269,95,267,2,2,0,0,97,269,0,0,97,269,California
Madera,2020-12-23,68,337,68,335,0,2,0,0,68,337,0,0,68,337,California
Madera,2020-12-24,45,382,40,375,5,7,0,0,45,382,0,0,45,382,California
Madera,2020-12-26,28,410,26,401,2,9,0,0,28,410,0,0,28,410,California
Madera,2020-12-27,29,439,12,413,17,26,0,0,29,439,0,0,29,439,California
Madera,2020-12-28,106,545,36,449,70,96,0,0,106,545,0,0,106,545,California
Madera,2020-12-29,172,717,37,486,135,231,0,0,172,717,0,0,172,717,California
Madera,2020-12-30,219,936,86,572,133,364,0,0,219,936,0,0,219,936,California
Madera,2020-12-31,201,1137,80,652,121,485,0,0,201,1137,0,0,201,1137,California
Madera,2021-01-01,1,1138,1,653,0,485,0,0,1,1138,0,0,1,1138,California
Madera,2021-01-02,89,1227,33,686,56,541,0,0,89,1227,0,0,89,1227,California
Madera,2021-01-03,5,1232,5,691,0,541,0,0,5,1232,0,0,5,1232,California
Madera,2021-01-04,129,1361,65,756,64,605,0,0,129,1361,0,0,129,1361,California
Madera,2021-01-05,279,1640,143,899,136,741,0,0,275,1632,4,4,275,1636,California
Madera,2021-01-06,183,1823,26,925,157,898,0,0,164,1777,19,23,164,1800,California
Madera,2021-01-07,399,2222,116,1041,283,1181,0,0,377,2132,22,45,377,2177,California
Madera,2021-01-08,418,2640,72,1113,346,1527,0,0,363,2442,54,99,364,2541,California
Madera,2021-01-09,36,2676,14,1127,22,1549,0,0,27,2460,9,108,27,2568,California
Madera,2021-01-10,17,2693,14,1141,3,1552,0,0,5,2453,12,120,5,2573,California
Madera,2021-01-11,238,2931,190,1331,48,1600,0,0,197,2609,41,161,197,2770,California
Madera,2021-01-12,392,3323,159,1490,233,1833,0,0,287,2791,105,266,287,3057,California
Madera,2021-01-13,184,3507,91,1581,93,1926,0,0,128,2864,56,322,129,3186,California
Madera,2021-01-14,553,4060,81,1662,472,2398,0,0,519,3349,34,356,519,3705,California
Madera,2021-01-15,599,4659,160,1822,439,2837,0,0,578,3906,21,377,578,4283,California
Madera,2021-01-16,382,5041,48,1870,334,3171,0,0,354,4232,28,405,354,4637,California
Madera,2021-01-17,335,5376,15,1885,320,3491,0,0,331,4559,4,409,331,4968,California
Madera,2021-01-18,77,5453,60,1945,17,3508,0,0,58,4599,18,427,58,5026,California
Madera,2021-01-19,572,6025,136,2081,436,3944,0,0,544,5116,28,455,545,5571,California
Madera,2021-01-20,235,6260,80,2161,155,4099,0,0,207,5296,27,482,207,5778,California
Madera,2021-01-21,238,6498,131,2292,107,4206,0,0,205,5470,31,513,205,5983,California
Madera,2021-01-22,257,6755,83,2375,174,4380,0,0,243,5699,14,527,243,6226,California
Madera,2021-01-23,100,6855,52,2427,48,4428,0,0,76,5751,24,551,76,6302,California
Madera,2021-01-24,100,6955,82,2509,18,4446,0,0,78,5807,22,573,78,6380,California
Madera,2021-01-25,264,7219,126,2635,138,4584,0,0,145,5833,119,692,145,6525,California
Madera,2021-01-26,486,7705,189,2824,297,4881,0,0,295,5939,190,882,296,6821,California
Madera,2021-01-27,737,8442,63,2887,674,5555,0,0,600,6404,137,1019,602,7423,California
Madera,2021-01-28,544,8986,108,2995,436,5991,0,0,441,6742,103,1122,441,7864,California
Madera,2021-01-29,466,9452,94,3089,372,6363,0,0,411,7098,55,1177,411,8275,California
Madera,2021-01-30,505,9957,16,3105,489,6852,0,0,451,7495,54,1231,451,8726,California
Madera,2021-01-31,9,9966,6,3111,3,6855,0,0,8,7502,1,1232,8,8734,California
Madera,2021-02-01,332,10298,148,3259,184,7039,0,0,206,7582,126,1358,206,8940,California
Madera,2021-02-02,252,10550,88,3347,164,7203,0,0,161,7654,90,1448,162,9102,California
Madera,2021-02-03,595,11145,461,3808,134,7337,0,0,475,8012,118,1566,476,9578,California
Madera,2021-02-04,392,11537,124,3932,268,7605,0,0,114,7850,277,1843,115,9693,California
Madera,2021-02-05,975,12512,297,4229,678,8283,0,0,369,7619,601,2444,370,10063,California
Madera,2021-02-06,360,12872,326,4555,34,8317,0,0,320,7900,39,2483,320,10383,California
Madera,2021-02-07,34,12906,6,4561,28,8345,0,0,29,7924,5,2488,29,10412,California
Madera,2021-02-08,383,13289,307,4868,76,8421,0,0,269,8080,113,2601,269,10681,California
Madera,2021-02-09,479,13768,118,4986,361,8782,0,0,197,7999,279,2880,198,10879,California
Madera,2021-02-10,431,14199,149,5135,282,9064,0,0,325,8218,106,2986,325,11204,California
Madera,2021-02-11,939,15138,308,5443,631,9695,0,0,408,8097,530,3516,409,11613,California
Madera,2021-02-12,842,15980,120,5563,722,10417,0,0,311,7886,525,4041,314,11927,California
Madera,2021-02-13,484,16464,43,5606,441,10858,0,0,138,7682,345,4386,141,12068,California
Madera,2021-02-14,399,16863,75,5681,324,11182,0,0,135,7554,264,4650,136,12204,California
Madera,2021-02-15,246,17109,100,5781,146,11328,0,0,175,7659,70,4720,175,12379,California
Madera,2021-02-16,774,17883,183,5964,591,11919,0,0,228,7344,544,5264,229,12608,California
Madera,2021-02-17,610,18493,274,6238,336,12255,0,0,340,7421,265,5529,342,12950,California
Madera,2021-02-18,1300,19793,540,6778,760,13015,0,0,1121,8364,179,5708,1122,14072,California
Madera,2021-02-19,858,20651,543,7321,315,13330,0,0,716,8939,142,5850,717,14789,California
Madera,2021-02-20,1070,21721,979,8300,91,13421,0,0,998,9867,71,5921,999,15788,California
Madera,2021-02-21,962,22683,819,9119,143,13564,0,0,957,10819,5,5926,957,16745,California
Madera,2021-02-22,910,23593,834,9953,76,13640,0,0,855,11619,55,5981,855,17600,California
Madera,2021-02-23,774,24367,501,10454,273,13913,0,0,546,11940,225,6206,546,18146,California
Madera,2021-02-24,908,25275,299,10753,609,14522,0,0,378,11789,529,6735,378,18524,California
Madera,2021-02-25,1032,26307,317,11070,715,15237,0,0,599,11957,431,7166,599,19123,California
Madera,2021-02-26,1087,27394,197,11267,890,16127,0,0,711,12294,374,7540,711,19834,California
Madera,2021-02-27,893,28287,261,11528,632,16759,0,0,469,12345,421,7961,472,20306,California
Madera,2021-02-28,188,28475,28,11556,160,16919,0,0,183,12523,5,7966,183,20489,California
Madera,2021-03-01,378,28853,119,11675,259,17178,0,0,196,12539,180,8146,196,20685,California
Madera,2021-03-02,744,29597,351,12026,393,17571,0,0,631,13059,112,8258,632,21317,California
Madera,2021-03-03,1346,30943,719,12745,627,18198,0,0,942,13626,401,8659,968,22285,California
Madera,2021-03-04,1205,32148,527,13272,678,18876,0,0,954,14331,252,8911,957,23242,California
Madera,2021-03-05,1350,33498,421,13693,916,19792,13,13,1079,15165,269,9180,1103,24345,California
Madera,2021-03-06,813,34311,632,14325,149,19941,32,45,495,15376,317,9497,528,24873,California
Madera,2021-03-07,154,34465,28,14353,104,20045,22,67,104,15452,50,9547,126,24999,California
Madera,2021-03-08,595,35060,335,14688,201,20246,59,126,303,15524,292,9839,364,25363,California
Madera,2021-03-09,593,35653,296,14984,263,20509,34,160,407,15789,184,10023,449,25812,California
Madera,2021-03-10,1184,36837,560,15544,546,21055,78,238,755,16198,425,10448,834,26646,California
Madera,2021-03-11,1681,38518,865,16409,484,21539,332,570,767,16397,912,11360,1111,27757,California
Madera,2021-03-12,1566,40084,810,17219,601,22140,155,725,791,16595,773,12133,971,28728,California
Madera,2021-03-13,1875,41959,1329,18548,348,22488,198,923,808,16554,1063,13196,1022,29750,California
Madera,2021-03-14,584,42543,449,18997,103,22591,32,955,294,16594,287,13483,327,30077,California
Madera,2021-03-15,738,43281,222,19219,469,23060,47,1002,513,16957,222,13705,585,30662,California
Madera,2021-03-16,929,44210,524,19743,358,23418,47,1049,740,17575,186,13891,804,31466,California
Madera,2021-03-17,1463,45673,979,20722,421,23839,63,1112,909,18091,546,14437,1062,32528,California
Madera,2021-03-18,1945,47618,683,21405,1202,25041,60,1172,973,18241,967,15404,1117,33645,California
Madera,2021-03-19,1583,49201,589,21994,910,25951,84,1256,1041,18893,539,15943,1191,34836,California
Madera,2021-03-20,1181,50382,775,22769,355,26306,51,1307,619,19050,561,16504,718,35554,California
Madera,2021-03-21,1100,51482,898,23667,156,26462,46,1353,382,18764,715,17219,429,35983,California
Madera,2021-03-22,1360,52842,852,24519,440,26902,68,1421,686,18889,671,17890,796,36779,California
Madera,2021-03-23,1418,54260,861,25380,467,27369,90,1511,676,18997,740,18630,848,37627,California
Madera,2021-03-24,947,55207,508,25888,408,27777,31,1542,618,19324,326,18956,653,38280,California
Madera,2021-03-25,1167,56374,528,26416,615,28392,24,1566,645,19494,512,19468,682,38962,California
Madera,2021-03-26,1518,57892,578,26994,808,29200,132,1698,710,19535,804,20272,845,39807,California
Madera,2021-03-27,919,58811,599,27593,296,29496,24,1722,416,19477,499,20771,441,40248,California
Madera,2021-03-28,435,59246,152,27745,222,29718,61,1783,242,19641,192,20963,356,40604,California
Madera,2021-03-29,685,59931,179,27924,477,30195,29,1812,491,19975,190,21153,524,41128,California
Madera,2021-03-30,1072,61003,605,28529,435,30630,32,1844,480,19900,589,21742,514,41642,California
Madera,2021-03-31,1394,62397,544,29073,716,31346,134,1978,428,19504,960,22702,564,42206,California
Madera,2021-04-01,1342,63739,620,29693,671,32017,51,2029,470,19158,865,23567,519,42725,California
Madera,2021-04-02,1598,65337,459,30152,1081,33098,58,2087,475,18580,1112,24679,534,43259,California
Madera,2021-04-03,958,66295,761,30913,177,33275,20,2107,395,18443,561,25240,424,43683,California
Madera,2021-04-04,187,66482,65,30978,120,33395,2,2109,88,18434,99,25339,90,43773,California
Madera,2021-04-05,736,67218,255,31233,423,33818,58,2167,343,18457,392,25731,415,44188,California
Madera,2021-04-06,1703,68921,889,32122,464,34282,350,2517,533,18172,1169,26900,884,45072,California
Madera,2021-04-07,1208,70129,376,32498,683,34965,149,2666,418,17960,787,27687,575,45647,California
Madera,2021-04-08,1699,71828,656,33154,786,35751,257,2923,542,17614,1151,28838,805,46452,California
Madera,2021-04-09,1621,73449,683,33837,790,36541,148,3071,937,18023,679,29517,1088,47540,California
Madera,2021-04-10,957,74406,679,34516,210,36751,68,3139,705,18544,253,29770,774,48314,California
Madera,2021-04-11,800,75206,648,35164,74,36825,78,3217,282,18387,515,30285,358,48672,California
Madera,2021-04-12,781,75987,268,35432,436,37261,77,3294,302,18288,479,30764,380,49052,California
Madera,2021-04-13,1234,77221,607,36039,586,37847,41,3335,717,18541,515,31279,768,49820,California
Madera,2021-04-14,1379,78600,853,36892,526,38373,0,3335,568,18303,812,32091,574,50394,California
Madera,2021-04-15,1153,79753,499,37391,653,39026,1,3336,419,18002,722,32813,421,50815,California
Madera,2021-04-16,1307,81060,535,37926,772,39798,0,3336,365,17437,931,33744,366,51181,California
Madera,2021-04-17,1267,82327,1069,38995,198,39996,0,3336,757,17684,510,34254,757,51938,California
Madera,2021-04-18,245,82572,207,39202,38,40034,0,3336,88,17617,155,34409,88,52026,California
Madera,2021-04-19,804,83376,236,39438,567,40601,1,3337,277,17373,521,34930,277,52303,California
Madera,2021-04-20,871,84247,427,39865,444,41045,0,3337,215,16937,653,35583,217,52520,California
Madera,2021-04-21,857,85104,452,40317,405,41450,0,3337,289,16660,568,36151,291,52811,California
Madera,2021-04-22,1059,86163,510,40827,549,41999,0,3337,372,16350,683,36834,373,53184,California
Madera,2021-04-23,960,87123,306,41133,654,42653,0,3337,334,16063,621,37455,334,53518,California
Madera,2021-04-24,705,87828,463,41596,242,42895,0,3337,246,15855,455,37910,247,53765,California
Madera,2021-04-25,265,88093,161,41757,101,42996,3,3340,118,15834,143,38053,122,53887,California
Madera,2021-04-26,518,88611,97,41854,415,43411,6,3346,111,15547,404,38457,117,54004,California
Madera,2021-04-27,565,89176,265,42119,279,43690,21,3367,298,15601,266,38723,320,54324,California
Madera,2021-04-28,490,89666,196,42315,275,43965,19,3386,241,15613,247,38970,259,54583,California
Madera,2021-04-29,537,90203,240,42555,270,44235,27,3413,250,15610,280,39250,277,54860,California
Madera,2021-04-30,919,91122,501,43056,402,44637,16,3429,255,15222,659,39909,271,55131,California
Madera,2021-05-01,958,92080,864,43920,81,44718,13,3442,383,15045,573,40482,396,55527,California
Madera,2021-05-02,400,92480,351,44271,45,44763,4,3446,148,14945,252,40734,152,55679,California
Madera,2021-05-03,503,92983,201,44472,262,45025,40,3486,101,14687,399,41133,141,55820,California
Madera,2021-05-04,882,93865,433,44905,409,45434,40,3526,211,14267,671,41804,251,56071,California
Madera,2021-05-05,994,94859,473,45378,462,45896,59,3585,273,13880,719,42523,332,56403,California
Madera,2021-05-06,696,95555,248,45626,417,46313,31,3616,154,13528,537,43060,185,56588,California
Madera,2021-05-07,806,96361,279,45905,506,46819,21,3637,194,13135,607,43667,214,56802,California
Madera,2021-05-08,968,97329,756,46661,202,47021,10,3647,186,12550,781,44448,196,56998,California
Madera,2021-05-09,145,97474,19,46680,115,47136,11,3658,34,12485,110,44558,45,57043,California
Madera,2021-05-10,343,97817,73,46753,258,47394,12,3670,99,12353,243,44801,111,57154,California
Madera,2021-05-11,525,98342,174,46927,343,47737,8,3678,172,12182,351,45152,180,57334,California
Madera,2021-05-12,491,98833,222,47149,233,47970,36,3714,119,11967,370,45522,155,57489,California
Madera,2021-05-13,476,99309,287,47436,157,48127,32,3746,155,11835,319,45841,187,57676,California
Madera,2021-05-14,523,99832,261,47697,239,48366,23,3769,230,11798,290,46131,253,57929,California
Madera,2021-05-15,560,100392,475,48172,77,48443,8,3777,363,11974,195,46326,371,58300,California
Madera,2021-05-16,253,100645,186,48358,37,48480,30,3807,103,11957,150,46476,133,58433,California
Madera,2021-05-17,450,101095,186,48544,235,48715,29,3836,206,11951,241,46717,235,58668,California
Madera,2021-05-18,542,101637,363,48907,158,48873,21,3857,286,12006,252,46969,307,58975,California
Madera,2021-05-19,482,102119,223,49130,237,49110,22,3879,215,11977,266,47235,237,59212,California
Madera,2021-05-20,539,102658,240,49370,261,49371,38,3917,203,11888,330,47565,241,59453,California
Madera,2021-05-21,447,103105,166,49536,256,49627,25,3942,162,11795,280,47845,187,59640,California
Madera,2021-05-22,851,103956,776,50312,61,49688,14,3956,499,11957,351,48196,513,60153,California
Madera,2021-05-23,240,104196,227,50539,4,49692,9,3965,128,11983,111,48307,137,60290,California
Madera,2021-05-24,281,104477,138,50677,104,49796,39,4004,122,11985,159,48466,161,60451,California
Madera,2021-05-25,242,104719,106,50783,112,49908,24,4028,89,11946,152,48618,113,60564,California
Marin,2020-12-15,2,2,2,2,0,0,0,0,2,2,0,0,2,2,California
Marin,2020-12-16,109,111,109,111,0,0,0,0,109,111,0,0,109,111,California
Marin,2020-12-17,262,373,262,373,0,0,0,0,262,373,0,0,262,373,California
Marin,2020-12-18,376,749,376,749,0,0,0,0,376,749,0,0,376,749,California
Marin,2020-12-19,348,1097,347,1096,1,1,0,0,348,1097,0,0,348,1097,California
Marin,2020-12-20,166,1263,165,1261,1,2,0,0,166,1263,0,0,166,1263,California
Marin,2020-12-21,238,1501,235,1496,3,5,0,0,238,1501,0,0,238,1501,California
Marin,2020-12-22,523,2024,319,1815,204,209,0,0,523,2024,0,0,523,2024,California
Marin,2020-12-23,735,2759,321,2136,414,623,0,0,735,2759,0,0,735,2759,California
Marin,2020-12-24,357,3116,159,2295,198,821,0,0,357,3116,0,0,357,3116,California
Marin,2020-12-25,27,3143,0,2295,27,848,0,0,27,3143,0,0,27,3143,California
Marin,2020-12-26,144,3287,94,2389,50,898,0,0,144,3287,0,0,144,3287,California
Marin,2020-12-27,92,3379,55,2444,37,935,0,0,92,3379,0,0,92,3379,California
Marin,2020-12-28,408,3787,99,2543,309,1244,0,0,408,3787,0,0,408,3787,California
Marin,2020-12-29,403,4190,88,2631,315,1559,0,0,403,4190,0,0,403,4190,California
Marin,2020-12-30,626,4816,389,3020,237,1796,0,0,626,4816,0,0,626,4816,California
Marin,2020-12-31,198,5014,34,3054,164,1960,0,0,198,5014,0,0,198,5014,California
Marin,2021-01-01,19,5033,9,3063,10,1970,0,0,19,5033,0,0,19,5033,California
Marin,2021-01-02,113,5146,107,3170,6,1976,0,0,113,5146,0,0,113,5146,California
Marin,2021-01-03,49,5195,31,3201,18,1994,0,0,46,5192,0,0,46,5192,California
Marin,2021-01-04,295,5490,192,3393,103,2097,0,0,294,5485,1,1,294,5486,California
Marin,2021-01-05,369,5859,222,3615,147,2244,0,0,326,5768,43,44,326,5812,California
Marin,2021-01-06,818,6677,318,3933,500,2744,0,0,638,6226,180,224,638,6450,California
Marin,2021-01-07,886,7563,500,4433,386,3130,0,0,542,6424,344,568,542,6992,California
Marin,2021-01-08,970,8533,515,4948,455,3585,0,0,593,6641,376,944,593,7585,California
Marin,2021-01-09,620,9153,223,5171,397,3982,0,0,488,6997,132,1076,488,8073,California
Marin,2021-01-10,128,9281,99,5270,29,4011,0,0,55,6979,73,1149,55,8128,California
Marin,2021-01-11,469,9750,327,5597,142,4153,0,0,248,7008,221,1370,250,8378,California
Marin,2021-01-12,938,10688,543,6140,395,4548,0,0,570,7213,365,1735,570,8948,California
Marin,2021-01-13,1177,11865,497,6637,680,5228,0,0,939,7914,238,1973,939,9887,California
Marin,2021-01-14,1070,12935,318,6955,752,5980,0,0,920,8686,148,2121,920,10807,California
Marin,2021-01-15,1156,14091,353,7308,803,6783,0,0,1026,9584,129,2250,1027,11834,California
Marin,2021-01-16,1123,15214,914,8222,209,6992,0,0,1049,10559,74,2324,1049,12883,California
Marin,2021-01-17,1231,16445,1113,9335,118,7110,0,0,1202,11736,28,2352,1205,14088,California
Marin,2021-01-18,360,16805,158,9493,202,7312,0,0,309,11994,51,2403,309,14397,California
Marin,2021-01-19,1156,17961,913,10406,243,7555,0,0,983,12805,172,2575,983,15380,California
Marin,2021-01-20,1794,19755,1210,11616,584,8139,0,0,1064,13150,719,3294,1064,16444,California
Marin,2021-01-21,1683,21438,1061,12677,622,8761,0,0,1329,14130,351,3645,1331,17775,California
Marin,2021-01-22,1703,23141,1091,13768,612,9373,0,0,1531,15490,172,3817,1532,19307,California
Marin,2021-01-23,1847,24988,1344,15112,503,9876,0,0,1758,17160,88,3905,1758,21065,California
Marin,2021-01-24,614,25602,165,15277,449,10325,0,0,582,17710,32,3937,582,21647,California
Marin,2021-01-25,1133,26735,231,15508,902,11227,0,0,695,17968,438,4375,696,22343,California
Marin,2021-01-26,1508,28243,784,16292,724,11951,0,0,1133,18727,374,4749,1133,23476,California
Marin,2021-01-27,1714,29957,887,17179,827,12778,0,0,1354,19724,358,5107,1355,24831,California
Marin,2021-01-28,2083,32040,1070,18249,1013,13791,0,0,1819,21281,263,5370,1820,26651,California
Marin,2021-01-29,2192,34232,1444,19693,748,14539,0,0,1988,23078,192,5562,1989,28640,California
Marin,2021-01-30,1721,35953,906,20599,815,15354,0,0,1642,24642,79,5641,1643,30283,California
Marin,2021-01-31,458,36411,321,20920,137,15491,0,0,432,25048,26,5667,432,30715,California
Marin,2021-02-01,1092,37503,418,21338,674,16165,0,0,894,25746,197,5864,895,31610,California
Marin,2021-02-02,1378,38881,487,21825,891,17056,0,0,724,25827,643,6507,724,32334,California
Marin,2021-02-03,1774,40655,421,22246,1353,18409,0,0,1272,26598,501,7008,1272,33606,California
Marin,2021-02-04,1524,42179,498,22744,1026,19435,0,0,922,26921,599,7607,922,34528,California
Marin,2021-02-05,2172,44351,679,23423,1493,20928,0,0,1336,27425,832,8439,1336,35864,California
Marin,2021-02-06,1428,45779,850,24273,578,21506,0,0,607,27212,820,9259,607,36471,California
Marin,2021-02-07,1291,47070,1009,25282,282,21788,0,0,489,26900,801,10060,489,36960,California
Marin,2021-02-08,1521,48591,751,26033,770,22558,0,0,723,26827,796,10856,723,37683,California
Marin,2021-02-09,1778,50369,1121,27154,657,23215,0,0,832,26713,946,11802,832,38515,California
Marin,2021-02-10,2337,52706,1489,28643,848,24063,0,0,1214,26807,1121,12923,1215,39730,California
Marin,2021-02-11,2865,55571,1639,30282,1226,25289,0,0,1447,26844,1413,14336,1450,41180,California
Marin,2021-02-12,3064,58635,1540,31822,1524,26813,0,0,1559,26902,1502,15838,1560,42740,California
Marin,2021-02-13,2342,60977,1244,33066,1098,27911,0,0,1132,26826,1208,17046,1132,43872,California
Marin,2021-02-14,814,61791,302,33368,512,28423,0,0,721,27455,93,17139,722,44594,California
Marin,2021-02-15,1214,63005,355,33723,859,29282,0,0,834,27911,379,17518,835,45429,California
Marin,2021-02-16,2469,65474,1058,34781,1411,30693,0,0,1506,28455,962,18480,1506,46935,California
Marin,2021-02-17,2108,67582,947,35728,1161,31854,0,0,1090,28530,1016,19496,1091,48026,California
Marin,2021-02-18,2418,70000,1584,37312,834,32688,0,0,1058,28230,1358,20854,1058,49084,California
Marin,2021-02-19,2763,72763,2157,39469,606,33294,0,0,1221,27923,1529,22383,1222,50306,California
Marin,2021-02-20,2565,75328,2111,41580,454,33748,0,0,1216,27799,1341,23724,1217,51523,California
Marin,2021-02-21,1309,76637,1115,42695,194,33942,0,0,930,28354,375,24099,930,52453,California
Marin,2021-02-22,1834,78471,1412,44107,422,34364,0,0,1220,28963,612,24711,1221,53674,California
Marin,2021-02-23,2860,81331,1639,45746,1221,35585,0,0,1926,29967,923,25634,1927,55601,California
Marin,2021-02-24,3514,84845,1615,47361,1899,37484,0,0,2253,30967,1254,26888,2254,57855,California
Marin,2021-02-25,3940,88785,1814,49175,2126,39610,0,0,2779,32593,1154,28042,2780,60635,California
Marin,2021-02-26,3495,92280,1892,51067,1603,41213,0,0,2538,34187,945,28987,2539,63174,California
Marin,2021-02-27,2627,94907,1510,52577,1117,42330,0,0,1788,35141,836,29823,1790,64964,California
Marin,2021-02-28,1377,96284,916,53493,461,42791,0,0,1042,35851,332,30155,1042,66006,California
Marin,2021-03-01,2507,98791,1557,55050,950,43741,0,0,1685,36721,815,30970,1685,67691,California
Marin,2021-03-02,2524,101315,1682,56732,841,44582,1,1,1753,37708,767,31737,1754,69445,California
Marin,2021-03-03,4337,105652,2411,59143,1922,46504,4,5,2808,38997,1523,33260,2812,72257,California
Marin,2021-03-04,3388,109040,1665,60808,1722,48226,1,6,2369,40358,1012,34272,2373,74630,California
Marin,2021-03-05,3074,112114,1176,61984,1886,50112,12,18,1803,40906,1267,35539,1815,76445,California
Marin,2021-03-06,3243,115357,2327,64311,838,50950,78,96,2667,43079,571,36110,2744,79189,California
Marin,2021-03-07,1389,116746,1169,65480,196,51146,24,120,998,43715,386,36496,1022,80211,California
Marin,2021-03-08,1896,118642,1391,66871,388,51534,117,237,1426,44791,467,36963,1543,81754,California
Marin,2021-03-09,2225,120867,1343,68214,774,52308,108,345,1549,45773,674,37637,1656,83410,California
Marin,2021-03-10,4448,125315,2504,70718,1661,53969,283,628,3212,48039,1231,38868,3497,86907,California
Marin,2021-03-11,4570,129885,1880,72598,2554,56523,136,764,3274,50160,1289,40157,3410,90317,California
Marin,2021-03-12,3985,133870,1546,74144,2083,58606,356,1120,1573,49688,2401,42558,1929,92246,California
Marin,2021-03-13,4098,137968,2856,77000,1170,59776,72,1192,2420,50500,1676,44234,2488,94734,California
Marin,2021-03-14,2282,140250,1104,78104,1061,60837,117,1309,710,49756,1570,45804,826,95560,California
Marin,2021-03-15,3244,143494,1777,79881,1418,62255,49,1358,1229,49029,2004,47808,1277,96837,California
Marin,2021-03-16,4308,147802,2321,82202,1623,63878,364,1722,1502,48090,2803,50611,1864,98701,California
Marin,2021-03-17,4193,151995,2278,84480,1868,65746,47,1769,2060,48075,2121,52732,2106,100807,California
Marin,2021-03-18,4496,156491,2270,86750,2151,67897,75,1844,2251,48169,2229,54961,2323,103130,California
Marin,2021-03-19,4480,160971,2297,89047,1964,69861,219,2063,2433,48781,2037,56998,2649,105779,California
Marin,2021-03-20,3593,164564,1994,91041,1485,71346,114,2177,2032,49376,1552,58550,2147,107926,California
Marin,2021-03-21,1546,166110,1141,92182,381,71727,24,2201,805,49466,739,59289,829,108755,California
Marin,2021-03-22,2484,168594,2146,94328,171,71898,167,2368,996,49145,1484,60773,1163,109918,California
Marin,2021-03-23,4249,172843,2204,96532,1915,73813,130,2498,1875,48782,2368,63141,2005,111923,California
Marin,2021-03-24,4447,177290,2906,99438,1436,75249,105,2603,1817,48085,2617,65758,1920,113843,California
Marin,2021-03-25,4649,181939,2842,102280,1739,76988,68,2671,2258,48032,2377,68135,2324,116167,California
Marin,2021-03-26,4307,186246,2344,104624,1749,78737,214,2885,2412,48779,1879,70014,2626,118793,California
Marin,2021-03-27,3720,189966,2673,107297,1028,79765,19,2904,1141,47369,2569,72583,1159,119952,California
Marin,2021-03-28,2386,192352,1726,109023,654,80419,6,2910,1088,47172,1291,73874,1094,121046,California
Marin,2021-03-29,2695,195047,2099,111122,571,80990,25,2935,1165,46836,1527,75401,1191,122237,California
Marin,2021-03-30,4672,199719,3656,114778,982,81972,34,2969,2955,48111,1714,77115,2989,125226,California
Marin,2021-03-31,5829,205548,4131,118909,1649,83621,49,3018,2549,47440,3269,80384,2598,127824,California
Marin,2021-04-01,4442,209990,2283,121192,1903,85524,256,3274,2112,47489,2318,82702,2367,130191,California
Marin,2021-04-02,3739,213729,1859,123051,1509,87033,371,3645,2000,48122,1731,84433,2364,132555,California
Marin,2021-04-03,3898,217627,2549,125600,971,88004,378,4023,1487,47591,2398,86831,1867,134422,California
Marin,2021-04-04,1651,219278,1241,126841,207,88211,203,4226,1202,48549,447,87278,1405,135827,California
Marin,2021-04-05,2207,221485,1528,128369,304,88515,375,4601,1262,49245,939,88217,1635,137462,California
Marin,2021-04-06,3964,225449,2118,130487,1295,89810,551,5152,2200,50237,1759,89976,2751,140213,California
Marin,2021-04-07,3958,229407,2000,132487,1317,91127,641,5793,1453,49840,2497,92473,2100,142313,California
Marin,2021-04-08,5013,234420,1960,134447,2446,93573,607,6400,2288,50014,2716,95189,2890,145203,California
Marin,2021-04-09,3966,238386,1545,135992,1692,95265,729,7129,1301,49381,2660,97849,2027,147230,California
Marin,2021-04-10,3191,241577,1461,137453,1298,96563,432,7561,1429,49491,1748,99597,1858,149088,California
Marin,2021-04-11,1057,242634,803,138256,92,96655,162,7723,470,49537,585,100182,631,149719,California
Marin,2021-04-12,1735,244369,1235,139491,340,96995,160,7883,915,49797,816,100998,1076,150795,California
Marin,2021-04-13,3713,248082,2274,141765,1432,98427,7,7890,1348,48797,2355,103353,1355,152150,California
Marin,2021-04-14,4155,252237,2478,144243,1674,100101,3,7893,1706,48065,2439,105792,1707,153857,California
Marin,2021-04-15,5568,257805,3945,148188,1623,101724,0,7893,3191,48892,2365,108157,3192,157049,California
Marin,2021-04-16,4250,262055,2236,150424,2011,103735,3,7896,2067,48794,2169,110326,2071,159120,California
Marin,2021-04-17,3528,265583,2154,152578,1374,105109,0,7896,1760,48791,1763,112089,1760,160880,California
Marin,2021-04-18,3170,268753,3068,155646,102,105211,0,7896,2535,50694,632,112721,2535,163415,California
Marin,2021-04-19,2043,270796,1871,157517,172,105383,0,7896,1161,50979,878,113599,1163,164578,California
Marin,2021-04-20,3689,274485,2549,160066,1140,106523,0,7896,1467,50231,2216,115815,1468,166046,California
Marin,2021-04-21,4006,278491,2943,163009,1060,107583,3,7899,1355,48951,2636,118451,1356,167402,California
Marin,2021-04-22,4213,282704,3212,166221,1001,108584,0,7899,1483,47714,2723,121174,1486,168888,California
Marin,2021-04-23,3223,285927,1818,168039,1405,109989,0,7899,1226,46951,1990,123164,1227,170115,California
Marin,2021-04-24,2518,288445,1683,169722,834,110823,1,7900,918,46276,1594,124758,919,171034,California
Marin,2021-04-25,1383,289828,1265,170987,118,110941,0,7900,306,45512,1070,125828,306,171340,California
Marin,2021-04-26,1549,291377,1352,172339,194,111135,3,7903,352,44675,1193,127021,356,171696,California
Marin,2021-04-27,2978,294355,2177,174516,763,111898,38,7941,968,43676,2001,129022,1002,172698,California
Marin,2021-04-28,2300,296655,1586,176102,664,112562,50,7991,722,42872,1574,130596,770,173468,California
Marin,2021-04-29,2876,299531,1972,178074,842,113404,62,8053,787,41640,2081,132677,849,174317,California
Marin,2021-04-30,1954,301485,1277,179351,589,113993,88,8141,700,41181,1247,133924,788,175105,California
Marin,2021-05-01,1818,303303,1009,180360,786,114779,23,8164,530,40452,1281,135205,552,175657,California
Marin,2021-05-02,723,304026,586,180946,108,114887,29,8193,200,40161,519,135724,228,175885,California
Marin,2021-05-03,1210,305236,988,181934,167,115054,55,8248,261,39529,947,136671,315,176200,California
Marin,2021-05-04,2918,308154,1963,183897,865,115919,90,8338,470,37648,2441,139112,560,176760,California
Marin,2021-05-05,2718,310872,1995,185892,601,116520,122,8460,442,35942,2270,141382,564,177324,California
Marin,2021-05-06,3257,314129,2531,188423,637,117157,89,8549,425,33630,2824,144206,512,177836,California
Marin,2021-05-07,2030,316159,1543,189966,401,117558,86,8635,379,32449,1644,145850,463,178299,California
Marin,2021-05-08,2466,318625,1860,191826,484,118042,122,8757,338,30789,2120,147970,460,178759,California
Marin,2021-05-09,983,319608,898,192724,65,118107,20,8777,118,30067,861,148831,139,178898,California
Marin,2021-05-10,1404,321012,1150,193874,184,118291,70,8847,200,29136,1200,150031,269,179167,California
Marin,2021-05-11,2283,323295,1833,195707,397,118688,53,8900,295,27497,1986,152017,347,179514,California
Marin,2021-05-12,1390,324685,1029,196736,294,118982,67,8967,274,26725,1112,153129,340,179854,California
Marin,2021-05-13,2499,327184,2165,198901,279,119261,55,9022,1346,26979,1146,154275,1400,181254,California
Marin,2021-05-14,2201,329385,1452,200353,649,119910,100,9122,883,26650,1312,155587,983,182237,California
Marin,2021-05-15,2711,332096,2245,202598,386,120296,80,9202,1640,27300,1070,156657,1720,183957,California
Marin,2021-05-16,1643,333739,1588,204186,50,120346,5,9207,1327,28318,313,156970,1331,185288,California
Marin,2021-05-17,2129,335868,1981,206167,105,120451,43,9250,1717,29673,405,157375,1760,187048,California
Marin,2021-05-18,1516,337384,1183,207350,279,120730,54,9304,800,29816,710,158085,853,187901,California
Marin,2021-05-19,1536,338920,1239,208589,228,120958,69,9373,782,29918,748,158833,850,188751,California
Marin,2021-05-20,1645,340565,1354,209943,210,121168,81,9454,654,29669,984,159817,735,189486,California
Marin,2021-05-21,1330,341895,761,210704,522,121690,47,9501,376,29144,948,160765,423,189909,California
Marin,2021-05-22,1331,343226,1009,211713,266,121956,56,9557,917,29706,411,161176,973,190882,California
Marin,2021-05-23,420,343646,381,212094,29,121985,10,9567,196,29691,221,161397,206,191088,California
Marin,2021-05-24,619,344265,478,212572,108,122093,33,9600,351,29810,265,161662,384,191472,California
Marin,2021-05-25,644,344909,435,213007,186,122279,23,9623,151,29495,489,162151,174,191646,California
Mariposa,2020-12-17,37,37,37,37,0,0,0,0,39,39,0,0,39,39,California
Mariposa,2020-12-18,55,92,55,92,0,0,0,0,56,95,0,0,56,95,California
Mariposa,2020-12-20,2,94,2,94,0,0,0,0,2,97,0,0,2,97,California
Mariposa,2020-12-21,49,143,49,143,0,0,0,0,53,150,0,0,53,150,California
Mariposa,2020-12-22,5,148,5,148,0,0,0,0,5,155,0,0,5,155,California
Mariposa,2020-12-23,16,164,16,164,0,0,0,0,16,171,0,0,16,171,California
Mariposa,2020-12-24,1,165,0,164,1,1,0,0,0,171,0,0,0,171,California
Mariposa,2020-12-26,1,166,1,165,0,1,0,0,1,172,0,0,1,172,California
Mariposa,2020-12-27,1,167,0,165,1,2,0,0,1,173,0,0,1,173,California
Mariposa,2020-12-28,6,173,3,168,3,5,0,0,6,179,0,0,6,179,California
Mariposa,2020-12-29,33,206,3,171,30,35,0,0,33,212,0,0,33,212,California
Mariposa,2020-12-30,25,231,4,175,21,56,0,0,25,237,0,0,25,237,California
Mariposa,2020-12-31,16,247,0,175,16,72,0,0,16,253,0,0,16,253,California
Mariposa,2021-01-02,1,248,1,176,0,72,0,0,1,254,0,0,1,254,California
Mariposa,2021-01-04,8,256,1,177,7,79,0,0,8,262,0,0,8,262,California
Mariposa,2021-01-05,24,280,14,191,10,89,0,0,14,266,10,10,14,276,California
Mariposa,2021-01-06,6,286,3,194,3,92,0,0,3,266,3,13,3,279,California
Mariposa,2021-01-07,51,337,46,240,5,97,0,0,5,225,46,59,5,284,California
Mariposa,2021-01-08,108,445,79,319,29,126,0,0,33,183,75,134,33,317,California
Mariposa,2021-01-09,1,446,0,319,1,127,0,0,1,184,0,134,1,318,California
Mariposa,2021-01-11,31,477,10,329,21,148,0,0,23,199,8,142,23,341,California
Mariposa,2021-01-12,19,496,4,333,15,163,0,0,15,210,4,146,15,356,California
Mariposa,2021-01-13,21,517,4,337,17,180,0,0,18,225,3,149,18,374,California
Mariposa,2021-01-14,73,590,7,344,66,246,0,0,67,286,6,155,67,441,California
Mariposa,2021-01-15,68,658,27,371,41,287,0,0,58,334,10,165,58,499,California
Mariposa,2021-01-16,14,672,2,373,12,299,0,0,13,346,1,166,13,512,California
Mariposa,2021-01-17,2,674,0,373,2,301,0,0,2,348,0,166,2,514,California
Mariposa,2021-01-18,3,677,3,376,0,301,0,0,1,347,2,168,1,515,California
Mariposa,2021-01-19,8,685,4,380,4,305,0,0,5,350,2,170,5,520,California
Mariposa,2021-01-20,23,708,1,381,22,327,0,0,22,371,1,171,22,542,California
Mariposa,2021-01-21,65,773,7,388,58,385,0,0,61,428,4,175,61,603,California
Mariposa,2021-01-22,56,829,2,390,54,439,0,0,56,484,0,175,56,659,California
Mariposa,2021-01-23,116,945,2,392,114,553,0,0,115,598,1,176,115,774,California
Mariposa,2021-01-24,2,947,2,394,0,553,0,0,2,600,0,176,2,776,California
Mariposa,2021-01-25,4,951,1,395,3,556,0,0,0,596,4,180,0,776,California
Mariposa,2021-01-26,36,987,4,399,32,588,0,0,4,572,32,212,8,784,California
Mariposa,2021-01-27,23,1010,1,400,22,610,0,0,13,575,10,222,13,797,California
Mariposa,2021-01-28,126,1136,3,403,123,733,0,0,113,676,12,234,113,910,California
Mariposa,2021-01-29,84,1220,22,425,62,795,0,0,83,758,1,235,83,993,California
Mariposa,2021-01-30,9,1229,1,426,8,803,0,0,8,765,1,236,8,1001,California
Mariposa,2021-01-31,1,1230,0,426,1,804,0,0,1,766,0,236,1,1002,California
Mariposa,2021-02-01,87,1317,30,456,57,861,0,0,66,811,21,257,66,1068,California
Mariposa,2021-02-02,15,1332,3,459,12,873,0,0,9,814,6,263,9,1077,California
Mariposa,2021-02-03,20,1352,1,460,19,892,0,0,14,822,6,269,14,1091,California
Mariposa,2021-02-04,98,1450,8,468,90,982,0,0,93,912,4,273,94,1185,California
Mariposa,2021-02-05,191,1641,5,473,186,1168,0,0,165,1051,26,299,165,1350,California
Mariposa,2021-02-06,11,1652,4,477,7,1175,0,0,10,1060,1,300,10,1360,California
Mariposa,2021-02-07,1,1653,0,477,1,1176,0,0,1,1061,0,300,1,1361,California
Mariposa,2021-02-08,40,1693,2,479,38,1214,0,0,21,1063,19,319,21,1382,California
Mariposa,2021-02-09,42,1735,24,503,18,1232,0,0,36,1093,6,325,36,1418,California
Mariposa,2021-02-10,28,1763,5,508,23,1255,0,0,17,1106,10,335,23,1441,California
Mariposa,2021-02-11,374,2137,5,513,369,1624,0,0,360,1455,14,349,363,1804,California
Mariposa,2021-02-12,185,2322,8,521,177,1801,0,0,141,1552,44,393,141,1945,California
Mariposa,2021-02-13,11,2333,3,524,8,1809,0,0,9,1559,2,395,9,1954,California
Mariposa,2021-02-14,8,2341,4,528,4,1813,0,0,5,1561,3,398,5,1959,California
Mariposa,2021-02-15,9,2350,3,531,6,1819,0,0,7,1566,2,400,7,1966,California
Mariposa,2021-02-16,57,2407,34,565,23,1842,0,0,34,1577,23,423,34,2000,California
Mariposa,2021-02-17,37,2444,9,574,28,1870,0,0,27,1596,9,432,28,2028,California
Mariposa,2021-02-18,57,2501,7,581,50,1920,0,0,20,1579,37,469,20,2048,California
Mariposa,2021-02-19,82,2583,3,584,79,1999,0,0,76,1649,6,475,76,2124,California
Mariposa,2021-02-20,253,2836,4,588,249,2248,0,0,223,1843,29,504,223,2347,California
Mariposa,2021-02-21,236,3072,3,591,233,2481,0,0,235,2077,1,505,235,2582,California
Mariposa,2021-02-22,23,3095,7,598,16,2497,0,0,21,2096,2,507,21,2603,California
Mariposa,2021-02-23,43,3138,37,635,6,2503,0,0,26,2105,17,524,26,2629,California
Mariposa,2021-02-24,20,3158,3,638,17,2520,0,0,8,2102,11,535,8,2637,California
Mariposa,2021-02-25,17,3175,8,646,9,2529,0,0,11,2107,6,541,11,2648,California
Mariposa,2021-02-26,424,3599,7,653,417,2946,0,0,363,2410,61,602,364,3012,California
Mariposa,2021-02-27,169,3768,5,658,164,3110,0,0,158,2557,11,613,158,3170,California
Mariposa,2021-02-28,2,3770,1,659,1,3111,0,0,0,2555,2,615,0,3170,California
Mariposa,2021-03-01,81,3851,26,685,55,3166,0,0,16,2507,64,679,16,3186,California
Mariposa,2021-03-02,20,3871,13,698,7,3173,0,0,11,2510,8,687,11,3197,California
Mariposa,2021-03-03,71,3942,5,703,66,3239,0,0,65,2570,6,693,66,3263,California
Mariposa,2021-03-04,38,3980,9,712,29,3268,0,0,20,2573,18,711,21,3284,California
Mariposa,2021-03-05,56,4036,9,721,47,3315,0,0,39,2600,17,728,44,3328,California
Mariposa,2021-03-06,15,4051,6,727,9,3324,0,0,7,2599,8,736,7,3335,California
Mariposa,2021-03-07,1,4052,1,728,0,3324,0,0,0,2598,1,737,0,3335,California
Mariposa,2021-03-08,38,4090,4,732,23,3347,11,11,9,2589,29,766,20,3355,California
Mariposa,2021-03-09,45,4135,18,750,17,3364,10,21,14,2582,31,797,24,3379,California
Mariposa,2021-03-10,31,4166,9,759,12,3376,10,31,10,2581,21,818,20,3399,California
Mariposa,2021-03-11,467,4633,6,765,442,3818,19,50,226,2589,240,1058,248,3647,California
Mariposa,2021-03-12,255,4888,8,773,220,4038,27,77,115,2590,140,1198,141,3788,California
Mariposa,2021-03-13,32,4920,6,779,11,4049,15,92,11,2594,21,1219,25,3813,California
Mariposa,2021-03-14,17,4937,2,781,4,4053,11,103,3,2594,14,1233,14,3827,California
Mariposa,2021-03-15,76,5013,7,788,31,4084,38,141,31,2618,45,1278,69,3896,California
Mariposa,2021-03-16,82,5095,33,821,14,4098,35,176,23,2617,59,1337,58,3954,California
Mariposa,2021-03-17,71,5166,10,831,53,4151,8,184,51,2657,19,1356,59,4013,California
Mariposa,2021-03-18,65,5231,14,845,41,4192,10,194,40,2682,25,1381,50,4063,California
Mariposa,2021-03-19,338,5569,11,856,322,4514,5,199,303,2955,35,1416,308,4371,California
Mariposa,2021-03-20,426,5995,5,861,419,4933,2,201,46,2624,380,1796,49,4420,California
Mariposa,2021-03-21,15,6010,9,870,5,4938,1,202,10,2631,4,1800,11,4431,California
Mariposa,2021-03-22,38,6048,7,877,23,4961,8,210,26,2654,12,1812,35,4466,California
Mariposa,2021-03-23,53,6101,33,910,10,4971,10,220,32,2675,21,1833,42,4508,California
Mariposa,2021-03-24,55,6156,5,915,48,5019,2,222,50,2722,5,1838,52,4560,California
Mariposa,2021-03-25,76,6232,15,930,53,5072,8,230,54,2764,20,1858,62,4622,California
Mariposa,2021-03-26,488,6720,9,939,478,5550,1,231,252,2781,236,2094,253,4875,California
Mariposa,2021-03-27,224,6944,8,947,216,5766,0,231,90,2739,134,2228,92,4967,California
Mariposa,2021-03-28,5,6949,0,947,2,5768,3,234,1,2739,4,2232,4,4971,California
Mariposa,2021-03-29,19,6968,6,953,13,5781,0,234,12,2744,7,2239,12,4983,California
Mariposa,2021-03-30,36,7004,13,966,7,5788,16,250,13,2750,23,2262,29,5012,California
Mariposa,2021-03-31,88,7092,15,981,66,5854,7,257,68,2805,20,2282,75,5087,California
Mariposa,2021-04-01,54,7146,10,991,36,5890,8,265,34,2827,20,2302,42,5129,California
Mariposa,2021-04-02,347,7493,11,1002,334,6224,2,267,306,3095,40,2342,308,5437,California
Mariposa,2021-04-03,10,7503,7,1009,3,6227,0,267,5,3095,5,2347,5,5442,California
Mariposa,2021-04-04,2,7505,1,1010,0,6227,1,268,0,3094,2,2349,1,5443,California
Mariposa,2021-04-05,33,7538,22,1032,7,6234,4,272,16,3097,17,2366,20,5463,California
Mariposa,2021-04-06,43,7581,20,1052,7,6241,16,288,13,3097,29,2395,29,5492,California
Mariposa,2021-04-07,98,7679,6,1058,73,6314,19,307,28,3074,70,2465,47,5539,California
Mariposa,2021-04-08,278,7957,13,1071,246,6560,19,326,142,3102,134,2599,162,5701,California
Mariposa,2021-04-09,38,7995,9,1080,14,6574,15,341,11,3101,27,2626,26,5727,California
Mariposa,2021-04-10,201,8196,3,1083,188,6762,10,351,186,3283,13,2639,195,5922,California
Mariposa,2021-04-11,124,8320,4,1087,118,6880,2,353,57,3276,67,2706,60,5982,California
Mariposa,2021-04-12,42,8362,13,1100,27,6907,2,355,13,3262,29,2735,15,5997,California
Mariposa,2021-04-13,52,8414,45,1145,7,6914,0,355,34,3278,18,2753,34,6031,California
Mariposa,2021-04-14,111,8525,7,1152,104,7018,0,355,57,3282,53,2806,57,6088,California
Mariposa,2021-04-15,57,8582,15,1167,42,7060,0,355,43,3314,11,2817,43,6131,California
Mariposa,2021-04-16,382,8964,11,1178,371,7431,0,355,106,3144,276,3093,106,6237,California
Mariposa,2021-04-17,9,8973,5,1183,4,7435,0,355,6,3147,3,3096,6,6243,California
Mariposa,2021-04-18,7,8980,0,1183,7,7442,0,355,3,3146,4,3100,3,6246,California
Mariposa,2021-04-19,57,9037,25,1208,32,7474,0,355,29,3149,26,3126,29,6275,California
Mariposa,2021-04-20,62,9099,49,1257,13,7487,0,355,39,3167,21,3147,39,6314,California
Mariposa,2021-04-21,90,9189,13,1270,77,7564,0,355,42,3162,47,3194,42,6356,California
Mariposa,2021-04-22,47,9236,8,1278,39,7603,0,355,37,3190,9,3203,37,6393,California
Mariposa,2021-04-23,314,9550,69,1347,245,7848,0,355,143,3164,171,3374,145,6538,California
Mariposa,2021-04-24,105,9655,10,1357,95,7943,0,355,42,3144,62,3436,42,6580,California
Mariposa,2021-04-26,14,9669,10,1367,4,7947,0,355,4,3138,10,3446,4,6584,California
Mariposa,2021-04-27,31,9700,16,1383,14,7961,1,356,15,3141,13,3459,16,6600,California
Mariposa,2021-04-28,74,9774,13,1396,54,8015,7,363,29,3132,45,3504,36,6636,California
Mariposa,2021-04-29,84,9858,12,1408,71,8086,1,364,79,3207,5,3509,80,6716,California
Mariposa,2021-04-30,209,10067,5,1413,199,8285,5,369,63,3129,146,3655,68,6784,California
Mariposa,2021-05-01,2,10069,2,1415,0,8285,0,369,0,3127,2,3657,0,6784,California
Mariposa,2021-05-02,3,10072,2,1417,0,8285,1,370,0,3125,3,3660,1,6785,California
Mariposa,2021-05-03,16,10088,12,1429,3,8288,1,371,7,3125,8,3668,8,6793,California
Mariposa,2021-05-04,50,10138,31,1460,15,8303,4,375,36,3151,14,3682,40,6833,California
Mariposa,2021-05-05,56,10194,8,1468,46,8349,2,377,17,3131,39,3721,19,6852,California
Mariposa,2021-05-06,54,10248,35,1503,14,8363,5,382,38,3158,16,3737,43,6895,California
Mariposa,2021-05-07,27,10275,7,1510,17,8380,3,385,13,3160,14,3751,16,6911,California
Mariposa,2021-05-08,281,10556,4,1514,277,8657,0,385,34,2949,247,3998,36,6947,California
Mariposa,2021-05-09,2,10558,1,1515,1,8658,0,385,0,2947,2,4000,0,6947,California
Mariposa,2021-05-10,19,10577,8,1523,9,8667,2,387,4,2938,15,4015,6,6953,California
Mariposa,2021-05-11,28,10605,19,1542,9,8676,0,387,20,2951,7,4022,20,6973,California
Mariposa,2021-05-12,65,10670,4,1546,58,8734,3,390,6,2901,59,4081,9,6982,California
Mariposa,2021-05-13,48,10718,8,1554,38,8772,2,392,14,2883,34,4115,16,6998,California
Mariposa,2021-05-14,250,10968,122,1676,121,8893,7,399,118,2876,132,4247,125,7123,California
Mariposa,2021-05-15,17,10985,8,1684,8,8901,1,400,10,2880,7,4254,11,7134,California
Mariposa,2021-05-16,3,10988,1,1685,1,8902,1,401,1,2880,2,4256,2,7136,California
Mariposa,2021-05-17,15,11003,6,1691,6,8908,3,404,7,2882,8,4264,10,7146,California
Mariposa,2021-05-18,61,11064,41,1732,15,8923,5,409,45,2917,15,4279,50,7196,California
Mariposa,2021-05-19,68,11132,32,1764,35,8958,1,410,50,2951,17,4296,51,7247,California
Mariposa,2021-05-20,34,11166,19,1783,13,8971,2,412,13,2945,21,4317,15,7262,California
Mariposa,2021-05-21,92,11258,8,1791,82,9053,2,414,42,2940,49,4366,44,7306,California
Mariposa,2021-05-22,36,11294,4,1795,31,9084,1,415,15,2935,21,4387,16,7322,California
Mariposa,2021-05-23,3,11297,2,1797,0,9084,1,416,2,2937,1,4388,3,7325,California
Mariposa,2021-05-24,7,11304,6,1803,0,9084,1,417,5,2941,2,4390,6,7331,California
Mariposa,2021-05-25,1,11305,0,1803,1,9085,0,417,1,2942,0,4390,1,7332,California
Mendocino,2020-12-17,70,70,70,70,0,0,0,0,70,70,0,0,70,70,California
Mendocino,2020-12-18,85,155,84,154,1,1,0,0,84,154,0,0,84,154,California
Mendocino,2020-12-19,4,159,4,158,0,1,0,0,4,158,0,0,4,158,California
Mendocino,2020-12-20,7,166,7,165,0,1,0,0,7,165,0,0,7,165,California
Mendocino,2020-12-21,241,407,241,406,0,1,0,0,77,242,0,0,77,242,California
Mendocino,2020-12-22,252,659,191,597,61,62,0,0,252,494,0,0,252,494,California
Mendocino,2020-12-23,270,929,47,644,223,285,0,0,269,763,0,0,269,763,California
Mendocino,2020-12-24,49,978,8,652,41,326,0,0,49,812,0,0,49,812,California
Mendocino,2020-12-25,1,979,0,652,1,327,0,0,1,813,0,0,1,813,California
Mendocino,2020-12-26,2,981,2,654,0,327,0,0,2,815,0,0,2,815,California
Mendocino,2020-12-27,1,982,0,654,1,328,0,0,1,816,0,0,1,816,California
Mendocino,2020-12-28,74,1056,9,663,65,393,0,0,74,890,0,0,74,890,California
Mendocino,2020-12-29,122,1178,61,724,61,454,0,0,122,1012,0,0,122,1012,California
Mendocino,2020-12-30,121,1299,67,791,54,508,0,0,121,1133,0,0,121,1133,California
Mendocino,2020-12-31,132,1431,97,888,35,543,0,0,132,1265,0,0,132,1265,California
Mendocino,2021-01-01,8,1439,6,894,2,545,0,0,8,1273,0,0,8,1273,California
Mendocino,2021-01-04,838,2277,18,912,820,1365,0,0,838,2111,0,0,838,2111,California
Mendocino,2021-01-05,74,2351,36,948,38,1403,0,0,61,2159,13,13,61,2172,California
Mendocino,2021-01-06,155,2506,133,1081,22,1425,0,0,145,2294,10,23,145,2317,California
Mendocino,2021-01-07,361,2867,238,1319,123,1548,0,0,298,2529,63,86,298,2615,California
Mendocino,2021-01-08,95,2962,82,1401,13,1561,0,0,41,2517,54,140,42,2657,California
Mendocino,2021-01-09,10,2972,6,1407,4,1565,0,0,8,2523,2,142,8,2665,California
Mendocino,2021-01-10,9,2981,8,1415,1,1566,0,0,2,2518,7,149,2,2667,California
Mendocino,2021-01-11,101,3082,92,1507,9,1575,0,0,43,2504,57,206,43,2710,California
Mendocino,2021-01-12,387,3469,377,1884,10,1585,0,0,270,2657,117,323,270,2980,California
Mendocino,2021-01-13,491,3960,145,2029,346,1931,0,0,449,3067,40,363,450,3430,California
Mendocino,2021-01-14,652,4612,20,2049,632,2563,0,0,643,3701,9,372,643,4073,California
Mendocino,2021-01-15,1872,6484,861,2910,1011,3574,0,0,1867,5564,5,377,1868,5941,California
Mendocino,2021-01-16,792,7276,50,2960,742,4316,0,0,790,6352,2,379,790,6731,California
Mendocino,2021-01-17,554,7830,1,2961,553,4869,0,0,553,6904,1,380,553,7284,California
Mendocino,2021-01-18,487,8317,462,3423,25,4894,0,0,476,7369,11,391,476,7760,California
Mendocino,2021-01-19,334,8651,148,3571,186,5080,0,0,158,7351,176,567,158,7918,California
Mendocino,2021-01-20,555,9206,407,3978,148,5228,0,0,449,7697,104,671,450,8368,California
Mendocino,2021-01-21,538,9744,225,4203,313,5541,0,0,352,7864,185,856,352,8720,California
Mendocino,2021-01-22,149,9893,58,4261,91,5632,0,0,110,7935,39,895,110,8830,California
Mendocino,2021-01-23,156,10049,84,4345,72,5704,0,0,150,8079,6,901,150,8980,California
Mendocino,2021-01-24,5,10054,3,4348,2,5706,0,0,5,8084,0,901,5,8985,California
Mendocino,2021-01-25,192,10246,18,4366,174,5880,0,0,122,8136,70,971,122,9107,California
Mendocino,2021-01-26,153,10399,53,4419,100,5980,0,0,94,8171,59,1030,94,9201,California
Mendocino,2021-01-27,441,10840,371,4790,70,6050,0,0,176,8089,258,1288,176,9377,California
Mendocino,2021-01-28,593,11433,529,5319,64,6114,0,0,498,8493,94,1382,498,9875,California
Mendocino,2021-01-29,393,11826,352,5671,41,6155,0,0,364,8829,29,1411,365,10240,California
Mendocino,2021-01-30,50,11876,31,5702,19,6174,0,0,43,8865,7,1418,43,10283,California
Mendocino,2021-01-31,274,12150,2,5704,272,6446,0,0,4,8599,270,1688,4,10287,California
Mendocino,2021-02-01,381,12531,52,5756,329,6775,0,0,59,8336,322,2010,59,10346,California
Mendocino,2021-02-02,737,13268,516,6272,221,6996,0,0,377,8353,360,2370,377,10723,California
Mendocino,2021-02-03,392,13660,207,6479,185,7181,0,0,222,8407,168,2538,222,10945,California
Mendocino,2021-02-04,625,14285,530,7009,95,7276,0,0,500,8782,125,2663,500,11445,California
Mendocino,2021-02-05,1304,15589,1214,8223,90,7366,0,0,584,8648,718,3381,584,12029,California
Mendocino,2021-02-06,558,16147,157,8380,401,7767,0,0,543,9176,15,3396,543,12572,California
Mendocino,2021-02-07,32,16179,28,8408,4,7771,0,0,32,9208,0,3396,32,12604,California
Mendocino,2021-02-08,747,16926,716,9124,31,7802,0,0,284,9029,463,3859,284,12888,California
Mendocino,2021-02-09,141,17067,58,9182,83,7885,0,0,89,9066,52,3911,89,12977,California
Mendocino,2021-02-10,1490,18557,924,10106,566,8451,0,0,743,9069,740,4651,743,13720,California
Mendocino,2021-02-11,1210,19767,208,10314,1002,9453,0,0,299,8457,911,5562,299,14019,California
Mendocino,2021-02-12,1454,21221,163,10477,1291,10744,0,0,655,8314,798,6360,655,14674,California
Mendocino,2021-02-13,501,21722,15,10492,486,11230,0,0,106,8031,394,6754,111,14785,California
Mendocino,2021-02-14,695,22417,3,10495,692,11922,0,0,135,7606,560,7314,135,14920,California
Mendocino,2021-02-15,330,22747,42,10537,288,12210,0,0,175,7626,155,7469,175,15095,California
Mendocino,2021-02-16,201,22948,51,10588,150,12360,0,0,130,7685,71,7540,130,15225,California
Mendocino,2021-02-17,1354,24302,1191,11779,163,12523,0,0,877,8087,475,8015,877,16102,California
Mendocino,2021-02-18,1791,26093,646,12425,1145,13668,0,0,1224,8745,566,8581,1224,17326,California
Mendocino,2021-02-19,756,26849,148,12573,608,14276,0,0,616,9221,140,8721,616,17942,California
Mendocino,2021-02-20,575,27424,549,13122,26,14302,0,0,544,9736,29,8750,544,18486,California
Mendocino,2021-02-21,326,27750,6,13128,320,14622,0,0,314,10039,11,8761,314,18800,California
Mendocino,2021-02-22,161,27911,29,13157,132,14754,0,0,69,10018,90,8851,69,18869,California
Mendocino,2021-02-23,857,28768,843,14000,14,14768,0,0,645,10453,210,9061,645,19514,California
Mendocino,2021-02-24,1848,30616,1766,15766,82,14850,0,0,1436,11484,407,9468,1438,20952,California
Mendocino,2021-02-25,1709,32325,533,16299,1176,16026,0,0,1287,12350,421,9889,1287,22239,California
Mendocino,2021-02-26,1416,33741,748,17047,668,16694,0,0,1050,13037,363,10252,1050,23289,California
Mendocino,2021-02-27,200,33941,151,17198,49,16743,0,0,77,12992,122,10374,77,23366,California
Mendocino,2021-02-28,36,33977,14,17212,22,16765,0,0,24,13004,12,10386,24,23390,California
Mendocino,2021-03-01,589,34566,547,17759,42,16807,0,0,549,13516,37,10423,549,23939,California
Mendocino,2021-03-02,75,34641,27,17786,48,16855,0,0,41,13524,33,10456,41,23980,California
Mendocino,2021-03-03,2034,36675,1333,19119,701,17556,0,0,1384,14260,648,11104,1384,25364,California
Mendocino,2021-03-04,1849,38524,148,19267,1701,19257,0,0,1631,15677,215,11319,1632,26996,California
Mendocino,2021-03-05,475,38999,416,19683,50,19307,9,9,372,15959,99,11418,381,27377,California
Mendocino,2021-03-06,246,39245,23,19706,198,19505,25,34,203,16145,42,11460,228,27605,California
Mendocino,2021-03-07,506,39751,8,19714,478,19983,20,54,118,15895,387,11847,137,27742,California
Mendocino,2021-03-08,123,39874,28,19742,57,20040,38,92,63,15938,58,11905,101,27843,California
Mendocino,2021-03-09,941,40815,601,20343,299,20339,41,133,834,16706,107,12012,875,28718,California
Mendocino,2021-03-10,1147,41962,984,21327,98,20437,65,198,272,16175,871,12883,340,29058,California
Mendocino,2021-03-11,840,42802,626,21953,160,20597,54,252,398,16188,439,13322,452,29510,California
Mendocino,2021-03-12,2063,44865,1051,23004,899,21496,113,365,1233,16711,823,14145,1346,30856,California
Mendocino,2021-03-13,702,45567,570,23574,74,21570,58,423,107,16286,591,14736,166,31022,California
Mendocino,2021-03-14,106,45673,4,23578,95,21665,7,430,12,16215,90,14826,19,31041,California
Mendocino,2021-03-15,599,46272,50,23628,491,22156,58,488,210,16094,388,15214,267,31308,California
Mendocino,2021-03-16,583,46855,386,24014,151,22307,46,534,121,15801,460,15674,167,31475,California
Mendocino,2021-03-17,1583,48438,1379,25393,55,22362,149,683,218,14813,1361,17035,373,31848,California
Mendocino,2021-03-18,1313,49751,248,25641,1027,23389,38,721,284,14113,1021,18056,321,32169,California
Mendocino,2021-03-19,1781,51532,855,26496,865,24254,61,782,333,13065,1444,19500,396,32565,California
Mendocino,2021-03-20,69,51601,10,26506,38,24292,21,803,12,13041,57,19557,33,32598,California
Mendocino,2021-03-21,8,51609,1,26507,2,24294,5,808,3,13044,5,19562,8,32606,California
Mendocino,2021-03-22,657,52266,613,27120,15,24309,29,837,146,12711,507,20069,174,32780,California
Mendocino,2021-03-23,165,52431,33,27153,102,24411,30,867,114,12804,51,20120,144,32924,California
Mendocino,2021-03-24,915,53346,841,27994,27,24438,47,914,112,12162,801,20921,159,33083,California
Mendocino,2021-03-25,2018,55364,52,28046,1946,26384,20,934,176,10520,1836,22757,194,33277,California
Mendocino,2021-03-26,546,55910,395,28441,126,26510,25,959,114,10227,432,23189,139,33416,California
Mendocino,2021-03-27,142,56052,13,28454,117,26627,12,971,80,10257,61,23250,91,33507,California
Mendocino,2021-03-28,25,56077,5,28459,16,26643,4,975,3,10243,21,23271,7,33514,California
Mendocino,2021-03-29,189,56266,100,28559,45,26688,44,1019,95,10288,94,23365,139,33653,California
Mendocino,2021-03-30,719,56985,634,29193,48,26736,37,1056,106,9820,611,23976,143,33796,California
Mendocino,2021-03-31,915,57900,280,29473,574,27310,61,1117,153,9274,760,24736,214,34010,California
Mendocino,2021-04-01,1733,59633,414,29887,1238,28548,81,1198,375,8379,1350,26086,455,34465,California
Mendocino,2021-04-02,1303,60936,1072,30959,158,28706,73,1271,158,7468,1142,27228,231,34696,California
Mendocino,2021-04-03,708,61644,10,30969,677,29383,21,1292,85,6956,619,27847,107,34803,California
Mendocino,2021-04-04,70,61714,34,31003,30,29413,6,1298,54,7000,16,27863,60,34863,California
Mendocino,2021-04-05,211,61925,141,31144,46,29459,24,1322,125,7060,86,27949,146,35009,California
Mendocino,2021-04-06,397,62322,123,31267,179,29638,95,1417,106,6970,291,28240,201,35210,California
Mendocino,2021-04-07,486,62808,176,31443,65,29703,245,1662,114,6959,369,28609,358,35568,California
Mendocino,2021-04-08,1492,64300,915,32358,462,30165,115,1777,1001,7591,485,29094,1117,36685,California
Mendocino,2021-04-09,757,65057,425,32783,171,30336,161,1938,395,7786,361,29455,556,37241,California
Mendocino,2021-04-10,405,65462,91,32874,268,30604,46,1984,99,7625,306,29761,145,37386,California
Mendocino,2021-04-11,122,65584,47,32921,19,30623,56,2040,59,7677,63,29824,115,37501,California
Mendocino,2021-04-12,621,66205,513,33434,48,30671,60,2100,407,7930,214,30038,467,37968,California
Mendocino,2021-04-13,290,66495,227,33661,63,30734,0,2100,222,8084,68,30106,222,38190,California
Mendocino,2021-04-14,519,67014,427,34088,92,30826,0,2100,416,8397,103,30209,416,38606,California
Mendocino,2021-04-15,657,67671,327,34415,330,31156,0,2100,387,8518,266,30475,387,38993,California
Mendocino,2021-04-16,125,67796,52,34467,72,31228,1,2101,77,8548,47,30522,77,39070,California
Mendocino,2021-04-17,196,67992,12,34479,184,31412,0,2101,67,8488,127,30649,67,39137,California
Mendocino,2021-04-18,13,68005,6,34485,7,31419,0,2101,8,8492,4,30653,8,39145,California
Mendocino,2021-04-19,539,68544,515,35000,23,31442,1,2102,427,8809,111,30764,428,39573,California
Mendocino,2021-04-20,419,68963,292,35292,127,31569,0,2102,262,8915,156,30920,262,39835,California
Mendocino,2021-04-21,192,69155,133,35425,58,31627,1,2103,113,8951,77,30997,113,39948,California
Mendocino,2021-04-22,487,69642,312,35737,174,31801,1,2104,317,9100,168,31165,317,40265,California
Mendocino,2021-04-23,846,70488,704,36441,142,31943,0,2104,688,9633,155,31320,688,40953,California
Mendocino,2021-04-24,109,70597,15,36456,94,32037,0,2104,102,9728,7,31327,102,41055,California
Mendocino,2021-04-25,56,70653,32,36488,20,32057,4,2108,18,9712,38,31365,22,41077,California
Mendocino,2021-04-26,303,70956,237,36725,61,32118,5,2113,196,9807,106,31471,201,41278,California
Mendocino,2021-04-27,201,71157,89,36814,85,32203,27,2140,92,9817,108,31579,118,41396,California
Mendocino,2021-04-28,220,71377,148,36962,53,32256,19,2159,125,9867,95,31674,145,41541,California
Mendocino,2021-04-29,1141,72518,844,37806,282,32538,15,2174,105,8954,1033,32707,120,41661,California
Mendocino,2021-04-30,607,73125,385,38191,212,32750,10,2184,228,8814,378,33085,238,41899,California
Mendocino,2021-05-01,472,73597,434,38625,32,32782,6,2190,367,9083,104,33189,373,42272,California
Mendocino,2021-05-02,55,73652,46,38671,6,32788,3,2193,8,9048,46,33235,11,42283,California
Mendocino,2021-05-03,147,73799,86,38757,39,32827,22,2215,43,9011,102,33337,65,42348,California
Mendocino,2021-05-04,378,74177,253,39010,92,32919,33,2248,140,8946,238,33575,173,42521,California
Mendocino,2021-05-05,870,75047,786,39796,69,32988,15,2263,219,8530,650,34225,234,42755,California
Mendocino,2021-05-06,627,75674,380,40176,225,33213,22,2285,151,8229,474,34699,173,42928,California
Mendocino,2021-05-07,179,75853,35,40211,120,33333,24,2309,115,8305,63,34762,139,43067,California
Mendocino,2021-05-08,125,75978,4,40215,120,33453,1,2310,109,8400,15,34777,110,43177,California
Mendocino,2021-05-09,20,75998,5,40220,14,33467,1,2311,3,8387,17,34794,4,43181,California
Mendocino,2021-05-10,244,76242,161,40381,78,33545,5,2316,150,8448,94,34888,155,43336,California
Mendocino,2021-05-11,275,76517,143,40524,115,33660,17,2333,127,8443,148,35036,143,43479,California
Mendocino,2021-05-12,129,76646,79,40603,42,33702,8,2341,37,8398,90,35126,45,43524,California
Mendocino,2021-05-13,1206,77852,1106,41709,84,33786,16,2357,307,7822,899,36025,323,43847,California
Mendocino,2021-05-14,705,78557,485,42194,157,33943,63,2420,237,7660,463,36488,301,44148,California
Mendocino,2021-05-15,85,78642,29,42223,52,33995,4,2424,40,7659,45,36533,44,44192,California
Mendocino,2021-05-16,114,78756,101,42324,11,34006,2,2426,98,7743,16,36549,100,44292,California
Mendocino,2021-05-17,172,78928,83,42407,73,34079,16,2442,97,7781,75,36624,113,44405,California
Mendocino,2021-05-18,242,79170,117,42524,97,34176,28,2470,109,7785,132,36756,136,44541,California
Mendocino,2021-05-19,322,79492,189,42713,112,34288,21,2491,239,7964,81,36837,260,44801,California
Mendocino,2021-05-20,278,79770,105,42818,131,34419,42,2533,98,7927,177,37014,140,44941,California
Mendocino,2021-05-21,584,80354,449,43267,125,34544,10,2543,470,8294,113,37127,480,45421,California
Mendocino,2021-05-22,590,80944,519,43786,65,34609,6,2549,193,8097,396,37523,199,45620,California
Mendocino,2021-05-23,18,80962,11,43797,1,34610,6,2555,10,8106,7,37530,16,45636,California
Mendocino,2021-05-24,110,81072,38,43835,56,34666,16,2571,52,8117,57,37587,68,45704,California
Mendocino,2021-05-25,195,81267,152,43987,37,34703,6,2577,96,8120,99,37686,102,45806,California
Merced,2020-12-16,3,3,3,3,0,0,0,0,3,3,0,0,3,3,California
Merced,2020-12-17,5,8,5,8,0,0,0,0,5,8,0,0,5,8,California
Merced,2020-12-18,143,151,143,151,0,0,0,0,143,151,0,0,143,151,California
Merced,2020-12-19,39,190,39,190,0,0,0,0,39,190,0,0,39,190,California
Merced,2020-12-20,18,208,18,208,0,0,0,0,18,208,0,0,18,208,California
Merced,2020-12-21,125,333,122,330,3,3,0,0,125,333,0,0,125,333,California
Merced,2020-12-22,152,485,152,482,0,3,0,0,152,485,0,0,152,485,California
Merced,2020-12-23,248,733,242,724,6,9,0,0,248,733,0,0,248,733,California
Merced,2020-12-24,72,805,72,796,0,9,0,0,72,805,0,0,72,805,California
Merced,2020-12-25,4,809,4,800,0,9,0,0,4,809,0,0,4,809,California
Merced,2020-12-26,6,815,3,803,3,12,0,0,6,815,0,0,6,815,California
Merced,2020-12-27,12,827,11,814,1,13,0,0,12,827,0,0,12,827,California
Merced,2020-12-28,123,950,98,912,25,38,0,0,123,950,0,0,123,950,California
Merced,2020-12-29,179,1129,123,1035,56,94,0,0,179,1129,0,0,179,1129,California
Merced,2020-12-30,215,1344,89,1124,126,220,0,0,215,1344,0,0,215,1344,California
Merced,2020-12-31,103,1447,34,1158,69,289,0,0,103,1447,0,0,103,1447,California
Merced,2021-01-01,5,1452,1,1159,4,293,0,0,5,1452,0,0,5,1452,California
Merced,2021-01-02,129,1581,118,1277,11,304,0,0,129,1581,0,0,129,1581,California
Merced,2021-01-03,9,1590,5,1282,4,308,0,0,9,1590,0,0,9,1590,California
Merced,2021-01-04,80,1670,42,1324,38,346,0,0,80,1670,0,0,80,1670,California
Merced,2021-01-05,319,1989,231,1555,88,434,0,0,313,1979,6,6,315,1985,California
Merced,2021-01-06,255,2244,105,1660,150,584,0,0,249,2222,6,12,249,2234,California
Merced,2021-01-07,185,2429,81,1741,104,688,0,0,175,2386,11,23,175,2409,California
Merced,2021-01-08,526,2955,392,2133,134,822,0,0,375,2611,150,173,375,2784,California
Merced,2021-01-09,23,2978,10,2143,13,835,0,0,17,2622,6,179,17,2801,California
Merced,2021-01-10,11,2989,7,2150,4,839,0,0,7,2625,4,183,7,2808,California
Merced,2021-01-11,227,3216,168,2318,59,898,0,0,102,2604,125,308,104,2912,California
Merced,2021-01-12,294,3510,171,2489,123,1021,0,0,244,2797,51,359,244,3156,California
Merced,2021-01-13,374,3884,174,2663,200,1221,0,0,223,2872,151,510,226,3382,California
Merced,2021-01-14,323,4207,200,2863,123,1344,0,0,158,2867,164,674,159,3541,California
Merced,2021-01-15,587,4794,131,2994,456,1800,0,0,548,3378,40,714,551,4092,California
Merced,2021-01-16,213,5007,130,3124,83,1883,0,0,196,3557,17,731,196,4288,California
Merced,2021-01-17,50,5057,12,3136,38,1921,0,0,49,3605,1,732,49,4337,California
Merced,2021-01-18,261,5318,126,3262,135,2056,0,0,239,3825,22,754,242,4579,California
Merced,2021-01-19,710,6028,586,3848,124,2180,0,0,539,4197,171,925,543,5122,California
Merced,2021-01-20,572,6600,467,4315,105,2285,0,0,515,4658,57,982,518,5640,California
Merced,2021-01-21,1010,7610,649,4964,361,2646,0,0,910,5471,100,1082,913,6553,California
Merced,2021-01-22,1313,8923,693,5657,620,3266,0,0,1285,6741,27,1109,1297,7850,California
Merced,2021-01-23,324,9247,197,5854,127,3393,0,0,217,6851,107,1216,217,8067,California
Merced,2021-01-24,37,9284,15,5869,22,3415,0,0,28,6871,8,1224,28,8095,California
Merced,2021-01-25,729,10013,241,6110,488,3903,0,0,670,7484,58,1282,671,8766,California
Merced,2021-01-26,917,10930,487,6597,430,4333,0,0,676,7947,214,1496,677,9443,California
Merced,2021-01-27,981,11911,584,7181,397,4730,0,0,813,8594,166,1662,813,10256,California
Merced,2021-01-28,1140,13051,594,7775,546,5276,0,0,1016,9488,123,1785,1017,11273,California
Merced,2021-01-29,851,13902,324,8099,527,5803,0,0,599,9850,240,2025,602,11875,California
Merced,2021-01-30,261,14163,28,8127,233,6036,0,0,244,10077,17,2042,244,12119,California
Merced,2021-01-31,47,14210,11,8138,36,6072,0,0,46,10122,1,2043,46,12165,California
Merced,2021-02-01,376,14586,53,8191,323,6395,0,0,326,10400,49,2092,327,12492,California
Merced,2021-02-02,297,14883,181,8372,116,6511,0,0,176,10459,118,2210,177,12669,California
Merced,2021-02-03,348,15231,72,8444,276,6787,0,0,168,10447,180,2390,168,12837,California
Merced,2021-02-04,371,15602,145,8589,226,7013,0,0,240,10558,130,2520,241,13078,California
Merced,2021-02-05,511,16113,171,8760,340,7353,0,0,270,10590,240,2760,272,13350,California
Merced,2021-02-06,388,16501,218,8978,170,7523,0,0,245,10695,141,2901,246,13596,California
Merced,2021-02-07,21,16522,13,8991,8,7531,0,0,14,10702,7,2908,14,13610,California
Merced,2021-02-08,281,16803,198,9189,83,7614,0,0,171,10765,109,3017,172,13782,California
Merced,2021-02-09,1214,18017,954,10143,260,7874,0,0,772,11104,434,3451,773,14555,California
Merced,2021-02-10,1855,19872,1433,11576,422,8296,0,0,1274,11807,571,4022,1274,15829,California
Merced,2021-02-11,2502,22374,2006,13582,496,8792,0,0,1812,12939,680,4702,1812,17641,California
Merced,2021-02-12,1717,24091,1015,14597,702,9494,0,0,745,12731,955,5657,747,18388,California
Merced,2021-02-13,361,24452,206,14803,155,9649,0,0,262,12900,95,5752,264,18652,California
Merced,2021-02-14,117,24569,26,14829,91,9740,0,0,95,12974,22,5774,96,18748,California
Merced,2021-02-15,273,24842,41,14870,232,9972,0,0,168,13044,99,5873,169,18917,California
Merced,2021-02-16,1216,26058,844,15714,372,10344,0,0,835,13520,363,6236,839,19756,California
Merced,2021-02-17,1880,27938,1635,17349,245,10589,0,0,1310,14283,556,6792,1319,21075,California
Merced,2021-02-18,1212,29150,822,18171,390,10979,0,0,403,13901,788,7580,406,21481,California
Merced,2021-02-19,1265,30415,414,18585,851,11830,0,0,538,13720,721,8301,540,22021,California
Merced,2021-02-20,277,30692,31,18616,246,12076,0,0,139,13723,136,8437,139,22160,California
Merced,2021-02-21,77,30769,62,18678,15,12091,0,0,31,13709,45,8482,31,22191,California
Merced,2021-02-22,832,31601,294,18972,538,12629,0,0,482,13843,348,8830,482,22673,California
Merced,2021-02-23,1085,32686,423,19395,662,13291,0,0,640,14045,439,9269,641,23314,California
Merced,2021-02-24,818,33504,302,19697,516,13807,0,0,446,14129,363,9632,447,23761,California
Merced,2021-02-25,1764,35268,871,20568,893,14700,0,0,1312,14994,449,10081,1314,25075,California
Merced,2021-02-26,2152,37420,1378,21946,774,15474,0,0,1741,16330,406,10487,1742,26817,California
Merced,2021-02-27,2531,39951,1105,23051,1426,16900,0,0,2246,18293,283,10770,2246,29063,California
Merced,2021-02-28,307,40258,72,23123,235,17135,0,0,252,18494,51,10821,252,29315,California
Merced,2021-03-01,1120,41378,280,23403,839,17974,1,1,778,18940,333,11154,779,30094,California
Merced,2021-03-02,1752,43130,909,24312,842,18816,1,2,1362,19922,381,11535,1363,31457,California
Merced,2021-03-03,2222,45352,1729,26041,492,19308,1,3,1463,20647,740,12275,1465,32922,California
Merced,2021-03-04,2891,48243,2273,28314,616,19924,2,5,1920,21617,953,13228,1923,34845,California
Merced,2021-03-05,2064,50307,1193,29507,847,20771,24,29,1525,22642,525,13753,1550,36395,California
Merced,2021-03-06,1166,51473,662,30169,482,21253,22,51,910,23319,255,14008,932,37327,California
Merced,2021-03-07,229,51702,65,30234,139,21392,25,76,200,23515,29,14037,225,37552,California
Merced,2021-03-08,1406,53108,808,31042,533,21925,65,141,1192,24557,214,14251,1256,38808,California
Merced,2021-03-09,1697,54805,1002,32044,588,22513,107,248,1099,25172,592,14843,1207,40015,California
Merced,2021-03-10,2697,57502,1868,33912,629,23142,200,448,1621,25936,1061,15904,1825,41840,California
Merced,2021-03-11,1942,59444,692,34604,1046,24188,204,652,1224,26683,703,16607,1450,43290,California
Merced,2021-03-12,2212,61656,903,35507,1041,25229,268,920,1497,27750,710,17317,1777,45067,California
Merced,2021-03-13,726,62382,310,35817,174,25403,242,1162,419,28113,299,17616,662,45729,California
Merced,2021-03-14,249,62631,136,35953,83,25486,30,1192,149,28194,99,17715,180,45909,California
Merced,2021-03-15,1515,64146,494,36447,766,26252,255,1447,998,28936,510,18225,1252,47161,California
Merced,2021-03-16,1464,65610,713,37160,525,26777,226,1673,975,29658,478,18703,1200,48361,California
Merced,2021-03-17,1967,67577,1062,38222,726,27503,179,1852,1513,30907,445,19148,1694,50055,California
Merced,2021-03-18,2047,69624,1178,39400,722,28225,147,1999,1394,31821,640,19788,1554,51609,California
Merced,2021-03-19,2666,72290,1454,40854,1019,29244,193,2192,1386,32132,1269,21057,1580,53189,California
Merced,2021-03-20,2420,74710,1491,42345,534,29778,395,2587,957,32029,1459,22516,1356,54545,California
Merced,2021-03-21,557,75267,343,42688,201,29979,13,2600,437,32361,120,22636,452,54997,California
Merced,2021-03-22,1263,76530,630,43318,557,30536,76,2676,886,32955,370,23006,964,55961,California
Merced,2021-03-23,1832,78362,1105,44423,663,31199,64,2740,1350,33893,477,23483,1415,57376,California
Merced,2021-03-24,1463,79825,925,45348,503,31702,35,2775,986,34442,472,23955,1021,58397,California
Merced,2021-03-25,3316,83141,2277,47625,1016,32718,23,2798,2078,35319,1227,25182,2104,60501,California
Merced,2021-03-26,1933,85074,1086,48711,812,33530,35,2833,889,35208,1034,26216,923,61424,California
Merced,2021-03-27,3553,88627,1902,50613,1236,34766,415,3248,1548,35180,1992,28208,1964,63388,California
Merced,2021-03-28,520,89147,215,50828,297,35063,8,3256,215,35100,303,28511,223,63611,California
Merced,2021-03-29,1825,90972,776,51604,882,35945,167,3423,668,34790,1149,29660,839,64450,California
Merced,2021-03-30,2146,93118,800,52404,1287,37232,59,3482,990,34689,1152,30812,1051,65501,California
Merced,2021-03-31,2133,95251,1403,53807,692,37924,38,3520,951,34512,1167,31979,990,66491,California
Merced,2021-04-01,2193,97444,1025,54832,1042,38966,126,3646,998,34449,1189,33168,1126,67617,California
Merced,2021-04-02,2337,99781,638,55470,1294,40260,405,4051,784,34103,1536,34704,1190,68807,California
Merced,2021-04-03,911,100692,431,55901,465,40725,15,4066,500,34213,407,35111,517,69324,California
Merced,2021-04-04,370,101062,143,56044,223,40948,4,4070,141,34132,228,35339,147,69471,California
Merced,2021-04-05,1270,102332,605,56649,453,41401,212,4282,418,33916,845,36184,629,70100,California
Merced,2021-04-06,2421,104753,897,57546,697,42098,827,5109,890,34105,1527,37711,1716,71816,California
Merced,2021-04-07,1653,106406,888,58434,658,42756,107,5216,586,33748,1052,38763,695,72511,California
Merced,2021-04-08,2297,108703,1170,59604,912,43668,215,5431,813,33321,1453,40216,1026,73537,California
Merced,2021-04-09,1690,110393,472,60076,643,44311,575,6006,564,33352,1110,41326,1141,74678,California
Merced,2021-04-10,698,111091,364,60440,146,44457,188,6194,176,33198,516,41842,362,75040,California
Merced,2021-04-11,488,111579,281,60721,72,44529,135,6329,147,33142,339,42181,283,75323,California
Merced,2021-04-12,1436,113015,931,61652,383,44912,122,6451,818,33500,582,42763,940,76263,California
Merced,2021-04-13,2030,115045,1453,63105,574,45486,3,6454,935,33438,1004,43767,942,77205,California
Merced,2021-04-14,2044,117089,1211,64316,833,46319,0,6454,901,33330,1011,44778,903,78108,California
Merced,2021-04-15,3020,120109,1979,66295,1041,47360,0,6454,957,32457,1835,46613,962,79070,California
Merced,2021-04-16,2364,122473,1149,67444,1215,48575,0,6454,968,32126,1299,47912,968,80038,California
Merced,2021-04-17,1695,124168,1041,68485,653,49228,1,6455,457,31354,1230,49142,458,80496,California
Merced,2021-04-18,468,124636,246,68731,222,49450,0,6455,191,31295,250,49392,191,80687,California
Merced,2021-04-19,1331,125967,746,69477,585,50035,0,6455,707,31473,529,49921,707,81394,California
Merced,2021-04-20,1465,127432,735,70212,730,50765,0,6455,799,31676,596,50517,799,82193,California
Merced,2021-04-21,1468,128900,881,71093,587,51352,0,6455,752,31823,605,51122,752,82945,California
Merced,2021-04-22,1610,130510,741,71834,869,52221,0,6455,779,31853,750,51872,780,83725,California
Merced,2021-04-23,1631,132141,670,72504,961,53182,0,6455,887,32043,698,52570,888,84613,California
Merced,2021-04-24,572,132713,403,72907,169,53351,0,6455,391,32258,177,52747,392,85005,California
Merced,2021-04-25,327,133040,187,73094,140,53491,0,6455,193,32319,132,52879,193,85198,California
Merced,2021-04-26,1184,134224,516,73610,668,54159,0,6455,618,32406,533,53412,620,85818,California
Merced,2021-04-27,1726,135950,869,74479,847,55006,10,6465,689,32135,971,54383,700,86518,California
Merced,2021-04-28,1365,137315,676,75155,680,55686,9,6474,781,32364,562,54945,791,87309,California
Merced,2021-04-29,1390,138705,586,75741,779,56465,25,6499,645,32301,735,55680,672,87981,California
Merced,2021-04-30,1447,140152,608,76349,795,57260,44,6543,746,32395,697,56377,791,88772,California
Merced,2021-05-01,557,140709,241,76590,311,57571,5,6548,258,32362,295,56672,262,89034,California
Merced,2021-05-02,293,141002,118,76708,160,57731,15,6563,129,32344,163,56835,145,89179,California
Merced,2021-05-03,839,141841,545,77253,223,57954,71,6634,299,32179,536,57371,371,89550,California
Merced,2021-05-04,1014,142855,541,77794,421,58375,52,6686,372,31965,638,58009,424,89974,California
Merced,2021-05-05,1199,144054,715,78509,408,58783,76,6762,530,31912,659,58668,606,90580,California
Merced,2021-05-06,903,144957,470,78979,384,59167,49,6811,303,31670,594,59262,352,90932,California
Merced,2021-05-07,903,145860,284,79263,578,59745,41,6852,386,31586,513,59775,429,91361,California
Merced,2021-05-08,396,146256,201,79464,159,59904,36,6888,181,31589,214,59989,217,91578,California
Merced,2021-05-09,213,146469,107,79571,99,60003,7,6895,102,31588,110,60099,109,91687,California
Merced,2021-05-10,688,147157,351,79922,301,60304,36,6931,188,31313,499,60598,224,91911,California
Merced,2021-05-11,1095,148252,648,80570,400,60704,47,6978,422,31114,668,61266,469,92380,California
Merced,2021-05-12,865,149117,524,81094,302,61006,39,7017,258,30807,604,61870,297,92677,California
Merced,2021-05-13,743,149860,395,81489,306,61312,42,7059,282,30673,459,62329,325,93002,California
Merced,2021-05-14,936,150796,615,82104,281,61593,40,7099,503,30790,426,62755,543,93545,California
Merced,2021-05-15,746,151542,565,82669,162,61755,19,7118,441,30952,299,63054,461,94006,California
Merced,2021-05-16,345,151887,230,82899,107,61862,8,7126,201,31021,141,63195,210,94216,California
Merced,2021-05-17,1046,152933,666,83565,351,62213,29,7155,505,31019,537,63732,535,94751,California
Merced,2021-05-18,1264,154197,846,84411,387,62600,31,7186,720,31234,536,64268,751,95502,California
Merced,2021-05-19,1045,155242,731,85142,307,62907,7,7193,580,31364,461,64729,591,96093,California
Merced,2021-05-20,842,156084,459,85601,328,63235,55,7248,315,31209,525,65254,370,96463,California
Merced,2021-05-21,972,157056,551,86152,395,63630,26,7274,362,30996,601,65855,388,96851,California
Merced,2021-05-22,507,157563,389,86541,106,63736,12,7286,324,31151,181,66036,336,97187,California
Merced,2021-05-23,240,157803,170,86711,59,63795,11,7297,167,31256,73,66109,178,97365,California
Merced,2021-05-24,283,158086,129,86840,127,63922,27,7324,110,31221,172,66281,137,97502,California
Merced,2021-05-25,35,158121,18,86858,15,63937,2,7326,8,31207,27,66308,13,97515,California
Modoc,2020-12-16,1,1,1,1,0,0,0,0,1,1,0,0,1,1,California
Modoc,2020-12-21,99,100,99,100,0,0,0,0,99,100,0,0,99,100,California
Modoc,2020-12-22,14,114,14,114,0,0,0,0,14,114,0,0,14,114,California
Modoc,2020-12-23,4,118,4,118,0,0,0,0,4,118,0,0,4,118,California
Modoc,2020-12-24,1,119,1,119,0,0,0,0,1,119,0,0,1,119,California
Modoc,2020-12-28,2,121,2,121,0,0,0,0,2,121,0,0,2,121,California
Modoc,2020-12-29,10,131,1,122,9,9,0,0,10,131,0,0,10,131,California
Modoc,2020-12-30,7,138,0,122,7,16,0,0,7,138,0,0,7,138,California
Modoc,2021-01-02,3,141,1,123,2,18,0,0,3,141,0,0,3,141,California
Modoc,2021-01-04,8,149,0,123,8,26,0,0,8,149,0,0,8,149,California
Modoc,2021-01-05,3,152,2,125,1,27,0,0,3,152,0,0,3,152,California
Modoc,2021-01-06,3,155,2,127,1,28,0,0,2,153,1,1,2,154,California
Modoc,2021-01-07,72,227,0,127,72,100,0,0,72,225,0,1,72,226,California
Modoc,2021-01-08,105,332,0,127,105,205,0,0,105,330,0,1,105,331,California
Modoc,2021-01-10,1,333,1,128,0,205,0,0,0,329,1,2,0,331,California
Modoc,2021-01-11,90,423,81,209,9,214,0,0,19,277,71,73,19,350,California
Modoc,2021-01-12,94,517,25,234,69,283,0,0,68,319,26,99,68,418,California
Modoc,2021-01-13,24,541,4,238,20,303,0,0,22,339,2,101,22,440,California
Modoc,2021-01-14,129,670,6,244,123,426,0,0,124,458,5,106,124,564,California
Modoc,2021-01-15,6,676,1,245,5,431,0,0,6,464,0,106,6,570,California
Modoc,2021-01-16,1,677,1,246,0,431,0,0,1,465,0,106,1,571,California
Modoc,2021-01-18,1,678,1,247,0,431,0,0,1,466,0,106,1,572,California
Modoc,2021-01-19,5,683,3,250,2,433,0,0,3,467,2,108,3,575,California
Modoc,2021-01-20,11,694,1,251,10,443,0,0,11,478,0,108,11,586,California
Modoc,2021-01-21,157,851,2,253,155,598,0,0,157,635,0,108,157,743,California
Modoc,2021-01-22,2,853,0,253,2,600,0,0,2,637,0,108,2,745,California
Modoc,2021-01-25,11,864,0,253,11,611,0,0,11,648,0,108,11,756,California
Modoc,2021-01-26,65,929,1,254,64,675,0,0,65,713,0,108,65,821,California
Modoc,2021-01-27,41,970,2,256,39,714,0,0,25,722,16,124,25,846,California
Modoc,2021-01-28,146,1116,2,258,144,858,0,0,145,866,1,125,145,991,California
Modoc,2021-01-29,3,1119,1,259,2,860,0,0,3,869,0,125,3,994,California
Modoc,2021-02-01,26,1145,13,272,13,873,0,0,12,867,14,139,12,1006,California
Modoc,2021-02-02,170,1315,2,274,168,1041,0,0,167,1031,3,142,167,1173,California
Modoc,2021-02-03,18,1333,13,287,5,1046,0,0,11,1035,7,149,11,1184,California
Modoc,2021-02-04,154,1487,3,290,151,1197,0,0,26,933,128,277,26,1210,California
Modoc,2021-02-05,3,1490,2,292,1,1198,0,0,2,934,1,278,2,1212,California
Modoc,2021-02-08,9,1499,2,294,7,1205,0,0,8,941,1,279,8,1220,California
Modoc,2021-02-09,197,1696,13,307,184,1389,0,0,65,874,132,411,65,1285,California
Modoc,2021-02-10,5,1701,2,309,3,1392,0,0,4,877,1,412,4,1289,California
Modoc,2021-02-11,201,1902,3,312,198,1590,0,0,83,842,118,530,83,1372,California
Modoc,2021-02-12,4,1906,0,312,4,1594,0,0,2,842,2,532,2,1374,California
Modoc,2021-02-13,1,1907,0,312,1,1595,0,0,1,843,0,532,1,1375,California
Modoc,2021-02-16,147,2054,6,318,141,1736,0,0,143,982,4,536,143,1518,California
Modoc,2021-02-17,24,2078,1,319,23,1759,0,0,12,982,12,548,12,1530,California
Modoc,2021-02-18,188,2266,2,321,186,1945,0,0,25,846,162,710,26,1556,California
Modoc,2021-02-19,4,2270,4,325,0,1945,0,0,3,848,1,711,3,1559,California
Modoc,2021-02-20,1,2271,1,326,0,1945,0,0,0,847,1,712,0,1559,California
Modoc,2021-02-22,17,2288,9,335,8,1953,0,0,3,836,14,726,3,1562,California
Modoc,2021-02-23,20,2308,2,337,18,1971,0,0,1,818,19,745,1,1563,California
Modoc,2021-02-24,91,2399,1,338,90,2061,0,0,31,789,60,805,31,1594,California
Modoc,2021-02-25,170,2569,1,339,169,2230,0,0,13,645,157,962,13,1607,California
Modoc,2021-02-26,3,2572,0,339,3,2233,0,0,1,644,2,964,1,1608,California
Modoc,2021-02-27,3,2575,3,342,0,2233,0,0,2,645,1,965,2,1610,California
Modoc,2021-03-01,5,2580,0,342,5,2238,0,0,0,641,4,969,0,1610,California
Modoc,2021-03-02,193,2773,12,354,181,2419,0,0,26,500,167,1136,26,1636,California
Modoc,2021-03-03,12,2785,6,360,6,2425,0,0,2,492,10,1146,2,1638,California
Modoc,2021-03-04,174,2959,2,362,172,2597,0,0,147,612,27,1173,147,1785,California
Modoc,2021-03-05,4,2963,3,365,1,2598,0,0,2,612,2,1175,2,1787,California
Modoc,2021-03-06,11,2974,0,365,1,2599,10,10,1,613,10,1185,11,1798,California
Modoc,2021-03-07,8,2982,2,367,0,2599,6,16,2,615,6,1191,8,1806,California
Modoc,2021-03-08,8,2990,1,368,3,2602,4,20,1,614,6,1197,5,1811,California
Modoc,2021-03-09,126,3116,10,378,108,2710,8,28,61,618,65,1262,69,1880,California
Modoc,2021-03-10,9,3125,3,381,2,2712,4,32,4,621,5,1267,8,1888,California
Modoc,2021-03-11,207,3332,0,381,99,2811,108,140,22,566,185,1452,130,2018,California
Modoc,2021-03-12,11,3343,2,383,4,2815,5,145,4,568,7,1459,9,2027,California
Modoc,2021-03-13,4,3347,0,383,1,2816,3,148,1,569,3,1462,4,2031,California
Modoc,2021-03-15,12,3359,1,384,10,2826,1,149,10,578,2,1464,11,2042,California
Modoc,2021-03-16,173,3532,1,385,168,2994,4,153,42,492,131,1595,45,2087,California
Modoc,2021-03-17,10,3542,1,386,4,2998,5,158,2,491,8,1603,7,2094,California
Modoc,2021-03-18,68,3610,2,388,59,3057,7,165,36,502,32,1635,43,2137,California
Modoc,2021-03-19,5,3615,0,388,0,3057,5,170,0,502,5,1640,5,2142,California
Modoc,2021-03-20,5,3620,2,390,0,3057,3,173,0,500,5,1645,3,2145,California
Modoc,2021-03-21,4,3624,1,391,1,3058,2,175,2,502,2,1647,4,2149,California
Modoc,2021-03-22,17,3641,1,392,11,3069,5,180,12,514,5,1652,17,2166,California
Modoc,2021-03-23,37,3678,7,399,27,3096,3,183,28,536,9,1661,31,2197,California
Modoc,2021-03-24,29,3707,1,400,18,3114,10,193,1,519,28,1689,11,2208,California
Modoc,2021-03-25,77,3784,1,401,74,3188,2,195,45,534,32,1721,47,2255,California
Modoc,2021-03-26,7,3791,2,403,2,3190,3,198,2,534,5,1726,5,2260,California
Modoc,2021-03-27,2,3793,0,403,1,3191,1,199,1,535,1,1727,2,2262,California
Modoc,2021-03-28,2,3795,1,404,0,3191,1,200,0,534,2,1729,1,2263,California
Modoc,2021-03-29,14,3809,1,405,5,3196,8,208,5,538,9,1738,13,2276,California
Modoc,2021-03-30,55,3864,10,415,38,3234,7,215,21,532,34,1772,28,2304,California
Modoc,2021-03-31,9,3873,3,418,2,3236,4,219,3,533,6,1778,7,2311,California
Modoc,2021-04-01,167,4040,2,420,160,3396,5,224,32,435,135,1913,37,2348,California
Modoc,2021-04-02,5,4045,0,420,2,3398,3,227,1,436,3,1916,4,2352,California
Modoc,2021-04-03,5,4050,2,422,0,3398,3,230,2,438,2,1918,4,2356,California
Modoc,2021-04-05,9,4059,0,422,9,3407,0,230,9,447,0,1918,9,2365,California
Modoc,2021-04-06,24,4083,5,427,9,3416,10,240,6,445,18,1936,16,2381,California
Modoc,2021-04-07,12,4095,1,428,4,3420,7,247,3,446,9,1945,10,2391,California
Modoc,2021-04-08,96,4191,1,429,92,3512,3,250,26,405,70,2015,29,2420,California
Modoc,2021-04-09,11,4202,2,431,6,3518,3,253,2,400,9,2024,4,2424,California
Modoc,2021-04-10,5,4207,0,431,1,3519,4,257,0,399,5,2029,4,2428,California
Modoc,2021-04-11,2,4209,2,433,0,3519,0,257,1,399,1,2030,1,2429,California
Modoc,2021-04-12,14,4223,0,433,10,3529,4,261,1,393,11,2041,5,2434,California
Modoc,2021-04-13,30,4253,29,462,1,3530,0,261,21,405,9,2050,21,2455,California
Modoc,2021-04-14,2,4255,2,464,0,3530,0,261,1,405,1,2051,1,2456,California
Modoc,2021-04-15,100,4355,0,464,100,3630,0,261,27,359,73,2124,27,2483,California
Modoc,2021-04-16,4,4359,4,468,0,3630,0,261,3,361,1,2125,3,2486,California
Modoc,2021-04-17,2,4361,2,470,0,3630,0,261,2,363,0,2125,2,2488,California
Modoc,2021-04-18,1,4362,0,470,1,3631,0,261,1,364,0,2125,1,2489,California
Modoc,2021-04-19,6,4368,0,470,6,3637,0,261,1,360,5,2130,1,2490,California
Modoc,2021-04-20,26,4394,2,472,24,3661,0,261,8,350,18,2148,8,2498,California
Modoc,2021-04-21,3,4397,3,475,0,3661,0,261,0,347,3,2151,0,2498,California
Modoc,2021-04-22,97,4494,3,478,94,3755,0,261,40,330,57,2208,40,2538,California
Modoc,2021-04-23,4,4498,0,478,4,3759,0,261,3,332,1,2209,3,2541,California
Modoc,2021-04-24,3,4501,1,479,1,3760,1,262,2,334,1,2210,3,2544,California
Modoc,2021-04-25,1,4502,1,480,0,3760,0,262,1,335,0,2210,1,2545,California
Modoc,2021-04-26,8,4510,1,481,7,3767,0,262,3,333,5,2215,3,2548,California
Modoc,2021-04-27,6,4516,4,485,1,3768,1,263,1,330,5,2220,2,2550,California
Modoc,2021-04-28,5,4521,1,486,3,3771,1,264,1,328,4,2224,2,2552,California
Modoc,2021-04-29,66,4587,2,488,64,3835,0,264,24,310,42,2266,24,2576,California
Modoc,2021-04-30,5,4592,4,492,1,3836,0,264,3,311,2,2268,3,2579,California
Modoc,2021-05-01,1,4593,1,493,0,3836,0,264,0,310,1,2269,0,2579,California
Modoc,2021-05-02,4,4597,3,496,1,3837,0,264,3,312,1,2270,3,2582,California
Modoc,2021-05-03,10,4607,0,496,9,3846,1,265,0,303,10,2280,1,2583,California
Modoc,2021-05-04,11,4618,3,499,6,3852,2,267,5,304,6,2286,7,2590,California
Modoc,2021-05-05,27,4645,24,523,2,3854,1,268,8,294,19,2305,9,2599,California
Modoc,2021-05-06,54,4699,3,526,49,3903,2,270,21,284,33,2338,23,2622,California
Modoc,2021-05-07,8,4707,3,529,3,3906,2,272,2,282,6,2344,4,2626,California
Modoc,2021-05-08,3,4710,2,531,0,3906,1,273,1,282,2,2346,2,2628,California
Modoc,2021-05-09,2,4712,2,533,0,3906,0,273,1,282,1,2347,1,2629,California
Modoc,2021-05-10,2,4714,0,533,1,3907,1,274,1,283,1,2348,2,2631,California
Modoc,2021-05-11,3,4717,2,535,0,3907,1,275,0,281,3,2351,1,2632,California
Modoc,2021-05-12,2,4719,0,535,0,3907,2,277,0,281,2,2353,2,2634,California
Modoc,2021-05-13,43,4762,1,536,38,3945,4,281,14,270,29,2382,18,2652,California
Modoc,2021-05-14,10,4772,4,540,1,3946,5,286,4,273,6,2388,9,2661,California
Modoc,2021-05-15,4,4776,3,543,1,3947,0,286,4,277,0,2388,4,2665,California
Modoc,2021-05-16,3,4779,2,545,1,3948,0,286,0,274,3,2391,0,2665,California
Modoc,2021-05-17,5,4784,3,548,2,3950,0,286,4,277,1,2392,4,2669,California
Modoc,2021-05-18,22,4806,11,559,9,3959,2,288,13,283,9,2401,15,2684,California
Modoc,2021-05-19,9,4815,2,561,3,3962,4,292,5,288,4,2405,9,2693,California
Modoc,2021-05-20,58,4873,2,563,47,4009,9,301,7,253,51,2456,16,2709,California
Modoc,2021-05-21,8,4881,6,569,1,4010,1,302,1,248,7,2463,2,2711,California
Modoc,2021-05-22,1,4882,1,570,0,4010,0,302,0,247,1,2464,0,2711,California
Modoc,2021-05-23,2,4884,2,572,0,4010,0,302,0,245,2,2466,0,2711,California
Modoc,2021-05-24,3,4887,1,573,0,4010,2,304,1,246,2,2468,3,2714,California
Modoc,2021-05-25,3,4890,1,574,2,4012,0,304,1,245,2,2470,1,2715,California
Mono,2020-12-18,1,1,1,1,0,0,0,0,1,1,0,0,1,1,California
Mono,2020-12-19,5,6,5,6,0,0,0,0,5,6,0,0,5,6,California
Mono,2020-12-20,7,13,7,13,0,0,0,0,7,13,0,0,7,13,California
Mono,2020-12-21,24,37,17,30,7,7,0,0,24,37,0,0,24,37,California
Mono,2020-12-22,66,103,65,95,1,8,0,0,66,103,0,0,66,103,California
Mono,2020-12-23,70,173,42,137,28,36,0,0,70,173,0,0,70,173,California
Mono,2020-12-24,3,176,1,138,2,38,0,0,3,176,0,0,3,176,California
Mono,2020-12-26,3,179,3,141,0,38,0,0,3,179,0,0,3,179,California
Mono,2020-12-28,94,273,63,204,31,69,0,0,94,273,0,0,94,273,California
Mono,2020-12-29,29,302,29,233,0,69,0,0,29,302,0,0,29,302,California
Mono,2020-12-30,77,379,36,269,41,110,0,0,77,379,0,0,77,379,California
Mono,2020-12-31,4,383,1,270,3,113,0,0,4,383,0,0,4,383,California
Mono,2021-01-01,4,387,4,274,0,113,0,0,4,387,0,0,4,387,California
Mono,2021-01-02,2,389,2,276,0,113,0,0,2,389,0,0,2,389,California
Mono,2021-01-04,2,391,0,276,2,115,0,0,2,391,0,0,2,391,California
Mono,2021-01-05,45,436,2,278,43,158,0,0,44,434,1,1,44,435,California
Mono,2021-01-06,44,480,0,278,44,202,0,0,44,478,0,1,44,479,California
Mono,2021-01-07,55,535,3,281,52,254,0,0,54,531,1,2,54,533,California
Mono,2021-01-08,2,537,1,282,1,255,0,0,1,531,1,3,1,534,California
Mono,2021-01-09,4,541,4,286,0,255,0,0,0,527,4,7,0,534,California
Mono,2021-01-10,5,546,5,291,0,255,0,0,0,522,5,12,0,534,California
Mono,2021-01-11,8,554,5,296,3,258,0,0,4,522,4,16,4,538,California
Mono,2021-01-12,283,837,75,371,208,466,0,0,219,678,63,79,219,757,California
Mono,2021-01-13,233,1070,73,444,160,626,0,0,178,801,55,134,178,935,California
Mono,2021-01-14,73,1143,71,515,2,628,0,0,73,874,0,134,73,1008,California
Mono,2021-01-15,62,1205,2,517,60,688,0,0,62,936,0,134,62,1070,California
Mono,2021-01-16,4,1209,3,520,1,689,0,0,1,934,3,137,1,1071,California
Mono,2021-01-18,64,1273,55,575,9,698,0,0,2,874,62,199,2,1073,California
Mono,2021-01-19,210,1483,208,783,2,700,0,0,172,1009,38,237,173,1246,California
Mono,2021-01-20,230,1713,198,981,32,732,0,0,169,1117,61,298,169,1415,California
Mono,2021-01-21,3,1716,3,984,0,732,0,0,3,1120,0,298,3,1418,California
Mono,2021-01-22,4,1720,0,984,4,736,0,0,4,1124,0,298,4,1422,California
Mono,2021-01-23,594,2314,594,1578,0,736,0,0,593,1716,1,299,593,2015,California
Mono,2021-01-25,201,2515,163,1741,38,774,0,0,162,1839,39,338,162,2177,California
Mono,2021-01-26,505,3020,503,2244,2,776,0,0,499,2332,6,344,499,2676,California
Mono,2021-01-27,5,3025,1,2245,4,780,0,0,5,2337,0,344,5,2681,California
Mono,2021-01-28,6,3031,2,2247,4,784,0,0,2,2335,4,348,2,2683,California
Mono,2021-01-30,200,3231,198,2445,2,786,0,0,199,2533,1,349,199,2882,California
Mono,2021-01-31,242,3473,137,2582,105,891,0,0,138,2567,104,453,138,3020,California
Mono,2021-02-01,27,3500,27,2609,0,891,0,0,0,2540,27,480,0,3020,California
Mono,2021-02-02,5,3505,0,2609,5,896,0,0,2,2539,3,483,2,3022,California
Mono,2021-02-03,4,3509,2,2611,2,898,0,0,2,2539,2,485,2,3024,California
Mono,2021-02-04,211,3720,158,2769,53,951,0,0,90,2508,121,606,90,3114,California
Mono,2021-02-05,617,4337,611,3380,6,957,0,0,614,3119,3,609,614,3728,California
Mono,2021-02-06,138,4475,137,3517,1,958,0,0,137,3255,1,610,137,3865,California
Mono,2021-02-07,2,4477,0,3517,2,960,0,0,2,3257,0,610,2,3867,California
Mono,2021-02-08,172,4649,172,3689,0,960,0,0,15,3116,156,766,15,3882,California
Mono,2021-02-09,226,4875,6,3695,220,1180,0,0,13,2916,213,979,13,3895,California
Mono,2021-02-10,536,5411,186,3881,350,1530,0,0,193,2767,343,1322,194,4089,California
Mono,2021-02-11,7,5418,4,3885,3,1533,0,0,2,2764,5,1327,2,4091,California
Mono,2021-02-12,84,5502,20,3905,64,1597,0,0,26,2732,58,1385,26,4117,California
Mono,2021-02-13,585,6087,585,4490,0,1597,0,0,25,2198,559,1944,25,4142,California
Mono,2021-02-15,165,6252,163,4653,2,1599,0,0,3,2041,160,2104,3,4145,California
Mono,2021-02-16,517,6769,514,5167,3,1602,0,0,45,1617,469,2573,45,4190,California
Mono,2021-02-17,7,6776,2,5169,5,1607,0,0,2,1614,5,2578,2,4192,California
Mono,2021-02-18,3,6779,2,5171,1,1608,0,0,2,1615,1,2579,2,4194,California
Mono,2021-02-19,54,6833,53,5224,1,1609,0,0,54,1669,0,2579,54,4248,California
Mono,2021-02-20,4,6837,4,5228,0,1609,0,0,4,1673,0,2579,4,4252,California
Mono,2021-02-21,6,6843,6,5234,0,1609,0,0,4,1675,2,2581,4,4256,California
Mono,2021-02-22,283,7126,282,5516,1,1610,0,0,24,1441,258,2839,24,4280,California
Mono,2021-02-23,137,7263,117,5633,20,1630,0,0,22,1348,115,2954,22,4302,California
Mono,2021-02-24,10,7273,3,5636,7,1637,0,0,4,1346,6,2960,4,4306,California
Mono,2021-02-25,5,7278,2,5638,3,1640,0,0,3,1348,1,2961,3,4309,California
Mono,2021-02-26,598,7876,596,6234,2,1642,0,0,21,793,576,3537,21,4330,California
Mono,2021-02-27,140,8016,136,6370,4,1646,0,0,4,663,134,3671,4,4334,California
Mono,2021-03-01,2,8018,2,6372,0,1646,0,0,1,664,0,3671,1,4335,California
Mono,2021-03-02,6,8024,4,6376,2,1648,0,0,4,666,2,3673,4,4339,California
Mono,2021-03-03,112,8136,2,6378,110,1758,0,0,109,773,2,3675,109,4448,California
Mono,2021-03-04,5,8141,1,6379,4,1762,0,0,3,774,2,3677,3,4451,California
Mono,2021-03-05,37,8178,27,6406,10,1772,0,0,14,765,23,3700,14,4465,California
Mono,2021-03-06,507,8685,17,6423,490,2262,0,0,499,1259,6,3706,500,4965,California
Mono,2021-03-07,1,8686,0,6423,1,2263,0,0,0,1258,1,3707,0,4965,California
Mono,2021-03-08,536,9222,11,6434,522,2785,3,3,527,1779,9,3716,530,5495,California
Mono,2021-03-09,6,9228,2,6436,3,2788,1,4,3,1781,2,3718,4,5499,California
Mono,2021-03-10,286,9514,90,6526,193,2981,3,7,9,1519,274,3992,12,5511,California
Mono,2021-03-11,10,9524,0,6526,1,2982,9,16,0,1518,10,4002,9,5520,California
Mono,2021-03-12,7,9531,1,6527,1,2983,5,21,0,1516,7,4009,5,5525,California
Mono,2021-03-13,823,10354,386,6913,437,3420,0,21,815,2323,8,4017,815,6340,California
Mono,2021-03-14,4,10358,4,6917,0,3420,0,21,0,2319,4,4021,0,6340,California
Mono,2021-03-15,31,10389,23,6940,3,3423,5,26,14,2322,16,4037,19,6359,California
Mono,2021-03-16,16,10405,6,6946,4,3427,6,32,8,2328,8,4045,14,6373,California
Mono,2021-03-17,33,10438,5,6951,20,3447,8,40,21,2345,12,4057,29,6402,California
Mono,2021-03-18,21,10459,2,6953,11,3458,8,48,9,2350,12,4069,17,6419,California
Mono,2021-03-19,21,10480,1,6954,17,3475,3,51,17,2367,3,4072,20,6439,California
Mono,2021-03-20,5,10485,3,6957,1,3476,1,52,4,2371,1,4073,5,6444,California
Mono,2021-03-21,1,10486,1,6958,0,3476,0,52,1,2372,0,4073,1,6445,California
Mono,2021-03-22,11,10497,0,6958,6,3482,5,57,5,2376,6,4079,10,6455,California
Mono,2021-03-23,43,10540,6,6964,32,3514,5,62,17,2372,26,4105,22,6477,California
Mono,2021-03-24,13,10553,1,6965,7,3521,5,67,5,2374,8,4113,10,6487,California
Mono,2021-03-25,19,10572,3,6968,12,3533,4,71,12,2383,7,4120,16,6503,California
Mono,2021-03-26,19,10591,3,6971,11,3544,5,76,10,2390,8,4128,15,6518,California
Mono,2021-03-27,356,10947,353,7324,3,3547,0,76,329,2692,27,4155,329,6847,California
Mono,2021-03-29,10,10957,3,7327,6,3553,1,77,8,2699,2,4157,9,6856,California
Mono,2021-03-30,12,10969,0,7327,8,3561,4,81,7,2705,5,4162,11,6867,California
Mono,2021-03-31,132,11101,7,7334,124,3685,1,82,22,2619,109,4271,23,6890,California
Mono,2021-04-01,8,11109,0,7334,7,3692,1,83,3,2618,5,4276,4,6894,California
Mono,2021-04-02,18,11127,2,7336,16,3708,0,83,7,2614,11,4287,7,6901,California
Mono,2021-04-03,867,11994,372,7708,495,4203,0,83,50,1849,815,5102,50,6951,California
Mono,2021-04-05,533,12527,18,7726,514,4717,1,84,34,1388,498,5600,37,6988,California
Mono,2021-04-06,19,12546,1,7727,5,4722,13,97,1,1384,18,5618,14,7002,California
Mono,2021-04-07,26,12572,3,7730,3,4725,20,117,4,1386,22,5640,24,7026,California
Mono,2021-04-08,22,12594,3,7733,2,4727,17,134,4,1389,18,5658,21,7047,California
Mono,2021-04-09,37,12631,4,7737,4,4731,29,163,7,1395,30,5688,36,7083,California
Mono,2021-04-10,446,13077,2,7739,437,5168,7,170,28,1012,418,6106,35,7118,California
Mono,2021-04-11,1,13078,1,7740,0,5168,0,170,0,1011,1,6107,0,7118,California
Mono,2021-04-12,6,13084,0,7740,3,5171,3,173,3,1014,3,6110,6,7124,California
Mono,2021-04-13,20,13104,2,7742,17,5188,1,174,14,1023,6,6116,15,7139,California
Mono,2021-04-14,25,13129,1,7743,24,5212,0,174,7,1012,18,6134,7,7146,California
Mono,2021-04-15,18,13147,3,7746,15,5227,0,174,9,1012,9,6143,9,7155,California
Mono,2021-04-16,17,13164,1,7747,16,5243,0,174,6,1007,11,6154,6,7161,California
Mono,2021-04-17,51,13215,2,7749,49,5292,0,174,44,1044,7,6161,44,7205,California
Mono,2021-04-18,1,13216,0,7749,1,5293,0,174,1,1045,0,6161,1,7206,California
Mono,2021-04-19,526,13742,319,8068,207,5500,0,174,201,923,323,6484,201,7407,California
Mono,2021-04-20,16,13758,2,8070,14,5514,0,174,11,929,5,6489,11,7418,California
Mono,2021-04-21,8,13766,1,8071,7,5521,0,174,3,927,5,6494,3,7421,California
Mono,2021-04-22,25,13791,11,8082,14,5535,0,174,11,924,14,6508,11,7432,California
Mono,2021-04-23,22,13813,2,8084,20,5555,0,174,12,926,10,6518,12,7444,California
Mono,2021-04-24,35,13848,22,8106,13,5568,0,174,20,931,15,6533,20,7464,California
Mono,2021-04-25,3,13851,2,8108,1,5569,0,174,3,934,0,6533,3,7467,California
Mono,2021-04-26,10,13861,1,8109,9,5578,0,174,2,928,8,6541,2,7469,California
Mono,2021-04-27,66,13927,40,8149,19,5597,7,181,50,969,16,6557,57,7526,California
Mono,2021-04-28,63,13990,41,8190,18,5615,4,185,48,1008,13,6570,52,7578,California
Mono,2021-04-29,8,13998,1,8191,4,5619,3,188,2,1007,6,6576,5,7583,California
Mono,2021-04-30,16,14014,3,8194,10,5629,3,191,8,1010,8,6584,11,7594,California
Mono,2021-05-01,110,14124,4,8198,106,5735,0,191,98,1096,12,6596,98,7692,California
Mono,2021-05-03,1,14125,0,8198,1,5736,0,191,0,1095,1,6597,0,7692,California
Mono,2021-05-04,19,14144,0,8198,13,5749,6,197,10,1102,9,6606,16,7708,California
Mono,2021-05-05,54,14198,8,8206,42,5791,4,201,46,1144,8,6614,50,7758,California
Mono,2021-05-06,13,14211,3,8209,9,5800,1,202,9,1150,4,6618,10,7768,California
Mono,2021-05-07,29,14240,22,8231,7,5807,0,202,25,1171,4,6622,25,7793,California
Mono,2021-05-08,50,14290,5,8236,45,5852,0,202,22,1165,28,6650,22,7815,California
Mono,2021-05-10,17,14307,1,8237,12,5864,4,206,9,1170,8,6658,13,7828,California
Mono,2021-05-11,16,14323,2,8239,11,5875,3,209,5,1167,11,6669,8,7836,California
Mono,2021-05-12,12,14335,0,8239,11,5886,1,210,4,1164,8,6677,5,7841,California
Mono,2021-05-13,45,14380,32,8271,13,5899,0,210,36,1191,9,6686,36,7877,California
Mono,2021-05-14,9,14389,1,8272,7,5906,1,211,4,1191,5,6691,5,7882,California
Mono,2021-05-15,66,14455,25,8297,34,5940,7,218,18,1168,48,6739,25,7907,California
Mono,2021-05-16,6,14461,5,8302,1,5941,0,218,3,1168,3,6742,3,7910,California
Mono,2021-05-17,246,14707,33,8335,206,6147,7,225,54,1039,191,6933,62,7972,California
Mono,2021-05-18,133,14840,109,8444,23,6170,1,226,87,1081,46,6979,88,8060,California
Mono,2021-05-19,118,14958,112,8556,1,6171,5,231,75,1118,43,7022,80,8140,California
Mono,2021-05-20,70,15028,54,8610,10,6181,6,237,53,1160,17,7039,59,8199,California
Mono,2021-05-21,25,15053,5,8615,18,6199,2,239,11,1159,14,7053,13,8212,California
Mono,2021-05-22,19,15072,10,8625,7,6206,2,241,13,1168,6,7059,15,8227,California
Mono,2021-05-23,4,15076,1,8626,3,6209,0,241,3,1170,1,7060,3,8230,California
Mono,2021-05-24,10,15086,1,8627,9,6218,0,241,7,1174,3,7063,7,8237,California
Mono,2021-05-25,4,15090,3,8630,1,6219,0,241,3,1176,1,7064,3,8240,California
Monterey,2020-12-16,5,5,5,5,0,0,0,0,5,5,0,0,5,5,California
Monterey,2020-12-17,89,94,89,94,0,0,0,0,89,94,0,0,89,94,California
Monterey,2020-12-18,486,580,486,580,0,0,0,0,486,580,0,0,486,580,California
Monterey,2020-12-19,582,1162,581,1161,1,1,0,0,582,1162,0,0,582,1162,California
Monterey,2020-12-20,422,1584,422,1583,0,1,0,0,422,1584,0,0,422,1584,California
Monterey,2020-12-21,723,2307,723,2306,0,1,0,0,723,2307,0,0,723,2307,California
Monterey,2020-12-22,538,2845,525,2831,13,14,0,0,538,2845,0,0,538,2845,California
Monterey,2020-12-23,441,3286,266,3097,175,189,0,0,441,3286,0,0,441,3286,California
Monterey,2020-12-24,84,3370,10,3107,74,263,0,0,84,3370,0,0,84,3370,California
Monterey,2020-12-25,6,3376,0,3107,6,269,0,0,6,3376,0,0,6,3376,California
Monterey,2020-12-26,92,3468,5,3112,87,356,0,0,92,3468,0,0,92,3468,California
Monterey,2020-12-27,7,3475,4,3116,3,359,0,0,7,3475,0,0,7,3475,California
Monterey,2020-12-28,477,3952,25,3141,452,811,0,0,477,3952,0,0,477,3952,California
Monterey,2020-12-29,902,4854,168,3309,734,1545,0,0,902,4854,0,0,902,4854,California
Monterey,2020-12-30,568,5422,97,3406,471,2016,0,0,568,5422,0,0,568,5422,California
Monterey,2020-12-31,33,5455,11,3417,22,2038,0,0,33,5455,0,0,33,5455,California
Monterey,2021-01-01,13,5468,3,3420,10,2048,0,0,13,5468,0,0,13,5468,California
Monterey,2021-01-02,137,5605,134,3554,3,2051,0,0,137,5605,0,0,137,5605,California
Monterey,2021-01-03,30,5635,29,3583,1,2052,0,0,30,5635,0,0,30,5635,California
Monterey,2021-01-04,411,6046,18,3601,393,2445,0,0,411,6046,0,0,411,6046,California
Monterey,2021-01-05,753,6799,327,3928,426,2871,0,0,739,6771,14,14,739,6785,California
Monterey,2021-01-06,660,7459,175,4103,485,3356,0,0,637,7385,23,37,637,7422,California
Monterey,2021-01-07,749,8208,573,4676,176,3532,0,0,424,7486,323,360,424,7846,California
Monterey,2021-01-08,1093,9301,736,5412,357,3889,0,0,399,7191,694,1054,399,8245,California
Monterey,2021-01-09,967,10268,935,6347,32,3921,0,0,314,6853,652,1706,314,8559,California
Monterey,2021-01-10,274,10542,271,6618,3,3924,0,0,9,6597,265,1971,9,8568,California
Monterey,2021-01-11,1069,11611,986,7604,83,4007,0,0,366,6260,703,2674,366,8934,California
Monterey,2021-01-12,474,12085,395,7999,79,4086,0,0,211,6208,263,2937,211,9145,California
Monterey,2021-01-13,1218,13303,593,8592,625,4711,0,0,1172,7334,46,2983,1172,10317,California
Monterey,2021-01-14,1129,14432,169,8761,960,5671,0,0,1110,8429,19,3002,1114,11431,California
Monterey,2021-01-15,1049,15481,45,8806,1004,6675,0,0,1036,9452,13,3015,1036,12467,California
Monterey,2021-01-16,366,15847,301,9107,65,6740,0,0,361,9808,5,3020,361,12828,California
Monterey,2021-01-17,314,16161,293,9400,21,6761,0,0,301,10096,13,3033,301,13129,California
Monterey,2021-01-18,403,16564,46,9446,357,7118,0,0,381,10455,22,3055,381,13510,California
Monterey,2021-01-19,578,17142,395,9841,183,7301,0,0,419,10717,157,3212,419,13929,California
Monterey,2021-01-20,538,17680,268,10109,270,7571,0,0,332,10843,206,3418,332,14261,California
Monterey,2021-01-21,851,18531,93,10202,758,8329,0,0,741,11478,110,3528,745,15006,California
Monterey,2021-01-22,1057,19588,195,10397,862,9191,0,0,1018,12457,39,3567,1018,16024,California
Monterey,2021-01-23,243,19831,175,10572,68,9259,0,0,119,12455,123,3690,121,16145,California
Monterey,2021-01-24,57,19888,38,10610,19,9278,0,0,23,12444,34,3724,23,16168,California
Monterey,2021-01-25,803,20691,175,10785,628,9906,0,0,176,12000,620,4344,176,16344,California
Monterey,2021-01-26,945,21636,225,11010,720,10626,0,0,248,11551,697,5041,248,16592,California
Monterey,2021-01-27,870,22506,314,11324,556,11182,0,0,389,11459,481,5522,389,16981,California
Monterey,2021-01-28,2031,24537,739,12063,1292,12474,0,0,1690,12810,341,5863,1692,18673,California
Monterey,2021-01-29,1243,25780,709,12772,534,13008,0,0,1125,13819,117,5980,1126,19799,California
Monterey,2021-01-30,465,26245,295,13067,170,13178,0,0,209,13772,256,6236,209,20008,California
Monterey,2021-01-31,496,26741,72,13139,424,13602,0,0,485,14247,11,6247,486,20494,California
Monterey,2021-02-01,1659,28400,1148,14287,511,14113,0,0,1091,14771,567,6814,1091,21585,California
Monterey,2021-02-02,2174,30574,462,14749,1712,15825,0,0,1566,15730,607,7421,1566,23151,California
Monterey,2021-02-03,2343,32917,1052,15801,1291,17116,0,0,1565,16521,774,8195,1565,24716,California
Monterey,2021-02-04,2793,35710,2088,17889,705,17821,0,0,2483,18696,308,8503,2483,27199,California
Monterey,2021-02-05,3674,39384,2832,20721,842,18663,0,0,3233,21493,436,8939,3233,30432,California
Monterey,2021-02-06,1109,40493,380,21101,729,19392,0,0,762,21910,345,9284,762,31194,California
Monterey,2021-02-07,317,40810,268,21369,49,19441,0,0,99,21791,218,9502,99,31293,California
Monterey,2021-02-08,521,41331,291,21660,230,19671,0,0,430,22130,91,9593,430,31723,California
Monterey,2021-02-09,882,42213,684,22344,198,19869,0,0,570,22390,312,9905,572,32295,California
Monterey,2021-02-10,2093,44306,1110,23454,983,20852,0,0,1248,22794,845,10750,1249,33544,California
Monterey,2021-02-11,2513,46819,975,24429,1538,22390,0,0,1550,23385,961,11711,1552,35096,California
Monterey,2021-02-12,2604,49423,432,24861,2172,24562,0,0,1530,23843,1073,12784,1531,36627,California
Monterey,2021-02-13,1079,50502,49,24910,1030,25592,0,0,988,24741,90,12874,988,37615,California
Monterey,2021-02-14,600,51102,73,24983,527,26119,0,0,527,25195,73,12947,527,38142,California
Monterey,2021-02-15,1375,52477,161,25144,1214,27333,0,0,984,25791,389,13336,985,39127,California
Monterey,2021-02-16,1097,53574,244,25388,853,28186,0,0,873,26440,224,13560,873,40000,California
Monterey,2021-02-17,1954,55528,1167,26555,787,28973,0,0,1649,27787,304,13864,1651,41651,California
Monterey,2021-02-18,2238,57766,1179,27734,1059,30032,0,0,914,27393,1310,15174,916,42567,California
Monterey,2021-02-19,2952,60718,1539,29273,1413,31445,0,0,1353,27149,1598,16772,1354,43921,California
Monterey,2021-02-20,1023,61741,617,29890,406,31851,0,0,964,28055,58,16830,964,44885,California
Monterey,2021-02-21,1254,62995,1225,31115,29,31880,0,0,1183,29169,69,16899,1183,46068,California
Monterey,2021-02-22,1003,63998,854,31969,149,32029,0,0,652,29472,349,17248,652,46720,California
Monterey,2021-02-23,971,64969,624,32593,347,32376,0,0,306,29115,664,17912,307,47027,California
Monterey,2021-02-24,2482,67451,1326,33919,1156,33532,0,0,1857,30353,620,18532,1858,48885,California
Monterey,2021-02-25,4433,71884,2429,36348,2004,35536,0,0,1486,28900,2940,21472,1487,50372,California
Monterey,2021-02-26,5269,77153,3087,39435,2182,37718,0,0,2636,28907,2630,24102,2637,53009,California
Monterey,2021-02-27,1029,78182,186,39621,843,38561,0,0,813,29509,211,24313,813,53822,California
Monterey,2021-02-28,1539,79721,82,39703,1457,40018,0,0,1076,30127,458,24771,1076,54898,California
Monterey,2021-03-01,1289,81010,145,39848,1141,41159,3,3,747,30341,537,25308,751,55649,California
Monterey,2021-03-02,2805,83815,1733,41581,1072,42231,0,3,1937,31414,864,26172,1937,57586,California
Monterey,2021-03-03,3222,87037,1245,42826,1977,44208,0,3,1277,30749,1943,28115,1278,58864,California
Monterey,2021-03-04,4584,91621,1474,44300,3110,47318,0,3,2959,32087,1621,29736,2959,61823,California
Monterey,2021-03-05,3677,95298,1626,45926,1774,49092,277,280,3007,34702,669,30405,3284,65107,California
Monterey,2021-03-06,5084,100382,1081,47007,3697,52789,306,586,4169,38263,912,31317,4473,69580,California
Monterey,2021-03-07,524,100906,107,47114,170,52959,247,833,234,38452,290,31607,479,70059,California
Monterey,2021-03-08,1669,102575,327,47441,953,53912,389,1222,1120,39410,549,32156,1507,71566,California
Monterey,2021-03-09,1993,104568,695,48136,1023,54935,275,1497,1491,40673,501,32657,1764,73330,California
Monterey,2021-03-10,3192,107760,1037,49173,1665,56600,490,1987,1465,40905,1723,34380,1955,75285,California
Monterey,2021-03-11,4171,111931,1415,50588,2381,58981,375,2362,2401,41918,1763,36143,2776,78061,California
Monterey,2021-03-12,4402,116333,2053,52641,2209,61190,140,2502,2702,43063,1697,37840,2842,80903,California
Monterey,2021-03-13,5294,121627,970,53611,3977,65167,347,2849,3974,46065,1319,39159,4321,85224,California
Monterey,2021-03-14,2161,123788,1336,54947,800,65967,25,2874,578,45095,1573,40732,603,85827,California
Monterey,2021-03-15,3972,127760,1274,56221,2408,68375,290,3164,2278,45972,1690,42422,2567,88394,California
Monterey,2021-03-16,3534,131294,579,56800,2578,70953,377,3541,2113,47037,1420,43842,2485,90879,California
Monterey,2021-03-17,5835,137129,2363,59163,3215,74168,257,3798,4223,49916,1606,45448,4485,95364,California
Monterey,2021-03-18,4472,141601,2170,61333,2133,76301,169,3967,3108,51872,1358,46806,3314,98678,California
Monterey,2021-03-19,5487,147088,2564,63897,2776,79077,147,4114,4198,54934,1284,48090,4346,103024,California
Monterey,2021-03-20,3366,150454,420,64317,2251,81328,695,4809,2281,56828,1082,49172,2976,106000,California
Monterey,2021-03-21,634,151088,206,64523,419,81747,9,4818,561,57326,71,49243,569,106569,California
Monterey,2021-03-22,2498,153586,1443,65966,993,82740,62,4880,2285,59462,209,49452,2345,108914,California
Monterey,2021-03-23,4028,157614,2362,68328,1623,84363,43,4923,2563,60607,1460,50912,2605,111519,California
Monterey,2021-03-24,5126,162740,2126,70454,2686,87049,314,5237,3759,63314,1363,52275,4070,115589,California
Monterey,2021-03-25,5324,168064,1226,71680,3739,90788,359,5596,2683,63724,2633,54908,3043,118632,California
Monterey,2021-03-26,5454,173518,2620,74300,2756,93544,78,5674,2790,63940,2654,57562,2870,121502,California
Monterey,2021-03-27,4862,178380,1458,75758,3148,96692,256,5930,3125,65587,1734,59296,3381,124883,California
Monterey,2021-03-28,1120,179500,346,76104,765,97457,9,5939,626,65733,489,59785,635,125518,California
Monterey,2021-03-29,3229,182729,1414,77518,1801,99258,14,5953,2007,66544,1214,60999,2025,127543,California
Monterey,2021-03-30,4529,187258,2135,79653,2346,101604,48,6001,2789,67655,1730,62729,2841,130384,California
Monterey,2021-03-31,5446,192704,2426,82079,2221,103825,799,6800,3459,69920,1984,64713,4249,134633,California
Monterey,2021-04-01,6148,198852,2065,84144,3670,107495,413,7213,3111,70417,3022,67735,3519,138152,California
Monterey,2021-04-02,4797,203649,2269,86413,2463,109958,65,7278,3243,72178,1551,69286,3312,141464,California
Monterey,2021-04-03,5943,209592,1120,87533,3786,113744,1037,8315,1238,69753,4693,73979,2268,143732,California
Monterey,2021-04-04,774,210366,162,87695,597,114341,15,8330,498,69992,276,74255,515,144247,California
Monterey,2021-04-05,4014,214380,2478,90173,1306,115647,230,8560,1493,69200,2515,76770,1723,145970,California
Monterey,2021-04-06,3427,217807,1341,91514,1612,117259,474,9034,1164,68575,2261,79031,1636,147606,California
Monterey,2021-04-07,5691,223498,1383,92897,3793,121052,515,9549,2759,68931,2921,81952,3277,150883,California
Monterey,2021-04-08,6638,230136,3494,96391,2341,123393,803,10352,3267,69653,3365,85317,4087,154970,California
Monterey,2021-04-09,5681,235817,3401,99792,1643,125036,637,10989,2292,69217,3386,88703,2950,157920,California
Monterey,2021-04-10,10124,245941,4901,104693,3070,128106,2153,13142,4924,71104,5189,93892,7076,164996,California
Monterey,2021-04-11,5420,251361,4250,108943,567,128673,603,13745,4374,75036,1040,94932,4972,169968,California
Monterey,2021-04-12,4103,255464,1849,110792,1935,130608,319,14064,927,73244,3038,97970,1246,171214,California
Monterey,2021-04-13,3185,258649,730,111522,2450,133058,5,14069,1518,73121,1648,99618,1525,172739,California
Monterey,2021-04-14,6735,265384,3139,114661,3593,136651,3,14072,1835,70076,4883,104501,1838,174577,California
Monterey,2021-04-15,5892,271276,3904,118565,1988,138639,0,14072,3868,71951,1994,106495,3869,178446,California
Monterey,2021-04-16,4843,276119,2442,121007,2387,141026,14,14086,2250,71635,2581,109076,2265,180711,California
Monterey,2021-04-17,5617,281736,1357,122364,4260,145286,0,14086,3723,73478,1880,110956,3723,184434,California
Monterey,2021-04-18,843,282579,256,122620,587,145873,0,14086,237,73113,602,111558,237,184671,California
Monterey,2021-04-19,3734,286313,1290,123910,2444,148317,0,14086,1772,72931,1954,113512,1772,186443,California
Monterey,2021-04-20,3852,290165,1583,125493,2269,150586,0,14086,1591,72284,2239,115751,1592,188035,California
Monterey,2021-04-21,5931,296096,3178,128671,2753,153339,0,14086,2860,72110,3036,118787,2862,190897,California
Monterey,2021-04-22,4831,300927,1029,129700,3802,157141,0,14086,1987,71293,2804,121591,1987,192884,California
Monterey,2021-04-23,5770,306697,2634,132334,3135,160276,1,14087,2236,70020,3514,125105,2241,195125,California
Monterey,2021-04-24,4176,310873,587,132921,3589,163865,0,14087,1540,68940,2620,127725,1540,196665,California
Monterey,2021-04-25,1243,312116,610,133531,633,164498,0,14087,793,69293,440,128165,793,197458,California
Monterey,2021-04-26,3501,315617,2178,135709,1306,165804,17,14104,881,67596,2595,130760,898,198356,California
Monterey,2021-04-27,2627,318244,898,136607,1611,167415,118,14222,1147,67384,1476,132236,1264,199620,California
Monterey,2021-04-28,3610,321854,1373,137980,2084,169499,153,14375,2227,68391,1370,133606,2377,201997,California
Monterey,2021-04-29,4516,326370,2423,140403,2017,171516,76,14451,1653,67269,2852,136458,1730,203727,California
Monterey,2021-04-30,3184,329554,1657,142060,1452,172968,75,14526,786,65739,2389,138847,859,204586,California
Monterey,2021-05-01,5615,335169,4239,146299,1336,174304,40,14566,681,61541,4917,143764,719,205305,California
Monterey,2021-05-02,4362,339531,3935,150234,400,174704,27,14593,325,57869,4024,147788,352,205657,California
Monterey,2021-05-03,2550,342081,1567,151801,867,175571,116,14709,599,56643,1941,149729,715,206372,California
Monterey,2021-05-04,1789,343870,600,152401,1099,176670,90,14799,646,56250,1130,150859,737,207109,California
Monterey,2021-05-05,3315,347185,1195,153596,2035,178705,85,14884,1044,55120,2260,153119,1130,208239,California
Monterey,2021-05-06,4175,351360,2749,156345,1209,179914,217,15101,1126,53430,3033,156152,1343,209582,California
Monterey,2021-05-07,1990,353350,973,157318,918,180832,99,15200,703,52952,1279,157431,801,210383,California
Monterey,2021-05-08,2578,355928,1367,158685,887,181719,324,15524,912,52529,1655,159086,1232,211615,California
Monterey,2021-05-09,398,356326,116,158801,256,181975,26,15550,145,52448,252,159338,171,211786,California
Monterey,2021-05-10,2591,358917,1859,160660,685,182660,47,15597,330,50575,2251,161589,378,212164,California
Monterey,2021-05-11,1760,360677,906,161566,791,183451,63,15660,729,50352,1016,162605,793,212957,California
Monterey,2021-05-12,3665,364342,1965,163531,1627,185078,73,15733,783,48337,2872,165477,857,213814,California
Monterey,2021-05-13,2286,366628,1311,164842,919,185997,56,15789,1262,48639,1014,166491,1316,215130,California
Monterey,2021-05-14,1738,368366,497,165339,1165,187162,76,15865,695,48374,1035,167526,770,215900,California
Monterey,2021-05-15,2987,371353,527,165866,2225,189387,235,16100,642,46917,2333,169859,876,216776,California
Monterey,2021-05-16,877,372230,530,166396,280,189667,67,16167,223,46558,648,170507,289,217065,California
Monterey,2021-05-17,2184,374414,1286,167682,824,190491,74,16241,1036,46532,1136,171643,1110,218175,California
Monterey,2021-05-18,1729,376143,665,168347,1021,191512,43,16284,797,46450,924,172567,842,219017,California
Monterey,2021-05-19,3556,379699,2345,170692,1125,192637,86,16370,1934,46856,1615,174182,2021,221038,California
Monterey,2021-05-20,2299,381998,806,171498,1388,194025,105,16475,736,46151,1548,175730,843,221881,California
Monterey,2021-05-21,2793,384791,1209,172707,1496,195521,88,16563,863,45178,1923,177653,950,222831,California
Monterey,2021-05-22,1693,386484,607,173314,808,196329,278,16841,637,45038,1053,178706,913,223744,California
Monterey,2021-05-23,547,387031,407,173721,125,196454,15,16856,387,45285,155,178861,402,224146,California
Monterey,2021-05-24,1577,388608,462,174183,1053,197507,62,16918,549,44874,1022,179883,611,224757,California
Monterey,2021-05-25,610,389218,258,174441,333,197840,19,16937,258,44804,347,180230,277,225034,California
Napa,2020-12-16,12,12,12,12,0,0,0,0,12,12,0,0,12,12,California
Napa,2020-12-17,44,56,44,56,0,0,0,0,44,56,0,0,44,56,California
Napa,2020-12-18,102,158,102,158,0,0,0,0,102,158,0,0,102,158,California
Napa,2020-12-19,221,379,221,379,0,0,0,0,221,379,0,0,221,379,California
Napa,2020-12-20,190,569,190,569,0,0,0,0,190,569,0,0,190,569,California
Napa,2020-12-21,314,883,314,883,0,0,0,0,315,884,0,0,315,884,California
Napa,2020-12-22,341,1224,332,1215,9,9,0,0,341,1225,0,0,341,1225,California
Napa,2020-12-23,431,1655,321,1536,110,119,0,0,431,1656,0,0,431,1656,California
Napa,2020-12-24,139,1794,78,1614,61,180,0,0,139,1795,0,0,139,1795,California
Napa,2020-12-25,1,1795,1,1615,0,180,0,0,1,1796,0,0,1,1796,California
Napa,2020-12-26,39,1834,11,1626,28,208,0,0,39,1835,0,0,39,1835,California
Napa,2020-12-27,32,1866,16,1642,16,224,0,0,32,1867,0,0,32,1867,California
Napa,2020-12-28,252,2118,186,1828,66,290,0,0,281,2148,0,0,281,2148,California
Napa,2020-12-29,271,2389,214,2042,57,347,0,0,304,2452,0,0,304,2452,California
Napa,2020-12-30,631,3020,486,2528,145,492,0,0,639,3091,0,0,639,3091,California
Napa,2020-12-31,460,3480,371,2899,89,581,0,0,460,3551,0,0,460,3551,California
Napa,2021-01-01,1,3481,1,2900,0,581,0,0,1,3552,0,0,1,3552,California
Napa,2021-01-02,98,3579,93,2993,5,586,0,0,98,3650,0,0,98,3650,California
Napa,2021-01-03,13,3592,11,3004,2,588,0,0,9,3659,0,0,9,3659,California
Napa,2021-01-04,106,3698,63,3067,43,631,0,0,106,3765,0,0,106,3765,California
Napa,2021-01-05,162,3860,85,3152,77,708,0,0,145,3886,24,24,145,3910,California
Napa,2021-01-06,459,4319,113,3265,346,1054,0,0,396,4221,61,85,396,4306,California
Napa,2021-01-07,499,4818,235,3500,264,1318,0,0,398,4519,100,185,398,4704,California
Napa,2021-01-08,445,5263,230,3730,215,1533,0,0,261,4597,183,368,261,4965,California
Napa,2021-01-09,327,5590,302,4032,25,1558,0,0,190,4650,137,505,190,5155,California
Napa,2021-01-10,185,5775,102,4134,83,1641,0,0,108,4681,77,582,108,5263,California
Napa,2021-01-11,881,6656,427,4561,454,2095,0,0,507,4815,375,957,509,5772,California
Napa,2021-01-12,1318,7974,373,4934,945,3040,0,0,1000,5497,318,1275,1000,6772,California
Napa,2021-01-13,1313,9287,265,5199,1048,4088,0,0,1150,6486,162,1437,1151,7923,California
Napa,2021-01-14,1051,10338,171,5370,880,4968,0,0,933,7303,116,1553,933,8856,California
Napa,2021-01-15,1457,11795,384,5754,1073,6041,0,0,1308,8455,157,1710,1309,10165,California
Napa,2021-01-16,357,12152,133,5887,224,6265,0,0,340,8778,17,1727,340,10505,California
Napa,2021-01-17,338,12490,173,6060,165,6430,0,0,328,9096,10,1737,328,10833,California
Napa,2021-01-18,1079,13569,197,6257,882,7312,0,0,988,9993,91,1828,988,11821,California
Napa,2021-01-19,1009,14578,405,6662,604,7916,0,0,766,10517,242,2070,766,12587,California
Napa,2021-01-20,827,15405,187,6849,640,8556,0,0,643,10978,182,2252,643,13230,California
Napa,2021-01-21,1335,16740,373,7222,962,9518,0,0,1080,11805,254,2506,1081,14311,California
Napa,2021-01-22,1544,18284,414,7636,1130,10648,0,0,1217,12697,326,2832,1218,15529,California
Napa,2021-01-23,398,18682,318,7954,80,10728,0,0,336,12971,62,2894,336,15865,California
Napa,2021-01-24,264,18946,187,8141,77,10805,0,0,207,13121,57,2951,207,16072,California
Napa,2021-01-25,1521,20467,229,8370,1292,12097,0,0,1431,14462,90,3041,1431,17503,California
Napa,2021-01-26,877,21344,285,8655,592,12689,0,0,785,15156,92,3133,786,18289,California
Napa,2021-01-27,628,21972,220,8875,408,13097,0,0,471,15470,158,3291,472,18761,California
Napa,2021-01-28,387,22359,175,9050,212,13309,0,0,196,15477,189,3480,196,18957,California
Napa,2021-01-29,255,22614,63,9113,192,13501,0,0,160,15542,95,3575,160,19117,California
Napa,2021-01-30,807,23421,697,9810,110,13611,0,0,640,16015,167,3742,640,19757,California
Napa,2021-01-31,652,24073,621,10431,31,13642,0,0,629,16621,23,3765,629,20386,California
Napa,2021-02-01,320,24393,112,10543,208,13850,0,0,164,16629,156,3921,164,20550,California
Napa,2021-02-02,606,24999,279,10822,327,14177,0,0,297,16620,306,4227,297,20847,California
Napa,2021-02-03,744,25743,308,11130,436,14613,0,0,429,16735,314,4541,429,21276,California
Napa,2021-02-04,787,26530,370,11500,417,15030,0,0,438,16826,347,4888,438,21714,California
Napa,2021-02-05,709,27239,308,11808,401,15431,0,0,342,16801,367,5255,342,22056,California
Napa,2021-02-06,434,27673,146,11954,288,15719,0,0,328,17023,106,5361,328,22384,California
Napa,2021-02-07,173,27846,160,12114,13,15732,0,0,71,16992,102,5463,71,22455,California
Napa,2021-02-08,835,28681,191,12305,644,16376,0,0,274,16708,558,6021,274,22729,California
Napa,2021-02-09,1083,29764,448,12753,635,17011,0,0,440,16506,642,6663,440,23169,California
Napa,2021-02-10,1724,31488,193,12946,1531,18542,0,0,451,15688,1270,7933,452,23621,California
Napa,2021-02-11,1492,32980,192,13138,1300,19842,0,0,405,15019,1074,9007,405,24026,California
Napa,2021-02-12,2170,35150,844,13982,1326,21168,0,0,729,14311,1437,10444,729,24755,California
Napa,2021-02-13,503,35653,53,14035,450,21618,0,0,317,14442,186,10630,317,25072,California
Napa,2021-02-14,354,36007,86,14121,268,21886,0,0,192,14472,162,10792,192,25264,California
Napa,2021-02-15,876,36883,182,14303,694,22580,0,0,223,14044,651,11443,223,25487,California
Napa,2021-02-16,1287,38170,596,14899,691,23271,0,0,613,13985,672,12115,613,26100,California
Napa,2021-02-17,1048,39218,531,15430,517,23788,0,0,477,13894,569,12684,478,26578,California
Napa,2021-02-18,1902,41120,485,15915,1417,25205,0,0,660,13315,1239,13923,660,27238,California
Napa,2021-02-19,1479,42599,585,16500,894,26099,0,0,675,13187,803,14726,675,27913,California
Napa,2021-02-20,822,43421,597,17097,225,26324,0,0,275,12915,547,15273,275,28188,California
Napa,2021-02-21,816,44237,752,17849,64,26388,0,0,212,12523,604,15877,212,28400,California
Napa,2021-02-22,446,44683,190,18039,256,26644,0,0,141,12359,305,16182,141,28541,California
Napa,2021-02-23,1130,45813,306,18345,824,27468,0,0,315,11859,815,16997,315,28856,California
Napa,2021-02-24,1165,46978,644,18989,521,27989,0,0,577,11850,586,17583,577,29433,California
Napa,2021-02-25,2560,49538,1224,20213,1336,29325,0,0,1848,12987,711,18294,1848,31281,California
Napa,2021-02-26,1507,51045,527,20740,980,30305,0,0,596,12674,909,19203,596,31877,California
Napa,2021-02-27,1117,52162,386,21126,731,31036,0,0,865,13289,250,19453,865,32742,California
Napa,2021-02-28,563,52725,461,21587,102,31138,0,0,463,13654,98,19551,463,33205,California
Napa,2021-03-01,1106,53831,817,22404,289,31427,0,0,832,14214,272,19823,832,34037,California
Napa,2021-03-02,1507,55338,1048,23452,459,31886,0,0,1166,15040,340,20163,1166,35203,California
Napa,2021-03-03,1564,56902,694,24146,870,32756,0,0,1376,16229,187,20350,1376,36579,California
Napa,2021-03-04,1713,58615,787,24933,926,33682,0,0,1474,17467,236,20586,1474,38053,California
Napa,2021-03-05,1899,60514,790,25723,1105,34787,4,4,1481,18536,416,21002,1485,39538,California
Napa,2021-03-06,653,61167,286,26009,336,35123,31,35,541,18998,110,21112,572,40110,California
Napa,2021-03-07,519,61686,316,26325,188,35311,15,50,375,19244,144,21256,390,40500,California
Napa,2021-03-08,712,62398,335,26660,324,35635,53,103,535,19657,175,21431,588,41088,California
Napa,2021-03-09,1683,64081,603,27263,1034,36669,46,149,1249,20521,431,21862,1295,42383,California
Napa,2021-03-10,1494,65575,921,28184,479,37148,94,243,795,20713,695,22557,887,43270,California
Napa,2021-03-11,1877,67452,1059,29243,688,37836,130,373,986,20937,891,23448,1115,44385,California
Napa,2021-03-12,1515,68967,917,30160,502,38338,96,469,809,21136,704,24152,903,45288,California
Napa,2021-03-13,1171,70138,305,30465,841,39179,25,494,830,21652,339,24491,855,46143,California
Napa,2021-03-14,619,70757,336,30801,135,39314,148,642,218,21617,400,24891,365,46508,California
Napa,2021-03-15,954,71711,411,31212,473,39787,70,712,480,21695,472,25363,550,47058,California
Napa,2021-03-16,1846,73557,392,31604,1327,41114,127,839,1378,22736,465,25828,1506,48564,California
Napa,2021-03-17,2508,76065,1850,33454,479,41593,179,1018,1596,23600,911,26739,1775,50339,California
Napa,2021-03-18,2130,78195,939,34393,1181,42774,10,1028,1301,24085,826,27565,1311,51650,California
Napa,2021-03-19,1450,79645,878,35271,544,43318,28,1056,709,24084,738,28303,737,52387,California
Napa,2021-03-20,1009,80654,530,35801,326,43644,153,1209,426,24081,582,28885,579,52966,California
Napa,2021-03-21,704,81358,681,36482,20,43664,3,1212,348,24077,355,29240,351,53317,California
Napa,2021-03-22,1298,82656,1122,37604,165,43829,11,1223,495,23785,798,30038,506,53823,California
Napa,2021-03-23,1873,84529,1180,38784,676,44505,17,1240,1003,23939,866,30904,1020,54843,California
Napa,2021-03-24,1708,86237,945,39729,755,45260,8,1248,818,23876,889,31793,826,55669,California
Napa,2021-03-25,1925,88162,1053,40782,818,46078,54,1302,768,23547,1151,32944,822,56491,California
Napa,2021-03-26,1306,89468,838,41620,462,46540,6,1308,591,23434,710,33654,597,57088,California
Napa,2021-03-27,941,90409,433,42053,481,47021,27,1335,313,23146,628,34282,340,57428,California
Napa,2021-03-28,489,90898,378,42431,104,47125,7,1342,181,23028,306,34588,188,57616,California
Napa,2021-03-29,1200,92098,874,43305,321,47446,5,1347,729,23292,470,35058,734,58350,California
Napa,2021-03-30,2633,94731,933,44238,1696,49142,4,1351,1817,24298,816,35874,1822,60172,California
Napa,2021-03-31,1974,96705,963,45201,942,50084,69,1420,805,24004,1166,37040,872,61044,California
Napa,2021-04-01,1749,98454,842,46043,789,50873,118,1538,480,23340,1263,38303,599,61643,California
Napa,2021-04-02,1865,100319,836,46879,887,51760,142,1680,477,22576,1385,39688,621,62264,California
Napa,2021-04-03,634,100953,369,47248,206,51966,59,1739,214,22428,420,40108,272,62536,California
Napa,2021-04-04,358,101311,144,47392,156,52122,58,1797,124,22377,233,40341,182,62718,California
Napa,2021-04-05,1273,102584,758,48150,296,52418,219,2016,575,22474,697,41038,794,63512,California
Napa,2021-04-06,2242,104826,559,48709,1427,53845,256,2272,515,21523,1724,42762,773,64285,California
Napa,2021-04-07,1729,106555,703,49412,805,54650,221,2493,520,21060,1204,43966,741,65026,California
Napa,2021-04-08,1854,108409,1064,50476,418,55068,372,2865,959,21500,891,44857,1331,66357,California
Napa,2021-04-09,1536,109945,922,51398,312,55380,302,3167,675,21618,859,45716,977,67334,California
Napa,2021-04-10,1032,110977,345,51743,587,55967,100,3267,240,21168,791,46507,341,67675,California
Napa,2021-04-11,384,111361,298,52041,63,56030,23,3290,156,21119,228,46735,179,67854,California
Napa,2021-04-12,788,112149,304,52345,360,56390,124,3414,290,21033,497,47232,411,68265,California
Napa,2021-04-13,2537,114686,845,53190,1692,58082,0,3414,928,20357,1604,48836,928,69193,California
Napa,2021-04-14,2083,116769,982,54172,1101,59183,0,3414,1014,20310,1061,49897,1014,70207,California
Napa,2021-04-15,2057,118826,528,54700,1529,60712,0,3414,876,20011,1175,51072,876,71083,California
Napa,2021-04-16,2902,121728,1576,56276,1326,62038,0,3414,2188,21487,712,51784,2188,73271,California
Napa,2021-04-17,1131,122859,267,56543,864,62902,0,3414,832,22021,298,52082,832,74103,California
Napa,2021-04-18,265,123124,172,56715,93,62995,0,3414,119,21994,146,52228,119,74222,California
Napa,2021-04-19,609,123733,338,57053,271,63266,0,3414,265,21916,343,52571,265,74487,California
Napa,2021-04-20,3033,126766,2060,59113,973,64239,0,3414,2081,23047,951,53522,2082,76569,California
Napa,2021-04-21,2917,129683,2156,61269,761,65000,0,3414,1852,23841,1059,54581,1853,78422,California
Napa,2021-04-22,1637,131320,1129,62398,508,65508,0,3414,838,23885,794,55375,838,79260,California
Napa,2021-04-23,1623,132943,1246,63644,375,65883,2,3416,1147,24560,472,55847,1147,80407,California
Napa,2021-04-24,559,133502,317,63961,242,66125,0,3416,285,24574,271,56118,285,80692,California
Napa,2021-04-25,250,133752,192,64153,58,66183,0,3416,130,24585,119,56237,130,80822,California
Napa,2021-04-26,507,134259,263,64416,244,66427,0,3416,263,24608,240,56477,263,81085,California
Napa,2021-04-27,1677,135936,436,64852,1230,67657,11,3427,650,24245,1024,57501,661,81746,California
Napa,2021-04-28,971,136907,427,65279,527,68184,17,3444,317,23926,653,58154,334,82080,California
Napa,2021-04-29,647,137554,326,65605,302,68486,19,3463,200,23703,441,58595,218,82298,California
Napa,2021-04-30,603,138157,303,65908,236,68722,64,3527,249,23662,353,58948,312,82610,California
Napa,2021-05-01,323,138480,266,66174,46,68768,11,3538,119,23588,204,59152,130,82740,California
Napa,2021-05-02,237,138717,193,66367,38,68806,6,3544,99,23556,137,59289,105,82845,California
Napa,2021-05-03,623,139340,498,66865,90,68896,35,3579,103,23179,516,59805,139,82984,California
Napa,2021-05-04,1124,140464,716,67581,298,69194,110,3689,294,22757,826,60631,404,83388,California
Napa,2021-05-05,1017,141481,686,68267,295,69489,36,3725,256,22291,758,61389,292,83680,California
Napa,2021-05-06,711,142192,313,68580,375,69864,23,3748,367,22346,335,61724,390,84070,California
Napa,2021-05-07,559,142751,357,68937,158,70022,44,3792,174,22182,381,62105,217,84287,California
Napa,2021-05-08,254,143005,163,69100,80,70102,11,3803,89,22118,164,62269,100,84387,California
Napa,2021-05-09,108,143113,77,69177,31,70133,0,3803,50,22110,58,62327,50,84437,California
Napa,2021-05-10,418,143531,141,69318,258,70391,19,3822,108,21928,309,62636,127,84564,California
Napa,2021-05-11,2152,145683,1772,71090,354,70745,26,3848,369,20546,1777,64413,395,84959,California
Napa,2021-05-12,2154,147837,1346,72436,754,71499,54,3902,296,19043,1853,66266,350,85309,California
Napa,2021-05-13,1820,149657,1129,73565,653,72152,38,3940,764,18796,1049,67315,802,86111,California
Napa,2021-05-14,1873,151530,1105,74670,681,72833,87,4027,509,18035,1358,68673,597,86708,California
Napa,2021-05-15,1053,152583,347,75017,695,73528,11,4038,261,17520,788,69461,273,86981,California
Napa,2021-05-16,238,152821,159,75176,77,73605,2,4040,67,17418,171,69632,69,87050,California
Napa,2021-05-17,877,153698,346,75522,501,74106,30,4070,311,17250,509,70141,341,87391,California
Napa,2021-05-18,1035,154733,541,76063,436,74542,58,4128,498,17274,532,70673,556,87947,California
Napa,2021-05-19,922,155655,541,76604,351,74893,30,4158,520,17423,400,71073,549,88496,California
Napa,2021-05-20,573,156228,379,76983,168,75061,26,4184,374,17624,199,71272,400,88896,California
Napa,2021-05-21,425,156653,208,77191,186,75247,31,4215,186,17602,239,71511,217,89113,California
Napa,2021-05-22,389,157042,215,77406,168,75415,6,4221,157,17533,232,71743,163,89276,California
Napa,2021-05-23,330,157372,300,77706,20,75435,10,4231,252,17718,77,71820,262,89538,California
Napa,2021-05-24,358,157730,173,77879,166,75601,19,4250,147,17676,209,72029,167,89705,California
Napa,2021-05-25,222,157952,53,77932,116,75717,53,4303,52,17611,170,72199,105,89810,California
Nevada,2020-12-16,3,3,3,3,0,0,0,0,3,3,0,0,3,3,California
Nevada,2020-12-17,6,9,6,9,0,0,0,0,6,9,0,0,6,9,California
Nevada,2020-12-18,52,61,52,61,0,0,0,0,52,61,0,0,52,61,California
Nevada,2020-12-19,55,116,55,116,0,0,0,0,55,116,0,0,55,116,California
Nevada,2020-12-20,12,128,12,128,0,0,0,0,12,128,0,0,12,128,California
Nevada,2020-12-21,69,197,69,197,0,0,0,0,69,197,0,0,69,197,California
Nevada,2020-12-22,91,288,89,286,2,2,0,0,91,288,0,0,91,288,California
Nevada,2020-12-23,234,522,203,489,31,33,0,0,234,522,0,0,234,522,California
Nevada,2020-12-24,13,535,11,500,2,35,0,0,13,535,0,0,13,535,California
Nevada,2020-12-25,3,538,3,503,0,35,0,0,3,538,0,0,3,538,California
Nevada,2020-12-26,6,544,4,507,2,37,0,0,6,544,0,0,6,544,California
Nevada,2020-12-27,88,632,88,595,0,37,0,0,88,632,0,0,88,632,California
Nevada,2020-12-28,169,801,92,687,77,114,0,0,169,801,0,0,169,801,California
Nevada,2020-12-29,99,900,73,760,26,140,0,0,99,900,0,0,99,900,California
Nevada,2020-12-30,86,986,66,826,20,160,0,0,86,986,0,0,86,986,California
Nevada,2020-12-31,39,1025,9,835,30,190,0,0,39,1025,0,0,39,1025,California
Nevada,2021-01-01,2,1027,0,835,2,192,0,0,2,1027,0,0,2,1027,California
Nevada,2021-01-02,1,1028,1,836,0,192,0,0,1,1028,0,0,1,1028,California
Nevada,2021-01-03,129,1157,126,962,3,195,0,0,129,1157,0,0,129,1157,California
Nevada,2021-01-04,71,1228,47,1009,24,219,0,0,71,1228,0,0,71,1228,California
Nevada,2021-01-05,273,1501,132,1141,141,360,0,0,272,1499,1,1,272,1500,California
Nevada,2021-01-06,91,1592,43,1184,48,408,0,0,83,1574,8,9,83,1583,California
Nevada,2021-01-07,215,1807,43,1227,172,580,0,0,208,1777,6,15,209,1792,California
Nevada,2021-01-08,223,2030,129,1356,94,674,0,0,170,1895,53,68,171,1963,California
Nevada,2021-01-09,63,2093,56,1412,7,681,0,0,15,1862,48,116,15,1978,California
Nevada,2021-01-10,18,2111,9,1421,9,690,0,0,10,1864,8,124,10,1988,California
Nevada,2021-01-11,185,2296,131,1552,54,744,0,0,57,1793,128,252,57,2045,California
Nevada,2021-01-12,595,2891,449,2001,146,890,0,0,529,2256,66,318,529,2574,California
Nevada,2021-01-13,258,3149,145,2146,113,1003,0,0,125,2248,133,451,125,2699,California
Nevada,2021-01-14,237,3386,127,2273,110,1113,0,0,219,2450,17,468,219,2918,California
Nevada,2021-01-15,395,3781,170,2443,225,1338,0,0,297,2649,98,566,297,3215,California
Nevada,2021-01-16,297,4078,15,2458,282,1620,0,0,293,2938,4,570,293,3508,California
Nevada,2021-01-17,36,4114,32,2490,4,1624,0,0,34,2970,2,572,34,3542,California
Nevada,2021-01-18,155,4269,45,2535,110,1734,0,0,143,3101,12,584,143,3685,California
Nevada,2021-01-19,243,4512,85,2620,158,1892,0,0,223,3304,20,604,223,3908,California
Nevada,2021-01-20,269,4781,164,2784,105,1997,0,0,256,3547,13,617,256,4164,California
Nevada,2021-01-21,339,5120,207,2991,132,2129,0,0,326,3860,13,630,326,4490,California
Nevada,2021-01-22,368,5488,231,3222,137,2266,0,0,338,4168,30,660,338,4828,California
Nevada,2021-01-23,178,5666,105,3327,73,2339,0,0,178,4346,0,660,178,5006,California
Nevada,2021-01-24,105,5771,98,3425,7,2346,0,0,66,4373,39,699,66,5072,California
Nevada,2021-01-25,265,6036,136,3561,129,2475,0,0,204,4516,61,760,204,5276,California
Nevada,2021-01-26,402,6438,141,3702,261,2736,0,0,298,4710,104,864,298,5574,California
Nevada,2021-01-27,419,6857,247,3949,172,2908,0,0,395,5081,24,888,395,5969,California
Nevada,2021-01-28,470,7327,319,4268,151,3059,0,0,426,5464,43,931,426,6395,California
Nevada,2021-01-29,605,7932,394,4662,211,3270,0,0,578,6017,26,957,579,6974,California
Nevada,2021-01-30,232,8164,105,4767,127,3397,0,0,229,6243,3,960,229,7203,California
Nevada,2021-01-31,104,8268,87,4854,17,3414,0,0,102,6345,1,961,103,7306,California
Nevada,2021-02-01,291,8559,71,4925,220,3634,0,0,277,6608,14,975,277,7583,California
Nevada,2021-02-02,520,9079,182,5107,338,3972,0,0,321,6730,199,1174,321,7904,California
Nevada,2021-02-03,814,9893,573,5680,241,4213,0,0,760,7437,53,1227,760,8664,California
Nevada,2021-02-04,737,10630,388,6068,349,4562,0,0,487,7675,249,1476,487,9151,California
Nevada,2021-02-05,649,11279,369,6437,280,4842,0,0,459,7946,188,1664,459,9610,California
Nevada,2021-02-06,269,11548,82,6519,187,5029,0,0,242,8161,27,1691,242,9852,California
Nevada,2021-02-07,247,11795,194,6713,53,5082,0,0,193,8300,54,1745,193,10045,California
Nevada,2021-02-08,653,12448,407,7120,246,5328,0,0,552,8751,101,1846,552,10597,California
Nevada,2021-02-09,603,13051,337,7457,266,5594,0,0,464,9076,139,1985,464,11061,California
Nevada,2021-02-10,650,13701,325,7782,325,5919,0,0,419,9265,231,2216,420,11481,California
Nevada,2021-02-11,872,14573,505,8287,367,6286,0,0,544,9482,327,2543,544,12025,California
Nevada,2021-02-12,941,15514,438,8725,503,6789,0,0,621,9786,317,2860,621,12646,California
Nevada,2021-02-13,601,16115,236,8961,365,7154,0,0,387,9965,209,3069,388,13034,California
Nevada,2021-02-14,231,16346,120,9081,111,7265,0,0,203,10140,28,3097,203,13237,California
Nevada,2021-02-15,713,17059,438,9519,275,7540,0,0,539,10505,174,3271,539,13776,California
Nevada,2021-02-16,622,17681,199,9718,423,7963,0,0,455,10794,166,3437,455,14231,California
Nevada,2021-02-17,1184,18865,763,10481,421,8384,0,0,856,11322,328,3765,856,15087,California
Nevada,2021-02-18,1013,19878,550,11031,463,8847,0,0,604,11519,407,4172,604,15691,California
Nevada,2021-02-19,1013,20891,631,11662,382,9229,0,0,650,11808,362,4534,651,16342,California
Nevada,2021-02-20,298,21189,107,11769,191,9420,0,0,173,11857,124,4658,173,16515,California
Nevada,2021-02-21,95,21284,89,11858,6,9426,0,0,8,11779,86,4744,8,16523,California
Nevada,2021-02-22,497,21781,331,12189,166,9592,0,0,350,11983,146,4890,350,16873,California
Nevada,2021-02-23,484,22265,235,12424,249,9841,0,0,220,11942,261,5151,220,17093,California
Nevada,2021-02-24,478,22743,242,12666,236,10077,0,0,254,11974,224,5375,256,17349,California
Nevada,2021-02-25,860,23603,467,13133,393,10470,0,0,432,11980,426,5801,432,17781,California
Nevada,2021-02-26,1240,24843,883,14016,357,10827,0,0,411,11565,826,6627,411,18192,California
Nevada,2021-02-27,355,25198,111,14127,244,11071,0,0,186,11582,169,6796,186,18378,California
Nevada,2021-02-28,273,25471,159,14286,114,11185,0,0,125,11560,147,6943,125,18503,California
Nevada,2021-03-01,831,26302,435,14721,396,11581,0,0,362,11455,467,7410,362,18865,California
Nevada,2021-03-02,742,27044,293,15014,449,12030,0,0,509,11736,228,7638,509,19374,California
Nevada,2021-03-03,979,28023,502,15516,476,12506,1,1,508,11775,470,8108,509,19883,California
Nevada,2021-03-04,1107,29130,617,16133,490,12996,0,1,466,11604,637,8745,466,20349,California
Nevada,2021-03-05,836,29966,474,16607,352,13348,10,11,374,11528,460,9205,384,20733,California
Nevada,2021-03-06,360,30326,121,16728,212,13560,27,38,143,11481,217,9422,170,20903,California
Nevada,2021-03-07,212,30538,110,16838,83,13643,19,57,70,11428,142,9564,89,20992,California
Nevada,2021-03-08,826,31364,556,17394,224,13867,46,103,376,11402,449,10013,423,21415,California
Nevada,2021-03-09,790,32154,404,17798,337,14204,49,152,464,11590,324,10337,512,21927,California
Nevada,2021-03-10,1002,33156,646,18444,300,14504,56,208,340,11328,657,10994,395,22322,California
Nevada,2021-03-11,1106,34262,727,19171,354,14858,25,233,550,11355,548,11542,575,22897,California
Nevada,2021-03-12,1202,35464,729,19900,443,15301,30,263,509,11203,690,12232,538,23435,California
Nevada,2021-03-13,278,35742,56,19956,217,15518,5,268,105,11140,172,12404,109,23544,California
Nevada,2021-03-14,155,35897,21,19977,128,15646,6,274,32,11055,123,12527,38,23582,California
Nevada,2021-03-15,850,36747,459,20436,379,16025,12,286,359,10938,488,13015,371,23953,California
Nevada,2021-03-16,999,37746,469,20905,468,16493,62,348,640,11282,357,13372,701,24654,California
Nevada,2021-03-17,1021,38767,453,21358,558,17051,10,358,583,11440,435,13807,593,25247,California
Nevada,2021-03-18,983,39750,533,21891,427,17478,23,381,479,11442,500,14307,502,25749,California
Nevada,2021-03-19,759,40509,441,22332,281,17759,37,418,355,11434,400,14707,392,26141,California
Nevada,2021-03-20,822,41331,92,22424,302,18061,428,846,229,11500,587,15294,653,26794,California
Nevada,2021-03-21,58,41389,32,22456,25,18086,1,847,40,11524,17,15311,41,26835,California
Nevada,2021-03-22,800,42189,518,22974,277,18363,5,852,534,11799,264,15575,539,27374,California
Nevada,2021-03-23,858,43047,390,23364,442,18805,26,878,616,12202,239,15814,642,28016,California
Nevada,2021-03-24,1023,44070,543,23907,473,19278,7,885,641,12473,376,16190,647,28663,California
Nevada,2021-03-25,907,44977,458,24365,424,19702,25,910,496,12583,410,16600,520,29183,California
Nevada,2021-03-26,1142,46119,437,24802,666,20368,39,949,818,13118,321,16921,856,30039,California
Nevada,2021-03-27,567,46686,70,24872,481,20849,16,965,385,13337,182,17103,401,30440,California
Nevada,2021-03-28,176,46862,50,24922,113,20962,13,978,38,13253,135,17238,51,30491,California
Nevada,2021-03-29,821,47683,502,25424,297,21259,22,1000,376,13208,442,17680,397,30888,California
Nevada,2021-03-30,1054,48737,482,25906,538,21797,34,1034,486,13168,560,18240,520,31408,California
Nevada,2021-03-31,1181,49918,661,26567,503,22300,17,1051,678,13368,494,18734,694,32102,California
Nevada,2021-04-01,1238,51156,721,27288,464,22764,53,1104,545,13282,684,19418,598,32700,California
Nevada,2021-04-02,1288,52444,660,27948,592,23356,36,1140,761,13556,523,19941,797,33497,California
Nevada,2021-04-03,292,52736,92,28040,161,23517,39,1179,85,13474,206,20147,124,33621,California
Nevada,2021-04-04,129,52865,43,28083,79,23596,7,1186,78,13508,51,20198,85,33706,California
Nevada,2021-04-05,932,53797,614,28697,298,23894,20,1206,620,13839,309,20507,640,34346,California
Nevada,2021-04-06,1076,54873,667,29364,266,24160,143,1349,435,13785,634,21141,580,34926,California
Nevada,2021-04-07,1147,56020,819,30183,245,24405,83,1432,611,13949,529,21670,693,35619,California
Nevada,2021-04-08,1277,57297,889,31072,305,24710,83,1515,702,14162,572,22242,785,36404,California
Nevada,2021-04-09,1243,58540,847,31919,327,25037,69,1584,841,14672,400,22642,910,37314,California
Nevada,2021-04-10,264,58804,77,31996,111,25148,76,1660,108,14701,155,22797,184,37498,California
Nevada,2021-04-11,100,58904,32,32028,64,25212,4,1664,39,14683,61,22858,43,37541,California
Nevada,2021-04-12,745,59649,539,32567,190,25402,16,1680,315,14588,426,23284,331,37872,California
Nevada,2021-04-13,881,60530,350,32917,531,25933,0,1680,466,14641,413,23697,466,38338,California
Nevada,2021-04-14,1048,61578,568,33485,480,26413,0,1680,531,14663,509,24206,531,38869,California
Nevada,2021-04-15,1069,62647,702,34187,367,26780,0,1680,615,14836,442,24648,615,39484,California
Nevada,2021-04-16,891,63538,691,34878,200,26980,0,1680,515,14976,375,25023,515,39999,California
Nevada,2021-04-17,193,63731,49,34927,144,27124,0,1680,84,14952,108,25131,84,40083,California
Nevada,2021-04-18,185,63916,20,34947,165,27289,0,1680,103,14973,82,25213,103,40186,California
Nevada,2021-04-19,749,64665,480,35427,269,27558,0,1680,304,14840,437,25650,304,40490,California
Nevada,2021-04-20,798,65463,310,35737,488,28046,0,1680,301,14650,491,26141,301,40791,California
Nevada,2021-04-21,907,66370,495,36232,412,28458,0,1680,273,14298,625,26766,273,41064,California
Nevada,2021-04-22,996,67366,621,36853,375,28833,0,1680,342,13998,642,27408,342,41406,California
Nevada,2021-04-23,1220,68586,540,37393,680,29513,0,1680,396,13581,813,28221,396,41802,California
Nevada,2021-04-24,521,69107,72,37465,449,29962,0,1680,168,13398,351,28572,168,41970,California
Nevada,2021-04-25,116,69223,60,37525,51,30013,5,1685,52,13391,63,28635,56,42026,California
Nevada,2021-04-26,711,69934,533,38058,170,30183,8,1693,203,13104,498,29133,211,42237,California
Nevada,2021-04-27,773,70707,348,38406,420,30603,5,1698,398,13141,366,29499,403,42640,California
Nevada,2021-04-28,985,71692,579,38985,401,31004,5,1703,383,12932,597,30096,388,43028,California
Nevada,2021-04-29,1010,72702,707,39692,299,31303,4,1707,274,12477,733,30829,278,43306,California
Nevada,2021-04-30,1223,73925,724,40416,490,31793,9,1716,201,11667,1020,31849,210,43516,California
Nevada,2021-05-01,143,74068,65,40481,74,31867,4,1720,63,11656,78,31927,67,43583,California
Nevada,2021-05-02,54,74122,30,40511,20,31887,4,1724,19,11644,35,31962,23,43606,California
Nevada,2021-05-03,606,74728,404,40915,183,32070,19,1743,177,11414,425,32387,195,43801,California
Nevada,2021-05-04,584,75312,169,41084,397,32467,18,1761,331,11514,249,32636,349,44150,California
Nevada,2021-05-05,731,76043,380,41464,337,32804,14,1775,318,11442,404,33040,332,44482,California
Nevada,2021-05-06,799,76842,560,42024,228,33032,11,1786,196,11055,594,33634,207,44689,California
Nevada,2021-05-07,880,77722,488,42512,357,33389,35,1821,193,10599,684,34318,228,44917,California
Nevada,2021-05-08,172,77894,20,42532,132,33521,20,1841,81,10610,90,34408,101,45018,California
Nevada,2021-05-09,41,77935,7,42539,32,33553,2,1843,18,10607,23,34431,20,45038,California
Nevada,2021-05-10,388,78323,247,42786,117,33670,24,1867,75,10394,312,34743,99,45137,California
Nevada,2021-05-11,510,78833,150,42936,347,34017,13,1880,127,10159,375,35118,140,45277,California
Nevada,2021-05-12,531,79364,228,43164,292,34309,11,1891,149,9945,374,35492,160,45437,California
Nevada,2021-05-13,799,80163,534,43698,257,34566,8,1899,411,9985,379,35871,419,45856,California
Nevada,2021-05-14,767,80930,579,44277,171,34737,17,1916,428,10094,336,36207,445,46301,California
Nevada,2021-05-15,181,81111,82,44359,91,34828,8,1924,83,10088,97,36304,91,46392,California
Nevada,2021-05-16,154,81265,51,44410,103,34931,0,1924,53,10040,101,36405,53,46445,California
Nevada,2021-05-17,491,81756,313,44723,148,35079,30,1954,216,10021,265,36670,246,46691,California
Nevada,2021-05-18,410,82166,253,44976,153,35232,4,1958,219,10054,190,36860,223,46914,California
Nevada,2021-05-19,488,82654,356,45332,129,35361,3,1961,255,10088,224,37084,258,47172,California
Nevada,2021-05-20,560,83214,319,45651,230,35591,11,1972,198,9940,357,37441,209,47381,California
Nevada,2021-05-21,436,83650,274,45925,154,35745,8,1980,191,9897,242,37683,199,47580,California
Nevada,2021-05-22,200,83850,16,45941,95,35840,89,2069,27,9840,173,37856,116,47696,California
Nevada,2021-05-23,24,83874,5,45946,19,35859,0,2069,7,9830,17,37873,7,47703,California
Nevada,2021-05-24,300,84174,212,46158,75,35934,13,2082,102,9750,195,38068,115,47818,California
Nevada,2021-05-25,228,84402,51,46209,166,36100,11,2093,34,9605,190,38258,45,47863,California
Orange,2020-12-15,16,16,16,16,0,0,0,0,16,16,0,0,16,16,California
Orange,2020-12-16,392,408,392,408,0,0,0,0,392,408,0,0,392,408,California
Orange,2020-12-17,3738,4146,3738,4146,0,0,0,0,3737,4145,0,0,3737,4145,California
Orange,2020-12-18,5067,9213,5059,9205,8,8,0,0,5066,9211,0,0,5066,9211,California
Orange,2020-12-19,2233,11446,2226,11431,7,15,0,0,2232,11443,0,0,2232,11443,California
Orange,2020-12-20,1988,13434,1985,13416,3,18,0,0,1989,13432,0,0,1989,13432,California
Orange,2020-12-21,4260,17694,4254,17670,6,24,0,0,4260,17692,0,0,4260,17692,California
Orange,2020-12-22,3992,21686,3957,21627,35,59,0,0,3992,21684,0,0,3992,21684,California
Orange,2020-12-23,3591,25277,3225,24852,366,425,0,0,3593,25277,0,0,3593,25277,California
Orange,2020-12-24,1381,26658,1078,25930,303,728,0,0,1381,26658,0,0,1381,26658,California
Orange,2020-12-25,17,26675,12,25942,5,733,0,0,17,26675,0,0,17,26675,California
Orange,2020-12-26,1065,27740,424,26366,641,1374,0,0,1065,27740,0,0,1065,27740,California
Orange,2020-12-27,582,28322,276,26642,306,1680,0,0,582,28322,0,0,582,28322,California
Orange,2020-12-28,3613,31935,2637,29279,976,2656,0,0,3613,31935,0,0,3613,31935,California
Orange,2020-12-29,3501,35436,2488,31767,1013,3669,0,0,3500,35434,1,1,3500,35435,California
Orange,2020-12-30,5122,40558,3546,35313,1576,5245,0,0,5122,40556,0,1,5122,40557,California
Orange,2020-12-31,1500,42058,802,36115,698,5943,0,0,1499,42054,1,2,1499,42056,California
Orange,2021-01-01,582,42640,315,36430,267,6210,0,0,581,42634,1,3,581,42637,California
Orange,2021-01-02,1354,43994,849,37279,505,6715,0,0,1354,43988,0,3,1354,43991,California
Orange,2021-01-03,583,44577,325,37604,258,6973,0,0,583,44571,0,3,583,44574,California
Orange,2021-01-04,2754,47331,1573,39177,1181,8154,0,0,2755,47325,1,4,2755,47329,California
Orange,2021-01-05,3538,50869,2318,41495,1220,9374,0,0,3130,50054,404,408,3133,50462,California
Orange,2021-01-06,5007,55876,3476,44971,1531,10905,0,0,3640,52339,1355,1763,3640,54102,California
Orange,2021-01-07,9292,65168,5186,50157,4106,15011,0,0,5710,54484,3569,5332,5714,59816,California
Orange,2021-01-08,9438,74606,5285,55442,4153,19164,0,0,5665,56389,3763,9095,5668,65484,California
Orange,2021-01-09,5019,79625,1755,57197,3264,22428,0,0,3735,58840,1284,10379,3735,69219,California
Orange,2021-01-10,4245,83870,1047,58244,3198,25626,0,0,3364,61328,880,11259,3368,72587,California
Orange,2021-01-11,9453,93323,4910,63154,4543,30169,0,0,5827,63527,3629,14888,5828,78415,California
Orange,2021-01-12,8932,102255,4834,67988,4098,34267,0,0,5462,65522,3468,18356,5463,83878,California
Orange,2021-01-13,10273,112528,4932,72920,5341,39608,0,0,7064,69388,3205,21561,7071,90949,California
Orange,2021-01-14,9985,122513,3784,76704,6201,45809,0,0,8395,76201,1588,23149,8401,99350,California
Orange,2021-01-15,10194,132707,2632,79336,7562,53371,0,0,9314,84633,888,24037,9320,108670,California
Orange,2021-01-16,8713,141420,2093,81429,6620,59991,0,0,8316,92558,396,24433,8321,116991,California
Orange,2021-01-17,8164,149584,1485,82914,6679,66670,0,0,8016,100436,148,24581,8026,125017,California
Orange,2021-01-18,9706,159290,4409,87323,5297,71967,0,0,7443,105618,2264,26845,7446,132463,California
Orange,2021-01-19,7534,166824,5451,92774,2083,74050,0,0,4903,107891,2631,29476,4904,137367,California
Orange,2021-01-20,8376,175200,5903,98677,2473,76523,0,0,5325,110172,3051,32527,5332,142699,California
Orange,2021-01-21,11019,186219,4906,103583,6113,82636,0,0,10198,119561,820,33347,10209,152908,California
Orange,2021-01-22,13691,199910,5158,108741,8533,91169,0,0,12832,131549,852,34199,12840,165748,California
Orange,2021-01-23,13155,213065,6191,114932,6964,98133,0,0,12228,142860,925,35124,12236,177984,California
Orange,2021-01-24,9822,222887,4294,119226,5528,103661,0,0,9490,152025,329,35453,9494,187478,California
Orange,2021-01-25,10464,233351,5870,125096,4594,108255,0,0,7729,157030,2729,38182,7734,195212,California
Orange,2021-01-26,11905,245256,7718,132814,4187,112442,0,0,9733,164598,2168,40350,9736,204948,California
Orange,2021-01-27,13447,258703,8015,140829,5432,117874,0,0,10738,172643,2698,43048,10743,215691,California
Orange,2021-01-28,13059,271762,7223,148052,5836,123710,0,0,11175,181957,1869,44917,11183,226874,California
Orange,2021-01-29,13652,285414,8467,156519,5185,128895,0,0,10752,189828,2884,47801,10755,237629,California
Orange,2021-01-30,12975,298389,4477,160996,8498,137393,0,0,12198,201267,762,48563,12201,249830,California
Orange,2021-01-31,13706,312095,4927,165923,8779,146172,0,0,13263,214100,437,49000,13270,263100,California
Orange,2021-02-01,14811,326906,6504,172427,8307,154479,0,0,12341,223999,2448,51448,12347,275447,California
Orange,2021-02-02,15031,341937,7961,180388,7070,161549,0,0,12557,234117,2443,53891,12561,288008,California
Orange,2021-02-03,16588,358525,12402,192790,4186,165735,0,0,13630,244872,2880,56771,13635,301643,California
Orange,2021-02-04,19946,378471,13051,205841,6895,172630,0,0,14836,254636,5080,61851,14844,316487,California
Orange,2021-02-05,20755,399226,11996,217837,8759,181389,0,0,14443,262814,6270,68121,14448,330935,California
Orange,2021-02-06,16377,415603,10825,228662,5552,186941,0,0,11105,268880,5257,73378,11323,342258,California
Orange,2021-02-07,11531,427134,8102,236764,3429,190370,0,0,7551,272636,3964,77342,7720,349978,California
Orange,2021-02-08,15021,442155,8642,245406,6379,196749,0,0,8992,275626,6003,83345,8993,358971,California
Orange,2021-02-09,17743,459898,12085,257491,5658,202407,0,0,10709,279379,6961,90306,10714,369685,California
Orange,2021-02-10,20908,480806,11164,268655,9744,212151,0,0,12693,283959,8122,98428,12702,382387,California
Orange,2021-02-11,22154,502960,11525,280180,10629,222780,0,0,12403,286760,9620,108048,12421,394808,California
Orange,2021-02-12,24872,527832,11983,292163,12889,235669,0,0,14639,291235,10170,118218,14645,409453,California
Orange,2021-02-13,22010,549842,11900,304063,10110,245779,0,0,11159,292337,10699,128917,11801,421254,California
Orange,2021-02-14,16169,566011,6536,310599,9633,255412,0,0,9539,295274,6603,135520,9540,430794,California
Orange,2021-02-15,17268,583279,7400,317999,9868,265280,0,0,8899,295855,8327,143847,8908,439702,California
Orange,2021-02-16,19980,603259,9004,327003,10976,276256,0,0,10753,297456,9177,153024,10778,450480,California
Orange,2021-02-17,17952,621211,9364,336367,8588,284844,0,0,9217,298020,8684,161708,9248,459728,California
Orange,2021-02-18,15065,636276,9890,346257,5175,290019,0,0,6810,296638,8202,169910,6820,466548,California
Orange,2021-02-19,18205,654481,10880,357137,7325,297344,0,0,6934,292366,11218,181128,6946,473494,California
Orange,2021-02-20,7533,662014,5621,362758,1912,299256,0,0,3783,292434,3726,184854,3794,477288,California
Orange,2021-02-21,4584,666598,3894,366652,690,299946,0,0,935,289763,3610,188464,939,478227,California
Orange,2021-02-22,9703,676301,7911,374563,1792,301738,0,0,3913,287936,5759,194223,3932,482159,California
Orange,2021-02-23,13353,689654,7318,381881,6035,307773,0,0,3516,281693,9772,203995,3529,485688,California
Orange,2021-02-24,21177,710831,12836,394717,8341,316114,0,0,5402,271405,15708,219703,5420,491108,California
Orange,2021-02-25,22717,733548,12317,407034,10400,326514,0,0,8003,264783,14641,234344,8019,499127,California
Orange,2021-02-26,27844,761392,14091,421125,13753,340267,0,0,11259,259614,16453,250797,11284,510411,California
Orange,2021-02-27,25114,786506,10199,431324,14912,355179,3,3,7328,249281,17679,268476,7346,517757,California
Orange,2021-02-28,19121,805627,7423,438747,11698,366877,0,3,4828,239955,14171,282647,4845,522602,California
Orange,2021-03-01,18577,824204,8494,447241,10074,376951,9,12,7205,235899,11283,293930,7227,529829,California
Orange,2021-03-02,19297,843501,9310,456551,9984,386935,3,15,9449,235585,9794,303724,9480,539309,California
Orange,2021-03-03,20663,864164,9756,466307,10903,397838,4,19,11099,237228,9482,313206,11125,550434,California
Orange,2021-03-04,22458,886622,12947,479254,9497,407335,14,33,11622,238093,10797,324003,11662,562096,California
Orange,2021-03-05,21097,907719,11012,490266,10037,417372,48,81,12957,243065,8094,332097,13066,575162,California
Orange,2021-03-06,24144,931863,13297,503563,9981,427353,866,947,12762,245378,11338,343435,13651,588813,California
Orange,2021-03-07,15064,946927,8487,512050,6173,433526,404,1351,8793,248364,6231,349666,9217,598030,California
Orange,2021-03-08,16441,963368,7595,519645,7580,441106,1266,2617,10618,254501,5772,355438,11909,609939,California
Orange,2021-03-09,20908,984276,9685,529330,8779,449885,2444,5061,12375,260825,8491,363929,14815,624754,California
Orange,2021-03-10,24757,1009033,12152,541482,9155,459040,3450,8511,12512,264595,12186,376115,15956,640710,California
Orange,2021-03-11,29052,1038085,15730,557212,9104,468144,4218,12729,13466,266786,15490,391605,17681,658391,California
Orange,2021-03-12,29441,1067526,14353,571565,11223,479367,3865,16594,14814,270963,14544,406149,18721,677112,California
Orange,2021-03-13,27850,1095376,10257,581822,13657,493024,3936,20530,14105,275332,13682,419831,18051,695163,California
Orange,2021-03-14,18896,1114272,8223,590045,8139,501163,2534,23064,11804,282597,7060,426891,14325,709488,California
Orange,2021-03-15,23073,1137345,10172,600217,12138,513301,763,23827,14385,289132,8606,435497,15141,724629,California
Orange,2021-03-16,26434,1163779,11178,611395,15025,528326,231,24058,17158,297329,9197,444694,17394,742023,California
Orange,2021-03-17,27385,1191164,13588,624983,13203,541529,594,24652,19468,309546,7843,452537,20060,762083,California
Orange,2021-03-18,27822,1218986,13995,638978,13546,555075,281,24933,21633,325342,6121,458658,21917,784000,California
Orange,2021-03-19,33645,1252631,18492,657470,14706,569781,447,25380,24965,342198,8567,467225,25423,809423,California
Orange,2021-03-20,25822,1278453,13597,671067,12018,581799,207,25587,22016,360685,3742,470967,22229,831652,California
Orange,2021-03-21,18519,1296972,10700,681767,7086,588885,733,26320,15731,374390,2759,473726,16464,848116,California
Orange,2021-03-22,22769,1319741,11783,693550,10664,599549,322,26642,19195,390432,3485,477211,19527,867643,California
Orange,2021-03-23,26059,1345800,13547,707097,11870,611419,642,27284,20689,406479,5288,482499,21335,888978,California
Orange,2021-03-24,29153,1374953,16272,723369,11959,623378,922,28206,21989,422322,7071,489570,22914,911892,California
Orange,2021-03-25,32484,1407437,17274,740643,14500,637878,710,28916,24284,439211,8105,497675,24994,936886,California
Orange,2021-03-26,34928,1442365,18128,758771,15936,653814,864,29780,24880,455022,9937,507612,25748,962634,California
Orange,2021-03-27,28533,1470898,13673,772444,14545,668359,315,30095,19809,466520,8628,516240,20126,982760,California
Orange,2021-03-28,24800,1495698,12877,785321,11855,680214,68,30163,18553,478974,6170,522410,18624,1001384,California
Orange,2021-03-29,26552,1522250,12156,797477,13829,694043,567,30730,17825,488732,8638,531048,18396,1019780,California
Orange,2021-03-30,30909,1553159,13969,811446,16304,710347,636,31366,20462,499467,10363,541411,21098,1040878,California
Orange,2021-03-31,37199,1590358,19529,830975,16958,727305,712,32078,23856,510811,13235,554646,24579,1065457,California
Orange,2021-04-01,40476,1630834,21258,852233,17343,744648,1875,33953,26184,524703,14155,568801,28047,1093504,California
Orange,2021-04-02,40185,1671019,20286,872519,18080,762728,1819,35772,22723,531910,17356,586157,24563,1118067,California
Orange,2021-04-03,30215,1701234,15734,888253,12731,775459,1750,37522,14279,532073,15860,602017,16023,1134090,California
Orange,2021-04-04,18474,1719708,10733,898986,6975,782434,766,38288,8215,530849,10202,612219,8978,1143068,California
Orange,2021-04-05,30043,1749751,14026,913012,12611,795045,3406,41694,13934,532153,16029,628248,17333,1160401,California
Orange,2021-04-06,33353,1783104,15611,928623,14307,809352,3435,45129,14387,531090,18874,647122,17811,1178212,California
Orange,2021-04-07,36071,1819175,20121,948744,11363,820715,4587,49716,15862,531392,20128,667250,20430,1198642,California
Orange,2021-04-08,38850,1858025,21476,970220,11925,832640,5449,55165,18844,535757,19900,687150,24265,1222907,California
Orange,2021-04-09,40659,1898684,23662,993882,11841,844481,5156,60321,17989,536318,22579,709729,23140,1246047,California
Orange,2021-04-10,34206,1932890,18101,1011983,11902,856383,4203,64524,14187,534748,19932,729661,18362,1264409,California
Orange,2021-04-11,25462,1958352,14390,1026373,7813,864196,3259,67783,9776,532131,15636,745297,13019,1277428,California
Orange,2021-04-12,30384,1988736,15375,1041748,11464,875660,3545,71328,11953,529229,18372,763669,15470,1292898,California
Orange,2021-04-13,32301,2021037,18176,1059924,14058,889718,67,71395,15043,527147,17189,780858,15107,1308005,California
Orange,2021-04-14,34420,2055457,20157,1080081,14230,903948,33,71428,15104,523061,19226,800084,15140,1323145,California
Orange,2021-04-15,40170,2095627,24480,1104561,15676,919624,14,71442,18703,520414,21361,821445,18714,1341859,California
Orange,2021-04-16,41261,2136888,24247,1128808,16985,936609,29,71471,18624,516541,22532,843977,18659,1360518,California
Orange,2021-04-17,30396,2167284,17265,1146073,13128,949737,3,71474,13370,513008,16911,860888,13378,1373896,California
Orange,2021-04-18,21422,2188706,12958,1159031,8464,958201,0,71474,8474,508588,12897,873785,8477,1382373,California
Orange,2021-04-19,32462,2221168,17928,1176959,14532,972733,2,71476,14914,506054,17455,891240,14921,1397294,California
Orange,2021-04-20,35182,2256350,18271,1195230,16907,989640,4,71480,17590,506134,17514,908754,17594,1414888,California
Orange,2021-04-21,40634,2296984,23408,1218638,17217,1006857,9,71489,19248,504111,21281,930035,19258,1434146,California
Orange,2021-04-22,39244,2336228,20735,1239373,18500,1025357,9,71498,16325,497654,22793,952828,16336,1450482,California
Orange,2021-04-23,40136,2376364,20755,1260128,19375,1044732,6,71504,17906,493446,22123,974951,17915,1468397,California
Orange,2021-04-24,31886,2408250,16686,1276814,15165,1059897,35,71539,13382,488442,18424,993375,13420,1481817,California
Orange,2021-04-25,22980,2431230,12986,1289800,9981,1069878,13,71552,9873,485283,13050,1006425,9891,1491708,California
Orange,2021-04-26,26093,2457323,12746,1302546,13154,1083032,193,71745,11501,482477,14499,1020924,11693,1503401,California
Orange,2021-04-27,28615,2485938,13367,1315913,14747,1097779,501,72246,10998,476511,17469,1038393,11503,1514904,California
Orange,2021-04-28,30784,2516722,15414,1331327,14495,1112274,875,73121,12336,471376,18343,1056736,13208,1528112,California
Orange,2021-04-29,31435,2548157,17178,1348505,13298,1125572,959,74080,11240,463464,20104,1076840,12192,1540304,California
Orange,2021-04-30,29643,2577800,16949,1365454,11757,1137329,937,75017,12608,460063,16941,1093781,13540,1553844,California
Orange,2021-05-01,21795,2599595,14659,1380113,6150,1143479,986,76003,8683,456682,13040,1106821,9659,1563503,California
Orange,2021-05-02,15390,2614985,10234,1390347,4513,1147992,643,76646,5373,452743,9951,1116772,6012,1569515,California
Orange,2021-05-03,20541,2635526,12532,1402879,7251,1155243,758,77404,6459,445946,14012,1130784,7215,1576730,California
Orange,2021-05-04,23596,2659122,13455,1416334,9234,1164477,907,78311,8171,439685,15326,1146110,9065,1585795,California
Orange,2021-05-05,24714,2683836,13795,1430129,10025,1174502,894,79205,8081,432152,16508,1162618,8975,1594770,California
Orange,2021-05-06,26376,2710212,15958,1446087,9419,1183921,999,80204,7282,421459,18967,1181585,8274,1603044,California
Orange,2021-05-07,28107,2738319,16674,1462761,10384,1194305,1049,81253,7968,410533,19940,1201525,9014,1612058,California
Orange,2021-05-08,18357,2756676,12121,1474882,5464,1199769,772,82025,5393,403801,12892,1214417,6160,1618218,California
Orange,2021-05-09,10960,2767636,8328,1483210,2257,1202026,375,82400,2887,399041,8022,1222439,3262,1621480,California
Orange,2021-05-10,18976,2786612,11550,1494760,6651,1208677,775,83175,4263,389456,14623,1237062,5038,1626518,California
Orange,2021-05-11,21222,2807834,11709,1506469,8846,1217523,667,83842,5036,379064,16091,1253153,5699,1632217,California
Orange,2021-05-12,22538,2830372,13873,1520342,7913,1225436,752,84594,6294,369982,16127,1269280,7045,1639262,California
Orange,2021-05-13,19864,2850236,12113,1532455,7219,1232655,532,85126,7208,365162,12562,1281842,7742,1647004,California
Orange,2021-05-14,25329,2875565,16447,1548902,8079,1240734,803,85929,10251,361227,14982,1296824,11047,1658051,California
Orange,2021-05-15,19793,2895358,14329,1563231,4919,1245653,545,86474,8025,358087,11708,1308532,8568,1666619,California
Orange,2021-05-16,15087,2910445,12402,1575633,2343,1247996,342,86816,6502,356395,8537,1317069,6845,1673464,California
Orange,2021-05-17,19226,2929671,12599,1588232,5934,1253930,693,87509,7271,352449,11901,1328970,7955,1681419,California
Orange,2021-05-18,20334,2950005,11890,1600122,7792,1261722,652,88161,8438,349716,11814,1340784,9081,1690500,California
Orange,2021-05-19,22291,2972296,12713,1612835,8914,1270636,664,88825,8022,344235,14159,1354943,8678,1699178,California
Orange,2021-05-20,17917,2990213,10225,1623060,7123,1277759,569,89394,6048,339065,11787,1366730,6617,1705795,California
Orange,2021-05-21,20651,3010864,11477,1634537,8579,1286338,595,89989,6578,332254,13987,1380717,7176,1712971,California
Orange,2021-05-22,14205,3025069,9630,1644167,4109,1290447,466,90455,5511,329598,8628,1389345,5972,1718943,California
Orange,2021-05-23,6677,3031746,4753,1648920,1716,1292163,208,90663,2237,327632,4410,1393755,2444,1721387,California
Orange,2021-05-24,14724,3046470,8638,1657558,5493,1297656,593,91256,5559,324694,9087,1402842,6149,1727536,California
Orange,2021-05-25,7428,3053898,3698,1661256,3465,1301121,265,91521,1961,321489,5425,1408267,2220,1729756,California
Placer,2020-12-15,29,29,29,29,0,0,0,0,29,29,0,0,29,29,California
Placer,2020-12-16,56,85,56,85,0,0,0,0,56,85,0,0,56,85,California
Placer,2020-12-17,140,225,140,225,0,0,0,0,140,225,0,0,140,225,California
Placer,2020-12-18,332,557,332,557,0,0,0,0,332,557,0,0,332,557,California
Placer,2020-12-19,252,809,252,809,0,0,0,0,252,809,0,0,252,809,California
Placer,2020-12-20,233,1042,233,1042,0,0,0,0,233,1042,0,0,233,1042,California
Placer,2020-12-21,495,1537,493,1535,2,2,0,0,495,1537,0,0,495,1537,California
Placer,2020-12-22,676,2213,669,2204,7,9,0,0,676,2213,0,0,676,2213,California
Placer,2020-12-23,753,2966,665,2869,88,97,0,0,753,2966,0,0,753,2966,California
Placer,2020-12-24,398,3364,347,3216,51,148,0,0,398,3364,0,0,398,3364,California
Placer,2020-12-26,156,3520,112,3328,44,192,0,0,156,3520,0,0,156,3520,California
Placer,2020-12-27,187,3707,164,3492,23,215,0,0,187,3707,0,0,187,3707,California
Placer,2020-12-28,668,4375,541,4033,127,342,0,0,668,4375,0,0,668,4375,California
Placer,2020-12-29,763,5138,514,4547,249,591,0,0,763,5138,0,0,763,5138,California
Placer,2020-12-30,729,5867,456,5003,273,864,0,0,727,5865,0,0,727,5865,California
Placer,2020-12-31,530,6397,344,5347,186,1050,0,0,530,6395,0,0,530,6395,California
Placer,2021-01-01,15,6412,11,5358,4,1054,0,0,15,6410,0,0,15,6410,California
Placer,2021-01-02,185,6597,153,5511,32,1086,0,0,185,6595,0,0,185,6595,California
Placer,2021-01-03,153,6750,78,5589,75,1161,0,0,153,6748,0,0,153,6748,California
Placer,2021-01-04,620,7370,181,5770,439,1600,0,0,620,7368,0,0,620,7368,California
Placer,2021-01-05,725,8095,159,5929,566,2166,0,0,642,7929,82,82,643,8011,California
Placer,2021-01-06,761,8856,247,6176,514,2680,0,0,617,8402,144,226,617,8628,California
Placer,2021-01-07,986,9842,368,6544,618,3298,0,0,781,8978,205,431,781,9409,California
Placer,2021-01-08,1181,11023,528,7072,653,3951,0,0,852,9504,326,757,852,10261,California
Placer,2021-01-09,450,11473,321,7393,129,4080,0,0,234,9523,215,972,234,10495,California
Placer,2021-01-10,329,11802,186,7579,143,4223,0,0,164,9522,165,1137,164,10659,California
Placer,2021-01-11,1428,13230,808,8387,620,4843,0,0,838,9771,590,1727,839,11498,California
Placer,2021-01-12,1653,14883,878,9265,775,5618,0,0,1052,10222,601,2328,1052,12550,California
Placer,2021-01-13,1636,16519,822,10087,814,6432,0,0,1211,11013,423,2751,1214,13764,California
Placer,2021-01-14,1789,18308,657,10744,1132,7564,0,0,1431,12090,355,3106,1432,15196,California
Placer,2021-01-15,1933,20241,717,11461,1216,8780,0,0,1582,13323,350,3456,1583,16779,California
Placer,2021-01-16,1467,21708,716,12177,751,9531,0,0,1346,14549,121,3577,1347,18126,California
Placer,2021-01-17,562,22270,395,12572,167,9698,0,0,429,14845,133,3710,429,18555,California
Placer,2021-01-18,991,23261,553,13125,438,10136,0,0,750,15355,241,3951,751,19306,California
Placer,2021-01-19,2626,25887,1962,15087,664,10800,0,0,2172,17073,454,4405,2172,21478,California
Placer,2021-01-20,2279,28166,1707,16794,572,11372,0,0,1948,18691,331,4736,1949,23427,California
Placer,2021-01-21,2561,30727,1120,17914,1441,12813,0,0,2169,20470,391,5127,2170,25597,California
Placer,2021-01-22,2352,33079,645,18559,1707,14520,0,0,2178,22477,172,5299,2179,27776,California
Placer,2021-01-23,1189,34268,380,18939,809,15329,0,0,1034,23356,155,5454,1034,28810,California
Placer,2021-01-24,503,34771,259,19198,244,15573,0,0,431,23716,72,5526,432,29242,California
Placer,2021-01-25,1680,36451,809,20007,871,16444,0,0,1387,24811,293,5819,1388,30630,California
Placer,2021-01-26,1860,38311,1035,21042,825,17269,0,0,1595,26141,265,6084,1595,32225,California
Placer,2021-01-27,1843,40154,1157,22199,686,17955,0,0,1599,27499,242,6326,1600,33825,California
Placer,2021-01-28,1808,41962,1119,23318,689,18644,0,0,1559,28811,247,6573,1559,35384,California
Placer,2021-01-29,1898,43860,1172,24490,726,19370,0,0,1706,30328,191,6764,1708,37092,California
Placer,2021-01-30,1727,45587,972,25462,755,20125,0,0,1606,31814,120,6884,1606,38698,California
Placer,2021-01-31,783,46370,626,26088,157,20282,0,0,715,32462,68,6952,716,39414,California
Placer,2021-02-01,2074,48444,1094,27182,980,21262,0,0,1760,33908,314,7266,1760,41174,California
Placer,2021-02-02,2385,50829,1545,28727,840,22102,0,0,1892,35310,490,7756,1892,43066,California
Placer,2021-02-03,2921,53750,1880,30607,1041,23143,0,0,2295,36983,622,8378,2295,45361,California
Placer,2021-02-04,2761,56511,1191,31798,1570,24713,0,0,1936,38099,821,9199,1937,47298,California
Placer,2021-02-05,2734,59245,1215,33013,1519,26232,0,0,1403,38176,1326,10525,1403,48701,California
Placer,2021-02-06,1961,61206,1321,34334,640,26872,0,0,1414,39043,547,11072,1414,50115,California
Placer,2021-02-07,1222,62428,911,35245,311,27183,0,0,938,39698,283,11355,938,51053,California
Placer,2021-02-08,3298,65726,1764,37009,1534,28717,0,0,1942,40292,1349,12704,1943,52996,California
Placer,2021-02-09,3551,69277,2179,39188,1372,30089,0,0,1646,40035,1903,14607,1646,54642,California
Placer,2021-02-10,3766,73043,2205,41393,1561,31650,0,0,1758,39790,2005,16612,1760,56402,California
Placer,2021-02-11,3703,76746,1912,43305,1791,33441,0,0,1575,39251,2115,18727,1576,57978,California
Placer,2021-02-12,2856,79602,1330,44635,1526,34967,0,0,1666,39765,1153,19880,1667,59645,California
Placer,2021-02-13,2530,82132,1474,46109,1056,36023,0,0,1889,41013,641,20521,1889,61534,California
Placer,2021-02-14,1086,83218,678,46787,408,36431,0,0,738,41405,346,20867,738,62272,California
Placer,2021-02-15,2253,85471,1049,47836,1204,37635,0,0,1536,42225,717,21584,1537,63809,California
Placer,2021-02-16,3582,89053,1785,49621,1797,39432,0,0,1591,41835,1982,23566,1592,65401,California
Placer,2021-02-17,3547,92600,1968,51589,1579,41011,0,0,1513,41318,2030,25596,1513,66914,California
Placer,2021-02-18,3800,96400,2051,53640,1749,42760,0,0,1616,40760,2175,27771,1617,68531,California
Placer,2021-02-19,3600,100000,1920,55560,1680,44440,0,0,1338,39842,2257,30028,1339,69870,California
Placer,2021-02-20,2010,102010,1263,56823,747,45187,0,0,917,39675,1087,31115,920,70790,California
Placer,2021-02-21,975,102985,729,57552,246,45433,0,0,279,39262,693,31808,280,71070,California
Placer,2021-02-22,2526,105511,1775,59327,751,46184,0,0,604,37945,1921,33729,604,71674,California
Placer,2021-02-23,2567,108078,1591,60918,976,47160,0,0,885,37149,1681,35410,885,72559,California
Placer,2021-02-24,3299,111377,1182,62100,2117,49277,0,0,1797,37456,1492,36902,1799,74358,California
Placer,2021-02-25,3640,115017,1525,63625,2115,51392,0,0,1969,37764,1663,38565,1971,76329,California
Placer,2021-02-26,4100,119117,2373,65998,1727,53119,0,0,2352,38372,1744,40309,2352,78681,California
Placer,2021-02-27,2821,121938,1495,67493,1326,54445,0,0,1447,38454,1368,41677,1450,80131,California
Placer,2021-02-28,1405,123343,799,68292,606,55051,0,0,588,38230,812,42489,588,80719,California
Placer,2021-03-01,3004,126347,1991,70283,1013,56064,0,0,1558,38347,1441,43930,1558,82277,California
Placer,2021-03-02,2887,129234,1779,72062,1108,57172,0,0,1889,39243,993,44923,1889,84166,California
Placer,2021-03-03,3331,132565,1428,73490,1903,59075,0,0,1817,39553,1508,46431,1818,85984,California
Placer,2021-03-04,3632,136197,1458,74948,2174,61249,0,0,1895,39724,1725,48156,1896,87880,California
Placer,2021-03-05,3015,139212,1038,75986,1956,63205,21,21,1813,40359,1199,49355,1834,89714,California
Placer,2021-03-06,2434,141646,1505,77491,833,64038,96,117,937,39904,1488,50843,1033,90747,California
Placer,2021-03-07,1306,142952,759,78250,509,64547,38,155,537,39713,766,51609,575,91322,California
Placer,2021-03-08,2914,145866,1832,80082,969,65516,113,268,1651,40216,1261,52870,1764,93086,California
Placer,2021-03-09,3191,149057,1696,81778,1403,66919,92,360,1825,40770,1363,54233,1917,95003,California
Placer,2021-03-10,3299,152356,1333,83111,1859,68778,107,467,1716,41015,1578,55811,1823,96826,California
Placer,2021-03-11,3645,156001,1652,84763,1867,70645,126,593,1748,41005,1887,57698,1877,98703,California
Placer,2021-03-12,3688,159689,1492,86255,1414,72059,782,1375,1259,40625,2423,60121,2043,100746,California
Placer,2021-03-13,2116,161805,744,86999,1253,73312,119,1494,1117,40867,996,61117,1238,101984,California
Placer,2021-03-14,1643,163448,674,87673,820,74132,149,1643,894,41161,749,61866,1043,103027,California
Placer,2021-03-15,3183,166631,1534,89207,1517,75649,132,1775,1764,41641,1417,63283,1897,104924,California
Placer,2021-03-16,3570,170201,1917,91124,1520,77169,133,1908,2285,42786,1274,64557,2419,107343,California
Placer,2021-03-17,3439,173640,1738,92862,1602,78771,99,2007,2217,43885,1219,65776,2318,109661,California
Placer,2021-03-18,4099,177739,2327,95189,1733,80504,39,2046,2865,45561,1227,67003,2903,112564,California
Placer,2021-03-19,3447,181186,2074,97263,1109,81613,264,2310,2200,46785,1239,68242,2463,115027,California
Placer,2021-03-20,2144,183330,898,98161,1149,82762,97,2407,1305,47352,834,69076,1401,116428,California
Placer,2021-03-21,1257,184587,577,98738,671,83433,9,2416,948,48003,306,69382,957,117385,California
Placer,2021-03-22,3274,187861,2107,100845,1077,84510,90,2506,2189,49201,1081,70463,2279,119664,California
Placer,2021-03-23,3534,191395,2103,102948,1340,85850,91,2597,2521,50806,1008,71471,2613,122277,California
Placer,2021-03-24,3794,195189,2002,104950,1695,87545,97,2694,1950,51032,1822,73293,2048,124325,California
Placer,2021-03-25,3856,199045,1865,106815,1893,89438,98,2792,1789,50862,2056,75349,1886,126211,California
Placer,2021-03-26,3778,202823,1672,108487,1875,91313,231,3023,1590,50510,2173,77522,1821,128032,California
Placer,2021-03-27,1592,204415,470,108957,1103,92416,19,3042,648,50240,937,78459,667,128699,California
Placer,2021-03-28,1109,205524,529,109486,570,92986,10,3052,364,49874,740,79199,374,129073,California
Placer,2021-03-29,3571,209095,1995,111481,1542,94528,34,3086,1730,49808,1832,81031,1766,130839,California
Placer,2021-03-30,3975,213070,2096,113577,1836,96364,43,3129,2082,50053,1879,82910,2124,132963,California
Placer,2021-03-31,4095,217165,1831,115408,2189,98553,75,3204,1690,49419,2398,85308,1764,134727,California
Placer,2021-04-01,2983,220148,1436,116844,1500,100053,47,3251,1665,49815,1316,86624,1712,136439,California
Placer,2021-04-02,2852,223000,1460,118304,1328,101381,64,3315,1598,50229,1247,87871,1661,138100,California
Placer,2021-04-03,1852,224852,985,119289,739,102120,128,3443,890,50292,955,88826,1018,139118,California
Placer,2021-04-04,712,225564,362,119651,297,102417,53,3496,286,50209,422,89248,339,139457,California
Placer,2021-04-05,3012,228576,1904,121555,924,103341,184,3680,1754,50896,1252,90500,1939,141396,California
Placer,2021-04-06,4292,232868,2478,124033,1513,104854,301,3981,1531,49973,2755,93255,1832,143228,California
Placer,2021-04-07,4533,237401,2584,126617,1488,106342,461,4442,2077,50058,2450,95705,2535,145763,California
Placer,2021-04-08,4703,242104,2600,129217,1557,107899,546,4988,1578,49070,3114,98819,2126,147889,California
Placer,2021-04-09,4120,246224,2270,131487,1232,109131,618,5606,1232,48044,2880,101699,1854,149743,California
Placer,2021-04-10,2023,248247,877,132364,962,110093,184,5790,863,47933,1157,102856,1046,150789,California
Placer,2021-04-11,1355,249602,532,132896,790,110883,33,5823,455,47524,896,103752,487,151276,California
Placer,2021-04-12,4096,253698,2644,135540,1072,111955,380,6203,2461,48738,1626,105378,2840,154116,California
Placer,2021-04-13,4343,258041,2993,138533,1349,113304,1,6204,2188,48776,2151,107529,2189,156305,California
Placer,2021-04-14,4132,262173,2568,141101,1563,114867,1,6205,1849,48351,2274,109803,1849,158154,California
Placer,2021-04-15,4492,266665,2507,143608,1984,116851,1,6206,2346,48562,2136,111939,2347,160501,California
Placer,2021-04-16,3680,270345,2189,145797,1491,118342,0,6206,1435,47758,2239,114178,1435,161936,California
Placer,2021-04-17,2425,272770,842,146639,1583,119925,0,6206,1517,48372,903,115081,1517,163453,California
Placer,2021-04-18,1183,273953,255,146894,928,120853,0,6206,409,48009,772,115853,409,163862,California
Placer,2021-04-19,2941,276894,1810,148704,1131,121984,0,6206,1171,47414,1767,117620,1172,165034,California
Placer,2021-04-20,3796,280690,2463,151167,1333,123317,0,6206,2421,48468,1367,118987,2421,167455,California
Placer,2021-04-21,3661,284351,2399,153566,1261,124578,1,6207,2387,49585,1271,120258,2388,169843,California
Placer,2021-04-22,3659,288010,2262,155828,1397,125975,0,6207,1743,49416,1912,122170,1743,171586,California
Placer,2021-04-23,3510,291520,2329,158157,1180,127155,1,6208,1373,48660,2130,124300,1374,172960,California
Placer,2021-04-24,2086,293606,1266,159423,819,127974,1,6209,1223,49028,855,125155,1223,174183,California
Placer,2021-04-25,909,294515,501,159924,408,128382,0,6209,561,49241,348,125503,561,174744,California
Placer,2021-04-26,2353,296868,1248,161172,1082,129464,23,6232,1154,49228,1189,126692,1176,175920,California
Placer,2021-04-27,2644,299512,1376,162548,1233,130697,35,6267,1526,49678,1112,127804,1562,177482,California
Placer,2021-04-28,2915,302427,1809,164357,1069,131766,37,6304,1521,49851,1385,129189,1558,179040,California
Placer,2021-04-29,3259,305686,2069,166426,1137,132903,53,6357,1310,49271,1943,131132,1363,180403,California
Placer,2021-04-30,2985,308671,1803,168229,1133,134036,49,6406,1191,48723,1788,132920,1240,181643,California
Placer,2021-05-01,1334,310005,936,169165,374,134410,24,6430,611,48640,717,133637,634,182277,California
Placer,2021-05-02,714,310719,552,169717,141,134551,21,6451,331,48611,381,134018,352,182629,California
Placer,2021-05-03,1608,312327,992,170709,550,135101,66,6517,437,47946,1167,135185,502,183131,California
Placer,2021-05-04,2296,314623,1295,172004,834,135935,167,6684,862,47546,1429,136614,1029,184160,California
Placer,2021-05-05,3668,318291,2474,174478,1088,137023,106,6790,969,45928,2693,139307,1075,185235,California
Placer,2021-05-06,3092,321383,1893,176371,1123,138146,76,6866,812,44562,2254,141561,888,186123,California
Placer,2021-05-07,2804,324187,1886,178257,826,138972,92,6958,787,43434,2007,143568,879,187002,California
Placer,2021-05-08,1330,325517,706,178963,582,139554,42,7000,391,42928,937,144505,431,187433,California
Placer,2021-05-09,439,325956,202,179165,216,139770,21,7021,217,42943,222,144727,237,187670,California
Placer,2021-05-10,1927,327883,1030,180195,800,140570,97,7118,433,41983,1490,146217,530,188200,California
Placer,2021-05-11,2812,330695,2033,182228,675,141245,104,7222,582,40449,2220,148437,686,188886,California
Placer,2021-05-12,2761,333456,1923,184151,790,142035,48,7270,655,39053,2100,150537,704,189590,California
Placer,2021-05-13,2687,336143,1748,185899,892,142927,47,7317,954,38323,1731,152268,1001,190591,California
Placer,2021-05-14,2737,338880,1806,187705,801,143728,130,7447,1333,38391,1392,153660,1460,192051,California
Placer,2021-05-15,2050,340930,1347,189052,680,144408,23,7470,907,38184,1137,154797,930,192981,California
Placer,2021-05-16,747,341677,520,189572,209,144617,18,7488,336,38128,410,155207,354,193335,California
Placer,2021-05-17,2315,343992,1549,191121,701,145318,65,7553,1029,37942,1281,156488,1095,194430,California
Placer,2021-05-18,2466,346458,1660,192781,726,146044,80,7633,1127,37814,1334,157822,1206,195636,California
Placer,2021-05-19,2500,348958,1584,194365,871,146915,45,7678,928,37220,1567,159389,973,196609,California
Placer,2021-05-20,2236,351194,1480,195845,725,147640,31,7709,853,36726,1377,160766,883,197492,California
Placer,2021-05-21,2099,353293,1312,197157,650,148290,137,7846,927,36624,1164,161930,1062,198554,California
Placer,2021-05-22,1364,354657,955,198112,372,148662,37,7883,687,36674,674,162604,724,199278,California
Placer,2021-05-23,315,354972,171,198283,130,148792,14,7897,157,36689,156,162760,171,199449,California
Placer,2021-05-24,1335,356307,662,198945,570,149362,103,8000,412,36286,918,163678,515,199964,California
Placer,2021-05-25,952,357259,488,199433,387,149749,77,8077,232,35878,717,164395,309,200273,California
Plumas,2020-12-18,4,4,4,4,0,0,0,0,4,4,0,0,4,4,California
Plumas,2020-12-19,1,5,1,5,0,0,0,0,1,5,0,0,1,5,California
Plumas,2020-12-21,45,50,45,50,0,0,0,0,45,50,0,0,45,50,California
Plumas,2020-12-22,93,143,93,143,0,0,0,0,93,143,0,0,93,143,California
Plumas,2020-12-23,50,193,50,193,0,0,0,0,50,193,0,0,50,193,California
Plumas,2020-12-24,6,199,6,199,0,0,0,0,6,199,0,0,6,199,California
Plumas,2020-12-28,8,207,0,199,8,8,0,0,8,207,0,0,8,207,California
Plumas,2020-12-29,32,239,22,221,10,18,0,0,32,239,0,0,32,239,California
Plumas,2020-12-30,23,262,1,222,22,40,0,0,23,262,0,0,23,262,California
Plumas,2020-12-31,4,266,1,223,3,43,0,0,4,266,0,0,4,266,California
Plumas,2021-01-04,10,276,4,227,6,49,0,0,10,276,0,0,10,276,California
Plumas,2021-01-05,22,298,2,229,20,69,0,0,22,298,0,0,22,298,California
Plumas,2021-01-06,123,421,5,234,118,187,0,0,123,421,0,0,123,421,California
Plumas,2021-01-07,53,474,2,236,51,238,0,0,52,472,1,1,52,473,California
Plumas,2021-01-08,12,486,5,241,7,245,0,0,8,476,4,5,8,481,California
Plumas,2021-01-09,2,488,2,243,0,245,0,0,1,476,1,6,1,482,California
Plumas,2021-01-11,58,546,50,293,8,253,0,0,11,440,47,53,11,493,California
Plumas,2021-01-12,156,702,87,380,69,322,0,0,71,426,85,138,71,564,California
Plumas,2021-01-13,56,758,50,430,6,328,0,0,10,390,46,184,10,574,California
Plumas,2021-01-14,98,856,14,444,84,412,0,0,93,478,5,189,93,667,California
Plumas,2021-01-15,63,919,7,451,56,468,0,0,61,537,2,191,61,728,California
Plumas,2021-01-16,58,977,1,452,57,525,0,0,58,595,0,191,58,786,California
Plumas,2021-01-18,2,979,1,453,1,526,0,0,2,597,0,191,2,788,California
Plumas,2021-01-19,36,1015,5,458,31,557,0,0,32,625,4,195,32,820,California
Plumas,2021-01-20,121,1136,3,461,118,675,0,0,119,742,2,197,119,939,California
Plumas,2021-01-21,112,1248,2,463,110,785,0,0,112,854,0,197,112,1051,California
Plumas,2021-01-22,5,1253,1,464,4,789,0,0,5,859,0,197,5,1056,California
Plumas,2021-01-23,93,1346,2,466,91,880,0,0,93,952,0,197,93,1149,California
Plumas,2021-01-24,1,1347,1,467,0,880,0,0,1,953,0,197,1,1150,California
Plumas,2021-01-25,10,1357,7,474,3,883,0,0,7,957,3,200,7,1157,California
Plumas,2021-01-26,60,1417,2,476,58,941,0,0,52,1001,8,208,52,1209,California
Plumas,2021-01-27,25,1442,20,496,5,946,0,0,5,986,20,228,5,1214,California
Plumas,2021-01-28,23,1465,0,496,23,969,0,0,21,1005,2,230,21,1235,California
Plumas,2021-01-29,8,1473,2,498,6,975,0,0,7,1011,1,231,7,1242,California
Plumas,2021-01-30,8,1481,4,502,4,979,0,0,7,1017,1,232,7,1249,California
Plumas,2021-01-31,3,1484,3,505,0,979,0,0,3,1020,0,232,3,1252,California
Plumas,2021-02-01,16,1500,2,507,14,993,0,0,8,1020,8,240,8,1260,California
Plumas,2021-02-02,21,1521,2,509,19,1012,0,0,2,1003,19,259,2,1262,California
Plumas,2021-02-03,128,1649,8,517,120,1132,0,0,13,902,114,373,13,1275,California
Plumas,2021-02-04,102,1751,8,525,94,1226,0,0,23,846,79,452,23,1298,California
Plumas,2021-02-05,24,1775,11,536,13,1239,0,0,9,840,15,467,9,1307,California
Plumas,2021-02-06,7,1782,0,536,7,1246,0,0,7,847,0,467,7,1314,California
Plumas,2021-02-08,15,1797,6,542,9,1255,0,0,3,838,12,479,3,1317,California
Plumas,2021-02-09,172,1969,2,544,170,1425,0,0,112,890,60,539,112,1429,California
Plumas,2021-02-10,91,2060,9,553,82,1507,0,0,82,964,9,548,83,1512,California
Plumas,2021-02-11,323,2383,7,560,316,1823,0,0,263,1167,60,608,263,1775,California
Plumas,2021-02-12,124,2507,4,564,120,1943,0,0,118,1279,6,614,118,1893,California
Plumas,2021-02-13,75,2582,5,569,70,2013,0,0,15,1234,60,674,15,1908,California
Plumas,2021-02-14,8,2590,5,574,3,2016,0,0,8,1242,0,674,8,1916,California
Plumas,2021-02-15,26,2616,5,579,21,2037,0,0,23,1262,3,677,23,1939,California
Plumas,2021-02-16,77,2693,4,583,73,2110,0,0,14,1213,63,740,14,1953,California
Plumas,2021-02-17,136,2829,5,588,131,2241,0,0,12,1101,124,864,12,1965,California
Plumas,2021-02-18,129,2958,6,594,123,2364,0,0,20,1013,109,973,21,1986,California
Plumas,2021-02-19,42,3000,5,599,37,2401,0,0,7,985,35,1008,7,1993,California
Plumas,2021-02-20,105,3105,7,606,98,2499,0,0,13,906,92,1100,13,2006,California
Plumas,2021-02-21,6,3111,5,611,1,2500,0,0,2,904,4,1104,2,2008,California
Plumas,2021-02-22,3,3114,1,612,2,2502,0,0,0,901,3,1107,0,2008,California
Plumas,2021-02-23,25,3139,5,617,20,2522,0,0,17,910,8,1115,17,2025,California
Plumas,2021-02-24,458,3597,7,624,451,2973,0,0,445,1342,13,1128,445,2470,California
Plumas,2021-02-25,230,3827,10,634,220,3193,0,0,169,1450,61,1189,169,2639,California
Plumas,2021-02-26,267,4094,8,642,259,3452,0,0,259,1702,8,1197,260,2899,California
Plumas,2021-02-27,40,4134,4,646,36,3488,0,0,33,1728,7,1204,33,2932,California
Plumas,2021-02-28,1,4135,0,646,1,3489,0,0,1,1729,0,1204,1,2933,California
Plumas,2021-03-01,14,4149,3,649,11,3500,0,0,8,1732,5,1209,8,2941,California
Plumas,2021-03-02,10,4159,1,650,9,3509,0,0,7,1736,3,1212,7,2948,California
Plumas,2021-03-03,152,4311,8,658,144,3653,0,0,137,1858,15,1227,137,3085,California
Plumas,2021-03-04,252,4563,9,667,243,3896,0,0,230,2066,22,1249,230,3315,California
Plumas,2021-03-05,400,4963,7,674,388,4284,5,5,389,2449,11,1260,394,3709,California
Plumas,2021-03-06,19,4982,2,676,9,4293,8,13,3,2444,16,1276,11,3720,California
Plumas,2021-03-07,14,4996,3,679,2,4295,9,22,4,2447,10,1286,13,3733,California
Plumas,2021-03-08,29,5025,3,682,2,4297,24,46,3,2448,26,1312,27,3760,California
Plumas,2021-03-09,133,5158,2,684,116,4413,15,61,18,2366,115,1427,33,3793,California
Plumas,2021-03-10,255,5413,3,687,239,4652,13,74,107,2339,147,1574,120,3913,California
Plumas,2021-03-11,179,5592,8,695,166,4818,5,79,144,2453,35,1609,149,4062,California
Plumas,2021-03-12,594,6186,4,699,303,5121,287,366,23,2192,571,2180,310,4372,California
Plumas,2021-03-13,25,6211,4,703,10,5131,11,377,4,2186,21,2201,15,4387,California
Plumas,2021-03-14,12,6223,3,706,4,5135,5,382,1,2182,10,2211,6,4393,California
Plumas,2021-03-15,30,6253,0,706,23,5158,7,389,5,2169,25,2236,12,4405,California
Plumas,2021-03-16,60,6313,3,709,56,5214,1,390,49,2208,11,2247,50,4455,California
Plumas,2021-03-17,73,6386,9,718,63,5277,1,391,58,2253,14,2261,59,4514,California
Plumas,2021-03-18,61,6447,6,724,39,5316,16,407,12,2232,49,2310,28,4542,California
Plumas,2021-03-19,164,6611,6,730,156,5472,2,409,155,2383,7,2317,158,4700,California
Plumas,2021-03-20,695,7306,4,734,690,6162,1,410,674,3039,19,2336,675,5375,California
Plumas,2021-03-21,2,7308,1,735,1,6163,0,410,1,3040,0,2336,1,5376,California
Plumas,2021-03-22,182,7490,2,737,180,6343,0,410,175,3208,7,2343,175,5551,California
Plumas,2021-03-23,27,7517,2,739,25,6368,0,410,13,3207,14,2357,13,5564,California
Plumas,2021-03-24,655,8172,6,745,648,7016,1,411,224,3002,430,2787,225,5789,California
Plumas,2021-03-25,302,8474,7,752,293,7309,2,413,158,3016,144,2931,158,5947,California
Plumas,2021-03-26,315,8789,9,761,306,7615,0,413,46,2794,268,3199,46,5993,California
Plumas,2021-03-27,13,8802,1,762,11,7626,1,414,3,2788,10,3209,4,5997,California
Plumas,2021-03-28,6,8808,4,766,1,7627,1,415,3,2789,3,3212,4,6001,California
Plumas,2021-03-29,12,8820,4,770,7,7634,1,416,4,2786,8,3220,5,6006,California
Plumas,2021-03-30,154,8974,3,773,150,7784,1,417,24,2681,130,3350,25,6031,California
Plumas,2021-03-31,288,9262,3,776,284,8068,1,418,267,2928,21,3371,268,6299,California
Plumas,2021-04-01,298,9560,10,786,287,8355,1,419,60,2752,236,3607,60,6359,California
Plumas,2021-04-02,375,9935,4,790,370,8725,1,420,29,2447,335,3942,30,6389,California
Plumas,2021-04-03,16,9951,3,793,5,8730,8,428,4,2447,12,3954,12,6401,California
Plumas,2021-04-04,3,9954,1,794,1,8731,1,429,0,2445,3,3957,1,6402,California
Plumas,2021-04-05,11,9965,4,798,6,8737,1,430,4,2443,7,3964,5,6407,California
Plumas,2021-04-06,121,10086,6,804,89,8826,26,456,14,2376,107,4071,40,6447,California
Plumas,2021-04-07,282,10368,7,811,99,8925,176,632,28,2326,254,4325,204,6651,California
Plumas,2021-04-08,150,10518,3,814,132,9057,15,647,34,2259,115,4440,48,6699,California
Plumas,2021-04-09,51,10569,10,824,25,9082,16,663,19,2261,32,4472,34,6733,California
Plumas,2021-04-10,23,10592,2,826,5,9087,16,679,5,2264,18,4490,21,6754,California
Plumas,2021-04-11,3,10595,2,828,0,9087,1,680,2,2266,1,4491,3,6757,California
Plumas,2021-04-12,11,10606,5,833,3,9090,3,683,7,2272,4,4495,10,6767,California
Plumas,2021-04-13,207,10813,5,838,202,9292,0,683,139,2343,68,4563,139,6906,California
Plumas,2021-04-14,109,10922,8,846,101,9393,0,683,55,2344,54,4617,55,6961,California
Plumas,2021-04-15,50,10972,2,848,48,9441,0,683,32,2358,18,4635,32,6993,California
Plumas,2021-04-16,142,11114,2,850,140,9581,0,683,2,2220,140,4775,2,6995,California
Plumas,2021-04-17,668,11782,2,852,666,10247,0,683,20,1594,646,5421,20,7015,California
Plumas,2021-04-18,4,11786,3,855,1,10248,0,683,1,1592,3,5424,1,7016,California
Plumas,2021-04-19,38,11824,3,858,35,10283,0,683,5,1564,33,5457,5,7021,California
Plumas,2021-04-20,42,11866,5,863,37,10320,0,683,26,1575,15,5472,26,7047,California
Plumas,2021-04-21,310,12176,5,868,304,10624,1,684,17,1299,293,5765,17,7064,California
Plumas,2021-04-22,273,12449,7,875,266,10890,0,684,131,1288,142,5907,131,7195,California
Plumas,2021-04-23,72,12521,5,880,67,10957,0,684,16,1248,56,5963,16,7211,California
Plumas,2021-04-24,172,12693,5,885,167,11124,0,684,146,1369,25,5988,146,7357,California
Plumas,2021-04-26,29,12722,4,889,25,11149,0,684,8,1357,20,6008,8,7365,California
Plumas,2021-04-27,87,12809,3,892,84,11233,0,684,51,1372,36,6044,51,7416,California
Plumas,2021-04-28,283,13092,4,896,279,11512,0,684,37,1164,245,6289,37,7453,California
Plumas,2021-04-29,172,13264,69,965,103,11615,0,684,119,1230,53,6342,119,7572,California
Plumas,2021-04-30,23,13287,11,976,12,11627,0,684,7,1221,16,6358,7,7579,California
Plumas,2021-05-01,2,13289,1,977,0,11627,1,685,0,1220,2,6360,1,7580,California
Plumas,2021-05-02,2,13291,2,979,0,11627,0,685,1,1220,1,6361,1,7581,California
Plumas,2021-05-03,17,13308,7,986,4,11631,6,691,6,1221,11,6372,12,7593,California
Plumas,2021-05-04,28,13336,3,989,19,11650,6,697,16,1231,12,6384,22,7615,California
Plumas,2021-05-05,49,13385,6,995,42,11692,1,698,22,1227,27,6411,23,7638,California
Plumas,2021-05-06,56,13441,2,997,49,11741,5,703,15,1206,41,6452,20,7658,California
Plumas,2021-05-07,22,13463,5,1002,16,11757,1,704,8,1201,14,6466,9,7667,California
Plumas,2021-05-08,6,13469,0,1002,4,11761,2,706,4,1205,2,6468,6,7673,California
Plumas,2021-05-10,49,13518,1,1003,25,11786,23,729,22,1223,27,6495,45,7718,California
Plumas,2021-05-11,163,13681,3,1006,141,11927,19,748,14,1107,149,6644,33,7751,California
Plumas,2021-05-12,98,13779,2,1008,89,12016,7,755,37,1091,60,6704,44,7795,California
Plumas,2021-05-13,35,13814,4,1012,29,12045,2,757,13,1084,22,6726,15,7810,California
Plumas,2021-05-14,19,13833,3,1015,11,12056,5,762,9,1088,10,6736,14,7824,California
Plumas,2021-05-15,10,13843,4,1019,4,12060,2,764,4,1088,6,6742,6,7830,California
Plumas,2021-05-16,2,13845,1,1020,1,12061,0,764,1,1088,1,6743,1,7831,California
Plumas,2021-05-17,13,13858,0,1020,4,12065,9,773,4,1092,9,6752,13,7844,California
Plumas,2021-05-18,42,13900,7,1027,34,12099,1,774,22,1095,20,6772,23,7867,California
Plumas,2021-05-19,45,13945,3,1030,28,12127,14,788,11,1087,34,6806,26,7893,California
Plumas,2021-05-20,186,14131,133,1163,42,12169,11,799,77,1066,109,6915,88,7981,California
Plumas,2021-05-21,27,14158,8,1171,14,12183,5,804,14,1072,13,6928,19,8000,California
Plumas,2021-05-22,136,14294,1,1172,135,12318,0,804,5,947,130,7058,5,8005,California
Plumas,2021-05-23,2,14296,2,1174,0,12318,0,804,1,947,1,7059,1,8006,California
Plumas,2021-05-24,52,14348,39,1213,12,12330,1,805,42,980,10,7069,43,8049,California
Plumas,2021-05-25,50,14398,1,1214,48,12378,1,806,9,949,41,7110,10,8059,California
Riverside,2020-12-15,5,5,5,5,0,0,0,0,5,5,0,0,5,5,California
Riverside,2020-12-16,69,74,69,74,0,0,0,0,69,74,0,0,69,74,California
Riverside,2020-12-17,810,884,810,884,0,0,0,0,810,884,0,0,810,884,California
Riverside,2020-12-18,1729,2613,1728,2612,1,1,0,0,1729,2613,0,0,1729,2613,California
Riverside,2020-12-19,1027,3640,1024,3636,3,4,0,0,1025,3637,1,1,1025,3638,California
Riverside,2020-12-20,1084,4724,1083,4719,1,5,0,0,1084,4721,0,1,1084,4722,California
Riverside,2020-12-21,2278,7002,2276,6995,2,7,0,0,2278,6999,0,1,2278,7000,California
Riverside,2020-12-22,2259,9261,2220,9215,39,46,0,0,2258,9257,0,1,2258,9258,California
Riverside,2020-12-23,2148,11409,1807,11022,341,387,0,0,2149,11406,0,1,2149,11407,California
Riverside,2020-12-24,828,12237,626,11648,202,589,0,0,828,12234,0,1,828,12235,California
Riverside,2020-12-25,28,12265,5,11653,23,612,0,0,28,12262,0,1,28,12263,California
Riverside,2020-12-26,404,12669,257,11910,147,759,0,0,404,12666,0,1,404,12667,California
Riverside,2020-12-27,367,13036,245,12155,122,881,0,0,367,13033,0,1,367,13034,California
Riverside,2020-12-28,1631,14667,1130,13285,501,1382,0,0,1632,14665,0,1,1632,14666,California
Riverside,2020-12-29,1734,16401,968,14253,766,2148,0,0,1734,16399,0,1,1734,16400,California
Riverside,2020-12-30,2574,18975,1679,15932,895,3043,0,0,2573,18972,0,1,2573,18973,California
Riverside,2020-12-31,1022,19997,395,16327,627,3670,0,0,1024,19996,0,1,1024,19997,California
Riverside,2021-01-01,118,20115,46,16373,72,3742,0,0,118,20114,0,1,118,20115,California
Riverside,2021-01-02,833,20948,693,17066,140,3882,0,0,833,20947,0,1,833,20948,California
Riverside,2021-01-03,343,21291,299,17365,44,3926,0,0,342,21289,0,1,342,21290,California
Riverside,2021-01-04,1264,22555,794,18159,470,4396,0,0,1264,22553,0,1,1264,22554,California
Riverside,2021-01-05,1988,24543,1367,19526,621,5017,0,0,1892,24355,90,91,1892,24446,California
Riverside,2021-01-06,2502,27045,1120,20646,1382,6399,0,0,2192,26241,306,397,2192,26638,California
Riverside,2021-01-07,2779,29824,1825,22471,954,7353,0,0,1714,26897,1060,1457,1716,28354,California
Riverside,2021-01-08,4056,33880,2931,25402,1125,8478,0,0,2243,27331,1809,3266,2243,30597,California
Riverside,2021-01-09,2075,35955,844,26246,1231,9709,0,0,1727,28711,347,3613,1727,32324,California
Riverside,2021-01-10,1669,37624,740,26986,929,10638,0,0,1065,29172,604,4217,1065,33389,California
Riverside,2021-01-11,4521,42145,3096,30082,1425,12063,0,0,2785,30224,1734,5951,2786,36175,California
Riverside,2021-01-12,3420,45565,2740,32822,680,12743,0,0,1726,30261,1689,7640,1726,37901,California
Riverside,2021-01-13,4458,50023,2937,35759,1521,14264,0,0,2849,31504,1606,9246,2849,40750,California
Riverside,2021-01-14,5516,55539,1912,37671,3604,17868,0,0,4926,35841,589,9835,4926,45676,California
Riverside,2021-01-15,6093,61632,2023,39694,4070,21938,0,0,5804,41357,288,10123,5804,51480,California
Riverside,2021-01-16,3612,65244,1016,40710,2596,24534,0,0,3366,44478,246,10369,3367,54847,California
Riverside,2021-01-17,3597,68841,585,41295,3012,27546,0,0,3400,47683,195,10564,3400,58247,California
Riverside,2021-01-18,3749,72590,2040,43335,1709,29255,0,0,2741,49416,1008,11572,2741,60988,California
Riverside,2021-01-19,7416,80006,2647,45982,4769,34024,0,0,6296,54593,1120,12692,6297,67285,California
Riverside,2021-01-20,8215,88221,3131,49113,5084,39108,0,0,6557,59508,1646,14338,6561,73846,California
Riverside,2021-01-21,8351,96572,3508,52621,4843,43951,0,0,7699,66555,653,14991,7700,81546,California
Riverside,2021-01-22,8716,105288,2966,55587,5750,49701,0,0,8286,74414,428,15419,8287,89833,California
Riverside,2021-01-23,5893,111181,2360,57947,3533,53234,0,0,5173,78868,720,16139,5174,95007,California
Riverside,2021-01-24,3037,114218,1433,59380,1604,54838,0,0,2822,81478,213,16352,2823,97830,California
Riverside,2021-01-25,7876,122094,4530,63910,3346,58184,0,0,6756,87116,1119,17471,6757,104587,California
Riverside,2021-01-26,9116,131210,5717,69627,3399,61583,0,0,7606,93216,1507,18978,7607,112194,California
Riverside,2021-01-27,10916,142126,6394,76021,4522,66105,0,0,9304,100915,1608,20586,9307,121501,California
Riverside,2021-01-28,11502,153628,6788,82809,4714,70819,0,0,10339,110100,1155,21741,10340,131841,California
Riverside,2021-01-29,11939,165567,7283,90092,4656,75475,0,0,10565,119321,1348,23089,10569,142410,California
Riverside,2021-01-30,9061,174628,4611,94703,4450,79925,0,0,8597,127458,461,23550,8598,151008,California
Riverside,2021-01-31,5165,179793,4252,98955,913,80838,0,0,5035,132368,129,23679,5039,156047,California
Riverside,2021-02-01,10961,190754,6780,105735,4181,85019,0,0,9114,139645,1840,25519,9117,165164,California
Riverside,2021-02-02,9477,200231,4814,110549,4663,89682,0,0,8011,146201,1458,26977,8014,173178,California
Riverside,2021-02-03,12177,212408,5142,115691,7035,96717,0,0,9810,153654,2357,29334,9810,182988,California
Riverside,2021-02-04,13508,225916,5999,121690,7509,104226,0,0,11434,163024,2067,31401,11437,194425,California
Riverside,2021-02-05,14351,240267,5407,127097,8944,113170,0,0,11286,171256,3058,34459,11290,205715,California
Riverside,2021-02-06,7236,247503,4263,131360,2973,116143,0,0,5597,175224,1632,36091,5600,211315,California
Riverside,2021-02-07,2167,249670,798,132158,1369,117512,0,0,1848,176756,317,36408,1849,213164,California
Riverside,2021-02-08,12476,262146,5553,137711,6923,124435,0,0,10169,184637,2292,38700,10173,223337,California
Riverside,2021-02-09,9648,271794,4522,142233,5126,129561,0,0,7700,190403,1939,40639,7705,231042,California
Riverside,2021-02-10,12067,283861,6967,149200,5100,134661,0,0,8896,196147,3160,43799,8904,239946,California
Riverside,2021-02-11,16604,300465,9052,158252,7552,142213,0,0,12088,203756,4494,48293,12103,252049,California
Riverside,2021-02-12,17681,318146,10803,169055,6878,149091,0,0,12797,211725,4840,53133,12809,264858,California
Riverside,2021-02-13,6324,324470,2127,171182,4197,153288,0,0,3103,211644,3205,56338,3124,267982,California
Riverside,2021-02-14,4922,329392,1116,172298,3806,157094,0,0,2179,211084,2739,59077,2179,270161,California
Riverside,2021-02-15,9827,339219,5005,177303,4822,161916,0,0,5403,212079,4415,63492,5410,275571,California
Riverside,2021-02-16,16116,355335,10109,187412,6007,167923,0,0,9249,214477,6859,70351,9257,284828,California
Riverside,2021-02-17,15034,370369,8212,195624,6822,174745,0,0,7449,214364,7572,77923,7459,292287,California
Riverside,2021-02-18,15547,385916,8986,204610,6561,181306,0,0,8022,214897,7503,85426,8036,300323,California
Riverside,2021-02-19,15295,401211,8222,212832,7073,188379,0,0,7222,214073,8054,93480,7230,307553,California
Riverside,2021-02-20,8311,409522,4496,217328,3815,192194,0,0,2166,210114,6128,99608,2169,309722,California
Riverside,2021-02-21,4396,413918,3876,221204,520,192714,0,0,1231,208196,3150,102758,1232,310954,California
Riverside,2021-02-22,12374,426292,7770,228974,4604,197318,0,0,5114,206071,7244,110002,5119,316073,California
Riverside,2021-02-23,11120,437412,7576,236550,3544,200862,0,0,5400,205783,5692,115694,5404,321477,California
Riverside,2021-02-24,14811,452223,8102,244652,6709,207571,0,0,6299,203625,8474,124168,6316,327793,California
Riverside,2021-02-25,17360,469583,7405,252057,9955,217526,0,0,8070,202453,9267,133435,8095,335888,California
Riverside,2021-02-26,18639,488222,6733,258790,11906,229432,0,0,9309,202524,9272,142707,9343,345231,California
Riverside,2021-02-27,12081,500303,5609,264399,6472,235904,0,0,5764,202031,6284,148991,5791,351022,California
Riverside,2021-02-28,4885,505188,3221,267620,1664,237568,0,0,2409,201984,2463,151454,2416,353438,California
Riverside,2021-03-01,14355,519543,6107,273727,8246,245814,2,2,8458,204610,5862,157316,8488,361926,California
Riverside,2021-03-02,15369,534912,7510,281237,7858,253672,1,3,9019,207329,6328,163644,9047,370973,California
Riverside,2021-03-03,16918,551830,8382,289619,8536,262208,0,3,7317,205224,9551,173195,7446,378419,California
Riverside,2021-03-04,18758,570588,7466,297085,11287,273495,5,8,8914,204493,9800,182995,9069,387488,California
Riverside,2021-03-05,18913,589501,7613,304698,11256,284751,44,52,9402,204757,9460,192455,9724,397212,California
Riverside,2021-03-06,9528,599029,5073,309771,3974,288725,481,533,4749,205251,4765,197220,5259,402471,California
Riverside,2021-03-07,4251,603280,2751,312522,1111,289836,389,922,2001,205405,2240,199460,2394,404865,California
Riverside,2021-03-08,11963,615243,4758,317280,6794,296630,411,1333,5335,204589,6608,206068,5792,410657,California
Riverside,2021-03-09,14811,630054,6907,324187,7404,304034,500,1833,5911,202256,8879,214947,6546,417203,California
Riverside,2021-03-10,15916,645970,8521,332708,6468,310502,927,2760,6214,199890,9659,224606,7293,424496,California
Riverside,2021-03-11,19260,665230,9463,342171,7948,318450,1849,4609,7605,197934,11619,236225,9663,434159,California
Riverside,2021-03-12,21208,686438,7951,350122,8517,326967,4740,9349,7129,196096,14041,250266,12203,446362,California
Riverside,2021-03-13,8486,694924,2542,352664,4717,331684,1227,10576,4362,197666,4102,254368,5672,452034,California
Riverside,2021-03-14,4702,699626,1617,354281,1756,333440,1329,11905,2084,198470,2607,256975,3411,455445,California
Riverside,2021-03-15,18697,718323,7866,362147,9161,342601,1670,13575,9208,200001,9447,266422,10978,466423,California
Riverside,2021-03-16,20908,739231,10148,372295,9945,352546,815,14390,11389,202818,9480,275902,12297,478720,California
Riverside,2021-03-17,21340,760571,10959,383254,9322,361868,1059,15449,12823,208278,8481,284383,13941,492661,California
Riverside,2021-03-18,22632,783203,11788,395042,9178,371046,1666,17115,12567,212502,10017,294400,14241,506902,California
Riverside,2021-03-19,24151,807354,12682,407724,10497,381543,972,18087,14104,217956,9990,304390,15444,522346,California
Riverside,2021-03-20,10693,818047,6905,414629,2608,384151,1180,19267,6881,222235,3781,308171,8060,530406,California
Riverside,2021-03-21,3742,821789,2919,417548,557,384708,266,19533,2554,223884,1172,309343,2821,533227,California
Riverside,2021-03-22,16655,838444,9936,427484,6166,390874,553,20086,10599,229031,6003,315346,11150,544377,California
Riverside,2021-03-23,18580,857024,10525,438009,7634,398508,421,20507,11948,234842,6572,321918,12383,556760,California
Riverside,2021-03-24,18766,875790,10469,448478,8177,406685,120,20627,12882,242016,5834,327752,13008,569768,California
Riverside,2021-03-25,21173,896963,11676,460154,9316,416001,181,20808,14195,249490,6908,334660,14382,584150,California
Riverside,2021-03-26,24174,921137,11944,472098,12055,428056,175,20983,15034,255664,9037,343697,15211,599361,California
Riverside,2021-03-27,9334,930471,4905,477003,3376,431432,1053,22036,4820,257046,4492,348189,5874,605235,California
Riverside,2021-03-28,4774,935245,3139,480142,1543,432975,92,22128,2844,258067,1917,350106,2938,608173,California
Riverside,2021-03-29,17683,952928,8455,488597,9107,442082,121,22249,10948,262453,6694,356800,11080,619253,California
Riverside,2021-03-30,18374,971302,9569,498166,8598,450680,207,22456,11723,267774,6611,363411,11932,631185,California
Riverside,2021-03-31,18130,989432,8434,506600,9391,460071,305,22761,11448,272900,6637,370048,11763,642948,California
Riverside,2021-04-01,25569,1015001,12500,519100,12292,472363,777,23538,16514,281199,8992,379040,17291,660239,California
Riverside,2021-04-02,26148,1041149,14078,533178,11121,483484,949,24487,16380,289047,9712,388752,17560,677799,California
Riverside,2021-04-03,9373,1050522,5965,539143,2820,486304,588,25075,6042,292362,3313,392065,6628,684427,California
Riverside,2021-04-04,3398,1053920,2069,541212,1085,487389,244,25319,1721,292661,1667,393732,1966,686393,California
Riverside,2021-04-05,18463,1072383,9456,550668,7148,494537,1859,27178,9938,295973,8486,402218,11798,698191,California
Riverside,2021-04-06,23773,1096156,12361,563029,9281,503818,2131,29309,13256,300888,10467,412685,15382,713573,California
Riverside,2021-04-07,24720,1120876,13293,576322,8920,512738,2507,31816,13704,306136,10972,423657,16220,729793,California
Riverside,2021-04-08,27025,1147901,14841,591163,9228,521966,2956,34772,16435,314987,10529,434186,19380,749173,California
Riverside,2021-04-09,26120,1174021,15354,606517,8327,530293,2439,37211,15925,323230,10151,444337,18394,767567,California
Riverside,2021-04-10,11957,1185978,6714,613231,3853,534146,1390,38601,5219,323136,6695,451032,6601,774168,California
Riverside,2021-04-11,4605,1190583,2734,615965,1249,535395,622,39223,2166,323494,2428,453460,2786,776954,California
Riverside,2021-04-12,20063,1210646,8911,624876,8514,543909,2638,41861,10048,326200,9977,463437,12683,789637,California
Riverside,2021-04-13,19895,1230541,11127,636003,8742,552651,26,41887,11353,329078,8503,471940,11381,801018,California
Riverside,2021-04-14,22030,1252571,12102,648105,9914,562565,14,41901,10762,328657,11201,483141,10780,811798,California
Riverside,2021-04-15,21675,1274246,12175,660280,9492,572057,8,41909,11322,329701,10287,493428,11331,823129,California
Riverside,2021-04-16,24917,1299163,14423,674703,10488,582545,6,41915,11536,327920,13330,506758,11549,834678,California
Riverside,2021-04-17,9859,1309022,6496,681199,3363,585908,0,41915,4956,327994,4889,511647,4963,839641,California
Riverside,2021-04-18,3854,1312876,2807,684006,1040,586948,7,41922,1813,327789,2028,513675,1823,841464,California
Riverside,2021-04-19,19471,1332347,11588,695594,7880,594828,3,41925,6958,322283,12472,526147,6966,848430,California
Riverside,2021-04-20,18859,1351206,9948,705542,8901,603729,10,41935,7725,318926,11094,537241,7737,856167,California
Riverside,2021-04-21,19502,1370708,11080,716622,8414,612143,8,41943,7664,314829,11776,549017,7679,863846,California
Riverside,2021-04-22,23253,1393961,13560,730182,9690,621833,3,41946,8655,308961,14530,563547,8662,872508,California
Riverside,2021-04-23,23330,1417291,13727,743909,9589,631422,14,41960,9149,304009,14123,577670,9171,881679,California
Riverside,2021-04-24,10478,1427769,7310,751219,3166,634588,2,41962,4828,303224,5615,583285,4830,886509,California
Riverside,2021-04-25,4207,1431976,2817,754036,1389,635977,1,41963,2182,303399,2009,585294,2184,888693,California
Riverside,2021-04-26,16483,1448459,10353,764389,6085,642062,45,42008,5521,298045,10924,596218,5570,894263,California
Riverside,2021-04-27,17684,1466143,10144,774533,7379,649441,161,42169,6107,292777,11536,607754,6268,900531,California
Riverside,2021-04-28,16413,1482556,8853,783386,7303,656744,257,42426,5526,287729,10831,618585,5783,906314,California
Riverside,2021-04-29,18679,1501235,11423,794809,6908,663652,348,42774,5375,280207,13243,631828,5721,912035,California
Riverside,2021-04-30,19673,1520908,11334,806143,7961,671613,378,43152,6288,273540,13335,645163,6668,918703,California
Riverside,2021-05-01,6759,1527667,4872,811015,1719,673332,168,43320,2325,271621,4410,649573,2491,921194,California
Riverside,2021-05-02,3346,1531013,2179,813194,959,674291,208,43528,1069,270644,2260,651833,1283,922477,California
Riverside,2021-05-03,17978,1548991,11040,824234,6452,680743,486,44014,4153,261514,13767,665600,4637,927114,California
Riverside,2021-05-04,17249,1566240,10956,835190,5878,686621,415,44429,4879,254497,12310,677910,5293,932407,California
Riverside,2021-05-05,15741,1581981,8913,844103,6475,693096,353,44782,4540,248246,11144,689054,4893,937300,California
Riverside,2021-05-06,17764,1599745,9949,854052,7406,700502,409,45191,4521,240001,13176,702230,4931,942231,California
Riverside,2021-05-07,20289,1620034,11587,865639,8272,708774,430,45621,5348,230914,14865,717095,5778,948009,California
Riverside,2021-05-08,6809,1626843,4528,870167,2053,710827,228,45849,2554,229469,4226,721321,2781,950790,California
Riverside,2021-05-09,2308,1629151,1509,871676,644,711471,155,46004,853,229033,1444,722765,1008,951798,California
Riverside,2021-05-10,10012,1639163,5133,876809,4508,715979,371,46375,2855,225152,7107,729872,3226,955024,California
Riverside,2021-05-11,13500,1652663,8122,884931,4886,720865,492,46867,3685,219593,9737,739609,4178,959202,California
Riverside,2021-05-12,11903,1664566,5809,890740,5819,726684,275,47142,3603,215219,8251,747860,3877,963079,California
Riverside,2021-05-13,13678,1678244,8123,898863,5291,731975,264,47406,4834,211526,8795,756655,5102,968181,California
Riverside,2021-05-14,17675,1695919,11168,910031,5719,737694,788,48194,6912,208528,10697,767352,7699,975880,California
Riverside,2021-05-15,9667,1705586,6923,916954,2350,740044,394,48588,4933,209153,4702,772054,5327,981207,California
Riverside,2021-05-16,3443,1709029,2496,919450,837,740881,110,48698,1688,209207,1742,773796,1796,983003,California
Riverside,2021-05-17,11699,1720728,7555,927005,3807,744688,337,49035,5267,208416,6399,780195,5608,988611,California
Riverside,2021-05-18,15007,1735735,9299,936304,5368,750056,340,49375,6259,206312,8702,788897,6598,995209,California
Riverside,2021-05-19,12023,1747758,7591,943895,4216,754272,216,49591,5923,206399,6053,794950,6140,1001349,California
Riverside,2021-05-20,10119,1757877,6182,950077,3682,757954,255,49846,4441,205461,5637,800587,4699,1006048,California
Riverside,2021-05-21,12271,1770148,7449,957526,4522,762476,300,50146,5166,203869,7059,807646,5467,1011515,California
Riverside,2021-05-22,5462,1775610,3781,961307,1507,763983,174,50320,3052,204715,2382,810028,3228,1014743,California
Riverside,2021-05-23,1468,1777078,1027,962334,369,764352,72,50392,811,204950,648,810676,883,1015626,California
Riverside,2021-05-24,7878,1784956,4976,967310,2604,766956,298,50690,3358,204113,4492,815168,3655,1019281,California
Riverside,2021-05-25,5312,1790268,3110,970420,2032,768988,170,50860,1704,202403,3586,818754,1876,1021157,California
Sacramento,2020-12-15,315,315,315,315,0,0,0,0,315,315,0,0,315,315,California
Sacramento,2020-12-16,646,961,646,961,0,0,0,0,646,961,0,0,646,961,California
Sacramento,2020-12-17,649,1610,649,1610,0,0,0,0,649,1610,0,0,649,1610,California
Sacramento,2020-12-18,970,2580,970,2580,0,0,0,0,970,2580,0,0,970,2580,California
Sacramento,2020-12-19,610,3190,610,3190,0,0,0,0,610,3190,0,0,610,3190,California
Sacramento,2020-12-20,634,3824,634,3824,0,0,0,0,634,3824,0,0,634,3824,California
Sacramento,2020-12-21,1677,5501,1677,5501,0,0,0,0,1678,5502,0,0,1678,5502,California
Sacramento,2020-12-22,2103,7604,2070,7571,33,33,0,0,2103,7605,0,0,2103,7605,California
Sacramento,2020-12-23,2263,9867,2092,9663,171,204,0,0,2263,9868,0,0,2263,9868,California
Sacramento,2020-12-24,1046,10913,834,10497,212,416,0,0,1046,10914,0,0,1046,10914,California
Sacramento,2020-12-25,1,10914,0,10497,1,417,0,0,1,10915,0,0,1,10915,California
Sacramento,2020-12-26,510,11424,291,10788,219,636,0,0,510,11425,0,0,510,11425,California
Sacramento,2020-12-27,355,11779,249,11037,106,742,0,0,355,11780,0,0,355,11780,California
Sacramento,2020-12-28,1903,13682,1323,12360,580,1322,0,0,1902,13681,1,1,1902,13682,California
Sacramento,2020-12-29,1959,15641,1193,13553,766,2088,0,0,1959,15640,0,1,1959,15641,California
Sacramento,2020-12-30,2562,18203,1455,15008,1107,3195,0,0,2563,18203,0,1,2563,18204,California
Sacramento,2020-12-31,1233,19436,696,15704,537,3732,0,0,1234,19437,0,1,1234,19438,California
Sacramento,2021-01-01,81,19517,70,15774,11,3743,0,0,81,19518,0,1,81,19519,California
Sacramento,2021-01-02,567,20084,365,16139,202,3945,0,0,567,20085,0,1,567,20086,California
Sacramento,2021-01-03,412,20496,223,16362,189,4134,0,0,412,20497,0,1,412,20498,California
Sacramento,2021-01-04,1960,22456,847,17209,1113,5247,0,0,1958,22454,1,2,1958,22456,California
Sacramento,2021-01-05,2215,24671,989,18198,1226,6473,0,0,1861,23968,354,356,1868,24324,California
Sacramento,2021-01-06,2727,27398,1617,19815,1110,7583,0,0,1952,25148,772,1128,1952,26276,California
Sacramento,2021-01-07,2839,30237,1508,21323,1331,8914,0,0,1976,26264,860,1988,1976,28252,California
Sacramento,2021-01-08,3302,33539,2095,23418,1207,10121,0,0,2267,27501,1031,3019,2268,30520,California
Sacramento,2021-01-09,1290,34829,796,24214,494,10615,0,0,902,28017,386,3405,902,31422,California
Sacramento,2021-01-10,1247,36076,711,24925,536,11151,0,0,776,28324,470,3875,777,32199,California
Sacramento,2021-01-11,4350,40426,2960,27885,1390,12541,0,0,2410,28807,1939,5814,2422,34621,California
Sacramento,2021-01-12,4581,45007,3198,31083,1383,13924,0,0,2609,29449,1971,7785,2613,37234,California
Sacramento,2021-01-13,3833,48840,2212,33295,1621,15545,0,0,2417,30452,1415,9200,2418,39652,California
Sacramento,2021-01-14,4626,53466,2337,35632,2289,17834,0,0,3705,33240,917,10117,3705,43357,California
Sacramento,2021-01-15,4448,57914,2263,37895,2185,20019,0,0,3727,36247,721,10838,3728,47085,California
Sacramento,2021-01-16,2080,59994,1276,39171,804,20823,0,0,1862,37891,218,11056,1862,48947,California
Sacramento,2021-01-17,1671,61665,977,40148,694,21517,0,0,1492,39207,179,11235,1495,50442,California
Sacramento,2021-01-18,2818,64483,1722,41870,1096,22613,0,0,2243,40877,574,11809,2244,52686,California
Sacramento,2021-01-19,4972,69455,3024,44894,1948,24561,0,0,3738,43383,1234,13043,3740,56426,California
Sacramento,2021-01-20,4812,74267,2849,47743,1963,26524,0,0,3591,45757,1223,14266,3597,60023,California
Sacramento,2021-01-21,5207,79474,3003,50746,2204,28728,0,0,4238,49034,963,15229,4240,64263,California
Sacramento,2021-01-22,5006,84480,2673,53419,2333,31061,0,0,4703,53436,302,15531,4704,68967,California
Sacramento,2021-01-23,3742,88222,1563,54982,2179,33240,0,0,3282,56258,460,15991,3282,72249,California
Sacramento,2021-01-24,1611,89833,1003,55985,608,33848,0,0,1370,57388,241,16232,1371,73620,California
Sacramento,2021-01-25,4419,94252,2166,58151,2253,36101,0,0,2947,58865,1472,17704,2949,76569,California
Sacramento,2021-01-26,4732,98984,2144,60295,2588,38689,0,0,3531,61199,1199,18903,3533,80102,California
Sacramento,2021-01-27,5810,104794,3046,63341,2764,41453,0,0,4199,63792,1608,20511,4201,84303,California
Sacramento,2021-01-28,5383,110177,2728,66069,2655,44108,0,0,4282,66975,1100,21611,4283,88586,California
Sacramento,2021-01-29,5402,115579,2939,69008,2463,46571,0,0,4378,70338,1015,22626,4378,92964,California
Sacramento,2021-01-30,4506,120085,2198,71206,2308,48879,0,0,4077,73988,427,23053,4077,97041,California
Sacramento,2021-01-31,2317,122402,2023,73229,294,49173,0,0,2042,75759,273,23326,2044,99085,California
Sacramento,2021-02-01,5941,128343,3036,76265,2905,52078,0,0,4257,78336,1680,25006,4257,103342,California
Sacramento,2021-02-02,6928,135271,3759,80024,3169,55247,0,0,4798,81024,2112,27118,4800,108142,California
Sacramento,2021-02-03,7148,142419,3603,83627,3545,58792,0,0,5284,84455,1855,28973,5286,113428,California
Sacramento,2021-02-04,7754,150173,3667,87294,4087,62879,0,0,5510,87730,2235,31208,5510,118938,California
Sacramento,2021-02-05,7851,158024,4484,91778,3367,66246,0,0,4916,89737,2912,34120,4919,123857,California
Sacramento,2021-02-06,8478,166502,3486,95264,4992,71238,0,0,7123,95508,1353,35473,7124,130981,California
Sacramento,2021-02-07,4068,170570,2181,97445,1887,73125,0,0,2862,97171,1201,36674,2864,133845,California
Sacramento,2021-02-08,6232,176802,3241,100686,2991,76116,0,0,3897,98737,2331,39005,3897,137742,California
Sacramento,2021-02-09,6772,183574,3555,104241,3217,79333,0,0,3994,99963,2769,41774,3995,141737,California
Sacramento,2021-02-10,7699,191273,4209,108450,3490,82823,0,0,4541,101362,3144,44918,4543,146280,California
Sacramento,2021-02-11,9596,200869,5726,114176,3870,86693,0,0,5506,102795,4075,48993,5508,151788,California
Sacramento,2021-02-12,10680,211549,4143,118319,6537,93230,0,0,6408,104995,4211,53204,6411,158199,California
Sacramento,2021-02-13,7671,219220,2980,121299,4691,97921,0,0,6087,109502,1581,54785,6088,164287,California
Sacramento,2021-02-14,3172,222392,1951,123250,1221,99142,0,0,2087,110510,1083,55868,2091,166378,California
Sacramento,2021-02-15,5993,228385,2046,125296,3947,103089,0,0,4164,112854,1823,57691,4167,170545,California
Sacramento,2021-02-16,9236,237621,4206,129502,5030,108119,0,0,5319,114267,3910,61601,5323,175868,California
Sacramento,2021-02-17,8841,246462,4988,134490,3853,111972,0,0,5144,115727,3686,65287,5146,181014,California
Sacramento,2021-02-18,9558,256020,5719,140209,3839,115811,0,0,5705,117589,3846,69133,5708,186722,California
Sacramento,2021-02-19,10011,266031,6140,146349,3871,119682,0,0,5915,119425,4085,73218,5921,192643,California
Sacramento,2021-02-20,7756,273787,5729,152078,2027,121709,0,0,4695,121067,3055,76273,4697,197340,California
Sacramento,2021-02-21,2974,276761,2363,154441,611,122320,0,0,1042,120183,1926,78199,1042,198382,California
Sacramento,2021-02-22,6196,282957,3753,158194,2443,124763,0,0,2687,119376,3498,81697,2691,201073,California
Sacramento,2021-02-23,7154,290111,4447,162641,2707,127470,0,0,3471,119184,3667,85364,3475,204548,California
Sacramento,2021-02-24,9674,299785,5307,167948,4367,131837,0,0,5265,120060,4393,89757,5269,209817,California
Sacramento,2021-02-25,10933,310718,6236,174184,4697,136534,0,0,6411,121963,4508,94265,6411,216228,California
Sacramento,2021-02-26,13931,324649,6479,180663,7452,143986,0,0,9591,127247,4310,98575,9594,225822,California
Sacramento,2021-02-27,10834,335483,6735,187398,4096,148082,3,3,7963,132365,2848,101423,7966,233788,California
Sacramento,2021-02-28,5642,341125,2244,189642,3398,151480,0,3,2601,131940,3027,104450,2602,236390,California
Sacramento,2021-03-01,8072,349197,3488,193130,4583,156063,1,4,4363,132618,3688,108138,4366,240756,California
Sacramento,2021-03-02,9290,358487,4045,197175,5244,161307,1,5,5717,134783,3556,111694,5721,246477,California
Sacramento,2021-03-03,10964,369451,5018,202193,5943,167250,3,8,6544,136933,4399,116093,6549,253026,California
Sacramento,2021-03-04,13439,382890,6189,208382,7246,174496,4,12,7471,138478,5936,122029,7481,260507,California
Sacramento,2021-03-05,10610,393500,4902,213284,5678,180174,30,42,7053,142025,3536,125565,7083,267590,California
Sacramento,2021-03-06,8114,401614,3116,216400,4876,185050,122,164,4116,142279,3983,129548,4237,271827,California
Sacramento,2021-03-07,7604,409218,2210,218610,5307,190357,87,251,3744,142253,3855,133403,3829,275656,California
Sacramento,2021-03-08,9123,418341,4260,222870,4638,194995,225,476,5977,145320,3133,136536,6200,281856,California
Sacramento,2021-03-09,9598,427939,4563,227433,4744,199739,291,767,5524,147078,4058,140594,5816,287672,California
Sacramento,2021-03-10,11757,439696,7500,234933,3901,203640,356,1123,6871,149454,4852,145446,7228,294900,California
Sacramento,2021-03-11,15040,454736,9978,244911,4245,207885,817,1940,8937,153144,6063,151509,9753,304653,California
Sacramento,2021-03-12,18012,472748,8317,253228,8834,216719,861,2801,8847,153748,9115,160624,9719,314372,California
Sacramento,2021-03-13,12970,485718,3571,256799,8973,225692,426,3227,7870,156953,5089,165713,8294,322666,California
Sacramento,2021-03-14,8385,494103,3467,260266,4287,229979,631,3858,4468,158158,3893,169606,5098,327764,California
Sacramento,2021-03-15,12199,506302,4830,265096,6707,236686,662,4520,7094,160831,5084,174690,7757,335521,California
Sacramento,2021-03-16,13994,520296,6211,271307,7135,243821,648,5168,8643,164798,5318,180008,9285,344806,California
Sacramento,2021-03-17,13686,533982,6583,277890,6468,250289,635,5803,8827,169430,4834,184842,9466,354272,California
Sacramento,2021-03-18,15683,549665,8230,286120,6865,257154,588,6391,10118,174602,5534,190376,10706,364978,California
Sacramento,2021-03-19,15605,565270,7970,294090,6261,263415,1374,7765,8133,176661,7445,197821,9504,374482,California
Sacramento,2021-03-20,12915,578185,7541,301631,5034,268449,340,8105,8168,180453,4718,202539,8510,382992,California
Sacramento,2021-03-21,5597,583782,2753,304384,2805,271254,39,8144,4942,184793,643,203182,4983,387975,California
Sacramento,2021-03-22,9393,593175,4814,309198,3725,274979,854,8998,6296,188873,3070,206252,7150,395125,California
Sacramento,2021-03-23,11346,604521,6758,315956,3780,278759,808,9806,7317,193007,3989,210241,8123,403248,California
Sacramento,2021-03-24,11876,616397,7274,323230,3970,282729,632,10438,6761,195367,5034,215275,7394,410642,California
Sacramento,2021-03-25,14161,630558,8361,331591,4974,287703,826,11264,8577,199228,5539,220814,9400,420042,California
Sacramento,2021-03-26,18264,648822,8944,340535,8832,296535,488,11752,9233,199989,8962,229776,9723,429765,California
Sacramento,2021-03-27,9703,658525,3575,344110,5837,302372,291,12043,5219,201043,4452,234228,5506,435271,California
Sacramento,2021-03-28,6532,665057,3219,347329,3065,305437,248,12291,3122,201016,3400,237628,3373,438644,California
Sacramento,2021-03-29,11012,676069,5898,353227,4742,310179,372,12663,5208,200822,5776,243404,5582,444226,California
Sacramento,2021-03-30,11847,687916,6084,359311,5372,315551,391,13054,6031,201450,5794,249198,6422,450648,California
Sacramento,2021-03-31,13448,701364,7860,367171,5193,320744,395,13449,5687,199792,7733,256931,6075,456723,California
Sacramento,2021-04-01,17383,718747,10452,377623,6708,327452,223,13672,7342,197360,10003,266934,7571,464294,California
Sacramento,2021-04-02,17091,735838,9679,387302,6678,334130,734,14406,8999,199036,8062,274996,9738,474032,California
Sacramento,2021-04-03,10423,746261,6212,393514,3660,337790,551,14957,6412,202014,3983,278979,6961,480993,California
Sacramento,2021-04-04,3706,749967,1528,395042,1987,339777,191,15148,1458,201418,2243,281222,1647,482640,California
Sacramento,2021-04-05,12050,762017,7563,402605,3655,343432,832,15980,5395,201020,6620,287842,6222,488862,California
Sacramento,2021-04-06,15598,777615,8859,411464,5409,348841,1330,17310,6906,200596,8659,296501,8235,497097,California
Sacramento,2021-04-07,14790,792405,8006,419470,5202,354043,1582,18892,7163,201757,7592,304093,8753,505850,California
Sacramento,2021-04-08,14956,807361,6713,426183,5288,359331,2955,21847,5942,201672,8981,313074,8896,514746,California
Sacramento,2021-04-09,18141,825502,9275,435458,6676,366007,2190,24037,7342,200443,10762,323836,9533,524279,California
Sacramento,2021-04-10,12686,838188,3824,439282,7651,373658,1211,25248,5207,199385,7453,331289,6395,530674,California
Sacramento,2021-04-11,10724,848912,4323,443605,6177,379835,224,25472,3793,196495,6906,338195,4016,534690,California
Sacramento,2021-04-12,12898,861810,5015,448620,6021,385856,1862,27334,4929,195361,7910,346105,6776,541466,California
Sacramento,2021-04-13,16228,878038,9932,458552,6292,392148,4,27338,7553,194274,8648,354753,7561,549027,California
Sacramento,2021-04-14,14900,892938,7943,466495,6955,399103,2,27340,5898,191203,8974,363727,5903,554930,California
Sacramento,2021-04-15,16307,909245,8391,474886,7914,407017,2,27342,6612,188162,9657,373384,6616,561546,California
Sacramento,2021-04-16,17368,926613,9602,484488,7766,414783,0,27342,7867,186567,9464,382848,7869,569415,California
Sacramento,2021-04-17,15255,941868,6138,490626,9117,423900,0,27342,11042,193421,4193,387041,11047,580462,California
Sacramento,2021-04-18,8434,950302,3068,493694,5366,429266,0,27342,3735,192475,4682,391723,3736,584198,California
Sacramento,2021-04-19,10572,960874,5711,499405,4856,434122,5,27347,4692,191314,5860,397583,4699,588897,California
Sacramento,2021-04-20,11110,971984,6750,506155,4357,438479,3,27350,5913,192056,5178,402761,5920,594817,California
Sacramento,2021-04-21,11471,983455,6627,512782,4842,443321,2,27352,6215,193040,5234,407995,6218,601035,California
Sacramento,2021-04-22,14803,998258,9893,522675,4906,448227,4,27356,6814,191902,7958,415953,6820,607855,California
Sacramento,2021-04-23,15809,1014067,9991,532666,5818,454045,0,27356,7329,190787,8445,424398,7330,615185,California
Sacramento,2021-04-24,11312,1025379,7003,539669,4308,458353,1,27357,5929,191372,5346,429744,5931,621116,California
Sacramento,2021-04-25,7984,1033363,4483,544152,3501,461854,0,27357,4162,191725,3810,433554,4163,625279,California
Sacramento,2021-04-26,10226,1043589,6427,550579,3774,465628,25,27382,4696,190942,5504,439058,4721,630000,California
Sacramento,2021-04-27,11635,1055224,7638,558217,3876,469504,121,27503,5638,190733,5969,445027,5760,635760,California
Sacramento,2021-04-28,10010,1065234,5712,563929,4096,473600,202,27705,5360,191679,4622,449649,5568,641328,California
Sacramento,2021-04-29,10184,1075418,6811,570740,3069,476669,304,28009,5357,192547,4793,454442,5661,646989,California
Sacramento,2021-04-30,12420,1087838,7799,578539,4359,481028,262,28271,5866,192165,6511,460953,6129,653118,California
Sacramento,2021-05-01,7561,1095399,5467,584006,1920,482948,174,28445,2750,190311,4777,465730,2923,656041,California
Sacramento,2021-05-02,3824,1099223,3170,587176,546,483494,108,28553,2166,190943,1640,467370,2272,658313,California
Sacramento,2021-05-03,9091,1108314,7273,594449,1537,485031,281,28834,3943,190037,5125,472495,4219,662532,California
Sacramento,2021-05-04,9361,1117675,5690,600139,3360,488391,311,29145,3784,188596,5535,478030,4094,666626,California
Sacramento,2021-05-05,10957,1128632,5914,606053,4592,492983,451,29596,4421,186967,6496,484526,4867,671493,California
Sacramento,2021-05-06,11161,1139793,6190,612243,4669,497652,302,29898,4626,185668,6225,490751,4926,676419,California
Sacramento,2021-05-07,10595,1150388,6160,618403,4060,501712,375,30273,4469,184436,6077,496828,4845,681264,California
Sacramento,2021-05-08,8159,1158547,3815,622218,4115,505827,229,30502,2703,181942,5421,502249,2927,684191,California
Sacramento,2021-05-09,3164,1161711,1653,623871,1399,507226,112,30614,1189,181282,1961,504210,1301,685492,California
Sacramento,2021-05-10,8062,1169773,3729,627600,4066,511292,267,30881,1981,177480,6051,510261,2249,687741,California
Sacramento,2021-05-11,8057,1177830,5028,632628,2786,514078,243,31124,2780,175254,5247,515508,3021,690762,California
Sacramento,2021-05-12,8022,1185852,4764,637392,3021,517099,237,31361,2736,172971,5255,520763,2972,693734,California
Sacramento,2021-05-13,10865,1196717,6924,644316,3689,520788,252,31613,4089,170576,6742,527505,4347,698081,California
Sacramento,2021-05-14,12133,1208850,6860,651176,4987,525775,286,31899,5011,168804,7068,534573,5296,703377,California
Sacramento,2021-05-15,13051,1221901,7889,659065,5019,530794,143,32042,5796,167521,7219,541792,5936,709313,California
Sacramento,2021-05-16,5874,1227775,4060,663125,1701,532495,113,32155,2056,165895,3796,545588,2170,711483,California
Sacramento,2021-05-17,10255,1238030,6263,669388,3712,536207,280,32435,4034,164022,6191,551779,4318,715801,California
Sacramento,2021-05-18,9628,1247658,6069,675457,3350,539557,209,32644,3817,162280,5772,557551,4030,719831,California
Sacramento,2021-05-19,9737,1257395,6247,681704,3227,542784,263,32907,4620,162092,5075,562626,4887,724718,California
Sacramento,2021-05-20,8832,1266227,6031,687735,2601,545385,200,33107,3958,161420,4831,567457,4159,728877,California
Sacramento,2021-05-21,9250,1275477,6056,693791,2937,548322,257,33364,4213,160894,5006,572463,4480,733357,California
Sacramento,2021-05-22,6204,1281681,3978,697769,2096,550418,130,33494,3137,161111,3049,575512,3266,736623,California
Sacramento,2021-05-23,3257,1284938,2443,700212,752,551170,62,33556,1708,161348,1533,577045,1770,738393,California
Sacramento,2021-05-24,7404,1292342,4443,704655,2662,553832,299,33855,2373,159034,4984,582029,2670,741063,California
Sacramento,2021-05-25,3573,1295915,2219,706874,1203,555035,151,34006,1162,157948,2399,584428,1313,742376,California
San Benito,2020-12-16,30,30,30,30,0,0,0,0,30,30,0,0,30,30,California
San Benito,2020-12-17,38,68,38,68,0,0,0,0,38,68,0,0,38,68,California
San Benito,2020-12-18,71,139,71,139,0,0,0,0,71,139,0,0,71,139,California
San Benito,2020-12-19,47,186,47,186,0,0,0,0,47,186,0,0,47,186,California
San Benito,2020-12-20,23,209,23,209,0,0,0,0,23,209,0,0,23,209,California
San Benito,2020-12-21,74,283,74,283,0,0,0,0,74,283,0,0,74,283,California
San Benito,2020-12-22,99,382,99,382,0,0,0,0,99,382,0,0,99,382,California
San Benito,2020-12-23,85,467,73,455,12,12,0,0,85,467,0,0,85,467,California
San Benito,2020-12-24,13,480,5,460,8,20,0,0,13,480,0,0,13,480,California
San Benito,2020-12-25,4,484,4,464,0,20,0,0,4,484,0,0,4,484,California
San Benito,2020-12-26,13,497,4,468,9,29,0,0,13,497,0,0,13,497,California
San Benito,2020-12-27,8,505,7,475,1,30,0,0,8,505,0,0,8,505,California
San Benito,2020-12-28,63,568,36,511,27,57,0,0,63,568,0,0,63,568,California
San Benito,2020-12-29,50,618,21,532,29,86,0,0,50,618,0,0,50,618,California
San Benito,2020-12-30,59,677,37,569,22,108,0,0,59,677,0,0,59,677,California
San Benito,2020-12-31,19,696,2,571,17,125,0,0,19,696,0,0,19,696,California
San Benito,2021-01-02,25,721,24,595,1,126,0,0,25,721,0,0,25,721,California
San Benito,2021-01-03,3,724,1,596,2,128,0,0,3,724,0,0,3,724,California
San Benito,2021-01-04,62,786,23,619,39,167,0,0,62,786,0,0,62,786,California
San Benito,2021-01-05,119,905,37,656,82,249,0,0,116,899,3,3,116,902,California
San Benito,2021-01-06,100,1005,43,699,57,306,0,0,85,969,15,18,85,987,California
San Benito,2021-01-07,84,1089,47,746,37,343,0,0,52,989,32,50,52,1039,California
San Benito,2021-01-08,132,1221,68,814,64,407,0,0,87,1031,45,95,87,1126,California
San Benito,2021-01-09,43,1264,30,844,13,420,0,0,30,1048,13,108,30,1156,California
San Benito,2021-01-10,16,1280,14,858,2,422,0,0,5,1042,11,119,5,1161,California
San Benito,2021-01-11,102,1382,61,919,41,463,0,0,47,1034,55,174,47,1208,California
San Benito,2021-01-12,158,1540,55,974,103,566,0,0,120,1116,38,212,120,1328,California
San Benito,2021-01-13,191,1731,35,1009,156,722,0,0,164,1253,27,239,164,1492,California
San Benito,2021-01-14,116,1847,23,1032,93,815,0,0,98,1333,18,257,98,1590,California
San Benito,2021-01-15,216,2063,21,1053,195,1010,0,0,202,1521,14,271,202,1792,California
San Benito,2021-01-16,27,2090,9,1062,18,1028,0,0,21,1536,6,277,21,1813,California
San Benito,2021-01-17,11,2101,5,1067,6,1034,0,0,8,1541,3,280,8,1821,California
San Benito,2021-01-18,36,2137,23,1090,13,1047,0,0,21,1547,15,295,21,1842,California
San Benito,2021-01-19,152,2289,65,1155,87,1134,0,0,125,1645,27,322,125,1967,California
San Benito,2021-01-20,275,2564,94,1249,181,1315,0,0,229,1829,45,367,229,2196,California
San Benito,2021-01-21,125,2689,32,1281,93,1408,0,0,100,1904,25,392,100,2296,California
San Benito,2021-01-22,233,2922,19,1300,214,1622,0,0,223,2117,10,402,223,2519,California
San Benito,2021-01-23,31,2953,17,1317,14,1636,0,0,13,2112,18,420,13,2532,California
San Benito,2021-01-24,11,2964,3,1320,8,1644,0,0,7,2115,4,424,7,2539,California
San Benito,2021-01-25,66,3030,25,1345,41,1685,0,0,20,2089,46,470,20,2559,California
San Benito,2021-01-26,138,3168,41,1386,97,1782,0,0,85,2121,53,523,85,2644,California
San Benito,2021-01-27,229,3397,69,1455,160,1942,0,0,189,2270,40,563,189,2833,California
San Benito,2021-01-28,155,3552,32,1487,123,2065,0,0,123,2362,31,594,123,2956,California
San Benito,2021-01-29,288,3840,31,1518,257,2322,0,0,265,2605,22,616,265,3221,California
San Benito,2021-01-30,50,3890,32,1550,18,2340,0,0,27,2609,23,639,27,3248,California
San Benito,2021-01-31,16,3906,5,1555,11,2351,0,0,11,2615,5,644,11,3259,California
San Benito,2021-02-01,133,4039,28,1583,105,2456,0,0,89,2660,44,688,89,3348,California
San Benito,2021-02-02,227,4266,49,1632,178,2634,0,0,137,2707,90,778,137,3485,California
San Benito,2021-02-03,340,4606,42,1674,298,2932,0,0,274,2915,66,844,274,3759,California
San Benito,2021-02-04,164,4770,24,1698,140,3072,0,0,120,2991,44,888,120,3879,California
San Benito,2021-02-05,292,5062,40,1738,252,3324,0,0,229,3157,63,951,229,4108,California
San Benito,2021-02-06,48,5110,8,1746,40,3364,0,0,31,3171,17,968,31,4139,California
San Benito,2021-02-07,16,5126,8,1754,8,3372,0,0,15,3185,1,969,15,4154,California
San Benito,2021-02-08,139,5265,16,1770,123,3495,0,0,93,3232,46,1015,93,4247,California
San Benito,2021-02-09,326,5591,63,1833,263,3758,0,0,194,3294,132,1147,194,4441,California
San Benito,2021-02-10,322,5913,89,1922,233,3991,0,0,113,3199,208,1355,113,4554,California
San Benito,2021-02-11,299,6212,33,1955,266,4257,0,0,201,3302,98,1453,201,4755,California
San Benito,2021-02-12,414,6626,31,1986,383,4640,0,0,208,3305,205,1658,208,4963,California
San Benito,2021-02-13,56,6682,7,1993,49,4689,0,0,43,3335,13,1671,43,5006,California
San Benito,2021-02-14,41,6723,5,1998,36,4725,0,0,31,3356,10,1681,31,5037,California
San Benito,2021-02-15,106,6829,10,2008,96,4821,0,0,95,3440,11,1692,95,5132,California
San Benito,2021-02-16,207,7036,11,2019,196,5017,0,0,102,3437,105,1797,102,5234,California
San Benito,2021-02-17,328,7364,29,2048,299,5316,0,0,279,3667,49,1846,279,5513,California
San Benito,2021-02-18,293,7657,37,2085,256,5572,0,0,71,3516,222,2068,71,5584,California
San Benito,2021-02-19,346,8003,47,2132,299,5871,0,0,180,3530,166,2234,180,5764,California
San Benito,2021-02-20,45,8048,26,2158,19,5890,0,0,36,3557,9,2243,36,5800,California
San Benito,2021-02-21,24,8072,8,2166,16,5906,0,0,14,3561,10,2253,14,5814,California
San Benito,2021-02-22,135,8207,36,2202,99,6005,0,0,101,3629,33,2286,101,5915,California
San Benito,2021-02-23,379,8586,94,2296,285,6290,0,0,263,3776,116,2402,263,6178,California
San Benito,2021-02-24,378,8964,65,2361,313,6603,0,0,239,3876,139,2541,239,6417,California
San Benito,2021-02-25,394,9358,64,2425,330,6933,0,0,273,4026,123,2664,273,6690,California
San Benito,2021-02-26,644,10002,72,2497,572,7505,0,0,398,4178,246,2910,398,7088,California
San Benito,2021-02-27,100,10102,39,2536,61,7566,0,0,86,4250,14,2924,86,7174,California
San Benito,2021-02-28,247,10349,23,2559,224,7790,0,0,238,4479,9,2933,238,7412,California
San Benito,2021-03-01,225,10574,58,2617,167,7957,0,0,155,4563,71,3004,155,7567,California
San Benito,2021-03-02,279,10853,93,2710,186,8143,0,0,209,4702,70,3074,209,7776,California
San Benito,2021-03-03,402,11255,59,2769,343,8486,0,0,224,4750,176,3250,224,8000,California
San Benito,2021-03-04,616,11871,127,2896,474,8960,15,15,431,5000,185,3435,435,8435,California
San Benito,2021-03-05,585,12456,306,3202,267,9227,12,27,375,5178,209,3644,387,8822,California
San Benito,2021-03-06,194,12650,70,3272,110,9337,14,41,142,5282,52,3696,156,8978,California
San Benito,2021-03-07,649,13299,605,3877,22,9359,22,63,617,5889,32,3728,639,9617,California
San Benito,2021-03-08,289,13588,67,3944,176,9535,46,109,167,5980,122,3850,213,9830,California
San Benito,2021-03-09,425,14013,84,4028,242,9777,99,208,138,5904,286,4136,210,10040,California
San Benito,2021-03-10,404,14417,113,4141,194,9971,97,305,231,6059,173,4309,328,10368,California
San Benito,2021-03-11,472,14889,120,4261,198,10169,154,459,208,6157,264,4573,362,10730,California
San Benito,2021-03-12,515,15404,119,4380,302,10471,94,553,230,6199,283,4856,325,11055,California
San Benito,2021-03-13,203,15607,102,4482,83,10554,18,571,129,6275,71,4927,147,11202,California
San Benito,2021-03-14,232,15839,40,4522,172,10726,20,591,179,6422,52,4979,199,11401,California
San Benito,2021-03-15,324,16163,100,4622,205,10931,19,610,190,6497,134,5113,209,11610,California
San Benito,2021-03-16,500,16663,220,4842,249,11180,31,641,351,6729,149,5262,381,11991,California
San Benito,2021-03-17,791,17454,477,5319,292,11472,22,663,561,7078,226,5488,575,12566,California
San Benito,2021-03-18,789,18243,527,5846,207,11679,55,718,573,7483,214,5702,619,13185,California
San Benito,2021-03-19,781,19024,404,6250,354,12033,23,741,580,7885,201,5903,603,13788,California
San Benito,2021-03-20,246,19270,152,6402,82,12115,12,753,187,8025,59,5962,199,13987,California
San Benito,2021-03-21,109,19379,56,6458,48,12163,5,758,82,8085,27,5989,87,14074,California
San Benito,2021-03-22,351,19730,171,6629,155,12318,25,783,224,8207,127,6116,249,14323,California
San Benito,2021-03-23,480,20210,202,6831,268,12586,10,793,218,8172,262,6378,227,14550,California
San Benito,2021-03-24,575,20785,305,7136,263,12849,7,800,361,8327,213,6591,368,14918,California
San Benito,2021-03-25,743,21528,441,7577,298,13147,4,804,441,8474,298,6889,445,15363,California
San Benito,2021-03-26,1020,22548,518,8095,498,13645,4,808,340,8139,679,7568,344,15707,California
San Benito,2021-03-27,335,22883,186,8281,116,13761,33,841,215,8268,119,7687,248,15955,California
San Benito,2021-03-28,732,23615,608,8889,119,13880,5,846,128,7797,604,8291,133,16088,California
San Benito,2021-03-29,344,23959,109,8998,215,14095,20,866,149,7770,195,8486,168,16256,California
San Benito,2021-03-30,577,24536,273,9271,210,14305,94,960,292,7871,285,8771,386,16642,California
San Benito,2021-03-31,596,25132,366,9637,206,14511,24,984,342,7986,251,9022,366,17008,California
San Benito,2021-04-01,945,26077,382,10019,525,15036,38,1022,566,8206,378,9400,598,17606,California
San Benito,2021-04-02,542,26619,263,10282,144,15180,135,1157,267,8334,275,9675,403,18009,California
San Benito,2021-04-03,255,26874,88,10370,104,15284,63,1220,75,8292,180,9855,138,18147,California
San Benito,2021-04-04,143,27017,108,10478,30,15314,5,1225,106,8366,37,9892,111,18258,California
San Benito,2021-04-05,352,27369,170,10648,140,15454,42,1267,143,8341,209,10101,184,18442,California
San Benito,2021-04-06,469,27838,164,10812,126,15580,179,1446,159,8369,310,10411,338,18780,California
San Benito,2021-04-07,946,28784,530,11342,227,15807,189,1635,269,8155,675,11086,461,19241,California
San Benito,2021-04-08,860,29644,431,11773,177,15984,252,1887,225,7998,634,11720,477,19718,California
San Benito,2021-04-09,838,30482,496,12269,252,16236,90,1977,289,7829,549,12269,380,20098,California
San Benito,2021-04-10,330,30812,199,12468,73,16309,58,2035,182,7921,148,12417,240,20338,California
San Benito,2021-04-11,469,31281,269,12737,166,16475,34,2069,262,7990,207,12624,276,20614,California
San Benito,2021-04-12,530,31811,285,13022,133,16608,112,2181,278,8125,251,12875,386,21000,California
San Benito,2021-04-13,754,32565,292,13314,439,17047,23,2204,522,8440,231,13106,546,21546,California
San Benito,2021-04-14,832,33397,654,13968,178,17225,0,2204,395,8403,432,13538,395,21941,California
San Benito,2021-04-15,941,34338,733,14701,207,17432,1,2205,469,8402,471,14009,470,22411,California
San Benito,2021-04-16,704,35042,368,15069,327,17759,9,2214,296,8303,405,14414,306,22717,California
San Benito,2021-04-17,319,35361,226,15295,93,17852,0,2214,130,8242,191,14605,130,22847,California
San Benito,2021-04-18,490,35851,409,15704,81,17933,0,2214,236,8226,254,14859,238,23085,California
San Benito,2021-04-19,736,36587,590,16294,146,18079,0,2214,416,8324,319,15178,417,23502,California
San Benito,2021-04-20,768,37355,398,16692,368,18447,2,2216,486,8534,277,15455,487,23989,California
San Benito,2021-04-21,953,38308,702,17394,251,18698,0,2216,513,8621,426,15881,513,24502,California
San Benito,2021-04-22,896,39204,691,18085,205,18903,0,2216,565,8863,323,16204,565,25067,California
San Benito,2021-04-23,635,39839,397,18482,237,19140,1,2217,342,8961,244,16448,342,25409,California
San Benito,2021-04-24,359,40198,203,18685,156,19296,0,2217,168,8977,152,16600,168,25577,California
San Benito,2021-04-25,205,40403,127,18812,78,19374,0,2217,95,8980,92,16692,95,25672,California
San Benito,2021-04-26,479,40882,383,19195,96,19470,0,2217,253,9067,166,16858,253,25925,California
San Benito,2021-04-27,538,41420,277,19472,254,19724,7,2224,402,9351,125,16983,409,26334,California
San Benito,2021-04-28,540,41960,384,19856,147,19871,9,2233,378,9580,157,17140,386,26720,California
San Benito,2021-04-29,628,42588,231,20087,387,20258,10,2243,249,9478,378,17518,276,26996,California
San Benito,2021-04-30,376,42964,208,20295,161,20419,7,2250,202,9515,172,17690,209,27205,California
San Benito,2021-05-01,195,43159,143,20438,44,20463,8,2258,65,9460,128,17818,73,27278,California
San Benito,2021-05-02,189,43348,161,20599,24,20487,4,2262,58,9391,131,17949,62,27340,California
San Benito,2021-05-03,354,43702,280,20879,65,20552,9,2271,84,9216,270,18219,95,27435,California
San Benito,2021-05-04,403,44105,243,21122,152,20704,8,2279,148,9118,253,18472,155,27590,California
San Benito,2021-05-05,600,44705,422,21544,162,20866,16,2295,209,8954,389,18861,225,27815,California
San Benito,2021-05-06,611,45316,484,22028,112,20978,15,2310,221,8803,387,19248,236,28051,California
San Benito,2021-05-07,446,45762,283,22311,153,21131,10,2320,171,8714,273,19521,184,28235,California
San Benito,2021-05-08,276,46038,225,22536,46,21177,5,2325,158,8759,118,19639,163,28398,California
San Benito,2021-05-09,100,46138,75,22611,22,21199,3,2328,48,8758,52,19691,51,28449,California
San Benito,2021-05-10,409,46547,323,22934,62,21261,24,2352,51,8476,358,20049,76,28525,California
San Benito,2021-05-11,801,47348,401,23335,387,21648,13,2365,177,8045,622,20671,191,28716,California
San Benito,2021-05-12,480,47828,386,23721,82,21730,12,2377,111,7802,367,21038,124,28840,California
San Benito,2021-05-13,658,48486,564,24285,84,21814,10,2387,166,7488,489,21527,175,29015,California
San Benito,2021-05-14,594,49080,438,24723,149,21963,7,2394,230,7362,363,21890,237,29252,California
San Benito,2021-05-15,228,49308,171,24894,50,22013,7,2401,126,7393,102,21992,133,29385,California
San Benito,2021-05-16,160,49468,132,25026,26,22039,2,2403,91,7417,69,22061,93,29478,California
San Benito,2021-05-17,377,49845,307,25333,61,22100,9,2412,175,7400,201,22262,184,29662,California
San Benito,2021-05-18,662,50507,345,25678,312,22412,5,2417,206,7156,456,22718,212,29874,California
San Benito,2021-05-19,560,51067,413,26091,139,22551,8,2425,233,7071,326,23044,241,30115,California
San Benito,2021-05-20,561,51628,453,26544,97,22648,11,2436,309,7140,251,23295,320,30435,California
San Benito,2021-05-21,431,52059,256,26800,161,22809,14,2450,201,7126,229,23524,215,30650,California
San Benito,2021-05-22,239,52298,212,27012,24,22833,3,2453,175,7241,63,23587,178,30828,California
San Benito,2021-05-23,68,52366,46,27058,17,22850,5,2458,24,7225,44,23631,28,30856,California
San Benito,2021-05-24,277,52643,235,27293,38,22888,4,2462,172,7296,105,23736,176,31032,California
San Benito,2021-05-25,308,52951,43,27336,262,23150,3,2465,64,7120,243,23979,67,31099,California
San Bernardino,2020-12-15,13,13,13,13,0,0,0,0,13,13,0,0,13,13,California
San Bernardino,2020-12-16,113,126,113,126,0,0,0,0,113,126,0,0,113,126,California
San Bernardino,2020-12-17,2369,2495,2369,2495,0,0,0,0,2369,2495,0,0,2369,2495,California
San Bernardino,2020-12-18,3150,5645,3147,5642,3,3,0,0,3151,5646,0,0,3151,5646,California
San Bernardino,2020-12-19,1070,6715,1069,6711,1,4,0,0,1071,6717,0,0,1071,6717,California
San Bernardino,2020-12-20,1178,7893,1175,7886,3,7,0,0,1178,7895,0,0,1178,7895,California
San Bernardino,2020-12-21,2457,10350,2452,10338,5,12,0,0,2457,10352,0,0,2457,10352,California
San Bernardino,2020-12-22,2278,12628,2149,12487,129,141,0,0,2279,12631,0,0,2279,12631,California
San Bernardino,2020-12-23,2668,15296,1464,13951,1204,1345,0,0,2666,15297,0,0,2666,15297,California
San Bernardino,2020-12-24,1162,16458,583,14534,579,1924,0,0,1164,16461,0,0,1164,16461,California
San Bernardino,2020-12-25,75,16533,14,14548,61,1985,0,0,75,16536,0,0,75,16536,California
San Bernardino,2020-12-26,462,16995,254,14802,208,2193,0,0,462,16998,0,0,462,16998,California
San Bernardino,2020-12-27,348,17343,162,14964,186,2379,0,0,348,17346,0,0,348,17346,California
San Bernardino,2020-12-28,1570,18913,712,15676,858,3237,0,0,1571,18917,0,0,1571,18917,California
San Bernardino,2020-12-29,2213,21126,1042,16718,1171,4408,0,0,2213,21130,0,0,2213,21130,California
San Bernardino,2020-12-30,2894,24020,1458,18176,1436,5844,0,0,2895,24025,0,0,2895,24025,California
San Bernardino,2020-12-31,1358,25378,439,18615,919,6763,0,0,1356,25381,0,0,1356,25381,California
San Bernardino,2021-01-01,284,25662,151,18766,133,6896,0,0,283,25664,0,0,283,25664,California
San Bernardino,2021-01-02,476,26138,339,19105,137,7033,0,0,476,26140,0,0,476,26140,California
San Bernardino,2021-01-03,136,26274,88,19193,48,7081,0,0,136,26276,0,0,136,26276,California
San Bernardino,2021-01-04,2124,28398,1287,20480,837,7918,0,0,2123,28399,0,0,2123,28399,California
San Bernardino,2021-01-05,2334,30732,1463,21943,871,8789,0,0,2224,30514,109,109,2224,30623,California
San Bernardino,2021-01-06,3437,34169,2350,24293,1087,9876,0,0,2939,32962,492,601,2940,33563,California
San Bernardino,2021-01-07,5418,39587,4506,28799,912,10788,0,0,2468,32499,2931,3532,2468,36031,California
San Bernardino,2021-01-08,5368,44955,4448,33247,920,11708,0,0,2288,31712,3076,6608,2289,38320,California
San Bernardino,2021-01-09,1403,46358,1100,34347,303,12011,0,0,905,32119,498,7106,905,39225,California
San Bernardino,2021-01-10,1026,47384,610,34957,416,12427,0,0,577,32247,449,7555,577,39802,California
San Bernardino,2021-01-11,4985,52369,4077,39034,908,13335,0,0,2768,32802,2213,9768,2768,42570,California
San Bernardino,2021-01-12,4227,56596,3211,42245,1016,14351,0,0,2512,33600,1714,11482,2512,45082,California
San Bernardino,2021-01-13,4570,61166,2849,45094,1721,16072,0,0,3348,35739,1210,12692,3349,48431,California
San Bernardino,2021-01-14,4817,65983,2840,47934,1977,18049,0,0,4236,39398,577,13269,4236,52667,California
San Bernardino,2021-01-15,5967,71950,2954,50888,3013,21062,0,0,5569,44582,388,13657,5572,58239,California
San Bernardino,2021-01-16,2255,74205,1287,52175,968,22030,0,0,2113,46553,142,13799,2113,60352,California
San Bernardino,2021-01-17,1184,75389,508,52683,676,22706,0,0,1101,47574,82,13881,1103,61455,California
San Bernardino,2021-01-18,4267,79656,2636,55319,1631,24337,0,0,3643,50597,623,14504,3646,65101,California
San Bernardino,2021-01-19,6315,85971,3706,59025,2609,26946,0,0,5229,54744,1084,15588,5231,70332,California
San Bernardino,2021-01-20,6841,92812,3765,62790,3076,30022,0,0,4893,57699,1940,17528,4895,75227,California
San Bernardino,2021-01-21,5989,98801,3079,65869,2910,32932,0,0,4870,61462,1110,18638,4873,80100,California
San Bernardino,2021-01-22,6528,105329,3052,68921,3476,36408,0,0,5803,66543,723,19361,5804,85904,California
San Bernardino,2021-01-23,3118,108447,1895,70816,1223,37631,0,0,2728,68882,389,19750,2728,88632,California
San Bernardino,2021-01-24,1195,109642,461,71277,734,38365,0,0,1094,69875,101,19851,1094,89726,California
San Bernardino,2021-01-25,6888,116530,3407,74684,3481,41846,0,0,5050,73093,1835,21686,5053,94779,California
San Bernardino,2021-01-26,7074,123604,3533,78217,3541,45387,0,0,4976,75973,2097,23783,4977,99756,California
San Bernardino,2021-01-27,8496,132100,4143,82360,4353,49740,0,0,5701,78887,2787,26570,5701,105457,California
San Bernardino,2021-01-28,8593,140693,4078,86438,4515,54255,0,0,6272,82843,2316,28886,6272,111729,California
San Bernardino,2021-01-29,8195,148888,3771,90209,4424,58679,0,0,6221,87105,1960,30846,6222,117951,California
San Bernardino,2021-01-30,3093,151981,1900,92109,1193,59872,0,0,2804,89621,288,31134,2804,120755,California
San Bernardino,2021-01-31,924,152905,493,92602,431,60303,0,0,870,90438,53,31187,870,121625,California
San Bernardino,2021-02-01,7576,160481,4251,96853,3325,63628,0,0,4945,92756,2628,33815,4946,126571,California
San Bernardino,2021-02-02,10447,170928,3656,100509,6791,70419,0,0,8388,99090,2055,35870,8389,134960,California
San Bernardino,2021-02-03,9005,179933,4148,104657,4857,75276,0,0,6504,103102,2493,38363,6505,141465,California
San Bernardino,2021-02-04,10523,190456,5186,109843,5337,80613,0,0,7422,107434,3090,41453,7422,148887,California
San Bernardino,2021-02-05,11008,201464,5908,115751,5100,85713,0,0,7487,111412,3510,44963,7488,156375,California
San Bernardino,2021-02-06,5265,206729,2213,117964,3052,88765,0,0,3635,113444,1606,46569,3638,160013,California
San Bernardino,2021-02-07,843,207572,489,118453,354,89119,0,0,468,113541,372,46941,469,160482,California
San Bernardino,2021-02-08,7280,214852,3880,122333,3400,92519,0,0,5612,117487,1666,48607,5612,166094,California
San Bernardino,2021-02-09,10140,224992,5905,128238,4235,96754,0,0,6842,121036,3296,51903,6845,172939,California
San Bernardino,2021-02-10,12079,237071,6451,134689,5628,102382,0,0,7961,124891,4107,56010,7962,180901,California
San Bernardino,2021-02-11,12442,249513,7137,141826,5305,107687,0,0,7932,128339,4487,60497,7935,188836,California
San Bernardino,2021-02-12,10425,259938,5945,147771,4480,112167,0,0,5687,129305,4721,65218,5687,194523,California
San Bernardino,2021-02-13,6046,265984,4020,151791,2026,114193,0,0,3806,130892,2224,67442,3811,198334,California
San Bernardino,2021-02-14,1552,267536,649,152440,903,115096,0,0,873,131093,672,68114,873,199207,California
San Bernardino,2021-02-15,5476,273012,2995,155435,2481,117577,0,0,3060,131751,2402,70516,3060,202267,California
San Bernardino,2021-02-16,12623,285635,7381,162816,5242,122819,0,0,7973,135087,4638,75154,7974,210241,California
San Bernardino,2021-02-17,11809,297444,6461,169277,5348,128167,0,0,7145,137587,4647,79801,7147,217388,California
San Bernardino,2021-02-18,12487,309931,7583,176860,4904,133071,0,0,7702,140519,4771,84572,7703,225091,California
San Bernardino,2021-02-19,11531,321462,5933,182793,5598,138669,0,0,6815,142638,4696,89268,6815,231906,California
San Bernardino,2021-02-20,4522,325984,3470,186263,1052,139721,0,0,2041,142203,2478,91746,2043,233949,California
San Bernardino,2021-02-21,1131,327115,673,186936,458,140179,0,0,392,141858,739,92485,394,234343,California
San Bernardino,2021-02-22,8672,335787,5341,192277,3331,143510,0,0,4041,141281,4620,97105,4043,238386,California
San Bernardino,2021-02-23,9128,344915,5446,197723,3682,147192,0,0,4597,141372,4506,101611,4597,242983,California
San Bernardino,2021-02-24,12446,357361,7174,204897,5272,152464,0,0,6156,141259,6270,107881,6157,249140,California
San Bernardino,2021-02-25,13065,370426,6279,211176,6786,159250,0,0,7613,143440,5435,113316,7616,256756,California
San Bernardino,2021-02-26,13615,384041,6379,217555,7236,166486,0,0,7585,145059,5968,119284,7587,264343,California
San Bernardino,2021-02-27,6665,390706,3725,221280,2939,169425,1,1,4814,148032,1842,121126,4815,269158,California
San Bernardino,2021-02-28,1765,392471,732,222012,1033,170458,0,1,1138,148548,622,121748,1138,270296,California
San Bernardino,2021-03-01,8437,400908,4358,226370,4076,174534,3,4,3838,147820,4577,126325,3849,274145,California
San Bernardino,2021-03-02,13854,414762,5537,231907,8317,182851,0,4,6545,147089,7279,133604,6548,280693,California
San Bernardino,2021-03-03,12878,427640,6525,238432,6350,189201,3,7,6016,146274,6841,140445,6026,286719,California
San Bernardino,2021-03-04,13758,441398,6911,245343,6847,196048,0,7,5977,144495,7760,148205,5981,292700,California
San Bernardino,2021-03-05,14409,455807,7540,252883,6868,202916,1,8,7037,144211,7340,155545,7056,299756,California
San Bernardino,2021-03-06,9716,465523,5454,258337,4047,206963,215,223,4546,143817,5153,160698,4759,304515,California
San Bernardino,2021-03-07,1650,467173,1002,259339,591,207554,57,280,1047,144320,601,161299,1104,305619,California
San Bernardino,2021-03-08,8074,475247,3573,262912,4342,211896,159,439,3594,143604,4472,165771,3756,309375,California
San Bernardino,2021-03-09,13076,488323,7486,270398,5346,217242,244,683,5274,141335,7788,173559,5519,314894,California
San Bernardino,2021-03-10,14206,502529,7848,278246,5802,223044,556,1239,6356,140426,7824,181383,6915,321809,California
San Bernardino,2021-03-11,15616,518145,7238,285484,6791,229835,1587,2826,7395,141203,8200,189583,8977,330786,California
San Bernardino,2021-03-12,15498,533643,6879,292363,6571,236406,2048,4874,7347,142526,8121,197704,9444,340230,California
San Bernardino,2021-03-13,8381,542024,4580,296943,3289,239695,512,5386,4975,144624,3395,201099,5493,345723,California
San Bernardino,2021-03-14,3280,545304,1660,298603,1042,240737,578,5964,1832,145587,1441,202540,2404,348127,California
San Bernardino,2021-03-15,11377,556681,5370,303973,3973,244710,2034,7998,5570,147390,5793,208333,7596,355723,California
San Bernardino,2021-03-16,16198,572879,8032,312005,7221,251931,945,8943,9914,151987,6258,214591,10855,366578,California
San Bernardino,2021-03-17,17369,590248,8644,320649,7976,259907,749,9692,10541,156469,6809,221400,11291,377869,California
San Bernardino,2021-03-18,16625,606873,8230,328879,8008,267915,387,10079,9850,159955,6749,228149,10235,388104,California
San Bernardino,2021-03-19,16972,623845,8425,337304,7958,275873,589,10668,9752,163153,7195,235344,10393,398497,California
San Bernardino,2021-03-20,9443,633288,5961,343265,2893,278766,589,11257,5589,165498,3829,239173,6174,404671,California
San Bernardino,2021-03-21,2793,636081,2273,345538,470,279236,50,11307,2250,167267,531,239704,2300,406971,California
San Bernardino,2021-03-22,9622,645703,4526,350064,4658,283894,438,11745,6970,172044,2631,242335,7408,414379,California
San Bernardino,2021-03-23,15500,661203,8799,358863,6082,289976,619,12364,9597,176377,5882,248217,10215,424594,California
San Bernardino,2021-03-24,15166,676369,7838,366701,7023,296999,305,12669,10075,181702,5056,253273,10381,434975,California
San Bernardino,2021-03-25,17038,693407,8365,375066,8373,305372,300,12969,10799,186608,6189,259462,11095,446070,California
San Bernardino,2021-03-26,18206,711613,8683,383749,8753,314125,770,13739,10896,190994,7280,266742,11666,457736,California
San Bernardino,2021-03-27,10853,722466,7015,390764,3087,317212,751,14490,6194,193299,4639,271381,6944,464680,California
San Bernardino,2021-03-28,3620,726086,2550,393314,957,318169,113,14603,2510,194820,1101,272482,2622,467302,California
San Bernardino,2021-03-29,11776,737862,6121,399435,5256,323425,399,15002,7961,199382,3798,276280,8360,475662,California
San Bernardino,2021-03-30,16990,754852,9483,408918,6790,330215,717,15719,10533,204203,6420,282700,11241,486903,California
San Bernardino,2021-03-31,16592,771444,9328,418246,6626,336841,638,16357,10918,210114,5645,288345,11556,498459,California
San Bernardino,2021-04-01,19778,791222,10453,428699,7913,344754,1412,17769,12734,217249,7003,295348,14138,512597,California
San Bernardino,2021-04-02,18909,810131,9535,438234,8080,352834,1294,19063,11429,222563,7451,302799,12765,525362,California
San Bernardino,2021-04-03,11158,821289,6982,445216,3039,355873,1137,20200,6064,224684,5076,307875,7197,532559,California
San Bernardino,2021-04-04,2495,823784,1502,446718,744,356617,249,20449,1258,224960,1231,309106,1507,534066,California
San Bernardino,2021-04-05,11774,835558,5285,452003,4755,361372,1734,22183,6005,226945,5749,314855,7734,541800,California
San Bernardino,2021-04-06,19726,855284,11100,463103,6512,367884,2114,24297,10434,230242,9249,324104,12546,554346,California
San Bernardino,2021-04-07,20940,876224,11205,474308,7259,375143,2476,26773,11430,234666,9480,333584,13904,568250,California
San Bernardino,2021-04-08,21788,898012,11138,485446,8054,383197,2596,29369,11986,239485,9777,343361,14596,582846,California
San Bernardino,2021-04-09,21672,919684,11030,496476,8088,391285,2554,31923,11795,243990,9843,353204,14348,597194,California
San Bernardino,2021-04-10,15583,935267,8069,504545,3813,395098,3701,35624,7714,247544,7848,361052,11402,608596,California
San Bernardino,2021-04-11,4406,939673,2567,507112,885,395983,954,36578,2024,248142,2376,363428,2974,611570,California
San Bernardino,2021-04-12,13354,953027,6178,513290,5532,401515,1644,38222,6316,249079,7017,370445,7954,619524,California
San Bernardino,2021-04-13,19226,972253,10947,524237,8260,409775,19,38241,10999,251897,8201,378646,11019,630543,California
San Bernardino,2021-04-14,19197,991450,10262,534499,8932,418707,3,38244,10838,254413,8327,386973,10843,641386,California
San Bernardino,2021-04-15,20254,1011704,11316,545815,8932,427639,6,38250,10740,255682,9477,396450,10746,652132,California
San Bernardino,2021-04-16,18570,1030274,10537,556352,8032,435671,1,38251,9122,255400,9404,405854,9122,661254,California
San Bernardino,2021-04-17,11919,1042193,7845,564197,4074,439745,0,38251,6228,255969,5659,411513,6228,667482,California
San Bernardino,2021-04-18,2884,1045077,1979,566176,905,440650,0,38251,1264,255625,1608,413121,1264,668746,California
San Bernardino,2021-04-19,12531,1057608,6681,572857,5850,446500,0,38251,4862,252844,7647,420768,4866,673612,California
San Bernardino,2021-04-20,17602,1075210,9813,582670,7786,454286,3,38254,8040,251352,9536,430304,8044,681656,California
San Bernardino,2021-04-21,18050,1093260,10311,592981,7736,462022,3,38257,7908,249179,10084,440388,7911,689567,California
San Bernardino,2021-04-22,19138,1112398,10930,603911,8204,470226,4,38261,7793,245683,11293,451681,7797,697364,California
San Bernardino,2021-04-23,18414,1130812,10537,614448,7876,478102,1,38262,8025,243367,10344,462025,8028,705392,California
San Bernardino,2021-04-24,12810,1143622,9463,623911,3345,481447,2,38264,6888,244350,5907,467932,6890,712282,California
San Bernardino,2021-04-25,3392,1147014,2221,626132,1171,482618,0,38264,1676,244325,1702,469634,1677,713959,California
San Bernardino,2021-04-26,10479,1157493,5615,631747,4775,487393,89,38353,4433,242835,6011,475645,4521,718480,California
San Bernardino,2021-04-27,15863,1173356,9577,641324,6117,493510,169,38522,6473,240128,9348,484993,6641,725121,California
San Bernardino,2021-04-28,14650,1188006,8696,650020,5684,499194,270,38792,5253,236272,9370,494363,5514,730635,California
San Bernardino,2021-04-29,16098,1204104,9282,659302,6547,505741,269,39061,5335,231139,10734,505097,5601,736236,California
San Bernardino,2021-04-30,16464,1220568,10381,669683,5804,511545,279,39340,6029,227045,10399,515496,6305,742541,California
San Bernardino,2021-05-01,10707,1231275,8402,678085,1996,513541,309,39649,3684,224015,7020,522516,3990,746531,California
San Bernardino,2021-05-02,2924,1234199,2114,680199,678,514219,132,39781,1041,223311,1876,524392,1172,747703,California
San Bernardino,2021-05-03,10023,1244222,5764,685963,3855,518074,404,40185,2897,219499,7112,531504,3300,751003,California
San Bernardino,2021-05-04,15646,1259868,9512,695475,5681,523755,453,40638,4537,213418,11069,542573,4988,755991,California
San Bernardino,2021-05-05,15312,1275180,8801,704276,6098,529853,413,41051,4320,207206,10941,553514,4729,760720,California
San Bernardino,2021-05-06,15729,1290909,8960,713236,6357,536210,412,41463,4270,200471,11416,564930,4681,765401,California
San Bernardino,2021-05-07,15415,1306324,8664,721900,6377,542587,374,41837,4607,194700,10748,575678,4977,770378,California
San Bernardino,2021-05-08,9180,1315504,6108,728008,2828,545415,244,42081,3130,192058,6015,581693,3373,773751,California
San Bernardino,2021-05-09,1808,1317312,1111,729119,607,546022,90,42171,728,191806,1070,582763,818,774569,California
San Bernardino,2021-05-10,7408,1324720,3413,732532,3681,549703,314,42485,2270,189296,5091,587854,2581,777150,California
San Bernardino,2021-05-11,11866,1336586,6542,739074,5002,554705,322,42807,3720,185230,8109,595963,4043,781193,California
San Bernardino,2021-05-12,11986,1348572,6390,745464,5308,560013,288,43095,3424,180420,8518,604481,3708,784901,California
San Bernardino,2021-05-13,12444,1361016,7388,752852,4716,564729,340,43435,4767,177888,7634,612115,5102,790003,California
San Bernardino,2021-05-14,13569,1374585,9024,761876,4212,568941,333,43768,5649,176006,7863,619978,5981,795984,California
San Bernardino,2021-05-15,11217,1385802,8319,770195,2711,571652,187,43955,4501,174005,6684,626662,4683,800667,California
San Bernardino,2021-05-16,2763,1388565,2037,772232,665,572317,61,44016,1309,173937,1437,628099,1369,802036,California
San Bernardino,2021-05-17,9836,1398401,6703,778935,2867,575184,266,44282,4582,173565,5217,633316,4845,806881,California
San Bernardino,2021-05-18,13268,1411669,8765,787700,4249,579433,254,44536,6183,172948,7050,640366,6433,813314,California
San Bernardino,2021-05-19,11383,1423052,7175,794875,3846,583279,362,44898,5304,172570,6041,646407,5663,818977,California
San Bernardino,2021-05-20,9880,1432932,5844,800719,3746,587025,290,45188,4456,171923,5390,651797,4743,823720,California
San Bernardino,2021-05-21,10675,1443607,7114,807833,3216,590241,345,45533,4655,170945,5977,657774,4999,828719,California
San Bernardino,2021-05-22,7157,1450764,5497,813330,1468,591709,192,45725,3559,171130,3564,661338,3749,832468,California
San Bernardino,2021-05-23,1279,1452043,824,814154,383,592092,72,45797,649,171227,624,661962,721,833189,California
San Bernardino,2021-05-24,6507,1458550,4093,818247,2127,594219,287,46084,2936,170920,3529,665491,3222,836411,California
San Bernardino,2021-05-25,5397,1463947,3615,821862,1593,595812,189,46273,2215,170156,3167,668658,2403,838814,California
San Diego,2020-12-15,119,119,119,119,0,0,0,0,119,119,0,0,119,119,California
San Diego,2020-12-16,1103,1222,1103,1222,0,0,0,0,1103,1222,0,0,1103,1222,California
San Diego,2020-12-17,2350,3572,2350,3572,0,0,0,0,2350,3572,0,0,2350,3572,California
San Diego,2020-12-18,3670,7242,3669,7241,1,1,0,0,3670,7242,0,0,3670,7242,California
San Diego,2020-12-19,2313,9555,2313,9554,0,1,0,0,2313,9555,0,0,2313,9555,California
San Diego,2020-12-20,1184,10739,1183,10737,1,2,0,0,1184,10739,0,0,1184,10739,California
San Diego,2020-12-21,3522,14261,3521,14258,1,3,0,0,3522,14261,0,0,3522,14261,California
San Diego,2020-12-22,4060,18321,3417,17675,643,646,0,0,4060,18321,0,0,4060,18321,California
San Diego,2020-12-23,3180,21501,1977,19652,1203,1849,0,0,3180,21501,0,0,3180,21501,California
San Diego,2020-12-24,2736,24237,2219,21871,517,2366,0,0,2736,24237,0,0,2736,24237,California
San Diego,2020-12-25,876,25113,875,22746,1,2367,0,0,876,25113,0,0,876,25113,California
San Diego,2020-12-26,3294,28407,2143,24889,1151,3518,0,0,3294,28407,0,0,3294,28407,California
San Diego,2020-12-27,2509,30916,1619,26508,890,4408,0,0,2508,30914,1,1,2508,30915,California
San Diego,2020-12-28,5913,36829,4226,30734,1687,6095,0,0,5913,36827,0,1,5913,36828,California
San Diego,2020-12-29,5572,42401,2999,33733,2573,8668,0,0,5572,42399,0,1,5572,42400,California
San Diego,2020-12-30,5944,48345,3099,36832,2845,11513,0,0,5944,48343,0,1,5944,48344,California
San Diego,2020-12-31,3040,51385,1055,37887,1985,13498,0,0,3040,51383,0,1,3040,51384,California
San Diego,2021-01-01,1006,52391,452,38339,554,14052,0,0,1006,52389,0,1,1006,52390,California
San Diego,2021-01-02,3745,56136,1303,39642,2442,16494,0,0,3745,56134,0,1,3745,56135,California
San Diego,2021-01-03,859,56995,633,40275,226,16720,0,0,858,56992,0,1,858,56993,California
San Diego,2021-01-04,3703,60698,2050,42325,1653,18373,0,0,3696,60688,0,1,3696,60689,California
San Diego,2021-01-05,4375,65073,2185,44510,2190,20563,0,0,3758,63845,613,614,3770,64459,California
San Diego,2021-01-06,4948,70021,2291,46801,2657,23220,0,0,3714,66352,1211,1825,3718,68177,California
San Diego,2021-01-07,5665,75686,2983,49784,2682,25902,0,0,3506,67712,2152,3977,3512,71689,California
San Diego,2021-01-08,7867,83553,4940,54724,2927,28829,0,0,4082,68042,3768,7745,4098,75787,California
San Diego,2021-01-09,3500,87053,1940,56664,1560,30389,0,0,1950,68465,1538,9283,1961,77748,California
San Diego,2021-01-10,1881,88934,1293,57957,588,30977,0,0,777,68159,1092,10375,786,78534,California
San Diego,2021-01-11,10333,99267,5860,63817,4473,35450,0,0,6804,71459,3522,13897,6822,85356,California
San Diego,2021-01-12,11200,110467,5313,69130,5887,41337,0,0,7823,76028,3368,17265,7937,93293,California
San Diego,2021-01-13,11509,121976,5053,74183,6456,47793,0,0,8965,82485,2532,19797,8989,102282,California
San Diego,2021-01-14,12366,134342,4746,78929,7620,55413,0,0,10197,90557,2161,21958,10233,112515,California
San Diego,2021-01-15,15135,149477,5355,84284,9780,65193,0,0,12489,100473,2627,24585,12543,125058,California
San Diego,2021-01-16,10770,160247,3593,87877,7177,72370,0,0,9324,108387,1441,26026,9355,134413,California
San Diego,2021-01-17,8682,168929,2497,90374,6185,78555,0,0,7841,115407,841,26867,7861,142274,California
San Diego,2021-01-18,12879,181808,6317,96691,6562,85117,0,0,10029,122678,2818,29685,10089,152363,California
San Diego,2021-01-19,14597,196405,5669,102360,8928,94045,0,0,11487,131332,3099,32784,11753,164116,California
San Diego,2021-01-20,18329,214734,6388,108748,11941,105986,0,0,15007,143222,3301,36085,15191,179307,California
San Diego,2021-01-21,17301,232035,5785,114533,11516,117502,0,0,15910,157895,1382,37467,16055,195362,California
San Diego,2021-01-22,17583,249618,4662,119195,12921,130423,0,0,15551,171509,2018,39485,15632,210994,California
San Diego,2021-01-23,14492,264110,5280,124475,9212,139635,0,0,12135,181357,2346,41831,12194,223188,California
San Diego,2021-01-24,11906,276016,3345,127820,8561,148196,0,0,10934,191358,970,42801,10971,234159,California
San Diego,2021-01-25,12273,288289,5802,133622,6471,154667,0,0,9252,197752,3014,45815,9408,243567,California
San Diego,2021-01-26,15157,303446,7858,141480,7299,161966,0,0,11770,206324,3385,49200,11957,255524,California
San Diego,2021-01-27,20577,324023,7938,149418,12639,174605,0,0,17558,221017,3010,52210,17703,273227,California
San Diego,2021-01-28,21307,345330,7650,157068,13657,188262,0,0,19036,237876,2261,54471,19120,292347,California
San Diego,2021-01-29,19725,365055,6479,163547,13246,201508,0,0,17283,252775,2432,56903,17331,309678,California
San Diego,2021-01-30,15906,380961,3668,167215,12238,213746,0,0,13224,263424,2672,59575,13321,322999,California
San Diego,2021-01-31,14812,395773,5764,172979,9048,222794,0,0,14450,277548,358,59933,14482,337481,California
San Diego,2021-02-01,21037,416810,7735,180714,13302,236096,0,0,17488,291577,3535,63468,17564,355045,California
San Diego,2021-02-02,22896,439706,8375,189089,14521,250617,0,0,19627,308113,3260,66728,19796,374841,California
San Diego,2021-02-03,27668,467374,11770,200859,15898,266515,0,0,23355,327364,4294,71022,23545,398386,California
San Diego,2021-02-04,24253,491627,9896,210755,14357,280872,0,0,19625,342659,4611,75633,19906,418292,California
San Diego,2021-02-05,24935,516562,8891,219646,16044,296916,0,0,18249,354695,6662,82295,18698,436990,California
San Diego,2021-02-06,20781,537343,8555,228201,12226,309142,0,0,17530,369199,3248,85543,17752,454742,California
San Diego,2021-02-07,12137,549480,5377,233578,6760,315902,0,0,10254,377839,1872,87415,10512,465254,California
San Diego,2021-02-08,20124,569604,8532,242110,11592,327494,0,0,12681,383771,7432,94847,13364,478618,California
San Diego,2021-02-09,20491,590095,8326,250436,12165,339659,0,0,13194,390760,7276,102123,14265,492883,California
San Diego,2021-02-10,22973,613068,9338,259774,13635,353294,0,0,13849,396920,9067,111190,15227,508110,California
San Diego,2021-02-11,23847,636915,10186,269960,13661,366955,0,0,12769,400328,11049,122239,14457,522567,California
San Diego,2021-02-12,23844,660759,7449,277409,16395,383350,0,0,11889,402547,11937,134176,14156,536723,California
San Diego,2021-02-13,20032,680791,9025,286434,11007,394357,0,0,10902,405529,9124,143300,12106,548829,California
San Diego,2021-02-14,11187,691978,7433,293867,3754,398111,0,0,6319,408500,4864,148164,7835,556664,California
San Diego,2021-02-15,15272,707250,7761,301628,7511,405622,0,0,7831,411978,7419,155583,10897,567561,California
San Diego,2021-02-16,19294,726544,11267,312895,8027,413649,0,0,9224,414128,10058,165641,12208,579769,California
San Diego,2021-02-17,23413,749957,10999,323894,12414,426063,0,0,8122,410064,15276,180917,11212,590981,California
San Diego,2021-02-18,23576,773533,12011,335905,11565,437628,0,0,7780,406141,15785,196702,11862,602843,California
San Diego,2021-02-19,15903,789436,10909,346814,4994,442622,0,0,6635,405501,9250,205952,8610,611453,California
San Diego,2021-02-20,10265,799701,6367,353181,3898,446520,0,0,5809,408763,4454,210406,7716,619169,California
San Diego,2021-02-21,11570,811271,10156,363337,1414,447934,0,0,5187,409085,6377,216783,6699,625868,California
San Diego,2021-02-22,12452,823723,10592,373929,1860,449794,0,0,5758,409796,6690,223473,7401,633269,California
San Diego,2021-02-23,25870,849593,14495,388424,11375,461169,0,0,9631,409093,16231,239704,15528,648797,California
San Diego,2021-02-24,28960,878553,12766,401190,16194,477363,0,0,6861,401312,22079,261783,14298,663095,California
San Diego,2021-02-25,33207,911760,14732,415922,18475,495838,0,0,10133,396794,23054,284837,18536,681631,California
San Diego,2021-02-26,33476,945236,12403,428325,21073,516911,0,0,12119,394689,21327,306164,19222,700853,California
San Diego,2021-02-27,21248,966484,9688,438013,11560,528471,0,0,11445,400608,9798,315962,15717,716570,California
San Diego,2021-02-28,15286,981770,9989,448002,5297,533768,0,0,9526,407165,5759,321721,12316,728886,California
San Diego,2021-03-01,24256,1006026,14317,462319,9937,543705,2,2,14731,416311,9449,331170,18595,747481,California
San Diego,2021-03-02,26181,1032207,14095,476414,12086,555791,0,2,12767,422369,13404,344574,19462,766943,California
San Diego,2021-03-03,34026,1066233,15950,492364,18073,573864,3,5,14074,423432,19931,364505,20994,787937,California
San Diego,2021-03-04,28321,1094554,14111,506475,14210,588074,0,5,12626,427140,15673,380178,19381,807318,California
San Diego,2021-03-05,29015,1123569,14916,521391,14017,602091,82,87,13530,432000,15460,395638,20320,827638,California
San Diego,2021-03-06,23435,1147004,9596,530987,13138,615229,701,788,10354,434662,13067,408705,15729,843367,California
San Diego,2021-03-07,18247,1165251,9338,540325,8338,623567,571,1359,6931,434521,11307,420012,11166,854533,California
San Diego,2021-03-08,23107,1188358,11227,551552,10973,634540,907,2266,11449,440121,11638,431650,17238,871771,California
San Diego,2021-03-09,25915,1214273,11997,563549,12159,646699,1759,4025,10146,440196,15755,447405,15830,887601,California
San Diego,2021-03-10,25564,1239837,10816,574365,12351,659050,2397,6422,10135,441385,15412,462817,16601,904202,California
San Diego,2021-03-11,28669,1268506,11026,585391,14045,673095,3598,10020,9995,440284,18651,481468,17550,921752,California
San Diego,2021-03-12,27081,1295587,9462,594853,14479,687574,3140,13160,9951,439796,17117,498585,16629,938381,California
San Diego,2021-03-13,26235,1321822,7308,602161,17138,704712,1789,14949,10141,439810,16090,514675,16104,954485,California
San Diego,2021-03-14,13882,1335704,5501,607662,7643,712355,738,15687,4824,438645,9050,523725,7885,962370,California
San Diego,2021-03-15,22034,1357738,10175,617837,11079,723434,780,16467,9024,438551,12997,536722,12903,975273,California
San Diego,2021-03-16,30010,1387748,15795,633632,13803,737237,412,16879,15739,443507,14248,550970,19204,994477,California
San Diego,2021-03-17,26351,1414099,12241,645873,13390,750627,720,17599,16796,453534,9538,560508,19565,1014042,California
San Diego,2021-03-18,31534,1445633,17815,663688,12803,763430,916,18515,17037,458550,14465,574973,19481,1033523,California
San Diego,2021-03-19,30333,1475966,14403,678091,14905,778335,1025,19540,19398,469254,10913,585886,21617,1055140,California
San Diego,2021-03-20,27886,1503852,8457,686548,17635,795970,1794,21334,21426,487133,6448,592334,24327,1079467,California
San Diego,2021-03-21,16583,1520435,12106,698654,3760,799730,717,22051,7717,488031,8852,601186,9750,1089217,California
San Diego,2021-03-22,22535,1542970,13151,711805,9118,808848,266,22317,14329,497192,8193,609379,17354,1106571,California
San Diego,2021-03-23,25993,1568963,13645,725450,12084,820932,264,22581,17139,507780,8839,618218,19427,1125998,California
San Diego,2021-03-24,29567,1598530,19783,745233,9422,830354,362,22943,17102,514844,12455,630673,19519,1145517,California
San Diego,2021-03-25,30358,1628888,18312,763545,11387,841741,659,23602,17992,523262,12348,643021,20766,1166283,California
San Diego,2021-03-26,32137,1661025,17942,781487,13637,855378,558,24160,17504,529538,14607,657628,20883,1187166,California
San Diego,2021-03-27,25509,1686534,11047,792534,14069,869447,393,24553,15692,538064,9800,667428,18326,1205492,California
San Diego,2021-03-28,15079,1701613,9235,801769,5787,875234,57,24610,9265,543045,5808,673236,10789,1216281,California
San Diego,2021-03-29,26695,1728308,12919,814688,13178,888412,598,25208,16447,552286,10239,683475,19480,1235761,California
San Diego,2021-03-30,33227,1761535,17901,832589,14552,902964,774,25982,22019,565697,11196,694671,24607,1260368,California
San Diego,2021-03-31,30447,1791982,18797,851386,10973,913937,677,26659,20638,578311,9792,704463,22406,1282774,California
San Diego,2021-04-01,34329,1826311,20061,871447,12794,926731,1474,28133,23246,593283,11058,715521,26030,1308804,California
San Diego,2021-04-02,35774,1862085,20674,892121,12326,939057,2774,30907,24119,609959,11636,727157,28312,1337116,California
San Diego,2021-04-03,30847,1892932,14454,906575,11792,950849,4601,35508,19713,624342,11121,738278,25504,1362620,California
San Diego,2021-04-04,9058,1901990,5204,911779,2926,953775,928,36436,4821,626033,4232,742510,5923,1368543,California
San Diego,2021-04-05,29729,1931719,15405,927184,11705,965480,2619,39055,19382,640188,10330,752840,24485,1393028,California
San Diego,2021-04-06,38734,1970453,20397,947581,12448,977928,5889,44944,22337,654133,16381,769221,30326,1423354,California
San Diego,2021-04-07,35810,2006263,21980,969561,9287,987215,4543,49487,20320,664718,15466,784687,26051,1449405,California
San Diego,2021-04-08,35217,2041480,21370,990931,9709,996924,4138,53625,21313,678835,13885,798572,28002,1477407,California
San Diego,2021-04-09,38292,2079772,22826,1013757,10288,1007212,5178,58803,20805,690669,17419,815991,29253,1506660,California
San Diego,2021-04-10,29179,2108951,11783,1025540,13395,1020607,4001,62804,15102,698718,14067,830058,22116,1528776,California
San Diego,2021-04-11,16258,2125209,10078,1035618,3868,1024475,2312,65116,7271,702287,8983,839041,12552,1541328,California
San Diego,2021-04-12,30825,2156034,12862,1048480,13657,1038132,4306,69422,17183,713791,13627,852668,25131,1566459,California
San Diego,2021-04-13,37210,2193244,17789,1066269,19385,1057517,36,69458,24783,729015,12406,865074,27630,1594089,California
San Diego,2021-04-14,33084,2226328,18928,1085197,14143,1071660,13,69471,17913,736110,15156,880230,22251,1616340,California
San Diego,2021-04-15,39530,2265858,20373,1105570,19153,1090813,4,69475,24107,747631,15404,895634,26925,1643265,California
San Diego,2021-04-16,33836,2299694,18587,1124157,15246,1106059,3,69478,19639,755495,14137,909771,22001,1665266,California
San Diego,2021-04-17,27886,2327580,13540,1137697,14346,1120405,0,69478,12382,755489,15409,925180,15403,1680669,California
San Diego,2021-04-18,14500,2342080,8915,1146612,5582,1125987,3,69481,6785,757505,7702,932882,9718,1690387,California
San Diego,2021-04-19,26555,2368635,13565,1160177,12989,1138976,1,69482,12485,757682,14052,946934,14229,1704616,California
San Diego,2021-04-20,39080,2407715,17778,1177955,21302,1160278,0,69482,20002,761563,19058,965992,22939,1727555,California
San Diego,2021-04-21,35038,2442753,20932,1198887,14106,1174384,0,69482,16991,763512,18013,984005,19962,1747517,California
San Diego,2021-04-22,44667,2487420,22944,1221831,21719,1196103,4,69486,22440,766763,22184,1006189,25435,1772952,California
San Diego,2021-04-23,42232,2529652,26022,1247853,16208,1212311,2,69488,15782,759250,26421,1032610,18908,1791860,California
San Diego,2021-04-24,34930,2564582,18866,1266719,16049,1228360,15,69503,15665,758819,19233,1051843,18802,1810662,California
San Diego,2021-04-25,12525,2577107,7706,1274425,4819,1233179,0,69503,5896,759431,6621,1058464,7233,1817895,California
San Diego,2021-04-26,30940,2608047,15522,1289947,15287,1248466,131,69634,10575,754034,20353,1078817,14956,1832851,California
San Diego,2021-04-27,42493,2650540,23515,1313462,18577,1267043,401,70035,18750,752390,23711,1102528,22067,1854918,California
San Diego,2021-04-28,38292,2688832,22631,1336093,15012,1282055,649,70684,17378,751741,20881,1123409,20232,1875150,California
San Diego,2021-04-29,38029,2726861,24268,1360361,13138,1295193,623,71307,15404,746860,22590,1145999,17709,1892859,California
San Diego,2021-04-30,37991,2764852,23146,1383507,13850,1309043,995,72302,14865,741419,23089,1169088,17648,1910507,California
San Diego,2021-05-01,24298,2789150,10732,1394239,12921,1321964,645,72947,9543,738981,14746,1183834,12308,1922815,California
San Diego,2021-05-02,10730,2799880,7540,1401779,2603,1324567,587,73534,3297,735760,7428,1191262,4207,1927022,California
San Diego,2021-05-03,25338,2825218,12481,1414260,11699,1336266,1158,74692,9364,731117,15949,1207211,11306,1938328,California
San Diego,2021-05-04,31832,2857050,17556,1431816,12974,1349240,1302,75994,11519,724739,20282,1227493,13904,1952232,California
San Diego,2021-05-05,27645,2884695,17024,1448840,9345,1358585,1276,77270,10595,720518,17028,1244521,12807,1965039,California
San Diego,2021-05-06,28330,2913025,18839,1467679,8591,1367176,900,78170,10838,717252,17461,1261982,14195,1979234,California
San Diego,2021-05-07,29527,2942552,19541,1487220,8941,1376117,1045,79215,11049,712089,18440,1280422,13277,1992511,California
San Diego,2021-05-08,22626,2965178,10736,1497956,11177,1387294,713,79928,7309,706171,15294,1295716,9376,2001887,California
San Diego,2021-05-09,7494,2972672,5678,1503634,1407,1388701,409,80337,2615,704735,4872,1300588,3436,2005323,California
San Diego,2021-05-10,21637,2994309,8458,1512092,12365,1401066,814,81151,5978,697129,15628,1316216,8022,2013345,California
San Diego,2021-05-11,27609,3021918,11221,1523313,15625,1416691,763,81914,9602,691090,17981,1334197,11942,2025287,California
San Diego,2021-05-12,21930,3043848,11677,1534990,9467,1426158,786,82700,8024,687014,13881,1348078,9805,2035092,California
San Diego,2021-05-13,29610,3073458,17693,1552683,11307,1437465,610,83310,12314,685143,17243,1365321,15372,2050464,California
San Diego,2021-05-14,30733,3104191,19695,1572378,10191,1447656,847,84157,14030,685398,16667,1381988,16922,2067386,California
San Diego,2021-05-15,26124,3130315,16498,1588876,8804,1456460,822,84979,10939,682930,15133,1397121,12665,2080051,California
San Diego,2021-05-16,12982,3143297,9709,1598585,2697,1459157,576,85555,6495,683887,6476,1403597,7433,2087484,California
San Diego,2021-05-17,21433,3164730,13027,1611612,7656,1466813,750,86305,9448,682973,11949,1415546,11035,2098519,California
San Diego,2021-05-18,34219,3198949,19377,1630989,13966,1480779,876,87181,13922,678916,20261,1435807,16204,2114723,California
San Diego,2021-05-19,28445,3227394,17923,1648912,9716,1490495,806,87987,12331,677038,16086,1451893,14208,2128931,California
San Diego,2021-05-20,30346,3257740,16184,1665096,13406,1503901,756,88743,10171,669048,20145,1472038,12155,2141086,California
San Diego,2021-05-21,22405,3280145,14250,1679346,7271,1511172,884,89627,9221,666952,13157,1485195,11061,2152147,California
San Diego,2021-05-22,17150,3297295,9558,1688904,6525,1517697,1067,90694,7330,666392,9804,1494999,9244,2161391,California
San Diego,2021-05-23,4569,3301864,3481,1692385,821,1518518,267,90961,2478,667229,2087,1497086,2924,2164315,California
San Diego,2021-05-24,7835,3309699,4080,1696465,2176,1520694,1579,92540,2595,666590,5232,1502318,4593,2168908,California
San Diego,2021-05-25,1228,3310927,363,1696828,132,1520826,733,93273,285,666784,940,1503258,1134,2170042,California
San Francisco,2020-12-15,7,7,7,7,0,0,0,0,7,7,0,0,7,7,California
San Francisco,2020-12-16,230,237,230,237,0,0,0,0,230,237,0,0,230,237,California
San Francisco,2020-12-17,394,631,394,631,0,0,0,0,394,631,0,0,394,631,California
San Francisco,2020-12-18,879,1510,878,1509,1,1,0,0,879,1510,0,0,879,1510,California
San Francisco,2020-12-19,603,2113,603,2112,0,1,0,0,603,2113,0,0,603,2113,California
San Francisco,2020-12-20,483,2596,483,2595,0,1,0,0,483,2596,0,0,483,2596,California
San Francisco,2020-12-21,1162,3758,1162,3757,0,1,0,0,1162,3758,0,0,1162,3758,California
San Francisco,2020-12-22,1404,5162,1370,5127,34,35,0,0,1404,5162,0,0,1404,5162,California
San Francisco,2020-12-23,1349,6511,1055,6182,294,329,0,0,1349,6511,0,0,1349,6511,California
San Francisco,2020-12-24,842,7353,504,6686,338,667,0,0,842,7353,0,0,842,7353,California
San Francisco,2020-12-25,34,7387,29,6715,5,672,0,0,34,7387,0,0,34,7387,California
San Francisco,2020-12-26,247,7634,152,6867,95,767,0,0,247,7634,0,0,247,7634,California
San Francisco,2020-12-27,274,7908,60,6927,214,981,0,0,274,7908,0,0,274,7908,California
San Francisco,2020-12-28,1272,9180,688,7615,584,1565,0,0,1272,9180,0,0,1272,9180,California
San Francisco,2020-12-29,1252,10432,627,8242,625,2190,0,0,1252,10432,0,0,1252,10432,California
San Francisco,2020-12-30,1489,11921,780,9022,709,2899,0,0,1489,11921,0,0,1489,11921,California
San Francisco,2020-12-31,964,12885,410,9432,554,3453,0,0,963,12884,0,0,963,12884,California
San Francisco,2021-01-01,92,12977,72,9504,20,3473,0,0,92,12976,0,0,92,12976,California
San Francisco,2021-01-02,336,13313,303,9807,33,3506,0,0,336,13312,0,0,336,13312,California
San Francisco,2021-01-03,298,13611,105,9912,193,3699,0,0,297,13608,1,1,297,13609,California
San Francisco,2021-01-04,1839,15450,1355,11267,484,4183,0,0,1836,15441,3,4,1836,15445,California
San Francisco,2021-01-05,2235,17685,1420,12687,815,4998,0,0,2200,17608,35,39,2202,17647,California
San Francisco,2021-01-06,1872,19557,1160,13847,712,5710,0,0,1608,18955,262,301,1609,19256,California
San Francisco,2021-01-07,2067,21624,1207,15054,860,6570,0,0,1607,20105,457,758,1607,20863,California
San Francisco,2021-01-08,2333,23957,1637,16691,696,7266,0,0,1494,20765,834,1592,1494,22357,California
San Francisco,2021-01-09,1389,25346,894,17585,495,7761,0,0,884,21146,505,2097,886,23243,California
San Francisco,2021-01-10,919,26265,541,18126,378,8139,0,0,460,21148,458,2555,460,23703,California
San Francisco,2021-01-11,2503,28768,1868,19994,635,8774,0,0,1402,21448,1102,3657,1402,25105,California
San Francisco,2021-01-12,3093,31861,2071,22065,1022,9796,0,0,1898,22153,1195,4852,1900,27005,California
San Francisco,2021-01-13,2831,34692,1617,23682,1214,11010,0,0,1998,23318,833,5685,1998,29003,California
San Francisco,2021-01-14,2445,37137,1103,24785,1342,12352,0,0,1884,24641,561,6246,1884,30887,California
San Francisco,2021-01-15,2748,39885,1148,25933,1600,13952,0,0,2357,26611,389,6635,2359,33246,California
San Francisco,2021-01-16,2257,42142,964,26897,1293,15245,0,0,2090,28535,167,6802,2091,35337,California
San Francisco,2021-01-17,1925,44067,532,27429,1393,16638,0,0,1709,30028,216,7018,1709,37046,California
San Francisco,2021-01-18,1380,45447,595,28024,785,17423,0,0,1114,30878,265,7283,1115,38161,California
San Francisco,2021-01-19,2580,48027,1476,29500,1104,18527,0,0,1831,31960,749,8032,1831,39992,California
San Francisco,2021-01-20,2760,50787,1129,30629,1631,20158,0,0,2007,33218,750,8782,2008,42000,California
San Francisco,2021-01-21,3322,54109,946,31575,2376,22534,0,0,2486,34870,834,9616,2486,44486,California
San Francisco,2021-01-22,3190,57299,644,32219,2546,25080,0,0,2748,37178,440,10056,2748,47234,California
San Francisco,2021-01-23,3093,60392,611,32830,2482,27562,0,0,2725,39537,367,10423,2726,49960,California
San Francisco,2021-01-24,2430,62822,364,33194,2066,29628,0,0,2199,41508,228,10651,2199,52159,California
San Francisco,2021-01-25,4636,67458,1833,35027,2803,32431,0,0,3048,42971,1586,12237,3049,55208,California
San Francisco,2021-01-26,4706,72164,2170,37197,2536,34967,0,0,3079,44428,1624,13861,3081,58289,California
San Francisco,2021-01-27,4359,76523,2001,39198,2358,37325,0,0,3073,46217,1284,15145,3073,61362,California
San Francisco,2021-01-28,3759,80282,1554,40752,2205,39530,0,0,2598,47659,1156,16301,2598,63960,California
San Francisco,2021-01-29,4721,85003,1680,42432,3041,42571,0,0,3449,49843,1265,17566,3449,67409,California
San Francisco,2021-01-30,3783,88786,1845,44277,1938,44509,0,0,3329,52723,453,18019,3333,70742,California
San Francisco,2021-01-31,2352,91138,825,45102,1527,46036,0,0,2201,54775,150,18169,2202,72944,California
San Francisco,2021-02-01,3972,95110,1697,46799,2275,48311,0,0,2901,56606,1071,19240,2902,75846,California
San Francisco,2021-02-02,4486,99596,1795,48594,2691,51002,0,0,2893,57912,1587,20827,2893,78739,California
San Francisco,2021-02-03,5070,104666,2377,50971,2693,53695,0,0,3755,60355,1313,22140,3756,82495,California
San Francisco,2021-02-04,5024,109690,2427,53398,2597,56292,0,0,3862,63057,1160,23300,3862,86357,California
San Francisco,2021-02-05,5959,115649,3214,56612,2745,59037,0,0,4616,66333,1341,24641,4617,90974,California
San Francisco,2021-02-06,5490,121139,3669,60281,1821,60858,0,0,4591,70029,897,25538,4593,95567,California
San Francisco,2021-02-07,4342,125481,3193,63474,1149,62007,0,0,3766,73225,573,26111,3769,99336,California
San Francisco,2021-02-08,6735,132216,4641,68115,2094,64101,0,0,5513,77534,1206,27317,5515,104851,California
San Francisco,2021-02-09,5939,138155,3995,72110,1944,66045,0,0,4387,80361,1561,28878,4388,109239,California
San Francisco,2021-02-10,6884,145039,4190,76300,2694,68739,0,0,5078,83641,1801,30679,5081,114320,California
San Francisco,2021-02-11,6722,151761,3987,80287,2735,71474,0,0,4900,86725,1817,32496,4901,119221,California
San Francisco,2021-02-12,5330,157091,2674,82961,2656,74130,0,0,3495,88383,1837,34333,3495,122716,California
San Francisco,2021-02-13,4382,161473,2563,85524,1819,75949,0,0,3048,90099,1334,35667,3050,125766,California
San Francisco,2021-02-14,3428,164901,2249,87773,1179,77128,0,0,2299,91272,1128,36795,2301,128067,California
San Francisco,2021-02-15,2775,167676,1507,89280,1268,78396,0,0,1681,91861,1092,37887,1681,129748,California
San Francisco,2021-02-16,5065,172741,2791,92071,2274,80670,0,0,2973,92755,2085,39972,2979,132727,California
San Francisco,2021-02-17,5342,178083,2615,94686,2727,83397,0,0,2957,93338,2375,42347,2958,135685,California
San Francisco,2021-02-18,5368,183451,2626,97312,2742,86139,0,0,2786,93546,2581,44928,2789,138474,California
San Francisco,2021-02-19,5643,189094,2648,99960,2995,89134,0,0,2930,93771,2707,47635,2932,141406,California
San Francisco,2021-02-20,4527,193621,2180,102140,2347,91481,0,0,1699,92652,2819,50454,1700,143106,California
San Francisco,2021-02-21,2888,196509,1517,103657,1371,92852,0,0,1280,92333,1600,52054,1281,144387,California
San Francisco,2021-02-22,5120,201629,3189,106846,1931,94783,0,0,2577,92377,2535,54589,2579,146966,California
San Francisco,2021-02-23,5536,207165,3157,110003,2379,97162,0,0,2837,92521,2693,57282,2837,149803,California
San Francisco,2021-02-24,9028,216193,5118,115121,3910,101072,0,0,4826,93156,4192,61474,4827,154630,California
San Francisco,2021-02-25,9795,225988,6882,122003,2913,103985,0,0,6332,96030,3460,64934,6334,160964,California
San Francisco,2021-02-26,11977,237965,7778,129781,4199,108184,0,0,7096,98246,4881,69815,7097,168061,California
San Francisco,2021-02-27,9250,247215,5998,135779,3251,111435,1,1,4644,98299,4593,74408,4646,172707,California
San Francisco,2021-02-28,7763,254978,5580,141359,2183,113618,0,1,3859,98256,3903,78311,3860,176567,California
San Francisco,2021-03-01,11020,265998,7489,148848,3527,117145,4,5,5323,97913,5672,83983,5329,181896,California
San Francisco,2021-03-02,9962,275960,6726,155574,3236,120381,0,5,5647,99255,4306,88289,5648,187544,California
San Francisco,2021-03-03,11259,287219,6546,162120,4712,125093,1,6,6142,100297,5104,93393,6146,193690,California
San Francisco,2021-03-04,8745,295964,5506,167626,3239,128332,0,6,4928,101416,3809,97202,4928,198618,California
San Francisco,2021-03-05,9213,305177,5654,173280,3555,131887,4,10,5773,103766,3428,100630,5778,204396,California
San Francisco,2021-03-06,7117,312294,4658,177938,2250,134137,209,219,4441,105723,2690,103320,4647,209043,California
San Francisco,2021-03-07,5390,317684,4217,182155,1115,135252,58,277,3105,106588,2298,105618,3163,212206,California
San Francisco,2021-03-08,7465,325149,5471,187626,1808,137060,186,463,5891,111059,1606,107224,6077,218283,California
San Francisco,2021-03-09,8326,333475,5535,193161,2416,139476,375,838,6098,115293,2234,109458,6468,224751,California
San Francisco,2021-03-10,11133,344608,6601,199762,4032,143508,500,1338,7038,118760,4073,113531,7540,232291,California
San Francisco,2021-03-11,10085,354693,6386,206148,2734,146242,965,2303,6624,122899,3443,116974,7582,239873,California
San Francisco,2021-03-12,10867,365560,6355,212503,3170,149412,1342,3645,6052,125496,4793,121767,7390,247263,California
San Francisco,2021-03-13,6704,372264,3941,216444,1702,151114,1061,4706,4170,128202,2525,124292,5231,252494,California
San Francisco,2021-03-14,7578,379842,4929,221373,2405,153519,244,4950,3985,128851,3578,127870,4227,256721,California
San Francisco,2021-03-15,12090,391932,9250,230623,1895,155414,945,5895,8386,134481,3691,131561,9321,266042,California
San Francisco,2021-03-16,12222,404154,8335,238958,3427,158841,460,6355,8838,140416,3362,134923,9297,275339,California
San Francisco,2021-03-17,13349,417503,8285,247243,4503,163344,561,6916,9621,146895,3699,138622,10178,285517,California
San Francisco,2021-03-18,10087,427590,6863,254106,2601,165945,623,7539,5750,148950,4313,142935,6368,291885,California
San Francisco,2021-03-19,12408,439998,9074,263180,2866,168811,468,8007,6576,150185,5804,148739,7039,298924,California
San Francisco,2021-03-20,8888,448886,6544,269724,1880,170691,464,8471,5174,152142,3683,152422,5640,304564,California
San Francisco,2021-03-21,6614,455500,6057,275781,420,171111,137,8608,3736,153154,2860,155282,3872,308436,California
San Francisco,2021-03-22,9855,465355,6935,282716,2074,173185,846,9454,5114,154391,4716,159998,5953,314389,California
San Francisco,2021-03-23,11270,476625,7476,290192,3144,176329,650,10104,6312,156421,4928,164926,6958,321347,California
San Francisco,2021-03-24,12389,489014,9495,299687,2358,178687,536,10640,6282,157168,6065,170991,6812,328159,California
San Francisco,2021-03-25,11924,500938,8742,308429,2619,181306,563,11203,5892,157656,5963,176954,6451,334610,California
San Francisco,2021-03-26,12019,512957,8340,316769,3445,184751,234,11437,5897,157696,6089,183043,6129,340739,California
San Francisco,2021-03-27,8781,521738,5892,322661,2540,187291,349,11786,3759,156802,5001,188044,4107,344846,California
San Francisco,2021-03-28,6686,528424,5342,328003,1302,188593,42,11828,3003,156186,3658,191702,3042,347888,California
San Francisco,2021-03-29,11506,539930,7994,335997,3325,191918,187,12015,4857,154607,6621,198323,5042,352930,California
San Francisco,2021-03-30,11661,551591,7322,343319,4047,195965,292,12307,5521,154305,6115,204438,5813,358743,California
San Francisco,2021-03-31,12280,563871,8181,351500,3799,199764,300,12607,4958,152269,7288,211726,5252,363995,California
San Francisco,2021-04-01,13983,577854,7431,358931,4851,204615,1701,14308,6030,152070,7917,219643,7718,371713,California
San Francisco,2021-04-02,14857,592711,6559,365490,6412,211027,1886,16194,6952,153020,7883,227526,8833,380546,California
San Francisco,2021-04-03,10562,603273,4888,370378,3850,214877,1824,18018,4834,153961,5712,233238,6653,387199,California
San Francisco,2021-04-04,9044,612317,4791,375169,2595,217472,1658,19676,3570,153726,5460,238698,5225,392424,California
San Francisco,2021-04-05,15992,628309,9789,384958,4324,221796,1879,21555,6284,152203,9679,248377,8156,400580,California
San Francisco,2021-04-06,16034,644343,9502,394460,4465,226261,2067,23622,6212,150681,9796,258173,8274,408854,California
San Francisco,2021-04-07,16837,661180,10017,404477,4588,230849,2232,25854,6985,150059,9829,268002,9207,418061,California
San Francisco,2021-04-08,14151,675331,6737,411214,3010,233859,4404,30258,4603,149528,9516,277518,8985,427046,California
San Francisco,2021-04-09,15743,691074,7612,418826,4788,238647,3343,33601,6529,150201,9182,286700,9855,436901,California
San Francisco,2021-04-10,13258,704332,5680,424506,5842,244489,1736,35337,7062,152820,6170,292870,8789,445690,California
San Francisco,2021-04-11,9980,714312,7474,431980,1332,245821,1174,36511,5143,154308,4824,297694,6312,452002,California
San Francisco,2021-04-12,10591,724903,6877,438857,2565,248386,1149,37660,4843,154569,5726,303420,5987,457989,California
San Francisco,2021-04-13,10735,735638,7285,446142,3437,251823,13,37673,5394,154661,5319,308739,5411,463400,California
San Francisco,2021-04-14,13267,748905,7989,454131,5277,257100,1,37674,6378,154187,6853,315592,6379,469779,California
San Francisco,2021-04-15,13708,762613,9506,463637,4201,261301,1,37675,8051,156616,5626,321218,8055,477834,California
San Francisco,2021-04-16,12909,775522,8689,472326,4176,265477,44,37719,7619,159023,5260,326478,7667,485501,California
San Francisco,2021-04-17,10053,785575,7299,479625,2753,268230,1,37720,7087,163166,2949,329427,7092,492593,California
San Francisco,2021-04-18,6604,792179,5043,484668,1559,269789,2,37722,4085,164753,2502,331929,4089,496682,California
San Francisco,2021-04-19,10862,803041,8164,492832,2694,272483,4,37726,6987,167896,3858,335787,7001,503683,California
San Francisco,2021-04-20,12324,815365,7207,500039,5115,277598,2,37728,8501,172602,3798,339585,8504,512187,California
San Francisco,2021-04-21,10549,825914,7537,507576,3007,280605,5,37733,6428,174945,4094,343679,6437,518624,California
San Francisco,2021-04-22,10429,836343,7718,515294,2710,283315,1,37734,6019,176586,4385,348064,6026,524650,California
San Francisco,2021-04-23,10321,846664,5919,521213,4402,287717,0,37734,6131,178563,4161,352225,6138,530788,California
San Francisco,2021-04-24,7943,854607,5466,526679,2477,290194,0,37734,4704,180057,3218,355443,4712,535500,California
San Francisco,2021-04-25,5025,859632,4325,531004,694,290888,6,37740,2937,180930,2073,357516,2946,538446,California
San Francisco,2021-04-26,7934,867566,5618,536622,2304,293192,12,37752,3911,180867,3998,361514,3935,542381,California
San Francisco,2021-04-27,8436,876002,5696,542318,2612,295804,128,37880,4198,180989,4214,365728,4336,546717,California
San Francisco,2021-04-28,9236,885238,6514,548832,2531,298335,191,38071,4750,181479,4455,370183,4945,551662,California
San Francisco,2021-04-29,9099,894337,5382,554214,3524,301859,193,38264,4368,181346,4706,374889,4573,556235,California
San Francisco,2021-04-30,10862,905199,5181,559395,5481,307340,200,38464,3975,178677,6849,381738,4180,560415,California
San Francisco,2021-05-01,6928,912127,3582,562977,3232,310572,114,38578,1704,175298,5199,386937,1820,562235,California
San Francisco,2021-05-02,5316,917443,3085,566062,2133,312705,98,38676,973,172036,4336,391273,1074,563309,California
San Francisco,2021-05-03,9656,927099,6579,572641,2916,315621,161,38837,2460,167498,7166,398439,2628,565937,California
San Francisco,2021-05-04,9338,936437,5977,578618,3112,318733,249,39086,2288,163020,7020,405459,2542,568479,California
San Francisco,2021-05-05,8749,945186,6117,584735,2323,321056,309,39395,2143,158913,6563,412022,2456,570935,California
San Francisco,2021-05-06,10707,955893,8563,593298,1675,322731,469,39864,1855,152421,8819,420841,2327,573262,California
San Francisco,2021-05-07,10077,965970,6447,599745,3362,326093,268,40132,1630,145898,8421,429262,1898,575160,California
San Francisco,2021-05-08,8349,974319,3539,603284,4680,330773,130,40262,983,139677,7335,436597,1114,576274,California
San Francisco,2021-05-09,6686,981005,5827,609111,777,331550,82,40344,1219,135529,5443,442040,1295,577569,California
San Francisco,2021-05-10,6964,987969,4929,614040,1786,333336,249,40593,1044,130928,5893,447933,1292,578861,California
San Francisco,2021-05-11,7124,995093,5104,619144,1817,335153,203,40796,1373,126787,5718,453651,1577,580438,California
San Francisco,2021-05-12,7412,1002505,5326,624470,1652,336805,434,41230,1502,122835,5880,459531,1928,582366,California
San Francisco,2021-05-13,10347,1012852,7541,632011,2593,339398,213,41443,3830,120394,6490,466021,4049,586415,California
San Francisco,2021-05-14,9254,1022106,6562,638573,2523,341921,169,41612,2995,117338,6230,472251,3174,589589,California
San Francisco,2021-05-15,7773,1029879,6242,644815,1475,343396,56,41668,2999,115647,4758,477009,3067,592656,California
San Francisco,2021-05-16,4943,1034822,4169,648984,716,344112,58,41726,1837,114455,3087,480096,1895,594551,California
San Francisco,2021-05-17,7220,1042042,5383,654367,1671,345783,166,41892,2551,112525,4650,484746,2720,597271,California
San Francisco,2021-05-18,8611,1050653,4943,659310,3497,349280,171,42063,2014,108157,6554,491300,2186,599457,California
San Francisco,2021-05-19,7430,1058083,5523,664833,1676,350956,231,42294,2471,105926,4932,496232,2701,602158,California
San Francisco,2021-05-20,5321,1063404,3618,668451,1508,352464,195,42489,1543,103915,3746,499978,1735,603893,California
San Francisco,2021-05-21,6625,1070029,3752,672203,2724,355188,149,42638,1735,100947,4849,504827,1881,605774,California
San Francisco,2021-05-22,4332,1074361,3366,675569,919,356107,47,42685,2102,100884,2213,507040,2150,607924,California
San Francisco,2021-05-23,1534,1075895,1249,676818,255,356362,30,42715,784,100960,740,507780,816,608740,California
San Francisco,2021-05-24,4029,1079924,2860,679678,1002,357364,167,42882,1251,99624,2754,510534,1418,610158,California
San Francisco,2021-05-25,2466,1082390,1622,681300,682,358046,162,43044,613,98555,1843,512377,774,610932,California
San Joaquin,2020-12-15,12,12,12,12,0,0,0,0,12,12,0,0,12,12,California
San Joaquin,2020-12-16,307,319,307,319,0,0,0,0,307,319,0,0,307,319,California
San Joaquin,2020-12-17,312,631,312,631,0,0,0,0,312,631,0,0,312,631,California
San Joaquin,2020-12-18,523,1154,519,1150,4,4,0,0,523,1154,0,0,523,1154,California
San Joaquin,2020-12-19,188,1342,188,1338,0,4,0,0,188,1342,0,0,188,1342,California
San Joaquin,2020-12-20,113,1455,112,1450,1,5,0,0,113,1455,0,0,113,1455,California
San Joaquin,2020-12-21,492,1947,492,1942,0,5,0,0,492,1947,0,0,492,1947,California
San Joaquin,2020-12-22,969,2916,849,2791,120,125,0,0,968,2915,0,0,968,2915,California
San Joaquin,2020-12-23,982,3898,923,3714,59,184,0,0,980,3895,0,0,980,3895,California
San Joaquin,2020-12-24,215,4113,187,3901,28,212,0,0,214,4109,0,0,214,4109,California
San Joaquin,2020-12-25,14,4127,14,3915,0,212,0,0,14,4123,0,0,14,4123,California
San Joaquin,2020-12-26,102,4229,30,3945,72,284,0,0,102,4225,0,0,102,4225,California
San Joaquin,2020-12-27,42,4271,29,3974,13,297,0,0,42,4267,0,0,42,4267,California
San Joaquin,2020-12-28,622,4893,420,4394,202,499,0,0,622,4889,0,0,622,4889,California
San Joaquin,2020-12-29,792,5685,665,5059,127,626,0,0,792,5681,0,0,792,5681,California
San Joaquin,2020-12-30,1009,6694,717,5776,292,918,0,0,1007,6688,0,0,1007,6688,California
San Joaquin,2020-12-31,452,7146,202,5978,250,1168,0,0,452,7140,0,0,452,7140,California
San Joaquin,2021-01-01,23,7169,13,5991,10,1178,0,0,23,7163,0,0,23,7163,California
San Joaquin,2021-01-02,265,7434,243,6234,22,1200,0,0,265,7428,0,0,265,7428,California
San Joaquin,2021-01-03,38,7472,20,6254,18,1218,0,0,37,7464,1,1,37,7465,California
San Joaquin,2021-01-04,476,7948,337,6591,139,1357,0,0,474,7937,1,2,474,7939,California
San Joaquin,2021-01-05,979,8927,646,7237,333,1690,0,0,809,8613,170,172,846,8785,California
San Joaquin,2021-01-06,1220,10147,707,7944,513,2203,0,0,917,9235,298,470,920,9705,California
San Joaquin,2021-01-07,1079,11226,682,8626,397,2600,0,0,790,9740,286,756,791,10496,California
San Joaquin,2021-01-08,1197,12423,820,9446,377,2977,0,0,712,9972,484,1240,716,11212,California
San Joaquin,2021-01-09,377,12800,300,9746,77,3054,0,0,248,10091,129,1369,248,11460,California
San Joaquin,2021-01-10,224,13024,118,9864,106,3160,0,0,171,10210,52,1421,171,11631,California
San Joaquin,2021-01-11,1529,14553,1322,11186,207,3367,0,0,863,10475,665,2086,930,12561,California
San Joaquin,2021-01-12,1463,16016,1053,12239,410,3777,0,0,694,10474,765,2851,764,13325,California
San Joaquin,2021-01-13,1530,17546,896,13135,634,4411,0,0,957,10865,571,3422,962,14287,California
San Joaquin,2021-01-14,1745,19291,969,14104,776,5187,0,0,1405,11967,319,3741,1421,15708,California
San Joaquin,2021-01-15,1525,20816,540,14644,985,6172,0,0,1302,13076,208,3949,1317,17025,California
San Joaquin,2021-01-16,1128,21944,179,14823,949,7121,0,0,1099,14147,28,3977,1099,18124,California
San Joaquin,2021-01-17,1618,23562,135,14958,1483,8604,0,0,1578,15687,40,4017,1580,19704,California
San Joaquin,2021-01-18,738,24300,237,15195,501,9105,0,0,618,16189,116,4133,618,20322,California
San Joaquin,2021-01-19,1871,26171,898,16093,973,10078,0,0,1189,16708,677,4810,1196,21518,California
San Joaquin,2021-01-20,2085,28256,1284,17377,801,10879,0,0,1439,17512,641,5451,1445,22963,California
San Joaquin,2021-01-21,1973,30229,896,18273,1077,11956,0,0,1577,18708,389,5840,1585,24548,California
San Joaquin,2021-01-22,1952,32181,896,19169,1056,13012,0,0,1810,20383,137,5977,1812,26360,California
San Joaquin,2021-01-23,899,33080,398,19567,501,13513,0,0,615,20717,283,6260,617,26977,California
San Joaquin,2021-01-24,351,33431,135,19702,216,13729,0,0,328,21025,20,6280,328,27305,California
San Joaquin,2021-01-25,1996,35427,1142,20844,854,14583,0,0,1431,21897,562,6842,1434,28739,California
San Joaquin,2021-01-26,2148,37575,1116,21960,1032,15615,0,0,1538,22835,605,7447,1543,30282,California
San Joaquin,2021-01-27,1729,39304,768,22728,961,16576,0,0,1233,23583,492,7939,1240,31522,California
San Joaquin,2021-01-28,2034,41338,767,23495,1267,17843,0,0,1382,24323,648,8587,1388,32910,California
San Joaquin,2021-01-29,2151,43489,1047,24542,1104,18947,0,0,1804,25794,341,8928,1812,34722,California
San Joaquin,2021-01-30,2168,45657,351,24893,1817,20764,0,0,1991,27612,175,9103,1993,36715,California
San Joaquin,2021-01-31,1559,47216,181,25074,1378,22142,0,0,1495,29045,63,9166,1496,38211,California
San Joaquin,2021-02-01,2521,49737,1337,26411,1184,23326,0,0,1765,30057,756,9922,1768,39979,California
San Joaquin,2021-02-02,2577,52314,1155,27566,1422,24748,0,0,1967,31477,551,10473,1971,41950,California
San Joaquin,2021-02-03,3073,55387,1214,28780,1859,26607,0,0,2208,32833,858,11331,2214,44164,California
San Joaquin,2021-02-04,3532,58919,1809,30589,1723,28330,0,0,2642,34596,885,12216,2648,46812,California
San Joaquin,2021-02-05,3161,62080,1800,32389,1361,29691,0,0,2340,36132,814,13030,2350,49162,California
San Joaquin,2021-02-06,1087,63167,749,33138,338,30029,0,0,944,36936,141,13171,945,50107,California
San Joaquin,2021-02-07,616,63783,487,33625,129,30158,0,0,413,37152,198,13369,414,50521,California
San Joaquin,2021-02-08,1782,65565,1034,34659,748,30906,0,0,1442,38283,317,13686,1448,51969,California
San Joaquin,2021-02-09,2116,67681,1152,35811,964,31870,0,0,1580,39399,466,14152,1582,53551,California
San Joaquin,2021-02-10,2557,70238,1246,37057,1311,33181,0,0,1339,39542,1196,15348,1339,54890,California
San Joaquin,2021-02-11,2923,73161,1496,38553,1427,34608,0,0,1709,40074,1182,16530,1714,56604,California
San Joaquin,2021-02-12,2814,75975,1126,39679,1688,36296,0,0,1592,40469,1202,17732,1597,58201,California
San Joaquin,2021-02-13,2116,78091,396,40075,1720,38016,0,0,854,40081,1248,18980,860,59061,California
San Joaquin,2021-02-14,1902,79993,260,40335,1642,39658,0,0,690,39587,1185,20165,691,59752,California
San Joaquin,2021-02-15,1985,81978,835,41170,1150,40808,0,0,1193,40023,762,20927,1198,60950,California
San Joaquin,2021-02-16,3155,85133,1372,42542,1783,42591,0,0,1745,40383,1395,22322,1755,62705,California
San Joaquin,2021-02-17,3273,88406,1265,43807,2008,44599,0,0,1865,40857,1395,23717,1869,64574,California
San Joaquin,2021-02-18,3332,91738,1370,45177,1962,46561,0,0,1898,41359,1401,25118,1903,66477,California
San Joaquin,2021-02-19,4256,95994,2406,47583,1850,48411,0,0,2382,41922,1819,26937,2382,68859,California
San Joaquin,2021-02-20,1548,97542,657,48240,891,49302,0,0,1054,42483,493,27430,1054,69913,California
San Joaquin,2021-02-21,662,98204,503,48743,159,49461,0,0,414,42655,245,27675,417,70330,California
San Joaquin,2021-02-22,3535,101739,2494,51237,1041,50502,0,0,2529,44211,977,28652,2533,72863,California
San Joaquin,2021-02-23,4299,106038,2615,53852,1684,52186,0,0,2646,45238,1623,30275,2650,75513,California
San Joaquin,2021-02-24,5728,111766,3406,57258,2322,54508,0,0,4116,47770,1587,31862,4119,79632,California
San Joaquin,2021-02-25,6321,118087,3907,61165,2414,56922,0,0,4078,49648,2210,34072,4088,83720,California
San Joaquin,2021-02-26,5458,123545,2841,64006,2617,59539,0,0,3757,51741,1670,35742,3763,87483,California
San Joaquin,2021-02-27,5452,128997,1618,65624,3834,63373,0,0,2624,51600,2777,38519,2636,90119,California
San Joaquin,2021-02-28,3082,132079,1106,66730,1976,65349,0,0,2035,52614,1023,39542,2037,92156,California
San Joaquin,2021-03-01,4099,136178,1802,68532,2295,67644,2,2,2325,53190,1758,41300,2334,94490,California
San Joaquin,2021-03-02,4198,140376,1678,70210,2520,70164,0,2,2639,54346,1538,42838,2694,97184,California
San Joaquin,2021-03-03,5769,146145,3428,73638,2339,72503,2,4,4163,56928,1582,44420,4164,101348,California
San Joaquin,2021-03-04,5707,151852,2266,75904,3438,75941,3,7,3730,58700,1962,46382,3734,105082,California
San Joaquin,2021-03-05,4432,156284,1879,77783,2548,78489,5,12,3054,60401,1362,47744,3063,108145,California
San Joaquin,2021-03-06,3292,159576,2170,79953,992,79481,130,142,2710,62665,579,48323,2843,110988,California
San Joaquin,2021-03-07,1215,160791,563,80516,605,80086,47,189,932,63364,265,48588,964,111952,California
San Joaquin,2021-03-08,3142,163933,1261,81777,1756,81842,125,314,2131,64620,999,49587,2255,114207,California
San Joaquin,2021-03-09,4016,167949,1821,83598,2067,83909,128,442,2666,66083,1335,50922,2798,117005,California
San Joaquin,2021-03-10,4637,172586,2465,86063,2034,85943,138,580,3413,68425,1210,52132,3552,120557,California
San Joaquin,2021-03-11,4934,177520,2343,88406,1991,87934,600,1180,2933,69971,1991,54123,3537,124094,California
San Joaquin,2021-03-12,6274,183794,3132,91538,2807,90741,335,1515,4155,72374,2094,56217,4497,128591,California
San Joaquin,2021-03-13,3066,186860,1454,92992,1486,92227,126,1641,2288,74026,770,56987,2422,131013,California
San Joaquin,2021-03-14,2157,189017,669,93661,1185,93412,303,1944,1027,74237,1124,58111,1335,132348,California
San Joaquin,2021-03-15,6067,195084,3493,97154,2170,95582,404,2348,3174,74966,2862,60973,3591,135939,California
San Joaquin,2021-03-16,6842,201926,3895,101049,2690,98272,257,2605,4031,76469,2792,63765,4295,140234,California
San Joaquin,2021-03-17,7789,209715,4668,105717,3051,101323,70,2675,4331,77458,3421,67186,4410,144644,California
San Joaquin,2021-03-18,7632,217347,4487,110204,2639,103962,506,3181,3774,77929,3816,71002,4287,148931,California
San Joaquin,2021-03-19,7923,225270,4644,114848,2737,106699,542,3723,4801,80220,3099,74101,5390,154321,California
San Joaquin,2021-03-20,3677,228947,2125,116973,1308,108007,244,3967,1826,80466,1836,75937,2082,156403,California
San Joaquin,2021-03-21,2106,231053,1494,118467,405,108412,207,4174,1183,80987,913,76850,1434,157837,California
San Joaquin,2021-03-22,3962,235015,2029,120496,1517,109929,416,4590,2341,82142,1607,78457,2762,160599,California
San Joaquin,2021-03-23,5376,240391,2639,123135,2570,112499,167,4757,3710,84378,1648,80105,3884,164483,California
San Joaquin,2021-03-24,6828,247219,4237,127372,2504,115003,87,4844,3021,83719,3775,83880,3116,167599,California
San Joaquin,2021-03-25,5548,252767,3293,130665,2213,117216,42,4886,3292,84825,2235,86115,3341,170940,California
San Joaquin,2021-03-26,6159,258926,2554,133219,3455,120671,150,5036,3240,85340,2894,89009,3409,174349,California
San Joaquin,2021-03-27,4658,263584,2621,135840,1965,122636,72,5108,1807,84401,2828,91837,1889,176238,California
San Joaquin,2021-03-28,2719,266303,1804,137644,890,123526,25,5133,1291,84387,1409,93246,1395,177633,California
San Joaquin,2021-03-29,4033,270336,2177,139821,1833,125359,23,5156,2016,84440,2001,95247,2054,179687,California
San Joaquin,2021-03-30,6208,276544,3158,142979,2958,128317,92,5248,3424,85218,2758,98005,3536,183223,California
San Joaquin,2021-03-31,6582,283126,4147,147126,2374,130691,61,5309,3336,85409,3229,101234,3420,186643,California
San Joaquin,2021-04-01,6398,289524,2970,150096,3342,134033,86,5395,2826,84828,3549,104783,2968,189611,California
San Joaquin,2021-04-02,6323,295847,2876,152972,2956,136989,491,5886,2527,84107,3771,108554,3050,192661,California
San Joaquin,2021-04-03,4133,299980,2329,155301,1479,138468,325,6211,1993,84311,2123,110677,2327,194988,California
San Joaquin,2021-04-04,2278,302258,1363,156664,713,139181,202,6413,1547,85353,722,111399,1764,196752,California
San Joaquin,2021-04-05,4702,306960,2822,159486,1698,140879,182,6595,2633,86118,2060,113459,2825,199577,California
San Joaquin,2021-04-06,7027,313987,4518,164004,2245,143124,264,6859,3327,86050,3674,117133,3606,203183,California
San Joaquin,2021-04-07,8317,322304,4521,168525,2211,145335,1585,8444,3493,86335,4809,121942,5094,208277,California
San Joaquin,2021-04-08,8653,330957,4697,173222,1934,147269,2022,10466,3307,86344,5320,127262,5329,213606,California
San Joaquin,2021-04-09,8848,339805,4266,177488,3026,150295,1556,12022,3208,85510,5617,132879,4783,218389,California
San Joaquin,2021-04-10,5208,345013,1625,179113,1677,151972,1906,13928,1759,85732,3439,136318,3661,222050,California
San Joaquin,2021-04-11,4073,349086,1547,180660,1360,153332,1166,15094,1767,86364,2296,138614,2928,224978,California
San Joaquin,2021-04-12,5963,355049,2375,183035,2052,155384,1536,16630,2328,86617,3616,142230,3869,228847,California
San Joaquin,2021-04-13,7453,362502,4295,187330,3151,158535,7,16637,4569,88338,2863,145093,4584,233431,California
San Joaquin,2021-04-14,7438,369940,3715,191045,3723,162258,0,16637,4453,89833,2967,148060,4462,237893,California
San Joaquin,2021-04-15,7784,377724,4590,195635,3194,165452,0,16637,4349,90786,3402,151462,4355,242248,California
San Joaquin,2021-04-16,7625,385349,4071,199706,3551,169003,3,16640,4574,92348,3025,154487,4587,246835,California
San Joaquin,2021-04-17,5141,390490,2778,202484,2361,171364,2,16642,3649,94533,1482,155969,3667,250502,California
San Joaquin,2021-04-18,2458,392948,1360,203844,1098,172462,0,16642,1307,94712,1136,157105,1315,251817,California
San Joaquin,2021-04-19,5148,398096,2791,206635,2357,174819,0,16642,2758,95114,2366,159471,2768,254585,California
San Joaquin,2021-04-20,6217,404313,3272,209907,2945,177764,0,16642,2948,94830,3242,162713,2958,257543,California
San Joaquin,2021-04-21,5639,409952,3124,213031,2515,180279,0,16642,2919,95082,2674,165387,2926,260469,California
San Joaquin,2021-04-22,5277,415229,3122,216153,2154,182433,1,16643,3056,95960,2195,167582,3073,263542,California
San Joaquin,2021-04-23,5894,421123,2832,218985,3061,185494,1,16644,3748,97586,2128,169710,3754,267296,California
San Joaquin,2021-04-24,5229,426352,3604,222589,1624,187118,1,16645,3411,99209,1795,171505,3418,270714,California
San Joaquin,2021-04-25,3039,429391,2559,225148,480,187598,0,16645,2009,100214,1011,172516,2016,272730,California
San Joaquin,2021-04-26,3909,433300,2589,227737,1318,188916,2,16647,2053,100430,1843,174359,2059,274789,California
San Joaquin,2021-04-27,4486,437786,2602,230339,1835,190751,49,16696,1887,99795,2578,176937,1943,276732,California
San Joaquin,2021-04-28,5510,443296,3317,233656,2118,192869,75,16771,2717,99834,2761,179698,2800,279532,California
San Joaquin,2021-04-29,4813,448109,2813,236469,1944,194813,56,16827,2435,99972,2359,182057,2497,282029,California
San Joaquin,2021-04-30,4900,453009,2399,238868,2434,197247,67,16894,2521,100207,2361,184418,2596,284625,California
San Joaquin,2021-05-01,3303,456312,1900,240768,1344,198591,59,16953,2096,101174,1201,185619,2168,286793,California
San Joaquin,2021-05-02,2282,458594,1588,242356,639,199230,55,17008,1163,101281,1114,186733,1221,288014,California
San Joaquin,2021-05-03,3278,461872,2211,244567,992,200222,75,17083,1367,100831,1899,188632,1449,289463,California
San Joaquin,2021-05-04,4819,466691,3279,247846,1386,201608,154,17237,1770,99736,3029,191661,1934,291397,California
San Joaquin,2021-05-05,4560,471251,3012,250858,1386,202994,162,17399,1804,98975,2734,194395,1973,293370,California
San Joaquin,2021-05-06,4610,475861,3077,253935,1405,204399,128,17527,2035,98588,2559,196954,2172,295542,California
San Joaquin,2021-05-07,5052,480913,2922,256857,1978,206377,152,17679,1871,97460,3160,200114,2032,297574,California
San Joaquin,2021-05-08,3254,484167,2093,258950,1060,207437,101,17780,1203,96736,2036,202150,1312,298886,California
San Joaquin,2021-05-09,1473,485640,835,259785,568,208005,70,17850,592,96525,878,203028,667,299553,California
San Joaquin,2021-05-10,2774,488414,1462,261247,1189,209194,123,17973,911,95715,1850,204878,1040,300593,California
San Joaquin,2021-05-11,4059,492473,2153,263400,1792,210986,114,18087,1300,94411,2745,207623,1441,302034,California
San Joaquin,2021-05-12,3955,496428,1834,265234,2008,212994,113,18200,1228,93052,2713,210336,1354,303388,California
San Joaquin,2021-05-13,4206,500634,2398,267632,1723,214717,85,18285,1570,92096,2623,212959,1667,305055,California
San Joaquin,2021-05-14,5535,506169,3280,270912,2148,216865,107,18392,2270,91239,3242,216201,2385,307440,California
San Joaquin,2021-05-15,5074,511243,3029,273941,1967,218832,78,18470,1609,89493,3436,219637,1690,309130,California
San Joaquin,2021-05-16,3490,514733,2727,276668,714,219546,49,18519,1429,88931,2048,221685,1486,310616,California
San Joaquin,2021-05-17,3748,518481,2144,278812,1507,221053,97,18616,1764,88833,1969,223654,1871,312487,California
San Joaquin,2021-05-18,3814,522295,2187,280999,1514,222567,113,18729,1805,88760,1992,225646,1919,314406,California
San Joaquin,2021-05-19,4486,526781,2564,283563,1799,224366,123,18852,2026,88487,2431,228077,2158,316564,California
San Joaquin,2021-05-20,3433,530214,2153,285716,1197,225563,83,18935,1588,88329,1829,229906,1671,318235,California
San Joaquin,2021-05-21,3962,534176,2300,288016,1558,227121,104,19039,1793,88089,2146,232052,1906,320141,California
San Joaquin,2021-05-22,3266,537442,2033,290049,1156,228277,77,19116,1535,87989,1720,233772,1620,321761,California
San Joaquin,2021-05-23,1933,539375,1673,291722,229,228506,31,19147,1271,88636,656,234428,1303,323064,California
San Joaquin,2021-05-24,2001,541376,1121,292843,819,229325,61,19208,896,88499,1101,235529,964,324028,California
San Joaquin,2021-05-25,135,541511,77,292920,53,229378,5,19213,49,88470,86,235615,57,324085,California
San Luis Obispo,2020-12-16,4,4,4,4,0,0,0,0,4,4,0,0,4,4,California
San Luis Obispo,2020-12-17,196,200,196,200,0,0,0,0,196,200,0,0,196,200,California
San Luis Obispo,2020-12-18,224,424,224,424,0,0,0,0,224,424,0,0,224,424,California
San Luis Obispo,2020-12-19,162,586,162,586,0,0,0,0,162,586,0,0,162,586,California
San Luis Obispo,2020-12-20,215,801,215,801,0,0,0,0,215,801,0,0,215,801,California
San Luis Obispo,2020-12-21,550,1351,549,1350,1,1,0,0,550,1351,0,0,550,1351,California
San Luis Obispo,2020-12-22,311,1662,307,1657,4,5,0,0,311,1662,0,0,311,1662,California
San Luis Obispo,2020-12-23,680,2342,366,2023,314,319,0,0,680,2342,0,0,680,2342,California
San Luis Obispo,2020-12-24,195,2537,19,2042,176,495,0,0,195,2537,0,0,195,2537,California
San Luis Obispo,2020-12-25,2,2539,1,2043,1,496,0,0,2,2539,0,0,2,2539,California
San Luis Obispo,2020-12-26,90,2629,12,2055,78,574,0,0,90,2629,0,0,90,2629,California
San Luis Obispo,2020-12-27,76,2705,0,2055,76,650,0,0,76,2705,0,0,76,2705,California
San Luis Obispo,2020-12-28,879,3584,429,2484,450,1100,0,0,879,3584,0,0,879,3584,California
San Luis Obispo,2020-12-29,903,4487,504,2988,399,1499,0,0,903,4487,0,0,903,4487,California
San Luis Obispo,2020-12-30,1169,5656,678,3666,491,1990,0,0,1169,5656,0,0,1169,5656,California
San Luis Obispo,2020-12-31,107,5763,4,3670,103,2093,0,0,107,5763,0,0,107,5763,California
San Luis Obispo,2021-01-01,13,5776,8,3678,5,2098,0,0,13,5776,0,0,13,5776,California
San Luis Obispo,2021-01-02,34,5810,8,3686,26,2124,0,0,34,5810,0,0,34,5810,California
San Luis Obispo,2021-01-03,16,5826,6,3692,10,2134,0,0,16,5826,0,0,16,5826,California
San Luis Obispo,2021-01-04,681,6507,525,4217,156,2290,0,0,681,6507,0,0,681,6507,California
San Luis Obispo,2021-01-05,972,7479,754,4971,218,2508,0,0,970,7475,2,2,970,7477,California
San Luis Obispo,2021-01-06,727,8206,480,5451,247,2755,0,0,719,8187,7,9,719,8196,California
San Luis Obispo,2021-01-07,1127,9333,949,6400,178,2933,0,0,684,8428,443,452,684,8880,California
San Luis Obispo,2021-01-08,882,10215,804,7204,78,3011,0,0,513,8573,368,820,513,9393,California
San Luis Obispo,2021-01-09,205,10420,195,7399,10,3021,0,0,28,8424,177,997,28,9421,California
San Luis Obispo,2021-01-10,12,10432,8,7407,4,3025,0,0,8,8428,4,1001,8,9429,California
San Luis Obispo,2021-01-11,559,10991,508,7915,51,3076,0,0,298,8466,260,1261,298,9727,California
San Luis Obispo,2021-01-12,598,11589,381,8296,217,3293,0,0,318,8504,280,1541,318,10045,California
San Luis Obispo,2021-01-13,883,12472,256,8552,627,3920,0,0,647,8917,234,1775,647,10692,California
San Luis Obispo,2021-01-14,728,13200,242,8794,486,4406,0,0,602,9406,113,1888,602,11294,California
San Luis Obispo,2021-01-15,727,13927,286,9080,441,4847,0,0,554,9792,168,2056,554,11848,California
San Luis Obispo,2021-01-16,100,14027,81,9161,19,4866,0,0,95,9882,5,2061,95,11943,California
San Luis Obispo,2021-01-17,64,14091,58,9219,6,4872,0,0,64,9946,0,2061,64,12007,California
San Luis Obispo,2021-01-18,1370,15461,387,9606,983,5855,0,0,1108,10792,262,2323,1108,13115,California
San Luis Obispo,2021-01-19,1583,17044,417,10023,1166,7021,0,0,1175,11559,408,2731,1175,14290,California
San Luis Obispo,2021-01-20,1886,18930,597,10620,1289,8310,0,0,1297,12270,587,3318,1298,15588,California
San Luis Obispo,2021-01-21,1571,20501,466,11086,1105,9415,0,0,1200,13104,367,3685,1201,16789,California
San Luis Obispo,2021-01-22,1519,22020,505,11591,1014,10429,0,0,1204,13995,313,3998,1204,17993,California
San Luis Obispo,2021-01-23,311,22331,293,11884,18,10447,0,0,295,14274,16,4014,295,18288,California
San Luis Obispo,2021-01-24,244,22575,236,12120,8,10455,0,0,238,14506,6,4020,238,18526,California
San Luis Obispo,2021-01-25,2075,24650,600,12720,1475,11930,0,0,1246,14923,829,4849,1246,19772,California
San Luis Obispo,2021-01-26,2000,26650,699,13419,1301,13231,0,0,1139,15201,861,5710,1139,20911,California
San Luis Obispo,2021-01-27,1609,28259,283,13702,1326,14557,0,0,1151,15894,458,6168,1151,22062,California
San Luis Obispo,2021-01-28,1496,29755,344,14046,1152,15709,0,0,1234,16868,260,6428,1234,23296,California
San Luis Obispo,2021-01-29,1737,31492,681,14727,1056,16765,0,0,1452,18035,285,6713,1452,24748,California
San Luis Obispo,2021-01-30,38,31530,19,14746,19,16784,0,0,26,18050,11,6724,26,24774,California
San Luis Obispo,2021-01-31,27,31557,19,14765,8,16792,0,0,25,18073,2,6726,25,24799,California
San Luis Obispo,2021-02-01,1707,33264,739,15504,968,17760,0,0,1404,19175,302,7028,1404,26203,California
San Luis Obispo,2021-02-02,1896,35160,678,16182,1218,18978,0,0,1522,20323,374,7402,1522,27725,California
San Luis Obispo,2021-02-03,1708,36868,729,16911,979,19957,0,0,1294,21203,414,7816,1294,29019,California
San Luis Obispo,2021-02-04,1659,38527,802,17713,857,20814,0,0,1093,21730,566,8382,1093,30112,California
San Luis Obispo,2021-02-05,1604,40131,715,18428,889,21703,0,0,1060,22246,545,8927,1061,31173,California
San Luis Obispo,2021-02-06,175,40306,108,18536,67,21770,0,0,95,22261,80,9007,95,31268,California
San Luis Obispo,2021-02-07,125,40431,80,18616,45,21815,0,0,72,22281,53,9060,73,31341,California
San Luis Obispo,2021-02-08,857,41288,469,19085,388,22203,0,0,499,22423,357,9417,499,31840,California
San Luis Obispo,2021-02-09,1123,42411,448,19533,675,22878,0,0,542,22397,575,9992,549,32389,California
San Luis Obispo,2021-02-10,1438,43849,489,20022,949,23827,0,0,531,22025,906,10898,534,32923,California
San Luis Obispo,2021-02-11,1330,45179,843,20865,487,24314,0,0,656,22009,672,11570,656,33579,California
San Luis Obispo,2021-02-12,786,45965,362,21227,424,24738,0,0,421,22065,365,11935,421,34000,California
San Luis Obispo,2021-02-13,394,46359,127,21354,267,25005,0,0,286,22244,107,12042,286,34286,California
San Luis Obispo,2021-02-14,318,46677,41,21395,277,25282,0,0,282,22491,36,12078,283,34569,California
San Luis Obispo,2021-02-15,727,47404,137,21532,590,25872,0,0,473,22711,253,12331,473,35042,California
San Luis Obispo,2021-02-16,2965,50369,1198,22730,1767,27639,0,0,1359,22464,1606,13937,1359,36401,California
San Luis Obispo,2021-02-17,2779,53148,1238,23968,1541,29180,0,0,1029,21752,1741,15678,1029,37430,California
San Luis Obispo,2021-02-18,2827,55975,1460,25428,1367,30547,0,0,1134,21202,1685,17363,1135,38565,California
San Luis Obispo,2021-02-19,1459,57434,1338,26766,121,30668,0,0,1135,22014,323,17686,1135,39700,California
San Luis Obispo,2021-02-20,254,57688,81,26847,173,30841,0,0,216,22192,38,17724,216,39916,California
San Luis Obispo,2021-02-21,57,57745,53,26900,4,30845,0,0,32,22199,25,17749,32,39948,California
San Luis Obispo,2021-02-22,2412,60157,1865,28765,547,31392,0,0,1466,22720,946,18695,1467,41415,California
San Luis Obispo,2021-02-23,1861,62018,1746,30511,115,31507,0,0,1368,23597,492,19187,1369,42784,California
San Luis Obispo,2021-02-24,2645,64663,1301,31812,1344,32851,0,0,835,22625,1807,20994,835,43619,California
San Luis Obispo,2021-02-25,2132,66795,1243,33055,889,33740,0,0,1206,22912,920,21914,1207,44826,California
San Luis Obispo,2021-02-26,2649,69444,1150,34205,1499,35239,0,0,1326,22924,1314,23228,1326,46152,California
San Luis Obispo,2021-02-27,575,70019,349,34554,226,35465,0,0,525,23399,50,23278,525,46677,California
San Luis Obispo,2021-02-28,196,70215,69,34623,127,35592,0,0,161,23526,34,23312,161,46838,California
San Luis Obispo,2021-03-01,2975,73190,1850,36473,1123,36715,2,2,2047,24647,929,24241,2050,48888,California
San Luis Obispo,2021-03-02,3010,76200,1894,38367,1116,37831,0,2,1858,25359,1147,25388,1859,50747,California
San Luis Obispo,2021-03-03,2341,78541,338,38705,2003,39834,0,2,848,24721,1487,26875,849,51596,California
San Luis Obispo,2021-03-04,2196,80737,1160,39865,1036,40870,0,2,1181,24891,1013,27888,1183,52779,California
San Luis Obispo,2021-03-05,2300,83037,1021,40886,1209,42079,70,72,1296,25267,990,28878,1366,54145,California
San Luis Obispo,2021-03-06,837,83874,310,41196,420,42499,107,179,617,25765,220,29098,718,54863,California
San Luis Obispo,2021-03-07,201,84075,33,41229,84,42583,84,263,73,25795,127,29225,157,55020,California
San Luis Obispo,2021-03-08,2737,86812,760,41989,1661,44244,316,579,1542,26462,1191,30416,1858,56878,California
San Luis Obispo,2021-03-09,2949,89761,968,42957,1733,45977,248,827,1525,26815,1420,31836,1773,58651,California
San Luis Obispo,2021-03-10,3195,92956,1241,44198,1672,47649,282,1109,1814,27534,1377,33213,2096,60747,California
San Luis Obispo,2021-03-11,3295,96251,1271,45469,1701,49350,323,1432,1804,28179,1481,34694,2126,62873,California
San Luis Obispo,2021-03-12,3250,99501,1282,46751,1630,50980,338,1770,1616,28510,1626,36320,1957,64830,California
San Luis Obispo,2021-03-13,797,100298,262,47013,426,51406,109,1879,431,28687,365,36685,542,65372,California
San Luis Obispo,2021-03-14,514,100812,53,47066,350,51756,111,1990,134,28553,379,37064,245,65617,California
San Luis Obispo,2021-03-15,3058,103870,1098,48164,1862,53618,98,2088,1529,28656,1525,38589,1628,67245,California
San Luis Obispo,2021-03-16,2848,106718,1510,49674,1228,54846,110,2198,1434,28791,1408,39997,1543,68788,California
San Luis Obispo,2021-03-17,3426,110144,1449,51123,1716,56562,261,2459,1979,29594,1436,41433,2239,71027,California
San Luis Obispo,2021-03-18,2810,112954,1447,52570,1149,57711,214,2673,1337,29676,1468,42901,1550,72577,California
San Luis Obispo,2021-03-19,2589,115543,1567,54137,701,58412,321,2994,957,29332,1624,44525,1280,73857,California
San Luis Obispo,2021-03-20,839,116382,501,54638,301,58713,37,3031,385,29301,453,44978,422,74279,California
San Luis Obispo,2021-03-21,187,116569,45,54683,139,58852,3,3034,157,29432,29,45007,160,74439,California
San Luis Obispo,2021-03-22,2691,119260,1171,55854,1472,60324,48,3082,1871,30535,816,45823,1919,76358,California
San Luis Obispo,2021-03-23,3377,122637,2211,58065,1135,61459,31,3113,2267,31728,1105,46928,2298,78656,California
San Luis Obispo,2021-03-24,3521,126158,2142,60207,1294,62753,85,3198,2624,33544,892,47820,2708,81364,California
San Luis Obispo,2021-03-25,3682,129840,2299,62506,1371,64124,12,3210,2641,35159,1037,48857,2652,84016,California
San Luis Obispo,2021-03-26,3201,133041,1771,64277,997,65121,433,3643,1799,35996,1397,50254,2234,86250,California
San Luis Obispo,2021-03-27,993,134034,507,64784,394,65515,92,3735,452,36001,539,50793,544,86794,California
San Luis Obispo,2021-03-28,446,134480,153,64937,237,65752,56,3791,245,36102,200,50993,301,87095,California
San Luis Obispo,2021-03-29,2583,137063,1284,66221,1166,66918,133,3924,1644,36954,925,51918,1777,88872,California
San Luis Obispo,2021-03-30,3504,140567,1913,68134,1448,68366,143,4067,2333,38263,1165,53083,2474,91346,California
San Luis Obispo,2021-03-31,3877,144444,2467,70601,1264,69630,146,4213,2501,39543,1366,54449,2646,93992,California
San Luis Obispo,2021-04-01,3849,148293,2429,73030,1301,70931,119,4332,2694,41215,1142,55591,2814,96806,California
San Luis Obispo,2021-04-02,1750,150043,689,73719,748,71679,313,4645,950,41678,798,56389,1261,98067,California
San Luis Obispo,2021-04-03,1109,151152,557,74276,425,72104,127,4772,492,41684,613,57002,619,98686,California
San Luis Obispo,2021-04-04,383,151535,131,74407,212,72316,40,4812,236,41813,147,57149,276,98962,California
San Luis Obispo,2021-04-05,3617,155152,1949,76356,1557,73873,111,4923,2025,42363,1589,58738,2139,101101,California
San Luis Obispo,2021-04-06,4049,159201,2154,78510,1572,75445,323,5246,1936,42529,2104,60842,2270,103371,California
San Luis Obispo,2021-04-07,4296,163497,2341,80851,1590,77035,365,5611,2451,43518,1830,62672,2819,106190,California
San Luis Obispo,2021-04-08,4029,167526,2192,83043,1434,78469,403,6014,2147,44194,1875,64547,2551,108741,California
San Luis Obispo,2021-04-09,3656,171182,1739,84782,1161,79630,756,6770,1500,44298,2147,66694,2251,110992,California
San Luis Obispo,2021-04-10,1576,172758,557,85339,355,79985,664,7434,487,44358,1089,67783,1149,112141,California
San Luis Obispo,2021-04-11,312,173070,63,85402,186,80171,63,7497,125,44361,185,67968,188,112329,California
San Luis Obispo,2021-04-12,3374,176444,1696,87098,1515,81686,163,7660,1410,43969,1964,69932,1572,113901,California
San Luis Obispo,2021-04-13,3642,180086,2099,89197,1542,83228,1,7661,1967,44265,1673,71605,1969,115870,California
San Luis Obispo,2021-04-14,2866,182952,1695,90892,1168,84396,3,7664,1669,44749,1185,72790,1669,117539,California
San Luis Obispo,2021-04-15,3697,186649,2407,93299,1289,85685,1,7665,1978,45028,1701,74491,1980,119519,California
San Luis Obispo,2021-04-16,3629,190278,2211,95510,1414,87099,4,7669,1791,44987,1834,76325,1793,121312,California
San Luis Obispo,2021-04-17,1090,191368,431,95941,657,87756,2,7671,708,45316,381,76706,710,122022,California
San Luis Obispo,2021-04-18,321,191689,99,96040,221,87977,1,7672,111,45220,207,76913,111,122133,California
San Luis Obispo,2021-04-19,3154,194843,1306,97346,1810,89787,38,7710,1131,44372,2019,78932,1171,123304,California
San Luis Obispo,2021-04-20,3570,198413,1976,99322,1594,91381,0,7710,1352,43519,2206,81138,1353,124657,California
San Luis Obispo,2021-04-21,3911,202324,1801,101123,2110,93491,0,7710,1593,42813,2299,83437,1593,126250,California
San Luis Obispo,2021-04-22,4576,206900,2054,103177,2522,96013,0,7710,1436,41128,3123,86560,1438,127688,California
San Luis Obispo,2021-04-23,1458,208358,842,104019,612,96625,4,7714,698,41081,756,87316,709,128397,California
San Luis Obispo,2021-04-24,1078,209436,439,104458,620,97245,19,7733,500,41019,581,87897,519,128916,California
San Luis Obispo,2021-04-25,346,209782,161,104619,185,97430,0,7733,113,40900,232,88129,113,129029,California
San Luis Obispo,2021-04-26,963,210745,336,104955,610,98040,17,7750,356,40677,595,88724,372,129401,California
San Luis Obispo,2021-04-27,3699,214444,1916,106871,1714,99754,69,7819,1430,39913,2262,90986,1498,130899,California
San Luis Obispo,2021-04-28,3729,218173,2089,108960,1568,101322,72,7891,1283,38835,2433,93419,1355,132254,California
San Luis Obispo,2021-04-29,3660,221833,2112,111072,1479,102801,69,7960,1214,37687,2432,95851,1284,133538,California
San Luis Obispo,2021-04-30,2970,224803,1666,112738,1231,104032,73,8033,929,36660,2027,97878,1000,134538,California
San Luis Obispo,2021-05-01,471,225274,160,112898,275,104307,36,8069,100,36428,367,98245,135,134673,California
San Luis Obispo,2021-05-02,170,225444,52,112950,98,104405,20,8089,42,36362,128,98373,62,134735,California
San Luis Obispo,2021-05-03,887,226331,290,113240,494,104899,103,8192,225,36027,661,99034,326,135061,California
San Luis Obispo,2021-05-04,2923,229254,1897,115137,963,105862,63,8255,865,34902,2051,101085,926,135987,California
San Luis Obispo,2021-05-05,2802,232056,1850,116987,886,106748,66,8321,691,33560,2100,103185,758,136745,California
San Luis Obispo,2021-05-06,2787,234843,1886,118873,849,107597,52,8373,730,32300,2042,105227,782,137527,California
San Luis Obispo,2021-05-07,2310,237153,1753,120626,496,108093,61,8434,608,31288,1682,106909,670,138197,California
San Luis Obispo,2021-05-08,566,237719,333,120959,209,108302,24,8458,191,31146,357,107266,215,138412,California
San Luis Obispo,2021-05-09,164,237883,41,121000,104,108406,19,8477,46,31094,117,107383,65,138477,California
San Luis Obispo,2021-05-10,718,238601,151,121151,519,108925,48,8525,154,30736,559,107942,201,138678,California
San Luis Obispo,2021-05-11,1165,239766,596,121747,499,109424,70,8595,359,30363,802,108744,429,139107,California
San Luis Obispo,2021-05-12,2359,242125,1576,123323,701,110125,82,8677,672,29445,1672,110416,754,139861,California
San Luis Obispo,2021-05-13,1033,243158,650,123973,324,110449,59,8736,442,29358,587,111003,500,140361,California
San Luis Obispo,2021-05-14,2188,245346,1618,125591,529,110978,41,8777,921,29069,1251,112254,962,141323,California
San Luis Obispo,2021-05-15,988,246334,457,126048,497,111475,34,8811,469,29056,517,112771,504,141827,California
San Luis Obispo,2021-05-16,304,246638,163,126211,135,111610,6,8817,172,29103,131,112902,178,142005,California
San Luis Obispo,2021-05-17,1656,248294,963,127174,642,112252,51,8868,668,28844,979,113881,720,142725,California
San Luis Obispo,2021-05-18,1885,250179,1150,128324,703,112955,32,8900,728,28453,1152,115033,761,143486,California
San Luis Obispo,2021-05-19,1440,251619,621,128945,757,113712,62,8962,415,27909,1020,116053,476,143962,California
San Luis Obispo,2021-05-20,966,252585,442,129387,493,114205,31,8993,271,27526,685,116738,302,144264,California
San Luis Obispo,2021-05-21,851,253436,487,129874,330,114535,34,9027,403,27524,439,117177,437,144701,California
San Luis Obispo,2021-05-22,529,253965,281,130155,223,114758,25,9052,283,27591,240,117417,307,145008,California
San Luis Obispo,2021-05-23,73,254038,42,130197,27,114785,4,9056,33,27588,40,117457,37,145045,California
San Luis Obispo,2021-05-24,558,254596,261,130458,262,115047,35,9091,218,27503,338,117795,253,145298,California
San Luis Obispo,2021-05-25,73,254669,19,130477,50,115097,4,9095,29,27493,43,117838,33,145331,California
San Mateo,2020-12-15,26,26,26,26,0,0,0,0,26,26,0,0,26,26,California
San Mateo,2020-12-16,110,136,110,136,0,0,0,0,110,136,0,0,110,136,California
San Mateo,2020-12-17,164,300,164,300,0,0,0,0,164,300,0,0,164,300,California
San Mateo,2020-12-18,740,1040,738,1038,2,2,0,0,740,1040,0,0,740,1040,California
San Mateo,2020-12-19,514,1554,514,1552,0,2,0,0,514,1554,0,0,514,1554,California
San Mateo,2020-12-20,510,2064,509,2061,1,3,0,0,510,2064,0,0,510,2064,California
San Mateo,2020-12-21,1156,3220,1156,3217,0,3,0,0,1156,3220,0,0,1156,3220,California
San Mateo,2020-12-22,1528,4748,1520,4737,8,11,0,0,1528,4748,0,0,1528,4748,California
San Mateo,2020-12-23,1583,6331,1393,6130,190,201,0,0,1583,6331,0,0,1583,6331,California
San Mateo,2020-12-24,870,7201,613,6743,257,458,0,0,870,7201,0,0,870,7201,California
San Mateo,2020-12-25,116,7317,112,6855,4,462,0,0,116,7317,0,0,116,7317,California
San Mateo,2020-12-26,562,7879,419,7274,143,605,0,0,562,7879,0,0,562,7879,California
San Mateo,2020-12-27,305,8184,175,7449,130,735,0,0,305,8184,0,0,305,8184,California
San Mateo,2020-12-28,1057,9241,711,8160,346,1081,0,0,1057,9241,0,0,1057,9241,California
San Mateo,2020-12-29,1130,10371,705,8865,425,1506,0,0,1130,10371,0,0,1130,10371,California
San Mateo,2020-12-30,1264,11635,759,9624,505,2011,0,0,1264,11635,0,0,1264,11635,California
San Mateo,2020-12-31,718,12353,231,9855,487,2498,0,0,717,12351,1,1,717,12352,California
San Mateo,2021-01-01,83,12436,55,9910,28,2526,0,0,83,12434,0,1,83,12435,California
San Mateo,2021-01-02,398,12834,268,10178,130,2656,0,0,398,12832,0,1,398,12833,California
San Mateo,2021-01-03,284,13118,209,10387,75,2731,0,0,281,13110,3,4,281,13114,California
San Mateo,2021-01-04,1051,14169,678,11065,373,3104,0,0,1051,14161,0,4,1051,14165,California
San Mateo,2021-01-05,1206,15375,710,11775,496,3600,0,0,1177,15310,29,33,1178,15343,California
San Mateo,2021-01-06,1453,16828,954,12729,499,4099,0,0,1269,16399,181,214,1270,16613,California
San Mateo,2021-01-07,1457,18285,810,13539,647,4746,0,0,1168,17286,282,496,1169,17782,California
San Mateo,2021-01-08,1843,20128,1193,14732,650,5396,0,0,1147,17745,689,1185,1148,18930,California
San Mateo,2021-01-09,1178,21306,776,15508,402,5798,0,0,720,18007,458,1643,720,19650,California
San Mateo,2021-01-10,706,22012,580,16088,126,5924,0,0,266,17833,440,2083,266,19916,California
San Mateo,2021-01-11,2598,24610,1490,17578,1108,7032,0,0,1526,18288,1073,3156,1528,21444,California
San Mateo,2021-01-12,3404,28014,1896,19474,1508,8540,0,0,2215,19320,1187,4343,2219,23663,California
San Mateo,2021-01-13,3390,31404,1656,21130,1734,10274,0,0,2356,20644,1034,5377,2358,26021,California
San Mateo,2021-01-14,3782,35186,1587,22717,2195,12469,0,0,3095,23057,687,6064,3100,29121,California
San Mateo,2021-01-15,4325,39511,1708,24425,2617,15086,0,0,3794,26324,529,6593,3796,32917,California
San Mateo,2021-01-16,3073,42584,764,25189,2309,17395,0,0,2751,28754,322,6915,2752,35669,California
San Mateo,2021-01-17,1314,43898,308,25497,1006,18401,0,0,1106,29652,208,7123,1106,36775,California
San Mateo,2021-01-18,1368,45266,534,26031,834,19235,0,0,994,30275,371,7494,994,37769,California
San Mateo,2021-01-19,2801,48067,1796,27827,1005,20240,0,0,2006,31489,792,8286,2006,39775,California
San Mateo,2021-01-20,2804,50871,1547,29374,1257,21497,0,0,1961,32611,840,9126,1962,41737,California
San Mateo,2021-01-21,2859,53730,1302,30676,1557,23054,0,0,2266,34289,591,9717,2269,44006,California
San Mateo,2021-01-22,2801,56531,1138,31814,1663,24717,0,0,2501,36493,298,10015,2502,46508,California
San Mateo,2021-01-23,2881,59412,1689,33503,1192,25909,0,0,2518,38649,363,10378,2519,49027,California
San Mateo,2021-01-24,1519,60931,375,33878,1144,27053,0,0,1208,39548,310,10688,1209,50236,California
San Mateo,2021-01-25,4434,65365,3155,37033,1279,28332,0,0,3533,42186,899,11587,3537,53773,California
San Mateo,2021-01-26,4293,69658,2979,40012,1314,29646,0,0,3378,44651,914,12501,3379,57152,California
San Mateo,2021-01-27,2784,72442,1466,41478,1318,30964,0,0,1792,45458,986,13487,1793,58945,California
San Mateo,2021-01-28,2800,75242,1355,42833,1445,32409,0,0,1947,46567,838,14325,1947,60892,California
San Mateo,2021-01-29,2986,78228,1345,44178,1641,34050,0,0,2148,47882,836,15161,2151,63043,California
San Mateo,2021-01-30,3410,81638,1482,45660,1928,35978,0,0,2951,50376,458,15619,2952,65995,California
San Mateo,2021-01-31,1679,83317,896,46556,783,36761,0,0,1517,51732,161,15780,1517,67512,California
San Mateo,2021-02-01,2936,86253,1353,47909,1583,38344,0,0,2219,53239,713,16493,2220,69732,California
San Mateo,2021-02-02,3171,89424,1730,49639,1441,39785,0,0,2157,54385,1011,17504,2157,71889,California
San Mateo,2021-02-03,4994,94418,2059,51698,2935,42720,0,0,3849,57093,1142,18646,3850,75739,California
San Mateo,2021-02-04,6196,100614,2494,54192,3702,46422,0,0,4919,60744,1272,19918,4923,80662,California
San Mateo,2021-02-05,6800,107414,2554,56746,4246,50668,0,0,4973,63907,1810,21728,4973,85635,California
San Mateo,2021-02-06,3279,110693,1914,58660,1365,52033,0,0,2624,65879,654,22382,2626,88261,California
San Mateo,2021-02-07,1905,112598,1352,60012,553,52586,0,0,1713,67400,192,22574,1713,89974,California
San Mateo,2021-02-08,5287,117885,2255,62267,3032,55618,0,0,3111,68400,2111,24685,3111,93085,California
San Mateo,2021-02-09,6188,124073,3226,65493,2962,58580,0,0,3340,68898,2842,27527,3340,96425,California
San Mateo,2021-02-10,6512,130585,3279,68772,3233,61813,0,0,3424,69244,3078,30605,3424,99849,California
San Mateo,2021-02-11,7048,137633,3574,72346,3474,65287,0,0,3789,69786,3250,33855,3792,103641,California
San Mateo,2021-02-12,6629,144262,2958,75304,3671,68958,0,0,4701,72563,1926,35781,4703,108344,California
San Mateo,2021-02-13,6118,150380,4019,79323,2099,71057,0,0,2640,71730,3473,39254,2640,110984,California
San Mateo,2021-02-14,4642,155022,3024,82347,1618,72675,0,0,1986,71068,2649,41903,1987,112971,California
San Mateo,2021-02-15,3166,158188,1456,83803,1710,74385,0,0,1790,71489,1370,43273,1791,114762,California
San Mateo,2021-02-16,7150,165338,1882,85685,5268,79653,0,0,5277,74897,1871,45144,5279,120041,California
San Mateo,2021-02-17,7078,172416,1951,87636,5127,84780,0,0,5061,77947,2013,47157,5063,125104,California
San Mateo,2021-02-18,6661,179077,4597,92233,2064,86844,0,0,4435,80163,2222,49379,4438,129542,California
San Mateo,2021-02-19,7778,186855,5585,97818,2193,89037,0,0,5778,83948,1993,51372,5778,135320,California
San Mateo,2021-02-20,3736,190591,2422,100240,1314,90351,0,0,2306,84831,1423,52795,2306,137626,California
San Mateo,2021-02-21,2610,193201,1770,102010,840,91191,0,0,1563,85354,1040,53835,1563,139189,California
San Mateo,2021-02-22,4430,197631,3213,105223,1217,92408,0,0,2799,86529,1625,55460,2800,141989,California
San Mateo,2021-02-23,4348,201979,3106,108329,1242,93650,0,0,2539,87267,1801,57261,2539,144528,California
San Mateo,2021-02-24,7309,209288,3286,111615,4023,97673,0,0,4881,89727,2422,59683,4882,149410,California
San Mateo,2021-02-25,9113,218401,4029,115644,5084,102757,0,0,6034,92700,3062,62745,6035,155445,California
San Mateo,2021-02-26,9772,228173,3723,119367,6049,108806,0,0,6847,96640,2911,65656,6851,162296,California
San Mateo,2021-02-27,6791,234964,3498,122865,3292,112098,1,1,3683,97227,3102,68758,3689,165985,California
San Mateo,2021-02-28,4134,239098,2519,125384,1615,113713,0,1,2557,98214,1571,70329,2558,168543,California
San Mateo,2021-03-01,5739,244837,3618,129002,2119,115832,2,3,2860,98210,2866,73195,2862,171405,California
San Mateo,2021-03-02,6263,251100,4453,133455,1809,117641,1,4,3634,99225,2621,75816,3636,175041,California
San Mateo,2021-03-03,8458,259558,3986,137441,4470,122111,2,6,3656,98093,4790,80606,3658,178699,California
San Mateo,2021-03-04,8497,268055,3999,141440,4495,126606,3,9,3842,97305,4635,85241,3847,182546,California
San Mateo,2021-03-05,9350,277405,6237,147677,3109,129715,4,13,6573,101128,2757,87998,6580,189126,California
San Mateo,2021-03-06,7963,285368,5551,153228,2237,131952,175,188,5846,105040,2108,90106,6020,195146,California
San Mateo,2021-03-07,3603,288971,2447,155675,1088,133040,68,256,2132,105773,1467,91573,2200,197346,California
San Mateo,2021-03-08,4543,293514,2578,158253,1748,134788,217,473,3318,108088,1218,92791,3533,200879,California
San Mateo,2021-03-09,5328,298842,2866,161119,2185,136973,277,750,3739,110521,1579,94370,4012,204891,California
San Mateo,2021-03-10,7195,306037,2911,164030,3999,140972,285,1035,4810,113243,2372,96742,5094,209985,California
San Mateo,2021-03-11,9144,315181,5754,169784,2997,143969,393,1428,3728,111977,5386,102128,4120,214105,California
San Mateo,2021-03-12,10589,325770,6678,176462,3525,147494,386,1814,3577,108948,6994,109122,3965,218070,California
San Mateo,2021-03-13,8210,333980,3507,179969,3073,150567,1630,3444,3977,110326,4221,113343,5599,223669,California
San Mateo,2021-03-14,5002,338982,3374,183343,1521,152088,107,3551,2667,110771,2328,115671,2773,226442,California
San Mateo,2021-03-15,7214,346196,4664,188007,2374,154462,176,3727,3803,111346,3405,119076,3980,230422,California
San Mateo,2021-03-16,11953,358149,4402,192409,7429,161891,122,3849,4830,109195,7106,126182,4955,235377,California
San Mateo,2021-03-17,10864,369013,4430,196839,6308,168199,126,3975,4907,108302,5930,132112,5037,240414,California
San Mateo,2021-03-18,7303,376316,4106,200945,3014,171213,183,4158,4335,109857,2962,135074,4517,244931,California
San Mateo,2021-03-19,7475,383791,4840,205785,1968,173181,667,4825,3652,110363,3813,138887,4319,249250,California
San Mateo,2021-03-20,8419,392210,6532,212317,1546,174727,341,5166,5430,113157,2976,141863,5770,255020,California
San Mateo,2021-03-21,4249,396459,3218,215535,797,175524,234,5400,2379,113908,1859,143722,2610,257630,California
San Mateo,2021-03-22,5284,401743,3603,219138,1264,176788,417,5817,2838,114731,2433,146155,3256,260886,California
San Mateo,2021-03-23,9838,411581,4502,223640,5140,181928,196,6013,4421,113960,5387,151542,4616,265502,California
San Mateo,2021-03-24,9521,421102,5515,229155,3863,185791,143,6156,4095,112841,5355,156897,4236,269738,California
San Mateo,2021-03-25,10133,431235,4973,234128,4880,190671,280,6436,4452,111998,5578,162475,4735,274473,California
San Mateo,2021-03-26,11280,442515,7776,241904,3338,194009,166,6602,4354,109638,6887,169362,4527,279000,California
San Mateo,2021-03-27,10577,453092,8101,250005,2370,196379,106,6708,4672,108527,5886,175248,4775,283775,California
San Mateo,2021-03-28,4305,457397,2793,252798,1400,197779,112,6820,2016,108376,2280,177528,2129,285904,California
San Mateo,2021-03-29,6067,463464,3787,256585,2028,199807,252,7072,2761,108102,3287,180815,3013,288917,California
San Mateo,2021-03-30,7160,470624,4091,260676,2916,202723,153,7225,3843,108798,3301,184116,3997,292914,California
San Mateo,2021-03-31,7305,477929,4625,265301,2538,205261,142,7367,3859,109371,3428,187544,4001,296915,California
San Mateo,2021-04-01,10606,488535,5240,270541,4157,209418,1209,8576,5690,111395,4871,192415,6895,303810,California
San Mateo,2021-04-02,10887,499422,5220,275761,4053,213471,1614,10190,5707,113556,5160,197575,7321,311131,California
San Mateo,2021-04-03,10001,509423,5750,281511,2472,215943,1779,11969,5116,115574,4877,202452,6895,318026,California
San Mateo,2021-04-04,5452,514875,2626,284137,1572,217515,1254,13223,1707,114804,3730,206182,2960,320986,California
San Mateo,2021-04-05,8981,523856,4790,288927,2457,219972,1734,14957,3830,115230,5135,211317,5561,326547,California
San Mateo,2021-04-06,13216,537072,8249,297176,3109,223081,1858,16815,7516,118922,5687,217004,9379,335926,California
San Mateo,2021-04-07,11424,548496,5276,302452,4457,227538,1691,18506,4848,118903,6555,223559,6536,342462,California
San Mateo,2021-04-08,10149,558645,5055,307507,2500,230038,2594,21100,4502,120357,5631,229190,7085,349547,California
San Mateo,2021-04-09,11276,569921,5487,312994,3313,233351,2476,23576,5046,121645,6228,235418,7516,357063,California
San Mateo,2021-04-10,11196,581117,5679,318673,4082,237433,1435,25011,4617,121139,6553,241971,6047,363110,California
San Mateo,2021-04-11,6622,587739,3290,321963,873,238306,2459,27470,2300,121579,4314,246285,4754,367864,California
San Mateo,2021-04-12,7311,595050,4467,326430,1883,240189,961,28431,3528,122306,3762,250047,4489,372353,California
San Mateo,2021-04-13,8157,603207,5087,331517,3061,243250,9,28440,4314,122796,3835,253882,4325,376678,California
San Mateo,2021-04-14,8308,611515,5368,336885,2939,246189,1,28441,4253,123019,4038,257920,4261,380939,California
San Mateo,2021-04-15,11098,622613,7376,344261,3720,249909,2,28443,7257,126463,3816,261736,7260,388199,California
San Mateo,2021-04-16,9975,632588,6870,351131,3089,252998,16,28459,6323,129173,3634,265370,6344,394543,California
San Mateo,2021-04-17,9758,642346,6474,357605,3282,256280,2,28461,6160,131752,3588,268958,6167,400710,California
San Mateo,2021-04-18,5427,647773,2592,360197,2835,259115,0,28461,3658,133657,1759,270717,3664,404374,California
San Mateo,2021-04-19,8381,656154,5450,365647,2931,262046,0,28461,5448,136193,2921,273638,5457,409831,California
San Mateo,2021-04-20,10307,666461,5739,371386,4567,266613,1,28462,6635,139187,3652,277290,6646,416477,California
San Mateo,2021-04-21,9006,675467,6082,377468,2924,269537,0,28462,5563,141328,3428,280718,5569,422046,California
San Mateo,2021-04-22,9587,685054,6407,383875,3179,272716,1,28463,5322,142421,4234,284952,5327,427373,California
San Mateo,2021-04-23,9450,694504,6209,390084,3241,275957,0,28463,5298,143607,4127,289079,5313,432686,California
San Mateo,2021-04-24,11263,705767,8032,398116,3231,279188,0,28463,5807,143986,5436,294515,5815,438501,California
San Mateo,2021-04-25,5531,711298,3864,401980,1665,280853,2,28465,3930,146339,1588,296103,3941,442442,California
San Mateo,2021-04-26,6322,717620,4621,406601,1693,282546,8,28473,3646,147338,2666,298769,3665,446107,California
San Mateo,2021-04-27,10998,728618,7824,414425,3069,285615,105,28578,4434,145347,6535,305304,4544,450651,California
San Mateo,2021-04-28,7673,736291,4431,418856,3038,288653,204,28782,4016,145922,3649,308953,4224,454875,California
San Mateo,2021-04-29,7925,744216,3715,422571,4036,292689,174,28956,3508,145226,4390,313343,3694,458569,California
San Mateo,2021-04-30,8075,752291,5066,427637,2855,295544,154,29110,3412,144164,4642,317985,3580,462149,California
San Mateo,2021-05-01,6149,758440,4122,431759,1909,297453,118,29228,2661,143481,3473,321458,2790,464939,California
San Mateo,2021-05-02,3177,761617,1741,433500,1365,298818,71,29299,1147,142681,2022,323480,1222,466161,California
San Mateo,2021-05-03,5982,767599,4463,437963,1375,300193,144,29443,1845,140541,4129,327609,1989,468150,California
San Mateo,2021-05-04,7230,774829,4895,442858,2164,302357,171,29614,2458,138424,4758,332367,2641,470791,California
San Mateo,2021-05-05,6791,781620,4420,447278,2210,304567,161,29775,2373,136569,4391,336758,2536,473327,California
San Mateo,2021-05-06,8517,790137,6644,453922,1699,306266,174,29949,1737,131722,6763,343521,1916,475243,California
San Mateo,2021-05-07,8185,798322,5852,459774,2048,308314,285,30234,1832,127523,6327,349848,2128,477371,California
San Mateo,2021-05-08,6644,804966,4022,463796,2383,310697,239,30473,1832,124799,4800,354648,2076,479447,California
San Mateo,2021-05-09,3113,808079,2427,466223,612,311309,74,30547,1058,123883,2048,356696,1132,480579,California
San Mateo,2021-05-10,4607,812686,3316,469539,1121,312430,170,30717,767,120997,3831,360527,945,481524,California
San Mateo,2021-05-11,6480,819166,4858,474397,1509,313939,113,30830,1661,117968,4804,365331,1775,483299,California
San Mateo,2021-05-12,6391,825557,4611,479008,1590,315529,190,31020,1533,114845,4849,370180,1726,485025,California
San Mateo,2021-05-13,8912,834469,6678,485686,2148,317677,86,31106,3283,112625,5598,375778,3378,488403,California
San Mateo,2021-05-14,8329,842798,6145,491831,2073,319750,111,31217,2700,109827,5616,381394,2818,491221,California
San Mateo,2021-05-15,10361,853159,8070,499901,2190,321940,101,31318,4528,108659,5819,387213,4651,495872,California
San Mateo,2021-05-16,7090,860249,5036,504937,1985,323925,69,31387,2138,105932,4935,392148,2208,498080,California
San Mateo,2021-05-17,7028,867277,4976,509913,1944,325869,108,31495,2208,103445,4806,396954,2319,500399,California
San Mateo,2021-05-18,8290,875567,5672,515585,2522,328391,96,31591,3027,101434,5138,402092,3127,503526,California
San Mateo,2021-05-19,7573,883140,5587,521172,1865,330256,121,31712,3443,100917,4082,406174,3565,507091,California
San Mateo,2021-05-20,4756,887896,3059,524231,1606,331862,91,31803,2030,100330,2707,408881,2120,509211,California
San Mateo,2021-05-21,6023,893919,4255,528486,1670,333532,98,31901,1698,97815,4309,413190,1794,511005,California
San Mateo,2021-05-22,5358,899277,3744,532230,1576,335108,38,31939,2184,96879,3159,416349,2223,513228,California
San Mateo,2021-05-23,2392,901669,1404,533634,934,336042,54,31993,966,96479,1420,417769,1020,514248,California
San Mateo,2021-05-24,3220,904889,2067,535701,1012,337054,141,32134,1031,95479,2170,419939,1170,515418,California
San Mateo,2021-05-25,2973,907862,2046,537747,841,337895,86,32220,968,94540,1993,421932,1054,516472,California
Santa Barbara,2020-12-15,2,2,2,2,0,0,0,0,2,2,0,0,2,2,California
Santa Barbara,2020-12-16,2,4,2,4,0,0,0,0,2,4,0,0,2,4,California
Santa Barbara,2020-12-17,56,60,56,60,0,0,0,0,56,60,0,0,56,60,California
Santa Barbara,2020-12-18,379,439,378,438,1,1,0,0,379,439,0,0,379,439,California
Santa Barbara,2020-12-19,325,764,325,763,0,1,0,0,325,764,0,0,325,764,California
Santa Barbara,2020-12-20,235,999,235,998,0,1,0,0,235,999,0,0,235,999,California
Santa Barbara,2020-12-21,653,1652,651,1649,2,3,0,0,653,1652,0,0,653,1652,California
Santa Barbara,2020-12-22,245,1897,243,1892,2,5,0,0,245,1897,0,0,245,1897,California
Santa Barbara,2020-12-23,322,2219,204,2096,118,123,0,0,322,2219,0,0,322,2219,California
Santa Barbara,2020-12-24,88,2307,40,2136,48,171,0,0,88,2307,0,0,88,2307,California
Santa Barbara,2020-12-26,326,2633,66,2202,260,431,0,0,326,2633,0,0,326,2633,California
Santa Barbara,2020-12-27,62,2695,1,2203,61,492,0,0,62,2695,0,0,62,2695,California
Santa Barbara,2020-12-28,356,3051,223,2426,133,625,0,0,356,3051,0,0,356,3051,California
Santa Barbara,2020-12-29,553,3604,358,2784,195,820,0,0,553,3604,0,0,553,3604,California
Santa Barbara,2020-12-30,578,4182,395,3179,183,1003,0,0,578,4182,0,0,578,4182,California
Santa Barbara,2020-12-31,240,4422,114,3293,126,1129,0,0,240,4422,0,0,240,4422,California
Santa Barbara,2021-01-01,115,4537,110,3403,5,1134,0,0,115,4537,0,0,115,4537,California
Santa Barbara,2021-01-02,588,5125,223,3626,365,1499,0,0,588,5125,0,0,588,5125,California
Santa Barbara,2021-01-03,23,5148,15,3641,8,1507,0,0,23,5148,0,0,23,5148,California
Santa Barbara,2021-01-04,305,5453,242,3883,63,1570,0,0,304,5452,0,0,304,5452,California
Santa Barbara,2021-01-05,751,6204,378,4261,373,1943,0,0,724,6149,27,27,724,6176,California
Santa Barbara,2021-01-06,656,6860,276,4537,380,2323,0,0,595,6684,60,87,595,6771,California
Santa Barbara,2021-01-07,1033,7893,710,5247,323,2646,0,0,528,6711,501,588,528,7299,California
Santa Barbara,2021-01-08,1205,9098,845,6092,360,3006,0,0,711,6928,494,1082,711,8010,California
Santa Barbara,2021-01-09,566,9664,293,6385,273,3279,0,0,320,7002,246,1328,320,8330,California
Santa Barbara,2021-01-10,62,9726,50,6435,12,3291,0,0,46,7032,16,1344,46,8376,California
Santa Barbara,2021-01-11,839,10565,670,7105,169,3460,0,0,615,7424,223,1567,615,8991,California
Santa Barbara,2021-01-12,1434,11999,640,7745,794,4254,0,0,1278,8546,156,1723,1278,10269,California
Santa Barbara,2021-01-13,1219,13218,271,8016,948,5202,0,0,1092,9511,127,1850,1092,11361,California
Santa Barbara,2021-01-14,1253,14471,135,8151,1118,6320,0,0,1198,10656,54,1904,1199,12560,California
Santa Barbara,2021-01-15,1800,16271,419,8570,1381,7701,0,0,1719,12295,80,1984,1719,14279,California
Santa Barbara,2021-01-16,1270,17541,200,8770,1070,8771,0,0,1231,13488,38,2022,1231,15510,California
Santa Barbara,2021-01-17,123,17664,20,8790,103,8874,0,0,120,13605,3,2025,120,15630,California
Santa Barbara,2021-01-18,1152,18816,418,9208,734,9608,0,0,967,14387,185,2210,967,16597,California
Santa Barbara,2021-01-19,1639,20455,570,9778,1069,10677,0,0,1361,15471,277,2487,1361,17958,California
Santa Barbara,2021-01-20,2096,22551,545,10323,1551,12228,0,0,1741,16858,354,2841,1741,19699,California
Santa Barbara,2021-01-21,3182,25733,1910,12233,1272,13500,0,0,3023,19723,159,3000,3024,22723,California
Santa Barbara,2021-01-22,2926,28659,1772,14005,1154,14654,0,0,2762,22325,161,3161,2763,25486,California
Santa Barbara,2021-01-23,1733,30392,1105,15110,628,15282,0,0,1224,23041,508,3669,1224,26710,California
Santa Barbara,2021-01-24,843,31235,751,15861,92,15374,0,0,834,23866,9,3678,834,27544,California
Santa Barbara,2021-01-25,1242,32477,498,16359,744,16118,0,0,1005,24634,237,3915,1005,28549,California
Santa Barbara,2021-01-26,2045,34522,463,16822,1582,17700,0,0,1661,25913,382,4297,1661,30210,California
Santa Barbara,2021-01-27,1163,35685,400,17222,763,18463,0,0,901,26555,261,4558,903,31113,California
Santa Barbara,2021-01-28,892,36577,295,17517,597,19060,0,0,678,27022,211,4769,678,31791,California
Santa Barbara,2021-01-29,1333,37910,536,18053,797,19857,0,0,979,27652,351,5120,981,32772,California
Santa Barbara,2021-01-30,1892,39802,1420,19473,472,20329,0,0,1487,28737,402,5522,1487,34259,California
Santa Barbara,2021-01-31,1453,41255,1215,20688,238,20567,0,0,1414,30112,39,5561,1414,35673,California
Santa Barbara,2021-02-01,953,42208,529,21217,424,20991,0,0,556,30271,397,5958,556,36229,California
Santa Barbara,2021-02-02,1808,44016,679,21896,1129,22120,0,0,1044,30554,761,6719,1044,37273,California
Santa Barbara,2021-02-03,1940,45956,1077,22973,863,22983,0,0,1500,31624,430,7149,1500,38773,California
Santa Barbara,2021-02-04,2779,48735,1865,24838,914,23897,0,0,2482,33815,291,7440,2482,41255,California
Santa Barbara,2021-02-05,2900,51635,2057,26895,843,24740,0,0,2259,35435,639,8079,2259,43514,California
Santa Barbara,2021-02-06,1204,52839,339,27234,865,25605,0,0,794,35819,410,8489,794,44308,California
Santa Barbara,2021-02-07,301,53140,263,27497,38,25643,0,0,266,36051,34,8523,266,44574,California
Santa Barbara,2021-02-08,955,54095,311,27808,644,26287,0,0,665,36426,290,8813,665,45239,California
Santa Barbara,2021-02-09,2438,56533,313,28121,2125,28412,0,0,1119,36235,1310,10123,1119,46358,California
Santa Barbara,2021-02-10,2763,59296,1496,29617,1267,29679,0,0,781,35041,1975,12098,781,47139,California
Santa Barbara,2021-02-11,4187,63483,2808,32425,1379,31058,0,0,623,32110,3554,15652,623,47762,California
Santa Barbara,2021-02-12,3308,66791,948,33373,2360,33418,0,0,774,30356,2528,18180,774,48536,California
Santa Barbara,2021-02-13,1233,68024,340,33713,893,34311,0,0,561,30247,670,18850,561,49097,California
Santa Barbara,2021-02-14,332,68356,35,33748,297,34608,0,0,287,30489,45,18895,287,49384,California
Santa Barbara,2021-02-15,967,69323,337,34085,630,35238,0,0,494,30513,470,19365,494,49878,California
Santa Barbara,2021-02-16,2108,71431,395,34480,1713,36951,0,0,719,29847,1385,20750,719,50597,California
Santa Barbara,2021-02-17,1436,72867,321,34801,1115,38066,0,0,523,29461,909,21659,523,51120,California
Santa Barbara,2021-02-18,3256,76123,2648,37449,608,38674,0,0,1519,29279,1701,23360,1519,52639,California
Santa Barbara,2021-02-19,3596,79719,2641,40090,955,39629,0,0,2329,30344,1264,24624,2329,54968,California
Santa Barbara,2021-02-20,2225,81944,1439,41529,786,40415,0,0,1669,31467,546,25170,1669,56637,California
Santa Barbara,2021-02-21,135,82079,106,41635,29,40444,0,0,60,31454,73,25243,60,56697,California
Santa Barbara,2021-02-22,940,83019,248,41883,692,41136,0,0,271,31060,666,25909,272,56969,California
Santa Barbara,2021-02-23,3189,86208,1046,42929,2143,43279,0,0,422,28719,2763,28672,422,57391,California
Santa Barbara,2021-02-24,3205,89413,1092,44021,2113,45392,0,0,722,26968,2473,31145,722,58113,California
Santa Barbara,2021-02-25,3454,92867,1921,45942,1533,46925,0,0,990,25502,2457,33602,991,59104,California
Santa Barbara,2021-02-26,3667,96534,2177,48119,1490,48415,0,0,1980,25803,1679,35281,1980,61084,California
Santa Barbara,2021-02-27,1527,98061,562,48681,965,49380,0,0,847,25976,676,35957,849,61933,California
Santa Barbara,2021-02-28,1084,99145,220,48901,864,50244,0,0,892,26682,187,36144,893,62826,California
Santa Barbara,2021-03-01,1643,100788,469,49370,1173,51417,1,1,1088,27232,540,36684,1090,63916,California
Santa Barbara,2021-03-02,2648,103436,423,49793,2225,53642,0,1,2147,28892,488,37172,2148,66064,California
Santa Barbara,2021-03-03,4630,108066,2101,51894,2527,56169,2,3,4034,32347,585,37757,4040,70104,California
Santa Barbara,2021-03-04,3421,111487,2283,54177,1138,57307,0,3,2865,34664,548,38305,2865,72969,California
Santa Barbara,2021-03-05,3818,115305,2164,56341,1595,58902,59,62,3094,37098,719,39024,3153,76122,California
Santa Barbara,2021-03-06,2431,117736,726,57067,1486,60388,219,281,1669,38227,758,39782,1887,78009,California
Santa Barbara,2021-03-07,564,118300,123,57190,310,60698,131,412,384,38564,179,39961,516,78525,California
Santa Barbara,2021-03-08,1578,119878,381,57571,856,61554,341,753,797,38927,775,40736,1138,79663,California
Santa Barbara,2021-03-09,2796,122674,344,57915,1678,63232,774,1527,738,38380,2055,42791,1508,81171,California
Santa Barbara,2021-03-10,2761,125435,553,58468,1162,64394,1046,2573,1041,38750,1715,44506,2085,83256,California
Santa Barbara,2021-03-11,5580,131015,3028,61496,1437,65831,1115,3688,2282,38856,3284,47790,3390,86646,California
Santa Barbara,2021-03-12,3677,134692,2097,63593,1150,66981,430,4118,2180,39974,1489,49279,2607,89253,California
Santa Barbara,2021-03-13,3487,138179,1932,65525,1347,68328,208,4326,2695,42089,790,50069,2905,92158,California
Santa Barbara,2021-03-14,792,138971,377,65902,358,68686,57,4383,470,42295,321,50390,527,92685,California
Santa Barbara,2021-03-15,2113,141084,697,66599,1125,69811,291,4674,1268,43014,838,51228,1557,94242,California
Santa Barbara,2021-03-16,3724,144808,1173,67772,2209,72020,342,5016,2735,45106,985,52213,3077,97319,California
Santa Barbara,2021-03-17,3307,148115,970,68742,1932,73952,405,5421,2316,46834,989,53202,2717,100036,California
Santa Barbara,2021-03-18,5230,153345,2800,71542,2228,76180,202,5623,4005,49832,1209,54411,4207,104243,California
Santa Barbara,2021-03-19,4447,157792,2769,74311,1345,77525,333,5956,3057,51835,1386,55797,3389,107632,California
Santa Barbara,2021-03-20,2179,159971,836,75147,1329,78854,14,5970,1334,52340,842,56639,1347,108979,California
Santa Barbara,2021-03-21,1165,161136,383,75530,752,79606,30,6000,838,52883,325,56964,868,109847,California
Santa Barbara,2021-03-22,2779,163915,1912,77442,823,80429,44,6044,2223,54602,548,57512,2267,112114,California
Santa Barbara,2021-03-23,4479,168394,2251,79693,2127,82556,101,6145,3706,57645,764,58276,3807,115921,California
Santa Barbara,2021-03-24,5419,173813,3157,82850,1513,84069,749,6894,2972,58939,2423,60699,3717,119638,California
Santa Barbara,2021-03-25,5561,179374,3275,86125,2097,86166,189,7083,2786,59155,2759,63458,2975,122613,California
Santa Barbara,2021-03-26,5092,184466,3227,89352,1567,87733,298,7381,2245,58867,2831,66289,2543,125156,California
Santa Barbara,2021-03-27,2952,187418,1225,90577,1684,89417,43,7424,1620,59200,1328,67617,1661,126817,California
Santa Barbara,2021-03-28,2779,190197,1657,92234,1094,90511,28,7452,1893,60241,881,68498,1922,128739,California
Santa Barbara,2021-03-29,4044,194241,2087,94321,1886,92397,71,7523,3228,62728,812,69310,3299,132038,California
Santa Barbara,2021-03-30,6801,201042,3513,97834,3137,95534,151,7674,4541,65172,2245,71555,4689,136727,California
Santa Barbara,2021-03-31,8672,209714,5523,103357,3082,98616,67,7741,5055,66697,3597,75152,5122,141849,California
Santa Barbara,2021-04-01,7036,216750,5206,108563,1570,100186,260,8001,4173,68283,2845,77997,4431,146280,California
Santa Barbara,2021-04-02,6645,223395,4560,113123,1490,101676,595,8596,3420,69083,3217,81214,4017,150297,California
Santa Barbara,2021-04-03,3808,227203,2114,115237,1626,103302,68,8664,2517,70380,1287,82501,2584,152881,California
Santa Barbara,2021-04-04,900,228103,444,115681,416,103718,40,8704,501,70524,397,82898,541,153422,California
Santa Barbara,2021-04-05,3463,231566,2289,117970,916,104634,258,8962,2167,71660,1289,84187,2425,155847,California
Santa Barbara,2021-04-06,5480,237046,2831,120801,2113,106747,536,9498,3356,73444,2108,86295,3892,159739,California
Santa Barbara,2021-04-07,5986,243032,3282,124083,2163,108910,541,10039,4070,76158,1906,88201,4620,164359,California
Santa Barbara,2021-04-08,7375,250407,5012,129095,642,109552,1721,11760,3393,77290,3979,92180,5111,169470,California
Santa Barbara,2021-04-09,7260,257667,4824,133919,1088,110640,1348,13108,3258,77900,3993,96173,4603,174073,California
Santa Barbara,2021-04-10,6633,264300,4587,138506,1430,112070,616,13724,4503,80894,2123,98296,5117,179190,California
Santa Barbara,2021-04-11,2639,266939,1931,140437,409,112479,299,14023,1819,82193,814,99110,2113,181303,California
Santa Barbara,2021-04-12,4425,271364,2847,143284,1024,113503,554,14577,1923,82173,2495,101605,2475,183778,California
Santa Barbara,2021-04-13,6307,277671,4149,147433,2152,115655,6,14583,2624,81123,3679,105284,2629,186407,California
Santa Barbara,2021-04-14,6721,284392,4395,151828,2324,117979,2,14585,4200,82814,2511,107795,4202,190609,California
Santa Barbara,2021-04-15,6938,291330,4077,155905,2860,120839,1,14586,3751,83390,3177,110972,3753,194362,California
Santa Barbara,2021-04-16,6371,297701,3742,159647,2618,123457,11,14597,4380,85804,1976,112948,4390,198752,California
Santa Barbara,2021-04-17,5302,303003,3855,163502,1447,124904,0,14597,4085,88684,1205,114153,4085,202837,California
Santa Barbara,2021-04-18,2130,305133,1477,164979,653,125557,0,14597,373,87305,1753,115906,374,203211,California
Santa Barbara,2021-04-19,3234,308367,2225,167204,1003,126560,6,14603,1030,86143,2199,118105,1037,204248,California
Santa Barbara,2021-04-20,5863,314230,3946,171150,1916,128476,1,14604,1650,83593,4201,122306,1651,205899,California
Santa Barbara,2021-04-21,5466,319696,3628,174778,1838,130314,0,14604,1731,81601,3723,126029,1731,207630,California
Santa Barbara,2021-04-22,5090,324786,2559,177337,2530,132844,1,14605,1454,79438,3620,129649,1457,209087,California
Santa Barbara,2021-04-23,5528,330314,3873,181210,1655,134499,0,14605,1943,77809,3572,133221,1943,211030,California
Santa Barbara,2021-04-24,4421,334735,2877,184087,1539,136038,5,14610,1639,76686,2767,135988,1644,212674,California
Santa Barbara,2021-04-25,1831,336566,1184,185271,647,136685,0,14610,499,75861,1324,137312,499,213173,California
Santa Barbara,2021-04-26,2930,339496,1805,187076,1104,137789,21,14631,463,73884,2461,139773,484,213657,California
Santa Barbara,2021-04-27,3678,343174,2027,189103,1564,139353,87,14718,1104,72510,2564,142337,1190,214847,California
Santa Barbara,2021-04-28,4902,348076,2861,191964,1924,141277,117,14835,1402,70545,3487,145824,1522,216369,California
Santa Barbara,2021-04-29,5245,353321,3797,195761,1221,142498,227,15062,1446,68433,3783,149607,1671,218040,California
Santa Barbara,2021-04-30,4944,358265,3695,199456,1085,143583,164,15226,1424,66514,3506,153113,1587,219627,California
Santa Barbara,2021-05-01,5233,363498,4055,203511,1145,144728,33,15259,900,63124,4325,157438,935,220562,California
Santa Barbara,2021-05-02,1130,364628,665,204176,337,145065,128,15387,308,62738,822,158260,436,220998,California
Santa Barbara,2021-05-03,2206,366834,1481,205657,586,145651,139,15526,443,61562,1757,160017,581,221579,California
Santa Barbara,2021-05-04,3278,370112,1661,207318,1546,147197,71,15597,1139,60645,2126,162143,1209,222788,California
Santa Barbara,2021-05-05,5418,375530,3669,210987,1603,148800,146,15743,628,56642,4778,166921,775,223563,California
Santa Barbara,2021-05-06,5042,380572,3905,214892,1033,149833,104,15847,961,53642,4065,170986,1065,224628,California
Santa Barbara,2021-05-07,4659,385231,3650,218542,831,150664,178,16025,1001,51171,3648,174634,1177,225805,California
Santa Barbara,2021-05-08,4210,389441,3151,221693,961,151625,98,16123,871,48814,3326,177960,969,226774,California
Santa Barbara,2021-05-09,700,390141,109,221802,551,152176,40,16163,467,49090,232,178192,508,227282,California
Santa Barbara,2021-05-10,1300,391441,621,222423,595,152771,84,16247,350,48575,948,179140,433,227715,California
Santa Barbara,2021-05-11,1788,393229,769,223192,728,153499,291,16538,382,47847,1399,180539,671,228386,California
Santa Barbara,2021-05-12,1512,394741,686,223878,624,154123,202,16740,417,47379,1087,181626,619,229005,California
Santa Barbara,2021-05-13,3537,398278,2710,226588,634,154757,193,16933,1152,46347,2376,184002,1344,230349,California
Santa Barbara,2021-05-14,4089,402367,2531,229119,1486,156243,72,17005,1612,45563,2466,186468,1682,232031,California
Santa Barbara,2021-05-15,3505,405872,2567,231686,919,157162,19,17024,1841,45770,1654,188122,1861,233892,California
Santa Barbara,2021-05-16,1062,406934,465,232151,482,157644,115,17139,468,45763,590,188712,583,234475,California
Santa Barbara,2021-05-17,1621,408555,932,233083,627,158271,62,17201,904,46018,710,189422,965,235440,California
Santa Barbara,2021-05-18,1798,410353,1148,234231,556,158827,94,17295,993,46317,789,190211,1088,236528,California
Santa Barbara,2021-05-19,1734,412087,972,235203,721,159548,41,17336,802,46235,924,191135,842,237370,California
Santa Barbara,2021-05-20,1251,413338,642,235845,492,160040,117,17453,661,46433,579,191714,777,238147,California
Santa Barbara,2021-05-21,2952,416290,1995,237840,904,160944,53,17506,1088,45725,1850,193564,1142,239289,California
Santa Barbara,2021-05-22,2120,418410,1526,239366,549,161493,45,17551,1277,46209,839,194403,1323,240612,California
Santa Barbara,2021-05-23,561,418971,214,239580,320,161813,27,17578,324,46323,237,194640,351,240963,California
Santa Barbara,2021-05-24,994,419965,591,240171,349,162162,54,17632,514,46418,474,195114,569,241532,California
Santa Barbara,2021-05-25,718,420683,227,240398,472,162634,19,17651,208,46137,508,195622,227,241759,California
Santa Clara,2020-12-15,65,65,65,65,0,0,0,0,65,65,0,0,65,65,California
Santa Clara,2020-12-16,141,206,141,206,0,0,0,0,141,206,0,0,141,206,California
Santa Clara,2020-12-17,399,605,399,605,0,0,0,0,399,605,0,0,399,605,California
Santa Clara,2020-12-18,1680,2285,1680,2285,0,0,0,0,1680,2285,0,0,1680,2285,California
Santa Clara,2020-12-19,2080,4365,2080,4365,0,0,0,0,2079,4364,0,0,2079,4364,California
Santa Clara,2020-12-20,1896,6261,1895,6260,1,1,0,0,1893,6257,0,0,1893,6257,California
Santa Clara,2020-12-21,2675,8936,2675,8935,0,1,0,0,2674,8931,0,0,2674,8931,California
Santa Clara,2020-12-22,3136,12072,3129,12064,7,8,0,0,3133,12064,0,0,3133,12064,California
Santa Clara,2020-12-23,3291,15363,3102,15166,189,197,0,0,3290,15354,0,0,3290,15354,California
Santa Clara,2020-12-24,1901,17264,1714,16880,187,384,0,0,1896,17249,1,1,1896,17250,California
Santa Clara,2020-12-25,343,17607,342,17222,1,385,0,0,343,17592,0,1,343,17593,California
Santa Clara,2020-12-26,1268,18875,1035,18257,233,618,0,0,1267,18859,0,1,1267,18860,California
Santa Clara,2020-12-27,650,19525,508,18765,142,760,0,0,650,19509,0,1,650,19510,California
Santa Clara,2020-12-28,2336,21861,1729,20494,607,1367,0,0,2336,21845,0,1,2336,21846,California
Santa Clara,2020-12-29,2349,24210,1489,21983,860,2227,0,0,2348,24193,0,1,2348,24194,California
Santa Clara,2020-12-30,2984,27194,1889,23872,1095,3322,0,0,2982,27173,2,3,2982,27176,California
Santa Clara,2020-12-31,1216,28410,392,24264,824,4146,0,0,1215,28387,1,4,1215,28391,California
Santa Clara,2021-01-01,145,28555,12,24276,133,4279,0,0,144,28530,1,5,144,28535,California
Santa Clara,2021-01-02,1085,29640,815,25091,270,4549,0,0,1085,29615,0,5,1085,29620,California
Santa Clara,2021-01-03,584,30224,367,25458,217,4766,0,0,579,30191,3,8,579,30199,California
Santa Clara,2021-01-04,2471,32695,1670,27128,801,5567,0,0,2468,32659,0,8,2468,32667,California
Santa Clara,2021-01-05,3067,35762,2009,29137,1058,6625,0,0,2880,35359,186,194,2886,35553,California
Santa Clara,2021-01-06,3333,39095,1966,31103,1367,7992,0,0,2757,37546,572,766,2759,38312,California
Santa Clara,2021-01-07,4219,43314,2560,33663,1659,9651,0,0,3149,39641,1060,1826,3155,41467,California
Santa Clara,2021-01-08,5848,49162,3820,37483,2028,11679,0,0,3791,41379,2053,3879,3791,45258,California
Santa Clara,2021-01-09,2978,52140,1868,39351,1110,12789,0,0,1689,41782,1289,5168,1692,46950,California
Santa Clara,2021-01-10,1957,54097,1513,40864,444,13233,0,0,747,41320,1209,6377,747,47697,California
Santa Clara,2021-01-11,5954,60051,3751,44615,2203,15436,0,0,3382,42136,2571,8948,3387,51084,California
Santa Clara,2021-01-12,6810,66861,3409,48024,3401,18837,0,0,4565,44458,2244,11192,4566,55650,California
Santa Clara,2021-01-13,7375,74236,3052,51076,4323,23160,0,0,5204,47494,2169,13361,5205,60855,California
Santa Clara,2021-01-14,8231,82467,2798,53874,5433,28593,0,0,6490,52250,1736,15097,6492,67347,California
Santa Clara,2021-01-15,9457,91924,2681,56555,6776,35369,0,0,8137,59076,1316,16413,8142,75489,California
Santa Clara,2021-01-16,4295,96219,1230,57785,3065,38434,0,0,3460,61705,831,17244,3460,78949,California
Santa Clara,2021-01-17,3212,99431,603,58388,2609,41043,0,0,2715,63923,497,17741,2715,81664,California
Santa Clara,2021-01-18,5096,104527,1157,59545,3939,44982,0,0,4541,67910,555,18296,4542,86206,California
Santa Clara,2021-01-19,8503,113030,2687,62232,5816,50798,0,0,6817,73047,1683,19979,6820,93026,California
Santa Clara,2021-01-20,8082,121112,4108,66340,3974,54772,0,0,6537,78044,1540,21519,6537,99563,California
Santa Clara,2021-01-21,8698,129810,3775,70115,4923,59695,0,0,7495,84340,1201,22720,7497,107060,California
Santa Clara,2021-01-22,8637,138447,3251,73366,5386,65081,0,0,8069,91845,567,23287,8072,115132,California
Santa Clara,2021-01-23,3781,142228,1686,75052,2095,67176,0,0,2822,93709,959,24246,2823,117955,California
Santa Clara,2021-01-24,2829,145057,1423,76475,1406,68582,0,0,2344,95571,482,24728,2344,120299,California
Santa Clara,2021-01-25,8397,153454,3799,80274,4598,73180,0,0,6325,99834,2064,26792,6327,126626,California
Santa Clara,2021-01-26,8251,161705,3777,84051,4474,77654,0,0,6134,103863,2107,28899,6136,132762,California
Santa Clara,2021-01-27,8718,170423,3830,87881,4888,82542,0,0,6798,108760,1902,30801,6799,139561,California
Santa Clara,2021-01-28,9493,179916,3815,91696,5678,88220,0,0,7533,114358,1939,32740,7537,147098,California
Santa Clara,2021-01-29,9519,189435,3948,95644,5571,93791,0,0,7346,119541,2164,34904,7347,154445,California
Santa Clara,2021-01-30,4155,193590,2071,97715,2084,95875,0,0,2948,121290,1200,36104,2949,157394,California
Santa Clara,2021-01-31,2174,195764,1304,99019,870,96745,0,0,1580,122280,590,36694,1580,158974,California
Santa Clara,2021-02-01,7856,203620,3512,102531,4344,101089,0,0,6149,126732,1699,38393,6151,165125,California
Santa Clara,2021-02-02,8546,212166,2878,105409,5668,106757,0,0,6549,131293,1991,40384,6552,171677,California
Santa Clara,2021-02-03,9208,221374,3489,108898,5719,112476,0,0,6923,135944,2278,42662,6929,178606,California
Santa Clara,2021-02-04,10947,232321,4142,113040,6805,119281,0,0,8658,142326,2279,44941,8661,187267,California
Santa Clara,2021-02-05,11941,244262,4352,117392,7589,126870,0,0,8483,147366,3444,48385,8484,195751,California
Santa Clara,2021-02-06,5205,249467,2825,120217,2380,129250,0,0,4036,150239,1165,49550,4038,199789,California
Santa Clara,2021-02-07,3479,252946,2347,122564,1132,130382,0,0,3025,152812,453,50003,3026,202815,California
Santa Clara,2021-02-08,10017,262963,3482,126046,6535,136917,0,0,7306,157421,2698,52701,7307,210122,California
Santa Clara,2021-02-09,11165,274128,3818,129864,7347,144264,0,0,7669,161609,3485,56186,7673,217795,California
Santa Clara,2021-02-10,12644,286772,4911,134775,7733,151997,0,0,6837,162651,5797,61983,6839,224634,California
Santa Clara,2021-02-11,13542,300314,4731,139506,8811,160808,0,0,7694,164513,5833,67816,7695,232329,California
Santa Clara,2021-02-12,14565,314879,4501,144007,10064,170872,0,0,6993,163956,7552,75368,6995,239324,California
Santa Clara,2021-02-13,6079,320958,1459,145466,4620,175492,0,0,2222,162330,3850,79218,2224,241548,California
Santa Clara,2021-02-14,4607,325565,1140,146606,3467,178959,0,0,1467,160661,3138,82356,1469,243017,California
Santa Clara,2021-02-15,6255,331820,2788,149394,3467,182426,0,0,2700,159813,3548,85904,2700,245717,California
Santa Clara,2021-02-16,13790,345610,4011,153405,9779,192205,0,0,6938,159916,6835,92739,6938,252655,California
Santa Clara,2021-02-17,14089,359699,5505,158910,8584,200789,0,0,7054,159958,7017,99756,7059,259714,California
Santa Clara,2021-02-18,14227,373926,8386,167296,5841,206630,0,0,7240,160254,6947,106703,7243,266957,California
Santa Clara,2021-02-19,14833,388759,9525,176821,5308,211938,0,0,8631,162703,6187,112890,8636,275593,California
Santa Clara,2021-02-20,6826,395585,5107,181928,1719,213657,0,0,3677,163241,3139,116029,3677,279270,California
Santa Clara,2021-02-21,3303,398888,2477,184405,826,214483,0,0,1215,162378,2080,118109,1217,280487,California
Santa Clara,2021-02-22,10177,409065,6094,190499,4083,218566,0,0,4727,161666,5440,123549,4728,285215,California
Santa Clara,2021-02-23,11921,420986,7738,198237,4183,222749,0,0,6768,163298,5140,128689,6772,291987,California
Santa Clara,2021-02-24,14168,435154,9125,207362,5043,227792,0,0,8765,166676,5387,134076,8765,300752,California
Santa Clara,2021-02-25,14642,449796,9269,216631,5373,233165,0,0,7900,167859,6721,140797,7904,308656,California
Santa Clara,2021-02-26,14589,464385,8450,225081,6139,239304,0,0,8017,169329,6550,147347,8020,316676,California
Santa Clara,2021-02-27,8058,472443,5520,230601,2537,241841,1,1,4477,170243,3571,150918,4485,321161,California
Santa Clara,2021-02-28,4733,477176,3079,233680,1654,243495,0,1,2210,169939,2514,153432,2210,323371,California
Santa Clara,2021-03-01,14103,491279,8006,241686,6094,249589,3,4,8736,173331,5347,158779,8739,332110,California
Santa Clara,2021-03-02,16043,507322,9527,251213,6515,256104,1,5,10260,177836,5757,164536,10262,342372,California
Santa Clara,2021-03-03,18459,525781,9068,260281,9389,265493,2,7,11464,182349,6957,171493,11470,353842,California
Santa Clara,2021-03-04,16472,542253,8970,269251,7499,272992,3,10,9582,185126,6810,178303,9587,363429,California
Santa Clara,2021-03-05,16585,558838,9222,278473,7238,280230,125,135,9205,187103,7358,185661,9335,372764,California
Santa Clara,2021-03-06,9421,568259,6311,284784,2673,282903,437,572,7085,192301,2323,187984,7521,380285,California
Santa Clara,2021-03-07,6799,575058,4471,289255,2096,284999,232,804,5422,196584,1369,189353,5652,385937,California
Santa Clara,2021-03-08,12894,587952,6732,295987,5599,290598,563,1367,8282,200835,4594,193947,8845,394782,California
Santa Clara,2021-03-09,15222,603174,6512,302499,7376,297974,1334,2701,6853,200667,8350,202297,8182,402964,California
Santa Clara,2021-03-10,15102,618276,6578,309077,6415,304389,2109,4810,6197,200072,8878,211175,8283,411247,California
Santa Clara,2021-03-11,17053,635329,7758,316835,7786,312175,1509,6319,6044,196630,10981,222156,7539,418786,California
Santa Clara,2021-03-12,17685,653014,9098,325933,7014,319189,1573,7892,5974,192489,11672,233828,7531,426317,California
Santa Clara,2021-03-13,10743,663757,6226,332159,3022,322211,1495,9387,4819,192880,5901,239729,6292,432609,California
Santa Clara,2021-03-14,6509,670266,3370,335529,1833,324044,1306,10693,3174,194031,3318,243047,4469,437078,California
Santa Clara,2021-03-15,12774,683040,6531,342060,5973,330017,270,10963,5990,193530,6761,249808,6260,443338,California
Santa Clara,2021-03-16,18189,701229,10295,352355,7685,337702,209,11172,8814,193204,9346,259154,9020,452358,California
Santa Clara,2021-03-17,19897,721126,11274,363629,8454,346156,169,11341,10280,194082,9566,268720,10444,462802,California
Santa Clara,2021-03-18,19066,740192,8931,372560,8971,355127,1164,12505,9087,194401,9924,278644,10243,473045,California
Santa Clara,2021-03-19,19268,759460,9923,382483,8343,363470,1002,13507,10002,196188,9207,287851,10994,484039,California
Santa Clara,2021-03-20,11506,770966,6343,388826,4337,367807,826,14333,6765,199064,4712,292563,7588,491627,California
Santa Clara,2021-03-21,8304,779270,3770,392596,3135,370942,1399,15732,5569,203297,2723,295286,6956,498583,California
Santa Clara,2021-03-22,16311,795581,9109,401705,6853,377795,349,16081,9300,205962,6983,302269,9648,508231,California
Santa Clara,2021-03-23,19224,814805,12229,413934,6477,384272,518,16599,11169,209641,8008,310277,11687,519918,California
Santa Clara,2021-03-24,22592,837397,14559,428493,7620,391892,413,17012,14659,216824,7890,318167,15073,534991,California
Santa Clara,2021-03-25,22913,860310,13141,441634,8792,400684,980,17992,14774,224487,8077,326244,15740,550731,California
Santa Clara,2021-03-26,21921,882231,13967,455601,7568,408252,386,18378,13512,230006,8372,334616,13891,564622,California
Santa Clara,2021-03-27,15693,897924,10449,466050,4476,412728,768,19146,8418,231957,7233,341849,9184,573806,California
Santa Clara,2021-03-28,12050,909974,8352,474402,2985,415713,713,19859,6469,233579,5556,347405,7178,580984,California
Santa Clara,2021-03-29,20577,930551,12621,487023,7229,422942,727,20586,11158,236078,9378,356783,11877,592861,California
Santa Clara,2021-03-30,25614,956165,15247,502270,8425,431367,1942,22528,16145,244725,9434,366217,18081,610942,California
Santa Clara,2021-03-31,20481,976646,11899,514169,7453,438820,1129,23657,12610,250622,7831,374048,13728,624670,California
Santa Clara,2021-04-01,31794,1008440,19842,534011,8900,447720,3052,26709,20116,262153,11612,385660,23143,647813,California
Santa Clara,2021-04-02,25133,1033573,14306,548317,8663,456383,2164,28873,16410,272031,8684,394344,18562,666375,California
Santa Clara,2021-04-03,15271,1048844,9258,557575,3503,459886,2510,31383,8494,276265,6757,401101,10991,677366,California
Santa Clara,2021-04-04,7640,1056484,4038,561613,2435,462321,1167,32550,3975,277748,3653,404754,5136,682502,California
Santa Clara,2021-04-05,21862,1078346,14567,576180,4824,467145,2471,35021,14279,286931,7557,412311,16740,699242,California
Santa Clara,2021-04-06,29428,1107774,16235,592415,7772,474917,5421,40442,17665,298279,11719,424030,23067,722309,California
Santa Clara,2021-04-07,30839,1138613,15929,608344,8430,483347,6480,46922,18836,311626,11951,435981,25298,747607,California
Santa Clara,2021-04-08,29850,1168463,16314,624658,5969,489316,7567,54489,16277,321930,13504,449485,23808,771415,California
Santa Clara,2021-04-09,27905,1196368,13823,638481,6856,496172,7226,61715,14258,329792,13592,463077,21454,792869,California
Santa Clara,2021-04-10,21255,1217623,12315,650796,3744,499916,5196,66911,11388,336494,9836,472913,16538,809407,California
Santa Clara,2021-04-11,15952,1233575,9567,660363,2642,502558,3743,70654,8276,340847,7646,480559,11999,821406,California
Santa Clara,2021-04-12,26786,1260361,18852,679215,5512,508070,2422,73076,18267,353054,8468,489027,20675,842081,California
Santa Clara,2021-04-13,34236,1294597,26949,706164,7258,515328,29,73105,26420,371782,7741,496768,26469,868550,California
Santa Clara,2021-04-14,36739,1331336,27852,734016,8883,524211,4,73109,26134,387403,10543,507311,26164,894714,California
Santa Clara,2021-04-15,43996,1375332,34133,768149,9861,534072,2,73111,33930,411394,9963,517274,33954,928668,California
Santa Clara,2021-04-16,38323,1413655,26266,794415,12055,546127,2,73113,27507,428172,10755,528029,27533,956201,California
Santa Clara,2021-04-17,21941,1435596,15006,809421,6933,553060,2,73115,15059,436411,6837,534866,15076,971277,California
Santa Clara,2021-04-18,16382,1451978,10657,820078,5725,558785,0,73115,10245,440556,6111,540977,10256,981533,California
Santa Clara,2021-04-19,28805,1480783,20858,840936,7946,566731,1,73116,17247,446344,11489,552466,17277,998810,California
Santa Clara,2021-04-20,36882,1517665,22447,863383,14435,581166,0,73116,22534,454666,14242,566708,22564,1021374,California
Santa Clara,2021-04-21,36778,1554443,21338,884721,15438,596604,2,73118,24358,466725,12332,579040,24391,1045765,California
Santa Clara,2021-04-22,37203,1591646,24816,909537,12386,608990,1,73119,17607,464897,19501,598541,17673,1063438,California
Santa Clara,2021-04-23,31981,1623627,19453,928990,12528,621518,0,73119,15057,463176,16829,615370,15108,1078546,California
Santa Clara,2021-04-24,21089,1644716,15442,944432,5646,627164,1,73120,11980,466144,9040,624410,12008,1090554,California
Santa Clara,2021-04-25,13574,1658290,9812,954244,3755,630919,7,73127,8670,469980,4863,629273,8699,1099253,California
Santa Clara,2021-04-26,24237,1682527,18950,973194,5229,636148,58,73185,10118,466153,14027,643300,10200,1109453,California
Santa Clara,2021-04-27,26664,1709191,19256,992450,7120,643268,288,73473,11704,463313,14869,658169,12029,1121482,California
Santa Clara,2021-04-28,25285,1734476,18650,1011100,6198,649466,437,73910,10404,459411,14800,672969,10898,1132380,California
Santa Clara,2021-04-29,23149,1757625,16818,1027918,5934,655400,397,74307,8346,453482,14735,687704,8806,1141186,California
Santa Clara,2021-04-30,22926,1780551,15711,1043629,6852,662252,363,74670,9745,450569,13093,700797,10180,1151366,California
Santa Clara,2021-05-01,17431,1797982,14499,1058128,2672,664924,260,74930,5490,444467,11893,712690,5791,1157157,California
Santa Clara,2021-05-02,11278,1809260,9358,1067486,1690,666614,230,75160,3496,440474,7741,720431,3748,1160905,California
Santa Clara,2021-05-03,22790,1832050,19367,1086853,2991,669605,432,75592,5143,428505,17578,738009,5609,1166514,California
Santa Clara,2021-05-04,30530,1862580,23905,1110758,6085,675690,540,76132,5487,409624,24947,762956,6066,1172580,California
Santa Clara,2021-05-05,32159,1894739,24448,1135206,7169,682859,542,76674,5435,388997,26627,789583,6000,1178580,California
Santa Clara,2021-05-06,35352,1930091,29467,1164673,5411,688270,474,77148,4673,363613,30551,820134,5167,1183747,California
Santa Clara,2021-05-07,32486,1962577,26139,1190812,5857,694127,490,77638,4636,341058,27721,847855,5166,1188913,California
Santa Clara,2021-05-08,16439,1979016,13372,1204184,2644,696771,423,78061,3477,332097,12877,860732,3916,1192829,California
Santa Clara,2021-05-09,10312,1989328,8945,1213129,1180,697951,187,78248,2448,326916,7829,868561,2648,1195477,California
Santa Clara,2021-05-10,20730,2010058,16631,1229760,3699,701650,400,78648,2733,312152,17917,886478,3153,1198630,California
Santa Clara,2021-05-11,21609,2031667,16265,1246025,4928,706578,416,79064,3896,298847,17624,904102,4319,1202949,California
Santa Clara,2021-05-12,20111,2051778,14771,1260796,4877,711455,463,79527,4171,287635,15860,919962,4648,1207597,California
Santa Clara,2021-05-13,26861,2078639,21890,1282686,4680,716135,291,79818,10682,282514,16100,936062,10979,1218576,California
Santa Clara,2021-05-14,26971,2105610,18701,1301387,7892,724027,378,80196,9134,274289,17746,953808,9521,1228097,California
Santa Clara,2021-05-15,19961,2125571,15896,1317283,3786,727813,279,80475,7626,269941,12260,966068,7912,1236009,California
Santa Clara,2021-05-16,14543,2140114,11552,1328835,2814,730627,177,80652,4206,264066,10260,976328,4385,1240394,California
Santa Clara,2021-05-17,19780,2159894,15508,1344343,3911,734538,361,81013,6763,258250,12944,989272,7128,1247522,California
Santa Clara,2021-05-18,25240,2185134,15953,1360296,8869,743407,418,81431,7106,247772,17999,1007271,7521,1255043,California
Santa Clara,2021-05-19,23815,2208949,13795,1374091,9653,753060,367,81798,7789,240013,15922,1023193,8163,1263206,California
Santa Clara,2021-05-20,16451,2225400,10977,1385068,5090,758150,384,82182,5886,235786,10494,1033687,6267,1269473,California
Santa Clara,2021-05-21,20346,2245746,13683,1398751,6228,764378,435,82617,6913,229790,13355,1047042,7359,1276832,California
Santa Clara,2021-05-22,11181,2256927,8687,1407438,2206,766584,288,82905,4767,228488,6360,1053402,5058,1281890,California
Santa Clara,2021-05-23,6660,2263587,5148,1412586,1366,767950,146,83051,2420,226850,4208,1057610,2570,1284460,California
Santa Clara,2021-05-24,9856,2273443,6891,1419477,2525,770475,440,83491,3542,224575,6256,1063866,3981,1288441,California
Santa Clara,2021-05-25,7269,2280712,5069,1424546,1918,772393,282,83773,2526,222682,4704,1068570,2811,1291252,California
Santa Cruz,2020-12-15,2,2,2,2,0,0,0,0,2,2,0,0,2,2,California
Santa Cruz,2020-12-16,58,60,58,60,0,0,0,0,58,60,0,0,58,60,California
Santa Cruz,2020-12-17,391,451,391,451,0,0,0,0,391,451,0,0,391,451,California
Santa Cruz,2020-12-18,462,913,462,913,0,0,0,0,462,913,0,0,462,913,California
Santa Cruz,2020-12-19,179,1092,178,1091,1,1,0,0,179,1092,0,0,179,1092,California
Santa Cruz,2020-12-20,95,1187,95,1186,0,1,0,0,95,1187,0,0,95,1187,California
Santa Cruz,2020-12-21,437,1624,437,1623,0,1,0,0,437,1624,0,0,437,1624,California
Santa Cruz,2020-12-22,416,2040,415,2038,1,2,0,0,416,2040,0,0,416,2040,California
Santa Cruz,2020-12-23,369,2409,326,2364,43,45,0,0,369,2409,0,0,369,2409,California
Santa Cruz,2020-12-24,126,2535,50,2414,76,121,0,0,126,2535,0,0,126,2535,California
Santa Cruz,2020-12-25,11,2546,11,2425,0,121,0,0,11,2546,0,0,11,2546,California
Santa Cruz,2020-12-26,66,2612,47,2472,19,140,0,0,66,2612,0,0,66,2612,California
Santa Cruz,2020-12-27,32,2644,27,2499,5,145,0,0,32,2644,0,0,32,2644,California
Santa Cruz,2020-12-28,480,3124,108,2607,372,517,0,0,480,3124,0,0,480,3124,California
Santa Cruz,2020-12-29,790,3914,366,2973,424,941,0,0,790,3914,0,0,790,3914,California
Santa Cruz,2020-12-30,354,4268,163,3136,191,1132,0,0,354,4268,0,0,354,4268,California
Santa Cruz,2020-12-31,312,4580,11,3147,301,1433,0,0,312,4580,0,0,312,4580,California
Santa Cruz,2021-01-01,33,4613,1,3148,32,1465,0,0,33,4613,0,0,33,4613,California
Santa Cruz,2021-01-02,68,4681,54,3202,14,1479,0,0,68,4681,0,0,68,4681,California
Santa Cruz,2021-01-03,15,4696,7,3209,8,1487,0,0,15,4696,0,0,15,4696,California
Santa Cruz,2021-01-04,281,4977,124,3333,157,1644,0,0,279,4975,0,0,279,4975,California
Santa Cruz,2021-01-05,565,5542,429,3762,136,1780,0,0,263,4936,302,302,263,5238,California
Santa Cruz,2021-01-06,799,6341,667,4429,132,1912,0,0,460,5058,338,640,460,5698,California
Santa Cruz,2021-01-07,537,6878,213,4642,324,2236,0,0,382,5286,155,795,383,6081,California
Santa Cruz,2021-01-08,930,7808,559,5201,371,2607,0,0,484,5325,446,1241,485,6566,California
Santa Cruz,2021-01-09,462,8270,123,5324,339,2946,0,0,408,5679,54,1295,408,6974,California
Santa Cruz,2021-01-10,78,8348,70,5394,8,2954,0,0,20,5641,58,1353,20,6994,California
Santa Cruz,2021-01-11,716,9064,585,5979,131,3085,0,0,186,5298,530,1883,187,7181,California
Santa Cruz,2021-01-12,718,9782,518,6497,200,3285,0,0,479,5538,239,2122,479,7660,California
Santa Cruz,2021-01-13,520,10302,227,6724,293,3578,0,0,438,5897,79,2201,438,8098,California
Santa Cruz,2021-01-14,549,10851,103,6827,446,4024,0,0,483,6314,66,2267,483,8581,California
Santa Cruz,2021-01-15,1452,12303,75,6902,1377,5401,0,0,1388,7640,64,2331,1390,9971,California
Santa Cruz,2021-01-16,424,12727,52,6954,372,5773,0,0,405,8026,19,2350,405,10376,California
Santa Cruz,2021-01-17,296,13023,41,6995,255,6028,0,0,271,8272,25,2375,271,10647,California
Santa Cruz,2021-01-18,1004,14027,104,7099,900,6928,0,0,943,9154,61,2436,943,11590,California
Santa Cruz,2021-01-19,1610,15637,520,7619,1090,8018,0,0,1261,10069,347,2783,1262,12852,California
Santa Cruz,2021-01-20,1234,16871,181,7800,1053,9071,0,0,1037,10912,194,2977,1037,13889,California
Santa Cruz,2021-01-21,1691,18562,198,7998,1493,10564,0,0,1582,12387,109,3086,1584,15473,California
Santa Cruz,2021-01-22,1782,20344,525,8523,1257,11821,0,0,1680,13969,99,3185,1681,17154,California
Santa Cruz,2021-01-23,396,20740,144,8667,252,12073,0,0,338,14250,57,3242,338,17492,California
Santa Cruz,2021-01-24,115,20855,19,8686,96,12169,0,0,97,14329,18,3260,97,17589,California
Santa Cruz,2021-01-25,1058,21913,359,9045,699,12868,0,0,552,14375,506,3766,552,18141,California
Santa Cruz,2021-01-26,1688,23601,247,9292,1441,14309,0,0,1180,15047,508,4274,1180,19321,California
Santa Cruz,2021-01-27,1643,25244,445,9737,1198,15507,0,0,1260,15926,381,4655,1260,20581,California
Santa Cruz,2021-01-28,1739,26983,289,10026,1450,16957,0,0,1462,17112,277,4932,1463,22044,California
Santa Cruz,2021-01-29,1724,28707,487,10513,1237,18194,0,0,1595,18579,128,5060,1595,23639,California
Santa Cruz,2021-01-30,1054,29761,310,10823,744,18938,0,0,920,19365,134,5194,920,24559,California
Santa Cruz,2021-01-31,221,29982,113,10936,108,19046,0,0,207,19558,14,5208,207,24766,California
Santa Cruz,2021-02-01,1219,31201,748,11684,471,19517,0,0,824,19987,395,5603,824,25590,California
Santa Cruz,2021-02-02,992,32193,125,11809,867,20384,0,0,840,20676,151,5754,840,26430,California
Santa Cruz,2021-02-03,2215,34408,956,12765,1259,21643,0,0,1903,22270,309,6063,1903,28333,California
Santa Cruz,2021-02-04,1840,36248,767,13532,1073,22716,0,0,1502,23435,337,6400,1502,29835,California
Santa Cruz,2021-02-05,3139,39387,778,14310,2361,25077,0,0,2822,25941,316,6716,2822,32657,California
Santa Cruz,2021-02-06,2567,41954,160,14470,2407,27484,0,0,2223,27820,344,7060,2223,34880,California
Santa Cruz,2021-02-07,904,42858,122,14592,782,28266,0,0,887,28690,17,7077,887,35767,California
Santa Cruz,2021-02-08,701,43559,201,14793,500,28766,0,0,506,29002,194,7271,506,36273,California
Santa Cruz,2021-02-09,2357,45916,1050,15843,1307,30073,0,0,2091,30827,266,7537,2091,38364,California
Santa Cruz,2021-02-10,2180,48096,575,16418,1605,31678,0,0,1481,31620,689,8226,1482,39846,California
Santa Cruz,2021-02-11,1825,49921,309,16727,1516,33194,0,0,1312,32421,511,8737,1312,41158,California
Santa Cruz,2021-02-12,3199,53120,415,17142,2784,35978,0,0,1795,32823,1395,10132,1797,42955,California
Santa Cruz,2021-02-13,1699,54819,123,17265,1576,37554,0,0,1287,33698,412,10544,1287,44242,California
Santa Cruz,2021-02-14,1400,56219,71,17336,1329,38883,0,0,1136,34570,264,10808,1136,45378,California
Santa Cruz,2021-02-15,1568,57787,280,17616,1288,40171,0,0,562,34127,1006,11814,563,45941,California
Santa Cruz,2021-02-16,1680,59467,204,17820,1476,41647,0,0,525,33519,1133,12947,525,46466,California
Santa Cruz,2021-02-17,2901,62368,970,18790,1931,43578,0,0,1206,33046,1682,14629,1209,47675,California
Santa Cruz,2021-02-18,2861,65229,631,19421,2230,45808,0,0,1231,32651,1626,16255,1231,48906,California
Santa Cruz,2021-02-19,3239,68468,1133,20554,2106,47914,0,0,1995,33405,1241,17496,1995,50901,California
Santa Cruz,2021-02-20,2373,70841,1490,22044,883,48797,0,0,1878,34788,495,17991,1878,52779,California
Santa Cruz,2021-02-21,836,71677,369,22413,467,49264,0,0,707,35369,127,18118,708,53487,California
Santa Cruz,2021-02-22,1243,72920,955,23368,288,49552,0,0,528,35184,713,18831,528,54015,California
Santa Cruz,2021-02-23,2093,75013,933,24301,1160,50712,0,0,706,34504,1386,20217,706,54721,California
Santa Cruz,2021-02-24,3168,78181,1655,25956,1513,52225,0,0,1202,33745,1961,22178,1202,55923,California
Santa Cruz,2021-02-25,3208,81389,1416,27372,1792,54017,0,0,1766,34078,1434,23612,1767,57690,California
Santa Cruz,2021-02-26,2706,84095,759,28131,1947,55964,0,0,1541,34460,1161,24773,1543,59233,California
Santa Cruz,2021-02-27,2620,86715,930,29061,1690,57654,0,0,1825,35492,793,25566,1825,61058,California
Santa Cruz,2021-02-28,1286,88001,358,29419,928,58582,0,0,1075,36359,208,25774,1075,62133,California
Santa Cruz,2021-03-01,1819,89820,1248,30667,571,59153,0,0,686,35914,1131,26905,686,62819,California
Santa Cruz,2021-03-02,1536,91356,364,31031,1172,60325,0,0,873,36129,661,27566,876,63695,California
Santa Cruz,2021-03-03,2348,93704,633,31664,1715,62040,0,0,1287,36358,1058,28624,1287,64982,California
Santa Cruz,2021-03-04,2994,96698,1409,33073,1584,63624,1,1,2024,37425,959,29583,2026,67008,California
Santa Cruz,2021-03-05,2611,99309,489,33562,2104,65728,18,19,1138,37111,1470,31053,1156,68164,California
Santa Cruz,2021-03-06,3836,103145,1335,34897,2399,68127,102,121,2139,37654,1697,32750,2240,70404,California
Santa Cruz,2021-03-07,1341,104486,128,35025,1142,69269,71,192,556,37497,784,33534,627,71031,California
Santa Cruz,2021-03-08,1087,105573,222,35247,736,70005,129,321,656,37851,431,33965,785,71816,California
Santa Cruz,2021-03-09,1777,107350,262,35509,1367,71372,148,469,708,37641,1066,35031,856,72672,California
Santa Cruz,2021-03-10,3846,111196,2086,37595,1614,72986,146,615,2000,37945,1844,36875,2148,74820,California
Santa Cruz,2021-03-11,2787,113983,1213,38808,1402,74388,172,787,1539,38411,1247,38122,1713,76533,California
Santa Cruz,2021-03-12,2742,116725,882,39690,1568,75956,292,1079,912,37788,1826,39948,1203,77736,California
Santa Cruz,2021-03-13,2303,119028,1325,41015,936,76892,42,1121,1176,37884,1124,41072,1220,78956,California
Santa Cruz,2021-03-14,897,119925,212,41227,671,77563,14,1135,428,37858,467,41539,441,79397,California
Santa Cruz,2021-03-15,1332,121257,474,41701,823,78386,35,1170,573,37711,756,42295,609,80006,California
Santa Cruz,2021-03-16,2307,123564,1090,42791,1177,79563,40,1210,1337,38121,966,43261,1376,81382,California
Santa Cruz,2021-03-17,3941,127505,2322,45113,1609,81172,10,1220,2599,39396,1337,44598,2612,83994,California
Santa Cruz,2021-03-18,3848,131353,2072,47185,1658,82830,118,1338,2059,39787,1786,46384,2177,86171,California
Santa Cruz,2021-03-19,3371,134724,1318,48503,1829,84659,224,1562,1758,40160,1608,47992,1981,88152,California
Santa Cruz,2021-03-20,2159,136883,1612,50115,511,85170,36,1598,1086,40211,1071,49063,1122,89274,California
Santa Cruz,2021-03-21,819,137702,439,50554,258,85428,122,1720,437,40391,380,49443,560,89834,California
Santa Cruz,2021-03-22,1364,139066,845,51399,497,85925,22,1742,941,40935,420,49863,964,90798,California
Santa Cruz,2021-03-23,2549,141615,1432,52831,1067,86992,50,1792,1685,41809,861,50724,1735,92533,California
Santa Cruz,2021-03-24,3099,144714,2111,54942,967,87959,21,1813,2066,42868,1027,51751,2086,94619,California
Santa Cruz,2021-03-25,2637,147351,1323,56265,1277,89236,37,1850,1346,42967,1284,53035,1383,96002,California
Santa Cruz,2021-03-26,3120,150471,1812,58077,1281,90517,27,1877,2146,44172,967,54002,2172,98174,California
Santa Cruz,2021-03-27,3208,153679,2002,60079,1181,91698,25,1902,1508,44016,1690,55692,1534,99708,California
Santa Cruz,2021-03-28,935,154614,577,60656,344,92042,14,1916,493,44085,438,56130,507,100215,California
Santa Cruz,2021-03-29,1985,156599,877,61533,1040,93082,68,1984,1286,44743,696,56826,1354,101569,California
Santa Cruz,2021-03-30,2692,159291,812,62345,1723,94805,157,2141,1712,45635,977,57803,1869,103438,California
Santa Cruz,2021-03-31,4174,163465,2833,65178,1293,96098,48,2189,2199,45912,1970,59773,2247,105685,California
Santa Cruz,2021-04-01,4049,167514,2166,67344,1775,97873,108,2297,2051,46080,1991,61764,2159,107844,California
Santa Cruz,2021-04-02,3284,170798,1422,68766,1684,99557,178,2475,1883,46743,1398,63162,2061,109905,California
Santa Cruz,2021-04-03,2248,173046,1226,69992,889,100446,133,2608,888,46405,1358,64520,1020,110925,California
Santa Cruz,2021-04-04,937,173983,489,70481,392,100838,56,2664,552,46628,385,64905,608,111533,California
Santa Cruz,2021-04-05,2267,176250,787,71268,1312,102150,168,2832,1403,47337,863,65768,1572,113105,California
Santa Cruz,2021-04-06,3397,179647,1651,72919,1366,103516,380,3212,1968,48262,1418,67186,2343,115448,California
Santa Cruz,2021-04-07,4169,183816,1634,74553,2174,105690,361,3573,1810,48084,2356,69542,2178,117626,California
Santa Cruz,2021-04-08,4268,188084,2344,76897,1409,107099,515,4088,2521,49382,1738,71280,3036,120662,California
Santa Cruz,2021-04-09,3682,191766,1502,78399,1782,108881,398,4486,2077,50259,1599,72879,2476,123138,California
Santa Cruz,2021-04-10,2245,194011,1080,79479,916,109797,249,4735,1052,50370,1189,74068,1300,124438,California
Santa Cruz,2021-04-11,990,195001,515,79994,383,110180,92,4827,476,50424,514,74582,568,125006,California
Santa Cruz,2021-04-12,2291,197292,821,80815,1046,111226,424,5251,1098,50767,1178,75760,1521,126527,California
Santa Cruz,2021-04-13,2883,200175,1446,82261,1435,112661,2,5253,1623,51139,1253,77013,1625,128152,California
Santa Cruz,2021-04-14,4602,204777,2242,84503,2360,115021,0,5253,2245,51036,2350,79363,2247,130399,California
Santa Cruz,2021-04-15,5002,209779,3192,87695,1810,116831,0,5253,3159,52363,1832,81195,3159,133558,California
Santa Cruz,2021-04-16,4484,214263,2484,90179,1998,118829,2,5255,2437,52764,2039,83234,2440,135998,California
Santa Cruz,2021-04-17,2247,216510,889,91068,1358,120187,0,5255,1495,53509,750,83984,1495,137493,California
Santa Cruz,2021-04-18,1057,217567,510,91578,546,120733,1,5256,586,53627,469,84453,587,138080,California
Santa Cruz,2021-04-19,2533,220100,1514,93092,1018,121751,1,5257,1606,54309,924,85377,1606,139686,California
Santa Cruz,2021-04-20,3132,223232,1668,94760,1464,123215,0,5257,1793,54773,1330,86707,1794,141480,California
Santa Cruz,2021-04-21,4257,227489,2848,97608,1409,124624,0,5257,2310,55154,1929,88636,2310,143790,California
Santa Cruz,2021-04-22,4308,231797,2905,100513,1403,126027,0,5257,2420,55695,1879,90515,2420,146210,California
Santa Cruz,2021-04-23,3196,234993,1733,102246,1462,127489,1,5258,1388,55285,1799,92314,1389,147599,California
Santa Cruz,2021-04-24,2241,237234,1086,103332,1152,128641,3,5261,701,54460,1529,93843,704,148303,California
Santa Cruz,2021-04-25,1090,238324,696,104028,382,129023,12,5273,450,54289,632,94475,461,148764,California
Santa Cruz,2021-04-26,1894,240218,930,104958,950,129973,14,5287,750,53920,1134,95609,765,149529,California
Santa Cruz,2021-04-27,2807,243025,881,105839,1859,131832,67,5354,1402,53990,1399,97008,1469,150998,California
Santa Cruz,2021-04-28,3410,246435,1887,107726,1446,133278,77,5431,1790,54245,1609,98617,1864,152862,California
Santa Cruz,2021-04-29,3706,250141,2459,110185,1184,134462,63,5494,1279,53172,2416,101033,1343,154205,California
Santa Cruz,2021-04-30,2382,252523,1209,111394,1129,135591,44,5538,1019,52880,1355,102388,1063,155268,California
Santa Cruz,2021-05-01,1285,253808,1019,112413,233,135824,33,5571,598,52826,685,103073,631,155899,California
Santa Cruz,2021-05-02,640,254448,455,112868,160,135984,25,5596,213,52638,427,103500,239,156138,California
Santa Cruz,2021-05-03,1924,256372,992,113860,865,136849,67,5663,660,52113,1253,104753,728,156866,California
Santa Cruz,2021-05-04,2685,259057,1562,115422,1053,137902,70,5733,868,51236,1813,106566,936,157802,California
Santa Cruz,2021-05-05,2740,261797,1365,116787,1313,139215,62,5795,719,50041,1980,108546,785,158587,California
Santa Cruz,2021-05-06,3835,265632,2443,119230,1174,140389,218,6013,853,48145,2964,111510,1068,159655,California
Santa Cruz,2021-05-07,2746,268378,1243,120473,1421,141810,82,6095,432,46351,2309,113819,515,160170,California
Santa Cruz,2021-05-08,1364,269742,687,121160,649,142459,28,6123,384,45785,980,114799,414,160584,California
Santa Cruz,2021-05-09,508,270250,327,121487,158,142617,23,6146,151,45605,354,115153,174,160758,California
Santa Cruz,2021-05-10,1580,271830,1218,122705,297,142914,65,6211,406,44908,1168,116321,471,161229,California
Santa Cruz,2021-05-11,1816,273646,1303,124008,434,143348,79,6290,636,44445,1177,117498,714,161943,California
Santa Cruz,2021-05-12,2584,276230,1278,125286,1232,144580,74,6364,515,42974,2061,119559,590,162533,California
Santa Cruz,2021-05-13,3219,279449,2481,127767,651,145231,87,6451,1295,42436,1921,121480,1383,163916,California
Santa Cruz,2021-05-14,2577,282026,1524,129291,1014,146245,39,6490,1070,42049,1499,122979,1112,165028,California
Santa Cruz,2021-05-15,2295,284321,1330,130621,953,147198,12,6502,1119,42007,1173,124152,1131,166159,California
Santa Cruz,2021-05-16,721,285042,374,130995,326,147524,21,6523,206,41721,514,124666,228,166387,California
Santa Cruz,2021-05-17,1273,286315,797,131792,436,147960,40,6563,581,41651,691,125357,621,167008,California
Santa Cruz,2021-05-18,2093,288408,1414,133206,656,148616,23,6586,1149,41887,936,126293,1172,168180,California
Santa Cruz,2021-05-19,2761,291169,1592,134798,1139,149755,30,6616,1079,41322,1674,127967,1109,169289,California
Santa Cruz,2021-05-20,2413,293582,1885,136683,389,150144,139,6755,1150,41361,1256,129223,1295,170584,California
Santa Cruz,2021-05-21,1181,294763,725,137408,375,150519,81,6836,514,41294,663,129886,596,171180,California
Santa Cruz,2021-05-22,1406,296169,1192,138600,206,150725,8,6844,533,40965,870,130756,541,171721,California
Santa Cruz,2021-05-23,182,296351,139,138739,28,150753,15,6859,64,40929,115,130871,79,171800,California
Santa Cruz,2021-05-24,1049,297400,654,139393,342,151095,53,6912,336,40613,703,131574,387,172187,California
Santa Cruz,2021-05-25,1291,298691,658,140051,619,151714,14,6926,250,39842,1035,132609,264,172451,California
Shasta,2020-12-16,131,131,131,131,0,0,0,0,131,131,0,0,131,131,California
Shasta,2020-12-17,420,551,420,551,0,0,0,0,420,551,0,0,420,551,California
Shasta,2020-12-18,166,717,166,717,0,0,0,0,166,717,0,0,166,717,California
Shasta,2020-12-19,1,718,1,718,0,0,0,0,1,718,0,0,1,718,California
Shasta,2020-12-21,79,797,79,797,0,0,0,0,79,797,0,0,79,797,California
Shasta,2020-12-22,192,989,187,984,5,5,0,0,192,989,0,0,192,989,California
Shasta,2020-12-23,174,1163,170,1154,4,9,0,0,174,1163,0,0,174,1163,California
Shasta,2020-12-24,18,1181,18,1172,0,9,0,0,18,1181,0,0,18,1181,California
Shasta,2020-12-26,4,1185,1,1173,3,12,0,0,4,1185,0,0,4,1185,California
Shasta,2020-12-27,1,1186,0,1173,1,13,0,0,1,1186,0,0,1,1186,California
Shasta,2020-12-28,40,1226,31,1204,9,22,0,0,40,1226,0,0,40,1226,California
Shasta,2020-12-29,186,1412,185,1389,1,23,0,0,186,1412,0,0,186,1412,California
Shasta,2020-12-30,178,1590,168,1557,10,33,0,0,178,1590,0,0,178,1590,California
Shasta,2020-12-31,83,1673,2,1559,81,114,0,0,83,1673,0,0,83,1673,California
Shasta,2021-01-02,2,1675,0,1559,2,116,0,0,2,1675,0,0,2,1675,California
Shasta,2021-01-03,1,1676,1,1560,0,116,0,0,1,1676,0,0,1,1676,California
Shasta,2021-01-04,372,2048,306,1866,66,182,0,0,373,2049,0,0,373,2049,California
Shasta,2021-01-05,335,2383,314,2180,21,203,0,0,253,2220,82,82,253,2302,California
Shasta,2021-01-06,466,2849,395,2575,71,274,0,0,203,2161,262,344,203,2505,California
Shasta,2021-01-07,125,2974,36,2611,89,363,0,0,104,2244,21,365,104,2609,California
Shasta,2021-01-08,525,3499,448,3059,77,440,0,0,317,2353,208,573,317,2926,California
Shasta,2021-01-09,73,3572,64,3123,9,449,0,0,71,2422,2,575,71,2997,California
Shasta,2021-01-10,5,3577,0,3123,5,454,0,0,4,2426,1,576,5,3002,California
Shasta,2021-01-11,405,3982,184,3307,221,675,0,0,370,2761,35,611,370,3372,California
Shasta,2021-01-12,487,4469,330,3637,157,832,0,0,312,2898,175,786,312,3684,California
Shasta,2021-01-13,599,5068,267,3904,332,1164,0,0,430,3159,169,955,430,4114,California
Shasta,2021-01-14,501,5569,52,3956,449,1613,0,0,483,3624,18,973,483,4597,California
Shasta,2021-01-15,686,6255,134,4090,552,2165,0,0,684,4306,2,975,684,5281,California
Shasta,2021-01-16,897,7152,54,4144,843,3008,0,0,894,5197,3,978,894,6175,California
Shasta,2021-01-17,27,7179,6,4150,21,3029,0,0,23,5216,4,982,23,6198,California
Shasta,2021-01-18,598,7777,128,4278,470,3499,0,0,590,5798,8,990,590,6788,California
Shasta,2021-01-19,1058,8835,398,4676,660,4159,0,0,910,6560,148,1138,910,7698,California
Shasta,2021-01-20,681,9516,413,5089,268,4427,0,0,494,6872,182,1320,494,8192,California
Shasta,2021-01-21,633,10149,280,5369,353,4780,0,0,610,7459,23,1343,610,8802,California
Shasta,2021-01-22,447,10596,173,5542,274,5054,0,0,441,7894,6,1349,441,9243,California
Shasta,2021-01-23,68,10664,5,5547,63,5117,0,0,67,7960,1,1350,67,9310,California
Shasta,2021-01-24,25,10689,2,5549,23,5140,0,0,24,7983,1,1351,24,9334,California
Shasta,2021-01-25,750,11439,491,6040,259,5399,0,0,464,8162,285,1636,464,9798,California
Shasta,2021-01-26,709,12148,333,6373,376,5775,0,0,475,8405,232,1868,475,10273,California
Shasta,2021-01-27,459,12607,179,6552,280,6055,0,0,410,8766,49,1917,410,10683,California
Shasta,2021-01-28,887,13494,576,7128,311,6366,0,0,665,9209,222,2139,665,11348,California
Shasta,2021-01-29,833,14327,332,7460,501,6867,0,0,643,9663,190,2329,644,11992,California
Shasta,2021-01-30,616,14943,15,7475,601,7468,0,0,606,10259,10,2339,606,12598,California
Shasta,2021-01-31,27,14970,3,7478,24,7492,0,0,26,10284,1,2340,26,12624,California
Shasta,2021-02-01,530,15500,148,7626,382,7874,0,0,386,10526,144,2484,386,13010,California
Shasta,2021-02-02,988,16488,500,8126,488,8362,0,0,896,11332,90,2574,896,13906,California
Shasta,2021-02-03,723,17211,211,8337,512,8874,0,0,488,11585,235,2809,488,14394,California
Shasta,2021-02-04,1098,18309,675,9012,423,9297,0,0,905,12298,192,3001,905,15299,California
Shasta,2021-02-05,1253,19562,165,9177,1088,10385,0,0,1046,13138,206,3207,1046,16345,California
Shasta,2021-02-06,1745,21307,41,9218,1704,12089,0,0,1722,14837,23,3230,1722,18067,California
Shasta,2021-02-07,25,21332,3,9221,22,12111,0,0,23,14858,2,3232,23,18090,California
Shasta,2021-02-08,596,21928,168,9389,428,12539,0,0,306,14874,290,3522,306,18396,California
Shasta,2021-02-09,1124,23052,654,10043,470,13009,0,0,731,15213,393,3915,732,19128,California
Shasta,2021-02-10,1124,24176,788,10831,336,13345,0,0,599,15287,526,4441,600,19728,California
Shasta,2021-02-11,891,25067,186,11017,705,14050,0,0,369,15139,517,4958,369,20097,California
Shasta,2021-02-12,1778,26845,1199,12216,579,14629,0,0,1227,15815,551,5509,1227,21324,California
Shasta,2021-02-13,1381,28226,368,12584,1013,15642,0,0,570,15574,812,6321,571,21895,California
Shasta,2021-02-14,150,28376,4,12588,146,15788,0,0,126,15676,24,6345,126,22021,California
Shasta,2021-02-15,377,28753,89,12677,288,16076,0,0,208,15715,169,6514,208,22229,California
Shasta,2021-02-16,1196,29949,521,13198,675,16751,0,0,422,15364,773,7287,422,22651,California
Shasta,2021-02-17,1034,30983,438,13636,596,17347,0,0,414,15158,620,7907,414,23065,California
Shasta,2021-02-18,949,31932,468,14104,481,17828,0,0,459,15128,490,8397,460,23525,California
Shasta,2021-02-19,1338,33270,946,15050,392,18220,0,0,871,15532,467,8864,871,24396,California
Shasta,2021-02-20,802,34072,89,15139,713,18933,0,0,303,15336,499,9363,303,24699,California
Shasta,2021-02-21,32,34104,3,15142,29,18962,0,0,10,15324,22,9385,10,24709,California
Shasta,2021-02-22,430,34534,77,15219,353,19315,0,0,178,15251,251,9636,178,24887,California
Shasta,2021-02-23,910,35444,469,15688,441,19756,0,0,327,14995,583,10219,327,25214,California
Shasta,2021-02-24,891,36335,509,16197,382,20138,0,0,274,14653,616,10835,274,25488,California
Shasta,2021-02-25,519,36854,163,16360,356,20494,0,0,162,14459,356,11191,162,25650,California
Shasta,2021-02-26,790,37644,94,16454,696,21190,0,0,331,14332,458,11649,331,25981,California
Shasta,2021-02-27,827,38471,27,16481,800,21990,0,0,188,13883,637,12286,188,26169,California
Shasta,2021-02-28,176,38647,4,16485,172,22162,0,0,126,13959,50,12336,126,26295,California
Shasta,2021-03-01,583,39230,58,16543,525,22687,0,0,295,13967,287,12623,295,26590,California
Shasta,2021-03-02,1029,40259,474,17017,555,23242,0,0,338,13616,689,13312,338,26928,California
Shasta,2021-03-03,673,40932,171,17188,502,23744,0,0,244,13431,429,13741,244,27172,California
Shasta,2021-03-04,3034,43966,2419,19607,615,24359,0,0,1749,13897,1284,15025,1750,28922,California
Shasta,2021-03-05,1557,45523,161,19768,1367,25726,29,29,790,13948,768,15793,819,29741,California
Shasta,2021-03-06,2743,48266,385,20153,2311,28037,47,76,856,12966,1885,17678,903,30644,California
Shasta,2021-03-07,92,48358,4,20157,56,28093,32,108,38,12982,54,17732,70,30714,California
Shasta,2021-03-08,570,48928,46,20203,385,28478,139,247,157,12867,411,18143,296,31010,California
Shasta,2021-03-09,1254,50182,595,20798,481,28959,178,425,699,13188,555,18698,876,31886,California
Shasta,2021-03-10,799,50981,257,21055,340,29299,202,627,136,12862,662,19360,336,32222,California
Shasta,2021-03-11,1558,52539,471,21526,815,30114,272,899,940,13459,615,19975,1212,33434,California
Shasta,2021-03-12,1560,54099,848,22374,463,30577,249,1148,412,12971,1147,21122,659,34093,California
Shasta,2021-03-13,758,54857,425,22799,232,30809,101,1249,475,13263,282,21404,574,34667,California
Shasta,2021-03-14,1018,55875,8,22807,988,31797,22,1271,879,14026,139,21543,902,35569,California
Shasta,2021-03-15,496,56371,35,22842,361,32158,100,1371,210,14049,286,21829,309,35878,California
Shasta,2021-03-16,1135,57506,149,22991,919,33077,67,1438,851,14683,284,22113,918,36796,California
Shasta,2021-03-17,733,58239,191,23182,484,33561,58,1496,394,14802,333,22446,452,37248,California
Shasta,2021-03-18,1542,59781,586,23768,852,34413,104,1600,1115,15598,423,22869,1219,38467,California
Shasta,2021-03-19,648,60429,196,23964,396,34809,56,1656,414,15835,233,23102,470,38937,California
Shasta,2021-03-20,747,61176,489,24453,244,35053,14,1670,599,16300,148,23250,613,39550,California
Shasta,2021-03-21,313,61489,298,24751,4,35057,11,1681,286,16571,26,23276,297,39847,California
Shasta,2021-03-22,347,61836,37,24788,274,35331,36,1717,199,16659,147,23423,235,40082,California
Shasta,2021-03-23,1312,63148,653,25441,599,35930,60,1777,757,16926,550,23973,817,40899,California
Shasta,2021-03-24,610,63758,156,25597,416,36346,38,1815,366,17087,243,24216,404,41303,California
Shasta,2021-03-25,1134,64892,449,26046,664,37010,21,1836,820,17618,311,24527,842,42145,California
Shasta,2021-03-26,1836,66728,1404,27450,402,37412,30,1866,1477,18767,359,24886,1508,43653,California
Shasta,2021-03-27,1594,68322,405,27855,317,37729,872,2738,575,19194,1017,25903,1444,45097,California
Shasta,2021-03-28,405,68727,299,28154,96,37825,10,2748,300,19401,103,26006,310,45407,California
Shasta,2021-03-29,420,69147,40,28194,368,38193,12,2760,166,19326,253,26259,178,45585,California
Shasta,2021-03-30,1246,70393,766,28960,463,38656,17,2777,625,19350,618,26877,642,46227,California
Shasta,2021-03-31,620,71013,206,29166,408,39064,6,2783,384,19509,231,27108,390,46617,California
Shasta,2021-04-01,897,71910,248,29414,637,39701,12,2795,576,19778,319,27427,588,47205,California
Shasta,2021-04-02,755,72665,200,29614,501,40202,54,2849,415,19909,338,27765,469,47674,California
Shasta,2021-04-03,514,73179,362,29976,133,40335,19,2868,389,20192,125,27890,408,48082,California
Shasta,2021-04-04,293,73472,176,30152,96,40431,21,2889,218,20356,75,27965,239,48321,California
Shasta,2021-04-05,444,73916,68,30220,312,40743,64,2953,253,20482,191,28156,317,48638,California
Shasta,2021-04-06,1164,75080,487,30707,503,41246,174,3127,539,20575,620,28776,713,49351,California
Shasta,2021-04-07,655,75735,213,30920,279,41525,163,3290,258,20602,393,29169,420,49771,California
Shasta,2021-04-08,1144,76879,262,31182,726,42251,156,3446,217,20049,925,30094,372,50143,California
Shasta,2021-04-09,2587,79466,2070,33252,307,42558,210,3656,2007,21691,573,30667,2215,52358,California
Shasta,2021-04-10,879,80345,592,33844,158,42716,129,3785,266,21472,613,31280,394,52752,California
Shasta,2021-04-11,1251,81596,397,34241,834,43550,20,3805,144,20533,1103,32383,164,52916,California
Shasta,2021-04-12,338,81934,7,34248,269,43819,62,3867,97,20451,240,32623,158,53074,California
Shasta,2021-04-13,1268,83202,366,34614,900,44719,2,3869,338,19864,926,33549,339,53413,California
Shasta,2021-04-14,592,83794,143,34757,447,45166,2,3871,221,19717,370,33919,223,53636,California
Shasta,2021-04-15,1066,84860,256,35013,810,45976,0,3871,302,19258,761,34680,302,53938,California
Shasta,2021-04-16,2340,87200,1845,36858,495,46471,0,3871,935,18790,1403,36083,935,54873,California
Shasta,2021-04-17,642,87842,411,37269,231,46702,0,3871,189,18527,453,36536,190,55063,California
Shasta,2021-04-18,265,88107,240,37509,25,46727,0,3871,32,18328,231,36767,32,55095,California
Shasta,2021-04-19,381,88488,27,37536,354,47081,0,3871,162,18271,219,36986,162,55257,California
Shasta,2021-04-20,1011,89499,256,37792,755,47836,0,3871,377,18015,633,37619,377,55634,California
Shasta,2021-04-21,605,90104,220,38012,385,48221,0,3871,304,18018,301,37920,304,55938,California
Shasta,2021-04-22,965,91069,283,38295,682,48903,0,3871,300,17655,663,38583,300,56238,California
Shasta,2021-04-23,659,91728,264,38559,395,49298,0,3871,328,17653,330,38913,328,56566,California
Shasta,2021-04-24,600,92328,357,38916,242,49540,1,3872,108,17271,490,39403,108,56674,California
Shasta,2021-04-25,211,92539,182,39098,28,49568,1,3873,37,17135,174,39577,38,56712,California
Shasta,2021-04-26,485,93024,52,39150,428,49996,5,3878,337,17330,146,39723,341,57053,California
Shasta,2021-04-27,536,93560,178,39328,322,50318,36,3914,296,17423,237,39960,330,57383,California
Shasta,2021-04-28,578,94138,158,39486,387,50705,33,3947,253,17383,325,40285,285,57668,California
Shasta,2021-04-29,782,94920,120,39606,639,51344,23,3970,182,16989,599,40884,205,57873,California
Shasta,2021-04-30,2268,97188,1842,41448,395,51739,31,4001,270,15293,1997,42881,301,58174,California
Shasta,2021-05-01,224,97412,20,41468,128,51867,76,4077,96,15337,128,43009,172,58346,California
Shasta,2021-05-02,46,97458,16,41484,17,51884,13,4090,19,15342,27,43036,32,58378,California
Shasta,2021-05-03,351,97809,94,41578,231,52115,26,4116,112,15242,238,43274,138,58516,California
Shasta,2021-05-04,528,98337,193,41771,296,52411,39,4155,254,15264,271,43545,293,58809,California
Shasta,2021-05-05,432,98769,140,41911,275,52686,17,4172,200,15249,232,43777,217,59026,California
Shasta,2021-05-06,694,99463,264,42175,390,53076,40,4212,296,15196,389,44166,336,59362,California
Shasta,2021-05-07,1116,100579,735,42910,342,53418,39,4251,304,14728,811,44977,343,59705,California
Shasta,2021-05-08,167,100746,83,42993,74,53492,10,4261,98,14767,68,45045,107,59812,California
Shasta,2021-05-09,66,100812,15,43008,46,53538,5,4266,35,14776,31,45076,40,59852,California
Shasta,2021-05-10,260,101072,21,43029,189,53727,50,4316,113,14792,144,45220,160,60012,California
Shasta,2021-05-11,505,101577,160,43189,196,53923,149,4465,174,14785,330,45550,323,60335,California
Shasta,2021-05-12,365,101942,142,43331,201,54124,22,4487,119,14681,245,45795,141,60476,California
Shasta,2021-05-13,534,102476,224,43555,294,54418,16,4503,197,14559,335,46130,213,60689,California
Shasta,2021-05-14,604,103080,260,43815,318,54736,26,4529,273,14529,330,46460,300,60989,California
Shasta,2021-05-15,394,103474,125,43940,164,54900,105,4634,163,14566,230,46690,267,61256,California
Shasta,2021-05-16,222,103696,155,44095,57,54957,10,4644,164,14682,58,46748,174,61430,California
Shasta,2021-05-17,539,104235,243,44338,236,55193,60,4704,286,14776,252,47000,346,61776,California
Shasta,2021-05-18,609,104844,293,44631,292,55485,24,4728,326,14843,283,47283,350,62126,California
Shasta,2021-05-19,578,105422,280,44911,230,55715,68,4796,285,14906,290,47573,353,62479,California
Shasta,2021-05-20,510,105932,233,45144,260,55975,17,4813,242,14900,265,47838,259,62738,California
Shasta,2021-05-21,530,106462,257,45401,255,56230,18,4831,272,14934,256,48094,290,63028,California
Shasta,2021-05-22,190,106652,112,45513,71,56301,7,4838,121,14995,67,48161,128,63156,California
Shasta,2021-05-23,94,106746,43,45556,40,56341,11,4849,59,15030,35,48196,70,63226,California
Shasta,2021-05-24,517,107263,158,45714,330,56671,29,4878,184,14911,332,48528,213,63439,California
Shasta,2021-05-25,185,107448,66,45780,86,56757,33,4911,56,14873,126,48654,88,63527,California
Sierra,2020-12-18,1,1,1,1,0,0,0,0,1,1,0,0,1,1,California
Sierra,2020-12-21,2,3,2,3,0,0,0,0,2,3,0,0,2,3,California
Sierra,2020-12-22,12,15,12,15,0,0,0,0,12,15,0,0,12,15,California
Sierra,2020-12-23,4,19,4,19,0,0,0,0,4,19,0,0,4,19,California
Sierra,2020-12-28,1,20,0,19,1,1,0,0,1,20,0,0,1,20,California
Sierra,2020-12-29,49,69,7,26,42,43,0,0,49,69,0,0,49,69,California
Sierra,2020-12-30,2,71,0,26,2,45,0,0,2,71,0,0,2,71,California
Sierra,2020-12-31,13,84,0,26,13,58,0,0,13,84,0,0,13,84,California
Sierra,2021-01-01,1,85,1,27,0,58,0,0,1,85,0,0,1,85,California
Sierra,2021-01-05,64,149,2,29,62,120,0,0,64,149,0,0,64,149,California
Sierra,2021-01-06,1,150,1,30,0,120,0,0,1,150,0,0,1,150,California
Sierra,2021-01-07,21,171,1,31,20,140,0,0,20,169,1,1,20,170,California
Sierra,2021-01-08,1,172,1,32,0,140,0,0,1,170,0,1,1,171,California
Sierra,2021-01-11,3,175,3,35,0,140,0,0,0,167,3,4,0,171,California
Sierra,2021-01-12,39,214,12,47,27,167,0,0,27,182,12,16,27,198,California
Sierra,2021-01-13,3,217,3,50,0,167,0,0,0,179,3,19,0,198,California
Sierra,2021-01-14,35,252,2,52,33,200,0,0,35,214,0,19,35,233,California
Sierra,2021-01-15,3,255,1,53,2,202,0,0,3,217,0,19,3,236,California
Sierra,2021-01-18,2,257,0,53,2,204,0,0,2,219,0,19,2,238,California
Sierra,2021-01-19,32,289,0,53,32,236,0,0,32,251,0,19,32,270,California
Sierra,2021-01-20,1,290,1,54,0,236,0,0,1,252,0,19,1,271,California
Sierra,2021-01-21,52,342,0,54,52,288,0,0,52,304,0,19,52,323,California
Sierra,2021-01-22,2,344,0,54,2,290,0,0,2,306,0,19,2,325,California
Sierra,2021-01-23,2,346,0,54,2,292,0,0,2,308,0,19,2,327,California
Sierra,2021-01-26,62,408,0,54,62,354,0,0,24,294,38,57,24,351,California
Sierra,2021-01-27,4,412,4,58,0,354,0,0,0,290,4,61,0,351,California
Sierra,2021-01-28,53,465,0,58,53,407,0,0,43,323,10,71,43,394,California
Sierra,2021-01-29,2,467,0,58,2,409,0,0,2,325,0,71,2,396,California
Sierra,2021-01-30,3,470,3,61,0,409,0,0,2,326,1,72,2,398,California
Sierra,2021-02-01,1,471,0,61,1,410,0,0,0,325,1,73,0,398,California
Sierra,2021-02-02,58,529,1,62,57,467,0,0,19,305,39,112,19,417,California
Sierra,2021-02-03,6,535,5,67,1,468,0,0,5,309,1,113,5,422,California
Sierra,2021-02-04,102,637,5,72,97,565,0,0,53,313,49,162,53,475,California
Sierra,2021-02-05,6,643,4,76,2,567,0,0,5,317,1,163,5,480,California
Sierra,2021-02-09,51,694,0,76,51,618,0,0,48,362,3,166,48,528,California
Sierra,2021-02-10,4,698,2,78,2,620,0,0,4,366,0,166,4,532,California
Sierra,2021-02-11,195,893,1,79,194,814,0,0,134,439,61,227,134,666,California
Sierra,2021-02-12,20,913,0,79,20,834,0,0,20,459,0,227,20,686,California
Sierra,2021-02-13,1,914,1,80,0,834,0,0,1,460,0,227,1,687,California
Sierra,2021-02-15,2,916,2,82,0,834,0,0,0,458,2,229,0,687,California
Sierra,2021-02-16,43,959,0,82,43,877,0,0,10,435,33,262,10,697,California
Sierra,2021-02-17,4,963,0,82,4,881,0,0,1,433,3,265,1,698,California
Sierra,2021-02-18,140,1103,0,82,140,1021,0,0,91,475,49,314,91,789,California
Sierra,2021-02-19,2,1105,1,83,1,1022,0,0,1,475,1,315,1,790,California
Sierra,2021-02-20,2,1107,2,85,0,1022,0,0,0,473,2,317,0,790,California
Sierra,2021-02-22,1,1108,1,86,0,1022,0,0,1,474,0,317,1,791,California
Sierra,2021-02-23,4,1112,0,86,4,1026,0,0,4,478,0,317,4,795,California
Sierra,2021-02-24,3,1115,2,88,1,1027,0,0,3,481,0,317,3,798,California
Sierra,2021-02-25,126,1241,2,90,124,1151,0,0,59,474,66,383,59,857,California
Sierra,2021-02-26,11,1252,6,96,5,1156,0,0,4,471,7,390,4,861,California
Sierra,2021-02-27,2,1254,2,98,0,1156,0,0,0,469,2,392,0,861,California
Sierra,2021-03-01,2,1256,2,100,0,1156,0,0,0,467,2,394,0,861,California
Sierra,2021-03-02,56,1312,0,100,56,1212,0,0,38,487,18,412,38,899,California
Sierra,2021-03-03,2,1314,2,102,0,1212,0,0,1,487,1,413,1,900,California
Sierra,2021-03-04,108,1422,0,102,108,1320,0,0,60,499,48,461,60,960,California
Sierra,2021-03-05,13,1435,1,103,12,1332,0,0,11,508,2,463,11,971,California
Sierra,2021-03-07,1,1436,1,104,0,1332,0,0,0,507,1,464,0,971,California
Sierra,2021-03-08,2,1438,2,106,0,1332,0,0,2,509,0,464,2,973,California
Sierra,2021-03-09,56,1494,0,106,56,1388,0,0,12,477,44,508,12,985,California
Sierra,2021-03-10,6,1500,0,106,6,1394,0,0,4,479,2,510,4,989,California
Sierra,2021-03-11,176,1676,0,106,176,1570,0,0,44,391,132,642,44,1033,California
Sierra,2021-03-12,20,1696,1,107,19,1589,0,0,0,371,20,662,0,1033,California
Sierra,2021-03-13,28,1724,0,107,28,1617,0,0,28,399,0,662,28,1061,California
Sierra,2021-03-14,1,1725,0,107,0,1617,1,1,0,399,1,663,1,1062,California
Sierra,2021-03-15,1,1726,1,108,0,1617,0,1,0,398,1,664,0,1062,California
Sierra,2021-03-16,35,1761,0,108,34,1651,1,2,22,408,13,677,23,1085,California
Sierra,2021-03-17,3,1764,2,110,1,1652,0,2,0,405,3,680,0,1085,California
Sierra,2021-03-18,158,1922,0,110,158,1810,0,2,65,377,93,773,65,1150,California
Sierra,2021-03-19,4,1926,2,112,2,1812,0,2,1,375,3,776,1,1151,California
Sierra,2021-03-20,1,1927,0,112,1,1813,0,2,1,376,0,776,1,1152,California
Sierra,2021-03-23,22,1949,0,112,22,1835,0,2,13,380,9,785,13,1165,California
Sierra,2021-03-24,3,1952,1,113,2,1837,0,2,1,379,2,787,1,1166,California
Sierra,2021-03-25,99,2051,1,114,98,1935,0,2,50,380,49,836,50,1216,California
Sierra,2021-03-26,12,2063,1,115,11,1946,0,2,8,384,4,840,8,1224,California
Sierra,2021-03-27,1,2064,0,115,1,1947,0,2,0,383,1,841,0,1224,California
Sierra,2021-03-29,1,2065,1,116,0,1947,0,2,0,382,1,842,0,1224,California
Sierra,2021-03-30,55,2120,1,117,54,2001,0,2,22,371,33,875,22,1246,California
Sierra,2021-03-31,8,2128,0,117,8,2009,0,2,8,379,0,875,8,1254,California
Sierra,2021-04-01,63,2191,1,118,62,2071,0,2,5,328,56,931,5,1259,California
Sierra,2021-04-02,3,2194,2,120,1,2072,0,2,2,329,1,932,2,1261,California
Sierra,2021-04-04,1,2195,0,120,1,2073,0,2,0,329,0,932,0,1261,California
Sierra,2021-04-06,11,2206,0,120,11,2084,0,2,1,320,10,942,1,1262,California
Sierra,2021-04-07,14,2220,3,123,6,2090,5,7,3,318,10,952,8,1270,California
Sierra,2021-04-08,54,2274,2,125,52,2142,0,7,16,296,38,990,16,1286,California
Sierra,2021-04-09,2,2276,2,127,0,2142,0,7,1,296,1,991,1,1287,California
Sierra,2021-04-10,27,2303,0,127,27,2169,0,7,0,269,27,1018,0,1287,California
Sierra,2021-04-12,1,2304,0,127,0,2169,1,8,0,269,1,1019,1,1288,California
Sierra,2021-04-13,45,2349,0,127,45,2214,0,8,5,234,40,1059,5,1293,California
Sierra,2021-04-14,1,2350,0,127,1,2215,0,8,1,235,0,1059,1,1294,California
Sierra,2021-04-15,49,2399,1,128,48,2263,0,8,2,190,47,1106,2,1296,California
Sierra,2021-04-17,2,2401,1,129,1,2264,0,8,1,190,1,1107,1,1297,California
Sierra,2021-04-19,1,2402,1,130,0,2264,0,8,0,189,1,1108,0,1297,California
Sierra,2021-04-20,34,2436,1,131,33,2297,0,8,7,169,27,1135,7,1304,California
Sierra,2021-04-21,2,2438,1,132,1,2298,0,8,1,169,1,1136,1,1305,California
Sierra,2021-04-22,64,2502,1,133,63,2361,0,8,5,116,58,1194,5,1310,California
Sierra,2021-04-23,11,2513,0,133,11,2372,0,8,3,111,8,1202,3,1313,California
Sierra,2021-04-24,4,2517,0,133,4,2376,0,8,4,115,0,1202,4,1317,California
Sierra,2021-04-27,28,2545,1,134,27,2403,0,8,5,97,23,1225,5,1322,California
Sierra,2021-04-28,10,2555,2,136,8,2411,0,8,1,89,9,1234,1,1323,California
Sierra,2021-04-29,20,2575,2,138,18,2429,0,8,14,97,6,1240,14,1337,California
Sierra,2021-04-30,4,2579,2,140,2,2431,0,8,2,97,2,1242,2,1339,California
Sierra,2021-05-03,1,2580,1,141,0,2431,0,8,1,98,0,1242,1,1340,California
Sierra,2021-05-04,1,2581,0,141,1,2432,0,8,0,97,1,1243,0,1340,California
Sierra,2021-05-05,22,2603,0,141,22,2454,0,8,7,89,15,1258,7,1347,California
Sierra,2021-05-06,1,2604,1,142,0,2454,0,8,0,88,1,1259,0,1347,California
Sierra,2021-05-07,1,2605,1,143,0,2454,0,8,1,89,0,1259,1,1348,California
Sierra,2021-05-08,1,2606,0,143,0,2454,1,9,0,89,1,1260,1,1349,California
Sierra,2021-05-11,11,2617,0,143,4,2458,7,16,0,85,11,1271,7,1356,California
Sierra,2021-05-12,10,2627,1,144,9,2467,0,16,7,89,3,1274,7,1363,California
Sierra,2021-05-13,3,2630,2,146,1,2468,0,16,2,90,1,1275,2,1365,California
Sierra,2021-05-14,3,2633,1,147,2,2470,0,16,3,93,0,1275,3,1368,California
Sierra,2021-05-17,1,2634,1,148,0,2470,0,16,1,94,0,1275,1,1369,California
Sierra,2021-05-18,3,2637,1,149,1,2471,1,17,0,92,3,1278,1,1370,California
Sierra,2021-05-19,6,2643,3,152,3,2474,0,17,2,90,4,1282,2,1372,California
Sierra,2021-05-20,9,2652,8,160,0,2474,1,18,8,98,1,1283,9,1381,California
Sierra,2021-05-21,4,2656,2,162,2,2476,0,18,1,96,3,1286,1,1382,California
Sierra,2021-05-22,4,2660,0,162,4,2480,0,18,0,92,4,1290,0,1382,California
Sierra,2021-05-23,1,2661,0,162,1,2481,0,18,1,93,0,1290,1,1383,California
Sierra,2021-05-24,2,2663,1,163,1,2482,0,18,1,93,1,1291,1,1384,California
Siskiyou,2020-12-16,2,2,2,2,0,0,0,0,2,2,0,0,2,2,California
Siskiyou,2020-12-17,4,6,4,6,0,0,0,0,4,6,0,0,4,6,California
Siskiyou,2020-12-18,2,8,2,8,0,0,0,0,2,8,0,0,2,8,California
Siskiyou,2020-12-19,4,12,4,12,0,0,0,0,4,12,0,0,4,12,California
Siskiyou,2020-12-20,1,13,1,13,0,0,0,0,1,13,0,0,1,13,California
Siskiyou,2020-12-21,132,145,132,145,0,0,0,0,132,145,0,0,132,145,California
Siskiyou,2020-12-22,158,303,158,303,0,0,0,0,158,303,0,0,158,303,California
Siskiyou,2020-12-23,142,445,142,445,0,0,0,0,142,445,0,0,142,445,California
Siskiyou,2020-12-24,5,450,5,450,0,0,0,0,5,450,0,0,5,450,California
Siskiyou,2020-12-26,2,452,0,450,2,2,0,0,2,452,0,0,2,452,California
Siskiyou,2020-12-27,2,454,0,450,2,4,0,0,2,454,0,0,2,454,California
Siskiyou,2020-12-28,3,457,1,451,2,6,0,0,3,457,0,0,3,457,California
Siskiyou,2020-12-29,6,463,2,453,4,10,0,0,6,463,0,0,6,463,California
Siskiyou,2020-12-30,98,561,3,456,95,105,0,0,98,561,0,0,98,561,California
Siskiyou,2020-12-31,12,573,0,456,12,117,0,0,12,573,0,0,12,573,California
Siskiyou,2021-01-02,1,574,1,457,0,117,0,0,1,574,0,0,1,574,California
Siskiyou,2021-01-03,1,575,0,457,1,118,0,0,1,575,0,0,1,575,California
Siskiyou,2021-01-04,130,705,3,460,127,245,0,0,130,705,0,0,130,705,California
Siskiyou,2021-01-05,116,821,4,464,112,357,0,0,115,819,1,1,115,820,California
Siskiyou,2021-01-06,59,880,6,470,53,410,0,0,55,870,4,5,55,875,California
Siskiyou,2021-01-07,175,1055,4,474,171,581,0,0,174,1043,1,6,174,1049,California
Siskiyou,2021-01-08,41,1096,3,477,38,619,0,0,39,1080,2,8,39,1088,California
Siskiyou,2021-01-09,2,1098,2,479,0,619,0,0,0,1078,2,10,0,1088,California
Siskiyou,2021-01-11,226,1324,65,544,161,780,0,0,163,1178,63,73,163,1251,California
Siskiyou,2021-01-12,322,1646,274,818,48,828,0,0,89,1035,233,306,90,1341,California
Siskiyou,2021-01-13,157,1803,137,955,20,848,0,0,23,924,134,440,23,1364,California
Siskiyou,2021-01-14,25,1828,1,956,24,872,0,0,24,947,1,441,24,1388,California
Siskiyou,2021-01-15,35,1863,3,959,32,904,0,0,35,982,0,441,35,1423,California
Siskiyou,2021-01-16,7,1870,2,961,5,909,0,0,7,989,0,441,7,1430,California
Siskiyou,2021-01-17,1,1871,1,962,0,909,0,0,0,988,1,442,0,1430,California
Siskiyou,2021-01-18,77,1948,4,966,73,982,0,0,75,1061,2,444,75,1505,California
Siskiyou,2021-01-19,21,1969,1,967,20,1002,0,0,20,1080,1,445,20,1525,California
Siskiyou,2021-01-20,47,2016,35,1002,12,1014,0,0,43,1119,4,449,43,1568,California
Siskiyou,2021-01-21,42,2058,1,1003,41,1055,0,0,42,1161,0,449,42,1610,California
Siskiyou,2021-01-22,1327,3385,1175,2178,152,1207,0,0,1327,2488,0,449,1327,2937,California
Siskiyou,2021-01-23,5,3390,1,2179,4,1211,0,0,2,2487,3,452,2,2939,California
Siskiyou,2021-01-25,182,3572,8,2187,174,1385,0,0,178,2661,4,456,178,3117,California
Siskiyou,2021-01-26,148,3720,3,2190,145,1530,0,0,140,2793,8,464,140,3257,California
Siskiyou,2021-01-27,181,3901,1,2191,180,1710,0,0,126,2864,55,519,126,3383,California
Siskiyou,2021-01-28,231,4132,117,2308,114,1824,0,0,225,3083,6,525,225,3608,California
Siskiyou,2021-01-29,249,4381,3,2311,246,2070,0,0,247,3328,2,527,247,3855,California
Siskiyou,2021-01-30,4,4385,3,2314,1,2071,0,0,4,3332,0,527,4,3859,California
Siskiyou,2021-02-01,195,4580,3,2317,192,2263,0,0,105,3347,90,617,105,3964,California
Siskiyou,2021-02-02,289,4869,45,2362,244,2507,0,0,147,3352,142,759,147,4111,California
Siskiyou,2021-02-03,314,5183,1,2363,313,2820,0,0,264,3566,50,809,264,4375,California
Siskiyou,2021-02-04,322,5505,7,2370,315,3135,0,0,200,3644,122,931,200,4575,California
Siskiyou,2021-02-05,511,6016,4,2374,507,3642,0,0,349,3831,162,1093,349,4924,California
Siskiyou,2021-02-06,15,6031,0,2374,15,3657,0,0,15,3846,0,1093,15,4939,California
Siskiyou,2021-02-07,4,6035,3,2377,1,3658,0,0,4,3850,0,1093,4,4943,California
Siskiyou,2021-02-08,221,6256,5,2382,216,3874,0,0,216,4061,5,1098,216,5159,California
Siskiyou,2021-02-09,197,6453,4,2386,193,4067,0,0,164,4192,33,1131,164,5323,California
Siskiyou,2021-02-10,370,6823,40,2426,330,4397,0,0,317,4457,52,1183,317,5640,California
Siskiyou,2021-02-11,189,7012,1,2427,188,4585,0,0,174,4616,15,1198,174,5814,California
Siskiyou,2021-02-12,1690,8702,1198,3625,492,5077,0,0,501,3928,1189,2387,501,6315,California
Siskiyou,2021-02-13,36,8738,2,3627,34,5111,0,0,32,3956,4,2391,32,6347,California
Siskiyou,2021-02-14,5,8743,1,3628,4,5115,0,0,5,3961,0,2391,5,6352,California
Siskiyou,2021-02-15,108,8851,10,3638,98,5213,0,0,106,4065,2,2393,106,6458,California
Siskiyou,2021-02-16,114,8965,2,3640,112,5325,0,0,99,4149,15,2408,99,6557,California
Siskiyou,2021-02-17,184,9149,15,3655,169,5494,0,0,170,4305,14,2422,170,6727,California
Siskiyou,2021-02-18,221,9370,88,3743,133,5627,0,0,98,4280,123,2545,98,6825,California
Siskiyou,2021-02-19,71,9441,34,3777,37,5664,0,0,34,4277,37,2582,34,6859,California
Siskiyou,2021-02-20,21,9462,3,3780,18,5682,0,0,16,4288,5,2587,16,6875,California
Siskiyou,2021-02-21,1,9463,1,3781,0,5682,0,0,1,4289,0,2587,1,6876,California
Siskiyou,2021-02-22,125,9588,2,3783,123,5805,0,0,19,4202,106,2693,19,6895,California
Siskiyou,2021-02-23,197,9785,15,3798,182,5987,0,0,53,4111,144,2837,53,6948,California
Siskiyou,2021-02-24,148,9933,5,3803,143,6130,0,0,36,4035,112,2949,36,6984,California
Siskiyou,2021-02-25,301,10234,24,3827,277,6407,0,0,155,4044,146,3095,155,7139,California
Siskiyou,2021-02-26,670,10904,11,3838,659,7066,0,0,368,4110,302,3397,368,7507,California
Siskiyou,2021-02-27,33,10937,5,3843,28,7094,0,0,28,4133,5,3402,28,7535,California
Siskiyou,2021-02-28,6,10943,5,3848,1,7095,0,0,4,4135,2,3404,4,7539,California
Siskiyou,2021-03-01,280,11223,6,3854,274,7369,0,0,50,3955,230,3634,50,7589,California
Siskiyou,2021-03-02,190,11413,1,3855,189,7558,0,0,70,3905,120,3754,70,7659,California
Siskiyou,2021-03-03,348,11761,10,3865,338,7896,0,0,155,3867,193,3947,155,7814,California
Siskiyou,2021-03-04,793,12554,620,4485,173,8069,0,0,635,4344,158,4105,635,8449,California
Siskiyou,2021-03-05,326,12880,6,4491,309,8378,11,11,105,4242,218,4323,116,8565,California
Siskiyou,2021-03-06,43,12923,3,4494,33,8411,7,18,28,4262,15,4338,35,8600,California
Siskiyou,2021-03-07,12,12935,4,4498,0,8411,8,26,3,4264,9,4347,11,8611,California
Siskiyou,2021-03-08,360,13295,30,4528,295,8706,35,61,59,4057,301,4648,94,8705,California
Siskiyou,2021-03-09,164,13459,2,4530,108,8814,54,115,57,4061,107,4755,111,8816,California
Siskiyou,2021-03-10,222,13681,7,4537,185,8999,30,145,30,3929,192,4947,60,8876,California
Siskiyou,2021-03-11,476,14157,206,4743,223,9222,47,192,276,4053,199,5146,323,9199,California
Siskiyou,2021-03-12,650,14807,141,4884,470,9692,39,231,184,3814,464,5610,225,9424,California
Siskiyou,2021-03-13,427,15234,380,5264,24,9716,23,254,381,4172,46,5656,404,9828,California
Siskiyou,2021-03-14,20,15254,1,5265,3,9719,16,270,2,4172,18,5674,18,9846,California
Siskiyou,2021-03-15,457,15711,258,5523,177,9896,22,292,322,4381,135,5809,344,10190,California
Siskiyou,2021-03-16,257,15968,34,5557,206,10102,17,309,140,4422,116,5925,157,10347,California
Siskiyou,2021-03-17,201,16169,9,5566,184,10286,8,317,34,4297,167,6092,42,10389,California
Siskiyou,2021-03-18,927,17096,789,6355,126,10412,12,329,811,5004,116,6208,823,11212,California
Siskiyou,2021-03-19,68,17164,10,6365,45,10457,13,342,20,4989,48,6256,33,11245,California
Siskiyou,2021-03-20,30,17194,7,6372,18,10475,5,347,6,4976,24,6280,11,11256,California
Siskiyou,2021-03-21,10,17204,4,6376,1,10476,5,352,4,4979,6,6286,9,11265,California
Siskiyou,2021-03-22,208,17412,21,6397,165,10641,22,374,145,5086,60,6346,167,11432,California
Siskiyou,2021-03-23,196,17608,19,6416,167,10808,10,384,141,5182,55,6401,151,11583,California
Siskiyou,2021-03-24,140,17748,47,6463,93,10901,0,384,115,5272,25,6426,115,11698,California
Siskiyou,2021-03-25,571,18319,319,6782,249,11150,3,387,400,5504,171,6597,403,12101,California
Siskiyou,2021-03-26,305,18624,35,6817,270,11420,0,387,104,5409,199,6796,104,12205,California
Siskiyou,2021-03-27,37,18661,4,6821,28,11448,5,392,9,5395,28,6824,14,12219,California
Siskiyou,2021-03-28,9,18670,8,6829,1,11449,0,392,5,5396,4,6828,5,12224,California
Siskiyou,2021-03-29,96,18766,10,6839,84,11533,2,394,46,5394,50,6878,48,12272,California
Siskiyou,2021-03-30,102,18868,7,6846,94,11627,1,395,41,5375,61,6939,42,12314,California
Siskiyou,2021-03-31,190,19058,20,6866,167,11794,3,398,48,5286,141,7080,52,12366,California
Siskiyou,2021-04-01,831,19889,673,7539,158,11952,0,398,214,4883,617,7697,214,12580,California
Siskiyou,2021-04-02,347,20236,197,7736,146,12098,4,402,66,4674,279,7976,70,12650,California
Siskiyou,2021-04-03,26,20262,5,7741,14,12112,7,409,5,4665,21,7997,12,12662,California
Siskiyou,2021-04-04,2,20264,1,7742,1,12113,0,409,1,4665,1,7998,1,12663,California
Siskiyou,2021-04-05,438,20702,332,8074,80,12193,26,435,27,4308,410,8408,53,12716,California
Siskiyou,2021-04-06,219,20921,36,8110,130,12323,53,488,125,4392,93,8501,177,12893,California
Siskiyou,2021-04-07,116,21037,11,8121,63,12386,42,530,66,4450,50,8551,108,13001,California
Siskiyou,2021-04-08,352,21389,184,8305,127,12513,41,571,64,4267,288,8839,105,13106,California
Siskiyou,2021-04-09,547,21936,379,8684,131,12644,37,608,84,3927,462,9301,122,13228,California
Siskiyou,2021-04-10,45,21981,6,8690,2,12646,37,645,6,3931,39,9340,43,13271,California
Siskiyou,2021-04-11,8,21989,5,8695,1,12647,2,647,2,3929,6,9346,4,13275,California
Siskiyou,2021-04-12,129,22118,25,8720,103,12750,1,648,49,3899,80,9426,50,13325,California
Siskiyou,2021-04-13,207,22325,37,8757,169,12919,1,649,81,3855,126,9552,82,13407,California
Siskiyou,2021-04-14,156,22481,65,8822,91,13010,0,649,85,3871,69,9621,85,13492,California
Siskiyou,2021-04-15,1118,23599,959,9781,159,13169,0,649,438,3629,680,10301,438,13930,California
Siskiyou,2021-04-16,301,23900,207,9988,94,13263,0,649,270,3869,30,10331,270,14200,California
Siskiyou,2021-04-17,11,23911,8,9996,3,13266,0,649,7,3872,4,10335,7,14207,California
Siskiyou,2021-04-18,6,23917,3,9999,3,13269,0,649,2,3870,4,10339,2,14209,California
Siskiyou,2021-04-19,128,24045,25,10024,103,13372,0,649,45,3832,83,10422,45,14254,California
Siskiyou,2021-04-20,237,24282,5,10029,232,13604,0,649,94,3783,143,10565,94,14348,California
Siskiyou,2021-04-21,94,24376,10,10039,84,13688,0,649,25,3739,69,10634,25,14373,California
Siskiyou,2021-04-22,416,24792,302,10341,114,13802,0,649,51,3425,365,10999,51,14424,California
Siskiyou,2021-04-23,180,24972,14,10355,166,13968,0,649,158,3562,21,11020,158,14582,California
Siskiyou,2021-04-24,27,24999,4,10359,23,13991,0,649,19,3573,8,11028,19,14601,California
Siskiyou,2021-04-25,2,25001,0,10359,2,13993,0,649,2,3575,0,11028,2,14603,California
Siskiyou,2021-04-26,100,25101,6,10365,89,14082,5,654,25,3530,75,11103,30,14633,California
Siskiyou,2021-04-27,102,25203,4,10369,96,14178,2,656,83,3598,17,11120,85,14718,California
Siskiyou,2021-04-28,110,25313,8,10377,94,14272,8,664,52,3600,58,11178,60,14778,California
Siskiyou,2021-04-29,105,25418,14,10391,91,14363,0,664,25,3545,80,11258,25,14803,California
Siskiyou,2021-04-30,101,25519,20,10411,80,14443,1,665,44,3535,54,11312,44,14847,California
Siskiyou,2021-05-01,11,25530,7,10418,1,14444,3,668,7,3541,4,11316,10,14857,California
Siskiyou,2021-05-02,11,25541,5,10423,6,14450,0,668,9,3548,2,11318,9,14866,California
Siskiyou,2021-05-03,110,25651,23,10446,85,14535,2,670,47,3534,63,11381,49,14915,California
Siskiyou,2021-05-04,123,25774,6,10452,115,14650,2,672,62,3538,60,11441,64,14979,California
Siskiyou,2021-05-05,117,25891,21,10473,87,14737,9,681,39,3509,77,11518,48,15027,California
Siskiyou,2021-05-06,367,26258,296,10769,65,14802,6,687,190,3528,177,11695,196,15223,California
Siskiyou,2021-05-07,309,26567,219,10988,85,14887,5,692,33,3291,275,11970,38,15261,California
Siskiyou,2021-05-08,24,26591,4,10992,19,14906,1,693,18,3304,6,11976,19,15280,California
Siskiyou,2021-05-09,1,26592,0,10992,1,14907,0,693,0,3303,1,11977,0,15280,California
Siskiyou,2021-05-10,98,26690,67,11059,30,14937,1,694,20,3246,78,12055,21,15301,California
Siskiyou,2021-05-11,82,26772,4,11063,73,15010,5,699,47,3263,35,12090,52,15353,California
Siskiyou,2021-05-12,52,26824,3,11066,45,15055,4,703,15,3245,37,12127,19,15372,California
Siskiyou,2021-05-13,76,26900,31,11097,36,15091,9,712,33,3244,43,12170,42,15414,California
Siskiyou,2021-05-14,169,27069,81,11178,87,15178,1,713,103,3283,65,12235,104,15518,California
Siskiyou,2021-05-15,45,27114,14,11192,29,15207,2,715,38,3317,6,12241,40,15558,California
Siskiyou,2021-05-16,6,27120,2,11194,4,15211,0,715,4,3319,2,12243,4,15562,California
Siskiyou,2021-05-17,66,27186,2,11196,41,15252,23,738,12,3300,54,12297,35,15597,California
Siskiyou,2021-05-18,220,27406,82,11278,134,15386,4,742,123,3331,96,12393,127,15724,California
Siskiyou,2021-05-19,156,27562,96,11374,59,15445,1,743,124,3424,32,12425,125,15849,California
Siskiyou,2021-05-20,496,28058,425,11799,69,15514,2,745,228,3386,268,12693,230,16079,California
Siskiyou,2021-05-21,170,28228,86,11885,83,15597,1,746,97,3412,72,12765,98,16177,California
Siskiyou,2021-05-22,40,28268,19,11904,21,15618,0,746,24,3420,16,12781,24,16201,California
Siskiyou,2021-05-23,3,28271,3,11907,0,15618,0,746,1,3419,2,12783,1,16202,California
Siskiyou,2021-05-24,22,28293,5,11912,17,15635,0,746,10,3418,11,12794,10,16212,California
Siskiyou,2021-05-25,86,28379,4,11916,69,15704,13,759,20,3386,65,12859,33,16245,California
Solano,2020-12-15,4,4,4,4,0,0,0,0,4,4,0,0,4,4,California
Solano,2020-12-16,71,75,71,75,0,0,0,0,71,75,0,0,71,75,California
Solano,2020-12-17,154,229,154,229,0,0,0,0,154,229,0,0,154,229,California
Solano,2020-12-18,445,674,444,673,1,1,0,0,445,674,0,0,445,674,California
Solano,2020-12-19,521,1195,521,1194,0,1,0,0,521,1195,0,0,521,1195,California
Solano,2020-12-20,356,1551,354,1548,2,3,0,0,356,1551,0,0,356,1551,California
Solano,2020-12-21,572,2123,570,2118,2,5,0,0,572,2123,0,0,572,2123,California
Solano,2020-12-22,662,2785,629,2747,33,38,0,0,662,2785,0,0,662,2785,California
Solano,2020-12-23,868,3653,777,3524,91,129,0,0,867,3652,0,0,867,3652,California
Solano,2020-12-24,423,4076,171,3695,252,381,0,0,423,4075,0,0,423,4075,California
Solano,2020-12-25,10,4086,2,3697,8,389,0,0,10,4085,0,0,10,4085,California
Solano,2020-12-26,173,4259,47,3744,126,515,0,0,173,4258,0,0,173,4258,California
Solano,2020-12-27,105,4364,29,3773,76,591,0,0,105,4363,0,0,105,4363,California
Solano,2020-12-28,864,5228,422,4195,442,1033,0,0,864,5227,0,0,864,5227,California
Solano,2020-12-29,902,6130,375,4570,527,1560,0,0,902,6129,0,0,902,6129,California
Solano,2020-12-30,1235,7365,599,5169,636,2196,0,0,1235,7364,0,0,1235,7364,California
Solano,2020-12-31,538,7903,137,5306,401,2597,0,0,538,7902,0,0,538,7902,California
Solano,2021-01-01,14,7917,13,5319,1,2598,0,0,14,7916,0,0,14,7916,California
Solano,2021-01-02,213,8130,165,5484,48,2646,0,0,213,8129,0,0,213,8129,California
Solano,2021-01-03,57,8187,40,5524,17,2663,0,0,52,8181,0,0,52,8181,California
Solano,2021-01-04,452,8639,246,5770,206,2869,0,0,442,8620,3,3,442,8623,California
Solano,2021-01-05,729,9368,376,6146,353,3222,0,0,575,9046,149,152,575,9198,California
Solano,2021-01-06,846,10214,439,6585,407,3629,0,0,581,9364,263,415,581,9779,California
Solano,2021-01-07,1068,11282,685,7270,383,4012,0,0,610,9519,456,871,611,10390,California
Solano,2021-01-08,1143,12425,778,8048,365,4377,0,0,553,9502,572,1443,555,10945,California
Solano,2021-01-09,887,13312,764,8812,123,4500,0,0,429,9476,455,1898,429,11374,California
Solano,2021-01-10,254,13566,194,9006,60,4560,0,0,152,9526,102,2000,152,11526,California
Solano,2021-01-11,1334,14900,1120,10126,214,4774,0,0,817,9826,517,2517,817,12343,California
Solano,2021-01-12,1571,16471,1173,11299,398,5172,0,0,1020,10297,550,3067,1021,13364,California
Solano,2021-01-13,1463,17934,1006,12305,457,5629,0,0,1204,11244,257,3324,1204,14568,California
Solano,2021-01-14,1892,19826,814,13119,1078,6707,0,0,1577,12506,315,3639,1577,16145,California
Solano,2021-01-15,1697,21523,1059,14178,638,7345,0,0,1400,13609,297,3936,1400,17545,California
Solano,2021-01-16,1292,22815,904,15082,388,7733,0,0,1117,14551,175,4111,1117,18662,California
Solano,2021-01-17,1042,23857,758,15840,284,8017,0,0,1022,15554,20,4131,1023,19685,California
Solano,2021-01-18,1409,25266,853,16693,556,8573,0,0,1292,16730,117,4248,1293,20978,California
Solano,2021-01-19,1652,26918,1338,18031,314,8887,0,0,1381,17841,270,4518,1381,22359,California
Solano,2021-01-20,2033,28951,1421,19452,612,9499,0,0,1546,18903,484,5002,1546,23905,California
Solano,2021-01-21,3186,32137,1015,20467,2171,11670,0,0,2834,21386,352,5354,2835,26740,California
Solano,2021-01-22,1771,33908,844,21311,927,12597,0,0,1579,22773,192,5546,1579,28319,California
Solano,2021-01-23,736,34644,242,21553,494,13091,0,0,531,23099,206,5752,532,28851,California
Solano,2021-01-24,403,35047,61,21614,342,13433,0,0,336,23368,67,5819,336,29187,California
Solano,2021-01-25,1669,36716,631,22245,1038,14471,0,0,1114,23929,554,6373,1115,30302,California
Solano,2021-01-26,1781,38497,740,22985,1041,15512,0,0,1147,24444,633,7006,1148,31450,California
Solano,2021-01-27,1784,40281,717,23702,1067,16579,0,0,1182,25028,598,7604,1182,32632,California
Solano,2021-01-28,1962,42243,708,24410,1254,17833,0,0,1370,25808,591,8195,1371,34003,California
Solano,2021-01-29,1702,43945,784,25194,918,18751,0,0,1342,26792,358,8553,1342,35345,California
Solano,2021-01-30,951,44896,457,25651,494,19245,0,0,607,27056,344,8897,608,35953,California
Solano,2021-01-31,245,45141,153,25804,92,19337,0,0,174,27159,71,8968,174,36127,California
Solano,2021-02-01,1558,46699,1036,26840,522,19859,0,0,777,27158,778,9746,777,36904,California
Solano,2021-02-02,3342,50041,1094,27934,2248,22107,0,0,2533,28886,805,10551,2533,39437,California
Solano,2021-02-03,2266,52307,1308,29242,958,23065,0,0,1166,28955,1097,11648,1166,40603,California
Solano,2021-02-04,1796,54103,900,30142,896,23961,0,0,1072,29308,719,12367,1072,41675,California
Solano,2021-02-05,3097,57200,1417,31559,1680,25641,0,0,2093,30405,996,13363,2093,43768,California
Solano,2021-02-06,3057,60257,1169,32728,1888,27529,0,0,2240,31832,813,14176,2240,46008,California
Solano,2021-02-07,847,61104,783,33511,64,27593,0,0,236,31458,610,14786,236,46244,California
Solano,2021-02-08,1756,62860,1235,34746,521,28114,0,0,714,31132,1040,15826,714,46958,California
Solano,2021-02-09,1949,64809,1484,36230,465,28579,0,0,697,30578,1251,17077,697,47655,California
Solano,2021-02-10,2264,67073,1496,37726,768,29347,0,0,823,29960,1441,18518,823,48478,California
Solano,2021-02-11,2513,69586,1491,39217,1022,30369,0,0,1198,29853,1305,19823,1198,49676,California
Solano,2021-02-12,4226,73812,1629,40846,2597,32966,0,0,2876,31386,1343,21166,2876,52552,California
Solano,2021-02-13,2868,76680,249,41095,2619,35585,0,0,2453,33427,412,21578,2453,55005,California
Solano,2021-02-14,726,77406,204,41299,522,36107,0,0,416,33536,308,21886,417,55422,California
Solano,2021-02-15,1328,78734,324,41623,1004,37111,0,0,694,33597,633,22519,694,56116,California
Solano,2021-02-16,2561,81295,1387,43010,1174,38285,0,0,1664,34366,896,23415,1665,57781,California
Solano,2021-02-17,3212,84507,1455,44465,1757,40042,0,0,2170,35498,1039,24454,2171,59952,California
Solano,2021-02-18,2872,87379,842,45307,2030,42072,0,0,861,34355,2005,26459,862,60814,California
Solano,2021-02-19,2400,89779,1446,46753,954,43026,0,0,1170,34302,1225,27684,1172,61986,California
Solano,2021-02-20,2574,92353,382,47135,2192,45218,0,0,2105,35937,470,28154,2105,64091,California
Solano,2021-02-21,2191,94544,1878,49013,313,45531,0,0,1881,37512,306,28460,1881,65972,California
Solano,2021-02-22,1728,96272,1053,50066,675,46206,0,0,911,37610,815,29275,913,66885,California
Solano,2021-02-23,2859,99131,1088,51154,1771,47977,0,0,1953,38660,903,30178,1953,68838,California
Solano,2021-02-24,2484,101615,1244,52398,1240,49217,0,0,1389,38956,1093,31271,1389,70227,California
Solano,2021-02-25,2410,104025,1449,53847,961,50178,0,0,1319,39189,1086,32357,1319,71546,California
Solano,2021-02-26,3187,107212,2031,55878,1156,51334,0,0,1868,39743,1314,33671,1868,73414,California
Solano,2021-02-27,3661,110873,1381,57259,2279,53613,1,1,2961,42013,692,34363,2962,76376,California
Solano,2021-02-28,1369,112242,1038,58297,331,53944,0,1,1087,42822,279,34642,1088,77464,California
Solano,2021-03-01,2453,114695,1057,59354,1395,55339,1,2,1852,44079,596,35238,1853,79317,California
Solano,2021-03-02,2236,116931,1401,60755,835,56174,0,2,1293,44430,942,36180,1293,80610,California
Solano,2021-03-03,2238,119169,1260,62015,978,57152,0,2,1389,44979,841,37021,1390,82000,California
Solano,2021-03-04,4378,123547,3428,65443,948,58100,2,4,3155,46926,1213,38234,3160,85160,California
Solano,2021-03-05,4923,128470,1683,67126,3235,61335,5,9,3952,49922,961,39195,3957,89117,California
Solano,2021-03-06,3842,132312,833,67959,2970,64305,39,48,2643,51416,1188,40383,2682,91799,California
Solano,2021-03-07,3572,135884,760,68719,2802,67107,10,58,1968,51803,1592,41975,1979,93778,California
Solano,2021-03-08,2134,138018,1337,70056,527,67634,270,328,1612,53166,517,42492,1880,95658,California
Solano,2021-03-09,3218,141236,1569,71625,1595,69229,54,382,2319,54638,898,43390,2370,98028,California
Solano,2021-03-10,2423,143659,1764,73389,574,69803,85,467,1271,54846,1148,44538,1356,99384,California
Solano,2021-03-11,6018,149677,1754,75143,4010,73813,254,721,4966,59019,1048,45586,5221,104605,California
Solano,2021-03-12,6011,155688,1567,76710,4266,78079,178,899,3179,59549,2828,48414,3358,107963,California
Solano,2021-03-13,4573,160261,802,77512,3687,81766,84,983,2230,59531,2336,50750,2318,110281,California
Solano,2021-03-14,3999,164260,3121,80633,423,82189,455,1438,1641,59271,2353,53103,2093,112374,California
Solano,2021-03-15,4015,168275,2452,83085,1243,83432,320,1758,2515,60613,1492,54595,2834,115208,California
Solano,2021-03-16,3088,171363,1321,84406,1531,84963,236,1994,1573,60911,1511,56106,1809,117017,California
Solano,2021-03-17,6399,177762,1672,86078,4636,89599,91,2085,4919,64444,1477,57583,5010,122027,California
Solano,2021-03-18,5198,182960,1846,87924,3315,92914,37,2122,3824,66940,1366,58949,3862,125889,California
Solano,2021-03-19,3560,186520,2633,90557,853,93767,74,2196,1811,67085,1741,60690,1886,127775,California
Solano,2021-03-20,5544,192064,1672,92229,3818,97585,54,2250,2839,67282,2696,63386,2893,130668,California
Solano,2021-03-21,1681,193745,1575,93804,81,97666,25,2275,858,67343,820,64206,881,131549,California
Solano,2021-03-22,2670,196415,2038,95842,582,98248,50,2325,1666,68057,998,65204,1712,133261,California
Solano,2021-03-23,3518,199933,1667,97509,1808,100056,43,2368,1410,67405,2104,67308,1452,134713,California
Solano,2021-03-24,2828,202761,1773,99282,1020,101076,35,2403,1372,67361,1450,68758,1406,136119,California
Solano,2021-03-25,4870,207631,3991,103273,844,101920,35,2438,2281,67092,2585,71343,2316,138435,California
Solano,2021-03-26,3225,210856,2097,105370,1091,103011,37,2475,1739,67391,1477,72820,1776,140211,California
Solano,2021-03-27,4198,215054,1155,106525,3006,106017,37,2512,1793,66822,2399,75219,1830,142041,California
Solano,2021-03-28,1419,216473,1111,107636,290,106307,18,2530,551,66527,864,76083,569,142610,California
Solano,2021-03-29,3505,219978,2044,109680,1444,107751,17,2547,1583,66221,1909,77992,1603,144213,California
Solano,2021-03-30,3014,222992,2014,111694,909,108660,91,2638,1871,67041,1142,79134,1962,146175,California
Solano,2021-03-31,3139,226131,2137,113831,843,109503,159,2797,1840,67741,1296,80430,1996,148171,California
Solano,2021-04-01,5551,231682,2112,115943,3288,112791,151,2948,3511,69376,2027,82457,3662,151833,California
Solano,2021-04-02,6595,238277,2227,118170,4201,116992,167,3115,2554,68074,4026,86483,2724,154557,California
Solano,2021-04-03,1532,239809,966,119136,411,117403,155,3270,572,67843,958,87441,727,155284,California
Solano,2021-04-04,781,240590,288,119424,191,117594,302,3572,241,67850,536,87977,543,155827,California
Solano,2021-04-05,2987,243577,2040,121464,740,118334,207,3779,1515,68101,1470,89447,1721,157548,California
Solano,2021-04-06,6025,249602,1635,123099,3900,122234,490,4269,1645,65876,4373,93820,2148,159696,California
Solano,2021-04-07,5906,255508,4569,127668,941,123175,396,4665,3356,67101,2531,96351,3756,163452,California
Solano,2021-04-08,6428,261936,1784,129452,3781,126956,863,5528,1803,65167,4597,100948,2663,166115,California
Solano,2021-04-09,6255,268191,1658,131110,3753,130709,844,6372,1513,62800,4719,105667,2352,168467,California
Solano,2021-04-10,1728,269919,954,132064,449,131158,325,6697,796,62989,931,106598,1120,169587,California
Solano,2021-04-11,1231,271150,765,132829,337,131495,129,6826,638,63166,590,107188,767,170354,California
Solano,2021-04-12,3248,274398,1670,134499,1219,132714,359,7185,1339,62957,1904,109092,1695,172049,California
Solano,2021-04-13,2530,276928,1092,135591,1437,134151,1,7186,1319,63070,1207,110299,1320,173369,California
Solano,2021-04-14,6450,283378,1946,137537,4504,138655,0,7186,1840,60309,4602,114901,1841,175210,California
Solano,2021-04-15,5667,289045,2138,139675,3529,142184,0,7186,1718,58092,3935,118836,1718,176928,California
Solano,2021-04-16,3671,292716,2577,142252,1092,143276,2,7188,2279,58987,1386,120222,2281,179209,California
Solano,2021-04-17,3250,295966,1059,143311,2191,145467,0,7188,1120,57986,2122,122344,1121,180330,California
Solano,2021-04-18,1004,296970,610,143921,394,145861,0,7188,529,58041,474,122818,529,180859,California
Solano,2021-04-19,2107,299077,1158,145079,949,146810,0,7188,1173,58287,929,123747,1175,182034,California
Solano,2021-04-20,3021,302098,1843,146922,1178,147988,0,7188,1682,58634,1335,125082,1682,183716,California
Solano,2021-04-21,3563,305661,2333,149255,1230,149218,0,7188,1788,58652,1770,126852,1788,185504,California
Solano,2021-04-22,2933,308594,1482,150737,1451,150669,0,7188,1780,59281,1151,128003,1780,187284,California
Solano,2021-04-23,4148,312742,2086,152823,2062,152731,0,7188,2496,60132,1646,129649,2497,189781,California
Solano,2021-04-24,3822,316564,2291,155114,1529,154260,2,7190,2530,61458,1206,130855,2532,192313,California
Solano,2021-04-25,1427,317991,1113,156227,314,154574,0,7190,1128,62294,292,131147,1128,193441,California
Solano,2021-04-26,2469,320460,1598,157825,867,155441,4,7194,1323,62487,1134,132281,1327,194768,California
Solano,2021-04-27,2500,322960,1246,159071,1230,156671,24,7218,1432,62883,1062,133343,1458,196226,California
Solano,2021-04-28,5311,328271,4332,163403,933,157604,46,7264,3274,64176,2027,135370,3320,199546,California
Solano,2021-04-29,4156,332427,1265,164668,2859,160463,32,7296,1693,63446,2455,137825,1725,201271,California
Solano,2021-04-30,4029,336456,2189,166857,1708,162171,132,7428,1869,63302,2145,139970,2001,203272,California
Solano,2021-05-01,2174,338630,1676,168533,298,162469,200,7628,1295,63923,874,140844,1495,204767,California
Solano,2021-05-02,1196,339826,936,169469,236,162705,24,7652,668,64092,523,141367,692,205459,California
Solano,2021-05-03,1450,341276,1008,170477,355,163060,87,7739,592,63915,857,142224,680,206139,California
Solano,2021-05-04,1790,343066,1044,171521,681,163741,65,7804,803,63798,985,143209,868,207007,California
Solano,2021-05-05,2247,345313,1408,172929,728,164469,111,7915,1080,63825,1162,144371,1189,208196,California
Solano,2021-05-06,1934,347247,1172,174101,589,165058,173,8088,710,63492,1216,145587,883,209079,California
Solano,2021-05-07,2733,349980,1882,175983,736,165794,115,8203,949,62776,1778,147365,1062,210141,California
Solano,2021-05-08,1367,351347,827,176810,425,166219,115,8318,475,62477,889,148254,590,210731,California
Solano,2021-05-09,416,351763,240,177050,165,166384,11,8329,155,62386,258,148512,167,210898,California
Solano,2021-05-10,1316,353079,604,177654,609,166993,103,8432,382,61941,931,149443,486,211384,California
Solano,2021-05-11,2224,355303,1116,178770,1024,168017,84,8516,616,61038,1603,151046,700,212084,California
Solano,2021-05-12,2046,357349,1151,179921,725,168742,170,8686,679,60528,1357,152403,847,212931,California
Solano,2021-05-13,2852,360201,1955,181876,689,169431,208,8894,1499,60885,1350,153753,1707,214638,California
Solano,2021-05-14,2375,362576,1593,183469,667,170098,115,9009,998,60630,1368,155121,1113,215751,California
Solano,2021-05-15,2860,365436,2230,185699,569,170667,61,9070,1176,60194,1673,156794,1237,216988,California
Solano,2021-05-16,1476,366912,1090,186789,353,171020,33,9103,241,59235,1232,158026,273,217261,California
Solano,2021-05-17,2431,369343,1404,188193,943,171963,84,9187,933,58769,1479,159505,1013,218274,California
Solano,2021-05-18,2747,372090,1475,189668,1186,173149,86,9273,1352,58823,1383,160888,1437,219711,California
Solano,2021-05-19,4888,376978,3362,193030,1420,174569,106,9379,2280,58612,2598,163486,2387,222098,California
Solano,2021-05-20,2213,379191,1330,194360,834,175403,49,9428,962,58378,1245,164731,1011,223109,California
Solano,2021-05-21,3128,382319,1583,195943,1485,176888,60,9488,1247,57815,1870,166601,1307,224416,California
Solano,2021-05-22,2130,384449,1647,197590,425,177313,58,9546,907,57564,1216,167817,965,225381,California
Solano,2021-05-23,1197,385646,1037,198627,150,177463,10,9556,663,57705,532,168349,673,226054,California
Solano,2021-05-24,1812,387458,1029,199656,713,178176,70,9626,630,57227,1177,169526,699,226753,California
Solano,2021-05-25,1032,388490,486,200142,516,178692,30,9656,298,56825,730,170256,328,227081,California
Sonoma,2020-12-15,4,4,4,4,0,0,0,0,4,4,0,0,4,4,California
Sonoma,2020-12-16,27,31,27,31,0,0,0,0,27,31,0,0,27,31,California
Sonoma,2020-12-17,105,136,105,136,0,0,0,0,105,136,0,0,105,136,California
Sonoma,2020-12-18,423,559,423,559,0,0,0,0,423,559,0,0,423,559,California
Sonoma,2020-12-19,112,671,111,670,1,1,0,0,112,671,0,0,112,671,California
Sonoma,2020-12-20,175,846,175,845,0,1,0,0,175,846,0,0,175,846,California
Sonoma,2020-12-21,910,1756,908,1753,2,3,0,0,909,1755,0,0,909,1755,California
Sonoma,2020-12-22,1354,3110,1263,3016,91,94,0,0,1354,3109,0,0,1354,3109,California
Sonoma,2020-12-23,1608,4718,1233,4249,375,469,0,0,1609,4718,0,0,1609,4718,California
Sonoma,2020-12-24,305,5023,101,4350,204,673,0,0,305,5023,0,0,305,5023,California
Sonoma,2020-12-25,8,5031,2,4352,6,679,0,0,8,5031,0,0,8,5031,California
Sonoma,2020-12-26,268,5299,257,4609,11,690,0,0,268,5299,0,0,268,5299,California
Sonoma,2020-12-27,94,5393,80,4689,14,704,0,0,94,5393,0,0,94,5393,California
Sonoma,2020-12-28,985,6378,552,5241,433,1137,0,0,956,6349,0,0,956,6349,California
Sonoma,2020-12-29,1129,7507,777,6018,352,1489,0,0,1096,7445,0,0,1096,7445,California
Sonoma,2020-12-30,1094,8601,479,6497,615,2104,0,0,1086,8531,0,0,1086,8531,California
Sonoma,2020-12-31,517,9118,71,6568,446,2550,0,0,518,9049,0,0,518,9049,California
Sonoma,2021-01-01,13,9131,7,6575,6,2556,0,0,13,9062,0,0,13,9062,California
Sonoma,2021-01-02,132,9263,125,6700,7,2563,0,0,132,9194,0,0,132,9194,California
Sonoma,2021-01-03,24,9287,10,6710,14,2577,0,0,24,9218,0,0,24,9218,California
Sonoma,2021-01-04,343,9630,106,6816,237,2814,0,0,342,9560,0,0,342,9560,California
Sonoma,2021-01-05,435,10065,102,6918,333,3147,0,0,411,9956,15,15,411,9971,California
Sonoma,2021-01-06,952,11017,435,7353,517,3664,0,0,840,10690,106,121,840,10811,California
Sonoma,2021-01-07,1031,12048,536,7889,495,4159,0,0,860,11380,170,291,860,11671,California
Sonoma,2021-01-08,1792,13840,1234,9123,558,4717,0,0,1319,12228,471,762,1319,12990,California
Sonoma,2021-01-09,640,14480,404,9527,236,4953,0,0,591,12770,49,811,591,13581,California
Sonoma,2021-01-10,472,14952,461,9988,11,4964,0,0,277,12852,195,1006,277,13858,California
Sonoma,2021-01-11,1385,16337,1238,11226,147,5111,0,0,414,12300,966,1972,414,14272,California
Sonoma,2021-01-12,1545,17882,1292,12518,253,5364,0,0,395,11547,1148,3120,395,14667,California
Sonoma,2021-01-13,2048,19930,1368,13886,680,6044,0,0,1181,11865,864,3984,1182,15849,California
Sonoma,2021-01-14,1540,21470,808,14694,732,6776,0,0,1310,12945,230,4214,1310,17159,California
Sonoma,2021-01-15,1560,23030,628,15322,932,7708,0,0,1339,14073,212,4426,1340,18499,California
Sonoma,2021-01-16,1146,24176,618,15940,528,8236,0,0,898,14727,244,4670,898,19397,California
Sonoma,2021-01-17,669,24845,548,16488,121,8357,0,0,589,15236,80,4750,589,19986,California
Sonoma,2021-01-18,1112,25957,936,17424,176,8533,0,0,622,15369,490,5240,623,20609,California
Sonoma,2021-01-19,2100,28057,1005,18429,1095,9628,0,0,1388,16048,710,5950,1389,21998,California
Sonoma,2021-01-20,2086,30143,628,19057,1458,11086,0,0,1423,16819,653,6603,1424,23422,California
Sonoma,2021-01-21,2267,32410,646,19703,1621,12707,0,0,2046,18647,219,6822,2047,25469,California
Sonoma,2021-01-22,2742,35152,1044,20747,1698,14405,0,0,2593,21092,148,6970,2593,28062,California
Sonoma,2021-01-23,765,35917,593,21340,172,14577,0,0,658,21644,106,7076,658,28720,California
Sonoma,2021-01-24,847,36764,716,22056,131,14708,0,0,831,22459,16,7092,831,29551,California
Sonoma,2021-01-25,2174,38938,519,22575,1655,16363,0,0,1688,23661,486,7578,1688,31239,California
Sonoma,2021-01-26,2016,40954,302,22877,1714,18077,0,0,1561,24768,454,8032,1561,32800,California
Sonoma,2021-01-27,3705,44659,1278,24155,2427,20504,0,0,3133,27334,570,8602,3136,35936,California
Sonoma,2021-01-28,4122,48781,1850,26005,2272,22776,0,0,3449,30114,670,9272,3450,39386,California
Sonoma,2021-01-29,2969,51750,1410,27415,1559,24335,0,0,2132,31412,835,10107,2133,41519,California
Sonoma,2021-01-30,2591,54341,2402,29817,189,24524,0,0,2248,33318,343,10450,2249,43768,California
Sonoma,2021-01-31,809,55150,697,30514,112,24636,0,0,580,33670,228,10678,580,44348,California
Sonoma,2021-02-01,2473,57623,850,31364,1623,26259,0,0,2096,35392,374,11052,2096,46444,California
Sonoma,2021-02-02,3526,61149,1372,32736,2154,28413,0,0,2958,37785,565,11617,2958,49402,California
Sonoma,2021-02-03,4044,65193,1324,34060,2720,31133,0,0,3114,39973,926,12543,3114,52516,California
Sonoma,2021-02-04,4216,69409,1728,35788,2488,33621,0,0,3426,42612,788,13331,3427,55943,California
Sonoma,2021-02-05,4821,74230,1740,37528,3081,36702,0,0,3799,45394,1018,14349,3800,59743,California
Sonoma,2021-02-06,2638,76868,2278,39806,360,37062,0,0,2108,46973,529,14878,2108,61851,California
Sonoma,2021-02-07,1539,78407,1403,41209,136,37198,0,0,1287,48008,252,15130,1287,63138,California
Sonoma,2021-02-08,3266,81673,1038,42247,2228,39426,0,0,2680,50103,585,15715,2680,65818,California
Sonoma,2021-02-09,3573,85246,1701,43948,1872,41298,0,0,3094,52721,477,16192,3095,68913,California
Sonoma,2021-02-10,4550,89796,2484,46432,2066,43364,0,0,3544,55265,1001,17193,3545,72458,California
Sonoma,2021-02-11,5590,95386,3025,49457,2565,45929,0,0,4402,58481,1186,18379,4402,76860,California
Sonoma,2021-02-12,5905,101291,3245,52702,2660,48589,0,0,4478,61539,1423,19802,4481,81341,California
Sonoma,2021-02-13,1989,103280,1151,53853,838,49427,0,0,1204,61961,782,20584,1204,82545,California
Sonoma,2021-02-14,2312,105592,1819,55672,493,49920,0,0,1568,62786,743,21327,1568,84113,California
Sonoma,2021-02-15,2145,107737,791,56463,1354,51274,0,0,1607,63855,538,21865,1607,85720,California
Sonoma,2021-02-16,4904,112641,2054,58517,2850,54124,0,0,3643,66242,1257,23122,3644,89364,California
Sonoma,2021-02-17,5607,118248,2903,61420,2704,56828,0,0,3579,67803,2020,25142,3581,92945,California
Sonoma,2021-02-18,6937,125185,3138,64558,3799,60627,0,0,4002,68882,2925,28067,4004,96949,California
Sonoma,2021-02-19,5517,130702,1664,66222,3853,64480,0,0,3419,70209,2093,30160,3420,100369,California
Sonoma,2021-02-20,3107,133809,2830,69052,277,64757,0,0,1206,69519,1896,32056,1206,101575,California
Sonoma,2021-02-21,533,134342,428,69480,105,64862,0,0,141,69271,389,32445,141,101716,California
Sonoma,2021-02-22,2875,137217,1355,70835,1520,66382,0,0,1194,68790,1676,34121,1195,102911,California
Sonoma,2021-02-23,3377,140594,2082,72917,1295,67677,0,0,1626,68669,1747,35868,1626,104537,California
Sonoma,2021-02-24,5649,146243,2550,75467,3099,70776,0,0,2921,68868,2723,38591,2922,107459,California
Sonoma,2021-02-25,5805,152048,2240,77707,3565,74341,0,0,3114,69313,2669,41260,3114,110573,California
Sonoma,2021-02-26,6270,158318,2763,80470,3507,77848,0,0,3975,70999,2289,43549,3975,114548,California
Sonoma,2021-02-27,4059,162377,1921,82391,2138,79986,0,0,2709,72360,1348,44897,2709,117257,California
Sonoma,2021-02-28,2324,164701,1838,84229,486,80472,0,0,610,71270,1700,46597,610,117867,California
Sonoma,2021-03-01,3757,168458,1145,85374,2611,83083,1,1,1892,71309,1855,48452,1894,119761,California
Sonoma,2021-03-02,4383,172841,1509,86883,2874,85957,0,1,2560,72053,1816,50268,2560,122321,California
Sonoma,2021-03-03,5059,177900,2639,89522,2420,88377,0,1,2331,71663,2721,52989,2331,124652,California
Sonoma,2021-03-04,5946,183846,2682,92204,3264,91641,0,1,2585,70901,3347,56336,2585,127237,California
Sonoma,2021-03-05,6489,190335,2861,95065,3613,95254,15,16,2746,69934,3729,60065,2762,129999,California
Sonoma,2021-03-06,2790,193125,1219,96284,1436,96690,135,151,1919,71123,864,60929,2053,132052,California
Sonoma,2021-03-07,1711,194836,1399,97683,277,96967,35,186,381,70211,1328,62257,416,132468,California
Sonoma,2021-03-08,4064,198900,662,98345,3227,100194,175,361,2391,71113,1662,63919,2564,135032,California
Sonoma,2021-03-09,5576,204476,3085,101430,2248,102442,243,604,2750,71287,2819,66738,2993,138025,California
Sonoma,2021-03-10,5998,210474,3206,104636,2464,104906,328,932,2428,70486,3556,70294,2755,140780,California
Sonoma,2021-03-11,7544,218018,3011,107647,3713,108619,820,1752,2572,68917,4962,75256,3393,144173,California
Sonoma,2021-03-12,7402,225420,2268,109915,3771,112390,1363,3115,2108,67109,5275,80531,3467,147640,California
Sonoma,2021-03-13,3405,228825,1690,111605,1479,113869,236,3351,1998,67936,1406,81937,2233,149873,California
Sonoma,2021-03-14,1384,230209,385,111990,858,114727,141,3492,847,68389,534,82471,987,150860,California
Sonoma,2021-03-15,5245,235454,1515,113505,3344,118071,386,3878,2197,67932,3038,85509,2581,153441,California
Sonoma,2021-03-16,6288,241742,2248,115753,3809,121880,231,4109,2904,67688,3377,88886,3133,156574,California
Sonoma,2021-03-17,6757,248499,3531,119284,3046,124926,180,4289,3282,67686,3463,92349,3461,160035,California
Sonoma,2021-03-18,7133,255632,2940,122224,3578,128504,615,4904,3181,67538,3941,96290,3793,163828,California
Sonoma,2021-03-19,7501,263133,3250,125474,4020,132524,231,5135,3199,66690,4283,100573,3435,167263,California
Sonoma,2021-03-20,3713,266846,1753,127227,1130,133654,830,5965,2035,67880,1670,102243,2860,170123,California
Sonoma,2021-03-21,1384,268230,603,127830,748,134402,33,5998,1212,68957,168,102411,1245,171368,California
Sonoma,2021-03-22,4541,272771,3108,130938,1330,135732,103,6101,3427,71379,1108,103519,3530,174898,California
Sonoma,2021-03-23,5835,278606,3633,134571,2127,137859,75,6176,4411,74451,1414,104933,4486,179384,California
Sonoma,2021-03-24,6797,285403,4276,138847,2454,140313,67,6243,4164,76067,2614,107547,4230,183614,California
Sonoma,2021-03-25,7111,292514,4199,143046,2802,143115,110,6353,4327,77745,2760,110307,4438,188052,California
Sonoma,2021-03-26,7444,299958,3461,146507,3889,147004,94,6447,3917,78246,3509,113816,4010,192062,California
Sonoma,2021-03-27,3862,303820,1509,148016,1991,148995,362,6809,1122,76999,2731,116547,1484,193546,California
Sonoma,2021-03-28,1511,305331,950,148966,534,149529,27,6836,944,77406,564,117111,971,194517,California
Sonoma,2021-03-29,2958,308289,1104,150070,1821,151350,33,6869,1666,77818,1287,118398,1699,196216,California
Sonoma,2021-03-30,5828,314117,3213,153283,2553,153903,62,6931,3036,78132,2785,121183,3099,199315,California
Sonoma,2021-03-31,5612,319729,3404,156687,1994,155897,214,7145,3239,79227,2360,123543,3455,202770,California
Sonoma,2021-04-01,6768,326497,4032,160719,2396,158293,340,7485,3623,80059,3122,126665,3954,206724,California
Sonoma,2021-04-02,5953,332450,3570,164289,2274,160567,109,7594,3573,81369,2372,129037,3682,210406,California
Sonoma,2021-04-03,3655,336105,1827,166116,1603,162170,225,7819,1611,81171,2032,131069,1834,212240,California
Sonoma,2021-04-04,1063,337168,692,166808,280,162450,91,7910,658,81519,401,131470,749,212989,California
Sonoma,2021-04-05,4403,341571,623,167431,3437,165887,343,8253,1657,80779,2739,134209,1999,214988,California
Sonoma,2021-04-06,6888,348459,3489,170920,2993,168880,406,8659,4001,82312,2873,137082,4406,219394,California
Sonoma,2021-04-07,6816,355275,3847,174767,2129,171009,840,9499,3318,82982,3489,140571,4159,223553,California
Sonoma,2021-04-08,7527,362802,4114,178881,2642,173651,771,10270,4105,84441,3413,143984,4872,228425,California
Sonoma,2021-04-09,6784,369586,3773,182654,2129,175780,882,11152,3486,85519,3285,147269,4363,232788,California
Sonoma,2021-04-10,3871,373457,1683,184337,1633,177413,555,11707,1125,84457,2737,150006,1675,234463,California
Sonoma,2021-04-11,1282,374739,605,184942,595,178008,82,11789,437,84132,844,150850,519,234982,California
Sonoma,2021-04-12,4928,379667,2050,186992,2397,180405,481,12270,1839,83367,3078,153928,2313,237295,California
Sonoma,2021-04-13,7804,387471,4622,191614,3180,183585,2,12272,2962,81500,4831,158759,2964,240259,California
Sonoma,2021-04-14,6546,394017,3728,195342,2798,186383,20,12292,2526,80038,4007,162766,2545,242804,California
Sonoma,2021-04-15,7219,401236,4095,199437,3124,189507,0,12292,3563,79957,3645,166411,3564,246368,California
Sonoma,2021-04-16,6783,408019,3409,202846,3372,192879,2,12294,3839,80861,2937,169348,3841,250209,California
Sonoma,2021-04-17,3179,411198,1542,204388,1637,194516,0,12294,1533,80761,1634,170982,1534,251743,California
Sonoma,2021-04-18,1282,412480,885,205273,397,194913,0,12294,445,80370,836,171818,445,252188,California
Sonoma,2021-04-19,3307,415787,1872,207145,1434,196347,1,12295,1447,79962,1856,173674,1448,253636,California
Sonoma,2021-04-20,6258,422045,3459,210604,2799,199146,0,12295,2345,78406,3902,177576,2346,255982,California
Sonoma,2021-04-21,6511,428556,4209,214813,2300,201446,2,12297,2951,77815,3543,181119,2952,258934,California
Sonoma,2021-04-22,6214,434770,4465,219278,1749,203195,0,12297,2507,76630,3692,184811,2507,261441,California
Sonoma,2021-04-23,7418,442188,4622,223900,2790,205985,6,12303,3626,76484,3779,188590,3633,265074,California
Sonoma,2021-04-24,2775,444963,1511,225411,1250,207235,14,12317,1546,76820,1224,189814,1560,266634,California
Sonoma,2021-04-25,1086,446049,788,226199,298,207533,0,12317,435,76607,648,190462,435,267069,California
Sonoma,2021-04-26,2777,448826,1293,227492,1456,208989,28,12345,1517,76899,1253,191715,1545,268614,California
Sonoma,2021-04-27,5318,454144,3634,231126,1585,210574,99,12444,2167,76027,3138,194853,2266,270880,California
Sonoma,2021-04-28,4859,459003,3195,234321,1469,212043,195,12639,2091,75556,2752,197605,2281,273161,California
Sonoma,2021-04-29,4814,463817,3430,237751,1239,213282,145,12784,1760,74416,3045,200650,1905,275066,California
Sonoma,2021-04-30,5437,469254,3621,241372,1523,214805,293,13077,1815,72914,3609,204259,2107,277173,California
Sonoma,2021-05-01,2477,471731,1778,243150,593,215398,106,13183,1234,73016,1235,205494,1337,278510,California
Sonoma,2021-05-02,864,472595,644,243794,169,215567,51,13234,553,73310,311,205805,605,279115,California
Sonoma,2021-05-03,3179,475774,1680,245474,1354,216921,145,13379,1054,72391,2116,207921,1197,280312,California
Sonoma,2021-05-04,4578,480352,2407,247881,1994,218915,177,13556,1474,70954,3084,211005,1647,281959,California
Sonoma,2021-05-05,3663,484015,2181,250062,1289,220204,193,13749,1308,70108,2345,213350,1499,283458,California
Sonoma,2021-05-06,4502,488517,2406,252468,1969,222173,127,13876,1370,68484,3119,216469,1495,284953,California
Sonoma,2021-05-07,3585,492102,2310,254778,1153,223326,122,13998,1080,67191,2496,218965,1203,286156,California
Sonoma,2021-05-08,1847,493949,1256,256034,499,223825,92,14090,755,66950,1088,220053,847,287003,California
Sonoma,2021-05-09,510,494459,294,256328,175,224000,41,14131,182,66848,325,220378,223,287226,California
Sonoma,2021-05-10,2296,496755,1034,257362,1129,225129,133,14264,281,65258,2001,222379,411,287637,California
Sonoma,2021-05-11,3498,500253,1893,259255,1490,226619,115,14379,953,63793,2533,224912,1068,288705,California
Sonoma,2021-05-12,3914,504167,2444,261699,1332,227951,138,14517,856,61739,3048,227960,994,289699,California
Sonoma,2021-05-13,4715,508882,2712,264411,1889,229840,114,14631,1564,60275,3140,231100,1676,291375,California
Sonoma,2021-05-14,5795,514677,3597,268008,2061,231901,137,14768,2220,59072,3561,234661,2358,293733,California
Sonoma,2021-05-15,2912,517589,2140,270148,710,232611,62,14830,1851,59931,1053,235714,1912,295645,California
Sonoma,2021-05-16,967,518556,765,270913,155,232766,47,14877,650,60314,314,236028,697,296342,California
Sonoma,2021-05-17,2440,520996,1818,272731,528,233294,94,14971,960,59892,1475,237503,1053,297395,California
Sonoma,2021-05-18,4305,525301,2846,275577,1352,234646,107,15078,1515,58741,2772,240275,1621,299016,California
Sonoma,2021-05-19,3700,529001,2386,277963,1201,235847,113,15191,1557,58280,2131,242406,1670,300686,California
Sonoma,2021-05-20,2997,531998,2042,280005,863,236710,92,15283,1338,58055,1650,244056,1425,302111,California
Sonoma,2021-05-21,3743,535741,2122,282127,1495,238205,126,15409,1328,57100,2396,246452,1441,303552,California
Sonoma,2021-05-22,2021,537762,1082,283209,900,239105,39,15448,555,56240,1454,247906,594,304146,California
Sonoma,2021-05-23,1108,538870,961,284170,134,239239,13,15461,575,56301,527,248433,588,304734,California
Sonoma,2021-05-24,1860,540730,1186,285356,556,239795,118,15579,617,55823,1212,249645,734,305468,California
Sonoma,2021-05-25,2105,542835,1380,286736,693,240488,32,15611,483,54724,1613,251258,514,305982,California
Stanislaus,2020-12-15,3,3,3,3,0,0,0,0,3,3,0,0,3,3,California
Stanislaus,2020-12-16,37,40,37,40,0,0,0,0,37,40,0,0,37,40,California
Stanislaus,2020-12-17,75,115,75,115,0,0,0,0,75,115,0,0,75,115,California
Stanislaus,2020-12-18,338,453,332,447,6,6,0,0,338,453,0,0,338,453,California
Stanislaus,2020-12-19,134,587,134,581,0,6,0,0,134,587,0,0,134,587,California
Stanislaus,2020-12-20,86,673,86,667,0,6,0,0,86,673,0,0,86,673,California
Stanislaus,2020-12-21,999,1672,998,1665,1,7,0,0,998,1671,0,0,998,1671,California
Stanislaus,2020-12-22,795,2467,783,2448,12,19,0,0,795,2466,0,0,795,2466,California
Stanislaus,2020-12-23,449,2916,431,2879,18,37,0,0,448,2914,0,0,448,2914,California
Stanislaus,2020-12-24,97,3013,88,2967,9,46,0,0,97,3011,0,0,97,3011,California
Stanislaus,2020-12-26,52,3065,9,2976,43,89,0,0,52,3063,0,0,52,3063,California
Stanislaus,2020-12-27,11,3076,6,2982,5,94,0,0,11,3074,0,0,11,3074,California
Stanislaus,2020-12-28,488,3564,395,3377,93,187,0,0,488,3562,0,0,488,3562,California
Stanislaus,2020-12-29,494,4058,415,3792,79,266,0,0,494,4056,0,0,494,4056,California
Stanislaus,2020-12-30,535,4593,280,4072,255,521,0,0,534,4589,1,1,534,4590,California
Stanislaus,2020-12-31,275,4868,156,4228,119,640,0,0,275,4864,0,1,275,4865,California
Stanislaus,2021-01-01,12,4880,4,4232,8,648,0,0,12,4876,0,1,12,4877,California
Stanislaus,2021-01-02,33,4913,26,4258,7,655,0,0,33,4909,0,1,33,4910,California
Stanislaus,2021-01-03,90,5003,87,4345,3,658,0,0,90,4999,0,1,90,5000,California
Stanislaus,2021-01-04,232,5235,152,4497,80,738,0,0,232,5231,0,1,232,5232,California
Stanislaus,2021-01-05,834,6069,343,4840,491,1229,0,0,809,6024,24,25,817,6049,California
Stanislaus,2021-01-06,1004,7073,600,5440,404,1633,0,0,931,6887,70,95,933,6982,California
Stanislaus,2021-01-07,1079,8152,703,6143,376,2009,0,0,888,7592,185,280,890,7872,California
Stanislaus,2021-01-08,1275,9427,720,6863,555,2564,0,0,933,8191,339,619,938,8810,California
Stanislaus,2021-01-09,288,9715,142,7005,146,2710,0,0,198,8299,90,709,198,9008,California
Stanislaus,2021-01-10,48,9763,22,7027,26,2736,0,0,29,8309,19,728,29,9037,California
Stanislaus,2021-01-11,1496,11259,1217,8244,279,3015,0,0,569,7974,922,1650,587,9624,California
Stanislaus,2021-01-12,1470,12729,864,9108,606,3621,0,0,831,8179,635,2285,840,10464,California
Stanislaus,2021-01-13,1444,14173,687,9795,757,4378,0,0,1122,8988,322,2607,1131,11595,California
Stanislaus,2021-01-14,2236,16409,283,10078,1953,6331,0,0,2066,10955,167,2774,2134,13729,California
Stanislaus,2021-01-15,2825,19234,1159,11237,1666,7997,0,0,2672,13558,149,2923,2752,16481,California
Stanislaus,2021-01-16,473,19707,50,11287,423,8420,0,0,456,14000,16,2939,458,16939,California
Stanislaus,2021-01-17,244,19951,202,11489,42,8462,0,0,237,14231,6,2945,237,17176,California
Stanislaus,2021-01-18,2185,22136,1022,12511,1163,9625,0,0,1797,15717,383,3328,1869,19045,California
Stanislaus,2021-01-19,1253,23389,724,13235,529,10154,0,0,806,16081,443,3771,807,19852,California
Stanislaus,2021-01-20,1012,24401,490,13725,522,10676,0,0,717,16504,294,4065,717,20569,California
Stanislaus,2021-01-21,3687,28088,2973,16698,714,11390,0,0,3362,19651,321,4386,3468,24037,California
Stanislaus,2021-01-22,1093,29181,307,17005,786,12176,0,0,1049,20663,40,4426,1052,25089,California
Stanislaus,2021-01-23,358,29539,44,17049,314,12490,0,0,300,20907,57,4483,301,25390,California
Stanislaus,2021-01-24,302,29841,100,17149,202,12692,0,0,236,21079,66,4549,238,25628,California
Stanislaus,2021-01-25,3154,32995,227,17376,2927,15619,0,0,2832,23770,286,4835,2977,28605,California
Stanislaus,2021-01-26,1724,34719,744,18120,980,16599,0,0,1299,24667,418,5253,1315,29920,California
Stanislaus,2021-01-27,1891,36610,1052,19172,839,17438,0,0,1186,25194,660,5913,1187,31107,California
Stanislaus,2021-01-28,2209,38819,1511,20683,698,18136,0,0,1720,26493,481,6394,1780,32887,California
Stanislaus,2021-01-29,2441,41260,1194,21877,1247,19383,0,0,1909,27964,487,6881,1958,34845,California
Stanislaus,2021-01-30,293,41553,132,22009,161,19544,0,0,229,28140,53,6934,229,35074,California
Stanislaus,2021-01-31,369,41922,315,22324,54,19598,0,0,354,28482,12,6946,354,35428,California
Stanislaus,2021-02-01,1296,43218,586,22910,710,20308,0,0,941,29079,344,7290,941,36369,California
Stanislaus,2021-02-02,1210,44428,348,23258,862,21170,0,0,776,29434,423,7713,778,37147,California
Stanislaus,2021-02-03,2609,47037,1227,24485,1382,22552,0,0,1915,30673,688,8401,1927,39074,California
Stanislaus,2021-02-04,2088,49125,709,25194,1379,23931,0,0,1580,31764,494,8895,1585,40659,California
Stanislaus,2021-02-05,2849,51974,1470,26664,1379,25310,0,0,1591,32170,1198,10093,1604,42263,California
Stanislaus,2021-02-06,886,52860,300,26964,586,25896,0,0,694,32676,190,10283,696,42959,California
Stanislaus,2021-02-07,233,53093,208,27172,25,25921,0,0,43,32533,187,10470,44,43003,California
Stanislaus,2021-02-08,2032,55125,1332,28504,700,26621,0,0,1100,32759,893,11363,1119,44122,California
Stanislaus,2021-02-09,1841,56966,784,29288,1057,27678,0,0,1046,33039,774,12137,1054,45176,California
Stanislaus,2021-02-10,1933,58899,533,29821,1400,29078,0,0,1011,33151,901,13038,1013,46189,California
Stanislaus,2021-02-11,5385,64284,3267,33088,2118,31196,0,0,1228,30431,3954,16992,1234,47423,California
Stanislaus,2021-02-12,3299,67583,914,34002,2385,33581,0,0,1451,30119,1769,18761,1457,48880,California
Stanislaus,2021-02-13,1352,68935,652,34654,700,34281,0,0,981,30738,366,19127,985,49865,California
Stanislaus,2021-02-14,421,69356,167,34821,254,34535,0,0,353,31025,66,19193,353,50218,California
Stanislaus,2021-02-15,1814,71170,229,35050,1585,36120,0,0,582,30492,1119,20312,586,50804,California
Stanislaus,2021-02-16,1360,72530,421,35471,939,37059,0,0,580,30304,770,21082,582,51386,California
Stanislaus,2021-02-17,2753,75283,1686,37157,1067,38126,0,0,1922,31410,826,21908,1932,53318,California
Stanislaus,2021-02-18,3357,78640,1898,39055,1459,39585,0,0,1782,31730,1490,23398,1810,55128,California
Stanislaus,2021-02-19,2758,81398,1065,40120,1693,41278,0,0,1522,32073,1193,24591,1536,56664,California
Stanislaus,2021-02-20,748,82146,380,40500,368,41646,0,0,473,32291,257,24848,475,57139,California
Stanislaus,2021-02-21,906,83052,691,41191,215,41861,0,0,545,32510,337,25185,556,57695,California
Stanislaus,2021-02-22,2342,85394,1692,42883,650,42511,0,0,1626,33441,697,25882,1628,59323,California
Stanislaus,2021-02-23,3692,89086,677,43560,3015,45526,0,0,1716,33346,1823,27705,1728,61051,California
Stanislaus,2021-02-24,4172,93258,2847,46407,1325,46851,0,0,3115,35425,1039,28744,3118,64169,California
Stanislaus,2021-02-25,3883,97141,2646,49053,1237,48088,0,0,3079,37722,785,29529,3082,67251,California
Stanislaus,2021-02-26,4189,101330,1217,50270,2972,51060,0,0,2829,39254,1307,30836,2839,70090,California
Stanislaus,2021-02-27,2089,103419,708,50978,1380,52440,1,1,1856,40907,205,31041,1858,71948,California
Stanislaus,2021-02-28,818,104237,262,51240,556,52996,0,1,769,41638,39,31080,770,72718,California
Stanislaus,2021-03-01,2770,107007,1629,52869,1139,54135,2,3,1629,42173,1106,32186,1641,74359,California
Stanislaus,2021-03-02,2391,109398,1423,54292,967,55102,1,4,1658,43111,723,32909,1661,76020,California
Stanislaus,2021-03-03,3708,113106,2227,56519,1479,56581,2,6,2904,45229,787,33696,2905,78925,California
Stanislaus,2021-03-04,5439,118545,3103,59622,2320,58901,16,22,4191,48214,1218,34914,4203,83128,California
Stanislaus,2021-03-05,4023,122568,1115,60737,2892,61793,16,38,3053,50339,944,35858,3069,86197,California
Stanislaus,2021-03-06,3574,126142,2226,62963,1255,63048,93,131,2722,52308,848,36706,2817,89014,California
Stanislaus,2021-03-07,850,126992,389,63352,425,63473,36,167,661,52822,183,36889,697,89711,California
Stanislaus,2021-03-08,1992,128984,862,64214,1041,64514,89,256,1332,53601,641,37530,1420,91131,California
Stanislaus,2021-03-09,2182,131166,905,65119,1185,65699,92,348,1639,54805,531,38061,1735,92866,California
Stanislaus,2021-03-10,5064,136230,2499,67618,2343,68042,222,570,3743,57479,1304,39365,3978,96844,California
Stanislaus,2021-03-11,5715,141945,3140,70758,2099,70141,476,1046,4124,60658,1427,40792,4606,101450,California
Stanislaus,2021-03-12,5766,147711,1229,71987,2615,72756,1922,2968,2912,62659,2829,43621,4830,106280,California
Stanislaus,2021-03-13,3381,151092,2182,74169,1131,73887,68,3036,2689,64738,683,44304,2762,109042,California
Stanislaus,2021-03-14,996,152088,595,74764,350,74237,51,3087,490,64779,503,44807,544,109586,California
Stanislaus,2021-03-15,3692,155780,1975,76739,1356,75593,361,3448,1607,64763,1990,46797,1974,111560,California
Stanislaus,2021-03-16,4920,160700,2451,79190,2058,77651,411,3859,3544,67360,1357,48154,3954,115514,California
Stanislaus,2021-03-17,4720,165420,2856,82046,1686,79337,178,4037,2885,68621,1808,49962,3069,118583,California
Stanislaus,2021-03-18,5420,170840,3420,85466,1934,81271,66,4103,2975,69374,2292,52254,3045,121628,California
Stanislaus,2021-03-19,5917,176757,1532,86998,2861,84132,1524,5627,3098,71203,2790,55044,4619,126247,California
Stanislaus,2021-03-20,3840,180597,3005,90003,767,84899,68,5695,3364,74167,469,55513,3433,129680,California
Stanislaus,2021-03-21,983,181580,883,90886,35,84934,65,5760,745,74741,236,55749,810,130490,California
Stanislaus,2021-03-22,2814,184394,1323,92209,766,85700,725,6485,1241,75159,1549,57298,1967,132457,California
Stanislaus,2021-03-23,3943,188337,2017,94226,1666,87366,260,6745,2809,77130,1117,58415,3088,135545,California
Stanislaus,2021-03-24,4548,192885,3218,97444,1262,88628,68,6813,2646,77991,1856,60271,2717,138262,California
Stanislaus,2021-03-25,4238,197123,2909,100353,1312,89940,17,6830,1814,77477,2346,62617,1832,140094,California
Stanislaus,2021-03-26,4716,201839,1334,101687,3307,93247,75,6905,2370,77622,2313,64930,2458,142552,California
Stanislaus,2021-03-27,4388,206227,2720,104407,1586,94833,82,6987,1386,76112,2986,67916,1476,144028,California
Stanislaus,2021-03-28,1104,207331,441,104848,557,95390,106,7093,321,75774,771,68687,433,144461,California
Stanislaus,2021-03-29,2977,210308,1826,106674,1112,96502,39,7132,1985,76822,982,69669,2030,146491,California
Stanislaus,2021-03-30,3665,213973,2052,108726,1586,98088,27,7159,2228,77654,1429,71098,2261,148752,California
Stanislaus,2021-03-31,5408,219381,3835,112561,1455,99543,118,7277,2767,77921,2622,73720,2889,151641,California
Stanislaus,2021-04-01,5734,225115,3834,116395,1809,101352,91,7368,2626,77559,3090,76810,2728,154369,California
Stanislaus,2021-04-02,4999,230114,1210,117605,3635,104987,154,7522,2247,77305,2666,79476,2412,156781,California
Stanislaus,2021-04-03,4545,234659,3302,120907,1206,106193,37,7559,2242,77302,2294,81770,2291,159072,California
Stanislaus,2021-04-04,1319,235978,471,121378,818,107011,30,7589,651,77325,662,82432,685,159757,California
Stanislaus,2021-04-05,3636,239614,2531,123909,856,107867,249,7838,2355,78662,1271,83703,2608,162365,California
Stanislaus,2021-04-06,5743,245357,4165,128074,1304,109171,274,8112,3073,79358,2657,86360,3353,165718,California
Stanislaus,2021-04-07,6345,251702,3598,131672,2327,111498,420,8532,2828,79111,3501,89861,3254,168972,California
Stanislaus,2021-04-08,5675,257377,3321,134993,1923,113421,431,8963,2769,79433,2883,92744,3205,172177,California
Stanislaus,2021-04-09,4817,262194,2105,137098,2341,115762,371,9334,2185,79392,2609,95353,2568,174745,California
Stanislaus,2021-04-10,6482,268676,3984,141082,859,116621,1639,10973,1999,78564,4459,99812,3631,178376,California
Stanislaus,2021-04-11,1522,270198,850,141932,539,117160,133,11106,667,78512,853,100665,801,179177,California
Stanislaus,2021-04-12,3590,273788,2042,143974,1102,118262,446,11552,1872,79136,1702,102367,2326,181503,California
Stanislaus,2021-04-13,5193,278981,3417,147391,1763,120025,13,11565,2922,79831,2233,104600,2928,184431,California
Stanislaus,2021-04-14,4648,283629,3252,150643,1395,121420,1,11566,2258,79736,2358,106958,2263,186694,California
Stanislaus,2021-04-15,5384,289013,3312,153955,2070,123490,2,11568,3239,80870,2108,109066,3242,189936,California
Stanislaus,2021-04-16,4303,293316,993,154948,3309,126799,1,11569,1827,80266,2434,111500,1830,191766,California
Stanislaus,2021-04-17,3149,296465,2114,157062,1035,127834,0,11569,1840,80811,1298,112798,1843,193609,California
Stanislaus,2021-04-18,533,296998,220,157282,313,128147,0,11569,408,81103,118,112916,410,194019,California
Stanislaus,2021-04-19,3451,300449,2447,159729,1003,129150,1,11570,1636,80963,1784,114700,1644,195663,California
Stanislaus,2021-04-20,3975,304424,2416,162145,1559,130709,0,11570,1744,80506,2203,116903,1746,197409,California
Stanislaus,2021-04-21,3821,308245,2555,164700,1265,131974,1,11571,1605,79937,2181,119084,1612,199021,California
Stanislaus,2021-04-22,3943,312188,2401,167101,1542,133516,0,11571,1570,79183,2329,121413,1575,200596,California
Stanislaus,2021-04-23,3588,315776,843,167944,2744,136260,1,11572,1475,78644,2022,123435,1483,202079,California
Stanislaus,2021-04-24,3783,319559,2928,170872,855,137115,0,11572,1789,78461,1977,125412,1794,203873,California
Stanislaus,2021-04-25,934,320493,478,171350,456,137571,0,11572,685,78906,244,125656,689,204562,California
Stanislaus,2021-04-26,3249,323742,2286,173636,957,138528,6,11578,966,77617,2265,127921,976,205538,California
Stanislaus,2021-04-27,3941,327683,2750,176386,1149,139677,42,11620,1114,75969,2805,130726,1157,206695,California
Stanislaus,2021-04-28,4134,331817,2913,179299,1159,140836,62,11682,1813,75547,2305,133031,1883,208578,California
Stanislaus,2021-04-29,3598,335415,2248,181547,1302,142138,48,11730,1418,74857,2165,135196,1475,210053,California
Stanislaus,2021-04-30,4490,339905,2046,183593,2360,144498,84,11814,1775,74020,2704,137900,1867,211920,California
Stanislaus,2021-05-01,2702,342607,1922,185515,740,145238,40,11854,1011,73397,1682,139582,1059,212979,California
Stanislaus,2021-05-02,1076,343683,616,186131,424,145662,36,11890,522,73413,548,140130,564,213543,California
Stanislaus,2021-05-03,2407,346090,1922,188053,415,146077,70,11960,907,72906,1487,141617,980,214523,California
Stanislaus,2021-05-04,3463,349553,2469,190522,906,146983,88,12048,1067,71682,2385,144002,1161,215684,California
Stanislaus,2021-05-05,3165,352718,2121,192643,970,147953,74,12122,1073,70761,2072,146074,1151,216835,California
Stanislaus,2021-05-06,3091,355809,2297,194940,688,148641,106,12228,1013,69827,2060,148134,1126,217961,California
Stanislaus,2021-05-07,2285,358094,886,195826,1256,149897,143,12371,940,69575,1337,149471,1085,219046,California
Stanislaus,2021-05-08,1959,360053,1340,197166,586,150483,33,12404,712,69094,1233,150704,752,219798,California
Stanislaus,2021-05-09,703,360756,336,197502,341,150824,26,12430,304,69026,398,151102,330,220128,California
Stanislaus,2021-05-10,1657,362413,1135,198637,444,151268,78,12508,448,68355,1198,152300,527,220655,California
Stanislaus,2021-05-11,2329,364742,1470,200107,704,151972,155,12663,656,67507,1663,153963,815,221470,California
Stanislaus,2021-05-12,2128,366870,1214,201321,814,152786,100,12763,819,67131,1297,155260,921,222391,California
Stanislaus,2021-05-13,1847,368717,1022,202343,710,153496,115,12878,840,67085,1002,156262,956,223347,California
Stanislaus,2021-05-14,2575,371292,1141,203484,1301,154797,133,13011,1181,67021,1379,157641,1315,224662,California
Stanislaus,2021-05-15,2470,373762,1770,205254,650,155447,50,13061,1202,67022,1259,158900,1260,225922,California
Stanislaus,2021-05-16,1013,374775,663,205917,342,155789,8,13069,553,67133,454,159354,565,226487,California
Stanislaus,2021-05-17,1883,376658,1253,207170,549,156338,81,13150,937,67213,940,160294,1020,227507,California
Stanislaus,2021-05-18,2193,378851,1500,208670,580,156918,113,13263,1181,67505,1002,161296,1294,228801,California
Stanislaus,2021-05-19,2995,381846,2062,210732,794,157712,139,13402,1346,67355,1640,162936,1490,230291,California
Stanislaus,2021-05-20,1807,383653,941,211673,768,158480,98,13500,750,67156,1051,163987,852,231143,California
Stanislaus,2021-05-21,2001,385654,961,212634,954,159434,86,13586,833,66912,1164,165151,920,232063,California
Stanislaus,2021-05-22,1647,387301,996,213630,584,160018,67,13653,736,66807,907,166058,802,232865,California
Stanislaus,2021-05-23,855,388156,553,214183,290,160308,12,13665,400,66767,452,166510,412,233277,California
Stanislaus,2021-05-24,1344,389500,904,215087,374,160682,66,13731,501,66502,840,167350,575,233852,California
Stanislaus,2021-05-25,27,389527,15,215102,11,160693,1,13732,6,66488,21,167371,7,233859,California
Sutter,2020-12-15,1,1,1,1,0,0,0,0,1,1,0,0,1,1,California
Sutter,2020-12-16,4,5,4,5,0,0,0,0,4,5,0,0,4,5,California
Sutter,2020-12-17,2,7,2,7,0,0,0,0,2,7,0,0,2,7,California
Sutter,2020-12-18,20,27,20,27,0,0,0,0,20,27,0,0,20,27,California
Sutter,2020-12-19,44,71,44,71,0,0,0,0,44,71,0,0,44,71,California
Sutter,2020-12-20,42,113,42,113,0,0,0,0,42,113,0,0,42,113,California
Sutter,2020-12-21,100,213,100,213,0,0,0,0,100,213,0,0,100,213,California
Sutter,2020-12-22,172,385,172,385,0,0,0,0,172,385,0,0,172,385,California
Sutter,2020-12-23,116,501,111,496,5,5,0,0,116,501,0,0,116,501,California
Sutter,2020-12-24,17,518,11,507,6,11,0,0,17,518,0,0,17,518,California
Sutter,2020-12-26,38,556,34,541,4,15,0,0,38,556,0,0,38,556,California
Sutter,2020-12-27,24,580,23,564,1,16,0,0,24,580,0,0,24,580,California
Sutter,2020-12-28,83,663,55,619,28,44,0,0,83,663,0,0,83,663,California
Sutter,2020-12-29,101,764,14,633,87,131,0,0,101,764,0,0,101,764,California
Sutter,2020-12-30,137,901,34,667,103,234,0,0,137,901,0,0,137,901,California
Sutter,2020-12-31,70,971,6,673,64,298,0,0,70,971,0,0,70,971,California
Sutter,2021-01-01,3,974,3,676,0,298,0,0,3,974,0,0,3,974,California
Sutter,2021-01-02,131,1105,129,805,2,300,0,0,131,1105,0,0,131,1105,California
Sutter,2021-01-03,1,1106,0,805,1,301,0,0,1,1106,0,0,1,1106,California
Sutter,2021-01-04,247,1353,139,944,108,409,0,0,247,1353,0,0,247,1353,California
Sutter,2021-01-05,101,1454,57,1001,44,453,0,0,99,1450,2,2,99,1452,California
Sutter,2021-01-06,204,1658,50,1051,154,607,0,0,199,1644,5,7,199,1651,California
Sutter,2021-01-07,251,1909,151,1202,100,707,0,0,242,1878,8,15,242,1893,California
Sutter,2021-01-08,149,2058,40,1242,109,816,0,0,132,1993,17,32,132,2025,California
Sutter,2021-01-09,46,2104,43,1285,3,819,0,0,5,1957,41,73,5,2030,California
Sutter,2021-01-10,397,2501,37,1322,360,1179,0,0,359,2279,37,110,359,2389,California
Sutter,2021-01-11,132,2633,114,1436,18,1197,0,0,26,2199,106,216,26,2415,California
Sutter,2021-01-12,201,2834,164,1600,37,1234,0,0,58,2114,143,359,58,2473,California
Sutter,2021-01-13,162,2996,99,1699,63,1297,0,0,72,2097,89,448,72,2545,California
Sutter,2021-01-14,145,3141,49,1748,96,1393,0,0,126,2204,19,467,126,2671,California
Sutter,2021-01-15,438,3579,133,1881,305,1698,0,0,423,2612,15,482,423,3094,California
Sutter,2021-01-16,384,3963,41,1922,343,2041,0,0,353,2935,30,512,353,3447,California
Sutter,2021-01-17,26,3989,24,1946,2,2043,0,0,10,2929,16,528,10,3457,California
Sutter,2021-01-18,118,4107,63,2009,55,2098,0,0,70,2951,48,576,70,3527,California
Sutter,2021-01-19,103,4210,42,2051,61,2159,0,0,79,3006,24,600,79,3606,California
Sutter,2021-01-20,270,4480,206,2257,64,2223,0,0,250,3236,20,620,250,3856,California
Sutter,2021-01-21,486,4966,317,2574,169,2392,0,0,467,3684,19,639,467,4323,California
Sutter,2021-01-22,239,5205,52,2626,187,2579,0,0,230,3905,9,648,230,4553,California
Sutter,2021-01-23,396,5601,39,2665,357,2936,0,0,370,4249,26,674,370,4923,California
Sutter,2021-01-24,17,5618,14,2679,3,2939,0,0,15,4262,2,676,15,4938,California
Sutter,2021-01-25,306,5924,196,2875,110,3049,0,0,151,4259,154,830,151,5089,California
Sutter,2021-01-26,248,6172,108,2983,140,3189,0,0,144,4300,103,933,144,5233,California
Sutter,2021-01-27,386,6558,255,3238,131,3320,0,0,320,4554,66,999,320,5553,California
Sutter,2021-01-28,584,7142,361,3599,223,3543,0,0,409,4789,174,1173,409,5962,California
Sutter,2021-01-29,359,7501,86,3685,273,3816,0,0,239,4908,120,1293,239,6201,California
Sutter,2021-01-30,775,8276,38,3723,737,4553,0,0,764,5661,11,1304,764,6965,California
Sutter,2021-01-31,28,8304,27,3750,1,4554,0,0,28,5689,0,1304,28,6993,California
Sutter,2021-02-01,166,8470,50,3800,116,4670,0,0,135,5793,31,1335,135,7128,California
Sutter,2021-02-02,243,8713,26,3826,217,4887,0,0,211,5972,32,1367,211,7339,California
Sutter,2021-02-03,444,9157,39,3865,405,5292,0,0,210,5948,234,1601,210,7549,California
Sutter,2021-02-04,669,9826,365,4230,304,5596,0,0,619,6517,50,1651,619,8168,California
Sutter,2021-02-05,287,10113,32,4262,255,5851,0,0,136,6502,151,1802,136,8304,California
Sutter,2021-02-06,736,10849,29,4291,707,6558,0,0,714,7194,22,1824,714,9018,California
Sutter,2021-02-07,23,10872,20,4311,3,6561,0,0,19,7209,4,1828,19,9037,California
Sutter,2021-02-08,134,11006,29,4340,105,6666,0,0,98,7271,36,1864,98,9135,California
Sutter,2021-02-09,246,11252,45,4385,201,6867,0,0,184,7393,62,1926,184,9319,California
Sutter,2021-02-10,819,12071,380,4765,439,7306,0,0,177,6929,641,2567,177,9496,California
Sutter,2021-02-11,603,12674,275,5040,328,7634,0,0,345,7016,258,2825,345,9841,California
Sutter,2021-02-12,633,13307,67,5107,566,8200,0,0,310,7004,322,3147,310,10151,California
Sutter,2021-02-13,897,14204,48,5155,849,9049,0,0,781,7669,116,3263,781,10932,California
Sutter,2021-02-14,90,14294,25,5180,65,9114,0,0,79,7737,11,3274,79,11011,California
Sutter,2021-02-15,197,14491,72,5252,125,9239,0,0,119,7778,78,3352,119,11130,California
Sutter,2021-02-16,288,14779,45,5297,243,9482,0,0,204,7899,83,3435,204,11334,California
Sutter,2021-02-17,823,15602,428,5725,395,9877,0,0,129,7334,694,4129,129,11463,California
Sutter,2021-02-18,701,16303,55,5780,646,10523,0,0,490,7614,210,4339,490,11953,California
Sutter,2021-02-19,662,16965,377,6157,285,10808,0,0,460,7874,200,4539,460,12413,California
Sutter,2021-02-20,619,17584,55,6212,564,11372,0,0,516,8288,102,4641,516,12929,California
Sutter,2021-02-21,30,17614,27,6239,3,11375,0,0,7,8272,23,4664,7,12936,California
Sutter,2021-02-22,207,17821,122,6361,85,11460,0,0,87,8239,120,4784,87,13023,California
Sutter,2021-02-23,223,18044,33,6394,190,11650,0,0,97,8210,126,4910,97,13120,California
Sutter,2021-02-24,964,19008,349,6743,615,12265,0,0,194,7635,769,5679,194,13314,California
Sutter,2021-02-25,785,19793,498,7241,287,12552,0,0,604,8061,178,5857,604,13918,California
Sutter,2021-02-26,371,20164,60,7301,311,12863,0,0,154,8000,215,6072,154,14072,California
Sutter,2021-02-27,865,21029,45,7346,820,13683,0,0,710,8553,157,6229,710,14782,California
Sutter,2021-02-28,84,21113,38,7384,46,13729,0,0,64,8598,19,6248,64,14846,California
Sutter,2021-03-01,247,21360,61,7445,186,13915,0,0,150,8651,97,6345,150,14996,California
Sutter,2021-03-02,334,21694,57,7502,277,14192,0,0,160,8638,173,6518,160,15156,California
Sutter,2021-03-03,1384,23078,514,8016,870,15062,0,0,646,8552,732,7250,646,15802,California
Sutter,2021-03-04,1256,24334,867,8883,389,15451,0,0,948,9196,304,7554,948,16750,California
Sutter,2021-03-05,338,24672,79,8962,258,15709,1,1,206,9271,132,7686,207,16957,California
Sutter,2021-03-06,1022,25694,46,9008,971,16680,5,6,860,9974,162,7848,865,17822,California
Sutter,2021-03-07,64,25758,23,9031,40,16720,1,7,44,9999,20,7868,45,17867,California
Sutter,2021-03-08,226,25984,79,9110,135,16855,12,19,157,10099,69,7937,169,18036,California
Sutter,2021-03-09,386,26370,138,9248,235,17090,13,32,184,10094,202,8139,197,18233,California
Sutter,2021-03-10,1569,27939,681,9929,827,17917,61,93,525,9639,1041,9180,586,18819,California
Sutter,2021-03-11,894,28833,441,10370,434,18351,19,112,648,10063,243,9423,667,19486,California
Sutter,2021-03-12,673,29506,110,10480,381,18732,182,294,199,9971,471,9894,379,19865,California
Sutter,2021-03-13,985,30491,749,11229,218,18950,18,312,781,10567,202,10096,798,20663,California
Sutter,2021-03-14,130,30621,22,11251,97,19047,11,323,44,10536,86,10182,55,20718,California
Sutter,2021-03-15,320,30941,66,11317,205,19252,49,372,153,10572,166,10348,202,20920,California
Sutter,2021-03-16,392,31333,86,11403,259,19511,47,419,213,10652,179,10527,259,21179,California
Sutter,2021-03-17,1496,32829,563,11966,913,20424,20,439,313,9809,1175,11702,332,21511,California
Sutter,2021-03-18,973,33802,182,12148,589,21013,202,641,571,10181,400,12102,772,22283,California
Sutter,2021-03-19,463,34265,165,12313,269,21282,29,670,284,10317,177,12279,313,22596,California
Sutter,2021-03-20,949,35214,116,12429,822,22104,11,681,860,11099,89,12368,871,23467,California
Sutter,2021-03-21,67,35281,47,12476,17,22121,3,684,37,11109,30,12398,40,23507,California
Sutter,2021-03-22,288,35569,120,12596,142,22263,26,710,213,11274,74,12472,239,23746,California
Sutter,2021-03-23,376,35945,115,12711,229,22492,32,742,255,11439,121,12593,286,24032,California
Sutter,2021-03-24,1685,37630,772,13483,843,23335,70,812,314,10466,1357,13950,384,24416,California
Sutter,2021-03-25,1042,38672,680,14163,319,23654,43,855,370,10210,669,14619,413,24829,California
Sutter,2021-03-26,488,39160,174,14337,297,23951,17,872,295,10332,190,14809,312,25141,California
Sutter,2021-03-27,927,40087,63,14400,862,24813,2,874,820,11050,104,14913,822,25963,California
Sutter,2021-03-28,125,40212,71,14471,54,24867,0,874,77,11081,46,14959,77,26040,California
Sutter,2021-03-29,427,40639,144,14615,228,25095,55,929,225,11161,200,15159,280,26320,California
Sutter,2021-03-30,479,41118,160,14775,309,25404,10,939,317,11326,162,15321,327,26647,California
Sutter,2021-03-31,1249,42367,177,14952,1056,26460,16,955,447,10997,791,16112,462,27109,California
Sutter,2021-04-01,1378,43745,733,15685,458,26918,187,1142,424,10660,947,17059,610,27719,California
Sutter,2021-04-02,511,44256,99,15784,294,27212,118,1260,201,10667,308,17367,315,28034,California
Sutter,2021-04-03,910,45166,77,15861,210,27422,623,1883,121,10624,787,18154,744,28778,California
Sutter,2021-04-04,118,45284,22,15883,90,27512,6,1889,55,10622,63,18217,61,28839,California
Sutter,2021-04-05,369,45653,146,16029,187,27699,36,1925,178,10648,188,18405,214,29053,California
Sutter,2021-04-06,510,46163,198,16227,256,27955,56,1981,273,10742,236,18641,330,29383,California
Sutter,2021-04-07,1476,47639,876,17103,525,28480,75,2056,610,10571,859,19500,688,30071,California
Sutter,2021-04-08,1047,48686,581,17684,355,28835,111,2167,575,10791,467,19967,687,30758,California
Sutter,2021-04-09,563,49249,249,17933,250,29085,64,2231,235,10766,326,20293,301,31059,California
Sutter,2021-04-10,819,50068,106,18039,88,29173,625,2856,106,10779,710,21003,723,31782,California
Sutter,2021-04-11,112,50180,28,18067,40,29213,44,2900,33,10776,79,21082,76,31858,California
Sutter,2021-04-12,336,50516,91,18158,191,29404,54,2954,134,10762,202,21284,188,32046,California
Sutter,2021-04-13,429,50945,127,18285,302,29706,0,2954,211,10757,216,21500,211,32257,California
Sutter,2021-04-14,1291,52236,160,18445,1130,30836,1,2955,213,9899,1072,22572,214,32471,California
Sutter,2021-04-15,535,52771,174,18619,361,31197,0,2955,213,9792,320,22892,213,32684,California
Sutter,2021-04-16,394,53165,125,18744,269,31466,0,2955,181,9761,212,23104,181,32865,California
Sutter,2021-04-17,578,53743,84,18828,494,31960,0,2955,507,10198,70,23174,507,33372,California
Sutter,2021-04-18,70,53813,11,18839,59,32019,0,2955,43,10215,26,23200,43,33415,California
Sutter,2021-04-19,288,54101,110,18949,178,32197,0,2955,119,10167,167,23367,119,33534,California
Sutter,2021-04-20,413,54514,134,19083,279,32476,0,2955,200,10155,212,23579,200,33734,California
Sutter,2021-04-21,1232,55746,420,19503,812,33288,0,2955,476,9884,747,24326,476,34210,California
Sutter,2021-04-22,483,56229,165,19668,318,33606,0,2955,250,9903,231,24557,250,34460,California
Sutter,2021-04-23,399,56628,115,19783,284,33890,0,2955,187,9879,211,24768,187,34647,California
Sutter,2021-04-24,325,56953,105,19888,219,34109,1,2956,185,9925,139,24907,185,34832,California
Sutter,2021-04-25,157,57110,75,19963,82,34191,0,2956,86,9942,69,24976,86,34918,California
Sutter,2021-04-26,287,57397,87,20050,198,34389,2,2958,121,9901,164,25140,123,35041,California
Sutter,2021-04-27,527,57924,266,20316,257,34646,4,2962,243,9867,281,25421,247,35288,California
Sutter,2021-04-28,816,58740,340,20656,468,35114,8,2970,259,9582,552,25973,267,35555,California
Sutter,2021-04-29,773,59513,135,20791,637,35751,1,2971,309,9431,461,26434,310,35865,California
Sutter,2021-04-30,357,59870,109,20900,235,35986,13,2984,146,9381,208,26642,158,36023,California
Sutter,2021-05-01,295,60165,106,21006,148,36134,41,3025,125,9380,167,26809,166,36189,California
Sutter,2021-05-02,80,60245,52,21058,26,36160,2,3027,46,9394,34,26843,48,36237,California
Sutter,2021-05-03,169,60414,107,21165,53,36213,9,3036,69,9372,100,26943,78,36315,California
Sutter,2021-05-04,518,60932,236,21401,218,36431,64,3100,218,9356,297,27240,281,36596,California
Sutter,2021-05-05,534,61466,141,21542,385,36816,8,3108,158,9153,369,27609,166,36762,California
Sutter,2021-05-06,426,61892,231,21773,175,36991,20,3128,192,9131,234,27843,212,36974,California
Sutter,2021-05-07,407,62299,146,21919,239,37230,22,3150,153,9054,252,28095,175,37149,California
Sutter,2021-05-08,196,62495,49,21968,141,37371,6,3156,106,9076,90,28185,112,37261,California
Sutter,2021-05-09,81,62576,52,22020,24,37395,5,3161,56,9112,25,28210,61,37322,California
Sutter,2021-05-10,188,62764,42,22062,129,37524,17,3178,47,9037,139,28349,64,37386,California
Sutter,2021-05-11,433,63197,212,22274,203,37727,18,3196,180,8984,250,28599,197,37583,California
Sutter,2021-05-12,397,63594,211,22485,177,37904,9,3205,134,8868,259,28858,143,37726,California
Sutter,2021-05-13,442,64036,228,22713,192,38096,22,3227,170,8791,269,29127,192,37918,California
Sutter,2021-05-14,435,64471,184,22897,235,38331,16,3243,214,8805,216,29343,230,38148,California
Sutter,2021-05-15,838,65309,308,23205,499,38830,31,3274,305,8609,532,29875,336,38484,California
Sutter,2021-05-16,136,65445,82,23287,46,38876,8,3282,75,8632,60,29935,83,38567,California
Sutter,2021-05-17,287,65732,114,23401,159,39035,14,3296,153,8666,133,30068,167,38734,California
Sutter,2021-05-18,533,66265,311,23712,218,39253,4,3300,294,8728,236,30304,298,39032,California
Sutter,2021-05-19,463,66728,265,23977,191,39444,7,3307,246,8767,214,30518,253,39285,California
Sutter,2021-05-20,401,67129,216,24193,173,39617,12,3319,201,8782,198,30716,213,39498,California
Sutter,2021-05-21,450,67579,210,24403,228,39845,12,3331,219,8783,229,30945,230,39728,California
Sutter,2021-05-22,307,67886,175,24578,129,39974,3,3334,151,8783,153,31098,153,39881,California
Sutter,2021-05-23,154,68040,73,24651,74,40048,7,3341,77,8796,71,31169,84,39965,California
Sutter,2021-05-24,230,68270,87,24738,122,40170,21,3362,102,8795,124,31293,123,40088,California
Sutter,2021-05-25,239,68509,87,24825,146,40316,6,3368,85,8735,151,31444,91,40179,California
Tehama,2020-12-15,1,1,1,1,0,0,0,0,1,1,0,0,1,1,California
Tehama,2020-12-16,2,3,2,3,0,0,0,0,2,3,0,0,2,3,California
Tehama,2020-12-17,12,15,12,15,0,0,0,0,12,15,0,0,12,15,California
Tehama,2020-12-18,2,17,2,17,0,0,0,0,3,18,0,0,3,18,California
Tehama,2020-12-21,33,50,33,50,0,0,0,0,33,51,0,0,33,51,California
Tehama,2020-12-22,68,118,62,112,6,6,0,0,68,119,0,0,68,119,California
Tehama,2020-12-23,49,167,41,153,8,14,0,0,49,168,0,0,49,168,California
Tehama,2020-12-24,5,172,3,156,2,16,0,0,5,173,0,0,5,173,California
Tehama,2020-12-26,3,175,2,158,1,17,0,0,3,176,0,0,3,176,California
Tehama,2020-12-27,2,177,2,160,0,17,0,0,2,178,0,0,2,178,California
Tehama,2020-12-28,56,233,43,203,13,30,0,0,56,234,0,0,56,234,California
Tehama,2020-12-29,31,264,31,234,0,30,0,0,31,265,0,0,31,265,California
Tehama,2020-12-30,54,318,38,272,16,46,0,0,53,318,0,0,53,318,California
Tehama,2020-12-31,14,332,4,276,10,56,0,0,14,332,0,0,14,332,California
Tehama,2021-01-01,2,334,0,276,2,58,0,0,2,334,0,0,2,334,California
Tehama,2021-01-04,32,366,9,285,23,81,0,0,32,366,0,0,32,366,California
Tehama,2021-01-05,70,436,43,328,27,108,0,0,67,430,3,3,67,433,California
Tehama,2021-01-06,71,507,21,349,50,158,0,0,62,484,8,11,62,495,California
Tehama,2021-01-07,57,564,7,356,50,208,0,0,56,539,1,12,56,551,California
Tehama,2021-01-08,33,597,24,380,9,217,0,0,28,562,5,17,28,579,California
Tehama,2021-01-09,7,604,5,385,2,219,0,0,5,565,2,19,5,584,California
Tehama,2021-01-10,1,605,0,385,1,220,0,0,1,566,0,19,1,585,California
Tehama,2021-01-11,48,653,46,431,2,222,0,0,15,548,33,52,15,600,California
Tehama,2021-01-12,131,784,111,542,20,242,0,0,86,589,45,97,86,686,California
Tehama,2021-01-13,73,857,55,597,18,260,0,0,27,570,46,143,27,713,California
Tehama,2021-01-14,224,1081,50,647,174,434,0,0,222,790,2,145,222,935,California
Tehama,2021-01-15,249,1330,74,721,175,609,0,0,245,1031,4,149,245,1180,California
Tehama,2021-01-16,263,1593,19,740,244,853,0,0,260,1288,3,152,260,1440,California
Tehama,2021-01-17,6,1599,2,742,4,857,0,0,4,1290,2,154,4,1444,California
Tehama,2021-01-18,10,1609,6,748,4,861,0,0,5,1290,5,159,5,1449,California
Tehama,2021-01-19,291,1900,65,813,226,1087,0,0,236,1471,55,214,236,1685,California
Tehama,2021-01-20,301,2201,87,900,214,1301,0,0,251,1673,49,263,251,1936,California
Tehama,2021-01-21,215,2416,11,911,204,1505,0,0,205,1868,10,273,205,2141,California
Tehama,2021-01-22,223,2639,21,932,202,1707,0,0,220,2085,3,276,220,2361,California
Tehama,2021-01-23,258,2897,7,939,251,1958,0,0,257,2341,1,277,257,2618,California
Tehama,2021-01-24,1,2898,1,940,0,1958,0,0,1,2342,0,277,1,2619,California
Tehama,2021-01-25,32,2930,14,954,18,1976,0,0,14,2338,18,295,14,2633,California
Tehama,2021-01-26,324,3254,42,996,282,2258,0,0,287,2588,37,332,287,2920,California
Tehama,2021-01-27,299,3553,21,1017,278,2536,0,0,279,2847,20,352,279,3199,California
Tehama,2021-01-28,339,3892,29,1046,310,2846,0,0,324,3156,15,367,324,3523,California
Tehama,2021-01-29,321,4213,19,1065,302,3148,0,0,304,3443,17,384,304,3827,California
Tehama,2021-01-30,103,4316,2,1067,101,3249,0,0,102,3544,1,385,102,3929,California
Tehama,2021-01-31,1,4317,0,1067,1,3250,0,0,1,3545,0,385,1,3930,California
Tehama,2021-02-01,78,4395,22,1089,56,3306,0,0,36,3539,42,427,36,3966,California
Tehama,2021-02-02,350,4745,63,1152,287,3593,0,0,253,3695,97,524,253,4219,California
Tehama,2021-02-03,389,5134,12,1164,377,3970,0,0,345,3996,44,568,345,4564,California
Tehama,2021-02-04,483,5617,99,1263,384,4354,0,0,402,4318,81,649,403,4967,California
Tehama,2021-02-05,177,5794,73,1336,104,4458,0,0,115,4371,62,711,115,5082,California
Tehama,2021-02-06,28,5822,13,1349,15,4473,0,0,16,4375,12,723,16,5098,California
Tehama,2021-02-07,5,5827,4,1353,1,4474,0,0,2,4374,3,726,2,5100,California
Tehama,2021-02-08,36,5863,14,1367,22,4496,0,0,27,4392,9,735,27,5127,California
Tehama,2021-02-09,78,5941,34,1401,44,4540,0,0,44,4402,34,769,44,5171,California
Tehama,2021-02-10,233,6174,62,1463,171,4711,0,0,157,4483,76,845,157,5328,California
Tehama,2021-02-11,221,6395,16,1479,205,4916,0,0,82,4428,137,982,82,5410,California
Tehama,2021-02-12,367,6762,66,1545,301,5217,0,0,175,4411,192,1174,175,5585,California
Tehama,2021-02-13,385,7147,13,1558,372,5589,0,0,147,4320,238,1412,147,5732,California
Tehama,2021-02-14,34,7181,1,1559,33,5622,0,0,32,4350,2,1414,32,5764,California
Tehama,2021-02-15,53,7234,10,1569,43,5665,0,0,47,4391,6,1420,47,5811,California
Tehama,2021-02-16,242,7476,16,1585,226,5891,0,0,60,4269,182,1602,60,5871,California
Tehama,2021-02-17,280,7756,12,1597,268,6159,0,0,54,4097,226,1828,54,5925,California
Tehama,2021-02-18,370,8126,32,1629,338,6497,0,0,145,4017,225,2053,145,6070,California
Tehama,2021-02-19,214,8340,18,1647,196,6693,0,0,43,3889,171,2224,43,6113,California
Tehama,2021-02-20,271,8611,6,1653,265,6958,0,0,26,3670,245,2469,26,6139,California
Tehama,2021-02-21,1,8612,1,1654,0,6958,0,0,1,3671,0,2469,1,6140,California
Tehama,2021-02-22,39,8651,15,1669,24,6982,0,0,26,3684,13,2482,26,6166,California
Tehama,2021-02-23,46,8697,19,1688,27,7009,0,0,26,3690,20,2502,26,6192,California
Tehama,2021-02-24,300,8997,13,1701,287,7296,0,0,27,3444,273,2775,27,6219,California
Tehama,2021-02-25,375,9372,60,1761,315,7611,0,0,39,3147,336,3111,39,6258,California
Tehama,2021-02-26,455,9827,19,1780,436,8047,0,0,70,2832,385,3496,70,6328,California
Tehama,2021-02-27,295,10122,5,1785,290,8337,0,0,34,2605,261,3757,34,6362,California
Tehama,2021-02-28,23,10145,2,1787,21,8358,0,0,20,2622,3,3760,20,6382,California
Tehama,2021-03-01,67,10212,8,1795,59,8417,0,0,33,2621,34,3794,33,6415,California
Tehama,2021-03-02,137,10349,18,1813,119,8536,0,0,30,2544,107,3901,30,6445,California
Tehama,2021-03-03,151,10500,33,1846,118,8654,0,0,48,2489,103,4004,48,6493,California
Tehama,2021-03-04,630,11130,36,1882,594,9248,0,0,221,2308,402,4406,221,6714,California
Tehama,2021-03-05,401,11531,19,1901,382,9630,0,0,216,2340,184,4590,216,6930,California
Tehama,2021-03-06,296,11827,14,1915,282,9912,0,0,80,2206,215,4805,81,7011,California
Tehama,2021-03-07,5,11832,1,1916,4,9916,0,0,3,2208,1,4806,3,7014,California
Tehama,2021-03-08,58,11890,12,1928,31,9947,15,15,27,2220,30,4836,42,7056,California
Tehama,2021-03-09,367,12257,9,1937,339,10286,19,34,311,2494,56,4892,330,7386,California
Tehama,2021-03-10,354,12611,14,1951,319,10605,21,55,71,2304,282,5174,92,7478,California
Tehama,2021-03-11,488,13099,17,1968,425,11030,46,101,345,2552,143,5317,391,7869,California
Tehama,2021-03-12,306,13405,19,1987,222,11252,65,166,181,2673,125,5442,246,8115,California
Tehama,2021-03-13,45,13450,8,1995,31,11283,6,172,6,2646,39,5481,12,8127,California
Tehama,2021-03-14,51,13501,3,1998,37,11320,11,183,9,2624,42,5523,20,8147,California
Tehama,2021-03-15,154,13655,21,2019,113,11433,20,203,84,2658,70,5593,104,8251,California
Tehama,2021-03-16,418,14073,14,2033,366,11799,38,241,315,2909,102,5695,353,8604,California
Tehama,2021-03-17,417,14490,22,2055,363,12162,32,273,334,3194,81,5776,366,8970,California
Tehama,2021-03-18,490,14980,26,2081,440,12602,24,297,311,3352,177,5953,335,9305,California
Tehama,2021-03-19,321,15301,23,2104,285,12887,13,310,278,3600,43,5996,291,9596,California
Tehama,2021-03-20,42,15343,9,2113,31,12918,2,312,30,3620,12,6008,32,9628,California
Tehama,2021-03-21,12,15355,5,2118,7,12925,0,312,12,3632,0,6008,12,9640,California
Tehama,2021-03-22,91,15446,7,2125,67,12992,17,329,50,3658,41,6049,67,9707,California
Tehama,2021-03-23,88,15534,27,2152,54,13046,7,336,69,3715,19,6068,76,9783,California
Tehama,2021-03-24,86,15620,16,2168,68,13114,2,338,55,3741,31,6099,57,9840,California
Tehama,2021-03-25,521,16141,355,2523,153,13267,13,351,471,4176,49,6148,484,10324,California
Tehama,2021-03-26,514,16655,403,2926,99,13366,12,363,438,4551,75,6223,450,10774,California
Tehama,2021-03-27,457,17112,361,3287,71,13437,25,388,389,4898,67,6290,414,11188,California
Tehama,2021-03-28,34,17146,13,3300,21,13458,0,388,22,4908,12,6302,22,11210,California
Tehama,2021-03-29,124,17270,31,3331,92,13550,1,389,78,4940,46,6348,78,11288,California
Tehama,2021-03-30,372,17642,222,3553,148,13698,2,391,254,5078,118,6466,256,11544,California
Tehama,2021-03-31,398,18040,296,3849,99,13797,3,394,326,5335,71,6537,328,11872,California
Tehama,2021-04-01,526,18566,246,4095,274,14071,6,400,392,5600,133,6670,398,12270,California
Tehama,2021-04-02,456,19022,215,4310,235,14306,6,406,271,5691,185,6855,276,12546,California
Tehama,2021-04-03,60,19082,3,4313,52,14358,5,411,30,5696,30,6885,35,12581,California
Tehama,2021-04-04,34,19116,6,4319,27,14385,1,412,22,5707,12,6897,23,12604,California
Tehama,2021-04-05,116,19232,21,4340,69,14454,26,438,61,5739,55,6952,87,12691,California
Tehama,2021-04-06,495,19727,110,4450,333,14787,52,490,141,5578,354,7306,193,12884,California
Tehama,2021-04-07,418,20145,282,4732,92,14879,44,534,303,5810,114,7420,346,13230,California
Tehama,2021-04-08,604,20749,175,4907,390,15269,39,573,230,5706,373,7793,269,13499,California
Tehama,2021-04-09,432,21181,193,5100,206,15475,33,606,215,5738,216,8009,248,13747,California
Tehama,2021-04-10,72,21253,9,5109,37,15512,26,632,39,5770,33,8042,65,13812,California
Tehama,2021-04-11,33,21286,7,5116,15,15527,11,643,8,5764,25,8067,19,13831,California
Tehama,2021-04-12,112,21398,6,5122,87,15614,19,662,40,5751,72,8139,59,13890,California
Tehama,2021-04-13,388,21786,64,5186,324,15938,0,662,67,5497,321,8460,67,13957,California
Tehama,2021-04-14,407,22193,52,5238,355,16293,0,662,53,5198,352,8812,53,14010,California
Tehama,2021-04-15,497,22690,192,5430,305,16598,0,662,84,4869,413,9225,84,14094,California
Tehama,2021-04-16,590,23280,338,5768,252,16850,0,662,74,4427,516,9741,74,14168,California
Tehama,2021-04-17,348,23628,268,6036,80,16930,0,662,41,4163,306,10047,42,14210,California
Tehama,2021-04-18,17,23645,3,6039,14,16944,0,662,13,4172,4,10051,13,14223,California
Tehama,2021-04-19,93,23738,7,6046,86,17030,0,662,39,4157,54,10105,39,14262,California
Tehama,2021-04-20,514,24252,423,6469,91,17121,0,662,150,3947,362,10467,152,14414,California
Tehama,2021-04-21,518,24770,445,6914,73,17194,0,662,167,3765,349,10816,167,14581,California
Tehama,2021-04-22,515,25285,364,7278,151,17345,0,662,149,3550,364,11180,149,14730,California
Tehama,2021-04-23,445,25730,346,7624,99,17444,0,662,197,3501,247,11427,198,14928,California
Tehama,2021-04-24,103,25833,17,7641,86,17530,0,662,27,3452,76,11503,27,14955,California
Tehama,2021-04-25,28,25861,17,7658,11,17541,0,662,10,3444,18,11521,10,14965,California
Tehama,2021-04-26,73,25934,9,7667,64,17605,0,662,41,3453,32,11553,41,15006,California
Tehama,2021-04-27,252,26186,206,7873,46,17651,0,662,94,3388,159,11712,94,15100,California
Tehama,2021-04-28,395,26581,318,8191,60,17711,17,679,65,3140,330,12042,82,15182,California
Tehama,2021-04-29,352,26933,171,8362,175,17886,6,685,68,2931,283,12325,74,15256,California
Tehama,2021-04-30,325,27258,241,8603,78,17964,6,691,112,2836,213,12538,118,15374,California
Tehama,2021-05-01,72,27330,4,8607,65,18029,3,694,14,2795,58,12596,17,15391,California
Tehama,2021-05-02,47,27377,24,8631,11,18040,12,706,27,2814,20,12616,39,15430,California
Tehama,2021-05-03,117,27494,41,8672,68,18108,8,714,62,2829,55,12671,70,15500,California
Tehama,2021-05-04,158,27652,56,8728,95,18203,7,721,67,2812,91,12762,74,15574,California
Tehama,2021-05-05,86,27738,21,8749,55,18258,10,731,38,2812,48,12810,48,15622,California
Tehama,2021-05-06,162,27900,90,8839,57,18315,15,746,98,2861,64,12874,113,15735,California
Tehama,2021-05-07,171,28071,71,8910,89,18404,11,757,48,2799,121,12995,59,15794,California
Tehama,2021-05-08,49,28120,6,8916,42,18446,1,758,13,2777,36,13031,14,15808,California
Tehama,2021-05-09,15,28135,3,8919,12,18458,0,758,6,2774,9,13040,6,15814,California
Tehama,2021-05-10,77,28212,7,8926,64,18522,6,764,36,2776,40,13080,42,15856,California
Tehama,2021-05-11,162,28374,115,9041,36,18558,11,775,29,2683,133,13213,40,15896,California
Tehama,2021-05-12,203,28577,134,9175,59,18617,10,785,42,2575,160,13373,52,15948,California
Tehama,2021-05-13,234,28811,162,9337,64,18681,8,793,105,2560,128,13501,113,16061,California
Tehama,2021-05-14,242,29053,130,9467,91,18772,21,814,57,2454,184,13685,78,16139,California
Tehama,2021-05-15,224,29277,133,9600,56,18828,35,849,161,2588,62,13747,196,16335,California
Tehama,2021-05-16,26,29303,6,9606,17,18845,3,852,14,2593,12,13759,17,16352,California
Tehama,2021-05-17,111,29414,29,9635,67,18912,15,867,53,2605,56,13815,68,16420,California
Tehama,2021-05-18,148,29562,76,9711,57,18969,15,882,45,2564,101,13916,60,16480,California
Tehama,2021-05-19,123,29685,52,9763,61,19030,10,892,42,2535,81,13997,52,16532,California
Tehama,2021-05-20,299,29984,217,9980,59,19089,23,915,209,2677,90,14087,232,16764,California
Tehama,2021-05-21,195,30179,94,10074,91,19180,10,925,69,2632,124,14211,79,16843,California
Tehama,2021-05-22,57,30236,31,10105,22,19202,4,929,35,2649,22,14233,39,16882,California
Tehama,2021-05-23,40,30276,23,10128,8,19210,9,938,12,2642,28,14261,21,16903,California
Tehama,2021-05-24,96,30372,30,10158,59,19269,7,945,35,2623,61,14322,42,16945,California
Tehama,2021-05-25,38,30410,7,10165,25,19294,6,951,20,2631,18,14340,26,16971,California
Trinity,2020-12-17,4,4,4,4,0,0,0,0,4,4,0,0,4,4,California
Trinity,2020-12-18,2,6,2,6,0,0,0,0,2,6,0,0,2,6,California
Trinity,2020-12-21,39,45,39,45,0,0,0,0,39,45,0,0,39,45,California
Trinity,2020-12-22,5,50,5,50,0,0,0,0,5,50,0,0,5,50,California
Trinity,2020-12-23,5,55,5,55,0,0,0,0,5,55,0,0,5,55,California
Trinity,2020-12-28,31,86,31,86,0,0,0,0,31,86,0,0,31,86,California
Trinity,2020-12-29,8,94,7,93,1,1,0,0,8,94,0,0,8,94,California
Trinity,2020-12-30,10,104,8,101,2,3,0,0,10,104,0,0,10,104,California
Trinity,2020-12-31,2,106,1,102,1,4,0,0,2,106,0,0,2,106,California
Trinity,2021-01-04,28,134,0,102,28,32,0,0,26,132,0,0,26,132,California
Trinity,2021-01-05,3,137,1,103,2,34,0,0,3,135,0,0,3,135,California
Trinity,2021-01-06,24,161,4,107,20,54,0,0,20,151,4,4,20,155,California
Trinity,2021-01-08,49,210,2,109,47,101,0,0,48,197,2,6,48,203,California
Trinity,2021-01-11,42,252,39,148,3,104,0,0,4,163,38,44,4,207,California
Trinity,2021-01-12,8,260,6,154,2,106,0,0,3,161,5,49,3,210,California
Trinity,2021-01-13,7,267,4,158,3,109,0,0,4,162,3,52,4,214,California
Trinity,2021-01-14,4,271,1,159,3,112,0,0,4,166,0,52,4,218,California
Trinity,2021-01-15,4,275,0,159,4,116,0,0,4,170,0,52,4,222,California
Trinity,2021-01-16,4,279,0,159,4,120,0,0,4,174,0,52,4,226,California
Trinity,2021-01-18,31,310,31,190,0,120,0,0,0,143,31,83,0,226,California
Trinity,2021-01-19,34,344,14,204,20,140,0,0,20,149,14,97,20,246,California
Trinity,2021-01-20,19,363,3,207,16,156,0,0,17,164,2,99,17,263,California
Trinity,2021-01-21,17,380,7,214,10,166,0,0,17,181,0,99,17,280,California
Trinity,2021-01-22,5,385,1,215,4,170,0,0,5,186,0,99,5,285,California
Trinity,2021-01-23,7,392,3,218,4,174,0,0,7,193,0,99,7,292,California
Trinity,2021-01-25,14,406,1,219,13,187,0,0,13,205,1,100,13,305,California
Trinity,2021-01-26,10,416,1,220,9,196,0,0,9,213,1,101,9,314,California
Trinity,2021-01-27,12,428,0,220,12,208,0,0,12,225,0,101,12,326,California
Trinity,2021-01-28,13,441,3,223,10,218,0,0,10,232,3,104,10,336,California
Trinity,2021-01-29,2,443,0,223,2,220,0,0,1,232,1,105,1,337,California
Trinity,2021-01-30,12,455,11,234,1,221,0,0,12,244,0,105,12,349,California
Trinity,2021-02-01,2,457,1,235,1,222,0,0,1,244,1,106,1,350,California
Trinity,2021-02-02,15,472,3,238,12,234,0,0,14,257,1,107,14,364,California
Trinity,2021-02-03,6,478,1,239,5,239,0,0,3,257,3,110,3,367,California
Trinity,2021-02-04,42,520,32,271,10,249,0,0,35,285,7,117,35,402,California
Trinity,2021-02-05,350,870,0,271,350,599,0,0,320,575,30,147,320,722,California
Trinity,2021-02-06,210,1080,5,276,205,804,0,0,203,771,7,154,203,925,California
Trinity,2021-02-07,1,1081,0,276,1,805,0,0,1,772,0,154,1,926,California
Trinity,2021-02-08,25,1106,0,276,25,830,0,0,15,777,10,164,15,941,California
Trinity,2021-02-09,27,1133,2,278,25,855,0,0,11,772,16,180,11,952,California
Trinity,2021-02-10,122,1255,10,288,112,967,0,0,102,854,20,200,102,1054,California
Trinity,2021-02-11,338,1593,2,290,336,1303,0,0,331,1178,7,207,331,1385,California
Trinity,2021-02-12,18,1611,10,300,8,1311,0,0,14,1188,4,211,14,1399,California
Trinity,2021-02-13,12,1623,5,305,7,1318,0,0,5,1186,7,218,5,1404,California
Trinity,2021-02-14,2,1625,2,307,0,1318,0,0,2,1188,0,218,2,1406,California
Trinity,2021-02-15,47,1672,0,307,47,1365,0,0,47,1235,0,218,47,1453,California
Trinity,2021-02-16,4,1676,1,308,3,1368,0,0,2,1235,2,220,2,1455,California
Trinity,2021-02-17,94,1770,2,310,92,1460,0,0,84,1309,10,230,84,1539,California
Trinity,2021-02-18,4,1774,0,310,4,1464,0,0,1,1307,3,233,1,1540,California
Trinity,2021-02-19,305,2079,2,312,303,1767,0,0,291,1584,14,247,291,1831,California
Trinity,2021-02-20,141,2220,14,326,127,1894,0,0,113,1669,28,275,113,1944,California
Trinity,2021-02-21,1,2221,1,327,0,1894,0,0,1,1670,0,275,1,1945,California
Trinity,2021-02-22,8,2229,0,327,8,1902,0,0,5,1672,3,278,5,1950,California
Trinity,2021-02-23,11,2240,4,331,7,1909,0,0,6,1673,5,283,6,1956,California
Trinity,2021-02-24,30,2270,8,339,22,1931,0,0,7,1657,23,306,7,1963,California
Trinity,2021-02-25,36,2306,23,362,13,1944,0,0,5,1631,31,337,5,1968,California
Trinity,2021-02-26,11,2317,1,363,10,1954,0,0,5,1630,6,343,5,1973,California
Trinity,2021-02-27,9,2326,7,370,2,1956,0,0,4,1629,5,348,4,1977,California
Trinity,2021-03-01,9,2335,0,370,9,1965,0,0,5,1630,4,352,5,1982,California
Trinity,2021-03-02,9,2344,3,373,6,1971,0,0,2,1625,7,359,2,1984,California
Trinity,2021-03-03,5,2349,0,373,5,1976,0,0,4,1628,1,360,4,1988,California
Trinity,2021-03-04,24,2373,19,392,5,1981,0,0,10,1624,14,374,10,1998,California
Trinity,2021-03-05,388,2761,1,393,387,2368,0,0,121,1482,263,637,121,2119,California
Trinity,2021-03-06,202,2963,7,400,195,2563,0,0,27,1334,175,812,27,2146,California
Trinity,2021-03-07,4,2967,3,403,1,2564,0,0,3,1336,1,813,3,2149,California
Trinity,2021-03-08,3,2970,0,403,2,2566,1,1,1,1336,2,815,2,2151,California
Trinity,2021-03-09,94,3064,0,403,92,2658,2,3,89,1422,5,820,91,2242,California
Trinity,2021-03-10,126,3190,3,406,120,2778,3,6,38,1375,88,908,41,2283,California
Trinity,2021-03-11,16,3206,4,410,10,2788,2,8,5,1371,11,919,7,2290,California
Trinity,2021-03-12,397,3603,5,415,386,3174,6,14,96,1172,301,1220,102,2392,California
Trinity,2021-03-13,13,3616,8,423,3,3177,2,16,8,1177,5,1225,10,2402,California
Trinity,2021-03-14,3,3619,1,424,2,3179,0,16,2,1178,1,1226,2,2404,California
Trinity,2021-03-15,67,3686,0,424,66,3245,1,17,14,1140,53,1279,15,2419,California
Trinity,2021-03-16,115,3801,7,431,108,3353,0,17,102,1229,13,1292,102,2521,California
Trinity,2021-03-17,100,3901,3,434,97,3450,0,17,26,1181,74,1366,26,2547,California
Trinity,2021-03-18,10,3911,2,436,5,3455,3,20,5,1184,5,1371,8,2555,California
Trinity,2021-03-19,459,4370,4,440,345,3800,110,130,36,907,423,1794,146,2701,California
Trinity,2021-03-20,105,4475,7,447,98,3898,0,130,70,943,34,1828,70,2771,California
Trinity,2021-03-21,4,4479,0,447,3,3901,1,131,3,946,1,1829,4,2775,California
Trinity,2021-03-22,2,4481,0,447,2,3903,0,131,2,948,0,1829,2,2777,California
Trinity,2021-03-23,96,4577,2,449,94,3997,0,131,78,1008,18,1847,78,2855,California
Trinity,2021-03-24,12,4589,1,450,11,4008,0,131,9,1014,3,1850,9,2864,California
Trinity,2021-03-25,110,4699,8,458,96,4104,6,137,84,1078,26,1876,90,2954,California
Trinity,2021-03-26,85,4784,8,466,77,4181,0,137,78,1149,7,1883,78,3032,California
Trinity,2021-03-27,20,4804,4,470,7,4188,9,146,9,1156,11,1894,18,3050,California
Trinity,2021-03-28,5,4809,3,473,2,4190,0,146,1,1153,4,1898,1,3051,California
Trinity,2021-03-29,6,4815,0,473,5,4195,1,147,2,1152,4,1902,3,3054,California
Trinity,2021-03-30,77,4892,5,478,72,4267,0,147,67,1209,10,1912,67,3121,California
Trinity,2021-03-31,56,4948,5,483,19,4286,32,179,21,1226,35,1947,52,3173,California
Trinity,2021-04-01,41,4989,11,494,19,4305,11,190,21,1238,20,1967,32,3205,California
Trinity,2021-04-02,247,5236,5,499,168,4473,74,264,75,1216,171,2138,149,3354,California
Trinity,2021-04-03,17,5253,12,511,5,4478,0,264,7,1213,10,2148,7,3361,California
Trinity,2021-04-04,10,5263,8,519,2,4480,0,264,8,1219,2,2150,8,3369,California
Trinity,2021-04-05,59,5322,6,525,52,4532,1,265,55,1271,4,2154,56,3425,California
Trinity,2021-04-06,117,5439,15,540,99,4631,3,268,28,1214,89,2243,32,3457,California
Trinity,2021-04-07,24,5463,12,552,7,4638,5,273,16,1227,8,2251,21,3478,California
Trinity,2021-04-08,89,5552,10,562,77,4715,2,275,52,1244,37,2288,54,3532,California
Trinity,2021-04-09,168,5720,20,582,144,4859,4,279,90,1260,78,2366,94,3626,California
Trinity,2021-04-10,11,5731,7,589,4,4863,0,279,10,1269,1,2367,10,3636,California
Trinity,2021-04-11,9,5740,5,594,2,4865,2,281,4,1270,5,2372,6,3642,California
Trinity,2021-04-12,77,5817,5,599,71,4936,1,282,64,1322,12,2384,64,3706,California
Trinity,2021-04-13,97,5914,5,604,92,5028,0,282,9,1243,88,2472,9,3715,California
Trinity,2021-04-14,10,5924,5,609,5,5033,0,282,6,1245,4,2476,6,3721,California
Trinity,2021-04-15,43,5967,10,619,33,5066,0,282,14,1230,29,2505,14,3735,California
Trinity,2021-04-16,146,6113,13,632,133,5199,0,282,73,1231,72,2577,73,3808,California
Trinity,2021-04-17,11,6124,5,637,6,5205,0,282,9,1238,2,2579,9,3817,California
Trinity,2021-04-18,3,6127,1,638,2,5207,0,282,0,1235,3,2582,0,3817,California
Trinity,2021-04-19,69,6196,2,640,67,5274,0,282,68,1302,1,2583,68,3885,California
Trinity,2021-04-20,92,6288,8,648,84,5358,0,282,20,1250,72,2655,20,3905,California
Trinity,2021-04-21,22,6310,9,657,13,5371,0,282,9,1246,13,2668,9,3914,California
Trinity,2021-04-22,91,6401,5,662,86,5457,0,282,14,1183,77,2745,14,3928,California
Trinity,2021-04-23,182,6583,6,668,176,5633,0,282,113,1227,69,2814,113,4041,California
Trinity,2021-04-24,23,6606,13,681,10,5643,0,282,6,1216,17,2831,6,4047,California
Trinity,2021-04-25,10,6616,9,690,1,5644,0,282,3,1213,6,2837,3,4050,California
Trinity,2021-04-26,45,6661,6,696,39,5683,0,282,40,1248,5,2842,40,4090,California
Trinity,2021-04-27,85,6746,7,703,78,5761,0,282,22,1207,63,2905,22,4112,California
Trinity,2021-04-28,33,6779,11,714,22,5783,0,282,12,1198,21,2926,12,4124,California
Trinity,2021-04-29,34,6813,13,727,21,5804,0,282,12,1188,22,2948,12,4136,California
Trinity,2021-04-30,27,6840,21,748,6,5810,0,282,8,1178,18,2966,8,4144,California
Trinity,2021-05-01,14,6854,8,756,1,5811,5,287,4,1177,10,2976,9,4153,California
Trinity,2021-05-02,8,6862,5,761,1,5812,2,289,2,1175,6,2982,4,4157,California
Trinity,2021-05-03,58,6920,13,774,44,5856,1,290,9,1137,48,3030,10,4167,California
Trinity,2021-05-04,23,6943,11,785,11,5867,1,291,8,1131,15,3045,9,4176,California
Trinity,2021-05-05,10,6953,6,791,4,5871,0,291,3,1127,7,3052,3,4179,California
Trinity,2021-05-06,72,7025,10,801,60,5931,2,293,15,1087,57,3109,17,4196,California
Trinity,2021-05-07,175,7200,12,813,129,6060,34,327,14,974,161,3270,48,4244,California
Trinity,2021-05-08,6,7206,2,815,4,6064,0,327,2,972,4,3274,2,4246,California
Trinity,2021-05-09,11,7217,8,823,3,6067,0,327,7,975,4,3278,7,4253,California
Trinity,2021-05-10,15,7232,5,828,9,6076,1,328,8,977,7,3285,9,4262,California
Trinity,2021-05-11,7,7239,3,831,4,6080,0,328,5,980,2,3287,5,4267,California
Trinity,2021-05-12,17,7256,14,845,2,6082,1,329,13,990,4,3291,14,4281,California
Trinity,2021-05-13,10,7266,7,852,2,6084,1,330,7,995,3,3294,8,4289,California
Trinity,2021-05-14,129,7395,19,871,82,6166,28,358,37,968,92,3386,65,4354,California
Trinity,2021-05-15,13,7408,9,880,3,6169,1,359,7,970,6,3392,8,4362,California
Trinity,2021-05-16,7,7415,6,886,1,6170,0,359,5,973,2,3394,5,4367,California
Trinity,2021-05-17,108,7523,20,906,86,6256,2,361,42,951,66,3460,44,4411,California
Trinity,2021-05-18,37,7560,7,913,29,6285,1,362,11,937,26,3486,12,4423,California
Trinity,2021-05-19,143,7703,16,929,98,6383,29,391,28,880,114,3600,57,4480,California
Trinity,2021-05-20,12,7715,6,935,3,6386,3,394,6,883,6,3606,9,4489,California
Trinity,2021-05-21,6,7721,1,936,5,6391,0,394,3,883,3,3609,3,4492,California
Trinity,2021-05-22,2,7723,1,937,1,6392,0,394,1,883,1,3610,1,4493,California
Trinity,2021-05-23,5,7728,4,941,1,6393,0,394,3,884,2,3612,3,4496,California
Trinity,2021-05-24,109,7837,12,953,97,6490,0,394,9,794,99,3711,9,4505,California
Trinity,2021-05-25,13,7850,7,960,6,6496,0,394,7,795,6,3717,7,4512,California
Tulare,2020-12-15,1,1,1,1,0,0,0,0,1,1,0,0,1,1,California
Tulare,2020-12-16,4,5,4,5,0,0,0,0,4,5,0,0,4,5,California
Tulare,2020-12-17,109,114,109,114,0,0,0,0,109,114,0,0,109,114,California
Tulare,2020-12-18,290,404,289,403,1,1,0,0,290,404,0,0,290,404,California
Tulare,2020-12-19,327,731,327,730,0,1,0,0,327,731,0,0,327,731,California
Tulare,2020-12-20,167,898,166,896,1,2,0,0,167,898,0,0,167,898,California
Tulare,2020-12-21,422,1320,422,1318,0,2,0,0,442,1340,0,0,442,1340,California
Tulare,2020-12-22,469,1789,467,1785,2,4,0,0,468,1808,0,0,468,1808,California
Tulare,2020-12-23,327,2116,319,2104,8,12,0,0,325,2133,0,0,325,2133,California
Tulare,2020-12-24,18,2134,16,2120,2,14,0,0,18,2151,0,0,18,2151,California
Tulare,2020-12-26,9,2143,8,2128,1,15,0,0,9,2160,0,0,9,2160,California
Tulare,2020-12-27,17,2160,12,2140,5,20,0,0,17,2177,0,0,17,2177,California
Tulare,2020-12-28,478,2638,466,2606,12,32,0,0,477,2654,0,0,477,2654,California
Tulare,2020-12-29,548,3186,478,3084,70,102,0,0,548,3202,0,0,548,3202,California
Tulare,2020-12-30,465,3651,425,3509,40,142,0,0,465,3667,0,0,465,3667,California
Tulare,2020-12-31,95,3746,22,3531,73,215,0,0,95,3762,0,0,95,3762,California
Tulare,2021-01-01,2,3748,1,3532,1,216,0,0,2,3764,0,0,2,3764,California
Tulare,2021-01-02,30,3778,17,3549,13,229,0,0,30,3794,0,0,30,3794,California
Tulare,2021-01-03,23,3801,9,3558,14,243,0,0,23,3817,0,0,23,3817,California
Tulare,2021-01-04,91,3892,15,3573,76,319,0,0,91,3908,0,0,91,3908,California
Tulare,2021-01-05,463,4355,278,3851,185,504,0,0,461,4367,2,2,461,4369,California
Tulare,2021-01-06,864,5219,634,4485,230,734,0,0,854,5211,10,12,854,5223,California
Tulare,2021-01-07,783,6002,584,5069,199,933,0,0,676,5780,107,119,676,5899,California
Tulare,2021-01-08,1272,7274,574,5643,698,1631,0,0,934,6377,337,456,934,6833,California
Tulare,2021-01-09,798,8072,203,5846,595,2226,0,0,611,6801,187,643,611,7444,California
Tulare,2021-01-10,50,8122,44,5890,6,2232,0,0,11,6773,39,682,11,7455,California
Tulare,2021-01-11,1272,9394,769,6659,503,2735,0,0,836,7173,436,1118,836,8291,California
Tulare,2021-01-12,1415,10809,501,7160,914,3649,0,0,1006,7772,408,1526,1007,9298,California
Tulare,2021-01-13,428,11237,199,7359,229,3878,0,0,353,8050,75,1601,353,9651,California
Tulare,2021-01-14,491,11728,141,7500,350,4228,0,0,465,8500,15,1616,465,10116,California
Tulare,2021-01-15,1622,13350,154,7654,1468,5696,0,0,1613,10104,9,1625,1613,11729,California
Tulare,2021-01-16,1899,15249,112,7766,1787,7483,0,0,1885,11975,14,1639,1885,13614,California
Tulare,2021-01-17,142,15391,122,7888,20,7503,0,0,132,12097,10,1649,132,13746,California
Tulare,2021-01-18,694,16085,661,8549,33,7536,0,0,297,11997,397,2046,297,14043,California
Tulare,2021-01-19,1011,17096,688,9237,323,7859,0,0,584,12154,427,2473,584,14627,California
Tulare,2021-01-20,2425,19521,612,9849,1813,9672,0,0,2013,13781,386,2859,2013,16640,California
Tulare,2021-01-21,1549,21070,182,10031,1367,11039,0,0,1523,15283,21,2880,1523,18163,California
Tulare,2021-01-22,1058,22128,189,10220,869,11908,0,0,1033,16292,24,2904,1033,19196,California
Tulare,2021-01-23,437,22565,155,10375,282,12190,0,0,417,16689,20,2924,417,19613,California
Tulare,2021-01-24,30,22595,27,10402,3,12193,0,0,28,16715,2,2926,28,19641,California
Tulare,2021-01-25,1342,23937,981,11383,361,12554,0,0,1299,17971,43,2969,1299,20940,California
Tulare,2021-01-26,1503,25440,1097,12480,406,12960,0,0,1170,18809,332,3301,1170,22110,California
Tulare,2021-01-27,1499,26939,1070,13550,429,13389,0,0,920,19151,578,3879,920,23030,California
Tulare,2021-01-28,1214,28153,777,14327,437,13826,0,0,817,19571,397,4276,817,23847,California
Tulare,2021-01-29,1129,29282,719,15046,410,14236,0,0,820,20082,309,4585,820,24667,California
Tulare,2021-01-30,1675,30957,1581,16627,94,14330,0,0,1651,21710,24,4609,1652,26319,California
Tulare,2021-01-31,67,31024,62,16689,5,14335,0,0,64,21771,3,4612,64,26383,California
Tulare,2021-02-01,1185,32209,915,17604,270,14605,0,0,829,22245,355,4967,829,27212,California
Tulare,2021-02-02,696,32905,347,17951,349,14954,0,0,455,22462,239,5206,456,27668,California
Tulare,2021-02-03,568,33473,241,18192,327,15281,0,0,327,22568,221,5427,327,27995,California
Tulare,2021-02-04,556,34029,169,18361,387,15668,0,0,267,22548,288,5715,268,28263,California
Tulare,2021-02-05,1238,35267,238,18599,1000,16668,0,0,411,22134,825,6540,411,28674,California
Tulare,2021-02-06,832,36099,156,18755,676,17344,0,0,211,21726,619,7159,211,28885,California
Tulare,2021-02-07,83,36182,71,18826,12,17356,0,0,23,21689,60,7219,23,28908,California
Tulare,2021-02-08,941,37123,325,19151,616,17972,0,0,240,21230,699,7918,240,29148,California
Tulare,2021-02-09,1415,38538,335,19486,1080,19052,0,0,369,20558,1041,8959,369,29517,California
Tulare,2021-02-10,2472,41010,1986,21472,486,19538,0,0,2071,22229,400,9359,2071,31588,California
Tulare,2021-02-11,1326,42336,377,21849,949,20487,0,0,907,22717,419,9778,907,32495,California
Tulare,2021-02-12,2784,45120,575,22424,2209,22696,0,0,1211,22362,1566,11344,1211,33706,California
Tulare,2021-02-13,2479,47599,157,22581,2322,25018,0,0,664,21215,1811,13155,664,34370,California
Tulare,2021-02-14,337,47936,40,22621,297,25315,0,0,300,21478,37,13192,300,34670,California
Tulare,2021-02-15,920,48856,294,22915,626,25941,0,0,663,21885,256,13448,663,35333,California
Tulare,2021-02-16,2832,51688,1593,24508,1239,27180,0,0,1079,21212,1752,15200,1079,36412,California
Tulare,2021-02-17,2698,54386,511,25019,2187,29367,0,0,461,19442,2231,17431,461,36873,California
Tulare,2021-02-18,2310,56696,456,25475,1854,31221,0,0,629,18398,1673,19104,629,37502,California
Tulare,2021-02-19,2311,59007,871,26346,1440,32661,0,0,954,17996,1356,20460,954,38456,California
Tulare,2021-02-20,2979,61986,1881,28227,1098,33759,0,0,1257,17536,1717,22177,1257,39713,California
Tulare,2021-02-21,94,62080,90,28317,4,33763,0,0,48,17539,45,22222,48,39761,California
Tulare,2021-02-22,1105,63185,699,29016,406,34169,0,0,210,16855,894,23116,210,39971,California
Tulare,2021-02-23,1959,65144,949,29965,1010,35179,0,0,1466,17829,492,23608,1466,41437,California
Tulare,2021-02-24,2485,67629,1549,31514,936,36115,0,0,2108,19562,376,23984,2109,43546,California
Tulare,2021-02-25,3510,71139,1979,33493,1531,37646,0,0,3094,22244,412,24396,3094,46640,California
Tulare,2021-02-26,3854,74993,1887,35380,1967,39613,0,0,3387,25167,465,24861,3388,50028,California
Tulare,2021-02-27,2998,77991,1490,36870,1508,41121,0,0,2865,27911,121,24982,2865,52893,California
Tulare,2021-02-28,1308,79299,1036,37906,272,41393,0,0,1288,29182,17,24999,1288,54181,California
Tulare,2021-03-01,1775,81074,798,38704,977,42370,0,0,1584,30577,189,25188,1584,55765,California
Tulare,2021-03-02,2771,83845,1268,39972,1503,43873,0,0,2596,33001,173,25361,2597,58362,California
Tulare,2021-03-03,3955,87800,2619,42591,1336,45209,0,0,2007,33065,1945,27306,2009,60371,California
Tulare,2021-03-04,2948,90748,1332,43923,1616,46825,0,0,2621,35363,323,27629,2621,62992,California
Tulare,2021-03-05,3433,94181,1760,45683,1658,48483,15,15,2921,37792,509,28138,2938,65930,California
Tulare,2021-03-06,3085,97266,1440,47123,1586,50069,59,74,2837,40441,245,28383,2894,68824,California
Tulare,2021-03-07,1137,98403,703,47826,413,50482,21,95,1096,41518,40,28423,1117,69941,California
Tulare,2021-03-08,1712,100115,1007,48833,536,51018,169,264,1390,42759,317,28740,1558,71499,California
Tulare,2021-03-09,3257,103372,2246,51079,864,51882,147,411,2849,45347,407,29147,2995,74494,California
Tulare,2021-03-10,2830,106202,1398,52477,1257,53139,175,586,2431,47561,390,29537,2604,77098,California
Tulare,2021-03-11,4168,110370,1979,54456,1888,55027,301,887,3230,50154,938,30475,3531,80629,California
Tulare,2021-03-12,4404,114774,2432,56888,1623,56650,349,1236,3130,52370,1266,31741,3482,84111,California
Tulare,2021-03-13,4137,118911,1942,58830,2090,58740,105,1341,3191,54729,940,32681,3299,87410,California
Tulare,2021-03-14,1859,120770,985,59815,655,59395,219,1560,1334,55755,524,33205,1550,88960,California
Tulare,2021-03-15,2747,123517,1628,61443,1004,60399,115,1675,1973,57072,772,33977,2089,91049,California
Tulare,2021-03-16,3436,126953,2124,63567,1234,61633,78,1753,1879,57479,1553,35530,1960,93009,California
Tulare,2021-03-17,4048,131001,2636,66203,1335,62968,77,1830,2305,58131,1737,37267,2389,95398,California
Tulare,2021-03-18,4633,135634,3380,69583,1181,64149,72,1902,2458,58495,2168,39435,2532,97930,California
Tulare,2021-03-19,5097,140731,3352,72935,1550,65699,195,2097,2730,59074,2348,41783,2927,100857,California
Tulare,2021-03-20,4479,145210,2786,75721,1321,67020,372,2469,2060,59098,2411,44194,2435,103292,California
Tulare,2021-03-21,1996,147206,1706,77427,264,67284,26,2495,1055,59241,937,45131,1080,104372,California
Tulare,2021-03-22,2564,149770,1775,79202,677,67961,112,2607,1693,60183,865,45996,1807,106179,California
Tulare,2021-03-23,3756,153526,2157,81359,1547,69508,52,2659,2062,60619,1684,47680,2120,108299,California
Tulare,2021-03-24,3204,156730,1989,83348,1173,70681,42,2701,1811,61087,1385,49065,1853,110152,California
Tulare,2021-03-25,3481,160211,1814,85162,1495,72176,172,2873,1692,61171,1782,50847,1866,112018,California
Tulare,2021-03-26,5253,165464,3136,88298,2008,74184,109,2982,2545,61136,2690,53537,2655,114673,California
Tulare,2021-03-27,3537,169001,1814,90112,1625,75809,98,3080,990,59684,2539,56076,1087,115760,California
Tulare,2021-03-28,1463,170464,1058,91170,374,76183,31,3111,675,59610,786,56862,712,116472,California
Tulare,2021-03-29,2894,173358,1675,92845,1107,77290,112,3223,1228,59291,1661,58523,1342,117814,California
Tulare,2021-03-30,4831,178189,2785,95630,1816,79106,230,3453,1531,57756,3291,61814,1756,119570,California
Tulare,2021-03-31,3952,182141,2339,97969,1500,80606,113,3566,1578,57085,2366,64180,1695,121265,California
Tulare,2021-04-01,4519,186660,2451,100420,2000,82606,68,3634,1558,55761,2951,67131,1627,122892,California
Tulare,2021-04-02,5331,191991,3054,103474,2159,84765,118,3752,1576,53718,3739,70870,1696,124588,California
Tulare,2021-04-03,3624,195615,2096,105570,1157,85922,371,4123,835,52172,2751,73621,1205,125793,California
Tulare,2021-04-04,1633,197248,1146,106716,480,86402,7,4130,359,51268,1270,74891,366,126159,California
Tulare,2021-04-05,3350,200598,2342,109058,740,87142,268,4398,860,49920,2478,77369,1130,127289,California
Tulare,2021-04-06,3428,204026,1469,110527,1465,88607,494,4892,921,48840,2500,79869,1420,128709,California
Tulare,2021-04-07,3876,207902,1830,112357,1614,90221,432,5324,1287,47981,2580,82449,1721,130430,California
Tulare,2021-04-08,4719,212621,2592,114949,1668,91889,459,5783,1508,46745,3199,85648,1963,132393,California
Tulare,2021-04-09,4787,217408,2952,117901,1403,93292,432,6215,1807,46018,2972,88620,2245,134638,California
Tulare,2021-04-10,3808,221216,2058,119959,1433,94725,317,6532,925,44383,2875,91495,1240,135878,California
Tulare,2021-04-11,1573,222789,1036,120995,466,95191,71,6603,482,43848,1088,92583,553,136431,California
Tulare,2021-04-12,3361,226150,2105,123100,663,95854,593,7196,1050,43189,2303,94886,1644,138075,California
Tulare,2021-04-13,2413,228563,1586,124686,817,96671,10,7206,901,42601,1501,96387,913,138988,California
Tulare,2021-04-14,2846,231409,1681,126367,1165,97836,0,7206,908,41574,1935,98322,908,139896,California
Tulare,2021-04-15,3272,234681,2133,128500,1139,98975,0,7206,1468,41249,1793,100115,1468,141364,California
Tulare,2021-04-16,3651,238332,2216,130716,1435,100410,0,7206,1478,40564,2163,102278,1478,142842,California
Tulare,2021-04-17,2211,240543,1298,132014,913,101323,0,7206,1175,40709,1031,103309,1176,144018,California
Tulare,2021-04-18,1521,242064,1190,133204,331,101654,0,7206,814,40817,706,104015,814,144832,California
Tulare,2021-04-19,2120,244184,1220,134424,898,102552,2,7208,896,40495,1220,105235,898,145730,California
Tulare,2021-04-20,2340,246524,1313,135737,1027,103579,0,7208,993,40156,1332,106567,993,146723,California
Tulare,2021-04-21,2205,248729,1325,137062,880,104459,0,7208,807,39605,1359,107926,808,147531,California
Tulare,2021-04-22,2108,250837,1171,138233,937,105396,0,7208,727,38971,1361,109287,727,148258,California
Tulare,2021-04-23,2577,253414,1581,139814,995,106391,1,7209,1018,38441,1548,110835,1018,149276,California
Tulare,2021-04-24,1636,255050,1051,140865,583,106974,2,7211,848,38508,783,111618,850,150126,California
Tulare,2021-04-25,693,255743,520,141385,173,107147,0,7211,264,38343,429,112047,264,150390,California
Tulare,2021-04-26,1463,257206,874,142259,570,107717,19,7230,610,38125,845,112892,627,151017,California
Tulare,2021-04-27,1593,258799,633,142892,924,108641,36,7266,671,37913,918,113810,706,151723,California
Tulare,2021-04-28,1702,260501,971,143863,690,109331,41,7307,668,37593,1029,114839,709,152432,California
Tulare,2021-04-29,1989,262490,1193,145056,759,110090,37,7344,768,37185,1211,116050,803,153235,California
Tulare,2021-04-30,2429,264919,1769,146825,610,110700,50,7394,893,36598,1529,117579,942,154177,California
Tulare,2021-05-01,1408,266327,1210,148035,186,110886,12,7406,720,36650,680,118259,732,154909,California
Tulare,2021-05-02,584,266911,496,148531,72,110958,16,7422,188,36461,393,118652,204,155113,California
Tulare,2021-05-03,1618,268529,1093,149624,400,111358,125,7547,348,35671,1263,119915,473,155586,California
Tulare,2021-05-04,1547,270076,825,150449,653,112011,69,7616,624,35446,916,120831,691,156277,California
Tulare,2021-05-05,1266,271342,610,151059,568,112579,88,7704,435,35149,820,121651,523,156800,California
Tulare,2021-05-06,1950,273292,1325,152384,576,113155,49,7753,589,34433,1354,123005,638,157438,California
Tulare,2021-05-07,1841,275133,1250,153634,523,113678,68,7821,526,33718,1308,124313,593,158031,California
Tulare,2021-05-08,1233,276366,803,154437,405,114083,25,7846,526,33569,700,125013,551,158582,California
Tulare,2021-05-09,590,276956,468,154905,101,114184,21,7867,117,33239,469,125482,139,158721,California
Tulare,2021-05-10,1015,277971,587,155492,363,114547,65,7932,308,32907,705,126187,373,159094,California
Tulare,2021-05-11,1210,279181,614,156106,520,115067,76,8008,502,32783,702,126889,578,159672,California
Tulare,2021-05-12,1500,280681,967,157073,481,115548,52,8060,397,32142,1089,127978,448,160120,California
Tulare,2021-05-13,1447,282128,902,157975,507,116055,38,8098,646,32029,797,128775,684,160804,California
Tulare,2021-05-14,1927,284055,1240,159215,625,116680,62,8160,859,31893,1057,129832,921,161725,California
Tulare,2021-05-15,1558,285613,875,160090,638,117318,45,8205,660,31706,891,130723,704,162429,California
Tulare,2021-05-16,693,286306,552,160642,129,117447,12,8217,323,31672,369,131092,335,162764,California
Tulare,2021-05-17,1531,287837,950,161592,508,117955,73,8290,741,31703,783,131875,814,163578,California
Tulare,2021-05-18,1577,289414,851,162443,673,118628,53,8343,805,31792,767,132642,856,164434,California
Tulare,2021-05-19,1465,290879,942,163385,489,119117,34,8377,767,31900,693,133335,801,165235,California
Tulare,2021-05-20,1334,292213,908,164293,342,119459,84,8461,648,31948,684,134019,732,165967,California
Tulare,2021-05-21,1556,293769,1166,165459,349,119808,41,8502,902,32245,646,134665,943,166910,California
Tulare,2021-05-22,1392,295161,1014,166473,353,120161,25,8527,529,31942,858,135523,555,167465,California
Tulare,2021-05-23,293,295454,248,166721,36,120197,9,8536,146,31951,146,135669,155,167620,California
Tulare,2021-05-24,887,296341,550,167271,277,120474,60,8596,413,31955,469,136138,473,168093,California
Tulare,2021-05-25,484,296825,229,167500,225,120699,30,8626,200,31903,282,136420,230,168323,California
Tuolumne,2020-12-16,47,47,47,47,0,0,0,0,47,47,0,0,47,47,California
Tuolumne,2020-12-17,17,64,17,64,0,0,0,0,17,64,0,0,17,64,California
Tuolumne,2020-12-18,101,165,100,164,1,1,0,0,101,165,0,0,101,165,California
Tuolumne,2020-12-19,5,170,5,169,0,1,0,0,5,170,0,0,5,170,California
Tuolumne,2020-12-20,2,172,2,171,0,1,0,0,2,172,0,0,2,172,California
Tuolumne,2020-12-21,115,287,101,272,14,15,0,0,115,287,0,0,115,287,California
Tuolumne,2020-12-22,172,459,172,444,0,15,0,0,172,459,0,0,172,459,California
Tuolumne,2020-12-23,185,644,183,627,2,17,0,0,185,644,0,0,185,644,California
Tuolumne,2020-12-26,2,646,2,629,0,17,0,0,2,646,0,0,2,646,California
Tuolumne,2020-12-28,77,723,75,704,2,19,0,0,77,723,0,0,77,723,California
Tuolumne,2020-12-29,102,825,39,743,63,82,0,0,102,825,0,0,102,825,California
Tuolumne,2020-12-30,78,903,22,765,56,138,0,0,78,903,0,0,78,903,California
Tuolumne,2020-12-31,27,930,20,785,7,145,0,0,27,930,0,0,27,930,California
Tuolumne,2021-01-01,6,936,5,790,1,146,0,0,6,936,0,0,6,936,California
Tuolumne,2021-01-02,118,1054,115,905,3,149,0,0,118,1054,0,0,118,1054,California
Tuolumne,2021-01-03,2,1056,2,907,0,149,0,0,2,1056,0,0,2,1056,California
Tuolumne,2021-01-04,69,1125,26,933,43,192,0,0,69,1125,0,0,69,1125,California
Tuolumne,2021-01-05,93,1218,27,960,66,258,0,0,90,1213,3,3,91,1216,California
Tuolumne,2021-01-06,132,1350,72,1032,60,318,0,0,68,1217,64,67,68,1284,California
Tuolumne,2021-01-07,119,1469,63,1095,56,374,0,0,64,1226,55,122,64,1348,California
Tuolumne,2021-01-08,105,1574,81,1176,24,398,0,0,27,1177,77,199,28,1376,California
Tuolumne,2021-01-09,2,1576,0,1176,2,400,0,0,2,1179,0,199,2,1378,California
Tuolumne,2021-01-10,3,1579,1,1177,2,402,0,0,3,1182,0,199,3,1381,California
Tuolumne,2021-01-11,116,1695,90,1267,26,428,0,0,34,1134,82,281,34,1415,California
Tuolumne,2021-01-12,102,1797,86,1353,16,444,0,0,18,1068,84,365,18,1433,California
Tuolumne,2021-01-13,231,2028,125,1478,106,550,0,0,182,1202,49,414,183,1616,California
Tuolumne,2021-01-14,148,2176,108,1586,40,590,0,0,43,1141,104,518,43,1659,California
Tuolumne,2021-01-15,474,2650,72,1658,402,992,0,0,412,1493,61,579,413,2072,California
Tuolumne,2021-01-16,7,2657,3,1661,4,996,0,0,6,1498,1,580,6,2078,California
Tuolumne,2021-01-17,7,2664,4,1665,3,999,0,0,7,1505,0,580,7,2085,California
Tuolumne,2021-01-18,46,2710,38,1703,8,1007,0,0,9,1478,36,616,9,2094,California
Tuolumne,2021-01-19,477,3187,73,1776,404,1411,0,0,431,1863,46,662,431,2525,California
Tuolumne,2021-01-20,76,3263,58,1834,18,1429,0,0,24,1836,51,713,24,2549,California
Tuolumne,2021-01-21,56,3319,23,1857,33,1462,0,0,40,1860,16,729,40,2589,California
Tuolumne,2021-01-22,169,3488,16,1873,153,1615,0,0,162,2015,7,736,162,2751,California
Tuolumne,2021-01-23,653,4141,134,2007,519,2134,0,0,548,2470,105,841,560,3311,California
Tuolumne,2021-01-24,522,4663,1,2008,521,2655,0,0,520,2989,2,843,521,3832,California
Tuolumne,2021-01-25,50,4713,28,2036,22,2677,0,0,24,2988,26,869,25,3857,California
Tuolumne,2021-01-26,80,4793,68,2104,12,2689,0,0,40,2989,40,909,41,3898,California
Tuolumne,2021-01-27,61,4854,4,2108,57,2746,0,0,8,2945,52,961,8,3906,California
Tuolumne,2021-01-28,27,4881,7,2115,20,2766,0,0,18,2954,9,970,18,3924,California
Tuolumne,2021-01-29,74,4955,6,2121,68,2834,0,0,35,2950,39,1009,35,3959,California
Tuolumne,2021-01-30,711,5666,553,2674,158,2992,0,0,689,3633,22,1031,705,4664,California
Tuolumne,2021-01-31,8,5674,2,2676,6,2998,0,0,5,3635,3,1034,5,4669,California
Tuolumne,2021-02-01,25,5699,6,2682,19,3017,0,0,22,3654,3,1037,22,4691,California
Tuolumne,2021-02-02,647,6346,40,2722,607,3624,0,0,635,4279,10,1047,635,5326,California
Tuolumne,2021-02-03,240,6586,111,2833,129,3753,0,0,88,4215,152,1199,88,5414,California
Tuolumne,2021-02-04,123,6709,13,2846,110,3863,0,0,60,4212,63,1262,60,5474,California
Tuolumne,2021-02-05,99,6808,13,2859,86,3949,0,0,35,4184,63,1325,35,5509,California
Tuolumne,2021-02-06,855,7663,581,3440,274,4223,0,0,847,5028,8,1333,852,6361,California
Tuolumne,2021-02-07,8,7671,4,3444,4,4227,0,0,4,5028,4,1337,4,6365,California
Tuolumne,2021-02-08,91,7762,40,3484,51,4278,0,0,67,5071,24,1361,67,6432,California
Tuolumne,2021-02-09,863,8625,53,3537,810,5088,0,0,822,5852,41,1402,822,7254,California
Tuolumne,2021-02-10,92,8717,17,3554,75,5163,0,0,31,5823,60,1462,31,7285,California
Tuolumne,2021-02-11,143,8860,67,3621,76,5239,0,0,77,5834,66,1528,77,7362,California
Tuolumne,2021-02-12,646,9506,19,3640,627,5866,0,0,205,5599,440,1968,205,7567,California
Tuolumne,2021-02-13,150,9656,42,3682,108,5974,0,0,119,5688,30,1998,119,7686,California
Tuolumne,2021-02-14,149,9805,13,3695,136,6110,0,0,148,5835,1,1999,148,7834,California
Tuolumne,2021-02-15,186,9991,10,3705,176,6286,0,0,177,6003,9,2008,177,8011,California
Tuolumne,2021-02-16,530,10521,18,3723,512,6798,0,0,122,5723,404,2412,124,8135,California
Tuolumne,2021-02-17,111,10632,63,3786,48,6846,0,0,61,5735,49,2461,61,8196,California
Tuolumne,2021-02-18,680,11312,25,3811,655,7501,0,0,629,6314,51,2512,630,8826,California
Tuolumne,2021-02-19,143,11455,23,3834,120,7621,0,0,43,6257,100,2612,43,8869,California
Tuolumne,2021-02-20,905,12360,342,4176,563,8184,0,0,385,6137,506,3118,386,9255,California
Tuolumne,2021-02-21,975,13335,38,4214,937,9121,0,0,470,6105,504,3622,472,9727,California
Tuolumne,2021-02-22,81,13416,58,4272,23,9144,0,0,47,6119,33,3655,47,9774,California
Tuolumne,2021-02-23,48,13464,24,4296,24,9168,0,0,26,6124,21,3676,26,9800,California
Tuolumne,2021-02-24,103,13567,58,4354,45,9213,0,0,42,6106,60,3736,42,9842,California
Tuolumne,2021-02-25,1050,14617,34,4388,1016,10229,0,0,1019,7094,31,3767,1019,10861,California
Tuolumne,2021-02-26,147,14764,10,4398,137,10366,0,0,121,7190,26,3793,122,10983,California
Tuolumne,2021-02-27,953,15717,578,4976,375,10741,0,0,249,6755,687,4480,252,11235,California
Tuolumne,2021-02-28,56,15773,4,4980,52,10793,0,0,52,6804,3,4483,52,11287,California
Tuolumne,2021-03-01,112,15885,21,5001,91,10884,0,0,77,6848,34,4517,78,11365,California
Tuolumne,2021-03-02,705,16590,73,5074,632,11516,0,0,106,6355,599,5116,106,11471,California
Tuolumne,2021-03-03,90,16680,22,5096,68,11584,0,0,65,6395,25,5141,65,11536,California
Tuolumne,2021-03-04,1168,17848,74,5170,1094,12678,0,0,1105,7437,63,5204,1105,12641,California
Tuolumne,2021-03-05,86,17934,10,5180,76,12754,0,0,49,7451,36,5240,50,12691,California
Tuolumne,2021-03-06,1056,18990,605,5785,449,13203,2,2,204,6811,847,6087,207,12898,California
Tuolumne,2021-03-07,42,19032,13,5798,14,13217,15,17,19,6822,23,6110,34,12932,California
Tuolumne,2021-03-08,196,19228,90,5888,99,13316,7,24,139,6911,57,6167,146,13078,California
Tuolumne,2021-03-09,857,20085,16,5904,830,14146,11,35,68,6207,784,6951,80,13158,California
Tuolumne,2021-03-10,78,20163,12,5916,55,14201,11,46,53,6246,25,6976,64,13222,California
Tuolumne,2021-03-11,1281,21444,36,5952,1240,15441,5,51,1255,7482,26,7002,1262,14484,California
Tuolumne,2021-03-12,299,21743,36,5988,248,15689,15,66,190,7582,108,7110,208,14692,California
Tuolumne,2021-03-13,113,21856,12,6000,101,15790,0,66,84,7639,28,7138,85,14777,California
Tuolumne,2021-03-14,142,21998,8,6008,125,15915,9,75,7,7524,135,7273,20,14797,California
Tuolumne,2021-03-15,296,22294,80,6088,213,16128,3,78,101,7440,194,7467,110,14907,California
Tuolumne,2021-03-16,802,23096,40,6128,751,16879,11,89,665,7980,136,7603,676,15583,California
Tuolumne,2021-03-17,152,23248,30,6158,109,16988,13,102,79,8000,72,7675,92,15675,California
Tuolumne,2021-03-18,948,24196,27,6185,908,17896,13,115,318,7704,627,8302,331,16006,California
Tuolumne,2021-03-19,134,24330,17,6202,87,17983,30,145,74,7749,59,8361,104,16110,California
Tuolumne,2021-03-20,89,24419,7,6209,72,18055,10,155,37,7744,51,8412,46,16156,California
Tuolumne,2021-03-21,834,25253,390,6599,434,18489,10,165,41,7010,786,9198,52,16208,California
Tuolumne,2021-03-22,164,25417,73,6672,72,18561,19,184,97,7060,66,9264,116,16324,California
Tuolumne,2021-03-23,708,26125,637,7309,57,18618,14,198,671,7707,37,9301,684,17008,California
Tuolumne,2021-03-24,111,26236,20,7329,73,18691,18,216,77,7769,33,9334,95,17103,California
Tuolumne,2021-03-25,1298,27534,23,7352,1272,19963,3,219,326,7128,970,10304,329,17432,California
Tuolumne,2021-03-26,275,27809,16,7368,236,20199,23,242,117,7121,148,10452,141,17573,California
Tuolumne,2021-03-27,580,28389,53,7421,527,20726,0,242,318,7180,260,10712,319,17892,California
Tuolumne,2021-03-28,48,28437,7,7428,41,20767,0,242,8,7150,39,10751,9,17901,California
Tuolumne,2021-03-29,206,28643,83,7511,123,20890,0,242,109,7165,94,10845,109,18010,California
Tuolumne,2021-03-30,162,28805,11,7522,150,21040,1,243,120,7245,41,10886,121,18131,California
Tuolumne,2021-03-31,95,28900,14,7536,79,21119,2,245,38,7230,55,10941,40,18171,California
Tuolumne,2021-04-01,1249,30149,30,7566,1219,22338,0,245,228,6440,1018,11959,228,18399,California
Tuolumne,2021-04-02,165,30314,11,7577,128,22466,26,271,91,6485,72,12031,117,18516,California
Tuolumne,2021-04-03,426,30740,35,7612,390,22856,1,272,239,6540,187,12218,242,18758,California
Tuolumne,2021-04-04,33,30773,3,7615,30,22886,0,272,21,6550,11,12229,21,18779,California
Tuolumne,2021-04-05,131,30904,19,7634,105,22991,7,279,59,6544,72,12301,66,18845,California
Tuolumne,2021-04-06,648,31552,517,8151,104,23095,27,306,513,6951,135,12436,542,19387,California
Tuolumne,2021-04-07,128,31680,37,8188,75,23170,16,322,50,6939,78,12514,66,19453,California
Tuolumne,2021-04-08,1444,33124,32,8220,1398,24568,14,336,246,6005,1194,13708,260,19713,California
Tuolumne,2021-04-09,274,33398,41,8261,189,24757,44,380,131,6041,143,13851,179,19892,California
Tuolumne,2021-04-10,56,33454,2,8263,34,24791,20,400,23,6052,32,13883,43,19935,California
Tuolumne,2021-04-11,18,33472,3,8266,12,24803,3,403,12,6061,6,13889,15,19950,California
Tuolumne,2021-04-12,164,33636,66,8332,93,24896,5,408,90,6088,68,13957,95,20045,California
Tuolumne,2021-04-13,783,34419,35,8367,748,25644,0,408,169,5651,606,14563,169,20214,California
Tuolumne,2021-04-14,154,34573,27,8394,127,25771,0,408,78,5657,73,14636,79,20293,California
Tuolumne,2021-04-15,341,34914,20,8414,321,26092,0,408,59,5440,276,14912,59,20352,California
Tuolumne,2021-04-16,251,35165,50,8464,201,26293,0,408,141,5479,103,15015,142,20494,California
Tuolumne,2021-04-17,43,35208,6,8470,37,26330,0,408,27,5490,16,15031,27,20521,California
Tuolumne,2021-04-18,8,35216,3,8473,5,26335,0,408,4,5490,4,15035,4,20525,California
Tuolumne,2021-04-19,170,35386,79,8552,91,26426,0,408,92,5506,76,15111,92,20617,California
Tuolumne,2021-04-20,712,36098,615,9167,97,26523,0,408,76,4953,629,15740,76,20693,California
Tuolumne,2021-04-21,119,36217,26,9193,93,26616,0,408,63,4965,51,15791,63,20756,California
Tuolumne,2021-04-22,709,36926,46,9239,663,27279,0,408,430,5125,270,16061,430,21186,California
Tuolumne,2021-04-23,177,37103,31,9270,146,27425,0,408,86,5122,89,16150,86,21272,California
Tuolumne,2021-04-24,80,37183,18,9288,62,27487,0,408,52,5146,28,16178,52,21324,California
Tuolumne,2021-04-25,27,37210,10,9298,17,27504,0,408,24,5167,3,16181,24,21348,California
Tuolumne,2021-04-26,152,37362,56,9354,96,27600,0,408,69,5155,82,16263,70,21418,California
Tuolumne,2021-04-27,136,37498,23,9377,106,27706,7,415,63,5154,71,16334,70,21488,California
Tuolumne,2021-04-28,116,37614,25,9402,80,27786,11,426,65,5180,50,16384,76,21564,California
Tuolumne,2021-04-29,277,37891,16,9418,253,28039,8,434,53,5019,222,16606,61,21625,California
Tuolumne,2021-04-30,351,38242,21,9439,318,28357,12,446,67,4817,281,16887,79,21704,California
Tuolumne,2021-05-01,24,38266,7,9446,13,28370,4,450,16,4829,8,16895,20,21724,California
Tuolumne,2021-05-02,26,38292,3,9449,21,28391,2,452,19,4843,7,16902,21,21745,California
Tuolumne,2021-05-03,98,38390,14,9463,79,28470,5,457,28,4807,69,16971,33,21778,California
Tuolumne,2021-05-04,692,39082,603,10066,84,28554,5,462,205,4530,486,17457,209,21987,California
Tuolumne,2021-05-05,107,39189,25,10091,76,28630,6,468,55,4542,50,17507,62,22049,California
Tuolumne,2021-05-06,285,39474,13,10104,258,28888,14,482,40,4355,240,17747,53,22102,California
Tuolumne,2021-05-07,323,39797,25,10129,290,29178,8,490,65,4171,257,18004,73,22175,California
Tuolumne,2021-05-08,47,39844,7,10136,36,29214,4,494,29,4186,18,18022,33,22208,California
Tuolumne,2021-05-09,15,39859,2,10138,11,29225,2,496,2,4177,13,18035,4,22212,California
Tuolumne,2021-05-10,109,39968,44,10182,60,29285,5,501,30,4134,78,18113,35,22247,California
Tuolumne,2021-05-11,196,40164,62,10244,122,29407,12,513,55,4061,140,18253,67,22314,California
Tuolumne,2021-05-12,128,40292,20,10264,105,29512,3,516,50,4036,78,18331,53,22367,California
Tuolumne,2021-05-13,109,40401,18,10282,83,29595,8,524,68,4072,41,18372,77,22444,California
Tuolumne,2021-05-14,206,40607,75,10357,119,29714,12,536,106,4092,98,18470,118,22562,California
Tuolumne,2021-05-15,56,40663,14,10371,35,29749,7,543,19,4082,37,18507,27,22589,California
Tuolumne,2021-05-16,26,40689,8,10379,16,29765,2,545,12,4082,14,18521,14,22603,California
Tuolumne,2021-05-17,109,40798,29,10408,77,29842,3,548,46,4069,63,18584,50,22653,California
Tuolumne,2021-05-18,176,40974,55,10463,74,29916,47,595,58,4056,118,18702,105,22758,California
Tuolumne,2021-05-19,115,41089,21,10484,65,29981,29,624,47,4065,67,18769,76,22834,California
Tuolumne,2021-05-20,392,41481,20,10504,367,30348,5,629,51,3781,340,19109,56,22890,California
Tuolumne,2021-05-21,181,41662,88,10592,89,30437,4,633,108,3821,72,19181,112,23002,California
Tuolumne,2021-05-22,51,41713,15,10607,32,30469,4,637,21,3816,30,19211,25,23027,California
Tuolumne,2021-05-23,13,41726,2,10609,11,30480,0,637,5,3813,8,19219,5,23032,California
Tuolumne,2021-05-24,93,41819,40,10649,47,30527,6,643,39,3805,53,19272,45,23077,California
Tuolumne,2021-05-25,7,41826,1,10650,6,30533,0,643,0,3798,7,19279,0,23077,California
Ventura,2020-12-15,5,5,5,5,0,0,0,0,5,5,0,0,5,5,California
Ventura,2020-12-16,73,78,73,78,0,0,0,0,73,78,0,0,73,78,California
Ventura,2020-12-17,249,327,249,327,0,0,0,0,249,327,0,0,249,327,California
Ventura,2020-12-18,1414,1741,1414,1741,0,0,0,0,1414,1741,0,0,1414,1741,California
Ventura,2020-12-19,914,2655,914,2655,0,0,0,0,914,2655,0,0,914,2655,California
Ventura,2020-12-20,432,3087,432,3087,0,0,0,0,432,3087,0,0,432,3087,California
Ventura,2020-12-21,1468,4555,1468,4555,0,0,0,0,1468,4555,0,0,1468,4555,California
Ventura,2020-12-22,1108,5663,1103,5658,5,5,0,0,1108,5663,0,0,1108,5663,California
Ventura,2020-12-23,1036,6699,987,6645,49,54,0,0,1036,6699,0,0,1036,6699,California
Ventura,2020-12-24,478,7177,380,7025,98,152,0,0,478,7177,0,0,478,7177,California
Ventura,2020-12-25,11,7188,7,7032,4,156,0,0,11,7188,0,0,11,7188,California
Ventura,2020-12-26,113,7301,92,7124,21,177,0,0,113,7301,0,0,113,7301,California
Ventura,2020-12-27,58,7359,27,7151,31,208,0,0,58,7359,0,0,58,7359,California
Ventura,2020-12-28,1066,8425,926,8077,140,348,0,0,1066,8425,0,0,1066,8425,California
Ventura,2020-12-29,1169,9594,762,8839,407,755,0,0,1169,9594,0,0,1169,9594,California
Ventura,2020-12-30,1987,11581,1522,10361,465,1220,0,0,1987,11581,0,0,1987,11581,California
Ventura,2020-12-31,479,12060,160,10521,319,1539,0,0,479,12060,0,0,479,12060,California
Ventura,2021-01-01,29,12089,9,10530,20,1559,0,0,29,12089,0,0,29,12089,California
Ventura,2021-01-02,174,12263,83,10613,91,1650,0,0,174,12263,0,0,174,12263,California
Ventura,2021-01-03,16,12279,8,10621,8,1658,0,0,16,12279,0,0,16,12279,California
Ventura,2021-01-04,1085,13364,552,11173,533,2191,0,0,1084,13363,0,0,1084,13363,California
Ventura,2021-01-05,1375,14739,786,11959,589,2780,0,0,1332,14652,43,43,1332,14695,California
Ventura,2021-01-06,2062,16801,1181,13140,881,3661,0,0,1629,15859,424,467,1631,16326,California
Ventura,2021-01-07,2072,18873,1327,14467,745,4406,0,0,1181,16152,888,1355,1181,17507,California
Ventura,2021-01-08,2195,21068,1472,15939,723,5129,0,0,903,15766,1290,2645,904,18411,California
Ventura,2021-01-09,721,21789,500,16439,221,5350,0,0,318,15681,403,3048,318,18729,California
Ventura,2021-01-10,341,22130,330,16769,11,5361,0,0,127,15594,214,3262,127,18856,California
Ventura,2021-01-11,2448,24578,1490,18259,958,6319,0,0,1495,16139,953,4215,1498,20354,California
Ventura,2021-01-12,3048,27626,1612,19871,1436,7755,0,0,2023,17137,1025,5240,2023,22377,California
Ventura,2021-01-13,2936,30562,1431,21302,1505,9260,0,0,2052,18309,881,6121,2053,24430,California
Ventura,2021-01-14,2734,33296,1059,22361,1675,10935,0,0,2287,20151,446,6567,2288,26718,California
Ventura,2021-01-15,2883,36179,964,23325,1919,12854,0,0,2673,22615,210,6777,2674,29392,California
Ventura,2021-01-16,485,36664,187,23512,298,13152,0,0,405,22940,80,6857,405,29797,California
Ventura,2021-01-17,259,36923,137,23649,122,13274,0,0,253,23187,6,6863,253,30050,California
Ventura,2021-01-18,2207,39130,1658,25307,549,13823,0,0,1662,24306,544,7407,1663,31713,California
Ventura,2021-01-19,3049,42179,2124,27431,925,14748,0,0,2152,25564,897,8304,2155,33868,California
Ventura,2021-01-20,4098,46277,3147,30578,951,15699,0,0,3047,27564,1048,9352,3048,36916,California
Ventura,2021-01-21,3849,50126,2676,33254,1173,16872,0,0,3175,30070,671,10023,3177,40093,California
Ventura,2021-01-22,3622,53748,2498,35752,1124,17996,0,0,3460,33368,162,10185,3460,43553,California
Ventura,2021-01-23,1181,54929,646,36398,535,18531,0,0,1081,34352,99,10284,1083,44636,California
Ventura,2021-01-24,456,55385,137,36535,319,18850,0,0,443,34782,13,10297,443,45079,California
Ventura,2021-01-25,3157,58542,2031,38566,1126,19976,0,0,2600,36827,556,10853,2601,47680,California
Ventura,2021-01-26,3721,62263,2213,40779,1508,21484,0,0,2719,38546,1001,11854,2720,50400,California
Ventura,2021-01-27,3463,65726,1560,42339,1903,23387,0,0,2719,40526,740,12594,2720,53120,California
Ventura,2021-01-28,3880,69606,1998,44337,1882,25269,0,0,3264,43190,601,13195,3265,56385,California
Ventura,2021-01-29,4267,73873,2523,46860,1744,27013,0,0,3766,46467,489,13684,3766,60151,California
Ventura,2021-01-30,3040,76913,1965,48825,1075,28088,0,0,2868,49168,168,13852,2869,63020,California
Ventura,2021-01-31,836,77749,447,49272,389,28477,0,0,750,49833,85,13937,750,63770,California
Ventura,2021-02-01,3954,81703,2116,51388,1838,30315,0,0,3178,52242,771,14708,3180,66950,California
Ventura,2021-02-02,4405,86108,2373,53761,2032,32347,0,0,3383,54609,1018,15726,3385,70335,California
Ventura,2021-02-03,4457,90565,2090,55851,2367,34714,0,0,3444,57046,1008,16734,3445,73780,California
Ventura,2021-02-04,4791,95356,2299,58150,2492,37206,0,0,3524,59314,1259,17993,3527,77307,California
Ventura,2021-02-05,4845,100201,2323,60473,2522,39728,0,0,3352,61188,1480,19473,3354,80661,California
Ventura,2021-02-06,2836,103037,1514,61987,1322,41050,0,0,2434,63221,401,19874,2434,83095,California
Ventura,2021-02-07,713,103750,241,62228,472,41522,0,0,588,63685,125,19999,589,83684,California
Ventura,2021-02-08,3510,107260,1631,63859,1879,43401,0,0,2436,65052,1069,21068,2436,86120,California
Ventura,2021-02-09,4728,111988,1974,65833,2754,46155,0,0,2467,65263,2259,23327,2470,88590,California
Ventura,2021-02-10,4712,116700,2233,68066,2479,48634,0,0,2386,65334,2316,25643,2387,90977,California
Ventura,2021-02-11,4672,121372,1866,69932,2806,51440,0,0,2450,65572,2215,27858,2453,93430,California
Ventura,2021-02-12,6310,127682,2663,72595,3647,55087,0,0,3223,65713,3082,30940,3223,96653,California
Ventura,2021-02-13,3305,130987,1829,74424,1476,56563,0,0,1849,66112,1452,32392,1851,98504,California
Ventura,2021-02-14,1226,132213,123,74547,1103,57666,0,0,1009,66905,217,32609,1010,99514,California
Ventura,2021-02-15,3988,136201,1799,76346,2189,59855,0,0,2119,67158,1866,34475,2119,101633,California
Ventura,2021-02-16,5558,141759,2710,79056,2848,62703,0,0,3016,67642,2532,37007,3016,104649,California
Ventura,2021-02-17,5237,146996,1923,80979,3314,66017,0,0,3267,68948,1961,38968,3267,107916,California
Ventura,2021-02-18,5783,152779,1833,82812,3950,69967,0,0,3637,70450,2135,41103,3637,111553,California
Ventura,2021-02-19,6454,159233,3770,86582,2684,72651,0,0,3013,70031,3434,44537,3015,114568,California
Ventura,2021-02-20,4941,164174,3172,89754,1769,74420,0,0,2773,70646,2162,46699,2777,117345,California
Ventura,2021-02-21,1103,165277,812,90566,291,74711,0,0,451,70452,647,47346,453,117798,California
Ventura,2021-02-22,5377,170654,2412,92978,2965,77676,0,0,3461,72007,1907,49253,3462,121260,California
Ventura,2021-02-23,5938,176592,2974,95952,2964,80640,0,0,3415,72918,2506,51759,3417,124677,California
Ventura,2021-02-24,7013,183605,2616,98568,4397,85037,0,0,4256,74433,2743,54502,4258,128935,California
Ventura,2021-02-25,7500,191105,2574,101142,4926,89963,0,0,4572,76091,2916,57418,4574,133509,California
Ventura,2021-02-26,9359,200464,2775,103917,6584,96547,0,0,6167,79095,3166,60584,6170,139679,California
Ventura,2021-02-27,10011,210475,5285,109202,4726,101273,0,0,7387,83885,2607,63191,7397,147076,California
Ventura,2021-02-28,2571,213046,1637,110839,933,102206,1,1,2096,85513,468,63659,2096,149172,California
Ventura,2021-03-01,6972,220018,2832,113671,4139,106345,1,2,4641,87851,2317,65976,4655,153827,California
Ventura,2021-03-02,7587,227605,4036,117707,3549,109894,2,4,5352,90979,2224,68200,5352,159179,California
Ventura,2021-03-03,8541,236146,3919,121626,4620,114514,2,6,6088,94635,2438,70638,6094,165273,California
Ventura,2021-03-04,8122,244268,3875,125501,4247,118761,0,6,5486,97503,2621,73259,5489,170762,California
Ventura,2021-03-05,9986,254254,4811,130312,5165,123926,10,16,7091,101732,2880,76139,7109,177871,California
Ventura,2021-03-06,7240,261494,4402,134714,2685,126611,153,169,5323,105300,1910,78049,5478,183349,California
Ventura,2021-03-07,1661,263155,614,135328,947,127558,100,269,1246,106231,415,78464,1346,184695,California
Ventura,2021-03-08,6763,269918,3436,138764,3173,130731,154,423,4653,108938,2103,80567,4810,189505,California
Ventura,2021-03-09,6764,276682,3026,141790,3538,134269,200,623,3883,110158,2867,83434,4087,193592,California
Ventura,2021-03-10,6864,283546,3017,144807,3608,137877,239,862,4540,112626,2311,85745,4779,198371,California
Ventura,2021-03-11,6382,289928,2892,147699,3176,141053,314,1176,3425,113419,2944,88689,3737,202108,California
Ventura,2021-03-12,8556,298484,3051,150750,4660,145713,845,2021,4133,113990,4407,93096,4978,207086,California
Ventura,2021-03-13,6706,305190,2510,153260,3352,149065,844,2865,3771,115679,2926,96022,4615,211701,California
Ventura,2021-03-14,2142,307332,486,153746,1159,150224,497,3362,722,115481,1419,97441,1221,212922,California
Ventura,2021-03-15,6930,314262,2050,155796,3533,153757,1347,4709,2984,115887,3922,101363,4328,217250,California
Ventura,2021-03-16,7954,322216,2465,158261,4375,158132,1114,5823,4013,117084,3928,105291,5125,222375,California
Ventura,2021-03-17,7600,329816,2776,161037,4476,162608,348,6171,4588,119032,2989,108280,4937,227312,California
Ventura,2021-03-18,7264,337080,3279,164316,3833,166441,152,6323,4741,121414,2509,110789,4891,232203,California
Ventura,2021-03-19,8478,345558,3802,168118,4563,171004,113,6436,5087,123244,3369,114158,5199,237402,California
Ventura,2021-03-20,8205,353763,5250,173368,2933,173937,22,6458,3943,122970,4240,118398,3966,241368,California
Ventura,2021-03-21,2799,356562,1523,174891,904,174841,372,6830,1323,123199,1463,119861,1692,243060,California
Ventura,2021-03-22,7371,363933,3704,178595,3564,178405,103,6933,4857,125664,2497,122358,4962,248022,California
Ventura,2021-03-23,8212,372145,3885,182480,4255,182660,72,7005,4596,126742,3589,125947,4667,252689,California
Ventura,2021-03-24,8909,381054,3421,185901,5411,188071,77,7082,4448,126836,4432,130379,4526,257215,California
Ventura,2021-03-25,8828,389882,3924,189825,4802,192873,102,7184,4464,127055,4347,134726,4566,261781,California
Ventura,2021-03-26,9878,399760,3373,193198,5851,198724,654,7838,3935,125729,5913,140639,4587,266368,California
Ventura,2021-03-27,8178,407938,3938,197136,4200,202924,40,7878,2426,122471,5730,146369,2472,268840,California
Ventura,2021-03-28,2545,410483,1427,198563,1109,204033,9,7887,1375,122697,1164,147533,1390,270230,California
Ventura,2021-03-29,8495,418978,4297,202860,4154,208187,44,7931,4232,122738,4235,151768,4276,274506,California
Ventura,2021-03-30,9002,427980,4472,207332,4400,212587,130,8061,4402,122683,4586,156354,4531,279037,California
Ventura,2021-03-31,10754,438734,4869,212201,5257,217844,628,8689,4647,121871,6085,162439,5273,284310,California
Ventura,2021-04-01,10786,449520,5279,217480,4625,222469,882,9571,5460,122912,5296,167735,6337,290647,California
Ventura,2021-04-02,11764,461284,4659,222139,5765,228234,1340,10911,5613,123752,6119,173854,6959,297606,California
Ventura,2021-04-03,8131,469415,4026,226165,2930,231164,1175,12086,3425,123650,4695,178549,4593,302199,California
Ventura,2021-04-04,1717,471132,960,227125,622,231786,135,12221,1148,124371,562,179111,1283,303482,California
Ventura,2021-04-05,9361,480493,4892,232017,3356,235142,1113,13334,4751,125637,4598,183709,5864,309346,California
Ventura,2021-04-06,10915,491408,5587,237604,3837,238979,1491,14825,5596,127441,5292,189001,7096,316442,California
Ventura,2021-04-07,11384,502792,5452,243056,4427,243406,1505,16330,5189,127974,6178,195179,6711,323153,California
Ventura,2021-04-08,10280,513072,5318,248374,4013,247419,949,17279,5119,128904,5143,200322,6073,329226,California
Ventura,2021-04-09,11154,524226,4364,252738,5074,252493,1716,18995,4845,129199,6286,206608,6581,335807,California
Ventura,2021-04-10,9146,533372,3510,256248,3478,255971,2158,21153,2998,128222,6131,212739,5154,340961,California
Ventura,2021-04-11,2419,535791,860,257108,990,256961,569,21722,680,127737,1732,214471,1247,342208,California
Ventura,2021-04-12,8892,544683,4471,261579,3605,260566,816,22538,3721,127113,5153,219624,4529,346737,California
Ventura,2021-04-13,8775,553458,4439,266018,4330,264896,6,22544,3738,125853,5004,224628,3744,350481,California
Ventura,2021-04-14,8680,562138,4073,270091,4592,269488,15,22559,3322,123870,5323,229951,3340,353821,California
Ventura,2021-04-15,9314,571452,4537,274628,4770,274258,7,22566,4063,122715,5226,235177,4071,357892,California
Ventura,2021-04-16,10124,581576,4491,279119,5632,279890,1,22567,4784,122180,5324,240501,4789,362681,California
Ventura,2021-04-17,8575,590151,5322,284441,3252,283142,1,22568,4987,123592,3576,244077,4988,367669,California
Ventura,2021-04-18,2136,592287,1014,285455,1122,284264,0,22568,908,123277,1223,245300,908,368577,California
Ventura,2021-04-19,8034,600321,4847,290302,3186,287450,1,22569,4604,124470,3413,248713,4606,373183,California
Ventura,2021-04-20,9271,609592,4917,295219,4350,291800,4,22573,4335,123892,4918,253631,4340,377523,California
Ventura,2021-04-21,8861,618453,4539,299758,4317,296117,5,22578,4188,123427,4659,258290,4194,381717,California
Ventura,2021-04-22,10042,628495,5491,305249,4551,300668,0,22578,4443,122288,5583,263873,4444,386161,California
Ventura,2021-04-23,10810,639305,5399,310648,5410,306078,1,22579,5379,122261,5407,269280,5380,391541,California
Ventura,2021-04-24,10322,649627,5893,316541,4429,310507,0,22579,6044,124040,4266,273546,6045,397586,California
Ventura,2021-04-25,2471,652098,1700,318241,771,311278,0,22579,1145,123863,1322,274868,1145,398731,California
Ventura,2021-04-26,7195,659293,4124,322365,3005,314283,66,22645,2988,122728,4184,279052,3049,401780,California
Ventura,2021-04-27,8381,667674,4639,327004,3572,317855,170,22815,3166,120861,5201,284253,3334,405114,California
Ventura,2021-04-28,8255,675929,4821,331825,3118,320973,316,23131,3232,119406,5003,289256,3548,408662,California
Ventura,2021-04-29,7760,683689,4216,336041,3280,324253,264,23395,2752,117437,4983,294239,3014,411676,California
Ventura,2021-04-30,9326,693015,5444,341485,3608,327861,274,23669,3852,116114,5441,299680,4118,415794,California
Ventura,2021-05-01,4943,697958,3628,345113,1213,329074,102,23771,1864,115023,3057,302737,1966,417760,California
Ventura,2021-05-02,2129,700087,1426,346539,614,329688,89,23860,1038,115063,1088,303825,1128,418888,California
Ventura,2021-05-03,6220,706307,3911,350450,2031,331719,278,24138,1958,113055,4242,308067,2234,421122,California
Ventura,2021-05-04,6269,712576,3317,353767,2653,334372,299,24437,2269,111636,3986,312053,2567,423689,California
Ventura,2021-05-05,5255,717831,3010,356777,1985,336357,260,24697,1895,110449,3336,315389,2149,425838,California
Ventura,2021-05-06,6113,723944,3211,359988,2632,338989,270,24967,1972,108569,4123,319512,2243,428081,California
Ventura,2021-05-07,6748,730692,3418,363406,3057,342046,273,25240,2319,106760,4401,323913,2592,430673,California
Ventura,2021-05-08,5297,735989,4115,367521,1029,343075,153,25393,1211,104051,4073,327986,1364,432037,California
Ventura,2021-05-09,1047,737036,733,368254,268,343343,46,25439,399,103855,640,328626,444,432481,California
Ventura,2021-05-10,6018,743054,4073,372327,1741,345084,204,25643,1364,100778,4644,333270,1567,434048,California
Ventura,2021-05-11,5107,748161,3205,375532,1695,346779,207,25850,1479,98845,3618,336888,1685,435733,California
Ventura,2021-05-12,4721,752882,2713,378245,1809,348588,199,26049,1455,97249,3250,340138,1654,437387,California
Ventura,2021-05-13,5653,758535,3344,381589,2107,350695,202,26251,1905,95621,3735,343873,2107,439494,California
Ventura,2021-05-14,7173,765708,4441,386030,2535,353230,197,26448,2715,94092,4438,348311,2909,442403,California
Ventura,2021-05-15,6517,772225,5367,391397,1065,354295,85,26533,2774,93226,3726,352037,2860,445263,California
Ventura,2021-05-16,2155,774380,1666,393063,437,354732,52,26585,1025,93178,1125,353162,1077,446340,California
Ventura,2021-05-17,5763,780143,3558,396621,1999,356731,206,26791,2538,92714,3207,356369,2743,449083,California
Ventura,2021-05-18,5321,785464,3168,399789,1973,358704,180,26971,2284,92159,3017,359386,2462,451545,California
Ventura,2021-05-19,5743,791207,3518,403307,2021,360725,204,27175,2414,91469,3305,362691,2615,454160,California
Ventura,2021-05-20,4289,795496,2281,405588,1854,362579,154,27329,1762,90882,2502,365193,1915,456075,California
Ventura,2021-05-21,6636,802132,3634,409222,2833,365412,169,27498,2165,88770,4445,369638,2333,458408,California
Ventura,2021-05-22,4710,806842,2278,411500,2358,367770,74,27572,1517,87173,3188,372826,1591,459999,California
Ventura,2021-05-23,1208,808050,1048,412548,91,367861,69,27641,481,86998,725,373551,550,460549,California
Ventura,2021-05-24,4434,812484,2436,414984,1842,369703,156,27797,1554,85841,2867,376418,1710,462259,California
Ventura,2021-05-25,2166,814650,973,415957,1081,370784,112,27909,642,85082,1511,377929,752,463011,California
Yolo,2020-12-15,39,39,39,39,0,0,0,0,39,39,0,0,39,39,California
Yolo,2020-12-16,78,117,78,117,0,0,0,0,78,117,0,0,78,117,California
Yolo,2020-12-17,101,218,101,218,0,0,0,0,101,218,0,0,101,218,California
Yolo,2020-12-18,209,427,209,427,0,0,0,0,209,427,0,0,209,427,California
Yolo,2020-12-19,88,515,88,515,0,0,0,0,88,515,0,0,88,515,California
Yolo,2020-12-20,100,615,100,615,0,0,0,0,100,615,0,0,100,615,California
Yolo,2020-12-21,254,869,254,869,0,0,0,0,254,869,0,0,254,869,California
Yolo,2020-12-22,381,1250,380,1249,1,1,0,0,381,1250,0,0,381,1250,California
Yolo,2020-12-23,433,1683,413,1662,20,21,0,0,433,1683,0,0,433,1683,California
Yolo,2020-12-24,153,1836,96,1758,57,78,0,0,153,1836,0,0,153,1836,California
Yolo,2020-12-25,1,1837,1,1759,0,78,0,0,1,1837,0,0,1,1837,California
Yolo,2020-12-26,75,1912,25,1784,50,128,0,0,75,1912,0,0,75,1912,California
Yolo,2020-12-27,46,1958,19,1803,27,155,0,0,46,1958,0,0,46,1958,California
Yolo,2020-12-28,347,2305,180,1983,167,322,0,0,347,2305,0,0,347,2305,California
Yolo,2020-12-29,489,2794,267,2250,222,544,0,0,489,2794,0,0,489,2794,California
Yolo,2020-12-30,623,3417,255,2505,368,912,0,0,623,3417,0,0,623,3417,California
Yolo,2020-12-31,185,3602,95,2600,90,1002,0,0,185,3602,0,0,185,3602,California
Yolo,2021-01-01,58,3660,56,2656,2,1004,0,0,58,3660,0,0,58,3660,California
Yolo,2021-01-02,69,3729,26,2682,43,1047,0,0,69,3729,0,0,69,3729,California
Yolo,2021-01-03,44,3773,19,2701,25,1072,0,0,44,3773,0,0,44,3773,California
Yolo,2021-01-04,194,3967,43,2744,151,1223,0,0,194,3967,0,0,194,3967,California
Yolo,2021-01-05,615,4582,238,2982,377,1600,0,0,554,4460,61,61,554,4521,California
Yolo,2021-01-06,483,5065,183,3165,300,1900,0,0,352,4681,131,192,352,4873,California
Yolo,2021-01-07,710,5775,233,3398,477,2377,0,0,521,5014,188,380,521,5394,California
Yolo,2021-01-08,633,6408,312,3710,321,2698,0,0,417,5216,215,595,417,5811,California
Yolo,2021-01-09,409,6817,69,3779,340,3038,0,0,363,5533,46,641,363,6174,California
Yolo,2021-01-10,393,7210,80,3859,313,3351,0,0,323,5786,70,711,323,6497,California
Yolo,2021-01-11,562,7772,324,4183,238,3589,0,0,293,5812,269,980,295,6792,California
Yolo,2021-01-12,486,8258,367,4550,119,3708,0,0,178,5683,308,1288,179,6971,California
Yolo,2021-01-13,772,9030,312,4862,460,4168,0,0,522,5955,250,1538,522,7493,California
Yolo,2021-01-14,377,9407,183,5045,194,4362,0,0,273,6124,104,1642,273,7766,California
Yolo,2021-01-15,624,10031,319,5364,305,4667,0,0,545,6591,79,1721,546,8312,California
Yolo,2021-01-16,741,10772,95,5459,646,5313,0,0,710,7270,31,1752,710,9022,California
Yolo,2021-01-17,187,10959,119,5578,68,5381,0,0,180,7443,7,1759,180,9202,California
Yolo,2021-01-18,481,11440,304,5882,177,5558,0,0,378,7718,103,1862,378,9580,California
Yolo,2021-01-19,558,11998,373,6255,185,5743,0,0,385,7930,173,2035,385,9965,California
Yolo,2021-01-20,660,12658,380,6635,280,6023,0,0,474,8219,185,2220,474,10439,California
Yolo,2021-01-21,652,13310,385,7020,267,6290,0,0,464,8495,188,2408,464,10903,California
Yolo,2021-01-22,751,14061,252,7272,499,6789,0,0,633,9012,116,2524,633,11536,California
Yolo,2021-01-23,615,14676,122,7394,493,7282,0,0,567,9531,48,2572,567,12103,California
Yolo,2021-01-24,208,14884,124,7518,84,7366,0,0,167,9657,41,2613,167,12270,California
Yolo,2021-01-25,731,15615,156,7674,575,7941,0,0,513,9952,218,2831,513,12783,California
Yolo,2021-01-26,822,16437,328,8002,494,8435,0,0,427,9984,395,3226,427,13210,California
Yolo,2021-01-27,557,16994,223,8225,334,8769,0,0,381,10189,176,3402,381,13591,California
Yolo,2021-01-28,1051,18045,567,8792,484,9253,0,0,926,10991,124,3526,926,14517,California
Yolo,2021-01-29,891,18936,266,9058,625,9878,0,0,806,11713,84,3610,806,15323,California
Yolo,2021-01-30,1531,20467,928,9986,603,10481,0,0,1410,13008,115,3725,1410,16733,California
Yolo,2021-01-31,240,20707,202,10188,38,10519,0,0,213,13195,26,3751,213,16946,California
Yolo,2021-02-01,847,21554,361,10549,486,11005,0,0,614,13579,230,3981,614,17560,California
Yolo,2021-02-02,1336,22890,751,11300,585,11590,0,0,929,14102,407,4388,930,18490,California
Yolo,2021-02-03,1531,24421,400,11700,1131,12721,0,0,1190,14954,338,4726,1190,19680,California
Yolo,2021-02-04,1795,26216,283,11983,1512,14233,0,0,1244,15659,540,5266,1245,20925,California
Yolo,2021-02-05,1597,27813,906,12889,691,14924,0,0,1197,16458,399,5665,1198,22123,California
Yolo,2021-02-06,1923,29736,1253,14142,670,15594,0,0,1562,17660,361,6026,1563,23686,California
Yolo,2021-02-07,520,30256,250,14392,270,15864,0,0,171,17483,348,6374,171,23857,California
Yolo,2021-02-08,952,31208,334,14726,618,16482,0,0,605,17744,344,6718,605,24462,California
Yolo,2021-02-09,860,32068,387,15113,473,16955,0,0,577,18038,283,7001,577,25039,California
Yolo,2021-02-10,1458,33526,476,15589,982,17937,0,0,818,18218,640,7641,820,25859,California
Yolo,2021-02-11,1572,35098,804,16393,768,18705,0,0,1186,19018,386,8027,1186,27045,California
Yolo,2021-02-12,1919,37017,756,17149,1163,19868,0,0,1445,19993,470,8497,1445,28490,California
Yolo,2021-02-13,2056,39073,712,17861,1344,21212,0,0,1390,20717,666,9163,1390,29880,California
Yolo,2021-02-14,569,39642,154,18015,415,21627,0,0,445,21039,123,9286,445,30325,California
Yolo,2021-02-15,533,40175,190,18205,343,21970,0,0,267,21041,266,9552,268,30593,California
Yolo,2021-02-16,1132,41307,427,18632,705,22675,0,0,811,21532,321,9873,812,31405,California
Yolo,2021-02-17,1392,42699,700,19332,692,23367,0,0,997,22134,395,10268,997,32402,California
Yolo,2021-02-18,2500,45199,816,20148,1684,25051,0,0,1723,23082,776,11044,1724,34126,California
Yolo,2021-02-19,1747,46946,750,20898,997,26048,0,0,1126,23589,619,11663,1126,35252,California
Yolo,2021-02-20,2455,49401,957,21855,1498,27546,0,0,1372,23884,1078,12741,1373,36625,California
Yolo,2021-02-21,284,49685,227,22082,57,27603,0,0,75,23751,208,12949,75,36700,California
Yolo,2021-02-22,1364,51049,600,22682,764,28367,0,0,694,23776,669,13618,694,37394,California
Yolo,2021-02-23,1132,52181,849,23531,283,28650,0,0,437,23520,693,14311,437,37831,California
Yolo,2021-02-24,2093,54274,592,24123,1501,30151,0,0,1384,24197,707,15018,1384,39215,California
Yolo,2021-02-25,1381,55655,486,24609,895,31046,0,0,915,24647,465,15483,915,40130,California
Yolo,2021-02-26,2609,58264,1016,25625,1593,32639,0,0,1386,24813,1220,16703,1386,41516,California
Yolo,2021-02-27,1663,59927,769,26394,894,33533,0,0,1213,25576,450,17153,1213,42729,California
Yolo,2021-02-28,1776,61703,1498,27892,278,33811,0,0,675,25152,1099,18252,675,43404,California
Yolo,2021-03-01,1102,62805,366,28258,736,34547,0,0,672,25396,428,18680,672,44076,California
Yolo,2021-03-02,1473,64278,693,28951,780,35327,0,0,943,25809,530,19210,943,45019,California
Yolo,2021-03-03,1853,66131,637,29588,1216,36543,0,0,830,25618,1021,20231,830,45849,California
Yolo,2021-03-04,2926,69057,1466,31054,1460,38003,0,0,1565,25825,1358,21589,1565,47414,California
Yolo,2021-03-05,2362,71419,1409,32463,942,38945,11,11,1475,26425,886,22475,1486,48900,California
Yolo,2021-03-06,1482,72901,1133,33596,320,39265,29,40,842,26658,638,23113,871,49771,California
Yolo,2021-03-07,914,73815,678,34274,222,39487,14,54,779,27316,135,23248,793,50564,California
Yolo,2021-03-08,1097,74912,490,34764,564,40051,43,97,768,27800,328,23576,812,51376,California
Yolo,2021-03-09,1276,76188,689,35453,525,40576,62,159,781,28150,493,24069,843,52219,California
Yolo,2021-03-10,1808,77996,1058,36511,460,41036,290,449,752,28133,1052,25121,1035,53254,California
Yolo,2021-03-11,2351,80347,1603,38114,680,41716,68,517,1605,29062,745,25866,1674,54928,California
Yolo,2021-03-12,2905,83252,1354,39468,1471,43187,80,597,1371,28986,1526,27392,1450,56378,California
Yolo,2021-03-13,1848,85100,735,40203,936,44123,177,774,1003,29324,842,28234,1180,57558,California
Yolo,2021-03-14,1008,86108,213,40416,645,44768,150,924,527,29516,480,28714,672,58230,California
Yolo,2021-03-15,1323,87431,773,41189,373,45141,177,1101,707,29784,614,29328,882,59112,California
Yolo,2021-03-16,1869,89300,717,41906,1080,46221,72,1173,1104,30195,765,30093,1176,60288,California
Yolo,2021-03-17,2506,91806,977,42883,1457,47678,72,1245,1720,31235,783,30876,1823,62111,California
Yolo,2021-03-18,3032,94838,1032,43915,1775,49453,225,1470,1259,30950,1769,32645,1484,63595,California
Yolo,2021-03-19,2094,96932,871,44786,1155,50608,68,1538,1099,31128,989,33634,1167,64762,California
Yolo,2021-03-20,2772,99704,819,45605,1912,52520,41,1579,1108,30621,1658,35292,1151,65913,California
Yolo,2021-03-21,314,100018,214,45819,92,52612,8,1587,228,30772,85,35377,236,66149,California
Yolo,2021-03-22,1401,101419,488,46307,855,53467,58,1645,921,31273,477,35854,978,67127,California
Yolo,2021-03-23,1740,103159,938,47245,746,54213,56,1701,1072,31733,667,36521,1127,68254,California
Yolo,2021-03-24,2876,106035,1408,48653,1419,55632,49,1750,1407,31733,1457,37978,1457,69711,California
Yolo,2021-03-25,2552,108587,1417,50070,1106,56738,29,1779,1255,31731,1286,39264,1284,70995,California
Yolo,2021-03-26,2401,110988,1258,51328,1124,57862,19,1798,1025,31405,1369,40633,1043,72038,California
Yolo,2021-03-27,1653,112641,455,51783,1181,59043,17,1815,759,31288,893,41526,776,72814,California
Yolo,2021-03-28,1109,113750,866,52649,225,59268,18,1833,270,30741,835,42361,288,73102,California
Yolo,2021-03-29,2024,115774,822,53471,1172,60440,30,1863,979,30709,1041,43402,1009,74111,California
Yolo,2021-03-30,2279,118053,1081,54552,1176,61616,22,1885,1168,30795,1106,44508,1192,75303,California
Yolo,2021-03-31,2353,120406,1223,55775,1094,62710,36,1921,1193,30865,1159,45667,1229,76532,California
Yolo,2021-04-01,3837,124243,1852,57627,1511,64221,474,2395,1612,30729,2222,47889,2086,78618,California
Yolo,2021-04-02,3399,127642,1518,59145,1735,65956,146,2541,2107,31698,1286,49175,2255,80873,California
Yolo,2021-04-03,1808,129450,1091,60236,499,66455,218,2759,806,31721,1001,50176,1024,81897,California
Yolo,2021-04-04,393,129843,156,60392,175,66630,62,2821,147,31684,246,50422,209,82106,California
Yolo,2021-04-05,1917,131760,735,61127,1082,67712,100,2921,1018,31909,894,51316,1119,83225,California
Yolo,2021-04-06,2575,134335,1307,62434,1097,68809,171,3092,1302,32119,1264,52580,1474,84699,California
Yolo,2021-04-07,2991,137326,1521,63955,1117,69926,353,3445,1933,33358,1052,53632,2291,86990,California
Yolo,2021-04-08,2413,139739,1000,64955,940,70866,473,3918,1018,33453,1392,55024,1487,88477,California
Yolo,2021-04-09,2568,142307,911,65866,1081,71947,576,4494,841,33140,1724,56748,1411,89888,California
Yolo,2021-04-10,1743,144050,820,66686,743,72690,180,4674,1029,33638,710,57458,1208,91096,California
Yolo,2021-04-11,888,144938,281,66967,563,73253,44,4718,364,33524,521,57979,407,91503,California
Yolo,2021-04-12,1758,146696,518,67485,1096,74349,144,4862,1086,34086,669,58648,1231,92734,California
Yolo,2021-04-13,1971,148667,912,68397,1059,75408,0,4862,1039,34194,931,59579,1039,93773,California
Yolo,2021-04-14,2764,151431,760,69157,2004,77412,0,4862,1367,34168,1393,60972,1367,95140,California
Yolo,2021-04-15,3316,154747,1136,70293,2180,79592,0,4862,2275,35408,1035,62007,2275,97415,California
Yolo,2021-04-16,3041,157788,1958,72251,1083,80675,0,4862,1937,36247,1098,63105,1937,99352,California
Yolo,2021-04-17,1605,159393,471,72722,1134,81809,0,4862,832,36309,770,63875,832,100184,California
Yolo,2021-04-18,631,160024,306,73028,325,82134,0,4862,351,36384,276,64151,351,100535,California
Yolo,2021-04-19,1663,161687,716,73744,946,83080,1,4863,762,36251,896,65047,763,101298,California
Yolo,2021-04-20,1997,163684,1013,74757,984,84064,0,4863,1070,36396,925,65972,1070,102368,California
Yolo,2021-04-21,1977,165661,984,75741,993,85057,0,4863,1075,36574,897,66869,1075,103443,California
Yolo,2021-04-22,1949,167610,885,76626,1064,86121,0,4863,971,36573,973,67842,972,104415,California
Yolo,2021-04-23,2617,170227,1526,78152,1091,87212,0,4863,1163,36293,1443,69285,1163,105578,California
Yolo,2021-04-24,1167,171394,641,78793,524,87736,2,4865,462,36060,697,69982,464,106042,California
Yolo,2021-04-25,949,172343,406,79199,543,88279,0,4865,728,36568,220,70202,728,106770,California
Yolo,2021-04-26,1176,173519,450,79649,723,89002,3,4868,484,36366,690,70892,488,107258,California
Yolo,2021-04-27,1489,175008,698,80347,782,89784,9,4877,574,36036,915,71807,585,107843,California
Yolo,2021-04-28,2019,177027,1002,81349,990,90774,27,4904,711,35469,1305,73112,738,108581,California
Yolo,2021-04-29,1710,178737,792,82141,836,91610,82,4986,651,35144,1058,74170,733,109314,California
Yolo,2021-04-30,2010,180747,993,83134,960,92570,57,5043,959,35116,1044,75214,1016,110330,California
Yolo,2021-05-01,1284,182031,998,84132,266,92836,20,5063,381,34615,902,76116,401,110731,California
Yolo,2021-05-02,496,182527,403,84535,70,92906,23,5086,322,34786,174,76290,345,111076,California
Yolo,2021-05-03,1122,183649,408,84943,680,93586,34,5120,303,34305,817,77107,336,111412,California
Yolo,2021-05-04,1438,185087,657,85600,757,94343,24,5144,486,33867,948,78055,510,111922,California
Yolo,2021-05-05,1552,186639,421,86021,1065,95408,66,5210,437,33262,1108,79163,503,112425,California
Yolo,2021-05-06,1505,188144,701,86722,724,96132,80,5290,496,32842,996,80159,576,113001,California
Yolo,2021-05-07,2298,190442,1373,88095,874,97006,51,5341,458,31518,1832,81991,508,113509,California
Yolo,2021-05-08,835,191277,358,88453,420,97426,57,5398,311,31364,521,82512,367,113876,California
Yolo,2021-05-09,393,191670,163,88616,217,97643,13,5411,90,31165,302,82814,103,113979,California
Yolo,2021-05-10,899,192569,355,88971,499,98142,45,5456,153,30618,744,83558,197,114176,California
Yolo,2021-05-11,1122,193691,651,89622,450,98592,21,5477,274,30068,845,84403,295,114471,California
Yolo,2021-05-12,1500,195191,664,90286,807,99399,29,5506,278,29159,1219,85622,310,114781,California
Yolo,2021-05-13,2069,197260,783,91069,1234,100633,52,5558,589,28324,1476,87098,641,115422,California
Yolo,2021-05-14,2024,199284,1506,92575,487,101120,31,5589,1151,28636,870,87968,1182,116604,California
Yolo,2021-05-15,1245,200529,704,93279,494,101614,47,5636,639,28716,606,88574,686,117290,California
Yolo,2021-05-16,1347,201876,1194,94473,147,101761,6,5642,984,29347,359,88933,990,118280,California
Yolo,2021-05-17,799,202675,392,94865,388,102149,19,5661,292,29156,502,89435,311,118591,California
Yolo,2021-05-18,1528,204203,1101,95966,406,102555,21,5682,917,29488,606,90041,938,119529,California
Yolo,2021-05-19,1000,205203,589,96555,376,102931,35,5717,499,29523,499,90540,534,120063,California
Yolo,2021-05-20,855,206058,543,97098,291,103222,21,5738,363,29420,487,91027,384,120447,California
Yolo,2021-05-21,1243,207301,838,97936,387,103609,18,5756,310,28820,927,91954,327,120774,California
Yolo,2021-05-22,671,207972,469,98405,194,103803,8,5764,260,28680,408,92362,268,121042,California
Yolo,2021-05-23,508,208480,107,98512,386,104189,15,5779,91,28370,415,92777,105,121147,California
Yolo,2021-05-24,697,209177,347,98859,332,104521,18,5797,222,28137,473,93250,240,121387,California
Yolo,2021-05-25,545,209722,360,99219,176,104697,9,5806,230,28065,311,93561,239,121626,California
Yuba,2020-12-16,4,4,4,4,0,0,0,0,4,4,0,0,4,4,California
Yuba,2020-12-17,4,8,4,8,0,0,0,0,4,8,0,0,4,8,California
Yuba,2020-12-18,8,16,8,16,0,0,0,0,8,16,0,0,8,16,California
Yuba,2020-12-19,12,28,12,28,0,0,0,0,12,28,0,0,12,28,California
Yuba,2020-12-20,20,48,20,48,0,0,0,0,20,48,0,0,20,48,California
Yuba,2020-12-21,40,88,40,88,0,0,0,0,40,88,0,0,40,88,California
Yuba,2020-12-22,86,174,86,174,0,0,0,0,86,174,0,0,86,174,California
Yuba,2020-12-23,64,238,62,236,2,2,0,0,64,238,0,0,64,238,California
Yuba,2020-12-24,20,258,10,246,10,12,0,0,20,258,0,0,20,258,California
Yuba,2020-12-26,15,273,13,259,2,14,0,0,15,273,0,0,15,273,California
Yuba,2020-12-27,15,288,15,274,0,14,0,0,15,288,0,0,15,288,California
Yuba,2020-12-28,51,339,35,309,16,30,0,0,51,339,0,0,51,339,California
Yuba,2020-12-29,75,414,10,319,65,95,0,0,75,414,0,0,75,414,California
Yuba,2020-12-30,64,478,20,339,44,139,0,0,64,478,0,0,64,478,California
Yuba,2020-12-31,38,516,7,346,31,170,0,0,38,516,0,0,38,516,California
Yuba,2021-01-02,23,539,22,368,1,171,0,0,23,539,0,0,23,539,California
Yuba,2021-01-03,10,549,6,374,4,175,0,0,10,549,0,0,10,549,California
Yuba,2021-01-04,91,640,22,396,69,244,0,0,91,640,0,0,91,640,California
Yuba,2021-01-05,70,710,38,434,32,276,0,0,69,708,1,1,69,709,California
Yuba,2021-01-06,154,864,76,510,78,354,0,0,148,850,6,7,148,857,California
Yuba,2021-01-07,75,939,19,529,56,410,0,0,72,918,4,11,72,929,California
Yuba,2021-01-08,72,1011,24,553,48,458,0,0,65,976,7,18,65,994,California
Yuba,2021-01-09,19,1030,16,569,3,461,0,0,11,979,8,26,11,1005,California
Yuba,2021-01-10,117,1147,22,591,95,556,0,0,95,1052,22,48,95,1100,California
Yuba,2021-01-11,72,1219,50,641,22,578,0,0,32,1044,40,88,32,1132,California
Yuba,2021-01-12,108,1327,78,719,30,608,0,0,43,1022,65,153,43,1175,California
Yuba,2021-01-13,120,1447,72,791,48,656,0,0,55,1013,64,217,55,1230,California
Yuba,2021-01-14,110,1557,43,834,67,723,0,0,98,1099,12,229,98,1328,California
Yuba,2021-01-15,204,1761,87,921,117,840,0,0,193,1281,11,240,193,1521,California
Yuba,2021-01-16,185,1946,21,942,164,1004,0,0,173,1441,13,253,173,1694,California
Yuba,2021-01-17,13,1959,9,951,4,1008,0,0,7,1442,6,259,7,1701,California
Yuba,2021-01-18,60,2019,32,983,28,1036,0,0,35,1452,25,284,35,1736,California
Yuba,2021-01-19,81,2100,30,1013,51,1087,0,0,66,1503,15,299,66,1802,California
Yuba,2021-01-20,133,2233,87,1100,46,1133,0,0,110,1590,23,322,110,1912,California
Yuba,2021-01-21,213,2446,97,1197,116,1249,0,0,205,1787,8,330,205,2117,California
Yuba,2021-01-22,104,2550,6,1203,98,1347,0,0,95,1873,9,339,95,2212,California
Yuba,2021-01-23,200,2750,7,1210,193,1540,0,0,197,2067,3,342,197,2409,California
Yuba,2021-01-24,10,2760,7,1217,3,1543,0,0,8,2073,2,344,8,2417,California
Yuba,2021-01-25,86,2846,30,1247,56,1599,0,0,53,2094,32,376,53,2470,California
Yuba,2021-01-26,148,2994,39,1286,109,1708,0,0,90,2126,58,434,90,2560,California
Yuba,2021-01-27,184,3178,129,1415,55,1763,0,0,115,2172,69,503,115,2675,California
Yuba,2021-01-28,227,3405,89,1504,138,1901,0,0,175,2295,52,555,175,2850,California
Yuba,2021-01-29,148,3553,45,1549,103,2004,0,0,111,2369,37,592,111,2961,California
Yuba,2021-01-30,410,3963,23,1572,387,2391,0,0,399,2757,11,603,399,3360,California
Yuba,2021-01-31,18,3981,12,1584,6,2397,0,0,16,2771,2,605,16,3376,California
Yuba,2021-02-01,155,4136,75,1659,80,2477,0,0,131,2880,23,628,132,3508,California
Yuba,2021-02-02,123,4259,23,1682,100,2577,0,0,101,2959,22,650,101,3609,California
Yuba,2021-02-03,226,4485,29,1711,197,2774,0,0,114,2962,111,761,114,3723,California
Yuba,2021-02-04,296,4781,121,1832,175,2949,0,0,253,3172,43,804,253,3976,California
Yuba,2021-02-05,147,4928,32,1864,115,3064,0,0,71,3167,76,880,71,4047,California
Yuba,2021-02-06,449,5377,26,1890,423,3487,0,0,441,3600,8,888,441,4488,California
Yuba,2021-02-07,20,5397,13,1903,7,3494,0,0,16,3612,4,892,16,4504,California
Yuba,2021-02-08,96,5493,35,1938,61,3555,0,0,66,3648,30,922,66,4570,California
Yuba,2021-02-09,154,5647,56,1994,98,3653,0,0,84,3662,70,992,84,4654,California
Yuba,2021-02-10,355,6002,172,2166,183,3836,0,0,116,3540,238,1230,116,4770,California
Yuba,2021-02-11,396,6398,64,2230,332,4168,0,0,298,3742,96,1326,298,5068,California
Yuba,2021-02-12,264,6662,26,2256,238,4406,0,0,150,3778,114,1440,150,5218,California
Yuba,2021-02-13,436,7098,36,2292,400,4806,0,0,387,4116,49,1489,387,5605,California
Yuba,2021-02-14,54,7152,11,2303,43,4849,0,0,49,4160,5,1494,49,5654,California
Yuba,2021-02-15,87,7239,36,2339,51,4900,0,0,68,4209,19,1513,68,5722,California
Yuba,2021-02-16,199,7438,53,2392,146,5046,0,0,140,4291,58,1571,140,5862,California
Yuba,2021-02-17,373,7811,156,2548,217,5263,0,0,99,4117,273,1844,99,5961,California
Yuba,2021-02-18,317,8128,47,2595,270,5533,0,0,193,4186,124,1968,193,6154,California
Yuba,2021-02-19,225,8353,82,2677,143,5676,0,0,142,4245,83,2051,142,6296,California
Yuba,2021-02-20,391,8744,31,2708,360,6036,0,0,337,4528,54,2105,337,6633,California
Yuba,2021-02-21,17,8761,14,2722,3,6039,0,0,7,4525,10,2115,7,6640,California
Yuba,2021-02-22,128,8889,79,2801,49,6088,0,0,38,4474,89,2204,38,6678,California
Yuba,2021-02-23,114,9003,25,2826,89,6177,0,0,47,4455,66,2270,47,6725,California
Yuba,2021-02-24,482,9485,136,2962,346,6523,0,0,107,4187,375,2645,107,6832,California
Yuba,2021-02-25,342,9827,137,3099,205,6728,0,0,212,4269,130,2775,212,7044,California
Yuba,2021-02-26,257,10084,67,3166,190,6918,0,0,144,4302,111,2886,144,7188,California
Yuba,2021-02-27,472,10556,47,3213,425,7343,0,0,383,4598,87,2973,383,7571,California
Yuba,2021-02-28,67,10623,22,3235,45,7388,0,0,45,4621,22,2995,45,7616,California
Yuba,2021-03-01,156,10779,40,3275,116,7504,0,0,80,4626,75,3070,80,7696,California
Yuba,2021-03-02,160,10939,36,3311,124,7628,0,0,80,4626,80,3150,80,7776,California
Yuba,2021-03-03,623,11562,159,3470,464,8092,0,0,200,4404,422,3572,200,7976,California
Yuba,2021-03-04,466,12028,270,3740,196,8288,0,0,325,4589,140,3712,325,8301,California
Yuba,2021-03-05,316,12344,59,3799,256,8544,1,1,249,4772,67,3779,250,8551,California
Yuba,2021-03-06,476,12820,35,3834,437,8981,4,5,370,5040,106,3885,374,8925,California
Yuba,2021-03-07,50,12870,28,3862,21,9002,1,6,34,5059,16,3901,35,8960,California
Yuba,2021-03-08,159,13029,48,3910,95,9097,16,22,100,5116,59,3960,116,9076,California
Yuba,2021-03-09,178,13207,47,3957,111,9208,20,42,84,5126,94,4054,104,9180,California
Yuba,2021-03-10,738,13945,235,4192,473,9681,30,72,233,4885,504,4558,263,9443,California
Yuba,2021-03-11,437,14382,196,4388,229,9910,12,84,294,5048,143,4701,306,9749,California
Yuba,2021-03-12,461,14843,86,4474,321,10231,54,138,150,4941,311,5012,204,9953,California
Yuba,2021-03-13,459,15302,340,4814,104,10335,15,153,360,5218,98,5110,375,10328,California
Yuba,2021-03-14,108,15410,21,4835,77,10412,10,163,46,5214,60,5170,56,10384,California
Yuba,2021-03-15,190,15600,49,4884,124,10536,17,180,96,5233,94,5264,113,10497,California
Yuba,2021-03-16,296,15896,71,4955,200,10736,25,205,182,5327,113,5377,207,10704,California
Yuba,2021-03-17,740,16636,162,5117,549,11285,29,234,193,5004,545,5922,222,10926,California
Yuba,2021-03-18,584,17220,159,5276,312,11597,113,347,356,5244,228,6150,468,11394,California
Yuba,2021-03-19,327,17547,120,5396,158,11755,49,396,188,5343,138,6288,237,11631,California
Yuba,2021-03-20,554,18101,81,5477,455,12210,18,414,474,5756,79,6367,492,12123,California
Yuba,2021-03-21,61,18162,36,5513,25,12235,0,414,49,5793,12,6379,49,12172,California
Yuba,2021-03-22,191,18353,70,5583,114,12349,7,421,149,5907,42,6421,156,12328,California
Yuba,2021-03-23,263,18616,79,5662,157,12506,27,448,176,6025,85,6506,203,12531,California
Yuba,2021-03-24,771,19387,255,5917,435,12941,81,529,189,5714,580,7086,269,12800,California
Yuba,2021-03-25,504,19891,269,6186,213,13154,22,551,250,5732,254,7340,272,13072,California
Yuba,2021-03-26,395,20286,143,6329,225,13379,27,578,227,5819,167,7507,254,13326,California
Yuba,2021-03-27,458,20744,27,6356,428,13807,3,581,403,6170,54,7561,405,13731,California
Yuba,2021-03-28,100,20844,41,6397,55,13862,4,585,37,6148,63,7624,41,13772,California
Yuba,2021-03-29,296,21140,87,6484,177,14039,32,617,180,6244,116,7740,212,13984,California
Yuba,2021-03-30,274,21414,68,6552,198,14237,8,625,189,6356,85,7825,197,14181,California
Yuba,2021-03-31,671,22085,116,6668,543,14780,12,637,241,6180,429,8254,253,14434,California
Yuba,2021-04-01,622,22707,288,6956,305,15085,29,666,288,6163,334,8588,317,14751,California
Yuba,2021-04-02,496,23203,95,7051,318,15403,83,749,187,6124,308,8896,269,15020,California
Yuba,2021-04-03,653,23856,54,7105,117,15520,482,1231,86,6126,566,9462,568,15588,California
Yuba,2021-04-04,59,23915,11,7116,42,15562,6,1237,34,6141,25,9487,40,15628,California
Yuba,2021-04-05,245,24160,78,7194,146,15708,21,1258,123,6165,120,9607,144,15772,California
Yuba,2021-04-06,356,24516,113,7307,182,15890,61,1319,172,6214,183,9790,232,16004,California
Yuba,2021-04-07,771,25287,396,7703,322,16212,53,1372,348,6194,420,10210,400,16404,California
Yuba,2021-04-08,747,26034,289,7992,194,16406,264,1636,278,6268,468,10678,542,16946,California
Yuba,2021-04-09,399,26433,173,8165,160,16566,66,1702,165,6266,233,10911,231,17177,California
Yuba,2021-04-10,595,27028,71,8236,75,16641,449,2151,70,6261,523,11434,518,17695,California
Yuba,2021-04-11,104,27132,26,8262,66,16707,12,2163,44,6258,59,11493,56,17751,California
Yuba,2021-04-12,210,27342,45,8307,136,16843,29,2192,80,6238,129,11622,109,17860,California
Yuba,2021-04-13,395,27737,102,8409,293,17136,0,2192,201,6246,193,11815,201,18061,California
Yuba,2021-04-14,695,28432,109,8518,586,17722,0,2192,121,5794,573,12388,121,18182,California
Yuba,2021-04-15,336,28768,129,8647,207,17929,0,2192,145,5748,191,12579,145,18327,California
Yuba,2021-04-16,335,29103,99,8746,236,18165,0,2192,179,5772,155,12734,179,18506,California
Yuba,2021-04-17,401,29504,58,8804,343,18508,0,2192,330,6032,70,12804,330,18836,California
Yuba,2021-04-18,53,29557,10,8814,43,18551,0,2192,24,6027,29,12833,24,18860,California
Yuba,2021-04-19,247,29804,103,8917,144,18695,0,2192,105,5990,142,12975,105,18965,California
Yuba,2021-04-20,316,30120,78,8995,238,18933,0,2192,179,6034,136,13111,180,19145,California
Yuba,2021-04-21,700,30820,281,9276,419,19352,0,2192,297,5928,403,13514,297,19442,California
Yuba,2021-04-22,352,31172,137,9413,215,19567,0,2192,196,5968,156,13670,196,19638,California
Yuba,2021-04-23,343,31515,113,9526,230,19797,0,2192,164,5954,178,13848,164,19802,California
Yuba,2021-04-24,215,31730,68,9594,147,19944,0,2192,122,5983,93,13941,122,19924,California
Yuba,2021-04-25,72,31802,29,9623,43,19987,0,2192,35,5981,37,13978,35,19959,California
Yuba,2021-04-26,223,32025,53,9676,166,20153,4,2196,101,5964,122,14100,105,20064,California
Yuba,2021-04-27,472,32497,162,9838,300,20453,10,2206,234,5972,236,14336,244,20308,California
Yuba,2021-04-28,429,32926,175,10013,249,20702,5,2211,144,5842,279,14615,149,20457,California
Yuba,2021-04-29,426,33352,63,10076,362,21064,1,2212,144,5706,281,14896,145,20602,California
Yuba,2021-04-30,330,33682,94,10170,206,21270,30,2242,141,5690,187,15083,171,20773,California
Yuba,2021-05-01,206,33888,91,10261,96,21366,19,2261,93,5690,112,15195,112,20885,California
Yuba,2021-05-02,64,33952,34,10295,26,21392,4,2265,37,5704,27,15222,41,20926,California
Yuba,2021-05-03,140,34092,66,10361,65,21457,9,2274,45,5664,94,15316,54,20980,California
Yuba,2021-05-04,318,34410,94,10455,203,21660,21,2295,140,5647,178,15494,161,21141,California
Yuba,2021-05-05,316,34726,77,10532,232,21892,7,2302,113,5564,203,15697,120,21261,California
Yuba,2021-05-06,275,35001,103,10635,134,22026,38,2340,90,5510,182,15879,128,21389,California
Yuba,2021-05-07,358,35359,94,10729,236,22262,28,2368,122,5423,236,16115,149,21538,California
Yuba,2021-05-08,104,35463,32,10761,69,22331,3,2371,46,5414,58,16173,49,21587,California
Yuba,2021-05-09,52,35515,23,10784,26,22357,3,2374,37,5439,15,16188,40,21627,California
Yuba,2021-05-10,172,35687,56,10840,98,22455,18,2392,54,5394,117,16305,72,21699,California
Yuba,2021-05-11,367,36054,162,11002,191,22646,14,2406,135,5312,230,16535,148,21847,California
Yuba,2021-05-12,248,36302,123,11125,118,22764,7,2413,96,5263,152,16687,103,21950,California
Yuba,2021-05-13,343,36645,186,11311,114,22878,43,2456,108,5181,233,16920,151,22101,California
Yuba,2021-05-14,365,37010,140,11451,205,23083,20,2476,160,5155,205,17125,179,22280,California
Yuba,2021-05-15,433,37443,109,11560,303,23386,21,2497,110,4964,321,17446,130,22410,California
Yuba,2021-05-16,135,37578,44,11604,82,23468,9,2506,85,5009,49,17495,94,22504,California
Yuba,2021-05-17,212,37790,89,11693,103,23571,20,2526,92,5003,118,17613,112,22616,California
Yuba,2021-05-18,391,38181,161,11854,221,23792,9,2535,168,4957,223,17836,177,22793,California
Yuba,2021-05-19,265,38446,148,12002,111,23903,6,2541,138,4974,127,17963,144,22937,California
Yuba,2021-05-20,396,38842,284,12286,101,24004,11,2552,254,5098,141,18104,265,23202,California
Yuba,2021-05-21,474,39316,254,12540,214,24218,6,2558,298,5228,174,18278,304,23506,California
Yuba,2021-05-22,197,39513,111,12651,77,24295,9,2567,83,5206,114,18392,92,23598,California
Yuba,2021-05-23,37,39550,25,12676,12,24307,0,2567,29,5227,8,18400,29,23627,California
Yuba,2021-05-24,150,39700,47,12723,90,24397,13,2580,48,5187,101,18501,61,23688,California
Yuba,2021-05-25,202,39902,46,12769,150,24547,6,2586,61,5114,140,18641,67,23755,California
