county,administered_date,total_doses,cumulative_total_doses,pfizer_doses,cumulative_pfizer_doses,moderna_doses,cumulative_moderna_doses,jj_doses,cumulative_jj_doses,partially_vaccinated,total_partially_vaccinated,fully_vaccinated,cumulative_fully_vaccinated,at_least_one_dose,cumulative_at_least_one_dose,california_flag
All CA Counties,2020-12-15,1128,1128,1128,1128,0,0,0,0,1128,1128,0,0,1128,1128,
All CA Counties,2020-12-16,8238,9366,8238,9366,0,0,0,0,8238,9366,0,0,8238,9366,
All CA Counties,2020-12-17,25721,35087,25721,35087,0,0,0,0,25756,35122,0,0,25756,35122,
All CA Counties,2020-12-18,43861,78948,43782,78869,79,79,0,0,43911,79032,1,1,43911,79033,
All CA Counties,2020-12-19,25315,104263,25294,104163,21,100,0,0,25314,104345,1,2,25314,104347,
All CA Counties,2020-12-20,18961,123224,18932,123095,29,129,0,0,18960,123304,1,3,18960,123307,
All CA Counties,2020-12-21,49626,172850,49543,172638,83,212,0,0,49666,172969,1,4,49666,172973,
All CA Counties,2020-12-22,49937,222787,47794,220432,2143,2355,0,0,49935,222903,1,5,49935,222908,
All CA Counties,2020-12-23,50257,273044,41572,262004,8685,11040,0,0,50253,273156,0,5,50253,273161,
All CA Counties,2020-12-24,23984,297028,16305,278309,7679,18719,0,0,23981,297136,1,6,23981,297142,
All CA Counties,2020-12-25,2326,299354,2007,280316,319,19038,0,0,2325,299460,1,7,2325,299467,
All CA Counties,2020-12-26,14588,313942,9424,289740,5164,24202,0,0,14586,314045,1,8,14586,314053,
All CA Counties,2020-12-27,9374,323316,5558,295298,3816,28018,0,0,9373,323417,1,9,9373,323426,
All CA Counties,2020-12-28,45597,368913,29243,324541,16354,44372,0,0,45594,369008,3,12,45594,369020,
All CA Counties,2020-12-29,51028,419941,28565,353106,22463,66835,0,0,51024,420029,3,15,51024,420044,
All CA Counties,2020-12-30,62878,482819,35635,388741,27243,94078,0,0,62870,482896,3,18,62870,482914,
All CA Counties,2020-12-31,29171,511990,10743,399484,18428,112506,0,0,29163,512054,5,23,29163,512077,
All CA Counties,2021-01-01,3708,515698,1626,401110,2082,114588,0,0,3705,515758,1,24,3705,515782,
All CA Counties,2021-01-02,18363,534061,10194,411304,8169,122757,0,0,18362,534120,0,24,18362,534144,
All CA Counties,2021-01-03,6093,540154,3455,414759,2638,125395,0,0,6065,540173,12,36,6065,540209,
All CA Counties,2021-01-04,43221,583375,21871,436630,21350,146745,0,0,43144,583274,43,79,43144,583353,
All CA Counties,2021-01-05,56165,639540,29610,466240,26555,173300,0,0,50659,628578,5438,5517,50742,634095,
All CA Counties,2021-01-06,72881,712421,40353,506593,32528,205828,0,0,57555,671024,15137,20654,57583,691678,
All CA Counties,2021-01-07,91579,804000,52137,558730,39442,245270,0,0,61133,701912,30285,50939,61173,752851,
All CA Counties,2021-01-08,106113,910113,64086,622816,42027,287297,0,0,64985,725954,40996,91935,65038,817889,
All CA Counties,2021-01-09,43521,953634,25006,647822,18515,305812,0,0,27448,737370,16053,107988,27469,845358,
All CA Counties,2021-01-10,24168,977802,14791,662613,9377,315189,0,0,12964,739161,11188,119176,12979,858337,
All CA Counties,2021-01-11,103907,1081709,69187,731800,34720,349909,0,0,60256,755899,43613,162789,60351,918688,
All CA Counties,2021-01-12,112362,1194071,66358,798158,46004,395913,0,0,71444,786696,40842,203631,71639,990327,
All CA Counties,2021-01-13,118249,1312320,61260,859418,56989,452902,0,0,84687,837980,33472,237103,84756,1075083,
All CA Counties,2021-01-14,122729,1435049,49244,908662,73485,526387,0,0,103252,921995,19365,256468,103380,1178463,
All CA Counties,2021-01-15,141290,1576339,51973,960635,89317,615704,0,0,126316,1033608,14869,271337,126482,1304945,
All CA Counties,2021-01-16,80324,1656663,27331,987966,52993,668697,0,0,72822,1099000,7477,278814,72869,1377814,
All CA Counties,2021-01-17,47990,1704653,16734,1004700,31256,699953,0,0,44382,1139820,3604,282418,44424,1422238,
All CA Counties,2021-01-18,87565,1792218,45534,1050234,42031,741984,0,0,68469,1189416,19020,301438,68616,1490854,
All CA Counties,2021-01-19,140693,1932911,73242,1123476,67451,809435,0,0,109668,1268462,30933,332371,109979,1600833,
All CA Counties,2021-01-20,157664,2090575,79973,1203449,77691,887126,0,0,124607,1360416,32883,365254,124837,1725670,
All CA Counties,2021-01-21,171712,2262287,75993,1279442,95719,982845,0,0,152928,1495059,18587,383841,153230,1878900,
All CA Counties,2021-01-22,168324,2430611,68620,1348062,99704,1082549,0,0,154199,1635407,14001,397842,154349,2033249,
All CA Counties,2021-01-23,110806,2541417,49287,1397349,61519,1144068,0,0,98338,1721439,12415,410257,98447,2131696,
All CA Counties,2021-01-24,60561,2601978,29258,1426607,31303,1175371,0,0,55984,1772921,4552,414809,56034,2187730,
All CA Counties,2021-01-25,143319,2745297,64650,1491257,78669,1254040,0,0,108793,1847622,34427,449236,109128,2296858,
All CA Counties,2021-01-26,166545,2911842,81664,1572921,84881,1338921,0,0,129644,1940768,36760,485996,129906,2426764,
All CA Counties,2021-01-27,177683,3089525,86852,1659773,90831,1429752,0,0,139012,2041679,38283,524279,139194,2565958,
All CA Counties,2021-01-28,185564,3275089,85160,1744933,100404,1530156,0,0,151940,2160466,33333,557612,152120,2718078,
All CA Counties,2021-01-29,181855,3456944,87475,1832408,94380,1624536,0,0,147671,2274655,33623,591235,147812,2865890,
All CA Counties,2021-01-30,122456,3579400,54750,1887158,67706,1692242,0,0,107603,2367690,14696,605931,107731,2973621,
All CA Counties,2021-01-31,68715,3648115,38479,1925637,30236,1722478,0,0,63735,2426527,4937,610868,63774,3037395,
All CA Counties,2021-02-01,157023,3805138,72046,1997683,84977,1807455,0,0,119149,2508050,37746,648614,119269,3156664,
All CA Counties,2021-02-02,183721,3988859,78558,2076241,105163,1912618,0,0,138225,2601330,45157,693771,138437,3295101,
All CA Counties,2021-02-03,208488,4197347,93839,2170080,114649,2027267,0,0,155102,2703731,52923,746694,155324,3450425,
All CA Counties,2021-02-04,225743,4423090,98858,2268938,126885,2154152,0,0,165588,2810020,59633,806327,165922,3616347,
All CA Counties,2021-02-05,244380,4667470,105824,2374762,138556,2292708,0,0,166414,2899766,77220,883547,166966,3783313,
All CA Counties,2021-02-06,154021,4821491,74343,2449105,79678,2372386,0,0,119534,2985467,34324,917871,120025,3903338,
All CA Counties,2021-02-07,65592,4887083,42256,2491361,23336,2395722,0,0,49287,3018976,16221,934092,49730,3953068,
All CA Counties,2021-02-08,178775,5065858,87568,2578929,91207,2486929,0,0,118050,3077454,60294,994386,118772,4071840,
All CA Counties,2021-02-09,208671,5274529,100880,2679809,107791,2594720,0,0,125073,3120448,83216,1077602,126210,4198050,
All CA Counties,2021-02-10,246155,5520684,118861,2798670,127294,2722014,0,0,137169,3150848,108215,1185817,138615,4336665,
All CA Counties,2021-02-11,260334,5781018,128835,2927505,131499,2853513,0,0,142761,3178768,116606,1302423,144526,4481191,
All CA Counties,2021-02-12,269615,6050633,117961,3045466,151654,3005167,0,0,145931,3204042,122981,1425404,148255,4629446,
All CA Counties,2021-02-13,165146,6215779,76033,3121499,89113,3094280,0,0,91215,3223675,73537,1498941,93170,4722616,
All CA Counties,2021-02-14,94290,6310069,46709,3168208,47581,3141861,0,0,51024,3233105,43134,1542075,52564,4775180,
All CA Counties,2021-02-15,140654,6450723,61759,3229967,78895,3220756,0,0,78116,3252112,62215,1604290,81222,4856402,
All CA Counties,2021-02-16,245555,6696278,116739,3346706,128816,3349572,0,0,131888,3273779,113345,1717635,135012,4991414,
All CA Counties,2021-02-17,254914,6951192,126736,3473442,128178,3477750,0,0,127709,3277993,126748,1844383,130962,5122376,
All CA Counties,2021-02-18,268149,7219341,139723,3613165,128426,3606176,0,0,130514,3275787,136964,1981347,134758,5257134,
All CA Counties,2021-02-19,249218,7468559,144791,3757956,104427,3710603,0,0,129818,3288737,118987,2100334,131937,5389071,
All CA Counties,2021-02-20,150024,7618583,96507,3854463,53517,3764120,0,0,83086,3307078,66735,2167069,85076,5474147,
All CA Counties,2021-02-21,70186,7688769,56532,3910995,13654,3777774,0,0,35036,3308440,34976,2202045,36338,5510485,
All CA Counties,2021-02-22,161991,7850760,108978,4019973,53013,3830787,0,0,82388,3313247,79331,2281376,84138,5594623,
All CA Counties,2021-02-23,219418,8070178,115753,4135726,103665,3934452,0,0,103063,3306400,115875,2397251,109028,5703651,
All CA Counties,2021-02-24,279370,8349548,140981,4276707,138389,4072841,0,0,135119,3305368,143710,2540961,142678,5846329,
All CA Counties,2021-02-25,313476,8663024,153941,4430648,159535,4232376,0,0,165342,3331759,147525,2688486,173916,6020245,
All CA Counties,2021-02-26,347772,9010796,162418,4593066,185354,4417730,0,0,195184,3382319,151810,2840296,202370,6222615,
All CA Counties,2021-02-27,245105,9255901,116787,4709853,128305,4546035,13,13,139110,3420333,105497,2945793,143511,6366126,
All CA Counties,2021-02-28,128470,9384371,76472,4786325,51997,4598032,1,14,76249,3447575,51934,2997727,79176,6445302,
All CA Counties,2021-03-01,234154,9618525,123908,4910233,110226,4708258,20,34,136126,3490237,97503,3095230,140165,6585467,
All CA Counties,2021-03-02,264352,9882877,129068,5039301,135274,4843532,10,44,160410,3554208,103542,3198772,167513,6752980,
All CA Counties,2021-03-03,320315,10203192,158091,5197392,162197,5005729,27,71,183638,3609140,136100,3334872,191032,6944012,
All CA Counties,2021-03-04,334114,10537306,167732,5365124,166307,5172036,75,146,197660,3677994,135880,3470752,204734,7148746,
All CA Counties,2021-03-05,323987,10861293,157511,5522635,165392,5337428,1084,1230,202006,3767089,121286,3592038,210381,7359127,
All CA Counties,2021-03-06,245762,11107055,126165,5648800,111990,5449418,7607,8837,154026,3842087,91423,3683461,166421,7525548,
All CA Counties,2021-03-07,122807,11229862,74676,5723476,44154,5493572,3977,12814,77990,3883177,44682,3728143,85772,7611320,
All CA Counties,2021-03-08,209338,11439200,100785,5824261,98458,5592030,10095,22909,136696,3962539,72362,3800505,151724,7763044,
All CA Counties,2021-03-09,258484,11697684,111407,5935668,131471,5723501,15606,38515,141911,4008029,116192,3916697,161682,7924726,
All CA Counties,2021-03-10,307131,12004815,150116,6085784,133803,5857304,23212,61727,168241,4065358,138408,4055105,195737,8120463,
All CA Counties,2021-03-11,363688,12368503,175835,6261619,156613,6013917,31240,92967,189928,4117851,173015,4228120,225508,8345971,
All CA Counties,2021-03-12,382728,12751231,170585,6432204,166946,6180863,45197,138164,187297,4159616,194810,4422930,236575,8582546,
All CA Counties,2021-03-13,273205,13024436,120126,6552330,122657,6303520,30422,168586,147850,4217187,125011,4547941,182582,8765128,
All CA Counties,2021-03-14,150701,13175137,80931,6633261,55039,6358559,14731,183317,81269,4246288,69220,4617161,98321,8863449,
All CA Counties,2021-03-15,285083,13460220,135678,6768939,129160,6487719,20245,203562,157484,4300459,127034,4744195,181205,9044654,
All CA Counties,2021-03-16,363737,13823957,171073,6940012,175680,6663399,16984,220546,215168,4387936,147970,4892165,235447,9280101,
All CA Counties,2021-03-17,374666,14198623,186770,7126782,170044,6833443,17852,238398,233230,4500851,140823,5032988,253738,9533839,
All CA Counties,2021-03-18,387709,14586332,198772,7325554,171369,7004812,17568,255966,235018,4603879,151807,5184795,254835,9788674,
All CA Counties,2021-03-19,398402,14984734,208940,7534494,168295,7173107,21167,277133,234322,4698213,163294,5348089,257628,10046302,
All CA Counties,2021-03-20,286882,15271616,150539,7685033,121148,7294255,15195,292328,185344,4799237,100991,5449080,202015,10248317,
All CA Counties,2021-03-21,140555,15412171,96825,7781858,36362,7330617,7368,299696,91748,4851214,48581,5497661,100558,10348875,
All CA Counties,2021-03-22,266145,15678316,155555,7937413,99804,7430421,10786,310482,178286,4956051,87314,5584975,192151,10541026,
All CA Counties,2021-03-23,348398,16026714,191681,8129094,146202,7576623,10515,320997,228752,5079038,118934,5703909,241921,10782947,
All CA Counties,2021-03-24,377565,16404279,217390,8346484,148481,7725104,11694,332691,227007,5170269,149669,5853578,240900,11023847,
All CA Counties,2021-03-25,402723,16807002,221959,8568443,167258,7892362,13506,346197,235425,5255157,166266,6019844,251154,11275001,
All CA Counties,2021-03-26,420669,17227671,224300,8792743,180755,8073117,15614,361811,235229,5324678,184477,6204321,253998,11528999,
All CA Counties,2021-03-27,302693,17530364,160540,8953283,131092,8204209,11061,372872,155749,5347458,146308,6350629,169088,11698087,
All CA Counties,2021-03-28,164936,17695300,105574,9058857,55740,8259949,3622,376494,90669,5369661,73986,6424615,96189,11794276,
All CA Counties,2021-03-29,300404,17995704,162699,9221556,129427,8389376,8278,384772,174899,5430549,124918,6549533,185806,11980082,
All CA Counties,2021-03-30,387826,18383530,196467,9418023,175078,8564454,16281,401053,241117,5543669,146148,6695681,259268,12239350,
All CA Counties,2021-03-31,414000,18797530,225468,9643491,167778,8732232,20754,421807,241340,5634940,171917,6867598,263188,12502538,
All CA Counties,2021-04-01,471215,19268745,240809,9884300,192704,8924936,37702,459509,267346,5738318,203054,7070652,306432,12808970,
All CA Counties,2021-04-02,452093,19720838,220135,10104435,191615,9116551,40343,499852,251011,5831322,200096,7270748,293100,13102070,
All CA Counties,2021-04-03,316980,20037818,160161,10264596,117620,9234171,39199,539051,162783,5880845,153701,7424449,203224,13305294,
All CA Counties,2021-04-04,127365,20165183,65892,10330488,43844,9278015,17629,556680,56576,5884597,70620,7495069,74372,13379666,
All CA Counties,2021-04-05,337314,20502497,173767,10504255,125959,9403974,37588,594268,170228,5928300,166630,7661699,210333,13589999,
All CA Counties,2021-04-06,440069,20942566,223613,10727868,154216,9558190,62240,656508,216630,5986510,222710,7884409,280920,13870919,
All CA Counties,2021-04-07,448072,21390638,232391,10960259,150474,9708664,65207,721715,221179,6047893,226147,8110556,287530,14158449,
All CA Counties,2021-04-08,463295,21853933,235522,11195781,150321,9858985,77452,799167,221802,6108571,240638,8351194,301316,14459765,
All CA Counties,2021-04-09,358384,22212317,172294,11368075,136615,9995600,49475,848642,171434,6146172,186321,8537515,223922,14683687,
All CA Counties,2021-04-10,241814,22454131,105079,11473154,96395,10091995,40340,888982,108505,6164993,132913,8670428,151734,14835421,
All CA Counties,2021-04-11,76318,22530449,38866,11512020,28213,10120208,9239,898221,35453,6168993,40748,8711176,44748,14880169,
All CA and Non-CA Counties,2020-12-15,1135,1135,1135,1135,0,0,0,0,1135,1135,0,0,1135,1135,
All CA and Non-CA Counties,2020-12-16,8370,9505,8370,9505,0,0,0,0,8370,9505,0,0,8370,9505,
All CA and Non-CA Counties,2020-12-17,27288,36793,27288,36793,0,0,0,0,27288,36793,0,0,27288,36793,
All CA and Non-CA Counties,2020-12-18,46278,83071,46195,82988,83,83,0,0,46277,83069,1,1,46277,83070,
All CA and Non-CA Counties,2020-12-19,26296,109367,26274,109262,22,105,0,0,26295,109363,1,2,26295,109365,
All CA and Non-CA Counties,2020-12-20,19603,128970,19573,128835,30,135,0,0,19602,128964,1,3,19602,128967,
All CA and Non-CA Counties,2020-12-21,51732,180702,51648,180483,84,219,0,0,51730,180693,1,4,51730,180697,
All CA and Non-CA Counties,2020-12-22,51862,232564,49685,230168,2177,2396,0,0,51860,232552,1,5,51860,232557,
All CA and Non-CA Counties,2020-12-23,51680,284244,42878,273046,8802,11198,0,0,51676,284228,0,5,51676,284233,
All CA and Non-CA Counties,2020-12-24,24786,309030,16915,289961,7871,19069,0,0,24783,309010,1,6,24783,309016,
All CA and Non-CA Counties,2020-12-25,2358,311388,2035,291996,323,19392,0,0,2357,311366,1,7,2357,311373,
All CA and Non-CA Counties,2020-12-26,14896,326284,9628,301624,5268,24660,0,0,14894,326259,1,8,14894,326267,
All CA and Non-CA Counties,2020-12-27,9560,335844,5629,307253,3931,28591,0,0,9559,335817,1,9,9559,335826,
All CA and Non-CA Counties,2020-12-28,46992,382836,30124,337377,16868,45459,0,0,46989,382803,3,12,46989,382815,
All CA and Non-CA Counties,2020-12-29,52482,435318,29494,366871,22988,68447,0,0,52478,435278,3,15,52478,435293,
All CA and Non-CA Counties,2020-12-30,64782,500100,36885,403756,27897,96344,0,0,64775,500050,3,18,64775,500068,
All CA and Non-CA Counties,2020-12-31,30240,530340,11328,415084,18912,115256,0,0,30231,530276,5,23,30231,530299,
All CA and Non-CA Counties,2021-01-01,3818,534158,1648,416732,2170,117426,0,0,3815,534090,1,24,3815,534114,
All CA and Non-CA Counties,2021-01-02,18603,552761,10326,427058,8277,125703,0,0,18601,552690,1,25,18601,552715,
All CA and Non-CA Counties,2021-01-03,6265,559026,3547,430605,2718,128421,0,0,6237,558915,12,37,6237,558952,
All CA and Non-CA Counties,2021-01-04,44348,603374,22377,452982,21971,150392,0,0,44265,603137,43,80,44265,603217,
All CA and Non-CA Counties,2021-01-05,57606,660980,30360,483342,27246,177638,0,0,51964,649612,5572,5652,52047,655264,
All CA and Non-CA Counties,2021-01-06,75464,736444,41880,525222,33584,211222,0,0,59468,693295,15813,21465,59496,714760,
All CA and Non-CA Counties,2021-01-07,95734,832178,54710,579932,41024,252246,0,0,63661,725087,31911,53376,63703,778463,
All CA and Non-CA Counties,2021-01-08,110382,942560,66785,646717,43597,295843,0,0,67517,749936,42724,96100,67573,846036,
All CA and Non-CA Counties,2021-01-09,44851,987411,25539,672256,19312,315155,0,0,28450,762029,16380,112480,28473,874509,
All CA and Non-CA Counties,2021-01-10,24469,1011880,14969,687225,9500,324655,0,0,13146,763883,11307,123787,13161,887670,
All CA and Non-CA Counties,2021-01-11,107160,1119040,71168,758393,35992,360647,0,0,62190,781236,44932,168719,62285,949955,
All CA and Non-CA Counties,2021-01-12,116136,1235176,68616,827009,47520,408167,0,0,73737,812853,42317,211036,73934,1023889,
All CA and Non-CA Counties,2021-01-13,121760,1356936,62994,890003,58766,466933,0,0,87107,865460,34570,245606,87177,1111066,
All CA and Non-CA Counties,2021-01-14,126367,1483303,50490,940493,75877,542810,0,0,106276,951887,19977,265583,106404,1217470,
All CA and Non-CA Counties,2021-01-15,145288,1628591,52892,993385,92396,635206,0,0,129882,1066638,15298,280881,130049,1347519,
All CA and Non-CA Counties,2021-01-16,82860,1711451,27691,1021076,55169,690375,0,0,75184,1134221,7648,288529,75231,1422750,
All CA and Non-CA Counties,2021-01-17,48439,1759890,16881,1037957,31558,721933,0,0,44781,1175391,3653,292182,44823,1467573,
All CA and Non-CA Counties,2021-01-18,88705,1848595,46323,1084280,42382,764315,0,0,69152,1225215,19476,311658,69300,1536873,
All CA and Non-CA Counties,2021-01-19,144680,1993275,74559,1158839,70121,834436,0,0,112810,1306560,31778,343436,113123,1649996,
All CA and Non-CA Counties,2021-01-20,162027,2155302,81388,1240227,80639,915075,0,0,128041,1401023,33809,377245,128272,1778268,
All CA and Non-CA Counties,2021-01-21,175695,2330997,77033,1317260,98662,1013737,0,0,156396,1538632,19089,396334,156698,1934966,
All CA and Non-CA Counties,2021-01-22,172744,2503741,69648,1386908,103096,1116833,0,0,158224,1682617,14390,410724,158375,2093341,
All CA and Non-CA Counties,2021-01-23,113027,2616768,49623,1436531,63404,1180237,0,0,100392,1770538,12580,423304,100501,2193842,
All CA and Non-CA Counties,2021-01-24,61257,2678025,29597,1466128,31660,1211897,0,0,56602,1822559,4631,427935,56652,2250494,
All CA and Non-CA Counties,2021-01-25,147667,2825692,66587,1532715,81080,1292977,0,0,112306,1899925,35276,463211,112642,2363136,
All CA and Non-CA Counties,2021-01-26,172753,2998445,84878,1617593,87875,1380852,0,0,135065,1997691,37569,500780,135335,2498471,
All CA and Non-CA Counties,2021-01-27,182649,3181094,89814,1707407,92835,1473687,0,0,143436,2102464,38846,539626,143619,2642090,
All CA and Non-CA Counties,2021-01-28,190881,3371975,88265,1795672,102616,1576303,0,0,156777,2225589,33832,573458,156957,2799047,
All CA and Non-CA Counties,2021-01-29,186611,3558586,90554,1886226,96057,1672360,0,0,151722,2343113,34340,607798,151864,2950911,
All CA and Non-CA Counties,2021-01-30,126734,3685320,57249,1943475,69485,1741845,0,0,111664,2439987,14918,622716,111792,3062703,
All CA and Non-CA Counties,2021-01-31,72249,3757569,41605,1985080,30644,1772489,0,0,67217,2502254,4989,627705,67256,3129959,
All CA and Non-CA Counties,2021-02-01,162850,3920419,75004,2060084,87846,1860335,0,0,124322,2588293,38403,666108,124442,3254401,
All CA and Non-CA Counties,2021-02-02,191074,4111493,81333,2141417,109741,1970076,0,0,144879,2687536,45848,711956,145091,3399492,
All CA and Non-CA Counties,2021-02-03,216573,4328066,96663,2238080,119910,2089986,0,0,162365,2796389,53735,765691,162588,3562080,
All CA and Non-CA Counties,2021-02-04,233206,4561272,101651,2339731,131555,2221541,0,0,172104,2908260,60567,826258,172438,3734518,
All CA and Non-CA Counties,2021-02-05,251100,4812372,107976,2447707,143124,2364665,0,0,172150,3002751,78211,904469,172702,3907220,
All CA and Non-CA Counties,2021-02-06,158526,4970898,76662,2524369,81864,2446529,0,0,123607,3092104,34750,939219,124103,4031323,
All CA and Non-CA Counties,2021-02-07,68552,5039450,44667,2569036,23885,2470414,0,0,52168,3128417,16300,955519,52613,4083936,
All CA and Non-CA Counties,2021-02-08,184575,5224025,91344,2660380,93231,2563645,0,0,122782,3190575,61346,1016865,123504,4207440,
All CA and Non-CA Counties,2021-02-09,213436,5437461,103174,2763554,110262,2673907,0,0,128529,3235747,84510,1101375,129682,4337122,
All CA and Non-CA Counties,2021-02-10,252051,5689512,121053,2884607,130998,2804905,0,0,140695,3267355,110577,1211952,142185,4479307,
All CA and Non-CA Counties,2021-02-11,265178,5954690,130979,3015586,134199,2939104,0,0,146449,3297833,117754,1329706,148232,4627539,
All CA and Non-CA Counties,2021-02-12,274301,6228991,119615,3135201,154686,3093790,0,0,148999,3324563,124597,1454303,151327,4778866,
All CA and Non-CA Counties,2021-02-13,167379,6396370,76648,3211849,90731,3184521,0,0,93017,3345576,73969,1528272,94982,4873848,
All CA and Non-CA Counties,2021-02-14,95713,6492083,47172,3259021,48541,3233062,0,0,52175,3355922,43401,1571673,53747,4927595,
All CA and Non-CA Counties,2021-02-15,143162,6635245,63313,3322334,79849,3312911,0,0,79282,3374807,63539,1635212,82424,5010019,
All CA and Non-CA Counties,2021-02-16,251886,6887131,119665,3441999,132221,3445132,0,0,134423,3395234,117133,1752345,137560,5147579,
All CA and Non-CA Counties,2021-02-17,260572,7147703,129534,3571533,131038,3576170,0,0,129382,3397150,130726,1883071,132642,5280221,
All CA and Non-CA Counties,2021-02-18,274222,7421925,143299,3714832,130923,3707093,0,0,132341,3392539,141199,2024270,136588,5416809,
All CA and Non-CA Counties,2021-02-19,254393,7676318,148421,3863253,105972,3813065,0,0,131748,3404179,122228,2146498,133868,5550677,
All CA and Non-CA Counties,2021-02-20,153142,7829460,99125,3962378,54017,3867082,0,0,84183,3421603,68751,2215249,86175,5636852,
All CA and Non-CA Counties,2021-02-21,71998,7901458,58138,4020516,13860,3880942,0,0,35656,3422397,36164,2251413,36958,5673810,
All CA and Non-CA Counties,2021-02-22,164707,8066165,110876,4131392,53831,3934773,0,0,83348,3426413,81086,2332499,85102,5758912,
All CA and Non-CA Counties,2021-02-23,224470,8290635,118297,4249689,106173,4040946,0,0,104631,3417663,119354,2451853,110604,5869516,
All CA and Non-CA Counties,2021-02-24,284562,8575197,143540,4393229,141022,4181968,0,0,136596,3414402,147420,2599273,144159,6013675,
All CA and Non-CA Counties,2021-02-25,319250,8894447,156491,4549720,162759,4344727,0,0,167437,3439234,151184,2750457,176016,6189691,
All CA and Non-CA Counties,2021-02-26,353656,9248103,165364,4715084,188292,4533019,0,0,197594,3488812,155203,2905660,204781,6394472,
All CA and Non-CA Counties,2021-02-27,249596,9497699,119031,4834115,130551,4663570,14,14,140336,3524800,108752,3014412,144740,6539212,
All CA and Non-CA Counties,2021-02-28,131099,9628798,78487,4912602,52611,4716181,1,15,77255,3551430,53553,3067965,80183,6619395,
All CA and Non-CA Counties,2021-03-01,238638,9867436,126869,5039471,111749,4827930,20,35,137260,3591896,100846,3168811,141312,6760707,
All CA and Non-CA Counties,2021-03-02,270272,10137708,131005,5170476,139257,4967187,10,45,162045,3653304,107830,3276641,169238,6929945,
All CA and Non-CA Counties,2021-03-03,327127,10464835,160313,5330789,166786,5133973,28,73,185437,3705027,141119,3417760,192842,7122787,
All CA and Non-CA Counties,2021-03-04,340079,10804914,170030,5500819,169973,5303946,76,149,199461,3771572,140008,3557768,206553,7329340,
All CA and Non-CA Counties,2021-03-05,328190,11133104,159302,5660121,167793,5471739,1095,1244,204081,3860616,123431,3681199,212475,7541815,
All CA and Non-CA Counties,2021-03-06,249751,11382855,127828,5787949,114164,5585903,7759,9003,155906,3935624,93521,3774720,168529,7710344,
All CA and Non-CA Counties,2021-03-07,124336,11507191,75661,5863610,44645,5630548,4030,13033,78883,3977043,45316,3820036,86735,7797079,
All CA and Non-CA Counties,2021-03-08,211978,11719169,102328,5965938,99306,5729854,10344,23377,138552,4057758,73115,3893151,153830,7950909,
All CA and Non-CA Counties,2021-03-09,262363,11981532,113243,6079181,133200,5863054,15920,39297,144080,4104042,117900,4011051,164184,8115093,
All CA and Non-CA Counties,2021-03-10,310632,12292164,151511,6230692,135420,5998474,23701,62998,170222,4162341,139915,4150966,198214,8313307,
All CA and Non-CA Counties,2021-03-11,369174,12661338,178500,6409192,158753,6157227,31921,94919,192798,4215775,175630,4326596,229064,8542371,
All CA and Non-CA Counties,2021-03-12,388037,13049375,173483,6582675,168654,6325881,45900,140819,190199,4258748,197208,4523804,240181,8782552,
All CA and Non-CA Counties,2021-03-13,276575,13325950,121987,6704662,123698,6449579,30890,171709,150094,4317914,126129,4649933,185295,8967847,
All CA and Non-CA Counties,2021-03-14,152593,13478543,81849,6786511,55680,6505259,15064,186773,82397,4347719,69984,4719917,99789,9067636,
All CA and Non-CA Counties,2021-03-15,288229,13766772,137045,6923556,130551,6635810,20633,207406,159341,4402853,128321,4848238,183455,9251091,
All CA and Non-CA Counties,2021-03-16,369860,14136632,174171,7097727,178361,6814171,17328,224734,218706,4491629,150552,4998790,239328,9490419,
All CA and Non-CA Counties,2021-03-17,381055,14517687,190272,7287999,172585,6986756,18198,242932,237140,4606324,143301,5142091,257996,9748415,
All CA and Non-CA Counties,2021-03-18,394366,14912053,202452,7490451,173833,7160589,18081,261013,239142,4711502,154331,5296422,259509,10007924,
All CA and Non-CA Counties,2021-03-19,404112,15316165,212146,7702597,170267,7330856,21699,282712,237871,4807760,165455,5461877,261713,10269637,
All CA and Non-CA Counties,2021-03-20,290616,15606781,153070,7855667,122273,7453129,15273,297985,188375,4911194,101690,5563567,205124,10474761,
All CA and Non-CA Counties,2021-03-21,142286,15749067,98016,7953683,36813,7489942,7457,305442,93091,4964217,48968,5612535,101991,10576752,
All CA and Non-CA Counties,2021-03-22,268831,16017898,157041,8110724,100931,7590873,10859,316301,180061,5069997,88219,5700754,193999,10770751,
All CA and Non-CA Counties,2021-03-23,353915,16371813,194346,8305070,148786,7739659,10783,327084,232616,5195474,120576,5821330,246053,11016804,
All CA and Non-CA Counties,2021-03-24,383861,16755674,220351,8525421,151402,7891061,12108,339192,231803,5290418,151163,5972493,246107,11262911,
All CA and Non-CA Counties,2021-03-25,409903,17165577,224971,8750392,170946,8062007,13986,353178,240979,5379725,167882,6140375,257189,11520100,
All CA and Non-CA Counties,2021-03-26,426653,17592230,227399,8977791,183467,8245474,15787,368965,239475,5451939,186203,6326578,258417,11778517,
All CA and Non-CA Counties,2021-03-27,306891,17899121,163000,9140791,132789,8378263,11102,380067,158700,5476469,147547,6474125,172077,11950594,
All CA and Non-CA Counties,2021-03-28,167458,18066579,106830,9247621,56932,8435195,3696,383763,92326,5499544,74845,6548970,97920,12048514,
All CA and Non-CA Counties,2021-03-29,304837,18371416,164629,9412250,131675,8566870,8533,392296,177653,5561765,126595,6675565,188816,12237330,
All CA and Non-CA Counties,2021-03-30,393836,18765252,199503,9611753,177525,8744395,16808,409104,244880,5676948,148384,6823949,263567,12500897,
All CA and Non-CA Counties,2021-03-31,419293,19184545,228449,9840202,169364,8913759,21480,430584,244523,5770020,174024,6997973,267096,12767993,
All CA and Non-CA Counties,2021-04-01,477344,19661889,244228,10084430,194791,9108550,38325,468909,271002,5875208,205522,7203495,310710,13078703,
All CA and Non-CA Counties,2021-04-02,459368,20121257,224076,10308506,193995,9302545,41297,510206,255055,5969986,203322,7406817,298100,13376803,
All CA and Non-CA Counties,2021-04-03,322709,20443966,163507,10472013,118847,9421392,40355,550561,165822,6021020,156385,7563202,207419,13584222,
All CA and Non-CA Counties,2021-04-04,128964,20572930,66696,10538709,44413,9465805,17855,568416,57456,6025161,71337,7634539,75478,13659700,
All CA and Non-CA Counties,2021-04-05,340996,20913926,175662,10714371,127202,9593007,38132,606548,172077,6069429,168459,7802998,212727,13872427,
All CA and Non-CA Counties,2021-04-06,446577,21360503,226844,10941215,156007,9749014,63726,670274,219438,6128240,226397,8029395,285208,14157635,
All CA and Non-CA Counties,2021-04-07,455902,21816405,236404,11177619,152441,9901455,67057,737331,224640,6190568,230504,8259899,292832,14450467,
All CA and Non-CA Counties,2021-04-08,471303,22287708,239539,11417158,152248,10053703,79516,816847,225361,6252424,245075,8504974,306931,14757398,
All CA and Non-CA Counties,2021-04-09,363968,22651676,175005,11592163,137955,10191658,51008,867855,173761,6290637,189574,8694548,227787,14985185,
All CA and Non-CA Counties,2021-04-10,246113,22897789,107130,11699293,97243,10288901,41740,909595,109958,6309469,135751,8830299,154583,15139768,
All CA and Non-CA Counties,2021-04-11,76865,22974654,39151,11738444,28411,10317312,9303,918898,35721,6313523,41027,8871326,45081,15184849,
Outside California,2020-12-15,7,7,7,7,0,0,0,0,7,7,0,0,7,7,Not in California
Outside California,2020-12-16,132,139,132,139,0,0,0,0,132,139,0,0,132,139,Not in California
Outside California,2020-12-17,1531,1670,1531,1670,0,0,0,0,1531,1670,0,0,1531,1670,Not in California
Outside California,2020-12-18,2365,4035,2361,4031,4,4,0,0,2364,4034,0,0,2364,4034,Not in California
Outside California,2020-12-19,981,5016,980,5011,1,5,0,0,981,5015,0,0,981,5015,Not in California
Outside California,2020-12-20,642,5658,641,5652,1,6,0,0,642,5657,0,0,642,5657,Not in California
Outside California,2020-12-21,2065,7723,2064,7716,1,7,0,0,2064,7721,0,0,2064,7721,Not in California
Outside California,2020-12-22,1925,9648,1891,9607,34,41,0,0,1925,9646,0,0,1925,9646,Not in California
Outside California,2020-12-23,1423,11071,1306,10913,117,158,0,0,1423,11069,0,0,1423,11069,Not in California
Outside California,2020-12-24,802,11873,610,11523,192,350,0,0,802,11871,0,0,802,11871,Not in California
Outside California,2020-12-25,32,11905,28,11551,4,354,0,0,32,11903,0,0,32,11903,Not in California
Outside California,2020-12-26,307,12212,203,11754,104,458,0,0,307,12210,0,0,307,12210,Not in California
Outside California,2020-12-27,186,12398,71,11825,115,573,0,0,186,12396,0,0,186,12396,Not in California
Outside California,2020-12-28,1391,13789,877,12702,514,1087,0,0,1391,13787,0,0,1391,13787,Not in California
Outside California,2020-12-29,1451,15240,926,13628,525,1612,0,0,1451,15238,0,0,1451,15238,Not in California
Outside California,2020-12-30,1849,17089,1195,14823,654,2266,0,0,1850,17088,0,0,1850,17088,Not in California
Outside California,2020-12-31,1067,18156,585,15408,482,2748,0,0,1068,18156,0,0,1068,18156,Not in California
Outside California,2021-01-01,110,18266,22,15430,88,2836,0,0,110,18266,0,0,110,18266,Not in California
Outside California,2021-01-02,239,18505,132,15562,107,2943,0,0,238,18503,1,1,238,18504,Not in California
Outside California,2021-01-03,172,18677,92,15654,80,3023,0,0,172,18675,0,1,172,18676,Not in California
Outside California,2021-01-04,1124,19801,503,16157,621,3644,0,0,1119,19794,0,1,1119,19795,Not in California
Outside California,2021-01-05,1439,21240,750,16907,689,4333,0,0,1303,20963,134,135,1303,21098,Not in California
Outside California,2021-01-06,2578,23818,1523,18430,1055,5388,0,0,1909,22196,676,811,1909,23007,Not in California
Outside California,2021-01-07,4085,27903,2504,20934,1581,6969,0,0,2458,23030,1626,2437,2460,25467,Not in California
Outside California,2021-01-08,4269,32172,2699,23633,1570,8539,0,0,2531,23836,1728,4165,2534,28001,Not in California
Outside California,2021-01-09,1328,33500,531,24164,797,9336,0,0,999,24510,327,4492,1001,29002,Not in California
Outside California,2021-01-10,301,33801,178,24342,123,9459,0,0,182,24573,119,4611,182,29184,Not in California
Outside California,2021-01-11,3234,37035,1962,26304,1272,10731,0,0,1916,25170,1319,5930,1916,31100,Not in California
Outside California,2021-01-12,3764,40799,2249,28553,1515,12246,0,0,2285,25982,1474,7404,2286,33386,Not in California
Outside California,2021-01-13,3500,44299,1723,30276,1777,14023,0,0,2407,27292,1098,8502,2408,35794,Not in California
Outside California,2021-01-14,3635,47934,1243,31519,2392,16415,0,0,3021,29701,612,9114,3021,38815,Not in California
Outside California,2021-01-15,3994,51928,916,32435,3078,19493,0,0,3561,32834,429,9543,3562,42377,Not in California
Outside California,2021-01-16,2529,54457,353,32788,2176,21669,0,0,2356,35020,170,9713,2356,44733,Not in California
Outside California,2021-01-17,446,54903,144,32932,302,21971,0,0,396,35367,49,9762,396,45129,Not in California
Outside California,2021-01-18,1083,55986,732,33664,351,22322,0,0,628,35542,454,10216,629,45758,Not in California
Outside California,2021-01-19,3962,59948,1292,34956,2670,24992,0,0,3119,37819,844,11060,3121,48879,Not in California
Outside California,2021-01-20,4284,64232,1336,36292,2948,27940,0,0,3407,40353,874,11934,3408,52287,Not in California
Outside California,2021-01-21,3923,68155,982,37274,2941,30881,0,0,3406,43257,502,12436,3406,55693,Not in California
Outside California,2021-01-22,4379,72534,993,38267,3386,34267,0,0,3985,46854,389,12825,3986,59679,Not in California
Outside California,2021-01-23,2208,74742,329,38596,1879,36146,0,0,2042,48731,165,12990,2042,61721,Not in California
Outside California,2021-01-24,694,75436,337,38933,357,36503,0,0,615,49267,79,13069,615,62336,Not in California
Outside California,2021-01-25,4328,79764,1919,40852,2409,38912,0,0,3496,51918,846,13915,3497,65833,Not in California
Outside California,2021-01-26,6113,85877,3119,43971,2994,41906,0,0,5323,56440,809,14724,5331,71164,Not in California
Outside California,2021-01-27,4949,90826,2945,46916,2004,43910,0,0,4408,60287,562,15286,4409,75573,Not in California
Outside California,2021-01-28,5163,95989,2953,49869,2210,46120,0,0,4739,64586,440,15726,4739,80312,Not in California
Outside California,2021-01-29,4608,100597,2931,52800,1677,47797,0,0,3898,67769,716,16442,3899,84211,Not in California
Outside California,2021-01-30,4268,104865,2491,55291,1777,49574,0,0,4048,71596,221,16663,4048,88259,Not in California
Outside California,2021-01-31,3517,108382,3109,58400,408,49982,0,0,3465,75010,51,16714,3465,91724,Not in California
Outside California,2021-02-01,5790,114172,2923,61323,2867,52849,0,0,5151,79521,640,17354,5151,96875,Not in California
Outside California,2021-02-02,7283,121455,2707,64030,4576,57425,0,0,6591,85427,685,18039,6591,103466,Not in California
Outside California,2021-02-03,8037,129492,2777,66807,5260,62685,0,0,7227,91854,801,18840,7228,110694,Not in California
Outside California,2021-02-04,7402,136894,2736,69543,4666,67351,0,0,6459,97383,930,19770,6459,117153,Not in California
Outside California,2021-02-05,6704,143598,2141,71684,4563,71914,0,0,5722,102119,986,20756,5722,122875,Not in California
Outside California,2021-02-06,4488,148086,2305,73989,2183,74097,0,0,4059,105761,420,21176,4062,126937,Not in California
Outside California,2021-02-07,2952,151038,2403,76392,549,74646,0,0,2875,108561,77,21253,2877,129814,Not in California
Outside California,2021-02-08,5745,156783,3724,80116,2021,76667,0,0,4719,112270,1010,22263,4719,134533,Not in California
Outside California,2021-02-09,4743,161526,2272,82388,2471,79138,0,0,3451,114460,1277,23540,3467,138000,Not in California
Outside California,2021-02-10,5859,167385,2160,84548,3699,82837,0,0,3515,115683,2336,25876,3559,141559,Not in California
Outside California,2021-02-11,4751,172136,2052,86600,2699,85536,0,0,3645,118249,1097,26973,3663,145222,Not in California
Outside California,2021-02-12,4639,176775,1616,88216,3023,88559,0,0,3049,119719,1583,28556,3053,148275,Not in California
Outside California,2021-02-13,2219,178994,612,88828,1607,90166,0,0,1786,121084,431,28987,1796,150071,Not in California
Outside California,2021-02-14,1415,180409,462,89290,953,91119,0,0,1145,121995,266,29253,1177,151248,Not in California
Outside California,2021-02-15,2466,182875,1518,90808,948,92067,0,0,1137,121855,1313,30566,1173,152421,Not in California
Outside California,2021-02-16,6226,189101,2830,93638,3396,95463,0,0,2504,120658,3714,34280,2517,154938,Not in California
Outside California,2021-02-17,5648,194749,2790,96428,2858,98321,0,0,1667,118359,3973,38253,1674,156612,Not in California
Outside California,2021-02-18,5967,200716,3475,99903,2492,100813,0,0,1808,116022,4148,42401,1811,158423,Not in California
Outside California,2021-02-19,4976,205692,3436,103339,1540,102353,0,0,1871,114792,3102,45503,1872,160295,Not in California
Outside California,2021-02-20,3106,208798,2613,105952,493,102846,0,0,1092,113875,2011,47514,1094,161389,Not in California
Outside California,2021-02-21,1789,210587,1583,107535,206,103052,0,0,612,113314,1173,48687,612,162001,Not in California
Outside California,2021-02-22,2704,213291,1886,109421,818,103870,0,0,953,112521,1750,50437,957,162958,Not in California
Outside California,2021-02-23,4990,218281,2494,111915,2496,106366,0,0,1553,110650,3432,53869,1561,164519,Not in California
Outside California,2021-02-24,5148,223429,2523,114438,2625,108991,0,0,1463,108437,3680,57549,1467,165986,Not in California
Outside California,2021-02-25,5700,229129,2490,116928,3210,112201,0,0,2069,106900,3611,61160,2074,168060,Not in California
Outside California,2021-02-26,5842,234971,2920,119848,2922,115123,0,0,2383,105904,3380,64540,2384,170444,Not in California
Outside California,2021-02-27,4464,239435,2231,122079,2232,117355,1,1,1206,103866,3247,67787,1209,171653,Not in California
Outside California,2021-02-28,2612,242047,2002,124081,610,117965,0,1,996,103249,1614,69401,997,172650,Not in California
Outside California,2021-03-01,4441,246488,2936,127017,1505,119470,0,1,1110,101048,3324,72725,1123,173773,Not in California
Outside California,2021-03-02,5903,252391,1931,128948,3972,123442,0,1,1626,98482,4282,77007,1716,175489,Not in California
Outside California,2021-03-03,6794,259185,2213,131161,4580,128022,1,2,1786,95265,5014,82021,1797,177286,Not in California
Outside California,2021-03-04,5910,265095,2247,133408,3662,131684,1,3,1777,92963,4097,86118,1795,179081,Not in California
Outside California,2021-03-05,4175,269270,1778,135186,2386,134070,11,14,2041,92884,2139,88257,2060,181141,Not in California
Outside California,2021-03-06,3958,273228,1653,136839,2155,136225,150,164,1858,92879,2089,90346,2084,183225,Not in California
Outside California,2021-03-07,1520,274748,984,137823,483,136708,53,217,888,93206,631,90977,958,184183,Not in California
Outside California,2021-03-08,2606,277354,1519,139342,840,137548,247,464,1847,94574,727,91704,2095,186278,Not in California
Outside California,2021-03-09,3840,281194,1804,141146,1726,139274,310,774,2157,95382,1678,93382,2486,188764,Not in California
Outside California,2021-03-10,3492,284686,1389,142535,1616,140890,487,1261,1976,96350,1502,94884,2470,191234,Not in California
Outside California,2021-03-11,5446,290132,2652,145187,2130,143020,664,1925,2853,97281,2591,97475,3522,194756,Not in California
Outside California,2021-03-12,5212,295344,2842,148029,1683,144703,687,2612,2875,98516,2328,99803,3563,198319,Not in California
Outside California,2021-03-13,3323,298667,1857,149886,1006,145709,460,3072,2218,100096,1099,100902,2679,200998,Not in California
Outside California,2021-03-14,1829,300496,899,150785,602,146311,328,3400,1083,100768,746,101648,1418,202416,Not in California
Outside California,2021-03-15,3116,303612,1355,152140,1375,147686,386,3786,1838,101723,1274,102922,2229,204645,Not in California
Outside California,2021-03-16,6063,309675,3077,155217,2645,150331,341,4127,3497,102996,2564,105486,3837,208482,Not in California
Outside California,2021-03-17,6344,316019,3490,158707,2509,152840,345,4472,3868,104737,2474,107960,4215,212697,Not in California
Outside California,2021-03-18,6612,322631,3658,162365,2441,155281,513,4985,4093,106869,2511,110471,4643,217340,Not in California
Outside California,2021-03-19,5681,328312,3185,165550,1964,157245,532,5517,3529,108784,2150,112621,4065,221405,Not in California
Outside California,2021-03-20,3706,332018,2518,168068,1110,158355,78,5595,3013,111187,688,113309,3091,224496,Not in California
Outside California,2021-03-21,1710,333728,1175,169243,446,158801,89,5684,1325,112218,384,113693,1415,225911,Not in California
Outside California,2021-03-22,2657,336385,1470,170713,1115,159916,72,5756,1758,113155,893,114586,1830,227741,Not in California
Outside California,2021-03-23,5492,341877,2655,173368,2574,162490,263,6019,3850,115637,1631,116217,4113,231854,Not in California
Outside California,2021-03-24,6272,348149,2954,176322,2904,165394,414,6433,4777,119336,1489,117706,5188,237042,Not in California
Outside California,2021-03-25,7136,355285,2982,179304,3674,169068,480,6913,5523,123737,1603,119309,6004,243046,Not in California
Outside California,2021-03-26,5948,361233,3082,182386,2698,171766,168,7081,4226,126421,1710,121019,4394,247440,Not in California
Outside California,2021-03-27,4163,365396,2450,184836,1672,173438,41,7122,2934,128172,1221,122240,2972,250412,Not in California
Outside California,2021-03-28,2506,367902,1248,186084,1184,174622,74,7196,1645,129036,855,123095,1719,252131,Not in California
Outside California,2021-03-29,4383,372285,1900,187984,2228,176850,255,7451,2717,130345,1664,124759,2973,255104,Not in California
Outside California,2021-03-30,5965,378250,3006,190990,2432,179282,527,7978,3730,132387,2224,126983,4266,259370,Not in California
Outside California,2021-03-31,5246,383496,2948,193938,1572,180854,726,8704,3146,134161,2097,129080,3871,263241,Not in California
Outside California,2021-04-01,6096,389592,3399,197337,2074,182928,623,9327,3628,135948,2463,131543,4250,267491,Not in California
Outside California,2021-04-02,7216,396808,3923,201260,2343,185271,950,10277,4013,137715,3198,134741,4965,272456,Not in California
Outside California,2021-04-03,5703,402511,3329,204589,1218,186489,1156,11433,3023,139220,2674,137415,4179,276635,Not in California
Outside California,2021-04-04,1583,404094,799,205388,558,187047,226,11659,870,139604,712,138127,1096,277731,Not in California
Outside California,2021-04-05,3497,407591,1747,207135,1230,188277,520,12179,1703,140038,1791,139918,2225,279956,Not in California
Outside California,2021-04-06,6109,413700,3000,210135,1659,189936,1450,13629,2468,140321,3629,143547,3912,283868,Not in California
Outside California,2021-04-07,7396,421096,3742,213877,1851,191787,1803,15432,3089,140908,4296,147843,4883,288751,Not in California
Outside California,2021-04-08,7595,428691,3764,217641,1822,193609,2009,17441,3218,141762,4365,152208,5219,293970,Not in California
Outside California,2021-04-09,5237,433928,2486,220127,1255,194864,1496,18937,2026,142082,3207,155415,3527,297497,Not in California
Outside California,2021-04-10,4059,437987,1874,222001,825,195689,1360,20297,1274,141934,2778,158193,2630,300127,Not in California
Outside California,2021-04-11,547,438534,285,222286,198,195887,64,20361,268,141988,279,158472,333,300460,Not in California
Unknown,2020-12-17,36,36,36,36,0,0,0,0,1,1,0,0,1,1,Not in California
Unknown,2020-12-18,52,88,52,88,0,0,0,0,2,3,0,0,2,3,Not in California
Unknown,2020-12-21,41,129,41,129,0,0,0,0,0,3,0,0,0,3,Not in California
Unknown,2020-12-26,1,130,1,130,0,0,0,0,1,4,0,0,1,4,Not in California
Unknown,2020-12-28,4,134,4,134,0,0,0,0,4,8,0,0,4,8,Not in California
Unknown,2020-12-29,3,137,3,137,0,0,0,0,3,11,0,0,3,11,Not in California
Unknown,2020-12-30,55,192,55,192,0,0,0,0,55,66,0,0,55,66,Not in California
Unknown,2020-12-31,2,194,0,192,2,2,0,0,0,66,0,0,0,66,Not in California
Unknown,2021-01-02,1,195,0,192,1,3,0,0,1,67,0,0,1,67,Not in California
Unknown,2021-01-04,3,198,3,195,0,3,0,0,2,69,0,0,2,69,Not in California
Unknown,2021-01-05,2,200,0,195,2,5,0,0,2,71,0,0,2,71,Not in California
Unknown,2021-01-06,5,205,4,199,1,6,0,0,4,75,0,0,4,75,Not in California
Unknown,2021-01-07,70,275,69,268,1,7,0,0,70,145,0,0,70,145,Not in California
Unknown,2021-01-09,2,277,2,270,0,7,0,0,3,148,0,0,3,148,Not in California
Unknown,2021-01-11,19,296,19,289,0,7,0,0,18,166,0,0,18,166,Not in California
Unknown,2021-01-12,10,306,9,298,1,8,0,0,8,174,1,1,9,175,Not in California
Unknown,2021-01-13,11,317,11,309,0,8,0,0,13,187,0,1,13,188,Not in California
Unknown,2021-01-14,3,320,3,312,0,8,0,0,3,190,0,1,3,191,Not in California
Unknown,2021-01-15,4,324,3,315,1,9,0,0,5,195,0,1,5,196,Not in California
Unknown,2021-01-16,7,331,7,322,0,9,0,0,6,200,1,2,6,202,Not in California
Unknown,2021-01-17,3,334,3,325,0,9,0,0,3,203,0,2,3,205,Not in California
Unknown,2021-01-18,57,391,57,382,0,9,0,0,55,256,2,4,55,260,Not in California
Unknown,2021-01-19,25,416,25,407,0,9,0,0,23,278,1,5,23,283,Not in California
Unknown,2021-01-20,79,495,79,486,0,9,0,0,27,253,52,57,27,310,Not in California
Unknown,2021-01-21,60,555,58,544,2,11,0,0,62,315,0,57,62,372,Not in California
Unknown,2021-01-22,41,596,35,579,6,17,0,0,40,355,0,57,40,412,Not in California
Unknown,2021-01-23,13,609,7,586,6,23,0,0,12,367,0,57,12,424,Not in California
Unknown,2021-01-24,2,611,2,588,0,23,0,0,3,370,0,57,3,427,Not in California
Unknown,2021-01-25,20,631,18,606,2,25,0,0,17,384,3,60,17,444,Not in California
Unknown,2021-01-26,95,726,95,701,0,25,0,0,98,482,0,60,98,542,Not in California
Unknown,2021-01-27,17,743,17,718,0,25,0,0,16,497,1,61,16,558,Not in California
Unknown,2021-01-28,154,897,152,870,2,27,0,0,98,536,59,120,98,656,Not in California
Unknown,2021-01-29,148,1045,148,1018,0,27,0,0,153,688,1,121,153,809,Not in California
Unknown,2021-01-30,10,1055,8,1026,2,29,0,0,13,700,1,122,13,822,Not in California
Unknown,2021-01-31,17,1072,17,1043,0,29,0,0,17,716,1,123,17,839,Not in California
Unknown,2021-02-01,37,1109,35,1078,2,31,0,0,22,721,17,140,22,861,Not in California
Unknown,2021-02-02,70,1179,68,1146,2,33,0,0,63,778,6,146,63,924,Not in California
Unknown,2021-02-03,48,1227,47,1193,1,34,0,0,36,803,11,157,36,960,Not in California
Unknown,2021-02-04,61,1288,57,1250,4,38,0,0,57,856,4,161,57,1017,Not in California
Unknown,2021-02-05,16,1304,11,1261,5,43,0,0,14,865,5,166,14,1031,Not in California
Unknown,2021-02-06,17,1321,14,1275,3,46,0,0,14,875,6,172,16,1047,Not in California
Unknown,2021-02-07,8,1329,8,1283,0,46,0,0,6,879,2,174,6,1053,Not in California
Unknown,2021-02-08,55,1384,52,1335,3,49,0,0,13,850,42,216,13,1066,Not in California
Unknown,2021-02-09,22,1406,22,1357,0,49,0,0,5,838,17,233,5,1071,Not in California
Unknown,2021-02-10,37,1443,32,1389,5,54,0,0,11,823,26,259,11,1082,Not in California
Unknown,2021-02-11,93,1536,92,1481,1,55,0,0,43,815,51,310,43,1125,Not in California
Unknown,2021-02-12,47,1583,38,1519,9,64,0,0,19,801,33,343,19,1144,Not in California
Unknown,2021-02-13,14,1597,3,1522,11,75,0,0,16,816,1,344,16,1160,Not in California
Unknown,2021-02-14,8,1605,1,1523,7,82,0,0,6,821,1,345,6,1166,Not in California
Unknown,2021-02-15,42,1647,36,1559,6,88,0,0,29,839,11,356,29,1195,Not in California
Unknown,2021-02-16,105,1752,96,1655,9,97,0,0,31,796,74,430,31,1226,Not in California
Unknown,2021-02-17,10,1762,8,1663,2,99,0,0,6,797,5,435,6,1232,Not in California
Unknown,2021-02-18,106,1868,101,1764,5,104,0,0,19,729,87,522,19,1251,Not in California
Unknown,2021-02-19,199,2067,194,1958,5,109,0,0,59,649,139,661,59,1310,Not in California
Unknown,2021-02-20,12,2079,5,1963,7,116,0,0,5,649,5,666,5,1315,Not in California
Unknown,2021-02-21,23,2102,23,1986,0,116,0,0,8,642,15,681,8,1323,Not in California
Unknown,2021-02-22,12,2114,12,1998,0,116,0,0,7,644,5,686,7,1330,Not in California
Unknown,2021-02-23,62,2176,50,2048,12,128,0,0,15,612,47,733,15,1345,Not in California
Unknown,2021-02-24,44,2220,36,2084,8,136,0,0,14,596,30,763,14,1359,Not in California
Unknown,2021-02-25,74,2294,60,2144,14,150,0,0,26,574,48,811,26,1385,Not in California
Unknown,2021-02-26,42,2336,26,2170,16,166,0,0,27,588,13,824,27,1412,Not in California
Unknown,2021-02-27,27,2363,13,2183,14,180,0,0,20,600,8,832,20,1432,Not in California
Unknown,2021-02-28,17,2380,13,2196,4,184,0,0,10,605,5,837,10,1442,Not in California
Unknown,2021-03-01,43,2423,25,2221,18,202,0,0,24,610,19,856,24,1466,Not in California
Unknown,2021-03-02,17,2440,6,2227,11,213,0,0,9,613,6,862,9,1475,Not in California
Unknown,2021-03-03,18,2458,9,2236,9,222,0,0,13,621,5,867,13,1488,Not in California
Unknown,2021-03-04,55,2513,51,2287,4,226,0,0,24,614,31,898,24,1512,Not in California
Unknown,2021-03-05,28,2541,13,2300,15,241,0,0,34,642,6,904,34,1546,Not in California
Unknown,2021-03-06,31,2572,10,2310,19,260,2,2,22,657,9,913,24,1570,Not in California
Unknown,2021-03-07,9,2581,1,2311,8,268,0,2,5,659,3,916,5,1575,Not in California
Unknown,2021-03-08,34,2615,24,2335,8,276,2,4,9,644,26,942,11,1586,Not in California
Unknown,2021-03-09,39,2654,32,2367,3,279,4,8,12,630,30,972,16,1602,Not in California
Unknown,2021-03-10,9,2663,6,2373,1,280,2,10,5,632,5,977,7,1609,Not in California
Unknown,2021-03-11,40,2703,13,2386,10,290,17,27,17,642,24,1001,34,1643,Not in California
Unknown,2021-03-12,97,2800,56,2442,25,315,16,43,27,615,70,1071,43,1686,Not in California
Unknown,2021-03-13,47,2847,4,2446,35,350,8,51,26,630,19,1090,34,1720,Not in California
Unknown,2021-03-14,63,2910,19,2465,39,389,5,56,45,662,18,1108,50,1770,Not in California
Unknown,2021-03-15,30,2940,12,2477,16,405,2,58,19,670,13,1121,21,1791,Not in California
Unknown,2021-03-16,60,3000,21,2498,36,441,3,61,41,696,18,1139,44,1835,Not in California
Unknown,2021-03-17,45,3045,12,2510,32,473,1,62,42,735,4,1143,43,1878,Not in California
Unknown,2021-03-18,45,3090,22,2532,23,496,0,62,31,753,13,1156,31,1909,Not in California
Unknown,2021-03-19,29,3119,21,2553,8,504,0,62,20,762,11,1167,20,1929,Not in California
Unknown,2021-03-20,28,3147,13,2566,15,519,0,62,18,769,11,1178,18,1947,Not in California
Unknown,2021-03-21,21,3168,16,2582,5,524,0,62,18,784,3,1181,18,1965,Not in California
Unknown,2021-03-22,29,3197,16,2598,12,536,1,63,17,790,12,1193,18,1983,Not in California
Unknown,2021-03-23,25,3222,10,2608,10,546,5,68,14,798,11,1204,19,2002,Not in California
Unknown,2021-03-24,24,3246,7,2615,17,563,0,68,19,812,5,1209,19,2021,Not in California
Unknown,2021-03-25,44,3290,30,2645,14,577,0,68,31,830,13,1222,31,2052,Not in California
Unknown,2021-03-26,36,3326,17,2662,14,591,5,73,20,839,16,1238,25,2077,Not in California
Unknown,2021-03-27,35,3361,10,2672,25,616,0,73,17,838,18,1256,17,2094,Not in California
Unknown,2021-03-28,16,3377,8,2680,8,624,0,73,12,846,4,1260,12,2106,Not in California
Unknown,2021-03-29,50,3427,30,2710,20,644,0,73,37,870,13,1273,37,2143,Not in California
Unknown,2021-03-30,45,3472,30,2740,15,659,0,73,33,891,12,1285,33,2176,Not in California
Unknown,2021-03-31,47,3519,33,2773,14,673,0,73,37,918,10,1295,37,2213,Not in California
Unknown,2021-04-01,33,3552,20,2793,13,686,0,73,28,941,5,1300,28,2241,Not in California
Unknown,2021-04-02,59,3611,18,2811,37,723,4,77,31,948,28,1328,35,2276,Not in California
Unknown,2021-04-03,26,3637,17,2828,9,732,0,77,16,954,10,1338,16,2292,Not in California
Unknown,2021-04-04,16,3653,5,2833,11,743,0,77,10,959,5,1343,10,2302,Not in California
Unknown,2021-04-05,185,3838,148,2981,13,756,24,101,146,1090,38,1381,169,2471,Not in California
Unknown,2021-04-06,399,4237,231,3212,132,888,36,137,340,1408,58,1439,376,2847,Not in California
Unknown,2021-04-07,434,4671,271,3483,116,1004,47,184,372,1766,61,1500,419,3266,Not in California
Unknown,2021-04-08,413,5084,253,3736,105,1109,55,239,341,2090,72,1572,396,3662,Not in California
Unknown,2021-04-09,347,5431,225,3961,85,1194,37,276,301,2382,46,1618,338,4000,Not in California
Unknown,2021-04-10,240,5671,177,4138,23,1217,40,316,179,2541,60,1678,219,4219,Not in California
Alameda,2020-12-15,36,36,36,36,0,0,0,0,36,36,0,0,36,36,California
Alameda,2020-12-16,201,237,201,237,0,0,0,0,201,237,0,0,201,237,California
Alameda,2020-12-17,396,633,396,633,0,0,0,0,396,633,0,0,396,633,California
Alameda,2020-12-18,1776,2409,1775,2408,1,1,0,0,1776,2409,0,0,1776,2409,California
Alameda,2020-12-19,1440,3849,1440,3848,0,1,0,0,1440,3849,0,0,1440,3849,California
Alameda,2020-12-20,1181,5030,1180,5028,1,2,0,0,1180,5028,1,1,1180,5029,California
Alameda,2020-12-21,1855,6885,1854,6882,1,3,0,0,1854,6882,0,1,1854,6883,California
Alameda,2020-12-22,2094,8979,2043,8925,51,54,0,0,2094,8976,0,1,2094,8977,California
Alameda,2020-12-23,1925,10904,1670,10595,255,309,0,0,1925,10901,0,1,1925,10902,California
Alameda,2020-12-24,1218,12122,759,11354,459,768,0,0,1218,12119,0,1,1218,12120,California
Alameda,2020-12-25,166,12288,129,11483,37,805,0,0,166,12285,0,1,166,12286,California
Alameda,2020-12-26,867,13155,323,11806,544,1349,0,0,867,13152,0,1,867,13153,California
Alameda,2020-12-27,500,13655,256,12062,244,1593,0,0,500,13652,0,1,500,13653,California
Alameda,2020-12-28,1875,15530,949,13011,926,2519,0,0,1875,15527,0,1,1875,15528,California
Alameda,2020-12-29,2419,17949,1019,14030,1400,3919,0,0,2418,17945,0,1,2418,17946,California
Alameda,2020-12-30,3126,21075,1360,15390,1766,5685,0,0,3126,21071,0,1,3126,21072,California
Alameda,2020-12-31,1785,22860,439,15829,1346,7031,0,0,1784,22854,1,2,1784,22856,California
Alameda,2021-01-01,166,23026,66,15895,100,7131,0,0,166,23020,0,2,166,23022,California
Alameda,2021-01-02,717,23743,520,16415,197,7328,0,0,716,23736,0,2,716,23738,California
Alameda,2021-01-03,340,24083,219,16634,121,7449,0,0,337,24070,3,5,337,24075,California
Alameda,2021-01-04,1650,25733,946,17580,704,8153,0,0,1638,25697,11,16,1638,25713,California
Alameda,2021-01-05,2198,27931,1263,18843,935,9088,0,0,1961,27424,234,250,1961,27674,California
Alameda,2021-01-06,3251,31182,1788,20631,1463,10551,0,0,2415,29008,833,1083,2417,30091,California
Alameda,2021-01-07,3784,34966,2139,22770,1645,12196,0,0,2657,30551,1118,2201,2661,32752,California
Alameda,2021-01-08,4746,39712,2716,25486,2030,14226,0,0,3105,32024,1636,3837,3109,35861,California
Alameda,2021-01-09,2033,41745,1390,26876,643,14869,0,0,1169,32329,864,4701,1169,37030,California
Alameda,2021-01-10,1057,42802,839,27715,218,15087,0,0,422,32115,636,5337,422,37452,California
Alameda,2021-01-11,4627,47429,3499,31214,1128,16215,0,0,2840,33174,1787,7124,2846,40298,California
Alameda,2021-01-12,4813,52242,3239,34453,1574,17789,0,0,3425,35214,1387,8511,3427,43725,California
Alameda,2021-01-13,5012,57254,2650,37103,2362,20151,0,0,3835,37877,1173,9684,3836,47561,California
Alameda,2021-01-14,5603,62857,2738,39841,2865,23016,0,0,4716,41717,878,10562,4718,52279,California
Alameda,2021-01-15,5818,68675,2308,42149,3510,26526,0,0,5056,46021,755,11317,5059,57338,California
Alameda,2021-01-16,3009,71684,1413,43562,1596,28122,0,0,2738,48489,271,11588,2739,60077,California
Alameda,2021-01-17,1862,73546,1079,44641,783,28905,0,0,1659,49946,203,11791,1660,61737,California
Alameda,2021-01-18,3187,76733,2047,46688,1140,30045,0,0,2599,51966,584,12375,2604,64341,California
Alameda,2021-01-19,5511,82244,3326,50014,2185,32230,0,0,4327,55113,1182,13557,4329,68670,California
Alameda,2021-01-20,6615,88859,4022,54036,2593,34823,0,0,5322,59158,1281,14838,5326,73996,California
Alameda,2021-01-21,7727,96586,3382,57418,4345,39168,0,0,6901,65242,820,15658,6904,80900,California
Alameda,2021-01-22,6898,103484,2029,59447,4869,44037,0,0,5760,69873,1131,16789,5762,86662,California
Alameda,2021-01-23,3277,106761,941,60388,2336,46373,0,0,2727,72051,551,17340,2729,89391,California
Alameda,2021-01-24,2050,108811,657,61045,1393,47766,0,0,1773,73551,273,17613,1773,91164,California
Alameda,2021-01-25,5205,114016,1987,63032,3218,50984,0,0,3624,75602,1573,19186,3624,94788,California
Alameda,2021-01-26,7213,121229,2266,65298,4947,55931,0,0,5365,79127,1841,21027,5366,100154,California
Alameda,2021-01-27,6664,127893,2078,67376,4586,60517,0,0,4825,82124,1828,22855,4825,104979,California
Alameda,2021-01-28,7811,135704,2494,69870,5317,65834,0,0,5610,85549,2186,25041,5611,110590,California
Alameda,2021-01-29,7890,143594,3174,73044,4716,70550,0,0,6070,89808,1811,26852,6070,116660,California
Alameda,2021-01-30,3403,146997,1662,74706,1741,72291,0,0,2704,91818,694,27546,2704,119364,California
Alameda,2021-01-31,1904,148901,965,75671,939,73230,0,0,1663,93242,239,27785,1663,121027,California
Alameda,2021-02-01,5941,154842,3347,79018,2594,75824,0,0,4309,95926,1626,29411,4310,125337,California
Alameda,2021-02-02,7442,162284,4238,83256,3204,79028,0,0,4658,97812,2773,32184,4659,129996,California
Alameda,2021-02-03,7072,169356,3727,86983,3345,82373,0,0,4406,99564,2660,34844,4412,134408,California
Alameda,2021-02-04,9476,178832,4130,91113,5346,87719,0,0,6436,102982,3023,37867,6441,140849,California
Alameda,2021-02-05,10311,189143,5384,96497,4927,92646,0,0,6449,105582,3856,41723,6456,147305,California
Alameda,2021-02-06,6995,196138,4435,100932,2560,95206,0,0,5875,110338,1120,42843,5876,153181,California
Alameda,2021-02-07,3584,199722,2897,103829,687,95893,0,0,2648,112055,933,43776,2650,155831,California
Alameda,2021-02-08,8079,207801,5778,109607,2301,98194,0,0,5541,115070,2528,46304,5543,161374,California
Alameda,2021-02-09,9692,217493,5851,115458,3841,102035,0,0,6048,117483,3637,49941,6050,167424,California
Alameda,2021-02-10,11439,228932,6769,122227,4670,106705,0,0,6635,119339,4787,54728,6643,174067,California
Alameda,2021-02-11,13825,242757,7903,130130,5922,112627,0,0,8367,122266,5444,60172,8371,182438,California
Alameda,2021-02-12,12490,255247,5682,135812,6808,119435,0,0,7740,125273,4735,64907,7742,190180,California
Alameda,2021-02-13,7791,263038,4060,139872,3731,123166,0,0,5834,129156,1953,66860,5836,196016,California
Alameda,2021-02-14,4019,267057,2536,142408,1483,124649,0,0,2862,130866,1154,68014,2864,198880,California
Alameda,2021-02-15,5699,272756,3218,145626,2481,127130,0,0,3694,132564,2003,70017,3701,202581,California
Alameda,2021-02-16,12500,285256,6942,152568,5558,132688,0,0,9307,138692,3184,73201,9312,211893,California
Alameda,2021-02-17,14086,299342,8343,160911,5743,138431,0,0,10479,145584,3589,76790,10481,222374,California
Alameda,2021-02-18,15823,315165,10047,170958,5776,144207,0,0,11505,152776,4315,81105,11507,233881,California
Alameda,2021-02-19,17603,332768,11421,182379,6182,150389,0,0,11677,158549,5905,87010,11678,245559,California
Alameda,2021-02-20,11838,344606,9596,191975,2242,152631,0,0,9141,165000,2695,89705,9146,254705,California
Alameda,2021-02-21,6153,350759,5226,197201,927,153558,0,0,3701,166260,2443,92148,3703,258408,California
Alameda,2021-02-22,10667,361426,7897,205098,2770,156328,0,0,6721,169058,3933,96081,6731,265139,California
Alameda,2021-02-23,12681,374107,7704,212802,4977,161305,0,0,7897,172186,4775,100856,7903,273042,California
Alameda,2021-02-24,14631,388738,8193,220995,6438,167743,0,0,9489,176595,5085,105941,9494,282536,California
Alameda,2021-02-25,15585,404323,9124,230119,6461,174204,0,0,9937,180921,5617,111558,9943,292479,California
Alameda,2021-02-26,18046,422369,10612,240731,7434,181638,0,0,11691,186302,6313,117871,11694,304173,California
Alameda,2021-02-27,14681,437050,10801,251532,3878,185516,2,2,9095,189837,5563,123434,9098,313271,California
Alameda,2021-02-28,9148,446198,7710,259242,1438,186954,0,2,6082,192873,3047,126481,6083,319354,California
Alameda,2021-03-01,13187,459385,9174,268416,4013,190967,0,2,8192,196115,4955,131436,8197,327551,California
Alameda,2021-03-02,13694,473079,9529,277945,4165,195132,0,2,8807,200063,4868,136304,8816,336367,California
Alameda,2021-03-03,15089,488168,9799,287744,5290,200422,0,2,10268,205537,4796,141100,10270,346637,California
Alameda,2021-03-04,17212,505380,11017,298761,6194,206616,1,3,10842,210044,6336,147436,10843,357480,California
Alameda,2021-03-05,15768,521148,10190,308951,5571,212187,7,10,10578,215484,5150,152586,10590,368070,California
Alameda,2021-03-06,14173,535321,9925,318876,3989,216176,259,269,9311,220237,4818,157404,9571,377641,California
Alameda,2021-03-07,9239,544560,8041,326917,1118,217294,80,349,6524,224153,2690,160094,6606,384247,California
Alameda,2021-03-08,11539,556099,7128,334045,4064,221358,347,696,8619,230250,2868,162962,8965,393212,California
Alameda,2021-03-09,11239,567338,6941,340986,3871,225229,427,1123,6227,231926,4981,167943,6657,399869,California
Alameda,2021-03-10,16561,583899,11271,352257,4743,229972,547,1670,7500,230932,9039,176982,8045,407914,California
Alameda,2021-03-11,19660,603559,11505,363762,6472,236444,1683,3353,6720,226419,12916,189898,8403,416317,California
Alameda,2021-03-12,20894,624453,12180,375942,7098,243542,1616,4969,7391,221935,13484,203382,9000,425317,California
Alameda,2021-03-13,15690,640143,10055,385997,4670,248212,965,5934,5049,217340,10606,213988,6011,431328,California
Alameda,2021-03-14,10649,650792,7792,393789,2076,250288,781,6715,4670,216822,5964,219952,5446,436774,California
Alameda,2021-03-15,14235,665027,9305,403094,4418,254706,512,7227,6324,215772,7883,227835,6833,443607,California
Alameda,2021-03-16,17015,682042,11058,414152,5438,260144,519,7746,7477,214277,9492,237327,7997,451604,California
Alameda,2021-03-17,17246,699288,9720,423872,6836,266980,690,8436,8082,213913,9137,246464,8773,460377,California
Alameda,2021-03-18,18929,718217,10287,434159,7768,274748,874,9310,8682,213251,10220,256684,9558,469935,California
Alameda,2021-03-19,18948,737165,10263,444422,6896,281644,1789,11099,7565,211259,11340,268024,9348,479283,California
Alameda,2021-03-20,15516,752681,10142,454564,4561,286205,813,11912,6482,209544,9009,277033,7294,486577,California
Alameda,2021-03-21,8993,761674,7059,461623,1405,287610,529,12441,3734,208558,5250,282283,4264,490841,California
Alameda,2021-03-22,14791,776465,9961,471584,3855,291465,975,13416,7144,209047,7630,289913,8119,498960,California
Alameda,2021-03-23,18956,795421,11407,482991,6757,298222,792,14208,10658,212241,8261,298174,11455,510415,California
Alameda,2021-03-24,18814,814235,11313,494304,6527,304749,974,15182,8555,211556,10207,308381,9522,519937,California
Alameda,2021-03-25,20165,834400,11125,505429,7693,312442,1347,16529,9498,211785,10607,318988,10836,530773,California
Alameda,2021-03-26,20537,854937,12299,517728,6713,319155,1525,18054,8800,210407,11696,330684,10318,541091,California
Alameda,2021-03-27,18072,873009,12272,530000,4846,324001,954,19008,7792,208901,10238,340922,8732,549823,California
Alameda,2021-03-28,10405,883414,8433,538433,1771,325772,201,19209,3836,206383,6561,347483,4043,553866,California
Alameda,2021-03-29,14507,897921,9247,547680,4284,330056,976,20185,6257,205391,8223,355706,7231,561097,California
Alameda,2021-03-30,18290,916211,9621,557301,7029,337085,1640,21825,10801,210365,7465,363171,12439,573536,California
Alameda,2021-03-31,19058,935269,10011,567312,7011,344096,2036,23861,9547,212460,9485,372656,11580,585116,California
Alameda,2021-04-01,22711,957980,9892,577204,7414,351510,5405,29266,10904,216986,11783,384439,16309,601425,California
Alameda,2021-04-02,23383,981363,9755,586959,8197,359707,5431,34697,11509,222068,11849,396288,16931,618356,California
Alameda,2021-04-03,20000,1001363,9692,596651,5642,365349,4666,39363,10264,227281,9719,406007,14932,633288,California
Alameda,2021-04-04,9591,1010954,3843,600494,2273,367622,3475,42838,3425,228018,6160,412167,6897,640185,California
Alameda,2021-04-05,17375,1028329,7171,607665,5495,373117,4709,47547,6990,229346,10370,422537,11698,651883,California
Alameda,2021-04-06,21950,1050279,10507,618172,5671,378788,5772,53319,10023,233244,11896,434433,15794,667677,California
Alameda,2021-04-07,22210,1072489,11299,629471,5433,384221,5478,58797,11261,239059,10921,445354,16736,684413,California
Alameda,2021-04-08,24578,1097067,11039,640510,5781,390002,7758,66555,10450,243204,14064,459418,18209,702622,California
Alameda,2021-04-09,17628,1114695,8797,649307,6908,396910,1923,68478,10818,249161,6792,466210,12749,715371,California
Alameda,2021-04-10,12113,1126808,4747,654054,4922,401832,2444,70922,6239,251987,5861,472071,8687,724058,California
Alameda,2021-04-11,3941,1130749,1646,655700,1673,403505,622,71544,2354,253382,1581,473652,2976,727034,California
Alpine,2020-12-18,2,2,2,2,0,0,0,0,2,2,0,0,2,2,California
Alpine,2020-12-19,2,4,2,4,0,0,0,0,2,4,0,0,2,4,California
Alpine,2020-12-21,2,6,2,6,0,0,0,0,2,6,0,0,2,6,California
Alpine,2020-12-30,15,21,0,6,15,15,0,0,15,21,0,0,15,21,California
Alpine,2020-12-31,1,22,0,6,1,16,0,0,1,22,0,0,1,22,California
Alpine,2021-01-01,1,23,0,6,1,17,0,0,1,23,0,0,1,23,California
Alpine,2021-01-02,1,24,1,7,0,17,0,0,1,24,0,0,1,24,California
Alpine,2021-01-04,10,34,0,7,10,27,0,0,10,34,0,0,10,34,California
Alpine,2021-01-05,9,43,1,8,8,35,0,0,9,43,0,0,9,43,California
Alpine,2021-01-06,31,74,0,8,31,66,0,0,31,74,0,0,31,74,California
Alpine,2021-01-07,8,82,0,8,8,74,0,0,8,82,0,0,8,82,California
Alpine,2021-01-08,4,86,2,10,2,76,0,0,2,82,2,2,2,84,California
Alpine,2021-01-09,2,88,2,12,0,76,0,0,0,80,2,4,0,84,California
Alpine,2021-01-11,32,120,1,13,31,107,0,0,31,110,1,5,31,115,California
Alpine,2021-01-13,35,155,0,13,35,142,0,0,35,145,0,5,35,150,California
Alpine,2021-01-14,2,157,0,13,2,144,0,0,2,147,0,5,2,152,California
Alpine,2021-01-15,1,158,0,13,1,145,0,0,1,148,0,5,1,153,California
Alpine,2021-01-20,21,179,0,13,21,166,0,0,21,169,0,5,21,174,California
Alpine,2021-01-21,1,180,0,13,1,167,0,0,1,170,0,5,1,175,California
Alpine,2021-01-22,32,212,0,13,32,199,0,0,32,202,0,5,32,207,California
Alpine,2021-01-23,1,213,1,14,0,199,0,0,0,201,1,6,0,207,California
Alpine,2021-01-25,16,229,0,14,16,215,0,0,16,217,0,6,16,223,California
Alpine,2021-01-27,1,230,1,15,0,215,0,0,0,216,1,7,0,223,California
Alpine,2021-01-28,12,242,0,15,12,227,0,0,11,226,1,8,11,234,California
Alpine,2021-01-29,1,243,0,15,1,228,0,0,1,227,0,8,1,235,California
Alpine,2021-02-01,26,269,0,15,26,254,0,0,7,215,19,27,7,242,California
Alpine,2021-02-03,34,303,0,15,34,288,0,0,10,201,24,51,10,252,California
Alpine,2021-02-04,9,312,0,15,9,297,0,0,4,200,5,56,4,256,California
Alpine,2021-02-05,31,343,0,15,31,328,0,0,12,193,19,75,12,268,California
Alpine,2021-02-06,1,344,1,16,0,328,0,0,1,194,0,75,1,269,California
Alpine,2021-02-07,1,345,1,17,0,328,0,0,1,195,0,75,1,270,California
Alpine,2021-02-08,32,377,0,17,32,360,0,0,4,171,28,103,4,274,California
Alpine,2021-02-10,34,411,0,17,34,394,0,0,0,137,34,137,0,274,California
Alpine,2021-02-11,6,417,0,17,6,400,0,0,3,137,3,140,3,277,California
Alpine,2021-02-12,1,418,0,17,1,401,0,0,0,136,1,141,0,277,California
Alpine,2021-02-17,23,441,0,17,23,424,0,0,3,119,20,161,3,280,California
Alpine,2021-02-18,2,443,0,17,2,426,0,0,1,119,1,162,1,281,California
Alpine,2021-02-19,34,477,1,18,33,459,0,0,2,89,32,194,2,283,California
Alpine,2021-02-22,28,505,0,18,28,487,0,0,9,79,19,213,9,292,California
Alpine,2021-02-24,1,506,1,19,0,487,0,0,1,80,0,213,1,293,California
Alpine,2021-02-25,17,523,1,20,16,503,0,0,6,75,11,224,6,299,California
Alpine,2021-02-26,29,552,1,21,28,531,0,0,28,102,1,225,28,327,California
Alpine,2021-03-01,35,587,0,21,35,566,0,0,25,117,10,235,25,352,California
Alpine,2021-03-02,1,588,1,22,0,566,0,0,0,116,1,236,0,352,California
Alpine,2021-03-03,29,617,1,23,28,594,0,0,17,121,12,248,17,369,California
Alpine,2021-03-04,13,630,1,24,12,606,0,0,12,132,1,249,12,381,California
Alpine,2021-03-05,30,660,0,24,30,636,0,0,22,146,8,257,22,403,California
Alpine,2021-03-08,31,691,0,24,31,667,0,0,29,173,2,259,29,432,California
Alpine,2021-03-10,75,766,0,24,75,742,0,0,75,248,0,259,75,507,California
Alpine,2021-03-11,36,802,0,24,36,778,0,0,32,276,4,263,32,539,California
Alpine,2021-03-12,21,823,0,24,21,799,0,0,19,293,2,265,19,558,California
Alpine,2021-03-15,21,844,1,25,20,819,0,0,20,312,1,266,20,578,California
Alpine,2021-03-17,22,866,0,25,21,840,1,1,18,327,4,270,19,597,California
Alpine,2021-03-18,40,906,3,28,37,877,0,1,37,361,3,273,37,634,California
Alpine,2021-03-19,2,908,1,29,1,878,0,1,1,361,1,274,1,635,California
Alpine,2021-03-22,25,933,0,29,25,903,0,1,15,366,10,284,15,650,California
Alpine,2021-03-24,19,952,0,29,19,922,0,1,9,365,10,294,9,659,California
Alpine,2021-03-25,38,990,1,30,36,958,1,2,31,390,7,301,32,691,California
Alpine,2021-03-28,1,991,1,31,0,958,0,2,1,391,0,301,1,692,California
Alpine,2021-03-29,20,1011,0,31,19,977,1,3,3,378,17,318,4,696,California
Alpine,2021-04-01,18,1029,0,31,18,995,0,3,8,376,10,328,8,704,California
Alpine,2021-04-02,101,1130,1,32,100,1095,0,3,48,372,52,380,48,752,California
Alpine,2021-04-05,4,1134,1,33,3,1098,0,3,0,368,4,384,0,752,California
Alpine,2021-04-06,3,1137,2,35,1,1099,0,3,2,369,1,385,2,754,California
Alpine,2021-04-07,42,1179,0,35,41,1140,1,4,20,370,21,406,22,776,California
Alpine,2021-04-08,42,1221,0,35,42,1182,0,4,15,358,27,433,15,791,California
Alpine,2021-04-09,1,1222,0,35,1,1183,0,4,0,357,1,434,0,791,California
Amador,2020-12-16,2,2,2,2,0,0,0,0,2,2,0,0,2,2,California
Amador,2020-12-17,5,7,5,7,0,0,0,0,5,7,0,0,5,7,California
Amador,2020-12-18,44,51,44,51,0,0,0,0,44,51,0,0,44,51,California
Amador,2020-12-19,17,68,17,68,0,0,0,0,17,68,0,0,17,68,California
Amador,2020-12-20,4,72,4,72,0,0,0,0,4,72,0,0,4,72,California
Amador,2020-12-21,33,105,33,105,0,0,0,0,33,105,0,0,33,105,California
Amador,2020-12-22,35,140,34,139,1,1,0,0,35,140,0,0,35,140,California
Amador,2020-12-23,39,179,38,177,1,2,0,0,39,179,0,0,39,179,California
Amador,2020-12-24,5,184,3,180,2,4,0,0,5,184,0,0,5,184,California
Amador,2020-12-26,6,190,5,185,1,5,0,0,6,190,0,0,6,190,California
Amador,2020-12-27,1,191,0,185,1,6,0,0,1,191,0,0,1,191,California
Amador,2020-12-28,31,222,27,212,4,10,0,0,31,222,0,0,31,222,California
Amador,2020-12-29,26,248,19,231,7,17,0,0,26,248,0,0,26,248,California
Amador,2020-12-30,123,371,77,308,46,63,0,0,123,371,0,0,123,371,California
Amador,2020-12-31,193,564,168,476,25,88,0,0,193,564,0,0,193,564,California
Amador,2021-01-01,1,565,0,476,1,89,0,0,1,565,0,0,1,565,California
Amador,2021-01-02,56,621,56,532,0,89,0,0,56,621,0,0,56,621,California
Amador,2021-01-03,65,686,17,549,48,137,0,0,65,686,0,0,65,686,California
Amador,2021-01-04,125,811,1,550,124,261,0,0,124,809,1,1,124,810,California
Amador,2021-01-05,33,844,3,553,30,291,0,0,31,839,2,3,32,842,California
Amador,2021-01-06,40,884,10,563,30,321,0,0,36,871,4,7,36,878,California
Amador,2021-01-07,227,1111,68,631,159,480,0,0,215,1074,12,19,215,1093,California
Amador,2021-01-08,84,1195,70,701,14,494,0,0,40,1071,44,63,41,1134,California
Amador,2021-01-09,11,1206,11,712,0,494,0,0,2,1064,9,72,2,1136,California
Amador,2021-01-10,7,1213,5,717,2,496,0,0,3,1063,4,76,3,1139,California
Amador,2021-01-11,124,1337,44,761,80,576,0,0,89,1117,35,111,89,1228,California
Amador,2021-01-12,62,1399,48,809,14,590,0,0,39,1133,23,134,39,1267,California
Amador,2021-01-13,39,1438,24,833,15,605,0,0,26,1146,13,147,26,1293,California
Amador,2021-01-14,146,1584,20,853,126,731,0,0,136,1272,10,157,136,1429,California
Amador,2021-01-15,54,1638,23,876,31,762,0,0,47,1312,7,164,47,1476,California
Amador,2021-01-16,19,1657,12,888,7,769,0,0,13,1320,6,170,14,1490,California
Amador,2021-01-17,25,1682,5,893,20,789,0,0,25,1345,0,170,25,1515,California
Amador,2021-01-18,31,1713,27,920,4,793,0,0,9,1332,22,192,9,1524,California
Amador,2021-01-19,120,1833,97,1017,23,816,0,0,76,1364,44,236,76,1600,California
Amador,2021-01-20,182,2015,33,1050,149,965,0,0,166,1515,15,251,166,1766,California
Amador,2021-01-21,253,2268,222,1272,31,996,0,0,144,1550,109,360,144,1910,California
Amador,2021-01-22,132,2400,71,1343,61,1057,0,0,126,1670,6,366,126,2036,California
Amador,2021-01-23,52,2452,32,1375,20,1077,0,0,50,1718,2,368,50,2086,California
Amador,2021-01-24,28,2480,12,1387,16,1093,0,0,25,1740,3,371,25,2111,California
Amador,2021-01-25,58,2538,28,1415,30,1123,0,0,41,1764,17,388,41,2152,California
Amador,2021-01-26,243,2781,16,1431,227,1350,0,0,233,1987,10,398,233,2385,California
Amador,2021-01-27,295,3076,29,1460,266,1616,0,0,248,2191,45,443,249,2634,California
Amador,2021-01-28,345,3421,76,1536,269,1885,0,0,284,2415,61,504,285,2919,California
Amador,2021-01-29,94,3515,30,1566,64,1949,0,0,79,2479,15,519,79,2998,California
Amador,2021-01-30,166,3681,32,1598,134,2083,0,0,161,2635,5,524,161,3159,California
Amador,2021-01-31,32,3713,28,1626,4,2087,0,0,31,2665,1,525,31,3190,California
Amador,2021-02-01,63,3776,23,1649,40,2127,0,0,36,2674,27,552,36,3226,California
Amador,2021-02-02,215,3991,65,1714,150,2277,0,0,127,2717,84,636,127,3353,California
Amador,2021-02-03,141,4132,38,1752,103,2380,0,0,90,2757,50,686,90,3443,California
Amador,2021-02-04,247,4379,71,1823,176,2556,0,0,162,2836,85,771,164,3607,California
Amador,2021-02-05,328,4707,61,1884,267,2823,0,0,313,3134,15,786,313,3920,California
Amador,2021-02-06,98,4805,79,1963,19,2842,0,0,94,3224,4,790,94,4014,California
Amador,2021-02-07,38,4843,35,1998,3,2845,0,0,35,3256,3,793,35,4049,California
Amador,2021-02-08,91,4934,63,2061,28,2873,0,0,73,3311,18,811,73,4122,California
Amador,2021-02-09,171,5105,82,2143,89,2962,0,0,108,3356,63,874,108,4230,California
Amador,2021-02-10,713,5818,78,2221,635,3597,0,0,680,4003,33,907,680,4910,California
Amador,2021-02-11,303,6121,118,2339,185,3782,0,0,198,4097,104,1011,198,5108,California
Amador,2021-02-12,321,6442,117,2456,204,3986,0,0,250,4276,71,1082,250,5358,California
Amador,2021-02-13,164,6606,81,2537,83,4069,0,0,138,4388,26,1108,138,5496,California
Amador,2021-02-14,123,6729,54,2591,69,4138,0,0,106,4477,17,1125,106,5602,California
Amador,2021-02-15,186,6915,59,2650,127,4265,0,0,169,4630,16,1141,169,5771,California
Amador,2021-02-16,408,7323,51,2701,357,4622,0,0,371,4965,37,1178,372,6143,California
Amador,2021-02-17,258,7581,80,2781,178,4800,0,0,163,5033,95,1273,163,6306,California
Amador,2021-02-18,398,7979,98,2879,300,5100,0,0,336,5308,62,1335,337,6643,California
Amador,2021-02-19,191,8170,76,2955,115,5215,0,0,110,5337,81,1416,110,6753,California
Amador,2021-02-20,91,8261,29,2984,62,5277,0,0,64,5374,27,1443,64,6817,California
Amador,2021-02-21,45,8306,34,3018,11,5288,0,0,15,5359,30,1473,15,6832,California
Amador,2021-02-22,63,8369,24,3042,39,5327,0,0,32,5361,30,1503,32,6864,California
Amador,2021-02-23,317,8686,55,3097,262,5589,0,0,138,5321,179,1682,139,7003,California
Amador,2021-02-24,396,9082,55,3152,341,5930,0,0,268,5465,124,1806,268,7271,California
Amador,2021-02-25,517,9599,110,3262,407,6337,0,0,280,5509,236,2042,280,7551,California
Amador,2021-02-26,607,10206,75,3337,532,6869,0,0,504,5911,103,2145,505,8056,California
Amador,2021-02-27,288,10494,90,3427,198,7067,0,0,102,5830,185,2330,104,8160,California
Amador,2021-02-28,100,10594,51,3478,49,7116,0,0,55,5843,45,2375,58,8218,California
Amador,2021-03-01,193,10787,66,3544,127,7243,0,0,124,5899,69,2444,125,8343,California
Amador,2021-03-02,385,11172,61,3605,324,7567,0,0,335,6185,50,2494,336,8679,California
Amador,2021-03-03,243,11415,78,3683,165,7732,0,0,168,6280,74,2568,169,8848,California
Amador,2021-03-04,499,11914,117,3800,382,8114,0,0,397,6575,102,2670,397,9245,California
Amador,2021-03-05,514,12428,75,3875,439,8553,0,0,298,6660,215,2885,300,9545,California
Amador,2021-03-06,97,12525,43,3918,53,8606,1,1,54,6672,43,2928,55,9600,California
Amador,2021-03-07,61,12586,42,3960,19,8625,0,1,18,6647,43,2971,18,9618,California
Amador,2021-03-08,154,12740,70,4030,83,8708,1,2,93,6680,61,3032,94,9712,California
Amador,2021-03-09,371,13111,47,4077,324,9032,0,2,312,6936,56,3088,312,10024,California
Amador,2021-03-10,509,13620,74,4151,434,9466,1,3,246,6922,263,3351,249,10273,California
Amador,2021-03-11,473,14093,113,4264,349,9815,11,14,330,7123,143,3494,344,10617,California
Amador,2021-03-12,563,14656,64,4328,491,10306,8,22,350,7274,212,3706,363,10980,California
Amador,2021-03-13,103,14759,17,4345,79,10385,7,29,68,7318,35,3741,79,11059,California
Amador,2021-03-14,88,14847,18,4363,67,10452,3,32,20,7273,68,3809,23,11082,California
Amador,2021-03-15,186,15033,23,4386,150,10602,13,45,56,7214,130,3939,71,11153,California
Amador,2021-03-16,455,15488,55,4441,390,10992,10,55,193,7157,260,4199,203,11356,California
Amador,2021-03-17,192,15680,40,4481,149,11141,3,58,120,7209,72,4271,124,11480,California
Amador,2021-03-18,473,16153,97,4578,372,11513,4,62,253,7249,219,4490,259,11739,California
Amador,2021-03-19,544,16697,57,4635,470,11983,17,79,396,7519,146,4636,416,12155,California
Amador,2021-03-20,110,16807,47,4682,62,12045,1,80,46,7505,63,4699,49,12204,California
Amador,2021-03-21,48,16855,34,4716,13,12058,1,81,31,7523,16,4715,34,12238,California
Amador,2021-03-22,114,16969,34,4750,51,12109,29,110,49,7536,65,4780,78,12316,California
Amador,2021-03-23,440,17409,47,4797,385,12494,8,118,283,7672,155,4935,291,12607,California
Amador,2021-03-24,347,17756,37,4834,57,12551,253,371,39,7657,307,5242,292,12899,California
Amador,2021-03-25,600,18356,79,4913,515,13066,6,377,391,7846,208,5450,397,13296,California
Amador,2021-03-26,740,19096,40,4953,695,13761,5,382,290,7695,449,5899,298,13594,California
Amador,2021-03-27,90,19186,14,4967,74,13835,2,384,27,7663,63,5962,31,13625,California
Amador,2021-03-28,68,19254,15,4982,51,13886,2,386,14,7625,54,6016,16,13641,California
Amador,2021-03-29,184,19438,27,5009,156,14042,1,387,82,7612,100,6116,87,13728,California
Amador,2021-03-30,536,19974,26,5035,509,14551,1,388,301,7680,234,6350,302,14030,California
Amador,2021-03-31,211,20185,59,5094,147,14698,5,393,48,7570,163,6513,53,14083,California
Amador,2021-04-01,613,20798,85,5179,528,15226,0,393,268,7497,343,6856,270,14353,California
Amador,2021-04-02,608,21406,32,5211,564,15790,12,405,384,7672,222,7078,397,14750,California
Amador,2021-04-03,80,21486,17,5228,43,15833,20,425,21,7655,59,7137,42,14792,California
Amador,2021-04-04,38,21524,2,5230,30,15863,6,431,16,7655,22,7159,22,14814,California
Amador,2021-04-05,140,21664,43,5273,80,15943,17,448,44,7621,96,7255,62,14876,California
Amador,2021-04-06,505,22169,37,5310,449,16392,19,467,224,7585,279,7534,243,15119,California
Amador,2021-04-07,101,22270,33,5343,49,16441,19,486,45,7594,55,7589,64,15183,California
Amador,2021-04-08,458,22728,41,5384,396,16837,21,507,197,7552,261,7850,219,15402,California
Amador,2021-04-09,475,23203,19,5403,443,17280,13,520,215,7519,260,8110,227,15629,California
Amador,2021-04-10,36,23239,14,5417,13,17293,9,529,13,7518,23,8133,22,15651,California
Amador,2021-04-11,23,23262,7,5424,13,17306,3,532,4,7506,19,8152,7,15658,California
Butte,2020-12-16,3,3,3,3,0,0,0,0,3,3,0,0,3,3,California
Butte,2020-12-17,21,24,21,24,0,0,0,0,21,24,0,0,21,24,California
Butte,2020-12-18,50,74,50,74,0,0,0,0,50,74,0,0,50,74,California
Butte,2020-12-19,7,81,7,81,0,0,0,0,7,81,0,0,7,81,California
Butte,2020-12-20,10,91,10,91,0,0,0,0,10,91,0,0,10,91,California
Butte,2020-12-21,634,725,634,725,0,0,0,0,634,725,0,0,634,725,California
Butte,2020-12-22,618,1343,616,1341,2,2,0,0,618,1343,0,0,618,1343,California
Butte,2020-12-23,870,2213,854,2195,16,18,0,0,870,2213,0,0,870,2213,California
Butte,2020-12-24,160,2373,157,2352,3,21,0,0,160,2373,0,0,160,2373,California
Butte,2020-12-26,93,2466,91,2443,2,23,0,0,93,2466,0,0,93,2466,California
Butte,2020-12-27,35,2501,34,2477,1,24,0,0,35,2501,0,0,35,2501,California
Butte,2020-12-28,279,2780,273,2750,6,30,0,0,279,2780,0,0,279,2780,California
Butte,2020-12-29,206,2986,182,2932,24,54,0,0,206,2986,0,0,206,2986,California
Butte,2020-12-30,501,3487,290,3222,211,265,0,0,501,3487,0,0,501,3487,California
Butte,2020-12-31,212,3699,18,3240,194,459,0,0,212,3699,0,0,212,3699,California
Butte,2021-01-01,8,3707,1,3241,7,466,0,0,8,3707,0,0,8,3707,California
Butte,2021-01-02,37,3744,36,3277,1,467,0,0,37,3744,0,0,37,3744,California
Butte,2021-01-03,4,3748,1,3278,3,470,0,0,4,3748,0,0,4,3748,California
Butte,2021-01-04,208,3956,174,3452,34,504,0,0,208,3956,0,0,208,3956,California
Butte,2021-01-05,194,4150,150,3602,44,548,0,0,193,4148,1,1,193,4149,California
Butte,2021-01-06,623,4773,396,3998,227,775,0,0,618,4762,5,6,619,4768,California
Butte,2021-01-07,759,5532,369,4367,390,1165,0,0,739,5481,20,26,739,5507,California
Butte,2021-01-08,570,6102,529,4896,41,1206,0,0,524,5959,46,72,524,6031,California
Butte,2021-01-09,12,6114,7,4903,5,1211,0,0,7,5961,5,77,7,6038,California
Butte,2021-01-10,19,6133,5,4908,14,1225,0,0,14,5970,5,82,14,6052,California
Butte,2021-01-11,987,7120,951,5859,36,1261,0,0,358,5702,629,711,361,6413,California
Butte,2021-01-12,696,7816,651,6510,45,1306,0,0,273,5552,423,1134,273,6686,California
Butte,2021-01-13,1451,9267,956,7466,495,1801,0,0,616,5335,835,1969,618,7304,California
Butte,2021-01-14,1637,10904,896,8362,741,2542,0,0,1440,6579,196,2165,1440,8744,California
Butte,2021-01-15,1170,12074,926,9288,244,2786,0,0,1060,7528,111,2276,1060,9804,California
Butte,2021-01-16,585,12659,300,9588,285,3071,0,0,540,8023,45,2321,540,10344,California
Butte,2021-01-17,239,12898,64,9652,175,3246,0,0,202,8188,37,2358,202,10546,California
Butte,2021-01-18,343,13241,303,9955,40,3286,0,0,274,8394,68,2426,274,10820,California
Butte,2021-01-19,491,13732,428,10383,63,3349,0,0,217,8337,274,2700,217,11037,California
Butte,2021-01-20,1346,15078,664,11047,682,4031,0,0,1045,9081,301,3001,1045,12082,California
Butte,2021-01-21,1473,16551,865,11912,608,4639,0,0,1367,10343,105,3106,1367,13449,California
Butte,2021-01-22,991,17542,333,12245,658,5297,0,0,938,11228,53,3159,938,14387,California
Butte,2021-01-23,125,17667,82,12327,43,5340,0,0,100,11303,25,3184,100,14487,California
Butte,2021-01-24,8,17675,6,12333,2,5342,0,0,8,11311,0,3184,8,14495,California
Butte,2021-01-25,651,18326,335,12668,316,5658,0,0,488,11636,163,3347,488,14983,California
Butte,2021-01-26,1460,19786,376,13044,1084,6742,0,0,1324,12824,136,3483,1324,16307,California
Butte,2021-01-27,2079,21865,705,13749,1374,8116,0,0,1363,13472,715,4198,1363,17670,California
Butte,2021-01-28,2258,24123,258,14007,2000,10116,0,0,1948,15111,309,4507,1948,19618,California
Butte,2021-01-29,1673,25796,487,14494,1186,11302,0,0,1294,16027,378,4885,1294,20912,California
Butte,2021-01-30,31,25827,9,14503,22,11324,0,0,28,16052,3,4888,28,20940,California
Butte,2021-01-31,17,25844,15,14518,2,11326,0,0,16,16067,1,4889,16,20956,California
Butte,2021-02-01,1745,27589,406,14924,1339,12665,0,0,1358,17040,385,5274,1358,22314,California
Butte,2021-02-02,1931,29520,362,15286,1569,14234,0,0,1627,18362,305,5579,1627,23941,California
Butte,2021-02-03,2733,32253,772,16058,1961,16195,0,0,1844,19319,887,6466,1844,25785,California
Butte,2021-02-04,2955,35208,325,16383,2630,18825,0,0,2400,21166,553,7019,2400,28185,California
Butte,2021-02-05,1164,36372,661,17044,503,19328,0,0,536,21075,628,7647,537,28722,California
Butte,2021-02-06,144,36516,102,17146,42,19370,0,0,62,21055,82,7729,62,28784,California
Butte,2021-02-07,38,36554,34,17180,4,19374,0,0,14,21045,24,7753,14,28798,California
Butte,2021-02-08,690,37244,541,17721,149,19523,0,0,239,20833,451,8204,239,29037,California
Butte,2021-02-09,948,38192,455,18176,493,20016,0,0,722,21329,226,8430,722,29759,California
Butte,2021-02-10,1706,39898,1189,19365,517,20533,0,0,697,21018,1008,9438,697,30456,California
Butte,2021-02-11,2197,42095,1347,20712,850,21383,0,0,1003,20827,1194,10632,1003,31459,California
Butte,2021-02-12,864,42959,299,21011,565,21948,0,0,317,20598,546,11178,317,31776,California
Butte,2021-02-13,250,43209,45,21056,205,22153,0,0,148,20644,102,11280,148,31924,California
Butte,2021-02-14,160,43369,9,21065,151,22304,0,0,155,20794,5,11285,155,32079,California
Butte,2021-02-15,261,43630,48,21113,213,22517,0,0,199,20931,62,11347,199,32278,California
Butte,2021-02-16,731,44361,428,21541,303,22820,0,0,274,20748,457,11804,274,32552,California
Butte,2021-02-17,1513,45874,846,22387,667,23487,0,0,840,20917,671,12475,840,33392,California
Butte,2021-02-18,1550,47424,759,23146,791,24278,0,0,745,20857,805,13280,745,34137,California
Butte,2021-02-19,1164,48588,387,23533,777,25055,0,0,400,20498,759,14039,400,34537,California
Butte,2021-02-20,473,49061,28,23561,445,25500,0,0,120,20266,352,14391,120,34657,California
Butte,2021-02-21,15,49076,13,23574,2,25502,0,0,11,20273,4,14395,11,34668,California
Butte,2021-02-22,1492,50568,296,23870,1196,26698,0,0,385,19552,1106,15501,385,35053,California
Butte,2021-02-23,1632,52200,298,24168,1334,28032,0,0,462,18849,1165,16666,462,35515,California
Butte,2021-02-24,2128,54328,595,24763,1533,29565,0,0,729,18187,1391,18057,729,36244,California
Butte,2021-02-25,2074,56402,577,25340,1497,31062,0,0,656,17429,1415,19472,657,36901,California
Butte,2021-02-26,920,57322,312,25652,608,31670,0,0,399,17310,518,19990,399,37300,California
Butte,2021-02-27,233,57555,47,25699,186,31856,0,0,186,17451,45,20035,186,37486,California
Butte,2021-02-28,142,57697,19,25718,123,31979,0,0,133,17575,9,20044,133,37619,California
Butte,2021-03-01,1620,59317,177,25895,1442,33421,1,1,327,16611,1292,21336,328,37947,California
Butte,2021-03-02,1731,61048,191,26086,1540,34961,0,1,302,15487,1426,22762,302,38249,California
Butte,2021-03-03,2755,63803,832,26918,1923,36884,0,1,471,13675,2283,25045,471,38720,California
Butte,2021-03-04,3116,66919,658,27576,2458,39342,0,1,609,11778,2506,27551,609,39329,California
Butte,2021-03-05,1324,68243,601,28177,722,40064,1,2,719,11896,602,28153,720,40049,California
Butte,2021-03-06,244,68487,27,28204,194,40258,23,25,184,12044,59,28212,207,40256,California
Butte,2021-03-07,56,68543,3,28207,36,40294,17,42,30,12065,26,28238,47,40303,California
Butte,2021-03-08,1262,69805,127,28334,1058,41352,77,119,1099,13080,161,28399,1176,41479,California
Butte,2021-03-09,1892,71697,276,28610,1513,42865,103,222,1408,14108,483,28882,1511,42990,California
Butte,2021-03-10,2317,74014,965,29575,1252,44117,100,322,1581,15057,731,29613,1680,44670,California
Butte,2021-03-11,2797,76811,1308,30883,1365,45482,124,446,1977,16348,810,30423,2101,46771,California
Butte,2021-03-12,1127,77938,323,31206,458,45940,346,792,354,16281,767,31190,700,47471,California
Butte,2021-03-13,242,78180,69,31275,126,46066,47,839,63,16212,179,31369,110,47581,California
Butte,2021-03-14,159,78339,15,31290,102,46168,42,881,21,16138,137,31506,63,47644,California
Butte,2021-03-15,1714,80053,359,31649,1061,47229,294,1175,1125,16968,588,32094,1418,49062,California
Butte,2021-03-16,1626,81679,415,32064,1133,48362,78,1253,1084,17590,539,32633,1161,50223,California
Butte,2021-03-17,1938,83617,1351,33415,506,48868,81,1334,1121,17980,811,33444,1201,51424,California
Butte,2021-03-18,1795,85412,1451,34866,213,49081,131,1465,1051,18422,739,34183,1181,52605,California
Butte,2021-03-19,691,86103,311,35177,296,49377,84,1549,341,18503,344,34527,425,53030,California
Butte,2021-03-20,205,86308,33,35210,156,49533,16,1565,94,18502,111,34638,110,53140,California
Butte,2021-03-21,57,86365,25,35235,3,49536,29,1594,15,18504,42,34680,44,53184,California
Butte,2021-03-22,1458,87823,352,35587,1012,50548,94,1688,1194,19531,261,34941,1288,54472,California
Butte,2021-03-23,1794,89617,487,36074,1193,51741,114,1802,1453,20758,340,35281,1567,56039,California
Butte,2021-03-24,2236,91853,1255,37329,855,52596,126,1928,1693,22038,538,35819,1818,57857,California
Butte,2021-03-25,1457,93310,1178,38507,190,52786,89,2017,997,22667,457,36276,1086,58943,California
Butte,2021-03-26,1198,94508,434,38941,518,53304,246,2263,559,22840,632,36908,805,59748,California
Butte,2021-03-27,300,94808,84,39025,192,53496,24,2287,133,22832,164,37072,156,59904,California
Butte,2021-03-28,223,95031,43,39068,172,53668,8,2295,99,22817,121,37193,106,60010,California
Butte,2021-03-29,1718,96749,379,39447,1269,54937,70,2365,1307,23786,408,37601,1377,61387,California
Butte,2021-03-30,1030,97779,465,39912,473,55410,92,2457,492,23836,534,38135,584,61971,California
Butte,2021-03-31,1770,99549,1300,41212,404,55814,66,2523,1091,24318,675,38810,1157,63128,California
Butte,2021-04-01,3269,102818,2654,43866,488,56302,127,2650,2203,25588,1061,39871,2331,65459,California
Butte,2021-04-02,994,103812,413,44279,463,56765,118,2768,566,25852,419,40290,683,66142,California
Butte,2021-04-03,342,104154,46,44325,222,56987,74,2842,164,25912,178,40468,238,66380,California
Butte,2021-04-04,185,104339,22,44347,140,57127,23,2865,108,25967,76,40544,131,66511,California
Butte,2021-04-05,1937,106276,412,44759,1368,58495,157,3022,600,25392,1331,41875,756,67267,California
Butte,2021-04-06,2149,108425,607,45366,1139,59634,403,3425,772,25195,1370,43245,1173,68440,California
Butte,2021-04-07,2930,111355,1260,46626,1293,60927,377,3802,651,23947,2276,45521,1028,69468,California
Butte,2021-04-08,2656,114011,1161,47787,1241,62168,254,4056,400,22352,2249,47770,654,70122,California
Butte,2021-04-09,931,114942,302,48089,431,62599,198,4254,267,22155,661,48431,464,70586,California
Butte,2021-04-10,171,115113,42,48131,45,62644,84,4338,68,22205,101,48532,151,70737,California
Butte,2021-04-11,17,115130,2,48133,10,62654,5,4343,8,22209,9,48541,13,70750,California
Calaveras,2020-12-16,5,5,5,5,0,0,0,0,5,5,0,0,5,5,California
Calaveras,2020-12-17,3,8,3,8,0,0,0,0,3,8,0,0,3,8,California
Calaveras,2020-12-18,38,46,38,46,0,0,0,0,38,46,0,0,38,46,California
Calaveras,2020-12-19,3,49,3,49,0,0,0,0,3,49,0,0,3,49,California
Calaveras,2020-12-20,3,52,3,52,0,0,0,0,3,52,0,0,3,52,California
Calaveras,2020-12-21,55,107,48,100,7,7,0,0,55,107,0,0,55,107,California
Calaveras,2020-12-22,80,187,76,176,4,11,0,0,81,188,0,0,81,188,California
Calaveras,2020-12-23,76,263,74,250,2,13,0,0,85,273,0,0,85,273,California
Calaveras,2020-12-24,2,265,2,252,0,13,0,0,2,275,0,0,2,275,California
Calaveras,2020-12-26,3,268,3,255,0,13,0,0,3,278,0,0,3,278,California
Calaveras,2020-12-28,22,290,18,273,4,17,0,0,21,298,1,1,21,299,California
Calaveras,2020-12-29,166,456,147,420,19,36,0,0,166,464,0,1,166,465,California
Calaveras,2020-12-30,94,550,82,502,12,48,0,0,94,558,0,1,94,559,California
Calaveras,2020-12-31,35,585,25,527,10,58,0,0,35,593,0,1,35,594,California
Calaveras,2021-01-02,11,596,11,538,0,58,0,0,11,604,0,1,11,605,California
Calaveras,2021-01-03,8,604,3,541,5,63,0,0,8,612,0,1,8,613,California
Calaveras,2021-01-04,33,637,5,546,28,91,0,0,33,645,0,1,33,646,California
Calaveras,2021-01-05,41,678,10,556,31,122,0,0,35,677,8,9,40,686,California
Calaveras,2021-01-06,109,787,30,586,79,201,0,0,99,766,10,19,99,785,California
Calaveras,2021-01-07,106,893,27,613,79,280,0,0,94,850,11,30,95,880,California
Calaveras,2021-01-08,69,962,38,651,31,311,0,0,46,874,23,53,47,927,California
Calaveras,2021-01-09,5,967,5,656,0,311,0,0,2,873,3,56,2,929,California
Calaveras,2021-01-10,2,969,0,656,2,313,0,0,2,875,0,56,2,931,California
Calaveras,2021-01-11,65,1034,59,715,6,319,0,0,28,868,36,92,29,960,California
Calaveras,2021-01-12,86,1120,53,768,33,352,0,0,54,890,32,124,54,1014,California
Calaveras,2021-01-13,107,1227,43,811,64,416,0,0,74,932,33,157,75,1089,California
Calaveras,2021-01-14,135,1362,40,851,95,511,0,0,102,1002,32,189,102,1191,California
Calaveras,2021-01-15,113,1475,51,902,62,573,0,0,87,1063,26,215,87,1278,California
Calaveras,2021-01-16,12,1487,2,904,10,583,0,0,11,1073,1,216,11,1289,California
Calaveras,2021-01-17,10,1497,1,905,9,592,0,0,10,1083,0,216,10,1299,California
Calaveras,2021-01-18,132,1629,20,925,112,704,0,0,119,1192,13,229,122,1421,California
Calaveras,2021-01-19,202,1831,172,1097,30,734,0,0,62,1116,138,367,62,1483,California
Calaveras,2021-01-20,392,2223,79,1176,313,1047,0,0,308,1349,83,450,316,1799,California
Calaveras,2021-01-21,462,2685,39,1215,423,1470,0,0,435,1763,27,477,441,2240,California
Calaveras,2021-01-22,430,3115,22,1237,408,1878,0,0,420,2180,10,487,427,2667,California
Calaveras,2021-01-23,22,3137,10,1247,12,1890,0,0,18,2194,4,491,18,2685,California
Calaveras,2021-01-24,14,3151,8,1255,6,1896,0,0,12,2204,2,493,12,2697,California
Calaveras,2021-01-25,121,3272,7,1262,114,2010,0,0,116,2315,5,498,116,2813,California
Calaveras,2021-01-26,49,3321,18,1280,31,2041,0,0,38,2342,11,509,38,2851,California
Calaveras,2021-01-27,161,3482,44,1324,117,2158,0,0,134,2450,26,535,134,2985,California
Calaveras,2021-01-28,164,3646,22,1346,142,2300,0,0,140,2569,24,559,143,3128,California
Calaveras,2021-01-29,441,4087,33,1379,408,2708,0,0,421,2977,20,579,428,3556,California
Calaveras,2021-01-30,28,4115,10,1389,18,2726,0,0,26,3003,0,579,26,3582,California
Calaveras,2021-01-31,4,4119,2,1391,2,2728,0,0,3,3005,1,580,3,3585,California
Calaveras,2021-02-01,53,4172,41,1432,12,2740,0,0,34,3020,19,599,34,3619,California
Calaveras,2021-02-02,110,4282,24,1456,86,2826,0,0,72,3059,34,633,73,3692,California
Calaveras,2021-02-03,440,4722,44,1500,396,3222,0,0,356,3333,83,716,357,4049,California
Calaveras,2021-02-04,376,5098,23,1523,353,3575,0,0,295,3547,81,797,295,4344,California
Calaveras,2021-02-05,80,5178,23,1546,57,3632,0,0,41,3550,39,836,42,4386,California
Calaveras,2021-02-06,22,5200,13,1559,9,3641,0,0,22,3572,0,836,22,4408,California
Calaveras,2021-02-07,4,5204,1,1560,3,3644,0,0,2,3572,2,838,2,4410,California
Calaveras,2021-02-08,39,5243,18,1578,21,3665,0,0,31,3597,6,844,31,4441,California
Calaveras,2021-02-09,208,5451,92,1670,116,3781,0,0,147,3688,56,900,147,4588,California
Calaveras,2021-02-10,506,5957,28,1698,478,4259,0,0,440,4063,66,966,441,5029,California
Calaveras,2021-02-11,578,6535,75,1773,503,4762,0,0,471,4430,105,1071,472,5501,California
Calaveras,2021-02-12,565,7100,323,2096,242,5004,0,0,492,4851,72,1143,493,5994,California
Calaveras,2021-02-13,192,7292,37,2133,155,5159,0,0,177,5013,15,1158,177,6171,California
Calaveras,2021-02-14,216,7508,72,2205,144,5303,0,0,202,5201,14,1172,202,6373,California
Calaveras,2021-02-15,378,7886,21,2226,357,5660,0,0,261,5348,114,1286,261,6634,California
Calaveras,2021-02-16,299,8185,173,2399,126,5786,0,0,242,5533,57,1343,242,6876,California
Calaveras,2021-02-17,524,8709,35,2434,489,6275,0,0,210,5437,307,1650,211,7087,California
Calaveras,2021-02-18,496,9205,89,2523,407,6682,0,0,98,5146,389,2039,98,7185,California
Calaveras,2021-02-19,437,9642,43,2566,394,7076,0,0,96,4910,332,2371,96,7281,California
Calaveras,2021-02-20,58,9700,14,2580,44,7120,0,0,47,4946,11,2382,47,7328,California
Calaveras,2021-02-21,20,9720,12,2592,8,7128,0,0,18,4962,2,2384,18,7346,California
Calaveras,2021-02-22,64,9784,40,2632,24,7152,0,0,34,4966,30,2414,34,7380,California
Calaveras,2021-02-23,150,9934,68,2700,82,7234,0,0,101,5019,49,2463,102,7482,California
Calaveras,2021-02-24,96,10030,46,2746,50,7284,0,0,66,5055,30,2493,66,7548,California
Calaveras,2021-02-25,550,10580,97,2843,453,7737,0,0,360,5228,187,2680,360,7908,California
Calaveras,2021-02-26,697,11277,45,2888,652,8389,0,0,372,5290,312,2992,374,8282,California
Calaveras,2021-02-27,202,11479,21,2909,181,8570,0,0,178,5444,24,3016,178,8460,California
Calaveras,2021-02-28,95,11574,15,2924,80,8650,0,0,91,5531,4,3020,91,8551,California
Calaveras,2021-03-01,274,11848,59,2983,215,8865,0,0,147,5553,126,3146,148,8699,California
Calaveras,2021-03-02,240,12088,90,3073,150,9015,0,0,200,5715,39,3185,201,8900,California
Calaveras,2021-03-03,499,12587,101,3174,398,9413,0,0,206,5630,291,3476,206,9106,California
Calaveras,2021-03-04,758,13345,60,3234,698,10111,0,0,344,5566,410,3886,346,9452,California
Calaveras,2021-03-05,457,13802,269,3503,183,10294,5,5,143,5402,312,4198,148,9600,California
Calaveras,2021-03-06,155,13957,43,3546,106,10400,6,11,121,5495,34,4232,127,9727,California
Calaveras,2021-03-07,76,14033,32,3578,36,10436,8,19,34,5496,42,4274,43,9770,California
Calaveras,2021-03-08,156,14189,24,3602,125,10561,7,26,124,5595,32,4306,131,9901,California
Calaveras,2021-03-09,374,14563,150,3752,218,10779,6,32,38,5306,333,4639,44,9945,California
Calaveras,2021-03-10,412,14975,24,3776,385,11164,3,35,54,5007,356,4995,57,10002,California
Calaveras,2021-03-11,838,15813,411,4187,414,11578,13,48,424,5032,412,5407,437,10439,California
Calaveras,2021-03-12,384,16197,210,4397,164,11742,10,58,318,5297,66,5473,331,10770,California
Calaveras,2021-03-13,164,16361,16,4413,140,11882,8,66,133,5409,31,5504,143,10913,California
Calaveras,2021-03-14,151,16512,10,4423,140,12022,1,67,18,5302,133,5637,26,10939,California
Calaveras,2021-03-15,328,16840,47,4470,255,12277,26,93,51,5106,277,5914,81,11020,California
Calaveras,2021-03-16,707,17547,570,5040,117,12394,20,113,553,5526,153,6067,573,11593,California
Calaveras,2021-03-17,274,17821,51,5091,211,12605,12,125,49,5364,224,6291,62,11655,California
Calaveras,2021-03-18,663,18484,568,5659,80,12685,15,140,547,5811,116,6407,563,12218,California
Calaveras,2021-03-19,228,18712,47,5706,108,12793,73,213,55,5769,170,6577,128,12346,California
Calaveras,2021-03-20,81,18793,21,5727,59,12852,1,214,26,5742,55,6632,28,12374,California
Calaveras,2021-03-21,48,18841,31,5758,6,12858,11,225,13,5731,35,6667,24,12398,California
Calaveras,2021-03-22,79,18920,36,5794,22,12880,21,246,27,5727,52,6719,48,12446,California
Calaveras,2021-03-23,302,19222,218,6012,74,12954,10,256,124,5689,172,6891,134,12580,California
Calaveras,2021-03-24,132,19354,49,6061,73,13027,10,266,47,5661,85,6976,57,12637,California
Calaveras,2021-03-25,734,20088,100,6161,632,13659,2,268,444,5820,288,7264,447,13084,California
Calaveras,2021-03-26,422,20510,25,6186,391,14050,6,274,88,5584,332,7596,96,13180,California
Calaveras,2021-03-27,210,20720,18,6204,188,14238,4,278,37,5458,170,7766,44,13224,California
Calaveras,2021-03-28,108,20828,11,6215,95,14333,2,280,8,5370,99,7865,11,13235,California
Calaveras,2021-03-29,175,21003,22,6237,151,14484,2,282,59,5318,115,7980,63,13298,California
Calaveras,2021-03-30,528,21531,31,6268,481,14965,16,298,365,5537,163,8143,382,13680,California
Calaveras,2021-03-31,323,21854,143,6411,170,15135,10,308,162,5548,161,8304,172,13852,California
Calaveras,2021-04-01,675,22529,437,6848,237,15372,1,309,188,5253,486,8790,191,14043,California
Calaveras,2021-04-02,392,22921,230,7078,154,15526,8,317,115,5102,275,9065,124,14167,California
Calaveras,2021-04-03,140,23061,29,7107,107,15633,4,321,38,5042,102,9167,42,14209,California
Calaveras,2021-04-04,78,23139,25,7132,53,15686,0,321,50,5064,28,9195,50,14259,California
Calaveras,2021-04-05,213,23352,87,7219,119,15805,7,328,99,5057,114,9309,107,14366,California
Calaveras,2021-04-06,633,23985,561,7780,60,15865,12,340,93,4625,537,9846,105,14471,California
Calaveras,2021-04-07,738,24723,645,8425,60,15925,33,373,609,5139,129,9975,643,15114,California
Calaveras,2021-04-08,906,25629,825,9250,61,15986,20,393,415,5086,490,10465,437,15551,California
Calaveras,2021-04-09,125,25754,38,9288,46,16032,41,434,42,5086,83,10548,83,15634,California
Calaveras,2021-04-10,67,25821,34,9322,18,16050,15,449,33,5101,34,10582,49,15683,California
Calaveras,2021-04-11,16,25837,9,9331,7,16057,0,449,9,5103,7,10589,9,15692,California
Colusa,2020-12-18,1,1,1,1,0,0,0,0,1,1,0,0,1,1,California
Colusa,2020-12-21,2,3,2,3,0,0,0,0,2,3,0,0,2,3,California
Colusa,2020-12-22,10,13,10,13,0,0,0,0,10,13,0,0,10,13,California
Colusa,2020-12-23,10,23,10,23,0,0,0,0,10,23,0,0,10,23,California
Colusa,2020-12-24,2,25,1,24,1,1,0,0,2,25,0,0,2,25,California
Colusa,2020-12-27,1,26,1,25,0,1,0,0,1,26,0,0,1,26,California
Colusa,2020-12-28,7,33,3,28,4,5,0,0,7,33,0,0,7,33,California
Colusa,2020-12-29,10,43,7,35,3,8,0,0,10,43,0,0,10,43,California
Colusa,2020-12-30,50,93,13,48,37,45,0,0,50,93,0,0,50,93,California
Colusa,2020-12-31,18,111,1,49,17,62,0,0,18,111,0,0,18,111,California
Colusa,2021-01-04,4,115,0,49,4,66,0,0,4,115,0,0,4,115,California
Colusa,2021-01-05,67,182,1,50,66,132,0,0,67,182,0,0,67,182,California
Colusa,2021-01-06,15,197,9,59,6,138,0,0,15,197,0,0,15,197,California
Colusa,2021-01-07,38,235,4,63,34,172,0,0,37,233,1,1,37,234,California
Colusa,2021-01-08,9,244,7,70,2,174,0,0,8,240,1,2,8,242,California
Colusa,2021-01-09,2,246,1,71,1,175,0,0,2,242,0,2,2,244,California
Colusa,2021-01-10,1,247,0,71,1,176,0,0,1,243,0,2,1,245,California
Colusa,2021-01-11,12,259,6,77,6,182,0,0,7,245,5,7,7,252,California
Colusa,2021-01-12,11,270,9,86,2,184,0,0,6,246,5,12,6,258,California
Colusa,2021-01-13,21,291,13,99,8,192,0,0,13,251,8,20,13,271,California
Colusa,2021-01-14,35,326,28,127,7,199,0,0,33,282,2,22,33,304,California
Colusa,2021-01-15,41,367,5,132,36,235,0,0,39,319,2,24,39,343,California
Colusa,2021-01-16,12,379,1,133,11,246,0,0,11,329,1,25,11,354,California
Colusa,2021-01-17,3,382,2,135,1,247,0,0,2,330,1,26,2,356,California
Colusa,2021-01-18,4,386,0,135,4,251,0,0,4,334,0,26,4,360,California
Colusa,2021-01-19,9,395,8,143,1,252,0,0,5,335,4,30,5,365,California
Colusa,2021-01-20,115,510,101,244,14,266,0,0,102,424,13,43,102,467,California
Colusa,2021-01-21,56,566,41,285,15,281,0,0,55,478,1,44,55,522,California
Colusa,2021-01-22,40,606,17,302,23,304,0,0,35,508,5,49,35,557,California
Colusa,2021-01-23,35,641,6,308,29,333,0,0,35,543,0,49,35,592,California
Colusa,2021-01-25,7,648,0,308,7,340,0,0,7,550,0,49,7,599,California
Colusa,2021-01-26,8,656,5,313,3,343,0,0,5,552,3,52,5,604,California
Colusa,2021-01-27,107,763,31,344,76,419,0,0,105,655,2,54,105,709,California
Colusa,2021-01-28,78,841,45,389,33,452,0,0,72,721,6,60,72,781,California
Colusa,2021-01-29,40,881,7,396,33,485,0,0,39,759,1,61,39,820,California
Colusa,2021-01-30,27,908,4,400,23,508,0,0,27,786,0,61,27,847,California
Colusa,2021-01-31,7,915,7,407,0,508,0,0,7,793,0,61,7,854,California
Colusa,2021-02-01,27,942,10,417,17,525,0,0,22,810,5,66,22,876,California
Colusa,2021-02-02,42,984,8,425,34,559,0,0,36,840,6,72,36,912,California
Colusa,2021-02-03,69,1053,10,435,59,618,0,0,59,889,10,82,59,971,California
Colusa,2021-02-04,143,1196,81,516,62,680,0,0,115,976,28,110,115,1086,California
Colusa,2021-02-05,32,1228,8,524,24,704,0,0,29,1002,3,113,29,1115,California
Colusa,2021-02-06,284,1512,8,532,276,980,0,0,273,1264,11,124,273,1388,California
Colusa,2021-02-07,2,1514,1,533,1,981,0,0,0,1262,2,126,0,1388,California
Colusa,2021-02-08,40,1554,5,538,35,1016,0,0,37,1296,3,129,37,1425,California
Colusa,2021-02-09,231,1785,14,552,217,1233,0,0,176,1417,55,184,176,1601,California
Colusa,2021-02-10,116,1901,41,593,75,1308,0,0,73,1447,43,227,73,1674,California
Colusa,2021-02-11,97,1998,36,629,61,1369,0,0,72,1494,25,252,72,1746,California
Colusa,2021-02-12,118,2116,9,638,109,1478,0,0,80,1535,39,291,80,1826,California
Colusa,2021-02-13,60,2176,8,646,52,1530,0,0,52,1579,8,299,52,1878,California
Colusa,2021-02-14,20,2196,8,654,12,1542,0,0,14,1587,6,305,14,1892,California
Colusa,2021-02-15,45,2241,10,664,35,1577,0,0,38,1618,7,312,38,1930,California
Colusa,2021-02-16,67,2308,4,668,63,1640,0,0,66,1683,1,313,66,1996,California
Colusa,2021-02-17,206,2514,143,811,63,1703,0,0,60,1597,146,459,60,2056,California
Colusa,2021-02-18,135,2649,35,846,100,1803,0,0,112,1686,23,482,112,2168,California
Colusa,2021-02-19,155,2804,19,865,136,1939,0,0,129,1789,26,508,129,2297,California
Colusa,2021-02-20,28,2832,6,871,22,1961,0,0,12,1785,16,524,12,2309,California
Colusa,2021-02-21,1,2833,1,872,0,1961,0,0,0,1784,1,525,0,2309,California
Colusa,2021-02-22,43,2876,26,898,17,1978,0,0,29,1799,14,539,29,2338,California
Colusa,2021-02-23,21,2897,5,903,16,1994,0,0,17,1812,4,543,17,2355,California
Colusa,2021-02-24,300,3197,54,957,246,2240,0,0,158,1828,142,685,158,2513,California
Colusa,2021-02-25,100,3297,54,1011,46,2286,0,0,65,1858,35,720,65,2578,California
Colusa,2021-02-26,96,3393,12,1023,84,2370,0,0,58,1878,38,758,58,2636,California
Colusa,2021-02-27,55,3448,4,1027,51,2421,0,0,40,1903,15,773,40,2676,California
Colusa,2021-02-28,26,3474,14,1041,12,2433,0,0,17,1911,9,782,17,2693,California
Colusa,2021-03-01,46,3520,15,1056,31,2464,0,0,29,1923,17,799,29,2722,California
Colusa,2021-03-02,47,3567,13,1069,34,2498,0,0,24,1924,23,822,24,2746,California
Colusa,2021-03-03,237,3804,38,1107,199,2697,0,0,180,2047,57,879,180,2926,California
Colusa,2021-03-04,136,3940,58,1165,78,2775,0,0,80,2071,56,935,80,3006,California
Colusa,2021-03-05,97,4037,24,1189,64,2839,9,9,52,2087,45,980,61,3067,California
Colusa,2021-03-06,274,4311,9,1198,265,3104,0,9,37,1887,237,1217,37,3104,California
Colusa,2021-03-07,8,4319,5,1203,3,3107,0,9,6,1891,2,1219,6,3110,California
Colusa,2021-03-08,88,4407,20,1223,33,3140,35,44,44,1926,44,1263,79,3189,California
Colusa,2021-03-09,272,4679,70,1293,179,3319,23,67,83,1843,189,1452,106,3295,California
Colusa,2021-03-10,286,4965,35,1328,215,3534,36,103,200,1993,86,1538,236,3531,California
Colusa,2021-03-11,414,5379,58,1386,335,3869,21,124,332,2263,82,1620,352,3883,California
Colusa,2021-03-12,106,5485,18,1404,75,3944,13,137,20,2210,86,1706,33,3916,California
Colusa,2021-03-13,59,5544,15,1419,35,3979,9,146,17,2194,42,1748,26,3942,California
Colusa,2021-03-14,21,5565,0,1419,19,3998,2,148,7,2190,13,1761,9,3951,California
Colusa,2021-03-15,68,5633,26,1445,34,4032,8,156,13,2156,55,1816,21,3972,California
Colusa,2021-03-16,273,5906,14,1459,213,4245,46,202,166,2261,107,1923,212,4184,California
Colusa,2021-03-17,171,6077,48,1507,123,4368,0,202,88,2266,83,2006,88,4272,California
Colusa,2021-03-18,319,6396,33,1540,215,4583,71,273,196,2410,123,2129,267,4539,California
Colusa,2021-03-19,74,6470,17,1557,55,4638,2,275,51,2440,23,2152,53,4592,California
Colusa,2021-03-20,48,6518,7,1564,40,4678,1,276,35,2463,13,2165,36,4628,California
Colusa,2021-03-21,6,6524,4,1568,2,4680,0,276,4,2465,2,2167,4,4632,California
Colusa,2021-03-22,63,6587,10,1578,44,4724,9,285,41,2493,22,2189,50,4682,California
Colusa,2021-03-23,80,6667,16,1594,62,4786,2,287,53,2521,27,2216,55,4737,California
Colusa,2021-03-24,334,7001,56,1650,272,5058,6,293,69,2330,265,2481,74,4811,California
Colusa,2021-03-25,107,7108,59,1709,43,5101,5,298,50,2328,57,2538,55,4866,California
Colusa,2021-03-26,298,7406,47,1756,247,5348,4,302,245,2524,53,2591,249,5115,California
Colusa,2021-03-27,62,7468,5,1761,57,5405,0,302,24,2510,38,2629,24,5139,California
Colusa,2021-03-28,15,7483,6,1767,9,5414,0,302,7,2509,8,2637,7,5146,California
Colusa,2021-03-29,68,7551,19,1786,44,5458,5,307,30,2506,38,2675,35,5181,California
Colusa,2021-03-30,145,7696,77,1863,66,5524,2,309,76,2515,69,2744,78,5259,California
Colusa,2021-03-31,226,7922,35,1898,191,5715,0,309,72,2434,153,2897,72,5331,California
Colusa,2021-04-01,421,8343,64,1962,302,6017,55,364,300,2669,120,3017,355,5686,California
Colusa,2021-04-02,81,8424,14,1976,54,6071,13,377,40,2681,41,3058,53,5739,California
Colusa,2021-04-03,61,8485,9,1985,29,6100,23,400,14,2671,47,3105,37,5776,California
Colusa,2021-04-04,18,8503,0,1985,8,6108,10,410,3,2669,15,3120,13,5789,California
Colusa,2021-04-05,97,8600,25,2010,57,6165,15,425,40,2667,57,3177,55,5844,California
Colusa,2021-04-06,123,8723,34,2044,41,6206,48,473,40,2672,83,3260,88,5932,California
Colusa,2021-04-07,225,8948,40,2084,165,6371,20,493,100,2669,125,3385,122,6054,California
Colusa,2021-04-08,405,9353,34,2118,345,6716,26,519,118,2528,286,3671,145,6199,California
Colusa,2021-04-09,58,9411,13,2131,29,6745,16,535,23,2532,35,3706,39,6238,California
Colusa,2021-04-10,38,9449,7,2138,13,6758,18,553,9,2530,29,3735,27,6265,California
Colusa,2021-04-11,13,9462,2,2140,11,6769,0,553,6,2529,7,3742,6,6271,California
Contra Costa,2020-12-15,19,19,19,19,0,0,0,0,19,19,0,0,19,19,California
Contra Costa,2020-12-16,523,542,523,542,0,0,0,0,523,542,0,0,523,542,California
Contra Costa,2020-12-17,908,1450,908,1450,0,0,0,0,908,1450,0,0,908,1450,California
Contra Costa,2020-12-18,1590,3040,1589,3039,1,1,0,0,1590,3040,0,0,1590,3040,California
Contra Costa,2020-12-19,1100,4140,1099,4138,1,2,0,0,1100,4140,0,0,1100,4140,California
Contra Costa,2020-12-20,582,4722,581,4719,1,3,0,0,582,4722,0,0,582,4722,California
Contra Costa,2020-12-21,1651,6373,1649,6368,2,5,0,0,1651,6373,0,0,1651,6373,California
Contra Costa,2020-12-22,1669,8042,1564,7932,105,110,0,0,1669,8042,0,0,1669,8042,California
Contra Costa,2020-12-23,1575,9617,1329,9261,246,356,0,0,1575,9617,0,0,1575,9617,California
Contra Costa,2020-12-24,652,10269,335,9596,317,673,0,0,652,10269,0,0,652,10269,California
Contra Costa,2020-12-25,38,10307,16,9612,22,695,0,0,38,10307,0,0,38,10307,California
Contra Costa,2020-12-26,639,10946,130,9742,509,1204,0,0,639,10946,0,0,639,10946,California
Contra Costa,2020-12-27,240,11186,86,9828,154,1358,0,0,240,11186,0,0,240,11186,California
Contra Costa,2020-12-28,1826,13012,860,10688,966,2324,0,0,1826,13012,0,0,1826,13012,California
Contra Costa,2020-12-29,1823,14835,823,11511,1000,3324,0,0,1823,14835,0,0,1823,14835,California
Contra Costa,2020-12-30,2384,17219,1208,12719,1176,4500,0,0,2383,17218,0,0,2383,17218,California
Contra Costa,2020-12-31,911,18130,307,13026,604,5104,0,0,910,18128,0,0,910,18128,California
Contra Costa,2021-01-01,57,18187,23,13049,34,5138,0,0,57,18185,0,0,57,18185,California
Contra Costa,2021-01-02,332,18519,172,13221,160,5298,0,0,332,18517,0,0,332,18517,California
Contra Costa,2021-01-03,174,18693,116,13337,58,5356,0,0,173,18690,0,0,173,18690,California
Contra Costa,2021-01-04,1894,20587,1245,14582,649,6005,0,0,1873,20544,19,19,1873,20563,California
Contra Costa,2021-01-05,2095,22682,1255,15837,840,6845,0,0,1836,22123,258,277,1837,22400,California
Contra Costa,2021-01-06,3264,25946,2240,18077,1024,7869,0,0,2506,23879,753,1030,2509,24909,California
Contra Costa,2021-01-07,3089,29035,2057,20134,1032,8901,0,0,1879,24551,1207,2237,1879,26788,California
Contra Costa,2021-01-08,3364,32399,2377,22511,987,9888,0,0,1805,24806,1553,3790,1808,28596,California
Contra Costa,2021-01-09,1581,33980,1130,23641,451,10339,0,0,747,24721,833,4623,748,29344,California
Contra Costa,2021-01-10,361,34341,288,23929,73,10412,0,0,150,24660,211,4834,150,29494,California
Contra Costa,2021-01-11,3833,38174,3118,27047,715,11127,0,0,2230,25289,1603,6437,2232,31726,California
Contra Costa,2021-01-12,3904,42078,2929,29976,975,12102,0,0,2580,26547,1324,7761,2582,34308,California
Contra Costa,2021-01-13,4664,46742,2880,32856,1784,13886,0,0,3733,29353,927,8688,3733,38041,California
Contra Costa,2021-01-14,4294,51036,1552,34408,2742,16628,0,0,3912,32883,382,9070,3912,41953,California
Contra Costa,2021-01-15,5315,56351,2451,36859,2864,19492,0,0,4993,37560,321,9391,4998,46951,California
Contra Costa,2021-01-16,1703,58054,545,37404,1158,20650,0,0,1629,39115,74,9465,1629,48580,California
Contra Costa,2021-01-17,1631,59685,971,38375,660,21310,0,0,1509,40505,122,9587,1512,50092,California
Contra Costa,2021-01-18,3180,62865,1249,39624,1931,23241,0,0,2558,42448,616,10203,2559,52651,California
Contra Costa,2021-01-19,7050,69915,3150,42774,3900,27141,0,0,6048,47503,999,11202,6054,58705,California
Contra Costa,2021-01-20,6587,76502,4035,46809,2552,29693,0,0,5362,51648,1221,12423,5366,64071,California
Contra Costa,2021-01-21,6946,83448,3084,49893,3862,33555,0,0,6226,57166,715,13138,6233,70304,California
Contra Costa,2021-01-22,6354,89802,2696,52589,3658,37213,0,0,5498,61821,846,13984,5501,75805,California
Contra Costa,2021-01-23,2023,91825,358,52947,1665,38878,0,0,1766,63334,255,14239,1768,77573,California
Contra Costa,2021-01-24,1575,93400,214,53161,1361,40239,0,0,1431,64625,144,14383,1435,79008,California
Contra Costa,2021-01-25,6606,100006,3008,56169,3598,43837,0,0,5051,68125,1554,15937,5054,84062,California
Contra Costa,2021-01-26,8041,108047,4661,60830,3380,47217,0,0,6215,72523,1819,17756,6217,90279,California
Contra Costa,2021-01-27,8214,116261,5486,66316,2728,49945,0,0,6323,77046,1804,19560,6327,96606,California
Contra Costa,2021-01-28,7374,123635,4049,70365,3325,53270,0,0,5786,81254,1582,21142,5790,102396,California
Contra Costa,2021-01-29,7416,131051,3877,74242,3539,56809,0,0,6114,86072,1299,22441,6117,108513,California
Contra Costa,2021-01-30,2080,133131,596,74838,1484,58293,0,0,1715,87429,358,22799,1715,110228,California
Contra Costa,2021-01-31,701,133832,482,75320,219,58512,0,0,575,87881,123,22922,575,110803,California
Contra Costa,2021-02-01,5507,139339,3758,79078,1749,60261,0,0,3882,90146,1620,24542,3885,114688,California
Contra Costa,2021-02-02,7745,147084,5276,84354,2469,62730,0,0,5897,94198,1846,26388,5898,120586,California
Contra Costa,2021-02-03,8265,155349,5459,89813,2806,65536,0,0,5634,97212,2621,29009,5635,126221,California
Contra Costa,2021-02-04,7441,162790,3532,93345,3909,69445,0,0,5726,101228,1712,30721,5728,131949,California
Contra Costa,2021-02-05,8421,171211,4822,98167,3599,73044,0,0,5724,104262,2691,33412,5725,137674,California
Contra Costa,2021-02-06,3460,174671,2149,100316,1311,74355,0,0,2813,106430,646,34058,2814,140488,California
Contra Costa,2021-02-07,975,175646,704,101020,271,74626,0,0,602,106660,372,34430,602,141090,California
Contra Costa,2021-02-08,5787,181433,3430,104450,2357,76983,0,0,4315,109509,1467,35897,4316,145406,California
Contra Costa,2021-02-09,8622,190055,4751,109201,3871,80854,0,0,5751,112396,2866,38763,5753,151159,California
Contra Costa,2021-02-10,8591,198646,4635,113836,3956,84810,0,0,5399,114621,3178,41941,5403,156562,California
Contra Costa,2021-02-11,9206,207852,4190,118026,5016,89826,0,0,5247,115919,3953,45894,5251,161813,California
Contra Costa,2021-02-12,10055,217907,4605,122631,5450,95276,0,0,5458,116790,4590,50484,5461,167274,California
Contra Costa,2021-02-13,4860,222767,1356,123987,3504,98780,0,0,3398,118730,1459,51943,3399,170673,California
Contra Costa,2021-02-14,2078,224845,862,124849,1216,99996,0,0,1220,119093,857,52800,1220,171893,California
Contra Costa,2021-02-15,4429,229274,2458,127307,1971,101967,0,0,2345,119362,2078,54878,2347,174240,California
Contra Costa,2021-02-16,10389,239663,4894,132201,5495,107462,0,0,4633,118250,5749,60627,4637,178877,California
Contra Costa,2021-02-17,12253,251916,6112,138313,6141,113603,0,0,5618,117247,6621,67248,5618,184495,California
Contra Costa,2021-02-18,11429,263345,5943,144256,5486,119089,0,0,5306,116443,6112,73360,5308,189803,California
Contra Costa,2021-02-19,11381,274726,7096,151352,4285,123374,0,0,5167,115412,6200,79560,5169,194972,California
Contra Costa,2021-02-20,6434,281160,2885,154237,3549,126923,0,0,4565,118126,1853,81413,4567,199539,California
Contra Costa,2021-02-21,1789,282949,1243,155480,546,127469,0,0,1082,118502,706,82119,1082,200621,California
Contra Costa,2021-02-22,7521,290470,5092,160572,2429,129898,0,0,3476,117941,4038,86157,3477,204098,California
Contra Costa,2021-02-23,11853,302323,7225,167797,4628,134526,0,0,5904,117913,5936,92093,5908,210006,California
Contra Costa,2021-02-24,10449,312772,7666,175463,2783,137309,0,0,5041,117564,5392,97485,5043,215049,California
Contra Costa,2021-02-25,11422,324194,7192,182655,4230,141539,0,0,5183,116531,6220,103705,5187,220236,California
Contra Costa,2021-02-26,10674,334868,6732,189387,3942,145481,0,0,5291,116454,5369,109074,5292,225528,California
Contra Costa,2021-02-27,6595,341463,4192,193579,2403,147884,0,0,4096,118058,2493,111567,4097,229625,California
Contra Costa,2021-02-28,3785,345248,3121,196700,664,148548,0,0,3193,120662,590,112157,3194,232819,California
Contra Costa,2021-03-01,8068,353316,6070,202770,1998,150546,0,0,4961,122529,3096,115253,4963,237782,California
Contra Costa,2021-03-02,10016,363332,6262,209032,3753,154299,1,1,5178,122885,4824,120077,5180,242962,California
Contra Costa,2021-03-03,10923,374255,6841,215873,4081,158380,1,2,6042,124063,4866,124943,6044,249006,California
Contra Costa,2021-03-04,11840,386095,7058,222931,4782,163162,0,2,6131,124503,5691,130634,6131,255137,California
Contra Costa,2021-03-05,11171,397266,6632,229563,4535,167697,4,6,6348,126045,4810,135444,6352,261489,California
Contra Costa,2021-03-06,7245,404511,3981,233544,2957,170654,307,313,4682,128480,2553,137997,4988,266477,California
Contra Costa,2021-03-07,3595,408106,2250,235794,1286,171940,59,372,2924,130793,670,138667,2983,269460,California
Contra Costa,2021-03-08,8030,416136,3751,239545,3976,175916,303,675,5360,133801,2659,141326,5667,275127,California
Contra Costa,2021-03-09,10136,426272,4973,244518,4869,180785,294,969,5017,133999,5113,146439,5311,280438,California
Contra Costa,2021-03-10,12068,438340,5937,250455,4646,185431,1485,2454,5452,134324,6609,153048,6934,287372,California
Contra Costa,2021-03-11,12396,450736,6523,256978,5323,190754,550,3004,6329,135157,6048,159096,6881,294253,California
Contra Costa,2021-03-12,12436,463172,5088,262066,6823,197577,525,3529,6231,135722,6191,165287,6756,301009,California
Contra Costa,2021-03-13,7661,470833,3033,265099,4218,201795,410,3939,3037,134556,4608,169895,3442,304451,California
Contra Costa,2021-03-14,4319,475152,2529,267628,1311,203106,479,4418,2066,134853,2248,172143,2545,306996,California
Contra Costa,2021-03-15,9361,484513,5042,272670,3567,206673,752,5170,4748,135756,4598,176741,5501,312497,California
Contra Costa,2021-03-16,14227,498740,8452,281122,5381,212054,394,5564,7272,136484,6938,183679,7666,320163,California
Contra Costa,2021-03-17,14941,513681,10331,291453,4401,216455,209,5773,8556,138888,6366,190045,8770,328933,California
Contra Costa,2021-03-18,15328,529009,8521,299974,6329,222784,478,6251,8783,141628,6520,196565,9260,338193,California
Contra Costa,2021-03-19,15457,544466,8861,308835,5206,227990,1390,7641,8288,144151,7157,203722,9680,347873,California
Contra Costa,2021-03-20,10568,555034,6313,315148,3955,231945,300,7941,5211,144320,5341,209063,5510,353383,California
Contra Costa,2021-03-21,4437,559471,3882,319030,470,232415,85,8026,2093,144158,2340,211403,2178,355561,California
Contra Costa,2021-03-22,11486,570957,8653,327683,2585,235000,248,8274,7072,147074,4405,215808,7321,362882,California
Contra Costa,2021-03-23,15569,586526,10728,338411,4674,239674,167,8441,9540,150779,6005,221813,9710,372592,California
Contra Costa,2021-03-24,14881,601407,11622,350033,3048,242722,211,8652,9191,154517,5666,227479,9404,381996,California
Contra Costa,2021-03-25,15140,616547,11802,361835,3067,245789,271,8923,9364,158412,5740,233219,9635,391631,California
Contra Costa,2021-03-26,14869,631416,10668,372503,3806,249595,395,9318,8799,161552,6051,239270,9191,400822,California
Contra Costa,2021-03-27,10393,641809,6728,379231,3158,252753,507,9825,5772,163215,4613,243883,6276,407098,California
Contra Costa,2021-03-28,4106,645915,2912,382143,1141,253894,53,9878,1772,162714,2326,246209,1825,408923,California
Contra Costa,2021-03-29,10819,656734,8458,390601,2247,256141,114,9992,7099,166221,3707,249916,7214,416137,California
Contra Costa,2021-03-30,16693,673427,9111,399712,6251,262392,1331,11323,11100,173073,5578,255494,12430,428567,California
Contra Costa,2021-03-31,17891,691318,12543,412255,3912,266304,1436,12759,11612,179875,6249,261743,13051,441618,California
Contra Costa,2021-04-01,17376,708694,12192,424447,3825,270129,1359,14118,11367,186609,5994,267737,12728,454346,California
Contra Costa,2021-04-02,17293,725987,12800,437247,3499,273628,994,15112,11587,193496,5696,273433,12583,466929,California
Contra Costa,2021-04-03,10756,736743,6421,443668,2809,276437,1526,16638,6204,196686,4540,277973,7730,474659,California
Contra Costa,2021-04-04,3202,739945,1226,444894,1416,277853,560,17198,829,195706,2369,280342,1389,476048,California
Contra Costa,2021-04-05,11939,751884,7817,452711,3206,281059,916,18114,6563,197820,5366,285708,7480,483528,California
Contra Costa,2021-04-06,16781,768665,11610,464321,2984,284043,2187,20301,9393,202030,7372,293080,11582,495110,California
Contra Costa,2021-04-07,17252,785917,11519,475840,3138,287181,2595,22896,9574,206574,7664,300744,12208,507318,California
Contra Costa,2021-04-08,17384,803301,11455,487295,3211,290392,2718,25614,9094,210104,8274,309018,11804,519122,California
Contra Costa,2021-04-09,15936,819237,10275,497570,3932,294324,1729,27343,8656,213225,7262,316280,10383,529505,California
Contra Costa,2021-04-10,7381,826618,2562,500132,1821,296145,2998,30341,2512,213873,4857,321137,5505,535010,California
Contra Costa,2021-04-11,1828,828446,1063,501195,577,296722,188,30529,754,213746,1071,322208,944,535954,California
Del Norte,2020-12-21,23,23,23,23,0,0,0,0,23,23,0,0,23,23,California
Del Norte,2020-12-22,46,69,46,69,0,0,0,0,46,69,0,0,46,69,California
Del Norte,2020-12-23,58,127,48,117,10,10,0,0,57,126,0,0,57,126,California
Del Norte,2020-12-28,34,161,34,151,0,10,0,0,34,160,0,0,34,160,California
Del Norte,2020-12-29,4,165,4,155,0,10,0,0,4,164,0,0,4,164,California
Del Norte,2020-12-30,67,232,55,210,12,22,0,0,68,232,0,0,68,232,California
Del Norte,2020-12-31,16,248,13,223,3,25,0,0,16,248,0,0,16,248,California
Del Norte,2021-01-04,102,350,49,272,53,78,0,0,102,350,0,0,102,350,California
Del Norte,2021-01-05,33,383,0,272,33,111,0,0,33,383,0,0,33,383,California
Del Norte,2021-01-06,77,460,18,290,59,170,0,0,77,460,0,0,77,460,California
Del Norte,2021-01-07,21,481,1,291,20,190,0,0,21,481,0,0,21,481,California
Del Norte,2021-01-08,77,558,7,298,70,260,0,0,77,558,0,0,77,558,California
Del Norte,2021-01-11,40,598,21,319,19,279,0,0,18,555,22,22,19,577,California
Del Norte,2021-01-12,50,648,32,351,18,297,0,0,29,563,21,43,29,606,California
Del Norte,2021-01-13,85,733,40,391,45,342,0,0,52,582,33,76,52,658,California
Del Norte,2021-01-14,52,785,14,405,38,380,0,0,46,622,6,82,46,704,California
Del Norte,2021-01-15,107,892,18,423,89,469,0,0,95,705,12,94,95,799,California
Del Norte,2021-01-17,1,893,1,424,0,469,0,0,1,706,0,94,1,800,California
Del Norte,2021-01-18,2,895,0,424,2,471,0,0,2,708,0,94,2,802,California
Del Norte,2021-01-19,119,1014,56,480,63,534,0,0,77,743,42,136,77,879,California
Del Norte,2021-01-20,158,1172,84,564,74,608,0,0,96,777,62,198,96,975,California
Del Norte,2021-01-21,43,1215,40,604,3,611,0,0,32,798,11,209,32,1007,California
Del Norte,2021-01-22,19,1234,16,620,3,614,0,0,12,803,7,216,12,1019,California
Del Norte,2021-01-23,1,1235,0,620,1,615,0,0,1,804,0,216,1,1020,California
Del Norte,2021-01-24,1,1236,0,620,1,616,0,0,1,805,0,216,1,1021,California
Del Norte,2021-01-25,97,1333,79,699,18,634,0,0,53,814,44,260,53,1074,California
Del Norte,2021-01-26,18,1351,11,710,7,641,0,0,7,810,11,271,7,1081,California
Del Norte,2021-01-27,64,1415,21,731,43,684,0,0,61,868,3,274,61,1142,California
Del Norte,2021-01-28,291,1706,20,751,271,955,0,0,287,1151,4,278,287,1429,California
Del Norte,2021-01-29,51,1757,19,770,32,987,0,0,41,1182,10,288,41,1470,California
Del Norte,2021-01-30,8,1765,1,771,7,994,0,0,8,1190,0,288,8,1478,California
Del Norte,2021-02-01,41,1806,1,772,40,1034,0,0,26,1201,15,303,26,1504,California
Del Norte,2021-02-02,142,1948,34,806,108,1142,0,0,73,1206,68,371,73,1577,California
Del Norte,2021-02-03,125,2073,40,846,85,1227,0,0,71,1223,54,425,71,1648,California
Del Norte,2021-02-04,71,2144,29,875,42,1269,0,0,41,1234,30,455,41,1689,California
Del Norte,2021-02-05,181,2325,22,897,159,1428,0,0,118,1290,62,517,118,1807,California
Del Norte,2021-02-06,310,2635,6,903,304,1732,0,0,310,1600,0,517,310,2117,California
Del Norte,2021-02-07,2,2637,1,904,1,1733,0,0,2,1602,0,517,2,2119,California
Del Norte,2021-02-08,36,2673,1,905,35,1768,0,0,32,1630,4,521,32,2151,California
Del Norte,2021-02-09,8,2681,5,910,3,1771,0,0,2,1626,6,527,2,2153,California
Del Norte,2021-02-10,143,2824,20,930,123,1894,0,0,86,1656,56,583,86,2239,California
Del Norte,2021-02-11,175,2999,58,988,117,2011,0,0,63,1607,112,695,63,2302,California
Del Norte,2021-02-12,120,3119,14,1002,106,2117,0,0,66,1619,54,749,66,2368,California
Del Norte,2021-02-13,2,3121,1,1003,1,2118,0,0,2,1621,0,749,2,2370,California
Del Norte,2021-02-14,3,3124,1,1004,2,2120,0,0,2,1622,1,750,2,2372,California
Del Norte,2021-02-15,4,3128,0,1004,4,2124,0,0,2,1622,2,752,2,2374,California
Del Norte,2021-02-16,132,3260,1,1005,131,2255,0,0,13,1516,119,871,13,2387,California
Del Norte,2021-02-17,91,3351,20,1025,71,2326,0,0,24,1473,67,938,24,2411,California
Del Norte,2021-02-18,77,3428,24,1049,53,2379,0,0,51,1498,26,964,51,2462,California
Del Norte,2021-02-19,43,3471,17,1066,26,2405,0,0,33,1521,10,974,33,2495,California
Del Norte,2021-02-20,9,3480,6,1072,3,2408,0,0,7,1526,2,976,7,2502,California
Del Norte,2021-02-22,2,3482,0,1072,2,2410,0,0,2,1528,0,976,2,2504,California
Del Norte,2021-02-23,102,3584,84,1156,18,2428,0,0,31,1488,71,1047,31,2535,California
Del Norte,2021-02-24,152,3736,98,1254,54,2482,0,0,79,1494,73,1120,79,2614,California
Del Norte,2021-02-25,473,4209,130,1384,343,2825,0,0,210,1442,262,1382,210,2824,California
Del Norte,2021-02-26,211,4420,175,1559,36,2861,0,0,165,1561,46,1428,165,2989,California
Del Norte,2021-02-27,150,4570,145,1704,5,2866,0,0,141,1693,9,1437,141,3130,California
Del Norte,2021-02-28,4,4574,1,1705,3,2869,0,0,3,1695,1,1438,3,3133,California
Del Norte,2021-03-01,27,4601,2,1707,25,2894,0,0,4,1676,23,1461,4,3137,California
Del Norte,2021-03-02,218,4819,140,1847,78,2972,0,0,185,1828,33,1494,185,3322,California
Del Norte,2021-03-03,158,4977,90,1937,68,3040,0,0,117,1904,41,1535,117,3439,California
Del Norte,2021-03-04,120,5097,83,2020,37,3077,0,0,91,1967,28,1563,91,3530,California
Del Norte,2021-03-05,92,5189,9,2029,83,3160,0,0,44,1963,48,1611,44,3574,California
Del Norte,2021-03-06,434,5623,74,2103,310,3470,50,50,154,1844,280,1891,161,3735,California
Del Norte,2021-03-07,2,5625,1,2104,1,3471,0,50,1,1844,1,1892,1,3736,California
Del Norte,2021-03-08,28,5653,1,2105,25,3496,2,52,5,1828,23,1915,7,3743,California
Del Norte,2021-03-09,193,5846,112,2217,78,3574,3,55,182,2002,11,1926,185,3928,California
Del Norte,2021-03-10,218,6064,97,2314,93,3667,28,83,132,2076,86,2012,160,4088,California
Del Norte,2021-03-11,146,6210,55,2369,91,3758,0,83,102,2135,43,2055,102,4190,California
Del Norte,2021-03-12,178,6388,91,2460,87,3845,0,83,126,2209,52,2107,126,4316,California
Del Norte,2021-03-13,95,6483,94,2554,1,3846,0,83,91,2296,4,2111,91,4407,California
Del Norte,2021-03-14,1,6484,0,2554,1,3847,0,83,0,2295,1,2112,0,4407,California
Del Norte,2021-03-15,39,6523,0,2554,38,3885,1,84,34,2325,5,2117,35,4442,California
Del Norte,2021-03-16,276,6799,135,2689,141,4026,0,84,255,2559,21,2138,255,4697,California
Del Norte,2021-03-17,284,7083,97,2786,185,4211,2,86,170,2617,114,2252,172,4869,California
Del Norte,2021-03-18,287,7370,109,2895,175,4386,3,89,151,2636,135,2387,154,5023,California
Del Norte,2021-03-19,264,7634,158,3053,100,4486,6,95,90,2558,174,2561,96,5119,California
Del Norte,2021-03-20,158,7792,156,3209,2,4488,0,95,16,2432,142,2703,16,5135,California
Del Norte,2021-03-21,4,7796,2,3211,2,4490,0,95,2,2432,2,2705,2,5137,California
Del Norte,2021-03-22,41,7837,2,3213,38,4528,1,96,38,2468,3,2708,39,5176,California
Del Norte,2021-03-23,329,8166,162,3375,149,4677,18,114,160,2479,167,2875,178,5354,California
Del Norte,2021-03-24,392,8558,107,3482,244,4921,41,155,238,2604,154,3029,279,5633,California
Del Norte,2021-03-25,194,8752,90,3572,104,5025,0,155,87,2585,106,3135,87,5720,California
Del Norte,2021-03-26,227,8979,108,3680,119,5144,0,155,194,2746,33,3168,194,5914,California
Del Norte,2021-03-27,108,9087,87,3767,4,5148,17,172,19,2693,89,3257,36,5950,California
Del Norte,2021-03-28,4,9091,2,3769,2,5150,0,172,1,2691,3,3260,1,5951,California
Del Norte,2021-03-29,56,9147,6,3775,33,5183,17,189,31,2714,25,3285,48,5999,California
Del Norte,2021-03-30,334,9481,118,3893,205,5388,11,200,128,2647,206,3491,139,6138,California
Del Norte,2021-03-31,346,9827,100,3993,229,5617,17,217,190,2700,154,3645,207,6345,California
Del Norte,2021-04-01,165,9992,60,4053,71,5688,34,251,70,2710,94,3739,104,6449,California
Del Norte,2021-04-02,232,10224,80,4133,104,5792,48,299,76,2679,156,3895,125,6574,California
Del Norte,2021-04-03,103,10327,82,4215,2,5794,19,318,4,2604,98,3993,23,6597,California
Del Norte,2021-04-04,4,10331,0,4215,0,5794,4,322,0,2604,4,3997,4,6601,California
Del Norte,2021-04-05,53,10384,5,4220,44,5838,4,326,46,2647,7,4004,50,6651,California
Del Norte,2021-04-06,376,10760,122,4342,220,6058,34,360,147,2606,223,4227,182,6833,California
Del Norte,2021-04-07,329,11089,107,4449,171,6229,51,411,218,2764,111,4338,269,7102,California
Del Norte,2021-04-08,189,11278,53,4502,111,6340,25,436,109,2818,80,4418,134,7236,California
Del Norte,2021-04-09,176,11454,33,4535,72,6412,71,507,86,2884,90,4508,156,7392,California
Del Norte,2021-04-10,42,11496,31,4566,3,6415,8,515,31,2912,11,4519,39,7431,California
Del Norte,2021-04-11,7,11503,0,4566,0,6415,7,522,0,2912,7,4526,7,7438,California
El Dorado,2020-12-15,12,12,12,12,0,0,0,0,12,12,0,0,12,12,California
El Dorado,2020-12-16,40,52,40,52,0,0,0,0,40,52,0,0,40,52,California
El Dorado,2020-12-17,30,82,30,82,0,0,0,0,30,82,0,0,30,82,California
El Dorado,2020-12-18,236,318,236,318,0,0,0,0,236,318,0,0,236,318,California
El Dorado,2020-12-19,116,434,116,434,0,0,0,0,116,434,0,0,116,434,California
El Dorado,2020-12-20,84,518,84,518,0,0,0,0,84,518,0,0,84,518,California
El Dorado,2020-12-21,306,824,305,823,1,1,0,0,306,824,0,0,306,824,California
El Dorado,2020-12-22,239,1063,215,1038,24,25,0,0,239,1063,0,0,239,1063,California
El Dorado,2020-12-23,189,1252,139,1177,50,75,0,0,189,1252,0,0,189,1252,California
El Dorado,2020-12-24,86,1338,65,1242,21,96,0,0,86,1338,0,0,86,1338,California
El Dorado,2020-12-25,8,1346,8,1250,0,96,0,0,8,1346,0,0,8,1346,California
El Dorado,2020-12-26,43,1389,25,1275,18,114,0,0,43,1389,0,0,43,1389,California
El Dorado,2020-12-27,37,1426,33,1308,4,118,0,0,37,1426,0,0,37,1426,California
El Dorado,2020-12-28,216,1642,170,1478,46,164,0,0,216,1642,0,0,216,1642,California
El Dorado,2020-12-29,454,2096,140,1618,314,478,0,0,454,2096,0,0,454,2096,California
El Dorado,2020-12-30,504,2600,136,1754,368,846,0,0,504,2600,0,0,504,2600,California
El Dorado,2020-12-31,108,2708,68,1822,40,886,0,0,108,2708,0,0,108,2708,California
El Dorado,2021-01-01,6,2714,4,1826,2,888,0,0,6,2714,0,0,6,2714,California
El Dorado,2021-01-02,150,2864,139,1965,11,899,0,0,150,2864,0,0,150,2864,California
El Dorado,2021-01-03,90,2954,16,1981,74,973,0,0,90,2954,0,0,90,2954,California
El Dorado,2021-01-04,190,3144,63,2044,127,1100,0,0,190,3144,0,0,190,3144,California
El Dorado,2021-01-05,202,3346,48,2092,154,1254,0,0,186,3314,16,16,186,3330,California
El Dorado,2021-01-06,261,3607,188,2280,73,1327,0,0,198,3449,63,79,198,3528,California
El Dorado,2021-01-07,326,3933,134,2414,192,1519,0,0,256,3635,70,149,256,3784,California
El Dorado,2021-01-08,970,4903,500,2914,470,1989,0,0,767,4200,203,352,768,4552,California
El Dorado,2021-01-09,192,5095,156,3070,36,2025,0,0,124,4256,68,420,124,4676,California
El Dorado,2021-01-10,180,5275,129,3199,51,2076,0,0,111,4298,69,489,111,4787,California
El Dorado,2021-01-11,657,5932,292,3491,365,2441,0,0,459,4560,197,686,459,5246,California
El Dorado,2021-01-12,689,6621,418,3909,271,2712,0,0,441,4753,248,934,441,5687,California
El Dorado,2021-01-13,694,7315,295,4204,399,3111,0,0,535,5129,159,1093,535,6222,California
El Dorado,2021-01-14,677,7992,217,4421,460,3571,0,0,582,5616,95,1188,582,6804,California
El Dorado,2021-01-15,674,8666,184,4605,490,4061,0,0,602,6146,72,1260,602,7406,California
El Dorado,2021-01-16,170,8836,103,4708,67,4128,0,0,143,6262,27,1287,143,7549,California
El Dorado,2021-01-17,98,8934,46,4754,52,4180,0,0,81,6326,17,1304,81,7630,California
El Dorado,2021-01-18,418,9352,138,4892,280,4460,0,0,350,6608,68,1372,350,7980,California
El Dorado,2021-01-19,636,9988,351,5243,285,4745,0,0,487,6947,149,1521,488,8468,California
El Dorado,2021-01-20,1010,10998,685,5928,325,5070,0,0,898,7734,111,1632,898,9366,California
El Dorado,2021-01-21,1151,12149,569,6497,582,5652,0,0,945,8514,165,1797,945,10311,California
El Dorado,2021-01-22,1090,13239,703,7200,387,6039,0,0,1039,9503,50,1847,1039,11350,California
El Dorado,2021-01-23,736,13975,617,7817,119,6158,0,0,625,10017,111,1958,625,11975,California
El Dorado,2021-01-24,126,14101,76,7893,50,6208,0,0,107,10105,19,1977,107,12082,California
El Dorado,2021-01-25,609,14710,203,8096,406,6614,0,0,520,10536,89,2066,520,12602,California
El Dorado,2021-01-26,669,15379,361,8457,308,6922,0,0,567,11002,102,2168,568,13170,California
El Dorado,2021-01-27,925,16304,331,8788,594,7516,0,0,591,11258,335,2503,591,13761,California
El Dorado,2021-01-28,1096,17400,448,9236,648,8164,0,0,739,11640,357,2860,739,14500,California
El Dorado,2021-01-29,965,18365,487,9723,478,8642,0,0,736,12149,228,3088,737,15237,California
El Dorado,2021-01-30,612,18977,361,10084,251,8893,0,0,451,12439,161,3249,451,15688,California
El Dorado,2021-01-31,207,19184,186,10270,21,8914,0,0,178,12588,29,3278,178,15866,California
El Dorado,2021-02-01,785,19969,368,10638,417,9331,0,0,642,13088,142,3420,642,16508,California
El Dorado,2021-02-02,822,20791,363,11001,459,9790,0,0,665,13596,157,3577,665,17173,California
El Dorado,2021-02-03,896,21687,474,11475,422,10212,0,0,685,14070,211,3788,685,17858,California
El Dorado,2021-02-04,1263,22950,720,12195,543,10755,0,0,870,14547,393,4181,870,18728,California
El Dorado,2021-02-05,1474,24424,595,12790,879,11634,0,0,865,14837,575,4756,865,19593,California
El Dorado,2021-02-06,638,25062,334,13124,304,11938,0,0,530,15260,108,4864,531,20124,California
El Dorado,2021-02-07,255,25317,176,13300,79,12017,0,0,191,15387,64,4928,191,20315,California
El Dorado,2021-02-08,878,26195,416,13716,462,12479,0,0,605,15719,273,5201,605,20920,California
El Dorado,2021-02-09,903,27098,488,14204,415,12894,0,0,482,15780,421,5622,482,21402,California
El Dorado,2021-02-10,1237,28335,727,14931,510,13404,0,0,646,15836,590,6212,646,22048,California
El Dorado,2021-02-11,2124,30459,879,15810,1245,14649,0,0,953,15620,1170,7382,954,23002,California
El Dorado,2021-02-12,1557,32016,822,16632,735,15384,0,0,677,15418,880,8262,678,23680,California
El Dorado,2021-02-13,973,32989,668,17300,305,15689,0,0,430,15308,540,8802,430,24110,California
El Dorado,2021-02-14,480,33469,153,17453,327,16016,0,0,397,15622,83,8885,397,24507,California
El Dorado,2021-02-15,1180,34649,386,17839,794,16810,0,0,826,16097,354,9239,829,25336,California
El Dorado,2021-02-16,1171,35820,527,18366,644,17454,0,0,666,16260,504,9743,667,26003,California
El Dorado,2021-02-17,899,36719,371,18737,528,17982,0,0,421,16205,478,10221,423,26426,California
El Dorado,2021-02-18,2074,38793,1005,19742,1069,19051,0,0,1350,16832,723,10944,1350,27776,California
El Dorado,2021-02-19,1155,39948,599,20341,556,19607,0,0,645,16969,510,11454,647,28423,California
El Dorado,2021-02-20,912,40860,434,20775,478,20085,0,0,664,17391,242,11696,664,29087,California
El Dorado,2021-02-21,280,41140,224,20999,56,20141,0,0,100,17312,179,11875,100,29187,California
El Dorado,2021-02-22,861,42001,436,21435,425,20566,0,0,278,17008,582,12457,278,29465,California
El Dorado,2021-02-23,812,42813,470,21905,342,20908,0,0,331,16858,481,12938,331,29796,California
El Dorado,2021-02-24,992,43805,439,22344,553,21461,0,0,400,16667,592,13530,401,30197,California
El Dorado,2021-02-25,1593,45398,878,23222,715,22176,0,0,692,16465,895,14425,693,30890,California
El Dorado,2021-02-26,2324,47722,1483,24705,841,23017,0,0,1569,17281,753,15178,1569,32459,California
El Dorado,2021-02-27,1644,49366,436,25141,1208,24225,0,0,1204,18048,437,15615,1204,33663,California
El Dorado,2021-02-28,568,49934,204,25345,364,24589,0,0,417,18315,151,15766,418,34081,California
El Dorado,2021-03-01,1094,51028,450,25795,644,25233,0,0,601,18424,492,16258,601,34682,California
El Dorado,2021-03-02,876,51904,262,26057,614,25847,0,0,451,18452,423,16681,451,35133,California
El Dorado,2021-03-03,1617,53521,445,26502,1172,27019,0,0,1099,19042,511,17192,1101,36234,California
El Dorado,2021-03-04,2461,55982,1531,28033,930,27949,0,0,1193,18970,1265,18457,1193,37427,California
El Dorado,2021-03-05,1552,57534,420,28453,1127,29076,5,5,1025,19477,523,18980,1030,38457,California
El Dorado,2021-03-06,719,58253,201,28654,485,29561,33,38,376,19543,343,19323,409,38866,California
El Dorado,2021-03-07,395,58648,197,28851,180,29741,18,56,233,19634,160,19483,251,39117,California
El Dorado,2021-03-08,1314,59962,364,29215,879,30620,71,127,843,20080,468,19951,914,40031,California
El Dorado,2021-03-09,943,60905,225,29440,651,31271,67,194,557,20328,376,20327,624,40655,California
El Dorado,2021-03-10,915,61820,342,29782,518,31789,55,249,528,20528,383,20710,583,41238,California
El Dorado,2021-03-11,2978,64798,1827,31609,971,32760,180,429,1368,20477,1598,22308,1547,42785,California
El Dorado,2021-03-12,1733,66531,619,32228,871,33631,243,672,720,20441,999,23307,963,43748,California
El Dorado,2021-03-13,1028,67559,341,32569,408,34039,279,951,356,20404,670,23977,633,44381,California
El Dorado,2021-03-14,776,68335,209,32778,454,34493,113,1064,261,20263,515,24492,374,44755,California
El Dorado,2021-03-15,1350,69685,297,33075,926,35419,127,1191,564,20172,782,25274,691,45446,California
El Dorado,2021-03-16,1177,70862,401,33476,632,36051,144,1335,539,20223,632,25906,683,46129,California
El Dorado,2021-03-17,1054,71916,352,33828,607,36658,95,1430,679,20620,375,26281,772,46901,California
El Dorado,2021-03-18,2900,74816,1743,35571,1113,37771,44,1474,1919,21609,975,27256,1964,48865,California
El Dorado,2021-03-19,1062,75878,355,35926,563,38334,144,1618,591,21874,471,27727,736,49601,California
El Dorado,2021-03-20,923,76801,261,36187,645,38979,17,1635,351,21681,561,28288,368,49969,California
El Dorado,2021-03-21,1020,77821,414,36601,601,39580,5,1640,934,22535,85,28373,939,50908,California
El Dorado,2021-03-22,1469,79290,486,37087,902,40482,81,1721,1173,23497,292,28665,1254,52162,California
El Dorado,2021-03-23,1085,80375,451,37538,543,41025,91,1812,700,23911,377,29042,791,52953,California
El Dorado,2021-03-24,1398,81773,625,38163,579,41604,194,2006,673,24064,714,29756,867,53820,California
El Dorado,2021-03-25,2411,84184,1659,39822,650,42254,102,2108,1355,24469,1052,30808,1457,55277,California
El Dorado,2021-03-26,1714,85898,680,40502,925,43179,109,2217,915,24708,785,31593,1024,56301,California
El Dorado,2021-03-27,1287,87185,185,40687,1098,44277,4,2221,322,24075,959,32552,326,56627,California
El Dorado,2021-03-28,612,87797,183,40870,419,44696,10,2231,196,23868,413,32965,206,56833,California
El Dorado,2021-03-29,1297,89094,432,41302,851,45547,14,2245,830,24248,464,33429,844,57677,California
El Dorado,2021-03-30,1323,90417,411,41713,822,46369,90,2335,688,24395,630,34059,777,58454,California
El Dorado,2021-03-31,1515,91932,576,42289,876,47245,63,2398,713,24371,799,34858,775,59229,California
El Dorado,2021-04-01,3168,95100,1745,44034,1340,48585,83,2481,1515,24320,1651,36509,1600,60829,California
El Dorado,2021-04-02,1813,96913,554,44588,1167,49752,92,2573,719,24040,1091,37600,811,61640,California
El Dorado,2021-04-03,729,97642,280,44868,330,50082,119,2692,216,23862,513,38113,335,61975,California
El Dorado,2021-04-04,257,97899,77,44945,134,50216,46,2738,90,23832,166,38279,136,62111,California
El Dorado,2021-04-05,1364,99263,415,45360,865,51081,84,2822,568,23691,793,39072,652,62763,California
El Dorado,2021-04-06,1363,100626,493,45853,660,51741,210,3032,431,23401,930,40002,640,63403,California
El Dorado,2021-04-07,1457,102083,542,46395,496,52237,419,3451,518,23400,937,40939,936,64339,California
El Dorado,2021-04-08,2532,104615,1651,48046,647,52884,234,3685,1005,23117,1522,42461,1239,65578,California
El Dorado,2021-04-09,1057,105672,356,48402,522,53406,179,3864,405,23049,651,43112,583,66161,California
El Dorado,2021-04-10,596,106268,177,48579,323,53729,96,3960,313,23177,281,43393,409,66570,California
El Dorado,2021-04-11,190,106458,75,48654,106,53835,9,3969,84,23164,106,43499,93,66663,California
Fresno,2020-12-15,2,2,2,2,0,0,0,0,2,2,0,0,2,2,California
Fresno,2020-12-16,121,123,121,123,0,0,0,0,121,123,0,0,121,123,California
Fresno,2020-12-17,120,243,120,243,0,0,0,0,120,243,0,0,120,243,California
Fresno,2020-12-18,345,588,345,588,0,0,0,0,345,588,0,0,345,588,California
Fresno,2020-12-19,157,745,157,745,0,0,0,0,157,745,0,0,157,745,California
Fresno,2020-12-20,255,1000,253,998,2,2,0,0,255,1000,0,0,255,1000,California
Fresno,2020-12-21,924,1924,923,1921,1,3,0,0,956,1956,0,0,956,1956,California
Fresno,2020-12-22,901,2825,872,2793,29,32,0,0,905,2861,0,0,905,2861,California
Fresno,2020-12-23,1083,3908,1049,3842,34,66,0,0,1084,3945,0,0,1084,3945,California
Fresno,2020-12-24,579,4487,562,4404,17,83,0,0,579,4524,0,0,579,4524,California
Fresno,2020-12-25,2,4489,1,4405,1,84,0,0,2,4526,0,0,2,4526,California
Fresno,2020-12-26,720,5209,712,5117,8,92,0,0,720,5246,0,0,720,5246,California
Fresno,2020-12-27,298,5507,204,5321,94,186,0,0,298,5544,0,0,298,5544,California
Fresno,2020-12-28,1060,6567,774,6095,286,472,0,0,1060,6604,0,0,1060,6604,California
Fresno,2020-12-29,1769,8336,1040,7135,729,1201,0,0,1767,8370,1,1,1767,8371,California
Fresno,2020-12-30,978,9314,477,7612,501,1702,0,0,978,9348,0,1,978,9349,California
Fresno,2020-12-31,893,10207,310,7922,583,2285,0,0,892,10240,0,1,892,10241,California
Fresno,2021-01-01,9,10216,3,7925,6,2291,0,0,9,10249,0,1,9,10250,California
Fresno,2021-01-02,1029,11245,717,8642,312,2603,0,0,1029,11278,0,1,1029,11279,California
Fresno,2021-01-03,154,11399,129,8771,25,2628,0,0,154,11432,0,1,154,11433,California
Fresno,2021-01-04,606,12005,373,9144,233,2861,0,0,606,12038,0,1,606,12039,California
Fresno,2021-01-05,776,12781,311,9455,465,3326,0,0,702,12666,74,75,702,12741,California
Fresno,2021-01-06,970,13751,345,9800,625,3951,0,0,798,13292,172,247,798,13539,California
Fresno,2021-01-07,1881,15632,914,10714,967,4918,0,0,1628,14670,253,500,1631,15170,California
Fresno,2021-01-08,1777,17409,616,11330,1161,6079,0,0,1411,15717,364,864,1411,16581,California
Fresno,2021-01-09,628,18037,387,11717,241,6320,0,0,354,15797,274,1138,354,16935,California
Fresno,2021-01-10,515,18552,485,12202,30,6350,0,0,202,15686,313,1451,202,17137,California
Fresno,2021-01-11,2144,20696,1740,13942,404,6754,0,0,1451,16447,693,2144,1454,18591,California
Fresno,2021-01-12,2506,23202,1813,15755,693,7447,0,0,1659,17259,849,2993,1661,20252,California
Fresno,2021-01-13,3522,26724,2412,18167,1110,8557,0,0,2667,19073,855,3848,2669,22921,California
Fresno,2021-01-14,4135,30859,2199,20366,1936,10493,0,0,3664,22267,470,4318,3664,26585,California
Fresno,2021-01-15,3625,34484,2519,22885,1106,11599,0,0,3269,25183,356,4674,3272,29857,California
Fresno,2021-01-16,3135,37619,2293,25178,842,12441,0,0,2672,27394,462,5136,2673,32530,California
Fresno,2021-01-17,975,38594,553,25731,422,12863,0,0,777,27973,198,5334,777,33307,California
Fresno,2021-01-18,3074,41668,2366,28097,708,13571,0,0,2411,29725,661,5995,2413,35720,California
Fresno,2021-01-19,4316,45984,2547,30644,1769,15340,0,0,3669,32750,647,6642,3672,39392,California
Fresno,2021-01-20,2990,48974,1183,31827,1807,17147,0,0,2693,35148,298,6940,2696,42088,California
Fresno,2021-01-21,4345,53319,2001,33828,2344,19491,0,0,3999,38824,328,7268,4004,46092,California
Fresno,2021-01-22,3303,56622,1343,35171,1960,21451,0,0,2916,41371,370,7638,2917,49009,California
Fresno,2021-01-23,3029,59651,1958,37129,1071,22522,0,0,2307,42964,722,8360,2315,51324,California
Fresno,2021-01-24,548,60199,372,37501,176,22698,0,0,345,43109,203,8563,348,51672,California
Fresno,2021-01-25,2333,62532,861,38362,1472,24170,0,0,1848,44476,485,9048,1852,53524,California
Fresno,2021-01-26,2007,64539,581,38943,1426,25596,0,0,1307,45086,698,9746,1308,54832,California
Fresno,2021-01-27,2246,66785,1162,40105,1084,26680,0,0,1727,46298,518,10264,1730,56562,California
Fresno,2021-01-28,4452,71237,3027,43132,1425,28105,0,0,3449,48751,999,11263,3452,60014,California
Fresno,2021-01-29,1697,72934,984,44116,713,28818,0,0,1399,49856,295,11558,1400,61414,California
Fresno,2021-01-30,1432,74366,541,44657,891,29709,0,0,1020,50464,412,11970,1020,62434,California
Fresno,2021-01-31,226,74592,217,44874,9,29718,0,0,72,50382,154,12124,72,62506,California
Fresno,2021-02-01,3315,77907,1656,46530,1659,31377,0,0,1807,50700,1507,13631,1825,64331,California
Fresno,2021-02-02,2720,80627,553,47083,2167,33544,0,0,1596,51199,1110,14741,1609,65940,California
Fresno,2021-02-03,3498,84125,2063,49146,1435,34979,0,0,1517,50750,1967,16708,1518,67458,California
Fresno,2021-02-04,4198,88323,1901,51047,2297,37276,0,0,1930,50447,2238,18946,1935,69393,California
Fresno,2021-02-05,5198,93521,2598,53645,2600,39876,0,0,2184,49625,3008,21954,2186,71579,California
Fresno,2021-02-06,2929,96450,2043,55688,886,40762,0,0,973,48648,1952,23906,975,72554,California
Fresno,2021-02-07,465,96915,285,55973,180,40942,0,0,272,48728,192,24098,272,72826,California
Fresno,2021-02-08,4275,101190,2297,58270,1978,42920,0,0,1812,48110,2439,26537,1821,74647,California
Fresno,2021-02-09,5325,106515,2083,60353,3242,46162,0,0,3116,49100,2134,28671,3124,77771,California
Fresno,2021-02-10,3862,110377,1234,61587,2628,48790,0,0,1981,49264,1827,30498,1991,79762,California
Fresno,2021-02-11,6443,116820,2090,63677,4353,53143,0,0,3391,49621,3038,33536,3395,83157,California
Fresno,2021-02-12,5368,122188,1380,65057,3988,57131,0,0,2749,49774,2602,36138,2755,85912,California
Fresno,2021-02-13,3722,125910,1544,66601,2178,59309,0,0,2074,50217,1636,37774,2079,87991,California
Fresno,2021-02-14,1558,127468,281,66882,1277,60586,0,0,848,50357,709,38483,849,88840,California
Fresno,2021-02-15,2879,130347,270,67152,2609,63195,0,0,1775,51036,1100,39583,1779,90619,California
Fresno,2021-02-16,6672,137019,2398,69550,4274,67469,0,0,4245,52876,2411,41994,4251,94870,California
Fresno,2021-02-17,5318,142337,2446,71996,2872,70341,0,0,2975,53556,2299,44293,2979,97849,California
Fresno,2021-02-18,6848,149185,2901,74897,3947,74288,0,0,2573,51914,4226,48519,2584,100433,California
Fresno,2021-02-19,3827,153012,1095,75992,2732,77020,0,0,1829,51758,1988,50507,1832,102265,California
Fresno,2021-02-20,4532,157544,2497,78489,2035,79055,0,0,3064,53365,1462,51969,3069,105334,California
Fresno,2021-02-21,186,157730,170,78659,16,79071,0,0,127,53446,46,52015,127,105461,California
Fresno,2021-02-22,2221,159951,999,79658,1222,80293,0,0,1225,53688,990,53005,1232,106693,California
Fresno,2021-02-23,3853,163804,1452,81110,2401,82694,0,0,3000,55844,846,53851,3002,109695,California
Fresno,2021-02-24,4161,167965,1490,82600,2671,85365,0,0,3421,58539,730,54581,3425,113120,California
Fresno,2021-02-25,7440,175405,2490,85090,4950,90315,0,0,5994,63157,1381,55962,5999,119119,California
Fresno,2021-02-26,8263,183668,3001,88091,5262,95577,0,0,6991,68902,1251,57213,6996,126115,California
Fresno,2021-02-27,6269,189937,2186,90277,4083,99660,0,0,5588,73824,672,57885,5594,131709,California
Fresno,2021-02-28,1627,191564,528,90805,1099,100759,0,0,1544,75296,72,57957,1544,133253,California
Fresno,2021-03-01,4855,196419,1280,92085,3575,104334,0,0,3583,77625,1262,59219,3591,136844,California
Fresno,2021-03-02,8354,204773,2285,94370,6069,110403,0,0,7014,83346,1317,60536,7038,143882,California
Fresno,2021-03-03,6549,211322,1567,95937,4981,115384,1,1,5533,87990,1004,61540,5648,149530,California
Fresno,2021-03-04,8378,219700,2497,98434,5881,121265,0,1,6880,93405,1473,63013,6888,156418,California
Fresno,2021-03-05,7786,227486,2643,101077,5141,126406,2,3,6782,99392,872,63885,6859,163277,California
Fresno,2021-03-06,6416,233902,3521,104598,2778,129184,117,120,5482,104066,929,64814,5603,168880,California
Fresno,2021-03-07,1363,235265,569,105167,761,129945,33,153,1141,105019,221,65035,1174,170054,California
Fresno,2021-03-08,4815,240080,1792,106959,2870,132815,153,306,3648,107670,1160,66195,3811,173865,California
Fresno,2021-03-09,6760,246840,2292,109251,4201,137016,267,573,3863,108956,2880,69075,4166,178031,California
Fresno,2021-03-10,6525,253365,2665,111916,3474,140490,386,959,5142,113121,1372,70447,5537,183568,California
Fresno,2021-03-11,11179,264544,4495,116411,6122,146612,562,1521,6184,114978,4964,75411,6821,190389,California
Fresno,2021-03-12,11353,275897,4879,121290,6033,152645,441,1962,8425,121070,2913,78324,9005,199394,California
Fresno,2021-03-13,8033,283930,3881,125171,3140,155785,1012,2974,3866,121873,4148,82472,4951,204345,California
Fresno,2021-03-14,1726,285656,461,125632,986,156771,279,3253,648,121727,1072,83544,926,205271,California
Fresno,2021-03-15,6800,292456,2917,128549,3713,160484,170,3423,4651,124595,2137,85681,5005,210276,California
Fresno,2021-03-16,9987,302443,4392,132941,5205,165689,390,3813,6128,127377,3835,89516,6617,216893,California
Fresno,2021-03-17,8393,310836,3857,136798,3843,169532,693,4506,5632,131338,2745,92261,6706,223599,California
Fresno,2021-03-18,12109,322945,6541,143339,4938,174470,630,5136,7941,136199,4131,96392,8992,232591,California
Fresno,2021-03-19,10799,333744,5582,148921,4603,179073,614,5750,7380,141092,3394,99786,8287,240878,California
Fresno,2021-03-20,7309,341053,4379,153300,2619,181692,311,6061,4486,143350,2809,102595,5067,245945,California
Fresno,2021-03-21,1766,342819,1196,154496,198,181890,372,6433,962,143885,800,103395,1335,247280,California
Fresno,2021-03-22,5581,348400,2874,157370,2113,184003,594,7027,3792,146699,1771,105166,4585,251865,California
Fresno,2021-03-23,10561,358961,5224,162594,4846,188849,491,7518,6138,149352,4403,109569,7056,258921,California
Fresno,2021-03-24,8572,367533,3625,166219,4119,192968,828,8346,4745,151182,3796,113365,5626,264547,California
Fresno,2021-03-25,11887,379420,5548,171767,5644,198612,695,9041,6157,152418,5699,119064,6935,271482,California
Fresno,2021-03-26,11831,391251,5298,177065,5892,204504,641,9682,5266,151828,6520,125584,5930,277412,California
Fresno,2021-03-27,9341,400592,4117,181182,4140,208644,1084,10766,2940,149489,6369,131953,4030,281442,California
Fresno,2021-03-28,3248,403840,1186,182368,1391,210035,671,11437,1345,149869,1895,133848,2275,283717,California
Fresno,2021-03-29,5993,409833,1979,184347,3473,213508,541,11978,2929,150307,3045,136893,3483,287200,California
Fresno,2021-03-30,10586,420419,4131,188478,5586,219094,869,12847,4450,149515,6114,143007,5322,292522,California
Fresno,2021-03-31,8914,429333,3280,191758,4659,223753,975,13822,3825,149266,5052,148059,4803,297325,California
Fresno,2021-04-01,11038,440371,4011,195769,6183,229936,844,14666,3845,146792,7121,155180,4647,301972,California
Fresno,2021-04-02,11114,451485,4381,200150,5970,235906,763,15429,4203,145003,6763,161943,4974,306946,California
Fresno,2021-04-03,6125,457610,3373,203523,2506,238412,246,15675,2228,143631,3883,165826,2511,309457,California
Fresno,2021-04-04,1480,459090,527,204050,911,239323,42,15717,561,143321,913,166739,603,310060,California
Fresno,2021-04-05,7560,466650,3871,207921,2921,242244,768,16485,2408,141426,5142,171881,3247,313307,California
Fresno,2021-04-06,9202,475852,3835,211756,4250,246494,1117,17602,3482,140348,5692,177573,4614,317921,California
Fresno,2021-04-07,9635,485487,4920,216676,3622,250116,1093,18695,3385,138638,6220,183793,4510,322431,California
Fresno,2021-04-08,9673,495160,4657,221333,3920,254036,1096,19791,3232,136606,6404,190197,4372,326803,California
Fresno,2021-04-09,7076,502236,2530,223863,3505,257541,1041,20832,2106,134846,4933,195130,3173,329976,California
Fresno,2021-04-10,3502,505738,1645,225508,1606,259147,251,21083,1462,134521,2037,197167,1712,331688,California
Fresno,2021-04-11,520,506258,384,225892,83,259230,53,21136,107,134271,410,197577,160,331848,California
Glenn,2020-12-17,1,1,1,1,0,0,0,0,1,1,0,0,1,1,California
Glenn,2020-12-19,1,2,1,2,0,0,0,0,1,2,0,0,1,2,California
Glenn,2020-12-20,1,3,1,3,0,0,0,0,1,3,0,0,1,3,California
Glenn,2020-12-21,11,14,11,14,0,0,0,0,11,14,0,0,11,14,California
Glenn,2020-12-22,59,73,59,73,0,0,0,0,59,73,0,0,59,73,California
Glenn,2020-12-23,26,99,26,99,0,0,0,0,26,99,0,0,26,99,California
Glenn,2020-12-24,9,108,9,108,0,0,0,0,9,108,0,0,9,108,California
Glenn,2020-12-26,2,110,2,110,0,0,0,0,2,110,0,0,2,110,California
Glenn,2020-12-27,4,114,4,114,0,0,0,0,4,114,0,0,4,114,California
Glenn,2020-12-28,21,135,21,135,0,0,0,0,21,135,0,0,21,135,California
Glenn,2020-12-29,82,217,82,217,0,0,0,0,82,217,0,0,82,217,California
Glenn,2020-12-30,128,345,106,323,22,22,0,0,128,345,0,0,128,345,California
Glenn,2020-12-31,38,383,9,332,29,51,0,0,38,383,0,0,38,383,California
Glenn,2021-01-02,2,385,2,334,0,51,0,0,2,385,0,0,2,385,California
Glenn,2021-01-04,7,392,5,339,2,53,0,0,7,392,0,0,7,392,California
Glenn,2021-01-05,9,401,8,347,1,54,0,0,9,401,0,0,9,401,California
Glenn,2021-01-06,61,462,9,356,52,106,0,0,61,462,0,0,61,462,California
Glenn,2021-01-07,66,528,12,368,54,160,0,0,64,524,2,2,64,526,California
Glenn,2021-01-08,11,539,9,377,2,162,0,0,11,535,0,2,11,537,California
Glenn,2021-01-10,1,540,1,378,0,162,0,0,0,534,1,3,0,537,California
Glenn,2021-01-11,30,570,30,408,0,162,0,0,12,528,18,21,12,549,California
Glenn,2021-01-12,42,612,37,445,5,167,0,0,14,514,28,49,14,563,California
Glenn,2021-01-13,152,764,87,532,65,232,0,0,109,580,43,92,109,672,California
Glenn,2021-01-14,184,948,96,628,88,320,0,0,174,744,10,102,174,846,California
Glenn,2021-01-15,42,990,34,662,8,328,0,0,37,776,5,107,37,883,California
Glenn,2021-01-16,34,1024,14,676,20,348,0,0,24,790,10,117,24,907,California
Glenn,2021-01-17,4,1028,2,678,2,350,0,0,2,790,2,119,2,909,California
Glenn,2021-01-18,17,1045,16,694,1,351,0,0,9,791,8,127,9,918,California
Glenn,2021-01-19,30,1075,20,714,10,361,0,0,13,787,17,144,13,931,California
Glenn,2021-01-20,163,1238,94,808,69,430,0,0,82,788,81,225,82,1013,California
Glenn,2021-01-21,124,1362,98,906,26,456,0,0,30,724,94,319,30,1043,California
Glenn,2021-01-22,337,1699,63,969,274,730,0,0,330,1047,7,326,330,1373,California
Glenn,2021-01-23,14,1713,7,976,7,737,0,0,12,1057,2,328,12,1385,California
Glenn,2021-01-24,2,1715,2,978,0,737,0,0,2,1059,0,328,2,1387,California
Glenn,2021-01-25,27,1742,9,987,18,755,0,0,24,1080,3,331,24,1411,California
Glenn,2021-01-26,29,1771,13,1000,16,771,0,0,23,1097,6,337,23,1434,California
Glenn,2021-01-27,188,1959,14,1014,174,945,0,0,166,1241,22,359,166,1600,California
Glenn,2021-01-28,146,2105,8,1022,138,1083,0,0,116,1327,30,389,116,1716,California
Glenn,2021-01-29,297,2402,12,1034,285,1368,0,0,283,1596,14,403,283,1999,California
Glenn,2021-01-30,5,2407,0,1034,5,1373,0,0,5,1601,0,403,5,2004,California
Glenn,2021-01-31,1,2408,0,1034,1,1374,0,0,1,1602,0,403,1,2005,California
Glenn,2021-02-01,28,2436,10,1044,18,1392,0,0,16,1606,12,415,16,2021,California
Glenn,2021-02-02,28,2464,13,1057,15,1407,0,0,19,1616,9,424,19,2040,California
Glenn,2021-02-03,207,2671,58,1115,149,1556,0,0,112,1633,95,519,112,2152,California
Glenn,2021-02-04,149,2820,84,1199,65,1621,0,0,45,1574,104,623,45,2197,California
Glenn,2021-02-05,320,3140,24,1223,296,1917,0,0,301,1856,19,642,301,2498,California
Glenn,2021-02-06,14,3154,2,1225,12,1929,0,0,13,1868,1,643,13,2511,California
Glenn,2021-02-07,2,3156,2,1227,0,1929,0,0,2,1870,0,643,2,2513,California
Glenn,2021-02-08,21,3177,17,1244,4,1933,0,0,4,1857,17,660,4,2517,California
Glenn,2021-02-09,49,3226,20,1264,29,1962,0,0,36,1880,13,673,36,2553,California
Glenn,2021-02-10,138,3364,19,1283,119,2081,0,0,64,1870,74,747,64,2617,California
Glenn,2021-02-11,231,3595,132,1415,99,2180,0,0,149,1937,82,829,149,2766,California
Glenn,2021-02-12,420,4015,99,1514,321,2501,0,0,356,2229,64,893,356,3122,California
Glenn,2021-02-13,34,4049,7,1521,27,2528,0,0,16,2227,18,911,16,3138,California
Glenn,2021-02-14,1,4050,0,1521,1,2529,0,0,1,2228,0,911,1,3139,California
Glenn,2021-02-15,8,4058,0,1521,8,2537,0,0,8,2236,0,911,8,3147,California
Glenn,2021-02-16,39,4097,9,1530,30,2567,0,0,21,2239,18,929,21,3168,California
Glenn,2021-02-17,379,4476,15,1545,364,2931,0,0,301,2462,78,1007,301,3469,California
Glenn,2021-02-18,134,4610,99,1644,35,2966,0,0,110,2548,24,1031,110,3579,California
Glenn,2021-02-19,304,4914,17,1661,287,3253,0,0,30,2304,274,1305,30,3609,California
Glenn,2021-02-20,8,4922,0,1661,8,3261,0,0,0,2296,8,1313,0,3609,California
Glenn,2021-02-22,33,4955,14,1675,19,3280,0,0,17,2297,16,1329,17,3626,California
Glenn,2021-02-23,40,4995,10,1685,30,3310,0,0,28,2313,12,1341,28,3654,California
Glenn,2021-02-24,222,5217,16,1701,206,3516,0,0,48,2187,174,1515,48,3702,California
Glenn,2021-02-25,261,5478,147,1848,114,3630,0,0,117,2160,144,1659,117,3819,California
Glenn,2021-02-26,305,5783,24,1872,281,3911,0,0,20,1896,284,1943,20,3839,California
Glenn,2021-02-27,15,5798,5,1877,10,3921,0,0,5,1892,9,1952,5,3844,California
Glenn,2021-02-28,6,5804,3,1880,3,3924,0,0,3,1893,2,1954,3,3847,California
Glenn,2021-03-01,28,5832,6,1886,22,3946,0,0,12,1889,16,1970,12,3859,California
Glenn,2021-03-02,35,5867,7,1893,28,3974,0,0,17,1888,18,1988,17,3876,California
Glenn,2021-03-03,190,6057,34,1927,156,4130,0,0,98,1895,91,2079,98,3974,California
Glenn,2021-03-04,520,6577,175,2102,345,4475,0,0,376,2127,144,2223,376,4350,California
Glenn,2021-03-05,353,6930,44,2146,309,4784,0,0,34,1842,319,2542,34,4384,California
Glenn,2021-03-06,26,6956,3,2149,22,4806,1,1,9,1835,17,2559,10,4394,California
Glenn,2021-03-07,5,6961,0,2149,5,4811,0,1,3,1837,1,2560,3,4397,California
Glenn,2021-03-08,20,6981,2,2151,17,4828,1,2,18,1854,2,2562,19,4416,California
Glenn,2021-03-09,74,7055,11,2162,60,4888,3,5,50,1882,24,2586,52,4468,California
Glenn,2021-03-10,171,7226,68,2230,101,4989,2,7,95,1903,76,2662,97,4565,California
Glenn,2021-03-11,584,7810,169,2399,391,5380,24,31,454,2251,130,2792,478,5043,California
Glenn,2021-03-12,415,8225,14,2413,340,5720,61,92,39,1975,376,3168,100,5143,California
Glenn,2021-03-13,11,8236,2,2415,1,5721,8,100,1,1974,10,3178,9,5152,California
Glenn,2021-03-14,3,8239,1,2416,2,5723,0,100,2,1975,1,3179,2,5154,California
Glenn,2021-03-15,75,8314,15,2431,55,5778,5,105,60,2025,15,3194,65,5219,California
Glenn,2021-03-16,104,8418,32,2463,61,5839,11,116,63,2058,41,3235,74,5293,California
Glenn,2021-03-17,412,8830,97,2560,308,6147,7,123,110,1872,302,3537,116,5409,California
Glenn,2021-03-18,518,9348,214,2774,49,6196,255,378,144,1897,374,3911,399,5808,California
Glenn,2021-03-19,91,9439,16,2790,69,6265,6,384,70,1953,20,3931,76,5884,California
Glenn,2021-03-20,120,9559,1,2791,118,6383,1,385,118,2070,2,3933,119,6003,California
Glenn,2021-03-21,6,9565,5,2796,0,6383,1,386,3,2072,2,3935,4,6007,California
Glenn,2021-03-22,116,9681,53,2849,55,6438,8,394,96,2158,18,3953,104,6111,California
Glenn,2021-03-23,168,9849,67,2916,50,6488,51,445,95,2232,72,4025,146,6257,California
Glenn,2021-03-24,204,10053,99,3015,100,6588,5,450,133,2300,70,4095,138,6395,California
Glenn,2021-03-25,455,10508,230,3245,131,6719,94,544,326,2592,128,4223,420,6815,California
Glenn,2021-03-26,225,10733,34,3279,155,6874,36,580,175,2753,50,4273,211,7026,California
Glenn,2021-03-27,152,10885,21,3300,126,7000,5,585,142,2890,10,4283,147,7173,California
Glenn,2021-03-28,15,10900,10,3310,5,7005,0,585,10,2895,5,4288,10,7183,California
Glenn,2021-03-29,58,10958,19,3329,36,7041,3,588,44,2928,14,4302,47,7230,California
Glenn,2021-03-30,73,11031,41,3370,31,7072,1,589,43,2943,29,4331,44,7274,California
Glenn,2021-03-31,125,11156,36,3406,88,7160,1,590,55,2929,70,4401,56,7330,California
Glenn,2021-04-01,641,11797,186,3592,446,7606,9,599,231,2760,409,4810,240,7570,California
Glenn,2021-04-02,158,11955,25,3617,121,7727,12,611,122,2858,36,4846,134,7704,California
Glenn,2021-04-03,90,12045,4,3621,79,7806,7,618,79,2933,11,4857,86,7790,California
Glenn,2021-04-04,8,12053,3,3624,3,7809,2,620,4,2935,4,4861,6,7796,California
Glenn,2021-04-05,62,12115,23,3647,27,7836,12,632,26,2937,36,4897,38,7834,California
Glenn,2021-04-06,137,12252,49,3696,48,7884,40,672,35,2910,102,4999,75,7909,California
Glenn,2021-04-07,152,12404,45,3741,52,7936,55,727,72,2957,80,5079,127,8036,California
Glenn,2021-04-08,613,13017,191,3932,391,8327,31,758,139,2654,473,5552,170,8206,California
Glenn,2021-04-09,89,13106,42,3974,29,8356,18,776,47,2677,42,5594,65,8271,California
Glenn,2021-04-10,11,13117,2,3976,0,8356,9,785,2,2679,9,5603,11,8282,California
Glenn,2021-04-11,7,13124,0,3976,2,8358,5,790,1,2679,6,5609,6,8288,California
Humboldt,2020-12-15,2,2,2,2,0,0,0,0,2,2,0,0,2,2,California
Humboldt,2020-12-16,15,17,15,17,0,0,0,0,15,17,0,0,15,17,California
Humboldt,2020-12-17,116,133,116,133,0,0,0,0,116,133,0,0,116,133,California
Humboldt,2020-12-18,175,308,175,308,0,0,0,0,175,308,0,0,175,308,California
Humboldt,2020-12-19,10,318,10,318,0,0,0,0,10,318,0,0,10,318,California
Humboldt,2020-12-20,28,346,28,346,0,0,0,0,28,346,0,0,28,346,California
Humboldt,2020-12-21,165,511,165,511,0,0,0,0,165,511,0,0,165,511,California
Humboldt,2020-12-22,290,801,290,801,0,0,0,0,290,801,0,0,290,801,California
Humboldt,2020-12-23,309,1110,261,1062,48,48,0,0,310,1111,0,0,310,1111,California
Humboldt,2020-12-24,25,1135,2,1064,23,71,0,0,25,1136,0,0,25,1136,California
Humboldt,2020-12-25,2,1137,2,1066,0,71,0,0,2,1138,0,0,2,1138,California
Humboldt,2020-12-26,6,1143,5,1071,1,72,0,0,6,1144,0,0,6,1144,California
Humboldt,2020-12-28,153,1296,144,1215,9,81,0,0,153,1297,0,0,153,1297,California
Humboldt,2020-12-29,165,1461,122,1337,43,124,0,0,165,1462,0,0,165,1462,California
Humboldt,2020-12-30,223,1684,124,1461,99,223,0,0,223,1685,0,0,223,1685,California
Humboldt,2020-12-31,241,1925,79,1540,162,385,0,0,241,1926,0,0,241,1926,California
Humboldt,2021-01-01,2,1927,1,1541,1,386,0,0,2,1928,0,0,2,1928,California
Humboldt,2021-01-02,39,1966,1,1542,38,424,0,0,39,1967,0,0,39,1967,California
Humboldt,2021-01-04,213,2179,140,1682,73,497,0,0,214,2181,0,0,214,2181,California
Humboldt,2021-01-05,126,2305,18,1700,108,605,0,0,125,2305,1,1,125,2306,California
Humboldt,2021-01-06,301,2606,203,1903,98,703,0,0,229,2473,61,62,229,2535,California
Humboldt,2021-01-07,419,3025,306,2209,113,816,0,0,307,2683,97,159,307,2842,California
Humboldt,2021-01-08,417,3442,279,2488,138,954,0,0,283,2836,130,289,283,3125,California
Humboldt,2021-01-09,69,3511,45,2533,24,978,0,0,66,2900,3,292,67,3192,California
Humboldt,2021-01-10,84,3595,84,2617,0,978,0,0,4,2824,80,372,4,3196,California
Humboldt,2021-01-11,288,3883,277,2894,11,989,0,0,74,2688,210,582,74,3270,California
Humboldt,2021-01-12,479,4362,316,3210,163,1152,0,0,298,2827,159,741,298,3568,California
Humboldt,2021-01-13,476,4838,273,3483,203,1355,0,0,300,2955,173,914,301,3869,California
Humboldt,2021-01-14,517,5355,161,3644,356,1711,0,0,461,3361,56,970,462,4331,California
Humboldt,2021-01-15,374,5729,40,3684,334,2045,0,0,356,3700,17,987,356,4687,California
Humboldt,2021-01-16,169,5898,6,3690,163,2208,0,0,168,3867,1,988,168,4855,California
Humboldt,2021-01-17,6,5904,4,3694,2,2210,0,0,6,3873,0,988,6,4861,California
Humboldt,2021-01-18,291,6195,256,3950,35,2245,0,0,142,3866,149,1137,142,5003,California
Humboldt,2021-01-19,616,6811,371,4321,245,2490,0,0,490,4236,120,1257,490,5493,California
Humboldt,2021-01-20,909,7720,399,4720,510,3000,0,0,762,4862,138,1395,764,6257,California
Humboldt,2021-01-21,954,8674,260,4980,694,3694,0,0,913,5734,41,1436,913,7170,California
Humboldt,2021-01-22,673,9347,374,5354,299,3993,0,0,665,6391,8,1444,665,7835,California
Humboldt,2021-01-23,796,10143,268,5622,528,4521,0,0,788,7172,8,1452,789,8624,California
Humboldt,2021-01-24,224,10367,1,5623,223,4744,0,0,224,7396,0,1452,224,8848,California
Humboldt,2021-01-25,302,10669,232,5855,70,4814,0,0,148,7390,154,1606,148,8996,California
Humboldt,2021-01-26,523,11192,141,5996,382,5196,0,0,476,7819,47,1653,476,9472,California
Humboldt,2021-01-27,1253,12445,585,6581,668,5864,0,0,1189,8951,57,1710,1189,10661,California
Humboldt,2021-01-28,1444,13889,626,7207,818,6682,0,0,1308,10128,133,1843,1310,11971,California
Humboldt,2021-01-29,1125,15014,541,7748,584,7266,0,0,709,10422,416,2259,710,12681,California
Humboldt,2021-01-30,970,15984,458,8206,512,7778,0,0,959,11371,11,2270,960,13641,California
Humboldt,2021-01-31,308,16292,307,8513,1,7779,0,0,307,11677,1,2271,307,13948,California
Humboldt,2021-02-01,329,16621,189,8702,140,7919,0,0,187,11723,141,2412,187,14135,California
Humboldt,2021-02-02,439,17060,73,8775,366,8285,0,0,337,11962,100,2512,339,14474,California
Humboldt,2021-02-03,645,17705,258,9033,387,8672,0,0,497,12311,148,2660,497,14971,California
Humboldt,2021-02-04,638,18343,261,9294,377,9049,0,0,442,12560,193,2853,442,15413,California
Humboldt,2021-02-05,807,19150,95,9389,712,9761,0,0,624,13001,183,3036,624,16037,California
Humboldt,2021-02-06,1053,20203,442,9831,611,10372,0,0,1012,13974,40,3076,1013,17050,California
Humboldt,2021-02-07,377,20580,7,9838,370,10742,0,0,373,14344,4,3080,374,17424,California
Humboldt,2021-02-08,321,20901,140,9978,181,10923,0,0,181,14386,139,3219,181,17605,California
Humboldt,2021-02-09,492,21393,218,10196,274,11197,0,0,177,14248,315,3534,177,17782,California
Humboldt,2021-02-10,561,21954,369,10565,192,11389,0,0,233,14158,323,3857,233,18015,California
Humboldt,2021-02-11,1289,23243,391,10956,898,12287,0,0,510,13892,776,4633,510,18525,California
Humboldt,2021-02-12,1141,24384,731,11687,410,12697,0,0,704,14159,437,5070,704,19229,California
Humboldt,2021-02-13,1488,25872,544,12231,944,13641,0,0,903,14479,583,5653,903,20132,California
Humboldt,2021-02-14,113,25985,5,12236,108,13749,0,0,110,14587,2,5655,110,20242,California
Humboldt,2021-02-15,291,26276,77,12313,214,13963,0,0,194,14684,97,5752,194,20436,California
Humboldt,2021-02-16,532,26808,117,12430,415,14378,0,0,250,14653,282,6034,251,20687,California
Humboldt,2021-02-17,448,27256,279,12709,169,14547,0,0,136,14477,312,6346,136,20823,California
Humboldt,2021-02-18,965,28221,595,13304,370,14917,0,0,229,13971,735,7081,229,21052,California
Humboldt,2021-02-19,476,28697,435,13739,41,14958,0,0,90,13678,383,7464,90,21142,California
Humboldt,2021-02-20,1573,30270,968,14707,605,15563,0,0,468,13046,1102,8566,470,21612,California
Humboldt,2021-02-21,477,30747,469,15176,8,15571,0,0,186,12943,290,8856,187,21799,California
Humboldt,2021-02-22,124,30871,90,15266,34,15605,0,0,26,12873,96,8952,26,21825,California
Humboldt,2021-02-23,169,31040,69,15335,100,15705,0,0,39,12784,128,9080,39,21864,California
Humboldt,2021-02-24,1143,32183,685,16020,458,16163,0,0,567,12776,575,9655,567,22431,California
Humboldt,2021-02-25,827,33010,315,16335,512,16675,0,0,226,12403,599,10254,226,22657,California
Humboldt,2021-02-26,2138,35148,106,16441,2032,18707,0,0,454,11178,1679,11933,454,23111,California
Humboldt,2021-02-27,1686,36834,1071,17512,615,19322,0,0,868,11234,816,12749,872,23983,California
Humboldt,2021-02-28,122,36956,12,17524,110,19432,0,0,116,11344,6,12755,116,24099,California
Humboldt,2021-03-01,254,37210,46,17570,208,19640,0,0,178,11446,76,12831,178,24277,California
Humboldt,2021-03-02,283,37493,49,17619,233,19873,1,1,153,11470,130,12961,154,24431,California
Humboldt,2021-03-03,1613,39106,1084,18703,529,20402,0,1,1194,12252,413,13374,1195,25626,California
Humboldt,2021-03-04,879,39985,108,18811,771,21173,0,1,264,11903,615,13989,266,25892,California
Humboldt,2021-03-05,918,40903,177,18988,730,21903,11,12,370,11740,544,14533,381,26273,California
Humboldt,2021-03-06,1676,42579,832,19820,798,22701,46,58,706,11523,969,15502,752,27025,California
Humboldt,2021-03-07,362,42941,295,20115,49,22750,18,76,156,11491,206,15708,174,27199,California
Humboldt,2021-03-08,253,43194,7,20122,169,22919,77,153,161,11637,92,15800,238,27437,California
Humboldt,2021-03-09,451,43645,200,20322,107,23026,144,297,210,11752,239,16039,354,27791,California
Humboldt,2021-03-10,681,44326,464,20786,64,23090,153,450,412,12047,268,16307,563,28354,California
Humboldt,2021-03-11,1323,45649,459,21245,763,23853,101,551,508,11841,814,17121,608,28962,California
Humboldt,2021-03-12,1716,47365,1083,22328,419,24272,214,765,1041,12431,667,17788,1257,30219,California
Humboldt,2021-03-13,1560,48925,1021,23349,488,24760,51,816,685,12298,869,18657,736,30955,California
Humboldt,2021-03-14,139,49064,18,23367,111,24871,10,826,25,12219,114,18771,35,30990,California
Humboldt,2021-03-15,265,49329,50,23417,195,25066,20,846,49,12072,216,18987,69,31059,California
Humboldt,2021-03-16,631,49960,201,23618,170,25236,260,1106,257,12215,373,19360,516,31575,California
Humboldt,2021-03-17,725,50685,396,24014,221,25457,108,1214,332,12263,392,19752,440,32015,California
Humboldt,2021-03-18,1716,52401,1163,25177,511,25968,42,1256,1034,12662,677,20429,1076,33091,California
Humboldt,2021-03-19,1071,53472,58,25235,699,26667,314,1570,439,12787,628,21057,753,33844,California
Humboldt,2021-03-20,1373,54845,752,25987,608,27275,13,1583,429,12288,942,21999,443,34287,California
Humboldt,2021-03-21,243,55088,31,26018,184,27459,28,1611,197,12467,46,22045,225,34512,California
Humboldt,2021-03-22,110,55198,16,26034,45,27504,49,1660,55,12517,54,22099,104,34616,California
Humboldt,2021-03-23,403,55601,39,26073,321,27825,43,1703,314,12787,87,22186,357,34973,California
Humboldt,2021-03-24,1390,56991,367,26440,976,28801,47,1750,1034,13517,349,22535,1079,36052,California
Humboldt,2021-03-25,1769,58760,1169,27609,537,29338,63,1813,890,13593,877,23412,953,37005,California
Humboldt,2021-03-26,2021,60781,424,28033,1541,30879,56,1869,1581,14796,434,23846,1637,38642,California
Humboldt,2021-03-27,1903,62684,1419,29452,316,31195,168,2037,1044,15152,856,24702,1212,39854,California
Humboldt,2021-03-28,261,62945,78,29530,112,31307,71,2108,83,15128,178,24880,154,40008,California
Humboldt,2021-03-29,464,63409,123,29653,246,31553,95,2203,198,15155,265,25145,292,40300,California
Humboldt,2021-03-30,930,64339,300,29953,517,32070,113,2316,561,15463,366,25511,674,40974,California
Humboldt,2021-03-31,1838,66177,509,30462,1235,33305,94,2410,1404,16530,432,25943,1499,42473,California
Humboldt,2021-04-01,2068,68245,680,31142,1300,34605,88,2498,1469,17494,593,26536,1557,44030,California
Humboldt,2021-04-02,1675,69920,1092,32234,481,35086,102,2600,596,17119,1073,27609,698,44728,California
Humboldt,2021-04-03,1639,71559,1487,33721,136,35222,16,2616,665,16836,964,28573,681,45409,California
Humboldt,2021-04-04,468,72027,359,34080,100,35322,9,2625,397,17171,71,28644,406,45815,California
Humboldt,2021-04-05,650,72677,416,34496,213,35535,21,2646,370,17282,280,28924,391,46206,California
Humboldt,2021-04-06,695,73372,257,34753,351,35886,87,2733,509,17694,183,29107,595,46801,California
Humboldt,2021-04-07,1254,74626,919,35672,230,36116,105,2838,804,18155,448,29555,909,47710,California
Humboldt,2021-04-08,1257,75883,822,36494,358,36474,77,2915,517,18011,738,30293,594,48304,California
Humboldt,2021-04-09,625,76508,297,36791,274,36748,54,2969,475,18390,149,30442,528,48832,California
Humboldt,2021-04-10,284,76792,116,36907,16,36764,152,3121,112,18481,172,30614,263,49095,California
Humboldt,2021-04-11,39,76831,29,36936,2,36766,8,3129,6,18462,33,30647,14,49109,California
Imperial,2020-12-16,1,1,1,1,0,0,0,0,1,1,0,0,1,1,California
Imperial,2020-12-17,4,5,4,5,0,0,0,0,4,5,0,0,4,5,California
Imperial,2020-12-18,11,16,11,16,0,0,0,0,11,16,0,0,11,16,California
Imperial,2020-12-20,2,18,2,18,0,0,0,0,2,18,0,0,2,18,California
Imperial,2020-12-21,186,204,186,204,0,0,0,0,186,204,0,0,186,204,California
Imperial,2020-12-22,241,445,239,443,2,2,0,0,241,445,0,0,241,445,California
Imperial,2020-12-23,211,656,210,653,1,3,0,0,210,655,0,0,210,655,California
Imperial,2020-12-24,5,661,5,658,0,3,0,0,5,660,0,0,5,660,California
Imperial,2020-12-26,1,662,0,658,1,4,0,0,1,661,0,0,1,661,California
Imperial,2020-12-27,62,724,0,658,62,66,0,0,62,723,0,0,62,723,California
Imperial,2020-12-28,214,938,114,772,100,166,0,0,214,937,0,0,214,937,California
Imperial,2020-12-29,189,1127,36,808,153,319,0,0,189,1126,0,0,189,1126,California
Imperial,2020-12-30,366,1493,50,858,316,635,0,0,366,1492,0,0,366,1492,California
Imperial,2020-12-31,197,1690,26,884,171,806,0,0,197,1689,0,0,197,1689,California
Imperial,2021-01-01,46,1736,5,889,41,847,0,0,46,1735,0,0,46,1735,California
Imperial,2021-01-02,4,1740,0,889,4,851,0,0,4,1739,0,0,4,1739,California
Imperial,2021-01-03,90,1830,0,889,90,941,0,0,90,1829,0,0,90,1829,California
Imperial,2021-01-04,85,1915,5,894,80,1021,0,0,85,1914,0,0,85,1914,California
Imperial,2021-01-05,172,2087,13,907,159,1180,0,0,172,2086,0,0,172,2086,California
Imperial,2021-01-06,190,2277,25,932,165,1345,0,0,189,2274,1,1,189,2275,California
Imperial,2021-01-07,319,2596,9,941,310,1655,0,0,316,2587,3,4,316,2591,California
Imperial,2021-01-08,190,2786,50,991,140,1795,0,0,181,2759,9,13,181,2772,California
Imperial,2021-01-09,24,2810,21,1012,3,1798,0,0,24,2783,0,13,24,2796,California
Imperial,2021-01-10,1,2811,0,1012,1,1799,0,0,1,2784,0,13,1,2797,California
Imperial,2021-01-11,402,3213,244,1256,158,1957,0,0,174,2730,228,241,174,2971,California
Imperial,2021-01-12,404,3617,301,1557,103,2060,0,0,142,2611,261,502,142,3113,California
Imperial,2021-01-13,379,3996,131,1688,248,2308,0,0,280,2792,99,601,280,3393,California
Imperial,2021-01-14,259,4255,151,1839,108,2416,0,0,253,3040,5,606,253,3646,California
Imperial,2021-01-15,239,4494,182,2021,57,2473,0,0,232,3265,7,613,232,3878,California
Imperial,2021-01-16,76,4570,72,2093,4,2477,0,0,75,3339,1,614,75,3953,California
Imperial,2021-01-17,8,4578,2,2095,6,2483,0,0,8,3347,0,614,8,3961,California
Imperial,2021-01-18,1057,5635,402,2497,655,3138,0,0,958,4207,99,713,959,4920,California
Imperial,2021-01-19,164,5799,128,2625,36,3174,0,0,117,4277,47,760,117,5037,California
Imperial,2021-01-20,290,6089,194,2819,96,3270,0,0,252,4491,38,798,252,5289,California
Imperial,2021-01-21,414,6503,183,3002,231,3501,0,0,394,4865,20,818,394,5683,California
Imperial,2021-01-22,456,6959,189,3191,267,3768,0,0,447,5303,9,827,447,6130,California
Imperial,2021-01-23,1041,8000,290,3481,751,4519,0,0,1040,6342,1,828,1040,7170,California
Imperial,2021-01-24,10,8010,3,3484,7,4526,0,0,10,6352,0,828,10,7180,California
Imperial,2021-01-25,213,8223,5,3489,208,4734,0,0,34,6208,178,1006,34,7214,California
Imperial,2021-01-26,359,8582,184,3673,175,4909,0,0,216,6281,143,1149,216,7430,California
Imperial,2021-01-27,571,9153,163,3836,408,5317,0,0,238,6186,333,1482,238,7668,California
Imperial,2021-01-28,632,9785,159,3995,473,5790,0,0,525,6604,107,1589,525,8193,California
Imperial,2021-01-29,421,10206,295,4290,126,5916,0,0,371,6925,50,1639,371,8564,California
Imperial,2021-01-30,55,10261,30,4320,25,5941,0,0,38,6946,17,1656,38,8602,California
Imperial,2021-01-31,16,10277,6,4326,10,5951,0,0,15,6960,1,1657,15,8617,California
Imperial,2021-02-01,419,10696,54,4380,365,6316,0,0,209,6960,209,1866,209,8826,California
Imperial,2021-02-02,677,11373,54,4434,623,6939,0,0,496,7275,181,2047,496,9322,California
Imperial,2021-02-03,459,11832,50,4484,409,7348,0,0,266,7349,192,2239,266,9588,California
Imperial,2021-02-04,1718,13550,1199,5683,519,7867,0,0,1405,8442,312,2551,1405,10993,California
Imperial,2021-02-05,389,13939,241,5924,148,8015,0,0,153,8361,234,2785,153,11146,California
Imperial,2021-02-06,862,14801,839,6763,23,8038,0,0,825,9150,36,2821,825,11971,California
Imperial,2021-02-07,23,14824,11,6774,12,8050,0,0,22,9171,1,2822,22,11993,California
Imperial,2021-02-08,251,15075,42,6816,209,8259,0,0,183,9286,68,2890,183,12176,California
Imperial,2021-02-09,463,15538,146,6962,317,8576,0,0,306,9435,157,3047,306,12482,California
Imperial,2021-02-10,382,15920,53,7015,329,8905,0,0,94,9242,288,3335,95,12577,California
Imperial,2021-02-11,458,16378,257,7272,201,9106,0,0,89,8962,369,3704,89,12666,California
Imperial,2021-02-12,2116,18494,1406,8678,710,9816,0,0,1764,10375,351,4055,1764,14430,California
Imperial,2021-02-13,41,18535,18,8696,23,9839,0,0,34,10403,7,4062,35,14465,California
Imperial,2021-02-14,23,18558,12,8708,11,9850,0,0,21,10422,2,4064,21,14486,California
Imperial,2021-02-15,30,18588,11,8719,19,9869,0,0,23,10438,7,4071,23,14509,California
Imperial,2021-02-16,515,19103,268,8987,247,10116,0,0,295,10513,220,4291,295,14804,California
Imperial,2021-02-17,441,19544,287,9274,154,10270,0,0,86,10244,355,4646,86,14890,California
Imperial,2021-02-18,649,20193,313,9587,336,10606,0,0,145,9886,503,5149,145,15035,California
Imperial,2021-02-19,764,20957,381,9968,383,10989,0,0,191,9505,572,5721,191,15226,California
Imperial,2021-02-20,1044,22001,196,10164,848,11837,0,0,330,9124,713,6434,332,15558,California
Imperial,2021-02-21,590,22591,556,10720,34,11871,0,0,579,9693,10,6444,579,16137,California
Imperial,2021-02-22,809,23400,569,11289,240,12111,0,0,759,10402,50,6494,759,16896,California
Imperial,2021-02-23,941,24341,378,11667,563,12674,0,0,891,11243,50,6544,891,17787,California
Imperial,2021-02-24,708,25049,293,11960,415,13089,0,0,611,11758,96,6640,611,18398,California
Imperial,2021-02-25,816,25865,340,12300,476,13565,0,0,451,11850,364,7004,456,18854,California
Imperial,2021-02-26,1764,27629,1373,13673,391,13956,0,0,1591,13270,171,7175,1591,20445,California
Imperial,2021-02-27,917,28546,869,14542,48,14004,0,0,179,12712,738,7913,180,20625,California
Imperial,2021-02-28,76,28622,66,14608,10,14014,0,0,67,12770,9,7922,67,20692,California
Imperial,2021-03-01,511,29133,313,14921,198,14212,0,0,448,13158,61,7983,449,21141,California
Imperial,2021-03-02,689,29822,264,15185,425,14637,0,0,401,13274,288,8271,404,21545,California
Imperial,2021-03-03,923,30745,47,15232,875,15512,1,1,554,13474,366,8637,566,22111,California
Imperial,2021-03-04,761,31506,93,15325,668,16180,0,1,501,13746,258,8895,530,22641,California
Imperial,2021-03-05,2573,34079,1944,17269,629,16809,0,1,1250,13678,1320,10215,1252,23893,California
Imperial,2021-03-06,688,34767,238,17507,450,17259,0,1,645,14288,40,10255,650,24543,California
Imperial,2021-03-07,75,34842,43,17550,32,17291,0,1,55,14324,20,10275,56,24599,California
Imperial,2021-03-08,414,35256,333,17883,48,17339,33,34,364,14671,50,10325,397,24996,California
Imperial,2021-03-09,686,35942,316,18199,122,17461,248,282,401,15035,285,10610,649,25645,California
Imperial,2021-03-10,678,36620,311,18510,263,17724,104,386,313,15089,364,10974,418,26063,California
Imperial,2021-03-11,1785,38405,480,18990,1112,18836,193,579,1188,15882,598,11572,1391,27454,California
Imperial,2021-03-12,3696,42101,2538,21528,974,19810,184,763,2107,16590,1584,13156,2292,29746,California
Imperial,2021-03-13,1133,43234,90,21618,819,20629,224,987,849,17384,282,13438,1076,30822,California
Imperial,2021-03-14,172,43406,32,21650,128,20757,12,999,141,17507,31,13469,154,30976,California
Imperial,2021-03-15,672,44078,216,21866,197,20954,259,1258,377,17849,294,13763,636,31612,California
Imperial,2021-03-16,1064,45142,274,22140,337,21291,453,1711,528,18295,535,14298,981,32593,California
Imperial,2021-03-17,1547,46689,664,22804,747,22038,136,1847,971,18830,573,14871,1108,33701,California
Imperial,2021-03-18,1775,48464,1174,23978,541,22579,60,1907,1246,19612,527,15398,1309,35010,California
Imperial,2021-03-19,3338,51802,2444,26422,890,23469,4,1911,1502,19290,1829,17227,1507,36517,California
Imperial,2021-03-20,860,52662,551,26973,304,23773,5,1916,417,19278,440,17667,428,36945,California
Imperial,2021-03-21,215,52877,33,27006,178,23951,4,1920,157,19384,58,17725,164,37109,California
Imperial,2021-03-22,1022,53899,316,27322,699,24650,7,1927,603,19577,418,18143,611,37720,California
Imperial,2021-03-23,1377,55276,405,27727,967,25617,5,1932,883,19975,492,18635,890,38610,California
Imperial,2021-03-24,1866,57142,540,28267,900,26517,426,2358,896,20331,969,19604,1325,39935,California
Imperial,2021-03-25,2674,59816,496,28763,870,27387,1308,3666,995,20955,1678,21282,2302,42237,California
Imperial,2021-03-26,2390,62206,794,29557,726,28113,870,4536,754,20950,1630,22912,1625,43862,California
Imperial,2021-03-27,571,62777,261,29818,259,28372,51,4587,414,21261,154,23066,465,44327,California
Imperial,2021-03-28,206,62983,50,29868,154,28526,2,4589,170,21397,36,23102,172,44499,California
Imperial,2021-03-29,1129,64112,345,30213,389,28915,395,4984,312,21290,815,23917,708,45207,California
Imperial,2021-03-30,1402,65514,678,30891,588,29503,136,5120,673,21372,729,24646,811,46018,California
Imperial,2021-03-31,1522,67036,711,31602,804,30307,7,5127,1014,21886,507,25153,1021,47039,California
Imperial,2021-04-01,1713,68749,387,31989,1085,31392,241,5368,793,22004,916,26069,1034,48073,California
Imperial,2021-04-02,1230,69979,444,32433,714,32106,72,5440,720,22287,508,26577,791,48864,California
Imperial,2021-04-03,1454,71433,405,32838,1004,33110,45,5485,685,22252,765,27342,730,49594,California
Imperial,2021-04-04,82,71515,39,32877,27,33137,16,5501,24,22234,58,27400,40,49634,California
Imperial,2021-04-05,1682,73197,913,33790,715,33852,54,5555,332,21277,1343,28743,386,50020,California
Imperial,2021-04-06,1210,74407,513,34303,544,34396,153,5708,657,21539,550,29293,812,50832,California
Imperial,2021-04-07,2014,76421,538,34841,1131,35527,345,6053,1461,22797,549,29842,1807,52639,California
Imperial,2021-04-08,1950,78371,1061,35902,614,36141,275,6328,932,22990,1015,30857,1208,53847,California
Imperial,2021-04-09,1136,79507,280,36182,468,36609,388,6716,480,23203,654,31511,867,54714,California
Imperial,2021-04-10,857,80364,161,36343,642,37251,54,6770,134,22670,720,32231,187,54901,California
Imperial,2021-04-11,40,80404,4,36347,10,37261,26,6796,8,22672,32,32263,34,54935,California
Inyo,2020-12-19,85,85,85,85,0,0,0,0,85,85,0,0,85,85,California
Inyo,2020-12-20,58,143,58,143,0,0,0,0,58,143,0,0,58,143,California
Inyo,2020-12-21,88,231,85,228,3,3,0,0,88,231,0,0,88,231,California
Inyo,2020-12-22,105,336,105,333,0,3,0,0,105,336,0,0,105,336,California
Inyo,2020-12-23,70,406,67,400,3,6,0,0,70,406,0,0,70,406,California
Inyo,2020-12-24,16,422,16,416,0,6,0,0,16,422,0,0,16,422,California
Inyo,2020-12-25,1,423,0,416,1,7,0,0,1,423,0,0,1,423,California
Inyo,2020-12-26,74,497,74,490,0,7,0,0,74,497,0,0,74,497,California
Inyo,2020-12-28,48,545,36,526,12,19,0,0,48,545,0,0,48,545,California
Inyo,2020-12-29,20,565,20,546,0,19,0,0,20,565,0,0,20,565,California
Inyo,2020-12-30,56,621,54,600,2,21,0,0,56,621,0,0,56,621,California
Inyo,2020-12-31,29,650,0,600,29,50,0,0,29,650,0,0,29,650,California
Inyo,2021-01-01,1,651,0,600,1,51,0,0,1,651,0,0,1,651,California
Inyo,2021-01-03,1,652,0,600,1,52,0,0,1,652,0,0,1,652,California
Inyo,2021-01-04,1,653,1,601,0,52,0,0,1,653,0,0,1,653,California
Inyo,2021-01-05,34,687,0,601,34,86,0,0,34,687,0,0,34,687,California
Inyo,2021-01-06,68,755,0,601,68,154,0,0,68,755,0,0,68,755,California
Inyo,2021-01-07,31,786,1,602,30,184,0,0,31,786,0,0,31,786,California
Inyo,2021-01-08,9,795,8,610,1,185,0,0,4,786,5,5,5,791,California
Inyo,2021-01-09,87,882,86,696,1,186,0,0,1,701,86,91,1,792,California
Inyo,2021-01-10,52,934,52,748,0,186,0,0,0,649,52,143,0,792,California
Inyo,2021-01-11,97,1031,82,830,15,201,0,0,16,584,81,224,16,808,California
Inyo,2021-01-12,139,1170,118,948,21,222,0,0,28,501,111,335,28,836,California
Inyo,2021-01-13,86,1256,68,1016,18,240,0,0,21,458,65,400,22,858,California
Inyo,2021-01-14,59,1315,13,1029,46,286,0,0,49,497,10,410,49,907,California
Inyo,2021-01-15,162,1477,28,1057,134,420,0,0,162,659,0,410,162,1069,California
Inyo,2021-01-16,74,1551,73,1130,1,421,0,0,1,587,73,483,1,1070,California
Inyo,2021-01-18,58,1609,36,1166,22,443,0,0,19,567,39,522,19,1089,California
Inyo,2021-01-19,116,1725,73,1239,43,486,0,0,100,651,16,538,100,1189,California
Inyo,2021-01-20,144,1869,69,1308,75,561,0,0,90,687,54,592,90,1279,California
Inyo,2021-01-21,120,1989,57,1365,63,624,0,0,119,805,1,593,119,1398,California
Inyo,2021-01-22,62,2051,0,1365,62,686,0,0,61,865,1,594,61,1459,California
Inyo,2021-01-23,52,2103,52,1417,0,686,0,0,52,917,0,594,52,1511,California
Inyo,2021-01-25,49,2152,6,1423,43,729,0,0,37,942,12,606,37,1548,California
Inyo,2021-01-26,133,2285,51,1474,82,811,0,0,127,1063,6,612,127,1675,California
Inyo,2021-01-27,23,2308,2,1476,21,832,0,0,22,1084,1,613,22,1697,California
Inyo,2021-01-28,92,2400,2,1478,90,922,0,0,63,1118,29,642,63,1760,California
Inyo,2021-01-29,25,2425,3,1481,22,944,0,0,23,1139,2,644,23,1783,California
Inyo,2021-01-30,11,2436,1,1482,10,954,0,0,11,1150,0,644,11,1794,California
Inyo,2021-01-31,32,2468,4,1486,28,982,0,0,4,1126,28,672,4,1798,California
Inyo,2021-02-01,11,2479,9,1495,2,984,0,0,1,1117,10,682,1,1799,California
Inyo,2021-02-02,130,2609,15,1510,115,1099,0,0,104,1195,26,708,104,1903,California
Inyo,2021-02-03,116,2725,0,1510,116,1215,0,0,74,1227,42,750,74,1977,California
Inyo,2021-02-04,149,2874,31,1541,118,1333,0,0,90,1258,59,809,90,2067,California
Inyo,2021-02-05,118,2992,62,1603,56,1389,0,0,116,1372,2,811,116,2183,California
Inyo,2021-02-06,4,2996,2,1605,2,1391,0,0,3,1374,1,812,3,2186,California
Inyo,2021-02-07,4,3000,2,1607,2,1393,0,0,4,1378,0,812,4,2190,California
Inyo,2021-02-08,117,3117,7,1614,110,1503,0,0,97,1455,20,832,97,2287,California
Inyo,2021-02-09,193,3310,51,1665,142,1645,0,0,122,1506,71,903,122,2409,California
Inyo,2021-02-10,143,3453,17,1682,126,1771,0,0,109,1581,34,937,109,2518,California
Inyo,2021-02-11,219,3672,56,1738,163,1934,0,0,125,1612,94,1031,125,2643,California
Inyo,2021-02-12,299,3971,52,1790,247,2181,0,0,168,1649,131,1162,168,2811,California
Inyo,2021-02-13,60,4031,55,1845,5,2186,0,0,8,1605,52,1214,8,2819,California
Inyo,2021-02-14,1,4032,0,1845,1,2187,0,0,1,1606,0,1214,1,2820,California
Inyo,2021-02-15,29,4061,9,1854,20,2207,0,0,5,1587,24,1238,5,2825,California
Inyo,2021-02-16,180,4241,49,1903,131,2338,0,0,93,1593,87,1325,93,2918,California
Inyo,2021-02-17,37,4278,4,1907,33,2371,0,0,7,1570,30,1355,7,2925,California
Inyo,2021-02-18,121,4399,5,1912,116,2487,0,0,78,1605,43,1398,78,3003,California
Inyo,2021-02-19,52,4451,4,1916,48,2535,0,0,9,1571,43,1441,9,3012,California
Inyo,2021-02-20,503,4954,499,2415,4,2539,0,0,501,2070,2,1443,501,3513,California
Inyo,2021-02-21,267,5221,267,2682,0,2539,0,0,267,2337,0,1443,267,3780,California
Inyo,2021-02-22,61,5282,19,2701,42,2581,0,0,27,2330,34,1477,27,3807,California
Inyo,2021-02-23,197,5479,20,2721,177,2758,0,0,94,2322,102,1579,94,3901,California
Inyo,2021-02-24,116,5595,0,2721,116,2874,0,0,57,2320,59,1638,57,3958,California
Inyo,2021-02-25,131,5726,3,2724,128,3002,0,0,63,2315,68,1706,63,4021,California
Inyo,2021-02-26,104,5830,61,2785,43,3045,0,0,19,2249,85,1791,19,4040,California
Inyo,2021-02-27,15,5845,4,2789,11,3056,0,0,3,2240,12,1803,3,4043,California
Inyo,2021-02-28,3,5848,1,2790,2,3058,0,0,2,2241,1,1804,2,4045,California
Inyo,2021-03-01,20,5868,2,2792,18,3076,0,0,17,2255,3,1807,17,4062,California
Inyo,2021-03-02,191,6059,1,2793,190,3266,0,0,108,2280,83,1890,108,4170,California
Inyo,2021-03-03,84,6143,3,2796,81,3347,0,0,41,2278,43,1933,41,4211,California
Inyo,2021-03-04,127,6270,4,2800,123,3470,0,0,46,2243,81,2014,46,4257,California
Inyo,2021-03-05,142,6412,57,2857,85,3555,0,0,38,2177,104,2118,38,4295,California
Inyo,2021-03-06,31,6443,1,2858,30,3585,0,0,30,2206,1,2119,30,4325,California
Inyo,2021-03-07,7,6450,4,2862,3,3588,0,0,5,2209,2,2121,5,4330,California
Inyo,2021-03-08,181,6631,5,2867,176,3764,0,0,91,2210,90,2211,91,4421,California
Inyo,2021-03-09,185,6816,2,2869,183,3947,0,0,70,2165,115,2326,70,4491,California
Inyo,2021-03-10,69,6885,8,2877,60,4007,1,1,30,2157,39,2365,31,4522,California
Inyo,2021-03-11,203,7088,1,2878,197,4204,5,6,73,2106,129,2494,78,4600,California
Inyo,2021-03-12,173,7261,4,2882,164,4368,5,11,75,2088,98,2592,80,4680,California
Inyo,2021-03-13,575,7836,540,3422,25,4393,10,21,77,1678,497,3089,87,4767,California
Inyo,2021-03-14,431,8267,429,3851,2,4395,0,21,168,1584,262,3351,168,4935,California
Inyo,2021-03-15,51,8318,15,3866,34,4429,2,23,30,1595,21,3372,32,4967,California
Inyo,2021-03-16,163,8481,3,3869,154,4583,6,29,62,1563,100,3472,68,5035,California
Inyo,2021-03-17,107,8588,3,3872,97,4680,7,36,92,1647,15,3487,99,5134,California
Inyo,2021-03-18,182,8770,14,3886,161,4841,7,43,102,1676,80,3567,109,5243,California
Inyo,2021-03-19,45,8815,3,3889,38,4879,4,47,35,1705,10,3577,39,5282,California
Inyo,2021-03-20,21,8836,1,3890,11,4890,9,56,2,1697,19,3596,11,5293,California
Inyo,2021-03-22,60,8896,2,3892,53,4943,5,61,40,1722,20,3616,45,5338,California
Inyo,2021-03-23,193,9089,4,3896,185,5128,4,65,103,1739,90,3706,107,5445,California
Inyo,2021-03-24,139,9228,3,3899,132,5260,4,69,86,1776,53,3759,90,5535,California
Inyo,2021-03-25,324,9552,104,4003,216,5476,4,73,259,1974,65,3824,263,5798,California
Inyo,2021-03-26,90,9642,2,4005,84,5560,4,77,70,2028,20,3844,74,5872,California
Inyo,2021-03-27,51,9693,44,4049,4,5564,3,80,45,2070,6,3850,48,5920,California
Inyo,2021-03-28,4,9697,1,4050,2,5566,1,81,1,2069,3,3853,2,5922,California
Inyo,2021-03-29,109,9806,2,4052,102,5668,5,86,82,2130,26,3879,87,6009,California
Inyo,2021-03-30,209,10015,3,4055,201,5869,5,91,102,2130,107,3986,107,6116,California
Inyo,2021-03-31,145,10160,4,4059,136,6005,5,96,104,2198,41,4027,109,6225,California
Inyo,2021-04-01,159,10319,5,4064,153,6158,1,97,110,2260,49,4076,111,6336,California
Inyo,2021-04-02,81,10400,1,4065,78,6236,2,99,52,2285,29,4105,54,6390,California
Inyo,2021-04-03,94,10494,46,4111,34,6270,14,113,6,2218,86,4191,19,6409,California
Inyo,2021-04-04,5,10499,4,4115,0,6270,1,114,1,2216,4,4195,2,6411,California
Inyo,2021-04-05,117,10616,1,4116,112,6382,4,118,29,2161,88,4283,33,6444,California
Inyo,2021-04-06,226,10842,4,4120,158,6540,64,182,95,2189,131,4414,159,6603,California
Inyo,2021-04-07,195,11037,2,4122,68,6608,125,307,40,2199,155,4569,165,6768,California
Inyo,2021-04-08,172,11209,16,4138,141,6749,15,322,78,2198,94,4663,93,6861,California
Inyo,2021-04-09,91,11300,5,4143,65,6814,21,343,29,2186,62,4725,50,6911,California
Inyo,2021-04-10,44,11344,1,4144,23,6837,20,363,2,2166,42,4767,22,6933,California
Kern,2020-12-15,1,1,1,1,0,0,0,0,1,1,0,0,1,1,California
Kern,2020-12-16,19,20,19,20,0,0,0,0,19,20,0,0,19,20,California
Kern,2020-12-17,164,184,164,184,0,0,0,0,164,184,0,0,164,184,California
Kern,2020-12-18,319,503,319,503,0,0,0,0,319,503,0,0,319,503,California
Kern,2020-12-19,98,601,98,601,0,0,0,0,99,602,0,0,99,602,California
Kern,2020-12-20,61,662,61,662,0,0,0,0,61,663,0,0,61,663,California
Kern,2020-12-21,669,1331,669,1331,0,0,0,0,669,1332,0,0,669,1332,California
Kern,2020-12-22,530,1861,527,1858,3,3,0,0,530,1862,0,0,530,1862,California
Kern,2020-12-23,557,2418,418,2276,139,142,0,0,557,2419,0,0,557,2419,California
Kern,2020-12-24,122,2540,43,2319,79,221,0,0,122,2541,0,0,122,2541,California
Kern,2020-12-25,1,2541,1,2320,0,221,0,0,1,2542,0,0,1,2542,California
Kern,2020-12-26,33,2574,1,2321,32,253,0,0,33,2575,0,0,33,2575,California
Kern,2020-12-27,35,2609,3,2324,32,285,0,0,35,2610,0,0,35,2610,California
Kern,2020-12-28,824,3433,660,2984,164,449,0,0,824,3434,0,0,824,3434,California
Kern,2020-12-29,745,4178,452,3436,293,742,0,0,745,4179,0,0,745,4179,California
Kern,2020-12-30,1199,5377,908,4344,291,1033,0,0,1199,5378,0,0,1199,5378,California
Kern,2020-12-31,277,5654,98,4442,179,1212,0,0,277,5655,0,0,277,5655,California
Kern,2021-01-01,10,5664,6,4448,4,1216,0,0,10,5665,0,0,10,5665,California
Kern,2021-01-02,77,5741,18,4466,59,1275,0,0,77,5742,0,0,77,5742,California
Kern,2021-01-03,23,5764,4,4470,19,1294,0,0,23,5765,0,0,23,5765,California
Kern,2021-01-04,552,6316,359,4829,193,1487,0,0,552,6317,0,0,552,6317,California
Kern,2021-01-05,1128,7444,735,5564,393,1880,0,0,1116,7421,12,12,1116,7433,California
Kern,2021-01-06,1167,8611,455,6019,712,2592,0,0,1136,8526,31,43,1136,8569,California
Kern,2021-01-07,1403,10014,493,6512,910,3502,0,0,1234,9592,168,211,1234,9803,California
Kern,2021-01-08,1627,11641,766,7278,861,4363,0,0,1331,10626,298,509,1332,11135,California
Kern,2021-01-09,225,11866,76,7354,149,4512,0,0,191,10783,34,543,191,11326,California
Kern,2021-01-10,192,12058,146,7500,46,4558,0,0,151,10893,41,584,151,11477,California
Kern,2021-01-11,1550,13608,981,8481,569,5127,0,0,998,11339,552,1136,998,12475,California
Kern,2021-01-12,1870,15478,810,9291,1060,6187,0,0,1360,12189,510,1646,1360,13835,California
Kern,2021-01-13,1856,17334,867,10158,989,7176,0,0,1434,13201,422,2068,1434,15269,California
Kern,2021-01-14,2179,19513,645,10803,1534,8710,0,0,2134,15289,46,2114,2134,17403,California
Kern,2021-01-15,2702,22215,858,11661,1844,10554,0,0,2604,17799,95,2209,2605,20008,California
Kern,2021-01-16,669,22884,212,11873,457,11011,0,0,635,18400,34,2243,635,20643,California
Kern,2021-01-17,72,22956,7,11880,65,11076,0,0,70,18468,2,2245,70,20713,California
Kern,2021-01-18,1641,24597,658,12538,983,12059,0,0,1472,19771,169,2414,1472,22185,California
Kern,2021-01-19,1847,26444,1027,13565,820,12879,0,0,1380,20684,467,2881,1380,23565,California
Kern,2021-01-20,2442,28886,1509,15074,933,13812,0,0,1817,21883,620,3501,1819,25384,California
Kern,2021-01-21,2161,31047,917,15991,1244,15056,0,0,1967,23657,193,3694,1967,27351,California
Kern,2021-01-22,2709,33756,1291,17282,1418,16474,0,0,2433,25816,274,3968,2433,29784,California
Kern,2021-01-23,1246,35002,534,17816,712,17186,0,0,1200,26970,46,4014,1200,30984,California
Kern,2021-01-24,159,35161,19,17835,140,17326,0,0,154,27119,5,4019,154,31138,California
Kern,2021-01-25,2376,37537,1080,18915,1296,18622,0,0,1894,28533,481,4500,1895,33033,California
Kern,2021-01-26,2749,40286,1114,20029,1635,20257,0,0,1898,29581,850,5350,1898,34931,California
Kern,2021-01-27,3550,43836,1896,21925,1654,21911,0,0,2853,31739,695,6045,2853,37784,California
Kern,2021-01-28,2855,46691,1347,23272,1508,23419,0,0,2425,33741,426,6471,2428,40212,California
Kern,2021-01-29,3767,50458,1799,25071,1968,25387,0,0,3228,36433,536,7007,3228,43440,California
Kern,2021-01-30,1321,51779,496,25567,825,26212,0,0,1274,37662,45,7052,1274,44714,California
Kern,2021-01-31,404,52183,277,25844,127,26339,0,0,270,37798,134,7186,270,44984,California
Kern,2021-02-01,2403,54586,813,26657,1590,27929,0,0,1855,39108,546,7732,1856,46840,California
Kern,2021-02-02,2918,57504,972,27629,1946,29875,0,0,2057,40305,861,8593,2058,48898,California
Kern,2021-02-03,3654,61158,1549,29178,2105,31980,0,0,2688,42034,959,9552,2688,51586,California
Kern,2021-02-04,3795,64953,1448,30626,2347,34327,0,0,2583,43416,1201,10753,2583,54169,California
Kern,2021-02-05,4847,69800,1990,32616,2857,37184,0,0,3089,44766,1739,12492,3089,57258,California
Kern,2021-02-06,1734,71534,765,33381,969,38153,0,0,1511,46057,220,12712,1511,58769,California
Kern,2021-02-07,284,71818,151,33532,133,38286,0,0,268,46311,14,12726,268,59037,California
Kern,2021-02-08,2559,74377,788,34320,1771,40057,0,0,1257,46284,1284,14010,1257,60294,California
Kern,2021-02-09,3022,77399,982,35302,2040,42097,0,0,1465,46200,1550,15560,1466,61760,California
Kern,2021-02-10,3780,81179,1653,36955,2127,44224,0,0,1894,46225,1870,17430,1895,63655,California
Kern,2021-02-11,4251,85430,1538,38493,2713,46937,0,0,2231,46449,2007,19437,2231,65886,California
Kern,2021-02-12,4950,90380,1893,40386,3057,49994,0,0,2482,46477,2454,21891,2482,68368,California
Kern,2021-02-13,2006,92386,725,41111,1281,51275,0,0,1165,46803,839,22730,1165,69533,California
Kern,2021-02-14,350,92736,13,41124,337,51612,0,0,269,46992,80,22810,269,69802,California
Kern,2021-02-15,2731,95467,885,42009,1846,53458,0,0,1207,46684,1516,24326,1208,71010,California
Kern,2021-02-16,2946,98413,719,42728,2227,55685,0,0,1661,47071,1275,25601,1662,72672,California
Kern,2021-02-17,4056,102469,2071,44799,1985,57670,0,0,1929,46880,2121,27722,1930,74602,California
Kern,2021-02-18,3745,106214,1470,46269,2275,59945,0,0,1619,46386,2113,29835,1619,76221,California
Kern,2021-02-19,4191,110405,1916,48185,2275,62220,0,0,1737,45677,2447,32282,1738,77959,California
Kern,2021-02-20,2571,112976,969,49154,1602,63822,0,0,1339,45787,1229,33511,1339,79298,California
Kern,2021-02-21,246,113222,140,49294,106,63928,0,0,85,45714,159,33670,86,79384,California
Kern,2021-02-22,2654,115876,1147,50441,1507,65435,0,0,1429,45923,1220,34890,1429,80813,California
Kern,2021-02-23,3530,119406,1116,51557,2414,67849,0,0,1973,46341,1555,36445,1973,82786,California
Kern,2021-02-24,5153,124559,2265,53822,2888,70737,0,0,3073,47338,2076,38521,3073,85859,California
Kern,2021-02-25,5345,129904,2443,56265,2902,73639,0,0,3170,48351,2157,40678,3170,89029,California
Kern,2021-02-26,6879,136783,3517,59782,3362,77001,0,0,4356,50190,2518,43196,4357,93386,California
Kern,2021-02-27,3847,140630,1888,61670,1959,78960,0,0,2513,51377,1326,44522,2513,95899,California
Kern,2021-02-28,907,141537,498,62168,409,79369,0,0,691,51854,214,44736,691,96590,California
Kern,2021-03-01,3970,145507,1801,63969,2169,81538,0,0,2684,53257,1281,46017,2684,99274,California
Kern,2021-03-02,4351,149858,1367,65336,2983,84521,1,1,2853,54621,1489,47506,2853,102127,California
Kern,2021-03-03,5730,155588,2666,68002,3064,87585,0,1,3653,56213,2062,49568,3654,105781,California
Kern,2021-03-04,5502,161090,2119,70121,3381,90966,2,3,3514,57753,1975,51543,3515,109296,California
Kern,2021-03-05,6432,167522,2648,72769,3767,94733,17,20,4019,59384,2405,53948,4036,113332,California
Kern,2021-03-06,4634,172156,1879,74648,2660,97393,95,115,3379,61613,1246,55194,3475,116807,California
Kern,2021-03-07,2035,174191,1583,76231,407,97800,45,160,1848,63320,186,55380,1893,118700,California
Kern,2021-03-08,2790,176981,851,77082,1727,99527,212,372,1446,63635,1341,56721,1656,120356,California
Kern,2021-03-09,3516,180497,756,77838,2427,101954,333,705,2175,64804,1337,58058,2506,122862,California
Kern,2021-03-10,6010,186507,2459,80297,2481,104435,1070,1775,3495,66865,2504,60562,4565,127427,California
Kern,2021-03-11,6252,192759,2393,82690,2844,107279,1015,2790,3720,69076,2522,63084,4733,132160,California
Kern,2021-03-12,7598,200357,2894,85584,3360,110639,1344,4134,4120,71064,3468,66552,5456,137616,California
Kern,2021-03-13,4379,204736,2293,87877,1749,112388,337,4471,2978,72978,1396,67948,3310,140926,California
Kern,2021-03-14,2261,206997,1408,89285,610,112998,243,4714,1741,74442,518,68466,1982,142908,California
Kern,2021-03-15,4209,211206,1066,90351,2433,115431,710,5424,2154,75258,2046,70512,2862,145770,California
Kern,2021-03-16,4302,215508,997,91348,2776,118207,529,5953,2310,76112,1982,72494,2836,148606,California
Kern,2021-03-17,7174,222682,3781,95129,2853,121060,540,6493,4263,78014,2899,75393,4801,153407,California
Kern,2021-03-18,6919,229601,3357,98486,2987,124047,575,7068,4103,79893,2798,78191,4677,158084,California
Kern,2021-03-19,8579,238180,4651,103137,3280,127327,648,7716,4425,80823,4141,82332,5071,163155,California
Kern,2021-03-20,5849,244029,3516,106653,2159,129486,174,7890,3786,82731,2053,84385,3961,167116,California
Kern,2021-03-21,2856,246885,1738,108391,241,129727,877,8767,1686,84131,1164,85549,2564,169680,California
Kern,2021-03-22,3901,250786,1519,109910,2025,131752,357,9124,1892,84377,2003,87552,2249,171929,California
Kern,2021-03-23,4602,255388,1636,111546,2786,134538,180,9304,2443,84870,2129,89681,2622,174551,California
Kern,2021-03-24,6942,262330,3493,115039,2980,137518,469,9773,3644,85698,3284,92965,4112,178663,California
Kern,2021-03-25,6570,268900,2862,117901,3387,140905,321,10094,3287,86036,3270,96235,3608,182271,California
Kern,2021-03-26,9379,278279,4131,122032,3999,144904,1249,11343,4658,87244,4700,100935,5908,188179,California
Kern,2021-03-27,5419,283698,3725,125757,1573,146477,121,11464,3326,88606,2085,103020,3447,191626,California
Kern,2021-03-28,4202,287900,3719,129476,469,146946,14,11478,2660,89745,1535,104555,2674,194300,California
Kern,2021-03-29,4165,292065,1621,131097,2264,149210,280,11758,2604,91080,1548,106103,2883,197183,California
Kern,2021-03-30,5413,297478,1800,132897,3307,152517,306,12064,3081,92140,2325,108428,3385,200568,California
Kern,2021-03-31,7982,305460,4156,137053,3181,155698,645,12709,4217,93252,3750,112178,4862,205430,California
Kern,2021-04-01,7523,312983,3595,140648,3632,159330,296,13005,4058,94155,3448,115626,4351,209781,California
Kern,2021-04-02,8091,321074,4175,144823,3309,162639,607,13612,4081,94845,3994,119620,4684,214465,California
Kern,2021-04-03,5645,326719,3359,148182,2104,164743,182,13794,2595,94582,3039,122659,2776,217241,California
Kern,2021-04-04,1220,327939,764,148946,372,165115,84,13878,447,94341,772,123431,531,217772,California
Kern,2021-04-05,5205,333144,2164,151110,2285,167400,756,14634,2799,95498,2396,125827,3553,221325,California
Kern,2021-04-06,6401,339545,2353,153463,2887,170287,1161,15795,3471,97214,2916,128743,4632,225957,California
Kern,2021-04-07,9105,348650,5344,158807,2822,173109,939,16734,4579,98223,4509,133252,5518,231475,California
Kern,2021-04-08,8241,356891,4693,163500,2678,175787,870,17604,3838,98547,4380,137632,4704,236179,California
Kern,2021-04-09,4961,361852,1718,165218,2496,178283,747,18351,1949,98240,3001,140633,2694,238873,California
Kern,2021-04-10,1631,363483,489,165707,898,179181,244,18595,625,98106,1002,141635,868,239741,California
Kern,2021-04-11,408,363891,289,165996,94,179275,25,18620,46,97816,359,141994,69,239810,California
Kings,2020-12-16,1,1,1,1,0,0,0,0,1,1,0,0,1,1,California
Kings,2020-12-17,8,9,8,9,0,0,0,0,8,9,0,0,8,9,California
Kings,2020-12-18,12,21,12,21,0,0,0,0,12,21,0,0,12,21,California
Kings,2020-12-19,11,32,11,32,0,0,0,0,11,32,0,0,11,32,California
Kings,2020-12-20,13,45,13,45,0,0,0,0,13,45,0,0,13,45,California
Kings,2020-12-21,155,200,155,200,0,0,0,0,271,316,0,0,271,316,California
Kings,2020-12-22,143,343,143,343,0,0,0,0,140,456,0,0,140,456,California
Kings,2020-12-23,134,477,122,465,12,12,0,0,135,591,0,0,135,591,California
Kings,2020-12-24,11,488,9,474,2,14,0,0,11,602,0,0,11,602,California
Kings,2020-12-26,7,495,4,478,3,17,0,0,7,609,0,0,7,609,California
Kings,2020-12-27,4,499,4,482,0,17,0,0,4,613,0,0,4,613,California
Kings,2020-12-28,131,630,103,585,28,45,0,0,132,745,0,0,132,745,California
Kings,2020-12-29,78,708,51,636,27,72,0,0,79,824,0,0,79,824,California
Kings,2020-12-30,147,855,108,744,39,111,0,0,147,971,0,0,147,971,California
Kings,2020-12-31,43,898,6,750,37,148,0,0,43,1014,0,0,43,1014,California
Kings,2021-01-01,1,899,0,750,1,149,0,0,1,1015,0,0,1,1015,California
Kings,2021-01-02,10,909,9,759,1,150,0,0,10,1025,0,0,10,1025,California
Kings,2021-01-04,113,1022,42,801,71,221,0,0,113,1138,0,0,113,1138,California
Kings,2021-01-05,197,1219,39,840,158,379,0,0,197,1335,0,0,197,1335,California
Kings,2021-01-06,276,1495,177,1017,99,478,0,0,273,1605,3,3,273,1608,California
Kings,2021-01-07,178,1673,81,1098,97,575,0,0,170,1767,8,11,170,1778,California
Kings,2021-01-08,247,1920,54,1152,193,768,0,0,228,1976,19,30,228,2006,California
Kings,2021-01-09,63,1983,9,1161,54,822,0,0,55,2023,8,38,55,2061,California
Kings,2021-01-10,15,1998,3,1164,12,834,0,0,12,2032,3,41,12,2073,California
Kings,2021-01-11,518,2516,356,1520,162,996,0,0,274,2063,244,285,275,2348,California
Kings,2021-01-12,349,2865,252,1772,97,1093,0,0,215,2147,131,416,215,2563,California
Kings,2021-01-13,414,3279,267,2039,147,1240,0,0,323,2379,91,507,323,2886,California
Kings,2021-01-14,208,3487,31,2070,177,1417,0,0,198,2557,21,528,199,3085,California
Kings,2021-01-15,414,3901,28,2098,386,1803,0,0,402,2947,12,540,402,3487,California
Kings,2021-01-16,31,3932,12,2110,19,1822,0,0,30,2976,1,541,30,3517,California
Kings,2021-01-17,8,3940,5,2115,3,1825,0,0,6,2980,2,543,6,3523,California
Kings,2021-01-18,172,4112,40,2155,132,1957,0,0,146,3100,26,569,146,3669,California
Kings,2021-01-19,376,4488,158,2313,218,2175,0,0,248,3220,128,697,248,3917,California
Kings,2021-01-20,225,4713,135,2448,90,2265,0,0,120,3239,101,798,120,4037,California
Kings,2021-01-21,186,4899,32,2480,154,2419,0,0,172,3395,16,814,172,4209,California
Kings,2021-01-22,125,5024,38,2518,87,2506,0,0,125,3515,5,819,125,4334,California
Kings,2021-01-23,26,5050,14,2532,12,2518,0,0,20,3529,6,825,20,4354,California
Kings,2021-01-24,4,5054,4,2536,0,2518,0,0,2,3529,2,827,2,4356,California
Kings,2021-01-25,124,5178,26,2562,98,2616,0,0,90,3585,34,861,90,4446,California
Kings,2021-01-26,153,5331,34,2596,119,2735,0,0,114,3660,39,900,114,4560,California
Kings,2021-01-27,318,5649,34,2630,284,3019,0,0,248,3839,69,969,248,4808,California
Kings,2021-01-28,324,5973,46,2676,278,3297,0,0,271,4057,53,1022,271,5079,California
Kings,2021-01-29,86,6059,26,2702,60,3357,0,0,69,4109,17,1039,69,5148,California
Kings,2021-01-30,1556,7615,31,2733,1525,4882,0,0,1553,5661,3,1042,1555,6703,California
Kings,2021-02-01,199,7814,64,2797,135,5017,0,0,71,5606,126,1168,71,6774,California
Kings,2021-02-02,226,8040,14,2811,212,5229,0,0,81,5543,144,1312,81,6855,California
Kings,2021-02-03,356,8396,192,3003,164,5393,0,0,202,5592,153,1465,202,7057,California
Kings,2021-02-04,392,8788,97,3100,295,5688,0,0,197,5595,194,1659,197,7254,California
Kings,2021-02-05,254,9042,12,3112,242,5930,0,0,100,5543,152,1811,100,7354,California
Kings,2021-02-06,60,9102,10,3122,50,5980,0,0,27,5537,33,1844,27,7381,California
Kings,2021-02-07,5,9107,3,3125,2,5982,0,0,3,5538,2,1846,3,7384,California
Kings,2021-02-08,169,9276,29,3154,140,6122,0,0,68,5505,101,1947,68,7452,California
Kings,2021-02-09,252,9528,57,3211,195,6317,0,0,109,5473,141,2088,109,7561,California
Kings,2021-02-10,286,9814,112,3323,174,6491,0,0,173,5533,113,2201,173,7734,California
Kings,2021-02-11,429,10243,65,3388,364,6855,0,0,318,5741,110,2311,318,8052,California
Kings,2021-02-12,610,10853,36,3424,574,7429,0,0,341,5813,269,2580,341,8393,California
Kings,2021-02-13,102,10955,6,3430,96,7525,0,0,77,5865,25,2605,77,8470,California
Kings,2021-02-14,103,11058,5,3435,98,7623,0,0,95,5952,8,2613,95,8565,California
Kings,2021-02-15,246,11304,5,3440,241,7864,0,0,137,5981,108,2721,137,8702,California
Kings,2021-02-16,483,11787,32,3472,451,8315,0,0,250,5999,232,2953,250,8952,California
Kings,2021-02-17,378,12165,22,3494,356,8671,0,0,241,6104,137,3090,242,9194,California
Kings,2021-02-18,153,12318,23,3517,130,8801,0,0,99,6149,54,3144,99,9293,California
Kings,2021-02-19,157,12475,22,3539,135,8936,0,0,101,6197,53,3197,101,9394,California
Kings,2021-02-20,171,12646,40,3579,131,9067,0,0,134,6294,37,3234,134,9528,California
Kings,2021-02-21,2,12648,1,3580,1,9068,0,0,2,6296,0,3234,2,9530,California
Kings,2021-02-22,110,12758,19,3599,91,9159,0,0,51,6288,59,3293,51,9581,California
Kings,2021-02-23,290,13048,69,3668,221,9380,0,0,173,6344,117,3410,173,9754,California
Kings,2021-02-24,590,13638,152,3820,438,9818,0,0,378,6510,212,3622,378,10132,California
Kings,2021-02-25,662,14300,113,3933,549,10367,0,0,443,6736,217,3839,443,10575,California
Kings,2021-02-26,655,14955,130,4063,525,10892,0,0,592,7266,62,3901,592,11167,California
Kings,2021-02-27,1498,16453,62,4125,1436,12328,0,0,565,6899,932,4833,565,11732,California
Kings,2021-02-28,1169,17622,594,4719,575,12903,0,0,671,7075,495,5328,671,12403,California
Kings,2021-03-01,256,17878,77,4796,179,13082,0,0,212,7243,44,5372,212,12615,California
Kings,2021-03-02,466,18344,204,5000,262,13344,0,0,417,7612,49,5421,418,13033,California
Kings,2021-03-03,607,18951,293,5293,314,13658,0,0,422,7850,184,5605,422,13455,California
Kings,2021-03-04,709,19660,341,5634,368,14026,0,0,615,8372,94,5699,616,14071,California
Kings,2021-03-05,1000,20660,348,5982,643,14669,9,9,884,9150,116,5815,894,14965,California
Kings,2021-03-06,508,21168,183,6165,312,14981,13,22,479,9613,29,5844,492,15457,California
Kings,2021-03-07,359,21527,218,6383,137,15118,4,26,351,9960,8,5852,355,15812,California
Kings,2021-03-08,348,21875,95,6478,200,15318,53,79,239,10142,109,5961,291,16103,California
Kings,2021-03-09,454,22329,179,6657,220,15538,55,134,349,10442,105,6066,405,16508,California
Kings,2021-03-10,495,22824,120,6777,284,15822,91,225,314,10666,180,6246,404,16912,California
Kings,2021-03-11,1007,23831,307,7084,590,16412,110,335,603,10977,402,6648,713,17625,California
Kings,2021-03-12,1256,25087,383,7467,780,17192,93,428,873,11563,382,7030,968,18593,California
Kings,2021-03-13,660,25747,331,7798,285,17477,44,472,541,12030,119,7149,586,19179,California
Kings,2021-03-14,667,26414,102,7900,183,17660,382,854,200,12145,467,7616,582,19761,California
Kings,2021-03-15,605,27019,174,8074,316,17976,115,969,369,12396,235,7851,486,20247,California
Kings,2021-03-16,1040,28059,438,8512,541,18517,61,1030,706,12829,334,8185,767,21014,California
Kings,2021-03-17,1083,29142,417,8929,605,19122,61,1091,769,13352,314,8499,837,21851,California
Kings,2021-03-18,1085,30227,465,9394,400,19522,220,1311,756,14003,328,8827,979,22830,California
Kings,2021-03-19,926,31153,467,9861,374,19896,85,1396,709,14593,217,9044,807,23637,California
Kings,2021-03-20,622,31775,253,10114,339,20235,30,1426,450,14910,170,9214,487,24124,California
Kings,2021-03-21,1389,33164,1088,11202,290,20525,11,1437,836,15204,553,9767,847,24971,California
Kings,2021-03-22,446,33610,201,11403,162,20687,83,1520,275,15395,171,9938,362,25333,California
Kings,2021-03-23,881,34491,488,11891,334,21021,59,1579,569,15716,310,10248,631,25964,California
Kings,2021-03-24,904,35395,466,12357,415,21436,23,1602,501,15841,401,10649,526,26490,California
Kings,2021-03-25,875,36270,442,12799,408,21844,25,1627,439,15871,434,11083,464,26954,California
Kings,2021-03-26,1280,37550,375,13174,820,22664,85,1712,529,15739,746,11829,614,27568,California
Kings,2021-03-27,616,38166,246,13420,358,23022,12,1724,172,15481,442,12271,184,27752,California
Kings,2021-03-28,539,38705,468,13888,64,23086,7,1731,340,15637,199,12470,355,28107,California
Kings,2021-03-29,451,39156,196,14084,195,23281,60,1791,246,15739,203,12673,305,28412,California
Kings,2021-03-30,816,39972,445,14529,333,23614,38,1829,467,15896,348,13021,505,28917,California
Kings,2021-03-31,707,40679,366,14895,276,23890,65,1894,413,16085,289,13310,478,29395,California
Kings,2021-04-01,745,41424,371,15266,294,24184,80,1974,339,16104,400,13710,419,29814,California
Kings,2021-04-02,953,42377,418,15684,414,24598,121,2095,428,16131,521,14231,548,30362,California
Kings,2021-04-03,468,42845,326,16010,136,24734,6,2101,158,15993,304,14535,166,30528,California
Kings,2021-04-04,156,43001,82,16092,68,24802,6,2107,44,15932,111,14646,50,30578,California
Kings,2021-04-05,1033,44034,317,16409,466,25268,250,2357,254,15658,778,15424,504,31082,California
Kings,2021-04-06,1149,45183,427,16836,418,25686,304,2661,278,15371,868,16292,581,31663,California
Kings,2021-04-07,1335,46518,639,17475,511,26197,185,2846,413,15049,920,17212,598,32261,California
Kings,2021-04-08,1550,48068,604,18079,704,26901,242,3088,363,14475,1179,18391,605,32866,California
Kings,2021-04-09,692,48760,328,18407,233,27134,131,3219,128,14170,563,18954,258,33124,California
Kings,2021-04-10,311,49071,206,18613,62,27196,43,3262,44,13992,265,19219,87,33211,California
Kings,2021-04-11,26,49097,11,18624,10,27206,5,3267,8,13987,18,19237,13,33224,California
Lake,2020-12-17,4,4,4,4,0,0,0,0,4,4,0,0,4,4,California
Lake,2020-12-18,51,55,51,55,0,0,0,0,51,55,0,0,51,55,California
Lake,2020-12-19,3,58,3,58,0,0,0,0,3,58,0,0,3,58,California
Lake,2020-12-20,6,64,6,64,0,0,0,0,6,64,0,0,6,64,California
Lake,2020-12-21,86,150,86,150,0,0,0,0,86,150,0,0,86,150,California
Lake,2020-12-22,63,213,60,210,3,3,0,0,63,213,0,0,63,213,California
Lake,2020-12-23,123,336,114,324,9,12,0,0,123,336,0,0,123,336,California
Lake,2020-12-24,2,338,0,324,2,14,0,0,2,338,0,0,2,338,California
Lake,2020-12-26,2,340,2,326,0,14,0,0,2,340,0,0,2,340,California
Lake,2020-12-27,2,342,2,328,0,14,0,0,2,342,0,0,2,342,California
Lake,2020-12-28,52,394,43,371,9,23,0,0,52,394,0,0,52,394,California
Lake,2020-12-29,49,443,44,415,5,28,0,0,49,443,0,0,49,443,California
Lake,2020-12-30,123,566,116,531,7,35,0,0,123,566,0,0,123,566,California
Lake,2020-12-31,67,633,64,595,3,38,0,0,67,633,0,0,67,633,California
Lake,2021-01-01,1,634,0,595,1,39,0,0,1,634,0,0,1,634,California
Lake,2021-01-02,2,636,1,596,1,40,0,0,2,636,0,0,2,636,California
Lake,2021-01-04,86,722,21,617,65,105,0,0,86,722,0,0,86,722,California
Lake,2021-01-05,119,841,59,676,60,165,0,0,117,837,2,2,117,839,California
Lake,2021-01-06,105,946,65,741,40,205,0,0,103,938,2,4,103,942,California
Lake,2021-01-07,103,1049,82,823,21,226,0,0,94,1023,9,13,94,1036,California
Lake,2021-01-08,152,1201,124,947,28,254,0,0,100,1071,52,65,100,1136,California
Lake,2021-01-09,62,1263,60,1007,2,256,0,0,58,1125,4,69,58,1194,California
Lake,2021-01-10,3,1266,3,1010,0,256,0,0,0,1122,3,72,0,1194,California
Lake,2021-01-11,193,1459,152,1162,41,297,0,0,113,1155,80,152,113,1307,California
Lake,2021-01-12,80,1539,48,1210,32,329,0,0,56,1187,24,176,56,1363,California
Lake,2021-01-13,164,1703,112,1322,52,381,0,0,107,1237,57,233,107,1470,California
Lake,2021-01-14,146,1849,46,1368,100,481,0,0,124,1339,22,255,124,1594,California
Lake,2021-01-15,216,2065,92,1460,124,605,0,0,189,1501,27,282,189,1783,California
Lake,2021-01-16,137,2202,83,1543,54,659,0,0,135,1634,2,284,135,1918,California
Lake,2021-01-17,18,2220,6,1549,12,671,0,0,12,1640,6,290,12,1930,California
Lake,2021-01-18,245,2465,224,1773,21,692,0,0,127,1649,118,408,127,2057,California
Lake,2021-01-19,311,2776,117,1890,194,886,0,0,266,1871,45,453,267,2324,California
Lake,2021-01-20,419,3195,79,1969,340,1226,0,0,356,2165,62,515,356,2680,California
Lake,2021-01-21,432,3627,49,2018,383,1609,0,0,397,2527,35,550,397,3077,California
Lake,2021-01-22,315,3942,45,2063,270,1879,0,0,279,2770,36,586,279,3356,California
Lake,2021-01-23,122,4064,5,2068,117,1996,0,0,121,2890,1,587,121,3477,California
Lake,2021-01-24,4,4068,1,2069,3,1999,0,0,4,2894,0,587,4,3481,California
Lake,2021-01-25,256,4324,95,2164,161,2160,0,0,175,2988,81,668,175,3656,California
Lake,2021-01-26,427,4751,35,2199,392,2552,0,0,404,3369,23,691,404,4060,California
Lake,2021-01-27,355,5106,39,2238,316,2868,0,0,328,3671,27,718,329,4389,California
Lake,2021-01-28,499,5605,160,2398,339,3207,0,0,371,3914,128,846,371,4760,California
Lake,2021-01-29,636,6241,83,2481,553,3760,0,0,576,4430,60,906,576,5336,California
Lake,2021-01-30,557,6798,45,2526,512,4272,0,0,550,4974,6,912,550,5886,California
Lake,2021-01-31,13,6811,8,2534,5,4277,0,0,12,4985,1,913,12,5898,California
Lake,2021-02-01,179,6990,18,2552,161,4438,0,0,166,5138,13,926,166,6064,California
Lake,2021-02-02,564,7554,154,2706,410,4848,0,0,398,5370,166,1092,398,6462,California
Lake,2021-02-03,443,7997,33,2739,410,5258,0,0,339,5605,104,1196,339,6801,California
Lake,2021-02-04,118,8115,68,2807,50,5308,0,0,72,5631,46,1242,72,6873,California
Lake,2021-02-05,377,8492,68,2875,309,5617,0,0,288,5832,87,1329,288,7161,California
Lake,2021-02-06,279,8771,42,2917,237,5854,0,0,267,6087,12,1341,267,7428,California
Lake,2021-02-07,2,8773,1,2918,1,5855,0,0,2,6089,0,1341,2,7430,California
Lake,2021-02-08,279,9052,206,3124,73,5928,0,0,160,6130,119,1460,160,7590,California
Lake,2021-02-09,346,9398,25,3149,321,6249,0,0,302,6389,43,1503,302,7892,California
Lake,2021-02-10,352,9750,54,3203,298,6547,0,0,276,6589,76,1579,276,8168,California
Lake,2021-02-11,166,9916,17,3220,149,6696,0,0,55,6533,111,1690,55,8223,California
Lake,2021-02-12,373,10289,28,3248,345,7041,0,0,287,6734,86,1776,287,8510,California
Lake,2021-02-13,248,10537,9,3257,239,7280,0,0,237,6960,11,1787,237,8747,California
Lake,2021-02-14,19,10556,4,3261,15,7295,0,0,6,6953,13,1800,6,8753,California
Lake,2021-02-15,171,10727,13,3274,158,7453,0,0,8,6799,162,1962,8,8761,California
Lake,2021-02-16,418,11145,20,3294,398,7851,0,0,173,6727,245,2207,173,8934,California
Lake,2021-02-17,349,11494,51,3345,298,8149,0,0,69,6517,279,2486,69,9003,California
Lake,2021-02-18,456,11950,69,3414,387,8536,0,0,114,6290,342,2828,115,9118,California
Lake,2021-02-19,413,12363,25,3439,388,8924,0,0,89,6055,324,3152,89,9207,California
Lake,2021-02-20,295,12658,60,3499,235,9159,0,0,252,6265,42,3194,252,9459,California
Lake,2021-02-21,6,12664,6,3505,0,9159,0,0,0,6259,6,3200,0,9459,California
Lake,2021-02-22,138,12802,23,3528,115,9274,0,0,43,6207,95,3295,43,9502,California
Lake,2021-02-23,212,13014,15,3543,197,9471,0,0,26,6047,186,3481,26,9528,California
Lake,2021-02-24,955,13969,378,3921,577,10048,0,0,418,5929,536,4017,418,9946,California
Lake,2021-02-25,731,14700,462,4383,269,10317,0,0,472,6144,257,4274,472,10418,California
Lake,2021-02-26,990,15690,302,4685,688,11005,0,0,345,5847,642,4916,345,10763,California
Lake,2021-02-27,409,16099,97,4782,312,11317,0,0,326,6090,83,4999,326,11089,California
Lake,2021-02-28,19,16118,13,4795,6,11323,0,0,10,6091,9,5008,10,11099,California
Lake,2021-03-01,594,16712,52,4847,542,11865,0,0,442,6381,152,5160,442,11541,California
Lake,2021-03-02,744,17456,18,4865,726,12591,0,0,290,6217,454,5614,290,11831,California
Lake,2021-03-03,357,17813,196,5061,161,12752,0,0,133,6126,224,5838,133,11964,California
Lake,2021-03-04,576,18389,508,5569,68,12820,0,0,562,6674,14,5852,562,12526,California
Lake,2021-03-05,1037,19426,38,5607,999,13819,0,0,174,5989,859,6711,174,12700,California
Lake,2021-03-06,36,19462,11,5618,24,13843,1,1,21,5996,15,6726,22,12722,California
Lake,2021-03-07,7,19469,5,5623,2,13845,0,1,4,5997,3,6729,4,12726,California
Lake,2021-03-08,339,19808,268,5891,62,13907,9,10,299,6265,40,6769,308,13034,California
Lake,2021-03-09,917,20725,27,5918,873,14780,17,27,394,6154,522,7291,411,13445,California
Lake,2021-03-10,202,20927,58,5976,131,14911,13,40,135,6235,67,7358,148,13593,California
Lake,2021-03-11,588,21515,47,6023,65,14976,476,516,52,6227,536,7894,528,14121,California
Lake,2021-03-12,856,22371,205,6228,627,15603,24,540,366,6128,489,8383,390,14511,California
Lake,2021-03-13,276,22647,22,6250,17,15620,237,777,16,6121,259,8642,252,14763,California
Lake,2021-03-14,12,22659,2,6252,10,15630,0,777,7,6123,5,8647,7,14770,California
Lake,2021-03-15,641,23300,14,6266,610,16240,17,794,483,6465,158,8805,500,15270,California
Lake,2021-03-16,1105,24405,829,7095,259,16499,17,811,448,6276,653,9458,464,15734,California
Lake,2021-03-17,245,24650,119,7214,104,16603,22,833,88,6229,157,9615,110,15844,California
Lake,2021-03-18,748,25398,368,7582,343,16946,37,870,374,6266,373,9988,410,16254,California
Lake,2021-03-19,587,25985,321,7903,246,17192,20,890,486,6672,100,10088,506,16760,California
Lake,2021-03-20,249,26234,8,7911,238,17430,3,893,30,6488,217,10305,33,16793,California
Lake,2021-03-21,17,26251,11,7922,5,17435,1,894,12,6496,5,10310,13,16806,California
Lake,2021-03-22,318,26569,239,8161,65,17500,14,908,233,6658,85,10395,247,17053,California
Lake,2021-03-23,412,26981,18,8179,381,17881,13,921,351,6962,60,10455,364,17417,California
Lake,2021-03-24,412,27393,60,8239,344,18225,8,929,316,7192,95,10550,325,17742,California
Lake,2021-03-25,657,28050,469,8708,182,18407,6,935,174,6889,483,11033,180,17922,California
Lake,2021-03-26,70,28120,33,8741,36,18443,1,936,48,6916,22,11055,49,17971,California
Lake,2021-03-27,309,28429,7,8748,299,18742,3,939,18,6648,289,11344,21,17992,California
Lake,2021-03-28,14,28443,5,8753,9,18751,0,939,8,6650,6,11350,8,18000,California
Lake,2021-03-29,899,29342,269,9022,628,19379,2,941,193,6141,704,12054,195,18195,California
Lake,2021-03-30,449,29791,303,9325,144,19523,2,943,364,6422,85,12139,366,18561,California
Lake,2021-03-31,569,30360,61,9386,508,20031,0,943,408,6677,153,12292,408,18969,California
Lake,2021-04-01,426,30786,224,9610,190,20221,12,955,178,6622,245,12537,190,19159,California
Lake,2021-04-02,224,31010,42,9652,154,20375,28,983,102,6630,122,12659,130,19289,California
Lake,2021-04-03,31,31041,8,9660,20,20395,3,986,11,6624,20,12679,14,19303,California
Lake,2021-04-04,19,31060,10,9670,7,20402,2,988,14,6635,5,12684,16,19319,California
Lake,2021-04-05,635,31695,68,9738,546,20948,21,1009,395,6813,237,12921,415,19734,California
Lake,2021-04-06,472,32167,21,9759,424,21372,27,1036,302,6974,168,13089,329,20063,California
Lake,2021-04-07,497,32664,54,9813,403,21775,40,1076,341,7200,155,13244,381,20444,California
Lake,2021-04-08,576,33240,471,10284,47,21822,58,1134,95,6874,479,13723,153,20597,California
Lake,2021-04-09,255,33495,41,10325,160,21982,54,1188,44,6763,209,13932,98,20695,California
Lake,2021-04-10,228,33723,12,10337,7,21989,209,1397,10,6764,218,14150,219,20914,California
Lake,2021-04-11,6,33729,2,10339,3,21992,1,1398,3,6765,3,14153,4,20918,California
Lassen,2020-12-16,8,8,8,8,0,0,0,0,8,8,0,0,8,8,California
Lassen,2020-12-17,6,14,6,14,0,0,0,0,6,14,0,0,6,14,California
Lassen,2020-12-18,1,15,1,15,0,0,0,0,1,15,0,0,1,15,California
Lassen,2020-12-19,5,20,5,20,0,0,0,0,5,20,0,0,5,20,California
Lassen,2020-12-20,2,22,2,22,0,0,0,0,2,22,0,0,2,22,California
Lassen,2020-12-21,11,33,11,33,0,0,0,0,11,33,0,0,11,33,California
Lassen,2020-12-22,23,56,23,56,0,0,0,0,23,56,0,0,23,56,California
Lassen,2020-12-23,6,62,6,62,0,0,0,0,6,62,0,0,6,62,California
Lassen,2020-12-24,11,73,11,73,0,0,0,0,11,73,0,0,11,73,California
Lassen,2020-12-28,3,76,2,75,1,1,0,0,3,76,0,0,3,76,California
Lassen,2020-12-29,35,111,35,110,0,1,0,0,35,111,0,0,35,111,California
Lassen,2020-12-30,37,148,36,146,1,2,0,0,37,148,0,0,37,148,California
Lassen,2020-12-31,49,197,42,188,7,9,0,0,49,197,0,0,49,197,California
Lassen,2021-01-02,1,198,0,188,1,10,0,0,1,198,0,0,1,198,California
Lassen,2021-01-04,15,213,1,189,14,24,0,0,15,213,0,0,15,213,California
Lassen,2021-01-05,194,407,53,242,141,165,0,0,194,407,0,0,194,407,California
Lassen,2021-01-06,95,502,43,285,52,217,0,0,87,487,8,8,88,495,California
Lassen,2021-01-07,43,545,7,292,36,253,0,0,37,518,6,14,37,532,California
Lassen,2021-01-08,50,595,2,294,48,301,0,0,50,568,0,14,50,582,California
Lassen,2021-01-09,12,607,6,300,6,307,0,0,12,580,0,14,12,594,California
Lassen,2021-01-11,27,634,5,305,22,329,0,0,27,607,0,14,27,621,California
Lassen,2021-01-12,49,683,29,334,20,349,0,0,30,618,19,33,30,651,California
Lassen,2021-01-13,161,844,18,352,143,492,0,0,146,749,15,48,146,797,California
Lassen,2021-01-14,163,1007,18,370,145,637,0,0,151,888,12,60,151,948,California
Lassen,2021-01-15,33,1040,6,376,27,664,0,0,33,921,0,60,33,981,California
Lassen,2021-01-16,34,1074,33,409,1,665,0,0,34,955,0,60,34,1015,California
Lassen,2021-01-17,1,1075,0,409,1,666,0,0,1,956,0,60,1,1016,California
Lassen,2021-01-18,5,1080,2,411,3,669,0,0,4,959,1,61,4,1020,California
Lassen,2021-01-19,185,1265,36,447,149,818,0,0,157,1088,28,89,157,1177,California
Lassen,2021-01-20,188,1453,100,547,88,906,0,0,104,1123,69,158,104,1281,California
Lassen,2021-01-21,145,1598,94,641,51,957,0,0,120,1224,19,177,120,1401,California
Lassen,2021-01-22,31,1629,18,659,13,970,0,0,21,1235,10,187,21,1422,California
Lassen,2021-01-23,1,1630,0,659,1,971,0,0,1,1236,0,187,1,1423,California
Lassen,2021-01-24,1,1631,0,659,1,972,0,0,1,1237,0,187,1,1424,California
Lassen,2021-01-25,11,1642,0,659,11,983,0,0,11,1248,0,187,11,1435,California
Lassen,2021-01-26,126,1768,12,671,114,1097,0,0,123,1367,4,191,123,1558,California
Lassen,2021-01-27,82,1850,30,701,52,1149,0,0,67,1419,15,206,67,1625,California
Lassen,2021-01-28,85,1935,14,715,71,1220,0,0,84,1502,1,207,84,1709,California
Lassen,2021-01-29,23,1958,7,722,16,1236,0,0,22,1523,1,208,22,1731,California
Lassen,2021-02-01,62,2020,4,726,58,1294,0,0,36,1533,26,234,36,1767,California
Lassen,2021-02-02,177,2197,11,737,166,1460,0,0,43,1442,134,368,43,1810,California
Lassen,2021-02-03,96,2293,21,758,75,1535,0,0,51,1448,45,413,51,1861,California
Lassen,2021-02-04,112,2405,15,773,97,1632,0,0,63,1462,49,462,63,1924,California
Lassen,2021-02-05,65,2470,12,785,53,1685,0,0,23,1443,42,504,23,1947,California
Lassen,2021-02-06,69,2539,34,819,35,1720,0,0,36,1447,32,536,36,1983,California
Lassen,2021-02-07,1,2540,1,820,0,1720,0,0,1,1448,0,536,1,1984,California
Lassen,2021-02-08,43,2583,4,824,39,1759,0,0,18,1441,25,561,18,2002,California
Lassen,2021-02-09,128,2711,8,832,120,1879,0,0,49,1411,79,640,49,2051,California
Lassen,2021-02-10,182,2893,20,852,162,2041,0,0,75,1379,107,747,75,2126,California
Lassen,2021-02-11,183,3076,16,868,167,2208,0,0,79,1355,103,850,79,2205,California
Lassen,2021-02-12,43,3119,12,880,31,2239,0,0,15,1342,28,878,15,2220,California
Lassen,2021-02-13,11,3130,3,883,8,2247,0,0,9,1349,2,880,9,2229,California
Lassen,2021-02-14,13,3143,0,883,13,2260,0,0,12,1360,1,881,12,2241,California
Lassen,2021-02-15,20,3163,1,884,19,2279,0,0,16,1372,4,885,16,2257,California
Lassen,2021-02-16,193,3356,4,888,189,2468,0,0,32,1245,159,1044,32,2289,California
Lassen,2021-02-17,184,3540,94,982,90,2558,0,0,11,1083,173,1217,11,2300,California
Lassen,2021-02-18,79,3619,22,1004,57,2615,0,0,20,1044,59,1276,20,2320,California
Lassen,2021-02-19,82,3701,62,1066,20,2635,0,0,18,998,64,1340,18,2338,California
Lassen,2021-02-20,7,3708,0,1066,7,2642,0,0,5,1001,2,1342,5,2343,California
Lassen,2021-02-21,22,3730,2,1068,20,2662,0,0,18,1015,4,1346,18,2361,California
Lassen,2021-02-22,23,3753,8,1076,15,2677,0,0,5,1002,18,1364,5,2366,California
Lassen,2021-02-23,151,3904,8,1084,143,2820,0,0,40,931,111,1475,40,2406,California
Lassen,2021-02-24,165,4069,16,1100,149,2969,0,0,107,981,57,1532,107,2513,California
Lassen,2021-02-25,156,4225,19,1119,137,3106,0,0,100,1025,56,1588,100,2613,California
Lassen,2021-02-26,73,4298,16,1135,57,3163,0,0,36,1024,37,1625,36,2649,California
Lassen,2021-02-27,7,4305,7,1142,0,3163,0,0,3,1023,4,1629,3,2652,California
Lassen,2021-02-28,6,4311,1,1143,5,3168,0,0,3,1023,3,1632,3,2655,California
Lassen,2021-03-01,40,4351,4,1147,36,3204,0,0,7,997,33,1665,7,2662,California
Lassen,2021-03-02,103,4454,6,1153,97,3301,0,0,78,1050,25,1690,78,2740,California
Lassen,2021-03-03,168,4622,12,1165,156,3457,0,0,111,1104,57,1747,111,2851,California
Lassen,2021-03-04,147,4769,14,1179,133,3590,0,0,98,1154,48,1795,98,2949,California
Lassen,2021-03-05,47,4816,7,1186,17,3607,23,23,11,1152,36,1831,34,2983,California
Lassen,2021-03-06,51,4867,4,1190,28,3635,19,42,4,1128,47,1878,23,3006,California
Lassen,2021-03-07,56,4923,1,1191,0,3635,55,97,1,1129,55,1933,56,3062,California
Lassen,2021-03-08,89,5012,1,1192,8,3643,80,177,3,1127,85,2018,83,3145,California
Lassen,2021-03-09,136,5148,11,1203,108,3751,17,194,89,1186,47,2065,106,3251,California
Lassen,2021-03-10,172,5320,10,1213,161,3912,1,195,79,1173,93,2158,80,3331,California
Lassen,2021-03-11,185,5505,16,1229,162,4074,7,202,113,1224,69,2227,120,3451,California
Lassen,2021-03-12,34,5539,18,1247,12,4086,4,206,12,1218,22,2249,16,3467,California
Lassen,2021-03-13,49,5588,0,1247,3,4089,46,252,1,1216,48,2297,46,3513,California
Lassen,2021-03-14,14,5602,2,1249,11,4100,1,253,2,1207,12,2309,3,3516,California
Lassen,2021-03-15,31,5633,0,1249,31,4131,0,253,15,1206,16,2325,15,3531,California
Lassen,2021-03-16,91,5724,2,1251,83,4214,6,259,73,1267,18,2343,79,3610,California
Lassen,2021-03-17,1080,6804,8,1259,1067,5281,5,264,1061,2315,18,2361,1066,4676,California
Lassen,2021-03-18,96,6900,10,1269,85,5366,1,265,82,2384,14,2375,83,4759,California
Lassen,2021-03-19,17,6917,11,1280,2,5368,4,269,7,2385,10,2385,11,4770,California
Lassen,2021-03-20,29,6946,3,1283,23,5391,3,272,23,2405,6,2391,26,4796,California
Lassen,2021-03-21,34,6980,0,1283,34,5425,0,272,14,2400,19,2410,14,4810,California
Lassen,2021-03-22,55,7035,0,1283,55,5480,0,272,52,2449,3,2413,52,4862,California
Lassen,2021-03-23,118,7153,8,1291,109,5589,1,273,69,2470,49,2462,70,4932,California
Lassen,2021-03-24,210,7363,12,1303,198,5787,0,273,106,2473,103,2565,106,5038,California
Lassen,2021-03-25,150,7513,21,1324,129,5916,0,273,68,2459,82,2647,68,5106,California
Lassen,2021-03-26,74,7587,12,1336,23,5939,39,312,15,2454,59,2706,54,5160,California
Lassen,2021-03-27,19,7606,3,1339,1,5940,15,327,3,2456,16,2722,18,5178,California
Lassen,2021-03-28,18,7624,3,1342,5,5945,10,337,4,2456,14,2736,14,5192,California
Lassen,2021-03-29,52,7676,1,1343,26,5971,25,362,21,2471,31,2767,46,5238,California
Lassen,2021-03-30,197,7873,9,1352,163,6134,25,387,50,2399,147,2914,75,5313,California
Lassen,2021-03-31,146,8019,12,1364,112,6246,22,409,62,2399,84,2998,84,5397,California
Lassen,2021-04-01,156,8175,16,1380,121,6367,19,428,49,2361,106,3104,68,5465,California
Lassen,2021-04-02,27,8202,3,1383,3,6370,21,449,1,2357,26,3130,22,5487,California
Lassen,2021-04-03,12,8214,0,1383,2,6372,10,459,0,2355,12,3142,10,5497,California
Lassen,2021-04-04,7,8221,2,1385,0,6372,5,464,1,2355,6,3148,6,5503,California
Lassen,2021-04-05,24,8245,5,1390,12,6384,7,471,12,2363,11,3159,19,5522,California
Lassen,2021-04-06,179,8424,7,1397,142,6526,30,501,49,2312,130,3289,79,5601,California
Lassen,2021-04-07,135,8559,7,1404,92,6618,36,537,35,2283,100,3389,71,5672,California
Lassen,2021-04-08,121,8680,8,1412,63,6681,50,587,25,2265,93,3482,75,5747,California
Lassen,2021-04-09,40,8720,3,1415,8,6689,29,616,3,2259,36,3518,30,5777,California
Lassen,2021-04-10,9,8729,0,1415,2,6691,7,623,1,2259,8,3526,8,5785,California
Lassen,2021-04-11,4,8733,1,1416,0,6691,3,626,1,2260,3,3529,4,5789,California
Los Angeles,2020-12-15,391,391,391,391,0,0,0,0,391,391,0,0,391,391,California
Los Angeles,2020-12-16,3360,3751,3360,3751,0,0,0,0,3360,3751,0,0,3360,3751,California
Los Angeles,2020-12-17,10227,13978,10227,13978,0,0,0,0,10228,13979,0,0,10228,13979,California
Los Angeles,2020-12-18,14498,28476,14477,28455,21,21,0,0,14498,28477,0,0,14498,28477,California
Los Angeles,2020-12-19,7213,35689,7206,35661,7,28,0,0,7214,35691,0,0,7214,35691,California
Los Angeles,2020-12-20,4574,40263,4567,40228,7,35,0,0,4576,40267,0,0,4576,40267,California
Los Angeles,2020-12-21,13664,53927,13652,53880,12,47,0,0,13665,53931,1,1,13665,53932,California
Los Angeles,2020-12-22,11494,65421,11115,64995,379,426,0,0,11495,65425,1,2,11495,65427,California
Los Angeles,2020-12-23,11865,77286,10110,75105,1755,2181,0,0,11866,77291,0,2,11866,77293,California
Los Angeles,2020-12-24,7004,84290,4238,79343,2766,4947,0,0,7007,84298,0,2,7007,84300,California
Los Angeles,2020-12-25,521,84811,416,79759,105,5052,0,0,521,84819,0,2,521,84821,California
Los Angeles,2020-12-26,2523,87334,2178,81937,345,5397,0,0,2523,87341,1,3,2523,87344,California
Los Angeles,2020-12-27,1751,89085,1021,82958,730,6127,0,0,1751,89092,0,3,1751,89095,California
Los Angeles,2020-12-28,10249,99334,6353,89311,3896,10023,0,0,10247,99338,1,4,10247,99342,California
Los Angeles,2020-12-29,11568,110902,6055,95366,5513,15536,0,0,11570,110908,0,4,11570,110912,California
Los Angeles,2020-12-30,14836,125738,8075,103441,6761,22297,0,0,14835,125743,0,4,14835,125747,California
Los Angeles,2020-12-31,7890,133628,2741,106182,5149,27446,0,0,7888,133630,1,5,7888,133635,California
Los Angeles,2021-01-01,937,134565,246,106428,691,28137,0,0,937,134567,0,5,937,134572,California
Los Angeles,2021-01-02,4432,138997,1648,108076,2784,30921,0,0,4432,138999,0,5,4432,139004,California
Los Angeles,2021-01-03,917,139914,203,108279,714,31635,0,0,916,139914,1,6,916,139920,California
Los Angeles,2021-01-04,12636,152550,4836,113115,7800,39435,0,0,12622,152533,3,9,12622,152542,California
Los Angeles,2021-01-05,15972,168522,7059,120174,8913,48348,0,0,14066,164727,1873,1882,14067,166609,California
Los Angeles,2021-01-06,22459,190981,12033,132207,10426,58774,0,0,16882,176108,5508,7390,16889,183498,California
Los Angeles,2021-01-07,29301,220282,15778,147985,13523,72297,0,0,18821,184505,10434,17824,18831,202329,California
Los Angeles,2021-01-08,32986,253268,17852,165837,15134,87431,0,0,20798,193148,12163,29987,20806,223135,California
Los Angeles,2021-01-09,12321,265589,7048,172885,5273,92704,0,0,7465,195764,4855,34842,7471,230606,California
Los Angeles,2021-01-10,4643,270232,3626,176511,1017,93721,0,0,1917,194956,2726,37568,1918,232524,California
Los Angeles,2021-01-11,25713,295945,16205,192716,9508,103229,0,0,14800,198859,10903,48471,14806,247330,California
Los Angeles,2021-01-12,29112,325057,16022,208738,13090,116319,0,0,19011,207795,10083,58554,19019,266349,California
Los Angeles,2021-01-13,29179,354236,15586,224324,13593,129912,0,0,20255,219149,8906,67460,20260,286609,California
Los Angeles,2021-01-14,29188,383424,12690,237014,16498,146410,0,0,23698,237384,5472,72932,23707,310316,California
Los Angeles,2021-01-15,33666,417090,12316,249330,21350,167760,0,0,30110,263972,3531,76463,30119,340435,California
Los Angeles,2021-01-16,17497,434587,4952,254282,12545,180305,0,0,15721,277930,1768,78231,15726,356161,California
Los Angeles,2021-01-17,5169,439756,2291,256573,2878,183183,0,0,4925,282614,243,78474,4927,361088,California
Los Angeles,2021-01-18,15545,455301,10041,266614,5504,188687,0,0,10848,288778,4685,83159,10849,371937,California
Los Angeles,2021-01-19,38361,493662,20513,287127,17848,206535,0,0,30599,311664,7721,90880,30607,402544,California
Los Angeles,2021-01-20,45471,539133,23686,310813,21785,228320,0,0,37994,342219,7447,98327,38002,440546,California
Los Angeles,2021-01-21,48429,587562,22316,333129,26113,254433,0,0,44195,382254,4172,102499,44207,484753,California
Los Angeles,2021-01-22,47546,635108,22170,355299,25376,279809,0,0,44154,423064,3350,105849,44160,528913,California
Los Angeles,2021-01-23,33856,668964,15657,370956,18199,298008,0,0,31822,452890,2005,107854,31831,560744,California
Los Angeles,2021-01-24,15664,684628,12156,383112,3508,301516,0,0,15120,467473,538,108392,15121,575865,California
Los Angeles,2021-01-25,38501,723129,16332,399444,22169,323685,0,0,30079,489182,8393,116785,30102,605967,California
Los Angeles,2021-01-26,48949,772078,24279,423723,24670,348355,0,0,40837,521960,8080,124865,40858,646825,California
Los Angeles,2021-01-27,48135,820213,25663,449386,22472,370827,0,0,39014,552004,8987,133852,39031,685856,California
Los Angeles,2021-01-28,48287,868500,22983,472369,25304,396131,0,0,39969,583783,8204,142056,39983,725839,California
Los Angeles,2021-01-29,49020,917520,25274,497643,23746,419877,0,0,39040,613206,9629,151685,39052,764891,California
Los Angeles,2021-01-30,29883,947403,15342,512985,14541,434418,0,0,25780,634960,4029,155714,25783,790674,California
Los Angeles,2021-01-31,12957,960360,10337,523322,2620,437038,0,0,12047,646111,899,156613,12050,802724,California
Los Angeles,2021-02-01,37808,998168,16071,539393,21737,458775,0,0,27611,663563,10168,166781,27620,830344,California
Los Angeles,2021-02-02,44031,1042199,17816,557209,26215,484990,0,0,31906,683385,12088,178869,31910,862254,California
Los Angeles,2021-02-03,51907,1094106,19422,576631,32485,517475,0,0,37280,706277,14394,193263,37286,899540,California
Los Angeles,2021-02-04,57013,1151119,20622,597253,36391,553866,0,0,39019,727618,17689,210952,39030,938570,California
Los Angeles,2021-02-05,60900,1212019,20939,618192,39961,593827,0,0,39142,745432,21346,232298,39160,977730,California
Los Angeles,2021-02-06,35374,1247393,13242,631434,22132,615959,0,0,26992,764135,8310,240608,27013,1004743,California
Los Angeles,2021-02-07,10761,1258154,8351,639785,2410,618369,0,0,8395,770185,2351,242959,8401,1013144,California
Los Angeles,2021-02-08,46566,1304720,21408,661193,25158,643527,0,0,30485,784720,15953,258912,30488,1043632,California
Los Angeles,2021-02-09,55610,1360330,24538,685731,31072,674599,0,0,28354,785893,27199,286111,28372,1072004,California
Los Angeles,2021-02-10,66698,1427028,29314,715045,37384,711983,0,0,30932,781445,35398,321509,30950,1102954,California
Los Angeles,2021-02-11,57754,1484782,30761,745806,26993,738976,0,0,27929,779990,29396,350905,27941,1130895,California
Los Angeles,2021-02-12,59325,1544107,29732,775538,29593,768569,0,0,25927,772865,33069,383974,25944,1156839,California
Los Angeles,2021-02-13,33722,1577829,19573,795111,14149,782718,0,0,15470,770206,18174,402148,15515,1172354,California
Los Angeles,2021-02-14,21853,1599682,14959,810070,6894,789612,0,0,8783,765980,13013,415161,8787,1181141,California
Los Angeles,2021-02-15,32286,1631968,15783,825853,16503,806115,0,0,17748,769256,14482,429643,17758,1198899,California
Los Angeles,2021-02-16,63752,1695720,32414,858267,31338,837453,0,0,29872,765335,33804,463447,29883,1228782,California
Los Angeles,2021-02-17,63755,1759475,34136,892403,29619,867072,0,0,26332,754411,37262,500709,26338,1255120,California
Los Angeles,2021-02-18,67930,1827405,34574,926977,33356,900428,0,0,28583,743899,39105,539814,28593,1283713,California
Los Angeles,2021-02-19,56797,1884202,34903,961880,21894,922322,0,0,28304,743816,28404,568218,28321,1312034,California
Los Angeles,2021-02-20,31926,1916128,23733,985613,8193,930515,0,0,15599,743130,16294,584512,15608,1327642,California
Los Angeles,2021-02-21,16394,1932522,14767,1000380,1627,932142,0,0,8412,743592,7958,592470,8420,1336062,California
Los Angeles,2021-02-22,33989,1966511,24822,1025202,9167,941309,0,0,17625,744930,16299,608769,17637,1353699,California
Los Angeles,2021-02-23,53144,2019655,22607,1047809,30537,971846,0,0,21040,733984,32011,640780,21065,1374764,California
Los Angeles,2021-02-24,63576,2083231,27920,1075729,35656,1007502,0,0,27965,726507,35459,676239,27982,1402746,California
Los Angeles,2021-02-25,72823,2156054,33403,1109132,39420,1046922,0,0,38308,730454,34371,710610,38318,1441064,California
Los Angeles,2021-02-26,82314,2238368,38406,1147538,43908,1090830,0,0,47233,742838,34871,745481,47255,1488319,California
Los Angeles,2021-02-27,58357,2296725,24809,1172347,33546,1124376,2,2,29877,744389,28350,773831,29901,1518220,California
Los Angeles,2021-02-28,26722,2323447,18467,1190814,8255,1132631,0,2,18882,755499,7776,781607,18886,1537106,California
Los Angeles,2021-03-01,55083,2378530,30760,1221574,24314,1156945,9,11,33392,767356,21560,803167,33417,1570523,California
Los Angeles,2021-03-02,70034,2448564,30989,1252563,39044,1195989,1,12,42839,783117,27088,830255,42849,1613372,California
Los Angeles,2021-03-03,80757,2529321,40471,1293034,40281,1236270,5,17,50521,803571,30095,860350,50549,1663921,California
Los Angeles,2021-03-04,88156,2617477,45482,1338516,42666,1278936,8,25,55595,826781,32406,892756,55616,1719537,California
Los Angeles,2021-03-05,86531,2704008,42065,1380581,44446,1323382,20,45,57742,855943,28630,921386,57792,1777329,California
Los Angeles,2021-03-06,65149,2769157,32679,1413260,30671,1354053,1799,1844,41848,876426,23178,944564,43661,1820990,California
Los Angeles,2021-03-07,25438,2794595,19189,1432449,5469,1359522,780,2624,19629,891044,5793,950357,20411,1841401,California
Los Angeles,2021-03-08,50908,2845503,26436,1458885,22539,1382061,1933,4557,38314,918782,12511,962868,40249,1881650,California
Los Angeles,2021-03-09,67922,2913425,25650,1484535,39008,1421069,3264,7821,40614,935480,27180,990048,43878,1925528,California
Los Angeles,2021-03-10,78177,2991602,36878,1521413,36682,1457751,4617,12438,49131,960282,28918,1018966,53720,1979248,California
Los Angeles,2021-03-11,90637,3082239,44100,1565513,40333,1498084,6204,18642,53315,982596,37181,1056147,59495,2038743,California
Los Angeles,2021-03-12,95379,3177618,42368,1607881,39443,1537527,13568,32210,55571,1012044,39660,1095807,69108,2107851,California
Los Angeles,2021-03-13,72078,3249696,33372,1641253,26879,1564406,11827,44037,43003,1037873,28984,1124791,54813,2162664,California
Los Angeles,2021-03-14,37742,3287438,25249,1666502,10087,1574493,2406,46443,25345,1053266,12348,1137139,27741,2190405,California
Los Angeles,2021-03-15,72665,3360103,34972,1701474,32391,1606884,5302,51745,44485,1075015,28035,1165174,49784,2240189,California
Los Angeles,2021-03-16,97225,3457328,41849,1743323,49668,1656552,5708,57453,63393,1110427,33674,1198848,69086,2309275,California
Los Angeles,2021-03-17,93043,3550371,42107,1785430,43006,1699558,7930,65383,62420,1150283,30472,1229320,70328,2379603,California
Los Angeles,2021-03-18,97047,3647418,46096,1831526,45819,1745377,5132,70515,61689,1181972,35124,1264444,66813,2446416,California
Los Angeles,2021-03-19,104291,3751709,54245,1885771,45477,1790854,4569,75084,64847,1212173,39219,1303663,69420,2515836,California
Los Angeles,2021-03-20,73836,3825545,35913,1921684,33680,1824534,4243,79327,51337,1245394,22354,1326017,55575,2571411,California
Los Angeles,2021-03-21,33353,3858898,24645,1946329,7868,1832402,840,80167,21701,1256353,11580,1337597,22539,2593950,California
Los Angeles,2021-03-22,67324,3926222,39956,1986285,25418,1857820,1950,82117,48053,1287271,19086,1356683,50004,2643954,California
Los Angeles,2021-03-23,92422,4018644,49982,2036267,39537,1897357,2903,85020,61751,1321450,30473,1387156,64652,2708606,California
Los Angeles,2021-03-24,100974,4119618,53762,2090029,44369,1941726,2843,87863,60080,1343720,40648,1427804,62918,2771524,California
Los Angeles,2021-03-25,105733,4225351,56567,2146596,45621,1987347,3545,91408,60873,1363499,44631,1472435,64410,2835934,California
Los Angeles,2021-03-26,110899,4336250,60558,2207154,46274,2033621,4067,95475,63557,1383964,47150,1519585,67615,2903549,California
Los Angeles,2021-03-27,80279,4416529,41993,2249147,36196,2069817,2090,97565,41975,1389929,38103,1557688,44068,2947617,California
Los Angeles,2021-03-28,40535,4457064,27142,2276289,12811,2082628,582,98147,20651,1391343,19819,1577507,21233,2968850,California
Los Angeles,2021-03-29,80516,4537580,45499,2321788,33438,2116066,1579,99726,46333,1405214,34040,1611547,47911,3016761,California
Los Angeles,2021-03-30,105555,4643135,49409,2371197,50460,2166526,5686,105412,65253,1436002,40141,1651688,70929,3087690,California
Los Angeles,2021-03-31,117991,4761126,59103,2430300,50470,2216996,8418,113830,69920,1466451,47866,1699554,78315,3166005,California
Los Angeles,2021-04-01,126645,4887771,57919,2488219,54211,2271207,14515,128345,70404,1495310,56032,1755586,84891,3250896,California
Los Angeles,2021-04-02,124991,5012762,54371,2542590,55937,2327144,14683,143028,68138,1521537,56601,1812187,82828,3333724,California
Los Angeles,2021-04-03,93079,5105841,41255,2583845,38882,2366026,12942,155970,47009,1535528,45937,1858124,59928,3393652,California
Los Angeles,2021-04-04,37522,5143363,19566,2603411,11969,2377995,5987,161957,16154,1536338,21318,1879442,22128,3415780,California
Los Angeles,2021-04-05,89229,5232592,43138,2646549,36377,2414372,9714,171671,43895,1544748,45194,1924636,53604,3469384,California
Los Angeles,2021-04-06,117844,5350436,55546,2702095,42710,2457082,19588,191259,54916,1556501,62693,1987329,74446,3543830,California
Los Angeles,2021-04-07,116729,5467165,53490,2755585,43621,2500703,19618,210877,54370,1568282,62156,2049485,73937,3617767,California
Los Angeles,2021-04-08,125200,5592365,56366,2811951,46283,2546986,22551,233428,57434,1580646,67552,2117037,79916,3697683,California
Los Angeles,2021-04-09,87617,5679982,33510,2845461,41366,2588352,12741,246169,38920,1583741,48519,2165556,51614,3749297,California
Los Angeles,2021-04-10,56269,5736251,20405,2865866,26032,2614384,9832,256001,22544,1582488,33609,2199165,32356,3781653,California
Los Angeles,2021-04-11,6838,5743089,2435,2868301,3566,2617950,837,256838,3404,1583301,3422,2202587,4235,3785888,California
Madera,2020-12-16,22,22,22,22,0,0,0,0,22,22,0,0,22,22,California
Madera,2020-12-17,13,35,13,35,0,0,0,0,13,35,0,0,13,35,California
Madera,2020-12-18,61,96,61,96,0,0,0,0,61,96,0,0,61,96,California
Madera,2020-12-19,6,102,6,102,0,0,0,0,6,102,0,0,6,102,California
Madera,2020-12-20,14,116,14,116,0,0,0,0,14,116,0,0,14,116,California
Madera,2020-12-21,60,176,60,176,0,0,0,0,60,176,0,0,60,176,California
Madera,2020-12-22,98,274,96,272,2,2,0,0,98,274,0,0,98,274,California
Madera,2020-12-23,69,343,69,341,0,2,0,0,69,343,0,0,69,343,California
Madera,2020-12-24,44,387,39,380,5,7,0,0,44,387,0,0,44,387,California
Madera,2020-12-26,28,415,26,406,2,9,0,0,28,415,0,0,28,415,California
Madera,2020-12-27,30,445,12,418,18,27,0,0,30,445,0,0,30,445,California
Madera,2020-12-28,105,550,36,454,69,96,0,0,105,550,0,0,105,550,California
Madera,2020-12-29,173,723,40,494,133,229,0,0,173,723,0,0,173,723,California
Madera,2020-12-30,217,940,86,580,131,360,0,0,217,940,0,0,217,940,California
Madera,2020-12-31,202,1142,80,660,122,482,0,0,202,1142,0,0,202,1142,California
Madera,2021-01-02,85,1227,30,690,55,537,0,0,85,1227,0,0,85,1227,California
Madera,2021-01-03,5,1232,5,695,0,537,0,0,5,1232,0,0,5,1232,California
Madera,2021-01-04,128,1360,64,759,64,601,0,0,128,1360,0,0,128,1360,California
Madera,2021-01-05,279,1639,143,902,136,737,0,0,274,1629,5,5,274,1634,California
Madera,2021-01-06,183,1822,27,929,156,893,0,0,163,1772,20,25,163,1797,California
Madera,2021-01-07,375,2197,93,1022,282,1175,0,0,353,2103,22,47,353,2150,California
Madera,2021-01-08,417,2614,72,1094,345,1520,0,0,362,2412,54,101,363,2513,California
Madera,2021-01-09,37,2651,14,1108,23,1543,0,0,28,2431,9,110,28,2541,California
Madera,2021-01-10,17,2668,14,1122,3,1546,0,0,5,2424,12,122,5,2546,California
Madera,2021-01-11,230,2898,182,1304,48,1594,0,0,187,2568,43,165,187,2733,California
Madera,2021-01-12,392,3290,159,1463,233,1827,0,0,285,2746,107,272,285,3018,California
Madera,2021-01-13,186,3476,92,1555,94,1921,0,0,129,2819,57,329,130,3148,California
Madera,2021-01-14,555,4031,82,1637,473,2394,0,0,521,3306,34,363,521,3669,California
Madera,2021-01-15,595,4626,158,1795,437,2831,0,0,575,3861,20,383,575,4244,California
Madera,2021-01-16,378,5004,47,1842,331,3162,0,0,349,4181,29,412,349,4593,California
Madera,2021-01-17,334,5338,14,1856,320,3482,0,0,330,4507,4,416,330,4923,California
Madera,2021-01-18,75,5413,59,1915,16,3498,0,0,56,4545,18,434,56,4979,California
Madera,2021-01-19,565,5978,130,2045,435,3933,0,0,538,5057,27,461,539,5518,California
Madera,2021-01-20,234,6212,80,2125,154,4087,0,0,206,5236,27,488,206,5724,California
Madera,2021-01-21,236,6448,129,2254,107,4194,0,0,203,5408,31,519,203,5927,California
Madera,2021-01-22,255,6703,83,2337,172,4366,0,0,242,5637,13,532,242,6169,California
Madera,2021-01-23,100,6803,52,2389,48,4414,0,0,76,5689,24,556,76,6245,California
Madera,2021-01-24,101,6904,82,2471,19,4433,0,0,78,5744,23,579,78,6323,California
Madera,2021-01-25,252,7156,121,2592,131,4564,0,0,140,5772,112,691,140,6463,California
Madera,2021-01-26,480,7636,188,2780,292,4856,0,0,292,5879,187,878,294,6757,California
Madera,2021-01-27,735,8371,63,2843,672,5528,0,0,600,6345,135,1013,601,7358,California
Madera,2021-01-28,535,8906,103,2946,432,5960,0,0,431,6672,104,1117,431,7789,California
Madera,2021-01-29,466,9372,95,3041,371,6331,0,0,410,7026,56,1173,410,8199,California
Madera,2021-01-30,503,9875,15,3056,488,6819,0,0,449,7421,54,1227,449,8648,California
Madera,2021-01-31,9,9884,6,3062,3,6822,0,0,8,7428,1,1228,8,8656,California
Madera,2021-02-01,256,10140,72,3134,184,7006,0,0,199,7570,57,1285,199,8855,California
Madera,2021-02-02,249,10389,86,3220,163,7169,0,0,160,7642,88,1373,160,9015,California
Madera,2021-02-03,590,10979,457,3677,133,7302,0,0,472,7999,116,1489,473,9488,California
Madera,2021-02-04,384,11363,120,3797,264,7566,0,0,110,7837,273,1762,111,9599,California
Madera,2021-02-05,967,12330,293,4090,674,8240,0,0,361,7598,601,2363,362,9961,California
Madera,2021-02-06,358,12688,323,4413,35,8275,0,0,319,7879,38,2401,319,10280,California
Madera,2021-02-07,35,12723,7,4420,28,8303,0,0,30,7904,5,2406,30,10310,California
Madera,2021-02-08,382,13105,306,4726,76,8379,0,0,269,8061,112,2518,269,10579,California
Madera,2021-02-09,474,13579,115,4841,359,8738,0,0,194,7979,277,2795,195,10774,California
Madera,2021-02-10,429,14008,149,4990,280,9018,0,0,323,8196,106,2901,323,11097,California
Madera,2021-02-11,930,14938,302,5292,628,9646,0,0,402,8072,527,3428,403,11500,California
Madera,2021-02-12,838,15776,118,5410,720,10366,0,0,306,7855,526,3954,309,11809,California
Madera,2021-02-13,483,16259,44,5454,439,10805,0,0,140,7655,342,4296,142,11951,California
Madera,2021-02-14,397,16656,75,5529,322,11127,0,0,135,7529,262,4558,136,12087,California
Madera,2021-02-15,239,16895,96,5625,143,11270,0,0,174,7639,64,4622,174,12261,California
Madera,2021-02-16,773,17668,183,5808,590,11860,0,0,229,7328,541,5163,230,12491,California
Madera,2021-02-17,607,18275,271,6079,336,12196,0,0,337,7402,265,5428,339,12830,California
Madera,2021-02-18,1290,19565,535,6614,755,12951,0,0,1115,8344,175,5603,1117,13947,California
Madera,2021-02-19,861,20426,546,7160,315,13266,0,0,719,8923,142,5745,721,14668,California
Madera,2021-02-20,1074,21500,983,8143,91,13357,0,0,1003,9857,70,5815,1004,15672,California
Madera,2021-02-21,960,22460,817,8960,143,13500,0,0,954,10805,6,5821,954,16626,California
Madera,2021-02-22,905,23365,829,9789,76,13576,0,0,851,11602,54,5875,851,17477,California
Madera,2021-02-23,768,24133,496,10285,272,13848,0,0,550,11935,217,6092,550,18027,California
Madera,2021-02-24,906,25039,301,10586,605,14453,0,0,378,11785,528,6620,378,18405,California
Madera,2021-02-25,1017,26056,306,10892,711,15164,0,0,589,11949,425,7045,589,18994,California
Madera,2021-02-26,1068,27124,186,11078,882,16046,0,0,695,12272,372,7417,695,19689,California
Madera,2021-02-27,868,27992,244,11322,624,16670,0,0,448,12306,417,7834,451,20140,California
Madera,2021-02-28,187,28179,29,11351,158,16828,0,0,181,12481,6,7840,181,20321,California
Madera,2021-03-01,367,28546,118,11469,249,17077,0,0,191,12496,176,8016,191,20512,California
Madera,2021-03-02,645,29191,267,11736,378,17455,0,0,534,12920,111,8127,535,21047,California
Madera,2021-03-03,1289,30480,690,12426,599,18054,0,0,892,13441,394,8521,915,21962,California
Madera,2021-03-04,1158,31638,502,12928,656,18710,0,0,917,14119,242,8763,920,22882,California
Madera,2021-03-05,1316,32954,401,13329,903,19613,12,12,1057,14942,257,9020,1080,23962,California
Madera,2021-03-06,802,33756,623,13952,148,19761,31,43,484,15140,318,9338,516,24478,California
Madera,2021-03-07,153,33909,27,13979,104,19865,22,65,103,15215,50,9388,125,24603,California
Madera,2021-03-08,577,34486,320,14299,199,20064,58,123,288,15274,289,9677,348,24951,California
Madera,2021-03-09,435,34921,157,14456,245,20309,33,156,272,15426,161,9838,313,25264,California
Madera,2021-03-10,1124,36045,502,14958,545,20854,77,233,700,15784,420,10258,778,26042,California
Madera,2021-03-11,1647,37692,838,15796,478,21332,331,564,752,15985,893,11151,1094,27136,California
Madera,2021-03-12,1513,39205,776,16572,585,21917,152,716,749,16149,763,11914,927,28063,California
Madera,2021-03-13,1798,41003,1270,17842,330,22247,198,914,739,16046,1057,12971,954,29017,California
Madera,2021-03-14,580,41583,447,18289,101,22348,32,946,294,16088,284,13255,326,29343,California
Madera,2021-03-15,717,42300,210,18499,462,22810,45,991,497,16438,218,13473,568,29911,California
Madera,2021-03-16,816,43116,422,18921,347,23157,47,1038,638,16965,176,13649,703,30614,California
Madera,2021-03-17,1407,44523,930,19851,416,23573,61,1099,854,17426,544,14193,1005,31619,California
Madera,2021-03-18,1860,46383,643,20494,1157,24730,60,1159,907,17529,948,15141,1051,32670,California
Madera,2021-03-19,1493,47876,586,21080,823,25553,84,1243,965,18117,525,15666,1113,33783,California
Madera,2021-03-20,1119,48995,762,21842,308,25861,49,1292,574,18242,544,16210,669,34452,California
Madera,2021-03-21,1064,50059,865,22707,154,26015,45,1337,353,17933,708,16918,399,34851,California
Madera,2021-03-22,1350,51409,850,23557,432,26447,68,1405,679,18054,668,17586,789,35640,California
Madera,2021-03-23,1395,52804,841,24398,463,26910,91,1496,739,18312,654,18240,912,36552,California
Madera,2021-03-24,893,53697,463,24861,399,27309,31,1527,594,18642,298,18538,628,37180,California
Madera,2021-03-25,1110,54807,488,25349,602,27911,20,1547,640,18855,460,18998,673,37853,California
Madera,2021-03-26,1425,56232,508,25857,786,28697,131,1678,673,18913,749,19747,807,38660,California
Madera,2021-03-27,825,57057,526,26383,278,28975,21,1699,373,18859,448,20195,394,39054,California
Madera,2021-03-28,418,57475,136,26519,222,29197,60,1759,230,19014,187,20382,342,39396,California
Madera,2021-03-29,680,58155,179,26698,474,29671,27,1786,493,19354,184,20566,524,39920,California
Madera,2021-03-30,1011,59166,556,27254,423,30094,32,1818,556,19490,454,21020,590,40510,California
Madera,2021-03-31,1259,60425,458,27712,687,30781,114,1932,430,19210,825,21845,545,41055,California
Madera,2021-04-01,1208,61633,527,28239,632,31413,49,1981,428,18911,775,22620,476,41531,California
Madera,2021-04-02,1492,63125,408,28647,1029,32442,55,2036,457,18398,1026,23646,513,42044,California
Madera,2021-04-03,870,63995,679,29326,170,32612,21,2057,377,18312,492,24138,406,42450,California
Madera,2021-04-04,183,64178,64,29390,117,32729,2,2059,85,18301,98,24236,87,42537,California
Madera,2021-04-05,705,64883,228,29618,420,33149,57,2116,329,18326,375,24611,400,42937,California
Madera,2021-04-06,1667,66550,870,30488,456,33605,341,2457,630,18263,1035,25646,972,43909,California
Madera,2021-04-07,1153,67703,361,30849,653,34258,139,2596,463,18183,686,26332,606,44515,California
Madera,2021-04-08,1660,69363,654,31503,756,35014,250,2846,571,17928,1083,27415,828,45343,California
Madera,2021-04-09,699,70062,154,31657,421,35435,124,2970,277,17913,418,27833,403,45746,California
Madera,2021-04-10,279,70341,102,31759,122,35557,55,3025,90,17870,189,28022,146,45892,California
Madera,2021-04-11,93,70434,53,31812,26,35583,14,3039,27,17846,65,28087,41,45933,California
Marin,2020-12-15,2,2,2,2,0,0,0,0,2,2,0,0,2,2,California
Marin,2020-12-16,107,109,107,109,0,0,0,0,107,109,0,0,107,109,California
Marin,2020-12-17,260,369,260,369,0,0,0,0,260,369,0,0,260,369,California
Marin,2020-12-18,370,739,370,739,0,0,0,0,370,739,0,0,370,739,California
Marin,2020-12-19,348,1087,347,1086,1,1,0,0,348,1087,0,0,348,1087,California
Marin,2020-12-20,167,1254,166,1252,1,2,0,0,167,1254,0,0,167,1254,California
Marin,2020-12-21,238,1492,235,1487,3,5,0,0,238,1492,0,0,238,1492,California
Marin,2020-12-22,521,2013,318,1805,203,208,0,0,521,2013,0,0,521,2013,California
Marin,2020-12-23,732,2745,324,2129,408,616,0,0,732,2745,0,0,732,2745,California
Marin,2020-12-24,357,3102,160,2289,197,813,0,0,357,3102,0,0,357,3102,California
Marin,2020-12-25,27,3129,0,2289,27,840,0,0,27,3129,0,0,27,3129,California
Marin,2020-12-26,142,3271,93,2382,49,889,0,0,142,3271,0,0,142,3271,California
Marin,2020-12-27,93,3364,56,2438,37,926,0,0,93,3364,0,0,93,3364,California
Marin,2020-12-28,408,3772,99,2537,309,1235,0,0,408,3772,0,0,408,3772,California
Marin,2020-12-29,400,4172,88,2625,312,1547,0,0,400,4172,0,0,400,4172,California
Marin,2020-12-30,624,4796,388,3013,236,1783,0,0,624,4796,0,0,624,4796,California
Marin,2020-12-31,198,4994,33,3046,165,1948,0,0,198,4994,0,0,198,4994,California
Marin,2021-01-01,11,5005,5,3051,6,1954,0,0,11,5005,0,0,11,5005,California
Marin,2021-01-02,103,5108,97,3148,6,1960,0,0,103,5108,0,0,103,5108,California
Marin,2021-01-03,54,5162,36,3184,18,1978,0,0,51,5159,0,0,51,5159,California
Marin,2021-01-04,291,5453,188,3372,103,2081,0,0,290,5448,1,1,290,5449,California
Marin,2021-01-05,366,5819,223,3595,143,2224,0,0,323,5728,43,44,323,5772,California
Marin,2021-01-06,819,6638,317,3912,502,2726,0,0,643,6195,176,220,643,6415,California
Marin,2021-01-07,893,7531,503,4415,390,3116,0,0,545,6392,348,568,545,6960,California
Marin,2021-01-08,969,8500,513,4928,456,3572,0,0,594,6612,374,942,594,7554,California
Marin,2021-01-09,618,9118,222,5150,396,3968,0,0,487,6968,131,1073,487,8041,California
Marin,2021-01-10,128,9246,99,5249,29,3997,0,0,54,6948,74,1147,54,8095,California
Marin,2021-01-11,467,9713,326,5575,141,4138,0,0,250,6982,217,1364,251,8346,California
Marin,2021-01-12,939,10652,541,6116,398,4536,0,0,567,7180,369,1733,567,8913,California
Marin,2021-01-13,1177,11829,501,6617,676,5212,0,0,938,7879,239,1972,938,9851,California
Marin,2021-01-14,1067,12896,319,6936,748,5960,0,0,917,8648,148,2120,917,10768,California
Marin,2021-01-15,1153,14049,354,7290,799,6759,0,0,1023,9543,129,2249,1024,11792,California
Marin,2021-01-16,1109,15158,907,8197,202,6961,0,0,1034,10502,75,2324,1034,12826,California
Marin,2021-01-17,1235,16393,1116,9313,119,7080,0,0,1207,11685,27,2351,1210,14036,California
Marin,2021-01-18,361,16754,159,9472,202,7282,0,0,310,11944,51,2402,310,14346,California
Marin,2021-01-19,1154,17908,913,10385,241,7523,0,0,982,12756,171,2573,983,15329,California
Marin,2021-01-20,1781,19689,1203,11588,578,8101,0,0,1052,13090,718,3291,1052,16381,California
Marin,2021-01-21,1682,21371,1062,12650,620,8721,0,0,1330,14073,349,3640,1332,17713,California
Marin,2021-01-22,1694,23065,1085,13735,609,9330,0,0,1529,15437,165,3805,1529,19242,California
Marin,2021-01-23,1842,24907,1341,15076,501,9831,0,0,1758,17112,83,3888,1758,21000,California
Marin,2021-01-24,611,25518,164,15240,447,10278,0,0,579,17659,32,3920,579,21579,California
Marin,2021-01-25,1119,26637,225,15465,894,11172,0,0,687,17916,431,4351,688,22267,California
Marin,2021-01-26,1498,28135,779,16244,719,11891,0,0,1122,18663,375,4726,1122,23389,California
Marin,2021-01-27,1695,29830,868,17112,827,12718,0,0,1344,19659,349,5075,1345,24734,California
Marin,2021-01-28,2068,31898,1062,18174,1006,13724,0,0,1802,21197,265,5340,1803,26537,California
Marin,2021-01-29,2181,34079,1434,19608,747,14471,0,0,1980,22988,190,5530,1981,28518,California
Marin,2021-01-30,1714,35793,899,20507,815,15286,0,0,1636,24547,78,5608,1637,30155,California
Marin,2021-01-31,451,36244,314,20821,137,15423,0,0,426,24948,25,5633,426,30581,California
Marin,2021-02-01,1087,37331,418,21239,669,16092,0,0,887,25636,200,5833,888,31469,California
Marin,2021-02-02,1355,38686,465,21704,890,16982,0,0,727,25745,618,6451,727,32196,California
Marin,2021-02-03,1778,40464,427,22131,1351,18333,0,0,1252,26473,524,6975,1252,33448,California
Marin,2021-02-04,1538,42002,515,22646,1023,19356,0,0,935,26808,600,7575,935,34383,California
Marin,2021-02-05,2172,44174,679,23325,1493,20849,0,0,1333,27306,835,8410,1333,35716,California
Marin,2021-02-06,1426,45600,851,24176,575,21424,0,0,603,27088,822,9232,604,36320,California
Marin,2021-02-07,1287,46887,1005,25181,282,21706,0,0,487,26776,799,10031,487,36807,California
Marin,2021-02-08,1516,48403,754,25935,762,22468,0,0,724,26711,790,10821,725,37532,California
Marin,2021-02-09,1780,50183,1122,27057,658,23126,0,0,834,26599,946,11767,834,38366,California
Marin,2021-02-10,2334,52517,1488,28545,846,23972,0,0,1220,26708,1112,12879,1221,39587,California
Marin,2021-02-11,2860,55377,1643,30188,1217,25189,0,0,1450,26755,1405,14284,1452,41039,California
Marin,2021-02-12,3057,58434,1537,31725,1520,26709,0,0,1563,26826,1492,15776,1563,42602,California
Marin,2021-02-13,2333,60767,1242,32967,1091,27800,0,0,1129,26753,1202,16978,1129,43731,California
Marin,2021-02-14,811,61578,302,33269,509,28309,0,0,719,27381,92,17070,720,44451,California
Marin,2021-02-15,1207,62785,352,33621,855,29164,0,0,831,27837,375,17445,831,45282,California
Marin,2021-02-16,2460,65245,1055,34676,1405,30569,0,0,1502,28382,957,18402,1502,46784,California
Marin,2021-02-17,2084,67329,930,35606,1154,31723,0,0,1084,28468,999,19401,1085,47869,California
Marin,2021-02-18,2410,69739,1575,37181,835,32558,0,0,1060,28179,1349,20750,1060,48929,California
Marin,2021-02-19,2747,72486,2148,39329,599,33157,0,0,1215,27874,1521,22271,1216,50145,California
Marin,2021-02-20,2563,75049,2109,41438,454,33611,0,0,1215,27745,1344,23615,1215,51360,California
Marin,2021-02-21,1281,76330,1089,42527,192,33803,0,0,907,28282,370,23985,907,52267,California
Marin,2021-02-22,1817,78147,1402,43929,415,34218,0,0,1211,28888,605,24590,1211,53478,California
Marin,2021-02-23,2827,80974,1613,45542,1214,35432,0,0,1905,29880,914,25504,1906,55384,California
Marin,2021-02-24,3498,84472,1600,47142,1898,37330,0,0,2248,30886,1243,26747,2249,57633,California
Marin,2021-02-25,3924,88396,1811,48953,2113,39443,0,0,2768,32506,1149,27896,2769,60402,California
Marin,2021-02-26,3476,91872,1876,50829,1600,41043,0,0,2529,34099,936,28832,2529,62931,California
Marin,2021-02-27,2608,94480,1494,52323,1114,42157,0,0,1776,35048,829,29661,1778,64709,California
Marin,2021-02-28,1380,95860,920,53243,460,42617,0,0,1046,35762,332,29993,1046,65755,California
Marin,2021-03-01,2466,98326,1530,54773,936,43553,0,0,1655,36611,806,30799,1655,67410,California
Marin,2021-03-02,2426,100752,1593,56366,832,44385,1,1,1683,37555,740,31539,1684,69094,California
Marin,2021-03-03,4251,105003,2371,58737,1880,46265,0,1,2745,38799,1501,33040,2745,71839,California
Marin,2021-03-04,3327,108330,1638,60375,1689,47954,0,1,2324,40130,996,34036,2327,74166,California
Marin,2021-03-05,3011,111341,1120,61495,1879,49833,12,13,1769,40671,1240,35276,1781,75947,California
Marin,2021-03-06,3213,114554,2312,63807,822,50655,79,92,2642,42825,566,35842,2720,78667,California
Marin,2021-03-07,1368,115922,1153,64960,192,50847,23,115,982,43447,383,36225,1005,79672,California
Marin,2021-03-08,1851,117773,1365,66325,385,51232,101,216,1403,44506,445,36670,1504,81176,California
Marin,2021-03-09,2097,119870,1214,67539,777,52009,106,322,1428,45372,668,37338,1534,82710,California
Marin,2021-03-10,4402,124272,2458,69997,1662,53671,282,604,3180,47615,1219,38557,3462,86172,California
Marin,2021-03-11,4543,128815,1860,71857,2553,56224,130,734,3264,49737,1272,39829,3394,89566,California
Marin,2021-03-12,3926,132741,1526,73383,2050,58274,350,1084,1544,49257,2373,42202,1893,91459,California
Marin,2021-03-13,4048,136789,2847,76230,1133,59407,68,1152,2403,50079,1644,43846,2466,93925,California
Marin,2021-03-14,2273,139062,1095,77325,1062,60469,116,1268,730,49382,1543,45389,846,94771,California
Marin,2021-03-15,3207,142269,1757,79082,1403,61872,47,1315,1203,48636,1995,47384,1249,96020,California
Marin,2021-03-16,4298,146567,2313,81395,1621,63493,364,1679,1523,47751,2772,50156,1887,97907,California
Marin,2021-03-17,4112,150679,2245,83640,1823,65316,44,1723,1999,47691,2103,52259,2043,99950,California
Marin,2021-03-18,4448,155127,2239,85879,2138,67454,71,1794,2219,47764,2216,54475,2289,102239,California
Marin,2021-03-19,4423,159550,2268,88147,1938,69392,217,2011,2406,48377,2010,56485,2623,104862,California
Marin,2021-03-20,3574,163124,1978,90125,1481,70873,115,2126,2034,48993,1534,58019,2150,107012,California
Marin,2021-03-21,1524,164648,1122,91247,377,71250,25,2151,791,49078,731,58750,816,107828,California
Marin,2021-03-22,2461,167109,2126,93373,170,71420,165,2316,990,48766,1467,60217,1155,108983,California
Marin,2021-03-23,4224,171333,2184,95557,1911,73331,129,2445,1940,48557,2278,62495,2069,111052,California
Marin,2021-03-24,4396,175729,2884,98441,1408,74739,104,2549,1790,47854,2596,65091,1893,112945,California
Marin,2021-03-25,4609,180338,2813,101254,1727,76466,69,2618,2253,47831,2343,67434,2320,115265,California
Marin,2021-03-26,4267,184605,2312,103566,1741,78207,214,2832,2408,48609,1844,69278,2622,117887,California
Marin,2021-03-27,3677,188282,2642,106208,1018,79225,17,2849,1142,47243,2525,71803,1159,119046,California
Marin,2021-03-28,2372,190654,1720,107928,646,79871,6,2855,1101,47083,1267,73070,1107,120153,California
Marin,2021-03-29,2673,193327,2082,110010,567,80438,24,2879,1180,46797,1490,74560,1204,121357,California
Marin,2021-03-30,4645,197972,3646,113656,966,81404,33,2912,3063,48313,1580,76140,3096,124453,California
Marin,2021-03-31,5758,203730,4086,117742,1623,83027,49,2961,2585,47781,3166,79306,2634,127087,California
Marin,2021-04-01,4358,208088,2257,119999,1863,84890,238,3199,2105,47877,2247,81553,2343,129430,California
Marin,2021-04-02,3657,211745,1812,121811,1486,86376,359,3558,1955,48496,1695,83248,2314,131744,California
Marin,2021-04-03,3822,215567,2514,124325,944,87320,364,3922,1472,47992,2340,85588,1836,133580,California
Marin,2021-04-04,1621,217188,1221,125546,202,87522,198,4120,1187,48944,433,86021,1385,134965,California
Marin,2021-04-05,2169,219357,1509,127055,293,87815,367,4487,1251,49644,917,86938,1617,136582,California
Marin,2021-04-06,3892,223249,2062,129117,1288,89103,542,5029,2167,50631,1720,88658,2707,139289,California
Marin,2021-04-07,3903,227152,1986,131103,1299,90402,618,5647,1438,50229,2458,91116,2056,141345,California
Marin,2021-04-08,4915,232067,1946,133049,2384,92786,585,6232,2234,50373,2671,93787,2815,144160,California
Marin,2021-04-09,3136,235203,1090,134139,1532,94318,514,6746,1084,49925,2045,95832,1597,145757,California
Marin,2021-04-10,2471,237674,1134,135273,1065,95383,272,7018,1179,50091,1284,97116,1450,147207,California
Marin,2021-04-11,500,238174,450,135723,46,95429,4,7022,347,50289,153,97269,351,147558,California
Mariposa,2020-12-17,3,3,3,3,0,0,0,0,38,38,0,0,38,38,California
Mariposa,2020-12-18,5,8,5,8,0,0,0,0,56,94,0,0,56,94,California
Mariposa,2020-12-20,2,10,2,10,0,0,0,0,2,96,0,0,2,96,California
Mariposa,2020-12-21,3,13,3,13,0,0,0,0,45,141,0,0,45,141,California
Mariposa,2020-12-22,2,15,2,15,0,0,0,0,2,143,0,0,2,143,California
Mariposa,2020-12-23,10,25,10,25,0,0,0,0,1,144,0,0,1,144,California
Mariposa,2020-12-24,1,26,0,25,1,1,0,0,0,144,0,0,0,144,California
Mariposa,2020-12-26,1,27,1,26,0,1,0,0,1,145,0,0,1,145,California
Mariposa,2020-12-27,1,28,0,26,1,2,0,0,1,146,0,0,1,146,California
Mariposa,2020-12-28,3,31,1,27,2,4,0,0,3,149,0,0,3,149,California
Mariposa,2020-12-29,33,64,1,28,32,36,0,0,33,182,0,0,33,182,California
Mariposa,2020-12-30,21,85,0,28,21,57,0,0,20,202,0,0,20,202,California
Mariposa,2020-12-31,22,107,0,28,22,79,0,0,22,224,0,0,22,224,California
Mariposa,2021-01-04,9,116,1,29,8,87,0,0,9,233,0,0,9,233,California
Mariposa,2021-01-05,24,140,14,43,10,97,0,0,12,235,10,10,12,245,California
Mariposa,2021-01-06,5,145,3,46,2,99,0,0,2,234,3,13,2,247,California
Mariposa,2021-01-07,49,194,47,93,2,101,0,0,2,189,47,60,2,249,California
Mariposa,2021-01-08,109,303,81,174,28,129,0,0,33,146,76,136,33,282,California
Mariposa,2021-01-09,1,304,0,174,1,130,0,0,1,147,0,136,1,283,California
Mariposa,2021-01-11,24,328,3,177,21,151,0,0,22,167,2,138,22,305,California
Mariposa,2021-01-12,21,349,3,180,18,169,0,0,18,182,3,141,18,323,California
Mariposa,2021-01-13,22,371,1,181,21,190,0,0,21,202,1,142,21,344,California
Mariposa,2021-01-14,94,465,1,182,93,283,0,0,94,296,0,142,94,438,California
Mariposa,2021-01-15,46,511,1,183,45,328,0,0,45,340,1,143,45,483,California
Mariposa,2021-01-16,19,530,2,185,17,345,0,0,18,357,1,144,18,501,California
Mariposa,2021-01-17,2,532,0,185,2,347,0,0,2,359,0,144,2,503,California
Mariposa,2021-01-18,2,534,2,187,0,347,0,0,1,359,1,145,1,504,California
Mariposa,2021-01-19,1,535,0,187,1,348,0,0,1,360,0,145,1,505,California
Mariposa,2021-01-20,26,561,0,187,26,374,0,0,26,386,0,145,26,531,California
Mariposa,2021-01-21,87,648,1,188,86,460,0,0,87,473,0,145,87,618,California
Mariposa,2021-01-22,77,725,1,189,76,536,0,0,77,550,0,145,77,695,California
Mariposa,2021-01-23,125,850,0,189,125,661,0,0,123,673,0,145,123,818,California
Mariposa,2021-01-25,3,853,1,190,2,663,0,0,0,670,3,148,0,818,California
Mariposa,2021-01-26,32,885,2,192,30,693,0,0,3,648,29,177,7,825,California
Mariposa,2021-01-27,34,919,1,193,33,726,0,0,26,666,8,185,26,851,California
Mariposa,2021-01-28,149,1068,2,195,147,873,0,0,135,788,13,198,135,986,California
Mariposa,2021-01-29,58,1126,0,195,58,931,0,0,58,846,0,198,58,1044,California
Mariposa,2021-01-30,3,1129,1,196,2,933,0,0,2,847,1,199,2,1046,California
Mariposa,2021-01-31,1,1130,0,196,1,934,0,0,1,848,0,199,1,1047,California
Mariposa,2021-02-01,55,1185,0,196,55,989,0,0,48,889,7,206,48,1095,California
Mariposa,2021-02-02,8,1193,0,196,8,997,0,0,2,885,6,212,2,1097,California
Mariposa,2021-02-03,26,1219,1,197,25,1022,0,0,22,903,4,216,22,1119,California
Mariposa,2021-02-04,115,1334,7,204,108,1130,0,0,108,1008,4,220,109,1228,California
Mariposa,2021-02-05,239,1573,4,208,235,1365,0,0,217,1203,22,242,217,1445,California
Mariposa,2021-02-06,2,1575,1,209,1,1366,0,0,1,1203,1,243,1,1446,California
Mariposa,2021-02-08,39,1614,1,210,38,1404,0,0,20,1204,19,262,20,1466,California
Mariposa,2021-02-09,11,1625,3,213,8,1412,0,0,6,1205,5,267,6,1472,California
Mariposa,2021-02-10,17,1642,1,214,16,1428,0,0,9,1212,8,275,15,1487,California
Mariposa,2021-02-11,378,2020,4,218,374,1802,0,0,367,1572,9,284,369,1856,California
Mariposa,2021-02-12,173,2193,1,219,172,1974,0,0,129,1657,44,328,129,1985,California
Mariposa,2021-02-13,5,2198,3,222,2,1976,0,0,4,1660,1,329,4,1989,California
Mariposa,2021-02-14,5,2203,2,224,3,1979,0,0,4,1663,1,330,4,1993,California
Mariposa,2021-02-15,8,2211,2,226,6,1985,0,0,7,1669,1,331,7,2000,California
Mariposa,2021-02-16,20,2231,2,228,18,2003,0,0,19,1687,1,332,19,2019,California
Mariposa,2021-02-17,19,2250,1,229,18,2021,0,0,15,1699,3,335,15,2034,California
Mariposa,2021-02-18,55,2305,2,231,53,2074,0,0,12,1668,43,378,12,2046,California
Mariposa,2021-02-19,75,2380,0,231,75,2149,0,0,74,1741,1,379,74,2120,California
Mariposa,2021-02-20,253,2633,4,235,249,2398,0,0,221,1931,31,410,221,2341,California
Mariposa,2021-02-21,231,2864,2,237,229,2627,0,0,230,2160,1,411,230,2571,California
Mariposa,2021-02-22,14,2878,2,239,12,2639,0,0,14,2174,0,411,14,2585,California
Mariposa,2021-02-23,5,2883,2,241,3,2642,0,0,4,2177,1,412,4,2589,California
Mariposa,2021-02-24,18,2901,1,242,17,2659,0,0,2,2163,16,428,2,2591,California
Mariposa,2021-02-25,5,2906,3,245,2,2661,0,0,2,2162,3,431,2,2593,California
Mariposa,2021-02-26,409,3315,3,248,406,3067,0,0,353,2459,56,487,353,2946,California
Mariposa,2021-02-27,154,3469,3,251,151,3218,0,0,151,2607,3,490,151,3097,California
Mariposa,2021-02-28,2,3471,1,252,1,3219,0,0,0,2605,2,492,0,3097,California
Mariposa,2021-03-01,54,3525,1,253,53,3272,0,0,6,2563,48,540,6,3103,California
Mariposa,2021-03-02,6,3531,5,258,1,3273,0,0,3,2563,3,543,3,3106,California
Mariposa,2021-03-03,68,3599,1,259,67,3340,0,0,66,2627,2,545,66,3172,California
Mariposa,2021-03-04,15,3614,5,264,10,3350,0,0,8,2628,7,552,8,3180,California
Mariposa,2021-03-05,40,3654,6,270,34,3384,0,0,33,2658,7,559,37,3217,California
Mariposa,2021-03-06,4,3658,2,272,2,3386,0,0,4,2662,0,559,4,3221,California
Mariposa,2021-03-08,35,3693,3,275,21,3407,11,11,6,2650,29,588,17,3238,California
Mariposa,2021-03-09,24,3717,2,277,12,3419,10,21,9,2654,15,603,19,3257,California
Mariposa,2021-03-10,14,3731,1,278,3,3422,10,31,2,2654,12,615,12,3269,California
Mariposa,2021-03-11,456,4187,6,284,432,3854,18,49,221,2662,234,849,242,3511,California
Mariposa,2021-03-12,242,4429,3,287,210,4064,29,78,108,2665,134,983,137,3648,California
Mariposa,2021-03-13,26,4455,3,290,8,4072,15,93,7,2668,19,1002,22,3670,California
Mariposa,2021-03-14,16,4471,1,291,4,4076,11,104,2,2667,14,1016,13,3683,California
Mariposa,2021-03-15,75,4546,6,297,31,4107,38,142,31,2692,44,1060,69,3752,California
Mariposa,2021-03-16,42,4588,4,301,4,4111,34,176,5,2694,37,1097,39,3791,California
Mariposa,2021-03-17,53,4641,4,305,43,4154,6,182,45,2738,8,1105,52,3843,California
Mariposa,2021-03-18,45,4686,5,310,31,4185,9,191,33,2768,12,1117,42,3885,California
Mariposa,2021-03-19,331,5017,4,314,318,4503,9,200,297,3040,34,1151,306,4191,California
Mariposa,2021-03-20,419,5436,4,318,414,4917,1,201,46,2716,373,1524,49,4240,California
Mariposa,2021-03-21,8,5444,7,325,0,4917,1,202,5,2719,3,1527,6,4246,California
Mariposa,2021-03-22,33,5477,3,328,19,4936,11,213,21,2740,12,1539,33,4279,California
Mariposa,2021-03-23,21,5498,3,331,4,4940,14,227,3,2739,18,1557,17,4296,California
Mariposa,2021-03-24,49,5547,1,332,46,4986,2,229,47,2786,2,1559,49,4345,California
Mariposa,2021-03-25,58,5605,7,339,43,5029,8,237,46,2828,12,1571,54,4399,California
Mariposa,2021-03-26,471,6076,7,346,462,5491,2,239,243,2845,228,1799,245,4644,California
Mariposa,2021-03-27,214,6290,3,349,211,5702,0,239,85,2802,129,1928,86,4730,California
Mariposa,2021-03-28,4,6294,0,349,1,5703,3,242,0,2801,4,1932,3,4733,California
Mariposa,2021-03-29,12,6306,2,351,10,5713,0,242,7,2803,5,1937,7,4740,California
Mariposa,2021-03-30,19,6325,1,352,2,5715,16,258,1,2802,18,1955,17,4757,California
Mariposa,2021-03-31,71,6396,5,357,65,5780,1,259,61,2854,10,1965,62,4819,California
Mariposa,2021-04-01,6,6402,2,359,3,5783,1,260,2,2853,4,1969,3,4822,California
Mariposa,2021-04-02,32,6434,4,363,27,5810,1,261,9,2840,23,1992,10,4832,California
Mariposa,2021-04-03,5,6439,3,366,2,5812,0,261,3,2841,2,1994,3,4835,California
Mariposa,2021-04-04,2,6441,1,367,0,5812,1,262,0,2840,2,1996,1,4836,California
Mariposa,2021-04-05,12,6453,8,375,2,5814,2,264,6,2842,6,2002,8,4844,California
Mariposa,2021-04-06,23,6476,8,383,1,5815,14,278,1,2836,21,2023,15,4859,California
Mariposa,2021-04-07,25,6501,3,386,6,5821,16,294,1,2829,24,2047,17,4876,California
Mariposa,2021-04-08,34,6535,8,394,7,5828,19,313,9,2832,25,2072,28,4904,California
Mariposa,2021-04-09,25,6560,7,401,6,5834,12,325,6,2831,19,2091,18,4922,California
Mariposa,2021-04-10,10,6570,1,402,1,5835,8,333,1,2830,9,2100,8,4930,California
Mariposa,2021-04-11,4,6574,2,404,2,5837,0,333,1,2828,3,2103,1,4931,California
Mendocino,2020-12-17,70,70,70,70,0,0,0,0,70,70,0,0,70,70,California
Mendocino,2020-12-18,85,155,84,154,1,1,0,0,84,154,0,0,84,154,California
Mendocino,2020-12-19,4,159,4,158,0,1,0,0,4,158,0,0,4,158,California
Mendocino,2020-12-20,7,166,7,165,0,1,0,0,7,165,0,0,7,165,California
Mendocino,2020-12-21,245,411,245,410,0,1,0,0,77,242,0,0,77,242,California
Mendocino,2020-12-22,250,661,189,599,61,62,0,0,250,492,0,0,250,492,California
Mendocino,2020-12-23,270,931,47,646,223,285,0,0,269,761,0,0,269,761,California
Mendocino,2020-12-24,49,980,8,654,41,326,0,0,49,810,0,0,49,810,California
Mendocino,2020-12-25,1,981,0,654,1,327,0,0,1,811,0,0,1,811,California
Mendocino,2020-12-26,2,983,2,656,0,327,0,0,2,813,0,0,2,813,California
Mendocino,2020-12-27,1,984,0,656,1,328,0,0,1,814,0,0,1,814,California
Mendocino,2020-12-28,73,1057,8,664,65,393,0,0,73,887,0,0,73,887,California
Mendocino,2020-12-29,121,1178,61,725,60,453,0,0,121,1008,0,0,121,1008,California
Mendocino,2020-12-30,123,1301,68,793,55,508,0,0,123,1131,0,0,123,1131,California
Mendocino,2020-12-31,130,1431,95,888,35,543,0,0,130,1261,0,0,130,1261,California
Mendocino,2021-01-01,4,1435,2,890,2,545,0,0,4,1265,0,0,4,1265,California
Mendocino,2021-01-02,1,1436,1,891,0,545,0,0,1,1266,0,0,1,1266,California
Mendocino,2021-01-04,841,2277,19,910,822,1367,0,0,841,2107,0,0,841,2107,California
Mendocino,2021-01-05,71,2348,35,945,36,1403,0,0,58,2152,13,13,58,2165,California
Mendocino,2021-01-06,151,2499,129,1074,22,1425,0,0,141,2283,10,23,141,2306,California
Mendocino,2021-01-07,358,2857,237,1311,121,1546,0,0,295,2515,63,86,295,2601,California
Mendocino,2021-01-08,95,2952,82,1393,13,1559,0,0,41,2503,54,140,42,2643,California
Mendocino,2021-01-09,10,2962,6,1399,4,1563,0,0,8,2509,2,142,8,2651,California
Mendocino,2021-01-10,8,2970,8,1407,0,1563,0,0,1,2503,7,149,1,2652,California
Mendocino,2021-01-11,101,3071,92,1499,9,1572,0,0,43,2489,57,206,43,2695,California
Mendocino,2021-01-12,386,3457,376,1875,10,1582,0,0,270,2643,116,322,270,2965,California
Mendocino,2021-01-13,480,3937,144,2019,336,1918,0,0,440,3046,38,360,441,3406,California
Mendocino,2021-01-14,634,4571,20,2039,614,2532,0,0,625,3662,9,369,625,4031,California
Mendocino,2021-01-15,1857,6428,859,2898,998,3530,0,0,1853,5511,4,373,1853,5884,California
Mendocino,2021-01-16,791,7219,50,2948,741,4271,0,0,789,6298,2,375,789,6673,California
Mendocino,2021-01-17,554,7773,1,2949,553,4824,0,0,553,6850,1,376,553,7226,California
Mendocino,2021-01-18,488,8261,463,3412,25,4849,0,0,476,7314,12,388,476,7702,California
Mendocino,2021-01-19,331,8592,146,3558,185,5034,0,0,155,7293,176,564,155,7857,California
Mendocino,2021-01-20,552,9144,405,3963,147,5181,0,0,446,7636,104,668,447,8304,California
Mendocino,2021-01-21,533,9677,221,4184,312,5493,0,0,349,7802,183,851,349,8653,California
Mendocino,2021-01-22,149,9826,58,4242,91,5584,0,0,110,7873,39,890,110,8763,California
Mendocino,2021-01-23,155,9981,83,4325,72,5656,0,0,149,8016,6,896,149,8912,California
Mendocino,2021-01-24,5,9986,3,4328,2,5658,0,0,5,8021,0,896,5,8917,California
Mendocino,2021-01-25,191,10177,18,4346,173,5831,0,0,121,8072,70,966,121,9038,California
Mendocino,2021-01-26,155,10332,57,4403,98,5929,0,0,95,8107,60,1026,95,9133,California
Mendocino,2021-01-27,433,10765,363,4766,70,5999,0,0,173,8027,253,1279,173,9306,California
Mendocino,2021-01-28,584,11349,520,5286,64,6063,0,0,491,8425,93,1372,491,9797,California
Mendocino,2021-01-29,388,11737,348,5634,40,6103,0,0,359,8756,29,1401,360,10157,California
Mendocino,2021-01-30,48,11785,30,5664,18,6121,0,0,41,8790,7,1408,41,10198,California
Mendocino,2021-01-31,274,12059,2,5666,272,6393,0,0,3,8522,271,1679,3,10201,California
Mendocino,2021-02-01,377,12436,50,5716,327,6720,0,0,55,8255,322,2001,55,10256,California
Mendocino,2021-02-02,720,13156,501,6217,219,6939,0,0,362,8259,358,2359,362,10618,California
Mendocino,2021-02-03,391,13547,205,6422,186,7125,0,0,221,8312,168,2527,221,10839,California
Mendocino,2021-02-04,626,14173,530,6952,96,7221,0,0,502,8690,124,2651,502,11341,California
Mendocino,2021-02-05,1300,15473,1212,8164,88,7309,0,0,585,8561,714,3365,585,11926,California
Mendocino,2021-02-06,557,16030,157,8321,400,7709,0,0,542,9088,15,3380,542,12468,California
Mendocino,2021-02-07,31,16061,27,8348,4,7713,0,0,31,9119,0,3380,31,12499,California
Mendocino,2021-02-08,745,16806,714,9062,31,7744,0,0,284,8942,461,3841,284,12783,California
Mendocino,2021-02-09,141,16947,58,9120,83,7827,0,0,89,8979,52,3893,89,12872,California
Mendocino,2021-02-10,1479,18426,921,10041,558,8385,0,0,742,8993,731,4624,745,13617,California
Mendocino,2021-02-11,1132,19558,209,10250,923,9308,0,0,286,8433,846,5470,286,13903,California
Mendocino,2021-02-12,1399,20957,157,10407,1242,10550,0,0,634,8303,764,6234,634,14537,California
Mendocino,2021-02-13,495,21452,12,10419,483,11033,0,0,102,8017,393,6627,107,14644,California
Mendocino,2021-02-14,697,22149,3,10422,694,11727,0,0,136,7592,561,7188,136,14780,California
Mendocino,2021-02-15,327,22476,43,10465,284,12011,0,0,172,7609,155,7343,172,14952,California
Mendocino,2021-02-16,199,22675,50,10515,149,12160,0,0,131,7672,68,7411,131,15083,California
Mendocino,2021-02-17,1349,24024,1187,11702,162,12322,0,0,877,8079,470,7881,877,15960,California
Mendocino,2021-02-18,1778,25802,637,12339,1141,13463,0,0,1213,8727,565,8446,1213,17173,California
Mendocino,2021-02-19,747,26549,145,12484,602,14065,0,0,608,9196,139,8585,608,17781,California
Mendocino,2021-02-20,572,27121,546,13030,26,14091,0,0,542,9710,28,8613,542,18323,California
Mendocino,2021-02-21,326,27447,5,13035,321,14412,0,0,314,10013,11,8624,314,18637,California
Mendocino,2021-02-22,162,27609,30,13065,132,14544,0,0,71,9994,90,8714,71,18708,California
Mendocino,2021-02-23,668,28277,656,13721,12,14556,0,0,610,10547,57,8771,610,19318,California
Mendocino,2021-02-24,1837,30114,1758,15479,79,14635,0,0,1429,11573,405,9176,1431,20749,California
Mendocino,2021-02-25,1703,31817,532,16011,1171,15806,0,0,1285,12441,417,9593,1285,22034,California
Mendocino,2021-02-26,1399,33216,746,16757,653,16459,0,0,1038,13120,359,9952,1038,23072,California
Mendocino,2021-02-27,197,33413,150,16907,47,16506,0,0,76,13076,120,10072,76,23148,California
Mendocino,2021-02-28,35,33448,13,16920,22,16528,0,0,25,13091,10,10082,25,23173,California
Mendocino,2021-03-01,577,34025,534,17454,43,16571,0,0,540,13594,37,10119,540,23713,California
Mendocino,2021-03-02,70,34095,24,17478,46,16617,0,0,41,13607,28,10147,41,23754,California
Mendocino,2021-03-03,1689,35784,1322,18800,367,16984,0,0,1059,14037,629,10776,1059,24813,California
Mendocino,2021-03-04,1764,37548,146,18946,1618,18602,0,0,1547,15370,215,10991,1548,26361,California
Mendocino,2021-03-05,205,37753,142,19088,54,18656,9,9,114,15404,89,11080,123,26484,California
Mendocino,2021-03-06,239,37992,20,19108,196,18852,23,32,201,15591,37,11117,224,26708,California
Mendocino,2021-03-07,502,38494,6,19114,476,19328,20,52,116,15341,385,11502,135,26843,California
Mendocino,2021-03-08,124,38618,29,19143,59,19387,36,88,64,15383,58,11560,100,26943,California
Mendocino,2021-03-09,441,39059,224,19367,176,19563,41,129,346,15675,95,11655,387,27330,California
Mendocino,2021-03-10,1108,40167,980,20347,62,19625,66,195,267,15172,839,12494,336,27666,California
Mendocino,2021-03-11,819,40986,609,20956,157,19782,53,248,398,15204,419,12913,451,28117,California
Mendocino,2021-03-12,1998,42984,1026,21982,878,20660,94,342,1210,15726,782,13695,1304,29421,California
Mendocino,2021-03-13,648,43632,524,22506,67,20727,57,399,97,15333,547,14242,154,29575,California
Mendocino,2021-03-14,104,43736,2,22508,95,20822,7,406,11,15260,91,14333,18,29593,California
Mendocino,2021-03-15,595,44331,51,22559,487,21309,57,463,209,15141,385,14718,266,29859,California
Mendocino,2021-03-16,572,44903,374,22933,153,21462,45,508,141,14898,429,15147,186,30045,California
Mendocino,2021-03-17,1559,46462,1357,24290,55,21517,147,655,213,13921,1344,16491,367,30412,California
Mendocino,2021-03-18,1303,47765,246,24536,1019,22536,38,693,283,13229,1012,17503,320,30732,California
Mendocino,2021-03-19,1756,49521,857,25393,838,23374,61,754,336,12212,1416,18919,399,31131,California
Mendocino,2021-03-20,71,49592,12,25405,38,23412,21,775,15,12192,56,18975,36,31167,California
Mendocino,2021-03-21,9,49601,1,25406,3,23415,5,780,4,12196,5,18980,9,31176,California
Mendocino,2021-03-22,627,50228,583,25989,15,23430,29,809,148,11896,476,19456,176,31352,California
Mendocino,2021-03-23,167,50395,34,26023,103,23533,30,839,117,11993,50,19506,147,31499,California
Mendocino,2021-03-24,898,51293,826,26849,25,23558,47,886,114,11372,782,20288,161,31660,California
Mendocino,2021-03-25,1973,53266,51,26900,1903,25461,19,905,165,9749,1806,22094,183,31843,California
Mendocino,2021-03-26,506,53772,359,27259,123,25584,24,929,330,9927,176,22270,354,32197,California
Mendocino,2021-03-27,141,53913,12,27271,118,25702,11,940,83,9963,57,22327,93,32290,California
Mendocino,2021-03-28,26,53939,5,27276,17,25719,4,944,4,9949,22,22349,8,32298,California
Mendocino,2021-03-29,187,54126,98,27374,47,25766,42,986,96,9996,91,22440,138,32436,California
Mendocino,2021-03-30,683,54809,598,27972,48,25814,37,1023,420,10191,262,22702,457,32893,California
Mendocino,2021-03-31,848,55657,270,28242,519,26333,59,1082,408,10220,438,23140,467,33360,California
Mendocino,2021-04-01,1643,57300,395,28637,1185,27518,63,1145,378,9402,1258,24398,440,33800,California
Mendocino,2021-04-02,1280,58580,1053,29690,154,27672,73,1218,224,8646,1053,25451,297,34097,California
Mendocino,2021-04-03,706,59286,7,29697,678,28350,21,1239,88,8141,614,26065,109,34206,California
Mendocino,2021-04-04,68,59354,33,29730,29,28379,6,1245,53,8185,15,26080,59,34265,California
Mendocino,2021-04-05,195,59549,132,29862,41,28420,22,1267,123,8256,72,26152,143,34408,California
Mendocino,2021-04-06,377,59926,120,29982,180,28600,77,1344,107,8170,270,26422,184,34592,California
Mendocino,2021-04-07,418,60344,131,30113,69,28669,218,1562,112,8195,305,26727,330,34922,California
Mendocino,2021-04-08,1408,61752,884,30997,422,29091,102,1664,972,8840,430,27157,1075,35997,California
Mendocino,2021-04-09,665,62417,398,31395,123,29214,144,1808,367,9053,298,27455,511,36508,California
Mendocino,2021-04-10,72,62489,26,31421,5,29219,41,1849,22,9066,50,27505,63,36571,California
Mendocino,2021-04-11,11,62500,2,31423,2,29221,7,1856,1,9065,9,27514,8,36579,California
Merced,2020-12-16,3,3,3,3,0,0,0,0,3,3,0,0,3,3,California
Merced,2020-12-17,5,8,5,8,0,0,0,0,5,8,0,0,5,8,California
Merced,2020-12-18,144,152,144,152,0,0,0,0,144,152,0,0,144,152,California
Merced,2020-12-19,38,190,38,190,0,0,0,0,38,190,0,0,38,190,California
Merced,2020-12-20,17,207,17,207,0,0,0,0,17,207,0,0,17,207,California
Merced,2020-12-21,129,336,126,333,3,3,0,0,129,336,0,0,129,336,California
Merced,2020-12-22,162,498,162,495,0,3,0,0,162,498,0,0,162,498,California
Merced,2020-12-23,304,802,289,784,15,18,0,0,304,802,0,0,304,802,California
Merced,2020-12-24,71,873,71,855,0,18,0,0,71,873,0,0,71,873,California
Merced,2020-12-25,5,878,5,860,0,18,0,0,5,878,0,0,5,878,California
Merced,2020-12-26,7,885,4,864,3,21,0,0,7,885,0,0,7,885,California
Merced,2020-12-27,12,897,11,875,1,22,0,0,12,897,0,0,12,897,California
Merced,2020-12-28,124,1021,100,975,24,46,0,0,124,1021,0,0,124,1021,California
Merced,2020-12-29,189,1210,135,1110,54,100,0,0,189,1210,0,0,189,1210,California
Merced,2020-12-30,239,1449,93,1203,146,246,0,0,238,1448,0,0,238,1448,California
Merced,2020-12-31,126,1575,39,1242,87,333,0,0,123,1571,0,0,123,1571,California
Merced,2021-01-01,1,1576,0,1242,1,334,0,0,1,1572,0,0,1,1572,California
Merced,2021-01-02,128,1704,117,1359,11,345,0,0,129,1701,0,0,129,1701,California
Merced,2021-01-03,9,1713,5,1364,4,349,0,0,9,1710,0,0,9,1710,California
Merced,2021-01-04,84,1797,41,1405,43,392,0,0,84,1794,0,0,84,1794,California
Merced,2021-01-05,320,2117,231,1636,89,481,0,0,321,2111,6,6,323,2117,California
Merced,2021-01-06,271,2388,97,1733,174,655,0,0,266,2371,6,12,266,2383,California
Merced,2021-01-07,191,2579,79,1812,112,767,0,0,191,2551,11,23,191,2574,California
Merced,2021-01-08,541,3120,399,2211,142,909,0,0,398,2800,149,172,398,2972,California
Merced,2021-01-09,23,3143,10,2221,13,922,0,0,17,2811,6,178,17,2989,California
Merced,2021-01-10,10,3153,6,2227,4,926,0,0,6,2813,4,182,6,2995,California
Merced,2021-01-11,245,3398,169,2396,76,1002,0,0,118,2806,126,308,119,3114,California
Merced,2021-01-12,311,3709,161,2557,150,1152,0,0,258,3008,56,364,258,3372,California
Merced,2021-01-13,450,4159,232,2789,218,1370,0,0,237,3040,207,571,239,3611,California
Merced,2021-01-14,353,4512,213,3002,140,1510,0,0,182,3054,170,741,184,3795,California
Merced,2021-01-15,684,5196,149,3151,535,2045,0,0,661,3678,39,780,663,4458,California
Merced,2021-01-16,243,5439,152,3303,91,2136,0,0,238,3911,5,785,238,4696,California
Merced,2021-01-17,48,5487,11,3314,37,2173,0,0,47,3957,1,786,47,4743,California
Merced,2021-01-18,329,5816,155,3469,174,2347,0,0,307,4245,22,808,310,5053,California
Merced,2021-01-19,732,6548,583,4052,149,2496,0,0,550,4617,182,990,554,5607,California
Merced,2021-01-20,593,7141,484,4536,109,2605,0,0,529,5084,64,1054,531,6138,California
Merced,2021-01-21,1057,8198,687,5223,370,2975,0,0,955,5939,103,1157,958,7096,California
Merced,2021-01-22,1392,9590,711,5934,681,3656,0,0,1368,7293,26,1183,1380,8476,California
Merced,2021-01-23,306,9896,184,6118,122,3778,0,0,203,7391,105,1288,203,8679,California
Merced,2021-01-24,32,9928,15,6133,17,3795,0,0,23,7406,8,1296,23,8702,California
Merced,2021-01-25,780,10708,270,6403,510,4305,0,0,703,8050,59,1355,703,9405,California
Merced,2021-01-26,944,11652,480,6883,464,4769,0,0,688,8530,209,1564,689,10094,California
Merced,2021-01-27,1029,12681,583,7466,446,5215,0,0,840,9208,162,1726,840,10934,California
Merced,2021-01-28,1202,13883,586,8052,616,5831,0,0,1044,10119,134,1860,1045,11979,California
Merced,2021-01-29,907,14790,339,8391,568,6399,0,0,650,10528,244,2104,653,12632,California
Merced,2021-01-30,286,15076,27,8418,259,6658,0,0,270,10782,16,2120,270,12902,California
Merced,2021-01-31,47,15123,10,8428,37,6695,0,0,46,10827,1,2121,46,12948,California
Merced,2021-02-01,373,15496,51,8479,322,7017,0,0,322,11099,50,2171,322,13270,California
Merced,2021-02-02,291,15787,180,8659,111,7128,0,0,172,11155,117,2288,173,13443,California
Merced,2021-02-03,395,16182,71,8730,324,7452,0,0,200,11160,195,2483,200,13643,California
Merced,2021-02-04,429,16611,158,8888,271,7723,0,0,273,11281,153,2636,274,13917,California
Merced,2021-02-05,623,17234,215,9103,408,8131,0,0,321,11315,289,2925,323,14240,California
Merced,2021-02-06,443,17677,248,9351,195,8326,0,0,270,11414,171,3096,270,14510,California
Merced,2021-02-07,20,17697,12,9363,8,8334,0,0,13,11420,7,3103,13,14523,California
Merced,2021-02-08,320,18017,218,9581,102,8436,0,0,180,11464,137,3240,181,14704,California
Merced,2021-02-09,1277,19294,963,10544,314,8750,0,0,804,11813,456,3696,805,15509,California
Merced,2021-02-10,1920,21214,1434,11978,486,9236,0,0,1335,12570,578,4274,1335,16844,California
Merced,2021-02-11,2609,23823,2042,14020,567,9803,0,0,1856,13679,747,5021,1856,18700,California
Merced,2021-02-12,1890,25713,1060,15080,830,10633,0,0,837,13475,1041,6062,837,19537,California
Merced,2021-02-13,363,26076,202,15282,161,10794,0,0,267,13648,96,6158,269,19806,California
Merced,2021-02-14,117,26193,27,15309,90,10884,0,0,95,13722,22,6180,96,19902,California
Merced,2021-02-15,273,26466,41,15350,232,11116,0,0,169,13793,99,6279,170,20072,California
Merced,2021-02-16,1288,27754,863,16213,425,11541,0,0,862,14252,406,6685,865,20937,California
Merced,2021-02-17,1945,29699,1676,17889,269,11810,0,0,1368,15057,565,7250,1370,22307,California
Merced,2021-02-18,1312,31011,853,18742,459,12269,0,0,456,14684,829,8079,456,22763,California
Merced,2021-02-19,1322,32333,439,19181,883,13152,0,0,574,14518,742,8821,576,23339,California
Merced,2021-02-20,274,32607,32,19213,242,13394,0,0,142,14529,131,8952,142,23481,California
Merced,2021-02-21,72,32679,57,19270,15,13409,0,0,28,14513,44,8996,28,23509,California
Merced,2021-02-22,921,33600,373,19643,548,13957,0,0,576,14745,344,9340,576,24085,California
Merced,2021-02-23,1181,34781,487,20130,694,14651,0,0,734,15036,443,9783,734,24819,California
Merced,2021-02-24,849,35630,301,20431,548,15199,0,0,465,15126,375,10158,465,25284,California
Merced,2021-02-25,1915,37545,956,21387,959,16158,0,0,1439,16104,462,10620,1440,26724,California
Merced,2021-02-26,2349,39894,1503,22890,846,17004,0,0,1923,17600,428,11048,1924,28648,California
Merced,2021-02-27,2767,42661,1181,24071,1586,18590,0,0,2457,19751,306,11354,2457,31105,California
Merced,2021-02-28,331,42992,70,24141,261,18851,0,0,286,19993,44,11398,286,31391,California
Merced,2021-03-01,1183,44175,276,24417,907,19758,0,0,855,20523,325,11723,855,32246,California
Merced,2021-03-02,1805,45980,916,25333,889,20647,0,0,1403,21540,386,12109,1403,33649,California
Merced,2021-03-03,2360,48340,1822,27155,537,21184,1,1,1566,22347,761,12870,1568,35217,California
Merced,2021-03-04,3099,51439,2435,29590,662,21846,2,3,2208,23585,972,13842,2210,37427,California
Merced,2021-03-05,2483,53922,1537,31127,923,22769,23,26,1871,24895,585,14427,1895,39322,California
Merced,2021-03-06,1250,55172,715,31842,514,23283,21,47,976,25615,277,14704,997,40319,California
Merced,2021-03-07,279,55451,61,31903,193,23476,25,72,250,25861,29,14733,275,40594,California
Merced,2021-03-08,1255,56706,623,32526,567,24043,65,137,1045,26760,210,14943,1109,41703,California
Merced,2021-03-09,1714,58420,1038,33564,563,24606,113,250,1151,27465,560,15503,1265,42968,California
Merced,2021-03-10,2905,61325,2018,35582,673,25279,214,464,1822,28426,1080,16583,2041,45009,California
Merced,2021-03-11,1946,63271,653,36235,1089,26368,204,668,1386,29489,552,17135,1615,46624,California
Merced,2021-03-12,2481,65752,1130,37365,1086,27454,265,933,1720,30725,760,17895,1996,48620,California
Merced,2021-03-13,753,66505,365,37730,146,27600,242,1175,447,31115,300,18195,690,49310,California
Merced,2021-03-14,246,66751,136,37866,80,27680,30,1205,148,31197,97,18292,179,49489,California
Merced,2021-03-15,1562,68313,526,38392,771,28451,265,1470,1035,31975,521,18813,1299,50788,California
Merced,2021-03-16,1556,69869,790,39182,543,28994,223,1693,1065,32781,482,19295,1288,52076,California
Merced,2021-03-17,2231,72100,1286,40468,764,29758,181,1874,1769,34279,454,19749,1952,54028,California
Merced,2021-03-18,2094,74194,1190,41658,747,30505,157,2031,1441,35244,645,20394,1610,55638,California
Merced,2021-03-19,3134,77328,1863,43521,1078,31583,193,2224,1729,35776,1394,21788,1926,57564,California
Merced,2021-03-20,2442,79770,1570,45091,533,32116,339,2563,1171,36023,1266,23054,1513,59077,California
Merced,2021-03-21,672,80442,340,45431,319,32435,13,2576,555,36477,117,23171,571,59648,California
Merced,2021-03-22,1117,81559,481,45912,552,32987,84,2660,729,36911,380,23551,814,60462,California
Merced,2021-03-23,1930,83489,1170,47082,696,33683,64,2724,1465,37978,463,24014,1530,61992,California
Merced,2021-03-24,1405,84894,840,47922,521,34204,44,2768,1050,38725,346,24360,1093,63085,California
Merced,2021-03-25,3476,88370,2446,50368,1008,35212,22,2790,2077,39434,1393,25753,2102,65187,California
Merced,2021-03-26,2138,90508,1281,51649,828,36040,29,2819,914,39162,1215,26968,943,66130,California
Merced,2021-03-27,2663,93171,1250,52899,1346,37386,67,2886,947,38469,1707,28675,1014,67144,California
Merced,2021-03-28,574,93745,206,53105,361,37747,7,2893,253,38410,321,28996,262,67406,California
Merced,2021-03-29,1639,95384,454,53559,938,38685,247,3140,652,38331,982,29978,903,68309,California
Merced,2021-03-30,2291,97675,856,54415,1377,40062,58,3198,1043,38189,1243,31221,1101,69410,California
Merced,2021-03-31,2390,100065,1650,56065,708,40770,32,3230,1047,37939,1330,32551,1080,70490,California
Merced,2021-04-01,2208,102273,1083,57148,1019,41789,106,3336,791,37426,1412,33963,899,71389,California
Merced,2021-04-02,2377,104650,740,57888,1439,43228,198,3534,950,37165,1412,35375,1151,72540,California
Merced,2021-04-03,895,105545,402,58290,483,43711,10,3544,458,37198,436,35811,469,73009,California
Merced,2021-04-04,455,106000,139,58429,313,44024,3,3547,195,37139,259,36070,200,73209,California
Merced,2021-04-05,1292,107292,517,58946,487,44511,288,3835,405,36946,886,36956,693,73902,California
Merced,2021-04-06,1913,109205,647,59593,729,45240,537,4372,700,36973,1212,38168,1239,75141,California
Merced,2021-04-07,1190,110395,387,59980,673,45913,130,4502,464,36852,720,38888,599,75740,California
Merced,2021-04-08,1298,111693,567,60547,566,46479,165,4667,554,36854,720,39608,722,76462,California
Merced,2021-04-09,1299,112992,467,61014,576,47055,256,4923,495,36816,791,40399,753,77215,California
Merced,2021-04-10,636,113628,348,61362,131,47186,157,5080,111,36562,523,40922,269,77484,California
Merced,2021-04-11,198,113826,44,61406,38,47224,116,5196,39,36558,159,41081,155,77639,California
Modoc,2020-12-16,1,1,1,1,0,0,0,0,1,1,0,0,1,1,California
Modoc,2020-12-21,100,101,100,101,0,0,0,0,100,101,0,0,100,101,California
Modoc,2020-12-22,14,115,14,115,0,0,0,0,14,115,0,0,14,115,California
Modoc,2020-12-23,4,119,4,119,0,0,0,0,4,119,0,0,4,119,California
Modoc,2020-12-24,1,120,1,120,0,0,0,0,1,120,0,0,1,120,California
Modoc,2020-12-28,2,122,2,122,0,0,0,0,2,122,0,0,2,122,California
Modoc,2020-12-29,10,132,1,123,9,9,0,0,10,132,0,0,10,132,California
Modoc,2020-12-30,7,139,0,123,7,16,0,0,7,139,0,0,7,139,California
Modoc,2021-01-02,2,141,0,123,2,18,0,0,2,141,0,0,2,141,California
Modoc,2021-01-04,8,149,0,123,8,26,0,0,8,149,0,0,8,149,California
Modoc,2021-01-05,2,151,1,124,1,27,0,0,2,151,0,0,2,151,California
Modoc,2021-01-06,3,154,2,126,1,28,0,0,2,152,1,1,2,153,California
Modoc,2021-01-07,72,226,0,126,72,100,0,0,72,224,0,1,72,225,California
Modoc,2021-01-08,105,331,0,126,105,205,0,0,105,329,0,1,105,330,California
Modoc,2021-01-10,1,332,1,127,0,205,0,0,0,328,1,2,0,330,California
Modoc,2021-01-11,92,424,83,210,9,214,0,0,19,274,73,75,19,349,California
Modoc,2021-01-12,94,518,25,235,69,283,0,0,68,316,26,101,68,417,California
Modoc,2021-01-13,24,542,4,239,20,303,0,0,22,336,2,103,22,439,California
Modoc,2021-01-14,129,671,6,245,123,426,0,0,124,455,5,108,124,563,California
Modoc,2021-01-15,6,677,1,246,5,431,0,0,6,461,0,108,6,569,California
Modoc,2021-01-16,1,678,1,247,0,431,0,0,1,462,0,108,1,570,California
Modoc,2021-01-18,1,679,1,248,0,431,0,0,1,463,0,108,1,571,California
Modoc,2021-01-19,5,684,3,251,2,433,0,0,3,464,2,110,3,574,California
Modoc,2021-01-20,11,695,1,252,10,443,0,0,11,475,0,110,11,585,California
Modoc,2021-01-21,158,853,2,254,156,599,0,0,158,633,0,110,158,743,California
Modoc,2021-01-22,2,855,0,254,2,601,0,0,2,635,0,110,2,745,California
Modoc,2021-01-25,11,866,0,254,11,612,0,0,11,646,0,110,11,756,California
Modoc,2021-01-26,65,931,1,255,64,676,0,0,65,711,0,110,65,821,California
Modoc,2021-01-27,41,972,2,257,39,715,0,0,25,720,16,126,25,846,California
Modoc,2021-01-28,144,1116,1,258,143,858,0,0,144,864,0,126,144,990,California
Modoc,2021-01-29,3,1119,1,259,2,860,0,0,3,867,0,126,3,993,California
Modoc,2021-02-01,25,1144,12,271,13,873,0,0,11,864,14,140,11,1004,California
Modoc,2021-02-02,170,1314,2,273,168,1041,0,0,167,1028,3,143,167,1171,California
Modoc,2021-02-03,18,1332,13,286,5,1046,0,0,11,1032,7,150,11,1182,California
Modoc,2021-02-04,155,1487,4,290,151,1197,0,0,27,931,128,278,27,1209,California
Modoc,2021-02-05,4,1491,3,293,1,1198,0,0,3,933,1,279,3,1212,California
Modoc,2021-02-08,9,1500,2,295,7,1205,0,0,8,940,1,280,8,1220,California
Modoc,2021-02-09,197,1697,13,308,184,1389,0,0,66,875,131,411,66,1286,California
Modoc,2021-02-10,5,1702,2,310,3,1392,0,0,4,878,1,412,4,1290,California
Modoc,2021-02-11,200,1902,3,313,197,1589,0,0,82,842,118,530,82,1372,California
Modoc,2021-02-12,5,1907,1,314,4,1593,0,0,3,843,2,532,3,1375,California
Modoc,2021-02-13,1,1908,0,314,1,1594,0,0,1,844,0,532,1,1376,California
Modoc,2021-02-16,147,2055,6,320,141,1735,0,0,143,983,4,536,143,1519,California
Modoc,2021-02-17,24,2079,1,321,23,1758,0,0,12,983,12,548,12,1531,California
Modoc,2021-02-18,189,2268,2,323,187,1945,0,0,25,846,163,711,26,1557,California
Modoc,2021-02-19,2,2270,2,325,0,1945,0,0,2,848,0,711,2,1559,California
Modoc,2021-02-20,1,2271,1,326,0,1945,0,0,1,849,0,711,1,1560,California
Modoc,2021-02-22,16,2287,8,334,8,1953,0,0,3,839,13,724,3,1563,California
Modoc,2021-02-23,21,2308,3,337,18,1971,0,0,1,820,20,744,1,1564,California
Modoc,2021-02-24,90,2398,1,338,89,2060,0,0,30,790,60,804,30,1594,California
Modoc,2021-02-25,168,2566,0,338,168,2228,0,0,12,646,156,960,12,1606,California
Modoc,2021-02-26,3,2569,0,338,3,2231,0,0,1,645,2,962,1,1607,California
Modoc,2021-02-27,5,2574,5,343,0,2231,0,0,2,644,3,965,2,1609,California
Modoc,2021-03-01,4,2578,0,343,4,2235,0,0,0,640,4,969,0,1609,California
Modoc,2021-03-02,193,2771,12,355,181,2416,0,0,26,499,167,1136,26,1635,California
Modoc,2021-03-03,12,2783,6,361,6,2422,0,0,2,491,10,1146,2,1637,California
Modoc,2021-03-04,175,2958,2,363,173,2595,0,0,148,612,27,1173,148,1785,California
Modoc,2021-03-05,4,2962,3,366,1,2596,0,0,2,612,2,1175,2,1787,California
Modoc,2021-03-06,10,2972,0,366,0,2596,10,10,0,612,10,1185,10,1797,California
Modoc,2021-03-07,6,2978,1,367,0,2596,5,15,1,613,5,1190,6,1803,California
Modoc,2021-03-08,7,2985,1,368,2,2598,4,19,1,612,6,1196,5,1808,California
Modoc,2021-03-09,127,3112,10,378,109,2707,8,27,61,615,66,1262,69,1877,California
Modoc,2021-03-10,9,3121,3,381,2,2709,4,31,4,618,5,1267,8,1885,California
Modoc,2021-03-11,205,3326,0,381,98,2807,107,138,22,564,183,1450,129,2014,California
Modoc,2021-03-12,10,3336,1,382,4,2811,5,143,4,567,6,1456,9,2023,California
Modoc,2021-03-13,4,3340,0,382,1,2812,3,146,1,568,3,1459,4,2027,California
Modoc,2021-03-15,12,3352,1,383,10,2822,1,147,10,577,2,1461,11,2038,California
Modoc,2021-03-16,173,3525,1,384,168,2990,4,151,42,491,131,1592,45,2083,California
Modoc,2021-03-17,10,3535,1,385,4,2994,5,156,2,490,8,1600,7,2090,California
Modoc,2021-03-18,66,3601,1,386,58,3052,7,163,34,499,32,1632,41,2131,California
Modoc,2021-03-19,5,3606,0,386,0,3052,5,168,0,499,5,1637,5,2136,California
Modoc,2021-03-20,6,3612,2,388,1,3053,3,171,1,498,5,1642,4,2140,California
Modoc,2021-03-21,4,3616,1,389,1,3054,2,173,2,500,2,1644,4,2144,California
Modoc,2021-03-22,18,3634,1,390,11,3065,6,179,12,512,6,1650,18,2162,California
Modoc,2021-03-23,32,3666,4,394,25,3090,3,182,24,531,8,1658,27,2189,California
Modoc,2021-03-24,29,3695,1,395,18,3108,10,192,2,516,27,1685,12,2201,California
Modoc,2021-03-25,64,3759,1,396,61,3169,2,194,32,518,32,1717,34,2235,California
Modoc,2021-03-26,7,3766,2,398,2,3171,3,197,2,518,5,1722,5,2240,California
Modoc,2021-03-27,2,3768,0,398,1,3172,1,198,1,519,1,1723,2,2242,California
Modoc,2021-03-28,2,3770,1,399,0,3172,1,199,0,518,2,1725,1,2243,California
Modoc,2021-03-29,14,3784,1,400,5,3177,8,207,5,522,9,1734,13,2256,California
Modoc,2021-03-30,56,3840,11,411,39,3216,6,213,23,518,33,1767,29,2285,California
Modoc,2021-03-31,9,3849,3,414,2,3218,4,217,3,519,6,1773,7,2292,California
Modoc,2021-04-01,170,4019,3,417,162,3380,5,222,35,424,135,1908,40,2332,California
Modoc,2021-04-02,5,4024,0,417,2,3382,3,225,1,425,3,1911,4,2336,California
Modoc,2021-04-03,4,4028,2,419,0,3382,2,227,2,427,2,1913,4,2340,California
Modoc,2021-04-05,9,4037,0,419,9,3391,0,227,9,436,0,1913,9,2349,California
Modoc,2021-04-06,22,4059,5,424,7,3398,10,237,4,432,18,1931,14,2363,California
Modoc,2021-04-07,11,4070,1,425,3,3401,7,244,2,432,9,1940,9,2372,California
Modoc,2021-04-08,96,4166,1,426,93,3494,2,246,26,390,70,2010,28,2400,California
Modoc,2021-04-09,10,4176,1,427,7,3501,2,248,3,387,7,2017,4,2404,California
Modoc,2021-04-10,3,4179,0,427,0,3501,3,251,0,387,3,2020,3,2407,California
Modoc,2021-04-11,2,4181,1,428,0,3501,1,252,1,388,1,2021,2,2409,California
Mono,2020-12-18,1,1,1,1,0,0,0,0,1,1,0,0,1,1,California
Mono,2020-12-19,5,6,5,6,0,0,0,0,5,6,0,0,5,6,California
Mono,2020-12-20,7,13,7,13,0,0,0,0,7,13,0,0,7,13,California
Mono,2020-12-21,24,37,17,30,7,7,0,0,24,37,0,0,24,37,California
Mono,2020-12-22,65,102,64,94,1,8,0,0,65,102,0,0,65,102,California
Mono,2020-12-23,70,172,42,136,28,36,0,0,70,172,0,0,70,172,California
Mono,2020-12-24,3,175,1,137,2,38,0,0,3,175,0,0,3,175,California
Mono,2020-12-26,3,178,3,140,0,38,0,0,3,178,0,0,3,178,California
Mono,2020-12-28,94,272,63,203,31,69,0,0,94,272,0,0,94,272,California
Mono,2020-12-29,29,301,29,232,0,69,0,0,29,301,0,0,29,301,California
Mono,2020-12-30,76,377,35,267,41,110,0,0,76,377,0,0,76,377,California
Mono,2020-12-31,4,381,1,268,3,113,0,0,4,381,0,0,4,381,California
Mono,2021-01-01,4,385,4,272,0,113,0,0,4,385,0,0,4,385,California
Mono,2021-01-02,1,386,1,273,0,113,0,0,1,386,0,0,1,386,California
Mono,2021-01-04,1,387,0,273,1,114,0,0,1,387,0,0,1,387,California
Mono,2021-01-05,45,432,2,275,43,157,0,0,44,430,1,1,44,431,California
Mono,2021-01-06,44,476,0,275,44,201,0,0,44,474,0,1,44,475,California
Mono,2021-01-07,55,531,3,278,52,253,0,0,54,527,1,2,54,529,California
Mono,2021-01-08,2,533,1,279,1,254,0,0,1,527,1,3,1,530,California
Mono,2021-01-09,4,537,4,283,0,254,0,0,0,523,4,7,0,530,California
Mono,2021-01-10,5,542,5,288,0,254,0,0,0,518,5,12,0,530,California
Mono,2021-01-11,7,549,4,292,3,257,0,0,3,517,4,16,3,533,California
Mono,2021-01-12,283,832,75,367,208,465,0,0,219,673,63,79,219,752,California
Mono,2021-01-13,233,1065,73,440,160,625,0,0,178,796,55,134,178,930,California
Mono,2021-01-14,73,1138,71,511,2,627,0,0,73,869,0,134,73,1003,California
Mono,2021-01-15,60,1198,2,513,58,685,0,0,60,929,0,134,60,1063,California
Mono,2021-01-16,4,1202,3,516,1,686,0,0,1,927,3,137,1,1064,California
Mono,2021-01-18,63,1265,54,570,9,695,0,0,2,868,61,198,2,1066,California
Mono,2021-01-19,209,1474,207,777,2,697,0,0,171,1002,38,236,172,1238,California
Mono,2021-01-20,231,1705,200,977,31,728,0,0,170,1111,61,297,170,1408,California
Mono,2021-01-21,3,1708,3,980,0,728,0,0,3,1114,0,297,3,1411,California
Mono,2021-01-22,4,1712,0,980,4,732,0,0,4,1118,0,297,4,1415,California
Mono,2021-01-23,598,2310,598,1578,0,732,0,0,598,1716,0,297,598,2013,California
Mono,2021-01-25,205,2515,167,1745,38,770,0,0,166,1843,39,336,166,2179,California
Mono,2021-01-26,504,3019,502,2247,2,772,0,0,499,2337,5,341,499,2678,California
Mono,2021-01-27,5,3024,1,2248,4,776,0,0,5,2342,0,341,5,2683,California
Mono,2021-01-28,7,3031,3,2251,4,780,0,0,3,2341,4,345,3,2686,California
Mono,2021-01-30,201,3232,199,2450,2,782,0,0,201,2542,0,345,201,2887,California
Mono,2021-01-31,243,3475,138,2588,105,887,0,0,139,2577,104,449,139,3026,California
Mono,2021-02-01,27,3502,27,2615,0,887,0,0,0,2550,27,476,0,3026,California
Mono,2021-02-02,5,3507,0,2615,5,892,0,0,2,2549,3,479,2,3028,California
Mono,2021-02-03,3,3510,1,2616,2,894,0,0,1,2548,2,481,1,3029,California
Mono,2021-02-04,211,3721,158,2774,53,947,0,0,90,2517,121,602,90,3119,California
Mono,2021-02-05,623,4344,617,3391,6,953,0,0,620,3134,3,605,620,3739,California
Mono,2021-02-06,140,4484,139,3530,1,954,0,0,138,3270,2,607,138,3877,California
Mono,2021-02-07,2,4486,0,3530,2,956,0,0,2,3272,0,607,2,3879,California
Mono,2021-02-08,172,4658,172,3702,0,956,0,0,15,3131,156,763,15,3894,California
Mono,2021-02-09,226,4884,5,3707,221,1177,0,0,14,2933,212,975,14,3908,California
Mono,2021-02-10,535,5419,184,3891,351,1528,0,0,196,2790,339,1314,196,4104,California
Mono,2021-02-11,6,5425,4,3895,2,1530,0,0,1,2786,5,1319,1,4105,California
Mono,2021-02-12,84,5509,20,3915,64,1594,0,0,26,2754,58,1377,26,4131,California
Mono,2021-02-13,589,6098,589,4504,0,1594,0,0,25,2215,564,1941,25,4156,California
Mono,2021-02-15,169,6267,167,4671,2,1596,0,0,4,2056,163,2104,4,4160,California
Mono,2021-02-16,520,6787,517,5188,3,1599,0,0,44,1626,474,2578,44,4204,California
Mono,2021-02-17,5,6792,1,5189,4,1603,0,0,1,1623,4,2582,1,4205,California
Mono,2021-02-18,2,6794,2,5191,0,1603,0,0,1,1623,1,2583,1,4206,California
Mono,2021-02-19,54,6848,53,5244,1,1604,0,0,54,1677,0,2583,54,4260,California
Mono,2021-02-20,4,6852,4,5248,0,1604,0,0,4,1681,0,2583,4,4264,California
Mono,2021-02-21,3,6855,3,5251,0,1604,0,0,3,1684,0,2583,3,4267,California
Mono,2021-02-22,285,7140,284,5535,1,1605,0,0,24,1448,260,2843,24,4291,California
Mono,2021-02-23,135,7275,115,5650,20,1625,0,0,22,1357,113,2956,22,4313,California
Mono,2021-02-24,7,7282,2,5652,5,1630,0,0,2,1354,5,2961,2,4315,California
Mono,2021-02-25,6,7288,3,5655,3,1633,0,0,3,1356,1,2962,3,4318,California
Mono,2021-02-26,603,7891,602,6257,1,1634,0,0,20,794,582,3544,20,4338,California
Mono,2021-02-27,142,8033,138,6395,4,1638,0,0,4,663,135,3679,4,4342,California
Mono,2021-02-28,1,8034,1,6396,0,1638,0,0,1,664,0,3679,1,4343,California
Mono,2021-03-01,2,8036,2,6398,0,1638,0,0,1,665,0,3679,1,4344,California
Mono,2021-03-02,5,8041,3,6401,2,1640,0,0,3,666,2,3681,3,4347,California
Mono,2021-03-03,81,8122,2,6403,79,1719,0,0,78,742,2,3683,78,4425,California
Mono,2021-03-04,4,8126,0,6403,4,1723,0,0,2,742,2,3685,2,4427,California
Mono,2021-03-05,37,8163,27,6430,10,1733,0,0,14,733,23,3708,14,4441,California
Mono,2021-03-06,510,8673,16,6446,494,2227,0,0,504,1232,5,3713,504,4945,California
Mono,2021-03-07,1,8674,0,6446,1,2228,0,0,0,1231,1,3714,0,4945,California
Mono,2021-03-08,544,9218,11,6457,530,2758,3,3,535,1760,9,3723,538,5483,California
Mono,2021-03-09,7,9225,2,6459,4,2762,1,4,4,1763,2,3725,5,5488,California
Mono,2021-03-10,286,9511,91,6550,192,2954,3,7,10,1501,275,4000,13,5501,California
Mono,2021-03-11,10,9521,0,6550,1,2955,9,16,0,1500,10,4010,9,5510,California
Mono,2021-03-12,6,9527,1,6551,1,2956,4,20,0,1498,6,4016,4,5514,California
Mono,2021-03-13,828,10355,392,6943,436,3392,0,20,820,2310,8,4024,820,6334,California
Mono,2021-03-14,4,10359,4,6947,0,3392,0,20,1,2308,3,4027,1,6335,California
Mono,2021-03-15,29,10388,23,6970,1,3393,5,25,13,2310,16,4043,18,6353,California
Mono,2021-03-16,16,10404,6,6976,4,3397,6,31,8,2316,8,4051,14,6367,California
Mono,2021-03-17,33,10437,4,6980,21,3418,8,39,22,2335,11,4062,30,6397,California
Mono,2021-03-18,19,10456,2,6982,9,3427,8,47,8,2340,11,4073,16,6413,California
Mono,2021-03-19,22,10478,1,6983,18,3445,3,50,18,2358,3,4076,21,6434,California
Mono,2021-03-20,5,10483,4,6987,0,3445,1,51,4,2362,1,4077,5,6439,California
Mono,2021-03-21,1,10484,1,6988,0,3445,0,51,1,2363,0,4077,1,6440,California
Mono,2021-03-22,11,10495,0,6988,6,3451,5,56,5,2367,6,4083,10,6450,California
Mono,2021-03-23,42,10537,5,6993,32,3483,5,61,19,2368,23,4106,24,6474,California
Mono,2021-03-24,12,10549,1,6994,6,3489,5,66,6,2373,6,4112,11,6485,California
Mono,2021-03-25,18,10567,2,6996,12,3501,4,70,12,2383,6,4118,16,6501,California
Mono,2021-03-26,21,10588,3,6999,13,3514,5,75,12,2392,8,4126,17,6518,California
Mono,2021-03-27,354,10942,351,7350,3,3517,0,75,329,2696,25,4151,329,6847,California
Mono,2021-03-28,1,10943,1,7351,0,3517,0,75,1,2697,0,4151,1,6848,California
Mono,2021-03-29,10,10953,3,7354,6,3523,1,76,9,2706,1,4152,10,6858,California
Mono,2021-03-30,15,10968,0,7354,11,3534,4,80,10,2715,5,4157,14,6872,California
Mono,2021-03-31,121,11089,7,7361,113,3647,1,81,45,2686,75,4232,46,6918,California
Mono,2021-04-01,8,11097,0,7361,7,3654,1,82,3,2685,5,4237,4,6922,California
Mono,2021-04-02,17,11114,2,7363,15,3669,0,82,6,2680,11,4248,6,6928,California
Mono,2021-04-03,850,11964,367,7730,483,4152,0,82,35,1901,814,5062,35,6963,California
Mono,2021-04-05,535,12499,17,7747,517,4669,1,83,32,1433,501,5563,33,6996,California
Mono,2021-04-06,25,12524,4,7751,9,4678,12,95,7,1434,18,5581,19,7015,California
Mono,2021-04-07,23,12547,9,7760,3,4681,11,106,10,1442,13,5594,21,7036,California
Mono,2021-04-08,21,12568,4,7764,1,4682,16,122,4,1445,17,5611,20,7056,California
Mono,2021-04-09,25,12593,3,7767,1,4683,21,143,1,1443,24,5635,22,7078,California
Mono,2021-04-10,440,13033,2,7769,433,5116,5,148,27,1062,413,6048,32,7110,California
Monterey,2020-12-16,4,4,4,4,0,0,0,0,4,4,0,0,4,4,California
Monterey,2020-12-17,82,86,82,86,0,0,0,0,82,86,0,0,82,86,California
Monterey,2020-12-18,481,567,481,567,0,0,0,0,481,567,0,0,481,567,California
Monterey,2020-12-19,579,1146,579,1146,0,0,0,0,579,1146,0,0,579,1146,California
Monterey,2020-12-20,422,1568,422,1568,0,0,0,0,422,1568,0,0,422,1568,California
Monterey,2020-12-21,720,2288,720,2288,0,0,0,0,720,2288,0,0,720,2288,California
Monterey,2020-12-22,533,2821,520,2808,13,13,0,0,533,2821,0,0,533,2821,California
Monterey,2020-12-23,435,3256,259,3067,176,189,0,0,435,3256,0,0,435,3256,California
Monterey,2020-12-24,84,3340,10,3077,74,263,0,0,84,3340,0,0,84,3340,California
Monterey,2020-12-25,6,3346,0,3077,6,269,0,0,6,3346,0,0,6,3346,California
Monterey,2020-12-26,92,3438,5,3082,87,356,0,0,92,3438,0,0,92,3438,California
Monterey,2020-12-27,7,3445,4,3086,3,359,0,0,7,3445,0,0,7,3445,California
Monterey,2020-12-28,477,3922,25,3111,452,811,0,0,477,3922,0,0,477,3922,California
Monterey,2020-12-29,899,4821,167,3278,732,1543,0,0,899,4821,0,0,899,4821,California
Monterey,2020-12-30,568,5389,98,3376,470,2013,0,0,568,5389,0,0,568,5389,California
Monterey,2020-12-31,35,5424,11,3387,24,2037,0,0,35,5424,0,0,35,5424,California
Monterey,2021-01-01,11,5435,2,3389,9,2046,0,0,11,5435,0,0,11,5435,California
Monterey,2021-01-02,137,5572,134,3523,3,2049,0,0,137,5572,0,0,137,5572,California
Monterey,2021-01-03,30,5602,29,3552,1,2050,0,0,30,5602,0,0,30,5602,California
Monterey,2021-01-04,410,6012,18,3570,392,2442,0,0,410,6012,0,0,410,6012,California
Monterey,2021-01-05,750,6762,326,3896,424,2866,0,0,736,6734,14,14,736,6748,California
Monterey,2021-01-06,655,7417,172,4068,483,3349,0,0,633,7345,22,36,633,7381,California
Monterey,2021-01-07,743,8160,570,4638,173,3522,0,0,420,7444,321,357,420,7801,California
Monterey,2021-01-08,1085,9245,733,5371,352,3874,0,0,393,7145,692,1049,393,8194,California
Monterey,2021-01-09,963,10208,935,6306,28,3902,0,0,313,6808,650,1699,313,8507,California
Monterey,2021-01-10,272,10480,269,6575,3,3905,0,0,7,6550,265,1964,7,8514,California
Monterey,2021-01-11,1064,11544,984,7559,80,3985,0,0,361,6208,703,2667,361,8875,California
Monterey,2021-01-12,463,12007,387,7946,76,4061,0,0,202,6149,261,2928,202,9077,California
Monterey,2021-01-13,1217,13224,590,8536,627,4688,0,0,1173,7278,44,2972,1173,10250,California
Monterey,2021-01-14,1046,14270,93,8629,953,5641,0,0,1028,8291,18,2990,1031,11281,California
Monterey,2021-01-15,1037,15307,43,8672,994,6635,0,0,1024,9302,13,3003,1024,12305,California
Monterey,2021-01-16,359,15666,296,8968,63,6698,0,0,354,9651,5,3008,354,12659,California
Monterey,2021-01-17,312,15978,290,9258,22,6720,0,0,299,9937,13,3021,299,12958,California
Monterey,2021-01-18,401,16379,50,9308,351,7071,0,0,380,10296,21,3042,380,13338,California
Monterey,2021-01-19,574,16953,394,9702,180,7251,0,0,416,10556,156,3198,416,13754,California
Monterey,2021-01-20,530,17483,268,9970,262,7513,0,0,324,10674,206,3404,324,14078,California
Monterey,2021-01-21,839,18322,92,10062,747,8260,0,0,729,11297,110,3514,733,14811,California
Monterey,2021-01-22,1046,19368,191,10253,855,9115,0,0,1007,12265,39,3553,1007,15818,California
Monterey,2021-01-23,240,19608,174,10427,66,9181,0,0,117,12261,122,3675,118,15936,California
Monterey,2021-01-24,56,19664,38,10465,18,9199,0,0,22,12249,34,3709,22,15958,California
Monterey,2021-01-25,781,20445,173,10638,608,9807,0,0,154,11783,620,4329,154,16112,California
Monterey,2021-01-26,923,21368,221,10859,702,10509,0,0,233,11326,690,5019,233,16345,California
Monterey,2021-01-27,858,22226,307,11166,551,11060,0,0,376,11220,482,5501,376,16721,California
Monterey,2021-01-28,2004,24230,734,11900,1270,12330,0,0,1663,12544,341,5842,1665,18386,California
Monterey,2021-01-29,1224,25454,704,12604,520,12850,0,0,1109,13540,114,5956,1110,19496,California
Monterey,2021-01-30,432,25886,285,12889,147,12997,0,0,181,13470,251,6207,181,19677,California
Monterey,2021-01-31,491,26377,69,12958,422,13419,0,0,482,13944,9,6216,483,20160,California
Monterey,2021-02-01,1658,28035,1146,14104,512,13931,0,0,1097,14481,560,6776,1097,21257,California
Monterey,2021-02-02,2144,30179,454,14558,1690,15621,0,0,1538,15413,606,7382,1538,22795,California
Monterey,2021-02-03,2328,32507,1046,15604,1282,16903,0,0,1553,16195,771,8153,1553,24348,California
Monterey,2021-02-04,2700,35207,2021,17625,679,17582,0,0,2439,18375,259,8412,2439,26787,California
Monterey,2021-02-05,3636,38843,2819,20444,817,18399,0,0,3206,21156,425,8837,3206,29993,California
Monterey,2021-02-06,1096,39939,379,20823,717,19116,0,0,755,21572,339,9176,755,30748,California
Monterey,2021-02-07,316,40255,272,21095,44,19160,0,0,95,21446,221,9397,95,30843,California
Monterey,2021-02-08,514,40769,289,21384,225,19385,0,0,429,21790,85,9482,429,31272,California
Monterey,2021-02-09,856,41625,673,22057,183,19568,0,0,546,22028,310,9792,548,31820,California
Monterey,2021-02-10,2009,43634,1041,23098,968,20536,0,0,1160,22339,849,10641,1160,32980,California
Monterey,2021-02-11,2490,46124,964,24062,1526,22062,0,0,1538,22929,950,11591,1540,34520,California
Monterey,2021-02-12,2582,48706,426,24488,2156,24218,0,0,1522,23392,1059,12650,1522,36042,California
Monterey,2021-02-13,1070,49776,49,24537,1021,25239,0,0,979,24280,91,12741,979,37021,California
Monterey,2021-02-14,585,50361,73,24610,512,25751,0,0,511,24717,74,12815,511,37532,California
Monterey,2021-02-15,1344,51705,138,24748,1206,26957,0,0,974,25323,369,13184,975,38507,California
Monterey,2021-02-16,1086,52791,241,24989,845,27802,0,0,866,25969,220,13404,866,39373,California
Monterey,2021-02-17,1932,54723,1160,26149,772,28574,0,0,1634,27310,296,13700,1637,41010,California
Monterey,2021-02-18,2218,56941,1174,27323,1044,29618,0,0,904,26913,1304,15004,907,41917,California
Monterey,2021-02-19,2928,59869,1529,28852,1399,31017,0,0,1340,26665,1588,16592,1340,43257,California
Monterey,2021-02-20,999,60868,601,29453,398,31415,0,0,947,27561,51,16643,947,44204,California
Monterey,2021-02-21,1236,62104,1208,30661,28,31443,0,0,1170,28666,65,16708,1170,45374,California
Monterey,2021-02-22,971,63075,841,31502,130,31573,0,0,639,28974,331,17039,639,46013,California
Monterey,2021-02-23,948,64023,616,32118,332,31905,0,0,300,28628,647,17686,301,46314,California
Monterey,2021-02-24,2450,66473,1308,33426,1142,33047,0,0,1844,29871,602,18288,1845,48159,California
Monterey,2021-02-25,4337,70810,2393,35819,1944,34991,0,0,1445,28432,2885,21173,1446,49605,California
Monterey,2021-02-26,5242,76052,3082,38901,2160,37151,0,0,2621,28437,2617,23790,2622,52227,California
Monterey,2021-02-27,991,77043,181,39082,810,37961,0,0,803,29056,184,23974,803,53030,California
Monterey,2021-02-28,1525,78568,82,39164,1443,39404,0,0,1066,29667,455,24429,1066,54096,California
Monterey,2021-03-01,1271,79839,137,39301,1131,40535,3,3,741,29883,528,24957,744,54840,California
Monterey,2021-03-02,2716,82555,1713,41014,1003,41538,0,3,1872,30915,840,25797,1872,56712,California
Monterey,2021-03-03,3148,85703,1228,42242,1920,43458,0,3,1260,30290,1886,27683,1261,57973,California
Monterey,2021-03-04,4536,90239,1463,43705,3073,46531,0,3,2975,31708,1557,29240,2975,60948,California
Monterey,2021-03-05,3245,93484,1417,45122,1555,48086,273,276,2621,33979,623,29863,2894,63842,California
Monterey,2021-03-06,4911,98395,1063,46185,3596,51682,252,528,4057,37437,852,30715,4310,68152,California
Monterey,2021-03-07,516,98911,106,46291,164,51846,246,774,227,37620,289,31004,472,68624,California
Monterey,2021-03-08,1606,100517,324,46615,936,52782,346,1120,1109,38577,497,31501,1454,70078,California
Monterey,2021-03-09,1896,102413,673,47288,948,53730,275,1395,1411,39778,483,31984,1684,71762,California
Monterey,2021-03-10,2907,105320,869,48157,1554,55284,484,1879,1358,40076,1544,33528,1842,73604,California
Monterey,2021-03-11,4093,109413,1402,49559,2324,57608,367,2246,2338,41033,1748,35276,2705,76309,California
Monterey,2021-03-12,4208,113621,2006,51565,2096,59704,106,2352,2595,42121,1612,36888,2700,79009,California
Monterey,2021-03-13,5019,118640,958,52523,3715,63419,346,2698,3750,44948,1269,38157,4096,83105,California
Monterey,2021-03-14,2132,120772,1325,53848,783,64202,24,2722,576,44002,1546,39703,600,83705,California
Monterey,2021-03-15,3927,124699,1262,55110,2375,66577,290,3012,2243,44855,1679,41382,2532,86237,California
Monterey,2021-03-16,3452,128151,566,55676,2514,69091,372,3384,2054,45884,1397,42779,2426,88663,California
Monterey,2021-03-17,5642,133793,2305,57981,3088,72179,249,3633,4071,48647,1563,44342,4326,92989,California
Monterey,2021-03-18,4306,138099,2144,60125,1994,74173,168,3801,2986,50526,1315,45657,3194,96183,California
Monterey,2021-03-19,5319,143418,2542,62667,2635,76808,142,3943,4073,53500,1241,46898,4215,100398,California
Monterey,2021-03-20,3115,146533,418,63085,2003,78811,694,4637,2039,55163,1070,47968,2733,103131,California
Monterey,2021-03-21,618,147151,198,63283,413,79224,7,4644,553,55659,64,48032,560,103691,California
Monterey,2021-03-22,2434,149585,1421,64704,952,80176,61,4705,2241,57770,190,48222,2301,105992,California
Monterey,2021-03-23,3961,153546,2345,67049,1574,81750,42,4747,2508,58872,1448,49670,2550,108542,California
Monterey,2021-03-24,4915,158461,2059,69108,2547,84297,309,5056,3607,61484,1304,50974,3916,112458,California
Monterey,2021-03-25,5130,163591,1202,70310,3571,87868,357,5413,2584,61889,2537,53511,2942,115400,California
Monterey,2021-03-26,5280,168871,2596,72906,2618,90486,66,5479,2845,62376,2426,55937,2913,118313,California
Monterey,2021-03-27,4628,173499,1411,74317,2961,93447,256,5735,2923,63855,1700,57637,3179,121492,California
Monterey,2021-03-28,1102,174601,337,74654,757,94204,8,5743,626,64018,471,58108,634,122126,California
Monterey,2021-03-29,3189,177790,1429,76083,1746,95950,14,5757,1976,64805,1206,59314,1993,124119,California
Monterey,2021-03-30,4427,182217,2130,78213,2260,98210,37,5794,2747,65924,1669,60983,2788,126907,California
Monterey,2021-03-31,5261,187478,2365,80578,2104,100314,792,6586,3333,68126,1924,62907,4126,131033,California
Monterey,2021-04-01,6015,193493,2069,82647,3543,103857,403,6989,3031,68589,2970,65877,3433,134466,California
Monterey,2021-04-02,4669,198162,2254,84901,2357,106214,58,7047,3304,70591,1362,67239,3364,137830,California
Monterey,2021-04-03,5190,203352,1113,86014,3507,109721,570,7617,1211,68404,3968,71207,1781,139611,California
Monterey,2021-04-04,757,204109,162,86176,583,110304,12,7629,493,68647,264,71471,507,140118,California
Monterey,2021-04-05,4010,208119,2504,88680,1278,111582,228,7857,1536,67943,2469,73940,1765,141883,California
Monterey,2021-04-06,3003,211122,1317,89997,1277,112859,409,8266,1104,67562,1892,75832,1511,143394,California
Monterey,2021-04-07,4926,216048,1399,91396,3160,116019,367,8633,2534,68083,2380,78212,2901,146295,California
Monterey,2021-04-08,6009,222057,3368,94764,2070,118089,571,9204,3086,68824,2916,81128,3657,149952,California
Monterey,2021-04-09,4563,226620,3086,97850,1196,119285,281,9485,1964,68475,2594,83722,2245,152197,California
Monterey,2021-04-10,6437,233057,4204,102054,1039,120324,1194,10679,4166,71569,2268,85990,5362,157559,California
Monterey,2021-04-11,84,233141,15,102069,64,120388,5,10684,58,71606,26,86016,63,157622,California
Napa,2020-12-16,12,12,12,12,0,0,0,0,12,12,0,0,12,12,California
Napa,2020-12-17,44,56,44,56,0,0,0,0,44,56,0,0,44,56,California
Napa,2020-12-18,102,158,102,158,0,0,0,0,102,158,0,0,102,158,California
Napa,2020-12-19,221,379,221,379,0,0,0,0,221,379,0,0,221,379,California
Napa,2020-12-20,189,568,189,568,0,0,0,0,189,568,0,0,189,568,California
Napa,2020-12-21,309,877,309,877,0,0,0,0,310,878,0,0,310,878,California
Napa,2020-12-22,338,1215,329,1206,9,9,0,0,338,1216,0,0,338,1216,California
Napa,2020-12-23,429,1644,320,1526,109,118,0,0,429,1645,0,0,429,1645,California
Napa,2020-12-24,138,1782,77,1603,61,179,0,0,138,1783,0,0,138,1783,California
Napa,2020-12-25,1,1783,1,1604,0,179,0,0,1,1784,0,0,1,1784,California
Napa,2020-12-26,39,1822,11,1615,28,207,0,0,39,1823,0,0,39,1823,California
Napa,2020-12-27,32,1854,16,1631,16,223,0,0,32,1855,0,0,32,1855,California
Napa,2020-12-28,249,2103,184,1815,65,288,0,0,277,2132,0,0,277,2132,California
Napa,2020-12-29,275,2378,216,2031,59,347,0,0,309,2441,0,0,309,2441,California
Napa,2020-12-30,630,3008,486,2517,144,491,0,0,638,3079,0,0,638,3079,California
Napa,2020-12-31,461,3469,373,2890,88,579,0,0,461,3540,0,0,461,3540,California
Napa,2021-01-01,1,3470,1,2891,0,579,0,0,1,3541,0,0,1,3541,California
Napa,2021-01-02,97,3567,92,2983,5,584,0,0,97,3638,0,0,97,3638,California
Napa,2021-01-03,12,3579,10,2993,2,586,0,0,9,3647,0,0,9,3647,California
Napa,2021-01-04,107,3686,64,3057,43,629,0,0,107,3754,0,0,107,3754,California
Napa,2021-01-05,155,3841,85,3142,70,699,0,0,138,3868,24,24,138,3892,California
Napa,2021-01-06,456,4297,114,3256,342,1041,0,0,392,4198,62,86,392,4284,California
Napa,2021-01-07,485,4782,222,3478,263,1304,0,0,385,4484,99,185,385,4669,California
Napa,2021-01-08,442,5224,227,3705,215,1519,0,0,262,4567,179,364,262,4931,California
Napa,2021-01-09,325,5549,299,4004,26,1545,0,0,188,4618,137,501,188,5119,California
Napa,2021-01-10,184,5733,101,4105,83,1628,0,0,109,4652,75,576,109,5228,California
Napa,2021-01-11,878,6611,422,4527,456,2084,0,0,506,4787,373,949,508,5736,California
Napa,2021-01-12,1309,7920,370,4897,939,3023,0,0,994,5466,315,1264,994,6730,California
Napa,2021-01-13,1310,9230,264,5161,1046,4069,0,0,1148,6454,161,1425,1149,7879,California
Napa,2021-01-14,1048,10278,171,5332,877,4946,0,0,932,7272,114,1539,932,8811,California
Napa,2021-01-15,1449,11727,382,5714,1067,6013,0,0,1301,8418,156,1695,1302,10113,California
Napa,2021-01-16,354,12081,133,5847,221,6234,0,0,336,8736,18,1713,336,10449,California
Napa,2021-01-17,339,12420,175,6022,164,6398,0,0,329,9055,10,1723,329,10778,California
Napa,2021-01-18,1081,13501,196,6218,885,7283,0,0,990,9954,91,1814,990,11768,California
Napa,2021-01-19,1009,14510,406,6624,603,7886,0,0,766,10478,242,2056,766,12534,California
Napa,2021-01-20,825,15335,185,6809,640,8526,0,0,643,10941,180,2236,643,13177,California
Napa,2021-01-21,1332,16667,373,7182,959,9485,0,0,1077,11765,254,2490,1078,14255,California
Napa,2021-01-22,1538,18205,411,7593,1127,10612,0,0,1211,12651,326,2816,1212,15467,California
Napa,2021-01-23,396,18601,316,7909,80,10692,0,0,335,12925,61,2877,335,15802,California
Napa,2021-01-24,265,18866,189,8098,76,10768,0,0,207,13074,58,2935,207,16009,California
Napa,2021-01-25,1520,20386,231,8329,1289,12057,0,0,1430,14414,90,3025,1430,17439,California
Napa,2021-01-26,877,21263,283,8612,594,12651,0,0,783,15104,94,3119,784,18223,California
Napa,2021-01-27,623,21886,219,8831,404,13055,0,0,468,15417,155,3274,468,18691,California
Napa,2021-01-28,378,22264,166,8997,212,13267,0,0,199,15438,178,3452,199,18890,California
Napa,2021-01-29,252,22516,64,9061,188,13455,0,0,157,15500,95,3547,157,19047,California
Napa,2021-01-30,804,23320,695,9756,109,13564,0,0,640,15976,164,3711,640,19687,California
Napa,2021-01-31,656,23976,626,10382,30,13594,0,0,630,16580,26,3737,630,20317,California
Napa,2021-02-01,312,24288,108,10490,204,13798,0,0,160,16588,152,3889,160,20477,California
Napa,2021-02-02,589,24877,280,10770,309,14107,0,0,288,16577,299,4188,288,20765,California
Napa,2021-02-03,736,25613,310,11080,426,14533,0,0,425,16691,311,4499,425,21190,California
Napa,2021-02-04,790,26403,374,11454,416,14949,0,0,442,16787,346,4845,442,21632,California
Napa,2021-02-05,703,27106,312,11766,391,15340,0,0,337,16758,366,5211,337,21969,California
Napa,2021-02-06,429,27535,143,11909,286,15626,0,0,325,16979,104,5315,325,22294,California
Napa,2021-02-07,173,27708,160,12069,13,15639,0,0,70,16946,103,5418,70,22364,California
Napa,2021-02-08,830,28538,190,12259,640,16279,0,0,269,16657,558,5976,269,22633,California
Napa,2021-02-09,1072,29610,440,12699,632,16911,0,0,432,16449,640,6616,432,23065,California
Napa,2021-02-10,1713,31323,189,12888,1524,18435,0,0,447,15634,1263,7879,448,23513,California
Napa,2021-02-11,1494,32817,194,13082,1300,19735,0,0,410,14973,1072,8951,411,23924,California
Napa,2021-02-12,2152,34969,834,13916,1318,21053,0,0,718,14260,1431,10382,718,24642,California
Napa,2021-02-13,492,35461,51,13967,441,21494,0,0,311,14391,181,10563,312,24954,California
Napa,2021-02-14,356,35817,91,14058,265,21759,0,0,195,14427,161,10724,197,25151,California
Napa,2021-02-15,876,36693,185,14243,691,22450,0,0,223,14000,650,11374,223,25374,California
Napa,2021-02-16,1287,37980,600,14843,687,23137,0,0,614,13942,672,12046,614,25988,California
Napa,2021-02-17,1047,39027,531,15374,516,23653,0,0,481,13858,565,12611,481,26469,California
Napa,2021-02-18,1896,40923,484,15858,1412,25065,0,0,660,13285,1233,13844,660,27129,California
Napa,2021-02-19,1479,42402,586,16444,893,25958,0,0,679,13165,799,14643,679,27808,California
Napa,2021-02-20,817,43219,593,17037,224,26182,0,0,270,12888,547,15190,270,28078,California
Napa,2021-02-21,797,44016,736,17773,61,26243,0,0,195,12481,602,15792,195,28273,California
Napa,2021-02-22,440,44456,185,17958,255,26498,0,0,138,12317,302,16094,138,28411,California
Napa,2021-02-23,1124,45580,301,18259,823,27321,0,0,307,11807,817,16911,307,28718,California
Napa,2021-02-24,1160,46740,641,18900,519,27840,0,0,573,11796,585,17496,574,29292,California
Napa,2021-02-25,2538,49278,1211,20111,1327,29167,0,0,1824,12908,712,18208,1824,31116,California
Napa,2021-02-26,1497,50775,521,20632,976,30143,0,0,585,12583,910,19118,585,31701,California
Napa,2021-02-27,1098,51873,361,20993,737,30880,0,0,846,13179,250,19368,846,32547,California
Napa,2021-02-28,560,52433,459,21452,101,30981,0,0,461,13543,97,19465,461,33008,California
Napa,2021-03-01,1097,53530,815,22267,282,31263,0,0,831,14109,265,19730,831,33839,California
Napa,2021-03-02,1478,55008,1023,23290,455,31718,0,0,1145,14922,332,20062,1145,34984,California
Napa,2021-03-03,1520,56528,679,23969,841,32559,0,0,1344,16091,175,20237,1344,36328,California
Napa,2021-03-04,1701,58229,777,24746,924,33483,0,0,1464,17321,234,20471,1464,37792,California
Napa,2021-03-05,1885,60114,778,25524,1103,34586,4,4,1472,18386,411,20882,1476,39268,California
Napa,2021-03-06,624,60738,279,25803,315,34901,30,34,516,18826,106,20988,546,39814,California
Napa,2021-03-07,517,61255,320,26123,182,35083,15,49,366,19056,151,21139,381,40195,California
Napa,2021-03-08,690,61945,319,26442,319,35402,52,101,516,19452,172,21311,568,40763,California
Napa,2021-03-09,1633,63578,571,27013,1016,36418,46,147,1204,20276,426,21737,1250,42013,California
Napa,2021-03-10,1468,65046,913,27926,463,36881,92,239,774,20450,692,22429,866,42879,California
Napa,2021-03-11,1814,66860,1037,28963,651,37532,126,365,921,20606,891,23320,1047,43926,California
Napa,2021-03-12,1486,68346,904,29867,488,38020,94,459,791,20796,694,24014,884,44810,California
Napa,2021-03-13,1149,69495,299,30166,826,38846,24,483,822,21317,325,24339,846,45656,California
Napa,2021-03-14,608,70103,329,30495,130,38976,149,632,226,21311,381,24720,375,46031,California
Napa,2021-03-15,941,71044,402,30897,471,39447,68,700,476,21392,463,25183,544,46575,California
Napa,2021-03-16,1808,72852,389,31286,1293,40740,126,826,1348,22411,456,25639,1475,48050,California
Napa,2021-03-17,2465,75317,1841,33127,445,41185,179,1005,1564,23253,901,26540,1743,49793,California
Napa,2021-03-18,2100,77417,913,34040,1177,42362,10,1015,1290,23745,808,27348,1300,51093,California
Napa,2021-03-19,1427,78844,856,34896,544,42906,27,1042,710,23768,714,28062,737,51830,California
Napa,2021-03-20,994,79838,530,35426,311,43217,153,1195,422,23772,571,28633,575,52405,California
Napa,2021-03-21,705,80543,683,36109,20,43237,2,1197,355,23780,349,28982,357,52762,California
Napa,2021-03-22,1078,81621,900,37009,167,43404,11,1208,476,23667,600,29582,487,53249,California
Napa,2021-03-23,1500,83121,813,37822,670,44074,17,1225,998,24182,500,30082,1015,54264,California
Napa,2021-03-24,1685,84806,932,38754,745,44819,8,1233,812,24130,872,30954,820,55084,California
Napa,2021-03-25,1594,86400,1043,39797,497,45316,54,1287,738,24067,855,31809,792,55876,California
Napa,2021-03-26,1241,87641,805,40602,430,45746,6,1293,548,23931,690,32499,554,56430,California
Napa,2021-03-27,945,88586,434,41036,484,46230,27,1320,315,23643,630,33129,342,56772,California
Napa,2021-03-28,481,89067,372,41408,103,46333,6,1326,182,23533,299,33428,189,56961,California
Napa,2021-03-29,1158,90225,856,42264,297,46630,5,1331,710,23801,447,33875,715,57676,California
Napa,2021-03-30,2330,92555,928,43192,1399,48029,3,1334,1552,24578,778,34653,1555,59231,California
Napa,2021-03-31,1954,94509,955,44147,930,48959,69,1403,819,24331,1133,35786,886,60117,California
Napa,2021-04-01,1698,96207,811,44958,772,49731,115,1518,467,23687,1227,37013,583,60700,California
Napa,2021-04-02,1780,97987,809,45767,829,50560,142,1660,452,22957,1324,38337,594,61294,California
Napa,2021-04-03,625,98612,362,46129,203,50763,60,1720,214,22820,411,38748,274,61568,California
Napa,2021-04-04,347,98959,139,46268,150,50913,58,1778,119,22769,228,38976,177,61745,California
Napa,2021-04-05,1261,100220,757,47025,285,51198,219,1997,570,22868,690,39666,789,62534,California
Napa,2021-04-06,1592,101812,558,47583,780,51978,254,2251,519,22571,1070,40736,773,63307,California
Napa,2021-04-07,1691,103503,670,48253,793,52771,228,2479,501,22113,1186,41922,728,64035,California
Napa,2021-04-08,1663,105166,992,49245,309,53080,362,2841,867,22549,792,42714,1228,65263,California
Napa,2021-04-09,1150,106316,757,50002,197,53277,196,3037,535,22667,612,43326,730,65993,California
Napa,2021-04-10,666,106982,262,50264,363,53640,41,3078,173,22389,492,43818,214,66207,California
Napa,2021-04-11,252,107234,210,50474,33,53673,9,3087,112,22370,140,43958,121,66328,California
Nevada,2020-12-16,3,3,3,3,0,0,0,0,3,3,0,0,3,3,California
Nevada,2020-12-17,6,9,6,9,0,0,0,0,6,9,0,0,6,9,California
Nevada,2020-12-18,51,60,51,60,0,0,0,0,51,60,0,0,51,60,California
Nevada,2020-12-19,55,115,55,115,0,0,0,0,55,115,0,0,55,115,California
Nevada,2020-12-20,12,127,12,127,0,0,0,0,12,127,0,0,12,127,California
Nevada,2020-12-21,69,196,69,196,0,0,0,0,69,196,0,0,69,196,California
Nevada,2020-12-22,91,287,89,285,2,2,0,0,91,287,0,0,91,287,California
Nevada,2020-12-23,234,521,202,487,32,34,0,0,234,521,0,0,234,521,California
Nevada,2020-12-24,13,534,11,498,2,36,0,0,13,534,0,0,13,534,California
Nevada,2020-12-25,2,536,2,500,0,36,0,0,2,536,0,0,2,536,California
Nevada,2020-12-26,6,542,4,504,2,38,0,0,6,542,0,0,6,542,California
Nevada,2020-12-27,88,630,88,592,0,38,0,0,88,630,0,0,88,630,California
Nevada,2020-12-28,170,800,93,685,77,115,0,0,170,800,0,0,170,800,California
Nevada,2020-12-29,100,900,74,759,26,141,0,0,100,900,0,0,100,900,California
Nevada,2020-12-30,85,985,66,825,19,160,0,0,85,985,0,0,85,985,California
Nevada,2020-12-31,39,1024,9,834,30,190,0,0,39,1024,0,0,39,1024,California
Nevada,2021-01-01,1,1025,0,834,1,191,0,0,1,1025,0,0,1,1025,California
Nevada,2021-01-02,1,1026,1,835,0,191,0,0,1,1026,0,0,1,1026,California
Nevada,2021-01-03,129,1155,126,961,3,194,0,0,129,1155,0,0,129,1155,California
Nevada,2021-01-04,71,1226,47,1008,24,218,0,0,71,1226,0,0,71,1226,California
Nevada,2021-01-05,272,1498,130,1138,142,360,0,0,271,1496,1,1,271,1497,California
Nevada,2021-01-06,91,1589,43,1181,48,408,0,0,83,1571,8,9,83,1580,California
Nevada,2021-01-07,215,1804,43,1224,172,580,0,0,208,1774,6,15,209,1789,California
Nevada,2021-01-08,220,2024,126,1350,94,674,0,0,169,1892,51,66,169,1958,California
Nevada,2021-01-09,63,2087,56,1406,7,681,0,0,15,1859,48,114,15,1973,California
Nevada,2021-01-10,17,2104,9,1415,8,689,0,0,9,1860,8,122,9,1982,California
Nevada,2021-01-11,185,2289,131,1546,54,743,0,0,57,1789,128,250,57,2039,California
Nevada,2021-01-12,599,2888,453,1999,146,889,0,0,533,2256,66,316,533,2572,California
Nevada,2021-01-13,259,3147,146,2145,113,1002,0,0,124,2245,135,451,124,2696,California
Nevada,2021-01-14,232,3379,124,2269,108,1110,0,0,214,2442,17,468,214,2910,California
Nevada,2021-01-15,392,3771,168,2437,224,1334,0,0,294,2638,98,566,294,3204,California
Nevada,2021-01-16,295,4066,15,2452,280,1614,0,0,291,2925,4,570,291,3495,California
Nevada,2021-01-17,35,4101,31,2483,4,1618,0,0,33,2956,2,572,33,3528,California
Nevada,2021-01-18,148,4249,40,2523,108,1726,0,0,139,3086,9,581,139,3667,California
Nevada,2021-01-19,234,4483,85,2608,149,1875,0,0,215,3282,19,600,215,3882,California
Nevada,2021-01-20,258,4741,153,2761,105,1980,0,0,245,3514,13,613,245,4127,California
Nevada,2021-01-21,336,5077,207,2968,129,2109,0,0,323,3824,13,626,323,4450,California
Nevada,2021-01-22,342,5419,209,3177,133,2242,0,0,311,4104,31,657,311,4761,California
Nevada,2021-01-23,176,5595,104,3281,72,2314,0,0,176,4280,0,657,176,4937,California
Nevada,2021-01-24,105,5700,98,3379,7,2321,0,0,66,4307,39,696,66,5003,California
Nevada,2021-01-25,264,5964,136,3515,128,2449,0,0,203,4449,61,757,203,5206,California
Nevada,2021-01-26,398,6362,141,3656,257,2706,0,0,297,4645,101,858,297,5503,California
Nevada,2021-01-27,409,6771,242,3898,167,2873,0,0,385,5006,24,882,385,5888,California
Nevada,2021-01-28,459,7230,312,4210,147,3020,0,0,417,5382,41,923,417,6305,California
Nevada,2021-01-29,593,7823,388,4598,205,3225,0,0,570,5930,23,946,571,6876,California
Nevada,2021-01-30,230,8053,103,4701,127,3352,0,0,227,6154,3,949,227,7103,California
Nevada,2021-01-31,103,8156,87,4788,16,3368,0,0,103,6257,0,949,103,7206,California
Nevada,2021-02-01,290,8446,70,4858,220,3588,0,0,276,6519,14,963,276,7482,California
Nevada,2021-02-02,508,8954,171,5029,337,3925,0,0,319,6649,189,1152,319,7801,California
Nevada,2021-02-03,805,9759,569,5598,236,4161,0,0,755,7355,49,1201,755,8556,California
Nevada,2021-02-04,742,10501,393,5991,349,4510,0,0,494,7602,247,1448,494,9050,California
Nevada,2021-02-05,641,11142,362,6353,279,4789,0,0,454,7871,185,1633,454,9504,California
Nevada,2021-02-06,270,11412,84,6437,186,4975,0,0,243,8087,27,1660,243,9747,California
Nevada,2021-02-07,244,11656,191,6628,53,5028,0,0,190,8223,54,1714,190,9937,California
Nevada,2021-02-08,650,12306,407,7035,243,5271,0,0,551,8675,99,1813,551,10488,California
Nevada,2021-02-09,604,12910,338,7373,266,5537,0,0,466,9003,138,1951,466,10954,California
Nevada,2021-02-10,647,13557,323,7696,324,5861,0,0,418,9193,229,2180,419,11373,California
Nevada,2021-02-11,867,14424,501,8197,366,6227,0,0,539,9405,327,2507,539,11912,California
Nevada,2021-02-12,925,15349,433,8630,492,6719,0,0,611,9703,313,2820,611,12523,California
Nevada,2021-02-13,592,15941,233,8863,359,7078,0,0,386,9888,202,3022,387,12910,California
Nevada,2021-02-14,228,16169,119,8982,109,7187,0,0,200,10060,28,3050,200,13110,California
Nevada,2021-02-15,702,16871,437,9419,265,7452,0,0,534,10426,168,3218,534,13644,California
Nevada,2021-02-16,612,17483,198,9617,414,7866,0,0,453,10721,158,3376,453,14097,California
Nevada,2021-02-17,1177,18660,761,10378,416,8282,0,0,860,11264,317,3693,860,14957,California
Nevada,2021-02-18,995,19655,544,10922,451,8733,0,0,599,11468,395,4088,599,15556,California
Nevada,2021-02-19,1002,20657,627,11549,375,9108,0,0,651,11769,351,4439,652,16208,California
Nevada,2021-02-20,294,20951,103,11652,191,9299,0,0,172,11820,121,4560,172,16380,California
Nevada,2021-02-21,89,21040,84,11736,5,9304,0,0,9,11749,80,4640,9,16389,California
Nevada,2021-02-22,491,21531,326,12062,165,9469,0,0,347,11953,143,4783,347,16736,California
Nevada,2021-02-23,458,21989,211,12273,247,9716,0,0,206,11910,249,5032,206,16942,California
Nevada,2021-02-24,473,22462,236,12509,237,9953,0,0,251,11941,222,5254,253,17195,California
Nevada,2021-02-25,856,23318,465,12974,391,10344,0,0,429,11945,425,5679,429,17624,California
Nevada,2021-02-26,1231,24549,881,13855,350,10694,0,0,409,11535,819,6498,409,18033,California
Nevada,2021-02-27,349,24898,109,13964,240,10934,0,0,179,11544,170,6668,179,18212,California
Nevada,2021-02-28,263,25161,152,14116,111,11045,0,0,122,11525,141,6809,122,18334,California
Nevada,2021-03-01,813,25974,419,14535,394,11439,0,0,348,11409,464,7273,348,18682,California
Nevada,2021-03-02,697,26671,259,14794,438,11877,0,0,477,11670,216,7489,477,19159,California
Nevada,2021-03-03,934,27605,481,15275,453,12330,0,0,470,11677,463,7952,470,19629,California
Nevada,2021-03-04,1092,28697,612,15887,480,12810,0,0,459,11506,630,8582,459,20088,California
Nevada,2021-03-05,808,29505,449,16336,349,13159,10,10,353,11416,453,9035,363,20451,California
Nevada,2021-03-06,344,29849,113,16449,208,13367,23,33,136,11367,208,9243,159,20610,California
Nevada,2021-03-07,208,30057,110,16559,78,13445,20,53,66,11310,142,9385,85,20695,California
Nevada,2021-03-08,799,30856,538,17097,218,13663,43,96,355,11266,443,9828,399,21094,California
Nevada,2021-03-09,652,31508,310,17407,292,13955,50,146,357,11378,294,10122,406,21500,California
Nevada,2021-03-10,951,32459,602,18009,292,14247,57,203,317,11121,631,10753,374,21874,California
Nevada,2021-03-11,1083,33542,712,18721,346,14593,25,228,534,11137,543,11296,559,22433,California
Nevada,2021-03-12,1179,34721,724,19445,424,15017,31,259,506,11001,672,11968,536,22969,California
Nevada,2021-03-13,254,34975,50,19495,199,15216,5,264,90,10932,163,12131,94,23063,California
Nevada,2021-03-14,153,35128,22,19517,126,15342,5,269,31,10846,122,12253,36,23099,California
Nevada,2021-03-15,837,35965,451,19968,374,15716,12,281,355,10733,480,12733,367,23466,California
Nevada,2021-03-16,993,36958,464,20432,468,16184,61,342,645,11092,347,13080,706,24172,California
Nevada,2021-03-17,1005,37963,444,20876,551,16735,10,352,578,11256,424,13504,588,24760,California
Nevada,2021-03-18,963,38926,526,21402,414,17149,23,375,475,11270,484,13988,498,25258,California
Nevada,2021-03-19,743,39669,436,21838,276,17425,31,406,349,11257,393,14381,380,25638,California
Nevada,2021-03-20,816,40485,92,21930,303,17728,421,827,233,11331,577,14958,651,26289,California
Nevada,2021-03-21,58,40543,31,21961,26,17754,1,828,41,11356,17,14975,42,26331,California
Nevada,2021-03-22,800,41343,515,22476,280,18034,5,833,544,11651,254,15229,549,26880,California
Nevada,2021-03-23,850,42193,384,22860,440,18474,26,859,642,12114,205,15434,668,27548,California
Nevada,2021-03-24,1011,43204,536,23396,468,18942,7,866,645,12404,362,15796,652,28200,California
Nevada,2021-03-25,885,44089,447,23843,412,19354,26,892,487,12517,398,16194,511,28711,California
Nevada,2021-03-26,1137,45226,431,24274,670,20024,36,928,828,13075,306,16500,864,29575,California
Nevada,2021-03-27,558,45784,69,24343,473,20497,16,944,387,13307,171,16671,403,29978,California
Nevada,2021-03-28,169,45953,49,24392,107,20604,13,957,38,13228,130,16801,51,30029,California
Nevada,2021-03-29,819,46772,503,24895,294,20898,22,979,393,13219,424,17225,415,30444,California
Nevada,2021-03-30,1038,47810,472,25367,532,21430,34,1013,540,13301,492,17717,574,31018,California
Nevada,2021-03-31,1163,48973,658,26025,488,21918,17,1030,710,13584,444,18161,727,31745,California
Nevada,2021-04-01,1224,50197,716,26741,455,22373,53,1083,554,13524,667,18828,607,32352,California
Nevada,2021-04-02,1271,51468,648,27389,587,22960,36,1119,763,13818,505,19333,799,33151,California
Nevada,2021-04-03,283,51751,86,27475,159,23119,38,1157,80,13733,203,19536,118,33269,California
Nevada,2021-04-04,126,51877,41,27516,78,23197,7,1164,77,13768,49,19585,84,33353,California
Nevada,2021-04-05,908,52785,587,28103,300,23497,21,1185,600,14084,305,19890,621,33974,California
Nevada,2021-04-06,1056,53841,663,28766,255,23752,138,1323,467,14105,584,20474,605,34579,California
Nevada,2021-04-07,1104,54945,790,29556,237,23989,77,1400,578,14240,519,20993,654,35233,California
Nevada,2021-04-08,1160,56105,808,30364,282,24271,70,1470,648,14449,509,21502,718,35951,California
Nevada,2021-04-09,821,56926,516,30880,258,24529,47,1517,581,14837,240,21742,628,36579,California
Nevada,2021-04-10,215,57141,73,30953,80,24609,62,1579,99,14883,115,21857,161,36740,California
Nevada,2021-04-11,50,57191,17,30970,33,24642,0,1579,19,14871,31,21888,19,36759,California
Orange,2020-12-15,16,16,16,16,0,0,0,0,16,16,0,0,16,16,California
Orange,2020-12-16,367,383,367,383,0,0,0,0,367,383,0,0,367,383,California
Orange,2020-12-17,3715,4098,3715,4098,0,0,0,0,3714,4097,0,0,3714,4097,California
Orange,2020-12-18,5030,9128,5023,9121,7,7,0,0,5029,9126,0,0,5029,9126,California
Orange,2020-12-19,2224,11352,2217,11338,7,14,0,0,2223,11349,0,0,2223,11349,California
Orange,2020-12-20,1970,13322,1968,13306,2,16,0,0,1971,13320,0,0,1971,13320,California
Orange,2020-12-21,4238,17560,4232,17538,6,22,0,0,4238,17558,0,0,4238,17558,California
Orange,2020-12-22,3972,21532,3939,21477,33,55,0,0,3972,21530,0,0,3972,21530,California
Orange,2020-12-23,3548,25080,3195,24672,353,408,0,0,3550,25080,0,0,3550,25080,California
Orange,2020-12-24,1371,26451,1075,25747,296,704,0,0,1371,26451,0,0,1371,26451,California
Orange,2020-12-25,16,26467,11,25758,5,709,0,0,16,26467,0,0,16,26467,California
Orange,2020-12-26,1016,27483,421,26179,595,1304,0,0,1016,27483,0,0,1016,27483,California
Orange,2020-12-27,580,28063,274,26453,306,1610,0,0,580,28063,0,0,580,28063,California
Orange,2020-12-28,3529,31592,2561,29014,968,2578,0,0,3529,31592,0,0,3529,31592,California
Orange,2020-12-29,3561,35153,2564,31578,997,3575,0,0,3560,35151,1,1,3560,35152,California
Orange,2020-12-30,5115,40268,3552,35130,1563,5138,0,0,5115,40266,0,1,5115,40267,California
Orange,2020-12-31,1454,41722,757,35887,697,5835,0,0,1454,41720,0,1,1454,41721,California
Orange,2021-01-01,439,42161,244,36131,195,6030,0,0,438,42157,1,2,438,42159,California
Orange,2021-01-02,1395,43556,893,37024,502,6532,0,0,1395,43552,0,2,1395,43554,California
Orange,2021-01-03,563,44119,312,37336,251,6783,0,0,563,44115,0,2,563,44117,California
Orange,2021-01-04,2708,46827,1556,38892,1152,7935,0,0,2709,46823,1,3,2709,46826,California
Orange,2021-01-05,3499,50326,2285,41177,1214,9149,0,0,3087,49508,405,408,3090,49916,California
Orange,2021-01-06,4971,55297,3456,44633,1515,10664,0,0,3602,51754,1356,1764,3602,53518,California
Orange,2021-01-07,9224,64521,5141,49774,4083,14747,0,0,5667,53880,3544,5308,5670,59188,California
Orange,2021-01-08,9365,73886,5227,55001,4138,18885,0,0,5631,55789,3724,9032,5633,64821,California
Orange,2021-01-09,4979,78865,1729,56730,3250,22135,0,0,3703,58216,1276,10308,3703,68524,California
Orange,2021-01-10,4227,83092,1039,57769,3188,25323,0,0,3348,60690,878,11186,3352,71876,California
Orange,2021-01-11,9405,92497,4875,62644,4530,29853,0,0,5803,62889,3605,14791,5804,77680,California
Orange,2021-01-12,8768,101265,4707,67351,4061,33914,0,0,5314,64751,3452,18243,5314,82994,California
Orange,2021-01-13,10202,111467,4880,72231,5322,39236,0,0,7013,68586,3185,21428,7020,90014,California
Orange,2021-01-14,9933,121400,3760,75991,6173,45409,0,0,8351,75362,1580,23008,8356,98370,California
Orange,2021-01-15,10127,131527,2610,78601,7517,52926,0,0,9256,83745,878,23886,9261,107631,California
Orange,2021-01-16,8691,140218,2090,80691,6601,59527,0,0,8306,91670,385,24271,8310,115941,California
Orange,2021-01-17,8147,148365,1486,82177,6661,66188,0,0,8003,99538,144,24415,8012,123953,California
Orange,2021-01-18,9738,158103,4452,86629,5286,71474,0,0,7499,104797,2242,26657,7501,131454,California
Orange,2021-01-19,7457,165560,5406,92035,2051,73525,0,0,4833,107007,2624,29281,4834,136288,California
Orange,2021-01-20,8239,173799,5796,97831,2443,75968,0,0,5193,109159,3047,32328,5199,141487,California
Orange,2021-01-21,10823,184622,4800,102631,6023,81991,0,0,10036,118417,786,33114,10044,151531,California
Orange,2021-01-22,13551,198173,5068,107699,8483,90474,0,0,12727,130336,816,33930,12735,164266,California
Orange,2021-01-23,13093,211266,6165,113864,6928,97402,0,0,12127,141507,964,34894,12135,176401,California
Orange,2021-01-24,9797,221063,4281,118145,5516,102918,0,0,9483,150681,312,35206,9486,185887,California
Orange,2021-01-25,10397,231460,5836,123981,4561,107479,0,0,7692,155678,2700,37906,7697,193584,California
Orange,2021-01-26,11822,243282,7679,131660,4143,111622,0,0,9692,163246,2127,40033,9695,203279,California
Orange,2021-01-27,13352,256634,7979,139639,5373,116995,0,0,10689,171286,2652,42685,10692,213971,California
Orange,2021-01-28,12963,269597,7157,146796,5806,122801,0,0,11123,180587,1829,44514,11130,225101,California
Orange,2021-01-29,13539,283136,8388,155184,5151,127952,0,0,10698,188461,2829,47343,10703,235804,California
Orange,2021-01-30,12903,296039,4438,159622,8465,136417,0,0,12184,199942,705,48048,12186,247990,California
Orange,2021-01-31,13713,309752,4950,164572,8763,145180,0,0,13286,212810,422,48470,13290,261280,California
Orange,2021-02-01,13945,323697,5731,170303,8214,153394,0,0,11980,222845,1949,50419,11984,273264,California
Orange,2021-02-02,15365,339062,8358,178661,7007,160401,0,0,12632,232857,2623,53042,12635,285899,California
Orange,2021-02-03,16685,355747,12543,191204,4142,164543,0,0,13695,243643,2914,55956,13700,299599,California
Orange,2021-02-04,19719,375466,12882,204086,6837,171380,0,0,14657,253277,5030,60986,14664,314263,California
Orange,2021-02-05,20692,396158,11971,216057,8721,180101,0,0,14443,261512,6211,67197,14446,328709,California
Orange,2021-02-06,16296,412454,10769,226826,5527,185628,0,0,11052,267554,5228,72425,11270,339979,California
Orange,2021-02-07,11517,423971,8089,234915,3428,189056,0,0,7547,271317,3955,76380,7718,347697,California
Orange,2021-02-08,14784,438755,8453,243368,6331,195387,0,0,8822,274205,5936,82316,8824,356521,California
Orange,2021-02-09,17602,456357,11992,255360,5610,200997,0,0,10735,278149,6795,89111,10739,367260,California
Orange,2021-02-10,20869,477226,11142,266502,9727,210724,0,0,12677,282734,8099,97210,12684,379944,California
Orange,2021-02-11,21950,499176,11364,277866,10586,221310,0,0,12364,285657,9460,106670,12383,392327,California
Orange,2021-02-12,24695,523871,11877,289743,12818,234128,0,0,14606,290232,10036,116706,14611,406938,California
Orange,2021-02-13,21643,545514,11567,301310,10076,244204,0,0,11096,291625,10347,127053,11740,418678,California
Orange,2021-02-14,16169,561683,6580,307890,9589,253793,0,0,9554,294591,6590,133643,9556,428234,California
Orange,2021-02-15,17131,578814,7394,315284,9737,263530,0,0,8890,295290,8201,141844,8900,437134,California
Orange,2021-02-16,19887,598701,8970,324254,10917,274447,0,0,10731,296929,9119,150963,10758,447892,California
Orange,2021-02-17,17643,616344,9201,333455,8442,282889,0,0,9167,297691,8437,159400,9199,457091,California
Orange,2021-02-18,14587,630931,9576,343031,5011,287900,0,0,6762,296682,7780,167180,6771,463862,California
Orange,2021-02-19,17651,648582,10714,353745,6937,294837,0,0,6878,292842,10729,177909,6889,470751,California
Orange,2021-02-20,7364,655946,5556,359301,1808,296645,0,0,3730,292964,3617,181526,3739,474490,California
Orange,2021-02-21,4302,660248,3627,362928,675,297320,0,0,769,290235,3503,185029,774,475264,California
Orange,2021-02-22,9557,669805,7817,370745,1740,299060,0,0,3882,288479,5652,190681,3896,479160,California
Orange,2021-02-23,13104,682909,7122,377867,5982,305042,0,0,3526,282495,9526,200207,3542,482702,California
Orange,2021-02-24,20873,703782,12592,390459,8281,313323,0,0,5363,272420,15457,215664,5382,488084,California
Orange,2021-02-25,22406,726188,12100,402559,10306,323629,0,0,8023,266134,14325,229989,8039,496123,California
Orange,2021-02-26,27515,753703,13929,416488,13586,337215,0,0,11141,261026,16274,246263,11166,507289,California
Orange,2021-02-27,24879,778582,10039,426527,14838,352053,2,2,7278,250807,17513,263776,7294,514583,California
Orange,2021-02-28,18918,797500,7297,433824,11621,363674,0,2,4839,241666,13996,277772,4855,519438,California
Orange,2021-03-01,18224,815724,8319,442143,9903,373577,2,4,7049,237611,11118,288890,7063,526501,California
Orange,2021-03-02,14730,830454,7155,449298,7574,381151,1,5,8663,240264,6036,294926,8689,535190,California
Orange,2021-03-03,19618,850072,9134,458432,10482,391633,2,7,10394,241519,9161,304087,10416,545606,California
Orange,2021-03-04,20871,870943,12060,470492,8799,400432,12,19,11006,242729,9832,313919,11042,556648,California
Orange,2021-03-05,19257,890200,9924,480416,9290,409722,43,62,11944,247487,7282,321201,12040,568688,California
Orange,2021-03-06,19098,909298,10359,490775,7883,417605,856,918,10116,249520,8962,330163,10995,579683,California
Orange,2021-03-07,14680,923978,8267,499042,6041,423646,372,1290,8562,252386,6088,336251,8954,588637,California
Orange,2021-03-08,16014,939992,7352,506394,7407,431053,1255,2545,10320,258335,5659,341910,11608,600245,California
Orange,2021-03-09,19483,959475,8473,514867,8590,439643,2420,4965,11207,263729,8242,350152,13636,613881,California
Orange,2021-03-10,23717,983192,11635,526502,8945,448588,3137,8102,11991,267176,11682,361834,15129,629010,California
Orange,2021-03-11,28509,1011701,15554,542056,8925,457513,4030,12132,13266,269305,15169,377003,17298,646308,California
Orange,2021-03-12,28748,1040449,14079,556135,10915,468428,3754,15886,14487,273370,14199,391202,18264,664572,California
Orange,2021-03-13,27192,1067641,10030,566165,13269,481697,3893,19779,13731,277574,13424,404626,17628,682200,California
Orange,2021-03-14,18661,1086302,8118,574283,8028,489725,2515,22294,11793,285040,6842,411468,14308,696508,California
Orange,2021-03-15,22540,1108842,9819,584102,11971,501696,750,23044,14195,291687,8295,419763,14942,711450,California
Orange,2021-03-16,26119,1134961,11028,595130,14872,516568,219,23263,16988,299835,9067,428830,17215,728665,California
Orange,2021-03-17,26960,1161921,13441,608571,13050,529618,469,23732,19272,311946,7634,436464,19745,748410,California
Orange,2021-03-18,27449,1189370,13820,622391,13362,542980,267,23999,21429,327679,5968,442432,21701,770111,California
Orange,2021-03-19,32896,1222266,18090,640481,14384,557364,422,24421,24617,344542,8190,450622,25053,795164,California
Orange,2021-03-20,25471,1247737,13411,653892,11857,569221,203,24624,21814,362958,3600,454222,22016,817180,California
Orange,2021-03-21,18217,1265954,10574,664466,6917,576138,726,25350,15495,376479,2700,456922,16221,833401,California
Orange,2021-03-22,22457,1288411,11599,676065,10538,586676,320,25670,19040,392486,3360,460282,19367,852768,California
Orange,2021-03-23,25667,1314078,13323,689388,11718,598394,626,26296,20668,408846,4937,465219,21297,874065,California
Orange,2021-03-24,28744,1342822,16048,705436,11816,610210,880,27176,21940,424919,6746,471965,22819,896884,California
Orange,2021-03-25,31260,1374082,16465,721901,14142,624352,653,27829,23963,442303,7234,479199,24618,921502,California
Orange,2021-03-26,34121,1408203,17588,739489,15690,640042,843,28672,24783,458674,9255,488454,25626,947128,California
Orange,2021-03-27,28212,1436415,13468,752957,14430,654472,314,28986,20278,471394,7874,496328,20594,967722,California
Orange,2021-03-28,24499,1460914,12662,765619,11770,666242,67,29053,18540,484090,5914,502242,18610,986332,California
Orange,2021-03-29,26179,1487093,11974,777593,13660,679902,545,29598,17862,494249,8251,510493,18410,1004742,California
Orange,2021-03-30,30350,1517443,13745,791338,16225,696127,380,29978,21559,507447,8742,519235,21940,1026682,California
Orange,2021-03-31,36374,1553817,19017,810355,16783,712910,574,30552,24110,519941,12195,531430,24689,1051371,California
Orange,2021-04-01,38482,1592299,20201,830556,16798,729708,1483,32035,25769,534536,12654,544084,27249,1078620,California
Orange,2021-04-02,38156,1630455,18989,849545,17549,747257,1618,33653,22495,543073,15586,559670,24123,1102743,California
Orange,2021-04-03,29154,1659609,15065,864610,12500,759757,1589,35242,15550,546664,13548,573218,17139,1119882,California
Orange,2021-04-04,18013,1677622,10540,875150,6861,766618,612,35854,8120,545535,9860,583078,8731,1128613,California
Orange,2021-04-05,28913,1706535,13591,888741,12148,778766,3174,39028,13618,547074,15249,598327,16788,1145401,California
Orange,2021-04-06,32572,1739107,15090,903831,14198,792964,3284,42312,14158,546155,18351,616678,17432,1162833,California
Orange,2021-04-07,34778,1773885,19317,923148,11158,804122,4303,46615,15432,546594,19277,635955,19716,1182549,California
Orange,2021-04-08,36738,1810623,20141,943289,11399,815521,5198,51813,17769,550628,18907,654862,22941,1205490,California
Orange,2021-04-09,32438,1843061,18216,961505,10344,825865,3878,55691,13924,549958,18462,673324,17792,1223282,California
Orange,2021-04-10,26677,1869738,13960,975465,9727,835592,2990,58681,11171,548659,15449,688773,14150,1237432,California
Orange,2021-04-11,17505,1887243,9717,985182,5894,841486,1894,60575,6792,546653,10688,699461,8682,1246114,California
Placer,2020-12-15,29,29,29,29,0,0,0,0,29,29,0,0,29,29,California
Placer,2020-12-16,53,82,53,82,0,0,0,0,53,82,0,0,53,82,California
Placer,2020-12-17,139,221,139,221,0,0,0,0,139,221,0,0,139,221,California
Placer,2020-12-18,330,551,330,551,0,0,0,0,330,551,0,0,330,551,California
Placer,2020-12-19,251,802,251,802,0,0,0,0,251,802,0,0,251,802,California
Placer,2020-12-20,234,1036,234,1036,0,0,0,0,234,1036,0,0,234,1036,California
Placer,2020-12-21,493,1529,492,1528,1,1,0,0,493,1529,0,0,493,1529,California
Placer,2020-12-22,676,2205,669,2197,7,8,0,0,676,2205,0,0,676,2205,California
Placer,2020-12-23,742,2947,657,2854,85,93,0,0,742,2947,0,0,742,2947,California
Placer,2020-12-24,398,3345,346,3200,52,145,0,0,398,3345,0,0,398,3345,California
Placer,2020-12-26,158,3503,113,3313,45,190,0,0,158,3503,0,0,158,3503,California
Placer,2020-12-27,186,3689,163,3476,23,213,0,0,186,3689,0,0,186,3689,California
Placer,2020-12-28,665,4354,538,4014,127,340,0,0,665,4354,0,0,665,4354,California
Placer,2020-12-29,760,5114,512,4526,248,588,0,0,760,5114,0,0,760,5114,California
Placer,2020-12-30,730,5844,454,4980,276,864,0,0,728,5842,0,0,728,5842,California
Placer,2020-12-31,527,6371,343,5323,184,1048,0,0,527,6369,0,0,527,6369,California
Placer,2021-01-01,14,6385,10,5333,4,1052,0,0,14,6383,0,0,14,6383,California
Placer,2021-01-02,184,6569,152,5485,32,1084,0,0,184,6567,0,0,184,6567,California
Placer,2021-01-03,155,6724,79,5564,76,1160,0,0,155,6722,0,0,155,6722,California
Placer,2021-01-04,618,7342,178,5742,440,1600,0,0,618,7340,0,0,618,7340,California
Placer,2021-01-05,722,8064,159,5901,563,2163,0,0,639,7898,82,82,640,7980,California
Placer,2021-01-06,756,8820,243,6144,513,2676,0,0,615,8372,141,223,615,8595,California
Placer,2021-01-07,981,9801,366,6510,615,3291,0,0,776,8943,205,428,776,9371,California
Placer,2021-01-08,1181,10982,527,7037,654,3945,0,0,855,9475,323,751,855,10226,California
Placer,2021-01-09,448,11430,320,7357,128,4073,0,0,232,9492,215,966,232,10458,California
Placer,2021-01-10,329,11759,186,7543,143,4216,0,0,164,9491,165,1131,164,10622,California
Placer,2021-01-11,1423,13182,807,8350,616,4832,0,0,835,9739,588,1719,836,11458,California
Placer,2021-01-12,1642,14824,870,9220,772,5604,0,0,1039,10175,603,2322,1039,12497,California
Placer,2021-01-13,1625,16449,817,10037,808,6412,0,0,1206,10966,417,2739,1208,13705,California
Placer,2021-01-14,1736,18185,653,10690,1083,7495,0,0,1380,11994,353,3092,1381,15086,California
Placer,2021-01-15,1905,20090,721,11411,1184,8679,0,0,1553,13197,351,3443,1554,16640,California
Placer,2021-01-16,1468,21558,718,12129,750,9429,0,0,1347,14424,121,3564,1348,17988,California
Placer,2021-01-17,559,22117,394,12523,165,9594,0,0,427,14719,132,3696,427,18415,California
Placer,2021-01-18,975,23092,538,13061,437,10031,0,0,746,15237,229,3925,747,19162,California
Placer,2021-01-19,2557,25649,1946,15007,611,10642,0,0,2106,16892,451,4376,2106,21268,California
Placer,2021-01-20,2236,27885,1688,16695,548,11190,0,0,1908,18473,328,4704,1909,23177,California
Placer,2021-01-21,2526,30411,1111,17806,1415,12605,0,0,2132,20213,393,5097,2133,25310,California
Placer,2021-01-22,2275,32686,589,18395,1686,14291,0,0,2102,22145,171,5268,2103,27413,California
Placer,2021-01-23,1189,33875,380,18775,809,15100,0,0,1034,23024,155,5423,1034,28447,California
Placer,2021-01-24,508,34383,265,19040,243,15343,0,0,433,23383,75,5498,434,28881,California
Placer,2021-01-25,1646,36029,798,19838,848,16191,0,0,1361,24460,285,5783,1362,30243,California
Placer,2021-01-26,1824,37853,1022,20860,802,16993,0,0,1561,25758,263,6046,1561,31804,California
Placer,2021-01-27,1814,39667,1156,22016,658,17651,0,0,1572,27091,240,6286,1573,33377,California
Placer,2021-01-28,1776,41443,1106,23122,670,18321,0,0,1530,28377,244,6530,1530,34907,California
Placer,2021-01-29,1854,43297,1164,24286,690,19011,0,0,1663,29852,190,6720,1665,36572,California
Placer,2021-01-30,1723,45020,970,25256,753,19764,0,0,1604,31338,118,6838,1604,38176,California
Placer,2021-01-31,778,45798,621,25877,157,19921,0,0,709,31979,69,6907,710,38886,California
Placer,2021-02-01,2065,47863,1087,26964,978,20899,0,0,1749,33412,316,7223,1749,40635,California
Placer,2021-02-02,2365,50228,1536,28500,829,21728,0,0,1883,34816,479,7702,1883,42518,California
Placer,2021-02-03,2906,53134,1871,30371,1035,22763,0,0,2289,36492,613,8315,2289,44807,California
Placer,2021-02-04,2752,55886,1185,31556,1567,24330,0,0,1933,37610,816,9131,1934,46741,California
Placer,2021-02-05,2725,58611,1201,32757,1524,25854,0,0,1398,37686,1322,10453,1398,48139,California
Placer,2021-02-06,1934,60545,1298,34055,636,26490,0,0,1387,38526,547,11000,1387,49526,California
Placer,2021-02-07,1216,61761,906,34961,310,26800,0,0,939,39189,276,11276,939,50465,California
Placer,2021-02-08,3297,65058,1766,36727,1531,28331,0,0,1979,39859,1310,12586,1980,52445,California
Placer,2021-02-09,3531,68589,2162,38889,1369,29700,0,0,1629,39588,1900,14486,1629,54074,California
Placer,2021-02-10,3741,72330,2188,41077,1553,31253,0,0,1747,39346,1991,16477,1749,55823,California
Placer,2021-02-11,3620,75950,1894,42971,1726,32979,0,0,1584,38903,2028,18505,1585,57408,California
Placer,2021-02-12,2753,78703,1316,44287,1437,34416,0,0,1665,39498,1071,19576,1666,59074,California
Placer,2021-02-13,2530,81233,1487,45774,1043,35459,0,0,1879,40726,651,20227,1879,60953,California
Placer,2021-02-14,1074,82307,675,46449,399,35858,0,0,734,41123,337,20564,734,61687,California
Placer,2021-02-15,2173,84480,1041,47490,1132,36990,0,0,1520,41990,654,21218,1521,63208,California
Placer,2021-02-16,3509,87989,1779,49269,1730,38720,0,0,1577,41645,1923,23141,1578,64786,California
Placer,2021-02-17,3487,91476,1959,51228,1528,40248,0,0,1490,41142,1993,25134,1490,66276,California
Placer,2021-02-18,3641,95117,1972,53200,1669,41917,0,0,1539,40593,2092,27226,1543,67819,California
Placer,2021-02-19,3530,98647,1902,55102,1628,43545,0,0,1310,39688,2216,29442,1311,69130,California
Placer,2021-02-20,1961,100608,1221,56323,740,44285,0,0,879,39493,1077,30519,882,70012,California
Placer,2021-02-21,950,101558,725,57048,225,44510,0,0,261,39069,686,31205,262,70274,California
Placer,2021-02-22,2486,104044,1764,58812,722,45232,0,0,601,37787,1883,33088,601,70875,California
Placer,2021-02-23,2500,106544,1559,60371,941,46173,0,0,867,37022,1632,34720,867,71742,California
Placer,2021-02-24,3227,109771,1170,61541,2057,48230,0,0,1779,37365,1438,36158,1781,73523,California
Placer,2021-02-25,3438,113209,1417,62958,2021,50251,0,0,1827,37588,1605,37763,1828,75351,California
Placer,2021-02-26,4051,117260,2371,65329,1680,51931,0,0,2333,38208,1713,39476,2333,77684,California
Placer,2021-02-27,2806,120066,1484,66813,1322,53253,0,0,1450,38311,1350,40826,1453,79137,California
Placer,2021-02-28,1385,121451,794,67607,591,53844,0,0,576,38083,804,41630,576,79713,California
Placer,2021-03-01,2973,124424,1985,69592,988,54832,0,0,1527,38169,1441,43071,1527,81240,California
Placer,2021-03-02,2820,127244,1757,71349,1063,55895,0,0,1852,39059,963,44034,1853,83093,California
Placer,2021-03-03,3220,130464,1383,72732,1837,57732,0,0,1750,39346,1464,45498,1751,84844,California
Placer,2021-03-04,3525,133989,1421,74153,2104,59836,0,0,1840,39514,1673,47171,1841,86685,California
Placer,2021-03-05,2949,136938,1009,75162,1918,61754,22,22,1781,40151,1166,48337,1803,88488,California
Placer,2021-03-06,2333,139271,1445,76607,812,62566,76,98,881,39663,1445,49782,957,89445,California
Placer,2021-03-07,1289,140560,751,77358,499,63065,39,137,522,39459,764,50546,560,90005,California
Placer,2021-03-08,2874,143434,1827,79185,936,64001,111,248,1643,39983,1230,51776,1754,91759,California
Placer,2021-03-09,3115,146549,1674,80859,1352,65353,89,337,1771,40502,1341,53117,1860,93619,California
Placer,2021-03-10,3243,149792,1308,82167,1829,67182,106,443,1693,40755,1545,54662,1798,95417,California
Placer,2021-03-11,3501,153293,1562,83729,1814,68996,125,568,1684,40755,1811,56473,1811,97228,California
Placer,2021-03-12,3599,156892,1474,85203,1351,70347,774,1342,1208,40350,2388,58861,1983,99211,California
Placer,2021-03-13,2058,158950,729,85932,1216,71563,113,1455,1119,40647,936,59797,1233,100444,California
Placer,2021-03-14,1618,160568,668,86600,802,72365,148,1603,877,40930,741,60538,1024,101468,California
Placer,2021-03-15,3146,163714,1520,88120,1495,73860,131,1734,1740,41400,1403,61941,1873,103341,California
Placer,2021-03-16,3523,167237,1898,90018,1492,75352,133,1867,2261,42541,1254,63195,2395,105736,California
Placer,2021-03-17,3389,170626,1727,91745,1562,76914,100,1967,2201,43660,1184,64379,2303,108039,California
Placer,2021-03-18,3939,174565,2202,93947,1700,78614,37,2004,2828,45420,1106,65485,2866,110905,California
Placer,2021-03-19,3404,177969,2070,96017,1073,79687,261,2265,2177,46639,1218,66703,2437,113342,California
Placer,2021-03-20,2128,180097,893,96910,1137,80824,98,2363,1303,47218,821,67524,1400,114742,California
Placer,2021-03-21,1241,181338,567,97477,665,81489,9,2372,951,47891,287,67811,960,115702,California
Placer,2021-03-22,3250,184588,2084,99561,1079,82568,87,2459,2185,49103,1061,68872,2273,117975,California
Placer,2021-03-23,3479,188067,2077,101638,1311,83879,91,2550,2499,50719,975,69847,2591,120566,California
Placer,2021-03-24,3739,191806,1990,103628,1652,85531,97,2647,1956,51001,1771,71618,2053,122619,California
Placer,2021-03-25,3741,195547,1790,105418,1854,87385,97,2744,1725,50814,2008,73626,1821,124440,California
Placer,2021-03-26,3698,199245,1647,107065,1820,89205,231,2975,1572,50501,2116,75742,1803,126243,California
Placer,2021-03-27,1588,200833,470,107535,1098,90303,20,2995,666,50271,916,76658,686,126929,California
Placer,2021-03-28,1071,201904,508,108043,553,90856,10,3005,364,49943,702,77360,374,127303,California
Placer,2021-03-29,3544,205448,1989,110032,1523,92379,32,3037,1734,49911,1799,79159,1767,129070,California
Placer,2021-03-30,3954,209402,2087,112119,1824,94203,43,3080,2107,50225,1835,80994,2149,131219,California
Placer,2021-03-31,4036,213438,1821,113940,2142,96345,73,3153,1709,49685,2321,83315,1781,133000,California
Placer,2021-04-01,2845,216283,1363,115303,1438,97783,44,3197,1589,50065,1253,84568,1633,134633,California
Placer,2021-04-02,2743,219026,1431,116734,1250,99033,62,3259,1546,50482,1191,85759,1608,136241,California
Placer,2021-04-03,1829,220855,961,117695,739,99772,129,3388,882,50552,940,86699,1010,137251,California
Placer,2021-04-04,660,221515,314,118009,293,100065,53,3441,242,50430,417,87116,295,137546,California
Placer,2021-04-05,2846,224361,1788,119797,901,100966,157,3598,1645,51034,1198,88314,1802,139348,California
Placer,2021-04-06,4111,228472,2365,122162,1477,102443,269,3867,1465,50127,2641,90955,1734,141082,California
Placer,2021-04-07,4196,232668,2478,124640,1313,103756,405,4272,1863,50065,2329,93284,2267,143349,California
Placer,2021-04-08,4336,237004,2451,127091,1371,105127,514,4786,1449,49149,2877,96161,1961,145310,California
Placer,2021-04-09,3259,240263,1887,128978,871,105998,501,5287,886,48167,2369,98530,1387,146697,California
Placer,2021-04-10,1435,241698,701,129679,588,106586,146,5433,671,48223,761,99291,817,147514,California
Placer,2021-04-11,944,242642,318,129997,615,107201,11,5444,274,47839,669,99960,285,147799,California
Plumas,2020-12-18,4,4,4,4,0,0,0,0,4,4,0,0,4,4,California
Plumas,2020-12-19,1,5,1,5,0,0,0,0,1,5,0,0,1,5,California
Plumas,2020-12-21,45,50,45,50,0,0,0,0,45,50,0,0,45,50,California
Plumas,2020-12-22,92,142,92,142,0,0,0,0,92,142,0,0,92,142,California
Plumas,2020-12-23,50,192,50,192,0,0,0,0,50,192,0,0,50,192,California
Plumas,2020-12-24,6,198,6,198,0,0,0,0,6,198,0,0,6,198,California
Plumas,2020-12-28,8,206,0,198,8,8,0,0,8,206,0,0,8,206,California
Plumas,2020-12-29,32,238,22,220,10,18,0,0,32,238,0,0,32,238,California
Plumas,2020-12-30,22,260,1,221,21,39,0,0,22,260,0,0,22,260,California
Plumas,2020-12-31,4,264,1,222,3,42,0,0,4,264,0,0,4,264,California
Plumas,2021-01-04,9,273,3,225,6,48,0,0,9,273,0,0,9,273,California
Plumas,2021-01-05,22,295,2,227,20,68,0,0,22,295,0,0,22,295,California
Plumas,2021-01-06,125,420,6,233,119,187,0,0,125,420,0,0,125,420,California
Plumas,2021-01-07,54,474,2,235,52,239,0,0,53,472,1,1,53,473,California
Plumas,2021-01-08,12,486,5,240,7,246,0,0,8,476,4,5,8,481,California
Plumas,2021-01-09,2,488,2,242,0,246,0,0,1,476,1,6,1,482,California
Plumas,2021-01-11,59,547,50,292,9,255,0,0,12,441,47,53,12,494,California
Plumas,2021-01-12,154,701,86,378,68,323,0,0,70,427,84,137,70,564,California
Plumas,2021-01-13,55,756,50,428,5,328,0,0,9,390,46,183,9,573,California
Plumas,2021-01-14,96,852,14,442,82,410,0,0,91,476,5,188,91,664,California
Plumas,2021-01-15,62,914,7,449,55,465,0,0,60,534,2,190,60,724,California
Plumas,2021-01-16,58,972,1,450,57,522,0,0,58,592,0,190,58,782,California
Plumas,2021-01-18,2,974,1,451,1,523,0,0,2,594,0,190,2,784,California
Plumas,2021-01-19,36,1010,5,456,31,554,0,0,32,622,4,194,32,816,California
Plumas,2021-01-20,121,1131,3,459,118,672,0,0,119,739,2,196,119,935,California
Plumas,2021-01-21,113,1244,2,461,111,783,0,0,113,852,0,196,113,1048,California
Plumas,2021-01-22,3,1247,0,461,3,786,0,0,3,855,0,196,3,1051,California
Plumas,2021-01-23,92,1339,1,462,91,877,0,0,92,947,0,196,92,1143,California
Plumas,2021-01-24,1,1340,1,463,0,877,0,0,1,948,0,196,1,1144,California
Plumas,2021-01-25,8,1348,5,468,3,880,0,0,5,950,3,199,5,1149,California
Plumas,2021-01-26,60,1408,2,470,58,938,0,0,51,993,8,207,51,1200,California
Plumas,2021-01-27,25,1433,20,490,5,943,0,0,5,978,20,227,5,1205,California
Plumas,2021-01-28,23,1456,0,490,23,966,0,0,21,997,2,229,21,1226,California
Plumas,2021-01-29,7,1463,2,492,5,971,0,0,6,1002,1,230,6,1232,California
Plumas,2021-01-30,8,1471,4,496,4,975,0,0,7,1008,1,231,7,1239,California
Plumas,2021-01-31,3,1474,3,499,0,975,0,0,3,1011,0,231,3,1242,California
Plumas,2021-02-01,15,1489,2,501,13,988,0,0,7,1010,8,239,7,1249,California
Plumas,2021-02-02,20,1509,1,502,19,1007,0,0,1,992,19,258,1,1250,California
Plumas,2021-02-03,126,1635,6,508,120,1127,0,0,12,891,113,371,12,1262,California
Plumas,2021-02-04,102,1737,8,516,94,1221,0,0,23,835,79,450,23,1285,California
Plumas,2021-02-05,24,1761,11,527,13,1234,0,0,9,829,15,465,9,1294,California
Plumas,2021-02-06,7,1768,0,527,7,1241,0,0,7,836,0,465,7,1301,California
Plumas,2021-02-08,16,1784,8,535,8,1249,0,0,4,828,12,477,4,1305,California
Plumas,2021-02-09,170,1954,1,536,169,1418,0,0,111,880,59,536,111,1416,California
Plumas,2021-02-10,90,2044,9,545,81,1499,0,0,82,954,8,544,82,1498,California
Plumas,2021-02-11,321,2365,7,552,314,1813,0,0,262,1157,59,603,262,1760,California
Plumas,2021-02-12,123,2488,3,555,120,1933,0,0,119,1272,4,607,119,1879,California
Plumas,2021-02-13,71,2559,3,558,68,2001,0,0,12,1225,59,666,12,1891,California
Plumas,2021-02-14,7,2566,4,562,3,2004,0,0,7,1232,0,666,7,1898,California
Plumas,2021-02-15,26,2592,3,565,23,2027,0,0,25,1256,1,667,25,1923,California
Plumas,2021-02-16,75,2667,4,569,71,2098,0,0,14,1209,61,728,14,1937,California
Plumas,2021-02-17,136,2803,5,574,131,2229,0,0,11,1095,125,853,11,1948,California
Plumas,2021-02-18,126,2929,6,580,120,2349,0,0,17,1003,109,962,17,1965,California
Plumas,2021-02-19,40,2969,4,584,36,2385,0,0,6,975,34,996,6,1971,California
Plumas,2021-02-20,103,3072,6,590,97,2482,0,0,11,894,92,1088,11,1982,California
Plumas,2021-02-21,6,3078,5,595,1,2483,0,0,2,892,4,1092,2,1984,California
Plumas,2021-02-22,3,3081,1,596,2,2485,0,0,0,889,3,1095,0,1984,California
Plumas,2021-02-23,21,3102,4,600,17,2502,0,0,13,894,8,1103,13,1997,California
Plumas,2021-02-24,455,3557,6,606,449,2951,0,0,444,1327,11,1114,444,2441,California
Plumas,2021-02-25,226,3783,9,615,217,3168,0,0,166,1433,60,1174,166,2607,California
Plumas,2021-02-26,258,4041,7,622,251,3419,0,0,253,1682,5,1179,254,2861,California
Plumas,2021-02-27,40,4081,4,626,36,3455,0,0,33,1708,7,1186,33,2894,California
Plumas,2021-03-01,9,4090,3,629,6,3461,0,0,5,1709,4,1190,5,2899,California
Plumas,2021-03-02,9,4099,0,629,9,3470,0,0,6,1712,3,1193,6,2905,California
Plumas,2021-03-03,151,4250,10,639,141,3611,0,0,135,1831,16,1209,135,3040,California
Plumas,2021-03-04,245,4495,10,649,235,3846,0,0,224,2034,21,1230,224,3264,California
Plumas,2021-03-05,396,4891,6,655,385,4231,5,5,385,2413,11,1241,390,3654,California
Plumas,2021-03-06,16,4907,1,656,7,4238,8,13,3,2411,13,1254,11,3665,California
Plumas,2021-03-07,13,4920,2,658,2,4240,9,22,3,2413,10,1264,12,3677,California
Plumas,2021-03-08,29,4949,3,661,2,4242,24,46,3,2414,26,1290,27,3704,California
Plumas,2021-03-09,132,5081,1,662,116,4358,15,61,17,2331,115,1405,32,3736,California
Plumas,2021-03-10,254,5335,3,665,237,4595,14,75,106,2303,148,1553,120,3856,California
Plumas,2021-03-11,176,5511,8,673,163,4758,5,80,142,2416,34,1587,147,4003,California
Plumas,2021-03-12,594,6105,2,675,305,5063,287,367,23,2155,571,2158,310,4313,California
Plumas,2021-03-13,22,6127,4,679,7,5070,11,378,4,2152,18,2176,15,4328,California
Plumas,2021-03-14,10,6137,2,681,3,5073,5,383,1,2149,9,2185,6,4334,California
Plumas,2021-03-15,31,6168,1,682,25,5098,5,388,6,2135,25,2210,11,4345,California
Plumas,2021-03-16,57,6225,2,684,54,5152,1,389,47,2173,10,2220,48,4393,California
Plumas,2021-03-17,74,6299,10,694,63,5215,1,390,60,2220,14,2234,61,4454,California
Plumas,2021-03-18,53,6352,6,700,30,5245,17,407,6,2196,47,2281,23,4477,California
Plumas,2021-03-19,162,6514,5,705,155,5400,2,409,153,2344,8,2289,156,4633,California
Plumas,2021-03-20,669,7183,4,709,664,6064,1,410,650,2978,17,2306,651,5284,California
Plumas,2021-03-21,1,7184,1,710,0,6064,0,410,1,2979,0,2306,1,5285,California
Plumas,2021-03-22,179,7363,1,711,178,6242,0,410,173,3146,6,2312,173,5458,California
Plumas,2021-03-23,25,7388,2,713,23,6265,0,410,13,3147,12,2324,13,5471,California
Plumas,2021-03-24,640,8028,7,720,632,6897,1,411,210,2928,430,2754,211,5682,California
Plumas,2021-03-25,188,8216,5,725,181,7078,2,413,51,2842,137,2891,51,5733,California
Plumas,2021-03-26,308,8524,9,734,299,7377,0,413,47,2629,260,3151,47,5780,California
Plumas,2021-03-27,11,8535,1,735,9,7386,1,414,2,2623,9,3160,3,5783,California
Plumas,2021-03-28,5,8540,3,738,1,7387,1,415,3,2625,2,3162,4,5787,California
Plumas,2021-03-29,13,8553,4,742,8,7395,1,416,5,2623,8,3170,6,5793,California
Plumas,2021-03-30,150,8703,3,745,146,7541,1,417,24,2522,126,3296,25,5818,California
Plumas,2021-03-31,274,8977,2,747,271,7812,1,418,255,2759,19,3315,256,6074,California
Plumas,2021-04-01,288,9265,12,759,276,8088,0,418,59,2589,229,3544,59,6133,California
Plumas,2021-04-02,371,9636,4,763,366,8454,1,419,26,2283,333,3877,27,6160,California
Plumas,2021-04-03,12,9648,0,763,4,8458,8,427,1,2281,11,3888,9,6169,California
Plumas,2021-04-04,3,9651,1,764,1,8459,1,428,0,2279,3,3891,1,6170,California
Plumas,2021-04-05,14,9665,3,767,10,8469,1,429,7,2280,7,3898,8,6178,California
Plumas,2021-04-06,116,9781,5,772,83,8552,28,457,12,2212,103,4001,35,6213,California
Plumas,2021-04-07,280,10061,10,782,99,8651,171,628,29,2161,251,4252,200,6413,California
Plumas,2021-04-08,147,10208,1,783,130,8781,16,644,33,2096,113,4365,48,6461,California
Plumas,2021-04-09,37,10245,5,788,23,8804,9,653,16,2100,21,4386,25,6486,California
Plumas,2021-04-10,19,10264,2,790,3,8807,14,667,3,2101,16,4402,17,6503,California
Plumas,2021-04-11,3,10267,2,792,0,8807,1,668,2,2103,1,4403,3,6506,California
Riverside,2020-12-15,4,4,4,4,0,0,0,0,4,4,0,0,4,4,California
Riverside,2020-12-16,63,67,63,67,0,0,0,0,63,67,0,0,63,67,California
Riverside,2020-12-17,805,872,805,872,0,0,0,0,805,872,0,0,805,872,California
Riverside,2020-12-18,1723,2595,1721,2593,2,2,0,0,1723,2595,0,0,1723,2595,California
Riverside,2020-12-19,1022,3617,1020,3613,2,4,0,0,1020,3614,1,1,1020,3615,California
Riverside,2020-12-20,1084,4701,1083,4696,1,5,0,0,1084,4698,0,1,1084,4699,California
Riverside,2020-12-21,2271,6972,2269,6965,2,7,0,0,2271,6969,0,1,2271,6970,California
Riverside,2020-12-22,2248,9220,2209,9174,39,46,0,0,2247,9216,0,1,2247,9217,California
Riverside,2020-12-23,2122,11342,1786,10960,336,382,0,0,2123,11339,0,1,2123,11340,California
Riverside,2020-12-24,826,12168,624,11584,202,584,0,0,826,12165,0,1,826,12166,California
Riverside,2020-12-25,28,12196,5,11589,23,607,0,0,28,12193,0,1,28,12194,California
Riverside,2020-12-26,400,12596,257,11846,143,750,0,0,400,12593,0,1,400,12594,California
Riverside,2020-12-27,361,12957,243,12089,118,868,0,0,361,12954,0,1,361,12955,California
Riverside,2020-12-28,1619,14576,1122,13211,497,1365,0,0,1619,14573,0,1,1619,14574,California
Riverside,2020-12-29,1738,16314,972,14183,766,2131,0,0,1738,16311,0,1,1738,16312,California
Riverside,2020-12-30,2569,18883,1681,15864,888,3019,0,0,2568,18879,0,1,2568,18880,California
Riverside,2020-12-31,1020,19903,394,16258,626,3645,0,0,1022,19901,0,1,1022,19902,California
Riverside,2021-01-01,104,20007,40,16298,64,3709,0,0,104,20005,0,1,104,20006,California
Riverside,2021-01-02,829,20836,691,16989,138,3847,0,0,829,20834,0,1,829,20835,California
Riverside,2021-01-03,346,21182,299,17288,47,3894,0,0,345,21179,0,1,345,21180,California
Riverside,2021-01-04,1257,22439,793,18081,464,4358,0,0,1257,22436,0,1,1257,22437,California
Riverside,2021-01-05,1981,24420,1365,19446,616,4974,0,0,1883,24228,91,92,1883,24320,California
Riverside,2021-01-06,2470,26890,1100,20546,1370,6344,0,0,2165,26092,301,393,2165,26485,California
Riverside,2021-01-07,2762,29652,1811,22357,951,7295,0,0,1701,26738,1057,1450,1703,28188,California
Riverside,2021-01-08,4034,33686,2931,25288,1103,8398,0,0,2228,27164,1802,3252,2228,30416,California
Riverside,2021-01-09,2070,35756,844,26132,1226,9624,0,0,1725,28545,344,3596,1725,32141,California
Riverside,2021-01-10,1660,37416,731,26863,929,10553,0,0,1058,29001,602,4198,1058,33199,California
Riverside,2021-01-11,4510,41926,3088,29951,1422,11975,0,0,2782,30058,1726,5924,2783,35982,California
Riverside,2021-01-12,3394,45320,2724,32675,670,12645,0,0,1709,30087,1680,7604,1709,37691,California
Riverside,2021-01-13,4379,49699,2867,35542,1512,14157,0,0,2777,31265,1599,9203,2777,40468,California
Riverside,2021-01-14,5449,55148,1861,37403,3588,17745,0,0,4864,35544,585,9788,4864,45332,California
Riverside,2021-01-15,6116,61264,2089,39492,4027,21772,0,0,5830,41089,285,10073,5830,51162,California
Riverside,2021-01-16,3603,64867,1015,40507,2588,24360,0,0,3358,44203,245,10318,3359,54521,California
Riverside,2021-01-17,3594,68461,582,41089,3012,27372,0,0,3399,47408,194,10512,3399,57920,California
Riverside,2021-01-18,3711,72172,2014,43103,1697,29069,0,0,2706,49109,1005,11517,2706,60626,California
Riverside,2021-01-19,7395,79567,2636,45739,4759,33828,0,0,6276,54268,1119,12636,6278,66904,California
Riverside,2021-01-20,7951,87518,2865,48604,5086,38914,0,0,6472,59273,1470,14106,6475,73379,California
Riverside,2021-01-21,8191,95709,3361,51965,4830,43744,0,0,7577,66235,615,14721,7577,80956,California
Riverside,2021-01-22,8694,104403,2962,54927,5732,49476,0,0,8268,74078,425,15146,8268,89224,California
Riverside,2021-01-23,5923,110326,2396,57323,3527,53003,0,0,5195,78546,728,15874,5196,94420,California
Riverside,2021-01-24,3035,113361,1435,58758,1600,54603,0,0,2822,81159,210,16084,2823,97243,California
Riverside,2021-01-25,7873,121234,4538,63296,3335,57938,0,0,6751,86791,1120,17204,6752,103995,California
Riverside,2021-01-26,9093,130327,5721,69017,3372,61310,0,0,7586,92875,1505,18709,7589,111584,California
Riverside,2021-01-27,10491,140818,6171,75188,4320,65630,0,0,8982,100354,1506,20215,8985,120569,California
Riverside,2021-01-28,11383,152201,6696,81884,4687,70317,0,0,10232,109444,1143,21358,10233,130802,California
Riverside,2021-01-29,11832,164033,7222,89106,4610,74927,0,0,10465,118573,1340,22698,10469,141271,California
Riverside,2021-01-30,9040,173073,4601,93707,4439,79366,0,0,8581,126699,456,23154,8582,149853,California
Riverside,2021-01-31,5151,178224,4249,97956,902,80268,0,0,5024,131600,126,23280,5027,154880,California
Riverside,2021-02-01,10824,189048,6683,104639,4141,84409,0,0,9050,138884,1768,25048,9052,163932,California
Riverside,2021-02-02,9385,198433,4780,109419,4605,89014,0,0,7909,145326,1469,26517,7911,171843,California
Riverside,2021-02-03,12005,210438,4984,114403,7021,96035,0,0,9777,152886,2217,28734,9777,181620,California
Riverside,2021-02-04,13558,223996,6062,120465,7496,103531,0,0,11473,162283,2078,30812,11475,193095,California
Riverside,2021-02-05,14319,238315,5395,125860,8924,112455,0,0,11284,170546,3027,33839,11290,204385,California
Riverside,2021-02-06,7256,245571,4285,130145,2971,115426,0,0,5623,174546,1626,35465,5626,210011,California
Riverside,2021-02-07,2187,247758,806,130951,1381,116807,0,0,1873,176107,313,35778,1874,211885,California
Riverside,2021-02-08,12447,260205,5533,136484,6914,123721,0,0,10166,184015,2263,38041,10171,222056,California
Riverside,2021-02-09,9655,269860,4530,141014,5125,128846,0,0,7745,189864,1902,39943,7751,229807,California
Riverside,2021-02-10,12034,281894,6996,148010,5038,133884,0,0,8931,195712,3091,43034,8939,238746,California
Riverside,2021-02-11,16492,298386,8986,156996,7506,141390,0,0,12126,203509,4344,47378,12141,250887,California
Riverside,2021-02-12,17640,316026,10802,167798,6838,148228,0,0,12807,211535,4791,52169,12817,263704,California
Riverside,2021-02-13,6299,322325,2109,169907,4190,152418,0,0,3077,211435,3204,55373,3104,266808,California
Riverside,2021-02-14,4943,327268,1141,171048,3802,156220,0,0,2191,210880,2748,58121,2193,269001,California
Riverside,2021-02-15,9838,337106,5029,176077,4809,161029,0,0,5436,211928,4395,62516,5443,274444,California
Riverside,2021-02-16,16158,353264,10164,186241,5994,167023,0,0,9306,214396,6846,69362,9314,283758,California
Riverside,2021-02-17,15024,368288,8224,194465,6800,173823,0,0,7598,214590,7414,76776,7608,291366,California
Riverside,2021-02-18,15451,383739,8926,203391,6525,180348,0,0,8056,215280,7378,84154,8068,299434,California
Riverside,2021-02-19,15223,398962,8208,211599,7015,187363,0,0,7213,214511,7990,92144,7221,306655,California
Riverside,2021-02-20,8054,407016,4254,215853,3800,191163,0,0,2094,210662,5946,98090,2097,308752,California
Riverside,2021-02-21,3391,410407,2881,218734,510,191673,0,0,1024,209331,2357,100447,1026,309778,California
Riverside,2021-02-22,12289,422696,7715,226449,4574,196247,0,0,5102,207265,7173,107620,5107,314885,California
Riverside,2021-02-23,11057,433753,7546,233995,3511,199758,0,0,5426,207089,5607,113227,5431,320316,California
Riverside,2021-02-24,14706,448459,8034,242029,6672,206430,0,0,6421,205279,8247,121474,6437,326753,California
Riverside,2021-02-25,17150,465609,7311,249340,9839,216269,0,0,8021,204215,9108,130582,8044,334797,California
Riverside,2021-02-26,18254,483863,6708,256048,11546,227815,0,0,9134,204313,9065,139647,9163,343960,California
Riverside,2021-02-27,11349,495212,4921,260969,6428,234243,0,0,5690,204402,5627,145274,5716,349676,California
Riverside,2021-02-28,4657,499869,2994,263963,1663,235906,0,0,2431,204624,2217,147491,2439,352115,California
Riverside,2021-03-01,14262,514131,6088,270051,8173,244079,1,1,8430,207280,5804,153295,8460,360575,California
Riverside,2021-03-02,14834,528965,7250,277301,7583,251662,1,2,8809,210116,6005,159300,8841,369416,California
Riverside,2021-03-03,16541,545506,8152,285453,8389,260051,0,2,7068,207883,9426,168726,7193,376609,California
Riverside,2021-03-04,16406,561912,5981,291434,10421,270472,4,6,7966,207601,8396,177122,8114,384723,California
Riverside,2021-03-05,17414,579326,6857,298291,10514,280986,43,49,8747,208045,8619,185741,9063,393786,California
Riverside,2021-03-06,8989,588315,4679,302970,3853,284839,457,506,4587,208730,4389,190130,5074,398860,California
Riverside,2021-03-07,4164,592479,2701,305671,1078,285917,385,891,1963,208891,2193,192323,2354,401214,California
Riverside,2021-03-08,10262,602741,4662,310333,5202,291119,398,1289,4373,207819,5873,198196,4801,406015,California
Riverside,2021-03-09,12785,615526,6020,316353,6312,297431,453,1742,5218,206057,7552,205748,5790,411805,California
Riverside,2021-03-10,13359,628885,6679,323032,5869,303300,811,2553,5535,204757,7794,213542,6494,418299,California
Riverside,2021-03-11,17148,646033,8494,331526,6967,310267,1687,4240,6838,203209,10281,223823,8733,427032,California
Riverside,2021-03-12,20887,666920,7831,339357,8398,318665,4658,8898,7013,201367,13845,237668,12003,439035,California
Riverside,2021-03-13,8026,674946,2448,341805,4431,323096,1147,10045,4193,202966,3821,241489,5420,444455,California
Riverside,2021-03-14,4518,679464,1578,343383,1658,324754,1282,11327,2012,203760,2497,243986,3291,447746,California
Riverside,2021-03-15,18509,697973,7809,351192,9031,333785,1669,12996,9060,205179,9413,253399,10832,458578,California
Riverside,2021-03-16,20809,718782,10084,361276,9911,343696,814,13810,11329,207975,9444,262843,12240,470818,California
Riverside,2021-03-17,21128,739910,10823,372099,9259,352955,1046,14856,12673,213332,8423,271266,13780,484598,California
Riverside,2021-03-18,22450,762360,11667,383766,9133,362088,1650,16506,12462,217507,9946,281212,14121,498719,California
Riverside,2021-03-19,23877,786237,12524,396290,10409,372497,944,17450,13938,222860,9891,291103,15244,513963,California
Riverside,2021-03-20,10504,796741,6803,403093,2545,375042,1156,18606,6747,227033,3732,294835,7905,521868,California
Riverside,2021-03-21,3647,800388,2848,405941,547,375589,252,18858,2501,228654,1134,295969,2755,524623,California
Riverside,2021-03-22,16555,816943,9873,415814,6126,381715,556,19414,10565,233823,5952,301921,11121,535744,California
Riverside,2021-03-23,18481,835424,10458,426272,7602,389317,421,19835,11992,239809,6443,308364,12429,548173,California
Riverside,2021-03-24,18536,853960,10334,436606,8085,397402,117,19952,12831,247100,5665,314029,12956,561129,California
Riverside,2021-03-25,20968,874928,11599,448205,9193,406595,176,20128,14257,254887,6650,320679,14437,575566,California
Riverside,2021-03-26,23919,898847,11794,459999,11962,418557,163,20291,15033,261287,8801,329480,15201,590767,California
Riverside,2021-03-27,8984,907831,4608,464607,3323,421880,1053,21344,4539,262451,4429,333909,5593,596360,California
Riverside,2021-03-28,4705,912536,3101,467708,1514,423394,90,21434,2836,263516,1862,335771,2927,599287,California
Riverside,2021-03-29,15558,928094,7898,475606,7546,430940,114,21548,10040,268187,5493,341264,10164,609451,California
Riverside,2021-03-30,18185,946279,9497,485103,8487,439427,201,21749,11891,274018,6265,347529,12096,621547,California
Riverside,2021-03-31,17896,964175,8339,493442,9254,448681,303,22052,11658,279796,6192,353721,11970,633517,California
Riverside,2021-04-01,25068,989243,12273,505715,12064,460745,731,22783,16728,288966,8291,362012,17461,650978,California
Riverside,2021-04-02,25707,1014950,13833,519548,10948,471693,926,23709,16353,297168,9306,371318,17508,668486,California
Riverside,2021-04-03,9073,1024023,5749,525297,2766,474459,558,24267,5925,300514,3136,374454,6482,674968,California
Riverside,2021-04-04,3253,1027276,1978,527275,1073,475532,202,24469,1695,300857,1554,376008,1897,676865,California
Riverside,2021-04-05,17751,1045027,9117,536392,6868,482400,1766,26235,10352,305603,7374,383382,12120,688985,California
Riverside,2021-04-06,22748,1067775,11732,548124,9029,491429,1987,28222,12707,310298,9995,393377,14690,703675,California
Riverside,2021-04-07,23072,1090847,12354,560478,8458,499887,2260,30482,13216,315961,9815,403192,15478,719153,California
Riverside,2021-04-08,25220,1116067,13671,574149,8819,508706,2730,33212,15611,324732,9559,412751,18330,737483,California
Riverside,2021-04-09,21645,1137712,13176,587325,6536,515242,1933,35145,13288,331658,8316,421067,15242,752725,California
Riverside,2021-04-10,8470,1146182,5010,592335,2427,517669,1033,36178,3730,331710,4712,425779,4764,757489,California
Riverside,2021-04-11,1346,1147528,913,593248,315,517984,118,36296,676,331836,668,426447,794,758283,California
Sacramento,2020-12-15,314,314,314,314,0,0,0,0,314,314,0,0,314,314,California
Sacramento,2020-12-16,645,959,645,959,0,0,0,0,645,959,0,0,645,959,California
Sacramento,2020-12-17,645,1604,645,1604,0,0,0,0,645,1604,0,0,645,1604,California
Sacramento,2020-12-18,972,2576,969,2573,3,3,0,0,972,2576,0,0,972,2576,California
Sacramento,2020-12-19,613,3189,613,3186,0,3,0,0,613,3189,0,0,613,3189,California
Sacramento,2020-12-20,633,3822,633,3819,0,3,0,0,633,3822,0,0,633,3822,California
Sacramento,2020-12-21,1677,5499,1676,5495,1,4,0,0,1678,5500,0,0,1678,5500,California
Sacramento,2020-12-22,2092,7591,2062,7557,30,34,0,0,2092,7592,0,0,2092,7592,California
Sacramento,2020-12-23,2245,9836,2080,9637,165,199,0,0,2245,9837,0,0,2245,9837,California
Sacramento,2020-12-24,1045,10881,834,10471,211,410,0,0,1045,10882,0,0,1045,10882,California
Sacramento,2020-12-25,1,10882,0,10471,1,411,0,0,1,10883,0,0,1,10883,California
Sacramento,2020-12-26,508,11390,291,10762,217,628,0,0,508,11391,0,0,508,11391,California
Sacramento,2020-12-27,350,11740,247,11009,103,731,0,0,350,11741,0,0,350,11741,California
Sacramento,2020-12-28,1899,13639,1320,12329,579,1310,0,0,1898,13638,1,1,1898,13639,California
Sacramento,2020-12-29,1950,15589,1187,13516,763,2073,0,0,1950,15588,0,1,1950,15589,California
Sacramento,2020-12-30,2565,18154,1464,14980,1101,3174,0,0,2566,18154,0,1,2566,18155,California
Sacramento,2020-12-31,1225,19379,694,15674,531,3705,0,0,1225,19379,0,1,1225,19380,California
Sacramento,2021-01-01,69,19448,60,15734,9,3714,0,0,69,19448,0,1,69,19449,California
Sacramento,2021-01-02,565,20013,363,16097,202,3916,0,0,565,20013,0,1,565,20014,California
Sacramento,2021-01-03,410,20423,221,16318,189,4105,0,0,410,20423,0,1,410,20424,California
Sacramento,2021-01-04,1960,22383,846,17164,1114,5219,0,0,1958,22380,1,2,1958,22382,California
Sacramento,2021-01-05,2209,24592,984,18148,1225,6444,0,0,1855,23888,354,356,1862,24244,California
Sacramento,2021-01-06,2729,27321,1624,19772,1105,7549,0,0,1953,25068,773,1129,1953,26197,California
Sacramento,2021-01-07,2832,30153,1507,21279,1325,8874,0,0,1973,26185,856,1985,1973,28170,California
Sacramento,2021-01-08,3285,33438,2089,23368,1196,10070,0,0,2248,27401,1033,3018,2249,30419,California
Sacramento,2021-01-09,1288,34726,797,24165,491,10561,0,0,898,27911,388,3406,898,31317,California
Sacramento,2021-01-10,1245,35971,712,24877,533,11094,0,0,772,28212,472,3878,773,32090,California
Sacramento,2021-01-11,4339,40310,2947,27824,1392,12486,0,0,2412,28700,1926,5804,2414,34504,California
Sacramento,2021-01-12,4414,44724,3032,30856,1382,13868,0,0,2450,29190,1963,7767,2453,36957,California
Sacramento,2021-01-13,3765,48489,2160,33016,1605,15473,0,0,2355,30138,1409,9176,2357,39314,California
Sacramento,2021-01-14,4589,53078,2359,35375,2230,17703,0,0,3666,32885,919,10095,3666,42980,California
Sacramento,2021-01-15,4397,57475,2259,37634,2138,19841,0,0,3676,35842,720,10815,3677,46657,California
Sacramento,2021-01-16,2091,59566,1291,38925,800,20641,0,0,1874,37499,217,11032,1874,48531,California
Sacramento,2021-01-17,1633,61199,951,39876,682,21323,0,0,1456,38780,177,11209,1458,49989,California
Sacramento,2021-01-18,2854,64053,1763,41639,1091,22414,0,0,2331,40589,523,11732,2332,52321,California
Sacramento,2021-01-19,4613,68666,3053,44692,1560,23974,0,0,3349,42675,1264,12996,3350,55671,California
Sacramento,2021-01-20,4760,73426,2818,47510,1942,25916,0,0,3548,45014,1214,14210,3553,59224,California
Sacramento,2021-01-21,5172,78598,2980,50490,2192,28108,0,0,4211,48271,955,15165,4212,63436,California
Sacramento,2021-01-22,4967,83565,2646,53136,2321,30429,0,0,4662,52630,304,15469,4663,68099,California
Sacramento,2021-01-23,3724,87289,1559,54695,2165,32594,0,0,3269,55444,455,15924,3269,71368,California
Sacramento,2021-01-24,1561,88850,979,55674,582,33176,0,0,1323,56530,238,16162,1324,72692,California
Sacramento,2021-01-25,4343,93193,2108,57782,2235,35411,0,0,2928,58045,1415,17577,2930,75622,California
Sacramento,2021-01-26,4692,97885,2128,59910,2564,37975,0,0,3493,60344,1197,18774,3496,79118,California
Sacramento,2021-01-27,5785,103670,3044,62954,2741,40716,0,0,4183,62930,1599,20373,4185,83303,California
Sacramento,2021-01-28,5343,109013,2707,65661,2636,43352,0,0,4247,66083,1095,21468,4248,87551,California
Sacramento,2021-01-29,5376,114389,2926,68587,2450,45802,0,0,4359,69434,1008,22476,4359,91910,California
Sacramento,2021-01-30,4498,118887,2196,70783,2302,48104,0,0,4064,73066,432,22908,4064,95974,California
Sacramento,2021-01-31,2287,121174,1995,72778,292,48396,0,0,2015,74813,270,23178,2017,97991,California
Sacramento,2021-02-01,5897,127071,3009,75787,2888,51284,0,0,4242,77402,1653,24831,4242,102233,California
Sacramento,2021-02-02,6843,133914,3753,79540,3090,54374,0,0,4768,80113,2059,26890,4770,107003,California
Sacramento,2021-02-03,7075,140989,3544,83084,3531,57905,0,0,5221,83491,1845,28735,5223,112226,California
Sacramento,2021-02-04,7685,148674,3621,86705,4064,61969,0,0,5481,86777,2195,30930,5481,117707,California
Sacramento,2021-02-05,7707,156381,4361,91066,3346,65315,0,0,4805,88706,2879,33809,4808,122515,California
Sacramento,2021-02-06,8407,164788,3436,94502,4971,70286,0,0,7075,94455,1328,35137,7077,129592,California
Sacramento,2021-02-07,4025,168813,2143,96645,1882,72168,0,0,2808,96055,1209,36346,2809,132401,California
Sacramento,2021-02-08,6182,174995,3194,99839,2988,75156,0,0,3872,97623,2305,38651,3873,136274,California
Sacramento,2021-02-09,6705,181700,3500,103339,3205,78361,0,0,3920,98768,2777,41428,3922,140196,California
Sacramento,2021-02-10,7641,189341,4176,107515,3465,81826,0,0,4533,100208,3095,44523,4535,144731,California
Sacramento,2021-02-11,8761,198102,4970,112485,3791,85617,0,0,4791,101043,3958,48481,4793,149524,California
Sacramento,2021-02-12,10540,208642,4129,116614,6411,92028,0,0,6362,103269,4139,52620,6365,155889,California
Sacramento,2021-02-13,7585,216227,2985,119599,4600,96628,0,0,6006,107697,1578,54198,6006,161895,California
Sacramento,2021-02-14,3087,219314,1916,121515,1171,97799,0,0,2058,108733,1027,55225,2063,163958,California
Sacramento,2021-02-15,5936,225250,2033,123548,3903,101702,0,0,4145,111095,1785,57010,4147,168105,California
Sacramento,2021-02-16,8839,234089,4193,127741,4646,106348,0,0,5266,112800,3566,60576,5271,173376,California
Sacramento,2021-02-17,8787,242876,4968,132709,3819,110167,0,0,5119,114264,3656,64232,5120,178496,California
Sacramento,2021-02-18,8798,251674,5033,137742,3765,113932,0,0,5062,115600,3730,67962,5066,183562,California
Sacramento,2021-02-19,9970,261644,6119,143861,3851,117783,0,0,5896,117439,4061,72023,5900,189462,California
Sacramento,2021-02-20,7331,268975,5350,149211,1981,119764,0,0,4290,118696,3034,75057,4291,193753,California
Sacramento,2021-02-21,2860,271835,2281,151492,579,120343,0,0,990,117823,1864,76921,991,194744,California
Sacramento,2021-02-22,6141,277976,3720,155212,2421,122764,0,0,2663,117021,3470,80391,2668,197412,California
Sacramento,2021-02-23,7084,285060,4405,159617,2679,125443,0,0,3463,116881,3606,83997,3466,200878,California
Sacramento,2021-02-24,9555,294615,5269,164886,4286,129729,0,0,5236,117817,4305,88302,5241,206119,California
Sacramento,2021-02-25,9960,304575,5372,170258,4588,134317,0,0,5500,118871,4446,92748,5500,211619,California
Sacramento,2021-02-26,13831,318406,6443,176701,7388,141705,0,0,9512,124098,4289,97037,9516,221135,California
Sacramento,2021-02-27,10764,329170,6700,183401,4061,145766,3,3,7920,129195,2827,99864,7924,229059,California
Sacramento,2021-02-28,5530,334700,2173,185574,3357,149123,0,3,2561,128802,2955,102819,2562,231621,California
Sacramento,2021-03-01,7935,342635,3417,188991,4518,153641,0,3,4269,129428,3645,106464,4271,235892,California
Sacramento,2021-03-02,8766,351401,3985,192976,4780,158421,1,4,5475,131629,3277,109741,5478,241370,California
Sacramento,2021-03-03,10600,362001,4882,197858,5716,164137,2,6,6230,133510,4353,114094,6234,247604,California
Sacramento,2021-03-04,12231,374232,5075,202933,7152,171289,4,10,7051,135422,5150,119244,7062,254666,California
Sacramento,2021-03-05,10466,384698,4846,207779,5591,176880,29,39,6945,138895,3502,122746,6975,261641,California
Sacramento,2021-03-06,7959,392657,3057,210836,4779,181659,123,162,3994,139065,3948,126694,4118,265759,California
Sacramento,2021-03-07,7531,400188,2180,213016,5268,186927,83,245,3695,139009,3833,130527,3777,269536,California
Sacramento,2021-03-08,9046,409234,4217,217233,4605,191532,224,469,5929,142054,3106,133633,6151,275687,California
Sacramento,2021-03-09,9439,418673,4500,221733,4671,196203,268,737,5416,143733,4006,137639,5685,281372,California
Sacramento,2021-03-10,11551,430224,7459,229192,3766,199969,326,1063,6743,146023,4781,142420,7071,288443,California
Sacramento,2021-03-11,13736,443960,8815,238007,4149,204118,772,1835,8157,149412,5539,147959,8928,297371,California
Sacramento,2021-03-12,17057,461017,8243,246250,7994,212112,820,2655,8059,149354,8947,156906,8889,306260,California
Sacramento,2021-03-13,12708,473725,3540,249790,8754,220866,414,3069,8005,153084,4691,161597,8421,314681,California
Sacramento,2021-03-14,8209,481934,3436,253226,4147,225013,626,3695,4358,154239,3828,165425,4983,319664,California
Sacramento,2021-03-15,11909,493843,4787,258013,6486,231499,636,4331,6873,156732,5017,170442,7510,327174,California
Sacramento,2021-03-16,13755,507598,6178,264191,6939,238438,638,4969,8457,160562,5263,175705,9093,336267,California
Sacramento,2021-03-17,13335,520933,6530,270721,6197,244635,608,5577,8602,165063,4708,180413,9209,345476,California
Sacramento,2021-03-18,13679,534612,6506,277227,6613,251248,560,6137,9004,169978,4647,185060,9562,355038,California
Sacramento,2021-03-19,14680,549292,7393,284620,5928,257176,1359,7496,7322,171320,7339,192399,8681,363719,California
Sacramento,2021-03-20,12665,561957,7517,292137,4808,261984,340,7836,7972,174963,4670,197069,8313,372032,California
Sacramento,2021-03-21,5530,567487,2749,294886,2742,264726,39,7875,4894,179273,625,197694,4935,376967,California
Sacramento,2021-03-22,9175,576662,4749,299635,3660,268386,766,8641,6197,183287,2951,200645,6965,383932,California
Sacramento,2021-03-23,11131,587793,6690,306325,3633,272019,808,9449,7166,187333,3928,204573,7974,391906,California
Sacramento,2021-03-24,11526,599319,7196,313521,3702,275721,628,10077,6676,189821,4819,209392,7307,399213,California
Sacramento,2021-03-25,12147,611466,6720,320241,4623,280344,804,10881,7033,192574,5083,214475,7836,407049,California
Sacramento,2021-03-26,17159,628625,8246,328487,8431,288775,482,11363,8359,192675,8743,223218,8844,415893,California
Sacramento,2021-03-27,9486,638111,3535,332022,5670,294445,281,11644,5143,193782,4317,227535,5424,421317,California
Sacramento,2021-03-28,6388,644499,3203,335225,2938,297383,247,11891,3050,193754,3329,230864,3301,424618,California
Sacramento,2021-03-29,10666,655165,5869,341094,4602,301985,195,12086,5129,193569,5512,236376,5327,429945,California
Sacramento,2021-03-30,11472,666637,6032,347126,5127,307112,313,12399,5990,194409,5462,241838,6302,436247,California
Sacramento,2021-03-31,13109,679746,7794,354920,4923,312035,392,12791,5691,193096,7393,249231,6080,442327,California
Sacramento,2021-04-01,15206,694952,8627,363547,6363,318398,216,13007,5733,189605,9447,258678,5956,448283,California
Sacramento,2021-04-02,15602,710554,8591,372138,6324,324722,687,13694,7775,190272,7798,266476,8465,456748,California
Sacramento,2021-04-03,10299,720853,6144,378282,3606,328328,549,14243,6389,193321,3886,270362,6935,463683,California
Sacramento,2021-04-04,3543,724396,1438,379720,1923,330251,182,14425,1365,192691,2174,272536,1544,465227,California
Sacramento,2021-04-05,11576,735972,7265,386985,3505,333756,806,15231,5139,192218,6414,278950,5941,471168,California
Sacramento,2021-04-06,15112,751084,8569,395554,5285,339041,1258,16489,6656,191707,8426,287376,7915,479083,California
Sacramento,2021-04-07,14091,765175,7543,403097,5044,344085,1504,17993,6760,192670,7294,294670,8257,487340,California
Sacramento,2021-04-08,14127,779302,6380,409477,4918,349003,2829,20822,5620,192635,8479,303149,8444,495784,California
Sacramento,2021-04-09,13707,793009,6870,416347,4958,353961,1879,22701,5330,191488,8351,311500,7204,502988,California
Sacramento,2021-04-10,9553,802562,2654,419001,6059,360020,840,23541,3864,190517,5673,317173,4702,507690,California
Sacramento,2021-04-11,7980,810542,2139,421140,5702,365722,139,23680,1779,186251,6183,323356,1917,509607,California
San Benito,2020-12-16,2,2,2,2,0,0,0,0,2,2,0,0,2,2,California
San Benito,2020-12-17,8,10,8,10,0,0,0,0,8,10,0,0,8,10,California
San Benito,2020-12-18,32,42,32,42,0,0,0,0,32,42,0,0,32,42,California
San Benito,2020-12-19,47,89,47,89,0,0,0,0,47,89,0,0,47,89,California
San Benito,2020-12-20,22,111,21,110,1,1,0,0,22,111,0,0,22,111,California
San Benito,2020-12-21,48,159,48,158,0,1,0,0,48,159,0,0,48,159,California
San Benito,2020-12-22,64,223,64,222,0,1,0,0,64,223,0,0,64,223,California
San Benito,2020-12-23,48,271,36,258,12,13,0,0,48,271,0,0,48,271,California
San Benito,2020-12-24,12,283,4,262,8,21,0,0,12,283,0,0,12,283,California
San Benito,2020-12-25,4,287,4,266,0,21,0,0,4,287,0,0,4,287,California
San Benito,2020-12-26,13,300,4,270,9,30,0,0,13,300,0,0,13,300,California
San Benito,2020-12-27,8,308,7,277,1,31,0,0,8,308,0,0,8,308,California
San Benito,2020-12-28,63,371,36,313,27,58,0,0,63,371,0,0,63,371,California
San Benito,2020-12-29,49,420,20,333,29,87,0,0,49,420,0,0,49,420,California
San Benito,2020-12-30,60,480,37,370,23,110,0,0,60,480,0,0,60,480,California
San Benito,2020-12-31,19,499,2,372,17,127,0,0,19,499,0,0,19,499,California
San Benito,2021-01-02,24,523,23,395,1,128,0,0,24,523,0,0,24,523,California
San Benito,2021-01-03,3,526,1,396,2,130,0,0,3,526,0,0,3,526,California
San Benito,2021-01-04,62,588,23,419,39,169,0,0,62,588,0,0,62,588,California
San Benito,2021-01-05,118,706,36,455,82,251,0,0,115,700,3,3,115,703,California
San Benito,2021-01-06,97,803,42,497,55,306,0,0,83,769,14,17,83,786,California
San Benito,2021-01-07,79,882,43,540,36,342,0,0,51,792,28,45,51,837,California
San Benito,2021-01-08,130,1012,67,607,63,405,0,0,87,836,43,88,87,924,California
San Benito,2021-01-09,44,1056,31,638,13,418,0,0,30,852,14,102,30,954,California
San Benito,2021-01-10,15,1071,13,651,2,420,0,0,5,847,10,112,5,959,California
San Benito,2021-01-11,102,1173,59,710,43,463,0,0,49,843,53,165,49,1008,California
San Benito,2021-01-12,154,1327,51,761,103,566,0,0,119,927,35,200,119,1127,California
San Benito,2021-01-13,190,1517,35,796,155,721,0,0,163,1063,27,227,163,1290,California
San Benito,2021-01-14,113,1630,23,819,90,811,0,0,96,1142,17,244,96,1386,California
San Benito,2021-01-15,213,1843,21,840,192,1003,0,0,199,1327,14,258,199,1585,California
San Benito,2021-01-16,27,1870,9,849,18,1021,0,0,21,1342,6,264,21,1606,California
San Benito,2021-01-17,10,1880,5,854,5,1026,0,0,7,1346,3,267,7,1613,California
San Benito,2021-01-18,36,1916,23,877,13,1039,0,0,21,1352,15,282,21,1634,California
San Benito,2021-01-19,150,2066,63,940,87,1126,0,0,124,1450,26,308,124,1758,California
San Benito,2021-01-20,260,2326,80,1020,180,1306,0,0,214,1619,45,353,214,1972,California
San Benito,2021-01-21,124,2450,31,1051,93,1399,0,0,100,1695,24,377,100,2072,California
San Benito,2021-01-22,231,2681,19,1070,212,1611,0,0,221,1906,10,387,221,2293,California
San Benito,2021-01-23,30,2711,16,1086,14,1625,0,0,13,1902,17,404,13,2306,California
San Benito,2021-01-24,11,2722,3,1089,8,1633,0,0,7,1905,4,408,7,2313,California
San Benito,2021-01-25,67,2789,25,1114,42,1675,0,0,22,1882,45,453,22,2335,California
San Benito,2021-01-26,134,2923,41,1155,93,1768,0,0,81,1910,53,506,81,2416,California
San Benito,2021-01-27,231,3154,69,1224,162,1930,0,0,190,2059,41,547,190,2606,California
San Benito,2021-01-28,156,3310,32,1256,124,2054,0,0,124,2152,31,578,124,2730,California
San Benito,2021-01-29,285,3595,32,1288,253,2307,0,0,261,2390,23,601,261,2991,California
San Benito,2021-01-30,49,3644,31,1319,18,2325,0,0,27,2395,22,623,27,3018,California
San Benito,2021-01-31,17,3661,5,1324,12,2337,0,0,12,2402,5,628,12,3030,California
San Benito,2021-02-01,133,3794,28,1352,105,2442,0,0,89,2447,44,672,89,3119,California
San Benito,2021-02-02,224,4018,48,1400,176,2618,0,0,134,2491,90,762,134,3253,California
San Benito,2021-02-03,336,4354,41,1441,295,2913,0,0,272,2699,64,826,272,3525,California
San Benito,2021-02-04,159,4513,24,1465,135,3048,0,0,116,2772,43,869,116,3641,California
San Benito,2021-02-05,289,4802,40,1505,249,3297,0,0,227,2937,62,931,227,3868,California
San Benito,2021-02-06,49,4851,9,1514,40,3337,0,0,32,2952,17,948,32,3900,California
San Benito,2021-02-07,15,4866,7,1521,8,3345,0,0,14,2965,1,949,14,3914,California
San Benito,2021-02-08,137,5003,15,1536,122,3467,0,0,91,3010,46,995,91,4005,California
San Benito,2021-02-09,326,5329,64,1600,262,3729,0,0,195,3074,131,1126,195,4200,California
San Benito,2021-02-10,318,5647,88,1688,230,3959,0,0,124,3004,194,1320,124,4324,California
San Benito,2021-02-11,292,5939,31,1719,261,4220,0,0,195,3102,97,1417,195,4519,California
San Benito,2021-02-12,412,6351,31,1750,381,4601,0,0,208,3107,203,1620,208,4727,California
San Benito,2021-02-13,57,6408,8,1758,49,4650,0,0,43,3136,14,1634,43,4770,California
San Benito,2021-02-14,40,6448,5,1763,35,4685,0,0,30,3156,10,1644,30,4800,California
San Benito,2021-02-15,106,6554,9,1772,97,4782,0,0,95,3240,11,1655,95,4895,California
San Benito,2021-02-16,203,6757,11,1783,192,4974,0,0,103,3243,100,1755,103,4998,California
San Benito,2021-02-17,325,7082,30,1813,295,5269,0,0,277,3472,48,1803,277,5275,California
San Benito,2021-02-18,291,7373,38,1851,253,5522,0,0,70,3321,221,2024,70,5345,California
San Benito,2021-02-19,325,7698,45,1896,280,5802,0,0,158,3312,167,2191,158,5503,California
San Benito,2021-02-20,45,7743,26,1922,19,5821,0,0,36,3339,9,2200,36,5539,California
San Benito,2021-02-21,23,7766,8,1930,15,5836,0,0,14,3344,9,2209,14,5553,California
San Benito,2021-02-22,131,7897,36,1966,95,5931,0,0,97,3408,33,2242,97,5650,California
San Benito,2021-02-23,375,8272,93,2059,282,6213,0,0,264,3561,111,2353,264,5914,California
San Benito,2021-02-24,372,8644,62,2121,310,6523,0,0,235,3659,137,2490,235,6149,California
San Benito,2021-02-25,392,9036,64,2185,328,6851,0,0,271,3807,123,2613,271,6420,California
San Benito,2021-02-26,640,9676,73,2258,567,7418,0,0,398,3963,242,2855,398,6818,California
San Benito,2021-02-27,98,9774,36,2294,62,7480,0,0,83,4031,15,2870,83,6901,California
San Benito,2021-02-28,244,10018,23,2317,221,7701,0,0,235,4257,9,2879,235,7136,California
San Benito,2021-03-01,225,10243,60,2377,165,7866,0,0,156,4343,70,2949,156,7292,California
San Benito,2021-03-02,255,10498,74,2451,181,8047,0,0,187,4462,68,3017,187,7479,California
San Benito,2021-03-03,381,10879,54,2505,327,8374,0,0,207,4497,172,3189,207,7686,California
San Benito,2021-03-04,600,11479,122,2627,464,8838,14,14,422,4745,178,3367,426,8112,California
San Benito,2021-03-05,582,12061,305,2932,264,9102,13,27,373,4923,208,3575,386,8498,California
San Benito,2021-03-06,188,12249,64,2996,110,9212,14,41,137,5023,51,3626,151,8649,California
San Benito,2021-03-07,646,12895,602,3598,22,9234,22,63,614,5627,32,3658,636,9285,California
San Benito,2021-03-08,267,13162,65,3663,174,9408,28,91,165,5718,102,3760,193,9478,California
San Benito,2021-03-09,419,13581,85,3748,235,9643,99,190,135,5643,281,4041,206,9684,California
San Benito,2021-03-10,401,13982,114,3862,193,9836,94,284,232,5800,169,4210,326,10010,California
San Benito,2021-03-11,468,14450,120,3982,197,10033,151,435,210,5903,258,4468,361,10371,California
San Benito,2021-03-12,505,14955,116,4098,296,10329,93,528,228,5950,275,4743,322,10693,California
San Benito,2021-03-13,200,15155,100,4198,82,10411,18,546,128,6026,70,4813,146,10839,California
San Benito,2021-03-14,230,15385,40,4238,170,10581,20,566,178,6173,51,4864,198,11037,California
San Benito,2021-03-15,323,15708,99,4337,205,10786,19,585,189,6247,134,4998,208,11245,California
San Benito,2021-03-16,478,16186,216,4553,231,11017,31,616,338,6475,140,5138,368,11613,California
San Benito,2021-03-17,684,16870,473,5026,198,11215,13,629,553,6914,127,5265,566,12179,California
San Benito,2021-03-18,774,17644,522,5548,196,11411,56,685,564,7317,208,5473,611,12790,California
San Benito,2021-03-19,743,18387,402,5950,318,11729,23,708,567,7731,176,5649,590,13380,California
San Benito,2021-03-20,235,18622,146,6096,77,11806,12,720,179,7866,56,5705,191,13571,California
San Benito,2021-03-21,104,18726,53,6149,46,11852,5,725,77,7921,27,5732,82,13653,California
San Benito,2021-03-22,328,19054,170,6319,133,11985,25,750,226,8070,102,5834,251,13904,California
San Benito,2021-03-23,473,19527,197,6516,266,12251,10,760,222,8050,251,6085,231,14135,California
San Benito,2021-03-24,548,20075,306,6822,236,12487,6,766,359,8225,189,6274,364,14499,California
San Benito,2021-03-25,702,20777,412,7234,287,12774,3,769,412,8351,289,6563,415,14914,California
San Benito,2021-03-26,992,21769,515,7749,474,13248,3,772,327,8017,664,7227,330,15244,California
San Benito,2021-03-27,320,22089,179,7928,109,13357,32,804,206,8142,113,7340,238,15482,California
San Benito,2021-03-28,690,22779,571,8499,114,13471,5,809,127,7711,563,7903,132,15614,California
San Benito,2021-03-29,344,23123,110,8609,214,13685,20,829,150,7686,194,8097,169,15783,California
San Benito,2021-03-30,559,23682,260,8869,208,13893,91,920,280,7778,279,8376,371,16154,California
San Benito,2021-03-31,566,24248,345,9214,197,14090,24,944,323,7884,241,8617,347,16501,California
San Benito,2021-04-01,927,25175,371,9585,518,14608,38,982,558,8111,368,8985,595,17096,California
San Benito,2021-04-02,537,25712,261,9846,141,14749,135,1117,265,8239,272,9257,400,17496,California
San Benito,2021-04-03,245,25957,90,9936,104,14853,51,1168,79,8203,166,9423,130,17626,California
San Benito,2021-04-04,142,26099,107,10043,30,14883,5,1173,107,8280,35,9458,112,17738,California
San Benito,2021-04-05,347,26446,166,10209,140,15023,41,1214,140,8253,207,9665,180,17918,California
San Benito,2021-04-06,332,26778,156,10365,123,15146,53,1267,164,8302,168,9833,217,18135,California
San Benito,2021-04-07,795,27573,513,10878,218,15364,64,1331,259,8090,535,10368,323,18458,California
San Benito,2021-04-08,662,28235,410,11288,174,15538,78,1409,206,7919,455,10823,284,18742,California
San Benito,2021-04-09,705,28940,410,11698,223,15761,72,1481,229,7744,476,11299,301,19043,California
San Benito,2021-04-10,274,29214,187,11885,52,15813,35,1516,178,7861,95,11394,212,19255,California
San Benito,2021-04-11,162,29376,18,11903,139,15952,5,1521,17,7738,145,11539,22,19277,California
San Bernardino,2020-12-15,13,13,13,13,0,0,0,0,13,13,0,0,13,13,California
San Bernardino,2020-12-16,107,120,107,120,0,0,0,0,107,120,0,0,107,120,California
San Bernardino,2020-12-17,2347,2467,2347,2467,0,0,0,0,2347,2467,0,0,2347,2467,California
San Bernardino,2020-12-18,3142,5609,3139,5606,3,3,0,0,3143,5610,0,0,3143,5610,California
San Bernardino,2020-12-19,1066,6675,1065,6671,1,4,0,0,1067,6677,0,0,1067,6677,California
San Bernardino,2020-12-20,1172,7847,1171,7842,1,5,0,0,1172,7849,0,0,1172,7849,California
San Bernardino,2020-12-21,2454,10301,2449,10291,5,10,0,0,2454,10303,0,0,2454,10303,California
San Bernardino,2020-12-22,2268,12569,2143,12434,125,135,0,0,2269,12572,0,0,2269,12572,California
San Bernardino,2020-12-23,2644,15213,1453,13887,1191,1326,0,0,2643,15215,0,0,2643,15215,California
San Bernardino,2020-12-24,1159,16372,585,14472,574,1900,0,0,1161,16376,0,0,1161,16376,California
San Bernardino,2020-12-25,74,16446,14,14486,60,1960,0,0,74,16450,0,0,74,16450,California
San Bernardino,2020-12-26,461,16907,253,14739,208,2168,0,0,461,16911,0,0,461,16911,California
San Bernardino,2020-12-27,343,17250,160,14899,183,2351,0,0,343,17254,0,0,343,17254,California
San Bernardino,2020-12-28,1560,18810,710,15609,850,3201,0,0,1561,18815,0,0,1561,18815,California
San Bernardino,2020-12-29,2206,21016,1041,16650,1165,4366,0,0,2205,21019,1,1,2205,21020,California
San Bernardino,2020-12-30,2888,23904,1459,18109,1429,5795,0,0,2889,23908,0,1,2889,23909,California
San Bernardino,2020-12-31,1352,25256,439,18548,913,6708,0,0,1350,25258,0,1,1350,25259,California
San Bernardino,2021-01-01,275,25531,148,18696,127,6835,0,0,274,25532,0,1,274,25533,California
San Bernardino,2021-01-02,476,26007,339,19035,137,6972,0,0,476,26008,0,1,476,26009,California
San Bernardino,2021-01-03,135,26142,85,19120,50,7022,0,0,135,26143,0,1,135,26144,California
San Bernardino,2021-01-04,2115,28257,1286,20406,829,7851,0,0,2114,28257,0,1,2114,28258,California
San Bernardino,2021-01-05,2329,30586,1459,21865,870,8721,0,0,2215,30362,110,111,2215,30473,California
San Bernardino,2021-01-06,3423,34009,2352,24217,1071,9792,0,0,2932,32810,485,596,2933,33406,California
San Bernardino,2021-01-07,5397,39406,4491,28708,906,10698,0,0,2472,32376,2906,3502,2472,35878,California
San Bernardino,2021-01-08,5353,44759,4440,33148,913,11611,0,0,2280,31590,3067,6569,2281,38159,California
San Bernardino,2021-01-09,1398,46157,1100,34248,298,11909,0,0,902,31996,496,7065,902,39061,California
San Bernardino,2021-01-10,1020,47177,598,34846,422,12331,0,0,573,32122,447,7512,573,39634,California
San Bernardino,2021-01-11,4983,52160,4081,38927,902,13233,0,0,2768,32678,2212,9724,2768,42402,California
San Bernardino,2021-01-12,4228,56388,3222,42149,1006,14239,0,0,2514,33479,1713,11437,2514,44916,California
San Bernardino,2021-01-13,4552,60940,2847,44996,1705,15944,0,0,3329,35599,1210,12647,3330,48246,California
San Bernardino,2021-01-14,4743,65683,2774,47770,1969,17913,0,0,4161,39182,578,13225,4161,52407,California
San Bernardino,2021-01-15,5963,71646,2971,50741,2992,20905,0,0,5568,44368,385,13610,5571,57978,California
San Bernardino,2021-01-16,2254,73900,1288,52029,966,21871,0,0,2113,46340,141,13751,2113,60091,California
San Bernardino,2021-01-17,1186,75086,515,52544,671,22542,0,0,1096,47349,89,13840,1098,61189,California
San Bernardino,2021-01-18,4264,79350,2636,55180,1628,24170,0,0,3646,50380,617,14457,3648,64837,California
San Bernardino,2021-01-19,6294,85644,3705,58885,2589,26759,0,0,5205,54502,1087,15544,5209,70046,California
San Bernardino,2021-01-20,6794,92438,3726,62611,3068,29827,0,0,4867,57452,1919,17463,4869,74915,California
San Bernardino,2021-01-21,5982,98420,3075,65686,2907,32734,0,0,4869,61219,1104,18567,4871,79786,California
San Bernardino,2021-01-22,6496,104916,3037,68723,3459,36193,0,0,5775,66276,719,19286,5776,85562,California
San Bernardino,2021-01-23,3097,108013,1886,70609,1211,37404,0,0,2711,68602,385,19671,2711,88273,California
San Bernardino,2021-01-24,1193,109206,461,71070,732,38136,0,0,1094,69597,99,19770,1094,89367,California
San Bernardino,2021-01-25,6858,116064,3396,74466,3462,41598,0,0,5017,72778,1839,21609,5020,94387,California
San Bernardino,2021-01-26,7087,123151,3562,78028,3525,45123,0,0,5002,75701,2085,23694,5008,99395,California
San Bernardino,2021-01-27,8224,131375,4103,82131,4121,49244,0,0,5538,78563,2676,26370,5538,104933,California
San Bernardino,2021-01-28,8531,139906,4044,86175,4487,53731,0,0,6229,82494,2298,28668,6229,111162,California
San Bernardino,2021-01-29,8127,148033,3732,89907,4395,58126,0,0,6180,86741,1934,30602,6181,117343,California
San Bernardino,2021-01-30,3080,151113,1896,91803,1184,59310,0,0,2797,89256,282,30884,2797,120140,California
San Bernardino,2021-01-31,925,152038,496,92299,429,59739,0,0,871,90074,53,30937,871,121011,California
San Bernardino,2021-02-01,7521,159559,4224,96523,3297,63036,0,0,4903,92362,2615,33552,4903,125914,California
San Bernardino,2021-02-02,10369,169928,3650,100173,6719,69755,0,0,8319,98635,2047,35599,8320,134234,California
San Bernardino,2021-02-03,8957,178885,4142,104315,4815,74570,0,0,6479,102645,2470,38069,6480,140714,California
San Bernardino,2021-02-04,10503,189388,5200,109515,5303,79873,0,0,7441,107035,3051,41120,7441,148155,California
San Bernardino,2021-02-05,10943,200331,5901,115416,5042,84915,0,0,7430,110965,3502,44622,7432,155587,California
San Bernardino,2021-02-06,5245,205576,2206,117622,3039,87954,0,0,3615,112978,1605,46227,3618,159205,California
San Bernardino,2021-02-07,852,206428,498,118120,354,88308,0,0,475,113080,374,46601,476,159681,California
San Bernardino,2021-02-08,7261,213689,3868,121988,3393,91701,0,0,5599,117021,1658,48259,5599,165280,California
San Bernardino,2021-02-09,9897,223586,5821,127809,4076,95777,0,0,6679,120490,3215,51474,6684,171964,California
San Bernardino,2021-02-10,11987,235573,6529,134338,5458,101235,0,0,7831,124177,4145,55619,7832,179796,California
San Bernardino,2021-02-11,12249,247822,7048,141386,5201,106436,0,0,7819,127592,4408,60027,7823,187619,California
San Bernardino,2021-02-12,10322,258144,5919,147305,4403,110839,0,0,5672,128630,4636,64663,5674,193293,California
San Bernardino,2021-02-13,5995,264139,3982,151287,2013,112852,0,0,3765,130187,2215,66878,3772,197065,California
San Bernardino,2021-02-14,1544,265683,650,151937,894,113746,0,0,868,130387,668,67546,868,197933,California
San Bernardino,2021-02-15,5452,271135,2994,154931,2458,116204,0,0,3055,131060,2383,69929,3056,200989,California
San Bernardino,2021-02-16,12579,283714,7373,162304,5206,121410,0,0,7972,134440,4594,74523,7974,208963,California
San Bernardino,2021-02-17,11775,295489,6455,168759,5320,126730,0,0,7165,137011,4595,79118,7166,216129,California
San Bernardino,2021-02-18,12448,307937,7583,176342,4865,131595,0,0,7714,140013,4718,83836,7720,223849,California
San Bernardino,2021-02-19,11455,319392,5895,182237,5560,137155,0,0,6780,142137,4656,88492,6780,230629,California
San Bernardino,2021-02-20,4493,323885,3457,185694,1036,138191,0,0,2045,141737,2446,90938,2046,232675,California
San Bernardino,2021-02-21,1019,324904,560,186254,459,138650,0,0,319,141358,698,91636,319,232994,California
San Bernardino,2021-02-22,8483,333387,5194,191448,3289,141939,0,0,4028,140941,4446,96082,4029,237023,California
San Bernardino,2021-02-23,8793,342180,5180,196628,3613,145552,0,0,4521,141219,4243,100325,4521,241544,California
San Bernardino,2021-02-24,11972,354152,6843,203471,5129,150681,0,0,6082,141436,5866,106191,6083,247627,California
San Bernardino,2021-02-25,12888,367040,6254,209725,6634,157315,0,0,7518,143604,5354,111545,7522,255149,California
San Bernardino,2021-02-26,13325,380365,6382,216107,6943,164258,0,0,7510,145360,5755,117300,7511,262660,California
San Bernardino,2021-02-27,6575,386940,3651,219758,2924,167182,0,0,4766,148325,1801,119101,4766,267426,California
San Bernardino,2021-02-28,1745,388685,721,220479,1024,168206,0,0,1134,148856,605,119706,1136,268562,California
San Bernardino,2021-03-01,8374,397059,4318,224797,4055,172261,1,1,3838,148188,4515,124221,3847,272409,California
San Bernardino,2021-03-02,13484,410543,5322,230119,8162,180423,0,1,6413,147560,7044,131265,6416,278825,California
San Bernardino,2021-03-03,12404,422947,6289,236408,6114,186537,1,2,5721,146619,6667,137932,5726,284551,California
San Bernardino,2021-03-04,12735,435682,6486,242894,6248,192785,1,3,5772,145449,6945,144877,5775,290326,California
San Bernardino,2021-03-05,13317,448999,6692,249586,6624,199409,1,4,6770,145717,6520,151397,6788,297114,California
San Bernardino,2021-03-06,9448,458447,5260,254846,3973,203382,215,219,4406,145308,5029,156426,4620,301734,California
San Bernardino,2021-03-07,1523,459970,925,255771,543,203925,55,274,981,145804,540,156966,1036,302770,California
San Bernardino,2021-03-08,7213,467183,3103,258874,3949,207874,161,435,3456,145671,3753,160719,3620,306390,California
San Bernardino,2021-03-09,11894,479077,6541,265415,5116,212990,237,672,4775,143577,7107,167826,5013,311403,California
San Bernardino,2021-03-10,13285,492362,7248,272663,5645,218635,392,1064,6136,142987,7124,174950,6534,317937,California
San Bernardino,2021-03-11,13639,506001,6442,279105,6410,225045,787,1851,7154,144465,6465,181415,7943,325880,California
San Bernardino,2021-03-12,15083,521084,6733,285838,6354,231399,1996,3847,7235,145923,7822,189237,9280,335160,California
San Bernardino,2021-03-13,8111,529195,4460,290298,3158,234557,493,4340,4824,147959,3282,192519,5318,340478,California
San Bernardino,2021-03-14,3160,532355,1587,291885,1010,235567,563,4903,1805,148976,1350,193869,2367,342845,California
San Bernardino,2021-03-15,11221,543576,5301,297186,3921,239488,1999,6902,5497,150756,5714,199583,7494,350339,California
San Bernardino,2021-03-16,15949,559525,7894,305080,7113,246601,942,7844,9729,155229,6197,205780,10670,361009,California
San Bernardino,2021-03-17,16732,576257,8432,313512,7555,254156,745,8589,10054,159367,6662,212442,10800,371809,California
San Bernardino,2021-03-18,16212,592469,8046,321558,7783,261939,383,8972,9527,162620,6658,219100,9911,381720,California
San Bernardino,2021-03-19,16586,609055,8172,329730,7831,269770,583,9555,9502,165699,7060,226160,10139,391859,California
San Bernardino,2021-03-20,9356,618411,5903,335633,2871,272641,582,10137,5568,168086,3762,229922,6149,398008,California
San Bernardino,2021-03-21,2732,621143,2229,337862,456,273097,47,10184,2215,169841,507,230429,2262,400270,California
San Bernardino,2021-03-22,9543,630686,4482,342344,4628,277725,433,10617,6935,174618,2592,233021,7369,407639,California
San Bernardino,2021-03-23,15250,645936,8637,350981,5994,283719,619,11236,9535,179073,5697,238718,10152,417791,California
San Bernardino,2021-03-24,14836,660772,7699,358680,6839,290558,298,11534,9935,184435,4872,243590,10234,428025,California
San Bernardino,2021-03-25,16601,677373,8165,366845,8148,298706,288,11822,10571,189300,5991,249581,10856,438881,California
San Bernardino,2021-03-26,17773,695146,8540,375385,8477,307183,756,12578,10852,194019,6892,256473,11611,450492,California
San Bernardino,2021-03-27,10652,705798,6862,382247,3044,310227,746,13324,6112,196351,4526,260999,6858,457350,California
San Bernardino,2021-03-28,3501,709299,2463,384710,928,311155,110,13434,2470,197905,1026,262025,2580,459930,California
San Bernardino,2021-03-29,11246,720545,5939,390649,4910,316065,397,13831,7636,202339,3599,265624,8033,467963,California
San Bernardino,2021-03-30,16723,737268,9384,400033,6633,322698,706,14537,10812,207972,5882,271506,11515,479478,California
San Bernardino,2021-03-31,15916,753184,8933,408966,6379,329077,604,15141,10786,214249,5111,276617,11388,490866,California
San Bernardino,2021-04-01,19306,772490,10225,419191,7748,336825,1333,16474,12644,221589,6634,283251,13974,504840,California
San Bernardino,2021-04-02,18134,790624,8994,428185,7879,344704,1261,17735,11020,226820,7090,290341,12321,517161,California
San Bernardino,2021-04-03,10814,801438,6743,434928,2949,347653,1122,18857,5950,229037,4852,295193,7069,524230,California
San Bernardino,2021-04-04,2372,803810,1414,436342,717,348370,241,19098,1203,229314,1167,296360,1444,525674,California
San Bernardino,2021-04-05,11197,815007,4988,441330,4649,353019,1560,20658,5810,231311,5369,301729,7366,533040,California
San Bernardino,2021-04-06,18841,833848,10494,451824,6437,359456,1910,22568,10089,234583,8723,310452,11995,545035,California
San Bernardino,2021-04-07,19816,853664,10359,462183,7119,366575,2338,24906,10800,238724,8989,319441,13130,558165,California
San Bernardino,2021-04-08,20604,874268,10327,472510,7780,374355,2497,27403,11325,243292,9251,328692,13819,571984,California
San Bernardino,2021-04-09,15373,889641,6982,479492,6441,380796,1950,29353,7859,245607,7491,336183,9806,581790,California
San Bernardino,2021-04-10,10011,899652,4360,483852,2792,383588,2859,32212,4200,246863,5799,341982,7055,588845,California
San Bernardino,2021-04-11,807,900459,382,484234,223,383811,202,32414,500,247261,304,342286,702,589547,California
San Diego,2020-12-15,119,119,119,119,0,0,0,0,119,119,0,0,119,119,California
San Diego,2020-12-16,1101,1220,1101,1220,0,0,0,0,1101,1220,0,0,1101,1220,California
San Diego,2020-12-17,2348,3568,2348,3568,0,0,0,0,2348,3568,0,0,2348,3568,California
San Diego,2020-12-18,3672,7240,3671,7239,1,1,0,0,3672,7240,0,0,3672,7240,California
San Diego,2020-12-19,2311,9551,2311,9550,0,1,0,0,2311,9551,0,0,2311,9551,California
San Diego,2020-12-20,1184,10735,1182,10732,2,3,0,0,1184,10735,0,0,1184,10735,California
San Diego,2020-12-21,3520,14255,3519,14251,1,4,0,0,3520,14255,0,0,3520,14255,California
San Diego,2020-12-22,4056,18311,3413,17664,643,647,0,0,4056,18311,0,0,4056,18311,California
San Diego,2020-12-23,3176,21487,1974,19638,1202,1849,0,0,3176,21487,0,0,3176,21487,California
San Diego,2020-12-24,2733,24220,2217,21855,516,2365,0,0,2733,24220,0,0,2733,24220,California
San Diego,2020-12-25,875,25095,874,22729,1,2366,0,0,874,25093,1,1,874,25094,California
San Diego,2020-12-26,3294,28389,2144,24873,1150,3516,0,0,3293,28386,0,1,3293,28387,California
San Diego,2020-12-27,2508,30897,1618,26491,890,4406,0,0,2507,30892,1,2,2507,30894,California
San Diego,2020-12-28,5899,36796,4212,30703,1687,6093,0,0,5899,36791,0,2,5899,36793,California
San Diego,2020-12-29,5588,42384,3014,33717,2574,8667,0,0,5588,42379,0,2,5588,42381,California
San Diego,2020-12-30,5942,48326,3100,36817,2842,11509,0,0,5942,48321,0,2,5942,48323,California
San Diego,2020-12-31,2984,51310,1005,37822,1979,13488,0,0,2983,51303,1,3,2983,51306,California
San Diego,2021-01-01,1006,52316,452,38274,554,14042,0,0,1005,52308,0,3,1005,52311,California
San Diego,2021-01-02,3762,56078,1321,39595,2441,16483,0,0,3762,56070,0,3,3762,56073,California
San Diego,2021-01-03,859,56937,632,40227,227,16710,0,0,858,56928,0,3,858,56931,California
San Diego,2021-01-04,3699,60636,2051,42278,1648,18358,0,0,3692,60620,0,3,3692,60623,California
San Diego,2021-01-05,4307,64943,2122,44400,2185,20543,0,0,3690,63710,613,616,3703,64326,California
San Diego,2021-01-06,4945,69888,2299,46699,2646,23189,0,0,3710,66212,1212,1828,3714,68040,California
San Diego,2021-01-07,5610,75498,2984,49683,2626,25815,0,0,3455,67525,2148,3976,3461,71501,California
San Diego,2021-01-08,7722,83220,4961,54644,2761,28576,0,0,3934,67703,3771,7747,3949,75450,California
San Diego,2021-01-09,2956,86176,1554,56198,1402,29978,0,0,1788,68342,1157,8904,1796,77246,California
San Diego,2021-01-10,1881,88057,1292,57490,589,30567,0,0,780,68041,1089,9993,788,78034,California
San Diego,2021-01-11,10324,98381,5859,63349,4465,35032,0,0,6799,71336,3518,13511,6813,84847,California
San Diego,2021-01-12,11198,109579,5316,68665,5882,40914,0,0,7826,75913,3363,16874,7940,92787,California
San Diego,2021-01-13,11474,121053,5023,73688,6451,47365,0,0,8930,82335,2531,19405,8953,101740,California
San Diego,2021-01-14,12360,133413,4750,78438,7610,54975,0,0,10194,90406,2157,21562,10228,111968,California
San Diego,2021-01-15,15114,148527,5353,83791,9761,64736,0,0,12470,100304,2624,24186,12522,124490,California
San Diego,2021-01-16,10764,159291,3595,87386,7169,71905,0,0,9319,108214,1440,25626,9350,133840,California
San Diego,2021-01-17,8681,167972,2500,89886,6181,78086,0,0,7843,115237,838,26464,7861,141701,California
San Diego,2021-01-18,12496,180468,5943,95829,6553,84639,0,0,9665,122163,2792,29256,9718,151419,California
San Diego,2021-01-19,14743,195211,5820,101649,8923,93562,0,0,11618,130928,3111,32367,11876,163295,California
San Diego,2021-01-20,18321,213532,6384,108033,11937,105499,0,0,15032,142859,3270,35637,15201,178496,California
San Diego,2021-01-21,17402,230934,5899,113932,11503,117002,0,0,16013,157638,1378,37015,16157,194653,California
San Diego,2021-01-22,17676,248610,4754,118686,12922,129924,0,0,15623,171317,2040,39055,15719,210372,California
San Diego,2021-01-23,14470,263080,5268,123954,9202,139126,0,0,12109,181133,2348,41403,12164,222536,California
San Diego,2021-01-24,11807,274887,3256,127210,8551,147677,0,0,10853,191065,954,42357,10886,233422,California
San Diego,2021-01-25,12167,287054,5705,132915,6462,154139,0,0,9155,197365,3004,45361,9304,242726,California
San Diego,2021-01-26,14601,301655,7314,140229,7287,161426,0,0,11329,205610,3267,48628,11512,254238,California
San Diego,2021-01-27,20298,321953,7669,147898,12629,174055,0,0,17217,219892,3067,51695,17349,271587,California
San Diego,2021-01-28,20903,342856,7261,155159,13642,187697,0,0,18645,236365,2248,53943,18721,290308,California
San Diego,2021-01-29,19546,362402,6307,161466,13239,200936,0,0,17127,251123,2409,56352,17167,307475,California
San Diego,2021-01-30,15691,378093,3465,164931,12226,213162,0,0,13019,261573,2663,59015,13113,320588,California
San Diego,2021-01-31,14430,392523,5401,170332,9029,222191,0,0,14078,275325,348,59363,14100,334688,California
San Diego,2021-02-01,20015,412538,6735,177067,13280,235471,0,0,16828,289054,3173,62536,16902,351590,California
San Diego,2021-02-02,22475,435013,7989,185056,14486,249957,0,0,18945,304645,3520,66056,19111,370701,California
San Diego,2021-02-03,26443,461456,10697,195753,15746,265703,0,0,22273,322946,4152,70208,22453,393154,California
San Diego,2021-02-04,23471,484927,9256,205009,14215,279918,0,0,18774,337320,4679,74887,19053,412207,California
San Diego,2021-02-05,24762,509689,8861,213870,15901,295819,0,0,18219,349506,6519,81406,18705,430912,California
San Diego,2021-02-06,20514,530203,8365,222235,12149,307968,0,0,17317,363852,3191,84597,17537,448449,California
San Diego,2021-02-07,11235,541438,4680,226915,6555,314523,0,0,9369,371627,1846,86443,9621,458070,California
San Diego,2021-02-08,19396,560834,7980,234895,11416,325939,0,0,11985,376906,7393,93836,12672,470742,California
San Diego,2021-02-09,19672,580506,7762,242657,11910,337849,0,0,12478,383276,7175,101011,13545,484287,California
San Diego,2021-02-10,22265,602771,8913,251570,13352,351201,0,0,13168,388729,9070,110081,14523,498810,California
San Diego,2021-02-11,22991,625762,9825,261395,13166,364367,0,0,11953,391342,11012,121093,13625,512435,California
San Diego,2021-02-12,23299,649061,6941,268336,16358,380725,0,0,11395,393105,11885,132978,13648,526083,California
San Diego,2021-02-13,19421,668482,8413,276749,11008,391733,0,0,10297,395480,9116,142094,11491,537574,California
San Diego,2021-02-14,10490,678972,6734,283483,3756,395489,0,0,5813,398130,4675,146769,7325,544899,California
San Diego,2021-02-15,14869,693841,7365,290848,7504,402993,0,0,7628,401578,7223,153992,10671,555570,California
San Diego,2021-02-16,18505,712346,10608,301456,7897,410890,0,0,8811,403732,9679,163671,11833,567403,California
San Diego,2021-02-17,22447,734793,10040,311496,12407,423297,0,0,7662,399775,14776,178447,10819,578222,California
San Diego,2021-02-18,22927,757720,11641,323137,11286,434583,0,0,7521,396048,15399,193846,11672,589894,California
San Diego,2021-02-19,15852,773572,10866,334003,4986,439569,0,0,6672,395601,9160,203006,8713,598607,California
San Diego,2021-02-20,9931,783503,6284,340287,3647,443216,0,0,5700,399015,4228,207234,7642,606249,California
San Diego,2021-02-21,10303,793806,9060,349347,1243,444459,0,0,4959,399919,5320,212554,6224,612473,California
San Diego,2021-02-22,12252,806058,10403,359750,1849,446308,0,0,6363,402075,5884,218438,8040,620513,California
San Diego,2021-02-23,25047,831105,13873,373623,11174,457482,0,0,9909,402734,15132,233570,15791,636304,California
San Diego,2021-02-24,28585,859690,12438,386061,16147,473629,0,0,7713,397064,20851,254421,15181,651485,California
San Diego,2021-02-25,32623,892313,14323,400384,18300,491929,0,0,10598,394128,22006,276427,19070,670555,California
San Diego,2021-02-26,33168,925481,12114,412498,21054,512983,0,0,12034,392119,21106,297533,19097,689652,California
San Diego,2021-02-27,20851,946332,9280,421778,11571,524554,0,0,11274,398083,9575,307108,15539,705191,California
San Diego,2021-02-28,14512,960844,9216,430994,5296,529850,0,0,9728,405910,4784,311892,12611,717802,California
San Diego,2021-03-01,23604,984448,13684,444678,9919,539769,1,1,15058,416398,8471,320363,18959,736761,California
San Diego,2021-03-02,25138,1009586,13410,458088,11728,551497,0,1,12679,423537,12453,332816,19592,756353,California
San Diego,2021-03-03,33518,1043104,15469,473557,18046,569543,3,4,14554,426163,18951,351767,21577,777930,California
San Diego,2021-03-04,27725,1070829,13764,487321,13961,583504,0,4,12736,430684,14972,366739,19493,797423,California
San Diego,2021-03-05,28502,1099331,14468,501789,13952,597456,82,86,13957,436986,14532,381271,20834,818257,California
San Diego,2021-03-06,22827,1122158,9330,511119,12794,610250,703,789,10631,440896,12188,393459,16098,834355,California
San Diego,2021-03-07,17887,1140045,9023,520142,8299,618549,565,1354,8371,444108,9512,402971,12724,847079,California
San Diego,2021-03-08,22156,1162201,10378,530520,10894,629443,884,2238,10685,449074,11458,414429,16424,863503,California
San Diego,2021-03-09,25208,1187409,11545,542065,11925,641368,1738,3976,11680,453001,13516,427945,17443,880946,California
San Diego,2021-03-10,24617,1212026,10186,552251,12065,653433,2366,6342,11117,457139,13492,441437,17630,898576,California
San Diego,2021-03-11,28451,1240477,10883,563134,13985,667418,3583,9925,11516,459346,16920,458357,19127,917703,California
San Diego,2021-03-12,26925,1267402,9411,572545,14401,681819,3113,13038,9927,458928,16985,475342,16567,934270,California
San Diego,2021-03-13,25693,1293095,7163,579708,16931,698750,1599,14637,9930,458863,15756,491098,15691,949961,California
San Diego,2021-03-14,13666,1306761,5335,585043,7598,706348,733,15370,4869,458006,8791,499889,7934,957895,California
San Diego,2021-03-15,21868,1328629,10133,595176,10970,717318,765,16135,10888,461838,10967,510856,14799,972694,California
San Diego,2021-03-16,29753,1358382,15700,610876,13665,730983,388,16523,17989,471558,11747,522603,21467,994161,California
San Diego,2021-03-17,26109,1384491,12168,623044,13238,744221,703,17226,17382,483014,8717,531320,20173,1014334,California
San Diego,2021-03-18,31177,1415668,17690,640734,12592,756813,895,18121,20374,495183,10785,542105,22954,1037288,California
San Diego,2021-03-19,30075,1445743,14273,655007,14824,771637,978,19099,19886,507155,10173,552278,22145,1059433,California
San Diego,2021-03-20,27663,1473406,8340,663347,17533,789170,1790,20889,22049,526517,5606,557884,24968,1084401,California
San Diego,2021-03-21,16452,1489858,11980,675327,3756,792926,716,21605,10492,533167,5952,563836,12602,1097003,California
San Diego,2021-03-22,22336,1512194,13083,688410,9014,801940,239,21844,16115,546119,6212,570048,19164,1116167,California
San Diego,2021-03-23,25753,1537947,13571,701981,11921,813861,261,22105,19585,561906,6157,576205,21944,1138111,California
San Diego,2021-03-24,29407,1567354,19655,721636,9390,823251,362,22467,20072,575150,9327,585532,22571,1160682,California
San Diego,2021-03-25,29970,1597324,18071,739707,11241,834492,658,23125,19749,587484,10212,595744,22546,1183228,California
San Diego,2021-03-26,31804,1629128,17710,757417,13562,848054,532,23657,19220,597783,12558,608302,22857,1206085,California
San Diego,2021-03-27,24893,1654021,10953,768370,13546,861600,394,24051,15214,605984,9664,617966,17865,1223950,California
San Diego,2021-03-28,14820,1668841,9156,777526,5608,867208,56,24107,9129,610937,5684,623650,10637,1234587,California
San Diego,2021-03-29,26342,1695183,12645,790171,13100,880308,597,24704,18542,624835,7794,631444,21692,1256279,California
San Diego,2021-03-30,32992,1728175,17771,807942,14439,894747,782,25486,23301,641085,9678,641122,25928,1282207,California
San Diego,2021-03-31,29981,1758156,18580,826522,10766,905513,635,26121,20440,653709,9522,650644,22146,1304353,California
San Diego,2021-04-01,33793,1791949,19883,846405,12563,918076,1347,27468,24421,671497,9350,659994,27138,1331491,California
San Diego,2021-04-02,35254,1827203,20557,866962,12177,930253,2520,29988,24128,688434,11107,671101,28044,1359535,California
San Diego,2021-04-03,30581,1857784,14363,881325,11746,941999,4472,34460,20070,703667,10498,681599,25731,1385266,California
San Diego,2021-04-04,8804,1866588,4986,886311,2927,944926,891,35351,4634,705197,4165,685764,5695,1390961,California
San Diego,2021-04-05,29093,1895681,14977,901288,11668,956594,2448,37799,19119,719246,9960,695724,24009,1414970,California
San Diego,2021-04-06,38252,1933933,20053,921341,12407,969001,5792,43591,22114,733118,16127,711851,29999,1444969,California
San Diego,2021-04-07,34445,1968378,21117,942458,8934,977935,4394,47985,19788,743849,14616,726467,25347,1470316,California
San Diego,2021-04-08,33285,2001663,19930,962388,9596,987531,3759,51744,20672,757864,12587,739054,26602,1496918,California
San Diego,2021-04-09,33724,2035387,20106,982494,9474,997005,4144,55888,18980,769281,14721,753775,26138,1523056,California
San Diego,2021-04-10,26219,2061606,10604,993098,12044,1009049,3571,59459,14164,777926,12044,765819,20689,1543745,California
San Diego,2021-04-11,7360,2068966,4496,997594,1841,1010890,1023,60482,4569,780805,2790,768609,5669,1549414,California
San Francisco,2020-12-15,7,7,7,7,0,0,0,0,7,7,0,0,7,7,California
San Francisco,2020-12-16,229,236,229,236,0,0,0,0,229,236,0,0,229,236,California
San Francisco,2020-12-17,395,631,395,631,0,0,0,0,395,631,0,0,395,631,California
San Francisco,2020-12-18,878,1509,877,1508,1,1,0,0,878,1509,0,0,878,1509,California
San Francisco,2020-12-19,601,2110,601,2109,0,1,0,0,601,2110,0,0,601,2110,California
San Francisco,2020-12-20,484,2594,484,2593,0,1,0,0,484,2594,0,0,484,2594,California
San Francisco,2020-12-21,1163,3757,1163,3756,0,1,0,0,1163,3757,0,0,1163,3757,California
San Francisco,2020-12-22,1400,5157,1366,5122,34,35,0,0,1400,5157,0,0,1400,5157,California
San Francisco,2020-12-23,1328,6485,1040,6162,288,323,0,0,1328,6485,0,0,1328,6485,California
San Francisco,2020-12-24,838,7323,502,6664,336,659,0,0,838,7323,0,0,838,7323,California
San Francisco,2020-12-25,33,7356,28,6692,5,664,0,0,33,7356,0,0,33,7356,California
San Francisco,2020-12-26,245,7601,151,6843,94,758,0,0,245,7601,0,0,245,7601,California
San Francisco,2020-12-27,273,7874,60,6903,213,971,0,0,273,7874,0,0,273,7874,California
San Francisco,2020-12-28,1269,9143,686,7589,583,1554,0,0,1269,9143,0,0,1269,9143,California
San Francisco,2020-12-29,1245,10388,622,8211,623,2177,0,0,1245,10388,0,0,1245,10388,California
San Francisco,2020-12-30,1481,11869,777,8988,704,2881,0,0,1481,11869,0,0,1481,11869,California
San Francisco,2020-12-31,962,12831,410,9398,552,3433,0,0,961,12830,0,0,961,12830,California
San Francisco,2021-01-01,67,12898,59,9457,8,3441,0,0,67,12897,0,0,67,12897,California
San Francisco,2021-01-02,333,13231,302,9759,31,3472,0,0,333,13230,0,0,333,13230,California
San Francisco,2021-01-03,293,13524,101,9860,192,3664,0,0,292,13521,1,1,292,13522,California
San Francisco,2021-01-04,1834,15358,1354,11214,480,4144,0,0,1831,15349,3,4,1831,15353,California
San Francisco,2021-01-05,2231,17589,1414,12628,817,4961,0,0,2196,17512,35,39,2198,17551,California
San Francisco,2021-01-06,1872,19461,1165,13793,707,5668,0,0,1607,18857,263,302,1608,19159,California
San Francisco,2021-01-07,2063,21524,1202,14995,861,6529,0,0,1608,20013,452,754,1608,20767,California
San Francisco,2021-01-08,2328,23852,1634,16629,694,7223,0,0,1490,20670,833,1587,1490,22257,California
San Francisco,2021-01-09,1387,25239,892,17521,495,7718,0,0,884,21053,503,2090,886,23143,California
San Francisco,2021-01-10,920,26159,542,18063,378,8096,0,0,460,21054,459,2549,460,23603,California
San Francisco,2021-01-11,2504,28663,1873,19936,631,8727,0,0,1403,21355,1102,3651,1403,25006,California
San Francisco,2021-01-12,3084,31747,2056,21992,1028,9755,0,0,1891,22054,1193,4844,1892,26898,California
San Francisco,2021-01-13,2813,34560,1598,23590,1215,10970,0,0,1986,23213,827,5671,1986,28884,California
San Francisco,2021-01-14,2428,36988,1093,24683,1335,12305,0,0,1869,24524,559,6230,1870,30754,California
San Francisco,2021-01-15,2737,39725,1144,25827,1593,13898,0,0,2346,26483,389,6619,2348,33102,California
San Francisco,2021-01-16,2245,41970,964,26791,1281,15179,0,0,2081,28400,164,6783,2081,35183,California
San Francisco,2021-01-17,1918,43888,532,27323,1386,16565,0,0,1703,29888,215,6998,1703,36886,California
San Francisco,2021-01-18,1374,45262,590,27913,784,17349,0,0,1110,30737,263,7261,1112,37998,California
San Francisco,2021-01-19,2567,47829,1471,29384,1096,18445,0,0,1824,31818,743,8004,1824,39822,California
San Francisco,2021-01-20,2698,50527,1083,30467,1615,20060,0,0,1953,33030,742,8746,1954,41776,California
San Francisco,2021-01-21,3288,53815,928,31395,2360,22420,0,0,2467,34678,819,9565,2467,44243,California
San Francisco,2021-01-22,3164,56979,629,32024,2535,24955,0,0,2724,36964,438,10003,2724,46967,California
San Francisco,2021-01-23,3089,60068,608,32632,2481,27436,0,0,2722,39321,366,10369,2723,49690,California
San Francisco,2021-01-24,2423,62491,359,32991,2064,29500,0,0,2196,41293,224,10593,2196,51886,California
San Francisco,2021-01-25,4563,67054,1772,34763,2791,32291,0,0,3023,42779,1538,12131,3024,54910,California
San Francisco,2021-01-26,4647,71701,2125,36888,2522,34813,0,0,3060,44257,1584,13715,3062,57972,California
San Francisco,2021-01-27,4421,76122,2081,38969,2340,37153,0,0,3072,45984,1345,15060,3072,61044,California
San Francisco,2021-01-28,3746,79868,1550,40519,2196,39349,0,0,2582,47407,1159,16219,2582,63626,California
San Francisco,2021-01-29,4709,84577,1677,42196,3032,42381,0,0,3441,49587,1261,17480,3441,67067,California
San Francisco,2021-01-30,3765,88342,1837,44033,1928,44309,0,0,3322,52470,442,17922,3325,70392,California
San Francisco,2021-01-31,2347,90689,821,44854,1526,45835,0,0,2196,54517,150,18072,2197,72589,California
San Francisco,2021-02-01,3772,94461,1513,46367,2259,48094,0,0,2875,56496,897,18969,2876,75465,California
San Francisco,2021-02-02,4639,99100,1958,48325,2681,50775,0,0,2875,57613,1758,20727,2875,78340,California
San Francisco,2021-02-03,5044,104144,2360,50685,2684,53459,0,0,3749,60070,1293,22020,3750,82090,California
San Francisco,2021-02-04,5015,109159,2432,53117,2583,56042,0,0,3853,62763,1160,23180,3853,85943,California
San Francisco,2021-02-05,5916,115075,3193,56310,2723,58765,0,0,4586,66023,1327,24507,4587,90530,California
San Francisco,2021-02-06,5458,120533,3643,59953,1815,60580,0,0,4559,69688,897,25404,4562,95092,California
San Francisco,2021-02-07,4322,124855,3174,63127,1148,61728,0,0,3747,72864,574,25978,3750,98842,California
San Francisco,2021-02-08,6682,131537,4601,67728,2081,63809,0,0,5477,77155,1188,27166,5479,104321,California
San Francisco,2021-02-09,5914,137451,3984,71712,1930,65739,0,0,4361,79967,1550,28716,4362,108683,California
San Francisco,2021-02-10,6828,144279,4168,75880,2660,68399,0,0,5066,83282,1754,30470,5069,113752,California
San Francisco,2021-02-11,6674,150953,3954,79834,2720,71119,0,0,4867,86345,1805,32275,4868,118620,California
San Francisco,2021-02-12,5298,156251,2660,82494,2638,73757,0,0,3474,87996,1823,34098,3474,122094,California
San Francisco,2021-02-13,4352,160603,2550,85044,1802,75559,0,0,3030,89706,1322,35420,3032,125126,California
San Francisco,2021-02-14,3411,164014,2236,87280,1175,76734,0,0,2291,90879,1119,36539,2292,127418,California
San Francisco,2021-02-15,2764,166778,1501,88781,1263,77997,0,0,1673,91463,1089,37628,1673,129091,California
San Francisco,2021-02-16,4974,171752,2722,91503,2252,80249,0,0,2955,92411,2013,39641,2961,132052,California
San Francisco,2021-02-17,5391,177143,2678,94181,2713,82962,0,0,2954,92939,2428,42069,2956,135008,California
San Francisco,2021-02-18,5363,182506,2623,96804,2740,85702,0,0,2808,93196,2554,44623,2811,137819,California
San Francisco,2021-02-19,5616,188122,2638,99442,2978,88680,0,0,2924,93436,2686,47309,2926,140745,California
San Francisco,2021-02-20,4509,192631,2170,101612,2339,91019,0,0,1700,92336,2801,50110,1701,142446,California
San Francisco,2021-02-21,2728,195359,1359,102971,1369,92388,0,0,1135,91883,1589,51699,1136,143582,California
San Francisco,2021-02-22,5082,200441,3165,106136,1917,94305,0,0,2552,91916,2522,54221,2555,146137,California
San Francisco,2021-02-23,5427,205868,3070,109206,2357,96662,0,0,2758,92010,2664,56885,2758,148895,California
San Francisco,2021-02-24,8943,214811,5062,114268,3881,100543,0,0,4772,92621,4162,61047,4773,153668,California
San Francisco,2021-02-25,9726,224537,6846,121114,2880,103423,0,0,6284,95465,3442,64489,6286,159954,California
San Francisco,2021-02-26,11876,236413,7717,128831,4159,107582,0,0,7040,97667,4839,69328,7041,166995,California
San Francisco,2021-02-27,8858,245271,5633,134464,3224,110806,1,1,4495,97812,4352,73680,4497,171492,California
San Francisco,2021-02-28,7696,252967,5524,139988,2172,112978,0,1,3833,97784,3862,77542,3834,175326,California
San Francisco,2021-03-01,10615,263582,7125,147113,3490,116468,0,1,5136,97460,5463,83005,5139,180465,California
San Francisco,2021-03-02,8787,272369,5603,152716,3184,119652,0,1,5101,98882,3680,86685,5102,185567,California
San Francisco,2021-03-03,10761,283130,6153,158869,4607,124259,1,2,5798,99730,4954,91639,5802,191369,California
San Francisco,2021-03-04,8575,291705,5398,164267,3177,127436,0,2,4839,100838,3731,95370,4839,196208,California
San Francisco,2021-03-05,8567,300272,5074,169341,3491,130927,2,4,5378,103040,3179,98549,5381,201589,California
San Francisco,2021-03-06,6828,307100,4400,173741,2221,133148,207,211,4189,104782,2652,101201,4394,205983,California
San Francisco,2021-03-07,5088,312188,3956,177697,1076,134224,56,267,2857,105451,2245,103446,2914,208897,California
San Francisco,2021-03-08,7082,319270,5138,182835,1762,135986,182,449,5548,109615,1567,105013,5731,214628,California
San Francisco,2021-03-09,6643,325913,3887,186722,2384,138370,372,821,4540,112413,2110,107123,4908,219536,California
San Francisco,2021-03-10,10259,336172,5850,192572,3921,142291,488,1309,6283,115229,3956,111079,6772,226308,California
San Francisco,2021-03-11,9910,346082,6318,198890,2644,144935,948,2257,6502,119281,3393,114472,7445,233753,California
San Francisco,2021-03-12,10612,356694,6211,205101,3104,148039,1297,3554,5916,121821,4671,119143,7211,240964,California
San Francisco,2021-03-13,6487,363181,3814,208915,1656,149695,1017,4571,4053,124462,2427,121570,5068,246032,California
San Francisco,2021-03-14,7467,370648,4838,213753,2395,152090,234,4805,4036,125312,3420,124990,4270,250302,California
San Francisco,2021-03-15,11889,382537,9061,222814,1896,153986,932,5737,8239,130839,3637,128627,9164,259466,California
San Francisco,2021-03-16,11960,394497,8154,230968,3351,157337,455,6192,8697,136740,3249,131876,9150,268616,California
San Francisco,2021-03-17,13100,407597,8112,239080,4448,161785,540,6732,9500,143203,3573,135449,10036,278652,California
San Francisco,2021-03-18,9849,417446,6719,245799,2543,164328,587,7319,5620,145205,4203,139652,6205,284857,California
San Francisco,2021-03-19,11937,429383,8694,254493,2779,167107,464,7783,6366,146484,5550,145202,6829,291686,California
San Francisco,2021-03-20,8551,437934,6386,260879,1808,168915,357,8140,5152,148624,3371,148573,5511,297197,California
San Francisco,2021-03-21,6435,444369,5886,266765,415,169330,134,8274,3682,149697,2743,151316,3816,301013,California
San Francisco,2021-03-22,9647,454016,6809,273574,1997,171327,841,9115,5084,151079,4542,155858,5924,306937,California
San Francisco,2021-03-23,11051,465067,7341,280915,3063,174390,647,9762,6710,154120,4313,160171,7354,314291,California
San Francisco,2021-03-24,12210,477277,9367,290282,2309,176699,534,10296,6349,155174,5827,165998,6881,321172,California
San Francisco,2021-03-25,11706,488983,8615,298897,2547,179246,544,10840,5899,155867,5748,171746,6441,327613,California
San Francisco,2021-03-26,11735,500718,8163,307060,3346,182592,226,11066,6098,156580,5608,177354,6321,333934,California
San Francisco,2021-03-27,8459,509177,5727,312787,2503,185095,229,11295,3891,156148,4552,181906,4120,338054,California
San Francisco,2021-03-28,6537,515714,5219,318006,1277,186372,41,11336,3153,155974,3366,185272,3192,341246,California
San Francisco,2021-03-29,11343,527057,7871,325877,3295,189667,177,11513,5159,155149,6161,191433,5336,346582,California
San Francisco,2021-03-30,11404,538461,7150,333027,3972,193639,282,11795,6868,157786,4513,195946,7150,353732,California
San Francisco,2021-03-31,12043,550504,7995,341022,3764,197403,284,12079,5690,157432,6323,202269,5969,359701,California
San Francisco,2021-04-01,13549,564053,7227,348249,4706,202109,1616,13695,5902,157332,7616,209885,7516,367217,California
San Francisco,2021-04-02,14495,578548,6404,354653,6299,208408,1792,15487,6881,158409,7595,217480,8672,375889,California
San Francisco,2021-04-03,10207,588755,4747,359400,3687,212095,1773,17260,4688,159361,5507,222987,6459,382348,California
San Francisco,2021-04-04,8810,597565,4627,364027,2579,214674,1604,18864,3486,159139,5314,228301,5092,387440,California
San Francisco,2021-04-05,15568,613133,9525,373552,4203,218877,1840,20704,6203,157839,9340,237641,8040,395480,California
San Francisco,2021-04-06,15901,629034,9377,382929,4421,223298,2103,22807,6260,156578,9621,247262,8360,403840,California
San Francisco,2021-04-07,16470,645504,9891,392820,4316,227614,2263,25070,6884,156149,9564,256826,9135,412975,California
San Francisco,2021-04-08,14009,659513,6674,399494,2931,230545,4404,29474,4671,155895,9312,266138,9058,422033,California
San Francisco,2021-04-09,11393,670906,4842,404336,4423,234968,2128,31602,5967,158578,5403,271541,8086,430119,California
San Francisco,2021-04-10,8265,679171,2682,407018,5102,240070,481,32083,5992,162793,2254,273795,6469,436588,California
San Francisco,2021-04-11,5115,684286,4018,411036,1052,241122,45,32128,4055,165838,1055,274850,4100,440688,California
San Joaquin,2020-12-15,12,12,12,12,0,0,0,0,12,12,0,0,12,12,California
San Joaquin,2020-12-16,437,449,437,449,0,0,0,0,437,449,0,0,437,449,California
San Joaquin,2020-12-17,385,834,385,834,0,0,0,0,385,834,0,0,385,834,California
San Joaquin,2020-12-18,572,1406,546,1380,26,26,0,0,572,1406,0,0,572,1406,California
San Joaquin,2020-12-19,199,1605,199,1579,0,26,0,0,199,1605,0,0,199,1605,California
San Joaquin,2020-12-20,113,1718,112,1691,1,27,0,0,113,1718,0,0,113,1718,California
San Joaquin,2020-12-21,554,2272,550,2241,4,31,0,0,554,2272,0,0,554,2272,California
San Joaquin,2020-12-22,1055,3327,896,3137,159,190,0,0,1054,3326,0,0,1054,3326,California
San Joaquin,2020-12-23,1025,4352,958,4095,67,257,0,0,1023,4349,0,0,1023,4349,California
San Joaquin,2020-12-24,221,4573,193,4288,28,285,0,0,220,4569,0,0,220,4569,California
San Joaquin,2020-12-25,14,4587,14,4302,0,285,0,0,14,4583,0,0,14,4583,California
San Joaquin,2020-12-26,101,4688,29,4331,72,357,0,0,101,4684,0,0,101,4684,California
San Joaquin,2020-12-27,40,4728,29,4360,11,368,0,0,40,4724,0,0,40,4724,California
San Joaquin,2020-12-28,649,5377,443,4803,206,574,0,0,649,5373,0,0,649,5373,California
San Joaquin,2020-12-29,877,6254,740,5543,137,711,0,0,877,6250,0,0,877,6250,California
San Joaquin,2020-12-30,1054,7308,747,6290,307,1018,0,0,1053,7303,0,0,1053,7303,California
San Joaquin,2020-12-31,449,7757,200,6490,249,1267,0,0,450,7753,0,0,450,7753,California
San Joaquin,2021-01-01,17,7774,10,6500,7,1274,0,0,17,7770,0,0,17,7770,California
San Joaquin,2021-01-02,254,8028,233,6733,21,1295,0,0,253,8023,0,0,253,8023,California
San Joaquin,2021-01-03,36,8064,19,6752,17,1312,0,0,35,8057,1,1,35,8058,California
San Joaquin,2021-01-04,483,8547,341,7093,142,1454,0,0,480,8537,0,1,480,8538,California
San Joaquin,2021-01-05,1041,9588,710,7803,331,1785,0,0,820,9171,222,223,856,9394,California
San Joaquin,2021-01-06,1307,10895,787,8590,520,2305,0,0,941,9756,359,582,944,10338,California
San Joaquin,2021-01-07,1132,12027,723,9313,409,2714,0,0,808,10245,320,902,809,11147,California
San Joaquin,2021-01-08,1334,13361,944,10257,390,3104,0,0,802,10520,528,1430,803,11950,California
San Joaquin,2021-01-09,378,13739,301,10558,77,3181,0,0,248,10638,130,1560,248,12198,California
San Joaquin,2021-01-10,220,13959,114,10672,106,3287,0,0,168,10754,52,1612,168,12366,California
San Joaquin,2021-01-11,1582,15541,1377,12049,205,3492,0,0,902,11004,679,2291,929,13295,California
San Joaquin,2021-01-12,1506,17047,1072,13121,434,3926,0,0,710,10972,793,3084,761,14056,California
San Joaquin,2021-01-13,1513,18560,850,13971,663,4589,0,0,985,11432,529,3613,989,15045,California
San Joaquin,2021-01-14,1607,20167,905,14876,702,5291,0,0,1247,12356,329,3942,1253,16298,California
San Joaquin,2021-01-15,1597,21764,668,15544,929,6220,0,0,1355,13491,222,4164,1357,17655,California
San Joaquin,2021-01-16,1172,22936,191,15735,981,7201,0,0,1148,14615,24,4188,1148,18803,California
San Joaquin,2021-01-17,1650,24586,129,15864,1521,8722,0,0,1616,16199,34,4222,1618,20421,California
San Joaquin,2021-01-18,762,25348,234,16098,528,9250,0,0,645,16731,113,4335,645,21066,California
San Joaquin,2021-01-19,1899,27247,892,16990,1007,10257,0,0,1195,17231,700,5035,1200,22266,California
San Joaquin,2021-01-20,2147,29394,1319,18309,828,11085,0,0,1465,18021,680,5715,1470,23736,California
San Joaquin,2021-01-21,2047,31441,940,19249,1107,12192,0,0,1624,19233,417,6132,1629,25365,California
San Joaquin,2021-01-22,2031,33472,966,20215,1065,13257,0,0,1889,20986,139,6271,1892,27257,California
San Joaquin,2021-01-23,931,34403,401,20616,530,13787,0,0,654,21366,276,6547,656,27913,California
San Joaquin,2021-01-24,333,34736,131,20747,202,13989,0,0,314,21663,17,6564,314,28227,California
San Joaquin,2021-01-25,2039,36775,1174,21921,865,14854,0,0,1462,22554,575,7139,1466,29693,California
San Joaquin,2021-01-26,2218,38993,1164,23085,1054,15908,0,0,1577,23497,638,7777,1581,31274,California
San Joaquin,2021-01-27,1811,40804,823,23908,988,16896,0,0,1298,24291,510,8287,1304,32578,California
San Joaquin,2021-01-28,2146,42950,859,24767,1287,18183,0,0,1459,25068,685,8972,1462,34040,California
San Joaquin,2021-01-29,2255,45205,1138,25905,1117,19300,0,0,1883,26591,367,9339,1890,35930,California
San Joaquin,2021-01-30,2397,47602,344,26249,2053,21353,0,0,2207,28629,171,9510,2209,38139,California
San Joaquin,2021-01-31,1570,49172,176,26425,1394,22747,0,0,1501,30077,54,9564,1502,39641,California
San Joaquin,2021-02-01,2618,51790,1412,27837,1206,23953,0,0,1849,31161,767,10331,1851,41492,California
San Joaquin,2021-02-02,2684,54474,1239,29076,1445,25398,0,0,2054,32646,573,10904,2058,43550,California
San Joaquin,2021-02-03,3177,57651,1308,30384,1869,27267,0,0,2288,34053,885,11789,2292,45842,California
San Joaquin,2021-02-04,3541,61192,1805,32189,1736,29003,0,0,2731,35978,808,12597,2733,48575,California
San Joaquin,2021-02-05,3358,64550,1959,34148,1399,30402,0,0,2491,37608,864,13461,2494,51069,California
San Joaquin,2021-02-06,1138,65688,791,34939,347,30749,0,0,965,38404,171,13632,967,52036,California
San Joaquin,2021-02-07,608,66296,483,35422,125,30874,0,0,412,38627,189,13821,412,52448,California
San Joaquin,2021-02-08,1821,68117,1061,36483,760,31634,0,0,1495,39818,308,14129,1499,53947,California
San Joaquin,2021-02-09,2128,70245,1172,37655,956,32590,0,0,1630,40996,453,14582,1631,55578,California
San Joaquin,2021-02-10,2656,72901,1300,38955,1356,33946,0,0,1385,41137,1244,15826,1385,56963,California
San Joaquin,2021-02-11,2945,75846,1559,40514,1386,35332,0,0,1791,41795,1138,16964,1796,58759,California
San Joaquin,2021-02-12,2850,78696,1196,41710,1654,36986,0,0,1688,42328,1159,18123,1692,60451,California
San Joaquin,2021-02-13,2122,80818,398,42108,1724,38710,0,0,849,41919,1264,19387,855,61306,California
San Joaquin,2021-02-14,1890,82708,258,42366,1632,40342,0,0,682,41409,1193,20580,683,61989,California
San Joaquin,2021-02-15,1969,84677,828,43194,1141,41483,0,0,1198,41862,749,21329,1202,63191,California
San Joaquin,2021-02-16,3189,87866,1454,44648,1735,43218,0,0,1738,42165,1441,22770,1744,64935,California
San Joaquin,2021-02-17,3402,91268,1366,46014,2036,45254,0,0,1938,42656,1451,24221,1942,66877,California
San Joaquin,2021-02-18,3516,94784,1494,47508,2022,47276,0,0,2012,43194,1481,25702,2019,68896,California
San Joaquin,2021-02-19,4692,99476,2778,50286,1914,49190,0,0,2818,44173,1840,27542,2819,71715,California
San Joaquin,2021-02-20,1662,101138,643,50929,1019,50209,0,0,1155,44822,506,28048,1155,72870,California
San Joaquin,2021-02-21,625,101763,469,51398,156,50365,0,0,401,44999,225,28273,402,73272,California
San Joaquin,2021-02-22,4122,105885,3048,54446,1074,51439,0,0,3077,47064,1017,29290,3082,76354,California
San Joaquin,2021-02-23,4884,110769,3277,57723,1607,53046,0,0,3282,48773,1579,30869,3288,79642,California
San Joaquin,2021-02-24,6697,117466,4291,62014,2406,55452,0,0,5012,52122,1667,32536,5016,84658,California
San Joaquin,2021-02-25,7156,124622,4777,66791,2379,57831,0,0,4877,54756,2253,34789,4887,89545,California
San Joaquin,2021-02-26,6004,130626,3370,70161,2634,60465,0,0,4242,57272,1734,36523,4250,93795,California
San Joaquin,2021-02-27,5594,136220,1609,71770,3985,64450,0,0,2642,57013,2916,39439,2657,96452,California
San Joaquin,2021-02-28,3027,139247,1087,72857,1940,66390,0,0,1997,57995,1018,40457,2000,98452,California
San Joaquin,2021-03-01,4127,143374,1808,74665,2319,68709,0,0,2322,58535,1791,42248,2331,100783,California
San Joaquin,2021-03-02,4187,147561,1679,76344,2508,71217,0,0,2607,59635,1567,43815,2667,103450,California
San Joaquin,2021-03-03,6229,153790,3923,80267,2304,73521,2,2,4596,62615,1616,45431,4596,108046,California
San Joaquin,2021-03-04,5292,159082,2464,82731,2827,76348,1,3,3217,63854,1986,47417,3225,111271,California
San Joaquin,2021-03-05,4499,163581,1955,84686,2542,78890,2,5,3071,65511,1419,48836,3076,114347,California
San Joaquin,2021-03-06,3581,167162,2457,87143,995,79885,129,134,2995,68052,586,49422,3127,117474,California
San Joaquin,2021-03-07,1218,168380,548,87691,627,80512,43,177,946,68770,257,49679,975,118449,California
San Joaquin,2021-03-08,3127,171507,1246,88937,1760,82272,121,298,2114,69997,1007,50686,2234,120683,California
San Joaquin,2021-03-09,4128,175635,1863,90800,2138,84410,127,425,2724,71455,1394,52080,2852,123535,California
San Joaquin,2021-03-10,4919,180554,2666,93466,2115,86525,138,563,3651,73986,1258,53338,3789,127324,California
San Joaquin,2021-03-11,5054,185608,2429,95895,2035,88560,590,1153,2944,75422,2102,55440,3538,130862,California
San Joaquin,2021-03-12,6655,192263,3535,99430,2798,91358,322,1475,4234,77572,2407,57847,4557,135419,California
San Joaquin,2021-03-13,3139,195402,1571,101001,1444,92802,124,1599,2394,79358,737,58584,2523,137942,California
San Joaquin,2021-03-14,2143,197545,666,101667,1177,93979,300,1899,1041,79603,1100,59684,1345,139287,California
San Joaquin,2021-03-15,6636,204181,4088,105755,2152,96131,396,2295,3315,80023,3306,62990,3726,143013,California
San Joaquin,2021-03-16,7680,211861,4722,110477,2710,98841,248,2543,4308,81228,3361,66351,4566,147579,California
San Joaquin,2021-03-17,8890,220751,5814,116291,3002,101843,74,2617,4702,81845,4170,70521,4787,152366,California
San Joaquin,2021-03-18,8543,229294,5412,121703,2625,104468,506,3123,3898,81640,4613,75134,4408,156774,California
San Joaquin,2021-03-19,8472,237766,5088,126791,2844,107312,540,3663,4882,83529,3579,78713,5468,162242,California
San Joaquin,2021-03-20,3780,241546,2109,128900,1431,108743,240,3903,1875,83764,1892,80605,2127,164369,California
San Joaquin,2021-03-21,2313,243859,1680,130580,427,109170,206,4109,1412,84530,896,81501,1662,166031,California
San Joaquin,2021-03-22,4300,248159,2349,132929,1537,110707,414,4523,2694,86049,1596,83097,3115,169146,California
San Joaquin,2021-03-23,5593,253752,2865,135794,2563,113270,165,4688,3967,88570,1614,84711,4135,173281,California
San Joaquin,2021-03-24,7419,261171,4780,140574,2553,115823,86,4774,3232,87722,4174,88885,3326,176607,California
San Joaquin,2021-03-25,5824,266995,3549,144123,2238,118061,37,4811,3584,89127,2222,91107,3627,180234,California
San Joaquin,2021-03-26,6312,273307,2639,146762,3527,121588,146,4957,3357,89725,2926,94033,3524,183758,California
San Joaquin,2021-03-27,5074,278381,2903,149665,2130,123718,41,4998,2070,88862,2987,97020,2124,185882,California
San Joaquin,2021-03-28,2986,281367,2082,151747,879,124597,25,5023,1596,89193,1377,98397,1708,187590,California
San Joaquin,2021-03-29,4137,285504,2295,154042,1820,126417,22,5045,2178,89472,1948,100345,2227,189817,California
San Joaquin,2021-03-30,6386,291890,3388,157430,2964,129381,34,5079,3753,90666,2620,102965,3814,193631,California
San Joaquin,2021-03-31,6796,298686,4325,161755,2414,131795,57,5136,3549,91062,3237,106202,3633,197264,California
San Joaquin,2021-04-01,6584,305270,3196,164951,3314,135109,74,5210,3682,91989,2895,109097,3822,201086,California
San Joaquin,2021-04-02,6028,311298,2600,167551,2951,138060,477,5687,2483,91465,3526,112623,3002,204088,California
San Joaquin,2021-04-03,3987,315285,2198,169749,1482,139542,307,5994,1846,91498,2131,114754,2164,206252,California
San Joaquin,2021-04-04,1691,316976,790,170539,717,140259,184,6178,1024,92044,664,115418,1210,207462,California
San Joaquin,2021-04-05,3930,320906,2337,172876,1454,141713,139,6317,2189,92649,1737,117155,2342,209804,California
San Joaquin,2021-04-06,6932,327838,4463,177339,2236,143949,233,6550,3345,92664,3577,120732,3592,213396,California
San Joaquin,2021-04-07,7282,335120,3619,180958,2275,146224,1388,7938,3046,92891,4226,124958,4453,217849,California
San Joaquin,2021-04-08,6845,341965,2981,183939,1905,148129,1959,9897,2562,93146,4274,129232,4529,222378,California
San Joaquin,2021-04-09,5770,347735,1523,185462,2951,151080,1296,11193,2366,93433,3396,132628,3683,226061,California
San Joaquin,2021-04-10,4620,352355,1257,186719,1760,152840,1603,12796,1579,93579,3039,135667,3185,229246,California
San Joaquin,2021-04-11,3252,355607,1034,187753,1314,154154,904,13700,1252,93736,1997,137664,2154,231400,California
San Luis Obispo,2020-12-16,4,4,4,4,0,0,0,0,4,4,0,0,4,4,California
San Luis Obispo,2020-12-17,196,200,196,200,0,0,0,0,196,200,0,0,196,200,California
San Luis Obispo,2020-12-18,224,424,224,424,0,0,0,0,224,424,0,0,224,424,California
San Luis Obispo,2020-12-19,162,586,162,586,0,0,0,0,162,586,0,0,162,586,California
San Luis Obispo,2020-12-20,215,801,215,801,0,0,0,0,215,801,0,0,215,801,California
San Luis Obispo,2020-12-21,550,1351,550,1351,0,0,0,0,550,1351,0,0,550,1351,California
San Luis Obispo,2020-12-22,307,1658,303,1654,4,4,0,0,307,1658,0,0,307,1658,California
San Luis Obispo,2020-12-23,681,2339,368,2022,313,317,0,0,681,2339,0,0,681,2339,California
San Luis Obispo,2020-12-24,195,2534,19,2041,176,493,0,0,195,2534,0,0,195,2534,California
San Luis Obispo,2020-12-25,2,2536,1,2042,1,494,0,0,2,2536,0,0,2,2536,California
San Luis Obispo,2020-12-26,90,2626,12,2054,78,572,0,0,90,2626,0,0,90,2626,California
San Luis Obispo,2020-12-27,76,2702,0,2054,76,648,0,0,76,2702,0,0,76,2702,California
San Luis Obispo,2020-12-28,879,3581,430,2484,449,1097,0,0,879,3581,0,0,879,3581,California
San Luis Obispo,2020-12-29,903,4484,502,2986,401,1498,0,0,903,4484,0,0,903,4484,California
San Luis Obispo,2020-12-30,1174,5658,681,3667,493,1991,0,0,1174,5658,0,0,1174,5658,California
San Luis Obispo,2020-12-31,106,5764,4,3671,102,2093,0,0,106,5764,0,0,106,5764,California
San Luis Obispo,2021-01-01,11,5775,7,3678,4,2097,0,0,11,5775,0,0,11,5775,California
San Luis Obispo,2021-01-02,33,5808,8,3686,25,2122,0,0,33,5808,0,0,33,5808,California
San Luis Obispo,2021-01-03,16,5824,6,3692,10,2132,0,0,16,5824,0,0,16,5824,California
San Luis Obispo,2021-01-04,676,6500,524,4216,152,2284,0,0,676,6500,0,0,676,6500,California
San Luis Obispo,2021-01-05,976,7476,758,4974,218,2502,0,0,974,7472,2,2,974,7474,California
San Luis Obispo,2021-01-06,727,8203,482,5456,245,2747,0,0,719,8184,7,9,719,8193,California
San Luis Obispo,2021-01-07,1128,9331,950,6406,178,2925,0,0,686,8428,442,451,686,8879,California
San Luis Obispo,2021-01-08,881,10212,805,7211,76,3001,0,0,512,8572,368,819,512,9391,California
San Luis Obispo,2021-01-09,205,10417,196,7407,9,3010,0,0,28,8423,177,996,28,9419,California
San Luis Obispo,2021-01-10,12,10429,8,7415,4,3014,0,0,8,8427,4,1000,8,9427,California
San Luis Obispo,2021-01-11,524,10953,474,7889,50,3064,0,0,263,8430,260,1260,263,9690,California
San Luis Obispo,2021-01-12,598,11551,380,8269,218,3282,0,0,320,8472,278,1538,320,10010,California
San Luis Obispo,2021-01-13,880,12431,253,8522,627,3909,0,0,642,8878,236,1774,642,10652,California
San Luis Obispo,2021-01-14,729,13160,243,8765,486,4395,0,0,604,9370,112,1886,604,11256,California
San Luis Obispo,2021-01-15,730,13890,288,9053,442,4837,0,0,554,9753,171,2057,554,11810,California
San Luis Obispo,2021-01-16,99,13989,81,9134,18,4855,0,0,94,9842,5,2062,94,11904,California
San Luis Obispo,2021-01-17,66,14055,60,9194,6,4861,0,0,66,9908,0,2062,66,11970,California
San Luis Obispo,2021-01-18,1372,15427,389,9583,983,5844,0,0,1110,10756,262,2324,1110,13080,California
San Luis Obispo,2021-01-19,1584,17011,418,10001,1166,7010,0,0,1177,11526,407,2731,1177,14257,California
San Luis Obispo,2021-01-20,1880,18891,595,10596,1285,8295,0,0,1290,12229,588,3319,1291,15548,California
San Luis Obispo,2021-01-21,1571,20462,466,11062,1105,9400,0,0,1197,13057,370,3689,1198,16746,California
San Luis Obispo,2021-01-22,1520,21982,508,11570,1012,10412,0,0,1205,13949,313,4002,1205,17951,California
San Luis Obispo,2021-01-23,310,22292,292,11862,18,10430,0,0,294,14227,16,4018,294,18245,California
San Luis Obispo,2021-01-24,243,22535,236,12098,7,10437,0,0,237,14458,6,4024,237,18482,California
San Luis Obispo,2021-01-25,2072,24607,607,12705,1465,11902,0,0,1245,14876,827,4851,1245,19727,California
San Luis Obispo,2021-01-26,2004,26611,703,13408,1301,13203,0,0,1137,15147,866,5717,1137,20864,California
San Luis Obispo,2021-01-27,1612,28223,282,13690,1330,14533,0,0,1150,15835,462,6179,1150,22014,California
San Luis Obispo,2021-01-28,1477,29700,334,14024,1143,15676,0,0,1216,16791,260,6439,1216,23230,California
San Luis Obispo,2021-01-29,1730,31430,677,14701,1053,16729,0,0,1446,17953,284,6723,1446,24676,California
San Luis Obispo,2021-01-30,37,31467,18,14719,19,16748,0,0,26,17969,10,6733,26,24702,California
San Luis Obispo,2021-01-31,26,31493,20,14739,6,16754,0,0,23,17989,3,6736,23,24725,California
San Luis Obispo,2021-02-01,1662,33155,703,15442,959,17713,0,0,1393,19114,268,7004,1393,26118,California
San Luis Obispo,2021-02-02,1893,35048,675,16117,1218,18931,0,0,1519,20259,374,7378,1519,27637,California
San Luis Obispo,2021-02-03,1700,36748,727,16844,973,19904,0,0,1288,21135,412,7790,1288,28925,California
San Luis Obispo,2021-02-04,1654,38402,799,17643,855,20759,0,0,1088,21657,566,8356,1088,30013,California
San Luis Obispo,2021-02-05,1596,39998,718,18361,878,21637,0,0,1053,22167,544,8900,1054,31067,California
San Luis Obispo,2021-02-06,160,40158,93,18454,67,21704,0,0,94,22195,66,8966,94,31161,California
San Luis Obispo,2021-02-07,143,40301,98,18552,45,21749,0,0,73,22199,70,9036,74,31235,California
San Luis Obispo,2021-02-08,854,41155,469,19021,385,22134,0,0,496,22338,357,9393,496,31731,California
San Luis Obispo,2021-02-09,1123,42278,447,19468,676,22810,0,0,541,22310,576,9969,548,32279,California
San Luis Obispo,2021-02-10,1423,43701,485,19953,938,23748,0,0,520,21933,900,10869,523,32802,California
San Luis Obispo,2021-02-11,1329,45030,843,20796,486,24234,0,0,655,21917,671,11540,655,33457,California
San Luis Obispo,2021-02-12,777,45807,362,21158,415,24649,0,0,413,21965,365,11905,413,33870,California
San Luis Obispo,2021-02-13,386,46193,124,21282,262,24911,0,0,280,22140,105,12010,280,34150,California
San Luis Obispo,2021-02-14,316,46509,42,21324,274,25185,0,0,279,22383,37,12047,280,34430,California
San Luis Obispo,2021-02-15,710,47219,137,21461,573,25758,0,0,458,22592,249,12296,458,34888,California
San Luis Obispo,2021-02-16,2961,50180,1194,22655,1767,27525,0,0,1359,22355,1596,13892,1359,36247,California
San Luis Obispo,2021-02-17,2770,52950,1237,23892,1533,29058,0,0,1028,21648,1735,15627,1028,37275,California
San Luis Obispo,2021-02-18,2810,55760,1446,25338,1364,30422,0,0,1121,21089,1681,17308,1122,38397,California
San Luis Obispo,2021-02-19,1450,57210,1332,26670,118,30540,0,0,1129,21898,320,17628,1129,39526,California
San Luis Obispo,2021-02-20,247,57457,79,26749,168,30708,0,0,212,22075,35,17663,212,39738,California
San Luis Obispo,2021-02-21,48,57505,45,26794,3,30711,0,0,29,22085,19,17682,29,39767,California
San Luis Obispo,2021-02-22,2402,59907,1858,28652,544,31255,0,0,1461,22606,941,18623,1462,41229,California
San Luis Obispo,2021-02-23,1854,61761,1741,30393,113,31368,0,0,1366,23485,487,19110,1366,42595,California
San Luis Obispo,2021-02-24,2641,64402,1297,31690,1344,32712,0,0,834,22514,1805,20915,834,43429,California
San Luis Obispo,2021-02-25,2120,66522,1237,32927,883,33595,0,0,1202,22806,911,21826,1203,44632,California
San Luis Obispo,2021-02-26,2611,69133,1132,34059,1479,35074,0,0,1307,22813,1300,23126,1307,45939,California
San Luis Obispo,2021-02-27,567,69700,344,34403,223,35297,0,0,520,23286,47,23173,520,46459,California
San Luis Obispo,2021-02-28,197,69897,74,34477,123,35420,0,0,164,23421,29,23202,164,46623,California
San Luis Obispo,2021-03-01,2951,72848,1838,36315,1112,36532,1,1,2034,24540,917,24119,2036,48659,California
San Luis Obispo,2021-03-02,2943,75791,1855,38170,1088,37620,0,1,1827,25254,1114,25233,1828,50487,California
San Luis Obispo,2021-03-03,2237,78028,325,38495,1912,39532,0,1,796,24617,1436,26669,799,51286,California
San Luis Obispo,2021-03-04,2158,80186,1140,39635,1018,40550,0,1,1161,24785,995,27664,1163,52449,California
San Luis Obispo,2021-03-05,2286,82472,1013,40648,1203,41753,70,71,1283,25149,989,28653,1353,53802,California
San Luis Obispo,2021-03-06,806,83278,296,40944,415,42168,95,166,600,25632,206,28859,689,54491,California
San Luis Obispo,2021-03-07,198,83476,31,40975,83,42251,84,250,69,25658,128,28987,154,54645,California
San Luis Obispo,2021-03-08,2721,86197,752,41727,1655,43906,314,564,1538,26329,1181,30168,1852,56497,California
San Luis Obispo,2021-03-09,2907,89104,953,42680,1718,45624,236,800,1506,26675,1397,31565,1743,58240,California
San Luis Obispo,2021-03-10,3155,92259,1240,43920,1646,47270,269,1069,1796,27383,1357,32922,2065,60305,California
San Luis Obispo,2021-03-11,3042,95301,1265,45185,1476,48746,301,1370,1665,27976,1372,34294,1965,62270,California
San Luis Obispo,2021-03-12,3085,98386,1277,46462,1465,50211,343,1713,1501,28246,1577,35871,1847,64117,California
San Luis Obispo,2021-03-13,751,99137,254,46716,389,50600,108,1821,421,28444,330,36201,528,64645,California
San Luis Obispo,2021-03-14,510,99647,54,46770,345,50945,111,1932,137,28319,373,36574,248,64893,California
San Luis Obispo,2021-03-15,3045,102692,1096,47866,1852,52797,97,2029,1528,28430,1514,38088,1625,66518,California
San Luis Obispo,2021-03-16,2817,105509,1500,49366,1218,54015,99,2128,1437,28590,1375,39463,1535,68053,California
San Luis Obispo,2021-03-17,3393,108902,1450,50816,1683,55698,260,2388,1955,29372,1433,40896,2215,70268,California
San Luis Obispo,2021-03-18,2694,111596,1438,52254,1062,56760,194,2582,1249,29372,1443,42339,1443,71711,California
San Luis Obispo,2021-03-19,2557,114153,1562,53816,673,57433,322,2904,939,29020,1615,43954,1263,72974,California
San Luis Obispo,2021-03-20,825,114978,494,54310,295,57728,36,2940,378,28988,446,44400,414,73388,California
San Luis Obispo,2021-03-21,180,115158,42,54352,135,57863,3,2943,152,29115,28,44428,155,73543,California
San Luis Obispo,2021-03-22,2674,117832,1170,55522,1457,59320,47,2990,1861,30212,811,45239,1908,75451,California
San Luis Obispo,2021-03-23,3355,121187,2213,57735,1124,60444,18,3008,2263,31405,1088,46327,2281,77732,California
San Luis Obispo,2021-03-24,3397,124584,2082,59817,1245,61689,70,3078,2557,33196,836,47163,2627,80359,California
San Luis Obispo,2021-03-25,3574,128158,2279,62096,1284,62973,11,3089,2566,34766,1007,48170,2577,82936,California
San Luis Obispo,2021-03-26,3108,131266,1754,63850,932,63905,422,3511,1734,35551,1370,49540,2155,85091,California
San Luis Obispo,2021-03-27,984,132250,503,64353,385,64290,96,3607,454,35572,529,50069,550,85641,California
San Luis Obispo,2021-03-28,442,132692,152,64505,234,64524,56,3663,244,35674,198,50267,300,85941,California
San Luis Obispo,2021-03-29,2576,135268,1274,65779,1168,65692,134,3797,1657,36557,908,51175,1791,87732,California
San Luis Obispo,2021-03-30,3493,138761,1907,67686,1443,67135,143,3940,2349,37906,1141,52316,2490,90222,California
San Luis Obispo,2021-03-31,3801,142562,2444,70130,1214,68349,143,4083,2462,39181,1330,53646,2605,92827,California
San Luis Obispo,2021-04-01,3776,146338,2412,72542,1280,69629,84,4167,2681,40857,1088,54734,2764,95591,California
San Luis Obispo,2021-04-02,1697,148035,678,73220,717,70346,302,4469,915,41292,782,55516,1217,96808,California
San Luis Obispo,2021-04-03,1076,149111,551,73771,407,70753,118,4587,475,41289,596,56112,593,97401,California
San Luis Obispo,2021-04-04,377,149488,130,73901,208,70961,39,4626,231,41413,146,56258,270,97671,California
San Luis Obispo,2021-04-05,3566,153054,1945,75846,1520,72481,101,4727,2048,42044,1517,57775,2148,99819,California
San Luis Obispo,2021-04-06,3980,157034,2147,77993,1544,74025,289,5016,1954,42270,2018,59793,2244,102063,California
San Luis Obispo,2021-04-07,4059,161093,2202,80195,1585,75610,272,5288,2379,43250,1669,61462,2649,104712,California
San Luis Obispo,2021-04-08,3726,164819,2032,82227,1330,76940,364,5652,2019,43933,1700,63162,2383,107095,California
San Luis Obispo,2021-04-09,1199,166018,664,82891,284,77224,251,5903,542,44072,656,63818,795,107890,California
San Luis Obispo,2021-04-10,1329,167347,515,83406,291,77515,523,6426,429,44122,899,64717,949,108839,California
San Luis Obispo,2021-04-11,42,167389,11,83417,11,77526,20,6446,13,44126,29,64746,33,108872,California
San Mateo,2020-12-15,25,25,25,25,0,0,0,0,25,25,0,0,25,25,California
San Mateo,2020-12-16,108,133,108,133,0,0,0,0,108,133,0,0,108,133,California
San Mateo,2020-12-17,161,294,161,294,0,0,0,0,161,294,0,0,161,294,California
San Mateo,2020-12-18,741,1035,739,1033,2,2,0,0,740,1033,1,1,740,1034,California
San Mateo,2020-12-19,508,1543,508,1541,0,2,0,0,508,1541,0,1,508,1542,California
San Mateo,2020-12-20,508,2051,507,2048,1,3,0,0,508,2049,0,1,508,2050,California
San Mateo,2020-12-21,1151,3202,1151,3199,0,3,0,0,1151,3200,0,1,1151,3201,California
San Mateo,2020-12-22,1513,4715,1506,4705,7,10,0,0,1513,4713,0,1,1513,4714,California
San Mateo,2020-12-23,1573,6288,1387,6092,186,196,0,0,1573,6286,0,1,1573,6287,California
San Mateo,2020-12-24,867,7155,610,6702,257,453,0,0,867,7153,0,1,867,7154,California
San Mateo,2020-12-25,114,7269,110,6812,4,457,0,0,114,7267,0,1,114,7268,California
San Mateo,2020-12-26,560,7829,417,7229,143,600,0,0,560,7827,0,1,560,7828,California
San Mateo,2020-12-27,305,8134,175,7404,130,730,0,0,305,8132,0,1,305,8133,California
San Mateo,2020-12-28,1048,9182,702,8106,346,1076,0,0,1048,9180,0,1,1048,9181,California
San Mateo,2020-12-29,1125,10307,704,8810,421,1497,0,0,1125,10305,0,1,1125,10306,California
San Mateo,2020-12-30,1264,11571,763,9573,501,1998,0,0,1264,11569,0,1,1264,11570,California
San Mateo,2020-12-31,718,12289,233,9806,485,2483,0,0,717,12285,1,2,717,12287,California
San Mateo,2021-01-01,35,12324,30,9836,5,2488,0,0,35,12320,0,2,35,12322,California
San Mateo,2021-01-02,397,12721,268,10104,129,2617,0,0,397,12717,0,2,397,12719,California
San Mateo,2021-01-03,283,13004,208,10312,75,2692,0,0,280,12994,3,5,280,12999,California
San Mateo,2021-01-04,1054,14058,681,10993,373,3065,0,0,1054,14048,0,5,1054,14053,California
San Mateo,2021-01-05,1194,15252,703,11696,491,3556,0,0,1166,15187,28,33,1167,15220,California
San Mateo,2021-01-06,1443,16695,947,12643,496,4052,0,0,1265,16278,175,208,1266,16486,California
San Mateo,2021-01-07,1448,18143,804,13447,644,4696,0,0,1162,17162,279,487,1163,17649,California
San Mateo,2021-01-08,1834,19977,1188,14635,646,5342,0,0,1136,17608,691,1178,1137,18786,California
San Mateo,2021-01-09,1174,21151,773,15408,401,5743,0,0,720,17874,454,1632,720,19506,California
San Mateo,2021-01-10,697,21848,569,15977,128,5871,0,0,262,17701,435,2067,262,19768,California
San Mateo,2021-01-11,2580,24428,1477,17454,1103,6974,0,0,1522,18165,1059,3126,1523,21291,California
San Mateo,2021-01-12,3276,27704,1771,19225,1505,8479,0,0,2095,19083,1179,4305,2097,23388,California
San Mateo,2021-01-13,3465,31169,1747,20972,1718,10197,0,0,2433,20487,1032,5337,2436,25824,California
San Mateo,2021-01-14,3772,34941,1579,22551,2193,12390,0,0,3087,22895,685,6022,3093,28917,California
San Mateo,2021-01-15,4326,39267,1709,24260,2617,15007,0,0,3799,26170,525,6547,3800,32717,California
San Mateo,2021-01-16,3071,42338,774,25034,2297,17304,0,0,2752,28603,319,6866,2752,35469,California
San Mateo,2021-01-17,1309,43647,309,25343,1000,18304,0,0,1101,29496,208,7074,1101,36570,California
San Mateo,2021-01-18,1361,45008,530,25873,831,19135,0,0,988,30118,370,7444,992,37562,California
San Mateo,2021-01-19,2796,47804,1781,27654,1015,20150,0,0,2007,31338,787,8231,2007,39569,California
San Mateo,2021-01-20,2654,50458,1403,29057,1251,21401,0,0,1807,32302,844,9075,1808,41377,California
San Mateo,2021-01-21,2820,53278,1280,30337,1540,22941,0,0,2239,33964,580,9655,2242,43619,California
San Mateo,2021-01-22,2794,56072,1130,31467,1664,24605,0,0,2495,36163,297,9952,2496,46115,California
San Mateo,2021-01-23,2879,58951,1686,33153,1193,25798,0,0,2518,38321,361,10313,2519,48634,California
San Mateo,2021-01-24,1522,60473,375,33528,1147,26945,0,0,1212,39224,309,10622,1212,49846,California
San Mateo,2021-01-25,4425,64898,3146,36674,1279,28224,0,0,3533,41869,890,11512,3535,53381,California
San Mateo,2021-01-26,4284,69182,2980,39654,1304,29528,0,0,3385,44356,898,12410,3385,56766,California
San Mateo,2021-01-27,2773,71955,1457,41111,1316,30844,0,0,1783,45156,984,13394,1784,58550,California
San Mateo,2021-01-28,2780,74735,1342,42453,1438,32282,0,0,1936,46263,829,14223,1936,60486,California
San Mateo,2021-01-29,2967,77702,1327,43780,1640,33922,0,0,2138,47578,826,15049,2141,62627,California
San Mateo,2021-01-30,3370,81072,1472,45252,1898,35820,0,0,2914,50038,455,15504,2915,65542,California
San Mateo,2021-01-31,1684,82756,898,46150,786,36606,0,0,1522,51400,160,15664,1522,67064,California
San Mateo,2021-02-01,2915,85671,1338,47488,1577,38183,0,0,2209,52907,703,16367,2210,69274,California
San Mateo,2021-02-02,3158,88829,1725,49213,1433,39616,0,0,2149,54050,1006,17373,2149,71423,California
San Mateo,2021-02-03,4869,93698,1941,51154,2928,42544,0,0,3821,56827,1045,18418,3822,75245,California
San Mateo,2021-02-04,6270,99968,2579,53733,3691,46235,0,0,4918,60402,1346,19764,4921,80166,California
San Mateo,2021-02-05,6778,106746,2549,56282,4229,50464,0,0,4953,63548,1808,21572,4954,85120,California
San Mateo,2021-02-06,3281,110027,1919,58201,1362,51826,0,0,2619,65511,661,22233,2624,87744,California
San Mateo,2021-02-07,1895,111922,1342,59543,553,52379,0,0,1708,67033,187,22420,1709,89453,California
San Mateo,2021-02-08,5272,117194,2242,61785,3030,55409,0,0,3101,68026,2108,24528,3101,92554,California
San Mateo,2021-02-09,6163,123357,3215,65000,2948,58357,0,0,3331,68529,2828,27356,3331,95885,California
San Mateo,2021-02-10,6485,129842,3271,68271,3214,61571,0,0,3536,69125,2940,30296,3536,99421,California
San Mateo,2021-02-11,7017,136859,3563,71834,3454,65025,0,0,3807,69733,3202,33498,3810,103231,California
San Mateo,2021-02-12,6607,143466,2947,74781,3660,68685,0,0,4702,72537,1901,35399,4705,107936,California
San Mateo,2021-02-13,6078,149544,3988,78769,2090,70775,0,0,2636,71735,3438,38837,2636,110572,California
San Mateo,2021-02-14,4628,154172,3015,81784,1613,72388,0,0,1977,71065,2648,41485,1978,112550,California
San Mateo,2021-02-15,3158,157330,1456,83240,1702,74090,0,0,1786,71484,1369,42854,1788,114338,California
San Mateo,2021-02-16,7139,164469,1868,85108,5271,79361,0,0,5275,74900,1863,44717,5279,119617,California
San Mateo,2021-02-17,7045,171514,1930,87038,5115,84476,0,0,5061,77984,1979,46696,5063,124680,California
San Mateo,2021-02-18,6670,178184,4618,91656,2052,86528,0,0,4436,80191,2231,48927,4438,129118,California
San Mateo,2021-02-19,7807,185991,5605,97261,2202,88730,0,0,5822,84035,1979,50906,5823,134941,California
San Mateo,2021-02-20,3727,189718,2410,99671,1317,90047,0,0,2308,84930,1413,52319,2308,137249,California
San Mateo,2021-02-21,2288,192006,1448,101119,840,90887,0,0,1246,85137,1040,53359,1247,138496,California
San Mateo,2021-02-22,4407,196413,3185,104304,1222,92109,0,0,2782,86301,1619,54978,2783,141279,California
San Mateo,2021-02-23,4278,200691,3039,107343,1239,93348,0,0,2482,86992,1791,56769,2482,143761,California
San Mateo,2021-02-24,7270,207961,3248,110591,4022,97370,0,0,4853,89433,2412,59181,4853,148614,California
San Mateo,2021-02-25,9043,217004,4001,114592,5042,102412,0,0,6002,92409,3026,62207,6002,154616,California
San Mateo,2021-02-26,9729,226733,3699,118291,6030,108442,0,0,6815,96323,2902,65109,6816,161432,California
San Mateo,2021-02-27,6678,233411,3412,121703,3265,111707,1,1,3632,96921,3041,68150,3639,165071,California
San Mateo,2021-02-28,4122,237533,2501,124204,1621,113328,0,1,2557,97917,1562,69712,2558,167629,California
San Mateo,2021-03-01,5621,243154,3514,127718,2107,115435,0,1,2783,97871,2829,72541,2783,170412,California
San Mateo,2021-03-02,5720,248874,3942,131660,1777,117212,1,2,3290,98745,2418,74959,3292,173704,California
San Mateo,2021-03-03,8157,257031,3828,135488,4328,121540,1,3,3481,97560,4667,79626,3482,177186,California
San Mateo,2021-03-04,8327,265358,3919,139407,4406,125946,2,5,3776,96804,4537,84163,3781,180967,California
San Mateo,2021-03-05,9026,274384,5956,145363,3067,129013,3,8,6380,100565,2626,86789,6387,187354,California
San Mateo,2021-03-06,7790,282174,5397,150760,2217,131230,176,184,5691,104339,2092,88881,5866,193220,California
San Mateo,2021-03-07,3417,285591,2264,153024,1086,132316,67,251,1958,104908,1456,90337,2025,195245,California
San Mateo,2021-03-08,4346,289937,2418,155442,1731,134047,197,448,3150,107066,1190,91527,3348,198593,California
San Mateo,2021-03-09,4500,294437,2100,157542,2129,136176,271,719,2970,108784,1523,93050,3241,201834,California
San Mateo,2021-03-10,6925,301362,2628,160170,4014,140190,283,1002,4591,111336,2322,95372,4874,206708,California
San Mateo,2021-03-11,9104,310466,5704,165874,3021,143211,379,1381,3722,110080,5357,100729,4101,210809,California
San Mateo,2021-03-12,10399,320865,6574,172448,3461,146672,364,1745,3470,106997,6918,107647,3835,214644,California
San Mateo,2021-03-13,8007,328872,3395,175843,2990,149662,1622,3367,3870,108355,4130,111777,5488,220132,California
San Mateo,2021-03-14,4905,333777,3294,179137,1505,151167,106,3473,2906,109373,1994,113771,3012,223144,California
San Mateo,2021-03-15,7085,340862,4558,183695,2353,153520,174,3647,3746,109959,3334,117105,3920,227064,California
San Mateo,2021-03-16,11833,352695,4332,188027,7379,160899,122,3769,4809,107886,7007,124112,4934,231998,California
San Mateo,2021-03-17,10714,363409,4344,192371,6246,167145,124,3893,4827,106976,5866,129978,4956,236954,California
San Mateo,2021-03-18,7155,370564,3997,196368,2975,170120,183,4076,4248,108504,2904,132882,4432,241386,California
San Mateo,2021-03-19,7309,377873,4696,201064,1949,172069,664,4740,3578,109023,3724,136606,4243,245629,California
San Mateo,2021-03-20,8202,386075,6403,207467,1474,173543,325,5065,5346,111852,2842,139448,5671,251300,California
San Mateo,2021-03-21,4121,390196,3117,210584,773,174316,231,5296,2329,112624,1783,141231,2555,253855,California
San Mateo,2021-03-22,5168,395364,3518,214102,1231,175547,419,5715,2821,113529,2335,143566,3240,257095,California
San Mateo,2021-03-23,9715,405079,4412,218514,5109,180656,194,5909,4636,113303,5057,148623,4831,261926,California
San Mateo,2021-03-24,9383,414462,5405,223919,3839,184495,139,6048,4119,112344,5215,153838,4256,266182,California
San Mateo,2021-03-25,9857,424319,4818,228737,4788,189283,251,6299,4337,111513,5421,159259,4590,270772,California
San Mateo,2021-03-26,11049,435368,7625,236362,3262,192545,162,6461,4407,109475,6607,165866,4569,275341,California
San Mateo,2021-03-27,10333,445701,7901,244263,2331,194876,101,6562,4637,108534,5676,171542,4735,280076,California
San Mateo,2021-03-28,4186,449887,2700,246963,1375,196251,111,6673,2089,108646,2089,173631,2201,282277,California
San Mateo,2021-03-29,5967,455854,3721,250684,1996,198247,250,6923,2825,108595,3126,176757,3075,285352,California
San Mateo,2021-03-30,6995,462849,3962,254646,2889,201136,144,7067,4455,110667,2528,179285,4600,289952,California
San Mateo,2021-03-31,7128,469977,4514,259160,2477,203613,137,7204,4084,111856,3032,182317,4221,294173,California
San Mateo,2021-04-01,10272,480249,5035,264195,4072,207685,1165,8369,5536,113853,4703,187020,6700,300873,California
San Mateo,2021-04-02,10531,490780,5025,269220,3947,211632,1559,9928,5547,115993,4966,191986,7106,307979,California
San Mateo,2021-04-03,9541,500321,5407,274627,2414,214046,1720,11648,4800,117782,4733,196719,6522,314501,California
San Mateo,2021-04-04,5260,505581,2519,277146,1539,215585,1202,12850,1639,117012,3611,200330,2841,317342,California
San Mateo,2021-04-05,8648,514229,4514,281660,2415,218000,1719,14569,3645,117382,4994,205324,5364,322706,California
San Mateo,2021-04-06,12679,526908,7763,289423,3051,221051,1865,16434,7088,120758,5580,210904,8956,331662,California
San Mateo,2021-04-07,11316,538224,5192,294615,4442,225493,1682,18116,4818,120772,6482,217386,6496,338158,California
San Mateo,2021-04-08,9654,547878,4752,299367,2363,227856,2539,20655,4239,122144,5401,222787,6773,344931,California
San Mateo,2021-04-09,7731,555609,3709,303076,3069,230925,953,21608,3906,123192,3811,226598,4859,349790,California
San Mateo,2021-04-10,7917,563526,4040,307116,3338,234263,539,22147,3759,123346,4147,230745,4301,354091,California
San Mateo,2021-04-11,2194,565720,1346,308462,574,234837,274,22421,1299,124025,893,231638,1572,355663,California
Santa Barbara,2020-12-15,2,2,2,2,0,0,0,0,2,2,0,0,2,2,California
Santa Barbara,2020-12-16,2,4,2,4,0,0,0,0,2,4,0,0,2,4,California
Santa Barbara,2020-12-17,53,57,53,57,0,0,0,0,53,57,0,0,53,57,California
Santa Barbara,2020-12-18,378,435,377,434,1,1,0,0,378,435,0,0,378,435,California
Santa Barbara,2020-12-19,325,760,325,759,0,1,0,0,325,760,0,0,325,760,California
Santa Barbara,2020-12-20,235,995,235,994,0,1,0,0,235,995,0,0,235,995,California
Santa Barbara,2020-12-21,651,1646,649,1643,2,3,0,0,651,1646,0,0,651,1646,California
Santa Barbara,2020-12-22,243,1889,241,1884,2,5,0,0,243,1889,0,0,243,1889,California
Santa Barbara,2020-12-23,320,2209,202,2086,118,123,0,0,320,2209,0,0,320,2209,California
Santa Barbara,2020-12-24,87,2296,40,2126,47,170,0,0,87,2296,0,0,87,2296,California
Santa Barbara,2020-12-26,326,2622,66,2192,260,430,0,0,326,2622,0,0,326,2622,California
Santa Barbara,2020-12-27,62,2684,1,2193,61,491,0,0,62,2684,0,0,62,2684,California
Santa Barbara,2020-12-28,353,3037,220,2413,133,624,0,0,353,3037,0,0,353,3037,California
Santa Barbara,2020-12-29,552,3589,360,2773,192,816,0,0,552,3589,0,0,552,3589,California
Santa Barbara,2020-12-30,584,4173,404,3177,180,996,0,0,584,4173,0,0,584,4173,California
Santa Barbara,2020-12-31,238,4411,112,3289,126,1122,0,0,238,4411,0,0,238,4411,California
Santa Barbara,2021-01-01,107,4518,106,3395,1,1123,0,0,107,4518,0,0,107,4518,California
Santa Barbara,2021-01-02,586,5104,223,3618,363,1486,0,0,586,5104,0,0,586,5104,California
Santa Barbara,2021-01-03,23,5127,15,3633,8,1494,0,0,23,5127,0,0,23,5127,California
Santa Barbara,2021-01-04,307,5434,244,3877,63,1557,0,0,306,5433,0,0,306,5433,California
Santa Barbara,2021-01-05,751,6185,378,4255,373,1930,0,0,724,6130,27,27,724,6157,California
Santa Barbara,2021-01-06,654,6839,274,4529,380,2310,0,0,595,6667,58,85,595,6752,California
Santa Barbara,2021-01-07,1029,7868,706,5235,323,2633,0,0,524,6690,501,586,524,7276,California
Santa Barbara,2021-01-08,1202,9070,839,6074,363,2996,0,0,708,6904,494,1080,708,7984,California
Santa Barbara,2021-01-09,567,9637,293,6367,274,3270,0,0,321,6979,246,1326,321,8305,California
Santa Barbara,2021-01-10,62,9699,50,6417,12,3282,0,0,46,7009,16,1342,46,8351,California
Santa Barbara,2021-01-11,837,10536,668,7085,169,3451,0,0,614,7401,222,1564,614,8965,California
Santa Barbara,2021-01-12,1427,11963,634,7719,793,4244,0,0,1271,8516,156,1720,1271,10236,California
Santa Barbara,2021-01-13,1226,13189,280,7999,946,5190,0,0,1100,9490,126,1846,1100,11336,California
Santa Barbara,2021-01-14,1247,14436,134,8133,1113,6303,0,0,1193,10631,53,1899,1194,12530,California
Santa Barbara,2021-01-15,1798,16234,418,8551,1380,7683,0,0,1718,12270,79,1978,1718,14248,California
Santa Barbara,2021-01-16,1273,17507,202,8753,1071,8754,0,0,1234,13466,38,2016,1234,15482,California
Santa Barbara,2021-01-17,123,17630,20,8773,103,8857,0,0,120,13583,3,2019,120,15602,California
Santa Barbara,2021-01-18,1147,18777,417,9190,730,9587,0,0,962,14360,185,2204,962,16564,California
Santa Barbara,2021-01-19,1635,20412,566,9756,1069,10656,0,0,1356,15438,278,2482,1356,17920,California
Santa Barbara,2021-01-20,1986,22398,444,10200,1542,12198,0,0,1694,16841,291,2773,1694,19614,California
Santa Barbara,2021-01-21,3085,25483,1817,12017,1268,13466,0,0,2931,19619,154,2927,2932,22546,California
Santa Barbara,2021-01-22,2998,28481,1850,13867,1148,14614,0,0,2853,22330,142,3069,2853,25399,California
Santa Barbara,2021-01-23,1735,30216,1107,14974,628,15242,0,0,1226,23048,508,3577,1226,26625,California
Santa Barbara,2021-01-24,844,31060,753,15727,91,15333,0,0,836,23876,8,3585,836,27461,California
Santa Barbara,2021-01-25,1235,32295,496,16223,739,16072,0,0,999,24639,236,3821,999,28460,California
Santa Barbara,2021-01-26,2035,34330,461,16684,1574,17646,0,0,1651,25908,382,4203,1651,30111,California
Santa Barbara,2021-01-27,1153,35483,398,17082,755,18401,0,0,898,26553,254,4457,899,31010,California
Santa Barbara,2021-01-28,887,36370,292,17374,595,18996,0,0,677,27023,207,4664,677,31687,California
Santa Barbara,2021-01-29,1333,37703,539,17913,794,19790,0,0,980,27655,350,5014,982,32669,California
Santa Barbara,2021-01-30,1889,39592,1418,19331,471,20261,0,0,1485,28740,401,5415,1486,34155,California
Santa Barbara,2021-01-31,1459,41051,1221,20552,238,20499,0,0,1420,30121,39,5454,1420,35575,California
Santa Barbara,2021-02-01,932,41983,517,21069,415,20914,0,0,545,30279,387,5841,545,36120,California
Santa Barbara,2021-02-02,1814,43797,698,21767,1116,22030,0,0,1039,30545,773,6614,1039,37159,California
Santa Barbara,2021-02-03,1942,45739,1077,22844,865,22895,0,0,1501,31615,431,7045,1501,38660,California
Santa Barbara,2021-02-04,2775,48514,1860,24704,915,23810,0,0,2480,33805,290,7335,2480,41140,California
Santa Barbara,2021-02-05,2905,51419,2059,26763,846,24656,0,0,2261,35423,643,7978,2261,43401,California
Santa Barbara,2021-02-06,1208,52627,339,27102,869,25525,0,0,797,35809,411,8389,797,44198,California
Santa Barbara,2021-02-07,298,52925,262,27364,36,25561,0,0,264,36040,33,8422,264,44462,California
Santa Barbara,2021-02-08,956,53881,312,27676,644,26205,0,0,670,36424,286,8708,670,45132,California
Santa Barbara,2021-02-09,2443,56324,315,27991,2128,28333,0,0,1123,36236,1311,10019,1123,46255,California
Santa Barbara,2021-02-10,2757,59081,1494,29485,1263,29596,0,0,802,35090,1948,11967,802,47057,California
Santa Barbara,2021-02-11,4173,63254,2802,32287,1371,30967,0,0,617,32156,3551,15518,617,47674,California
Santa Barbara,2021-02-12,3303,66557,947,33234,2356,33323,0,0,769,30396,2529,18047,769,48443,California
Santa Barbara,2021-02-13,1238,67795,341,33575,897,34220,0,0,563,30287,672,18719,563,49006,California
Santa Barbara,2021-02-14,330,68125,34,33609,296,34516,0,0,284,30525,46,18765,284,49290,California
Santa Barbara,2021-02-15,956,69081,335,33944,621,35137,0,0,488,30549,464,19229,488,49778,California
Santa Barbara,2021-02-16,2110,71191,395,34339,1715,36852,0,0,719,29881,1387,20616,719,50497,California
Santa Barbara,2021-02-17,1431,72622,317,34656,1114,37966,0,0,516,29484,913,21529,516,51013,California
Santa Barbara,2021-02-18,3251,75873,2647,37303,604,38570,0,0,1522,29311,1695,23224,1522,52535,California
Santa Barbara,2021-02-19,3603,79476,2649,39952,954,39524,0,0,2334,30379,1266,24490,2334,54869,California
Santa Barbara,2021-02-20,2223,81699,1436,41388,787,40311,0,0,1671,31507,543,25033,1671,56540,California
Santa Barbara,2021-02-21,126,81825,99,41487,27,40338,0,0,58,31497,68,25101,58,56598,California
Santa Barbara,2021-02-22,935,82760,243,41730,692,41030,0,0,261,31091,667,25768,261,56859,California
Santa Barbara,2021-02-23,3179,85939,1044,42774,2135,43165,0,0,424,28763,2753,28521,425,57284,California
Santa Barbara,2021-02-24,3189,89128,1089,43863,2100,45265,0,0,720,27023,2460,30981,720,58004,California
Santa Barbara,2021-02-25,3449,92577,1915,45778,1534,46799,0,0,985,25551,2458,33439,986,58990,California
Santa Barbara,2021-02-26,3656,96233,2173,47951,1483,48282,0,0,1977,25855,1673,35112,1977,60967,California
Santa Barbara,2021-02-27,1527,97760,562,48513,965,49247,0,0,848,26031,674,35786,850,61817,California
Santa Barbara,2021-02-28,1076,98836,216,48729,860,50107,0,0,886,26732,186,35972,887,62704,California
Santa Barbara,2021-03-01,1614,100450,459,49188,1155,51262,0,0,1079,27280,532,36504,1080,63784,California
Santa Barbara,2021-03-02,2515,102965,399,49587,2116,53378,0,0,2030,28836,475,36979,2031,65815,California
Santa Barbara,2021-03-03,4591,107556,2090,51677,2499,55877,2,2,4000,32259,581,37560,4004,69819,California
Santa Barbara,2021-03-04,3391,110947,2271,53948,1120,56997,0,2,2844,34562,541,38101,2844,72663,California
Santa Barbara,2021-03-05,3792,114739,2142,56090,1591,58588,59,61,3079,36993,707,38808,3138,75801,California
Santa Barbara,2021-03-06,2407,117146,709,56799,1491,60079,207,268,1657,38108,748,39556,1863,77664,California
Santa Barbara,2021-03-07,560,117706,123,56922,308,60387,129,397,383,38445,176,39732,513,78177,California
Santa Barbara,2021-03-08,1566,119272,369,57291,855,61242,342,739,788,38801,773,40505,1129,79306,California
Santa Barbara,2021-03-09,2766,122038,323,57614,1674,62916,769,1508,720,38243,2044,42549,1486,80792,California
Santa Barbara,2021-03-10,2744,124782,538,58152,1159,64075,1047,2555,1030,38610,1710,44259,2077,82869,California
Santa Barbara,2021-03-11,5547,130329,3027,61179,1418,65493,1102,3657,2265,38704,3271,47530,3365,86234,California
Santa Barbara,2021-03-12,3600,133929,2083,63262,1101,66594,416,4073,2167,39860,1427,48957,2583,88817,California
Santa Barbara,2021-03-13,3432,137361,1908,65170,1319,67913,205,4278,2687,42010,743,49700,2893,91710,California
Santa Barbara,2021-03-14,759,138120,357,65527,345,68258,57,4335,444,42196,315,50015,501,92211,California
Santa Barbara,2021-03-15,2089,140209,688,66215,1112,69370,289,4624,1256,42908,831,50846,1543,93754,California
Santa Barbara,2021-03-16,3714,143923,1165,67380,2208,71578,341,4965,2731,45000,980,51826,3072,96826,California
Santa Barbara,2021-03-17,3270,147193,965,68345,1905,73483,400,5365,2285,46701,983,52809,2684,99510,California
Santa Barbara,2021-03-18,4317,151510,2780,71125,1337,74820,200,5565,3119,48832,1188,53997,3319,102829,California
Santa Barbara,2021-03-19,4415,155925,2755,73880,1329,76149,331,5896,3023,50801,1386,55383,3355,106184,California
Santa Barbara,2021-03-20,2146,158071,819,74699,1318,77467,9,5905,1312,51290,832,56215,1321,107505,California
Santa Barbara,2021-03-21,1143,159214,375,75074,739,78206,29,5934,821,51820,320,56535,850,108355,California
Santa Barbara,2021-03-22,2761,161975,1902,76976,816,79022,43,5977,2213,53534,542,57077,2256,110611,California
Santa Barbara,2021-03-23,4443,166418,2236,79212,2112,81134,95,6072,3689,56572,745,57822,3783,114394,California
Santa Barbara,2021-03-24,5361,171779,3138,82350,1490,82624,733,6805,2939,57840,2403,60225,3671,118065,California
Santa Barbara,2021-03-25,5477,177256,3259,85609,2037,84661,181,6986,2729,58015,2735,62960,2910,120975,California
Santa Barbara,2021-03-26,5060,182316,3215,88824,1548,86209,297,7283,2226,57720,2818,65778,2523,123498,California
Santa Barbara,2021-03-27,2925,185241,1220,90044,1663,87872,42,7325,1608,58057,1312,67090,1649,125147,California
Santa Barbara,2021-03-28,2763,188004,1650,91694,1085,88957,28,7353,1884,59093,876,67966,1912,127059,California
Santa Barbara,2021-03-29,4039,192043,2088,93782,1882,90839,69,7422,3236,61600,798,68764,3305,130364,California
Santa Barbara,2021-03-30,6774,198817,3501,97283,3126,93965,147,7569,4556,64098,2204,70968,4702,135066,California
Santa Barbara,2021-03-31,8613,207430,5486,102769,3063,97028,64,7633,5083,65730,3516,74484,5148,140214,California
Santa Barbara,2021-04-01,6874,214304,5078,107847,1547,98575,249,7882,4051,67218,2810,77294,4298,144512,California
Santa Barbara,2021-04-02,6568,220872,4531,112378,1466,100041,571,8453,3390,68007,3171,80465,3960,148472,California
Santa Barbara,2021-04-03,3777,224649,2101,114479,1606,101647,70,8523,2493,69289,1280,81745,2562,151034,California
Santa Barbara,2021-04-04,891,225540,440,114919,413,102060,38,8561,493,69425,395,82140,531,151565,California
Santa Barbara,2021-04-05,3421,228961,2262,117181,909,102969,250,8811,2145,70548,1272,83412,2395,153960,California
Santa Barbara,2021-04-06,5136,234097,2744,119925,1888,104857,504,9315,3135,72196,1987,85399,3635,157595,California
Santa Barbara,2021-04-07,5659,239756,3083,123008,2055,106912,521,9836,3814,74681,1835,87234,4320,161915,California
Santa Barbara,2021-04-08,7006,246762,4786,127794,626,107538,1594,11430,3173,75617,3829,91063,4765,166680,California
Santa Barbara,2021-04-09,5915,252677,4339,132133,751,108289,825,12255,2708,75947,3201,94264,3531,170211,California
Santa Barbara,2021-04-10,5308,257985,3844,135977,969,109258,495,12750,3472,78082,1832,96096,3967,174178,California
Santa Barbara,2021-04-11,382,258367,87,136064,178,109436,117,12867,65,77947,315,96411,180,174358,California
Santa Clara,2020-12-15,64,64,64,64,0,0,0,0,64,64,0,0,64,64,California
Santa Clara,2020-12-16,135,199,135,199,0,0,0,0,135,199,0,0,135,199,California
Santa Clara,2020-12-17,388,587,388,587,0,0,0,0,388,587,0,0,388,587,California
Santa Clara,2020-12-18,1669,2256,1669,2256,0,0,0,0,1669,2256,0,0,1669,2256,California
Santa Clara,2020-12-19,2073,4329,2073,4329,0,0,0,0,2072,4328,0,0,2072,4328,California
Santa Clara,2020-12-20,1898,6227,1892,6221,6,6,0,0,1895,6223,0,0,1895,6223,California
Santa Clara,2020-12-21,2669,8896,2669,8890,0,6,0,0,2667,8890,0,0,2667,8890,California
Santa Clara,2020-12-22,3126,12022,3117,12007,9,15,0,0,3123,12013,0,0,3123,12013,California
Santa Clara,2020-12-23,3256,15278,3071,15078,185,200,0,0,3254,15267,0,0,3254,15267,California
Santa Clara,2020-12-24,1898,17176,1711,16789,187,387,0,0,1892,17158,1,1,1892,17159,California
Santa Clara,2020-12-25,343,17519,342,17131,1,388,0,0,343,17501,0,1,343,17502,California
Santa Clara,2020-12-26,1263,18782,1031,18162,232,620,0,0,1262,18763,0,1,1262,18764,California
Santa Clara,2020-12-27,646,19428,507,18669,139,759,0,0,646,19409,0,1,646,19410,California
Santa Clara,2020-12-28,2333,21761,1730,20399,603,1362,0,0,2333,21742,0,1,2333,21743,California
Santa Clara,2020-12-29,2325,24086,1464,21863,861,2223,0,0,2323,24065,0,1,2323,24066,California
Santa Clara,2020-12-30,2988,27074,1898,23761,1090,3313,0,0,2986,27049,2,3,2986,27052,California
Santa Clara,2020-12-31,1207,28281,389,24150,818,4131,0,0,1206,28254,1,4,1206,28258,California
Santa Clara,2021-01-01,136,28417,6,24156,130,4261,0,0,136,28390,0,4,136,28394,California
Santa Clara,2021-01-02,1081,29498,813,24969,268,4529,0,0,1081,29471,0,4,1081,29475,California
Santa Clara,2021-01-03,585,30083,370,25339,215,4744,0,0,580,30048,3,7,580,30055,California
Santa Clara,2021-01-04,2465,32548,1664,27003,801,5545,0,0,2463,32511,0,7,2463,32518,California
Santa Clara,2021-01-05,3057,35605,2002,29005,1055,6600,0,0,2870,35199,186,193,2874,35392,California
Santa Clara,2021-01-06,3314,38919,1953,30958,1361,7961,0,0,2740,37370,570,763,2741,38133,California
Santa Clara,2021-01-07,4215,43134,2553,33511,1662,9623,0,0,3152,39474,1053,1816,3157,41290,California
Santa Clara,2021-01-08,5841,48975,3821,37332,2020,11643,0,0,3789,41215,2048,3864,3789,45079,California
Santa Clara,2021-01-09,2965,51940,1859,39191,1106,12749,0,0,1685,41622,1280,5144,1687,46766,California
Santa Clara,2021-01-10,1951,53891,1506,40697,445,13194,0,0,741,41154,1209,6353,741,47507,California
Santa Clara,2021-01-11,5933,59824,3730,44427,2203,15397,0,0,3373,41973,2559,8912,3378,50885,California
Santa Clara,2021-01-12,6792,66616,3394,47821,3398,18795,0,0,4552,44288,2238,11150,4553,55438,California
Santa Clara,2021-01-13,7357,73973,3034,50855,4323,23118,0,0,5191,47317,2163,13313,5192,60630,California
Santa Clara,2021-01-14,8226,82199,2790,53645,5436,28554,0,0,6487,52071,1734,15047,6488,67118,California
Santa Clara,2021-01-15,9438,91637,2682,56327,6756,35310,0,0,8125,58890,1310,16357,8129,75247,California
Santa Clara,2021-01-16,4281,95918,1214,57541,3067,38377,0,0,3449,61512,827,17184,3449,78696,California
Santa Clara,2021-01-17,3210,99128,600,58141,2610,40987,0,0,2714,63730,496,17680,2714,81410,California
Santa Clara,2021-01-18,5090,104218,1150,59291,3940,44927,0,0,4537,67715,553,18233,4538,85948,California
Santa Clara,2021-01-19,8446,112664,2649,61940,5797,50724,0,0,6773,72825,1670,19903,6780,92728,California
Santa Clara,2021-01-20,7986,120650,4014,65954,3972,54696,0,0,6449,77742,1532,21435,6449,99177,California
Santa Clara,2021-01-21,8538,129188,3629,69583,4909,59605,0,0,7389,83986,1147,22582,7391,106568,California
Santa Clara,2021-01-22,8574,137762,3201,72784,5373,64978,0,0,8009,91433,564,23146,8011,114579,California
Santa Clara,2021-01-23,3778,141540,1684,74468,2094,67072,0,0,2821,93298,957,24103,2822,117401,California
Santa Clara,2021-01-24,2822,144362,1421,75889,1401,68473,0,0,2335,95148,485,24588,2335,119736,California
Santa Clara,2021-01-25,8353,152715,3775,79664,4578,73051,0,0,6299,99404,2047,26635,6303,126039,California
Santa Clara,2021-01-26,8202,160917,3738,83402,4464,77515,0,0,6098,103411,2094,28729,6101,132140,California
Santa Clara,2021-01-27,8654,169571,3793,87195,4861,82376,0,0,6744,108267,1889,30618,6745,138885,California
Santa Clara,2021-01-28,9405,178976,3762,90957,5643,88019,0,0,7458,113802,1927,32545,7462,146347,California
Santa Clara,2021-01-29,9470,188446,3919,94876,5551,93570,0,0,7311,118963,2151,34696,7312,153659,California
Santa Clara,2021-01-30,4159,192605,2057,96933,2102,95672,0,0,2958,120725,1197,35893,2959,156618,California
Santa Clara,2021-01-31,2165,194770,1301,98234,864,96536,0,0,1576,121715,586,36479,1576,158194,California
Santa Clara,2021-02-01,7826,202596,3479,101713,4347,100883,0,0,6140,126176,1680,38159,6141,164335,California
Santa Clara,2021-02-02,8068,210664,2867,104580,5201,106084,0,0,6084,130283,1980,40139,6087,170422,California
Santa Clara,2021-02-03,9190,219854,3481,108061,5709,111793,0,0,6926,134956,2259,42398,6932,177354,California
Santa Clara,2021-02-04,10553,230407,4108,112169,6445,118238,0,0,8277,140969,2267,44665,8280,185634,California
Santa Clara,2021-02-05,11893,242300,4334,116503,7559,125797,0,0,8438,145972,3440,48105,8443,194077,California
Santa Clara,2021-02-06,5163,247463,2801,119304,2362,128159,0,0,4008,148830,1152,49257,4010,198087,California
Santa Clara,2021-02-07,3473,250936,2348,121652,1125,129284,0,0,3023,151406,448,49705,3024,201111,California
Santa Clara,2021-02-08,9998,260934,3474,125126,6524,135808,0,0,7289,156001,2695,52400,7290,208401,California
Santa Clara,2021-02-09,10766,271700,3802,128928,6964,142772,0,0,7298,159844,3458,55858,7301,215702,California
Santa Clara,2021-02-10,12621,284321,4891,133819,7730,150502,0,0,6904,161046,5705,61563,6907,222609,California
Santa Clara,2021-02-11,13157,297478,4632,138451,8525,159027,0,0,7424,162751,5720,67283,7425,230034,California
Santa Clara,2021-02-12,14516,311994,4473,142924,10043,169070,0,0,7011,162278,7488,74771,7015,237049,California
Santa Clara,2021-02-13,6065,318059,1445,144369,4620,173690,0,0,2213,160646,3847,78618,2215,239264,California
Santa Clara,2021-02-14,4615,322674,1140,145509,3475,177165,0,0,1477,158988,3137,81755,1479,240743,California
Santa Clara,2021-02-15,6229,328903,2780,148289,3449,180614,0,0,2697,158159,3526,85281,2697,243440,California
Santa Clara,2021-02-16,13566,342469,3983,152272,9583,190197,0,0,6741,158096,6809,92090,6746,250186,California
Santa Clara,2021-02-17,14047,356516,5485,157757,8562,198759,0,0,7040,158152,6991,99081,7047,257233,California
Santa Clara,2021-02-18,13682,370198,8341,166098,5341,204100,0,0,7010,158515,6650,105731,7013,264246,California
Santa Clara,2021-02-19,14666,384864,9512,175610,5154,209254,0,0,8494,160856,6158,111889,8499,272745,California
Santa Clara,2021-02-20,6805,391669,5093,180703,1712,210966,0,0,3673,161405,3124,115013,3673,276418,California
Santa Clara,2021-02-21,3233,394902,2419,183122,814,211780,0,0,1161,160503,2065,117078,1163,277581,California
Santa Clara,2021-02-22,10125,405027,6068,189190,4057,215837,0,0,4735,159862,5380,122458,4739,282320,California
Santa Clara,2021-02-23,11816,416843,7685,196875,4131,219968,0,0,6697,161456,5108,127566,6702,289022,California
Santa Clara,2021-02-24,14088,430931,9083,205958,5005,224973,0,0,8727,164837,5346,132912,8727,297749,California
Santa Clara,2021-02-25,14072,445003,9226,215184,4846,229819,0,0,7661,166111,6392,139304,7666,305415,California
Santa Clara,2021-02-26,14523,459526,8420,223604,6103,235922,0,0,7999,167614,6498,145802,8001,313416,California
Santa Clara,2021-02-27,8035,467561,5489,229093,2545,238467,1,1,4447,168491,3578,149380,4455,317871,California
Santa Clara,2021-02-28,4714,472275,3068,232161,1646,240113,0,1,2212,168209,2494,151874,2212,320083,California
Santa Clara,2021-03-01,14030,486305,7960,240121,6069,246182,1,2,8682,171561,5331,157205,8683,328766,California
Santa Clara,2021-03-02,13698,500003,8204,248325,5494,251676,0,2,9155,176194,4524,161729,9157,337923,California
Santa Clara,2021-03-03,17909,517912,8849,257174,9059,260735,1,3,10996,180321,6876,168605,11003,348926,California
Santa Clara,2021-03-04,15680,533592,8892,266066,6785,267520,3,6,9221,183124,6422,175027,9225,358151,California
Santa Clara,2021-03-05,16155,549747,9097,275163,6933,274453,125,131,8861,184837,7276,182303,8989,367140,California
Santa Clara,2021-03-06,9311,559058,6253,281416,2624,277077,434,565,7032,190034,2267,184570,7464,374604,California
Santa Clara,2021-03-07,6687,565745,4382,285798,2076,279153,229,794,5330,194245,1349,185919,5560,380164,California
Santa Clara,2021-03-08,12781,578526,6665,292463,5596,284749,520,1314,8212,198425,4554,190473,8734,388898,California
Santa Clara,2021-03-09,14262,592788,6200,298663,6733,291482,1329,2643,6243,197995,8002,198475,7572,396470,California
Santa Clara,2021-03-10,14768,607556,6455,305118,6394,297876,1919,4562,6065,197290,8680,207155,7975,404445,California
Santa Clara,2021-03-11,16393,623949,7699,312817,7219,305095,1475,6037,5671,193734,10698,217853,7142,411587,California
Santa Clara,2021-03-12,17425,641374,8990,321807,6896,311991,1539,7576,5871,189624,11517,229370,7407,418994,California
Santa Clara,2021-03-13,10477,651851,6072,327879,2933,314924,1472,9048,4612,189859,5843,235213,6078,425072,California
Santa Clara,2021-03-14,6456,658307,3330,331209,1825,316749,1301,10349,3182,191077,3261,238474,4479,429551,California
Santa Clara,2021-03-15,12663,670970,6438,337647,5960,322709,265,10614,5903,190506,6740,245214,6169,435720,California
Santa Clara,2021-03-16,17280,688250,10229,347876,6846,329555,205,10819,8292,190036,8965,254179,8495,444215,California
Santa Clara,2021-03-17,19557,707807,11193,359069,8202,337757,162,10981,10082,190850,9430,263609,10244,454459,California
Santa Clara,2021-03-18,18063,725870,8841,367910,8066,345823,1156,12137,8368,190726,9647,273256,9523,463982,California
Santa Clara,2021-03-19,18630,744500,9765,377675,7868,353691,997,13134,9624,192389,8952,282208,10615,474597,California
Santa Clara,2021-03-20,11412,755912,6256,383931,4327,358018,829,13963,6704,195239,4680,286888,7530,482127,California
Santa Clara,2021-03-21,8220,764132,3699,387630,3121,361139,1400,15363,5505,199437,2705,289593,6903,489030,California
Santa Clara,2021-03-22,15942,780074,9008,396638,6591,367730,343,15706,9122,202105,6797,296390,9465,498495,California
Santa Clara,2021-03-23,18951,799025,12108,408746,6383,374113,460,16166,11431,206518,7478,303868,11891,510386,California
Santa Clara,2021-03-24,21674,820699,14376,423122,7151,381264,147,16313,14319,213671,7316,311184,14469,524855,California
Santa Clara,2021-03-25,22201,842900,12901,436023,8510,389774,790,17103,14528,221371,7614,318798,15314,540169,California
Santa Clara,2021-03-26,21427,864327,13804,449827,7239,397013,384,17487,13203,226760,8193,326991,13582,553751,California
Santa Clara,2021-03-27,14928,879255,9957,459784,4211,401224,760,18247,7783,228188,7115,334106,8543,562294,California
Santa Clara,2021-03-28,11940,891195,8251,468035,2973,404197,716,18963,6466,229916,5454,339560,7182,569476,California
Santa Clara,2021-03-29,20059,911254,12458,480493,6877,411074,724,19687,10934,232483,9089,348649,11656,581132,California
Santa Clara,2021-03-30,24954,936208,15123,495616,8181,419255,1650,21337,16458,242129,8461,357110,18107,599239,California
Santa Clara,2021-03-31,19786,955994,11715,507331,6980,426235,1091,22428,12566,248588,7193,364303,13652,612891,California
Santa Clara,2021-04-01,30721,986715,19510,526841,8385,434620,2826,25254,19720,260182,10947,375250,22541,635432,California
Santa Clara,2021-04-02,24674,1011389,14033,540874,8549,443169,2092,27346,16321,270271,8320,383570,18409,653841,California
Santa Clara,2021-04-03,14956,1026345,9088,549962,3434,446603,2434,29780,8334,274434,6602,390172,10765,664606,California
Santa Clara,2021-04-04,7405,1033750,3887,553849,2404,449007,1114,30894,3825,275801,3571,393743,4938,669544,California
Santa Clara,2021-04-05,21047,1054797,13936,567785,4704,453711,2407,33301,13663,284511,7358,401101,16068,685612,California
Santa Clara,2021-04-06,28333,1083130,15466,583251,7685,461396,5182,38483,17201,295790,11094,412195,22373,707985,California
Santa Clara,2021-04-07,28962,1112092,15135,598386,7842,469238,5985,44468,17594,308035,11325,423520,23570,731555,California
Santa Clara,2021-04-08,26797,1138889,15388,613774,5489,474727,5920,50388,15399,318005,11336,434856,21306,752861,California
Santa Clara,2021-04-09,23112,1162001,11323,625097,6450,481177,5339,55727,12556,325381,10512,445368,17888,770749,California
Santa Clara,2021-04-10,14695,1176696,8851,633948,3218,484395,2626,58353,8891,331103,5783,451151,11505,782254,California
Santa Clara,2021-04-11,9828,1186524,5697,639645,1868,486263,2263,60616,5139,333825,4674,455825,7396,789650,California
Santa Cruz,2020-12-15,2,2,2,2,0,0,0,0,2,2,0,0,2,2,California
Santa Cruz,2020-12-16,57,59,57,59,0,0,0,0,57,59,0,0,57,59,California
Santa Cruz,2020-12-17,389,448,389,448,0,0,0,0,389,448,0,0,389,448,California
Santa Cruz,2020-12-18,465,913,465,913,0,0,0,0,465,913,0,0,465,913,California
Santa Cruz,2020-12-19,178,1091,177,1090,1,1,0,0,178,1091,0,0,178,1091,California
Santa Cruz,2020-12-20,95,1186,95,1185,0,1,0,0,95,1186,0,0,95,1186,California
Santa Cruz,2020-12-21,433,1619,433,1618,0,1,0,0,433,1619,0,0,433,1619,California
Santa Cruz,2020-12-22,424,2043,423,2041,1,2,0,0,424,2043,0,0,424,2043,California
Santa Cruz,2020-12-23,370,2413,328,2369,42,44,0,0,370,2413,0,0,370,2413,California
Santa Cruz,2020-12-24,125,2538,50,2419,75,119,0,0,125,2538,0,0,125,2538,California
Santa Cruz,2020-12-25,11,2549,11,2430,0,119,0,0,11,2549,0,0,11,2549,California
Santa Cruz,2020-12-26,64,2613,45,2475,19,138,0,0,64,2613,0,0,64,2613,California
Santa Cruz,2020-12-27,32,2645,27,2502,5,143,0,0,32,2645,0,0,32,2645,California
Santa Cruz,2020-12-28,483,3128,108,2610,375,518,0,0,483,3128,0,0,483,3128,California
Santa Cruz,2020-12-29,796,3924,370,2980,426,944,0,0,796,3924,0,0,796,3924,California
Santa Cruz,2020-12-30,356,4280,164,3144,192,1136,0,0,356,4280,0,0,356,4280,California
Santa Cruz,2020-12-31,312,4592,11,3155,301,1437,0,0,312,4592,0,0,312,4592,California
Santa Cruz,2021-01-01,32,4624,0,3155,32,1469,0,0,32,4624,0,0,32,4624,California
Santa Cruz,2021-01-02,71,4695,57,3212,14,1483,0,0,71,4695,0,0,71,4695,California
Santa Cruz,2021-01-03,15,4710,7,3219,8,1491,0,0,15,4710,0,0,15,4710,California
Santa Cruz,2021-01-04,281,4991,123,3342,158,1649,0,0,279,4989,0,0,279,4989,California
Santa Cruz,2021-01-05,566,5557,428,3770,138,1787,0,0,264,4951,302,302,264,5253,California
Santa Cruz,2021-01-06,803,6360,670,4440,133,1920,0,0,465,5079,337,639,465,5718,California
Santa Cruz,2021-01-07,539,6899,212,4652,327,2247,0,0,386,5313,153,792,387,6105,California
Santa Cruz,2021-01-08,935,7834,561,5213,374,2621,0,0,487,5353,448,1240,488,6593,California
Santa Cruz,2021-01-09,463,8297,123,5336,340,2961,0,0,409,5708,54,1294,409,7002,California
Santa Cruz,2021-01-10,80,8377,70,5406,10,2971,0,0,21,5670,59,1353,21,7023,California
Santa Cruz,2021-01-11,722,9099,587,5993,135,3106,0,0,192,5332,530,1883,192,7215,California
Santa Cruz,2021-01-12,736,9835,532,6525,204,3310,0,0,493,5582,243,2126,493,7708,California
Santa Cruz,2021-01-13,521,10356,228,6753,293,3603,0,0,437,5938,81,2207,437,8145,California
Santa Cruz,2021-01-14,553,10909,101,6854,452,4055,0,0,487,6359,66,2273,487,8632,California
Santa Cruz,2021-01-15,1456,12365,77,6931,1379,5434,0,0,1392,7689,63,2336,1393,10025,California
Santa Cruz,2021-01-16,427,12792,54,6985,373,5807,0,0,408,8078,19,2355,408,10433,California
Santa Cruz,2021-01-17,297,13089,41,7026,256,6063,0,0,272,8325,25,2380,272,10705,California
Santa Cruz,2021-01-18,1016,14105,105,7131,911,6974,0,0,954,9217,62,2442,954,11659,California
Santa Cruz,2021-01-19,1623,15728,524,7655,1099,8073,0,0,1270,10137,351,2793,1271,12930,California
Santa Cruz,2021-01-20,1235,16963,184,7839,1051,9124,0,0,1038,10981,194,2987,1038,13968,California
Santa Cruz,2021-01-21,1707,18670,200,8039,1507,10631,0,0,1602,12478,106,3093,1603,15571,California
Santa Cruz,2021-01-22,1795,20465,531,8570,1264,11895,0,0,1695,14077,97,3190,1696,17267,California
Santa Cruz,2021-01-23,401,20866,146,8716,255,12150,0,0,341,14359,59,3249,341,17608,California
Santa Cruz,2021-01-24,115,20981,20,8736,95,12245,0,0,97,14438,18,3267,97,17705,California
Santa Cruz,2021-01-25,1057,22038,359,9095,698,12943,0,0,548,14477,509,3776,548,18253,California
Santa Cruz,2021-01-26,1687,23725,245,9340,1442,14385,0,0,1177,15144,510,4286,1177,19430,California
Santa Cruz,2021-01-27,1648,25373,446,9786,1202,15587,0,0,1265,16028,381,4667,1265,20695,California
Santa Cruz,2021-01-28,1745,27118,292,10078,1453,17040,0,0,1469,17222,276,4943,1470,22165,California
Santa Cruz,2021-01-29,1736,28854,490,10568,1246,18286,0,0,1606,18699,129,5072,1606,23771,California
Santa Cruz,2021-01-30,1060,29914,308,10876,752,19038,0,0,927,19493,133,5205,927,24698,California
Santa Cruz,2021-01-31,217,30131,111,10987,106,19144,0,0,203,19682,14,5219,203,24901,California
Santa Cruz,2021-02-01,1232,31363,759,11746,473,19617,0,0,826,20102,406,5625,826,25727,California
Santa Cruz,2021-02-02,1007,32370,130,11876,877,20494,0,0,852,20800,154,5779,852,26579,California
Santa Cruz,2021-02-03,2220,34590,946,12822,1274,21768,0,0,1908,22400,308,6087,1908,28487,California
Santa Cruz,2021-02-04,1834,36424,771,13593,1063,22831,0,0,1497,23561,336,6423,1497,29984,California
Santa Cruz,2021-02-05,3172,39596,794,14387,2378,25209,0,0,2852,26094,319,6742,2852,32836,California
Santa Cruz,2021-02-06,2584,42180,164,14551,2420,27629,0,0,2236,27982,348,7090,2236,35072,California
Santa Cruz,2021-02-07,907,43087,121,14672,786,28415,0,0,889,28853,18,7108,889,35961,California
Santa Cruz,2021-02-08,717,43804,204,14876,513,28928,0,0,517,29171,199,7307,517,36478,California
Santa Cruz,2021-02-09,2375,46179,1057,15933,1318,30246,0,0,2110,31020,261,7568,2110,38588,California
Santa Cruz,2021-02-10,2199,48378,580,16513,1619,31865,0,0,1499,31830,690,8258,1500,40088,California
Santa Cruz,2021-02-11,1853,50231,316,16829,1537,33402,0,0,1328,32635,523,8781,1328,41416,California
Santa Cruz,2021-02-12,3214,53445,421,17250,2793,36195,0,0,1809,33049,1397,10178,1811,43227,California
Santa Cruz,2021-02-13,1709,55154,123,17373,1586,37781,0,0,1296,33932,413,10591,1296,44523,California
Santa Cruz,2021-02-14,1400,56554,70,17443,1330,39111,0,0,1137,34806,263,10854,1137,45660,California
Santa Cruz,2021-02-15,1583,58137,279,17722,1304,40415,0,0,566,34356,1017,11871,567,46227,California
Santa Cruz,2021-02-16,1692,59829,202,17924,1490,41905,0,0,535,33755,1136,13007,535,46762,California
Santa Cruz,2021-02-17,2918,62747,974,18898,1944,43849,0,0,1221,33295,1684,14691,1224,47986,California
Santa Cruz,2021-02-18,2880,65627,638,19536,2242,46091,0,0,1231,32880,1646,16337,1231,49217,California
Santa Cruz,2021-02-19,3265,68892,1145,20681,2120,48211,0,0,2010,33636,1254,17591,2010,51227,California
Santa Cruz,2021-02-20,2381,71273,1496,22177,885,49096,0,0,1888,35031,493,18084,1888,53115,California
Santa Cruz,2021-02-21,823,72096,357,22534,466,49562,0,0,699,35608,122,18206,699,53814,California
Santa Cruz,2021-02-22,1251,73347,969,23503,282,49844,0,0,536,35431,713,18919,536,54350,California
Santa Cruz,2021-02-23,2095,75442,938,24441,1157,51001,0,0,710,34757,1384,20303,710,55060,California
Santa Cruz,2021-02-24,3179,78621,1660,26101,1519,52520,0,0,1210,34002,1965,22268,1210,56270,California
Santa Cruz,2021-02-25,3237,81858,1433,27534,1804,54324,0,0,1783,34338,1447,23715,1783,58053,California
Santa Cruz,2021-02-26,2718,84576,760,28294,1958,56282,0,0,1546,34718,1168,24883,1548,59601,California
Santa Cruz,2021-02-27,2638,87214,931,29225,1707,57989,0,0,1838,35757,799,25682,1838,61439,California
Santa Cruz,2021-02-28,1296,88510,360,29585,936,58925,0,0,1086,36636,207,25889,1086,62525,California
Santa Cruz,2021-03-01,1829,90339,1253,30838,576,59501,0,0,688,36186,1138,27027,688,63213,California
Santa Cruz,2021-03-02,1508,91847,340,31178,1168,60669,0,0,838,36359,668,27695,841,64054,California
Santa Cruz,2021-03-03,2316,94163,598,31776,1718,62387,0,0,1250,36546,1063,28758,1250,65304,California
Santa Cruz,2021-03-04,2998,97161,1403,33179,1594,63981,1,1,2031,37621,958,29716,2033,67337,California
Santa Cruz,2021-03-05,2600,99761,477,33656,2105,66086,18,19,1123,37288,1474,31190,1141,68478,California
Santa Cruz,2021-03-06,3864,103625,1346,35002,2415,68501,103,122,2160,37846,1704,32894,2262,70740,California
Santa Cruz,2021-03-07,1341,104966,127,35129,1139,69640,75,197,550,37681,790,33684,625,71365,California
Santa Cruz,2021-03-08,1051,106017,221,35350,730,70370,100,297,653,38037,397,34081,753,72118,California
Santa Cruz,2021-03-09,1763,107780,235,35585,1381,71751,147,444,697,37818,1063,35144,844,72962,California
Santa Cruz,2021-03-10,3845,111625,2082,37667,1615,73366,148,592,1987,38100,1856,37000,2138,75100,California
Santa Cruz,2021-03-11,2789,114414,1212,38879,1410,74776,167,759,1543,38567,1245,38245,1712,76812,California
Santa Cruz,2021-03-12,2736,117150,887,39766,1562,76338,287,1046,903,37927,1830,40075,1190,78002,California
Santa Cruz,2021-03-13,2272,119422,1321,41087,906,77244,45,1091,1154,38010,1117,41192,1200,79202,California
Santa Cruz,2021-03-14,895,120317,214,41301,667,77911,14,1105,438,38007,454,41646,451,79653,California
Santa Cruz,2021-03-15,1342,121659,474,41775,833,78744,35,1140,573,37849,767,42413,609,80262,California
Santa Cruz,2021-03-16,2311,123970,1088,42863,1183,79927,40,1180,1337,38254,971,43384,1376,81638,California
Santa Cruz,2021-03-17,3857,127827,2232,45095,1615,81542,10,1190,2513,39439,1340,44724,2525,84163,California
Santa Cruz,2021-03-18,3856,131683,2094,47189,1645,83187,117,1307,2068,39839,1785,46509,2185,86348,California
Santa Cruz,2021-03-19,3275,134958,1323,48512,1727,84914,225,1532,1653,40100,1617,48126,1878,88226,California
Santa Cruz,2021-03-20,2166,137124,1617,50129,514,85428,35,1567,1097,40166,1066,49192,1132,89358,California
Santa Cruz,2021-03-21,822,137946,436,50565,265,85693,121,1688,441,40350,379,49571,563,89921,California
Santa Cruz,2021-03-22,1359,139305,844,51409,493,86186,22,1710,938,40893,418,49989,961,90882,California
Santa Cruz,2021-03-23,2554,141859,1436,52845,1069,87255,49,1759,1719,41828,833,50822,1768,92650,California
Santa Cruz,2021-03-24,2995,144854,2007,54852,967,88222,21,1780,1984,42826,1006,51828,2004,94654,California
Santa Cruz,2021-03-25,2607,147461,1327,56179,1248,89470,32,1812,1354,42968,1244,53072,1386,96040,California
Santa Cruz,2021-03-26,3033,150494,1821,58000,1185,90655,27,1839,2061,44091,965,54037,2088,98128,California
Santa Cruz,2021-03-27,3212,153706,2010,60010,1177,91832,25,1864,1508,43931,1694,55731,1534,99662,California
Santa Cruz,2021-03-28,921,154627,567,60577,341,92173,13,1877,488,44005,428,56159,502,100164,California
Santa Cruz,2021-03-29,1950,156577,873,61450,1009,93182,68,1945,1248,44626,695,56854,1316,101480,California
Santa Cruz,2021-03-30,2698,159275,819,62269,1721,94903,158,2103,1738,45563,959,57813,1896,103376,California
Santa Cruz,2021-03-31,4022,163297,2697,64966,1282,96185,43,2146,2077,45742,1941,59754,2120,105496,California
Santa Cruz,2021-04-01,4012,167309,2149,67115,1760,97945,103,2249,2028,45893,1979,61733,2130,107626,California
Santa Cruz,2021-04-02,3151,170460,1434,68549,1537,99482,180,2429,1761,46449,1385,63118,1941,109567,California
Santa Cruz,2021-04-03,2238,172698,1233,69782,890,100372,115,2544,892,46112,1343,64461,1006,110573,California
Santa Cruz,2021-04-04,938,173636,492,70274,391,100763,55,2599,555,46339,383,64844,610,111183,California
Santa Cruz,2021-04-05,2241,175877,798,71072,1291,102054,152,2751,1398,47047,842,65686,1550,112733,California
Santa Cruz,2021-04-06,3369,179246,1673,72745,1346,103400,350,3101,2012,48059,1349,67035,2361,115094,California
Santa Cruz,2021-04-07,4072,183318,1622,74367,2123,105523,327,3428,1865,48046,2205,69240,2192,117286,California
Santa Cruz,2021-04-08,4001,187319,2319,76686,1378,106901,304,3732,2471,49300,1521,70761,2775,120061,California
Santa Cruz,2021-04-09,2989,190308,1264,77950,1551,108452,174,3906,1741,49972,1244,72005,1916,121977,California
Santa Cruz,2021-04-10,1782,192090,884,78834,720,109172,178,4084,866,50101,914,72919,1043,123020,California
Santa Cruz,2021-04-11,323,192413,82,78916,227,109399,14,4098,85,49962,238,73157,99,123119,California
Shasta,2020-12-16,131,131,131,131,0,0,0,0,131,131,0,0,131,131,California
Shasta,2020-12-17,417,548,417,548,0,0,0,0,417,548,0,0,417,548,California
Shasta,2020-12-18,166,714,166,714,0,0,0,0,166,714,0,0,166,714,California
Shasta,2020-12-19,1,715,1,715,0,0,0,0,1,715,0,0,1,715,California
Shasta,2020-12-21,80,795,80,795,0,0,0,0,80,795,0,0,80,795,California
Shasta,2020-12-22,191,986,186,981,5,5,0,0,191,986,0,0,191,986,California
Shasta,2020-12-23,174,1160,170,1151,4,9,0,0,174,1160,0,0,174,1160,California
Shasta,2020-12-24,18,1178,18,1169,0,9,0,0,18,1178,0,0,18,1178,California
Shasta,2020-12-26,4,1182,1,1170,3,12,0,0,4,1182,0,0,4,1182,California
Shasta,2020-12-27,1,1183,0,1170,1,13,0,0,1,1183,0,0,1,1183,California
Shasta,2020-12-28,40,1223,31,1201,9,22,0,0,40,1223,0,0,40,1223,California
Shasta,2020-12-29,186,1409,185,1386,1,23,0,0,186,1409,0,0,186,1409,California
Shasta,2020-12-30,178,1587,168,1554,10,33,0,0,178,1587,0,0,178,1587,California
Shasta,2020-12-31,83,1670,2,1556,81,114,0,0,83,1670,0,0,83,1670,California
Shasta,2021-01-02,2,1672,0,1556,2,116,0,0,2,1672,0,0,2,1672,California
Shasta,2021-01-03,1,1673,1,1557,0,116,0,0,1,1673,0,0,1,1673,California
Shasta,2021-01-04,346,2019,306,1863,40,156,0,0,347,2020,0,0,347,2020,California
Shasta,2021-01-05,335,2354,314,2177,21,177,0,0,254,2193,81,81,254,2274,California
Shasta,2021-01-06,437,2791,395,2572,42,219,0,0,175,2107,261,342,175,2449,California
Shasta,2021-01-07,116,2907,35,2607,81,300,0,0,95,2181,21,363,95,2544,California
Shasta,2021-01-08,507,3414,447,3054,60,360,0,0,299,2272,208,571,299,2843,California
Shasta,2021-01-09,72,3486,63,3117,9,369,0,0,70,2340,2,573,70,2913,California
Shasta,2021-01-10,5,3491,0,3117,5,374,0,0,4,2344,1,574,5,2918,California
Shasta,2021-01-11,352,3843,185,3302,167,541,0,0,316,2624,36,610,316,3234,California
Shasta,2021-01-12,452,4295,327,3629,125,666,0,0,278,2728,174,784,278,3512,California
Shasta,2021-01-13,541,4836,268,3897,273,939,0,0,371,2929,170,954,371,3883,California
Shasta,2021-01-14,447,5283,51,3948,396,1335,0,0,429,3340,18,972,429,4312,California
Shasta,2021-01-15,634,5917,136,4084,498,1833,0,0,632,3970,2,974,632,4944,California
Shasta,2021-01-16,899,6816,55,4139,844,2677,0,0,896,4863,3,977,896,5840,California
Shasta,2021-01-17,27,6843,6,4145,21,2698,0,0,23,4882,4,981,23,5863,California
Shasta,2021-01-18,600,7443,130,4275,470,3168,0,0,592,5466,8,989,592,6455,California
Shasta,2021-01-19,1018,8461,397,4672,621,3789,0,0,870,6188,148,1137,870,7325,California
Shasta,2021-01-20,676,9137,408,5080,268,4057,0,0,493,6502,179,1316,493,7818,California
Shasta,2021-01-21,629,9766,277,5357,352,4409,0,0,606,7085,23,1339,606,8424,California
Shasta,2021-01-22,445,10211,171,5528,274,4683,0,0,439,7518,6,1345,439,8863,California
Shasta,2021-01-23,68,10279,5,5533,63,4746,0,0,67,7584,1,1346,67,8930,California
Shasta,2021-01-24,25,10304,2,5535,23,4769,0,0,24,7607,1,1347,24,8954,California
Shasta,2021-01-25,749,11053,491,6026,258,5027,0,0,463,7785,285,1632,463,9417,California
Shasta,2021-01-26,707,11760,331,6357,376,5403,0,0,474,8028,231,1863,474,9891,California
Shasta,2021-01-27,458,12218,179,6536,279,5682,0,0,409,8388,49,1912,409,10300,California
Shasta,2021-01-28,854,13072,576,7112,278,5960,0,0,632,8798,222,2134,632,10932,California
Shasta,2021-01-29,831,13903,331,7443,500,6460,0,0,641,9250,190,2324,642,11574,California
Shasta,2021-01-30,618,14521,14,7457,604,7064,0,0,609,9850,9,2333,609,12183,California
Shasta,2021-01-31,28,14549,4,7461,24,7088,0,0,26,9874,2,2335,26,12209,California
Shasta,2021-02-01,502,15051,141,7602,361,7449,0,0,383,10138,119,2454,383,12592,California
Shasta,2021-02-02,936,15987,493,8095,443,7892,0,0,846,10895,89,2543,846,13438,California
Shasta,2021-02-03,675,16662,210,8305,465,8357,0,0,479,11178,196,2739,479,13917,California
Shasta,2021-02-04,1067,17729,662,8967,405,8762,0,0,876,11864,190,2929,876,14793,California
Shasta,2021-02-05,1212,18941,163,9130,1049,9811,0,0,1023,12699,188,3117,1023,15816,California
Shasta,2021-02-06,1729,20670,42,9172,1687,11498,0,0,1704,14379,24,3141,1704,17520,California
Shasta,2021-02-07,25,20695,2,9174,23,11521,0,0,23,14400,2,3143,23,17543,California
Shasta,2021-02-08,541,21236,168,9342,373,11894,0,0,303,14465,238,3381,303,17846,California
Shasta,2021-02-09,1026,22262,651,9993,375,12269,0,0,676,14791,350,3731,676,18522,California
Shasta,2021-02-10,1083,23345,782,10775,301,12570,0,0,593,14894,491,4222,594,19116,California
Shasta,2021-02-11,785,24130,187,10962,598,13168,0,0,304,14722,476,4698,304,19420,California
Shasta,2021-02-12,1663,25793,1144,12106,519,13687,0,0,1170,15399,493,5191,1170,20590,California
Shasta,2021-02-13,1384,27177,368,12474,1016,14703,0,0,572,15158,813,6004,572,21162,California
Shasta,2021-02-14,148,27325,4,12478,144,14847,0,0,124,15258,24,6028,124,21286,California
Shasta,2021-02-15,381,27706,91,12569,290,15137,0,0,212,15301,169,6197,212,21498,California
Shasta,2021-02-16,1084,28790,512,13081,572,15709,0,0,319,14856,764,6961,319,21817,California
Shasta,2021-02-17,994,29784,438,13519,556,16265,0,0,376,14614,618,7579,376,22193,California
Shasta,2021-02-18,874,30658,441,13960,433,16698,0,0,427,14594,447,8026,427,22620,California
Shasta,2021-02-19,1326,31984,934,14894,392,17090,0,0,859,14986,467,8493,859,23479,California
Shasta,2021-02-20,799,32783,87,14981,712,17802,0,0,300,14787,499,8992,300,23779,California
Shasta,2021-02-21,31,32814,2,14983,29,17831,0,0,9,14774,22,9014,9,23788,California
Shasta,2021-02-22,348,33162,74,15057,274,18105,0,0,102,14630,246,9260,102,23890,California
Shasta,2021-02-23,802,33964,467,15524,335,18440,0,0,218,14264,584,9844,218,24108,California
Shasta,2021-02-24,882,34846,504,16028,378,18818,0,0,269,13921,612,10456,269,24377,California
Shasta,2021-02-25,477,35323,157,16185,320,19138,0,0,157,13759,319,10775,157,24534,California
Shasta,2021-02-26,787,36110,90,16275,697,19835,0,0,326,13626,459,11234,326,24860,California
Shasta,2021-02-27,826,36936,29,16304,797,20632,0,0,187,13176,637,11871,187,25047,California
Shasta,2021-02-28,177,37113,4,16308,173,20805,0,0,127,13253,50,11921,127,25174,California
Shasta,2021-03-01,559,37672,61,16369,498,21303,0,0,267,13230,290,12211,267,25441,California
Shasta,2021-03-02,929,38601,465,16834,464,21767,0,0,266,12835,661,12872,266,25707,California
Shasta,2021-03-03,629,39230,145,16979,484,22251,0,0,223,12652,406,13278,223,25930,California
Shasta,2021-03-04,1051,40281,504,17483,547,22798,0,0,646,12895,404,13682,647,26577,California
Shasta,2021-03-05,977,41258,160,17643,788,23586,29,29,321,12588,657,14339,350,26927,California
Shasta,2021-03-06,838,42096,387,18030,404,23990,47,76,203,12203,635,14974,250,27177,California
Shasta,2021-03-07,90,42186,3,18033,55,24045,32,108,36,12217,54,15028,68,27245,California
Shasta,2021-03-08,558,42744,46,18079,373,24418,139,247,145,12090,411,15439,284,27529,California
Shasta,2021-03-09,605,43349,45,18124,382,24800,178,425,232,12127,373,15812,410,27939,California
Shasta,2021-03-10,797,44146,259,18383,335,25135,203,628,134,11800,662,16474,335,28274,California
Shasta,2021-03-11,1043,45189,175,18558,624,25759,244,872,644,12289,399,16873,888,29162,California
Shasta,2021-03-12,809,45998,160,18718,406,26165,243,1115,293,12308,515,17388,534,29696,California
Shasta,2021-03-13,742,46740,423,19141,219,26384,100,1215,474,12614,267,17655,573,30269,California
Shasta,2021-03-14,364,47104,8,19149,334,26718,22,1237,227,12726,137,17792,249,30518,California
Shasta,2021-03-15,493,47597,34,19183,359,27077,100,1337,206,12745,286,18078,305,30823,California
Shasta,2021-03-16,1077,48674,144,19327,866,27943,67,1404,798,13331,279,18357,865,31688,California
Shasta,2021-03-17,692,49366,195,19522,439,28382,58,1462,393,13489,293,18650,451,32139,California
Shasta,2021-03-18,1071,50437,236,19758,732,29114,103,1565,798,14121,269,18919,901,33040,California
Shasta,2021-03-19,624,51061,191,19949,377,29491,56,1621,396,14346,227,19146,452,33492,California
Shasta,2021-03-20,745,51806,488,20437,243,29734,14,1635,598,14811,147,19293,612,34104,California
Shasta,2021-03-21,312,52118,296,20733,4,29738,12,1647,286,15083,26,19319,298,34402,California
Shasta,2021-03-22,341,52459,36,20769,275,30013,30,1677,200,15173,140,19459,230,34632,California
Shasta,2021-03-23,817,53276,156,20925,603,30616,58,1735,626,15671,186,19645,684,35316,California
Shasta,2021-03-24,512,53788,155,21080,320,30936,37,1772,363,15923,148,19793,400,35716,California
Shasta,2021-03-25,758,54546,186,21266,555,31491,17,1789,618,16420,138,19931,635,36351,California
Shasta,2021-03-26,683,55229,257,21523,396,31887,30,1819,331,16430,352,20283,362,36713,California
Shasta,2021-03-27,1556,56785,404,21927,315,32202,837,2656,571,16852,983,21266,1405,38118,California
Shasta,2021-03-28,405,57190,299,22226,96,32298,10,2666,302,17063,101,21367,312,38430,California
Shasta,2021-03-29,413,57603,41,22267,360,32658,12,2678,160,16983,252,21619,172,38602,California
Shasta,2021-03-30,526,58129,185,22452,334,32992,7,2685,321,17109,202,21821,328,38930,California
Shasta,2021-03-31,620,58749,206,22658,409,33401,5,2690,392,17283,223,22044,397,39327,California
Shasta,2021-04-01,773,59522,246,22904,521,33922,6,2696,548,17613,225,22269,555,39882,California
Shasta,2021-04-02,746,60268,202,23106,493,34415,51,2747,414,17748,330,22599,465,40347,California
Shasta,2021-04-03,520,60788,368,23474,133,34548,19,2766,397,18041,123,22722,416,40763,California
Shasta,2021-04-04,281,61069,177,23651,84,34632,20,2786,217,18214,64,22786,237,41000,California
Shasta,2021-04-05,416,61485,50,23701,305,34937,61,2847,249,18357,167,22953,310,41310,California
Shasta,2021-04-06,710,62195,174,23875,374,35311,162,3009,296,18401,414,23367,458,41768,California
Shasta,2021-04-07,645,62840,220,24095,283,35594,142,3151,275,18453,364,23731,416,42184,California
Shasta,2021-04-08,1016,63856,262,24357,600,36194,154,3305,227,18047,786,24517,380,42564,California
Shasta,2021-04-09,839,64695,499,24856,212,36406,128,3433,459,18254,379,24896,586,43150,California
Shasta,2021-04-10,823,65518,581,25437,129,36535,113,3546,247,18038,576,25472,360,43510,California
Shasta,2021-04-11,16,65534,3,25440,0,36535,13,3559,3,18041,13,25485,16,43526,California
Sierra,2020-12-18,1,1,1,1,0,0,0,0,1,1,0,0,1,1,California
Sierra,2020-12-21,2,3,2,3,0,0,0,0,2,3,0,0,2,3,California
Sierra,2020-12-22,12,15,12,15,0,0,0,0,12,15,0,0,12,15,California
Sierra,2020-12-23,4,19,4,19,0,0,0,0,4,19,0,0,4,19,California
Sierra,2020-12-28,1,20,0,19,1,1,0,0,1,20,0,0,1,20,California
Sierra,2020-12-29,49,69,7,26,42,43,0,0,49,69,0,0,49,69,California
Sierra,2020-12-30,2,71,0,26,2,45,0,0,2,71,0,0,2,71,California
Sierra,2020-12-31,12,83,0,26,12,57,0,0,12,83,0,0,12,83,California
Sierra,2021-01-05,65,148,3,29,62,119,0,0,65,148,0,0,65,148,California
Sierra,2021-01-06,1,149,1,30,0,119,0,0,1,149,0,0,1,149,California
Sierra,2021-01-07,20,169,1,31,19,138,0,0,19,167,1,1,19,168,California
Sierra,2021-01-08,1,170,1,32,0,138,0,0,1,168,0,1,1,169,California
Sierra,2021-01-11,3,173,3,35,0,138,0,0,0,165,3,4,0,169,California
Sierra,2021-01-12,39,212,12,47,27,165,0,0,27,180,12,16,27,196,California
Sierra,2021-01-13,4,216,3,50,1,166,0,0,1,178,3,19,1,197,California
Sierra,2021-01-14,35,251,2,52,33,199,0,0,35,213,0,19,35,232,California
Sierra,2021-01-15,2,253,1,53,1,200,0,0,2,215,0,19,2,234,California
Sierra,2021-01-18,2,255,0,53,2,202,0,0,2,217,0,19,2,236,California
Sierra,2021-01-19,32,287,0,53,32,234,0,0,32,249,0,19,32,268,California
Sierra,2021-01-20,1,288,1,54,0,234,0,0,1,250,0,19,1,269,California
Sierra,2021-01-21,54,342,0,54,54,288,0,0,54,304,0,19,54,323,California
Sierra,2021-01-22,1,343,0,54,1,289,0,0,1,305,0,19,1,324,California
Sierra,2021-01-23,2,345,0,54,2,291,0,0,2,307,0,19,2,326,California
Sierra,2021-01-26,62,407,0,54,62,353,0,0,24,293,38,57,24,350,California
Sierra,2021-01-27,4,411,4,58,0,353,0,0,0,289,4,61,0,350,California
Sierra,2021-01-28,53,464,0,58,53,406,0,0,44,324,9,70,44,394,California
Sierra,2021-01-29,1,465,0,58,1,407,0,0,1,325,0,70,1,395,California
Sierra,2021-01-30,3,468,3,61,0,407,0,0,2,326,1,71,2,397,California
Sierra,2021-02-01,1,469,0,61,1,408,0,0,0,325,1,72,0,397,California
Sierra,2021-02-02,57,526,0,61,57,465,0,0,18,304,39,111,18,415,California
Sierra,2021-02-03,6,532,5,66,1,466,0,0,5,308,1,112,5,420,California
Sierra,2021-02-04,105,637,6,72,99,565,0,0,57,317,48,160,57,477,California
Sierra,2021-02-05,6,643,4,76,2,567,0,0,5,321,1,161,5,482,California
Sierra,2021-02-09,51,694,0,76,51,618,0,0,49,368,2,163,49,531,California
Sierra,2021-02-10,5,699,2,78,3,621,0,0,4,371,1,164,4,535,California
Sierra,2021-02-11,196,895,1,79,195,816,0,0,134,443,62,226,134,669,California
Sierra,2021-02-12,20,915,0,79,20,836,0,0,20,463,0,226,20,689,California
Sierra,2021-02-13,1,916,1,80,0,836,0,0,1,464,0,226,1,690,California
Sierra,2021-02-14,1,917,0,80,1,837,0,0,1,465,0,226,1,691,California
Sierra,2021-02-15,1,918,1,81,0,837,0,0,0,464,1,227,0,691,California
Sierra,2021-02-16,43,961,0,81,43,880,0,0,10,441,33,260,10,701,California
Sierra,2021-02-17,3,964,0,81,3,883,0,0,1,440,2,262,1,702,California
Sierra,2021-02-18,143,1107,0,81,143,1026,0,0,92,481,51,313,92,794,California
Sierra,2021-02-19,1,1108,1,82,0,1026,0,0,1,482,0,313,1,795,California
Sierra,2021-02-20,2,1110,2,84,0,1026,0,0,0,480,2,315,0,795,California
Sierra,2021-02-22,1,1111,1,85,0,1026,0,0,1,481,0,315,1,796,California
Sierra,2021-02-23,4,1115,0,85,4,1030,0,0,4,485,0,315,4,800,California
Sierra,2021-02-24,5,1120,3,88,2,1032,0,0,4,488,1,316,4,804,California
Sierra,2021-02-25,124,1244,1,89,123,1155,0,0,58,480,66,382,58,862,California
Sierra,2021-02-26,9,1253,6,95,3,1158,0,0,4,479,5,387,4,866,California
Sierra,2021-02-27,2,1255,2,97,0,1158,0,0,0,477,2,389,0,866,California
Sierra,2021-03-01,2,1257,2,99,0,1158,0,0,0,475,2,391,0,866,California
Sierra,2021-03-02,56,1313,0,99,56,1214,0,0,38,495,18,409,38,904,California
Sierra,2021-03-03,2,1315,2,101,0,1214,0,0,1,495,1,410,1,905,California
Sierra,2021-03-04,108,1423,0,101,108,1322,0,0,57,501,51,461,57,962,California
Sierra,2021-03-05,13,1436,1,102,12,1334,0,0,11,510,2,463,11,973,California
Sierra,2021-03-07,1,1437,1,103,0,1334,0,0,0,509,1,464,0,973,California
Sierra,2021-03-08,2,1439,2,105,0,1334,0,0,2,511,0,464,2,975,California
Sierra,2021-03-09,56,1495,0,105,56,1390,0,0,11,477,45,509,11,986,California
Sierra,2021-03-10,6,1501,0,105,6,1396,0,0,4,479,2,511,4,990,California
Sierra,2021-03-11,176,1677,0,105,176,1572,0,0,44,391,132,643,44,1034,California
Sierra,2021-03-12,20,1697,1,106,19,1591,0,0,0,371,20,663,0,1034,California
Sierra,2021-03-13,28,1725,0,106,28,1619,0,0,28,399,0,663,28,1062,California
Sierra,2021-03-14,1,1726,0,106,0,1619,1,1,0,399,1,664,1,1063,California
Sierra,2021-03-15,2,1728,1,107,1,1620,0,1,0,397,2,666,0,1063,California
Sierra,2021-03-16,37,1765,0,107,36,1656,1,2,24,409,13,679,25,1088,California
Sierra,2021-03-17,4,1769,3,110,1,1657,0,2,1,407,3,682,1,1089,California
Sierra,2021-03-18,160,1929,0,110,160,1817,0,2,66,379,94,776,66,1155,California
Sierra,2021-03-19,4,1933,2,112,2,1819,0,2,1,377,3,779,1,1156,California
Sierra,2021-03-20,1,1934,0,112,1,1820,0,2,1,378,0,779,1,1157,California
Sierra,2021-03-23,24,1958,0,112,24,1844,0,2,15,384,9,788,15,1172,California
Sierra,2021-03-24,2,1960,1,113,1,1845,0,2,0,382,2,790,0,1172,California
Sierra,2021-03-25,90,2050,0,113,90,1935,0,2,46,384,44,834,46,1218,California
Sierra,2021-03-26,13,2063,1,114,12,1947,0,2,10,391,3,837,10,1228,California
Sierra,2021-03-27,2,2065,1,115,1,1948,0,2,0,389,2,839,0,1228,California
Sierra,2021-03-29,1,2066,1,116,0,1948,0,2,0,388,1,840,0,1228,California
Sierra,2021-03-30,54,2120,0,116,54,2002,0,2,21,376,33,873,21,1249,California
Sierra,2021-03-31,8,2128,0,116,8,2010,0,2,8,384,0,873,8,1257,California
Sierra,2021-04-01,60,2188,2,118,58,2068,0,2,6,336,54,927,6,1263,California
Sierra,2021-04-02,3,2191,2,120,1,2069,0,2,2,337,1,928,2,1265,California
Sierra,2021-04-05,1,2192,1,121,0,2069,0,2,0,336,1,929,0,1265,California
Sierra,2021-04-06,10,2202,0,121,10,2079,0,2,0,326,10,939,0,1265,California
Sierra,2021-04-07,11,2213,0,121,5,2084,6,8,1,323,10,949,7,1272,California
Sierra,2021-04-08,53,2266,1,122,52,2136,0,8,16,302,37,986,16,1288,California
Sierra,2021-04-09,2,2268,2,124,0,2136,0,8,1,302,1,987,1,1289,California
Sierra,2021-04-10,28,2296,1,125,27,2163,0,8,1,276,27,1014,1,1290,California
Siskiyou,2020-12-16,2,2,2,2,0,0,0,0,2,2,0,0,2,2,California
Siskiyou,2020-12-17,4,6,4,6,0,0,0,0,4,6,0,0,4,6,California
Siskiyou,2020-12-18,2,8,2,8,0,0,0,0,2,8,0,0,2,8,California
Siskiyou,2020-12-19,4,12,4,12,0,0,0,0,4,12,0,0,4,12,California
Siskiyou,2020-12-20,1,13,1,13,0,0,0,0,1,13,0,0,1,13,California
Siskiyou,2020-12-21,132,145,132,145,0,0,0,0,132,145,0,0,132,145,California
Siskiyou,2020-12-22,159,304,159,304,0,0,0,0,159,304,0,0,159,304,California
Siskiyou,2020-12-23,142,446,142,446,0,0,0,0,142,446,0,0,142,446,California
Siskiyou,2020-12-24,5,451,5,451,0,0,0,0,5,451,0,0,5,451,California
Siskiyou,2020-12-26,2,453,0,451,2,2,0,0,2,453,0,0,2,453,California
Siskiyou,2020-12-27,2,455,0,451,2,4,0,0,2,455,0,0,2,455,California
Siskiyou,2020-12-28,3,458,1,452,2,6,0,0,3,458,0,0,3,458,California
Siskiyou,2020-12-29,6,464,2,454,4,10,0,0,6,464,0,0,6,464,California
Siskiyou,2020-12-30,98,562,3,457,95,105,0,0,98,562,0,0,98,562,California
Siskiyou,2020-12-31,12,574,0,457,12,117,0,0,12,574,0,0,12,574,California
Siskiyou,2021-01-02,1,575,1,458,0,117,0,0,1,575,0,0,1,575,California
Siskiyou,2021-01-03,1,576,0,458,1,118,0,0,1,576,0,0,1,576,California
Siskiyou,2021-01-04,130,706,3,461,127,245,0,0,130,706,0,0,130,706,California
Siskiyou,2021-01-05,117,823,4,465,113,358,0,0,116,821,1,1,116,822,California
Siskiyou,2021-01-06,60,883,6,471,54,412,0,0,56,873,4,5,56,878,California
Siskiyou,2021-01-07,175,1058,3,474,172,584,0,0,174,1046,1,6,174,1052,California
Siskiyou,2021-01-08,41,1099,3,477,38,622,0,0,39,1083,2,8,39,1091,California
Siskiyou,2021-01-09,2,1101,2,479,0,622,0,0,0,1081,2,10,0,1091,California
Siskiyou,2021-01-11,226,1327,65,544,161,783,0,0,163,1181,63,73,163,1254,California
Siskiyou,2021-01-12,320,1647,273,817,47,830,0,0,87,1035,233,306,87,1341,California
Siskiyou,2021-01-13,157,1804,137,954,20,850,0,0,23,924,134,440,23,1364,California
Siskiyou,2021-01-14,26,1830,1,955,25,875,0,0,25,948,1,441,25,1389,California
Siskiyou,2021-01-15,35,1865,3,958,32,907,0,0,35,983,0,441,35,1424,California
Siskiyou,2021-01-16,7,1872,2,960,5,912,0,0,7,990,0,441,7,1431,California
Siskiyou,2021-01-17,1,1873,1,961,0,912,0,0,0,989,1,442,0,1431,California
Siskiyou,2021-01-18,75,1948,4,965,71,983,0,0,73,1060,2,444,73,1504,California
Siskiyou,2021-01-19,21,1969,1,966,20,1003,0,0,20,1079,1,445,20,1524,California
Siskiyou,2021-01-20,47,2016,35,1001,12,1015,0,0,43,1118,4,449,43,1567,California
Siskiyou,2021-01-21,42,2058,1,1002,41,1056,0,0,42,1160,0,449,42,1609,California
Siskiyou,2021-01-22,1331,3389,1179,2181,152,1208,0,0,1331,2491,0,449,1331,2940,California
Siskiyou,2021-01-23,5,3394,1,2182,4,1212,0,0,2,2490,3,452,2,2942,California
Siskiyou,2021-01-25,182,3576,8,2190,174,1386,0,0,178,2664,4,456,178,3120,California
Siskiyou,2021-01-26,149,3725,4,2194,145,1531,0,0,141,2797,8,464,141,3261,California
Siskiyou,2021-01-27,179,3904,0,2194,179,1710,0,0,125,2868,54,518,125,3386,California
Siskiyou,2021-01-28,232,4136,118,2312,114,1824,0,0,226,3088,6,524,226,3612,California
Siskiyou,2021-01-29,248,4384,2,2314,246,2070,0,0,246,3332,2,526,246,3858,California
Siskiyou,2021-01-30,3,4387,2,2316,1,2071,0,0,3,3335,0,526,3,3861,California
Siskiyou,2021-02-01,194,4581,3,2319,191,2262,0,0,104,3349,90,616,104,3965,California
Siskiyou,2021-02-02,289,4870,45,2364,244,2506,0,0,148,3356,141,757,148,4113,California
Siskiyou,2021-02-03,313,5183,1,2365,312,2818,0,0,264,3571,49,806,264,4377,California
Siskiyou,2021-02-04,318,5501,7,2372,311,3129,0,0,199,3651,119,925,199,4576,California
Siskiyou,2021-02-05,511,6012,4,2376,507,3636,0,0,346,3832,165,1090,346,4922,California
Siskiyou,2021-02-06,15,6027,0,2376,15,3651,0,0,15,3847,0,1090,15,4937,California
Siskiyou,2021-02-07,3,6030,2,2378,1,3652,0,0,3,3850,0,1090,3,4940,California
Siskiyou,2021-02-08,221,6251,5,2383,216,3868,0,0,216,4061,5,1095,216,5156,California
Siskiyou,2021-02-09,194,6445,3,2386,191,4059,0,0,161,4189,33,1128,161,5317,California
Siskiyou,2021-02-10,370,6815,40,2426,330,4389,0,0,316,4452,53,1181,316,5633,California
Siskiyou,2021-02-11,191,7006,1,2427,190,4579,0,0,175,4611,16,1197,175,5808,California
Siskiyou,2021-02-12,1694,8700,1202,3629,492,5071,0,0,501,3919,1193,2390,501,6309,California
Siskiyou,2021-02-13,36,8736,2,3631,34,5105,0,0,32,3947,4,2394,32,6341,California
Siskiyou,2021-02-14,5,8741,1,3632,4,5109,0,0,5,3952,0,2394,5,6346,California
Siskiyou,2021-02-15,108,8849,10,3642,98,5207,0,0,106,4056,2,2396,106,6452,California
Siskiyou,2021-02-16,114,8963,2,3644,112,5319,0,0,99,4140,15,2411,99,6551,California
Siskiyou,2021-02-17,182,9145,15,3659,167,5486,0,0,168,4294,14,2425,168,6719,California
Siskiyou,2021-02-18,221,9366,89,3748,132,5618,0,0,98,4269,123,2548,98,6817,California
Siskiyou,2021-02-19,70,9436,33,3781,37,5655,0,0,34,4267,36,2584,34,6851,California
Siskiyou,2021-02-20,21,9457,3,3784,18,5673,0,0,17,4280,4,2588,17,6868,California
Siskiyou,2021-02-21,2,9459,2,3786,0,5673,0,0,2,4282,0,2588,2,6870,California
Siskiyou,2021-02-22,124,9583,1,3787,123,5796,0,0,18,4194,106,2694,18,6888,California
Siskiyou,2021-02-23,195,9778,15,3802,180,5976,0,0,51,4101,144,2838,51,6939,California
Siskiyou,2021-02-24,146,9924,4,3806,142,6118,0,0,34,4023,112,2950,34,6973,California
Siskiyou,2021-02-25,300,10224,24,3830,276,6394,0,0,154,4031,146,3096,154,7127,California
Siskiyou,2021-02-26,667,10891,9,3839,658,7052,0,0,366,4096,301,3397,366,7493,California
Siskiyou,2021-02-27,32,10923,5,3844,27,7079,0,0,27,4118,5,3402,27,7520,California
Siskiyou,2021-02-28,4,10927,4,3848,0,7079,0,0,3,4120,1,3403,3,7523,California
Siskiyou,2021-03-01,281,11208,7,3855,274,7353,0,0,51,3941,230,3633,51,7574,California
Siskiyou,2021-03-02,190,11398,1,3856,189,7542,0,0,71,3893,119,3752,71,7645,California
Siskiyou,2021-03-03,343,11741,7,3863,336,7878,0,0,153,3856,190,3942,153,7798,California
Siskiyou,2021-03-04,771,12512,600,4463,171,8049,0,0,620,4325,151,4093,620,8418,California
Siskiyou,2021-03-05,322,12834,7,4470,304,8353,11,11,103,4223,216,4309,114,8532,California
Siskiyou,2021-03-06,34,12868,2,4472,27,8380,5,16,26,4246,8,4317,31,8563,California
Siskiyou,2021-03-07,12,12880,4,4476,0,8380,8,24,3,4248,9,4326,11,8574,California
Siskiyou,2021-03-08,359,13239,31,4507,293,8673,35,59,57,4038,302,4628,92,8666,California
Siskiyou,2021-03-09,161,13400,0,4507,108,8781,53,112,56,4042,105,4733,109,8775,California
Siskiyou,2021-03-10,221,13621,7,4514,183,8964,31,143,32,3915,189,4922,62,8837,California
Siskiyou,2021-03-11,467,14088,201,4715,219,9183,47,190,268,4032,198,5120,315,9152,California
Siskiyou,2021-03-12,627,14715,127,4842,461,9644,39,229,178,3802,447,5567,217,9369,California
Siskiyou,2021-03-13,423,15138,379,5221,21,9665,23,252,380,4162,43,5610,403,9772,California
Siskiyou,2021-03-14,23,15161,2,5223,5,9670,16,268,3,4161,20,5630,19,9791,California
Siskiyou,2021-03-15,452,15613,256,5479,177,9847,19,287,320,4368,132,5762,339,10130,California
Siskiyou,2021-03-16,260,15873,37,5516,206,10053,17,304,145,4416,114,5876,162,10292,California
Siskiyou,2021-03-17,196,16069,6,5522,182,10235,8,312,31,4290,165,6041,39,10331,California
Siskiyou,2021-03-18,926,16995,789,6311,125,10360,12,324,810,4996,116,6157,822,11153,California
Siskiyou,2021-03-19,66,17061,9,6320,44,10404,13,337,20,4983,46,6203,33,11186,California
Siskiyou,2021-03-20,30,17091,7,6327,18,10422,5,342,6,4970,24,6227,11,11197,California
Siskiyou,2021-03-21,9,17100,3,6330,1,10423,5,347,3,4972,6,6233,8,11205,California
Siskiyou,2021-03-22,205,17305,19,6349,164,10587,22,369,142,5076,60,6293,164,11369,California
Siskiyou,2021-03-23,190,17495,19,6368,161,10748,10,379,136,5168,54,6347,146,11515,California
Siskiyou,2021-03-24,143,17638,51,6419,92,10840,0,379,119,5263,24,6371,119,11634,California
Siskiyou,2021-03-25,542,18180,292,6711,247,11087,3,382,372,5468,170,6541,375,12009,California
Siskiyou,2021-03-26,294,18474,27,6738,267,11354,0,382,95,5365,198,6739,95,12104,California
Siskiyou,2021-03-27,37,18511,4,6742,28,11382,5,387,9,5351,28,6767,14,12118,California
Siskiyou,2021-03-28,6,18517,6,6748,0,11382,0,387,4,5353,2,6769,4,12122,California
Siskiyou,2021-03-29,105,18622,11,6759,92,11474,2,389,47,5353,49,6818,49,12171,California
Siskiyou,2021-03-30,99,18721,3,6762,95,11569,1,390,38,5331,61,6879,39,12210,California
Siskiyou,2021-03-31,188,18909,22,6784,164,11733,2,392,50,5247,137,7016,53,12263,California
Siskiyou,2021-04-01,817,19726,670,7454,147,11880,0,392,209,4848,608,7624,209,12472,California
Siskiyou,2021-04-02,343,20069,196,7650,143,12023,4,396,65,4641,276,7900,69,12541,California
Siskiyou,2021-04-03,25,20094,4,7654,14,12037,7,403,5,4633,20,7920,12,12553,California
Siskiyou,2021-04-04,2,20096,2,7656,0,12037,0,403,1,4633,1,7921,1,12554,California
Siskiyou,2021-04-05,431,20527,326,7982,79,12116,26,429,27,4282,404,8325,53,12607,California
Siskiyou,2021-04-06,206,20733,36,8018,127,12243,43,472,121,4361,85,8410,164,12771,California
Siskiyou,2021-04-07,105,20838,11,8029,59,12302,35,507,64,4419,41,8451,99,12870,California
Siskiyou,2021-04-08,312,21150,184,8213,85,12387,43,550,52,4254,260,8711,95,12965,California
Siskiyou,2021-04-09,511,21661,363,8576,119,12506,29,579,67,3909,442,9153,97,13062,California
Siskiyou,2021-04-10,39,21700,4,8580,0,12506,35,614,2,3909,37,9190,37,13099,California
Siskiyou,2021-04-11,1,21701,0,8580,0,12506,1,615,0,3909,1,9191,1,13100,California
Solano,2020-12-15,4,4,4,4,0,0,0,0,4,4,0,0,4,4,California
Solano,2020-12-16,71,75,71,75,0,0,0,0,71,75,0,0,71,75,California
Solano,2020-12-17,151,226,151,226,0,0,0,0,151,226,0,0,151,226,California
Solano,2020-12-18,448,674,447,673,1,1,0,0,448,674,0,0,448,674,California
Solano,2020-12-19,516,1190,516,1189,0,1,0,0,516,1190,0,0,516,1190,California
Solano,2020-12-20,353,1543,352,1541,1,2,0,0,353,1543,0,0,353,1543,California
Solano,2020-12-21,572,2115,570,2111,2,4,0,0,572,2115,0,0,572,2115,California
Solano,2020-12-22,662,2777,629,2740,33,37,0,0,662,2777,0,0,662,2777,California
Solano,2020-12-23,856,3633,771,3511,85,122,0,0,855,3632,0,0,855,3632,California
Solano,2020-12-24,420,4053,169,3680,251,373,0,0,420,4052,0,0,420,4052,California
Solano,2020-12-25,10,4063,2,3682,8,381,0,0,10,4062,0,0,10,4062,California
Solano,2020-12-26,175,4238,48,3730,127,508,0,0,175,4237,0,0,175,4237,California
Solano,2020-12-27,103,4341,29,3759,74,582,0,0,103,4340,0,0,103,4340,California
Solano,2020-12-28,861,5202,421,4180,440,1022,0,0,861,5201,0,0,861,5201,California
Solano,2020-12-29,889,6091,374,4554,515,1537,0,0,889,6090,0,0,889,6090,California
Solano,2020-12-30,1207,7298,598,5152,609,2146,0,0,1207,7297,0,0,1207,7297,California
Solano,2020-12-31,533,7831,135,5287,398,2544,0,0,533,7830,0,0,533,7830,California
Solano,2021-01-01,13,7844,12,5299,1,2545,0,0,13,7843,0,0,13,7843,California
Solano,2021-01-02,212,8056,164,5463,48,2593,0,0,212,8055,0,0,212,8055,California
Solano,2021-01-03,57,8113,40,5503,17,2610,0,0,52,8107,0,0,52,8107,California
Solano,2021-01-04,451,8564,246,5749,205,2815,0,0,441,8545,3,3,441,8548,California
Solano,2021-01-05,693,9257,376,6125,317,3132,0,0,539,8935,149,152,539,9087,California
Solano,2021-01-06,822,10079,436,6561,386,3518,0,0,560,9235,260,412,560,9647,California
Solano,2021-01-07,1047,11126,696,7257,351,3869,0,0,591,9373,454,866,592,10239,California
Solano,2021-01-08,1116,12242,774,8031,342,4211,0,0,523,9323,575,1441,525,10764,California
Solano,2021-01-09,885,13127,763,8794,122,4333,0,0,428,9297,454,1895,428,11192,California
Solano,2021-01-10,253,13380,193,8987,60,4393,0,0,152,9348,101,1996,152,11344,California
Solano,2021-01-11,1322,14702,1109,10096,213,4606,0,0,807,9640,515,2511,807,12151,California
Solano,2021-01-12,1556,16258,1160,11256,396,5002,0,0,1009,10104,546,3057,1010,13161,California
Solano,2021-01-13,1426,17684,1000,12256,426,5428,0,0,1166,11012,258,3315,1166,14327,California
Solano,2021-01-14,1849,19533,795,13051,1054,6482,0,0,1536,12235,313,3628,1536,15863,California
Solano,2021-01-15,1684,21217,1057,14108,627,7109,0,0,1386,13323,298,3926,1386,17249,California
Solano,2021-01-16,1290,22507,905,15013,385,7494,0,0,1115,14263,175,4101,1115,18364,California
Solano,2021-01-17,1041,23548,760,15773,281,7775,0,0,1024,15270,17,4118,1024,19388,California
Solano,2021-01-18,1405,24953,856,16629,549,8324,0,0,1287,16442,118,4236,1290,20678,California
Solano,2021-01-19,1641,26594,1337,17966,304,8628,0,0,1370,17542,270,4506,1370,22048,California
Solano,2021-01-20,2027,28621,1420,19386,607,9235,0,0,1545,18608,479,4985,1545,23593,California
Solano,2021-01-21,3104,31725,999,20385,2105,11340,0,0,2761,21027,343,5328,2762,26355,California
Solano,2021-01-22,1749,33474,842,21227,907,12247,0,0,1559,22396,190,5518,1559,27914,California
Solano,2021-01-23,729,34203,236,21463,493,12740,0,0,526,22719,204,5722,527,28441,California
Solano,2021-01-24,376,34579,60,21523,316,13056,0,0,311,22965,65,5787,311,28752,California
Solano,2021-01-25,1615,36194,620,22143,995,14051,0,0,1068,23487,547,6334,1069,29821,California
Solano,2021-01-26,1674,37868,737,22880,937,14988,0,0,1046,23907,627,6961,1047,30868,California
Solano,2021-01-27,1762,39630,727,23607,1035,16023,0,0,1174,24506,575,7536,1174,32042,California
Solano,2021-01-28,1841,41471,715,24322,1126,17149,0,0,1238,25143,602,8138,1239,33281,California
Solano,2021-01-29,1646,43117,781,25103,865,18014,0,0,1294,26087,350,8488,1294,34575,California
Solano,2021-01-30,712,43829,222,25325,490,18504,0,0,551,26477,161,8649,551,35126,California
Solano,2021-01-31,485,44314,393,25718,92,18596,0,0,230,26453,255,8904,231,35357,California
Solano,2021-02-01,1470,45784,971,26689,499,19095,0,0,739,26462,730,9634,739,36096,California
Solano,2021-02-02,3293,49077,1103,27792,2190,21285,0,0,2502,28177,787,10421,2502,38598,California
Solano,2021-02-03,2223,51300,1300,29092,923,22208,0,0,1149,28256,1070,11491,1149,39747,California
Solano,2021-02-04,1754,53054,904,29996,850,23058,0,0,1043,28593,706,12197,1043,40790,California
Solano,2021-02-05,3047,56101,1407,31403,1640,24698,0,0,2056,29667,982,13179,2056,42846,California
Solano,2021-02-06,3019,59120,1169,32572,1850,26548,0,0,2207,31066,809,13988,2208,45054,California
Solano,2021-02-07,849,59969,787,33359,62,26610,0,0,231,30679,618,14606,231,45285,California
Solano,2021-02-08,1705,61674,1232,34591,473,27083,0,0,676,30328,1027,15633,676,45961,California
Solano,2021-02-09,1891,63565,1467,36058,424,27507,0,0,672,29783,1218,16851,673,46634,California
Solano,2021-02-10,2246,65811,1497,37555,749,28256,0,0,826,29189,1420,18271,826,47460,California
Solano,2021-02-11,2389,68200,1439,38994,950,29206,0,0,1120,29050,1259,19530,1120,48580,California
Solano,2021-02-12,4041,72241,1550,40544,2491,31697,0,0,2733,30482,1301,20831,2733,51313,California
Solano,2021-02-13,2813,75054,240,40784,2573,34270,0,0,2432,32536,378,21209,2432,53745,California
Solano,2021-02-14,688,75742,201,40985,487,34757,0,0,412,32674,274,21483,412,54157,California
Solano,2021-02-15,1291,77033,322,41307,969,35726,0,0,670,32725,619,22102,670,54827,California
Solano,2021-02-16,2386,79419,1225,42532,1161,36887,0,0,1622,33584,763,22865,1622,56449,California
Solano,2021-02-17,2693,82112,1218,43750,1475,38362,0,0,1904,34703,786,23651,1905,58354,California
Solano,2021-02-18,2566,84678,697,44447,1869,40231,0,0,806,33757,1753,25404,807,59161,California
Solano,2021-02-19,2200,86878,1259,45706,941,41172,0,0,1122,33807,1074,26478,1124,60285,California
Solano,2021-02-20,2542,89420,381,46087,2161,43333,0,0,2074,35412,469,26947,2074,62359,California
Solano,2021-02-21,2139,91559,1859,47946,280,43613,0,0,1856,36988,280,27227,1856,64215,California
Solano,2021-02-22,1576,93135,912,48858,664,44277,0,0,816,37047,758,27985,817,65032,California
Solano,2021-02-23,2482,95617,968,49826,1514,45791,0,0,1636,37840,843,28828,1636,66668,California
Solano,2021-02-24,2326,97943,1130,50956,1196,46987,0,0,1299,38114,1025,29853,1299,67967,California
Solano,2021-02-25,2281,100224,1346,52302,935,47922,0,0,1257,38353,1018,30871,1257,69224,California
Solano,2021-02-26,2624,102848,1520,53822,1104,49026,0,0,1375,38483,1245,32116,1375,70599,California
Solano,2021-02-27,3636,106484,1371,55193,2265,51291,0,0,2947,40747,683,32799,2947,73546,California
Solano,2021-02-28,1354,107838,1039,56232,315,51606,0,0,1082,41560,269,33068,1082,74628,California
Solano,2021-03-01,2201,110039,1058,57290,1143,52749,0,0,1596,42556,600,33668,1596,76224,California
Solano,2021-03-02,1922,111961,1225,58515,697,53446,0,0,1200,43034,722,34390,1200,77424,California
Solano,2021-03-03,2092,114053,1182,59697,910,54356,0,0,1291,43532,793,35183,1291,78715,California
Solano,2021-03-04,4200,118253,3278,62975,920,55276,2,2,3117,45576,1078,36261,3122,81837,California
Solano,2021-03-05,4679,122932,1602,64577,3074,58350,3,5,3772,48454,897,37158,3775,85612,California
Solano,2021-03-06,3740,126672,822,65399,2879,61229,39,44,2575,49912,1156,38314,2614,88226,California
Solano,2021-03-07,3470,130142,735,66134,2725,63954,10,54,1926,50315,1534,39848,1937,90163,California
Solano,2021-03-08,1589,131731,813,66947,505,64459,271,325,1087,51172,500,40348,1357,91520,California
Solano,2021-03-09,2894,134625,1333,68280,1509,65968,52,377,2072,52471,822,41170,2121,93641,California
Solano,2021-03-10,2186,136811,1553,69833,549,66517,84,461,1093,52557,1090,42260,1176,94817,California
Solano,2021-03-11,5509,142320,1400,71233,3854,70371,255,716,4524,56352,984,43244,4779,99596,California
Solano,2021-03-12,5721,148041,1383,72616,4173,74544,165,881,3004,56807,2713,45957,3168,102764,California
Solano,2021-03-13,4547,152588,799,73415,3666,78210,82,963,2227,56806,2314,48271,2313,105077,California
Solano,2021-03-14,3984,156572,3106,76521,425,78635,453,1416,1659,56594,2321,50592,2109,107186,California
Solano,2021-03-15,3754,160326,2235,78756,1203,79838,316,1732,2399,57961,1348,51940,2715,109901,California
Solano,2021-03-16,2848,163174,1134,79890,1479,81317,235,1967,1434,58220,1409,53349,1668,111569,California
Solano,2021-03-17,5919,169093,1474,81364,4355,85672,90,2057,4580,61555,1335,54684,4670,116239,California
Solano,2021-03-18,4999,174092,1676,83040,3286,88958,37,2094,3696,63993,1295,55979,3733,119972,California
Solano,2021-03-19,2449,176541,1638,84678,738,89696,73,2167,1303,64228,1142,57121,1377,121349,California
Solano,2021-03-20,5451,181992,1668,86346,3730,93426,53,2220,2797,64434,2644,59765,2850,124199,California
Solano,2021-03-21,1661,183653,1568,87914,70,93496,23,2243,851,64497,809,60574,872,125071,California
Solano,2021-03-22,2387,186040,1776,89690,562,94058,49,2292,1449,65062,933,61507,1498,126569,California
Solano,2021-03-23,3017,189057,1493,91183,1482,95540,42,2334,1353,64797,1660,63167,1395,127964,California
Solano,2021-03-24,2650,191707,1635,92818,981,96521,34,2368,1265,64717,1379,64546,1299,129263,California
Solano,2021-03-25,4532,196239,3665,96483,832,97353,35,2403,2020,64266,2507,67053,2056,131319,California
Solano,2021-03-26,2759,198998,1662,98145,1061,98414,36,2439,1494,64538,1258,68311,1530,132849,California
Solano,2021-03-27,4168,203166,1152,99297,2982,101396,34,2473,1797,64004,2365,70676,1831,134680,California
Solano,2021-03-28,1347,204513,1101,100398,228,101624,18,2491,552,63785,790,71466,571,135251,California
Solano,2021-03-29,2751,207264,1491,101889,1244,102868,16,2507,1546,64147,1200,72666,1562,136813,California
Solano,2021-03-30,2772,210036,1824,103713,862,103730,86,2593,1738,64939,1032,73698,1824,138637,California
Solano,2021-03-31,2853,212889,1920,105633,781,104511,152,2745,1656,65551,1194,74892,1806,140443,California
Solano,2021-04-01,5053,217942,1672,107305,3235,107746,146,2891,3398,67452,1643,76535,3544,143987,California
Solano,2021-04-02,5308,223250,1665,108970,3482,111228,161,3052,2393,67103,2903,79438,2554,146541,California
Solano,2021-04-03,1506,224756,956,109926,399,111627,151,3203,566,66882,938,80376,717,147258,California
Solano,2021-04-04,770,225526,284,110210,186,111813,300,3503,235,66885,532,80908,535,147793,California
Solano,2021-04-05,2782,228308,1881,112091,708,112521,193,3696,1396,67088,1385,82293,1588,149381,California
Solano,2021-04-06,5017,233325,1387,113478,3150,115671,480,4176,1490,65534,3523,85816,1969,151350,California
Solano,2021-04-07,4893,238218,3575,117053,918,116589,400,4576,2830,66710,2057,87873,3233,154583,California
Solano,2021-04-08,5334,243552,1531,118584,2944,119533,859,5435,1570,65386,3748,91621,2424,157007,California
Solano,2021-04-09,3650,247202,1278,119862,1846,121379,526,5961,1004,64275,2640,94261,1529,158536,California
Solano,2021-04-10,1198,248400,746,120608,309,121688,143,6104,572,64364,625,94886,714,159250,California
Solano,2021-04-11,823,249223,606,121214,189,121877,28,6132,481,64534,339,95225,509,159759,California
Sonoma,2020-12-15,4,4,4,4,0,0,0,0,4,4,0,0,4,4,California
Sonoma,2020-12-16,27,31,27,31,0,0,0,0,27,31,0,0,27,31,California
Sonoma,2020-12-17,102,133,102,133,0,0,0,0,102,133,0,0,102,133,California
Sonoma,2020-12-18,421,554,421,554,0,0,0,0,421,554,0,0,421,554,California
Sonoma,2020-12-19,111,665,110,664,1,1,0,0,111,665,0,0,111,665,California
Sonoma,2020-12-20,174,839,174,838,0,1,0,0,174,839,0,0,174,839,California
Sonoma,2020-12-21,911,1750,909,1747,2,3,0,0,910,1749,0,0,910,1749,California
Sonoma,2020-12-22,1357,3107,1265,3012,92,95,0,0,1357,3106,0,0,1357,3106,California
Sonoma,2020-12-23,1602,4709,1228,4240,374,469,0,0,1603,4709,0,0,1603,4709,California
Sonoma,2020-12-24,305,5014,101,4341,204,673,0,0,305,5014,0,0,305,5014,California
Sonoma,2020-12-25,8,5022,2,4343,6,679,0,0,8,5022,0,0,8,5022,California
Sonoma,2020-12-26,266,5288,255,4598,11,690,0,0,266,5288,0,0,266,5288,California
Sonoma,2020-12-27,93,5381,80,4678,13,703,0,0,93,5381,0,0,93,5381,California
Sonoma,2020-12-28,991,6372,554,5232,437,1140,0,0,963,6344,0,0,963,6344,California
Sonoma,2020-12-29,1129,7501,776,6008,353,1493,0,0,1095,7439,0,0,1095,7439,California
Sonoma,2020-12-30,1091,8592,478,6486,613,2106,0,0,1083,8522,0,0,1083,8522,California
Sonoma,2020-12-31,517,9109,71,6557,446,2552,0,0,518,9040,0,0,518,9040,California
Sonoma,2021-01-01,10,9119,5,6562,5,2557,0,0,10,9050,0,0,10,9050,California
Sonoma,2021-01-02,132,9251,126,6688,6,2563,0,0,132,9182,0,0,132,9182,California
Sonoma,2021-01-03,25,9276,11,6699,14,2577,0,0,25,9207,0,0,25,9207,California
Sonoma,2021-01-04,341,9617,105,6804,236,2813,0,0,340,9547,0,0,340,9547,California
Sonoma,2021-01-05,439,10056,102,6906,337,3150,0,0,415,9947,15,15,415,9962,California
Sonoma,2021-01-06,946,11002,431,7337,515,3665,0,0,833,10675,105,120,833,10795,California
Sonoma,2021-01-07,1022,12024,530,7867,492,4157,0,0,852,11358,169,289,852,11647,California
Sonoma,2021-01-08,1783,13807,1227,9094,556,4713,0,0,1313,12203,468,757,1313,12960,California
Sonoma,2021-01-09,637,14444,401,9495,236,4949,0,0,589,12744,48,805,589,13549,California
Sonoma,2021-01-10,473,14917,462,9957,11,4960,0,0,280,12831,193,998,280,13829,California
Sonoma,2021-01-11,1381,16298,1235,11192,146,5106,0,0,412,12278,965,1963,412,14241,California
Sonoma,2021-01-12,1546,17844,1293,12485,253,5359,0,0,395,11524,1149,3112,395,14636,California
Sonoma,2021-01-13,2065,19909,1423,13908,642,6001,0,0,1202,11866,860,3972,1202,15838,California
Sonoma,2021-01-14,1529,21438,808,14716,721,6722,0,0,1299,12935,230,4202,1299,17137,California
Sonoma,2021-01-15,1562,23000,634,15350,928,7650,0,0,1342,14067,211,4413,1343,18480,California
Sonoma,2021-01-16,1142,24142,613,15963,529,8179,0,0,897,14723,241,4654,897,19377,California
Sonoma,2021-01-17,667,24809,548,16511,119,8298,0,0,586,15228,81,4735,586,19963,California
Sonoma,2021-01-18,1105,25914,932,17443,173,8471,0,0,614,15352,491,5226,615,20578,California
Sonoma,2021-01-19,2094,28008,1006,18449,1088,9559,0,0,1384,16029,708,5934,1385,21963,California
Sonoma,2021-01-20,2073,30081,623,19072,1450,11009,0,0,1415,16796,649,6583,1416,23379,California
Sonoma,2021-01-21,2227,32308,618,19690,1609,12618,0,0,2008,18588,217,6800,2009,25388,California
Sonoma,2021-01-22,2725,35033,1033,20723,1692,14310,0,0,2577,21018,147,6947,2577,27965,California
Sonoma,2021-01-23,764,35797,593,21316,171,14481,0,0,657,21569,106,7053,657,28622,California
Sonoma,2021-01-24,828,36625,694,22010,134,14615,0,0,813,22367,15,7068,813,29435,California
Sonoma,2021-01-25,2169,38794,519,22529,1650,16265,0,0,1682,23562,487,7555,1682,31117,California
Sonoma,2021-01-26,2000,40794,295,22824,1705,17970,0,0,1544,24651,455,8010,1544,32661,California
Sonoma,2021-01-27,3685,44479,1273,24097,2412,20382,0,0,3114,27199,569,8579,3117,35778,California
Sonoma,2021-01-28,4088,48567,1820,25917,2268,22650,0,0,3426,29967,659,9238,3427,39205,California
Sonoma,2021-01-29,2956,51523,1403,27320,1553,24203,0,0,2128,31270,826,10064,2129,41334,California
Sonoma,2021-01-30,2566,54089,2380,29700,186,24389,0,0,2232,33169,334,10398,2233,43567,California
Sonoma,2021-01-31,775,54864,663,30363,112,24501,0,0,578,33551,196,10594,578,44145,California
Sonoma,2021-02-01,2485,57349,866,31229,1619,26120,0,0,2088,35244,395,10989,2088,46233,California
Sonoma,2021-02-02,3441,60790,1362,32591,2079,28199,0,0,2875,37555,564,11553,2875,49108,California
Sonoma,2021-02-03,4022,64812,1318,33909,2704,30903,0,0,3099,39733,921,12474,3099,52207,California
Sonoma,2021-02-04,4184,68996,1704,35613,2480,33383,0,0,3409,42369,773,13247,3409,55616,California
Sonoma,2021-02-05,4793,73789,1732,37345,3061,36444,0,0,3781,45143,1008,14255,3782,59398,California
Sonoma,2021-02-06,2646,76435,2288,39633,358,36802,0,0,2089,46677,556,14811,2090,61488,California
Sonoma,2021-02-07,1525,77960,1391,41024,134,36936,0,0,1277,47706,248,15059,1277,62765,California
Sonoma,2021-02-08,3246,81206,1029,42053,2217,39153,0,0,2667,49795,578,15637,2667,65432,California
Sonoma,2021-02-09,3546,84752,1694,43747,1852,41005,0,0,3068,52387,476,16113,3068,68500,California
Sonoma,2021-02-10,4397,89149,2357,46104,2040,43045,0,0,3365,54727,1026,17139,3366,71866,California
Sonoma,2021-02-11,5328,94477,2786,48890,2542,45587,0,0,4158,57717,1168,18307,4158,76024,California
Sonoma,2021-02-12,5628,100105,2971,51861,2657,48244,0,0,4215,60524,1410,19717,4217,80241,California
Sonoma,2021-02-13,1982,102087,1153,53014,829,49073,0,0,1205,60956,774,20491,1206,81447,California
Sonoma,2021-02-14,2304,104391,1808,54822,496,49569,0,0,1583,61819,720,21211,1583,83030,California
Sonoma,2021-02-15,2132,106523,786,55608,1346,50915,0,0,1607,62902,524,21735,1607,84637,California
Sonoma,2021-02-16,4609,111132,2047,57655,2562,53477,0,0,3361,65019,1244,22979,3361,87998,California
Sonoma,2021-02-17,5311,116443,2878,60533,2433,55910,0,0,3328,66375,1973,24952,3329,91327,California
Sonoma,2021-02-18,6754,123197,2984,63517,3770,59680,0,0,3868,67365,2878,27830,3868,95195,California
Sonoma,2021-02-19,5350,128547,1650,65167,3700,63380,0,0,3262,68545,2083,29913,3263,98458,California
Sonoma,2021-02-20,3096,131643,2819,67986,277,63657,0,0,1218,67891,1872,31785,1218,99676,California
Sonoma,2021-02-21,514,132157,410,68396,104,63761,0,0,129,67638,382,32167,129,99805,California
Sonoma,2021-02-22,2703,134860,1348,69744,1355,65116,0,0,1041,67022,1657,33824,1041,100846,California
Sonoma,2021-02-23,3076,137936,2051,71795,1025,66141,0,0,1353,66656,1719,35543,1353,102199,California
Sonoma,2021-02-24,5449,143385,2531,74326,2918,69059,0,0,2733,66679,2712,38255,2735,104934,California
Sonoma,2021-02-25,5636,149021,2220,76546,3416,72475,0,0,2967,66998,2648,40903,2967,107901,California
Sonoma,2021-02-26,5994,155015,2729,79275,3265,75740,0,0,3728,68465,2261,43164,3728,111629,California
Sonoma,2021-02-27,3997,159012,1903,81178,2094,77834,0,0,2667,69804,1328,44492,2667,114296,California
Sonoma,2021-02-28,2325,161337,1843,83021,482,78316,0,0,613,68711,1706,46198,613,114909,California
Sonoma,2021-03-01,3654,164991,1122,84143,2532,80848,0,0,1811,68688,1835,48033,1812,116721,California
Sonoma,2021-03-02,4200,169191,1453,85596,2747,83595,0,0,2477,69450,1715,49748,2477,119198,California
Sonoma,2021-03-03,4766,173957,2496,88092,2270,85865,0,0,2187,69065,2572,52320,2187,121385,California
Sonoma,2021-03-04,5668,179625,2433,90525,3235,89100,0,0,2559,68528,3096,55416,2559,123944,California
Sonoma,2021-03-05,6135,185760,2539,93064,3581,92681,15,15,2703,67827,3420,58836,2719,126663,California
Sonoma,2021-03-06,2741,188501,1203,94267,1410,94091,128,143,1890,68998,846,59682,2017,128680,California
Sonoma,2021-03-07,1671,190172,1388,95655,250,94341,33,176,355,68072,1314,60996,388,129068,California
Sonoma,2021-03-08,3878,194050,651,96306,3053,97394,174,350,2219,68814,1649,62645,2391,131459,California
Sonoma,2021-03-09,5392,199442,2994,99300,2158,99552,240,590,2654,68976,2732,65377,2894,134353,California
Sonoma,2021-03-10,5924,205366,3162,102462,2438,101990,324,914,2393,68176,3517,68894,2717,137070,California
Sonoma,2021-03-11,7452,212818,2969,105431,3675,105665,808,1722,2630,66800,4814,73708,3438,140508,California
Sonoma,2021-03-12,7338,220156,2248,107679,3740,109405,1350,3072,2092,65009,5229,78937,3438,143946,California
Sonoma,2021-03-13,3182,223338,1538,109217,1413,110818,231,3303,1815,65687,1366,80303,2044,145990,California
Sonoma,2021-03-14,1372,224710,382,109599,849,111667,141,3444,845,66148,524,80827,985,146975,California
Sonoma,2021-03-15,5202,229912,1486,111085,3331,114998,385,3829,2189,65716,3005,83832,2573,149548,California
Sonoma,2021-03-16,6243,236155,2217,113302,3794,118792,232,4061,3158,66024,3081,86913,3389,152937,California
Sonoma,2021-03-17,6723,242878,3513,116815,3031,121823,179,4240,3540,66570,3174,90087,3720,156657,California
Sonoma,2021-03-18,7061,249939,2917,119732,3534,125357,610,4850,3153,66428,3902,93989,3760,160417,California
Sonoma,2021-03-19,7440,257379,3210,122942,3999,129356,231,5081,3305,65851,4117,98106,3540,163957,California
Sonoma,2021-03-20,3621,261000,1737,124679,1054,130410,830,5911,1965,66997,1649,99755,2795,166752,California
Sonoma,2021-03-21,1372,262372,603,125282,736,131146,33,5944,1207,68075,162,99917,1240,167992,California
Sonoma,2021-03-22,4474,266846,3078,128360,1296,132442,100,6044,3533,70771,938,100855,3634,171626,California
Sonoma,2021-03-23,5762,272608,3580,131940,2107,134549,75,6119,4644,74381,1110,101965,4720,176346,California
Sonoma,2021-03-24,6572,279180,4257,136197,2250,136799,65,6184,4152,76193,2404,104369,4216,180562,California
Sonoma,2021-03-25,6874,286054,4131,140328,2640,139439,103,6287,4274,77991,2579,106948,4377,184939,California
Sonoma,2021-03-26,7212,293266,3420,143748,3705,143144,87,6374,3983,78845,3216,110164,4070,189009,California
Sonoma,2021-03-27,3771,297037,1491,145239,1918,145062,362,6736,1125,77690,2641,112805,1486,190495,California
Sonoma,2021-03-28,1497,298534,943,146182,527,145589,27,6763,944,78109,552,113357,971,191466,California
Sonoma,2021-03-29,2820,301354,1084,147266,1703,147292,33,6796,1614,78557,1199,114556,1647,193113,California
Sonoma,2021-03-30,5627,306981,3111,150377,2455,149747,61,6857,3042,79082,2579,117135,3104,196217,California
Sonoma,2021-03-31,5464,312445,3326,153703,1927,151674,211,7068,3300,80439,2154,119289,3511,199728,California
Sonoma,2021-04-01,6647,319092,3959,157662,2359,154033,329,7397,3581,81292,3053,122342,3906,203634,California
Sonoma,2021-04-02,5886,324978,3533,161195,2245,156278,108,7505,3564,82647,2318,124660,3673,207307,California
Sonoma,2021-04-03,3355,328333,1640,162835,1496,157774,219,7724,1480,82481,1865,126525,1699,209006,California
Sonoma,2021-04-04,1050,329383,681,163516,279,158053,90,7814,666,82854,383,126908,756,209762,California
Sonoma,2021-04-05,4326,333709,576,164092,3429,161482,321,8135,1789,82433,2531,129439,2110,211872,California
Sonoma,2021-04-06,6732,340441,3434,167526,2916,164398,382,8517,3933,83960,2787,132226,4314,216186,California
Sonoma,2021-04-07,6670,347111,3801,171327,2076,166474,793,9310,3253,84591,3411,135637,4042,220228,California
Sonoma,2021-04-08,7342,354453,4078,175405,2521,168995,743,10053,3998,85996,3334,138971,4739,224967,California
Sonoma,2021-04-09,5365,359818,2792,178197,1966,170961,607,10660,2569,86381,2786,141757,3171,228138,California
Sonoma,2021-04-10,2517,362335,1053,179250,1200,172161,264,10924,551,85231,1961,143718,811,228949,California
Sonoma,2021-04-11,524,362859,71,179321,427,172588,26,10950,101,84936,422,144140,127,229076,California
Stanislaus,2020-12-15,2,2,2,2,0,0,0,0,2,2,0,0,2,2,California
Stanislaus,2020-12-16,37,39,37,39,0,0,0,0,37,39,0,0,37,39,California
Stanislaus,2020-12-17,73,112,73,112,0,0,0,0,73,112,0,0,73,112,California
Stanislaus,2020-12-18,428,540,421,533,7,7,0,0,428,540,0,0,428,540,California
Stanislaus,2020-12-19,191,731,191,724,0,7,0,0,191,731,0,0,191,731,California
Stanislaus,2020-12-20,125,856,125,849,0,7,0,0,125,856,0,0,125,856,California
Stanislaus,2020-12-21,1124,1980,1121,1970,3,10,0,0,1123,1979,0,0,1123,1979,California
Stanislaus,2020-12-22,849,2829,837,2807,12,22,0,0,849,2828,0,0,849,2828,California
Stanislaus,2020-12-23,460,3289,443,3250,17,39,0,0,459,3287,0,0,459,3287,California
Stanislaus,2020-12-24,97,3386,88,3338,9,48,0,0,97,3384,0,0,97,3384,California
Stanislaus,2020-12-26,50,3436,8,3346,42,90,0,0,50,3434,0,0,50,3434,California
Stanislaus,2020-12-27,10,3446,5,3351,5,95,0,0,10,3444,0,0,10,3444,California
Stanislaus,2020-12-28,501,3947,405,3756,96,191,0,0,501,3945,0,0,501,3945,California
Stanislaus,2020-12-29,504,4451,429,4185,75,266,0,0,504,4449,0,0,504,4449,California
Stanislaus,2020-12-30,539,4990,283,4468,256,522,0,0,539,4987,1,1,539,4988,California
Stanislaus,2020-12-31,314,5304,171,4639,143,665,0,0,316,5303,0,1,316,5304,California
Stanislaus,2021-01-01,8,5312,1,4640,7,672,0,0,8,5311,0,1,8,5312,California
Stanislaus,2021-01-02,31,5343,24,4664,7,679,0,0,31,5342,0,1,31,5343,California
Stanislaus,2021-01-03,88,5431,85,4749,3,682,0,0,88,5430,0,1,88,5431,California
Stanislaus,2021-01-04,117,5548,33,4782,84,766,0,0,120,5550,0,1,120,5551,California
Stanislaus,2021-01-05,853,6401,336,5118,517,1283,0,0,822,6355,23,24,828,6379,California
Stanislaus,2021-01-06,976,7377,546,5664,430,1713,0,0,901,7193,64,88,902,7281,California
Stanislaus,2021-01-07,1103,8480,712,6376,391,2104,0,0,977,8058,113,201,978,8259,California
Stanislaus,2021-01-08,1319,9799,754,7130,565,2669,0,0,947,8643,366,567,951,9210,California
Stanislaus,2021-01-09,284,10083,141,7271,143,2812,0,0,194,8747,90,657,194,9404,California
Stanislaus,2021-01-10,48,10131,21,7292,27,2839,0,0,29,8757,19,676,29,9433,California
Stanislaus,2021-01-11,1549,11680,1263,8555,286,3125,0,0,604,8435,940,1616,618,10051,California
Stanislaus,2021-01-12,1492,13172,889,9444,603,3728,0,0,833,8618,655,2271,838,10889,California
Stanislaus,2021-01-13,1442,14614,677,10121,765,4493,0,0,1116,9415,325,2596,1122,12011,California
Stanislaus,2021-01-14,2213,16827,280,10401,1933,6426,0,0,2062,11382,149,2745,2116,14127,California
Stanislaus,2021-01-15,2881,19708,1142,11543,1739,8165,0,0,2726,14041,133,2878,2792,16919,California
Stanislaus,2021-01-16,564,20272,49,11592,515,8680,0,0,549,14578,14,2892,551,17470,California
Stanislaus,2021-01-17,241,20513,200,11792,41,8721,0,0,236,14809,5,2897,236,17706,California
Stanislaus,2021-01-18,2176,22689,1018,12810,1158,9879,0,0,1806,16308,367,3264,1866,19572,California
Stanislaus,2021-01-19,1270,23959,737,13547,533,10412,0,0,810,16662,457,3721,811,20383,California
Stanislaus,2021-01-20,994,24953,480,14027,514,10926,0,0,702,17073,291,4012,702,21085,California
Stanislaus,2021-01-21,3672,28625,2957,16984,715,11641,0,0,3355,20200,315,4327,3442,24527,California
Stanislaus,2021-01-22,1091,29716,307,17291,784,12425,0,0,1048,21213,39,4366,1052,25579,California
Stanislaus,2021-01-23,342,30058,38,17329,304,12729,0,0,288,21451,54,4420,292,25871,California
Stanislaus,2021-01-24,288,30346,99,17428,189,12918,0,0,222,21609,66,4486,224,26095,California
Stanislaus,2021-01-25,3141,33487,218,17646,2923,15841,0,0,2839,24274,303,4789,2968,29063,California
Stanislaus,2021-01-26,1730,35217,737,18383,993,16834,0,0,1312,25187,414,5203,1327,30390,California
Stanislaus,2021-01-27,1824,37041,970,19353,854,17688,0,0,1169,25709,648,5851,1170,31560,California
Stanislaus,2021-01-28,2248,39289,1496,20849,752,18440,0,0,1759,27039,478,6329,1808,33368,California
Stanislaus,2021-01-29,2476,41765,1199,22048,1277,19717,0,0,1946,28545,482,6811,1988,35356,California
Stanislaus,2021-01-30,297,42062,121,22169,176,19893,0,0,247,28740,52,6863,247,35603,California
Stanislaus,2021-01-31,364,42426,311,22480,53,19946,0,0,363,29093,10,6873,363,35966,California
Stanislaus,2021-02-01,1258,43684,539,23019,719,20665,0,0,919,29686,326,7199,919,36885,California
Stanislaus,2021-02-02,1244,44928,371,23390,873,21538,0,0,791,30038,443,7642,795,37680,California
Stanislaus,2021-02-03,2489,47417,1070,24460,1419,22957,0,0,1814,31186,671,8313,1819,39499,California
Stanislaus,2021-02-04,2094,49511,715,25175,1379,24336,0,0,1585,32271,504,8817,1589,41088,California
Stanislaus,2021-02-05,2843,52354,1449,26624,1394,25730,0,0,1607,32694,1188,10005,1611,42699,California
Stanislaus,2021-02-06,1009,53363,287,26911,722,26452,0,0,821,33329,187,10192,822,43521,California
Stanislaus,2021-02-07,211,53574,187,27098,24,26476,0,0,41,33202,169,10361,42,43563,California
Stanislaus,2021-02-08,2016,55590,1307,28405,709,27185,0,0,1115,33444,875,11236,1117,44680,California
Stanislaus,2021-02-09,1864,57454,787,29192,1077,28262,0,0,1095,33774,768,12004,1098,45778,California
Stanislaus,2021-02-10,1973,59427,563,29755,1410,29672,0,0,1060,33940,896,12900,1062,46840,California
Stanislaus,2021-02-11,5525,64952,3407,33162,2118,31790,0,0,1405,31389,3960,16860,1409,48249,California
Stanislaus,2021-02-12,3525,68477,1101,34263,2424,34214,0,0,1661,31235,1816,18676,1662,49911,California
Stanislaus,2021-02-13,1531,70008,744,35007,787,35001,0,0,1084,31878,446,19122,1089,51000,California
Stanislaus,2021-02-14,421,70429,170,35177,251,35252,0,0,356,32169,65,19187,356,51356,California
Stanislaus,2021-02-15,1839,72268,254,35431,1585,36837,0,0,630,31692,1112,20299,635,51991,California
Stanislaus,2021-02-16,1383,73651,412,35843,971,37808,0,0,611,31538,767,21066,613,52604,California
Stanislaus,2021-02-17,2739,76390,1659,37502,1080,38888,0,0,1971,32745,771,21837,1978,54582,California
Stanislaus,2021-02-18,3384,79774,1873,39375,1511,40399,0,0,1835,33107,1481,23318,1843,56425,California
Stanislaus,2021-02-19,2778,82552,1044,40419,1734,42133,0,0,1568,33500,1184,24502,1577,58002,California
Stanislaus,2021-02-20,753,83305,369,40788,384,42517,0,0,497,33751,247,24749,498,58500,California
Stanislaus,2021-02-21,864,84169,653,41441,211,42728,0,0,525,33961,326,25075,536,59036,California
Stanislaus,2021-02-22,2366,86535,1674,43115,692,43420,0,0,1660,34939,684,25759,1662,60698,California
Stanislaus,2021-02-23,3696,90231,676,43791,3020,46440,0,0,1752,34879,1816,27575,1756,62454,California
Stanislaus,2021-02-24,4194,94425,2852,46643,1342,47782,0,0,3195,37091,986,28561,3198,65652,California
Stanislaus,2021-02-25,3921,98346,2641,49284,1280,49062,0,0,3123,39432,785,29346,3126,68778,California
Stanislaus,2021-02-26,4231,102577,1212,50496,3019,52081,0,0,2871,40989,1323,30669,2880,71658,California
Stanislaus,2021-02-27,2208,104785,692,51188,1515,53596,1,1,1956,42716,230,30899,1957,73615,California
Stanislaus,2021-02-28,815,105600,265,51453,550,54146,0,1,766,43439,44,30943,767,74382,California
Stanislaus,2021-03-01,2776,108376,1593,53046,1183,55329,0,1,1648,43977,1114,32057,1652,76034,California
Stanislaus,2021-03-02,2399,110775,1421,54467,978,56307,0,1,1665,44912,730,32787,1665,77699,California
Stanislaus,2021-03-03,3757,114532,2254,56721,1500,57807,3,4,2908,46980,840,33627,2908,80607,California
Stanislaus,2021-03-04,5577,120109,3224,59945,2335,60142,18,22,4241,49915,1318,34945,4253,84860,California
Stanislaus,2021-03-05,4267,124376,1306,61251,2944,63086,17,39,3143,51963,1111,36056,3159,88019,California
Stanislaus,2021-03-06,3761,128137,2264,63515,1404,64490,93,132,2740,53776,1021,37077,2834,90853,California
Stanislaus,2021-03-07,842,128979,385,63900,420,64910,37,169,652,54280,184,37261,688,91541,California
Stanislaus,2021-03-08,2053,131032,921,64821,1044,65954,88,257,1323,54969,722,37983,1411,92952,California
Stanislaus,2021-03-09,2258,133290,944,65765,1221,67175,93,350,1698,56210,552,38535,1793,94745,California
Stanislaus,2021-03-10,5085,138375,2504,68269,2360,69535,221,571,3764,58900,1308,39843,3998,98743,California
Stanislaus,2021-03-11,5811,144186,3155,71424,2175,71710,481,1052,4229,62184,1428,41271,4712,103455,California
Stanislaus,2021-03-12,5774,149960,1222,72646,2619,74329,1933,2985,2925,64203,2840,44111,4859,108314,California
Stanislaus,2021-03-13,3440,153400,2143,74789,1230,75559,67,3052,2775,66386,664,44775,2847,111161,California
Stanislaus,2021-03-14,971,154371,579,75368,340,75899,52,3104,487,66445,483,45258,542,111703,California
Stanislaus,2021-03-15,3736,158107,1969,77337,1391,77290,376,3480,1642,66467,2004,47262,2026,113729,California
Stanislaus,2021-03-16,4961,163068,2431,79768,2088,79378,442,3922,3547,69055,1400,48662,3988,117717,California
Stanislaus,2021-03-17,4926,167994,2993,82761,1752,81130,181,4103,3082,70493,1831,50493,3269,120986,California
Stanislaus,2021-03-18,5719,173713,3537,86298,2115,83245,67,4170,3266,71517,2314,52807,3338,124324,California
Stanislaus,2021-03-19,6363,180076,1741,88039,3093,86338,1529,5699,3472,73659,2860,55667,5002,129326,California
Stanislaus,2021-03-20,3986,184062,2946,90985,970,87308,70,5769,3518,76786,462,56129,3589,132915,California
Stanislaus,2021-03-21,987,185049,888,91873,34,87342,65,5834,754,77370,233,56362,817,133732,California
Stanislaus,2021-03-22,2843,187892,1331,93204,786,88128,726,6560,1253,77772,1578,57940,1980,135712,California
Stanislaus,2021-03-23,3945,191837,1999,95203,1684,89812,262,6822,2815,79744,1119,59059,3091,138803,California
Stanislaus,2021-03-24,4540,196377,3190,98393,1282,91094,68,6890,2653,80618,1849,60908,2723,141526,California
Stanislaus,2021-03-25,4425,200802,3026,101419,1382,92476,17,6907,1975,80234,2377,63285,1993,143519,California
Stanislaus,2021-03-26,4787,205589,1384,102803,3328,95804,75,6982,2430,80421,2330,65615,2517,146036,California
Stanislaus,2021-03-27,4395,209984,2698,105501,1674,97478,23,7005,1358,78794,3022,68637,1395,147431,California
Stanislaus,2021-03-28,1181,211165,443,105944,551,98029,187,7192,349,78517,827,69464,550,147981,California
Stanislaus,2021-03-29,3019,214184,1806,107750,1175,99204,38,7230,2024,79597,989,70453,2069,150050,California
Stanislaus,2021-03-30,3674,217858,2069,109819,1576,100780,29,7259,2250,80466,1419,71872,2288,152338,California
Stanislaus,2021-03-31,5470,223328,3845,113664,1487,102267,138,7397,2783,80727,2675,74547,2936,155274,California
Stanislaus,2021-04-01,5781,229109,3803,117467,1890,104157,88,7485,2661,80390,3112,77659,2775,158049,California
Stanislaus,2021-04-02,5023,234132,1260,118727,3631,107788,132,7617,2275,80145,2670,80329,2425,160474,California
Stanislaus,2021-04-03,4479,238611,3207,121934,1235,109023,37,7654,2185,80107,2287,82616,2249,162723,California
Stanislaus,2021-04-04,1308,239919,481,122415,805,109828,22,7676,656,80146,649,83265,688,163411,California
Stanislaus,2021-04-05,3681,243600,2499,124914,875,110703,307,7983,2358,81497,1320,84585,2671,166082,California
Stanislaus,2021-04-06,5657,249257,4098,129012,1294,111997,265,8248,2995,82122,2655,87240,3280,169362,California
Stanislaus,2021-04-07,5806,255063,3144,132156,2262,114259,400,8648,2417,81577,3380,90620,2835,172197,California
Stanislaus,2021-04-08,5294,260357,3001,135157,1836,116095,457,9105,2535,81829,2751,93371,3003,175200,California
Stanislaus,2021-04-09,4307,264664,1788,136945,2174,118269,345,9450,1915,81730,2381,95752,2282,177482,California
Stanislaus,2021-04-10,5467,270131,3091,140036,959,119228,1417,10867,1543,80775,3914,99666,2959,180441,California
Stanislaus,2021-04-11,949,271080,428,140464,458,119686,63,10930,372,80635,576,100242,436,180877,California
Sutter,2020-12-15,1,1,1,1,0,0,0,0,1,1,0,0,1,1,California
Sutter,2020-12-16,4,5,4,5,0,0,0,0,4,5,0,0,4,5,California
Sutter,2020-12-17,2,7,2,7,0,0,0,0,2,7,0,0,2,7,California
Sutter,2020-12-18,20,27,20,27,0,0,0,0,20,27,0,0,20,27,California
Sutter,2020-12-19,44,71,44,71,0,0,0,0,44,71,0,0,44,71,California
Sutter,2020-12-20,42,113,42,113,0,0,0,0,42,113,0,0,42,113,California
Sutter,2020-12-21,100,213,100,213,0,0,0,0,100,213,0,0,100,213,California
Sutter,2020-12-22,172,385,172,385,0,0,0,0,172,385,0,0,172,385,California
Sutter,2020-12-23,114,499,110,495,4,4,0,0,114,499,0,0,114,499,California
Sutter,2020-12-24,17,516,11,506,6,10,0,0,17,516,0,0,17,516,California
Sutter,2020-12-26,39,555,35,541,4,14,0,0,39,555,0,0,39,555,California
Sutter,2020-12-27,24,579,23,564,1,15,0,0,24,579,0,0,24,579,California
Sutter,2020-12-28,83,662,55,619,28,43,0,0,83,662,0,0,83,662,California
Sutter,2020-12-29,100,762,14,633,86,129,0,0,100,762,0,0,100,762,California
Sutter,2020-12-30,136,898,34,667,102,231,0,0,136,898,0,0,136,898,California
Sutter,2020-12-31,70,968,6,673,64,295,0,0,70,968,0,0,70,968,California
Sutter,2021-01-01,3,971,3,676,0,295,0,0,3,971,0,0,3,971,California
Sutter,2021-01-02,133,1104,131,807,2,297,0,0,133,1104,0,0,133,1104,California
Sutter,2021-01-03,1,1105,0,807,1,298,0,0,1,1105,0,0,1,1105,California
Sutter,2021-01-04,249,1354,140,947,109,407,0,0,249,1354,0,0,249,1354,California
Sutter,2021-01-05,99,1453,56,1003,43,450,0,0,97,1449,2,2,97,1451,California
Sutter,2021-01-06,205,1658,51,1054,154,604,0,0,200,1644,5,7,200,1651,California
Sutter,2021-01-07,253,1911,151,1205,102,706,0,0,244,1880,8,15,244,1895,California
Sutter,2021-01-08,146,2057,40,1245,106,812,0,0,129,1992,17,32,129,2024,California
Sutter,2021-01-09,44,2101,43,1288,1,813,0,0,3,1954,41,73,3,2027,California
Sutter,2021-01-10,397,2498,37,1325,360,1173,0,0,359,2276,37,110,359,2386,California
Sutter,2021-01-11,132,2630,114,1439,18,1191,0,0,26,2196,106,216,26,2412,California
Sutter,2021-01-12,200,2830,163,1602,37,1228,0,0,57,2110,143,359,57,2469,California
Sutter,2021-01-13,160,2990,98,1700,62,1290,0,0,72,2094,88,447,72,2541,California
Sutter,2021-01-14,144,3134,49,1749,95,1385,0,0,125,2200,19,466,125,2666,California
Sutter,2021-01-15,432,3566,130,1879,302,1687,0,0,417,2602,15,481,417,3083,California
Sutter,2021-01-16,387,3953,42,1921,345,2032,0,0,355,2926,31,512,355,3438,California
Sutter,2021-01-17,25,3978,23,1944,2,2034,0,0,9,2919,16,528,9,3447,California
Sutter,2021-01-18,116,4094,61,2005,55,2089,0,0,69,2941,47,575,69,3516,California
Sutter,2021-01-19,102,4196,42,2047,60,2149,0,0,77,2993,25,600,77,3593,California
Sutter,2021-01-20,255,4451,191,2238,64,2213,0,0,235,3208,20,620,235,3828,California
Sutter,2021-01-21,435,4886,266,2504,169,2382,0,0,416,3605,19,639,416,4244,California
Sutter,2021-01-22,269,5155,82,2586,187,2569,0,0,260,3856,9,648,260,4504,California
Sutter,2021-01-23,396,5551,40,2626,356,2925,0,0,370,4200,26,674,370,4874,California
Sutter,2021-01-24,17,5568,14,2640,3,2928,0,0,15,4213,2,676,15,4889,California
Sutter,2021-01-25,301,5869,195,2835,106,3034,0,0,148,4209,152,828,148,5037,California
Sutter,2021-01-26,244,6113,103,2938,141,3175,0,0,146,4258,97,925,146,5183,California
Sutter,2021-01-27,384,6497,254,3192,130,3305,0,0,319,4512,65,990,319,5502,California
Sutter,2021-01-28,521,7018,299,3491,222,3527,0,0,392,4775,129,1119,392,5894,California
Sutter,2021-01-29,416,7434,144,3635,272,3799,0,0,252,4863,164,1283,252,6146,California
Sutter,2021-01-30,775,8209,38,3673,737,4536,0,0,764,5616,11,1294,764,6910,California
Sutter,2021-01-31,27,8236,27,3700,0,4536,0,0,27,5643,0,1294,27,6937,California
Sutter,2021-02-01,162,8398,47,3747,115,4651,0,0,131,5743,31,1325,131,7068,California
Sutter,2021-02-02,241,8639,26,3773,215,4866,0,0,211,5924,30,1355,211,7279,California
Sutter,2021-02-03,444,9083,38,3811,406,5272,0,0,209,5898,235,1590,209,7488,California
Sutter,2021-02-04,668,9751,365,4176,303,5575,0,0,618,6466,50,1640,618,8106,California
Sutter,2021-02-05,284,10035,31,4207,253,5828,0,0,134,6450,150,1790,134,8240,California
Sutter,2021-02-06,735,10770,27,4234,708,6536,0,0,716,7147,19,1809,716,8956,California
Sutter,2021-02-07,22,10792,19,4253,3,6539,0,0,19,7163,3,1812,19,8975,California
Sutter,2021-02-08,133,10925,28,4281,105,6644,0,0,97,7224,36,1848,97,9072,California
Sutter,2021-02-09,246,11171,45,4326,201,6845,0,0,185,7348,61,1909,185,9257,California
Sutter,2021-02-10,801,11972,380,4706,421,7266,0,0,175,6898,625,2534,175,9432,California
Sutter,2021-02-11,602,12574,273,4979,329,7595,0,0,374,7044,228,2762,374,9806,California
Sutter,2021-02-12,625,13199,67,5046,558,8153,0,0,309,7037,316,3078,309,10115,California
Sutter,2021-02-13,898,14097,49,5095,849,9002,0,0,782,7703,116,3194,782,10897,California
Sutter,2021-02-14,90,14187,24,5119,66,9068,0,0,80,7773,10,3204,80,10977,California
Sutter,2021-02-15,195,14382,69,5188,126,9194,0,0,121,7820,74,3278,121,11098,California
Sutter,2021-02-16,287,14669,44,5232,243,9437,0,0,204,7942,82,3360,204,11302,California
Sutter,2021-02-17,827,15496,432,5664,395,9832,0,0,127,7369,700,4060,127,11429,California
Sutter,2021-02-18,695,16191,50,5714,645,10477,0,0,485,7645,209,4269,485,11914,California
Sutter,2021-02-19,661,16852,377,6091,284,10761,0,0,461,7908,198,4467,461,12375,California
Sutter,2021-02-20,615,17467,52,6143,563,11324,0,0,513,8319,102,4569,513,12888,California
Sutter,2021-02-21,29,17496,26,6169,3,11327,0,0,6,8302,23,4592,6,12894,California
Sutter,2021-02-22,207,17703,123,6292,84,11411,0,0,87,8269,120,4712,87,12981,California
Sutter,2021-02-23,220,17923,32,6324,188,11599,0,0,97,8243,123,4835,97,13078,California
Sutter,2021-02-24,955,18878,348,6672,607,12206,0,0,188,7665,766,5601,188,13266,California
Sutter,2021-02-25,768,19646,487,7159,281,12487,0,0,591,8082,174,5775,591,13857,California
Sutter,2021-02-26,365,20011,59,7218,306,12793,0,0,151,8021,212,5987,151,14008,California
Sutter,2021-02-27,863,20874,42,7260,821,13614,0,0,707,8571,157,6144,707,14715,California
Sutter,2021-02-28,82,20956,37,7297,45,13659,0,0,65,8619,17,6161,65,14780,California
Sutter,2021-03-01,246,21202,61,7358,185,13844,0,0,150,8673,96,6257,150,14930,California
Sutter,2021-03-02,333,21535,56,7414,277,14121,0,0,160,8661,172,6429,160,15090,California
Sutter,2021-03-03,1371,22906,502,7916,869,14990,0,0,634,8564,731,7160,634,15724,California
Sutter,2021-03-04,1249,24155,860,8776,389,15379,0,0,952,9223,293,7453,952,16676,California
Sutter,2021-03-05,328,24483,71,8847,256,15635,1,1,194,9285,133,7586,195,16871,California
Sutter,2021-03-06,1016,25499,42,8889,969,16604,5,6,855,9984,161,7747,860,17731,California
Sutter,2021-03-07,62,25561,23,8912,38,16642,1,7,42,10007,20,7767,43,17774,California
Sutter,2021-03-08,224,25785,76,8988,135,16777,13,20,157,10110,67,7834,170,17944,California
Sutter,2021-03-09,382,26167,134,9122,235,17012,13,33,179,10100,202,8036,192,18136,California
Sutter,2021-03-10,1564,27731,680,9802,823,17835,61,94,520,9640,1041,9077,581,18717,California
Sutter,2021-03-11,891,28622,437,10239,435,18270,19,113,646,10062,243,9320,665,19382,California
Sutter,2021-03-12,658,29280,108,10347,368,18638,182,295,192,9971,464,9784,373,19755,California
Sutter,2021-03-13,975,30255,749,11096,209,18847,17,312,781,10577,192,9976,798,20553,California
Sutter,2021-03-14,127,30382,20,11116,96,18943,11,323,41,10543,86,10062,52,20605,California
Sutter,2021-03-15,318,30700,68,11184,201,19144,49,372,150,10575,167,10229,199,20804,California
Sutter,2021-03-16,384,31084,86,11270,252,19396,46,418,207,10651,177,10406,253,21057,California
Sutter,2021-03-17,1478,32562,554,11824,905,20301,19,437,304,9808,1166,11572,323,21380,California
Sutter,2021-03-18,957,33519,165,11989,594,20895,198,635,572,10193,384,11956,769,22149,California
Sutter,2021-03-19,446,33965,149,12138,268,21163,29,664,270,10319,173,12129,299,22448,California
Sutter,2021-03-20,945,34910,114,12252,820,21983,11,675,859,11103,86,12215,870,23318,California
Sutter,2021-03-21,63,34973,45,12297,15,21998,3,678,34,11111,29,12244,37,23355,California
Sutter,2021-03-22,286,35259,119,12416,141,22139,26,704,210,11271,76,12320,236,23591,California
Sutter,2021-03-23,349,35608,117,12533,200,22339,32,736,236,11426,113,12433,268,23859,California
Sutter,2021-03-24,1625,37233,719,13252,837,23176,69,805,312,10506,1301,13734,381,24240,California
Sutter,2021-03-25,1013,38246,671,13923,301,23477,41,846,351,10238,660,14394,392,24632,California
Sutter,2021-03-26,478,38724,169,14092,292,23769,17,863,290,10360,185,14579,307,24939,California
Sutter,2021-03-27,931,39655,64,14156,865,24634,2,865,823,11081,104,14683,825,25764,California
Sutter,2021-03-28,125,39780,71,14227,54,24688,0,865,79,11115,45,14728,79,25843,California
Sutter,2021-03-29,419,40199,140,14367,224,24912,55,920,223,11198,195,14923,278,26121,California
Sutter,2021-03-30,474,40673,159,14526,306,25218,9,929,319,11371,155,15078,328,26449,California
Sutter,2021-03-31,1233,41906,173,14699,1043,26261,17,946,456,11075,768,15846,472,26921,California
Sutter,2021-04-01,1362,43268,723,15422,452,26713,187,1133,407,10721,949,16795,595,27516,California
Sutter,2021-04-02,489,43757,94,15516,293,27006,102,1235,205,10742,283,17078,304,27820,California
Sutter,2021-04-03,914,44671,75,15591,209,27215,630,1865,119,10698,793,17871,749,28569,California
Sutter,2021-04-04,116,44787,21,15612,89,27304,6,1871,56,10700,60,17931,62,28631,California
Sutter,2021-04-05,359,45146,139,15751,185,27489,35,1906,169,10717,187,18118,204,28835,California
Sutter,2021-04-06,474,45620,184,15935,232,27721,58,1964,244,10790,229,18347,302,29137,California
Sutter,2021-04-07,1388,47008,844,16779,479,28200,65,2029,561,10593,823,19170,626,29763,California
Sutter,2021-04-08,1000,48008,557,17336,332,28532,111,2140,537,10783,456,19626,646,30409,California
Sutter,2021-04-09,449,48457,210,17546,187,28719,52,2192,184,10756,263,19889,236,30645,California
Sutter,2021-04-10,744,49201,92,17638,88,28807,564,2756,99,10775,643,20532,662,31307,California
Sutter,2021-04-11,25,49226,3,17641,20,28827,2,2758,8,10768,17,20549,10,31317,California
Tehama,2020-12-15,1,1,1,1,0,0,0,0,1,1,0,0,1,1,California
Tehama,2020-12-16,2,3,2,3,0,0,0,0,2,3,0,0,2,3,California
Tehama,2020-12-17,12,15,12,15,0,0,0,0,12,15,0,0,12,15,California
Tehama,2020-12-18,2,17,2,17,0,0,0,0,3,18,0,0,3,18,California
Tehama,2020-12-21,33,50,33,50,0,0,0,0,33,51,0,0,33,51,California
Tehama,2020-12-22,68,118,62,112,6,6,0,0,68,119,0,0,68,119,California
Tehama,2020-12-23,48,166,40,152,8,14,0,0,48,167,0,0,48,167,California
Tehama,2020-12-24,5,171,3,155,2,16,0,0,5,172,0,0,5,172,California
Tehama,2020-12-26,3,174,2,157,1,17,0,0,3,175,0,0,3,175,California
Tehama,2020-12-27,2,176,2,159,0,17,0,0,2,177,0,0,2,177,California
Tehama,2020-12-28,56,232,43,202,13,30,0,0,56,233,0,0,56,233,California
Tehama,2020-12-29,31,263,31,233,0,30,0,0,31,264,0,0,31,264,California
Tehama,2020-12-30,54,317,38,271,16,46,0,0,53,317,0,0,53,317,California
Tehama,2020-12-31,14,331,4,275,10,56,0,0,14,331,0,0,14,331,California
Tehama,2021-01-01,2,333,0,275,2,58,0,0,2,333,0,0,2,333,California
Tehama,2021-01-04,31,364,8,283,23,81,0,0,31,364,0,0,31,364,California
Tehama,2021-01-05,71,435,44,327,27,108,0,0,68,429,3,3,68,432,California
Tehama,2021-01-06,71,506,21,348,50,158,0,0,62,483,8,11,62,494,California
Tehama,2021-01-07,56,562,7,355,49,207,0,0,55,537,1,12,55,549,California
Tehama,2021-01-08,30,592,24,379,6,213,0,0,25,557,5,17,25,574,California
Tehama,2021-01-09,7,599,5,384,2,215,0,0,5,560,2,19,5,579,California
Tehama,2021-01-10,1,600,0,384,1,216,0,0,1,561,0,19,1,580,California
Tehama,2021-01-11,47,647,46,430,1,217,0,0,14,542,33,52,14,594,California
Tehama,2021-01-12,115,762,95,525,20,237,0,0,70,567,45,97,70,664,California
Tehama,2021-01-13,72,834,55,580,17,254,0,0,26,547,46,143,26,690,California
Tehama,2021-01-14,224,1058,50,630,174,428,0,0,222,767,2,145,222,912,California
Tehama,2021-01-15,246,1304,74,704,172,600,0,0,242,1005,4,149,242,1154,California
Tehama,2021-01-16,274,1578,27,731,247,847,0,0,271,1273,3,152,271,1425,California
Tehama,2021-01-17,13,1591,9,740,4,851,0,0,11,1282,2,154,11,1436,California
Tehama,2021-01-18,10,1601,6,746,4,855,0,0,5,1282,5,159,5,1441,California
Tehama,2021-01-19,287,1888,61,807,226,1081,0,0,232,1459,55,214,232,1673,California
Tehama,2021-01-20,302,2190,87,894,215,1296,0,0,252,1662,49,263,252,1925,California
Tehama,2021-01-21,214,2404,11,905,203,1499,0,0,204,1856,10,273,204,2129,California
Tehama,2021-01-22,214,2618,12,917,202,1701,0,0,211,2064,3,276,211,2340,California
Tehama,2021-01-23,263,2881,10,927,253,1954,0,0,262,2325,1,277,262,2602,California
Tehama,2021-01-25,30,2911,13,940,17,1971,0,0,13,2321,17,294,13,2615,California
Tehama,2021-01-26,324,3235,42,982,282,2253,0,0,287,2571,37,331,287,2902,California
Tehama,2021-01-27,299,3534,21,1003,278,2531,0,0,279,2830,20,351,279,3181,California
Tehama,2021-01-28,340,3874,29,1032,311,2842,0,0,325,3140,15,366,325,3506,California
Tehama,2021-01-29,321,4195,19,1051,302,3144,0,0,304,3427,17,383,304,3810,California
Tehama,2021-01-30,103,4298,2,1053,101,3245,0,0,102,3528,1,384,102,3912,California
Tehama,2021-01-31,1,4299,0,1053,1,3246,0,0,1,3529,0,384,1,3913,California
Tehama,2021-02-01,77,4376,22,1075,55,3301,0,0,36,3524,41,425,36,3949,California
Tehama,2021-02-02,337,4713,63,1138,274,3575,0,0,240,3670,94,519,240,4189,California
Tehama,2021-02-03,369,5082,12,1150,357,3932,0,0,325,3951,44,563,325,4514,California
Tehama,2021-02-04,457,5539,99,1249,358,4290,0,0,378,4251,79,642,379,4893,California
Tehama,2021-02-05,161,5700,73,1322,88,4378,0,0,102,4294,59,701,102,4995,California
Tehama,2021-02-06,28,5728,13,1335,15,4393,0,0,16,4298,12,713,16,5011,California
Tehama,2021-02-07,5,5733,4,1339,1,4394,0,0,2,4297,3,716,2,5013,California
Tehama,2021-02-08,35,5768,14,1353,21,4415,0,0,27,4316,8,724,27,5040,California
Tehama,2021-02-09,76,5844,33,1386,43,4458,0,0,42,4324,34,758,42,5082,California
Tehama,2021-02-10,232,6076,61,1447,171,4629,0,0,158,4408,74,832,158,5240,California
Tehama,2021-02-11,219,6295,16,1463,203,4832,0,0,80,4351,137,969,80,5320,California
Tehama,2021-02-12,354,6649,57,1520,297,5129,0,0,173,4343,181,1150,173,5493,California
Tehama,2021-02-13,388,7037,13,1533,375,5504,0,0,147,4249,241,1391,147,5640,California
Tehama,2021-02-14,34,7071,0,1533,34,5538,0,0,33,4281,1,1392,33,5673,California
Tehama,2021-02-15,51,7122,9,1542,42,5580,0,0,45,4320,6,1398,45,5718,California
Tehama,2021-02-16,240,7362,16,1558,224,5804,0,0,58,4196,182,1580,58,5776,California
Tehama,2021-02-17,279,7641,11,1569,268,6072,0,0,53,4023,226,1806,53,5829,California
Tehama,2021-02-18,370,8011,33,1602,337,6409,0,0,146,3945,224,2030,146,5975,California
Tehama,2021-02-19,214,8225,19,1621,195,6604,0,0,43,3817,171,2201,43,6018,California
Tehama,2021-02-20,273,8498,6,1627,267,6871,0,0,26,3596,247,2448,26,6044,California
Tehama,2021-02-22,36,8534,13,1640,23,6894,0,0,24,3608,12,2460,24,6068,California
Tehama,2021-02-23,46,8580,19,1659,27,6921,0,0,26,3614,20,2480,26,6094,California
Tehama,2021-02-24,299,8879,12,1671,287,7208,0,0,26,3367,273,2753,26,6120,California
Tehama,2021-02-25,377,9256,61,1732,316,7524,0,0,37,3064,340,3093,37,6157,California
Tehama,2021-02-26,455,9711,19,1751,436,7960,0,0,70,2749,385,3478,70,6227,California
Tehama,2021-02-27,294,10005,5,1756,289,8249,0,0,34,2523,260,3738,34,6261,California
Tehama,2021-02-28,23,10028,2,1758,21,8270,0,0,20,2540,3,3741,20,6281,California
Tehama,2021-03-01,62,10090,8,1766,54,8324,0,0,28,2534,34,3775,28,6309,California
Tehama,2021-03-02,112,10202,18,1784,94,8418,0,0,29,2480,83,3858,29,6338,California
Tehama,2021-03-03,118,10320,34,1818,84,8502,0,0,47,2456,71,3929,47,6385,California
Tehama,2021-03-04,578,10898,22,1840,556,9058,0,0,218,2320,354,4283,218,6603,California
Tehama,2021-03-05,383,11281,18,1858,365,9423,0,0,214,2366,168,4451,214,6817,California
Tehama,2021-03-06,295,11576,17,1875,278,9701,0,0,80,2233,214,4665,81,6898,California
Tehama,2021-03-07,5,11581,1,1876,4,9705,0,0,3,2235,1,4666,3,6901,California
Tehama,2021-03-08,56,11637,12,1888,29,9734,15,15,25,2245,30,4696,40,6941,California
Tehama,2021-03-09,312,11949,5,1893,288,10022,19,34,257,2466,55,4751,276,7217,California
Tehama,2021-03-10,348,12297,11,1904,316,10338,21,55,67,2274,280,5031,88,7305,California
Tehama,2021-03-11,481,12778,16,1920,419,10757,46,101,338,2515,143,5174,384,7689,California
Tehama,2021-03-12,283,13061,16,1936,202,10959,65,166,165,2627,118,5292,230,7919,California
Tehama,2021-03-13,43,13104,8,1944,29,10988,6,172,6,2602,37,5329,12,7931,California
Tehama,2021-03-14,44,13148,3,1947,30,11018,11,183,2,2573,42,5371,13,7944,California
Tehama,2021-03-15,154,13302,21,1968,113,11131,20,203,87,2613,67,5438,107,8051,California
Tehama,2021-03-16,397,13699,14,1982,345,11476,38,241,298,2851,98,5536,336,8387,California
Tehama,2021-03-17,416,14115,23,2005,361,11837,32,273,331,3131,83,5619,363,8750,California
Tehama,2021-03-18,478,14593,24,2029,430,12267,24,297,300,3279,176,5795,324,9074,California
Tehama,2021-03-19,301,14894,23,2052,265,12532,13,310,259,3509,42,5837,272,9346,California
Tehama,2021-03-20,40,14934,8,2060,30,12562,2,312,28,3527,12,5849,30,9376,California
Tehama,2021-03-21,12,14946,5,2065,7,12569,0,312,12,3539,0,5849,12,9388,California
Tehama,2021-03-22,90,15036,7,2072,66,12635,17,329,49,3564,41,5890,66,9454,California
Tehama,2021-03-23,84,15120,23,2095,54,12689,7,336,65,3617,19,5909,72,9526,California
Tehama,2021-03-24,82,15202,15,2110,64,12753,3,339,53,3644,29,5938,56,9582,California
Tehama,2021-03-25,501,15703,340,2450,148,12901,13,352,454,4065,47,5985,468,10050,California
Tehama,2021-03-26,460,16163,352,2802,96,12997,12,364,385,4387,75,6060,397,10447,California
Tehama,2021-03-27,436,16599,347,3149,68,13065,21,385,373,4719,62,6122,394,10841,California
Tehama,2021-03-28,34,16633,13,3162,21,13086,0,385,22,4729,12,6134,22,10863,California
Tehama,2021-03-29,120,16753,30,3192,90,13176,0,385,76,4762,43,6177,76,10939,California
Tehama,2021-03-30,354,17107,206,3398,146,13322,2,387,240,4890,114,6291,242,11181,California
Tehama,2021-03-31,371,17478,270,3668,98,13420,3,390,298,5119,72,6363,301,11482,California
Tehama,2021-04-01,512,17990,237,3905,269,13689,6,396,382,5377,130,6493,388,11870,California
Tehama,2021-04-02,442,18432,204,4109,232,13921,6,402,257,5455,185,6678,263,12133,California
Tehama,2021-04-03,61,18493,3,4112,53,13974,5,407,30,5459,31,6709,35,12168,California
Tehama,2021-04-04,33,18526,6,4118,26,14000,1,408,22,5471,11,6720,23,12191,California
Tehama,2021-04-05,113,18639,19,4137,68,14068,26,434,58,5500,55,6775,84,12275,California
Tehama,2021-04-06,466,19105,100,4237,316,14384,50,484,163,5410,303,7078,213,12488,California
Tehama,2021-04-07,408,19513,280,4517,87,14471,41,525,301,5647,105,7183,342,12830,California
Tehama,2021-04-08,594,20107,171,4688,385,14856,38,563,228,5548,365,7548,266,13096,California
Tehama,2021-04-09,130,20237,43,4731,66,14922,21,584,49,5539,79,7627,70,13166,California
Tehama,2021-04-10,36,20273,12,4743,4,14926,20,604,10,5543,26,7653,30,13196,California
Tehama,2021-04-11,12,20285,1,4744,0,14926,11,615,1,5544,11,7664,12,13208,California
Trinity,2020-12-17,4,4,4,4,0,0,0,0,4,4,0,0,4,4,California
Trinity,2020-12-18,2,6,2,6,0,0,0,0,2,6,0,0,2,6,California
Trinity,2020-12-21,38,44,38,44,0,0,0,0,38,44,0,0,38,44,California
Trinity,2020-12-22,5,49,5,49,0,0,0,0,5,49,0,0,5,49,California
Trinity,2020-12-23,5,54,5,54,0,0,0,0,5,54,0,0,5,54,California
Trinity,2020-12-28,30,84,30,84,0,0,0,0,30,84,0,0,30,84,California
Trinity,2020-12-29,8,92,7,91,1,1,0,0,8,92,0,0,8,92,California
Trinity,2020-12-30,10,102,8,99,2,3,0,0,10,102,0,0,10,102,California
Trinity,2020-12-31,2,104,1,100,1,4,0,0,2,104,0,0,2,104,California
Trinity,2021-01-04,27,131,1,101,26,30,0,0,26,130,0,0,26,130,California
Trinity,2021-01-05,2,133,1,102,1,31,0,0,2,132,0,0,2,132,California
Trinity,2021-01-06,23,156,4,106,19,50,0,0,19,147,4,4,19,151,California
Trinity,2021-01-08,49,205,2,108,47,97,0,0,48,193,2,6,48,199,California
Trinity,2021-01-11,39,244,38,146,1,98,0,0,2,158,37,43,2,201,California
Trinity,2021-01-12,9,253,7,153,2,100,0,0,4,157,5,48,4,205,California
Trinity,2021-01-13,7,260,4,157,3,103,0,0,4,158,3,51,4,209,California
Trinity,2021-01-14,4,264,1,158,3,106,0,0,4,162,0,51,4,213,California
Trinity,2021-01-16,4,268,0,158,4,110,0,0,4,166,0,51,4,217,California
Trinity,2021-01-18,31,299,31,189,0,110,0,0,1,137,30,81,1,218,California
Trinity,2021-01-19,31,330,14,203,17,127,0,0,17,140,14,95,17,235,California
Trinity,2021-01-20,20,350,4,207,16,143,0,0,17,155,2,97,17,252,California
Trinity,2021-01-21,17,367,7,214,10,153,0,0,17,172,0,97,17,269,California
Trinity,2021-01-22,5,372,1,215,4,157,0,0,5,177,0,97,5,274,California
Trinity,2021-01-23,7,379,3,218,4,161,0,0,7,184,0,97,7,281,California
Trinity,2021-01-25,14,393,1,219,13,174,0,0,13,196,1,98,13,294,California
Trinity,2021-01-26,10,403,1,220,9,183,0,0,9,204,1,99,9,303,California
Trinity,2021-01-27,12,415,0,220,12,195,0,0,12,216,0,99,12,315,California
Trinity,2021-01-28,13,428,3,223,10,205,0,0,10,223,3,102,10,325,California
Trinity,2021-01-29,3,431,1,224,2,207,0,0,2,224,1,103,2,327,California
Trinity,2021-01-30,12,443,11,235,1,208,0,0,12,236,0,103,12,339,California
Trinity,2021-01-31,1,444,1,236,0,208,0,0,1,237,0,103,1,340,California
Trinity,2021-02-01,2,446,1,237,1,209,0,0,1,237,1,104,1,341,California
Trinity,2021-02-02,13,459,3,240,10,219,0,0,12,248,1,105,12,353,California
Trinity,2021-02-03,6,465,1,241,5,224,0,0,3,248,3,108,3,356,California
Trinity,2021-02-04,36,501,32,273,4,228,0,0,34,280,2,110,34,390,California
Trinity,2021-02-05,348,849,0,273,348,576,0,0,318,568,30,140,318,708,California
Trinity,2021-02-06,209,1058,5,278,204,780,0,0,202,763,7,147,202,910,California
Trinity,2021-02-07,1,1059,0,278,1,781,0,0,1,764,0,147,1,911,California
Trinity,2021-02-08,23,1082,0,278,23,804,0,0,15,771,8,155,15,926,California
Trinity,2021-02-09,21,1103,2,280,19,823,0,0,6,762,15,170,6,932,California
Trinity,2021-02-10,123,1226,10,290,113,936,0,0,103,845,20,190,103,1035,California
Trinity,2021-02-11,334,1560,2,292,332,1268,0,0,328,1167,6,196,328,1363,California
Trinity,2021-02-12,9,1569,6,298,3,1271,0,0,9,1176,0,196,9,1372,California
Trinity,2021-02-13,12,1581,5,303,7,1278,0,0,5,1174,7,203,5,1377,California
Trinity,2021-02-14,2,1583,2,305,0,1278,0,0,2,1176,0,203,2,1379,California
Trinity,2021-02-15,46,1629,0,305,46,1324,0,0,46,1222,0,203,46,1425,California
Trinity,2021-02-16,7,1636,2,307,5,1329,0,0,4,1223,3,206,4,1429,California
Trinity,2021-02-17,94,1730,2,309,92,1421,0,0,84,1297,10,216,84,1513,California
Trinity,2021-02-18,5,1735,0,309,5,1426,0,0,1,1295,3,219,1,1514,California
Trinity,2021-02-19,211,1946,3,312,208,1634,0,0,198,1480,13,232,198,1712,California
Trinity,2021-02-20,143,2089,14,326,129,1763,0,0,115,1567,28,260,115,1827,California
Trinity,2021-02-22,3,2092,0,326,3,1766,0,0,0,1564,3,263,0,1827,California
Trinity,2021-02-23,8,2100,4,330,4,1770,0,0,3,1562,5,268,3,1830,California
Trinity,2021-02-24,30,2130,8,338,22,1792,0,0,7,1546,23,291,7,1837,California
Trinity,2021-02-25,36,2166,23,361,13,1805,0,0,5,1520,31,322,5,1842,California
Trinity,2021-02-26,11,2177,1,362,10,1815,0,0,5,1519,6,328,5,1847,California
Trinity,2021-02-27,9,2186,7,369,2,1817,0,0,4,1518,5,333,4,1851,California
Trinity,2021-03-01,8,2194,0,369,8,1825,0,0,5,1520,3,336,5,1856,California
Trinity,2021-03-02,8,2202,3,372,5,1830,0,0,1,1514,7,343,1,1857,California
Trinity,2021-03-03,5,2207,0,372,5,1835,0,0,4,1517,1,344,4,1861,California
Trinity,2021-03-04,15,2222,10,382,5,1840,0,0,13,1528,2,346,13,1874,California
Trinity,2021-03-05,284,2506,1,383,283,2123,0,0,32,1313,247,593,32,1906,California
Trinity,2021-03-06,185,2691,6,389,179,2302,0,0,20,1168,165,758,20,1926,California
Trinity,2021-03-07,3,2694,3,392,0,2302,0,0,2,1169,1,759,2,1928,California
Trinity,2021-03-08,3,2697,0,392,2,2304,1,1,1,1169,2,761,2,1930,California
Trinity,2021-03-09,93,2790,0,392,91,2395,2,3,89,1256,4,765,91,2021,California
Trinity,2021-03-10,127,2917,3,395,121,2516,3,6,38,1208,89,854,41,2062,California
Trinity,2021-03-11,7,2924,3,398,2,2518,2,8,3,1209,4,858,5,2067,California
Trinity,2021-03-12,334,3258,3,401,326,2844,5,13,45,970,289,1147,50,2117,California
Trinity,2021-03-13,12,3270,7,408,3,2847,2,15,7,974,5,1152,9,2126,California
Trinity,2021-03-15,67,3337,0,408,66,2913,1,16,15,938,52,1204,16,2142,California
Trinity,2021-03-16,114,3451,6,414,108,3021,0,16,100,1024,14,1218,100,2242,California
Trinity,2021-03-17,100,3551,3,417,97,3118,0,16,26,976,74,1292,26,2268,California
Trinity,2021-03-18,10,3561,2,419,5,3123,3,19,5,979,5,1297,8,2276,California
Trinity,2021-03-19,359,3920,6,425,246,3369,107,126,29,785,330,1627,136,2412,California
Trinity,2021-03-20,104,4024,6,431,98,3467,0,126,67,815,37,1664,67,2479,California
Trinity,2021-03-21,4,4028,0,431,2,3469,2,128,2,817,2,1666,4,2483,California
Trinity,2021-03-22,2,4030,0,431,2,3471,0,128,2,819,0,1666,2,2485,California
Trinity,2021-03-23,96,4126,1,432,95,3566,0,128,79,881,17,1683,79,2564,California
Trinity,2021-03-24,9,4135,1,433,8,3574,0,128,9,890,0,1683,9,2573,California
Trinity,2021-03-25,105,4240,6,439,93,3667,6,134,82,955,23,1706,88,2661,California
Trinity,2021-03-26,14,4254,1,440,13,3680,0,134,8,957,6,1712,8,2669,California
Trinity,2021-03-27,15,4269,3,443,3,3683,9,143,5,961,10,1722,14,2683,California
Trinity,2021-03-28,6,4275,4,447,2,3685,0,143,1,957,5,1727,1,2684,California
Trinity,2021-03-29,4,4279,0,447,4,3689,0,143,1,955,3,1730,1,2685,California
Trinity,2021-03-30,75,4354,4,451,71,3760,0,143,67,1014,8,1738,67,2752,California
Trinity,2021-03-31,52,4406,5,456,19,3779,28,171,21,1031,31,1769,48,2800,California
Trinity,2021-04-01,38,4444,11,467,16,3795,11,182,19,1042,19,1788,30,2830,California
Trinity,2021-04-02,164,4608,6,473,84,3879,74,256,71,1095,92,1880,145,2975,California
Trinity,2021-04-03,19,4627,14,487,5,3884,0,256,9,1094,10,1890,9,2984,California
Trinity,2021-04-04,10,4637,8,495,2,3886,0,256,10,1104,0,1890,10,2994,California
Trinity,2021-04-05,59,4696,7,502,51,3937,1,257,55,1156,4,1894,56,3050,California
Trinity,2021-04-06,106,4802,10,512,93,4030,3,260,19,1091,87,1981,22,3072,California
Trinity,2021-04-07,17,4819,9,521,4,4034,4,264,12,1102,5,1986,16,3088,California
Trinity,2021-04-08,89,4908,11,532,76,4110,2,266,52,1120,36,2022,54,3142,California
Trinity,2021-04-09,25,4933,12,544,11,4121,2,268,15,1127,10,2032,17,3159,California
Trinity,2021-04-10,8,4941,4,548,3,4124,1,269,6,1132,2,2034,7,3166,California
Tulare,2020-12-16,3,3,3,3,0,0,0,0,3,3,0,0,3,3,California
Tulare,2020-12-17,110,113,110,113,0,0,0,0,110,113,0,0,110,113,California
Tulare,2020-12-18,290,403,290,403,0,0,0,0,290,403,0,0,290,403,California
Tulare,2020-12-19,327,730,327,730,0,0,0,0,327,730,0,0,327,730,California
Tulare,2020-12-20,167,897,166,896,1,1,0,0,167,897,0,0,167,897,California
Tulare,2020-12-21,422,1319,422,1318,0,1,0,0,442,1339,0,0,442,1339,California
Tulare,2020-12-22,470,1789,468,1786,2,3,0,0,469,1808,0,0,469,1808,California
Tulare,2020-12-23,328,2117,320,2106,8,11,0,0,326,2134,0,0,326,2134,California
Tulare,2020-12-24,18,2135,16,2122,2,13,0,0,18,2152,0,0,18,2152,California
Tulare,2020-12-26,8,2143,7,2129,1,14,0,0,8,2160,0,0,8,2160,California
Tulare,2020-12-27,16,2159,12,2141,4,18,0,0,16,2176,0,0,16,2176,California
Tulare,2020-12-28,484,2643,472,2613,12,30,0,0,483,2659,0,0,483,2659,California
Tulare,2020-12-29,544,3187,477,3090,67,97,0,0,544,3203,0,0,544,3203,California
Tulare,2020-12-30,473,3660,434,3524,39,136,0,0,473,3676,0,0,473,3676,California
Tulare,2020-12-31,94,3754,22,3546,72,208,0,0,94,3770,0,0,94,3770,California
Tulare,2021-01-01,1,3755,0,3546,1,209,0,0,1,3771,0,0,1,3771,California
Tulare,2021-01-02,28,3783,18,3564,10,219,0,0,28,3799,0,0,28,3799,California
Tulare,2021-01-03,22,3805,9,3573,13,232,0,0,22,3821,0,0,22,3821,California
Tulare,2021-01-04,91,3896,16,3589,75,307,0,0,91,3912,0,0,91,3912,California
Tulare,2021-01-05,460,4356,278,3867,182,489,0,0,458,4368,2,2,458,4370,California
Tulare,2021-01-06,865,5221,636,4503,229,718,0,0,855,5213,10,12,855,5225,California
Tulare,2021-01-07,783,6004,585,5088,198,916,0,0,677,5784,106,118,677,5902,California
Tulare,2021-01-08,1263,7267,574,5662,689,1605,0,0,925,6372,337,455,925,6827,California
Tulare,2021-01-09,741,8008,203,5865,538,2143,0,0,554,6739,187,642,554,7381,California
Tulare,2021-01-10,49,8057,43,5908,6,2149,0,0,10,6710,39,681,10,7391,California
Tulare,2021-01-11,1202,9259,765,6673,437,2586,0,0,767,7042,435,1116,767,8158,California
Tulare,2021-01-12,1400,10659,487,7160,913,3499,0,0,993,7629,407,1523,994,9152,California
Tulare,2021-01-13,457,11116,227,7387,230,3729,0,0,383,7938,74,1597,383,9535,California
Tulare,2021-01-14,491,11607,141,7528,350,4079,0,0,465,8388,15,1612,465,10000,California
Tulare,2021-01-15,1617,13224,149,7677,1468,5547,0,0,1608,9987,9,1621,1608,11608,California
Tulare,2021-01-16,1899,15123,114,7791,1785,7332,0,0,1885,11858,14,1635,1885,13493,California
Tulare,2021-01-17,140,15263,121,7912,19,7351,0,0,130,11978,10,1645,130,13623,California
Tulare,2021-01-18,695,15958,662,8574,33,7384,0,0,295,11873,400,2045,295,13918,California
Tulare,2021-01-19,1005,16963,682,9256,323,7707,0,0,578,12024,427,2472,578,14496,California
Tulare,2021-01-20,2375,19338,563,9819,1812,9519,0,0,1990,13629,385,2857,1990,16486,California
Tulare,2021-01-21,1507,20845,150,9969,1357,10876,0,0,1481,15089,21,2878,1481,17967,California
Tulare,2021-01-22,1053,21898,186,10155,867,11743,0,0,1029,16095,23,2901,1029,18996,California
Tulare,2021-01-23,437,22335,156,10311,281,12024,0,0,416,16490,21,2922,416,19412,California
Tulare,2021-01-24,30,22365,27,10338,3,12027,0,0,28,16516,2,2924,28,19440,California
Tulare,2021-01-25,1324,23689,979,11317,345,12372,0,0,1295,17782,29,2953,1295,20735,California
Tulare,2021-01-26,1496,25185,1098,12415,398,12770,0,0,1173,18633,322,3275,1173,21908,California
Tulare,2021-01-27,1456,26641,1070,13485,386,13156,0,0,878,18933,578,3853,878,22786,California
Tulare,2021-01-28,1197,27838,768,14253,429,13585,0,0,801,19338,396,4249,801,23587,California
Tulare,2021-01-29,1127,28965,718,14971,409,13994,0,0,817,19845,310,4559,817,24404,California
Tulare,2021-01-30,1672,30637,1579,16550,93,14087,0,0,1648,21470,24,4583,1649,26053,California
Tulare,2021-01-31,51,30688,47,16597,4,14091,0,0,48,21515,3,4586,48,26101,California
Tulare,2021-02-01,1165,31853,901,17498,264,14355,0,0,816,21983,348,4934,816,26917,California
Tulare,2021-02-02,674,32527,327,17825,347,14702,0,0,443,22198,229,5163,444,27361,California
Tulare,2021-02-03,610,33137,285,18110,325,15027,0,0,335,22260,273,5436,335,27696,California
Tulare,2021-02-04,551,33688,165,18275,386,15413,0,0,266,22242,285,5721,267,27963,California
Tulare,2021-02-05,1227,34915,230,18505,997,16410,0,0,415,21847,810,6531,415,28378,California
Tulare,2021-02-06,834,35749,155,18660,679,17089,0,0,269,21554,563,7094,270,28648,California
Tulare,2021-02-07,78,35827,65,18725,13,17102,0,0,24,21524,54,7148,24,28672,California
Tulare,2021-02-08,947,36774,334,19059,613,17715,0,0,307,21194,637,7785,307,28979,California
Tulare,2021-02-09,1403,38177,325,19384,1078,18793,0,0,359,20514,1039,8824,359,29338,California
Tulare,2021-02-10,2471,40648,1987,21371,484,19277,0,0,2072,22190,396,9220,2072,31410,California
Tulare,2021-02-11,1321,41969,376,21747,945,20222,0,0,937,22743,384,9604,937,32347,California
Tulare,2021-02-12,2779,44748,578,22325,2201,22423,0,0,1218,22407,1554,11158,1218,33565,California
Tulare,2021-02-13,2478,47226,158,22483,2320,24743,0,0,667,21266,1808,12966,667,34232,California
Tulare,2021-02-14,329,47555,36,22519,293,25036,0,0,296,21529,33,12999,296,34528,California
Tulare,2021-02-15,913,48468,291,22810,622,25658,0,0,656,21929,256,13255,656,35184,California
Tulare,2021-02-16,2831,51299,1597,24407,1234,26892,0,0,1082,21262,1749,15004,1082,36266,California
Tulare,2021-02-17,2696,53995,509,24916,2187,29079,0,0,462,19495,2229,17233,462,36728,California
Tulare,2021-02-18,2302,56297,457,25373,1845,30924,0,0,640,18481,1654,18887,640,37368,California
Tulare,2021-02-19,2295,58592,855,26228,1440,32364,0,0,946,18080,1347,20234,946,38314,California
Tulare,2021-02-20,2988,61580,1891,28119,1097,33461,0,0,1267,17631,1716,21950,1267,39581,California
Tulare,2021-02-21,87,61667,83,28202,4,33465,0,0,52,17648,35,21985,52,39633,California
Tulare,2021-02-22,1106,62773,702,28904,404,33869,0,0,223,16989,882,22867,223,39856,California
Tulare,2021-02-23,1942,64715,939,29843,1003,34872,0,0,1458,17964,483,23350,1458,41314,California
Tulare,2021-02-24,2471,67186,1545,31388,926,35798,0,0,2091,19677,379,23729,2092,43406,California
Tulare,2021-02-25,3485,70671,1948,33336,1537,37335,0,0,3070,22336,411,24140,3070,46476,California
Tulare,2021-02-26,3835,74506,1877,35213,1958,39293,0,0,3377,25257,456,24596,3377,49853,California
Tulare,2021-02-27,2891,77397,1385,36598,1506,40799,0,0,2761,27899,119,24715,2761,52614,California
Tulare,2021-02-28,1307,78704,1035,37633,272,41071,0,0,1287,29169,17,24732,1287,53901,California
Tulare,2021-03-01,1733,80437,771,38404,962,42033,0,0,1553,30544,178,24910,1553,55454,California
Tulare,2021-03-02,2666,83103,1186,39590,1480,43513,0,0,2503,32888,160,25070,2504,57958,California
Tulare,2021-03-03,3768,86871,2476,42066,1292,44805,0,0,1825,32773,1942,27012,1827,59785,California
Tulare,2021-03-04,2854,89725,1289,43355,1565,46370,0,0,2543,35008,308,27320,2543,62328,California
Tulare,2021-03-05,3259,92984,1675,45030,1571,47941,13,13,2758,37284,497,27817,2773,65101,California
Tulare,2021-03-06,3043,96027,1421,46451,1563,49504,59,72,2795,39891,245,28062,2852,67953,California
Tulare,2021-03-07,1079,97106,676,47127,383,49887,20,92,1040,40912,39,28101,1060,69013,California
Tulare,2021-03-08,1664,98770,981,48108,515,50402,168,260,1353,42123,309,28410,1520,70533,California
Tulare,2021-03-09,2563,101333,1579,49687,838,51240,146,406,2199,44104,363,28773,2344,72877,California
Tulare,2021-03-10,2776,104109,1379,51066,1222,52462,175,581,2398,46306,369,29142,2571,75448,California
Tulare,2021-03-11,4092,108201,1939,53005,1853,54315,300,881,3157,48833,930,30072,3457,78905,California
Tulare,2021-03-12,4250,112451,2326,55331,1580,55895,344,1225,3006,50952,1233,31305,3352,82257,California
Tulare,2021-03-13,3961,116412,1828,57159,2027,57922,106,1331,3062,53225,894,32199,3167,85424,California
Tulare,2021-03-14,1796,118208,972,58131,605,58527,219,1550,1272,54192,523,32722,1490,86914,California
Tulare,2021-03-15,2680,120888,1568,59699,997,59524,115,1665,1911,55451,768,33490,2027,88941,California
Tulare,2021-03-16,3393,124281,2102,61801,1214,60738,77,1742,1852,55845,1538,35028,1932,90873,California
Tulare,2021-03-17,3903,128184,2549,64350,1277,62015,77,1819,2175,56382,1722,36750,2259,93132,California
Tulare,2021-03-18,4439,132623,3254,67604,1114,63129,71,1890,2340,56702,2093,38843,2413,95545,California
Tulare,2021-03-19,4929,137552,3202,70806,1531,64660,196,2086,2638,57262,2277,41120,2837,98382,California
Tulare,2021-03-20,4264,141816,2611,73417,1282,65942,371,2457,1983,57344,2275,43395,2357,100739,California
Tulare,2021-03-21,1858,143674,1588,75005,244,66186,26,2483,954,57423,901,44296,980,101719,California
Tulare,2021-03-22,2455,146129,1681,76686,663,66849,111,2594,1638,58364,810,45106,1751,103470,California
Tulare,2021-03-23,3635,149764,2057,78743,1528,68377,50,2644,2016,58827,1609,46715,2072,105542,California
Tulare,2021-03-24,3087,152851,1897,80640,1148,69525,42,2686,1819,59426,1262,47977,1861,107403,California
Tulare,2021-03-25,3359,156210,1729,82369,1468,70993,162,2848,1648,59533,1705,49682,1812,109215,California
Tulare,2021-03-26,5071,161281,2999,85368,1962,72955,110,2958,2471,59532,2582,52264,2581,111796,California
Tulare,2021-03-27,3399,164680,1727,87095,1576,74531,96,3054,932,58099,2460,54724,1027,112823,California
Tulare,2021-03-28,1415,166095,1022,88117,362,74893,31,3085,659,58040,755,55479,696,113519,California
Tulare,2021-03-29,2837,168932,1619,89736,1106,75999,112,3197,1210,57741,1623,57102,1324,114843,California
Tulare,2021-03-30,4503,173435,2575,92311,1698,77697,230,3427,1908,57286,2589,59691,2134,116977,California
Tulare,2021-03-31,3665,177100,2130,94441,1425,79122,110,3537,1504,56749,2153,61844,1616,118593,California
Tulare,2021-04-01,4284,181384,2317,96758,1903,81025,64,3601,1502,55539,2777,64621,1567,120160,California
Tulare,2021-04-02,5109,186493,2916,99674,2075,83100,118,3719,1658,53881,3435,68056,1777,121937,California
Tulare,2021-04-03,3425,189918,2002,101676,1112,84212,311,4030,859,52524,2527,70583,1170,123107,California
Tulare,2021-04-04,1576,191494,1115,102791,454,84666,7,4037,381,51719,1193,71776,388,123495,California
Tulare,2021-04-05,3269,194763,2295,105086,718,85384,256,4293,865,50447,2393,74169,1121,124616,California
Tulare,2021-04-06,3164,197927,1462,106548,1223,86607,479,4772,924,49619,2235,76404,1407,126023,California
Tulare,2021-04-07,3479,201406,1791,108339,1290,87897,398,5170,1149,48839,2325,78729,1545,127568,California
Tulare,2021-04-08,4337,205743,2543,110882,1424,89321,370,5540,1503,47883,2828,81557,1872,129440,California
Tulare,2021-04-09,2586,208329,1546,112428,723,90044,317,5857,939,47498,1642,83199,1257,130697,California
Tulare,2021-04-10,2161,210490,1016,113444,1003,91047,142,5999,536,46552,1623,84822,677,131374,California
Tulare,2021-04-11,649,211139,561,114005,23,91070,65,6064,230,46429,418,85240,295,131669,California
Tuolumne,2020-12-16,46,46,46,46,0,0,0,0,46,46,0,0,46,46,California
Tuolumne,2020-12-17,22,68,22,68,0,0,0,0,22,68,0,0,22,68,California
Tuolumne,2020-12-18,174,242,173,241,1,1,0,0,174,242,0,0,174,242,California
Tuolumne,2020-12-19,7,249,7,248,0,1,0,0,7,249,0,0,7,249,California
Tuolumne,2020-12-20,1,250,1,249,0,1,0,0,1,250,0,0,1,250,California
Tuolumne,2020-12-21,116,366,102,351,14,15,0,0,116,366,0,0,116,366,California
Tuolumne,2020-12-22,169,535,169,520,0,15,0,0,169,535,0,0,169,535,California
Tuolumne,2020-12-23,193,728,191,711,2,17,0,0,193,728,0,0,193,728,California
Tuolumne,2020-12-26,3,731,3,714,0,17,0,0,3,731,0,0,3,731,California
Tuolumne,2020-12-28,78,809,77,791,1,18,0,0,78,809,0,0,78,809,California
Tuolumne,2020-12-29,111,920,40,831,71,89,0,0,111,920,0,0,111,920,California
Tuolumne,2020-12-30,82,1002,22,853,60,149,0,0,82,1002,0,0,82,1002,California
Tuolumne,2020-12-31,27,1029,20,873,7,156,0,0,27,1029,0,0,27,1029,California
Tuolumne,2021-01-01,6,1035,5,878,1,157,0,0,6,1035,0,0,6,1035,California
Tuolumne,2021-01-02,118,1153,115,993,3,160,0,0,118,1153,0,0,118,1153,California
Tuolumne,2021-01-03,3,1156,2,995,1,161,0,0,3,1156,0,0,3,1156,California
Tuolumne,2021-01-04,70,1226,27,1022,43,204,0,0,70,1226,0,0,70,1226,California
Tuolumne,2021-01-05,95,1321,26,1048,69,273,0,0,93,1317,2,2,93,1319,California
Tuolumne,2021-01-06,112,1433,52,1100,60,333,0,0,68,1341,44,46,68,1387,California
Tuolumne,2021-01-07,119,1552,61,1161,58,391,0,0,65,1352,54,100,65,1452,California
Tuolumne,2021-01-08,178,1730,153,1314,25,416,0,0,27,1231,150,250,29,1481,California
Tuolumne,2021-01-09,2,1732,1,1315,1,417,0,0,1,1232,1,251,2,1483,California
Tuolumne,2021-01-10,3,1735,1,1316,2,419,0,0,3,1235,0,251,3,1486,California
Tuolumne,2021-01-11,116,1851,90,1406,26,445,0,0,33,1185,83,334,33,1519,California
Tuolumne,2021-01-12,103,1954,87,1493,16,461,0,0,17,1117,86,420,18,1537,California
Tuolumne,2021-01-13,239,2193,129,1622,110,571,0,0,185,1249,54,474,186,1723,California
Tuolumne,2021-01-14,128,2321,91,1713,37,608,0,0,41,1204,86,560,41,1764,California
Tuolumne,2021-01-15,475,2796,72,1785,403,1011,0,0,412,1555,62,622,413,2177,California
Tuolumne,2021-01-16,7,2803,3,1788,4,1015,0,0,6,1560,1,623,6,2183,California
Tuolumne,2021-01-17,5,2808,2,1790,3,1018,0,0,5,1565,0,623,5,2188,California
Tuolumne,2021-01-18,46,2854,38,1828,8,1026,0,0,8,1536,37,660,8,2196,California
Tuolumne,2021-01-19,474,3328,72,1900,402,1428,0,0,430,1922,44,704,430,2626,California
Tuolumne,2021-01-20,77,3405,60,1960,17,1445,0,0,24,1893,53,757,24,2650,California
Tuolumne,2021-01-21,56,3461,22,1982,34,1479,0,0,41,1919,15,772,41,2691,California
Tuolumne,2021-01-22,181,3642,13,1995,168,1647,0,0,175,2088,6,778,175,2866,California
Tuolumne,2021-01-23,664,4306,146,2141,518,2165,0,0,551,2536,113,891,561,3427,California
Tuolumne,2021-01-24,523,4829,1,2142,522,2687,0,0,519,3053,3,894,520,3947,California
Tuolumne,2021-01-25,48,4877,27,2169,21,2708,0,0,22,3050,26,920,23,3970,California
Tuolumne,2021-01-26,80,4957,68,2237,12,2720,0,0,40,3051,40,960,41,4011,California
Tuolumne,2021-01-27,61,5018,4,2241,57,2777,0,0,7,3005,53,1013,7,4018,California
Tuolumne,2021-01-28,27,5045,7,2248,20,2797,0,0,18,3014,9,1022,18,4036,California
Tuolumne,2021-01-29,70,5115,6,2254,64,2861,0,0,32,3008,38,1060,32,4068,California
Tuolumne,2021-01-30,708,5823,552,2806,156,3017,0,0,689,3691,19,1079,702,4770,California
Tuolumne,2021-01-31,8,5831,2,2808,6,3023,0,0,5,3693,3,1082,5,4775,California
Tuolumne,2021-02-01,24,5855,6,2814,18,3041,0,0,21,3711,3,1085,21,4796,California
Tuolumne,2021-02-02,648,6503,36,2850,612,3653,0,0,638,4340,9,1094,638,5434,California
Tuolumne,2021-02-03,239,6742,108,2958,131,3784,0,0,85,4271,154,1248,85,5519,California
Tuolumne,2021-02-04,126,6868,14,2972,112,3896,0,0,65,4273,63,1311,65,5584,California
Tuolumne,2021-02-05,99,6967,12,2984,87,3983,0,0,35,4245,63,1374,35,5619,California
Tuolumne,2021-02-06,854,7821,582,3566,272,4255,0,0,851,5093,3,1377,851,6470,California
Tuolumne,2021-02-07,7,7828,4,3570,3,4258,0,0,3,5092,4,1381,3,6473,California
Tuolumne,2021-02-08,90,7918,39,3609,51,4309,0,0,67,5136,23,1404,67,6540,California
Tuolumne,2021-02-09,866,8784,48,3657,818,5127,0,0,829,5928,37,1441,829,7369,California
Tuolumne,2021-02-10,88,8872,14,3671,74,5201,0,0,26,5894,60,1501,26,7395,California
Tuolumne,2021-02-11,138,9010,65,3736,73,5274,0,0,75,5906,63,1564,75,7470,California
Tuolumne,2021-02-12,640,9650,13,3749,627,5901,0,0,201,5670,438,2002,202,7672,California
Tuolumne,2021-02-13,146,9796,41,3790,105,6006,0,0,115,5760,25,2027,115,7787,California
Tuolumne,2021-02-14,148,9944,12,3802,136,6142,0,0,147,5906,1,2028,147,7934,California
Tuolumne,2021-02-15,184,10128,10,3812,174,6316,0,0,175,6072,9,2037,175,8109,California
Tuolumne,2021-02-16,525,10653,17,3829,508,6824,0,0,122,5795,401,2438,124,8233,California
Tuolumne,2021-02-17,109,10762,63,3892,46,6870,0,0,63,5813,45,2483,63,8296,California
Tuolumne,2021-02-18,680,11442,22,3914,658,7528,0,0,632,6397,48,2531,632,8928,California
Tuolumne,2021-02-19,131,11573,20,3934,111,7639,0,0,42,6350,89,2620,42,8970,California
Tuolumne,2021-02-20,903,12476,341,4275,562,8201,0,0,385,6230,506,3126,386,9356,California
Tuolumne,2021-02-21,974,13450,32,4307,942,9143,0,0,472,6203,499,3625,472,9828,California
Tuolumne,2021-02-22,79,13529,57,4364,22,9165,0,0,48,6221,30,3655,48,9876,California
Tuolumne,2021-02-23,46,13575,23,4387,23,9188,0,0,25,6226,20,3675,25,9901,California
Tuolumne,2021-02-24,89,13664,58,4445,31,9219,0,0,42,6222,46,3721,42,9943,California
Tuolumne,2021-02-25,1054,14718,31,4476,1023,10242,0,0,1023,7214,31,3752,1023,10966,California
Tuolumne,2021-02-26,140,14858,9,4485,131,10373,0,0,120,7314,20,3772,120,11086,California
Tuolumne,2021-02-27,948,15806,574,5059,374,10747,0,0,247,6873,688,4460,247,11333,California
Tuolumne,2021-02-28,55,15861,4,5063,51,10798,0,0,52,6923,2,4462,52,11385,California
Tuolumne,2021-03-01,106,15967,19,5082,87,10885,0,0,72,6963,33,4495,73,11458,California
Tuolumne,2021-03-02,708,16675,73,5155,635,11520,0,0,107,6469,601,5096,107,11565,California
Tuolumne,2021-03-03,87,16762,19,5174,68,11588,0,0,64,6510,23,5119,64,11629,California
Tuolumne,2021-03-04,1167,17929,68,5242,1099,12687,0,0,1104,7551,63,5182,1104,12733,California
Tuolumne,2021-03-05,81,18010,9,5251,72,12759,0,0,47,7566,33,5215,48,12781,California
Tuolumne,2021-03-06,1052,19062,604,5855,446,13205,2,2,204,6925,847,6062,206,12987,California
Tuolumne,2021-03-07,39,19101,12,5867,13,13218,14,16,17,6934,22,6084,31,13018,California
Tuolumne,2021-03-08,211,19312,88,5955,116,13334,7,23,156,7041,56,6140,163,13181,California
Tuolumne,2021-03-09,861,20173,11,5966,839,14173,11,34,76,6344,784,6924,87,13268,California
Tuolumne,2021-03-10,85,20258,13,5979,61,14234,11,45,61,6392,24,6948,72,13340,California
Tuolumne,2021-03-11,1265,21523,31,6010,1230,15464,4,49,1242,7617,23,6971,1248,14588,California
Tuolumne,2021-03-12,294,21817,29,6039,250,15714,15,64,190,7723,102,7073,208,14796,California
Tuolumne,2021-03-13,96,21913,11,6050,85,15799,0,64,80,7788,16,7089,81,14877,California
Tuolumne,2021-03-14,140,22053,8,6058,123,15922,9,73,8,7678,132,7221,22,14899,California
Tuolumne,2021-03-15,306,22359,79,6137,225,16147,2,75,113,7607,193,7414,122,15021,California
Tuolumne,2021-03-16,810,23169,40,6177,759,16906,11,86,675,8158,136,7550,687,15708,California
Tuolumne,2021-03-17,157,23326,30,6207,112,17018,15,101,82,8180,74,7624,96,15804,California
Tuolumne,2021-03-18,961,24287,23,6230,922,17940,16,117,328,7892,633,8257,345,16149,California
Tuolumne,2021-03-19,140,24427,13,6243,94,18034,33,150,78,7942,60,8317,110,16259,California
Tuolumne,2021-03-20,87,24514,6,6249,72,18106,9,159,36,7936,50,8367,44,16303,California
Tuolumne,2021-03-21,834,25348,389,6638,436,18542,9,168,42,7197,790,9157,51,16354,California
Tuolumne,2021-03-22,172,25520,71,6709,82,18624,19,187,106,7256,66,9223,125,16479,California
Tuolumne,2021-03-23,722,26242,636,7345,72,18696,14,201,685,7917,37,9260,698,17177,California
Tuolumne,2021-03-24,117,26359,17,7362,82,18778,18,219,86,7991,30,9290,104,17281,California
Tuolumne,2021-03-25,1291,27650,17,7379,1271,20049,3,222,321,7346,969,10259,324,17605,California
Tuolumne,2021-03-26,285,27935,11,7390,251,20300,23,245,131,7365,135,10394,154,17759,California
Tuolumne,2021-03-27,578,28513,52,7442,526,20826,0,245,317,7422,261,10655,318,18077,California
Tuolumne,2021-03-28,50,28563,7,7449,43,20869,0,245,10,7396,38,10693,12,18089,California
Tuolumne,2021-03-29,219,28782,70,7519,149,21018,0,245,120,7435,81,10774,120,18209,California
Tuolumne,2021-03-30,168,28950,12,7531,155,21173,1,246,125,7519,42,10816,126,18335,California
Tuolumne,2021-03-31,96,29046,13,7544,81,21254,2,248,40,7508,55,10871,44,18379,California
Tuolumne,2021-04-01,1248,30294,22,7566,1226,22480,0,248,233,6728,1014,11885,234,18613,California
Tuolumne,2021-04-02,174,30468,10,7576,139,22619,25,273,104,6787,70,11955,129,18742,California
Tuolumne,2021-04-03,414,30882,32,7608,382,23001,0,273,231,6837,183,12138,233,18975,California
Tuolumne,2021-04-04,31,30913,0,7608,31,23032,0,273,21,6849,9,12147,21,18996,California
Tuolumne,2021-04-05,144,31057,18,7626,120,23152,6,279,62,6835,82,12229,68,19064,California
Tuolumne,2021-04-06,638,31695,488,8114,125,23277,25,304,504,7231,134,12363,530,19594,California
Tuolumne,2021-04-07,129,31824,35,8149,77,23354,17,321,47,7213,82,12445,64,19658,California
Tuolumne,2021-04-08,1040,32864,22,8171,1004,24358,14,335,172,6533,866,13311,186,19844,California
Tuolumne,2021-04-09,243,33107,29,8200,172,24530,42,377,119,6573,122,13433,162,20006,California
Tuolumne,2021-04-10,47,33154,2,8202,21,24551,24,401,14,6579,32,13465,38,20044,California
Tuolumne,2021-04-11,13,33167,3,8205,8,24559,2,403,7,6582,6,13471,9,20053,California
Ventura,2020-12-15,5,5,5,5,0,0,0,0,5,5,0,0,5,5,California
Ventura,2020-12-16,72,77,72,77,0,0,0,0,72,77,0,0,72,77,California
Ventura,2020-12-17,249,326,249,326,0,0,0,0,249,326,0,0,249,326,California
Ventura,2020-12-18,1409,1735,1409,1735,0,0,0,0,1409,1735,0,0,1409,1735,California
Ventura,2020-12-19,911,2646,911,2646,0,0,0,0,911,2646,0,0,911,2646,California
Ventura,2020-12-20,430,3076,430,3076,0,0,0,0,430,3076,0,0,430,3076,California
Ventura,2020-12-21,1469,4545,1469,4545,0,0,0,0,1469,4545,0,0,1469,4545,California
Ventura,2020-12-22,1105,5650,1100,5645,5,5,0,0,1105,5650,0,0,1105,5650,California
Ventura,2020-12-23,1026,6676,979,6624,47,52,0,0,1026,6676,0,0,1026,6676,California
Ventura,2020-12-24,477,7153,379,7003,98,150,0,0,477,7153,0,0,477,7153,California
Ventura,2020-12-25,11,7164,7,7010,4,154,0,0,11,7164,0,0,11,7164,California
Ventura,2020-12-26,110,7274,89,7099,21,175,0,0,110,7274,0,0,110,7274,California
Ventura,2020-12-27,58,7332,27,7126,31,206,0,0,58,7332,0,0,58,7332,California
Ventura,2020-12-28,1066,8398,928,8054,138,344,0,0,1066,8398,0,0,1066,8398,California
Ventura,2020-12-29,1167,9565,761,8815,406,750,0,0,1167,9565,0,0,1167,9565,California
Ventura,2020-12-30,1984,11549,1517,10332,467,1217,0,0,1984,11549,0,0,1984,11549,California
Ventura,2020-12-31,477,12026,162,10494,315,1532,0,0,477,12026,0,0,477,12026,California
Ventura,2021-01-01,18,12044,4,10498,14,1546,0,0,18,12044,0,0,18,12044,California
Ventura,2021-01-02,170,12214,78,10576,92,1638,0,0,170,12214,0,0,170,12214,California
Ventura,2021-01-03,15,12229,8,10584,7,1645,0,0,15,12229,0,0,15,12229,California
Ventura,2021-01-04,1077,13306,547,11131,530,2175,0,0,1076,13305,0,0,1076,13305,California
Ventura,2021-01-05,1372,14678,777,11908,595,2770,0,0,1332,14597,40,40,1332,14637,California
Ventura,2021-01-06,2054,16732,1178,13086,876,3646,0,0,1623,15800,422,462,1625,16262,California
Ventura,2021-01-07,2070,18802,1329,14415,741,4387,0,0,1185,16102,883,1345,1185,17447,California
Ventura,2021-01-08,2198,21000,1475,15890,723,5110,0,0,906,15719,1290,2635,907,18354,California
Ventura,2021-01-09,722,21722,501,16391,221,5331,0,0,319,15635,403,3038,319,18673,California
Ventura,2021-01-10,336,22058,324,16715,12,5343,0,0,122,15543,214,3252,122,18795,California
Ventura,2021-01-11,2447,24505,1490,18205,957,6300,0,0,1494,16086,953,4205,1496,20291,California
Ventura,2021-01-12,3032,27537,1602,19807,1430,7730,0,0,2010,17074,1022,5227,2010,22301,California
Ventura,2021-01-13,2926,30463,1421,21228,1505,9235,0,0,2043,18237,881,6108,2044,24345,California
Ventura,2021-01-14,2725,33188,1057,22285,1668,10903,0,0,2280,20074,444,6552,2281,26626,California
Ventura,2021-01-15,2870,36058,963,23248,1907,12810,0,0,2658,22521,212,6764,2659,29285,California
Ventura,2021-01-16,484,36542,186,23434,298,13108,0,0,403,22843,81,6845,403,29688,California
Ventura,2021-01-17,260,36802,137,23571,123,13231,0,0,254,23091,6,6851,254,29942,California
Ventura,2021-01-18,2218,39020,1672,25243,546,13777,0,0,1668,24211,549,7400,1669,31611,California
Ventura,2021-01-19,3030,42050,2114,27357,916,14693,0,0,2138,25459,892,8292,2140,33751,California
Ventura,2021-01-20,4053,46103,3103,30460,950,15643,0,0,3018,27446,1032,9324,3019,36770,California
Ventura,2021-01-21,3827,49930,2664,33124,1163,16806,0,0,3159,29941,665,9989,3160,39930,California
Ventura,2021-01-22,3600,53530,2481,35605,1119,17925,0,0,3439,33219,161,10150,3439,43369,California
Ventura,2021-01-23,1183,54713,649,36254,534,18459,0,0,1082,34203,100,10250,1084,44453,California
Ventura,2021-01-24,450,55163,135,36389,315,18774,0,0,437,34627,13,10263,437,44890,California
Ventura,2021-01-25,3144,58307,2025,38414,1119,19893,0,0,2595,36674,548,10811,2595,47485,California
Ventura,2021-01-26,3687,61994,2186,40600,1501,21394,0,0,2693,38378,993,11804,2697,50182,California
Ventura,2021-01-27,3439,65433,1546,42146,1893,23287,0,0,2701,40344,735,12539,2701,52883,California
Ventura,2021-01-28,3850,69283,1978,44124,1872,25159,0,0,3237,42986,596,13135,3238,56121,California
Ventura,2021-01-29,4233,73516,2505,46629,1728,26887,0,0,3740,46245,481,13616,3740,59861,California
Ventura,2021-01-30,3028,76544,1958,48587,1070,27957,0,0,2859,48939,166,13782,2860,62721,California
Ventura,2021-01-31,834,77378,448,49035,386,28343,0,0,750,49605,84,13866,750,63471,California
Ventura,2021-02-01,3920,81298,2102,51137,1818,30161,0,0,3157,52002,761,14627,3158,66629,California
Ventura,2021-02-02,4400,85698,2370,53507,2030,32191,0,0,3380,54367,1016,15643,3381,70010,California
Ventura,2021-02-03,4452,90150,2089,55596,2363,34554,0,0,3444,56809,1003,16646,3445,73455,California
Ventura,2021-02-04,4754,94904,2275,57871,2479,37033,0,0,3507,59078,1240,17886,3509,76964,California
Ventura,2021-02-05,4828,99732,2311,60182,2517,39550,0,0,3336,60937,1479,19365,3338,80302,California
Ventura,2021-02-06,2830,102562,1513,61695,1317,40867,0,0,2430,62967,400,19765,2430,82732,California
Ventura,2021-02-07,708,103270,241,61936,467,41334,0,0,583,63426,125,19890,584,83316,California
Ventura,2021-02-08,3498,106768,1623,63559,1875,43209,0,0,2429,64791,1064,20954,2429,85745,California
Ventura,2021-02-09,4711,111479,1968,65527,2743,45952,0,0,2466,65015,2244,23198,2468,88213,California
Ventura,2021-02-10,4700,116179,2230,67757,2470,48422,0,0,2397,65120,2293,25491,2398,90611,California
Ventura,2021-02-11,4648,120827,1855,69612,2793,51215,0,0,2441,65365,2200,27691,2445,93056,California
Ventura,2021-02-12,6284,127111,2647,72259,3637,54852,0,0,3212,65507,3070,30761,3212,96268,California
Ventura,2021-02-13,3290,130401,1826,74085,1464,56316,0,0,1840,65903,1446,32207,1842,98110,California
Ventura,2021-02-14,1225,131626,123,74208,1102,57418,0,0,1010,66699,215,32422,1011,99121,California
Ventura,2021-02-15,3984,135610,1794,76002,2190,59608,0,0,2115,66948,1866,34288,2115,101236,California
Ventura,2021-02-16,5528,141138,2701,78703,2827,62435,0,0,3017,67460,2505,36793,3017,104253,California
Ventura,2021-02-17,5225,146363,1917,80620,3308,65743,0,0,3266,68775,1951,38744,3266,107519,California
Ventura,2021-02-18,5764,152127,1826,82446,3938,69681,0,0,3628,70277,2126,40870,3628,111147,California
Ventura,2021-02-19,6434,158561,3763,86209,2671,72352,0,0,3003,69857,3424,44294,3004,114151,California
Ventura,2021-02-20,4913,163474,3157,89366,1756,74108,0,0,2761,70472,2148,46442,2763,116914,California
Ventura,2021-02-21,1037,164511,751,90117,286,74394,0,0,426,70291,607,47049,426,117340,California
Ventura,2021-02-22,5361,169872,2407,92524,2954,77348,0,0,3449,71837,1903,48952,3449,120789,California
Ventura,2021-02-23,5925,175797,2967,95491,2958,80306,0,0,3424,72777,2486,51438,3426,124215,California
Ventura,2021-02-24,6978,182775,2603,98094,4375,84681,0,0,4239,74292,2725,54163,4240,128455,California
Ventura,2021-02-25,7469,190244,2566,100660,4903,89584,0,0,4575,75986,2882,57045,4576,133031,California
Ventura,2021-02-26,9326,199570,2762,103422,6564,96148,0,0,6166,79017,3138,60183,6169,139200,California
Ventura,2021-02-27,9977,209547,5265,108687,4712,100860,0,0,7367,83795,2595,62778,7373,146573,California
Ventura,2021-02-28,2559,212106,1634,110321,924,101784,1,1,2098,85436,457,63235,2098,148671,California
Ventura,2021-03-01,6917,219023,2799,113120,4118,105902,0,1,4611,87762,2299,65534,4625,153296,California
Ventura,2021-03-02,7359,226382,3924,117044,3434,109336,1,2,5142,90695,2209,67743,5142,158438,California
Ventura,2021-03-03,8452,234834,3881,120925,4571,113907,0,2,6027,94312,2413,70156,6030,164468,California
Ventura,2021-03-04,8031,242865,3867,124792,4164,118071,0,2,5423,97139,2597,72753,5424,169892,California
Ventura,2021-03-05,9959,252824,4794,129586,5155,123226,10,12,7088,101386,2858,75611,7105,176997,California
Ventura,2021-03-06,7210,260034,4393,133979,2663,125889,154,166,5313,104958,1895,77506,5467,182464,California
Ventura,2021-03-07,1650,261684,604,134583,945,126834,101,267,1234,105877,416,77922,1335,183799,California
Ventura,2021-03-08,6723,268407,3414,137997,3157,129991,152,419,4627,108566,2093,80015,4782,188581,California
Ventura,2021-03-09,6500,274907,2809,140806,3495,133486,196,615,3648,109571,2841,82856,3846,192427,California
Ventura,2021-03-10,6747,281654,2963,143769,3546,137032,238,853,4463,111996,2276,85132,4701,197128,California
Ventura,2021-03-11,6235,287889,2874,146643,3153,140185,208,1061,3405,112788,2821,87953,3613,200741,California
Ventura,2021-03-12,8411,296300,3015,149658,4562,144747,834,1895,4061,113351,4334,92287,4897,205638,California
Ventura,2021-03-13,6576,302876,2470,152128,3269,148016,837,2732,3716,115048,2855,95142,4552,210190,California
Ventura,2021-03-14,2111,304987,467,152595,1150,149166,494,3226,720,114874,1390,96532,1216,211406,California
Ventura,2021-03-15,6894,311881,2040,154635,3507,152673,1347,4573,2963,115274,3910,100442,4310,215716,California
Ventura,2021-03-16,7830,319711,2437,157072,4283,156956,1110,5683,3931,116430,3883,104325,5039,220755,California
Ventura,2021-03-17,7319,327030,2736,159808,4238,161194,345,6028,4379,118229,2925,107250,4724,225479,California
Ventura,2021-03-18,7151,334181,3253,163061,3746,164940,152,6180,4654,120547,2486,109736,4804,230283,California
Ventura,2021-03-19,8257,342438,3744,166805,4403,169343,110,6290,4918,122250,3323,113059,5026,235309,California
Ventura,2021-03-20,8097,350535,5224,172029,2853,172196,20,6310,3870,121934,4207,117266,3891,239200,California
Ventura,2021-03-21,2755,353290,1503,173532,883,173079,369,6679,1307,122168,1442,118708,1676,240876,California
Ventura,2021-03-22,7260,360550,3657,177189,3501,176580,102,6781,4793,124609,2454,121162,4895,245771,California
Ventura,2021-03-23,8059,368609,3858,181047,4156,180736,45,6826,4620,125853,3420,124582,4664,250435,California
Ventura,2021-03-24,8769,377378,3386,184433,5309,186045,74,6900,4366,125919,4375,128957,4441,254876,California
Ventura,2021-03-25,8678,386056,3885,188318,4728,190773,65,6965,4402,126126,4260,133217,4467,259343,California
Ventura,2021-03-26,9621,395677,3314,191632,5656,196429,651,7616,3744,124664,5856,139073,4394,263737,California
Ventura,2021-03-27,8077,403754,3896,195528,4142,200571,39,7655,2379,121402,5682,144755,2420,266157,California
Ventura,2021-03-28,2488,406242,1384,196912,1095,201666,9,7664,1361,121646,1126,145881,1370,267527,California
Ventura,2021-03-29,8405,414647,4253,201165,4107,205773,45,7709,4200,121711,4180,150061,4245,271772,California
Ventura,2021-03-30,8849,423496,4379,205544,4347,210120,123,7832,4567,122128,4272,154333,4689,276461,California
Ventura,2021-03-31,10534,434030,4774,210318,5149,215269,611,8443,4586,121395,5930,160263,5197,281658,California
Ventura,2021-04-01,10527,444557,5158,215476,4517,219786,852,9295,5359,122449,5153,165416,6207,287865,California
Ventura,2021-04-02,11173,455730,4557,220033,5431,225217,1185,10480,5274,123038,5875,171291,6464,294329,California
Ventura,2021-04-03,7951,463681,3922,223955,2927,228144,1102,11582,3352,122903,4589,175880,4454,298783,California
Ventura,2021-04-04,1693,465374,947,224902,619,228763,127,11709,1145,123630,545,176425,1272,300055,California
Ventura,2021-04-05,9035,474409,4803,229705,3274,232037,958,12667,4617,124792,4411,180836,5573,305628,California
Ventura,2021-04-06,10679,485088,5503,235208,3797,235834,1379,14046,5524,126557,5138,185974,6903,312531,California
Ventura,2021-04-07,11036,496124,5330,240538,4314,240148,1392,15438,5035,126994,5985,191959,6422,318953,California
Ventura,2021-04-08,10017,506141,5284,245822,3914,244062,819,16257,5077,127957,4927,196886,5890,324843,California
Ventura,2021-04-09,7655,513796,2467,248289,4431,248493,757,17014,2983,127035,4660,201546,3738,328581,California
Ventura,2021-04-10,5846,519642,1822,250111,3247,251740,777,17791,1478,124930,4358,205904,2253,330834,California
Ventura,2021-04-11,253,519895,25,250136,199,251939,29,17820,64,124834,189,206093,93,330927,California
Yolo,2020-12-15,39,39,39,39,0,0,0,0,39,39,0,0,39,39,California
Yolo,2020-12-16,78,117,78,117,0,0,0,0,78,117,0,0,78,117,California
Yolo,2020-12-17,101,218,101,218,0,0,0,0,101,218,0,0,101,218,California
Yolo,2020-12-18,209,427,209,427,0,0,0,0,209,427,0,0,209,427,California
Yolo,2020-12-19,86,513,86,513,0,0,0,0,86,513,0,0,86,513,California
Yolo,2020-12-20,100,613,100,613,0,0,0,0,100,613,0,0,100,613,California
Yolo,2020-12-21,253,866,253,866,0,0,0,0,253,866,0,0,253,866,California
Yolo,2020-12-22,382,1248,381,1247,1,1,0,0,382,1248,0,0,382,1248,California
Yolo,2020-12-23,431,1679,412,1659,19,20,0,0,431,1679,0,0,431,1679,California
Yolo,2020-12-24,151,1830,94,1753,57,77,0,0,151,1830,0,0,151,1830,California
Yolo,2020-12-25,1,1831,1,1754,0,77,0,0,1,1831,0,0,1,1831,California
Yolo,2020-12-26,75,1906,25,1779,50,127,0,0,75,1906,0,0,75,1906,California
Yolo,2020-12-27,46,1952,19,1798,27,154,0,0,46,1952,0,0,46,1952,California
Yolo,2020-12-28,346,2298,178,1976,168,322,0,0,346,2298,0,0,346,2298,California
Yolo,2020-12-29,483,2781,268,2244,215,537,0,0,483,2781,0,0,483,2781,California
Yolo,2020-12-30,621,3402,254,2498,367,904,0,0,621,3402,0,0,621,3402,California
Yolo,2020-12-31,183,3585,94,2592,89,993,0,0,183,3585,0,0,183,3585,California
Yolo,2021-01-01,56,3641,55,2647,1,994,0,0,56,3641,0,0,56,3641,California
Yolo,2021-01-02,68,3709,25,2672,43,1037,0,0,68,3709,0,0,68,3709,California
Yolo,2021-01-03,43,3752,19,2691,24,1061,0,0,43,3752,0,0,43,3752,California
Yolo,2021-01-04,193,3945,43,2734,150,1211,0,0,193,3945,0,0,193,3945,California
Yolo,2021-01-05,610,4555,236,2970,374,1585,0,0,549,4433,61,61,549,4494,California
Yolo,2021-01-06,480,5035,183,3153,297,1882,0,0,349,4651,131,192,349,4843,California
Yolo,2021-01-07,710,5745,234,3387,476,2358,0,0,521,4984,188,380,521,5364,California
Yolo,2021-01-08,628,6373,308,3695,320,2678,0,0,413,5183,214,594,413,5777,California
Yolo,2021-01-09,409,6782,67,3762,342,3020,0,0,364,5502,45,639,364,6141,California
Yolo,2021-01-10,392,7174,80,3842,312,3332,0,0,322,5754,70,709,322,6463,California
Yolo,2021-01-11,559,7733,323,4165,236,3568,0,0,291,5777,268,977,291,6754,California
Yolo,2021-01-12,480,8213,362,4527,118,3686,0,0,173,5644,307,1284,174,6928,California
Yolo,2021-01-13,763,8976,309,4836,454,4140,0,0,514,5909,249,1533,514,7442,California
Yolo,2021-01-14,374,9350,181,5017,193,4333,0,0,270,6075,104,1637,270,7712,California
Yolo,2021-01-15,622,9972,321,5338,301,4634,0,0,544,6541,78,1715,544,8256,California
Yolo,2021-01-16,739,10711,95,5433,644,5278,0,0,708,7218,31,1746,708,8964,California
Yolo,2021-01-17,185,10896,117,5550,68,5346,0,0,178,7389,7,1753,178,9142,California
Yolo,2021-01-18,477,11373,303,5853,174,5520,0,0,379,7670,98,1851,379,9521,California
Yolo,2021-01-19,539,11912,370,6223,169,5689,0,0,365,7861,174,2025,365,9886,California
Yolo,2021-01-20,656,12568,379,6602,277,5966,0,0,472,8150,183,2208,472,10358,California
Yolo,2021-01-21,642,13210,380,6982,262,6228,0,0,455,8418,187,2395,455,10813,California
Yolo,2021-01-22,746,13956,250,7232,496,6724,0,0,628,8930,116,2511,628,11441,California
Yolo,2021-01-23,613,14569,124,7356,489,7213,0,0,566,9449,47,2558,566,12007,California
Yolo,2021-01-24,207,14776,124,7480,83,7296,0,0,166,9574,41,2599,166,12173,California
Yolo,2021-01-25,728,15504,152,7632,576,7872,0,0,514,9874,214,2813,514,12687,California
Yolo,2021-01-26,811,16315,326,7958,485,8357,0,0,426,9915,385,3198,426,13113,California
Yolo,2021-01-27,553,16868,222,8180,331,8688,0,0,380,10122,173,3371,380,13493,California
Yolo,2021-01-28,1046,17914,565,8745,481,9169,0,0,923,10923,122,3493,923,14416,California
Yolo,2021-01-29,863,18777,260,9005,603,9772,0,0,782,11625,80,3573,782,15198,California
Yolo,2021-01-30,1515,20292,917,9922,598,10370,0,0,1408,12932,101,3674,1408,16606,California
Yolo,2021-01-31,248,20540,210,10132,38,10408,0,0,213,13111,34,3708,213,16819,California
Yolo,2021-02-01,838,21378,358,10490,480,10888,0,0,610,13496,225,3933,610,17429,California
Yolo,2021-02-02,1318,22696,745,11235,573,11461,0,0,928,14035,390,4323,929,18358,California
Yolo,2021-02-03,1513,24209,395,11630,1118,12579,0,0,1185,14895,325,4648,1185,19543,California
Yolo,2021-02-04,1790,25999,280,11910,1510,14089,0,0,1241,15599,538,5186,1242,20785,California
Yolo,2021-02-05,1590,27589,896,12806,694,14783,0,0,1192,16394,398,5584,1193,21978,California
Yolo,2021-02-06,1915,29504,1245,14051,670,15453,0,0,1554,17588,361,5945,1555,23533,California
Yolo,2021-02-07,516,30020,248,14299,268,15721,0,0,169,17411,346,6291,169,23702,California
Yolo,2021-02-08,954,30974,331,14630,623,16344,0,0,611,17682,340,6631,611,24313,California
Yolo,2021-02-09,852,31826,382,15012,470,16814,0,0,572,17974,280,6911,572,24885,California
Yolo,2021-02-10,1448,33274,472,15484,976,17790,0,0,815,18158,632,7543,816,25701,California
Yolo,2021-02-11,1537,34811,775,16259,762,18552,0,0,1162,18945,375,7918,1162,26863,California
Yolo,2021-02-12,1898,36709,747,17006,1151,19703,0,0,1435,19920,460,8378,1435,28298,California
Yolo,2021-02-13,2051,38760,710,17716,1341,21044,0,0,1387,20643,664,9042,1387,29685,California
Yolo,2021-02-14,569,39329,152,17868,417,21461,0,0,445,20965,123,9165,445,30130,California
Yolo,2021-02-15,524,39853,187,18055,337,21798,0,0,262,20966,262,9427,263,30393,California
Yolo,2021-02-16,1114,40967,426,18481,688,22486,0,0,809,21470,305,9732,809,31202,California
Yolo,2021-02-17,1378,42345,696,19177,682,23168,0,0,987,22066,391,10123,987,32189,California
Yolo,2021-02-18,2436,44781,757,19934,1679,24847,0,0,1675,22980,761,10884,1675,33864,California
Yolo,2021-02-19,1735,46516,743,20677,992,25839,0,0,1121,23489,612,11496,1121,34985,California
Yolo,2021-02-20,2429,48945,939,21616,1490,27329,0,0,1358,23781,1066,12562,1358,36343,California
Yolo,2021-02-21,280,49225,225,21841,55,27384,0,0,73,23648,206,12768,73,36416,California
Yolo,2021-02-22,1362,50587,600,22441,762,28146,0,0,693,23674,668,13436,694,37110,California
Yolo,2021-02-23,1118,51705,838,23279,280,28426,0,0,438,23434,678,14114,438,37548,California
Yolo,2021-02-24,2095,53800,592,23871,1503,29929,0,0,1388,24117,705,14819,1388,38936,California
Yolo,2021-02-25,1339,55139,441,24312,898,30827,0,0,875,24529,463,15282,875,39811,California
Yolo,2021-02-26,2550,57689,977,25289,1573,32400,0,0,1356,24694,1191,16473,1356,41167,California
Yolo,2021-02-27,1644,59333,765,26054,879,33279,0,0,1195,25440,449,16922,1195,42362,California
Yolo,2021-02-28,1776,61109,1491,27545,285,33564,0,0,685,25036,1089,18011,685,43047,California
Yolo,2021-03-01,1076,62185,352,27897,724,34288,0,0,650,25262,424,18435,650,43697,California
Yolo,2021-03-02,1426,63611,679,28576,747,35035,0,0,905,25646,521,18956,905,44602,California
Yolo,2021-03-03,1799,65410,598,29174,1201,36236,0,0,796,25441,1001,19957,796,45398,California
Yolo,2021-03-04,2842,68252,1398,30572,1444,37680,0,0,1536,25673,1304,21261,1536,46934,California
Yolo,2021-03-05,2321,70573,1378,31950,932,38612,11,11,1456,26276,864,22125,1467,48401,California
Yolo,2021-03-06,1459,72032,1120,33070,310,38922,29,40,830,26508,627,22752,859,49260,California
Yolo,2021-03-07,901,72933,670,33740,217,39139,14,54,768,27157,133,22885,782,50042,California
Yolo,2021-03-08,1078,74011,477,34217,559,39698,42,96,747,27616,330,23215,789,50831,California
Yolo,2021-03-09,1239,75250,667,34884,512,40210,60,156,754,27947,483,23698,814,51645,California
Yolo,2021-03-10,1775,77025,1037,35921,448,40658,290,446,741,27940,1033,24731,1026,52671,California
Yolo,2021-03-11,2267,79292,1535,37456,669,41327,63,509,1564,28866,702,25433,1628,54299,California
Yolo,2021-03-12,2877,82169,1340,38796,1460,42787,77,586,1371,28813,1500,26933,1447,55746,California
Yolo,2021-03-13,1832,84001,730,39526,926,43713,176,762,1006,29172,823,27756,1182,56928,California
Yolo,2021-03-14,1005,85006,208,39734,648,44361,149,911,519,29355,485,28241,668,57596,California
Yolo,2021-03-15,1317,86323,772,40506,370,44731,175,1086,702,29619,613,28854,877,58473,California
Yolo,2021-03-16,1864,88187,718,41224,1073,45804,73,1159,1101,30030,763,29617,1174,59647,California
Yolo,2021-03-17,2469,90656,962,42186,1435,47239,72,1231,1723,31082,743,30360,1795,61442,California
Yolo,2021-03-18,2874,93530,886,43072,1764,49003,224,1455,1163,30759,1710,32070,1387,62829,California
Yolo,2021-03-19,2018,95548,802,43874,1148,50151,68,1523,1062,30939,950,33020,1130,63959,California
Yolo,2021-03-20,2745,98293,814,44688,1890,52041,41,1564,1118,30479,1621,34641,1161,65120,California
Yolo,2021-03-21,316,98609,218,44906,90,52131,8,1572,227,30626,88,34729,235,65355,California
Yolo,2021-03-22,1379,99988,479,45385,848,52979,52,1624,906,31112,471,35200,957,66312,California
Yolo,2021-03-23,1722,101710,927,46312,739,53718,56,1680,1063,31572,659,35859,1119,67431,California
Yolo,2021-03-24,2836,104546,1403,47715,1384,55102,49,1729,1425,31645,1401,37260,1474,68905,California
Yolo,2021-03-25,2392,106938,1272,48987,1093,56195,27,1756,1146,31581,1237,38497,1173,70078,California
Yolo,2021-03-26,2355,109293,1225,50212,1111,57306,19,1775,1011,31274,1336,39833,1029,71107,California
Yolo,2021-03-27,1620,110913,450,50662,1154,58460,16,1791,753,31177,866,40699,769,71876,California
Yolo,2021-03-28,1097,112010,858,51520,221,58681,18,1809,269,30640,824,41523,287,72163,California
Yolo,2021-03-29,1977,113987,810,52330,1153,59834,14,1823,984,30649,989,42512,998,73161,California
Yolo,2021-03-30,2268,116255,1067,53397,1176,61010,25,1848,1199,30809,1064,43576,1224,74385,California
Yolo,2021-03-31,2324,118579,1203,54600,1086,62096,35,1883,1217,30955,1106,44682,1252,75637,California
Yolo,2021-04-01,3736,122315,1760,56360,1504,63600,472,2355,1571,30836,2162,46844,2043,77680,California
Yolo,2021-04-02,3090,125405,1476,57836,1553,65153,61,2416,2036,31885,1048,47892,2097,79777,California
Yolo,2021-04-03,1773,127178,1069,58905,490,65643,214,2630,789,31905,983,48875,1003,80780,California
Yolo,2021-04-04,378,127556,146,59051,170,65813,62,2692,139,31867,239,49114,201,80981,California
Yolo,2021-04-05,1887,129443,715,59766,1076,66889,96,2788,1014,32108,869,49983,1110,82091,California
Yolo,2021-04-06,2509,131952,1290,61056,1055,67944,164,2952,1279,32331,1221,51204,1444,83535,California
Yolo,2021-04-07,2669,134621,1391,62447,1040,68984,238,3190,1763,33432,899,52103,2000,85535,California
Yolo,2021-04-08,2251,136872,968,63415,859,69843,424,3614,942,33491,1306,53409,1365,86900,California
Yolo,2021-04-09,1930,138802,733,64148,917,70760,280,3894,678,33198,1250,54659,957,87857,California
Yolo,2021-04-10,959,139761,246,64394,575,71335,138,4032,409,33197,547,55206,546,88403,California
Yolo,2021-04-11,629,140390,138,64532,479,71814,12,4044,240,33065,384,55590,252,88655,California
Yuba,2020-12-16,4,4,4,4,0,0,0,0,4,4,0,0,4,4,California
Yuba,2020-12-17,4,8,4,8,0,0,0,0,4,8,0,0,4,8,California
Yuba,2020-12-18,8,16,8,16,0,0,0,0,8,16,0,0,8,16,California
Yuba,2020-12-19,12,28,12,28,0,0,0,0,12,28,0,0,12,28,California
Yuba,2020-12-20,20,48,20,48,0,0,0,0,20,48,0,0,20,48,California
Yuba,2020-12-21,40,88,40,88,0,0,0,0,40,88,0,0,40,88,California
Yuba,2020-12-22,86,174,86,174,0,0,0,0,86,174,0,0,86,174,California
Yuba,2020-12-23,63,237,61,235,2,2,0,0,63,237,0,0,63,237,California
Yuba,2020-12-24,20,257,10,245,10,12,0,0,20,257,0,0,20,257,California
Yuba,2020-12-26,15,272,13,258,2,14,0,0,15,272,0,0,15,272,California
Yuba,2020-12-27,15,287,15,273,0,14,0,0,15,287,0,0,15,287,California
Yuba,2020-12-28,51,338,35,308,16,30,0,0,51,338,0,0,51,338,California
Yuba,2020-12-29,77,415,10,318,67,97,0,0,77,415,0,0,77,415,California
Yuba,2020-12-30,64,479,21,339,43,140,0,0,64,479,0,0,64,479,California
Yuba,2020-12-31,36,515,6,345,30,170,0,0,36,515,0,0,36,515,California
Yuba,2021-01-02,23,538,22,367,1,171,0,0,23,538,0,0,23,538,California
Yuba,2021-01-03,10,548,6,373,4,175,0,0,10,548,0,0,10,548,California
Yuba,2021-01-04,90,638,21,394,69,244,0,0,90,638,0,0,90,638,California
Yuba,2021-01-05,68,706,36,430,32,276,0,0,67,704,1,1,67,705,California
Yuba,2021-01-06,152,858,75,505,77,353,0,0,146,844,6,7,146,851,California
Yuba,2021-01-07,74,932,19,524,55,408,0,0,71,911,4,11,71,922,California
Yuba,2021-01-08,73,1005,25,549,48,456,0,0,66,970,7,18,66,988,California
Yuba,2021-01-09,19,1024,16,565,3,459,0,0,11,973,8,26,11,999,California
Yuba,2021-01-10,117,1141,22,587,95,554,0,0,95,1046,22,48,95,1094,California
Yuba,2021-01-11,73,1214,50,637,23,577,0,0,33,1039,40,88,33,1127,California
Yuba,2021-01-12,109,1323,79,716,30,607,0,0,44,1018,65,153,44,1171,California
Yuba,2021-01-13,118,1441,71,787,47,654,0,0,54,1009,63,216,54,1225,California
Yuba,2021-01-14,109,1550,43,830,66,720,0,0,97,1094,12,228,97,1322,California
Yuba,2021-01-15,206,1756,88,918,118,838,0,0,195,1278,11,239,195,1517,California
Yuba,2021-01-16,185,1941,21,939,164,1002,0,0,173,1438,13,252,173,1690,California
Yuba,2021-01-17,13,1954,9,948,4,1006,0,0,7,1439,6,258,7,1697,California
Yuba,2021-01-18,60,2014,32,980,28,1034,0,0,35,1449,25,283,35,1732,California
Yuba,2021-01-19,80,2094,29,1009,51,1085,0,0,65,1499,15,298,65,1797,California
Yuba,2021-01-20,132,2226,87,1096,45,1130,0,0,109,1585,23,321,109,1906,California
Yuba,2021-01-21,212,2438,96,1192,116,1246,0,0,203,1779,9,330,203,2109,California
Yuba,2021-01-22,103,2541,6,1198,97,1343,0,0,94,1864,9,339,94,2203,California
Yuba,2021-01-23,199,2740,7,1205,192,1535,0,0,196,2057,3,342,196,2399,California
Yuba,2021-01-24,9,2749,6,1211,3,1538,0,0,7,2062,2,344,7,2406,California
Yuba,2021-01-25,83,2832,27,1238,56,1594,0,0,52,2084,30,374,52,2458,California
Yuba,2021-01-26,149,2981,39,1277,110,1704,0,0,93,2121,56,430,93,2551,California
Yuba,2021-01-27,182,3163,128,1405,54,1758,0,0,115,2169,67,497,115,2666,California
Yuba,2021-01-28,215,3378,79,1484,136,1894,0,0,174,2302,41,538,174,2840,California
Yuba,2021-01-29,158,3536,55,1539,103,1997,0,0,111,2366,47,585,111,2951,California
Yuba,2021-01-30,409,3945,23,1562,386,2383,0,0,398,2753,11,596,398,3349,California
Yuba,2021-01-31,17,3962,12,1574,5,2388,0,0,15,2766,2,598,15,3364,California
Yuba,2021-02-01,152,4114,73,1647,79,2467,0,0,129,2874,22,620,130,3494,California
Yuba,2021-02-02,123,4237,23,1670,100,2567,0,0,101,2953,22,642,101,3595,California
Yuba,2021-02-03,226,4463,29,1699,197,2764,0,0,114,2956,111,753,114,3709,California
Yuba,2021-02-04,295,4758,121,1820,174,2938,0,0,253,3167,42,795,253,3962,California
Yuba,2021-02-05,147,4905,32,1852,115,3053,0,0,71,3162,76,871,71,4033,California
Yuba,2021-02-06,447,5352,26,1878,421,3474,0,0,439,3593,8,879,439,4472,California
Yuba,2021-02-07,18,5370,11,1889,7,3481,0,0,15,3605,3,882,15,4487,California
Yuba,2021-02-08,96,5466,35,1924,61,3542,0,0,66,3641,30,912,66,4553,California
Yuba,2021-02-09,153,5619,55,1979,98,3640,0,0,84,3656,69,981,84,4637,California
Yuba,2021-02-10,347,5966,172,2151,175,3815,0,0,113,3536,233,1214,113,4750,California
Yuba,2021-02-11,397,6363,63,2214,334,4149,0,0,301,3743,94,1308,301,5051,California
Yuba,2021-02-12,265,6628,27,2241,238,4387,0,0,152,3782,113,1421,152,5203,California
Yuba,2021-02-13,436,7064,35,2276,401,4788,0,0,388,4122,48,1469,388,5591,California
Yuba,2021-02-14,53,7117,10,2286,43,4831,0,0,49,4167,4,1473,49,5640,California
Yuba,2021-02-15,87,7204,36,2322,51,4882,0,0,68,4216,19,1492,68,5708,California
Yuba,2021-02-16,199,7403,53,2375,146,5028,0,0,141,4300,57,1549,141,5849,California
Yuba,2021-02-17,369,7772,155,2530,214,5242,0,0,98,4127,271,1820,98,5947,California
Yuba,2021-02-18,305,8077,33,2563,272,5514,0,0,181,4184,124,1944,181,6128,California
Yuba,2021-02-19,224,8301,84,2647,140,5654,0,0,141,4242,83,2027,141,6269,California
Yuba,2021-02-20,387,8688,29,2676,358,6012,0,0,334,4523,53,2080,334,6603,California
Yuba,2021-02-21,16,8704,14,2690,2,6014,0,0,6,4519,10,2090,6,6609,California
Yuba,2021-02-22,128,8832,79,2769,49,6063,0,0,39,4470,88,2178,39,6648,California
Yuba,2021-02-23,114,8946,25,2794,89,6152,0,0,46,4449,67,2245,46,6694,California
Yuba,2021-02-24,477,9423,136,2930,341,6493,0,0,105,4182,372,2617,105,6799,California
Yuba,2021-02-25,331,9754,132,3062,199,6692,0,0,203,4257,128,2745,203,7002,California
Yuba,2021-02-26,253,10007,67,3129,186,6878,0,0,140,4286,111,2856,140,7142,California
Yuba,2021-02-27,472,10479,47,3176,425,7303,0,0,384,4583,87,2943,384,7526,California
Yuba,2021-02-28,65,10544,21,3197,44,7347,0,0,44,4606,21,2964,44,7570,California
Yuba,2021-03-01,151,10695,38,3235,113,7460,0,0,75,4606,75,3039,75,7645,California
Yuba,2021-03-02,151,10846,35,3270,116,7576,0,0,75,4605,76,3115,75,7720,California
Yuba,2021-03-03,613,11459,156,3426,457,8033,0,0,192,4377,420,3535,192,7912,California
Yuba,2021-03-04,463,11922,269,3695,194,8227,0,0,323,4561,139,3674,323,8235,California
Yuba,2021-03-05,313,12235,58,3753,254,8481,1,1,248,4745,65,3739,249,8484,California
Yuba,2021-03-06,480,12715,34,3787,442,8923,4,5,374,5017,106,3845,378,8862,California
Yuba,2021-03-07,51,12766,27,3814,23,8946,1,6,34,5035,17,3862,35,8897,California
Yuba,2021-03-08,158,12924,49,3863,93,9039,16,22,99,5091,59,3921,115,9012,California
Yuba,2021-03-09,177,13101,47,3910,111,9150,19,41,85,5103,92,4013,104,9116,California
Yuba,2021-03-10,733,13834,231,4141,472,9622,30,71,229,4859,503,4516,259,9375,California
Yuba,2021-03-11,428,14262,184,4325,232,9854,12,83,295,5033,133,4649,307,9682,California
Yuba,2021-03-12,455,14717,85,4410,317,10171,53,136,148,4927,307,4956,201,9883,California
Yuba,2021-03-13,450,15167,332,4742,103,10274,15,151,361,5215,88,5044,376,10259,California
Yuba,2021-03-14,109,15276,21,4763,78,10352,10,161,48,5213,60,5104,58,10317,California
Yuba,2021-03-15,194,15470,49,4812,128,10480,17,178,99,5234,95,5199,116,10433,California
Yuba,2021-03-16,287,15757,71,4883,191,10671,25,203,173,5319,113,5312,198,10631,California
Yuba,2021-03-17,724,16481,159,5042,536,11207,29,232,184,4994,538,5850,213,10844,California
Yuba,2021-03-18,560,17041,147,5189,300,11507,113,345,337,5221,223,6073,450,11294,California
Yuba,2021-03-19,321,17362,117,5306,155,11662,49,394,183,5316,137,6210,232,11526,California
Yuba,2021-03-20,555,17917,80,5386,457,12119,18,412,474,5728,80,6290,492,12018,California
Yuba,2021-03-21,59,17976,36,5422,23,12142,0,412,47,5763,12,6302,47,12065,California
Yuba,2021-03-22,189,18165,70,5492,112,12254,7,419,147,5875,42,6344,154,12219,California
Yuba,2021-03-23,241,18406,79,5571,135,12389,27,446,162,5986,78,6422,189,12408,California
Yuba,2021-03-24,747,19153,239,5810,427,12816,81,527,185,5692,560,6982,266,12674,California
Yuba,2021-03-25,483,19636,263,6073,198,13014,22,549,239,5709,244,7226,261,12935,California
Yuba,2021-03-26,382,20018,142,6215,214,13228,26,575,221,5796,160,7386,247,13182,California
Yuba,2021-03-27,458,20476,27,6242,429,13657,2,577,406,6152,52,7438,408,13590,California
Yuba,2021-03-28,98,20574,40,6282,54,13711,4,581,37,6132,61,7499,41,13631,California
Yuba,2021-03-29,290,20864,84,6366,175,13886,31,612,178,6229,112,7611,209,13840,California
Yuba,2021-03-30,270,21134,67,6433,195,14081,8,620,191,6349,79,7690,199,14039,California
Yuba,2021-03-31,668,21802,112,6545,544,14625,12,632,248,6190,419,8109,260,14299,California
Yuba,2021-04-01,606,22408,281,6826,296,14921,29,661,276,6165,330,8439,305,14604,California
Yuba,2021-04-02,474,22882,88,6914,305,15226,81,742,179,6131,294,8733,260,14864,California
Yuba,2021-04-03,651,23533,55,6969,115,15341,481,1223,86,6134,564,9297,567,15431,California
Yuba,2021-04-04,56,23589,10,6979,40,15381,6,1229,31,6146,25,9322,37,15468,California
Yuba,2021-04-05,238,23827,75,7054,143,15524,20,1249,117,6163,119,9441,136,15604,California
Yuba,2021-04-06,319,24146,111,7165,155,15679,53,1302,153,6204,165,9606,206,15810,California
Yuba,2021-04-07,744,24890,385,7550,305,15984,54,1356,325,6165,417,10023,378,16188,California
Yuba,2021-04-08,692,25582,286,7836,156,16140,250,1606,247,6218,444,10467,497,16685,California
Yuba,2021-04-09,333,25915,150,7986,137,16277,46,1652,148,6227,185,10652,194,16879,California
Yuba,2021-04-10,548,26463,55,8041,55,16332,438,2090,46,6211,500,11152,484,17363,California
Yuba,2021-04-11,64,26527,14,8055,46,16378,4,2094,21,6193,43,11195,25,17388,California
