county,administered_date,total_doses,cumulative_total_doses,pfizer_doses,cumulative_pfizer_doses,moderna_doses,cumulative_moderna_doses,jj_doses,cumulative_jj_doses,partially_vaccinated,total_partially_vaccinated,fully_vaccinated,cumulative_fully_vaccinated,at_least_one_dose,cumulative_at_least_one_dose,california_flag
All CA Counties,2020-12-15,1155,1155,1155,1155,0,0,0,0,1155,1155,0,0,1155,1155,
All CA Counties,2020-12-16,8458,9613,8458,9613,0,0,0,0,8458,9613,0,0,8458,9613,
All CA Counties,2020-12-17,26524,36137,26524,36137,0,0,0,0,26523,36134,2,2,26523,36136,
All CA Counties,2020-12-18,45225,81362,45166,81303,59,59,0,0,45223,81354,3,5,45223,81359,
All CA Counties,2020-12-19,25501,106863,25475,106778,26,85,0,0,25500,106853,1,6,25500,106859,
All CA Counties,2020-12-20,19123,125986,19092,125870,31,116,0,0,19122,125974,1,7,19122,125981,
All CA Counties,2020-12-21,49779,175765,49687,175557,92,208,0,0,49780,175752,3,10,49781,175762,
All CA Counties,2020-12-22,50173,225938,48031,223588,2142,2350,0,0,50165,225911,6,16,50165,225927,
All CA Counties,2020-12-23,50737,276675,41917,265505,8820,11170,0,0,50731,276640,5,21,50734,276661,
All CA Counties,2020-12-24,24110,300785,16355,281860,7755,18925,0,0,24105,300742,5,26,24107,300768,
All CA Counties,2020-12-25,2348,303133,2023,283883,325,19250,0,0,2348,303090,0,26,2348,303116,
All CA Counties,2020-12-26,14637,317770,9474,293357,5163,24413,0,0,14635,317723,2,28,14635,317751,
All CA Counties,2020-12-27,9464,327234,5607,298964,3857,28270,0,0,9461,327181,3,31,9461,327212,
All CA Counties,2020-12-28,46177,373411,29596,328560,16581,44851,0,0,46174,373352,3,34,46174,373386,
All CA Counties,2020-12-29,51349,424760,28620,357180,22729,67580,0,0,51342,424690,4,38,51342,424728,
All CA Counties,2020-12-30,63137,487897,35644,392824,27493,95073,0,0,63125,487809,9,47,63128,487856,
All CA Counties,2020-12-31,29584,517481,10937,403761,18647,113720,0,0,29564,517356,18,65,29565,517421,
All CA Counties,2021-01-01,4623,522104,2098,405859,2525,116245,0,0,4615,521964,7,72,4615,522036,
All CA Counties,2021-01-02,18534,540638,10254,416113,8280,124525,0,0,18529,540491,2,74,18529,540565,
All CA Counties,2021-01-03,6200,546838,3506,419619,2694,127219,0,0,6166,546644,13,87,6166,546731,
All CA Counties,2021-01-04,43640,590478,22011,441630,21629,148848,0,0,43561,590165,40,127,43561,590292,
All CA Counties,2021-01-05,56716,647194,29908,471538,26808,175656,0,0,51055,635718,5600,5727,51153,641445,
All CA Counties,2021-01-06,73614,720808,40614,512152,33000,208656,0,0,57891,678111,15539,21266,57932,699377,
All CA Counties,2021-01-07,92694,813502,52792,564944,39902,248558,0,0,61054,707760,31464,52730,61113,760490,
All CA Counties,2021-01-08,107069,920571,64301,629245,42768,291326,0,0,65268,731440,41659,94389,65339,825829,
All CA Counties,2021-01-09,44514,965085,25598,654843,18916,310242,0,0,27882,742746,16605,110994,27911,853740,
All CA Counties,2021-01-10,24391,989476,14890,669733,9501,319743,0,0,13127,744646,11246,122240,13146,866886,
All CA Counties,2021-01-11,104873,1094349,69776,739509,35097,354840,0,0,60805,761609,44019,166259,60982,927868,
All CA Counties,2021-01-12,114230,1208579,67742,807251,46488,401328,0,0,72702,793135,41423,207682,72949,1000817,
All CA Counties,2021-01-13,119832,1328411,62302,869553,57530,458858,0,0,85802,845088,33942,241624,85895,1086712,
All CA Counties,2021-01-14,124669,1453080,50136,919689,74533,533391,0,0,104873,930458,19691,261315,105061,1191773,
All CA Counties,2021-01-15,142454,1595534,52091,971780,90363,623754,0,0,127172,1042682,15183,276498,127407,1319180,
All CA Counties,2021-01-16,80966,1676500,27410,999190,53556,677310,0,0,73329,1108459,7608,284106,73385,1392565,
All CA Counties,2021-01-17,48319,1724819,16897,1016087,31422,708732,0,0,44633,1149462,3676,287782,44679,1437244,
All CA Counties,2021-01-18,88337,1813156,46089,1062176,42248,750980,0,0,68911,1199200,19353,307135,69091,1506335,
All CA Counties,2021-01-19,142318,1955474,73706,1135882,68612,819592,0,0,111065,1279442,31155,338290,111397,1617732,
All CA Counties,2021-01-20,163628,2119102,84601,1220483,79027,898619,0,0,129338,1375011,34042,372332,129611,1747343,
All CA Counties,2021-01-21,175981,2295083,78803,1299286,97178,995797,0,0,156278,1512198,19470,391802,156657,1904000,
All CA Counties,2021-01-22,170786,2465869,69762,1369048,101024,1096821,0,0,156273,1654263,14367,406169,156432,2060432,
All CA Counties,2021-01-23,111997,2577866,49519,1418567,62478,1159299,0,0,99382,1741213,12551,418720,99501,2159933,
All CA Counties,2021-01-24,61188,2639054,29411,1447978,31777,1191076,0,0,56467,1793062,4683,423403,56532,2216465,
All CA Counties,2021-01-25,145648,2784702,65514,1513492,80134,1271210,0,0,110247,1868439,35253,458656,110630,2327095,
All CA Counties,2021-01-26,169508,2954210,83102,1596594,86406,1357616,0,0,131602,1962561,37760,496416,131882,2458977,
All CA Counties,2021-01-27,183082,3137292,87871,1684465,95211,1452827,0,0,143207,2066459,39530,535946,143428,2602405,
All CA Counties,2021-01-28,188574,3325866,86865,1771330,101709,1554536,0,0,154055,2186548,34210,570156,154299,2756704,
All CA Counties,2021-01-29,184320,3510186,88316,1859646,96004,1650540,0,0,149211,2301465,34478,604634,149395,2906099,
All CA Counties,2021-01-30,124493,3634679,55528,1915174,68965,1719505,0,0,108922,2395159,15378,620012,109072,3015171,
All CA Counties,2021-01-31,69221,3703900,38464,1953638,30757,1750262,0,0,64153,2454371,5000,625012,64212,3079383,
All CA Counties,2021-02-01,162334,3866234,75806,2029444,86528,1836790,0,0,121054,2534494,41064,666076,121187,3200570,
All CA Counties,2021-02-02,186146,4052380,78264,2107708,107882,1944672,0,0,141203,2631286,44640,710716,141432,3342002,
All CA Counties,2021-02-03,212198,4264578,96101,2203809,116097,2060769,0,0,157325,2734537,54336,765052,157587,3499589,
All CA Counties,2021-02-04,229250,4493828,100423,2304232,128827,2189596,0,0,167969,2842181,60693,825745,168337,3667926,
All CA Counties,2021-02-05,247133,4740961,106761,2410993,140372,2329968,0,0,167653,2931763,78626,904371,168208,3836134,
All CA Counties,2021-02-06,155922,4896883,74976,2485969,80946,2410914,0,0,120963,3018486,34738,939109,121461,3957595,
All CA Counties,2021-02-07,66980,4963863,43291,2529260,23689,2434603,0,0,50483,3053008,16412,955521,50934,4008529,
All CA Counties,2021-02-08,181423,5145286,89159,2618419,92264,2526867,0,0,119490,3111804,61451,1016972,120247,4128776,
All CA Counties,2021-02-09,211967,5357253,102304,2720723,109663,2636530,0,0,126702,3154896,84773,1101745,127865,4256641,
All CA Counties,2021-02-10,250083,5607336,120248,2840971,129835,2766365,0,0,137179,3181544,112022,1213767,138670,4395311,
All CA Counties,2021-02-11,266800,5874136,131858,2972829,134942,2901307,0,0,144233,3206259,121342,1335109,146057,4541368,
All CA Counties,2021-02-12,274255,6148391,120128,3092957,154127,3055434,0,0,147444,3230254,125859,1460968,149854,4691222,
All CA Counties,2021-02-13,168651,6317042,77988,3170945,90663,3146097,0,0,92993,3249969,75237,1536205,94952,4786174,
All CA Counties,2021-02-14,96000,6413042,47841,3218786,48159,3194256,0,0,51800,3259312,44006,1580211,53349,4839523,
All CA Counties,2021-02-15,143273,6556315,62808,3281594,80465,3274721,0,0,79076,3277739,63785,1643996,82212,4921735,
All CA Counties,2021-02-16,250394,6806709,118788,3400382,131606,3406327,0,0,133659,3298219,116306,1760302,136786,5058521,
All CA Counties,2021-02-17,260640,7067349,129829,3530211,130811,3537138,0,0,129361,3300164,130660,1890962,132605,5191126,
All CA Counties,2021-02-18,274695,7342044,143152,3673363,131543,3668681,0,0,132483,3295529,141375,2032337,136740,5327866,
All CA Counties,2021-02-19,255291,7597335,147998,3821361,107293,3775974,0,0,131181,3305378,123438,2155775,133287,5461153,
All CA Counties,2021-02-20,155390,7752725,99399,3920760,55991,3831965,0,0,85081,3322577,69924,2225699,87123,5548276,
All CA Counties,2021-02-21,83817,7836542,69076,3989836,14741,3846706,0,0,42295,3325214,41227,2266926,43864,5592140,
All CA Counties,2021-02-22,166283,8002825,111344,4101180,54939,3901645,0,0,83143,3327325,82767,2349693,84878,5677018,
All CA Counties,2021-02-23,228119,8230944,120694,4221874,107425,4009070,0,0,106044,3317989,121410,2471103,112074,5789092,
All CA Counties,2021-02-24,284620,8515564,143940,4365814,140680,4149750,0,0,135060,3311733,148888,2619991,142632,5931724,
All CA Counties,2021-02-25,323462,8839026,159511,4525325,163951,4313701,0,0,169353,3336320,153365,2773356,177952,6109676,
All CA Counties,2021-02-26,358117,9197143,166959,4692284,191158,4504859,0,0,199328,3385150,157819,2931175,206649,6316325,
All CA Counties,2021-02-27,254206,9451349,123597,4815881,130584,4635443,25,25,144450,3424968,109090,3040265,148908,6465233,
All CA Counties,2021-02-28,136474,9587823,81118,4896999,55343,4690786,13,38,79660,3451152,56336,3096601,82520,6547753,
All CA Counties,2021-03-01,245438,9833261,130627,5027626,114671,4805457,140,178,141296,3493380,103280,3199881,145508,6693261,
All CA Counties,2021-03-02,290782,10124043,146860,5174486,143891,4949348,31,209,175330,3560784,114872,3314753,182276,6875537,
All CA Counties,2021-03-03,336122,10460165,167403,5341889,168651,5117999,68,277,194198,3621217,141158,3455911,201591,7077128,
All CA Counties,2021-03-04,353817,10813982,178811,5520700,174907,5292906,99,376,207870,3691117,145125,3601036,215025,7292153,
All CA Counties,2021-03-05,341601,11155583,167730,5688430,172739,5465645,1132,1508,212609,3784019,128117,3729153,221019,7513172,
All CA Counties,2021-03-06,260312,11415895,133632,5822062,118822,5584467,7858,9366,161862,3860447,98000,3827153,174428,7687600,
All CA Counties,2021-03-07,128363,11544258,78763,5900825,45419,5629886,4181,13547,80397,3900940,47759,3874912,88252,7775852,
All CA Counties,2021-03-08,221461,11765719,108296,6009121,102661,5732547,10504,24051,145080,3985576,75938,3950850,160574,7936426,
All CA Counties,2021-03-09,293427,12059146,140276,6149397,137214,5869761,15937,39988,164309,4041298,128591,4079441,184313,8120739,
All CA Counties,2021-03-10,324678,12383824,161857,6311254,138316,6008077,24505,64493,175539,4097120,148396,4227837,204218,8324957,
All CA Counties,2021-03-11,378998,12762822,183597,6494851,162026,6170103,33375,97868,194284,4145315,183673,4411510,231868,8556825,
All CA Counties,2021-03-12,397871,13160693,177708,6672559,173819,6343922,46344,144212,194931,4188721,202023,4613533,245429,8802254,
All CA Counties,2021-03-13,285673,13446366,125395,6797954,129098,6473020,31180,175392,154440,4247849,130722,4744255,189850,8992104,
All CA Counties,2021-03-14,155273,13601639,83501,6881455,56655,6529675,15117,190509,78568,4267416,76382,4820637,95949,9088053,
All CA Counties,2021-03-15,292026,13893665,139753,7021208,131614,6661289,20659,211168,158373,4317050,132816,4953453,182450,9270503,
All CA Counties,2021-03-16,372111,14265776,174938,7196146,179759,6841048,17414,228582,215559,4397487,155737,5109190,236174,9506677,
All CA Counties,2021-03-17,386689,14652465,191844,7387990,176186,7017234,18659,247241,239520,4511950,146236,5255426,260699,9767376,
All CA Counties,2021-03-18,404631,15057096,207582,7595572,178697,7195931,18352,265593,239951,4608866,163508,5418934,260424,10027800,
All CA Counties,2021-03-19,413515,15470611,217768,7813340,174054,7369985,21693,287286,239821,4699800,172639,5591573,263573,10291373,
All CA Counties,2021-03-20,295915,15766526,155851,7969191,124136,7494121,15928,303214,186646,4795358,108518,5700091,204076,10495449,
All CA Counties,2021-03-21,144701,15911227,100189,8069380,36969,7531090,7543,310757,88754,4837506,55537,5755628,97685,10593134,
All CA Counties,2021-03-22,275544,16186771,160621,8230001,103681,7634771,11242,321999,179151,4935435,95548,5851176,193477,10786611,
All CA Counties,2021-03-23,360048,16546819,198672,8428673,150279,7785050,11097,333096,220984,5032072,138085,5989261,234722,11021333,
All CA Counties,2021-03-24,389253,16936072,222789,8651462,153919,7938969,12545,345641,225848,5110466,162092,6151353,240486,11261819,
All CA Counties,2021-03-25,419750,17355822,231330,8882792,173511,8112480,14909,360550,237480,5184126,180878,6332231,254538,11516357,
All CA Counties,2021-03-26,436563,17792385,233418,9116210,187019,8299499,16126,376676,235509,5238859,199755,6531986,254488,11770845,
All CA Counties,2021-03-27,313923,18106308,167007,9283217,135109,8434608,11807,388483,157732,5255360,155289,6687275,171790,11942635,
All CA Counties,2021-03-28,169791,18276099,109196,9392413,56999,8491607,3596,392079,88677,5269178,80622,6767897,94440,12037075,
All CA Counties,2021-03-29,311570,18587669,167570,9559983,134940,8626547,9060,401139,173140,5316305,137587,6905484,184714,12221789,
All CA Counties,2021-03-30,400132,18987801,202582,9762565,179286,8805833,18264,419403,224651,5386369,174625,7080109,244689,12466478,
All CA Counties,2021-03-31,427887,19415688,232455,9995020,173652,8979485,21780,441183,237767,5457946,188991,7269100,260568,12727046,
All CA Counties,2021-04-01,494197,19909885,252978,10247998,200718,9180203,40501,481684,271815,5550534,220844,7489944,313432,13040478,
All CA Counties,2021-04-02,475857,20385742,231925,10479923,200588,9380791,43344,525028,258018,5636985,216523,7706467,302974,13343452,
All CA Counties,2021-04-03,330652,20716394,168564,10648487,120519,9501310,41569,566597,164591,5678911,165354,7871821,207280,13550732,
All CA Counties,2021-04-04,132711,20849105,69239,10717726,44387,9545697,19085,585682,58068,5681885,74301,7946122,77275,13628007,
All CA Counties,2021-04-05,354646,21203751,182685,10900411,132034,9677731,39927,625609,174286,5718928,179601,8125723,216644,13844651,
All CA Counties,2021-04-06,459292,21663043,232777,11133188,160853,9838584,65662,691271,222540,5773275,235743,8361466,290090,14134741,
All CA Counties,2021-04-07,474378,22137421,246456,11379644,157734,9996318,70188,761459,230692,5832494,242655,8604121,301874,14436615,
All CA Counties,2021-04-08,501767,22639188,253179,11632823,163894,10160212,84694,846153,235923,5890713,264566,8868687,322785,14759400,
All CA Counties,2021-04-09,497282,23136470,247889,11880712,169243,10329455,80150,926303,228813,5935371,267304,9135991,311962,15071362,
All CA Counties,2021-04-10,369551,23506021,168764,12049476,126268,10455723,74519,1000822,154591,5952963,214141,9350132,231733,15303095,
All CA Counties,2021-04-11,188176,23694197,105737,12155213,48339,10504062,34100,1034922,78071,5958228,109724,9459856,114989,15418084,
All CA Counties,2021-04-12,341901,24036098,175705,12330918,127859,10631921,38337,1073259,158101,5975484,182736,9642592,199992,15618076,
All CA Counties,2021-04-13,435250,24471348,243705,12574623,190582,10822503,963,1074222,243074,6031519,191076,9833668,247111,15865187,
All CA Counties,2021-04-14,455571,24926919,255493,12830116,199785,11022288,293,1074515,237255,6056616,217027,10050695,242124,16107311,
All CA Counties,2021-04-15,496190,25423109,289105,13119221,206782,11229070,303,1074818,277444,6120163,217143,10267838,280690,16388001,
All CA Counties,2021-04-16,480727,25903836,270450,13389671,209964,11439034,313,1075131,256146,6155971,223145,10490983,258953,16646954,
All CA Counties,2021-04-17,345598,26249434,193775,13583446,151758,11590792,65,1075196,196700,6208007,147929,10638912,199965,16846919,
All CA Counties,2021-04-18,161002,26410436,103998,13687444,56986,11647778,18,1075214,82891,6216311,77640,10716552,85944,16932863,
All CA Counties,2021-04-19,323103,26733539,185756,13873200,137248,11785026,99,1075313,152758,6201774,169322,10885874,154785,17087648,
All CA Counties,2021-04-20,418971,27152510,226423,14099623,192465,11977491,83,1075396,207791,6202811,209990,11095864,211027,17298675,
All CA Counties,2021-04-21,439790,27592300,254254,14353877,185265,12162756,271,1075667,211645,6191513,226472,11322336,215174,17513849,
All CA Counties,2021-04-22,455822,28048122,262343,14616220,193400,12356156,79,1075746,203344,6147308,250950,11573286,206745,17720594,
All CA Counties,2021-04-23,448519,28496641,257773,14873993,190654,12546810,92,1075838,203475,6110765,243529,11816815,206986,17927580,
All CA Counties,2021-04-24,325963,28822604,205138,15079131,120641,12667451,184,1076022,165554,6120393,159412,11976227,169040,18096620,
All CA Counties,2021-04-25,150008,28972612,98729,15177860,51204,12718655,75,1076097,80515,6133436,68994,12045221,82037,18178657,
All CA Counties,2021-04-26,305266,29277878,177622,15355482,126089,12844744,1555,1077652,133431,6102251,170764,12215985,139579,18318236,
All CA Counties,2021-04-27,373265,29651143,207177,15562659,159447,13004191,6641,1084293,150987,6042057,221057,12437042,160863,18479099,
All CA Counties,2021-04-28,359319,30010462,207606,15770265,143776,13147967,7937,1092230,148444,5991216,209669,12646711,158828,18637927,
All CA Counties,2021-04-29,368703,30379165,214087,15984352,146675,13294642,7941,1100171,136073,5905819,231347,12878058,145950,18783877,
All CA Counties,2021-04-30,381356,30760521,219926,16204278,152472,13447114,8958,1109129,145660,5828205,234303,13112361,156689,18940566,
All CA Counties,2021-05-01,248566,31009087,158678,16362956,83802,13530916,6086,1115215,90308,5769508,157336,13269697,98639,19039205,
All CA Counties,2021-05-02,117022,31126109,81779,16444735,31360,13562276,3883,1119098,40935,5739056,75659,13345356,45207,19084412,
All CA Counties,2021-05-03,254151,31380260,155954,16600689,89419,13651695,8778,1127876,77636,5650793,175601,13520957,87338,19171750,
All CA Counties,2021-05-04,333576,31713836,205059,16805748,118696,13770391,9821,1137697,98758,5526910,233686,13754643,109803,19281553,
All CA Counties,2021-05-05,338214,32052050,211920,17017668,116209,13886600,10085,1147782,95839,5392793,241062,13995705,106945,19388498,
All CA Counties,2021-05-06,354750,32406800,232718,17250386,111481,13998081,10551,1158333,90126,5233085,262905,14258610,103197,19491695,
All CA Counties,2021-05-07,352418,32759218,221404,17471790,121125,14119206,9889,1168222,95991,5085253,254987,14513597,107155,19598850,
All CA Counties,2021-05-08,232522,32991740,148812,17620602,76745,14195951,6965,1175187,64320,4990811,167200,14680797,72758,19671608,
All CA Counties,2021-05-09,95369,33087109,72296,17692898,20099,14216050,2974,1178161,25121,4949453,69902,14750699,28544,19700152,
All CA Counties,2021-05-10,205672,33292781,118075,17810973,79742,14295792,7855,1186016,50761,4855335,154052,14904751,59934,19760086,
All CA Counties,2021-05-11,274076,33566857,156469,17967442,108948,14404740,8659,1194675,72558,4737841,200524,15105275,83030,19843116,
All CA Counties,2021-05-12,271527,33838384,158488,18125930,103925,14508665,9114,1203789,72969,4623625,197462,15302737,83246,19926362,
All CA Counties,2021-05-13,316649,34155033,204698,18330628,104537,14613202,7414,1211203,119277,4556798,196188,15498925,129361,20055723,
All CA Counties,2021-05-14,340082,34495115,218376,18549004,112791,14725993,8915,1220118,132664,4494341,206126,15705051,143669,20199392,
All CA Counties,2021-05-15,278886,34774001,194847,18743851,78076,14804069,5963,1226081,114636,4452596,163340,15868391,121595,20320987,
All CA Counties,2021-05-16,140176,34914177,108095,18851946,29129,14833198,2952,1229033,57463,4431188,82241,15950632,60833,20381820,
All CA Counties,2021-05-17,239904,35154081,157965,19009911,74522,14907720,7417,1236450,94988,4390472,144003,16094635,103287,20485107,
All CA Counties,2021-05-18,281302,35435383,171685,19181596,102214,15009934,7403,1243853,109745,4338604,170425,16265060,118557,20603664,
All CA Counties,2021-05-19,274917,35710300,171816,19353412,95540,15105474,7561,1251414,112478,4298394,161373,16426433,121163,20724827,
All CA Counties,2021-05-20,263139,35973439,157316,19510728,97699,15203173,8124,1259538,100135,4246359,161837,16588270,109802,20834629,
All CA Counties,2021-05-21,281762,36255201,173280,19684008,100531,15303704,7951,1267489,106136,4187354,174334,16762604,115329,20949958,
All CA Counties,2021-05-22,203721,36458922,134944,19818952,62568,15366272,6209,1273698,86776,4165331,116150,16878754,94127,21044085,
All CA Counties,2021-05-23,89004,36547926,62572,19881524,23741,15390013,2691,1276389,38346,4156529,50229,16928983,41427,21085512,
All CA Counties,2021-05-24,170949,36718875,100409,19981933,62237,15452250,8303,1284692,64785,4125145,105340,17034323,73956,21159468,
All CA Counties,2021-05-25,189186,36908061,111092,20093025,70094,15522344,8000,1292692,71555,4089234,116600,17150923,80689,21240157,
All CA Counties,2021-05-26,184196,37092257,106059,20199084,70302,15592646,7835,1300527,71453,4057608,111629,17262552,80003,21320160,
All CA Counties,2021-05-27,171889,37264146,98292,20297376,65108,15657754,8489,1309016,69104,4034352,101936,17364488,78680,21398840,
All CA Counties,2021-05-28,188267,37452413,108614,20405990,72570,15730324,7083,1316099,81116,4017512,106175,17470663,89335,21488175,
All CA Counties,2021-05-29,106542,37558955,65439,20471429,37317,15767641,3786,1319885,49685,4015159,56318,17526981,53965,21542140,
All CA Counties,2021-05-30,46809,37605764,30880,20502309,13480,15781121,2449,1322334,20440,4012137,26126,17553107,23104,21565244,
All CA Counties,2021-05-31,19745,37625509,11630,20513939,7144,15788265,971,1323305,6414,4006461,13177,17566284,7501,21572745,
All CA Counties,2021-06-01,167816,37793325,97965,20611904,62827,15851092,7024,1330329,59372,3966296,107455,17673739,67290,21640035,
All CA Counties,2021-06-02,142304,37935629,84179,20696083,51051,15902143,7074,1337403,53702,3940036,87700,17761439,61440,21701475,
All CA Counties,2021-06-03,170335,38105964,116570,20812653,46767,15948910,6998,1344401,51724,3881996,117763,17879202,59723,21761198,
All CA Counties,2021-06-04,198724,38304688,140076,20952729,52524,16001434,6124,1350525,59414,3811109,138260,18017462,67373,21828571,
All CA Counties,2021-06-05,156461,38461149,118107,21070836,32797,16034231,5557,1356082,43541,3749010,112136,18129598,50037,21878608,
All CA Counties,2021-06-06,63433,38524582,53438,21124274,7787,16042018,2208,1358290,16856,3722586,46286,18175884,19862,21898470,
All CA Counties,2021-06-07,135987,38660569,99849,21224123,30284,16072302,5854,1364144,40031,3673838,95351,18271235,46603,21945073,
All CA Counties,2021-06-08,157597,38818166,114451,21338574,36409,16108711,6737,1370881,46735,3618384,109957,18381192,54503,21999576,
All CA Counties,2021-06-09,151705,38969871,110416,21448990,34560,16143271,6729,1377610,42008,3559145,108895,18490087,49656,22049232,
All CA Counties,2021-06-10,146082,39115953,105274,21554264,33527,16176798,7281,1384891,42840,3507801,102525,18592612,51181,22100413,
All CA Counties,2021-06-11,158276,39274229,111243,21665507,40359,16217157,6674,1391565,49145,3456293,108234,18700846,56726,22157139,
All CA Counties,2021-06-12,114452,39388681,86754,21752261,24005,16241162,3693,1395258,32746,3412230,81158,18782004,37095,22194234,
All CA Counties,2021-06-13,44511,39433192,33166,21785427,9302,16250464,2043,1397301,11089,3392572,33183,18815187,13525,22207759,
All CA Counties,2021-06-14,114809,39548001,81607,21867034,26459,16276923,6743,1404044,37692,3361103,76518,18891705,45049,22252808,
All CA Counties,2021-06-15,131351,39679352,88744,21955778,33859,16310782,8748,1412792,43979,3328175,86539,18978244,53611,22306419,
All CA Counties,2021-06-16,120409,39799761,84877,22040655,27874,16338656,7658,1420450,41447,3299801,78224,19056468,49850,22356269,
All CA Counties,2021-06-17,113734,39913495,78951,22119606,26992,16365648,7791,1428241,40194,3275607,72803,19129271,48609,22404878,
All CA Counties,2021-06-18,127972,40041467,88732,22208338,31804,16397452,7436,1435677,45838,3248367,81263,19210534,54023,22458901,
All CA Counties,2021-06-19,76228,40117695,55419,22263757,16824,16414276,3985,1439662,28559,3234390,47027,19257561,33050,22491951,
All CA Counties,2021-06-20,30580,40148275,23029,22286786,6203,16420479,1348,1441010,11517,3228619,18851,19276412,13080,22505031,
All CA Counties,2021-06-21,70893,40219168,44466,22331252,20463,16440942,5964,1446974,36376,3237344,34131,19310543,42856,22547887,
All CA Counties,2021-06-22,99909,40319077,69824,22401076,24259,16465201,5826,1452800,38914,3222333,60410,19370953,45399,22593286,
All CA Counties,2021-06-23,93193,40412270,65867,22466943,21687,16486888,5639,1458439,37997,3211935,54639,19425592,44241,22637527,
All CA Counties,2021-06-24,90088,40502358,63065,22530008,21571,16508459,5452,1463891,36497,3201516,52937,19478529,42518,22680045,
All CA Counties,2021-06-25,103569,40605927,73532,22603540,24864,16533323,5173,1469064,42251,3188828,60704,19539233,48016,22728061,
All CA Counties,2021-06-26,66491,40672418,50277,22653817,13207,16546530,3007,1472071,27388,3181066,38751,19577984,30989,22759050,
All CA Counties,2021-06-27,31165,40703583,23968,22677785,5684,16552214,1513,1473584,13304,3178421,17690,19595674,15045,22774095,
All CA Counties,2021-06-28,52311,40755894,39951,22717736,9325,16561539,3035,1476619,22211,3174061,29769,19625443,25409,22799504,
All CA and Non-CA Counties,2020-12-15,1164,1164,1164,1164,0,0,0,0,1164,1164,0,0,1164,1164,
All CA and Non-CA Counties,2020-12-16,8732,9896,8732,9896,0,0,0,0,8732,9896,0,0,8732,9896,
All CA and Non-CA Counties,2020-12-17,28131,38027,28131,38027,0,0,0,0,28128,38022,2,2,28128,38024,
All CA and Non-CA Counties,2020-12-18,47761,85788,47695,85722,66,66,0,0,47758,85777,3,5,47758,85782,
All CA and Non-CA Counties,2020-12-19,26535,112323,26508,112230,27,93,0,0,26534,112310,1,6,26534,112316,
All CA and Non-CA Counties,2020-12-20,19801,132124,19767,131997,34,127,0,0,19800,132109,1,7,19800,132116,
All CA and Non-CA Counties,2020-12-21,51954,184078,51859,183856,95,222,0,0,51951,184058,3,10,51952,184068,
All CA and Non-CA Counties,2020-12-22,52234,236312,50017,233873,2217,2439,0,0,52226,236278,6,16,52226,236294,
All CA and Non-CA Counties,2020-12-23,52265,288577,43302,277175,8963,11402,0,0,52258,288533,6,22,52261,288555,
All CA and Non-CA Counties,2020-12-24,24911,313488,16966,294141,7945,19347,0,0,24906,313436,5,27,24908,313463,
All CA and Non-CA Counties,2020-12-25,2382,315870,2052,296193,330,19677,0,0,2382,315818,0,27,2382,315845,
All CA and Non-CA Counties,2020-12-26,14944,330814,9681,305874,5263,24940,0,0,14942,330758,2,29,14942,330787,
All CA and Non-CA Counties,2020-12-27,9653,340467,5679,311553,3974,28914,0,0,9650,340405,3,32,9650,340437,
All CA and Non-CA Counties,2020-12-28,47586,388053,30496,342049,17090,46004,0,0,47582,387984,3,35,47582,388019,
All CA and Non-CA Counties,2020-12-29,52892,440945,29640,371689,23252,69256,0,0,52886,440866,4,39,52886,440905,
All CA and Non-CA Counties,2020-12-30,65066,506011,36920,408609,28146,97402,0,0,65054,505914,9,48,65057,505962,
All CA and Non-CA Counties,2020-12-31,30683,536694,11533,420142,19150,116552,0,0,30661,536557,19,67,30662,536624,
All CA and Non-CA Counties,2021-01-01,4738,541432,2124,422266,2614,119166,0,0,4730,541280,7,74,4730,541354,
All CA and Non-CA Counties,2021-01-02,18781,560213,10388,432654,8393,127559,0,0,18775,560052,3,77,18775,560129,
All CA and Non-CA Counties,2021-01-03,6371,566584,3598,436252,2773,130332,0,0,6337,566376,13,90,6337,566466,
All CA and Non-CA Counties,2021-01-04,44783,611367,22523,458775,22260,152592,0,0,44698,611033,41,131,44698,611164,
All CA and Non-CA Counties,2021-01-05,58264,669631,30728,489503,27536,180128,0,0,52409,657749,5792,5923,52508,663672,
All CA and Non-CA Counties,2021-01-06,76288,745919,42197,531700,34091,214219,0,0,59833,701355,16268,22191,59874,723546,
All CA and Non-CA Counties,2021-01-07,96882,842801,55393,587093,41489,255708,0,0,63585,731883,33118,55309,63646,787192,
All CA and Non-CA Counties,2021-01-08,111547,954348,67206,654299,44341,300049,0,0,67881,756324,43514,98823,67955,855147,
All CA and Non-CA Counties,2021-01-09,45824,1000172,26135,680434,19689,319738,0,0,28865,768288,16932,115755,28896,884043,
All CA and Non-CA Counties,2021-01-10,24707,1024879,15078,695512,9629,329367,0,0,13321,770260,11368,127123,13340,897383,
All CA and Non-CA Counties,2021-01-11,108147,1133026,71792,767304,36355,365722,0,0,62750,787839,45348,172471,62927,960310,
All CA and Non-CA Counties,2021-01-12,118064,1251090,70047,837351,48017,413739,0,0,74994,820124,42960,215431,75245,1035555,
All CA and Non-CA Counties,2021-01-13,123484,1374574,64110,901461,59374,473113,0,0,88275,873375,35121,250552,88372,1123927,
All CA and Non-CA Counties,2021-01-14,128307,1502881,51403,952864,76904,550017,0,0,107863,961103,20326,270878,108054,1231981,
All CA and Non-CA Counties,2021-01-15,146634,1649515,53091,1005955,93543,643560,0,0,130875,1076565,15648,286526,131110,1363091,
All CA and Non-CA Counties,2021-01-16,83605,1733120,27804,1033759,55801,699361,0,0,75793,1144633,7781,294307,75849,1438940,
All CA and Non-CA Counties,2021-01-17,48826,1781946,17053,1050812,31773,731134,0,0,45091,1186045,3725,298032,45137,1484077,
All CA and Non-CA Counties,2021-01-18,89585,1871531,46912,1097724,42673,773807,0,0,69699,1236113,19812,317844,69880,1553957,
All CA and Non-CA Counties,2021-01-19,146426,2017957,75066,1172790,71360,845167,0,0,114270,1318662,32056,349900,114605,1668562,
All CA and Non-CA Counties,2021-01-20,168139,2186096,86107,1258897,82032,927199,0,0,132853,1416754,35035,384935,133127,1801689,
All CA and Non-CA Counties,2021-01-21,180255,2366351,80019,1338916,100236,1027435,0,0,159976,1557077,20032,404967,160355,1962044,
All CA and Non-CA Counties,2021-01-22,175419,2541770,70888,1409804,104531,1131966,0,0,160499,1702968,14769,419736,160660,2122704,
All CA and Non-CA Counties,2021-01-23,114277,2656047,49870,1459674,64407,1196373,0,0,101495,1791864,12718,432454,101614,2224318,
All CA and Non-CA Counties,2021-01-24,61798,2717845,29662,1489336,32136,1228509,0,0,56997,1844162,4764,437218,57062,2281380,
All CA and Non-CA Counties,2021-01-25,150197,2868042,67506,1556842,82691,1311200,0,0,113926,1922355,36118,473336,114311,2395691,
All CA and Non-CA Counties,2021-01-26,175643,3043685,86124,1642966,89519,1400719,0,0,136880,2020903,38619,511955,137167,2532858,
All CA and Non-CA Counties,2021-01-27,188235,3231920,90625,1733591,97610,1498329,0,0,147725,2128691,40160,552115,147948,2680806,
All CA and Non-CA Counties,2021-01-28,193985,3425905,89850,1823441,104135,1602464,0,0,158868,2253002,34801,586916,159112,2839918,
All CA and Non-CA Counties,2021-01-29,189349,3615254,91511,1914952,97838,1700302,0,0,153432,2371338,35283,622199,153619,2993537,
All CA and Non-CA Counties,2021-01-30,128938,3744192,57960,1972912,70978,1771280,0,0,113135,2469013,15611,637810,113286,3106823,
All CA and Non-CA Counties,2021-01-31,72482,3816674,41300,2014212,31182,1802462,0,0,67354,2531368,5059,642869,67414,3174237,
All CA and Non-CA Counties,2021-02-01,167969,3984643,78438,2092650,89531,1891993,0,0,125955,2615664,41792,684661,126088,3300325,
All CA and Non-CA Counties,2021-02-02,193014,4177657,80484,2173134,112530,2004523,0,0,147336,2717865,45364,730025,147565,3447890,
All CA and Non-CA Counties,2021-02-03,219718,4397375,98236,2271370,121482,2126005,0,0,163948,2826852,55224,785249,164211,3612101,
All CA and Non-CA Counties,2021-02-04,236238,4633613,102655,2374025,133583,2259588,0,0,173913,2939411,61723,846972,174282,3786383,
All CA and Non-CA Counties,2021-02-05,253957,4887570,109000,2483025,144957,2404545,0,0,173379,3033628,79717,926689,173934,3960317,
All CA and Non-CA Counties,2021-02-06,160348,5047918,77131,2560156,83217,2487762,0,0,124916,3123842,35203,961892,125417,4085734,
All CA and Non-CA Counties,2021-02-07,69214,5117132,45130,2605286,24084,2511846,0,0,52628,3160424,16500,978392,53082,4138816,
All CA and Non-CA Counties,2021-02-08,186774,5303906,92544,2697830,94230,2606076,0,0,123744,3222390,62537,1040929,124503,4263319,
All CA and Non-CA Counties,2021-02-09,216270,5520176,104237,2802067,112033,2718109,0,0,129673,3267147,86094,1127023,130851,4394170,
All CA and Non-CA Counties,2021-02-10,255786,5775962,122227,2924294,133559,2851668,0,0,140379,3294543,114515,1241538,141911,4536081,
All CA and Non-CA Counties,2021-02-11,271782,6047744,134218,3058512,137564,2989232,0,0,147820,3321482,122723,1364261,149662,4685743,
All CA and Non-CA Counties,2021-02-12,279600,6327344,122133,3180645,157467,3146699,0,0,150900,3347061,127735,1491996,153314,4839057,
All CA and Non-CA Counties,2021-02-13,171097,6498441,78727,3259372,92370,3239069,0,0,94855,3368068,75819,1567815,96826,4935883,
All CA and Non-CA Counties,2021-02-14,97366,6595807,48267,3307639,49099,3288168,0,0,52913,3378278,44254,1612069,54464,4990347,
All CA and Non-CA Counties,2021-02-15,145965,6741772,64462,3372101,81503,3369671,0,0,80375,3396633,65159,1677228,83514,5073861,
All CA and Non-CA Counties,2021-02-16,256979,6998751,121807,3493908,135172,3504843,0,0,136284,3415795,120255,1797483,139417,5213278,
All CA and Non-CA Counties,2021-02-17,266705,7265456,132919,3626827,133786,3638629,0,0,131214,3415403,134855,1932338,134463,5347741,
All CA and Non-CA Counties,2021-02-18,281412,7546868,147036,3773863,134376,3773005,0,0,134595,3408305,145951,2078289,138853,5486594,
All CA and Non-CA Counties,2021-02-19,261369,7808237,152264,3926127,109105,3882110,0,0,133699,3417124,126988,2205277,135807,5622401,
All CA and Non-CA Counties,2021-02-20,158914,7967151,102259,4028386,56655,3938765,0,0,86356,3433356,72168,2277445,88400,5710801,
All CA and Non-CA Counties,2021-02-21,86850,8054001,71884,4100270,14966,3953731,0,0,43206,3434791,43340,2320785,44775,5755576,
All CA and Non-CA Counties,2021-02-22,169841,8223842,113958,4214228,55883,4009614,0,0,84794,3436657,84668,2405453,86534,5842110,
All CA and Non-CA Counties,2021-02-23,234267,8458109,124125,4338353,110142,4119756,0,0,108407,3425923,125185,2530638,114451,5956561,
All CA and Non-CA Counties,2021-02-24,291079,8749188,147506,4485859,143573,4263329,0,0,137527,3418155,152872,2683510,145104,6101665,
All CA and Non-CA Counties,2021-02-25,330454,9079642,163068,4648927,167386,4430715,0,0,172444,3441971,157234,2840744,181050,6282715,
All CA and Non-CA Counties,2021-02-26,365036,9444678,170607,4819534,194429,4625144,0,0,202446,3490210,161530,3002274,209769,6492484,
All CA and Non-CA Counties,2021-02-27,259700,9704378,126366,4945900,133308,4758452,26,26,146343,3528339,112676,3114950,150805,6643289,
All CA and Non-CA Counties,2021-02-28,138930,9843308,82897,5028797,56019,4814471,14,40,80471,3553697,57976,3172926,83334,6726623,
All CA and Non-CA Counties,2021-03-01,250459,10093767,133808,5162605,116510,4930981,141,181,142681,3593692,106904,3279830,146899,6873522,
All CA and Non-CA Counties,2021-03-02,297535,10391302,149357,5311962,148147,5079128,31,212,177408,3658517,119531,3399361,184356,7057878,
All CA and Non-CA Counties,2021-03-03,344079,10735381,170533,5482495,173476,5252604,70,282,196894,3716408,146401,3545762,204292,7262170,
All CA and Non-CA Counties,2021-03-04,360694,11096075,181760,5664255,178829,5431433,105,387,210204,3784125,149650,3695412,217367,7479537,
All CA and Non-CA Counties,2021-03-05,346908,11442983,170413,5834668,175348,5606781,1147,1534,215364,3877261,130661,3826073,223797,7703334,
All CA and Non-CA Counties,2021-03-06,264939,11707922,135785,5970453,121138,5727919,8016,9550,164212,3953933,100273,3926346,176945,7880279,
All CA and Non-CA Counties,2021-03-07,129967,11837889,79792,6050245,45938,5773857,4237,13787,81373,3994832,48387,3974733,89286,7969565,
All CA and Non-CA Counties,2021-03-08,224626,12062515,110177,6160422,103694,5877551,10755,24542,147302,4081034,76853,4051586,163055,8132620,
All CA and Non-CA Counties,2021-03-09,298169,12360684,142724,6303146,139190,6016741,16255,40797,167097,4137911,130542,4182128,187419,8320039,
All CA and Non-CA Counties,2021-03-10,329094,12689778,163970,6467116,140104,6156845,25020,65817,178259,4195288,150083,4332211,207460,8527499,
All CA and Non-CA Counties,2021-03-11,385194,13074972,186765,6653881,164362,6321207,34067,99884,197591,4244600,186555,4518766,235867,8763366,
All CA and Non-CA Counties,2021-03-12,404405,13479377,181645,6835526,175687,6496894,47073,146957,198495,4289341,204981,4723747,249722,9013088,
All CA and Non-CA Counties,2021-03-13,289507,13768884,127601,6963127,130251,6627145,31655,178612,157038,4350315,131950,4855697,192924,9206012,
All CA and Non-CA Counties,2021-03-14,157084,13925968,84432,7047559,57192,6684337,15460,194072,79554,4370388,77206,4932903,97279,9303291,
All CA and Non-CA Counties,2021-03-15,296093,14222061,141879,7189438,133083,6817420,21131,215203,160540,4420770,134711,5067614,185093,9488384,
All CA and Non-CA Counties,2021-03-16,379683,14601744,179333,7368771,182542,6999962,17808,233011,219771,4502452,159094,5226708,240776,9729160,
All CA and Non-CA Counties,2021-03-17,395158,14996902,197313,7566084,178803,7178765,19042,252053,244606,4619009,149612,5376320,266169,9995329,
All CA and Non-CA Counties,2021-03-18,412973,15409875,212727,7778811,181349,7360114,18897,270950,244765,4717767,167025,5543345,265783,10261112,
All CA and Non-CA Counties,2021-03-19,420858,15830733,222125,8000936,176498,7536612,22235,293185,244223,4810713,175575,5718920,268521,10529633,
All CA and Non-CA Counties,2021-03-20,300689,16131422,158996,8159932,125676,7662288,16017,309202,190292,4908891,109634,5828554,207812,10737445,
All CA and Non-CA Counties,2021-03-21,146813,16278235,101637,8261569,37544,7699832,7632,316834,90442,4952395,55957,5884511,99461,10836906,
All CA and Non-CA Counties,2021-03-22,278852,16557087,162618,8424187,104902,7804734,11332,328166,181417,5051650,96577,5981088,195832,11032738,
All CA and Non-CA Counties,2021-03-23,366156,16923243,201784,8625971,152967,7957701,11405,339571,225120,5150776,140041,6121129,239167,11271905,
All CA and Non-CA Counties,2021-03-24,396602,17319845,226552,8852523,157056,8114757,12994,352565,230908,5232396,164373,6285502,245993,11517898,
All CA and Non-CA Counties,2021-03-25,428047,17747892,235186,9087709,177426,8292183,15435,368000,243495,5310331,183145,6468647,261080,11778978,
All CA and Non-CA Counties,2021-03-26,443279,18191171,236968,9324677,190002,8482185,16309,384309,239930,5367400,202021,6670668,259090,12038068,
All CA and Non-CA Counties,2021-03-27,319495,18510666,170125,9494802,137344,8619529,12026,396335,161227,5385542,157359,6828027,175501,12213569,
All CA and Non-CA Counties,2021-03-28,172885,18683551,110851,9605653,58277,8677806,3757,400092,90670,5400420,81716,6909743,96594,12310163,
All CA and Non-CA Counties,2021-03-29,316796,19000347,169889,9775542,137502,8815308,9405,409497,176131,5448657,139813,7049556,188050,12498213,
All CA and Non-CA Counties,2021-03-30,407059,19407406,206228,9981770,181999,8997307,18832,428329,228746,5520572,177444,7227000,249359,12747572,
All CA and Non-CA Counties,2021-03-31,434260,19841666,236255,10218025,175446,9172753,22559,450888,241158,5593339,191967,7418967,264734,13012306,
All CA and Non-CA Counties,2021-04-01,501805,20343471,257544,10475569,203105,9375858,41156,492044,276230,5687805,224027,7642994,318493,13330799,
All CA and Non-CA Counties,2021-04-02,484342,20827813,236435,10712004,203415,9579273,44492,536536,262403,5775693,220614,7863608,308502,13639301,
All CA and Non-CA Counties,2021-04-03,336969,21164782,172348,10884352,121891,9701164,42730,579266,167956,5819199,168300,8031908,211806,13851107,
All CA and Non-CA Counties,2021-04-04,134507,21299289,70123,10954475,45060,9746224,19324,598590,59047,5822574,75116,8107024,78491,13929598,
All CA and Non-CA Counties,2021-04-05,358827,21658116,184714,11139189,133517,9879741,40596,639186,176286,5860111,181774,8288798,219311,14148909,
All CA and Non-CA Counties,2021-04-06,466472,22124588,236635,11375824,162530,10042271,67307,706493,225409,5914674,240037,8528835,294600,14443509,
All CA and Non-CA Counties,2021-04-07,482630,22607218,251086,11626910,159654,10201925,71890,778383,233908,5973776,247680,8776515,306782,14750291,
All CA and Non-CA Counties,2021-04-08,510074,23117292,257550,11884460,165883,10367808,86641,865024,239245,6032276,269539,9046054,328039,15078330,
All CA and Non-CA Counties,2021-04-09,504883,23622175,251783,12136243,170982,10538790,82118,947142,231732,6077148,271973,9318027,316845,15395175,
All CA and Non-CA Counties,2021-04-10,375672,23997847,171758,12308001,127533,10666323,76381,1023523,156271,6093839,218573,9536600,235264,15630439,
All CA and Non-CA Counties,2021-04-11,191044,24188891,107305,12415306,48994,10715317,34745,1058268,79046,6098832,111613,9648213,116606,15747045,
All CA and Non-CA Counties,2021-04-12,346118,24535009,178066,12593372,129155,10844472,38897,1097165,159978,6116193,185069,9833282,202430,15949475,
All CA and Non-CA Counties,2021-04-13,441134,24976143,247467,12840839,192680,11037152,987,1098152,246113,6172454,193913,10027195,250174,16199649,
All CA and Non-CA Counties,2021-04-14,461075,25437218,259020,13099859,201758,11238910,297,1098449,240285,6198118,219494,10246689,245158,16444807,
All CA and Non-CA Counties,2021-04-15,502393,25939611,293015,13392874,209068,11447978,310,1098759,280777,6262187,219961,10466650,284030,16728837,
All CA and Non-CA Counties,2021-04-16,486697,26426308,273871,13666745,212506,11660484,320,1099079,259473,6298703,225774,10692424,262290,16991127,
All CA and Non-CA Counties,2021-04-17,351153,26777461,197272,13864017,153815,11814299,66,1099145,199910,6351619,150261,10842685,203177,17194304,
All CA and Non-CA Counties,2021-04-18,163212,26940673,105267,13969284,57926,11872225,19,1099164,83969,6359877,78767,10921452,87025,17281329,
All CA and Non-CA Counties,2021-04-19,327310,27267983,187780,14157064,139430,12011655,100,1099264,154921,6345476,171354,11092806,156953,17438282,
All CA and Non-CA Counties,2021-04-20,424484,27692467,228986,14386050,195415,12207070,83,1099347,210068,6345564,213216,11306022,213304,17651586,
All CA and Non-CA Counties,2021-04-21,446469,28138936,257157,14643207,189036,12396106,276,1099623,214099,6332521,230677,11536699,217634,17869220,
All CA and Non-CA Counties,2021-04-22,462781,28601717,265939,14909146,196761,12592867,81,1099704,205917,6286521,255321,11792020,209321,18078541,
All CA and Non-CA Counties,2021-04-23,454514,29056231,260853,15169999,193568,12786435,93,1099797,205965,6248986,247015,12039035,209480,18288021,
All CA and Non-CA Counties,2021-04-24,330670,29386901,208211,15378210,122270,12908705,189,1099986,167451,6257717,162214,12201249,170945,18458966,
All CA and Non-CA Counties,2021-04-25,152249,29539150,99989,15478199,52184,12960889,76,1100062,81696,6270889,70050,12271299,83222,18542188,
All CA and Non-CA Counties,2021-04-26,309483,29848633,179516,15657715,128385,13089274,1582,1101644,135351,6239365,173050,12444349,141526,18683714,
All CA and Non-CA Counties,2021-04-27,379051,30227684,209357,15867072,162680,13251954,7014,1108658,153015,6177835,224803,12669152,163273,18846987,
All CA and Non-CA Counties,2021-04-28,364289,30591973,209754,16076826,146199,13398153,8336,1116994,150413,6126372,212655,12881807,161192,19008179,
All CA and Non-CA Counties,2021-04-29,373678,30965651,216436,16293262,148868,13547021,8374,1125368,137972,6040253,234402,13116209,148283,19156462,
All CA and Non-CA Counties,2021-04-30,386349,31352000,222357,16515619,154604,13701625,9388,1134756,147566,5961904,237377,13353586,159028,19315490,
All CA and Non-CA Counties,2021-05-01,251783,31603783,160538,16676157,84729,13786354,6516,1141272,91633,5903082,159216,13512802,100394,19415884,
All CA and Non-CA Counties,2021-05-02,118884,31722667,82868,16759025,32009,13818363,4007,1145279,41765,5872556,76687,13589489,46161,19462045,
All CA and Non-CA Counties,2021-05-03,257078,31979745,157549,16916574,90463,13908826,9066,1154345,78764,5783913,177395,13766884,88752,19550797,
All CA and Non-CA Counties,2021-05-04,337588,32317333,207232,17123806,120093,14028919,10263,1164608,100096,5659143,236351,14003235,111581,19662378,
All CA and Non-CA Counties,2021-05-05,342727,32660060,214456,17338262,117814,14146733,10457,1175065,97471,5524159,243936,14247171,108952,19771330,
All CA and Non-CA Counties,2021-05-06,359306,33019366,235524,17573786,112886,14259619,10896,1185961,91723,5363440,265858,14513029,105139,19876469,
All CA and Non-CA Counties,2021-05-07,357116,33376482,224131,17797917,122708,14382327,10277,1196238,97617,5214563,258046,14771075,109169,19985638,
All CA and Non-CA Counties,2021-05-08,235808,33612290,151036,17948953,77555,14459882,7217,1203455,65411,5119280,169385,14940460,74102,20059740,
All CA and Non-CA Counties,2021-05-09,96776,33709066,73231,18022184,20445,14480327,3100,1206555,25705,5077812,70720,15011180,29252,20088992,
All CA and Non-CA Counties,2021-05-10,208273,33917339,119276,18141460,80809,14561136,8188,1214743,51682,4983279,155723,15166903,61190,20150182,
All CA and Non-CA Counties,2021-05-11,277172,34194511,157984,18299444,110223,14671359,8965,1223708,73732,4865349,202444,15369347,84514,20234696,
All CA and Non-CA Counties,2021-05-12,274769,34469280,160064,18459508,105264,14776623,9441,1233149,74223,4750731,199444,15568791,84826,20319522,
All CA and Non-CA Counties,2021-05-13,319880,34789160,206584,18666092,105669,14882292,7627,1240776,120686,4683710,198005,15766796,130984,20450506,
All CA and Non-CA Counties,2021-05-14,343667,35132827,220402,18886494,114113,14996405,9152,1249928,134261,4621110,208105,15974901,145505,20596011,
All CA and Non-CA Counties,2021-05-15,281547,35414374,196418,19082912,79023,15075428,6106,1256034,115783,4579151,164846,16139747,122887,20718898,
All CA and Non-CA Counties,2021-05-16,141868,35556242,109191,19192103,29655,15105083,3022,1259056,58244,4557687,83149,16222896,61685,20780583,
All CA and Non-CA Counties,2021-05-17,242986,35799228,159608,19351711,75723,15180806,7655,1266711,96303,4516762,145765,16368661,104840,20885423,
All CA and Non-CA Counties,2021-05-18,284575,36083803,173347,19525058,103504,15284310,7724,1274435,111206,4464880,172224,16540885,120342,21005765,
All CA and Non-CA Counties,2021-05-19,278278,36362081,173503,19698561,96945,15381255,7830,1282265,113926,4424483,163276,16704161,122879,21128644,
All CA and Non-CA Counties,2021-05-20,266302,36628383,159069,19857630,98859,15480114,8374,1290639,101550,4372378,163574,16867735,111469,21240113,
All CA and Non-CA Counties,2021-05-21,284971,36913354,175068,20032698,101699,15581813,8204,1298843,107495,4313147,176172,17043907,116941,21357054,
All CA and Non-CA Counties,2021-05-22,206523,37119877,136778,20169476,63333,15645146,6412,1305255,88275,4291533,117444,17161351,95830,21452884,
All CA and Non-CA Counties,2021-05-23,90564,37210441,63589,20233065,24206,15669352,2769,1308024,39132,4282823,51002,17212353,42292,21495176,
All CA and Non-CA Counties,2021-05-24,173370,37383811,101570,20334635,63150,15732502,8650,1316674,65850,4251504,106687,17319040,75368,21570544,
All CA and Non-CA Counties,2021-05-25,191562,37575373,112193,20446828,71030,15803532,8339,1325013,72556,4215564,117966,17437006,82026,21652570,
All CA and Non-CA Counties,2021-05-26,186579,37761952,107159,20553987,71228,15874760,8192,1333205,72436,4183888,113021,17550027,81345,21733915,
All CA and Non-CA Counties,2021-05-27,174071,37936023,99377,20653364,65916,15940676,8778,1341983,70078,4160692,103137,17653164,79941,21813856,
All CA and Non-CA Counties,2021-05-28,190716,38126739,109844,20763208,73433,16014109,7439,1349422,82220,4143975,107513,17760677,90796,21904652,
All CA and Non-CA Counties,2021-05-29,108221,38234960,66290,20829498,37790,16051899,4141,1353563,50396,4141724,57282,17817959,55031,21959683,
All CA and Non-CA Counties,2021-05-30,47728,38282688,31441,20860939,13713,16065612,2574,1356137,20890,4138812,26591,17844550,23679,21983362,
All CA and Non-CA Counties,2021-05-31,20171,38302859,11817,20872756,7343,16072955,1011,1357148,6594,4133122,13411,17857961,7721,21991083,
All CA and Non-CA Counties,2021-06-01,169980,38472839,99102,20971858,63546,16136501,7332,1364480,60395,4093152,108591,17966552,68621,22059704,
All CA and Non-CA Counties,2021-06-02,144323,38617162,85176,21057034,51727,16188228,7420,1371900,54619,4067063,88792,18055344,62703,22122407,
All CA and Non-CA Counties,2021-06-03,172490,38789652,117758,21174792,47422,16235650,7310,1379210,52688,4009114,118947,18174291,60998,22183405,
All CA and Non-CA Counties,2021-06-04,201269,38990921,141491,21316283,53337,16288987,6441,1385651,60510,3938196,139703,18313994,68785,22252190,
All CA and Non-CA Counties,2021-06-05,158175,39149096,119300,21435583,33155,16322142,5720,1391371,44310,3876089,113077,18427071,50970,22303160,
All CA and Non-CA Counties,2021-06-06,64383,39213479,54150,21489733,7941,16330083,2292,1393663,17298,3849685,46792,18473863,20388,22323548,
All CA and Non-CA Counties,2021-06-07,137920,39351399,100892,21590625,30842,16360925,6186,1399849,40833,3800940,96481,18570344,47736,22371284,
All CA and Non-CA Counties,2021-06-08,159682,39511081,115643,21706268,36956,16397881,7083,1406932,47531,3745343,111241,18681585,55644,22426928,
All CA and Non-CA Counties,2021-06-09,153691,39664772,111609,21817877,35069,16432950,7013,1413945,42825,3686042,110057,18791642,50756,22477684,
All CA and Non-CA Counties,2021-06-10,148028,39812800,106404,21924281,34036,16466986,7588,1421533,43668,3634721,103638,18895280,52317,22530001,
All CA and Non-CA Counties,2021-06-11,160446,39973246,112492,22036773,40952,16507938,7002,1428535,50067,3583223,109475,19004755,57977,22587978,
All CA and Non-CA Counties,2021-06-12,116080,40089326,87970,22124743,24291,16532229,3819,1432354,33389,3538951,82138,19086893,37866,22625844,
All CA and Non-CA Counties,2021-06-13,45459,40134785,33812,22158555,9504,16541733,2143,1434497,11504,3519279,33712,19120605,14040,22639884,
All CA and Non-CA Counties,2021-06-14,116555,40251340,82589,22241144,26929,16568662,7037,1441534,38416,3487810,77534,19198139,46065,22685949,
All CA and Non-CA Counties,2021-06-15,133092,40384432,89708,22330852,34360,16603022,9024,1450558,44756,3454977,87497,19285636,54664,22740613,
All CA and Non-CA Counties,2021-06-16,122078,40506510,85868,22416720,28331,16631353,7879,1458437,42253,3426776,79078,19364714,50877,22791490,
All CA and Non-CA Counties,2021-06-17,115581,40622091,79974,22496694,27469,16658822,8138,1466575,41035,3402767,73806,19438520,49797,22841287,
All CA and Non-CA Counties,2021-06-18,129928,40752019,89796,22586490,32240,16691062,7892,1474467,46672,3375700,82379,19520899,55312,22896599,
All CA and Non-CA Counties,2021-06-19,77287,40829306,56118,22642608,17084,16708146,4085,1478552,29106,3361861,47535,19568434,33696,22930295,
All CA and Non-CA Counties,2021-06-20,31360,40860666,23595,22666203,6369,16714515,1396,1479948,11983,3356293,19162,19587596,13594,22943889,
All CA and Non-CA Counties,2021-06-21,72172,40932838,45106,22711309,20790,16735305,6276,1486224,37072,3365449,34708,19622304,43864,22987753,
All CA and Non-CA Counties,2021-06-22,101550,41034388,70865,22782174,24609,16759914,6076,1492300,39798,3350820,61162,19683466,46533,23034286,
All CA and Non-CA Counties,2021-06-23,94865,41129253,66782,22848956,22122,16782036,5961,1498261,38795,3340673,55506,19738972,45359,23079645,
All CA and Non-CA Counties,2021-06-24,91615,41220868,63964,22912920,21921,16803957,5730,1503991,37293,3330598,53666,19792638,43591,23123236,
All CA and Non-CA Counties,2021-06-25,105337,41326205,74545,22987465,25261,16829218,5531,1509522,43112,3318225,61606,19854244,49233,23172469,
All CA and Non-CA Counties,2021-06-26,67638,41393843,51029,23038494,13423,16842641,3186,1512708,27983,3310690,39299,19893543,31764,23204233,
All CA and Non-CA Counties,2021-06-27,31918,41425761,24551,23063045,5794,16848435,1573,1514281,13753,3308251,17992,19911535,15553,23219786,
All CA and Non-CA Counties,2021-06-28,53458,41479219,40575,23103620,9574,16858009,3309,1517590,22776,3304149,30351,19941886,26249,23246035,
Outside California,2020-12-15,9,9,9,9,0,0,0,0,9,9,0,0,9,9,Not in California
Outside California,2020-12-16,274,283,274,283,0,0,0,0,274,283,0,0,274,283,Not in California
Outside California,2020-12-17,1605,1888,1605,1888,0,0,0,0,1605,1888,0,0,1605,1888,Not in California
Outside California,2020-12-18,2535,4423,2528,4416,7,7,0,0,2535,4423,0,0,2535,4423,Not in California
Outside California,2020-12-19,1034,5457,1033,5449,1,8,0,0,1034,5457,0,0,1034,5457,Not in California
Outside California,2020-12-20,678,6135,675,6124,3,11,0,0,678,6135,0,0,678,6135,Not in California
Outside California,2020-12-21,2171,8306,2168,8292,3,14,0,0,2171,8306,0,0,2171,8306,Not in California
Outside California,2020-12-22,2061,10367,1986,10278,75,89,0,0,2061,10367,0,0,2061,10367,Not in California
Outside California,2020-12-23,1528,11895,1385,11663,143,232,0,0,1527,11893,1,1,1527,11894,Not in California
Outside California,2020-12-24,801,12696,611,12274,190,422,0,0,801,12694,0,1,801,12695,Not in California
Outside California,2020-12-25,34,12730,29,12303,5,427,0,0,34,12728,0,1,34,12729,Not in California
Outside California,2020-12-26,307,13037,207,12510,100,527,0,0,307,13035,0,1,307,13036,Not in California
Outside California,2020-12-27,189,13226,72,12582,117,644,0,0,189,13224,0,1,189,13225,Not in California
Outside California,2020-12-28,1405,14631,896,13478,509,1153,0,0,1405,14629,0,1,1405,14630,Not in California
Outside California,2020-12-29,1538,16169,1016,14494,522,1675,0,0,1538,16167,0,1,1538,16168,Not in California
Outside California,2020-12-30,1875,18044,1222,15716,653,2328,0,0,1875,18042,0,1,1875,18043,Not in California
Outside California,2020-12-31,1098,19142,596,16312,502,2830,0,0,1097,19138,1,2,1097,19140,Not in California
Outside California,2021-01-01,115,19257,26,16338,89,2919,0,0,115,19253,0,2,115,19255,Not in California
Outside California,2021-01-02,246,19503,134,16472,112,3031,0,0,245,19497,1,3,245,19500,Not in California
Outside California,2021-01-03,171,19674,92,16564,79,3110,0,0,171,19668,0,3,171,19671,Not in California
Outside California,2021-01-04,1140,20814,509,17073,631,3741,0,0,1135,20802,1,4,1135,20806,Not in California
Outside California,2021-01-05,1548,22362,820,17893,728,4469,0,0,1354,21965,192,196,1355,22161,Not in California
Outside California,2021-01-06,2670,25032,1581,19474,1089,5558,0,0,1938,23174,729,925,1938,24099,Not in California
Outside California,2021-01-07,4119,29151,2533,22007,1586,7144,0,0,2463,23985,1654,2579,2465,26564,Not in California
Outside California,2021-01-08,4477,33628,2905,24912,1572,8716,0,0,2611,24744,1855,4434,2614,29178,Not in California
Outside California,2021-01-09,1308,34936,535,25447,773,9489,0,0,980,25399,327,4761,982,30160,Not in California
Outside California,2021-01-10,316,35252,188,25635,128,9617,0,0,194,25471,122,4883,194,30354,Not in California
Outside California,2021-01-11,3254,38506,1996,27631,1258,10875,0,0,1925,26067,1329,6212,1925,32279,Not in California
Outside California,2021-01-12,3822,42328,2294,29925,1528,12403,0,0,2282,26816,1536,7748,2285,34564,Not in California
Outside California,2021-01-13,3642,45970,1798,31723,1844,14247,0,0,2462,28103,1179,8927,2466,37030,Not in California
Outside California,2021-01-14,3635,49605,1264,32987,2371,16618,0,0,2987,30458,635,9562,2990,40020,Not in California
Outside California,2021-01-15,4173,53778,994,33981,3179,19797,0,0,3696,33689,465,10027,3696,43716,Not in California
Outside California,2021-01-16,2633,56411,388,34369,2245,22042,0,0,2458,35974,173,10200,2458,46174,Not in California
Outside California,2021-01-17,503,56914,152,34521,351,22393,0,0,454,36379,49,10249,454,46628,Not in California
Outside California,2021-01-18,1193,58107,768,35289,425,22818,0,0,735,36658,457,10706,736,47364,Not in California
Outside California,2021-01-19,4083,62190,1335,36624,2748,25566,0,0,3185,38948,898,11604,3188,50552,Not in California
Outside California,2021-01-20,4430,66620,1425,38049,3005,28571,0,0,3486,41495,940,12544,3487,54039,Not in California
Outside California,2021-01-21,4220,70840,1164,39213,3056,31627,0,0,3643,44577,561,13105,3643,57682,Not in California
Outside California,2021-01-22,4598,75438,1095,40308,3503,35130,0,0,4191,48368,402,13507,4193,61875,Not in California
Outside California,2021-01-23,2268,77706,344,40652,1924,37054,0,0,2101,50302,167,13674,2101,63976,Not in California
Outside California,2021-01-24,608,78314,249,40901,359,37413,0,0,527,50748,81,13755,527,64503,Not in California
Outside California,2021-01-25,4530,82844,1975,42876,2555,39968,0,0,3663,53551,862,14617,3665,68168,Not in California
Outside California,2021-01-26,6048,88892,2936,45812,3112,43080,0,0,5189,57889,858,15475,5196,73364,Not in California
Outside California,2021-01-27,5136,94028,2737,48549,2399,45479,0,0,4502,61764,629,16104,4504,77868,Not in California
Outside California,2021-01-28,5261,99289,2837,51386,2424,47903,0,0,4720,65953,531,16635,4720,82588,Not in California
Outside California,2021-01-29,4888,104177,3054,54440,1834,49737,0,0,4076,69228,804,17439,4079,86667,Not in California
Outside California,2021-01-30,4434,108611,2423,56863,2011,51748,0,0,4200,73198,231,17670,4201,90868,Not in California
Outside California,2021-01-31,3246,111857,2821,59684,425,52173,0,0,3185,76325,59,17729,3186,94054,Not in California
Outside California,2021-02-01,5598,117455,2597,62281,3001,55174,0,0,4881,80497,709,18438,4881,98935,Not in California
Outside California,2021-02-02,6802,124257,2155,64436,4647,59821,0,0,6076,85857,716,19154,6076,105011,Not in California
Outside California,2021-02-03,7476,131733,2092,66528,5384,65205,0,0,6591,91572,877,20031,6592,111603,Not in California
Outside California,2021-02-04,6928,138661,2177,68705,4751,69956,0,0,5890,96439,1024,21055,5891,117494,Not in California
Outside California,2021-02-05,6805,145466,2224,70929,4581,74537,0,0,5712,101065,1086,22141,5712,123206,Not in California
Outside California,2021-02-06,4411,149877,2140,73069,2271,76808,0,0,3943,104552,459,22600,3946,127152,Not in California
Outside California,2021-02-07,2225,152102,1830,74899,395,77203,0,0,2138,106607,86,22686,2141,129293,Not in California
Outside California,2021-02-08,5295,157397,3332,78231,1963,79166,0,0,4239,109803,1045,23731,4241,133534,Not in California
Outside California,2021-02-09,4284,161681,1914,80145,2370,81536,0,0,2967,111479,1306,25037,2982,136516,Not in California
Outside California,2021-02-10,5669,167350,1949,82094,3720,85256,0,0,3191,112243,2468,27505,3232,139748,Not in California
Outside California,2021-02-11,4894,172244,2273,84367,2621,87877,0,0,3544,114470,1335,28840,3562,143310,Not in California
Outside California,2021-02-12,5300,177544,1968,86335,3332,91209,0,0,3442,116071,1845,30685,3446,146756,Not in California
Outside California,2021-02-13,2434,179978,734,87069,1700,92909,0,0,1854,117359,578,31263,1866,148622,Not in California
Outside California,2021-02-14,1359,181337,424,87493,935,93844,0,0,1109,118224,246,31509,1111,149733,Not in California
Outside California,2021-02-15,2648,183985,1616,89109,1032,94876,0,0,1271,118138,1360,32869,1274,151007,Not in California
Outside California,2021-02-16,6472,190457,2917,92026,3555,98431,0,0,2592,116867,3869,36738,2598,153605,Not in California
Outside California,2021-02-17,6053,196510,3080,95106,2973,101404,0,0,1849,114533,4188,40926,1854,155459,Not in California
Outside California,2021-02-18,6614,203124,3786,98892,2828,104232,0,0,2095,112139,4490,45416,2096,157555,Not in California
Outside California,2021-02-19,5886,209010,4079,102971,1807,106039,0,0,2465,111194,3412,48828,2467,160022,Not in California
Outside California,2021-02-20,3516,212526,2854,105825,662,106701,0,0,1273,110231,2238,51066,1275,161297,Not in California
Outside California,2021-02-21,3018,215544,2793,108618,225,106926,0,0,910,109042,2099,53165,910,162207,Not in California
Outside California,2021-02-22,3550,219094,2606,111224,944,107870,0,0,1646,108795,1898,55063,1651,163858,Not in California
Outside California,2021-02-23,6088,225182,3382,114606,2706,110576,0,0,2348,107426,3731,58794,2362,166220,Not in California
Outside California,2021-02-24,6420,231602,3535,118141,2885,113461,0,0,2453,105925,3959,62753,2458,168678,Not in California
Outside California,2021-02-25,6924,238526,3502,121643,3422,116883,0,0,3067,105175,3824,66577,3074,171752,Not in California
Outside California,2021-02-26,6881,245407,3624,125267,3257,120140,0,0,3098,104578,3697,70274,3100,174852,Not in California
Outside California,2021-02-27,5470,250877,2752,128019,2717,122857,1,1,1881,102885,3578,73852,1885,176737,Not in California
Outside California,2021-02-28,2438,253315,1766,129785,671,123528,1,2,800,102053,1635,75487,803,177540,Not in California
Outside California,2021-03-01,4977,258292,3155,132940,1821,125349,1,3,1361,99815,3605,79092,1367,178907,Not in California
Outside California,2021-03-02,6733,265025,2488,135428,4245,129594,0,3,2066,97230,4653,83745,2068,180975,Not in California
Outside California,2021-03-03,7946,272971,3123,138551,4821,134415,2,5,2689,94684,5240,88985,2694,183669,Not in California
Outside California,2021-03-04,6834,279805,2909,141460,3919,138334,6,11,2321,92518,4495,93480,2329,185998,Not in California
Outside California,2021-03-05,5282,285087,2668,144128,2599,140933,15,26,2732,92735,2538,96018,2755,188753,Not in California
Outside California,2021-03-06,4607,289694,2141,146269,2310,143243,156,182,2334,92965,2269,98287,2499,191252,Not in California
Outside California,2021-03-07,1603,291297,1028,147297,519,143762,56,238,974,93369,628,98915,1032,192284,Not in California
Outside California,2021-03-08,3134,294431,1859,149156,1026,144788,249,487,2215,94951,890,99805,2472,194756,Not in California
Outside California,2021-03-09,4705,299136,2418,151574,1973,146761,314,801,2779,96122,1922,101727,3093,197849,Not in California
Outside California,2021-03-10,4407,303543,2108,153682,1787,148548,512,1313,2715,97674,1682,103409,3234,201083,Not in California
Outside California,2021-03-11,6167,309710,3155,156837,2334,150882,678,1991,3300,98791,2861,106270,3978,205061,Not in California
Outside California,2021-03-12,6467,316177,3885,160722,1858,152740,724,2715,3554,100166,2903,109173,4278,209339,Not in California
Outside California,2021-03-13,3819,319996,2202,162924,1146,153886,471,3186,2592,102012,1218,110391,3064,212403,Not in California
Outside California,2021-03-14,1797,321793,925,163849,531,154417,341,3527,981,102519,816,111207,1323,213726,Not in California
Outside California,2021-03-15,4038,325831,2116,165965,1452,155869,470,3997,2148,103258,1883,113090,2622,216348,Not in California
Outside California,2021-03-16,7523,333354,4374,170339,2759,158628,390,4387,4184,104492,3336,116426,4570,220918,Not in California
Outside California,2021-03-17,8432,341786,5455,175794,2595,161223,382,4769,5054,106557,3372,119798,5437,226355,Not in California
Outside California,2021-03-18,8310,350096,5126,180920,2639,163862,545,5314,4794,108390,3506,123304,5339,231694,Not in California
Outside California,2021-03-19,7315,357411,4339,185259,2434,166296,542,5856,4379,110386,2929,126233,4925,236619,Not in California
Outside California,2021-03-20,4746,362157,3130,188389,1527,167823,89,5945,3631,113002,1105,127338,3721,240340,Not in California
Outside California,2021-03-21,2092,364249,1434,189823,569,168392,89,6034,1672,114345,417,127755,1760,242100,Not in California
Outside California,2021-03-22,3272,367521,1978,191801,1205,169597,89,6123,2248,115664,1017,128772,2336,244436,Not in California
Outside California,2021-03-23,6082,373603,3101,194902,2678,172275,303,6426,4123,118146,1945,130717,4427,248863,Not in California
Outside California,2021-03-24,7326,380929,3753,198655,3124,175399,449,6875,5042,121359,2276,132993,5489,254352,Not in California
Outside California,2021-03-25,8260,389189,3832,202487,3902,179301,526,7401,5988,125616,2258,135251,6515,260867,Not in California
Outside California,2021-03-26,6679,395868,3529,206016,2972,182273,178,7579,4403,127944,2251,137502,4579,265446,Not in California
Outside California,2021-03-27,5539,401407,3103,209119,2220,184493,216,7795,3477,129582,2052,139554,3690,269136,Not in California
Outside California,2021-03-28,3076,404483,1646,210765,1269,185762,161,7956,1981,130635,1089,140643,2142,271278,Not in California
Outside California,2021-03-29,5186,409669,2300,213065,2541,188303,345,8301,2967,131733,2214,142857,3312,274590,Not in California
Outside California,2021-03-30,6885,416554,3619,216684,2698,191001,568,8869,4070,133574,2804,145661,4645,279235,Not in California
Outside California,2021-03-31,6337,422891,3778,220462,1780,192781,779,9648,3365,134749,2965,148626,4140,283375,Not in California
Outside California,2021-04-01,7585,430476,4551,225013,2379,195160,655,10303,4398,136615,3178,151804,5044,288419,Not in California
Outside California,2021-04-02,8446,438922,4493,229506,2814,197974,1139,11442,4369,138050,4068,155872,5503,293922,Not in California
Outside California,2021-04-03,6297,445219,3774,233280,1362,199336,1161,12603,3351,139626,2936,158808,4512,298434,Not in California
Outside California,2021-04-04,1781,447000,880,234160,662,199998,239,12842,970,140023,810,159618,1207,299641,Not in California
Outside California,2021-04-05,4149,451149,2011,236171,1470,201468,668,13510,1984,140514,2159,161777,2650,302291,Not in California
Outside California,2021-04-06,7157,458306,3843,240014,1670,203138,1644,15154,2857,140728,4283,166060,4497,306788,Not in California
Outside California,2021-04-07,8216,466522,4606,244620,1909,205047,1701,16855,3190,140594,5016,171076,4882,311670,Not in California
Outside California,2021-04-08,8268,474790,4345,248965,1982,207029,1941,18796,3304,140872,4952,176028,5230,316900,Not in California
Outside California,2021-04-09,7566,482356,3870,252835,1728,208757,1968,20764,2895,141073,4658,180686,4859,321759,Not in California
Outside California,2021-04-10,6110,488466,2985,255820,1264,210021,1861,22625,1675,140173,4425,185111,3525,325284,Not in California
Outside California,2021-04-11,2857,491323,1561,257381,651,210672,645,23270,970,139901,1884,186995,1612,326896,Not in California
Outside California,2021-04-12,4179,495502,2340,259721,1280,211952,559,23829,1859,140009,2311,189306,2419,329315,Not in California
Outside California,2021-04-13,5836,501338,3733,263454,2079,214031,24,23853,3021,140245,2809,192115,3045,332360,Not in California
Outside California,2021-04-14,5475,506813,3518,266972,1953,215984,4,23857,3024,140829,2444,194559,3028,335388,Not in California
Outside California,2021-04-15,6171,512984,3893,270865,2272,218256,6,23863,3321,141360,2797,197356,3328,338716,Not in California
Outside California,2021-04-16,5943,518927,3404,274269,2532,220788,7,23870,3317,142074,2613,199969,3327,342043,Not in California
Outside California,2021-04-17,5529,524456,3480,277749,2048,222836,1,23871,3200,142958,2317,202286,3201,345244,Not in California
Outside California,2021-04-18,2186,526642,1257,279006,928,223764,1,23872,1069,142919,1111,203397,1072,346316,Not in California
Outside California,2021-04-19,4172,530814,2002,281008,2169,225933,1,23873,2149,143061,2012,205409,2154,348470,Not in California
Outside California,2021-04-20,5486,536300,2546,283554,2940,228873,0,23873,2271,142127,3205,208614,2271,350741,Not in California
Outside California,2021-04-21,6633,542933,2877,286431,3751,232624,5,23878,2436,140393,4176,212790,2442,353183,Not in California
Outside California,2021-04-22,6933,549866,3578,290009,3353,235977,2,23880,2567,138611,4352,217142,2570,355753,Not in California
Outside California,2021-04-23,5963,555829,3063,293072,2899,238876,1,23881,2474,137617,3472,220614,2478,358231,Not in California
Outside California,2021-04-24,4674,560503,3050,296122,1619,240495,5,23886,1879,136716,2788,223402,1887,360118,Not in California
Outside California,2021-04-25,2220,562723,1251,297373,968,241463,1,23887,1172,136848,1044,224446,1176,361294,Not in California
Outside California,2021-04-26,4186,566909,1875,299248,2284,243747,27,23914,1907,136513,2269,226715,1934,363228,Not in California
Outside California,2021-04-27,5754,572663,2161,301409,3221,246968,372,24286,2018,135186,3726,230441,2399,365627,Not in California
Outside California,2021-04-28,4942,577605,2129,303538,2416,249384,397,24683,1961,134574,2966,233407,2354,367981,Not in California
Outside California,2021-04-29,4939,582544,2326,305864,2180,251564,433,25116,1883,133858,3033,236440,2317,370298,Not in California
Outside California,2021-04-30,4961,587505,2414,308278,2122,253686,425,25541,1889,133117,3058,239498,2317,372615,Not in California
Outside California,2021-05-01,3187,590692,1838,310116,919,254605,430,25971,1307,132985,1869,241367,1737,374352,Not in California
Outside California,2021-05-02,1848,592540,1083,311199,642,255247,123,26094,825,132913,1020,242387,948,375300,Not in California
Outside California,2021-05-03,2901,595441,1577,312776,1039,256286,285,26379,1121,132543,1775,244162,1405,376705,Not in California
Outside California,2021-05-04,3992,599433,2162,314938,1392,257678,438,26817,1332,131661,2650,246812,1768,378473,Not in California
Outside California,2021-05-05,4486,603919,2524,317462,1591,259269,371,27188,1619,130795,2859,249671,1993,380466,Not in California
Outside California,2021-05-06,4520,608439,2785,320247,1397,260666,338,27526,1585,129789,2929,252600,1923,382389,Not in California
Outside California,2021-05-07,4669,613108,2713,322960,1572,262238,384,27910,1616,128750,3039,255639,2000,384389,Not in California
Outside California,2021-05-08,3269,616377,2212,325172,807,263045,250,28160,1085,127911,2175,257814,1336,385725,Not in California
Outside California,2021-05-09,1389,617766,930,326102,337,263382,122,28282,575,127797,809,258623,695,386420,Not in California
Outside California,2021-05-10,2580,620346,1190,327292,1060,264442,330,28612,918,127392,1655,260278,1250,387670,Not in California
Outside California,2021-05-11,3078,623424,1505,328797,1271,265713,302,28914,1164,126950,1912,262190,1470,389140,Not in California
Outside California,2021-05-12,3226,626650,1565,330362,1335,267048,326,29240,1250,126554,1971,264161,1575,390715,Not in California
Outside California,2021-05-13,3212,629862,1874,332236,1130,268178,208,29448,1398,126352,1808,265969,1606,392321,Not in California
Outside California,2021-05-14,3559,633421,2005,334241,1318,269496,236,29684,1583,126206,1968,267937,1822,394143,Not in California
Outside California,2021-05-15,2638,636059,1551,335792,944,270440,143,29827,1133,125987,1497,269434,1278,395421,Not in California
Outside California,2021-05-16,1661,637720,1074,336866,518,270958,69,29896,762,125923,896,270330,832,396253,Not in California
Outside California,2021-05-17,3055,640775,1622,338488,1197,272155,236,30132,1302,125712,1749,272079,1538,397791,Not in California
Outside California,2021-05-18,3238,644013,1638,340126,1281,273436,319,30451,1438,125685,1787,273866,1760,399551,Not in California
Outside California,2021-05-19,3329,647342,1664,341790,1397,274833,268,30719,1437,125505,1884,275750,1704,401255,Not in California
Outside California,2021-05-20,3142,650484,1737,343527,1156,275989,249,30968,1403,125430,1729,277479,1654,402909,Not in California
Outside California,2021-05-21,3184,653668,1774,345301,1161,277150,249,31217,1348,125204,1823,279302,1597,404506,Not in California
Outside California,2021-05-22,2771,656439,1809,347110,760,277910,202,31419,1486,125615,1278,280580,1689,406195,Not in California
Outside California,2021-05-23,1548,657987,1009,348119,461,278371,78,31497,780,125707,767,281347,859,407054,Not in California
Outside California,2021-05-24,2408,660395,1152,349271,910,279281,346,31843,1057,125768,1342,282689,1403,408457,Not in California
Outside California,2021-05-25,2354,662749,1090,350361,931,280212,333,32176,993,125738,1353,284042,1323,409780,Not in California
Outside California,2021-05-26,2371,665120,1091,351452,924,281136,356,32532,980,125693,1383,285425,1338,411118,Not in California
Outside California,2021-05-27,2159,667279,1069,352521,803,281939,287,32819,968,125760,1186,286611,1253,412371,Not in California
Outside California,2021-05-28,2426,669705,1217,353738,858,282797,351,33170,1091,125875,1328,287939,1443,413814,Not in California
Outside California,2021-05-29,1649,671354,827,354565,467,283264,355,33525,687,125959,958,288897,1042,414856,Not in California
Outside California,2021-05-30,910,672264,555,355120,231,283495,124,33649,446,126069,460,289357,570,415426,Not in California
Outside California,2021-05-31,424,672688,186,355306,198,283693,40,33689,180,126057,232,289589,220,415646,Not in California
Outside California,2021-06-01,2133,674821,1119,356425,712,284405,302,33991,1009,126248,1120,290709,1311,416957,Not in California
Outside California,2021-06-02,2010,676831,992,357417,672,285077,346,34337,914,126422,1086,291795,1260,418217,Not in California
Outside California,2021-06-03,2135,678966,1170,358587,653,285730,312,34649,955,126515,1173,292968,1266,419483,Not in California
Outside California,2021-06-04,2515,681481,1395,359982,803,286533,317,34966,1079,126480,1430,294398,1395,420878,Not in California
Outside California,2021-06-05,1683,683164,1172,361154,349,286882,162,35128,753,126470,926,295324,916,421794,Not in California
Outside California,2021-06-06,921,684085,691,361845,149,287031,81,35209,433,126498,486,295810,514,422308,Not in California
Outside California,2021-06-07,1912,685997,1033,362878,550,287581,329,35538,794,126503,1117,296927,1122,423430,Not in California
Outside California,2021-06-08,2062,688059,1177,364055,542,288123,343,35881,790,126368,1267,298194,1132,424562,Not in California
Outside California,2021-06-09,1956,690015,1174,365229,499,288622,283,36164,800,126300,1150,299344,1082,425644,Not in California
Outside California,2021-06-10,1930,691945,1117,366346,506,289128,307,36471,822,126327,1103,300447,1130,426774,Not in California
Outside California,2021-06-11,2160,694105,1241,367587,592,289720,327,36798,917,126336,1236,301683,1245,428019,Not in California
Outside California,2021-06-12,1610,695715,1203,368790,281,290001,126,36924,632,126123,973,302656,760,428779,Not in California
Outside California,2021-06-13,937,696652,639,369429,198,290199,100,37024,412,126114,521,303177,512,429291,Not in California
Outside California,2021-06-14,1734,698386,971,370400,469,290668,294,37318,720,126118,1008,304185,1012,430303,Not in California
Outside California,2021-06-15,1714,700100,946,371346,492,291160,276,37594,766,126218,942,305127,1042,431345,Not in California
Outside California,2021-06-16,1662,701762,987,372333,454,291614,221,37815,801,126387,853,305980,1022,432367,Not in California
Outside California,2021-06-17,1829,703591,1012,373345,472,292086,345,38160,829,126563,998,306978,1174,433541,Not in California
Outside California,2021-06-18,1936,705527,1048,374393,432,292518,456,38616,822,126732,1108,308086,1277,434818,Not in California
Outside California,2021-06-19,1044,706571,687,375080,258,292776,99,38715,545,126880,495,308581,643,435461,Not in California
Outside California,2021-06-20,767,707338,556,375636,165,292941,46,38761,460,127082,304,308885,506,435967,Not in California
Outside California,2021-06-21,1265,708603,630,376266,323,293264,312,39073,687,127509,572,309457,999,436966,Not in California
Outside California,2021-06-22,1620,710223,1026,377292,344,293608,250,39323,869,127882,746,310203,1119,438085,Not in California
Outside California,2021-06-23,1661,711884,909,378201,431,294039,321,39644,790,128127,864,311067,1109,439194,Not in California
Outside California,2021-06-24,1514,713398,893,379094,344,294383,277,39921,788,128467,724,311791,1064,440258,Not in California
Outside California,2021-06-25,1755,715153,1001,380095,396,294779,358,40279,853,128778,898,312689,1209,441467,Not in California
Outside California,2021-06-26,1134,716287,739,380834,216,294995,179,40458,585,128998,545,313234,765,442232,Not in California
Outside California,2021-06-27,730,717017,565,381399,107,295102,58,40516,437,129201,291,313525,494,442726,Not in California
Outside California,2021-06-28,1136,718153,617,382016,245,295347,274,40790,556,129452,580,314105,831,443557,Not in California
Unknown,2020-12-17,2,2,2,2,0,0,0,0,0,0,0,0,0,0,Not in California
Unknown,2020-12-18,1,3,1,3,0,0,0,0,0,0,0,0,0,0,Not in California
Unknown,2020-12-21,4,7,4,7,0,0,0,0,0,0,0,0,0,0,Not in California
Unknown,2020-12-28,4,11,4,11,0,0,0,0,3,3,0,0,3,3,Not in California
Unknown,2020-12-29,5,16,4,15,1,1,0,0,6,9,0,0,6,9,Not in California
Unknown,2020-12-30,54,70,54,69,0,1,0,0,54,63,0,0,54,63,Not in California
Unknown,2020-12-31,1,71,0,69,1,2,0,0,0,63,0,0,0,63,Not in California
Unknown,2021-01-02,1,72,0,69,1,3,0,0,1,64,0,0,1,64,Not in California
Unknown,2021-01-04,3,75,3,72,0,3,0,0,2,66,0,0,2,66,Not in California
Unknown,2021-01-06,4,79,2,74,2,5,0,0,4,70,0,0,4,70,Not in California
Unknown,2021-01-07,69,148,68,142,1,6,0,0,68,138,0,0,68,138,Not in California
Unknown,2021-01-08,1,149,0,142,1,7,0,0,2,140,0,0,2,140,Not in California
Unknown,2021-01-09,2,151,2,144,0,7,0,0,3,143,0,0,3,143,Not in California
Unknown,2021-01-11,20,171,20,164,0,7,0,0,20,163,0,0,20,163,Not in California
Unknown,2021-01-12,12,183,11,175,1,8,0,0,10,173,1,1,11,174,Not in California
Unknown,2021-01-13,10,193,10,185,0,8,0,0,11,184,0,1,11,185,Not in California
Unknown,2021-01-14,3,196,3,188,0,8,0,0,3,187,0,1,3,188,Not in California
Unknown,2021-01-15,7,203,6,194,1,9,0,0,7,194,0,1,7,195,Not in California
Unknown,2021-01-16,6,209,6,200,0,9,0,0,6,200,0,1,6,201,Not in California
Unknown,2021-01-17,4,213,4,204,0,9,0,0,4,204,0,1,4,205,Not in California
Unknown,2021-01-18,55,268,55,259,0,9,0,0,53,255,2,3,53,258,Not in California
Unknown,2021-01-19,25,293,25,284,0,9,0,0,20,272,3,6,20,278,Not in California
Unknown,2021-01-20,81,374,81,365,0,9,0,0,29,248,53,59,29,307,Not in California
Unknown,2021-01-21,54,428,52,417,2,11,0,0,55,302,1,60,55,362,Not in California
Unknown,2021-01-22,35,463,31,448,4,15,0,0,35,337,0,60,35,397,Not in California
Unknown,2021-01-23,12,475,7,455,5,20,0,0,12,349,0,60,12,409,Not in California
Unknown,2021-01-24,2,477,2,457,0,20,0,0,3,352,0,60,3,412,Not in California
Unknown,2021-01-25,19,496,17,474,2,22,0,0,16,365,3,63,16,428,Not in California
Unknown,2021-01-26,87,583,86,560,1,23,0,0,89,453,1,64,89,517,Not in California
Unknown,2021-01-27,17,600,17,577,0,23,0,0,16,468,1,65,16,533,Not in California
Unknown,2021-01-28,150,750,148,725,2,25,0,0,93,501,60,125,93,626,Not in California
Unknown,2021-01-29,141,891,141,866,0,25,0,0,145,645,1,126,145,771,Not in California
Unknown,2021-01-30,11,902,9,875,2,27,0,0,13,656,2,128,13,784,Not in California
Unknown,2021-01-31,15,917,15,890,0,27,0,0,16,672,0,128,16,800,Not in California
Unknown,2021-02-01,37,954,35,925,2,29,0,0,20,673,19,147,20,820,Not in California
Unknown,2021-02-02,66,1020,65,990,1,30,0,0,57,722,8,155,57,877,Not in California
Unknown,2021-02-03,44,1064,43,1033,1,31,0,0,32,743,11,166,32,909,Not in California
Unknown,2021-02-04,60,1124,55,1088,5,36,0,0,54,791,6,172,54,963,Not in California
Unknown,2021-02-05,19,1143,15,1103,4,40,0,0,14,800,5,177,14,977,Not in California
Unknown,2021-02-06,15,1158,15,1118,0,40,0,0,10,804,6,183,10,987,Not in California
Unknown,2021-02-07,9,1167,9,1127,0,40,0,0,7,809,2,185,7,994,Not in California
Unknown,2021-02-08,56,1223,53,1180,3,43,0,0,15,783,41,226,15,1009,Not in California
Unknown,2021-02-09,19,1242,19,1199,0,43,0,0,4,772,15,241,4,1013,Not in California
Unknown,2021-02-10,34,1276,30,1229,4,47,0,0,9,756,25,266,9,1022,Not in California
Unknown,2021-02-11,88,1364,87,1316,1,48,0,0,43,753,46,312,43,1065,Not in California
Unknown,2021-02-12,45,1409,37,1353,8,56,0,0,14,736,31,343,14,1079,Not in California
Unknown,2021-02-13,12,1421,5,1358,7,63,0,0,8,740,4,347,8,1087,Not in California
Unknown,2021-02-14,7,1428,2,1360,5,68,0,0,4,742,2,349,4,1091,Not in California
Unknown,2021-02-15,44,1472,38,1398,6,74,0,0,28,756,14,363,28,1119,Not in California
Unknown,2021-02-16,113,1585,102,1500,11,85,0,0,33,709,80,443,33,1152,Not in California
Unknown,2021-02-17,12,1597,10,1510,2,87,0,0,4,706,7,450,4,1156,Not in California
Unknown,2021-02-18,103,1700,98,1608,5,92,0,0,17,637,86,536,17,1173,Not in California
Unknown,2021-02-19,192,1892,187,1795,5,97,0,0,53,552,138,674,53,1226,Not in California
Unknown,2021-02-20,8,1900,6,1801,2,99,0,0,2,548,6,680,2,1228,Not in California
Unknown,2021-02-21,15,1915,15,1816,0,99,0,0,1,535,14,694,1,1229,Not in California
Unknown,2021-02-22,8,1923,8,1824,0,99,0,0,5,537,3,697,5,1234,Not in California
Unknown,2021-02-23,60,1983,49,1873,11,110,0,0,15,508,44,741,15,1249,Not in California
Unknown,2021-02-24,39,2022,31,1904,8,118,0,0,14,497,25,766,14,1263,Not in California
Unknown,2021-02-25,68,2090,55,1959,13,131,0,0,24,476,45,811,24,1287,Not in California
Unknown,2021-02-26,38,2128,24,1983,14,145,0,0,20,482,14,825,20,1307,Not in California
Unknown,2021-02-27,24,2152,17,2000,7,152,0,0,12,486,8,833,12,1319,Not in California
Unknown,2021-02-28,18,2170,13,2013,5,157,0,0,11,492,5,838,11,1330,Not in California
Unknown,2021-03-01,44,2214,26,2039,18,175,0,0,24,497,19,857,24,1354,Not in California
Unknown,2021-03-02,20,2234,9,2048,11,186,0,0,12,503,6,863,12,1366,Not in California
Unknown,2021-03-03,11,2245,7,2055,4,190,0,0,7,507,3,866,7,1373,Not in California
Unknown,2021-03-04,43,2288,40,2095,3,193,0,0,13,490,30,896,13,1386,Not in California
Unknown,2021-03-05,25,2313,15,2110,10,203,0,0,23,507,6,902,23,1409,Not in California
Unknown,2021-03-06,20,2333,12,2122,6,209,2,2,16,521,4,906,18,1427,Not in California
Unknown,2021-03-07,1,2334,1,2123,0,209,0,2,2,523,0,906,2,1429,Not in California
Unknown,2021-03-08,31,2365,22,2145,7,216,2,4,7,507,25,931,9,1438,Not in California
Unknown,2021-03-09,37,2402,30,2175,3,219,4,8,9,491,29,960,13,1451,Not in California
Unknown,2021-03-10,9,2411,5,2180,1,220,3,11,5,494,5,965,8,1459,Not in California
Unknown,2021-03-11,29,2440,13,2193,2,222,14,25,7,494,21,986,21,1480,Not in California
Unknown,2021-03-12,67,2507,52,2245,10,232,5,30,10,454,55,1041,15,1495,Not in California
Unknown,2021-03-13,15,2522,4,2249,7,239,4,34,6,454,10,1051,10,1505,Not in California
Unknown,2021-03-14,14,2536,6,2255,6,245,2,36,5,453,8,1059,7,1512,Not in California
Unknown,2021-03-15,29,2565,10,2265,17,262,2,38,19,462,12,1071,21,1533,Not in California
Unknown,2021-03-16,49,2614,21,2286,24,286,4,42,28,473,21,1092,32,1565,Not in California
Unknown,2021-03-17,37,2651,14,2300,22,308,1,43,32,502,4,1096,33,1598,Not in California
Unknown,2021-03-18,32,2683,19,2319,13,321,0,43,20,511,11,1107,20,1618,Not in California
Unknown,2021-03-19,28,2711,18,2337,10,331,0,43,23,527,7,1114,23,1641,Not in California
Unknown,2021-03-20,28,2739,15,2352,13,344,0,43,15,531,11,1125,15,1656,Not in California
Unknown,2021-03-21,20,2759,14,2366,6,350,0,43,16,544,3,1128,16,1672,Not in California
Unknown,2021-03-22,36,2795,19,2385,16,366,1,44,18,551,12,1140,19,1691,Not in California
Unknown,2021-03-23,26,2821,11,2396,10,376,5,49,13,558,11,1151,18,1709,Not in California
Unknown,2021-03-24,23,2844,10,2406,13,389,0,49,18,571,5,1156,18,1727,Not in California
Unknown,2021-03-25,37,2881,24,2430,13,402,0,49,27,589,9,1165,27,1754,Not in California
Unknown,2021-03-26,37,2918,21,2451,11,413,5,54,18,597,15,1180,23,1777,Not in California
Unknown,2021-03-27,33,2951,15,2466,15,428,3,57,18,600,18,1198,21,1798,Not in California
Unknown,2021-03-28,18,2969,9,2475,9,437,0,57,12,607,5,1203,12,1810,Not in California
Unknown,2021-03-29,40,3009,19,2494,21,458,0,57,24,619,12,1215,24,1834,Not in California
Unknown,2021-03-30,42,3051,27,2521,15,473,0,57,25,629,15,1230,25,1859,Not in California
Unknown,2021-03-31,36,3087,22,2543,14,487,0,57,26,644,11,1241,26,1885,Not in California
Unknown,2021-04-01,23,3110,15,2558,8,495,0,57,17,656,5,1246,17,1902,Not in California
Unknown,2021-04-02,39,3149,17,2575,13,508,9,66,16,658,23,1269,25,1927,Not in California
Unknown,2021-04-03,20,3169,10,2585,10,518,0,66,14,662,10,1279,14,1941,Not in California
Unknown,2021-04-04,15,3184,4,2589,11,529,0,66,9,666,5,1284,9,1950,Not in California
Unknown,2021-04-05,32,3216,18,2607,13,542,1,67,16,669,14,1298,17,1967,Not in California
Unknown,2021-04-06,23,3239,15,2622,7,549,1,68,12,671,11,1309,13,1980,Not in California
Unknown,2021-04-07,36,3275,24,2646,11,560,1,69,26,688,9,1318,26,2006,Not in California
Unknown,2021-04-08,39,3314,26,2672,7,567,6,75,18,691,21,1339,24,2030,Not in California
Unknown,2021-04-09,35,3349,24,2696,11,578,0,75,24,704,11,1350,24,2054,Not in California
Unknown,2021-04-10,11,3360,9,2705,1,579,1,76,5,703,7,1357,6,2060,Not in California
Unknown,2021-04-11,11,3371,7,2712,4,583,0,76,5,703,5,1362,5,2065,Not in California
Unknown,2021-04-12,38,3409,21,2733,16,599,1,77,18,700,22,1384,19,2084,Not in California
Unknown,2021-04-13,48,3457,29,2762,19,618,0,77,18,690,28,1412,18,2102,Not in California
Unknown,2021-04-14,29,3486,9,2771,20,638,0,77,6,673,23,1435,6,2108,Not in California
Unknown,2021-04-15,32,3518,17,2788,14,652,1,78,12,664,21,1456,12,2120,Not in California
Unknown,2021-04-16,27,3545,17,2805,10,662,0,78,10,658,16,1472,10,2130,Not in California
Unknown,2021-04-17,26,3571,17,2822,9,671,0,78,10,654,15,1487,11,2141,Not in California
Unknown,2021-04-18,24,3595,12,2834,12,683,0,78,9,647,16,1503,9,2150,Not in California
Unknown,2021-04-19,35,3630,22,2856,13,696,0,78,14,641,20,1523,14,2164,Not in California
Unknown,2021-04-20,27,3657,17,2873,10,706,0,78,6,626,21,1544,6,2170,Not in California
Unknown,2021-04-21,46,3703,26,2899,20,726,0,78,18,615,29,1573,18,2188,Not in California
Unknown,2021-04-22,26,3729,18,2917,8,734,0,78,6,602,19,1592,6,2194,Not in California
Unknown,2021-04-23,32,3761,17,2934,15,749,0,78,16,604,14,1606,16,2210,Not in California
Unknown,2021-04-24,33,3794,23,2957,10,759,0,78,18,608,14,1620,18,2228,Not in California
Unknown,2021-04-25,21,3815,9,2966,12,771,0,78,9,605,12,1632,9,2237,Not in California
Unknown,2021-04-26,31,3846,19,2985,12,783,0,78,13,601,17,1649,13,2250,Not in California
Unknown,2021-04-27,32,3878,19,3004,12,795,1,79,10,592,20,1669,11,2261,Not in California
Unknown,2021-04-28,28,3906,19,3023,7,802,2,81,8,582,20,1689,10,2271,Not in California
Unknown,2021-04-29,36,3942,23,3046,13,815,0,81,16,576,22,1711,16,2287,Not in California
Unknown,2021-04-30,32,3974,17,3063,10,825,5,86,17,582,16,1727,22,2309,Not in California
Unknown,2021-05-01,30,4004,22,3085,8,833,0,86,18,589,11,1738,18,2327,Not in California
Unknown,2021-05-02,14,4018,6,3091,7,840,1,87,5,587,8,1746,6,2333,Not in California
Unknown,2021-05-03,26,4044,18,3109,5,845,3,90,7,577,19,1765,9,2342,Not in California
Unknown,2021-05-04,20,4064,11,3120,5,850,4,94,6,572,15,1780,10,2352,Not in California
Unknown,2021-05-05,27,4091,12,3132,14,864,1,95,13,571,15,1795,14,2366,Not in California
Unknown,2021-05-06,36,4127,21,3153,8,872,7,102,12,566,24,1819,19,2385,Not in California
Unknown,2021-05-07,29,4156,14,3167,11,883,4,106,10,560,20,1839,14,2399,Not in California
Unknown,2021-05-08,17,4173,12,3179,3,886,2,108,6,558,10,1849,8,2407,Not in California
Unknown,2021-05-09,18,4191,5,3184,9,895,4,112,9,562,9,1858,13,2420,Not in California
Unknown,2021-05-10,21,4212,11,3195,7,902,3,115,3,552,16,1874,6,2426,Not in California
Unknown,2021-05-11,18,4230,10,3205,4,906,4,119,10,558,8,1882,14,2440,Not in California
Unknown,2021-05-12,16,4246,11,3216,4,910,1,120,4,552,11,1893,5,2445,Not in California
Unknown,2021-05-13,19,4265,12,3228,2,912,5,125,11,560,9,1902,17,2462,Not in California
Unknown,2021-05-14,26,4291,21,3249,4,916,1,126,14,563,11,1913,14,2476,Not in California
Unknown,2021-05-15,23,4314,20,3269,3,919,0,126,14,568,9,1922,14,2490,Not in California
Unknown,2021-05-16,31,4345,22,3291,8,927,1,127,19,576,12,1934,20,2510,Not in California
Unknown,2021-05-17,27,4372,21,3312,4,931,2,129,13,578,13,1947,15,2525,Not in California
Unknown,2021-05-18,35,4407,24,3336,9,940,2,131,23,591,12,1959,25,2550,Not in California
Unknown,2021-05-19,32,4439,23,3359,8,948,1,132,11,584,19,1978,12,2562,Not in California
Unknown,2021-05-20,21,4460,16,3375,4,952,1,133,12,589,8,1986,13,2575,Not in California
Unknown,2021-05-21,25,4485,14,3389,7,959,4,137,11,589,15,2001,15,2590,Not in California
Unknown,2021-05-22,31,4516,25,3414,5,964,1,138,13,587,16,2017,14,2604,Not in California
Unknown,2021-05-23,12,4528,8,3422,4,968,0,138,6,587,6,2023,6,2610,Not in California
Unknown,2021-05-24,13,4541,9,3431,3,971,1,139,8,591,5,2028,9,2619,Not in California
Unknown,2021-05-25,22,4563,11,3442,5,976,6,145,8,592,13,2041,14,2633,Not in California
Unknown,2021-05-26,12,4575,9,3451,2,978,1,146,3,587,9,2050,4,2637,Not in California
Unknown,2021-05-27,23,4598,16,3467,5,983,2,148,6,580,15,2065,8,2645,Not in California
Unknown,2021-05-28,23,4621,13,3480,5,988,5,153,13,588,10,2075,18,2663,Not in California
Unknown,2021-05-29,30,4651,24,3504,6,994,0,153,24,606,6,2081,24,2687,Not in California
Unknown,2021-05-30,9,4660,6,3510,2,996,1,154,4,606,5,2086,5,2692,Not in California
Unknown,2021-05-31,2,4662,1,3511,1,997,0,154,0,604,2,2088,0,2692,Not in California
Unknown,2021-06-01,31,4693,18,3529,7,1004,6,160,14,608,16,2104,20,2712,Not in California
Unknown,2021-06-02,9,4702,5,3534,4,1008,0,160,3,605,6,2110,3,2715,Not in California
Unknown,2021-06-03,20,4722,18,3552,2,1010,0,160,9,603,11,2121,9,2724,Not in California
Unknown,2021-06-04,30,4752,20,3572,10,1020,0,160,17,607,13,2134,17,2741,Not in California
Unknown,2021-06-05,31,4783,21,3593,9,1029,1,161,16,609,15,2149,17,2758,Not in California
Unknown,2021-06-06,29,4812,21,3614,5,1034,3,164,9,601,20,2169,12,2770,Not in California
Unknown,2021-06-07,21,4833,10,3624,8,1042,3,167,8,599,13,2182,11,2781,Not in California
Unknown,2021-06-08,23,4856,15,3639,5,1047,3,170,6,591,17,2199,9,2790,Not in California
Unknown,2021-06-09,30,4886,19,3658,10,1057,1,171,17,597,12,2211,18,2808,Not in California
Unknown,2021-06-10,16,4902,13,3671,3,1060,0,171,6,593,10,2221,6,2814,Not in California
Unknown,2021-06-11,10,4912,8,3679,1,1061,1,172,5,594,5,2226,6,2820,Not in California
Unknown,2021-06-12,18,4930,13,3692,5,1066,0,172,11,598,7,2233,11,2831,Not in California
Unknown,2021-06-13,11,4941,7,3699,4,1070,0,172,3,593,8,2241,3,2834,Not in California
Unknown,2021-06-14,12,4953,11,3710,1,1071,0,172,4,589,8,2249,4,2838,Not in California
Unknown,2021-06-15,27,4980,18,3728,9,1080,0,172,11,584,16,2265,11,2849,Not in California
Unknown,2021-06-16,7,4987,4,3732,3,1083,0,172,5,588,1,2266,5,2854,Not in California
Unknown,2021-06-17,18,5005,11,3743,5,1088,2,174,12,597,5,2271,14,2868,Not in California
Unknown,2021-06-18,20,5025,16,3759,4,1092,0,174,12,601,8,2279,12,2880,Not in California
Unknown,2021-06-19,15,5040,12,3771,2,1094,1,175,2,591,13,2292,3,2883,Not in California
Unknown,2021-06-20,13,5053,10,3781,1,1095,2,177,6,592,7,2299,8,2891,Not in California
Unknown,2021-06-21,14,5067,10,3791,4,1099,0,177,9,596,5,2304,9,2900,Not in California
Unknown,2021-06-22,21,5088,15,3806,6,1105,0,177,15,605,6,2310,15,2915,Not in California
Unknown,2021-06-23,11,5099,6,3812,4,1109,1,178,8,611,3,2313,9,2924,Not in California
Unknown,2021-06-24,13,5112,6,3818,6,1115,1,179,8,615,5,2318,9,2933,Not in California
Unknown,2021-06-25,13,5125,12,3830,1,1116,0,179,8,619,4,2322,8,2941,Not in California
Unknown,2021-06-26,13,5138,13,3843,0,1116,0,179,10,626,3,2325,10,2951,Not in California
Unknown,2021-06-27,23,5161,18,3861,3,1119,2,181,12,629,11,2336,14,2965,Not in California
Unknown,2021-06-28,11,5172,7,3868,4,1123,0,181,9,636,2,2338,9,2974,Not in California
Alameda,2020-12-15,37,37,37,37,0,0,0,0,37,37,0,0,37,37,California
Alameda,2020-12-16,210,247,210,247,0,0,0,0,210,247,0,0,210,247,California
Alameda,2020-12-17,512,759,512,759,0,0,0,0,512,759,0,0,512,759,California
Alameda,2020-12-18,1928,2687,1927,2686,1,1,0,0,1928,2687,0,0,1928,2687,California
Alameda,2020-12-19,1436,4123,1436,4122,0,1,0,0,1436,4123,0,0,1436,4123,California
Alameda,2020-12-20,1187,5310,1186,5308,1,2,0,0,1186,5308,1,1,1186,5309,California
Alameda,2020-12-21,1854,7164,1852,7160,2,4,0,0,1853,7161,0,1,1853,7162,California
Alameda,2020-12-22,2108,9272,2054,9214,54,58,0,0,2107,9267,1,2,2107,9269,California
Alameda,2020-12-23,1950,11222,1694,10908,256,314,0,0,1950,11217,0,2,1950,11219,California
Alameda,2020-12-24,1224,12446,759,11667,465,779,0,0,1224,12441,0,2,1224,12443,California
Alameda,2020-12-25,164,12610,127,11794,37,816,0,0,164,12605,0,2,164,12607,California
Alameda,2020-12-26,866,13476,325,12119,541,1357,0,0,866,13471,0,2,866,13473,California
Alameda,2020-12-27,499,13975,257,12376,242,1599,0,0,499,13970,0,2,499,13972,California
Alameda,2020-12-28,1895,15870,967,13343,928,2527,0,0,1895,15865,0,2,1895,15867,California
Alameda,2020-12-29,2493,18363,1080,14423,1413,3940,0,0,2492,18357,0,2,2492,18359,California
Alameda,2020-12-30,3106,21469,1330,15753,1776,5716,0,0,3106,21463,0,2,3106,21465,California
Alameda,2020-12-31,1807,23276,447,16200,1360,7076,0,0,1805,23267,1,3,1805,23270,California
Alameda,2021-01-01,180,23456,75,16275,105,7181,0,0,178,23443,2,5,178,23448,California
Alameda,2021-01-02,728,24184,527,16802,201,7382,0,0,727,24170,0,5,727,24175,California
Alameda,2021-01-03,337,24521,218,17020,119,7501,0,0,334,24501,3,8,334,24509,California
Alameda,2021-01-04,1624,26145,913,17933,711,8212,0,0,1612,26102,11,19,1612,26121,California
Alameda,2021-01-05,2228,28373,1284,19217,944,9156,0,0,1974,27825,251,270,1974,28095,California
Alameda,2021-01-06,3287,31660,1815,21032,1472,10628,0,0,2407,29358,877,1147,2410,30505,California
Alameda,2021-01-07,3843,35503,2160,23192,1683,12311,0,0,2641,30811,1193,2340,2646,33151,California
Alameda,2021-01-08,4785,40288,2739,25931,2046,14357,0,0,3034,32104,1746,4086,3039,36190,California
Alameda,2021-01-09,2040,42328,1388,27319,652,15009,0,0,1171,32406,869,4955,1171,37361,California
Alameda,2021-01-10,1070,43398,845,28164,225,15234,0,0,431,32197,640,5595,431,37792,California
Alameda,2021-01-11,4684,48082,3542,31706,1142,16376,0,0,2866,33254,1816,7411,2873,40665,California
Alameda,2021-01-12,4866,52948,3281,34987,1585,17961,0,0,3454,35301,1410,8821,3457,44122,California
Alameda,2021-01-13,5070,58018,2689,37676,2381,20342,0,0,3858,37953,1208,10029,3860,47982,California
Alameda,2021-01-14,5692,63710,2817,40493,2875,23217,0,0,4785,41843,898,10927,4788,52770,California
Alameda,2021-01-15,5883,69593,2337,42830,3546,26763,0,0,5098,46167,778,11705,5102,57872,California
Alameda,2021-01-16,3022,72615,1403,44233,1619,28382,0,0,2750,48645,273,11978,2751,60623,California
Alameda,2021-01-17,1890,74505,1093,45326,797,29179,0,0,1682,50120,208,12186,1683,62306,California
Alameda,2021-01-18,3205,77710,2054,47380,1151,30330,0,0,2608,52138,592,12778,2610,64916,California
Alameda,2021-01-19,5563,83273,3341,50721,2222,32552,0,0,4362,55303,1199,13977,4364,69280,California
Alameda,2021-01-20,6949,90222,4253,54974,2696,35248,0,0,5643,59657,1293,15270,5647,74927,California
Alameda,2021-01-21,8200,98422,3779,58753,4421,39669,0,0,7341,66152,851,16121,7346,82273,California
Alameda,2021-01-22,6924,105346,2069,60822,4855,44524,0,0,5766,70770,1149,17270,5767,88040,California
Alameda,2021-01-23,3305,108651,955,61777,2350,46874,0,0,2748,72962,556,17826,2748,90788,California
Alameda,2021-01-24,2052,110703,656,62433,1396,48270,0,0,1776,74466,272,18098,1776,92564,California
Alameda,2021-01-25,5231,115934,1982,64415,3249,51519,0,0,3642,76528,1581,19679,3643,96207,California
Alameda,2021-01-26,7381,123315,2328,66743,5053,56572,0,0,5475,80106,1898,21577,5476,101683,California
Alameda,2021-01-27,6768,130083,2082,68825,4686,61258,0,0,4889,83128,1867,23444,4889,106572,California
Alameda,2021-01-28,7945,138028,2562,71387,5383,66641,0,0,5682,86565,2247,25691,5684,112256,California
Alameda,2021-01-29,8042,146070,3198,74585,4844,71485,0,0,6184,90904,1847,27538,6186,118442,California
Alameda,2021-01-30,3464,149534,1699,76284,1765,73250,0,0,2746,92939,711,28249,2746,121188,California
Alameda,2021-01-31,1933,151467,958,77242,975,74225,0,0,1691,94391,239,28488,1691,122879,California
Alameda,2021-02-01,6532,157999,3898,81140,2634,76859,0,0,4373,96618,2147,30635,4374,127253,California
Alameda,2021-02-02,7096,165095,3815,84955,3281,80140,0,0,4754,99041,2331,32966,4754,132007,California
Alameda,2021-02-03,7156,172251,3774,88729,3382,83522,0,0,4433,100764,2716,35682,4439,136446,California
Alameda,2021-02-04,9618,181869,4177,92906,5441,88963,0,0,6469,104102,3136,38818,6474,142920,California
Alameda,2021-02-05,10395,192264,5417,98323,4978,93941,0,0,6486,106693,3902,42720,6493,149413,California
Alameda,2021-02-06,7038,199302,4464,102787,2574,96515,0,0,5890,111440,1144,43864,5891,155304,California
Alameda,2021-02-07,3591,202893,2898,105685,693,97208,0,0,2642,113137,946,44810,2643,157947,California
Alameda,2021-02-08,8170,211063,5839,111524,2331,99539,0,0,5572,116123,2588,47398,5574,163521,California
Alameda,2021-02-09,9774,220837,5894,117418,3880,103419,0,0,6092,118556,3661,51059,6094,169615,California
Alameda,2021-02-10,11588,232425,6845,124263,4743,108162,0,0,6499,119990,5073,56132,6507,176122,California
Alameda,2021-02-11,14068,246493,8062,132325,6006,114168,0,0,8137,122217,5913,62045,8140,184262,California
Alameda,2021-02-12,12683,259176,5770,138095,6913,121081,0,0,7826,125213,4833,66878,7829,192091,California
Alameda,2021-02-13,7886,267062,4088,142183,3798,124879,0,0,5885,129105,1995,68873,5887,197978,California
Alameda,2021-02-14,4072,271134,2565,144748,1507,126386,0,0,2881,130806,1183,70056,2884,200862,California
Alameda,2021-02-15,5712,276846,3209,147957,2503,128889,0,0,3705,132510,2004,72060,3708,204570,California
Alameda,2021-02-16,12636,289482,7016,154973,5620,134509,0,0,9350,138596,3273,75333,9359,213929,California
Alameda,2021-02-17,14273,303755,8475,163448,5798,140307,0,0,10573,145490,3681,79014,10575,224504,California
Alameda,2021-02-18,16043,319798,10184,173632,5859,146166,0,0,11632,152728,4400,83414,11638,236142,California
Alameda,2021-02-19,18017,337815,11686,185318,6331,152497,0,0,11875,158500,6108,89522,11880,248022,California
Alameda,2021-02-20,12178,349993,9839,195157,2339,154836,0,0,9324,164985,2845,92367,9330,257352,California
Alameda,2021-02-21,7959,357952,6976,202133,983,155819,0,0,5347,167734,2600,94967,5349,262701,California
Alameda,2021-02-22,11102,369054,8186,210319,2916,158735,0,0,6969,170593,4119,99086,6978,269679,California
Alameda,2021-02-23,13155,382209,7988,218307,5167,163902,0,0,8155,173765,4990,104076,8162,277841,California
Alameda,2021-02-24,14962,397171,8431,226738,6531,170433,0,0,9646,178165,5252,109328,9652,287493,California
Alameda,2021-02-25,16135,413306,9347,236085,6788,177221,0,0,10157,182387,5946,115274,10168,297661,California
Alameda,2021-02-26,18786,432092,10961,247046,7825,185046,0,0,11906,187465,6834,122108,11912,309573,California
Alameda,2021-02-27,15278,447370,11269,258315,4007,189053,2,2,9435,191087,5818,127926,9440,319013,California
Alameda,2021-02-28,10181,457551,8490,266805,1690,190743,1,3,6596,194129,3557,131483,6599,325612,California
Alameda,2021-03-01,14190,471741,9804,276609,4375,195118,11,14,8671,197350,5468,136951,8689,334301,California
Alameda,2021-03-02,15151,486892,10892,287501,4258,199376,1,15,9906,202042,5223,142174,9915,344216,California
Alameda,2021-03-03,15935,502827,10447,297948,5485,204861,3,18,10891,207927,5014,147188,10899,355115,California
Alameda,2021-03-04,17588,520415,11282,309230,6304,211165,2,20,11067,212518,6479,153667,11070,366185,California
Alameda,2021-03-05,16404,536819,10727,319957,5667,216832,10,30,11061,218301,5296,158963,11079,377264,California
Alameda,2021-03-06,14649,551468,10322,330279,4061,220893,266,296,9694,223355,4907,163870,9961,387225,California
Alameda,2021-03-07,9833,561301,8535,338814,1213,222106,85,381,7023,227686,2779,166649,7110,394335,California
Alameda,2021-03-08,12066,573367,7509,346323,4175,226281,382,763,9017,234085,2998,169647,9397,403732,California
Alameda,2021-03-09,14817,588184,10378,356701,4007,230288,432,1195,8066,235870,6715,176362,8500,412232,California
Alameda,2021-03-10,17675,605859,12233,368934,4875,235163,567,1762,7950,234688,9695,186057,8513,420745,California
Alameda,2021-03-11,19961,625820,11690,380624,6554,241717,1717,3479,6786,230034,13143,199200,8489,429234,California
Alameda,2021-03-12,21559,647379,12590,393214,7258,248975,1711,5190,7442,225088,14085,213285,9139,438373,California
Alameda,2021-03-13,16251,663630,10411,403625,4834,253809,1006,6196,5159,220187,11055,224340,6154,444527,California
Alameda,2021-03-14,10962,674592,8062,411687,2104,255913,796,6992,3323,216683,7616,231956,4112,448639,California
Alameda,2021-03-15,14600,689192,9539,421226,4523,260436,538,7530,6289,215229,8278,240234,6824,455463,California
Alameda,2021-03-16,17419,706611,11284,432510,5585,266021,550,8080,7451,213319,9913,250147,8003,463466,California
Alameda,2021-03-17,17818,724429,10117,442627,6965,272986,736,8816,8288,212860,9481,259628,9022,472488,California
Alameda,2021-03-18,19507,743936,10673,453300,7933,280919,901,9717,8876,212041,10600,270228,9781,482269,California
Alameda,2021-03-19,19784,763720,10881,464181,7089,288008,1814,11531,7828,209774,11899,282127,9632,491901,California
Alameda,2021-03-20,15944,779664,10448,474629,4634,292642,862,12393,6392,207505,9516,291643,7247,499148,California
Alameda,2021-03-21,9323,788987,7328,481957,1438,294080,557,12950,3438,205627,5874,297517,3996,503144,California
Alameda,2021-03-22,15343,804330,10335,492292,3991,298071,1017,13967,6994,205325,8315,305832,8013,511157,California
Alameda,2021-03-23,19642,823972,11919,504211,6904,304975,819,14786,10024,206609,9567,315399,10851,522008,California
Alameda,2021-03-24,19533,843505,11819,516030,6687,311662,1027,15813,8580,205317,10889,326288,9597,531605,California
Alameda,2021-03-25,20829,864334,11598,527628,7819,319481,1412,17225,9561,205080,11197,337485,10960,542565,California
Alameda,2021-03-26,21218,885552,12799,540427,6843,326324,1576,18801,8599,202673,12569,350054,10162,552727,California
Alameda,2021-03-27,18507,904059,12622,553049,4927,331251,958,19759,7604,200368,10854,360908,8549,561276,California
Alameda,2021-03-28,10731,914790,8726,561775,1800,333051,205,19964,3493,196856,7218,368126,3706,564982,California
Alameda,2021-03-29,14932,929722,9517,571292,4415,337466,1000,20964,5987,194935,8905,377031,6984,571966,California
Alameda,2021-03-30,18880,948602,9933,581225,7222,344688,1725,22689,9488,196780,9357,386388,11202,583168,California
Alameda,2021-03-31,19686,968288,10391,591616,7176,351864,2119,24808,9223,197676,10431,396819,11327,594495,California
Alameda,2021-04-01,23622,991910,10166,601782,7758,359622,5698,30506,11233,202238,12333,409152,16895,611390,California
Alameda,2021-04-02,24404,1016314,10034,611816,8481,368103,5889,36395,11853,207429,12509,421661,17700,629090,California
Alameda,2021-04-03,20531,1036845,9935,621751,5724,373827,4872,41267,10364,212511,10142,431803,15224,644314,California
Alameda,2021-04-04,10022,1046867,4006,625757,2304,376131,3712,44979,3464,213141,6538,438341,7168,651482,California
Alameda,2021-04-05,17996,1064863,7592,633349,5589,381720,4815,49794,7343,214666,10626,448967,12151,663633,California
Alameda,2021-04-06,22452,1087315,10816,644165,5760,387480,5876,55670,10217,218533,12196,461163,16063,679696,California
Alameda,2021-04-07,22804,1110119,11721,655886,5586,393066,5497,61167,11532,224316,11225,472388,17008,696704,California
Alameda,2021-04-08,25815,1135934,11671,667557,6103,399169,8041,69208,11053,228702,14680,487068,19066,715770,California
Alameda,2021-04-09,23695,1159629,10828,678385,7596,406765,5271,74479,12189,234689,11469,498537,17456,733226,California
Alameda,2021-04-10,19479,1179108,7519,685904,5723,412488,6237,80716,8274,238002,11176,509713,14489,747715,California
Alameda,2021-04-11,11108,1190216,4872,690776,2274,414762,3962,84678,4541,239939,6548,516261,8485,756200,California
Alameda,2021-04-12,18320,1208536,11884,702660,4437,419199,1999,86677,10311,244274,7968,524229,12303,768503,California
Alameda,2021-04-13,23277,1231813,14752,717412,8464,427663,61,86738,17090,255302,6130,530359,17158,785661,California
Alameda,2021-04-14,23407,1255220,15349,732761,8056,435719,2,86740,15672,263289,7693,538052,15680,801341,California
Alameda,2021-04-15,24480,1279700,15608,748369,8867,444586,5,86745,16127,271144,8288,546340,16143,817484,California
Alameda,2021-04-16,24885,1304585,14647,763016,10231,454817,7,86752,15881,278109,8939,555279,15904,833388,California
Alameda,2021-04-17,21197,1325782,14648,777664,6547,461364,2,86754,14642,286255,6512,561791,14658,848046,California
Alameda,2021-04-18,10434,1336216,8055,785719,2379,463743,0,86754,7212,290287,3189,564980,7221,855267,California
Alameda,2021-04-19,15975,1352191,9929,795648,6045,469788,1,86755,9232,292828,6702,571682,9243,864510,California
Alameda,2021-04-20,18998,1371189,11760,807408,7236,477024,2,86757,10317,294544,8625,580307,10341,874851,California
Alameda,2021-04-21,20444,1391633,12291,819699,8141,485165,12,86769,11798,297796,8581,588888,11833,886684,California
Alameda,2021-04-22,22153,1413786,14398,834097,7750,492915,5,86774,11744,299223,10348,599236,11775,898459,California
Alameda,2021-04-23,22506,1436292,14694,848791,7808,500723,4,86778,12502,301826,9933,609169,12536,910995,California
Alameda,2021-04-24,19085,1455377,14478,863269,4599,505322,8,86786,10076,302964,8962,618131,10100,921095,California
Alameda,2021-04-25,9031,1464408,7024,870293,2006,507328,1,86787,5908,305789,3094,621225,5919,927014,California
Alameda,2021-04-26,14852,1479260,10309,880602,4517,511845,26,86813,9103,309223,5710,626935,9144,936158,California
Alameda,2021-04-27,16721,1495981,9957,890559,6396,518241,368,87181,7841,308634,8825,635760,8236,944394,California
Alameda,2021-04-28,17073,1513054,10881,901440,5723,523964,469,87650,6904,305893,10132,645892,7391,951785,California
Alameda,2021-04-29,17731,1530785,10744,912184,6655,530619,332,87982,6611,301803,11058,656950,6968,958753,California
Alameda,2021-04-30,20569,1551354,12940,925124,7284,537903,345,88327,8475,298665,12005,668955,8867,967620,California
Alameda,2021-05-01,14088,1565442,9424,934548,4453,542356,211,88538,5261,295382,8784,677739,5501,973121,California
Alameda,2021-05-02,7109,1572551,4962,939510,1976,544332,171,88709,2896,294260,4192,681931,3070,976191,California
Alameda,2021-05-03,14620,1587171,10988,950498,3310,547642,322,89031,2861,285775,11702,693633,3217,979408,California
Alameda,2021-05-04,18878,1606049,13646,964144,4871,552513,361,89392,3805,274977,14999,708632,4201,983609,California
Alameda,2021-05-05,18785,1624834,13729,977873,4547,557060,509,89901,3839,264461,14881,723513,4365,987974,California
Alameda,2021-05-06,19273,1644107,14664,992537,3913,560973,696,90597,3786,253554,15404,738917,4497,992471,California
Alameda,2021-05-07,19495,1663602,13166,1005703,5911,566884,418,91015,4475,243518,14946,753863,4910,997381,California
Alameda,2021-05-08,17084,1680686,11852,1017555,5019,571903,213,91228,3272,233248,13771,767634,3501,1000882,California
Alameda,2021-05-09,8578,1689264,7022,1024577,1413,573316,143,91371,1329,227499,7226,774860,1477,1002359,California
Alameda,2021-05-10,10430,1699694,7197,1031774,2909,576225,324,91695,2521,222481,7874,782734,2856,1005215,California
Alameda,2021-05-11,15715,1715409,8620,1040394,6780,583005,315,92010,2809,212788,12855,795589,3162,1008377,California
Alameda,2021-05-12,13528,1728937,9031,1049425,4053,587058,444,92454,2713,205213,10767,806356,3192,1011569,California
Alameda,2021-05-13,18090,1747027,13032,1062457,4515,591573,543,92997,5758,199274,12280,818636,6341,1017910,California
Alameda,2021-05-14,20831,1767858,14162,1076619,6201,597774,468,93465,7067,193140,13682,832318,7548,1025458,California
Alameda,2021-05-15,17326,1785184,12641,1089260,4452,602226,233,93698,5916,187936,11358,843676,6154,1031612,California
Alameda,2021-05-16,8867,1794051,7618,1096878,1143,603369,106,93804,3110,185432,5725,849401,3221,1034833,California
Alameda,2021-05-17,13559,1807610,10115,1106993,2914,606283,530,94334,4196,180851,9323,858724,4742,1039575,California
Alameda,2021-05-18,14283,1821893,10391,1117384,3467,609750,425,94759,4987,177015,9250,867974,5414,1044989,California
Alameda,2021-05-19,14518,1836411,9957,1127341,4223,613973,338,95097,5872,174632,8595,876569,6212,1051201,California
Alameda,2021-05-20,13435,1849846,8878,1136219,4022,617995,535,95632,5743,173272,7638,884207,6278,1057479,California
Alameda,2021-05-21,15301,1865147,10059,1146278,4971,622966,271,95903,5078,168474,10152,894359,5354,1062833,California
Alameda,2021-05-22,10322,1875469,7457,1153735,2697,625663,168,96071,4153,166661,6137,900496,4324,1067157,California
Alameda,2021-05-23,5116,1880585,3935,1157670,1092,626755,89,96160,1663,164981,3433,903929,1753,1068910,California
Alameda,2021-05-24,7277,1887862,4240,1161910,2777,629532,260,96420,2820,163651,4415,908344,3085,1071995,California
Alameda,2021-05-25,8033,1895895,5193,1167103,2579,632111,261,96681,3522,162955,4475,912819,3779,1075774,California
Alameda,2021-05-26,8303,1904198,5187,1172290,2812,634923,304,96985,3583,162142,4694,917513,3881,1079655,California
Alameda,2021-05-27,8161,1912359,4878,1177168,2883,637806,400,97385,3338,161095,4780,922293,3733,1083388,California
Alameda,2021-05-28,8630,1920989,5048,1182216,3357,641163,225,97610,3595,159911,5006,927299,3822,1087210,California
Alameda,2021-05-29,4961,1925950,3008,1185224,1766,642929,187,97797,2457,160074,2483,929782,2646,1089856,California
Alameda,2021-05-30,2447,1928397,1602,1186826,756,643685,89,97886,956,159637,1482,931264,1045,1090901,California
Alameda,2021-05-31,1158,1929555,856,1187682,247,643932,55,97941,346,159242,796,932060,401,1091302,California
Alameda,2021-06-01,7126,1936681,4992,1192674,1888,645820,246,98187,2957,158300,4143,936203,3201,1094503,California
Alameda,2021-06-02,5816,1942497,3615,1196289,1977,647797,224,98411,2181,157094,3603,939806,2397,1096900,California
Alameda,2021-06-03,8513,1951010,6437,1202726,1795,649592,281,98692,2771,154438,5703,945509,3047,1099947,California
Alameda,2021-06-04,10495,1961505,7743,1210469,2511,652103,241,98933,2839,149903,7616,953125,3081,1103028,California
Alameda,2021-06-05,8091,1969596,5876,1216345,2054,654157,161,99094,1796,145597,6261,959386,1955,1104983,California
Alameda,2021-06-06,3663,1973259,3306,1219651,276,654433,81,99175,869,143761,2786,962172,950,1105933,California
Alameda,2021-06-07,5870,1979129,4279,1223930,1414,655847,177,99352,1718,141528,4128,966300,1895,1107828,California
Alameda,2021-06-08,7278,1986407,5811,1229741,1224,657071,243,99595,2100,138719,5151,971451,2342,1110170,California
Alameda,2021-06-09,7293,1993700,5963,1235704,1136,658207,194,99789,1686,135013,5582,977033,1876,1112046,California
Alameda,2021-06-10,8011,2001711,6703,1242407,1000,659207,308,100097,2139,131610,5847,982880,2444,1114490,California
Alameda,2021-06-11,8052,2009763,6183,1248590,1646,660853,223,100320,2457,128727,5567,988447,2684,1117174,California
Alameda,2021-06-12,5508,2015271,4223,1252813,1097,661950,188,100508,1369,126173,4115,992562,1561,1118735,California
Alameda,2021-06-13,2309,2017580,1758,1254571,429,662379,122,100630,666,125327,1632,994194,786,1119521,California
Alameda,2021-06-14,4569,2022149,3436,1258007,922,663301,211,100841,1536,124062,3011,997205,1746,1121267,California
Alameda,2021-06-15,6016,2028165,4372,1262379,1363,664664,281,101122,1788,121940,4190,1001395,2068,1123335,California
Alameda,2021-06-16,5160,2033325,4121,1266500,833,665497,206,101328,1526,120052,3617,1005012,1729,1125064,California
Alameda,2021-06-17,5590,2038915,4521,1271021,837,666334,232,101560,1838,118404,3720,1008732,2072,1127136,California
Alameda,2021-06-18,5939,2044854,4475,1275496,1208,667542,256,101816,1980,116703,3934,1012666,2233,1129369,California
Alameda,2021-06-19,3459,2048313,2619,1278115,681,668223,159,101975,1057,115529,2389,1015055,1215,1130584,California
Alameda,2021-06-20,1394,2049707,1163,1279278,186,668409,45,102020,519,115222,870,1015925,563,1131147,California
Alameda,2021-06-21,2720,2052427,1853,1281131,707,669116,160,102180,1394,115466,1310,1017235,1554,1132701,California
Alameda,2021-06-22,4570,2056997,3536,1284667,841,669957,193,102373,1403,113909,3151,1020386,1594,1134295,California
Alameda,2021-06-23,3498,2060495,2689,1287356,622,670579,187,102560,1179,112965,2306,1022692,1362,1135657,California
Alameda,2021-06-24,4395,2064890,3510,1290866,650,671229,235,102795,1514,111853,2860,1025552,1748,1137405,California
Alameda,2021-06-25,4601,2069491,3453,1294319,946,672175,202,102997,1696,110864,2887,1028439,1898,1139303,California
Alameda,2021-06-26,3064,2072555,2254,1296573,648,672823,162,103159,1063,110107,1981,1030420,1224,1140527,California
Alameda,2021-06-27,1298,2073853,1065,1297638,186,673009,47,103206,513,109888,779,1031199,560,1141087,California
Alameda,2021-06-28,2267,2076120,1803,1299441,301,673310,163,103369,815,109430,1435,1032634,977,1142064,California
Alpine,2020-12-18,2,2,2,2,0,0,0,0,2,2,0,0,2,2,California
Alpine,2020-12-19,2,4,2,4,0,0,0,0,2,4,0,0,2,4,California
Alpine,2020-12-21,2,6,2,6,0,0,0,0,2,6,0,0,2,6,California
Alpine,2020-12-30,14,20,0,6,14,14,0,0,14,20,0,0,14,20,California
Alpine,2020-12-31,1,21,0,6,1,15,0,0,1,21,0,0,1,21,California
Alpine,2021-01-01,1,22,0,6,1,16,0,0,1,22,0,0,1,22,California
Alpine,2021-01-02,1,23,1,7,0,16,0,0,1,23,0,0,1,23,California
Alpine,2021-01-04,10,33,0,7,10,26,0,0,10,33,0,0,10,33,California
Alpine,2021-01-05,9,42,1,8,8,34,0,0,9,42,0,0,9,42,California
Alpine,2021-01-06,31,73,0,8,31,65,0,0,31,73,0,0,31,73,California
Alpine,2021-01-07,8,81,0,8,8,73,0,0,8,81,0,0,8,81,California
Alpine,2021-01-08,4,85,2,10,2,75,0,0,2,81,2,2,2,83,California
Alpine,2021-01-09,2,87,2,12,0,75,0,0,0,79,2,4,0,83,California
Alpine,2021-01-11,32,119,1,13,31,106,0,0,31,109,1,5,31,114,California
Alpine,2021-01-13,35,154,0,13,35,141,0,0,35,144,0,5,35,149,California
Alpine,2021-01-14,1,155,0,13,1,142,0,0,1,145,0,5,1,150,California
Alpine,2021-01-15,1,156,0,13,1,143,0,0,1,146,0,5,1,151,California
Alpine,2021-01-20,21,177,0,13,21,164,0,0,21,167,0,5,21,172,California
Alpine,2021-01-21,1,178,0,13,1,165,0,0,1,168,0,5,1,173,California
Alpine,2021-01-22,33,211,0,13,33,198,0,0,33,201,0,5,33,206,California
Alpine,2021-01-23,1,212,1,14,0,198,0,0,0,200,1,6,0,206,California
Alpine,2021-01-25,16,228,0,14,16,214,0,0,16,216,0,6,16,222,California
Alpine,2021-01-27,1,229,1,15,0,214,0,0,0,215,1,7,0,222,California
Alpine,2021-01-28,1,230,0,15,1,215,0,0,0,214,1,8,0,222,California
Alpine,2021-01-29,1,231,0,15,1,216,0,0,1,215,0,8,1,223,California
Alpine,2021-02-01,25,256,0,15,25,241,0,0,7,204,18,26,7,230,California
Alpine,2021-02-03,34,290,0,15,34,275,0,0,10,190,24,50,10,240,California
Alpine,2021-02-04,8,298,0,15,8,283,0,0,3,188,5,55,3,243,California
Alpine,2021-02-05,31,329,0,15,31,314,0,0,12,181,19,74,12,255,California
Alpine,2021-02-07,1,330,1,16,0,314,0,0,1,182,0,74,1,256,California
Alpine,2021-02-08,32,362,0,16,32,346,0,0,4,158,28,102,4,260,California
Alpine,2021-02-10,34,396,0,16,34,380,0,0,0,124,34,136,0,260,California
Alpine,2021-02-11,6,402,0,16,6,386,0,0,3,124,3,139,3,263,California
Alpine,2021-02-12,1,403,0,16,1,387,0,0,0,123,1,140,0,263,California
Alpine,2021-02-17,23,426,0,16,23,410,0,0,3,106,20,160,3,266,California
Alpine,2021-02-18,2,428,0,16,2,412,0,0,1,106,1,161,1,267,California
Alpine,2021-02-19,34,462,1,17,33,445,0,0,2,76,32,193,2,269,California
Alpine,2021-02-22,27,489,0,17,27,472,0,0,8,65,19,212,8,277,California
Alpine,2021-02-24,1,490,1,18,0,472,0,0,1,66,0,212,1,278,California
Alpine,2021-02-25,6,496,1,19,5,477,0,0,6,72,0,212,6,284,California
Alpine,2021-02-26,30,526,1,20,29,506,0,0,29,100,1,213,29,313,California
Alpine,2021-02-27,1,527,0,20,1,507,0,0,1,101,0,213,1,314,California
Alpine,2021-03-01,36,563,0,20,36,543,0,0,26,117,10,223,26,340,California
Alpine,2021-03-03,30,593,1,21,29,572,0,0,18,123,12,235,18,358,California
Alpine,2021-03-04,11,604,1,22,10,582,0,0,11,134,0,235,11,369,California
Alpine,2021-03-05,30,634,0,22,30,612,0,0,22,148,8,243,22,391,California
Alpine,2021-03-08,31,665,0,22,31,643,0,0,29,175,2,245,29,420,California
Alpine,2021-03-10,73,738,0,22,73,716,0,0,73,248,0,245,73,493,California
Alpine,2021-03-11,35,773,0,22,35,751,0,0,31,275,4,249,31,524,California
Alpine,2021-03-12,19,792,0,22,19,770,0,0,17,290,2,251,17,541,California
Alpine,2021-03-15,21,813,1,23,20,790,0,0,20,309,1,252,20,561,California
Alpine,2021-03-17,23,836,0,23,22,812,1,1,19,325,4,256,20,581,California
Alpine,2021-03-18,38,874,3,26,35,847,0,1,35,357,3,259,35,616,California
Alpine,2021-03-19,2,876,1,27,1,848,0,1,1,357,1,260,1,617,California
Alpine,2021-03-22,24,900,0,27,24,872,0,1,15,363,9,269,15,632,California
Alpine,2021-03-24,19,919,0,27,19,891,0,1,8,360,11,280,8,640,California
Alpine,2021-03-25,35,954,1,28,33,924,1,2,27,381,7,287,28,668,California
Alpine,2021-03-27,1,955,0,28,1,925,0,2,0,380,1,288,0,668,California
Alpine,2021-03-28,1,956,1,29,0,925,0,2,1,381,0,288,1,669,California
Alpine,2021-03-29,19,975,0,29,18,943,1,3,2,367,17,305,3,672,California
Alpine,2021-04-01,18,993,0,29,18,961,0,3,8,365,10,315,8,680,California
Alpine,2021-04-02,101,1094,1,30,100,1061,0,3,46,357,54,369,46,726,California
Alpine,2021-04-05,4,1098,1,31,3,1064,0,3,0,353,4,373,0,726,California
Alpine,2021-04-06,3,1101,2,33,1,1065,0,3,2,354,1,374,2,728,California
Alpine,2021-04-07,117,1218,0,33,116,1181,1,4,30,299,86,460,31,759,California
Alpine,2021-04-08,37,1255,0,33,35,1216,2,6,10,284,27,487,12,771,California
Alpine,2021-04-09,2,1257,0,33,2,1218,0,6,2,286,0,487,2,773,California
Alpine,2021-04-14,47,1304,0,33,47,1265,0,6,10,259,37,524,10,783,California
Alpine,2021-04-15,35,1339,0,33,35,1300,0,6,3,230,32,556,3,786,California
Alpine,2021-04-16,1,1340,0,33,1,1301,0,6,1,231,0,556,1,787,California
Alpine,2021-04-19,1,1341,0,33,1,1302,0,6,1,232,0,556,1,788,California
Alpine,2021-04-21,31,1372,0,33,31,1333,0,6,15,231,16,572,15,803,California
Alpine,2021-04-22,24,1396,0,33,24,1357,0,6,1,209,23,595,1,804,California
Alpine,2021-04-24,2,1398,2,35,0,1357,0,6,0,208,2,597,1,805,California
Alpine,2021-04-25,1,1399,1,36,0,1357,0,6,0,207,1,598,0,805,California
Alpine,2021-04-27,2,1401,1,37,1,1358,0,6,1,207,1,599,1,806,California
Alpine,2021-04-28,36,1437,0,37,36,1394,0,6,6,183,30,629,6,812,California
Alpine,2021-04-29,7,1444,1,38,6,1400,0,6,1,178,6,635,1,813,California
Alpine,2021-04-30,2,1446,1,39,0,1400,1,7,1,179,1,636,2,815,California
Alpine,2021-05-02,1,1447,0,39,0,1400,1,8,0,179,1,637,1,816,California
Alpine,2021-05-05,17,1464,0,39,17,1417,0,8,4,170,13,650,4,820,California
Alpine,2021-05-06,8,1472,0,39,8,1425,0,8,0,162,8,658,0,820,California
Alpine,2021-05-07,1,1473,0,39,1,1426,0,8,0,161,1,659,0,820,California
Alpine,2021-05-10,1,1474,0,39,1,1427,0,8,1,162,0,659,1,821,California
Alpine,2021-05-12,1,1475,0,39,0,1427,1,9,0,162,1,660,1,822,California
Alpine,2021-05-13,3,1478,0,39,3,1430,0,9,0,159,3,663,0,822,California
Alpine,2021-05-17,2,1480,0,39,2,1432,0,9,1,159,1,664,1,823,California
Alpine,2021-05-18,1,1481,0,39,1,1433,0,9,1,160,0,664,1,824,California
Alpine,2021-05-19,15,1496,0,39,15,1448,0,9,0,145,15,679,0,824,California
Alpine,2021-05-20,1,1497,1,40,0,1448,0,9,0,144,1,680,0,824,California
Alpine,2021-05-21,1,1498,1,41,0,1448,0,9,0,143,1,681,0,824,California
Alpine,2021-05-25,2,1500,0,41,2,1450,0,9,0,141,2,683,0,824,California
Alpine,2021-05-27,3,1503,2,43,1,1451,0,9,3,144,0,683,3,827,California
Alpine,2021-05-28,2,1505,1,44,1,1452,0,9,2,146,0,683,2,829,California
Alpine,2021-05-29,1,1506,0,44,1,1453,0,9,1,147,0,683,1,830,California
Alpine,2021-06-02,8,1514,0,44,8,1461,0,9,1,141,7,690,1,831,California
Alpine,2021-06-04,1,1515,0,44,1,1462,0,9,1,142,0,690,1,832,California
Alpine,2021-06-07,1,1516,0,44,1,1463,0,9,0,141,1,691,0,832,California
Alpine,2021-06-10,1,1517,1,45,0,1463,0,9,1,142,0,691,1,833,California
Alpine,2021-06-15,2,1519,1,46,1,1464,0,9,0,140,2,693,0,833,California
Alpine,2021-06-18,1,1520,1,47,0,1464,0,9,0,139,1,694,0,833,California
Alpine,2021-06-19,1,1521,1,48,0,1464,0,9,0,138,1,695,0,833,California
Alpine,2021-06-25,1,1522,0,48,1,1465,0,9,0,137,1,696,0,833,California
Amador,2020-12-16,2,2,2,2,0,0,0,0,2,2,0,0,2,2,California
Amador,2020-12-17,5,7,5,7,0,0,0,0,5,7,0,0,5,7,California
Amador,2020-12-18,45,52,45,52,0,0,0,0,45,52,0,0,45,52,California
Amador,2020-12-19,16,68,16,68,0,0,0,0,16,68,0,0,16,68,California
Amador,2020-12-20,4,72,4,72,0,0,0,0,4,72,0,0,4,72,California
Amador,2020-12-21,31,103,31,103,0,0,0,0,31,103,0,0,31,103,California
Amador,2020-12-22,35,138,34,137,1,1,0,0,35,138,0,0,35,138,California
Amador,2020-12-23,40,178,39,176,1,2,0,0,40,178,0,0,40,178,California
Amador,2020-12-24,5,183,3,179,2,4,0,0,5,183,0,0,5,183,California
Amador,2020-12-26,5,188,4,183,1,5,0,0,5,188,0,0,5,188,California
Amador,2020-12-27,1,189,0,183,1,6,0,0,1,189,0,0,1,189,California
Amador,2020-12-28,31,220,27,210,4,10,0,0,31,220,0,0,31,220,California
Amador,2020-12-29,25,245,18,228,7,17,0,0,25,245,0,0,25,245,California
Amador,2020-12-30,123,368,77,305,46,63,0,0,123,368,0,0,123,368,California
Amador,2020-12-31,194,562,169,474,25,88,0,0,194,562,0,0,194,562,California
Amador,2021-01-01,2,564,0,474,2,90,0,0,2,564,0,0,2,564,California
Amador,2021-01-02,57,621,57,531,0,90,0,0,57,621,0,0,57,621,California
Amador,2021-01-03,66,687,17,548,49,139,0,0,66,687,0,0,66,687,California
Amador,2021-01-04,125,812,2,550,123,262,0,0,125,812,0,0,125,812,California
Amador,2021-01-05,33,845,3,553,30,292,0,0,32,843,1,1,32,844,California
Amador,2021-01-06,40,885,11,564,29,321,0,0,36,875,4,5,36,880,California
Amador,2021-01-07,229,1114,69,633,160,481,0,0,217,1080,12,17,217,1097,California
Amador,2021-01-08,85,1199,70,703,15,496,0,0,42,1080,43,60,43,1140,California
Amador,2021-01-09,11,1210,11,714,0,496,0,0,2,1073,9,69,2,1142,California
Amador,2021-01-10,6,1216,4,718,2,498,0,0,2,1071,4,73,2,1144,California
Amador,2021-01-11,125,1341,44,762,81,579,0,0,88,1123,37,110,89,1233,California
Amador,2021-01-12,65,1406,50,812,15,594,0,0,41,1140,24,134,41,1274,California
Amador,2021-01-13,40,1446,24,836,16,610,0,0,28,1156,12,146,28,1302,California
Amador,2021-01-14,151,1597,23,859,128,738,0,0,141,1288,10,156,142,1444,California
Amador,2021-01-15,61,1658,26,885,35,773,0,0,52,1331,9,165,52,1496,California
Amador,2021-01-16,19,1677,12,897,7,780,0,0,13,1339,6,171,14,1510,California
Amador,2021-01-17,25,1702,5,902,20,800,0,0,25,1364,0,171,25,1535,California
Amador,2021-01-18,32,1734,28,930,4,804,0,0,10,1352,22,193,10,1545,California
Amador,2021-01-19,125,1859,100,1030,25,829,0,0,81,1389,44,237,81,1626,California
Amador,2021-01-20,184,2043,33,1063,151,980,0,0,169,1544,14,251,169,1795,California
Amador,2021-01-21,259,2302,229,1292,30,1010,0,0,148,1582,111,362,149,1944,California
Amador,2021-01-22,138,2440,75,1367,63,1073,0,0,132,1708,6,368,132,2076,California
Amador,2021-01-23,60,2500,33,1400,27,1100,0,0,57,1762,3,371,57,2133,California
Amador,2021-01-24,28,2528,12,1412,16,1116,0,0,25,1784,3,374,25,2158,California
Amador,2021-01-25,60,2588,29,1441,31,1147,0,0,42,1808,18,392,42,2200,California
Amador,2021-01-26,246,2834,17,1458,229,1376,0,0,236,2034,10,402,236,2436,California
Amador,2021-01-27,304,3138,34,1492,270,1646,0,0,256,2246,45,447,257,2693,California
Amador,2021-01-28,369,3507,97,1589,272,1918,0,0,287,2453,82,529,289,2982,California
Amador,2021-01-29,101,3608,33,1622,68,1986,0,0,86,2524,15,544,86,3068,California
Amador,2021-01-30,188,3796,37,1659,151,2137,0,0,183,2702,5,549,183,3251,California
Amador,2021-01-31,33,3829,28,1687,5,2142,0,0,32,2733,1,550,32,3283,California
Amador,2021-02-01,67,3896,24,1711,43,2185,0,0,40,2746,27,577,40,3323,California
Amador,2021-02-02,216,4112,66,1777,150,2335,0,0,129,2790,85,662,129,3452,California
Amador,2021-02-03,143,4255,39,1816,104,2439,0,0,91,2830,51,713,91,3543,California
Amador,2021-02-04,251,4506,75,1891,176,2615,0,0,164,2909,87,800,166,3709,California
Amador,2021-02-05,334,4840,64,1955,270,2885,0,0,316,3208,17,817,316,4025,California
Amador,2021-02-06,125,4965,81,2036,44,2929,0,0,120,3323,5,822,120,4145,California
Amador,2021-02-07,39,5004,35,2071,4,2933,0,0,35,3355,4,826,36,4181,California
Amador,2021-02-08,92,5096,64,2135,28,2961,0,0,73,3409,19,845,73,4254,California
Amador,2021-02-09,175,5271,82,2217,93,3054,0,0,109,3452,66,911,109,4363,California
Amador,2021-02-10,980,6251,80,2297,900,3954,0,0,946,4364,34,945,946,5309,California
Amador,2021-02-11,311,6562,120,2417,191,4145,0,0,200,4455,109,1054,200,5509,California
Amador,2021-02-12,329,6891,122,2539,207,4352,0,0,254,4634,75,1129,254,5763,California
Amador,2021-02-13,179,7070,83,2622,96,4448,0,0,153,4761,26,1155,153,5916,California
Amador,2021-02-14,122,7192,54,2676,68,4516,0,0,105,4849,17,1172,105,6021,California
Amador,2021-02-15,189,7381,62,2738,127,4643,0,0,172,5005,16,1188,172,6193,California
Amador,2021-02-16,465,7846,51,2789,414,5057,0,0,425,5392,40,1228,427,6620,California
Amador,2021-02-17,263,8109,84,2873,179,5236,0,0,165,5459,98,1326,165,6785,California
Amador,2021-02-18,397,8506,99,2972,298,5534,0,0,332,5727,65,1391,333,7118,California
Amador,2021-02-19,196,8702,78,3050,118,5652,0,0,110,5752,86,1477,111,7229,California
Amador,2021-02-20,104,8806,34,3084,70,5722,0,0,68,5785,36,1513,69,7298,California
Amador,2021-02-21,52,8858,36,3120,16,5738,0,0,17,5768,34,1547,17,7315,California
Amador,2021-02-22,65,8923,26,3146,39,5777,0,0,32,5768,32,1579,32,7347,California
Amador,2021-02-23,323,9246,57,3203,266,6043,0,0,141,5728,182,1761,142,7489,California
Amador,2021-02-24,397,9643,59,3262,338,6381,0,0,264,5863,130,1891,265,7754,California
Amador,2021-02-25,526,10169,120,3382,406,6787,0,0,277,5895,248,2139,280,8034,California
Amador,2021-02-26,633,10802,81,3463,552,7339,0,0,510,6285,122,2261,512,8546,California
Amador,2021-02-27,294,11096,94,3557,200,7539,0,0,99,6196,194,2455,105,8651,California
Amador,2021-02-28,125,11221,56,3613,69,7608,0,0,61,6195,64,2519,63,8714,California
Amador,2021-03-01,199,11420,70,3683,129,7737,0,0,126,6250,73,2592,128,8842,California
Amador,2021-03-02,383,11803,63,3746,320,8057,0,0,334,6536,49,2641,335,9177,California
Amador,2021-03-03,243,12046,79,3825,164,8221,0,0,167,6629,75,2716,168,9345,California
Amador,2021-03-04,499,12545,116,3941,383,8604,0,0,395,6922,103,2819,396,9741,California
Amador,2021-03-05,514,13059,76,4017,438,9042,0,0,292,6998,220,3039,296,10037,California
Amador,2021-03-06,103,13162,50,4067,52,9094,1,1,57,7010,46,3085,58,10095,California
Amador,2021-03-07,72,13234,44,4111,28,9122,0,1,22,6982,50,3135,22,10117,California
Amador,2021-03-08,153,13387,71,4182,81,9203,1,2,92,7014,61,3196,93,10210,California
Amador,2021-03-09,376,13763,52,4234,324,9527,0,2,293,7230,79,3275,295,10505,California
Amador,2021-03-10,519,14282,77,4311,440,9967,2,4,112,6939,407,3682,116,10621,California
Amador,2021-03-11,479,14761,120,4431,349,10316,10,14,300,7075,178,3860,314,10935,California
Amador,2021-03-12,575,15336,70,4501,498,10814,7,21,337,7190,237,4097,352,11287,California
Amador,2021-03-13,116,15452,18,4519,91,10905,7,28,74,7234,42,4139,86,11373,California
Amador,2021-03-14,90,15542,20,4539,67,10972,3,31,22,7191,68,4207,25,11398,California
Amador,2021-03-15,183,15725,27,4566,149,11121,7,38,55,7127,128,4335,64,11462,California
Amador,2021-03-16,455,16180,55,4621,390,11511,10,48,139,6962,314,4649,149,11611,California
Amador,2021-03-17,384,16564,43,4664,338,11849,3,51,262,7106,122,4771,266,11877,California
Amador,2021-03-18,512,17076,99,4763,409,12258,4,55,257,7116,254,5025,264,12141,California
Amador,2021-03-19,540,17616,57,4820,468,12726,15,70,384,7369,154,5179,407,12548,California
Amador,2021-03-20,111,17727,46,4866,65,12791,0,70,46,7353,64,5243,48,12596,California
Amador,2021-03-21,50,17777,37,4903,12,12803,1,71,30,7367,19,5262,33,12629,California
Amador,2021-03-22,115,17892,34,4937,53,12856,28,99,50,7380,65,5327,78,12707,California
Amador,2021-03-23,434,18326,47,4984,380,13236,7,106,274,7503,159,5486,282,12989,California
Amador,2021-03-24,342,18668,35,5019,55,13291,252,358,35,7484,306,5792,287,13276,California
Amador,2021-03-25,610,19278,86,5105,517,13808,7,365,394,7670,215,6007,401,13677,California
Amador,2021-03-26,749,20027,44,5149,698,14506,7,372,280,7498,466,6473,294,13971,California
Amador,2021-03-27,90,20117,15,5164,73,14579,2,374,27,7466,63,6536,31,14002,California
Amador,2021-03-28,70,20187,16,5180,52,14631,2,376,12,7424,57,6593,15,14017,California
Amador,2021-03-29,184,20371,28,5208,155,14786,1,377,78,7405,103,6696,84,14101,California
Amador,2021-03-30,536,20907,28,5236,507,15293,1,378,291,7455,244,6940,294,14395,California
Amador,2021-03-31,201,21108,58,5294,138,15431,5,383,44,7349,155,7095,49,14444,California
Amador,2021-04-01,616,21724,87,5381,529,15960,0,383,263,7265,351,7446,267,14711,California
Amador,2021-04-02,611,22335,39,5420,559,16519,13,396,378,7430,232,7678,397,15108,California
Amador,2021-04-03,87,22422,24,5444,43,16562,20,416,21,7407,66,7744,43,15151,California
Amador,2021-04-04,38,22460,3,5447,29,16591,6,422,15,7405,23,7767,21,15172,California
Amador,2021-04-05,146,22606,53,5500,76,16667,17,439,49,7378,96,7863,69,15241,California
Amador,2021-04-06,505,23111,39,5539,448,17115,18,457,224,7341,279,8142,242,15483,California
Amador,2021-04-07,100,23211,34,5573,47,17162,19,476,43,7348,55,8197,62,15545,California
Amador,2021-04-08,498,23709,84,5657,393,17555,21,497,221,7316,275,8472,243,15788,California
Amador,2021-04-09,484,24193,22,5679,442,17997,20,517,211,7275,272,8744,231,16019,California
Amador,2021-04-10,50,24243,14,5693,27,18024,9,526,22,7278,28,8772,31,16050,California
Amador,2021-04-11,50,24293,25,5718,21,18045,4,530,23,7279,26,8798,27,16077,California
Amador,2021-04-12,99,24392,26,5744,63,18108,10,540,43,7276,56,8854,53,16130,California
Amador,2021-04-13,346,24738,49,5793,297,18405,0,540,66,7065,278,9132,67,16197,California
Amador,2021-04-14,280,25018,26,5819,254,18659,0,540,56,6901,221,9353,57,16254,California
Amador,2021-04-15,342,25360,78,5897,264,18923,0,540,73,6716,258,9611,73,16327,California
Amador,2021-04-16,482,25842,29,5926,453,19376,0,540,381,7001,100,9711,385,16712,California
Amador,2021-04-17,62,25904,34,5960,28,19404,0,540,26,6991,36,9747,26,16738,California
Amador,2021-04-18,32,25936,12,5972,20,19424,0,540,12,6985,19,9766,13,16751,California
Amador,2021-04-19,69,26005,27,5999,42,19466,0,540,30,6979,38,9804,32,16783,California
Amador,2021-04-20,441,26446,59,6058,382,19848,0,540,110,6767,324,10128,112,16895,California
Amador,2021-04-21,89,26535,35,6093,53,19901,1,541,44,6769,43,10171,45,16940,California
Amador,2021-04-22,509,27044,79,6172,429,20330,1,542,99,6482,392,10563,105,17045,California
Amador,2021-04-23,363,27407,47,6219,316,20646,0,542,285,6696,73,10636,287,17332,California
Amador,2021-04-24,50,27457,25,6244,25,20671,0,542,29,6705,20,10656,29,17361,California
Amador,2021-04-25,41,27498,19,6263,22,20693,0,542,29,6722,12,10668,29,17390,California
Amador,2021-04-26,94,27592,27,6290,66,20759,1,543,44,6720,49,10717,47,17437,California
Amador,2021-04-27,502,28094,45,6335,456,21215,1,544,92,6408,406,11123,94,17531,California
Amador,2021-04-28,70,28164,30,6365,37,21252,3,547,41,6423,29,11152,44,17575,California
Amador,2021-04-29,227,28391,70,6435,48,21300,109,656,66,6436,161,11313,174,17749,California
Amador,2021-04-30,345,28736,28,6463,313,21613,4,660,89,6281,256,11569,101,17850,California
Amador,2021-05-01,47,28783,15,6478,27,21640,5,665,26,6293,19,11588,31,17881,California
Amador,2021-05-02,28,28811,14,6492,11,21651,3,668,11,6291,17,11605,15,17896,California
Amador,2021-05-03,68,28879,34,6526,24,21675,10,678,27,6287,41,11646,37,17933,California
Amador,2021-05-04,467,29346,29,6555,431,22106,7,685,68,5963,399,12045,75,18008,California
Amador,2021-05-05,207,29553,153,6708,45,22151,9,694,162,6090,42,12087,169,18177,California
Amador,2021-05-06,110,29663,56,6764,49,22200,5,699,63,6113,45,12132,68,18245,California
Amador,2021-05-07,130,29793,30,6794,93,22293,7,706,68,6127,62,12194,76,18321,California
Amador,2021-05-08,41,29834,8,6802,30,22323,3,709,20,6129,21,12215,23,18344,California
Amador,2021-05-09,17,29851,1,6803,10,22333,6,715,4,6126,13,12228,10,18354,California
Amador,2021-05-10,62,29913,15,6818,44,22377,3,718,26,6119,36,12264,29,18383,California
Amador,2021-05-11,102,30015,34,6852,42,22419,26,744,44,6132,58,12322,71,18454,California
Amador,2021-05-12,71,30086,25,6877,43,22462,3,747,34,6132,37,12359,37,18491,California
Amador,2021-05-13,79,30165,40,6917,33,22495,6,753,38,6136,40,12399,44,18535,California
Amador,2021-05-14,402,30567,38,6955,360,22855,4,757,91,5923,310,12709,97,18632,California
Amador,2021-05-15,51,30618,20,6975,21,22876,10,767,23,5929,28,12737,34,18666,California
Amador,2021-05-16,38,30656,15,6990,23,22899,0,767,17,5925,21,12758,17,18683,California
Amador,2021-05-17,75,30731,22,7012,51,22950,2,769,35,5924,39,12797,38,18721,California
Amador,2021-05-18,252,30983,172,7184,45,22995,35,804,167,6042,84,12881,202,18923,California
Amador,2021-05-19,75,31058,24,7208,47,23042,4,808,34,6042,40,12921,40,18963,California
Amador,2021-05-20,88,31146,46,7254,37,23079,5,813,29,6018,58,12979,34,18997,California
Amador,2021-05-21,273,31419,29,7283,242,23321,2,815,37,5823,236,13215,41,19038,California
Amador,2021-05-22,47,31466,16,7299,26,23347,5,820,13,5808,34,13249,19,19057,California
Amador,2021-05-23,27,31493,5,7304,19,23366,3,823,5,5794,22,13271,8,19065,California
Amador,2021-05-24,89,31582,30,7334,47,23413,12,835,40,5797,49,13320,52,19117,California
Amador,2021-05-25,139,31721,87,7421,27,23440,25,860,80,5845,57,13377,105,19222,California
Amador,2021-05-26,205,31926,161,7582,37,23477,7,867,40,5727,164,13541,46,19268,California
Amador,2021-05-27,81,32007,36,7618,36,23513,9,876,29,5714,52,13593,39,19307,California
Amador,2021-05-28,69,32076,26,7644,39,23552,4,880,28,5706,40,13633,32,19339,California
Amador,2021-05-29,26,32102,2,7646,21,23573,3,883,8,5699,18,13651,11,19350,California
Amador,2021-05-30,19,32121,5,7651,8,23581,6,889,5,5696,14,13665,11,19361,California
Amador,2021-05-31,10,32131,0,7651,9,23590,1,890,2,5691,8,13673,3,19364,California
Amador,2021-06-01,96,32227,67,7718,24,23614,5,895,43,5687,52,13725,48,19412,California
Amador,2021-06-02,47,32274,17,7735,22,23636,8,903,17,5683,30,13755,26,19438,California
Amador,2021-06-03,59,32333,26,7761,28,23664,5,908,19,5668,39,13794,24,19462,California
Amador,2021-06-04,101,32434,22,7783,58,23722,21,929,20,5628,81,13875,41,19503,California
Amador,2021-06-05,39,32473,16,7799,20,23742,3,932,4,5600,35,13910,7,19510,California
Amador,2021-06-06,18,32491,8,7807,9,23751,1,933,8,5599,10,13920,9,19519,California
Amador,2021-06-07,45,32536,18,7825,23,23774,4,937,17,5592,28,13948,21,19540,California
Amador,2021-06-08,176,32712,140,7965,25,23799,11,948,55,5539,120,14068,67,19607,California
Amador,2021-06-09,48,32760,19,7984,20,23819,9,957,12,5524,36,14104,21,19628,California
Amador,2021-06-10,54,32814,22,8006,20,23839,12,969,19,5520,35,14139,31,19659,California
Amador,2021-06-11,56,32870,17,8023,34,23873,5,974,12,5493,44,14183,17,19676,California
Amador,2021-06-12,22,32892,9,8032,11,23884,2,976,8,5490,13,14196,10,19686,California
Amador,2021-06-13,9,32901,2,8034,6,23890,1,977,2,5486,7,14203,3,19689,California
Amador,2021-06-14,47,32948,24,8058,20,23910,3,980,14,5470,33,14236,17,19706,California
Amador,2021-06-15,42,32990,11,8069,19,23929,12,992,17,5474,25,14261,29,19735,California
Amador,2021-06-16,75,33065,34,8103,31,23960,10,1002,34,5477,41,14302,44,19779,California
Amador,2021-06-17,47,33112,23,8126,20,23980,4,1006,28,5491,18,14320,32,19811,California
Amador,2021-06-18,155,33267,119,8245,29,24009,7,1013,62,5467,93,14413,69,19880,California
Amador,2021-06-19,31,33298,8,8253,15,24024,8,1021,11,5467,20,14433,20,19900,California
Amador,2021-06-20,8,33306,6,8259,1,24025,1,1022,3,5466,5,14438,4,19904,California
Amador,2021-06-21,46,33352,14,8273,23,24048,9,1031,15,5459,31,14469,24,19928,California
Amador,2021-06-22,63,33415,36,8309,24,24072,3,1034,41,5481,22,14491,44,19972,California
Amador,2021-06-23,53,33468,30,8339,15,24087,8,1042,32,5500,21,14512,40,20012,California
Amador,2021-06-24,58,33526,27,8366,21,24108,10,1052,32,5517,25,14537,42,20054,California
Amador,2021-06-25,69,33595,42,8408,15,24123,12,1064,45,5551,24,14561,58,20112,California
Amador,2021-06-26,13,33608,6,8414,5,24128,2,1066,9,5558,4,14565,11,20123,California
Amador,2021-06-27,21,33629,13,8427,4,24132,4,1070,10,5561,11,14576,14,20137,California
Amador,2021-06-28,38,33667,17,8444,14,24146,7,1077,27,5584,11,14587,34,20171,California
Butte,2020-12-16,3,3,3,3,0,0,0,0,3,3,0,0,3,3,California
Butte,2020-12-17,21,24,21,24,0,0,0,0,21,24,0,0,21,24,California
Butte,2020-12-18,51,75,51,75,0,0,0,0,51,75,0,0,51,75,California
Butte,2020-12-19,7,82,7,82,0,0,0,0,7,82,0,0,7,82,California
Butte,2020-12-20,10,92,10,92,0,0,0,0,10,92,0,0,10,92,California
Butte,2020-12-21,631,723,631,723,0,0,0,0,631,723,0,0,631,723,California
Butte,2020-12-22,619,1342,617,1340,2,2,0,0,619,1342,0,0,619,1342,California
Butte,2020-12-23,877,2219,861,2201,16,18,0,0,877,2219,0,0,877,2219,California
Butte,2020-12-24,159,2378,155,2356,4,22,0,0,159,2378,0,0,159,2378,California
Butte,2020-12-26,91,2469,89,2445,2,24,0,0,91,2469,0,0,91,2469,California
Butte,2020-12-27,35,2504,34,2479,1,25,0,0,35,2504,0,0,35,2504,California
Butte,2020-12-28,279,2783,273,2752,6,31,0,0,279,2783,0,0,279,2783,California
Butte,2020-12-29,205,2988,181,2933,24,55,0,0,205,2988,0,0,205,2988,California
Butte,2020-12-30,513,3501,291,3224,222,277,0,0,513,3501,0,0,513,3501,California
Butte,2020-12-31,213,3714,18,3242,195,472,0,0,213,3714,0,0,213,3714,California
Butte,2021-01-01,14,3728,6,3248,8,480,0,0,14,3728,0,0,14,3728,California
Butte,2021-01-02,40,3768,37,3285,3,483,0,0,40,3768,0,0,40,3768,California
Butte,2021-01-03,3,3771,0,3285,3,486,0,0,3,3771,0,0,3,3771,California
Butte,2021-01-04,208,3979,175,3460,33,519,0,0,208,3979,0,0,208,3979,California
Butte,2021-01-05,197,4176,152,3612,45,564,0,0,196,4174,1,1,196,4175,California
Butte,2021-01-06,625,4801,395,4007,230,794,0,0,620,4790,5,6,621,4796,California
Butte,2021-01-07,763,5564,369,4376,394,1188,0,0,743,5513,20,26,743,5539,California
Butte,2021-01-08,672,6236,530,4906,142,1330,0,0,625,6091,47,73,625,6164,California
Butte,2021-01-09,13,6249,8,4914,5,1335,0,0,7,6092,6,79,7,6171,California
Butte,2021-01-10,19,6268,5,4919,14,1349,0,0,14,6101,5,84,14,6185,California
Butte,2021-01-11,983,7251,947,5866,36,1385,0,0,356,5833,627,711,359,6544,California
Butte,2021-01-12,700,7951,655,6521,45,1430,0,0,276,5685,424,1135,276,6820,California
Butte,2021-01-13,1571,9522,1076,7597,495,1925,0,0,728,5573,842,1977,730,7550,California
Butte,2021-01-14,1637,11159,893,8490,744,2669,0,0,1440,6817,196,2173,1440,8990,California
Butte,2021-01-15,1062,12221,819,9309,243,2912,0,0,953,7660,110,2283,953,9943,California
Butte,2021-01-16,589,12810,301,9610,288,3200,0,0,544,8159,45,2328,544,10487,California
Butte,2021-01-17,240,13050,65,9675,175,3375,0,0,202,8323,38,2366,202,10689,California
Butte,2021-01-18,347,13397,305,9980,42,3417,0,0,279,8535,67,2433,279,10968,California
Butte,2021-01-19,495,13892,433,10413,62,3479,0,0,223,8486,272,2705,223,11191,California
Butte,2021-01-20,1395,15287,710,11123,685,4164,0,0,1092,9275,303,3008,1092,12283,California
Butte,2021-01-21,1495,16782,883,12006,612,4776,0,0,1387,10555,107,3115,1387,13670,California
Butte,2021-01-22,1143,17925,483,12489,660,5436,0,0,1089,11590,54,3169,1089,14759,California
Butte,2021-01-23,128,18053,85,12574,43,5479,0,0,103,11668,25,3194,103,14862,California
Butte,2021-01-24,8,18061,6,12580,2,5481,0,0,8,11676,0,3194,8,14870,California
Butte,2021-01-25,661,18722,338,12918,323,5804,0,0,498,12011,163,3357,498,15368,California
Butte,2021-01-26,1475,20197,378,13296,1097,6901,0,0,1338,13212,137,3494,1338,16706,California
Butte,2021-01-27,2108,22305,706,14002,1402,8303,0,0,1373,13851,734,4228,1373,18079,California
Butte,2021-01-28,2268,24573,261,14263,2007,10310,0,0,1956,15496,311,4539,1956,20035,California
Butte,2021-01-29,1692,26265,489,14752,1203,11513,0,0,1312,16430,378,4917,1312,21347,California
Butte,2021-01-30,32,26297,9,14761,23,11536,0,0,30,16458,2,4919,30,21377,California
Butte,2021-01-31,17,26314,15,14776,2,11538,0,0,16,16473,1,4920,16,21393,California
Butte,2021-02-01,1763,28077,406,15182,1357,12895,0,0,1369,17452,390,5310,1369,22762,California
Butte,2021-02-02,1939,30016,363,15545,1576,14471,0,0,1635,18782,305,5615,1635,24397,California
Butte,2021-02-03,2754,32770,780,16325,1974,16445,0,0,1855,19740,897,6512,1855,26252,California
Butte,2021-02-04,2978,35748,325,16650,2653,19098,0,0,2416,21597,559,7071,2416,28668,California
Butte,2021-02-05,1279,37027,670,17320,609,19707,0,0,554,21427,725,7796,555,29223,California
Butte,2021-02-06,151,37178,106,17426,45,19752,0,0,65,21406,86,7882,65,29288,California
Butte,2021-02-07,39,37217,35,17461,4,19756,0,0,14,21395,25,7907,14,29302,California
Butte,2021-02-08,699,37916,547,18008,152,19908,0,0,239,21175,459,8366,239,29541,California
Butte,2021-02-09,955,38871,460,18468,495,20403,0,0,724,21668,231,8597,724,30265,California
Butte,2021-02-10,1709,40580,1190,19658,519,20922,0,0,652,21265,1055,9652,652,30917,California
Butte,2021-02-11,2204,42784,1346,21004,858,21780,0,0,989,21039,1215,10867,989,31906,California
Butte,2021-02-12,1000,43784,435,21439,565,22345,0,0,322,20684,677,11544,322,32228,California
Butte,2021-02-13,250,44034,43,21482,207,22552,0,0,149,20732,101,11645,149,32377,California
Butte,2021-02-14,164,44198,10,21492,154,22706,0,0,158,20884,6,11651,158,32535,California
Butte,2021-02-15,263,44461,49,21541,214,22920,0,0,196,21013,67,11718,196,32731,California
Butte,2021-02-16,739,45200,437,21978,302,23222,0,0,280,20833,460,12178,280,33011,California
Butte,2021-02-17,1525,46725,853,22831,672,23894,0,0,845,21000,678,12856,845,33856,California
Butte,2021-02-18,1573,48298,771,23602,802,24696,0,0,758,20943,815,13671,758,34614,California
Butte,2021-02-19,1176,49474,394,23996,782,25478,0,0,402,20578,767,14438,402,35016,California
Butte,2021-02-20,487,49961,34,24030,453,25931,0,0,127,20346,359,14797,127,35143,California
Butte,2021-02-21,19,49980,17,24047,2,25933,0,0,13,20353,6,14803,13,35156,California
Butte,2021-02-22,1511,51491,296,24343,1215,27148,0,0,376,19598,1131,15934,376,35532,California
Butte,2021-02-23,1640,53131,296,24639,1344,28492,0,0,465,18895,1168,17102,465,35997,California
Butte,2021-02-24,2140,55271,597,25236,1543,30035,0,0,724,18211,1408,18510,724,36721,California
Butte,2021-02-25,2080,57351,577,25813,1503,31538,0,0,653,17444,1421,19931,654,37375,California
Butte,2021-02-26,924,58275,310,26123,614,32152,0,0,399,17322,521,20452,399,37774,California
Butte,2021-02-27,241,58516,50,26173,191,32343,0,0,189,17461,50,20502,189,37963,California
Butte,2021-02-28,143,58659,17,26190,126,32469,0,0,135,17588,8,20510,135,38098,California
Butte,2021-03-01,1643,60302,182,26372,1460,33929,1,1,338,16627,1300,21810,339,38437,California
Butte,2021-03-02,1753,62055,201,26573,1552,35481,0,1,306,15491,1442,23252,306,38743,California
Butte,2021-03-03,2794,64849,856,27429,1938,37419,0,1,481,13665,2307,25559,481,39224,California
Butte,2021-03-04,3158,68007,683,28112,2475,39894,0,1,628,11765,2528,28087,628,39852,California
Butte,2021-03-05,1362,69369,620,28732,741,40635,1,2,738,11884,620,28707,739,40591,California
Butte,2021-03-06,250,69619,27,28759,200,40835,23,25,187,12032,62,28769,210,40801,California
Butte,2021-03-07,57,69676,3,28762,37,40872,17,42,32,12056,25,28794,49,40850,California
Butte,2021-03-08,1273,70949,131,28893,1064,41936,78,120,1103,13070,167,28961,1181,42031,California
Butte,2021-03-09,1908,72857,284,29177,1522,43458,102,222,1413,14094,491,29452,1515,43546,California
Butte,2021-03-10,2324,75181,971,30148,1253,44711,100,322,1581,15038,737,30189,1681,45227,California
Butte,2021-03-11,2816,77997,1322,31470,1366,46077,128,450,1979,16319,826,31015,2107,47334,California
Butte,2021-03-12,1164,79161,332,31802,465,46542,367,817,351,16231,806,31821,718,48052,California
Butte,2021-03-13,274,79435,70,31872,143,46685,61,878,65,16147,209,32030,125,48177,California
Butte,2021-03-14,164,79599,16,31888,106,46791,42,920,21,16068,142,32172,63,48240,California
Butte,2021-03-15,1738,81337,357,32245,1087,47878,294,1214,1144,16921,585,32757,1438,49678,California
Butte,2021-03-16,1669,83006,431,32676,1159,49037,79,1293,1111,17557,553,33310,1189,50867,California
Butte,2021-03-17,1961,84967,1358,34034,522,49559,81,1374,1139,17962,814,34124,1219,52086,California
Butte,2021-03-18,1813,86780,1464,35498,220,49779,129,1503,1063,18409,744,34868,1191,53277,California
Butte,2021-03-19,698,87478,312,35810,302,50081,84,1587,344,18492,345,35213,428,53705,California
Butte,2021-03-20,209,87687,31,35841,161,50242,17,1604,97,18494,112,35325,114,53819,California
Butte,2021-03-21,73,87760,40,35881,4,50246,29,1633,25,18502,46,35371,54,53873,California
Butte,2021-03-22,1506,89266,372,36253,1039,51285,95,1728,1239,19570,265,35636,1333,55206,California
Butte,2021-03-23,1860,91126,523,36776,1223,52508,114,1842,1507,20842,349,35985,1621,56827,California
Butte,2021-03-24,2267,93393,1270,38046,871,53379,126,1968,1713,22131,549,36534,1838,58665,California
Butte,2021-03-25,1486,94879,1200,39246,194,53573,92,2060,1018,22777,464,36998,1110,59775,California
Butte,2021-03-26,1212,96091,441,39687,524,54097,247,2307,562,22943,643,37641,809,60584,California
Butte,2021-03-27,304,96395,85,39772,195,54292,24,2331,135,22934,166,37807,157,60741,California
Butte,2021-03-28,229,96624,45,39817,176,54468,8,2339,103,22921,123,37930,110,60851,California
Butte,2021-03-29,1762,98386,381,40198,1311,55779,70,2409,1341,23916,416,38346,1411,62262,California
Butte,2021-03-30,1037,99423,471,40669,476,56255,90,2499,490,23955,541,38887,580,62842,California
Butte,2021-03-31,1777,101200,1302,41971,408,56663,67,2566,1084,24420,686,39573,1151,63993,California
Butte,2021-04-01,3338,104538,2712,44683,497,57160,129,2695,2261,25740,1070,40643,2390,66383,California
Butte,2021-04-02,1008,105546,422,45105,465,57625,121,2816,568,25995,432,41075,687,67070,California
Butte,2021-04-03,346,105892,47,45152,225,57850,74,2890,164,26051,182,41257,238,67308,California
Butte,2021-04-04,189,106081,25,45177,141,57991,23,2913,110,26107,77,41334,133,67441,California
Butte,2021-04-05,1971,108052,419,45596,1381,59372,171,3084,594,25502,1368,42702,763,68204,California
Butte,2021-04-06,2216,110268,620,46216,1173,60545,423,3507,804,25324,1403,44105,1225,69429,California
Butte,2021-04-07,3041,113309,1322,47538,1326,61871,393,3900,716,24114,2319,46424,1109,70538,California
Butte,2021-04-08,2754,116063,1202,48740,1283,63154,269,4169,459,22550,2292,48716,728,71266,California
Butte,2021-04-09,1378,117441,354,49094,542,63696,482,4651,330,22313,1044,49760,807,72073,California
Butte,2021-04-10,228,117669,48,49142,80,63776,100,4751,102,22389,125,49885,201,72274,California
Butte,2021-04-11,107,117776,44,49186,53,63829,10,4761,83,22459,23,49908,93,72367,California
Butte,2021-04-12,1415,119191,315,49501,966,64795,134,4895,234,21646,1181,51089,368,72735,California
Butte,2021-04-13,1655,120846,574,50075,1075,65870,6,4901,345,20694,1303,52392,351,73086,California
Butte,2021-04-14,2852,123698,2359,52434,493,66363,0,4901,1326,20500,1521,53913,1327,74413,California
Butte,2021-04-15,647,124345,398,52832,249,66612,0,4901,484,20827,157,54070,484,74897,California
Butte,2021-04-16,816,125161,419,53251,397,67009,0,4901,482,20977,332,54402,482,75379,California
Butte,2021-04-17,346,125507,62,53313,284,67293,0,4901,242,21117,102,54504,242,75621,California
Butte,2021-04-18,57,125564,23,53336,34,67327,0,4901,44,21148,13,54517,44,75665,California
Butte,2021-04-19,1565,127129,383,53719,1182,68509,0,4901,418,20422,1144,55661,418,76083,California
Butte,2021-04-20,2031,129160,765,54484,1266,69775,0,4901,759,19917,1264,56925,759,76842,California
Butte,2021-04-21,2110,131270,1227,55711,883,70658,0,4901,487,18788,1616,58541,487,77329,California
Butte,2021-04-22,2270,133540,1985,57696,285,70943,0,4901,625,17773,1640,60181,625,77954,California
Butte,2021-04-23,971,134511,473,58169,498,71441,0,4901,492,17787,478,60659,492,78446,California
Butte,2021-04-24,347,134858,137,58306,210,71651,0,4901,191,17822,156,60815,191,78637,California
Butte,2021-04-25,174,135032,69,58375,105,71756,0,4901,65,17778,109,60924,65,78702,California
Butte,2021-04-26,1575,136607,470,58845,1100,72856,5,4906,410,17033,1160,62084,415,79117,California
Butte,2021-04-27,1035,137642,695,59540,313,73169,27,4933,588,17207,442,62526,616,79733,California
Butte,2021-04-28,1430,139072,976,60516,429,73598,25,4958,510,16826,916,63442,535,80268,California
Butte,2021-04-29,914,139986,569,61085,320,73918,25,4983,312,16567,596,64038,337,80605,California
Butte,2021-04-30,924,140910,417,61502,486,74404,21,5004,466,16602,451,64489,486,81091,California
Butte,2021-05-01,244,141154,64,61566,158,74562,22,5026,72,16524,169,64658,91,81182,California
Butte,2021-05-02,151,141305,63,61629,75,74637,13,5039,43,16472,108,64766,56,81238,California
Butte,2021-05-03,635,141940,257,61886,347,74984,31,5070,177,16232,448,65214,208,81446,California
Butte,2021-05-04,848,142788,343,62229,473,75457,32,5102,223,15867,619,65833,254,81700,California
Butte,2021-05-05,1373,144161,1120,63349,215,75672,38,5140,292,15122,1075,66908,330,82030,California
Butte,2021-05-06,965,145126,701,64050,225,75897,39,5179,366,14931,596,67504,405,82435,California
Butte,2021-05-07,581,145707,310,64360,235,76132,36,5215,296,14980,282,67786,331,82766,California
Butte,2021-05-08,189,145896,53,64413,125,76257,11,5226,92,14987,96,67882,103,82869,California
Butte,2021-05-09,103,145999,27,64440,73,76330,3,5229,54,14995,49,67931,57,82926,California
Butte,2021-05-10,534,146533,316,64756,173,76503,45,5274,213,14935,318,68249,258,83184,California
Butte,2021-05-11,914,147447,660,65416,194,76697,60,5334,295,14674,616,68865,355,83539,California
Butte,2021-05-12,784,148231,483,65899,254,76951,47,5381,335,14612,444,69309,382,83921,California
Butte,2021-05-13,942,149173,622,66521,255,77206,65,5446,345,14434,586,69895,408,84329,California
Butte,2021-05-14,866,150039,540,67061,293,77499,33,5479,377,14357,486,70381,409,84738,California
Butte,2021-05-15,505,150544,245,67306,226,77725,34,5513,237,14362,266,70647,271,85009,California
Butte,2021-05-16,168,150712,82,67388,68,77793,18,5531,98,14409,69,70716,116,85125,California
Butte,2021-05-17,767,151479,494,67882,224,78017,49,5580,328,14350,435,71151,376,85501,California
Butte,2021-05-18,1068,152547,735,68617,284,78301,49,5629,475,14287,587,71738,524,86025,California
Butte,2021-05-19,828,153375,537,69154,247,78548,44,5673,322,14151,501,72239,365,86390,California
Butte,2021-05-20,984,154359,659,69813,215,78763,110,5783,383,14045,598,72837,492,86882,California
Butte,2021-05-21,891,155250,544,70357,321,79084,26,5809,293,13769,594,73431,318,87200,California
Butte,2021-05-22,297,155547,137,70494,145,79229,15,5824,143,13775,151,73582,157,87357,California
Butte,2021-05-23,131,155678,82,70576,48,79277,1,5825,79,13803,52,73634,80,87437,California
Butte,2021-05-24,353,156031,165,70741,138,79415,50,5875,177,13855,174,73808,226,87663,California
Butte,2021-05-25,700,156731,449,71190,215,79630,36,5911,343,13884,350,74158,379,88042,California
Butte,2021-05-26,562,157293,180,71370,359,79989,23,5934,243,13838,311,74469,265,88307,California
Butte,2021-05-27,864,158157,622,71992,224,80213,18,5952,421,13840,438,74907,440,88747,California
Butte,2021-05-28,520,158677,141,72133,300,80513,79,6031,212,13826,305,75212,291,89038,California
Butte,2021-05-29,224,158901,116,72249,96,80609,12,6043,143,13900,81,75293,155,89193,California
Butte,2021-05-30,107,159008,56,72305,51,80660,0,6043,59,13911,48,75341,59,89252,California
Butte,2021-05-31,44,159052,23,72328,18,80678,3,6046,25,13920,19,75360,28,89280,California
Butte,2021-06-01,677,159729,427,72755,214,80892,36,6082,253,13789,420,75780,289,89569,California
Butte,2021-06-02,819,160548,566,73321,208,81100,45,6127,351,13720,464,76244,395,89964,California
Butte,2021-06-03,624,161172,420,73741,187,81287,17,6144,206,13528,415,76659,223,90187,California
Butte,2021-06-04,482,161654,275,74016,179,81466,28,6172,146,13373,329,76988,174,90361,California
Butte,2021-06-05,321,161975,208,74224,93,81559,20,6192,97,13268,222,77210,117,90478,California
Butte,2021-06-06,134,162109,99,74323,33,81592,2,6194,32,13201,101,77311,34,90512,California
Butte,2021-06-07,402,162511,258,74581,115,81707,29,6223,168,13165,233,77544,197,90709,California
Butte,2021-06-08,649,163160,468,75049,163,81870,18,6241,177,12900,461,78005,196,90905,California
Butte,2021-06-09,432,163592,295,75344,118,81988,19,6260,145,12783,281,78286,164,91069,California
Butte,2021-06-10,632,164224,449,75793,151,82139,32,6292,234,12651,396,78682,264,91333,California
Butte,2021-06-11,444,164668,264,76057,159,82298,21,6313,148,12526,294,78976,169,91502,California
Butte,2021-06-12,253,164921,155,76212,88,82386,10,6323,76,12436,176,79152,86,91588,California
Butte,2021-06-13,97,165018,64,76276,30,82416,3,6326,20,12382,77,79229,23,91611,California
Butte,2021-06-14,387,165405,232,76508,135,82551,20,6346,136,12289,250,79479,157,91768,California
Butte,2021-06-15,547,165952,384,76892,137,82688,26,6372,161,12096,380,79859,187,91955,California
Butte,2021-06-16,418,166370,257,77149,116,82804,45,6417,170,12065,245,80104,214,92169,California
Butte,2021-06-17,580,166950,432,77581,121,82925,27,6444,179,11871,400,80504,206,92375,California
Butte,2021-06-18,409,167359,204,77785,152,83077,53,6497,159,11832,248,80752,209,92584,California
Butte,2021-06-19,207,167566,153,77938,49,83126,5,6502,92,11814,115,80867,97,92681,California
Butte,2021-06-20,93,167659,68,78006,25,83151,0,6502,24,11769,69,80936,24,92705,California
Butte,2021-06-21,276,167935,163,78169,91,83242,22,6524,131,11779,143,81079,153,92858,California
Butte,2021-06-22,419,168354,274,78443,121,83363,24,6548,151,11690,264,81343,175,93033,California
Butte,2021-06-23,448,168802,331,78774,93,83456,24,6572,163,11592,284,81627,186,93219,California
Butte,2021-06-24,416,169218,282,79056,106,83562,28,6600,152,11508,263,81890,179,93398,California
Butte,2021-06-25,411,169629,200,79256,188,83750,23,6623,153,11427,257,82147,176,93574,California
Butte,2021-06-26,131,169760,95,79351,34,83784,2,6625,55,11408,76,82223,57,93631,California
Butte,2021-06-27,63,169823,38,79389,24,83808,1,6626,20,11386,43,82266,21,93652,California
Butte,2021-06-28,227,170050,168,79557,53,83861,6,6632,85,11336,141,82407,91,93743,California
Calaveras,2020-12-16,5,5,5,5,0,0,0,0,5,5,0,0,5,5,California
Calaveras,2020-12-17,3,8,3,8,0,0,0,0,3,8,0,0,3,8,California
Calaveras,2020-12-18,39,47,39,47,0,0,0,0,39,47,0,0,39,47,California
Calaveras,2020-12-19,3,50,3,50,0,0,0,0,3,50,0,0,3,50,California
Calaveras,2020-12-20,4,54,4,54,0,0,0,0,4,54,0,0,4,54,California
Calaveras,2020-12-21,54,108,47,101,7,7,0,0,54,108,0,0,54,108,California
Calaveras,2020-12-22,81,189,77,178,4,11,0,0,82,190,0,0,82,190,California
Calaveras,2020-12-23,76,265,74,252,2,13,0,0,76,266,0,0,76,266,California
Calaveras,2020-12-24,2,267,2,254,0,13,0,0,2,268,0,0,2,268,California
Calaveras,2020-12-26,3,270,3,257,0,13,0,0,3,271,0,0,3,271,California
Calaveras,2020-12-28,21,291,17,274,4,17,0,0,20,290,1,1,20,291,California
Calaveras,2020-12-29,160,451,138,412,22,39,0,0,160,450,0,1,160,451,California
Calaveras,2020-12-30,94,545,82,494,12,51,0,0,94,544,0,1,94,545,California
Calaveras,2020-12-31,37,582,26,520,11,62,0,0,37,581,0,1,37,582,California
Calaveras,2021-01-02,11,593,11,531,0,62,0,0,11,592,0,1,11,593,California
Calaveras,2021-01-03,10,603,4,535,6,68,0,0,10,602,0,1,10,603,California
Calaveras,2021-01-04,33,636,5,540,28,96,0,0,33,635,0,1,33,636,California
Calaveras,2021-01-05,41,677,10,550,31,127,0,0,32,663,9,10,37,673,California
Calaveras,2021-01-06,107,784,30,580,77,204,0,0,97,750,10,20,97,770,California
Calaveras,2021-01-07,105,889,26,606,79,283,0,0,92,832,11,31,93,863,California
Calaveras,2021-01-08,69,958,39,645,30,313,0,0,45,855,24,55,47,910,California
Calaveras,2021-01-09,5,963,5,650,0,313,0,0,2,854,3,58,2,912,California
Calaveras,2021-01-10,2,965,0,650,2,315,0,0,2,856,0,58,2,914,California
Calaveras,2021-01-11,65,1030,59,709,6,321,0,0,27,848,37,95,29,943,California
Calaveras,2021-01-12,85,1115,52,761,33,354,0,0,52,868,33,128,53,996,California
Calaveras,2021-01-13,109,1224,45,806,64,418,0,0,75,910,34,162,76,1072,California
Calaveras,2021-01-14,141,1365,44,850,97,515,0,0,108,987,32,194,109,1181,California
Calaveras,2021-01-15,92,1457,28,878,64,579,0,0,72,1039,20,214,72,1253,California
Calaveras,2021-01-16,13,1470,2,880,11,590,0,0,12,1050,1,215,12,1265,California
Calaveras,2021-01-17,9,1479,1,881,8,598,0,0,9,1059,0,215,9,1274,California
Calaveras,2021-01-18,135,1614,20,901,115,713,0,0,120,1168,15,230,124,1398,California
Calaveras,2021-01-19,208,1822,177,1078,31,744,0,0,70,1103,137,367,72,1470,California
Calaveras,2021-01-20,379,2201,82,1160,297,1041,0,0,286,1314,92,459,303,1773,California
Calaveras,2021-01-21,465,2666,42,1202,423,1464,0,0,423,1713,42,501,441,2214,California
Calaveras,2021-01-22,402,3068,23,1225,379,1843,0,0,386,2096,16,517,399,2613,California
Calaveras,2021-01-23,18,3086,8,1233,10,1853,0,0,17,2112,1,518,17,2630,California
Calaveras,2021-01-24,14,3100,8,1241,6,1859,0,0,12,2122,2,520,12,2642,California
Calaveras,2021-01-25,87,3187,7,1248,80,1939,0,0,82,2199,5,525,82,2724,California
Calaveras,2021-01-26,48,3235,16,1264,32,1971,0,0,39,2229,9,534,39,2763,California
Calaveras,2021-01-27,138,3373,46,1310,92,2063,0,0,109,2310,28,562,109,2872,California
Calaveras,2021-01-28,165,3538,25,1335,140,2203,0,0,137,2425,28,590,143,3015,California
Calaveras,2021-01-29,376,3914,13,1348,363,2566,0,0,342,2748,34,624,357,3372,California
Calaveras,2021-01-30,27,3941,10,1358,17,2583,0,0,25,2773,0,624,25,3397,California
Calaveras,2021-01-31,6,3947,4,1362,2,2585,0,0,5,2777,1,625,5,3402,California
Calaveras,2021-02-01,29,3976,12,1374,17,2602,0,0,20,2788,9,634,20,3422,California
Calaveras,2021-02-02,109,4085,22,1396,87,2689,0,0,70,2825,34,668,71,3493,California
Calaveras,2021-02-03,436,4521,44,1440,392,3081,0,0,351,3094,84,752,353,3846,California
Calaveras,2021-02-04,384,4905,25,1465,359,3440,0,0,299,3312,85,837,303,4149,California
Calaveras,2021-02-05,79,4984,22,1487,57,3497,0,0,40,3315,39,876,42,4191,California
Calaveras,2021-02-06,22,5006,12,1499,10,3507,0,0,22,3337,0,876,22,4213,California
Calaveras,2021-02-07,5,5011,1,1500,4,3511,0,0,2,3337,2,878,2,4215,California
Calaveras,2021-02-08,41,5052,19,1519,22,3533,0,0,33,3364,6,884,33,4248,California
Calaveras,2021-02-09,192,5244,76,1595,116,3649,0,0,129,3433,61,945,130,4378,California
Calaveras,2021-02-10,516,5760,32,1627,484,4133,0,0,442,3809,74,1019,450,4828,California
Calaveras,2021-02-11,587,6347,83,1710,504,4637,0,0,468,4173,116,1135,480,5308,California
Calaveras,2021-02-12,570,6917,324,2034,246,4883,0,0,485,4585,83,1218,495,5803,California
Calaveras,2021-02-13,203,7120,45,2079,158,5041,0,0,188,4758,15,1233,188,5991,California
Calaveras,2021-02-14,223,7343,71,2150,152,5193,0,0,207,4951,14,1247,207,6198,California
Calaveras,2021-02-15,384,7727,24,2174,360,5553,0,0,261,5095,119,1366,263,6461,California
Calaveras,2021-02-16,270,7997,146,2320,124,5677,0,0,232,5292,38,1404,235,6696,California
Calaveras,2021-02-17,514,8511,40,2360,474,6151,0,0,205,5211,292,1696,211,6907,California
Calaveras,2021-02-18,499,9010,92,2452,407,6558,0,0,95,4927,380,2076,96,7003,California
Calaveras,2021-02-19,440,9450,43,2495,397,6955,0,0,97,4697,328,2404,98,7101,California
Calaveras,2021-02-20,58,9508,15,2510,43,6998,0,0,48,4735,10,2414,48,7149,California
Calaveras,2021-02-21,25,9533,15,2525,10,7008,0,0,18,4747,6,2420,18,7167,California
Calaveras,2021-02-22,62,9595,38,2563,24,7032,0,0,33,4751,29,2449,33,7200,California
Calaveras,2021-02-23,128,9723,43,2606,85,7117,0,0,90,4806,38,2487,93,7293,California
Calaveras,2021-02-24,97,9820,48,2654,49,7166,0,0,67,4844,29,2516,67,7360,California
Calaveras,2021-02-25,555,10375,103,2757,452,7618,0,0,356,5018,190,2706,364,7724,California
Calaveras,2021-02-26,778,11153,45,2802,733,8351,0,0,396,5058,358,3064,398,8122,California
Calaveras,2021-02-27,204,11357,23,2825,181,8532,0,0,180,5214,24,3088,180,8302,California
Calaveras,2021-02-28,97,11454,15,2840,82,8614,0,0,92,5301,5,3093,92,8394,California
Calaveras,2021-03-01,246,11700,46,2886,200,8814,0,0,152,5366,89,3182,154,8548,California
Calaveras,2021-03-02,254,11954,100,2986,154,8968,0,0,204,5527,47,3229,208,8756,California
Calaveras,2021-03-03,562,12516,106,3092,456,9424,0,0,218,5408,338,3567,219,8975,California
Calaveras,2021-03-04,749,13265,70,3162,678,10102,1,1,350,5374,390,3957,356,9331,California
Calaveras,2021-03-05,455,13720,271,3433,180,10282,4,5,141,5218,301,4258,145,9476,California
Calaveras,2021-03-06,154,13874,42,3475,106,10388,6,11,113,5297,41,4299,120,9596,California
Calaveras,2021-03-07,76,13950,32,3507,37,10425,7,18,35,5298,41,4340,42,9638,California
Calaveras,2021-03-08,168,14118,30,3537,130,10555,8,26,131,5403,35,4375,140,9778,California
Calaveras,2021-03-09,370,14488,139,3676,225,10780,6,32,32,5109,332,4707,38,9816,California
Calaveras,2021-03-10,431,14919,35,3711,393,11173,3,35,58,4808,363,5070,62,9878,California
Calaveras,2021-03-11,869,15788,435,4146,421,11594,13,48,432,4832,423,5493,447,10325,California
Calaveras,2021-03-12,422,16210,221,4367,191,11785,10,58,322,5076,99,5592,343,10668,California
Calaveras,2021-03-13,191,16401,19,4386,164,11949,8,66,140,5179,49,5641,152,10820,California
Calaveras,2021-03-14,156,16557,11,4397,144,12093,1,67,18,5066,138,5779,25,10845,California
Calaveras,2021-03-15,333,16890,50,4447,258,12351,25,92,54,4871,278,6057,83,10928,California
Calaveras,2021-03-16,691,17581,554,5001,117,12468,20,112,546,5294,143,6200,566,11494,California
Calaveras,2021-03-17,288,17869,53,5054,221,12689,14,126,53,5134,228,6428,68,11562,California
Calaveras,2021-03-18,666,18535,570,5624,80,12769,16,142,546,5580,120,6548,566,12128,California
Calaveras,2021-03-19,233,18768,50,5674,109,12878,74,216,59,5541,170,6718,131,12259,California
Calaveras,2021-03-20,81,18849,22,5696,58,12936,1,217,23,5508,58,6776,25,12284,California
Calaveras,2021-03-21,47,18896,29,5725,7,12943,11,228,9,5493,37,6813,22,12306,California
Calaveras,2021-03-22,80,18976,36,5761,23,12966,21,249,25,5484,55,6868,46,12352,California
Calaveras,2021-03-23,297,19273,205,5966,82,13048,10,259,116,5441,169,7037,126,12478,California
Calaveras,2021-03-24,136,19409,52,6018,74,13122,10,269,44,5405,90,7127,54,12532,California
Calaveras,2021-03-25,748,20157,105,6123,639,13761,4,273,448,5567,290,7417,452,12984,California
Calaveras,2021-03-26,430,20587,28,6151,396,14157,6,279,89,5326,338,7755,97,13081,California
Calaveras,2021-03-27,211,20798,20,6171,187,14344,4,283,37,5198,171,7926,43,13124,California
Calaveras,2021-03-28,113,20911,12,6183,99,14443,2,285,8,5105,104,8030,11,13135,California
Calaveras,2021-03-29,186,21097,25,6208,158,14601,3,288,59,5044,124,8154,63,13198,California
Calaveras,2021-03-30,540,21637,25,6233,498,15099,17,305,362,5246,177,8331,379,13577,California
Calaveras,2021-03-31,327,21964,143,6376,174,15273,10,315,159,5248,168,8499,170,13747,California
Calaveras,2021-04-01,690,22654,445,6821,244,15517,1,316,182,4937,504,9003,193,13940,California
Calaveras,2021-04-02,397,23051,232,7053,157,15674,8,324,116,4790,274,9277,127,14067,California
Calaveras,2021-04-03,143,23194,34,7087,105,15779,4,328,40,4731,103,9380,44,14111,California
Calaveras,2021-04-04,82,23276,26,7113,56,15835,0,328,50,4749,32,9412,50,14161,California
Calaveras,2021-04-05,213,23489,81,7194,122,15957,10,338,99,4745,114,9526,110,14271,California
Calaveras,2021-04-06,655,24144,575,7769,66,16023,14,352,114,4336,537,10063,128,14399,California
Calaveras,2021-04-07,761,24905,663,8432,61,16084,37,389,620,4855,141,10204,660,15059,California
Calaveras,2021-04-08,947,25852,855,9287,70,16154,22,411,433,4802,511,10715,458,15517,California
Calaveras,2021-04-09,157,26009,59,9346,49,16203,49,460,56,4811,99,10814,108,15625,California
Calaveras,2021-04-10,194,26203,42,9388,133,16336,19,479,148,4934,45,10859,168,15793,California
Calaveras,2021-04-11,70,26273,45,9433,23,16359,2,481,49,4964,21,10880,51,15844,California
Calaveras,2021-04-12,107,26380,46,9479,42,16401,19,500,57,4991,50,10930,77,15921,California
Calaveras,2021-04-13,427,26807,372,9851,55,16456,0,500,366,5300,60,10990,369,16290,California
Calaveras,2021-04-14,185,26992,28,9879,157,16613,0,500,135,5387,49,11039,136,16426,California
Calaveras,2021-04-15,334,27326,283,10162,51,16664,0,500,244,5548,86,11125,247,16673,California
Calaveras,2021-04-16,108,27434,32,10194,76,16740,0,500,50,5548,51,11176,51,16724,California
Calaveras,2021-04-17,333,27767,128,10322,205,16945,0,500,290,5795,43,11219,290,17014,California
Calaveras,2021-04-18,18,27785,5,10327,13,16958,0,500,11,5799,7,11226,11,17025,California
Calaveras,2021-04-19,75,27860,27,10354,48,17006,0,500,44,5815,30,11256,46,17071,California
Calaveras,2021-04-20,271,28131,94,10448,177,17183,0,500,197,5945,68,11324,198,17269,California
Calaveras,2021-04-21,217,28348,146,10594,71,17254,0,500,83,5897,132,11456,84,17353,California
Calaveras,2021-04-22,545,28893,96,10690,449,17703,0,500,143,5643,399,11855,145,17498,California
Calaveras,2021-04-23,159,29052,80,10770,79,17782,0,500,64,5615,92,11947,64,17562,California
Calaveras,2021-04-24,174,29226,37,10807,137,17919,0,500,131,5705,42,11989,132,17694,California
Calaveras,2021-04-25,42,29268,28,10835,14,17933,0,500,21,5707,21,12010,23,17717,California
Calaveras,2021-04-26,119,29387,74,10909,45,17978,0,500,35,5660,83,12093,36,17753,California
Calaveras,2021-04-27,444,29831,74,10983,357,18335,13,513,57,5347,383,12476,70,17823,California
Calaveras,2021-04-28,651,30482,580,11563,40,18375,31,544,56,4849,592,13068,94,17917,California
Calaveras,2021-04-29,518,31000,442,12005,57,18432,19,563,72,4503,443,13511,97,18014,California
Calaveras,2021-04-30,156,31156,62,12067,89,18521,5,568,71,4501,84,13595,82,18096,California
Calaveras,2021-05-01,202,31358,111,12178,88,18609,3,571,134,4575,67,13662,141,18237,California
Calaveras,2021-05-02,53,31411,36,12214,16,18625,1,572,20,4566,31,13693,22,18259,California
Calaveras,2021-05-03,94,31505,69,12283,20,18645,5,577,30,4542,63,13756,39,18298,California
Calaveras,2021-05-04,420,31925,330,12613,53,18698,37,614,44,4249,375,14131,82,18380,California
Calaveras,2021-05-05,113,32038,58,12671,23,18721,32,646,50,4269,61,14192,81,18461,California
Calaveras,2021-05-06,255,32293,194,12865,37,18758,24,670,47,4135,206,14398,72,18533,California
Calaveras,2021-05-07,89,32382,25,12890,58,18816,6,676,58,4168,31,14429,64,18597,California
Calaveras,2021-05-08,290,32672,143,13033,145,18961,2,678,90,4064,196,14625,92,18689,California
Calaveras,2021-05-09,29,32701,12,13045,14,18975,3,681,13,4064,16,14641,16,18705,California
Calaveras,2021-05-10,64,32765,29,13074,34,19009,1,682,28,4060,34,14675,30,18735,California
Calaveras,2021-05-11,136,32901,91,13165,33,19042,12,694,95,4128,40,14715,108,18843,California
Calaveras,2021-05-12,170,33071,48,13213,122,19164,0,694,52,4063,117,14832,52,18895,California
Calaveras,2021-05-13,121,33192,66,13279,40,19204,15,709,65,4090,54,14886,81,18976,California
Calaveras,2021-05-14,149,33341,92,13371,54,19258,3,712,100,4145,48,14934,103,19079,California
Calaveras,2021-05-15,267,33608,95,13466,169,19427,3,715,106,4099,155,15089,109,19188,California
Calaveras,2021-05-16,29,33637,12,13478,17,19444,0,715,14,4099,15,15104,15,19203,California
Calaveras,2021-05-17,90,33727,42,13520,41,19485,7,722,47,4112,42,15146,55,19258,California
Calaveras,2021-05-18,227,33954,61,13581,144,19629,22,744,72,4052,154,15300,94,19352,California
Calaveras,2021-05-19,150,34104,62,13643,84,19713,4,748,71,4050,78,15378,76,19428,California
Calaveras,2021-05-20,204,34308,80,13723,98,19811,26,774,66,4006,135,15513,91,19519,California
Calaveras,2021-05-21,97,34405,55,13778,38,19849,4,778,58,4029,38,15551,61,19580,California
Calaveras,2021-05-22,303,34708,160,13938,143,19992,0,778,148,4023,154,15705,148,19728,California
Calaveras,2021-05-23,31,34739,16,13954,15,20007,0,778,13,4018,18,15723,13,19741,California
Calaveras,2021-05-24,76,34815,40,13994,20,20027,16,794,32,4023,44,15767,49,19790,California
Calaveras,2021-05-25,123,34938,47,14041,59,20086,17,811,56,4029,67,15834,73,19863,California
Calaveras,2021-05-26,121,35059,87,14128,30,20116,4,815,83,4078,37,15871,86,19949,California
Calaveras,2021-05-27,84,35143,43,14171,37,20153,4,819,28,4058,53,15924,33,19982,California
Calaveras,2021-05-28,85,35228,44,14215,37,20190,4,823,39,4055,46,15970,43,20025,California
Calaveras,2021-05-29,69,35297,23,14238,41,20231,5,828,33,4058,36,16006,39,20064,California
Calaveras,2021-05-30,36,35333,14,14252,17,20248,5,833,11,4049,25,16031,16,20080,California
Calaveras,2021-05-31,5,35338,0,14252,3,20251,2,835,0,4046,5,16036,2,20082,California
Calaveras,2021-06-01,145,35483,97,14349,42,20293,6,841,44,3995,101,16137,50,20132,California
Calaveras,2021-06-02,85,35568,54,14403,27,20320,4,845,36,3986,49,16186,40,20172,California
Calaveras,2021-06-03,93,35661,55,14458,31,20351,7,852,42,3988,49,16235,51,20223,California
Calaveras,2021-06-04,139,35800,93,14551,34,20385,12,864,36,3933,103,16338,48,20271,California
Calaveras,2021-06-05,85,35885,28,14579,55,20440,2,866,34,3919,50,16388,36,20307,California
Calaveras,2021-06-06,41,35926,29,14608,9,20449,3,869,22,3925,19,16407,25,20332,California
Calaveras,2021-06-07,62,35988,45,14653,9,20458,8,877,25,3922,36,16443,33,20365,California
Calaveras,2021-06-08,125,36113,79,14732,39,20497,7,884,57,3920,66,16509,64,20429,California
Calaveras,2021-06-09,95,36208,51,14783,38,20535,6,890,30,3893,65,16574,38,20467,California
Calaveras,2021-06-10,119,36327,58,14841,52,20587,9,899,41,3867,76,16650,50,20517,California
Calaveras,2021-06-11,103,36430,58,14899,40,20627,5,904,32,3833,71,16721,37,20554,California
Calaveras,2021-06-12,62,36492,36,14935,24,20651,2,906,20,3813,42,16763,22,20576,California
Calaveras,2021-06-13,31,36523,18,14953,9,20660,4,910,8,3802,23,16786,12,20588,California
Calaveras,2021-06-14,59,36582,39,14992,16,20676,4,914,22,3792,37,16823,27,20615,California
Calaveras,2021-06-15,89,36671,54,15046,26,20702,9,923,23,3759,66,16889,33,20648,California
Calaveras,2021-06-16,179,36850,138,15184,27,20729,14,937,39,3673,139,17028,53,20701,California
Calaveras,2021-06-17,59,36909,31,15215,23,20752,5,942,24,3670,32,17060,29,20730,California
Calaveras,2021-06-18,59,36968,40,15255,15,20767,4,946,24,3663,35,17095,28,20758,California
Calaveras,2021-06-19,66,37034,23,15278,26,20793,17,963,23,3660,43,17138,40,20798,California
Calaveras,2021-06-20,6,37040,2,15280,3,20796,1,964,2,3659,4,17142,3,20801,California
Calaveras,2021-06-21,38,37078,14,15294,18,20814,6,970,23,3674,15,17157,30,20831,California
Calaveras,2021-06-22,64,37142,32,15326,30,20844,2,972,29,3672,34,17191,32,20863,California
Calaveras,2021-06-23,60,37202,34,15360,19,20863,7,979,26,3671,34,17225,33,20896,California
Calaveras,2021-06-24,72,37274,36,15396,32,20895,4,983,38,3679,34,17259,42,20938,California
Calaveras,2021-06-25,52,37326,32,15428,13,20908,7,990,23,3680,29,17288,30,20968,California
Calaveras,2021-06-26,33,37359,16,15444,15,20923,2,992,20,3690,13,17301,23,20991,California
Calaveras,2021-06-27,19,37378,17,15461,1,20924,1,993,8,3688,11,17312,9,21000,California
Calaveras,2021-06-28,41,37419,24,15485,12,20936,5,998,19,3691,22,17334,25,21025,California
Colusa,2020-12-18,1,1,1,1,0,0,0,0,1,1,0,0,1,1,California
Colusa,2020-12-21,2,3,2,3,0,0,0,0,2,3,0,0,2,3,California
Colusa,2020-12-22,10,13,10,13,0,0,0,0,10,13,0,0,10,13,California
Colusa,2020-12-23,10,23,10,23,0,0,0,0,10,23,0,0,10,23,California
Colusa,2020-12-24,2,25,1,24,1,1,0,0,2,25,0,0,2,25,California
Colusa,2020-12-27,1,26,1,25,0,1,0,0,1,26,0,0,1,26,California
Colusa,2020-12-28,7,33,3,28,4,5,0,0,7,33,0,0,7,33,California
Colusa,2020-12-29,10,43,8,36,2,7,0,0,10,43,0,0,10,43,California
Colusa,2020-12-30,51,94,14,50,37,44,0,0,51,94,0,0,51,94,California
Colusa,2020-12-31,18,112,1,51,17,61,0,0,18,112,0,0,18,112,California
Colusa,2021-01-04,4,116,0,51,4,65,0,0,4,116,0,0,4,116,California
Colusa,2021-01-05,68,184,1,52,67,132,0,0,68,184,0,0,68,184,California
Colusa,2021-01-06,15,199,9,61,6,138,0,0,15,199,0,0,15,199,California
Colusa,2021-01-07,40,239,5,66,35,173,0,0,39,237,1,1,39,238,California
Colusa,2021-01-08,9,248,7,73,2,175,0,0,8,244,1,2,8,246,California
Colusa,2021-01-09,2,250,1,74,1,176,0,0,2,246,0,2,2,248,California
Colusa,2021-01-10,1,251,0,74,1,177,0,0,1,247,0,2,1,249,California
Colusa,2021-01-11,12,263,6,80,6,183,0,0,7,249,5,7,7,256,California
Colusa,2021-01-12,11,274,9,89,2,185,0,0,6,250,5,12,6,262,California
Colusa,2021-01-13,21,295,13,102,8,193,0,0,13,255,8,20,13,275,California
Colusa,2021-01-14,36,331,29,131,7,200,0,0,34,287,2,22,34,309,California
Colusa,2021-01-15,42,373,5,136,37,237,0,0,40,325,2,24,40,349,California
Colusa,2021-01-16,12,385,1,137,11,248,0,0,11,335,1,25,11,360,California
Colusa,2021-01-17,3,388,2,139,1,249,0,0,2,336,1,26,2,362,California
Colusa,2021-01-18,4,392,0,139,4,253,0,0,4,340,0,26,4,366,California
Colusa,2021-01-19,9,401,8,147,1,254,0,0,5,341,4,30,5,371,California
Colusa,2021-01-20,115,516,101,248,14,268,0,0,101,428,14,44,101,472,California
Colusa,2021-01-21,59,575,44,292,15,283,0,0,58,485,1,45,58,530,California
Colusa,2021-01-22,40,615,17,309,23,306,0,0,35,515,5,50,35,565,California
Colusa,2021-01-23,35,650,6,315,29,335,0,0,35,550,0,50,35,600,California
Colusa,2021-01-25,7,657,0,315,7,342,0,0,7,557,0,50,7,607,California
Colusa,2021-01-26,8,665,5,320,3,345,0,0,5,559,3,53,5,612,California
Colusa,2021-01-27,109,774,31,351,78,423,0,0,107,664,2,55,107,719,California
Colusa,2021-01-28,83,857,48,399,35,458,0,0,74,729,9,64,74,793,California
Colusa,2021-01-29,43,900,7,406,36,494,0,0,42,770,1,65,42,835,California
Colusa,2021-01-30,27,927,4,410,23,517,0,0,27,797,0,65,27,862,California
Colusa,2021-01-31,7,934,7,417,0,517,0,0,7,804,0,65,7,869,California
Colusa,2021-02-01,27,961,10,427,17,534,0,0,22,821,5,70,22,891,California
Colusa,2021-02-02,42,1003,8,435,34,568,0,0,36,851,6,76,36,927,California
Colusa,2021-02-03,70,1073,10,445,60,628,0,0,58,897,12,88,58,985,California
Colusa,2021-02-04,143,1216,81,526,62,690,0,0,114,982,29,117,114,1099,California
Colusa,2021-02-05,32,1248,8,534,24,714,0,0,29,1008,3,120,29,1128,California
Colusa,2021-02-06,285,1533,9,543,276,990,0,0,274,1271,11,131,274,1402,California
Colusa,2021-02-07,2,1535,1,544,1,991,0,0,0,1269,2,133,0,1402,California
Colusa,2021-02-08,40,1575,5,549,35,1026,0,0,37,1303,3,136,37,1439,California
Colusa,2021-02-09,231,1806,14,563,217,1243,0,0,176,1424,55,191,176,1615,California
Colusa,2021-02-10,117,1923,42,605,75,1318,0,0,73,1453,44,235,73,1688,California
Colusa,2021-02-11,101,2024,38,643,63,1381,0,0,74,1500,27,262,74,1762,California
Colusa,2021-02-12,117,2141,9,652,108,1489,0,0,78,1538,40,302,78,1840,California
Colusa,2021-02-13,60,2201,8,660,52,1541,0,0,52,1582,8,310,52,1892,California
Colusa,2021-02-14,21,2222,8,668,13,1554,0,0,15,1591,6,316,15,1907,California
Colusa,2021-02-15,47,2269,10,678,37,1591,0,0,40,1624,7,323,40,1947,California
Colusa,2021-02-16,69,2338,4,682,65,1656,0,0,68,1691,1,324,68,2015,California
Colusa,2021-02-17,205,2543,143,825,62,1718,0,0,59,1604,146,470,59,2074,California
Colusa,2021-02-18,135,2678,35,860,100,1818,0,0,112,1693,23,493,112,2186,California
Colusa,2021-02-19,155,2833,19,879,136,1954,0,0,129,1796,26,519,129,2315,California
Colusa,2021-02-20,29,2862,6,885,23,1977,0,0,13,1793,16,535,13,2328,California
Colusa,2021-02-21,1,2863,1,886,0,1977,0,0,0,1792,1,536,0,2328,California
Colusa,2021-02-22,44,2907,27,913,17,1994,0,0,30,1808,14,550,30,2358,California
Colusa,2021-02-23,22,2929,6,919,16,2010,0,0,18,1822,4,554,18,2376,California
Colusa,2021-02-24,300,3229,54,973,246,2256,0,0,158,1838,142,696,158,2534,California
Colusa,2021-02-25,103,3332,55,1028,48,2304,0,0,67,1869,36,732,67,2601,California
Colusa,2021-02-26,100,3432,14,1042,86,2390,0,0,60,1889,40,772,60,2661,California
Colusa,2021-02-27,55,3487,4,1046,51,2441,0,0,40,1914,15,787,40,2701,California
Colusa,2021-02-28,27,3514,15,1061,12,2453,0,0,18,1923,9,796,18,2719,California
Colusa,2021-03-01,46,3560,15,1076,31,2484,0,0,29,1935,17,813,29,2748,California
Colusa,2021-03-02,49,3609,13,1089,36,2520,0,0,26,1938,23,836,26,2774,California
Colusa,2021-03-03,246,3855,46,1135,200,2720,0,0,189,2070,57,893,189,2963,California
Colusa,2021-03-04,139,3994,59,1194,80,2800,0,0,80,2091,59,952,80,3043,California
Colusa,2021-03-05,98,4092,25,1219,64,2864,9,9,53,2108,45,997,62,3105,California
Colusa,2021-03-06,276,4368,9,1228,267,3131,0,9,39,1910,237,1234,39,3144,California
Colusa,2021-03-07,8,4376,5,1233,3,3134,0,9,6,1914,2,1236,6,3150,California
Colusa,2021-03-08,89,4465,21,1254,33,3167,35,44,45,1950,44,1280,80,3230,California
Colusa,2021-03-09,276,4741,74,1328,179,3346,23,67,85,1867,191,1471,108,3338,California
Colusa,2021-03-10,288,5029,38,1366,214,3560,36,103,202,2019,86,1557,238,3576,California
Colusa,2021-03-11,420,5449,60,1426,339,3899,21,124,339,2296,81,1638,358,3934,California
Colusa,2021-03-12,111,5560,18,1444,80,3979,13,137,20,2238,91,1729,33,3967,California
Colusa,2021-03-13,61,5621,16,1460,36,4015,9,146,18,2222,43,1772,27,3994,California
Colusa,2021-03-14,19,5640,0,1460,17,4032,2,148,5,2216,13,1785,7,4001,California
Colusa,2021-03-15,71,5711,27,1487,36,4068,8,156,14,2181,57,1842,22,4023,California
Colusa,2021-03-16,299,6010,16,1503,237,4305,46,202,189,2306,110,1952,235,4258,California
Colusa,2021-03-17,194,6204,50,1553,144,4449,0,202,108,2328,86,2038,108,4366,California
Colusa,2021-03-18,325,6529,38,1591,216,4665,71,273,201,2477,124,2162,273,4639,California
Colusa,2021-03-19,80,6609,20,1611,58,4723,2,275,55,2509,25,2187,57,4696,California
Colusa,2021-03-20,50,6659,8,1619,41,4764,1,276,36,2532,14,2201,37,4733,California
Colusa,2021-03-21,6,6665,4,1623,2,4766,0,276,3,2532,3,2204,3,4736,California
Colusa,2021-03-22,62,6727,10,1633,43,4809,9,285,40,2559,22,2226,49,4785,California
Colusa,2021-03-23,83,6810,16,1649,65,4874,2,287,56,2590,27,2253,58,4843,California
Colusa,2021-03-24,340,7150,57,1706,277,5151,6,293,68,2391,272,2525,73,4916,California
Colusa,2021-03-25,109,7259,60,1766,44,5195,5,298,52,2391,57,2582,57,4973,California
Colusa,2021-03-26,301,7560,47,1813,250,5445,4,302,248,2590,53,2635,252,5225,California
Colusa,2021-03-27,63,7623,5,1818,58,5503,0,302,25,2577,38,2673,25,5250,California
Colusa,2021-03-28,16,7639,7,1825,9,5512,0,302,8,2577,8,2681,8,5258,California
Colusa,2021-03-29,72,7711,20,1845,46,5558,6,308,32,2575,40,2721,38,5296,California
Colusa,2021-03-30,151,7862,82,1927,67,5625,2,310,72,2570,79,2800,74,5370,California
Colusa,2021-03-31,234,8096,41,1968,193,5818,0,310,70,2477,163,2963,70,5440,California
Colusa,2021-04-01,435,8531,73,2041,307,6125,55,365,311,2719,123,3086,365,5805,California
Colusa,2021-04-02,82,8613,13,2054,55,6180,14,379,38,2727,44,3130,52,5857,California
Colusa,2021-04-03,62,8675,10,2064,29,6209,23,402,14,2715,48,3178,36,5893,California
Colusa,2021-04-04,18,8693,0,2064,8,6217,10,412,3,2713,15,3193,13,5906,California
Colusa,2021-04-05,96,8789,26,2090,54,6271,16,428,38,2709,58,3251,54,5960,California
Colusa,2021-04-06,130,8919,35,2125,45,6316,50,478,43,2715,87,3338,93,6053,California
Colusa,2021-04-07,357,9276,42,2167,292,6608,23,501,132,2646,225,3563,156,6209,California
Colusa,2021-04-08,429,9705,34,2201,368,6976,27,528,121,2489,305,3868,148,6357,California
Colusa,2021-04-09,77,9782,21,2222,32,7008,24,552,28,2492,49,3917,52,6409,California
Colusa,2021-04-10,45,9827,10,2232,14,7022,21,573,11,2490,34,3951,32,6441,California
Colusa,2021-04-11,16,9843,3,2235,11,7033,2,575,8,2492,8,3959,10,6451,California
Colusa,2021-04-12,32,9875,3,2238,29,7062,0,575,25,2510,7,3966,25,6476,California
Colusa,2021-04-13,280,10155,23,2261,257,7319,0,575,95,2421,184,4150,95,6571,California
Colusa,2021-04-14,97,10252,20,2281,77,7396,0,575,35,2394,62,4212,35,6606,California
Colusa,2021-04-15,324,10576,47,2328,277,7673,0,575,132,2334,192,4404,132,6738,California
Colusa,2021-04-16,82,10658,11,2339,71,7744,0,575,36,2325,45,4449,36,6774,California
Colusa,2021-04-17,52,10710,7,2346,45,7789,0,575,30,2333,22,4471,30,6804,California
Colusa,2021-04-18,9,10719,2,2348,7,7796,0,575,7,2338,2,4473,7,6811,California
Colusa,2021-04-19,62,10781,22,2370,40,7836,0,575,18,2312,44,4517,18,6829,California
Colusa,2021-04-20,189,10970,38,2408,151,7987,0,575,134,2391,55,4572,134,6963,California
Colusa,2021-04-21,179,11149,68,2476,111,8098,0,575,110,2432,69,4641,110,7073,California
Colusa,2021-04-22,425,11574,27,2503,397,8495,1,576,221,2450,203,4844,221,7294,California
Colusa,2021-04-23,96,11670,20,2523,76,8571,0,576,37,2428,59,4903,37,7331,California
Colusa,2021-04-24,241,11911,19,2542,221,8792,1,577,210,2607,31,4934,210,7541,California
Colusa,2021-04-25,12,11923,6,2548,6,8798,0,577,8,2611,4,4938,8,7549,California
Colusa,2021-04-26,25,11948,5,2553,19,8817,1,578,6,2599,18,4956,6,7555,California
Colusa,2021-04-27,97,12045,25,2578,68,8885,4,582,44,2594,53,5009,48,7603,California
Colusa,2021-04-28,196,12241,33,2611,160,9045,3,585,144,2690,51,5060,147,7750,California
Colusa,2021-04-29,319,12560,29,2640,286,9331,4,589,48,2473,269,5329,52,7802,California
Colusa,2021-04-30,67,12627,20,2660,47,9378,0,589,43,2492,24,5353,43,7845,California
Colusa,2021-05-01,19,12646,8,2668,8,9386,3,592,9,2494,10,5363,12,7857,California
Colusa,2021-05-02,4,12650,1,2669,2,9388,1,593,2,2495,2,5365,3,7860,California
Colusa,2021-05-03,31,12681,7,2676,24,9412,0,593,15,2494,16,5381,15,7875,California
Colusa,2021-05-04,99,12780,55,2731,43,9455,1,594,69,2534,30,5411,70,7945,California
Colusa,2021-05-05,84,12864,21,2752,62,9517,1,595,35,2521,49,5460,36,7981,California
Colusa,2021-05-06,254,13118,16,2768,236,9753,2,597,111,2491,143,5603,113,8094,California
Colusa,2021-05-07,66,13184,4,2772,58,9811,4,601,30,2489,36,5639,34,8128,California
Colusa,2021-05-08,18,13202,6,2778,12,9823,0,601,9,2489,9,5648,9,8137,California
Colusa,2021-05-09,13,13215,5,2783,5,9828,3,604,6,2491,7,5655,9,8146,California
Colusa,2021-05-10,16,13231,7,2790,9,9837,0,604,6,2487,10,5665,6,8152,California
Colusa,2021-05-11,93,13324,34,2824,59,9896,0,604,48,2490,45,5710,48,8200,California
Colusa,2021-05-12,75,13399,32,2856,39,9935,4,608,21,2461,54,5764,25,8225,California
Colusa,2021-05-13,242,13641,24,2880,217,10152,1,609,78,2376,164,5928,79,8304,California
Colusa,2021-05-14,85,13726,18,2898,52,10204,15,624,32,2371,52,5980,47,8351,California
Colusa,2021-05-15,41,13767,10,2908,29,10233,2,626,21,2374,20,6000,23,8374,California
Colusa,2021-05-16,24,13791,8,2916,9,10242,7,633,11,2379,13,6013,18,8392,California
Colusa,2021-05-17,25,13816,5,2921,18,10260,2,635,13,2382,12,6025,15,8407,California
Colusa,2021-05-18,103,13919,27,2948,74,10334,2,637,47,2375,56,6081,49,8456,California
Colusa,2021-05-19,220,14139,44,2992,156,10490,20,657,66,2307,154,6235,86,8542,California
Colusa,2021-05-20,281,14420,33,3025,244,10734,4,661,67,2164,214,6449,71,8613,California
Colusa,2021-05-21,71,14491,24,3049,45,10779,2,663,35,2165,36,6485,37,8650,California
Colusa,2021-05-22,218,14709,21,3070,196,10975,1,664,30,2008,188,6673,31,8681,California
Colusa,2021-05-23,20,14729,9,3079,7,10982,4,668,6,2004,14,6687,10,8691,California
Colusa,2021-05-24,26,14755,3,3082,18,11000,5,673,15,2013,11,6698,20,8711,California
Colusa,2021-05-25,135,14890,75,3157,58,11058,2,675,52,1984,83,6781,54,8765,California
Colusa,2021-05-26,72,14962,25,3182,47,11105,0,675,32,1976,40,6821,32,8797,California
Colusa,2021-05-27,172,15134,17,3199,155,11260,0,675,55,1914,117,6938,55,8852,California
Colusa,2021-05-28,79,15213,25,3224,53,11313,1,676,40,1916,39,6977,41,8893,California
Colusa,2021-05-29,40,15253,18,3242,18,11331,4,680,29,1938,11,6988,33,8926,California
Colusa,2021-05-30,8,15261,1,3243,2,11333,5,685,1,1937,7,6995,6,8932,California
Colusa,2021-05-31,4,15265,0,3243,4,11337,0,685,1,1935,3,6998,1,8933,California
Colusa,2021-06-01,50,15315,16,3259,33,11370,1,686,26,1938,24,7022,27,8960,California
Colusa,2021-06-02,146,15461,20,3279,124,11494,2,688,51,1897,94,7116,53,9013,California
Colusa,2021-06-03,63,15524,20,3299,42,11536,1,689,26,1890,34,7150,27,9040,California
Colusa,2021-06-04,60,15584,19,3318,37,11573,4,693,21,1876,39,7189,25,9065,California
Colusa,2021-06-05,35,15619,16,3334,18,11591,1,694,17,1876,18,7207,18,9083,California
Colusa,2021-06-06,11,15630,6,3340,4,11595,1,695,6,1878,5,7212,7,9090,California
Colusa,2021-06-07,22,15652,6,3346,16,11611,0,695,10,1876,12,7224,10,9100,California
Colusa,2021-06-08,75,15727,21,3367,54,11665,0,695,29,1859,46,7270,29,9129,California
Colusa,2021-06-09,70,15797,39,3406,31,11696,0,695,28,1845,42,7312,28,9157,California
Colusa,2021-06-10,58,15855,23,3429,31,11727,4,699,14,1819,44,7356,18,9175,California
Colusa,2021-06-11,60,15915,33,3462,27,11754,0,699,29,1817,31,7387,29,9204,California
Colusa,2021-06-12,36,15951,22,3484,14,11768,0,699,10,1801,26,7413,10,9214,California
Colusa,2021-06-13,10,15961,3,3487,5,11773,2,701,2,1797,8,7421,4,9218,California
Colusa,2021-06-14,19,15980,9,3496,10,11783,0,701,7,1792,12,7433,7,9225,California
Colusa,2021-06-15,76,16056,36,3532,39,11822,1,702,19,1755,57,7490,20,9245,California
Colusa,2021-06-16,55,16111,15,3547,39,11861,1,703,15,1731,40,7530,16,9261,California
Colusa,2021-06-17,117,16228,10,3557,106,11967,1,704,17,1649,100,7630,18,9279,California
Colusa,2021-06-18,63,16291,32,3589,27,11994,4,708,25,1640,38,7668,29,9308,California
Colusa,2021-06-19,26,16317,21,3610,4,11998,1,709,6,1627,20,7688,7,9315,California
Colusa,2021-06-20,10,16327,7,3617,3,12001,0,709,8,1633,2,7690,8,9323,California
Colusa,2021-06-21,20,16347,3,3620,16,12017,1,710,8,1630,12,7702,9,9332,California
Colusa,2021-06-22,69,16416,30,3650,34,12051,5,715,30,1627,38,7740,35,9367,California
Colusa,2021-06-23,50,16466,27,3677,22,12073,1,716,21,1620,29,7769,22,9389,California
Colusa,2021-06-24,60,16526,26,3703,32,12105,2,718,21,1604,39,7808,23,9412,California
Colusa,2021-06-25,42,16568,16,3719,26,12131,0,718,25,1612,17,7825,25,9437,California
Colusa,2021-06-26,18,16586,13,3732,5,12136,0,718,5,1604,13,7838,5,9442,California
Colusa,2021-06-27,7,16593,4,3736,3,12139,0,718,5,1607,2,7840,5,9447,California
Colusa,2021-06-28,8,16601,1,3737,6,12145,1,719,5,1610,3,7843,6,9453,California
Contra Costa,2020-12-15,19,19,19,19,0,0,0,0,19,19,0,0,19,19,California
Contra Costa,2020-12-16,523,542,523,542,0,0,0,0,523,542,0,0,523,542,California
Contra Costa,2020-12-17,1047,1589,1047,1589,0,0,0,0,1047,1589,0,0,1047,1589,California
Contra Costa,2020-12-18,1752,3341,1750,3339,2,2,0,0,1752,3341,0,0,1752,3341,California
Contra Costa,2020-12-19,1112,4453,1111,4450,1,3,0,0,1112,4453,0,0,1112,4453,California
Contra Costa,2020-12-20,597,5050,596,5046,1,4,0,0,597,5050,0,0,597,5050,California
Contra Costa,2020-12-21,1666,6716,1663,6709,3,7,0,0,1666,6716,0,0,1666,6716,California
Contra Costa,2020-12-22,1674,8390,1567,8276,107,114,0,0,1674,8390,0,0,1674,8390,California
Contra Costa,2020-12-23,1619,10009,1368,9644,251,365,0,0,1619,10009,0,0,1619,10009,California
Contra Costa,2020-12-24,655,10664,334,9978,321,686,0,0,655,10664,0,0,655,10664,California
Contra Costa,2020-12-25,41,10705,19,9997,22,708,0,0,41,10705,0,0,41,10705,California
Contra Costa,2020-12-26,649,11354,135,10132,514,1222,0,0,649,11354,0,0,649,11354,California
Contra Costa,2020-12-27,242,11596,87,10219,155,1377,0,0,242,11596,0,0,242,11596,California
Contra Costa,2020-12-28,1847,13443,872,11091,975,2352,0,0,1847,13443,0,0,1847,13443,California
Contra Costa,2020-12-29,1844,15287,826,11917,1018,3370,0,0,1844,15287,0,0,1844,15287,California
Contra Costa,2020-12-30,2409,17696,1218,13135,1191,4561,0,0,2407,17693,2,2,2408,17695,California
Contra Costa,2020-12-31,925,18621,309,13444,616,5177,0,0,924,18617,0,2,924,18619,California
Contra Costa,2021-01-01,66,18687,24,13468,42,5219,0,0,66,18683,0,2,66,18685,California
Contra Costa,2021-01-02,346,19033,178,13646,168,5387,0,0,346,19029,0,2,346,19031,California
Contra Costa,2021-01-03,181,19214,122,13768,59,5446,0,0,180,19209,0,2,180,19211,California
Contra Costa,2021-01-04,1902,21116,1244,15012,658,6104,0,0,1882,21073,18,20,1882,21093,California
Contra Costa,2021-01-05,2114,23230,1263,16275,851,6955,0,0,1828,22617,285,305,1829,22922,California
Contra Costa,2021-01-06,3294,26524,2260,18535,1034,7989,0,0,2481,24295,807,1112,2485,25407,California
Contra Costa,2021-01-07,3114,29638,2078,20613,1036,9025,0,0,1800,24784,1311,2423,1800,27207,California
Contra Costa,2021-01-08,3413,33051,2406,23019,1007,10032,0,0,1767,24914,1641,4064,1771,28978,California
Contra Costa,2021-01-09,1592,34643,1139,24158,453,10485,0,0,734,24793,857,4921,736,29714,California
Contra Costa,2021-01-10,363,35006,288,24446,75,10560,0,0,150,24730,213,5134,150,29864,California
Contra Costa,2021-01-11,3856,38862,3159,27605,697,11257,0,0,2230,25337,1626,6760,2233,32097,California
Contra Costa,2021-01-12,3952,42814,2964,30569,988,12245,0,0,2601,26591,1350,8110,2604,34701,California
Contra Costa,2021-01-13,4794,47608,2993,33562,1801,14046,0,0,3823,29449,966,9076,3824,38525,California
Contra Costa,2021-01-14,4327,51935,1569,35131,2758,16804,0,0,3940,33002,387,9463,3940,42465,California
Contra Costa,2021-01-15,5358,57293,2470,37601,2888,19692,0,0,5029,37707,328,9791,5033,47498,California
Contra Costa,2021-01-16,1744,59037,565,38166,1179,20871,0,0,1667,39297,77,9868,1667,49165,California
Contra Costa,2021-01-17,1669,60706,984,39150,685,21556,0,0,1548,40727,121,9989,1551,50716,California
Contra Costa,2021-01-18,3222,63928,1274,40424,1948,23504,0,0,2589,42690,627,10616,2590,53306,California
Contra Costa,2021-01-19,7084,71012,3167,43591,3917,27421,0,0,6072,47760,1007,11623,6077,59383,California
Contra Costa,2021-01-20,6899,77911,4308,47899,2591,30012,0,0,5649,52168,1246,12869,5654,65037,California
Contra Costa,2021-01-21,7080,84991,3152,51051,3928,33940,0,0,6344,57790,730,13599,6352,71389,California
Contra Costa,2021-01-22,6456,91447,2756,53807,3700,37640,0,0,5590,62526,857,14456,5593,76982,California
Contra Costa,2021-01-23,2053,93500,360,54167,1693,39333,0,0,1789,64055,262,14718,1791,78773,California
Contra Costa,2021-01-24,1589,95089,217,54384,1372,40705,0,0,1441,65352,148,14866,1445,80218,California
Contra Costa,2021-01-25,6711,101800,3049,57433,3662,44367,0,0,5128,68904,1580,16446,5132,85350,California
Contra Costa,2021-01-26,8179,109979,4725,62158,3454,47821,0,0,6303,73344,1868,18314,6308,91658,California
Contra Costa,2021-01-27,8236,118215,5433,67591,2803,50624,0,0,6374,77872,1850,20164,6378,98036,California
Contra Costa,2021-01-28,7495,125710,4105,71696,3390,54014,0,0,5875,82137,1614,21778,5879,103915,California
Contra Costa,2021-01-29,7497,133207,3910,75606,3587,57601,0,0,6169,86986,1322,23100,6171,110086,California
Contra Costa,2021-01-30,2152,135359,649,76255,1503,59104,0,0,1747,88336,397,23497,1747,111833,California
Contra Costa,2021-01-31,665,136024,434,76689,231,59335,0,0,568,88811,93,23590,568,112401,California
Contra Costa,2021-02-01,5870,141894,4082,80771,1788,61123,0,0,3954,90861,1907,25497,3957,116358,California
Contra Costa,2021-02-02,7641,149535,5117,85888,2524,63647,0,0,5926,95075,1713,27210,5927,122285,California
Contra Costa,2021-02-03,8318,157853,5488,91376,2830,66477,0,0,5612,97994,2694,29904,5613,127898,California
Contra Costa,2021-02-04,7515,165368,3593,94969,3922,70399,0,0,5746,101977,1766,31670,5749,133647,California
Contra Costa,2021-02-05,8471,173839,4830,99799,3641,74040,0,0,5762,105037,2702,34372,5762,139409,California
Contra Costa,2021-02-06,3490,177329,2165,101964,1325,75365,0,0,2834,107217,655,35027,2835,142244,California
Contra Costa,2021-02-07,993,178322,720,102684,273,75638,0,0,606,107437,386,35413,606,142850,California
Contra Costa,2021-02-08,5888,184210,3501,106185,2387,78025,0,0,4385,110327,1496,36909,4386,147236,California
Contra Costa,2021-02-09,8706,192916,4801,110986,3905,81930,0,0,5780,113190,2918,39827,5781,153017,California
Contra Costa,2021-02-10,8703,201619,4676,115662,4027,85957,0,0,5337,115181,3350,43177,5341,158358,California
Contra Costa,2021-02-11,9395,211014,4246,119908,5149,91106,0,0,5175,116150,4212,47389,5181,163539,California
Contra Costa,2021-02-12,10179,221193,4668,124576,5511,96617,0,0,5486,116955,4685,52074,5490,169029,California
Contra Costa,2021-02-13,4937,226130,1388,125964,3549,100166,0,0,3433,118892,1498,53572,3435,172464,California
Contra Costa,2021-02-14,2111,228241,872,126836,1239,101405,0,0,1225,119234,883,54455,1225,173689,California
Contra Costa,2021-02-15,4511,232752,2496,129332,2015,103420,0,0,2342,119417,2160,56615,2343,176032,California
Contra Costa,2021-02-16,10485,243237,4949,134281,5536,108956,0,0,4667,118283,5807,62422,4673,180705,California
Contra Costa,2021-02-17,12390,255627,6208,140489,6182,115138,0,0,5665,117243,6707,69129,5667,186372,California
Contra Costa,2021-02-18,11576,267203,6005,146494,5571,120709,0,0,5355,116391,6209,75338,5357,191729,California
Contra Costa,2021-02-19,11587,278790,7228,153722,4359,125068,0,0,5228,115282,6339,81677,5230,196959,California
Contra Costa,2021-02-20,6598,285388,2986,156708,3612,128680,0,0,4640,117989,1937,83614,4644,201603,California
Contra Costa,2021-02-21,2345,287733,1764,158472,581,129261,0,0,1577,118799,767,84381,1577,203180,California
Contra Costa,2021-02-22,7778,295511,5259,163731,2519,131780,0,0,3582,118203,4181,88562,3585,206765,California
Contra Costa,2021-02-23,12274,307785,7548,171279,4726,136506,0,0,6174,118301,6084,94646,6182,212947,California
Contra Costa,2021-02-24,10747,318532,7889,179168,2858,139364,0,0,5220,118016,5508,100154,5223,218170,California
Contra Costa,2021-02-25,11910,330442,7561,186729,4349,143713,0,0,5534,117203,6354,106508,5541,223711,California
Contra Costa,2021-02-26,11123,341565,7026,193755,4097,147810,0,0,5515,117127,5593,112101,5517,229228,California
Contra Costa,2021-02-27,6903,348468,4445,198200,2458,150268,0,0,4331,118896,2564,114665,4333,233561,California
Contra Costa,2021-02-28,4336,352804,3596,201796,739,151007,1,1,3661,121887,672,115337,3663,237224,California
Contra Costa,2021-03-01,8681,361485,6578,208374,2096,153103,7,8,5347,123924,3319,118656,5356,242580,California
Contra Costa,2021-03-02,10695,372180,6845,215219,3849,156952,1,9,5731,124709,4948,123604,5733,248313,California
Contra Costa,2021-03-03,11415,383595,7181,222400,4233,161185,1,10,6438,126189,4960,128564,6440,254753,California
Contra Costa,2021-03-04,11996,395591,7177,229577,4817,166002,2,12,6246,126705,5732,134296,6248,261001,California
Contra Costa,2021-03-05,11508,407099,6916,236493,4585,170587,7,19,6616,128455,4874,139170,6624,267625,California
Contra Costa,2021-03-06,7516,414615,4212,240705,2993,173580,311,330,4922,131106,2580,141750,5231,272856,California
Contra Costa,2021-03-07,3860,418475,2467,243172,1329,174909,64,394,3171,133653,687,142437,3234,276090,California
Contra Costa,2021-03-08,8256,426731,3936,247108,4014,178923,306,700,5548,136815,2696,145133,5858,281948,California
Contra Costa,2021-03-09,11198,437929,5941,253049,4960,183883,297,997,5861,137651,5325,150458,6161,288109,California
Contra Costa,2021-03-10,12473,450402,6233,259282,4740,188623,1500,2497,5678,138036,6781,157239,7166,295275,California
Contra Costa,2021-03-11,12538,462940,6600,265882,5371,193994,567,3064,6396,138878,6118,163357,6960,302235,California
Contra Costa,2021-03-12,12685,475625,5228,271110,6889,200883,568,3632,6307,139392,6357,169714,6871,309106,California
Contra Costa,2021-03-13,7902,483527,3176,274286,4294,205177,432,4064,3111,138158,4771,174485,3537,312643,California
Contra Costa,2021-03-14,4445,487972,2634,276920,1327,206504,484,4548,1691,137590,2744,177229,2176,314819,California
Contra Costa,2021-03-15,9509,497481,5159,282079,3592,210096,758,5306,4693,138246,4794,182023,5450,320269,California
Contra Costa,2021-03-16,14413,511894,8588,290667,5416,215512,409,5715,7116,138497,7272,189295,7523,327792,California
Contra Costa,2021-03-17,15162,527056,10482,301149,4458,219970,222,5937,8484,140559,6649,195944,8711,336503,California
Contra Costa,2021-03-18,15522,542578,8669,309818,6372,226342,481,6418,8579,142712,6906,202850,9059,345562,California
Contra Costa,2021-03-19,15727,558305,9100,318918,5227,231569,1400,7818,8162,144732,7547,210397,9567,355129,California
Contra Costa,2021-03-20,10764,569069,6456,325374,3993,235562,315,8133,5092,144492,5646,216043,5406,360535,California
Contra Costa,2021-03-21,4590,573659,4017,329391,475,236037,98,8231,1787,143584,2792,218835,1884,362419,California
Contra Costa,2021-03-22,11703,585362,8816,338207,2627,238664,260,8491,6806,145771,4880,223715,7067,369486,California
Contra Costa,2021-03-23,15744,601106,10865,349072,4708,243372,171,8662,9053,148335,6660,230375,9224,378710,California
Contra Costa,2021-03-24,15101,616207,11770,360842,3117,246489,214,8876,9135,151754,5932,236307,9351,388061,California
Contra Costa,2021-03-25,15431,631638,12027,372869,3110,249599,294,9170,9429,155509,5964,242271,9719,397780,California
Contra Costa,2021-03-26,15131,646769,10857,383726,3871,253470,403,9573,8687,158178,6415,248686,9084,406864,California
Contra Costa,2021-03-27,10589,657358,6885,390611,3192,256662,512,10085,5620,159346,4956,253642,6124,412988,California
Contra Costa,2021-03-28,4251,661609,3034,393645,1165,257827,52,10137,1615,158389,2624,256266,1667,414655,California
Contra Costa,2021-03-29,10956,672565,8542,402187,2298,260125,116,10253,6951,161472,3987,260253,7070,421725,California
Contra Costa,2021-03-30,16849,689414,9219,411406,6271,266396,1359,11612,10379,166760,6446,266699,11734,433459,California
Contra Costa,2021-03-31,18092,707506,12653,424059,3993,270389,1446,13058,11361,172874,6683,273382,12797,446256,California
Contra Costa,2021-04-01,17630,725136,12300,436359,3938,274327,1392,14450,11418,179500,6175,279557,12801,459057,California
Contra Costa,2021-04-02,17543,742679,12903,449262,3608,277935,1032,15482,11617,186229,5914,285471,12643,471700,California
Contra Costa,2021-04-03,10890,753569,6502,455764,2837,280772,1551,17033,6209,189317,4667,290138,7755,479455,California
Contra Costa,2021-04-04,3360,756929,1331,457095,1427,282199,602,17635,850,188266,2502,292640,1451,480906,California
Contra Costa,2021-04-05,12142,769071,7913,465008,3244,285443,985,18620,6583,190291,5543,298183,7568,488474,California
Contra Costa,2021-04-06,17394,786465,12037,477045,3060,288503,2297,20917,9742,194694,7630,305813,12033,500507,California
Contra Costa,2021-04-07,18639,805104,12610,489655,3202,291705,2827,23744,10559,200055,8056,313869,13417,513924,California
Contra Costa,2021-04-08,18724,823828,12473,502128,3324,295029,2927,26671,10028,204331,8668,322537,12944,526868,California
Contra Costa,2021-04-09,18908,842736,12064,514192,4335,299364,2509,29180,10102,208158,8775,331312,12602,539470,California
Contra Costa,2021-04-10,10595,853331,3837,518029,2194,301558,4564,33744,3315,208761,7259,338571,7862,547332,California
Contra Costa,2021-04-11,3367,856698,2008,520037,694,302252,665,34409,1135,208334,2226,340797,1799,549131,California
Contra Costa,2021-04-12,12024,868722,7927,527964,3017,305269,1080,35489,5654,208721,6353,347150,6740,555871,California
Contra Costa,2021-04-13,17971,886693,11023,538987,6940,312209,8,35497,11984,214759,5959,353109,11997,567868,California
Contra Costa,2021-04-14,17787,904480,11176,550163,6610,318819,1,35498,9880,216762,7883,360992,9886,577754,California
Contra Costa,2021-04-15,17597,922077,10798,560961,6798,325617,1,35499,8157,215535,9410,370402,8183,585937,California
Contra Costa,2021-04-16,17015,939092,10593,571554,6421,332038,1,35500,7689,213935,9298,379700,7698,593635,California
Contra Costa,2021-04-17,11589,950681,6363,577917,5226,337264,0,35500,6258,214889,5311,385011,6265,599900,California
Contra Costa,2021-04-18,2917,953598,2284,580201,633,337897,0,35500,1849,215680,1058,386069,1849,601749,California
Contra Costa,2021-04-19,11521,965119,8598,588799,2923,340820,0,35500,3670,211532,7822,393891,3674,605423,California
Contra Costa,2021-04-20,17018,982137,11096,599895,5922,346742,0,35500,6438,207429,10548,404439,6445,611868,California
Contra Costa,2021-04-21,17843,999980,14589,614484,3253,349995,1,35501,6421,202485,11375,415814,6431,618299,California
Contra Costa,2021-04-22,17359,1017339,14065,628549,3292,353287,2,35503,6138,197452,11182,426996,6149,624448,California
Contra Costa,2021-04-23,17209,1034548,13696,642245,3512,356799,1,35504,5569,191430,11603,438599,5581,630029,California
Contra Costa,2021-04-24,10962,1045510,8446,650691,2515,359314,1,35505,4201,188899,6736,445335,4205,634234,California
Contra Costa,2021-04-25,3288,1048798,2217,652908,1069,360383,2,35507,2076,189770,1211,446546,2082,636316,California
Contra Costa,2021-04-26,10134,1058932,8453,661361,1657,362040,24,35531,3070,185834,7043,453589,3107,639423,California
Contra Costa,2021-04-27,14754,1073686,10783,672144,3793,365833,178,35709,4039,179372,10690,464279,4228,643651,California
Contra Costa,2021-04-28,14339,1088025,11182,683326,2872,368705,285,35994,3859,173079,10444,474723,4151,647802,California
Contra Costa,2021-04-29,13550,1101575,10502,693828,2879,371584,169,36163,3275,166285,10244,484967,3450,651252,California
Contra Costa,2021-04-30,13846,1115421,10903,704731,2685,374269,258,36421,3203,159139,10613,495580,3467,654719,California
Contra Costa,2021-05-01,8042,1123463,5847,710578,1872,376141,323,36744,1918,155284,6096,501676,2241,656960,California
Contra Costa,2021-05-02,2340,1125803,1591,712169,668,376809,81,36825,987,155012,1340,503016,1068,658028,California
Contra Costa,2021-05-03,9137,1134940,8018,720187,943,377752,176,37001,1929,149930,7190,510206,2108,660136,California
Contra Costa,2021-05-04,14206,1149146,12267,732454,1609,379361,330,37331,2309,140703,11866,522072,2639,662775,California
Contra Costa,2021-05-05,12659,1161805,10922,743376,1535,380896,202,37533,2447,133172,10181,532253,2650,665425,California
Contra Costa,2021-05-06,10365,1172170,8615,751991,1413,382309,337,37870,1961,127100,8378,540631,2306,667731,California
Contra Costa,2021-05-07,9705,1181875,7804,759795,1677,383986,224,38094,2240,122131,7429,548060,2460,670191,California
Contra Costa,2021-05-08,5414,1187289,4098,763893,1148,385134,168,38262,1307,119519,4091,552151,1479,671670,California
Contra Costa,2021-05-09,2146,1189435,1817,765710,270,385404,59,38321,450,118341,1689,553840,511,672181,California
Contra Costa,2021-05-10,4975,1194410,3985,769695,770,386174,220,38541,1333,116272,3620,557460,1551,673732,California
Contra Costa,2021-05-11,8891,1203301,4684,774379,3969,390143,238,38779,1782,111211,7089,564549,2028,675760,California
Contra Costa,2021-05-12,9284,1212585,4786,779165,4232,394375,266,39045,1594,105415,7662,572211,1866,677626,California
Contra Costa,2021-05-13,11768,1224353,7847,787012,3734,398109,187,39232,4205,102273,7536,579747,4394,682020,California
Contra Costa,2021-05-14,12248,1236601,8182,795194,3782,401891,284,39516,5002,100340,7217,586964,5284,687304,California
Contra Costa,2021-05-15,10021,1246622,7270,802464,2633,404524,118,39634,4410,99274,5596,592560,4530,691834,California
Contra Costa,2021-05-16,2632,1249254,2317,804781,264,404788,51,39685,1217,99132,1409,593969,1267,693101,California
Contra Costa,2021-05-17,7126,1256380,5751,810532,1198,405986,177,39862,3552,99308,3554,597523,3730,696831,California
Contra Costa,2021-05-18,10231,1266611,6989,817521,3024,409010,218,40080,4424,98176,5777,603300,4645,701476,California
Contra Costa,2021-05-19,8475,1275086,6850,824371,1430,410440,195,40275,3816,97552,4639,607939,4015,705491,California
Contra Costa,2021-05-20,7187,1282273,5670,830041,1330,411770,187,40462,3313,97208,3844,611783,3500,708991,California
Contra Costa,2021-05-21,7065,1289338,5407,835448,1446,413216,212,40674,3186,96751,3852,615635,3395,712386,California
Contra Costa,2021-05-22,5113,1294451,4041,839489,892,414108,180,40854,2485,96811,2603,618238,2663,715049,California
Contra Costa,2021-05-23,1278,1295729,852,840341,369,414477,57,40911,603,96804,666,618904,659,715708,California
Contra Costa,2021-05-24,4745,1300474,3928,844269,641,415118,176,41087,2228,96709,2503,621407,2408,718116,California
Contra Costa,2021-05-25,6270,1306744,5097,849366,922,416040,251,41338,2628,95963,3624,625031,2878,720994,California
Contra Costa,2021-05-26,5617,1312361,3604,852970,1825,417865,188,41526,1925,94405,3670,628701,2112,723106,California
Contra Costa,2021-05-27,3806,1316167,2692,855662,937,418802,177,41703,1600,93988,2190,630891,1773,724879,California
Contra Costa,2021-05-28,5347,1321514,3739,859401,1437,420239,171,41874,2221,93275,3101,633992,2388,727267,California
Contra Costa,2021-05-29,3277,1324791,2131,861532,1029,421268,117,41991,1615,93356,1651,635643,1732,728999,California
Contra Costa,2021-05-30,922,1325713,584,862116,310,421578,28,42019,339,93142,581,636224,367,729366,California
Contra Costa,2021-05-31,386,1326099,265,862381,109,421687,12,42031,127,93024,256,636480,138,729504,California
Contra Costa,2021-06-01,4793,1330892,3564,865945,1084,422771,145,42176,1656,91706,3119,639599,1801,731305,California
Contra Costa,2021-06-02,3426,1334318,2429,868374,853,423624,144,42320,1393,91220,2022,641621,1536,732841,California
Contra Costa,2021-06-03,5401,1339719,4500,872874,786,424410,115,42435,1406,88753,3988,645609,1521,734362,California
Contra Costa,2021-06-04,6361,1346080,5332,878206,891,425301,138,42573,1578,85702,4764,650373,1713,736075,California
Contra Costa,2021-06-05,5201,1351281,4411,882617,678,425979,112,42685,1073,82769,4116,654489,1183,737258,California
Contra Costa,2021-06-06,1352,1352633,1179,883796,143,426122,30,42715,316,82084,1031,655520,346,737604,California
Contra Costa,2021-06-07,4914,1357547,4322,888118,492,426614,100,42815,1341,79963,3563,659083,1442,739046,California
Contra Costa,2021-06-08,6089,1363636,5251,893369,715,427329,123,42938,1419,76852,4654,663737,1543,740589,California
Contra Costa,2021-06-09,4844,1368480,4128,897497,569,427898,147,43085,1240,74656,3584,667321,1388,741977,California
Contra Costa,2021-06-10,4768,1373248,4005,901502,597,428495,166,43251,1219,72508,3533,670854,1385,743362,California
Contra Costa,2021-06-11,4835,1378083,3958,905460,678,429173,199,43450,1272,70430,3548,674402,1470,744832,California
Contra Costa,2021-06-12,3159,1381242,2677,908137,415,429588,67,43517,715,68777,2433,676835,780,745612,California
Contra Costa,2021-06-13,1138,1382380,850,908987,180,429768,108,43625,275,68304,856,677691,383,745995,California
Contra Costa,2021-06-14,3875,1386255,3274,912261,472,430240,129,43754,1112,66797,2745,680436,1238,747233,California
Contra Costa,2021-06-15,4166,1390421,3471,915732,534,430774,161,43915,1309,65419,2848,683284,1470,748703,California
Contra Costa,2021-06-16,3467,1393888,2823,918555,460,431234,184,44099,1212,64577,2236,685520,1394,750097,California
Contra Costa,2021-06-17,2760,1396648,2258,920813,376,431610,126,44225,1052,64051,1701,687221,1175,751272,California
Contra Costa,2021-06-18,3679,1400327,3027,923840,461,432071,191,44416,1327,63227,2340,689561,1516,752788,California
Contra Costa,2021-06-19,2021,1402348,1688,925528,229,432300,104,44520,575,62464,1443,691004,680,753468,California
Contra Costa,2021-06-20,786,1403134,659,926187,98,432398,29,44549,332,62374,450,691454,360,753828,California
Contra Costa,2021-06-21,1806,1404940,1378,927565,273,432671,155,44704,974,62677,824,692278,1127,754955,California
Contra Costa,2021-06-22,3033,1407973,2568,930133,324,432995,141,44845,1182,62161,1838,694116,1322,756277,California
Contra Costa,2021-06-23,2551,1410524,2121,932254,328,433323,102,44947,1026,61772,1517,695633,1128,757405,California
Contra Costa,2021-06-24,2308,1412832,1951,934205,241,433564,116,45063,921,61432,1375,697008,1035,758440,California
Contra Costa,2021-06-25,2713,1415545,2220,936425,355,433919,138,45201,1103,61070,1605,698613,1243,759683,California
Contra Costa,2021-06-26,1448,1416993,1205,937630,167,434086,76,45277,475,60650,971,699584,551,760234,California
Contra Costa,2021-06-27,689,1417682,603,938233,64,434150,22,45299,273,60531,414,699998,295,760529,California
Contra Costa,2021-06-28,1872,1419554,1657,939890,136,434286,79,45378,652,60052,1210,701208,731,761260,California
Del Norte,2020-12-21,23,23,23,23,0,0,0,0,23,23,0,0,23,23,California
Del Norte,2020-12-22,46,69,46,69,0,0,0,0,46,69,0,0,46,69,California
Del Norte,2020-12-23,59,128,48,117,11,11,0,0,57,126,0,0,57,126,California
Del Norte,2020-12-28,34,162,34,151,0,11,0,0,34,160,0,0,34,160,California
Del Norte,2020-12-29,4,166,4,155,0,11,0,0,4,164,0,0,4,164,California
Del Norte,2020-12-30,67,233,55,210,12,23,0,0,68,232,0,0,68,232,California
Del Norte,2020-12-31,16,249,13,223,3,26,0,0,16,248,0,0,16,248,California
Del Norte,2021-01-04,103,352,50,273,53,79,0,0,103,351,0,0,103,351,California
Del Norte,2021-01-05,32,384,0,273,32,111,0,0,32,383,0,0,32,383,California
Del Norte,2021-01-06,77,461,18,291,59,170,0,0,77,460,0,0,77,460,California
Del Norte,2021-01-07,21,482,1,292,20,190,0,0,21,481,0,0,21,481,California
Del Norte,2021-01-08,77,559,7,299,70,260,0,0,77,558,0,0,77,558,California
Del Norte,2021-01-11,40,599,21,320,19,279,0,0,18,555,22,22,19,577,California
Del Norte,2021-01-12,52,651,33,353,19,298,0,0,31,565,21,43,31,608,California
Del Norte,2021-01-13,86,737,40,393,46,344,0,0,53,585,33,76,53,661,California
Del Norte,2021-01-14,53,790,14,407,39,383,0,0,47,626,6,82,47,708,California
Del Norte,2021-01-15,107,897,18,425,89,472,0,0,95,709,12,94,95,803,California
Del Norte,2021-01-17,1,898,1,426,0,472,0,0,1,710,0,94,1,804,California
Del Norte,2021-01-18,2,900,0,426,2,474,0,0,2,712,0,94,2,806,California
Del Norte,2021-01-19,119,1019,56,482,63,537,0,0,77,747,42,136,77,883,California
Del Norte,2021-01-20,161,1180,86,568,75,612,0,0,98,782,63,199,98,981,California
Del Norte,2021-01-21,43,1223,40,608,3,615,0,0,32,803,11,210,32,1013,California
Del Norte,2021-01-22,19,1242,17,625,2,617,0,0,12,808,7,217,12,1025,California
Del Norte,2021-01-23,1,1243,0,625,1,618,0,0,1,809,0,217,1,1026,California
Del Norte,2021-01-24,1,1244,0,625,1,619,0,0,1,810,0,217,1,1027,California
Del Norte,2021-01-25,101,1345,83,708,18,637,0,0,56,821,45,262,56,1083,California
Del Norte,2021-01-26,18,1363,11,719,7,644,0,0,7,817,11,273,7,1090,California
Del Norte,2021-01-27,64,1427,21,740,43,687,0,0,61,875,3,276,61,1151,California
Del Norte,2021-01-28,293,1720,20,760,273,960,0,0,288,1158,5,281,288,1439,California
Del Norte,2021-01-29,64,1784,23,783,41,1001,0,0,44,1182,20,301,44,1483,California
Del Norte,2021-01-30,8,1792,1,784,7,1008,0,0,8,1190,0,301,8,1491,California
Del Norte,2021-02-01,41,1833,1,785,40,1048,0,0,26,1201,15,316,26,1517,California
Del Norte,2021-02-02,142,1975,35,820,107,1155,0,0,73,1207,68,384,74,1591,California
Del Norte,2021-02-03,129,2104,42,862,87,1242,0,0,74,1226,55,439,74,1665,California
Del Norte,2021-02-04,70,2174,28,890,42,1284,0,0,41,1237,30,469,41,1706,California
Del Norte,2021-02-05,184,2358,22,912,162,1446,0,0,119,1292,64,533,119,1825,California
Del Norte,2021-02-06,311,2669,5,917,306,1752,0,0,311,1603,0,533,311,2136,California
Del Norte,2021-02-07,2,2671,1,918,1,1753,0,0,2,1605,0,533,2,2138,California
Del Norte,2021-02-08,35,2706,1,919,34,1787,0,0,31,1632,4,537,31,2169,California
Del Norte,2021-02-09,8,2714,5,924,3,1790,0,0,2,1628,6,543,2,2171,California
Del Norte,2021-02-10,143,2857,20,944,123,1913,0,0,85,1656,57,600,85,2256,California
Del Norte,2021-02-11,178,3035,59,1003,119,2032,0,0,64,1606,114,714,64,2320,California
Del Norte,2021-02-12,122,3157,14,1017,108,2140,0,0,68,1620,54,768,68,2388,California
Del Norte,2021-02-13,2,3159,1,1018,1,2141,0,0,2,1622,0,768,2,2390,California
Del Norte,2021-02-14,3,3162,1,1019,2,2143,0,0,2,1623,1,769,2,2392,California
Del Norte,2021-02-15,5,3167,0,1019,5,2148,0,0,3,1624,2,771,3,2395,California
Del Norte,2021-02-16,132,3299,1,1020,131,2279,0,0,13,1518,119,890,13,2408,California
Del Norte,2021-02-17,93,3392,20,1040,73,2352,0,0,25,1476,67,957,25,2433,California
Del Norte,2021-02-18,77,3469,24,1064,53,2405,0,0,51,1501,26,983,51,2484,California
Del Norte,2021-02-19,43,3512,17,1081,26,2431,0,0,33,1524,10,993,33,2517,California
Del Norte,2021-02-20,9,3521,6,1087,3,2434,0,0,6,1527,3,996,6,2523,California
Del Norte,2021-02-22,2,3523,0,1087,2,2436,0,0,2,1529,0,996,2,2525,California
Del Norte,2021-02-23,107,3630,89,1176,18,2454,0,0,31,1485,75,1071,31,2556,California
Del Norte,2021-02-24,155,3785,100,1276,55,2509,0,0,80,1490,75,1146,80,2636,California
Del Norte,2021-02-25,479,4264,131,1407,348,2857,0,0,214,1441,263,1409,214,2850,California
Del Norte,2021-02-26,213,4477,177,1584,36,2893,0,0,166,1560,47,1456,166,3016,California
Del Norte,2021-02-27,150,4627,144,1728,5,2898,1,1,141,1693,9,1465,142,3158,California
Del Norte,2021-02-28,4,4631,1,1729,3,2901,0,1,3,1695,1,1466,3,3161,California
Del Norte,2021-03-01,28,4659,2,1731,26,2927,0,1,4,1676,23,1489,4,3165,California
Del Norte,2021-03-02,222,4881,142,1873,80,3007,0,1,188,1830,34,1523,188,3353,California
Del Norte,2021-03-03,176,5057,107,1980,69,3076,0,1,134,1922,42,1565,134,3487,California
Del Norte,2021-03-04,120,5177,83,2063,37,3113,0,1,91,1985,28,1593,91,3578,California
Del Norte,2021-03-05,122,5299,11,2074,111,3224,0,1,74,2011,48,1641,74,3652,California
Del Norte,2021-03-06,465,5764,77,2151,339,3563,49,50,163,1879,302,1943,170,3822,California
Del Norte,2021-03-07,2,5766,1,2152,1,3564,0,50,1,1879,1,1944,1,3823,California
Del Norte,2021-03-08,29,5795,1,2153,26,3590,2,52,6,1865,22,1966,8,3831,California
Del Norte,2021-03-09,194,5989,113,2266,78,3668,3,55,183,2040,11,1977,186,4017,California
Del Norte,2021-03-10,235,6224,96,2362,111,3779,28,83,134,2101,101,2078,162,4179,California
Del Norte,2021-03-11,151,6375,55,2417,91,3870,5,88,103,2161,48,2126,108,4287,California
Del Norte,2021-03-12,177,6552,88,2505,89,3959,0,88,124,2232,53,2179,124,4411,California
Del Norte,2021-03-13,94,6646,93,2598,1,3960,0,88,91,2320,3,2182,91,4502,California
Del Norte,2021-03-14,1,6647,0,2598,1,3961,0,88,1,2320,1,2183,1,4503,California
Del Norte,2021-03-15,38,6685,0,2598,38,3999,0,88,34,2350,4,2187,34,4537,California
Del Norte,2021-03-16,282,6967,135,2733,147,4146,0,88,261,2590,21,2208,261,4798,California
Del Norte,2021-03-17,284,7251,95,2828,187,4333,2,90,170,2648,114,2322,172,4970,California
Del Norte,2021-03-18,284,7535,107,2935,175,4508,2,92,149,2665,134,2456,151,5121,California
Del Norte,2021-03-19,270,7805,160,3095,104,4612,6,98,92,2585,178,2634,98,5219,California
Del Norte,2021-03-20,157,7962,154,3249,3,4615,0,98,15,2458,142,2776,15,5234,California
Del Norte,2021-03-21,4,7966,2,3251,2,4617,0,98,2,2458,2,2778,2,5236,California
Del Norte,2021-03-22,43,8009,3,3254,39,4656,1,99,39,2495,3,2781,40,5276,California
Del Norte,2021-03-23,335,8344,164,3418,153,4809,18,117,164,2507,169,2950,181,5457,California
Del Norte,2021-03-24,397,8741,107,3525,250,5059,40,157,229,2608,168,3118,269,5726,California
Del Norte,2021-03-25,193,8934,88,3613,105,5164,0,157,85,2586,107,3225,85,5811,California
Del Norte,2021-03-26,234,9168,113,3726,121,5285,0,157,197,2746,37,3262,197,6008,California
Del Norte,2021-03-27,107,9275,86,3812,4,5289,17,174,17,2690,90,3352,34,6042,California
Del Norte,2021-03-28,4,9279,2,3814,2,5291,0,174,1,2688,3,3355,1,6043,California
Del Norte,2021-03-29,57,9336,6,3820,34,5325,17,191,32,2712,25,3380,49,6092,California
Del Norte,2021-03-30,338,9674,119,3939,208,5533,11,202,126,2637,212,3592,137,6229,California
Del Norte,2021-03-31,356,10030,101,4040,238,5771,17,219,200,2700,154,3746,217,6446,California
Del Norte,2021-04-01,164,10194,58,4098,72,5843,34,253,69,2709,94,3840,103,6549,California
Del Norte,2021-04-02,232,10426,78,4176,105,5948,49,302,49,2625,183,4023,99,6648,California
Del Norte,2021-04-03,108,10534,83,4259,2,5950,23,325,5,2551,102,4125,28,6676,California
Del Norte,2021-04-04,4,10538,0,4259,0,5950,4,329,0,2551,4,4129,4,6680,California
Del Norte,2021-04-05,47,10585,5,4264,38,5988,4,333,40,2588,7,4136,44,6724,California
Del Norte,2021-04-06,381,10966,120,4384,223,6211,38,371,146,2542,231,4367,185,6909,California
Del Norte,2021-04-07,438,11404,115,4499,261,6472,62,433,289,2745,149,4516,352,7261,California
Del Norte,2021-04-08,229,11633,54,4553,106,6578,69,502,105,2795,124,4640,174,7435,California
Del Norte,2021-04-09,207,11840,47,4600,83,6661,77,579,100,2864,106,4746,175,7610,California
Del Norte,2021-04-10,47,11887,26,4626,4,6665,17,596,27,2888,20,4766,44,7654,California
Del Norte,2021-04-11,12,11899,3,4629,2,6667,7,603,2,2887,10,4776,9,7663,California
Del Norte,2021-04-12,27,11926,1,4630,9,6676,17,620,1,2880,25,4801,18,7681,California
Del Norte,2021-04-13,299,12225,50,4680,249,6925,0,620,155,2891,144,4945,155,7836,California
Del Norte,2021-04-14,331,12556,23,4703,308,7233,0,620,139,2843,192,5137,144,7980,California
Del Norte,2021-04-15,164,12720,31,4734,133,7366,0,620,45,2770,119,5256,46,8026,California
Del Norte,2021-04-16,162,12882,40,4774,122,7488,0,620,60,2729,102,5358,61,8087,California
Del Norte,2021-04-17,108,12990,76,4850,32,7520,0,620,102,2825,6,5364,102,8189,California
Del Norte,2021-04-18,6,12996,5,4855,1,7521,0,620,5,2829,1,5365,5,8194,California
Del Norte,2021-04-19,51,13047,6,4861,45,7566,0,620,9,2796,42,5407,9,8203,California
Del Norte,2021-04-20,209,13256,40,4901,169,7735,0,620,74,2735,135,5542,74,8277,California
Del Norte,2021-04-21,293,13549,23,4924,270,8005,0,620,68,2581,225,5767,71,8348,California
Del Norte,2021-04-22,116,13665,16,4940,100,8105,0,620,63,2591,53,5820,63,8411,California
Del Norte,2021-04-23,155,13820,22,4962,133,8238,0,620,41,2518,114,5934,41,8452,California
Del Norte,2021-04-24,25,13845,14,4976,11,8249,0,620,20,2533,5,5939,20,8472,California
Del Norte,2021-04-25,2,13847,0,4976,2,8251,0,620,2,2535,0,5939,2,8474,California
Del Norte,2021-04-26,31,13878,0,4976,31,8282,0,620,9,2522,22,5961,9,8483,California
Del Norte,2021-04-27,181,14059,21,4997,155,8437,5,625,50,2447,131,6092,56,8539,California
Del Norte,2021-04-28,351,14410,100,5097,246,8683,5,630,63,2229,287,6379,69,8608,California
Del Norte,2021-04-29,93,14503,6,5103,83,8766,4,634,26,2192,67,6446,30,8638,California
Del Norte,2021-04-30,87,14590,7,5110,70,8836,10,644,47,2209,40,6486,57,8695,California
Del Norte,2021-05-01,7,14597,2,5112,5,8841,0,644,5,2212,2,6488,5,8700,California
Del Norte,2021-05-02,8,14605,0,5112,8,8849,0,644,8,2220,0,6488,8,8708,California
Del Norte,2021-05-03,40,14645,3,5115,34,8883,3,647,2,2188,37,6525,5,8713,California
Del Norte,2021-05-04,222,14867,36,5151,181,9064,5,652,47,2065,175,6700,52,8765,California
Del Norte,2021-05-05,234,15101,20,5171,206,9270,8,660,59,1958,174,6874,67,8832,California
Del Norte,2021-05-06,113,15214,26,5197,74,9344,13,673,26,1910,87,6961,39,8871,California
Del Norte,2021-05-07,151,15365,28,5225,119,9463,4,677,31,1825,120,7081,35,8906,California
Del Norte,2021-05-08,65,15430,55,5280,8,9471,2,679,7,1776,58,7139,9,8915,California
Del Norte,2021-05-09,10,15440,4,5284,3,9474,3,682,2,1773,8,7147,5,8920,California
Del Norte,2021-05-10,24,15464,3,5287,17,9491,4,686,14,1781,10,7157,18,8938,California
Del Norte,2021-05-11,177,15641,50,5337,125,9616,2,688,34,1674,143,7300,36,8974,California
Del Norte,2021-05-12,150,15791,23,5360,117,9733,10,698,27,1589,122,7422,37,9011,California
Del Norte,2021-05-13,69,15860,31,5391,37,9770,1,699,39,1599,30,7452,40,9051,California
Del Norte,2021-05-14,76,15936,26,5417,49,9819,1,700,41,1606,35,7487,42,9093,California
Del Norte,2021-05-15,96,16032,53,5470,37,9856,6,706,53,1622,43,7530,59,9152,California
Del Norte,2021-05-16,11,16043,0,5470,11,9867,0,706,11,1633,0,7530,11,9163,California
Del Norte,2021-05-17,26,16069,3,5473,20,9887,3,709,15,1640,11,7541,18,9181,California
Del Norte,2021-05-18,129,16198,69,5542,60,9947,0,709,81,1673,48,7589,81,9262,California
Del Norte,2021-05-19,97,16295,14,5556,66,10013,17,726,35,1662,62,7651,51,9313,California
Del Norte,2021-05-20,101,16396,33,5589,65,10078,3,729,41,1647,59,7710,44,9357,California
Del Norte,2021-05-21,81,16477,34,5623,44,10122,3,732,44,1657,37,7747,47,9404,California
Del Norte,2021-05-22,24,16501,8,5631,16,10138,0,732,11,1656,12,7759,11,9415,California
Del Norte,2021-05-23,14,16515,5,5636,9,10147,0,732,7,1656,7,7766,7,9422,California
Del Norte,2021-05-24,25,16540,9,5645,16,10163,0,732,16,1663,9,7775,16,9438,California
Del Norte,2021-05-25,47,16587,5,5650,36,10199,6,738,17,1659,27,7802,23,9461,California
Del Norte,2021-05-26,117,16704,36,5686,74,10273,7,745,54,1658,62,7864,61,9522,California
Del Norte,2021-05-27,72,16776,27,5713,41,10314,4,749,34,1658,38,7902,38,9560,California
Del Norte,2021-05-28,52,16828,7,5720,37,10351,8,757,8,1630,44,7946,16,9576,California
Del Norte,2021-05-29,8,16836,0,5720,4,10355,4,761,3,1632,5,7951,7,9583,California
Del Norte,2021-05-30,6,16842,0,5720,6,10361,0,761,1,1628,5,7956,1,9584,California
Del Norte,2021-05-31,4,16846,2,5722,2,10363,0,761,3,1630,1,7957,3,9587,California
Del Norte,2021-06-01,52,16898,6,5728,39,10402,7,768,11,1607,41,7998,18,9605,California
Del Norte,2021-06-02,84,16982,11,5739,68,10470,5,773,19,1566,65,8063,24,9629,California
Del Norte,2021-06-03,61,17043,36,5775,23,10493,2,775,27,1561,34,8097,29,9658,California
Del Norte,2021-06-04,71,17114,25,5800,41,10534,5,780,20,1535,51,8148,25,9683,California
Del Norte,2021-06-05,1,17115,0,5800,1,10535,0,780,0,1534,1,8149,0,9683,California
Del Norte,2021-06-06,10,17125,4,5804,4,10539,2,782,7,1540,3,8152,9,9692,California
Del Norte,2021-06-07,40,17165,9,5813,26,10565,5,787,15,1535,25,8177,20,9712,California
Del Norte,2021-06-08,112,17277,81,5894,26,10591,5,792,33,1494,79,8256,38,9750,California
Del Norte,2021-06-09,58,17335,11,5905,40,10631,7,799,16,1475,42,8298,23,9773,California
Del Norte,2021-06-10,57,17392,27,5932,23,10654,7,806,12,1450,44,8342,19,9792,California
Del Norte,2021-06-11,59,17451,23,5955,27,10681,9,815,13,1426,46,8388,22,9814,California
Del Norte,2021-06-12,17,17468,3,5958,11,10692,3,818,2,1416,15,8403,5,9819,California
Del Norte,2021-06-13,61,17529,43,6001,13,10705,5,823,13,1386,48,8451,18,9837,California
Del Norte,2021-06-14,37,17566,15,6016,18,10723,4,827,15,1384,21,8472,19,9856,California
Del Norte,2021-06-15,38,17604,9,6025,21,10744,8,835,5,1364,33,8505,13,9869,California
Del Norte,2021-06-16,99,17703,38,6063,50,10794,11,846,22,1320,77,8582,33,9902,California
Del Norte,2021-06-17,31,17734,13,6076,15,10809,3,849,7,1306,24,8606,10,9912,California
Del Norte,2021-06-18,48,17782,22,6098,21,10830,5,854,19,1301,29,8635,24,9936,California
Del Norte,2021-06-19,11,17793,0,6098,7,10837,4,858,3,1300,8,8643,7,9943,California
Del Norte,2021-06-20,13,17806,9,6107,4,10841,0,858,8,1303,5,8648,8,9951,California
Del Norte,2021-06-21,24,17830,9,6116,10,10851,5,863,10,1304,14,8662,15,9966,California
Del Norte,2021-06-22,39,17869,9,6125,19,10870,11,874,14,1304,25,8687,25,9991,California
Del Norte,2021-06-23,68,17937,32,6157,30,10900,6,880,31,1304,37,8724,37,10028,California
Del Norte,2021-06-24,42,17979,27,6184,10,10910,5,885,17,1301,25,8749,22,10050,California
Del Norte,2021-06-25,26,18005,12,6196,12,10922,2,887,13,1303,13,8762,15,10065,California
Del Norte,2021-06-26,5,18010,0,6196,5,10927,0,887,2,1302,3,8765,2,10067,California
Del Norte,2021-06-27,9,18019,4,6200,5,10932,0,887,6,1305,3,8768,6,10073,California
Del Norte,2021-06-28,11,18030,4,6204,5,10937,2,889,6,1308,5,8773,8,10081,California
El Dorado,2020-12-15,12,12,12,12,0,0,0,0,12,12,0,0,12,12,California
El Dorado,2020-12-16,40,52,40,52,0,0,0,0,40,52,0,0,40,52,California
El Dorado,2020-12-17,33,85,33,85,0,0,0,0,33,85,0,0,33,85,California
El Dorado,2020-12-18,262,347,262,347,0,0,0,0,262,347,0,0,262,347,California
El Dorado,2020-12-19,118,465,118,465,0,0,0,0,118,465,0,0,118,465,California
El Dorado,2020-12-20,87,552,87,552,0,0,0,0,87,552,0,0,87,552,California
El Dorado,2020-12-21,312,864,311,863,1,1,0,0,312,864,0,0,312,864,California
El Dorado,2020-12-22,239,1103,215,1078,24,25,0,0,239,1103,0,0,239,1103,California
El Dorado,2020-12-23,190,1293,141,1219,49,74,0,0,190,1293,0,0,190,1293,California
El Dorado,2020-12-24,86,1379,65,1284,21,95,0,0,86,1379,0,0,86,1379,California
El Dorado,2020-12-25,8,1387,8,1292,0,95,0,0,8,1387,0,0,8,1387,California
El Dorado,2020-12-26,45,1432,27,1319,18,113,0,0,45,1432,0,0,45,1432,California
El Dorado,2020-12-27,38,1470,34,1353,4,117,0,0,38,1470,0,0,38,1470,California
El Dorado,2020-12-28,218,1688,169,1522,49,166,0,0,218,1688,0,0,218,1688,California
El Dorado,2020-12-29,462,2150,145,1667,317,483,0,0,462,2150,0,0,462,2150,California
El Dorado,2020-12-30,510,2660,139,1806,371,854,0,0,510,2660,0,0,510,2660,California
El Dorado,2020-12-31,109,2769,69,1875,40,894,0,0,109,2769,0,0,109,2769,California
El Dorado,2021-01-01,7,2776,4,1879,3,897,0,0,7,2776,0,0,7,2776,California
El Dorado,2021-01-02,153,2929,141,2020,12,909,0,0,153,2929,0,0,153,2929,California
El Dorado,2021-01-03,94,3023,18,2038,76,985,0,0,94,3023,0,0,94,3023,California
El Dorado,2021-01-04,192,3215,61,2099,131,1116,0,0,192,3215,0,0,192,3215,California
El Dorado,2021-01-05,229,3444,73,2172,156,1272,0,0,211,3408,18,18,211,3426,California
El Dorado,2021-01-06,243,3687,168,2340,75,1347,0,0,177,3520,65,83,177,3603,California
El Dorado,2021-01-07,338,4025,138,2478,200,1547,0,0,260,3702,78,161,260,3863,California
El Dorado,2021-01-08,992,5017,512,2990,480,2027,0,0,766,4243,226,387,767,4630,California
El Dorado,2021-01-09,198,5215,160,3150,38,2065,0,0,127,4299,71,458,127,4757,California
El Dorado,2021-01-10,180,5395,131,3281,49,2114,0,0,109,4338,71,529,110,4867,California
El Dorado,2021-01-11,661,6056,295,3576,366,2480,0,0,460,4599,200,729,461,5328,California
El Dorado,2021-01-12,811,6867,427,4003,384,2864,0,0,559,4906,252,981,559,5887,California
El Dorado,2021-01-13,705,7572,300,4303,405,3269,0,0,541,5283,164,1145,541,6428,California
El Dorado,2021-01-14,803,8375,222,4525,581,3850,0,0,708,5896,95,1240,708,7136,California
El Dorado,2021-01-15,797,9172,190,4715,607,4457,0,0,723,6545,74,1314,723,7859,California
El Dorado,2021-01-16,216,9388,102,4817,114,4571,0,0,189,6707,27,1341,189,8048,California
El Dorado,2021-01-17,107,9495,50,4867,57,4628,0,0,89,6778,18,1359,89,8137,California
El Dorado,2021-01-18,426,9921,142,5009,284,4912,0,0,352,7056,74,1433,352,8489,California
El Dorado,2021-01-19,753,10674,451,5460,302,5214,0,0,602,7508,151,1584,603,9092,California
El Dorado,2021-01-20,1015,11689,692,6152,323,5537,0,0,900,8294,114,1698,900,9992,California
El Dorado,2021-01-21,1270,12959,682,6834,588,6125,0,0,1062,9189,167,1865,1062,11054,California
El Dorado,2021-01-22,1244,14203,843,7677,401,6526,0,0,1183,10312,60,1925,1183,12237,California
El Dorado,2021-01-23,881,15084,624,8301,257,6783,0,0,765,10961,116,2041,765,13002,California
El Dorado,2021-01-24,129,15213,79,8380,50,6833,0,0,109,11050,20,2061,109,13111,California
El Dorado,2021-01-25,698,15911,292,8672,406,7239,0,0,610,11572,88,2149,610,13721,California
El Dorado,2021-01-26,684,16595,369,9041,315,7554,0,0,577,12042,107,2256,577,14298,California
El Dorado,2021-01-27,997,17592,394,9435,603,8157,0,0,658,12360,340,2596,658,14956,California
El Dorado,2021-01-28,1112,18704,454,9889,658,8815,0,0,750,12748,362,2958,750,15706,California
El Dorado,2021-01-29,1045,19749,557,10446,488,9303,0,0,753,13211,291,3249,754,16460,California
El Dorado,2021-01-30,842,20591,294,10740,548,9851,0,0,745,13860,96,3345,745,17205,California
El Dorado,2021-01-31,239,20830,216,10956,23,9874,0,0,184,13989,55,3400,184,17389,California
El Dorado,2021-02-01,803,21633,367,11323,436,10310,0,0,655,14496,148,3548,655,18044,California
El Dorado,2021-02-02,849,22482,368,11691,481,10791,0,0,685,15017,164,3712,685,18729,California
El Dorado,2021-02-03,906,23388,477,12168,429,11220,0,0,693,15497,213,3925,693,19422,California
El Dorado,2021-02-04,1253,24641,708,12876,545,11765,0,0,870,15986,381,4306,870,20292,California
El Dorado,2021-02-05,1502,26143,607,13483,895,12660,0,0,866,16253,599,4905,866,21158,California
El Dorado,2021-02-06,1089,27232,333,13816,756,13416,0,0,982,17129,107,5012,983,22141,California
El Dorado,2021-02-07,263,27495,180,13996,83,13499,0,0,197,17260,66,5078,197,22338,California
El Dorado,2021-02-08,882,28377,418,14414,464,13963,0,0,606,17591,275,5353,606,22944,California
El Dorado,2021-02-09,980,29357,550,14964,430,14393,0,0,546,17703,434,5787,546,23490,California
El Dorado,2021-02-10,1270,30627,743,15707,527,14920,0,0,670,17774,599,6386,670,24160,California
El Dorado,2021-02-11,2167,32794,896,16603,1271,16191,0,0,754,17119,1410,7796,755,24915,California
El Dorado,2021-02-12,1585,34379,833,17436,752,16943,0,0,675,16886,909,8705,676,25591,California
El Dorado,2021-02-13,1259,35638,675,18111,584,17527,0,0,659,16948,597,9302,659,26250,California
El Dorado,2021-02-14,492,36130,157,18268,335,17862,0,0,400,17256,92,9394,400,26650,California
El Dorado,2021-02-15,1178,37308,387,18655,791,18653,0,0,817,17716,361,9755,821,27471,California
El Dorado,2021-02-16,1208,38516,530,19185,678,19331,0,0,669,17848,538,10293,670,28141,California
El Dorado,2021-02-17,960,39476,424,19609,536,19867,0,0,465,17820,495,10788,467,28608,California
El Dorado,2021-02-18,2117,41593,1034,20643,1083,20950,0,0,1076,17859,1037,11825,1076,29684,California
El Dorado,2021-02-19,1230,42823,659,21302,571,21521,0,0,689,18008,540,12365,689,30373,California
El Dorado,2021-02-20,1089,43912,460,21762,629,22150,0,0,682,18290,401,12766,683,31056,California
El Dorado,2021-02-21,357,44269,236,21998,121,22271,0,0,168,18269,189,12955,168,31224,California
El Dorado,2021-02-22,890,45159,446,22444,444,22715,0,0,277,17935,611,13566,277,31501,California
El Dorado,2021-02-23,864,46023,483,22927,381,23096,0,0,353,17778,510,14076,353,31854,California
El Dorado,2021-02-24,1040,47063,447,23374,593,23689,0,0,436,17610,604,14680,436,32290,California
El Dorado,2021-02-25,1923,48986,1150,24524,773,24462,0,0,698,17094,1218,15898,702,32992,California
El Dorado,2021-02-26,2405,51391,1505,26029,900,25362,0,0,1619,17930,783,16681,1619,34611,California
El Dorado,2021-02-27,1738,53129,448,26477,1290,26652,0,0,1289,18773,446,17127,1289,35900,California
El Dorado,2021-02-28,964,54093,230,26707,734,27386,0,0,502,18815,461,17588,503,36403,California
El Dorado,2021-03-01,1164,55257,468,27175,694,28080,2,2,643,18940,520,18108,645,37048,California
El Dorado,2021-03-02,940,56197,273,27448,666,28746,1,3,492,18988,446,18554,494,37542,California
El Dorado,2021-03-03,1711,57908,470,27918,1241,29987,0,3,1165,19616,539,19093,1167,38709,California
El Dorado,2021-03-04,2521,60429,1549,29467,972,30959,0,3,1200,19500,1317,20410,1201,39910,California
El Dorado,2021-03-05,1591,62020,432,29899,1154,32113,5,8,1053,20026,532,20942,1058,40968,California
El Dorado,2021-03-06,742,62762,216,30115,491,32604,35,43,392,20104,349,21291,427,41395,California
El Dorado,2021-03-07,465,63227,200,30315,246,32850,19,62,244,20148,219,21510,263,41658,California
El Dorado,2021-03-08,1336,64563,372,30687,891,33741,73,135,862,20612,470,21980,934,42592,California
El Dorado,2021-03-09,992,65555,231,30918,692,34433,69,204,589,20883,387,22367,658,43250,California
El Dorado,2021-03-10,958,66513,349,31267,553,34986,56,260,552,21090,400,22767,607,43857,California
El Dorado,2021-03-11,3034,69547,1838,33105,1011,35997,185,445,1290,20839,1723,24490,1472,45329,California
El Dorado,2021-03-12,1804,71351,627,33732,934,36931,243,688,749,20794,1037,25527,992,46321,California
El Dorado,2021-03-13,1073,72424,347,34079,443,37374,283,971,372,20748,698,26225,652,46973,California
El Dorado,2021-03-14,799,73223,207,34286,481,37855,111,1082,275,20610,524,26749,386,47359,California
El Dorado,2021-03-15,1395,74618,304,34590,966,38821,125,1207,607,20559,784,27533,733,48092,California
El Dorado,2021-03-16,1225,75843,417,35007,664,39485,144,1351,563,20610,657,28190,708,48800,California
El Dorado,2021-03-17,1150,76993,362,35369,692,40177,96,1447,749,21053,400,28590,843,49643,California
El Dorado,2021-03-18,3016,80009,1785,37154,1186,41363,45,1492,1983,22056,1025,29615,2028,51671,California
El Dorado,2021-03-19,1127,81136,365,37519,611,41974,151,1643,627,22335,498,30113,777,52448,California
El Dorado,2021-03-20,949,82085,270,37789,663,42637,16,1659,367,22147,571,30684,383,52831,California
El Dorado,2021-03-21,1032,83117,424,38213,603,43240,5,1664,920,22962,110,30794,925,53756,California
El Dorado,2021-03-22,1514,84631,494,38707,938,44178,82,1746,1190,23915,319,31113,1272,55028,California
El Dorado,2021-03-23,1159,85790,458,39165,606,44784,95,1841,734,24331,413,31526,829,55857,California
El Dorado,2021-03-24,1463,87253,628,39793,642,45426,193,2034,661,24410,775,32301,854,56711,California
El Dorado,2021-03-25,2523,89776,1690,41483,729,46155,104,2138,1372,24743,1144,33445,1477,58188,California
El Dorado,2021-03-26,1829,91605,698,42181,1021,47176,110,2248,930,24909,875,34320,1041,59229,California
El Dorado,2021-03-27,1328,92933,189,42370,1134,48310,5,2253,320,24232,1002,35322,325,59554,California
El Dorado,2021-03-28,640,93573,183,42553,446,48756,11,2264,168,23943,468,35790,179,59733,California
El Dorado,2021-03-29,1319,94892,434,42987,869,49625,16,2280,822,24287,494,36284,838,60571,California
El Dorado,2021-03-30,1367,96259,417,43404,857,50482,93,2373,681,24381,678,36962,772,61343,California
El Dorado,2021-03-31,1570,97829,587,43991,918,51400,65,2438,692,24260,875,37837,754,62097,California
El Dorado,2021-04-01,3249,101078,1775,45766,1391,52791,83,2521,1542,24183,1703,39540,1626,63723,California
El Dorado,2021-04-02,1900,102978,565,46331,1238,54029,97,2618,749,23884,1145,40685,846,64569,California
El Dorado,2021-04-03,753,103731,298,46629,334,54363,121,2739,232,23718,518,41203,352,64921,California
El Dorado,2021-04-04,273,104004,85,46714,140,54503,48,2787,98,23690,174,41377,146,65067,California
El Dorado,2021-04-05,1423,105427,423,47137,906,55409,94,2881,592,23550,825,42202,685,65752,California
El Dorado,2021-04-06,1414,106841,525,47662,670,56079,219,3100,451,23259,958,43160,667,66419,California
El Dorado,2021-04-07,1593,108434,560,48222,583,56662,450,3550,561,23238,1029,44189,1008,67427,California
El Dorado,2021-04-08,2694,111128,1729,49951,729,57391,236,3786,1113,23014,1572,45761,1348,68775,California
El Dorado,2021-04-09,1447,112575,459,50410,767,58158,221,4007,575,22937,869,46630,792,69567,California
El Dorado,2021-04-10,828,113403,228,50638,488,58646,112,4119,478,23179,347,46977,589,70156,California
El Dorado,2021-04-11,704,114107,454,51092,234,58880,16,4135,208,22908,495,47472,224,70380,California
El Dorado,2021-04-12,1287,115394,502,51594,636,59516,149,4284,563,22902,717,48189,711,71091,California
El Dorado,2021-04-13,1122,116516,610,52204,512,60028,0,4284,507,22798,611,48800,507,71598,California
El Dorado,2021-04-14,1100,117616,466,52670,633,60661,1,4285,379,22471,707,49507,380,71978,California
El Dorado,2021-04-15,2525,120141,1696,54366,829,61490,0,4285,961,21874,1559,51066,962,72940,California
El Dorado,2021-04-16,1473,121614,522,54888,951,62441,0,4285,608,21623,861,51927,610,73550,California
El Dorado,2021-04-17,798,122412,202,55090,596,63037,0,4285,497,21823,298,52225,498,74048,California
El Dorado,2021-04-18,1071,123483,120,55210,951,63988,0,4285,426,21605,644,52869,426,74474,California
El Dorado,2021-04-19,1738,125221,444,55654,1294,65282,0,4285,697,21267,1035,53904,697,75171,California
El Dorado,2021-04-20,1152,126373,397,56051,755,66037,0,4285,478,21077,669,54573,479,75650,California
El Dorado,2021-04-21,1238,127611,537,56588,697,66734,4,4289,637,21123,593,55166,639,76289,California
El Dorado,2021-04-22,2580,130191,1713,58301,867,67601,0,4289,1073,20694,1503,56669,1074,77363,California
El Dorado,2021-04-23,1434,131625,520,58821,914,68515,0,4289,727,20718,704,57373,728,78091,California
El Dorado,2021-04-24,973,132598,521,59342,452,68967,0,4289,736,21220,235,57608,737,78828,California
El Dorado,2021-04-25,659,133257,449,59791,210,69177,0,4289,467,21496,192,57800,468,79296,California
El Dorado,2021-04-26,1206,134463,496,60287,693,69870,17,4306,566,21445,635,58435,584,79880,California
El Dorado,2021-04-27,1136,135599,431,60718,667,70537,38,4344,509,21372,620,59055,547,80427,California
El Dorado,2021-04-28,1087,136686,375,61093,672,71209,40,4384,442,21210,644,59699,482,80909,California
El Dorado,2021-04-29,2008,138694,1380,62473,596,71805,32,4416,599,20435,1406,61105,631,81540,California
El Dorado,2021-04-30,2152,140846,1364,63837,747,72552,41,4457,1376,21089,762,61867,1416,82956,California
El Dorado,2021-05-01,621,141467,286,64123,307,72859,28,4485,277,21057,337,62204,305,83261,California
El Dorado,2021-05-02,301,141768,214,64337,58,72917,29,4514,100,20987,198,62402,128,83389,California
El Dorado,2021-05-03,826,142594,403,64740,373,73290,50,4564,281,20778,541,62943,332,83721,California
El Dorado,2021-05-04,914,143508,462,65202,392,73682,60,4624,327,20582,583,63526,387,84108,California
El Dorado,2021-05-05,904,144412,451,65653,379,74061,74,4698,436,20626,466,63992,510,84618,California
El Dorado,2021-05-06,1142,145554,504,66157,590,74651,48,4746,488,20510,648,64640,532,85150,California
El Dorado,2021-05-07,996,146550,391,66548,546,75197,59,4805,405,20383,591,65231,464,85614,California
El Dorado,2021-05-08,488,147038,153,66701,298,75495,37,4842,184,20304,302,65533,223,85837,California
El Dorado,2021-05-09,232,147270,93,66794,112,75607,27,4869,102,20306,129,65662,131,85968,California
El Dorado,2021-05-10,828,148098,276,67070,494,76101,58,4927,240,20024,578,66240,296,86264,California
El Dorado,2021-05-11,696,148794,309,67379,325,76426,62,4989,282,19959,411,66651,346,86610,California
El Dorado,2021-05-12,653,149447,345,67724,267,76693,41,5030,248,19845,405,67056,291,86901,California
El Dorado,2021-05-13,1264,150711,798,68522,426,77119,40,5070,470,19566,788,67844,509,87410,California
El Dorado,2021-05-14,1413,152124,815,69337,514,77633,84,5154,669,19581,739,68583,754,88164,California
El Dorado,2021-05-15,906,153030,560,69897,290,77923,56,5210,320,19371,586,69169,376,88540,California
El Dorado,2021-05-16,667,153697,464,70361,177,78100,26,5236,232,19196,435,69604,260,88800,California
El Dorado,2021-05-17,1579,155276,670,71031,860,78960,49,5285,560,18790,1015,70619,609,89409,California
El Dorado,2021-05-18,1030,156306,517,71548,459,79419,54,5339,438,18692,591,71210,493,89902,California
El Dorado,2021-05-19,817,157123,332,71880,433,79852,52,5391,307,18549,503,71713,360,90262,California
El Dorado,2021-05-20,1182,158305,658,72538,449,80301,75,5466,440,18323,739,72452,513,90775,California
El Dorado,2021-05-21,2338,160643,1747,74285,548,80849,43,5509,811,17654,1523,73975,854,91629,California
El Dorado,2021-05-22,707,161350,206,74491,465,81314,36,5545,222,17428,484,74459,258,91887,California
El Dorado,2021-05-23,307,161657,134,74625,144,81458,29,5574,92,17337,213,74672,122,92009,California
El Dorado,2021-05-24,879,162536,452,75077,358,81816,69,5643,304,17137,571,75243,371,92380,California
El Dorado,2021-05-25,608,163144,255,75332,317,82133,36,5679,221,17011,384,75627,258,92638,California
El Dorado,2021-05-26,810,163954,398,75730,388,82521,24,5703,277,16782,531,76158,302,92940,California
El Dorado,2021-05-27,622,164576,245,75975,342,82863,35,5738,310,16816,311,76469,345,93285,California
El Dorado,2021-05-28,730,165306,256,76231,410,83273,64,5802,304,16764,423,76892,371,93656,California
El Dorado,2021-05-29,390,165696,111,76342,263,83536,16,5818,171,16732,219,77111,187,93843,California
El Dorado,2021-05-30,173,165869,101,76443,58,83594,14,5832,81,16736,91,77202,95,93938,California
El Dorado,2021-05-31,37,165906,12,76455,14,83608,11,5843,8,16726,29,77231,19,93957,California
El Dorado,2021-06-01,674,166580,289,76744,346,83954,39,5882,228,16551,443,77674,268,94225,California
El Dorado,2021-06-02,630,167210,299,77043,281,84235,50,5932,259,16490,370,78044,309,94534,California
El Dorado,2021-06-03,728,167938,339,77382,346,84581,43,5975,173,16151,555,78599,216,94750,California
El Dorado,2021-06-04,885,168823,527,77909,324,84905,34,6009,185,15672,698,79297,219,94969,California
El Dorado,2021-06-05,388,169211,224,78133,152,85057,12,6021,83,15464,304,79601,96,95065,California
El Dorado,2021-06-06,279,169490,194,78327,69,85126,16,6037,51,15303,227,79828,66,95131,California
El Dorado,2021-06-07,785,170275,487,78814,258,85384,40,6077,171,14908,607,80435,212,95343,California
El Dorado,2021-06-08,631,170906,382,79196,216,85600,33,6110,129,14570,499,80934,161,95504,California
El Dorado,2021-06-09,464,171370,277,79473,161,85761,26,6136,111,14354,353,81287,137,95641,California
El Dorado,2021-06-10,587,171957,366,79839,190,85951,31,6167,162,14124,423,81710,193,95834,California
El Dorado,2021-06-11,657,172614,393,80232,220,86171,44,6211,130,13772,526,82236,174,96008,California
El Dorado,2021-06-12,261,172875,153,80385,89,86260,19,6230,61,13654,199,82435,81,96089,California
El Dorado,2021-06-13,162,173037,90,80475,54,86314,18,6248,34,13579,127,82562,52,96141,California
El Dorado,2021-06-14,508,173545,357,80832,121,86435,30,6278,133,13367,375,82937,163,96304,California
El Dorado,2021-06-15,447,173992,237,81069,173,86608,37,6315,126,13212,318,83255,163,96467,California
El Dorado,2021-06-16,505,174497,355,81424,109,86717,41,6356,131,13011,373,83628,172,96639,California
El Dorado,2021-06-17,437,174934,267,81691,137,86854,33,6389,139,12887,297,83925,173,96812,California
El Dorado,2021-06-18,394,175328,251,81942,109,86963,34,6423,118,12764,275,84200,152,96964,California
El Dorado,2021-06-19,247,175575,154,82096,80,87043,13,6436,91,12713,155,84355,104,97068,California
El Dorado,2021-06-20,123,175698,89,82185,28,87071,6,6442,52,12700,71,84426,58,97126,California
El Dorado,2021-06-21,316,176014,162,82347,129,87200,25,6467,122,12655,192,84618,147,97273,California
El Dorado,2021-06-22,394,176408,257,82604,114,87314,23,6490,133,12551,260,84878,156,97429,California
El Dorado,2021-06-23,424,176832,292,82896,110,87424,22,6512,139,12429,283,85161,161,97590,California
El Dorado,2021-06-24,391,177223,241,83137,136,87560,14,6526,146,12344,245,85406,160,97750,California
El Dorado,2021-06-25,350,177573,215,83352,99,87659,36,6562,144,12323,201,85607,180,97930,California
El Dorado,2021-06-26,207,177780,122,83474,70,87729,15,6577,69,12272,137,85744,86,98016,California
El Dorado,2021-06-27,114,177894,80,83554,28,87757,6,6583,51,12266,63,85807,57,98073,California
El Dorado,2021-06-28,247,178141,179,83733,54,87811,14,6597,110,12253,137,85944,124,98197,California
Fresno,2020-12-15,2,2,2,2,0,0,0,0,2,2,0,0,2,2,California
Fresno,2020-12-16,124,126,124,126,0,0,0,0,124,126,0,0,124,126,California
Fresno,2020-12-17,123,249,123,249,0,0,0,0,123,249,0,0,123,249,California
Fresno,2020-12-18,350,599,350,599,0,0,0,0,350,599,0,0,350,599,California
Fresno,2020-12-19,161,760,161,760,0,0,0,0,161,760,0,0,161,760,California
Fresno,2020-12-20,256,1016,254,1014,2,2,0,0,256,1016,0,0,256,1016,California
Fresno,2020-12-21,930,1946,928,1942,2,4,0,0,959,1975,0,0,959,1975,California
Fresno,2020-12-22,908,2854,876,2818,32,36,0,0,912,2887,0,0,912,2887,California
Fresno,2020-12-23,1089,3943,1046,3864,43,79,0,0,1090,3977,0,0,1090,3977,California
Fresno,2020-12-24,590,4533,564,4428,26,105,0,0,590,4567,0,0,590,4567,California
Fresno,2020-12-25,3,4536,1,4429,2,107,0,0,3,4570,0,0,3,4570,California
Fresno,2020-12-26,723,5259,714,5143,9,116,0,0,723,5293,0,0,723,5293,California
Fresno,2020-12-27,306,5565,210,5353,96,212,0,0,306,5599,0,0,306,5599,California
Fresno,2020-12-28,1095,6660,801,6154,294,506,0,0,1096,6695,0,0,1096,6695,California
Fresno,2020-12-29,1766,8426,999,7153,767,1273,0,0,1764,8458,1,1,1764,8459,California
Fresno,2020-12-30,985,9411,445,7598,540,1813,0,0,985,9443,0,1,985,9444,California
Fresno,2020-12-31,929,10340,310,7908,619,2432,0,0,928,10371,0,1,928,10372,California
Fresno,2021-01-01,10,10350,3,7911,7,2439,0,0,10,10381,0,1,10,10382,California
Fresno,2021-01-02,1026,11376,712,8623,314,2753,0,0,1026,11407,0,1,1026,11408,California
Fresno,2021-01-03,156,11532,130,8753,26,2779,0,0,156,11563,0,1,156,11564,California
Fresno,2021-01-04,623,12155,376,9129,247,3026,0,0,623,12186,0,1,623,12187,California
Fresno,2021-01-05,785,12940,312,9441,473,3499,0,0,711,12823,74,75,711,12898,California
Fresno,2021-01-06,991,13931,348,9789,643,4142,0,0,817,13466,174,249,817,13715,California
Fresno,2021-01-07,1901,15832,918,10707,983,5125,0,0,1646,14860,255,504,1649,15364,California
Fresno,2021-01-08,1795,17627,615,11322,1180,6305,0,0,1429,15926,364,868,1430,16794,California
Fresno,2021-01-09,637,18264,390,11712,247,6552,0,0,359,16007,278,1146,359,17153,California
Fresno,2021-01-10,518,18782,488,12200,30,6582,0,0,204,15897,314,1460,204,17357,California
Fresno,2021-01-11,2226,21008,1809,14009,417,6999,0,0,1531,16737,695,2155,1535,18892,California
Fresno,2021-01-12,2537,23545,1832,15841,705,7704,0,0,1685,17570,854,3009,1687,20579,California
Fresno,2021-01-13,3565,27110,2435,18276,1130,8834,0,0,2710,19427,856,3865,2713,23292,California
Fresno,2021-01-14,4162,31272,2199,20475,1963,10797,0,0,3690,22646,471,4336,3690,26982,California
Fresno,2021-01-15,3679,34951,2540,23015,1139,11936,0,0,3320,25611,359,4695,3324,30306,California
Fresno,2021-01-16,3162,38113,2316,25331,846,12782,0,0,2692,27835,470,5165,2694,33000,California
Fresno,2021-01-17,979,39092,557,25888,422,13204,0,0,779,28414,200,5365,779,33779,California
Fresno,2021-01-18,3091,42183,2378,28266,713,13917,0,0,2434,30195,655,6020,2436,36215,California
Fresno,2021-01-19,4351,46534,2551,30817,1800,15717,0,0,3692,33232,659,6679,3696,39911,California
Fresno,2021-01-20,3054,49588,1228,32045,1826,17543,0,0,2741,35666,310,6989,2744,42655,California
Fresno,2021-01-21,4442,54030,2077,34122,2365,19908,0,0,4078,39409,341,7330,4084,46739,California
Fresno,2021-01-22,3335,57365,1357,35479,1978,21886,0,0,2944,41980,374,7704,2945,49684,California
Fresno,2021-01-23,3067,60432,1981,37460,1086,22972,0,0,2343,43605,723,8427,2348,52032,California
Fresno,2021-01-24,558,60990,377,37837,181,23153,0,0,351,43751,207,8634,353,52385,California
Fresno,2021-01-25,2449,63439,868,38705,1581,24734,0,0,1871,45047,578,9212,1874,54259,California
Fresno,2021-01-26,2100,65539,597,39302,1503,26237,0,0,1331,45612,767,9979,1332,55591,California
Fresno,2021-01-27,2413,67952,1241,40543,1172,27409,0,0,1741,46689,667,10646,1744,57335,California
Fresno,2021-01-28,4576,72528,3064,43607,1512,28921,0,0,3478,49076,1094,11740,3481,60816,California
Fresno,2021-01-29,1679,74207,949,44556,730,29651,0,0,1375,50152,300,12040,1376,62192,California
Fresno,2021-01-30,1452,75659,546,45102,906,30557,0,0,1035,50770,417,12457,1035,63227,California
Fresno,2021-01-31,226,75885,215,45317,11,30568,0,0,72,50688,154,12611,72,63299,California
Fresno,2021-02-01,3363,79248,1666,46983,1697,32265,0,0,1778,50892,1584,14195,1788,65087,California
Fresno,2021-02-02,2736,81984,552,47535,2184,34449,0,0,1585,51357,1136,15331,1601,66688,California
Fresno,2021-02-03,3576,85560,2110,49645,1466,35915,0,0,1554,50902,2010,17341,1555,68243,California
Fresno,2021-02-04,4224,89784,1911,51556,2313,38228,0,0,1935,50583,2259,19600,1940,70183,California
Fresno,2021-02-05,5370,95154,2745,54301,2625,40853,0,0,2315,49852,3050,22650,2319,72502,California
Fresno,2021-02-06,2943,98097,2048,56349,895,41748,0,0,970,48859,1964,24614,971,73473,California
Fresno,2021-02-07,469,98566,287,56636,182,41930,0,0,272,48935,196,24810,272,73745,California
Fresno,2021-02-08,4296,102862,2304,58940,1992,43922,0,0,1810,48281,2473,27283,1819,75564,California
Fresno,2021-02-09,5355,108217,2085,61025,3270,47192,0,0,3131,49273,2148,29431,3140,78704,California
Fresno,2021-02-10,3915,112132,1239,62264,2676,49868,0,0,1986,49395,1876,31307,1998,80702,California
Fresno,2021-02-11,6470,118602,2093,64357,4377,54245,0,0,3322,49595,3128,34435,3328,84030,California
Fresno,2021-02-12,5436,124038,1388,65745,4048,58293,0,0,2737,49664,2680,37115,2749,86779,California
Fresno,2021-02-13,3771,127809,1571,67316,2200,60493,0,0,2090,50090,1670,38785,2096,88875,California
Fresno,2021-02-14,1580,129389,286,67602,1294,61787,0,0,848,50212,730,39515,852,89727,California
Fresno,2021-02-15,2911,132300,271,67873,2640,64427,0,0,1802,50915,1103,40618,1806,91533,California
Fresno,2021-02-16,6742,139042,2419,70292,4323,68750,0,0,4257,52715,2467,43085,4267,95800,California
Fresno,2021-02-17,5384,144426,2488,72780,2896,71646,0,0,2997,53376,2341,45426,3002,98802,California
Fresno,2021-02-18,6927,151353,2925,75705,4002,75648,0,0,2600,51704,4283,49709,2611,101413,California
Fresno,2021-02-19,3968,155321,1128,76833,2840,78488,0,0,1841,51438,2114,51823,1848,103261,California
Fresno,2021-02-20,4575,159896,2503,79336,2072,80560,0,0,3064,53006,1502,53325,3070,106331,California
Fresno,2021-02-21,195,160091,176,79512,19,80579,0,0,130,53085,51,53376,130,106461,California
Fresno,2021-02-22,2264,162355,1007,80519,1257,81836,0,0,1245,53323,1009,54385,1247,107708,California
Fresno,2021-02-23,4700,167055,2267,82786,2433,84269,0,0,3819,56275,869,55254,3821,111529,California
Fresno,2021-02-24,4217,171272,1502,84288,2715,86984,0,0,3462,58995,744,55998,3464,114993,California
Fresno,2021-02-25,8724,179996,3749,88037,4975,91959,0,0,7223,64792,1437,57435,7234,122227,California
Fresno,2021-02-26,9059,189055,3712,91749,5347,97306,0,0,7732,71228,1302,58737,7738,129965,California
Fresno,2021-02-27,7302,196357,3167,94916,4134,101440,1,1,6584,77116,703,59440,6591,136556,California
Fresno,2021-02-28,1664,198021,539,95455,1125,102565,0,1,1570,78606,81,59521,1571,138127,California
Fresno,2021-03-01,5119,203140,1327,96782,3792,106357,0,1,3696,80903,1406,60927,3703,141830,California
Fresno,2021-03-02,9893,213033,3393,100175,6500,112857,0,1,8500,88063,1368,62295,8528,150358,California
Fresno,2021-03-03,7082,220115,1787,101962,5294,118151,1,2,6060,93229,1009,63304,6175,156533,California
Fresno,2021-03-04,10476,230591,4132,106094,6344,124495,0,2,8724,100238,1724,65028,8733,165266,California
Fresno,2021-03-05,9376,239967,3642,109736,5732,130227,2,4,8069,107210,1174,66202,8146,173412,California
Fresno,2021-03-06,7021,246988,3955,113691,2948,133175,118,122,6021,112362,992,67194,6144,179556,California
Fresno,2021-03-07,1497,248485,682,114373,778,133953,37,159,1266,113438,228,67422,1304,180860,California
Fresno,2021-03-08,5344,253829,2059,116432,3134,137087,151,310,4047,116364,1285,68707,4211,185071,California
Fresno,2021-03-09,8670,262499,3804,120236,4594,141681,272,582,4661,117344,3988,72695,4968,190039,California
Fresno,2021-03-10,6929,269428,2878,123114,3661,145342,390,972,5411,121644,1509,74204,5809,195848,California
Fresno,2021-03-11,11640,281068,4597,127711,6492,151834,551,1523,6325,123310,5288,79492,6954,202802,California
Fresno,2021-03-12,12097,293165,5150,132861,6520,158354,427,1950,9090,129981,2986,82478,9657,212459,California
Fresno,2021-03-13,8362,301527,4069,136930,3280,161634,1013,2963,4045,130821,4295,86773,5135,217594,California
Fresno,2021-03-14,1779,303306,483,137413,1007,162641,289,3252,671,130684,1097,87870,960,218554,California
Fresno,2021-03-15,7155,310461,3184,140597,3794,166435,177,3429,4944,133808,2196,90066,5320,223874,California
Fresno,2021-03-16,10248,320709,4549,145146,5305,171740,394,3823,5429,134945,4784,94850,5921,229795,California
Fresno,2021-03-17,8750,329459,4001,149147,4047,175787,702,4525,5917,139158,2810,97660,7023,236818,California
Fresno,2021-03-18,12560,342019,6798,155945,5085,180872,677,5202,7043,141901,5466,103126,8209,245027,California
Fresno,2021-03-19,11285,353304,5961,161906,4704,185576,620,5822,6924,145489,4330,107456,7918,252945,California
Fresno,2021-03-20,7645,360949,4617,166523,2703,188279,325,6147,3775,146068,3839,111295,4418,257363,California
Fresno,2021-03-21,1860,362809,1270,167793,213,188492,377,6524,1019,146632,833,112128,1397,258760,California
Fresno,2021-03-22,5712,368521,2934,170727,2182,190674,596,7120,3822,149416,1872,114000,4656,263416,California
Fresno,2021-03-23,10657,379178,5329,176056,4828,195502,500,7620,5120,149964,5514,119514,6062,269478,California
Fresno,2021-03-24,8896,388074,3847,179903,4216,199718,833,8453,4980,151952,3879,123393,5867,275345,California
Fresno,2021-03-25,12233,400307,5688,185591,5741,205459,804,9257,4755,150163,7429,130822,5640,280985,California
Fresno,2021-03-26,12255,412562,5470,191061,6139,211598,646,9903,4447,147532,7749,138571,5118,286103,California
Fresno,2021-03-27,10145,422707,4858,195919,4199,215797,1088,10991,2970,144460,7136,145707,4064,290167,California
Fresno,2021-03-28,3423,426130,1324,197243,1407,217204,692,11683,1116,144414,2299,148006,2253,292420,California
Fresno,2021-03-29,6003,432133,2017,199260,3447,220651,539,12222,2897,144787,3077,151083,3450,295870,California
Fresno,2021-03-30,11018,443151,4274,203534,5845,226496,899,13121,3829,142359,7157,158240,4729,300599,California
Fresno,2021-03-31,9737,452888,3395,206929,5343,231839,999,14120,3669,140998,6022,164262,4661,305260,California
Fresno,2021-04-01,12252,465140,4224,211153,7157,238996,871,14991,4059,137795,8088,172350,4885,310145,California
Fresno,2021-04-02,12126,477266,4639,215792,6692,245688,795,15786,4277,135186,7685,180035,5076,315221,California
Fresno,2021-04-03,6427,483693,3533,219325,2630,248318,264,16050,2143,133365,4265,184300,2444,317665,California
Fresno,2021-04-04,1498,485191,538,219863,915,249233,45,16095,543,133009,945,185245,589,318254,California
Fresno,2021-04-05,8348,493539,4477,224340,3068,252301,803,16898,2446,130441,5886,191131,3318,321572,California
Fresno,2021-04-06,9646,503185,4035,228375,4418,256719,1193,18091,3543,129130,6063,197194,4752,326324,California
Fresno,2021-04-07,10651,513836,5516,233891,3916,260635,1219,19310,3543,126853,7063,204257,4786,331110,California
Fresno,2021-04-08,10989,524825,5179,239070,4644,265279,1166,20476,3448,124015,7491,211748,4653,335763,California
Fresno,2021-04-09,11626,536451,5351,244421,4870,270149,1405,21881,3647,121156,7930,219678,5071,340834,California
Fresno,2021-04-10,7933,544384,5172,249593,2233,272382,528,22409,3684,121136,4230,223908,4210,345044,California
Fresno,2021-04-11,1401,545785,937,250530,372,272754,92,22501,448,120729,948,224856,541,345585,California
Fresno,2021-04-12,7572,553357,4094,254624,2544,275298,934,23435,2413,118947,5127,229983,3345,348930,California
Fresno,2021-04-13,9039,562396,4315,258939,4653,279951,71,23506,3519,117148,5481,235464,3682,352612,California
Fresno,2021-04-14,9761,572157,5810,264749,3950,283901,1,23507,3787,115053,5930,241394,3835,356447,California
Fresno,2021-04-15,8525,580682,4242,268991,4280,288181,3,23510,3196,112955,5300,246694,3202,359649,California
Fresno,2021-04-16,9634,590316,4676,273667,4956,293137,2,23512,3915,111200,5677,252371,3922,363571,California
Fresno,2021-04-17,5660,595976,3780,277447,1880,295017,0,23512,2689,110943,2948,255319,2691,366262,California
Fresno,2021-04-18,1151,597127,677,278124,474,295491,0,23512,516,110829,630,255949,516,366778,California
Fresno,2021-04-19,5745,602872,3176,281300,2566,298057,3,23515,2259,109648,3446,259395,2265,369043,California
Fresno,2021-04-20,7219,610091,3689,284989,3521,301578,9,23524,2694,107852,4499,263894,2703,371746,California
Fresno,2021-04-21,6867,616958,3999,288988,2859,304437,9,23533,2864,106766,3962,267856,2876,374622,California
Fresno,2021-04-22,6575,623533,3349,292337,3225,307662,1,23534,2416,105087,4099,271955,2420,377042,California
Fresno,2021-04-23,7342,630875,4039,296376,3286,310948,17,23551,2800,103438,4454,276409,2805,379847,California
Fresno,2021-04-24,4175,635050,2492,298868,1683,312631,0,23551,1918,103112,2244,278653,1918,381765,California
Fresno,2021-04-25,1370,636420,551,299419,816,313447,3,23554,685,103122,679,279332,689,382454,California
Fresno,2021-04-26,4315,640735,2214,301633,2056,315503,45,23599,1823,102530,2460,281792,1868,384322,California
Fresno,2021-04-27,4933,645668,2530,304163,2277,317780,126,23725,1938,101622,2972,284764,2064,386386,California
Fresno,2021-04-28,4916,650584,2810,306973,1976,319756,130,23855,2066,100993,2826,287590,2197,388583,California
Fresno,2021-04-29,4911,655495,2759,309732,2012,321768,140,23995,1880,100009,3002,290592,2018,390601,California
Fresno,2021-04-30,5526,661021,3386,313118,2006,323774,134,24129,2218,99083,3277,293869,2351,392952,California
Fresno,2021-05-01,4198,665219,3465,316583,593,324367,140,24269,1236,97514,2943,296812,1374,394326,California
Fresno,2021-05-02,1253,666472,777,317360,425,324792,51,24320,617,97557,624,297436,667,394993,California
Fresno,2021-05-03,4049,670521,2701,320061,1155,325947,193,24513,1312,96348,2708,300144,1499,396492,California
Fresno,2021-05-04,4952,675473,2616,322677,2184,328131,152,24665,1579,94736,3345,303489,1733,398225,California
Fresno,2021-05-05,5362,680835,3405,326082,1729,329860,228,24893,1692,93010,3643,307132,1917,400142,California
Fresno,2021-05-06,4492,685327,2898,328980,1489,331349,105,24998,1562,91780,2898,310030,1668,401810,California
Fresno,2021-05-07,5084,690411,3358,332338,1559,332908,167,25165,1577,90038,3483,313513,1741,403551,California
Fresno,2021-05-08,4053,694464,2643,334981,1262,334170,148,25313,1250,88657,2780,316293,1399,404950,California
Fresno,2021-05-09,721,695185,393,335374,285,334455,43,25356,349,88683,366,316659,392,405342,California
Fresno,2021-05-10,2980,698165,1591,336965,1248,335703,141,25497,931,87718,2037,318696,1072,406414,California
Fresno,2021-05-11,3892,702057,2074,339039,1721,337424,97,25594,1256,86449,2622,321318,1353,407767,California
Fresno,2021-05-12,4149,706206,2710,341749,1275,338699,164,25758,1406,85302,2717,324035,1570,409337,California
Fresno,2021-05-13,4175,710381,2440,344189,1630,340329,105,25863,1849,84971,2286,326321,1955,411292,California
Fresno,2021-05-14,5110,715491,3075,347264,1851,342180,184,26047,2154,84387,2923,329244,2339,413631,California
Fresno,2021-05-15,3623,719114,2715,349979,777,342957,131,26178,1848,84600,1764,331008,1977,415608,California
Fresno,2021-05-16,1575,720689,1076,351055,465,343422,34,26212,912,84890,657,331665,947,416555,California
Fresno,2021-05-17,4182,724871,2824,353879,1195,344617,163,26375,2220,85338,1933,333598,2381,418936,California
Fresno,2021-05-18,4133,729004,2556,356435,1421,346038,156,26531,2084,85550,2025,335623,2237,421173,California
Fresno,2021-05-19,4354,733358,2764,359199,1413,347451,177,26708,2054,85504,2276,337899,2230,423403,California
Fresno,2021-05-20,4120,737478,2461,361660,1471,348922,188,26896,1877,85341,2226,340125,2063,425466,California
Fresno,2021-05-21,4573,742051,2980,364640,1498,350420,95,26991,2028,84948,2514,342639,2121,427587,California
Fresno,2021-05-22,3942,745993,2927,367567,842,351262,173,27164,2265,85725,1660,344299,2437,430024,California
Fresno,2021-05-23,953,746946,622,368189,301,351563,30,27194,466,85744,477,344776,496,430520,California
Fresno,2021-05-24,3307,750253,2098,370287,1094,352657,115,27309,1530,85636,1753,346529,1645,432165,California
Fresno,2021-05-25,3207,753460,1926,372213,1155,353812,126,27435,1341,85250,1852,348381,1466,433631,California
Fresno,2021-05-26,3254,756714,2150,374363,997,354809,107,27542,1575,85272,1658,350039,1680,435311,California
Fresno,2021-05-27,3145,759859,1911,376274,1127,355936,107,27649,1308,84876,1812,351851,1416,436727,California
Fresno,2021-05-28,3434,763293,2215,378489,1124,357060,95,27744,1867,85292,1547,353398,1963,438690,California
Fresno,2021-05-29,2278,765571,1658,380147,550,357610,70,27814,1192,85479,1076,354474,1263,439953,California
Fresno,2021-05-30,888,766459,535,380682,318,357928,35,27849,409,85462,461,354935,444,440397,California
Fresno,2021-05-31,318,766777,160,380842,146,358074,12,27861,134,85427,179,355114,144,440541,California
Fresno,2021-06-01,3020,769797,1816,382658,1107,359181,97,27958,1141,84808,1856,356970,1237,441778,California
Fresno,2021-06-02,2663,772460,1718,384376,855,360036,90,28048,1057,84380,1577,358547,1149,442927,California
Fresno,2021-06-03,2951,775411,2023,386399,825,360861,103,28151,1104,83760,1825,360372,1205,444132,California
Fresno,2021-06-04,3243,778654,2351,388750,791,361652,101,28252,1070,82783,2149,362521,1172,445304,California
Fresno,2021-06-05,3110,781764,2295,391045,694,362346,121,28373,1223,82266,1859,364380,1342,446646,California
Fresno,2021-06-06,1171,782935,931,391976,202,362548,38,28411,344,81826,822,365202,382,447028,California
Fresno,2021-06-07,3088,786023,2428,394404,568,363116,92,28503,885,80621,2181,367383,976,448004,California
Fresno,2021-06-08,2755,788778,2030,396434,643,363759,82,28585,803,79566,1939,369322,884,448888,California
Fresno,2021-06-09,2933,791711,2191,398625,652,364411,90,28675,963,78667,1951,371273,1052,449940,California
Fresno,2021-06-10,2653,794364,1928,400553,655,365066,70,28745,916,77935,1717,372990,985,450925,California
Fresno,2021-06-11,3131,797495,2192,402745,829,365895,110,28855,1158,77267,1936,374926,1268,452193,California
Fresno,2021-06-12,2905,800400,2296,405041,443,366338,166,29021,778,76091,2115,377041,939,453132,California
Fresno,2021-06-13,708,801108,458,405499,233,366571,17,29038,193,75791,510,377551,210,453342,California
Fresno,2021-06-14,2494,803602,1813,407312,552,367123,129,29167,938,75319,1537,379088,1065,454407,California
Fresno,2021-06-15,2369,805971,1703,409015,590,367713,76,29243,929,74902,1421,380509,1004,455411,California
Fresno,2021-06-16,2632,808603,1893,410908,625,368338,114,29357,1035,74464,1585,382094,1147,456558,California
Fresno,2021-06-17,2247,810850,1576,412484,580,368918,91,29448,945,74209,1289,383383,1034,457592,California
Fresno,2021-06-18,3001,813851,2156,414640,727,369645,118,29566,1188,73721,1795,385178,1307,458899,California
Fresno,2021-06-19,1689,815540,1246,415886,366,370011,77,29643,583,73277,1102,386280,658,459557,California
Fresno,2021-06-20,497,816037,351,416237,135,370146,11,29654,190,73176,302,386582,201,459758,California
Fresno,2021-06-21,1622,817659,1084,417321,474,370620,64,29718,933,73498,675,387257,997,460755,California
Fresno,2021-06-22,2172,819831,1504,418825,559,371179,109,29827,1008,73462,1150,388407,1114,461869,California
Fresno,2021-06-23,2050,821881,1470,420295,512,371691,68,29895,1010,73515,1023,389430,1076,462945,California
Fresno,2021-06-24,1992,823873,1410,421705,505,372196,77,29972,890,73394,1087,390517,966,463911,California
Fresno,2021-06-25,2047,825920,1437,423142,529,372725,81,30053,974,73393,1056,391573,1055,464966,California
Fresno,2021-06-26,1831,827751,1419,424561,312,373037,100,30153,713,73095,1111,392684,813,465779,California
Fresno,2021-06-27,913,828664,676,425237,138,373175,99,30252,466,73215,443,393127,563,466342,California
Fresno,2021-06-28,1204,829868,889,426126,238,373413,77,30329,518,73129,679,393806,593,466935,California
Glenn,2020-12-17,1,1,1,1,0,0,0,0,1,1,0,0,1,1,California
Glenn,2020-12-19,1,2,1,2,0,0,0,0,1,2,0,0,1,2,California
Glenn,2020-12-20,1,3,1,3,0,0,0,0,1,3,0,0,1,3,California
Glenn,2020-12-21,12,15,12,15,0,0,0,0,12,15,0,0,12,15,California
Glenn,2020-12-22,59,74,59,74,0,0,0,0,59,74,0,0,59,74,California
Glenn,2020-12-23,28,102,28,102,0,0,0,0,28,102,0,0,28,102,California
Glenn,2020-12-24,9,111,9,111,0,0,0,0,9,111,0,0,9,111,California
Glenn,2020-12-26,2,113,2,113,0,0,0,0,2,113,0,0,2,113,California
Glenn,2020-12-27,4,117,4,117,0,0,0,0,4,117,0,0,4,117,California
Glenn,2020-12-28,21,138,21,138,0,0,0,0,21,138,0,0,21,138,California
Glenn,2020-12-29,82,220,82,220,0,0,0,0,82,220,0,0,82,220,California
Glenn,2020-12-30,129,349,106,326,23,23,0,0,129,349,0,0,129,349,California
Glenn,2020-12-31,38,387,9,335,29,52,0,0,38,387,0,0,38,387,California
Glenn,2021-01-02,3,390,3,338,0,52,0,0,3,390,0,0,3,390,California
Glenn,2021-01-04,7,397,5,343,2,54,0,0,7,397,0,0,7,397,California
Glenn,2021-01-05,9,406,8,351,1,55,0,0,9,406,0,0,9,406,California
Glenn,2021-01-06,60,466,8,359,52,107,0,0,60,466,0,0,60,466,California
Glenn,2021-01-07,67,533,12,371,55,162,0,0,65,529,2,2,65,531,California
Glenn,2021-01-08,12,545,9,380,3,165,0,0,12,541,0,2,12,543,California
Glenn,2021-01-10,1,546,1,381,0,165,0,0,0,540,1,3,0,543,California
Glenn,2021-01-11,30,576,30,411,0,165,0,0,12,534,18,21,12,555,California
Glenn,2021-01-12,42,618,37,448,5,170,0,0,14,520,28,49,14,569,California
Glenn,2021-01-13,221,839,158,606,63,233,0,0,176,651,45,94,176,745,California
Glenn,2021-01-14,119,958,30,636,89,322,0,0,109,750,10,104,109,854,California
Glenn,2021-01-15,40,998,33,669,7,329,0,0,35,780,5,109,35,889,California
Glenn,2021-01-16,33,1031,14,683,19,348,0,0,23,793,10,119,23,912,California
Glenn,2021-01-17,4,1035,2,685,2,350,0,0,2,793,2,121,2,914,California
Glenn,2021-01-18,17,1052,16,701,1,351,0,0,9,794,8,129,9,923,California
Glenn,2021-01-19,30,1082,20,721,10,361,0,0,13,790,17,146,13,936,California
Glenn,2021-01-20,164,1246,95,816,69,430,0,0,83,792,81,227,83,1019,California
Glenn,2021-01-21,124,1370,98,914,26,456,0,0,30,728,94,321,30,1049,California
Glenn,2021-01-22,340,1710,66,980,274,730,0,0,333,1054,7,328,333,1382,California
Glenn,2021-01-23,16,1726,9,989,7,737,0,0,13,1064,3,331,13,1395,California
Glenn,2021-01-24,2,1728,2,991,0,737,0,0,2,1066,0,331,2,1397,California
Glenn,2021-01-25,26,1754,8,999,18,755,0,0,23,1086,3,334,23,1420,California
Glenn,2021-01-26,30,1784,14,1013,16,771,0,0,24,1104,6,340,24,1444,California
Glenn,2021-01-27,190,1974,13,1026,177,948,0,0,168,1250,22,362,168,1612,California
Glenn,2021-01-28,147,2121,8,1034,139,1087,0,0,117,1337,30,392,117,1729,California
Glenn,2021-01-29,296,2417,12,1046,284,1371,0,0,282,1605,14,406,282,2011,California
Glenn,2021-01-30,4,2421,0,1046,4,1375,0,0,4,1609,0,406,4,2015,California
Glenn,2021-01-31,1,2422,0,1046,1,1376,0,0,1,1610,0,406,1,2016,California
Glenn,2021-02-01,30,2452,11,1057,19,1395,0,0,18,1616,12,418,18,2034,California
Glenn,2021-02-02,31,2483,16,1073,15,1410,0,0,21,1627,10,428,21,2055,California
Glenn,2021-02-03,281,2764,127,1200,154,1564,0,0,135,1617,146,574,136,2191,California
Glenn,2021-02-04,85,2849,18,1218,67,1631,0,0,28,1588,57,631,28,2219,California
Glenn,2021-02-05,319,3168,24,1242,295,1926,0,0,299,1867,20,651,299,2518,California
Glenn,2021-02-06,14,3182,2,1244,12,1938,0,0,13,1879,1,652,13,2531,California
Glenn,2021-02-07,2,3184,2,1246,0,1938,0,0,2,1881,0,652,2,2533,California
Glenn,2021-02-08,21,3205,17,1263,4,1942,0,0,4,1868,17,669,4,2537,California
Glenn,2021-02-09,49,3254,20,1283,29,1971,0,0,36,1891,13,682,36,2573,California
Glenn,2021-02-10,137,3391,19,1302,118,2089,0,0,66,1886,71,753,66,2639,California
Glenn,2021-02-11,235,3626,134,1436,101,2190,0,0,153,1956,83,836,153,2792,California
Glenn,2021-02-12,419,4045,99,1535,320,2510,0,0,352,2241,67,903,352,3144,California
Glenn,2021-02-13,37,4082,9,1544,28,2538,0,0,17,2238,20,923,17,3161,California
Glenn,2021-02-14,1,4083,0,1544,1,2539,0,0,1,2239,0,923,1,3162,California
Glenn,2021-02-15,9,4092,0,1544,9,2548,0,0,8,2246,1,924,8,3170,California
Glenn,2021-02-16,40,4132,9,1553,31,2579,0,0,21,2248,19,943,21,3191,California
Glenn,2021-02-17,380,4512,14,1567,366,2945,0,0,302,2472,78,1021,302,3493,California
Glenn,2021-02-18,135,4647,100,1667,35,2980,0,0,111,2559,24,1045,111,3604,California
Glenn,2021-02-19,303,4950,17,1684,286,3266,0,0,29,2314,274,1319,29,3633,California
Glenn,2021-02-20,9,4959,0,1684,9,3275,0,0,1,2307,8,1327,1,3634,California
Glenn,2021-02-21,1,4960,1,1685,0,3275,0,0,1,2308,0,1327,1,3635,California
Glenn,2021-02-22,33,4993,14,1699,19,3294,0,0,16,2307,17,1344,16,3651,California
Glenn,2021-02-23,41,5034,10,1709,31,3325,0,0,29,2324,12,1356,29,3680,California
Glenn,2021-02-24,255,5289,48,1757,207,3532,0,0,47,2163,208,1564,47,3727,California
Glenn,2021-02-25,234,5523,120,1877,114,3646,0,0,121,2171,113,1677,121,3848,California
Glenn,2021-02-26,304,5827,24,1901,280,3926,0,0,20,1908,283,1960,20,3868,California
Glenn,2021-02-27,16,5843,6,1907,10,3936,0,0,6,1905,9,1969,6,3874,California
Glenn,2021-02-28,6,5849,3,1910,3,3939,0,0,3,1906,2,1971,3,3877,California
Glenn,2021-03-01,27,5876,6,1916,21,3960,0,0,12,1903,15,1986,12,3889,California
Glenn,2021-03-02,35,5911,7,1923,28,3988,0,0,17,1902,18,2004,17,3906,California
Glenn,2021-03-03,191,6102,37,1960,154,4142,0,0,100,1913,89,2093,100,4006,California
Glenn,2021-03-04,520,6622,175,2135,345,4487,0,0,373,2139,147,2240,373,4379,California
Glenn,2021-03-05,357,6979,49,2184,308,4795,0,0,35,1852,322,2562,35,4414,California
Glenn,2021-03-06,28,7007,4,2188,23,4818,1,1,11,1847,17,2579,12,4426,California
Glenn,2021-03-07,5,7012,0,2188,5,4823,0,1,3,1849,1,2580,3,4429,California
Glenn,2021-03-08,20,7032,2,2190,17,4840,1,2,18,1866,2,2582,19,4448,California
Glenn,2021-03-09,82,7114,12,2202,67,4907,3,5,54,1894,28,2610,56,4504,California
Glenn,2021-03-10,172,7286,69,2271,101,5008,2,7,94,1912,78,2688,96,4600,California
Glenn,2021-03-11,582,7868,168,2439,391,5399,23,30,452,2257,130,2818,475,5075,California
Glenn,2021-03-12,420,8288,14,2453,343,5742,63,93,41,1982,379,3197,104,5179,California
Glenn,2021-03-13,13,8301,1,2454,4,5746,8,101,1,1979,12,3209,9,5188,California
Glenn,2021-03-14,3,8304,1,2455,2,5748,0,101,1,1978,2,3211,1,5189,California
Glenn,2021-03-15,76,8380,15,2470,56,5804,5,106,61,2029,15,3226,66,5255,California
Glenn,2021-03-16,109,8489,34,2504,65,5869,10,116,69,2068,40,3266,79,5334,California
Glenn,2021-03-17,417,8906,98,2602,312,6181,7,123,116,1888,301,3567,121,5455,California
Glenn,2021-03-18,522,9428,216,2818,50,6231,256,379,143,1907,379,3946,398,5853,California
Glenn,2021-03-19,96,9524,16,2834,74,6305,6,385,75,1968,20,3966,81,5934,California
Glenn,2021-03-20,133,9657,2,2836,130,6435,1,386,130,2096,3,3969,131,6065,California
Glenn,2021-03-21,6,9663,5,2841,0,6435,1,387,3,2098,2,3971,4,6069,California
Glenn,2021-03-22,123,9786,54,2895,61,6496,8,395,103,2191,18,3989,111,6180,California
Glenn,2021-03-23,179,9965,67,2962,61,6557,51,446,104,2273,73,4062,155,6335,California
Glenn,2021-03-24,208,10173,100,3062,103,6660,5,451,134,2340,72,4134,139,6474,California
Glenn,2021-03-25,471,10644,230,3292,147,6807,94,545,343,2650,127,4261,437,6911,California
Glenn,2021-03-26,238,10882,37,3329,165,6972,36,581,187,2822,51,4312,223,7134,California
Glenn,2021-03-27,168,11050,22,3351,140,7112,6,587,154,2968,14,4326,160,7294,California
Glenn,2021-03-28,15,11065,10,3361,5,7117,0,587,10,2973,5,4331,10,7304,California
Glenn,2021-03-29,61,11126,20,3381,38,7155,3,590,47,3009,14,4345,50,7354,California
Glenn,2021-03-30,76,11202,43,3424,32,7187,1,591,44,3024,30,4375,45,7399,California
Glenn,2021-03-31,124,11326,35,3459,88,7275,1,592,54,3010,69,4444,55,7454,California
Glenn,2021-04-01,654,11980,187,3646,458,7733,9,601,243,2854,408,4852,252,7706,California
Glenn,2021-04-02,170,12150,26,3672,132,7865,12,613,133,2962,37,4889,145,7851,California
Glenn,2021-04-03,95,12245,4,3676,84,7949,7,620,84,3042,11,4900,91,7942,California
Glenn,2021-04-04,9,12254,3,3679,4,7953,2,622,5,3045,4,4904,7,7949,California
Glenn,2021-04-05,67,12321,26,3705,28,7981,13,635,30,3051,37,4941,43,7992,California
Glenn,2021-04-06,145,12466,52,3757,53,8034,40,675,37,3020,107,5048,76,8068,California
Glenn,2021-04-07,161,12627,47,3804,60,8094,54,729,75,3063,86,5134,129,8197,California
Glenn,2021-04-08,640,13267,188,3992,418,8512,34,763,138,2735,500,5634,172,8369,California
Glenn,2021-04-09,158,13425,55,4047,86,8598,17,780,100,2793,58,5692,116,8485,California
Glenn,2021-04-10,76,13501,1,4048,60,8658,15,795,58,2849,17,5709,73,8558,California
Glenn,2021-04-11,17,13518,8,4056,4,8662,5,800,7,2851,10,5719,12,8570,California
Glenn,2021-04-12,116,13634,26,4082,61,8723,29,829,21,2806,95,5814,50,8620,California
Glenn,2021-04-13,118,13752,63,4145,55,8778,0,829,30,2748,88,5902,30,8650,California
Glenn,2021-04-14,123,13875,47,4192,76,8854,0,829,68,2761,55,5957,68,8718,California
Glenn,2021-04-15,365,14240,276,4468,89,8943,0,829,124,2645,240,6197,124,8842,California
Glenn,2021-04-16,169,14409,42,4510,127,9070,0,829,79,2634,90,6287,79,8921,California
Glenn,2021-04-17,168,14577,17,4527,151,9221,0,829,29,2532,131,6418,29,8950,California
Glenn,2021-04-18,19,14596,6,4533,13,9234,0,829,15,2543,4,6422,15,8965,California
Glenn,2021-04-19,83,14679,17,4550,66,9300,0,829,22,2505,60,6482,22,8987,California
Glenn,2021-04-20,132,14811,88,4638,44,9344,0,829,53,2479,79,6561,53,9040,California
Glenn,2021-04-21,431,15242,328,4966,103,9447,0,829,291,2630,140,6701,291,9331,California
Glenn,2021-04-22,214,15456,54,5020,160,9607,0,829,38,2493,175,6876,38,9369,California
Glenn,2021-04-23,191,15647,36,5056,155,9762,0,829,49,2401,141,7017,49,9418,California
Glenn,2021-04-24,180,15827,32,5088,148,9910,0,829,30,2282,149,7166,30,9448,California
Glenn,2021-04-25,30,15857,18,5106,12,9922,0,829,22,2296,8,7174,22,9470,California
Glenn,2021-04-26,50,15907,14,5120,36,9958,0,829,19,2284,31,7205,19,9489,California
Glenn,2021-04-27,65,15972,50,5170,10,9968,5,834,33,2289,32,7237,37,9526,California
Glenn,2021-04-28,263,16235,184,5354,68,10036,11,845,132,2302,130,7367,143,9669,California
Glenn,2021-04-29,186,16421,27,5381,157,10193,2,847,40,2198,146,7513,42,9711,California
Glenn,2021-04-30,163,16584,42,5423,119,10312,2,849,40,2117,123,7636,42,9753,California
Glenn,2021-05-01,108,16692,13,5436,94,10406,1,850,26,2062,82,7718,27,9780,California
Glenn,2021-05-02,30,16722,12,5448,9,10415,9,859,15,2071,15,7733,24,9804,California
Glenn,2021-05-03,39,16761,24,5472,14,10429,1,860,14,2061,25,7758,15,9819,California
Glenn,2021-05-04,60,16821,36,5508,19,10448,5,865,28,2062,32,7790,33,9852,California
Glenn,2021-05-05,128,16949,40,5548,77,10525,11,876,52,2049,76,7866,63,9915,California
Glenn,2021-05-06,111,17060,41,5589,65,10590,5,881,40,2023,71,7937,45,9960,California
Glenn,2021-05-07,122,17182,36,5625,77,10667,9,890,30,1971,91,8028,39,9999,California
Glenn,2021-05-08,65,17247,12,5637,49,10716,4,894,21,1953,43,8071,25,10024,California
Glenn,2021-05-09,17,17264,11,5648,6,10722,0,894,11,1958,6,8077,11,10035,California
Glenn,2021-05-10,37,17301,15,5663,17,10739,5,899,13,1952,24,8101,18,10053,California
Glenn,2021-05-11,80,17381,55,5718,16,10755,9,908,16,1913,64,8165,25,10078,California
Glenn,2021-05-12,335,17716,252,5970,69,10824,14,922,50,1692,285,8450,64,10142,California
Glenn,2021-05-13,159,17875,60,6030,80,10904,19,941,65,1682,94,8544,84,10226,California
Glenn,2021-05-14,105,17980,24,6054,76,10980,5,946,34,1650,71,8615,39,10265,California
Glenn,2021-05-15,67,18047,40,6094,24,11004,3,949,32,1650,34,8649,34,10299,California
Glenn,2021-05-16,31,18078,18,6112,13,11017,0,949,9,1637,22,8671,9,10308,California
Glenn,2021-05-17,86,18164,61,6173,21,11038,4,953,60,1675,26,8697,64,10372,California
Glenn,2021-05-18,67,18231,50,6223,13,11051,4,957,21,1654,46,8743,25,10397,California
Glenn,2021-05-19,199,18430,118,6341,69,11120,12,969,73,1613,125,8868,84,10481,California
Glenn,2021-05-20,120,18550,79,6420,39,11159,2,971,80,1655,40,8908,82,10563,California
Glenn,2021-05-21,70,18620,26,6446,43,11202,1,972,28,1642,42,8950,29,10592,California
Glenn,2021-05-22,56,18676,24,6470,32,11234,0,972,29,1644,27,8977,29,10621,California
Glenn,2021-05-23,29,18705,16,6486,13,11247,0,972,12,1640,16,8993,12,10633,California
Glenn,2021-05-24,30,18735,11,6497,15,11262,4,976,11,1637,18,9011,15,10648,California
Glenn,2021-05-25,47,18782,36,6533,9,11271,2,978,24,1640,23,9034,26,10674,California
Glenn,2021-05-26,75,18857,16,6549,55,11326,4,982,27,1623,48,9082,31,10705,California
Glenn,2021-05-27,100,18957,62,6611,37,11363,1,983,46,1618,52,9134,47,10752,California
Glenn,2021-05-28,63,19020,19,6630,37,11400,7,990,33,1628,30,9164,40,10792,California
Glenn,2021-05-29,48,19068,11,6641,33,11433,4,994,21,1626,27,9191,25,10817,California
Glenn,2021-05-30,21,19089,13,6654,8,11441,0,994,8,1622,12,9203,8,10825,California
Glenn,2021-05-31,4,19093,0,6654,4,11445,0,994,0,1618,4,9207,0,10825,California
Glenn,2021-06-01,56,19149,31,6685,22,11467,3,997,24,1613,32,9239,27,10852,California
Glenn,2021-06-02,98,19247,49,6734,46,11513,3,1000,39,1596,59,9298,42,10894,California
Glenn,2021-06-03,76,19323,43,6777,26,11539,7,1007,18,1565,56,9354,25,10919,California
Glenn,2021-06-04,76,19399,36,6813,37,11576,3,1010,41,1574,35,9389,44,10963,California
Glenn,2021-06-05,55,19454,30,6843,22,11598,3,1013,17,1556,38,9427,20,10983,California
Glenn,2021-06-06,30,19484,27,6870,2,11600,1,1014,14,1556,15,9442,15,10998,California
Glenn,2021-06-07,68,19552,59,6929,7,11607,2,1016,13,1517,54,9496,15,11013,California
Glenn,2021-06-08,35,19587,19,6948,11,11618,5,1021,16,1519,19,9515,21,11034,California
Glenn,2021-06-09,64,19651,36,6984,21,11639,7,1028,31,1524,33,9548,38,11072,California
Glenn,2021-06-10,117,19768,86,7070,25,11664,6,1034,34,1481,83,9631,40,11112,California
Glenn,2021-06-11,87,19855,56,7126,28,11692,3,1037,24,1445,63,9694,27,11139,California
Glenn,2021-06-12,35,19890,19,7145,13,11705,3,1040,13,1439,22,9716,16,11155,California
Glenn,2021-06-13,11,19901,11,7156,0,11705,0,1040,5,1438,6,9722,5,11160,California
Glenn,2021-06-14,40,19941,27,7183,10,11715,3,1043,16,1434,23,9745,19,11179,California
Glenn,2021-06-15,48,19989,33,7216,14,11729,1,1044,24,1435,24,9769,25,11204,California
Glenn,2021-06-16,87,20076,52,7268,34,11763,1,1045,58,1467,27,9796,59,11263,California
Glenn,2021-06-17,61,20137,36,7304,21,11784,4,1049,7,1424,54,9850,11,11274,California
Glenn,2021-06-18,83,20220,45,7349,17,11801,21,1070,28,1418,55,9905,49,11323,California
Glenn,2021-06-19,43,20263,22,7371,21,11822,0,1070,24,1423,19,9924,24,11347,California
Glenn,2021-06-20,14,20277,10,7381,4,11826,0,1070,3,1415,11,9935,3,11350,California
Glenn,2021-06-21,25,20302,17,7398,6,11832,2,1072,18,1428,7,9942,20,11370,California
Glenn,2021-06-22,45,20347,30,7428,13,11845,2,1074,21,1428,23,9965,23,11393,California
Glenn,2021-06-23,54,20401,37,7465,14,11859,3,1077,29,1435,25,9990,32,11425,California
Glenn,2021-06-24,43,20444,27,7492,12,11871,4,1081,17,1430,26,10016,21,11446,California
Glenn,2021-06-25,59,20503,47,7539,11,11882,1,1082,26,1424,33,10049,27,11473,California
Glenn,2021-06-26,35,20538,20,7559,14,11896,1,1083,16,1422,19,10068,17,11490,California
Glenn,2021-06-27,17,20555,13,7572,4,11900,0,1083,4,1413,13,10081,4,11494,California
Glenn,2021-06-28,15,20570,12,7584,1,11901,2,1085,7,1413,8,10089,8,11502,California
Humboldt,2020-12-15,2,2,2,2,0,0,0,0,2,2,0,0,2,2,California
Humboldt,2020-12-16,16,18,16,18,0,0,0,0,16,18,0,0,16,18,California
Humboldt,2020-12-17,117,135,117,135,0,0,0,0,117,135,0,0,117,135,California
Humboldt,2020-12-18,177,312,177,312,0,0,0,0,177,312,0,0,177,312,California
Humboldt,2020-12-19,10,322,10,322,0,0,0,0,10,322,0,0,10,322,California
Humboldt,2020-12-20,28,350,28,350,0,0,0,0,28,350,0,0,28,350,California
Humboldt,2020-12-21,167,517,167,517,0,0,0,0,167,517,0,0,167,517,California
Humboldt,2020-12-22,335,852,335,852,0,0,0,0,335,852,0,0,335,852,California
Humboldt,2020-12-23,322,1174,264,1116,58,58,0,0,324,1176,0,0,324,1176,California
Humboldt,2020-12-24,25,1199,2,1118,23,81,0,0,25,1201,0,0,25,1201,California
Humboldt,2020-12-25,2,1201,2,1120,0,81,0,0,2,1203,0,0,2,1203,California
Humboldt,2020-12-26,6,1207,5,1125,1,82,0,0,6,1209,0,0,6,1209,California
Humboldt,2020-12-28,207,1414,149,1274,58,140,0,0,207,1416,0,0,207,1416,California
Humboldt,2020-12-29,184,1598,123,1397,61,201,0,0,185,1601,0,0,185,1601,California
Humboldt,2020-12-30,232,1830,127,1524,105,306,0,0,232,1833,0,0,232,1833,California
Humboldt,2020-12-31,246,2076,81,1605,165,471,0,0,246,2079,0,0,246,2079,California
Humboldt,2021-01-01,3,2079,2,1607,1,472,0,0,3,2082,0,0,3,2082,California
Humboldt,2021-01-02,40,2119,2,1609,38,510,0,0,40,2122,0,0,40,2122,California
Humboldt,2021-01-04,219,2338,142,1751,77,587,0,0,220,2342,0,0,220,2342,California
Humboldt,2021-01-05,133,2471,21,1772,112,699,0,0,133,2474,1,1,133,2475,California
Humboldt,2021-01-06,314,2785,214,1986,100,799,0,0,241,2654,61,62,241,2716,California
Humboldt,2021-01-07,435,3220,323,2309,112,911,0,0,318,2872,100,162,318,3034,California
Humboldt,2021-01-08,426,3646,286,2595,140,1051,0,0,287,3026,133,295,287,3321,California
Humboldt,2021-01-09,68,3714,44,2639,24,1075,0,0,65,3089,3,298,66,3387,California
Humboldt,2021-01-10,84,3798,84,2723,0,1075,0,0,4,3013,80,378,4,3391,California
Humboldt,2021-01-11,292,4090,281,3004,11,1086,0,0,71,2867,217,595,71,3462,California
Humboldt,2021-01-12,503,4593,339,3343,164,1250,0,0,286,2958,195,790,286,3748,California
Humboldt,2021-01-13,500,5093,281,3624,219,1469,0,0,321,3104,176,966,322,4070,California
Humboldt,2021-01-14,556,5649,173,3797,383,1852,0,0,500,3549,56,1022,501,4571,California
Humboldt,2021-01-15,371,6020,28,3825,343,2195,0,0,354,3886,17,1039,354,4925,California
Humboldt,2021-01-16,169,6189,6,3831,163,2358,0,0,168,4053,1,1040,168,5093,California
Humboldt,2021-01-17,7,6196,4,3835,3,2361,0,0,7,4060,0,1040,7,5100,California
Humboldt,2021-01-18,305,6501,270,4105,35,2396,0,0,151,4057,154,1194,151,5251,California
Humboldt,2021-01-19,659,7160,400,4505,259,2655,0,0,529,4462,124,1318,529,5780,California
Humboldt,2021-01-20,950,8110,421,4926,529,3184,0,0,786,5094,156,1474,788,6568,California
Humboldt,2021-01-21,974,9084,260,5186,714,3898,0,0,931,5982,43,1517,931,7499,California
Humboldt,2021-01-22,689,9773,381,5567,308,4206,0,0,679,6652,10,1527,680,8179,California
Humboldt,2021-01-23,928,10701,283,5850,645,4851,0,0,919,7563,9,1536,920,9099,California
Humboldt,2021-01-24,229,10930,1,5851,228,5079,0,0,228,7790,1,1537,228,9327,California
Humboldt,2021-01-25,351,11281,234,6085,117,5196,0,0,154,7747,197,1734,154,9481,California
Humboldt,2021-01-26,544,11825,149,6234,395,5591,0,0,480,8163,64,1798,480,9961,California
Humboldt,2021-01-27,1272,13097,584,6818,688,6279,0,0,1200,9300,65,1863,1202,11163,California
Humboldt,2021-01-28,1463,14560,636,7454,827,7106,0,0,1322,10486,138,2001,1324,12487,California
Humboldt,2021-01-29,1164,15724,547,8001,617,7723,0,0,695,10712,469,2470,695,13182,California
Humboldt,2021-01-30,1028,16752,470,8471,558,8281,0,0,983,11651,45,2515,984,14166,California
Humboldt,2021-01-31,317,17069,315,8786,2,8283,0,0,316,11966,1,2516,316,14482,California
Humboldt,2021-02-01,321,17390,177,8963,144,8427,0,0,185,12015,136,2652,185,14667,California
Humboldt,2021-02-02,454,17844,79,9042,375,8802,0,0,349,12264,102,2754,351,15018,California
Humboldt,2021-02-03,676,18520,267,9309,409,9211,0,0,521,12630,155,2909,521,15539,California
Humboldt,2021-02-04,652,19172,260,9569,392,9603,0,0,444,12869,205,3114,444,15983,California
Humboldt,2021-02-05,827,19999,108,9677,719,10322,0,0,625,13293,201,3315,625,16608,California
Humboldt,2021-02-06,1084,21083,471,10148,613,10935,0,0,1035,14281,48,3363,1036,17644,California
Humboldt,2021-02-07,379,21462,8,10156,371,11306,0,0,374,14652,4,3367,375,18019,California
Humboldt,2021-02-08,338,21800,147,10303,191,11497,0,0,180,14675,157,3524,180,18199,California
Humboldt,2021-02-09,504,22304,228,10531,276,11773,0,0,177,14525,327,3851,177,18376,California
Humboldt,2021-02-10,563,22867,370,10901,193,11966,0,0,204,14375,354,4205,204,18580,California
Humboldt,2021-02-11,1321,24188,398,11299,923,12889,0,0,489,14038,828,5033,491,19071,California
Humboldt,2021-02-12,1169,25357,748,12047,421,13310,0,0,712,14293,457,5490,712,19783,California
Humboldt,2021-02-13,1552,26909,601,12648,951,14261,0,0,925,14594,625,6115,926,20709,California
Humboldt,2021-02-14,114,27023,5,12653,109,14370,0,0,110,14701,3,6118,110,20819,California
Humboldt,2021-02-15,294,27317,81,12734,213,14583,0,0,193,14794,100,6218,193,21012,California
Humboldt,2021-02-16,554,27871,124,12858,430,15013,0,0,254,14751,299,6517,256,21268,California
Humboldt,2021-02-17,455,28326,283,13141,172,15185,0,0,133,14563,321,6838,133,21401,California
Humboldt,2021-02-18,1028,29354,603,13744,425,15610,0,0,276,14089,750,7588,276,21677,California
Humboldt,2021-02-19,484,29838,436,14180,48,15658,0,0,92,13793,388,7976,92,21769,California
Humboldt,2021-02-20,1731,31569,1027,15207,704,16362,0,0,481,13030,1247,9223,484,22253,California
Humboldt,2021-02-21,481,32050,473,15680,8,16370,0,0,180,12910,301,9524,181,22434,California
Humboldt,2021-02-22,138,32188,94,15774,44,16414,0,0,29,12832,107,9631,29,22463,California
Humboldt,2021-02-23,182,32370,71,15845,111,16525,0,0,44,12740,136,9767,44,22507,California
Humboldt,2021-02-24,1219,33589,745,16590,474,16999,0,0,588,12699,629,10396,588,23095,California
Humboldt,2021-02-25,838,34427,319,16909,519,17518,0,0,232,12327,604,11000,232,23327,California
Humboldt,2021-02-26,2153,36580,108,17017,2045,19563,0,0,440,11061,1707,12707,441,23768,California
Humboldt,2021-02-27,1713,38293,1092,18109,621,20184,0,0,853,11060,858,13565,857,24625,California
Humboldt,2021-02-28,126,38419,11,18120,115,20299,0,0,118,11171,7,13572,118,24743,California
Humboldt,2021-03-01,262,38681,47,18167,215,20514,0,0,188,11285,74,13646,188,24931,California
Humboldt,2021-03-02,305,38986,51,18218,254,20768,0,0,166,11312,139,13785,166,25097,California
Humboldt,2021-03-03,1673,40659,1106,19324,567,21335,0,0,1223,12093,443,14228,1224,26321,California
Humboldt,2021-03-04,926,41585,114,19438,812,22147,0,0,300,11769,626,14854,302,26623,California
Humboldt,2021-03-05,948,42533,189,19627,748,22895,11,11,389,11613,556,15410,400,27023,California
Humboldt,2021-03-06,1798,44331,936,20563,813,23708,49,60,797,11459,1000,16410,846,27869,California
Humboldt,2021-03-07,369,44700,296,20859,54,23762,19,79,158,11425,211,16621,177,28046,California
Humboldt,2021-03-08,275,44975,6,20865,191,23953,78,157,180,11589,94,16715,258,28304,California
Humboldt,2021-03-09,501,45476,206,21071,147,24100,148,305,245,11727,254,16969,392,28696,California
Humboldt,2021-03-10,693,46169,468,21539,70,24170,155,460,420,12028,272,17241,573,29269,California
Humboldt,2021-03-11,1490,47659,461,22000,929,25099,100,560,658,11958,827,18068,757,30026,California
Humboldt,2021-03-12,1753,49412,1086,23086,445,25544,222,782,1055,12548,690,18758,1280,31306,California
Humboldt,2021-03-13,1585,50997,1037,24123,497,26041,51,833,671,12361,908,19666,721,32027,California
Humboldt,2021-03-14,143,51140,19,24142,116,26157,8,841,29,12284,114,19780,37,32064,California
Humboldt,2021-03-15,279,51419,51,24193,206,26363,22,863,60,12147,219,19999,82,32146,California
Humboldt,2021-03-16,638,52057,201,24394,176,26539,261,1124,262,12293,375,20374,521,32667,California
Humboldt,2021-03-17,732,52789,395,24789,229,26768,108,1232,340,12350,391,20765,448,33115,California
Humboldt,2021-03-18,1740,54529,1165,25954,532,27300,43,1275,1036,12729,700,21465,1079,34194,California
Humboldt,2021-03-19,1077,55606,61,26015,700,28000,316,1591,441,12851,634,22099,756,34950,California
Humboldt,2021-03-20,1384,56990,757,26772,613,28613,14,1605,424,12332,958,23057,439,35389,California
Humboldt,2021-03-21,252,57242,34,26806,189,28802,29,1634,207,12522,45,23102,235,35624,California
Humboldt,2021-03-22,119,57361,15,26821,54,28856,50,1684,62,12579,55,23157,112,35736,California
Humboldt,2021-03-23,413,57774,41,26862,329,29185,43,1727,320,12850,92,23249,363,36099,California
Humboldt,2021-03-24,1414,59188,389,27251,978,30163,47,1774,1038,13566,368,23617,1084,37183,California
Humboldt,2021-03-25,1844,61032,1214,28465,566,30729,64,1838,947,13681,895,24512,1010,38193,California
Humboldt,2021-03-26,2044,63076,440,28905,1546,32275,58,1896,1596,14892,442,24954,1653,39846,California
Humboldt,2021-03-27,2090,65166,1493,30398,423,32698,174,2070,1115,15210,971,25925,1289,41135,California
Humboldt,2021-03-28,268,65434,82,30480,114,32812,72,2142,81,15178,186,26111,154,41289,California
Humboldt,2021-03-29,468,65902,124,30604,248,33060,96,2238,198,15202,269,26380,293,41582,California
Humboldt,2021-03-30,947,66849,303,30907,530,33590,114,2352,561,15495,381,26761,674,42256,California
Humboldt,2021-03-31,1869,68718,522,31429,1249,34839,98,2450,1411,16551,454,27215,1510,43766,California
Humboldt,2021-04-01,2120,70838,710,32139,1317,36156,93,2543,1481,17494,631,27846,1574,45340,California
Humboldt,2021-04-02,1728,72566,1112,33251,510,36666,106,2649,622,17122,1100,28946,728,46068,California
Humboldt,2021-04-03,1670,74236,1509,34760,146,36812,15,2664,672,16821,988,29934,687,46755,California
Humboldt,2021-04-04,485,74721,372,35132,104,36916,9,2673,404,17154,80,30014,413,47168,California
Humboldt,2021-04-05,780,75501,465,35597,267,37183,48,2721,444,17313,333,30347,492,47660,California
Humboldt,2021-04-06,848,76349,319,35916,395,37578,134,2855,590,17783,252,30599,722,48382,California
Humboldt,2021-04-07,1501,77850,1067,36983,292,37870,142,2997,994,18415,504,31103,1136,49518,California
Humboldt,2021-04-08,1760,79610,1097,38080,504,38374,159,3156,744,18304,1014,32117,903,50421,California
Humboldt,2021-04-09,1446,81056,441,38521,850,39224,155,3311,1155,19317,290,32407,1303,51724,California
Humboldt,2021-04-10,942,81998,138,38659,629,39853,175,3486,742,20034,198,32605,915,52639,California
Humboldt,2021-04-11,646,82644,138,38797,36,39889,472,3958,129,20116,517,33122,599,53238,California
Humboldt,2021-04-12,443,83087,230,39027,86,39975,127,4085,282,20365,160,33282,409,53647,California
Humboldt,2021-04-13,592,83679,323,39350,264,40239,5,4090,556,20891,34,33316,560,54207,California
Humboldt,2021-04-14,1450,85129,1047,40397,403,40642,0,4090,1333,22108,116,33432,1333,55540,California
Humboldt,2021-04-15,1834,86963,1203,41600,627,41269,4,4094,1260,22815,555,33987,1262,56802,California
Humboldt,2021-04-16,1141,88104,522,42122,619,41888,0,4094,556,22789,582,34569,556,57358,California
Humboldt,2021-04-17,1860,89964,1537,43659,323,42211,0,4094,1055,23045,799,35368,1055,58413,California
Humboldt,2021-04-18,670,90634,354,44013,315,42526,1,4095,85,22551,579,35947,85,58498,California
Humboldt,2021-04-19,208,90842,86,44099,122,42648,0,4095,92,22529,114,36061,92,58590,California
Humboldt,2021-04-20,508,91350,139,44238,369,43017,0,4095,252,22526,255,36316,252,58842,California
Humboldt,2021-04-21,1126,92476,392,44630,734,43751,0,4095,457,22324,660,36976,458,59300,California
Humboldt,2021-04-22,900,93376,538,45168,361,44112,1,4096,457,22341,440,37416,457,59757,California
Humboldt,2021-04-23,2195,95571,312,45480,1883,45995,0,4096,339,20828,1852,39268,339,60096,California
Humboldt,2021-04-24,1099,96670,884,46364,210,46205,5,4101,366,20469,730,39998,371,60467,California
Humboldt,2021-04-25,376,97046,241,46605,135,46340,0,4101,194,20483,180,40178,194,60661,California
Humboldt,2021-04-26,391,97437,272,46877,115,46455,4,4105,110,20316,279,40457,112,60773,California
Humboldt,2021-04-27,777,98214,278,47155,470,46925,29,4134,155,19880,620,41077,184,60957,California
Humboldt,2021-04-28,1604,99818,843,47998,716,47641,45,4179,417,19158,1184,42261,462,61419,California
Humboldt,2021-04-29,1788,101606,634,48632,1116,48757,38,4217,300,18013,1483,43744,338,61757,California
Humboldt,2021-04-30,1303,102909,436,49068,833,49590,34,4251,205,17159,1091,44835,237,61994,California
Humboldt,2021-05-01,481,103390,385,49453,74,49664,22,4273,299,17299,181,45016,321,62315,California
Humboldt,2021-05-02,232,103622,185,49638,38,49702,9,4282,117,17311,114,45130,126,62441,California
Humboldt,2021-05-03,618,104240,375,50013,219,49921,24,4306,102,16924,514,45644,127,62568,California
Humboldt,2021-05-04,871,105111,522,50535,303,50224,46,4352,262,16625,606,46250,307,62875,California
Humboldt,2021-05-05,1741,106852,1116,51651,567,50791,58,4410,185,15318,1548,47798,241,63116,California
Humboldt,2021-05-06,1695,108547,1075,52726,368,51159,252,4662,141,14160,1551,49349,393,63509,California
Humboldt,2021-05-07,1438,109985,315,53041,1063,52222,60,4722,238,13259,1197,50546,296,63805,California
Humboldt,2021-05-08,743,110728,147,53188,573,52795,23,4745,90,12721,651,51197,113,63918,California
Humboldt,2021-05-09,907,111635,855,54043,42,52837,10,4755,47,11918,860,52057,57,63975,California
Humboldt,2021-05-10,218,111853,37,54080,142,52979,39,4794,82,11903,136,52193,121,64096,California
Humboldt,2021-05-11,535,112388,183,54263,279,53258,73,4867,204,11850,330,52523,277,64373,California
Humboldt,2021-05-12,622,113010,142,54405,434,53692,46,4913,227,11728,394,52917,272,64645,California
Humboldt,2021-05-13,629,113639,302,54707,300,53992,27,4940,290,11708,337,53254,317,64962,California
Humboldt,2021-05-14,712,114351,142,54849,466,54458,104,5044,233,11568,476,53730,336,65298,California
Humboldt,2021-05-15,786,115137,643,55492,134,54592,9,5053,212,11216,573,54303,221,65519,California
Humboldt,2021-05-16,122,115259,54,55546,64,54656,4,5057,68,11234,54,54357,72,65591,California
Humboldt,2021-05-17,410,115669,215,55761,172,54828,23,5080,225,11298,183,54540,247,65838,California
Humboldt,2021-05-18,665,116334,327,56088,309,55137,29,5109,362,11387,302,54842,391,66229,California
Humboldt,2021-05-19,993,117327,549,56637,401,55538,43,5152,344,11127,645,55487,385,66614,California
Humboldt,2021-05-20,828,118155,607,57244,208,55746,13,5165,593,11502,232,55719,607,67221,California
Humboldt,2021-05-21,877,119032,291,57535,525,56271,61,5226,350,11386,527,56246,411,67632,California
Humboldt,2021-05-22,413,119445,319,57854,86,56357,8,5234,146,11275,265,56511,154,67786,California
Humboldt,2021-05-23,393,119838,323,58177,67,56424,3,5237,75,11035,318,56829,78,67864,California
Humboldt,2021-05-24,339,120177,175,58352,135,56559,29,5266,184,11094,154,56983,213,68077,California
Humboldt,2021-05-25,530,120707,338,58690,168,56727,24,5290,288,11167,239,57222,312,68389,California
Humboldt,2021-05-26,648,121355,310,59000,314,57041,24,5314,309,11162,338,57560,333,68722,California
Humboldt,2021-05-27,465,121820,247,59247,181,57222,37,5351,276,11286,189,57749,313,69035,California
Humboldt,2021-05-28,410,122230,193,59440,170,57392,47,5398,169,11262,240,57989,216,69251,California
Humboldt,2021-05-29,172,122402,103,59543,66,57458,3,5401,91,11275,81,58070,94,69345,California
Humboldt,2021-05-30,104,122506,45,59588,54,57512,5,5406,49,11275,54,58124,54,69399,California
Humboldt,2021-05-31,73,122579,27,59615,40,57552,6,5412,49,11306,23,58147,54,69453,California
Humboldt,2021-06-01,459,123038,266,59881,178,57730,15,5427,183,11228,276,58423,198,69651,California
Humboldt,2021-06-02,532,123570,250,60131,228,57958,54,5481,236,11226,290,58713,288,69939,California
Humboldt,2021-06-03,391,123961,226,60357,143,58101,22,5503,85,11055,278,58991,107,70046,California
Humboldt,2021-06-04,507,124468,317,60674,166,58267,24,5527,133,10881,330,59321,156,70202,California
Humboldt,2021-06-05,409,124877,314,60988,50,58317,45,5572,206,10984,148,59469,251,70453,California
Humboldt,2021-06-06,170,125047,118,61106,43,58360,9,5581,69,10966,96,59565,78,70531,California
Humboldt,2021-06-07,359,125406,216,61322,119,58479,24,5605,111,10854,247,59812,135,70666,California
Humboldt,2021-06-08,522,125928,303,61625,190,58669,29,5634,152,10666,368,60180,180,70846,California
Humboldt,2021-06-09,397,126325,203,61828,147,58816,47,5681,123,10564,272,60452,170,71016,California
Humboldt,2021-06-10,563,126888,445,62273,91,58907,27,5708,93,10216,466,60918,118,71134,California
Humboldt,2021-06-11,438,127326,246,62519,164,59071,28,5736,100,10007,337,61255,128,71262,California
Humboldt,2021-06-12,178,127504,131,62650,47,59118,0,5736,49,9928,128,61383,49,71311,California
Humboldt,2021-06-13,214,127718,146,62796,43,59161,25,5761,92,9924,120,61503,116,71427,California
Humboldt,2021-06-14,419,128137,254,63050,138,59299,27,5788,115,9763,303,61806,142,71569,California
Humboldt,2021-06-15,545,128682,370,63420,147,59446,28,5816,154,9559,385,62191,181,71750,California
Humboldt,2021-06-16,483,129165,322,63742,114,59560,47,5863,140,9412,334,62525,187,71937,California
Humboldt,2021-06-17,396,129561,259,64001,91,59651,46,5909,98,9258,298,62823,144,72081,California
Humboldt,2021-06-18,400,129961,229,64230,142,59793,29,5938,129,9150,265,63088,157,72238,California
Humboldt,2021-06-19,202,130163,136,64366,45,59838,21,5959,87,9143,114,63202,107,72345,California
Humboldt,2021-06-20,80,130243,36,64402,30,59868,14,5973,33,9145,45,63247,47,72392,California
Humboldt,2021-06-21,153,130396,72,64474,54,59922,27,6000,53,9125,100,63347,80,72472,California
Humboldt,2021-06-22,347,130743,219,64693,109,60031,19,6019,144,9086,202,63549,163,72635,California
Humboldt,2021-06-23,351,131094,248,64941,74,60105,29,6048,106,8981,238,63787,133,72768,California
Humboldt,2021-06-24,204,131298,106,65047,49,60154,49,6097,88,9004,112,63899,135,72903,California
Humboldt,2021-06-25,253,131551,144,65191,94,60248,15,6112,104,8976,147,64046,119,73022,California
Humboldt,2021-06-26,249,131800,190,65381,36,60284,23,6135,64,8878,185,64231,87,73109,California
Humboldt,2021-06-27,73,131873,50,65431,21,60305,2,6137,26,8859,47,64278,28,73137,California
Humboldt,2021-06-28,119,131992,67,65498,25,60330,27,6164,47,8861,72,64350,74,73211,California
Imperial,2020-12-16,1,1,1,1,0,0,0,0,1,1,0,0,1,1,California
Imperial,2020-12-17,4,5,4,5,0,0,0,0,4,5,0,0,4,5,California
Imperial,2020-12-18,12,17,12,17,0,0,0,0,12,17,0,0,12,17,California
Imperial,2020-12-20,3,20,3,20,0,0,0,0,3,20,0,0,3,20,California
Imperial,2020-12-21,185,205,185,205,0,0,0,0,185,205,0,0,185,205,California
Imperial,2020-12-22,240,445,238,443,2,2,0,0,240,445,0,0,240,445,California
Imperial,2020-12-23,212,657,211,654,1,3,0,0,211,656,0,0,211,656,California
Imperial,2020-12-24,7,664,7,661,0,3,0,0,7,663,0,0,7,663,California
Imperial,2020-12-26,3,667,1,662,2,5,0,0,3,666,0,0,3,666,California
Imperial,2020-12-27,62,729,0,662,62,67,0,0,62,728,0,0,62,728,California
Imperial,2020-12-28,216,945,115,777,101,168,0,0,216,944,0,0,216,944,California
Imperial,2020-12-29,190,1135,37,814,153,321,0,0,190,1134,0,0,190,1134,California
Imperial,2020-12-30,367,1502,51,865,316,637,0,0,367,1501,0,0,367,1501,California
Imperial,2020-12-31,199,1701,28,893,171,808,0,0,199,1700,0,0,199,1700,California
Imperial,2021-01-01,47,1748,5,898,42,850,0,0,47,1747,0,0,47,1747,California
Imperial,2021-01-02,5,1753,0,898,5,855,0,0,5,1752,0,0,5,1752,California
Imperial,2021-01-03,90,1843,0,898,90,945,0,0,90,1842,0,0,90,1842,California
Imperial,2021-01-04,87,1930,7,905,80,1025,0,0,87,1929,0,0,87,1929,California
Imperial,2021-01-05,173,2103,14,919,159,1184,0,0,173,2102,0,0,173,2102,California
Imperial,2021-01-06,192,2295,26,945,166,1350,0,0,191,2292,1,1,191,2293,California
Imperial,2021-01-07,330,2625,12,957,318,1668,0,0,325,2612,5,6,325,2618,California
Imperial,2021-01-08,194,2819,51,1008,143,1811,0,0,185,2788,9,15,185,2803,California
Imperial,2021-01-09,24,2843,21,1029,3,1814,0,0,24,2812,0,15,24,2827,California
Imperial,2021-01-10,4,2847,1,1030,3,1817,0,0,3,2814,1,16,3,2830,California
Imperial,2021-01-11,403,3250,243,1273,160,1977,0,0,176,2763,227,243,176,3006,California
Imperial,2021-01-12,575,3825,467,1740,108,2085,0,0,313,2815,261,504,313,3319,California
Imperial,2021-01-13,386,4211,135,1875,251,2336,0,0,284,2997,102,606,284,3603,California
Imperial,2021-01-14,307,4518,190,2065,117,2453,0,0,301,3293,5,611,301,3904,California
Imperial,2021-01-15,247,4765,182,2247,65,2518,0,0,239,3524,8,619,239,4143,California
Imperial,2021-01-16,94,4859,74,2321,20,2538,0,0,93,3616,1,620,93,4236,California
Imperial,2021-01-17,18,4877,5,2326,13,2551,0,0,17,3632,1,621,17,4253,California
Imperial,2021-01-18,1073,5950,401,2727,672,3223,0,0,975,4510,98,719,976,5229,California
Imperial,2021-01-19,171,6121,128,2855,43,3266,0,0,124,4587,47,766,124,5353,California
Imperial,2021-01-20,300,6421,198,3053,102,3368,0,0,261,4809,39,805,261,5614,California
Imperial,2021-01-21,436,6857,185,3238,251,3619,0,0,414,5201,22,827,414,6028,California
Imperial,2021-01-22,476,7333,188,3426,288,3907,0,0,467,5659,9,836,467,6495,California
Imperial,2021-01-23,1064,8397,292,3718,772,4679,0,0,1062,6719,2,838,1062,7557,California
Imperial,2021-01-24,24,8421,2,3720,22,4701,0,0,24,6743,0,838,24,7581,California
Imperial,2021-01-25,224,8645,10,3730,214,4915,0,0,41,6603,181,1019,41,7622,California
Imperial,2021-01-26,376,9021,181,3911,195,5110,0,0,232,6693,143,1162,233,7855,California
Imperial,2021-01-27,589,9610,163,4074,426,5536,0,0,255,6614,334,1496,255,8110,California
Imperial,2021-01-28,654,10264,165,4239,489,6025,0,0,544,7048,110,1606,544,8654,California
Imperial,2021-01-29,446,10710,298,4537,148,6173,0,0,396,7394,50,1656,396,9050,California
Imperial,2021-01-30,83,10793,40,4577,43,6216,0,0,66,7443,17,1673,66,9116,California
Imperial,2021-01-31,27,10820,4,4581,23,6239,0,0,26,7468,1,1674,26,9142,California
Imperial,2021-02-01,464,11284,67,4648,397,6636,0,0,251,7508,211,1885,251,9393,California
Imperial,2021-02-02,763,12047,82,4730,681,7317,0,0,580,7905,183,2068,580,9973,California
Imperial,2021-02-03,621,12668,180,4910,441,7758,0,0,358,8002,261,2329,358,10331,California
Imperial,2021-02-04,1936,14604,1378,6288,558,8316,0,0,1496,9059,439,2768,1496,11827,California
Imperial,2021-02-05,455,15059,254,6542,201,8517,0,0,218,9041,238,3006,220,12047,California
Imperial,2021-02-06,890,15949,849,7391,41,8558,0,0,854,9857,38,3044,854,12901,California
Imperial,2021-02-07,49,15998,17,7408,32,8590,0,0,45,9898,4,3048,45,12946,California
Imperial,2021-02-08,274,16272,45,7453,229,8819,0,0,206,10036,68,3116,206,13152,California
Imperial,2021-02-09,488,16760,152,7605,336,9155,0,0,321,10193,167,3283,324,13476,California
Imperial,2021-02-10,479,17239,59,7664,420,9575,0,0,111,9939,368,3651,114,13590,California
Imperial,2021-02-11,1083,18322,387,8051,696,10271,0,0,180,9224,898,4549,183,13773,California
Imperial,2021-02-12,2180,20502,1437,9488,743,11014,0,0,1824,10695,359,4908,1830,15603,California
Imperial,2021-02-13,110,20612,57,9545,53,11067,0,0,92,10768,21,4929,94,15697,California
Imperial,2021-02-14,49,20661,34,9579,15,11082,0,0,46,10811,3,4932,46,15743,California
Imperial,2021-02-15,145,20806,37,9616,108,11190,0,0,127,10923,18,4950,130,15873,California
Imperial,2021-02-16,520,21326,264,9880,256,11446,0,0,302,11011,218,5168,306,16179,California
Imperial,2021-02-17,460,21786,303,10183,157,11603,0,0,104,10764,356,5524,109,16288,California
Imperial,2021-02-18,678,22464,328,10511,350,11953,0,0,156,10409,521,6045,166,16454,California
Imperial,2021-02-19,794,23258,402,10913,392,12345,0,0,208,10036,583,6628,210,16664,California
Imperial,2021-02-20,1062,24320,208,11121,854,13199,0,0,337,9660,723,7351,347,17011,California
Imperial,2021-02-21,601,24921,569,11690,32,13231,0,0,592,10247,8,7359,595,17606,California
Imperial,2021-02-22,827,25748,584,12274,243,13474,0,0,768,10961,59,7418,773,18379,California
Imperial,2021-02-23,1119,26867,525,12799,594,14068,0,0,949,11754,169,7587,962,19341,California
Imperial,2021-02-24,788,27655,351,13150,437,14505,0,0,667,12316,119,7706,681,20022,California
Imperial,2021-02-25,954,28609,421,13571,533,15038,0,0,537,12459,417,8123,560,20582,California
Imperial,2021-02-26,2369,30978,1409,14980,960,15998,0,0,1856,13825,512,8635,1878,22460,California
Imperial,2021-02-27,1010,31988,922,15902,88,16086,0,0,250,13334,761,9396,270,22730,California
Imperial,2021-02-28,110,32098,91,15993,19,16105,0,0,88,13411,22,9418,99,22829,California
Imperial,2021-03-01,585,32683,358,16351,224,16329,3,3,499,13841,83,9501,513,23342,California
Imperial,2021-03-02,777,33460,300,16651,476,16805,1,4,439,13958,336,9837,453,23795,California
Imperial,2021-03-03,1002,34462,96,16747,905,17710,1,5,607,14203,391,10228,636,24431,California
Imperial,2021-03-04,839,35301,151,16898,687,18397,1,6,548,14512,289,10517,598,25029,California
Imperial,2021-03-05,3167,38468,2268,19166,899,19296,0,6,1783,14939,1388,11905,1815,26844,California
Imperial,2021-03-06,819,39287,330,19496,489,19785,0,6,723,15594,93,11998,748,27592,California
Imperial,2021-03-07,157,39444,102,19598,55,19840,0,6,104,15671,52,12050,129,27721,California
Imperial,2021-03-08,498,39942,386,19984,77,19917,35,41,406,16054,92,12142,475,28196,California
Imperial,2021-03-09,743,40685,352,20336,143,20060,248,289,445,16451,298,12440,695,28891,California
Imperial,2021-03-10,750,41435,361,20697,284,20344,105,394,364,16549,385,12825,483,29374,California
Imperial,2021-03-11,1866,43301,527,21224,1148,21492,191,585,1238,17378,624,13449,1453,30827,California
Imperial,2021-03-12,4914,48215,3494,24718,1211,22703,209,794,3156,19013,1752,15201,3387,34214,California
Imperial,2021-03-13,1235,49450,117,24835,884,23587,234,1028,893,19826,339,15540,1152,35366,California
Imperial,2021-03-14,214,49664,59,24894,141,23728,14,1042,156,19954,58,15598,186,35552,California
Imperial,2021-03-15,743,50407,267,25161,218,23946,258,1300,416,20323,324,15922,693,36245,California
Imperial,2021-03-16,1219,51626,371,25532,379,24325,469,1769,606,20818,610,16532,1105,37350,California
Imperial,2021-03-17,1671,53297,740,26272,792,25117,139,1908,1063,21428,601,17133,1211,38561,California
Imperial,2021-03-18,1875,55172,1251,27523,564,25681,60,1968,1310,22243,561,17694,1376,39937,California
Imperial,2021-03-19,3862,59034,2828,30351,1031,26712,3,1971,1958,22312,1896,19590,1965,41902,California
Imperial,2021-03-20,1815,60849,583,30934,1225,27937,7,1978,1352,23221,456,20046,1365,43267,California
Imperial,2021-03-21,292,61141,104,31038,183,28120,5,1983,167,23276,125,20171,180,43447,California
Imperial,2021-03-22,1112,62253,400,31438,705,28825,7,1990,654,23493,456,20627,673,44120,California
Imperial,2021-03-23,1543,63796,555,31993,982,29807,6,1996,967,23899,572,21199,978,45098,California
Imperial,2021-03-24,2211,66007,637,32630,1148,30955,426,2422,1190,24501,1017,22216,1619,46717,California
Imperial,2021-03-25,3307,69314,798,33428,889,31844,1620,4042,1247,25306,2054,24270,2859,49576,California
Imperial,2021-03-26,3266,72580,1251,34679,1037,32881,978,5020,944,24923,2310,26580,1927,51503,California
Imperial,2021-03-27,675,73255,327,35006,291,33172,57,5077,451,25213,220,26800,510,52013,California
Imperial,2021-03-28,242,73497,79,35085,161,33333,2,5079,182,25340,58,26858,185,52198,California
Imperial,2021-03-29,1521,75018,392,35477,404,33737,725,5804,328,25205,1190,28048,1055,53253,California
Imperial,2021-03-30,2137,77155,724,36201,597,34334,816,6620,690,25263,1445,29493,1503,54756,California
Imperial,2021-03-31,1585,78740,767,36968,812,35146,6,6626,1026,25738,556,30049,1031,55787,California
Imperial,2021-04-01,2111,80851,467,37435,1399,36545,245,6871,887,25653,1217,31266,1132,56919,California
Imperial,2021-04-02,2105,82956,516,37951,1512,38057,77,6948,1389,26412,708,31974,1467,58386,California
Imperial,2021-04-03,1555,84511,458,38409,1017,39074,80,7028,712,26366,840,32814,794,59180,California
Imperial,2021-04-04,111,84622,67,38476,27,39101,17,7045,33,26339,78,32892,51,59231,California
Imperial,2021-04-05,3441,88063,2351,40827,925,40026,165,7210,813,24706,2618,35510,985,60216,California
Imperial,2021-04-06,1361,89424,571,41398,600,40626,190,7400,694,24931,662,36172,887,61103,California
Imperial,2021-04-07,2220,91644,609,42007,1235,41861,376,7776,1575,26231,649,36821,1949,63052,California
Imperial,2021-04-08,2262,93906,1121,43128,843,42704,298,8074,1081,26432,1176,37997,1377,64429,California
Imperial,2021-04-09,3256,97162,1698,44826,938,43642,620,8694,1520,26841,1728,39725,2137,66566,California
Imperial,2021-04-10,1348,98510,225,45051,849,44491,274,8968,243,26255,1102,40827,516,67082,California
Imperial,2021-04-11,251,98761,62,45113,157,44648,32,9000,85,26209,166,40993,120,67202,California
Imperial,2021-04-12,1485,100246,807,45920,457,45105,221,9221,829,26611,649,41642,1051,68253,California
Imperial,2021-04-13,2959,103205,1918,47838,1039,46144,2,9223,2031,27724,923,42565,2036,70289,California
Imperial,2021-04-14,2075,105280,982,48820,1093,47237,0,9223,1396,28452,673,43238,1401,71690,California
Imperial,2021-04-15,2043,107323,958,49778,1085,48322,0,9223,1369,29158,669,43907,1375,73065,California
Imperial,2021-04-16,3478,110801,1822,51600,1656,49978,0,9223,2153,30003,1311,45218,2156,75221,California
Imperial,2021-04-17,1845,112646,956,52556,887,50865,2,9225,1420,31006,420,45638,1423,76644,California
Imperial,2021-04-18,273,112919,85,52641,188,51053,0,9225,91,30920,180,45818,94,76738,California
Imperial,2021-04-19,852,113771,271,52912,581,51634,0,9225,423,30922,426,46244,428,77166,California
Imperial,2021-04-20,1347,115118,551,53463,796,52430,0,9225,737,31053,609,46853,740,77906,California
Imperial,2021-04-21,1435,116553,377,53840,1057,53487,1,9226,805,31235,623,47476,805,78711,California
Imperial,2021-04-22,2384,118937,828,54668,1556,55043,0,9226,1627,32123,741,48217,1629,80340,California
Imperial,2021-04-23,2832,121769,551,55219,2281,57324,0,9226,1072,31471,1728,49945,1076,81416,California
Imperial,2021-04-24,550,122319,324,55543,226,57550,0,9226,193,31310,354,50299,193,81609,California
Imperial,2021-04-25,272,122591,102,55645,170,57720,0,9226,131,31302,139,50438,131,81740,California
Imperial,2021-04-26,1235,123826,483,56128,748,58468,4,9230,709,31495,520,50958,713,82453,California
Imperial,2021-04-27,1124,124950,371,56499,744,59212,9,9239,553,31493,565,51523,563,83016,California
Imperial,2021-04-28,1502,126452,650,57149,823,60035,29,9268,678,31382,818,52341,707,83723,California
Imperial,2021-04-29,1844,128296,866,58015,932,60967,46,9314,811,31220,1021,53362,859,84582,California
Imperial,2021-04-30,3288,131584,1689,59704,1565,62532,34,9348,1578,31135,1697,55059,1612,86194,California
Imperial,2021-05-01,327,131911,126,59830,198,62730,3,9351,154,31122,172,55231,159,86353,California
Imperial,2021-05-02,88,131999,29,59859,57,62787,2,9353,42,31121,46,55277,45,86398,California
Imperial,2021-05-03,1646,133645,545,60404,1052,63839,49,9402,368,30272,1265,56542,416,86814,California
Imperial,2021-05-04,1766,135411,965,61369,774,64613,27,9429,540,29621,1218,57760,567,87381,California
Imperial,2021-05-05,1518,136929,905,62274,593,65206,20,9449,444,29024,1062,58822,465,87846,California
Imperial,2021-05-06,1718,138647,1139,63413,537,65743,42,9491,537,28430,1175,59997,581,88427,California
Imperial,2021-05-07,2591,141238,1449,64862,1097,66840,45,9536,858,27623,1713,61710,906,89333,California
Imperial,2021-05-08,801,142039,649,65511,143,66983,9,9545,196,27230,598,62308,205,89538,California
Imperial,2021-05-09,102,142141,70,65581,31,67014,1,9546,29,27190,70,62378,30,89568,California
Imperial,2021-05-10,1180,143321,302,65883,754,67768,124,9670,359,26858,813,63191,481,90049,California
Imperial,2021-05-11,1477,144798,475,66358,983,68751,19,9689,495,26403,974,64165,519,90568,California
Imperial,2021-05-12,876,145674,280,66638,557,69308,39,9728,317,26205,554,64719,356,90924,California
Imperial,2021-05-13,1869,147543,1252,67890,545,69853,72,9800,823,26063,1035,65754,893,91817,California
Imperial,2021-05-14,1764,149307,973,68863,732,70585,59,9859,1162,26694,590,66344,1221,93038,California
Imperial,2021-05-15,1234,150541,479,69342,733,71318,22,9881,471,26431,757,67101,494,93532,California
Imperial,2021-05-16,127,150668,86,69428,37,71355,4,9885,53,26415,73,67174,57,93589,California
Imperial,2021-05-17,1979,152647,723,70151,1205,72560,51,9936,690,25874,1282,68456,741,94330,California
Imperial,2021-05-18,1715,154362,893,71044,748,73308,74,10010,941,26122,768,69224,1016,95346,California
Imperial,2021-05-19,1304,155666,622,71666,613,73921,69,10079,610,26115,685,69909,678,96024,California
Imperial,2021-05-20,1661,157327,1012,72678,583,74504,66,10145,743,26017,907,70816,809,96833,California
Imperial,2021-05-21,1922,159249,1235,73913,624,75128,63,10208,970,26110,940,71756,1033,97866,California
Imperial,2021-05-22,296,159545,192,74105,86,75214,18,10226,152,26142,138,71894,170,98036,California
Imperial,2021-05-23,94,159639,34,74139,51,75265,9,10235,33,26125,59,71953,42,98078,California
Imperial,2021-05-24,1278,160917,626,74765,594,75859,58,10293,530,25971,741,72694,587,98665,California
Imperial,2021-05-25,1481,162398,481,75246,966,76825,34,10327,541,25618,929,73623,576,99241,California
Imperial,2021-05-26,1055,163453,551,75797,454,77279,50,10377,464,25543,588,74211,513,99754,California
Imperial,2021-05-27,1324,164777,731,76528,523,77802,70,10447,652,25598,667,74878,722,100476,California
Imperial,2021-05-28,1026,165803,593,77121,361,78163,72,10519,376,25407,640,75518,449,100925,California
Imperial,2021-05-29,223,166026,123,77244,94,78257,6,10525,112,25414,111,75629,118,101043,California
Imperial,2021-05-30,98,166124,29,77273,67,78324,2,10527,67,25452,31,75660,69,101112,California
Imperial,2021-05-31,79,166203,20,77293,53,78377,6,10533,36,25451,43,75703,42,101154,California
Imperial,2021-06-01,1182,167385,549,77842,568,78945,65,10598,468,25277,707,76410,533,101687,California
Imperial,2021-06-02,1085,168470,597,78439,397,79342,91,10689,548,25386,528,76938,637,102324,California
Imperial,2021-06-03,1247,169717,736,79175,416,79758,95,10784,590,25421,650,77588,685,103009,California
Imperial,2021-06-04,2350,172067,1710,80885,538,80296,102,10886,983,25150,1355,78943,1084,104093,California
Imperial,2021-06-05,364,172431,232,81117,117,80413,15,10901,172,25149,188,79131,187,104280,California
Imperial,2021-06-06,79,172510,46,81163,21,80434,12,10913,44,25170,35,79166,56,104336,California
Imperial,2021-06-07,1004,173514,655,81818,284,80718,65,10978,482,25198,519,79685,547,104883,California
Imperial,2021-06-08,1339,174853,1017,82835,266,80984,56,11034,541,25001,794,80479,597,105480,California
Imperial,2021-06-09,1058,175911,770,83605,231,81215,57,11091,486,24979,565,81044,543,106023,California
Imperial,2021-06-10,1126,177037,772,84377,310,81525,44,11135,439,24778,683,81727,482,106505,California
Imperial,2021-06-11,1619,178656,1181,85558,395,81920,43,11178,706,24628,899,82626,749,107254,California
Imperial,2021-06-12,238,178894,124,85682,103,82023,11,11189,98,24598,139,82765,109,107363,California
Imperial,2021-06-13,83,178977,21,85703,60,82083,2,11191,52,24623,30,82795,55,107418,California
Imperial,2021-06-14,864,179841,610,86313,212,82295,42,11233,371,24547,489,83284,413,107831,California
Imperial,2021-06-15,998,180839,734,87047,235,82530,29,11262,445,24475,547,83831,475,108306,California
Imperial,2021-06-16,909,181748,616,87663,248,82778,45,11307,447,24510,458,84289,493,108799,California
Imperial,2021-06-17,1017,182765,750,88413,226,83004,41,11348,452,24441,560,84849,491,109290,California
Imperial,2021-06-18,1053,183818,753,89166,246,83250,54,11402,654,24759,389,85238,707,109997,California
Imperial,2021-06-19,270,184088,187,89353,78,83328,5,11407,144,24783,125,85363,149,110146,California
Imperial,2021-06-20,63,184151,30,89383,29,83357,4,11411,24,24772,39,85402,28,110174,California
Imperial,2021-06-21,652,184803,388,89771,226,83583,38,11449,394,24954,252,85654,434,110608,California
Imperial,2021-06-22,1071,185874,759,90530,269,83852,43,11492,591,25117,472,86126,635,111243,California
Imperial,2021-06-23,1009,186883,702,91232,255,84107,52,11544,543,25254,457,86583,594,111837,California
Imperial,2021-06-24,937,187820,659,91891,236,84343,42,11586,489,25342,443,87026,531,112368,California
Imperial,2021-06-25,1323,189143,1007,92898,261,84604,55,11641,574,25236,735,87761,629,112997,California
Imperial,2021-06-26,184,189327,120,93018,60,84664,4,11645,69,25195,114,87875,73,113070,California
Imperial,2021-06-27,123,189450,60,93078,58,84722,5,11650,51,25178,72,87947,55,113125,California
Imperial,2021-06-28,458,189908,342,93420,103,84825,13,11663,238,25211,217,88164,250,113375,California
Inyo,2020-12-19,85,85,85,85,0,0,0,0,85,85,0,0,85,85,California
Inyo,2020-12-20,58,143,58,143,0,0,0,0,58,143,0,0,58,143,California
Inyo,2020-12-21,88,231,85,228,3,3,0,0,88,231,0,0,88,231,California
Inyo,2020-12-22,105,336,105,333,0,3,0,0,105,336,0,0,105,336,California
Inyo,2020-12-23,70,406,67,400,3,6,0,0,70,406,0,0,70,406,California
Inyo,2020-12-24,15,421,15,415,0,6,0,0,15,421,0,0,15,421,California
Inyo,2020-12-25,1,422,0,415,1,7,0,0,1,422,0,0,1,422,California
Inyo,2020-12-26,74,496,74,489,0,7,0,0,74,496,0,0,74,496,California
Inyo,2020-12-28,49,545,37,526,12,19,0,0,49,545,0,0,49,545,California
Inyo,2020-12-29,19,564,19,545,0,19,0,0,19,564,0,0,19,564,California
Inyo,2020-12-30,56,620,54,599,2,21,0,0,56,620,0,0,56,620,California
Inyo,2020-12-31,29,649,0,599,29,50,0,0,29,649,0,0,29,649,California
Inyo,2021-01-01,1,650,0,599,1,51,0,0,1,650,0,0,1,650,California
Inyo,2021-01-03,1,651,0,599,1,52,0,0,1,651,0,0,1,651,California
Inyo,2021-01-04,4,655,1,600,3,55,0,0,4,655,0,0,4,655,California
Inyo,2021-01-05,34,689,0,600,34,89,0,0,34,689,0,0,34,689,California
Inyo,2021-01-06,68,757,0,600,68,157,0,0,68,757,0,0,68,757,California
Inyo,2021-01-07,31,788,1,601,30,187,0,0,31,788,0,0,31,788,California
Inyo,2021-01-08,9,797,8,609,1,188,0,0,4,788,5,5,5,793,California
Inyo,2021-01-09,87,884,86,695,1,189,0,0,1,703,86,91,1,794,California
Inyo,2021-01-10,52,936,52,747,0,189,0,0,0,651,52,143,0,794,California
Inyo,2021-01-11,97,1033,82,829,15,204,0,0,16,586,81,224,16,810,California
Inyo,2021-01-12,138,1171,117,946,21,225,0,0,28,504,110,334,28,838,California
Inyo,2021-01-13,86,1257,68,1014,18,243,0,0,21,461,65,399,22,860,California
Inyo,2021-01-14,59,1316,13,1027,46,289,0,0,49,500,10,409,49,909,California
Inyo,2021-01-15,163,1479,28,1055,135,424,0,0,163,663,0,409,163,1072,California
Inyo,2021-01-16,74,1553,73,1128,1,425,0,0,1,591,73,482,1,1073,California
Inyo,2021-01-18,59,1612,37,1165,22,447,0,0,19,570,40,522,19,1092,California
Inyo,2021-01-19,115,1727,73,1238,42,489,0,0,98,651,17,539,98,1190,California
Inyo,2021-01-20,149,1876,72,1310,77,566,0,0,94,690,55,594,94,1284,California
Inyo,2021-01-21,120,1996,57,1367,63,629,0,0,119,808,1,595,119,1403,California
Inyo,2021-01-22,62,2058,0,1367,62,691,0,0,61,868,1,596,61,1464,California
Inyo,2021-01-23,53,2111,52,1419,1,692,0,0,53,921,0,596,53,1517,California
Inyo,2021-01-25,49,2160,6,1425,43,735,0,0,37,946,12,608,37,1554,California
Inyo,2021-01-26,135,2295,54,1479,81,816,0,0,129,1069,6,614,129,1683,California
Inyo,2021-01-27,24,2319,2,1481,22,838,0,0,23,1091,1,615,23,1706,California
Inyo,2021-01-28,92,2411,2,1483,90,928,0,0,63,1125,29,644,63,1769,California
Inyo,2021-01-29,25,2436,3,1486,22,950,0,0,23,1146,2,646,23,1792,California
Inyo,2021-01-30,11,2447,1,1487,10,960,0,0,11,1157,0,646,11,1803,California
Inyo,2021-01-31,32,2479,4,1491,28,988,0,0,4,1133,28,674,4,1807,California
Inyo,2021-02-01,11,2490,9,1500,2,990,0,0,1,1124,10,684,1,1808,California
Inyo,2021-02-02,130,2620,14,1514,116,1106,0,0,104,1202,26,710,104,1912,California
Inyo,2021-02-03,118,2738,0,1514,118,1224,0,0,74,1232,44,754,74,1986,California
Inyo,2021-02-04,151,2889,33,1547,118,1342,0,0,91,1264,60,814,92,2078,California
Inyo,2021-02-05,118,3007,62,1609,56,1398,0,0,116,1378,2,816,116,2194,California
Inyo,2021-02-06,4,3011,2,1611,2,1400,0,0,3,1380,1,817,3,2197,California
Inyo,2021-02-07,4,3015,2,1613,2,1402,0,0,4,1384,0,817,4,2201,California
Inyo,2021-02-08,117,3132,7,1620,110,1512,0,0,97,1461,20,837,97,2298,California
Inyo,2021-02-09,201,3333,52,1672,149,1661,0,0,128,1516,73,910,128,2426,California
Inyo,2021-02-10,141,3474,17,1689,124,1785,0,0,107,1589,34,944,107,2533,California
Inyo,2021-02-11,222,3696,57,1746,165,1950,0,0,126,1619,96,1040,126,2659,California
Inyo,2021-02-12,302,3998,52,1798,250,2200,0,0,168,1653,134,1174,168,2827,California
Inyo,2021-02-13,59,4057,54,1852,5,2205,0,0,7,1608,52,1226,7,2834,California
Inyo,2021-02-14,2,4059,0,1852,2,2207,0,0,2,1610,0,1226,2,2836,California
Inyo,2021-02-15,29,4088,9,1861,20,2227,0,0,5,1591,24,1250,5,2841,California
Inyo,2021-02-16,181,4269,52,1913,129,2356,0,0,92,1595,88,1338,92,2933,California
Inyo,2021-02-17,38,4307,4,1917,34,2390,0,0,8,1573,30,1368,8,2941,California
Inyo,2021-02-18,122,4429,6,1923,116,2506,0,0,79,1609,43,1411,79,3020,California
Inyo,2021-02-19,52,4481,4,1927,48,2554,0,0,9,1575,43,1454,9,3029,California
Inyo,2021-02-20,514,4995,509,2436,5,2559,0,0,511,2083,3,1457,511,3540,California
Inyo,2021-02-21,443,5438,443,2879,0,2559,0,0,443,2526,0,1457,443,3983,California
Inyo,2021-02-22,61,5499,19,2898,42,2601,0,0,27,2519,34,1491,27,4010,California
Inyo,2021-02-23,198,5697,19,2917,179,2780,0,0,94,2510,103,1594,94,4104,California
Inyo,2021-02-24,118,5815,0,2917,118,2898,0,0,57,2506,61,1655,57,4161,California
Inyo,2021-02-25,132,5947,5,2922,127,3025,0,0,62,2498,70,1725,62,4223,California
Inyo,2021-02-26,105,6052,61,2983,44,3069,0,0,20,2433,85,1810,20,4243,California
Inyo,2021-02-27,14,6066,3,2986,11,3080,0,0,2,2423,12,1822,2,4245,California
Inyo,2021-02-28,3,6069,1,2987,2,3082,0,0,2,2424,1,1823,2,4247,California
Inyo,2021-03-01,19,6088,2,2989,17,3099,0,0,17,2439,2,1825,17,4264,California
Inyo,2021-03-02,197,6285,1,2990,196,3295,0,0,112,2466,85,1910,112,4376,California
Inyo,2021-03-03,86,6371,3,2993,83,3378,0,0,42,2464,44,1954,42,4418,California
Inyo,2021-03-04,127,6498,3,2996,124,3502,0,0,45,2428,81,2035,45,4463,California
Inyo,2021-03-05,145,6643,57,3053,88,3590,0,0,41,2365,104,2139,41,4504,California
Inyo,2021-03-06,30,6673,1,3054,29,3619,0,0,29,2393,1,2140,29,4533,California
Inyo,2021-03-07,7,6680,4,3058,3,3622,0,0,5,2396,2,2142,5,4538,California
Inyo,2021-03-08,184,6864,5,3063,179,3801,0,0,91,2394,93,2235,91,4629,California
Inyo,2021-03-09,191,7055,3,3066,188,3989,0,0,74,2351,117,2352,74,4703,California
Inyo,2021-03-10,71,7126,8,3074,62,4051,1,1,30,2341,41,2393,31,4734,California
Inyo,2021-03-11,205,7331,1,3075,199,4250,5,6,74,2289,131,2524,79,4813,California
Inyo,2021-03-12,176,7507,4,3079,166,4416,6,12,77,2273,99,2623,83,4896,California
Inyo,2021-03-13,585,8092,550,3629,25,4441,10,22,70,1839,514,3137,80,4976,California
Inyo,2021-03-14,441,8533,440,4069,1,4442,0,22,3,1406,437,3574,4,4980,California
Inyo,2021-03-15,51,8584,15,4084,34,4476,2,24,30,1417,21,3595,32,5012,California
Inyo,2021-03-16,164,8748,4,4088,154,4630,6,30,64,1388,99,3694,70,5082,California
Inyo,2021-03-17,108,8856,3,4091,98,4728,7,37,92,1471,16,3710,99,5181,California
Inyo,2021-03-18,185,9041,16,4107,162,4890,7,44,104,1501,81,3791,111,5292,California
Inyo,2021-03-19,46,9087,4,4111,38,4928,4,48,36,1531,10,3801,40,5332,California
Inyo,2021-03-20,20,9107,1,4112,10,4938,9,57,1,1522,19,3820,10,5342,California
Inyo,2021-03-22,59,9166,3,4115,51,4989,5,62,39,1546,20,3840,44,5386,California
Inyo,2021-03-23,195,9361,4,4119,187,5176,4,66,105,1565,90,3930,109,5495,California
Inyo,2021-03-24,141,9502,3,4122,133,5309,5,71,86,1601,55,3985,91,5586,California
Inyo,2021-03-25,331,9833,110,4232,218,5527,3,74,265,1803,66,4051,268,5854,California
Inyo,2021-03-26,92,9925,3,4235,85,5612,4,78,71,1857,21,4072,75,5929,California
Inyo,2021-03-27,54,9979,46,4281,5,5617,3,81,48,1902,6,4078,51,5980,California
Inyo,2021-03-28,4,9983,1,4282,2,5619,1,82,1,1901,3,4081,2,5982,California
Inyo,2021-03-29,109,10092,2,4284,102,5721,5,87,82,1962,26,4107,87,6069,California
Inyo,2021-03-30,221,10313,2,4286,214,5935,5,92,109,1964,112,4219,114,6183,California
Inyo,2021-03-31,150,10463,4,4290,141,6076,5,97,108,2035,42,4261,113,6296,California
Inyo,2021-04-01,166,10629,3,4293,162,6238,1,98,117,2104,49,4310,118,6414,California
Inyo,2021-04-02,81,10710,1,4294,78,6316,2,100,50,2125,31,4341,52,6466,California
Inyo,2021-04-03,92,10802,46,4340,32,6348,14,114,4,2056,86,4427,17,6483,California
Inyo,2021-04-04,5,10807,4,4344,0,6348,1,115,1,2054,4,4431,2,6485,California
Inyo,2021-04-05,117,10924,1,4345,112,6460,4,119,29,1999,88,4519,33,6518,California
Inyo,2021-04-06,237,11161,5,4350,169,6629,63,182,105,2035,132,4651,168,6686,California
Inyo,2021-04-07,205,11366,2,4352,76,6705,127,309,48,2052,158,4809,175,6861,California
Inyo,2021-04-08,182,11548,15,4367,150,6855,17,326,82,2051,100,4909,99,6960,California
Inyo,2021-04-09,125,11673,7,4374,95,6950,23,349,37,2024,87,4996,60,7020,California
Inyo,2021-04-10,42,11715,1,4375,24,6974,17,366,3,2005,39,5035,20,7040,California
Inyo,2021-04-11,1,11716,0,4375,1,6975,0,366,1,2006,0,5035,1,7041,California
Inyo,2021-04-12,79,11795,0,4375,74,7049,5,371,41,2014,38,5073,46,7087,California
Inyo,2021-04-13,124,11919,5,4380,116,7165,3,374,64,2022,59,5132,67,7154,California
Inyo,2021-04-14,130,12049,2,4382,128,7293,0,374,45,1982,85,5217,45,7199,California
Inyo,2021-04-15,275,12324,117,4499,158,7451,0,374,79,1865,196,5413,79,7278,California
Inyo,2021-04-16,47,12371,5,4504,42,7493,0,374,19,1856,28,5441,19,7297,California
Inyo,2021-04-17,2,12373,1,4505,1,7494,0,374,1,1856,1,5442,1,7298,California
Inyo,2021-04-19,132,12505,45,4550,87,7581,0,374,45,1814,87,5529,45,7343,California
Inyo,2021-04-20,163,12668,2,4552,161,7742,0,374,79,1809,84,5613,79,7422,California
Inyo,2021-04-21,113,12781,5,4557,108,7850,0,374,32,1760,81,5694,32,7454,California
Inyo,2021-04-22,196,12977,1,4558,195,8045,0,374,51,1666,145,5839,51,7505,California
Inyo,2021-04-23,95,13072,4,4562,91,8136,0,374,22,1615,73,5912,22,7527,California
Inyo,2021-04-24,309,13381,308,4870,1,8137,0,374,305,1916,4,5916,305,7832,California
Inyo,2021-04-25,135,13516,134,5004,1,8138,0,374,135,2051,0,5916,135,7967,California
Inyo,2021-04-26,93,13609,2,5006,90,8228,1,375,11,1982,81,5997,12,7979,California
Inyo,2021-04-27,184,13793,7,5013,172,8400,5,380,48,1899,136,6133,53,8032,California
Inyo,2021-04-28,121,13914,2,5015,117,8517,2,382,20,1820,101,6234,22,8054,California
Inyo,2021-04-29,172,14086,56,5071,116,8633,0,382,77,1803,94,6328,77,8131,California
Inyo,2021-04-30,83,14169,5,5076,77,8710,1,383,23,1767,60,6388,24,8155,California
Inyo,2021-05-01,12,14181,3,5079,9,8719,0,383,10,1775,2,6390,10,8165,California
Inyo,2021-05-02,7,14188,3,5082,2,8721,2,385,4,1778,3,6393,6,8171,California
Inyo,2021-05-03,39,14227,1,5083,34,8755,4,389,6,1755,33,6426,10,8181,California
Inyo,2021-05-04,123,14350,2,5085,117,8872,4,393,19,1674,104,6530,23,8204,California
Inyo,2021-05-05,36,14386,0,5085,34,8906,2,395,11,1662,25,6555,13,8217,California
Inyo,2021-05-06,94,14480,4,5089,82,8988,8,403,13,1602,81,6636,21,8238,California
Inyo,2021-05-07,49,14529,4,5093,37,9025,8,411,24,1610,24,6660,32,8270,California
Inyo,2021-05-08,11,14540,2,5095,4,9029,5,416,4,1612,7,6667,9,8279,California
Inyo,2021-05-09,1,14541,0,5095,1,9030,0,416,0,1611,1,6668,0,8279,California
Inyo,2021-05-10,70,14611,1,5096,67,9097,2,418,32,1607,39,6707,35,8314,California
Inyo,2021-05-11,88,14699,1,5097,84,9181,3,421,20,1562,68,6775,23,8337,California
Inyo,2021-05-12,43,14742,2,5099,39,9220,2,423,11,1543,32,6807,13,8350,California
Inyo,2021-05-13,76,14818,1,5100,74,9294,1,424,13,1494,63,6870,14,8364,California
Inyo,2021-05-14,28,14846,5,5105,18,9312,5,429,14,1499,14,6884,19,8383,California
Inyo,2021-05-15,380,15226,367,5472,11,9323,2,431,86,1293,294,7178,88,8471,California
Inyo,2021-05-16,200,15426,200,5672,0,9323,0,431,73,1239,127,7305,73,8544,California
Inyo,2021-05-17,63,15489,3,5675,56,9379,4,435,18,1217,44,7349,22,8566,California
Inyo,2021-05-18,83,15572,2,5677,80,9459,1,436,17,1169,66,7415,18,8584,California
Inyo,2021-05-19,47,15619,2,5679,40,9499,5,441,14,1155,33,7448,19,8603,California
Inyo,2021-05-20,146,15765,83,5762,62,9561,1,442,37,1083,110,7558,38,8641,California
Inyo,2021-05-21,49,15814,18,5780,26,9587,5,447,19,1077,30,7588,24,8665,California
Inyo,2021-05-22,26,15840,16,5796,7,9594,3,450,19,1092,7,7595,22,8687,California
Inyo,2021-05-23,2,15842,1,5797,0,9594,1,451,0,1091,2,7597,1,8688,California
Inyo,2021-05-24,33,15875,6,5803,24,9618,3,454,13,1087,20,7617,16,8704,California
Inyo,2021-05-25,83,15958,39,5842,42,9660,2,456,48,1102,35,7652,50,8754,California
Inyo,2021-05-26,44,16002,16,5858,26,9686,2,458,21,1103,22,7674,23,8777,California
Inyo,2021-05-27,39,16041,10,5868,21,9707,8,466,12,1097,26,7700,20,8797,California
Inyo,2021-05-28,26,16067,6,5874,15,9722,5,471,8,1092,18,7718,13,8810,California
Inyo,2021-05-29,16,16083,5,5879,11,9733,0,471,7,1090,9,7727,7,8817,California
Inyo,2021-05-30,2,16085,0,5879,2,9735,0,471,0,1088,2,7729,0,8817,California
Inyo,2021-06-01,55,16140,16,5895,33,9768,6,477,23,1085,32,7761,29,8846,California
Inyo,2021-06-02,11,16151,9,5904,1,9769,1,478,9,1093,2,7763,10,8856,California
Inyo,2021-06-03,25,16176,0,5904,18,9787,7,485,1,1077,24,7787,8,8864,California
Inyo,2021-06-04,32,16208,6,5910,22,9809,4,489,12,1073,20,7807,16,8880,California
Inyo,2021-06-05,17,16225,8,5918,8,9817,1,490,4,1065,13,7820,5,8885,California
Inyo,2021-06-06,1,16226,1,5919,0,9817,0,490,1,1066,0,7820,1,8886,California
Inyo,2021-06-07,51,16277,15,5934,33,9850,3,493,5,1028,46,7866,8,8894,California
Inyo,2021-06-08,53,16330,25,5959,25,9875,3,496,26,1030,27,7893,29,8923,California
Inyo,2021-06-09,111,16441,95,6054,14,9889,2,498,14,949,97,7990,16,8939,California
Inyo,2021-06-10,53,16494,39,6093,9,9898,5,503,15,931,38,8028,20,8959,California
Inyo,2021-06-11,44,16538,23,6116,19,9917,2,505,17,923,27,8055,19,8978,California
Inyo,2021-06-12,15,16553,8,6124,6,9923,1,506,5,919,10,8065,6,8984,California
Inyo,2021-06-13,1,16554,0,6124,1,9924,0,506,0,918,1,8066,0,8984,California
Inyo,2021-06-14,60,16614,28,6152,29,9953,3,509,8,877,52,8118,11,8995,California
Inyo,2021-06-15,53,16667,40,6192,9,9962,4,513,10,848,43,8161,14,9009,California
Inyo,2021-06-16,34,16701,20,6212,14,9976,0,513,7,828,27,8188,7,9016,California
Inyo,2021-06-17,23,16724,13,6225,6,9982,4,517,5,820,17,8205,9,9025,California
Inyo,2021-06-18,14,16738,5,6230,6,9988,3,520,2,813,12,8217,5,9030,California
Inyo,2021-06-19,20,16758,6,6236,13,10001,1,521,7,808,13,8230,8,9038,California
Inyo,2021-06-21,29,16787,8,6244,18,10019,3,524,13,808,16,8246,16,9054,California
Inyo,2021-06-22,51,16838,41,6285,8,10027,2,526,24,807,27,8273,26,9080,California
Inyo,2021-06-23,14,16852,6,6291,7,10034,1,527,1,796,13,8286,2,9082,California
Inyo,2021-06-24,6,16858,2,6293,3,10037,1,528,3,797,3,8289,4,9086,California
Inyo,2021-06-25,26,16884,10,6303,13,10050,3,531,12,798,14,8303,15,9101,California
Inyo,2021-06-26,12,16896,6,6309,4,10054,2,533,4,796,8,8311,6,9107,California
Inyo,2021-06-28,12,16908,11,6320,1,10055,0,533,8,800,4,8315,8,9115,California
Kern,2020-12-15,1,1,1,1,0,0,0,0,1,1,0,0,1,1,California
Kern,2020-12-16,19,20,19,20,0,0,0,0,19,20,0,0,19,20,California
Kern,2020-12-17,164,184,164,184,0,0,0,0,164,184,0,0,164,184,California
Kern,2020-12-18,325,509,325,509,0,0,0,0,325,509,0,0,325,509,California
Kern,2020-12-19,99,608,99,608,0,0,0,0,100,609,0,0,100,609,California
Kern,2020-12-20,62,670,62,670,0,0,0,0,62,671,0,0,62,671,California
Kern,2020-12-21,674,1344,673,1343,1,1,0,0,674,1345,0,0,674,1345,California
Kern,2020-12-22,533,1877,530,1873,3,4,0,0,533,1878,0,0,533,1878,California
Kern,2020-12-23,558,2435,420,2293,138,142,0,0,558,2436,0,0,558,2436,California
Kern,2020-12-24,123,2558,44,2337,79,221,0,0,123,2559,0,0,123,2559,California
Kern,2020-12-25,1,2559,1,2338,0,221,0,0,1,2560,0,0,1,2560,California
Kern,2020-12-26,34,2593,2,2340,32,253,0,0,34,2594,0,0,34,2594,California
Kern,2020-12-27,35,2628,3,2343,32,285,0,0,35,2629,0,0,35,2629,California
Kern,2020-12-28,831,3459,666,3009,165,450,0,0,831,3460,0,0,831,3460,California
Kern,2020-12-29,744,4203,451,3460,293,743,0,0,743,4202,1,1,743,4203,California
Kern,2020-12-30,1206,5409,914,4374,292,1035,0,0,1206,5408,0,1,1206,5409,California
Kern,2020-12-31,276,5685,99,4473,177,1212,0,0,276,5684,0,1,276,5685,California
Kern,2021-01-01,18,5703,9,4482,9,1221,0,0,18,5702,0,1,18,5703,California
Kern,2021-01-02,79,5782,18,4500,61,1282,0,0,79,5781,0,1,79,5782,California
Kern,2021-01-03,23,5805,4,4504,19,1301,0,0,23,5804,0,1,23,5805,California
Kern,2021-01-04,555,6360,361,4865,194,1495,0,0,555,6359,0,1,555,6360,California
Kern,2021-01-05,1134,7494,740,5605,394,1889,0,0,1122,7469,12,13,1122,7482,California
Kern,2021-01-06,1166,8660,450,6055,716,2605,0,0,1136,8575,30,43,1136,8618,California
Kern,2021-01-07,1415,10075,491,6546,924,3529,0,0,1245,9651,169,212,1245,9863,California
Kern,2021-01-08,1630,11705,771,7317,859,4388,0,0,1329,10679,302,514,1330,11193,California
Kern,2021-01-09,229,11934,79,7396,150,4538,0,0,193,10836,36,550,193,11386,California
Kern,2021-01-10,195,12129,149,7545,46,4584,0,0,154,10949,41,591,154,11540,California
Kern,2021-01-11,1562,13691,989,8534,573,5157,0,0,1003,11393,559,1150,1003,12543,California
Kern,2021-01-12,1879,15570,818,9352,1061,6218,0,0,1362,12238,517,1667,1362,13905,California
Kern,2021-01-13,1862,17432,878,10230,984,7202,0,0,1438,13252,424,2091,1438,15343,California
Kern,2021-01-14,2203,19635,654,10884,1549,8751,0,0,2157,15363,46,2137,2157,17500,California
Kern,2021-01-15,2728,22363,861,11745,1867,10618,0,0,2631,17900,95,2232,2632,20132,California
Kern,2021-01-16,675,23038,213,11958,462,11080,0,0,640,18505,35,2267,640,20772,California
Kern,2021-01-17,74,23112,7,11965,67,11147,0,0,72,18575,2,2269,72,20844,California
Kern,2021-01-18,1646,24758,657,12622,989,12136,0,0,1480,19889,166,2435,1480,22324,California
Kern,2021-01-19,1869,26627,1034,13656,835,12971,0,0,1401,20823,468,2903,1402,23726,California
Kern,2021-01-20,2737,29364,1792,15448,945,13916,0,0,1955,22003,777,3680,1957,25683,California
Kern,2021-01-21,2140,31504,876,16324,1264,15180,0,0,1942,23748,197,3877,1942,27625,California
Kern,2021-01-22,2736,34240,1314,17638,1422,16602,0,0,2455,25923,280,4157,2455,30080,California
Kern,2021-01-23,1254,35494,544,18182,710,17312,0,0,1207,27083,47,4204,1207,31287,California
Kern,2021-01-24,155,35649,12,18194,143,17455,0,0,149,27226,6,4210,149,31436,California
Kern,2021-01-25,2385,38034,1083,19277,1302,18757,0,0,1900,28643,484,4694,1901,33337,California
Kern,2021-01-26,2789,40823,1131,20408,1658,20415,0,0,1928,29711,860,5554,1928,35265,California
Kern,2021-01-27,3557,44380,1895,22303,1662,22077,0,0,2857,31871,697,6251,2857,38122,California
Kern,2021-01-28,2895,47275,1360,23663,1535,23612,0,0,2462,33908,428,6679,2465,40587,California
Kern,2021-01-29,3801,51076,1803,25466,1998,25610,0,0,3250,36610,548,7227,3250,43837,California
Kern,2021-01-30,1334,52410,499,25965,835,26445,0,0,1282,37842,50,7277,1282,45119,California
Kern,2021-01-31,403,52813,276,26241,127,26572,0,0,268,37975,135,7412,268,45387,California
Kern,2021-02-01,2588,55401,976,27217,1612,28184,0,0,1873,39137,712,8124,1874,47261,California
Kern,2021-02-02,2766,58167,804,28021,1962,30146,0,0,2058,40488,708,8832,2059,49320,California
Kern,2021-02-03,3694,61861,1557,29578,2137,32283,0,0,2715,42231,972,9804,2715,52035,California
Kern,2021-02-04,3819,65680,1454,31032,2365,34648,0,0,2592,43606,1217,11021,2592,54627,California
Kern,2021-02-05,4870,70550,1989,33021,2881,37529,0,0,3104,44963,1747,12768,3104,57731,California
Kern,2021-02-06,1740,72290,768,33789,972,38501,0,0,1511,46248,226,12994,1511,59242,California
Kern,2021-02-07,283,72573,150,33939,133,38634,0,0,265,46497,16,13010,265,59507,California
Kern,2021-02-08,2569,75142,789,34728,1780,40414,0,0,1258,46463,1293,14303,1259,60766,California
Kern,2021-02-09,3040,78182,979,35707,2061,42475,0,0,1462,46357,1568,15871,1462,62228,California
Kern,2021-02-10,3826,82008,1672,37379,2154,44629,0,0,1866,46280,1944,17815,1867,64095,California
Kern,2021-02-11,4294,86302,1542,38921,2752,47381,0,0,2233,46468,2048,19863,2236,66331,California
Kern,2021-02-12,5000,91302,1909,40830,3091,50472,0,0,2481,46444,2505,22368,2481,68812,California
Kern,2021-02-13,2021,93323,736,41566,1285,51757,0,0,1164,46753,855,23223,1164,69976,California
Kern,2021-02-14,353,93676,12,41578,341,52098,0,0,271,46943,81,23304,271,70247,California
Kern,2021-02-15,2767,96443,908,42486,1859,53957,0,0,1223,46630,1536,24840,1223,71470,California
Kern,2021-02-16,2962,99405,722,43208,2240,56197,0,0,1656,46990,1297,26137,1657,73127,California
Kern,2021-02-17,4102,103507,2096,45304,2006,58203,0,0,1933,46761,2163,28300,1934,75061,California
Kern,2021-02-18,3790,107297,1507,46811,2283,60486,0,0,1626,46234,2153,30453,1626,76687,California
Kern,2021-02-19,4221,111518,1929,48740,2292,62778,0,0,1746,45514,2466,32919,1746,78433,California
Kern,2021-02-20,2617,114135,976,49716,1641,64419,0,0,1368,45637,1245,34164,1368,79801,California
Kern,2021-02-21,274,114409,166,49882,108,64527,0,0,92,45550,180,34344,93,79894,California
Kern,2021-02-22,2680,117089,1157,51039,1523,66050,0,0,1439,45754,1235,35579,1439,81333,California
Kern,2021-02-23,3587,120676,1134,52173,2453,68503,0,0,1990,46150,1595,37174,1991,83324,California
Kern,2021-02-24,5217,125893,2292,54465,2925,71428,0,0,3106,47150,2106,39280,3106,86430,California
Kern,2021-02-25,5390,131283,2459,56924,2931,74359,0,0,3197,48173,2174,41454,3197,89627,California
Kern,2021-02-26,6938,138221,3542,60466,3396,77755,0,0,4370,49983,2562,44016,4372,93999,California
Kern,2021-02-27,3958,142179,1983,62449,1975,79730,0,0,2614,51262,1335,45351,2614,96613,California
Kern,2021-02-28,919,143098,503,62952,415,80145,1,1,696,51739,220,45571,697,97310,California
Kern,2021-03-01,4023,147121,1827,64779,2192,82337,4,5,2703,53136,1310,46881,2707,100017,California
Kern,2021-03-02,4495,151616,1417,66196,3074,85411,4,9,2961,54575,1523,48404,2962,102979,California
Kern,2021-03-03,6006,157622,2847,69043,3157,88568,2,11,3890,56365,2101,50505,3891,106870,California
Kern,2021-03-04,5704,163326,2282,71325,3417,91985,5,16,3699,58078,1989,52494,3702,110572,California
Kern,2021-03-05,6666,169992,2882,74207,3765,95750,19,35,4205,59852,2450,54944,4224,114796,California
Kern,2021-03-06,4760,174752,1930,76137,2722,98472,108,143,3480,62167,1273,56217,3588,118384,California
Kern,2021-03-07,2062,176814,1592,77729,413,98885,57,200,1861,63886,199,56416,1918,120302,California
Kern,2021-03-08,2911,179725,925,78654,1763,100648,223,423,1528,64255,1380,57796,1749,122051,California
Kern,2021-03-09,3749,183474,815,79469,2544,103192,390,813,2341,65582,1399,59195,2726,124777,California
Kern,2021-03-10,6169,189643,2572,82041,2520,105712,1077,1890,3608,67721,2544,61739,4683,129460,California
Kern,2021-03-11,6346,195989,2444,84485,2873,108585,1029,2919,3776,69961,2560,64299,4800,134260,California
Kern,2021-03-12,7864,203853,3083,87568,3426,112011,1355,4274,4328,72108,3523,67822,5670,139930,California
Kern,2021-03-13,4684,208537,2535,90103,1811,113822,338,4612,3256,74275,1421,69243,3588,143518,California
Kern,2021-03-14,2313,210850,1535,91638,535,114357,243,4855,1788,75779,524,69767,2028,145546,California
Kern,2021-03-15,4283,215133,1110,92748,2461,116818,712,5567,2201,76616,2069,71836,2906,148452,California
Kern,2021-03-16,4449,219582,1021,93769,2892,119710,536,6103,2424,77559,2010,73846,2953,151405,California
Kern,2021-03-17,7476,227058,4090,97859,2835,122545,551,6654,4494,79633,2970,76816,5044,156449,California
Kern,2021-03-18,7323,234381,3716,101575,3018,125563,589,7243,4443,81802,2859,79675,5028,161477,California
Kern,2021-03-19,9032,243413,5015,106590,3356,128919,661,7904,4734,82912,4279,83954,5389,166866,California
Kern,2021-03-20,6197,249610,3835,110425,2188,131107,174,8078,3919,84741,2265,86219,4094,170960,California
Kern,2021-03-21,3059,252669,1935,112360,240,131347,884,8962,1852,86275,1200,87419,2734,173694,California
Kern,2021-03-22,3997,256666,1570,113930,2069,133416,358,9320,1938,86529,2042,89461,2296,175990,California
Kern,2021-03-23,4757,261423,1681,115611,2875,136291,201,9521,2489,86977,2238,91699,2686,178676,California
Kern,2021-03-24,7198,268621,3681,119292,3040,139331,477,9998,3657,87585,3523,95222,4131,182807,California
Kern,2021-03-25,6800,275421,3011,122303,3456,142787,333,10331,3225,87583,3557,98779,3555,186362,California
Kern,2021-03-26,9888,285309,4424,126727,4206,146993,1258,11589,4727,88427,5140,103919,5984,192346,California
Kern,2021-03-27,5718,291027,3997,130724,1592,148585,129,11718,3452,89743,2264,106183,3580,195926,California
Kern,2021-03-28,4691,295718,4199,134923,478,149063,14,11732,2957,90982,1732,107915,2971,198897,California
Kern,2021-03-29,4264,299982,1683,136606,2303,151366,278,12010,2613,92233,1637,109552,2888,201785,California
Kern,2021-03-30,5612,305594,1878,138484,3347,154713,387,12397,3069,93146,2539,112091,3452,205237,California
Kern,2021-03-31,8433,314027,4556,143040,3229,157942,648,13045,4316,94010,4099,116190,4963,210200,California
Kern,2021-04-01,7925,321952,3885,146925,3738,161680,302,13347,4235,94882,3661,119851,4533,214733,California
Kern,2021-04-02,8468,330420,4462,151387,3395,165075,611,13958,4222,95479,4227,124078,4824,219557,California
Kern,2021-04-03,6005,336425,3673,155060,2148,167223,184,14142,2659,94982,3337,127415,2840,222397,California
Kern,2021-04-04,1341,337766,874,155934,382,167605,85,14227,477,94681,861,128276,560,222957,California
Kern,2021-04-05,5377,343143,2222,158156,2381,169986,774,15001,2900,95861,2465,130741,3645,226602,California
Kern,2021-04-06,7145,350288,2481,160637,3284,173270,1380,16381,3566,97251,3553,134294,4943,231545,California
Kern,2021-04-07,9396,359684,5480,166117,2951,176221,965,17346,4575,97988,4801,139095,5538,237083,California
Kern,2021-04-08,8683,368367,4809,170926,2960,179181,914,18260,3729,97692,4927,144022,4631,241714,California
Kern,2021-04-09,10296,378663,5152,176078,4150,183331,994,19254,4366,97147,5902,149924,5357,247071,California
Kern,2021-04-10,6606,385269,3468,179546,1889,185220,1249,20503,2142,96079,4453,154377,3385,250456,California
Kern,2021-04-11,3934,389203,2921,182467,369,185589,644,21147,1275,95347,2644,157021,1912,252368,California
Kern,2021-04-12,4426,393629,995,183462,2456,188045,975,22122,1588,95094,2814,159835,2561,254929,California
Kern,2021-04-13,4322,397951,1425,184887,2871,190916,26,22148,2130,95073,2176,162011,2155,257084,California
Kern,2021-04-14,6118,404069,3011,187898,3085,194001,22,22170,3016,95027,3083,165094,3037,260121,California
Kern,2021-04-15,5323,409392,2500,190398,2820,196821,3,22173,2521,94766,2785,167879,2524,262645,California
Kern,2021-04-16,7326,416718,3475,193873,3850,200671,1,22174,3000,93473,4297,172176,3004,265649,California
Kern,2021-04-17,6009,422727,3941,197814,2068,202739,0,22174,2150,91784,3841,176017,2152,267801,California
Kern,2021-04-18,3900,426627,3655,201469,245,202984,0,22174,969,89831,2922,178939,969,268770,California
Kern,2021-04-19,3866,430493,1745,203214,2119,205103,2,22176,1446,88879,2398,181337,1446,270216,California
Kern,2021-04-20,4487,434980,1671,204885,2814,207917,2,22178,1722,87859,2743,184080,1723,271939,California
Kern,2021-04-21,6026,441006,3267,208152,2754,210671,5,22183,2210,86283,3789,187869,2213,274152,California
Kern,2021-04-22,4886,445892,2391,210543,2495,213166,0,22183,1743,84908,3119,190988,1744,275896,California
Kern,2021-04-23,6223,452115,3090,213633,3132,216298,1,22184,1952,82633,4230,195218,1955,277851,California
Kern,2021-04-24,4026,456141,2809,216442,1206,217504,11,22195,1451,81541,2555,197773,1463,279314,California
Kern,2021-04-25,1404,457545,1116,217558,288,217792,0,22195,827,81797,571,198344,827,280141,California
Kern,2021-04-26,3907,461452,1867,219425,1989,219781,51,22246,1082,80116,2816,201160,1135,281276,California
Kern,2021-04-27,4839,466291,2367,221792,2364,222145,108,22354,1494,78385,3330,204490,1599,282875,California
Kern,2021-04-28,6423,472714,3826,225618,2473,224618,124,22478,1874,75852,4528,209018,1995,284870,California
Kern,2021-04-29,5628,478342,3164,228782,2365,226983,99,22577,1691,73728,3915,212933,1791,286661,California
Kern,2021-04-30,5710,484052,3231,232013,2320,229303,159,22736,1682,71556,4012,216945,1840,288501,California
Kern,2021-05-01,2724,486776,1930,233943,735,230038,59,22795,1087,71075,1626,218571,1145,289646,California
Kern,2021-05-02,1896,488672,1607,235550,267,230305,22,22817,695,70598,1194,219765,717,290363,California
Kern,2021-05-03,2555,491227,1033,236583,1388,231693,134,22951,788,69769,1752,221517,923,291286,California
Kern,2021-05-04,3726,494953,1356,237939,2261,233954,109,23060,1315,68796,2395,223912,1422,292708,California
Kern,2021-05-05,4231,499184,2202,240141,1877,235831,152,23212,1406,67544,2808,226720,1556,294264,California
Kern,2021-05-06,3650,502834,1683,241824,1821,237652,146,23358,1144,66351,2479,229199,1286,295550,California
Kern,2021-05-07,4646,507480,2332,244156,2138,239790,176,23534,1309,64531,3304,232503,1484,297034,California
Kern,2021-05-08,2944,510424,1852,246008,976,240766,116,23650,915,63546,2014,234517,1029,298063,California
Kern,2021-05-09,1354,511778,1179,247187,145,240911,30,23680,442,63115,903,235420,472,298535,California
Kern,2021-05-10,2299,514077,915,248102,1282,242193,102,23782,683,62302,1596,237016,783,299318,California
Kern,2021-05-11,2730,516807,985,249087,1619,243812,126,23908,988,61687,1730,238746,1115,300433,California
Kern,2021-05-12,3652,520459,1478,250565,2023,245835,151,24059,1144,60488,2492,241238,1293,301726,California
Kern,2021-05-13,3531,523990,1865,252430,1512,247347,154,24213,1640,60401,1877,243115,1790,303516,California
Kern,2021-05-14,4336,528326,2573,255003,1540,248887,223,24436,1991,60289,2325,245440,2213,305729,California
Kern,2021-05-15,2944,531270,1919,256922,937,249824,88,24524,1565,60578,1363,246803,1652,307381,California
Kern,2021-05-16,1617,532887,1387,258309,190,250014,40,24564,938,60883,673,247476,978,308359,California
Kern,2021-05-17,2335,535222,1008,259317,1180,251194,147,24711,1179,61065,1143,248619,1325,309684,California
Kern,2021-05-18,3221,538443,1502,260819,1586,252780,133,24844,1622,61236,1581,250200,1752,311436,California
Kern,2021-05-19,3836,542279,2393,263212,1314,254094,129,24973,1784,61107,2039,252239,1910,313346,California
Kern,2021-05-20,3116,545395,1696,264908,1277,255371,143,25116,1400,60953,1695,253934,1541,314887,California
Kern,2021-05-21,3648,549043,2209,267117,1304,256675,135,25251,1812,61089,1811,255745,1947,316834,California
Kern,2021-05-22,2957,552000,2302,269419,606,257281,49,25300,1398,60986,1547,257292,1444,318278,California
Kern,2021-05-23,1290,553290,1095,270514,169,257450,26,25326,670,61069,612,257904,695,318973,California
Kern,2021-05-24,1893,555183,820,271334,959,258409,114,25440,892,61079,995,258899,1005,319978,California
Kern,2021-05-25,2407,557590,1115,272449,1203,259612,89,25529,1111,60996,1282,260181,1199,321177,California
Kern,2021-05-26,2791,560381,1615,274064,1074,260686,102,25631,1194,60709,1581,261762,1294,322471,California
Kern,2021-05-27,2414,562795,1240,275304,1071,261757,103,25734,1262,60942,1131,262893,1364,323835,California
Kern,2021-05-28,2732,565527,1388,276692,1233,262990,111,25845,1263,60859,1455,264348,1372,325207,California
Kern,2021-05-29,1907,567434,1265,277957,594,263584,48,25893,931,60876,962,265310,979,326186,California
Kern,2021-05-30,863,568297,705,278662,139,263723,19,25912,434,60906,422,265732,452,326638,California
Kern,2021-05-31,133,568430,41,278703,81,263804,11,25923,46,60878,84,265816,56,326694,California
Kern,2021-06-01,2288,570718,950,279653,1267,265071,71,25994,967,60610,1305,267121,1037,327731,California
Kern,2021-06-02,2250,572968,1303,280956,841,265912,106,26100,941,60359,1298,268419,1047,328778,California
Kern,2021-06-03,2376,575344,1339,282295,882,266794,155,26255,859,59866,1506,269925,1013,329791,California
Kern,2021-06-04,2953,578297,1914,284209,929,267723,110,26365,859,58758,2076,272001,968,330759,California
Kern,2021-06-05,2528,580825,2042,286251,452,268175,34,26399,787,57848,1731,273732,821,331580,California
Kern,2021-06-06,1226,582051,1121,287372,82,268257,23,26422,400,57450,821,274553,423,332003,California
Kern,2021-06-07,1807,583858,1126,288498,586,268843,95,26517,679,57107,1115,275668,772,332775,California
Kern,2021-06-08,2123,585981,1235,289733,816,269659,72,26589,649,56372,1455,277123,720,333495,California
Kern,2021-06-09,2628,588609,1845,291578,694,270353,89,26678,824,55494,1790,278913,912,334407,California
Kern,2021-06-10,2233,590842,1382,292960,752,271105,99,26777,782,54934,1439,280352,879,335286,California
Kern,2021-06-11,2828,593670,1906,294866,831,271936,91,26868,1048,54306,1768,282120,1140,336426,California
Kern,2021-06-12,1793,595463,1333,296199,410,272346,50,26918,536,53640,1252,283372,586,337012,California
Kern,2021-06-13,920,596383,803,297002,110,272456,7,26925,266,53263,651,284023,274,337286,California
Kern,2021-06-14,1860,598243,1133,298135,630,273086,97,27022,640,52789,1209,285232,735,338021,California
Kern,2021-06-15,2118,600361,1183,299318,857,273943,78,27100,819,52395,1291,286523,897,338918,California
Kern,2021-06-16,2077,602438,1370,300688,630,274573,77,27177,822,52054,1239,287762,898,339816,California
Kern,2021-06-17,1884,604322,1180,301868,590,275163,114,27291,904,52102,971,288733,1019,340835,California
Kern,2021-06-18,2188,606510,1377,303245,693,275856,118,27409,919,51887,1251,289984,1036,341871,California
Kern,2021-06-19,1230,607740,882,304127,316,276172,32,27441,521,51741,699,290683,553,342424,California
Kern,2021-06-20,715,608455,593,304720,103,276275,19,27460,271,51587,444,291127,290,342714,California
Kern,2021-06-21,1244,609699,667,305387,500,276775,77,27537,672,51770,564,291691,747,343461,California
Kern,2021-06-22,1656,611355,881,306268,699,277474,76,27613,674,51549,971,292662,750,344211,California
Kern,2021-06-23,1710,613065,1088,307356,545,278019,77,27690,751,51435,940,293602,826,345037,California
Kern,2021-06-24,1584,614649,973,308329,522,278541,89,27779,671,51288,906,294508,759,345796,California
Kern,2021-06-25,1772,616421,1108,309437,577,279118,87,27866,833,51279,927,295435,918,346714,California
Kern,2021-06-26,1322,617743,990,310427,304,279422,28,27894,567,51123,750,296185,594,347308,California
Kern,2021-06-27,591,618334,496,310923,81,279503,14,27908,258,51066,329,296514,272,347580,California
Kern,2021-06-28,799,619133,512,311435,227,279730,60,27968,327,50989,463,296977,386,347966,California
Kings,2020-12-16,1,1,1,1,0,0,0,0,1,1,0,0,1,1,California
Kings,2020-12-17,8,9,8,9,0,0,0,0,8,9,0,0,8,9,California
Kings,2020-12-18,12,21,12,21,0,0,0,0,12,21,0,0,12,21,California
Kings,2020-12-19,12,33,12,33,0,0,0,0,12,33,0,0,12,33,California
Kings,2020-12-20,13,46,13,46,0,0,0,0,13,46,0,0,13,46,California
Kings,2020-12-21,156,202,156,202,0,0,0,0,268,314,0,0,268,314,California
Kings,2020-12-22,141,343,141,343,0,0,0,0,138,452,0,0,138,452,California
Kings,2020-12-23,136,479,123,466,13,13,0,0,137,589,0,0,137,589,California
Kings,2020-12-24,11,490,9,475,2,15,0,0,11,600,0,0,11,600,California
Kings,2020-12-26,7,497,4,479,3,18,0,0,7,607,0,0,7,607,California
Kings,2020-12-27,4,501,4,483,0,18,0,0,4,611,0,0,4,611,California
Kings,2020-12-28,131,632,103,586,28,46,0,0,132,743,0,0,132,743,California
Kings,2020-12-29,83,715,55,641,28,74,0,0,84,827,0,0,84,827,California
Kings,2020-12-30,150,865,109,750,41,115,0,0,150,977,0,0,150,977,California
Kings,2020-12-31,45,910,6,756,39,154,0,0,45,1022,0,0,45,1022,California
Kings,2021-01-01,1,911,0,756,1,155,0,0,1,1023,0,0,1,1023,California
Kings,2021-01-02,12,923,10,766,2,157,0,0,12,1035,0,0,12,1035,California
Kings,2021-01-04,111,1034,41,807,70,227,0,0,111,1146,0,0,111,1146,California
Kings,2021-01-05,195,1229,39,846,156,383,0,0,195,1341,0,0,195,1341,California
Kings,2021-01-06,278,1507,179,1025,99,482,0,0,275,1613,3,3,275,1616,California
Kings,2021-01-07,182,1689,83,1108,99,581,0,0,174,1779,8,11,174,1790,California
Kings,2021-01-08,249,1938,54,1162,195,776,0,0,229,1988,20,31,229,2019,California
Kings,2021-01-09,63,2001,9,1171,54,830,0,0,55,2035,8,39,55,2074,California
Kings,2021-01-10,15,2016,3,1174,12,842,0,0,12,2044,3,42,12,2086,California
Kings,2021-01-11,517,2533,353,1527,164,1006,0,0,276,2080,241,283,277,2363,California
Kings,2021-01-12,348,2881,252,1779,96,1102,0,0,215,2165,130,413,215,2578,California
Kings,2021-01-13,421,3302,274,2053,147,1249,0,0,330,2404,91,504,330,2908,California
Kings,2021-01-14,210,3512,30,2083,180,1429,0,0,200,2584,21,525,201,3109,California
Kings,2021-01-15,417,3929,30,2113,387,1816,0,0,405,2977,12,537,405,3514,California
Kings,2021-01-16,28,3957,9,2122,19,1835,0,0,27,3003,1,538,27,3541,California
Kings,2021-01-17,12,3969,9,2131,3,1838,0,0,10,3011,2,540,10,3551,California
Kings,2021-01-18,173,4142,41,2172,132,1970,0,0,147,3132,26,566,147,3698,California
Kings,2021-01-19,381,4523,161,2333,220,2190,0,0,252,3255,129,695,252,3950,California
Kings,2021-01-20,253,4776,162,2495,91,2281,0,0,134,3275,114,809,134,4084,California
Kings,2021-01-21,213,4989,57,2552,156,2437,0,0,196,3452,19,828,196,4280,California
Kings,2021-01-22,105,5094,17,2569,88,2525,0,0,104,3551,5,833,104,4384,California
Kings,2021-01-23,26,5120,14,2583,12,2537,0,0,19,3563,7,840,19,4403,California
Kings,2021-01-24,4,5124,4,2587,0,2537,0,0,2,3563,2,842,2,4405,California
Kings,2021-01-25,155,5279,55,2642,100,2637,0,0,92,3592,63,905,92,4497,California
Kings,2021-01-26,173,5452,52,2694,121,2758,0,0,114,3647,59,964,114,4611,California
Kings,2021-01-27,336,5788,42,2736,294,3052,0,0,252,3816,83,1047,252,4863,California
Kings,2021-01-28,332,6120,46,2782,286,3338,0,0,276,4036,56,1103,276,5139,California
Kings,2021-01-29,112,6232,27,2809,85,3423,0,0,95,4114,17,1120,95,5234,California
Kings,2021-01-30,1569,7801,32,2841,1537,4960,0,0,1564,5676,4,1124,1566,6800,California
Kings,2021-01-31,1,7802,1,2842,0,4960,0,0,1,5677,0,1124,1,6801,California
Kings,2021-02-01,223,8025,69,2911,154,5114,0,0,92,5640,129,1253,92,6893,California
Kings,2021-02-02,248,8273,17,2928,231,5345,0,0,95,5583,152,1405,95,6988,California
Kings,2021-02-03,403,8676,194,3122,209,5554,0,0,244,5669,158,1563,244,7232,California
Kings,2021-02-04,436,9112,102,3224,334,5888,0,0,228,5690,207,1770,228,7460,California
Kings,2021-02-05,337,9449,57,3281,280,6168,0,0,177,5710,157,1927,177,7637,California
Kings,2021-02-06,62,9511,10,3291,52,6220,0,0,29,5706,33,1960,29,7666,California
Kings,2021-02-07,6,9517,4,3295,2,6222,0,0,3,5706,3,1963,3,7669,California
Kings,2021-02-08,175,9692,29,3324,146,6368,0,0,68,5667,107,2070,68,7737,California
Kings,2021-02-09,256,9948,59,3383,197,6565,0,0,112,5637,142,2212,112,7849,California
Kings,2021-02-10,374,10322,113,3496,261,6826,0,0,249,5761,125,2337,249,8098,California
Kings,2021-02-11,481,10803,66,3562,415,7241,0,0,359,5999,121,2458,359,8457,California
Kings,2021-02-12,628,11431,36,3598,592,7833,0,0,350,6072,277,2735,350,8807,California
Kings,2021-02-13,231,11662,7,3605,224,8057,0,0,204,6249,27,2762,204,9011,California
Kings,2021-02-14,103,11765,4,3609,99,8156,0,0,95,6336,8,2770,95,9106,California
Kings,2021-02-15,248,12013,5,3614,243,8399,0,0,138,6365,109,2879,138,9244,California
Kings,2021-02-16,589,12602,33,3647,556,8955,0,0,350,6478,238,3117,351,9595,California
Kings,2021-02-17,440,13042,24,3671,416,9371,0,0,301,6642,139,3256,303,9898,California
Kings,2021-02-18,344,13386,22,3693,322,9693,0,0,212,6723,131,3387,212,10110,California
Kings,2021-02-19,210,13596,24,3717,186,9879,0,0,129,6774,78,3465,129,10239,California
Kings,2021-02-20,171,13767,40,3757,131,10010,0,0,134,6871,37,3502,134,10373,California
Kings,2021-02-21,3,13770,2,3759,1,10011,0,0,3,6874,0,3502,3,10376,California
Kings,2021-02-22,122,13892,20,3779,102,10113,0,0,57,6866,65,3567,57,10433,California
Kings,2021-02-23,436,14328,71,3850,365,10478,0,0,316,7062,120,3687,316,10749,California
Kings,2021-02-24,738,15066,156,4006,582,11060,0,0,523,7370,215,3902,523,11272,California
Kings,2021-02-25,819,15885,132,4138,687,11747,0,0,592,7737,225,4127,592,11864,California
Kings,2021-02-26,860,16745,136,4274,724,12471,0,0,773,8423,87,4214,773,12637,California
Kings,2021-02-27,1519,18264,65,4339,1454,13925,0,0,582,8069,936,5150,582,13219,California
Kings,2021-02-28,1207,19471,598,4937,609,14534,0,0,675,8216,529,5679,676,13895,California
Kings,2021-03-01,294,19765,90,5027,204,14738,0,0,223,8368,71,5750,223,14118,California
Kings,2021-03-02,590,20355,258,5285,332,15070,0,0,516,8812,74,5824,518,14636,California
Kings,2021-03-03,754,21109,326,5611,428,15498,0,0,530,9120,222,6046,530,15166,California
Kings,2021-03-04,833,21942,356,5967,477,15975,0,0,704,9696,129,6175,705,15871,California
Kings,2021-03-05,1190,23132,369,6336,812,16787,9,9,1039,10596,151,6326,1051,16922,California
Kings,2021-03-06,518,23650,187,6523,318,17105,13,22,488,11067,30,6356,501,17423,California
Kings,2021-03-07,364,24014,223,6746,137,17242,4,26,355,11417,9,6365,359,17782,California
Kings,2021-03-08,382,24396,98,6844,231,17473,53,79,265,11617,117,6482,317,18099,California
Kings,2021-03-09,685,25081,387,7231,243,17716,55,134,577,12143,107,6589,633,18732,California
Kings,2021-03-10,744,25825,234,7465,405,18121,105,239,538,12581,204,6793,642,19374,California
Kings,2021-03-11,1200,27025,430,7895,654,18775,116,355,753,13006,445,7238,870,20244,California
Kings,2021-03-12,1511,28536,447,8342,970,19745,94,449,982,13557,527,7765,1078,21322,California
Kings,2021-03-13,682,29218,334,8676,306,20051,42,491,558,14035,124,7889,602,21924,California
Kings,2021-03-14,674,29892,101,8777,184,20235,389,880,200,14150,474,8363,589,22513,California
Kings,2021-03-15,712,30604,266,9043,327,20562,119,999,469,14499,242,8605,591,23104,California
Kings,2021-03-16,1165,31769,478,9521,624,21186,63,1062,750,14897,415,9020,813,23917,California
Kings,2021-03-17,1109,32878,419,9940,628,21814,62,1124,780,15418,329,9349,850,24767,California
Kings,2021-03-18,1130,34008,475,10415,432,22246,223,1347,749,16013,379,9728,974,25741,California
Kings,2021-03-19,972,34980,468,10883,417,22663,87,1434,725,16594,246,9974,827,26568,California
Kings,2021-03-20,641,35621,256,11139,354,23017,31,1465,464,16923,174,10148,503,27071,California
Kings,2021-03-21,1422,37043,1091,12230,319,23336,12,1477,863,17239,559,10707,875,27946,California
Kings,2021-03-22,452,37495,201,12431,165,23501,86,1563,267,17412,184,10891,357,28303,California
Kings,2021-03-23,1045,38540,506,12937,475,23976,64,1627,550,17536,493,11384,617,28920,California
Kings,2021-03-24,1090,39630,486,13423,581,24557,23,1650,498,17469,590,11974,523,29443,California
Kings,2021-03-25,1050,40680,472,13895,551,25108,27,1677,445,17337,603,12577,471,29914,California
Kings,2021-03-26,1404,42084,380,14275,937,26045,87,1764,514,17052,885,13462,600,30514,California
Kings,2021-03-27,643,42727,259,14534,372,26417,12,1776,155,16733,486,13948,167,30681,California
Kings,2021-03-28,673,43400,602,15136,64,26481,7,1783,403,16886,270,14218,423,31104,California
Kings,2021-03-29,470,43870,212,15348,197,26678,61,1844,257,16992,211,14429,317,31421,California
Kings,2021-03-30,868,44738,475,15823,354,27032,39,1883,429,17021,438,14867,467,31888,California
Kings,2021-03-31,824,45562,415,16238,336,27368,73,1956,418,17114,398,15265,491,32379,California
Kings,2021-04-01,914,46476,489,16727,335,27703,90,2046,355,17007,552,15817,445,32824,California
Kings,2021-04-02,1114,47590,454,17181,534,28237,126,2172,392,16808,716,16533,517,33341,California
Kings,2021-04-03,496,48086,348,17529,139,28376,9,2181,171,16670,319,16852,181,33522,California
Kings,2021-04-04,156,48242,82,17611,68,28444,6,2187,42,16605,113,16965,48,33570,California
Kings,2021-04-05,1062,49304,327,17938,480,28924,255,2442,239,16276,822,17787,493,34063,California
Kings,2021-04-06,1258,50562,493,18431,452,29376,313,2755,285,15903,970,18757,597,34660,California
Kings,2021-04-07,1377,51939,655,19086,536,29912,186,2941,337,15389,1037,19794,523,35183,California
Kings,2021-04-08,1631,53570,638,19724,740,30652,253,3194,374,14766,1250,21044,627,35810,California
Kings,2021-04-09,1190,54760,545,20269,465,31117,180,3374,235,14225,953,21997,412,36222,California
Kings,2021-04-10,596,55356,333,20602,161,31278,102,3476,175,14082,419,22416,276,36498,California
Kings,2021-04-11,355,55711,76,20678,272,31550,7,3483,196,14128,157,22573,203,36701,California
Kings,2021-04-12,710,56421,315,20993,192,31742,203,3686,194,14011,514,23087,397,37098,California
Kings,2021-04-13,917,57338,527,21520,390,32132,0,3686,293,13687,622,23709,298,37396,California
Kings,2021-04-14,1050,58388,579,22099,471,32603,0,3686,379,13396,671,24380,380,37776,California
Kings,2021-04-15,1064,59452,525,22624,538,33141,1,3687,453,13242,608,24988,454,38230,California
Kings,2021-04-16,797,60249,365,22989,432,33573,0,3687,263,12974,532,25520,264,38494,California
Kings,2021-04-17,460,60709,245,23234,215,33788,0,3687,188,12891,271,25791,188,38682,California
Kings,2021-04-18,571,61280,246,23480,325,34113,0,3687,45,12410,526,26317,45,38727,California
Kings,2021-04-19,614,61894,371,23851,243,34356,0,3687,295,12389,316,26633,295,39022,California
Kings,2021-04-20,753,62647,461,24312,292,34648,0,3687,240,12117,512,27145,240,39262,California
Kings,2021-04-21,690,63337,351,24663,339,34987,0,3687,241,11917,441,27586,241,39503,California
Kings,2021-04-22,572,63909,291,24954,281,35268,0,3687,209,11767,360,27946,210,39713,California
Kings,2021-04-23,677,64586,298,25252,379,35647,0,3687,330,11754,343,28289,330,40043,California
Kings,2021-04-24,247,64833,179,25431,67,35714,1,3688,119,11747,127,28416,120,40163,California
Kings,2021-04-25,203,65036,183,25614,20,35734,0,3688,166,11876,37,28453,166,40329,California
Kings,2021-04-26,325,65361,176,25790,146,35880,3,3691,201,11957,123,28576,204,40533,California
Kings,2021-04-27,432,65793,195,25985,218,36098,19,3710,184,11914,246,28822,203,40736,California
Kings,2021-04-28,523,66316,263,26248,240,36338,20,3730,270,11951,253,29075,290,41026,California
Kings,2021-04-29,302,66618,125,26373,165,36503,12,3742,141,11946,158,29233,153,41179,California
Kings,2021-04-30,370,66988,168,26541,185,36688,17,3759,154,11905,212,29445,171,41350,California
Kings,2021-05-01,227,67215,166,26707,51,36739,10,3769,72,11833,154,29599,82,41432,California
Kings,2021-05-02,169,67384,147,26854,22,36761,0,3769,127,11918,42,29641,127,41559,California
Kings,2021-05-03,473,67857,251,27105,209,36970,13,3782,121,11701,351,29992,134,41693,California
Kings,2021-05-04,528,68385,271,27376,237,37207,20,3802,163,11520,364,30356,183,41876,California
Kings,2021-05-05,565,68950,299,27675,246,37453,20,3822,143,11261,422,30778,163,42039,California
Kings,2021-05-06,569,69519,290,27965,256,37709,23,3845,130,10977,437,31215,153,42192,California
Kings,2021-05-07,369,69888,212,28177,143,37852,14,3859,149,10922,218,31433,163,42355,California
Kings,2021-05-08,244,70132,179,28356,53,37905,12,3871,85,10860,158,31591,96,42451,California
Kings,2021-05-09,191,70323,63,28419,128,38033,0,3871,40,10749,151,31742,40,42491,California
Kings,2021-05-10,347,70670,270,28689,67,38100,10,3881,114,10641,231,31973,123,42614,California
Kings,2021-05-11,384,71054,239,28928,116,38216,29,3910,116,10519,268,32241,146,42760,California
Kings,2021-05-12,401,71455,163,29091,224,38440,14,3924,164,10462,235,32476,178,42938,California
Kings,2021-05-13,410,71865,167,29258,235,38675,8,3932,168,10397,241,32717,176,43114,California
Kings,2021-05-14,463,72328,317,29575,115,38790,31,3963,239,10444,223,32940,270,43384,California
Kings,2021-05-15,356,72684,256,29831,82,38872,18,3981,197,10500,159,33099,215,43599,California
Kings,2021-05-16,247,72931,221,30052,25,38897,1,3982,75,10404,172,33271,76,43675,California
Kings,2021-05-17,408,73339,323,30375,68,38965,17,3999,210,10434,197,33468,227,43902,California
Kings,2021-05-18,400,73739,283,30658,104,39069,13,4012,229,10506,171,33639,243,44145,California
Kings,2021-05-19,574,74313,281,30939,271,39340,22,4034,227,10410,345,33984,249,44394,California
Kings,2021-05-20,449,74762,235,31174,187,39527,27,4061,258,10505,191,34175,286,44680,California
Kings,2021-05-21,517,75279,262,31436,244,39771,11,4072,263,10529,250,34425,274,44954,California
Kings,2021-05-22,308,75587,247,31683,49,39820,12,4084,219,10673,87,34512,231,45185,California
Kings,2021-05-23,232,75819,223,31906,9,39829,0,4084,106,10653,126,34638,106,45291,California
Kings,2021-05-24,260,76079,174,32080,71,39900,15,4099,123,10654,137,34775,138,45429,California
Kings,2021-05-25,406,76485,269,32349,104,40004,33,4132,236,10755,168,34943,269,45698,California
Kings,2021-05-26,303,76788,123,32472,163,40167,17,4149,120,10710,182,35125,137,45835,California
Kings,2021-05-27,325,77113,176,32648,131,40298,18,4167,177,10760,145,35270,195,46030,California
Kings,2021-05-28,287,77400,140,32788,129,40427,18,4185,132,10758,152,35422,150,46180,California
Kings,2021-05-29,173,77573,100,32888,62,40489,11,4196,86,10769,86,35508,97,46277,California
Kings,2021-05-30,130,77703,113,33001,15,40504,2,4198,69,10779,61,35569,71,46348,California
Kings,2021-05-31,41,77744,22,33023,16,40520,3,4201,15,10771,26,35595,18,46366,California
Kings,2021-06-01,318,78062,187,33210,115,40635,16,4217,118,10708,196,35791,133,46499,California
Kings,2021-06-02,276,78338,125,33335,144,40779,7,4224,85,10612,188,35979,92,46591,California
Kings,2021-06-03,224,78562,126,33461,87,40866,11,4235,70,10547,146,36125,81,46672,California
Kings,2021-06-04,429,78991,285,33746,130,40996,14,4249,156,10448,269,36394,170,46842,California
Kings,2021-06-05,255,79246,221,33967,27,41023,7,4256,62,10337,180,36574,69,46911,California
Kings,2021-06-06,163,79409,155,34122,3,41026,5,4261,82,10347,77,36651,87,46998,California
Kings,2021-06-07,293,79702,224,34346,55,41081,14,4275,96,10259,197,36848,109,47107,California
Kings,2021-06-08,311,80013,240,34586,51,41132,20,4295,79,10127,231,37079,99,47206,California
Kings,2021-06-09,397,80410,262,34848,126,41258,9,4304,117,9976,277,37356,126,47332,California
Kings,2021-06-10,336,80746,219,35067,104,41362,13,4317,80,9813,256,37612,93,47425,California
Kings,2021-06-11,372,81118,281,35348,88,41450,3,4320,143,9735,224,37836,146,47571,California
Kings,2021-06-12,269,81387,221,35569,44,41494,4,4324,69,9624,184,38020,73,47644,California
Kings,2021-06-13,128,81515,119,35688,8,41502,1,4325,34,9566,93,38113,35,47679,California
Kings,2021-06-14,239,81754,173,35861,46,41548,20,4345,98,9543,141,38254,118,47797,California
Kings,2021-06-15,255,82009,180,36041,64,41612,11,4356,88,9476,166,38420,99,47896,California
Kings,2021-06-16,253,82262,129,36170,116,41728,8,4364,91,9421,155,38575,100,47996,California
Kings,2021-06-17,209,82471,112,36282,87,41815,10,4374,82,9386,127,38702,92,48088,California
Kings,2021-06-18,252,82723,173,36455,70,41885,9,4383,118,9379,134,38836,127,48215,California
Kings,2021-06-19,101,82824,69,36524,27,41912,5,4388,40,9363,61,38897,45,48260,California
Kings,2021-06-20,83,82907,68,36592,9,41921,6,4394,28,9342,55,38952,34,48294,California
Kings,2021-06-21,181,83088,97,36689,53,41974,31,4425,96,9384,85,39037,127,48421,California
Kings,2021-06-22,199,83287,128,36817,63,42037,8,4433,82,9357,117,39154,90,48511,California
Kings,2021-06-23,199,83486,94,36911,90,42127,15,4448,86,9346,112,39266,101,48612,California
Kings,2021-06-24,145,83631,68,36979,72,42199,5,4453,56,9319,88,39354,61,48673,California
Kings,2021-06-25,304,83935,219,37198,76,42275,9,4462,150,9325,153,39507,159,48832,California
Kings,2021-06-26,124,84059,82,37280,38,42313,4,4466,53,9311,71,39578,57,48889,California
Kings,2021-06-27,117,84176,111,37391,5,42318,1,4467,38,9274,76,39654,39,48928,California
Kings,2021-06-28,157,84333,118,37509,31,42349,8,4475,74,9273,83,39737,82,49010,California
Lake,2020-12-17,4,4,4,4,0,0,0,0,4,4,0,0,4,4,California
Lake,2020-12-18,51,55,51,55,0,0,0,0,51,55,0,0,51,55,California
Lake,2020-12-19,3,58,3,58,0,0,0,0,3,58,0,0,3,58,California
Lake,2020-12-20,6,64,6,64,0,0,0,0,6,64,0,0,6,64,California
Lake,2020-12-21,87,151,87,151,0,0,0,0,87,151,0,0,87,151,California
Lake,2020-12-22,63,214,60,211,3,3,0,0,63,214,0,0,63,214,California
Lake,2020-12-23,124,338,115,326,9,12,0,0,124,338,0,0,124,338,California
Lake,2020-12-24,2,340,0,326,2,14,0,0,2,340,0,0,2,340,California
Lake,2020-12-26,2,342,2,328,0,14,0,0,2,342,0,0,2,342,California
Lake,2020-12-27,2,344,2,330,0,14,0,0,2,344,0,0,2,344,California
Lake,2020-12-28,52,396,43,373,9,23,0,0,52,396,0,0,52,396,California
Lake,2020-12-29,50,446,45,418,5,28,0,0,50,446,0,0,50,446,California
Lake,2020-12-30,129,575,121,539,8,36,0,0,129,575,0,0,129,575,California
Lake,2020-12-31,67,642,64,603,3,39,0,0,67,642,0,0,67,642,California
Lake,2021-01-01,4,646,1,604,3,42,0,0,4,646,0,0,4,646,California
Lake,2021-01-02,2,648,1,605,1,43,0,0,2,648,0,0,2,648,California
Lake,2021-01-04,88,736,21,626,67,110,0,0,88,736,0,0,88,736,California
Lake,2021-01-05,120,856,59,685,61,171,0,0,118,852,2,2,118,854,California
Lake,2021-01-06,103,959,64,749,39,210,0,0,101,951,2,4,101,955,California
Lake,2021-01-07,109,1068,85,834,24,234,0,0,100,1042,9,13,100,1055,California
Lake,2021-01-08,156,1224,127,961,29,263,0,0,104,1094,52,65,104,1159,California
Lake,2021-01-09,63,1287,61,1022,2,265,0,0,59,1149,4,69,59,1218,California
Lake,2021-01-10,3,1290,3,1025,0,265,0,0,0,1146,3,72,0,1218,California
Lake,2021-01-11,189,1479,150,1175,39,304,0,0,109,1175,80,152,109,1327,California
Lake,2021-01-12,81,1560,48,1223,33,337,0,0,57,1208,24,176,57,1384,California
Lake,2021-01-13,169,1729,114,1337,55,392,0,0,110,1259,59,235,110,1494,California
Lake,2021-01-14,151,1880,48,1385,103,495,0,0,129,1366,22,257,129,1623,California
Lake,2021-01-15,222,2102,95,1480,127,622,0,0,194,1532,28,285,194,1817,California
Lake,2021-01-16,136,2238,83,1563,53,675,0,0,134,1664,2,287,134,1951,California
Lake,2021-01-17,18,2256,6,1569,12,687,0,0,12,1670,6,293,12,1963,California
Lake,2021-01-18,245,2501,226,1795,19,706,0,0,125,1675,120,413,125,2088,California
Lake,2021-01-19,317,2818,120,1915,197,903,0,0,271,1901,46,459,272,2360,California
Lake,2021-01-20,426,3244,82,1997,344,1247,0,0,361,2198,64,523,361,2721,California
Lake,2021-01-21,440,3684,49,2046,391,1638,0,0,405,2568,35,558,405,3126,California
Lake,2021-01-22,322,4006,47,2093,275,1913,0,0,285,2816,37,595,285,3411,California
Lake,2021-01-23,127,4133,6,2099,121,2034,0,0,126,2941,1,596,126,3537,California
Lake,2021-01-24,5,4138,2,2101,3,2037,0,0,5,2946,0,596,5,3542,California
Lake,2021-01-25,259,4397,96,2197,163,2200,0,0,177,3041,82,678,177,3719,California
Lake,2021-01-26,434,4831,36,2233,398,2598,0,0,410,3427,24,702,410,4129,California
Lake,2021-01-27,362,5193,40,2273,322,2920,0,0,335,3736,27,729,336,4465,California
Lake,2021-01-28,499,5692,162,2435,337,3257,0,0,368,3975,129,858,368,4833,California
Lake,2021-01-29,653,6345,101,2536,552,3809,0,0,578,4478,75,933,578,5411,California
Lake,2021-01-30,557,6902,43,2579,514,4323,0,0,551,5023,6,939,551,5962,California
Lake,2021-01-31,15,6917,9,2588,6,4329,0,0,13,5034,2,941,13,5975,California
Lake,2021-02-01,180,7097,18,2606,162,4491,0,0,166,5186,14,955,166,6141,California
Lake,2021-02-02,565,7662,153,2759,412,4903,0,0,397,5415,168,1123,397,6538,California
Lake,2021-02-03,444,8106,33,2792,411,5314,0,0,340,5651,104,1227,340,6878,California
Lake,2021-02-04,121,8227,70,2862,51,5365,0,0,71,5672,50,1277,71,6949,California
Lake,2021-02-05,383,8610,73,2935,310,5675,0,0,288,5867,93,1370,288,7237,California
Lake,2021-02-06,276,8886,42,2977,234,5909,0,0,264,6119,12,1382,264,7501,California
Lake,2021-02-07,2,8888,1,2978,1,5910,0,0,2,6121,0,1382,2,7503,California
Lake,2021-02-08,278,9166,206,3184,72,5982,0,0,159,6161,119,1501,159,7662,California
Lake,2021-02-09,346,9512,25,3209,321,6303,0,0,301,6418,44,1545,301,7963,California
Lake,2021-02-10,356,9868,54,3263,302,6605,0,0,275,6612,81,1626,275,8238,California
Lake,2021-02-11,180,10048,18,3281,162,6767,0,0,59,6550,121,1747,59,8297,California
Lake,2021-02-12,378,10426,29,3310,349,7116,0,0,287,6747,90,1837,287,8584,California
Lake,2021-02-13,252,10678,8,3318,244,7360,0,0,239,6973,13,1850,239,8823,California
Lake,2021-02-14,21,10699,5,3323,16,7376,0,0,7,6966,14,1864,7,8830,California
Lake,2021-02-15,172,10871,13,3336,159,7535,0,0,8,6811,163,2027,8,8838,California
Lake,2021-02-16,429,11300,23,3359,406,7941,0,0,178,6738,251,2278,178,9016,California
Lake,2021-02-17,353,11653,56,3415,297,8238,0,0,72,6530,280,2558,72,9088,California
Lake,2021-02-18,464,12117,71,3486,393,8631,0,0,115,6297,348,2906,115,9203,California
Lake,2021-02-19,435,12552,28,3514,407,9038,0,0,94,6051,340,3246,94,9297,California
Lake,2021-02-20,296,12848,61,3575,235,9273,0,0,251,6258,44,3290,251,9548,California
Lake,2021-02-21,7,12855,7,3582,0,9273,0,0,0,6251,7,3297,0,9548,California
Lake,2021-02-22,141,12996,23,3605,118,9391,0,0,41,6192,100,3397,41,9589,California
Lake,2021-02-23,216,13212,15,3620,201,9592,0,0,28,6032,188,3585,28,9617,California
Lake,2021-02-24,1008,14220,429,4049,579,10171,0,0,468,5961,539,4124,468,10085,California
Lake,2021-02-25,761,14981,496,4545,265,10436,0,0,500,6203,258,4382,500,10585,California
Lake,2021-02-26,1019,16000,323,4868,696,11132,0,0,364,5916,651,5033,364,10949,California
Lake,2021-02-27,410,16410,97,4965,313,11445,0,0,327,6161,82,5115,327,11276,California
Lake,2021-02-28,21,16431,12,4977,9,11454,0,0,12,6164,9,5124,12,11288,California
Lake,2021-03-01,597,17028,55,5032,542,11996,0,0,444,6455,153,5277,444,11732,California
Lake,2021-03-02,747,17775,18,5050,729,12725,0,0,288,6285,458,5735,288,12020,California
Lake,2021-03-03,369,18144,196,5246,173,12898,0,0,147,6210,222,5957,147,12167,California
Lake,2021-03-04,578,18722,506,5752,72,12970,0,0,562,6756,16,5973,562,12729,California
Lake,2021-03-05,1046,19768,52,5804,994,13964,0,0,186,6086,856,6829,186,12915,California
Lake,2021-03-06,35,19803,9,5813,25,13989,1,1,22,6096,13,6842,23,12938,California
Lake,2021-03-07,8,19811,6,5819,2,13991,0,1,5,6098,3,6845,5,12943,California
Lake,2021-03-08,342,20153,267,6086,65,14056,10,11,300,6366,42,6887,310,13253,California
Lake,2021-03-09,932,21085,44,6130,871,14927,17,28,408,6269,523,7410,426,13679,California
Lake,2021-03-10,205,21290,60,6190,131,15058,14,42,134,6347,71,7481,149,13828,California
Lake,2021-03-11,587,21877,49,6239,64,15122,474,516,47,6328,540,8021,521,14349,California
Lake,2021-03-12,852,22729,203,6442,624,15746,25,541,361,6225,489,8510,386,14735,California
Lake,2021-03-13,283,23012,22,6464,25,15771,236,777,20,6218,262,8772,255,14990,California
Lake,2021-03-14,11,23023,2,6466,9,15780,0,777,7,6221,4,8776,7,14997,California
Lake,2021-03-15,642,23665,13,6479,611,16391,18,795,481,6560,160,8936,499,15496,California
Lake,2021-03-16,1117,24782,836,7315,264,16655,17,812,378,6219,735,9671,394,15890,California
Lake,2021-03-17,250,25032,122,7437,105,16760,23,835,92,6176,158,9829,115,16005,California
Lake,2021-03-18,751,25783,377,7814,337,17097,37,872,356,6176,392,10221,392,16397,California
Lake,2021-03-19,586,26369,317,8131,249,17346,20,892,476,6563,109,10330,496,16893,California
Lake,2021-03-20,249,26618,9,8140,237,17583,3,895,31,6381,216,10546,34,16927,California
Lake,2021-03-21,15,26633,10,8150,4,17587,1,896,10,6387,5,10551,11,16938,California
Lake,2021-03-22,337,26970,256,8406,67,17654,14,910,250,6564,87,10638,264,17202,California
Lake,2021-03-23,429,27399,21,8427,394,18048,14,924,363,6876,65,10703,377,17579,California
Lake,2021-03-24,423,27822,62,8489,353,18401,8,932,326,7115,96,10799,335,17914,California
Lake,2021-03-25,675,28497,483,8972,185,18586,7,939,174,6794,501,11300,180,18094,California
Lake,2021-03-26,67,28564,32,9004,34,18620,1,940,31,6790,36,11336,32,18126,California
Lake,2021-03-27,309,28873,7,9011,299,18919,3,943,17,6520,290,11626,20,18146,California
Lake,2021-03-28,17,28890,8,9019,9,18928,0,943,9,6521,8,11634,9,18155,California
Lake,2021-03-29,987,29877,286,9305,699,19627,2,945,202,5942,783,12417,204,18359,California
Lake,2021-03-30,465,30342,314,9619,149,19776,2,947,366,6212,98,12515,368,18727,California
Lake,2021-03-31,615,30957,60,9679,555,20331,0,947,433,6472,173,12688,433,19160,California
Lake,2021-04-01,449,31406,234,9913,203,20534,12,959,187,6413,258,12946,199,19359,California
Lake,2021-04-02,223,31629,41,9954,154,20688,28,987,97,6412,126,13072,125,19484,California
Lake,2021-04-03,33,31662,6,9960,24,20712,3,990,13,6408,20,13092,16,19500,California
Lake,2021-04-04,20,31682,11,9971,7,20719,2,992,15,6420,5,13097,17,19517,California
Lake,2021-04-05,644,32326,71,10042,553,21272,20,1012,402,6602,239,13336,421,19938,California
Lake,2021-04-06,480,32806,17,10059,437,21709,26,1038,308,6765,171,13507,334,20272,California
Lake,2021-04-07,526,33332,58,10117,416,22125,52,1090,356,7005,168,13675,408,20680,California
Lake,2021-04-08,605,33937,493,10610,46,22171,66,1156,104,6677,498,14173,170,20850,California
Lake,2021-04-09,281,34218,39,10649,173,22344,69,1225,48,6563,230,14403,116,20966,California
Lake,2021-04-10,257,34475,15,10664,16,22360,226,1451,11,6554,246,14649,237,21203,California
Lake,2021-04-11,21,34496,16,10680,3,22363,2,1453,7,6549,14,14663,9,21212,California
Lake,2021-04-12,1083,35579,233,10913,816,23179,34,1487,244,5989,838,15501,278,21490,California
Lake,2021-04-13,181,35760,110,11023,71,23250,0,1487,54,5916,127,15628,54,21544,California
Lake,2021-04-14,620,36380,38,11061,582,23832,0,1487,554,6404,66,15694,554,22098,California
Lake,2021-04-15,646,37026,192,11253,454,24286,0,1487,332,6422,314,16008,332,22430,California
Lake,2021-04-16,267,37293,31,11284,236,24522,0,1487,76,6308,190,16198,76,22506,California
Lake,2021-04-17,42,37335,12,11296,30,24552,0,1487,32,6330,10,16208,32,22538,California
Lake,2021-04-18,9,37344,6,11302,3,24555,0,1487,0,6321,9,16217,0,22538,California
Lake,2021-04-19,298,37642,39,11341,259,24814,0,1487,247,6517,51,16268,247,22785,California
Lake,2021-04-20,695,38337,281,11622,414,25228,0,1487,95,6014,599,16867,96,22881,California
Lake,2021-04-21,532,38869,62,11684,470,25698,0,1487,197,5876,335,17202,197,23078,California
Lake,2021-04-22,471,39340,51,11735,420,26118,0,1487,323,6052,147,17349,323,23401,California
Lake,2021-04-23,120,39460,62,11797,58,26176,0,1487,72,6077,47,17396,72,23473,California
Lake,2021-04-24,55,39515,9,11806,46,26222,0,1487,41,6104,14,17410,41,23514,California
Lake,2021-04-25,37,39552,20,11826,17,26239,0,1487,25,6117,12,17422,25,23539,California
Lake,2021-04-26,294,39846,82,11908,211,26450,1,1488,89,6002,205,17627,90,23629,California
Lake,2021-04-27,250,40096,25,11933,207,26657,18,1506,87,5944,163,17790,105,23734,California
Lake,2021-04-28,512,40608,51,11984,446,27103,15,1521,90,5628,420,18210,104,23838,California
Lake,2021-04-29,209,40817,82,12066,111,27214,16,1537,110,5654,99,18309,125,23963,California
Lake,2021-04-30,288,41105,44,12110,213,27427,31,1568,147,5691,141,18450,178,24141,California
Lake,2021-05-01,49,41154,27,12137,20,27447,2,1570,34,5713,14,18464,36,24177,California
Lake,2021-05-02,18,41172,9,12146,8,27455,1,1571,9,5714,9,18473,10,24187,California
Lake,2021-05-03,412,41584,30,12176,347,27802,35,1606,66,5470,345,18818,101,24288,California
Lake,2021-05-04,404,41988,217,12393,139,27941,48,1654,124,5363,279,19097,172,24460,California
Lake,2021-05-05,630,42618,44,12437,574,28515,12,1666,84,4915,543,19640,95,24555,California
Lake,2021-05-06,142,42760,19,12456,94,28609,29,1695,72,4945,70,19710,100,24655,California
Lake,2021-05-07,166,42926,29,12485,117,28726,20,1715,102,5005,62,19772,122,24777,California
Lake,2021-05-08,44,42970,9,12494,35,28761,0,1715,37,5035,7,19779,37,24814,California
Lake,2021-05-09,17,42987,2,12496,10,28771,5,1720,10,5043,7,19786,15,24829,California
Lake,2021-05-10,245,43232,11,12507,206,28977,28,1748,59,4945,185,19971,87,24916,California
Lake,2021-05-11,194,43426,25,12532,152,29129,17,1765,115,4999,79,20050,133,25049,California
Lake,2021-05-12,542,43968,33,12565,489,29618,20,1785,56,4588,486,20536,75,25124,California
Lake,2021-05-13,318,44286,69,12634,235,29853,14,1799,72,4430,244,20780,86,25210,California
Lake,2021-05-14,268,44554,83,12717,167,30020,18,1817,163,4507,103,20883,180,25390,California
Lake,2021-05-15,45,44599,19,12736,23,30043,3,1820,28,4521,17,20900,31,25421,California
Lake,2021-05-16,33,44632,19,12755,13,30056,1,1821,18,4525,15,20915,19,25440,California
Lake,2021-05-17,315,44947,44,12799,256,30312,15,1836,82,4392,230,21145,97,25537,California
Lake,2021-05-18,299,45246,65,12864,215,30527,19,1855,171,4455,127,21272,190,25727,California
Lake,2021-05-19,313,45559,57,12921,241,30768,15,1870,88,4334,224,21496,103,25830,California
Lake,2021-05-20,236,45795,60,12981,165,30933,11,1881,92,4293,144,21640,103,25933,California
Lake,2021-05-21,274,46069,51,13032,199,31132,24,1905,114,4273,158,21798,138,26071,California
Lake,2021-05-22,97,46166,53,13085,41,31173,3,1908,48,4275,49,21847,51,26122,California
Lake,2021-05-23,58,46224,28,13113,29,31202,1,1909,30,4278,28,21875,31,26153,California
Lake,2021-05-24,158,46382,36,13149,108,31310,14,1923,72,4278,86,21961,86,26239,California
Lake,2021-05-25,205,46587,58,13207,136,31446,11,1934,75,4235,129,22090,86,26325,California
Lake,2021-05-26,151,46738,44,13251,96,31542,11,1945,54,4205,95,22185,65,26390,California
Lake,2021-05-27,175,46913,49,13300,112,31654,14,1959,61,4167,113,22298,75,26465,California
Lake,2021-05-28,222,47135,21,13321,163,31817,38,1997,50,4085,169,22467,87,26552,California
Lake,2021-05-29,37,47172,10,13331,21,31838,6,2003,14,4082,23,22490,20,26572,California
Lake,2021-05-30,22,47194,6,13337,14,31852,2,2005,12,4086,10,22500,14,26586,California
Lake,2021-05-31,63,47257,21,13358,40,31892,2,2007,53,4131,10,22510,55,26641,California
Lake,2021-06-01,199,47456,40,13398,150,32042,9,2016,69,4080,129,22639,78,26719,California
Lake,2021-06-02,133,47589,46,13444,75,32117,12,2028,53,4065,80,22719,65,26784,California
Lake,2021-06-03,179,47768,51,13495,109,32226,19,2047,77,4059,102,22821,96,26880,California
Lake,2021-06-04,183,47951,53,13548,115,32341,15,2062,45,3983,136,22957,60,26940,California
Lake,2021-06-05,92,48043,57,13605,27,32368,8,2070,56,4011,36,22993,64,27004,California
Lake,2021-06-06,67,48110,37,13642,30,32398,0,2070,23,3990,44,23037,23,27027,California
Lake,2021-06-07,88,48198,28,13670,52,32450,8,2078,30,3971,57,23094,38,27065,California
Lake,2021-06-08,179,48377,68,13738,99,32549,12,2090,67,3938,112,23206,79,27144,California
Lake,2021-06-09,172,48549,43,13781,125,32674,4,2094,37,3846,133,23339,41,27185,California
Lake,2021-06-10,127,48676,62,13843,52,32726,13,2107,50,3832,77,23416,63,27248,California
Lake,2021-06-11,209,48885,67,13910,119,32845,23,2130,48,3744,159,23575,71,27319,California
Lake,2021-06-12,66,48951,38,13948,22,32867,6,2136,34,3752,32,23607,40,27359,California
Lake,2021-06-13,29,48980,16,13964,13,32880,0,2136,14,3751,15,23622,14,27373,California
Lake,2021-06-14,179,49159,87,14051,79,32959,13,2149,50,3686,128,23750,63,27436,California
Lake,2021-06-15,244,49403,65,14116,162,33121,17,2166,78,3615,166,23916,95,27531,California
Lake,2021-06-16,163,49566,57,14173,91,33212,15,2181,55,3578,107,24023,70,27601,California
Lake,2021-06-17,179,49745,86,14259,83,33295,10,2191,80,3570,98,24121,90,27691,California
Lake,2021-06-18,135,49880,38,14297,88,33383,9,2200,53,3550,82,24203,62,27753,California
Lake,2021-06-19,67,49947,25,14322,42,33425,0,2200,34,3551,33,24236,34,27787,California
Lake,2021-06-20,22,49969,8,14330,12,33437,2,2202,11,3553,11,24247,13,27800,California
Lake,2021-06-21,67,50036,17,14347,43,33480,7,2209,29,3551,38,24285,36,27836,California
Lake,2021-06-22,135,50171,51,14398,74,33554,10,2219,62,3551,72,24357,72,27908,California
Lake,2021-06-23,139,50310,68,14466,56,33610,15,2234,80,3587,59,24416,95,28003,California
Lake,2021-06-24,139,50449,91,14557,34,33644,14,2248,48,3560,89,24505,62,28065,California
Lake,2021-06-25,127,50576,58,14615,60,33704,9,2257,64,3571,62,24567,73,28138,California
Lake,2021-06-26,45,50621,34,14649,11,33715,0,2257,6,3538,39,24606,6,28144,California
Lake,2021-06-27,42,50663,30,14679,12,33727,0,2257,23,3542,19,24625,23,28167,California
Lake,2021-06-28,64,50727,21,14700,22,33749,21,2278,27,3554,36,24661,48,28215,California
Lassen,2020-12-16,8,8,8,8,0,0,0,0,8,8,0,0,8,8,California
Lassen,2020-12-17,6,14,6,14,0,0,0,0,6,14,0,0,6,14,California
Lassen,2020-12-18,1,15,1,15,0,0,0,0,1,15,0,0,1,15,California
Lassen,2020-12-19,5,20,5,20,0,0,0,0,5,20,0,0,5,20,California
Lassen,2020-12-20,2,22,2,22,0,0,0,0,2,22,0,0,2,22,California
Lassen,2020-12-21,11,33,11,33,0,0,0,0,11,33,0,0,11,33,California
Lassen,2020-12-22,23,56,23,56,0,0,0,0,23,56,0,0,23,56,California
Lassen,2020-12-23,6,62,6,62,0,0,0,0,6,62,0,0,6,62,California
Lassen,2020-12-24,10,72,10,72,0,0,0,0,10,72,0,0,10,72,California
Lassen,2020-12-28,3,75,2,74,1,1,0,0,3,75,0,0,3,75,California
Lassen,2020-12-29,35,110,35,109,0,1,0,0,35,110,0,0,35,110,California
Lassen,2020-12-30,36,146,35,144,1,2,0,0,36,146,0,0,36,146,California
Lassen,2020-12-31,49,195,42,186,7,9,0,0,49,195,0,0,49,195,California
Lassen,2021-01-02,1,196,0,186,1,10,0,0,1,196,0,0,1,196,California
Lassen,2021-01-04,15,211,2,188,13,23,0,0,15,211,0,0,15,211,California
Lassen,2021-01-05,193,404,52,240,141,164,0,0,193,404,0,0,193,404,California
Lassen,2021-01-06,95,499,44,284,51,215,0,0,87,484,8,8,88,492,California
Lassen,2021-01-07,43,542,7,291,36,251,0,0,37,515,6,14,37,529,California
Lassen,2021-01-08,50,592,2,293,48,299,0,0,50,565,0,14,50,579,California
Lassen,2021-01-09,12,604,6,299,6,305,0,0,12,577,0,14,12,591,California
Lassen,2021-01-11,27,631,5,304,22,327,0,0,27,604,0,14,27,618,California
Lassen,2021-01-12,49,680,29,333,20,347,0,0,30,615,19,33,30,648,California
Lassen,2021-01-13,160,840,18,351,142,489,0,0,146,747,14,47,146,794,California
Lassen,2021-01-14,162,1002,18,369,144,633,0,0,150,885,12,59,150,944,California
Lassen,2021-01-15,33,1035,6,375,27,660,0,0,33,918,0,59,33,977,California
Lassen,2021-01-16,34,1069,33,408,1,661,0,0,34,952,0,59,34,1011,California
Lassen,2021-01-17,1,1070,0,408,1,662,0,0,1,953,0,59,1,1012,California
Lassen,2021-01-18,5,1075,2,410,3,665,0,0,4,956,1,60,4,1016,California
Lassen,2021-01-19,186,1261,36,446,150,815,0,0,158,1086,28,88,158,1174,California
Lassen,2021-01-20,189,1450,101,547,88,903,0,0,106,1124,68,156,106,1280,California
Lassen,2021-01-21,145,1595,93,640,52,955,0,0,121,1227,18,174,121,1401,California
Lassen,2021-01-22,31,1626,18,658,13,968,0,0,21,1238,10,184,21,1422,California
Lassen,2021-01-23,2,1628,0,658,2,970,0,0,2,1240,0,184,2,1424,California
Lassen,2021-01-24,1,1629,0,658,1,971,0,0,1,1241,0,184,1,1425,California
Lassen,2021-01-25,12,1641,1,659,11,982,0,0,11,1251,1,185,11,1436,California
Lassen,2021-01-26,126,1767,12,671,114,1096,0,0,122,1369,4,189,122,1558,California
Lassen,2021-01-27,90,1857,37,708,53,1149,0,0,72,1423,18,207,72,1630,California
Lassen,2021-01-28,86,1943,16,724,70,1219,0,0,85,1507,1,208,85,1715,California
Lassen,2021-01-29,23,1966,7,731,16,1235,0,0,22,1528,1,209,22,1737,California
Lassen,2021-02-01,61,2027,4,735,57,1292,0,0,36,1539,25,234,36,1773,California
Lassen,2021-02-02,177,2204,12,747,165,1457,0,0,44,1450,133,367,44,1817,California
Lassen,2021-02-03,97,2301,21,768,76,1533,0,0,50,1453,47,414,50,1867,California
Lassen,2021-02-04,112,2413,15,783,97,1630,0,0,63,1467,49,463,63,1930,California
Lassen,2021-02-05,66,2479,12,795,54,1684,0,0,24,1449,42,505,24,1954,California
Lassen,2021-02-06,69,2548,34,829,35,1719,0,0,36,1453,32,537,36,1990,California
Lassen,2021-02-07,3,2551,3,832,0,1719,0,0,3,1456,0,537,3,1993,California
Lassen,2021-02-08,44,2595,4,836,40,1759,0,0,18,1448,26,563,18,2011,California
Lassen,2021-02-09,128,2723,7,843,121,1880,0,0,49,1418,79,642,49,2060,California
Lassen,2021-02-10,184,2907,22,865,162,2042,0,0,76,1386,108,750,76,2136,California
Lassen,2021-02-11,183,3090,16,881,167,2209,0,0,79,1362,103,853,79,2215,California
Lassen,2021-02-12,44,3134,11,892,33,2242,0,0,16,1350,28,881,16,2231,California
Lassen,2021-02-13,11,3145,3,895,8,2250,0,0,9,1357,2,883,9,2240,California
Lassen,2021-02-14,13,3158,0,895,13,2263,0,0,12,1368,1,884,12,2252,California
Lassen,2021-02-15,22,3180,3,898,19,2282,0,0,17,1381,4,888,17,2269,California
Lassen,2021-02-16,192,3372,4,902,188,2470,0,0,31,1253,159,1047,31,2300,California
Lassen,2021-02-17,183,3555,94,996,89,2559,0,0,10,1090,173,1220,10,2310,California
Lassen,2021-02-18,80,3635,23,1019,57,2616,0,0,19,1048,61,1281,19,2329,California
Lassen,2021-02-19,83,3718,62,1081,21,2637,0,0,19,1003,64,1345,19,2348,California
Lassen,2021-02-20,8,3726,0,1081,8,2645,0,0,6,1007,2,1347,6,2354,California
Lassen,2021-02-21,22,3748,2,1083,20,2665,0,0,18,1021,4,1351,18,2372,California
Lassen,2021-02-22,26,3774,12,1095,14,2679,0,0,8,1011,18,1369,8,2380,California
Lassen,2021-02-23,154,3928,10,1105,144,2823,0,0,43,943,111,1480,43,2423,California
Lassen,2021-02-24,166,4094,16,1121,150,2973,0,0,107,992,58,1538,107,2530,California
Lassen,2021-02-25,158,4252,21,1142,137,3110,0,0,99,1032,59,1597,99,2629,California
Lassen,2021-02-26,74,4326,16,1158,58,3168,0,0,37,1032,37,1634,37,2666,California
Lassen,2021-02-27,8,4334,7,1165,1,3169,0,0,3,1030,5,1639,3,2669,California
Lassen,2021-02-28,7,4341,2,1167,5,3174,0,0,3,1029,4,1643,3,2672,California
Lassen,2021-03-01,42,4383,4,1171,38,3212,0,0,8,1004,33,1676,8,2680,California
Lassen,2021-03-02,108,4491,8,1179,100,3312,0,0,81,1059,26,1702,81,2761,California
Lassen,2021-03-03,169,4660,11,1190,158,3470,0,0,113,1116,56,1758,113,2874,California
Lassen,2021-03-04,149,4809,17,1207,132,3602,0,0,98,1164,50,1808,98,2972,California
Lassen,2021-03-05,49,4858,7,1214,18,3620,24,24,11,1161,38,1846,35,3007,California
Lassen,2021-03-06,55,4913,4,1218,29,3649,22,46,5,1138,50,1896,27,3034,California
Lassen,2021-03-07,58,4971,3,1221,0,3649,55,101,3,1141,55,1951,58,3092,California
Lassen,2021-03-08,88,5059,2,1223,7,3656,79,180,3,1138,85,2036,82,3174,California
Lassen,2021-03-09,137,5196,11,1234,109,3765,17,197,89,1196,48,2084,106,3280,California
Lassen,2021-03-10,175,5371,10,1244,163,3928,2,199,79,1182,95,2179,81,3361,California
Lassen,2021-03-11,185,5556,16,1260,162,4090,7,206,113,1233,69,2248,120,3481,California
Lassen,2021-03-12,34,5590,17,1277,13,4103,4,210,12,1227,22,2270,16,3497,California
Lassen,2021-03-13,48,5638,0,1277,2,4105,46,256,1,1226,47,2317,46,3543,California
Lassen,2021-03-14,14,5652,2,1279,11,4116,1,257,2,1217,12,2329,3,3546,California
Lassen,2021-03-15,36,5688,5,1284,31,4147,0,257,16,1213,20,2349,16,3562,California
Lassen,2021-03-16,93,5781,2,1286,85,4232,6,263,74,1274,19,2368,80,3642,California
Lassen,2021-03-17,1082,6863,9,1295,1068,5300,5,268,1063,2323,19,2387,1068,4710,California
Lassen,2021-03-18,94,6957,9,1304,84,5384,1,269,81,2392,13,2400,82,4792,California
Lassen,2021-03-19,18,6975,11,1315,3,5387,4,273,7,2392,11,2411,11,4803,California
Lassen,2021-03-20,30,7005,3,1318,24,5411,3,276,23,2411,7,2418,26,4829,California
Lassen,2021-03-21,34,7039,1,1319,33,5444,0,276,14,2406,19,2437,14,4843,California
Lassen,2021-03-22,59,7098,1,1320,58,5502,0,276,56,2459,3,2440,56,4899,California
Lassen,2021-03-23,120,7218,11,1331,108,5610,1,277,67,2474,53,2493,68,4967,California
Lassen,2021-03-24,213,7431,13,1344,199,5809,1,278,106,2476,105,2598,107,5074,California
Lassen,2021-03-25,155,7586,23,1367,132,5941,0,278,72,2465,83,2681,72,5146,California
Lassen,2021-03-26,77,7663,13,1380,26,5967,38,316,19,2464,57,2738,56,5202,California
Lassen,2021-03-27,21,7684,4,1384,1,5968,16,332,3,2465,18,2756,19,5221,California
Lassen,2021-03-28,17,7701,4,1388,4,5972,9,341,2,2461,15,2771,11,5232,California
Lassen,2021-03-29,53,7754,0,1388,28,6000,25,366,20,2474,32,2803,45,5277,California
Lassen,2021-03-30,200,7954,10,1398,164,6164,26,392,52,2404,148,2951,78,5355,California
Lassen,2021-03-31,147,8101,12,1410,113,6277,22,414,62,2404,84,3035,84,5439,California
Lassen,2021-04-01,166,8267,15,1425,131,6408,20,434,48,2355,117,3152,68,5507,California
Lassen,2021-04-02,30,8297,4,1429,3,6411,23,457,2,2352,28,3180,25,5532,California
Lassen,2021-04-03,12,8309,0,1429,2,6413,10,467,0,2350,12,3192,10,5542,California
Lassen,2021-04-04,7,8316,2,1431,0,6413,5,472,1,2350,6,3198,6,5548,California
Lassen,2021-04-05,22,8338,4,1435,11,6424,7,479,11,2357,11,3209,18,5566,California
Lassen,2021-04-06,183,8521,8,1443,145,6569,30,509,53,2310,130,3339,83,5649,California
Lassen,2021-04-07,135,8656,6,1449,92,6661,37,546,32,2278,103,3442,71,5720,California
Lassen,2021-04-08,169,8825,9,1458,104,6765,56,602,32,2233,133,3575,88,5808,California
Lassen,2021-04-09,51,8876,6,1464,10,6775,35,637,8,2233,42,3617,42,5850,California
Lassen,2021-04-10,10,8886,0,1464,2,6777,8,645,0,2232,9,3626,8,5858,California
Lassen,2021-04-11,6,8892,2,1466,1,6778,3,648,3,2235,3,3629,6,5864,California
Lassen,2021-04-12,32,8924,4,1470,15,6793,13,661,4,2224,28,3657,17,5881,California
Lassen,2021-04-13,129,9053,6,1476,123,6916,0,661,40,2176,88,3745,40,5921,California
Lassen,2021-04-14,989,10042,16,1492,973,7889,0,661,51,1290,937,4682,51,5972,California
Lassen,2021-04-15,147,10189,14,1506,133,8022,0,661,19,1181,128,4810,19,5991,California
Lassen,2021-04-16,14,10203,5,1511,9,8031,0,661,6,1179,8,4818,6,5997,California
Lassen,2021-04-17,25,10228,3,1514,22,8053,0,661,4,1162,21,4839,4,6001,California
Lassen,2021-04-18,5,10233,2,1516,3,8056,0,661,2,1161,3,4842,2,6003,California
Lassen,2021-04-19,35,10268,0,1516,35,8091,0,661,18,1162,17,4859,18,6021,California
Lassen,2021-04-20,137,10405,7,1523,130,8221,0,661,51,1127,86,4945,51,6072,California
Lassen,2021-04-21,167,10572,10,1533,156,8377,1,662,34,1031,131,5076,35,6107,California
Lassen,2021-04-22,104,10676,16,1549,88,8465,0,662,34,995,70,5146,34,6141,California
Lassen,2021-04-23,27,10703,1,1550,26,8491,0,662,21,1010,6,5152,21,6162,California
Lassen,2021-04-24,9,10712,5,1555,4,8495,0,662,3,1007,6,5158,3,6165,California
Lassen,2021-04-25,5,10717,0,1555,4,8499,1,663,3,1009,2,5160,4,6169,California
Lassen,2021-04-26,44,10761,2,1557,38,8537,4,667,9,988,34,5194,13,6182,California
Lassen,2021-04-27,122,10883,9,1566,110,8647,3,670,69,1007,53,5247,72,6254,California
Lassen,2021-04-28,82,10965,7,1573,73,8720,2,672,29,985,53,5300,31,6285,California
Lassen,2021-04-29,69,11034,7,1580,59,8779,3,675,24,968,44,5344,27,6312,California
Lassen,2021-04-30,15,11049,8,1588,4,8783,3,678,6,968,9,5353,9,6321,California
Lassen,2021-05-01,5,11054,0,1588,4,8787,1,679,4,972,1,5354,5,6326,California
Lassen,2021-05-02,11,11065,7,1595,4,8791,0,679,7,975,4,5358,7,6333,California
Lassen,2021-05-03,18,11083,2,1597,10,8801,6,685,3,969,15,5373,9,6342,California
Lassen,2021-05-04,73,11156,5,1602,60,8861,8,693,21,946,52,5425,29,6371,California
Lassen,2021-05-05,83,11239,4,1606,67,8928,12,705,26,928,56,5481,38,6409,California
Lassen,2021-05-06,84,11323,21,1627,41,8969,22,727,25,916,59,5540,47,6456,California
Lassen,2021-05-07,49,11372,33,1660,11,8980,5,732,41,954,8,5548,46,6502,California
Lassen,2021-05-08,11,11383,0,1660,5,8985,6,738,4,957,7,5555,10,6512,California
Lassen,2021-05-09,3,11386,1,1661,0,8985,2,740,0,956,3,5558,2,6514,California
Lassen,2021-05-10,12,11398,1,1662,8,8993,3,743,6,959,6,5564,9,6523,California
Lassen,2021-05-11,75,11473,1,1663,63,9056,11,754,21,937,54,5618,32,6555,California
Lassen,2021-05-12,45,11518,5,1668,34,9090,6,760,15,928,30,5648,21,6576,California
Lassen,2021-05-13,40,11558,11,1679,24,9114,5,765,14,921,26,5674,19,6595,California
Lassen,2021-05-14,22,11580,4,1683,10,9124,8,773,11,929,11,5685,19,6614,California
Lassen,2021-05-15,16,11596,2,1685,4,9128,10,783,4,931,12,5697,14,6628,California
Lassen,2021-05-16,7,11603,2,1687,3,9131,2,785,2,931,4,5701,4,6632,California
Lassen,2021-05-17,36,11639,4,1691,20,9151,12,797,10,927,26,5727,22,6654,California
Lassen,2021-05-18,95,11734,11,1702,71,9222,13,810,31,907,64,5791,44,6698,California
Lassen,2021-05-19,61,11795,4,1706,46,9268,11,821,9,875,51,5842,19,6717,California
Lassen,2021-05-20,35,11830,8,1714,18,9286,9,830,11,871,24,5866,20,6737,California
Lassen,2021-05-21,67,11897,33,1747,20,9306,14,844,35,888,32,5898,49,6786,California
Lassen,2021-05-22,17,11914,2,1749,7,9313,8,852,7,893,10,5908,15,6801,California
Lassen,2021-05-23,6,11920,4,1753,1,9314,1,853,0,888,6,5914,1,6802,California
Lassen,2021-05-24,12,11932,1,1754,9,9323,2,855,4,887,7,5921,6,6808,California
Lassen,2021-05-25,101,12033,6,1760,86,9409,9,864,34,863,67,5988,43,6851,California
Lassen,2021-05-26,59,12092,1,1761,42,9451,16,880,11,842,48,6036,27,6878,California
Lassen,2021-05-27,45,12137,18,1779,21,9472,6,886,14,832,30,6066,20,6898,California
Lassen,2021-05-28,75,12212,49,1828,18,9490,8,894,31,827,44,6110,39,6937,California
Lassen,2021-05-29,15,12227,1,1829,12,9502,2,896,8,830,7,6117,10,6947,California
Lassen,2021-05-30,2,12229,0,1829,1,9503,1,897,1,831,1,6118,2,6949,California
Lassen,2021-05-31,7,12236,0,1829,6,9509,1,898,1,827,6,6124,2,6951,California
Lassen,2021-06-01,45,12281,2,1831,36,9545,7,905,15,819,30,6154,22,6973,California
Lassen,2021-06-02,59,12340,2,1833,41,9586,16,921,15,807,43,6197,31,7004,California
Lassen,2021-06-03,31,12371,6,1839,15,9601,10,931,8,802,23,6220,18,7022,California
Lassen,2021-06-04,39,12410,2,1841,25,9626,12,943,13,801,26,6246,25,7047,California
Lassen,2021-06-05,14,12424,3,1844,7,9633,4,947,4,799,10,6256,8,7055,California
Lassen,2021-06-06,5,12429,0,1844,2,9635,3,950,1,799,4,6260,4,7059,California
Lassen,2021-06-07,19,12448,0,1844,10,9645,9,959,3,795,16,6276,12,7071,California
Lassen,2021-06-08,43,12491,9,1853,30,9675,4,963,15,786,28,6304,19,7090,California
Lassen,2021-06-09,19,12510,2,1855,15,9690,2,965,7,784,11,6315,9,7099,California
Lassen,2021-06-10,24,12534,10,1865,12,9702,2,967,12,786,12,6327,14,7113,California
Lassen,2021-06-11,44,12578,29,1894,14,9716,1,968,11,766,33,6360,13,7126,California
Lassen,2021-06-12,6,12584,2,1896,4,9720,0,968,2,764,4,6364,2,7128,California
Lassen,2021-06-13,3,12587,2,1898,1,9721,0,968,1,763,2,6366,1,7129,California
Lassen,2021-06-14,9,12596,1,1899,6,9727,2,970,3,763,5,6371,5,7134,California
Lassen,2021-06-15,51,12647,5,1904,40,9767,6,976,15,748,36,6407,21,7155,California
Lassen,2021-06-16,12,12659,1,1905,6,9773,5,981,7,755,5,6412,12,7167,California
Lassen,2021-06-17,24,12683,12,1917,8,9781,4,985,10,755,14,6426,14,7181,California
Lassen,2021-06-18,51,12734,21,1938,21,9802,9,994,12,736,39,6465,20,7201,California
Lassen,2021-06-19,13,12747,1,1939,10,9812,2,996,5,735,8,6473,7,7208,California
Lassen,2021-06-20,7,12754,3,1942,3,9815,1,997,6,741,1,6474,7,7215,California
Lassen,2021-06-21,15,12769,0,1942,12,9827,3,1000,5,739,10,6484,8,7223,California
Lassen,2021-06-22,37,12806,1,1943,35,9862,1,1001,19,741,18,6502,20,7243,California
Lassen,2021-06-23,18,12824,2,1945,12,9874,4,1005,5,737,13,6515,9,7252,California
Lassen,2021-06-24,28,12852,5,1950,16,9890,7,1012,14,744,14,6529,21,7273,California
Lassen,2021-06-25,23,12875,4,1954,19,9909,0,1012,13,747,10,6539,13,7286,California
Lassen,2021-06-26,6,12881,0,1954,6,9915,0,1012,1,743,5,6544,1,7287,California
Lassen,2021-06-27,1,12882,0,1954,0,9915,1,1013,0,743,1,6545,1,7288,California
Lassen,2021-06-28,4,12886,1,1955,3,9918,0,1013,3,745,1,6546,3,7291,California
Los Angeles,2020-12-15,399,399,399,399,0,0,0,0,399,399,0,0,399,399,California
Los Angeles,2020-12-16,3589,3988,3589,3988,0,0,0,0,3589,3988,0,0,3589,3988,California
Los Angeles,2020-12-17,10430,14418,10430,14418,0,0,0,0,10430,14417,1,1,10430,14418,California
Los Angeles,2020-12-18,14804,29222,14779,29197,25,25,0,0,14802,29218,1,2,14802,29220,California
Los Angeles,2020-12-19,7316,36538,7307,36504,9,34,0,0,7318,36536,0,2,7318,36538,California
Los Angeles,2020-12-20,4672,41210,4662,41166,10,44,0,0,4674,41210,0,2,4674,41212,California
Los Angeles,2020-12-21,13790,55000,13773,54939,17,61,0,0,13790,54999,1,3,13790,55002,California
Los Angeles,2020-12-22,11611,66611,11218,66157,393,454,0,0,11610,66607,2,5,11610,66612,California
Los Angeles,2020-12-23,12026,78637,10244,76401,1782,2236,0,0,12027,78634,0,5,12027,78639,California
Los Angeles,2020-12-24,7071,85708,4279,80680,2792,5028,0,0,7073,85707,0,5,7073,85712,California
Los Angeles,2020-12-25,528,86236,421,81101,107,5135,0,0,529,86236,0,5,529,86241,California
Los Angeles,2020-12-26,2551,88787,2197,83298,354,5489,0,0,2550,88784,2,7,2550,88791,California
Los Angeles,2020-12-27,1785,90572,1045,84343,740,6229,0,0,1785,90569,0,7,1785,90576,California
Los Angeles,2020-12-28,10396,100968,6445,90788,3951,10180,0,0,10393,100961,1,8,10393,100969,California
Los Angeles,2020-12-29,11694,112662,6135,96923,5559,15739,0,0,11694,112654,1,9,11694,112663,California
Los Angeles,2020-12-30,14971,127633,8138,105061,6833,22572,0,0,14970,127624,0,9,14970,127633,California
Los Angeles,2020-12-31,8018,135651,2781,107842,5237,27809,0,0,8013,135633,4,13,8013,135646,California
Los Angeles,2021-01-01,1098,136749,325,108167,773,28582,0,0,1096,136727,2,15,1096,136742,California
Los Angeles,2021-01-02,4510,141259,1684,109851,2826,31408,0,0,4509,141236,0,15,4509,141251,California
Los Angeles,2021-01-03,973,142232,229,110080,744,32152,0,0,971,142205,2,17,971,142222,California
Los Angeles,2021-01-04,12818,155050,4911,114991,7907,40059,0,0,12803,155006,2,19,12803,155025,California
Los Angeles,2021-01-05,16158,171208,7139,122130,9019,49078,0,0,14207,167300,1922,1941,14216,169241,California
Los Angeles,2021-01-06,22822,194030,12134,134264,10688,59766,0,0,17123,178804,5629,7570,17133,186374,California
Los Angeles,2021-01-07,29836,223866,16133,150397,13703,73469,0,0,18943,186919,10844,18414,18959,205333,California
Los Angeles,2021-01-08,33327,257193,18014,168411,15313,88782,0,0,21002,195637,12296,30710,21014,226347,California
Los Angeles,2021-01-09,12470,269663,7114,175525,5356,94138,0,0,7578,198334,4889,35599,7586,233933,California
Los Angeles,2021-01-10,4730,274393,3659,179184,1071,95209,0,0,1984,197573,2746,38345,1985,235918,California
Los Angeles,2021-01-11,25993,300386,16338,195522,9655,104864,0,0,14994,201593,10985,49330,15005,250923,California
Los Angeles,2021-01-12,29501,329887,16258,211780,13243,118107,0,0,19280,210682,10204,59534,19293,270216,California
Los Angeles,2021-01-13,29668,359555,15906,227686,13762,131869,0,0,20638,222314,9013,68547,20645,290861,California
Los Angeles,2021-01-14,29462,389017,12758,240444,16704,148573,0,0,23889,240661,5555,74102,23902,314763,California
Los Angeles,2021-01-15,34132,423149,12440,252884,21692,170265,0,0,30517,267600,3588,77690,30527,345290,California
Los Angeles,2021-01-16,17750,440899,5012,257896,12738,183003,0,0,15950,281766,1791,79481,15957,361247,California
Los Angeles,2021-01-17,5273,446172,2358,260254,2915,185918,0,0,5012,286520,260,79741,5014,366261,California
Los Angeles,2021-01-18,15768,461940,10157,270411,5611,191529,0,0,11016,292801,4739,84480,11020,377281,California
Los Angeles,2021-01-19,38848,500788,20700,291111,18148,209677,0,0,30976,315962,7830,92310,30991,408272,California
Los Angeles,2021-01-20,47212,548000,24743,315854,22469,232146,0,0,39536,347871,7641,99951,39550,447822,California
Los Angeles,2021-01-21,49366,597366,22681,338535,26685,258831,0,0,45012,388619,4281,104232,45029,492851,California
Los Angeles,2021-01-22,48665,646031,22485,361020,26180,285011,0,0,45149,430317,3466,107698,45164,538015,California
Los Angeles,2021-01-23,34352,680383,15817,376837,18535,303546,0,0,32251,460514,2068,109766,32265,570280,California
Los Angeles,2021-01-24,15767,696150,12190,389027,3577,307123,0,0,15204,475168,553,110319,15207,585487,California
Los Angeles,2021-01-25,39780,735930,16753,405780,23027,330150,0,0,31071,497587,8668,118987,31087,616574,California
Los Angeles,2021-01-26,49910,785840,24725,430505,25185,355335,0,0,41550,530837,8321,127308,41571,658145,California
Los Angeles,2021-01-27,51165,837005,25918,456423,25247,380582,0,0,41658,563162,9360,136668,41685,699830,California
Los Angeles,2021-01-28,49248,886253,23508,479931,25740,406322,0,0,40657,595369,8466,145134,40673,740503,California
Los Angeles,2021-01-29,50022,936275,25695,505626,24327,430649,0,0,39758,625243,9901,155035,39775,780278,California
Los Angeles,2021-01-30,30389,966664,15548,521174,14841,445490,0,0,26036,647018,4267,159302,26042,806320,California
Los Angeles,2021-01-31,12902,979566,10113,531287,2789,448279,0,0,11973,658084,911,160213,11977,818297,California
Los Angeles,2021-02-01,38865,1018431,16430,547717,22435,470714,0,0,28105,675492,10709,170922,28117,846414,California
Los Angeles,2021-02-02,45104,1063535,18122,565839,26982,497696,0,0,32597,695636,12459,183381,32603,879017,California
Los Angeles,2021-02-03,52727,1116262,19715,585554,33012,530708,0,0,37648,718467,14828,198209,37659,916676,California
Los Angeles,2021-02-04,57725,1173987,20859,606413,36866,567574,0,0,39431,739967,17946,216155,39446,956122,California
Los Angeles,2021-02-05,61984,1235971,21233,627646,40751,608325,0,0,39711,757878,21815,237970,39726,995848,California
Los Angeles,2021-02-06,35826,1271797,13467,641113,22359,630684,0,0,27240,776635,8506,246476,27263,1023111,California
Los Angeles,2021-02-07,11010,1282807,8512,649625,2498,633182,0,0,8586,782821,2407,248883,8593,1031704,California
Los Angeles,2021-02-08,47349,1330156,21829,671454,25520,658702,0,0,30905,797434,16298,265181,30911,1062615,California
Los Angeles,2021-02-09,56279,1386435,24790,696244,31489,690191,0,0,28505,798269,27682,292863,28517,1091132,California
Los Angeles,2021-02-10,67641,1454076,29591,725835,38050,728241,0,0,30576,792207,36656,329519,30594,1121726,California
Los Angeles,2021-02-11,58866,1512942,31405,757240,27461,755702,0,0,28215,790277,30155,359674,28225,1149951,California
Los Angeles,2021-02-12,60559,1573501,30136,787376,30423,786125,0,0,26355,782843,33812,393486,26378,1176329,California
Los Angeles,2021-02-13,34214,1607715,19990,807366,14224,800349,0,0,15534,779856,18576,412062,15589,1191918,California
Los Angeles,2021-02-14,22043,1629758,15054,822420,6989,807338,0,0,8833,775556,13142,425204,8842,1200760,California
Los Angeles,2021-02-15,33259,1663017,16140,838560,17119,824457,0,0,18198,778788,14983,440187,18215,1218975,California
Los Angeles,2021-02-16,64779,1727796,32926,871486,31853,856310,0,0,29952,774054,34705,474892,29971,1248946,California
Los Angeles,2021-02-17,65546,1793342,34978,906464,30568,886878,0,0,26583,761907,38745,513637,26598,1275544,California
Los Angeles,2021-02-18,69280,1862622,35228,941692,34052,920930,0,0,28772,750425,40276,553913,28794,1304338,California
Los Angeles,2021-02-19,59162,1921784,36469,978161,22693,943623,0,0,28838,749113,30170,584083,28858,1333196,California
Los Angeles,2021-02-20,33427,1955211,24354,1002515,9073,952696,0,0,16060,747924,17285,601368,16096,1349292,California
Los Angeles,2021-02-21,22455,1977666,20739,1023254,1716,954412,0,0,11261,748077,11117,612485,11270,1360562,California
Los Angeles,2021-02-22,35279,2012945,25675,1048929,9604,964016,0,0,18150,749216,17037,629522,18176,1378738,California
Los Angeles,2021-02-23,55590,2068535,23971,1072900,31619,995635,0,0,21740,737263,33722,663244,21769,1400507,California
Los Angeles,2021-02-24,65390,2133925,29124,1102024,36266,1031901,0,0,28186,728477,37009,700253,28223,1428730,California
Los Angeles,2021-02-25,74574,2208499,34122,1136146,40452,1072353,0,0,38425,730976,35962,736215,38461,1467191,California
Los Angeles,2021-02-26,84214,2292713,38983,1175129,45231,1117584,0,0,47230,741518,36736,772951,47278,1514469,California
Los Angeles,2021-02-27,60694,2353407,26755,1201884,33930,1151514,9,9,30978,743001,29541,802492,31024,1545493,California
Los Angeles,2021-02-28,27069,2380476,18654,1220538,8412,1159926,3,12,18975,754017,7979,810471,18995,1564488,California
Los Angeles,2021-03-01,57598,2438074,32678,1253216,24878,1184804,42,54,34566,765844,22816,833287,34643,1599131,California
Los Angeles,2021-03-02,78417,2516491,38036,1291252,40373,1225177,8,62,49452,786544,28796,862083,49496,1648627,California
Los Angeles,2021-03-03,86340,2602831,44274,1335526,42047,1267224,19,81,54689,809838,31450,893533,54744,1703371,California
Los Angeles,2021-03-04,92089,2694920,47191,1382717,44881,1312105,17,98,58269,834547,33617,927150,58326,1761697,California
Los Angeles,2021-03-05,90812,2785732,44790,1427507,45988,1358093,34,132,60663,865386,29928,957078,60767,1822464,California
Los Angeles,2021-03-06,67622,2853354,34500,1462007,31291,1389384,1831,1963,43555,886873,23914,980992,45401,1867865,California
Los Angeles,2021-03-07,27405,2880759,20864,1482871,5701,1395085,840,2803,21190,902731,6179,987171,22037,1889902,California
Los Angeles,2021-03-08,54604,2935363,29540,1512411,23093,1418178,1971,4774,41263,932757,13219,1000390,43245,1933147,California
Los Angeles,2021-03-09,81985,3017348,39116,1551527,39578,1457756,3291,8065,52225,958674,29599,1029989,55516,1988663,California
Los Angeles,2021-03-10,83613,3100961,41187,1592714,37527,1495283,4899,12964,52888,985901,30525,1060514,57752,2046415,California
Los Angeles,2021-03-11,93742,3194703,46100,1638814,40902,1536185,6740,19704,54878,1008828,38653,1099167,61580,2107995,California
Los Angeles,2021-03-12,99824,3294527,45250,1684064,40636,1576821,13938,33642,58245,1039601,41348,1140515,72121,2180116,California
Los Angeles,2021-03-13,76005,3370532,35892,1719956,28121,1604942,11992,45634,45303,1066278,30574,1171089,57251,2237367,California
Los Angeles,2021-03-14,39245,3409777,26374,1746330,10314,1615256,2557,48191,23991,1077640,15178,1186267,26540,2263907,California
Los Angeles,2021-03-15,75672,3485449,37190,1783520,33017,1648273,5465,53656,45750,1099113,29712,1215979,51185,2315092,California
Los Angeles,2021-03-16,100561,3586010,44244,1827764,50432,1698705,5885,59541,65118,1134857,35212,1251191,70956,2386048,California
Los Angeles,2021-03-17,98186,3684196,44911,1872675,44950,1743655,8325,67866,65832,1176736,32124,1283315,74003,2460051,California
Los Angeles,2021-03-18,103685,3787881,49803,1922478,48293,1791948,5589,73455,65584,1210110,37782,1321097,71156,2531207,California
Los Angeles,2021-03-19,109943,3897824,57547,1980025,47604,1839552,4792,78247,67732,1240658,41919,1363016,72467,2603674,California
Los Angeles,2021-03-20,76695,3974519,37903,2017928,34190,1873742,4602,82849,51982,1272713,24512,1387528,56567,2660241,California
Los Angeles,2021-03-21,34928,4009447,26017,2043945,8004,1881746,907,83756,22342,1283505,12455,1399983,23247,2683488,California
Los Angeles,2021-03-22,71444,4080891,42109,2086054,27160,1908906,2175,85931,50073,1314669,21080,1421063,52244,2735732,California
Los Angeles,2021-03-23,97134,4178025,52762,2138816,41126,1950032,3246,89177,58613,1338277,38237,1459300,61845,2797577,California
Los Angeles,2021-03-24,105555,4283580,56137,2194953,46246,1996278,3172,92349,60558,1357343,44649,1503949,63715,2861292,California
Los Angeles,2021-03-25,111418,4394998,59883,2254836,47625,2043903,3910,96259,62285,1374715,48803,1552752,66175,2927467,California
Los Angeles,2021-03-26,115805,4510803,63503,2318339,48059,2091962,4243,100502,63719,1390873,51770,1604522,67928,2995395,California
Los Angeles,2021-03-27,83808,4594611,44121,2362460,37547,2129509,2140,102642,42669,1394832,40851,1645373,44810,3040205,California
Los Angeles,2021-03-28,42300,4636911,28699,2391159,13016,2142525,585,103227,20065,1393385,22099,1667472,20652,3060857,California
Los Angeles,2021-03-29,83457,4720368,47037,2438196,34647,2177172,1773,105000,46154,1404244,37067,1704539,47926,3108783,California
Los Angeles,2021-03-30,109572,4829940,52452,2490648,51178,2228350,5942,110942,56927,1414692,52382,1756921,62830,3171613,California
Los Angeles,2021-03-31,123208,4953148,62336,2552984,52022,2280372,8850,119792,68394,1437396,54476,1811397,77180,3248793,California
Los Angeles,2021-04-01,134183,5087331,62962,2615946,55754,2336126,15467,135259,71608,1462191,62186,1873583,86981,3335774,California
Los Angeles,2021-04-02,133143,5220474,59606,2675552,57950,2394076,15587,150846,70444,1485835,62333,1935916,85977,3421751,California
Los Angeles,2021-04-03,98923,5319397,45338,2720890,39919,2433995,13666,164512,48680,1498071,50035,1985951,62271,3484022,California
Los Angeles,2021-04-04,39310,5358707,20586,2741476,12076,2446071,6648,171160,16366,1498195,22846,2008797,22970,3506992,California
Los Angeles,2021-04-05,94445,5453152,44753,2786229,39357,2485428,10335,181495,44433,1503107,49781,2058578,54693,3561685,California
Los Angeles,2021-04-06,121830,5574982,57477,2843706,43981,2529409,20372,201867,55711,1513214,65842,2124420,75949,3637634,California
Los Angeles,2021-04-07,121327,5696309,55280,2898986,44777,2574186,21270,223137,54552,1522404,66491,2190911,75681,3713315,California
Los Angeles,2021-04-08,133896,5830205,59003,2957989,50641,2624827,24252,247389,60086,1533104,73460,2264371,84160,3797475,California
Los Angeles,2021-04-09,132790,5962995,57666,3015655,50986,2675813,24138,271527,56701,1538021,75741,2340112,80658,3878133,California
Los Angeles,2021-04-10,102161,6065156,43167,3058822,34755,2710568,24239,295766,37393,1535004,64507,2404619,61490,3939623,California
Los Angeles,2021-04-11,41981,6107137,22695,3081517,9884,2720452,9402,305168,14442,1531341,27443,2432062,23780,3963403,California
Los Angeles,2021-04-12,79801,6186938,39000,3120517,34319,2754771,6482,311650,32591,1523374,46974,2479036,39007,4002410,California
Los Angeles,2021-04-13,118597,6305535,59809,3180326,58353,2813124,435,312085,62673,1530847,55643,2534679,63116,4065526,California
Los Angeles,2021-04-14,120401,6425936,60270,3240596,59997,2873121,134,312219,65207,1541298,54889,2589568,65340,4130866,California
Los Angeles,2021-04-15,131735,6557671,71247,3311843,60290,2933411,198,312417,75290,1560541,56116,2645684,75359,4206225,California
Los Angeles,2021-04-16,131917,6689588,69686,3381529,62085,2995496,146,312563,69483,1568040,62067,2707751,69566,4275791,California
Los Angeles,2021-04-17,99688,6789276,52177,3433706,47481,3042977,30,312593,57053,1582739,42379,2750130,57078,4332869,California
Los Angeles,2021-04-18,35776,6825052,24162,3457868,11613,3054590,1,312594,19577,1586226,16099,2766229,19586,4352455,California
Los Angeles,2021-04-19,77375,6902427,40554,3498422,36804,3091394,17,312611,34731,1578569,42417,2808646,34760,4387215,California
Los Angeles,2021-04-20,105886,7008313,52515,3550937,53341,3144735,30,312641,52355,1577718,53243,2861889,52392,4439607,California
Los Angeles,2021-04-21,114878,7123191,56299,3607236,58388,3203123,191,312832,50991,1565411,63494,2925383,51187,4490794,California
Los Angeles,2021-04-22,118702,7241893,61720,3668956,56949,3260072,33,312865,52328,1551771,66014,2991397,52374,4543168,California
Los Angeles,2021-04-23,118283,7360176,65030,3733986,53231,3313303,22,312887,56425,1546710,61516,3052913,56455,4599623,California
Los Angeles,2021-04-24,90425,7450601,57457,3791443,32926,3346229,42,312929,50466,1557522,39709,3092622,50521,4650144,California
Los Angeles,2021-04-25,37989,7488590,25160,3816603,12823,3359052,6,312935,20445,1560557,17416,3110038,20451,4670595,California
Los Angeles,2021-04-26,79107,7567697,41258,3857861,37338,3396390,511,313446,39017,1560237,39847,3149885,39527,4710122,California
Los Angeles,2021-04-27,95438,7663135,45971,3903832,47466,3443856,2001,315447,37036,1541167,58097,3207982,39027,4749149,California
Los Angeles,2021-04-28,87955,7751090,42652,3946484,43200,3487056,2103,317550,34824,1525329,52759,3260741,36921,4786070,California
Los Angeles,2021-04-29,94565,7845655,47339,3993823,45013,3532069,2213,319763,34273,1501936,59873,3320614,36480,4822550,California
Los Angeles,2021-04-30,102510,7948165,50812,4044635,49241,3581310,2457,322220,37729,1477799,64308,3384922,40171,4862721,California
Los Angeles,2021-05-01,75744,8023909,42365,4087000,31860,3613170,1519,323739,28555,1461019,46850,3431772,30070,4892791,California
Los Angeles,2021-05-02,28070,8051979,18024,4105024,9306,3622476,740,324479,10175,1454162,17770,3449542,10913,4903704,California
Los Angeles,2021-05-03,62558,8114537,30378,4135402,29944,3652420,2236,326715,22746,1439595,39531,3489073,24964,4928668,California
Los Angeles,2021-05-04,88601,8203138,49393,4184795,36910,3689330,2298,329013,27666,1408933,60611,3549684,29949,4958617,California
Los Angeles,2021-05-05,91561,8294699,53612,4238407,35551,3724881,2398,331411,25425,1370983,65760,3615444,27810,4986427,California
Los Angeles,2021-05-06,98170,8392869,59203,4297610,36449,3761330,2518,333929,23359,1322435,74410,3689854,25862,5012289,California
Los Angeles,2021-05-07,98419,8491288,58279,4355889,37760,3799090,2380,336309,27155,1281068,70879,3760733,29512,5041801,California
Los Angeles,2021-05-08,66936,8558224,43946,4399835,21214,3820304,1776,338085,18617,1253479,47974,3808707,20385,5062186,California
Los Angeles,2021-05-09,24464,8582688,18794,4418629,4930,3825234,740,338825,6163,1242178,18196,3826903,6895,5069081,California
Los Angeles,2021-05-10,50170,8632858,26586,4445215,21699,3846933,1885,340710,15135,1224399,34794,3861697,17015,5086096,California
Los Angeles,2021-05-11,71497,8704355,38993,4484208,30352,3877285,2152,342862,18755,1192825,52463,3914160,20889,5106985,California
Los Angeles,2021-05-12,72623,8776978,39785,4523993,30520,3907805,2318,345180,20443,1163701,51859,3966019,22735,5129720,California
Los Angeles,2021-05-13,78398,8855376,47269,4571262,29396,3937201,1733,346913,27955,1143339,50038,4016057,29676,5159396,California
Los Angeles,2021-05-14,89728,8945104,57128,4628390,30720,3967921,1880,348793,33854,1123549,55513,4071570,35723,5195119,California
Los Angeles,2021-05-15,75558,9020662,52873,4681263,21178,3989099,1507,350300,29126,1108032,46138,4117708,30621,5225740,California
Los Angeles,2021-05-16,30934,9051596,24510,4705773,5808,3994907,616,350916,12251,1102313,18581,4136289,12862,5238602,California
Los Angeles,2021-05-17,62005,9113601,40158,4745931,20066,4014973,1781,352697,24888,1092095,36865,4173154,26647,5265249,California
Los Angeles,2021-05-18,65270,9178871,38644,4784575,24792,4039765,1834,354531,25678,1080258,39315,4212469,27478,5292727,California
Los Angeles,2021-05-19,67542,9246413,40706,4825281,24993,4064758,1843,356374,28753,1072320,38517,4250986,30579,5323306,California
Los Angeles,2021-05-20,66594,9313007,37296,4862577,27218,4091976,2080,358454,25181,1058549,41024,4292010,27253,5350559,California
Los Angeles,2021-05-21,70102,9383109,42510,4905087,25516,4117492,2076,360530,27161,1045228,42548,4334558,29227,5379786,California
Los Angeles,2021-05-22,57215,9440324,37291,4942378,18269,4135761,1655,362185,23246,1036385,33732,4368290,24889,5404675,California
Los Angeles,2021-05-23,24225,9464549,16877,4959255,6505,4142266,843,363028,10677,1034483,13418,4381708,11516,5416191,California
Los Angeles,2021-05-24,49031,9513580,27091,4986346,20083,4162349,1857,364885,18555,1024640,30238,4411946,20395,5436586,California
Los Angeles,2021-05-25,49809,9563389,28814,5015160,19221,4181570,1774,366659,19145,1015146,30407,4442353,20913,5457499,California
Los Angeles,2021-05-26,47191,9610580,26680,5041840,18669,4200239,1842,368501,19718,1009538,27050,4469403,21442,5478941,California
Los Angeles,2021-05-27,45468,9656048,25428,5067268,18205,4218444,1835,370336,18847,1003828,26375,4495778,20665,5499606,California
Los Angeles,2021-05-28,52344,9708392,29645,5096913,20803,4239247,1896,372232,23262,1000210,28764,4524542,25146,5524752,California
Los Angeles,2021-05-29,30503,9738895,17629,5114542,11829,4251076,1045,373277,14150,999230,16163,4540705,15183,5539935,California
Los Angeles,2021-05-30,12467,9751362,8172,5122714,3562,4254638,733,374010,5773,999091,6639,4547344,6500,5546435,California
Los Angeles,2021-05-31,6042,9757404,3738,5126452,1998,4256636,306,374316,1727,996866,4255,4551599,2030,5548465,California
Los Angeles,2021-06-01,46262,9803666,25909,5152361,18780,4275416,1573,375889,17041,986579,28875,4580474,18588,5567053,California
Los Angeles,2021-06-02,38583,9842249,22274,5174635,14855,4290271,1454,377343,15104,979912,23198,4603672,16531,5583584,California
Los Angeles,2021-06-03,42770,9885019,28323,5202958,12888,4303159,1559,378902,14688,968347,27796,4631468,16231,5599815,California
Los Angeles,2021-06-04,52339,9937358,35363,5238321,15299,4318458,1677,380579,16589,951199,35390,4666858,18242,5618057,California
Los Angeles,2021-06-05,42473,9979831,30427,5268748,10665,4329123,1381,381960,12453,935185,29834,4696692,13820,5631877,California
Los Angeles,2021-06-06,14658,9994489,12092,5280840,1829,4330952,737,382697,3935,929197,10654,4707346,4666,5636543,California
Los Angeles,2021-06-07,36884,10031373,26337,5307177,9098,4340050,1449,384146,11764,917475,24919,4732265,13197,5649740,California
Los Angeles,2021-06-08,38315,10069688,26386,5333563,10342,4350392,1587,385733,12764,906564,25248,4757513,14337,5664077,California
Los Angeles,2021-06-09,39768,10109456,28075,5361638,10173,4360565,1520,387253,11693,891932,27821,4785334,13189,5677266,California
Los Angeles,2021-06-10,36553,10146009,25305,5386943,9646,4370211,1602,388855,11510,880215,24812,4810146,13095,5690361,California
Los Angeles,2021-06-11,41114,10187123,28176,5415119,11282,4381493,1656,390511,13434,867910,27380,4837526,15075,5705436,California
Los Angeles,2021-06-12,33353,10220476,24012,5439131,8121,4389614,1220,391731,10341,856613,22846,4860372,11549,5716985,California
Los Angeles,2021-06-13,11496,10231972,8229,5447360,2630,4392244,637,392368,2639,851090,8792,4869164,3269,5720254,California
Los Angeles,2021-06-14,32480,10264452,23338,5470698,7770,4400014,1372,393740,11367,842891,20922,4890086,12723,5732977,California
Los Angeles,2021-06-15,33840,10298292,22724,5493422,9415,4409429,1701,395441,11826,834726,21667,4911753,13502,5746479,California
Los Angeles,2021-06-16,32234,10330526,22287,5515709,8213,4417642,1734,397175,11328,827102,20680,4932433,13056,5759535,California
Los Angeles,2021-06-17,29574,10360100,19811,5535520,8036,4425678,1727,398902,10829,821158,18485,4950918,12541,5772076,California
Los Angeles,2021-06-18,35190,10395290,24199,5559719,9045,4434723,1946,400848,12451,813166,22369,4973287,14377,5786453,California
Los Angeles,2021-06-19,22274,10417564,14983,5574702,5925,4440648,1366,402214,8573,809668,13418,4986705,9920,5796373,California
Los Angeles,2021-06-20,8432,10425996,5934,5580636,2008,4442656,490,402704,3063,807922,5295,4992000,3549,5799922,California
Los Angeles,2021-06-21,19067,10445063,11715,5592351,5980,4448636,1372,404076,10239,810810,8709,5000709,11597,5811519,California
Los Angeles,2021-06-22,26147,10471210,17652,5610003,6989,4455625,1506,405582,10146,806630,15827,5016536,11647,5823166,California
Los Angeles,2021-06-23,24843,10496053,17095,5627098,6362,4461987,1386,406968,9989,803310,14681,5031217,11361,5834527,California
Los Angeles,2021-06-24,24569,10520622,16925,5644023,6049,4468036,1595,408563,9493,799514,14845,5046062,11049,5845576,California
Los Angeles,2021-06-25,28923,10549545,20189,5664212,7156,4475192,1578,410141,11776,795905,16943,5063005,13334,5858910,California
Los Angeles,2021-06-26,19611,10569156,14257,5678469,4353,4479545,1001,411142,8193,793774,11309,5074314,9178,5868088,California
Los Angeles,2021-06-27,8535,10577691,6211,5684680,1894,4481439,430,411572,3620,792963,4851,5079165,4040,5872128,California
Los Angeles,2021-06-28,15492,10593183,11758,5696438,2980,4484419,754,412326,6651,791617,8746,5087911,7400,5879528,California
Madera,2020-12-16,22,22,22,22,0,0,0,0,22,22,0,0,22,22,California
Madera,2020-12-17,12,34,12,34,0,0,0,0,12,34,0,0,12,34,California
Madera,2020-12-18,60,94,60,94,0,0,0,0,60,94,0,0,60,94,California
Madera,2020-12-19,5,99,5,99,0,0,0,0,5,99,0,0,5,99,California
Madera,2020-12-20,14,113,14,113,0,0,0,0,14,113,0,0,14,113,California
Madera,2020-12-21,59,172,59,172,0,0,0,0,59,172,0,0,59,172,California
Madera,2020-12-22,97,269,95,267,2,2,0,0,97,269,0,0,97,269,California
Madera,2020-12-23,67,336,67,334,0,2,0,0,67,336,0,0,67,336,California
Madera,2020-12-24,45,381,40,374,5,7,0,0,45,381,0,0,45,381,California
Madera,2020-12-26,27,408,26,400,1,8,0,0,27,408,0,0,27,408,California
Madera,2020-12-27,30,438,12,412,18,26,0,0,30,438,0,0,30,438,California
Madera,2020-12-28,107,545,36,448,71,97,0,0,107,545,0,0,107,545,California
Madera,2020-12-29,175,720,37,485,138,235,0,0,175,720,0,0,175,720,California
Madera,2020-12-30,226,946,90,575,136,371,0,0,226,946,0,0,226,946,California
Madera,2020-12-31,203,1149,81,656,122,493,0,0,203,1149,0,0,203,1149,California
Madera,2021-01-01,2,1151,1,657,1,494,0,0,2,1151,0,0,2,1151,California
Madera,2021-01-02,89,1240,33,690,56,550,0,0,89,1240,0,0,89,1240,California
Madera,2021-01-03,4,1244,4,694,0,550,0,0,4,1244,0,0,4,1244,California
Madera,2021-01-04,130,1374,66,760,64,614,0,0,130,1374,0,0,130,1374,California
Madera,2021-01-05,280,1654,143,903,137,751,0,0,276,1646,4,4,276,1650,California
Madera,2021-01-06,184,1838,27,930,157,908,0,0,164,1790,20,24,164,1814,California
Madera,2021-01-07,401,2239,117,1047,284,1192,0,0,378,2146,23,47,379,2193,California
Madera,2021-01-08,419,2658,72,1119,347,1539,0,0,364,2457,54,101,365,2558,California
Madera,2021-01-09,37,2695,14,1133,23,1562,0,0,28,2476,9,110,28,2586,California
Madera,2021-01-10,17,2712,14,1147,3,1565,0,0,5,2469,12,122,5,2591,California
Madera,2021-01-11,239,2951,191,1338,48,1613,0,0,198,2626,41,163,198,2789,California
Madera,2021-01-12,388,3339,157,1495,231,1844,0,0,284,2806,104,267,284,3073,California
Madera,2021-01-13,182,3521,91,1586,91,1935,0,0,126,2877,56,323,127,3200,California
Madera,2021-01-14,555,4076,83,1669,472,2407,0,0,521,3364,34,357,521,3721,California
Madera,2021-01-15,598,4674,159,1828,439,2846,0,0,577,3920,21,378,577,4298,California
Madera,2021-01-16,383,5057,49,1877,334,3180,0,0,355,4247,28,406,355,4653,California
Madera,2021-01-17,334,5391,15,1892,319,3499,0,0,330,4573,4,410,330,4983,California
Madera,2021-01-18,77,5468,61,1953,16,3515,0,0,58,4613,18,428,58,5041,California
Madera,2021-01-19,567,6035,133,2086,434,3949,0,0,541,5129,26,454,542,5583,California
Madera,2021-01-20,340,6375,183,2269,157,4106,0,0,244,5278,95,549,244,5827,California
Madera,2021-01-21,292,6667,183,2452,109,4215,0,0,228,5444,62,611,228,6055,California
Madera,2021-01-22,259,6926,84,2536,175,4390,0,0,243,5671,16,627,243,6298,California
Madera,2021-01-23,101,7027,53,2589,48,4438,0,0,77,5724,24,651,77,6375,California
Madera,2021-01-24,100,7127,81,2670,19,4457,0,0,78,5780,22,673,78,6453,California
Madera,2021-01-25,271,7398,127,2797,144,4601,0,0,146,5801,125,798,146,6599,California
Madera,2021-01-26,493,7891,190,2987,303,4904,0,0,301,5912,191,989,302,6901,California
Madera,2021-01-27,747,8638,66,3053,681,5585,0,0,609,6385,138,1127,611,7512,California
Madera,2021-01-28,550,9188,111,3164,439,6024,0,0,444,6724,106,1233,445,7957,California
Madera,2021-01-29,470,9658,94,3258,376,6400,0,0,414,7082,56,1289,414,8371,California
Madera,2021-01-30,503,10161,16,3274,487,6887,0,0,449,7477,54,1343,449,8820,California
Madera,2021-01-31,8,10169,5,3279,3,6890,0,0,7,7483,1,1344,7,8827,California
Madera,2021-02-01,331,10500,146,3425,185,7075,0,0,205,7562,126,1470,205,9032,California
Madera,2021-02-02,253,10753,89,3514,164,7239,0,0,160,7631,92,1562,161,9193,California
Madera,2021-02-03,596,11349,460,3974,136,7375,0,0,477,7992,117,1679,478,9671,California
Madera,2021-02-04,398,11747,126,4100,272,7647,0,0,117,7830,280,1959,118,9789,California
Madera,2021-02-05,978,12725,299,4399,679,8326,0,0,371,7601,601,2560,372,10161,California
Madera,2021-02-06,363,13088,326,4725,37,8363,0,0,322,7883,40,2600,322,10483,California
Madera,2021-02-07,35,13123,7,4732,28,8391,0,0,30,7908,5,2605,30,10513,California
Madera,2021-02-08,383,13506,307,5039,76,8467,0,0,268,8062,114,2719,268,10781,California
Madera,2021-02-09,484,13990,118,5157,366,8833,0,0,199,7980,282,3001,200,10981,California
Madera,2021-02-10,433,14423,149,5306,284,9117,0,0,280,8110,151,3152,281,11262,California
Madera,2021-02-11,935,15358,306,5612,629,9746,0,0,402,7981,532,3684,403,11665,California
Madera,2021-02-12,848,16206,120,5732,728,10474,0,0,313,7768,529,4213,316,11981,California
Madera,2021-02-13,484,16690,45,5777,439,10913,0,0,136,7560,347,4560,139,12120,California
Madera,2021-02-14,401,17091,75,5852,326,11239,0,0,134,7429,267,4827,136,12256,California
Madera,2021-02-15,246,17337,100,5952,146,11385,0,0,175,7534,70,4897,175,12431,California
Madera,2021-02-16,779,18116,184,6136,595,11980,0,0,227,7212,550,5447,228,12659,California
Madera,2021-02-17,615,18731,275,6411,340,12320,0,0,341,7289,266,5713,343,13002,California
Madera,2021-02-18,1306,20037,543,6954,763,13083,0,0,1124,8232,182,5895,1125,14127,California
Madera,2021-02-19,865,20902,549,7503,316,13399,0,0,720,8809,144,6039,721,14848,California
Madera,2021-02-20,1074,21976,982,8485,92,13491,0,0,998,9734,74,6113,999,15847,California
Madera,2021-02-21,973,22949,830,9315,143,13634,0,0,967,10695,6,6119,967,16814,California
Madera,2021-02-22,925,23874,847,10162,78,13712,0,0,868,11507,56,6175,868,17682,California
Madera,2021-02-23,751,24625,464,10626,287,13999,0,0,523,11803,227,6402,523,18205,California
Madera,2021-02-24,911,25536,300,10926,611,14610,0,0,381,11655,529,6931,381,18586,California
Madera,2021-02-25,1034,26570,317,11243,717,15327,0,0,600,11823,432,7363,600,19186,California
Madera,2021-02-26,1094,27664,198,11441,896,16223,0,0,711,12153,381,7744,711,19897,California
Madera,2021-02-27,923,28587,293,11734,630,16853,0,0,493,12223,427,8171,497,20394,California
Madera,2021-02-28,193,28780,30,11764,163,17016,0,0,187,12404,6,8177,187,20581,California
Madera,2021-03-01,378,29158,119,11883,259,17275,0,0,195,12419,180,8357,195,20776,California
Madera,2021-03-02,742,29900,350,12233,392,17667,0,0,627,12936,113,8470,630,21406,California
Madera,2021-03-03,1357,31257,728,12961,629,18296,0,0,950,13508,404,8874,976,22382,California
Madera,2021-03-04,1204,32461,526,13487,678,18974,0,0,951,14208,254,9128,954,23336,California
Madera,2021-03-05,1361,33822,420,13907,928,19902,13,13,1079,15031,280,9408,1103,24439,California
Madera,2021-03-06,816,34638,635,14542,149,20051,32,45,498,15245,317,9725,531,24970,California
Madera,2021-03-07,154,34792,27,14569,105,20156,22,67,105,15323,49,9774,127,25097,California
Madera,2021-03-08,603,35395,336,14905,208,20364,59,126,309,15399,294,10068,370,25467,California
Madera,2021-03-09,597,35992,296,15201,267,20631,34,160,408,15662,187,10255,450,25917,California
Madera,2021-03-10,1191,37183,558,15759,553,21184,80,240,755,16067,431,10686,836,26753,California
Madera,2021-03-11,1685,38868,868,16627,489,21673,328,568,769,16266,910,11596,1109,27862,California
Madera,2021-03-12,1583,40451,820,17447,608,22281,155,723,801,16472,779,12375,985,28847,California
Madera,2021-03-13,1889,42340,1328,18775,362,22643,199,922,818,16441,1065,13440,1034,29881,California
Madera,2021-03-14,584,42924,449,19224,103,22746,32,954,291,16474,290,13730,323,30204,California
Madera,2021-03-15,741,43665,225,19449,470,23216,46,1000,511,16835,227,13957,588,30792,California
Madera,2021-03-16,931,44596,528,19977,356,23572,47,1047,741,17453,187,14144,805,31597,California
Madera,2021-03-17,1463,46059,980,20957,420,23992,63,1110,907,17967,547,14691,1061,32658,California
Madera,2021-03-18,1956,48015,687,21644,1205,25197,64,1174,971,18113,979,15670,1125,33783,California
Madera,2021-03-19,1586,49601,591,22235,913,26110,82,1256,1031,18754,551,16221,1192,34975,California
Madera,2021-03-20,1182,50783,776,23011,353,26463,53,1309,593,18877,588,16809,711,35686,California
Madera,2021-03-21,1101,51884,899,23910,157,26620,45,1354,379,18583,719,17528,425,36111,California
Madera,2021-03-22,1360,53244,854,24764,440,27060,66,1420,676,18691,681,18209,789,36900,California
Madera,2021-03-23,1432,54676,877,25641,464,27524,91,1511,681,18797,749,18958,855,37755,California
Madera,2021-03-24,948,55624,509,26150,408,27932,31,1542,615,19118,330,19288,651,38406,California
Madera,2021-03-25,1167,56791,527,26677,616,28548,24,1566,643,19285,513,19801,680,39086,California
Madera,2021-03-26,1519,58310,577,27254,810,29358,132,1698,712,19330,803,20604,848,39934,California
Madera,2021-03-27,927,59237,605,27859,297,29655,25,1723,415,19263,508,21112,441,40375,California
Madera,2021-03-28,435,59672,151,28010,224,29879,60,1783,202,19385,232,21344,354,40729,California
Madera,2021-03-29,682,60354,178,28188,475,30354,29,1812,489,19718,189,21533,522,41251,California
Madera,2021-03-30,1069,61423,605,28793,435,30789,29,1841,477,19637,589,22122,508,41759,California
Madera,2021-03-31,1399,62822,542,29335,720,31509,137,1978,423,19228,970,23092,561,42320,California
Madera,2021-04-01,1385,64207,626,29961,708,32217,51,2029,481,18864,894,23986,530,42850,California
Madera,2021-04-02,1607,65814,461,30422,1087,33304,59,2088,479,18286,1117,25103,539,43389,California
Madera,2021-04-03,961,66775,763,31185,178,33482,20,2108,392,18140,567,25670,421,43810,California
Madera,2021-04-04,187,66962,65,31250,120,33602,2,2110,86,18128,101,25771,89,43899,California
Madera,2021-04-05,735,67697,252,31502,424,34026,59,2169,338,18144,395,26166,411,44310,California
Madera,2021-04-06,1702,69399,886,32388,462,34488,354,2523,526,17851,1174,27340,881,45191,California
Madera,2021-04-07,1227,70626,382,32770,695,35183,150,2673,423,17628,801,28141,578,45769,California
Madera,2021-04-08,1727,72353,669,33439,799,35982,259,2932,555,17284,1164,29305,820,46589,California
Madera,2021-04-09,1652,74005,695,34134,808,36790,149,3081,947,17683,700,30005,1099,47688,California
Madera,2021-04-10,978,74983,686,34820,224,37014,68,3149,711,18195,268,30273,780,48468,California
Madera,2021-04-11,813,75796,658,35478,76,37090,79,3228,288,18039,521,30794,365,48833,California
Madera,2021-04-12,817,76613,295,35773,447,37537,75,3303,316,17930,501,31295,392,49225,California
Madera,2021-04-13,1248,77861,616,36389,590,38127,42,3345,726,18188,520,31815,778,50003,California
Madera,2021-04-14,1399,79260,867,37256,532,38659,0,3345,576,17948,822,32637,582,50585,California
Madera,2021-04-15,1170,80430,509,37765,660,39319,1,3346,422,17636,736,33373,424,51009,California
Madera,2021-04-16,1361,81791,546,38311,815,40134,0,3346,385,17061,962,34335,387,51396,California
Madera,2021-04-17,1295,83086,1091,39402,204,40338,0,3346,775,17318,518,34853,775,52171,California
Madera,2021-04-18,259,83345,219,39621,40,40378,0,3346,89,17241,166,35019,89,52260,California
Madera,2021-04-19,818,84163,245,39866,572,40950,1,3347,285,16999,527,35546,285,52545,California
Madera,2021-04-20,905,85068,456,40322,449,41399,0,3347,236,16572,665,36211,238,52783,California
Madera,2021-04-21,885,85953,477,40799,408,41807,0,3347,297,16284,587,36798,299,53082,California
Madera,2021-04-22,1101,87054,534,41333,567,42374,0,3347,379,15946,718,37516,380,53462,California
Madera,2021-04-23,971,88025,318,41651,653,43027,0,3347,340,15660,626,38142,340,53802,California
Madera,2021-04-24,708,88733,466,42117,242,43269,0,3347,247,15451,457,38599,248,54050,California
Madera,2021-04-25,264,88997,160,42277,101,43370,3,3350,117,15429,143,38742,121,54171,California
Madera,2021-04-26,563,89560,109,42386,448,43818,6,3356,133,15141,427,39169,139,54310,California
Madera,2021-04-27,626,90186,280,42666,321,44139,25,3381,315,15172,310,39479,341,54651,California
Madera,2021-04-28,508,90694,205,42871,284,44423,19,3400,247,15178,259,39738,265,54916,California
Madera,2021-04-29,553,91247,251,43122,275,44698,27,3427,259,15178,287,40025,287,55203,California
Madera,2021-04-30,943,92190,511,43633,416,45114,16,3443,275,14807,662,40687,291,55494,California
Madera,2021-05-01,968,93158,870,44503,85,45199,13,3456,389,14631,578,41265,402,55896,California
Madera,2021-05-02,400,93558,352,44855,43,45242,5,3461,145,14526,255,41520,150,56046,California
Madera,2021-05-03,499,94057,198,45053,261,45503,40,3501,101,14272,395,41915,141,56187,California
Madera,2021-05-04,910,94967,439,45492,427,45930,44,3545,216,13838,694,42609,260,56447,California
Madera,2021-05-05,1024,95991,490,45982,474,46404,60,3605,280,13436,742,43351,340,56787,California
Madera,2021-05-06,710,96701,260,46242,418,46822,32,3637,166,13095,539,43890,198,56985,California
Madera,2021-05-07,813,97514,283,46525,509,47331,21,3658,197,12702,610,44500,217,57202,California
Madera,2021-05-08,976,98490,762,47287,203,47534,11,3669,188,12114,787,45287,199,57401,California
Madera,2021-05-09,146,98636,20,47307,115,47649,11,3680,35,12050,110,45397,46,57447,California
Madera,2021-05-10,361,98997,75,47382,274,47923,12,3692,101,11904,259,45656,113,57560,California
Madera,2021-05-11,539,99536,186,47568,344,48267,9,3701,173,11722,364,46020,182,57742,California
Madera,2021-05-12,504,100040,228,47796,240,48507,36,3737,125,11506,377,46397,161,57903,California
Madera,2021-05-13,509,100549,310,48106,167,48674,32,3769,175,11382,331,46728,207,58110,California
Madera,2021-05-14,537,101086,270,48376,243,48917,24,3793,232,11336,302,47030,256,58366,California
Madera,2021-05-15,560,101646,476,48852,76,48993,8,3801,361,11509,196,47226,369,58735,California
Madera,2021-05-16,258,101904,190,49042,36,49029,32,3833,107,11497,151,47377,139,58874,California
Madera,2021-05-17,450,102354,188,49230,234,49263,28,3861,200,11478,247,47624,228,59102,California
Madera,2021-05-18,549,102903,366,49596,159,49422,24,3885,287,11531,258,47882,311,59413,California
Madera,2021-05-19,487,103390,224,49820,241,49663,22,3907,216,11500,269,48151,238,59651,California
Madera,2021-05-20,592,103982,270,50090,284,49947,38,3945,230,11413,355,48506,268,59919,California
Madera,2021-05-21,503,104485,193,50283,283,50230,27,3972,191,11324,307,48813,218,60137,California
Madera,2021-05-22,901,105386,815,51098,74,50304,12,3984,529,11494,371,49184,541,60678,California
Madera,2021-05-23,267,105653,240,51338,17,50321,10,3994,143,11524,123,49307,153,60831,California
Madera,2021-05-24,308,105961,140,51478,127,50448,41,4035,122,11502,185,49492,163,60994,California
Madera,2021-05-25,381,106342,169,51647,180,50628,32,4067,151,11457,228,49720,183,61177,California
Madera,2021-05-26,446,106788,260,51907,164,50792,22,4089,237,11510,206,49926,259,61436,California
Madera,2021-05-27,374,107162,136,52043,200,50992,38,4127,128,11434,242,50168,166,61602,California
Madera,2021-05-28,446,107608,171,52214,247,51239,28,4155,172,11362,272,50440,200,61802,California
Madera,2021-05-29,308,107916,217,52431,73,51312,18,4173,167,11406,141,50581,185,61987,California
Madera,2021-05-30,61,107977,26,52457,31,51343,4,4177,28,11406,32,50613,32,62019,California
Madera,2021-05-31,26,108003,9,52466,13,51356,4,4181,11,11406,15,50628,15,62034,California
Madera,2021-06-01,288,108291,143,52609,122,51478,23,4204,106,11355,180,50808,129,62163,California
Madera,2021-06-02,396,108687,126,52735,247,51725,23,4227,117,11217,278,51086,140,62303,California
Madera,2021-06-03,281,108968,149,52884,117,51842,15,4242,90,11131,191,51277,105,62408,California
Madera,2021-06-04,376,109344,241,53125,124,51966,11,4253,148,11063,227,51504,159,62567,California
Madera,2021-06-05,514,109858,389,53514,112,52078,13,4266,150,10868,358,51862,163,62730,California
Madera,2021-06-06,135,109993,115,53629,13,52091,7,4273,38,10816,97,51959,45,62775,California
Madera,2021-06-07,249,110242,154,53783,74,52165,21,4294,44,10676,205,52164,65,62840,California
Madera,2021-06-08,388,110630,273,54056,94,52259,21,4315,96,10501,292,52456,117,62957,California
Madera,2021-06-09,371,111001,236,54292,109,52368,26,4341,142,10441,228,52684,168,63125,California
Madera,2021-06-10,339,111340,196,54488,127,52495,16,4357,116,10352,221,52905,132,63257,California
Madera,2021-06-11,377,111717,218,54706,127,52622,32,4389,169,10344,207,53112,199,63456,California
Madera,2021-06-12,570,112287,501,55207,54,52676,15,4404,91,9971,479,53591,106,63562,California
Madera,2021-06-13,192,112479,158,55365,29,52705,5,4409,52,9889,139,53730,57,63619,California
Madera,2021-06-14,227,112706,163,55528,41,52746,23,4432,89,9866,135,53865,112,63731,California
Madera,2021-06-15,359,113065,248,55776,78,52824,33,4465,155,9851,203,54068,188,63919,California
Madera,2021-06-16,328,113393,252,56028,62,52886,14,4479,119,9780,204,54272,133,64052,California
Madera,2021-06-17,264,113657,131,56159,124,53010,9,4488,98,9722,165,54437,107,64159,California
Madera,2021-06-18,274,113931,174,56333,76,53086,24,4512,116,9704,157,54594,139,64298,California
Madera,2021-06-19,246,114177,199,56532,39,53125,8,4520,80,9626,166,54760,88,64386,California
Madera,2021-06-20,55,114232,45,56577,3,53128,7,4527,27,9632,28,54788,34,64420,California
Madera,2021-06-21,164,114396,79,56656,60,53188,25,4552,73,9639,91,54879,98,64518,California
Madera,2021-06-22,236,114632,159,56815,58,53246,19,4571,116,9656,118,54997,135,64653,California
Madera,2021-06-23,264,114896,189,57004,65,53311,10,4581,140,9682,124,55121,150,64803,California
Madera,2021-06-24,206,115102,100,57104,84,53395,22,4603,77,9653,128,55249,99,64902,California
Madera,2021-06-25,260,115362,168,57272,68,53463,24,4627,100,9620,157,55406,124,65026,California
Madera,2021-06-26,181,115543,135,57407,34,53497,12,4639,75,9601,106,55512,87,65113,California
Madera,2021-06-27,111,115654,85,57492,22,53519,4,4643,57,9608,54,55566,61,65174,California
Madera,2021-06-28,97,115751,51,57543,34,53553,12,4655,48,9620,48,55614,60,65234,California
Marin,2020-12-15,2,2,2,2,0,0,0,0,2,2,0,0,2,2,California
Marin,2020-12-16,108,110,108,110,0,0,0,0,108,110,0,0,108,110,California
Marin,2020-12-17,274,384,274,384,0,0,0,0,274,384,0,0,274,384,California
Marin,2020-12-18,390,774,390,774,0,0,0,0,390,774,0,0,390,774,California
Marin,2020-12-19,348,1122,347,1121,1,1,0,0,348,1122,0,0,348,1122,California
Marin,2020-12-20,167,1289,166,1287,1,2,0,0,167,1289,0,0,167,1289,California
Marin,2020-12-21,237,1526,234,1521,3,5,0,0,237,1526,0,0,237,1526,California
Marin,2020-12-22,522,2048,318,1839,204,209,0,0,522,2048,0,0,522,2048,California
Marin,2020-12-23,731,2779,316,2155,415,624,0,0,731,2779,0,0,731,2779,California
Marin,2020-12-24,359,3138,160,2315,199,823,0,0,359,3138,0,0,359,3138,California
Marin,2020-12-25,27,3165,0,2315,27,850,0,0,27,3165,0,0,27,3165,California
Marin,2020-12-26,144,3309,95,2410,49,899,0,0,144,3309,0,0,144,3309,California
Marin,2020-12-27,91,3400,54,2464,37,936,0,0,91,3400,0,0,91,3400,California
Marin,2020-12-28,407,3807,99,2563,308,1244,0,0,407,3807,0,0,407,3807,California
Marin,2020-12-29,399,4206,88,2651,311,1555,0,0,399,4206,0,0,399,4206,California
Marin,2020-12-30,629,4835,389,3040,240,1795,0,0,629,4835,0,0,629,4835,California
Marin,2020-12-31,201,5036,35,3075,166,1961,0,0,200,5034,1,1,200,5035,California
Marin,2021-01-01,31,5067,14,3089,17,1978,0,0,31,5065,0,1,31,5066,California
Marin,2021-01-02,112,5179,106,3195,6,1984,0,0,112,5177,0,1,112,5178,California
Marin,2021-01-03,49,5228,31,3226,18,2002,0,0,45,5222,0,1,45,5223,California
Marin,2021-01-04,298,5526,193,3419,105,2107,0,0,297,5518,1,2,297,5520,California
Marin,2021-01-05,367,5893,219,3638,148,2255,0,0,324,5799,43,45,324,5844,California
Marin,2021-01-06,821,6714,320,3958,501,2756,0,0,639,6256,182,227,639,6483,California
Marin,2021-01-07,889,7603,502,4460,387,3143,0,0,530,6427,359,586,530,7013,California
Marin,2021-01-08,975,8578,517,4977,458,3601,0,0,586,6625,388,974,586,7599,California
Marin,2021-01-09,617,9195,222,5199,395,3996,0,0,487,6982,130,1104,487,8086,California
Marin,2021-01-10,131,9326,102,5301,29,4025,0,0,57,6965,74,1178,57,8143,California
Marin,2021-01-11,470,9796,326,5627,144,4169,0,0,249,6995,221,1399,251,8394,California
Marin,2021-01-12,938,10734,544,6171,394,4563,0,0,568,7197,366,1765,568,8962,California
Marin,2021-01-13,1171,11905,496,6667,675,5238,0,0,936,7898,235,2000,936,9898,California
Marin,2021-01-14,1077,12982,324,6991,753,5991,0,0,925,8673,150,2150,925,10823,California
Marin,2021-01-15,1166,14148,357,7348,809,6800,0,0,1034,9578,131,2281,1036,11859,California
Marin,2021-01-16,1123,15271,913,8261,210,7010,0,0,1047,10549,76,2357,1047,12906,California
Marin,2021-01-17,1227,16498,1108,9369,119,7129,0,0,1198,11722,28,2385,1201,14107,California
Marin,2021-01-18,365,16863,160,9529,205,7334,0,0,315,11987,50,2435,315,14422,California
Marin,2021-01-19,1153,18016,911,10440,242,7576,0,0,982,12799,170,2605,982,15404,California
Marin,2021-01-20,1804,19820,1217,11657,587,8163,0,0,1068,13144,724,3329,1069,16473,California
Marin,2021-01-21,1700,21520,1068,12725,632,8795,0,0,1341,14131,356,3685,1343,17816,California
Marin,2021-01-22,1717,23237,1096,13821,621,9416,0,0,1543,15501,174,3859,1544,19360,California
Marin,2021-01-23,1855,25092,1348,15169,507,9923,0,0,1766,17179,88,3947,1766,21126,California
Marin,2021-01-24,617,25709,165,15334,452,10375,0,0,583,17728,34,3981,583,21709,California
Marin,2021-01-25,1129,26838,230,15564,899,11274,0,0,693,17986,436,4417,694,22403,California
Marin,2021-01-26,1522,28360,784,16348,738,12012,0,0,1144,18753,377,4794,1144,23547,California
Marin,2021-01-27,1730,30090,891,17239,839,12851,0,0,1360,19746,368,5162,1361,24908,California
Marin,2021-01-28,2094,32184,1076,18315,1018,13869,0,0,1827,21308,266,5428,1828,26736,California
Marin,2021-01-29,2215,34399,1441,19756,774,14643,0,0,2016,23139,186,5614,2017,28753,California
Marin,2021-01-30,1719,36118,906,20662,813,15456,0,0,1640,24700,79,5693,1640,30393,California
Marin,2021-01-31,457,36575,320,20982,137,15593,0,0,430,25103,27,5720,430,30823,California
Marin,2021-02-01,1101,37676,416,21398,685,16278,0,0,901,25806,199,5919,902,31725,California
Marin,2021-02-02,1428,39104,498,21896,930,17208,0,0,762,25913,655,6574,762,32487,California
Marin,2021-02-03,1784,40888,426,22322,1358,18566,0,0,1274,26678,509,7083,1274,33761,California
Marin,2021-02-04,1537,42425,505,22827,1032,19598,0,0,929,27003,604,7687,929,34690,California
Marin,2021-02-05,2180,44605,676,23503,1504,21102,0,0,1337,27501,839,8526,1337,36027,California
Marin,2021-02-06,1426,46031,848,24351,578,21680,0,0,602,27282,821,9347,602,36629,California
Marin,2021-02-07,1294,47325,1009,25360,285,21965,0,0,496,26981,797,10144,496,37125,California
Marin,2021-02-08,1534,48859,758,26118,776,22741,0,0,733,26916,798,10942,733,37858,California
Marin,2021-02-09,1792,50651,1129,27247,663,23404,0,0,845,26814,947,11889,845,38703,California
Marin,2021-02-10,2357,53008,1503,28750,854,24258,0,0,1223,26906,1132,13021,1224,39927,California
Marin,2021-02-11,2886,55894,1654,30404,1232,25490,0,0,1456,26940,1425,14446,1459,41386,California
Marin,2021-02-12,3088,58982,1550,31954,1538,27028,0,0,1567,26990,1518,15964,1568,42954,California
Marin,2021-02-13,2345,61327,1247,33201,1098,28126,0,0,1126,26899,1217,17181,1126,44080,California
Marin,2021-02-14,823,62150,309,33510,514,28640,0,0,728,27533,95,17276,729,44809,California
Marin,2021-02-15,1230,63380,359,33869,871,29511,0,0,845,27995,384,17660,846,45655,California
Marin,2021-02-16,2484,65864,1065,34934,1419,30930,0,0,1513,28538,970,18630,1513,47168,California
Marin,2021-02-17,2120,67984,951,35885,1169,32099,0,0,1101,28624,1016,19646,1102,48270,California
Marin,2021-02-18,2441,70425,1593,37478,848,32947,0,0,1068,28322,1370,21016,1068,49338,California
Marin,2021-02-19,2801,73226,2186,39664,615,33562,0,0,1245,28027,1541,22557,1246,50584,California
Marin,2021-02-20,2639,75865,2165,41829,474,34036,0,0,1255,27908,1376,23933,1257,51841,California
Marin,2021-02-21,1341,77206,1140,42969,201,34237,0,0,949,28471,386,24319,949,52790,California
Marin,2021-02-22,1874,79080,1437,44406,437,34674,0,0,1238,29076,633,24952,1238,54028,California
Marin,2021-02-23,2914,81994,1683,46089,1231,35905,0,0,1953,30082,948,25900,1954,55982,California
Marin,2021-02-24,3546,85540,1634,47723,1912,37817,0,0,2268,31083,1268,27168,2269,58251,California
Marin,2021-02-25,4101,89641,1938,49661,2163,39980,0,0,2897,32787,1195,28363,2899,61150,California
Marin,2021-02-26,3682,93323,2006,51667,1676,41656,0,0,2654,34426,1016,29379,2655,63805,California
Marin,2021-02-27,2745,96068,1617,53284,1128,42784,0,0,1900,35488,840,30219,1902,65707,California
Marin,2021-02-28,1647,97715,929,54213,718,43502,0,0,1295,36435,348,30567,1295,67002,California
Marin,2021-03-01,2699,100414,1674,55887,1024,44526,1,1,1821,37388,869,31436,1822,68824,California
Marin,2021-03-02,2536,102950,1690,57577,845,45371,1,2,1735,38328,797,32233,1737,70561,California
Marin,2021-03-03,4353,107303,2426,60003,1923,47294,4,6,2817,39619,1530,33763,2821,73382,California
Marin,2021-03-04,3405,110708,1673,61676,1731,49025,1,7,2380,40986,1018,34781,2385,75767,California
Marin,2021-03-05,3086,113794,1179,62855,1894,50919,13,20,1806,41530,1275,36056,1819,77586,California
Marin,2021-03-06,3238,117032,2320,65175,840,51759,78,98,2661,43697,572,36628,2739,80325,California
Marin,2021-03-07,1398,118430,1174,66349,200,51959,24,122,1000,44328,393,37021,1024,81349,California
Marin,2021-03-08,1905,120335,1392,67741,396,52355,117,239,1427,45398,474,37495,1544,82893,California
Marin,2021-03-09,2241,122576,1343,69084,787,53142,111,350,1553,46375,685,38180,1662,84555,California
Marin,2021-03-10,4473,127049,2510,71594,1670,54812,293,643,3218,48635,1250,39430,3510,88065,California
Marin,2021-03-11,4600,131649,1891,73485,2572,57384,137,780,3295,50769,1298,40728,3432,91497,California
Marin,2021-03-12,4010,135659,1553,75038,2100,59484,357,1137,1566,50261,2430,43158,1922,93419,California
Marin,2021-03-13,4114,139773,2867,77905,1173,60657,74,1211,2391,51002,1719,44877,2460,95879,California
Marin,2021-03-14,2282,142055,1104,79009,1060,61717,118,1329,699,50237,1580,46457,815,96694,California
Marin,2021-03-15,3266,145321,1784,80793,1433,63150,49,1378,1210,49457,2039,48496,1259,97953,California
Marin,2021-03-16,4306,149627,2324,83117,1619,64769,363,1741,1464,48445,2837,51333,1825,99778,California
Marin,2021-03-17,4226,153853,2292,85409,1881,66650,53,1794,2067,48418,2146,53479,2119,101897,California
Marin,2021-03-18,4512,158365,2283,87692,2154,68804,75,1869,2142,48282,2350,55829,2214,104111,California
Marin,2021-03-19,4500,162865,2312,90004,1967,70771,221,2090,2332,48675,2157,57986,2550,106661,California
Marin,2021-03-20,3603,166468,2002,92006,1487,72258,114,2204,1932,49060,1662,59648,2047,108708,California
Marin,2021-03-21,1556,168024,1155,93161,378,72636,23,2227,814,49158,739,60387,837,109545,California
Marin,2021-03-22,2513,170537,2168,95329,177,72813,168,2395,920,48660,1586,61973,1088,110633,California
Marin,2021-03-23,4323,174860,2268,97597,1926,74739,129,2524,1932,48338,2383,64356,2061,112694,California
Marin,2021-03-24,4467,179327,2908,100505,1444,76183,115,2639,1818,47633,2636,66992,1931,114625,California
Marin,2021-03-25,4667,183994,2844,103349,1751,77934,72,2711,2251,47553,2401,69393,2321,116946,California
Marin,2021-03-26,4325,188319,2354,105703,1757,79691,214,2925,2403,48263,1907,71300,2617,119563,California
Marin,2021-03-27,3711,192030,2662,108365,1030,80721,19,2944,1144,46869,2556,73856,1162,120725,California
Marin,2021-03-28,2386,194416,1722,110087,658,81379,6,2950,842,46180,1537,75393,848,121573,California
Marin,2021-03-29,2700,197116,2103,112190,571,81950,26,2976,1139,45787,1558,76951,1165,122738,California
Marin,2021-03-30,4678,201794,3655,115845,989,82939,34,3010,2956,47058,1719,78670,2990,125728,California
Marin,2021-03-31,5850,207644,4142,119987,1659,84598,49,3059,2556,46381,3283,81953,2606,128334,California
Marin,2021-04-01,4466,212110,2293,122280,1915,86513,258,3317,2117,46419,2336,84289,2374,130708,California
Marin,2021-04-02,3754,215864,1864,124144,1519,88032,371,3688,2014,47063,1732,86021,2376,133084,California
Marin,2021-04-03,3866,219730,2521,126665,966,88998,379,4067,1459,46508,2395,88416,1840,134924,California
Marin,2021-04-04,1654,221384,1242,127907,210,89208,202,4269,1201,47460,451,88867,1403,136327,California
Marin,2021-04-05,2224,223608,1542,129449,307,89515,375,4644,1274,48162,945,89812,1647,137974,California
Marin,2021-04-06,3997,227605,2125,131574,1319,90834,553,5197,2218,49159,1772,91584,2769,140743,California
Marin,2021-04-07,3997,231602,2017,133591,1333,92167,647,5844,1462,48742,2525,94109,2108,142851,California
Marin,2021-04-08,5071,236673,1980,135571,2478,94645,613,6457,2310,48907,2748,96857,2913,145764,California
Marin,2021-04-09,4006,240679,1569,137140,1708,96353,729,7186,1329,48288,2673,99530,2054,147818,California
Marin,2021-04-10,3229,243908,1487,138627,1308,97661,434,7620,1450,48403,1765,101295,1880,149698,California
Marin,2021-04-11,1067,244975,813,139440,92,97753,162,7782,477,48453,588,101883,638,150336,California
Marin,2021-04-12,1759,246734,1249,140689,347,98100,163,7945,919,48700,836,102719,1083,151419,California
Marin,2021-04-13,3799,250533,2331,143020,1461,99561,7,7952,1381,47682,2406,105125,1388,152807,California
Marin,2021-04-14,4272,254805,2557,145577,1712,101273,3,7955,1748,46932,2499,107624,1749,154556,California
Marin,2021-04-15,5644,260449,3981,149558,1663,102936,0,7955,3229,47762,2400,110024,3230,157786,California
Marin,2021-04-16,4303,264752,2258,151816,2042,104978,3,7958,2090,47659,2197,112221,2094,159880,California
Marin,2021-04-17,3580,268332,2176,153992,1404,106382,0,7958,1788,47663,1785,114006,1789,161669,California
Marin,2021-04-18,3239,271571,3138,157130,101,106483,0,7958,2553,49533,683,114689,2553,164222,California
Marin,2021-04-19,2067,273638,1889,159019,177,106660,1,7959,1157,49789,903,115592,1159,165381,California
Marin,2021-04-20,3790,277428,2636,161655,1154,107814,0,7959,1479,48968,2301,117893,1480,166861,California
Marin,2021-04-21,4154,281582,3065,164720,1086,108900,3,7962,1402,47639,2732,120625,1403,168264,California
Marin,2021-04-22,4297,285879,3275,167995,1022,109922,0,7962,1503,46363,2783,123408,1507,169771,California
Marin,2021-04-23,3296,289175,1858,169853,1438,111360,0,7962,1255,45590,2029,125437,1256,171027,California
Marin,2021-04-24,2528,291703,1686,171539,841,112201,1,7963,924,44924,1592,127029,926,171953,California
Marin,2021-04-25,1386,293089,1265,172804,121,112322,0,7963,304,44155,1073,128102,304,172257,California
Marin,2021-04-26,1669,294758,1431,174235,235,112557,3,7966,410,43314,1256,129358,415,172672,California
Marin,2021-04-27,3083,297841,2223,176458,809,113366,51,8017,1006,42299,2068,131426,1053,173725,California
Marin,2021-04-28,2352,300193,1625,178083,676,114042,51,8068,740,41481,1608,133034,790,174515,California
Marin,2021-04-29,2947,303140,2024,180107,860,114902,63,8131,821,40251,2115,135149,885,175400,California
Marin,2021-04-30,1991,305131,1292,181399,612,115514,87,8218,705,39766,1277,136426,792,176192,California
Marin,2021-05-01,1840,306971,1026,182425,791,116305,23,8241,547,39051,1284,137710,569,176761,California
Marin,2021-05-02,730,307701,590,183015,111,116416,29,8270,201,38757,523,138233,229,176990,California
Marin,2021-05-03,1225,308926,999,184014,170,116586,56,8326,265,38122,955,139188,320,177310,California
Marin,2021-05-04,2964,311890,1996,186010,876,117462,92,8418,480,36219,2475,141663,572,177882,California
Marin,2021-05-05,2795,314685,2034,188044,635,118097,126,8544,455,34466,2333,143996,580,178462,California
Marin,2021-05-06,3277,317962,2539,190583,649,118746,89,8633,428,32141,2839,146835,514,178976,California
Marin,2021-05-07,2056,320018,1551,192134,419,119165,86,8719,384,30943,1665,148500,467,179443,California
Marin,2021-05-08,2506,322524,1899,194033,485,119650,122,8841,349,29266,2149,150649,472,179915,California
Marin,2021-05-09,989,323513,899,194932,71,119721,19,8860,112,28524,874,151523,132,180047,California
Marin,2021-05-10,1419,324932,1158,196090,191,119912,70,8930,204,27587,1210,152733,273,180320,California
Marin,2021-05-11,2343,327275,1867,197957,420,120332,56,8986,304,25910,2036,154769,359,180679,California
Marin,2021-05-12,1859,329134,1461,199418,329,120661,69,9055,298,24720,1555,156324,365,181044,California
Marin,2021-05-13,2686,331820,2297,201715,335,120996,54,9109,1418,24931,1260,157584,1471,182515,California
Marin,2021-05-14,2205,334025,1451,203166,654,121650,100,9209,883,24598,1315,158899,982,183497,California
Marin,2021-05-15,2762,336787,2280,205446,402,122052,80,9289,1676,25270,1084,159983,1756,185253,California
Marin,2021-05-16,1726,338513,1665,207111,53,122105,8,9297,1398,26351,325,160308,1406,186659,California
Marin,2021-05-17,2142,340655,1990,209101,109,122214,43,9340,1702,27663,433,160741,1745,188404,California
Marin,2021-05-18,1538,342193,1192,210293,291,122505,55,9395,794,27773,737,161478,847,189251,California
Marin,2021-05-19,1569,343762,1241,211534,257,122762,71,9466,770,27819,793,162271,839,190090,California
Marin,2021-05-20,1834,345596,1494,213028,254,123016,86,9552,749,27578,1077,163348,836,190926,California
Marin,2021-05-21,1475,347071,846,213874,580,123596,49,9601,439,27037,1029,164377,488,191414,California
Marin,2021-05-22,1432,348503,1084,214958,290,123886,58,9659,962,27591,466,164843,1020,192434,California
Marin,2021-05-23,477,348980,423,215381,42,123928,12,9671,218,27566,256,165099,231,192665,California
Marin,2021-05-24,674,349654,499,215880,135,124063,40,9711,352,27638,319,165418,391,193056,California
Marin,2021-05-25,1005,350659,627,216507,332,124395,46,9757,316,27316,681,166099,359,193415,California
Marin,2021-05-26,729,351388,493,217000,186,124581,50,9807,262,27165,463,166562,312,193727,California
Marin,2021-05-27,1035,352423,665,217665,291,124872,79,9886,342,26896,690,167252,421,194148,California
Marin,2021-05-28,1109,353532,721,218386,308,125180,80,9966,327,26524,778,168030,406,194554,California
Marin,2021-05-29,378,353910,221,218607,147,125327,10,9976,208,26572,170,168200,218,194772,California
Marin,2021-05-30,96,354006,56,218663,35,125362,5,9981,55,26592,40,168240,60,194832,California
Marin,2021-05-31,27,354033,13,218676,13,125375,1,9982,14,26594,13,168253,15,194847,California
Marin,2021-06-01,759,354792,552,219228,162,125537,45,10027,319,26520,437,168690,363,195210,California
Marin,2021-06-02,629,355421,477,219705,100,125637,52,10079,219,26383,406,169096,269,195479,California
Marin,2021-06-03,1503,356924,1330,221035,114,125751,59,10138,231,25404,1269,170365,290,195769,California
Marin,2021-06-04,1037,357961,861,221896,142,125893,34,10172,188,24781,843,171208,220,195989,California
Marin,2021-06-05,1928,359889,1710,223606,170,126063,48,10220,318,23544,1603,172811,366,196355,California
Marin,2021-06-06,1408,361297,1359,224965,15,126078,34,10254,152,22475,1255,174066,186,196541,California
Marin,2021-06-07,1941,363238,1824,226789,67,126145,50,10304,239,21068,1696,175762,289,196830,California
Marin,2021-06-08,981,364219,872,227661,68,126213,41,10345,233,20601,741,176503,274,197104,California
Marin,2021-06-09,743,364962,667,228328,66,126279,10,10355,136,20141,606,177109,146,197250,California
Marin,2021-06-10,883,365845,772,229100,60,126339,51,10406,181,19675,698,177807,232,197482,California
Marin,2021-06-11,687,366532,576,229676,79,126418,32,10438,144,19308,543,178350,176,197658,California
Marin,2021-06-12,922,367454,792,230468,89,126507,41,10479,152,18735,767,179117,194,197852,California
Marin,2021-06-13,416,367870,385,230853,20,126527,11,10490,66,18465,347,179464,77,197929,California
Marin,2021-06-14,866,368736,739,231592,80,126607,47,10537,209,18067,653,180117,255,198184,California
Marin,2021-06-15,537,369273,427,232019,84,126691,26,10563,169,17895,367,180484,195,198379,California
Marin,2021-06-16,497,369770,406,232425,45,126736,46,10609,161,17772,329,180813,206,198585,California
Marin,2021-06-17,558,370328,480,232905,47,126783,31,10640,193,17632,363,181176,223,198808,California
Marin,2021-06-18,488,370816,377,233282,76,126859,35,10675,171,17527,310,181486,205,199013,California
Marin,2021-06-19,367,371183,296,233578,37,126896,34,10709,146,17486,219,181705,178,199191,California
Marin,2021-06-20,113,371296,88,233666,14,126910,11,10720,47,17478,66,181771,58,199249,California
Marin,2021-06-21,349,371645,248,233914,46,126956,55,10775,139,17463,209,181980,194,199443,California
Marin,2021-06-22,451,372096,351,234265,69,127025,31,10806,139,17324,309,182289,170,199613,California
Marin,2021-06-23,356,372452,295,234560,29,127054,32,10838,120,17240,236,182525,152,199765,California
Marin,2021-06-24,399,372851,307,234867,42,127096,50,10888,134,17161,261,182786,182,199947,California
Marin,2021-06-25,374,373225,276,235143,59,127155,39,10927,173,17174,199,182985,212,200159,California
Marin,2021-06-26,322,373547,271,235414,20,127175,31,10958,116,17115,206,183191,147,200306,California
Marin,2021-06-27,206,373753,158,235572,22,127197,26,10984,68,17072,136,183327,93,200399,California
Marin,2021-06-28,360,374113,316,235888,22,127219,22,11006,120,16976,238,183565,142,200541,California
Mariposa,2020-12-17,37,37,37,37,0,0,0,0,39,39,0,0,39,39,California
Mariposa,2020-12-18,55,92,55,92,0,0,0,0,56,95,0,0,56,95,California
Mariposa,2020-12-20,2,94,2,94,0,0,0,0,2,97,0,0,2,97,California
Mariposa,2020-12-21,49,143,49,143,0,0,0,0,53,150,0,0,53,150,California
Mariposa,2020-12-22,5,148,5,148,0,0,0,0,5,155,0,0,5,155,California
Mariposa,2020-12-23,16,164,16,164,0,0,0,0,16,171,0,0,16,171,California
Mariposa,2020-12-24,1,165,0,164,1,1,0,0,0,171,1,1,1,172,California
Mariposa,2020-12-26,1,166,1,165,0,1,0,0,1,172,0,1,1,173,California
Mariposa,2020-12-27,1,167,0,165,1,2,0,0,1,173,0,1,1,174,California
Mariposa,2020-12-28,6,173,3,168,3,5,0,0,6,179,0,1,6,180,California
Mariposa,2020-12-29,33,206,3,171,30,35,0,0,33,212,0,1,33,213,California
Mariposa,2020-12-30,26,232,4,175,22,57,0,0,26,238,0,1,26,239,California
Mariposa,2020-12-31,17,249,0,175,17,74,0,0,17,255,0,1,17,256,California
Mariposa,2021-01-02,1,250,1,176,0,74,0,0,1,256,0,1,1,257,California
Mariposa,2021-01-04,9,259,2,178,7,81,0,0,9,265,0,1,9,266,California
Mariposa,2021-01-05,24,283,14,192,10,91,0,0,14,269,10,11,14,280,California
Mariposa,2021-01-06,6,289,3,195,3,94,0,0,3,269,3,14,3,283,California
Mariposa,2021-01-07,50,339,45,240,5,99,0,0,5,229,45,59,5,288,California
Mariposa,2021-01-08,108,447,79,319,29,128,0,0,33,187,75,134,33,321,California
Mariposa,2021-01-09,1,448,0,319,1,129,0,0,1,188,0,134,1,322,California
Mariposa,2021-01-11,31,479,10,329,21,150,0,0,23,203,8,142,23,345,California
Mariposa,2021-01-12,19,498,4,333,15,165,0,0,15,214,4,146,15,360,California
Mariposa,2021-01-13,21,519,4,337,17,182,0,0,18,229,3,149,18,378,California
Mariposa,2021-01-14,74,593,7,344,67,249,0,0,68,291,6,155,68,446,California
Mariposa,2021-01-15,68,661,27,371,41,290,0,0,58,339,10,165,58,504,California
Mariposa,2021-01-16,14,675,2,373,12,302,0,0,13,351,1,166,13,517,California
Mariposa,2021-01-17,3,678,1,374,2,304,0,0,2,352,1,167,2,519,California
Mariposa,2021-01-18,4,682,3,377,1,305,0,0,2,352,2,169,2,521,California
Mariposa,2021-01-19,8,690,4,381,4,309,0,0,5,355,2,171,5,526,California
Mariposa,2021-01-20,23,713,1,382,22,331,0,0,22,376,1,172,22,548,California
Mariposa,2021-01-21,66,779,8,390,58,389,0,0,62,434,4,176,62,610,California
Mariposa,2021-01-22,56,835,3,393,53,442,0,0,56,490,0,176,56,666,California
Mariposa,2021-01-23,116,951,2,395,114,556,0,0,114,602,2,178,114,780,California
Mariposa,2021-01-24,2,953,2,397,0,556,0,0,2,604,0,178,2,782,California
Mariposa,2021-01-25,5,958,1,398,4,560,0,0,1,601,4,182,1,783,California
Mariposa,2021-01-26,36,994,3,401,33,593,0,0,4,577,32,214,8,791,California
Mariposa,2021-01-27,26,1020,2,403,24,617,0,0,13,578,12,226,13,804,California
Mariposa,2021-01-28,127,1147,3,406,124,741,0,0,114,680,12,238,114,918,California
Mariposa,2021-01-29,83,1230,22,428,61,802,0,0,82,761,1,239,82,1000,California
Mariposa,2021-01-30,9,1239,1,429,8,810,0,0,8,768,1,240,8,1008,California
Mariposa,2021-01-31,1,1240,0,429,1,811,0,0,1,769,0,240,1,1009,California
Mariposa,2021-02-01,90,1330,32,461,58,869,0,0,69,817,21,261,69,1078,California
Mariposa,2021-02-02,15,1345,3,464,12,881,0,0,9,820,6,267,9,1087,California
Mariposa,2021-02-03,20,1365,1,465,19,900,0,0,13,827,6,273,13,1100,California
Mariposa,2021-02-04,98,1463,8,473,90,990,0,0,93,917,4,277,94,1194,California
Mariposa,2021-02-05,192,1655,5,478,187,1177,0,0,166,1057,26,303,166,1360,California
Mariposa,2021-02-06,11,1666,4,482,7,1184,0,0,10,1066,1,304,10,1370,California
Mariposa,2021-02-07,1,1667,0,482,1,1185,0,0,1,1067,0,304,1,1371,California
Mariposa,2021-02-08,42,1709,2,484,40,1225,0,0,23,1071,19,323,23,1394,California
Mariposa,2021-02-09,43,1752,25,509,18,1243,0,0,37,1102,6,329,37,1431,California
Mariposa,2021-02-10,28,1780,5,514,23,1266,0,0,17,1115,10,339,23,1454,California
Mariposa,2021-02-11,374,2154,5,519,369,1635,0,0,359,1462,15,354,362,1816,California
Mariposa,2021-02-12,184,2338,8,527,176,1811,0,0,140,1558,44,398,140,1956,California
Mariposa,2021-02-13,12,2350,3,530,9,1820,0,0,10,1566,2,400,10,1966,California
Mariposa,2021-02-14,8,2358,4,534,4,1824,0,0,5,1568,3,403,5,1971,California
Mariposa,2021-02-15,9,2367,3,537,6,1830,0,0,7,1573,2,405,7,1978,California
Mariposa,2021-02-16,58,2425,34,571,24,1854,0,0,35,1586,23,428,36,2014,California
Mariposa,2021-02-17,37,2462,9,580,28,1882,0,0,27,1605,9,437,28,2042,California
Mariposa,2021-02-18,58,2520,7,587,51,1933,0,0,20,1587,38,475,20,2062,California
Mariposa,2021-02-19,82,2602,3,590,79,2012,0,0,75,1656,7,482,76,2138,California
Mariposa,2021-02-20,255,2857,4,594,251,2263,0,0,223,1849,30,512,223,2361,California
Mariposa,2021-02-21,238,3095,4,598,234,2497,0,0,236,2084,1,513,236,2597,California
Mariposa,2021-02-22,24,3119,9,607,15,2512,0,0,21,2102,3,516,21,2618,California
Mariposa,2021-02-23,43,3162,37,644,6,2518,0,0,25,2109,18,534,25,2643,California
Mariposa,2021-02-24,21,3183,3,647,18,2536,0,0,8,2105,12,546,8,2651,California
Mariposa,2021-02-25,18,3201,9,656,9,2545,0,0,12,2111,6,552,12,2663,California
Mariposa,2021-02-26,421,3622,7,663,414,2959,0,0,354,2406,67,619,362,3025,California
Mariposa,2021-02-27,172,3794,7,670,165,3124,0,0,161,2556,11,630,161,3186,California
Mariposa,2021-02-28,2,3796,1,671,1,3125,0,0,0,2554,2,632,0,3186,California
Mariposa,2021-03-01,85,3881,26,697,59,3184,0,0,17,2505,67,699,18,3204,California
Mariposa,2021-03-02,21,3902,14,711,7,3191,0,0,11,2507,9,708,11,3215,California
Mariposa,2021-03-03,72,3974,6,717,66,3257,0,0,66,2568,6,714,67,3282,California
Mariposa,2021-03-04,41,4015,9,726,32,3289,0,0,19,2566,22,736,20,3302,California
Mariposa,2021-03-05,61,4076,9,735,52,3341,0,0,39,2591,22,758,47,3349,California
Mariposa,2021-03-06,17,4093,7,742,10,3351,0,0,7,2589,10,768,8,3357,California
Mariposa,2021-03-07,1,4094,1,743,0,3351,0,0,0,2588,1,769,0,3357,California
Mariposa,2021-03-08,39,4133,4,747,24,3375,11,11,9,2578,30,799,20,3377,California
Mariposa,2021-03-09,45,4178,18,765,17,3392,10,21,14,2571,31,830,24,3401,California
Mariposa,2021-03-10,34,4212,12,777,12,3404,10,31,10,2567,24,854,20,3421,California
Mariposa,2021-03-11,471,4683,6,783,446,3850,19,50,225,2570,245,1099,248,3669,California
Mariposa,2021-03-12,254,4937,8,791,218,4068,28,78,110,2565,144,1243,139,3808,California
Mariposa,2021-03-13,35,4972,6,797,14,4082,15,93,12,2568,23,1266,26,3834,California
Mariposa,2021-03-14,18,4990,2,799,5,4087,11,104,3,2568,14,1280,14,3848,California
Mariposa,2021-03-15,77,5067,8,807,31,4118,38,142,31,2591,46,1326,69,3917,California
Mariposa,2021-03-16,82,5149,33,840,14,4132,35,177,24,2592,58,1384,59,3976,California
Mariposa,2021-03-17,72,5221,10,850,54,4186,8,185,51,2631,20,1404,59,4035,California
Mariposa,2021-03-18,68,5289,17,867,41,4227,10,195,43,2659,25,1429,53,4088,California
Mariposa,2021-03-19,340,5629,11,878,324,4551,5,200,303,2930,37,1466,308,4396,California
Mariposa,2021-03-20,426,6055,6,884,418,4969,2,202,46,2599,380,1846,49,4445,California
Mariposa,2021-03-21,15,6070,9,893,5,4974,1,203,10,2606,4,1850,11,4456,California
Mariposa,2021-03-22,38,6108,8,901,22,4996,8,211,25,2628,13,1863,35,4491,California
Mariposa,2021-03-23,55,6163,35,936,10,5006,10,221,34,2651,21,1884,44,4535,California
Mariposa,2021-03-24,57,6220,6,942,49,5055,2,223,52,2700,5,1889,54,4589,California
Mariposa,2021-03-25,76,6296,15,957,53,5108,8,231,54,2742,20,1909,62,4651,California
Mariposa,2021-03-26,489,6785,9,966,479,5587,1,232,252,2758,237,2146,253,4904,California
Mariposa,2021-03-27,224,7009,9,975,215,5802,0,232,89,2714,135,2281,91,4995,California
Mariposa,2021-03-28,5,7014,0,975,2,5804,3,235,1,2714,4,2285,4,4999,California
Mariposa,2021-03-29,19,7033,6,981,13,5817,0,235,12,2719,7,2292,12,5011,California
Mariposa,2021-03-30,36,7069,13,994,7,5824,16,251,13,2725,23,2315,29,5040,California
Mariposa,2021-03-31,89,7158,16,1010,66,5890,7,258,68,2779,21,2336,75,5115,California
Mariposa,2021-04-01,54,7212,11,1021,35,5925,8,266,35,2803,19,2355,43,5158,California
Mariposa,2021-04-02,348,7560,13,1034,333,6258,2,268,306,3070,41,2396,308,5466,California
Mariposa,2021-04-03,11,7571,8,1042,3,6261,0,268,6,3071,5,2401,6,5472,California
Mariposa,2021-04-04,2,7573,1,1043,0,6261,1,269,0,3070,2,2403,1,5473,California
Mariposa,2021-04-05,33,7606,22,1065,7,6268,4,273,16,3073,17,2420,20,5493,California
Mariposa,2021-04-06,43,7649,21,1086,6,6274,16,289,13,3073,29,2449,29,5522,California
Mariposa,2021-04-07,98,7747,6,1092,73,6347,19,308,28,3050,70,2519,47,5569,California
Mariposa,2021-04-08,280,8027,16,1108,245,6592,19,327,145,3082,133,2652,165,5734,California
Mariposa,2021-04-09,39,8066,9,1117,15,6607,15,342,11,3080,28,2680,26,5760,California
Mariposa,2021-04-10,202,8268,4,1121,188,6795,10,352,187,3263,13,2693,196,5956,California
Mariposa,2021-04-11,124,8392,4,1125,118,6913,2,354,57,3256,67,2760,60,6016,California
Mariposa,2021-04-12,43,8435,14,1139,27,6940,2,356,14,3243,29,2789,16,6032,California
Mariposa,2021-04-13,53,8488,46,1185,7,6947,0,356,34,3258,19,2808,34,6066,California
Mariposa,2021-04-14,113,8601,9,1194,104,7051,0,356,58,3262,54,2862,58,6124,California
Mariposa,2021-04-15,58,8659,16,1210,42,7093,0,356,41,3289,14,2876,41,6165,California
Mariposa,2021-04-16,381,9040,11,1221,370,7463,0,356,106,3120,275,3151,106,6271,California
Mariposa,2021-04-17,11,9051,7,1228,4,7467,0,356,8,3125,3,3154,8,6279,California
Mariposa,2021-04-18,7,9058,0,1228,7,7474,0,356,3,3124,4,3158,3,6282,California
Mariposa,2021-04-19,58,9116,26,1254,32,7506,0,356,30,3128,26,3184,30,6312,California
Mariposa,2021-04-20,61,9177,48,1302,13,7519,0,356,37,3143,22,3206,37,6349,California
Mariposa,2021-04-21,93,9270,15,1317,78,7597,0,356,43,3137,49,3255,43,6392,California
Mariposa,2021-04-22,51,9321,11,1328,40,7637,0,356,38,3163,12,3267,38,6430,California
Mariposa,2021-04-23,315,9636,70,1398,245,7882,0,356,144,3138,171,3438,146,6576,California
Mariposa,2021-04-24,106,9742,10,1408,96,7978,0,356,43,3119,62,3500,43,6619,California
Mariposa,2021-04-26,17,9759,12,1420,5,7983,0,356,6,3114,11,3511,6,6625,California
Mariposa,2021-04-27,34,9793,17,1437,15,7998,2,358,15,3116,16,3527,18,6643,California
Mariposa,2021-04-28,73,9866,13,1450,53,8051,7,365,27,3104,46,3573,34,6677,California
Mariposa,2021-04-29,84,9950,12,1462,71,8122,1,366,79,3179,5,3578,80,6757,California
Mariposa,2021-04-30,210,10160,5,1467,200,8322,5,371,62,3098,148,3726,67,6824,California
Mariposa,2021-05-01,3,10163,2,1469,1,8323,0,371,1,3097,2,3728,1,6825,California
Mariposa,2021-05-02,3,10166,2,1471,0,8323,1,372,0,3095,3,3731,1,6826,California
Mariposa,2021-05-03,15,10181,11,1482,3,8326,1,373,6,3093,9,3740,7,6833,California
Mariposa,2021-05-04,50,10231,31,1513,15,8341,4,377,37,3121,13,3753,41,6874,California
Mariposa,2021-05-05,57,10288,9,1522,46,8387,2,379,18,3102,39,3792,20,6894,California
Mariposa,2021-05-06,56,10344,36,1558,15,8402,5,384,39,3129,17,3809,44,6938,California
Mariposa,2021-05-07,28,10372,8,1566,17,8419,3,387,13,3130,15,3824,16,6954,California
Mariposa,2021-05-08,282,10654,7,1573,275,8694,0,387,33,2916,249,4073,35,6989,California
Mariposa,2021-05-09,2,10656,1,1574,1,8695,0,387,0,2914,2,4075,0,6989,California
Mariposa,2021-05-10,20,10676,9,1583,9,8704,2,389,5,2906,15,4090,7,6996,California
Mariposa,2021-05-11,28,10704,18,1601,10,8714,0,389,21,2921,6,4096,21,7017,California
Mariposa,2021-05-12,67,10771,4,1605,58,8772,5,394,6,2871,61,4157,11,7028,California
Mariposa,2021-05-13,48,10819,8,1613,38,8810,2,396,13,2851,35,4192,15,7043,California
Mariposa,2021-05-14,250,11069,122,1735,121,8931,7,403,118,2844,132,4324,125,7168,California
Mariposa,2021-05-15,19,11088,9,1744,8,8939,2,405,11,2850,6,4330,12,7180,California
Mariposa,2021-05-16,3,11091,1,1745,1,8940,1,406,1,2850,2,4332,2,7182,California
Mariposa,2021-05-17,18,11109,7,1752,7,8947,4,410,7,2849,11,4343,10,7192,California
Mariposa,2021-05-18,63,11172,43,1795,15,8962,5,415,46,2884,16,4359,51,7243,California
Mariposa,2021-05-19,71,11243,32,1827,38,9000,1,416,52,2919,18,4377,53,7296,California
Mariposa,2021-05-20,33,11276,18,1845,13,9013,2,418,12,2912,21,4398,14,7310,California
Mariposa,2021-05-21,93,11369,8,1853,83,9096,2,420,43,2909,48,4446,45,7355,California
Mariposa,2021-05-22,48,11417,6,1859,41,9137,1,421,17,2896,31,4477,18,7373,California
Mariposa,2021-05-23,4,11421,2,1861,1,9138,1,422,2,2897,2,4479,3,7376,California
Mariposa,2021-05-24,14,11435,8,1869,4,9142,2,424,9,2903,5,4484,11,7387,California
Mariposa,2021-05-25,26,11461,16,1885,10,9152,0,424,18,2913,8,4492,18,7405,California
Mariposa,2021-05-26,35,11496,4,1889,27,9179,4,428,28,2938,7,4499,32,7437,California
Mariposa,2021-05-27,120,11616,64,1953,55,9234,1,429,62,2943,58,4557,63,7500,California
Mariposa,2021-05-28,66,11682,6,1959,56,9290,4,433,24,2929,42,4599,28,7528,California
Mariposa,2021-05-29,8,11690,2,1961,5,9295,1,434,3,2930,3,4602,4,7532,California
Mariposa,2021-05-30,1,11691,0,1961,0,9295,1,435,0,2930,1,4603,1,7533,California
Mariposa,2021-05-31,2,11693,0,1961,1,9296,1,436,0,2929,2,4605,1,7534,California
Mariposa,2021-06-01,14,11707,3,1964,11,9307,0,436,5,2925,9,4614,5,7539,California
Mariposa,2021-06-02,26,11733,14,1978,7,9314,5,441,6,2917,19,4633,11,7550,California
Mariposa,2021-06-03,20,11753,10,1988,7,9321,3,444,7,2914,13,4646,10,7560,California
Mariposa,2021-06-04,91,11844,80,2068,9,9330,2,446,27,2880,62,4708,28,7588,California
Mariposa,2021-06-05,30,11874,4,2072,24,9354,2,448,7,2866,23,4731,9,7597,California
Mariposa,2021-06-06,4,11878,3,2075,0,9354,1,449,1,2865,3,4734,2,7599,California
Mariposa,2021-06-07,10,11888,5,2080,5,9359,0,449,4,2864,5,4739,4,7603,California
Mariposa,2021-06-08,45,11933,34,2114,9,9368,2,451,13,2847,32,4771,15,7618,California
Mariposa,2021-06-09,28,11961,21,2135,2,9370,5,456,6,2836,22,4793,11,7629,California
Mariposa,2021-06-10,16,11977,8,2143,5,9375,3,459,6,2836,10,4803,10,7639,California
Mariposa,2021-06-11,43,12020,12,2155,23,9398,8,467,9,2819,34,4837,17,7656,California
Mariposa,2021-06-12,17,12037,11,2166,5,9403,1,468,3,2808,14,4851,3,7659,California
Mariposa,2021-06-13,1,12038,0,2166,0,9403,1,469,0,2808,1,4852,1,7660,California
Mariposa,2021-06-14,12,12050,4,2170,7,9410,1,470,5,2807,7,4859,6,7666,California
Mariposa,2021-06-15,23,12073,11,2181,11,9421,1,471,6,2797,17,4876,7,7673,California
Mariposa,2021-06-16,28,12101,12,2193,15,9436,1,472,7,2784,21,4897,8,7681,California
Mariposa,2021-06-17,11,12112,6,2199,5,9441,0,472,4,2781,7,4904,4,7685,California
Mariposa,2021-06-18,69,12181,50,2249,16,9457,3,475,33,2781,35,4939,35,7720,California
Mariposa,2021-06-19,18,12199,5,2254,13,9470,0,475,6,2775,12,4951,6,7726,California
Mariposa,2021-06-21,11,12210,4,2258,7,9477,0,475,7,2779,3,4954,7,7733,California
Mariposa,2021-06-22,23,12233,9,2267,11,9488,3,478,13,2785,10,4964,16,7749,California
Mariposa,2021-06-23,9,12242,3,2270,3,9491,3,481,5,2789,4,4968,8,7757,California
Mariposa,2021-06-24,11,12253,4,2274,7,9498,0,481,5,2788,6,4974,5,7762,California
Mariposa,2021-06-25,50,12303,22,2296,27,9525,1,482,17,2774,32,5006,18,7780,California
Mariposa,2021-06-26,1,12304,1,2297,0,9525,0,482,0,2773,1,5007,0,7780,California
Mariposa,2021-06-27,1,12305,0,2297,0,9525,1,483,0,2773,1,5008,1,7781,California
Mariposa,2021-06-28,1,12306,1,2298,0,9525,0,483,1,2774,0,5008,1,7782,California
Mendocino,2020-12-17,70,70,70,70,0,0,0,0,70,70,0,0,70,70,California
Mendocino,2020-12-18,85,155,84,154,1,1,0,0,84,154,0,0,84,154,California
Mendocino,2020-12-19,4,159,4,158,0,1,0,0,4,158,0,0,4,158,California
Mendocino,2020-12-20,7,166,7,165,0,1,0,0,7,165,0,0,7,165,California
Mendocino,2020-12-21,238,404,238,403,0,1,0,0,77,242,0,0,77,242,California
Mendocino,2020-12-22,253,657,192,595,61,62,0,0,253,495,0,0,253,495,California
Mendocino,2020-12-23,272,929,48,643,224,286,0,0,271,766,0,0,271,766,California
Mendocino,2020-12-24,50,979,8,651,42,328,0,0,50,816,0,0,50,816,California
Mendocino,2020-12-25,1,980,0,651,1,329,0,0,1,817,0,0,1,817,California
Mendocino,2020-12-26,2,982,2,653,0,329,0,0,2,819,0,0,2,819,California
Mendocino,2020-12-27,1,983,0,653,1,330,0,0,1,820,0,0,1,820,California
Mendocino,2020-12-28,74,1057,9,662,65,395,0,0,74,894,0,0,74,894,California
Mendocino,2020-12-29,122,1179,61,723,61,456,0,0,122,1016,0,0,122,1016,California
Mendocino,2020-12-30,123,1302,69,792,54,510,0,0,123,1139,0,0,123,1139,California
Mendocino,2020-12-31,132,1434,97,889,35,545,0,0,132,1271,0,0,132,1271,California
Mendocino,2021-01-01,10,1444,7,896,3,548,0,0,10,1281,0,0,10,1281,California
Mendocino,2021-01-02,1,1445,1,897,0,548,0,0,1,1282,0,0,1,1282,California
Mendocino,2021-01-04,837,2282,18,915,819,1367,0,0,837,2119,0,0,837,2119,California
Mendocino,2021-01-05,71,2353,36,951,35,1402,0,0,58,2164,13,13,58,2177,California
Mendocino,2021-01-06,157,2510,135,1086,22,1424,0,0,147,2301,10,23,147,2324,California
Mendocino,2021-01-07,361,2871,239,1325,122,1546,0,0,298,2536,63,86,298,2622,California
Mendocino,2021-01-08,95,2966,82,1407,13,1559,0,0,41,2524,54,140,42,2664,California
Mendocino,2021-01-09,10,2976,6,1413,4,1563,0,0,8,2530,2,142,8,2672,California
Mendocino,2021-01-10,9,2985,8,1421,1,1564,0,0,2,2525,7,149,2,2674,California
Mendocino,2021-01-11,103,3088,93,1514,10,1574,0,0,45,2513,57,206,45,2719,California
Mendocino,2021-01-12,389,3477,379,1893,10,1584,0,0,272,2668,117,323,272,2991,California
Mendocino,2021-01-13,496,3973,149,2042,347,1931,0,0,451,3077,43,366,452,3443,California
Mendocino,2021-01-14,654,4627,20,2062,634,2565,0,0,645,3713,9,375,645,4088,California
Mendocino,2021-01-15,1875,6502,864,2926,1011,3576,0,0,1870,5579,5,380,1871,5959,California
Mendocino,2021-01-16,791,7293,48,2974,743,4319,0,0,789,6366,2,382,789,6748,California
Mendocino,2021-01-17,554,7847,1,2975,553,4872,0,0,553,6918,1,383,553,7301,California
Mendocino,2021-01-18,488,8335,463,3438,25,4897,0,0,475,7380,13,396,475,7776,California
Mendocino,2021-01-19,335,8670,149,3587,186,5083,0,0,158,7361,177,573,158,7934,California
Mendocino,2021-01-20,557,9227,409,3996,148,5231,0,0,450,7707,105,678,451,8385,California
Mendocino,2021-01-21,540,9767,226,4222,314,5545,0,0,353,7874,186,864,353,8738,California
Mendocino,2021-01-22,151,9918,60,4282,91,5636,0,0,111,7945,40,904,111,8849,California
Mendocino,2021-01-23,157,10075,85,4367,72,5708,0,0,151,8090,6,910,151,9000,California
Mendocino,2021-01-24,5,10080,3,4370,2,5710,0,0,5,8095,0,910,5,9005,California
Mendocino,2021-01-25,192,10272,18,4388,174,5884,0,0,122,8147,70,980,122,9127,California
Mendocino,2021-01-26,155,10427,54,4442,101,5985,0,0,95,8182,60,1040,95,9222,California
Mendocino,2021-01-27,443,10870,373,4815,70,6055,0,0,177,8100,259,1299,177,9399,California
Mendocino,2021-01-28,602,11472,538,5353,64,6119,0,0,505,8509,96,1395,505,9904,California
Mendocino,2021-01-29,391,11863,351,5704,40,6159,0,0,362,8843,29,1424,363,10267,California
Mendocino,2021-01-30,50,11913,31,5735,19,6178,0,0,43,8879,7,1431,43,10310,California
Mendocino,2021-01-31,275,12188,2,5737,273,6451,0,0,4,8612,271,1702,4,10314,California
Mendocino,2021-02-01,382,12570,54,5791,328,6779,0,0,60,8350,322,2024,60,10374,California
Mendocino,2021-02-02,745,13315,524,6315,221,7000,0,0,383,8371,362,2386,383,10757,California
Mendocino,2021-02-03,395,13710,209,6524,186,7186,0,0,224,8426,169,2555,224,10981,California
Mendocino,2021-02-04,630,14340,535,7059,95,7281,0,0,503,8802,127,2682,503,11484,California
Mendocino,2021-02-05,1306,15646,1217,8276,89,7370,0,0,587,8672,717,3399,587,12071,California
Mendocino,2021-02-06,559,16205,159,8435,400,7770,0,0,544,9201,15,3414,544,12615,California
Mendocino,2021-02-07,34,16239,30,8465,4,7774,0,0,34,9235,0,3414,34,12649,California
Mendocino,2021-02-08,751,16990,718,9183,33,7807,0,0,287,9058,464,3878,287,12936,California
Mendocino,2021-02-09,141,17131,58,9241,83,7890,0,0,89,9095,52,3930,89,13025,California
Mendocino,2021-02-10,1489,18620,924,10165,565,8455,0,0,741,9095,741,4671,741,13766,California
Mendocino,2021-02-11,1213,19833,209,10374,1004,9459,0,0,299,8480,914,5585,299,14065,California
Mendocino,2021-02-12,1459,21292,162,10536,1297,10756,0,0,658,8338,800,6385,658,14723,California
Mendocino,2021-02-13,507,21799,14,10550,493,11249,0,0,104,8045,402,6787,109,14832,California
Mendocino,2021-02-14,694,22493,4,10554,690,11939,0,0,135,7621,559,7346,135,14967,California
Mendocino,2021-02-15,334,22827,43,10597,291,12230,0,0,175,7638,158,7504,175,15142,California
Mendocino,2021-02-16,200,23027,50,10647,150,12380,0,0,129,7696,71,7575,129,15271,California
Mendocino,2021-02-17,1360,24387,1197,11844,163,12543,0,0,880,8098,478,8053,880,16151,California
Mendocino,2021-02-18,1804,26191,658,12502,1146,13689,0,0,1223,8742,579,8632,1223,17374,California
Mendocino,2021-02-19,752,26943,146,12648,606,14295,0,0,611,9214,141,8773,613,17987,California
Mendocino,2021-02-20,576,27519,550,13198,26,14321,0,0,545,9730,29,8802,545,18532,California
Mendocino,2021-02-21,324,27843,6,13204,318,14639,0,0,312,10031,11,8813,312,18844,California
Mendocino,2021-02-22,161,28004,29,13233,132,14771,0,0,69,10010,90,8903,69,18913,California
Mendocino,2021-02-23,862,28866,848,14081,14,14785,0,0,647,10444,213,9116,647,19560,California
Mendocino,2021-02-24,1847,30713,1765,15846,82,14867,0,0,1432,11468,410,9526,1434,20994,California
Mendocino,2021-02-25,1714,32427,538,16384,1176,16043,0,0,1289,12333,424,9950,1289,22283,California
Mendocino,2021-02-26,1416,33843,750,17134,666,16709,0,0,1048,13016,365,10315,1048,23331,California
Mendocino,2021-02-27,201,34044,152,17286,49,16758,0,0,77,12970,123,10438,77,23408,California
Mendocino,2021-02-28,37,34081,14,17300,23,16781,0,0,24,12981,13,10451,24,23432,California
Mendocino,2021-03-01,592,34673,548,17848,44,16825,0,0,551,13494,38,10489,551,23983,California
Mendocino,2021-03-02,75,34748,28,17876,47,16872,0,0,42,13504,32,10521,42,24025,California
Mendocino,2021-03-03,2035,36783,1333,19209,702,17574,0,0,1385,14241,648,11169,1385,25410,California
Mendocino,2021-03-04,1853,38636,152,19361,1701,19275,0,0,1632,15657,218,11387,1634,27044,California
Mendocino,2021-03-05,478,39114,417,19778,52,19327,9,9,372,15936,102,11489,381,27425,California
Mendocino,2021-03-06,248,39362,23,19801,198,19525,27,36,204,16124,43,11532,231,27656,California
Mendocino,2021-03-07,525,39887,27,19828,478,20003,20,56,137,15893,387,11919,156,27812,California
Mendocino,2021-03-08,123,40010,28,19856,58,20061,37,93,64,15937,57,11976,101,27913,California
Mendocino,2021-03-09,940,40950,598,20454,301,20362,41,134,832,16702,108,12084,873,28786,California
Mendocino,2021-03-10,1147,42097,984,21438,98,20460,65,199,267,16163,874,12958,335,29121,California
Mendocino,2021-03-11,841,42938,624,22062,162,20622,55,254,399,16178,439,13397,454,29575,California
Mendocino,2021-03-12,2064,45002,1053,23115,899,21521,112,366,1234,16700,824,14221,1346,30921,California
Mendocino,2021-03-13,704,45706,569,23684,77,21598,58,424,107,16272,593,14814,165,31086,California
Mendocino,2021-03-14,105,45811,3,23687,95,21693,7,431,12,16202,89,14903,19,31105,California
Mendocino,2021-03-15,600,46411,51,23738,490,22183,59,490,208,16079,389,15292,266,31371,California
Mendocino,2021-03-16,585,46996,389,24127,150,22333,46,536,117,15776,466,15758,163,31534,California
Mendocino,2021-03-17,1584,48580,1380,25507,56,22389,148,684,219,14792,1358,17116,374,31908,California
Mendocino,2021-03-18,1309,49889,248,25755,1024,23413,37,721,279,14086,1022,18138,316,32224,California
Mendocino,2021-03-19,1777,51666,856,26611,860,24273,61,782,331,13041,1439,19577,394,32618,California
Mendocino,2021-03-20,70,51736,10,26621,39,24312,21,803,12,13016,58,19635,33,32651,California
Mendocino,2021-03-21,8,51744,1,26622,2,24314,5,808,3,13019,5,19640,8,32659,California
Mendocino,2021-03-22,656,52400,612,27234,15,24329,29,837,145,12685,507,20147,173,32832,California
Mendocino,2021-03-23,165,52565,34,27268,101,24430,30,867,114,12778,51,20198,144,32976,California
Mendocino,2021-03-24,917,53482,842,28110,28,24458,47,914,112,12134,803,21001,159,33135,California
Mendocino,2021-03-25,2016,55498,54,28164,1942,26400,20,934,176,10494,1834,22835,194,33329,California
Mendocino,2021-03-26,547,56045,395,28559,126,26526,26,960,114,10201,432,23267,139,33468,California
Mendocino,2021-03-27,162,56207,31,28590,119,26645,12,972,84,10219,77,23344,95,33563,California
Mendocino,2021-03-28,27,56234,7,28597,16,26661,4,976,5,10207,21,23365,9,33572,California
Mendocino,2021-03-29,191,56425,98,28695,49,26710,44,1020,96,10252,95,23460,140,33712,California
Mendocino,2021-03-30,718,57143,633,29328,48,26758,37,1057,107,9787,609,24069,144,33856,California
Mendocino,2021-03-31,919,58062,281,29609,577,27335,61,1118,154,9240,762,24831,215,34071,California
Mendocino,2021-04-01,1752,59814,425,30034,1246,28581,81,1199,383,8345,1358,26189,463,34534,California
Mendocino,2021-04-02,1310,61124,1078,31112,159,28740,73,1272,160,7431,1147,27336,233,34767,California
Mendocino,2021-04-03,712,61836,12,31124,679,29419,21,1293,87,6919,620,27956,108,34875,California
Mendocino,2021-04-04,71,61907,35,31159,30,29449,6,1299,55,6964,16,27972,61,34936,California
Mendocino,2021-04-05,213,62120,141,31300,48,29497,24,1323,127,7026,86,28058,148,35084,California
Mendocino,2021-04-06,401,62521,124,31424,182,29679,95,1418,108,6936,293,28351,203,35287,California
Mendocino,2021-04-07,493,63014,181,31605,65,29744,247,1665,118,6927,372,28723,363,35650,California
Mendocino,2021-04-08,1500,64514,921,32526,464,30208,115,1780,1007,7563,487,29210,1123,36773,California
Mendocino,2021-04-09,760,65274,428,32954,171,30379,161,1941,397,7758,363,29573,558,37331,California
Mendocino,2021-04-10,405,65679,92,33046,267,30646,46,1987,99,7597,306,29879,145,37476,California
Mendocino,2021-04-11,122,65801,47,33093,19,30665,56,2043,59,7649,63,29942,115,37591,California
Mendocino,2021-04-12,622,66423,514,33607,48,30713,60,2103,408,7903,214,30156,468,38059,California
Mendocino,2021-04-13,292,66715,229,33836,63,30776,0,2103,224,8059,68,30224,224,38283,California
Mendocino,2021-04-14,525,67240,430,34266,95,30871,0,2103,422,8378,103,30327,422,38705,California
Mendocino,2021-04-15,662,67902,328,34594,334,31205,0,2103,387,8495,270,30597,387,39092,California
Mendocino,2021-04-16,129,68031,55,34649,73,31278,1,2104,80,8527,48,30645,80,39172,California
Mendocino,2021-04-17,195,68226,12,34661,183,31461,0,2104,68,8470,125,30770,68,39240,California
Mendocino,2021-04-18,17,68243,9,34670,8,31469,0,2104,9,8473,6,30776,9,39249,California
Mendocino,2021-04-19,542,68785,516,35186,25,31494,1,2105,430,8794,110,30886,431,39680,California
Mendocino,2021-04-20,429,69214,296,35482,133,31627,0,2105,269,8904,159,31045,269,39949,California
Mendocino,2021-04-21,198,69412,135,35617,62,31689,1,2106,118,8944,78,31123,118,40067,California
Mendocino,2021-04-22,487,69899,317,35934,169,31858,1,2107,312,9085,171,31294,312,40379,California
Mendocino,2021-04-23,861,70760,703,36637,158,32016,0,2107,701,9629,157,31451,701,41080,California
Mendocino,2021-04-24,110,70870,16,36653,94,32110,0,2107,103,9725,7,31458,103,41183,California
Mendocino,2021-04-25,58,70928,34,36687,20,32130,4,2111,18,9708,39,31497,22,41205,California
Mendocino,2021-04-26,310,71238,238,36925,67,32197,5,2116,203,9810,106,31603,208,41413,California
Mendocino,2021-04-27,208,71446,91,37016,90,32287,27,2143,95,9819,112,31715,121,41534,California
Mendocino,2021-04-28,223,71669,147,37163,57,32344,19,2162,126,9868,97,31812,146,41680,California
Mendocino,2021-04-29,1147,72816,842,38005,290,32634,15,2177,113,8967,1029,32841,128,41808,California
Mendocino,2021-04-30,609,73425,384,38389,215,32849,10,2187,230,8829,378,33219,240,42048,California
Mendocino,2021-05-01,480,73905,435,38824,37,32886,8,2195,374,9106,105,33324,382,42430,California
Mendocino,2021-05-02,57,73962,47,38871,7,32893,3,2198,9,9071,47,33371,12,42442,California
Mendocino,2021-05-03,148,74110,85,38956,41,32934,22,2220,43,9033,103,33474,65,42507,California
Mendocino,2021-05-04,380,74490,253,39209,94,33028,33,2253,142,8970,238,33712,175,42682,California
Mendocino,2021-05-05,879,75369,791,40000,73,33101,15,2268,223,8552,655,34367,237,42919,California
Mendocino,2021-05-06,632,76001,382,40382,228,33329,22,2290,155,8254,475,34842,177,43096,California
Mendocino,2021-05-07,190,76191,36,40418,129,33458,25,2315,122,8333,67,34909,146,43242,California
Mendocino,2021-05-08,126,76317,5,40423,120,33578,1,2316,110,8429,15,34924,111,43353,California
Mendocino,2021-05-09,22,76339,7,40430,14,33592,1,2317,5,8418,17,34941,6,43359,California
Mendocino,2021-05-10,244,76583,161,40591,78,33670,5,2322,151,8481,93,35034,156,43515,California
Mendocino,2021-05-11,281,76864,144,40735,119,33789,18,2340,130,8477,150,35184,146,43661,California
Mendocino,2021-05-12,143,77007,81,40816,54,33843,8,2348,44,8432,97,35281,52,43713,California
Mendocino,2021-05-13,1236,78243,1122,41938,97,33940,17,2365,323,7859,913,36194,340,44053,California
Mendocino,2021-05-14,725,78968,495,42433,167,34107,63,2428,250,7702,470,36664,313,44366,California
Mendocino,2021-05-15,85,79053,29,42462,52,34159,4,2432,40,7701,45,36709,44,44410,California
Mendocino,2021-05-16,117,79170,104,42566,11,34170,2,2434,99,7786,17,36726,102,44512,California
Mendocino,2021-05-17,177,79347,84,42650,77,34247,16,2450,101,7827,76,36802,117,44629,California
Mendocino,2021-05-18,245,79592,118,42768,99,34346,28,2478,108,7826,136,36938,135,44764,California
Mendocino,2021-05-19,328,79920,191,42959,116,34462,21,2499,242,8006,83,37021,263,45027,California
Mendocino,2021-05-20,297,80217,116,43075,139,34601,42,2541,105,7964,189,37210,147,45174,California
Mendocino,2021-05-21,655,80872,476,43551,164,34765,15,2556,507,8339,147,37357,522,45696,California
Mendocino,2021-05-22,787,81659,676,44227,103,34868,8,2564,241,8043,545,37902,249,45945,California
Mendocino,2021-05-23,30,81689,13,44240,10,34878,7,2571,15,8050,14,37916,21,45966,California
Mendocino,2021-05-24,129,81818,45,44285,63,34941,21,2592,61,8065,67,37983,82,46048,California
Mendocino,2021-05-25,296,82114,177,44462,89,35030,30,2622,135,8069,160,38143,164,46212,California
Mendocino,2021-05-26,324,82438,244,44706,68,35098,12,2634,131,8020,192,38335,143,46355,California
Mendocino,2021-05-27,245,82683,112,44818,111,35209,22,2656,101,8000,142,38477,122,46477,California
Mendocino,2021-05-28,237,82920,97,44915,127,35336,13,2669,151,8081,84,38561,165,46642,California
Mendocino,2021-05-29,48,82968,17,44932,26,35362,5,2674,24,8086,24,38585,29,46671,California
Mendocino,2021-05-30,15,82983,2,44934,12,35374,1,2675,10,8092,5,38590,11,46682,California
Mendocino,2021-05-31,6,82989,0,44934,5,35379,1,2676,2,8092,3,38593,3,46685,California
Mendocino,2021-06-01,314,83303,105,45039,200,35579,9,2685,84,7955,230,38823,93,46778,California
Mendocino,2021-06-02,155,83458,58,45097,89,35668,8,2693,54,7918,99,38922,62,46840,California
Mendocino,2021-06-03,558,84016,457,45554,92,35760,9,2702,123,7622,428,39350,132,46972,California
Mendocino,2021-06-04,322,84338,195,45749,104,35864,23,2725,86,7496,235,39585,109,47081,California
Mendocino,2021-06-05,225,84563,92,45841,115,35979,18,2743,72,7435,151,39736,90,47171,California
Mendocino,2021-06-06,63,84626,58,45899,2,35981,3,2746,2,7379,61,39797,5,47176,California
Mendocino,2021-06-07,148,84774,71,45970,65,36046,12,2758,59,7361,89,39886,71,47247,California
Mendocino,2021-06-08,231,85005,131,46101,87,36133,13,2771,98,7344,128,40014,111,47358,California
Mendocino,2021-06-09,312,85317,249,46350,53,36186,10,2781,108,7259,203,40217,118,47476,California
Mendocino,2021-06-10,132,85449,71,46421,45,36231,16,2797,59,7261,73,40290,75,47551,California
Mendocino,2021-06-11,747,86196,587,47008,132,36363,28,2825,121,6786,624,40914,149,47700,California
Mendocino,2021-06-12,78,86274,53,47061,19,36382,6,2831,28,6771,49,40963,34,47734,California
Mendocino,2021-06-13,29,86303,16,47077,11,36393,2,2833,15,6775,13,40976,17,47751,California
Mendocino,2021-06-14,131,86434,60,47137,52,36445,19,2852,48,6759,82,41058,66,47817,California
Mendocino,2021-06-15,260,86694,167,47304,74,36519,19,2871,83,6684,177,41235,102,47919,California
Mendocino,2021-06-16,270,86964,168,47472,80,36599,22,2893,66,6570,202,41437,88,48007,California
Mendocino,2021-06-17,171,87135,90,47562,64,36663,17,2910,56,6529,114,41551,73,48080,California
Mendocino,2021-06-18,265,87400,123,47685,112,36775,30,2940,74,6442,190,41741,103,48183,California
Mendocino,2021-06-19,76,87476,43,47728,26,36801,7,2947,17,6407,59,41800,24,48207,California
Mendocino,2021-06-20,12,87488,4,47732,4,36805,4,2951,7,6413,5,41805,11,48218,California
Mendocino,2021-06-21,98,87586,32,47764,55,36860,11,2962,43,6414,52,41857,53,48271,California
Mendocino,2021-06-22,133,87719,86,47850,34,36894,13,2975,56,6408,75,41932,69,48340,California
Mendocino,2021-06-23,226,87945,160,48010,37,36931,29,3004,101,6413,125,42057,130,48470,California
Mendocino,2021-06-24,195,88140,111,48121,70,37001,14,3018,73,6379,121,42178,87,48557,California
Mendocino,2021-06-25,180,88320,97,48218,70,37071,13,3031,70,6353,109,42287,83,48640,California
Mendocino,2021-06-26,71,88391,46,48264,21,37092,4,3035,19,6324,52,42339,23,48663,California
Mendocino,2021-06-27,23,88414,13,48277,9,37101,1,3036,13,6328,10,42349,14,48677,California
Mendocino,2021-06-28,55,88469,38,48315,11,37112,6,3042,19,6319,34,42383,25,48702,California
Merced,2020-12-16,3,3,3,3,0,0,0,0,3,3,0,0,3,3,California
Merced,2020-12-17,9,12,9,12,0,0,0,0,9,12,0,0,9,12,California
Merced,2020-12-18,146,158,146,158,0,0,0,0,146,158,0,0,146,158,California
Merced,2020-12-19,39,197,39,197,0,0,0,0,39,197,0,0,39,197,California
Merced,2020-12-20,18,215,18,215,0,0,0,0,18,215,0,0,18,215,California
Merced,2020-12-21,125,340,122,337,3,3,0,0,125,340,0,0,125,340,California
Merced,2020-12-22,153,493,153,490,0,3,0,0,153,493,0,0,153,493,California
Merced,2020-12-23,255,748,249,739,6,9,0,0,255,748,0,0,255,748,California
Merced,2020-12-24,72,820,72,811,0,9,0,0,72,820,0,0,72,820,California
Merced,2020-12-25,4,824,4,815,0,9,0,0,4,824,0,0,4,824,California
Merced,2020-12-26,6,830,3,818,3,12,0,0,6,830,0,0,6,830,California
Merced,2020-12-27,12,842,11,829,1,13,0,0,12,842,0,0,12,842,California
Merced,2020-12-28,122,964,97,926,25,38,0,0,122,964,0,0,122,964,California
Merced,2020-12-29,193,1157,123,1049,70,108,0,0,193,1157,0,0,193,1157,California
Merced,2020-12-30,218,1375,90,1139,128,236,0,0,218,1375,0,0,218,1375,California
Merced,2020-12-31,102,1477,33,1172,69,305,0,0,102,1477,0,0,102,1477,California
Merced,2021-01-01,6,1483,1,1173,5,310,0,0,6,1483,0,0,6,1483,California
Merced,2021-01-02,129,1612,118,1291,11,321,0,0,129,1612,0,0,129,1612,California
Merced,2021-01-03,9,1621,5,1296,4,325,0,0,9,1621,0,0,9,1621,California
Merced,2021-01-04,82,1703,42,1338,40,365,0,0,82,1703,0,0,82,1703,California
Merced,2021-01-05,330,2033,235,1573,95,460,0,0,324,2023,6,6,326,2029,California
Merced,2021-01-06,259,2292,106,1679,153,613,0,0,252,2269,7,13,253,2282,California
Merced,2021-01-07,187,2479,83,1762,104,717,0,0,175,2431,13,26,175,2457,California
Merced,2021-01-08,527,3006,394,2156,133,850,0,0,374,2653,152,178,374,2831,California
Merced,2021-01-09,23,3029,10,2166,13,863,0,0,17,2664,6,184,17,2848,California
Merced,2021-01-10,11,3040,7,2173,4,867,0,0,7,2667,4,188,7,2855,California
Merced,2021-01-11,231,3271,172,2345,59,926,0,0,102,2642,129,317,104,2959,California
Merced,2021-01-12,297,3568,172,2517,125,1051,0,0,247,2838,51,368,247,3206,California
Merced,2021-01-13,392,3960,178,2695,214,1265,0,0,238,2925,154,522,241,3447,California
Merced,2021-01-14,328,4288,205,2900,123,1388,0,0,160,2919,167,689,161,3608,California
Merced,2021-01-15,588,4876,132,3032,456,1844,0,0,549,3431,40,729,552,4160,California
Merced,2021-01-16,213,5089,129,3161,84,1928,0,0,196,3610,17,746,196,4356,California
Merced,2021-01-17,50,5139,12,3173,38,1966,0,0,49,3658,1,747,49,4405,California
Merced,2021-01-18,268,5407,129,3302,139,2105,0,0,244,3882,24,771,248,4653,California
Merced,2021-01-19,714,6121,590,3892,124,2229,0,0,541,4257,173,944,548,5201,California
Merced,2021-01-20,573,6694,468,4360,105,2334,0,0,516,4719,57,1001,519,5720,California
Merced,2021-01-21,1021,7715,653,5013,368,2702,0,0,919,5539,102,1103,922,6642,California
Merced,2021-01-22,1316,9031,695,5708,621,3323,0,0,1287,6810,28,1131,1299,7941,California
Merced,2021-01-23,326,9357,198,5906,128,3451,0,0,219,6922,107,1238,219,8160,California
Merced,2021-01-24,36,9393,15,5921,21,3472,0,0,28,6943,7,1245,28,8188,California
Merced,2021-01-25,731,10124,242,6163,489,3961,0,0,669,7552,61,1306,670,8858,California
Merced,2021-01-26,933,11057,487,6650,446,4407,0,0,676,8000,229,1535,677,9535,California
Merced,2021-01-27,989,12046,588,7238,401,4808,0,0,816,8646,171,1706,817,10352,California
Merced,2021-01-28,1142,13188,595,7833,547,5355,0,0,1018,9543,123,1829,1020,11372,California
Merced,2021-01-29,848,14036,316,8149,532,5887,0,0,594,9898,242,2071,597,11969,California
Merced,2021-01-30,263,14299,28,8177,235,6122,0,0,246,10127,17,2088,246,12215,California
Merced,2021-01-31,47,14346,11,8188,36,6158,0,0,46,10172,1,2089,46,12261,California
Merced,2021-02-01,381,14727,51,8239,330,6488,0,0,328,10450,51,2140,329,12590,California
Merced,2021-02-02,308,15035,182,8421,126,6614,0,0,179,10505,126,2266,181,12771,California
Merced,2021-02-03,351,15386,73,8494,278,6892,0,0,169,10492,182,2448,169,12940,California
Merced,2021-02-04,374,15760,148,8642,226,7118,0,0,241,10602,132,2580,242,13182,California
Merced,2021-02-05,514,16274,173,8815,341,7459,0,0,273,10638,239,2819,275,13457,California
Merced,2021-02-06,391,16665,220,9035,171,7630,0,0,246,10744,142,2961,248,13705,California
Merced,2021-02-07,21,16686,13,9048,8,7638,0,0,14,10751,7,2968,14,13719,California
Merced,2021-02-08,283,16969,198,9246,85,7723,0,0,171,10813,110,3078,172,13891,California
Merced,2021-02-09,1219,18188,955,10201,264,7987,0,0,770,11144,441,3519,772,14663,California
Merced,2021-02-10,1873,20061,1437,11638,436,8423,0,0,1276,11833,587,4106,1276,15939,California
Merced,2021-02-11,2515,22576,2014,13652,501,8924,0,0,1819,12969,684,4790,1820,17759,California
Merced,2021-02-12,1727,24303,1024,14676,703,9627,0,0,750,12764,958,5748,753,18512,California
Merced,2021-02-13,363,24666,208,14884,155,9782,0,0,264,12935,95,5843,266,18778,California
Merced,2021-02-14,117,24783,26,14910,91,9873,0,0,95,13009,22,5865,96,18874,California
Merced,2021-02-15,275,25058,42,14952,233,10106,0,0,169,13080,99,5964,170,19044,California
Merced,2021-02-16,1221,26279,848,15800,373,10479,0,0,835,13554,367,6331,841,19885,California
Merced,2021-02-17,1889,28168,1643,17443,246,10725,0,0,1314,14318,559,6890,1323,21208,California
Merced,2021-02-18,1224,29392,826,18269,398,11123,0,0,405,13931,798,7688,411,21619,California
Merced,2021-02-19,1272,30664,422,18691,850,11973,0,0,537,13742,729,8417,540,22159,California
Merced,2021-02-20,280,30944,33,18724,247,12220,0,0,140,13745,138,8555,141,22300,California
Merced,2021-02-21,77,31021,62,18786,15,12235,0,0,30,13731,45,8600,31,22331,California
Merced,2021-02-22,835,31856,297,19083,538,12773,0,0,480,13861,353,8953,483,22814,California
Merced,2021-02-23,1091,32947,423,19506,668,13441,0,0,638,14058,447,9400,644,23458,California
Merced,2021-02-24,825,33772,306,19812,519,13960,0,0,451,14148,364,9764,454,23912,California
Merced,2021-02-25,1781,35553,885,20697,896,14856,0,0,1317,15014,460,10224,1326,25238,California
Merced,2021-02-26,2165,37718,1385,22082,780,15636,0,0,1739,16343,417,10641,1746,26984,California
Merced,2021-02-27,2617,40335,1187,23269,1430,17066,0,0,2328,18385,287,10928,2329,29313,California
Merced,2021-02-28,315,40650,75,23344,239,17305,1,1,256,18588,55,10983,258,29571,California
Merced,2021-03-01,1148,41798,285,23629,862,18167,1,2,782,19023,356,11339,791,30362,California
Merced,2021-03-02,1763,43561,913,24542,849,19016,1,3,1366,20006,388,11727,1371,31733,California
Merced,2021-03-03,2242,45803,1740,26282,501,19517,1,4,1475,20738,747,12474,1479,33212,California
Merced,2021-03-04,2906,48709,2280,28562,624,20141,2,6,1920,21701,967,13441,1930,35142,California
Merced,2021-03-05,2079,50788,1199,29761,856,20997,24,30,1532,22728,532,13973,1559,36701,California
Merced,2021-03-06,1169,51957,664,30425,483,21480,22,52,907,23401,261,14234,934,37635,California
Merced,2021-03-07,230,52187,66,30491,139,21619,25,77,201,23598,29,14263,226,37861,California
Merced,2021-03-08,1413,53600,812,31303,536,22155,65,142,1194,24640,218,14481,1260,39121,California
Merced,2021-03-09,1758,55358,1025,32328,625,22780,108,250,1102,25204,648,15129,1212,40333,California
Merced,2021-03-10,2745,58103,1889,34217,657,23437,199,449,1627,25938,1101,16230,1835,42168,California
Merced,2021-03-11,1982,60085,716,34933,1065,24502,201,650,1226,26650,739,16969,1451,43619,California
Merced,2021-03-12,2237,62322,907,35840,1059,25561,271,921,1490,27683,742,17711,1775,45394,California
Merced,2021-03-13,1025,63347,318,36158,467,26028,240,1161,711,28328,306,18017,951,46345,California
Merced,2021-03-14,250,63597,137,36295,83,26111,30,1191,150,28409,99,18116,180,46525,California
Merced,2021-03-15,1537,65134,500,36795,781,26892,256,1447,1011,29158,517,18633,1266,47791,California
Merced,2021-03-16,1476,66610,719,37514,530,27422,227,1674,978,29880,486,19119,1208,48999,California
Merced,2021-03-17,2005,68615,1084,38598,740,28162,181,1855,1532,31134,462,19581,1716,50715,California
Merced,2021-03-18,2137,70752,1264,39862,725,28887,148,2003,1395,31966,726,20307,1558,52273,California
Merced,2021-03-19,2681,73433,1464,41326,1022,29909,195,2198,1393,32275,1279,21586,1588,53861,California
Merced,2021-03-20,2456,75889,1529,42855,532,30441,395,2593,959,32144,1492,23078,1361,55222,California
Merced,2021-03-21,560,76449,344,43199,202,30643,14,2607,438,32477,121,23199,454,55676,California
Merced,2021-03-22,1270,77719,635,43834,559,31202,76,2683,887,33072,374,23573,969,56645,California
Merced,2021-03-23,1898,79617,1160,44994,672,31874,66,2749,1364,34017,526,24099,1471,58116,California
Merced,2021-03-24,1485,81102,936,45930,514,32388,35,2784,994,34568,484,24583,1035,59151,California
Merced,2021-03-25,3351,84453,2293,48223,1035,33423,23,2807,2100,35460,1238,25821,2130,61281,California
Merced,2021-03-26,1962,86415,1104,49327,822,34245,36,2843,895,35352,1052,26873,944,62225,California
Merced,2021-03-27,3583,89998,1917,51244,1243,35488,423,3266,1555,35326,2013,28886,1987,64212,California
Merced,2021-03-28,524,90522,216,51460,301,35789,7,3273,213,35240,308,29194,222,64434,California
Merced,2021-03-29,1844,92366,784,52244,891,36680,169,3442,674,34929,1161,30355,850,65284,California
Merced,2021-03-30,2171,94537,810,53054,1302,37982,59,3501,996,34824,1169,31524,1064,66348,California
Merced,2021-03-31,2164,96701,1411,54465,712,38694,41,3542,958,34638,1188,32712,1002,67350,California
Merced,2021-04-01,2365,99066,1057,55522,1178,39872,130,3672,1058,34536,1292,34004,1190,68540,California
Merced,2021-04-02,2353,101419,643,56165,1303,41175,407,4079,786,34193,1549,35553,1206,69746,California
Merced,2021-04-03,1093,102512,603,56768,471,41646,19,4098,664,34466,419,35972,692,70438,California
Merced,2021-04-04,373,102885,143,56911,226,41872,4,4102,143,34386,229,36201,149,70587,California
Merced,2021-04-05,1284,104169,610,57521,461,42333,213,4315,401,34143,875,37076,632,71219,California
Merced,2021-04-06,2435,106604,900,58421,705,43038,830,5145,879,34320,1550,38626,1727,72946,California
Merced,2021-04-07,1684,108288,901,59322,675,43713,108,5253,577,33937,1087,39713,704,73650,California
Merced,2021-04-08,2481,110769,1334,60656,929,44642,218,5471,986,33678,1461,41174,1202,74852,California
Merced,2021-04-09,1710,112479,479,61135,652,45294,579,6050,558,33696,1131,42305,1149,76001,California
Merced,2021-04-10,985,113464,371,61506,426,45720,188,6238,175,33255,804,43109,363,76364,California
Merced,2021-04-11,488,113952,281,61787,72,45792,135,6373,147,33199,339,43448,283,76647,California
Merced,2021-04-12,1519,115471,993,62780,402,46194,124,6497,866,33580,613,44061,994,77641,California
Merced,2021-04-13,2058,117529,1470,64250,586,46780,2,6499,935,33502,1028,45089,950,78591,California
Merced,2021-04-14,2241,119770,1396,65646,845,47625,0,6499,1044,33496,1063,46152,1057,79648,California
Merced,2021-04-15,3038,122808,1989,67635,1049,48674,0,6499,939,32597,1863,48015,964,80612,California
Merced,2021-04-16,2393,125201,1169,68804,1224,49898,0,6499,959,32240,1329,49344,972,81584,California
Merced,2021-04-17,2110,127311,1451,70255,658,50556,1,6500,663,31494,1439,50783,693,82277,California
Merced,2021-04-18,519,127830,292,70547,227,50783,0,6500,199,31404,292,51075,202,82479,California
Merced,2021-04-19,1358,129188,756,71303,602,51385,0,6500,711,31575,548,51623,719,83198,California
Merced,2021-04-20,1548,130736,797,72100,751,52136,0,6500,812,31741,664,52287,830,84028,California
Merced,2021-04-21,1604,132340,990,73090,614,52750,0,6500,798,31857,692,52979,808,84836,California
Merced,2021-04-22,1690,134030,788,73878,902,53652,0,6500,784,31845,813,53792,801,85637,California
Merced,2021-04-23,1713,135743,734,74612,979,54631,0,6500,924,32032,741,54533,928,86565,California
Merced,2021-04-24,879,136622,704,75316,175,54806,0,6500,551,32264,323,54856,555,87120,California
Merced,2021-04-25,332,136954,192,75508,140,54946,0,6500,192,32324,136,54992,196,87316,California
Merced,2021-04-26,1262,138216,561,76069,701,55647,0,6500,640,32390,585,55577,651,87967,California
Merced,2021-04-27,1822,140038,926,76995,884,56531,12,6512,732,32118,1020,56597,748,88715,California
Merced,2021-04-28,1424,141462,724,77719,692,57223,8,6520,806,32345,593,57190,820,89535,California
Merced,2021-04-29,1500,142962,677,78396,798,58021,25,6545,717,32321,773,57963,749,90284,California
Merced,2021-04-30,1504,144466,650,79046,810,58831,44,6589,773,32417,724,58687,820,91104,California
Merced,2021-05-01,566,145032,242,79288,320,59151,4,6593,266,32391,295,58982,269,91373,California
Merced,2021-05-02,299,145331,122,79410,162,59313,15,6608,125,32366,173,59155,148,91521,California
Merced,2021-05-03,865,146196,568,79978,226,59539,71,6679,312,32204,549,59704,387,91908,California
Merced,2021-05-04,1074,147270,592,80570,430,59969,52,6731,396,31986,671,60375,453,92361,California
Merced,2021-05-05,1465,148735,961,81531,428,60397,76,6807,642,31897,810,61185,721,93082,California
Merced,2021-05-06,952,149687,509,82040,393,60790,50,6857,317,31638,628,61813,369,93451,California
Merced,2021-05-07,1163,150850,518,82558,603,61393,42,6899,443,31415,714,62527,491,93942,California
Merced,2021-05-08,450,151300,253,82811,161,61554,36,6935,218,31438,231,62758,254,94196,California
Merced,2021-05-09,213,151513,106,82917,100,61654,7,6942,96,31425,116,62874,103,94299,California
Merced,2021-05-10,726,152239,383,83300,306,61960,37,6979,200,31140,523,63397,238,94537,California
Merced,2021-05-11,1198,153437,722,84022,416,62376,60,7039,473,30953,720,64117,533,95070,California
Merced,2021-05-12,1118,154555,645,84667,431,62807,42,7081,384,30649,731,64848,427,95497,California
Merced,2021-05-13,948,155503,540,85207,366,63173,42,7123,426,30600,517,65365,468,95965,California
Merced,2021-05-14,1076,156579,664,85871,372,63545,40,7163,569,30709,501,65866,610,96575,California
Merced,2021-05-15,765,157344,579,86450,167,63712,19,7182,451,30879,302,66168,472,97047,California
Merced,2021-05-16,370,157714,253,86703,108,63820,9,7191,215,30951,153,66321,225,97272,California
Merced,2021-05-17,1102,158816,717,87420,355,64175,30,7221,536,30960,559,66880,568,97840,California
Merced,2021-05-18,1283,160099,858,88278,394,64569,31,7252,710,31139,566,67446,745,98585,California
Merced,2021-05-19,1150,161249,758,89036,385,64954,7,7259,640,31285,506,67952,652,99237,California
Merced,2021-05-20,1067,162316,565,89601,446,65400,56,7315,402,31083,663,68615,461,99698,California
Merced,2021-05-21,1198,163514,688,90289,482,65882,28,7343,485,30897,701,69316,515,100213,California
Merced,2021-05-22,761,164275,549,90838,199,66081,13,7356,455,31064,305,69621,472,100685,California
Merced,2021-05-23,358,164633,257,91095,88,66169,13,7369,234,31188,123,69744,247,100932,California
Merced,2021-05-24,624,165257,271,91366,323,66492,30,7399,233,31070,385,70129,267,101199,California
Merced,2021-05-25,770,166027,435,91801,301,66793,34,7433,388,31114,378,70507,422,101621,California
Merced,2021-05-26,993,167020,560,92361,400,67193,33,7466,396,30951,595,71102,432,102053,California
Merced,2021-05-27,926,167946,653,93014,239,67432,34,7500,556,31176,366,71468,591,102644,California
Merced,2021-05-28,768,168714,349,93363,373,67805,46,7546,331,31126,428,71896,378,103022,California
Merced,2021-05-29,392,169106,272,93635,112,67917,8,7554,159,31064,230,72126,168,103190,California
Merced,2021-05-30,215,169321,146,93781,58,67975,11,7565,130,31120,85,72211,141,103331,California
Merced,2021-05-31,111,169432,25,93806,80,68055,6,7571,31,31081,78,72289,39,103370,California
Merced,2021-06-01,865,170297,542,94348,291,68346,32,7603,317,30887,543,72832,349,103719,California
Merced,2021-06-02,747,171044,485,94833,236,68582,26,7629,339,30852,401,73233,366,104085,California
Merced,2021-06-03,761,171805,483,95316,244,68826,34,7663,299,30728,456,73689,332,104417,California
Merced,2021-06-04,792,172597,450,95766,320,69146,22,7685,302,30570,484,74173,326,104743,California
Merced,2021-06-05,495,173092,390,96156,94,69240,11,7696,182,30455,308,74481,193,104936,California
Merced,2021-06-06,227,173319,191,96347,30,69270,6,7702,79,30392,148,74629,85,105021,California
Merced,2021-06-07,661,173980,529,96876,119,69389,13,7715,194,30134,467,75096,209,105230,California
Merced,2021-06-08,860,174840,638,97514,198,69587,24,7739,270,29843,585,75681,294,105524,California
Merced,2021-06-09,849,175689,646,98160,188,69775,15,7754,261,29544,578,76259,279,105803,California
Merced,2021-06-10,647,176336,447,98607,180,69955,20,7774,264,29452,376,76635,284,106087,California
Merced,2021-06-11,569,176905,358,98965,196,70151,15,7789,234,29372,331,76966,251,106338,California
Merced,2021-06-12,580,177485,474,99439,83,70234,23,7812,175,29166,404,77370,198,106536,California
Merced,2021-06-13,256,177741,134,99573,117,70351,5,7817,63,29041,193,77563,68,106604,California
Merced,2021-06-14,547,178288,358,99931,156,70507,33,7850,249,29028,296,77859,283,106887,California
Merced,2021-06-15,786,179074,557,100488,202,70709,27,7877,267,28812,511,78370,295,107182,California
Merced,2021-06-16,719,179793,499,100987,198,70907,22,7899,325,28775,384,78754,347,107529,California
Merced,2021-06-17,733,180526,557,101544,145,71052,31,7930,235,28551,490,79244,266,107795,California
Merced,2021-06-18,765,181291,501,102045,234,71286,30,7960,383,28589,375,79619,413,108208,California
Merced,2021-06-19,363,181654,249,102294,87,71373,27,7987,196,28647,165,79784,223,108431,California
Merced,2021-06-20,238,181892,184,102478,46,71419,8,7995,140,28698,97,79881,148,108579,California
Merced,2021-06-21,317,182209,191,102669,116,71535,10,8005,197,28786,119,80000,207,108786,California
Merced,2021-06-22,515,182724,356,103025,140,71675,19,8024,254,28799,261,80261,274,109060,California
Merced,2021-06-23,581,183305,366,103391,204,71879,11,8035,288,28816,285,80546,302,109362,California
Merced,2021-06-24,517,183822,370,103761,126,72005,21,8056,240,28804,273,80819,261,109623,California
Merced,2021-06-25,476,184298,335,104096,119,72124,22,8078,245,28847,224,81043,267,109890,California
Merced,2021-06-26,182,184480,124,104220,52,72176,6,8084,89,28854,91,81134,98,109988,California
Merced,2021-06-27,178,184658,134,104354,37,72213,7,8091,107,28897,71,81205,114,110102,California
Merced,2021-06-28,213,184871,120,104474,80,72293,13,8104,101,28902,110,81315,115,110217,California
Modoc,2020-12-16,1,1,1,1,0,0,0,0,1,1,0,0,1,1,California
Modoc,2020-12-21,99,100,99,100,0,0,0,0,99,100,0,0,99,100,California
Modoc,2020-12-22,14,114,14,114,0,0,0,0,14,114,0,0,14,114,California
Modoc,2020-12-23,4,118,4,118,0,0,0,0,4,118,0,0,4,118,California
Modoc,2020-12-24,1,119,1,119,0,0,0,0,1,119,0,0,1,119,California
Modoc,2020-12-28,2,121,2,121,0,0,0,0,2,121,0,0,2,121,California
Modoc,2020-12-29,10,131,1,122,9,9,0,0,10,131,0,0,10,131,California
Modoc,2020-12-30,7,138,0,122,7,16,0,0,7,138,0,0,7,138,California
Modoc,2021-01-02,3,141,1,123,2,18,0,0,3,141,0,0,3,141,California
Modoc,2021-01-04,8,149,0,123,8,26,0,0,8,149,0,0,8,149,California
Modoc,2021-01-05,3,152,2,125,1,27,0,0,3,152,0,0,3,152,California
Modoc,2021-01-06,3,155,2,127,1,28,0,0,2,153,1,1,2,154,California
Modoc,2021-01-07,72,227,0,127,72,100,0,0,72,225,0,1,72,226,California
Modoc,2021-01-08,105,332,0,127,105,205,0,0,105,330,0,1,105,331,California
Modoc,2021-01-10,1,333,1,128,0,205,0,0,0,329,1,2,0,331,California
Modoc,2021-01-11,90,423,81,209,9,214,0,0,19,277,71,73,19,350,California
Modoc,2021-01-12,94,517,25,234,69,283,0,0,68,319,26,99,68,418,California
Modoc,2021-01-13,24,541,4,238,20,303,0,0,22,339,2,101,22,440,California
Modoc,2021-01-14,129,670,6,244,123,426,0,0,124,458,5,106,124,564,California
Modoc,2021-01-15,6,676,1,245,5,431,0,0,6,464,0,106,6,570,California
Modoc,2021-01-16,2,678,1,246,1,432,0,0,2,466,0,106,2,572,California
Modoc,2021-01-18,3,681,1,247,2,434,0,0,3,469,0,106,3,575,California
Modoc,2021-01-19,5,686,3,250,2,436,0,0,3,470,2,108,3,578,California
Modoc,2021-01-20,11,697,1,251,10,446,0,0,11,481,0,108,11,589,California
Modoc,2021-01-21,157,854,2,253,155,601,0,0,157,638,0,108,157,746,California
Modoc,2021-01-22,2,856,0,253,2,603,0,0,2,640,0,108,2,748,California
Modoc,2021-01-25,11,867,0,253,11,614,0,0,11,651,0,108,11,759,California
Modoc,2021-01-26,65,932,1,254,64,678,0,0,65,716,0,108,65,824,California
Modoc,2021-01-27,42,974,3,257,39,717,0,0,26,726,16,124,26,850,California
Modoc,2021-01-28,146,1120,2,259,144,861,0,0,145,870,1,125,145,995,California
Modoc,2021-01-29,3,1123,1,260,2,863,0,0,3,873,0,125,3,998,California
Modoc,2021-02-01,26,1149,13,273,13,876,0,0,12,871,14,139,12,1010,California
Modoc,2021-02-02,170,1319,2,275,168,1044,0,0,167,1035,3,142,167,1177,California
Modoc,2021-02-03,18,1337,13,288,5,1049,0,0,11,1039,7,149,11,1188,California
Modoc,2021-02-04,155,1492,4,292,151,1200,0,0,27,938,128,277,27,1215,California
Modoc,2021-02-05,2,1494,2,294,0,1200,0,0,1,938,1,278,1,1216,California
Modoc,2021-02-08,9,1503,2,296,7,1207,0,0,8,945,1,279,8,1224,California
Modoc,2021-02-09,197,1700,13,309,184,1391,0,0,65,878,132,411,65,1289,California
Modoc,2021-02-10,5,1705,2,311,3,1394,0,0,4,881,1,412,4,1293,California
Modoc,2021-02-11,201,1906,3,314,198,1592,0,0,83,846,118,530,83,1376,California
Modoc,2021-02-12,4,1910,0,314,4,1596,0,0,2,846,2,532,2,1378,California
Modoc,2021-02-13,2,1912,0,314,2,1598,0,0,1,846,1,533,1,1379,California
Modoc,2021-02-16,147,2059,6,320,141,1739,0,0,141,981,6,539,141,1520,California
Modoc,2021-02-17,25,2084,2,322,23,1762,0,0,12,980,13,552,12,1532,California
Modoc,2021-02-18,187,2271,2,324,185,1947,0,0,23,842,163,715,25,1557,California
Modoc,2021-02-19,3,2274,3,327,0,1947,0,0,2,843,1,716,2,1559,California
Modoc,2021-02-20,1,2275,1,328,0,1947,0,0,0,842,1,717,0,1559,California
Modoc,2021-02-22,17,2292,9,337,8,1955,0,0,3,831,14,731,3,1562,California
Modoc,2021-02-23,20,2312,2,339,18,1973,0,0,1,813,19,750,1,1563,California
Modoc,2021-02-24,91,2403,1,340,90,2063,0,0,31,784,60,810,31,1594,California
Modoc,2021-02-25,169,2572,0,340,169,2232,0,0,12,639,157,967,12,1606,California
Modoc,2021-02-26,3,2575,0,340,3,2235,0,0,1,638,2,969,1,1607,California
Modoc,2021-02-27,4,2579,4,344,0,2235,0,0,2,638,2,971,2,1609,California
Modoc,2021-03-01,6,2585,0,344,6,2241,0,0,1,635,4,975,1,1610,California
Modoc,2021-03-02,193,2778,12,356,181,2422,0,0,26,494,167,1142,26,1636,California
Modoc,2021-03-03,12,2790,6,362,6,2428,0,0,2,486,10,1152,2,1638,California
Modoc,2021-03-04,174,2964,2,364,172,2600,0,0,147,606,27,1179,147,1785,California
Modoc,2021-03-05,3,2967,3,367,0,2600,0,0,2,607,1,1180,2,1787,California
Modoc,2021-03-06,11,2978,0,367,1,2601,10,10,1,608,10,1190,11,1798,California
Modoc,2021-03-07,8,2986,2,369,0,2601,6,16,2,610,6,1196,8,1806,California
Modoc,2021-03-08,8,2994,1,370,3,2604,4,20,1,609,6,1202,5,1811,California
Modoc,2021-03-09,127,3121,10,380,108,2712,9,29,61,613,66,1268,70,1881,California
Modoc,2021-03-10,9,3130,3,383,2,2714,4,33,4,616,5,1273,8,1889,California
Modoc,2021-03-11,207,3337,0,383,99,2813,108,141,22,561,185,1458,130,2019,California
Modoc,2021-03-12,10,3347,1,384,4,2817,5,146,4,564,6,1464,9,2028,California
Modoc,2021-03-13,4,3351,0,384,1,2818,3,149,1,565,3,1467,4,2032,California
Modoc,2021-03-15,12,3363,1,385,10,2828,1,150,10,574,2,1469,11,2043,California
Modoc,2021-03-16,174,3537,2,387,168,2996,4,154,42,487,132,1601,45,2088,California
Modoc,2021-03-17,10,3547,1,388,4,3000,5,159,2,486,8,1609,7,2095,California
Modoc,2021-03-18,66,3613,2,390,57,3057,7,166,34,495,32,1641,41,2136,California
Modoc,2021-03-19,5,3618,0,390,0,3057,5,171,0,495,5,1646,5,2141,California
Modoc,2021-03-20,5,3623,2,392,0,3057,3,174,0,493,5,1651,3,2144,California
Modoc,2021-03-21,3,3626,1,393,0,3057,2,176,1,494,2,1653,3,2147,California
Modoc,2021-03-22,17,3643,1,394,11,3068,5,181,12,506,5,1658,17,2164,California
Modoc,2021-03-23,37,3680,7,401,27,3095,3,184,28,528,9,1667,31,2195,California
Modoc,2021-03-24,29,3709,1,402,18,3113,10,194,1,511,28,1695,11,2206,California
Modoc,2021-03-25,77,3786,1,403,74,3187,2,196,45,526,32,1727,47,2253,California
Modoc,2021-03-26,7,3793,2,405,2,3189,3,199,2,526,5,1732,5,2258,California
Modoc,2021-03-27,2,3795,0,405,1,3190,1,200,1,527,1,1733,2,2260,California
Modoc,2021-03-28,2,3797,1,406,0,3190,1,201,0,526,2,1735,1,2261,California
Modoc,2021-03-29,14,3811,1,407,5,3195,8,209,5,530,9,1744,13,2274,California
Modoc,2021-03-30,54,3865,9,416,38,3233,7,216,20,523,34,1778,27,2301,California
Modoc,2021-03-31,10,3875,3,419,3,3236,4,220,4,525,6,1784,8,2309,California
Modoc,2021-04-01,167,4042,2,421,160,3396,5,225,32,427,135,1919,37,2346,California
Modoc,2021-04-02,5,4047,0,421,2,3398,3,228,1,428,3,1922,4,2350,California
Modoc,2021-04-03,5,4052,2,423,0,3398,3,231,2,430,2,1924,4,2354,California
Modoc,2021-04-05,9,4061,0,423,9,3407,0,231,9,439,0,1924,9,2363,California
Modoc,2021-04-06,24,4085,5,428,9,3416,10,241,6,437,18,1942,16,2379,California
Modoc,2021-04-07,12,4097,1,429,4,3420,7,248,3,438,9,1951,10,2389,California
Modoc,2021-04-08,95,4192,1,430,92,3512,2,250,26,397,69,2020,28,2417,California
Modoc,2021-04-09,11,4203,2,432,6,3518,3,253,2,392,9,2029,4,2421,California
Modoc,2021-04-10,5,4208,0,432,1,3519,4,257,0,391,5,2034,4,2425,California
Modoc,2021-04-11,2,4210,2,434,0,3519,0,257,1,391,1,2035,1,2426,California
Modoc,2021-04-12,14,4224,0,434,10,3529,4,261,1,385,11,2046,5,2431,California
Modoc,2021-04-13,30,4254,29,463,1,3530,0,261,21,397,9,2055,21,2452,California
Modoc,2021-04-14,2,4256,2,465,0,3530,0,261,1,397,1,2056,1,2453,California
Modoc,2021-04-15,100,4356,0,465,100,3630,0,261,27,352,72,2128,27,2480,California
Modoc,2021-04-16,4,4360,4,469,0,3630,0,261,3,354,1,2129,3,2483,California
Modoc,2021-04-17,2,4362,2,471,0,3630,0,261,2,356,0,2129,2,2485,California
Modoc,2021-04-18,1,4363,0,471,1,3631,0,261,1,357,0,2129,1,2486,California
Modoc,2021-04-19,7,4370,0,471,7,3638,0,261,2,354,5,2134,2,2488,California
Modoc,2021-04-20,26,4396,2,473,24,3662,0,261,8,344,18,2152,8,2496,California
Modoc,2021-04-21,3,4399,3,476,0,3662,0,261,1,343,2,2154,1,2497,California
Modoc,2021-04-22,95,4494,1,477,94,3756,0,261,38,324,57,2211,38,2535,California
Modoc,2021-04-23,4,4498,0,477,4,3760,0,261,3,326,1,2212,3,2538,California
Modoc,2021-04-24,2,4500,0,477,1,3761,1,262,1,327,1,2213,2,2540,California
Modoc,2021-04-25,1,4501,1,478,0,3761,0,262,1,328,0,2213,1,2541,California
Modoc,2021-04-26,7,4508,0,478,7,3768,0,262,2,325,5,2218,2,2543,California
Modoc,2021-04-27,5,4513,4,482,0,3768,1,263,0,321,5,2223,1,2544,California
Modoc,2021-04-28,7,4520,1,483,5,3773,1,264,2,319,5,2228,3,2547,California
Modoc,2021-04-29,63,4583,2,485,61,3834,0,264,22,300,41,2269,22,2569,California
Modoc,2021-04-30,4,4587,3,488,1,3835,0,264,2,300,2,2271,2,2571,California
Modoc,2021-05-01,1,4588,1,489,0,3835,0,264,0,299,1,2272,0,2571,California
Modoc,2021-05-02,4,4592,3,492,1,3836,0,264,3,301,1,2273,3,2574,California
Modoc,2021-05-03,11,4603,0,492,10,3846,1,265,1,293,10,2283,2,2576,California
Modoc,2021-05-04,11,4614,3,495,6,3852,2,267,5,294,6,2289,7,2583,California
Modoc,2021-05-05,27,4641,24,519,2,3854,1,268,8,284,19,2308,9,2592,California
Modoc,2021-05-06,54,4695,3,522,49,3903,2,270,21,274,33,2341,23,2615,California
Modoc,2021-05-07,8,4703,3,525,3,3906,2,272,2,272,6,2347,4,2619,California
Modoc,2021-05-08,3,4706,2,527,0,3906,1,273,1,272,2,2349,2,2621,California
Modoc,2021-05-09,1,4707,1,528,0,3906,0,273,0,271,1,2350,0,2621,California
Modoc,2021-05-10,2,4709,0,528,1,3907,1,274,1,272,1,2351,2,2623,California
Modoc,2021-05-11,3,4712,2,530,0,3907,1,275,0,270,3,2354,1,2624,California
Modoc,2021-05-12,2,4714,0,530,0,3907,2,277,0,270,2,2356,2,2626,California
Modoc,2021-05-13,42,4756,0,530,38,3945,4,281,14,260,28,2384,18,2644,California
Modoc,2021-05-14,8,4764,3,533,0,3945,5,286,3,263,5,2389,8,2652,California
Modoc,2021-05-15,4,4768,3,536,1,3946,0,286,4,267,0,2389,4,2656,California
Modoc,2021-05-16,3,4771,1,537,2,3948,0,286,1,266,2,2391,1,2657,California
Modoc,2021-05-17,5,4776,3,540,2,3950,0,286,4,269,1,2392,4,2661,California
Modoc,2021-05-18,23,4799,12,552,9,3959,2,288,14,276,9,2401,16,2677,California
Modoc,2021-05-19,9,4808,2,554,3,3962,4,292,5,281,4,2405,9,2686,California
Modoc,2021-05-20,59,4867,3,557,47,4009,9,301,8,247,51,2456,17,2703,California
Modoc,2021-05-21,6,4873,4,561,1,4010,1,302,1,244,5,2461,2,2705,California
Modoc,2021-05-22,2,4875,2,563,0,4010,0,302,1,244,1,2462,1,2706,California
Modoc,2021-05-23,2,4877,2,565,0,4010,0,302,0,242,2,2464,0,2706,California
Modoc,2021-05-24,4,4881,1,566,1,4011,2,304,2,244,2,2466,4,2710,California
Modoc,2021-05-25,2,4883,1,567,1,4012,0,304,1,244,1,2467,1,2711,California
Modoc,2021-05-26,35,4918,32,599,3,4015,0,304,25,260,10,2477,26,2737,California
Modoc,2021-05-27,28,4946,1,600,22,4037,5,309,6,249,22,2499,11,2748,California
Modoc,2021-05-28,8,4954,1,601,4,4041,3,312,3,250,5,2504,6,2754,California
Modoc,2021-05-29,1,4955,1,602,0,4041,0,312,0,249,1,2505,0,2754,California
Modoc,2021-06-01,7,4962,0,602,6,4047,1,313,2,247,5,2510,3,2757,California
Modoc,2021-06-02,7,4969,0,602,5,4052,2,315,4,250,3,2513,6,2763,California
Modoc,2021-06-03,25,4994,1,603,22,4074,2,317,4,235,21,2534,6,2769,California
Modoc,2021-06-04,5,4999,3,606,1,4075,1,318,0,231,5,2539,1,2770,California
Modoc,2021-06-05,1,5000,0,606,1,4076,0,318,0,230,1,2540,0,2770,California
Modoc,2021-06-07,4,5004,4,610,0,4076,0,318,1,228,3,2543,1,2771,California
Modoc,2021-06-08,30,5034,11,621,18,4094,1,319,19,237,11,2554,20,2791,California
Modoc,2021-06-09,3,5037,2,623,1,4095,0,319,2,238,1,2555,2,2793,California
Modoc,2021-06-10,21,5058,1,624,19,4114,1,320,7,232,14,2569,8,2801,California
Modoc,2021-06-11,5,5063,3,627,1,4115,1,321,2,232,3,2572,3,2804,California
Modoc,2021-06-12,2,5065,1,628,1,4116,0,321,0,230,2,2574,0,2804,California
Modoc,2021-06-14,4,5069,0,628,2,4118,2,323,0,228,4,2578,2,2806,California
Modoc,2021-06-15,6,5075,0,628,4,4122,2,325,3,230,3,2581,5,2811,California
Modoc,2021-06-16,41,5116,25,653,11,4133,5,330,22,240,19,2600,29,2840,California
Modoc,2021-06-17,46,5162,20,673,25,4158,1,331,27,249,19,2619,28,2868,California
Modoc,2021-06-18,3,5165,0,673,1,4159,2,333,1,250,2,2621,3,2871,California
Modoc,2021-06-19,3,5168,0,673,1,4160,2,335,1,251,2,2623,3,2874,California
Modoc,2021-06-21,1,5169,0,673,1,4161,0,335,1,252,0,2623,1,2875,California
Modoc,2021-06-22,11,5180,4,677,7,4168,0,335,9,259,2,2625,9,2884,California
Modoc,2021-06-23,6,5186,0,677,3,4171,3,338,1,258,5,2630,4,2888,California
Modoc,2021-06-24,32,5218,14,691,14,4185,4,342,22,274,10,2640,26,2914,California
Modoc,2021-06-25,7,5225,0,691,5,4190,2,344,2,273,5,2645,4,2918,California
Mono,2020-12-18,1,1,1,1,0,0,0,0,1,1,0,0,1,1,California
Mono,2020-12-19,5,6,5,6,0,0,0,0,5,6,0,0,5,6,California
Mono,2020-12-20,7,13,7,13,0,0,0,0,7,13,0,0,7,13,California
Mono,2020-12-21,24,37,17,30,7,7,0,0,24,37,0,0,24,37,California
Mono,2020-12-22,66,103,65,95,1,8,0,0,66,103,0,0,66,103,California
Mono,2020-12-23,71,174,43,138,28,36,0,0,71,174,0,0,71,174,California
Mono,2020-12-24,3,177,1,139,2,38,0,0,3,177,0,0,3,177,California
Mono,2020-12-26,3,180,3,142,0,38,0,0,3,180,0,0,3,180,California
Mono,2020-12-27,1,181,0,142,1,39,0,0,1,181,0,0,1,181,California
Mono,2020-12-28,94,275,63,205,31,70,0,0,94,275,0,0,94,275,California
Mono,2020-12-29,29,304,29,234,0,70,0,0,29,304,0,0,29,304,California
Mono,2020-12-30,77,381,36,270,41,111,0,0,77,381,0,0,77,381,California
Mono,2020-12-31,4,385,1,271,3,114,0,0,4,385,0,0,4,385,California
Mono,2021-01-01,4,389,4,275,0,114,0,0,4,389,0,0,4,389,California
Mono,2021-01-02,2,391,2,277,0,114,0,0,2,391,0,0,2,391,California
Mono,2021-01-04,2,393,0,277,2,116,0,0,2,393,0,0,2,393,California
Mono,2021-01-05,45,438,2,279,43,159,0,0,44,436,1,1,44,437,California
Mono,2021-01-06,44,482,0,279,44,203,0,0,44,480,0,1,44,481,California
Mono,2021-01-07,55,537,3,282,52,255,0,0,53,532,2,3,54,535,California
Mono,2021-01-08,2,539,1,283,1,256,0,0,1,532,1,4,1,536,California
Mono,2021-01-09,4,543,4,287,0,256,0,0,0,528,4,8,0,536,California
Mono,2021-01-10,5,548,5,292,0,256,0,0,0,523,5,13,0,536,California
Mono,2021-01-11,8,556,5,297,3,259,0,0,4,523,4,17,4,540,California
Mono,2021-01-12,283,839,75,372,208,467,0,0,219,679,63,80,219,759,California
Mono,2021-01-13,234,1073,73,445,161,628,0,0,179,803,55,135,179,938,California
Mono,2021-01-14,74,1147,72,517,2,630,0,0,73,875,1,136,73,1011,California
Mono,2021-01-15,65,1212,3,520,62,692,0,0,65,940,0,136,65,1076,California
Mono,2021-01-16,4,1216,3,523,1,693,0,0,1,938,3,139,1,1077,California
Mono,2021-01-18,64,1280,55,578,9,702,0,0,2,878,62,201,2,1079,California
Mono,2021-01-19,211,1491,208,786,3,705,0,0,173,1014,38,239,174,1253,California
Mono,2021-01-20,234,1725,200,986,34,739,0,0,172,1124,62,301,172,1425,California
Mono,2021-01-21,4,1729,4,990,0,739,0,0,4,1128,0,301,4,1429,California
Mono,2021-01-22,4,1733,0,990,4,743,0,0,4,1132,0,301,4,1433,California
Mono,2021-01-23,591,2324,591,1581,0,743,0,0,590,1721,1,302,590,2023,California
Mono,2021-01-24,1,2325,0,1581,1,744,0,0,0,1720,1,303,0,2023,California
Mono,2021-01-25,200,2525,162,1743,38,782,0,0,161,1842,39,342,161,2184,California
Mono,2021-01-26,501,3026,499,2242,2,784,0,0,495,2331,6,348,495,2679,California
Mono,2021-01-27,4,3030,0,2242,4,788,0,0,4,2335,0,348,4,2683,California
Mono,2021-01-28,6,3036,2,2244,4,792,0,0,2,2333,4,352,2,2685,California
Mono,2021-01-30,199,3235,197,2441,2,794,0,0,198,2530,1,353,198,2883,California
Mono,2021-01-31,242,3477,137,2578,105,899,0,0,138,2564,104,457,138,3021,California
Mono,2021-02-01,27,3504,27,2605,0,899,0,0,0,2537,27,484,0,3021,California
Mono,2021-02-02,5,3509,0,2605,5,904,0,0,2,2536,3,487,2,3023,California
Mono,2021-02-03,4,3513,2,2607,2,906,0,0,2,2536,2,489,2,3025,California
Mono,2021-02-04,214,3727,159,2766,55,961,0,0,91,2506,121,610,91,3116,California
Mono,2021-02-05,612,4339,606,3372,6,967,0,0,609,3112,3,613,609,3725,California
Mono,2021-02-06,135,4474,134,3506,1,968,0,0,134,3245,1,614,134,3859,California
Mono,2021-02-07,2,4476,0,3506,2,970,0,0,2,3247,0,614,2,3861,California
Mono,2021-02-08,172,4648,172,3678,0,970,0,0,15,3106,156,770,15,3876,California
Mono,2021-02-09,230,4878,6,3684,224,1194,0,0,14,2904,216,986,14,3890,California
Mono,2021-02-10,541,5419,187,3871,354,1548,0,0,198,2760,343,1329,199,4089,California
Mono,2021-02-11,8,5427,5,3876,3,1551,0,0,3,2758,5,1334,3,4092,California
Mono,2021-02-12,89,5516,21,3897,68,1619,0,0,27,2723,62,1396,27,4119,California
Mono,2021-02-13,585,6101,585,4482,0,1619,0,0,24,2187,560,1956,24,4143,California
Mono,2021-02-15,167,6268,165,4647,2,1621,0,0,2,2026,163,2119,2,4145,California
Mono,2021-02-16,521,6789,517,5164,4,1625,0,0,45,1599,473,2592,46,4191,California
Mono,2021-02-17,6,6795,1,5165,5,1630,0,0,2,1597,4,2596,2,4193,California
Mono,2021-02-18,4,6799,2,5167,2,1632,0,0,3,1599,1,2597,3,4196,California
Mono,2021-02-19,55,6854,54,5221,1,1633,0,0,55,1654,0,2597,55,4251,California
Mono,2021-02-20,4,6858,4,5225,0,1633,0,0,4,1658,0,2597,4,4255,California
Mono,2021-02-21,6,6864,6,5231,0,1633,0,0,4,1660,2,2599,4,4259,California
Mono,2021-02-22,283,7147,282,5513,1,1634,0,0,24,1426,258,2857,24,4283,California
Mono,2021-02-23,139,7286,119,5632,20,1654,0,0,23,1333,116,2973,23,4306,California
Mono,2021-02-24,11,7297,3,5635,8,1662,0,0,4,1330,7,2980,4,4310,California
Mono,2021-02-25,5,7302,2,5637,3,1665,0,0,3,1332,1,2981,3,4313,California
Mono,2021-02-26,596,7898,594,6231,2,1667,0,0,21,779,574,3555,21,4334,California
Mono,2021-02-27,138,8036,134,6365,4,1671,0,0,4,651,132,3687,4,4338,California
Mono,2021-02-28,1,8037,0,6365,0,1671,1,1,0,651,1,3688,1,4339,California
Mono,2021-03-01,3,8040,2,6367,1,1672,0,1,2,653,0,3688,2,4341,California
Mono,2021-03-02,6,8046,4,6371,2,1674,0,1,4,655,2,3690,4,4345,California
Mono,2021-03-03,114,8160,3,6374,111,1785,0,1,110,762,3,3693,110,4455,California
Mono,2021-03-04,6,8166,2,6376,4,1789,0,1,3,762,3,3696,3,4458,California
Mono,2021-03-05,38,8204,28,6404,10,1799,0,1,14,752,24,3720,14,4472,California
Mono,2021-03-06,506,8710,18,6422,488,2287,0,1,497,1243,7,3727,498,4970,California
Mono,2021-03-07,1,8711,0,6422,1,2288,0,1,0,1242,1,3728,0,4970,California
Mono,2021-03-08,532,9243,11,6433,518,2806,3,4,522,1757,10,3738,525,5495,California
Mono,2021-03-09,6,9249,2,6435,3,2809,1,5,3,1759,2,3740,4,5499,California
Mono,2021-03-10,287,9536,91,6526,193,3002,3,8,8,1494,276,4016,11,5510,California
Mono,2021-03-11,10,9546,0,6526,1,3003,9,17,0,1493,10,4026,9,5519,California
Mono,2021-03-12,6,9552,1,6527,1,3004,4,21,0,1491,6,4032,4,5523,California
Mono,2021-03-13,820,10372,384,6911,436,3440,0,21,812,2295,8,4040,812,6335,California
Mono,2021-03-14,5,10377,5,6916,0,3440,0,21,1,2292,4,4044,1,6336,California
Mono,2021-03-15,31,10408,23,6939,3,3443,5,26,14,2295,16,4060,19,6355,California
Mono,2021-03-16,16,10424,6,6945,4,3447,6,32,8,2301,8,4068,14,6369,California
Mono,2021-03-17,33,10457,5,6950,20,3467,8,40,21,2318,12,4080,29,6398,California
Mono,2021-03-18,21,10478,2,6952,11,3478,8,48,8,2321,13,4093,16,6414,California
Mono,2021-03-19,21,10499,1,6953,17,3495,3,51,17,2338,3,4096,20,6434,California
Mono,2021-03-20,5,10504,3,6956,1,3496,1,52,4,2342,1,4097,5,6439,California
Mono,2021-03-21,1,10505,1,6957,0,3496,0,52,1,2343,0,4097,1,6440,California
Mono,2021-03-22,11,10516,0,6957,6,3502,5,57,5,2347,6,4103,10,6450,California
Mono,2021-03-23,43,10559,6,6963,32,3534,5,62,17,2343,26,4129,22,6472,California
Mono,2021-03-24,14,10573,1,6964,8,3542,5,67,5,2345,9,4138,11,6483,California
Mono,2021-03-25,19,10592,3,6967,12,3554,4,71,12,2354,7,4145,16,6499,California
Mono,2021-03-26,19,10611,3,6970,11,3565,5,76,10,2361,8,4153,15,6514,California
Mono,2021-03-27,352,10963,349,7319,3,3568,0,76,325,2659,27,4180,325,6839,California
Mono,2021-03-29,10,10973,3,7322,6,3574,1,77,8,2666,2,4182,9,6848,California
Mono,2021-03-30,12,10985,0,7322,8,3582,4,81,7,2672,5,4187,11,6859,California
Mono,2021-03-31,135,11120,7,7329,127,3709,1,82,23,2585,111,4298,24,6883,California
Mono,2021-04-01,9,11129,0,7329,8,3717,1,83,4,2585,5,4303,5,6888,California
Mono,2021-04-02,18,11147,2,7331,16,3733,0,83,7,2581,11,4314,7,6895,California
Mono,2021-04-03,863,12010,371,7702,492,4225,0,83,48,1817,812,5126,48,6943,California
Mono,2021-04-04,1,12011,1,7703,0,4225,0,83,0,1816,1,5127,0,6943,California
Mono,2021-04-05,529,12540,18,7721,510,4735,1,84,35,1359,493,5620,36,6979,California
Mono,2021-04-06,19,12559,1,7722,5,4740,13,97,1,1355,18,5638,14,6993,California
Mono,2021-04-07,23,12582,2,7724,2,4742,19,116,2,1355,21,5659,21,7014,California
Mono,2021-04-08,26,12608,4,7728,3,4745,19,135,6,1360,20,5679,25,7039,California
Mono,2021-04-09,38,12646,4,7732,5,4750,29,164,8,1367,30,5709,37,7076,California
Mono,2021-04-10,451,13097,2,7734,442,5192,7,171,30,983,421,6130,37,7113,California
Mono,2021-04-11,1,13098,1,7735,0,5192,0,171,0,982,1,6131,0,7113,California
Mono,2021-04-12,6,13104,0,7735,3,5195,3,174,3,985,3,6134,6,7119,California
Mono,2021-04-13,20,13124,3,7738,16,5211,1,175,14,994,6,6140,15,7134,California
Mono,2021-04-14,26,13150,2,7740,24,5235,0,175,8,984,18,6158,8,7142,California
Mono,2021-04-15,18,13168,4,7744,14,5249,0,175,10,986,8,6166,10,7152,California
Mono,2021-04-16,18,13186,1,7745,17,5266,0,175,7,982,11,6177,7,7159,California
Mono,2021-04-17,52,13238,2,7747,50,5316,0,175,45,1020,7,6184,45,7204,California
Mono,2021-04-18,1,13239,0,7747,1,5317,0,175,1,1021,0,6184,1,7205,California
Mono,2021-04-19,537,13776,328,8075,209,5526,0,175,202,891,332,6516,202,7407,California
Mono,2021-04-20,15,13791,2,8077,13,5539,0,175,10,896,5,6521,10,7417,California
Mono,2021-04-21,7,13798,0,8077,7,5546,0,175,2,893,5,6526,2,7419,California
Mono,2021-04-22,25,13823,11,8088,14,5560,0,175,11,890,14,6540,11,7430,California
Mono,2021-04-23,22,13845,2,8090,20,5580,0,175,12,892,10,6550,12,7442,California
Mono,2021-04-24,35,13880,21,8111,14,5594,0,175,20,897,15,6565,20,7462,California
Mono,2021-04-25,3,13883,2,8113,1,5595,0,175,3,900,0,6565,3,7465,California
Mono,2021-04-26,12,13895,2,8115,10,5605,0,175,3,894,9,6574,3,7468,California
Mono,2021-04-27,67,13962,41,8156,19,5624,7,182,51,936,16,6590,58,7526,California
Mono,2021-04-28,62,14024,40,8196,18,5642,4,186,48,976,12,6602,52,7578,California
Mono,2021-04-29,10,14034,3,8199,4,5646,3,189,3,975,7,6609,6,7584,California
Mono,2021-04-30,17,14051,3,8202,11,5657,3,192,8,977,9,6618,11,7595,California
Mono,2021-05-01,109,14160,5,8207,104,5761,0,192,96,1061,12,6630,96,7691,California
Mono,2021-05-02,1,14161,1,8208,0,5761,0,192,1,1062,0,6630,1,7692,California
Mono,2021-05-03,2,14163,1,8209,1,5762,0,192,1,1062,1,6631,1,7693,California
Mono,2021-05-04,20,14183,1,8210,13,5775,6,198,10,1068,10,6641,16,7709,California
Mono,2021-05-05,52,14235,8,8218,40,5815,4,202,45,1110,7,6648,49,7758,California
Mono,2021-05-06,16,14251,4,8222,11,5826,1,203,10,1115,6,6654,11,7769,California
Mono,2021-05-07,29,14280,22,8244,7,5833,0,203,25,1136,4,6658,25,7794,California
Mono,2021-05-08,53,14333,7,8251,46,5879,0,203,24,1131,29,6687,24,7818,California
Mono,2021-05-09,1,14334,1,8252,0,5879,0,203,0,1131,0,6687,0,7818,California
Mono,2021-05-10,18,14352,1,8253,13,5892,4,207,9,1135,9,6696,13,7831,California
Mono,2021-05-11,15,14367,2,8255,10,5902,3,210,5,1133,10,6706,8,7839,California
Mono,2021-05-12,12,14379,0,8255,11,5913,1,211,4,1130,8,6714,5,7844,California
Mono,2021-05-13,46,14425,31,8286,14,5927,1,212,37,1159,9,6723,38,7882,California
Mono,2021-05-14,11,14436,1,8287,9,5936,1,213,6,1161,5,6728,7,7889,California
Mono,2021-05-15,65,14501,24,8311,34,5970,7,220,18,1139,47,6775,25,7914,California
Mono,2021-05-16,6,14507,4,8315,1,5971,1,221,2,1138,4,6779,3,7917,California
Mono,2021-05-17,250,14757,34,8349,209,6180,7,228,54,1005,195,6974,62,7979,California
Mono,2021-05-18,134,14891,110,8459,23,6203,1,229,87,1047,47,7021,89,8068,California
Mono,2021-05-19,119,15010,112,8571,2,6205,5,234,76,1085,43,7064,81,8149,California
Mono,2021-05-20,71,15081,56,8627,10,6215,5,239,54,1127,17,7081,59,8208,California
Mono,2021-05-21,23,15104,4,8631,16,6231,3,242,10,1127,13,7094,13,8221,California
Mono,2021-05-22,21,15125,11,8642,8,6239,2,244,15,1138,6,7100,17,8238,California
Mono,2021-05-23,2,15127,0,8642,2,6241,0,244,1,1138,1,7101,1,8239,California
Mono,2021-05-24,16,15143,2,8644,13,6254,1,245,9,1142,7,7108,11,8250,California
Mono,2021-05-25,14,15157,5,8649,9,6263,0,245,7,1142,7,7115,7,8257,California
Mono,2021-05-26,18,15175,2,8651,15,6278,1,246,7,1139,11,7126,8,8265,California
Mono,2021-05-27,8,15183,0,8651,8,6286,0,246,5,1142,2,7128,5,8270,California
Mono,2021-05-28,42,15225,28,8679,14,6300,0,246,11,1122,31,7159,11,8281,California
Mono,2021-05-29,129,15354,27,8706,99,6399,3,249,32,1060,97,7256,35,8316,California
Mono,2021-06-01,16,15370,7,8713,9,6408,0,249,9,1062,7,7263,9,8325,California
Mono,2021-06-02,48,15418,4,8717,44,6452,0,249,11,1036,37,7300,11,8336,California
Mono,2021-06-03,11,15429,1,8718,7,6459,3,252,1,1030,10,7310,4,8340,California
Mono,2021-06-04,12,15441,1,8719,10,6469,1,253,3,1025,9,7319,4,8344,California
Mono,2021-06-05,44,15485,23,8742,21,6490,0,253,5,991,39,7358,5,8349,California
Mono,2021-06-06,1,15486,0,8742,1,6491,0,253,0,990,1,7359,0,8349,California
Mono,2021-06-07,99,15585,87,8829,8,6499,4,257,12,919,87,7446,16,8365,California
Mono,2021-06-08,113,15698,103,8932,8,6507,2,259,12,832,101,7547,14,8379,California
Mono,2021-06-09,7,15705,2,8934,5,6512,0,259,1,827,6,7553,1,8380,California
Mono,2021-06-10,6,15711,0,8934,4,6516,2,261,2,827,4,7557,4,8384,California
Mono,2021-06-11,73,15784,62,8996,6,6522,5,266,6,771,67,7624,11,8395,California
Mono,2021-06-12,1,15785,1,8997,0,6522,0,266,0,770,1,7625,0,8395,California
Mono,2021-06-13,1,15786,0,8997,1,6523,0,266,1,771,0,7625,1,8396,California
Mono,2021-06-14,63,15849,29,9026,28,6551,6,272,20,754,43,7668,26,8422,California
Mono,2021-06-15,7,15856,4,9030,3,6554,0,272,3,753,4,7672,3,8425,California
Mono,2021-06-16,13,15869,4,9034,9,6563,0,272,5,750,8,7680,5,8430,California
Mono,2021-06-17,6,15875,1,9035,3,6566,2,274,2,750,4,7684,4,8434,California
Mono,2021-06-18,5,15880,3,9038,1,6567,1,275,1,749,3,7687,2,8436,California
Mono,2021-06-19,3,15883,3,9041,0,6567,0,275,3,752,0,7687,3,8439,California
Mono,2021-06-20,1,15884,0,9041,1,6568,0,275,0,751,1,7688,0,8439,California
Mono,2021-06-21,14,15898,2,9043,10,6578,2,277,3,746,10,7698,5,8444,California
Mono,2021-06-22,12,15910,2,9045,9,6587,1,278,4,744,7,7705,5,8449,California
Mono,2021-06-23,12,15922,0,9045,6,6593,6,284,2,743,10,7715,9,8458,California
Mono,2021-06-24,7,15929,0,9045,5,6598,2,286,2,742,5,7720,4,8462,California
Mono,2021-06-25,33,15962,22,9067,11,6609,0,286,7,723,26,7746,7,8469,California
Mono,2021-06-26,1,15963,1,9068,0,6609,0,286,0,722,1,7747,0,8469,California
Mono,2021-06-28,7,15970,6,9074,1,6610,0,286,1,717,6,7753,1,8470,California
Monterey,2020-12-16,6,6,6,6,0,0,0,0,6,6,0,0,6,6,California
Monterey,2020-12-17,87,93,87,93,0,0,0,0,87,93,0,0,87,93,California
Monterey,2020-12-18,487,580,487,580,0,0,0,0,487,580,0,0,487,580,California
Monterey,2020-12-19,581,1161,580,1160,1,1,0,0,580,1160,0,0,580,1160,California
Monterey,2020-12-20,421,1582,421,1581,0,1,0,0,421,1581,0,0,421,1581,California
Monterey,2020-12-21,725,2307,725,2306,0,1,0,0,725,2306,0,0,725,2306,California
Monterey,2020-12-22,536,2843,523,2829,13,14,0,0,536,2842,0,0,536,2842,California
Monterey,2020-12-23,441,3284,265,3094,176,190,0,0,441,3283,0,0,441,3283,California
Monterey,2020-12-24,85,3369,11,3105,74,264,0,0,85,3368,0,0,85,3368,California
Monterey,2020-12-25,6,3375,0,3105,6,270,0,0,6,3374,0,0,6,3374,California
Monterey,2020-12-26,92,3467,5,3110,87,357,0,0,92,3466,0,0,92,3466,California
Monterey,2020-12-27,6,3473,3,3113,3,360,0,0,6,3472,0,0,6,3472,California
Monterey,2020-12-28,477,3950,25,3138,452,812,0,0,477,3949,0,0,477,3949,California
Monterey,2020-12-29,901,4851,168,3306,733,1545,0,0,901,4850,0,0,901,4850,California
Monterey,2020-12-30,567,5418,97,3403,470,2015,0,0,567,5417,0,0,567,5417,California
Monterey,2020-12-31,33,5451,11,3414,22,2037,0,0,33,5450,0,0,33,5450,California
Monterey,2021-01-01,13,5464,3,3417,10,2047,0,0,13,5463,0,0,13,5463,California
Monterey,2021-01-02,137,5601,134,3551,3,2050,0,0,137,5600,0,0,137,5600,California
Monterey,2021-01-03,30,5631,29,3580,1,2051,0,0,30,5630,0,0,30,5630,California
Monterey,2021-01-04,412,6043,19,3599,393,2444,0,0,412,6042,0,0,412,6042,California
Monterey,2021-01-05,758,6801,330,3929,428,2872,0,0,744,6772,14,14,744,6786,California
Monterey,2021-01-06,662,7463,175,4104,487,3359,0,0,638,7386,24,38,638,7424,California
Monterey,2021-01-07,752,8215,576,4680,176,3535,0,0,425,7486,325,363,425,7849,California
Monterey,2021-01-08,1094,9309,738,5418,356,3891,0,0,395,7182,699,1062,395,8244,California
Monterey,2021-01-09,963,10272,933,6351,30,3921,0,0,311,6843,650,1712,311,8555,California
Monterey,2021-01-10,272,10544,270,6621,2,3923,0,0,8,6587,264,1976,8,8563,California
Monterey,2021-01-11,1068,11612,986,7607,82,4005,0,0,365,6249,703,2679,365,8928,California
Monterey,2021-01-12,474,12086,395,8002,79,4084,0,0,210,6195,264,2943,210,9138,California
Monterey,2021-01-13,1222,13308,595,8597,627,4711,0,0,1176,7325,46,2989,1176,10314,California
Monterey,2021-01-14,1200,14508,245,8842,955,5666,0,0,1179,8487,21,3010,1183,11497,California
Monterey,2021-01-15,1053,15561,46,8888,1007,6673,0,0,1041,9516,12,3022,1041,12538,California
Monterey,2021-01-16,364,15925,300,9188,64,6737,0,0,359,9870,5,3027,359,12897,California
Monterey,2021-01-17,313,16238,293,9481,20,6757,0,0,301,10159,12,3039,301,13198,California
Monterey,2021-01-18,398,16636,48,9529,350,7107,0,0,376,10513,22,3061,376,13574,California
Monterey,2021-01-19,585,17221,400,9929,185,7292,0,0,422,10774,161,3222,422,13996,California
Monterey,2021-01-20,545,17766,271,10200,274,7566,0,0,336,10901,209,3431,336,14332,California
Monterey,2021-01-21,869,18635,114,10314,755,8321,0,0,758,11552,111,3542,762,15094,California
Monterey,2021-01-22,1068,19703,200,10514,868,9189,0,0,1027,12538,41,3583,1027,16121,California
Monterey,2021-01-23,244,19947,175,10689,69,9258,0,0,120,12537,123,3706,122,16243,California
Monterey,2021-01-24,61,20008,38,10727,23,9281,0,0,27,12530,34,3740,27,16270,California
Monterey,2021-01-25,801,20809,176,10903,625,9906,0,0,175,12086,619,4359,175,16445,California
Monterey,2021-01-26,953,21762,234,11137,719,10625,0,0,251,11635,702,5061,251,16696,California
Monterey,2021-01-27,849,22611,296,11433,553,11178,0,0,368,11522,481,5542,368,17064,California
Monterey,2021-01-28,2032,24643,741,12174,1291,12469,0,0,1688,12868,344,5886,1690,18754,California
Monterey,2021-01-29,1280,25923,714,12888,566,13035,0,0,1162,13914,117,6003,1163,19917,California
Monterey,2021-01-30,463,26386,295,13183,168,13203,0,0,207,13865,256,6259,207,20124,California
Monterey,2021-01-31,496,26882,74,13257,422,13625,0,0,485,14340,11,6270,486,20610,California
Monterey,2021-02-01,1648,28530,1133,14390,515,14140,0,0,1078,14851,567,6837,1078,21688,California
Monterey,2021-02-02,2186,30716,477,14867,1709,15849,0,0,1574,15814,611,7448,1574,23262,California
Monterey,2021-02-03,2342,33058,1049,15916,1293,17142,0,0,1565,16606,773,8221,1565,24827,California
Monterey,2021-02-04,2818,35876,2101,18017,717,17859,0,0,2464,18720,350,8571,2464,27291,California
Monterey,2021-02-05,3675,39551,2828,20845,847,18706,0,0,3233,21516,437,9008,3233,30524,California
Monterey,2021-02-06,1099,40650,379,21224,720,19426,0,0,754,21928,342,9350,754,31278,California
Monterey,2021-02-07,318,40968,273,21497,45,19471,0,0,97,21804,221,9571,97,31375,California
Monterey,2021-02-08,520,41488,291,21788,229,19700,0,0,421,22126,99,9670,421,31796,California
Monterey,2021-02-09,877,42365,683,22471,194,19894,0,0,565,22381,312,9982,567,32363,California
Monterey,2021-02-10,2094,44459,1108,23579,986,20880,0,0,1236,22761,858,10840,1238,33601,California
Monterey,2021-02-11,2520,46979,977,24556,1543,22423,0,0,1538,23321,980,11820,1540,35141,California
Monterey,2021-02-12,2623,49602,446,25002,2177,24600,0,0,1524,23748,1098,12918,1525,36666,California
Monterey,2021-02-13,1075,50677,50,25052,1025,25625,0,0,985,24644,89,13007,985,37651,California
Monterey,2021-02-14,598,51275,74,25126,524,26149,0,0,525,25096,73,13080,525,38176,California
Monterey,2021-02-15,1387,52662,167,25293,1220,27369,0,0,979,25670,406,13486,980,39156,California
Monterey,2021-02-16,1098,53760,249,25542,849,28218,0,0,871,26314,227,13713,871,40027,California
Monterey,2021-02-17,1970,55730,1178,26720,792,29010,0,0,1656,27659,313,14026,1658,41685,California
Monterey,2021-02-18,2240,57970,1181,27901,1059,30069,0,0,909,27254,1316,15342,911,42596,California
Monterey,2021-02-19,2959,60929,1548,29449,1411,31480,0,0,1348,26997,1607,16949,1350,43946,California
Monterey,2021-02-20,1032,61961,623,30072,409,31889,0,0,972,27911,59,17008,973,44919,California
Monterey,2021-02-21,1269,63230,1241,31313,28,31917,0,0,1196,29038,70,17078,1197,46116,California
Monterey,2021-02-22,1034,64264,885,32198,149,32066,0,0,676,29358,356,17434,676,46792,California
Monterey,2021-02-23,993,65257,646,32844,347,32413,0,0,306,28979,686,18120,307,47099,California
Monterey,2021-02-24,2471,67728,1316,34160,1155,33568,0,0,1854,30222,612,18732,1855,48954,California
Monterey,2021-02-25,4414,72142,2420,36580,1994,35562,0,0,1476,28769,2931,21663,1478,50432,California
Monterey,2021-02-26,5298,77440,3087,39667,2211,37773,0,0,2629,28733,2666,24329,2630,53062,California
Monterey,2021-02-27,1025,78465,187,39854,838,38611,0,0,816,29345,204,24533,816,53878,California
Monterey,2021-02-28,1535,80000,86,39940,1448,40059,1,1,1067,29951,462,24995,1068,54946,California
Monterey,2021-03-01,1295,81295,143,40083,1149,41208,3,4,753,30171,536,25531,756,55702,California
Monterey,2021-03-02,2815,84110,1732,41815,1083,42291,0,4,1952,31264,859,26390,1952,57654,California
Monterey,2021-03-03,3221,87331,1247,43062,1974,44265,0,4,1282,30611,1936,28326,1283,58937,California
Monterey,2021-03-04,4578,91909,1476,44538,3102,47367,0,4,2945,31931,1627,29953,2947,61884,California
Monterey,2021-03-05,3676,95585,1621,46159,1777,49144,278,282,3003,34540,672,30625,3281,65165,California
Monterey,2021-03-06,5065,100650,1069,47228,3692,52836,304,586,4160,38101,902,31527,4463,69628,California
Monterey,2021-03-07,521,101171,107,47335,168,53004,246,832,232,38288,289,31816,476,70104,California
Monterey,2021-03-08,1673,102844,329,47664,956,53960,388,1220,1127,39254,546,32362,1512,71616,California
Monterey,2021-03-09,1990,104834,699,48363,1016,54976,275,1495,1487,40512,502,32864,1760,73376,California
Monterey,2021-03-10,3186,108020,1030,49393,1668,56644,488,1983,1467,40752,1712,34576,1952,75328,California
Monterey,2021-03-11,4169,112189,1412,50805,2382,59026,375,2358,2394,41757,1764,36340,2769,78097,California
Monterey,2021-03-12,4425,116614,2045,52850,2245,61271,135,2493,2728,42925,1694,38034,2862,80959,California
Monterey,2021-03-13,5306,121920,961,53811,3998,65269,347,2840,3982,45931,1323,39357,4329,85288,California
Monterey,2021-03-14,2162,124082,1331,55142,806,66075,25,2865,561,44930,1587,40944,586,85874,California
Monterey,2021-03-15,3987,128069,1273,56415,2411,68486,303,3168,2249,45749,1734,42678,2553,88427,California
Monterey,2021-03-16,3548,131617,593,57008,2564,71050,391,3559,2118,46826,1428,44106,2505,90932,California
Monterey,2021-03-17,5816,137433,2360,59368,3199,74249,257,3816,4203,49684,1607,45713,4465,95397,California
Monterey,2021-03-18,4469,141902,2168,61536,2132,76381,169,3985,3105,51636,1359,47072,3311,98708,California
Monterey,2021-03-19,5505,147407,2577,64113,2782,79163,146,4131,4217,54716,1283,48355,4363,103071,California
Monterey,2021-03-20,3371,150778,424,64537,2254,81417,693,4824,2281,56604,1086,49441,2974,106045,California
Monterey,2021-03-21,643,151421,216,64753,418,81835,9,4833,571,57113,70,49511,579,106624,California
Monterey,2021-03-22,2500,153921,1443,66196,994,82829,63,4896,2286,59249,211,49722,2347,108971,California
Monterey,2021-03-23,4023,157944,2356,68552,1624,84453,43,4939,2556,60386,1462,51184,2599,111570,California
Monterey,2021-03-24,5123,163067,2121,70673,2683,87136,319,5258,3748,63079,1370,52554,4063,115633,California
Monterey,2021-03-25,5334,168401,1231,71904,3744,90880,359,5617,2689,63491,2637,55191,3049,118682,California
Monterey,2021-03-26,5446,173847,2611,74515,2757,93637,78,5695,2788,63713,2646,57837,2868,121550,California
Monterey,2021-03-27,4853,178700,1452,75967,3146,96783,255,5950,3127,65374,1723,59560,3384,124934,California
Monterey,2021-03-28,1128,179828,347,76314,772,97555,9,5959,633,65529,487,60047,642,125576,California
Monterey,2021-03-29,3230,183058,1415,77729,1801,99356,14,5973,2004,66334,1218,61265,2023,127599,California
Monterey,2021-03-30,4520,187578,2140,79869,2334,101690,46,6019,2775,67424,1734,62999,2824,130423,California
Monterey,2021-03-31,5319,192897,2306,82175,2216,103906,797,6816,3331,69559,1984,64983,4119,134542,California
Monterey,2021-04-01,6148,199045,2060,84235,3675,107581,413,7229,3110,70054,3022,68005,3517,138059,California
Monterey,2021-04-02,4709,203754,2187,86422,2458,110039,64,7293,3166,71745,1541,69546,3232,141291,California
Monterey,2021-04-03,5942,209696,1119,87541,3777,113816,1046,8339,1232,69314,4701,74247,2270,143561,California
Monterey,2021-04-04,769,210465,157,87698,597,114413,15,8354,497,69556,272,74519,514,144075,California
Monterey,2021-04-05,4038,214503,2495,90193,1306,115719,237,8591,1504,68766,2529,77048,1739,145814,California
Monterey,2021-04-06,3447,217950,1353,91546,1621,117340,473,9064,1184,68161,2259,79307,1654,147468,California
Monterey,2021-04-07,5652,223602,1393,92939,3741,121081,518,9582,2709,68451,2932,82239,3222,150690,California
Monterey,2021-04-08,6694,230296,3513,96452,2370,123451,811,10393,3303,69179,3387,85626,4115,154805,California
Monterey,2021-04-09,5767,236063,3435,99887,1691,125142,641,11034,2292,68636,3472,89098,2929,157734,California
Monterey,2021-04-10,10293,246356,4962,104849,3125,128267,2206,13240,4997,70550,5284,94382,7198,164932,California
Monterey,2021-04-11,5515,251871,4337,109186,570,128837,608,13848,4465,74573,1044,95426,5067,169999,California
Monterey,2021-04-12,4151,256022,1882,111068,1953,130790,316,14164,959,72794,3053,98479,1274,171273,California
Monterey,2021-04-13,3228,259250,744,111812,2478,133268,6,14170,1552,72696,1658,100137,1560,172833,California
Monterey,2021-04-14,6849,266099,3184,114996,3662,136930,3,14173,1863,69599,4964,105101,1867,174700,California
Monterey,2021-04-15,5921,272020,3910,118906,2011,138941,0,14173,3886,71482,2004,107105,3887,178587,California
Monterey,2021-04-16,4814,276834,2367,121273,2434,141375,13,14186,2173,71045,2624,109729,2187,180774,California
Monterey,2021-04-17,5859,282693,1400,122673,4459,145834,0,14186,3798,72799,2045,111774,3799,184573,California
Monterey,2021-04-18,885,283578,293,122966,592,146426,0,14186,257,72432,624,112398,257,184830,California
Monterey,2021-04-19,3620,287198,1156,124122,2464,148890,0,14186,1648,72121,1959,114357,1648,186478,California
Monterey,2021-04-20,3840,291038,1543,125665,2297,151187,0,14186,1524,71353,2293,116650,1525,188003,California
Monterey,2021-04-21,6178,297216,3368,129033,2810,153997,0,14186,2950,71119,3187,119837,2953,190956,California
Monterey,2021-04-22,4895,302111,1067,130100,3828,157825,0,14186,1996,70260,2855,122692,1996,192952,California
Monterey,2021-04-23,5739,307850,2704,132804,3034,160859,1,14187,2260,69068,3458,126150,2266,195218,California
Monterey,2021-04-24,4286,312136,582,133386,3704,164563,0,14187,1545,67889,2724,128874,1545,196763,California
Monterey,2021-04-25,1246,313382,607,133993,639,165202,0,14187,787,68227,449,129323,787,197550,California
Monterey,2021-04-26,3784,317166,2241,136234,1526,166728,17,14204,983,66452,2775,132098,1000,198550,California
Monterey,2021-04-27,2881,320047,943,137177,1798,168526,140,14344,1221,66156,1656,133754,1360,199910,California
Monterey,2021-04-28,3649,323696,1393,138570,2104,170630,152,14496,2239,67146,1396,135150,2386,202296,California
Monterey,2021-04-29,4546,328242,2433,141003,2037,172667,76,14572,1661,66012,2872,138022,1738,204034,California
Monterey,2021-04-30,3247,331489,1685,142688,1487,174154,75,14647,832,64511,2406,140428,905,204939,California
Monterey,2021-05-01,5642,337131,4235,146923,1367,175521,40,14687,684,60296,4937,145365,722,205661,California
Monterey,2021-05-02,4347,341478,3921,150844,399,175920,27,14714,301,56592,4032,149397,328,205989,California
Monterey,2021-05-03,2544,344022,1565,152409,865,176785,114,14828,583,55338,1951,151348,697,206686,California
Monterey,2021-05-04,1818,345840,620,153029,1108,177893,90,14918,655,54935,1149,152497,746,207432,California
Monterey,2021-05-05,3377,349217,1240,154269,2051,179944,86,15004,1070,53795,2297,154794,1157,208589,California
Monterey,2021-05-06,4205,353422,2775,157044,1213,181157,217,15221,1112,52045,3078,157872,1328,209917,California
Monterey,2021-05-07,1966,355388,952,157996,916,182073,98,15319,703,51591,1254,159126,800,210717,California
Monterey,2021-05-08,2713,358101,1484,159480,906,182979,323,15642,962,51136,1739,160865,1284,212001,California
Monterey,2021-05-09,393,358494,113,159593,253,183232,27,15669,128,51027,264,161129,155,212156,California
Monterey,2021-05-10,2822,361316,2080,161673,695,183927,47,15716,522,49309,2289,163418,571,212727,California
Monterey,2021-05-11,1859,363175,946,162619,835,184762,78,15794,752,49046,1094,164512,831,213558,California
Monterey,2021-05-12,3914,367089,2063,164682,1768,186530,83,15877,866,46962,3034,167546,950,214508,California
Monterey,2021-05-13,2665,369754,1589,166271,1022,187552,54,15931,1520,47400,1134,168680,1572,216080,California
Monterey,2021-05-14,1861,371615,575,166846,1186,188738,100,16031,732,47112,1120,169800,832,216912,California
Monterey,2021-05-15,3385,375000,824,167670,2296,191034,265,16296,953,45907,2419,172219,1214,218126,California
Monterey,2021-05-16,980,375980,629,168299,280,191314,71,16367,282,45567,692,172911,352,218478,California
Monterey,2021-05-17,2235,378215,1335,169634,823,192137,77,16444,1059,45540,1163,174074,1136,219614,California
Monterey,2021-05-18,1727,379942,662,170296,1021,193158,44,16488,782,45432,936,175010,828,220442,California
Monterey,2021-05-19,3602,383544,2335,172631,1177,194335,90,16578,1913,45754,1683,176693,2005,222447,California
Monterey,2021-05-20,2737,386281,937,173568,1690,196025,110,16688,896,44936,1827,178520,1009,223456,California
Monterey,2021-05-21,3262,389543,1312,174880,1859,197884,91,16779,1001,43780,2247,180767,1091,224547,California
Monterey,2021-05-22,2122,391665,724,175604,1118,199002,280,17059,798,43543,1313,182080,1076,225623,California
Monterey,2021-05-23,858,392523,504,176108,338,199340,16,17075,487,43680,366,182446,503,226126,California
Monterey,2021-05-24,1730,394253,555,176663,1113,200453,62,17137,572,43161,1154,183600,635,226761,California
Monterey,2021-05-25,1414,395667,530,177193,814,201267,70,17207,550,42931,850,184450,620,227381,California
Monterey,2021-05-26,2651,398318,1015,178208,1580,202847,56,17263,1000,42351,1637,186087,1057,228438,California
Monterey,2021-05-27,2482,400800,1360,179568,1066,203913,56,17319,892,41726,1574,187661,949,229387,California
Monterey,2021-05-28,1736,402536,576,180144,1100,205013,60,17379,745,41552,980,188641,806,230193,California
Monterey,2021-05-29,989,403525,637,180781,319,205332,33,17412,400,41404,582,189223,434,230627,California
Monterey,2021-05-30,379,403904,163,180944,202,205534,14,17426,141,41322,237,189460,155,230782,California
Monterey,2021-05-31,186,404090,33,180977,144,205678,9,17435,53,41252,132,189592,62,230844,California
Monterey,2021-06-01,1706,405796,908,181885,666,206344,132,17567,524,40741,1163,190755,652,231496,California
Monterey,2021-06-02,1669,407465,963,182848,657,207001,49,17616,692,40510,972,191727,741,232237,California
Monterey,2021-06-03,2204,409669,1410,184258,759,207760,35,17651,508,39366,1686,193413,542,232779,California
Monterey,2021-06-04,1324,410993,682,184940,609,208369,33,17684,528,39139,788,194201,561,233340,California
Monterey,2021-06-05,2166,413159,847,185787,699,209068,620,18304,470,38540,1681,195882,1082,234422,California
Monterey,2021-06-06,492,413651,404,186191,79,209147,9,18313,250,38557,241,196123,258,234680,California
Monterey,2021-06-07,934,414585,485,186676,403,209550,46,18359,359,38396,564,196687,403,235083,California
Monterey,2021-06-08,1142,415727,701,187377,417,209967,24,18383,412,38112,719,197406,435,235518,California
Monterey,2021-06-09,2894,418621,2169,189546,599,210566,126,18509,634,36615,2256,199662,759,236277,California
Monterey,2021-06-10,1474,420095,888,190434,527,211093,59,18568,529,36263,938,200600,586,236863,California
Monterey,2021-06-11,1384,421479,752,191186,556,211649,76,18644,503,35966,874,201474,577,237440,California
Monterey,2021-06-12,741,422220,503,191689,223,211872,15,18659,348,35938,391,201865,363,237803,California
Monterey,2021-06-13,590,422810,458,192147,120,211992,12,18671,121,35605,466,202331,133,237936,California
Monterey,2021-06-14,1391,424201,997,193144,360,212352,34,18705,363,34981,1021,203352,397,238333,California
Monterey,2021-06-15,1132,425333,560,193704,449,212801,123,18828,396,34773,727,204079,519,238852,California
Monterey,2021-06-16,1559,426892,1089,194793,438,213239,32,18860,395,34044,1156,205235,427,239279,California
Monterey,2021-06-17,1167,428059,674,195467,339,213578,154,19014,422,33878,741,205976,575,239854,California
Monterey,2021-06-18,1195,429254,724,196191,443,214021,28,19042,531,33779,658,206634,559,240413,California
Monterey,2021-06-19,1302,430556,1007,197198,265,214286,30,19072,489,33493,805,207439,519,240932,California
Monterey,2021-06-20,234,430790,156,197354,70,214356,8,19080,80,33428,154,207593,89,241021,California
Monterey,2021-06-21,673,431463,367,197721,271,214627,35,19115,384,33562,284,207877,418,241439,California
Monterey,2021-06-22,1503,432966,961,198682,353,214980,189,19304,487,33229,1004,208881,671,242110,California
Monterey,2021-06-23,1071,434037,716,199398,321,215301,34,19338,434,33068,628,209509,467,242577,California
Monterey,2021-06-24,862,434899,516,199914,325,215626,21,19359,414,33059,444,209953,435,243012,California
Monterey,2021-06-25,960,435859,601,200515,343,215969,16,19375,447,33013,508,210461,462,243474,California
Monterey,2021-06-26,602,436461,441,200956,149,216118,12,19387,334,33092,265,210726,344,243818,California
Monterey,2021-06-27,346,436807,269,201225,63,216181,14,19401,95,32951,250,210976,109,243927,California
Monterey,2021-06-28,415,437222,250,201475,151,216332,14,19415,186,32926,225,211201,200,244127,California
Napa,2020-12-16,12,12,12,12,0,0,0,0,12,12,0,0,12,12,California
Napa,2020-12-17,46,58,46,58,0,0,0,0,46,58,0,0,46,58,California
Napa,2020-12-18,105,163,105,163,0,0,0,0,105,163,0,0,105,163,California
Napa,2020-12-19,222,385,222,385,0,0,0,0,222,385,0,0,222,385,California
Napa,2020-12-20,190,575,190,575,0,0,0,0,190,575,0,0,190,575,California
Napa,2020-12-21,313,888,313,888,0,0,0,0,314,889,0,0,314,889,California
Napa,2020-12-22,339,1227,330,1218,9,9,0,0,339,1228,0,0,339,1228,California
Napa,2020-12-23,435,1662,323,1541,112,121,0,0,435,1663,0,0,435,1663,California
Napa,2020-12-24,140,1802,78,1619,62,183,0,0,140,1803,0,0,140,1803,California
Napa,2020-12-25,1,1803,1,1620,0,183,0,0,1,1804,0,0,1,1804,California
Napa,2020-12-26,39,1842,11,1631,28,211,0,0,39,1843,0,0,39,1843,California
Napa,2020-12-27,32,1874,16,1647,16,227,0,0,32,1875,0,0,32,1875,California
Napa,2020-12-28,252,2126,185,1832,67,294,0,0,279,2154,0,0,279,2154,California
Napa,2020-12-29,273,2399,215,2047,58,352,0,0,306,2460,0,0,306,2460,California
Napa,2020-12-30,633,3032,485,2532,148,500,0,0,641,3101,0,0,641,3101,California
Napa,2020-12-31,463,3495,374,2906,89,589,0,0,463,3564,0,0,463,3564,California
Napa,2021-01-01,1,3496,1,2907,0,589,0,0,1,3565,0,0,1,3565,California
Napa,2021-01-02,96,3592,91,2998,5,594,0,0,96,3661,0,0,96,3661,California
Napa,2021-01-03,14,3606,12,3010,2,596,0,0,9,3670,0,0,9,3670,California
Napa,2021-01-04,106,3712,63,3073,43,639,0,0,106,3776,0,0,106,3776,California
Napa,2021-01-05,163,3875,86,3159,77,716,0,0,146,3898,24,24,146,3922,California
Napa,2021-01-06,462,4337,116,3275,346,1062,0,0,397,4232,63,87,397,4319,California
Napa,2021-01-07,498,4835,236,3511,262,1324,0,0,394,4523,103,190,394,4713,California
Napa,2021-01-08,444,5279,228,3739,216,1540,0,0,260,4600,183,373,260,4973,California
Napa,2021-01-09,329,5608,304,4043,25,1565,0,0,191,4653,138,511,191,5164,California
Napa,2021-01-10,186,5794,103,4146,83,1648,0,0,109,4685,77,588,109,5273,California
Napa,2021-01-11,875,6669,422,4568,453,2101,0,0,503,4817,373,961,505,5778,California
Napa,2021-01-12,1329,7998,380,4948,949,3050,0,0,1006,5500,323,1284,1006,6784,California
Napa,2021-01-13,1317,9315,268,5216,1049,4099,0,0,1153,6491,163,1447,1154,7938,California
Napa,2021-01-14,1054,10369,169,5385,885,4984,0,0,937,7313,115,1562,937,8875,California
Napa,2021-01-15,1467,11836,384,5769,1083,6067,0,0,1320,8479,155,1717,1321,10196,California
Napa,2021-01-16,361,12197,132,5901,229,6296,0,0,343,8804,18,1735,343,10539,California
Napa,2021-01-17,343,12540,179,6080,164,6460,0,0,333,9127,10,1745,333,10872,California
Napa,2021-01-18,1083,13623,196,6276,887,7347,0,0,991,10026,92,1837,991,11863,California
Napa,2021-01-19,1007,14630,403,6679,604,7951,0,0,767,10554,239,2076,767,12630,California
Napa,2021-01-20,835,15465,189,6868,646,8597,0,0,647,11016,186,2262,648,13278,California
Napa,2021-01-21,1574,17039,611,7479,963,9560,0,0,1120,11684,453,2715,1121,14399,California
Napa,2021-01-22,1572,18611,436,7915,1136,10696,0,0,1228,12570,343,3058,1229,15628,California
Napa,2021-01-23,397,19008,318,8233,79,10775,0,0,336,12845,61,3119,336,15964,California
Napa,2021-01-24,268,19276,189,8422,79,10854,0,0,210,12997,58,3177,210,16174,California
Napa,2021-01-25,1524,20800,232,8654,1292,12146,0,0,1433,14339,91,3268,1433,17607,California
Napa,2021-01-26,879,21679,285,8939,594,12740,0,0,784,15029,95,3363,785,18392,California
Napa,2021-01-27,632,22311,222,9161,410,13150,0,0,471,15339,162,3525,472,18864,California
Napa,2021-01-28,390,22701,175,9336,215,13365,0,0,198,15347,190,3715,198,19062,California
Napa,2021-01-29,265,22966,66,9402,199,13564,0,0,168,15418,97,3812,168,19230,California
Napa,2021-01-30,820,23786,709,10111,111,13675,0,0,650,15898,170,3982,650,19880,California
Napa,2021-01-31,693,24479,661,10772,32,13707,0,0,668,16541,25,4007,668,20548,California
Napa,2021-02-01,323,24802,113,10885,210,13917,0,0,165,16548,158,4165,165,20713,California
Napa,2021-02-02,616,25418,283,11168,333,14250,0,0,304,16543,309,4474,304,21017,California
Napa,2021-02-03,747,26165,310,11478,437,14687,0,0,432,16661,314,4788,432,21449,California
Napa,2021-02-04,793,26958,372,11850,421,15108,0,0,442,16754,349,5137,442,21891,California
Napa,2021-02-05,713,27671,311,12161,402,15510,0,0,342,16725,371,5508,342,22233,California
Napa,2021-02-06,441,28112,147,12308,294,15804,0,0,335,16955,105,5613,335,22568,California
Napa,2021-02-07,180,28292,167,12475,13,15817,0,0,72,16919,108,5721,72,22640,California
Napa,2021-02-08,838,29130,191,12666,647,16464,0,0,278,16639,558,6279,278,22918,California
Napa,2021-02-09,1091,30221,452,13118,639,17103,0,0,445,16439,645,6924,445,23363,California
Napa,2021-02-10,1740,31961,195,13313,1545,18648,0,0,454,15611,1283,8207,455,23818,California
Napa,2021-02-11,1507,33468,198,13511,1309,19957,0,0,407,14931,1087,9294,407,24225,California
Napa,2021-02-12,2198,35666,866,14377,1332,21289,0,0,699,14136,1494,10788,699,24924,California
Napa,2021-02-13,513,36179,56,14433,457,21746,0,0,318,14260,194,10982,318,25242,California
Napa,2021-02-14,356,36535,89,14522,267,22013,0,0,192,14288,164,11146,192,25434,California
Napa,2021-02-15,880,37415,184,14706,696,22709,0,0,223,13856,655,11801,223,25657,California
Napa,2021-02-16,1297,38712,601,15307,696,23405,0,0,617,13795,678,12479,617,26274,California
Napa,2021-02-17,1059,39771,535,15842,524,23929,0,0,482,13703,575,13054,483,26757,California
Napa,2021-02-18,1922,41693,488,16330,1434,25363,0,0,664,13114,1253,14307,664,27421,California
Napa,2021-02-19,1511,43204,597,16927,914,26277,0,0,684,12974,824,15131,684,28105,California
Napa,2021-02-20,870,44074,636,17563,234,26511,0,0,283,12670,587,15718,283,28388,California
Napa,2021-02-21,890,44964,821,18384,69,26580,0,0,195,12170,695,16413,195,28583,California
Napa,2021-02-22,474,45438,198,18582,276,26856,0,0,146,11988,328,16741,146,28729,California
Napa,2021-02-23,1157,46595,315,18897,842,27698,0,0,329,11489,828,17569,329,29058,California
Napa,2021-02-24,1190,47785,660,19557,530,28228,0,0,597,11495,591,18160,597,29655,California
Napa,2021-02-25,2597,50382,1252,20809,1345,29573,0,0,1877,12653,719,18879,1877,31532,California
Napa,2021-02-26,1553,51935,551,21360,1002,30575,0,0,619,12340,932,19811,619,32151,California
Napa,2021-02-27,1189,53124,425,21785,764,31339,0,0,932,13017,255,20066,932,33083,California
Napa,2021-02-28,725,53849,605,22390,120,31459,0,0,608,13510,115,20181,608,33691,California
Napa,2021-03-01,1175,55024,881,23271,294,31753,0,0,897,14131,276,20457,897,34588,California
Napa,2021-03-02,1507,56531,1050,24321,457,32210,0,0,1160,14945,346,20803,1160,35748,California
Napa,2021-03-03,1572,58103,695,25016,877,33087,0,0,1382,16138,189,20992,1382,37130,California
Napa,2021-03-04,1721,59824,790,25806,931,34018,0,0,1479,17378,239,21231,1479,38609,California
Napa,2021-03-05,1906,61730,790,26596,1112,35130,4,4,1483,18445,420,21651,1487,40096,California
Napa,2021-03-06,658,62388,289,26885,338,35468,31,35,544,18908,112,21763,575,40671,California
Napa,2021-03-07,534,62922,322,27207,196,35664,16,51,382,19155,151,21914,398,41069,California
Napa,2021-03-08,716,63638,336,27543,327,35991,53,104,539,19572,174,22088,591,41660,California
Napa,2021-03-09,1688,65326,607,28150,1035,37026,46,150,1248,20430,436,22524,1294,42954,California
Napa,2021-03-10,1500,66826,925,29075,481,37507,94,244,800,20626,695,23219,891,43845,California
Napa,2021-03-11,1885,68711,1064,30139,689,38196,132,376,986,20844,899,24118,1117,44962,California
Napa,2021-03-12,1517,70228,921,31060,501,38697,95,471,807,21039,707,24825,902,45864,California
Napa,2021-03-13,1179,71407,311,31371,843,39540,25,496,834,21555,343,25168,859,46723,California
Napa,2021-03-14,618,72025,335,31706,134,39674,149,645,207,21500,410,25578,355,47078,California
Napa,2021-03-15,959,72984,412,32118,479,40153,68,713,481,21573,476,26054,549,47627,California
Napa,2021-03-16,1857,74841,394,32512,1336,41489,127,840,1381,22610,472,26526,1509,49136,California
Napa,2021-03-17,2529,77370,1860,34372,490,41979,179,1019,1599,23459,929,27455,1778,50914,California
Napa,2021-03-18,2148,79518,955,35327,1182,43161,11,1030,1287,23899,858,28313,1298,52212,California
Napa,2021-03-19,1463,80981,890,36217,545,43706,28,1058,695,23857,765,29078,723,52935,California
Napa,2021-03-20,1012,81993,530,36747,329,44035,153,1211,389,23777,622,29700,542,53477,California
Napa,2021-03-21,724,82717,699,37446,22,44057,3,1214,232,23522,490,30190,235,53712,California
Napa,2021-03-22,1301,84018,1122,38568,167,44224,12,1226,437,23111,860,31050,449,54161,California
Napa,2021-03-23,1898,85916,1201,39769,680,44904,17,1243,1009,23252,885,31935,1026,55187,California
Napa,2021-03-24,1712,87628,947,40716,756,45660,9,1252,817,23183,894,32829,825,56012,California
Napa,2021-03-25,1935,89563,1059,41775,822,46482,54,1306,772,22852,1157,33986,826,56838,California
Napa,2021-03-26,1311,90874,839,42614,466,46948,6,1312,587,22727,718,34704,593,57431,California
Napa,2021-03-27,953,91827,434,43048,492,47440,27,1339,294,22389,659,35363,321,57752,California
Napa,2021-03-28,493,92320,382,43430,104,47544,7,1346,180,22266,311,35674,188,57940,California
Napa,2021-03-29,1202,93522,876,44306,321,47865,5,1351,729,22529,471,36145,734,58674,California
Napa,2021-03-30,2802,96324,935,45241,1862,49727,5,1356,1980,23691,823,36968,1985,60659,California
Napa,2021-03-31,1975,98299,963,46204,943,50670,69,1425,799,23384,1173,38141,866,61525,California
Napa,2021-04-01,1760,100059,848,47052,795,51465,117,1542,479,22708,1274,39415,598,62123,California
Napa,2021-04-02,1872,101931,844,47896,886,52351,142,1684,473,21930,1396,40811,618,62741,California
Napa,2021-04-03,639,102570,372,48268,208,52559,59,1743,213,21776,425,41236,271,63012,California
Napa,2021-04-04,359,102929,145,48413,155,52714,59,1802,123,21723,235,41471,182,63194,California
Napa,2021-04-05,1278,104207,759,49172,299,53013,220,2022,572,21811,704,42175,792,63986,California
Napa,2021-04-06,2268,106475,566,49738,1443,54456,259,2281,527,20858,1738,43913,785,64771,California
Napa,2021-04-07,1753,108228,708,50446,823,55279,222,2503,532,20395,1215,45128,752,65523,California
Napa,2021-04-08,1870,110098,1071,51517,423,55702,376,2879,965,20836,899,46027,1340,66863,California
Napa,2021-04-09,1549,111647,927,52444,317,56019,305,3184,678,20950,868,46895,982,67845,California
Napa,2021-04-10,1053,112700,353,52797,597,56616,103,3287,246,20495,804,47699,349,68194,California
Napa,2021-04-11,386,113086,300,53097,63,56679,23,3310,157,20446,229,47928,180,68374,California
Napa,2021-04-12,796,113882,302,53399,369,57048,125,3435,292,20357,502,48430,413,68787,California
Napa,2021-04-13,2592,116474,869,54268,1723,58771,0,3435,943,19657,1643,50073,943,69730,California
Napa,2021-04-14,2160,118634,1017,55285,1143,59914,0,3435,1052,19609,1100,51173,1052,70782,California
Napa,2021-04-15,2096,120730,537,55822,1559,61473,0,3435,903,19326,1186,52359,903,71685,California
Napa,2021-04-16,3013,123743,1645,57467,1368,62841,0,3435,2279,20876,729,53088,2279,73964,California
Napa,2021-04-17,1167,124910,275,57742,892,63733,0,3435,861,21432,305,53393,861,74825,California
Napa,2021-04-18,285,125195,190,57932,95,63828,0,3435,124,21395,161,53554,124,74949,California
Napa,2021-04-19,631,125826,342,58274,289,64117,0,3435,277,21319,353,53907,277,75226,California
Napa,2021-04-20,3068,128894,2089,60363,979,65096,0,3435,2084,22422,982,54889,2085,77311,California
Napa,2021-04-21,2976,131870,2200,62563,776,65872,0,3435,1882,23217,1088,55977,1883,79194,California
Napa,2021-04-22,1833,133703,1298,63861,535,66407,0,3435,864,23116,965,56942,864,80058,California
Napa,2021-04-23,1654,135357,1271,65132,381,66788,2,3437,1166,23798,484,57426,1166,81224,California
Napa,2021-04-24,575,135932,323,65455,252,67040,0,3437,299,23824,273,57699,299,81523,California
Napa,2021-04-25,247,136179,189,65644,58,67098,0,3437,127,23832,119,57818,127,81650,California
Napa,2021-04-26,550,136729,282,65926,268,67366,0,3437,283,23853,262,58080,283,81933,California
Napa,2021-04-27,1788,138517,469,66395,1307,68673,12,3449,594,23269,1190,59270,606,82539,California
Napa,2021-04-28,1022,139539,473,66868,532,69205,17,3466,350,22966,670,59940,367,82906,California
Napa,2021-04-29,733,140272,364,67232,349,69554,20,3486,269,22797,457,60397,288,83194,California
Napa,2021-04-30,621,140893,312,67544,245,69799,64,3550,258,22757,361,60758,321,83515,California
Napa,2021-05-01,331,141224,272,67816,48,69847,11,3561,122,22681,209,60967,133,83648,California
Napa,2021-05-02,239,141463,194,68010,39,69886,6,3567,101,22651,137,61104,107,83755,California
Napa,2021-05-03,637,142100,498,68508,104,69990,35,3602,112,22278,521,61625,148,83903,California
Napa,2021-05-04,1143,143243,729,69237,302,70292,112,3714,307,21865,832,62457,419,84322,California
Napa,2021-05-05,1043,144286,705,69942,300,70592,38,3752,265,21393,775,63232,303,84625,California
Napa,2021-05-06,723,145009,321,70263,379,70971,23,3775,373,21449,341,63573,397,85022,California
Napa,2021-05-07,1596,146605,1365,71628,168,71139,63,3838,333,20604,1240,64813,395,85417,California
Napa,2021-05-08,259,146864,166,71794,82,71221,11,3849,87,20533,169,64982,98,85515,California
Napa,2021-05-09,120,146984,88,71882,32,71253,0,3849,59,20531,61,65043,59,85574,California
Napa,2021-05-10,429,147413,147,72029,263,71516,19,3868,109,20340,319,65362,128,85702,California
Napa,2021-05-11,2194,149607,1808,73837,361,71877,25,3893,386,18949,1802,67164,411,86113,California
Napa,2021-05-12,2217,151824,1387,75224,773,72650,57,3950,312,17418,1899,69063,368,86481,California
Napa,2021-05-13,1968,153792,1253,76477,675,73325,40,3990,866,17230,1095,70158,907,87388,California
Napa,2021-05-14,1966,155758,1188,77665,692,74017,86,4076,532,16423,1426,71584,619,88007,California
Napa,2021-05-15,1074,156832,364,78029,698,74715,12,4088,256,15878,814,72398,269,88276,California
Napa,2021-05-16,244,157076,164,78193,78,74793,2,4090,73,15782,171,72569,75,88351,California
Napa,2021-05-17,892,157968,347,78540,515,75308,30,4120,306,15595,524,73093,337,88688,California
Napa,2021-05-18,1076,159044,552,79092,467,75775,57,4177,510,15601,561,73654,567,89255,California
Napa,2021-05-19,978,160022,577,79669,371,76146,30,4207,509,15673,466,74120,538,89793,California
Napa,2021-05-20,661,160683,436,80105,194,76340,31,4238,381,15807,278,74398,412,90205,California
Napa,2021-05-21,527,161210,265,80370,230,76570,32,4270,218,15750,307,74705,250,90455,California
Napa,2021-05-22,461,161671,274,80644,178,76748,9,4279,191,15681,270,74975,201,90656,California
Napa,2021-05-23,401,162072,355,80999,35,76783,11,4290,295,15881,106,75081,306,90962,California
Napa,2021-05-24,382,162454,186,81185,176,76959,20,4310,153,15827,227,75308,173,91135,California
Napa,2021-05-25,434,162888,178,81363,185,77144,71,4381,146,15756,287,75595,216,91351,California
Napa,2021-05-26,560,163448,362,81725,174,77318,24,4405,320,15863,237,75832,344,91695,California
Napa,2021-05-27,397,163845,169,81894,200,77518,28,4433,150,15794,247,76079,178,91873,California
Napa,2021-05-28,405,164250,209,82103,172,77690,24,4457,168,15751,233,76312,190,92063,California
Napa,2021-05-29,128,164378,79,82182,45,77735,4,4461,74,15776,53,76365,78,92141,California
Napa,2021-05-30,98,164476,61,82243,32,77767,5,4466,28,15741,68,76433,33,92174,California
Napa,2021-05-31,51,164527,17,82260,28,77795,6,4472,9,15714,42,76475,15,92189,California
Napa,2021-06-01,604,165131,314,82574,266,78061,24,4496,260,15659,338,76813,283,92472,California
Napa,2021-06-02,414,165545,246,82820,146,78207,22,4518,191,15650,221,77034,212,92684,California
Napa,2021-06-03,758,166303,463,83283,270,78477,25,4543,130,15178,625,77659,153,92837,California
Napa,2021-06-04,784,167087,603,83886,144,78621,37,4580,146,14725,636,78295,183,93020,California
Napa,2021-06-05,309,167396,251,84137,47,78668,11,4591,71,14571,236,78531,82,93102,California
Napa,2021-06-06,145,167541,126,84263,18,78686,1,4592,44,14516,100,78631,45,93147,California
Napa,2021-06-07,394,167935,286,84549,80,78766,28,4620,92,14334,302,78933,120,93267,California
Napa,2021-06-08,620,168555,492,85041,111,78877,17,4637,274,14282,343,79276,291,93558,California
Napa,2021-06-09,554,169109,450,85491,89,78966,15,4652,95,13934,458,79734,110,93668,California
Napa,2021-06-10,511,169620,416,85907,63,79029,32,4684,109,13673,402,80136,141,93809,California
Napa,2021-06-11,410,170030,267,86174,119,79148,24,4708,117,13522,292,80428,141,93950,California
Napa,2021-06-12,205,170235,173,86347,27,79175,5,4713,42,13407,162,80590,47,93997,California
Napa,2021-06-13,287,170522,274,86621,8,79183,5,4718,27,13179,260,80850,32,94029,California
Napa,2021-06-14,482,171004,338,86959,118,79301,26,4744,93,12910,385,81235,116,94145,California
Napa,2021-06-15,377,171381,277,87236,87,79388,13,4757,184,12916,191,81426,197,94342,California
Napa,2021-06-16,261,171642,165,87401,81,79469,15,4772,85,12844,172,81598,100,94442,California
Napa,2021-06-17,390,172032,322,87723,60,79529,8,4780,70,12602,320,81918,78,94520,California
Napa,2021-06-18,267,172299,173,87896,83,79612,11,4791,91,12530,174,82092,102,94622,California
Napa,2021-06-19,111,172410,77,87973,23,79635,11,4802,47,12526,62,82154,58,94680,California
Napa,2021-06-20,54,172464,42,88015,9,79644,3,4805,19,12513,35,82189,22,94702,California
Napa,2021-06-21,158,172622,73,88088,65,79709,20,4825,75,12525,82,82271,94,94796,California
Napa,2021-06-22,378,173000,299,88387,65,79774,14,4839,111,12385,265,82536,125,94921,California
Napa,2021-06-23,340,173340,265,88652,54,79828,21,4860,109,12286,228,82764,129,95050,California
Napa,2021-06-24,169,173509,116,88768,48,79876,5,4865,72,12268,95,82859,77,95127,California
Napa,2021-06-25,240,173749,157,88925,70,79946,13,4878,115,12276,119,82978,127,95254,California
Napa,2021-06-26,94,173843,78,89003,11,79957,5,4883,45,12277,49,83027,50,95304,California
Napa,2021-06-27,70,173913,60,89063,10,79967,0,4883,33,12273,37,83064,33,95337,California
Napa,2021-06-28,158,174071,116,89179,31,79998,11,4894,65,12256,92,83156,75,95412,California
Nevada,2020-12-16,3,3,3,3,0,0,0,0,3,3,0,0,3,3,California
Nevada,2020-12-17,7,10,7,10,0,0,0,0,7,10,0,0,7,10,California
Nevada,2020-12-18,56,66,56,66,0,0,0,0,56,66,0,0,56,66,California
Nevada,2020-12-19,55,121,55,121,0,0,0,0,55,121,0,0,55,121,California
Nevada,2020-12-20,12,133,12,133,0,0,0,0,12,133,0,0,12,133,California
Nevada,2020-12-21,69,202,69,202,0,0,0,0,69,202,0,0,69,202,California
Nevada,2020-12-22,90,292,88,290,2,2,0,0,90,292,0,0,90,292,California
Nevada,2020-12-23,233,525,202,492,31,33,0,0,233,525,0,0,233,525,California
Nevada,2020-12-24,13,538,11,503,2,35,0,0,13,538,0,0,13,538,California
Nevada,2020-12-25,3,541,3,506,0,35,0,0,3,541,0,0,3,541,California
Nevada,2020-12-26,6,547,4,510,2,37,0,0,6,547,0,0,6,547,California
Nevada,2020-12-27,89,636,89,599,0,37,0,0,89,636,0,0,89,636,California
Nevada,2020-12-28,170,806,93,692,77,114,0,0,170,806,0,0,170,806,California
Nevada,2020-12-29,99,905,73,765,26,140,0,0,99,905,0,0,99,905,California
Nevada,2020-12-30,86,991,66,831,20,160,0,0,86,991,0,0,86,991,California
Nevada,2020-12-31,39,1030,9,840,30,190,0,0,39,1030,0,0,39,1030,California
Nevada,2021-01-01,3,1033,0,840,3,193,0,0,3,1033,0,0,3,1033,California
Nevada,2021-01-02,1,1034,1,841,0,193,0,0,1,1034,0,0,1,1034,California
Nevada,2021-01-03,130,1164,125,966,5,198,0,0,130,1164,0,0,130,1164,California
Nevada,2021-01-04,72,1236,47,1013,25,223,0,0,72,1236,0,0,72,1236,California
Nevada,2021-01-05,274,1510,133,1146,141,364,0,0,273,1508,1,1,273,1509,California
Nevada,2021-01-06,90,1600,42,1188,48,412,0,0,82,1582,8,9,82,1591,California
Nevada,2021-01-07,217,1817,44,1232,173,585,0,0,209,1785,7,16,210,1801,California
Nevada,2021-01-08,220,2037,128,1360,92,677,0,0,164,1894,56,72,165,1966,California
Nevada,2021-01-09,63,2100,56,1416,7,684,0,0,14,1859,49,121,14,1980,California
Nevada,2021-01-10,18,2118,9,1425,9,693,0,0,10,1861,8,129,10,1990,California
Nevada,2021-01-11,186,2304,131,1556,55,748,0,0,58,1791,128,257,58,2048,California
Nevada,2021-01-12,600,2904,453,2009,147,895,0,0,533,2257,67,324,533,2581,California
Nevada,2021-01-13,262,3166,148,2157,114,1009,0,0,128,2251,134,458,128,2709,California
Nevada,2021-01-14,238,3404,127,2284,111,1120,0,0,221,2456,16,474,221,2930,California
Nevada,2021-01-15,401,3805,173,2457,228,1348,0,0,300,2655,101,575,300,3230,California
Nevada,2021-01-16,299,4104,15,2472,284,1632,0,0,295,2946,4,579,295,3525,California
Nevada,2021-01-17,37,4141,33,2505,4,1636,0,0,35,2979,2,581,35,3560,California
Nevada,2021-01-18,150,4291,40,2545,110,1746,0,0,140,3109,10,591,140,3700,California
Nevada,2021-01-19,248,4539,88,2633,160,1906,0,0,228,3317,20,611,228,3928,California
Nevada,2021-01-20,275,4814,165,2798,110,2016,0,0,261,3564,14,625,261,4189,California
Nevada,2021-01-21,342,5156,207,3005,135,2151,0,0,328,3878,14,639,328,4517,California
Nevada,2021-01-22,378,5534,237,3242,141,2292,0,0,347,4194,31,670,347,4864,California
Nevada,2021-01-23,182,5716,107,3349,75,2367,0,0,182,4376,0,670,182,5046,California
Nevada,2021-01-24,110,5826,102,3451,8,2375,0,0,69,4404,41,711,69,5115,California
Nevada,2021-01-25,264,6090,135,3586,129,2504,0,0,203,4546,61,772,203,5318,California
Nevada,2021-01-26,408,6498,144,3730,264,2768,0,0,303,4744,105,877,303,5621,California
Nevada,2021-01-27,428,6926,254,3984,174,2942,0,0,403,5122,25,902,403,6024,California
Nevada,2021-01-28,480,7406,327,4311,153,3095,0,0,436,5515,43,945,436,6460,California
Nevada,2021-01-29,607,8013,393,4704,214,3309,0,0,579,6068,27,972,580,7040,California
Nevada,2021-01-30,295,8308,105,4809,190,3499,0,0,292,6357,3,975,292,7332,California
Nevada,2021-01-31,103,8411,86,4895,17,3516,0,0,99,6454,3,978,100,7432,California
Nevada,2021-02-01,293,8704,70,4965,223,3739,0,0,279,6719,14,992,279,7711,California
Nevada,2021-02-02,531,9235,187,5152,344,4083,0,0,331,6850,200,1192,331,8042,California
Nevada,2021-02-03,819,10054,575,5727,244,4327,0,0,764,7560,54,1246,764,8806,California
Nevada,2021-02-04,741,10795,392,6119,349,4676,0,0,490,7800,250,1496,490,9296,California
Nevada,2021-02-05,654,11449,369,6488,285,4961,0,0,464,8076,188,1684,464,9760,California
Nevada,2021-02-06,270,11719,82,6570,188,5149,0,0,242,8290,28,1712,242,10002,California
Nevada,2021-02-07,246,11965,192,6762,54,5203,0,0,192,8428,54,1766,192,10194,California
Nevada,2021-02-08,652,12617,405,7167,247,5450,0,0,551,8880,99,1865,551,10745,California
Nevada,2021-02-09,606,13223,339,7506,267,5717,0,0,463,9200,143,2008,463,11208,California
Nevada,2021-02-10,654,13877,326,7832,328,6045,0,0,422,9391,232,2240,423,11631,California
Nevada,2021-02-11,887,14764,513,8345,374,6419,0,0,553,9612,332,2572,553,12184,California
Nevada,2021-02-12,956,15720,445,8790,511,6930,0,0,629,9917,324,2896,629,12813,California
Nevada,2021-02-13,618,16338,240,9030,378,7308,0,0,393,10090,221,3117,394,13207,California
Nevada,2021-02-14,234,16572,120,9150,114,7422,0,0,205,10266,29,3146,205,13412,California
Nevada,2021-02-15,715,17287,439,9589,276,7698,0,0,539,10630,175,3321,539,13951,California
Nevada,2021-02-16,626,17913,201,9790,425,8123,0,0,455,10915,170,3491,455,14406,California
Nevada,2021-02-17,1199,19112,775,10565,424,8547,0,0,857,11430,342,3833,857,15263,California
Nevada,2021-02-18,1020,20132,555,11120,465,9012,0,0,602,11617,415,4248,602,15865,California
Nevada,2021-02-19,1031,21163,634,11754,397,9409,0,0,664,11917,365,4613,665,16530,California
Nevada,2021-02-20,304,21467,108,11862,196,9605,0,0,178,11970,125,4738,178,16708,California
Nevada,2021-02-21,94,21561,86,11948,8,9613,0,0,8,11895,83,4821,8,16716,California
Nevada,2021-02-22,501,22062,334,12282,167,9780,0,0,355,12105,145,4966,355,17071,California
Nevada,2021-02-23,495,22557,242,12524,253,10033,0,0,221,12056,271,5237,222,17293,California
Nevada,2021-02-24,515,23072,278,12802,237,10270,0,0,253,12051,262,5499,257,17550,California
Nevada,2021-02-25,871,23943,471,13273,400,10670,0,0,437,12056,432,5931,437,17987,California
Nevada,2021-02-26,1247,25190,887,14160,360,11030,0,0,416,11644,828,6759,416,18403,California
Nevada,2021-02-27,424,25614,112,14272,312,11342,0,0,193,11606,231,6990,193,18596,California
Nevada,2021-02-28,274,25888,160,14432,114,11456,0,0,126,11585,147,7137,126,18722,California
Nevada,2021-03-01,840,26728,437,14869,403,11859,0,0,368,11484,469,7606,368,19090,California
Nevada,2021-03-02,742,27470,292,15161,450,12309,0,0,511,11769,226,7832,511,19601,California
Nevada,2021-03-03,991,28461,509,15670,481,12790,1,1,518,11817,471,8303,519,20120,California
Nevada,2021-03-04,1110,29571,620,16290,490,13280,0,1,468,11647,638,8941,468,20588,California
Nevada,2021-03-05,1179,30750,477,16767,692,13972,10,11,707,11895,469,9410,717,21305,California
Nevada,2021-03-06,364,31114,121,16888,216,14188,27,38,149,11855,215,9625,175,21480,California
Nevada,2021-03-07,209,31323,108,16996,82,14270,19,57,70,11805,139,9764,89,21569,California
Nevada,2021-03-08,828,32151,559,17555,223,14493,46,103,375,11775,452,10216,422,21991,California
Nevada,2021-03-09,793,32944,403,17958,340,14833,50,153,466,11965,325,10541,515,22506,California
Nevada,2021-03-10,1005,33949,648,18606,301,15134,56,209,339,11699,660,11201,394,22900,California
Nevada,2021-03-11,1109,35058,727,19333,357,15491,25,234,551,11725,550,11751,576,23476,California
Nevada,2021-03-12,1537,36595,728,20061,779,16270,30,264,840,11900,693,12444,868,24344,California
Nevada,2021-03-13,933,37528,57,20118,871,17141,5,269,750,12474,181,12625,755,25099,California
Nevada,2021-03-14,157,37685,20,20138,132,17273,5,274,33,12388,124,12749,38,25137,California
Nevada,2021-03-15,855,38540,465,20603,378,17651,12,286,360,12269,491,13240,372,25509,California
Nevada,2021-03-16,1003,39543,468,21071,473,18124,62,348,640,12609,361,13601,701,26210,California
Nevada,2021-03-17,1026,40569,454,21525,562,18686,10,358,585,12767,438,14039,596,26806,California
Nevada,2021-03-18,982,41551,532,22057,427,19113,23,381,477,12765,501,14540,499,27305,California
Nevada,2021-03-19,939,42490,440,22497,462,19575,37,418,453,12774,481,15021,490,27795,California
Nevada,2021-03-20,823,43313,93,22590,303,19878,427,845,229,12838,588,15609,652,28447,California
Nevada,2021-03-21,59,43372,32,22622,26,19904,1,846,40,12861,18,15627,41,28488,California
Nevada,2021-03-22,802,44174,519,23141,278,20182,5,851,532,13131,267,15894,537,29025,California
Nevada,2021-03-23,863,45037,391,23532,445,20627,27,878,619,13536,241,16135,646,29671,California
Nevada,2021-03-24,1023,46060,543,24075,473,21100,7,885,639,13803,378,16513,645,30316,California
Nevada,2021-03-25,913,46973,463,24538,425,21525,25,910,495,13906,416,16929,519,30835,California
Nevada,2021-03-26,1167,48140,441,24979,687,22212,39,949,840,14460,324,17253,878,31713,California
Nevada,2021-03-27,571,48711,73,25052,482,22694,16,965,387,14680,183,17436,403,32116,California
Nevada,2021-03-28,176,48887,52,25104,111,22805,13,978,37,14595,135,17571,50,32166,California
Nevada,2021-03-29,825,49712,503,25607,300,23105,22,1000,373,14542,447,18018,394,32560,California
Nevada,2021-03-30,1058,50770,482,26089,542,23647,34,1034,486,14498,564,18582,520,33080,California
Nevada,2021-03-31,1181,51951,661,26750,503,24150,17,1051,670,14682,502,19084,686,33766,California
Nevada,2021-04-01,1246,53197,725,27475,468,24618,53,1104,551,14601,684,19768,603,34369,California
Nevada,2021-04-02,1305,54502,664,28139,605,25223,36,1140,772,14880,529,20297,808,35177,California
Nevada,2021-04-03,289,54791,86,28225,162,25385,41,1181,81,14795,207,20504,122,35299,California
Nevada,2021-04-04,129,54920,42,28267,80,25465,7,1188,77,14827,52,20556,84,35383,California
Nevada,2021-04-05,937,55857,615,28882,302,25767,20,1208,621,15156,311,20867,640,36023,California
Nevada,2021-04-06,1075,56932,666,29548,265,26032,144,1352,434,15099,634,21501,577,36600,California
Nevada,2021-04-07,1147,58079,819,30367,245,26277,83,1435,608,15257,532,22033,690,37290,California
Nevada,2021-04-08,1280,59359,891,31258,306,26583,83,1518,707,15478,569,22602,790,38080,California
Nevada,2021-04-09,1273,60632,849,32107,356,26939,68,1586,863,16000,408,23010,930,39010,California
Nevada,2021-04-10,898,61530,78,32185,744,27683,76,1662,123,15430,769,23779,199,39209,California
Nevada,2021-04-11,107,61637,34,32219,67,27750,6,1668,41,15411,66,23845,47,39256,California
Nevada,2021-04-12,749,62386,542,32761,190,27940,17,1685,318,15320,426,24271,335,39591,California
Nevada,2021-04-13,891,63277,355,33116,536,28476,0,1685,471,15375,416,24687,471,40062,California
Nevada,2021-04-14,1057,64334,568,33684,489,28965,0,1685,538,15402,511,25198,538,40600,California
Nevada,2021-04-15,1082,65416,710,34394,372,29337,0,1685,624,15580,446,25644,624,41224,California
Nevada,2021-04-16,910,66326,693,35087,217,29554,0,1685,518,15708,390,26034,518,41742,California
Nevada,2021-04-17,203,66529,55,35142,148,29702,0,1685,88,15683,113,26147,88,41830,California
Nevada,2021-04-18,189,66718,21,35163,168,29870,0,1685,102,15699,87,26234,103,41933,California
Nevada,2021-04-19,756,67474,483,35646,273,30143,0,1685,308,15569,438,26672,308,42241,California
Nevada,2021-04-20,829,68303,329,35975,500,30643,0,1685,312,15370,511,27183,312,42553,California
Nevada,2021-04-21,932,69235,519,36494,413,31056,0,1685,271,14990,651,27834,271,42824,California
Nevada,2021-04-22,1003,70238,629,37123,374,31430,0,1685,339,14677,653,28487,340,43164,California
Nevada,2021-04-23,1257,71495,552,37675,705,32135,0,1685,401,14234,844,29331,401,43565,California
Nevada,2021-04-24,517,72012,70,37745,447,32582,0,1685,167,14053,348,29679,167,43732,California
Nevada,2021-04-25,113,72125,60,37805,48,32630,5,1690,50,14045,62,29741,54,43786,California
Nevada,2021-04-26,746,72871,561,38366,177,32807,8,1698,219,13756,517,30258,228,44014,California
Nevada,2021-04-27,817,73688,380,38746,432,33239,5,1703,410,13772,399,30657,415,44429,California
Nevada,2021-04-28,990,74678,580,39326,405,33644,5,1708,386,13564,599,31256,391,44820,California
Nevada,2021-04-29,1014,75692,706,40032,304,33948,4,1712,277,13110,735,31991,281,45101,California
Nevada,2021-04-30,1247,76939,727,40759,511,34459,9,1721,213,12300,1032,33023,222,45323,California
Nevada,2021-05-01,144,77083,60,40819,80,34539,4,1725,63,12288,79,33102,67,45390,California
Nevada,2021-05-02,58,77141,32,40851,22,34561,4,1729,20,12274,38,33140,24,45414,California
Nevada,2021-05-03,610,77751,405,41256,186,34747,19,1748,178,12042,428,33568,196,45610,California
Nevada,2021-05-04,591,78342,172,41428,401,35148,18,1766,336,12145,251,33819,354,45964,California
Nevada,2021-05-05,737,79079,381,41809,342,35490,14,1780,324,12079,404,34223,338,46302,California
Nevada,2021-05-06,804,79883,565,42374,228,35718,11,1791,195,11686,599,34822,206,46508,California
Nevada,2021-05-07,889,80772,487,42861,367,36085,35,1826,184,11204,701,35523,219,46727,California
Nevada,2021-05-08,172,80944,19,42880,133,36218,20,1846,77,11207,94,35617,97,46824,California
Nevada,2021-05-09,47,80991,8,42888,37,36255,2,1848,23,11208,24,35641,25,46849,California
Nevada,2021-05-10,392,81383,248,43136,120,36375,24,1872,77,10995,314,35955,101,46950,California
Nevada,2021-05-11,518,81901,156,43292,349,36724,13,1885,129,10756,381,36336,142,47092,California
Nevada,2021-05-12,544,82445,237,43529,296,37020,11,1896,155,10541,381,36717,166,47258,California
Nevada,2021-05-13,835,83280,552,44081,273,37293,10,1906,429,10582,398,37115,439,47697,California
Nevada,2021-05-14,788,84068,581,44662,189,37482,18,1924,439,10694,345,37460,457,48154,California
Nevada,2021-05-15,187,84255,87,44749,92,37574,8,1932,87,10690,99,37559,95,48249,California
Nevada,2021-05-16,160,84415,54,44803,106,37680,0,1932,56,10642,104,37663,56,48305,California
Nevada,2021-05-17,494,84909,316,45119,148,37828,30,1962,210,10609,273,37936,240,48545,California
Nevada,2021-05-18,418,85327,255,45374,159,37987,4,1966,221,10640,195,38131,226,48771,California
Nevada,2021-05-19,491,85818,355,45729,131,38118,5,1971,256,10675,226,38357,261,49032,California
Nevada,2021-05-20,606,86424,350,46079,244,38362,12,1983,215,10516,386,38743,227,49259,California
Nevada,2021-05-21,509,86933,327,46406,172,38534,10,1993,218,10456,288,39031,228,49487,California
Nevada,2021-05-22,244,87177,34,46440,157,38691,53,2046,93,10451,151,39182,146,49633,California
Nevada,2021-05-23,50,87227,18,46458,32,38723,0,2046,17,10436,32,39214,17,49650,California
Nevada,2021-05-24,310,87537,219,46677,80,38803,11,2057,106,10352,201,39415,117,49767,California
Nevada,2021-05-25,342,87879,82,46759,248,39051,12,2069,81,10189,256,39671,93,49860,California
Nevada,2021-05-26,453,88332,197,46956,246,39297,10,2079,135,10023,311,39982,145,50005,California
Nevada,2021-05-27,420,88752,224,47180,174,39471,22,2101,178,9984,239,40221,200,50205,California
Nevada,2021-05-28,346,89098,212,47392,112,39583,22,2123,190,10044,153,40374,213,50418,California
Nevada,2021-05-29,67,89165,12,47404,55,39638,0,2123,42,10061,25,40399,42,50460,California
Nevada,2021-05-30,38,89203,21,47425,15,39653,2,2125,26,10077,12,40411,28,50488,California
Nevada,2021-05-31,6,89209,4,47429,0,39653,2,2127,2,10077,4,40415,4,50492,California
Nevada,2021-06-01,421,89630,128,47557,276,39929,17,2144,102,9886,310,40725,119,50611,California
Nevada,2021-06-02,402,90032,165,47722,230,40159,7,2151,101,9701,293,41018,108,50719,California
Nevada,2021-06-03,558,90590,402,48124,151,40310,5,2156,97,9347,456,41474,102,50821,California
Nevada,2021-06-04,543,91133,434,48558,105,40415,4,2160,107,9027,431,41905,111,50932,California
Nevada,2021-06-05,173,91306,70,48628,101,40516,2,2162,67,8991,105,42010,69,51001,California
Nevada,2021-06-06,53,91359,40,48668,13,40529,0,2162,11,8960,42,42052,11,51012,California
Nevada,2021-06-07,268,91627,195,48863,43,40572,30,2192,60,8847,203,42255,90,51102,California
Nevada,2021-06-08,287,91914,188,49051,85,40657,14,2206,65,8713,213,42468,79,51181,California
Nevada,2021-06-09,326,92240,217,49268,102,40759,7,2213,81,8561,240,42708,88,51269,California
Nevada,2021-06-10,275,92515,179,49447,88,40847,8,2221,74,8448,194,42902,81,51350,California
Nevada,2021-06-11,326,92841,233,49680,74,40921,19,2240,75,8293,248,43150,93,51443,California
Nevada,2021-06-12,91,92932,53,49733,33,40954,5,2245,26,8259,65,43215,31,51474,California
Nevada,2021-06-13,32,92964,17,49750,14,40968,1,2246,6,8240,26,43241,7,51481,California
Nevada,2021-06-14,189,93153,135,49885,43,41011,11,2257,49,8166,134,43375,60,51541,California
Nevada,2021-06-15,169,93322,95,49980,66,41077,8,2265,63,8135,102,43477,71,51612,California
Nevada,2021-06-16,237,93559,133,50113,96,41173,8,2273,68,8049,162,43639,76,51688,California
Nevada,2021-06-17,222,93781,131,50244,78,41251,13,2286,39,7919,182,43821,52,51740,California
Nevada,2021-06-18,219,94000,150,50394,51,41302,18,2304,67,7854,150,43971,85,51825,California
Nevada,2021-06-19,68,94068,33,50427,30,41332,5,2309,29,7849,39,44010,34,51859,California
Nevada,2021-06-20,27,94095,20,50447,7,41339,0,2309,8,7839,18,44028,8,51867,California
Nevada,2021-06-21,108,94203,48,50495,53,41392,7,2316,49,7842,53,44081,56,51923,California
Nevada,2021-06-22,162,94365,97,50592,53,41445,12,2328,63,7824,93,44174,75,51998,California
Nevada,2021-06-23,211,94576,137,50729,44,41489,30,2358,86,7819,120,44294,115,52113,California
Nevada,2021-06-24,174,94750,113,50842,44,41533,17,2375,58,7784,110,44404,75,52188,California
Nevada,2021-06-25,208,94958,139,50981,48,41581,21,2396,76,7749,132,44536,97,52285,California
Nevada,2021-06-26,82,95040,61,51042,20,41601,1,2397,31,7730,51,44587,32,52317,California
Nevada,2021-06-27,27,95067,12,51054,11,41612,4,2401,6,7719,21,44608,10,52327,California
Nevada,2021-06-28,152,95219,114,51168,24,41636,14,2415,59,7707,85,44693,73,52400,California
Orange,2020-12-15,16,16,16,16,0,0,0,0,16,16,0,0,16,16,California
Orange,2020-12-16,396,412,396,412,0,0,0,0,396,412,0,0,396,412,California
Orange,2020-12-17,3763,4175,3763,4175,0,0,0,0,3760,4171,1,1,3760,4172,California
Orange,2020-12-18,5122,9297,5114,9289,8,8,0,0,5120,9290,1,2,5120,9292,California
Orange,2020-12-19,2245,11542,2238,11527,7,15,0,0,2244,11534,0,2,2244,11536,California
Orange,2020-12-20,2001,13543,1998,13525,3,18,0,0,2002,13536,0,2,2002,13538,California
Orange,2020-12-21,4270,17813,4264,17789,6,24,0,0,4270,17806,0,2,4270,17808,California
Orange,2020-12-22,4002,21815,3966,21755,36,60,0,0,4002,21808,0,2,4002,21810,California
Orange,2020-12-23,3607,25422,3238,24993,369,429,0,0,3609,25417,0,2,3609,25419,California
Orange,2020-12-24,1389,26811,1088,26081,301,730,0,0,1389,26806,0,2,1389,26808,California
Orange,2020-12-25,21,26832,16,26097,5,735,0,0,21,26827,0,2,21,26829,California
Orange,2020-12-26,998,27830,424,26521,574,1309,0,0,998,27825,0,2,998,27827,California
Orange,2020-12-27,585,28415,276,26797,309,1618,0,0,585,28410,0,2,585,28412,California
Orange,2020-12-28,3629,32044,2633,29430,996,2614,0,0,3629,32039,0,2,3629,32041,California
Orange,2020-12-29,3538,35582,2517,31947,1021,3635,0,0,3537,35575,1,3,3537,35578,California
Orange,2020-12-30,5142,40724,3553,35500,1589,5224,0,0,5142,40717,0,3,5142,40720,California
Orange,2020-12-31,1534,42258,820,36320,714,5938,0,0,1531,42245,3,6,1531,42251,California
Orange,2021-01-01,712,42970,389,36709,323,6261,0,0,710,42953,2,8,710,42961,California
Orange,2021-01-02,1369,44339,845,37554,524,6785,0,0,1366,44317,2,10,1366,44327,California
Orange,2021-01-03,588,44927,323,37877,265,7050,0,0,588,44905,0,10,588,44915,California
Orange,2021-01-04,2784,47711,1573,39450,1211,8261,0,0,2785,47689,1,11,2785,47700,California
Orange,2021-01-05,3553,51264,2318,41768,1235,9496,0,0,3139,50420,411,422,3142,50842,California
Orange,2021-01-06,5052,56316,3479,45247,1573,11069,0,0,3671,52724,1367,1789,3671,54513,California
Orange,2021-01-07,9377,65693,5234,50481,4143,15212,0,0,5743,54853,3619,5408,5748,60261,California
Orange,2021-01-08,9514,75207,5317,55798,4197,19409,0,0,5707,56767,3796,9204,5710,65971,California
Orange,2021-01-09,5053,80260,1755,57553,3298,22707,0,0,3766,59246,1287,10491,3766,69737,California
Orange,2021-01-10,4263,84523,1050,58603,3213,25920,0,0,3380,61748,882,11373,3384,73121,California
Orange,2021-01-11,9518,94041,4939,63542,4579,30499,0,0,5874,63978,3648,15021,5878,78999,California
Orange,2021-01-12,9022,103063,4854,68396,4168,34667,0,0,5533,66026,3487,18508,5535,84534,California
Orange,2021-01-13,10369,113432,4954,73350,5415,40082,0,0,7144,69955,3222,21730,7151,91685,California
Orange,2021-01-14,10144,123576,3822,77172,6322,46404,0,0,8543,76905,1599,23329,8549,100234,California
Orange,2021-01-15,10326,133902,2675,79847,7651,54055,0,0,9435,85448,899,24228,9442,109676,California
Orange,2021-01-16,8842,142744,2118,81965,6724,60779,0,0,8438,93490,401,24629,8443,118119,California
Orange,2021-01-17,8263,151007,1516,83481,6747,67526,0,0,8107,101451,156,24785,8117,126236,California
Orange,2021-01-18,9788,160795,4439,87920,5349,72875,0,0,7525,106713,2266,27051,7528,133764,California
Orange,2021-01-19,7607,168402,5469,93389,2138,75013,0,0,4962,109033,2644,29695,4964,138728,California
Orange,2021-01-20,8676,177078,6106,99495,2570,77583,0,0,5601,111569,3074,32769,5610,144338,California
Orange,2021-01-21,11360,188438,5125,104620,6235,83818,0,0,10505,121234,851,33620,10516,154854,California
Orange,2021-01-22,13953,202391,5222,109842,8731,92549,0,0,13055,133408,889,34509,13063,167917,California
Orange,2021-01-23,13306,215697,6216,116058,7090,99639,0,0,12361,144838,941,35450,12371,180288,California
Orange,2021-01-24,9950,225647,4302,120360,5648,105287,0,0,9598,154092,348,35798,9602,189890,California
Orange,2021-01-25,10526,236173,5885,126245,4641,109928,0,0,7777,159135,2739,38537,7782,197672,California
Orange,2021-01-26,11975,248148,7715,133960,4260,114188,0,0,9778,166724,2192,40729,9781,207453,California
Orange,2021-01-27,13635,261783,8014,141974,5621,119809,0,0,10879,174863,2745,43474,10884,218337,California
Orange,2021-01-28,13283,275066,7271,149245,6012,125821,0,0,11346,184297,1921,45395,11355,229692,California
Orange,2021-01-29,13806,288872,8449,157694,5357,131178,0,0,10855,192223,2932,48327,10858,240550,California
Orange,2021-01-30,13224,302096,4521,162215,8703,139881,0,0,12428,203876,779,49106,12432,252982,California
Orange,2021-01-31,13855,315951,4923,167138,8932,148813,0,0,13382,216802,464,49570,13390,266372,California
Orange,2021-02-01,15056,331007,6544,173682,8512,157325,0,0,12523,226829,2504,52074,12531,278903,California
Orange,2021-02-02,15246,346253,8027,181709,7219,164544,0,0,12732,237093,2474,54548,12738,291641,California
Orange,2021-02-03,16833,363086,12489,194198,4344,168888,0,0,13831,248007,2923,57471,13837,305478,California
Orange,2021-02-04,20167,383253,13123,207321,7044,175932,0,0,15004,257895,5124,62595,15012,320490,California
Orange,2021-02-05,21037,404290,12080,219401,8957,184889,0,0,14621,266158,6369,68964,14632,335122,California
Orange,2021-02-06,16533,420823,10865,230266,5668,190557,0,0,11226,272315,5290,74254,11447,346569,California
Orange,2021-02-07,11605,432428,8120,238386,3485,194042,0,0,7608,276113,3980,78234,7778,354347,California
Orange,2021-02-08,15239,447667,8734,247120,6505,200547,0,0,9113,279136,6096,84330,9119,363466,California
Orange,2021-02-09,17930,465597,12156,259276,5774,206321,0,0,10741,282778,7113,91443,10755,374221,California
Orange,2021-02-10,21136,486733,11245,270521,9891,216212,0,0,12779,287320,8261,99704,12803,387024,California
Orange,2021-02-11,22441,509174,11617,282138,10824,227036,0,0,12282,289611,10019,109723,12310,399334,California
Orange,2021-02-12,25217,534391,12128,294266,13089,240125,0,0,14768,294023,10378,120101,14790,414124,California
Orange,2021-02-13,22205,556596,12028,306294,10177,250302,0,0,11175,294991,10865,130966,11833,425957,California
Orange,2021-02-14,16373,572969,6662,312956,9711,260013,0,0,9658,297973,6684,137650,9666,435623,California
Orange,2021-02-15,17504,590473,7526,320482,9978,269991,0,0,9021,298581,8435,146085,9043,444666,California
Orange,2021-02-16,20264,610737,9167,329649,11097,281088,0,0,10874,300167,9331,155416,10917,455583,California
Orange,2021-02-17,18270,629007,9574,339223,8696,289784,0,0,9315,300660,8893,164309,9386,464969,California
Orange,2021-02-18,15330,644337,10033,349256,5297,295081,0,0,6911,299245,8361,172670,6946,471915,California
Orange,2021-02-19,18484,662821,11047,360303,7437,302518,0,0,6977,294807,11442,184112,7004,478919,California
Orange,2021-02-20,7661,670482,5702,366005,1959,304477,0,0,3837,294880,3794,187906,3867,482786,California
Orange,2021-02-21,4758,675240,4046,370051,712,305189,0,0,979,292134,3735,191641,989,483775,California
Orange,2021-02-22,9971,685211,8126,378177,1845,307034,0,0,4010,290259,5911,197552,4036,487811,California
Orange,2021-02-23,13648,698859,7477,385654,6171,313205,0,0,3634,283995,9941,207493,3677,491488,California
Orange,2021-02-24,21425,720284,12938,398592,8487,321692,0,0,5461,273632,15893,223386,5530,497018,California
Orange,2021-02-25,23053,743337,12465,411057,10588,332280,0,0,8121,266953,14853,238239,8174,505192,California
Orange,2021-02-26,28280,771617,14317,425374,13963,346243,0,0,11437,261753,16706,254945,11506,516698,California
Orange,2021-02-27,25337,796954,10322,435696,15012,361255,3,3,7401,251411,17807,272752,7465,524163,California
Orange,2021-02-28,19282,816236,7485,443181,11797,373052,0,3,4899,242109,14244,286996,4942,529105,California
Orange,2021-03-01,18933,835169,8667,451848,10247,383299,19,22,7372,238103,11445,298441,7439,536544,California
Orange,2021-03-02,19664,854833,9499,461347,10161,393460,4,26,9589,237746,10012,308453,9655,546199,California
Orange,2021-03-03,21373,876206,10148,471495,11220,404680,5,31,11507,239545,9777,318230,11576,557775,California
Orange,2021-03-04,22914,899120,13161,484656,9739,414419,14,45,11826,240403,11041,329271,11899,569674,California
Orange,2021-03-05,21495,920615,11197,495853,10249,424668,49,94,13122,245350,8324,337595,13271,582945,California
Orange,2021-03-06,24450,945065,13428,509281,10146,434814,876,970,12894,247668,11502,349097,13820,596765,California
Orange,2021-03-07,15457,960522,8675,517956,6365,441179,417,1387,9000,250722,6415,355512,9469,606234,California
Orange,2021-03-08,17049,977571,7894,525850,7843,449022,1312,2699,10895,256902,6083,361595,12263,618497,California
Orange,2021-03-09,21327,998898,9869,535719,8990,458012,2468,5167,12557,263225,8724,370319,15047,633544,California
Orange,2021-03-10,25028,1023926,12288,548007,9280,467292,3460,8627,12598,266947,12360,382679,16082,649626,California
Orange,2021-03-11,29361,1053287,15900,563907,9203,476495,4258,12885,13551,269070,15701,398380,17824,667450,California
Orange,2021-03-12,29637,1082924,14416,578323,11337,487832,3884,16769,14832,273119,14705,413085,18754,686204,California
Orange,2021-03-13,28001,1110925,10297,588620,13743,501575,3961,20730,14132,277415,13805,426890,18101,704305,California
Orange,2021-03-14,18999,1129924,8257,596877,8191,509766,2551,23281,11833,284673,7129,434019,14387,718692,California
Orange,2021-03-15,23307,1153231,10289,607166,12250,522016,768,24049,14465,291171,8744,442763,15242,733934,California
Orange,2021-03-16,26667,1179898,11301,618467,15092,537108,274,24323,17188,299267,9392,452155,17488,751422,California
Orange,2021-03-17,27563,1207461,13714,632181,13284,550392,565,24888,19576,311510,7899,460054,20142,771564,California
Orange,2021-03-18,28129,1235590,14191,646372,13635,564027,303,25191,21753,327281,6301,466355,22072,793636,California
Orange,2021-03-19,33888,1269478,18647,665019,14787,578814,454,25645,25078,344136,8692,475047,25547,819183,California
Orange,2021-03-20,25963,1295441,13676,678695,12081,590895,206,25851,22091,362645,3798,478845,22307,841490,California
Orange,2021-03-21,18732,1314173,10866,689561,7119,598014,747,26598,15804,376310,2890,481735,16555,858045,California
Orange,2021-03-22,22964,1337137,11932,701493,10709,608723,323,26921,19276,392342,3580,485315,19612,877657,California
Orange,2021-03-23,26330,1363467,13766,715259,11918,620641,646,27567,20824,408402,5417,490732,21477,899134,California
Orange,2021-03-24,29411,1392878,16472,731731,12009,632650,930,28497,22035,424107,7266,497998,22971,922105,California
Orange,2021-03-25,32684,1425562,17377,749108,14589,647239,718,29215,24297,440846,8280,506278,25019,947124,California
Orange,2021-03-26,35100,1460662,18238,767346,15994,663233,868,30083,24900,456553,10073,516351,25780,972904,California
Orange,2021-03-27,28633,1489295,13722,781068,14595,677828,316,30399,19808,467960,8721,525072,20128,993032,California
Orange,2021-03-28,24981,1514276,12991,794059,11922,689750,68,30467,18627,480395,6267,531339,18702,1011734,California
Orange,2021-03-29,26711,1540987,12251,806310,13891,703641,569,31036,17841,490056,8754,540093,18415,1030149,California
Orange,2021-03-30,31050,1572037,14053,820363,16359,720000,638,31674,20451,500645,10500,550593,21089,1051238,California
Orange,2021-03-31,37366,1609403,19597,839960,17045,737045,724,32398,23705,511551,13525,564118,24431,1075669,California
Orange,2021-04-01,40895,1650298,21466,861426,17479,754524,1950,34348,26246,525276,14456,578574,28181,1103850,California
Orange,2021-04-02,40422,1690720,20397,881823,18166,772690,1859,36207,22733,532309,17566,596140,24599,1128449,California
Orange,2021-04-03,30494,1721214,15787,897610,12931,785621,1776,37983,14362,532402,16038,612178,16131,1144580,California
Orange,2021-04-04,18514,1739728,10746,908356,6996,792617,772,38755,8165,531050,10285,622463,8933,1153513,California
Orange,2021-04-05,30256,1769984,14147,922503,12682,805299,3427,42182,13846,532006,16310,638773,17266,1170779,California
Orange,2021-04-06,33651,1803635,15755,938258,14438,819737,3458,45640,14432,530761,19113,657886,17868,1188647,California
Orange,2021-04-07,36439,1840074,20251,958509,11526,831263,4662,50302,16039,531127,20300,678186,20666,1209313,California
Orange,2021-04-08,39493,1879567,21834,980343,12098,843361,5561,55863,19104,535493,20264,698450,24630,1233943,California
Orange,2021-04-09,41361,1920928,24062,1004405,12005,855366,5294,61157,18254,536015,22993,721443,23515,1257458,California
Orange,2021-04-10,34846,1955774,18385,1022790,12157,867523,4304,65461,14423,534398,20322,741765,18705,1276163,California
Orange,2021-04-11,25856,1981630,14644,1037434,7919,875442,3293,68754,9913,531701,15883,757648,13186,1289349,California
Orange,2021-04-12,30850,2012480,15577,1053011,11621,887063,3652,72406,12128,528826,18637,776285,15762,1305111,California
Orange,2021-04-13,32869,2045349,18509,1071520,14290,901353,70,72476,15305,526726,17478,793763,15378,1320489,California
Orange,2021-04-14,35070,2080419,20574,1092094,14460,915813,36,72512,15250,522325,19699,813462,15298,1335787,California
Orange,2021-04-15,40919,2121338,24920,1117014,15983,931796,16,72528,19044,519636,21745,835207,19056,1354843,California
Orange,2021-04-16,42143,2163481,24784,1141798,17329,949125,30,72558,19053,515780,22950,858157,19094,1373937,California
Orange,2021-04-17,30696,2194177,17407,1159205,13282,962407,7,72565,13481,512209,17065,875222,13494,1387431,California
Orange,2021-04-18,22323,2216500,13605,1172810,8718,971125,0,72565,8904,507773,13346,888568,8910,1396341,California
Orange,2021-04-19,33088,2249588,18289,1191099,14795,985920,4,72569,15227,505256,17754,906322,15237,1411578,California
Orange,2021-04-20,36627,2286215,19369,1210468,17251,1003171,7,72576,18236,505208,18297,924619,18249,1429827,California
Orange,2021-04-21,42502,2328717,24910,1235378,17583,1020754,9,72585,20179,503256,22144,946763,20192,1450019,California
Orange,2021-04-22,40149,2368866,21495,1256873,18644,1039398,10,72595,16732,496737,23269,970032,16750,1466769,California
Orange,2021-04-23,41092,2409958,21586,1278459,19498,1058896,8,72603,18403,492593,22564,992596,18420,1485189,California
Orange,2021-04-24,32133,2442091,16833,1295292,15268,1074164,32,72635,13494,487576,18546,1011142,13529,1498718,California
Orange,2021-04-25,23008,2465099,12992,1308284,10001,1084165,15,72650,9828,484316,13110,1024252,9850,1508568,California
Orange,2021-04-26,29305,2494404,14538,1322822,14568,1098733,199,72849,12697,480730,16485,1040737,12899,1521467,California
Orange,2021-04-27,31571,2525975,14972,1337794,15967,1114700,632,73481,11967,473910,19426,1060163,12606,1534073,California
Orange,2021-04-28,31455,2557430,15973,1353767,14597,1129297,885,74366,12642,468760,18676,1078839,13526,1547599,California
Orange,2021-04-29,32511,2589941,17958,1371725,13584,1142881,969,75335,11577,460488,20810,1099649,12538,1560137,California
Orange,2021-04-30,30433,2620374,17542,1389267,11944,1154825,947,76282,13006,457121,17310,1116959,13943,1574080,California
Orange,2021-05-01,22996,2643370,15743,1405010,6263,1161088,990,77272,8787,452802,14087,1131046,9768,1583848,California
Orange,2021-05-02,15449,2658819,10291,1415301,4513,1165601,645,77917,5382,448826,9997,1141043,6021,1589869,California
Orange,2021-05-03,20708,2679527,12653,1427954,7292,1172893,763,78680,6514,442001,14101,1155144,7276,1597145,California
Orange,2021-05-04,24214,2703741,14004,1441958,9289,1182182,921,79601,8270,435351,15827,1170971,9177,1606322,California
Orange,2021-05-05,25455,2729196,14455,1456413,10103,1192285,897,80498,8191,427314,17125,1188096,9088,1615410,California
Orange,2021-05-06,26877,2756073,16398,1472811,9477,1201762,1002,81500,7393,416356,19346,1207442,8388,1623798,California
Orange,2021-05-07,29369,2785442,17778,1490589,10537,1212299,1054,82554,8176,404609,20971,1228413,9224,1633022,California
Orange,2021-05-08,19166,2804608,12818,1503407,5547,1217846,801,83355,5549,397465,13485,1241898,6341,1639363,California
Orange,2021-05-09,11139,2815747,8502,1511909,2262,1220108,375,83730,2805,392360,8285,1250183,3180,1642543,California
Orange,2021-05-10,19509,2835256,12023,1523932,6704,1226812,782,84512,4306,382342,15107,1265290,5089,1647632,California
Orange,2021-05-11,22726,2857982,12848,1536780,9140,1235952,738,85250,5382,371219,17236,1282526,6113,1653745,California
Orange,2021-05-12,24096,2882078,14991,1551771,8268,1244220,837,86087,6541,361178,17416,1299942,7375,1661120,California
Orange,2021-05-13,22117,2904195,13713,1565484,7795,1252015,609,86696,8138,356062,13864,1313806,8748,1669868,California
Orange,2021-05-14,26838,2931033,17753,1583237,8233,1260248,852,87548,10443,351079,16249,1330055,11266,1681134,California
Orange,2021-05-15,20444,2951477,14761,1597998,5133,1265381,550,88098,8276,347804,12094,1342149,8819,1689953,California
Orange,2021-05-16,15550,2967027,12819,1610817,2392,1267773,339,88437,6680,346012,8809,1350958,7017,1696970,California
Orange,2021-05-17,19555,2986582,12841,1623658,6013,1273786,701,89138,6886,340986,12600,1363558,7574,1704544,California
Orange,2021-05-18,20609,3007191,12011,1635669,7928,1281714,670,89808,7989,337113,12525,1376083,8652,1713196,California
Orange,2021-05-19,22544,3029735,12901,1648570,8969,1290683,674,90482,7686,330729,14735,1390818,8351,1721547,California
Orange,2021-05-20,22582,3052317,13245,1661815,8669,1299352,668,91150,7720,324365,14749,1405567,8385,1729932,California
Orange,2021-05-21,25670,3077987,14725,1676540,10219,1309571,726,91876,8267,316068,17285,1422852,8988,1738920,California
Orange,2021-05-22,18293,3096280,12177,1688717,5569,1315140,547,92423,6946,312306,11255,1434107,7493,1746413,California
Orange,2021-05-23,10018,3106298,6923,1695640,2822,1317962,273,92696,3505,309615,6468,1440575,3777,1750190,California
Orange,2021-05-24,15683,3121981,9323,1704963,5737,1323699,623,93319,5784,306210,9805,1450380,6400,1756590,California
Orange,2021-05-25,15653,3137634,9215,1714178,5913,1329612,525,93844,5568,302327,9971,1460351,6088,1762678,California
Orange,2021-05-26,15262,3152896,8566,1722744,6195,1335807,501,94345,5622,298892,9547,1469898,6112,1768790,California
Orange,2021-05-27,14410,3167306,8671,1731415,5195,1341002,544,94889,6294,297682,8040,1477938,6830,1775620,California
Orange,2021-05-28,16826,3184132,9921,1741336,6276,1347278,629,95518,7370,296310,9360,1487298,7988,1783608,California
Orange,2021-05-29,9000,3193132,5274,1746610,3367,1350645,359,95877,4074,295868,4869,1492167,4427,1788035,California
Orange,2021-05-30,5989,3199121,3888,1750498,1824,1352469,277,96154,2142,294472,3810,1495977,2414,1790449,California
Orange,2021-05-31,1697,3200818,1052,1751550,598,1353067,47,96201,521,293882,1157,1497134,567,1791016,California
Orange,2021-06-01,13396,3214214,7780,1759330,5126,1358193,490,96691,4982,291041,8305,1505439,5464,1796480,California
Orange,2021-06-02,13014,3227228,8063,1767393,4534,1362727,417,97108,4451,287490,8412,1513851,4861,1801341,California
Orange,2021-06-03,12890,3240118,8903,1776296,3533,1366260,454,97562,4399,283909,8429,1522280,4848,1806189,California
Orange,2021-06-04,17153,3257271,12160,1788456,4414,1370674,579,98141,5240,277898,11827,1534107,5816,1812005,California
Orange,2021-06-05,12917,3270188,9747,1798203,2789,1373463,381,98522,3830,273076,9029,1543136,4207,1816212,California
Orange,2021-06-06,5340,3275528,4537,1802740,603,1374066,200,98722,1820,271598,3498,1546634,2020,1818232,California
Orange,2021-06-07,10774,3286302,7614,1810354,2696,1376762,464,99186,3315,267984,7386,1554020,3772,1822004,California
Orange,2021-06-08,12183,3298485,8774,1819128,2900,1379662,509,99695,3770,263942,8322,1562342,4280,1826284,California
Orange,2021-06-09,11735,3310220,8122,1827250,3156,1382818,457,100152,3292,259330,8356,1570698,3744,1830028,California
Orange,2021-06-10,11598,3321818,8445,1835695,2691,1385509,462,100614,3410,255069,8128,1578826,3867,1833895,California
Orange,2021-06-11,13281,3335099,9335,1845030,3448,1388957,498,101112,4283,250938,8908,1587734,4777,1838672,California
Orange,2021-06-12,9793,3344892,7498,1852528,1979,1390936,316,101428,3016,247547,6723,1594457,3332,1842004,California
Orange,2021-06-13,4045,3348937,2947,1855475,936,1391872,162,101590,1018,245735,2993,1597450,1181,1843185,California
Orange,2021-06-14,9844,3358781,7179,1862654,2206,1394078,459,102049,3261,242922,6531,1603981,3718,1846903,California
Orange,2021-06-15,10186,3368967,7335,1869989,2418,1396496,433,102482,3563,240366,6548,1610529,3992,1850895,California
Orange,2021-06-16,9562,3378529,6874,1876863,2222,1398718,466,102948,3274,237871,6230,1616759,3735,1854630,California
Orange,2021-06-17,9372,3387901,7082,1883945,1923,1400641,367,103315,3335,235597,5976,1622735,3702,1858332,California
Orange,2021-06-18,11126,3399027,8103,1892048,2527,1403168,496,103811,3867,232776,7182,1629917,4361,1862693,California
Orange,2021-06-19,6317,3405344,4712,1896760,1361,1404529,244,104055,2613,231982,3654,1633571,2860,1865553,California
Orange,2021-06-20,3073,3408417,2385,1899145,595,1405124,93,104148,1041,231097,2019,1635590,1134,1866687,California
Orange,2021-06-21,6626,3415043,4564,1903709,1633,1406757,429,104577,3566,232064,3029,1638619,3996,1870683,California
Orange,2021-06-22,7692,3422735,5687,1909396,1653,1408410,352,104929,2928,230648,4696,1643315,3280,1873963,California
Orange,2021-06-23,7316,3430051,5496,1914892,1515,1409925,305,105234,2967,229616,4302,1647617,3270,1877233,California
Orange,2021-06-24,7112,3437163,5338,1920230,1408,1411333,366,105600,3025,228955,4051,1651668,3390,1880623,California
Orange,2021-06-25,8479,3445642,6186,1926416,1914,1413247,379,105979,3305,227507,5126,1656794,3678,1884301,California
Orange,2021-06-26,5845,3451487,4501,1930917,1121,1414368,223,106202,2458,226843,3345,1660139,2681,1886982,California
Orange,2021-06-27,3430,3454917,2780,1933697,537,1414905,113,106315,1481,226511,1927,1662066,1595,1888577,California
Orange,2021-06-28,4449,3459366,3532,1937229,675,1415580,242,106557,1930,226198,2486,1664552,2173,1890750,California
Placer,2020-12-15,29,29,29,29,0,0,0,0,29,29,0,0,29,29,California
Placer,2020-12-16,56,85,56,85,0,0,0,0,56,85,0,0,56,85,California
Placer,2020-12-17,148,233,148,233,0,0,0,0,148,233,0,0,148,233,California
Placer,2020-12-18,429,662,429,662,0,0,0,0,429,662,0,0,429,662,California
Placer,2020-12-19,253,915,253,915,0,0,0,0,253,915,0,0,253,915,California
Placer,2020-12-20,234,1149,234,1149,0,0,0,0,234,1149,0,0,234,1149,California
Placer,2020-12-21,498,1647,496,1645,2,2,0,0,498,1647,0,0,498,1647,California
Placer,2020-12-22,678,2325,671,2316,7,9,0,0,678,2325,0,0,678,2325,California
Placer,2020-12-23,757,3082,668,2984,89,98,0,0,757,3082,0,0,757,3082,California
Placer,2020-12-24,405,3487,351,3335,54,152,0,0,405,3487,0,0,405,3487,California
Placer,2020-12-26,159,3646,114,3449,45,197,0,0,159,3646,0,0,159,3646,California
Placer,2020-12-27,184,3830,162,3611,22,219,0,0,184,3830,0,0,184,3830,California
Placer,2020-12-28,669,4499,541,4152,128,347,0,0,669,4499,0,0,669,4499,California
Placer,2020-12-29,769,5268,517,4669,252,599,0,0,769,5268,0,0,769,5268,California
Placer,2020-12-30,733,6001,457,5126,276,875,0,0,731,5999,0,0,731,5999,California
Placer,2020-12-31,541,6542,354,5480,187,1062,0,0,541,6540,0,0,541,6540,California
Placer,2021-01-01,16,6558,12,5492,4,1066,0,0,16,6556,0,0,16,6556,California
Placer,2021-01-02,187,6745,154,5646,33,1099,0,0,187,6743,0,0,187,6743,California
Placer,2021-01-03,154,6899,79,5725,75,1174,0,0,154,6897,0,0,154,6897,California
Placer,2021-01-04,621,7520,179,5904,442,1616,0,0,621,7518,0,0,621,7518,California
Placer,2021-01-05,733,8253,160,6064,573,2189,0,0,644,8075,88,88,645,8163,California
Placer,2021-01-06,765,9018,249,6313,516,2705,0,0,613,8536,152,240,613,8776,California
Placer,2021-01-07,990,10008,369,6682,621,3326,0,0,763,9072,227,467,763,9539,California
Placer,2021-01-08,1187,11195,530,7212,657,3983,0,0,796,9480,388,855,796,10335,California
Placer,2021-01-09,454,11649,321,7533,133,4116,0,0,237,9501,216,1071,237,10572,California
Placer,2021-01-10,331,11980,187,7720,144,4260,0,0,163,9496,168,1239,163,10735,California
Placer,2021-01-11,1438,13418,814,8534,624,4884,0,0,844,9747,594,1833,845,11580,California
Placer,2021-01-12,1675,15093,893,9427,782,5666,0,0,1062,10198,612,2445,1063,12643,California
Placer,2021-01-13,1658,16751,838,10265,820,6486,0,0,1226,10997,430,2875,1229,13872,California
Placer,2021-01-14,1815,18566,669,10934,1146,7632,0,0,1451,12088,361,3236,1452,15324,California
Placer,2021-01-15,1941,20507,722,11656,1219,8851,0,0,1589,13327,351,3587,1590,16914,California
Placer,2021-01-16,1509,22016,718,12374,791,9642,0,0,1387,14593,122,3709,1388,18302,California
Placer,2021-01-17,569,22585,398,12772,171,9813,0,0,431,14886,138,3847,431,18733,California
Placer,2021-01-18,982,23567,542,13314,440,10253,0,0,749,15403,233,4080,750,19483,California
Placer,2021-01-19,2629,26196,1963,15277,666,10919,0,0,2174,17123,455,4535,2175,21658,California
Placer,2021-01-20,2344,28540,1766,17043,578,11497,0,0,2007,18794,337,4872,2008,23666,California
Placer,2021-01-21,2588,31128,1132,18175,1456,12953,0,0,2186,20580,401,5273,2187,25853,California
Placer,2021-01-22,2349,33477,627,18802,1722,14675,0,0,2175,22584,172,5445,2176,28029,California
Placer,2021-01-23,1204,34681,388,19190,816,15491,0,0,1046,23472,158,5603,1046,29075,California
Placer,2021-01-24,518,35199,273,19463,245,15736,0,0,437,23829,81,5684,438,29513,California
Placer,2021-01-25,1688,36887,807,20270,881,16617,0,0,1393,24928,295,5979,1394,30907,California
Placer,2021-01-26,1884,38771,1046,21316,838,17455,0,0,1613,26270,271,6250,1613,32520,California
Placer,2021-01-27,1864,40635,1168,22484,696,18151,0,0,1611,27631,251,6501,1612,34132,California
Placer,2021-01-28,1814,42449,1126,23610,688,18839,0,0,1562,28943,250,6751,1562,35694,California
Placer,2021-01-29,1918,44367,1180,24790,738,19577,0,0,1717,30462,199,6950,1718,37412,California
Placer,2021-01-30,1748,46115,975,25765,773,20350,0,0,1626,31967,121,7071,1626,39038,California
Placer,2021-01-31,789,46904,628,26393,161,20511,0,0,717,32613,72,7143,718,39756,California
Placer,2021-02-01,2092,48996,1106,27499,986,21497,0,0,1774,34070,317,7460,1774,41530,California
Placer,2021-02-02,2417,51413,1553,29052,864,22361,0,0,1911,35478,503,7963,1911,43441,California
Placer,2021-02-03,2933,54346,1886,30938,1047,23408,0,0,2301,37151,628,8591,2301,45742,California
Placer,2021-02-04,2786,57132,1195,32133,1591,24999,0,0,1947,38264,835,9426,1948,47690,California
Placer,2021-02-05,2797,59929,1269,33402,1528,26527,0,0,1427,38345,1346,10772,1427,49117,California
Placer,2021-02-06,1996,61925,1336,34738,660,27187,0,0,1445,39239,551,11323,1445,50562,California
Placer,2021-02-07,1222,63147,911,35649,311,27498,0,0,935,39888,286,11609,935,51497,California
Placer,2021-02-08,3301,66448,1760,37409,1541,29039,0,0,1954,40522,1321,12930,1955,53452,California
Placer,2021-02-09,3573,70021,2186,39595,1387,30426,0,0,1653,40258,1917,14847,1653,55105,California
Placer,2021-02-10,3788,73809,2217,41812,1571,31997,0,0,1718,39912,2066,16913,1720,56825,California
Placer,2021-02-11,3733,77542,1921,43733,1812,33809,0,0,1583,39361,2135,19048,1584,58409,California
Placer,2021-02-12,2875,80417,1343,45076,1532,35341,0,0,1675,39873,1164,20212,1676,60085,California
Placer,2021-02-13,2621,83038,1473,46549,1148,36489,0,0,1930,41112,691,20903,1930,62015,California
Placer,2021-02-14,1092,84130,685,47234,407,36896,0,0,740,41502,350,21253,740,62755,California
Placer,2021-02-15,2262,86392,1049,48283,1213,38109,0,0,1552,42345,710,21963,1553,64308,California
Placer,2021-02-16,3604,89996,1798,50081,1806,39915,0,0,1600,41951,1995,23958,1601,65909,California
Placer,2021-02-17,3566,93562,1981,52062,1585,41500,0,0,1516,41422,2046,26004,1517,67426,California
Placer,2021-02-18,3848,97410,2078,54140,1770,43270,0,0,1639,40863,2199,28203,1640,69066,California
Placer,2021-02-19,3661,101071,1965,56105,1696,44966,0,0,1359,39936,2287,30490,1360,70426,California
Placer,2021-02-20,2082,103153,1306,57411,776,45742,0,0,939,39743,1135,31625,942,71368,California
Placer,2021-02-21,1062,104215,755,58166,307,46049,0,0,327,39339,732,32357,328,71696,California
Placer,2021-02-22,2535,106750,1771,59937,764,46813,0,0,610,38025,1924,34281,610,72306,California
Placer,2021-02-23,2650,109400,1615,61552,1035,47848,0,0,899,37174,1750,36031,899,73205,California
Placer,2021-02-24,3350,112750,1208,62760,2142,49990,0,0,1811,37458,1529,37560,1813,75018,California
Placer,2021-02-25,3742,116492,1549,64309,2193,52183,0,0,2048,37823,1686,39246,2051,77069,California
Placer,2021-02-26,4277,120769,2455,66764,1822,54005,0,0,2481,38513,1792,41038,2482,79551,California
Placer,2021-02-27,2930,123699,1538,68302,1392,55397,0,0,1510,38610,1415,42453,1512,81063,California
Placer,2021-02-28,1606,125305,875,69177,730,56127,1,1,737,38484,864,43317,738,81801,California
Placer,2021-03-01,3210,128515,2136,71313,1074,57201,0,1,1638,38557,1565,44882,1638,83439,California
Placer,2021-03-02,2922,131437,1802,73115,1120,58321,0,1,1904,39453,1008,45890,1904,85343,California
Placer,2021-03-03,3395,134832,1480,74595,1914,60235,1,2,1856,39780,1531,47421,1858,87201,California
Placer,2021-03-04,3640,138472,1463,76058,2177,62412,0,2,1896,39945,1732,49153,1897,89098,California
Placer,2021-03-05,3020,141492,1036,77094,1963,64375,21,23,1815,40581,1200,50353,1836,90934,California
Placer,2021-03-06,2445,143937,1514,78608,836,65211,95,118,941,40121,1496,51849,1036,91970,California
Placer,2021-03-07,1325,145262,773,79381,512,65723,40,158,548,39935,774,52623,588,92558,California
Placer,2021-03-08,2921,148183,1834,81215,974,66697,113,271,1654,40437,1265,53888,1767,94325,California
Placer,2021-03-09,3216,151399,1711,82926,1414,68111,91,362,1846,41007,1367,55255,1937,96262,California
Placer,2021-03-10,3319,154718,1340,84266,1872,69983,107,469,1728,41256,1585,56840,1834,98096,California
Placer,2021-03-11,3672,158390,1670,85936,1877,71860,125,594,1754,41230,1907,58747,1881,99977,California
Placer,2021-03-12,3708,162098,1496,87432,1431,73291,781,1375,1252,40820,2444,61191,2034,102011,California
Placer,2021-03-13,2165,164263,751,88183,1291,74582,123,1498,1137,41056,1023,62214,1259,103270,California
Placer,2021-03-14,1653,165916,681,88864,821,75403,151,1649,894,41342,759,62973,1045,104315,California
Placer,2021-03-15,3226,169142,1552,90416,1544,76947,130,1779,1772,41794,1451,64424,1903,106218,California
Placer,2021-03-16,3624,172766,1949,92365,1541,78488,134,1913,2313,42941,1300,65724,2447,108665,California
Placer,2021-03-17,3472,176238,1748,94113,1620,80108,104,2017,2233,44043,1236,66960,2338,111003,California
Placer,2021-03-18,4126,180364,2341,96454,1746,81854,39,2056,2867,45696,1252,68212,2905,113908,California
Placer,2021-03-19,3470,183834,2078,98532,1124,82978,268,2324,2163,46826,1298,69510,2428,116336,California
Placer,2021-03-20,2167,186001,910,99442,1158,84136,99,2423,1310,47382,852,70362,1408,117744,California
Placer,2021-03-21,1270,187271,585,100027,675,84811,10,2433,886,47897,381,70743,896,118640,California
Placer,2021-03-22,3319,190590,2123,102150,1104,85915,92,2525,2158,48990,1157,71900,2250,120890,California
Placer,2021-03-23,3594,194184,2124,104274,1380,87295,90,2615,2569,50631,1019,72919,2660,123550,California
Placer,2021-03-24,3810,197994,2008,106282,1704,88999,98,2713,1920,50783,1867,74786,2019,125569,California
Placer,2021-03-25,3869,201863,1870,108152,1899,90898,100,2813,1729,50483,2128,76914,1828,127397,California
Placer,2021-03-26,3796,205659,1678,109830,1886,92784,232,3045,1522,49979,2258,79172,1754,129151,California
Placer,2021-03-27,1612,207271,481,110311,1110,93894,21,3066,609,49612,996,80168,629,129780,California
Placer,2021-03-28,1117,208388,530,110841,576,94470,11,3077,303,49128,798,80966,314,130094,California
Placer,2021-03-29,3583,211971,1999,112840,1548,96018,36,3113,1729,49051,1845,82811,1768,131862,California
Placer,2021-03-30,3983,215954,2097,114937,1842,97860,44,3157,2078,49281,1890,84701,2120,133982,California
Placer,2021-03-31,4122,220076,1838,116775,2210,100070,74,3231,1690,48620,2424,87125,1763,135745,California
Placer,2021-04-01,3004,223080,1446,118221,1510,101580,48,3279,1669,49008,1329,88454,1717,137462,California
Placer,2021-04-02,2851,225931,1455,119676,1329,102909,67,3346,1598,49426,1246,89700,1664,139126,California
Placer,2021-04-03,1868,227799,998,120674,741,103650,129,3475,896,49485,964,90664,1023,140149,California
Placer,2021-04-04,716,228515,367,121041,296,103946,53,3528,287,49400,425,91089,340,140489,California
Placer,2021-04-05,3024,231539,1913,122954,924,104870,187,3715,1755,50077,1264,92353,1941,142430,California
Placer,2021-04-06,4321,235860,2498,125452,1520,106390,303,4018,1536,49138,2777,95130,1838,144268,California
Placer,2021-04-07,4574,240434,2608,128060,1501,107891,465,4483,2088,49208,2479,97609,2549,146817,California
Placer,2021-04-08,4742,245176,2616,130676,1581,109472,545,5028,1586,48196,3143,100752,2131,148948,California
Placer,2021-04-09,4163,249339,2281,132957,1257,110729,625,5653,1251,47171,2903,103655,1878,150826,California
Placer,2021-04-10,2071,251410,886,133843,1002,111731,183,5836,879,47043,1189,104844,1061,151887,California
Placer,2021-04-11,1363,252773,535,134378,795,112526,33,5869,457,46631,902,105746,490,152377,California
Placer,2021-04-12,4134,256907,2662,137040,1085,113611,387,6256,2473,47840,1651,107397,2860,155237,California
Placer,2021-04-13,4371,261278,3006,140046,1364,114975,1,6257,2189,47854,2177,109574,2191,157428,California
Placer,2021-04-14,4183,265461,2597,142643,1585,116560,1,6258,1861,47404,2311,111885,1861,159289,California
Placer,2021-04-15,4528,269989,2520,145163,2007,118567,1,6259,2361,47608,2158,114043,2362,161651,California
Placer,2021-04-16,3716,273705,2201,147364,1515,120082,0,6259,1450,46798,2260,116303,1450,163101,California
Placer,2021-04-17,2445,276150,854,148218,1591,121673,0,6259,1530,47420,909,117212,1531,164632,California
Placer,2021-04-18,1234,277384,298,148516,936,122609,0,6259,438,47064,794,118006,438,165070,California
Placer,2021-04-19,2969,280353,1828,150344,1141,123750,0,6259,1168,46438,1796,119802,1170,166240,California
Placer,2021-04-20,3912,284265,2560,152904,1352,125102,0,6259,2449,47433,1454,121256,2449,168689,California
Placer,2021-04-21,3818,288083,2535,155439,1282,126384,1,6260,2481,48582,1333,122589,2482,171171,California
Placer,2021-04-22,3744,291827,2333,157772,1411,127795,0,6260,1795,48433,1944,124533,1795,172966,California
Placer,2021-04-23,3584,295411,2382,160154,1201,128996,1,6261,1406,47669,2171,126704,1407,174373,California
Placer,2021-04-24,2086,297497,1269,161423,816,129812,1,6262,1215,48022,862,127566,1215,175588,California
Placer,2021-04-25,908,298405,500,161923,408,130220,0,6262,557,48228,351,127917,557,176145,California
Placer,2021-04-26,2514,300919,1360,163283,1130,131350,24,6286,1212,48171,1293,129210,1236,177381,California
Placer,2021-04-27,2797,303716,1480,164763,1268,132618,49,6335,1587,48602,1206,130416,1637,179018,California
Placer,2021-04-28,3062,306778,1916,166679,1110,133728,36,6371,1615,48817,1437,131853,1652,180670,California
Placer,2021-04-29,3446,310224,2247,168926,1145,134873,54,6425,1454,48339,1986,133839,1508,182178,California
Placer,2021-04-30,3035,313259,1845,170771,1141,136014,49,6474,1220,47799,1809,135648,1269,183447,California
Placer,2021-05-01,1340,314599,936,171707,379,136393,25,6499,613,47716,720,136368,637,184084,California
Placer,2021-05-02,734,315333,571,172278,141,136534,22,6521,330,47666,402,136770,352,184436,California
Placer,2021-05-03,1619,316952,998,173276,554,137088,67,6588,440,46996,1176,137946,506,184942,California
Placer,2021-05-04,2367,319319,1357,174633,844,137932,166,6754,880,46562,1480,139426,1046,185988,California
Placer,2021-05-05,3731,323050,2538,177171,1088,139020,105,6859,976,44897,2746,142172,1081,187069,California
Placer,2021-05-06,3113,326163,1910,179081,1127,140147,76,6935,817,43520,2270,144442,893,187962,California
Placer,2021-05-07,2839,329002,1915,180996,831,140978,93,7028,800,42386,2027,146469,893,188855,California
Placer,2021-05-08,1362,330364,735,181731,584,141562,43,7071,405,41876,956,147425,446,189301,California
Placer,2021-05-09,450,330814,220,181951,209,141771,21,7092,208,41863,242,147667,229,189530,California
Placer,2021-05-10,1924,332738,1029,182980,799,142570,96,7188,423,40887,1496,149163,520,190050,California
Placer,2021-05-11,3035,335773,2197,185177,720,143290,118,7306,654,39288,2371,151534,772,190822,California
Placer,2021-05-12,2879,338652,1997,187174,825,144115,57,7363,678,37831,2194,153728,737,191559,California
Placer,2021-05-13,2874,341526,1856,189030,970,145085,48,7411,1012,37030,1860,155588,1059,192618,California
Placer,2021-05-14,2852,344378,1875,190905,841,145926,136,7547,1375,37075,1462,157050,1507,194125,California
Placer,2021-05-15,2098,346476,1363,192268,711,146637,24,7571,929,36867,1163,158213,955,195080,California
Placer,2021-05-16,1019,347495,530,192798,470,147107,19,7590,342,36557,675,158888,365,195445,California
Placer,2021-05-17,2364,349859,1574,194372,714,147821,76,7666,1021,36315,1339,160227,1097,196542,California
Placer,2021-05-18,2502,352361,1678,196050,744,148565,80,7746,1120,36136,1378,161605,1199,197741,California
Placer,2021-05-19,2541,354902,1594,197644,901,149466,46,7792,872,35391,1664,163269,919,198660,California
Placer,2021-05-20,2543,357445,1650,199294,845,150311,48,7840,863,34632,1671,164940,912,199572,California
Placer,2021-05-21,2447,359892,1530,200824,772,151083,145,7985,1055,34446,1384,166324,1198,200770,California
Placer,2021-05-22,1606,361498,1055,201879,509,151592,42,8027,758,34404,843,167167,801,201571,California
Placer,2021-05-23,623,362121,355,202234,253,151845,15,8042,278,34354,345,167512,295,201866,California
Placer,2021-05-24,1520,363641,773,203007,608,152453,139,8181,451,33877,1067,168579,590,202456,California
Placer,2021-05-25,1793,365434,942,203949,751,153204,100,8281,638,33467,1148,169727,738,203194,California
Placer,2021-05-26,1583,367017,906,204855,638,153842,39,8320,610,33149,968,170695,650,203844,California
Placer,2021-05-27,1466,368483,722,205577,699,154541,45,8365,662,33062,794,171489,707,204551,California
Placer,2021-05-28,1703,370186,858,206435,748,155289,97,8462,725,32913,973,172462,824,205375,California
Placer,2021-05-29,750,370936,405,206840,314,155603,31,8493,378,32953,368,172830,408,205783,California
Placer,2021-05-30,341,371277,228,207068,99,155702,14,8507,209,33045,131,172961,223,206006,California
Placer,2021-05-31,147,371424,70,207138,60,155762,17,8524,30,32975,116,173077,46,206052,California
Placer,2021-06-01,1674,373098,881,208019,720,156482,73,8597,589,32558,1079,174156,662,206714,California
Placer,2021-06-02,1502,374600,758,208777,676,157158,68,8665,486,32097,1015,175171,554,207268,California
Placer,2021-06-03,1701,376301,1028,209805,615,157773,58,8723,430,31318,1266,176437,487,207755,California
Placer,2021-06-04,1855,378156,1315,211120,486,158259,54,8777,453,30430,1393,177830,505,208260,California
Placer,2021-06-05,1084,379240,768,211888,275,158534,41,8818,268,29927,812,178642,309,208569,California
Placer,2021-06-06,484,379724,345,212233,122,158656,17,8835,123,29707,360,179002,140,208709,California
Placer,2021-06-07,1053,380777,719,212952,262,158918,72,8907,225,29177,825,179827,295,209004,California
Placer,2021-06-08,1720,382497,1308,214260,363,159281,49,8956,426,28360,1291,181118,474,209478,California
Placer,2021-06-09,1167,383664,848,215108,266,159547,53,9009,259,27768,905,182023,313,209791,California
Placer,2021-06-10,1246,384910,854,215962,316,159863,76,9085,306,27211,937,182960,380,210171,California
Placer,2021-06-11,1490,386400,1072,217034,359,160222,59,9144,342,26468,1143,184103,400,210571,California
Placer,2021-06-12,1011,387411,752,217786,233,160455,26,9170,220,25925,789,184892,246,210817,California
Placer,2021-06-13,393,387804,302,218088,80,160535,11,9181,93,25730,299,185191,104,210921,California
Placer,2021-06-14,774,388578,528,218616,201,160736,45,9226,222,25449,547,185738,266,211187,California
Placer,2021-06-15,1286,389864,860,219476,364,161100,62,9288,425,25078,857,186595,486,211673,California
Placer,2021-06-16,1032,390896,746,220222,231,161331,55,9343,334,24769,697,187292,388,212061,California
Placer,2021-06-17,880,391776,607,220829,235,161566,38,9381,277,24485,599,187891,315,212376,California
Placer,2021-06-18,1153,392929,764,221593,300,161866,89,9470,379,24180,773,188664,468,212844,California
Placer,2021-06-19,604,393533,434,222027,136,162002,34,9504,234,24081,366,189030,267,213111,California
Placer,2021-06-20,281,393814,231,222258,43,162045,7,9511,106,24020,173,189203,112,213223,California
Placer,2021-06-21,493,394307,289,222547,167,162212,37,9548,234,24032,259,189462,271,213494,California
Placer,2021-06-22,885,395192,624,223171,208,162420,53,9601,268,23743,610,190072,321,213815,California
Placer,2021-06-23,841,396033,609,223780,185,162605,47,9648,387,23724,453,190525,434,214249,California
Placer,2021-06-24,814,396847,512,224292,255,162860,47,9695,308,23575,504,191029,355,214604,California
Placer,2021-06-25,935,397782,664,224956,218,163078,53,9748,386,23472,542,191571,439,215043,California
Placer,2021-06-26,535,398317,385,225341,120,163198,30,9778,233,23435,300,191871,263,215306,California
Placer,2021-06-27,250,398567,182,225523,57,163255,11,9789,120,23436,129,192000,130,215436,California
Placer,2021-06-28,331,398898,246,225769,66,163321,19,9808,140,23404,191,192191,159,215595,California
Plumas,2020-12-18,3,3,3,3,0,0,0,0,3,3,0,0,3,3,California
Plumas,2020-12-19,1,4,1,4,0,0,0,0,1,4,0,0,1,4,California
Plumas,2020-12-21,45,49,45,49,0,0,0,0,45,49,0,0,45,49,California
Plumas,2020-12-22,92,141,92,141,0,0,0,0,92,141,0,0,92,141,California
Plumas,2020-12-23,50,191,50,191,0,0,0,0,50,191,0,0,50,191,California
Plumas,2020-12-24,6,197,6,197,0,0,0,0,6,197,0,0,6,197,California
Plumas,2020-12-28,8,205,0,197,8,8,0,0,8,205,0,0,8,205,California
Plumas,2020-12-29,32,237,22,219,10,18,0,0,32,237,0,0,32,237,California
Plumas,2020-12-30,23,260,1,220,22,40,0,0,23,260,0,0,23,260,California
Plumas,2020-12-31,4,264,1,221,3,43,0,0,4,264,0,0,4,264,California
Plumas,2021-01-01,1,265,0,221,1,44,0,0,1,265,0,0,1,265,California
Plumas,2021-01-02,1,266,0,221,1,45,0,0,1,266,0,0,1,266,California
Plumas,2021-01-04,10,276,4,225,6,51,0,0,10,276,0,0,10,276,California
Plumas,2021-01-05,22,298,2,227,20,71,0,0,22,298,0,0,22,298,California
Plumas,2021-01-06,123,421,5,232,118,189,0,0,123,421,0,0,123,421,California
Plumas,2021-01-07,53,474,2,234,51,240,0,0,52,472,1,1,52,473,California
Plumas,2021-01-08,11,485,4,238,7,247,0,0,8,477,3,4,8,481,California
Plumas,2021-01-09,2,487,2,240,0,247,0,0,1,477,1,5,1,482,California
Plumas,2021-01-11,58,545,50,290,8,255,0,0,11,441,47,52,11,493,California
Plumas,2021-01-12,155,700,86,376,69,324,0,0,71,428,84,136,71,564,California
Plumas,2021-01-13,55,755,50,426,5,329,0,0,9,391,46,182,9,573,California
Plumas,2021-01-14,98,853,14,440,84,413,0,0,93,479,5,187,93,666,California
Plumas,2021-01-15,62,915,7,447,55,468,0,0,60,537,2,189,60,726,California
Plumas,2021-01-16,58,973,1,448,57,525,0,0,58,595,0,189,58,784,California
Plumas,2021-01-18,2,975,1,449,1,526,0,0,2,597,0,189,2,786,California
Plumas,2021-01-19,36,1011,5,454,31,557,0,0,32,625,4,193,32,818,California
Plumas,2021-01-20,121,1132,3,457,118,675,0,0,119,742,2,195,119,937,California
Plumas,2021-01-21,112,1244,2,459,110,785,0,0,112,854,0,195,112,1049,California
Plumas,2021-01-22,5,1249,1,460,4,789,0,0,5,859,0,195,5,1054,California
Plumas,2021-01-23,93,1342,2,462,91,880,0,0,93,952,0,195,93,1147,California
Plumas,2021-01-24,1,1343,1,463,0,880,0,0,1,953,0,195,1,1148,California
Plumas,2021-01-25,10,1353,7,470,3,883,0,0,7,957,3,198,7,1155,California
Plumas,2021-01-26,59,1412,2,472,57,940,0,0,51,1000,8,206,51,1206,California
Plumas,2021-01-27,26,1438,20,492,6,946,0,0,6,986,20,226,6,1212,California
Plumas,2021-01-28,24,1462,0,492,24,970,0,0,22,1006,2,228,22,1234,California
Plumas,2021-01-29,9,1471,3,495,6,976,0,0,8,1013,1,229,8,1242,California
Plumas,2021-01-30,11,1482,4,499,7,983,0,0,9,1020,2,231,9,1251,California
Plumas,2021-01-31,3,1485,3,502,0,983,0,0,3,1023,0,231,3,1254,California
Plumas,2021-02-01,20,1505,3,505,17,1000,0,0,12,1027,8,239,12,1266,California
Plumas,2021-02-02,24,1529,4,509,20,1020,0,0,4,1011,20,259,4,1270,California
Plumas,2021-02-03,129,1658,8,517,121,1141,0,0,14,911,114,373,14,1284,California
Plumas,2021-02-04,102,1760,8,525,94,1235,0,0,23,855,79,452,23,1307,California
Plumas,2021-02-05,24,1784,11,536,13,1248,0,0,9,849,15,467,9,1316,California
Plumas,2021-02-06,8,1792,1,537,7,1255,0,0,8,857,0,467,8,1324,California
Plumas,2021-02-08,16,1808,7,544,9,1264,0,0,4,849,12,479,4,1328,California
Plumas,2021-02-09,172,1980,2,546,170,1434,0,0,112,901,60,539,112,1440,California
Plumas,2021-02-10,87,2067,9,555,78,1512,0,0,79,973,8,547,80,1520,California
Plumas,2021-02-11,320,2387,6,561,314,1826,0,0,261,1175,59,606,261,1781,California
Plumas,2021-02-12,124,2511,4,565,120,1946,0,0,119,1289,5,611,119,1900,California
Plumas,2021-02-13,75,2586,5,570,70,2016,0,0,15,1244,60,671,15,1915,California
Plumas,2021-02-14,8,2594,5,575,3,2019,0,0,8,1252,0,671,8,1923,California
Plumas,2021-02-15,26,2620,5,580,21,2040,0,0,23,1272,3,674,23,1946,California
Plumas,2021-02-16,78,2698,4,584,74,2114,0,0,14,1222,64,738,14,1960,California
Plumas,2021-02-17,136,2834,5,589,131,2245,0,0,12,1110,124,862,12,1972,California
Plumas,2021-02-18,130,2964,6,595,124,2369,0,0,21,1023,109,971,22,1994,California
Plumas,2021-02-19,43,3007,6,601,37,2406,0,0,7,994,36,1007,7,2001,California
Plumas,2021-02-20,105,3112,7,608,98,2504,0,0,13,915,92,1099,13,2014,California
Plumas,2021-02-21,6,3118,5,613,1,2505,0,0,2,913,4,1103,2,2016,California
Plumas,2021-02-22,4,3122,2,615,2,2507,0,0,1,911,3,1106,1,2017,California
Plumas,2021-02-23,24,3146,5,620,19,2526,0,0,17,921,7,1113,17,2034,California
Plumas,2021-02-24,459,3605,8,628,451,2977,0,0,446,1354,13,1126,446,2480,California
Plumas,2021-02-25,234,3839,12,640,222,3199,0,0,169,1458,65,1191,169,2649,California
Plumas,2021-02-26,268,4107,9,649,259,3458,0,0,260,1711,8,1199,261,2910,California
Plumas,2021-02-27,41,4148,4,653,37,3495,0,0,34,1738,7,1206,34,2944,California
Plumas,2021-02-28,3,4151,0,653,3,3498,0,0,1,1737,2,1208,1,2945,California
Plumas,2021-03-01,21,4172,6,659,15,3513,0,0,12,1741,8,1216,12,2957,California
Plumas,2021-03-02,10,4182,0,659,10,3523,0,0,7,1746,2,1218,7,2964,California
Plumas,2021-03-03,155,4337,11,670,144,3667,0,0,138,1867,17,1235,138,3102,California
Plumas,2021-03-04,253,4590,9,679,244,3911,0,0,231,2076,22,1257,231,3333,California
Plumas,2021-03-05,399,4989,6,685,388,4299,5,5,388,2458,11,1268,393,3726,California
Plumas,2021-03-06,20,5009,2,687,10,4309,8,13,4,2454,16,1284,12,3738,California
Plumas,2021-03-07,13,5022,2,689,2,4311,9,22,3,2456,10,1294,12,3750,California
Plumas,2021-03-08,30,5052,3,692,3,4314,24,46,3,2457,27,1321,28,3778,California
Plumas,2021-03-09,133,5185,2,694,116,4430,15,61,18,2375,115,1436,33,3811,California
Plumas,2021-03-10,253,5438,3,697,236,4666,14,75,107,2351,145,1581,121,3932,California
Plumas,2021-03-11,177,5615,8,705,164,4830,5,80,142,2463,35,1616,147,4079,California
Plumas,2021-03-12,594,6209,4,709,303,5133,287,367,22,2200,572,2188,309,4388,California
Plumas,2021-03-13,28,6237,5,714,12,5145,11,378,7,2197,21,2209,18,4406,California
Plumas,2021-03-14,12,6249,3,717,4,5149,5,383,1,2193,10,2219,6,4412,California
Plumas,2021-03-15,32,6281,1,718,24,5173,7,390,6,2180,26,2245,13,4425,California
Plumas,2021-03-16,61,6342,3,721,57,5230,1,391,49,2219,11,2256,50,4475,California
Plumas,2021-03-17,76,6418,10,731,65,5295,1,392,59,2263,16,2272,60,4535,California
Plumas,2021-03-18,62,6480,7,738,39,5334,16,408,14,2245,48,2320,30,4565,California
Plumas,2021-03-19,165,6645,7,745,156,5490,2,410,155,2395,8,2328,158,4723,California
Plumas,2021-03-20,698,7343,4,749,693,6183,1,411,676,3052,20,2348,677,5400,California
Plumas,2021-03-21,2,7345,1,750,1,6184,0,411,1,3053,0,2348,1,5401,California
Plumas,2021-03-22,182,7527,2,752,180,6364,0,411,175,3221,7,2355,175,5576,California
Plumas,2021-03-23,28,7555,2,754,26,6390,0,411,14,3221,14,2369,14,5590,California
Plumas,2021-03-24,655,8210,6,760,648,7038,1,412,222,3013,432,2801,224,5814,California
Plumas,2021-03-25,307,8517,7,767,298,7336,2,414,163,3032,144,2945,163,5977,California
Plumas,2021-03-26,315,8832,9,776,306,7642,0,414,46,2810,268,3213,46,6023,California
Plumas,2021-03-27,13,8845,1,777,11,7653,1,415,3,2804,10,3223,4,6027,California
Plumas,2021-03-28,5,8850,3,780,1,7654,1,416,3,2806,2,3225,4,6031,California
Plumas,2021-03-29,12,8862,4,784,7,7661,1,417,4,2803,8,3233,5,6036,California
Plumas,2021-03-30,152,9014,3,787,148,7809,1,418,25,2702,127,3360,26,6062,California
Plumas,2021-03-31,296,9310,4,791,291,8100,1,419,271,2949,25,3385,272,6334,California
Plumas,2021-04-01,308,9618,12,803,295,8395,1,420,66,2776,239,3624,66,6400,California
Plumas,2021-04-02,377,9995,5,808,371,8766,1,421,31,2474,334,3958,32,6432,California
Plumas,2021-04-03,16,10011,3,811,5,8771,8,429,2,2470,14,3972,10,6442,California
Plumas,2021-04-04,3,10014,1,812,1,8772,1,430,0,2468,3,3975,1,6443,California
Plumas,2021-04-05,12,10026,4,816,7,8779,1,431,4,2466,7,3982,5,6448,California
Plumas,2021-04-06,120,10146,6,822,88,8867,26,457,13,2398,107,4089,39,6487,California
Plumas,2021-04-07,283,10429,8,830,99,8966,176,633,29,2349,254,4343,205,6692,California
Plumas,2021-04-08,150,10579,4,834,131,9097,15,648,35,2284,114,4457,49,6741,California
Plumas,2021-04-09,51,10630,10,844,24,9121,17,665,18,2285,33,4490,34,6775,California
Plumas,2021-04-10,25,10655,2,846,6,9127,17,682,5,2287,20,4510,22,6797,California
Plumas,2021-04-11,4,10659,3,849,0,9127,1,683,3,2290,1,4511,4,6801,California
Plumas,2021-04-12,13,10672,5,854,5,9132,3,686,7,2295,5,4516,10,6811,California
Plumas,2021-04-13,211,10883,5,859,206,9338,0,686,141,2366,70,4586,141,6952,California
Plumas,2021-04-14,111,10994,8,867,103,9441,0,686,56,2368,54,4640,56,7008,California
Plumas,2021-04-15,53,11047,2,869,51,9492,0,686,33,2382,19,4659,33,7041,California
Plumas,2021-04-16,142,11189,2,871,140,9632,0,686,2,2244,140,4799,2,7043,California
Plumas,2021-04-17,670,11859,2,873,668,10300,0,686,18,1613,649,5448,18,7061,California
Plumas,2021-04-18,4,11863,3,876,1,10301,0,686,1,1611,3,5451,1,7062,California
Plumas,2021-04-19,38,11901,3,879,35,10336,0,686,5,1583,33,5484,5,7067,California
Plumas,2021-04-20,42,11943,5,884,37,10373,0,686,26,1594,15,5499,26,7093,California
Plumas,2021-04-21,311,12254,5,889,305,10678,1,687,18,1319,293,5792,18,7111,California
Plumas,2021-04-22,273,12527,8,897,265,10943,0,687,125,1296,148,5940,125,7236,California
Plumas,2021-04-23,73,12600,6,903,67,11010,0,687,16,1255,57,5997,16,7252,California
Plumas,2021-04-24,171,12771,5,908,166,11176,0,687,144,1373,26,6023,144,7396,California
Plumas,2021-04-26,30,12801,4,912,26,11202,0,687,8,1360,21,6044,8,7404,California
Plumas,2021-04-27,90,12891,3,915,87,11289,0,687,53,1376,37,6081,53,7457,California
Plumas,2021-04-28,286,13177,4,919,282,11571,0,687,38,1168,246,6327,38,7495,California
Plumas,2021-04-29,172,13349,69,988,103,11674,0,687,118,1232,54,6381,118,7613,California
Plumas,2021-04-30,21,13370,10,998,11,11685,0,687,5,1221,16,6397,5,7618,California
Plumas,2021-05-01,7,13377,1,999,5,11690,1,688,1,1219,4,6401,2,7620,California
Plumas,2021-05-02,3,13380,3,1002,0,11690,0,688,1,1218,2,6403,1,7621,California
Plumas,2021-05-03,20,13400,7,1009,7,11697,6,694,6,1218,12,6415,12,7633,California
Plumas,2021-05-04,32,13432,5,1014,21,11718,6,700,19,1231,12,6427,25,7658,California
Plumas,2021-05-05,49,13481,6,1020,42,11760,1,701,22,1227,27,6454,23,7681,California
Plumas,2021-05-06,57,13538,2,1022,50,11810,5,706,15,1205,42,6496,20,7701,California
Plumas,2021-05-07,22,13560,5,1027,16,11826,1,707,8,1200,14,6510,9,7710,California
Plumas,2021-05-08,6,13566,0,1027,4,11830,2,709,4,1204,2,6512,6,7716,California
Plumas,2021-05-10,51,13617,1,1028,27,11857,23,732,23,1222,28,6540,46,7762,California
Plumas,2021-05-11,163,13780,3,1031,141,11998,19,751,12,1102,151,6691,31,7793,California
Plumas,2021-05-12,99,13879,2,1033,89,12087,8,759,37,1086,61,6752,45,7838,California
Plumas,2021-05-13,34,13913,3,1036,29,12116,2,761,12,1078,22,6774,14,7852,California
Plumas,2021-05-14,20,13933,4,1040,11,12127,5,766,10,1083,10,6784,15,7867,California
Plumas,2021-05-15,10,13943,4,1044,4,12131,2,768,4,1083,6,6790,6,7873,California
Plumas,2021-05-16,2,13945,1,1045,1,12132,0,768,1,1083,1,6791,1,7874,California
Plumas,2021-05-17,13,13958,0,1045,4,12136,9,777,4,1087,9,6800,13,7887,California
Plumas,2021-05-18,42,14000,7,1052,34,12170,1,778,22,1090,20,6820,23,7910,California
Plumas,2021-05-19,47,14047,3,1055,30,12200,14,792,12,1082,35,6855,27,7937,California
Plumas,2021-05-20,189,14236,136,1191,42,12242,11,803,79,1064,108,6963,90,8027,California
Plumas,2021-05-21,28,14264,7,1198,14,12256,7,810,13,1069,15,6978,20,8047,California
Plumas,2021-05-22,136,14400,1,1199,135,12391,0,810,6,947,128,7106,6,8053,California
Plumas,2021-05-23,1,14401,1,1200,0,12391,0,810,0,946,1,7107,0,8053,California
Plumas,2021-05-24,51,14452,37,1237,13,12404,1,811,41,979,9,7116,42,8095,California
Plumas,2021-05-25,65,14517,3,1240,61,12465,1,812,14,943,51,7167,15,8110,California
Plumas,2021-05-26,41,14558,7,1247,27,12492,7,819,17,944,23,7190,24,8134,California
Plumas,2021-05-27,99,14657,25,1272,61,12553,13,832,40,939,58,7248,53,8187,California
Plumas,2021-05-28,43,14700,15,1287,26,12579,2,834,23,945,19,7267,25,8212,California
Plumas,2021-05-29,8,14708,0,1287,8,12587,0,834,6,950,2,7269,7,8219,California
Plumas,2021-05-30,1,14709,0,1287,1,12588,0,834,0,950,0,7269,0,8219,California
Plumas,2021-05-31,7,14716,0,1287,4,12592,3,837,0,948,5,7274,3,8222,California
Plumas,2021-06-01,32,14748,7,1294,20,12612,5,842,9,940,23,7297,15,8237,California
Plumas,2021-06-02,57,14805,6,1300,31,12643,20,862,10,923,47,7344,30,8267,California
Plumas,2021-06-03,59,14864,17,1317,33,12676,9,871,27,927,32,7376,36,8303,California
Plumas,2021-06-04,15,14879,3,1320,11,12687,1,872,8,931,5,7381,9,8312,California
Plumas,2021-06-05,7,14886,3,1323,4,12691,0,872,2,928,5,7386,2,8314,California
Plumas,2021-06-06,2,14888,1,1324,1,12692,0,872,0,926,2,7388,0,8314,California
Plumas,2021-06-07,37,14925,5,1329,25,12717,7,879,9,914,28,7416,16,8330,California
Plumas,2021-06-08,28,14953,9,1338,17,12734,2,881,6,900,22,7438,8,8338,California
Plumas,2021-06-09,42,14995,5,1343,34,12768,3,884,9,879,33,7471,12,8350,California
Plumas,2021-06-10,32,15027,15,1358,13,12781,4,888,10,871,22,7493,14,8364,California
Plumas,2021-06-11,24,15051,13,1371,9,12790,2,890,8,865,16,7509,10,8374,California
Plumas,2021-06-12,10,15061,2,1373,7,12797,1,891,5,866,5,7514,6,8380,California
Plumas,2021-06-13,3,15064,1,1374,2,12799,0,891,3,869,0,7514,3,8383,California
Plumas,2021-06-14,97,15161,88,1462,6,12805,3,894,13,801,84,7598,16,8399,California
Plumas,2021-06-15,27,15188,7,1469,18,12823,2,896,9,794,18,7616,11,8410,California
Plumas,2021-06-16,33,15221,11,1480,13,12836,9,905,9,788,24,7640,18,8428,California
Plumas,2021-06-17,49,15270,30,1510,15,12851,4,909,11,766,37,7677,15,8443,California
Plumas,2021-06-18,39,15309,18,1528,14,12865,7,916,13,760,26,7703,20,8463,California
Plumas,2021-06-19,9,15318,2,1530,7,12872,0,916,2,755,7,7710,2,8465,California
Plumas,2021-06-21,9,15327,4,1534,4,12876,1,917,5,757,4,7714,6,8471,California
Plumas,2021-06-22,28,15355,11,1545,15,12891,2,919,9,749,19,7733,11,8482,California
Plumas,2021-06-23,26,15381,15,1560,9,12900,2,921,15,755,11,7744,17,8499,California
Plumas,2021-06-24,29,15410,18,1578,8,12908,3,924,14,757,14,7758,16,8515,California
Plumas,2021-06-25,20,15430,7,1585,11,12919,2,926,6,753,12,7770,8,8523,California
Plumas,2021-06-26,13,15443,4,1589,8,12927,1,927,3,747,10,7780,4,8527,California
Plumas,2021-06-28,9,15452,4,1593,1,12928,4,931,2,746,7,7787,6,8533,California
Riverside,2020-12-15,7,7,7,7,0,0,0,0,7,7,0,0,7,7,California
Riverside,2020-12-16,96,103,96,103,0,0,0,0,96,103,0,0,96,103,California
Riverside,2020-12-17,834,937,834,937,0,0,0,0,834,937,0,0,834,937,California
Riverside,2020-12-18,1777,2714,1776,2713,1,1,0,0,1777,2714,0,0,1777,2714,California
Riverside,2020-12-19,1056,3770,1053,3766,3,4,0,0,1054,3767,1,1,1054,3768,California
Riverside,2020-12-20,1114,4884,1113,4879,1,5,0,0,1114,4881,0,1,1114,4882,California
Riverside,2020-12-21,2340,7224,2338,7217,2,7,0,0,2340,7221,0,1,2340,7222,California
Riverside,2020-12-22,2294,9518,2247,9464,47,54,0,0,2293,9514,0,1,2293,9515,California
Riverside,2020-12-23,2165,11683,1821,11285,344,398,0,0,2166,11680,0,1,2166,11681,California
Riverside,2020-12-24,857,12540,653,11938,204,602,0,0,857,12537,0,1,857,12538,California
Riverside,2020-12-25,41,12581,18,11956,23,625,0,0,40,12577,0,1,40,12578,California
Riverside,2020-12-26,490,13071,270,12226,220,845,0,0,490,13067,0,1,490,13068,California
Riverside,2020-12-27,398,13469,268,12494,130,975,0,0,397,13463,1,2,397,13465,California
Riverside,2020-12-28,1717,15186,1197,13691,520,1495,0,0,1717,15180,0,2,1717,15182,California
Riverside,2020-12-29,1809,16995,1026,14717,783,2278,0,0,1809,16989,0,2,1809,16991,California
Riverside,2020-12-30,2649,19644,1724,16441,925,3203,0,0,2647,19635,1,3,2647,19638,California
Riverside,2020-12-31,1080,20724,422,16863,658,3861,0,0,1081,20715,1,4,1081,20719,California
Riverside,2021-01-01,132,20856,58,16921,74,3935,0,0,132,20847,0,4,132,20851,California
Riverside,2021-01-02,895,21751,707,17628,188,4123,0,0,895,21742,0,4,895,21746,California
Riverside,2021-01-03,359,22110,305,17933,54,4177,0,0,358,22100,0,4,358,22104,California
Riverside,2021-01-04,1303,23413,809,18742,494,4671,0,0,1302,23402,0,4,1302,23406,California
Riverside,2021-01-05,2060,25473,1415,20157,645,5316,0,0,1936,25221,117,121,1936,25342,California
Riverside,2021-01-06,2596,28069,1158,21315,1438,6754,0,0,2255,27141,335,456,2255,27597,California
Riverside,2021-01-07,2884,30953,1885,23200,999,7753,0,0,1771,27808,1106,1562,1773,29370,California
Riverside,2021-01-08,4119,35072,2975,26175,1144,8897,0,0,2264,28222,1850,3412,2264,31634,California
Riverside,2021-01-09,2138,37210,877,27052,1261,10158,0,0,1760,29606,376,3788,1760,33394,California
Riverside,2021-01-10,1698,38908,749,27801,949,11107,0,0,1083,30074,615,4403,1083,34477,California
Riverside,2021-01-11,4618,43526,3156,30957,1462,12569,0,0,2841,31140,1775,6178,2841,37318,California
Riverside,2021-01-12,3520,47046,2780,33737,740,13309,0,0,1807,31242,1708,7886,1810,39128,California
Riverside,2021-01-13,4591,51637,3007,36744,1584,14893,0,0,2946,32547,1641,9527,2946,42074,California
Riverside,2021-01-14,5796,57433,2069,38813,3727,18620,0,0,5165,37085,629,10156,5167,47241,California
Riverside,2021-01-15,6282,63715,2105,40918,4177,22797,0,0,5947,42700,333,10489,5948,53189,California
Riverside,2021-01-16,3722,67437,1034,41952,2688,25485,0,0,3460,45899,262,10751,3461,56650,California
Riverside,2021-01-17,3662,71099,603,42555,3059,28544,0,0,3453,49145,207,10958,3453,60103,California
Riverside,2021-01-18,3863,74962,2105,44660,1758,30302,0,0,2814,50911,1049,12007,2815,62918,California
Riverside,2021-01-19,7536,82498,2684,47344,4852,35154,0,0,6390,56160,1146,13153,6395,69313,California
Riverside,2021-01-20,8475,90973,3271,50615,5204,40358,0,0,6799,61302,1663,14816,6805,76118,California
Riverside,2021-01-21,8567,99540,3581,54196,4986,45344,0,0,7861,68457,707,15523,7862,83980,California
Riverside,2021-01-22,8966,108506,3060,57256,5906,51250,0,0,8490,76475,474,15997,8492,92472,California
Riverside,2021-01-23,6072,114578,2357,59613,3715,54965,0,0,5263,80931,808,16805,5264,97736,California
Riverside,2021-01-24,3120,117698,1437,61050,1683,56648,0,0,2894,83604,222,17027,2895,100631,California
Riverside,2021-01-25,8030,125728,4593,65643,3437,60085,0,0,6862,89303,1165,18192,6864,107495,California
Riverside,2021-01-26,9230,134958,5717,71360,3513,63598,0,0,7698,95473,1529,19721,7699,115194,California
Riverside,2021-01-27,11120,146078,6421,77781,4699,68297,0,0,9479,103320,1635,21356,9482,124676,California
Riverside,2021-01-28,11742,157820,6828,84609,4914,73211,0,0,10540,112669,1194,22550,10543,135219,California
Riverside,2021-01-29,12105,169925,7312,91921,4793,78004,0,0,10706,122005,1375,23925,10711,145930,California
Riverside,2021-01-30,9196,179121,4626,96547,4570,82574,0,0,8689,130195,500,24425,8690,154620,California
Riverside,2021-01-31,5193,184314,4226,100773,967,83541,0,0,5050,135110,140,24565,5055,159675,California
Riverside,2021-02-01,11259,195573,6929,107702,4330,87871,0,0,9236,142336,2014,26579,9240,168915,California
Riverside,2021-02-02,9682,205255,4880,112582,4802,92673,0,0,8168,149008,1502,28081,8174,177089,California
Riverside,2021-02-03,12448,217703,5212,117794,7236,99909,0,0,9988,156551,2450,30531,9993,187082,California
Riverside,2021-02-04,13768,231471,6064,123858,7704,107613,0,0,11602,166003,2157,32688,11609,198691,California
Riverside,2021-02-05,14662,246133,5547,129405,9115,116728,0,0,11420,174198,3233,35921,11428,210119,California
Riverside,2021-02-06,7350,253483,4275,133680,3075,119803,0,0,5685,178231,1656,37577,5689,215808,California
Riverside,2021-02-07,2225,255708,811,134491,1414,121217,0,0,1885,179785,338,37915,1892,217700,California
Riverside,2021-02-08,12605,268313,5591,140082,7014,128231,0,0,10215,187641,2373,40288,10229,227929,California
Riverside,2021-02-09,9818,278131,4567,144649,5251,133482,0,0,7787,193428,2021,42309,7808,235737,California
Riverside,2021-02-10,12270,290401,7018,151667,5252,138734,0,0,8961,199112,3296,45605,8980,244717,California
Riverside,2021-02-11,16889,307290,9102,160769,7787,146521,0,0,12212,206706,4655,50260,12249,256966,California
Riverside,2021-02-12,18053,325343,10932,171701,7121,153642,0,0,12946,214618,5062,55322,12974,269940,California
Riverside,2021-02-13,6438,331781,2169,173870,4269,157911,0,0,3116,214461,3304,58626,3147,273087,California
Riverside,2021-02-14,5037,336818,1183,175053,3854,161765,0,0,2260,213962,2772,61398,2273,275360,California
Riverside,2021-02-15,10021,346839,5121,180174,4900,166665,0,0,5527,215022,4484,65882,5544,280904,California
Riverside,2021-02-16,16367,363206,10230,190404,6137,172802,0,0,9403,217498,6954,72836,9430,290334,California
Riverside,2021-02-17,15354,378560,8410,198814,6944,179746,0,0,7613,217444,7722,80558,7668,298002,California
Riverside,2021-02-18,15790,394350,9067,207881,6723,186469,0,0,8100,217931,7656,88214,8143,306145,California
Riverside,2021-02-19,15553,409903,8334,216215,7219,193688,0,0,7321,217081,8199,96413,7349,313494,California
Riverside,2021-02-20,8490,418393,4559,220774,3931,197619,0,0,2252,213132,6211,102624,2262,315756,California
Riverside,2021-02-21,4442,422835,3923,224697,519,198138,0,0,1266,211254,3155,105779,1277,317033,California
Riverside,2021-02-22,12493,435328,7854,232551,4639,202777,0,0,5166,209120,7311,113090,5177,322210,California
Riverside,2021-02-23,11425,446753,7753,240304,3672,206449,0,0,5563,208882,5831,118921,5593,327803,California
Riverside,2021-02-24,14954,461707,8136,248440,6818,213267,0,0,6346,206717,8567,127488,6402,334205,California
Riverside,2021-02-25,17619,479326,7496,255936,10123,223390,0,0,8158,205514,9431,136919,8228,342433,California
Riverside,2021-02-26,18951,498277,6849,262785,12102,235492,0,0,9447,205586,9442,146361,9514,351947,California
Riverside,2021-02-27,12195,510472,5645,268430,6550,242042,0,0,5804,205088,6359,152720,5861,357808,California
Riverside,2021-02-28,5000,515472,3289,271719,1711,243753,0,0,2483,205099,2503,155223,2514,360322,California
Riverside,2021-03-01,14502,529974,6180,277899,8316,252069,6,6,8520,207740,5938,161161,8579,368901,California
Riverside,2021-03-02,15546,545520,7597,285496,7948,260017,1,7,9092,210456,6429,167590,9145,378046,California
Riverside,2021-03-03,17268,562788,8551,294047,8717,268734,0,7,7522,208444,9694,177284,7682,385728,California
Riverside,2021-03-04,19014,581802,7562,301609,11447,280181,5,12,9054,207786,9913,187197,9255,394983,California
Riverside,2021-03-05,19142,600944,7698,309307,11398,291579,46,58,9449,207958,9642,196839,9814,404797,California
Riverside,2021-03-06,9638,610582,5105,314412,4051,295630,482,540,4779,208422,4845,201684,5309,410106,California
Riverside,2021-03-07,4327,614909,2793,317205,1143,296773,391,931,2025,208580,2291,203975,2449,412555,California
Riverside,2021-03-08,12132,627041,4834,322039,6887,303660,411,1342,5408,207778,6701,210676,5899,418454,California
Riverside,2021-03-09,15001,642042,7015,329054,7477,311137,509,1851,5948,205359,9030,219706,6611,425065,California
Riverside,2021-03-10,16152,658194,8669,337723,6550,317687,933,2784,6260,202891,9846,229552,7378,432443,California
Riverside,2021-03-11,19586,677780,9590,347313,8125,325812,1871,4655,7646,200736,11900,241452,9745,442188,California
Riverside,2021-03-12,21365,699145,8004,355317,8602,334414,4759,9414,7078,198663,14245,255697,12172,454360,California
Riverside,2021-03-13,8619,707764,2580,357897,4810,339224,1229,10643,4391,200185,4203,259900,5725,460085,California
Riverside,2021-03-14,4838,712602,1661,359558,1802,341026,1375,12018,2120,200985,2703,262603,3503,463588,California
Riverside,2021-03-15,18806,731408,7924,367482,9210,350236,1672,13690,9192,202404,9563,272166,10982,474570,California
Riverside,2021-03-16,21129,752537,10287,377769,10027,360263,815,14505,11448,205139,9642,281808,12377,486947,California
Riverside,2021-03-17,21573,774110,11075,388844,9437,369700,1061,15566,12893,210530,8633,290441,14024,500971,California
Riverside,2021-03-18,22941,797051,11993,400837,9273,378973,1675,17241,12659,214655,10226,300667,14351,515322,California
Riverside,2021-03-19,24311,821362,12770,413607,10567,389540,974,18215,14148,220044,10103,310770,15492,530814,California
Riverside,2021-03-20,10873,832235,6942,420549,2725,392265,1206,19421,6927,224280,3910,314680,8146,538960,California
Riverside,2021-03-21,3922,836157,3029,423578,615,392880,278,19699,2604,225870,1298,315978,2888,541848,California
Riverside,2021-03-22,16795,852952,10014,433592,6227,399107,554,20253,10654,230999,6081,322059,11210,553058,California
Riverside,2021-03-23,18776,871728,10607,444199,7746,406853,423,20676,11980,236694,6734,328793,12429,565487,California
Riverside,2021-03-24,18889,890617,10523,454722,8244,415097,122,20798,12910,243824,5927,334720,13057,578544,California
Riverside,2021-03-25,21287,911904,11731,466453,9369,424466,187,20985,14185,251187,7026,341746,14389,592933,California
Riverside,2021-03-26,24288,936192,11996,478449,12119,436585,173,21158,15060,257317,9119,350865,15249,608182,California
Riverside,2021-03-27,9390,945582,4909,483358,3427,440012,1054,22212,4841,258697,4521,355386,5901,614083,California
Riverside,2021-03-28,4811,950393,3154,486512,1563,441575,94,22306,2857,259710,1941,357327,2954,617037,California
Riverside,2021-03-29,17736,968129,8474,494986,9137,450712,125,22431,10952,264071,6737,364064,11098,628135,California
Riverside,2021-03-30,18450,986579,9606,504592,8634,459346,210,22641,11732,269344,6674,370738,11947,640082,California
Riverside,2021-03-31,18254,1004833,8484,513076,9444,468790,326,22967,11395,274270,6807,377545,11733,651815,California
Riverside,2021-04-01,25721,1030554,12559,525635,12360,481150,802,23769,16512,282458,9130,386675,17318,669133,California
Riverside,2021-04-02,26273,1056827,14118,539753,11170,492320,985,24754,16410,290278,9799,396474,17619,686752,California
Riverside,2021-04-03,9460,1066287,5997,545750,2849,495169,614,25368,6083,293617,3357,399831,6696,693448,California
Riverside,2021-04-04,3440,1069727,2079,547829,1094,496263,267,25635,1719,293896,1709,401540,1988,695436,California
Riverside,2021-04-05,18622,1088349,9505,557334,7236,503499,1881,27516,9988,297182,8590,410130,11876,707312,California
Riverside,2021-04-06,23930,1112279,12435,569769,9322,512821,2173,29689,13334,302137,10544,420674,15499,722811,California
Riverside,2021-04-07,25057,1137336,13478,583247,9040,521861,2539,32228,13923,307517,11082,431756,16462,739273,California
Riverside,2021-04-08,27649,1164985,15256,598503,9361,531222,3032,35260,16840,316638,10737,442493,19858,759131,California
Riverside,2021-04-09,26527,1191512,15579,614082,8431,539653,2517,37777,16133,324978,10342,452835,18682,777813,California
Riverside,2021-04-10,12159,1203671,6810,620892,3926,543579,1423,39200,5327,324936,6787,459622,6745,784558,California
Riverside,2021-04-11,4699,1208370,2793,623685,1264,544843,642,39842,2202,325301,2484,462106,2849,787407,California
Riverside,2021-04-12,20294,1228664,9041,632726,8591,553434,2662,42504,10150,328015,10104,472210,12818,800225,California
Riverside,2021-04-13,20264,1248928,11340,644066,8896,562330,28,42532,11606,331041,8616,480826,11642,811867,California
Riverside,2021-04-14,22497,1271425,12409,656475,10073,572403,15,42547,11022,330695,11405,492231,11059,822926,California
Riverside,2021-04-15,22287,1293712,12618,669093,9661,582064,8,42555,11772,332045,10441,502672,11791,834717,California
Riverside,2021-04-16,25414,1319126,14678,683771,10730,592794,6,42561,11821,330351,13534,516206,11840,846557,California
Riverside,2021-04-17,10009,1329135,6602,690373,3407,596201,0,42561,5035,330448,4948,521154,5045,851602,California
Riverside,2021-04-18,4215,1333350,3138,693511,1070,597271,7,42568,1958,330183,2239,523393,1974,853576,California
Riverside,2021-04-19,19763,1353113,11742,705253,8018,605289,3,42571,7110,324708,12601,535994,7126,860702,California
Riverside,2021-04-20,19571,1372684,10546,715799,9016,614305,9,42580,7987,321177,11534,547528,8003,868705,California
Riverside,2021-04-21,20883,1393567,12350,728149,8523,622828,10,42590,8402,317193,12406,559934,8422,877127,California
Riverside,2021-04-22,23887,1417454,14110,742259,9773,632601,4,42594,8938,311269,14877,574811,8953,886080,California
Riverside,2021-04-23,23841,1441295,14166,756425,9661,642262,14,42608,9349,306223,14431,589242,9385,895465,California
Riverside,2021-04-24,10540,1451835,7326,763751,3205,645467,9,42617,4830,305393,5672,594914,4842,900307,California
Riverside,2021-04-25,4258,1456093,2828,766579,1423,646890,7,42624,2201,305564,2039,596953,2210,902517,California
Riverside,2021-04-26,17390,1473483,10941,777520,6390,653280,59,42683,5929,300153,11415,608368,6004,908521,California
Riverside,2021-04-27,18619,1492102,10701,788221,7712,660992,206,42889,6493,294781,12079,620447,6707,915228,California
Riverside,2021-04-28,16915,1509017,9227,797448,7423,668415,265,43154,5750,289704,11102,631549,6025,921253,California
Riverside,2021-04-29,19141,1528158,11812,809260,6978,675393,351,43505,5569,282121,13502,645051,5919,927172,California
Riverside,2021-04-30,20324,1548482,11853,821113,8083,683476,388,43893,6656,275554,13612,658663,7045,934217,California
Riverside,2021-05-01,6884,1555366,4939,826052,1761,685237,184,44077,2362,273608,4493,663156,2547,936764,California
Riverside,2021-05-02,3389,1558755,2214,828266,966,686203,209,44286,1086,272625,2285,665441,1302,938066,California
Riverside,2021-05-03,18064,1576819,11088,839354,6479,692682,497,44783,4172,263467,13825,679266,4667,942733,California
Riverside,2021-05-04,17761,1594580,11380,850734,5917,698599,464,45247,5006,256264,12685,691951,5482,948215,California
Riverside,2021-05-05,16363,1610943,9438,860172,6551,705150,374,45621,4729,249815,11573,703524,5124,953339,California
Riverside,2021-05-06,18351,1629294,10446,870618,7489,712639,416,46037,4705,241409,13566,717090,5160,958499,California
Riverside,2021-05-07,20770,1650064,11876,882494,8448,721087,446,46483,5527,232225,15160,732250,5976,964475,California
Riverside,2021-05-08,7096,1657160,4723,887217,2110,723197,263,46746,2649,230733,4412,736662,2920,967395,California
Riverside,2021-05-09,2495,1659655,1697,888914,645,723842,153,46899,925,230258,1561,738223,1086,968481,California
Riverside,2021-05-10,10148,1669803,5206,894120,4548,728390,394,47293,2867,226293,7231,745454,3266,971747,California
Riverside,2021-05-11,14343,1684146,8749,902869,5067,733457,527,47820,4011,220597,10250,755704,4554,976301,California
Riverside,2021-05-12,13063,1697209,6722,909591,6008,739465,333,48153,3934,215789,9075,764779,4267,980568,California
Riverside,2021-05-13,15246,1712455,9327,918918,5637,745102,282,48435,5408,211707,9785,774564,5703,986271,California
Riverside,2021-05-14,18235,1730690,11553,930471,5886,750988,796,49231,7094,208530,11066,785630,7889,994160,California
Riverside,2021-05-15,9879,1740569,7118,937589,2364,753352,397,49628,5082,209241,4768,790398,5479,999639,California
Riverside,2021-05-16,3714,1744283,2755,940344,841,754193,118,49746,1863,209383,1837,792235,1979,1001618,California
Riverside,2021-05-17,11813,1756096,7599,947943,3859,758052,355,50101,5086,208133,6695,798930,5445,1007063,California
Riverside,2021-05-18,15256,1771352,9475,957418,5422,763474,359,50460,6160,205604,9049,807979,6520,1013583,California
Riverside,2021-05-19,12235,1783587,7737,965155,4253,767727,245,50705,5900,205470,6283,814262,6149,1019732,California
Riverside,2021-05-20,11922,1795509,7483,972638,4180,771907,259,50964,5297,204454,6576,820838,5560,1025292,California
Riverside,2021-05-21,14472,1809981,8916,981554,5232,777139,324,51288,6056,202488,8348,829186,6382,1031674,California
Riverside,2021-05-22,7215,1817196,4881,986435,2137,779276,197,51485,3854,203217,3324,832510,4053,1035727,California
Riverside,2021-05-23,2749,1819945,1836,988271,836,780112,77,51562,1288,203135,1446,833956,1364,1037091,California
Riverside,2021-05-24,8884,1828829,5813,994084,2759,782871,312,51874,3966,202531,4883,838839,4279,1041370,California
Riverside,2021-05-25,9736,1838565,5796,999880,3668,786539,272,52146,3878,200867,5818,844657,4154,1045524,California
Riverside,2021-05-26,8932,1847497,5533,1005413,3067,789606,332,52478,3902,200127,4979,849636,4239,1049763,California
Riverside,2021-05-27,8560,1856057,5123,1010536,3200,792806,237,52715,3874,199607,4635,854271,4115,1053878,California
Riverside,2021-05-28,10775,1866832,6521,1017057,3940,796746,314,53029,4963,199141,5750,860021,5284,1059162,California
Riverside,2021-05-29,5037,1871869,3431,1020488,1482,798228,124,53153,2807,199865,2209,862230,2933,1062095,California
Riverside,2021-05-30,1966,1873835,1418,1021906,480,798708,68,53221,1015,200005,943,863173,1083,1063178,California
Riverside,2021-05-31,880,1874715,501,1022407,346,799054,33,53254,338,199839,537,863710,371,1063549,California
Riverside,2021-06-01,9172,1883887,5662,1028069,3272,802326,238,53492,3441,197838,5679,869389,3678,1067227,California
Riverside,2021-06-02,7135,1891022,4347,1032416,2510,804836,278,53770,2738,196503,4353,873742,3018,1070245,California
Riverside,2021-06-03,7960,1898982,5298,1037714,2391,807227,271,54041,2728,194307,5191,878933,2995,1073240,California
Riverside,2021-06-04,10722,1909704,7636,1045350,2826,810053,260,54301,3714,191327,6956,885889,3976,1077216,California
Riverside,2021-06-05,6939,1916643,5121,1050471,1271,811324,547,54848,2169,189300,4746,890635,2719,1079935,California
Riverside,2021-06-06,2200,1918843,1869,1052340,280,811604,51,54899,675,188509,1518,892153,727,1080662,California
Riverside,2021-06-07,6906,1925749,5230,1057570,1445,813049,231,55130,2256,186377,4620,896773,2488,1083150,California
Riverside,2021-06-08,9063,1934812,6570,1064140,2219,815268,274,55404,2958,183562,6049,902822,3234,1086384,California
Riverside,2021-06-09,7726,1942538,5628,1069768,1803,817071,295,55699,2347,180869,5333,908155,2640,1089024,California
Riverside,2021-06-10,7578,1950116,5343,1075111,2000,819071,235,55934,2362,178281,5189,913344,2601,1091625,California
Riverside,2021-06-11,8876,1958992,6014,1081125,2569,821640,293,56227,2994,175747,5821,919165,3287,1094912,California
Riverside,2021-06-12,5329,1964321,3941,1085066,1260,822900,128,56355,1661,173905,3637,922802,1795,1096707,California
Riverside,2021-06-13,1790,1966111,1330,1086396,416,823316,44,56399,496,173163,1282,924084,540,1097247,California
Riverside,2021-06-14,6352,1972463,4546,1090942,1497,824813,309,56708,2076,171304,4240,928324,2381,1099628,California
Riverside,2021-06-15,7111,1979574,4861,1095803,1941,826754,309,57017,2682,169919,4381,932705,2996,1102624,California
Riverside,2021-06-16,6839,1986413,4725,1100528,1806,828560,308,57325,2433,168296,4363,937068,2740,1105364,California
Riverside,2021-06-17,6502,1992915,4586,1105114,1677,830237,239,57564,2495,167062,3974,941042,2740,1108104,California
Riverside,2021-06-18,8222,2001137,5958,1111072,1990,832227,274,57838,3396,165958,4779,945821,3675,1111779,California
Riverside,2021-06-19,4278,2005415,3283,1114355,839,833066,156,57994,1785,165437,2465,948286,1944,1113723,California
Riverside,2021-06-20,1503,2006918,1143,1115498,324,833390,36,58030,576,165134,916,949202,613,1114336,California
Riverside,2021-06-21,4255,2011173,2826,1118324,1159,834549,270,58300,2212,165592,2024,951226,2482,1116818,California
Riverside,2021-06-22,6304,2017477,4465,1122789,1590,836139,249,58549,2703,164987,3562,954788,2957,1119775,California
Riverside,2021-06-23,5474,2022951,3882,1126671,1340,837479,252,58801,2557,164914,2882,957670,2809,1122584,California
Riverside,2021-06-24,5301,2028252,3634,1130305,1437,838916,230,59031,2342,164564,2923,960593,2573,1125157,California
Riverside,2021-06-25,6756,2035008,4893,1135198,1594,840510,269,59300,2956,164025,3768,964361,3229,1128386,California
Riverside,2021-06-26,3776,2038784,2921,1138119,738,841248,117,59417,1739,163867,2015,966376,1857,1130243,California
Riverside,2021-06-27,1487,2040271,1196,1139315,246,841494,45,59462,684,163804,792,967168,729,1130972,California
Riverside,2021-06-28,3042,2043313,2257,1141572,632,842126,153,59615,1360,163656,1663,968831,1515,1132487,California
Sacramento,2020-12-15,315,315,315,315,0,0,0,0,315,315,0,0,315,315,California
Sacramento,2020-12-16,646,961,646,961,0,0,0,0,646,961,0,0,646,961,California
Sacramento,2020-12-17,704,1665,704,1665,0,0,0,0,704,1665,0,0,704,1665,California
Sacramento,2020-12-18,1114,2779,1114,2779,0,0,0,0,1115,2780,0,0,1115,2780,California
Sacramento,2020-12-19,613,3392,613,3392,0,0,0,0,613,3393,0,0,613,3393,California
Sacramento,2020-12-20,632,4024,632,4024,0,0,0,0,632,4025,0,0,632,4025,California
Sacramento,2020-12-21,1676,5700,1676,5700,0,0,0,0,1677,5702,0,0,1677,5702,California
Sacramento,2020-12-22,2111,7811,2075,7775,36,36,0,0,2111,7813,0,0,2111,7813,California
Sacramento,2020-12-23,2266,10077,2092,9867,174,210,0,0,2266,10079,0,0,2266,10079,California
Sacramento,2020-12-24,1044,11121,832,10699,212,422,0,0,1044,11123,0,0,1044,11123,California
Sacramento,2020-12-25,2,11123,1,10700,1,423,0,0,2,11125,0,0,2,11125,California
Sacramento,2020-12-26,511,11634,292,10992,219,642,0,0,511,11636,0,0,511,11636,California
Sacramento,2020-12-27,357,11991,251,11243,106,748,0,0,357,11993,0,0,357,11993,California
Sacramento,2020-12-28,1930,13921,1342,12585,588,1336,0,0,1929,13921,1,1,1929,13922,California
Sacramento,2020-12-29,1974,15895,1203,13788,771,2107,0,0,1974,15895,0,1,1974,15896,California
Sacramento,2020-12-30,2563,18458,1458,15246,1105,3212,0,0,2564,18459,0,1,2564,18460,California
Sacramento,2020-12-31,1235,19693,697,15943,538,3750,0,0,1236,19695,0,1,1236,19696,California
Sacramento,2021-01-01,82,19775,70,16013,12,3762,0,0,82,19777,0,1,82,19778,California
Sacramento,2021-01-02,575,20350,369,16382,206,3968,0,0,575,20352,0,1,575,20353,California
Sacramento,2021-01-03,413,20763,224,16606,189,4157,0,0,413,20765,0,1,413,20766,California
Sacramento,2021-01-04,1948,22711,837,17443,1111,5268,0,0,1946,22710,1,2,1946,22712,California
Sacramento,2021-01-05,2219,24930,995,18438,1224,6492,0,0,1855,24208,364,366,1862,24574,California
Sacramento,2021-01-06,2733,27663,1618,20056,1115,7607,0,0,1936,25350,794,1160,1936,26510,California
Sacramento,2021-01-07,2848,30511,1511,21567,1337,8944,0,0,1919,26344,925,2085,1919,28429,California
Sacramento,2021-01-08,3297,33808,2084,23651,1213,10157,0,0,2179,27410,1114,3199,2180,30609,California
Sacramento,2021-01-09,1297,35105,803,24454,494,10651,0,0,900,27915,395,3594,900,31509,California
Sacramento,2021-01-10,1255,36360,713,25167,542,11193,0,0,784,28230,470,4064,785,32294,California
Sacramento,2021-01-11,4366,40726,2964,28131,1402,12595,0,0,2422,28721,1943,6007,2434,34728,California
Sacramento,2021-01-12,4665,45391,3274,31405,1391,13986,0,0,2623,29308,2041,8048,2628,37356,California
Sacramento,2021-01-13,3848,49239,2224,33629,1624,15610,0,0,2427,30317,1420,9468,2429,39785,California
Sacramento,2021-01-14,4761,54000,2438,36067,2323,17933,0,0,3839,33237,919,10387,3839,43624,California
Sacramento,2021-01-15,4468,58468,2265,38332,2203,20136,0,0,3745,36260,723,11110,3746,47370,California
Sacramento,2021-01-16,2227,60695,1286,39618,941,21077,0,0,2006,38046,220,11330,2006,49376,California
Sacramento,2021-01-17,1688,62383,988,40606,700,21777,0,0,1502,39365,186,11516,1505,50881,California
Sacramento,2021-01-18,2826,65209,1726,42332,1100,22877,0,0,2237,41015,588,12104,2238,53119,California
Sacramento,2021-01-19,4993,70202,3031,45363,1962,24839,0,0,3751,43527,1241,13345,3753,56872,California
Sacramento,2021-01-20,4990,75192,3006,48369,1984,26823,0,0,3677,45896,1314,14659,3683,60555,California
Sacramento,2021-01-21,5243,80435,3017,51386,2226,29049,0,0,4271,49203,966,15625,4273,64828,California
Sacramento,2021-01-22,5036,85471,2689,54075,2347,31396,0,0,4734,53637,301,15926,4735,69563,California
Sacramento,2021-01-23,3872,89343,1561,55636,2311,33707,0,0,3409,56583,463,16389,3409,72972,California
Sacramento,2021-01-24,1636,90979,1021,56657,615,34322,0,0,1386,57720,250,16639,1387,74359,California
Sacramento,2021-01-25,4425,95404,2167,58824,2258,36580,0,0,2945,59187,1480,18119,2947,77306,California
Sacramento,2021-01-26,4780,100184,2177,61001,2603,39183,0,0,3563,61539,1213,19332,3565,80871,California
Sacramento,2021-01-27,5861,106045,3044,64045,2817,42000,0,0,4234,64153,1622,20954,4236,85107,California
Sacramento,2021-01-28,5415,111460,2732,66777,2683,44683,0,0,4308,67357,1105,22059,4309,89416,California
Sacramento,2021-01-29,5427,116887,2935,69712,2492,47175,0,0,4396,70730,1023,23082,4396,93812,California
Sacramento,2021-01-30,4889,121776,2205,71917,2684,49859,0,0,4453,74751,432,23514,4453,98265,California
Sacramento,2021-01-31,2415,124191,2114,74031,301,50160,0,0,2061,76462,352,23866,2063,100328,California
Sacramento,2021-02-01,5966,130157,3037,77068,2929,53089,0,0,4277,79058,1681,25547,4277,104605,California
Sacramento,2021-02-02,6965,137122,3722,80790,3243,56332,0,0,4864,81842,2082,27629,4866,109471,California
Sacramento,2021-02-03,7178,144300,3622,84412,3556,59888,0,0,5297,85272,1869,29498,5299,114770,California
Sacramento,2021-02-04,7794,152094,3683,88095,4111,63999,0,0,5535,88557,2250,31748,5535,120305,California
Sacramento,2021-02-05,7894,159988,4501,92596,3393,67392,0,0,4844,90380,3026,34774,4849,125154,California
Sacramento,2021-02-06,8844,168832,3499,96095,5345,72737,0,0,7482,96504,1360,36134,7484,132638,California
Sacramento,2021-02-07,4096,172928,2205,98300,1891,74628,0,0,2888,98191,1203,37337,2890,135528,California
Sacramento,2021-02-08,6268,179196,3255,101555,3013,77641,0,0,3916,99760,2347,39684,3916,139444,California
Sacramento,2021-02-09,6792,185988,3566,105121,3226,80867,0,0,3992,100967,2787,42471,3994,143438,California
Sacramento,2021-02-10,7766,193754,4254,109375,3512,84379,0,0,4533,102287,3217,45688,4537,147975,California
Sacramento,2021-02-11,9639,203393,5742,115117,3897,88276,0,0,5520,103705,4104,49792,5522,153497,California
Sacramento,2021-02-12,10754,214147,4180,119297,6574,94850,0,0,6443,105904,4247,54039,6446,159943,California
Sacramento,2021-02-13,8138,222285,3011,122308,5127,99977,0,0,6376,110526,1755,55794,6377,166320,California
Sacramento,2021-02-14,3250,225535,1999,124307,1251,101228,0,0,2118,111519,1130,56924,2123,168443,California
Sacramento,2021-02-15,6040,231575,2060,126367,3980,105208,0,0,4192,113874,1840,58764,4195,172638,California
Sacramento,2021-02-16,9306,240881,4238,130605,5068,110276,0,0,5348,115276,3951,62715,5353,177991,California
Sacramento,2021-02-17,8921,249802,5021,135626,3900,114176,0,0,5171,116715,3735,66450,5174,183165,California
Sacramento,2021-02-18,9650,259452,5781,141407,3869,118045,0,0,5752,118583,3888,70338,5756,188921,California
Sacramento,2021-02-19,10143,269595,6217,147624,3926,121971,0,0,5979,120426,4144,74482,5987,194908,California
Sacramento,2021-02-20,8041,277636,5829,153453,2212,124183,0,0,4767,121931,3265,77747,4770,199678,California
Sacramento,2021-02-21,3347,280983,2470,155923,877,125060,0,0,1328,121247,2012,79759,1328,201006,California
Sacramento,2021-02-22,6338,287321,3835,159758,2503,127563,0,0,2783,120491,3543,83302,2787,203793,California
Sacramento,2021-02-23,7288,294609,4521,164279,2767,130330,0,0,3553,120331,3717,87019,3557,207350,California
Sacramento,2021-02-24,9870,304479,5427,169706,4443,134773,0,0,5401,121286,4452,91471,5407,212757,California
Sacramento,2021-02-25,11312,315791,6482,176188,4830,139603,0,0,6652,123295,4644,96115,6653,219410,California
Sacramento,2021-02-26,14471,330262,6819,183007,7652,147255,0,0,9919,128702,4519,100634,9926,229336,California
Sacramento,2021-02-27,11211,341473,6886,189893,4322,151577,3,3,8303,134126,2882,103516,8306,237642,California
Sacramento,2021-02-28,6576,348049,2346,192239,4230,155807,0,3,3128,133823,3434,106950,3131,240773,California
Sacramento,2021-03-01,8639,356688,3632,195871,5005,160812,2,5,4704,134620,3912,110862,4709,245482,California
Sacramento,2021-03-02,9356,366044,4052,199923,5303,166115,1,6,5736,136760,3601,114463,5741,251223,California
Sacramento,2021-03-03,11154,377198,5094,205017,6057,172172,3,9,6696,139025,4436,118899,6701,257924,California
Sacramento,2021-03-04,13509,390707,6223,211240,7282,179454,4,13,7512,140583,5965,124864,7523,265447,California
Sacramento,2021-03-05,10684,401391,4938,216178,5716,185170,30,43,7093,144140,3567,128431,7124,272571,California
Sacramento,2021-03-06,8156,409547,3129,219307,4905,190075,122,165,4150,144422,3989,132420,4271,276842,California
Sacramento,2021-03-07,7688,417235,2224,221531,5374,195449,90,255,3764,144355,3919,136339,3852,280694,California
Sacramento,2021-03-08,9141,426376,4271,225802,4644,200093,226,481,5974,147400,3153,139492,6198,286892,California
Sacramento,2021-03-09,9671,436047,4584,230386,4793,204886,294,775,5561,149163,4092,143584,5855,292747,California
Sacramento,2021-03-10,11841,447888,7529,237915,3954,208840,358,1133,6915,151555,4887,148471,7279,300026,California
Sacramento,2021-03-11,15116,463004,10024,247939,4262,213102,830,1963,8959,155227,6113,154584,9785,309811,California
Sacramento,2021-03-12,18102,481106,8353,256292,8881,221983,868,2831,8875,155805,9170,163754,9748,319559,California
Sacramento,2021-03-13,13078,494184,3584,259876,9064,231047,430,3261,7882,158929,5183,168937,8307,327866,California
Sacramento,2021-03-14,8408,502592,3475,263351,4299,235346,634,3895,4431,160042,3950,172887,5063,332929,California
Sacramento,2021-03-15,12265,514857,4880,268231,6722,242068,663,4558,7060,162587,5179,178066,7724,340653,California
Sacramento,2021-03-16,14097,528954,6259,274490,7183,249251,655,5213,8669,166512,5391,183457,9316,349969,California
Sacramento,2021-03-17,13866,542820,6672,281162,6558,255809,636,5849,8826,170961,5015,188472,9464,359433,California
Sacramento,2021-03-18,15835,558655,8337,289499,6894,262703,604,6453,10047,175856,5754,194226,10649,370082,California
Sacramento,2021-03-19,15718,574373,8023,297522,6303,269006,1392,7845,7928,177409,7759,201985,9312,379394,California
Sacramento,2021-03-20,12985,587358,7564,305086,5077,274083,344,8189,8079,180957,4875,206860,8423,387817,California
Sacramento,2021-03-21,5631,592989,2783,307869,2808,276891,40,8229,4885,185154,732,207592,4929,392746,California
Sacramento,2021-03-22,9474,602463,4876,312745,3745,280636,853,9082,6268,189096,3177,210769,7119,399865,California
Sacramento,2021-03-23,11477,613940,6850,319595,3822,284458,805,9887,7357,193182,4075,214844,8161,408026,California
Sacramento,2021-03-24,11949,625889,7298,326893,4020,288478,631,10518,6766,195480,5101,219945,7399,415425,California
Sacramento,2021-03-25,14251,640140,8378,335271,5032,293510,841,11359,8553,199217,5651,225596,9388,424813,California
Sacramento,2021-03-26,18357,658497,8956,344227,8890,302400,511,11870,9180,199802,9109,234705,9694,434507,California
Sacramento,2021-03-27,9743,668240,3585,347812,5867,308267,291,12161,5116,200612,4592,239297,5402,439909,California
Sacramento,2021-03-28,6547,674787,3233,351045,3065,311332,249,12410,2704,199737,3832,243129,2957,442866,California
Sacramento,2021-03-29,11059,685846,5908,356953,4761,316093,390,12800,4953,199005,6075,249204,5343,448209,California
Sacramento,2021-03-30,11951,697797,6105,363058,5428,321521,418,13218,6039,199575,5885,255089,6455,454664,California
Sacramento,2021-03-31,13516,711313,7873,370931,5231,326752,412,13630,5592,197676,7897,262986,5998,460662,California
Sacramento,2021-04-01,17523,728836,10477,381408,6790,333542,256,13886,7367,195193,10110,273096,7627,468289,California
Sacramento,2021-04-02,17220,746056,9729,391137,6749,340291,742,14628,9045,196836,8143,281239,9786,478075,California
Sacramento,2021-04-03,10473,756529,6237,397374,3686,343977,550,15178,6420,199778,4023,285262,6965,485040,California
Sacramento,2021-04-04,3732,760261,1532,398906,1994,345971,206,15384,1453,199159,2273,287535,1654,486694,California
Sacramento,2021-04-05,12088,772349,7570,406476,3674,349645,844,16228,5388,198722,6662,294197,6225,492919,California
Sacramento,2021-04-06,15711,788060,8886,415362,5479,355124,1346,17574,6938,198261,8739,302936,8278,501197,California
Sacramento,2021-04-07,14939,802999,8054,423416,5266,360390,1619,19193,7190,199351,7706,310642,8796,509993,California
Sacramento,2021-04-08,15155,818154,6810,430226,5342,365732,3003,22196,6035,199284,9086,319728,9019,519012,California
Sacramento,2021-04-09,18386,836540,9385,439611,6769,372501,2232,24428,7468,198097,10875,330603,9688,528700,California
Sacramento,2021-04-10,12946,849486,3852,443463,7871,380372,1223,25651,5366,197108,7552,338155,6563,535263,California
Sacramento,2021-04-11,10818,860304,4371,447834,6220,386592,227,25878,3859,194262,6934,345089,4088,539351,California
Sacramento,2021-04-12,13035,873339,5073,452907,6069,392661,1893,27771,4961,193092,8008,353097,6838,546189,California
Sacramento,2021-04-13,16343,889682,9985,462892,6353,399014,5,27776,7596,191983,8714,361811,7605,553794,California
Sacramento,2021-04-14,15064,904746,8014,470906,7048,406062,2,27778,5929,188814,9104,370915,5935,559729,California
Sacramento,2021-04-15,16473,921219,8462,479368,8008,414070,3,27781,6676,185740,9757,380672,6683,566412,California
Sacramento,2021-04-16,17592,938811,9720,489088,7872,421942,0,27781,7965,184127,9582,390254,7969,574381,California
Sacramento,2021-04-17,15426,954237,6186,495274,9240,431182,0,27781,11167,191064,4235,394489,11172,585553,California
Sacramento,2021-04-18,8661,962898,3262,498536,5399,436581,0,27781,3889,190202,4753,399242,3891,589444,California
Sacramento,2021-04-19,10673,973571,5766,504302,4902,441483,5,27786,4717,188998,5929,405171,4725,594169,California
Sacramento,2021-04-20,11556,985127,7127,511429,4425,445908,4,27790,6069,189617,5459,410630,6078,600247,California
Sacramento,2021-04-21,12318,997445,7376,518805,4940,450848,2,27792,6619,190570,5670,416300,6623,606870,California
Sacramento,2021-04-22,15257,1012702,10275,529080,4978,455826,4,27796,7000,189356,8221,424521,7007,613877,California
Sacramento,2021-04-23,16299,1029001,10353,539433,5946,461772,0,27796,7554,188208,8706,433227,7558,621435,California
Sacramento,2021-04-24,11374,1040375,7009,546442,4364,466136,1,27797,5966,188807,5372,438599,5971,627406,California
Sacramento,2021-04-25,8008,1048383,4476,550918,3532,469668,0,27797,4166,189146,3828,442427,4167,631573,California
Sacramento,2021-04-26,10839,1059222,6833,557751,3982,473650,24,27821,5156,188674,5652,448079,5180,636753,California
Sacramento,2021-04-27,12273,1071495,8081,565832,4037,477687,155,27976,6033,188663,6205,454284,6194,642947,California
Sacramento,2021-04-28,10792,1082287,6116,571948,4471,482158,205,28181,5963,190038,4798,459082,6173,649120,California
Sacramento,2021-04-29,11182,1093469,7591,579539,3288,485446,303,28484,6139,191478,5005,464087,6445,655565,California
Sacramento,2021-04-30,12747,1106216,8081,587620,4403,489849,263,28747,6032,191109,6665,470752,6296,661861,California
Sacramento,2021-05-01,7614,1113830,5479,593099,1959,491808,176,28923,2779,189265,4798,475550,2954,664815,California
Sacramento,2021-05-02,5012,1118842,4313,597412,548,492356,151,29074,2231,188892,2753,478303,2380,667195,California
Sacramento,2021-05-03,9144,1127986,7308,604720,1554,493910,282,29356,3973,187996,5147,483450,4251,671446,California
Sacramento,2021-05-04,9686,1137672,5949,610669,3427,497337,310,29666,3854,186373,5787,489237,4164,675610,California
Sacramento,2021-05-05,11365,1149037,6237,616906,4667,502004,461,30127,4646,184802,6672,495909,5101,680711,California
Sacramento,2021-05-06,11441,1160478,6396,623302,4737,506741,308,30435,4687,183364,6429,502338,4991,685702,California
Sacramento,2021-05-07,10784,1171262,6296,629598,4117,510858,371,30806,4540,182088,6191,508529,4915,690617,California
Sacramento,2021-05-08,8473,1179735,4004,633602,4239,515097,230,31036,2778,179435,5653,514182,3000,693617,California
Sacramento,2021-05-09,3285,1183020,1790,635392,1382,516479,113,31149,1204,178683,2070,516252,1318,694935,California
Sacramento,2021-05-10,8237,1191257,3873,639265,4093,520572,271,31420,1999,174750,6206,522458,2273,697208,California
Sacramento,2021-05-11,8643,1199900,5464,644729,2920,523492,259,31679,3010,172422,5598,528056,3270,700478,California
Sacramento,2021-05-12,8738,1208638,5286,650015,3195,526687,257,31936,2945,169865,5758,533814,3201,703679,California
Sacramento,2021-05-13,11963,1220601,7702,657717,3985,530672,276,32212,4533,167286,7388,541202,4809,708488,California
Sacramento,2021-05-14,12438,1233039,7083,664800,5067,535739,288,32500,5042,165279,7339,548541,5332,713820,California
Sacramento,2021-05-15,13235,1246274,8021,672821,5068,540807,146,32646,5869,163960,7331,555872,6012,719832,California
Sacramento,2021-05-16,7964,1254238,4209,677030,3642,544449,113,32759,2189,160516,5751,561623,2307,722139,California
Sacramento,2021-05-17,10461,1264699,6379,683409,3791,548240,291,33050,3906,158202,6519,568142,4205,726344,California
Sacramento,2021-05-18,9883,1274582,6207,689616,3465,551705,211,33261,3700,155978,6142,574284,3918,730262,California
Sacramento,2021-05-19,9802,1284384,6247,695863,3292,554997,263,33524,4413,155314,5346,579630,4682,734944,California
Sacramento,2021-05-20,10222,1294606,6741,702604,3221,558218,260,33784,3801,153009,6369,585999,4064,739008,California
Sacramento,2021-05-21,10728,1305334,6808,709412,3597,561815,323,34107,4444,151540,6243,592242,4774,743782,California
Sacramento,2021-05-22,7437,1312771,4598,714010,2666,564481,173,34280,3334,150982,4073,596315,3515,747297,California
Sacramento,2021-05-23,4328,1317099,3016,717026,1209,565690,103,34383,1958,150697,2350,598665,2065,749362,California
Sacramento,2021-05-24,7817,1324916,4721,721747,2766,568456,330,34713,2483,148224,5287,603952,2814,752176,California
Sacramento,2021-05-25,6711,1331627,3878,725625,2541,570997,292,35005,2378,146587,4307,608259,2670,754846,California
Sacramento,2021-05-26,8558,1340185,4722,730347,3501,574498,335,35340,2807,144024,5700,613959,3137,757983,California
Sacramento,2021-05-27,6687,1346872,3641,733988,2806,577304,240,35580,2946,143511,3699,617658,3186,761169,California
Sacramento,2021-05-28,8268,1355140,4581,738569,3313,580617,374,35954,3457,142572,4771,622429,3832,765001,California
Sacramento,2021-05-29,4418,1359558,2687,741256,1572,582189,159,36113,2222,142780,2172,624601,2380,767381,California
Sacramento,2021-05-30,1677,1361235,1058,742314,580,582769,39,36152,748,142646,922,625523,788,768169,California
Sacramento,2021-05-31,882,1362117,441,742755,428,583197,13,36165,312,142402,569,626092,325,768494,California
Sacramento,2021-06-01,6973,1369090,4181,746936,2585,585782,207,36372,2531,140739,4401,630493,2738,771232,California
Sacramento,2021-06-02,6102,1375192,3347,750283,2541,588323,214,36586,2262,139419,3795,634288,2475,773707,California
Sacramento,2021-06-03,7446,1382638,5064,755347,2198,590521,184,36770,2136,136466,5270,639558,2317,776024,California
Sacramento,2021-06-04,7061,1389699,4515,759862,2335,592856,211,36981,2201,134053,4829,644387,2416,778440,California
Sacramento,2021-06-05,6211,1395910,4551,764413,1519,594375,141,37122,1753,131517,4429,648816,1893,780333,California
Sacramento,2021-06-06,2379,1398289,1867,766280,454,594829,58,37180,767,130737,1606,650422,826,781159,California
Sacramento,2021-06-07,5541,1403830,3876,770156,1484,596313,181,37361,1539,128477,3976,654398,1716,782875,California
Sacramento,2021-06-08,5395,1409225,3676,773832,1539,597852,180,37541,1722,126735,3646,658044,1904,784779,California
Sacramento,2021-06-09,6163,1415388,4274,778106,1704,599556,185,37726,1621,124050,4490,662534,1805,786584,California
Sacramento,2021-06-10,5413,1420801,3461,781567,1740,601296,212,37938,1679,122258,3684,666218,1892,788476,California
Sacramento,2021-06-11,7554,1428355,5215,786782,2145,603441,194,38132,2056,119042,5464,671682,2248,790724,California
Sacramento,2021-06-12,4734,1433089,3064,789846,1552,604993,118,38250,1287,117026,3424,675106,1408,792132,California
Sacramento,2021-06-13,1928,1435017,1420,791266,466,605459,42,38292,399,115949,1517,676623,440,792572,California
Sacramento,2021-06-14,4302,1439319,2786,794052,1355,606814,161,38453,1337,114498,2947,679570,1496,794068,California
Sacramento,2021-06-15,4923,1444242,2964,797016,1736,608550,223,38676,1722,113257,3186,682756,1945,796013,California
Sacramento,2021-06-16,4479,1448721,3011,800027,1248,609798,220,38896,1558,112132,2895,685651,1770,797783,California
Sacramento,2021-06-17,4069,1452790,2645,802672,1259,611057,165,39061,1399,111054,2637,688288,1559,799342,California
Sacramento,2021-06-18,5127,1457917,3350,806022,1536,612593,241,39302,1740,109671,3363,691651,1980,801322,California
Sacramento,2021-06-19,3316,1461233,2253,808275,919,613512,144,39446,1186,108887,2113,693764,1329,802651,California
Sacramento,2021-06-20,1232,1462465,914,809189,291,613803,27,39473,565,108821,658,694422,592,803243,California
Sacramento,2021-06-21,2520,1464985,1332,810521,1028,614831,160,39633,1236,108945,1270,695692,1394,804637,California
Sacramento,2021-06-22,3907,1468892,2697,813218,1018,615849,192,39825,1540,108330,2342,698034,1727,806364,California
Sacramento,2021-06-23,4067,1472959,2803,816021,1056,616905,208,40033,1519,107526,2527,700561,1723,808087,California
Sacramento,2021-06-24,3464,1476423,2250,818271,1022,617927,192,40225,1376,107029,2066,702627,1569,809656,California
Sacramento,2021-06-25,4168,1480591,2823,821094,1137,619064,208,40433,1686,106456,2464,705091,1891,811547,California
Sacramento,2021-06-26,2829,1483420,2028,823122,687,619751,114,40547,1186,106131,1624,706715,1299,812846,California
Sacramento,2021-06-27,1220,1484640,894,824016,295,620046,31,40578,444,105834,772,707487,475,813321,California
Sacramento,2021-06-28,2068,1486708,1484,825500,465,620511,119,40697,835,105571,1216,708703,953,814274,California
San Benito,2020-12-16,29,29,29,29,0,0,0,0,29,29,0,0,29,29,California
San Benito,2020-12-17,48,77,48,77,0,0,0,0,48,77,0,0,48,77,California
San Benito,2020-12-18,73,150,73,150,0,0,0,0,73,150,0,0,73,150,California
San Benito,2020-12-19,48,198,48,198,0,0,0,0,48,198,0,0,48,198,California
San Benito,2020-12-20,24,222,24,222,0,0,0,0,24,222,0,0,24,222,California
San Benito,2020-12-21,77,299,77,299,0,0,0,0,77,299,0,0,77,299,California
San Benito,2020-12-22,101,400,101,400,0,0,0,0,101,400,0,0,101,400,California
San Benito,2020-12-23,86,486,74,474,12,12,0,0,86,486,0,0,86,486,California
San Benito,2020-12-24,13,499,5,479,8,20,0,0,13,499,0,0,13,499,California
San Benito,2020-12-25,4,503,4,483,0,20,0,0,4,503,0,0,4,503,California
San Benito,2020-12-26,13,516,4,487,9,29,0,0,13,516,0,0,13,516,California
San Benito,2020-12-27,8,524,7,494,1,30,0,0,8,524,0,0,8,524,California
San Benito,2020-12-28,67,591,36,530,31,61,0,0,67,591,0,0,67,591,California
San Benito,2020-12-29,49,640,21,551,28,89,0,0,49,640,0,0,49,640,California
San Benito,2020-12-30,60,700,38,589,22,111,0,0,60,700,0,0,60,700,California
San Benito,2020-12-31,19,719,2,591,17,128,0,0,19,719,0,0,19,719,California
San Benito,2021-01-02,24,743,23,614,1,129,0,0,24,743,0,0,24,743,California
San Benito,2021-01-03,4,747,2,616,2,131,0,0,3,746,0,0,3,746,California
San Benito,2021-01-04,61,808,23,639,38,169,0,0,61,807,0,0,61,807,California
San Benito,2021-01-05,117,925,37,676,80,249,0,0,114,918,3,3,114,921,California
San Benito,2021-01-06,102,1027,43,719,59,308,0,0,87,990,15,18,87,1008,California
San Benito,2021-01-07,106,1133,68,787,38,346,0,0,54,992,52,70,54,1062,California
San Benito,2021-01-08,182,1315,90,877,92,438,0,0,117,1044,65,135,117,1179,California
San Benito,2021-01-09,44,1359,31,908,13,451,0,0,30,1060,14,149,30,1209,California
San Benito,2021-01-10,17,1376,15,923,2,453,0,0,5,1053,12,161,5,1214,California
San Benito,2021-01-11,173,1549,108,1031,65,518,0,0,72,1024,101,262,72,1286,California
San Benito,2021-01-12,161,1710,57,1088,104,622,0,0,121,1105,40,302,121,1407,California
San Benito,2021-01-13,240,1950,69,1157,171,793,0,0,189,1243,51,353,189,1596,California
San Benito,2021-01-14,131,2081,24,1181,107,900,0,0,112,1336,19,372,112,1708,California
San Benito,2021-01-15,216,2297,21,1202,195,1095,0,0,202,1524,14,386,202,1910,California
San Benito,2021-01-16,26,2323,9,1211,17,1112,0,0,20,1538,6,392,20,1930,California
San Benito,2021-01-17,12,2335,5,1216,7,1119,0,0,9,1544,3,395,9,1939,California
San Benito,2021-01-18,37,2372,23,1239,14,1133,0,0,22,1551,15,410,22,1961,California
San Benito,2021-01-19,186,2558,80,1319,106,1239,0,0,148,1661,38,448,148,2109,California
San Benito,2021-01-20,338,2896,103,1422,235,1474,0,0,291,1906,46,494,291,2400,California
San Benito,2021-01-21,146,3042,33,1455,113,1587,0,0,120,2000,26,520,120,2520,California
San Benito,2021-01-22,237,3279,19,1474,218,1805,0,0,227,2217,10,530,227,2747,California
San Benito,2021-01-23,31,3310,17,1491,14,1819,0,0,13,2212,18,548,13,2760,California
San Benito,2021-01-24,29,3339,3,1494,26,1845,0,0,25,2233,4,552,25,2785,California
San Benito,2021-01-25,72,3411,24,1518,48,1893,0,0,24,2209,48,600,24,2809,California
San Benito,2021-01-26,138,3549,41,1559,97,1990,0,0,86,2243,52,652,86,2895,California
San Benito,2021-01-27,231,3780,70,1629,161,2151,0,0,191,2394,40,692,191,3086,California
San Benito,2021-01-28,153,3933,32,1661,121,2272,0,0,121,2484,31,723,121,3207,California
San Benito,2021-01-29,295,4228,35,1696,260,2532,0,0,270,2730,24,747,270,3477,California
San Benito,2021-01-30,52,4280,33,1729,19,2551,0,0,29,2736,23,770,29,3506,California
San Benito,2021-01-31,16,4296,5,1734,11,2562,0,0,11,2742,5,775,11,3517,California
San Benito,2021-02-01,136,4432,28,1762,108,2670,0,0,92,2790,44,819,92,3609,California
San Benito,2021-02-02,229,4661,49,1811,180,2850,0,0,139,2839,90,909,139,3748,California
San Benito,2021-02-03,339,5000,42,1853,297,3147,0,0,272,3044,67,976,272,4020,California
San Benito,2021-02-04,166,5166,24,1877,142,3289,0,0,120,3118,46,1022,120,4140,California
San Benito,2021-02-05,293,5459,41,1918,252,3541,0,0,230,3285,63,1085,230,4370,California
San Benito,2021-02-06,50,5509,9,1927,41,3582,0,0,33,3301,17,1102,33,4403,California
San Benito,2021-02-07,17,5526,8,1935,9,3591,0,0,15,3314,2,1104,15,4418,California
San Benito,2021-02-08,140,5666,17,1952,123,3714,0,0,94,3362,46,1150,94,4512,California
San Benito,2021-02-09,326,5992,64,2016,262,3976,0,0,194,3424,132,1282,194,4706,California
San Benito,2021-02-10,323,6315,90,2106,233,4209,0,0,106,3314,216,1498,106,4812,California
San Benito,2021-02-11,299,6614,33,2139,266,4475,0,0,201,3417,98,1596,201,5013,California
San Benito,2021-02-12,414,7028,32,2171,382,4857,0,0,209,3422,204,1800,209,5222,California
San Benito,2021-02-13,56,7084,7,2178,49,4906,0,0,44,3454,12,1812,44,5266,California
San Benito,2021-02-14,40,7124,5,2183,35,4941,0,0,30,3474,10,1822,30,5296,California
San Benito,2021-02-15,105,7229,9,2192,96,5037,0,0,94,3557,11,1833,94,5390,California
San Benito,2021-02-16,207,7436,12,2204,195,5232,0,0,101,3553,106,1939,102,5492,California
San Benito,2021-02-17,327,7763,29,2233,298,5530,0,0,278,3782,49,1988,278,5770,California
San Benito,2021-02-18,295,8058,38,2271,257,5787,0,0,73,3633,222,2210,73,5843,California
San Benito,2021-02-19,344,8402,47,2318,297,6084,0,0,179,3647,165,2375,179,6022,California
San Benito,2021-02-20,47,8449,26,2344,21,6105,0,0,37,3674,10,2385,37,6059,California
San Benito,2021-02-21,23,8472,8,2352,15,6120,0,0,14,3679,9,2394,14,6073,California
San Benito,2021-02-22,135,8607,37,2389,98,6218,0,0,100,3745,34,2428,100,6173,California
San Benito,2021-02-23,379,8986,94,2483,285,6503,0,0,262,3890,117,2545,262,6435,California
San Benito,2021-02-24,381,9367,68,2551,313,6816,0,0,243,3995,138,2683,243,6678,California
San Benito,2021-02-25,393,9760,64,2615,329,7145,0,0,271,4142,124,2807,271,6949,California
San Benito,2021-02-26,654,10414,76,2691,578,7723,0,0,404,4296,250,3057,404,7353,California
San Benito,2021-02-27,105,10519,41,2732,64,7787,0,0,86,4363,19,3076,86,7439,California
San Benito,2021-02-28,254,10773,30,2762,224,8011,0,0,243,4595,11,3087,243,7682,California
San Benito,2021-03-01,233,11006,61,2823,172,8183,0,0,162,4685,72,3159,162,7844,California
San Benito,2021-03-02,286,11292,96,2919,190,8373,0,0,213,4825,73,3232,213,8057,California
San Benito,2021-03-03,406,11698,66,2985,340,8713,0,0,227,4875,177,3409,227,8284,California
San Benito,2021-03-04,616,12314,126,3111,475,9188,15,15,430,5122,186,3595,433,8717,California
San Benito,2021-03-05,582,12896,306,3417,264,9452,12,27,373,5300,207,3802,385,9102,California
San Benito,2021-03-06,193,13089,69,3486,110,9562,14,41,140,5401,53,3855,154,9256,California
San Benito,2021-03-07,648,13737,603,4089,22,9584,23,64,615,6006,33,3888,638,9894,California
San Benito,2021-03-08,290,14027,66,4155,177,9761,47,111,167,6097,123,4011,214,10108,California
San Benito,2021-03-09,423,14450,83,4238,241,10002,99,210,137,6021,285,4296,209,10317,California
San Benito,2021-03-10,403,14853,114,4352,194,10196,95,305,232,6177,171,4467,327,10644,California
San Benito,2021-03-11,475,15328,124,4476,198,10394,153,458,211,6277,264,4731,364,11008,California
San Benito,2021-03-12,523,15851,124,4600,302,10696,97,555,233,6320,288,5019,331,11339,California
San Benito,2021-03-13,200,16051,99,4699,83,10779,18,573,126,6393,71,5090,144,11483,California
San Benito,2021-03-14,233,16284,40,4739,173,10952,20,593,180,6541,52,5142,200,11683,California
San Benito,2021-03-15,324,16608,100,4839,205,11157,19,612,191,6618,133,5275,210,11893,California
San Benito,2021-03-16,499,17107,218,5057,250,11407,31,643,351,6851,148,5423,381,12274,California
San Benito,2021-03-17,791,17898,479,5536,290,11697,22,665,561,7200,226,5649,575,12849,California
San Benito,2021-03-18,790,18688,528,6064,206,11903,56,721,574,7607,214,5863,621,13470,California
San Benito,2021-03-19,777,19465,403,6467,350,12253,24,745,575,8003,202,6065,598,14068,California
San Benito,2021-03-20,246,19711,149,6616,84,12337,13,758,186,8142,60,6125,199,14267,California
San Benito,2021-03-21,108,19819,56,6672,47,12384,5,763,80,8199,28,6153,85,14352,California
San Benito,2021-03-22,353,20172,173,6845,155,12539,25,788,222,8315,131,6284,247,14599,California
San Benito,2021-03-23,476,20648,198,7043,268,12807,10,798,210,8268,266,6550,219,14818,California
San Benito,2021-03-24,575,21223,304,7347,264,13071,7,805,353,8407,221,6771,360,15178,California
San Benito,2021-03-25,742,21965,442,7789,296,13367,4,809,440,8553,298,7069,444,15622,California
San Benito,2021-03-26,1020,22985,520,8309,495,13862,5,814,337,8213,682,7751,342,15964,California
San Benito,2021-03-27,338,23323,189,8498,117,13979,32,846,219,8346,118,7869,251,16215,California
San Benito,2021-03-28,735,24058,609,9107,121,14100,5,851,130,7876,605,8474,135,16350,California
San Benito,2021-03-29,344,24402,108,9215,216,14316,20,871,143,7837,201,8675,162,16512,California
San Benito,2021-03-30,578,24980,274,9489,211,14527,93,964,294,7940,284,8959,387,16899,California
San Benito,2021-03-31,595,25575,366,9855,205,14732,24,988,341,8054,251,9210,365,17264,California
San Benito,2021-04-01,952,26527,383,10238,530,15262,39,1027,562,8260,389,9599,595,17859,California
San Benito,2021-04-02,541,27068,262,10500,143,15405,136,1163,264,8384,276,9875,400,18259,California
San Benito,2021-04-03,254,27322,87,10587,103,15508,64,1227,75,8344,178,10053,138,18397,California
San Benito,2021-04-04,143,27465,108,10695,30,15538,5,1232,106,8418,37,10090,111,18508,California
San Benito,2021-04-05,354,27819,169,10864,141,15679,44,1276,143,8393,211,10301,186,18694,California
San Benito,2021-04-06,466,28285,162,11026,127,15806,177,1453,161,8425,305,10606,337,19031,California
San Benito,2021-04-07,943,29228,525,11551,227,16033,191,1644,264,8203,677,11283,455,19486,California
San Benito,2021-04-08,871,30099,439,11990,178,16211,254,1898,233,8053,637,11920,487,19973,California
San Benito,2021-04-09,853,30952,505,12495,256,16467,92,1990,297,7887,555,12475,389,20362,California
San Benito,2021-04-10,341,31293,206,12701,77,16544,58,2048,192,7988,149,12624,250,20612,California
San Benito,2021-04-11,480,31773,273,12974,172,16716,35,2083,270,8061,210,12834,283,20895,California
San Benito,2021-04-12,531,32304,286,13260,133,16849,112,2195,279,8197,251,13085,387,21282,California
San Benito,2021-04-13,759,33063,294,13554,442,17291,23,2218,526,8515,232,13317,550,21832,California
San Benito,2021-04-14,832,33895,655,14209,177,17468,0,2218,395,8479,431,13748,395,22227,California
San Benito,2021-04-15,945,34840,735,14944,209,17677,1,2219,474,8485,470,14218,476,22703,California
San Benito,2021-04-16,711,35551,371,15315,331,18008,9,2228,301,8389,407,14625,311,23014,California
San Benito,2021-04-17,322,35873,226,15541,96,18104,0,2228,129,8323,195,14820,129,23143,California
San Benito,2021-04-18,506,36379,425,15966,81,18185,0,2228,247,8313,259,15079,249,23392,California
San Benito,2021-04-19,745,37124,595,16561,150,18335,0,2228,421,8414,322,15401,423,23815,California
San Benito,2021-04-20,786,37910,415,16976,369,18704,2,2230,494,8622,287,15688,495,24310,California
San Benito,2021-04-21,972,38882,720,17696,252,18956,0,2230,523,8711,434,16122,523,24833,California
San Benito,2021-04-22,900,39782,695,18391,205,19161,0,2230,564,8947,328,16450,564,25397,California
San Benito,2021-04-23,643,40425,407,18798,235,19396,1,2231,342,9037,252,16702,342,25739,California
San Benito,2021-04-24,362,40787,202,19000,160,19556,0,2231,166,9047,156,16858,166,25905,California
San Benito,2021-04-25,205,40992,128,19128,77,19633,0,2231,95,9050,92,16950,95,26000,California
San Benito,2021-04-26,494,41486,392,19520,102,19735,0,2231,258,9133,175,17125,258,26258,California
San Benito,2021-04-27,560,42046,286,19806,267,20002,7,2238,408,9406,142,17267,415,26673,California
San Benito,2021-04-28,555,42601,393,20199,154,20156,8,2246,391,9645,159,17426,398,27071,California
San Benito,2021-04-29,633,43234,234,20433,389,20545,10,2256,255,9549,378,17804,282,27353,California
San Benito,2021-04-30,381,43615,214,20647,160,20705,7,2263,205,9587,174,17978,212,27565,California
San Benito,2021-05-01,196,43811,143,20790,44,20749,9,2272,66,9533,129,18107,75,27640,California
San Benito,2021-05-02,189,44000,160,20950,25,20774,4,2276,57,9462,132,18239,61,27701,California
San Benito,2021-05-03,359,44359,282,21232,67,20841,10,2286,87,9289,272,18511,99,27800,California
San Benito,2021-05-04,412,44771,254,21486,150,20991,8,2294,149,9184,261,18772,156,27956,California
San Benito,2021-05-05,611,45382,432,21918,164,21155,15,2309,217,9025,391,19163,232,28188,California
San Benito,2021-05-06,625,46007,498,22416,112,21267,15,2324,224,8867,397,19560,239,28427,California
San Benito,2021-05-07,455,46462,290,22706,155,21422,10,2334,175,8775,278,19838,186,28613,California
San Benito,2021-05-08,280,46742,228,22934,47,21469,5,2339,156,8812,124,19962,161,28774,California
San Benito,2021-05-09,108,46850,83,23017,22,21491,3,2342,48,8803,60,20022,51,28825,California
San Benito,2021-05-10,412,47262,323,23340,65,21556,24,2366,53,8522,359,20381,78,28903,California
San Benito,2021-05-11,835,48097,423,23763,396,21952,16,2382,192,8090,641,21022,209,29112,California
San Benito,2021-05-12,515,48612,411,24174,91,22043,13,2395,123,7836,391,21413,137,29249,California
San Benito,2021-05-13,731,49343,625,24799,89,22132,17,2412,207,7538,521,21934,223,29472,California
San Benito,2021-05-14,599,49942,442,25241,150,22282,7,2419,228,7404,369,22303,235,29707,California
San Benito,2021-05-15,227,50169,171,25412,50,22332,6,2425,126,7435,101,22404,132,29839,California
San Benito,2021-05-16,170,50339,142,25554,26,22358,2,2427,93,7453,77,22481,95,29934,California
San Benito,2021-05-17,378,50717,307,25861,62,22420,9,2436,170,7426,206,22687,179,30113,California
San Benito,2021-05-18,673,51390,353,26214,315,22735,5,2441,210,7179,463,23150,216,30329,California
San Benito,2021-05-19,570,51960,419,26633,143,22878,8,2449,229,7075,341,23491,237,30566,California
San Benito,2021-05-20,591,52551,468,27101,112,22990,11,2460,315,7126,275,23766,326,30892,California
San Benito,2021-05-21,463,53014,272,27373,175,23165,16,2476,212,7105,249,24015,228,31120,California
San Benito,2021-05-22,292,53306,220,27593,67,23232,5,2481,178,7177,112,24127,184,31304,California
San Benito,2021-05-23,98,53404,60,27653,34,23266,4,2485,35,7152,63,24190,38,31342,California
San Benito,2021-05-24,306,53710,258,27911,41,23307,7,2492,192,7237,114,24304,199,31541,California
San Benito,2021-05-25,523,54233,238,28149,278,23585,7,2499,166,7055,355,24659,173,31714,California
San Benito,2021-05-26,313,54546,196,28345,110,23695,7,2506,125,6999,187,24846,131,31845,California
San Benito,2021-05-27,408,54954,312,28657,73,23768,23,2529,151,6919,257,25103,177,32022,California
San Benito,2021-05-28,282,55236,175,28832,100,23868,7,2536,107,6859,174,25277,114,32136,California
San Benito,2021-05-29,146,55382,124,28956,20,23888,2,2538,61,6837,85,25362,63,32199,California
San Benito,2021-05-30,269,55651,253,29209,16,23904,0,2538,90,6749,178,25540,90,32289,California
San Benito,2021-05-31,100,55751,87,29296,11,23915,2,2540,43,6738,56,25596,45,32334,California
San Benito,2021-06-01,267,56018,120,29416,121,24036,26,2566,85,6667,181,25777,110,32444,California
San Benito,2021-06-02,320,56338,242,29658,76,24112,2,2568,108,6567,211,25988,111,32555,California
San Benito,2021-06-03,334,56672,284,29942,43,24155,7,2575,98,6438,234,26222,105,32660,California
San Benito,2021-06-04,271,56943,203,30145,68,24223,0,2575,87,6342,183,26405,87,32747,California
San Benito,2021-06-05,93,57036,74,30219,18,24241,1,2576,20,6291,72,26477,21,32768,California
San Benito,2021-06-06,58,57094,48,30267,7,24248,3,2579,15,6266,43,26520,18,32786,California
San Benito,2021-06-07,337,57431,297,30564,35,24283,5,2584,87,6110,248,26768,92,32878,California
San Benito,2021-06-08,307,57738,215,30779,77,24360,15,2599,94,6007,212,26980,109,32987,California
San Benito,2021-06-09,239,57977,188,30967,43,24403,8,2607,70,5916,169,27149,78,33065,California
San Benito,2021-06-10,358,58335,330,31297,21,24424,7,2614,73,5714,282,27431,80,33145,California
San Benito,2021-06-11,267,58602,226,31523,21,24445,20,2634,91,5650,175,27606,111,33256,California
San Benito,2021-06-12,159,58761,145,31668,10,24455,4,2638,52,5614,92,27698,56,33312,California
San Benito,2021-06-13,52,58813,40,31708,10,24465,2,2640,16,5603,29,27727,18,33330,California
San Benito,2021-06-14,178,58991,150,31858,24,24489,4,2644,60,5549,117,27844,63,33393,California
San Benito,2021-06-15,218,59209,125,31983,87,24576,6,2650,77,5494,139,27983,84,33477,California
San Benito,2021-06-16,212,59421,170,32153,29,24605,13,2663,72,5440,139,28122,85,33562,California
San Benito,2021-06-17,252,59673,208,32361,17,24622,27,2690,78,5372,174,28296,106,33668,California
San Benito,2021-06-18,157,59830,100,32461,50,24672,7,2697,64,5350,93,28389,71,33739,California
San Benito,2021-06-19,115,59945,109,32570,6,24678,0,2697,48,5331,67,28456,48,33787,California
San Benito,2021-06-20,38,59983,36,32606,2,24680,0,2697,18,5329,20,28476,18,33805,California
San Benito,2021-06-21,111,60094,81,32687,15,24695,15,2712,59,5351,51,28527,73,33878,California
San Benito,2021-06-22,194,60288,124,32811,58,24753,12,2724,74,5317,119,28646,85,33963,California
San Benito,2021-06-23,150,60438,112,32923,27,24780,11,2735,62,5302,88,28734,73,34036,California
San Benito,2021-06-24,189,60627,161,33084,15,24795,13,2748,81,5289,107,28841,94,34130,California
San Benito,2021-06-25,151,60778,121,33205,28,24823,2,2750,65,5271,86,28927,68,34198,California
San Benito,2021-06-26,76,60854,61,33266,14,24837,1,2751,34,5265,41,28968,35,34233,California
San Benito,2021-06-27,59,60913,52,33318,2,24839,5,2756,25,5261,34,29002,30,34263,California
San Benito,2021-06-28,81,60994,58,33376,19,24858,4,2760,29,5242,52,29054,33,34296,California
San Bernardino,2020-12-15,13,13,13,13,0,0,0,0,13,13,0,0,13,13,California
San Bernardino,2020-12-16,114,127,114,127,0,0,0,0,114,127,0,0,114,127,California
San Bernardino,2020-12-17,2375,2502,2375,2502,0,0,0,0,2375,2502,0,0,2375,2502,California
San Bernardino,2020-12-18,3174,5676,3171,5673,3,3,0,0,3174,5675,1,1,3174,5676,California
San Bernardino,2020-12-19,1076,6752,1075,6748,1,4,0,0,1077,6752,0,1,1077,6753,California
San Bernardino,2020-12-20,1182,7934,1178,7926,4,8,0,0,1182,7934,0,1,1182,7935,California
San Bernardino,2020-12-21,2461,10395,2455,10381,6,14,0,0,2461,10395,0,1,2461,10396,California
San Bernardino,2020-12-22,2282,12677,2153,12534,129,143,0,0,2283,12678,0,1,2283,12679,California
San Bernardino,2020-12-23,2676,15353,1467,14001,1209,1352,0,0,2674,15352,0,1,2674,15353,California
San Bernardino,2020-12-24,1161,16514,582,14583,579,1931,0,0,1162,16513,1,2,1162,16515,California
San Bernardino,2020-12-25,76,16590,15,14598,61,1992,0,0,76,16589,0,2,76,16591,California
San Bernardino,2020-12-26,466,17056,255,14853,211,2203,0,0,466,17055,0,2,466,17057,California
San Bernardino,2020-12-27,351,17407,164,15017,187,2390,0,0,350,17404,1,3,350,17407,California
San Bernardino,2020-12-28,1588,18995,717,15734,871,3261,0,0,1589,18993,0,3,1589,18996,California
San Bernardino,2020-12-29,2230,21225,1048,16782,1182,4443,0,0,2230,21223,0,3,2230,21226,California
San Bernardino,2020-12-30,2915,24140,1461,18243,1454,5897,0,0,2915,24138,0,3,2915,24141,California
San Bernardino,2020-12-31,1379,25519,441,18684,938,6835,0,0,1377,25515,0,3,1377,25518,California
San Bernardino,2021-01-01,288,25807,152,18836,136,6971,0,0,287,25802,0,3,287,25805,California
San Bernardino,2021-01-02,485,26292,345,19181,140,7111,0,0,485,26287,0,3,485,26290,California
San Bernardino,2021-01-03,142,26434,88,19269,54,7165,0,0,142,26429,0,3,142,26432,California
San Bernardino,2021-01-04,2143,28577,1293,20562,850,8015,0,0,2142,28571,0,3,2142,28574,California
San Bernardino,2021-01-05,2345,30922,1462,22024,883,8898,0,0,2233,30694,110,113,2233,30807,California
San Bernardino,2021-01-06,3460,34382,2360,24384,1100,9998,0,0,2960,33161,494,607,2961,33768,California
San Bernardino,2021-01-07,5453,39835,4519,28903,934,10932,0,0,2489,32705,2945,3552,2489,36257,California
San Bernardino,2021-01-08,5382,45217,4455,33358,927,11859,0,0,2290,31908,3088,6640,2291,38548,California
San Bernardino,2021-01-09,1407,46624,1101,34459,306,12165,0,0,907,32315,500,7140,907,39455,California
San Bernardino,2021-01-10,1028,47652,599,35058,429,12594,0,0,578,32443,450,7590,578,40033,California
San Bernardino,2021-01-11,4990,52642,4077,39135,913,13507,0,0,2773,33004,2212,9802,2773,42806,California
San Bernardino,2021-01-12,4248,56890,3224,42359,1024,14531,0,0,2521,33800,1725,11527,2521,45327,California
San Bernardino,2021-01-13,4603,61493,2866,45225,1737,16268,0,0,3377,35964,1214,12741,3378,48705,California
San Bernardino,2021-01-14,4877,66370,2884,48109,1993,18261,0,0,4290,39671,583,13324,4290,52995,California
San Bernardino,2021-01-15,6000,72370,2961,51070,3039,21300,0,0,5598,44880,392,13716,5601,58596,California
San Bernardino,2021-01-16,2276,74646,1293,52363,983,22283,0,0,2132,46868,144,13860,2132,60728,California
San Bernardino,2021-01-17,1191,75837,508,52871,683,22966,0,0,1108,47895,82,13942,1109,61837,California
San Bernardino,2021-01-18,4287,80124,2649,55520,1638,24604,0,0,3658,50927,628,14570,3660,65497,California
San Bernardino,2021-01-19,6358,86482,3717,59237,2641,27245,0,0,5262,55097,1094,15664,5264,70761,California
San Bernardino,2021-01-20,6909,93391,3791,63028,3118,30363,0,0,4939,58078,1960,17624,4941,75702,California
San Bernardino,2021-01-21,6036,99427,3099,66127,2937,33300,0,0,4904,61863,1122,18746,4907,80609,California
San Bernardino,2021-01-22,6598,106025,3088,69215,3510,36810,0,0,5867,67002,729,19475,5868,86477,California
San Bernardino,2021-01-23,3139,109164,1900,71115,1239,38049,0,0,2734,69332,404,19879,2734,89211,California
San Bernardino,2021-01-24,1209,110373,462,71577,747,38796,0,0,1105,70333,104,19983,1105,90316,California
San Bernardino,2021-01-25,6921,117294,3415,74992,3506,42302,0,0,5060,73539,1857,21840,5063,95379,California
San Bernardino,2021-01-26,7110,124404,3544,78536,3566,45868,0,0,5004,76440,2105,23945,5006,100385,California
San Bernardino,2021-01-27,8559,132963,4143,82679,4416,50284,0,0,5728,79346,2822,26767,5728,106113,California
San Bernardino,2021-01-28,8644,141607,4083,86762,4561,54845,0,0,6301,83310,2337,29104,6301,112414,California
San Bernardino,2021-01-29,8228,149835,3753,90515,4475,59320,0,0,6237,87573,1975,31079,6238,118652,California
San Bernardino,2021-01-30,3095,152930,1878,92393,1217,60537,0,0,2802,90084,292,31371,2803,121455,California
San Bernardino,2021-01-31,924,153854,479,92872,445,60982,0,0,862,90887,59,31430,862,122317,California
San Bernardino,2021-02-01,7635,161489,4263,97135,3372,64354,0,0,4961,93179,2670,34100,4962,127279,California
San Bernardino,2021-02-02,10547,172036,3684,100819,6863,71217,0,0,8439,99516,2104,36204,8441,135720,California
San Bernardino,2021-02-03,9089,181125,4167,104986,4922,76139,0,0,6563,103562,2518,38722,6564,142284,California
San Bernardino,2021-02-04,10605,191730,5213,110199,5392,81531,0,0,7477,107923,3117,41839,7478,149762,California
San Bernardino,2021-02-05,11127,202857,5960,116159,5167,86698,0,0,7548,111905,3567,45406,7549,157311,California
San Bernardino,2021-02-06,5294,208151,2225,118384,3069,89767,0,0,3649,113941,1616,47022,3652,160963,California
San Bernardino,2021-02-07,851,209002,493,118877,358,90125,0,0,475,114044,373,47395,476,161439,California
San Bernardino,2021-02-08,7314,216316,3891,122768,3423,93548,0,0,5627,117985,1686,49081,5627,167066,California
San Bernardino,2021-02-09,10162,226478,5905,128673,4257,97805,0,0,6842,121512,3319,52400,6846,173912,California
San Bernardino,2021-02-10,12182,238660,6491,135164,5691,103496,0,0,8016,125375,4154,56554,8017,181929,California
San Bernardino,2021-02-11,12539,251199,7179,142343,5360,108856,0,0,7967,128801,4545,61099,7971,189900,California
San Bernardino,2021-02-12,10598,261797,5999,148342,4599,113455,0,0,5775,129780,4799,65898,5778,195678,California
San Bernardino,2021-02-13,6116,267913,4072,152414,2044,115499,0,0,3832,131349,2268,68166,3837,199515,California
San Bernardino,2021-02-14,1574,269487,664,153078,910,116409,0,0,882,131547,685,68851,883,200398,California
San Bernardino,2021-02-15,5522,275009,3019,156097,2503,118912,0,0,3080,132199,2428,71279,3080,203478,California
San Bernardino,2021-02-16,12717,287726,7429,163526,5288,124200,0,0,8001,135503,4701,75980,8005,211483,California
San Bernardino,2021-02-17,11912,299638,6528,170054,5384,129584,0,0,7179,137974,4713,80693,7184,218667,California
San Bernardino,2021-02-18,12573,312211,7644,177698,4929,134513,0,0,7746,140912,4810,85503,7748,226415,California
San Bernardino,2021-02-19,11712,323923,6009,183707,5703,140216,0,0,6917,143060,4771,90274,6919,233334,California
San Bernardino,2021-02-20,4562,328485,3498,187205,1064,141280,0,0,2051,142616,2500,92774,2056,235390,California
San Bernardino,2021-02-21,1149,329634,686,187891,463,141743,0,0,402,142273,747,93521,404,235794,California
San Bernardino,2021-02-22,8743,338377,5394,193285,3349,145092,0,0,4079,141700,4653,98174,4080,239874,California
San Bernardino,2021-02-23,9523,347900,5786,199071,3737,148829,0,0,4844,141897,4653,102827,4850,244724,California
San Bernardino,2021-02-24,12532,360432,7202,206273,5330,154159,0,0,6188,141767,6324,109151,6194,250918,California
San Bernardino,2021-02-25,13158,373590,6302,212575,6856,161015,0,0,7658,143946,5483,114634,7662,258580,California
San Bernardino,2021-02-26,13731,387321,6391,218966,7340,168355,0,0,7649,145585,6018,120652,7657,266237,California
San Bernardino,2021-02-27,6706,394027,3750,222716,2955,171310,1,1,4821,148538,1873,122525,4826,271063,California
San Bernardino,2021-02-28,1785,395812,747,223463,1038,172348,0,1,1145,149053,632,123157,1147,272210,California
San Bernardino,2021-03-01,8507,404319,4386,227849,4117,176465,4,5,3868,148324,4612,127769,3883,276093,California
San Bernardino,2021-03-02,13931,418250,5579,233428,8352,184817,0,5,6553,147542,7345,135114,6563,282656,California
San Bernardino,2021-03-03,13150,431400,6695,240123,6451,191268,4,9,6204,146836,6923,142037,6217,288873,California
San Bernardino,2021-03-04,14000,445400,6943,247066,7056,198324,1,10,6071,145009,7907,149944,6080,294953,California
San Bernardino,2021-03-05,14494,459894,7573,254639,6919,205243,2,12,7062,144697,7397,157341,7085,302038,California
San Bernardino,2021-03-06,9753,469647,5474,260113,4055,209298,224,236,4551,144286,5184,162525,4773,306811,California
San Bernardino,2021-03-07,1690,471337,1022,261135,596,209894,72,308,1064,144801,624,163149,1139,307950,California
San Bernardino,2021-03-08,8143,479480,3603,264738,4369,214263,171,479,3614,144072,4519,167668,3790,311740,California
San Bernardino,2021-03-09,13125,492605,7499,272237,5375,219638,251,730,5292,141797,7820,175488,5545,317285,California
San Bernardino,2021-03-10,14240,506845,7867,280104,5818,225456,555,1285,6364,140870,7849,183337,6922,324207,California
San Bernardino,2021-03-11,15683,522528,7265,287369,6812,232268,1606,2891,7390,141592,8271,191608,8993,333200,California
San Bernardino,2021-03-12,15628,538156,6962,294331,6615,238883,2051,4942,7359,142815,8232,199840,9455,342655,California
San Bernardino,2021-03-13,8411,546567,4581,298912,3313,242196,517,5459,4977,144893,3418,203258,5496,348151,California
San Bernardino,2021-03-14,3302,549869,1672,300584,1047,243243,583,6042,1843,145863,1452,204710,2422,350573,California
San Bernardino,2021-03-15,11442,561311,5402,305986,4006,247249,2034,8076,5450,147369,5973,210683,7479,358052,California
San Bernardino,2021-03-16,16270,577581,8054,314040,7274,254523,942,9018,9886,151848,6356,217039,10835,368887,California
San Bernardino,2021-03-17,17494,595075,8695,322735,8049,262572,750,9768,10584,156293,6889,223928,11334,380221,California
San Bernardino,2021-03-18,16766,611841,8297,331032,8080,270652,389,10157,9905,159754,6831,230759,10292,390513,California
San Bernardino,2021-03-19,17113,628954,8494,339526,8020,278672,599,10756,9810,162939,7274,238033,10459,400972,California
San Bernardino,2021-03-20,9513,638467,5986,345512,2928,281600,599,11355,5627,165302,3858,241891,6221,407193,California
San Bernardino,2021-03-21,2834,641301,2302,347814,481,282081,51,11406,2265,167062,556,242447,2316,409509,California
San Bernardino,2021-03-22,9735,651036,4599,352413,4699,286780,437,11843,7053,171891,2661,245108,7490,416999,California
San Bernardino,2021-03-23,15654,666690,8884,361297,6150,292930,620,12463,9661,176200,5970,251078,10279,427278,California
San Bernardino,2021-03-24,15218,681908,7834,369131,7078,300008,306,12769,10040,181409,5138,256216,10347,437625,California
San Bernardino,2021-03-25,17114,699022,8380,377511,8429,308437,305,13074,10797,186242,6263,262479,11096,448721,California
San Bernardino,2021-03-26,18241,717263,8673,386184,8798,317235,770,13844,10887,190577,7324,269803,11659,460380,California
San Bernardino,2021-03-27,10882,728145,7021,393205,3106,320341,755,14599,6186,192843,4673,274476,6939,467319,California
San Bernardino,2021-03-28,3647,731792,2560,395765,972,321313,115,14714,2524,194369,1113,275589,2639,469958,California
San Bernardino,2021-03-29,11821,743613,6140,401905,5279,326592,402,15116,7968,198906,3832,279421,8369,478327,California
San Bernardino,2021-03-30,17028,760641,9503,411408,6806,333398,719,15835,10530,203685,6459,285880,11238,489565,California
San Bernardino,2021-03-31,16642,777283,9370,420778,6630,340028,642,16477,10878,209472,5730,291610,11517,501082,California
San Bernardino,2021-04-01,19874,797157,10488,431266,7959,347987,1427,17904,12730,216525,7095,298705,14148,515230,California
San Bernardino,2021-04-02,18940,816097,9548,440814,8095,356082,1297,19201,11421,221795,7489,306194,12759,527989,California
San Bernardino,2021-04-03,11180,827277,6992,447806,3043,359125,1145,20346,6077,223924,5083,311277,7212,535201,California
San Bernardino,2021-04-04,2513,829790,1516,449322,746,359871,251,20597,1260,224191,1244,312521,1511,536712,California
San Bernardino,2021-04-05,11863,841653,5312,454634,4774,364645,1777,22374,6033,226189,5805,318326,7803,544515,California
San Bernardino,2021-04-06,19874,861527,11181,465815,6565,371210,2128,24502,10483,229446,9343,327669,12600,557115,California
San Bernardino,2021-04-07,21194,882721,11378,477193,7314,378524,2502,27004,11520,233811,9641,337310,14006,571121,California
San Bernardino,2021-04-08,22106,904827,11337,488530,8132,386656,2637,29641,12106,238573,9970,347280,14732,585853,California
San Bernardino,2021-04-09,21990,926817,11181,499711,8180,394836,2629,32270,11926,243088,10024,357304,14539,600392,California
San Bernardino,2021-04-10,15738,942555,8145,507856,3869,398705,3724,35994,7810,246702,7904,365208,11518,611910,California
San Bernardino,2021-04-11,4451,947006,2591,510447,893,399598,967,36961,2043,247303,2402,367610,3003,614913,California
San Bernardino,2021-04-12,13531,960537,6245,516692,5614,405212,1672,38633,6404,248273,7101,374711,8071,622984,California
San Bernardino,2021-04-13,19483,980020,11108,527800,8356,413568,19,38652,11191,251224,8262,382973,11213,634197,California
San Bernardino,2021-04-14,19546,999566,10444,538244,9099,422667,3,38655,11015,253753,8492,391465,11021,645218,California
San Bernardino,2021-04-15,20631,1020197,11531,549775,9094,431761,6,38661,10933,255035,9658,401123,10940,656158,California
San Bernardino,2021-04-16,18897,1039094,10705,560480,8191,439952,1,38662,9258,254702,9592,410715,9259,665417,California
San Bernardino,2021-04-17,12075,1051169,7962,568442,4113,444065,0,38662,6313,255298,5717,416432,6313,671730,California
San Bernardino,2021-04-18,3232,1054401,2306,570748,926,444991,0,38662,1390,254859,1829,418261,1390,673120,California
San Bernardino,2021-04-19,12718,1067119,6794,577542,5924,450915,0,38662,4926,252023,7767,426028,4931,678051,California
San Bernardino,2021-04-20,18281,1085400,10363,587905,7915,458830,3,38665,8265,250309,9984,436012,8270,686321,California
San Bernardino,2021-04-21,19095,1104495,11223,599128,7870,466700,2,38667,8325,247936,10703,446715,8330,694651,California
San Bernardino,2021-04-22,19668,1124163,11394,610522,8270,474970,4,38671,7967,244265,11645,458360,7974,702625,California
San Bernardino,2021-04-23,18945,1143108,10993,621515,7951,482921,1,38672,8237,241853,10652,469012,8240,710865,California
San Bernardino,2021-04-24,12861,1155969,9485,631000,3374,486295,2,38674,6909,242827,5937,474949,6911,717776,California
San Bernardino,2021-04-25,3420,1159389,2236,633236,1184,487479,0,38674,1679,242784,1724,476673,1681,719457,California
San Bernardino,2021-04-26,11360,1170749,6212,639448,5058,492537,90,38764,4828,241212,6491,483164,4919,724376,California
San Bernardino,2021-04-27,16750,1187499,10170,649618,6369,498906,211,38975,6882,238481,9824,492988,7093,731469,California
San Bernardino,2021-04-28,15094,1202593,9083,658701,5733,504639,278,39253,5467,234616,9601,502589,5736,737205,California
San Bernardino,2021-04-29,16613,1219206,9696,668397,6649,511288,268,39521,5574,229454,11001,513590,5839,743044,California
San Bernardino,2021-04-30,16873,1236079,10750,679147,5842,517130,281,39802,6267,225434,10566,524156,6546,749590,California
San Bernardino,2021-05-01,10777,1246856,8425,687572,2038,519168,314,40116,3731,222435,7040,531196,4041,753631,California
San Bernardino,2021-05-02,2945,1249801,2129,689701,685,519853,131,40247,1050,221730,1885,533081,1180,754811,California
San Bernardino,2021-05-03,10057,1259858,5785,695486,3868,523721,404,40651,2904,217896,7142,540223,3308,758119,California
San Bernardino,2021-05-04,16051,1275909,9851,705337,5743,529464,457,41108,4683,211709,11324,551547,5137,763256,California
San Bernardino,2021-05-05,15742,1291651,9203,714540,6126,535590,413,41521,4453,205330,11240,562787,4861,768117,California
San Bernardino,2021-05-06,16074,1307725,9262,723802,6398,541988,414,41935,4398,198508,11632,574419,4810,772927,California
San Bernardino,2021-05-07,15697,1323422,8871,732673,6448,548436,378,42313,4669,192579,10972,585391,5043,777970,California
San Bernardino,2021-05-08,9584,1333006,6431,739104,2886,551322,267,42580,3300,189896,6250,591641,3567,781537,California
San Bernardino,2021-05-09,2076,1335082,1374,740478,612,551934,90,42670,832,189581,1237,592878,922,782459,California
San Bernardino,2021-05-10,7683,1342765,3558,744036,3807,555741,318,42988,2367,186994,5269,598147,2682,785141,California
San Bernardino,2021-05-11,12592,1355357,7082,751118,5151,560892,359,43347,4035,182875,8513,606660,4394,789535,California
San Bernardino,2021-05-12,12831,1368188,7026,758144,5489,566381,316,43663,3650,177708,9132,615792,3965,793500,California
San Bernardino,2021-05-13,13490,1381678,8193,766337,4946,571327,351,44014,5276,175160,8168,623960,5620,799120,California
San Bernardino,2021-05-14,13976,1395654,9345,775682,4293,575620,338,44352,5801,173179,8120,632080,6139,805259,California
San Bernardino,2021-05-15,11418,1407072,8503,784185,2726,578346,189,44541,4642,171260,6744,638824,4825,810084,California
San Bernardino,2021-05-16,3111,1410183,2372,786557,677,579023,62,44603,1551,171332,1541,640365,1613,811697,California
San Bernardino,2021-05-17,10084,1420267,6804,793361,2987,582010,293,44896,4487,170546,5562,645927,4776,816473,California
San Bernardino,2021-05-18,13768,1434035,9151,802512,4369,586379,248,45144,6174,169397,7567,653494,6418,822891,California
San Bernardino,2021-05-19,11548,1445583,7224,809736,3944,590323,380,45524,5210,168679,6303,659797,5585,828476,California
San Bernardino,2021-05-20,11612,1457195,6951,816687,4344,594667,317,45841,5021,167467,6550,666347,5338,833814,California
San Bernardino,2021-05-21,12605,1469800,8344,825031,3879,598546,382,46223,5338,165970,7213,673560,5716,839530,California
San Bernardino,2021-05-22,8919,1478719,6684,831715,2027,600573,208,46431,4265,165833,4606,678166,4469,843999,California
San Bernardino,2021-05-23,2429,1481148,1544,833259,793,601366,92,46523,1124,165754,1294,679460,1215,845214,California
San Bernardino,2021-05-24,6965,1488113,4461,837720,2199,603565,305,46828,3088,165325,3821,683281,3392,848606,California
San Bernardino,2021-05-25,9326,1497439,5722,843442,3349,606914,255,47083,4098,164484,5191,688472,4350,852956,California
San Bernardino,2021-05-26,8234,1505673,5230,848672,2755,609669,249,47332,3730,163996,4461,692933,3973,856929,California
San Bernardino,2021-05-27,7660,1513333,4660,853332,2763,612432,237,47569,3445,163503,4175,697108,3682,860611,California
San Bernardino,2021-05-28,8798,1522131,5466,858798,3053,615485,279,47848,4358,163744,4394,701502,4635,865246,California
San Bernardino,2021-05-29,5051,1527182,3370,862168,1562,617047,119,47967,2558,163947,2473,703975,2676,867922,California
San Bernardino,2021-05-30,1743,1528925,1236,863404,428,617475,79,48046,847,163983,889,704864,925,868847,California
San Bernardino,2021-05-31,892,1529817,566,863970,310,617785,16,48062,315,163743,572,705436,332,869179,California
San Bernardino,2021-06-01,8642,1538459,5552,869522,2844,620629,246,48308,3359,162119,5226,710662,3602,872781,California
San Bernardino,2021-06-02,6838,1545297,4301,873823,2296,622925,241,48549,2880,161311,3925,714587,3117,875898,California
San Bernardino,2021-06-03,7964,1553261,5372,879195,2393,625318,199,48748,2699,158969,5240,719827,2898,878796,California
San Bernardino,2021-06-04,9130,1562391,6170,885365,2668,627986,292,49040,3139,156456,5943,725770,3430,882226,California
San Bernardino,2021-06-05,6545,1568936,4998,890363,1421,629407,126,49166,2244,154545,4278,730048,2367,884593,California
San Bernardino,2021-06-06,2026,1570962,1687,892050,275,629682,64,49230,666,153924,1351,731399,730,885323,California
San Bernardino,2021-06-07,6281,1577243,4884,896934,1183,630865,214,49444,1958,151794,4300,735699,2170,887493,California
San Bernardino,2021-06-08,8423,1585666,6114,903048,2086,632951,223,49667,2603,148859,5756,741455,2821,890314,California
San Bernardino,2021-06-09,6983,1592649,4964,908012,1827,634778,192,49859,2255,146628,4679,746134,2448,892762,California
San Bernardino,2021-06-10,7073,1599722,5001,913013,1868,636646,204,50063,2223,144251,4803,750937,2426,895188,California
San Bernardino,2021-06-11,8033,1607755,5620,918633,2186,638832,227,50290,2907,142304,5079,756016,3132,898320,California
San Bernardino,2021-06-12,5885,1613640,4636,923269,1128,639960,121,50411,1712,139988,4151,760167,1835,900155,California
San Bernardino,2021-06-13,1483,1615123,1053,924322,359,640319,71,50482,401,139381,1078,761245,471,900626,California
San Bernardino,2021-06-14,4920,1620043,3549,927871,1151,641470,220,50702,1798,138303,3094,764339,2016,902642,California
San Bernardino,2021-06-15,7159,1627202,5060,932931,1850,643320,249,50951,2550,136539,4558,768897,2794,905436,California
San Bernardino,2021-06-16,6354,1633556,4526,937457,1609,644929,219,51170,2333,135118,3974,772871,2553,907989,California
San Bernardino,2021-06-17,5638,1639194,3963,941420,1515,646444,160,51330,2202,134080,3399,776270,2361,910350,California
San Bernardino,2021-06-18,6861,1646055,4608,946028,2014,648458,239,51569,2581,132654,4244,780514,2818,913168,California
San Bernardino,2021-06-19,4058,1650113,3031,949059,895,649353,132,51701,1747,132244,2287,782801,1877,915045,California
San Bernardino,2021-06-20,1463,1651576,1124,950183,279,649632,60,51761,584,132016,872,783673,644,915689,California
San Bernardino,2021-06-21,3559,1655135,2305,952488,1029,650661,225,51986,1992,132682,1549,785222,2215,917904,California
San Bernardino,2021-06-22,5672,1660807,3863,956351,1594,652255,215,52201,2273,131802,3370,788592,2490,920394,California
San Bernardino,2021-06-23,5025,1665832,3564,959915,1267,653522,194,52395,2113,131221,2884,791476,2303,922697,California
San Bernardino,2021-06-24,4828,1670660,3350,963265,1269,654791,209,52604,2070,130770,2725,794201,2274,924971,California
San Bernardino,2021-06-25,5711,1676371,4072,967337,1436,656227,203,52807,2483,130251,3203,797404,2684,927655,California
San Bernardino,2021-06-26,3483,1679854,2694,970031,715,656942,74,52881,1610,130082,1852,799256,1683,929338,California
San Bernardino,2021-06-27,1426,1681280,1131,971162,243,657185,52,52933,662,130038,758,800014,714,930052,California
San Bernardino,2021-06-28,2478,1683758,1908,973070,464,657649,106,53039,1112,129899,1355,801369,1216,931268,California
San Diego,2020-12-15,119,119,119,119,0,0,0,0,119,119,0,0,119,119,California
San Diego,2020-12-16,1074,1193,1074,1193,0,0,0,0,1074,1193,0,0,1074,1193,California
San Diego,2020-12-17,2324,3517,2324,3517,0,0,0,0,2324,3517,0,0,2324,3517,California
San Diego,2020-12-18,3607,7124,3606,7123,1,1,0,0,3607,7124,0,0,3607,7124,California
San Diego,2020-12-19,2268,9392,2268,9391,0,1,0,0,2268,9392,0,0,2268,9392,California
San Diego,2020-12-20,1149,10541,1148,10539,1,2,0,0,1149,10541,0,0,1149,10541,California
San Diego,2020-12-21,3458,13999,3456,13995,2,4,0,0,3458,13999,0,0,3458,13999,California
San Diego,2020-12-22,4018,18017,3381,17376,637,641,0,0,4018,18017,0,0,4018,18017,California
San Diego,2020-12-23,3156,21173,1956,19332,1200,1841,0,0,3156,21173,0,0,3156,21173,California
San Diego,2020-12-24,2702,23875,2188,21520,514,2355,0,0,2702,23875,0,0,2702,23875,California
San Diego,2020-12-25,857,24732,856,22376,1,2356,0,0,857,24732,0,0,857,24732,California
San Diego,2020-12-26,3199,27931,2129,24505,1070,3426,0,0,3199,27931,0,0,3199,27931,California
San Diego,2020-12-27,2479,30410,1594,26099,885,4311,0,0,2478,30408,1,1,2478,30409,California
San Diego,2020-12-28,5830,36240,4156,30255,1674,5985,0,0,5830,36238,0,1,5830,36239,California
San Diego,2020-12-29,5497,41737,2943,33198,2554,8539,0,0,5497,41735,0,1,5497,41736,California
San Diego,2020-12-30,5846,47583,3047,36245,2799,11338,0,0,5846,47581,0,1,5846,47582,California
San Diego,2020-12-31,2965,50548,1025,37270,1940,13278,0,0,2965,50546,0,1,2965,50547,California
San Diego,2021-01-01,992,51540,442,37712,550,13828,0,0,992,51538,0,1,992,51539,California
San Diego,2021-01-02,3666,55206,1287,38999,2379,16207,0,0,3666,55204,0,1,3666,55205,California
San Diego,2021-01-03,833,56039,621,39620,212,16419,0,0,832,56036,0,1,832,56037,California
San Diego,2021-01-04,3640,59679,2018,41638,1622,18041,0,0,3634,59670,0,1,3634,59671,California
San Diego,2021-01-05,4294,63973,2142,43780,2152,20193,0,0,3711,62813,580,581,3723,63394,California
San Diego,2021-01-06,4831,68804,2246,46026,2585,22778,0,0,3636,65279,1174,1755,3640,67034,California
San Diego,2021-01-07,5547,74351,2930,48956,2617,25395,0,0,3432,66610,2110,3865,3441,70475,California
San Diego,2021-01-08,7791,82142,4887,53843,2904,28299,0,0,4057,66966,3718,7583,4074,74549,California
San Diego,2021-01-09,3416,85558,1906,55749,1510,29809,0,0,1893,67357,1513,9096,1904,76453,California
San Diego,2021-01-10,1846,87404,1276,57025,570,30379,0,0,757,67047,1077,10173,767,77220,California
San Diego,2021-01-11,10190,97594,5792,62817,4398,34777,0,0,6704,70290,3479,13652,6722,83942,California
San Diego,2021-01-12,10999,108593,5257,68074,5742,40519,0,0,7656,74722,3334,16986,7766,91708,California
San Diego,2021-01-13,11289,119882,4987,73061,6302,46821,0,0,8773,81016,2505,19491,8799,100507,California
San Diego,2021-01-14,11952,131834,4512,77573,7440,54261,0,0,9829,88764,2116,21607,9864,110371,California
San Diego,2021-01-15,14785,146619,5231,82804,9554,63815,0,0,12186,98427,2581,24188,12244,122615,California
San Diego,2021-01-16,10531,157150,3550,86354,6981,70796,0,0,9099,106130,1428,25616,9131,131746,California
San Diego,2021-01-17,8469,165619,2429,88783,6040,76836,0,0,7643,112966,826,26442,7662,139408,California
San Diego,2021-01-18,12659,178278,6218,95001,6441,83277,0,0,9851,120104,2777,29219,9915,149323,California
San Diego,2021-01-19,14405,192683,5625,100626,8780,92057,0,0,11311,128592,3085,32304,11573,160896,California
San Diego,2021-01-20,18065,210748,6328,106954,11737,103794,0,0,14768,140266,3277,35581,14951,175847,California
San Diego,2021-01-21,17030,227778,5744,112698,11286,115080,0,0,15662,154714,1359,36940,15807,191654,California
San Diego,2021-01-22,17198,244976,4580,117278,12618,127698,0,0,15201,168017,1984,38924,15287,206941,California
San Diego,2021-01-23,14057,259033,5201,122479,8856,136554,0,0,11793,177620,2252,41176,11855,218796,California
San Diego,2021-01-24,11568,270601,3248,125727,8320,144874,0,0,10606,187309,960,42136,10649,229445,California
San Diego,2021-01-25,11976,282577,5665,131392,6311,151185,0,0,9003,193505,2964,45100,9160,238605,California
San Diego,2021-01-26,14955,297532,7813,139205,7142,158327,0,0,11570,201883,3383,48483,11761,250366,California
San Diego,2021-01-27,20156,317688,7828,147033,12328,170655,0,0,17168,216219,2979,51462,17315,267681,California
San Diego,2021-01-28,20894,338582,7589,154622,13305,183960,0,0,18647,232718,2236,53698,18735,286416,California
San Diego,2021-01-29,19219,357801,6311,160933,12908,196868,0,0,16780,247124,2426,56124,16832,303248,California
San Diego,2021-01-30,15436,373237,3516,164449,11920,208788,0,0,12782,257369,2640,58764,12885,316133,California
San Diego,2021-01-31,14492,387729,5702,170151,8790,217578,0,0,14142,271198,345,59109,14174,330307,California
San Diego,2021-02-01,20485,408214,7499,177650,12986,230564,0,0,16987,284781,3480,62589,17063,347370,California
San Diego,2021-02-02,22486,430700,8283,185933,14203,244767,0,0,19254,300974,3224,65813,19417,366787,California
San Diego,2021-02-03,27207,457907,11698,197631,15509,260276,0,0,22980,319931,4207,70020,23164,389951,California
San Diego,2021-02-04,23804,481711,9805,207436,13999,274275,0,0,19255,334930,4534,74554,19533,409484,California
San Diego,2021-02-05,24230,505941,8593,216029,15637,289912,0,0,17819,346817,6386,80940,18273,427757,California
San Diego,2021-02-06,20389,526330,8442,224471,11947,301859,0,0,17179,361010,3207,84147,17400,445157,California
San Diego,2021-02-07,11897,538227,5307,229778,6590,308449,0,0,10051,369478,1835,85982,10303,455460,California
San Diego,2021-02-08,19784,558011,8413,238191,11371,319820,0,0,12420,375223,7350,93332,13095,468555,California
San Diego,2021-02-09,20139,578150,8236,246427,11903,331723,0,0,12966,382090,7152,100484,14019,482574,California
San Diego,2021-02-10,22608,600758,9264,255691,13344,345067,0,0,13631,388145,8926,109410,14981,497555,California
San Diego,2021-02-11,23461,624219,10079,265770,13382,358449,0,0,12551,391472,10884,120294,14211,511766,California
San Diego,2021-02-12,23260,647479,7276,273046,15984,374433,0,0,11536,393549,11706,132000,13783,525549,California
San Diego,2021-02-13,19731,667210,8952,281998,10779,385212,0,0,10736,396463,8987,140987,11901,537450,California
San Diego,2021-02-14,11017,678227,7325,289323,3692,388904,0,0,6129,399199,4884,145871,7620,545070,California
San Diego,2021-02-15,14967,693194,7560,296883,7407,396311,0,0,7584,402459,7361,153232,10621,555691,California
San Diego,2021-02-16,18990,712184,11084,307967,7906,404217,0,0,9031,404478,9948,163180,11967,567658,California
San Diego,2021-02-17,22957,735141,10731,318698,12226,416443,0,0,7849,400225,15094,178274,10841,578499,California
San Diego,2021-02-18,23270,758411,11902,330600,11368,427811,0,0,7632,396250,15627,193901,11652,590151,California
San Diego,2021-02-19,15639,774050,10873,341473,4766,432577,0,0,6362,395291,9254,203155,8295,598446,California
San Diego,2021-02-20,10057,784107,6294,347767,3763,436340,0,0,5620,398359,4427,207582,7495,605941,California
San Diego,2021-02-21,11418,795525,10014,357781,1404,437744,0,0,5027,398489,6385,213967,6515,612456,California
San Diego,2021-02-22,12201,807726,10402,368183,1799,439543,0,0,5582,399074,6614,220581,7199,619655,California
San Diego,2021-02-23,25203,832929,14094,382277,11109,450652,0,0,9222,398140,15971,236552,15037,634692,California
San Diego,2021-02-24,28456,861385,12584,394861,15872,466524,0,0,6624,390274,21812,258364,13946,648638,California
San Diego,2021-02-25,32497,893882,14409,409270,18088,484612,0,0,9784,385654,22691,281055,18071,666709,California
San Diego,2021-02-26,32678,926560,12130,421400,20548,505160,0,0,11673,383352,20974,302029,18672,685381,California
San Diego,2021-02-27,20708,947268,9361,430761,11347,516507,0,0,11097,389011,9605,311634,15264,700645,California
San Diego,2021-02-28,14913,962181,9748,440509,5165,521672,0,0,9252,395323,5660,317294,11972,712617,California
San Diego,2021-03-01,23934,986115,14113,454622,9820,531492,1,1,14499,404263,9355,326649,18295,730912,California
San Diego,2021-03-02,25797,1011912,13891,468513,11906,543398,0,1,12555,410189,13230,339879,19156,750068,California
San Diego,2021-03-03,33520,1045432,15776,484289,17741,561139,3,4,13827,411186,19667,359546,20664,770732,California
San Diego,2021-03-04,27840,1073272,13880,498169,13960,575099,0,4,12389,414782,15430,374976,19026,789758,California
San Diego,2021-03-05,28468,1101740,14664,512833,13724,588823,80,84,13296,419588,15144,390120,19950,809708,California
San Diego,2021-03-06,23034,1124774,9405,522238,12932,601755,697,781,10165,422188,12855,402975,15455,825163,California
San Diego,2021-03-07,17933,1142707,9133,531371,8232,609987,568,1349,6817,422034,11104,414079,10950,836113,California
San Diego,2021-03-08,22707,1165414,11043,542414,10758,620745,906,2255,11267,427548,11419,425498,16933,853046,California
San Diego,2021-03-09,25417,1190831,11701,554115,11965,632710,1751,4006,9950,427657,15450,440948,15559,868605,California
San Diego,2021-03-10,25076,1215907,10506,564621,12186,644896,2384,6390,9919,428800,15141,456089,16284,884889,California
San Diego,2021-03-11,28074,1243981,10784,575405,13770,658666,3520,9910,9784,427731,18265,474354,17196,902085,California
San Diego,2021-03-12,26863,1270844,9406,584811,14362,673028,3095,13005,9827,427235,17023,491377,16527,918612,California
San Diego,2021-03-13,25876,1296720,7194,592005,16924,689952,1758,14763,10010,427230,15861,507238,15856,934468,California
San Diego,2021-03-14,13683,1310403,5409,597414,7540,697492,734,15497,4765,426085,8909,516147,7764,942232,California
San Diego,2021-03-15,21760,1332163,10027,607441,10950,708442,783,16280,8959,426080,12783,528930,12778,955010,California
San Diego,2021-03-16,29536,1361699,15475,622916,13648,722090,413,16693,15597,431136,13915,542845,18971,973981,California
San Diego,2021-03-17,26086,1387785,12134,635050,13235,735325,717,17410,16668,441142,9401,552246,19407,993388,California
San Diego,2021-03-18,31107,1418892,17498,652548,12689,748014,920,18330,16941,446360,14131,566377,19349,1012737,California
San Diego,2021-03-19,30086,1448978,14259,666807,14774,762788,1053,19383,19279,457089,10787,577164,21516,1034253,California
San Diego,2021-03-20,27574,1476552,8393,675200,17407,780195,1774,21157,21273,474925,6290,583454,24126,1058379,California
San Diego,2021-03-21,16255,1492807,11856,687056,3704,783899,695,21852,7636,475963,8605,592059,9643,1068022,California
San Diego,2021-03-22,22383,1515190,13052,700108,9045,792944,286,22138,14259,485146,8110,600169,17293,1085315,California
San Diego,2021-03-23,25703,1540893,13475,713583,11942,804886,286,22424,17021,495805,8668,608837,19327,1104642,California
San Diego,2021-03-24,29272,1570165,19563,733146,9320,814206,389,22813,16976,502905,12283,621120,19383,1124025,California
San Diego,2021-03-25,30112,1600277,18130,751276,11300,825506,682,23495,17879,511351,12212,633332,20658,1144683,California
San Diego,2021-03-26,31826,1632103,17796,769072,13515,839021,515,24010,17378,517616,14423,647755,20688,1165371,California
San Diego,2021-03-27,25352,1657455,11037,780109,13935,852956,380,24390,15605,526116,9729,657484,18229,1183600,California
San Diego,2021-03-28,14990,1672445,9183,789292,5749,858705,58,24448,9233,531122,5750,663234,10756,1194356,California
San Diego,2021-03-29,26563,1699008,12828,802120,13105,871810,630,25078,16354,540338,10198,673432,19414,1213770,California
San Diego,2021-03-30,33046,1732054,17793,819913,14463,886273,790,25868,21885,553680,11148,684580,24490,1238260,California
San Diego,2021-03-31,30272,1762326,18675,838588,10889,897162,708,26576,20531,566300,9722,694302,22342,1260602,California
San Diego,2021-04-01,34108,1796434,19909,858497,12720,909882,1479,28055,23111,581229,10974,705276,25903,1286505,California
San Diego,2021-04-02,35594,1832028,20596,879093,12223,922105,2775,30830,23996,597850,11578,716854,28199,1314704,California
San Diego,2021-04-03,30722,1862750,14404,893497,11703,933808,4615,35445,19579,612110,11128,727982,25388,1340092,California
San Diego,2021-04-04,8986,1871736,5159,898656,2908,936716,919,36364,4775,613774,4205,732187,5869,1345961,California
San Diego,2021-04-05,29605,1901341,15324,913980,11596,948312,2685,39049,19213,627763,10375,742562,24364,1370325,California
San Diego,2021-04-06,38520,1939861,20274,934254,12349,960661,5897,44946,22146,641558,16354,758916,30149,1400474,California
San Diego,2021-04-07,35612,1975473,21855,956109,9210,969871,4547,49493,20156,652033,15431,774347,25906,1426380,California
San Diego,2021-04-08,34984,2010457,21244,977353,9611,979482,4129,53622,21129,666015,13834,788181,27816,1454196,California
San Diego,2021-04-09,38110,2048567,22736,1000089,10218,989700,5156,58778,20579,677572,17468,805649,29025,1483221,California
San Diego,2021-04-10,28944,2077511,11704,1011793,13251,1002951,3989,62767,14924,685487,14009,819658,21924,1505145,California
San Diego,2021-04-11,16135,2093646,9981,1021774,3859,1006810,2295,65062,7137,688922,8993,828651,12428,1517573,California
San Diego,2021-04-12,30611,2124257,12840,1034614,13497,1020307,4274,69336,16986,700229,13609,842260,24916,1542489,California
San Diego,2021-04-13,36894,2161151,17682,1052296,19177,1039484,35,69371,24466,715147,12407,854667,27325,1569814,California
San Diego,2021-04-14,32831,2193982,18810,1071106,14008,1053492,13,69384,17663,721991,15154,869821,21998,1591812,California
San Diego,2021-04-15,39256,2233238,20335,1091441,18912,1072404,9,69393,23747,733118,15484,885305,26611,1618423,California
San Diego,2021-04-16,33562,2266800,18457,1109898,15102,1087506,3,69396,19380,740751,14123,899428,21756,1640179,California
San Diego,2021-04-17,27847,2294647,13523,1123421,14324,1101830,0,69396,12297,740651,15455,914883,15355,1655534,California
San Diego,2021-04-18,14629,2309276,9085,1132506,5541,1107371,3,69399,6783,742557,7833,922716,9739,1665273,California
San Diego,2021-04-19,26553,2335829,13569,1146075,12982,1120353,2,69401,12448,742641,14086,936802,14170,1679443,California
San Diego,2021-04-20,39604,2375433,18390,1164465,21212,1141565,2,69403,20192,746399,19389,956191,23147,1702590,California
San Diego,2021-04-21,36384,2411817,21993,1186458,14391,1155956,0,69403,17774,748659,18569,974760,20829,1723419,California
San Diego,2021-04-22,44911,2456728,23293,1209751,21614,1177570,4,69407,22436,751704,22434,997194,25479,1748898,California
San Diego,2021-04-23,42700,2499428,26508,1236259,16190,1193760,2,69409,15967,744158,26697,1023891,19151,1768049,California
San Diego,2021-04-24,34895,2534323,18890,1255149,15990,1209750,15,69424,15561,743612,19295,1043186,18749,1786798,California
San Diego,2021-04-25,12632,2546955,7667,1262816,4965,1214715,0,69424,5888,744128,6732,1049918,7248,1794046,California
San Diego,2021-04-26,33411,2580366,16791,1279607,16481,1231196,139,69563,11706,738689,21682,1071600,16243,1810289,California
San Diego,2021-04-27,44786,2625152,24660,1304267,19572,1250768,554,70117,19747,737054,24995,1096595,23360,1833649,California
San Diego,2021-04-28,38465,2663617,22814,1327081,14976,1265744,675,70792,17422,736396,21000,1117595,20342,1853991,California
San Diego,2021-04-29,38299,2701916,24448,1351529,13194,1278938,657,71449,15564,731625,22698,1140293,17927,1871918,California
San Diego,2021-04-30,38256,2740172,23235,1374764,13940,1292878,1081,72530,15037,726411,23179,1163472,17965,1889883,California
San Diego,2021-05-01,24209,2764381,10669,1385433,12902,1305780,638,73168,9503,724011,14697,1178169,12297,1902180,California
San Diego,2021-05-02,10604,2774985,7428,1392861,2594,1308374,582,73750,3226,720777,7374,1185543,4140,1906320,California
San Diego,2021-05-03,25183,2800168,12378,1405239,11655,1320029,1150,74900,9248,716081,15912,1201455,11216,1917536,California
San Diego,2021-05-04,32030,2832198,17818,1423057,12933,1332962,1279,76179,11561,709576,20441,1221896,13936,1931472,California
San Diego,2021-05-05,27976,2860174,17225,1440282,9472,1342434,1279,77458,10655,705166,17298,1239194,12888,1944360,California
San Diego,2021-05-06,28525,2888699,18958,1459240,8656,1351090,911,78369,10767,701563,17728,1256922,14125,1958485,California
San Diego,2021-05-07,29708,2918407,19456,1478696,9212,1360302,1040,79409,11015,696176,18658,1275580,13271,1971756,California
San Diego,2021-05-08,23089,2941496,11102,1489798,11244,1371546,743,80152,7253,689798,15809,1291389,9431,1981187,California
San Diego,2021-05-09,7521,2949017,5663,1495461,1452,1372998,406,80558,2572,688254,4943,1296332,3399,1984586,California
San Diego,2021-05-10,21751,2970768,8652,1504113,12279,1385277,820,81378,5869,680372,15852,1312184,7970,1992556,California
San Diego,2021-05-11,28781,2999549,12215,1516328,15749,1401026,817,82195,10093,674347,18659,1330843,12634,2005190,California
San Diego,2021-05-12,23088,3022637,12628,1528956,9588,1410614,872,83067,8311,669910,14749,1345592,10312,2015502,California
San Diego,2021-05-13,31416,3054053,19051,1548007,11726,1422340,639,83706,13013,667809,18345,1363937,16244,2031746,California
San Diego,2021-05-14,30845,3084898,19786,1567793,10222,1432562,837,84543,13974,667872,16829,1380766,16892,2048638,California
San Diego,2021-05-15,26112,3111010,16421,1584214,8869,1441431,822,85365,10771,665149,15285,1396051,12562,2061200,California
San Diego,2021-05-16,13642,3124652,10203,1594417,2877,1444308,562,85927,6708,665890,6921,1402972,7662,2068862,California
San Diego,2021-05-17,21345,3145997,12929,1607346,7672,1451980,744,86671,8803,663805,12504,1415476,10419,2079281,California
San Diego,2021-05-18,34205,3180202,19377,1626723,13965,1465945,863,87534,13259,658447,20913,1436389,15555,2094836,California
San Diego,2021-05-19,28362,3208564,17787,1644510,9795,1475740,780,88314,11943,655906,16387,1452776,13846,2108682,California
San Diego,2021-05-20,34761,3243325,19216,1663726,14727,1490467,818,89132,11639,646820,23090,1475866,14004,2122686,California
San Diego,2021-05-21,26977,3270302,17135,1680861,8853,1499320,989,90121,10820,643744,16125,1491991,13049,2135735,California
San Diego,2021-05-22,21495,3291797,12384,1693245,7864,1507184,1247,91368,8965,642574,12506,1504497,11336,2147071,California
San Diego,2021-05-23,7330,3299127,5227,1698472,1795,1508979,308,91676,3459,642877,3847,1508344,4150,2151221,California
San Diego,2021-05-24,17821,3316948,9097,1707569,6816,1515795,1908,93584,6390,640622,11413,1519757,9158,2160379,California
San Diego,2021-05-25,24198,3341146,13090,1720659,9269,1525064,1839,95423,8427,636305,15742,1535499,11425,2171804,California
San Diego,2021-05-26,19116,3360262,10592,1731251,6514,1531578,2010,97433,6572,633237,12513,1548012,9445,2181249,California
San Diego,2021-05-27,20612,3380874,11944,1743195,6277,1537855,2391,99824,6925,629993,13667,1561679,10423,2191672,California
San Diego,2021-05-28,21246,3402120,13183,1756378,7355,1545210,708,100532,8352,627316,12875,1574554,10198,2201870,California
San Diego,2021-05-29,11971,3414091,7563,1763941,3919,1549129,489,101021,5143,626648,6815,1581369,6147,2208017,California
San Diego,2021-05-30,4668,3418759,3189,1767130,1101,1550230,378,101399,2002,626597,2660,1584029,2609,2210626,California
San Diego,2021-05-31,2586,3421345,1744,1768874,671,1550901,171,101570,849,626013,1730,1585759,1146,2211772,California
San Diego,2021-06-01,21241,3442586,11317,1780191,8295,1559196,1629,103199,5742,618850,15473,1601232,8310,2220082,California
San Diego,2021-06-02,17054,3459640,8800,1788991,6181,1565377,2073,105272,5472,615560,11556,1612788,8266,2228348,California
San Diego,2021-06-03,19182,3478822,11989,1800980,5394,1570771,1799,107071,5170,609579,13991,1626779,8010,2236358,California
San Diego,2021-06-04,19796,3498618,13825,1814805,5356,1576127,615,107686,5727,603775,14039,1640818,8235,2244593,California
San Diego,2021-06-05,15775,3514393,11998,1826803,2995,1579122,782,108468,4492,598754,11266,1652084,6245,2250838,California
San Diego,2021-06-06,5583,3519976,4514,1831317,758,1579880,311,108779,1591,597485,3981,1656065,2712,2253550,California
San Diego,2021-06-07,12759,3532735,8008,1839325,3402,1583282,1349,110128,3546,593930,9195,1665260,5640,2259190,California
San Diego,2021-06-08,20456,3553191,14451,1853776,4119,1587401,1886,112014,4990,586409,15453,1680713,7932,2267122,California
San Diego,2021-06-09,17021,3570212,11333,1865109,3739,1591140,1949,113963,4369,581049,12637,1693350,7277,2274399,California
San Diego,2021-06-10,17852,3588064,11846,1876955,3929,1595069,2077,116040,4378,575138,13447,1706797,7536,2281935,California
San Diego,2021-06-11,15774,3603838,10049,1887004,4377,1599446,1348,117388,4315,570302,11429,1718226,6593,2288528,California
San Diego,2021-06-12,10978,3614816,8413,1895417,2143,1601589,422,117810,3168,566738,7791,1726017,4227,2292755,California
San Diego,2021-06-13,4148,3618964,3101,1898518,842,1602431,205,118015,1017,565231,3125,1729142,1618,2294373,California
San Diego,2021-06-14,12611,3631575,7566,1906084,2854,1605285,2191,120206,3571,562623,9026,1738168,6418,2300791,California
San Diego,2021-06-15,17886,3649461,10241,1916325,4210,1609495,3435,123641,4729,558557,13147,1751315,9081,2309872,California
San Diego,2021-06-16,13957,3663418,8869,1925194,2773,1612268,2315,125956,4472,556659,9471,1760786,7573,2317445,California
San Diego,2021-06-17,14712,3678130,8452,1933646,3424,1615692,2836,128792,4154,553756,10546,1771332,7643,2325088,California
San Diego,2021-06-18,14128,3692258,8739,1942385,3564,1619256,1825,130617,4428,551115,9690,1781022,7049,2332137,California
San Diego,2021-06-19,7536,3699794,5561,1947946,1514,1620770,461,131078,2760,550111,4755,1785777,3751,2335888,California
San Diego,2021-06-20,3100,3702894,2250,1950196,650,1621420,200,131278,1153,549740,1942,1787719,1571,2337459,California
San Diego,2021-06-21,9115,3712009,5149,1955345,2425,1623845,1541,132819,3898,550509,5210,1792929,5979,2343438,California
San Diego,2021-06-22,11277,3723286,7549,1962894,2581,1626426,1147,133966,4440,549952,6831,1799760,6274,2349712,California
San Diego,2021-06-23,10788,3734074,7044,1969938,2312,1628738,1432,135398,4424,550103,6355,1806115,6506,2356218,California
San Diego,2021-06-24,10008,3744082,6538,1976476,2712,1631450,758,136156,4043,549568,5958,1812073,5423,2361641,California
San Diego,2021-06-25,10540,3754622,7343,1983819,2595,1634045,602,136758,4098,548467,6433,1818506,5332,2366973,California
San Diego,2021-06-26,6660,3761282,5228,1989047,1123,1635168,309,137067,2674,548048,3978,1822484,3559,2370532,California
San Diego,2021-06-27,3009,3764291,2307,1991354,496,1635664,206,137273,1342,548174,1664,1824148,1790,2372322,California
San Diego,2021-06-28,3384,3767675,2488,1993842,532,1636196,364,137637,1857,549038,1524,1825672,2388,2374710,California
San Francisco,2020-12-15,6,6,6,6,0,0,0,0,6,6,0,0,6,6,California
San Francisco,2020-12-16,232,238,232,238,0,0,0,0,232,238,0,0,232,238,California
San Francisco,2020-12-17,414,652,414,652,0,0,0,0,414,652,0,0,414,652,California
San Francisco,2020-12-18,907,1559,906,1558,1,1,0,0,907,1559,0,0,907,1559,California
San Francisco,2020-12-19,607,2166,607,2165,0,1,0,0,607,2166,0,0,607,2166,California
San Francisco,2020-12-20,481,2647,481,2646,0,1,0,0,481,2647,0,0,481,2647,California
San Francisco,2020-12-21,1162,3809,1162,3808,0,1,0,0,1162,3809,0,0,1162,3809,California
San Francisco,2020-12-22,1396,5205,1362,5170,34,35,0,0,1396,5205,0,0,1396,5205,California
San Francisco,2020-12-23,1351,6556,1053,6223,298,333,0,0,1351,6556,0,0,1351,6556,California
San Francisco,2020-12-24,843,7399,505,6728,338,671,0,0,843,7399,0,0,843,7399,California
San Francisco,2020-12-25,37,7436,31,6759,6,677,0,0,37,7436,0,0,37,7436,California
San Francisco,2020-12-26,248,7684,153,6912,95,772,0,0,248,7684,0,0,248,7684,California
San Francisco,2020-12-27,274,7958,60,6972,214,986,0,0,274,7958,0,0,274,7958,California
San Francisco,2020-12-28,1278,9236,692,7664,586,1572,0,0,1278,9236,0,0,1278,9236,California
San Francisco,2020-12-29,1262,10498,632,8296,630,2202,0,0,1262,10498,0,0,1262,10498,California
San Francisco,2020-12-30,1486,11984,779,9075,707,2909,0,0,1486,11984,0,0,1486,11984,California
San Francisco,2020-12-31,978,12962,415,9490,563,3472,0,0,977,12961,0,0,977,12961,California
San Francisco,2021-01-01,105,13067,78,9568,27,3499,0,0,105,13066,0,0,105,13066,California
San Francisco,2021-01-02,336,13403,301,9869,35,3534,0,0,336,13402,0,0,336,13402,California
San Francisco,2021-01-03,299,13702,105,9974,194,3728,0,0,298,13699,1,1,298,13700,California
San Francisco,2021-01-04,1845,15547,1358,11332,487,4215,0,0,1842,15538,3,4,1842,15542,California
San Francisco,2021-01-05,2242,17789,1422,12754,820,5035,0,0,2203,17704,39,43,2205,17747,California
San Francisco,2021-01-06,1876,19665,1162,13916,714,5749,0,0,1607,19045,267,310,1608,19355,California
San Francisco,2021-01-07,2075,21740,1210,15126,865,6614,0,0,1601,20175,471,781,1601,20956,California
San Francisco,2021-01-08,2335,24075,1644,16770,691,7305,0,0,1473,20791,857,1638,1473,22429,California
San Francisco,2021-01-09,1397,25472,900,17670,497,7802,0,0,888,21172,509,2147,890,23319,California
San Francisco,2021-01-10,919,26391,541,18211,378,8180,0,0,460,21174,458,2605,460,23779,California
San Francisco,2021-01-11,2511,28902,1871,20082,640,8820,0,0,1406,21474,1106,3711,1406,25185,California
San Francisco,2021-01-12,3095,31997,2060,22142,1035,9855,0,0,1900,22182,1194,4905,1902,27087,California
San Francisco,2021-01-13,2845,34842,1614,23756,1231,11086,0,0,2007,23351,838,5743,2007,29094,California
San Francisco,2021-01-14,2461,37303,1110,24866,1351,12437,0,0,1895,24680,566,6309,1895,30989,California
San Francisco,2021-01-15,2773,40076,1163,26029,1610,14047,0,0,2370,26651,401,6710,2372,33361,California
San Francisco,2021-01-16,2237,42313,937,26966,1300,15347,0,0,2068,28552,169,6879,2070,35431,California
San Francisco,2021-01-17,1943,44256,538,27504,1405,16752,0,0,1724,30057,219,7098,1724,37155,California
San Francisco,2021-01-18,1388,45644,602,28106,786,17538,0,0,1118,30907,269,7367,1119,38274,California
San Francisco,2021-01-19,2601,48245,1481,29587,1120,18658,0,0,1845,31996,756,8123,1845,40119,California
San Francisco,2021-01-20,2835,51080,1187,30774,1648,20306,0,0,2075,33315,757,8880,2076,42195,California
San Francisco,2021-01-21,3443,54523,1038,31812,2405,22711,0,0,2566,35005,876,9756,2566,44761,California
San Francisco,2021-01-22,3250,57773,678,32490,2572,25283,0,0,2801,37359,447,10203,2801,47562,California
San Francisco,2021-01-23,3115,60888,610,33100,2505,27788,0,0,2746,39738,368,10571,2747,50309,California
San Francisco,2021-01-24,2432,63320,363,33463,2069,29857,0,0,2198,41706,230,10801,2198,52507,California
San Francisco,2021-01-25,4646,67966,1837,35300,2809,32666,0,0,3055,43174,1588,12389,3056,55563,California
San Francisco,2021-01-26,4756,72722,2182,37482,2574,35240,0,0,3106,44635,1647,14036,3108,58671,California
San Francisco,2021-01-27,4382,77104,1981,39463,2401,37641,0,0,3071,46397,1309,15345,3071,61742,California
San Francisco,2021-01-28,3802,80906,1579,41042,2223,39864,0,0,2628,47860,1166,16511,2629,64371,California
San Francisco,2021-01-29,4835,85741,1761,42803,3074,42938,0,0,3510,50082,1288,17799,3510,67881,California
San Francisco,2021-01-30,3812,89553,1847,44650,1965,44903,0,0,3350,52976,460,18259,3354,71235,California
San Francisco,2021-01-31,2360,91913,820,45470,1540,46443,0,0,2209,55036,150,18409,2210,73445,California
San Francisco,2021-02-01,4005,95918,1715,47185,2290,48733,0,0,2923,56878,1082,19491,2924,76369,California
San Francisco,2021-02-02,4570,100488,1823,49008,2747,51480,0,0,2956,58226,1608,21099,2956,79325,California
San Francisco,2021-02-03,5122,105610,2403,51411,2719,54199,0,0,3797,60701,1323,22422,3798,83123,California
San Francisco,2021-02-04,5072,110682,2445,53856,2627,56826,0,0,3892,63415,1178,23600,3892,87015,California
San Francisco,2021-02-05,6004,116686,3241,57097,2763,59589,0,0,4648,66710,1354,24954,4649,91664,California
San Francisco,2021-02-06,5483,122169,3661,60758,1822,61411,0,0,4609,70478,843,25797,4611,96275,California
San Francisco,2021-02-07,4366,126535,3211,63969,1155,62566,0,0,3783,73685,580,26377,3787,100062,California
San Francisco,2021-02-08,6773,133308,4657,68626,2116,64682,0,0,5539,78009,1218,27595,5542,105604,California
San Francisco,2021-02-09,5967,139275,4016,72642,1951,66633,0,0,4409,80853,1567,29162,4411,110015,California
San Francisco,2021-02-10,6941,146216,4201,76843,2740,69373,0,0,5065,84051,1871,31033,5069,115084,California
San Francisco,2021-02-11,6754,152970,4004,80847,2750,72123,0,0,4888,87081,1861,32894,4891,119975,California
San Francisco,2021-02-12,5370,158340,2693,83540,2677,74800,0,0,3482,88673,1890,34784,3482,123457,California
San Francisco,2021-02-13,4417,162757,2588,86128,1829,76629,0,0,3068,90396,1348,36132,3071,126528,California
San Francisco,2021-02-14,3441,166198,2256,88384,1185,77814,0,0,2306,91570,1134,37266,2308,128836,California
San Francisco,2021-02-15,2803,169001,1517,89901,1286,79100,0,0,1682,92136,1116,38382,1682,130518,California
San Francisco,2021-02-16,5149,174150,2834,92735,2315,81415,0,0,3003,93007,2139,40521,3010,133528,California
San Francisco,2021-02-17,5388,179538,2646,95381,2742,84157,0,0,2967,93568,2409,42930,2970,136498,California
San Francisco,2021-02-18,5429,184967,2654,98035,2775,86932,0,0,2810,93768,2616,45546,2816,139314,California
San Francisco,2021-02-19,5694,190661,2675,100710,3019,89951,0,0,2955,93992,2732,48278,2956,142270,California
San Francisco,2021-02-20,4641,195302,2250,102960,2391,92342,0,0,1736,92836,2894,51172,1738,144008,California
San Francisco,2021-02-21,2956,198258,1558,104518,1398,93740,0,0,1317,92524,1630,52802,1318,145326,California
San Francisco,2021-02-22,5294,203552,3298,107816,1996,95736,0,0,2641,92525,2643,55445,2644,147970,California
San Francisco,2021-02-23,5710,209262,3250,111066,2460,98196,0,0,2896,92615,2806,58251,2896,150866,California
San Francisco,2021-02-24,9145,218407,5175,116241,3970,102166,0,0,4884,93254,4248,62499,4887,155753,California
San Francisco,2021-02-25,10068,228475,7032,123273,3036,105202,0,0,6467,96125,3598,66097,6469,162222,California
San Francisco,2021-02-26,12384,240859,8040,131313,4344,109546,0,0,7314,98371,5069,71166,7315,169537,California
San Francisco,2021-02-27,9418,250277,6060,137373,3357,112903,1,1,4694,98356,4711,75877,4696,174233,California
San Francisco,2021-02-28,7922,258199,5661,143034,2261,115164,0,1,3870,98180,4047,79924,3871,178104,California
San Francisco,2021-03-01,11411,269610,7699,150733,3707,118871,5,6,5563,97929,5821,85745,5570,183674,California
San Francisco,2021-03-02,10041,279651,6761,157494,3280,122151,0,6,5676,99252,4354,90099,5677,189351,California
San Francisco,2021-03-03,11406,291057,6656,164150,4749,126900,1,7,6259,100382,5133,95232,6263,195614,California
San Francisco,2021-03-04,8811,299868,5530,169680,3281,130181,0,7,4969,101521,3832,99064,4971,200585,California
San Francisco,2021-03-05,9256,309124,5663,175343,3589,133770,4,11,5801,103886,3441,102505,5806,206391,California
San Francisco,2021-03-06,7237,316361,4694,180037,2334,136104,209,220,4539,105920,2711,105216,4745,211136,California
San Francisco,2021-03-07,5419,321780,4225,184262,1134,137238,60,280,3120,106789,2311,107527,3180,214316,California
San Francisco,2021-03-08,7553,329333,5485,189747,1879,139117,189,469,5961,111315,1623,109150,6149,220465,California
San Francisco,2021-03-09,8347,337680,5530,195277,2440,141557,377,846,6088,115511,2264,111414,6460,226925,California
San Francisco,2021-03-10,11276,348956,6619,201896,4153,145710,504,1350,7043,118846,4210,115624,7545,234470,California
San Francisco,2021-03-11,10127,359083,6387,208283,2769,148479,971,2321,6635,122967,3473,119097,7594,242064,California
San Francisco,2021-03-12,10896,369979,6359,214642,3187,151666,1350,3671,6060,125555,4815,123912,7403,249467,California
San Francisco,2021-03-13,6764,376743,3947,218589,1734,153400,1083,4754,4197,128276,2557,126469,5278,254745,California
San Francisco,2021-03-14,7583,384326,4933,223522,2404,155804,246,5000,3961,128879,3603,130072,4206,258951,California
San Francisco,2021-03-15,12127,396453,9275,232797,1906,157710,946,5946,8367,134451,3743,133815,9315,268266,California
San Francisco,2021-03-16,12267,408720,8340,241137,3448,161158,479,6425,8803,140295,3441,137256,9285,277551,California
San Francisco,2021-03-17,13611,422331,8454,249591,4526,165684,631,7056,9757,146853,3823,141079,10381,287932,California
San Francisco,2021-03-18,10290,432621,7046,256637,2618,168302,626,7682,5867,148940,4398,145477,6485,294417,California
San Francisco,2021-03-19,12591,445212,9234,265871,2884,171186,473,8155,6589,150019,5974,151451,7053,301470,California
San Francisco,2021-03-20,8949,454161,6588,272459,1894,173080,467,8622,5195,151962,3722,155173,5665,307135,California
San Francisco,2021-03-21,6697,460858,6138,278597,420,173500,139,8761,3764,152947,2916,158089,3901,311036,California
San Francisco,2021-03-22,9996,470854,6963,285560,2194,175694,839,9600,5160,154132,4811,162900,5996,317032,California
San Francisco,2021-03-23,11394,482248,7585,293145,3159,178853,650,10250,6341,156092,5023,167923,6983,324015,California
San Francisco,2021-03-24,12410,494658,9510,302655,2362,181215,538,10788,6172,156597,6196,174119,6701,330716,California
San Francisco,2021-03-25,12011,506669,8766,311421,2678,183893,567,11355,5825,156873,6113,180232,6389,337105,California
San Francisco,2021-03-26,12056,518725,8355,319776,3467,187360,234,11589,5840,156761,6181,186413,6069,343174,California
San Francisco,2021-03-27,8892,527617,5910,325686,2630,189990,352,11941,3817,155877,5051,191464,4167,347341,California
San Francisco,2021-03-28,6676,534293,5327,331013,1307,191297,42,11983,2975,155216,3675,195139,3014,350355,California
San Francisco,2021-03-29,11653,545946,8019,339032,3450,194747,184,12167,4819,153414,6803,201942,5001,355356,California
San Francisco,2021-03-30,11692,557638,7320,346352,4082,198829,290,12457,5509,153056,6156,208098,5798,361154,California
San Francisco,2021-03-31,12322,569960,8195,354547,3828,202657,299,12756,4913,150886,7375,215473,5205,366359,California
San Francisco,2021-04-01,14022,583982,7442,361989,4882,207539,1698,14454,6038,150652,7943,223416,7709,374068,California
San Francisco,2021-04-02,14894,598876,6578,368567,6426,213965,1890,16344,6948,151553,7922,231338,8823,382891,California
San Francisco,2021-04-03,10619,609495,4931,373498,3861,217826,1827,18171,4805,152381,5794,237132,6622,389513,California
San Francisco,2021-04-04,9056,618551,4805,378303,2594,220420,1657,19828,3576,152146,5461,242593,5226,394739,California
San Francisco,2021-04-05,16120,634671,9842,388145,4387,224807,1891,21719,6282,150503,9807,252400,8164,402903,California
San Francisco,2021-04-06,16158,650829,9544,397689,4543,229350,2071,23790,6282,148996,9847,262247,8340,411243,California
San Francisco,2021-04-07,16898,667727,10053,407742,4605,233955,2240,26030,7005,148353,9867,272114,9224,420467,California
San Francisco,2021-04-08,14248,681975,6781,414523,3034,236989,4433,30463,4637,147816,9573,281687,9036,429503,California
San Francisco,2021-04-09,15888,697863,7684,422207,4840,241829,3364,33827,6623,148549,9231,290918,9964,439467,California
San Francisco,2021-04-10,13365,711228,5714,427921,5894,247723,1757,35584,7110,151171,6228,297146,8850,448317,California
San Francisco,2021-04-11,10075,721303,7549,435470,1347,249070,1179,36763,5208,152699,4852,301998,6380,454697,California
San Francisco,2021-04-12,10653,731956,6917,442387,2582,251652,1154,37917,4876,152969,5752,307750,6022,460719,California
San Francisco,2021-04-13,10868,742824,7365,449752,3491,255143,12,37929,5473,153091,5368,313118,5490,466209,California
San Francisco,2021-04-14,13392,756216,8066,457818,5325,260468,1,37930,6356,152454,6996,320114,6359,472568,California
San Francisco,2021-04-15,13878,770094,9612,467430,4265,264733,1,37931,8070,154756,5774,325888,8076,480644,California
San Francisco,2021-04-16,13047,783141,8768,476198,4235,268968,44,37975,7611,157011,5405,331293,7660,488304,California
San Francisco,2021-04-17,10251,793392,7383,483581,2867,271835,1,37976,7237,161257,2996,334289,7242,495546,California
San Francisco,2021-04-18,6943,800335,5379,488960,1562,273397,2,37978,4309,162956,2614,336903,4313,499859,California
San Francisco,2021-04-19,11089,811424,8309,497269,2775,276172,5,37983,7087,166075,3984,340887,7103,506962,California
San Francisco,2021-04-20,13091,824515,7896,505165,5193,281365,2,37985,8909,170837,4152,345039,8914,515876,California
San Francisco,2021-04-21,11913,836428,8748,513913,3160,284525,5,37990,7229,173421,4655,349694,7239,523115,California
San Francisco,2021-04-22,11073,847501,8276,522189,2796,287321,1,37991,6361,175110,4680,354374,6369,529484,California
San Francisco,2021-04-23,10926,858427,6407,528596,4519,291840,0,37991,6478,177179,4418,358792,6487,535971,California
San Francisco,2021-04-24,7969,866396,5477,534073,2492,294332,0,37991,4710,178660,3238,362030,4719,540690,California
San Francisco,2021-04-25,5042,871438,4334,538407,702,295034,6,37997,2947,179536,2082,364112,2958,543648,California
San Francisco,2021-04-26,8529,879967,6079,544486,2438,297472,12,38009,4249,179562,4251,368363,4277,547925,California
San Francisco,2021-04-27,8981,888948,6109,550595,2702,300174,170,38179,4486,179759,4469,372832,4666,552591,California
San Francisco,2021-04-28,9959,898907,6973,557568,2795,302969,191,38370,5229,180488,4698,377530,5427,558018,California
San Francisco,2021-04-29,9800,908707,5831,563399,3775,306744,194,38564,4820,180563,4953,382483,5028,563046,California
San Francisco,2021-04-30,11336,920043,5606,569005,5527,312271,203,38767,4228,177939,7062,389545,4438,567484,California
San Francisco,2021-05-01,6997,927040,3595,572600,3287,315558,115,38882,1701,174495,5261,394806,1817,569301,California
San Francisco,2021-05-02,5334,932374,3091,575691,2145,317703,98,38980,975,171223,4349,399155,1077,570378,California
San Francisco,2021-05-03,9699,942073,6607,582298,2928,320631,164,39144,2441,166610,7226,406381,2613,572991,California
San Francisco,2021-05-04,9841,951914,6431,588729,3159,323790,251,39395,2382,161822,7426,413807,2638,575629,California
San Francisco,2021-05-05,9268,961182,6572,595301,2383,326173,313,39708,2272,157463,6948,420755,2589,578218,California
San Francisco,2021-05-06,10972,972154,8785,604086,1715,327888,472,40180,1907,150813,9031,429786,2381,580599,California
San Francisco,2021-05-07,10323,982477,6671,610757,3379,331267,273,40453,1678,144144,8618,438404,1949,582548,California
San Francisco,2021-05-08,8901,991378,4055,614812,4716,335983,130,40583,1095,137597,7773,446177,1226,583774,California
San Francisco,2021-05-09,6745,998123,5857,620669,805,336788,83,40666,1086,133124,5636,451813,1163,584937,California
San Francisco,2021-05-10,7387,1005510,5324,625993,1808,338596,255,40921,1005,128033,6350,458163,1259,586196,California
San Francisco,2021-05-11,8150,1013660,6023,632016,1908,340504,219,41140,1492,123121,6622,464785,1710,587906,California
San Francisco,2021-05-12,8380,1022040,6145,638161,1778,342282,457,41597,1489,118205,6858,471643,1942,589848,California
San Francisco,2021-05-13,11375,1033415,8372,646533,2777,345059,226,41823,4168,115430,7177,478820,4402,594250,California
San Francisco,2021-05-14,9567,1042982,6814,653347,2582,347641,171,41994,2974,112024,6562,485382,3156,597406,California
San Francisco,2021-05-15,8124,1051106,6432,659779,1636,349277,56,42050,3195,110374,4913,490295,3263,600669,California
San Francisco,2021-05-16,5285,1056391,4447,664226,779,350056,59,42109,2013,109195,3252,493547,2073,602742,California
San Francisco,2021-05-17,7399,1063790,5516,669742,1718,351774,165,42274,2380,106745,4998,498545,2548,605290,California
San Francisco,2021-05-18,8758,1072548,5016,674758,3566,355340,176,42450,1827,101865,6883,505428,2003,607293,California
San Francisco,2021-05-19,7491,1080039,5545,680303,1711,357051,235,42685,2164,98963,5299,510727,2397,609690,California
San Francisco,2021-05-20,6140,1086179,4125,684428,1764,358815,251,42936,1493,96093,4609,515336,1739,611429,California
San Francisco,2021-05-21,7190,1093369,4071,688499,2933,361748,186,43122,1571,92273,5572,520908,1752,613181,California
San Francisco,2021-05-22,4804,1098173,3619,692118,1094,362842,91,43213,2180,91939,2604,523512,2270,615451,California
San Francisco,2021-05-23,1939,1100112,1485,693603,380,363222,74,43287,850,91785,1079,524591,925,616376,California
San Francisco,2021-05-24,4228,1104340,2999,696602,1066,364288,163,43450,1235,90218,2967,527558,1400,617776,California
San Francisco,2021-05-25,3695,1108035,2401,699003,1071,365359,223,43673,1029,88818,2647,530205,1247,619023,California
San Francisco,2021-05-26,3961,1111996,2554,701557,1261,366620,146,43819,1046,87120,2890,533095,1192,620215,California
San Francisco,2021-05-27,3713,1115709,2141,703698,1396,368016,176,43995,1162,85918,2539,535634,1337,621552,California
San Francisco,2021-05-28,3780,1119489,2153,705851,1465,369481,162,44157,1314,84955,2438,538072,1475,623027,California
San Francisco,2021-05-29,2029,1121518,1461,707312,466,369947,102,44259,787,84617,1221,539293,883,623910,California
San Francisco,2021-05-30,961,1122479,687,707999,237,370184,37,44296,388,84473,569,539862,425,624335,California
San Francisco,2021-05-31,258,1122737,209,708208,42,370226,7,44303,85,84394,171,540033,92,624427,California
San Francisco,2021-06-01,3568,1126305,2159,710367,1222,371448,187,44490,1057,83140,2495,542528,1241,625668,California
San Francisco,2021-06-02,2454,1128759,1774,712141,557,372005,123,44613,807,82431,1634,544162,925,626593,California
San Francisco,2021-06-03,3952,1132711,2711,714852,1038,373043,203,44816,915,80525,3019,547181,1113,627706,California
San Francisco,2021-06-04,5718,1138429,4845,719697,737,373780,136,44952,1241,77455,4442,551623,1372,629078,California
San Francisco,2021-06-05,3710,1142139,3133,722830,429,374209,148,45100,873,75647,2825,554448,1017,630095,California
San Francisco,2021-06-06,2329,1144468,2179,725009,112,374321,38,45138,390,74143,1932,556380,428,630523,California
San Francisco,2021-06-07,3635,1148103,3013,728022,488,374809,134,45272,863,72385,2753,559133,995,631518,California
San Francisco,2021-06-08,2826,1150929,2222,730244,438,375247,166,45438,796,71328,2013,561146,956,632474,California
San Francisco,2021-06-09,2314,1153243,1853,732097,325,375572,136,45574,649,70462,1649,562795,783,633257,California
San Francisco,2021-06-10,2494,1155737,1906,734003,398,375970,190,45764,749,69668,1733,564528,939,634196,California
San Francisco,2021-06-11,3157,1158894,2492,736495,500,376470,165,45929,927,68553,2205,566733,1090,635286,California
San Francisco,2021-06-12,3038,1161932,2637,739132,275,376745,126,46055,722,67097,2302,569035,846,636132,California
San Francisco,2021-06-13,919,1162851,798,739930,74,376819,47,46102,218,66668,693,569728,264,636396,California
San Francisco,2021-06-14,2513,1165364,2031,741961,331,377150,151,46253,825,65965,1677,571405,974,637370,California
San Francisco,2021-06-15,1906,1167270,1469,743430,304,377454,133,46386,667,65535,1230,572635,800,638170,California
San Francisco,2021-06-16,1850,1169120,1396,744826,260,377714,194,46580,633,65155,1200,573835,820,638990,California
San Francisco,2021-06-17,1982,1171102,1527,746353,255,377969,200,46780,649,64681,1318,575153,844,639834,California
San Francisco,2021-06-18,2343,1173445,1730,748083,437,378406,176,46956,750,64024,1579,576732,922,640756,California
San Francisco,2021-06-19,1405,1174850,1182,749265,113,378519,110,47066,430,63600,961,577693,537,641293,California
San Francisco,2021-06-20,626,1175476,536,749801,55,378574,35,47101,256,63527,364,578057,291,641584,California
San Francisco,2021-06-21,1156,1176632,862,750663,183,378757,111,47212,602,63694,544,578601,711,642295,California
San Francisco,2021-06-22,1576,1178208,1239,751902,227,378984,110,47322,549,63334,1013,579614,653,642948,California
San Francisco,2021-06-23,1483,1179691,1167,753069,176,379160,140,47462,592,63180,879,580493,725,643673,California
San Francisco,2021-06-24,1534,1181225,1122,754191,243,379403,169,47631,510,62849,1005,581498,674,644347,California
San Francisco,2021-06-25,1818,1183043,1470,755661,246,379649,102,47733,656,62464,1141,582639,756,645103,California
San Francisco,2021-06-26,1393,1184436,1247,756908,66,379715,80,47813,498,62152,886,583525,574,645677,California
San Francisco,2021-06-27,553,1184989,492,757400,33,379748,28,47841,225,62082,322,583847,252,645929,California
San Francisco,2021-06-28,1080,1186069,905,758305,90,379838,85,47926,339,61772,733,584580,423,646352,California
San Joaquin,2020-12-15,14,14,14,14,0,0,0,0,14,14,0,0,14,14,California
San Joaquin,2020-12-16,310,324,310,324,0,0,0,0,310,324,0,0,310,324,California
San Joaquin,2020-12-17,322,646,322,646,0,0,0,0,322,646,0,0,322,646,California
San Joaquin,2020-12-18,536,1182,532,1178,4,4,0,0,536,1182,0,0,536,1182,California
San Joaquin,2020-12-19,190,1372,190,1368,0,4,0,0,190,1372,0,0,190,1372,California
San Joaquin,2020-12-20,116,1488,114,1482,2,6,0,0,116,1488,0,0,116,1488,California
San Joaquin,2020-12-21,494,1982,493,1975,1,7,0,0,494,1982,0,0,494,1982,California
San Joaquin,2020-12-22,977,2959,856,2831,121,128,0,0,976,2958,0,0,976,2958,California
San Joaquin,2020-12-23,978,3937,921,3752,57,185,0,0,976,3934,2,2,978,3936,California
San Joaquin,2020-12-24,215,4152,187,3939,28,213,0,0,214,4148,1,3,215,4151,California
San Joaquin,2020-12-25,15,4167,15,3954,0,213,0,0,15,4163,0,3,15,4166,California
San Joaquin,2020-12-26,103,4270,31,3985,72,285,0,0,103,4266,0,3,103,4269,California
San Joaquin,2020-12-27,44,4314,31,4016,13,298,0,0,44,4310,0,3,44,4313,California
San Joaquin,2020-12-28,625,4939,423,4439,202,500,0,0,625,4935,0,3,625,4938,California
San Joaquin,2020-12-29,797,5736,667,5106,130,630,0,0,797,5732,0,3,797,5735,California
San Joaquin,2020-12-30,1015,6751,722,5828,293,923,0,0,1013,6745,2,5,1015,6750,California
San Joaquin,2020-12-31,455,7206,203,6031,252,1175,0,0,455,7200,1,6,456,7206,California
San Joaquin,2021-01-01,23,7229,13,6044,10,1185,0,0,23,7223,0,6,23,7229,California
San Joaquin,2021-01-02,266,7495,243,6287,23,1208,0,0,266,7489,0,6,266,7495,California
San Joaquin,2021-01-03,37,7532,20,6307,17,1225,0,0,36,7524,1,7,36,7531,California
San Joaquin,2021-01-04,479,8011,340,6647,139,1364,0,0,477,8000,1,8,477,8008,California
San Joaquin,2021-01-05,986,8997,651,7298,335,1699,0,0,814,8680,172,180,852,8860,California
San Joaquin,2021-01-06,1229,10226,714,8012,515,2214,0,0,923,9306,301,481,927,9787,California
San Joaquin,2021-01-07,1087,11313,688,8700,399,2613,0,0,787,9798,297,778,789,10576,California
San Joaquin,2021-01-08,1209,12522,827,9527,382,2995,0,0,713,10020,495,1273,717,11293,California
San Joaquin,2021-01-09,380,12902,301,9828,79,3074,0,0,246,10134,134,1407,248,11541,California
San Joaquin,2021-01-10,225,13127,116,9944,109,3183,0,0,172,10254,52,1459,172,11713,California
San Joaquin,2021-01-11,1535,14662,1327,11271,208,3391,0,0,868,10524,666,2125,936,12649,California
San Joaquin,2021-01-12,1516,16178,1098,12369,418,3809,0,0,732,10548,780,2905,804,13453,California
San Joaquin,2021-01-13,1540,17718,900,13269,640,4449,0,0,960,10937,578,3483,967,14420,California
San Joaquin,2021-01-14,1765,19483,974,14243,791,5240,0,0,1416,12045,328,3811,1436,15856,California
San Joaquin,2021-01-15,1546,21029,548,14791,998,6238,0,0,1307,13151,224,4035,1330,17186,California
San Joaquin,2021-01-16,1136,22165,182,14973,954,7192,0,0,1103,14223,32,4067,1104,18290,California
San Joaquin,2021-01-17,1629,23794,138,15111,1491,8683,0,0,1585,15767,44,4111,1588,19878,California
San Joaquin,2021-01-18,743,24537,239,15350,504,9187,0,0,621,16271,118,4229,622,20500,California
San Joaquin,2021-01-19,1875,26412,895,16245,980,10167,0,0,1191,16791,679,4908,1199,21699,California
San Joaquin,2021-01-20,2099,28511,1291,17536,808,10975,0,0,1447,17601,645,5553,1455,23154,California
San Joaquin,2021-01-21,1988,30499,900,18436,1088,12063,0,0,1590,18809,391,5944,1599,24753,California
San Joaquin,2021-01-22,1960,32459,896,19332,1064,13127,0,0,1818,20492,137,6081,1820,26573,California
San Joaquin,2021-01-23,892,33351,391,19723,501,13628,0,0,606,20815,285,6366,608,27181,California
San Joaquin,2021-01-24,355,33706,137,19860,218,13846,0,0,332,21127,20,6386,332,27513,California
San Joaquin,2021-01-25,2003,35709,1147,21007,856,14702,0,0,1432,21994,568,6954,1435,28948,California
San Joaquin,2021-01-26,2154,37863,1111,22118,1043,15745,0,0,1529,22914,618,7572,1538,30486,California
San Joaquin,2021-01-27,1743,39606,771,22889,972,16717,0,0,1240,23664,498,8070,1248,31734,California
San Joaquin,2021-01-28,2062,41668,780,23669,1282,17999,0,0,1396,24409,662,8732,1407,33141,California
San Joaquin,2021-01-29,2165,43833,1050,24719,1115,19114,0,0,1813,25886,346,9078,1823,34964,California
San Joaquin,2021-01-30,2174,46007,349,25068,1825,20939,0,0,1992,27701,181,9259,1996,36960,California
San Joaquin,2021-01-31,1552,47559,173,25241,1379,22318,0,0,1485,29123,66,9325,1488,38448,California
San Joaquin,2021-02-01,2494,50053,1306,26547,1188,23506,0,0,1722,30080,771,10096,1728,40176,California
San Joaquin,2021-02-02,2591,52644,1157,27704,1434,24940,0,0,1977,31509,553,10649,1982,42158,California
San Joaquin,2021-02-03,3087,55731,1219,28923,1868,26808,0,0,2208,32860,871,11520,2222,44380,California
San Joaquin,2021-02-04,3548,59279,1813,30736,1735,28543,0,0,2646,34618,896,12416,2654,47034,California
San Joaquin,2021-02-05,3162,62441,1787,32523,1375,29918,0,0,2329,36143,820,13236,2345,49379,California
San Joaquin,2021-02-06,1085,63526,737,33260,348,30266,0,0,937,36936,145,13381,938,50317,California
San Joaquin,2021-02-07,620,64146,491,33751,129,30395,0,0,414,37150,201,13582,415,50732,California
San Joaquin,2021-02-08,1779,65925,1025,34776,754,31149,0,0,1434,38268,322,13904,1440,52172,California
San Joaquin,2021-02-09,2122,68047,1141,35917,981,32130,0,0,1574,39367,478,14382,1577,53749,California
San Joaquin,2021-02-10,2583,70630,1249,37166,1334,33464,0,0,1351,39510,1210,15592,1353,55102,California
San Joaquin,2021-02-11,2912,73542,1463,38629,1449,34913,0,0,1678,39996,1200,16792,1686,56788,California
San Joaquin,2021-02-12,2836,76378,1128,39757,1708,36621,0,0,1605,40403,1205,17997,1612,58400,California
San Joaquin,2021-02-13,2136,78514,407,40164,1729,38350,0,0,860,40009,1261,19258,867,59267,California
San Joaquin,2021-02-14,1915,80429,264,40428,1651,40001,0,0,697,39522,1185,20443,698,59965,California
San Joaquin,2021-02-15,2002,82431,840,41268,1162,41163,0,0,1203,39961,768,21211,1207,61172,California
San Joaquin,2021-02-16,3193,85624,1392,42660,1801,42964,0,0,1756,40312,1420,22631,1771,62943,California
San Joaquin,2021-02-17,3294,88918,1271,43931,2023,44987,0,0,1873,40787,1405,24036,1880,64823,California
San Joaquin,2021-02-18,3367,92285,1386,45317,1981,46968,0,0,1909,41286,1420,25456,1919,66742,California
San Joaquin,2021-02-19,4297,96582,2431,47748,1866,48834,0,0,2393,41837,1850,27306,2401,69143,California
San Joaquin,2021-02-20,1590,98172,686,48434,904,49738,0,0,1070,42397,518,27824,1078,70221,California
San Joaquin,2021-02-21,679,98851,515,48949,164,49902,0,0,422,42572,254,28078,429,70650,California
San Joaquin,2021-02-22,3568,102419,2519,51468,1049,50951,0,0,2544,44129,995,29073,2552,73202,California
San Joaquin,2021-02-23,4346,106765,2646,54114,1700,52651,0,0,2660,45158,1650,30723,2679,75881,California
San Joaquin,2021-02-24,5784,112549,3443,57557,2341,54992,0,0,4145,47704,1611,32334,4157,80038,California
San Joaquin,2021-02-25,6391,118940,3952,61509,2439,57431,0,0,4102,49590,2243,34577,4129,84167,California
San Joaquin,2021-02-26,5527,124467,2863,64372,2664,60095,0,0,3784,51684,1706,36283,3800,87967,California
San Joaquin,2021-02-27,5492,129959,1635,66007,3857,63952,0,0,2642,51558,2787,39070,2661,90628,California
San Joaquin,2021-02-28,3118,133077,1127,67134,1991,65943,0,0,2053,52580,1035,40105,2057,92685,California
San Joaquin,2021-03-01,4265,137342,1832,68966,2430,68373,3,3,2336,53043,1908,42013,2371,95056,California
San Joaquin,2021-03-02,4242,141584,1690,70656,2552,70925,0,3,2651,54195,1568,43581,2720,97776,California
San Joaquin,2021-03-03,5835,147419,3463,74119,2370,73295,2,5,4192,56786,1614,45195,4205,101981,California
San Joaquin,2021-03-04,5732,153151,2274,76393,3455,76750,3,8,3739,58559,1976,47171,3749,105730,California
San Joaquin,2021-03-05,4512,157663,1904,78297,2603,79353,5,13,3113,60310,1382,48553,3133,108863,California
San Joaquin,2021-03-06,3329,160992,2190,80487,1009,80362,130,143,2736,62593,589,49142,2872,111735,California
San Joaquin,2021-03-07,1226,162218,567,81054,611,80973,48,191,936,63293,272,49414,972,112707,California
San Joaquin,2021-03-08,3149,165367,1266,82320,1759,82732,124,315,2093,64503,1044,50458,2254,114961,California
San Joaquin,2021-03-09,4175,169542,1865,84185,2181,84913,129,444,2670,65838,1486,51944,2821,117782,California
San Joaquin,2021-03-10,4880,174422,2526,86711,2211,87124,143,587,3434,67995,1430,53374,3587,121369,California
San Joaquin,2021-03-11,5192,179614,2447,89158,2141,89265,604,1191,2939,69315,2238,55612,3558,124927,California
San Joaquin,2021-03-12,6576,186190,3228,92386,3010,92275,338,1529,4158,71443,2390,58002,4518,129445,California
San Joaquin,2021-03-13,3235,189425,1511,93897,1598,93873,126,1655,2321,72995,904,58906,2456,131901,California
San Joaquin,2021-03-14,2173,191598,677,94574,1190,95063,306,1961,1024,73190,1142,60048,1337,133238,California
San Joaquin,2021-03-15,6133,197731,3513,98087,2213,97276,407,2368,3179,73885,2918,62966,3613,136851,California
San Joaquin,2021-03-16,6911,204642,3923,102010,2732,100008,256,2624,4062,75392,2823,65789,4330,141181,California
San Joaquin,2021-03-17,7933,212575,4728,106738,3134,103142,71,2695,4370,76344,3514,69303,4466,145647,California
San Joaquin,2021-03-18,7718,220293,4534,111272,2677,105819,507,3202,3824,76838,3847,73150,4341,149988,California
San Joaquin,2021-03-19,8005,228298,4688,115960,2776,108595,541,3743,4842,79148,3138,76288,5448,155436,California
San Joaquin,2021-03-20,3702,232000,2143,118103,1317,109912,242,3985,1823,79380,1852,78140,2084,157520,California
San Joaquin,2021-03-21,2129,234129,1511,119614,411,110323,207,4192,1160,79865,955,79095,1440,158960,California
San Joaquin,2021-03-22,4086,238215,2084,121698,1587,111910,415,4607,2444,81111,1625,80720,2871,161831,California
San Joaquin,2021-03-23,5480,243695,2685,124383,2628,114538,167,4774,3783,83405,1671,82391,3965,165796,California
San Joaquin,2021-03-24,6923,250618,4273,128656,2562,117100,88,4862,3068,82762,3812,86203,3169,168965,California
San Joaquin,2021-03-25,5672,256290,3353,132009,2274,119374,45,4907,3384,83938,2261,88464,3437,172402,California
San Joaquin,2021-03-26,6276,262566,2596,134605,3527,122901,153,5060,3299,84468,2949,91413,3479,175881,California
San Joaquin,2021-03-27,4680,267246,2630,137235,1976,124877,74,5134,1802,83505,2851,94264,1888,177769,California
San Joaquin,2021-03-28,2743,269989,1823,139058,895,125772,25,5159,1267,83450,1456,95720,1401,179170,California
San Joaquin,2021-03-29,4134,274123,2198,141256,1913,127685,23,5182,2090,83561,2028,97748,2139,181309,California
San Joaquin,2021-03-30,6341,280464,3180,144436,3067,130752,94,5276,3512,84399,2797,100545,3635,184944,California
San Joaquin,2021-03-31,6742,287206,4187,148623,2495,133247,60,5336,3440,84663,3273,103818,3537,188481,California
San Joaquin,2021-04-01,6532,293738,3003,151626,3438,136685,91,5427,2913,84147,3590,107408,3074,191555,California
San Joaquin,2021-04-02,6434,300172,2889,154515,3050,139735,495,5922,2568,83410,3838,111246,3101,194656,California
San Joaquin,2021-04-03,4212,304384,2391,156906,1495,141230,326,6248,2013,83586,2181,113427,2357,197013,California
San Joaquin,2021-04-04,2294,306678,1372,158278,716,141946,206,6454,1547,84624,736,114163,1774,198787,California
San Joaquin,2021-04-05,4837,311515,2849,161127,1750,143696,238,6692,2688,85429,2135,116298,2940,201727,California
San Joaquin,2021-04-06,7166,318681,4558,165685,2329,146025,279,6971,3423,85445,3709,120007,3725,205452,California
San Joaquin,2021-04-07,8447,327128,4578,170263,2278,148303,1591,8562,3560,85757,4863,124870,5175,210627,California
San Joaquin,2021-04-08,8886,336014,4757,175020,1974,150277,2155,10717,3362,85791,5494,130364,5528,216155,California
San Joaquin,2021-04-09,9042,345056,4396,179416,3080,153357,1566,12283,3334,85048,5679,136043,4936,221091,California
San Joaquin,2021-04-10,5262,350318,1666,181082,1687,155044,1909,14192,1788,85292,3459,139502,3703,224794,California
San Joaquin,2021-04-11,4303,354621,1772,182854,1364,156408,1167,15359,1973,86118,2317,141819,3143,227937,California
San Joaquin,2021-04-12,6162,360783,2507,185361,2104,158512,1551,16910,2433,86425,3701,145520,4008,231945,California
San Joaquin,2021-04-13,7644,368427,4402,189763,3233,161745,9,16919,4672,88202,2944,148464,4721,236666,California
San Joaquin,2021-04-14,7715,376142,3917,193680,3796,165541,2,16921,4641,89845,3047,151511,4690,241356,California
San Joaquin,2021-04-15,8012,384154,4759,198439,3253,168794,0,16921,4425,90785,3542,155053,4482,245838,California
San Joaquin,2021-04-16,7898,392052,4291,202730,3604,172398,3,16924,4764,92489,3100,158153,4804,250642,California
San Joaquin,2021-04-17,5206,397258,2827,205557,2377,174775,2,16926,3689,94701,1504,159657,3716,254358,California
San Joaquin,2021-04-18,2603,399861,1497,207054,1106,175881,0,16926,1379,94887,1208,160865,1394,255752,California
San Joaquin,2021-04-19,5300,405161,2833,209887,2467,178348,0,16926,2765,95203,2498,163363,2814,258566,California
San Joaquin,2021-04-20,6474,411635,3476,213363,2997,181345,1,16927,3047,94895,3392,166755,3084,261650,California
San Joaquin,2021-04-21,6027,417662,3438,216801,2589,183934,0,16927,3079,95127,2886,169641,3118,264768,California
San Joaquin,2021-04-22,5539,423201,3311,220112,2226,186160,2,16929,3144,95973,2360,172001,3206,267974,California
San Joaquin,2021-04-23,6198,429399,3025,223137,3172,189332,1,16930,3891,97615,2282,174283,3924,271898,California
San Joaquin,2021-04-24,5277,434676,3633,226770,1642,190974,2,16932,3433,99252,1815,176098,3452,275350,California
San Joaquin,2021-04-25,3079,437755,2593,229363,486,191460,0,16932,2044,100295,1009,177107,2052,277402,California
San Joaquin,2021-04-26,4220,441975,2734,232097,1482,192942,4,16936,2180,100506,2022,179129,2233,279635,California
San Joaquin,2021-04-27,4805,446780,2757,234854,1986,194928,62,16998,2029,99882,2748,181877,2124,281759,California
San Joaquin,2021-04-28,5848,452628,3512,238366,2257,197185,79,17077,2847,99904,2964,184841,2986,284745,California
San Joaquin,2021-04-29,5167,457795,3046,241412,2064,199249,57,17134,2619,100108,2518,187359,2722,287467,California
San Joaquin,2021-04-30,5218,463013,2581,243993,2570,201819,67,17201,2677,100377,2519,189878,2788,290255,California
San Joaquin,2021-05-01,3379,466392,1928,245921,1393,203212,58,17259,2151,101389,1218,191096,2230,292485,California
San Joaquin,2021-05-02,2307,468699,1603,247524,647,203859,57,17316,1168,101487,1135,192231,1233,293718,California
San Joaquin,2021-05-03,3394,472093,2270,249794,1044,204903,80,17396,1399,101014,1978,194209,1505,295223,California
San Joaquin,2021-05-04,5062,477155,3419,253213,1486,206389,157,17553,1840,99846,3199,197408,2031,297254,California
San Joaquin,2021-05-05,5347,482502,3712,256925,1472,207861,163,17716,2382,99480,2930,200338,2564,299818,California
San Joaquin,2021-05-06,4884,487386,3306,260231,1448,209309,130,17846,2126,99014,2741,203079,2275,302093,California
San Joaquin,2021-05-07,5336,492722,3134,263365,2050,211359,152,17998,2032,97930,3280,206359,2196,304289,California
San Joaquin,2021-05-08,3403,496125,2232,265597,1070,212429,101,18099,1285,97223,2102,208461,1395,305684,California
San Joaquin,2021-05-09,1516,497641,865,266462,581,213010,70,18169,573,96932,940,209401,649,306333,California
San Joaquin,2021-05-10,2934,500575,1561,268023,1248,214258,125,18294,937,96020,1980,211381,1068,307401,California
San Joaquin,2021-05-11,4257,504832,2227,270250,1907,216165,123,18417,1289,94515,2950,214331,1445,308846,California
San Joaquin,2021-05-12,4511,509343,2152,272402,2234,218399,125,18542,1393,92950,3096,217427,1531,310377,California
San Joaquin,2021-05-13,4887,514230,2879,275281,1918,220317,90,18632,1875,91938,2996,220423,1984,312361,California
San Joaquin,2021-05-14,5906,520136,3556,278837,2241,222558,109,18741,2426,91030,3451,223874,2543,314904,California
San Joaquin,2021-05-15,5257,525393,3132,281969,2044,224602,81,18822,1650,89189,3577,227451,1736,316640,California
San Joaquin,2021-05-16,3619,529012,2846,284815,724,225326,49,18871,1471,88583,2134,229585,1528,318168,California
San Joaquin,2021-05-17,4157,533169,2490,287305,1570,226896,97,18968,1780,88111,2359,231944,1887,320055,California
San Joaquin,2021-05-18,3994,537163,2305,289610,1570,228466,119,19087,1851,87956,2125,234069,1970,322025,California
San Joaquin,2021-05-19,4782,541945,2786,292396,1861,230327,135,19222,2020,87391,2731,236800,2166,324191,California
San Joaquin,2021-05-20,4007,545952,2401,294797,1502,231829,104,19326,1728,86976,2253,239053,1838,326029,California
San Joaquin,2021-05-21,5076,551028,2984,297781,1970,233799,122,19448,2296,86655,2750,241803,2429,328458,California
San Joaquin,2021-05-22,4056,555084,2543,300324,1419,235218,94,19542,1805,86329,2237,244040,1911,330369,California
San Joaquin,2021-05-23,2538,557622,2083,302407,411,235629,44,19586,1468,86786,1059,245099,1516,331885,California
San Joaquin,2021-05-24,3088,560710,1811,304218,1184,236813,93,19679,1444,86708,1628,246727,1550,333435,California
San Joaquin,2021-05-25,3126,563836,1944,306162,1032,237845,150,19829,1446,86647,1661,248388,1600,335035,California
San Joaquin,2021-05-26,3914,567750,2410,308572,1429,239274,75,19904,1595,86020,2302,250690,1675,336710,California
San Joaquin,2021-05-27,3129,570879,1704,310276,1340,240614,85,19989,1272,85546,1841,252531,1367,338077,California
San Joaquin,2021-05-28,3125,574004,1668,311944,1365,241979,92,20081,1449,85449,1651,254182,1554,339631,California
San Joaquin,2021-05-29,2150,576154,1188,313132,926,242905,36,20117,916,85176,1229,255411,956,340587,California
San Joaquin,2021-05-30,976,577130,522,313654,428,243333,26,20143,399,85033,571,255982,428,341015,California
San Joaquin,2021-05-31,621,577751,259,313913,355,243688,7,20150,235,84894,381,256363,242,341257,California
San Joaquin,2021-06-01,2459,580210,1485,315398,877,244565,97,20247,1163,84875,1286,257649,1267,342524,California
San Joaquin,2021-06-02,2729,582939,1617,317015,1058,245623,54,20301,1132,84487,1581,259230,1193,343717,California
San Joaquin,2021-06-03,2844,585783,1754,318769,1033,246656,57,20358,1048,83819,1779,261009,1111,344828,California
San Joaquin,2021-06-04,3140,588923,1929,320698,1104,247760,107,20465,1052,82919,2061,263070,1161,345989,California
San Joaquin,2021-06-05,2377,591300,1824,322522,496,248256,57,20522,1101,82898,1184,264254,1163,347152,California
San Joaquin,2021-06-06,1098,592398,884,323406,177,248433,37,20559,427,82710,652,264906,464,347616,California
San Joaquin,2021-06-07,2825,595223,2099,325505,685,249118,41,20600,973,81893,1845,266751,1028,348644,California
San Joaquin,2021-06-08,2767,597990,2098,327603,624,249742,45,20645,871,80932,1880,268631,919,349563,California
San Joaquin,2021-06-09,2850,600840,1985,329588,821,250563,44,20689,961,80067,1871,270502,1006,350569,California
San Joaquin,2021-06-10,2662,603502,1933,331521,662,251225,67,20756,997,79480,1660,272162,1073,351642,California
San Joaquin,2021-06-11,2952,606454,2038,333559,797,252022,117,20873,970,78598,1973,274135,1091,352733,California
San Joaquin,2021-06-12,1857,608311,1398,334957,428,252450,31,20904,630,78060,1220,275355,682,353415,California
San Joaquin,2021-06-13,1062,609373,823,335780,191,252641,48,20952,486,78024,572,275927,536,353951,California
San Joaquin,2021-06-14,2212,611585,1488,337268,652,253293,72,21024,928,77754,1273,277200,1003,354954,California
San Joaquin,2021-06-15,2242,613827,1497,338765,667,253960,78,21102,868,77342,1361,278561,949,355903,California
San Joaquin,2021-06-16,2715,616542,1951,340716,682,254642,82,21184,902,76532,1797,280358,987,356890,California
San Joaquin,2021-06-17,2582,619124,1837,342553,688,255330,57,21241,876,75773,1693,282051,934,357824,California
San Joaquin,2021-06-18,2758,621882,1807,344360,875,256205,76,21317,1140,75384,1606,283657,1217,359041,California
San Joaquin,2021-06-19,1391,623273,865,345225,266,256471,260,21577,497,75255,887,284544,758,359799,California
San Joaquin,2021-06-20,656,623929,518,345743,112,256583,26,21603,291,75213,360,284904,318,360117,California
San Joaquin,2021-06-21,1619,625548,958,346701,553,257136,108,21711,822,75354,790,285694,931,361048,California
San Joaquin,2021-06-22,1896,627444,1248,347949,579,257715,69,21780,822,75181,1063,286757,890,361938,California
San Joaquin,2021-06-23,2036,629480,1337,349286,617,258332,82,21862,829,74907,1189,287946,915,362853,California
San Joaquin,2021-06-24,2026,631506,1382,350668,546,258878,98,21960,922,74891,1043,288989,1027,363880,California
San Joaquin,2021-06-25,1781,633287,1135,351803,567,259445,79,22039,826,74851,948,289937,908,364788,California
San Joaquin,2021-06-26,1081,634368,799,352602,230,259675,52,22091,543,74934,535,290472,618,365406,California
San Joaquin,2021-06-27,580,634948,439,353041,102,259777,39,22130,284,74967,292,290764,325,365731,California
San Joaquin,2021-06-28,1018,635966,664,353705,307,260084,47,22177,441,74904,553,291317,490,366221,California
San Luis Obispo,2020-12-16,4,4,4,4,0,0,0,0,4,4,0,0,4,4,California
San Luis Obispo,2020-12-17,196,200,196,200,0,0,0,0,196,200,0,0,196,200,California
San Luis Obispo,2020-12-18,224,424,224,424,0,0,0,0,224,424,0,0,224,424,California
San Luis Obispo,2020-12-19,164,588,164,588,0,0,0,0,164,588,0,0,164,588,California
San Luis Obispo,2020-12-20,215,803,215,803,0,0,0,0,215,803,0,0,215,803,California
San Luis Obispo,2020-12-21,550,1353,549,1352,1,1,0,0,550,1353,0,0,550,1353,California
San Luis Obispo,2020-12-22,309,1662,305,1657,4,5,0,0,309,1662,0,0,309,1662,California
San Luis Obispo,2020-12-23,681,2343,367,2024,314,319,0,0,681,2343,0,0,681,2343,California
San Luis Obispo,2020-12-24,194,2537,19,2043,175,494,0,0,194,2537,0,0,194,2537,California
San Luis Obispo,2020-12-25,2,2539,1,2044,1,495,0,0,2,2539,0,0,2,2539,California
San Luis Obispo,2020-12-26,89,2628,12,2056,77,572,0,0,89,2628,0,0,89,2628,California
San Luis Obispo,2020-12-27,76,2704,0,2056,76,648,0,0,76,2704,0,0,76,2704,California
San Luis Obispo,2020-12-28,877,3581,428,2484,449,1097,0,0,877,3581,0,0,877,3581,California
San Luis Obispo,2020-12-29,905,4486,506,2990,399,1496,0,0,905,4486,0,0,905,4486,California
San Luis Obispo,2020-12-30,1172,5658,679,3669,493,1989,0,0,1172,5658,0,0,1172,5658,California
San Luis Obispo,2020-12-31,109,5767,4,3673,105,2094,0,0,109,5767,0,0,109,5767,California
San Luis Obispo,2021-01-01,17,5784,10,3683,7,2101,0,0,17,5784,0,0,17,5784,California
San Luis Obispo,2021-01-02,34,5818,8,3691,26,2127,0,0,34,5818,0,0,34,5818,California
San Luis Obispo,2021-01-03,17,5835,6,3697,11,2138,0,0,17,5835,0,0,17,5835,California
San Luis Obispo,2021-01-04,680,6515,524,4221,156,2294,0,0,680,6515,0,0,680,6515,California
San Luis Obispo,2021-01-05,973,7488,755,4976,218,2512,0,0,970,7482,3,3,970,7485,California
San Luis Obispo,2021-01-06,728,8216,481,5457,247,2759,0,0,720,8195,7,10,720,8205,California
San Luis Obispo,2021-01-07,1123,9339,947,6404,176,2935,0,0,680,8432,443,453,680,8885,California
San Luis Obispo,2021-01-08,884,10223,804,7208,80,3015,0,0,515,8579,368,821,515,9400,California
San Luis Obispo,2021-01-09,205,10428,195,7403,10,3025,0,0,28,8430,177,998,28,9428,California
San Luis Obispo,2021-01-10,12,10440,8,7411,4,3029,0,0,8,8434,4,1002,8,9436,California
San Luis Obispo,2021-01-11,560,11000,509,7920,51,3080,0,0,298,8471,261,1263,298,9734,California
San Luis Obispo,2021-01-12,600,11600,382,8302,218,3298,0,0,319,8509,281,1544,319,10053,California
San Luis Obispo,2021-01-13,887,12487,259,8561,628,3926,0,0,650,8924,235,1779,650,10703,California
San Luis Obispo,2021-01-14,727,13214,239,8800,488,4414,0,0,605,9416,113,1892,605,11308,California
San Luis Obispo,2021-01-15,734,13948,293,9093,441,4855,0,0,555,9797,174,2066,555,11863,California
San Luis Obispo,2021-01-16,101,14049,81,9174,20,4875,0,0,96,9888,5,2071,96,11959,California
San Luis Obispo,2021-01-17,63,14112,56,9230,7,4882,0,0,63,9951,0,2071,63,12022,California
San Luis Obispo,2021-01-18,1371,15483,390,9620,981,5863,0,0,1108,10796,263,2334,1108,13130,California
San Luis Obispo,2021-01-19,1583,17066,417,10037,1166,7029,0,0,1173,11560,410,2744,1174,14304,California
San Luis Obispo,2021-01-20,1893,18959,602,10639,1291,8320,0,0,1300,12270,591,3335,1301,15605,California
San Luis Obispo,2021-01-21,1580,20539,470,11109,1110,9430,0,0,1208,13111,368,3703,1209,16814,California
San Luis Obispo,2021-01-22,1524,22063,508,11617,1016,10446,0,0,1208,14005,314,4017,1208,18022,California
San Luis Obispo,2021-01-23,311,22374,292,11909,19,10465,0,0,293,14281,17,4034,293,18315,California
San Luis Obispo,2021-01-24,443,22817,235,12144,208,10673,0,0,437,14711,7,4041,437,18752,California
San Luis Obispo,2021-01-25,2075,24892,602,12746,1473,12146,0,0,1245,15126,830,4871,1245,19997,California
San Luis Obispo,2021-01-26,2002,26894,703,13449,1299,13445,0,0,1140,15404,862,5733,1140,21137,California
San Luis Obispo,2021-01-27,1609,28503,280,13729,1329,14774,0,0,1150,16095,459,6192,1150,22287,California
San Luis Obispo,2021-01-28,1495,29998,342,14071,1153,15927,0,0,1231,17064,262,6454,1231,23518,California
San Luis Obispo,2021-01-29,1746,31744,688,14759,1058,16985,0,0,1457,18232,289,6743,1457,24975,California
San Luis Obispo,2021-01-30,41,31785,19,14778,22,17007,0,0,29,18250,11,6754,29,25004,California
San Luis Obispo,2021-01-31,233,32018,19,14797,214,17221,0,0,231,18479,2,6756,231,25235,California
San Luis Obispo,2021-02-01,1712,33730,743,15540,969,18190,0,0,1406,19580,305,7061,1406,26641,California
San Luis Obispo,2021-02-02,1902,35632,680,16220,1222,19412,0,0,1526,20731,376,7437,1527,28168,California
San Luis Obispo,2021-02-03,1714,37346,730,16950,984,20396,0,0,1299,21615,415,7852,1299,29467,California
San Luis Obispo,2021-02-04,1664,39010,802,17752,862,21258,0,0,1098,22147,566,8418,1098,30565,California
San Luis Obispo,2021-02-05,1607,40617,717,18469,890,22148,0,0,1062,22664,546,8964,1063,31628,California
San Luis Obispo,2021-02-06,179,40796,108,18577,71,22219,0,0,99,22683,80,9044,99,31727,California
San Luis Obispo,2021-02-07,123,40919,78,18655,45,22264,0,0,72,22705,51,9095,73,31800,California
San Luis Obispo,2021-02-08,866,41785,474,19129,392,22656,0,0,502,22844,363,9458,502,32302,California
San Luis Obispo,2021-02-09,1128,42913,448,19577,680,23336,0,0,546,22821,576,10034,553,32855,California
San Luis Obispo,2021-02-10,1443,44356,493,20070,950,24286,0,0,528,22439,913,10947,531,33386,California
San Luis Obispo,2021-02-11,1335,45691,846,20916,489,24775,0,0,659,22424,674,11621,659,34045,California
San Luis Obispo,2021-02-12,782,46473,362,21278,420,25195,0,0,415,22472,367,11988,415,34460,California
San Luis Obispo,2021-02-13,396,46869,131,21409,265,25460,0,0,288,22653,107,12095,288,34748,California
San Luis Obispo,2021-02-14,323,47192,44,21453,279,25739,0,0,284,22899,39,12134,285,35033,California
San Luis Obispo,2021-02-15,731,47923,139,21592,592,26331,0,0,475,23119,255,12389,475,35508,California
San Luis Obispo,2021-02-16,2977,50900,1199,22791,1778,28109,0,0,1367,22876,1610,13999,1367,36875,California
San Luis Obispo,2021-02-17,2793,53693,1247,24038,1546,29655,0,0,1026,22144,1758,15757,1026,37901,California
San Luis Obispo,2021-02-18,2840,56533,1470,25508,1370,31025,0,0,1137,21588,1694,17451,1138,39039,California
San Luis Obispo,2021-02-19,1474,58007,1352,26860,122,31147,0,0,1140,22396,332,17783,1140,40179,California
San Luis Obispo,2021-02-20,260,58267,86,26946,174,31321,0,0,220,22577,40,17823,221,40400,California
San Luis Obispo,2021-02-21,57,58324,53,26999,4,31325,0,0,32,22584,25,17848,32,40432,California
San Luis Obispo,2021-02-22,2422,60746,1872,28871,550,31875,0,0,1473,23110,948,18796,1474,41906,California
San Luis Obispo,2021-02-23,1862,62608,1747,30618,115,31990,0,0,1366,23982,495,19291,1367,43273,California
San Luis Obispo,2021-02-24,2646,65254,1300,31918,1346,33336,0,0,834,23007,1809,21100,834,44107,California
San Luis Obispo,2021-02-25,2132,67386,1243,33161,889,34225,0,0,1208,23299,917,22017,1209,45316,California
San Luis Obispo,2021-02-26,2652,70038,1150,34311,1502,35727,0,0,1331,23319,1311,23328,1331,46647,California
San Luis Obispo,2021-02-27,584,70622,354,34665,230,35957,0,0,528,23791,56,23384,528,47175,California
San Luis Obispo,2021-02-28,591,71213,67,34732,524,36481,0,0,164,23530,425,23809,164,47339,California
San Luis Obispo,2021-03-01,3010,74223,1879,36611,1129,37610,2,2,2078,24679,932,24741,2081,49420,California
San Luis Obispo,2021-03-02,3053,77276,1913,38524,1140,38750,0,2,1892,25416,1156,25897,1893,51313,California
San Luis Obispo,2021-03-03,2351,79627,343,38867,2008,40758,0,2,855,24782,1490,27387,856,52169,California
San Luis Obispo,2021-03-04,2204,81831,1163,40030,1041,41799,0,2,1186,24955,1015,28402,1188,53357,California
San Luis Obispo,2021-03-05,2305,84136,1021,41051,1214,43013,70,72,1298,25330,993,29395,1368,54725,California
San Luis Obispo,2021-03-06,841,84977,312,41363,421,43434,108,180,618,25827,223,29618,720,55445,California
San Luis Obispo,2021-03-07,203,85180,34,41397,85,43519,84,264,74,25857,128,29746,158,55603,California
San Luis Obispo,2021-03-08,2739,87919,759,42156,1662,45181,318,582,1543,26526,1191,30937,1860,57463,California
San Luis Obispo,2021-03-09,2964,90883,974,43130,1742,46923,248,830,1532,26879,1428,32365,1781,59244,California
San Luis Obispo,2021-03-10,3198,94081,1240,44370,1676,48599,282,1112,1816,27599,1378,33743,2098,61342,California
San Luis Obispo,2021-03-11,3351,97432,1322,45692,1706,50305,323,1435,1810,28204,1529,35272,2134,63476,California
San Luis Obispo,2021-03-12,3220,100652,1239,46931,1642,51947,339,1774,1624,28580,1589,36861,1965,65441,California
San Luis Obispo,2021-03-13,909,101561,262,47193,538,52485,109,1883,539,28858,369,37230,647,66088,California
San Luis Obispo,2021-03-14,516,102077,54,47247,351,52836,111,1994,134,28723,380,37610,245,66333,California
San Luis Obispo,2021-03-15,3071,105148,1104,48351,1866,54702,101,2095,1531,28821,1537,39147,1635,67968,California
San Luis Obispo,2021-03-16,2860,108008,1511,49862,1239,55941,110,2205,1441,28959,1412,40559,1550,69518,California
San Luis Obispo,2021-03-17,3458,111466,1448,51310,1748,57689,262,2467,2006,29787,1439,41998,2267,71785,California
San Luis Obispo,2021-03-18,2826,114292,1449,52759,1163,58852,214,2681,1351,29883,1468,43466,1564,73349,California
San Luis Obispo,2021-03-19,2600,116892,1573,54332,705,59557,322,3003,964,29544,1627,45093,1288,74637,California
San Luis Obispo,2021-03-20,840,117732,501,54833,302,59859,37,3040,385,29512,454,45547,422,75059,California
San Luis Obispo,2021-03-21,189,117921,45,54878,140,59999,4,3044,159,29645,29,45576,162,75221,California
San Luis Obispo,2021-03-22,2762,120683,1174,56052,1540,61539,48,3092,1928,30791,830,46406,1976,77197,California
San Luis Obispo,2021-03-23,3348,124031,2227,58279,1092,62631,29,3121,2226,31929,1117,47523,2255,79452,California
San Luis Obispo,2021-03-24,3571,127602,2185,60464,1301,63932,85,3206,2660,33768,905,48428,2744,82196,California
San Luis Obispo,2021-03-25,3708,131310,2325,62789,1371,65303,12,3218,2655,35386,1048,49476,2666,84862,California
San Luis Obispo,2021-03-26,3269,134579,1807,64596,1029,66332,433,3651,1834,36224,1429,50905,2267,87129,California
San Luis Obispo,2021-03-27,1006,135585,508,65104,407,66739,91,3742,452,36215,552,51457,543,87672,California
San Luis Obispo,2021-03-28,621,136206,155,65259,410,67149,56,3798,418,36488,202,51659,475,88147,California
San Luis Obispo,2021-03-29,2630,138836,1322,66581,1175,68324,133,3931,1680,37368,934,52593,1814,89961,California
San Luis Obispo,2021-03-30,3536,142372,1940,68521,1455,69779,141,4072,2344,38667,1185,53778,2484,92445,California
San Luis Obispo,2021-03-31,3893,146265,2476,70997,1269,71048,148,4220,2503,39938,1379,55157,2650,95095,California
San Luis Obispo,2021-04-01,3901,150166,2471,73468,1312,72360,118,4338,2721,41610,1165,56322,2837,97932,California
San Luis Obispo,2021-04-02,1760,151926,691,74159,754,73114,315,4653,956,42078,801,57123,1269,99201,California
San Luis Obispo,2021-04-03,1112,153038,556,74715,429,73543,127,4780,494,42085,614,57737,621,99822,California
San Luis Obispo,2021-04-04,389,153427,134,74849,215,73758,40,4820,241,42218,148,57885,281,100103,California
San Luis Obispo,2021-04-05,3639,157066,1940,76789,1586,75344,113,4933,2038,42771,1597,59482,2150,102253,California
San Luis Obispo,2021-04-06,4169,161235,2206,78995,1639,76983,324,5257,1981,42897,2179,61661,2305,104558,California
San Luis Obispo,2021-04-07,4311,165546,2348,81343,1596,78579,367,5624,2473,43911,1823,63484,2837,107395,California
San Luis Obispo,2021-04-08,4001,169547,2195,83538,1398,79977,408,6032,2138,44603,1854,65338,2546,109941,California
San Luis Obispo,2021-04-09,3688,173235,1754,85292,1173,81150,761,6793,1506,44694,2170,67508,2261,112202,California
San Luis Obispo,2021-04-10,1699,174934,569,85861,460,81610,670,7463,499,44662,1197,68705,1165,113367,California
San Luis Obispo,2021-04-11,317,175251,64,85925,186,81796,67,7530,126,44666,189,68894,193,113560,California
San Luis Obispo,2021-04-12,3426,178677,1720,87645,1544,83340,162,7692,1419,44241,2005,70899,1580,115140,California
San Luis Obispo,2021-04-13,3704,182381,2146,89791,1557,84897,1,7693,1988,44519,1712,72611,1990,117130,California
San Luis Obispo,2021-04-14,3616,185997,2064,91855,1547,86444,5,7698,1768,44460,1831,74442,1772,118902,California
San Luis Obispo,2021-04-15,3790,189787,2468,94323,1321,87765,1,7699,2037,44767,1732,76174,2039,120941,California
San Luis Obispo,2021-04-16,3686,193473,2249,96572,1433,89198,4,7703,1777,44647,1899,78073,1779,122720,California
San Luis Obispo,2021-04-17,1095,194568,433,97005,660,89858,2,7705,711,44977,383,78456,713,123433,California
San Luis Obispo,2021-04-18,328,194896,104,97109,223,90081,1,7706,115,44883,209,78665,115,123548,California
San Luis Obispo,2021-04-19,3210,198106,1352,98461,1820,91901,38,7744,1101,43920,2103,80768,1140,124688,California
San Luis Obispo,2021-04-20,3660,201766,2033,100494,1627,93528,0,7744,1348,42968,2300,83068,1348,126036,California
San Luis Obispo,2021-04-21,4005,205771,1849,102343,2156,95684,0,7744,1606,42199,2378,85446,1609,127645,California
San Luis Obispo,2021-04-22,4620,210391,2078,104421,2542,98226,0,7744,1430,40460,3171,88617,1432,129077,California
San Luis Obispo,2021-04-23,1441,211832,836,105257,601,98827,4,7748,722,40472,715,89332,727,129804,California
San Luis Obispo,2021-04-24,1083,212915,439,105696,625,99452,19,7767,509,40419,581,89913,528,130332,California
San Luis Obispo,2021-04-25,517,213432,163,105859,354,99806,0,7767,113,40132,400,90313,113,130445,California
San Luis Obispo,2021-04-26,1085,214517,397,106256,670,100476,18,7785,398,39872,675,90988,415,130860,California
San Luis Obispo,2021-04-27,3928,218445,1994,108250,1855,102331,79,7864,1534,39098,2386,93374,1612,132472,California
San Luis Obispo,2021-04-28,3820,222265,2107,110357,1641,103972,72,7936,1346,38054,2462,95836,1418,133890,California
San Luis Obispo,2021-04-29,3729,225994,2127,112484,1535,105507,67,8003,1255,36920,2457,98293,1323,135213,California
San Luis Obispo,2021-04-30,3001,228995,1685,114169,1242,106749,74,8077,921,35852,2061,100354,993,136206,California
San Luis Obispo,2021-05-01,477,229472,163,114332,279,107028,35,8112,103,35619,370,100724,137,136343,California
San Luis Obispo,2021-05-02,172,229644,53,114385,99,107127,20,8132,43,35553,129,100853,63,136406,California
San Luis Obispo,2021-05-03,892,230536,287,114672,494,107621,111,8243,223,35218,667,101520,332,136738,California
San Luis Obispo,2021-05-04,2970,233506,1917,116589,982,108603,71,8314,874,34071,2089,103609,942,137680,California
San Luis Obispo,2021-05-05,2853,236359,1873,118462,913,109516,67,8381,676,32650,2164,105773,743,138423,California
San Luis Obispo,2021-05-06,2844,239203,1913,120375,867,110383,64,8445,726,31341,2099,107872,790,139213,California
San Luis Obispo,2021-05-07,2366,241569,1775,122150,523,110906,68,8513,600,30264,1746,109618,669,139882,California
San Luis Obispo,2021-05-08,606,242175,343,122493,239,111145,24,8537,204,30109,383,110001,228,140110,California
San Luis Obispo,2021-05-09,166,242341,43,122536,104,111249,19,8556,46,30055,119,110120,65,140175,California
San Luis Obispo,2021-05-10,732,243073,158,122694,522,111771,52,8608,157,29692,570,110690,207,140382,California
San Luis Obispo,2021-05-11,1215,244288,597,123291,543,112314,75,8683,382,29322,827,111517,457,140839,California
San Luis Obispo,2021-05-12,2507,246795,1610,124901,814,113128,83,8766,695,28305,1795,113312,778,141617,California
San Luis Obispo,2021-05-13,1185,247980,717,125618,406,113534,62,8828,489,28165,690,114002,550,142167,California
San Luis Obispo,2021-05-14,2262,250242,1643,127261,567,114101,52,8880,931,27834,1313,115315,982,143149,California
San Luis Obispo,2021-05-15,990,251232,456,127717,500,114601,34,8914,465,27812,522,115837,500,143649,California
San Luis Obispo,2021-05-16,310,251542,166,127883,138,114739,6,8920,176,27861,133,115970,182,143831,California
San Luis Obispo,2021-05-17,1686,253228,976,128859,650,115389,60,8980,666,27576,1011,116981,726,144557,California
San Luis Obispo,2021-05-18,1906,255134,1161,130020,712,116101,33,9013,721,27152,1179,118160,755,145312,California
San Luis Obispo,2021-05-19,1459,256593,626,130646,770,116871,63,9076,407,26575,1046,119206,469,145781,California
San Luis Obispo,2021-05-20,1149,257742,499,131145,613,117484,37,9113,340,26154,798,120004,377,146158,California
San Luis Obispo,2021-05-21,1106,258848,573,131718,492,117976,41,9154,510,26119,586,120590,551,146709,California
San Luis Obispo,2021-05-22,682,259530,325,132043,334,118310,23,9177,339,26145,336,120926,362,147071,California
San Luis Obispo,2021-05-23,147,259677,69,132112,72,118382,6,9183,52,26109,94,121020,58,147129,California
San Luis Obispo,2021-05-24,562,260239,262,132374,266,118648,34,9217,200,25983,360,121380,234,147363,California
San Luis Obispo,2021-05-25,880,261119,429,132803,424,119072,27,9244,345,25827,527,121907,371,147734,California
San Luis Obispo,2021-05-26,2143,263262,994,133797,1094,120166,55,9299,664,25073,1472,123379,718,148452,California
San Luis Obispo,2021-05-27,1876,265138,665,134462,1179,121345,32,9331,489,24211,1382,124761,520,148972,California
San Luis Obispo,2021-05-28,910,266048,463,134925,426,121771,21,9352,478,24280,430,125191,499,149471,California
San Luis Obispo,2021-05-29,378,266426,153,135078,214,121985,11,9363,208,24331,169,125360,220,149691,California
San Luis Obispo,2021-05-30,89,266515,36,135114,45,122030,8,9371,34,24318,54,125414,41,149732,California
San Luis Obispo,2021-05-31,41,266556,5,135119,23,122053,13,9384,16,24322,24,125438,28,149760,California
San Luis Obispo,2021-06-01,753,267309,325,135444,398,122451,30,9414,268,24139,481,125919,298,150058,California
San Luis Obispo,2021-06-02,639,267948,288,135732,311,122762,40,9454,186,23918,446,126365,225,150283,California
San Luis Obispo,2021-06-03,914,268862,453,136185,430,123192,31,9485,251,23539,661,127026,282,150565,California
San Luis Obispo,2021-06-04,2481,271343,1523,137708,917,124109,41,9526,703,22516,1765,128791,742,151307,California
San Luis Obispo,2021-06-05,661,272004,288,137996,353,124462,20,9546,317,22510,343,129134,337,151644,California
San Luis Obispo,2021-06-06,185,272189,132,138128,44,124506,9,9555,46,22426,139,129273,55,151699,California
San Luis Obispo,2021-06-07,546,272735,359,138487,149,124655,38,9593,155,22230,389,129662,193,151892,California
San Luis Obispo,2021-06-08,808,273543,525,139012,242,124897,41,9634,244,21955,560,130222,285,152177,California
San Luis Obispo,2021-06-09,637,274180,354,139366,252,125149,31,9665,185,21721,450,130672,216,152393,California
San Luis Obispo,2021-06-10,757,274937,365,139731,353,125502,39,9704,223,21451,532,131204,262,152655,California
San Luis Obispo,2021-06-11,938,275875,541,140272,361,125863,36,9740,340,21234,594,131798,377,153032,California
San Luis Obispo,2021-06-12,394,276269,270,140542,121,125984,3,9743,168,21180,225,132023,171,153203,California
San Luis Obispo,2021-06-13,159,276428,91,140633,65,126049,3,9746,42,21108,117,132140,45,153248,California
San Luis Obispo,2021-06-14,455,276883,298,140931,126,126175,31,9777,129,20943,323,132463,158,153406,California
San Luis Obispo,2021-06-15,638,277521,397,141328,203,126378,38,9815,236,20818,398,132861,273,153679,California
San Luis Obispo,2021-06-16,618,278139,362,141690,225,126603,31,9846,177,20591,434,133295,207,153886,California
San Luis Obispo,2021-06-17,598,278737,341,142031,231,126834,26,9872,197,20414,400,133695,223,154109,California
San Luis Obispo,2021-06-18,788,279525,505,142536,237,127071,46,9918,278,20233,506,134201,325,154434,California
San Luis Obispo,2021-06-19,266,279791,151,142687,101,127172,14,9932,100,20183,164,134365,114,154548,California
San Luis Obispo,2021-06-20,110,279901,73,142760,29,127201,8,9940,45,20172,64,134429,53,154601,California
San Luis Obispo,2021-06-21,350,280251,221,142981,103,127304,26,9966,155,20160,193,134622,181,154782,California
San Luis Obispo,2021-06-22,615,280866,360,143341,223,127527,32,9998,275,20129,338,134960,307,155089,California
San Luis Obispo,2021-06-23,495,281361,271,143612,203,127730,21,10019,238,20131,257,135217,259,155348,California
San Luis Obispo,2021-06-24,467,281828,262,143874,179,127909,26,10045,204,20102,259,135476,230,155578,California
San Luis Obispo,2021-06-25,528,282356,213,144087,293,128202,22,10067,211,20022,311,135787,231,155809,California
San Luis Obispo,2021-06-26,268,282624,146,144233,107,128309,15,10082,118,20004,150,135937,132,155941,California
San Luis Obispo,2021-06-27,145,282769,95,144328,45,128354,5,10087,76,20017,68,136005,81,156022,California
San Luis Obispo,2021-06-28,297,283066,227,144555,62,128416,8,10095,115,19959,181,136186,123,156145,California
San Mateo,2020-12-15,27,27,27,27,0,0,0,0,27,27,0,0,27,27,California
San Mateo,2020-12-16,112,139,112,139,0,0,0,0,112,139,0,0,112,139,California
San Mateo,2020-12-17,174,313,174,313,0,0,0,0,174,313,0,0,174,313,California
San Mateo,2020-12-18,776,1089,774,1087,2,2,0,0,776,1089,0,0,776,1089,California
San Mateo,2020-12-19,519,1608,519,1606,0,2,0,0,519,1608,0,0,519,1608,California
San Mateo,2020-12-20,508,2116,507,2113,1,3,0,0,508,2116,0,0,508,2116,California
San Mateo,2020-12-21,1147,3263,1146,3259,1,4,0,0,1147,3263,0,0,1147,3263,California
San Mateo,2020-12-22,1517,4780,1509,4768,8,12,0,0,1516,4778,1,1,1516,4779,California
San Mateo,2020-12-23,1571,6351,1381,6149,190,202,0,0,1571,6349,0,1,1571,6350,California
San Mateo,2020-12-24,869,7220,611,6760,258,460,0,0,869,7218,0,1,869,7219,California
San Mateo,2020-12-25,114,7334,110,6870,4,464,0,0,114,7332,0,1,114,7333,California
San Mateo,2020-12-26,563,7897,418,7288,145,609,0,0,563,7895,0,1,563,7896,California
San Mateo,2020-12-27,304,8201,173,7461,131,740,0,0,304,8199,0,1,304,8200,California
San Mateo,2020-12-28,1060,9261,710,8171,350,1090,0,0,1060,9259,0,1,1060,9260,California
San Mateo,2020-12-29,1139,10400,715,8886,424,1514,0,0,1139,10398,0,1,1139,10399,California
San Mateo,2020-12-30,1270,11670,765,9651,505,2019,0,0,1270,11668,0,1,1270,11669,California
San Mateo,2020-12-31,711,12381,229,9880,482,2501,0,0,710,12377,1,2,710,12379,California
San Mateo,2021-01-01,113,12494,77,9957,36,2537,0,0,113,12490,0,2,113,12492,California
San Mateo,2021-01-02,403,12897,274,10231,129,2666,0,0,403,12893,0,2,403,12895,California
San Mateo,2021-01-03,284,13181,209,10440,75,2741,0,0,281,13171,3,5,281,13176,California
San Mateo,2021-01-04,1056,14237,681,11121,375,3116,0,0,1056,14227,0,5,1056,14232,California
San Mateo,2021-01-05,1217,15454,716,11837,501,3617,0,0,1183,15377,34,39,1184,15416,California
San Mateo,2021-01-06,1461,16915,959,12796,502,4119,0,0,1267,16454,191,230,1268,16684,California
San Mateo,2021-01-07,1464,18379,817,13613,647,4766,0,0,1153,17303,304,534,1153,17837,California
San Mateo,2021-01-08,1857,20236,1202,14815,655,5421,0,0,1141,17735,709,1243,1141,18978,California
San Mateo,2021-01-09,1183,21419,782,15597,401,5822,0,0,719,17990,464,1707,719,19697,California
San Mateo,2021-01-10,709,22128,579,16176,130,5952,0,0,268,17817,441,2148,268,19965,California
San Mateo,2021-01-11,2614,24742,1507,17683,1107,7059,0,0,1536,18277,1078,3226,1538,21503,California
San Mateo,2021-01-12,3457,28199,1940,19623,1517,8576,0,0,2231,19296,1217,4443,2236,23739,California
San Mateo,2021-01-13,3419,31618,1673,21296,1746,10322,0,0,2368,20615,1051,5494,2370,26109,California
San Mateo,2021-01-14,3804,35422,1613,22909,2191,12513,0,0,3101,23018,703,6197,3106,29215,California
San Mateo,2021-01-15,4354,39776,1737,24646,2617,15130,0,0,3803,26275,548,6745,3805,33020,California
San Mateo,2021-01-16,3086,42862,768,25414,2318,17448,0,0,2755,28702,329,7074,2756,35776,California
San Mateo,2021-01-17,1315,44177,303,25717,1012,18460,0,0,1111,29609,204,7278,1111,36887,California
San Mateo,2021-01-18,1372,45549,543,26260,829,19289,0,0,991,30222,378,7656,991,37878,California
San Mateo,2021-01-19,2809,48358,1798,28058,1011,20300,0,0,2005,31426,801,8457,2005,39883,California
San Mateo,2021-01-20,2992,51350,1728,29786,1264,21564,0,0,2139,32716,850,9307,2140,42023,California
San Mateo,2021-01-21,2939,54289,1360,31146,1579,23143,0,0,2337,34457,599,9906,2340,44363,California
San Mateo,2021-01-22,2835,57124,1147,32293,1688,24831,0,0,2527,36681,304,10210,2528,46891,California
San Mateo,2021-01-23,2897,60021,1689,33982,1208,26039,0,0,2526,38837,371,10581,2527,49418,California
San Mateo,2021-01-24,1519,61540,376,34358,1143,27182,0,0,1208,39736,310,10891,1209,50627,California
San Mateo,2021-01-25,4435,65975,3152,37510,1283,28465,0,0,3525,42359,906,11797,3529,54156,California
San Mateo,2021-01-26,4358,70333,3013,40523,1345,29810,0,0,3423,44850,933,12730,3424,57580,California
San Mateo,2021-01-27,2832,73165,1477,42000,1355,31165,0,0,1822,45669,1004,13734,1823,59403,California
San Mateo,2021-01-28,2833,75998,1372,43372,1461,32626,0,0,1976,46803,842,14576,1976,61379,California
San Mateo,2021-01-29,3025,79023,1356,44728,1669,34295,0,0,2176,48134,847,15423,2178,63557,California
San Mateo,2021-01-30,3418,82441,1487,46215,1931,36226,0,0,2951,50620,466,15889,2952,66509,California
San Mateo,2021-01-31,1695,84136,901,47116,794,37020,0,0,1529,51986,163,16052,1529,68038,California
San Mateo,2021-02-01,2968,87104,1370,48486,1598,38618,0,0,2236,53495,728,16780,2237,70275,California
San Mateo,2021-02-02,3252,90356,1749,50235,1503,40121,0,0,2208,54662,1041,17821,2208,72483,California
San Mateo,2021-02-03,5033,95389,2078,52313,2955,43076,0,0,3882,57397,1148,18969,3883,76366,California
San Mateo,2021-02-04,6257,101646,2516,54829,3741,46817,0,0,4972,61093,1280,20249,4976,81342,California
San Mateo,2021-02-05,6840,108486,2556,57385,4284,51101,0,0,5003,64277,1819,22068,5003,86345,California
San Mateo,2021-02-06,3287,111773,1912,59297,1375,52476,0,0,2629,66254,654,22722,2631,88976,California
San Mateo,2021-02-07,1901,113674,1343,60640,558,53034,0,0,1710,67773,191,22913,1710,90686,California
San Mateo,2021-02-08,5303,118977,2264,62904,3039,56073,0,0,3126,68787,2112,25025,3126,93812,California
San Mateo,2021-02-09,6195,125172,3210,66114,2985,59058,0,0,3328,69257,2858,27883,3328,97140,California
San Mateo,2021-02-10,6548,131720,3288,69402,3260,62318,0,0,3277,69282,3252,31135,3277,100417,California
San Mateo,2021-02-11,7106,138826,3600,73002,3506,65824,0,0,3778,69741,3321,34456,3780,104197,California
San Mateo,2021-02-12,6689,145515,2999,76001,3690,69514,0,0,4728,72514,1957,36413,4730,108927,California
San Mateo,2021-02-13,6175,151690,4060,80061,2115,71629,0,0,2650,71648,3516,39929,2650,111577,California
San Mateo,2021-02-14,4687,156377,3059,83120,1628,73257,0,0,1988,70947,2690,42619,1989,113566,California
San Mateo,2021-02-15,3191,159568,1464,84584,1727,74984,0,0,1798,71360,1386,44005,1799,115365,California
San Mateo,2021-02-16,7194,166762,1906,86490,5288,80272,0,0,5296,74762,1896,45901,5298,120663,California
San Mateo,2021-02-17,7119,173881,1987,88477,5132,85404,0,0,5052,77753,2062,47963,5053,125716,California
San Mateo,2021-02-18,6771,180652,4667,93144,2104,87508,0,0,4483,79955,2284,50247,4486,130202,California
San Mateo,2021-02-19,7871,188523,5625,98769,2246,89754,0,0,5825,83741,2039,52286,5825,136027,California
San Mateo,2021-02-20,3814,192337,2467,101236,1347,91101,0,0,2345,84626,1461,53747,2346,138373,California
San Mateo,2021-02-21,2677,195014,1810,103046,867,91968,0,0,1594,85145,1076,54823,1595,139968,California
San Mateo,2021-02-22,4512,199526,3271,106317,1241,93209,0,0,2843,86326,1663,56486,2844,142812,California
San Mateo,2021-02-23,4425,203951,3163,109480,1262,94471,0,0,2579,87068,1837,58323,2579,145391,California
San Mateo,2021-02-24,7392,211343,3328,112808,4064,98535,0,0,4901,89488,2482,60805,4902,150293,California
San Mateo,2021-02-25,9318,220661,4150,116958,5168,103703,0,0,6144,92476,3157,63962,6145,156438,California
San Mateo,2021-02-26,10074,230735,3890,120848,6184,109887,0,0,6976,96373,3083,67045,6980,163418,California
San Mateo,2021-02-27,6913,237648,3570,124418,3342,113229,1,1,3765,97005,3140,70185,3772,167190,California
San Mateo,2021-02-28,4466,242114,2755,127173,1711,114940,0,1,2683,97915,1774,71959,2684,169874,California
San Mateo,2021-03-01,6050,248164,3811,130984,2235,117175,4,5,2990,97866,3045,75004,2996,172870,California
San Mateo,2021-03-02,6289,254453,4466,135450,1822,118997,1,6,3617,98821,2664,77668,3619,176489,California
San Mateo,2021-03-03,8551,263004,4040,139490,4509,123506,2,8,3707,97701,4829,82497,3709,180198,California
San Mateo,2021-03-04,8578,271582,4021,143511,4553,128059,4,12,3877,96906,4678,87175,3883,184081,California
San Mateo,2021-03-05,9400,280982,6258,149769,3138,131197,4,16,6587,100708,2792,89967,6594,190675,California
San Mateo,2021-03-06,8002,288984,5564,155333,2262,133459,176,192,5866,104626,2124,92091,6042,196717,California
San Mateo,2021-03-07,3631,292615,2456,157789,1104,134563,71,263,2140,105352,1487,93578,2213,198930,California
San Mateo,2021-03-08,4553,297168,2574,160363,1759,136322,220,483,3326,107677,1219,94797,3544,202474,California
San Mateo,2021-03-09,5358,302526,2873,163236,2209,138531,276,759,3733,110068,1613,96410,4004,206478,California
San Mateo,2021-03-10,7280,309806,2957,166193,4037,142568,286,1045,4839,112766,2425,98835,5123,211601,California
San Mateo,2021-03-11,9198,319004,5766,171959,3040,145608,392,1437,3720,111435,5439,104274,4108,215709,California
San Mateo,2021-03-12,10654,329658,6708,178667,3558,149166,388,1825,3594,108378,7038,111312,3981,219690,California
San Mateo,2021-03-13,8261,337919,3535,182202,3091,152257,1635,3460,3990,109739,4252,115564,5613,225303,California
San Mateo,2021-03-14,5032,342951,3397,185599,1526,153783,109,3569,2658,110140,2366,117930,2767,228070,California
San Mateo,2021-03-15,7246,350197,4678,190277,2389,156172,179,3748,3796,110674,3443,121373,3977,232047,California
San Mateo,2021-03-16,12027,362224,4435,194712,7467,163639,125,3873,4840,108474,7168,128541,4968,237015,California
San Mateo,2021-03-17,10984,373208,4481,199193,6357,169996,146,4019,4966,107600,5988,134529,5114,242129,California
San Mateo,2021-03-18,7420,380628,4163,203356,3066,173062,191,4210,4409,109195,3003,137532,4598,246727,California
San Mateo,2021-03-19,7602,388230,4907,208263,2022,175084,673,4883,3652,109581,3939,141471,4325,251052,California
San Mateo,2021-03-20,8424,396654,6557,214820,1532,176616,335,5218,5368,112247,3037,144508,5703,256755,California
San Mateo,2021-03-21,4289,400943,3250,218070,806,177422,233,5451,2294,112787,1984,146492,2524,259279,California
San Mateo,2021-03-22,5391,406334,3673,221743,1293,178715,425,5876,2843,113524,2533,149025,3270,262549,California
San Mateo,2021-03-23,9963,416297,4589,226332,5175,183890,199,6075,4497,112786,5434,154459,4696,267245,California
San Mateo,2021-03-24,9602,425899,5549,231881,3907,187797,146,6221,4109,111622,5416,159875,4252,271497,California
San Mateo,2021-03-25,10204,436103,5017,236898,4918,192715,269,6490,4458,110712,5639,165514,4729,276226,California
San Mateo,2021-03-26,11349,447452,7793,244691,3388,196103,168,6658,4333,108239,6974,172488,4501,280727,California
San Mateo,2021-03-27,10610,458062,8110,252801,2389,198492,111,6769,4676,107109,5915,178403,4785,285512,California
San Mateo,2021-03-28,4301,462363,2783,255584,1405,199897,113,6882,1995,106925,2296,180699,2112,287624,California
San Mateo,2021-03-29,6118,468481,3793,259377,2069,201966,256,7138,2741,106563,3358,184057,2996,290620,California
San Mateo,2021-03-30,7218,475699,4106,263483,2958,204924,154,7292,3886,107286,3317,187374,4040,294660,California
San Mateo,2021-03-31,7375,483074,4655,268138,2578,207502,142,7434,3877,107825,3480,190854,4019,298679,California
San Mateo,2021-04-01,10705,493779,5283,273421,4204,211706,1218,8652,5739,109861,4913,195767,6949,305628,California
San Mateo,2021-04-02,10975,504754,5244,278665,4130,215836,1601,10253,5773,112045,5178,200945,7362,312990,California
San Mateo,2021-04-03,10035,514789,5785,284450,2476,218312,1774,12027,5112,114016,4913,205858,6884,319874,California
San Mateo,2021-04-04,5472,520261,2636,287086,1578,219890,1258,13285,1709,113232,3747,209605,2963,322837,California
San Mateo,2021-04-05,9069,529330,4827,291913,2497,222387,1745,15030,3879,113679,5172,214777,5619,328456,California
San Mateo,2021-04-06,13284,542614,8295,300208,3130,225517,1859,16889,7569,117410,5699,220476,9430,337886,California
San Mateo,2021-04-07,11528,554142,5347,305555,4481,229998,1700,18589,4892,117379,6615,227091,6584,344470,California
San Mateo,2021-04-08,10273,564415,5118,310673,2537,232535,2618,21207,4545,118820,5708,232799,7149,351619,California
San Mateo,2021-04-09,11457,575872,5583,316256,3370,235905,2504,23711,5136,120134,6317,239116,7631,359250,California
San Mateo,2021-04-10,11325,587197,5756,322012,4119,240024,1450,25161,4682,119645,6611,245727,6122,365372,California
San Mateo,2021-04-11,6660,593857,3308,325320,880,240904,2472,27633,2321,120097,4332,250059,4784,370156,California
San Mateo,2021-04-12,7436,601293,4533,329853,1923,242827,980,28613,3581,120819,3833,253892,4555,374711,California
San Mateo,2021-04-13,8306,609599,5169,335022,3126,245953,11,28624,4387,121313,3906,257798,4400,379111,California
San Mateo,2021-04-14,8436,618035,5441,340463,2994,248947,1,28625,4307,121519,4110,261908,4316,383427,California
San Mateo,2021-04-15,11303,629338,7498,347961,3803,252750,2,28627,7361,124971,3913,265821,7365,390792,California
San Mateo,2021-04-16,10158,639496,6970,354931,3172,255922,16,28643,6418,127695,3716,269537,6440,397232,California
San Mateo,2021-04-17,9868,649364,6570,361501,3296,259218,2,28645,6238,130324,3618,273155,6247,403479,California
San Mateo,2021-04-18,5743,655107,2875,364376,2868,262086,0,28645,3856,132314,1872,275027,3862,407341,California
San Mateo,2021-04-19,8532,663639,5548,369924,2984,265070,0,28645,5537,134884,2979,278006,5549,412890,California
San Mateo,2021-04-20,10850,674489,6214,376138,4635,269705,1,28646,6938,137948,3887,281893,6951,419841,California
San Mateo,2021-04-21,9905,684394,6885,383023,3018,272723,2,28648,6135,140343,3748,285641,6143,425984,California
San Mateo,2021-04-22,10177,694571,6921,389944,3255,275978,1,28649,5684,141576,4457,290098,5690,431674,California
San Mateo,2021-04-23,10013,704584,6717,396661,3296,279274,0,28649,5616,142842,4368,294466,5634,437308,California
San Mateo,2021-04-24,11300,715884,8053,404714,3247,282521,0,28649,5818,143212,5459,299925,5829,443137,California
San Mateo,2021-04-25,5563,721447,3883,408597,1678,284199,2,28651,3954,145588,1593,301518,3969,447106,California
San Mateo,2021-04-26,6903,728350,5009,413606,1886,286085,8,28659,3998,146715,2891,304409,4018,451124,California
San Mateo,2021-04-27,11618,739968,8207,421813,3256,289341,155,28814,4759,144814,6825,311234,4924,456048,California
San Mateo,2021-04-28,8215,748183,4783,426596,3226,292567,206,29020,4378,145584,3821,315055,4591,460639,California
San Mateo,2021-04-29,8450,756633,4078,430674,4199,296766,173,29193,3832,145017,4589,319644,4022,464661,California
San Mateo,2021-04-30,8463,765096,5368,436042,2941,299707,154,29347,3629,144014,4805,324449,3802,468463,California
San Mateo,2021-05-01,6219,771315,4154,440196,1947,301654,118,29465,2689,143323,3511,327960,2820,471283,California
San Mateo,2021-05-02,3193,774508,1752,441948,1371,303025,70,29535,1153,142520,2031,329991,1228,472511,California
San Mateo,2021-05-03,6093,780601,4541,446489,1407,304432,145,29680,1852,140288,4230,334221,1998,474509,California
San Mateo,2021-05-04,7691,788292,5309,451798,2210,306642,172,29852,2550,137903,5126,339347,2741,477250,California
San Mateo,2021-05-05,7182,795474,4766,456564,2257,308899,159,30011,2454,135821,4698,344045,2616,479866,California
San Mateo,2021-05-06,8933,804407,7043,463607,1715,310614,175,30186,1792,130672,7120,351165,1971,481837,California
San Mateo,2021-05-07,8423,812830,6070,469677,2068,312682,285,30471,1868,126308,6530,357695,2166,484003,California
San Mateo,2021-05-08,7018,819848,4387,474064,2392,315074,239,30710,1926,123400,5077,362772,2169,486172,California
San Mateo,2021-05-09,3156,823004,2461,476525,621,315695,74,30784,944,122218,2201,364973,1019,487191,California
San Mateo,2021-05-10,4807,827811,3498,480023,1139,316834,170,30954,745,119090,4052,369025,924,488115,California
San Mateo,2021-05-11,7254,835065,5550,485573,1575,318409,129,31083,1713,115412,5522,374547,1844,489959,California
San Mateo,2021-05-12,7070,842135,5149,490722,1706,320115,215,31298,1426,111426,5630,380177,1644,491603,California
San Mateo,2021-05-13,9766,851901,7348,498070,2321,322436,97,31395,3418,108642,6313,386490,3529,495132,California
San Mateo,2021-05-14,8571,860472,6350,504420,2106,324542,115,31510,2575,105362,5976,392466,2696,497828,California
San Mateo,2021-05-15,10637,871109,8336,512756,2199,326741,102,31612,4706,104275,5916,398382,4829,502657,California
San Mateo,2021-05-16,7284,878393,5206,517962,2007,328748,71,31683,2269,101621,4995,403377,2341,504998,California
San Mateo,2021-05-17,7208,885601,5124,523086,1975,330723,109,31792,2129,98801,5062,408439,2242,507240,California
San Mateo,2021-05-18,8559,894160,5920,529006,2541,333264,98,31890,3062,96595,5372,413811,3166,510406,California
San Mateo,2021-05-19,7926,902086,5910,534916,1894,335158,122,32012,3553,95947,4326,418137,3678,514084,California
San Mateo,2021-05-20,5766,907852,3592,538508,2040,337198,134,32146,2168,94680,3572,421709,2305,516389,California
San Mateo,2021-05-21,7026,914878,4780,543288,2101,339299,145,32291,1869,91558,5136,426845,2014,518403,California
San Mateo,2021-05-22,6344,921222,4314,547602,1963,341262,67,32358,2620,90542,3705,430550,2689,521092,California
San Mateo,2021-05-23,3073,924295,1742,549344,1242,342504,89,32447,1162,89895,1899,432449,1252,522344,California
San Mateo,2021-05-24,3674,927969,2448,551792,1077,343581,149,32596,1225,88840,2427,434876,1372,523716,California
San Mateo,2021-05-25,4786,932755,3014,554806,1592,345173,180,32776,1576,87411,3188,438064,1759,525475,California
San Mateo,2021-05-26,5723,938478,3080,557886,2525,347698,118,32894,1781,85390,3920,441984,1899,527374,California
San Mateo,2021-05-27,3775,942253,2204,560090,1472,349170,99,32993,1197,84129,2553,444537,1292,528666,California
San Mateo,2021-05-28,3517,945770,2206,562296,1226,350396,85,33078,1307,83350,2170,446707,1391,530057,California
San Mateo,2021-05-29,3231,949001,2283,564579,897,351293,51,33129,1234,82665,1969,448676,1284,531341,California
San Mateo,2021-05-30,1631,950632,1102,565681,468,351761,61,33190,640,82385,981,449657,701,532042,California
San Mateo,2021-05-31,437,951069,274,565955,155,351916,8,33198,159,82276,276,449933,167,532209,California
San Mateo,2021-06-01,3341,954410,1976,567931,1269,353185,96,33294,954,80951,2374,452307,1049,533258,California
San Mateo,2021-06-02,2772,957182,1837,569768,857,354042,78,33372,1057,80385,1699,454006,1133,534391,California
San Mateo,2021-06-03,3815,960997,2997,572765,705,354747,113,33485,832,78357,2969,456975,941,535332,California
San Mateo,2021-06-04,4130,965127,3184,575949,851,355598,95,33580,1120,76569,2990,459965,1202,536534,California
San Mateo,2021-06-05,5149,970276,4499,580448,550,356148,100,33680,956,73464,4161,464126,1056,537590,California
San Mateo,2021-06-06,2507,972783,2069,582517,377,356525,61,33741,477,71989,2009,466135,534,538124,California
San Mateo,2021-06-07,3114,975897,2610,585127,424,356949,80,33821,700,70360,2407,468542,778,538902,California
San Mateo,2021-06-08,4073,979970,3444,588571,525,357474,104,33925,967,68361,3071,471613,1072,539974,California
San Mateo,2021-06-09,4142,984112,3568,592139,504,357978,70,33995,619,65538,3510,475123,687,540661,California
San Mateo,2021-06-10,2959,987071,2390,594529,453,358431,116,34111,751,64213,2192,477315,867,541528,California
San Mateo,2021-06-11,2848,989919,2286,596815,451,358882,111,34222,907,63301,1930,479245,1018,542546,California
San Mateo,2021-06-12,3139,993058,2798,599613,260,359142,81,34303,768,61794,2356,481601,849,543395,California
San Mateo,2021-06-13,1408,994466,1056,600669,289,359431,63,34366,348,61160,1045,482646,411,543806,California
San Mateo,2021-06-14,2426,996892,2097,602766,246,359677,83,34449,689,60227,1705,484351,772,544578,California
San Mateo,2021-06-15,2266,999158,1798,604564,348,360025,120,34569,683,59464,1565,485916,802,545380,California
San Mateo,2021-06-16,2443,1001601,2025,606589,261,360286,157,34726,702,58620,1698,487614,854,546234,California
San Mateo,2021-06-17,1945,1003546,1607,608196,250,360536,88,34814,688,58189,1207,488821,776,547010,California
San Mateo,2021-06-18,2130,1005676,1787,609983,265,360801,78,34892,619,57390,1492,490313,693,547703,California
San Mateo,2021-06-19,1780,1007456,1560,611543,160,360961,60,34952,586,56913,1122,491435,645,548348,California
San Mateo,2021-06-20,769,1008225,698,612241,60,361021,11,34963,286,56761,449,491884,297,548645,California
San Mateo,2021-06-21,1244,1009469,932,613173,239,361260,73,35036,604,56806,634,492518,679,549324,California
San Mateo,2021-06-22,1591,1011060,1288,614461,208,361468,95,35131,598,56522,976,493494,692,550016,California
San Mateo,2021-06-23,1844,1012904,1567,616028,175,361643,102,35233,621,56055,1190,494684,723,550739,California
San Mateo,2021-06-24,1459,1014363,1089,617117,269,361912,101,35334,533,55778,908,495592,631,551370,California
San Mateo,2021-06-25,1776,1016139,1481,618598,222,362134,73,35407,659,55404,1106,496698,732,552102,California
San Mateo,2021-06-26,1238,1017377,1042,619640,138,362272,58,35465,492,55222,731,497429,549,552651,California
San Mateo,2021-06-27,614,1017991,500,620140,72,362344,42,35507,278,55207,335,497764,320,552971,California
San Mateo,2021-06-28,913,1018904,755,620895,93,362437,65,35572,340,55049,562,498326,404,553375,California
Santa Barbara,2020-12-15,2,2,2,2,0,0,0,0,2,2,0,0,2,2,California
Santa Barbara,2020-12-16,2,4,2,4,0,0,0,0,2,4,0,0,2,4,California
Santa Barbara,2020-12-17,56,60,56,60,0,0,0,0,56,60,0,0,56,60,California
Santa Barbara,2020-12-18,382,442,381,441,1,1,0,0,382,442,0,0,382,442,California
Santa Barbara,2020-12-19,325,767,325,766,0,1,0,0,325,767,0,0,325,767,California
Santa Barbara,2020-12-20,236,1003,236,1002,0,1,0,0,236,1003,0,0,236,1003,California
Santa Barbara,2020-12-21,656,1659,654,1656,2,3,0,0,656,1659,0,0,656,1659,California
Santa Barbara,2020-12-22,247,1906,245,1901,2,5,0,0,247,1906,0,0,247,1906,California
Santa Barbara,2020-12-23,325,2231,207,2108,118,123,0,0,325,2231,0,0,325,2231,California
Santa Barbara,2020-12-24,88,2319,40,2148,48,171,0,0,88,2319,0,0,88,2319,California
Santa Barbara,2020-12-26,326,2645,66,2214,260,431,0,0,326,2645,0,0,326,2645,California
Santa Barbara,2020-12-27,62,2707,1,2215,61,492,0,0,62,2707,0,0,62,2707,California
Santa Barbara,2020-12-28,357,3064,224,2439,133,625,0,0,357,3064,0,0,357,3064,California
Santa Barbara,2020-12-29,561,3625,358,2797,203,828,0,0,561,3625,0,0,561,3625,California
Santa Barbara,2020-12-30,582,4207,399,3196,183,1011,0,0,582,4207,0,0,582,4207,California
Santa Barbara,2020-12-31,242,4449,114,3310,128,1139,0,0,242,4449,0,0,242,4449,California
Santa Barbara,2021-01-01,117,4566,111,3421,6,1145,0,0,117,4566,0,0,117,4566,California
Santa Barbara,2021-01-02,598,5164,232,3653,366,1511,0,0,598,5164,0,0,598,5164,California
Santa Barbara,2021-01-03,23,5187,15,3668,8,1519,0,0,23,5187,0,0,23,5187,California
Santa Barbara,2021-01-04,306,5493,243,3911,63,1582,0,0,305,5492,0,0,305,5492,California
Santa Barbara,2021-01-05,756,6249,380,4291,376,1958,0,0,728,6192,28,28,728,6220,California
Santa Barbara,2021-01-06,658,6907,276,4567,382,2340,0,0,597,6729,60,88,597,6817,California
Santa Barbara,2021-01-07,1032,7939,709,5276,323,2663,0,0,528,6757,500,588,528,7345,California
Santa Barbara,2021-01-08,1209,9148,849,6125,360,3023,0,0,714,6976,495,1083,714,8059,California
Santa Barbara,2021-01-09,565,9713,293,6418,272,3295,0,0,319,7049,246,1329,319,8378,California
Santa Barbara,2021-01-10,64,9777,51,6469,13,3308,0,0,47,7079,17,1346,47,8425,California
Santa Barbara,2021-01-11,845,10622,676,7145,169,3477,0,0,617,7469,227,1573,617,9042,California
Santa Barbara,2021-01-12,1445,12067,648,7793,797,4274,0,0,1285,8594,160,1733,1285,10327,California
Santa Barbara,2021-01-13,1223,13290,270,8063,953,5227,0,0,1096,9563,127,1860,1096,11423,California
Santa Barbara,2021-01-14,1259,14549,140,8203,1119,6346,0,0,1203,10712,55,1915,1204,12627,California
Santa Barbara,2021-01-15,1803,16352,420,8623,1383,7729,0,0,1720,12351,81,1996,1720,14347,California
Santa Barbara,2021-01-16,1279,17631,203,8826,1076,8805,0,0,1239,13551,39,2035,1239,15586,California
Santa Barbara,2021-01-17,126,17757,23,8849,103,8908,0,0,123,13671,3,2038,123,15709,California
Santa Barbara,2021-01-18,1154,18911,419,9268,735,9643,0,0,969,14455,185,2223,969,16678,California
Santa Barbara,2021-01-19,1643,20554,570,9838,1073,10716,0,0,1363,15541,277,2500,1363,18041,California
Santa Barbara,2021-01-20,2223,22777,655,10493,1568,12284,0,0,1802,16923,420,2920,1802,19843,California
Santa Barbara,2021-01-21,3202,25979,1920,12413,1282,13566,0,0,3042,19806,160,3080,3043,22886,California
Santa Barbara,2021-01-22,2949,28928,1792,14205,1157,14723,0,0,2777,22415,169,3249,2778,25664,California
Santa Barbara,2021-01-23,1736,30664,1104,15309,632,15355,0,0,1220,23120,515,3764,1220,26884,California
Santa Barbara,2021-01-24,847,31511,750,16059,97,15452,0,0,836,23946,10,3774,836,27720,California
Santa Barbara,2021-01-25,1239,32750,492,16551,747,16199,0,0,1003,24713,236,4010,1003,28723,California
Santa Barbara,2021-01-26,2052,34802,466,17017,1586,17785,0,0,1667,25997,383,4393,1667,30390,California
Santa Barbara,2021-01-27,1170,35972,399,17416,771,18556,0,0,907,26644,262,4655,909,31299,California
Santa Barbara,2021-01-28,899,36871,296,17712,603,19159,0,0,683,27115,212,4867,683,31982,California
Santa Barbara,2021-01-29,1347,38218,526,18238,821,19980,0,0,983,27740,360,5227,985,32967,California
Santa Barbara,2021-01-30,1906,40124,1418,19656,488,20468,0,0,1489,28815,414,5641,1489,34456,California
Santa Barbara,2021-01-31,1456,41580,1213,20869,243,20711,0,0,1417,30193,39,5680,1417,35873,California
Santa Barbara,2021-02-01,951,42531,524,21393,427,21138,0,0,551,30345,399,6079,551,36424,California
Santa Barbara,2021-02-02,1812,44343,683,22076,1129,22267,0,0,1043,30621,767,6846,1043,37467,California
Santa Barbara,2021-02-03,1963,46306,1084,23160,879,23146,0,0,1514,31696,439,7285,1514,38981,California
Santa Barbara,2021-02-04,2804,49110,1876,25036,928,24074,0,0,2503,33904,295,7580,2503,41484,California
Santa Barbara,2021-02-05,2926,52036,2078,27114,848,24922,0,0,2281,35543,642,8222,2281,43765,California
Santa Barbara,2021-02-06,1202,53238,339,27453,863,25785,0,0,792,35925,410,8632,792,44557,California
Santa Barbara,2021-02-07,311,53549,268,27721,43,25828,0,0,272,36160,37,8669,272,44829,California
Santa Barbara,2021-02-08,955,54504,311,28032,644,26472,0,0,665,36535,290,8959,665,45494,California
Santa Barbara,2021-02-09,2452,56956,315,28347,2137,28609,0,0,1123,36339,1319,10278,1123,46617,California
Santa Barbara,2021-02-10,2781,59737,1503,29850,1278,29887,0,0,748,35067,2021,12299,749,47366,California
Santa Barbara,2021-02-11,4210,63947,2819,32669,1391,31278,0,0,632,32133,3566,15865,632,47998,California
Santa Barbara,2021-02-12,3320,67267,949,33618,2371,33649,0,0,774,30369,2540,18405,776,48774,California
Santa Barbara,2021-02-13,1245,68512,344,33962,901,34550,0,0,565,30256,678,19083,565,49339,California
Santa Barbara,2021-02-14,335,68847,37,33999,298,34848,0,0,288,30498,47,19130,289,49628,California
Santa Barbara,2021-02-15,982,69829,346,34345,636,35484,0,0,498,30516,481,19611,499,50127,California
Santa Barbara,2021-02-16,2129,71958,406,34751,1723,37207,0,0,725,29841,1400,21011,725,50852,California
Santa Barbara,2021-02-17,1450,73408,327,35078,1123,38330,0,0,521,29441,924,21935,524,51376,California
Santa Barbara,2021-02-18,3276,76684,2669,37747,607,38937,0,0,1527,29257,1712,23647,1528,52904,California
Santa Barbara,2021-02-19,3607,80291,2646,40393,961,39898,0,0,2329,30312,1275,24922,2330,55234,California
Santa Barbara,2021-02-20,2312,82603,1512,41905,800,40698,0,0,1745,31501,557,25479,1746,56980,California
Santa Barbara,2021-02-21,140,82743,111,42016,29,40727,0,0,62,31488,75,25554,62,57042,California
Santa Barbara,2021-02-22,941,83684,249,42265,692,41419,0,0,274,31097,665,26219,274,57316,California
Santa Barbara,2021-02-23,3192,86876,1047,43312,2145,43564,0,0,425,28760,2763,28982,426,57742,California
Santa Barbara,2021-02-24,3221,90097,1100,44412,2121,45685,0,0,725,26999,2486,31468,725,58467,California
Santa Barbara,2021-02-25,3468,93565,1925,46337,1543,47228,0,0,992,25527,2468,33936,996,59463,California
Santa Barbara,2021-02-26,3683,97248,2182,48519,1501,48729,0,0,1984,25823,1689,35625,1985,61448,California
Santa Barbara,2021-02-27,1545,98793,567,49086,978,49707,0,0,862,26011,679,36304,867,62315,California
Santa Barbara,2021-02-28,1096,99889,223,49309,873,50580,0,0,896,26715,194,36498,898,63213,California
Santa Barbara,2021-03-01,1670,101559,488,49797,1180,51760,2,2,1108,27281,545,37043,1111,64324,California
Santa Barbara,2021-03-02,2671,104230,426,50223,2245,54005,0,2,2164,28953,494,37537,2166,66490,California
Santa Barbara,2021-03-03,4653,108883,2108,52331,2543,56548,2,4,4050,32418,592,38129,4057,70547,California
Santa Barbara,2021-03-04,3445,112328,2293,54624,1152,57700,0,4,2877,34738,559,38688,2879,73426,California
Santa Barbara,2021-03-05,3832,116160,2172,56796,1601,59301,59,63,3100,37171,727,39415,3160,76586,California
Santa Barbara,2021-03-06,2443,118603,733,57529,1491,60792,219,282,1676,38301,762,40177,1892,78478,California
Santa Barbara,2021-03-07,566,119169,123,57652,311,61103,132,414,383,38635,182,40359,516,78994,California
Santa Barbara,2021-03-08,1585,120754,382,58034,860,61963,343,757,800,39000,778,41137,1143,80137,California
Santa Barbara,2021-03-09,2800,123554,347,58381,1685,63648,768,1525,743,38455,2054,43191,1509,81646,California
Santa Barbara,2021-03-10,2774,126328,555,58936,1166,64814,1053,2578,1044,38826,1725,44916,2096,83742,California
Santa Barbara,2021-03-11,5597,131925,3039,61975,1442,66256,1116,3694,2285,38925,3295,48211,3394,87136,California
Santa Barbara,2021-03-12,3707,135632,2113,64088,1160,67416,434,4128,2182,40021,1517,49728,2613,89749,California
Santa Barbara,2021-03-13,3504,139136,1940,66028,1357,68773,207,4335,2698,42123,803,50531,2905,92654,California
Santa Barbara,2021-03-14,813,139949,395,66423,361,69134,57,4392,488,42346,324,50855,547,93201,California
Santa Barbara,2021-03-15,2122,142071,700,67123,1131,70265,291,4683,1273,43066,842,51697,1562,94763,California
Santa Barbara,2021-03-16,3737,145808,1185,68308,2209,72474,343,5026,2740,45158,992,52689,3084,97847,California
Santa Barbara,2021-03-17,3328,149136,980,69288,1944,74418,404,5430,2334,46901,991,53680,2734,100581,California
Santa Barbara,2021-03-18,5240,154376,2803,72091,2235,76653,202,5632,4011,49901,1213,54893,4213,104794,California
Santa Barbara,2021-03-19,4457,158833,2776,74867,1347,78000,334,5966,3059,51899,1394,56287,3392,108186,California
Santa Barbara,2021-03-20,2195,161028,841,75708,1336,79336,18,5984,1336,52400,855,57142,1356,109542,California
Santa Barbara,2021-03-21,1172,162200,385,76093,757,80093,30,6014,842,52946,327,57469,873,110415,California
Santa Barbara,2021-03-22,2789,164989,1922,78015,823,80916,44,6058,2224,54659,556,58025,2269,112684,California
Santa Barbara,2021-03-23,4470,169459,2254,80269,2115,83031,101,6159,3695,57689,765,58790,3795,116479,California
Santa Barbara,2021-03-24,5430,174889,3156,83425,1520,84551,754,6913,2974,58980,2432,61222,3723,120202,California
Santa Barbara,2021-03-25,5570,180459,3276,86701,2100,86651,194,7107,2785,59192,2767,63989,2979,123181,California
Santa Barbara,2021-03-26,5100,185559,3229,89930,1572,88223,299,7406,2243,58894,2840,66829,2542,125723,California
Santa Barbara,2021-03-27,2965,188524,1225,91155,1697,89920,43,7449,1623,59220,1338,68167,1664,127387,California
Santa Barbara,2021-03-28,2793,191317,1659,92814,1106,91026,28,7477,1903,60266,886,69053,1932,129319,California
Santa Barbara,2021-03-29,4046,195363,2088,94902,1888,92914,70,7547,3225,62744,817,69870,3295,132614,California
Santa Barbara,2021-03-30,6801,202164,3511,98413,3139,96053,151,7698,4531,65168,2255,72125,4679,137293,California
Santa Barbara,2021-03-31,8685,210849,5528,103941,3090,99143,67,7765,5033,66638,3630,75755,5100,142393,California
Santa Barbara,2021-04-01,7060,217909,5214,109155,1585,100728,261,8026,4174,68209,2863,78618,4434,146827,California
Santa Barbara,2021-04-02,6657,224566,4562,113717,1500,102228,595,8621,3422,68998,3227,81845,4016,150843,California
Santa Barbara,2021-04-03,3817,228383,2111,115828,1634,103862,72,8693,2517,70292,1293,83138,2587,153430,California
Santa Barbara,2021-04-04,904,229287,446,116274,417,104279,41,8734,500,70431,402,83540,541,153971,California
Santa Barbara,2021-04-05,3482,232769,2298,118572,925,105204,259,8993,2178,71573,1295,84835,2437,156408,California
Santa Barbara,2021-04-06,5495,238264,2838,121410,2116,107320,541,9534,3360,73354,2118,86953,3899,160307,California
Santa Barbara,2021-04-07,6027,244291,3290,124700,2194,109514,543,10077,4089,76056,1929,88882,4631,164938,California
Santa Barbara,2021-04-08,7431,251722,5049,129749,652,110166,1730,11807,3429,77217,3994,92876,5155,170093,California
Santa Barbara,2021-04-09,7344,259066,4887,134636,1095,111261,1362,13169,3309,77856,4025,96901,4664,174757,California
Santa Barbara,2021-04-10,6719,265785,4655,139291,1446,112707,618,13787,4569,80899,2141,99042,5184,179941,California
Santa Barbara,2021-04-11,2683,268468,1967,141258,413,113120,303,14090,1858,82235,819,99861,2155,182096,California
Santa Barbara,2021-04-12,4432,272900,2849,144107,1027,114147,556,14646,1917,82200,2507,102368,2472,184568,California
Santa Barbara,2021-04-13,6388,279288,4190,148297,2192,116339,6,14652,2663,81148,3720,106088,2668,187236,California
Santa Barbara,2021-04-14,6811,286099,4422,152719,2387,118726,2,14654,4241,82833,2559,108647,4244,191480,California
Santa Barbara,2021-04-15,7019,293118,4113,156832,2905,121631,1,14655,3808,83444,3199,111846,3810,195290,California
Santa Barbara,2021-04-16,6432,299550,3777,160609,2644,124275,11,14666,4426,85894,1986,113832,4436,199726,California
Santa Barbara,2021-04-17,5366,304916,3887,164496,1479,125754,0,14666,4132,88807,1219,115051,4132,203858,California
Santa Barbara,2021-04-18,2197,307113,1535,166031,662,126416,0,14666,389,87395,1802,116853,390,204248,California
Santa Barbara,2021-04-19,3279,310392,2262,168293,1011,127427,6,14672,1045,86221,2226,119079,1052,205300,California
Santa Barbara,2021-04-20,5979,316371,4003,172296,1975,129402,1,14673,1693,83644,4270,123349,1693,206993,California
Santa Barbara,2021-04-21,5568,321939,3682,175978,1886,131288,0,14673,1783,81662,3767,127116,1785,208778,California
Santa Barbara,2021-04-22,5145,327084,2599,178577,2545,133833,1,14674,1482,79502,3645,130761,1485,210263,California
Santa Barbara,2021-04-23,5628,332712,3898,182475,1730,135563,0,14674,1992,77873,3621,134382,1992,212255,California
Santa Barbara,2021-04-24,4427,337139,2873,185348,1549,137112,5,14679,1634,76739,2774,137156,1640,213895,California
Santa Barbara,2021-04-25,1843,338982,1183,186531,660,137772,0,14679,498,75901,1336,138492,498,214393,California
Santa Barbara,2021-04-26,3255,342237,1989,188520,1245,139017,21,14700,561,73797,2687,141179,583,214976,California
Santa Barbara,2021-04-27,3986,346223,2192,190712,1692,140709,102,14802,1175,72273,2801,143980,1277,216253,California
Santa Barbara,2021-04-28,4929,351152,2877,193589,1936,142645,116,14918,1401,70282,3512,147492,1521,217774,California
Santa Barbara,2021-04-29,5275,356427,3818,197407,1230,143875,227,15145,1436,68121,3822,151314,1661,219435,California
Santa Barbara,2021-04-30,4967,361394,3713,201120,1090,144965,164,15309,1410,66155,3539,154853,1573,221008,California
Santa Barbara,2021-05-01,5250,366644,4053,205173,1163,146128,34,15343,893,62743,4341,159194,929,221937,California
Santa Barbara,2021-05-02,1134,367778,668,205841,338,146466,128,15471,307,62352,826,160020,435,222372,California
Santa Barbara,2021-05-03,2203,369981,1476,207317,589,147055,138,15609,441,61173,1755,161775,576,222948,California
Santa Barbara,2021-05-04,3319,373300,1693,209010,1554,148609,72,15681,1150,60239,2155,163930,1221,224169,California
Santa Barbara,2021-05-05,5456,378756,3684,212694,1625,150234,147,15828,633,56212,4809,168739,782,224951,California
Santa Barbara,2021-05-06,5082,383838,3931,216625,1046,151280,105,15933,970,53191,4096,172835,1075,226026,California
Santa Barbara,2021-05-07,4663,388501,3644,220269,839,152119,180,16113,997,50714,3651,176486,1174,227200,California
Santa Barbara,2021-05-08,4307,392808,3193,223462,1016,153135,98,16211,908,48335,3386,179872,1007,228207,California
Santa Barbara,2021-05-09,701,393509,111,223573,550,153685,40,16251,463,48602,237,180109,504,228711,California
Santa Barbara,2021-05-10,1361,394870,658,224231,619,154304,84,16335,376,48079,982,181091,459,229170,California
Santa Barbara,2021-05-11,1935,396805,839,225070,800,155104,296,16631,444,47335,1481,182572,737,229907,California
Santa Barbara,2021-05-12,2078,398883,741,225811,1113,156217,224,16855,522,46537,1544,184116,746,230653,California
Santa Barbara,2021-05-13,3893,402776,2789,228600,907,157124,197,17052,1235,45323,2646,186762,1432,232085,California
Santa Barbara,2021-05-14,4151,406927,2526,231126,1531,158655,94,17146,1616,44512,2520,189282,1709,233794,California
Santa Barbara,2021-05-15,3524,410451,2563,233689,942,159597,19,17165,1843,44706,1669,190951,1863,235657,California
Santa Barbara,2021-05-16,1137,411588,521,234210,501,160098,115,17280,528,44746,603,191554,643,236300,California
Santa Barbara,2021-05-17,1641,413229,936,235146,642,160740,63,17343,862,44897,773,192327,924,237224,California
Santa Barbara,2021-05-18,1855,415084,1158,236304,601,161341,96,17439,972,45099,867,193194,1069,238293,California
Santa Barbara,2021-05-19,1770,416854,975,237279,754,162095,41,17480,806,44990,955,194149,846,239139,California
Santa Barbara,2021-05-20,1749,418603,950,238229,680,162775,119,17599,876,45125,861,195010,996,240135,California
Santa Barbara,2021-05-21,3463,422066,2343,240572,1066,163841,54,17653,1258,44248,2190,197200,1313,241448,California
Santa Barbara,2021-05-22,2468,424534,1705,242277,719,164560,44,17697,1396,44625,1064,198264,1441,242889,California
Santa Barbara,2021-05-23,762,425296,337,242614,395,164955,30,17727,412,44718,349,198613,442,243331,California
Santa Barbara,2021-05-24,1009,426305,590,243204,356,165311,63,17790,486,44749,518,199131,549,243880,California
Santa Barbara,2021-05-25,1405,427710,568,243772,768,166079,69,17859,461,44341,938,200069,530,244410,California
Santa Barbara,2021-05-26,3013,430723,1711,245483,1180,167259,122,17981,840,43144,2158,202227,961,245371,California
Santa Barbara,2021-05-27,1951,432674,1209,246692,600,167859,142,18123,823,42989,1121,203348,966,246337,California
Santa Barbara,2021-05-28,1504,434178,697,247389,655,168514,152,18275,613,42866,888,204236,765,247102,California
Santa Barbara,2021-05-29,901,435079,318,247707,546,169060,37,18312,361,42727,537,204773,398,247500,California
Santa Barbara,2021-05-30,501,435580,179,247886,224,169284,98,18410,184,42693,315,205088,281,247781,California
Santa Barbara,2021-05-31,96,435676,43,247929,43,169327,10,18420,23,42653,72,205160,32,247813,California
Santa Barbara,2021-06-01,1134,436810,592,248521,483,169810,59,18479,441,42467,686,205846,500,248313,California
Santa Barbara,2021-06-02,983,437793,585,249106,315,170125,83,18562,427,42424,552,206398,509,248822,California
Santa Barbara,2021-06-03,2055,439848,1545,250651,453,170578,57,18619,614,41659,1433,207831,668,249490,California
Santa Barbara,2021-06-04,1456,441304,669,251320,647,171225,140,18759,487,41322,960,208791,623,250113,California
Santa Barbara,2021-06-05,2924,444228,2212,253532,660,171885,52,18811,493,39446,2420,211211,544,250657,California
Santa Barbara,2021-06-06,910,445138,479,254011,412,172297,19,18830,225,39008,682,211893,244,250901,California
Santa Barbara,2021-06-07,1165,446303,832,254843,282,172579,51,18881,298,38493,864,212757,349,251250,California
Santa Barbara,2021-06-08,1113,447416,713,255556,368,172947,32,18913,293,38003,814,213571,324,251574,California
Santa Barbara,2021-06-09,1018,448434,693,256249,240,173187,85,18998,314,37701,701,214272,399,251973,California
Santa Barbara,2021-06-10,2385,450819,2071,258320,243,173430,71,19069,521,36432,1861,216133,592,252565,California
Santa Barbara,2021-06-11,1311,452130,607,258927,600,174030,104,19173,392,36016,912,217045,496,253061,California
Santa Barbara,2021-06-12,891,453021,601,259528,267,174297,23,19196,236,35627,647,217692,258,253319,California
Santa Barbara,2021-06-13,485,453506,297,259825,91,174388,97,19293,127,35495,356,218048,224,253543,California
Santa Barbara,2021-06-14,1254,454760,856,260681,322,174710,76,19369,335,34995,911,218959,411,253954,California
Santa Barbara,2021-06-15,1144,455904,754,261435,355,175065,35,19404,396,34685,741,219700,431,254385,California
Santa Barbara,2021-06-16,932,456836,647,262082,238,175303,47,19451,352,34508,574,220274,397,254782,California
Santa Barbara,2021-06-17,1873,458709,1542,263624,242,175545,89,19540,621,33970,1248,221522,710,255492,California
Santa Barbara,2021-06-18,1107,459816,713,264337,295,175840,99,19639,361,33688,742,222264,460,255952,California
Santa Barbara,2021-06-19,540,460356,363,264700,145,175985,32,19671,250,33683,287,222551,282,256234,California
Santa Barbara,2021-06-20,369,460725,211,264911,148,176133,10,19681,153,33630,215,222766,162,256396,California
Santa Barbara,2021-06-21,528,461253,264,265175,211,176344,53,19734,275,33710,248,223014,328,256724,California
Santa Barbara,2021-06-22,765,462018,494,265669,240,176584,31,19765,299,33577,462,223476,329,257053,California
Santa Barbara,2021-06-23,779,462797,564,266233,183,176767,32,19797,334,33502,440,223916,365,257418,California
Santa Barbara,2021-06-24,1355,464152,1147,267380,150,176917,58,19855,580,33370,768,224684,636,258054,California
Santa Barbara,2021-06-25,959,465111,617,267997,287,177204,55,19910,447,33363,508,225192,501,258555,California
Santa Barbara,2021-06-26,505,465616,353,268350,121,177325,31,19941,200,33289,305,225497,231,258786,California
Santa Barbara,2021-06-27,388,466004,256,268606,72,177397,60,20001,187,33339,197,225694,247,259033,California
Santa Barbara,2021-06-28,385,466389,259,268865,103,177500,23,20024,191,33359,194,225888,214,259247,California
Santa Clara,2020-12-15,71,71,71,71,0,0,0,0,71,71,0,0,71,71,California
Santa Clara,2020-12-16,150,221,150,221,0,0,0,0,150,221,0,0,150,221,California
Santa Clara,2020-12-17,407,628,407,628,0,0,0,0,407,628,0,0,407,628,California
Santa Clara,2020-12-18,1755,2383,1755,2383,0,0,0,0,1755,2383,0,0,1755,2383,California
Santa Clara,2020-12-19,2075,4458,2075,4458,0,0,0,0,2074,4457,0,0,2074,4457,California
Santa Clara,2020-12-20,1900,6358,1899,6357,1,1,0,0,1897,6354,0,0,1897,6354,California
Santa Clara,2020-12-21,2677,9035,2677,9034,0,1,0,0,2675,9028,1,1,2675,9029,California
Santa Clara,2020-12-22,3125,12160,3118,12152,7,8,0,0,3120,12146,2,3,3120,12149,California
Santa Clara,2020-12-23,3271,15431,3082,15234,189,197,0,0,3268,15413,1,4,3268,15417,California
Santa Clara,2020-12-24,1888,17319,1697,16931,191,388,0,0,1882,17293,2,6,1882,17299,California
Santa Clara,2020-12-25,346,17665,345,17276,1,389,0,0,346,17639,0,6,346,17645,California
Santa Clara,2020-12-26,1273,18938,1038,18314,235,624,0,0,1272,18911,0,6,1272,18917,California
Santa Clara,2020-12-27,657,19595,514,18828,143,767,0,0,657,19568,0,6,657,19574,California
Santa Clara,2020-12-28,2348,21943,1739,20567,609,1376,0,0,2348,21916,0,6,2348,21922,California
Santa Clara,2020-12-29,2372,24315,1507,22074,865,2241,0,0,2370,24286,0,6,2370,24292,California
Santa Clara,2020-12-30,2995,27310,1894,23968,1101,3342,0,0,2992,27275,3,9,2992,27284,California
Santa Clara,2020-12-31,1233,28543,397,24365,836,4178,0,0,1232,28506,1,10,1232,28516,California
Santa Clara,2021-01-01,148,28691,14,24379,134,4312,0,0,147,28652,1,11,147,28663,California
Santa Clara,2021-01-02,1095,29786,820,25199,275,4587,0,0,1095,29747,0,11,1095,29758,California
Santa Clara,2021-01-03,588,30374,371,25570,217,4804,0,0,583,30327,3,14,583,30341,California
Santa Clara,2021-01-04,2482,32856,1679,27249,803,5607,0,0,2479,32806,0,14,2479,32820,California
Santa Clara,2021-01-05,3096,35952,2030,29279,1066,6673,0,0,2904,35525,191,205,2910,35730,California
Santa Clara,2021-01-06,3364,39316,1992,31271,1372,8045,0,0,2756,37680,603,808,2758,38488,California
Santa Clara,2021-01-07,4235,43551,2573,33844,1662,9707,0,0,3149,39760,1075,1883,3155,41643,California
Santa Clara,2021-01-08,5884,49435,3852,37696,2032,11739,0,0,3769,41422,2107,3990,3769,45412,California
Santa Clara,2021-01-09,3037,52472,1917,39613,1120,12859,0,0,1714,41819,1320,5310,1717,47129,California
Santa Clara,2021-01-10,1970,54442,1520,41133,450,13309,0,0,752,41355,1216,6526,752,47881,California
Santa Clara,2021-01-11,5991,60433,3786,44919,2205,15514,0,0,3398,42168,2590,9116,3403,51284,California
Santa Clara,2021-01-12,6910,67343,3504,48423,3406,18920,0,0,4571,44416,2324,11440,4572,55856,California
Santa Clara,2021-01-13,7474,74817,3140,51563,4334,23254,0,0,5221,47390,2249,13689,5223,61079,California
Santa Clara,2021-01-14,8311,83128,2868,54431,5443,28697,0,0,6510,52110,1792,15481,6512,67591,California
Santa Clara,2021-01-15,9556,92684,2766,57197,6790,35487,0,0,8155,58873,1397,16878,8160,75751,California
Santa Clara,2021-01-16,4355,97039,1255,58452,3100,38587,0,0,3497,61516,854,17732,3497,79248,California
Santa Clara,2021-01-17,3241,100280,616,59068,2625,41212,0,0,2732,63742,506,18238,2732,81980,California
Santa Clara,2021-01-18,5119,105399,1175,60243,3944,45156,0,0,4556,67736,563,18801,4557,86537,California
Santa Clara,2021-01-19,8519,113918,2702,62945,5817,50973,0,0,6819,72862,1696,20497,6822,93359,California
Santa Clara,2021-01-20,8451,122369,4450,67395,4001,54974,0,0,6881,78178,1565,22062,6881,100240,California
Santa Clara,2021-01-21,8915,131284,3946,71341,4969,59943,0,0,7634,84538,1276,23338,7636,107876,California
Santa Clara,2021-01-22,8731,140015,3307,74648,5424,65367,0,0,8152,92118,575,23913,8155,116031,California
Santa Clara,2021-01-23,3807,143822,1685,76333,2122,67489,0,0,2840,93992,967,24880,2841,118872,California
Santa Clara,2021-01-24,2849,146671,1430,77763,1419,68908,0,0,2353,95854,491,25371,2353,121225,California
Santa Clara,2021-01-25,8406,155077,3805,81568,4601,73509,0,0,6319,100096,2079,27450,6321,127546,California
Santa Clara,2021-01-26,8329,163406,3793,85361,4536,78045,0,0,6176,104133,2142,29592,6179,133725,California
Santa Clara,2021-01-27,8817,172223,3887,89248,4930,82975,0,0,6873,109084,1923,31515,6874,140599,California
Santa Clara,2021-01-28,9541,181764,3826,93074,5715,88690,0,0,7544,114658,1975,33490,7549,148148,California
Santa Clara,2021-01-29,9614,191378,3969,97043,5645,94335,0,0,7412,119881,2190,35680,7413,155561,California
Santa Clara,2021-01-30,4209,195587,2091,99134,2118,96453,0,0,2984,121651,1215,36895,2985,158546,California
Santa Clara,2021-01-31,2202,197789,1321,100455,881,97334,0,0,1595,122646,600,37495,1595,160141,California
Santa Clara,2021-02-01,7879,205668,3514,103969,4365,101699,0,0,6166,127113,1701,39196,6168,166309,California
Santa Clara,2021-02-02,8657,214325,2900,106869,5757,107456,0,0,6620,131706,2030,41226,6623,172932,California
Santa Clara,2021-02-03,9279,223604,3504,110373,5775,113231,0,0,6973,136385,2300,43526,6979,179911,California
Santa Clara,2021-02-04,11031,234635,4176,114549,6855,120086,0,0,8711,142790,2310,45836,8715,188626,California
Santa Clara,2021-02-05,11990,246625,4379,118928,7611,127697,0,0,8508,147833,3466,49302,8509,197135,California
Santa Clara,2021-02-06,5224,251849,2839,121767,2385,130082,0,0,4041,150698,1178,50480,4043,201178,California
Santa Clara,2021-02-07,3487,255336,2357,124124,1130,131212,0,0,3029,153273,455,50935,3030,204208,California
Santa Clara,2021-02-08,10069,265405,3523,127647,6546,137758,0,0,7331,157879,2726,53661,7332,211540,California
Santa Clara,2021-02-09,11228,276633,3835,131482,7393,145151,0,0,7697,162065,3515,57176,7701,219241,California
Santa Clara,2021-02-10,12788,289421,4962,136444,7826,152977,0,0,6631,162561,6139,63315,6635,225876,California
Santa Clara,2021-02-11,13639,303060,4774,141218,8865,161842,0,0,7651,164244,5970,69285,7653,233529,California
Santa Clara,2021-02-12,14687,317747,4537,145755,10150,171992,0,0,6983,163550,7679,76964,6985,240514,California
Santa Clara,2021-02-13,6160,323907,1491,147246,4669,176661,0,0,2243,161887,3908,80872,2245,242759,California
Santa Clara,2021-02-14,4656,328563,1161,148407,3495,180156,0,0,1479,160196,3172,84044,1481,244240,California
Santa Clara,2021-02-15,6320,334883,2821,151228,3499,183655,0,0,2729,159342,3584,87628,2730,246970,California
Santa Clara,2021-02-16,13896,348779,4030,155258,9866,193521,0,0,6966,159402,6908,94536,6968,253938,California
Santa Clara,2021-02-17,14151,362930,5548,160806,8603,202124,0,0,7044,159365,7087,101623,7050,260988,California
Santa Clara,2021-02-18,14302,377232,8430,169236,5872,207996,0,0,7271,159659,6981,108604,7275,268263,California
Santa Clara,2021-02-19,14999,392231,9638,178874,5361,213357,0,0,8706,162105,6267,114871,8713,276976,California
Santa Clara,2021-02-20,7024,399255,5255,184129,1769,215126,0,0,3778,162660,3225,118096,3780,280756,California
Santa Clara,2021-02-21,3412,402667,2538,186667,874,216000,0,0,1266,161796,2132,120228,1268,282024,California
Santa Clara,2021-02-22,10448,413115,6244,192911,4204,220204,0,0,4851,161071,5578,125806,4853,286877,California
Santa Clara,2021-02-23,12140,425255,7832,200743,4308,224512,0,0,6846,162645,5276,131082,6850,293727,California
Santa Clara,2021-02-24,14304,439559,9233,209976,5071,229583,0,0,8837,166034,5448,136530,8837,302564,California
Santa Clara,2021-02-25,15056,454615,9595,219571,5461,235044,0,0,8188,167387,6842,143372,8195,310759,California
Santa Clara,2021-02-26,14996,469611,8691,228262,6305,241349,0,0,8166,168760,6800,150172,8173,318932,California
Santa Clara,2021-02-27,8304,477915,5722,233984,2581,243930,1,1,4630,169734,3664,153836,4638,323570,California
Santa Clara,2021-02-28,5379,483294,3675,237659,1704,245634,0,1,2667,169704,2698,156534,2668,326238,California
Santa Clara,2021-03-01,14541,497835,8362,246021,6173,251807,6,7,9005,173199,5516,162050,9011,335249,California
Santa Clara,2021-03-02,16136,513971,9555,255576,6580,258387,1,8,10287,177666,5823,167873,10290,345539,California
Santa Clara,2021-03-03,18676,532647,9245,264821,9427,267814,4,12,11615,182267,7022,174895,11623,357162,California
Santa Clara,2021-03-04,16564,549211,9015,273836,7546,275360,3,15,9640,185077,6836,181731,9646,366808,California
Santa Clara,2021-03-05,16632,565843,9256,283092,7250,282610,126,141,9230,187060,7379,189110,9362,376170,California
Santa Clara,2021-03-06,9441,575284,6315,289407,2675,285285,451,592,7080,192243,2349,191459,7532,383702,California
Santa Clara,2021-03-07,6827,582111,4473,293880,2107,287392,247,839,5436,196542,1381,192840,5680,389382,California
Santa Clara,2021-03-08,12927,595038,6741,300621,5614,293006,572,1411,8288,200780,4621,197461,8859,398241,California
Santa Clara,2021-03-09,15316,610354,6528,307149,7459,300465,1329,2740,6901,200612,8392,205853,8224,406465,California
Santa Clara,2021-03-10,15201,625555,6627,313776,6458,306923,2116,4856,6243,200014,8927,214780,8329,414794,California
Santa Clara,2021-03-11,17142,642697,7790,321566,7846,314769,1506,6362,6080,196558,11024,225804,7568,422362,California
Santa Clara,2021-03-12,17743,660440,9123,330689,7052,321821,1568,7930,5956,192316,11741,237545,7499,429861,California
Santa Clara,2021-03-13,10864,671304,6298,336987,3065,324886,1501,9431,4838,192627,6003,243548,6314,436175,California
Santa Clara,2021-03-14,6541,677845,3401,340388,1833,326719,1307,10738,3168,193735,3354,246902,4462,440637,California
Santa Clara,2021-03-15,12844,690689,6560,346948,6006,332725,278,11016,5954,193105,6863,253765,6233,446870,California
Santa Clara,2021-03-16,18334,709023,10358,357306,7767,340492,209,11225,8861,192729,9443,263208,9067,455937,California
Santa Clara,2021-03-17,20106,729129,11432,368738,8506,348998,168,11393,10381,193603,9670,272878,10544,466481,California
Santa Clara,2021-03-18,19318,748447,9070,377808,9089,358087,1159,12552,9143,193774,10119,282997,10290,476771,California
Santa Clara,2021-03-19,19541,767988,10082,387890,8454,366541,1005,13557,10031,195356,9443,292440,11025,487796,California
Santa Clara,2021-03-20,11600,779588,6397,394287,4371,370912,832,14389,6745,198107,4824,297264,7575,495371,California
Santa Clara,2021-03-21,8364,787952,3839,398126,3131,374043,1394,15783,5351,201839,2997,300261,6729,502100,California
Santa Clara,2021-03-22,16546,804498,9222,407348,6971,381014,353,16136,9183,204040,7334,307595,9535,511635,California
Santa Clara,2021-03-23,19485,823983,12371,419719,6588,387602,526,16662,11285,207700,8147,315742,11807,523442,California
Santa Clara,2021-03-24,22802,846785,14633,434352,7751,395353,418,17080,14698,214758,8059,323801,15117,538559,California
Santa Clara,2021-03-25,23089,869874,13205,447557,8892,404245,992,18072,14855,222425,8165,331966,15832,554391,California
Santa Clara,2021-03-26,22112,891986,14054,461611,7668,411913,390,18462,13619,227972,8454,340420,14001,568392,California
Santa Clara,2021-03-27,15766,907752,10490,472101,4506,416419,770,19232,8469,229957,7249,347669,9234,577626,California
Santa Clara,2021-03-28,12080,919832,8373,480474,2989,419408,718,19950,6483,231582,5569,353238,7194,584820,California
Santa Clara,2021-03-29,20687,940519,12630,493104,7333,426741,724,20674,11203,234062,9439,362677,11919,596739,California
Santa Clara,2021-03-30,25777,966296,15281,508385,8544,435285,1952,22626,16226,242719,9505,372182,18162,614901,California
Santa Clara,2021-03-31,20625,986921,11930,520315,7559,442844,1136,23762,12632,248525,7946,380128,13752,628653,California
Santa Clara,2021-04-01,32028,1018949,19882,540197,9042,451886,3104,26866,20236,260111,11717,391845,23303,651956,California
Santa Clara,2021-04-02,25407,1044356,14390,554587,8793,460679,2224,29090,16578,270115,8782,400627,18786,670742,California
Santa Clara,2021-04-03,15385,1059741,9316,563903,3521,464200,2548,31638,8507,274295,6855,407482,11035,681777,California
Santa Clara,2021-04-04,7654,1067395,4046,567949,2435,466635,1173,32811,3969,275750,3673,411155,5128,686905,California
Santa Clara,2021-04-05,21987,1089382,14608,582557,4887,471522,2492,35303,14366,285002,7591,418746,16843,703748,California
Santa Clara,2021-04-06,29761,1119143,16356,598913,7909,479431,5496,40799,17823,296402,11886,430632,23286,727034,California
Santa Clara,2021-04-07,31033,1150176,16009,614922,8506,487937,6518,47317,18926,309760,12046,442678,25404,752438,California
Santa Clara,2021-04-08,30160,1180336,16449,631371,6062,493999,7649,54966,16411,320098,13670,456348,24008,776446,California
Santa Clara,2021-04-09,28256,1208592,13985,645356,6955,500954,7316,62282,14421,328018,13766,470114,21686,798132,California
Santa Clara,2021-04-10,21649,1230241,12473,657829,3810,504764,5366,67648,11552,334823,10058,480172,16863,814995,California
Santa Clara,2021-04-11,16099,1246340,9648,667477,2664,507428,3787,71435,8329,339177,7735,487907,12089,827084,California
Santa Clara,2021-04-12,27149,1273489,19073,686550,5591,513019,2485,73920,18466,351494,8621,496528,20938,848022,California
Santa Clara,2021-04-13,34665,1308154,27253,713803,7383,520402,29,73949,26698,370352,7892,504420,26750,874772,California
Santa Clara,2021-04-14,37214,1345368,28201,742004,9009,529411,4,73953,26387,386029,10753,515173,26430,901202,California
Santa Clara,2021-04-15,44675,1390043,34570,776574,10099,539510,6,73959,34343,410194,10211,525384,34376,935578,California
Santa Clara,2021-04-16,38835,1428878,26579,803153,12253,551763,3,73962,27761,426994,10990,536374,27790,963368,California
Santa Clara,2021-04-17,22300,1451178,15230,818383,7068,558831,2,73964,15299,435377,6938,543312,15321,978689,California
Santa Clara,2021-04-18,16941,1468119,11136,829519,5805,564636,0,73964,10592,439666,6316,549628,10605,989294,California
Santa Clara,2021-04-19,29209,1497328,21085,850604,8123,572759,1,73965,17454,445480,11677,561305,17491,1006785,California
Santa Clara,2021-04-20,37960,1535288,23325,873929,14633,587392,2,73967,23089,453859,14752,576057,23131,1029916,California
Santa Clara,2021-04-21,38092,1573380,22495,896424,15595,602987,2,73969,24929,465777,13055,589112,24973,1054889,California
Santa Clara,2021-04-22,37929,1611309,25428,921852,12500,615487,1,73970,17873,463775,19953,609065,17951,1072840,California
Santa Clara,2021-04-23,32766,1644075,20146,941998,12619,628106,1,73971,15338,461854,17321,626386,15400,1088240,California
Santa Clara,2021-04-24,21206,1665281,15485,957483,5720,633826,1,73972,12047,464849,9084,635470,12079,1100319,California
Santa Clara,2021-04-25,13602,1678883,9833,967316,3763,637589,6,73978,8682,468685,4877,640347,8713,1109032,California
Santa Clara,2021-04-26,25492,1704375,19682,986998,5750,643339,60,74038,10607,464593,14787,655134,10695,1119727,California
Santa Clara,2021-04-27,27982,1732357,19952,1006950,7643,650982,387,74425,12202,461551,15685,670819,12643,1132370,California
Santa Clara,2021-04-28,26559,1758916,19773,1026723,6347,657329,439,74864,11266,458124,15206,686025,11779,1144149,California
Santa Clara,2021-04-29,24505,1783421,17985,1044708,6121,663450,399,75263,9215,452614,15207,701232,9697,1153846,California
Santa Clara,2021-04-30,23676,1807097,16333,1061041,6974,670424,369,75632,10129,449754,13450,714682,10590,1164436,California
Santa Clara,2021-05-01,17504,1824601,14504,1075545,2737,673161,263,75895,5504,443618,11946,726628,5810,1170246,California
Santa Clara,2021-05-02,11296,1835897,9372,1084917,1691,674852,233,76128,3488,439596,7764,734392,3742,1173988,California
Santa Clara,2021-05-03,22874,1858771,19375,1104292,3067,677919,432,76560,5139,427555,17657,752049,5616,1179604,California
Santa Clara,2021-05-04,31143,1889914,24470,1128762,6130,684049,543,77103,5559,408233,25473,777522,6151,1185755,California
Santa Clara,2021-05-05,32779,1922693,25030,1153792,7204,691253,545,77648,5533,387193,27146,804668,6106,1191861,California
Santa Clara,2021-05-06,35953,1958646,30022,1183814,5458,696711,473,78121,4789,361450,31028,835696,5285,1197146,California
Santa Clara,2021-05-07,32905,1991551,26489,1210303,5926,702637,490,78611,4706,338630,28065,863761,5245,1202391,California
Santa Clara,2021-05-08,17201,2008752,14106,1224409,2671,705308,424,79035,3743,329446,13367,877128,4183,1206574,California
Santa Clara,2021-05-09,10566,2019318,9194,1233603,1186,706494,186,79221,2328,323773,8200,885328,2527,1209101,California
Santa Clara,2021-05-10,21129,2040447,16966,1250569,3760,710254,403,79624,2706,308565,18338,903666,3130,1212231,California
Santa Clara,2021-05-11,22876,2063323,17315,1267884,5116,715370,445,80069,4137,294505,18648,922314,4588,1216819,California
Santa Clara,2021-05-12,21538,2084861,15872,1283756,5144,720514,522,80591,4281,282156,17159,939473,4810,1221629,California
Santa Clara,2021-05-13,28299,2113160,22932,1306688,5064,725578,303,80894,11243,276741,16969,956442,11554,1233183,California
Santa Clara,2021-05-14,27858,2141018,19470,1326158,7999,733577,389,81283,9562,268504,18201,974643,9964,1243147,California
Santa Clara,2021-05-15,20981,2161999,16876,1343034,3824,737401,281,81564,8128,264154,12767,987410,8417,1251564,California
Santa Clara,2021-05-16,16413,2178412,13420,1356454,2817,740218,176,81740,5363,258730,10966,998376,5542,1257106,California
Santa Clara,2021-05-17,20399,2198811,16048,1372502,3983,744201,368,82108,6832,252442,13490,1011866,7202,1264308,California
Santa Clara,2021-05-18,26152,2224963,16721,1389223,9016,753217,415,82523,7145,241136,18867,1030733,7561,1271869,California
Santa Clara,2021-05-19,24585,2249548,14379,1403602,9783,763000,423,82946,7283,231660,17189,1047922,7713,1279582,California
Santa Clara,2021-05-20,18511,2268059,12179,1415781,5881,768881,451,83397,6084,225853,12338,1060260,6531,1286113,California
Santa Clara,2021-05-21,22314,2290373,14833,1430614,6984,775865,497,83894,7367,218895,14836,1075096,7878,1293991,California
Santa Clara,2021-05-22,12915,2303288,9779,1440393,2785,778650,351,84245,5632,217666,7217,1082313,5988,1299979,California
Santa Clara,2021-05-23,8364,2311652,6221,1446614,1941,780591,202,84447,3340,216233,4977,1087290,3544,1303523,California
Santa Clara,2021-05-24,10898,2322550,7864,1454478,2585,783176,449,84896,3776,213399,7060,1094350,4226,1307749,California
Santa Clara,2021-05-25,11483,2334033,7950,1462428,3114,786290,419,85315,4397,211203,7010,1101360,4814,1312563,California
Santa Clara,2021-05-26,10420,2344453,6761,1469189,3322,789612,337,85652,3957,209135,6356,1107716,4288,1316851,California
Santa Clara,2021-05-27,9401,2353854,5999,1475188,2927,792539,475,86127,3505,207280,5828,1113544,3973,1320824,California
Santa Clara,2021-05-28,10878,2364732,7052,1482240,3397,795936,429,86556,4427,205753,6385,1119929,4858,1325682,California
Santa Clara,2021-05-29,6349,2371081,4329,1486569,1738,797674,282,86838,2709,205143,3598,1123527,2988,1328670,California
Santa Clara,2021-05-30,3818,2374899,2863,1489432,746,798420,209,87047,1794,205150,1995,1125522,2002,1330672,California
Santa Clara,2021-05-31,1098,2375997,629,1490061,360,798780,109,87156,439,205046,652,1126174,548,1331220,California
Santa Clara,2021-06-01,9078,2385075,6378,1496439,2316,801096,384,87540,3013,202454,5988,1132162,3396,1334616,California
Santa Clara,2021-06-02,7690,2392765,5525,1501964,1814,802910,351,87891,2896,200955,4737,1136899,3238,1337854,California
Santa Clara,2021-06-03,12221,2404986,10111,1512075,1741,804651,369,88260,2632,194428,9531,1146430,3004,1340858,California
Santa Clara,2021-06-04,13591,2418577,11374,1523449,1900,806551,317,88577,3288,187786,10240,1156670,3598,1344456,California
Santa Clara,2021-06-05,10448,2429025,8982,1532431,1206,807757,260,88837,2195,182037,8202,1164872,2453,1346909,California
Santa Clara,2021-06-06,6896,2435921,6146,1538577,596,808353,154,88991,1332,178012,5510,1170382,1485,1348394,California
Santa Clara,2021-06-07,9892,2445813,8339,1546916,1309,809662,244,89235,2291,172982,7563,1177945,2533,1350927,California
Santa Clara,2021-06-08,9142,2454955,7465,1554381,1406,811068,271,89506,2448,169062,6636,1184581,2716,1353643,California
Santa Clara,2021-06-09,9510,2464465,7935,1562316,1322,812390,253,89759,2268,164399,7179,1191760,2516,1356159,California
Santa Clara,2021-06-10,8319,2472784,6904,1569220,1088,813478,327,90086,2250,160957,6017,1197777,2575,1358734,California
Santa Clara,2021-06-11,10203,2482987,8665,1577885,1259,814737,279,90365,2511,156107,7640,1205417,2790,1361524,California
Santa Clara,2021-06-12,7173,2490160,5973,1583858,1033,815770,167,90532,1707,152561,5420,1210837,1874,1363398,California
Santa Clara,2021-06-13,3746,2493906,3025,1586883,608,816378,113,90645,878,150707,2846,1213683,992,1364390,California
Santa Clara,2021-06-14,5952,2499858,4810,1591693,910,817288,232,90877,1933,148886,3986,1217669,2165,1366555,California
Santa Clara,2021-06-15,7352,2507210,5957,1597650,1095,818383,300,91177,2075,146035,5228,1222897,2377,1368932,California
Santa Clara,2021-06-16,6348,2513558,5135,1602785,903,819286,310,91487,2087,144219,4214,1227111,2398,1371330,California
Santa Clara,2021-06-17,5355,2518913,4337,1607122,773,820059,245,91732,1837,142850,3447,1230558,2078,1373408,California
Santa Clara,2021-06-18,5433,2524346,4383,1611505,879,820938,171,91903,1790,141249,3561,1234119,1960,1375368,California
Santa Clara,2021-06-19,4518,2528864,3614,1615119,702,821640,202,92105,1286,139542,3195,1237314,1488,1376856,California
Santa Clara,2021-06-20,2139,2531003,1756,1616875,319,821959,64,92169,683,138849,1440,1238754,747,1377603,California
Santa Clara,2021-06-21,3683,2534686,2769,1619644,686,822645,228,92397,1800,139026,1850,1240604,2027,1379630,California
Santa Clara,2021-06-22,5053,2539739,4022,1623666,805,823450,226,92623,1698,137631,3317,1243921,1922,1381552,California
Santa Clara,2021-06-23,4457,2544196,3504,1627170,756,824206,197,92820,1597,136597,2826,1246747,1792,1383344,California
Santa Clara,2021-06-24,4334,2548530,3353,1630523,783,824989,198,93018,1605,135724,2676,1249423,1803,1385147,California
Santa Clara,2021-06-25,5473,2554003,4466,1634989,799,825788,208,93226,1876,134260,3544,1252967,2080,1387227,California
Santa Clara,2021-06-26,3610,2557613,2870,1637859,608,826396,132,93358,1282,133383,2289,1255256,1412,1388639,California
Santa Clara,2021-06-27,1981,2559594,1543,1639402,350,826746,88,93446,688,132878,1279,1256535,774,1389413,California
Santa Clara,2021-06-28,3238,2562832,2676,1642078,363,827109,199,93645,1175,132209,2042,1258577,1373,1390786,California
Santa Cruz,2020-12-15,2,2,2,2,0,0,0,0,2,2,0,0,2,2,California
Santa Cruz,2020-12-16,57,59,57,59,0,0,0,0,57,59,0,0,57,59,California
Santa Cruz,2020-12-17,389,448,389,448,0,0,0,0,389,448,0,0,389,448,California
Santa Cruz,2020-12-18,466,914,466,914,0,0,0,0,466,914,0,0,466,914,California
Santa Cruz,2020-12-19,182,1096,181,1095,1,1,0,0,182,1096,0,0,182,1096,California
Santa Cruz,2020-12-20,93,1189,92,1187,1,2,0,0,93,1189,0,0,93,1189,California
Santa Cruz,2020-12-21,437,1626,436,1623,1,3,0,0,437,1626,0,0,437,1626,California
Santa Cruz,2020-12-22,424,2050,423,2046,1,4,0,0,424,2050,0,0,424,2050,California
Santa Cruz,2020-12-23,369,2419,325,2371,44,48,0,0,369,2419,0,0,369,2419,California
Santa Cruz,2020-12-24,125,2544,49,2420,76,124,0,0,125,2544,0,0,125,2544,California
Santa Cruz,2020-12-25,10,2554,10,2430,0,124,0,0,10,2554,0,0,10,2554,California
Santa Cruz,2020-12-26,65,2619,46,2476,19,143,0,0,65,2619,0,0,65,2619,California
Santa Cruz,2020-12-27,32,2651,27,2503,5,148,0,0,32,2651,0,0,32,2651,California
Santa Cruz,2020-12-28,483,3134,108,2611,375,523,0,0,483,3134,0,0,483,3134,California
Santa Cruz,2020-12-29,797,3931,369,2980,428,951,0,0,797,3931,0,0,797,3931,California
Santa Cruz,2020-12-30,357,4288,165,3145,192,1143,0,0,357,4288,0,0,357,4288,California
Santa Cruz,2020-12-31,312,4600,11,3156,301,1444,0,0,312,4600,0,0,312,4600,California
Santa Cruz,2021-01-01,33,4633,1,3157,32,1476,0,0,33,4633,0,0,33,4633,California
Santa Cruz,2021-01-02,69,4702,55,3212,14,1490,0,0,69,4702,0,0,69,4702,California
Santa Cruz,2021-01-03,15,4717,7,3219,8,1498,0,0,15,4717,0,0,15,4717,California
Santa Cruz,2021-01-04,281,4998,123,3342,158,1656,0,0,279,4996,0,0,279,4996,California
Santa Cruz,2021-01-05,570,5568,434,3776,136,1792,0,0,268,4962,302,302,268,5264,California
Santa Cruz,2021-01-06,801,6369,669,4445,132,1924,0,0,463,5088,337,639,463,5727,California
Santa Cruz,2021-01-07,537,6906,210,4655,327,2251,0,0,384,5320,153,792,385,6112,California
Santa Cruz,2021-01-08,941,7847,566,5221,375,2626,0,0,492,5364,449,1241,493,6605,California
Santa Cruz,2021-01-09,466,8313,125,5346,341,2967,0,0,410,5718,56,1297,410,7015,California
Santa Cruz,2021-01-10,79,8392,70,5416,9,2976,0,0,20,5679,59,1356,20,7035,California
Santa Cruz,2021-01-11,728,9120,592,6008,136,3112,0,0,193,5338,535,1891,194,7229,California
Santa Cruz,2021-01-12,733,9853,530,6538,203,3315,0,0,490,5585,243,2134,490,7719,California
Santa Cruz,2021-01-13,532,10385,234,6772,298,3613,0,0,445,5946,84,2218,445,8164,California
Santa Cruz,2021-01-14,563,10948,104,6876,459,4072,0,0,496,6375,67,2285,496,8660,California
Santa Cruz,2021-01-15,1465,12413,79,6955,1386,5458,0,0,1399,7711,65,2350,1401,10061,California
Santa Cruz,2021-01-16,424,12837,53,7008,371,5829,0,0,405,8097,19,2369,405,10466,California
Santa Cruz,2021-01-17,297,13134,41,7049,256,6085,0,0,272,8344,25,2394,272,10738,California
Santa Cruz,2021-01-18,1015,14149,104,7153,911,6996,0,0,953,9235,62,2456,953,11691,California
Santa Cruz,2021-01-19,1630,15779,527,7680,1103,8099,0,0,1276,10160,352,2808,1277,12968,California
Santa Cruz,2021-01-20,1254,17033,185,7865,1069,9168,0,0,1053,11015,198,3006,1053,14021,California
Santa Cruz,2021-01-21,1753,18786,226,8091,1527,10695,0,0,1645,12554,108,3114,1647,15668,California
Santa Cruz,2021-01-22,1808,20594,526,8617,1282,11977,0,0,1705,14160,100,3214,1706,17374,California
Santa Cruz,2021-01-23,404,20998,148,8765,256,12233,0,0,345,14447,58,3272,345,17719,California
Santa Cruz,2021-01-24,113,21111,20,8785,93,12326,0,0,96,14526,17,3289,96,17815,California
Santa Cruz,2021-01-25,1069,22180,364,9149,705,13031,0,0,558,14573,511,3800,558,18373,California
Santa Cruz,2021-01-26,1701,23881,253,9402,1448,14479,0,0,1187,15246,514,4314,1187,19560,California
Santa Cruz,2021-01-27,1685,25566,460,9862,1225,15704,0,0,1294,16151,389,4703,1294,20854,California
Santa Cruz,2021-01-28,1774,27340,296,10158,1478,17182,0,0,1495,17368,279,4982,1496,22350,California
Santa Cruz,2021-01-29,1754,29094,493,10651,1261,18443,0,0,1620,18855,133,5115,1620,23970,California
Santa Cruz,2021-01-30,1076,30170,308,10959,768,19211,0,0,939,19657,137,5252,939,24909,California
Santa Cruz,2021-01-31,223,30393,111,11070,112,19323,0,0,209,19852,14,5266,209,25118,California
Santa Cruz,2021-02-01,1233,31626,757,11827,476,19799,0,0,824,20268,408,5674,824,25942,California
Santa Cruz,2021-02-02,1021,32647,131,11958,890,20689,0,0,865,20979,154,5828,865,26807,California
Santa Cruz,2021-02-03,2248,34895,964,12922,1284,21973,0,0,1932,22599,312,6140,1932,28739,California
Santa Cruz,2021-02-04,1864,36759,772,13694,1092,23065,0,0,1520,23777,342,6482,1520,30259,California
Santa Cruz,2021-02-05,3173,39932,791,14485,2382,25447,0,0,2851,26307,321,6803,2851,33110,California
Santa Cruz,2021-02-06,2587,42519,161,14646,2426,27873,0,0,2242,28204,345,7148,2242,35352,California
Santa Cruz,2021-02-07,918,43437,123,14769,795,28668,0,0,900,29086,18,7166,900,36252,California
Santa Cruz,2021-02-08,719,44156,202,14971,517,29185,0,0,518,29404,200,7366,518,36770,California
Santa Cruz,2021-02-09,2374,46530,1055,16026,1319,30504,0,0,2108,31246,266,7632,2108,38878,California
Santa Cruz,2021-02-10,2219,48749,578,16604,1641,32145,0,0,1512,32063,696,8328,1513,40391,California
Santa Cruz,2021-02-11,1867,50616,319,16923,1548,33693,0,0,1311,32820,554,8882,1311,41702,California
Santa Cruz,2021-02-12,3252,53868,424,17347,2828,36521,0,0,1829,33238,1414,10296,1832,43534,California
Santa Cruz,2021-02-13,1730,55598,124,17471,1606,38127,0,0,1316,34140,414,10710,1316,44850,California
Santa Cruz,2021-02-14,1408,57006,68,17539,1340,39467,0,0,1146,35024,262,10972,1146,45996,California
Santa Cruz,2021-02-15,1594,58600,285,17824,1309,40776,0,0,569,34570,1024,11996,570,46566,California
Santa Cruz,2021-02-16,1718,60318,218,18042,1500,42276,0,0,542,33959,1153,13149,542,47108,California
Santa Cruz,2021-02-17,2943,63261,987,19029,1956,44232,0,0,1224,33481,1705,14854,1227,48335,California
Santa Cruz,2021-02-18,2912,66173,647,19676,2265,46497,0,0,1234,33045,1670,16524,1234,49569,California
Santa Cruz,2021-02-19,3296,69469,1158,20834,2138,48635,0,0,2020,33792,1273,17797,2020,51589,California
Santa Cruz,2021-02-20,2418,71887,1521,22355,897,49532,0,0,1905,35187,512,18309,1907,53496,California
Santa Cruz,2021-02-21,849,72736,376,22731,473,50005,0,0,718,35776,129,18438,718,54214,California
Santa Cruz,2021-02-22,1272,74008,979,23710,293,50298,0,0,540,35586,730,19168,540,54754,California
Santa Cruz,2021-02-23,2101,76109,940,24650,1161,51459,0,0,712,34910,1388,20556,712,55466,California
Santa Cruz,2021-02-24,3205,79314,1672,26322,1533,52992,0,0,1213,34136,1987,22543,1213,56679,California
Santa Cruz,2021-02-25,3283,82597,1450,27772,1833,54825,0,0,1810,34484,1464,24007,1812,58491,California
Santa Cruz,2021-02-26,2759,85356,773,28545,1986,56811,0,0,1571,34874,1183,25190,1573,60064,California
Santa Cruz,2021-02-27,2663,88019,940,29485,1723,58534,0,0,1856,35925,805,25995,1856,61920,California
Santa Cruz,2021-02-28,1315,89334,374,29859,941,59475,0,0,1089,36791,223,26218,1089,63009,California
Santa Cruz,2021-03-01,1917,91251,1262,31121,655,60130,0,0,731,36338,1184,27402,731,63740,California
Santa Cruz,2021-03-02,1569,92820,375,31496,1194,61324,0,0,891,36555,677,28079,894,64634,California
Santa Cruz,2021-03-03,2382,95202,648,32144,1734,63058,0,0,1309,36794,1070,29149,1309,65943,California
Santa Cruz,2021-03-04,3023,98225,1421,33565,1601,64659,1,1,2030,37845,981,30130,2032,67975,California
Santa Cruz,2021-03-05,2650,100875,503,34068,2129,66788,18,19,1160,37536,1487,31617,1178,69153,California
Santa Cruz,2021-03-06,3883,104758,1351,35419,2427,69215,105,124,2168,38093,1715,33332,2272,71425,California
Santa Cruz,2021-03-07,1351,106109,129,35548,1149,70364,73,197,561,37939,788,34120,634,72059,California
Santa Cruz,2021-03-08,1103,107212,225,35773,746,71110,132,329,663,38292,440,34560,793,72852,California
Santa Cruz,2021-03-09,1819,109031,274,36047,1393,72503,152,481,722,38072,1094,35654,874,73726,California
Santa Cruz,2021-03-10,3905,112936,2103,38150,1652,74155,150,631,2013,38346,1890,37544,2164,75890,California
Santa Cruz,2021-03-11,2841,115777,1231,39381,1435,75590,175,806,1561,38806,1279,38823,1739,77629,California
Santa Cruz,2021-03-12,2803,118580,895,40276,1612,77202,296,1102,926,38153,1873,40696,1220,78849,California
Santa Cruz,2021-03-13,2356,120936,1351,41627,961,78163,44,1146,1185,38216,1167,41863,1230,80079,California
Santa Cruz,2021-03-14,914,121850,219,41846,682,78845,13,1159,438,38192,474,42337,450,80529,California
Santa Cruz,2021-03-15,1376,123226,484,42330,855,79700,37,1196,589,38036,783,43120,627,81156,California
Santa Cruz,2021-03-16,2390,125616,1147,43477,1199,80899,44,1240,1387,38467,998,44118,1429,82585,California
Santa Cruz,2021-03-17,4082,129698,2426,45903,1645,82544,11,1251,2701,39808,1373,45491,2714,85299,California
Santa Cruz,2021-03-18,3958,133656,2134,48037,1704,84248,120,1371,2136,40246,1818,47309,2256,87555,California
Santa Cruz,2021-03-19,3478,137134,1380,49417,1872,86120,226,1597,1832,40663,1641,48950,2058,89613,California
Santa Cruz,2021-03-20,2249,139383,1650,51067,532,86652,67,1664,1102,40686,1146,50096,1169,90782,California
Santa Cruz,2021-03-21,885,140268,477,51544,280,86932,128,1792,473,40879,409,50505,602,91384,California
Santa Cruz,2021-03-22,1452,141720,889,52433,540,87472,23,1815,1011,41477,437,50942,1035,92419,California
Santa Cruz,2021-03-23,2640,144360,1487,53920,1102,88574,51,1866,1764,42419,873,51815,1815,94234,California
Santa Cruz,2021-03-24,3159,147519,2139,56059,999,89573,21,1887,2101,43488,1052,52867,2121,96355,California
Santa Cruz,2021-03-25,2688,150207,1350,57409,1301,90874,37,1924,1364,43571,1317,54184,1400,97755,California
Santa Cruz,2021-03-26,3180,153387,1841,59250,1311,92185,28,1952,2162,44749,1011,55195,2189,99944,California
Santa Cruz,2021-03-27,3259,156646,2027,61277,1205,93390,27,1979,1516,44561,1732,56927,1544,101488,California
Santa Cruz,2021-03-28,943,157589,584,61861,345,93735,14,1993,496,44628,443,57370,510,101998,California
Santa Cruz,2021-03-29,2026,159615,898,62759,1060,94795,68,2061,1283,45240,739,58109,1351,103349,California
Santa Cruz,2021-03-30,2755,162370,829,63588,1762,96557,164,2225,1743,46137,1009,59118,1906,105255,California
Santa Cruz,2021-03-31,4218,166588,2851,66439,1317,97874,50,2275,2222,46418,1991,61109,2272,107527,California
Santa Cruz,2021-04-01,4100,170688,2190,68629,1801,99675,109,2384,2082,46598,2011,63120,2191,109718,California
Santa Cruz,2021-04-02,3332,174020,1438,70067,1713,101388,181,2565,1906,47263,1422,64542,2087,111805,California
Santa Cruz,2021-04-03,2283,176303,1245,71312,901,102289,137,2702,891,46900,1390,65932,1027,112832,California
Santa Cruz,2021-04-04,945,177248,494,71806,395,102684,56,2758,553,47116,392,66324,608,113440,California
Santa Cruz,2021-04-05,2293,179541,804,72610,1321,104005,168,2926,1418,47829,874,67198,1587,115027,California
Santa Cruz,2021-04-06,3444,182985,1679,74289,1382,105387,383,3309,1989,48751,1444,68642,2366,117393,California
Santa Cruz,2021-04-07,4227,187212,1671,75960,2185,107572,371,3680,1823,48543,2401,71043,2193,119586,California
Santa Cruz,2021-04-08,4335,191547,2377,78337,1430,109002,528,4208,2555,49853,1771,72814,3081,122667,California
Santa Cruz,2021-04-09,3763,195310,1531,79868,1822,110824,410,4618,2116,50740,1640,74454,2527,125194,California
Santa Cruz,2021-04-10,2304,197614,1106,80974,937,111761,261,4879,1088,50875,1212,75666,1347,126541,California
Santa Cruz,2021-04-11,1018,198632,536,81510,387,112148,95,4974,496,50943,522,76188,590,127131,California
Santa Cruz,2021-04-12,2352,200984,842,82352,1084,113232,426,5400,1124,51279,1214,77402,1550,128681,California
Santa Cruz,2021-04-13,2981,203965,1484,83836,1495,114727,2,5402,1675,51659,1297,78699,1677,130358,California
Santa Cruz,2021-04-14,4784,208749,2306,86142,2478,117205,0,5402,2310,51508,2463,81162,2312,132670,California
Santa Cruz,2021-04-15,5140,213889,3258,89400,1882,119087,0,5402,3214,52812,1912,83074,3216,135886,California
Santa Cruz,2021-04-16,4633,218522,2566,91966,2065,121152,2,5404,2502,53196,2122,85196,2506,138392,California
Santa Cruz,2021-04-17,2295,220817,920,92886,1375,122527,0,5404,1510,53924,782,85978,1510,139902,California
Santa Cruz,2021-04-18,1115,221932,555,93441,559,123086,1,5405,608,54029,504,86482,609,140511,California
Santa Cruz,2021-04-19,2617,224549,1543,94984,1073,124159,1,5406,1623,54661,991,87473,1623,142134,California
Santa Cruz,2021-04-20,3303,227852,1771,96755,1532,125691,0,5406,1870,55110,1421,88894,1870,144004,California
Santa Cruz,2021-04-21,4453,232305,2994,99749,1459,127150,0,5406,2411,55499,2023,90917,2412,146416,California
Santa Cruz,2021-04-22,4416,236721,2995,102744,1421,128571,0,5406,2467,56028,1939,92856,2468,148884,California
Santa Cruz,2021-04-23,3265,239986,1781,104525,1483,130054,1,5407,1416,55606,1839,94695,1417,150301,California
Santa Cruz,2021-04-24,2270,242256,1092,105617,1175,131229,3,5410,697,54744,1562,96257,700,151001,California
Santa Cruz,2021-04-25,1101,243357,707,106324,381,131610,13,5423,457,54577,635,96892,468,151469,California
Santa Cruz,2021-04-26,2171,245528,1080,107404,1074,132684,17,5440,909,54254,1250,98142,927,152396,California
Santa Cruz,2021-04-27,3045,248573,1007,108411,1956,134640,82,5522,1522,54343,1515,99657,1604,154000,California
Santa Cruz,2021-04-28,3543,252116,1979,110390,1487,136127,77,5599,1871,54629,1659,101316,1945,155945,California
Santa Cruz,2021-04-29,3840,255956,2566,112956,1211,137338,63,5662,1358,53581,2472,103788,1424,157369,California
Santa Cruz,2021-04-30,2419,258375,1229,114185,1147,138485,43,5705,1024,53262,1387,105175,1068,158437,California
Santa Cruz,2021-05-01,1322,259697,1050,115235,239,138724,33,5738,608,53194,710,105885,642,159079,California
Santa Cruz,2021-05-02,659,260356,466,115701,167,138891,26,5764,216,52994,443,106328,243,159322,California
Santa Cruz,2021-05-03,1942,262298,1004,116705,871,139762,67,5831,659,52449,1272,107600,727,160049,California
Santa Cruz,2021-05-04,2760,265058,1619,118324,1070,140832,71,5902,886,51533,1871,109471,955,161004,California
Santa Cruz,2021-05-05,2841,267899,1434,119758,1326,142158,81,5983,753,50327,2045,111516,839,161843,California
Santa Cruz,2021-05-06,3936,271835,2516,122274,1199,143357,221,6204,893,48413,3025,114541,1111,162954,California
Santa Cruz,2021-05-07,2816,274651,1304,123578,1429,144786,83,6287,439,46566,2371,116912,524,163478,California
Santa Cruz,2021-05-08,1440,276091,754,124332,658,145444,28,6315,399,45954,1041,117953,429,163907,California
Santa Cruz,2021-05-09,537,276628,341,124673,173,145617,23,6338,160,45762,375,118328,183,164090,California
Santa Cruz,2021-05-10,2124,278752,1283,125956,775,146392,66,6404,413,44539,1702,120030,479,164569,California
Santa Cruz,2021-05-11,2440,281192,1391,127347,961,147353,88,6492,653,43497,1782,121812,740,165309,California
Santa Cruz,2021-05-12,3265,284457,1428,128775,1756,149109,81,6573,577,41478,2678,124490,659,165968,California
Santa Cruz,2021-05-13,3979,288436,2701,131476,1184,150293,94,6667,1428,40456,2546,127036,1524,167492,California
Santa Cruz,2021-05-14,3079,291515,1710,133186,1329,151622,40,6707,1210,39848,1861,128897,1253,168745,California
Santa Cruz,2021-05-15,2301,293816,1332,134518,957,152579,12,6719,1116,39794,1182,130079,1128,169873,California
Santa Cruz,2021-05-16,811,294627,436,134954,353,152932,22,6741,254,39515,556,130635,277,170150,California
Santa Cruz,2021-05-17,1582,296209,827,135781,684,153616,71,6812,556,39117,1025,131660,627,170777,California
Santa Cruz,2021-05-18,2381,298590,1475,137256,882,154498,24,6836,1152,39071,1222,132882,1176,171953,California
Santa Cruz,2021-05-19,3163,301753,1906,139162,1220,155718,37,6873,1334,38623,1819,134701,1371,173324,California
Santa Cruz,2021-05-20,3461,305214,2489,141651,824,156542,148,7021,1615,38545,1841,136542,1763,175087,California
Santa Cruz,2021-05-21,1797,307011,926,142577,781,157323,90,7111,614,38072,1177,137719,704,175791,California
Santa Cruz,2021-05-22,1748,308759,1354,143931,383,157706,11,7122,613,37566,1131,138850,625,176416,California
Santa Cruz,2021-05-23,489,309248,276,144207,194,157900,19,7141,154,37408,331,139181,173,176589,California
Santa Cruz,2021-05-24,1210,310458,704,144911,427,158327,79,7220,315,36915,887,140068,394,176983,California
Santa Cruz,2021-05-25,2311,312769,1326,146237,940,159267,45,7265,483,35762,1681,141749,528,177511,California
Santa Cruz,2021-05-26,1784,314553,842,147079,897,160164,45,7310,490,35019,1278,143027,535,178046,California
Santa Cruz,2021-05-27,1353,315906,740,147819,508,160672,105,7415,460,34698,886,143913,565,178611,California
Santa Cruz,2021-05-28,866,316772,389,148208,447,161119,30,7445,377,34626,480,144393,408,179019,California
Santa Cruz,2021-05-29,598,317370,338,148546,247,161366,13,7458,319,34681,277,144670,332,179351,California
Santa Cruz,2021-05-30,247,317617,124,148670,109,161475,14,7472,95,34640,149,144819,108,179459,California
Santa Cruz,2021-05-31,146,317763,64,148734,81,161556,1,7473,45,34586,100,144919,46,179505,California
Santa Cruz,2021-06-01,970,318733,601,149335,356,161912,13,7486,353,34336,615,145534,365,179870,California
Santa Cruz,2021-06-02,933,319666,552,149887,339,162251,42,7528,354,34158,574,146108,396,180266,California
Santa Cruz,2021-06-03,2318,321984,1560,151447,720,162971,38,7566,542,32972,1766,147874,580,180846,California
Santa Cruz,2021-06-04,1081,323065,745,152192,301,163272,35,7601,251,32436,823,148697,287,181133,California
Santa Cruz,2021-06-05,1087,324152,887,153079,195,163467,5,7606,192,31742,891,149588,197,181330,California
Santa Cruz,2021-06-06,416,324568,307,153386,92,163559,17,7623,112,31570,301,149889,129,181459,California
Santa Cruz,2021-06-07,866,325434,645,154031,190,163749,31,7654,230,31196,635,150524,261,181720,California
Santa Cruz,2021-06-08,1526,326960,1227,155258,274,164023,25,7679,318,30337,1203,151727,344,182064,California
Santa Cruz,2021-06-09,1476,328436,1162,156420,297,164320,17,7696,292,29470,1177,152904,310,182374,California
Santa Cruz,2021-06-10,2023,330459,1664,158084,287,164607,72,7768,362,28245,1656,154560,431,182805,California
Santa Cruz,2021-06-11,841,331300,524,158608,282,164889,35,7803,292,28027,543,155103,325,183130,California
Santa Cruz,2021-06-12,980,332280,862,159470,112,165001,6,7809,170,27396,807,155910,176,183306,California
Santa Cruz,2021-06-13,206,332486,138,159608,46,165047,22,7831,32,27276,174,156084,54,183360,California
Santa Cruz,2021-06-14,583,333069,383,159991,164,165211,36,7867,171,27073,409,156493,206,183566,California
Santa Cruz,2021-06-15,976,334045,726,160717,227,165438,23,7890,347,26818,626,157119,371,183937,California
Santa Cruz,2021-06-16,848,334893,630,161347,183,165621,35,7925,275,26558,569,157688,309,184246,California
Santa Cruz,2021-06-17,825,335718,643,161990,143,165764,39,7964,306,26386,516,158204,344,184590,California
Santa Cruz,2021-06-18,660,336378,404,162394,225,165989,31,7995,297,26355,359,158563,328,184918,California
Santa Cruz,2021-06-19,339,336717,268,162662,64,166053,7,8002,120,26266,216,158779,127,185045,California
Santa Cruz,2021-06-20,162,336879,116,162778,28,166081,18,8020,68,26258,94,158873,86,185131,California
Santa Cruz,2021-06-21,369,337248,263,163041,85,166166,21,8041,190,26290,177,159050,209,185340,California
Santa Cruz,2021-06-22,705,337953,503,163544,172,166338,30,8071,273,26163,431,159481,304,185644,California
Santa Cruz,2021-06-23,411,338364,293,163837,108,166446,10,8081,199,26164,206,159687,207,185851,California
Santa Cruz,2021-06-24,544,338908,386,164223,115,166561,43,8124,219,26102,323,160010,261,186112,California
Santa Cruz,2021-06-25,518,339426,336,164559,162,166723,20,8144,234,26076,280,160290,254,186366,California
Santa Cruz,2021-06-26,234,339660,162,164721,63,166786,9,8153,96,26045,136,160426,105,186471,California
Santa Cruz,2021-06-27,181,339841,131,164852,20,166806,30,8183,64,26022,117,160543,94,186565,California
Santa Cruz,2021-06-28,363,340204,287,165139,67,166873,9,8192,171,26011,191,160734,180,186745,California
Shasta,2020-12-16,131,131,131,131,0,0,0,0,131,131,0,0,131,131,California
Shasta,2020-12-17,421,552,421,552,0,0,0,0,421,552,0,0,421,552,California
Shasta,2020-12-18,166,718,166,718,0,0,0,0,166,718,0,0,166,718,California
Shasta,2020-12-19,1,719,1,719,0,0,0,0,1,719,0,0,1,719,California
Shasta,2020-12-21,79,798,79,798,0,0,0,0,79,798,0,0,79,798,California
Shasta,2020-12-22,193,991,188,986,5,5,0,0,193,991,0,0,193,991,California
Shasta,2020-12-23,173,1164,169,1155,4,9,0,0,173,1164,0,0,173,1164,California
Shasta,2020-12-24,19,1183,19,1174,0,9,0,0,19,1183,0,0,19,1183,California
Shasta,2020-12-26,4,1187,1,1175,3,12,0,0,4,1187,0,0,4,1187,California
Shasta,2020-12-27,1,1188,0,1175,1,13,0,0,1,1188,0,0,1,1188,California
Shasta,2020-12-28,40,1228,31,1206,9,22,0,0,40,1228,0,0,40,1228,California
Shasta,2020-12-29,186,1414,185,1391,1,23,0,0,186,1414,0,0,186,1414,California
Shasta,2020-12-30,177,1591,167,1558,10,33,0,0,177,1591,0,0,177,1591,California
Shasta,2020-12-31,83,1674,2,1560,81,114,0,0,83,1674,0,0,83,1674,California
Shasta,2021-01-02,2,1676,0,1560,2,116,0,0,2,1676,0,0,2,1676,California
Shasta,2021-01-03,1,1677,1,1561,0,116,0,0,1,1677,0,0,1,1677,California
Shasta,2021-01-04,373,2050,307,1868,66,182,0,0,374,2051,0,0,374,2051,California
Shasta,2021-01-05,338,2388,315,2183,23,205,0,0,256,2225,82,82,256,2307,California
Shasta,2021-01-06,466,2854,395,2578,71,276,0,0,203,2166,262,344,203,2510,California
Shasta,2021-01-07,125,2979,37,2615,88,364,0,0,103,2247,22,366,103,2613,California
Shasta,2021-01-08,524,3503,447,3062,77,441,0,0,316,2355,208,574,316,2929,California
Shasta,2021-01-09,73,3576,64,3126,9,450,0,0,71,2424,2,576,71,3000,California
Shasta,2021-01-10,5,3581,0,3126,5,455,0,0,3,2427,2,578,5,3005,California
Shasta,2021-01-11,409,3990,186,3312,223,678,0,0,373,2764,36,614,373,3378,California
Shasta,2021-01-12,489,4479,332,3644,157,835,0,0,313,2902,176,790,314,3692,California
Shasta,2021-01-13,604,5083,270,3914,334,1169,0,0,432,3163,171,961,432,4124,California
Shasta,2021-01-14,504,5587,52,3966,452,1621,0,0,486,3631,18,979,486,4610,California
Shasta,2021-01-15,689,6276,135,4101,554,2175,0,0,687,4316,2,981,687,5297,California
Shasta,2021-01-16,897,7173,53,4154,844,3019,0,0,894,5207,3,984,894,6191,California
Shasta,2021-01-17,27,7200,6,4160,21,3040,0,0,23,5226,4,988,23,6214,California
Shasta,2021-01-18,599,7799,129,4289,470,3510,0,0,591,5809,8,996,591,6805,California
Shasta,2021-01-19,1064,8863,401,4690,663,4173,0,0,916,6577,148,1144,916,7721,California
Shasta,2021-01-20,758,9621,490,5180,268,4441,0,0,573,6970,180,1324,573,8294,California
Shasta,2021-01-21,689,10310,335,5515,354,4795,0,0,666,7613,23,1347,666,8960,California
Shasta,2021-01-22,451,10761,177,5692,274,5069,0,0,445,8052,6,1353,445,9405,California
Shasta,2021-01-23,68,10829,5,5697,63,5132,0,0,67,8118,1,1354,67,9472,California
Shasta,2021-01-24,26,10855,3,5700,23,5155,0,0,25,8142,1,1355,25,9497,California
Shasta,2021-01-25,747,11602,488,6188,259,5414,0,0,459,8314,287,1642,459,9956,California
Shasta,2021-01-26,713,12315,333,6521,380,5794,0,0,479,8561,232,1874,479,10435,California
Shasta,2021-01-27,463,12778,181,6702,282,6076,0,0,413,8925,49,1923,413,10848,California
Shasta,2021-01-28,892,13670,579,7281,313,6389,0,0,670,9373,222,2145,670,11518,California
Shasta,2021-01-29,833,14503,329,7610,504,6893,0,0,644,9829,189,2334,645,12163,California
Shasta,2021-01-30,615,15118,14,7624,601,7494,0,0,605,10424,10,2344,605,12768,California
Shasta,2021-01-31,27,15145,4,7628,23,7517,0,0,25,10447,2,2346,25,12793,California
Shasta,2021-02-01,533,15678,149,7777,384,7901,0,0,387,10688,146,2492,387,13180,California
Shasta,2021-02-02,992,16670,501,8278,491,8392,0,0,899,11496,91,2583,899,14079,California
Shasta,2021-02-03,725,17395,213,8491,512,8904,0,0,490,11751,235,2818,490,14569,California
Shasta,2021-02-04,1104,18499,677,9168,427,9331,0,0,910,12468,193,3011,910,15479,California
Shasta,2021-02-05,1264,19763,167,9335,1097,10428,0,0,1056,13317,207,3218,1056,16535,California
Shasta,2021-02-06,1745,21508,41,9376,1704,12132,0,0,1722,15016,23,3241,1722,18257,California
Shasta,2021-02-07,25,21533,3,9379,22,12154,0,0,23,15037,2,3243,23,18280,California
Shasta,2021-02-08,601,22134,169,9548,432,12586,0,0,309,15054,292,3535,309,18589,California
Shasta,2021-02-09,1131,23265,659,10207,472,13058,0,0,708,15340,423,3958,709,19298,California
Shasta,2021-02-10,1127,24392,788,10995,339,13397,0,0,546,15305,581,4539,546,19844,California
Shasta,2021-02-11,894,25286,187,11182,707,14104,0,0,316,15048,573,5112,316,20160,California
Shasta,2021-02-12,1800,27086,1215,12397,585,14689,0,0,1241,15730,559,5671,1241,21401,California
Shasta,2021-02-13,1384,28470,374,12771,1010,15699,0,0,569,15484,816,6487,570,21971,California
Shasta,2021-02-14,150,28620,5,12776,145,15844,0,0,124,15582,26,6513,124,22095,California
Shasta,2021-02-15,380,29000,92,12868,288,16132,0,0,211,15624,169,6682,211,22306,California
Shasta,2021-02-16,1202,30202,523,13391,679,16811,0,0,427,15277,774,7456,427,22733,California
Shasta,2021-02-17,1038,31240,439,13830,599,17410,0,0,411,15061,627,8083,411,23144,California
Shasta,2021-02-18,954,32194,471,14301,483,17893,0,0,460,15028,494,8577,461,23605,California
Shasta,2021-02-19,1339,33533,947,15248,392,18285,0,0,870,15429,469,9046,870,24475,California
Shasta,2021-02-20,806,34339,92,15340,714,18999,0,0,307,15237,499,9545,307,24782,California
Shasta,2021-02-21,32,34371,3,15343,29,19028,0,0,10,15225,22,9567,10,24792,California
Shasta,2021-02-22,433,34804,79,15422,354,19382,0,0,181,15155,251,9818,181,24973,California
Shasta,2021-02-23,912,35716,471,15893,441,19823,0,0,328,14899,584,10402,328,25301,California
Shasta,2021-02-24,892,36608,509,16402,383,20206,0,0,274,14556,617,11019,274,25575,California
Shasta,2021-02-25,520,37128,164,16566,356,20562,0,0,162,14362,357,11376,163,25738,California
Shasta,2021-02-26,797,37925,98,16664,699,21261,0,0,337,14240,459,11835,337,26075,California
Shasta,2021-02-27,829,38754,27,16691,802,22063,0,0,189,13792,637,12472,189,26264,California
Shasta,2021-02-28,176,38930,4,16695,172,22235,0,0,127,13870,49,12521,127,26391,California
Shasta,2021-03-01,589,39519,61,16756,528,22763,0,0,298,13878,290,12811,298,26689,California
Shasta,2021-03-02,1031,40550,475,17231,556,23319,0,0,338,13525,691,13502,338,27027,California
Shasta,2021-03-03,680,41230,175,17406,505,23824,0,0,247,13339,433,13935,247,27274,California
Shasta,2021-03-04,3038,44268,2421,19827,617,24441,0,0,1734,13773,1301,15236,1735,29009,California
Shasta,2021-03-05,1562,45830,163,19990,1370,25811,29,29,789,13817,774,16010,818,29827,California
Shasta,2021-03-06,2743,48573,385,20375,2311,28122,47,76,855,12833,1886,17896,902,30729,California
Shasta,2021-03-07,93,48666,4,20379,57,28179,32,108,39,12850,54,17950,71,30800,California
Shasta,2021-03-08,571,49237,48,20427,384,28563,139,247,157,12734,412,18362,296,31096,California
Shasta,2021-03-09,1256,50493,596,21023,482,29045,178,425,696,13048,559,18921,873,31969,California
Shasta,2021-03-10,805,51298,258,21281,345,29390,202,627,142,12728,662,19583,342,32311,California
Shasta,2021-03-11,1560,52858,472,21753,817,30207,271,898,943,13328,614,20197,1214,33525,California
Shasta,2021-03-12,1560,54418,847,22600,465,30672,248,1146,411,12837,1148,21345,657,34182,California
Shasta,2021-03-13,757,55175,425,23025,233,30905,99,1245,475,13130,279,21624,572,34754,California
Shasta,2021-03-14,1017,56192,8,23033,986,31891,23,1268,878,13895,138,21762,903,35657,California
Shasta,2021-03-15,497,56689,36,23069,361,32252,100,1368,209,13915,288,22050,308,35965,California
Shasta,2021-03-16,1143,57832,150,23219,926,33178,67,1435,858,14555,285,22335,925,36890,California
Shasta,2021-03-17,741,58573,192,23411,491,33669,58,1493,399,14680,332,22667,457,37347,California
Shasta,2021-03-18,1548,60121,589,24000,855,34524,104,1597,1117,15474,427,23094,1221,38568,California
Shasta,2021-03-19,647,60768,198,24198,393,34917,56,1653,412,15708,234,23328,468,39036,California
Shasta,2021-03-20,749,61517,490,24688,245,35162,14,1667,598,16169,151,23479,612,39648,California
Shasta,2021-03-21,312,61829,297,24985,4,35166,11,1678,285,16439,26,23505,296,39944,California
Shasta,2021-03-22,348,62177,38,25023,274,35440,36,1714,199,16527,147,23652,235,40179,California
Shasta,2021-03-23,1312,63489,653,25676,600,36040,59,1773,759,16797,548,24200,818,40997,California
Shasta,2021-03-24,609,64098,155,25831,416,36456,38,1811,365,16957,243,24443,403,41400,California
Shasta,2021-03-25,1134,65232,451,26282,662,37118,21,1832,823,17493,309,24752,845,42245,California
Shasta,2021-03-26,1838,67070,1404,27686,404,37522,30,1862,1476,18638,362,25114,1507,43752,California
Shasta,2021-03-27,1595,68665,406,28092,317,37839,872,2734,577,19067,1016,26130,1445,45197,California
Shasta,2021-03-28,408,69073,301,28393,97,37936,10,2744,302,19275,104,26234,312,45509,California
Shasta,2021-03-29,425,69498,41,28434,372,38308,12,2756,169,19201,255,26489,181,45690,California
Shasta,2021-03-30,1250,70748,770,29204,463,38771,17,2773,626,19223,621,27110,643,46333,California
Shasta,2021-03-31,620,71368,207,29411,407,39178,6,2779,383,19379,233,27343,389,46722,California
Shasta,2021-04-01,897,72265,247,29658,637,39815,13,2792,575,19647,320,27663,588,47310,California
Shasta,2021-04-02,757,73022,199,29857,503,40318,55,2847,412,19771,343,28006,467,47777,California
Shasta,2021-04-03,513,73535,361,30218,133,40451,19,2866,388,20053,125,28131,407,48184,California
Shasta,2021-04-04,292,73827,175,30393,96,40547,21,2887,218,20218,74,28205,239,48423,California
Shasta,2021-04-05,444,74271,68,30461,312,40859,64,2951,252,20342,192,28397,316,48739,California
Shasta,2021-04-06,1172,75443,487,30948,507,41366,178,3129,540,20432,627,29024,717,49456,California
Shasta,2021-04-07,664,76107,216,31164,283,41649,165,3294,260,20455,400,29424,423,49879,California
Shasta,2021-04-08,1155,77262,264,31428,734,42383,157,3451,222,19903,930,30354,378,50257,California
Shasta,2021-04-09,2601,79863,2078,33506,309,42692,214,3665,2017,21553,577,30931,2227,52484,California
Shasta,2021-04-10,885,80748,597,34103,157,42849,131,3796,270,21338,614,31545,399,52883,California
Shasta,2021-04-11,1251,81999,398,34501,833,43682,20,3816,144,20399,1103,32648,164,53047,California
Shasta,2021-04-12,342,82341,7,34508,271,43953,64,3880,98,20317,243,32891,161,53208,California
Shasta,2021-04-13,1278,83619,368,34876,908,44861,2,3882,339,19723,934,33825,340,53548,California
Shasta,2021-04-14,594,84213,143,35019,449,45310,2,3884,220,19572,373,34198,222,53770,California
Shasta,2021-04-15,1086,85299,258,35277,827,46137,1,3885,301,19094,779,34977,301,54071,California
Shasta,2021-04-16,2360,87659,1859,37136,501,46638,0,3885,950,18636,1408,36385,950,55021,California
Shasta,2021-04-17,648,88307,417,37553,231,46869,0,3885,193,18375,455,36840,194,55215,California
Shasta,2021-04-18,270,88577,244,37797,26,46895,0,3885,35,18177,233,37073,35,55250,California
Shasta,2021-04-19,387,88964,29,37826,358,47253,0,3885,168,18126,219,37292,168,55418,California
Shasta,2021-04-20,1030,89994,266,38092,764,48017,0,3885,385,17868,643,37935,385,55803,California
Shasta,2021-04-21,625,90619,229,38321,396,48413,0,3885,317,17877,308,38243,317,56120,California
Shasta,2021-04-22,972,91591,286,38607,686,49099,0,3885,302,17511,668,38911,302,56422,California
Shasta,2021-04-23,669,92260,263,38870,406,49505,0,3885,339,17521,329,39240,339,56761,California
Shasta,2021-04-24,602,92862,359,39229,242,49747,1,3886,109,17139,491,39731,109,56870,California
Shasta,2021-04-25,210,93072,180,39409,29,49776,1,3887,36,17002,174,39905,37,56907,California
Shasta,2021-04-26,506,93578,57,39466,444,50220,5,3892,356,17214,148,40053,360,57267,California
Shasta,2021-04-27,552,94130,183,39649,329,50549,40,3932,303,17308,246,40299,340,57607,California
Shasta,2021-04-28,583,94713,165,39814,385,50934,33,3965,250,17257,333,40632,282,57889,California
Shasta,2021-04-29,785,95498,121,39935,640,51574,24,3989,180,16857,604,41236,204,58093,California
Shasta,2021-04-30,2276,97774,1848,41783,396,51970,32,4021,272,15158,2003,43239,304,58397,California
Shasta,2021-05-01,232,98006,21,41804,135,52105,76,4097,103,15208,129,43368,179,58576,California
Shasta,2021-05-02,47,98053,17,41821,17,52122,13,4110,20,15214,27,43395,33,58609,California
Shasta,2021-05-03,355,98408,96,41917,233,52355,26,4136,114,15114,240,43635,140,58749,California
Shasta,2021-05-04,537,98945,200,42117,298,52653,39,4175,253,15125,281,43916,292,59041,California
Shasta,2021-05-05,452,99397,153,42270,281,52934,18,4193,207,15105,245,44161,225,59266,California
Shasta,2021-05-06,696,100093,266,42536,390,53324,40,4233,299,15054,388,44549,337,59603,California
Shasta,2021-05-07,1123,101216,741,43277,342,53666,40,4273,305,14582,817,45366,345,59948,California
Shasta,2021-05-08,176,101392,85,43362,80,53746,11,4284,104,14624,72,45438,114,60062,California
Shasta,2021-05-09,66,101458,15,43377,46,53792,5,4289,35,14633,31,45469,40,60102,California
Shasta,2021-05-10,257,101715,21,43398,187,53979,49,4338,111,14647,144,45613,158,60260,California
Shasta,2021-05-11,523,102238,161,43559,211,54190,151,4489,183,14642,339,45952,334,60594,California
Shasta,2021-05-12,398,102636,146,43705,228,54418,24,4513,133,14535,264,46216,157,60751,California
Shasta,2021-05-13,580,103216,240,43945,323,54741,17,4530,224,14422,354,46570,241,60992,California
Shasta,2021-05-14,649,103865,276,44221,347,55088,26,4556,299,14399,349,46919,326,61318,California
Shasta,2021-05-15,400,104265,130,44351,165,55253,105,4661,168,14440,231,47150,272,61590,California
Shasta,2021-05-16,222,104487,155,44506,57,55310,10,4671,163,14554,59,47209,173,61763,California
Shasta,2021-05-17,539,105026,245,44751,234,55544,60,4731,283,14642,255,47464,343,62106,California
Shasta,2021-05-18,618,105644,294,45045,299,55843,25,4756,326,14700,293,47757,351,62457,California
Shasta,2021-05-19,591,106235,280,45325,243,56086,68,4824,281,14743,306,48063,349,62806,California
Shasta,2021-05-20,582,106817,266,45591,297,56383,19,4843,277,14735,303,48366,295,63101,California
Shasta,2021-05-21,658,107475,302,45893,337,56720,19,4862,332,14763,323,48689,351,63452,California
Shasta,2021-05-22,235,107710,133,46026,94,56814,8,4870,144,14828,88,48777,153,63605,California
Shasta,2021-05-23,114,107824,49,46075,56,56870,9,4879,69,14861,45,48822,78,63683,California
Shasta,2021-05-24,545,108369,170,46245,343,57213,32,4911,191,14731,353,49175,223,63906,California
Shasta,2021-05-25,466,108835,199,46444,222,57435,45,4956,159,14631,303,49478,203,64109,California
Shasta,2021-05-26,372,109207,147,46591,200,57635,25,4981,148,14581,223,49701,173,64282,California
Shasta,2021-05-27,422,109629,154,46745,259,57894,9,4990,155,14481,264,49965,164,64446,California
Shasta,2021-05-28,444,110073,198,46943,217,58111,29,5019,207,14483,234,50199,236,64682,California
Shasta,2021-05-29,225,110298,63,47006,131,58242,31,5050,88,14463,137,50336,117,64799,California
Shasta,2021-05-30,88,110386,51,47057,35,58277,2,5052,59,14495,29,50365,61,64860,California
Shasta,2021-05-31,35,110421,8,47065,26,58303,1,5053,11,14484,23,50388,12,64872,California
Shasta,2021-06-01,532,110953,156,47221,230,58533,146,5199,137,14380,388,50776,284,65156,California
Shasta,2021-06-02,294,111247,119,47340,166,58699,9,5208,120,14337,172,50948,129,65285,California
Shasta,2021-06-03,369,111616,157,47497,203,58902,9,5217,118,14214,250,51198,127,65412,California
Shasta,2021-06-04,576,112192,285,47782,263,59165,28,5245,201,14069,374,51572,229,65641,California
Shasta,2021-06-05,259,112451,154,47936,88,59253,17,5262,77,13983,181,51753,95,65736,California
Shasta,2021-06-06,163,112614,128,48064,33,59286,2,5264,48,13918,115,51868,50,65786,California
Shasta,2021-06-07,403,113017,234,48298,152,59438,17,5281,110,13753,292,52160,127,65913,California
Shasta,2021-06-08,518,113535,310,48608,162,59600,46,5327,153,13590,361,52521,198,66111,California
Shasta,2021-06-09,485,114020,274,48882,123,59723,88,5415,111,13417,371,52892,198,66309,California
Shasta,2021-06-10,421,114441,256,49138,140,59863,25,5440,128,13283,287,53179,153,66462,California
Shasta,2021-06-11,456,114897,255,49393,165,60028,36,5476,126,13116,328,53507,161,66623,California
Shasta,2021-06-12,213,115110,140,49533,67,60095,6,5482,79,13068,133,53640,85,66708,California
Shasta,2021-06-13,89,115199,55,49588,32,60127,2,5484,25,13031,64,53704,27,66735,California
Shasta,2021-06-14,288,115487,157,49745,112,60239,19,5503,83,12929,204,53908,102,66837,California
Shasta,2021-06-15,467,115954,238,49983,111,60350,118,5621,164,12907,298,54206,276,67113,California
Shasta,2021-06-16,258,116212,150,50133,96,60446,12,5633,82,12829,172,54378,94,67207,California
Shasta,2021-06-17,294,116506,127,50260,131,60577,36,5669,107,12786,186,54564,143,67350,California
Shasta,2021-06-18,357,116863,226,50486,110,60687,21,5690,151,12753,205,54769,172,67522,California
Shasta,2021-06-19,116,116979,75,50561,39,60726,2,5692,52,12744,63,54832,54,67576,California
Shasta,2021-06-20,59,117038,37,50598,19,60745,3,5695,23,12734,36,54868,26,67602,California
Shasta,2021-06-21,209,117247,72,50670,108,60853,29,5724,85,12725,123,54991,114,67716,California
Shasta,2021-06-22,376,117623,144,50814,82,60935,150,5874,97,12691,271,55262,237,67953,California
Shasta,2021-06-23,218,117841,131,50945,73,61008,14,5888,93,12674,124,55386,107,68060,California
Shasta,2021-06-24,231,118072,136,51081,77,61085,18,5906,93,12649,136,55522,111,68171,California
Shasta,2021-06-25,293,118365,210,51291,70,61155,13,5919,122,12612,171,55693,134,68305,California
Shasta,2021-06-26,137,118502,80,51371,48,61203,9,5928,55,12595,81,55774,64,68369,California
Shasta,2021-06-27,69,118571,46,51417,19,61222,4,5932,24,12578,45,55819,28,68397,California
Shasta,2021-06-28,145,118716,100,51517,39,61261,6,5938,70,12579,75,55894,76,68473,California
Sierra,2020-12-18,1,1,1,1,0,0,0,0,1,1,0,0,1,1,California
Sierra,2020-12-21,2,3,2,3,0,0,0,0,2,3,0,0,2,3,California
Sierra,2020-12-22,12,15,12,15,0,0,0,0,12,15,0,0,12,15,California
Sierra,2020-12-23,4,19,4,19,0,0,0,0,4,19,0,0,4,19,California
Sierra,2020-12-28,1,20,0,19,1,1,0,0,1,20,0,0,1,20,California
Sierra,2020-12-29,50,70,7,26,43,44,0,0,50,70,0,0,50,70,California
Sierra,2020-12-30,2,72,0,26,2,46,0,0,2,72,0,0,2,72,California
Sierra,2020-12-31,13,85,0,26,13,59,0,0,13,85,0,0,13,85,California
Sierra,2021-01-01,1,86,1,27,0,59,0,0,1,86,0,0,1,86,California
Sierra,2021-01-05,63,149,2,29,61,120,0,0,63,149,0,0,63,149,California
Sierra,2021-01-06,1,150,1,30,0,120,0,0,1,150,0,0,1,150,California
Sierra,2021-01-07,21,171,1,31,20,140,0,0,20,169,1,1,20,170,California
Sierra,2021-01-08,1,172,1,32,0,140,0,0,1,170,0,1,1,171,California
Sierra,2021-01-11,3,175,3,35,0,140,0,0,0,167,3,4,0,171,California
Sierra,2021-01-12,39,214,12,47,27,167,0,0,27,182,12,16,27,198,California
Sierra,2021-01-13,4,218,3,50,1,168,0,0,1,180,3,19,1,199,California
Sierra,2021-01-14,35,253,2,52,33,201,0,0,35,215,0,19,35,234,California
Sierra,2021-01-15,3,256,1,53,2,203,0,0,3,218,0,19,3,237,California
Sierra,2021-01-18,3,259,0,53,3,206,0,0,3,221,0,19,3,240,California
Sierra,2021-01-19,31,290,0,53,31,237,0,0,31,252,0,19,31,271,California
Sierra,2021-01-20,1,291,1,54,0,237,0,0,1,253,0,19,1,272,California
Sierra,2021-01-21,52,343,0,54,52,289,0,0,52,305,0,19,52,324,California
Sierra,2021-01-22,2,345,0,54,2,291,0,0,2,307,0,19,2,326,California
Sierra,2021-01-23,2,347,0,54,2,293,0,0,2,309,0,19,2,328,California
Sierra,2021-01-25,1,348,1,55,0,293,0,0,1,310,0,19,1,329,California
Sierra,2021-01-26,63,411,1,56,62,355,0,0,24,295,39,58,24,353,California
Sierra,2021-01-27,4,415,4,60,0,355,0,0,0,291,4,62,0,353,California
Sierra,2021-01-28,53,468,0,60,53,408,0,0,43,324,10,72,43,396,California
Sierra,2021-01-29,2,470,0,60,2,410,0,0,2,326,0,72,2,398,California
Sierra,2021-01-30,3,473,3,63,0,410,0,0,2,327,1,73,2,400,California
Sierra,2021-02-01,1,474,0,63,1,411,0,0,0,326,1,74,0,400,California
Sierra,2021-02-02,57,531,1,64,56,467,0,0,18,305,39,113,18,418,California
Sierra,2021-02-03,6,537,5,69,1,468,0,0,5,309,1,114,5,423,California
Sierra,2021-02-04,102,639,5,74,97,565,0,0,53,313,49,163,53,476,California
Sierra,2021-02-05,6,645,4,78,2,567,0,0,5,317,1,164,5,481,California
Sierra,2021-02-09,51,696,0,78,51,618,0,0,48,362,3,167,48,529,California
Sierra,2021-02-10,5,701,2,80,3,621,0,0,4,365,1,168,4,533,California
Sierra,2021-02-11,195,896,1,81,194,815,0,0,134,438,61,229,134,667,California
Sierra,2021-02-12,20,916,0,81,20,835,0,0,20,458,0,229,20,687,California
Sierra,2021-02-13,1,917,1,82,0,835,0,0,1,459,0,229,1,688,California
Sierra,2021-02-15,4,921,3,85,1,836,0,0,0,455,4,233,0,688,California
Sierra,2021-02-16,43,964,1,86,42,878,0,0,10,432,33,266,10,698,California
Sierra,2021-02-17,4,968,0,86,4,882,0,0,1,430,3,269,1,699,California
Sierra,2021-02-18,139,1107,0,86,139,1021,0,0,90,471,49,318,90,789,California
Sierra,2021-02-19,2,1109,1,87,1,1022,0,0,1,471,1,319,1,790,California
Sierra,2021-02-20,2,1111,2,89,0,1022,0,0,0,469,2,321,0,790,California
Sierra,2021-02-22,1,1112,1,90,0,1022,0,0,1,470,0,321,1,791,California
Sierra,2021-02-23,4,1116,0,90,4,1026,0,0,4,474,0,321,4,795,California
Sierra,2021-02-24,3,1119,2,92,1,1027,0,0,3,477,0,321,3,798,California
Sierra,2021-02-25,124,1243,2,94,122,1149,0,0,58,470,65,386,58,856,California
Sierra,2021-02-26,11,1254,6,100,5,1154,0,0,4,467,7,393,4,860,California
Sierra,2021-02-27,2,1256,2,102,0,1154,0,0,0,465,2,395,0,860,California
Sierra,2021-03-01,2,1258,2,104,0,1154,0,0,0,463,2,397,0,860,California
Sierra,2021-03-02,56,1314,0,104,56,1210,0,0,38,483,18,415,38,898,California
Sierra,2021-03-03,2,1316,2,106,0,1210,0,0,1,483,1,416,1,899,California
Sierra,2021-03-04,108,1424,0,106,108,1318,0,0,60,495,48,464,60,959,California
Sierra,2021-03-05,13,1437,1,107,12,1330,0,0,11,504,2,466,11,970,California
Sierra,2021-03-07,1,1438,1,108,0,1330,0,0,0,503,1,467,0,970,California
Sierra,2021-03-08,2,1440,2,110,0,1330,0,0,2,505,0,467,2,972,California
Sierra,2021-03-09,56,1496,0,110,56,1386,0,0,12,473,44,511,12,984,California
Sierra,2021-03-10,6,1502,0,110,6,1392,0,0,4,475,2,513,4,988,California
Sierra,2021-03-11,173,1675,0,110,173,1565,0,0,41,384,132,645,41,1029,California
Sierra,2021-03-12,20,1695,1,111,19,1584,0,0,0,364,20,665,0,1029,California
Sierra,2021-03-13,27,1722,0,111,27,1611,0,0,27,391,0,665,27,1056,California
Sierra,2021-03-14,1,1723,0,111,0,1611,1,1,0,391,1,666,1,1057,California
Sierra,2021-03-15,2,1725,1,112,0,1611,1,2,0,390,2,668,1,1058,California
Sierra,2021-03-16,35,1760,0,112,34,1645,1,3,22,400,13,681,23,1081,California
Sierra,2021-03-17,3,1763,2,114,1,1646,0,3,0,397,3,684,0,1081,California
Sierra,2021-03-18,157,1920,0,114,157,1803,0,3,65,370,92,776,65,1146,California
Sierra,2021-03-19,4,1924,2,116,2,1805,0,3,1,368,3,779,1,1147,California
Sierra,2021-03-20,1,1925,0,116,1,1806,0,3,1,369,0,779,1,1148,California
Sierra,2021-03-23,22,1947,0,116,22,1828,0,3,13,373,9,788,13,1161,California
Sierra,2021-03-24,3,1950,1,117,2,1830,0,3,1,372,2,790,1,1162,California
Sierra,2021-03-25,99,2049,1,118,98,1928,0,3,50,373,49,839,50,1212,California
Sierra,2021-03-26,12,2061,1,119,11,1939,0,3,8,377,4,843,8,1220,California
Sierra,2021-03-27,1,2062,0,119,1,1940,0,3,0,376,1,844,0,1220,California
Sierra,2021-03-29,1,2063,1,120,0,1940,0,3,0,375,1,845,0,1220,California
Sierra,2021-03-30,54,2117,1,121,53,1993,0,3,22,365,32,877,22,1242,California
Sierra,2021-03-31,8,2125,0,121,8,2001,0,3,8,373,0,877,8,1250,California
Sierra,2021-04-01,63,2188,1,122,62,2063,0,3,5,322,56,933,5,1255,California
Sierra,2021-04-02,3,2191,2,124,1,2064,0,3,2,323,1,934,2,1257,California
Sierra,2021-04-04,1,2192,0,124,1,2065,0,3,0,323,0,934,0,1257,California
Sierra,2021-04-06,11,2203,0,124,11,2076,0,3,1,314,10,944,1,1258,California
Sierra,2021-04-07,14,2217,3,127,6,2082,5,8,3,312,10,954,8,1266,California
Sierra,2021-04-08,53,2270,2,129,51,2133,0,8,16,291,37,991,16,1282,California
Sierra,2021-04-09,2,2272,2,131,0,2133,0,8,1,291,1,992,1,1283,California
Sierra,2021-04-10,27,2299,0,131,27,2160,0,8,0,264,27,1019,0,1283,California
Sierra,2021-04-13,43,2342,0,131,43,2203,0,8,5,231,38,1057,5,1288,California
Sierra,2021-04-14,1,2343,0,131,1,2204,0,8,1,232,0,1057,1,1289,California
Sierra,2021-04-15,48,2391,1,132,47,2251,0,8,2,188,46,1103,2,1291,California
Sierra,2021-04-17,2,2393,1,133,1,2252,0,8,1,188,1,1104,1,1292,California
Sierra,2021-04-18,1,2394,0,133,1,2253,0,8,0,188,0,1104,0,1292,California
Sierra,2021-04-19,1,2395,1,134,0,2253,0,8,0,187,1,1105,0,1292,California
Sierra,2021-04-20,34,2429,1,135,33,2286,0,8,7,167,27,1132,7,1299,California
Sierra,2021-04-21,2,2431,1,136,1,2287,0,8,1,167,1,1133,1,1300,California
Sierra,2021-04-22,64,2495,1,137,63,2350,0,8,5,114,58,1191,5,1305,California
Sierra,2021-04-23,14,2509,0,137,14,2364,0,8,5,110,9,1200,5,1310,California
Sierra,2021-04-24,4,2513,0,137,4,2368,0,8,4,114,0,1200,4,1314,California
Sierra,2021-04-27,27,2540,0,137,27,2395,0,8,4,95,23,1223,4,1318,California
Sierra,2021-04-28,10,2550,2,139,8,2403,0,8,1,87,9,1232,1,1319,California
Sierra,2021-04-29,20,2570,2,141,18,2421,0,8,14,95,6,1238,14,1333,California
Sierra,2021-04-30,4,2574,2,143,2,2423,0,8,2,95,2,1240,2,1335,California
Sierra,2021-05-01,1,2575,0,143,1,2424,0,8,0,95,0,1240,0,1335,California
Sierra,2021-05-03,1,2576,1,144,0,2424,0,8,1,96,0,1240,1,1336,California
Sierra,2021-05-04,1,2577,0,144,1,2425,0,8,0,95,1,1241,0,1336,California
Sierra,2021-05-05,22,2599,0,144,22,2447,0,8,7,87,15,1256,7,1343,California
Sierra,2021-05-06,1,2600,1,145,0,2447,0,8,0,86,1,1257,0,1343,California
Sierra,2021-05-07,1,2601,1,146,0,2447,0,8,1,87,0,1257,1,1344,California
Sierra,2021-05-08,1,2602,0,146,0,2447,1,9,0,87,1,1258,1,1345,California
Sierra,2021-05-11,11,2613,0,146,4,2451,7,16,0,83,11,1269,7,1352,California
Sierra,2021-05-12,11,2624,1,147,10,2461,0,16,8,88,3,1272,8,1360,California
Sierra,2021-05-13,3,2627,2,149,1,2462,0,16,2,89,1,1273,2,1362,California
Sierra,2021-05-14,3,2630,1,150,2,2464,0,16,3,92,0,1273,3,1365,California
Sierra,2021-05-17,1,2631,1,151,0,2464,0,16,1,93,0,1273,1,1366,California
Sierra,2021-05-18,2,2633,0,151,1,2465,1,17,0,92,2,1275,1,1367,California
Sierra,2021-05-19,5,2638,2,153,3,2468,0,17,1,89,4,1279,1,1368,California
Sierra,2021-05-20,9,2647,8,161,0,2468,1,18,8,97,1,1280,9,1377,California
Sierra,2021-05-21,5,2652,2,163,3,2471,0,18,1,94,4,1284,1,1378,California
Sierra,2021-05-22,5,2657,0,163,5,2476,0,18,1,91,4,1288,1,1379,California
Sierra,2021-05-23,1,2658,0,163,1,2477,0,18,1,92,0,1288,1,1380,California
Sierra,2021-05-24,3,2661,1,164,2,2479,0,18,2,93,1,1289,2,1382,California
Sierra,2021-05-25,3,2664,0,164,3,2482,0,18,1,92,2,1291,1,1383,California
Sierra,2021-05-26,8,2672,0,164,8,2490,0,18,4,92,4,1295,4,1387,California
Sierra,2021-05-27,9,2681,1,165,7,2497,1,19,2,88,7,1302,3,1390,California
Sierra,2021-05-28,4,2685,2,167,2,2499,0,19,2,88,2,1304,2,1392,California
Sierra,2021-05-29,2,2687,0,167,2,2501,0,19,2,90,0,1304,2,1394,California
Sierra,2021-05-30,1,2688,1,168,0,2501,0,19,1,91,0,1304,1,1395,California
Sierra,2021-06-01,1,2689,0,168,1,2502,0,19,0,90,1,1305,0,1395,California
Sierra,2021-06-02,23,2712,0,168,21,2523,2,21,0,70,22,1327,2,1397,California
Sierra,2021-06-03,3,2715,2,170,1,2524,0,21,0,67,3,1330,0,1397,California
Sierra,2021-06-04,2,2717,2,172,0,2524,0,21,1,67,1,1331,1,1398,California
Sierra,2021-06-08,1,2718,1,173,0,2524,0,21,1,68,0,1331,1,1399,California
Sierra,2021-06-09,8,2726,1,174,5,2529,2,23,0,62,8,1339,2,1401,California
Sierra,2021-06-10,8,2734,8,182,0,2529,0,23,4,62,4,1343,4,1405,California
Sierra,2021-06-11,3,2737,1,183,2,2531,0,23,0,59,3,1346,0,1405,California
Sierra,2021-06-12,1,2738,1,184,0,2531,0,23,1,60,0,1346,1,1406,California
Sierra,2021-06-13,1,2739,1,185,0,2531,0,23,0,59,1,1347,0,1406,California
Sierra,2021-06-14,6,2745,4,189,1,2532,1,24,2,58,4,1351,3,1409,California
Sierra,2021-06-15,2,2747,1,190,1,2533,0,24,1,59,0,1351,1,1410,California
Sierra,2021-06-16,3,2750,0,190,3,2536,0,24,2,60,1,1352,2,1412,California
Sierra,2021-06-17,4,2754,2,192,1,2537,1,25,2,61,2,1354,3,1415,California
Sierra,2021-06-18,2,2756,1,193,0,2537,1,26,0,60,2,1356,1,1416,California
Sierra,2021-06-21,1,2757,0,193,1,2538,0,26,0,59,1,1357,0,1416,California
Sierra,2021-06-22,5,2762,3,196,2,2540,0,26,3,60,2,1359,3,1419,California
Sierra,2021-06-23,6,2768,0,196,6,2546,0,26,2,58,4,1363,2,1421,California
Sierra,2021-06-24,6,2774,0,196,2,2548,4,30,1,58,5,1368,5,1426,California
Sierra,2021-06-27,1,2775,1,197,0,2548,0,30,1,59,0,1368,1,1427,California
Sierra,2021-06-28,1,2776,0,197,0,2548,1,31,0,59,1,1369,1,1428,California
Siskiyou,2020-12-16,2,2,2,2,0,0,0,0,2,2,0,0,2,2,California
Siskiyou,2020-12-17,4,6,4,6,0,0,0,0,4,6,0,0,4,6,California
Siskiyou,2020-12-18,2,8,2,8,0,0,0,0,2,8,0,0,2,8,California
Siskiyou,2020-12-19,4,12,4,12,0,0,0,0,4,12,0,0,4,12,California
Siskiyou,2020-12-20,1,13,1,13,0,0,0,0,1,13,0,0,1,13,California
Siskiyou,2020-12-21,132,145,132,145,0,0,0,0,132,145,0,0,132,145,California
Siskiyou,2020-12-22,159,304,159,304,0,0,0,0,159,304,0,0,159,304,California
Siskiyou,2020-12-23,142,446,142,446,0,0,0,0,142,446,0,0,142,446,California
Siskiyou,2020-12-24,5,451,5,451,0,0,0,0,5,451,0,0,5,451,California
Siskiyou,2020-12-26,2,453,0,451,2,2,0,0,2,453,0,0,2,453,California
Siskiyou,2020-12-27,2,455,0,451,2,4,0,0,2,455,0,0,2,455,California
Siskiyou,2020-12-28,3,458,1,452,2,6,0,0,3,458,0,0,3,458,California
Siskiyou,2020-12-29,6,464,2,454,4,10,0,0,6,464,0,0,6,464,California
Siskiyou,2020-12-30,100,564,3,457,97,107,0,0,100,564,0,0,100,564,California
Siskiyou,2020-12-31,12,576,0,457,12,119,0,0,12,576,0,0,12,576,California
Siskiyou,2021-01-02,1,577,1,458,0,119,0,0,1,577,0,0,1,577,California
Siskiyou,2021-01-03,1,578,0,458,1,120,0,0,1,578,0,0,1,578,California
Siskiyou,2021-01-04,130,708,3,461,127,247,0,0,130,708,0,0,130,708,California
Siskiyou,2021-01-05,118,826,4,465,114,361,0,0,116,823,2,2,117,825,California
Siskiyou,2021-01-06,59,885,6,471,53,414,0,0,55,874,4,6,55,880,California
Siskiyou,2021-01-07,178,1063,4,475,174,588,0,0,177,1050,1,7,177,1057,California
Siskiyou,2021-01-08,41,1104,3,478,38,626,0,0,39,1087,2,9,39,1096,California
Siskiyou,2021-01-09,3,1107,3,481,0,626,0,0,1,1086,2,11,1,1097,California
Siskiyou,2021-01-11,296,1403,135,616,161,787,0,0,163,1116,133,144,163,1260,California
Siskiyou,2021-01-12,254,1657,204,820,50,837,0,0,91,1045,163,307,92,1352,California
Siskiyou,2021-01-13,159,1816,138,958,21,858,0,0,23,932,136,443,23,1375,California
Siskiyou,2021-01-14,36,1852,1,959,35,893,0,0,35,966,1,444,35,1410,California
Siskiyou,2021-01-15,55,1907,3,962,52,945,0,0,55,1021,0,444,55,1465,California
Siskiyou,2021-01-16,7,1914,2,964,5,950,0,0,7,1028,0,444,7,1472,California
Siskiyou,2021-01-17,1,1915,1,965,0,950,0,0,0,1027,1,445,0,1472,California
Siskiyou,2021-01-18,74,1989,2,967,72,1022,0,0,73,1099,1,446,73,1545,California
Siskiyou,2021-01-19,41,2030,1,968,40,1062,0,0,40,1138,1,447,40,1585,California
Siskiyou,2021-01-20,68,2098,35,1003,33,1095,0,0,64,1198,4,451,64,1649,California
Siskiyou,2021-01-21,69,2167,1,1004,68,1163,0,0,69,1267,0,451,69,1718,California
Siskiyou,2021-01-22,1346,3513,1178,2182,168,1331,0,0,1346,2613,0,451,1346,3064,California
Siskiyou,2021-01-23,6,3519,2,2184,4,1335,0,0,3,2613,3,454,3,3067,California
Siskiyou,2021-01-25,208,3727,8,2192,200,1535,0,0,204,2813,4,458,204,3271,California
Siskiyou,2021-01-26,158,3885,4,2196,154,1689,0,0,149,2953,9,467,149,3420,California
Siskiyou,2021-01-27,202,4087,2,2198,200,1889,0,0,138,3028,63,530,138,3558,California
Siskiyou,2021-01-28,260,4347,118,2316,142,2031,0,0,235,3244,19,549,235,3793,California
Siskiyou,2021-01-29,272,4619,3,2319,269,2300,0,0,253,3478,19,568,253,4046,California
Siskiyou,2021-01-30,6,4625,5,2324,1,2301,0,0,6,3484,0,568,6,4052,California
Siskiyou,2021-02-01,215,4840,3,2327,212,2513,0,0,114,3497,101,669,114,4166,California
Siskiyou,2021-02-02,318,5158,45,2372,273,2786,0,0,165,3509,153,822,165,4331,California
Siskiyou,2021-02-03,334,5492,1,2373,333,3119,0,0,265,3705,69,891,265,4596,California
Siskiyou,2021-02-04,368,5860,7,2380,361,3480,0,0,227,3791,141,1032,227,4823,California
Siskiyou,2021-02-05,545,6405,4,2384,541,4021,0,0,370,3986,175,1207,370,5193,California
Siskiyou,2021-02-06,15,6420,0,2384,15,4036,0,0,15,4001,0,1207,15,5208,California
Siskiyou,2021-02-07,2,6422,1,2385,1,4037,0,0,2,4003,0,1207,2,5210,California
Siskiyou,2021-02-08,243,6665,4,2389,239,4276,0,0,217,4194,26,1233,217,5427,California
Siskiyou,2021-02-09,248,6913,4,2393,244,4520,0,0,195,4336,53,1286,195,5622,California
Siskiyou,2021-02-10,389,7302,41,2434,348,4868,0,0,319,4586,69,1355,319,5941,California
Siskiyou,2021-02-11,215,7517,1,2435,214,5082,0,0,185,4741,30,1385,185,6126,California
Siskiyou,2021-02-12,1706,9223,1200,3635,506,5588,0,0,497,4029,1209,2594,497,6623,California
Siskiyou,2021-02-13,36,9259,2,3637,34,5622,0,0,31,4055,5,2599,31,6654,California
Siskiyou,2021-02-14,6,9265,2,3639,4,5626,0,0,6,4061,0,2599,6,6660,California
Siskiyou,2021-02-15,105,9370,8,3647,97,5723,0,0,103,4162,2,2601,103,6763,California
Siskiyou,2021-02-16,137,9507,2,3649,135,5858,0,0,101,4227,36,2637,101,6864,California
Siskiyou,2021-02-17,298,9805,16,3665,282,6140,0,0,261,4451,37,2674,261,7125,California
Siskiyou,2021-02-18,272,10077,88,3753,184,6324,0,0,129,4437,143,2817,129,7254,California
Siskiyou,2021-02-19,97,10174,34,3787,63,6387,0,0,36,4414,59,2876,36,7290,California
Siskiyou,2021-02-20,23,10197,5,3792,18,6405,0,0,16,4425,7,2883,18,7308,California
Siskiyou,2021-02-21,1,10198,1,3793,0,6405,0,0,1,4426,0,2883,1,7309,California
Siskiyou,2021-02-22,207,10405,2,3795,205,6610,0,0,75,4369,132,3015,75,7384,California
Siskiyou,2021-02-23,346,10751,15,3810,331,6941,0,0,194,4411,152,3167,194,7578,California
Siskiyou,2021-02-24,172,10923,5,3815,167,7108,0,0,49,4337,123,3290,49,7627,California
Siskiyou,2021-02-25,312,11235,25,3840,287,7395,0,0,157,4340,154,3444,157,7784,California
Siskiyou,2021-02-26,674,11909,11,3851,663,8058,0,0,369,4404,305,3749,369,8153,California
Siskiyou,2021-02-27,32,11941,5,3856,27,8085,0,0,28,4428,4,3753,28,8181,California
Siskiyou,2021-02-28,4,11945,4,3860,0,8085,0,0,3,4430,1,3754,3,8184,California
Siskiyou,2021-03-01,291,12236,6,3866,285,8370,0,0,50,4239,241,3995,50,8234,California
Siskiyou,2021-03-02,211,12447,1,3867,210,8580,0,0,70,4168,141,4136,70,8304,California
Siskiyou,2021-03-03,350,12797,12,3879,338,8918,0,0,155,4128,195,4331,155,8459,California
Siskiyou,2021-03-04,827,13624,622,4501,205,9123,0,0,646,4593,181,4512,646,9105,California
Siskiyou,2021-03-05,347,13971,6,4507,330,9453,11,11,105,4470,239,4751,116,9221,California
Siskiyou,2021-03-06,43,14014,3,4510,33,9486,7,18,28,4490,15,4766,35,9256,California
Siskiyou,2021-03-07,12,14026,4,4514,0,9486,8,26,2,4490,10,4776,10,9266,California
Siskiyou,2021-03-08,367,14393,28,4542,304,9790,35,61,67,4292,300,5076,102,9368,California
Siskiyou,2021-03-09,176,14569,2,4544,120,9910,54,115,43,4256,133,5209,97,9465,California
Siskiyou,2021-03-10,222,14791,7,4551,185,10095,30,145,26,4116,196,5405,56,9521,California
Siskiyou,2021-03-11,492,15283,205,4756,240,10335,47,192,282,4236,209,5614,329,9850,California
Siskiyou,2021-03-12,653,15936,141,4897,473,10808,39,231,184,3991,467,6081,222,10072,California
Siskiyou,2021-03-13,427,16363,379,5276,25,10833,23,254,379,4345,48,6129,402,10474,California
Siskiyou,2021-03-14,19,16382,0,5276,3,10836,16,270,1,4344,18,6147,17,10491,California
Siskiyou,2021-03-15,498,16880,258,5534,176,11012,64,334,322,4554,176,6323,386,10877,California
Siskiyou,2021-03-16,258,17138,34,5568,207,11219,17,351,140,4594,117,6440,157,11034,California
Siskiyou,2021-03-17,202,17340,9,5577,185,11404,8,359,34,4468,168,6608,42,11076,California
Siskiyou,2021-03-18,927,18267,789,6366,126,11530,12,371,808,5169,119,6727,820,11896,California
Siskiyou,2021-03-19,68,18335,10,6376,45,11575,13,384,19,5152,49,6776,32,11928,California
Siskiyou,2021-03-20,30,18365,7,6383,18,11593,5,389,6,5139,24,6800,11,11939,California
Siskiyou,2021-03-21,10,18375,4,6387,1,11594,5,394,4,5142,6,6806,9,11948,California
Siskiyou,2021-03-22,208,18583,21,6408,165,11759,22,416,145,5249,60,6866,167,12115,California
Siskiyou,2021-03-23,194,18777,19,6427,166,11925,9,425,141,5345,53,6919,149,12264,California
Siskiyou,2021-03-24,143,18920,48,6475,95,12020,0,425,116,5434,27,6946,116,12380,California
Siskiyou,2021-03-25,572,19492,320,6795,249,12269,3,428,400,5665,172,7118,403,12783,California
Siskiyou,2021-03-26,306,19798,35,6830,271,12540,0,428,104,5569,200,7318,104,12887,California
Siskiyou,2021-03-27,38,19836,5,6835,28,12568,5,433,10,5556,28,7346,15,12902,California
Siskiyou,2021-03-28,8,19844,7,6842,1,12569,0,433,5,5558,3,7349,5,12907,California
Siskiyou,2021-03-29,95,19939,10,6852,83,12652,2,435,45,5555,50,7399,47,12954,California
Siskiyou,2021-03-30,100,20039,6,6858,93,12745,1,436,40,5536,60,7459,41,12995,California
Siskiyou,2021-03-31,191,20230,21,6879,167,12912,3,439,48,5448,140,7599,52,13047,California
Siskiyou,2021-04-01,830,21060,671,7550,159,13071,0,439,214,5046,616,8215,214,13261,California
Siskiyou,2021-04-02,347,21407,197,7747,146,13217,4,443,66,4837,279,8494,70,13331,California
Siskiyou,2021-04-03,26,21433,5,7752,14,13231,7,450,5,4828,21,8515,12,13343,California
Siskiyou,2021-04-04,1,21434,0,7752,1,13232,0,450,1,4829,0,8515,1,13344,California
Siskiyou,2021-04-05,438,21872,331,8083,81,13313,26,476,27,4472,410,8925,53,13397,California
Siskiyou,2021-04-06,219,22091,37,8120,129,13442,53,529,126,4559,91,9016,178,13575,California
Siskiyou,2021-04-07,116,22207,11,8131,63,13505,42,571,65,4616,51,9067,108,13683,California
Siskiyou,2021-04-08,354,22561,187,8318,126,13631,41,612,64,4431,290,9357,105,13788,California
Siskiyou,2021-04-09,547,23108,377,8695,132,13763,38,650,85,4094,461,9818,124,13912,California
Siskiyou,2021-04-10,46,23154,6,8701,3,13766,37,687,7,4099,39,9857,44,13956,California
Siskiyou,2021-04-11,8,23162,5,8706,1,13767,2,689,2,4097,6,9863,4,13960,California
Siskiyou,2021-04-12,128,23290,24,8730,103,13870,1,690,48,4066,80,9943,49,14009,California
Siskiyou,2021-04-13,208,23498,37,8767,170,14040,1,691,82,4023,126,10069,83,14092,California
Siskiyou,2021-04-14,156,23654,64,8831,92,14132,0,691,84,4037,70,10139,84,14176,California
Siskiyou,2021-04-15,1116,24770,957,9788,159,14291,0,691,437,3796,679,10818,438,14614,California
Siskiyou,2021-04-16,308,25078,214,10002,94,14385,0,691,270,4029,37,10855,270,14884,California
Siskiyou,2021-04-17,11,25089,8,10010,3,14388,0,691,7,4032,4,10859,7,14891,California
Siskiyou,2021-04-18,5,25094,3,10013,2,14390,0,691,1,4029,4,10863,1,14892,California
Siskiyou,2021-04-19,129,25223,24,10037,105,14495,0,691,47,3994,82,10945,47,14939,California
Siskiyou,2021-04-20,236,25459,5,10042,231,14726,0,691,94,3947,141,11086,94,15033,California
Siskiyou,2021-04-21,96,25555,10,10052,86,14812,0,691,27,3905,69,11155,27,15060,California
Siskiyou,2021-04-22,414,25969,301,10353,113,14925,0,691,50,3591,364,11519,50,15110,California
Siskiyou,2021-04-23,181,26150,15,10368,166,15091,0,691,159,3729,21,11540,159,15269,California
Siskiyou,2021-04-24,28,26178,4,10372,24,15115,0,691,20,3741,8,11548,20,15289,California
Siskiyou,2021-04-25,2,26180,0,10372,2,15117,0,691,2,3743,0,11548,2,15291,California
Siskiyou,2021-04-26,101,26281,5,10377,91,15208,5,696,25,3697,76,11624,30,15321,California
Siskiyou,2021-04-27,114,26395,5,10382,107,15315,2,698,87,3761,25,11649,89,15410,California
Siskiyou,2021-04-28,111,26506,8,10390,95,15410,8,706,53,3764,58,11707,61,15471,California
Siskiyou,2021-04-29,149,26655,16,10406,132,15542,1,707,30,3676,119,11826,31,15502,California
Siskiyou,2021-04-30,102,26757,20,10426,81,15623,1,708,45,3667,54,11880,45,15547,California
Siskiyou,2021-05-01,11,26768,7,10433,1,15624,3,711,7,3673,4,11884,10,15557,California
Siskiyou,2021-05-02,11,26779,5,10438,6,15630,0,711,9,3680,2,11886,9,15566,California
Siskiyou,2021-05-03,110,26889,23,10461,85,15715,2,713,47,3666,63,11949,49,15615,California
Siskiyou,2021-05-04,122,27011,7,10468,113,15828,2,715,60,3667,61,12010,62,15677,California
Siskiyou,2021-05-05,114,27125,20,10488,85,15913,9,724,39,3641,74,12084,48,15725,California
Siskiyou,2021-05-06,366,27491,296,10784,64,15977,6,730,190,3661,176,12260,196,15921,California
Siskiyou,2021-05-07,308,27799,219,11003,84,16061,5,735,31,3421,276,12536,36,15957,California
Siskiyou,2021-05-08,25,27824,4,11007,20,16081,1,736,18,3433,7,12543,19,15976,California
Siskiyou,2021-05-09,1,27825,0,11007,1,16082,0,736,0,3432,1,12544,0,15976,California
Siskiyou,2021-05-10,98,27923,67,11074,30,16112,1,737,21,3377,77,12621,22,15998,California
Siskiyou,2021-05-11,87,28010,8,11082,74,16186,5,742,51,3397,36,12657,56,16054,California
Siskiyou,2021-05-12,56,28066,4,11086,48,16234,4,746,16,3377,40,12697,20,16074,California
Siskiyou,2021-05-13,83,28149,35,11121,39,16273,9,755,38,3379,45,12742,47,16121,California
Siskiyou,2021-05-14,176,28325,82,11203,93,16366,1,756,108,3421,67,12809,109,16230,California
Siskiyou,2021-05-15,43,28368,13,11216,28,16394,2,758,36,3453,6,12815,38,16268,California
Siskiyou,2021-05-16,6,28374,2,11218,4,16398,0,758,4,3455,2,12817,4,16272,California
Siskiyou,2021-05-17,66,28440,2,11220,41,16439,23,781,11,3434,55,12872,34,16306,California
Siskiyou,2021-05-18,220,28660,83,11303,133,16572,4,785,123,3465,96,12968,127,16433,California
Siskiyou,2021-05-19,156,28816,96,11399,59,16631,1,786,124,3558,32,13000,125,16558,California
Siskiyou,2021-05-20,532,29348,429,11828,101,16732,2,788,236,3502,294,13294,238,16796,California
Siskiyou,2021-05-21,197,29545,95,11923,102,16834,0,788,109,3524,87,13381,109,16905,California
Siskiyou,2021-05-22,41,29586,19,11942,22,16856,0,788,26,3535,15,13396,26,16931,California
Siskiyou,2021-05-23,4,29590,3,11945,1,16857,0,788,2,3535,2,13398,2,16933,California
Siskiyou,2021-05-24,18,29608,3,11948,15,16872,0,788,5,3528,12,13410,5,16938,California
Siskiyou,2021-05-25,157,29765,16,11964,121,16993,20,808,50,3493,105,13515,70,17008,California
Siskiyou,2021-05-26,76,29841,19,11983,57,17050,0,808,41,3499,35,13550,41,17049,California
Siskiyou,2021-05-27,133,29974,94,12077,37,17087,2,810,57,3482,76,13626,59,17108,California
Siskiyou,2021-05-28,156,30130,60,12137,95,17182,1,811,104,3536,51,13677,105,17213,California
Siskiyou,2021-05-29,16,30146,9,12146,4,17186,3,814,5,3533,11,13688,8,17221,California
Siskiyou,2021-05-31,2,30148,1,12147,0,17186,1,815,1,3534,1,13689,2,17223,California
Siskiyou,2021-06-01,86,30234,20,12167,66,17252,0,815,29,3507,56,13745,29,17252,California
Siskiyou,2021-06-02,122,30356,33,12200,89,17341,0,815,45,3475,77,13822,45,17297,California
Siskiyou,2021-06-03,156,30512,109,12309,42,17383,5,820,40,3404,116,13938,45,17342,California
Siskiyou,2021-06-04,99,30611,76,12385,23,17406,0,820,20,3345,79,14017,20,17362,California
Siskiyou,2021-06-05,37,30648,17,12402,19,17425,1,821,15,3339,22,14039,16,17378,California
Siskiyou,2021-06-06,3,30651,2,12404,0,17425,1,822,0,3337,3,14042,1,17379,California
Siskiyou,2021-06-07,38,30689,4,12408,30,17455,4,826,26,3355,12,14054,30,17409,California
Siskiyou,2021-06-08,207,30896,92,12500,112,17567,3,829,62,3280,140,14194,65,17474,California
Siskiyou,2021-06-09,113,31009,84,12584,28,17595,1,830,31,3230,82,14276,32,17506,California
Siskiyou,2021-06-10,177,31186,145,12729,31,17626,1,831,77,3208,100,14376,78,17584,California
Siskiyou,2021-06-11,110,31296,58,12787,45,17671,7,838,22,3170,67,14443,29,17613,California
Siskiyou,2021-06-12,29,31325,6,12793,23,17694,0,838,9,3159,20,14463,9,17622,California
Siskiyou,2021-06-13,24,31349,16,12809,8,17702,0,838,2,3139,22,14485,2,17624,California
Siskiyou,2021-06-14,24,31373,4,12813,16,17718,4,842,11,3140,13,14498,14,17638,California
Siskiyou,2021-06-15,88,31461,21,12834,54,17772,13,855,33,3131,55,14553,46,17684,California
Siskiyou,2021-06-16,102,31563,23,12857,77,17849,2,857,49,3129,53,14606,51,17735,California
Siskiyou,2021-06-17,185,31748,142,12999,31,17880,12,869,39,3035,145,14751,51,17786,California
Siskiyou,2021-06-18,99,31847,64,13063,27,17907,8,877,20,2984,79,14830,28,17814,California
Siskiyou,2021-06-19,26,31873,17,13080,9,17916,0,877,12,2982,14,14844,12,17826,California
Siskiyou,2021-06-20,2,31875,1,13081,0,17916,1,878,1,2983,1,14845,2,17828,California
Siskiyou,2021-06-21,38,31913,3,13084,33,17949,2,880,27,3001,11,14856,29,17857,California
Siskiyou,2021-06-22,65,31978,24,13108,37,17986,4,884,32,3004,33,14889,36,17893,California
Siskiyou,2021-06-23,52,32030,7,13115,41,18027,4,888,11,2979,40,14929,15,17908,California
Siskiyou,2021-06-24,92,32122,52,13167,31,18058,9,897,47,2990,45,14974,56,17964,California
Siskiyou,2021-06-25,95,32217,60,13227,35,18093,0,897,64,3023,31,15005,64,18028,California
Siskiyou,2021-06-26,8,32225,3,13230,5,18098,0,897,4,3023,4,15009,4,18032,California
Siskiyou,2021-06-28,10,32235,4,13234,6,18104,0,897,5,3023,5,15014,5,18037,California
Solano,2020-12-15,4,4,4,4,0,0,0,0,4,4,0,0,4,4,California
Solano,2020-12-16,70,74,70,74,0,0,0,0,70,74,0,0,70,74,California
Solano,2020-12-17,171,245,171,245,0,0,0,0,171,245,0,0,171,245,California
Solano,2020-12-18,479,724,478,723,1,1,0,0,479,724,0,0,479,724,California
Solano,2020-12-19,521,1245,521,1244,0,1,0,0,521,1245,0,0,521,1245,California
Solano,2020-12-20,357,1602,355,1599,2,3,0,0,357,1602,0,0,357,1602,California
Solano,2020-12-21,574,2176,572,2171,2,5,0,0,574,2176,0,0,574,2176,California
Solano,2020-12-22,662,2838,629,2800,33,38,0,0,662,2838,0,0,662,2838,California
Solano,2020-12-23,865,3703,774,3574,91,129,0,0,864,3701,1,1,864,3702,California
Solano,2020-12-24,425,4128,171,3745,254,383,0,0,425,4126,0,1,425,4127,California
Solano,2020-12-25,10,4138,2,3747,8,391,0,0,10,4136,0,1,10,4137,California
Solano,2020-12-26,175,4313,48,3795,127,518,0,0,175,4311,0,1,175,4312,California
Solano,2020-12-27,106,4419,29,3824,77,595,0,0,106,4417,0,1,106,4418,California
Solano,2020-12-28,878,5297,431,4255,447,1042,0,0,878,5295,0,1,878,5296,California
Solano,2020-12-29,910,6207,376,4631,534,1576,0,0,910,6205,0,1,910,6206,California
Solano,2020-12-30,1240,7447,603,5234,637,2213,0,0,1240,7445,0,1,1240,7446,California
Solano,2020-12-31,544,7991,140,5374,404,2617,0,0,544,7989,0,1,544,7990,California
Solano,2021-01-01,14,8005,13,5387,1,2618,0,0,14,8003,0,1,14,8004,California
Solano,2021-01-02,218,8223,170,5557,48,2666,0,0,218,8221,0,1,218,8222,California
Solano,2021-01-03,57,8280,41,5598,16,2682,0,0,51,8272,0,1,51,8273,California
Solano,2021-01-04,452,8732,244,5842,208,2890,0,0,443,8713,2,3,443,8716,California
Solano,2021-01-05,735,9467,381,6223,354,3244,0,0,574,9131,156,159,574,9290,California
Solano,2021-01-06,848,10315,438,6661,410,3654,0,0,576,9437,270,429,576,9866,California
Solano,2021-01-07,1070,11385,686,7347,384,4038,0,0,592,9554,476,905,593,10459,California
Solano,2021-01-08,1152,12537,784,8131,368,4406,0,0,549,9520,585,1490,551,11010,California
Solano,2021-01-09,885,13422,762,8893,123,4529,0,0,427,9492,455,1945,427,11437,California
Solano,2021-01-10,253,13675,192,9085,61,4590,0,0,152,9543,101,2046,152,11589,California
Solano,2021-01-11,1336,15011,1123,10208,213,4803,0,0,817,9841,519,2565,817,12406,California
Solano,2021-01-12,1583,16594,1180,11388,403,5206,0,0,1027,10314,555,3120,1028,13434,California
Solano,2021-01-13,1471,18065,1007,12395,464,5670,0,0,1212,11269,257,3377,1212,14646,California
Solano,2021-01-14,1915,19980,832,13227,1083,6753,0,0,1596,12548,317,3694,1596,16242,California
Solano,2021-01-15,1726,21706,1066,14293,660,7413,0,0,1425,13672,301,3995,1425,17667,California
Solano,2021-01-16,1295,23001,906,15199,389,7802,0,0,1121,14619,174,4169,1121,18788,California
Solano,2021-01-17,1055,24056,758,15957,297,8099,0,0,1034,15633,21,4190,1035,19823,California
Solano,2021-01-18,1434,25490,858,16815,576,8675,0,0,1313,16825,121,4311,1313,21136,California
Solano,2021-01-19,1665,27155,1347,18162,318,8993,0,0,1391,17943,273,4584,1391,22527,California
Solano,2021-01-20,2056,29211,1426,19588,630,9623,0,0,1569,19028,484,5068,1569,24096,California
Solano,2021-01-21,3219,32430,1034,20622,2185,11808,0,0,2859,21529,360,5428,2861,26957,California
Solano,2021-01-22,1794,34224,857,21479,937,12745,0,0,1593,22922,201,5629,1594,28551,California
Solano,2021-01-23,747,34971,244,21723,503,13248,0,0,536,23247,212,5841,537,29088,California
Solano,2021-01-24,410,35381,64,21787,346,13594,0,0,342,23521,68,5909,342,29430,California
Solano,2021-01-25,1677,37058,632,22419,1045,14639,0,0,1117,24080,559,6468,1118,30548,California
Solano,2021-01-26,1806,38864,749,23168,1057,15696,0,0,1161,24597,645,7113,1162,31710,California
Solano,2021-01-27,1812,40676,721,23889,1091,16787,0,0,1195,25179,613,7726,1195,32905,California
Solano,2021-01-28,1978,42654,713,24602,1265,18052,0,0,1379,25961,598,8324,1380,34285,California
Solano,2021-01-29,1722,44376,780,25382,942,18994,0,0,1355,26953,363,8687,1355,35640,California
Solano,2021-01-30,936,45312,436,25818,500,19494,0,0,608,27234,328,9015,609,36249,California
Solano,2021-01-31,268,45580,176,25994,92,19586,0,0,174,27315,93,9108,174,36423,California
Solano,2021-02-01,1558,47138,1031,27025,527,20113,0,0,772,27304,783,9891,772,37195,California
Solano,2021-02-02,3382,50520,1102,28127,2280,22393,0,0,2563,29053,814,10705,2563,39758,California
Solano,2021-02-03,2280,52800,1315,29442,965,23358,0,0,1173,29122,1104,11809,1173,40931,California
Solano,2021-02-04,1812,54612,903,30345,909,24267,0,0,1080,29475,727,12536,1080,42011,California
Solano,2021-02-05,3122,57734,1424,31769,1698,25965,0,0,2109,30578,1006,13542,2109,44120,California
Solano,2021-02-06,3078,60812,1171,32940,1907,27872,0,0,2259,32022,815,14357,2259,46379,California
Solano,2021-02-07,846,61658,781,33721,65,27937,0,0,235,31647,610,14967,235,46614,California
Solano,2021-02-08,1772,63430,1243,34964,529,28466,0,0,723,31323,1047,16014,723,47337,California
Solano,2021-02-09,1958,65388,1492,36456,466,28932,0,0,700,30766,1257,17271,700,48037,California
Solano,2021-02-10,2292,67680,1508,37964,784,29716,0,0,822,30119,1469,18740,822,48859,California
Solano,2021-02-11,2543,70223,1500,39464,1043,30759,0,0,1203,29994,1328,20068,1203,50062,California
Solano,2021-02-12,4277,74500,1636,41100,2641,33400,0,0,2911,31548,1358,21426,2912,52974,California
Solano,2021-02-13,2894,77394,247,41347,2647,36047,0,0,2478,33614,412,21838,2478,55452,California
Solano,2021-02-14,732,78126,204,41551,528,36575,0,0,406,33697,324,22162,407,55859,California
Solano,2021-02-15,1278,79404,268,41819,1010,37585,0,0,655,33729,623,22785,655,56514,California
Solano,2021-02-16,2581,81985,1392,43211,1189,38774,0,0,1680,34510,900,23685,1681,58195,California
Solano,2021-02-17,3268,85253,1457,44668,1811,40585,0,0,2211,35670,1053,24738,2213,60408,California
Solano,2021-02-18,2918,88171,851,45519,2067,42652,0,0,860,34479,2051,26789,860,61268,California
Solano,2021-02-19,2490,90661,1472,46991,1018,43670,0,0,1182,34363,1300,28089,1184,62452,California
Solano,2021-02-20,2754,93415,395,47386,2359,46029,0,0,2230,36069,524,28613,2230,64682,California
Solano,2021-02-21,2332,95747,2005,49391,327,46356,0,0,2001,37744,326,28939,2001,66683,California
Solano,2021-02-22,1815,97562,1064,50455,751,47107,0,0,943,37819,869,29808,944,67627,California
Solano,2021-02-23,2957,100519,1149,51604,1808,48915,0,0,2004,38873,950,30758,2004,69631,California
Solano,2021-02-24,2540,103059,1270,52874,1270,50185,0,0,1413,39163,1124,31882,1414,71045,California
Solano,2021-02-25,2643,105702,1569,54443,1074,51259,0,0,1457,39439,1181,33063,1457,72502,California
Solano,2021-02-26,3547,109249,2274,56717,1273,52532,0,0,2099,40095,1443,34506,2099,74601,California
Solano,2021-02-27,3987,113236,1539,58256,2447,54979,1,1,3222,42563,755,35261,3223,77824,California
Solano,2021-02-28,1950,115186,1573,59829,376,55355,1,2,1618,43854,328,35589,1619,79443,California
Solano,2021-03-01,2748,117934,1222,61051,1525,56880,1,3,2072,45257,670,36259,2073,81516,California
Solano,2021-03-02,2310,120244,1407,62458,903,57783,0,3,1292,45532,1017,37276,1292,82808,California
Solano,2021-03-03,2268,122512,1276,63734,992,58775,0,3,1403,46081,855,38131,1404,84212,California
Solano,2021-03-04,4425,126937,3433,67167,990,59765,2,5,3167,48005,1248,39379,3172,87384,California
Solano,2021-03-05,4955,131892,1681,68848,3269,63034,5,10,3970,51006,974,40353,3975,91359,California
Solano,2021-03-06,3863,135755,836,69684,2988,66022,39,49,2647,52487,1205,41558,2686,94045,California
Solano,2021-03-07,3577,139332,762,70446,2806,68828,9,58,1952,52837,1612,43170,1962,96007,California
Solano,2021-03-08,2157,141489,1353,71799,535,69363,269,327,1620,54195,529,43699,1887,97894,California
Solano,2021-03-09,3244,144733,1576,73375,1613,70976,55,382,2334,55672,908,44607,2385,100279,California
Solano,2021-03-10,2431,147164,1762,75137,583,71559,86,468,1276,55882,1150,45757,1360,101639,California
Solano,2021-03-11,6046,153210,1765,76902,4027,75586,254,722,4986,60068,1055,46812,5241,106880,California
Solano,2021-03-12,6053,159263,1581,78483,4293,79879,179,901,3169,60540,2875,49687,3347,110227,California
Solano,2021-03-13,4613,163876,807,79290,3721,83600,85,986,2236,60494,2370,52057,2324,112551,California
Solano,2021-03-14,4022,167898,3137,82427,430,84030,455,1441,1556,60041,2461,54518,2008,114559,California
Solano,2021-03-15,4035,171933,2462,84889,1245,85275,328,1769,2518,61378,1508,56026,2845,117404,California
Solano,2021-03-16,3100,175033,1325,86214,1540,86815,235,2004,1569,61655,1526,57552,1803,119207,California
Solano,2021-03-17,6514,181547,1685,87899,4734,91549,95,2099,4949,65138,1561,59113,5044,124251,California
Solano,2021-03-18,5220,186767,1856,89755,3326,94875,38,2137,3749,67463,1463,60576,3788,128039,California
Solano,2021-03-19,3591,190358,2654,92409,862,95737,75,2212,1635,67228,1946,62522,1711,129750,California
Solano,2021-03-20,5589,195947,1681,94090,3853,99590,55,2267,2631,66968,2946,65468,2686,132436,California
Solano,2021-03-21,1697,197644,1589,95679,83,99673,25,2292,377,66053,1315,66783,400,132836,California
Solano,2021-03-22,2706,200350,2053,97732,602,100275,51,2343,1572,66545,1128,67911,1620,134456,California
Solano,2021-03-23,3559,203909,1681,99413,1834,102109,44,2387,1396,65827,2157,70068,1439,135895,California
Solano,2021-03-24,2842,206751,1775,101188,1032,103141,35,2422,1361,65747,1474,71542,1394,137289,California
Solano,2021-03-25,4891,211642,4004,105192,852,103993,35,2457,2275,65446,2611,74153,2310,139599,California
Solano,2021-03-26,3246,214888,2107,107299,1102,105095,37,2494,1742,65731,1494,75647,1779,141378,California
Solano,2021-03-27,4223,219111,1163,108462,3020,108115,40,2534,1661,64875,2555,78202,1699,143077,California
Solano,2021-03-28,1423,220534,1111,109573,294,108409,18,2552,539,64552,880,79082,557,143634,California
Solano,2021-03-29,3541,224075,2047,111620,1478,109887,16,2568,1548,64138,1979,81061,1565,145199,California
Solano,2021-03-30,3054,227129,2022,113642,940,110827,92,2660,1903,64982,1150,82211,1994,147193,California
Solano,2021-03-31,3155,230284,2147,115789,847,111674,161,2821,1846,65679,1306,83517,2003,149196,California
Solano,2021-04-01,5575,235859,2113,117902,3309,114983,153,2974,3517,67305,2045,85562,3671,152867,California
Solano,2021-04-02,6631,242490,2236,120138,4226,119209,169,3143,2552,65961,4063,89625,2719,155586,California
Solano,2021-04-03,1531,244021,970,121108,408,119617,153,3296,568,65720,961,90586,720,156306,California
Solano,2021-04-04,782,244803,288,121396,194,119811,300,3596,242,65726,536,91122,542,156848,California
Solano,2021-04-05,3015,247818,2062,123458,745,120556,208,3804,1518,65955,1495,92617,1724,158572,California
Solano,2021-04-06,6067,253885,1641,125099,3938,124494,488,4292,1640,63663,4418,97035,2126,160698,California
Solano,2021-04-07,5988,259873,4640,129739,946,125440,402,4694,3403,64901,2565,99600,3803,164501,California
Solano,2021-04-08,6502,266375,1802,131541,3827,129267,873,5567,1810,62913,4662,104262,2674,167175,California
Solano,2021-04-09,6322,272697,1665,133206,3806,133073,851,6418,1526,60514,4770,109032,2371,169546,California
Solano,2021-04-10,1755,274452,966,134172,452,133525,337,6755,810,60716,943,109975,1145,170691,California
Solano,2021-04-11,1240,275692,773,134945,335,133860,132,6887,641,60893,596,110571,773,171464,California
Solano,2021-04-12,3299,278991,1702,136647,1233,135093,364,7251,1352,60665,1941,112512,1713,173177,California
Solano,2021-04-13,2573,281564,1115,137762,1457,136550,1,7252,1339,60775,1230,113742,1340,174517,California
Solano,2021-04-14,6546,288110,1968,139730,4578,141128,0,7252,1854,57947,4683,118425,1855,176372,California
Solano,2021-04-15,5740,293850,2170,141900,3569,144697,1,7253,1745,55712,3981,122406,1746,178118,California
Solano,2021-04-16,3712,297562,2599,144499,1111,145808,2,7255,2300,56610,1404,123810,2302,180420,California
Solano,2021-04-17,3294,300856,1074,145573,2220,148028,0,7255,1127,55584,2155,125965,1129,181549,California
Solano,2021-04-18,1053,301909,657,146230,396,148424,0,7255,547,55626,505,126470,547,182096,California
Solano,2021-04-19,2158,304067,1172,147402,986,149410,0,7255,1169,55815,982,127452,1171,183267,California
Solano,2021-04-20,3074,307141,1883,149285,1191,150601,0,7255,1700,56147,1368,128820,1700,184967,California
Solano,2021-04-21,3894,311035,2409,151694,1485,152086,0,7255,2041,56344,1844,130664,2041,187008,California
Solano,2021-04-22,3046,314081,1526,153220,1520,153606,0,7255,1806,56914,1236,131900,1806,188814,California
Solano,2021-04-23,4218,318299,2141,155361,2077,155683,0,7255,2538,57779,1675,133575,2540,191354,California
Solano,2021-04-24,3894,322193,2346,157707,1546,157229,2,7257,2586,59145,1222,134797,2588,193942,California
Solano,2021-04-25,1431,323624,1116,158823,315,157544,0,7257,1131,59983,293,135090,1131,195073,California
Solano,2021-04-26,2616,326240,1702,160525,910,158454,4,7261,1446,60277,1157,136247,1451,196524,California
Solano,2021-04-27,2603,328843,1309,161834,1264,159718,30,7291,1475,60666,1117,137364,1506,198030,California
Solano,2021-04-28,6076,334919,5023,166857,1007,160725,46,7337,3801,62253,2260,139624,3847,201877,California
Solano,2021-04-29,4573,339492,1474,168331,3064,163789,35,7372,2065,61855,2498,142122,2100,203977,California
Solano,2021-04-30,4163,343655,2223,170554,1800,165589,140,7512,1937,61721,2211,144333,2077,206054,California
Solano,2021-05-01,2187,345842,1685,172239,302,165891,200,7712,1299,62338,882,145215,1499,207553,California
Solano,2021-05-02,1200,347042,941,173180,234,166125,25,7737,661,62490,534,145749,686,208239,California
Solano,2021-05-03,1467,348509,1019,174199,361,166486,87,7824,604,62322,860,146609,692,208931,California
Solano,2021-05-04,1826,350335,1071,175270,689,167175,66,7890,822,62208,1002,147611,888,209819,California
Solano,2021-05-05,2288,352623,1443,176713,732,167907,113,8003,1103,62241,1181,148792,1214,211033,California
Solano,2021-05-06,1995,354618,1195,177908,591,168498,209,8212,726,61911,1257,150049,927,211960,California
Solano,2021-05-07,2834,357452,1975,179883,739,169237,120,8332,983,61169,1843,151892,1101,213061,California
Solano,2021-05-08,1481,358933,938,180821,427,169664,116,8448,571,60950,906,152798,687,213748,California
Solano,2021-05-09,453,359386,276,181097,166,169830,11,8459,176,60864,274,153072,188,213936,California
Solano,2021-05-10,1369,360755,644,181741,618,170448,107,8566,388,60382,976,154048,494,214430,California
Solano,2021-05-11,2340,363095,1209,182950,1042,171490,89,8655,681,59498,1654,155702,770,215200,California
Solano,2021-05-12,2192,365287,1267,184217,750,172240,175,8830,728,58950,1449,157151,901,216101,California
Solano,2021-05-13,3077,368364,2120,186337,745,172985,212,9042,1628,59345,1445,158596,1840,217941,California
Solano,2021-05-14,2496,370860,1703,188040,671,173656,122,9164,1055,59089,1433,160029,1177,219118,California
Solano,2021-05-15,3414,374274,2763,190803,566,174222,85,9249,1301,58373,2101,162130,1385,220503,California
Solano,2021-05-16,1539,375813,1141,191944,365,174587,33,9282,276,57422,1259,163389,308,220811,California
Solano,2021-05-17,2459,378272,1413,193357,959,175546,87,9369,865,56796,1574,164963,948,221759,California
Solano,2021-05-18,2938,381210,1633,194990,1216,176762,89,9458,1460,56880,1465,166428,1549,223308,California
Solano,2021-05-19,5694,386904,4133,199123,1429,178191,132,9590,2170,55668,3514,169942,2302,225610,California
Solano,2021-05-20,2620,389524,1582,200705,975,179166,63,9653,943,55006,1668,171610,1006,226616,California
Solano,2021-05-21,3556,393080,1869,202574,1618,180784,69,9722,1366,54260,2181,173791,1435,228051,California
Solano,2021-05-22,2738,395818,2109,204683,535,181319,94,9816,1151,53924,1580,175371,1244,229295,California
Solano,2021-05-23,1411,397229,1165,205848,221,181540,25,9841,756,54053,652,176023,781,230076,California
Solano,2021-05-24,1889,399118,1095,206943,721,182261,73,9914,640,53523,1242,177265,712,230788,California
Solano,2021-05-25,1619,400737,820,207763,741,183002,58,9972,579,53127,1032,178297,636,231424,California
Solano,2021-05-26,1895,402632,1088,208851,750,183752,57,10029,707,52709,1183,179480,765,232189,California
Solano,2021-05-27,2130,404762,942,209793,1113,184865,75,10104,875,52414,1244,180724,949,233138,California
Solano,2021-05-28,2018,406780,1024,210817,938,185803,56,10160,759,51979,1251,181975,816,233954,California
Solano,2021-05-29,655,407435,324,211141,300,186103,31,10191,302,51961,350,182325,332,234286,California
Solano,2021-05-30,324,407759,155,211296,144,186247,25,10216,115,51895,206,182531,140,234426,California
Solano,2021-05-31,130,407889,20,211316,101,186348,9,10225,26,51826,104,182635,35,234461,California
Solano,2021-06-01,1829,409718,1174,212490,576,186924,79,10304,722,51526,1102,183737,802,235263,California
Solano,2021-06-02,1826,411544,1287,213777,473,187397,66,10370,925,51620,894,184631,988,236251,California
Solano,2021-06-03,2190,413734,1730,215507,377,187774,83,10453,703,50926,1481,186112,787,237038,California
Solano,2021-06-04,1652,415386,1146,216653,440,188214,66,10519,503,50350,1145,187257,569,237607,California
Solano,2021-06-05,1421,416807,1027,217680,343,188557,51,10570,470,49926,945,188202,521,238128,California
Solano,2021-06-06,671,417478,552,218232,86,188643,33,10603,361,50011,309,188511,394,238522,California
Solano,2021-06-07,1242,418720,949,219181,230,188873,63,10666,410,49656,828,189339,473,238995,California
Solano,2021-06-08,1831,420551,1322,220503,475,189348,34,10700,485,48834,1341,190680,519,239514,California
Solano,2021-06-09,2101,422652,1788,222291,251,189599,62,10762,665,48130,1430,192110,726,240240,California
Solano,2021-06-10,1219,423871,848,223139,305,189904,66,10828,390,47765,821,192931,456,240696,California
Solano,2021-06-11,1599,425470,1271,224410,262,190166,66,10894,588,47412,1006,193937,653,241349,California
Solano,2021-06-12,1199,426669,921,225331,217,190383,61,10955,206,46693,986,194923,267,241616,California
Solano,2021-06-13,607,427276,517,225848,81,190464,9,10964,109,46313,498,195421,118,241734,California
Solano,2021-06-14,1313,428589,930,226778,349,190813,34,10998,275,45590,1030,196451,307,242041,California
Solano,2021-06-15,1465,430054,930,227708,484,191297,51,11049,607,45397,851,197302,658,242699,California
Solano,2021-06-16,1159,431213,769,228477,321,191618,69,11118,394,45099,760,198062,462,243161,California
Solano,2021-06-17,1218,432431,930,229407,219,191837,69,11187,432,44831,768,198830,500,243661,California
Solano,2021-06-18,1179,433610,875,230282,237,192074,67,11254,441,44606,733,199563,508,244169,California
Solano,2021-06-19,427,434037,300,230582,100,192174,27,11281,162,44534,261,199824,189,244358,California
Solano,2021-06-20,183,434220,140,230722,36,192210,7,11288,85,44528,98,199922,92,244450,California
Solano,2021-06-21,631,434851,406,231128,162,192372,63,11351,395,44751,235,200157,458,244908,California
Solano,2021-06-22,1148,435999,867,231995,236,192608,45,11396,421,44494,723,200880,466,245374,California
Solano,2021-06-23,1336,437335,1091,233086,174,192782,71,11467,455,44143,876,201756,525,245899,California
Solano,2021-06-24,901,438236,684,233770,151,192933,66,11533,386,44082,512,202268,451,246350,California
Solano,2021-06-25,1012,439248,701,234471,243,193176,68,11601,457,44068,539,202807,525,246875,California
Solano,2021-06-26,561,439809,430,234901,94,193270,37,11638,222,43989,337,203144,258,247133,California
Solano,2021-06-27,438,440247,383,235284,53,193323,2,11640,155,43864,282,203426,157,247290,California
Solano,2021-06-28,845,441092,690,235974,123,193446,32,11672,321,43698,519,203945,353,247643,California
Sonoma,2020-12-15,4,4,4,4,0,0,0,0,4,4,0,0,4,4,California
Sonoma,2020-12-16,27,31,27,31,0,0,0,0,27,31,0,0,27,31,California
Sonoma,2020-12-17,111,142,111,142,0,0,0,0,111,142,0,0,111,142,California
Sonoma,2020-12-18,436,578,436,578,0,0,0,0,436,578,0,0,436,578,California
Sonoma,2020-12-19,112,690,111,689,1,1,0,0,112,690,0,0,112,690,California
Sonoma,2020-12-20,176,866,176,865,0,1,0,0,176,866,0,0,176,866,California
Sonoma,2020-12-21,911,1777,909,1774,2,3,0,0,910,1776,0,0,910,1776,California
Sonoma,2020-12-22,1356,3133,1265,3039,91,94,0,0,1356,3132,0,0,1356,3132,California
Sonoma,2020-12-23,1606,4739,1229,4268,377,471,0,0,1607,4739,0,0,1607,4739,California
Sonoma,2020-12-24,307,5046,102,4370,205,676,0,0,307,5046,0,0,307,5046,California
Sonoma,2020-12-25,8,5054,2,4372,6,682,0,0,8,5054,0,0,8,5054,California
Sonoma,2020-12-26,268,5322,257,4629,11,693,0,0,268,5322,0,0,268,5322,California
Sonoma,2020-12-27,94,5416,80,4709,14,707,0,0,94,5416,0,0,94,5416,California
Sonoma,2020-12-28,981,6397,547,5256,434,1141,0,0,954,6370,0,0,954,6370,California
Sonoma,2020-12-29,1136,7533,781,6037,355,1496,0,0,1102,7472,0,0,1102,7472,California
Sonoma,2020-12-30,1097,8630,482,6519,615,2111,0,0,1089,8561,0,0,1089,8561,California
Sonoma,2020-12-31,518,9148,69,6588,449,2560,0,0,519,9080,0,0,519,9080,California
Sonoma,2021-01-01,180,9328,85,6673,95,2655,0,0,180,9260,0,0,180,9260,California
Sonoma,2021-01-02,139,9467,130,6803,9,2664,0,0,139,9399,0,0,139,9399,California
Sonoma,2021-01-03,26,9493,10,6813,16,2680,0,0,26,9425,0,0,26,9425,California
Sonoma,2021-01-04,345,9838,108,6921,237,2917,0,0,344,9769,0,0,344,9769,California
Sonoma,2021-01-05,436,10274,102,7023,334,3251,0,0,410,10163,16,16,410,10179,California
Sonoma,2021-01-06,951,11225,432,7455,519,3770,0,0,836,10890,109,125,836,11015,California
Sonoma,2021-01-07,1034,12259,536,7991,498,4268,0,0,859,11575,174,299,859,11874,California
Sonoma,2021-01-08,1796,14055,1233,9224,563,4831,0,0,1312,12405,482,781,1312,13186,California
Sonoma,2021-01-09,642,14697,402,9626,240,5071,0,0,594,12951,48,829,594,13780,California
Sonoma,2021-01-10,471,15168,460,10086,11,5082,0,0,277,13034,194,1023,277,14057,California
Sonoma,2021-01-11,1389,16557,1241,11327,148,5230,0,0,415,12480,969,1992,415,14472,California
Sonoma,2021-01-12,1551,18108,1294,12621,257,5487,0,0,401,11733,1148,3140,401,14873,California
Sonoma,2021-01-13,2053,20161,1370,13991,683,6170,0,0,1186,12056,864,4004,1187,16060,California
Sonoma,2021-01-14,1545,21706,810,14801,735,6905,0,0,1314,13139,231,4235,1314,17374,California
Sonoma,2021-01-15,1564,23270,633,15434,931,7836,0,0,1340,14267,214,4449,1342,18716,California
Sonoma,2021-01-16,1153,24423,618,16052,535,8371,0,0,906,14930,243,4692,906,19622,California
Sonoma,2021-01-17,680,25103,557,16609,123,8494,0,0,600,15450,80,4772,600,20222,California
Sonoma,2021-01-18,1111,26214,940,17549,171,8665,0,0,621,15582,490,5262,622,20844,California
Sonoma,2021-01-19,2104,28318,1005,18554,1099,9764,0,0,1389,16259,713,5975,1390,22234,California
Sonoma,2021-01-20,2191,30509,714,19268,1477,11241,0,0,1519,17117,662,6637,1520,23754,California
Sonoma,2021-01-21,2318,32827,675,19943,1643,12884,0,0,2089,18980,227,6864,2090,25844,California
Sonoma,2021-01-22,2773,35600,1059,21002,1714,14598,0,0,2622,21452,150,7014,2622,28466,California
Sonoma,2021-01-23,771,36371,596,21598,175,14773,0,0,660,22002,110,7124,660,29126,California
Sonoma,2021-01-24,850,37221,714,22312,136,14909,0,0,831,22814,19,7143,831,29957,California
Sonoma,2021-01-25,2186,39407,523,22835,1663,16572,0,0,1694,24016,492,7635,1694,31651,California
Sonoma,2021-01-26,2063,41470,310,23145,1753,18325,0,0,1596,25146,466,8101,1596,33247,California
Sonoma,2021-01-27,3750,45220,1283,24428,2467,20792,0,0,3166,27733,581,8682,3168,36415,California
Sonoma,2021-01-28,4138,49358,1843,26271,2295,23087,0,0,3455,30510,680,9362,3457,39872,California
Sonoma,2021-01-29,3019,52377,1421,27692,1598,24685,0,0,2170,31835,847,10209,2172,42044,California
Sonoma,2021-01-30,2602,54979,2405,30097,197,24882,0,0,2252,33740,348,10557,2253,44297,California
Sonoma,2021-01-31,801,55780,686,30783,115,24997,0,0,569,34078,231,10788,569,44866,California
Sonoma,2021-02-01,2503,58283,862,31645,1641,26638,0,0,2112,35803,387,11175,2112,46978,California
Sonoma,2021-02-02,3613,61896,1401,33046,2212,28850,0,0,3025,38243,585,11760,3025,50003,California
Sonoma,2021-02-03,4073,65969,1334,34380,2739,31589,0,0,3124,40422,945,12705,3124,53127,California
Sonoma,2021-02-04,4251,70220,1745,36125,2506,34095,0,0,3449,43072,800,13505,3450,56577,California
Sonoma,2021-02-05,4860,75080,1761,37886,3099,37194,0,0,3804,45826,1051,14556,3805,60382,California
Sonoma,2021-02-06,2670,77750,2301,40187,369,37563,0,0,2129,47415,540,15096,2129,62511,California
Sonoma,2021-02-07,1553,79303,1415,41602,138,37701,0,0,1292,48446,261,15357,1292,63803,California
Sonoma,2021-02-08,3286,82589,1042,42644,2244,39945,0,0,2685,50533,598,15955,2685,66488,California
Sonoma,2021-02-09,3597,86186,1714,44358,1883,41828,0,0,3112,53163,483,16438,3113,69601,California
Sonoma,2021-02-10,4597,90783,2511,46869,2086,43914,0,0,3572,55717,1019,17457,3573,73174,California
Sonoma,2021-02-11,5638,96421,3044,49913,2594,46508,0,0,4359,58802,1274,18731,4359,77533,California
Sonoma,2021-02-12,5974,102395,3287,53200,2687,49195,0,0,4514,61868,1452,20183,4518,82051,California
Sonoma,2021-02-13,2017,104412,1163,54363,854,50049,0,0,1210,62274,804,20987,1210,83261,California
Sonoma,2021-02-14,2333,106745,1828,56191,505,50554,0,0,1583,63111,746,21733,1583,84844,California
Sonoma,2021-02-15,2150,108895,792,56983,1358,51912,0,0,1605,64171,545,22278,1605,86449,California
Sonoma,2021-02-16,4991,113886,2130,59113,2861,54773,0,0,3712,66610,1275,23553,3714,90163,California
Sonoma,2021-02-17,5658,119544,2943,62056,2715,57488,0,0,3577,68120,2069,25622,3579,93742,California
Sonoma,2021-02-18,7007,126551,3167,65223,3840,61328,0,0,4022,69182,2962,28584,4024,97766,California
Sonoma,2021-02-19,5638,132189,1717,66940,3921,65249,0,0,3488,70533,2139,30723,3490,101256,California
Sonoma,2021-02-20,3156,135345,2856,69796,300,65549,0,0,1229,69846,1916,32639,1229,102485,California
Sonoma,2021-02-21,551,135896,437,70233,114,65663,0,0,148,69598,396,33035,148,102633,California
Sonoma,2021-02-22,2972,138868,1406,71639,1566,67229,0,0,1230,69097,1731,34766,1230,103863,California
Sonoma,2021-02-23,3463,142331,2129,73768,1334,68563,0,0,1625,68891,1831,36597,1625,105488,California
Sonoma,2021-02-24,5727,148058,2575,76343,3152,71715,0,0,2932,69038,2786,39383,2933,108421,California
Sonoma,2021-02-25,6018,154076,2359,78702,3659,75374,0,0,3227,69498,2767,42150,3227,111648,California
Sonoma,2021-02-26,6648,160724,2933,81635,3715,79089,0,0,4217,71294,2421,44571,4217,115865,California
Sonoma,2021-02-27,4234,164958,1963,83598,2271,81360,0,0,2842,72747,1389,45960,2842,118707,California
Sonoma,2021-02-28,2505,167463,1853,85451,651,82011,1,1,761,71775,1734,47694,762,119469,California
Sonoma,2021-03-01,4140,171603,1323,86774,2816,84827,1,2,2167,71988,1956,49650,2169,121638,California
Sonoma,2021-03-02,4424,176027,1527,88301,2895,87722,2,4,2553,72683,1860,51510,2555,124193,California
Sonoma,2021-03-03,5094,181121,2646,90947,2448,90170,0,4,2340,72283,2740,54250,2340,126533,California
Sonoma,2021-03-04,5983,187104,2690,93637,3293,93463,0,4,2592,71499,3376,57626,2592,129125,California
Sonoma,2021-03-05,6512,193616,2872,96509,3625,97088,15,19,2747,70517,3745,61371,2763,131888,California
Sonoma,2021-03-06,2809,196425,1231,97740,1441,98529,137,156,1929,71711,871,62242,2065,133953,California
Sonoma,2021-03-07,1737,198162,1401,99141,300,98829,36,192,402,70817,1332,63574,438,134391,California
Sonoma,2021-03-08,4088,202250,666,99807,3247,102076,175,367,2391,71698,1683,65257,2564,136955,California
Sonoma,2021-03-09,5624,207874,3099,102906,2257,104333,268,635,2713,71767,2899,68156,2968,139923,California
Sonoma,2021-03-10,6057,213931,3220,106126,2487,106820,350,985,2440,70957,3598,71754,2788,142711,California
Sonoma,2021-03-11,7571,221502,3031,109157,3716,110536,824,1809,2564,69351,4991,76745,3385,146096,California
Sonoma,2021-03-12,7435,228937,2272,111429,3799,114335,1364,3173,2065,67431,5344,82089,3424,149520,California
Sonoma,2021-03-13,3458,232395,1712,113141,1507,115842,239,3412,2018,68248,1435,83524,2252,151772,California
Sonoma,2021-03-14,1403,233798,391,113532,869,116711,143,3555,852,68695,548,84072,995,152767,California
Sonoma,2021-03-15,5263,239061,1522,115054,3354,120065,387,3942,2181,68201,3060,87132,2566,155333,California
Sonoma,2021-03-16,6334,245395,2273,117327,3831,123896,230,4172,2909,67920,3418,90550,3137,158470,California
Sonoma,2021-03-17,6807,252202,3549,120876,3079,126975,179,4351,3295,67898,3494,94044,3472,161942,California
Sonoma,2021-03-18,7165,259367,2955,123831,3594,130569,616,4967,3127,67612,4024,98068,3738,165680,California
Sonoma,2021-03-19,7534,266901,3264,127095,4039,134608,231,5198,3060,66463,4444,102512,3295,168975,California
Sonoma,2021-03-20,3733,270634,1761,128856,1148,135756,824,6022,2021,67600,1703,104215,2840,171815,California
Sonoma,2021-03-21,1401,272035,614,129470,752,136508,35,6057,1212,68664,183,104398,1247,173062,California
Sonoma,2021-03-22,4582,276617,3119,132589,1363,137871,100,6157,3334,70856,1242,105640,3434,176496,California
Sonoma,2021-03-23,5878,282495,3641,136230,2163,140034,74,6231,4428,73920,1439,107079,4503,180999,California
Sonoma,2021-03-24,6843,289338,4284,140514,2484,142518,75,6306,4164,75500,2657,109736,4237,185236,California
Sonoma,2021-03-25,7144,296482,4205,144719,2827,145345,112,6418,4293,77084,2823,112559,4407,189643,California
Sonoma,2021-03-26,7478,303960,3477,148196,3905,149250,96,6514,3816,77360,3635,116194,3911,193554,California
Sonoma,2021-03-27,3873,307833,1518,149714,1993,151243,362,6876,999,75858,2860,119054,1358,194912,California
Sonoma,2021-03-28,1517,309350,952,150666,537,151780,28,6904,799,75969,714,119768,825,195737,California
Sonoma,2021-03-29,2987,312337,1110,151776,1844,153624,33,6937,1546,76116,1432,121200,1579,197316,California
Sonoma,2021-03-30,5917,318254,3232,155008,2622,156246,63,7000,3099,76469,2809,124009,3162,200478,California
Sonoma,2021-03-31,5743,323997,3418,158426,2108,158354,217,7217,3339,77637,2388,126397,3556,204034,California
Sonoma,2021-04-01,6968,330965,4077,162503,2546,160900,345,7562,3783,78597,3158,129555,4118,208152,California
Sonoma,2021-04-02,5977,336942,3579,166082,2288,163188,110,7672,3580,79901,2385,131940,3689,211841,California
Sonoma,2021-04-03,3664,340606,1825,167907,1611,164799,228,7900,1601,79679,2047,133987,1825,213666,California
Sonoma,2021-04-04,1068,341674,694,168601,283,165082,91,7991,648,80003,415,134402,739,214405,California
Sonoma,2021-04-05,4451,346125,664,169265,3440,168522,347,8338,1674,79255,2769,137171,2021,216426,California
Sonoma,2021-04-06,6937,353062,3513,172778,3013,171535,411,8749,4029,80801,2892,140063,4438,220864,California
Sonoma,2021-04-07,6867,359929,3880,176658,2139,173674,848,9597,3345,81482,3504,143567,4185,225049,California
Sonoma,2021-04-08,7683,367612,4153,180811,2752,176426,778,10375,4203,82991,3467,147034,4976,230025,California
Sonoma,2021-04-09,6872,374484,3835,184646,2145,178571,892,11267,3532,84082,3326,150360,4417,234442,California
Sonoma,2021-04-10,3925,378409,1709,186355,1653,180224,563,11830,1155,83036,2757,153117,1711,236153,California
Sonoma,2021-04-11,1292,379701,613,186968,597,180821,82,11912,440,82708,850,153967,522,236675,California
Sonoma,2021-04-12,4973,384674,2069,189037,2417,183238,487,12399,1852,81935,3105,157072,2332,239007,California
Sonoma,2021-04-13,7950,392624,4681,193718,3265,186503,4,12403,3055,80112,4881,161953,3058,242065,California
Sonoma,2021-04-14,6708,399332,3789,197507,2898,189401,21,12424,2582,78601,4112,166065,2601,244666,California
Sonoma,2021-04-15,7553,406885,4287,201794,3266,192667,0,12424,3673,78412,3863,169928,3674,248340,California
Sonoma,2021-04-16,6936,413821,3465,205259,3469,196136,2,12426,3919,79328,3006,172934,3922,252262,California
Sonoma,2021-04-17,3546,417367,1834,207093,1712,197848,0,12426,1696,79193,1832,174766,1697,253959,California
Sonoma,2021-04-18,1411,418778,1010,208103,401,198249,0,12426,541,78865,869,175635,541,254500,California
Sonoma,2021-04-19,3444,422222,1893,209996,1550,199799,1,12427,1530,78489,1907,177542,1531,256031,California
Sonoma,2021-04-20,6405,428627,3539,213535,2865,202664,1,12428,2389,76879,4002,181544,2392,258423,California
Sonoma,2021-04-21,6843,435470,4354,217889,2487,205151,2,12430,3138,76335,3683,185227,3139,261562,California
Sonoma,2021-04-22,6481,441951,4526,222415,1954,207105,1,12431,2634,75141,3828,189055,2634,264196,California
Sonoma,2021-04-23,7569,449520,4671,227086,2891,209996,7,12438,3694,74982,3861,192916,3702,267898,California
Sonoma,2021-04-24,2786,452306,1515,228601,1257,211253,14,12452,1548,75311,1233,194149,1562,269460,California
Sonoma,2021-04-25,1086,453392,789,229390,297,211550,0,12452,431,75090,652,194801,431,269891,California
Sonoma,2021-04-26,3000,456392,1434,230824,1538,213088,28,12480,1633,75393,1358,196159,1661,271552,California
Sonoma,2021-04-27,5531,461923,3736,234560,1671,214759,124,12604,2247,74491,3272,199431,2370,273922,California
Sonoma,2021-04-28,4937,466860,3237,237797,1500,216259,200,12804,2031,73831,2886,202317,2226,276148,California
Sonoma,2021-04-29,5110,471970,3598,241395,1369,217628,143,12947,1917,72711,3180,205497,2060,278208,California
Sonoma,2021-04-30,5563,477533,3633,245028,1634,219262,296,13243,1831,71122,3715,209212,2126,280334,California
Sonoma,2021-05-01,2515,480048,1785,246813,624,219886,106,13349,1247,71212,1258,210470,1348,281682,California
Sonoma,2021-05-02,871,480919,650,247463,170,220056,51,13400,554,71501,317,210787,606,282288,California
Sonoma,2021-05-03,3252,484171,1682,249145,1425,221481,145,13545,1071,70547,2168,212955,1214,283502,California
Sonoma,2021-05-04,4611,488782,2412,251557,2021,223502,178,13723,1466,69063,3122,216077,1638,285140,California
Sonoma,2021-05-05,3715,492497,2189,253746,1332,224834,194,13917,1325,68206,2374,218451,1517,286657,California
Sonoma,2021-05-06,4596,497093,2423,256169,2046,226880,127,14044,1311,66418,3223,221674,1435,288092,California
Sonoma,2021-05-07,3644,500737,2328,258497,1193,228073,123,14167,1100,65110,2531,224205,1223,289315,California
Sonoma,2021-05-08,1925,502662,1293,259790,540,228613,92,14259,681,64652,1231,225436,773,290088,California
Sonoma,2021-05-09,499,503161,285,260075,173,228786,41,14300,158,64515,336,225772,199,290287,California
Sonoma,2021-05-10,2363,505524,1040,261115,1190,229976,133,14433,297,62894,2048,227820,427,290714,California
Sonoma,2021-05-11,3602,509126,1940,263055,1539,231515,123,14556,882,61197,2702,230522,1005,291719,California
Sonoma,2021-05-12,4079,513205,2499,265554,1428,232943,152,14708,852,58985,3215,233737,1003,292722,California
Sonoma,2021-05-13,4964,518169,2837,268391,1997,234940,130,14838,1658,57478,3293,237030,1786,294508,California
Sonoma,2021-05-14,5850,524019,3609,272000,2104,237044,137,14975,2217,56215,3618,240648,2355,296863,California
Sonoma,2021-05-15,2989,527008,2200,274200,726,237770,63,15038,1873,57043,1108,241756,1936,298799,California
Sonoma,2021-05-16,1352,528360,1134,275334,159,237929,59,15097,997,57749,350,242106,1056,299855,California
Sonoma,2021-05-17,2442,530802,1815,277149,532,238461,95,15192,887,57179,1550,243656,980,300835,California
Sonoma,2021-05-18,4333,535135,2858,280007,1366,239827,109,15301,1462,55897,2852,246508,1570,302405,California
Sonoma,2021-05-19,3872,539007,2417,282424,1340,241167,115,15416,1479,55114,2377,248885,1594,303999,California
Sonoma,2021-05-20,3424,542431,2244,284668,1086,242253,94,15510,1331,54453,2080,250965,1419,305418,California
Sonoma,2021-05-21,4260,546691,2394,287062,1737,243990,129,15639,1505,53340,2732,253697,1619,307037,California
Sonoma,2021-05-22,2339,549030,1282,288344,1017,245007,40,15679,665,52383,1662,255359,705,307742,California
Sonoma,2021-05-23,1500,550530,1219,289563,263,245270,18,15697,773,52453,721,256080,791,308533,California
Sonoma,2021-05-24,2017,552547,1256,290819,629,245899,132,15829,662,51920,1327,257407,794,309327,California
Sonoma,2021-05-25,2941,555488,1798,292617,1055,246954,88,15917,740,50559,2187,259594,826,310153,California
Sonoma,2021-05-26,2483,557971,1729,294346,643,247597,111,16028,996,50191,1472,261066,1104,311257,California
Sonoma,2021-05-27,2080,560051,1139,295485,844,248441,97,16125,688,49591,1383,262449,783,312040,California
Sonoma,2021-05-28,2184,562235,1127,296612,964,249405,93,16218,622,48755,1551,264000,715,312755,California
Sonoma,2021-05-29,1348,563583,920,297532,360,249765,68,16286,641,48767,697,264697,709,313464,California
Sonoma,2021-05-30,345,563928,212,297744,122,249887,11,16297,137,48712,202,264899,147,313611,California
Sonoma,2021-05-31,70,563998,26,297770,43,249930,1,16298,17,48677,53,264952,18,313629,California
Sonoma,2021-06-01,1937,565935,1109,298879,752,250682,76,16374,697,48219,1227,266179,769,314398,California
Sonoma,2021-06-02,1582,567517,970,299849,496,251178,116,16490,654,48065,923,267102,769,315167,California
Sonoma,2021-06-03,2004,569521,1381,301230,544,251722,79,16569,440,47028,1555,268657,518,315685,California
Sonoma,2021-06-04,2711,572232,2208,303438,396,252118,107,16676,516,45465,2185,270842,622,316307,California
Sonoma,2021-06-05,1818,574050,1492,304930,295,252413,31,16707,275,44234,1537,272379,306,316613,California
Sonoma,2021-06-06,1011,575061,935,305865,67,252480,9,16716,142,43519,866,273245,151,316764,California
Sonoma,2021-06-07,1478,576539,1237,307102,186,252666,55,16771,328,42757,1142,274387,380,317144,California
Sonoma,2021-06-08,1894,578433,1522,308624,326,252992,46,16817,534,41987,1348,275735,578,317722,California
Sonoma,2021-06-09,1644,580077,1356,309980,226,253218,62,16879,386,41191,1244,276979,448,318170,California
Sonoma,2021-06-10,1834,581911,1507,311487,223,253441,104,16983,557,40586,1264,278243,659,318829,California
Sonoma,2021-06-11,1994,583905,1631,313118,272,253713,91,17074,540,39770,1447,279690,631,319460,California
Sonoma,2021-06-12,1127,585032,890,314008,191,253904,46,17120,352,39401,768,280458,399,319859,California
Sonoma,2021-06-13,555,585587,466,314474,70,253974,19,17139,106,39077,448,280906,124,319983,California
Sonoma,2021-06-14,950,586537,678,315152,212,254186,60,17199,344,38882,598,281504,403,320386,California
Sonoma,2021-06-15,1850,588387,1380,316532,361,254547,109,17308,609,38367,1232,282736,717,321103,California
Sonoma,2021-06-16,1571,589958,1209,317741,261,254808,101,17409,501,37904,1063,283799,600,321703,California
Sonoma,2021-06-17,1040,590998,788,318529,172,254980,80,17489,411,37770,624,284423,490,322193,California
Sonoma,2021-06-18,1068,592066,772,319301,194,255174,102,17591,451,37712,608,285031,550,322743,California
Sonoma,2021-06-19,831,592897,687,319988,106,255280,38,17629,274,37469,554,285585,311,323054,California
Sonoma,2021-06-20,243,593140,199,320187,37,255317,7,17636,83,37402,157,285742,90,323144,California
Sonoma,2021-06-21,538,593678,306,320493,154,255471,78,17714,255,37463,271,286013,332,323476,California
Sonoma,2021-06-22,1244,594922,983,321476,170,255641,91,17805,581,37474,658,286671,669,324145,California
Sonoma,2021-06-23,1216,596138,938,322414,194,255835,84,17889,480,37308,730,287401,564,324709,California
Sonoma,2021-06-24,944,597082,632,323046,214,256049,98,17987,416,37301,520,287921,513,325222,California
Sonoma,2021-06-25,1173,598255,910,323956,182,256231,81,18068,514,37255,639,288560,593,325815,California
Sonoma,2021-06-26,685,598940,489,324445,115,256346,81,18149,331,37314,352,288912,411,326226,California
Sonoma,2021-06-27,194,599134,159,324604,24,256370,11,18160,101,37334,92,289004,112,326338,California
Sonoma,2021-06-28,635,599769,522,325126,63,256433,50,18210,279,37306,356,289360,328,326666,California
Stanislaus,2020-12-15,5,5,5,5,0,0,0,0,5,5,0,0,5,5,California
Stanislaus,2020-12-16,39,44,39,44,0,0,0,0,39,44,0,0,39,44,California
Stanislaus,2020-12-17,74,118,74,118,0,0,0,0,74,118,0,0,74,118,California
Stanislaus,2020-12-18,343,461,337,455,6,6,0,0,343,461,0,0,343,461,California
Stanislaus,2020-12-19,134,595,134,589,0,6,0,0,134,595,0,0,134,595,California
Stanislaus,2020-12-20,87,682,87,676,0,6,0,0,87,682,0,0,87,682,California
Stanislaus,2020-12-21,999,1681,998,1674,1,7,0,0,998,1680,1,1,999,1681,California
Stanislaus,2020-12-22,796,2477,784,2458,12,19,0,0,796,2476,0,1,796,2477,California
Stanislaus,2020-12-23,450,2927,431,2889,19,38,0,0,449,2925,1,2,450,2927,California
Stanislaus,2020-12-24,98,3025,89,2978,9,47,0,0,98,3023,0,2,98,3025,California
Stanislaus,2020-12-26,53,3078,9,2987,44,91,0,0,53,3076,0,2,53,3078,California
Stanislaus,2020-12-27,11,3089,6,2993,5,96,0,0,11,3087,0,2,11,3089,California
Stanislaus,2020-12-28,490,3579,396,3389,94,190,0,0,490,3577,0,2,490,3579,California
Stanislaus,2020-12-29,500,4079,415,3804,85,275,0,0,500,4077,0,2,500,4079,California
Stanislaus,2020-12-30,539,4618,282,4086,257,532,0,0,538,4614,1,3,538,4617,California
Stanislaus,2020-12-31,283,4901,159,4245,124,656,0,0,283,4897,0,3,283,4900,California
Stanislaus,2021-01-01,17,4918,7,4252,10,666,0,0,17,4914,0,3,17,4917,California
Stanislaus,2021-01-02,34,4952,26,4278,8,674,0,0,34,4948,0,3,34,4951,California
Stanislaus,2021-01-03,90,5042,87,4365,3,677,0,0,90,5038,0,3,90,5041,California
Stanislaus,2021-01-04,232,5274,152,4517,80,757,0,0,232,5270,0,3,232,5273,California
Stanislaus,2021-01-05,844,6118,349,4866,495,1252,0,0,817,6070,26,29,826,6099,California
Stanislaus,2021-01-06,1010,7128,605,5471,405,1657,0,0,932,6933,75,104,938,7037,California
Stanislaus,2021-01-07,1082,8210,704,6175,378,2035,0,0,888,7636,189,293,892,7929,California
Stanislaus,2021-01-08,1285,9495,725,6900,560,2595,0,0,937,8235,345,638,944,8873,California
Stanislaus,2021-01-09,288,9783,143,7043,145,2740,0,0,198,8343,90,728,198,9071,California
Stanislaus,2021-01-10,49,9832,22,7065,27,2767,0,0,29,8352,20,748,29,9100,California
Stanislaus,2021-01-11,1503,11335,1218,8283,285,3052,0,0,573,8021,924,1672,593,9693,California
Stanislaus,2021-01-12,1479,12814,867,9150,612,3664,0,0,828,8221,647,2319,847,10540,California
Stanislaus,2021-01-13,1454,14268,693,9843,761,4425,0,0,1123,9030,330,2649,1139,11679,California
Stanislaus,2021-01-14,2252,16520,289,10132,1963,6388,0,0,2057,10985,192,2841,2147,13826,California
Stanislaus,2021-01-15,2837,19357,1167,11299,1670,8058,0,0,2665,13578,167,3008,2760,16586,California
Stanislaus,2021-01-16,473,19830,50,11349,423,8481,0,0,454,14016,18,3026,456,17042,California
Stanislaus,2021-01-17,243,20073,201,11550,42,8523,0,0,236,14246,6,3032,236,17278,California
Stanislaus,2021-01-18,2194,22267,1025,12575,1169,9692,0,0,1791,15724,398,3430,1876,19154,California
Stanislaus,2021-01-19,1260,23527,728,13303,532,10224,0,0,810,16089,446,3876,811,19965,California
Stanislaus,2021-01-20,1015,24542,492,13795,523,10747,0,0,719,16514,294,4170,719,20684,California
Stanislaus,2021-01-21,3708,28250,2989,16784,719,11466,0,0,3354,19646,350,4520,3482,24166,California
Stanislaus,2021-01-22,1104,29354,312,17096,792,12258,0,0,1058,20665,42,4562,1061,25227,California
Stanislaus,2021-01-23,360,29714,43,17139,317,12575,0,0,301,20909,58,4620,302,25529,California
Stanislaus,2021-01-24,301,30015,98,17237,203,12778,0,0,235,21080,66,4686,237,25766,California
Stanislaus,2021-01-25,3167,33182,230,17467,2937,15715,0,0,2814,23749,317,5003,2986,28752,California
Stanislaus,2021-01-26,1738,34920,749,18216,989,16704,0,0,1289,24624,441,5444,1316,30068,California
Stanislaus,2021-01-27,1909,36829,1061,19277,848,17552,0,0,1193,25154,667,6111,1197,31265,California
Stanislaus,2021-01-28,2218,39047,1515,20792,703,18255,0,0,1711,26443,497,6608,1786,33051,California
Stanislaus,2021-01-29,2460,41507,1206,21998,1254,19509,0,0,1912,27913,501,7109,1971,35022,California
Stanislaus,2021-01-30,297,41804,133,22131,164,19673,0,0,230,28087,56,7165,230,35252,California
Stanislaus,2021-01-31,371,42175,316,22447,55,19728,0,0,354,28428,14,7179,355,35607,California
Stanislaus,2021-02-01,1301,43476,585,23032,716,20444,0,0,936,29015,351,7530,938,36545,California
Stanislaus,2021-02-02,1215,44691,346,23378,869,21313,0,0,774,29364,430,7960,779,37324,California
Stanislaus,2021-02-03,2627,47318,1240,24618,1387,22700,0,0,1920,30599,702,8662,1937,39261,California
Stanislaus,2021-02-04,2102,49420,714,25332,1388,24088,0,0,1580,31680,510,9172,1591,40852,California
Stanislaus,2021-02-05,2862,52282,1474,26806,1388,25476,0,0,1591,32087,1202,10374,1609,42461,California
Stanislaus,2021-02-06,885,53167,299,27105,586,26062,0,0,693,32592,190,10564,695,43156,California
Stanislaus,2021-02-07,232,53399,207,27312,25,26087,0,0,43,32451,185,10749,44,43200,California
Stanislaus,2021-02-08,2053,55452,1345,28657,708,26795,0,0,1103,32677,906,11655,1132,44332,California
Stanislaus,2021-02-09,1852,57304,787,29444,1065,27860,0,0,1046,32962,775,12430,1060,45392,California
Stanislaus,2021-02-10,1946,59250,534,29978,1412,29272,0,0,1014,33075,905,13335,1018,46410,California
Stanislaus,2021-02-11,5414,64664,3278,33256,2136,31408,0,0,1215,30367,3941,17276,1233,47643,California
Stanislaus,2021-02-12,3313,67977,919,34175,2394,33802,0,0,1451,30064,1771,19047,1468,49111,California
Stanislaus,2021-02-13,1362,69339,656,34831,706,34508,0,0,986,30686,369,19416,991,50102,California
Stanislaus,2021-02-14,424,69763,171,35002,253,34761,0,0,352,30968,70,19486,352,50454,California
Stanislaus,2021-02-15,1824,71587,233,35235,1591,36352,0,0,582,30436,1122,20608,590,51044,California
Stanislaus,2021-02-16,1368,72955,426,35661,942,37294,0,0,577,30242,779,21387,585,51629,California
Stanislaus,2021-02-17,2769,75724,1700,37361,1069,38363,0,0,1904,31322,857,22244,1937,53566,California
Stanislaus,2021-02-18,3381,79105,1911,39272,1470,39833,0,0,1765,31627,1517,23761,1822,55388,California
Stanislaus,2021-02-19,2791,81896,1090,40362,1701,41534,0,0,1518,31952,1223,24984,1548,56936,California
Stanislaus,2021-02-20,758,82654,386,40748,372,41906,0,0,469,32162,269,25253,479,57415,California
Stanislaus,2021-02-21,912,83566,697,41445,215,42121,0,0,534,32367,352,25605,557,57972,California
Stanislaus,2021-02-22,2358,85924,1703,43148,655,42776,0,0,1630,33299,707,26312,1639,59611,California
Stanislaus,2021-02-23,3752,89676,679,43827,3073,45849,0,0,1722,33202,1847,28159,1750,61361,California
Stanislaus,2021-02-24,4203,93879,2869,46696,1334,47183,0,0,3113,35264,1065,29224,3127,64488,California
Stanislaus,2021-02-25,3970,97849,2726,49422,1244,48427,0,0,3151,37627,799,30023,3162,67650,California
Stanislaus,2021-02-26,4231,102080,1222,50644,3009,51436,0,0,2834,39151,1335,31358,2859,70509,California
Stanislaus,2021-02-27,2100,104180,712,51356,1387,52823,1,1,1865,40812,206,31564,1867,72376,California
Stanislaus,2021-02-28,832,105012,264,51620,568,53391,0,1,779,41551,41,31605,780,73156,California
Stanislaus,2021-03-01,3087,108099,1650,53270,1432,54823,5,6,1644,41840,1394,32999,1683,74839,California
Stanislaus,2021-03-02,2405,110504,1431,54701,973,55796,1,7,1659,42779,729,33728,1668,76507,California
Stanislaus,2021-03-03,3727,114231,2239,56940,1484,57280,4,11,2906,44891,803,34531,2915,79422,California
Stanislaus,2021-03-04,5462,119693,3116,60056,2330,59610,16,27,4190,47871,1231,35762,4211,83633,California
Stanislaus,2021-03-05,4102,123795,1128,61184,2958,62568,16,43,3094,50009,975,36737,3113,86746,California
Stanislaus,2021-03-06,3598,127393,2240,63424,1265,63833,93,136,2739,51990,855,37592,2836,89582,California
Stanislaus,2021-03-07,857,128250,391,63815,430,64263,36,172,666,52507,186,37778,703,90285,California
Stanislaus,2021-03-08,2013,130263,871,64686,1052,65315,90,262,1336,53280,657,38435,1430,91715,California
Stanislaus,2021-03-09,2647,132910,1004,65690,1551,66866,92,354,1636,54031,997,39432,1748,93463,California
Stanislaus,2021-03-10,5511,138421,2698,68388,2585,69451,228,582,3741,56296,1744,41176,4009,97472,California
Stanislaus,2021-03-11,6135,144556,3346,71734,2311,71762,478,1060,4126,59092,1826,43002,4622,102094,California
Stanislaus,2021-03-12,6263,150819,1357,73091,2977,74739,1929,2989,2926,60656,3306,46308,4870,106964,California
Stanislaus,2021-03-13,3709,154528,2319,75410,1319,76058,71,3060,2813,62672,887,47195,2903,109867,California
Stanislaus,2021-03-14,994,155522,594,76004,347,76405,53,3113,490,62715,501,47696,544,110411,California
Stanislaus,2021-03-15,3803,159325,1985,77989,1456,77861,362,3475,1647,62674,2059,49755,2018,112429,California
Stanislaus,2021-03-16,5089,164414,2499,80488,2153,80014,437,3912,3650,65351,1415,51170,4092,116521,California
Stanislaus,2021-03-17,4894,169308,2908,83396,1808,81822,178,4090,2940,66567,1915,53085,3131,119652,California
Stanislaus,2021-03-18,5538,174846,3453,86849,2015,83837,70,4160,3022,67306,2361,55446,3100,122752,California
Stanislaus,2021-03-19,6028,180874,1582,88431,2923,86760,1523,5683,3192,69221,2794,58240,4709,127461,California
Stanislaus,2021-03-20,3877,184751,3039,91470,770,87530,68,5751,3380,72197,473,58713,3449,130910,California
Stanislaus,2021-03-21,1017,185768,908,92378,43,87573,66,5817,769,72791,241,58954,835,131745,California
Stanislaus,2021-03-22,3008,188776,1392,93770,890,88463,726,6543,1404,73352,1573,60527,2134,133879,California
Stanislaus,2021-03-23,4104,192880,2097,95867,1748,90211,259,6802,2951,75453,1133,61660,3234,137113,California
Stanislaus,2021-03-24,4686,197566,3267,99134,1341,91552,78,6880,2743,76388,1894,63554,2829,139942,California
Stanislaus,2021-03-25,4394,201960,2983,102117,1394,92946,17,6897,1949,75993,2366,65920,1971,141913,California
Stanislaus,2021-03-26,4921,206881,1402,103519,3445,96391,74,6971,2521,76236,2366,68286,2609,144522,California
Stanislaus,2021-03-27,4436,211317,2764,106283,1588,97979,84,7055,1397,74705,3021,71307,1490,146012,California
Stanislaus,2021-03-28,1117,212434,444,106727,565,98544,108,7163,321,74361,782,72089,438,146450,California
Stanislaus,2021-03-29,3157,215591,1835,108562,1283,99827,39,7202,2146,75553,1001,73090,2193,148643,California
Stanislaus,2021-03-30,3843,219434,2075,110637,1742,101569,26,7228,2375,76514,1457,74547,2418,151061,California
Stanislaus,2021-03-31,5579,225013,3862,114499,1596,103165,121,7349,2898,76890,2658,77205,3034,154095,California
Stanislaus,2021-04-01,5896,230909,3854,118353,1942,105107,100,7449,2735,76619,3132,80337,2861,156956,California
Stanislaus,2021-04-02,5168,236077,1223,119576,3777,108884,168,7617,2361,76454,2712,83049,2547,159503,California
Stanislaus,2021-04-03,4687,240764,3436,123012,1215,110099,36,7653,2252,76349,2423,85472,2318,161821,California
Stanislaus,2021-04-04,1327,242091,477,123489,820,110919,30,7683,650,76368,668,86140,687,162508,California
Stanislaus,2021-04-05,3748,245839,2552,126041,937,111856,259,7942,2429,77759,1309,87449,2700,165208,California
Stanislaus,2021-04-06,5940,251779,4225,130266,1430,113286,285,8227,3208,78551,2716,90165,3508,168716,California
Stanislaus,2021-04-07,6498,258277,3651,133917,2410,115696,437,8664,2897,78331,3582,93747,3362,172078,California
Stanislaus,2021-04-08,5866,264143,3417,137334,2004,117700,445,9109,2892,78739,2945,96692,3353,175431,California
Stanislaus,2021-04-09,4984,269127,2165,139499,2440,120140,379,9488,2274,78734,2680,99372,2675,178106,California
Stanislaus,2021-04-10,6515,275642,3999,143498,877,121017,1639,11127,1996,77877,4493,103865,3636,181742,California
Stanislaus,2021-04-11,1531,277173,857,144355,541,121558,133,11260,665,77821,863,104728,807,182549,California
Stanislaus,2021-04-12,3777,280950,2117,146472,1211,122769,449,11709,1950,78450,1795,106523,2424,184973,California
Stanislaus,2021-04-13,5387,286337,3495,149967,1878,124647,14,11723,2967,79073,2371,108894,2994,187967,California
Stanislaus,2021-04-14,4809,291146,3333,153300,1474,126121,2,11725,2339,79006,2430,111324,2363,190330,California
Stanislaus,2021-04-15,5544,296690,3384,156684,2157,128278,3,11728,3249,80048,2241,113565,3283,193613,California
Stanislaus,2021-04-16,4462,301152,1057,157741,3404,131682,1,11729,1859,79373,2549,116114,1874,195487,California
Stanislaus,2021-04-17,3174,304326,2134,159875,1040,132722,0,11729,1839,79896,1321,117435,1844,197331,California
Stanislaus,2021-04-18,614,304940,296,160171,316,133038,2,11731,432,80156,175,117610,435,197766,California
Stanislaus,2021-04-19,3615,308555,2462,162633,1151,134189,2,11733,1655,79916,1916,119526,1676,199442,California
Stanislaus,2021-04-20,4139,312694,2491,165124,1648,135837,0,11733,1769,79376,2329,121855,1789,201231,California
Stanislaus,2021-04-21,4016,316710,2666,167790,1349,137186,1,11734,1630,78707,2334,124189,1665,202896,California
Stanislaus,2021-04-22,4110,320820,2455,170245,1655,138841,0,11734,1632,77929,2428,126617,1650,204546,California
Stanislaus,2021-04-23,3793,324613,911,171156,2881,141722,1,11735,1554,77360,2142,128759,1573,206119,California
Stanislaus,2021-04-24,3873,328486,2950,174106,923,142645,0,11735,1853,77223,2001,130760,1864,207983,California
Stanislaus,2021-04-25,939,329425,483,174589,456,143101,0,11735,688,77670,245,131005,692,208675,California
Stanislaus,2021-04-26,3640,333065,2438,177027,1196,144297,6,11741,1145,76383,2468,133473,1181,209856,California
Stanislaus,2021-04-27,4259,337324,2872,179899,1339,145636,48,11789,1243,74714,2982,136455,1313,211169,California
Stanislaus,2021-04-28,4536,341860,3132,183031,1342,146978,62,11851,1944,74181,2569,139024,2036,213205,California
Stanislaus,2021-04-29,3940,345800,2415,185446,1477,148455,48,11899,1541,73421,2375,141399,1615,214820,California
Stanislaus,2021-04-30,4795,350595,2151,187597,2560,151015,84,11983,1883,72541,2887,144286,2007,216827,California
Stanislaus,2021-05-01,2733,353328,1934,189531,758,151773,41,12024,1027,71924,1696,145982,1079,217906,California
Stanislaus,2021-05-02,1087,354415,623,190154,425,152198,39,12063,522,71936,559,146541,571,218477,California
Stanislaus,2021-05-03,2555,356970,1992,192146,492,152690,71,12134,971,71426,1568,148109,1058,219535,California
Stanislaus,2021-05-04,3728,360698,2567,194713,1067,153757,94,12228,1165,70154,2549,150658,1277,220812,California
Stanislaus,2021-05-05,3418,364116,2258,196971,1084,154841,76,12304,1191,69224,2206,152864,1276,222088,California
Stanislaus,2021-05-06,3760,367876,2853,199824,783,155624,124,12428,1148,67923,2587,155451,1286,223374,California
Stanislaus,2021-05-07,2582,370458,1033,200857,1387,157011,162,12590,1095,67707,1476,156927,1260,224634,California
Stanislaus,2021-05-08,2019,372477,1403,202260,583,157594,33,12623,750,67245,1252,158179,790,225424,California
Stanislaus,2021-05-09,719,373196,344,202604,349,157943,26,12649,304,67163,413,158592,331,225755,California
Stanislaus,2021-05-10,1801,374997,1151,203755,553,158496,97,12746,488,66450,1302,159894,589,226344,California
Stanislaus,2021-05-11,2521,377518,1570,205325,791,159287,160,12906,744,65596,1766,161660,912,227256,California
Stanislaus,2021-05-12,2394,379912,1362,206687,923,160210,109,13015,933,65197,1446,163106,1047,228303,California
Stanislaus,2021-05-13,2173,382085,1284,207971,770,160980,119,13134,1033,65221,1131,164237,1155,229458,California
Stanislaus,2021-05-14,2761,384846,1237,209208,1385,162365,139,13273,1286,65196,1455,165692,1430,230888,California
Stanislaus,2021-05-15,2492,387338,1775,210983,667,163032,50,13323,1205,65184,1277,166969,1265,232153,California
Stanislaus,2021-05-16,1101,388439,744,211727,349,163381,8,13331,587,65272,511,167480,599,232752,California
Stanislaus,2021-05-17,2044,390483,1379,213106,584,163965,81,13412,984,65291,1054,168534,1073,233825,California
Stanislaus,2021-05-18,2311,392794,1593,214699,604,164569,114,13526,1197,65500,1103,169637,1312,235137,California
Stanislaus,2021-05-19,3118,395912,2142,216841,822,165391,154,13680,1372,65296,1734,171371,1530,236667,California
Stanislaus,2021-05-20,2218,398130,1194,218035,920,166311,104,13784,875,64951,1332,172703,987,237654,California
Stanislaus,2021-05-21,2484,400614,1215,219250,1171,167482,98,13882,990,64571,1477,174180,1097,238751,California
Stanislaus,2021-05-22,2001,402615,1207,220457,725,168207,69,13951,867,64383,1126,175306,938,239689,California
Stanislaus,2021-05-23,1076,403691,706,221163,355,168562,15,13966,511,64349,560,175866,526,240215,California
Stanislaus,2021-05-24,1817,405508,1261,222424,477,169039,79,14045,715,64053,1099,176965,803,241018,California
Stanislaus,2021-05-25,1804,407312,1232,223656,471,169510,101,14146,856,64070,944,177909,961,241979,California
Stanislaus,2021-05-26,2025,409337,1265,224921,708,170218,52,14198,949,64005,1068,178977,1003,242982,California
Stanislaus,2021-05-27,1775,411112,972,225893,724,170942,79,14277,615,63556,1150,180127,701,243683,California
Stanislaus,2021-05-28,2164,413276,1019,226912,1060,172002,85,14362,938,63364,1220,181347,1028,244711,California
Stanislaus,2021-05-29,1314,414590,846,227758,427,172429,41,14403,588,63273,722,182069,631,245342,California
Stanislaus,2021-05-30,455,415045,273,228031,148,172577,34,14437,209,63274,242,182311,243,245585,California
Stanislaus,2021-05-31,259,415304,122,228153,130,172707,7,14444,97,63216,162,182473,104,245689,California
Stanislaus,2021-06-01,1676,416980,1047,229200,576,173283,53,14497,634,62873,1036,183509,693,246382,California
Stanislaus,2021-06-02,1799,418779,1142,230342,588,173871,69,14566,746,62654,1041,184550,822,247204,California
Stanislaus,2021-06-03,1387,420166,821,231163,519,174390,47,14613,511,62352,864,185414,562,247766,California
Stanislaus,2021-06-04,1906,422072,1140,232303,696,175086,70,14683,717,61964,1179,186593,791,248557,California
Stanislaus,2021-06-05,1374,423446,1050,233353,298,175384,26,14709,472,61567,896,187489,499,249056,California
Stanislaus,2021-06-06,506,423952,414,233767,83,175467,9,14718,187,61445,319,187808,197,249253,California
Stanislaus,2021-06-07,1591,425543,1216,234983,330,175797,45,14763,597,61103,985,188793,643,249896,California
Stanislaus,2021-06-08,1900,427443,1422,236405,402,176199,76,14839,668,60629,1218,190011,744,250640,California
Stanislaus,2021-06-09,1846,429289,1301,237706,463,176662,82,14921,623,60119,1219,191230,709,251349,California
Stanislaus,2021-06-10,1466,430755,925,238631,480,177142,61,14982,601,59939,855,192085,675,252024,California
Stanislaus,2021-06-11,1487,432242,893,239524,543,177685,51,15033,546,59613,926,193011,600,252624,California
Stanislaus,2021-06-12,1022,433264,742,240266,255,177940,25,15058,378,59382,637,193648,406,253030,California
Stanislaus,2021-06-13,537,433801,396,240662,135,178075,6,15064,168,59192,366,194014,176,253206,California
Stanislaus,2021-06-14,1342,435143,954,241616,366,178441,22,15086,490,58862,844,194858,514,253720,California
Stanislaus,2021-06-15,1580,436723,1139,242755,397,178838,44,15130,534,58401,1041,195899,580,254300,California
Stanislaus,2021-06-16,1921,438644,1382,244137,473,179311,66,15196,765,58081,1153,197052,833,255133,California
Stanislaus,2021-06-17,1133,439777,715,244852,374,179685,44,15240,525,58049,603,197655,571,255704,California
Stanislaus,2021-06-18,1297,441074,780,245632,437,180122,80,15320,516,57872,775,198430,598,256302,California
Stanislaus,2021-06-19,851,441925,623,246255,183,180305,45,15365,371,57813,476,198906,417,256719,California
Stanislaus,2021-06-20,305,442230,213,246468,86,180391,6,15371,138,57791,166,199072,144,256863,California
Stanislaus,2021-06-21,937,443167,535,247003,277,180668,125,15496,476,57939,456,199528,604,257467,California
Stanislaus,2021-06-22,1194,444361,865,247868,264,180932,65,15561,486,57797,701,200229,559,258026,California
Stanislaus,2021-06-23,1216,445577,811,248679,344,181276,61,15622,515,57675,699,200928,577,258603,California
Stanislaus,2021-06-24,935,446512,621,249300,266,181542,48,15670,476,57747,457,201385,529,259132,California
Stanislaus,2021-06-25,1096,447608,713,250013,322,181864,61,15731,468,57650,623,202008,526,259658,California
Stanislaus,2021-06-26,602,448210,457,250470,121,181985,24,15755,279,57651,322,202330,323,259981,California
Stanislaus,2021-06-27,389,448599,294,250764,85,182070,10,15765,196,57667,192,202522,208,260189,California
Stanislaus,2021-06-28,744,449343,568,251332,145,182215,31,15796,294,57550,449,202971,332,260521,California
Sutter,2020-12-15,1,1,1,1,0,0,0,0,1,1,0,0,1,1,California
Sutter,2020-12-16,4,5,4,5,0,0,0,0,4,5,0,0,4,5,California
Sutter,2020-12-17,3,8,3,8,0,0,0,0,3,8,0,0,3,8,California
Sutter,2020-12-18,21,29,21,29,0,0,0,0,21,29,0,0,21,29,California
Sutter,2020-12-19,45,74,45,74,0,0,0,0,45,74,0,0,45,74,California
Sutter,2020-12-20,43,117,43,117,0,0,0,0,43,117,0,0,43,117,California
Sutter,2020-12-21,99,216,99,216,0,0,0,0,99,216,0,0,99,216,California
Sutter,2020-12-22,172,388,172,388,0,0,0,0,172,388,0,0,172,388,California
Sutter,2020-12-23,115,503,110,498,5,5,0,0,115,503,0,0,115,503,California
Sutter,2020-12-24,17,520,11,509,6,11,0,0,17,520,0,0,17,520,California
Sutter,2020-12-26,38,558,34,543,4,15,0,0,38,558,0,0,38,558,California
Sutter,2020-12-27,24,582,23,566,1,16,0,0,24,582,0,0,24,582,California
Sutter,2020-12-28,83,665,55,621,28,44,0,0,83,665,0,0,83,665,California
Sutter,2020-12-29,101,766,14,635,87,131,0,0,101,766,0,0,101,766,California
Sutter,2020-12-30,136,902,33,668,103,234,0,0,136,902,0,0,136,902,California
Sutter,2020-12-31,70,972,6,674,64,298,0,0,70,972,0,0,70,972,California
Sutter,2021-01-01,3,975,3,677,0,298,0,0,3,975,0,0,3,975,California
Sutter,2021-01-02,131,1106,129,806,2,300,0,0,131,1106,0,0,131,1106,California
Sutter,2021-01-03,1,1107,0,806,1,301,0,0,1,1107,0,0,1,1107,California
Sutter,2021-01-04,247,1354,138,944,109,410,0,0,247,1354,0,0,247,1354,California
Sutter,2021-01-05,99,1453,56,1000,43,453,0,0,96,1447,3,3,96,1450,California
Sutter,2021-01-06,205,1658,50,1050,155,608,0,0,200,1642,5,8,200,1650,California
Sutter,2021-01-07,252,1910,153,1203,99,707,0,0,242,1875,9,17,242,1892,California
Sutter,2021-01-08,150,2060,40,1243,110,817,0,0,133,1991,17,34,133,2025,California
Sutter,2021-01-09,46,2106,43,1286,3,820,0,0,5,1955,41,75,5,2030,California
Sutter,2021-01-10,394,2500,37,1323,357,1177,0,0,356,2274,37,112,356,2386,California
Sutter,2021-01-11,132,2632,115,1438,17,1194,0,0,25,2192,107,219,25,2411,California
Sutter,2021-01-12,202,2834,165,1603,37,1231,0,0,58,2106,144,363,58,2469,California
Sutter,2021-01-13,162,2996,99,1702,63,1294,0,0,72,2089,89,452,72,2541,California
Sutter,2021-01-14,147,3143,51,1753,96,1390,0,0,127,2196,20,472,127,2668,California
Sutter,2021-01-15,436,3579,131,1884,305,1695,0,0,422,2604,14,486,422,3090,California
Sutter,2021-01-16,385,3964,41,1925,344,2039,0,0,354,2928,30,516,354,3444,California
Sutter,2021-01-17,26,3990,24,1949,2,2041,0,0,10,2922,16,532,10,3454,California
Sutter,2021-01-18,117,4107,62,2011,55,2096,0,0,69,2943,48,580,69,3523,California
Sutter,2021-01-19,107,4214,42,2053,65,2161,0,0,83,3002,24,604,83,3606,California
Sutter,2021-01-20,273,4487,209,2262,64,2225,0,0,251,3231,22,626,251,3857,California
Sutter,2021-01-21,522,5009,351,2613,171,2396,0,0,504,3717,18,644,504,4361,California
Sutter,2021-01-22,240,5249,52,2665,188,2584,0,0,230,3938,9,653,230,4591,California
Sutter,2021-01-23,397,5646,39,2704,358,2942,0,0,371,4283,26,679,371,4962,California
Sutter,2021-01-24,17,5663,15,2719,2,2944,0,0,15,4296,2,681,15,4977,California
Sutter,2021-01-25,306,5969,196,2915,110,3054,0,0,149,4290,156,837,150,5127,California
Sutter,2021-01-26,248,6217,108,3023,140,3194,0,0,144,4331,103,940,144,5271,California
Sutter,2021-01-27,388,6605,256,3279,132,3326,0,0,321,4585,67,1007,321,5592,California
Sutter,2021-01-28,582,7187,358,3637,224,3550,0,0,409,4823,171,1178,409,6001,California
Sutter,2021-01-29,364,7551,88,3725,276,3826,0,0,242,4943,122,1300,242,6243,California
Sutter,2021-01-30,777,8328,38,3763,739,4565,0,0,766,5698,11,1311,766,7009,California
Sutter,2021-01-31,28,8356,27,3790,1,4566,0,0,28,5726,0,1311,28,7037,California
Sutter,2021-02-01,170,8526,53,3843,117,4683,0,0,137,5831,32,1343,137,7174,California
Sutter,2021-02-02,247,8773,27,3870,220,4903,0,0,213,6010,34,1377,213,7387,California
Sutter,2021-02-03,447,9220,40,3910,407,5310,0,0,212,5988,234,1611,212,7599,California
Sutter,2021-02-04,670,9890,366,4276,304,5614,0,0,620,6559,49,1660,620,8219,California
Sutter,2021-02-05,288,10178,32,4308,256,5870,0,0,135,6541,153,1813,135,8354,California
Sutter,2021-02-06,731,10909,28,4336,703,6573,0,0,709,7228,22,1835,709,9063,California
Sutter,2021-02-07,24,10933,20,4356,4,6577,0,0,20,7244,4,1839,20,9083,California
Sutter,2021-02-08,136,11069,31,4387,105,6682,0,0,98,7304,38,1877,98,9181,California
Sutter,2021-02-09,248,11317,45,4432,203,6885,0,0,187,7430,61,1938,187,9368,California
Sutter,2021-02-10,822,12139,384,4816,438,7323,0,0,179,6967,642,2580,179,9547,California
Sutter,2021-02-11,607,12746,274,5090,333,7656,0,0,317,6994,290,2870,317,9864,California
Sutter,2021-02-12,637,13383,69,5159,568,8224,0,0,312,6982,324,3194,312,10176,California
Sutter,2021-02-13,905,14288,48,5207,857,9081,0,0,787,7651,118,3312,787,10963,California
Sutter,2021-02-14,90,14378,25,5232,65,9146,0,0,79,7719,11,3323,79,11042,California
Sutter,2021-02-15,203,14581,72,5304,131,9277,0,0,123,7763,79,3402,123,11165,California
Sutter,2021-02-16,288,14869,44,5348,244,9521,0,0,203,7882,84,3486,203,11368,California
Sutter,2021-02-17,835,15704,435,5783,400,9921,0,0,135,7318,699,4185,135,11503,California
Sutter,2021-02-18,712,16416,57,5840,655,10576,0,0,496,7599,215,4400,496,11999,California
Sutter,2021-02-19,669,17085,379,6219,290,10866,0,0,464,7860,203,4603,464,12463,California
Sutter,2021-02-20,625,17710,56,6275,569,11435,0,0,517,8270,107,4710,517,12980,California
Sutter,2021-02-21,28,17738,27,6302,1,11436,0,0,7,8256,21,4731,7,12987,California
Sutter,2021-02-22,208,17946,123,6425,85,11521,0,0,85,8218,123,4854,85,13072,California
Sutter,2021-02-23,227,18173,34,6459,193,11714,0,0,99,8191,126,4980,99,13171,California
Sutter,2021-02-24,970,19143,350,6809,620,12334,0,0,194,7610,775,5755,194,13365,California
Sutter,2021-02-25,785,19928,497,7306,288,12622,0,0,604,8037,177,5932,604,13969,California
Sutter,2021-02-26,379,20307,61,7367,318,12940,0,0,158,7976,219,6151,158,14127,California
Sutter,2021-02-27,866,21173,46,7413,820,13760,0,0,712,8532,156,6307,712,14839,California
Sutter,2021-02-28,89,21262,43,7456,46,13806,0,0,68,8580,20,6327,68,14907,California
Sutter,2021-03-01,251,21513,63,7519,188,13994,0,0,153,8635,98,6425,153,15060,California
Sutter,2021-03-02,339,21852,59,7578,280,14274,0,0,162,8622,175,6600,162,15222,California
Sutter,2021-03-03,1401,23253,530,8108,871,15145,0,0,660,8547,735,7335,660,15882,California
Sutter,2021-03-04,1251,24504,862,8970,389,15534,0,0,943,9187,303,7638,943,16825,California
Sutter,2021-03-05,341,24845,80,9050,260,15794,1,1,208,9263,133,7771,209,17034,California
Sutter,2021-03-06,1026,25871,46,9096,975,16769,5,6,856,9957,167,7938,861,17895,California
Sutter,2021-03-07,66,25937,23,9119,42,16811,1,7,46,9984,20,7958,47,17942,California
Sutter,2021-03-08,228,26165,80,9199,136,16947,12,19,159,10086,69,8027,171,18113,California
Sutter,2021-03-09,389,26554,137,9336,240,17187,12,31,185,10079,204,8231,197,18310,California
Sutter,2021-03-10,1569,28123,681,10017,827,18014,61,92,522,9621,1041,9272,583,18893,California
Sutter,2021-03-11,892,29015,438,10455,435,18449,19,111,645,10041,244,9516,664,19557,California
Sutter,2021-03-12,678,29693,111,10566,387,18836,180,291,201,9946,474,9990,379,19936,California
Sutter,2021-03-13,989,30682,751,11317,220,19056,18,309,781,10538,206,10196,798,20734,California
Sutter,2021-03-14,131,30813,22,11339,98,19154,11,320,45,10508,86,10282,56,20790,California
Sutter,2021-03-15,322,31135,67,11406,206,19360,49,369,150,10537,170,10452,199,20989,California
Sutter,2021-03-16,390,31525,86,11492,257,19617,47,416,212,10617,178,10630,258,21247,California
Sutter,2021-03-17,1499,33024,562,12054,915,20532,22,438,307,9764,1181,11811,328,21575,California
Sutter,2021-03-18,973,33997,181,12235,588,21120,204,642,565,10128,403,12214,767,22342,California
Sutter,2021-03-19,463,34460,166,12401,268,21388,29,671,282,10260,179,12393,311,22653,California
Sutter,2021-03-20,949,35409,118,12519,820,22208,11,682,858,11039,90,12483,869,23522,California
Sutter,2021-03-21,68,35477,47,12566,18,22226,3,685,33,11040,35,12518,36,23558,California
Sutter,2021-03-22,288,35765,120,12686,142,22368,26,711,212,11203,75,12593,238,23796,California
Sutter,2021-03-23,378,36143,114,12800,231,22599,33,744,253,11365,123,12716,285,24081,California
Sutter,2021-03-24,1690,37833,774,13574,846,23445,70,814,313,10387,1361,14077,383,24464,California
Sutter,2021-03-25,1041,38874,678,14252,320,23765,43,857,368,10128,670,14747,411,24875,California
Sutter,2021-03-26,497,39371,175,14427,305,24070,17,874,295,10243,197,14944,312,25187,California
Sutter,2021-03-27,926,40297,62,14489,862,24932,2,876,811,10946,110,15054,813,26000,California
Sutter,2021-03-28,125,40422,72,14561,53,24985,0,876,77,10977,46,15100,77,26077,California
Sutter,2021-03-29,428,40850,144,14705,228,25213,56,932,224,11055,202,15302,280,26357,California
Sutter,2021-03-30,480,41330,161,14866,309,25522,10,942,317,11219,163,15465,327,26684,California
Sutter,2021-03-31,1258,42588,177,15043,1065,26587,16,958,443,10875,802,16267,458,27142,California
Sutter,2021-04-01,1387,43975,742,15785,460,27047,185,1143,430,10543,946,17213,614,27756,California
Sutter,2021-04-02,516,44491,101,15886,297,27344,118,1261,204,10551,310,17523,318,28074,California
Sutter,2021-04-03,909,45400,77,15963,210,27554,622,1883,122,10512,782,18305,743,28817,California
Sutter,2021-04-04,118,45518,22,15985,90,27644,6,1889,54,10508,64,18369,60,28877,California
Sutter,2021-04-05,371,45889,145,16130,189,27833,37,1926,178,10533,190,18559,215,29092,California
Sutter,2021-04-06,510,46399,198,16328,256,28089,56,1982,273,10627,235,18794,329,29421,California
Sutter,2021-04-07,1482,47881,887,17215,521,28610,74,2056,610,10449,862,19656,684,30105,California
Sutter,2021-04-08,1060,48941,583,17798,362,28972,115,2171,581,10669,473,20129,693,30798,California
Sutter,2021-04-09,569,49510,249,18047,255,29227,65,2236,237,10643,328,20457,302,31100,California
Sutter,2021-04-10,829,50339,111,18158,88,29315,630,2866,110,10660,714,21171,731,31831,California
Sutter,2021-04-11,120,50459,33,18191,40,29355,47,2913,38,10662,82,21253,84,31915,California
Sutter,2021-04-12,343,50802,93,18284,196,29551,54,2967,139,10653,202,21455,193,32108,California
Sutter,2021-04-13,432,51234,126,18410,306,29857,0,2967,215,10653,215,21670,215,32323,California
Sutter,2021-04-14,1328,52562,163,18573,1164,31021,1,2968,225,9784,1095,22765,226,32549,California
Sutter,2021-04-15,541,53103,173,18746,368,31389,0,2968,219,9684,319,23084,219,32768,California
Sutter,2021-04-16,408,53511,129,18875,279,31668,0,2968,189,9656,217,23301,189,32957,California
Sutter,2021-04-17,582,54093,82,18957,500,32168,0,2968,510,10095,71,23372,510,33467,California
Sutter,2021-04-18,93,54186,34,18991,59,32227,0,2968,59,10122,32,23404,59,33526,California
Sutter,2021-04-19,293,54479,112,19103,181,32408,0,2968,122,10075,169,23573,122,33648,California
Sutter,2021-04-20,465,54944,182,19285,283,32691,0,2968,224,10060,239,23812,224,33872,California
Sutter,2021-04-21,1313,56257,503,19788,810,33501,0,2968,514,9789,785,24597,514,34386,California
Sutter,2021-04-22,527,56784,194,19982,333,33834,0,2968,258,9781,266,24863,258,34644,California
Sutter,2021-04-23,439,57223,154,20136,285,34119,0,2968,200,9746,235,25098,200,34844,California
Sutter,2021-04-24,326,57549,107,20243,218,34337,1,2969,185,9791,140,25238,185,35029,California
Sutter,2021-04-25,158,57707,75,20318,83,34420,0,2969,86,9807,70,25308,86,35115,California
Sutter,2021-04-26,321,58028,106,20424,213,34633,2,2971,136,9762,183,25491,138,35253,California
Sutter,2021-04-27,560,58588,286,20710,270,34903,4,2975,256,9723,299,25790,260,35513,California
Sutter,2021-04-28,860,59448,386,21096,466,35369,8,2983,283,9444,570,26360,291,35804,California
Sutter,2021-04-29,805,60253,165,21261,639,36008,1,2984,324,9293,476,26836,325,36129,California
Sutter,2021-04-30,394,60647,143,21404,238,36246,13,2997,173,9260,218,27054,185,36314,California
Sutter,2021-05-01,300,60947,108,21512,151,36397,41,3038,129,9262,168,27222,170,36484,California
Sutter,2021-05-02,81,61028,54,21566,25,36422,2,3040,45,9273,36,27258,47,36531,California
Sutter,2021-05-03,218,61246,110,21676,99,36521,9,3049,89,9242,129,27387,98,36629,California
Sutter,2021-05-04,556,61802,253,21929,239,36760,64,3113,227,9206,326,27713,290,36919,California
Sutter,2021-05-05,566,62368,175,22104,383,37143,8,3121,164,8982,396,28109,172,37091,California
Sutter,2021-05-06,436,62804,234,22338,181,37324,21,3142,196,8959,239,28348,216,37307,California
Sutter,2021-05-07,426,63230,160,22498,244,37568,22,3164,164,8886,259,28607,186,37493,California
Sutter,2021-05-08,240,63470,94,22592,140,37708,6,3170,115,8882,125,28732,121,37614,California
Sutter,2021-05-09,107,63577,79,22671,23,37731,5,3175,62,8904,45,28777,67,37681,California
Sutter,2021-05-10,193,63770,44,22715,130,37861,19,3194,50,8832,141,28918,69,37750,California
Sutter,2021-05-11,472,64242,238,22953,213,38074,21,3215,191,8766,276,29194,210,37960,California
Sutter,2021-05-12,463,64705,261,23214,191,38265,11,3226,155,8628,304,29498,166,38126,California
Sutter,2021-05-13,489,65194,261,23475,206,38471,22,3248,189,8540,299,29797,211,38337,California
Sutter,2021-05-14,440,65634,188,23663,236,38707,16,3264,202,8525,233,30030,218,38555,California
Sutter,2021-05-15,851,66485,316,23979,504,39211,31,3295,311,8328,539,30569,342,38897,California
Sutter,2021-05-16,176,66661,118,24097,50,39261,8,3303,97,8355,78,30647,105,39002,California
Sutter,2021-05-17,288,66949,114,24211,160,39421,14,3317,147,8377,139,30786,161,39163,California
Sutter,2021-05-18,552,67501,312,24523,236,39657,4,3321,298,8428,251,31037,302,39465,California
Sutter,2021-05-19,462,67963,264,24787,191,39848,7,3328,222,8420,237,31274,229,39694,California
Sutter,2021-05-20,458,68421,238,25025,208,40056,12,3340,214,8406,240,31514,226,39920,California
Sutter,2021-05-21,487,68908,220,25245,255,40311,12,3352,210,8353,274,31788,221,40141,California
Sutter,2021-05-22,368,69276,204,25449,161,40472,3,3355,182,8356,181,31969,184,40325,California
Sutter,2021-05-23,191,69467,95,25544,87,40559,9,3364,92,8364,93,32062,101,40426,California
Sutter,2021-05-24,241,69708,91,25635,127,40686,23,3387,98,8345,140,32202,121,40547,California
Sutter,2021-05-25,399,70107,194,25829,192,40878,13,3400,163,8291,229,32431,175,40722,California
Sutter,2021-05-26,322,70429,158,25987,155,41033,9,3409,112,8207,205,32636,121,40843,California
Sutter,2021-05-27,434,70863,117,26104,298,41331,19,3428,122,8040,308,32944,141,40984,California
Sutter,2021-05-28,339,71202,163,26267,159,41490,17,3445,168,8059,166,33110,185,41169,California
Sutter,2021-05-29,253,71455,119,26386,119,41609,15,3460,131,8087,118,33228,146,41315,California
Sutter,2021-05-30,84,71539,61,26447,20,41629,3,3463,39,8085,44,33272,42,41357,California
Sutter,2021-05-31,20,71559,3,26450,14,41643,3,3466,7,8082,13,33285,10,41367,California
Sutter,2021-06-01,312,71871,134,26584,170,41813,8,3474,117,8013,194,33479,125,41492,California
Sutter,2021-06-02,280,72151,119,26703,155,41968,6,3480,97,7939,177,33656,103,41595,California
Sutter,2021-06-03,341,72492,222,26925,109,42077,10,3490,114,7842,221,33877,124,41719,California
Sutter,2021-06-04,341,72833,197,27122,137,42214,7,3497,118,7748,219,34096,125,41844,California
Sutter,2021-06-05,438,73271,368,27490,66,42280,4,3501,151,7621,282,34378,155,41999,California
Sutter,2021-06-06,138,73409,119,27609,16,42296,3,3504,44,7576,92,34470,47,42046,California
Sutter,2021-06-07,163,73572,105,27714,49,42345,9,3513,56,7535,106,34576,65,42111,California
Sutter,2021-06-08,364,73936,203,27917,149,42494,12,3525,156,7497,206,34782,168,42279,California
Sutter,2021-06-09,367,74303,234,28151,128,42622,5,3530,128,7393,237,35019,133,42412,California
Sutter,2021-06-10,383,74686,276,28427,97,42719,10,3540,150,7323,230,35249,160,42572,California
Sutter,2021-06-11,336,75022,214,28641,116,42835,6,3546,116,7228,216,35465,121,42693,California
Sutter,2021-06-12,243,75265,170,28811,58,42893,15,3561,69,7138,174,35639,84,42777,California
Sutter,2021-06-13,83,75348,65,28876,17,42910,1,3562,22,7101,60,35699,23,42800,California
Sutter,2021-06-14,190,75538,111,28987,68,42978,11,3573,74,7072,114,35813,85,42885,California
Sutter,2021-06-15,281,75819,151,29138,117,43095,13,3586,101,7008,178,35991,114,42999,California
Sutter,2021-06-16,221,76040,142,29280,70,43165,9,3595,106,7008,115,36106,115,43114,California
Sutter,2021-06-17,281,76321,171,29451,104,43269,6,3601,121,6977,158,36264,127,43241,California
Sutter,2021-06-18,264,76585,169,29620,80,43349,15,3616,93,6918,167,36431,108,43349,California
Sutter,2021-06-19,208,76793,139,29759,65,43414,4,3620,59,6834,147,36578,63,43412,California
Sutter,2021-06-20,70,76863,49,29808,19,43433,2,3622,31,6828,39,36617,33,43445,California
Sutter,2021-06-21,113,76976,54,29862,47,43480,12,3634,51,6831,60,36677,63,43508,California
Sutter,2021-06-22,221,77197,128,29990,90,43570,3,3637,86,6787,133,36810,89,43597,California
Sutter,2021-06-23,177,77374,108,30098,68,43638,1,3638,77,6765,100,36910,78,43675,California
Sutter,2021-06-24,223,77597,150,30248,64,43702,9,3647,93,6737,130,37040,102,43777,California
Sutter,2021-06-25,224,77821,144,30392,74,43776,6,3653,88,6699,132,37172,94,43871,California
Sutter,2021-06-26,218,78039,177,30569,36,43812,5,3658,74,6638,141,37313,80,43951,California
Sutter,2021-06-27,78,78117,65,30634,12,43824,1,3659,29,6620,48,37361,30,43981,California
Sutter,2021-06-28,69,78186,29,30663,38,43862,2,3661,37,6628,31,37392,39,44020,California
Tehama,2020-12-15,1,1,1,1,0,0,0,0,1,1,0,0,1,1,California
Tehama,2020-12-16,2,3,2,3,0,0,0,0,2,3,0,0,2,3,California
Tehama,2020-12-17,12,15,12,15,0,0,0,0,12,15,0,0,12,15,California
Tehama,2020-12-18,2,17,2,17,0,0,0,0,3,18,0,0,3,18,California
Tehama,2020-12-21,33,50,33,50,0,0,0,0,33,51,0,0,33,51,California
Tehama,2020-12-22,69,119,63,113,6,6,0,0,69,120,0,0,69,120,California
Tehama,2020-12-23,48,167,40,153,8,14,0,0,48,168,0,0,48,168,California
Tehama,2020-12-24,5,172,3,156,2,16,0,0,5,173,0,0,5,173,California
Tehama,2020-12-26,3,175,2,158,1,17,0,0,3,176,0,0,3,176,California
Tehama,2020-12-27,2,177,2,160,0,17,0,0,2,178,0,0,2,178,California
Tehama,2020-12-28,56,233,43,203,13,30,0,0,56,234,0,0,56,234,California
Tehama,2020-12-29,31,264,31,234,0,30,0,0,31,265,0,0,31,265,California
Tehama,2020-12-30,55,319,39,273,16,46,0,0,54,319,0,0,54,319,California
Tehama,2020-12-31,14,333,4,277,10,56,0,0,14,333,0,0,14,333,California
Tehama,2021-01-01,2,335,0,277,2,58,0,0,2,335,0,0,2,335,California
Tehama,2021-01-04,32,367,9,286,23,81,0,0,32,367,0,0,32,367,California
Tehama,2021-01-05,70,437,43,329,27,108,0,0,67,431,3,3,67,434,California
Tehama,2021-01-06,71,508,21,350,50,158,0,0,62,485,8,11,62,496,California
Tehama,2021-01-07,57,565,7,357,50,208,0,0,56,540,1,12,56,552,California
Tehama,2021-01-08,34,599,25,382,9,217,0,0,29,564,5,17,29,581,California
Tehama,2021-01-09,7,606,5,387,2,219,0,0,5,567,2,19,5,586,California
Tehama,2021-01-10,1,607,0,387,1,220,0,0,1,568,0,19,1,587,California
Tehama,2021-01-11,48,655,46,433,2,222,0,0,15,550,33,52,15,602,California
Tehama,2021-01-12,132,787,112,545,20,242,0,0,86,590,46,98,86,688,California
Tehama,2021-01-13,72,859,55,600,17,259,0,0,26,570,46,144,26,714,California
Tehama,2021-01-14,223,1082,50,650,173,432,0,0,221,789,2,146,221,935,California
Tehama,2021-01-15,250,1332,75,725,175,607,0,0,246,1031,4,150,246,1181,California
Tehama,2021-01-16,263,1595,19,744,244,851,0,0,260,1288,3,153,260,1441,California
Tehama,2021-01-17,6,1601,2,746,4,855,0,0,4,1290,2,155,4,1445,California
Tehama,2021-01-18,10,1611,6,752,4,859,0,0,5,1290,5,160,5,1450,California
Tehama,2021-01-19,292,1903,65,817,227,1086,0,0,237,1472,55,215,237,1687,California
Tehama,2021-01-20,302,2205,87,904,215,1301,0,0,252,1675,49,264,252,1939,California
Tehama,2021-01-21,214,2419,11,915,203,1504,0,0,204,1869,10,274,204,2143,California
Tehama,2021-01-22,223,2642,21,936,202,1706,0,0,220,2086,3,277,220,2363,California
Tehama,2021-01-23,257,2899,7,943,250,1956,0,0,256,2341,1,278,256,2619,California
Tehama,2021-01-24,1,2900,1,944,0,1956,0,0,1,2342,0,278,1,2620,California
Tehama,2021-01-25,33,2933,15,959,18,1974,0,0,15,2339,18,296,15,2635,California
Tehama,2021-01-26,323,3256,42,1001,281,2255,0,0,286,2588,37,333,286,2921,California
Tehama,2021-01-27,301,3557,21,1022,280,2535,0,0,281,2849,20,353,281,3202,California
Tehama,2021-01-28,343,3900,31,1053,312,2847,0,0,328,3162,15,368,328,3530,California
Tehama,2021-01-29,323,4223,20,1073,303,3150,0,0,305,3449,18,386,305,3835,California
Tehama,2021-01-30,102,4325,2,1075,100,3250,0,0,101,3549,1,387,101,3936,California
Tehama,2021-01-31,1,4326,0,1075,1,3251,0,0,1,3550,0,387,1,3937,California
Tehama,2021-02-01,79,4405,23,1098,56,3307,0,0,36,3543,43,430,36,3973,California
Tehama,2021-02-02,358,4763,64,1162,294,3601,0,0,260,3705,98,528,260,4233,California
Tehama,2021-02-03,400,5163,12,1174,388,3989,0,0,356,4017,44,572,356,4589,California
Tehama,2021-02-04,498,5661,99,1273,399,4388,0,0,417,4354,81,653,418,5007,California
Tehama,2021-02-05,181,5842,73,1346,108,4496,0,0,119,4411,62,715,119,5126,California
Tehama,2021-02-06,29,5871,14,1360,15,4511,0,0,17,4416,12,727,17,5143,California
Tehama,2021-02-07,5,5876,4,1364,1,4512,0,0,2,4415,3,730,2,5145,California
Tehama,2021-02-08,35,5911,13,1377,22,4534,0,0,26,4432,9,739,26,5171,California
Tehama,2021-02-09,78,5989,34,1411,44,4578,0,0,44,4442,34,773,44,5215,California
Tehama,2021-02-10,232,6221,63,1474,169,4747,0,0,157,4524,75,848,157,5372,California
Tehama,2021-02-11,220,6441,15,1489,205,4952,0,0,82,4470,136,984,82,5454,California
Tehama,2021-02-12,364,6805,66,1555,298,5250,0,0,172,4450,192,1176,172,5626,California
Tehama,2021-02-13,384,7189,14,1569,370,5620,0,0,145,4356,239,1415,145,5771,California
Tehama,2021-02-14,38,7227,2,1571,36,5656,0,0,36,4390,2,1417,36,5807,California
Tehama,2021-02-15,53,7280,10,1581,43,5699,0,0,47,4431,6,1423,47,5854,California
Tehama,2021-02-16,246,7526,16,1597,230,5929,0,0,63,4311,183,1606,63,5917,California
Tehama,2021-02-17,281,7807,12,1609,269,6198,0,0,53,4136,228,1834,53,5970,California
Tehama,2021-02-18,371,8178,32,1641,339,6537,0,0,145,4055,226,2060,145,6115,California
Tehama,2021-02-19,214,8392,18,1659,196,6733,0,0,43,3927,171,2231,43,6158,California
Tehama,2021-02-20,271,8663,7,1666,264,6997,0,0,27,3710,244,2475,27,6185,California
Tehama,2021-02-21,1,8664,1,1667,0,6997,0,0,1,3711,0,2475,1,6186,California
Tehama,2021-02-22,40,8704,16,1683,24,7021,0,0,27,3725,13,2488,27,6213,California
Tehama,2021-02-23,47,8751,20,1703,27,7048,0,0,26,3730,21,2509,26,6239,California
Tehama,2021-02-24,303,9054,13,1716,290,7338,0,0,29,3485,274,2783,29,6268,California
Tehama,2021-02-25,380,9434,60,1776,320,7658,0,0,40,3185,340,3123,40,6308,California
Tehama,2021-02-26,461,9895,19,1795,442,8100,0,0,71,2866,390,3513,71,6379,California
Tehama,2021-02-27,294,10189,5,1800,289,8389,0,0,34,2640,260,3773,34,6413,California
Tehama,2021-02-28,23,10212,2,1802,21,8410,0,0,20,2657,3,3776,20,6433,California
Tehama,2021-03-01,67,10279,8,1810,59,8469,0,0,33,2656,34,3810,33,6466,California
Tehama,2021-03-02,151,10430,18,1828,133,8602,0,0,30,2565,121,3931,30,6496,California
Tehama,2021-03-03,166,10596,32,1860,134,8736,0,0,50,2499,116,4047,50,6546,California
Tehama,2021-03-04,656,11252,36,1896,620,9356,0,0,224,2298,425,4472,224,6770,California
Tehama,2021-03-05,404,11656,20,1916,384,9740,0,0,215,2325,188,4660,215,6985,California
Tehama,2021-03-06,303,11959,15,1931,288,10028,0,0,80,2184,222,4882,81,7066,California
Tehama,2021-03-07,5,11964,1,1932,4,10032,0,0,3,2186,1,4883,3,7069,California
Tehama,2021-03-08,57,12021,12,1944,30,10062,15,15,26,2197,30,4913,41,7110,California
Tehama,2021-03-09,367,12388,8,1952,340,10402,19,34,312,2473,55,4968,331,7441,California
Tehama,2021-03-10,355,12743,17,1969,317,10719,21,55,73,2286,281,5249,94,7535,California
Tehama,2021-03-11,493,13236,18,1987,426,11145,49,104,345,2532,148,5397,394,7929,California
Tehama,2021-03-12,307,13543,20,2007,222,11367,65,169,179,2649,127,5524,244,8173,California
Tehama,2021-03-13,49,13592,8,2015,34,11401,7,176,6,2619,43,5567,13,8186,California
Tehama,2021-03-14,53,13645,3,2018,40,11441,10,186,9,2594,44,5611,19,8205,California
Tehama,2021-03-15,154,13799,22,2040,112,11553,20,206,84,2628,70,5681,104,8309,California
Tehama,2021-03-16,418,14217,14,2054,366,11919,38,244,315,2879,102,5783,353,8662,California
Tehama,2021-03-17,434,14651,22,2076,380,12299,32,276,351,3181,81,5864,383,9045,California
Tehama,2021-03-18,486,15137,26,2102,436,12735,24,300,308,3337,176,6040,332,9377,California
Tehama,2021-03-19,318,15455,22,2124,283,13018,13,313,276,3584,42,6082,289,9666,California
Tehama,2021-03-20,41,15496,8,2132,31,13049,2,315,29,3603,12,6094,31,9697,California
Tehama,2021-03-21,12,15508,5,2137,7,13056,0,315,12,3615,0,6094,12,9709,California
Tehama,2021-03-22,92,15600,8,2145,67,13123,17,332,51,3642,41,6135,68,9777,California
Tehama,2021-03-23,88,15688,28,2173,54,13177,6,338,70,3700,18,6153,76,9853,California
Tehama,2021-03-24,86,15774,16,2189,68,13245,2,340,55,3726,31,6184,57,9910,California
Tehama,2021-03-25,526,16300,356,2545,157,13402,13,353,473,4160,52,6236,486,10396,California
Tehama,2021-03-26,515,16815,404,2949,99,13501,12,365,435,4530,77,6313,447,10843,California
Tehama,2021-03-27,458,17273,362,3311,71,13572,25,390,389,4876,68,6381,414,11257,California
Tehama,2021-03-28,31,17304,10,3321,21,13593,0,390,19,4883,12,6393,19,11276,California
Tehama,2021-03-29,124,17428,31,3352,92,13685,1,391,78,4915,46,6439,78,11354,California
Tehama,2021-03-30,371,17799,221,3573,148,13833,2,393,252,5050,119,6558,254,11608,California
Tehama,2021-03-31,400,18199,298,3871,99,13932,3,396,327,5307,72,6630,329,11937,California
Tehama,2021-04-01,528,18727,247,4118,275,14207,6,402,395,5576,132,6762,401,12338,California
Tehama,2021-04-02,458,19185,215,4333,237,14444,6,408,272,5667,186,6948,277,12615,California
Tehama,2021-04-03,62,19247,4,4337,53,14497,5,413,31,5672,31,6979,36,12651,California
Tehama,2021-04-04,35,19282,7,4344,27,14524,1,414,23,5684,12,6991,24,12675,California
Tehama,2021-04-05,118,19400,21,4365,69,14593,28,442,61,5716,57,7048,89,12764,California
Tehama,2021-04-06,492,19892,109,4474,332,14925,51,493,137,5549,355,7403,188,12952,California
Tehama,2021-04-07,416,20308,283,4757,90,15015,43,536,303,5782,112,7515,345,13297,California
Tehama,2021-04-08,606,20914,175,4932,391,15406,40,576,230,5677,375,7890,270,13567,California
Tehama,2021-04-09,430,21344,193,5125,204,15610,33,609,215,5711,214,8104,248,13815,California
Tehama,2021-04-10,79,21423,9,5134,38,15648,32,641,40,5744,39,8143,72,13887,California
Tehama,2021-04-11,33,21456,7,5141,15,15663,11,652,8,5738,25,8168,19,13906,California
Tehama,2021-04-12,112,21568,6,5147,87,15750,19,671,40,5725,72,8240,59,13965,California
Tehama,2021-04-13,390,21958,66,5213,324,16074,0,671,67,5469,323,8563,67,14032,California
Tehama,2021-04-14,407,22365,53,5266,354,16428,0,671,50,5164,355,8918,50,14082,California
Tehama,2021-04-15,516,22881,193,5459,323,16751,0,671,80,4809,435,9353,80,14162,California
Tehama,2021-04-16,599,23480,343,5802,256,17007,0,671,76,4362,523,9876,76,14238,California
Tehama,2021-04-17,349,23829,269,6071,80,17087,0,671,41,4097,307,10183,42,14280,California
Tehama,2021-04-18,17,23846,3,6074,14,17101,0,671,14,4108,3,10186,14,14294,California
Tehama,2021-04-19,96,23942,7,6081,89,17190,0,671,41,4094,55,10241,41,14335,California
Tehama,2021-04-20,528,24470,435,6516,93,17283,0,671,153,3877,372,10613,155,14490,California
Tehama,2021-04-21,513,24983,434,6950,79,17362,0,671,171,3708,340,10953,171,14661,California
Tehama,2021-04-22,526,25509,366,7316,160,17522,0,671,157,3499,366,11319,157,14818,California
Tehama,2021-04-23,451,25960,350,7666,101,17623,0,671,202,3454,248,11567,203,15021,California
Tehama,2021-04-24,104,26064,18,7684,86,17709,0,671,27,3404,77,11644,27,15048,California
Tehama,2021-04-25,29,26093,18,7702,11,17720,0,671,9,3394,19,11663,9,15057,California
Tehama,2021-04-26,86,26179,12,7714,74,17794,0,671,47,3402,39,11702,47,15104,California
Tehama,2021-04-27,256,26435,208,7922,47,17841,1,672,95,3337,161,11863,96,15200,California
Tehama,2021-04-28,404,26839,324,8246,63,17904,17,689,71,3092,333,12196,88,15288,California
Tehama,2021-04-29,358,27197,173,8419,179,18083,6,695,71,2883,286,12482,77,15365,California
Tehama,2021-04-30,327,27524,240,8659,81,18164,6,701,113,2788,214,12696,119,15484,California
Tehama,2021-05-01,74,27598,4,8663,67,18231,3,704,16,2749,58,12754,19,15503,California
Tehama,2021-05-02,46,27644,24,8687,10,18241,12,716,26,2767,20,12774,38,15541,California
Tehama,2021-05-03,117,27761,40,8727,69,18310,8,724,62,2782,55,12829,70,15611,California
Tehama,2021-05-04,163,27924,59,8786,97,18407,7,731,70,2766,93,12922,77,15688,California
Tehama,2021-05-05,93,28017,24,8810,59,18466,10,741,44,2771,49,12971,54,15742,California
Tehama,2021-05-06,166,28183,91,8901,60,18526,15,756,100,2820,66,13037,115,15857,California
Tehama,2021-05-07,174,28357,73,8974,90,18616,11,767,48,2755,124,13161,59,15916,California
Tehama,2021-05-08,50,28407,6,8980,43,18659,1,768,14,2734,36,13197,15,15931,California
Tehama,2021-05-09,16,28423,4,8984,12,18671,0,768,6,2730,10,13207,6,15937,California
Tehama,2021-05-10,79,28502,8,8992,65,18736,6,774,38,2733,40,13247,43,15980,California
Tehama,2021-05-11,174,28676,115,9107,49,18785,10,784,36,2641,138,13385,46,16026,California
Tehama,2021-05-12,212,28888,133,9240,68,18853,11,795,47,2534,165,13550,58,16084,California
Tehama,2021-05-13,246,29134,167,9407,71,18924,8,803,112,2521,133,13683,120,16204,California
Tehama,2021-05-14,246,29380,133,9540,92,19016,21,824,57,2411,188,13871,78,16282,California
Tehama,2021-05-15,224,29604,135,9675,54,19070,35,859,161,2545,62,13933,196,16478,California
Tehama,2021-05-16,27,29631,7,9682,17,19087,3,862,15,2551,12,13945,18,16496,California
Tehama,2021-05-17,111,29742,30,9712,66,19153,15,877,52,2560,58,14003,67,16563,California
Tehama,2021-05-18,149,29891,77,9789,57,19210,15,892,46,2520,101,14104,61,16624,California
Tehama,2021-05-19,125,30016,53,9842,62,19272,10,902,38,2481,87,14191,48,16672,California
Tehama,2021-05-20,325,30341,234,10076,68,19340,23,925,222,2624,102,14293,245,16917,California
Tehama,2021-05-21,220,30561,99,10175,108,19448,13,938,78,2575,140,14433,91,17008,California
Tehama,2021-05-22,64,30625,31,10206,29,19477,4,942,36,2587,28,14461,40,17048,California
Tehama,2021-05-23,48,30673,23,10229,14,19491,11,953,12,2574,36,14497,23,17071,California
Tehama,2021-05-24,99,30772,31,10260,60,19551,8,961,34,2551,65,14562,42,17113,California
Tehama,2021-05-25,76,30848,19,10279,49,19600,8,969,46,2575,29,14591,53,17166,California
Tehama,2021-05-26,78,30926,29,10308,46,19646,3,972,50,2601,27,14618,53,17219,California
Tehama,2021-05-27,151,31077,95,10403,52,19698,4,976,49,2554,100,14718,53,17272,California
Tehama,2021-05-28,133,31210,36,10439,90,19788,7,983,62,2553,70,14788,69,17341,California
Tehama,2021-05-29,52,31262,8,10447,39,19827,5,988,33,2572,19,14807,38,17379,California
Tehama,2021-05-30,11,31273,2,10449,8,19835,1,989,2,2566,9,14816,3,17382,California
Tehama,2021-05-31,17,31290,2,10451,14,19849,1,990,5,2560,12,14828,6,17388,California
Tehama,2021-06-01,95,31385,18,10469,60,19909,17,1007,31,2544,64,14892,48,17436,California
Tehama,2021-06-02,87,31472,30,10499,52,19961,5,1012,31,2524,56,14948,36,17472,California
Tehama,2021-06-03,134,31606,100,10599,23,19984,11,1023,28,2457,106,15054,39,17511,California
Tehama,2021-06-04,135,31741,35,10634,86,20070,14,1037,59,2453,75,15129,71,17582,California
Tehama,2021-06-05,157,31898,127,10761,22,20092,8,1045,31,2367,125,15254,39,17621,California
Tehama,2021-06-06,14,31912,7,10768,1,20093,6,1051,2,2363,11,15265,7,17628,California
Tehama,2021-06-07,66,31978,26,10794,38,20131,2,1053,16,2331,50,15315,18,17646,California
Tehama,2021-06-08,100,32078,33,10827,58,20189,9,1062,36,2312,64,15379,45,17691,California
Tehama,2021-06-09,85,32163,42,10869,41,20230,2,1064,43,2315,42,15421,45,17736,California
Tehama,2021-06-10,259,32422,209,11078,40,20270,10,1074,38,2143,220,15641,48,17784,California
Tehama,2021-06-11,141,32563,64,11142,68,20338,9,1083,51,2116,87,15728,60,17844,California
Tehama,2021-06-12,60,32623,37,11179,23,20361,0,1083,23,2102,37,15765,23,17867,California
Tehama,2021-06-13,22,32645,6,11185,10,20371,6,1089,5,2096,17,15782,11,17878,California
Tehama,2021-06-14,88,32733,14,11199,68,20439,6,1095,26,2066,62,15844,32,17910,California
Tehama,2021-06-15,89,32822,39,11238,39,20478,11,1106,33,2055,55,15899,44,17954,California
Tehama,2021-06-16,90,32912,60,11298,27,20505,3,1109,47,2062,43,15942,50,18004,California
Tehama,2021-06-17,148,33060,105,11403,28,20533,15,1124,84,2098,62,16004,98,18102,California
Tehama,2021-06-18,98,33158,39,11442,45,20578,14,1138,31,2076,67,16071,45,18147,California
Tehama,2021-06-19,38,33196,13,11455,20,20598,5,1143,17,2077,21,16092,22,18169,California
Tehama,2021-06-20,13,33209,3,11458,9,20607,1,1144,4,2073,9,16101,5,18174,California
Tehama,2021-06-21,55,33264,11,11469,37,20644,7,1151,18,2061,37,16138,25,18199,California
Tehama,2021-06-22,77,33341,23,11492,41,20685,13,1164,31,2060,45,16183,44,18243,California
Tehama,2021-06-23,95,33436,54,11546,37,20722,4,1168,46,2061,48,16231,49,18292,California
Tehama,2021-06-24,81,33517,41,11587,32,20754,8,1176,45,2078,36,16267,53,18345,California
Tehama,2021-06-25,127,33644,69,11656,51,20805,7,1183,55,2069,71,16338,62,18407,California
Tehama,2021-06-26,44,33688,23,11679,21,20826,0,1183,21,2067,23,16361,21,18428,California
Tehama,2021-06-27,7,33695,4,11683,3,20829,0,1183,5,2070,2,16363,5,18433,California
Tehama,2021-06-28,33,33728,15,11698,14,20843,4,1187,18,2077,15,16378,22,18455,California
Trinity,2020-12-17,4,4,4,4,0,0,0,0,4,4,0,0,4,4,California
Trinity,2020-12-18,2,6,2,6,0,0,0,0,2,6,0,0,2,6,California
Trinity,2020-12-21,38,44,38,44,0,0,0,0,38,44,0,0,38,44,California
Trinity,2020-12-22,4,48,4,48,0,0,0,0,4,48,0,0,4,48,California
Trinity,2020-12-23,6,54,5,53,1,1,0,0,6,54,0,0,6,54,California
Trinity,2020-12-28,31,85,31,84,0,1,0,0,31,85,0,0,31,85,California
Trinity,2020-12-29,8,93,7,91,1,2,0,0,8,93,0,0,8,93,California
Trinity,2020-12-30,10,103,8,99,2,4,0,0,10,103,0,0,10,103,California
Trinity,2020-12-31,2,105,1,100,1,5,0,0,2,105,0,0,2,105,California
Trinity,2021-01-04,28,133,0,100,28,33,0,0,27,132,0,0,27,132,California
Trinity,2021-01-05,3,136,1,101,2,35,0,0,3,135,0,0,3,135,California
Trinity,2021-01-06,24,160,4,105,20,55,0,0,20,151,4,4,20,155,California
Trinity,2021-01-08,49,209,2,107,47,102,0,0,48,197,2,6,48,203,California
Trinity,2021-01-11,41,250,38,145,3,105,0,0,4,164,37,43,4,207,California
Trinity,2021-01-12,9,259,6,151,3,108,0,0,4,163,5,48,4,211,California
Trinity,2021-01-13,7,266,4,155,3,111,0,0,4,164,3,51,4,215,California
Trinity,2021-01-14,4,270,1,156,3,114,0,0,4,168,0,51,4,219,California
Trinity,2021-01-15,4,274,0,156,4,118,0,0,4,172,0,51,4,223,California
Trinity,2021-01-16,4,278,0,156,4,122,0,0,4,176,0,51,4,227,California
Trinity,2021-01-18,31,309,31,187,0,122,0,0,0,145,31,82,0,227,California
Trinity,2021-01-19,35,344,14,201,21,143,0,0,21,152,14,96,21,248,California
Trinity,2021-01-20,20,364,3,204,17,160,0,0,17,166,3,99,17,265,California
Trinity,2021-01-21,17,381,7,211,10,170,0,0,17,183,0,99,17,282,California
Trinity,2021-01-22,5,386,1,212,4,174,0,0,5,188,0,99,5,287,California
Trinity,2021-01-23,7,393,3,215,4,178,0,0,7,195,0,99,7,294,California
Trinity,2021-01-25,14,407,1,216,13,191,0,0,13,207,1,100,13,307,California
Trinity,2021-01-26,10,417,1,217,9,200,0,0,9,215,1,101,9,316,California
Trinity,2021-01-27,12,429,0,217,12,212,0,0,12,227,0,101,12,328,California
Trinity,2021-01-28,13,442,3,220,10,222,0,0,10,234,3,104,10,338,California
Trinity,2021-01-29,2,444,0,220,2,224,0,0,1,234,1,105,1,339,California
Trinity,2021-01-30,12,456,11,231,1,225,0,0,12,246,0,105,12,351,California
Trinity,2021-02-01,2,458,1,232,1,226,0,0,1,246,1,106,1,352,California
Trinity,2021-02-02,15,473,3,235,12,238,0,0,14,259,1,107,14,366,California
Trinity,2021-02-03,7,480,1,236,6,244,0,0,4,260,3,110,4,370,California
Trinity,2021-02-04,42,522,32,268,10,254,0,0,35,288,7,117,35,405,California
Trinity,2021-02-05,354,876,0,268,354,608,0,0,323,580,31,148,323,728,California
Trinity,2021-02-06,210,1086,5,273,205,813,0,0,203,776,7,155,203,931,California
Trinity,2021-02-07,1,1087,0,273,1,814,0,0,1,777,0,155,1,932,California
Trinity,2021-02-08,27,1114,0,273,27,841,0,0,16,782,11,166,16,948,California
Trinity,2021-02-09,27,1141,2,275,25,866,0,0,11,777,16,182,11,959,California
Trinity,2021-02-10,122,1263,10,285,112,978,0,0,102,859,20,202,102,1061,California
Trinity,2021-02-11,339,1602,2,287,337,1315,0,0,332,1184,7,209,332,1393,California
Trinity,2021-02-12,18,1620,10,297,8,1323,0,0,14,1194,4,213,14,1407,California
Trinity,2021-02-13,13,1633,6,303,7,1330,0,0,6,1193,7,220,6,1413,California
Trinity,2021-02-14,2,1635,2,305,0,1330,0,0,2,1195,0,220,2,1415,California
Trinity,2021-02-15,47,1682,0,305,47,1377,0,0,47,1242,0,220,47,1462,California
Trinity,2021-02-16,4,1686,1,306,3,1380,0,0,2,1242,2,222,2,1464,California
Trinity,2021-02-17,94,1780,2,308,92,1472,0,0,84,1316,10,232,84,1548,California
Trinity,2021-02-18,4,1784,0,308,4,1476,0,0,1,1314,3,235,1,1549,California
Trinity,2021-02-19,308,2092,2,310,306,1782,0,0,294,1594,14,249,294,1843,California
Trinity,2021-02-20,142,2234,14,324,128,1910,0,0,114,1680,28,277,114,1957,California
Trinity,2021-02-21,1,2235,1,325,0,1910,0,0,1,1681,0,277,1,1958,California
Trinity,2021-02-22,8,2243,0,325,8,1918,0,0,5,1683,3,280,5,1963,California
Trinity,2021-02-23,10,2253,3,328,7,1925,0,0,5,1683,5,285,5,1968,California
Trinity,2021-02-24,30,2283,8,336,22,1947,0,0,7,1667,23,308,7,1975,California
Trinity,2021-02-25,36,2319,23,359,13,1960,0,0,5,1641,31,339,5,1980,California
Trinity,2021-02-26,11,2330,1,360,10,1970,0,0,5,1640,6,345,5,1985,California
Trinity,2021-02-27,10,2340,8,368,2,1972,0,0,4,1638,6,351,4,1989,California
Trinity,2021-03-01,10,2350,0,368,10,1982,0,0,5,1638,5,356,5,1994,California
Trinity,2021-03-02,9,2359,3,371,6,1988,0,0,2,1633,7,363,2,1996,California
Trinity,2021-03-03,4,2363,0,371,4,1992,0,0,3,1635,1,364,3,1999,California
Trinity,2021-03-04,24,2387,19,390,5,1997,0,0,10,1631,14,378,10,2009,California
Trinity,2021-03-05,388,2775,1,391,387,2384,0,0,120,1487,264,642,120,2129,California
Trinity,2021-03-06,202,2977,7,398,195,2579,0,0,26,1337,176,818,26,2155,California
Trinity,2021-03-07,4,2981,3,401,1,2580,0,0,3,1339,1,819,3,2158,California
Trinity,2021-03-08,5,2986,1,402,3,2583,1,1,2,1339,3,822,3,2161,California
Trinity,2021-03-09,94,3080,0,402,92,2675,2,3,88,1423,6,828,90,2251,California
Trinity,2021-03-10,126,3206,3,405,120,2795,3,6,38,1376,88,916,41,2292,California
Trinity,2021-03-11,16,3222,4,409,10,2805,2,8,5,1372,11,927,7,2299,California
Trinity,2021-03-12,398,3620,5,414,387,3192,6,14,96,1172,302,1229,102,2401,California
Trinity,2021-03-13,13,3633,8,422,3,3195,2,16,8,1177,5,1234,10,2411,California
Trinity,2021-03-14,4,3637,1,423,3,3198,0,16,3,1179,1,1235,3,2414,California
Trinity,2021-03-15,67,3704,0,423,66,3264,1,17,14,1141,53,1288,15,2429,California
Trinity,2021-03-16,116,3820,7,430,109,3373,0,17,103,1231,13,1301,103,2532,California
Trinity,2021-03-17,100,3920,3,433,97,3470,0,17,26,1183,74,1375,26,2558,California
Trinity,2021-03-18,10,3930,2,435,5,3475,3,20,5,1186,5,1380,8,2566,California
Trinity,2021-03-19,460,4390,4,439,346,3821,110,130,33,902,427,1807,143,2709,California
Trinity,2021-03-20,105,4495,7,446,98,3919,0,130,70,938,34,1841,70,2779,California
Trinity,2021-03-21,4,4499,0,446,3,3922,1,131,3,941,1,1842,4,2783,California
Trinity,2021-03-22,2,4501,0,446,2,3924,0,131,2,943,0,1842,2,2785,California
Trinity,2021-03-23,95,4596,2,448,93,4017,0,131,77,1002,18,1860,77,2862,California
Trinity,2021-03-24,12,4608,1,449,11,4028,0,131,9,1008,3,1863,9,2871,California
Trinity,2021-03-25,111,4719,8,457,97,4125,6,137,85,1073,26,1889,91,2962,California
Trinity,2021-03-26,84,4803,8,465,76,4201,0,137,77,1143,7,1896,77,3039,California
Trinity,2021-03-27,20,4823,4,469,7,4208,9,146,9,1150,11,1907,18,3057,California
Trinity,2021-03-28,5,4828,3,472,2,4210,0,146,1,1147,4,1911,1,3058,California
Trinity,2021-03-29,6,4834,1,473,5,4215,0,146,2,1145,4,1915,2,3060,California
Trinity,2021-03-30,77,4911,5,478,72,4287,0,146,67,1202,10,1925,67,3127,California
Trinity,2021-03-31,56,4967,5,483,19,4306,32,178,21,1219,35,1960,52,3179,California
Trinity,2021-04-01,40,5007,10,493,19,4325,11,189,21,1232,19,1979,32,3211,California
Trinity,2021-04-02,249,5256,5,498,170,4495,74,263,77,1212,171,2150,151,3362,California
Trinity,2021-04-03,17,5273,12,510,5,4500,0,263,7,1209,10,2160,7,3369,California
Trinity,2021-04-04,10,5283,8,518,2,4502,0,263,8,1215,2,2162,8,3377,California
Trinity,2021-04-05,58,5341,6,524,51,4553,1,264,54,1266,4,2166,55,3432,California
Trinity,2021-04-06,117,5458,15,539,99,4652,3,267,28,1208,89,2255,31,3463,California
Trinity,2021-04-07,27,5485,12,551,10,4662,5,272,19,1224,8,2263,24,3487,California
Trinity,2021-04-08,89,5574,10,561,77,4739,2,274,52,1241,37,2300,54,3541,California
Trinity,2021-04-09,169,5743,20,581,145,4884,4,278,91,1258,78,2378,95,3636,California
Trinity,2021-04-10,11,5754,7,588,4,4888,0,278,10,1267,1,2379,10,3646,California
Trinity,2021-04-11,10,5764,5,593,3,4891,2,280,4,1267,6,2385,6,3652,California
Trinity,2021-04-12,77,5841,5,598,71,4962,1,281,64,1319,12,2397,64,3716,California
Trinity,2021-04-13,104,5945,5,603,99,5061,0,281,11,1237,93,2490,11,3727,California
Trinity,2021-04-14,10,5955,5,608,5,5066,0,281,6,1239,4,2494,6,3733,California
Trinity,2021-04-15,46,6001,11,619,35,5101,0,281,16,1226,29,2523,16,3749,California
Trinity,2021-04-16,151,6152,13,632,138,5239,0,281,78,1232,72,2595,78,3827,California
Trinity,2021-04-17,11,6163,5,637,6,5245,0,281,9,1239,2,2597,9,3836,California
Trinity,2021-04-18,3,6166,1,638,2,5247,0,281,0,1236,3,2600,0,3836,California
Trinity,2021-04-19,67,6233,2,640,65,5312,0,281,66,1301,1,2601,66,3902,California
Trinity,2021-04-20,94,6327,8,648,86,5398,0,281,21,1249,73,2674,21,3923,California
Trinity,2021-04-21,22,6349,9,657,13,5411,0,281,9,1245,13,2687,9,3932,California
Trinity,2021-04-22,92,6441,5,662,87,5498,0,281,14,1181,78,2765,14,3946,California
Trinity,2021-04-23,179,6620,6,668,173,5671,0,281,111,1224,68,2833,111,4057,California
Trinity,2021-04-24,23,6643,12,680,11,5682,0,281,6,1213,17,2850,6,4063,California
Trinity,2021-04-25,10,6653,9,689,1,5683,0,281,3,1210,6,2856,3,4066,California
Trinity,2021-04-26,48,6701,9,698,39,5722,0,281,40,1242,8,2864,40,4106,California
Trinity,2021-04-27,88,6789,11,709,77,5799,0,281,23,1200,65,2929,23,4129,California
Trinity,2021-04-28,33,6822,11,720,22,5821,0,281,12,1191,21,2950,12,4141,California
Trinity,2021-04-29,34,6856,13,733,21,5842,0,281,12,1181,22,2972,12,4153,California
Trinity,2021-04-30,27,6883,21,754,6,5848,0,281,8,1171,18,2990,8,4161,California
Trinity,2021-05-01,15,6898,8,762,2,5850,5,286,5,1171,10,3000,10,4171,California
Trinity,2021-05-02,8,6906,5,767,1,5851,2,288,2,1169,6,3006,4,4175,California
Trinity,2021-05-03,58,6964,13,780,44,5895,1,289,9,1131,48,3054,10,4185,California
Trinity,2021-05-04,23,6987,11,791,11,5906,1,290,8,1125,15,3069,9,4194,California
Trinity,2021-05-05,11,6998,7,798,4,5910,0,290,4,1122,7,3076,4,4198,California
Trinity,2021-05-06,73,7071,10,808,61,5971,2,292,16,1083,57,3133,18,4216,California
Trinity,2021-05-07,176,7247,12,820,130,6101,34,326,14,969,162,3295,48,4264,California
Trinity,2021-05-08,6,7253,2,822,4,6105,0,326,2,967,4,3299,2,4266,California
Trinity,2021-05-09,11,7264,8,830,3,6108,0,326,7,970,4,3303,7,4273,California
Trinity,2021-05-10,16,7280,6,836,9,6117,1,327,8,971,8,3311,9,4282,California
Trinity,2021-05-11,7,7287,3,839,4,6121,0,327,5,974,2,3313,5,4287,California
Trinity,2021-05-12,19,7306,16,855,2,6123,1,328,14,984,5,3318,15,4302,California
Trinity,2021-05-13,15,7321,10,865,4,6127,1,329,9,988,6,3324,10,4312,California
Trinity,2021-05-14,138,7459,19,884,91,6218,28,357,39,956,99,3423,67,4379,California
Trinity,2021-05-15,15,7474,10,894,4,6222,1,358,7,957,7,3430,8,4387,California
Trinity,2021-05-16,8,7482,6,900,2,6224,0,358,6,961,2,3432,6,4393,California
Trinity,2021-05-17,108,7590,20,920,86,6310,2,360,42,939,66,3498,44,4437,California
Trinity,2021-05-18,37,7627,7,927,29,6339,1,361,11,925,26,3524,12,4449,California
Trinity,2021-05-19,143,7770,17,944,97,6436,29,390,26,864,116,3640,55,4504,California
Trinity,2021-05-20,28,7798,21,965,4,6440,3,393,17,873,11,3651,20,4524,California
Trinity,2021-05-21,21,7819,12,977,9,6449,0,393,12,876,9,3660,12,4536,California
Trinity,2021-05-22,17,7836,14,991,3,6452,0,393,13,885,4,3664,13,4549,California
Trinity,2021-05-23,6,7842,4,995,2,6454,0,393,2,883,4,3668,2,4551,California
Trinity,2021-05-24,109,7951,12,1007,96,6550,1,394,8,792,100,3768,9,4560,California
Trinity,2021-05-25,39,7990,14,1021,25,6575,0,394,17,787,22,3790,17,4577,California
Trinity,2021-05-26,12,8002,6,1027,6,6581,0,394,4,783,8,3798,4,4581,California
Trinity,2021-05-27,30,8032,13,1040,12,6593,5,399,7,772,23,3821,12,4593,California
Trinity,2021-05-28,14,8046,10,1050,3,6596,1,400,7,773,7,3828,8,4601,California
Trinity,2021-05-29,10,8056,7,1057,2,6598,1,401,7,778,3,3831,8,4609,California
Trinity,2021-05-30,6,8062,5,1062,1,6599,0,401,0,772,6,3837,0,4609,California
Trinity,2021-05-31,4,8066,3,1065,1,6600,0,401,2,772,2,3839,2,4611,California
Trinity,2021-06-01,15,8081,8,1073,5,6605,2,403,4,768,10,3849,6,4617,California
Trinity,2021-06-02,24,8105,19,1092,3,6608,2,405,9,764,15,3864,11,4628,California
Trinity,2021-06-03,39,8144,13,1105,26,6634,0,405,13,751,26,3890,13,4641,California
Trinity,2021-06-04,45,8189,21,1126,16,6650,8,413,12,738,33,3923,20,4661,California
Trinity,2021-06-05,19,8208,18,1144,1,6651,0,413,13,745,6,3929,13,4674,California
Trinity,2021-06-06,9,8217,6,1150,2,6653,1,414,2,741,7,3936,3,4677,California
Trinity,2021-06-07,28,8245,19,1169,8,6661,1,415,12,738,16,3952,13,4690,California
Trinity,2021-06-08,14,8259,12,1181,1,6662,1,416,4,733,10,3962,5,4695,California
Trinity,2021-06-09,24,8283,14,1195,1,6663,9,425,5,728,19,3981,14,4709,California
Trinity,2021-06-10,20,8303,18,1213,2,6665,0,425,5,718,15,3996,5,4714,California
Trinity,2021-06-11,45,8348,10,1223,33,6698,2,427,14,703,31,4027,16,4730,California
Trinity,2021-06-12,9,8357,9,1232,0,6698,0,427,2,698,7,4034,2,4732,California
Trinity,2021-06-13,4,8361,4,1236,0,6698,0,427,1,696,3,4037,1,4733,California
Trinity,2021-06-14,43,8404,16,1252,27,6725,0,427,11,675,32,4069,11,4744,California
Trinity,2021-06-15,45,8449,21,1273,3,6728,21,448,9,668,36,4105,29,4773,California
Trinity,2021-06-16,10,8459,6,1279,4,6732,0,448,3,664,7,4112,3,4776,California
Trinity,2021-06-17,15,8474,13,1292,0,6732,2,450,5,662,9,4121,7,4783,California
Trinity,2021-06-18,15,8489,10,1302,3,6735,2,452,6,661,9,4130,8,4791,California
Trinity,2021-06-19,10,8499,10,1312,0,6735,0,452,2,655,8,4138,2,4793,California
Trinity,2021-06-20,3,8502,3,1315,0,6735,0,452,3,658,0,4138,3,4796,California
Trinity,2021-06-21,8,8510,6,1321,0,6735,2,454,5,662,3,4141,7,4803,California
Trinity,2021-06-22,33,8543,10,1331,13,6748,10,464,14,667,19,4160,24,4827,California
Trinity,2021-06-23,15,8558,8,1339,1,6749,6,470,2,662,13,4173,8,4835,California
Trinity,2021-06-24,24,8582,14,1353,4,6753,6,476,15,674,9,4182,21,4856,California
Trinity,2021-06-25,10,8592,10,1363,0,6753,0,476,6,676,4,4186,6,4862,California
Trinity,2021-06-26,18,8610,18,1381,0,6753,0,476,8,674,10,4196,8,4870,California
Trinity,2021-06-27,4,8614,4,1385,0,6753,0,476,0,670,4,4200,0,4870,California
Trinity,2021-06-28,11,8625,9,1394,1,6754,1,477,4,668,7,4207,5,4875,California
Tulare,2020-12-15,1,1,1,1,0,0,0,0,1,1,0,0,1,1,California
Tulare,2020-12-16,4,5,4,5,0,0,0,0,4,5,0,0,4,5,California
Tulare,2020-12-17,110,115,110,115,0,0,0,0,110,115,0,0,110,115,California
Tulare,2020-12-18,290,405,289,404,1,1,0,0,290,405,0,0,290,405,California
Tulare,2020-12-19,326,731,326,730,0,1,0,0,326,731,0,0,326,731,California
Tulare,2020-12-20,165,896,165,895,0,1,0,0,165,896,0,0,165,896,California
Tulare,2020-12-21,423,1319,423,1318,0,1,0,0,443,1339,0,0,443,1339,California
Tulare,2020-12-22,470,1789,468,1786,2,3,0,0,469,1808,0,0,469,1808,California
Tulare,2020-12-23,327,2116,318,2104,9,12,0,0,325,2133,0,0,325,2133,California
Tulare,2020-12-24,18,2134,16,2120,2,14,0,0,18,2151,0,0,18,2151,California
Tulare,2020-12-26,8,2142,7,2127,1,15,0,0,8,2159,0,0,8,2159,California
Tulare,2020-12-27,16,2158,12,2139,4,19,0,0,16,2175,0,0,16,2175,California
Tulare,2020-12-28,481,2639,468,2607,13,32,0,0,480,2655,0,0,480,2655,California
Tulare,2020-12-29,549,3188,479,3086,70,102,0,0,549,3204,0,0,549,3204,California
Tulare,2020-12-30,468,3656,424,3510,44,146,0,0,468,3672,0,0,468,3672,California
Tulare,2020-12-31,100,3756,22,3532,78,224,0,0,100,3772,0,0,100,3772,California
Tulare,2021-01-01,3,3759,1,3533,2,226,0,0,3,3775,0,0,3,3775,California
Tulare,2021-01-02,32,3791,19,3552,13,239,0,0,32,3807,0,0,32,3807,California
Tulare,2021-01-03,23,3814,9,3561,14,253,0,0,23,3830,0,0,23,3830,California
Tulare,2021-01-04,93,3907,16,3577,77,330,0,0,93,3923,0,0,93,3923,California
Tulare,2021-01-05,465,4372,279,3856,186,516,0,0,463,4384,2,2,463,4386,California
Tulare,2021-01-06,861,5233,631,4487,230,746,0,0,851,5225,10,12,851,5237,California
Tulare,2021-01-07,782,6015,585,5072,197,943,0,0,674,5791,108,120,674,5911,California
Tulare,2021-01-08,1280,7295,573,5645,707,1650,0,0,943,6398,336,456,943,6854,California
Tulare,2021-01-09,807,8102,204,5849,603,2253,0,0,619,6829,188,644,619,7473,California
Tulare,2021-01-10,51,8153,43,5892,8,2261,0,0,13,6804,38,682,13,7486,California
Tulare,2021-01-11,1274,9427,771,6663,503,2764,0,0,836,7202,438,1120,836,8322,California
Tulare,2021-01-12,1452,10879,504,7167,948,3712,0,0,1040,7832,411,1531,1041,9363,California
Tulare,2021-01-13,411,11290,179,7346,232,3944,0,0,336,8093,75,1606,336,9699,California
Tulare,2021-01-14,494,11784,143,7489,351,4295,0,0,468,8546,15,1621,468,10167,California
Tulare,2021-01-15,1651,13435,156,7645,1495,5790,0,0,1642,10179,9,1630,1642,11809,California
Tulare,2021-01-16,1925,15360,114,7759,1811,7601,0,0,1911,12076,14,1644,1911,13720,California
Tulare,2021-01-17,142,15502,122,7881,20,7621,0,0,132,12198,10,1654,132,13852,California
Tulare,2021-01-18,693,16195,657,8538,36,7657,0,0,294,12093,399,2053,294,14146,California
Tulare,2021-01-19,1016,17211,688,9226,328,7985,0,0,590,12257,426,2479,590,14736,California
Tulare,2021-01-20,2475,19686,664,9890,1811,9796,0,0,2039,13905,391,2870,2039,16775,California
Tulare,2021-01-21,1616,21302,226,10116,1390,11186,0,0,1588,15471,22,2892,1588,18363,California
Tulare,2021-01-22,1090,22392,213,10329,877,12063,0,0,1063,16508,26,2918,1063,19426,California
Tulare,2021-01-23,440,22832,157,10486,283,12346,0,0,419,16906,21,2939,419,19845,California
Tulare,2021-01-24,31,22863,28,10514,3,12349,0,0,29,16933,2,2941,29,19874,California
Tulare,2021-01-25,1352,24215,987,11501,365,12714,0,0,1299,18179,53,2994,1299,21173,California
Tulare,2021-01-26,1509,25724,1101,12602,408,13122,0,0,1169,19009,339,3333,1169,22342,California
Tulare,2021-01-27,1502,27226,1068,13670,434,13556,0,0,923,19354,578,3911,923,23265,California
Tulare,2021-01-28,1216,28442,777,14447,439,13995,0,0,817,19772,399,4310,817,24082,California
Tulare,2021-01-29,1129,29571,718,15165,411,14406,0,0,819,20281,310,4620,819,24901,California
Tulare,2021-01-30,1669,31240,1574,16739,95,14501,0,0,1644,21901,25,4645,1645,26546,California
Tulare,2021-01-31,66,31306,61,16800,5,14506,0,0,62,21960,3,4648,62,26608,California
Tulare,2021-02-01,1183,32489,910,17710,273,14779,0,0,820,22419,361,5009,820,27428,California
Tulare,2021-02-02,702,33191,349,18059,353,15132,0,0,459,22638,241,5250,460,27888,California
Tulare,2021-02-03,555,33746,223,18282,332,15464,0,0,330,22783,185,5435,330,28218,California
Tulare,2021-02-04,570,34316,170,18452,400,15864,0,0,282,22779,287,5722,283,28501,California
Tulare,2021-02-05,1244,35560,239,18691,1005,16869,0,0,407,22351,835,6557,407,28908,California
Tulare,2021-02-06,834,36394,154,18845,680,17549,0,0,206,21931,626,7183,206,29114,California
Tulare,2021-02-07,84,36478,71,18916,13,17562,0,0,23,21893,61,7244,23,29137,California
Tulare,2021-02-08,946,37424,329,19245,617,18179,0,0,239,21429,704,7948,240,29377,California
Tulare,2021-02-09,1415,38839,336,19581,1079,19258,0,0,341,20701,1069,9017,341,29718,California
Tulare,2021-02-10,2485,41324,1989,21570,496,19754,0,0,2074,22365,410,9427,2074,31792,California
Tulare,2021-02-11,1337,42661,374,21944,963,20717,0,0,875,22778,462,9889,875,32667,California
Tulare,2021-02-12,2789,45450,575,22519,2214,22931,0,0,1163,22323,1618,11507,1163,33830,California
Tulare,2021-02-13,2483,47933,159,22678,2324,25255,0,0,643,21132,1834,13341,643,34473,California
Tulare,2021-02-14,340,48273,40,22718,300,25555,0,0,303,21398,37,13378,303,34776,California
Tulare,2021-02-15,921,49194,295,23013,626,26181,0,0,661,21800,259,13637,661,35437,California
Tulare,2021-02-16,2844,52038,1595,24608,1249,27430,0,0,1079,21118,1763,15400,1081,36518,California
Tulare,2021-02-17,2705,54743,515,25123,2190,29620,0,0,452,19323,2248,17648,453,36971,California
Tulare,2021-02-18,2348,57091,453,25576,1895,31515,0,0,643,18270,1696,19344,643,37614,California
Tulare,2021-02-19,2338,59429,880,26456,1458,32973,0,0,965,17866,1370,20714,966,38580,California
Tulare,2021-02-20,2994,62423,1889,28345,1105,34078,0,0,1262,17409,1723,22437,1266,39846,California
Tulare,2021-02-21,98,62521,94,28439,4,34082,0,0,49,17411,47,22484,49,39895,California
Tulare,2021-02-22,1108,63629,700,29139,408,34490,0,0,211,16726,896,23380,211,40106,California
Tulare,2021-02-23,1961,65590,948,30087,1013,35503,0,0,1466,17699,493,23873,1466,41572,California
Tulare,2021-02-24,2488,68078,1549,31636,939,36442,0,0,2108,19429,379,24252,2109,43681,California
Tulare,2021-02-25,3520,71598,1989,33625,1531,37973,0,0,3103,22121,413,24665,3105,46786,California
Tulare,2021-02-26,3865,75463,1892,35517,1973,39946,0,0,3389,25036,474,25139,3389,50175,California
Tulare,2021-02-27,3006,78469,1496,37013,1510,41456,0,0,2872,27786,122,25261,2872,53047,California
Tulare,2021-02-28,1314,79783,1040,38053,274,41730,0,0,1292,29060,18,25279,1292,54339,California
Tulare,2021-03-01,1789,81572,807,38860,982,42712,0,0,1598,30469,189,25468,1598,55937,California
Tulare,2021-03-02,2821,84393,1270,40130,1551,44263,0,0,2642,32935,177,25645,2643,58580,California
Tulare,2021-03-03,4085,88478,2733,42863,1351,45614,1,1,2130,33118,1950,27595,2133,60713,California
Tulare,2021-03-04,2981,91459,1346,44209,1635,47249,0,1,2639,35422,335,27930,2639,63352,California
Tulare,2021-03-05,3503,94962,1758,45967,1730,48979,15,16,2983,37906,517,28447,3001,66353,California
Tulare,2021-03-06,3094,98056,1445,47412,1589,50568,60,76,2838,40550,252,28699,2896,69249,California
Tulare,2021-03-07,1141,99197,707,48119,413,50981,21,97,1099,41629,41,28740,1120,70369,California
Tulare,2021-03-08,1738,100935,1008,49127,561,51542,169,266,1405,42874,328,29068,1573,71942,California
Tulare,2021-03-09,3266,104201,2245,51372,873,52415,148,414,2852,45460,413,29481,2999,74941,California
Tulare,2021-03-10,2981,107182,1403,52775,1403,53818,175,589,2573,47810,397,29878,2747,77688,California
Tulare,2021-03-11,4241,111423,1998,54773,1939,55757,304,893,3293,50459,948,30826,3597,81285,California
Tulare,2021-03-12,4416,115839,2433,57206,1631,57388,352,1245,3125,52652,1283,32109,3476,84761,California
Tulare,2021-03-13,4154,119993,1945,59151,2104,59492,105,1350,3198,55006,949,33058,3303,88064,California
Tulare,2021-03-14,1860,121853,987,60138,653,60145,220,1570,1334,56032,525,33583,1551,89615,California
Tulare,2021-03-15,2753,124606,1632,61770,1006,61151,115,1685,1973,57347,776,34359,2091,91706,California
Tulare,2021-03-16,3440,128046,2120,63890,1243,62394,77,1762,1877,57745,1559,35918,1957,93663,California
Tulare,2021-03-17,4085,132131,2667,66557,1342,63736,76,1838,2333,58415,1746,37664,2416,96079,California
Tulare,2021-03-18,4671,136802,3410,69967,1189,64925,72,1910,2466,58762,2195,39859,2542,98621,California
Tulare,2021-03-19,5122,141924,3379,73346,1548,66473,195,2105,2736,59330,2365,42224,2933,101554,California
Tulare,2021-03-20,4493,146417,2799,76145,1322,67795,372,2477,2067,59356,2416,44640,2442,103996,California
Tulare,2021-03-21,2011,148428,1722,77867,263,68058,26,2503,1065,59504,942,45582,1090,105086,California
Tulare,2021-03-22,2582,151010,1793,79660,677,68735,112,2615,1697,60437,879,46461,1812,106898,California
Tulare,2021-03-23,3797,154807,2197,81857,1548,70283,52,2667,2088,60885,1699,48160,2147,109045,California
Tulare,2021-03-24,3199,158006,1985,83842,1173,71456,41,2708,1719,61173,1472,49632,1760,110805,California
Tulare,2021-03-25,3480,161486,1811,85653,1495,72951,174,2882,1673,61223,1799,51431,1849,112654,California
Tulare,2021-03-26,5264,166750,3136,88789,2016,74967,112,2994,2546,61181,2700,54131,2658,115312,California
Tulare,2021-03-27,3541,170291,1815,90604,1628,76595,98,3092,989,59723,2544,56675,1086,116398,California
Tulare,2021-03-28,1476,171767,1070,91674,375,76970,31,3123,673,59636,801,57476,714,117112,California
Tulare,2021-03-29,2888,174655,1673,93347,1108,78078,107,3230,1227,59316,1656,59132,1336,118448,California
Tulare,2021-03-30,4926,179581,2788,96135,1906,79984,232,3462,1498,57621,3417,62549,1722,120170,California
Tulare,2021-03-31,3972,183553,2343,98478,1515,81499,114,3576,1555,56882,2409,64958,1670,121840,California
Tulare,2021-04-01,4539,188092,2454,100932,2012,83511,73,3649,1557,55541,2972,67930,1631,123471,California
Tulare,2021-04-02,5370,193462,3060,103992,2183,85694,127,3776,1551,53418,3802,71732,1679,125150,California
Tulare,2021-04-03,3629,197091,2094,106086,1160,86854,375,4151,834,51868,2757,74489,1207,126357,California
Tulare,2021-04-04,1634,198725,1147,107233,480,87334,7,4158,357,50960,1272,75761,364,126721,California
Tulare,2021-04-05,3357,202082,2345,109578,745,88079,267,4425,851,49586,2493,78254,1119,127840,California
Tulare,2021-04-06,3438,205520,1470,111048,1471,89550,497,4922,893,48441,2537,80791,1392,129232,California
Tulare,2021-04-07,3918,209438,1838,112886,1640,91190,440,5362,1173,47311,2733,83524,1603,130835,California
Tulare,2021-04-08,4801,214239,2627,115513,1714,92904,460,5822,1529,46037,3259,86783,1985,132820,California
Tulare,2021-04-09,4845,219084,2996,118509,1412,94316,437,6259,1818,45274,3019,89802,2256,135076,California
Tulare,2021-04-10,3842,222926,2071,120580,1451,95767,320,6579,931,43619,2902,92704,1247,136323,California
Tulare,2021-04-11,1589,224515,1050,121630,465,96232,74,6653,490,43087,1096,93800,564,136887,California
Tulare,2021-04-12,3423,227938,2135,123765,692,96924,596,7249,1071,42413,2342,96142,1668,138555,California
Tulare,2021-04-13,2411,230349,1593,125358,809,97733,9,7258,900,41826,1498,97640,911,139466,California
Tulare,2021-04-14,2880,233229,1702,127060,1178,98911,0,7258,911,40773,1964,99604,911,140377,California
Tulare,2021-04-15,3317,236546,2165,129225,1152,100063,0,7258,1471,40411,1833,101437,1471,141848,California
Tulare,2021-04-16,3723,240269,2249,131474,1474,101537,0,7258,1491,39683,2219,103656,1491,143339,California
Tulare,2021-04-17,2252,242521,1325,132799,927,102464,0,7258,1195,39828,1051,104707,1196,144535,California
Tulare,2021-04-18,1576,244097,1238,134037,338,102802,0,7258,829,39911,746,105453,829,145364,California
Tulare,2021-04-19,2181,246278,1266,135303,914,103716,1,7259,898,39532,1278,106731,899,146263,California
Tulare,2021-04-20,2421,248699,1388,136691,1033,104749,0,7259,1005,39137,1400,108131,1005,147268,California
Tulare,2021-04-21,2322,251021,1440,138131,882,105631,0,7259,841,38539,1440,109571,842,148110,California
Tulare,2021-04-22,2168,253189,1232,139363,936,106567,0,7259,740,37870,1409,110980,740,148850,California
Tulare,2021-04-23,2639,255828,1630,140993,1008,107575,1,7260,1029,37302,1598,112578,1030,149880,California
Tulare,2021-04-24,1643,257471,1053,142046,588,108163,2,7262,851,37368,787,113365,853,150733,California
Tulare,2021-04-25,695,258166,522,142568,173,108336,0,7262,266,37206,428,113793,266,150999,California
Tulare,2021-04-26,1556,259722,946,143514,591,108927,19,7281,656,36986,893,114686,673,151672,California
Tulare,2021-04-27,1702,261424,708,144222,956,109883,38,7319,729,36784,968,115654,766,152438,California
Tulare,2021-04-28,1749,263173,1005,145227,702,110585,42,7361,696,36473,1048,116702,737,153175,California
Tulare,2021-04-29,2039,265212,1229,146456,772,111357,38,7399,794,36070,1233,117935,830,154005,California
Tulare,2021-04-30,2465,267677,1800,148256,615,111972,50,7449,910,35482,1547,119482,959,154964,California
Tulare,2021-05-01,1423,269100,1218,149474,193,112165,12,7461,733,35547,680,120162,745,155709,California
Tulare,2021-05-02,589,269689,500,149974,72,112237,17,7478,187,35352,398,120560,203,155912,California
Tulare,2021-05-03,1622,271311,1095,151069,402,112639,125,7603,349,34560,1266,121826,474,156386,California
Tulare,2021-05-04,1571,272882,842,151911,659,113298,70,7673,630,34326,931,122757,697,157083,California
Tulare,2021-05-05,1314,274196,653,152564,572,113870,89,7762,449,34010,854,123611,538,157621,California
Tulare,2021-05-06,1990,276186,1345,153909,596,114466,49,7811,603,33283,1379,124990,652,158273,California
Tulare,2021-05-07,1854,278040,1262,155171,524,114990,68,7879,525,32554,1321,126311,592,158865,California
Tulare,2021-05-08,1242,279282,816,155987,401,115391,25,7904,533,32411,701,127012,558,159423,California
Tulare,2021-05-09,594,279876,471,156458,102,115493,21,7925,114,32072,475,127487,136,159559,California
Tulare,2021-05-10,1024,280900,591,157049,367,115860,66,7991,308,31734,712,128199,374,159933,California
Tulare,2021-05-11,1318,282218,701,157750,538,116398,79,8070,547,31596,764,128963,626,160559,California
Tulare,2021-05-12,1602,283820,1038,158788,506,116904,58,8128,432,30930,1155,130118,489,161048,California
Tulare,2021-05-13,1581,285401,1015,159803,528,117432,38,8166,722,30835,854,130972,759,161807,California
Tulare,2021-05-14,1975,287376,1283,161086,630,118062,62,8228,894,30723,1068,132040,956,162763,California
Tulare,2021-05-15,1569,288945,885,161971,637,118699,47,8275,665,30533,896,132936,706,163469,California
Tulare,2021-05-16,698,289643,557,162528,129,118828,12,8287,324,30497,372,133308,336,163805,California
Tulare,2021-05-17,1565,291208,982,163510,510,119338,73,8360,743,30498,815,134123,816,164621,California
Tulare,2021-05-18,1582,292790,856,164366,673,120011,53,8413,782,30535,796,134919,833,165454,California
Tulare,2021-05-19,1478,294268,954,165320,490,120501,34,8447,755,30609,715,135634,789,166243,California
Tulare,2021-05-20,1580,295848,1064,166384,429,120930,87,8534,750,30620,826,136460,837,167080,California
Tulare,2021-05-21,1949,297797,1421,167805,486,121416,42,8576,1059,30839,882,137342,1101,168181,California
Tulare,2021-05-22,1607,299404,1142,168947,442,121858,23,8599,601,30466,998,138340,625,168806,California
Tulare,2021-05-23,411,299815,326,169273,75,121933,10,8609,207,30481,202,138542,217,169023,California
Tulare,2021-05-24,936,300751,578,169851,298,122231,60,8669,417,30441,517,139059,477,169500,California
Tulare,2021-05-25,1181,301932,701,170552,448,122679,32,8701,503,30304,672,139731,535,170035,California
Tulare,2021-05-26,881,302813,486,171038,353,123032,42,8743,392,30252,485,140216,433,170468,California
Tulare,2021-05-27,1272,304085,805,171843,436,123468,31,8774,586,30188,683,140899,619,171087,California
Tulare,2021-05-28,1187,305272,658,172501,480,123948,49,8823,623,30301,558,141457,671,171758,California
Tulare,2021-05-29,875,306147,646,173147,209,124157,20,8843,495,30438,378,141835,515,172273,California
Tulare,2021-05-30,284,306431,205,173352,71,124228,8,8851,162,30488,120,141955,170,172443,California
Tulare,2021-05-31,132,306563,52,173404,69,124297,11,8862,55,30478,76,142031,66,172509,California
Tulare,2021-06-01,1054,307617,626,174030,397,124694,31,8893,380,30222,666,142697,410,172919,California
Tulare,2021-06-02,797,308414,468,174498,296,124990,33,8926,356,30179,430,143127,387,173306,California
Tulare,2021-06-03,1139,309553,810,175308,273,125263,56,8982,390,29895,729,143856,445,173751,California
Tulare,2021-06-04,1164,310717,827,176135,305,125568,32,9014,358,29483,802,144658,390,174141,California
Tulare,2021-06-05,877,311594,694,176829,168,125736,15,9029,293,29209,582,145240,308,174449,California
Tulare,2021-06-06,417,312011,354,177183,45,125781,18,9047,137,29085,279,145519,155,174604,California
Tulare,2021-06-07,874,312885,687,177870,153,125934,34,9081,273,28794,598,146117,307,174911,California
Tulare,2021-06-08,1045,313930,772,178642,213,126147,60,9141,350,28513,691,146808,410,175321,California
Tulare,2021-06-09,1078,315008,755,179397,287,126434,36,9177,341,28156,732,147540,375,175696,California
Tulare,2021-06-10,1097,316105,880,180277,181,126615,36,9213,383,27862,712,148252,418,176114,California
Tulare,2021-06-11,1230,317335,882,181159,313,126928,35,9248,381,27439,839,149091,416,176530,California
Tulare,2021-06-12,954,318289,740,181899,203,127131,11,9259,335,27172,613,149704,346,176876,California
Tulare,2021-06-13,313,318602,225,182124,85,127216,3,9262,91,27045,221,149925,94,176970,California
Tulare,2021-06-14,766,319368,562,182686,178,127394,26,9288,292,26894,469,150394,318,177288,California
Tulare,2021-06-15,983,320351,665,183351,288,127682,30,9318,434,26816,542,150936,464,177752,California
Tulare,2021-06-16,851,321202,577,183928,224,127906,50,9368,374,26767,474,151410,425,178177,California
Tulare,2021-06-17,1023,322225,752,184680,241,128147,30,9398,409,26595,611,152021,439,178616,California
Tulare,2021-06-18,989,323214,696,185376,257,128404,36,9434,373,26389,614,152635,408,179024,California
Tulare,2021-06-19,850,324064,679,186055,158,128562,13,9447,390,26336,456,153091,403,179427,California
Tulare,2021-06-20,249,324313,186,186241,55,128617,8,9455,74,26245,174,153265,83,179510,California
Tulare,2021-06-21,513,324826,336,186577,147,128764,30,9485,301,26365,211,153476,331,179841,California
Tulare,2021-06-22,744,325570,510,187087,210,128974,24,9509,340,26331,398,153874,364,180205,California
Tulare,2021-06-23,728,326298,496,187583,206,129180,26,9535,394,26421,330,154204,420,180625,California
Tulare,2021-06-24,842,327140,637,188220,151,129331,54,9589,420,26476,419,154623,474,181099,California
Tulare,2021-06-25,845,327985,548,188768,277,129608,20,9609,440,26536,400,155023,460,181559,California
Tulare,2021-06-26,845,328830,650,189418,170,129778,25,9634,451,26620,392,155415,476,182035,California
Tulare,2021-06-27,245,329075,182,189600,56,129834,7,9641,115,26613,129,155544,122,182157,California
Tulare,2021-06-28,420,329495,318,189918,83,129917,19,9660,203,26619,216,155760,222,182379,California
Tuolumne,2020-12-16,47,47,47,47,0,0,0,0,47,47,0,0,47,47,California
Tuolumne,2020-12-17,18,65,18,65,0,0,0,0,18,65,0,0,18,65,California
Tuolumne,2020-12-18,101,166,100,165,1,1,0,0,101,166,0,0,101,166,California
Tuolumne,2020-12-19,5,171,5,170,0,1,0,0,5,171,0,0,5,171,California
Tuolumne,2020-12-20,2,173,2,172,0,1,0,0,2,173,0,0,2,173,California
Tuolumne,2020-12-21,115,288,101,273,14,15,0,0,115,288,0,0,115,288,California
Tuolumne,2020-12-22,172,460,172,445,0,15,0,0,172,460,0,0,172,460,California
Tuolumne,2020-12-23,185,645,183,628,2,17,0,0,185,645,0,0,185,645,California
Tuolumne,2020-12-25,1,646,1,629,0,17,0,0,1,646,0,0,1,646,California
Tuolumne,2020-12-26,2,648,2,631,0,17,0,0,2,648,0,0,2,648,California
Tuolumne,2020-12-28,76,724,74,705,2,19,0,0,76,724,0,0,76,724,California
Tuolumne,2020-12-29,103,827,39,744,64,83,0,0,103,827,0,0,103,827,California
Tuolumne,2020-12-30,77,904,22,766,55,138,0,0,77,904,0,0,77,904,California
Tuolumne,2020-12-31,27,931,20,786,7,145,0,0,27,931,0,0,27,931,California
Tuolumne,2021-01-01,6,937,5,791,1,146,0,0,6,937,0,0,6,937,California
Tuolumne,2021-01-02,119,1056,116,907,3,149,0,0,119,1056,0,0,119,1056,California
Tuolumne,2021-01-03,2,1058,2,909,0,149,0,0,2,1058,0,0,2,1058,California
Tuolumne,2021-01-04,69,1127,26,935,43,192,0,0,69,1127,0,0,69,1127,California
Tuolumne,2021-01-05,94,1221,28,963,66,258,0,0,91,1216,3,3,92,1219,California
Tuolumne,2021-01-06,131,1352,72,1035,59,317,0,0,67,1219,64,67,67,1286,California
Tuolumne,2021-01-07,120,1472,64,1099,56,373,0,0,64,1227,56,123,64,1350,California
Tuolumne,2021-01-08,106,1578,82,1181,24,397,0,0,27,1178,78,201,29,1379,California
Tuolumne,2021-01-09,2,1580,0,1181,2,399,0,0,2,1180,0,201,2,1381,California
Tuolumne,2021-01-10,3,1583,1,1182,2,401,0,0,3,1183,0,201,3,1384,California
Tuolumne,2021-01-11,117,1700,91,1273,26,427,0,0,35,1136,82,283,35,1419,California
Tuolumne,2021-01-12,102,1802,86,1359,16,443,0,0,18,1070,84,367,18,1437,California
Tuolumne,2021-01-13,231,2033,125,1484,106,549,0,0,182,1204,49,416,183,1620,California
Tuolumne,2021-01-14,148,2181,108,1592,40,589,0,0,43,1143,104,520,43,1663,California
Tuolumne,2021-01-15,475,2656,73,1665,402,991,0,0,412,1494,62,582,413,2076,California
Tuolumne,2021-01-16,7,2663,3,1668,4,995,0,0,6,1499,1,583,6,2082,California
Tuolumne,2021-01-17,8,2671,4,1672,4,999,0,0,8,1507,0,583,8,2090,California
Tuolumne,2021-01-18,47,2718,38,1710,9,1008,0,0,10,1481,36,619,10,2100,California
Tuolumne,2021-01-19,479,3197,74,1784,405,1413,0,0,433,1868,46,665,433,2533,California
Tuolumne,2021-01-20,76,3273,58,1842,18,1431,0,0,24,1841,51,716,24,2557,California
Tuolumne,2021-01-21,58,3331,24,1866,34,1465,0,0,42,1867,16,732,42,2599,California
Tuolumne,2021-01-22,170,3501,17,1883,153,1618,0,0,162,2021,8,740,162,2761,California
Tuolumne,2021-01-23,651,4152,132,2015,519,2137,0,0,544,2471,107,847,557,3318,California
Tuolumne,2021-01-24,523,4675,2,2017,521,2658,0,0,519,2989,4,851,522,3840,California
Tuolumne,2021-01-25,51,4726,28,2045,23,2681,0,0,25,2989,26,877,26,3866,California
Tuolumne,2021-01-26,81,4807,68,2113,13,2694,0,0,40,2989,41,918,41,3907,California
Tuolumne,2021-01-27,60,4867,4,2117,56,2750,0,0,8,2946,51,969,8,3915,California
Tuolumne,2021-01-28,26,4893,6,2123,20,2770,0,0,17,2954,9,978,17,3932,California
Tuolumne,2021-01-29,72,4965,6,2129,66,2836,0,0,33,2948,39,1017,33,3965,California
Tuolumne,2021-01-30,713,5678,554,2683,159,2995,0,0,689,3631,24,1041,707,4672,California
Tuolumne,2021-01-31,9,5687,2,2685,7,3002,0,0,6,3634,3,1044,6,4678,California
Tuolumne,2021-02-01,27,5714,7,2692,20,3022,0,0,24,3655,3,1047,24,4702,California
Tuolumne,2021-02-02,653,6367,46,2738,607,3629,0,0,640,4285,10,1057,640,5342,California
Tuolumne,2021-02-03,240,6607,112,2850,128,3757,0,0,88,4221,152,1209,88,5430,California
Tuolumne,2021-02-04,123,6730,13,2863,110,3867,0,0,61,4220,62,1271,61,5491,California
Tuolumne,2021-02-05,100,6830,13,2876,87,3954,0,0,36,4193,63,1334,36,5527,California
Tuolumne,2021-02-06,860,7690,583,3459,277,4231,0,0,850,5040,10,1344,857,6384,California
Tuolumne,2021-02-07,8,7698,4,3463,4,4235,0,0,4,5040,4,1348,4,6388,California
Tuolumne,2021-02-08,93,7791,42,3505,51,4286,0,0,68,5083,25,1373,68,6456,California
Tuolumne,2021-02-09,863,8654,51,3556,812,5098,0,0,821,5862,42,1415,821,7277,California
Tuolumne,2021-02-10,94,8748,18,3574,76,5174,0,0,31,5832,61,1476,31,7308,California
Tuolumne,2021-02-11,144,8892,68,3642,76,5250,0,0,78,5844,66,1542,78,7386,California
Tuolumne,2021-02-12,650,9542,20,3662,630,5880,0,0,209,5613,440,1982,209,7595,California
Tuolumne,2021-02-13,157,9699,44,3706,113,5993,0,0,123,5703,33,2015,123,7718,California
Tuolumne,2021-02-14,152,9851,14,3720,138,6131,0,0,151,5853,1,2016,151,7869,California
Tuolumne,2021-02-15,187,10038,11,3731,176,6307,0,0,178,6022,9,2025,178,8047,California
Tuolumne,2021-02-16,530,10568,18,3749,512,6819,0,0,122,5742,404,2429,124,8171,California
Tuolumne,2021-02-17,111,10679,63,3812,48,6867,0,0,61,5754,49,2478,61,8232,California
Tuolumne,2021-02-18,686,11365,27,3839,659,7526,0,0,634,6337,52,2530,635,8867,California
Tuolumne,2021-02-19,146,11511,25,3864,121,7647,0,0,46,6283,100,2630,46,8913,California
Tuolumne,2021-02-20,907,12418,342,4206,565,8212,0,0,383,6161,509,3139,387,9300,California
Tuolumne,2021-02-21,984,13402,43,4249,941,9153,0,0,472,6130,508,3647,477,9777,California
Tuolumne,2021-02-22,80,13482,58,4307,22,9175,0,0,46,6143,33,3680,46,9823,California
Tuolumne,2021-02-23,49,13531,25,4332,24,9199,0,0,25,6146,23,3703,26,9849,California
Tuolumne,2021-02-24,105,13636,58,4390,47,9246,0,0,41,6126,63,3766,43,9892,California
Tuolumne,2021-02-25,1054,14690,35,4425,1019,10265,0,0,1021,7115,33,3799,1022,10914,California
Tuolumne,2021-02-26,152,14842,12,4437,140,10405,0,0,125,7214,27,3826,126,11040,California
Tuolumne,2021-02-27,957,15799,580,5017,377,10782,0,0,246,6776,692,4518,254,11294,California
Tuolumne,2021-02-28,56,15855,4,5021,52,10834,0,0,52,6825,3,4521,52,11346,California
Tuolumne,2021-03-01,119,15974,22,5043,96,10930,1,1,78,6865,40,4561,80,11426,California
Tuolumne,2021-03-02,710,16684,75,5118,635,11565,0,1,107,6369,603,5164,107,11533,California
Tuolumne,2021-03-03,95,16779,21,5139,74,11639,0,1,66,6407,28,5192,66,11599,California
Tuolumne,2021-03-04,1175,17954,77,5216,1098,12737,0,1,1107,7447,67,5259,1107,12706,California
Tuolumne,2021-03-05,92,18046,9,5225,83,12820,0,1,52,7462,39,5298,54,12760,California
Tuolumne,2021-03-06,1062,19108,606,5831,454,13274,2,3,198,6817,856,6154,211,12971,California
Tuolumne,2021-03-07,42,19150,13,5844,14,13288,15,18,19,6828,23,6177,34,13005,California
Tuolumne,2021-03-08,198,19348,90,5934,101,13389,7,25,141,6918,57,6234,147,13152,California
Tuolumne,2021-03-09,872,20220,19,5953,842,14231,11,36,65,6195,801,7035,78,13230,California
Tuolumne,2021-03-10,95,20315,17,5970,67,14298,11,47,54,6219,41,7076,65,13295,California
Tuolumne,2021-03-11,1303,21618,43,6013,1254,15552,6,53,1257,7439,46,7122,1266,14561,California
Tuolumne,2021-03-12,312,21930,43,6056,254,15806,15,68,189,7525,121,7243,207,14768,California
Tuolumne,2021-03-13,119,22049,12,6068,107,15913,0,68,84,7576,34,7277,85,14853,California
Tuolumne,2021-03-14,148,22197,10,6078,129,16042,9,77,6,7454,142,7419,20,14873,California
Tuolumne,2021-03-15,302,22499,82,6160,217,16259,3,80,104,7372,197,7616,115,14988,California
Tuolumne,2021-03-16,809,23308,42,6202,756,17015,11,91,671,7919,137,7753,684,15672,California
Tuolumne,2021-03-17,156,23464,34,6236,109,17124,13,104,80,7936,75,7828,92,15764,California
Tuolumne,2021-03-18,952,24416,28,6264,911,18035,13,117,317,7636,630,8458,330,16094,California
Tuolumne,2021-03-19,138,24554,20,6284,88,18123,30,147,75,7679,62,8520,105,16199,California
Tuolumne,2021-03-20,93,24647,8,6292,75,18198,10,157,39,7674,53,8573,48,16247,California
Tuolumne,2021-03-21,838,25485,393,6685,435,18633,10,167,37,6941,786,9359,53,16300,California
Tuolumne,2021-03-22,163,25648,73,6758,71,18704,19,186,95,6990,67,9426,116,16416,California
Tuolumne,2021-03-23,715,26363,639,7397,62,18766,14,200,675,7639,39,9465,688,17104,California
Tuolumne,2021-03-24,112,26475,22,7419,72,18838,18,218,78,7702,33,9498,96,17200,California
Tuolumne,2021-03-25,1301,27776,24,7443,1274,20112,3,221,326,7059,972,10470,329,17529,California
Tuolumne,2021-03-26,280,28056,19,7462,237,20349,24,245,119,7054,149,10619,144,17673,California
Tuolumne,2021-03-27,582,28638,54,7516,528,20877,0,245,315,7109,263,10882,318,17991,California
Tuolumne,2021-03-28,48,28686,7,7523,41,20918,0,245,8,7079,39,10921,9,18000,California
Tuolumne,2021-03-29,206,28892,83,7606,123,21041,0,245,109,7094,94,11015,109,18109,California
Tuolumne,2021-03-30,168,29060,12,7618,155,21196,1,246,122,7173,45,11060,124,18233,California
Tuolumne,2021-03-31,97,29157,14,7632,81,21277,2,248,40,7160,55,11115,42,18275,California
Tuolumne,2021-04-01,1253,30410,31,7663,1222,22499,0,248,229,6369,1021,12136,230,18505,California
Tuolumne,2021-04-02,171,30581,12,7675,133,22632,26,274,93,6413,75,12211,119,18624,California
Tuolumne,2021-04-03,429,31010,35,7710,392,23024,2,276,239,6467,187,12398,241,18865,California
Tuolumne,2021-04-04,34,31044,4,7714,30,23054,0,276,21,6477,11,12409,21,18886,California
Tuolumne,2021-04-05,131,31175,19,7733,105,23159,7,283,58,6469,73,12482,65,18951,California
Tuolumne,2021-04-06,653,31828,517,8250,109,23268,27,310,517,6879,135,12617,545,19496,California
Tuolumne,2021-04-07,128,31956,37,8287,75,23343,16,326,50,6867,78,12695,66,19562,California
Tuolumne,2021-04-08,1453,33409,35,8322,1403,24746,15,341,250,5934,1198,13893,265,19827,California
Tuolumne,2021-04-09,278,33687,43,8365,190,24936,45,386,132,5969,146,14039,181,20008,California
Tuolumne,2021-04-10,56,33743,2,8367,34,24970,20,406,23,5980,32,14071,43,20051,California
Tuolumne,2021-04-11,18,33761,3,8370,12,24982,3,409,12,5989,6,14077,15,20066,California
Tuolumne,2021-04-12,172,33933,66,8436,101,25083,5,414,89,6006,78,14155,95,20161,California
Tuolumne,2021-04-13,789,34722,35,8471,754,25837,0,414,171,5568,609,14764,171,20332,California
Tuolumne,2021-04-14,158,34880,31,8502,127,25964,0,414,79,5573,75,14839,80,20412,California
Tuolumne,2021-04-15,346,35226,22,8524,324,26288,0,414,61,5356,278,15117,61,20473,California
Tuolumne,2021-04-16,260,35486,55,8579,205,26493,0,414,142,5392,108,15225,144,20617,California
Tuolumne,2021-04-17,44,35530,6,8585,38,26531,0,414,28,5404,16,15241,28,20645,California
Tuolumne,2021-04-18,11,35541,3,8588,8,26539,0,414,6,5406,5,15246,7,20652,California
Tuolumne,2021-04-19,177,35718,79,8667,98,26637,0,414,98,5429,77,15323,100,20752,California
Tuolumne,2021-04-20,713,36431,618,9285,95,26732,0,414,75,4874,630,15953,75,20827,California
Tuolumne,2021-04-21,122,36553,27,9312,95,26827,0,414,64,4886,52,16005,64,20891,California
Tuolumne,2021-04-22,711,37264,46,9358,665,27492,0,414,429,5044,272,16277,430,21321,California
Tuolumne,2021-04-23,181,37445,33,9391,148,27640,0,414,82,5034,93,16370,83,21404,California
Tuolumne,2021-04-24,79,37524,18,9409,61,27701,0,414,50,5055,29,16399,50,21454,California
Tuolumne,2021-04-25,26,37550,10,9419,16,27717,0,414,23,5075,3,16402,23,21477,California
Tuolumne,2021-04-26,158,37708,56,9475,102,27819,0,414,74,5067,83,16485,75,21552,California
Tuolumne,2021-04-27,144,37852,23,9498,114,27933,7,421,66,5066,75,16560,74,21626,California
Tuolumne,2021-04-28,119,37971,24,9522,84,28017,11,432,63,5085,55,16615,74,21700,California
Tuolumne,2021-04-29,284,38255,21,9543,255,28272,8,440,57,4927,223,16838,65,21765,California
Tuolumne,2021-04-30,373,38628,26,9569,335,28607,12,452,73,4719,296,17134,88,21853,California
Tuolumne,2021-05-01,25,38653,7,9576,13,28620,5,457,16,4731,9,17143,21,21874,California
Tuolumne,2021-05-02,26,38679,3,9579,21,28641,2,459,19,4745,7,17150,21,21895,California
Tuolumne,2021-05-03,112,38791,15,9594,92,28733,5,464,38,4716,72,17222,43,21938,California
Tuolumne,2021-05-04,708,39499,601,10195,102,28835,5,469,213,4440,493,17715,217,22155,California
Tuolumne,2021-05-05,110,39609,26,10221,78,28913,6,475,58,4455,49,17764,64,22219,California
Tuolumne,2021-05-06,292,39901,15,10236,261,29174,16,491,43,4269,244,18008,58,22277,California
Tuolumne,2021-05-07,329,40230,25,10261,296,29470,8,499,63,4082,265,18273,78,22355,California
Tuolumne,2021-05-08,51,40281,8,10269,39,29509,4,503,33,4101,18,18291,37,22392,California
Tuolumne,2021-05-09,17,40298,2,10271,13,29522,2,505,3,4092,14,18305,5,22397,California
Tuolumne,2021-05-10,113,40411,45,10316,63,29585,5,510,32,4050,80,18385,38,22435,California
Tuolumne,2021-05-11,202,40613,62,10378,128,29713,12,522,53,3967,148,18533,65,22500,California
Tuolumne,2021-05-12,133,40746,22,10400,107,29820,4,526,51,3940,82,18615,55,22555,California
Tuolumne,2021-05-13,117,40863,19,10419,90,29910,8,534,73,3976,44,18659,80,22635,California
Tuolumne,2021-05-14,206,41069,76,10495,119,30029,11,545,106,3995,98,18757,117,22752,California
Tuolumne,2021-05-15,58,41127,15,10510,36,30065,7,552,19,3983,39,18796,27,22779,California
Tuolumne,2021-05-16,27,41154,9,10519,16,30081,2,554,13,3984,14,18810,15,22794,California
Tuolumne,2021-05-17,110,41264,30,10549,77,30158,3,557,47,3972,63,18873,51,22845,California
Tuolumne,2021-05-18,181,41445,57,10606,77,30235,47,604,60,3959,120,18993,107,22952,California
Tuolumne,2021-05-19,118,41563,20,10626,65,30300,33,637,46,3967,71,19064,79,23031,California
Tuolumne,2021-05-20,411,41974,21,10647,383,30683,7,644,52,3669,357,19421,59,23090,California
Tuolumne,2021-05-21,201,42175,95,10742,101,30784,5,649,120,3715,79,19500,125,23215,California
Tuolumne,2021-05-22,58,42233,18,10760,34,30818,6,655,25,3713,32,19532,30,23245,California
Tuolumne,2021-05-23,27,42260,7,10767,19,30837,1,656,10,3707,17,19549,11,23256,California
Tuolumne,2021-05-24,137,42397,43,10810,88,30925,6,662,52,3681,84,19633,58,23314,California
Tuolumne,2021-05-25,297,42694,222,11032,69,30994,6,668,111,3613,185,19818,117,23431,California
Tuolumne,2021-05-26,88,42782,24,11056,63,31057,1,669,38,3602,50,19868,39,23470,California
Tuolumne,2021-05-27,76,42858,15,11071,59,31116,2,671,31,3591,44,19912,33,23503,California
Tuolumne,2021-05-28,111,42969,51,11122,59,31175,1,672,64,3612,44,19956,65,23568,California
Tuolumne,2021-05-29,38,43007,7,11129,25,31200,6,678,17,3614,21,19977,23,23591,California
Tuolumne,2021-05-30,18,43025,1,11130,14,31214,3,681,4,3607,14,19991,7,23598,California
Tuolumne,2021-05-31,10,43035,2,11132,7,31221,1,682,2,3602,8,19999,3,23601,California
Tuolumne,2021-06-01,77,43112,21,11153,52,31273,4,686,24,3578,52,20051,28,23629,California
Tuolumne,2021-06-02,73,43185,8,11161,57,31330,8,694,23,3559,50,20101,31,23660,California
Tuolumne,2021-06-03,77,43262,25,11186,37,31367,15,709,23,3545,52,20153,38,23698,California
Tuolumne,2021-06-04,131,43393,62,11248,66,31433,3,712,38,3495,91,20244,41,23739,California
Tuolumne,2021-06-05,41,43434,11,11259,28,31461,2,714,16,3488,25,20269,18,23757,California
Tuolumne,2021-06-06,20,43454,6,11265,7,31468,7,721,5,3485,15,20284,12,23769,California
Tuolumne,2021-06-07,59,43513,14,11279,37,31505,8,729,26,3486,33,20317,34,23803,California
Tuolumne,2021-06-08,74,43587,22,11301,51,31556,1,730,27,3470,45,20362,29,23832,California
Tuolumne,2021-06-09,87,43674,45,11346,32,31588,10,740,40,3474,46,20408,50,23882,California
Tuolumne,2021-06-10,97,43771,14,11360,76,31664,7,747,26,3436,71,20479,33,23915,California
Tuolumne,2021-06-11,102,43873,48,11408,51,31715,3,750,25,3388,76,20555,28,23943,California
Tuolumne,2021-06-12,62,43935,20,11428,26,31741,16,766,18,3380,42,20597,34,23977,California
Tuolumne,2021-06-13,17,43952,2,11430,10,31751,5,771,3,3374,14,20611,8,23985,California
Tuolumne,2021-06-14,101,44053,34,11464,63,31814,4,775,53,3383,48,20659,57,24042,California
Tuolumne,2021-06-15,130,44183,82,11546,39,31853,9,784,21,3306,107,20766,30,24072,California
Tuolumne,2021-06-16,96,44279,47,11593,46,31899,3,787,54,3322,41,20807,57,24129,California
Tuolumne,2021-06-17,45,44324,10,11603,34,31933,1,788,17,3312,28,20835,18,24147,California
Tuolumne,2021-06-18,170,44494,95,11698,61,31994,14,802,60,3276,109,20944,73,24220,California
Tuolumne,2021-06-19,26,44520,9,11707,14,32008,3,805,10,3273,16,20960,13,24233,California
Tuolumne,2021-06-20,13,44533,2,11709,11,32019,0,805,10,3280,3,20963,10,24243,California
Tuolumne,2021-06-21,40,44573,4,11713,35,32054,1,806,21,3283,19,20982,22,24265,California
Tuolumne,2021-06-22,44,44617,10,11723,34,32088,0,806,21,3282,22,21004,21,24286,California
Tuolumne,2021-06-23,71,44688,8,11731,43,32131,20,826,35,3301,36,21040,55,24341,California
Tuolumne,2021-06-24,54,44742,16,11747,29,32160,9,835,22,3302,32,21072,33,24374,California
Tuolumne,2021-06-25,55,44797,30,11777,20,32180,5,840,31,3313,24,21096,35,24409,California
Tuolumne,2021-06-26,16,44813,5,11782,11,32191,0,840,11,3319,5,21101,11,24420,California
Tuolumne,2021-06-27,10,44823,3,11785,7,32198,0,840,10,3329,0,21101,10,24430,California
Tuolumne,2021-06-28,28,44851,9,11794,14,32212,5,845,19,3344,9,21110,24,24454,California
Ventura,2020-12-15,5,5,5,5,0,0,0,0,5,5,0,0,5,5,California
Ventura,2020-12-16,75,80,75,80,0,0,0,0,75,80,0,0,75,80,California
Ventura,2020-12-17,314,394,314,394,0,0,0,0,314,394,0,0,314,394,California
Ventura,2020-12-18,1598,1992,1598,1992,0,0,0,0,1598,1992,0,0,1598,1992,California
Ventura,2020-12-19,986,2978,985,2977,1,1,0,0,986,2978,0,0,986,2978,California
Ventura,2020-12-20,459,3437,459,3436,0,1,0,0,459,3437,0,0,459,3437,California
Ventura,2020-12-21,1517,4954,1517,4953,0,1,0,0,1517,4954,0,0,1517,4954,California
Ventura,2020-12-22,1159,6113,1153,6106,6,7,0,0,1159,6113,0,0,1159,6113,California
Ventura,2020-12-23,1087,7200,1037,7143,50,57,0,0,1087,7200,0,0,1087,7200,California
Ventura,2020-12-24,479,7679,379,7522,100,157,0,0,479,7679,0,0,479,7679,California
Ventura,2020-12-25,12,7691,7,7529,5,162,0,0,12,7691,0,0,12,7691,California
Ventura,2020-12-26,112,7803,91,7620,21,183,0,0,112,7803,0,0,112,7803,California
Ventura,2020-12-27,59,7862,27,7647,32,215,0,0,59,7862,0,0,59,7862,California
Ventura,2020-12-28,1093,8955,950,8597,143,358,0,0,1093,8955,0,0,1093,8955,California
Ventura,2020-12-29,1185,10140,775,9372,410,768,0,0,1184,10139,0,0,1184,10139,California
Ventura,2020-12-30,1999,12139,1531,10903,468,1236,0,0,1999,12138,0,0,1999,12138,California
Ventura,2020-12-31,487,12626,165,11068,322,1558,0,0,482,12615,5,5,482,12620,California
Ventura,2021-01-01,38,12664,15,11083,23,1581,0,0,38,12653,0,5,38,12658,California
Ventura,2021-01-02,177,12841,81,11164,96,1677,0,0,177,12830,0,5,177,12835,California
Ventura,2021-01-03,19,12860,8,11172,11,1688,0,0,19,12849,0,5,19,12854,California
Ventura,2021-01-04,1031,13891,493,11665,538,2226,0,0,1029,13878,0,5,1029,13883,California
Ventura,2021-01-05,1380,15271,783,12448,597,2823,0,0,1268,15037,109,114,1268,15151,California
Ventura,2021-01-06,2072,17343,1188,13636,884,3707,0,0,1571,16118,492,606,1573,16724,California
Ventura,2021-01-07,2082,19425,1332,14968,750,4457,0,0,1039,16120,1038,1644,1040,17764,California
Ventura,2021-01-08,2199,21624,1475,16443,724,5181,0,0,905,15735,1292,2936,907,18671,California
Ventura,2021-01-09,724,22348,503,16946,221,5402,0,0,318,15647,406,3342,318,18989,California
Ventura,2021-01-10,344,22692,327,17273,17,5419,0,0,129,15561,215,3557,129,19118,California
Ventura,2021-01-11,2458,25150,1492,18765,966,6385,0,0,1505,16117,953,4510,1509,20627,California
Ventura,2021-01-12,3055,28205,1617,20382,1438,7823,0,0,1935,16932,1120,5630,1935,22562,California
Ventura,2021-01-13,2946,31151,1435,21817,1511,9334,0,0,2036,18062,907,6537,2037,24599,California
Ventura,2021-01-14,2790,33941,1106,22923,1684,11018,0,0,2327,19928,462,6999,2328,26927,California
Ventura,2021-01-15,2895,36836,967,23890,1928,12946,0,0,2681,22396,214,7213,2682,29609,California
Ventura,2021-01-16,490,37326,188,24078,302,13248,0,0,410,22726,80,7293,410,30019,California
Ventura,2021-01-17,267,37593,139,24217,128,13376,0,0,260,22980,6,7299,260,30279,California
Ventura,2021-01-18,2219,39812,1666,25883,553,13929,0,0,1668,24099,550,7849,1669,31948,California
Ventura,2021-01-19,3059,42871,2130,28013,929,14858,0,0,2149,25341,910,8759,2152,34100,California
Ventura,2021-01-20,4181,47052,3215,31228,966,15824,0,0,3085,27334,1093,9852,3086,37186,California
Ventura,2021-01-21,3887,50939,2707,33935,1180,17004,0,0,3204,29865,675,10527,3206,40392,California
Ventura,2021-01-22,3644,54583,2508,36443,1136,18140,0,0,3477,33175,167,10694,3477,43869,California
Ventura,2021-01-23,1192,55775,651,37094,541,18681,0,0,1091,34168,100,10794,1093,44962,California
Ventura,2021-01-24,456,56231,135,37229,321,19002,0,0,443,34598,13,10807,443,45405,California
Ventura,2021-01-25,3171,59402,2036,39265,1135,20137,0,0,2610,36649,560,11367,2611,48016,California
Ventura,2021-01-26,3734,63136,2212,41477,1522,21659,0,0,2723,38366,1007,12374,2724,50740,California
Ventura,2021-01-27,3508,66644,1570,43047,1938,23597,0,0,2753,40370,751,13125,2755,53495,California
Ventura,2021-01-28,3908,70552,2005,45052,1903,25500,0,0,3280,43041,612,13737,3283,56778,California
Ventura,2021-01-29,4307,74859,2541,47593,1766,27266,0,0,3794,46337,498,14235,3794,60572,California
Ventura,2021-01-30,3048,77907,1961,49554,1087,28353,0,0,2872,49039,171,14406,2873,63445,California
Ventura,2021-01-31,838,78745,445,49999,393,28746,0,0,749,49700,88,14494,749,64194,California
Ventura,2021-02-01,3996,82741,2123,52122,1873,30619,0,0,3208,52131,779,15273,3210,67404,California
Ventura,2021-02-02,4447,87188,2385,54507,2062,32681,0,0,3419,54529,1024,16297,3422,70826,California
Ventura,2021-02-03,4484,91672,2094,56601,2390,35071,0,0,3456,56964,1023,17320,3458,74284,California
Ventura,2021-02-04,4827,96499,2309,58910,2518,37589,0,0,3543,59235,1276,18596,3547,77831,California
Ventura,2021-02-05,4918,101417,2387,61297,2531,40120,0,0,3376,61086,1528,20124,3379,81210,California
Ventura,2021-02-06,2863,104280,1523,62820,1340,41460,0,0,2456,63136,406,20530,2456,83666,California
Ventura,2021-02-07,745,105025,245,63065,500,41960,0,0,620,63632,125,20655,621,84287,California
Ventura,2021-02-08,3527,108552,1633,64698,1894,43854,0,0,2438,64987,1084,21739,2439,86726,California
Ventura,2021-02-09,4758,113310,1979,66677,2779,46633,0,0,2487,65210,2268,24007,2491,89217,California
Ventura,2021-02-10,4777,118087,2258,68935,2519,49152,0,0,2400,65249,2362,26369,2401,91618,California
Ventura,2021-02-11,4726,122813,1884,70819,2842,51994,0,0,2478,65490,2240,28609,2481,94099,California
Ventura,2021-02-12,6394,129207,2694,73513,3700,55694,0,0,3265,65633,3122,31731,3265,97364,California
Ventura,2021-02-13,3333,132540,1847,75360,1486,57180,0,0,1859,66024,1470,33201,1861,99225,California
Ventura,2021-02-14,1232,133772,126,75486,1106,58286,0,0,1013,66821,218,33419,1015,100240,California
Ventura,2021-02-15,4039,137811,1828,77314,2211,60497,0,0,2133,67053,1903,35322,2135,102375,California
Ventura,2021-02-16,5605,143416,2744,80058,2861,63358,0,0,3036,67531,2559,37881,3037,105412,California
Ventura,2021-02-17,5361,148777,1943,82001,3418,66776,0,0,3361,68902,1990,39871,3361,108773,California
Ventura,2021-02-18,5823,154600,1845,83846,3978,70754,0,0,3655,70404,2153,42024,3655,112428,California
Ventura,2021-02-19,6529,161129,3803,87649,2726,73480,0,0,3018,69932,3496,45520,3024,115452,California
Ventura,2021-02-20,4991,166120,3206,90855,1785,75265,0,0,2783,70531,2190,47710,2789,118241,California
Ventura,2021-02-21,1134,167254,830,91685,304,75569,0,0,470,70343,658,48368,470,118711,California
Ventura,2021-02-22,5493,172747,2450,94135,3043,78612,0,0,3510,71883,1973,50341,3513,122224,California
Ventura,2021-02-23,6009,178756,2988,97123,3021,81633,0,0,3432,72763,2556,52897,3436,125660,California
Ventura,2021-02-24,7098,185854,2621,99744,4477,86110,0,0,4259,74202,2822,55719,4261,129921,California
Ventura,2021-02-25,7627,193481,2580,102324,5047,91157,0,0,4588,75770,3025,58744,4593,134514,California
Ventura,2021-02-26,9479,202960,2783,105107,6696,97853,0,0,6170,78660,3284,62028,6174,140688,California
Ventura,2021-02-27,10627,213587,5300,110407,5327,103180,0,0,7972,84005,2637,64665,7982,148670,California
Ventura,2021-02-28,2580,216167,1647,112054,932,104112,1,1,2100,85634,472,65137,2101,150771,California
Ventura,2021-03-01,7172,223339,2855,114909,4314,108426,3,4,4759,88016,2393,67530,4775,155546,California
Ventura,2021-03-02,7745,231084,4050,118959,3693,112119,2,6,5426,91135,2308,69838,5427,160973,California
Ventura,2021-03-03,8717,239801,3934,122893,4780,116899,3,9,6134,94714,2562,72400,6141,167114,California
Ventura,2021-03-04,8321,248122,3885,126778,4436,121335,0,9,5604,97623,2700,75100,5609,172723,California
Ventura,2021-03-05,10109,258231,4818,131596,5280,126615,11,20,7189,101933,2903,78003,7213,179936,California
Ventura,2021-03-06,7805,266036,4405,136001,3246,129861,154,174,5815,105924,1982,79985,5973,185909,California
Ventura,2021-03-07,1669,267705,620,136621,948,130809,101,275,1249,106856,420,80405,1352,187261,California
Ventura,2021-03-08,6864,274569,3446,140067,3262,134071,156,431,4745,109651,2110,82515,4905,192166,California
Ventura,2021-03-09,6896,281465,3034,143101,3662,137733,200,631,3992,110960,2889,85404,4198,196364,California
Ventura,2021-03-10,7057,288522,3023,146124,3792,141525,242,873,4702,113564,2340,87744,4944,201308,California
Ventura,2021-03-11,6588,295110,2909,149033,3362,144887,317,1190,3588,114487,2981,90725,3904,205212,California
Ventura,2021-03-12,8763,303873,3061,152094,4858,149745,844,2034,4279,115148,4460,95185,5121,210333,California
Ventura,2021-03-13,7318,311191,2513,154607,3959,153704,846,2880,4350,117389,2953,98138,5194,215527,California
Ventura,2021-03-14,2144,313335,488,155095,1160,154864,496,3376,724,117192,1418,99556,1221,216748,California
Ventura,2021-03-15,7132,320467,2058,157153,3725,158589,1349,4725,3157,117747,3946,103502,4501,221249,California
Ventura,2021-03-16,8195,328662,2471,159624,4610,163199,1114,5839,4234,119148,3946,107448,5347,226596,California
Ventura,2021-03-17,7747,336409,2810,162434,4588,167787,349,6188,4715,121203,3010,110458,5065,231661,California
Ventura,2021-03-18,7609,344018,3308,165742,4148,171935,153,6341,5004,123768,2592,113050,5157,236818,California
Ventura,2021-03-19,8706,352724,3833,169575,4760,176695,113,6454,5290,125784,3385,116435,5401,242219,California
Ventura,2021-03-20,8917,361641,5956,175531,2937,179632,24,6478,4639,126196,4253,120688,4665,246884,California
Ventura,2021-03-21,2811,364452,1531,177062,908,180540,372,6850,1316,126399,1481,122169,1684,248568,California
Ventura,2021-03-22,7466,371918,3735,180797,3629,184169,102,6952,4924,128907,2520,124689,5028,253596,California
Ventura,2021-03-23,8299,380217,3959,184756,4266,188435,74,7026,4664,130041,3602,128291,4736,258332,California
Ventura,2021-03-24,8974,389191,3438,188194,5458,193893,78,7104,4487,130160,4450,132741,4569,262901,California
Ventura,2021-03-25,8881,398072,3933,192127,4844,198737,104,7208,4501,130405,4359,137100,4604,267505,California
Ventura,2021-03-26,9994,408066,3385,195512,5955,204692,654,7862,4027,129153,5931,143031,4679,272184,California
Ventura,2021-03-27,8800,416866,3950,199462,4807,209499,43,7905,2435,125307,6325,149356,2479,274663,California
Ventura,2021-03-28,2551,419417,1432,200894,1110,210609,9,7914,1379,125529,1166,150522,1388,276051,California
Ventura,2021-03-29,8666,428083,4330,205224,4290,214899,46,7960,4285,125512,4348,154870,4331,280382,California
Ventura,2021-03-30,9040,437123,4482,209706,4427,219326,131,8091,4405,125429,4619,159489,4536,284918,California
Ventura,2021-03-31,10876,447999,4882,214588,5365,224691,629,8720,4703,124615,6143,165632,5329,290247,California
Ventura,2021-04-01,10952,458951,5313,219901,4750,229441,889,9609,5530,125653,5376,171008,6414,296661,California
Ventura,2021-04-02,11879,470830,4669,224570,5862,235303,1348,10957,5701,126559,6144,177152,7050,303711,California
Ventura,2021-04-03,8166,478996,4041,228611,2946,238249,1179,12136,3446,126470,4707,181859,4618,308329,California
Ventura,2021-04-04,1721,480717,963,229574,623,238872,135,12271,1148,127187,566,182425,1283,309612,California
Ventura,2021-04-05,9477,490194,4880,234454,3476,242348,1121,13392,4838,128519,4624,187049,5956,315568,California
Ventura,2021-04-06,11024,501218,5585,240039,3941,246289,1498,14890,5665,130352,5330,192379,7163,322731,California
Ventura,2021-04-07,11533,512751,5423,245462,4596,250885,1514,16404,5273,130895,6238,198617,6781,329512,California
Ventura,2021-04-08,10509,523260,5303,250765,4219,255104,987,17391,5245,131879,5237,203854,6221,335733,California
Ventura,2021-04-09,11401,534661,4401,255166,5269,260373,1731,19122,4994,132213,6382,210236,6716,342449,California
Ventura,2021-04-10,9887,544548,4177,259343,3537,263910,2173,21295,3068,130648,6801,217037,5236,347685,California
Ventura,2021-04-11,2454,547002,862,260205,1015,264925,577,21872,687,130154,1756,218793,1262,348947,California
Ventura,2021-04-12,9127,556129,4538,264743,3753,268678,836,22708,3824,129525,5283,224076,4654,353601,California
Ventura,2021-04-13,8975,565104,4576,269319,4393,273071,6,22714,3798,128191,5138,229214,3804,357405,California
Ventura,2021-04-14,8907,574011,4151,273470,4741,277812,15,22729,3415,126176,5451,234665,3436,360841,California
Ventura,2021-04-15,9537,583548,4612,278082,4898,282710,27,22756,4110,124926,5388,240053,4138,364979,California
Ventura,2021-04-16,10364,593912,4580,282662,5782,288492,2,22758,4883,124362,5454,245507,4890,369869,California
Ventura,2021-04-17,9062,602974,5409,288071,3639,292131,14,22772,5281,125894,3763,249270,5295,375164,California
Ventura,2021-04-18,2243,605217,1107,289178,1136,293267,0,22772,970,125600,1265,250535,971,376135,California
Ventura,2021-04-19,8174,613391,4877,294055,3294,296561,3,22775,4698,126852,3450,253985,4702,380837,California
Ventura,2021-04-20,9591,622982,5103,299158,4483,301044,5,22780,4523,126339,5041,259026,4528,385365,California
Ventura,2021-04-21,9230,632212,4810,303968,4415,305459,5,22785,4415,125964,4795,263821,4420,389785,California
Ventura,2021-04-22,10200,642412,5578,309546,4621,310080,1,22786,4533,124854,5646,269467,4536,394321,California
Ventura,2021-04-23,11048,653460,5512,315058,5535,315615,1,22787,5493,124824,5525,274992,5495,399816,California
Ventura,2021-04-24,10577,664037,5913,320971,4664,320279,0,22787,6211,126688,4348,279340,6212,406028,California
Ventura,2021-04-25,2492,666529,1720,322691,772,321051,0,22787,1160,126520,1328,280668,1160,407188,California
Ventura,2021-04-26,8027,674556,4612,327303,3348,324399,67,22854,3340,125264,4658,285326,3402,410590,California
Ventura,2021-04-27,9221,683777,5149,332452,3844,328243,228,23082,3473,123236,5728,291054,3700,414290,California
Ventura,2021-04-28,8442,692219,4896,337348,3225,331468,321,23403,3312,121769,5101,296155,3634,417924,California
Ventura,2021-04-29,7962,700181,4295,341643,3403,334871,264,23667,2833,119764,5101,301256,3096,421020,California
Ventura,2021-04-30,9537,709718,5511,347154,3751,338622,275,23942,3930,118388,5571,306827,4195,425215,California
Ventura,2021-05-01,5156,714874,3645,350799,1404,340026,107,24049,2044,117451,3084,309911,2147,427362,California
Ventura,2021-05-02,2137,717011,1431,352230,615,340641,91,24140,1034,117480,1097,311008,1126,428488,California
Ventura,2021-05-03,6333,723344,3890,356120,2154,342795,289,24429,1982,115421,4330,315338,2271,430759,California
Ventura,2021-05-04,6460,729804,3380,359500,2782,345577,298,24727,2329,113933,4116,319454,2628,433387,California
Ventura,2021-05-05,5481,735285,3071,362571,2149,347726,261,24988,1957,112652,3493,322947,2212,435599,California
Ventura,2021-05-06,6245,741530,3222,365793,2754,350480,269,25257,1996,110690,4228,327175,2266,437865,California
Ventura,2021-05-07,6921,748451,3470,369263,3175,353655,276,25533,2357,108787,4535,331710,2632,440497,California
Ventura,2021-05-08,5412,753863,4209,373472,1045,354700,158,25691,1219,105983,4179,335889,1375,441872,California
Ventura,2021-05-09,1129,754992,822,374294,261,354961,46,25737,428,105763,693,336582,473,442345,California
Ventura,2021-05-10,6163,761155,4109,378403,1844,356805,210,25947,1391,102605,4758,341340,1600,443945,California
Ventura,2021-05-11,5355,766510,3303,381706,1828,358633,224,26171,1503,100491,3840,345180,1726,445671,California
Ventura,2021-05-12,5066,771576,2987,384693,1859,360492,220,26391,1535,98731,3515,348695,1755,447426,California
Ventura,2021-05-13,6355,777931,3846,388539,2302,362794,207,26598,2269,97140,4070,352765,2479,449905,California
Ventura,2021-05-14,7513,785444,4657,393196,2637,365431,219,26817,2837,95534,4657,357422,3051,452956,California
Ventura,2021-05-15,6752,792196,5389,398585,1275,366706,88,26905,2803,94503,3922,361344,2891,455847,California
Ventura,2021-05-16,2196,794392,1704,400289,440,367146,52,26957,1033,94430,1158,362502,1085,456932,California
Ventura,2021-05-17,5898,800290,3562,403851,2122,369268,214,27171,2407,93577,3473,365975,2620,459552,California
Ventura,2021-05-18,5422,805712,3167,407018,2075,371343,180,27351,2132,92617,3271,369246,2311,461863,California
Ventura,2021-05-19,5841,811553,3526,410544,2104,373447,211,27562,2363,91738,3449,372695,2570,464433,California
Ventura,2021-05-20,5490,817043,3045,413589,2286,375733,159,27721,2126,90685,3334,376029,2281,466714,California
Ventura,2021-05-21,7937,824980,4469,418058,3292,379025,176,27897,2562,88082,5342,381371,2739,469453,California
Ventura,2021-05-22,5652,830632,2892,420950,2685,381710,75,27972,1764,86043,3878,385249,1839,471292,California
Ventura,2021-05-23,1984,832616,1520,422470,392,382102,72,28044,734,85609,1240,386489,806,472098,California
Ventura,2021-05-24,4550,837166,2472,424942,1910,384012,168,28212,1453,84149,3078,389567,1618,473716,California
Ventura,2021-05-25,4297,841463,2231,427173,1914,385926,152,28364,1418,82857,2861,392428,1569,475285,California
Ventura,2021-05-26,4285,845748,2281,429454,1840,387766,164,28528,1648,82054,2615,395043,1812,477097,California
Ventura,2021-05-27,3872,849620,1911,431365,1833,389599,128,28656,1379,81080,2480,397523,1506,478603,California
Ventura,2021-05-28,4570,854190,2481,433846,1895,391494,194,28850,1983,80682,2569,400092,2171,480774,California
Ventura,2021-05-29,2156,856346,1350,435196,739,392233,67,28917,1051,80706,1094,401186,1118,481892,California
Ventura,2021-05-30,911,857257,583,435779,275,392508,53,28970,357,80565,551,401737,410,482302,California
Ventura,2021-05-31,258,857515,138,435917,111,392619,9,28979,61,80438,197,401934,70,482372,California
Ventura,2021-06-01,4008,861523,2276,438193,1566,394185,166,29145,1286,79190,2700,404634,1452,483824,California
Ventura,2021-06-02,2967,864490,1632,439825,1199,395384,136,29281,1006,78387,1945,406579,1142,484966,California
Ventura,2021-06-03,3241,867731,2005,441830,1081,396465,155,29436,882,77076,2347,408926,1036,486002,California
Ventura,2021-06-04,4594,872325,3023,444853,1410,397875,161,29597,1418,75492,3162,412088,1578,487580,California
Ventura,2021-06-05,3813,876138,3183,448036,567,398442,63,29660,1156,74067,2644,414732,1219,488799,California
Ventura,2021-06-06,1248,877386,1068,449104,135,398577,45,29705,285,73444,952,415684,329,489128,California
Ventura,2021-06-07,3170,880556,2355,451459,704,399281,111,29816,948,72295,2207,417891,1058,490186,California
Ventura,2021-06-08,3025,883581,1994,453453,898,400179,133,29949,880,71179,2129,420020,1013,491199,California
Ventura,2021-06-09,2943,886524,2050,455503,787,400966,106,30055,762,69878,2168,422188,867,492066,California
Ventura,2021-06-10,3028,889552,2117,457620,809,401775,102,30157,808,68578,2208,424396,908,492974,California
Ventura,2021-06-11,3466,893018,2381,460001,947,402722,138,30295,978,67213,2478,426874,1113,494087,California
Ventura,2021-06-12,2164,895182,1697,461698,421,403143,46,30341,518,66140,1637,428511,564,494651,California
Ventura,2021-06-13,1016,896198,778,462476,174,403317,64,30405,240,65671,775,429286,306,494957,California
Ventura,2021-06-14,2647,898845,1809,464285,709,404026,129,30534,815,64794,1820,431106,943,495900,California
Ventura,2021-06-15,2437,901282,1571,465856,755,404781,111,30645,848,64175,1576,432682,957,496857,California
Ventura,2021-06-16,2485,903767,1823,467679,556,405337,106,30751,827,63468,1639,434321,932,497789,California
Ventura,2021-06-17,2221,905988,1558,469237,563,405900,100,30851,820,62995,1393,435714,920,498709,California
Ventura,2021-06-18,2964,908952,2089,471326,750,406650,125,30976,975,62119,1975,437689,1099,499808,California
Ventura,2021-06-19,1376,910328,1064,472390,287,406937,25,31001,522,61823,843,438532,547,500355,California
Ventura,2021-06-20,692,911020,537,472927,114,407051,41,31042,260,61695,429,438961,301,500656,California
Ventura,2021-06-21,1689,912709,1083,474010,489,407540,117,31159,840,61812,839,439800,956,501612,California
Ventura,2021-06-22,1968,914677,1382,475392,487,408027,99,31258,734,61422,1222,441022,832,502444,California
Ventura,2021-06-23,1778,916455,1219,476611,453,408480,106,31364,736,61231,1032,442054,841,503285,California
Ventura,2021-06-24,1815,918270,1199,477810,502,408982,114,31478,722,60985,1082,443136,836,504121,California
Ventura,2021-06-25,2417,920687,1612,479422,629,409611,176,31654,874,60501,1534,444670,1050,505171,California
Ventura,2021-06-26,1537,922224,1249,480671,224,409835,64,31718,520,60074,1011,445681,584,505755,California
Ventura,2021-06-27,569,922793,442,481113,101,409936,26,31744,257,60048,309,445990,283,506038,California
Ventura,2021-06-28,1552,924345,1248,482361,225,410161,79,31823,619,59825,922,446912,699,506737,California
Yolo,2020-12-15,39,39,39,39,0,0,0,0,39,39,0,0,39,39,California
Yolo,2020-12-16,79,118,79,118,0,0,0,0,79,118,0,0,79,118,California
Yolo,2020-12-17,104,222,104,222,0,0,0,0,104,222,0,0,104,222,California
Yolo,2020-12-18,234,456,234,456,0,0,0,0,234,456,0,0,234,456,California
Yolo,2020-12-19,88,544,88,544,0,0,0,0,88,544,0,0,88,544,California
Yolo,2020-12-20,101,645,101,645,0,0,0,0,101,645,0,0,101,645,California
Yolo,2020-12-21,255,900,255,900,0,0,0,0,255,900,0,0,255,900,California
Yolo,2020-12-22,385,1285,384,1284,1,1,0,0,385,1285,0,0,385,1285,California
Yolo,2020-12-23,438,1723,418,1702,20,21,0,0,438,1723,0,0,438,1723,California
Yolo,2020-12-24,153,1876,97,1799,56,77,0,0,153,1876,0,0,153,1876,California
Yolo,2020-12-25,1,1877,1,1800,0,77,0,0,1,1877,0,0,1,1877,California
Yolo,2020-12-26,75,1952,25,1825,50,127,0,0,75,1952,0,0,75,1952,California
Yolo,2020-12-27,46,1998,19,1844,27,154,0,0,46,1998,0,0,46,1998,California
Yolo,2020-12-28,403,2401,232,2076,171,325,0,0,403,2401,0,0,403,2401,California
Yolo,2020-12-29,494,2895,269,2345,225,550,0,0,494,2895,0,0,494,2895,California
Yolo,2020-12-30,626,3521,256,2601,370,920,0,0,626,3521,0,0,626,3521,California
Yolo,2020-12-31,184,3705,94,2695,90,1010,0,0,184,3705,0,0,184,3705,California
Yolo,2021-01-01,58,3763,56,2751,2,1012,0,0,58,3763,0,0,58,3763,California
Yolo,2021-01-02,70,3833,27,2778,43,1055,0,0,70,3833,0,0,70,3833,California
Yolo,2021-01-03,44,3877,19,2797,25,1080,0,0,44,3877,0,0,44,3877,California
Yolo,2021-01-04,193,4070,41,2838,152,1232,0,0,193,4070,0,0,193,4070,California
Yolo,2021-01-05,617,4687,236,3074,381,1613,0,0,554,4561,63,63,554,4624,California
Yolo,2021-01-06,486,5173,185,3259,301,1914,0,0,347,4769,139,202,347,4971,California
Yolo,2021-01-07,714,5887,236,3495,478,2392,0,0,520,5096,193,395,520,5491,California
Yolo,2021-01-08,634,6521,313,3808,321,2713,0,0,408,5279,225,620,408,5899,California
Yolo,2021-01-09,411,6932,71,3879,340,3053,0,0,365,5598,46,666,365,6264,California
Yolo,2021-01-10,394,7326,80,3959,314,3367,0,0,324,5852,70,736,324,6588,California
Yolo,2021-01-11,564,7890,328,4287,236,3603,0,0,290,5870,274,1010,292,6880,California
Yolo,2021-01-12,567,8457,445,4732,122,3725,0,0,196,5696,371,1381,197,7077,California
Yolo,2021-01-13,776,9233,314,5046,462,4187,0,0,522,5964,254,1635,522,7599,California
Yolo,2021-01-14,383,9616,185,5231,198,4385,0,0,279,6139,104,1739,279,7878,California
Yolo,2021-01-15,633,10249,324,5555,309,4694,0,0,552,6611,81,1820,553,8431,California
Yolo,2021-01-16,746,10995,96,5651,650,5344,0,0,715,7295,31,1851,715,9146,California
Yolo,2021-01-17,192,11187,121,5772,71,5415,0,0,185,7473,7,1858,185,9331,California
Yolo,2021-01-18,483,11670,304,6076,179,5594,0,0,333,7656,150,2008,333,9664,California
Yolo,2021-01-19,559,12229,372,6448,187,5781,0,0,382,7861,177,2185,382,10046,California
Yolo,2021-01-20,665,12894,386,6834,279,6060,0,0,474,8145,190,2375,474,10520,California
Yolo,2021-01-21,650,13544,385,7219,265,6325,0,0,460,8415,190,2565,460,10980,California
Yolo,2021-01-22,756,14300,254,7473,502,6827,0,0,639,8939,115,2680,639,11619,California
Yolo,2021-01-23,624,14924,125,7598,499,7326,0,0,575,9465,49,2729,575,12194,California
Yolo,2021-01-24,208,15132,123,7721,85,7411,0,0,167,9591,41,2770,167,12361,California
Yolo,2021-01-25,738,15870,160,7881,578,7989,0,0,514,9881,224,2994,514,12875,California
Yolo,2021-01-26,829,16699,326,8207,503,8492,0,0,434,9920,395,3389,434,13309,California
Yolo,2021-01-27,683,17382,230,8437,453,8945,0,0,399,10035,284,3673,399,13708,California
Yolo,2021-01-28,1053,18435,567,9004,486,9431,0,0,927,10837,125,3798,927,14635,California
Yolo,2021-01-29,928,19363,267,9271,661,10092,0,0,843,11596,84,3882,843,15478,California
Yolo,2021-01-30,1529,20892,922,10193,607,10699,0,0,1409,12891,114,3996,1409,16887,California
Yolo,2021-01-31,240,21132,202,10395,38,10737,0,0,211,13074,28,4024,211,17098,California
Yolo,2021-02-01,856,21988,365,10760,491,11228,0,0,619,13459,234,4258,619,17717,California
Yolo,2021-02-02,1353,23341,756,11516,597,11825,0,0,935,13977,418,4676,936,18653,California
Yolo,2021-02-03,1531,24872,399,11915,1132,12957,0,0,1188,14825,340,5016,1188,19841,California
Yolo,2021-02-04,1813,26685,286,12201,1527,14484,0,0,1257,15538,545,5561,1258,21099,California
Yolo,2021-02-05,1614,28299,917,13118,697,15181,0,0,1207,16340,406,5967,1208,22307,California
Yolo,2021-02-06,1926,30225,1255,14373,671,15852,0,0,1563,17541,363,6330,1564,23871,California
Yolo,2021-02-07,523,30748,252,14625,271,16123,0,0,172,17363,350,6680,172,24043,California
Yolo,2021-02-08,952,31700,335,14960,617,16740,0,0,605,17625,343,7023,605,24648,California
Yolo,2021-02-09,861,32561,386,15346,475,17215,0,0,573,17910,288,7311,573,25221,California
Yolo,2021-02-10,1480,34041,483,15829,997,18212,0,0,832,18096,648,7959,834,26055,California
Yolo,2021-02-11,1581,35622,808,16637,773,18985,0,0,1186,18887,395,8354,1186,27241,California
Yolo,2021-02-12,1936,37558,761,17398,1175,20160,0,0,1451,19858,481,8835,1452,28693,California
Yolo,2021-02-13,2067,39625,714,18112,1353,21513,0,0,1391,20573,676,9511,1391,30084,California
Yolo,2021-02-14,575,40200,156,18268,419,21932,0,0,448,20895,126,9637,448,30532,California
Yolo,2021-02-15,535,40735,193,18461,342,22274,0,0,266,20893,269,9906,267,30799,California
Yolo,2021-02-16,1141,41876,430,18891,711,22985,0,0,812,21378,328,10234,813,31612,California
Yolo,2021-02-17,1394,43270,703,19594,691,23676,0,0,991,21966,403,10637,991,32603,California
Yolo,2021-02-18,2501,45771,818,20412,1683,25359,0,0,1723,22913,777,11414,1724,34327,California
Yolo,2021-02-19,1763,47534,757,21169,1006,26365,0,0,1133,23420,626,12040,1133,35460,California
Yolo,2021-02-20,2465,49999,956,22125,1509,27874,0,0,1372,23706,1087,13127,1373,36833,California
Yolo,2021-02-21,298,50297,236,22361,62,27936,0,0,80,23569,217,13344,80,36913,California
Yolo,2021-02-22,1374,51671,600,22961,774,28710,0,0,695,23586,678,14022,695,37608,California
Yolo,2021-02-23,1148,52819,856,23817,292,29002,0,0,442,23324,704,14726,442,38050,California
Yolo,2021-02-24,2098,54917,597,24414,1501,30503,0,0,1385,23998,711,15437,1385,39435,California
Yolo,2021-02-25,1398,56315,495,24909,903,31406,0,0,922,24445,475,15912,922,40357,California
Yolo,2021-02-26,2654,58969,1044,25953,1610,33016,0,0,1375,24544,1276,17188,1375,41732,California
Yolo,2021-02-27,1690,60659,780,26733,910,33926,0,0,1235,25324,455,17643,1235,42967,California
Yolo,2021-02-28,1829,62488,1525,28258,304,34230,0,0,709,24917,1117,18760,710,43677,California
Yolo,2021-03-01,1149,63637,378,28636,771,35001,0,0,693,25156,454,19214,693,44370,California
Yolo,2021-03-02,1486,65123,703,29339,783,35784,0,0,951,25572,535,19749,951,45321,California
Yolo,2021-03-03,1876,66999,650,29989,1226,37010,0,0,849,25396,1025,20774,849,46170,California
Yolo,2021-03-04,2933,69932,1470,31459,1463,38473,0,0,1566,25598,1364,22138,1566,47736,California
Yolo,2021-03-05,2369,72301,1411,32870,947,39420,11,11,1473,26187,895,23033,1484,49220,California
Yolo,2021-03-06,1491,73792,1136,34006,326,39746,29,40,850,26428,638,23671,879,50099,California
Yolo,2021-03-07,918,74710,680,34686,224,39970,14,54,782,27088,136,23807,796,50895,California
Yolo,2021-03-08,1104,75814,494,35180,567,40537,43,97,773,27575,330,24137,817,51712,California
Yolo,2021-03-09,1279,77093,691,35871,525,41062,63,160,784,27929,493,24630,847,52559,California
Yolo,2021-03-10,1826,78919,1061,36932,473,41535,292,452,758,27909,1063,25693,1043,53602,California
Yolo,2021-03-11,2355,81274,1604,38536,685,42220,66,518,1612,28846,742,26435,1679,55281,California
Yolo,2021-03-12,2923,84197,1360,39896,1482,43702,81,599,1378,28771,1535,27970,1460,56741,California
Yolo,2021-03-13,1852,86049,735,40631,941,44643,176,775,1003,29104,846,28816,1179,57920,California
Yolo,2021-03-14,1016,87065,213,40844,652,45295,151,926,525,29284,490,29306,670,58590,California
Yolo,2021-03-15,1322,88387,767,41611,376,45671,179,1105,709,29557,611,29917,884,59474,California
Yolo,2021-03-16,1885,90272,724,42335,1089,46760,72,1177,1117,29978,768,30685,1189,60663,California
Yolo,2021-03-17,2527,92799,987,43322,1467,48227,73,1250,1732,31023,791,31476,1836,62499,California
Yolo,2021-03-18,3045,95844,1041,44363,1778,50005,226,1476,1261,30730,1780,33256,1487,63986,California
Yolo,2021-03-19,2105,97949,877,45240,1159,51164,69,1545,1086,30872,1013,34269,1155,65141,California
Yolo,2021-03-20,2780,100729,820,46060,1918,53082,42,1587,1097,30336,1677,35946,1141,66282,California
Yolo,2021-03-21,317,101046,215,46275,94,53176,8,1595,209,30446,107,36053,217,66499,California
Yolo,2021-03-22,1409,102455,496,46771,855,54031,58,1653,922,30941,484,36537,979,67478,California
Yolo,2021-03-23,1762,104217,950,47721,755,54786,57,1710,1084,31404,677,37214,1140,68618,California
Yolo,2021-03-24,2884,107101,1408,49129,1426,56212,50,1760,1399,31382,1472,38686,1450,70068,California
Yolo,2021-03-25,2558,109659,1422,50551,1107,57319,29,1789,1260,31384,1287,39973,1289,71357,California
Yolo,2021-03-26,2412,112071,1265,51816,1127,58446,20,1809,1027,31052,1378,41351,1046,72403,California
Yolo,2021-03-27,1660,113731,458,52274,1184,59630,18,1827,753,30917,906,42257,771,73174,California
Yolo,2021-03-28,1110,114841,866,53140,225,59855,19,1846,254,30337,852,43109,272,73446,California
Yolo,2021-03-29,2030,116871,825,53965,1175,61030,30,1876,966,30273,1060,44169,996,74442,California
Yolo,2021-03-30,2288,119159,1086,55051,1180,62210,22,1898,1169,30351,1114,45283,1192,75634,California
Yolo,2021-03-31,2356,121515,1227,56278,1092,63302,37,1935,1179,30391,1176,46459,1216,76850,California
Yolo,2021-04-01,3855,125370,1864,58142,1515,64817,476,2411,1609,30232,2243,48702,2084,78934,California
Yolo,2021-04-02,3405,128775,1526,59668,1733,66550,146,2557,2107,31194,1291,49993,2253,81187,California
Yolo,2021-04-03,1826,130601,1104,60772,501,67051,221,2778,807,31204,1018,51011,1028,82215,California
Yolo,2021-04-04,395,130996,157,60929,177,67228,61,2839,147,31164,248,51259,208,82423,California
Yolo,2021-04-05,1921,132917,737,61666,1084,68312,100,2939,1021,31391,895,52154,1122,83545,California
Yolo,2021-04-06,2590,135507,1318,62984,1102,69414,170,3109,1309,31598,1271,53425,1478,85023,California
Yolo,2021-04-07,2993,138500,1518,64502,1119,70533,356,3465,1924,32818,1064,54489,2284,87307,California
Yolo,2021-04-08,2431,140931,1010,65512,946,71479,475,3940,1031,32923,1397,55886,1502,88809,California
Yolo,2021-04-09,2598,143529,922,66434,1095,72574,581,4521,854,32609,1741,57627,1427,90236,California
Yolo,2021-04-10,1764,145293,830,67264,751,73325,183,4704,1040,33111,720,58347,1222,91458,California
Yolo,2021-04-11,895,146188,286,67550,565,73890,44,4748,368,32999,524,58871,412,91870,California
Yolo,2021-04-12,1773,147961,529,68079,1102,74992,142,4890,1099,33570,671,59542,1242,93112,California
Yolo,2021-04-13,1994,149955,920,68999,1074,76066,0,4890,1047,33671,946,60488,1047,94159,California
Yolo,2021-04-14,2803,152758,773,69772,2030,78096,0,4890,1382,33638,1415,61903,1382,95541,California
Yolo,2021-04-15,3351,156109,1139,70911,2212,80308,0,4890,2295,34883,1050,62953,2295,97836,California
Yolo,2021-04-16,3096,159205,1998,72909,1098,81406,0,4890,1981,35757,1107,64060,1981,99817,California
Yolo,2021-04-17,1628,160833,479,73388,1149,82555,0,4890,849,35830,776,64836,849,100666,California
Yolo,2021-04-18,647,161480,319,73707,328,82883,0,4890,363,35913,280,65116,363,101029,California
Yolo,2021-04-19,1692,163172,731,74438,960,83843,1,4891,781,35789,906,66022,782,101811,California
Yolo,2021-04-20,2057,165229,1057,75495,1000,84843,0,4891,1091,35916,964,66986,1091,102902,California
Yolo,2021-04-21,2066,167295,1059,76554,1007,85850,0,4891,1114,36083,947,67933,1114,104016,California
Yolo,2021-04-22,1985,169280,914,77468,1071,86921,0,4891,981,36067,998,68931,982,104998,California
Yolo,2021-04-23,2651,171931,1562,79030,1089,88010,0,4891,1164,35755,1476,70407,1164,106162,California
Yolo,2021-04-24,1173,173104,647,79677,523,88533,3,4894,462,35517,703,71110,465,106627,California
Yolo,2021-04-25,951,174055,406,80083,545,89078,0,4894,728,36023,222,71332,728,107355,California
Yolo,2021-04-26,1243,175298,497,80580,743,89821,3,4897,528,35843,712,72044,532,107887,California
Yolo,2021-04-27,1561,176859,735,81315,807,90628,19,4916,609,35521,952,72996,630,108517,California
Yolo,2021-04-28,2068,178927,1028,82343,1013,91641,27,4943,750,34984,1314,74310,777,109294,California
Yolo,2021-04-29,1790,180717,854,83197,853,92494,83,5026,710,34699,1076,75386,791,110085,California
Yolo,2021-04-30,2037,182754,1020,84217,958,93452,59,5085,975,34677,1055,76441,1033,111118,California
Yolo,2021-05-01,1287,184041,998,85215,269,93721,20,5105,377,34165,909,77350,397,111515,California
Yolo,2021-05-02,522,184563,428,85643,71,93792,23,5128,324,34314,198,77548,347,111862,California
Yolo,2021-05-03,1122,185685,405,86048,683,94475,34,5162,300,33827,820,78368,333,112195,California
Yolo,2021-05-04,1473,187158,686,86734,762,95237,25,5187,510,33403,959,79327,535,112730,California
Yolo,2021-05-05,1592,188750,457,87191,1069,96306,66,5253,460,32804,1125,80452,526,113256,California
Yolo,2021-05-06,1525,190275,712,87903,731,97037,82,5335,500,32375,1011,81463,582,113838,California
Yolo,2021-05-07,2325,192600,1402,89305,872,97909,51,5386,466,31039,1851,83314,515,114353,California
Yolo,2021-05-08,852,193452,376,89681,420,98329,56,5442,322,30888,527,83841,376,114729,California
Yolo,2021-05-09,403,193855,172,89853,218,98547,13,5455,92,30683,310,84151,105,114834,California
Yolo,2021-05-10,908,194763,360,90213,503,99050,45,5500,154,30129,752,84903,198,115032,California
Yolo,2021-05-11,1178,195941,696,90909,460,99510,22,5522,294,29567,878,85781,316,115348,California
Yolo,2021-05-12,1583,197524,716,91625,834,100344,33,5555,308,28639,1272,87053,344,115692,California
Yolo,2021-05-13,2181,199705,860,92485,1266,101610,55,5610,646,27809,1531,88584,701,116393,California
Yolo,2021-05-14,2033,201738,1517,94002,485,102095,31,5641,1150,28110,880,89464,1181,117574,California
Yolo,2021-05-15,1279,203017,733,94735,499,102594,47,5688,661,28200,618,90082,708,118282,California
Yolo,2021-05-16,1450,204467,1239,95974,204,102798,7,5695,1013,28788,432,90514,1020,119302,California
Yolo,2021-05-17,1137,205604,445,96419,674,103472,18,5713,352,28377,781,91295,370,119672,California
Yolo,2021-05-18,1693,207297,1109,97528,562,104034,22,5735,912,28535,776,92071,934,120606,California
Yolo,2021-05-19,1007,208304,586,98114,382,104416,39,5774,483,28535,522,92593,522,121128,California
Yolo,2021-05-20,1099,209403,700,98814,373,104789,26,5800,380,28228,713,93306,406,121534,California
Yolo,2021-05-21,1440,210843,931,99745,482,105271,27,5827,361,27541,1073,94379,386,121920,California
Yolo,2021-05-22,824,211667,540,100285,276,105547,8,5835,282,27296,536,94915,291,122211,California
Yolo,2021-05-23,615,212282,164,100449,435,105982,16,5851,106,26911,508,95423,123,122334,California
Yolo,2021-05-24,706,212988,349,100798,337,106319,20,5871,219,26667,484,95907,240,122574,California
Yolo,2021-05-25,882,213870,510,101308,349,106668,23,5894,340,26494,536,96443,363,122937,California
Yolo,2021-05-26,822,214692,272,101580,517,107185,33,5927,252,26213,566,97009,285,123222,California
Yolo,2021-05-27,759,215451,380,101960,328,107513,51,5978,303,26115,452,97461,354,123576,California
Yolo,2021-05-28,878,216329,400,102360,449,107962,29,6007,377,26023,497,97958,405,123981,California
Yolo,2021-05-29,601,216930,349,102709,216,108178,36,6043,273,26004,325,98283,306,124287,California
Yolo,2021-05-30,136,217066,71,102780,58,108236,7,6050,55,25987,79,98362,62,124349,California
Yolo,2021-05-31,67,217133,18,102798,47,108283,2,6052,15,25951,52,98414,16,124365,California
Yolo,2021-06-01,757,217890,327,103125,405,108688,25,6077,246,25717,505,98919,271,124636,California
Yolo,2021-06-02,763,218653,306,103431,436,109124,21,6098,235,25448,525,99444,256,124892,California
Yolo,2021-06-03,930,219583,592,104023,314,109438,24,6122,216,24977,711,100155,240,125132,California
Yolo,2021-06-04,1494,221077,1215,105238,256,109694,23,6145,380,24269,1110,101265,402,125534,California
Yolo,2021-06-05,719,221796,548,105786,154,109848,17,6162,149,23865,570,101835,166,125700,California
Yolo,2021-06-06,1109,222905,1045,106831,57,109905,7,6169,156,23076,952,102787,163,125863,California
Yolo,2021-06-07,516,223421,271,107102,226,110131,19,6188,149,22881,363,103150,168,126031,California
Yolo,2021-06-08,1044,224465,814,107916,212,110343,18,6206,200,22256,843,103993,218,126249,California
Yolo,2021-06-09,792,225257,492,108408,269,110612,31,6237,260,22017,529,104522,290,126539,California
Yolo,2021-06-10,571,225828,361,108769,177,110789,33,6270,167,21815,402,104924,200,126739,California
Yolo,2021-06-11,656,226484,449,109218,183,110972,24,6294,195,21575,459,105383,219,126958,California
Yolo,2021-06-12,483,226967,278,109496,180,111152,25,6319,146,21411,335,105718,171,127129,California
Yolo,2021-06-13,155,227122,116,109612,38,111190,1,6320,63,21385,91,105809,65,127194,California
Yolo,2021-06-14,410,227532,253,109865,124,111314,33,6353,132,21274,277,106086,166,127360,California
Yolo,2021-06-15,773,228305,399,110264,348,111662,26,6379,302,21134,468,106554,328,127688,California
Yolo,2021-06-16,472,228777,239,110503,191,111853,42,6421,166,21036,304,106858,206,127894,California
Yolo,2021-06-17,496,229273,316,110819,125,111978,55,6476,172,20941,322,107180,227,128121,California
Yolo,2021-06-18,551,229824,394,111213,135,112113,22,6498,212,20838,336,107516,233,128354,California
Yolo,2021-06-19,322,230146,208,111421,98,112211,16,6514,117,20767,204,107720,133,128487,California
Yolo,2021-06-20,114,230260,74,111495,36,112247,4,6518,62,20784,50,107770,67,128554,California
Yolo,2021-06-21,204,230464,88,111583,97,112344,19,6537,111,20822,92,107862,130,128684,California
Yolo,2021-06-22,523,230987,296,111879,209,112553,18,6555,244,20807,277,108139,262,128946,California
Yolo,2021-06-23,365,231352,206,112085,143,112696,16,6571,146,20753,216,108355,162,129108,California
Yolo,2021-06-24,384,231736,243,112328,102,112798,39,6610,168,20745,215,108570,207,129315,California
Yolo,2021-06-25,548,232284,385,112713,119,112917,44,6654,190,20623,356,108926,234,129549,California
Yolo,2021-06-26,268,232552,164,112877,83,113000,21,6675,109,20595,157,109083,129,129678,California
Yolo,2021-06-27,178,232730,141,113018,32,113032,5,6680,64,20549,114,109197,68,129746,California
Yolo,2021-06-28,157,232887,85,113103,47,113079,25,6705,77,20571,80,109277,102,129848,California
Yuba,2020-12-16,4,4,4,4,0,0,0,0,4,4,0,0,4,4,California
Yuba,2020-12-17,4,8,4,8,0,0,0,0,4,8,0,0,4,8,California
Yuba,2020-12-18,8,16,8,16,0,0,0,0,8,16,0,0,8,16,California
Yuba,2020-12-19,12,28,12,28,0,0,0,0,12,28,0,0,12,28,California
Yuba,2020-12-20,19,47,19,47,0,0,0,0,19,47,0,0,19,47,California
Yuba,2020-12-21,41,88,41,88,0,0,0,0,41,88,0,0,41,88,California
Yuba,2020-12-22,86,174,86,174,0,0,0,0,86,174,0,0,86,174,California
Yuba,2020-12-23,65,239,63,237,2,2,0,0,65,239,0,0,65,239,California
Yuba,2020-12-24,20,259,10,247,10,12,0,0,20,259,0,0,20,259,California
Yuba,2020-12-25,1,260,1,248,0,12,0,0,1,260,0,0,1,260,California
Yuba,2020-12-26,13,273,12,260,1,13,0,0,13,273,0,0,13,273,California
Yuba,2020-12-27,15,288,15,275,0,13,0,0,15,288,0,0,15,288,California
Yuba,2020-12-28,51,339,35,310,16,29,0,0,51,339,0,0,51,339,California
Yuba,2020-12-29,75,414,10,320,65,94,0,0,75,414,0,0,75,414,California
Yuba,2020-12-30,63,477,20,340,43,137,0,0,63,477,0,0,63,477,California
Yuba,2020-12-31,40,517,7,347,33,170,0,0,40,517,0,0,40,517,California
Yuba,2021-01-02,23,540,22,369,1,171,0,0,23,540,0,0,23,540,California
Yuba,2021-01-03,10,550,6,375,4,175,0,0,10,550,0,0,10,550,California
Yuba,2021-01-04,92,642,23,398,69,244,0,0,92,642,0,0,92,642,California
Yuba,2021-01-05,71,713,39,437,32,276,0,0,70,711,1,1,70,712,California
Yuba,2021-01-06,154,867,76,513,78,354,0,0,148,853,6,7,148,860,California
Yuba,2021-01-07,74,941,19,532,55,409,0,0,71,920,4,11,71,931,California
Yuba,2021-01-08,73,1014,24,556,49,458,0,0,66,979,7,18,66,997,California
Yuba,2021-01-09,19,1033,16,572,3,461,0,0,11,982,8,26,11,1008,California
Yuba,2021-01-10,117,1150,22,594,95,556,0,0,95,1055,22,48,95,1103,California
Yuba,2021-01-11,73,1223,50,644,23,579,0,0,33,1048,40,88,33,1136,California
Yuba,2021-01-12,109,1332,79,723,30,609,0,0,44,1027,65,153,44,1180,California
Yuba,2021-01-13,119,1451,72,795,47,656,0,0,54,1017,64,217,54,1234,California
Yuba,2021-01-14,114,1565,44,839,70,726,0,0,102,1107,12,229,102,1336,California
Yuba,2021-01-15,203,1768,85,924,118,844,0,0,193,1290,10,239,193,1529,California
Yuba,2021-01-16,188,1956,21,945,167,1011,0,0,176,1453,13,252,176,1705,California
Yuba,2021-01-17,13,1969,9,954,4,1015,0,0,7,1454,6,258,7,1712,California
Yuba,2021-01-18,61,2030,32,986,29,1044,0,0,36,1465,25,283,36,1748,California
Yuba,2021-01-19,80,2110,30,1016,50,1094,0,0,65,1515,15,298,65,1813,California
Yuba,2021-01-20,133,2243,86,1102,47,1141,0,0,110,1602,23,321,110,1923,California
Yuba,2021-01-21,223,2466,105,1207,118,1259,0,0,213,1805,10,331,213,2136,California
Yuba,2021-01-22,106,2572,6,1213,100,1359,0,0,97,1893,9,340,97,2233,California
Yuba,2021-01-23,199,2771,7,1220,192,1551,0,0,197,2088,2,342,197,2430,California
Yuba,2021-01-24,10,2781,7,1227,3,1554,0,0,8,2094,2,344,8,2438,California
Yuba,2021-01-25,86,2867,30,1257,56,1610,0,0,53,2115,32,376,53,2491,California
Yuba,2021-01-26,149,3016,41,1298,108,1718,0,0,90,2146,59,435,90,2581,California
Yuba,2021-01-27,185,3201,129,1427,56,1774,0,0,117,2195,68,503,117,2698,California
Yuba,2021-01-28,227,3428,89,1516,138,1912,0,0,176,2320,51,554,176,2874,California
Yuba,2021-01-29,150,3578,46,1562,104,2016,0,0,111,2392,39,593,111,2985,California
Yuba,2021-01-30,409,3987,23,1585,386,2402,0,0,398,2779,11,604,398,3383,California
Yuba,2021-01-31,18,4005,12,1597,6,2408,0,0,16,2793,2,606,16,3399,California
Yuba,2021-02-01,154,4159,74,1671,80,2488,0,0,130,2901,23,629,131,3530,California
Yuba,2021-02-02,128,4287,23,1694,105,2593,0,0,104,2981,24,653,104,3634,California
Yuba,2021-02-03,228,4515,30,1724,198,2791,0,0,116,2986,111,764,116,3750,California
Yuba,2021-02-04,297,4812,120,1844,177,2968,0,0,252,3193,45,809,252,4002,California
Yuba,2021-02-05,147,4959,32,1876,115,3083,0,0,71,3188,76,885,71,4073,California
Yuba,2021-02-06,451,5410,26,1902,425,3508,0,0,443,3623,8,893,443,4516,California
Yuba,2021-02-07,20,5430,13,1915,7,3515,0,0,16,3635,4,897,16,4532,California
Yuba,2021-02-08,97,5527,34,1949,63,3578,0,0,65,3668,32,929,65,4597,California
Yuba,2021-02-09,155,5682,56,2005,99,3677,0,0,85,3683,70,999,85,4682,California
Yuba,2021-02-10,362,6044,177,2182,185,3862,0,0,121,3565,239,1238,121,4803,California
Yuba,2021-02-11,405,6449,68,2250,337,4199,0,0,301,3764,102,1340,301,5104,California
Yuba,2021-02-12,269,6718,28,2278,241,4440,0,0,152,3799,117,1457,152,5256,California
Yuba,2021-02-13,438,7156,36,2314,402,4842,0,0,387,4135,51,1508,387,5643,California
Yuba,2021-02-14,52,7208,10,2324,42,4884,0,0,47,4177,5,1513,47,5690,California
Yuba,2021-02-15,89,7297,36,2360,53,4937,0,0,69,4226,20,1533,69,5759,California
Yuba,2021-02-16,202,7499,54,2414,148,5085,0,0,143,4311,58,1591,143,5902,California
Yuba,2021-02-17,376,7875,156,2570,220,5305,0,0,99,4134,276,1867,99,6001,California
Yuba,2021-02-18,323,8198,48,2618,275,5580,0,0,196,4203,127,1994,196,6197,California
Yuba,2021-02-19,229,8427,84,2702,145,5725,0,0,143,4260,86,2080,143,6340,California
Yuba,2021-02-20,395,8822,31,2733,364,6089,0,0,338,4542,56,2136,338,6678,California
Yuba,2021-02-21,18,8840,14,2747,4,6093,0,0,8,4540,10,2146,8,6686,California
Yuba,2021-02-22,129,8969,79,2826,50,6143,0,0,38,4488,90,2236,38,6724,California
Yuba,2021-02-23,117,9086,25,2851,92,6235,0,0,49,4471,67,2303,50,6774,California
Yuba,2021-02-24,484,9570,137,2988,347,6582,0,0,108,4203,376,2679,108,6882,California
Yuba,2021-02-25,346,9916,140,3128,206,6788,0,0,216,4289,130,2809,216,7098,California
Yuba,2021-02-26,261,10177,69,3197,192,6980,0,0,145,4320,114,2923,145,7243,California
Yuba,2021-02-27,474,10651,47,3244,427,7407,0,0,386,4620,86,3009,386,7629,California
Yuba,2021-02-28,72,10723,23,3267,49,7456,0,0,48,4644,24,3033,48,7677,California
Yuba,2021-03-01,161,10884,42,3309,119,7575,0,0,81,4646,79,3112,81,7758,California
Yuba,2021-03-02,160,11044,36,3345,124,7699,0,0,80,4646,80,3192,80,7838,California
Yuba,2021-03-03,629,11673,160,3505,469,8168,0,0,201,4420,427,3619,201,8039,California
Yuba,2021-03-04,470,12143,273,3778,197,8365,0,0,327,4605,142,3761,327,8366,California
Yuba,2021-03-05,326,12469,61,3839,264,8629,1,1,258,4796,68,3829,259,8625,California
Yuba,2021-03-06,475,12944,35,3874,436,9065,4,5,368,5062,106,3935,372,8997,California
Yuba,2021-03-07,51,12995,28,3902,22,9087,1,6,36,5084,15,3950,37,9034,California
Yuba,2021-03-08,158,13153,48,3950,94,9181,16,22,99,5140,59,4009,115,9149,California
Yuba,2021-03-09,178,13331,47,3997,111,9292,20,42,84,5150,94,4103,104,9253,California
Yuba,2021-03-10,737,14068,235,4232,472,9764,30,72,234,4912,502,4605,264,9517,California
Yuba,2021-03-11,436,14504,196,4428,228,9992,12,84,293,5074,143,4748,305,9822,California
Yuba,2021-03-12,467,14971,87,4515,327,10319,53,137,155,4970,312,5060,208,10030,California
Yuba,2021-03-13,464,15435,338,4853,111,10430,15,152,366,5254,97,5157,381,10411,California
Yuba,2021-03-14,107,15542,21,4874,76,10506,10,162,46,5251,59,5216,56,10467,California
Yuba,2021-03-15,193,15735,50,4924,127,10633,16,178,98,5270,95,5311,114,10581,California
Yuba,2021-03-16,296,16031,72,4996,200,10833,24,202,184,5367,111,5422,208,10789,California
Yuba,2021-03-17,748,16779,164,5160,553,11386,31,233,197,5047,548,5970,228,11017,California
Yuba,2021-03-18,588,17367,161,5321,314,11700,113,346,357,5285,231,6201,469,11486,California
Yuba,2021-03-19,334,17701,120,5441,160,11860,54,400,187,5379,146,6347,240,11726,California
Yuba,2021-03-20,553,18254,80,5521,455,12315,18,418,473,5791,79,6426,491,12217,California
Yuba,2021-03-21,61,18315,36,5557,25,12340,0,418,48,5826,13,6439,48,12265,California
Yuba,2021-03-22,191,18506,70,5627,114,12454,7,425,149,5940,42,6481,156,12421,California
Yuba,2021-03-23,264,18770,79,5706,159,12613,26,451,178,6060,84,6565,204,12625,California
Yuba,2021-03-24,772,19542,255,5961,436,13049,81,532,187,5745,583,7148,268,12893,California
Yuba,2021-03-25,507,20049,270,6231,215,13264,22,554,254,5768,253,7401,276,13169,California
Yuba,2021-03-26,399,20448,144,6375,226,13490,29,583,226,5851,172,7573,255,13424,California
Yuba,2021-03-27,460,20908,28,6403,429,13919,3,586,405,6204,54,7627,407,13831,California
Yuba,2021-03-28,101,21009,42,6445,55,13974,4,590,34,6175,67,7694,38,13869,California
Yuba,2021-03-29,296,21305,86,6531,178,14152,32,622,179,6269,117,7811,211,14080,California
Yuba,2021-03-30,274,21579,69,6600,197,14349,8,630,189,6381,85,7896,197,14277,California
Yuba,2021-03-31,677,22256,115,6715,550,14899,12,642,244,6206,431,8327,256,14533,California
Yuba,2021-04-01,627,22883,290,7005,307,15206,30,672,292,6193,335,8662,322,14855,California
Yuba,2021-04-02,502,23385,95,7100,324,15530,83,755,185,6144,316,8978,267,15122,California
Yuba,2021-04-03,654,24039,55,7155,117,15647,482,1237,87,6147,566,9544,569,15691,California
Yuba,2021-04-04,59,24098,10,7165,42,15689,7,1244,32,6159,27,9571,39,15730,California
Yuba,2021-04-05,245,24343,79,7244,145,15834,21,1265,124,6184,119,9690,144,15874,California
Yuba,2021-04-06,358,24701,115,7359,182,16016,61,1326,173,6233,184,9874,233,16107,California
Yuba,2021-04-07,787,25488,407,7766,327,16343,53,1379,359,6219,425,10299,411,16518,California
Yuba,2021-04-08,753,26241,291,8057,197,16540,265,1644,282,6295,470,10769,546,17064,California
Yuba,2021-04-09,406,26647,173,8230,166,16706,67,1711,171,6299,234,11003,238,17302,California
Yuba,2021-04-10,601,27248,72,8302,81,16787,448,2159,71,6289,528,11531,518,17820,California
Yuba,2021-04-11,102,27350,24,8326,66,16853,12,2171,43,6286,58,11589,55,17875,California
Yuba,2021-04-12,212,27562,45,8371,137,16990,30,2201,80,6264,131,11720,109,17984,California
Yuba,2021-04-13,400,27962,104,8475,296,17286,0,2201,203,6271,196,11916,203,18187,California
Yuba,2021-04-14,715,28677,109,8584,606,17892,0,2201,128,5813,586,12502,128,18315,California
Yuba,2021-04-15,346,29023,135,8719,211,18103,0,2201,150,5767,196,12698,150,18465,California
Yuba,2021-04-16,342,29365,100,8819,242,18345,0,2201,181,5789,159,12857,181,18646,California
Yuba,2021-04-17,406,29771,60,8879,346,18691,0,2201,334,6052,71,12928,334,18980,California
Yuba,2021-04-18,64,29835,19,8898,45,18736,0,2201,32,6053,31,12959,32,19012,California
Yuba,2021-04-19,247,30082,102,9000,145,18881,0,2201,104,6014,143,13102,104,19116,California
Yuba,2021-04-20,341,30423,103,9103,238,19119,0,2201,187,6051,151,13253,188,19304,California
Yuba,2021-04-21,741,31164,322,9425,419,19538,0,2201,321,5952,420,13673,321,19625,California
Yuba,2021-04-22,376,31540,153,9578,223,19761,0,2201,208,5992,168,13841,208,19833,California
Yuba,2021-04-23,363,31903,127,9705,236,19997,0,2201,173,5977,188,14029,173,20006,California
Yuba,2021-04-24,217,32120,69,9774,148,20145,0,2201,123,6006,94,14123,123,20129,California
Yuba,2021-04-25,72,32192,30,9804,42,20187,0,2201,35,6004,37,14160,35,20164,California
Yuba,2021-04-26,249,32441,66,9870,179,20366,4,2205,114,5987,135,14295,118,20282,California
Yuba,2021-04-27,489,32930,172,10042,307,20673,10,2215,243,5996,244,14539,253,20535,California
Yuba,2021-04-28,450,33380,189,10231,256,20929,5,2220,155,5867,289,14828,160,20695,California
Yuba,2021-04-29,453,33833,89,10320,363,21292,1,2221,162,5740,290,15118,163,20858,California
Yuba,2021-04-30,346,34179,108,10428,208,21500,30,2251,151,5728,193,15311,181,21039,California
Yuba,2021-05-01,207,34386,91,10519,97,21597,19,2270,93,5727,113,15424,112,21151,California
Yuba,2021-05-02,70,34456,39,10558,27,21624,4,2274,38,5737,32,15456,42,21193,California
Yuba,2021-05-03,164,34620,65,10623,90,21714,9,2283,51,5686,111,15567,60,21253,California
Yuba,2021-05-04,339,34959,107,10730,211,21925,21,2304,149,5666,190,15757,170,21423,California
Yuba,2021-05-05,333,35292,95,10825,231,22156,7,2311,117,5574,216,15973,124,21547,California
Yuba,2021-05-06,303,35595,126,10951,139,22295,38,2349,102,5516,198,16171,140,21687,California
Yuba,2021-05-07,360,35955,99,11050,233,22528,28,2377,117,5418,242,16413,144,21831,California
Yuba,2021-05-08,129,36084,56,11106,70,22598,3,2380,55,5402,74,16487,58,21889,California
Yuba,2021-05-09,54,36138,24,11130,27,22625,3,2383,33,5417,21,16508,36,21925,California
Yuba,2021-05-10,174,36312,57,11187,99,22724,18,2401,54,5370,119,16627,72,21997,California
Yuba,2021-05-11,387,36699,176,11363,197,22921,14,2415,141,5280,244,16871,154,22151,California
Yuba,2021-05-12,277,36976,147,11510,122,23043,8,2423,104,5219,173,17044,112,22263,California
Yuba,2021-05-13,364,37340,196,11706,125,23168,43,2466,111,5123,250,17294,154,22417,California
Yuba,2021-05-14,366,37706,138,11844,208,23376,20,2486,152,5080,214,17508,171,22588,California
Yuba,2021-05-15,435,38141,112,11956,302,23678,21,2507,112,4891,321,17829,132,22720,California
Yuba,2021-05-16,147,38288,52,12008,86,23764,9,2516,91,4936,55,17884,100,22820,California
Yuba,2021-05-17,218,38506,91,12099,107,23871,20,2536,91,4922,125,18009,111,22931,California
Yuba,2021-05-18,393,38899,162,12261,222,24093,9,2545,165,4868,228,18237,174,23105,California
Yuba,2021-05-19,260,39159,144,12405,110,24203,6,2551,128,4870,132,18369,134,23239,California
Yuba,2021-05-20,433,39592,305,12710,116,24319,12,2563,259,4968,173,18542,271,23510,California
Yuba,2021-05-21,517,40109,271,12981,238,24557,8,2571,306,5073,209,18751,314,23824,California
Yuba,2021-05-22,225,40334,120,13101,96,24653,9,2580,92,5041,133,18884,101,23925,California
Yuba,2021-05-23,73,40407,41,13142,30,24683,2,2582,37,5045,35,18919,39,23964,California
Yuba,2021-05-24,164,40571,55,13197,92,24775,17,2599,48,4996,115,19034,66,24030,California
Yuba,2021-05-25,317,40888,110,13307,190,24965,17,2616,113,4923,202,19236,129,24159,California
Yuba,2021-05-26,230,41118,98,13405,116,25081,16,2632,83,4876,146,19382,99,24258,California
Yuba,2021-05-27,246,41364,76,13481,159,25240,11,2643,97,4838,146,19528,108,24366,California
Yuba,2021-05-28,248,41612,111,13592,130,25370,7,2650,118,4835,128,19656,125,24491,California
Yuba,2021-05-29,164,41776,68,13660,74,25444,22,2672,88,4870,75,19731,110,24601,California
Yuba,2021-05-30,51,41827,21,13681,25,25469,5,2677,20,4864,31,19762,25,24626,California
Yuba,2021-05-31,30,41857,3,13684,20,25489,7,2684,10,4861,20,19782,17,24643,California
Yuba,2021-06-01,246,42103,107,13791,132,25621,7,2691,83,4791,159,19941,89,24732,California
Yuba,2021-06-02,201,42304,82,13873,112,25733,7,2698,60,4720,140,20081,69,24801,California
Yuba,2021-06-03,179,42483,105,13978,68,25801,6,2704,65,4678,113,20194,71,24872,California
Yuba,2021-06-04,242,42725,120,14098,113,25914,9,2713,80,4605,162,20356,89,24961,California
Yuba,2021-06-05,198,42923,149,14247,43,25957,6,2719,88,4590,109,20465,94,25055,California
Yuba,2021-06-06,105,43028,89,14336,13,25970,3,2722,20,4529,84,20549,23,25078,California
Yuba,2021-06-07,118,43146,50,14386,52,26022,16,2738,38,4503,80,20629,54,25132,California
Yuba,2021-06-08,243,43389,113,14499,123,26145,7,2745,70,4409,171,20800,77,25209,California
Yuba,2021-06-09,171,43560,104,14603,61,26206,6,2751,74,4393,96,20896,80,25289,California
Yuba,2021-06-10,377,43937,302,14905,66,26272,9,2760,93,4213,282,21178,102,25391,California
Yuba,2021-06-11,329,44266,235,15140,82,26354,12,2772,66,4029,263,21441,79,25470,California
Yuba,2021-06-12,132,44398,89,15229,37,26391,6,2778,37,3977,95,21536,43,25513,California
Yuba,2021-06-13,47,44445,22,15251,22,26413,3,2781,13,3959,34,21570,16,25529,California
Yuba,2021-06-14,111,44556,53,15304,48,26461,10,2791,30,3919,80,21650,40,25569,California
Yuba,2021-06-15,241,44797,98,15402,135,26596,8,2799,89,3866,150,21800,97,25666,California
Yuba,2021-06-16,153,44950,91,15493,51,26647,11,2810,72,3871,78,21878,83,25749,California
Yuba,2021-06-17,194,45144,113,15606,69,26716,12,2822,83,3855,111,21989,95,25844,California
Yuba,2021-06-18,223,45367,111,15717,90,26806,22,2844,70,3796,151,22140,92,25936,California
Yuba,2021-06-19,140,45507,71,15788,62,26868,7,2851,37,3737,103,22243,44,25980,California
Yuba,2021-06-20,33,45540,19,15807,11,26879,3,2854,13,3733,20,22263,16,25996,California
Yuba,2021-06-21,86,45626,38,15845,39,26918,9,2863,41,3741,41,22304,49,26045,California
Yuba,2021-06-22,172,45798,73,15918,89,27007,10,2873,69,3718,102,22406,79,26124,California
Yuba,2021-06-23,113,45911,65,15983,43,27050,5,2878,48,3706,65,22471,53,26177,California
Yuba,2021-06-24,131,46042,81,16064,44,27094,6,2884,54,3689,77,22548,60,26237,California
Yuba,2021-06-25,151,46193,83,16147,62,27156,6,2890,68,3680,83,22631,74,26311,California
Yuba,2021-06-26,132,46325,104,16251,26,27182,2,2892,44,3638,88,22719,46,26357,California
Yuba,2021-06-27,66,46391,44,16295,20,27202,2,2894,36,3646,30,22749,38,26395,California
Yuba,2021-06-28,32,46423,8,16303,22,27224,2,2896,9,3634,23,22772,11,26406,California
